0 4862.416127875447 737.4495019763708 2442.198055043817 843.2004760429263 297.8794761747122 149.072327695787 217.4585809186101 142.9335834905505 528.3467894494534 341.5585362389684 105.306146800518 349.8896202072501 147.6606502383947 8.835442952811718 9.066164277493954 0.7024095952510834 0.2650060951709747 0 0 1.286323443055153 0 0 0 0 0 0 0 0 0 406.5341103598475 15.5186997205019 3.232218392193317 0 0 0 9.337123773992062 0.6011273264884949 1.746037647128105 0.7657134830951691 0.4257629066705704 0.4007640555500984 0.1165876910090446 0.6045179590582848 0 0 22.24298398941755 12.01335517317057 0 0.5294121354818344 1.099596157670021 0.1462726593017578 0 0 19.29977153241634 16.69687569886446 462.5683765038848 2522.037683226168 41.68283040821552 21.21685143560171 0 0 0 5.477373540401459 9.597808972001076 5.161508657038212 1.408078134059906 0.6907606869935989 0.5728441625833511 1.641524463891983 14.66256644576788 4.260379537940025 0 304.0791601762176 137.5525758713484 23.64362926036119 3.132190376520157 3.037706673145294 0.4853617250919342 95.91349086910486 2.279837049543858 11.94144500792027 30.30692510306835 2.218201451003551 18.54403007775545 10.95965051651001 5.067626714706421 0.1469351053237915 3.697481542825699 0.2947358042001724 1.009123653173447 0 0.4049196690320969 0.2870419844985008 0.1617074310779572 297.0515938252211 7.973566055297852 0 0 758.3883516639471 0 0 0 0 0.3704426884651184 1.895188182592392 0.3157118856906891 0 35.19709441065788 0 0 1.241950482130051 0.3748308420181274 0.69383305311203 0 0 0 0 0 0 0 0 0 0 0 0 0 0 0 0 0 0 0 0 0 0 0 0.1953977197408676 0 0 0 0 0.2123948633670807 0 0 0 0 0 0 0 0 0 0 0 0 0 0.459040641784668 0.1304731965065002 0 0 0.09905523806810379 0 0 0 0 0.3472872674465179 0 0 0 0 0 0 0 0 0 0 0.8956641852855682 0 0 0 0 0.4389325678348541 0 0.2515845000743866 0 0 0 0 0 0 0.4412673562765121 0.125350296497345 0 0 0.1375811994075775 0 0 0.6669677495956421 0 1.394510865211487 59.03708466887474 32.01923532783985 160.4578672721982 28.38790150731802 886.0443695187569 83.04655308276415 10.58458986878395 10.10089188814163 0.5403324961662292 0.4104289337992668 0.4468032568693161 0.1973144859075546 0.818938821554184 0 0 0 0.5234867334365845 0.7352913469076157
4862.416127875447 0 1186.629779919982 3711.257562711835 5871.443514756858 352.20202447474 2608.306539341807 191.9570224657655 2595.327107138932 445.0286417752504 541.729107670486 20.24577864259481 955.3378014191985 870.920084156096 20.25681640207767 6.046283043920994 1.74792106449604 0.7075247168540955 0 0 0.368933841586113 0 0 0 0.2492285966873169 0.3255951106548309 0 0 0.1962612718343735 0 2374.599478654563 10.93301346898079 3.471029877662659 0 0 0 11.30874284356833 0.1748029589653015 1.5925402790308 0 0.3704516291618347 0.1376636773347855 0 0.1226586997509003 0 0.3263330683112144 98.3903087079525 15.93569955229759 1.30537936091423 0.1102511584758759 3.11032947152853 0 0 0.2152000740170479 19.92579787969589 27.0658805668354 204.9141917005181 1124.645404458046 21.98074056953192 50.578021094203 0.6772739961743355 0.6372881829738617 0.1419512629508972 6.862015098333359 10.43153316527605 8.858012787997723 4.371951706707478 1.967238299548626 1.400295555591583 0.2735162228345871 8.531768500804901 0 0 202.4736900925636 148.8190791457891 84.85459004342556 6.477988116443157 3.769366659224033 1.136503882706165 55.46389304846525 1.40219060331583 5.168802052736282 43.25695909559727 4.572343073785305 29.56894211471081 19.23916573822498 9.172064110636711 0.6781089380383492 6.96290048211813 0.1174159869551659 1.659072384238243 0.2443792670965195 0.9322807416319847 0.666586622595787 1.265697292983532 42.67135393619537 0.4628903120756149 0 0 454.1322737261653 0 0 0 0 0.6498636454343796 46.10508924722672 2.340308308601379 0.4399241954088211 404.0109006613493 2.432187259197235 0 5.407483458518982 9.546576827764511 6.029556259512901 0 0 0 0 0 0 0 0 0 0 0 0 0 0.2400864660739899 0 0 0 0 0 0 0.7151168435811996 0.9828882217407227 0.4418476819992065 0.1477208137512207 0 0.459820419549942 0 1.235217407345772 0 0 0 0 0 0 0 0 0 0 0 0 0 0 0 0 0.2333552837371826 0 0.2173007801175117 0 0.7531341314315796 0 0 0 0 0 0 0 0 0 0.3130880147218704 0.1247643828392029 0 0 1.764990828931332 0 0 0 0 1.166886672377586 1.614795744419098 0.7276170253753662 0 0 0 0 0 0.4775961339473724 0 0.1215080395340919 0 0 0.165031760931015 0 0 7.355418160557747 0 0.4186816215515137 182.606715336442 52.92526786029339 361.0618041232228 49.86828055977821 867.0269716084003 88.61818101257086 12.79547055065632 24.34926050156355 3.705678209662437 0.3432576507329941 0.5727112591266632 0 7.255772218108177 0 0 0 11.65435914695263 0.6098910868167877
737.4495019763708 1186.629779919982 0 118.0079881027341 650.5519074946642 31.08109909296036 66.59976232796907 4719.929180696607 830.237178273499 13.40227490663528 2441.094770312309 17.177002646029 656.4107518941164 800.9362149685621 132.5643043965101 117.4821679592133 28.18905451148748 7.92466127872467 0.7663309723138809 18.25992581993341 17.95409063994884 0 1.735759913921356 0.235828697681427 1.336888685822487 2.04335879534483 0.652110680937767 1.100528463721275 0.8574875593185425 0.4186232388019562 4712.91320656985 2547.24357650429 26.7816117554903 4.841011956334114 2.407902702689171 0.9393585920333862 49.9937592074275 2.871634662151337 12.30702163279057 2.114666774868965 9.629091434180737 5.329619564116001 14.9087740406394 12.61994611471891 0.894884005188942 27.50672510266304 157.2981088012457 34.4257493391633 14.57478030771017 54.46205995976925 4.641837261617184 1.760225266218185 0.6454921588301659 2.090101696550846 13.88507029414177 20.06517569720745 142.8864162415266 1256.744641058147 17.58519618213177 49.46505218744278 49.39190776646137 17.50518991053104 2.304246425628662 78.84548391401768 9.4379987642169 11.780497148633 3.973239921033382 8.591597743332386 26.5563297867775 57.79476273059845 30.49877826869488 4.998721987009048 0 151.3304407373071 150.2711913883686 115.8514593318105 33.28593941032887 45.71178210526705 159.2371813431382 1077.154873810709 151.6298986971378 541.2417705282569 36.23785652220249 3.036418296396732 29.25896066427231 20.97137805074453 49.61197389662266 0.6005370244383812 7.629840806126595 0.540013812482357 5.122796133160591 0.9246127530932426 9.309706278145313 3.3198307082057 5.237266413867474 10.64493390917778 2.763268083333969 0.2484577894210815 4.827676616609097 89.39382980763912 0.3532361388206482 0.4695022255182266 0 0 0 1.073434352874756 0 0 0.2561615109443665 0.8946555852890015 3.419968113303185 1.395954117178917 3.72987300157547 5.217308267951012 0.7057458609342575 0.2713503837585449 0 0 0 0 0 0.2754200398921967 0 0 0.1833161264657974 0.1270494610071182 0 0.2490767240524292 0 0.3301707804203033 0.2926310896873474 0.8148305416107178 0.5633178800344467 0.1755783259868622 0 0 0.1996787786483765 1.966680258512497 0 1.635188043117523 0.442058652639389 2.732662349939346 1.686184972524643 1.14185830950737 0.3163861632347107 0.5558995753526688 0.3090830594301224 0 0 0.215175598859787 0 0 0.1639743894338608 0.1263433396816254 0.1217327192425728 0.3515181243419647 0.3671517670154572 1.364748679101467 0 0 0.1148067489266396 0 0.1432912945747375 0 0 1.423572719097137 0.977971538901329 0 0 0 0 0 0 0 0 0.5234343111515045 3.495260655879974 0 0 0.4284166991710663 1.425946578383446 2.151240006089211 0.9471783041954041 3.841834664344788 0.4502013027667999 0 0 0 0 1.02469726651907 0.2103278338909149 0 0.1486120969057083 0.2661428228020668 0.6467534601688385 0 0.1543553322553635 0.6223170459270477 1.674536257982254 1.867704123258591 359.4419278204441 83.61761642247438 438.9442134872079 132.0888835042715 210.5089423656464 55.22799061983824 10.61936857551336 60.00977690517902 5.23811648786068 0.4838004410266876 2.473797790706158 0 4.214100003242493 0.4753877967596054 0 2.098265811800957 5.810867458581924 1.91590379178524
2442.198055043817 3711.257562711835 118.0079881027341 0 1232.654744081199 823.5657188594341 1453.808033928275 7.146947368979454 380.4323608279228 3371.197049185634 40.73161488771439 1284.707142055035 2171.960458800197 24.52311224490404 2.927475929260254 0.7371584102511406 0.2711856365203857 0 0 0 0 0 0 0 0 0 0 0 0 0 30.79509717971087 1.757919244468212 0 0 0 0 0 0 0.1221361234784126 0 0 0 0 0.2609621286392212 0 0 30.78265776485205 6.375898011028767 0.5900049954652786 0 1.289028562605381 0.150909960269928 0 0.1701710373163223 9.103376276791096 11.15663818269968 75.68491248786449 213.2860418185592 11.31825137138367 19.62636568397284 0.1714301109313965 0 0 1.791827417910099 5.175557032227516 4.015234522521496 2.02221418172121 0.8306622877717018 0.1782074570655823 0.1407139152288437 5.210906863212585 0 0 78.7676402926445 54.50998191535473 26.32636588811874 1.522076733410358 1.25321689248085 0.1170999705791473 0.7126831561326981 0.1303590089082718 0.1096077039837837 19.70211058855057 1.593269400298595 14.67881713807583 8.246665999293327 3.069335401058197 0.1147587299346924 1.476181030273438 0 0.8543649315834045 0.7132699191570282 0.3150428235530853 0.3009447455406189 0 148.2149117738008 0 0 0 427.2387618869543 0 1.860903710126877 0.4361882209777832 0.4375472366809845 0 27.25292830169201 0 0 158.4294573515654 5.803122311830521 0.1942139863967896 6.169455513358116 10.67215791344643 8.786455288529396 0.5812471061944962 0 0 0 0 0 0 0 0 0 0 0 0 0 0 0 0 0 0 0 0.2646540403366089 0 0 0 0 0.2645194828510284 0 0 0.578920304775238 0 0 0 0 0 0 0 0 0 0 0 0 0 0 0 0 0 0 0.3553460538387299 0 0 0 0 0.1584854573011398 0 0 0 0 0 0 0 0 0 2.28065487742424 0 0 0 0 0 0.75184166431427 0.9784867167472839 0 0 0 0 0 0.1977658718824387 0.1168234720826149 0 0 0.4200148209929466 0 0 0 6.449492126703262 0 0.3816434144973755 98.48844178020954 23.36988415569067 129.6273261010647 17.57894185185432 1193.770135678351 32.82799153774977 3.393187053501606 9.131622821092606 6.039775848388672 0 0 0 15.28334315121174 0 0 0.5430325269699097 1.381843119859695 0
843.2004760429263 5871.443514756858 650.5519074946642 1232.654744081199 0 75.07435655593872 4176.353162139654 213.4769685938954 5246.816184051335 627.9845163300633 786.4245681241155 12.38732942938805 673.259011387825 537.8804227411747 86.73429921269417 16.85025925189257 0.4018085300922394 2.001745961606503 0 0.1166602373123169 0 0 0 0.09968479722738266 0.1437419205904007 0.514415979385376 0 1.104610413312912 0.4502163380384445 0.1648927330970764 349.8360973745584 17.52770604193211 2.042651697993279 0.6882197856903076 0 0 2.165162928402424 0 0.3673707544803619 0 0.1809737533330917 2.134885720908642 0.1316061764955521 0.2306588366627693 0.5804315507411957 0.7971760481595993 207.6990095302463 21.84613487124443 1.641398541629314 0.946052297949791 2.817005060613155 0.1475701332092285 0 0.5249354243278503 14.2350228279829 30.42710166424513 59.85891661047935 287.8217948973179 21.34544038027525 74.14319090545177 0.8582047149538994 0.2618514001369476 0 20.45897451043129 13.39006323367357 12.84509882330894 5.226831920444965 4.571978621184826 1.31156463176012 0.789523608982563 5.604307517409325 0 0.1336729675531387 126.5172972679138 127.9041613042355 154.5561821907759 28.26970175653696 11.06732005625963 0.4947542324662209 12.46173058450222 0.7723681256175041 1.458624266088009 39.30476493388414 5.06802923232317 38.78186254948378 24.69724927842617 11.32095378637314 0.4676244631409645 10.09897387772799 0.285844475030899 3.71665320545435 0.4046356454491615 2.191350676119328 1.565530650317669 5.304471738636494 28.3135166913271 0.2369900643825531 0.1664825081825256 0.1637053191661835 50.63299295306206 0 0 0 0 0 2.919350206851959 0.8296460807323456 0 41.5741294324398 2.359196022152901 2.369015783071518 8.236935257911682 4.433313310146332 6.974270403385162 0.5613487064838409 0 0 0 0 0 0 0 0 0 0 0 0 0 0.2487915903329849 0 0 0 0 0 0.6460832357406616 0 0 0.2694437205791473 0 0 0 0 0.24429552257061 0 0 0 0 0 0 0 0 0 0.1714496463537216 0 0 0 0 0.3478564769029617 0 0 0.1150914579629898 0 0 0 0 0 0 0 0 0 0.1606782525777817 0.1259815245866776 0 0 0.6155255660414696 0 5.337642937898636 0 0.1728187948465347 0 1.338070757687092 0 0 0.9373375773429871 0 0 0 0 0 0 0.1046558246016502 0 0 0.8850121572613716 0.1072678491473198 0 0 6.644970163702965 0 0 374.9172985777259 110.1415173634887 665.1303776726127 144.4478831887245 582.767020508647 92.86574254930019 19.90097014605999 41.51279613375664 7.334872685372829 0.2126140743494034 0.8196695819497108 0 3.880041852593422 0 0.09431864321231842 0.9362144768238068 3.54299707710743 0.9169017970561981
297.8794761747122 352.20202447474 31.08109909296036 823.5657188594341 75.07435655593872 0 70.5087061971426 4.932691678404808 30.76027521491051 909.5496158003807 17.9935053139925 213.4269907772541 213.7195529863238 14.73204240947962 1.584343492984772 0.4076383411884308 0 0 0 0 0 0.1959566622972488 0 0 0 0 0 0 0 0 9.014233887195587 0.3643194437026978 3.676237508654594 0 0 0 19.40807321667671 0.1952344626188278 9.808706149458885 0 0 0 0 0 0 0 1.125186957418919 0.7082822173833847 0 0 0.314974918961525 8.374865546822548 0 0 0.6173407137393951 0.6097251325845718 115.379621937871 131.0767847001553 5.334729880094528 0.2421058267354965 0 0.4012241065502167 0.1771913766860962 0.2878586053848267 0 0.3428394570946693 0.1005107685923576 0 0 0 147.4972339719534 300.5714927613735 7.013472929596901 12.55166912078857 8.532445482909679 2.34357738494873 0.1576651632785797 0.2674010396003723 0 3.541762664914131 0 0.8838210999965668 3.514157101511955 0.4923145622014999 2.126919336616993 0.7992932423949242 0.30619016289711 5.244481906294823 4.244336634874344 9.672168999910355 2.282451808452606 4.275121852755547 0 0 1.841185063123703 394.9311199486256 67.95549233257771 22.04902698099613 10.59411838650703 456.2484312653542 0 0 0 0 0 1.054386019706726 0 0.5631765723228455 21.23698779940605 0 0.3034956455230713 0.2958506941795349 0 1.343735232949257 0 0 0 0 0 0 0 0.1719099134206772 0 0.1330674737691879 0 0.1623489856719971 0 1.935455575585365 0 0.7982759922742844 0 3.135532230138779 0.3918050229549408 1.699515879154205 0 0.4650298207998276 0 2.57067035138607 0.6208138316869736 0.1339969635009766 0.6699612736701965 2.080934718251228 6.438491493463516 3.342909716069698 0 0 0 0 0 0 0 0 0 0 0 0 2.621906399726868 0 0 0 0 0 0 0 0.1629658639431 0.6712468266487122 0.3751931339502335 0 0 0 0 0 0 0 0 0 0.5019809454679489 14.32441549003124 0 0 0 0.5146072506904602 0 2.710587382316589 0 0 0 0 0 0 0 0 0 0.950471818447113 0 0 0 4.015816211700439 0.3608088940382004 5.600133955478668 11.07661917060614 2.91608140617609 13.3164004907012 1.920339182019234 388.1701739132404 14.21616062521935 0.5591920912265778 0.9045687317848206 3.742326289415359 0 0.5175935328006744 0.1397968381643295 2.067299962043762 0 0 0.8111315369606018 0 0
149.072327695787 2608.306539341807 66.59976232796907 1453.808033928275 4176.353162139654 70.5087061971426 0 8.718770213425159 942.6123574674129 3871.995079994202 35.46402277052402 138.1960730403662 2774.642647467554 87.34924153983593 96.04437952488661 21.87236329168081 1.671964533627033 1.079421728849411 0 0 0.122104287147522 0 0 0 0 0.7399698793888092 0 0.2305461317300797 0.592159703373909 0.2889542207121849 153.2946366369724 22.24525670707226 0 0 0 0 4.328016623854637 0 2.657811120152473 0.4527474194765091 0 2.831906147301197 0 1.155598230659962 0.1458641737699509 0.4099453017115593 249.1512304246426 19.69928708672523 1.46714399009943 1.008285954594612 3.833101347088814 0.7316021025180817 0 1.856956824660301 18.20984105020761 30.60625395178795 47.20369361341 179.4110571071506 23.02197490632534 68.20138671994209 0.8349590376019478 0.1432877480983734 0 21.27319788187742 16.76744850724936 12.35707549005747 5.225077979266644 4.402656197547913 2.398917309939861 2.533100157976151 9.708369851112366 6.725926995277405 0.4184339046478271 139.8495381474495 125.1318974867463 164.0873981937766 35.45069532841444 15.02125012874603 1.091067045927048 3.354324609041214 1.418248750269413 1.4501121789217 42.44073743373156 5.27925231307745 37.75108458101749 28.31343527883291 14.5547032430768 0.5746798515319824 11.10853336751461 0.08826716989278793 4.135533876717091 1.329360634088516 1.267847299575806 1.372028939425945 3.516190834343433 203.2534807026386 1.981783494353294 0 3.609454542398453 21.63906683772802 1.06584894657135 4.308311179280281 0.5376099944114685 1.599426448345184 0.3706243187189102 20.65474906563759 3.101653769612312 2.093945682048798 202.8722743839025 6.314290344715118 5.438112646341324 40.27290661633015 58.96855595707893 45.31841391324997 3.51893737912178 0 0 0 0 0 0 0 0 0 0 0 0 0 0 0 0.2421702891588211 0 0 0 1.801197111606598 0.6145395636558533 0 0 0 7.470151007175446 0 4.854587331414223 0 0 0 0 0.1027427017688751 0 0 0 0 0 0.4167006313800812 0 0 0 0 0.4569168984889984 0 0 0.3065884560346603 0.1853947043418884 1.309386253356934 0 0 0 2.346858888864517 0 0 0 0 0.131693497300148 0.7150515466928482 0.1189152896404266 0.1500866413116455 1.03011554479599 20.83940708637238 0 0 0.1624629497528076 0 3.995528921484947 1.725126266479492 6.664193719625473 0.265029102563858 0 0 0.420135110616684 0 0.1143327578902245 0.08901797980070114 0.1247237920761108 0 0.5717206299304962 0.368742011487484 0.1340257674455643 0.2801943123340607 30.99524061381817 3.291683793067932 0.4041279852390289 556.1171600371599 117.5216124877334 815.991890206933 178.6165003553033 791.2654426619411 116.2254761755466 20.02062537521124 66.53041313588619 16.18962238729 0.5351124629378319 5.190657243132591 0.1831800937652588 34.2527167648077 0.947862446308136 0.1051992923021317 2.541305631399155 5.1522116959095 0.6137813478708267
217.4585809186101 191.9570224657655 4719.929180696607 7.146947368979454 213.4769685938954 4.932691678404808 8.718770213425159 0 881.0352438390255 1.713002115488052 2668.603319942951 15.38922245055437 848.5100736096501 932.5446624904871 118.3924707174301 89.51520252227783 27.2633351534605 8.891574092209339 0.3824867606163025 29.48283467441797 34.04963654279709 0 6.671706393361092 1.096032232046127 1.099650233983994 2.983642593026161 0.7832098007202148 1.04333658516407 0.6101999282836914 0.3960211426019669 1106.196710504591 754.7431344687939 37.55395597219467 6.188065782189369 4.471937566995621 1.639106214046478 63.31259824335575 6.130704879760742 19.61958787590265 6.157224625349045 14.81452314555645 6.348573043942451 13.0115289837122 9.084561817348003 1.312463626265526 26.47175678610802 141.4262633025646 22.3637608140707 9.933436863124371 43.88325848430395 3.389044225215912 0.9625181257724762 0.8750831037759781 2.065425649285316 6.870966047048569 12.32799592614174 63.92015554010868 336.0058126747608 8.097387626767159 27.33941749483347 59.27856316417456 29.70832900702953 2.309503227472305 46.45559842139482 7.46495870500803 6.624196894466877 2.952337957918644 5.930882602930069 31.19938086718321 69.8620456084609 32.55986895412207 5.273273706436157 0.1437532752752304 76.11475525051355 72.48495527356863 97.92606548219919 28.34378693252802 36.37602158635855 646.3921772837639 3981.590379476547 435.9348341524601 2398.439056888223 16.06911318004131 2.983830168843269 17.13902619481087 9.653279229998589 43.56215194612741 0.1962850615382195 3.227619431912899 0.08982191979885101 1.915873393416405 1.189202629029751 14.83775935322046 3.303828097879887 5.116366416215897 9.38573282957077 3.906688064336777 0 6.135948464274406 41.36438420414925 0.2495741993188858 0.5464487075805664 0 0 0.4474189579486847 0.6324697136878967 0 0.4080208837985992 0 0.377801924943924 0.8809888362884521 1.512143284082413 4.194308027625084 1.346151381731033 0.8601245433092117 0 0 0 0 0 0 0 0 0 0 0.2792209684848785 0 0.1764694899320602 0 1.087944149971008 0.4690346643328667 0.4369013160467148 0.1650284081697464 0.7581359148025513 0.2065610140562057 0.6068063974380493 0 3.272394508123398 0.4883839935064316 1.76754355430603 0.5582225173711777 2.905284762382507 1.65398482978344 1.027861654758453 0.18080173432827 0.4867591857910156 0.4955167174339294 0 0 0.5427704453468323 0.1832481175661087 0 1.017658971250057 0 0 0.1264428198337555 0.518325611948967 1.416365012526512 0 0 0 0 0 0 0 1.0942702293396 2.446137964725494 0 0 0 0 0.09988844394683838 0.3649171143770218 0 0.2670762315392494 2.304704457521439 2.329870223999023 0.754192054271698 0 0.5099240988492966 0.3281066566705704 3.113676577806473 1.421911627054214 6.398723229765892 0.2423119097948074 0 0 0 0 0.1401023119688034 0.1011677533388138 0 0 0.3611282408237457 0.1622469425201416 0 0.4101359248161316 2.479953199625015 0.6222995072603226 2.591360524296761 351.3779729604721 60.46056224405766 367.8277621120214 118.2698146775365 121.1314401626587 40.01504789292812 7.375160284340382 50.92443272471428 7.928016327321529 0.8014583438634872 2.687398836016655 0.3968228697776794 7.256770893931389 0 0 1.823928743600845 8.331398881971836 1.532913416624069
142.9335834905505 2595.327107138932 830.237178273499 380.4323608279228 5246.816184051335 30.76027521491051 942.6123574674129 881.0352438390255 0 738.6458729803562 3552.019262634218 51.83580139279366 4183.787733949721 2773.031992658973 173.3120319321752 56.28537444770336 2.188486330211163 2.693385064601898 0.5673495084047318 0.816448986530304 1.266585871577263 0 0 0.2292759418487549 0.2329797148704529 1.118712604045868 0.1114126816391945 1.019554913043976 0.2947090417146683 0.09619263559579849 198.3056048750877 43.51553612947464 2.993171095848083 0.1959947645664215 0.1679370850324631 0 15.66967399418354 0.2398361191153526 3.562310464680195 0.5531326085329056 0 2.811225578188896 0.1350314766168594 0.6916593760251999 0.1721963286399841 0.9441419318318367 273.0069322139025 13.63404662907124 1.13641195744276 1.941313475370407 4.414323896169662 1.066742986440659 0.4639857709407806 2.578409284353256 11.03098600357771 22.28059510141611 34.93818750232458 147.6005442887545 20.87834017723799 56.88251682370901 0.6506176441907883 0.1496779918670654 0 41.7690956145525 12.33453553169966 11.97807113826275 3.989724904298782 6.842297576367855 2.813608378171921 0.7001206651329994 37.18276228010654 3.770424693822861 0.111050471663475 97.24348542094231 105.9959513321519 193.1274584308267 59.98993316292763 39.03651586920023 0.5249748229980469 13.49960144609213 2.398342981934547 4.811805725097656 27.69362261891365 3.577778644859791 28.75116956233978 20.81276146322489 11.23647620528936 0.4349839314818382 8.658422023057938 0.3015924990177155 5.105035334825516 1.579376265406609 3.925858154892921 3.376260057091713 5.802129685878754 188.1691732853651 1.233191728591919 0 3.004874639213085 14.59473594278097 0.6920874416828156 6.775646269321442 0.2980979681015015 0 0.5431094765663147 36.57946759462357 3.126786351203918 2.442074328660965 19.66629578173161 16.17946195602417 6.309189528226852 52.22299864888191 79.09196236729622 58.6295952051878 4.494044184684753 0 0 0 0 0 0 0.1959249973297119 0 0 0 0.8767974078655243 0 0 0 0 0.3217488080263138 0 0 0 5.638028338551521 0.3333004117012024 0 0 0 8.0705895870924 0 3.187171131372452 0 0 0 0.2960944473743439 0.1726242005825043 0 0 0 0 0 2.858626320958138 0 0 0.461346372961998 0 0.4639801234006882 0 0 0 0.7141029834747314 0.5849492847919464 0.8992646634578705 0 1.940608322620392 3.198173925280571 0 0 0 0.09953159838914871 0 0.2312704846262932 0.09483388066291809 0.8702841624617577 0.5172479748725891 25.46158266067505 0 0 0 0.9079607278108597 9.231437653303146 3.427346214652061 12.04940849542618 0.2627944946289062 0 0.7337538599967957 0 0 0.1695951074361801 0.2260463386774063 0.1154127940535545 0 0.3019868582487106 0.4772898852825165 0 0.2052860110998154 47.40985079109669 9.981930792331696 4.613437652587891 642.2695984169841 158.7028744369745 810.4766755327582 234.6251561120152 462.990588568151 115.602438673377 23.53305369615555 86.03359474241734 21.81671065092087 1.234804719686508 3.004467256367207 0.2286395281553268 46.8944603651762 0.2237005531787872 0.2896780371665955 3.507035717368126 7.364152789115906 0.8203458786010742
528.3467894494534 445.0286417752504 13.40227490663528 3371.197049185634 627.9845163300633 909.5496158003807 3871.995079994202 1.713002115488052 738.6458729803562 0 15.97538091242313 5505.050072297454 5890.220869094133 43.42202301323414 6.236473441123962 2.611256882548332 0.5643808394670486 0.7128761857748032 0 0 0 0 0 0.1808638423681259 0 0.1742211133241653 0 0 0.1732293218374252 0 7.900288596749306 3.049734085798264 5.303848683834076 0 0 0 27.19204246997833 0 3.925525650382042 0 0 0 0 0 0 0 40.73405606299639 5.389892071485519 0 0.7369722127914429 0.8229287713766098 0 0 0.1239275336265564 7.369160085916519 7.350197046995163 65.17445110529661 163.6117265149951 10.91064884513617 13.59732373058796 0 0 0 2.300772681832314 2.817283652722836 2.66990165412426 0.8741405829787254 0.1572530418634415 0 0 345.4978680461645 0.8787771016359329 0 65.83656001091003 43.2676467821002 28.00936019420624 2.141789577901363 0.2027396857738495 0.1255793273448944 1.499685749411583 0.424061045050621 1.100999251008034 12.72694802284241 1.905050694942474 5.922742240130901 5.499102577567101 2.00753528624773 0.173867404460907 1.287605747580528 0 1.44526170194149 0.1492185890674591 0 0 0.1771118640899658 1550.311746180058 17.76257081329823 0 7.756224557757378 561.1935061365366 0.7612842470407486 13.10620895028114 2.753067880868912 3.79498527944088 1.022351518273354 92.96915933489799 9.513432428240776 1.963269934058189 372.2088426351547 42.12675146758556 6.427859023213387 84.60773694515228 100.1480778306723 91.02882260084152 3.809780359268188 1.00491863489151 0 0 0 0 0 0 0 0 0 0 0 0 0 0 0 0 0 0 1.484636038541794 3.277172446250916 0 0.15062515437603 0 3.501732707023621 0 4.398931309580803 0.1864731758832932 0 0 0 0 0 0 0 0 0 0.1590565145015717 0 0 0 0 0 0 0 0 0.4168733507394791 1.419045954942703 0.416426032781601 0 0 1.648870766162872 0 0 0.1702826023101807 0 0 0 0.1761989891529083 0 0 20.85125793516636 0 0 0 0 2.655042871832848 0 2.047401919960976 0 0 0.1329991519451141 0 0 0 0 0 0 0.197295293211937 0 0 0 73.86443945765495 5.863922789692879 1.463307276368141 461.3318893164396 19.04667228460312 150.0501563251019 25.09220916032791 1357.674423597753 44.10681945830584 3.927341341972351 16.40930835902691 34.35420444607735 0.7277171015739441 4.205137401819229 0.3383438587188721 84.55102923512459 0 0.3267993927001953 0 0.5219476222991943 0.347172737121582
341.5585362389684 541.729107670486 2441.094770312309 40.73161488771439 786.4245681241155 17.9935053139925 35.46402277052402 2668.603319942951 3552.019262634218 15.97538091242313 0 45.37364266067743 2816.081499949098 5699.599366508424 189.2302015423775 166.8984026014805 24.56360279023647 1.619330748915672 0.2247278392314911 2.701129600405693 5.500383719801903 0.1755372434854507 0.4576323330402374 0.2123505622148514 0.3964698612689972 1.684606201946735 2.048303991556168 1.437453143298626 0 0.8973792195320129 464.6001053601503 224.4821993634105 1150.083119824529 0.1312740743160248 1.147718340158463 0 773.3396330401301 14.00036100298166 147.9359004721045 5.228123590350151 6.431298620998859 3.583295933902264 2.045175433158875 12.01255428791046 0.5105832517147064 0.7596581131219864 146.9831197112799 10.05938845872879 2.076470345258713 4.865900635719299 2.953524313867092 2.596959196031094 1.407136023044586 2.433032907545567 4.73558147996664 11.05817573517561 36.44236548990011 165.2702862173319 8.017950288951397 25.24642033874989 4.116372518241405 13.27578935027122 0.4508804529905319 19.36734939366579 6.569371737539768 4.387113034725189 1.740546070039272 3.59687115997076 6.961508452892303 15.85699836164713 419.1337737739086 30.23312683403492 0.3742615878582001 49.75985114276409 55.73209368437529 88.38611640781164 39.06506334245205 63.70403610169888 74.93956086784601 1361.268615238369 18.07354708760977 59.78232681751251 12.64294777810574 2.272926136851311 15.77635745704174 8.520849868655205 10.81397857517004 0.263241171836853 4.676900126039982 1.214643388986588 3.987100437283516 1.519864670932293 5.563407920300961 2.486825861036777 4.112019248306751 97.62302699685097 13.24373513460159 1.255668163299561 36.73114471137524 33.68090160191059 0.2126408368349075 2.405177608132362 0 0 0.5233969241380692 1.712456285953522 0.8123695850372314 0.617046594619751 1.364697337150574 3.585084706544876 7.108781114220619 13.22672256827354 24.49542316794395 22.58483612537384 4.822166115045547 0.5387974381446838 0 0 0 0 0 0.1485994011163712 0 0.1536342948675156 0.4529072642326355 0 0 0.6439813524484634 0 0.2713575661182404 0.3487504720687866 0.2669212967157364 1.921604037284851 0.4470098316669464 2.661961957812309 0.9449224174022675 0 0.9048369377851486 0.1357087343931198 4.05935762822628 0.1564580649137497 3.727160483598709 2.711241364479065 2.746720992028713 0.2100850045681 0.2376968711614609 0 0 0 0.5510264039039612 0 0 1.038404583930969 0 0 0 1.291334480047226 0.3261582255363464 0 0 0 0 1.48404124379158 0 0.1939974725246429 2.367729008197784 6.769006073474884 0.4199399352073669 0 0.2990629076957703 0.09237781912088394 0 0.1808634251356125 0 0.2150207012891769 0.3928081318736076 13.53087043762207 2.727082446217537 0 0.158129096031189 0.9559078514575958 9.468285396695137 3.918153613805771 11.6866292655468 0.214462012052536 0.7352577671408653 0.1273567378520966 0 0.2503223419189453 0.1526855230331421 0.3334486335515976 0.2306624725461006 0 0.5180311873555183 0.1603511422872543 0 0 11.94957445561886 7.795967921614647 3.644761458039284 591.3033525049686 104.6465085297823 398.677014246583 192.6615034043789 200.6497010663152 58.00975999236107 13.55756741017103 99.77994148433208 17.60830923169851 0.2200610041618347 5.864747419953346 1.831124126911163 10.60849569737911 0.371459424495697 0 2.852479219436646 18.48468247056007 3.044786937534809
105.306146800518 20.24577864259481 17.177002646029 1284.707142055035 12.38732942938805 213.4269907772541 138.1960730403662 15.38922245055437 51.83580139279366 5505.050072297454 45.37364266067743 0 2252.323435679078 46.21082002669573 46.76639564335346 40.02931840717793 2.843666613101959 0 0.2655074894428253 0.198582649230957 0.4193965196609497 0.4126049280166626 0 0 0.3199206292629242 0.1400221139192581 0 0.1215485334396362 0 0 8.299777373671532 5.804239891469479 30.62007011473179 0 0 0 195.6085943803191 1.103342324495316 64.54435887187719 1.911445319652557 0.2584913074970245 0.1235124915838242 0 4.115025758743286 0 0.1543964147567749 48.68389876186848 1.141092985868454 0.1095652803778648 1.235347755253315 0.6286624595522881 1.052634701132774 0 0.761735200881958 2.647916987538338 1.919613517820835 10.82066229730844 18.84667500853539 3.865448899567127 6.141321510076523 0.1304759085178375 0.3893876373767853 0 2.239128932356834 2.437276035547256 1.380901142954826 0.9146200194954872 0.8243869245052338 0.8690638840198517 1.221345610916615 631.8061118423939 25.30690288543701 1.212783440947533 19.56630504131317 14.04511868953705 19.60792644321918 5.189959324896336 11.54871202260256 0.4018945246934891 10.92700850963593 1.851872853934765 5.703659452497959 2.705149419605732 0.8387221992015839 3.728904858231544 1.8307865858078 2.015571117401123 0.2752581536769867 1.73172440379858 0.6096216142177582 0.5995942056179047 0.2540987282991409 0.7934390008449554 0.3060141354799271 0.827441893517971 2402.691201940179 50.35774882137775 0.6601169109344482 29.53448489308357 67.66049002110958 4.50894932448864 12.55731999874115 6.616529613733292 3.205885112285614 7.136182740330696 42.35587379336357 9.220141634345055 4.465825468301773 65.78093323111534 40.0675273835659 41.61804938316345 198.3171736001968 219.5645912140608 251.1889130026102 20.95771393179893 1.412177070975304 0.6017590910196304 0 0 0 0 0 0 0 0 0.1778922528028488 0 0 0 0 0 0 0 0.1442508399486542 12.41940220445395 4.483518347144127 0 1.486430466175079 0 25.3653267621994 0.6685138940811157 20.48023441433907 1.344487354159355 0.1934983432292938 0 0 0 0 0 0 0 0.1477877646684647 11.02917942404747 0 0 0 0 0.125396266579628 0 0 0.129385307431221 1.45926333963871 6.471037365496159 0.4708199203014374 0 0.1426058262586594 24.63816475868225 0 0 0.3840319812297821 0 0 0 0 0 0.1903286427259445 66.40680803358555 1.387095332145691 0 0 0.328761488199234 28.08618184924126 7.521040320396423 30.15716090798378 1.985764503479004 0.6256704330444336 2.427719846367836 0 0.1292668431997299 0.4403849244117737 0.1851214915513992 0 0 0 0.1903858035802841 0 0 126.2608773261309 17.86881284415722 7.513039454817772 376.1241912320256 23.96839080005884 161.4678135663271 69.72436448186636 340.6728204935789 26.49838745594025 3.285128220915794 42.91068493574858 65.26643523573875 0.4273855537176132 21.9027581140399 2.63990306854248 107.0933081954718 0.8688194006681442 0 11.6805634945631 4.527592532336712 0.4868198335170746
349.8896202072501 955.3378014191985 656.4107518941164 2171.960458800197 673.259011387825 213.7195529863238 2774.642647467554 848.5100736096501 4183.787733949721 5890.220869094133 2816.081499949098 2252.323435679078 0 1644.34965095669 384.8509214445949 313.8777208402753 17.72611354291439 3.441478975117207 0.3764567598700523 2.050116039812565 2.848280392587185 0.9886425137519836 1.020233400166035 0 0.325781375169754 1.871149674057961 0.2600401788949966 3.214322865009308 1.601083844900131 0.2613660916686058 208.3686817213893 59.43854514509439 212.1652624309063 0.5925403386354446 0.4750272631645203 0.4084921926259995 474.1425034180284 3.069464571774006 142.2889819219708 5.873452574014664 2.043321184813976 6.661415562033653 2.115729205310345 18.22666589915752 0.6072800531983376 1.465097390115261 297.3614481985569 12.83660169690847 3.295397125184536 6.681265138089657 3.382912047207355 1.970885008573532 0.720233827829361 5.846732944250107 7.844896376132965 16.30839636921883 35.64707165956497 114.9854877814651 14.99205875396729 35.21083375066519 4.434488721191883 4.770102299749851 0.3099761754274368 45.84825104475021 8.6982781291008 9.162321269512177 4.020518884062767 5.534647688269615 8.186145931482315 7.968044072389603 921.1199221909046 62.67443537712097 0.3305143266916275 72.81821861118078 71.58542424440384 185.8817948773503 103.5565928891301 173.2456451505423 5.418070137500763 198.1851250231266 22.12886046618223 55.82255817949772 16.71074341237545 2.331223636865616 25.31413967907429 16.07855278998613 12.31989403814077 1.110153533518314 6.108925938606262 0.9966524317860603 6.917662568390369 2.294154696166515 10.06137493252754 5.645437151193619 10.80853699892759 2881.062214888632 30.51960833370686 0.5385783165693283 48.66751220822334 93.37888699769974 7.757410250604153 44.99200446903706 9.98162567615509 8.360247671604156 12.57326400279999 169.7377149015665 30.79621325433254 10.79226948320866 143.7891115695238 121.0301850140095 72.80332786589861 426.1217625886202 507.038022980094 490.6856872141361 41.53857942670584 5.57020828127861 0.3792977184057236 0 0.1981311291456223 0 0 0 0 0 0.16990065574646 0.3252872228622437 0.113689512014389 0.3238033354282379 0 0 0.3389632999897003 0.3855749368667603 0.2015733867883682 1.28396600484848 19.41636102646589 14.05526725947857 0 6.361432731151581 0 74.9584644138813 3.576074659824371 51.1086224168539 6.853541485965252 2.398842707276344 0 0.3801392316818237 1.049503266811371 0.3098012208938599 0.5537427812814713 0.6618596017360687 0.2803370356559753 2.960666984319687 18.75617243349552 0.1045970693230629 0.5788965225219727 0.4541484713554382 1.185429900884628 1.762212514877319 0.2118617296218872 0.8500249087810516 0.2006995528936386 3.149466380476952 11.03419589996338 1.728595077991486 0.634520947933197 12.75989764928818 57.68662112951279 1.005298063158989 0.606056235730648 0 0 0 0.1486589908599854 0.09240860491991043 0.1713209897279739 1.469213575124741 196.14397700876 3.873697832226753 0 0.2878036648035049 0.9843392819166183 65.78930402547121 27.92245185375214 71.73345430195332 2.147220589220524 2.865245558321476 2.397479496896267 0 0.5936875641345978 0.49672981351614 0 0 0 0.3176106810569763 0.3175651282072067 0.1926847100257874 0.5349569618701935 356.7697699964046 49.65103535354137 23.51140004396439 1585.29441845417 235.0558928027749 836.8869684413075 476.088782414794 674.1143246740103 151.7369206026196 26.0744993314147 228.0924639701843 139.6013580486178 2.0858403891325 52.87003568559885 4.896445408463478 299.3814685940742 5.707430951297283 0.6915486305952072 16.45605385303497 20.28767254203558 7.486654624342918
147.6606502383947 870.920084156096 800.9362149685621 24.52311224490404 537.8804227411747 14.73204240947962 87.34924153983593 932.5446624904871 2773.031992658973 43.42202301323414 5699.599366508424 46.21082002669573 1644.34965095669 0 133.5458993241191 100.1273037195206 11.48517194390297 0.7503194808959961 0 1.507072158157825 4.890224859118462 1.509961262345314 0 0.1436741203069687 0.4052928388118744 0.6501077637076378 0.323043666779995 2.500075414776802 0.9973218590021133 0.1285780370235443 185.3055791780353 35.48557259142399 939.2831565141678 0.2085949927568436 1.65069405734539 0.1576507389545441 1975.317986808717 12.71335072815418 262.1565599367023 8.504639253020287 4.069262333214283 4.022228464484215 0.7616570144891739 5.258403830230236 0.5755007863044739 1.100732676684856 102.8328109905124 5.171670310199261 1.027328997850418 3.373330488801003 1.782613232731819 2.075128495693207 2.073812797665596 2.135040201246738 1.694140575826168 4.955876648426056 22.89996191859245 71.57957229018211 6.732376478612423 13.11591907590628 3.43364629894495 12.81049130111933 0.2544419094920158 15.95309170335531 3.663818888366222 4.31421110779047 0.9641989767551422 1.846711158752441 3.681243509054184 4.202683597803116 821.9594734758139 27.58472919464111 0.2042521387338638 26.72519066184759 28.55655801296234 63.23418367654085 34.37957309931517 51.19681702554226 7.517673194408417 258.2892894148827 11.78627870231867 30.50693798065186 6.601996652781963 0.9309968948364258 6.596827164292336 5.667261503636837 5.815294548869133 0.3549125865101814 3.371785022318363 0.5488118231296539 2.376824498176575 1.535113357007504 3.108184479176998 1.053491532802582 4.070485956966877 228.3851254656911 11.84657587110996 0.7293204963207245 45.36522290855646 22.09799050539732 0.9088173657655716 4.352646872401237 1.390687838196754 0 0.1552973091602325 12.62537975609303 1.759239748120308 1.109132632613182 2.572654992341995 9.192991122603416 13.1092783510685 49.13967791199684 53.78464219719172 46.88023708760738 5.47596600651741 0.33885258436203 0 0 0 0 0 0 0 0 0 0.1424286216497421 0 0.3370716869831085 0 0.6661892831325531 0 0.5346919447183609 0.3120483756065369 0.8594265952706337 5.014246217906475 2.669656753540039 0.4963560402393341 2.414106786251068 0 8.432175353169441 2.47582945227623 7.397810608148575 3.374641358852386 1.348161160945892 0 0 0 0 0 0.8171177506446838 0 0.4002622365951538 3.15239916741848 0.3116105198860168 0.8967666178941727 0 1.133359968662262 0.790124237537384 0 0 0 0.8218647539615631 1.420415252447128 0 0.2069914638996124 3.228676006197929 9.236089512705803 0.1540364474058151 0 0 0 0 0 0 0.2672765851020813 0.2797466665506363 22.54637679457664 1.329018235206604 0 0.6757744252681732 0.3624166697263718 7.393647730350494 3.322524458169937 11.67408256232738 0.1025109067559242 0.5130671262741089 0.9133208245038986 0 0.5763500034809113 0.2972095906734467 0 0 0 0.4987039193511009 0.2829844504594803 0 0 29.3212855309248 7.874067261815071 4.336573913693428 510.5340917408466 73.33230990171432 299.0333540588617 160.86764767766 152.5194881036878 47.26266407966614 8.798946768045425 70.61319146305323 19.10355298966169 1.277357280254364 8.38075640052557 0 26.03170396387577 0.476891428232193 0 3.359192535281181 9.082302764058113 1.584018960595131
