0 4030.418964333832 491.4352180287242 870.3095915913582 277.7900567352772 66.4150353372097 1589.974756777287 12.78468199074268 34.56506046652794 3258.890652932227 48.54712011665106 148.0129819512367 282.699996098876 45.93290903419256 0.9037812650203705 0 0 0 0 0 0.2644350230693817 0.7013824880123138 0 0 0 0.1435085386037827 0 0 0.2662926316261292 0 1817.416393503547 3.86499185860157 14.77902095764875 0 0.1293294131755829 0.1408385634422302 5.873227223753929 0.1734859794378281 4.3118926435709 0 0 0 0 0 0 0.1601341217756271 16.19777313619852 1.67653539031744 0 0.2627540230751038 1.260069161653519 3.9533596560359 0.8517680615186691 0 1.310795336961746 4.285359852015972 208.2029382735491 1491.099842138588 37.32840742915869 29.82017409056425 0.5393372774124146 1.058932304382324 0.3120687901973724 48.96305157244205 1.891961544752121 2.376056663691998 2.456019081175327 0.4072524011135101 0.432368740439415 0.3686336129903793 87.73570121824741 99.97950561344624 1.579146221280098 294.8555323332548 76.94931229948997 37.23156371712685 4.124680005013943 0.700503870844841 0.1913316398859024 24.14077470451593 0 2.343042179942131 8.459991306066513 1.041099533438683 2.105509594082832 1.936429366469383 1.022645078599453 3.826348647475243 2.300329461693764 2.280849263072014 0.4045011326670647 0.6209999769926071 0 0.1011824235320091 0 208.2007186561823 41.25860701501369 4.9508917927742 4.358506083488464 720.9635558277369 0 1.974049746990204 3.317677065730095 0.2167707532644272 0.3575339019298553 48.86113633215427 0 7.911413043737411 26.25669877231121 11.23427106440067 0.1737357527017593 21.01039303839207 15.15357196331024 2.966516152024269 1.083277642726898 0 0 0 0 0 0 0 0 0 0 0 0 0 0 0 0 0 0 0 0.7011735439300537 0 0 0 0 0.9618916064500809 0.3616632223129272 0.8059065639972687 0.5267220437526703 0.3091639280319214 0 0 0 0 0 0 0 0.1613827645778656 0.1503078788518906 0 0 0 0 0 0 0 0.2207069545984268 0.3326490819454193 1.490560740232468 0 0 0 0.8515731990337372 0 0 0 0 0.1214369833469391 0 0.1021924242377281 0.0849035233259201 0 3.738706178963184 0.1669368743896484 0 0.09617087990045547 0.1026527211070061 0.2083115130662918 0.3689852058887482 0 0 0.2901961803436279 0 0 0 0 0 0.1033949106931686 0 0.1158355176448822 0 0 0 1.051042318344116 0.116751991212368 1.318077251315117 38.90237178653479 3.936831258237362 43.11118999123573 22.76988995820284 750.7123203799129 21.73399564623833 2.013642489910126 6.815619722008705 0.2114831060171127 0.2733432352542877 0.4451856762170792 0.1126145124435425 6.006366312503815 0.6252181529998779 0 0.1369172185659409 0 0
4030.418964333832 0 1322.508124917746 607.3872697800398 2611.670068152249 436.9481073319912 1653.671737186611 160.3608648702502 620.9426784813404 595.4479163512588 1061.363036550581 202.0240864753723 1147.313483066857 830.9048327729106 5.836113147437572 4.380872674286366 0.2304141148924828 1.364498548209667 0 0.2460175305604935 0.2030359357595444 0 0.6189897656440735 0.2066062837839127 0.1482517868280411 0.5841425433754921 0.1069866269826889 0.573442280292511 0.6907348781824112 0.09384217858314514 4534.658107183874 81.84945719689131 54.72327592968941 0.1544351577758789 0.8741869106888771 1.432993471622467 11.792894564569 1.32530065625906 6.133362524211407 0.4198810458183289 1.328042082488537 2.214113019406796 0.1052960753440857 0.5913037434220314 0.1148204207420349 0.4564609974622726 179.8767038285732 16.23792586475611 1.433848805725574 0.1305913180112839 9.98165637999773 0.4349761009216309 0 0.5536239221692085 9.323290772736073 27.33408711850643 154.4896823093295 1137.268144868314 92.81086975336075 148.1647108197212 1.033593744039536 3.348346240818501 3.936789058148861 91.48514351993799 18.91949035227299 16.66723041236401 25.52054108679295 5.233755275607109 2.083526656031609 4.298431284725666 65.41008064895868 20.34742802381516 0 652.2167164608836 309.9906754642725 267.8182128965855 96.15126465260983 13.07208861410618 1.8969856351614 285.5808104798198 0.854918897151947 14.16790793091059 61.08451963961124 1.306734219193459 14.03654805570841 22.01116890460253 5.719194270670414 0.6737100034952164 17.32111435383558 0.4274972081184387 4.78235150873661 2.584819562733173 2.557244077324867 4.53954791277647 1.525255545973778 243.611179381609 4.270042300224304 0 5.106329806149006 919.2093224674463 1.193743877112865 2.437544777989388 3.23809227347374 1.87871453166008 1.433607593178749 141.9997840002179 2.408575773239136 34.08247676491737 30.70769938826561 22.04344569146633 5.388595029711723 100.2374951541424 81.13383124768734 46.33425322175026 23.45211809873581 0 0.2914566099643707 0.1061014831066132 0 0 0 0 0 0 0 0 0 0.2257608100771904 0 0 0 0.1782805174589157 0 0 1.758284479379654 0.3720182627439499 0 0 0 18.95449011027813 1.202651694417 11.53257930278778 0.7814773321151733 0.3869119733572006 0.2662464305758476 0 0 0 0 0 0 2.42781063914299 1.724607020616531 0.5146884620189667 0.1096638068556786 0 0.4096677899360657 0 0.3140654340386391 0 0.2117248401045799 1.104540124535561 5.555800259113312 0 0 0.2925597727298737 23.01002981513739 0 0.5585716739296913 0.433645561337471 0.5779858082532883 0.4471370056271553 0.1677404493093491 0.5618564188480377 0 0 81.53997948020697 0 0 0.3131389245390892 0.4706238657236099 4.386142209172249 3.946726523339748 4.963061735033989 2.979979157447815 2.368822678923607 3.998216152191162 0 0.7052365392446518 0.1010419577360153 0.2801975831389427 0 0.09803304821252823 0.992920458316803 0.1081432476639748 0 0 28.37063861638308 10.48216004669666 15.82836748659611 175.3615150898695 44.2082009986043 410.4830858930945 126.1651032790542 918.1991925090551 85.78152152895927 21.65768727660179 44.08470137417316 3.798459127545357 0.9755359292030334 6.741641722619534 1.312341459095478 11.84785014390945 0 0.5610394775867462 0.6068651154637337 0.5110490471124649 0
491.4352180287242 1322.508124917746 0 25.55025653541088 1094.929161965847 55.12033455073833 219.3027378320694 1119.78946929425 837.7729001417756 39.43180576711893 4208.542610161006 19.52302223443985 212.5079831257463 842.9279642924666 15.63624072819948 19.6322114393115 2.421309500932693 27.71223084628582 0.7442139387130737 85.16872845590115 91.44644789397717 0 11.10168994963169 1.244976744055748 5.622965462505817 3.25455904006958 1.212413251399994 3.600499726831913 0.8928285539150238 0.5047232806682587 5777.788010925055 777.7326701059937 96.09805765748024 11.8662179261446 25.15029507875443 12.34479963779449 29.6169877499342 7.734859883785248 14.7817604392767 3.472027570009232 63.50341309607029 32.52104353904724 49.21561468392611 7.70984897762537 3.561649411916733 22.72264496982098 175.7326457500458 16.31258269399405 10.01855529099703 55.9871207177639 22.70315606892109 3.934196576476097 0.9537434726953506 13.29182085394859 3.885428071022034 12.32397411763668 61.36920856684446 567.1051876246929 39.4975648894906 73.53138279914856 72.67099060118198 30.11654277890921 87.47423536330462 283.008148856461 9.564692460000515 21.66473487019539 16.32675994932652 115.5471633300185 118.746220998466 383.3538466095924 86.20951844006777 23.34402644634247 0.3766794502735138 266.0443558245897 194.5602020323277 154.062145806849 223.6469496190548 56.11802604049444 144.2363499403 1139.227801129222 227.7621651440859 848.3189585879445 27.69549935311079 0.6912149786949158 9.942468464374542 8.996604487299919 58.62366196513176 0.5956345722079277 7.997169926762581 0.6048279255628586 5.63449615240097 4.336597986519337 59.97717484086752 25.23276569694281 9.355007618665695 71.55517366528511 10.41051577031612 0 12.04881854355335 110.4566365480423 1.091919213533401 1.928247094154358 4.958464950323105 0.4825862795114517 0.1710930913686752 63.92470276355743 0.3533078283071518 18.97254161536694 9.187873035669327 6.053151592612267 3.289574980735779 53.38791663944721 32.11824241280556 31.14097698032856 20.21152015030384 0.4430516809225082 0.5246535390615463 0 0 0.1698539108037949 0 0 0 0 0 1.171057417988777 0.1374644637107849 2.120943337678909 0.1219130158424377 1.031313948333263 0.254580095410347 3.509973458945751 0.5836290568113327 0 1.266799926757812 0.2326987534761429 0 0.9194014519453049 1.84087972342968 16.82826088368893 6.266763374209404 21.04567535221577 5.510854639112949 5.120601393282413 0.7728320062160492 3.373212434351444 0.3033196926116943 0.9181269034743309 0.1583966165781021 0.120090052485466 0.1544924974441528 3.246526494622231 2.775641925632954 0.09709755331277847 0 1.307605609297752 6.189740628004074 4.557287327945232 0.5984966158866882 0 0.3124091476202011 0.1408896595239639 6.025301069021225 0 0.1429163664579391 0.3534019589424133 27.19978635013103 0.2378466576337814 0.4075001627206802 0.2861726433038712 1.094314880669117 1.714754931628704 0.6687982007861137 1.392630353569984 0.5312144234776497 1.995670288801193 69.58982770144939 2.765605345368385 0.6895134747028351 1.500396497547626 0.6393729448318481 6.885595172643661 4.339142471551895 8.386241585016251 1.908100321888924 3.740955039858818 3.35371370613575 0.3362390398979187 0.911942183971405 1.59188149869442 0.510377012193203 0.110905684530735 0 1.098750434815884 0.2059029340744019 0.5279646962881088 0.1397739052772522 17.94545274972916 8.975900329649448 19.09819789230824 342.5859147757292 38.55251888930798 483.4727259501815 99.52665746212006 195.9447003230453 88.99126148223877 9.83134076744318 72.29197493195534 9.988484300673008 1.290482722222805 13.1807661280036 1.101337403059006 4.962043255567551 0.7154662311077118 0.1225437149405479 1.414480358362198 1.949159413576126 0.3436298668384552
870.3095915913582 607.3872697800398 25.55025653541088 0 214.1325437575579 142.9305605590343 463.7693425416946 0 47.79710674285889 949.3285443037748 0.6007340252399445 409.0141832977533 883.8073007911444 42.87082377076149 0 0 0 0 0 0 0 0 0 0 0 0 0 0 0 0 78.23193861544132 0.2434189319610596 0 0 0 0 0 0 0 0 0 0 0 0 0 0 2.262947082519531 0.8377997800707817 0 0 0.2661222666501999 0 0 0 0.2571791410446167 0.68306515365839 7.018456190824509 39.44938537478447 2.637327790260315 2.495461396872997 0 0.5124295577406883 0 4.624880701303482 0.6979043930768967 0.7005914747714996 0.441989079117775 0.1014671698212624 0.2750701606273651 0 1.442185327410698 0.4081049561500549 0 18.16269386559725 7.626452729105949 5.830186098814011 0.8531001061201096 0 0 0.1726516783237457 0 0.5092427134513855 1.14994977414608 0.1253174543380737 0.5365633368492126 0.2159884944558144 0 0 0.5334535241127014 0 0 0 0 0.09802864491939545 0 50.03356581926346 0 0 0 135.2113744169474 0 0 0.901319146156311 0.3222253322601318 0 17.90318076312542 1.257239460945129 1.51806104183197 2.127068534493446 1.707987487316132 0.3278360366821289 5.286755174398422 3.0904531031847 1.088170036673546 0.5434946715831757 0 0 0 0 0 0 0 0 0 0 0 0 0 0 0 0 0 0 0 0 0 0 0 0 0 0 0 0 0 0 0 0 0 0 0 0 0 0 0 0 0 0 0 0 0 0 0 0 0 0 0 0 0 0 0 0 0 0 0 0 0 0.5657348930835724 0 0 0 0 0 0 0 0 0 0 0 0 0 0 0 0 0 0 0 0 1.623197674751282 0 0 0.9069002419710159 0.3575938865542412 6.900614015758038 2.359951332211494 99.18720483779907 1.346396580338478 0.442907027900219 0.3747898414731026 0.1602526158094406 0 0.2273794263601303 0 0 0 0 0 0 0
277.7900567352772 2611.670068152249 1094.929161965847 214.1325437575579 0 36.32593867182732 921.2714338153601 65.31638320535421 4726.486945956945 830.4415336623788 1632.965202070773 443.688385233283 746.5617208257318 2087.690936945379 3.701125338673592 1.178132385015488 0.1067328527569771 0.1857192739844322 0 0.2712323069572449 0.4038298055529594 0 0 0 0 0.3940817192196846 0 1.067227482795715 0.4092954844236374 0.4534110352396965 735.3659790381789 75.84831491112709 43.1098564863205 0 0.1510410457849503 0.164637953042984 7.177629880607128 0.1571348607540131 1.782456330955029 0.3921199664473534 0.633408822119236 1.053350351750851 0 0 0 0.16867496073246 133.501518458128 9.552240617573261 1.304562702775002 0.1327956765890121 7.174301855266094 0.280421182513237 0 0.4641458541154861 5.244101524353027 19.34849471598864 23.57182033360004 132.1248468011618 28.75385764986277 68.13838398456573 1.275038629770279 2.814894266426563 0.5824867710471153 43.68790988624096 13.96834823489189 11.37801304459572 13.7174778804183 3.668426439166069 1.966069146990776 2.172738701105118 52.08418514579535 16.38396675884724 0 152.8043378964067 95.95874366164207 137.3695088252425 67.4294952377677 5.348301492631435 0.2869152426719666 73.51006099581718 0.5135004371404648 4.197002984583378 34.97750921547413 1.797069273889065 7.934716381132603 11.8016743734479 4.773028515279293 0.4057383686304092 10.72885535657406 0.1540233194828033 2.640747241675854 2.017118290066719 1.121234521269798 3.560609929263592 0.3950635641813278 175.5040851831436 4.344936355948448 0 3.500720478594303 28.14662620425224 0.1140425726771355 0.772024393081665 2.596616715192795 4.004781663417816 0.1619859039783478 114.9570194780827 0.9649503380060196 39.72748816013336 25.46046303212643 16.90676537156105 9.36596354842186 113.3395756483078 68.245271012187 53.01270766556263 30.64867134392262 0.305016502737999 0 0 0 0 0 0 0 0 0.1438262462615967 0 0 0 0 0 0 0.1473488509654999 0.1462986022233963 0 1.678165316581726 0.9386888146400452 0 0 0 18.63471180200577 0.4726292863488197 15.94800145924091 0.5606013238430023 0.4342242479324341 0 0 0 0 0 0 0 1.782801240682602 2.80210205167532 0.3510480523109436 0 0.163077786564827 0 0 0.1144298017024994 0 0.2222208827733994 0.7068027555942535 2.772335760295391 0 0 0 19.26932080090046 0 0.6550885140895844 0.7863650992512703 1.222586236894131 0.298790343105793 0.09175907820463181 0.3518158420920372 0.200532428920269 0 102.1079762130976 0.4462458789348602 0 0.2825867608189583 0 8.400635749101639 2.528715252876282 1.834874533116817 2.605167977511883 1.23496513068676 3.229888871312141 0.451499342918396 0.175806075334549 0.2640304416418076 0 0.1386656016111374 0.105130136013031 0.9624022915959358 0.2482945546507835 0 0 34.82097022235394 8.803714036941528 13.46947602927685 143.7313357368112 37.92616962641478 315.4766796901822 75.76470929384232 74.97571664303541 58.07181560993195 14.61985663324594 27.03590030223131 3.10091944783926 0.6934143826365471 10.61005267500877 1.007085576653481 4.461210787296295 0.63177290558815 0.1704619824886322 0.5627669841051102 0.1903339922428131 0
66.4150353372097 436.9481073319912 55.12033455073833 142.9305605590343 36.32593867182732 0 262.01478035748 3.38616718351841 56.40866282582283 902.8090896904469 14.26746813952923 242.0966084003448 361.6759164184332 57.66196006536484 0 0.120504654943943 0 0 0 0 0 2.959959223866463 0 0 0 0 0 0 0 0 108.8631228357553 0 37.52476274967194 0 0 0 17.21234112977982 0 16.61377619206905 0 0 0.1155922785401344 0.1368250399827957 0 0 0.142986387014389 0.2470700219273567 0 0 0 0 16.46456861495972 4.055935561656952 0 0 1.187355808913708 199.7305292859674 87.98237559199333 6.348137632012367 1.00962956994772 0 2.796704530715942 0 4.373585641384125 0.1196353584527969 0 0 0 0 0 203.6880827695131 532.527242526412 15.41789467632771 11.77748081088066 2.297420993447304 3.274113051593304 0.4208997189998627 0.1677096635103226 0 11.1135888248682 0 0.3558143228292465 0.2922583967447281 4.908605769276619 0 0 0 22.58641834557056 1.928251661360264 20.45367975533009 0 1.833542391657829 0 0 0.3998779654502869 214.8925601989031 154.6634776741266 23.42778378725052 29.64446537196636 299.2765249162912 0 0 0 0 0 2.834689050912857 0 0.835598886013031 0.551358550786972 0.4135674834251404 0 1.206260591745377 0 0 0.1235999837517738 0 0 0 0 0 0 0 0 0 0 0 0 0 0 0 0 0 0 0 0 0 0 0 0 0.5072416961193085 0.2760137915611267 1.864476308226585 0.4014139473438263 0 0 0 0 0 0 0 0 0 0.1585135608911514 0 0 0 0 0 0.1774244755506516 0 0.08735191822052002 0 0.3996345698833466 0 0 0 0.2150228768587112 0 0 0 0 0 0 0 0 0.1413146555423737 1.41173854470253 1.227918446063995 0 0 0 0 0 0.4329507499933243 0 0 0 0 0 0 0 0.2214883714914322 0 0 0 0 0 0 0.1787415146827698 2.562952384352684 1.82824781537056 0.2508214116096497 4.598206222057343 0.9418580830097198 147.0787380486727 0.4625247716903687 2.149643465876579 0.4799413532018661 0.9584301114082336 0 0.1808205395936966 0 0 0 0 0 0 0
1589.974756777287 1653.671737186611 219.3027378320694 463.7693425416946 921.2714338153601 262.01478035748 0 13.25170502066612 1439.943037390709 1303.408957354724 523.0353415608406 328.400037676096 5005.07214269042 3679.289373278618 8.047374896705151 3.38007003068924 0.5358347669243813 0.4378721341490746 0.1728285923600197 0.5436222404241562 0.2872340381145477 0 0 0.08004555851221085 0 1.361929893493652 0.2044803127646446 0.9613828584551811 1.332401879131794 0.09859143197536469 846.8001991733909 105.7491526007652 49.37388411909342 0 0.2191299349069595 0.2485528886318207 5.150990784168243 0.8781739622354507 1.469962388277054 0.3074738010764122 0.2355123087763786 1.636158548295498 0 0.4546526148915291 0 0 192.8131703734398 16.43405699729919 1.46507216989994 0.1399870812892914 10.47600392252207 0.4273404181003571 0 0.927261970937252 6.596946828067303 26.35707085207105 49.21192832291126 205.8926498368382 58.24986323714256 108.2328307628632 1.378174178302288 3.405553802847862 0.8203925639390945 75.88285086303949 20.83488216996193 19.21369069814682 24.98507115989923 6.701562620699406 1.945389725267887 1.452604800462723 66.61193768680096 26.0917299464345 0.1100772544741631 263.586650326848 167.8938103318214 202.2423298507929 124.8878954276443 13.41197276115417 0.6365403831005096 38.87233413010836 0.321061335504055 6.767508000135422 52.84402845054865 1.767807319760323 10.29245794564486 22.86377295106649 7.146739095449448 0.9012742340564728 16.10874432325363 0.240544281899929 6.523184344172478 2.728937819600105 1.783888943493366 5.421022348105907 2.428015001118183 590.4639317989349 2.953340753912926 0 1.860990032553673 103.3071833699942 1.221303790807724 6.067387253046036 5.798530638217926 3.835203111171722 1.66194774210453 251.8376652598381 2.575068712234497 89.81502737849951 55.16902866959572 42.31896811723709 9.01679053902626 245.9074013158679 160.2483664155006 102.2616076469421 43.96165303885937 0.4098911136388779 0.1900469660758972 0 0 0 0 0 0 0 0 0 0 0.1530927419662476 0.1850264221429825 0.1918594092130661 0 0 0 0 4.60259136557579 2.78022663295269 0 0.3251019716262817 0.2158040702342987 26.99437592923641 2.377784490585327 21.24730491638184 1.227972865104675 0.4309369623661041 0.2071160972118378 0 0.1136261969804764 0.317433089017868 0 0 0 2.380904242396355 4.616684675216675 0.4208710342645645 0.1176033839583397 0 0.3875095471739769 0 0.2473200708627701 0 0.2124126404523849 2.091395705938339 6.586986996233463 0.2461593002080917 0 0.2319253087043762 36.96012443304062 0.9644574820995331 0.8421578034758568 0.4857098981738091 0.7300920933485031 0.7325895354151726 0.098763108253479 0.569403812289238 0.09229537099599838 0 192.4272095113993 0.3419327735900879 0 0.2179577872157097 0.3875301778316498 13.25509013980627 5.068940863013268 4.816024243831635 5.572239235043526 6.895275890827179 6.044937551021576 0.7129374742507935 1.962110243737698 0.4905046820640564 0.2186518684029579 0.3866511434316635 0 1.185568735003471 0.369671992957592 0.1125347539782524 0 86.27112603932619 19.98906379193068 23.29824037104845 209.0734464079142 55.45493638515472 502.4433533772826 142.1793675050139 214.9367398694158 93.17957402020693 21.8186197206378 47.86659885942936 4.544414408504963 0.6156444624066353 13.21663142740726 2.25520658493042 5.374592632055283 0.5320239514112473 0.4529328197240829 0.8634975105524063 0.6390283107757568 0
12.78468199074268 160.3608648702502 1119.78946929425 0 65.31638320535421 3.38616718351841 13.25170502066612 0 70.42082278430462 5.005010947585106 2089.281980276108 9.568422347307205 90.00788617134094 362.0379812791944 51.77002210915089 81.76535247266293 5.789618231356144 42.74186050146818 2.414572231471539 201.0037508010864 230.6543341651559 0.34306500852108 30.38194074481726 5.385086625814438 29.4843912422657 19.54117503017187 5.291209913790226 10.60634761303663 1.594176709651947 1.764287397265434 934.3356620669365 1572.945704385638 149.1213210523129 23.63304880261421 90.06529511511326 45.13462392985821 40.80997335910797 13.39980980008841 15.7049314007163 5.514810815453529 174.7478307858109 59.96581140905619 97.45789737999439 25.8149184808135 6.500327080488205 56.97639241069555 267.8824744969606 18.96845310926437 18.77862488478422 71.72454874962568 32.33048725128174 3.156504690647125 0.7043819576501846 20.64531530439854 2.644611783325672 11.53612142056227 15.37642370164394 67.94966532289982 18.80430578440428 59.01580762863159 295.3734550103545 50.96988066285849 295.303513661027 293.9963257685304 8.043040923774242 24.14893525093794 19.17488896846771 164.9411688223481 175.2389756068587 773.1225963458419 103.2129941284657 29.60832571983337 0.2685153484344482 82.30915796011686 81.73729584366083 207.3278265446424 678.9397641420364 526.5759390518069 1743.035378232598 5353.943597257137 1598.163431555033 4154.099595837295 24.44296046346426 0.7713138684630394 8.172308370471001 9.807457894086838 78.07715076208115 0.6979812458157539 8.396118313074112 0.7981482446193695 7.664539471268654 7.802547469735146 152.7395155876875 60.62274997681379 14.51465056091547 45.4228400439024 6.926497638225555 0 16.87800878286362 3.742715135216713 1.189256608486176 1.132926911115646 2.338459715247154 0.200756773352623 0.1279585957527161 38.31326177716255 0 14.0774691849947 8.70528481900692 2.988645941019058 4.661598369479179 38.95264037698507 22.22433820366859 32.8336234241724 22.05916914343834 0.501854844391346 0.2513680160045624 0 0.1399800777435303 0 0 0.1445575952529907 0 0 0 3.045550398528576 0 2.100059509277344 0.6219629496335983 1.071380205452442 0.9892364293336868 4.694093853235245 1.541867941617966 0.2417900860309601 0.7728520631790161 1.0475794672966 0 0.5075428187847137 1.186359897255898 21.09701034426689 9.778493240475655 28.13025908172131 8.853126004338264 4.805575124919415 1.298760123550892 5.217625297605991 0.4535468965768814 0 0.3016195744276047 0 0 2.837156973779202 5.926671773195267 0.1535655558109283 1.130126848816872 3.925607696175575 7.218348450958729 9.867654018104076 0.1043400764465332 0 0.3835692852735519 0.716547504067421 3.204229466617107 0 0 0.6473841965198517 26.43911699950695 0 0.09065064042806625 0.5644548907876015 0.294004462659359 1.165735892951488 0.7091131955385208 1.292856514453888 1.201146230101585 3.121718212962151 77.51679554581642 2.95779275894165 0.8101940155029297 1.467810794711113 2.650451190769672 10.42573367059231 7.212032273411751 9.02027003467083 1.852502964437008 2.119514554738998 3.90655580163002 0.1963933855295181 1.042378723621368 0.9326769486069679 0 0 0 1.259406507015228 0.6662206947803497 0.2192151769995689 0.6075644940137863 14.58547019958496 14.82201915234327 27.22345780581236 606.7678519114852 69.48614225536585 790.3126530498266 159.8249696791172 88.77173139899969 114.6494616642594 8.492081195116043 153.1358876079321 16.55766509473324 0.8327842876315117 16.8012269064784 2.063189253211021 2.330695733428001 0.1722889244556427 0 2.318728268146515 1.955813214182854 0.2462226003408432
34.56506046652794 620.9426784813404 837.7729001417756 47.79710674285889 4726.486945956945 56.40866282582283 1439.943037390709 70.42082278430462 0 591.6734315529466 2338.296716928482 316.3658418357372 1271.082555085421 4252.531165659428 15.01773582398891 5.765390358865261 0.2686086148023605 0.3326096832752228 0.117706373333931 0.206507571041584 1.364501655101776 0.2561835646629333 0 0 0.09037799388170242 1.663345523178577 0.2074704840779305 1.202500067651272 1.5533392354846 0.1044148653745651 537.6486326381564 189.3398358225822 74.02722705155611 0 0.1478581875562668 0 10.92333754897118 0.4441195726394653 4.581608973443508 0.09532465040683746 0.3785509243607521 2.31664615124464 0 0.1046396791934967 0 0.1088055297732353 245.5082430094481 15.60868395864964 0.7060563117265701 0.4229799136519432 12.53139627724886 0.09656118601560593 0 0.6836293637752533 6.388649567961693 28.13094985485077 23.75034686923027 82.18675328791142 38.83551525324583 89.80974747985601 1.455665223300457 4.666193835437298 0.6686867102980614 108.8380916044116 16.68380741775036 19.97604451328516 22.50632414221764 6.439591564238071 3.527506291866302 4.640941806137562 97.17159977555275 44.29632220417261 0 136.5892683938146 102.1415271833539 174.7750194519758 212.0755761787295 23.4287696108222 1.148430787026882 72.06091451644897 1.832927130162716 10.84528706967831 42.71239900588989 1.483212783932686 13.51747492700815 19.15551662445068 8.678180180490017 0.7436688765883446 18.10344667732716 0.18581523001194 6.268636830151081 4.227442018687725 3.00662724673748 5.030447468161583 3.711278565227985 584.7527178525925 2.922234922647476 0 3.93988374620676 16.26849521696568 4.899516850709915 2.412054434418678 7.803167030215263 4.141541197896004 3.295211374759674 329.1925894245505 3.379055574536324 104.4505964517593 55.39893356710672 51.07676447927952 18.78455936908722 304.7926305085421 189.9594585746527 130.2206414118409 56.02427401393652 0.1413600891828537 0.3749115020036697 0 0 0 0 0 0 0 0 0 0.1828710287809372 0.2656809985637665 0.205494612455368 0 0 0.4795974567532539 0 0 5.074830740690231 2.246314264833927 0 0 0 46.24438608437777 1.585366144776344 33.65728885680437 1.073519088327885 0.2597860097885132 0 0.4619091004133224 0 0.1231097280979156 0.4605630040168762 0.1190234497189522 0 4.705568008124828 8.301756545901299 0.2454137057065964 0.1249387785792351 0 0.7014516964554787 0.3054230958223343 0.8206757307052612 0.4923122525215149 0.3498739302158356 2.256459824740887 8.743184745311737 0 0 0 53.45283171534538 1.421977251768112 0.8878904208540916 0.943210557103157 1.52388983219862 1.629432961344719 0.08216327428817749 0.3526301309466362 0.2685829922556877 0.7170331627130508 257.9059198498726 1.121498629450798 0 0.4760662242770195 0.3302459940314293 22.85289730876684 7.283708840608597 7.158730328083038 8.788360148668289 7.310811504721642 8.970696061849594 3.08486407995224 1.06185457855463 1.534354068338871 0 0.4330101907253265 0 1.61177933961153 0.085829958319664 0 0 105.5200782641768 26.51919536292553 35.84464858472347 323.1784476339817 72.74622564762831 691.6836447566748 171.9838696941733 88.85867492854595 125.9047897979617 22.38052901625633 73.34705860167742 7.019514009356499 1.658409550786018 23.7807907089591 4.30121087282896 10.92538806796074 0.1178732365369797 0.8304875642061234 0.9445476159453392 1.391399651765823 0
3258.890652932227 595.4479163512588 39.43180576711893 949.3285443037748 830.4415336623788 902.8090896904469 1303.408957354724 5.005010947585106 591.6734315529466 0 31.66543033719063 1219.798918902874 4904.935723125935 285.5405882000923 1.218311555683613 0.1564040631055832 0.1290068924427032 0 0 0 0.3105865567922592 0 0 0 0 0.121652215719223 0 0.1162983030080795 0.5358710289001465 0 394.8175353854895 7.657137632369995 12.81894105672836 0 0 0 3.05819208920002 0 1.016246616840363 0 0 0 0 0 0 0 32.18639758974314 2.587195046246052 0.3848152607679367 0 1.759731583297253 0 0 0 1.378461465239525 5.088433310389519 64.36141531914473 167.9799875095487 21.25938412547112 25.78424616158009 0.1709454506635666 0.1626984030008316 0 19.95979154855013 4.261579386889935 3.30521722137928 4.277156785130501 1.170518778264523 0.2364949807524681 0.1819033622741699 76.22819615900517 16.29411219060421 0 98.6069256067276 50.79696171730757 39.97616811096668 6.365350089967251 0.2464685961604118 0 8.895684570074081 0 2.53125112503767 13.99769409745932 0.193787507712841 2.436599113047123 4.273076824843884 2.279036663472652 0.431619256734848 3.093008436262608 0 0.9438392966985703 0.6404741108417511 0.153754711151123 0.6971245333552361 0.2965793237090111 1045.385168105364 4.691091030836105 1.873131603002548 4.391739144921303 493.7741717398167 1.316413924098015 7.593433514237404 8.587717771530151 12.50366555154324 0.2485163658857346 187.0757322907448 5.798684805631638 47.97475443780422 39.91194058954716 52.98944890499115 3.329678609967232 134.1308160424232 76.54766048491001 51.48813305795193 11.37370410561562 0.126563549041748 0.2727523148059845 0 0 0 0 0 0 0 0 0 0 0 0 0 0 0 0 0 1.510489165782928 0.4360344111919403 0.304277241230011 0 0 6.055268086493015 0.1733902841806412 4.008271038532257 0 0 0 0 0 0 0 0 0 0.799613818526268 1.514786884188652 0 0 0 0.8020897880196571 0 0 0.1071030721068382 0.1462723761796951 0 1.562860906124115 0 0 0.3729490339756012 8.081338718533516 0 0 0.3026315122842789 0.3569856062531471 0.3380872309207916 0 0 0 0 44.59400315582752 0.6579980254173279 0 0 0 4.07705782353878 0 0.9069807231426239 1.904089272022247 2.369761765003204 1.958476409316063 0 1.356740161776543 0.3847306668758392 0 0 0 0.3212743401527405 0 0 0 40.46272420883179 3.253877058625221 5.562841817736626 24.74474944919348 6.846532315015793 68.73851298540831 19.13110939413309 469.709776006639 15.68811304867268 5.408431656658649 4.500449553132057 1.968066811561584 0 1.762623950839043 0.6908479705452919 10.2589123994112 0 0.2590999901294708 0.1091164723038673 0 0
48.54712011665106 1061.363036550581 4208.542610161006 0.6007340252399445 1632.965202070773 14.26746813952923 523.0353415608406 2089.281980276108 2338.296716928482 31.66543033719063 0 77.42248865962029 2445.881155319512 5293.89643996954 27.16462283581495 29.26154307276011 2.376801818609238 1.071352928876877 0 2.964791297912598 7.027857273817062 0 2.500569090247154 0.353165477514267 7.61119968444109 2.754581175744534 0.4737565368413925 0.9173752665519714 1.659342408180237 1.001216724514961 660.7994505465031 377.6683087348938 555.3133592456579 1.68732562661171 7.795092612504959 22.54369523376226 84.43629355728626 7.225522741675377 16.17029164731503 1.399326249957085 13.68734646588564 7.035203523933887 1.003117218613625 3.790834449231625 0.978606104850769 1.507966011762619 184.8547986745834 7.422058880329132 2.317349374294281 1.181309327483177 5.100253857672215 0.2319302782416344 0.1828910559415817 0.9046593457460403 2.85315179079771 10.88631495088339 14.47145327925682 57.70595932751894 24.04401351511478 44.81784950196743 4.371426768600941 14.99463979154825 26.06330180168152 150.760111540556 6.107536040246487 8.562497608363628 10.09286448359489 11.15857746452093 7.510313339531422 33.20035586506128 332.3177986592054 58.19939331710339 0.1533825844526291 61.31395724415779 65.42601217329502 139.9324502944946 372.9931052774191 80.73198793083429 53.41598495841026 1918.873682118952 14.8329413831234 104.6201768070459 22.85718913376331 0.6412787064909935 3.364792503416538 7.466144904494286 5.508791916072369 0.2255279347300529 7.238332703709602 0.2765543907880783 2.144686952233315 2.427280724048615 13.54192896932364 8.157529510557652 2.957541011273861 263.2923469692469 30.63874846696854 0 34.39872571825981 9.35107135027647 2.091866165399551 1.937017440795898 3.550591558218002 2.61472050845623 2.297742009162903 93.69905851781368 0.4223280996084213 32.45491002500057 14.78595349192619 11.64623652398586 7.48143807053566 95.26035130023956 76.76691947877407 62.89275619387627 32.18780890107155 0.4769717082381248 0.1831867247819901 0.3837628662586212 0 0 0 0.2762399017810822 0.8199577331542969 0.1581559330224991 0 0.4388064444065094 0 0.4579304307699203 0 0.4109485298395157 0 0.8061112761497498 0.6050514280796051 0.1362055391073227 1.620019182562828 0.7820281982421875 0 0 0 29.2594318240881 4.632383197546005 22.25989611446857 2.772470392286777 1.008252918720245 1.009301878511906 0.5665403604507446 0 0 0.156514048576355 0 0 1.862401053309441 4.506419956684113 0.4154736548662186 0 0.1443834602832794 1.753616124391556 1.00837018340826 0.2432589530944824 0.3965620100498199 0.73604716360569 1.459457859396935 6.008181720972061 0.4328233003616333 0 0.2349862605333328 38.28709973394871 0.5468754172325134 0.9820953160524368 0.5348122790455818 0.8644872233271599 0.7658369019627571 0 0.2268551737070084 0 1.144450947642326 161.6878827437758 2.901707917451859 0 0.438178613781929 0.4670703858137131 10.76239329576492 5.183053851127625 3.934694468975067 4.180703684687614 6.354948252439499 3.453672185540199 0 0.5949376374483109 1.221259087324142 0.1266651749610901 0 0.3491320312023163 0.0989534854888916 0.08818308264017105 0.2355110719799995 0 43.51328390836716 22.55451227724552 29.03348152339458 419.1828626766801 62.00403094291687 477.0350032225251 123.3246838375926 89.07178595662117 113.0378990769386 8.786729089915752 114.1454927921295 8.183558769524097 0.9799545556306839 12.96464506536722 2.837017707526684 4.517052263021469 0.3747803419828415 0.4581359922885895 0.8910061717033386 0.7624110728502274 0
148.0129819512367 202.0240864753723 19.52302223443985 409.0141832977533 443.688385233283 242.0966084003448 328.400037676096 9.568422347307205 316.3658418357372 1219.798918902874 77.42248865962029 0 2359.118058010936 167.0104967802763 0.6511559933423996 0.887210488319397 0 0 0 0 0 0 0 0 0 0.1755328178405762 0.2433378398418427 0.1346843242645264 0 0 31.54207667708397 10.51402024924755 42.48604242503643 0 0 1.303902119398117 3.774835079908371 0 3.208848312497139 0 0.2008552998304367 0 0 0.3996178805828094 0 0.8526053428649902 9.597720146179199 0.2527768462896347 0 0 0.2334610968828201 0 0 0 0.2493920624256134 0.4663280472159386 9.501539587974548 11.74289424717426 3.72494812309742 3.339011698961258 1.445507615804672 1.121680617332458 0.2116888761520386 3.672663345932961 0.2341789826750755 0.3890849351882935 0.4767784625291824 0.4026709273457527 0 0.3251958936452866 152.6962993144989 149.3204196989536 0.2515413165092468 11.6367686316371 5.530856542289257 5.941787049174309 6.465344630181789 2.327129319310188 0 20.51819211244583 0.6162726879119873 0.2631712853908539 2.301766641438007 0 0.3997517824172974 0.6086891517043114 0.4042880311608315 0.2563633024692535 0.4270045384764671 0 0.4632396176457405 0.1032298505306244 0 0.111910343170166 0.1903139799833298 2188.805629208684 62.0752367079258 0 5.060081914067268 76.52012455463409 2.634171821177006 0.6471387445926666 1.910224974155426 1.473419278860092 1.408983141183853 114.7342695742846 3.257827669382095 38.54117116332054 22.33029194176197 14.4837531298399 6.51245479285717 112.8126847893 90.28290814161301 72.30359335243702 33.22960491478443 0 0.4252824187278748 0 0 0 0 0 0 0 0 0.2703835368156433 0 0 0.2151131480932236 0.3231945931911469 0.3692558705806732 0.1762088388204575 0 0 2.745623603463173 1.133769646286964 0 0 0 24.33721885085106 0.564821645617485 13.14952725172043 0.7015132308006287 0 0 0 0 0 0 0 0 0.9651599079370499 1.142660446465015 0.2970935255289078 0 0 0.384207010269165 0 0.2267325446009636 0.1086774840950966 0.3774066567420959 0.775933250784874 3.607326075434685 0 0 0 25.01334185898304 0 0.3171903565526009 0.2347869277000427 0.4848086833953857 0.5061958804726601 0 0 0 0.1616907566785812 139.3855711594224 1.143155857920647 0 0 0 7.898495703935623 1.28112918138504 2.081982135772705 2.975350394845009 3.308098375797272 2.108299806714058 1.206702142953873 1.00197746604681 0.427188940346241 0 0 0 0.3136599063873291 0 0 0 51.96020759642124 21.19838811457157 22.90154963731766 37.28781142085791 2.729616418480873 32.40187141299248 5.910261578857899 74.07662963867188 4.467805199325085 0.7633255273103714 6.957217387855053 2.310118712484837 0.1497735977172852 6.601968079805374 0.7460865080356598 3.770195618271828 0.3386216312646866 0.1512048989534378 0.7247548699378967 0.5054763555526733 0
282.699996098876 1147.313483066857 212.5079831257463 883.8073007911444 746.5617208257318 361.6759164184332 5005.07214269042 90.00788617134094 1271.082555085421 4904.935723125935 2445.881155319512 2359.118058010936 0 2848.638291969895 18.16479732841253 20.60654128342867 1.339230552315712 0.71466413885355 0 0.7061845660209656 1.040969133377075 0 0 0 2.776667773723602 3.222332388162613 0.6225195527076721 2.564932227134705 1.483316719532013 0.116922914981842 207.7294412925839 138.761881262064 601.5663256123662 0 2.647890418767929 4.24136047065258 33.20610945671797 1.430326864123344 6.33180870115757 0.5015206187963486 3.819576397538185 3.197061739861965 0 4.334148555994034 0.8745392113924026 3.245635777711868 114.4265593588352 5.024303093552589 0.5465948656201363 0.1283306330442429 4.369476325809956 1.591591477394104 0 0.4341016858816147 1.835385255515575 6.617916509509087 29.0924488529563 36.05833193659782 21.70647136867046 36.54034229367971 6.59356614202261 13.33286761492491 4.270919963717461 82.36932795494795 4.991067036986351 4.732436574995518 7.045993700623512 3.126887112855911 3.946271762251854 6.407708287239075 583.3950810134411 344.4101793467999 0.1767493784427643 65.39704337716103 44.28984169661999 72.5030709207058 225.1605299413204 52.4850814640522 4.347100213170052 353.5724024996161 4.253583148121834 9.640103310346603 16.82725737243891 0.3345749899744987 4.866375438868999 5.474838301539421 5.195457950234413 0.2268045544624329 4.344333611428738 0.3290685415267944 2.477771073579788 1.402554608881474 3.076355837285519 3.966933645308018 1.579554200172424 5852.783560067415 81.33270655572414 0 28.6534788608551 145.2070040255785 5.917740531265736 5.418376326560974 14.1089027300477 10.95645944774151 5.416432917118073 478.4311365187168 6.537391781806946 146.0350238531828 93.02810633182526 87.08145278692245 20.50598777830601 503.4163083732128 362.2671329304576 240.0366043224931 117.58359015733 1.382643863558769 0.8523735404014587 0.1340750753879547 0.1359762400388718 0 0 0 0 0 0 0 0 1.720309242606163 0.5839689522981644 0.6834541410207748 0.3149926066398621 2.076399236917496 0 0.1620173454284668 6.86922961473465 4.564445570111275 0 0 0.1500010341405869 76.73321381956339 10.51711805164814 68.5270883589983 5.52835188806057 1.996184840798378 0.5806668102741241 0 0 0 0.7868275046348572 0 0 8.596202440559864 11.15545465797186 1.039394088089466 0.2780156433582306 0 3.07450070977211 0 0.6183418855071068 0.7804031670093536 1.444852270185947 3.906508170068264 17.27379130572081 0 0 1.102597132325172 98.76897919923067 0.1320772171020508 1.940340332686901 1.40681030601263 1.700669467449188 1.925357431173325 0 0.755243182182312 0.3131694942712784 0.5018433555960655 609.8479621335864 10.9275968670845 0 0 0.2384021729230881 39.11861146986485 17.12307922542095 15.29977545142174 12.59120673686266 10.08323483914137 15.79807677865028 4.350084856152534 2.379784867167473 1.537508748471737 0.1235289126634598 0 0.1093800142407417 1.318043611943722 0.1014416962862015 0.2076335102319717 0.1529194414615631 251.2683558240533 91.8024932295084 77.62224572151899 372.3480633348227 56.93243502080441 379.6154661923647 99.71072001755238 190.2693007588387 91.80760576575994 5.767901808023453 104.3286561667919 10.05602379143238 3.387868694961071 29.1439942792058 6.801011495292187 19.37933002412319 0.3354095965623856 0 1.710855215787888 0.7068708389997482 0.1523460298776627
