0 1400.882657594979 394.2832276597619 737.8424752056599 225.7426388785243 103.7076425552368 2036.006206139922 83.49643023312092 55.84347025305033 2074.165779575706 648.0889615043998 804.5710515677929 1111.110345877707 309.3428455144167 2.567203111946583 1.271855145692825 0.1654814779758453 0 0 0 0.3259140253067017 0 0 0 0.1315849125385284 0 0.2702196836471558 0 0 0 596.4197800308466 20.36420962959528 19.89437232166529 0 0.130269929766655 0.4346306398510933 11.60431500524282 0.5767784342169762 2.537218660116196 0 0.1866724193096161 0.2685002982616425 0 0.2420254796743393 0 0 20.28581574559212 2.116838201880455 0 0 0.2173305377364159 0 0.2479908093810081 0.1758536696434021 1.810417473316193 7.983346201479435 257.1986693739891 1372.729525223374 32.96252764761448 8.430247701704502 0 2.883192270994186 0.2527180463075638 23.35636559128761 3.345115780830383 1.94427327811718 0.3931424468755722 0.4692770317196846 0.392517201602459 1.020466789603233 75.15085906535387 4.654335796833038 0 141.6687606200576 42.22943914681673 11.3054111674428 5.262346975505352 2.832794688642025 1.731097742915154 16.71773056685925 0.7631334662437439 1.632012903690338 21.83391914516687 0.2989126220345497 2.558231562376022 4.450965344905853 0.403154268860817 0.1659072935581207 1.254927106201649 0.1836971938610077 0.112094059586525 0.1053979843854904 0.1874265819787979 0.2560192793607712 0.4447484835982323 169.7007478773594 20.63845193386078 0 4.802568152546883 1318.58808747679 0.2556091845035553 0 0.7326490059494972 0 1.775922082364559 75.41320675611496 0.4504228085279465 3.727040573954582 5.800885736942291 2.054622933268547 1.011070683598518 10.41639482975006 5.839764952659607 8.551670983433723 2.934897564351559 0.1049384847283363 0.1262204498052597 0 0 0 0 0 0 0 0 0 0 0 0 0 0 0 0.1468889117240906 0 0.5523333325982094 0.1047259718179703 0 0 0 1.046219520270824 0 0.2247008383274078 0.1474823951721191 0.1201080605387688 0 0 0 0 0.09857846796512604 0 0 0.09459257125854492 0.5760252475738525 0.1366181373596191 0 0 0.1362189799547195 0 0 0.3693022578954697 0 0 0.2705895304679871 0 0 0 0.1366836428642273 0.2684577852487564 0.5009374618530273 0.3036269545555115 0 0 0 0 0 0 8.504715241491795 0 0 0 0 0.317873939871788 0.2511791288852692 0.5822799205780029 1.047007948160172 0.6427477300167084 0.5097890719771385 0 0.3793095499277115 0.1207285448908806 0.1406448185443878 0 0 0.1946667283773422 0 0.1548184156417847 0 4.075565703213215 1.203384973108768 0.6485496163368225 43.48681878298521 4.540023952722549 91.50203828513622 22.20041789859533 1222.646322369576 49.37888690084219 4.96465740352869 11.37617877870798 1.148985132575035 0 2.806447371840477 0.2252435982227325 3.373742505908012 0.113143116235733 0.1303561329841614 0.3845719397068024 0.4667809158563614 0
1400.882657594979 0 985.5389327555895 254.9278594106436 4320.411165267229 134.8836710453033 7946.84594014287 62.03627147525549 2026.13289475441 165.9297913312912 1382.400554999709 36.7435067743063 517.7613497525454 158.0141670033336 4.155412927269936 1.368993543088436 0.2291345372796059 0.5366264060139656 0.1134077236056328 0.1273923963308334 0 0 0.194381058216095 0.129162073135376 0 0.1120981648564339 0.3759550452232361 0.2464506402611732 0.1267358213663101 0.1381391733884811 1982.92749261111 30.87982478737831 15.32960825413465 0 0 0 9.424996182322502 0.7686107903718948 1.898852087557316 0.09731118381023407 1.254016563296318 1.311228632926941 1.261010833084583 0 0 0 98.44805598258972 8.171429082751274 0.1217149943113327 0.8483333587646484 0.7606699913740158 0 0 0 4.95374309271574 15.68590237945318 34.87485834211111 451.4856035411358 20.55424711108208 17.4032920897007 0.5158987045288086 2.725310012698174 0.3890951201319695 52.71692924201488 11.25319328904152 5.094545893371105 1.899085469543934 2.682370536029339 1.176714465022087 1.281189799308777 14.822883695364 0.1433198750019073 0 121.323823325336 65.93614816665649 54.22549157589674 47.64863778650761 6.16613344848156 4.206399083137512 10.78407052904367 2.732409588992596 3.275133028626442 38.42103306204081 1.024696595966816 6.064375042915344 11.49135685712099 3.063481695950031 0.2722795382142067 2.955998234450817 0 1.048993937671185 0.5886324644088745 0.4602396190166473 0.3344488069415092 0.9955205023288727 123.0170143246651 0.2213454395532608 0 1.521221220493317 302.4141657277942 0.684970036149025 0.3490621447563171 1.44067819416523 0 1.711249858140945 330.3116009533405 1.240561783313751 7.484230138361454 5.344382211565971 4.458809539675713 1.858929038047791 26.16934601962566 5.321631744503975 14.03461271524429 6.440480671823025 0 0 0 0 0 0 0 0 0 0 0 0 0 0.484340637922287 0 0 0 0 0 2.255028694868088 0.1184425875544548 0 0 0 1.95854014903307 0 0.4126133024692535 0.1470523327589035 0 0.09059270471334457 0 0 0 0 0 0 0 0.813840851187706 0.3530092835426331 0 0 0 0 0.5134578347206116 0.1264931708574295 0 0 1.202874526381493 0 0 0 2.219109669327736 0.5457760542631149 0.5993010476231575 0.5357887744903564 0 0.09437188506126404 0 0.103126659989357 0 0 7.510923750698566 0.2744694948196411 0 0 0.2716947495937347 0.9744276404380798 0.1914644092321396 0.3388640284538269 0.4941843003034592 0.6571422815322876 1.065794378519058 0 0.8844757750630379 0 0 0.2414903566241264 0 0.2110135033726692 0 0 0 4.796965084969997 0 1.035867147147655 208.9301123991609 24.50852239131927 330.9990279451013 48.6638450473547 481.2705764472485 48.51678830385208 10.37124960869551 41.9541032910347 1.882848724722862 0 4.723683513700962 1.410201132297516 5.003253370523453 0 0.2288605570793152 0.1711215525865555 1.75283345580101 0
394.2832276597619 985.5389327555895 0 13.33501908183098 422.6412974894047 7.374277740716934 269.206758633256 993.7656773552299 634.5251512899995 14.1980376765132 3971.316796451807 10.86929051578045 71.92327225953341 265.3123740851879 26.88951380550861 19.8888161405921 5.825636938214302 3.952835686504841 0.3025562167167664 2.87646771222353 3.197886995971203 0 0.6547919735312462 0.8132089227437973 6.358893290162086 0.5907122939825058 1.840409398078918 1.295847058296204 0.2322914302349091 0.3035228252410889 5940.74627776444 229.2592896223068 91.86440262198448 3.674735069274902 2.557926341891289 8.345939457416534 33.07206020504236 7.197272606194019 7.024358078837395 1.532080516219139 10.42823547124863 7.073659047484398 10.3861656114459 1.211770430207253 0.9275428876280785 3.848749257624149 110.0275253430009 10.52034446597099 3.219744578003883 12.51365146785975 2.720167487859726 0.4219490513205528 0.6504137441515923 0.7183445319533348 4.073162294924259 11.74317271262407 36.71758498996496 693.521136559546 20.9825934022665 17.47113317251205 5.884480975568295 18.27129625529051 22.46633246541023 297.6268816813827 9.90008881688118 6.576292343437672 5.594226896762848 23.52911926060915 21.23930077254772 46.43846829980612 29.24442853778601 1.062851965427399 0 130.7605580165982 98.41635302454233 68.95086095482111 89.80574735254049 37.16029834002256 295.4377678856254 720.1842708513141 48.21003317087889 342.2444260492921 39.59040828049183 0.685502901673317 6.083914048969746 9.738132379949093 14.91278019547462 0.2677220031619072 4.772603750228882 0 1.95939152687788 2.007582746446133 7.933978587388992 2.897065915167332 5.406716167926788 44.55289801955223 1.243119284510612 0 3.546916477382183 129.4549475312233 0.770785853266716 0 2.098103933036327 0.2215260565280914 1.036589816212654 10.54087131470442 0.1215454936027527 3.446117796003819 2.050009220838547 1.378865420818329 0 13.94679737091064 6.529267467558384 8.452052742242813 4.02780245244503 0.2930116057395935 0.4786506593227386 0 0 0 0 0 0 0.134133517742157 0.1679401695728302 0.5638309121131897 0 0 0 0 0.253547877073288 0 0 0 3.417966216802597 0.823997437953949 0 0.2594558000564575 0 5.644040122628212 0 3.50863242149353 0.7053008526563644 0.2301066368818283 0.6554998978972435 0.7297242283821106 0.1123946458101273 0 0 0 0.5909244418144226 0.1803521066904068 1.517756998538971 0 0 1.059470377862453 0 1.642884582281113 0.3363708257675171 0 0 0.3684422373771667 1.327806726098061 0 0.11675775796175 0 0.7381979450583458 0 0.5034042447805405 0.1066372320055962 0 0 0.4055018275976181 0 0.1359748691320419 1.221142806112766 10.32347808778286 0.1296633630990982 0 0 0.7129544317722321 0.273460254073143 0.3584289848804474 2.619575619697571 1.037239961326122 0 0.5917548090219498 0.1568443775177002 0.2539467439055443 0 0 0 0 0.2995581775903702 0.595189169049263 0 0.3220115602016449 2.52209098637104 1.025390043854713 2.773236595094204 257.2278476133943 32.68105129152536 340.8386021107435 50.60322801023722 159.2859122753143 45.0655397772789 10.68728856742382 80.75371948629618 2.954173915088177 0.1185084953904152 6.602638117969036 0.7054821625351906 7.036670595407486 0.1035610660910606 0.3497027158737183 0 5.021702066063881 0
737.8424752056599 254.9278594106436 13.33501908183098 0 26.929957062006 202.6116609275341 712.5523690879345 1.520222127437592 7.218898639082909 613.7324021607637 11.75558163225651 1006.992865726352 2619.660523176193 365.885243549943 1.346267469227314 0.1179073601961136 0.1337900608778 0.2264554500579834 0 0.1525306552648544 0 0 0 0 0.1254967600107193 0.2258384078741074 0 0 0 0 81.33883315324783 4.255049705505371 10.24905136227608 0 0 0.1552566736936569 9.111068367958069 0.428315207362175 1.505890861153603 0 0 0 0 0 0 0 5.935613736510277 0.8936456292867661 0 0 0 0 0 0 0.2628101855516434 0.6226946860551834 10.55676724761724 100.1115241646767 2.96062920987606 1.027542859315872 0 1.105740875005722 0 5.635129027068615 1.170479729771614 0.3917100206017494 0.2412827536463737 0 0 0 81.15382873266935 0 0 17.76668033748865 8.866920799016953 3.554550662636757 3.233702830970287 0.4882002249360085 0.3611753135919571 0.6702471673488617 0 0.2738409042358398 4.544240422546864 0 0.2789854407310486 0.2593711018562317 0.2135478928685188 0 0.08083982765674591 0 0 0.2127144038677216 0 0 0 166.542802080512 0.3637218177318573 0 0.8150927871465683 98.82349726557732 1.191096037626266 0 0.5802060514688492 0.7692438364028931 2.156087651848793 31.71151772141457 1.167594075202942 5.013374119997025 7.946912378072739 1.957707732915878 0.6319188475608826 12.7650056257844 7.478230714797974 8.555660106241703 2.169951401650906 0 0 0 0 0 0 0 0 0 0 0 0 0 0 0 0 0 0 0 1.042362064123154 0.1269443929195404 0 0 0 1.757958896458149 0 0.4805663004517555 0 0 0 0 0 0 0 0 0.1060620248317719 0.4539710879325867 1.650262624025345 0 0 0 0 0 0 0 0 0 0.2251753360033035 0 0 0.1995363831520081 0.1615570187568665 0 0.3827602565288544 0 0 0 0 0 0 0 7.171619489789009 0 0 0 0 0.7873183786869049 0.5223454236984253 0 0.2950358614325523 0.8625500425696373 1.11704982817173 0.2292412519454956 0.1357128769159317 0 0 0 0 0 0 0 0 5.253045350313187 0.6402461677789688 0.1196712553501129 18.07061897963285 1.943140894174576 26.58666803687811 5.708431705832481 315.599710047245 5.645734630525112 1.170005515217781 4.728858798742294 0.2396489679813385 0 2.528364330530167 0.09173877537250519 1.8770572245121 0 0 0.384630560874939 0 0
225.7426388785243 4320.411165267229 422.6412974894047 26.929957062006 0 68.43921825289726 6303.849366642535 97.27096804976463 6970.455956630409 306.0315848886967 1859.81715863198 32.47646822780371 948.9919261857867 508.7386366128922 19.32049892097712 7.746766120195389 1.934509113430977 0.9266880378127098 0.1265273541212082 0.3188662230968475 0.1599728763103485 0 0.1330558806657791 0.3098452687263489 0.3594447448849678 1.046236336231232 0 1.080002047121525 0.2730076014995575 0 510.4840371981263 69.72254900634289 46.4581285789609 0.2266555279493332 0 0.1280341297388077 14.54484994709492 0.7838228493928909 4.409678161144257 0.2083155587315559 2.008610241115093 1.539327412843704 0.826515220105648 0.4719068855047226 0.09080327302217484 0.6851036846637726 221.3622410595417 12.1843384206295 0.9077522680163383 2.21687401086092 1.438725464046001 0 0.1474148780107498 1.000049069523811 6.801432311534882 23.36121019721031 26.90959256887436 196.345357991755 20.86315973848104 28.39599781483412 0 7.980356581509113 0.6883641108870506 93.17851530760527 15.71065735816956 8.333482287824154 3.291300535202026 6.885929062962532 2.817588768899441 4.289103224873543 67.58271020650864 0.8454964458942413 0.1645189672708511 120.9432788491249 76.18199125677347 106.8125638365746 109.6334580928087 23.20661028474569 18.86146128177643 37.69240232557058 4.474755771458149 15.57528559118509 49.91064302623272 2.013104163110256 9.638488173484802 13.78510627150536 7.803903378546238 0.615850143134594 4.33820940554142 0.2858630269765854 2.522565297782421 1.258876420557499 0.7668823972344398 1.268109157681465 2.740811094641685 681.1969119235873 3.092507764697075 0 3.077173434197903 32.09278274327517 8.440517708659172 3.745523162186146 12.16349817812443 4.779288902878761 10.8819150403142 92.51893058419228 11.21491837501526 47.65392773598433 26.35765938460827 23.70261247456074 6.483322113752365 162.6030511409044 54.27533279359341 102.5192756429315 31.43795086443424 0.2637146413326263 0.3839906379580498 0 0 0 0 0 0 0 0 0.1353228241205215 0 0 0 0 0.3056835830211639 0 0 0 11.86517522484064 2.135788783431053 0 0 0 13.87960360944271 0.4512709677219391 3.01557345688343 0.4570648670196533 0 0.2054792419075966 0 0 0 0.2667011022567749 0 0 1.68698462843895 6.221634902060032 0.1376261562108994 0.3346966803073883 0 0 0.2265382632613182 0.5215364173054695 0.8512731045484543 0.09097319841384888 0.454684853553772 2.708740651607513 0 0 0 7.405440211296082 1.629049614071846 1.332843586802483 0.2874570339918137 0.09714040160179138 0.2874293774366379 0.1314750909805298 0 0 0 46.1281274035573 0.1500433683395386 0 0.3546101227402687 0 5.923964202404022 0.8105216920375824 4.460357695817947 4.741412043571472 8.182228527963161 4.04804939776659 1.993180200457573 1.59460636228323 0.6312595158815384 0.2477585673332214 0 0.1049902811646461 0.1122867986559868 0.2113325893878937 0 0 23.85280083864927 3.729265853762627 2.01092229783535 617.330877572298 60.25088499486446 678.4286601245403 94.53229856491089 442.218293748796 91.57681979984045 18.54076362401247 167.4755270704627 12.25917423516512 1.404720805585384 22.54248165339231 1.792754873633385 39.39877270162106 0.8725154250860214 0.2803431153297424 1.464191913604736 3.366045355796814 0
103.7076425552368 134.8836710453033 7.374277740716934 202.6116609275341 68.43921825289726 0 415.7245237231255 0.6364220529794693 42.45906241238117 655.9822527468204 11.74949499964714 249.6622793376446 392.0430395752192 72.39346642792225 0.3703662604093552 0.1160964742302895 0 0 0 0 0 0 0 0 0 0 0 0 0 0 50.89429484307766 1.667498186230659 15.45045268535614 0 0 0 43.92090892791748 0.4059650897979736 34.52721850574017 0 0 0 0.1303705424070358 0 0 0.2374324351549149 1.836023293435574 0.3889702707529068 0 0 0 3.052388623356819 0.4447074383497238 0 0 0.9937440305948257 102.5994982272387 55.5927857235074 0.8637295290827751 0.5532554537057877 0 3.347321555018425 0 0.7059680670499802 0.4067085832357407 0 0.1384899020195007 0 0 0.1735949218273163 388.0606783181429 169.5890933424234 9.342820882797241 5.197060696780682 2.395739331841469 1.425480157136917 1.031478151679039 0.2693949639797211 0.2044768333435059 1.471714377403259 0.2462537735700607 0.6293210387229919 1.720656082034111 5.551204487681389 0.2803117036819458 2.10529475659132 0 11.20576697587967 3.800694353878498 10.67557036876678 0 0.6972419321537018 0 0 0.1898098737001419 996.8886052072048 561.7888119667768 3.301371663808823 122.5988972038031 452.3501221984625 0 0 0.2974049896001816 0.5751929581165314 0.3176963627338409 12.56644922494888 0 1.496528819203377 0.8367917984724045 0.5015131682157516 0 3.301941648125648 0.8263760805130005 2.096059828996658 1.027375400066376 0 0 0 0 0 0 0 0 0 0 0 0 0 0 0 0 0 0 0.3106921017169952 0.1137998104095459 0 0 0 0 0.4972721487283707 0 0.1428190916776657 0 0 0 0 0 0 0 0 0 0.14439557492733 0.2941463068127632 0.1244220286607742 0 0 0 0 0.1112856715917587 0 0 0 0.4758665263652802 0 0 0 0 0 0 0 0 0 0 0 0 0 2.810194574296474 0 0 0 0 0.3180180788040161 0.1560568064451218 0.5431262999773026 0 0 0.4482416212558746 0 0.1074371486902237 0 0 0.1613672524690628 0 0 0 0 0 0.6915970891714096 1.16635537147522 0.1110534816980362 6.160374768078327 0.2465082928538322 8.220056906342506 0.4569752588868141 153.4983838498592 2.762391567230225 0.3720296621322632 0.8141990751028061 0.3745575100183487 0 0.264853447675705 0 0.3312431275844574 0 0 0 0 0
2036.006206139922 7946.84594014287 269.206758633256 712.5523690879345 6303.849366642535 415.7245237231255 0 23.65213459730148 2418.796880111098 2066.382907539606 1267.85562159121 79.15171593427658 4423.527227148414 2269.910541564226 15.71037293970585 3.758179277181625 2.633940272033215 0.9880990460515022 0.2519792318344116 0.1535460948944092 0 0 0 0 0 0 0.07971065491437912 0.9326284378767014 0.2814043760299683 0 776.7943625450134 74.04999916255474 41.71434605121613 0.1702667772769928 0.1400556415319443 0.1036771759390831 13.50739944726229 0.2150458544492722 4.047693572938442 0.08342350274324417 0.5775003805756569 1.831157654523849 1.263240858912468 0.1610037535429001 0 0.1818368881940842 227.2421460226178 14.45531697571278 1.488155335187912 1.204563520848751 0.9853527471423149 0 0 0.7082395553588867 8.141381151974201 34.22439759224653 61.39917701482773 582.0858162939548 39.57746202498674 39.3838334903121 0.1508485674858093 4.456685625016689 0.6985924690961838 128.2374611496925 23.86204704642296 8.907092399895191 6.379342153668404 6.019437558948994 1.938711687922478 1.965439133346081 76.76574049890041 0.3507147133350372 0.1257390081882477 214.7546711191535 121.95301823318 115.8460081219673 104.8613447546959 18.21933481842279 12.35200490802526 10.09563375264406 3.84083890914917 11.40301153063774 76.65987991541624 3.532546103000641 15.39585526287556 20.9406873062253 6.926446676254272 0.4899928346276283 6.093869261443615 0.40399070084095 2.099436409771442 1.313772656023502 0.6591557264328003 0.8093319237232208 4.128997012972832 1413.065586835146 4.839908190071583 0 2.880685888230801 143.3774852305651 7.020678251981735 2.487809956073761 18.11803367733955 4.467918142676353 11.18537758290768 185.8110149055719 13.62413512170315 69.0911146402359 31.17364962399006 30.92533248662949 9.21363228559494 212.8008786216378 81.83717940747738 125.387993298471 40.34505979716778 0.4339499697089195 0.4132855460047722 0 0 0 0 0 0 0 0 0 0 0.2163921892642975 0.08747389912605286 0 0 0 0 0 15.2705005928874 2.265368595719337 0 0 0.1756203025579453 12.26437995582819 0 3.091408610343933 0.4198368862271309 0 0.2897189855575562 0.123737633228302 0 0 0 0 0 2.732390716671944 8.224673055112362 0.409071758389473 0 0 0.09180284291505814 0 0.4313795939087868 1.237496703863144 0 1.319069996476173 8.696173936128616 0 0 0 6.654176399111748 1.448903322219849 2.86967821419239 1.895600914955139 0 0.5376439392566681 0.6588417589664459 0.2611271440982819 0.7183694839477539 0.2504190057516098 61.71779049187899 0.1496140509843826 0 0.2572638690471649 0.5253410339355469 8.640933901071548 0.8816484957933426 1.894846305251122 8.023124620318413 8.286494895815849 6.704416029155254 1.368823163211346 1.412778571248055 0.1317395120859146 0.2732813358306885 0.09462575614452362 0.09311689436435699 0.7985395714640617 0.1026042997837067 0.7438040673732758 0 37.74745339155197 5.042511239647865 2.248817771673203 522.2119003906846 61.20315142720938 746.9754910320044 113.4576847404242 990.1119112819433 118.730876006186 22.90933580696583 126.7227904722095 11.29765177518129 0.7588849887251854 25.84627142548561 1.258206613361835 52.86462326347828 1.83164306730032 0.9036811143159866 2.676359742879868 4.074897557497025 0.3407500982284546
83.49643023312092 62.03627147525549 993.7656773552299 1.520222127437592 97.27096804976463 0.6364220529794693 23.65213459730148 0 75.8804152905941 3.812125481665134 3862.501191146672 2.044515416026115 22.09484462440014 243.9348750114441 26.35622211545706 26.69420041888952 8.474966660141945 4.319582238793373 0.2342845275998116 7.467403776943684 12.69463825970888 0.1411392390727997 1.450045846402645 0.4173914343118668 15.61456480622292 1.360863134264946 3.433284476399422 1.744470328092575 0.1023009642958641 0.1426884829998016 1726.178618215024 392.4560828357935 186.5485066846013 8.682728230953217 7.788384608924389 12.76289583742619 40.91568323969841 9.437700197100639 9.442793019115925 2.978744953870773 20.2631499171257 15.86668853461742 24.16140475869179 1.111272543668747 1.434404470026493 10.77583972364664 50.79000086337328 5.610118858516216 3.97310359030962 13.54084120690823 3.979359470307827 0.3517791107296944 0.6681389585137367 4.392822235822678 0.9706024900078773 4.156787477433681 8.033171981573105 120.8470228910446 4.710278503596783 5.452930212020874 8.570710062980652 44.68611708283424 45.48470152169466 92.01614684611559 3.168385036289692 4.112861126661301 4.820520624518394 23.55617149174213 34.82912938296795 103.0603557229042 10.10164280235767 1.005048811435699 0.5027164220809937 34.86808144301176 30.98375405371189 38.38669070601463 62.30367070436478 68.28809568285942 829.4404285848141 3238.37052346766 98.34779207408428 1240.68976418674 10.01644735783339 0.3321716338396072 2.668360099196434 2.849913060665131 19.97708494216204 0.08427412062883377 1.974144838750362 0.1419998854398727 3.025781489908695 3.047279946506023 18.52437993139029 5.531061284244061 13.64639431238174 3.700483821332455 1.676290810108185 0 3.258861720561981 29.0344846919179 0.3145266845822334 0 0.1341397613286972 0 0.2603053897619247 1.734744548797607 0 0.2605652511119843 0.5928039252758026 0.2035536915063858 0.1079507917165756 1.411822557449341 1.509188517928123 2.915154352784157 4.150115706026554 0.4069954380393028 0.5094738453626633 0 0 0 0 0 0 0 0.3210882991552353 0.9744057059288025 0 0 0 0 0.1354582607746124 0 0 0 0.8098673075437546 0.6796825081110001 0 0 0.1416721642017365 8.508249469101429 0.09850248694419861 3.077496193349361 1.439761094748974 1.037402264773846 1.665991224348545 1.760351002216339 0 0 0.1582381427288055 0 0.3620893657207489 0.6996784508228302 1.656142801046371 0 0 1.770158305764198 0.1233488991856575 3.254513993859291 0.1658060997724533 0.5355017334222794 0 0 0.1354946047067642 0 0 0 1.533940576016903 0.2709912657737732 0.2872555181384087 0.08976635336875916 0 0.1023813784122467 1.087159425020218 0 0 1.638047233223915 5.230572357773781 0 0 0.2074576914310455 2.029647223651409 1.09787954390049 0.44509157538414 2.185642793774605 0.5046035274863243 1.113185584545135 1.553823687136173 0.2700945436954498 0.3586411774158478 0.2726315706968307 0.1186927333474159 0 0 0.1972711309790611 0 0.1375120580196381 0.3582003861665726 0.860415056347847 0.7521896511316299 3.856122486293316 221.549039632082 24.51061903685331 177.1980242319405 23.93938556313515 33.45594664663076 14.94762479513884 2.505946837365627 52.67867778986692 9.876987032592297 0 9.600016832351685 0.6161070168018341 4.00548405200243 0.1472447067499161 0.1190807521343231 1.852706238627434 1.568156726658344 0
55.84347025305033 2026.13289475441 634.5251512899995 7.218898639082909 6970.455956630409 42.45906241238117 2418.796880111098 75.8804152905941 0 132.4268139451742 2495.840814076364 42.16749056428671 1488.278119236231 1703.95251699537 14.86031322926283 7.414325103163719 0.9189677163958549 0.3004342317581177 0 0.5296149998903275 0.2105998694896698 0.4777616560459137 0 0.2525542676448822 2.154138557612896 0.122113011777401 0.1820784509181976 0.2786932811141014 0.4412361830472946 0 190.2263371795416 64.57259517163038 197.1429155096412 0.6687236279249191 0.5003457218408585 0.3683528751134872 55.4800212085247 3.846889033913612 9.88162162899971 0.7765001133084297 1.196396589279175 1.434755876660347 2.502212032675743 0.3018705397844315 0 1.586851462721825 82.74782226979733 2.303123757243156 1.104643434286118 1.871863283216953 1.236102215945721 0 0 0.7694691717624664 1.001315981149673 5.084850713610649 6.445542901754379 59.91795215010643 6.115421310067177 8.755978554487228 1.032264515757561 20.63026586920023 1.453090265393257 54.60936368256807 4.658982783555984 2.270320348441601 1.53601910918951 5.529348008334637 4.673440486192703 5.558660671114922 88.95087388902903 0.4618928283452988 0 42.3264649361372 24.10189258307219 50.70354367047548 62.45652183890343 19.15798017382622 20.63170882314444 45.49182453751564 8.597898468375206 20.82662066072226 14.54735114425421 0.8179817497730255 2.1152278855443 3.067799031734467 4.106228359043598 0.4227738380432129 1.3739113509655 0 1.164716526865959 1.355158604681492 1.659909069538116 1.034724459052086 3.110197097063065 459.0411752313375 3.429200485348701 0 5.981178149580956 10.03211316466331 5.556606255471706 1.421525195240974 7.701224081218243 0.4257829487323761 8.451397061347961 40.98566524684429 5.89597250521183 31.63321550190449 14.10543282330036 13.20946627855301 5.812825620174408 118.1100507900119 36.98312600702047 72.63369476050138 25.69601418823004 0.1107908487319946 0.8208760768175125 0 0 0 0 0 0 0 0.339573085308075 0.2536906599998474 0 0 0.2032723277807236 0 0.1040350645780563 0 0 0 12.3272884786129 2.342119984328747 0 0 0 11.93531478941441 0 2.892179504036903 0.9448071643710136 0.1722256690263748 0.5980179011821747 0.6743276417255402 0 0 0 0 0.1546527594327927 1.951766617596149 4.163853399455547 0.6985430717468262 0 0.162373274564743 0 0.1352004706859589 0.8083284124732018 0.1466075628995895 0.09708072245121002 0.3424078226089478 5.497287638485432 0 0.1401616781949997 0 6.501474753022194 0.8936618864536285 2.184222266077995 0.5383375063538551 0.2537531480193138 0.2439056560397148 0.1125304996967316 0 0 0.4194735214114189 34.46303008496761 0 0 0 0 4.45972615480423 1.61533360183239 1.102817371487617 7.287558890879154 6.023189336061478 5.588263586163521 1.526180945336819 2.508789837360382 0.4557507261633873 0.2467982769012451 0 0 0.2264153808355331 0 0.1394602358341217 0.1298635452985764 22.66412079334259 1.694713234901428 2.332659028470516 422.2024895399809 28.24250742048025 280.1515776589513 37.56128012388945 166.6901910677552 31.70412208884954 5.965682446956635 113.4596038833261 7.268122233450413 0 20.35457142442465 1.63816525042057 33.77448596805334 0.2711759954690933 3.189146310091019 2.338307619094849 2.903419598937035 0.4408762156963348
2074.165779575706 165.9297913312912 14.1980376765132 613.7324021607637 306.0315848886967 655.9822527468204 2066.382907539606 3.812125481665134 132.4268139451742 0 24.58417774736881 980.3512163162231 4451.836856514215 388.8551322445273 0.8717637807130814 0.6309953704476357 0.1530010104179382 0 0 0 0 0 0.142579659819603 0 0 0 0 0 0 0 72.32441686838865 7.317861437797546 48.6282375305891 0 0 0.230717197060585 35.27469074726105 1.512921988964081 8.460179373621941 0.1223747730255127 0.217807337641716 0 0.2908729836344719 0 0.1156323030591011 0 10.49780539423227 1.320248171687126 0 0.1021268740296364 0.1396414935588837 0 0.1287081986665726 0 0.9079714938998222 1.669855043292046 22.77897793054581 110.3576428666711 3.972184851765633 1.86997351795435 0 2.566770285367966 0 6.871793031692505 0.9301876798272133 0.5947445258498192 0.2177292928099632 1.128526240587234 0 0.4667874872684479 317.0600125044584 1.105875253677368 0 23.63020291924477 10.25839617103338 5.163135178387165 3.93177892267704 0.9724282175302505 0 1.011403165757656 0.8565145879983902 0.8881021291017532 6.633568301796913 0 0.649715468287468 1.297951497137547 0.6932658776640892 0 0.3576014637947083 0 0.1206194907426834 0 0.1139995455741882 0 0 563.0950075387955 17.53808508813381 0 9.373090364038944 496.7951595336199 4.119155131280422 0.503762423992157 6.178024269640446 2.355941966176033 4.094727784395218 142.193759188056 3.977172911167145 21.11889661103487 9.685032814741135 15.14188465476036 3.048771575093269 52.12927398085594 20.65119744837284 41.72841771692038 7.721019767224789 0.5104296505451202 0 0 0 0 0 0 0 0 0 0 0 0 0 0 0 0 0 0 3.982171259820461 1.270108819007874 0 0 0 4.365729928016663 0.3101699650287628 2.060993522405624 0 0 0 0.1768712103366852 0.2294555008411407 0.3664778470993042 0 0 0 0.2419767752289772 0.4538986012339592 0.5631985068321228 0 0 0 0 0.2409612983465195 0.4096173122525215 0 0.4713402092456818 1.769790261983871 0 0.1804268360137939 0 3.480513818562031 0.3433014750480652 0.3374929949641228 0.4296999350190163 0 0 0.2311610728502274 0 0 0 15.53305950015783 0 0 0 0.1662638187408447 1.162208028137684 1.220432937145233 1.729231670498848 2.514103285968304 3.096708595752716 2.280238896608353 0.9259119778871536 0.6556583493947983 0 0 0 0 0 0 0 0 14.63638038933277 2.886773660778999 1.374231159687042 42.39205112308264 3.549851380288601 51.24410274624825 6.727732978761196 631.1254794076085 7.863900654017925 0.5470192283391953 9.317526087164879 2.865803085267544 0 7.390182383358479 0 36.21924428641796 0.3194986581802368 0 2.192824274301529 0.5379928201436996 0
648.0889615043998 1382.400554999709 3971.316796451807 11.75558163225651 1859.81715863198 11.74949499964714 1267.85562159121 3862.501191146672 2495.840814076364 24.58417774736881 0 64.74275615811348 1686.618143618107 2027.174062304199 58.83744253963232 41.85654883086681 9.751426793634892 3.495324566960335 0 3.310096591711044 3.632402703166008 1.301932781934738 1.92209480702877 0.8075523748993874 32.9055413082242 3.925634235143661 15.10036945343018 3.108493223786354 0.3977571576833725 0.4973717927932739 3430.376190908253 298.8827620521188 2022.881588943303 6.126971200108528 4.222816869616508 29.08079427480698 566.8309359773993 97.80849271267653 74.33272336423397 13.51810695976019 18.85580598562956 8.38154598325491 8.259248167276382 2.965488515794277 0.9573813453316689 8.595361463725567 229.6551084592938 19.80175938457251 5.615428894758224 9.324864163994789 3.778590381145477 0.4249714091420174 0.7265286669135094 2.435128018260002 4.705528818070889 22.55347103625536 34.08764231950045 363.8351792395115 22.14983325451612 32.21331089735031 8.392391927540302 402.8077327534556 29.54082231968641 176.2878623083234 19.75435761362314 10.73090523481369 7.750132009387016 20.6168467849493 13.77080497145653 37.20601579546928 246.15507029742 5.782793335616589 0.1333732903003693 150.8504156321287 116.5443371012807 160.2749589085579 188.9089700728655 69.74697801470757 307.8918442204595 650.8764207288623 40.84676089882851 144.6631899178028 56.48211819678545 2.689486794173717 13.02002456784248 20.01868364959955 13.22017589956522 0.4904101267457008 6.86747320741415 0.3764633536338806 4.710022456943989 2.884728811681271 8.539952628314495 4.730743981897831 10.55409692972898 149.1737724989653 3.622644118964672 0 13.76586882770061 104.0289150103927 2.727684915065765 1.174092054367065 5.372510977089405 2.4128407984972 7.727659195661545 18.04800218343735 1.454579174518585 12.67699791491032 8.53966747969389 8.701507985591888 1.809957608580589 45.40041459351778 25.585524559021 49.08493869751692 27.35345072299242 0.76103875041008 1.576145000755787 0.0984276756644249 0 0 0 0.107637494802475 0 0.1536819785833359 0.7413998693227768 1.057266786694527 0 0 0 0 0.6467728167772293 0.1343125253915787 0 0 9.51444984972477 2.507930345833302 0 0 0.1240899935364723 28.87238898128271 0.3629423230886459 11.73195730149746 4.899458847939968 1.128219708800316 1.198087178170681 0.5327843427658081 0.09213193506002426 0 0 0 0.7383379861712456 3.036537706851959 10.9175406768918 0.5649958923459053 0.2873671799898148 0.6714972406625748 0.3200090527534485 0.6315918117761612 0.332009881734848 0.7260957136750221 0 0.7979278266429901 3.803285211324692 0 0 0.2038787603378296 12.61900475621223 0.8179016709327698 1.783845484256744 1.25487856566906 0.0998404249548912 0.2064643129706383 0.9339245408773422 0 0.4579293727874756 1.344250082969666 62.47458149492741 1.685775443911552 0.2371003180742264 0 1.710291244089603 6.228966772556305 3.107487305998802 10.90313562005758 5.247617207467556 3.899691715836525 5.400013506412506 0.8722930178046227 2.86688657104969 0.3613274320960045 0.2666173875331879 0.1552508622407913 0 0.680307574570179 0.2063239067792892 0.1289204210042953 0.3032633811235428 17.91101241111755 9.790312126278877 12.17345090955496 709.8747904002666 81.57385075837374 681.029428139329 113.5318326875567 285.0454486384988 87.60606686770916 23.97493774443865 234.1696528494358 21.6565844938159 1.376073494553566 27.79121653735638 4.24840022623539 26.72754418104887 2.999261610209942 1.646306030452251 5.555368401110172 7.352583423256874 1.116570919752121
804.5710515677929 36.7435067743063 10.86929051578045 1006.992865726352 32.47646822780371 249.6622793376446 79.15171593427658 2.044515416026115 42.16749056428671 980.3512163162231 64.74275615811348 0 1684.670671224594 207.53856048733 2.064096800982952 1.532524310052395 0.1418874561786652 0 0 0 0.6348942816257477 0 0 0 0.3851114213466644 0 0 0 0 0 30.50398895889521 13.10436826944351 78.36342120170593 0.168979749083519 0 0.1346549093723297 140.818741351366 8.773789197206497 31.95984249562025 0 0.2956335991621017 0.4965448826551437 0 0.2884182929992676 0 0 10.98337876796722 0.1887839436531067 0 0.4833275824785233 0.3386870622634888 0 0 0.3799098879098892 0 0.9115085676312447 6.867118999361992 35.26517906039953 2.517283789813519 1.962845526635647 0 10.39404410868883 0 7.506429426372051 0.7154382914304733 0.2615787610411644 0 0.3762808069586754 0.1917926818132401 2.086452320218086 275.0507661178708 3.281185299158096 0.1936607658863068 9.748933106660843 5.291107892990112 4.866809912025928 6.961595930159092 2.144018575549126 1.637018002569675 6.866938963532448 1.811111807823181 2.551006987690926 2.094576753675938 0 0.5978316739201546 0.5144578963518143 0.2554027885198593 0 0.1650507301092148 0 0.161813348531723 0.1413032859563828 0.4397315979003906 0.4862701892852783 0.1599849462509155 551.841388374567 15.99256697297096 0 32.15712769329548 51.22123849391937 5.958764009177685 0.4689601361751556 7.219267942011356 2.477409034967422 9.904518663883209 27.95061132311821 3.475774794816971 20.96537692844868 11.00120033323765 9.670968487858772 4.364400058984756 73.78096080571413 29.11276978254318 75.130540817976 38.19197139889002 0.3905254751443863 0.6562981754541397 0 0 0 0 0 0 0.1237329170107841 0.3692701756954193 0 0 0 0 0 0 0 0 0.199429377913475 13.13242606818676 2.329643651843071 0 0 0 15.58354035019875 0 5.331773586571217 0.5058083310723305 0.9486561268568039 0 0 0 0 0 0 0 2.036101654171944 7.221962176263332 0.2787694483995438 0 0 0 0.2417289763689041 1.439978025853634 0.7781057953834534 0 0.6076980978250504 5.040608391165733 0.2285773903131485 0 0 10.90753389149904 2.892954863607883 1.878853566944599 1.581031493842602 0 0 0.1318797916173935 0 0.1634808033704758 0.5174195691943169 58.97467387467623 0 0 0 0 4.496395856142044 1.605107322335243 2.758717194199562 4.921811327338219 5.89852386713028 7.180287815630436 2.361645691096783 3.506600968539715 0.6118450090289116 0 0 0 0 0.1054758727550507 0 0 22.71580661833286 6.752218753099442 3.089596912264824 107.5879977568984 1.442630462348461 50.5883661210537 5.865260012447834 232.8485277444124 6.293045826256275 0.7809407487511635 20.29982862621546 5.775920860469341 0 22.80986075848341 1.600784823298454 30.24620396643877 1.074849426746368 0.09241641312837601 3.081301286816597 0.1360715329647064 0
1111.110345877707 517.7613497525454 71.92327225953341 2619.660523176193 948.9919261857867 392.0430395752192 4423.527227148414 22.09484462440014 1488.278119236231 4451.836856514215 1686.618143618107 1684.670671224594 0 3403.471268095076 25.04141125828028 21.25427010655403 4.238850250840187 1.280349969863892 0 1.042177960276604 0.856975331902504 2.885340362787247 0.1423696875572205 0 13.48996801674366 0.7522063851356506 2.796698659658432 1.687214031815529 1.516681462526321 0.1104389354586601 115.7090677767992 89.98825380206108 1117.302227765322 1.451440244913101 0.9144235998392105 8.360314585268497 718.8897994160652 199.6615331321955 93.06661228835583 4.972251504659653 5.36196630448103 4.688737459480762 1.670093432068825 2.887435898184776 0 3.062274612486362 62.33863342553377 2.974561095237732 0.5647386536002159 2.779686532914639 0.9117530137300491 3.063485711812973 0.3395226001739502 1.173136599361897 1.059579320251942 5.130663760006428 11.39277851581573 88.43143498152494 7.677624270319939 5.436334431171417 3.059122979640961 177.841597519815 3.401388086378574 52.17380950599909 2.282680213451385 2.344541996717453 1.212705090641975 5.554460883140564 7.177949450910091 10.79435086995363 1041.645182847977 14.19905635714531 0 38.19361232966185 21.46110243350267 45.58902911841869 56.99534010887146 24.90854112058878 34.76250278949738 39.90449895709753 14.89259634166956 29.82892199605703 11.8461689800024 0.4751041829586029 2.349058426916599 2.858565866947174 6.078610144555569 0.3571431562304497 1.862090200185776 0.3241232931613922 0.8508401587605476 0.1971282660961151 3.02327623218298 1.467565469443798 4.138361893594265 2910.001380451024 20.11582483351231 0 34.87715961784124 77.72445148229599 12.88308648765087 3.375133544206619 26.64080605655909 6.236427001655102 29.47282817959785 84.54160080105066 16.96931390464306 78.39940965920687 48.90976009517908 45.16140215843916 17.15502481907606 309.3691399395466 132.6548632010818 222.461703248322 117.7365291193128 2.765061609447002 3.314286388456821 0.3547018617391586 0.238602377474308 0 0 0.1141053661704063 0 0 0.4127670526504517 1.070449598133564 0 0 0.5910833552479744 0.4257018268108368 0.2846191227436066 0.2725662887096405 0 0 39.06852620840073 9.093475081026554 0 0.1427328437566757 0.1803685277700424 63.64271546155214 0.89499831199646 16.61521036922932 3.817851223051548 0.4184304475784302 1.216266207396984 0.7463172152638435 0 0 0 0 0.3054594546556473 5.221242137253284 19.72325532883406 2.062697283923626 0.260057307779789 0.5104509741067886 0.151933416724205 0 1.659079939126968 1.115969128906727 0.3468925952911377 1.381743520498276 14.64073400944471 0 0.4971823394298553 0.1377072036266327 30.80272147059441 5.429178796708584 5.225843288004398 3.532937824726105 0.5777941644191742 0.2679179310798645 1.051654398441315 0.2053357660770416 0.1731129735708237 0.9186499938368797 222.7817013636231 1.229557767510414 0 0.3373151496052742 1.512589924037457 19.15939454734325 4.816587217152119 14.28027336299419 15.88119225949049 12.9774574264884 14.54332799464464 6.460811011493206 7.923772476613522 1.748768329620361 0.2148242145776749 0 0 0.9402101039886475 0.537359245121479 1.038360133767128 0.4470619261264801 102.888729095459 28.78984020650387 16.65662637352943 500.668184004724 21.17375165224075 253.8439411818981 38.03510946035385 403.5480745881796 34.26429247111082 6.544330820441246 127.8909359201789 24.75741960853338 1.557827807962894 64.00466945767403 4.752755619585514 97.17337863147259 5.440436445176601 2.795468755066395 6.806365318596363 1.453201696276665 0.2994034886360168
