0 4245.706770963967 245.6650049090385 1521.122985817492 169.6176150292158 101.2766958773136 442.7127821445465 291.7086964249611 91.46687187254429 1799.382968403399 894.0554575845599 69.88820664584637 432.0726907625794 203.0549815669656 0.9145381152629852 0.525878444314003 0.1442247331142426 0 0 0.1325546503067017 0 0.3831200301647186 0 0 0 0 0 0.1533722132444382 0.3904870897531509 0.1056599989533424 185.4600835293531 3.267224907875061 4.986324802041054 0 0 0.2133900970220566 4.899016097187996 0.1382161378860474 0.5745673775672913 0 0.1606107652187347 0 0.5595529079437256 0.1054344773292542 0.1116261407732964 0 10.59734901040792 5.426646746695042 0 0 0.3093182668089867 0.7992760390043259 0 0 2.908851459622383 3.95202574878931 219.2242182269692 1034.744466617703 5.379594020545483 51.42865046858788 0.4268516898155212 0.2539169192314148 0 11.28972933441401 4.071328237652779 3.752734340727329 1.001813240349293 0.93780168145895 0.5831425487995148 0 7.657248958945274 8.948256403207779 1.131622672080994 206.3619791790843 10.58609668165445 14.51145120710135 4.688500300049782 1.386824823915958 0.6336926221847534 139.0854363143444 0 4.224373556673527 22.82181457430124 0 5.759204514324665 2.973674789071083 1.878920458257198 0.7672911584377289 1.018573060631752 0.2109736949205399 0.3352574110031128 0.9542710855603218 0.6941632777452469 0 0.3232116103172302 180.4346953481436 33.76968429982662 2.604718416929245 0.2367070317268372 747.8406234458089 0 0 0 0.3888230323791504 0 0.7473835647106171 0 0.1698479205369949 46.13279627263546 0.4637661874294281 0 0.8856729418039322 1.113461405038834 0.3504230976104736 0.7779401987791061 0 0 0 0 0 0 0 0 0 0 0 0 0 0 0 0 0 0 0 0 0 0 0 0.1139023154973984 0.7411545068025589 0 0.4210465848445892 0 0 0 0 0 0 0 0 0 0 0 0 0 0 0 0 0 0 0 0 0 0 0 0.1464007794857025 0.1543389707803726 0 0 0 0 0 0 0 0 0 0.1985974013805389 0 0 0 0 0 0 0 0.5128029584884644 0 0.2082782089710236 0 0 0 0 0 0 0 0 0 0 0.342297226190567 0.5787557065486908 0.5275401771068573 43.44346418976784 7.797213181853294 69.62234605103731 30.53304459154606 533.847791813314 16.09835039824247 1.466694176197052 2.677855961024761 0.4561416059732437 0 0.1273641735315323 0.2541445344686508 0 0 0 0 0 0
4245.706770963967 0 2795.780065484345 927.0496174320579 1705.379140600562 230.5906262546778 1727.693272188306 451.838026560843 1601.365733154118 373.2850838303566 3447.939902365208 34.77706758677959 912.9340792372823 975.4997880160809 27.38096489757299 1.098811127245426 0.1939874887466431 0.5258656740188599 0.5263579413294792 0.6840468049049377 1.136422097682953 0.1054753437638283 0.2722070962190628 0.4045640304684639 0 0.5937559455633163 0.1626109927892685 0.5184462070465088 0.3227498531341553 0.4086484387516975 2111.194515965879 46.68422769755125 11.21215695887804 0 0 0 5.645864002406597 0.1143616363406181 0.5497867166996002 0.530747577548027 0.5944312289357185 0.4752302020788193 0.9537075608968735 0.9190643504261971 0.2291622310876846 0.2191514447331429 192.8233502656221 50.65478216856718 1.346555814146996 2.088790230453014 2.308176182210445 0.8814063146710396 0 0.6338703036308289 22.5671518445015 24.85721533745527 112.7726965174079 1095.121092125773 8.878090269863605 137.7033468484879 2.259271055459976 2.399428926408291 0 144.9846692532301 27.47373875975609 26.0058476254344 7.998661801218987 9.256237536668777 2.130730912089348 1.631318785250187 12.53874041140079 0.7300029993057251 0.4208618998527527 459.6485434174538 159.7718739286065 178.5270305201411 80.21593365818262 6.593216203153133 4.064304187893867 109.1678166538477 3.392024733126163 15.92196277529001 135.0792847648263 0.4022635221481323 40.92827749997377 16.14498829096556 19.6009683161974 0.301404781639576 3.109819330275059 0 1.376021221280098 1.075715467333794 1.522360004484653 0.7289013937115669 2.346735037863255 76.32559662312269 4.641456365585327 0.5466976165771484 0.3617294579744339 1455.209385208786 0 0 2.367505431175232 1.098153248429298 0 20.54703462123871 0.4454364627599716 8.048934608697891 12.44526116549969 2.882028147578239 1.468839839100838 15.98373346030712 17.5633507668972 22.51059583574533 15.17399029433727 0 0 0 0 0 0 0.1516212373971939 0 0 0.1630878448486328 0.1705662459135056 0 0 0 0 0 0.1107725203037262 0 0 0 0.3580156564712524 0 0.1109528839588165 0.2652300447225571 2.727243527770042 0 0.8758018687367439 0.1105526313185692 0 0 0.1206091493368149 0 0 0 0 0 0.3372448235750198 0.4621869325637817 0 0 0 0 0 0 0 0 1.25264085829258 0.319069430232048 0 0.1215567290782928 0 5.78413400053978 0 0.4218531548976898 0.3293098881840706 0 0.08906033635139465 0.6163877174258232 0 0 0.2117422893643379 13.31777451187372 0 0.1133112385869026 0.1238388270139694 0.3688913658261299 2.067884296178818 2.582789182662964 4.674795836210251 1.662344336509705 0 0.3717397153377533 0 0.4100668728351593 0.6622124016284943 0 0 0 0.1052955314517021 0.2086066901683807 0 0 6.691763609647751 2.391235128045082 4.106842905282974 204.4404784068465 49.45229212939739 615.1347439438105 124.6759614944458 783.5249816998839 50.33855683356524 7.098211266100407 24.15727178752422 2.77984094619751 0 5.236215822398663 1.997392944991589 8.854476317763329 0 0.7158285155892372 1.113557994365692 1.335923813283443 0.5477401465177536
245.6650049090385 2795.780065484345 0 56.13551666587591 901.0724775418639 14.21491968631744 91.24157159775496 4495.369477540255 945.4841057285666 19.11314333975315 6041.555931776762 3.124136291444302 83.78499089926481 337.7521512657404 13.20104340463877 5.2255724593997 0.7295884937047958 0.7952468246221542 0.4471524283289909 5.894535087049007 14.31994505226612 0 0.5831495970487595 0 0 1.876337558031082 1.058216586709023 0.581386387348175 0.5449232012033463 0 3081.757797963917 1516.910895057023 19.48975314944983 0.1408279538154602 0.3057864457368851 0.5908613055944443 11.98948534578085 0.2795162200927734 2.204354181885719 0.6741486638784409 9.391581773757935 2.270929351449013 5.592458561062813 1.462852507829666 0.3344812244176865 0.4477352350950241 41.73782846331596 10.85435847193003 0.7540427893400192 8.72661992162466 0.6257311254739761 0 0.1614311933517456 0.5701185166835785 5.177964560687542 4.823956966400146 33.99947718530893 924.8940864726901 0.6331780701875687 41.34165625274181 10.27407681941986 12.32561884820461 0.2521887421607971 567.4226807877421 6.95533050596714 4.865354180335999 2.806503236293793 6.237508788704872 17.12535965442657 16.74069853872061 11.34851355850697 2.249815076589584 0 148.2059410363436 86.32917686551809 46.78050614893436 32.24531134963036 11.46057341247797 85.21998446434736 1731.405408658087 9.869108565151691 286.9066725000739 28.13625100255013 0 7.749316155910492 4.050142258405685 8.302708648145199 0.1683692932128906 0.3103264942765236 0 0.2387914881110191 0.1260288506746292 12.99527744948864 1.673709243535995 1.971793785691261 14.62036633491516 1.611689522862434 0 0.7289306372404099 175.1892306208611 0 0 0 0 0 0 0 0.3238316774368286 0.692655086517334 0 0.5014229416847229 0.8186722248792648 1.218125835061073 2.856449484825134 1.670969188213348 0.2506266236305237 0 0 0.2448741793632507 0 0 0 0 0.1942045986652374 0 0 0 0 0 0 0 0.2383798211812973 0.2043037116527557 0 0 0 0 0 0 0.4099368005990982 0 0.8528039008378983 0.2802012264728546 0.3950406163930893 0 0.1927419751882553 0 0 0 0 0 0.1355685889720917 0 0.1099550351500511 0 0.1277392208576202 0 0.2805472910404205 0 0 0 0 0 0 0.09728970378637314 0 0.490475133061409 0 0 0 0 0 0.4520859271287918 0 0 0 1.692857801914215 0.2120373696088791 0 0 0.3459514081478119 0.5594482868909836 0.377424031496048 0.4621385335922241 0.1182271167635918 0 0.1268420815467834 0.2054784148931503 0 0 0 0 0 0.1335130780935287 0 0 0.1272261440753937 0.7201573550701141 2.794129237532616 1.490024194121361 44.34586800634861 13.08623489737511 118.1417919844389 22.11145296692848 85.78375618904829 9.769386507570744 2.818564064800739 6.369309358298779 0 0 0.3045482635498047 0.4122209623456001 0 0 0 0 0.9246357679367065 0
1521.122985817492 927.0496174320579 56.13551666587591 0 97.37246157974005 462.7085525393486 510.1067632511258 11.2453408613801 11.60793572664261 1897.895885393023 53.63501002639532 156.7583796083927 2805.025244213641 107.0806823670864 6.282570742070675 0 0 0.1388087570667267 0 0.3743612617254257 0.4797872453927994 0 0 0 0 0.3891801983118057 0 0.1147168278694153 0.6952299773693085 0 68.07217850536108 2.835187047719955 1.877690881490707 0 0 0 2.81166585534811 0.1327082067728043 0.1501610279083252 0 0 0.2540265545248985 0.1860668957233429 0.1981945931911469 0 0 58.34932749718428 17.37506705522537 0.6066175624728203 0.3417168110609055 1.446658432483673 0.2796852961182594 0 0 12.1245936229825 7.940099567174911 83.145194016397 292.55794480443 5.066200941801071 63.30543024092913 0.4088585674762726 1.415612861514091 0 25.20950482040644 12.23870522528887 8.345955565571785 2.331688091158867 2.9417360201478 0.847342424094677 0.2892176955938339 9.477635979652405 2.894624963402748 0 231.559612609446 49.91492605954409 53.6986825838685 13.33893527835608 1.398794628679752 1.059351831674576 9.111145973205566 0.7896299064159393 2.719607785344124 55.90978916734457 0.5723581984639168 12.74208290874958 5.682791136205196 4.655272044241428 0.7538948357105255 0.9195294305682182 0.531903438270092 0.4713083952665329 0 0.2428036332130432 0.145874559879303 0.8726019263267517 98.3122892677784 6.590608566999435 2.219032049179077 0.2316382676362991 506.4127428233624 0 0 1.363232612609863 0 0 5.941245555877686 0 2.03904901444912 19.25688925385475 3.178645685315132 0.2969152927398682 5.722140714526176 4.342272102832794 1.944277092814445 1.504008397459984 0 0 0 0 0 0 0 0 0 0 0 0 0 0 0 0 0 0 0 0 0 0 0 0 0.4485595971345901 0 0.2020236104726791 0 0 0 0 0 0 0 0.2002751678228378 0 0 0.4105522334575653 0 0 0 0 0 0 0 0.09153928607702255 0 0 0 0 0 0.2989925593137741 0 0 0 0 0 0 0 0 0.2005358636379242 2.29554171860218 0 0 0.1235852390527725 0 0.2587270736694336 0.4257697314023972 0.1325196772813797 0 0 0 0 0.09135226905345917 0.1377047151327133 0 0 0 0 0.1186221167445183 0 0 2.783451721072197 0.734158530831337 1.547307305037975 122.0612362474203 16.78098399937153 224.5437463000417 58.14497043192387 1406.954886183143 24.57009193301201 3.511573575437069 6.507907219231129 0.3337951004505157 0 0.9959889203310013 0.999618224799633 1.961600363254547 0 0 0 0 0
169.6176150292158 1705.379140600562 901.0724775418639 97.37246157974005 0 21.41357964277267 3682.189231485128 195.5649343654513 3667.791926942766 169.4165468961 1399.82863406837 36.74347421526909 1881.107336454093 825.6636368185282 31.1950771510601 0.9172922149300575 0.2989742755889893 0.1428111046552658 0.1187016740441322 1.01116156578064 0.108437567949295 0 0.1089070960879326 0 0 0.9414933770895004 0.1239198818802834 0.7464325577020645 0.6584494560956955 0.4734535664319992 222.8896273449063 29.55949383974075 15.2516872882843 0 0 0.1152541488409042 6.871645301580429 0 0.2944958433508873 0.3810411989688873 0.6974668204784393 1.371106654405594 0.4535697996616364 0.3967805057764053 0.3929782435297966 0.254754900932312 174.7160118818283 27.37560410052538 0.9031774178147316 0.9802573099732399 2.86103393137455 0.3782992511987686 0 0.4456866532564163 6.207015007734299 9.922931775450706 13.8774149119854 99.8817160949111 2.274316146969795 46.87870682775974 2.20574714243412 1.281335443258286 0 88.82637846469879 12.56896179169416 12.17891249060631 6.396896407008171 6.71469546854496 1.922951839864254 0.450130470097065 15.19337947666645 0.3805403113365173 0.128698855638504 105.0881153196096 111.5713775977492 150.3624233976007 107.9298641756177 5.0210265442729 2.676360286772251 12.17509230226278 2.535014286637306 6.410913392901421 49.04326515644789 0.1071553751826286 22.50524407625198 7.406546212732792 12.89329311996698 0.1291602253913879 2.095068633556366 0.2052287012338638 1.353859566152096 0.6680855304002762 2.070231311023235 0.3267036899924278 3.592968672513962 109.0094268620014 0.3973330855369568 0.1648846864700317 0 48.82004230469465 0.1384722143411636 0.4777360409498215 7.450134426355362 3.473417550325394 2.540515676140785 66.59651403874159 2.017900124192238 13.34191589057446 29.50214393436909 13.5193537324667 3.947073101997375 38.05401770025492 47.49398103356361 52.96780635416508 44.28805104643106 0 0.384826123714447 0 0 0 0 0 0 0 0 0 0 0 0 0 0 0 0 0 0.2203528434038162 1.020966500043869 0 0.6829043105244637 0.3015811741352081 6.388557523488998 0 4.534042030572891 0 0.3129196166992188 0 0 0 0 0 0 0 1.047855198383331 1.50721175968647 0.2834785282611847 0.346595823764801 0 0 0.1007681488990784 0 0 0 1.193353600800037 1.784645766019821 0 0 0.7252058386802673 10.65206471085548 0 0.7490749955177307 0.1143432706594467 0 0.2087375894188881 0.1006849482655525 0 0 0.1338577121496201 35.44717525690794 0.3474547863006592 0 0 0.1040662080049515 7.100376464426517 2.995109111070633 5.464719608426094 1.996803253889084 0.535936176776886 0.2651007026433945 0.7941817492246628 0.5287469625473022 0.0935608446598053 0 0 0 0 0.3630042895674706 0 0 28.13859105110168 8.445695251226425 6.988252058625221 134.2244712039828 31.87938788533211 425.2053009942174 78.15322364121675 116.6511132344604 33.05361022055149 2.774220205843449 24.744539283216 3.708612769842148 1.063988730311394 7.86562954634428 2.128746457397938 17.03254088759422 0.8626483082771301 0 1.959293127059937 1.269911989569664 0
101.2766958773136 230.5906262546778 14.21491968631744 462.7085525393486 21.41357964277267 0 178.2454719468951 7.455706834793091 23.59394194185734 1180.731775939465 28.43026207387447 194.7778007984161 373.2169698178768 110.6076710671186 0.6015807390213013 0.2467207536101341 0 0 0 0 0.4460733830928802 0.6125446408987045 0 0 0 0 0 0 0 0 63.34512531757355 0.732537254691124 29.9557935744524 0 0 0 18.86937966942787 0 2.075561016798019 0 0 0 0 0 0 0 1.973879426717758 0.1527572721242905 0 0 0.4454221725463867 8.55426350235939 0 0 0 0.465664453804493 109.3030169978738 59.03023244440556 3.494276702404022 3.832091204822063 0 1.921380594372749 0 0.3418040424585342 0 0.0945165678858757 0.6714286208152771 1.095822602510452 0.6976953744888306 0 70.60933244228363 133.6785351634026 11.19703944027424 12.51091200113297 0.8464142084121704 0.8157952129840851 0.3587515130639076 0.8373965471982956 0 57.65159712731838 0 2.556784279644489 1.420744672417641 0.3735843598842621 0.5099999532103539 0.3302869945764542 0.5310194194316864 11.00637747347355 8.647836968302727 11.49653980135918 2.284312307834625 4.927118480205536 0.2907135784626007 0 0.9359953701496124 243.329322680831 194.0711984932423 52.78076116740704 5.493298202753067 408.3874317109585 0 0 0 0 0 2.000146731734276 0 0 7.700809597969055 0 0 2.036488145589828 0.6273546814918518 0.521076887845993 0.5211069285869598 0.225501075387001 0 0 0 0 0 0 0 0 0 0 0 0 0 0 0 0 0 0 0 0 0 0.1928080916404724 0 1.271641477942467 0 0.2528167366981506 0 0.5189927518367767 0 0 0 0 0 0 0 0 0 0 0 0 0.1840569227933884 0 0 0 0 0 0 0 0 0 0.9356508105993271 0 0 0.1106974855065346 0 0 0 0 0 0 0.8001773357391357 0.663207471370697 0 0 0 0.6905117630958557 0 0.5303366929292679 0.4636300802230835 0 0 0 0 0 0 0 0 0.2048441618680954 0 0 0 0 2.231724485754967 2.071184575557709 6.13916752487421 0.8829040750861168 6.312092661857605 1.782539367675781 168.4679731726646 1.096361339092255 0.2708623707294464 0.5828869491815567 0 0 0 0 0.2976363599300385 0 0 0 0 0
442.7127821445465 1727.693272188306 91.24157159775496 510.1067632511258 3682.189231485128 178.2454719468951 0 41.18391443789005 4350.930329702795 1568.1652020365 483.4889361485839 242.1495082229376 8729.083687730134 1915.384165763855 62.29160144180059 1.95387589931488 0.5524105876684189 0.6002909243106842 0.3967786878347397 1.006418205797672 1.37603510171175 0 0.1678124070167542 0 0.6115802079439163 0.7846428081393242 0.4019467085599899 1.467135578393936 2.197463750839233 0.1638870686292648 155.8268837854266 37.26872400194407 32.33522279560566 0 0 0.1984225362539291 15.76516954600811 0.4424491375684738 2.622333467006683 0.5791978985071182 0.3675592020153999 1.729914076626301 0.3094639778137207 0.4279430583119392 0.5115738436579704 0.6214484348893166 375.8963998407125 59.00565502792597 0.8801651075482368 1.620735891163349 3.590255387127399 0.7232792526483536 0.1505825370550156 1.576619490981102 20.76419281959534 22.64623858779669 47.85926809161901 233.8584618642926 7.309298694133759 114.5946563407779 2.718953602015972 4.062709555029869 0 184.1529264897108 32.84409972280264 28.88020707666874 10.44721338152885 15.72682989388704 1.98717125505209 1.042516782879829 52.86955759674311 2.269070655107498 0.2022961229085922 303.0772644504905 231.3385196775198 284.7420625239611 169.8941958174109 11.06076674163342 4.494285203516483 28.99882863461971 4.585170768201351 10.42878038436174 133.800538122654 1.667184367775917 40.49680377542973 19.57318200170994 25.70030180364847 0.1765780299901962 2.970895521342754 0.5472911074757576 2.184361010789871 2.035803325474262 1.913617923855782 2.347818374633789 6.635471127927303 298.1716974228621 1.748154178261757 0 0.507287435233593 95.72940724343061 0.4689440578222275 0.847436785697937 32.08117097616196 18.50728304684162 2.910268664360046 148.4508050605655 7.048493281006813 35.67883105576038 70.85998824983835 39.39412601292133 8.159554779529572 94.39413341879845 96.38503323495388 125.2763429507613 88.0856260061264 0 0.5445971041917801 0 0 0 0 0 0 0 0 0 0 0 0.1617060601711273 0 0 0 0 0 1.787890791893005 2.800282433629036 0 0.534411683678627 0 8.83089391887188 0.2987273037433624 9.090318381786346 1.860445216298103 0 0 0 0.78749880194664 1.156950443983078 0 0 0 3.743603594601154 2.789709180593491 0.3072158545255661 0.2713542208075523 0 0 0.1140507608652115 0.4758934825658798 0.8037182167172432 0.1200378984212875 3.891229048371315 4.635038949549198 0 0 0 25.34494218230247 0.2946529984474182 1.443598285317421 1.021987117826939 0.13485087454319 0 0.113968051970005 0.2777364999055862 0 0.6034510582685471 76.69362008571625 0 0 0.1012877896428108 0.5290237963199615 12.58564937114716 5.996620014309883 12.21198536455631 5.736139245331287 2.778889372944832 0.9516559168696404 0.309979572892189 0.9680602550506592 0.7079480588436127 0 0 0 0.09669370204210281 0.557003416121006 0 0 50.40690167248249 16.8952442407608 17.21716074645519 372.5484944581985 79.58575604856014 1064.260357268155 184.0350652560592 525.183884114027 69.01581986248493 8.403065994381905 39.4225856512785 11.02891746908426 0.1715842336416245 25.86980172246695 5.862588420510292 57.89163985848427 1.261575520038605 0.8413629531860352 2.069888174533844 2.141188859939575 0.1369609236717224
291.7086964249611 451.838026560843 4495.369477540255 11.2453408613801 195.5649343654513 7.455706834793091 41.18391443789005 0 828.3301605582237 3.441695354878902 2696.454243503511 4.185483917593956 321.8879705294967 1181.335221715271 30.41609930992126 5.746262304484844 0.4175784587860107 0.5154843330383301 0.9111989736557007 4.036850646138191 8.123278319835663 0 0.3483895063400269 0.4645450264215469 0.7199285328388214 1.720584809780121 0.4832954555749893 1.244172602891922 0.2605535686016083 0.3325895816087723 2053.671602211893 1992.425126209855 30.94619832932949 0.2267758548259735 0.5480131506919861 0.757417619228363 15.05724265426397 0 1.173165500164032 1.563058435916901 5.110222786664963 0.9697261601686478 3.678160101175308 2.580840781331062 0.5533959120512009 0.1206223145127296 109.4345848038793 9.982894748449326 1.320107139647007 7.481339633464813 1.095586843788624 0.1060204282402992 0.1458414942026138 0.5239986479282379 5.417349047958851 3.449504129588604 21.99725386500359 318.842203065753 0.6041825637221336 31.61227659136057 11.54087901115417 9.866679020226002 0.1153992861509323 238.9280976653099 6.036581709980965 6.252869263291359 2.336279034614563 3.266774080693722 9.803427666425705 9.457791104912758 7.953906819224358 0.5896584987640381 0 96.8117765262723 87.14617864042521 97.23046930134296 144.5550697445869 191.9740319922566 329.3119693696499 1629.585486404598 16.53068805485964 774.6383649632335 22.55304272472858 0.1012957543134689 6.70685637742281 2.520272850990295 7.129724368453026 0.09291857481002808 0.1861223727464676 0 0.1019958332180977 0.3178461194038391 6.895772114396095 1.067429259419441 2.447626322507858 16.10447955131531 1.760544881224632 0 0 170.0786092206836 0 0 0.2397600263357162 0.1719378232955933 0 0.5617465227842331 0 0.7532759755849838 0.1922459751367569 0 0 0.9126334935426712 0.9823849350214005 2.648623690009117 1.429818123579025 0 0 0 0 0 0 0 0 0 0 0 0 0 0 0 0 0 0.1626473814249039 0.1563645601272583 0 0 0 0 0 0.3846007585525513 0 1.203483179211617 0.3756037503480911 0 0 0 0.1321878284215927 0 0 0 0 0 0 0 0 0 0.6098009720444679 0.2824894934892654 0 0 0 0 0.3907931745052338 0 0.1352405995130539 0 0.9072151631116867 0.355696439743042 0 0 0 0 0.1951776295900345 0.1177452653646469 0 0 3.561482459306717 0 0 0 0.294769786298275 0.5133102685213089 0.5707965791225433 0.4385022819042206 0.1753805875778198 0.224097266793251 0 0 0 0 0 0 0 0 0.1032645776867867 0 0 0.9313699305057526 1.353427037596703 1.170215293765068 98.44737370312214 15.70601818710566 232.5130694806576 33.76264572143555 67.48748223483562 14.66221553832293 0.8688947111368179 12.86829818785191 0 0 1.861868962645531 0.3766608610749245 2.452274203300476 0 0 0 0.3992874175310135 0
91.46687187254429 1601.365733154118 945.4841057285666 11.60793572664261 3667.791926942766 23.59394194185734 4350.930329702795 828.3301605582237 0 164.7649324610829 4892.748042978346 21.5643185377121 2427.106223911047 1673.681846931577 47.87144526839256 4.362361028790474 0.5635905116796494 0.6421062499284744 0.6065752059221268 0.9910418689250946 1.093230947852135 0 0.1342513263225555 0.187921553850174 0.1494935005903244 1.333202138543129 0.1451997011899948 0.3405924439430237 1.306640863418579 0 124.5664136707783 31.44858015328646 26.59737940132618 0 0 0.1924191415309906 11.50905711948872 0.2559985592961311 0.2958489954471588 0.7747760266065598 0.2736507654190063 0.2561568543314934 0.9381447732448578 1.143074855208397 0.1323582530021667 0 205.1509079039097 20.46684471517801 0.8590868189930916 0.824243575334549 0.873387336730957 0.2257939279079437 0 1.372090458869934 4.568977609276772 4.446253098547459 15.15238286554813 55.52606979757547 2.557431101799011 31.17910517752171 1.263333469629288 1.477972790598869 0.1338766366243362 64.05975068360567 7.296629652380943 9.184364691376686 3.38235130906105 3.857182025909424 1.334925726056099 0.9922916740179062 24.91067989170551 0 0 72.11196086555719 94.45563752949238 145.5842764601111 130.428575374186 13.7363513931632 2.759928412735462 74.35367402434349 1.947604477405548 7.879552900791168 29.57639699429274 0.08842509239912033 12.69514351338148 4.397276043891907 11.26678888499737 0.1616661846637726 1.492207929491997 0 0.292740985751152 0.6483529210090637 0.9580357670783997 0.8724278137087822 2.810396507382393 147.3775625675917 2.654210940003395 0 0.7801360785961151 31.71078339219093 0.1199791058897972 0.6141818314790726 9.523069620132446 4.881022736430168 1.032520920038223 76.17920398712158 5.827813401818275 19.860052973032 35.36774867773056 22.40827146172523 5.414316259324551 48.23102189600468 60.73081630468369 70.33908154070377 52.71880892664194 0.1892787665128708 0 0 0 0 0 0 0 0 0 0 0 0 0 0.1431256383657455 0 0 0 0 0.5107261538505554 0.9206994846463203 0 0 0.3771440088748932 6.62430839240551 0.2973870635032654 6.540866263210773 0 0 0.2090615034103394 0.1193567365407944 0.09670022130012512 0 0 0 0 1.356759458780289 2.222561299800873 0.4865868911147118 0 0.1023536920547485 0 0.434140108525753 0 0.8225383386015892 0 1.920854970812798 1.803593032062054 0 0 1.008648306131363 20.48368503153324 0.2032518088817596 0.9842529594898224 0.440950334072113 0 0.09735282510519028 0 0 0 0 41.3987683057785 0.3069666922092438 0 0.1146522387862206 0.1411447823047638 10.40350943803787 2.682431057095528 8.487603038549423 2.398163326084614 1.829630196094513 0.9388800635933876 0.4784629046916962 0.110914871096611 0.1002238243818283 0 0 0 0.1022620797157288 0 0.09637991338968277 0 32.30866420269012 14.39970673620701 8.919074505567551 193.2196794375777 29.05822626501322 486.6737803220749 94.93322791904211 112.1038264557719 44.88500080257654 3.904197536408901 35.24645934998989 4.629915229976177 0.2146840244531631 12.66315341740847 2.542262755334377 24.28324720263481 0.7617728114128113 0.1335166543722153 1.660562090575695 2.230124667286873 0.975679874420166
1799.382968403399 373.2850838303566 19.11314333975315 1897.895885393023 169.4165468961 1180.731775939465 1568.1652020365 3.441695354878902 164.7649324610829 0 19.41712657362223 2407.644433073699 5524.449997238815 1448.730172231793 8.873241275548935 0.4277250915765762 0.2741455808281898 0 0 0.1454712003469467 0.4501426964998245 0.5763668864965439 0 0 0 0 0 0.1684835255146027 0.107325591146946 0.09618114680051804 39.35302840173244 3.714718580245972 260.2748766690493 0 0 0.1509250402450562 111.0385980010033 0 0.2978269681334496 0 0.3442872166633606 0 0.1646443456411362 0.1062420830130577 0 0.09897006303071976 93.89327553659678 18.25045965611935 0.5093346536159515 0 1.203069381415844 2.210479721426964 0 0 11.16806831210852 9.492590345442295 94.33759974688292 231.5220514088869 4.037279576063156 53.8200553804636 0.5032728239893913 0.6583768427371979 0 29.86701479554176 12.65399607270956 9.007047332823277 3.123954981565475 4.043195672333241 0.2577473744750023 0.0960368812084198 1052.366295322776 13.59720654785633 0.5466829538345337 215.5861807316542 49.13339047878981 59.6756506562233 18.15177247673273 1.669827952980995 0.3158397972583771 1197.589552029967 1.591924242675304 3.055984489619732 57.85203862935305 0.7384621500968933 14.39966759085655 6.802160955965519 8.139778584241867 1.493223801255226 3.759544372558594 1.070842251181602 1.479399979114532 0 1.108505181968212 0.3322788700461388 1.017922051250935 742.33341114223 82.6538769453764 4.178982749581337 1.199180334806442 781.7988173216581 0.9771675914525986 4.81931284070015 26.57779955863953 57.61199058592319 1.418485268950462 131.7783218026161 15.81749004125595 26.22941339015961 61.4872056171298 41.0957672894001 6.381858259439468 79.01797315478325 115.9465063214302 98.02019184082747 50.72831661254168 0.3765879273414612 0 0 0 0 0 0 0 0 0 0 0 0 0 0 0 0 0 0 0 0.9606923907995224 0 0.515341579914093 0 4.452701687812805 0 3.375615015625954 0.2745839655399323 0 0 0.3496660590171814 0 0.1303021460771561 0 0 0 1.509076915681362 2.730606377124786 0.4561695531010628 0.161338210105896 0 0 0 0.3690027520060539 0.7557880431413651 0.4619712084531784 3.252886302769184 4.806423954665661 0.2323575019836426 0.4952106177806854 0.4183010458946228 15.29585030674934 0 0.6776126772165298 0.4673418551683426 0.08977514505386353 0 0.5564072579145432 0.2246399745345116 0 0.3880305290222168 29.00372312963009 0 0 0 0 5.807129561901093 0.2217147946357727 2.650475144386292 5.908631138503551 2.272006712853909 1.180077522993088 0.3543186187744141 0.3643246740102768 0.3329795747995377 0 0 0 0.09509442746639252 0.2929946482181549 0 0 34.41105031222105 5.664364069700241 6.931036368012428 295.2856725528836 20.32932310551405 368.8115214183927 72.26763270050287 1915.465976923704 29.71200274676085 2.253451503813267 11.02946542948484 10.53707177937031 0.1888414025306702 21.65859490633011 0.7113968282938004 51.2994182407856 0.2447978407144547 0 0.1776867508888245 0.7846511006355286 0
894.0554575845599 3447.939902365208 6041.555931776762 53.63501002639532 1399.82863406837 28.43026207387447 483.4889361485839 2696.454243503511 4892.748042978346 19.41712657362223 0 41.8055682554841 2075.499385841191 5593.254093959928 108.1597792878747 22.96391797065735 2.436347983777523 1.651040971279144 0.7459082752466202 1.616829328238964 7.843957416713238 0 0.6071284413337708 0.1764499992132187 0.4980545938014984 3.223443113267422 1.517986074090004 1.278043508529663 1.435885325074196 0.9798219427466393 2039.857767447829 883.7345617339015 546.5410766750574 0.128738060593605 0 0.7502120286226273 74.61392995715141 2.188125565648079 5.887841373682022 1.373415663838387 6.389500729739666 2.69835989177227 4.984206959605217 5.79525288939476 0.1753452718257904 0.8928129151463509 328.8479478806257 32.49062875658274 1.222042217850685 9.190049573779106 2.67846692353487 1.0574581772089 0 0.9391513615846634 8.949602179229259 9.158477813005447 40.75119882076979 464.770712390542 3.246992535889149 80.98564820736647 5.274225875735283 10.14757403731346 0.1493216902017593 229.1559160873294 15.55500493198633 14.00690716505051 6.415606759488583 13.4491907581687 19.30554112792015 14.48796417564154 64.07752537727356 2.698063433170319 0 212.0843102633953 202.4340321496129 284.398737847805 308.0986385717988 64.27464593201876 43.85815840214491 1112.248523660004 7.437796220183372 80.51455782353878 73.1121951341629 0.2985538244247437 25.59287139028311 9.275755599141121 20.10772721469402 0.2404040023684502 1.970468968153 0 2.075456455349922 1.176216706633568 16.0473018810153 4.06128454208374 7.129435934126377 111.9637924432755 4.35984668135643 0.164824977517128 0.9209268391132355 294.5716628283262 0.1405026167631149 0 1.310798943042755 0.4811863005161285 0.9955794960260391 16.52133873105049 0.2095848917961121 3.612734146416187 7.293189316987991 5.553889721632004 1.92302680015564 12.94114580750465 13.6828248500824 21.03300797939301 16.37300259619951 0.132347971200943 0 0 0 0 0 0 0 0 0 0.3425959646701813 0.2154328376054764 0.2949297428131104 0 0.1190221905708313 0 0.1652023941278458 0.2055963277816772 0 0.2056789547204971 0.5032213032245636 0 0.3662807643413544 0 3.438323572278023 1.249340027570724 3.854376241564751 1.007604137063026 0.1528461426496506 0 0.5071018785238266 0 0 0 0.1549059003591537 0 0.2235291749238968 0.3382198810577393 0 0.2668495774269104 0.3277736604213715 0.4328828305006027 0.6431804746389389 0 0 0.1510369032621384 1.265623725950718 0.7200920954346657 0 0.08990685641765594 0.4278414845466614 7.370945557951927 0 0 0 0 0 0 0 0 0.3348757028579712 21.37165661901236 0.1950953006744385 0 0.6803551092743874 0.4364922791719437 4.488140285015106 2.953985333442688 2.452729262411594 1.492357090115547 0.1734934896230698 0 0.1413048654794693 0 0.3770802915096283 0 0 0 0.1348360031843185 0.1493427455425262 0 0 11.57689827680588 12.39561821520329 10.31998044252396 291.5358294695616 52.73946730792522 676.7157560065389 134.0261021777987 146.3015201166272 53.30279517173767 3.428553007543087 50.55506562441587 1.566123001277447 0 3.433987699449062 0.7334211394190788 5.971560478210449 0 0 0.8777169436216354 6.648301064968109 0.1746602356433868
69.88820664584637 34.77706758677959 3.124136291444302 156.7583796083927 36.74347421526909 194.7778007984161 242.1495082229376 4.185483917593956 21.5643185377121 2407.644433073699 41.8055682554841 0 1239.250537082553 1613.141636185348 6.436572879552841 3.190137386322021 0 0 0 0 0.2161636054515839 0 0 0 0 0.4375732243061066 0 0 0 0 3.458525091409683 1.646621406078339 273.7504190728068 0 0 0.2122577577829361 409.2344545871019 0 0.4389879107475281 0 0 0 0.1938561201095581 0.7312732934951782 0 0 17.8944578692317 0.665850356221199 0 0.4772791564464569 0 0.2099416851997375 0 0 0.6055746600031853 0.7432551309466362 10.81849680840969 7.011162728071213 0.7026831433176994 3.560276314616203 0.1192065700888634 1.174956813454628 0 7.618110544979572 0.7212290465831757 0.2091375589370728 0.2565636113286018 0.1081639230251312 0.5367286801338196 1.115967586636543 568.2778390794992 0.415331095457077 0 10.06396479159594 6.346827611327171 12.76954016834497 12.34749782830477 5.093555077910423 0.1183580756187439 2444.917697750032 0.3917761296033859 2.623374097049236 2.611212439835072 0 0.9880585297942162 0.5194780305027962 0.6668433994054794 0 0 0 0.1357420235872269 0.1105867922306061 0.7652295231819153 0 0.1580498814582825 1320.946062847972 34.44477885961533 0.3747500777244568 0.691816508769989 151.7959874123335 0.9811854287981987 0.3133704885840416 8.068001314997673 6.663007572293282 3.098649933934212 92.14715348929167 2.393180966377258 23.96182020008564 41.04326663911343 23.90634423494339 8.146551258862019 83.5284803211689 113.8764214590192 131.0757223665714 84.4774597287178 0 0 0 0 0 0 0 0 0 0 0 0 0 0 0 0.1684278249740601 0 0 0 0 1.009789571166039 0 0 0.2522051632404327 6.257169768214226 0 5.473545610904694 0.5856777727603912 0.2156041711568832 0 0 0.166525661945343 0 0 0 0 3.144627019762993 2.95489926636219 0 0.3373530209064484 0 0 0 0.3084100410342216 0.3349880278110504 0.5168170779943466 4.0240648239851 4.453809253871441 0 0 0 18.74890853464603 0 1.264433912932873 1.785973265767097 0.2134480774402618 0.0935400128364563 0 0.3029979467391968 0 0 66.1865197122097 0 0 0 0 8.367296233773232 1.660709753632545 3.518430158495903 5.070146583020687 1.795011579990387 1.891803473234177 0 1.145882353186607 0.2654867768287659 0.130890429019928 0 0 0.1079138219356537 0.1060438379645348 0 0 46.25515550374985 19.41633911430836 12.64104746282101 88.17111150920391 3.439260318875313 67.61371086537838 12.46723875403404 112.9418825209141 3.776902861893177 0 11.36633305996656 7.73512077331543 0.1304208785295486 23.47062980383635 1.94703470915556 28.58610759675503 0.4867914021015167 0 1.841194808483124 0.1308454275131226 1.642061322927475
432.0726907625794 912.9340792372823 83.78499089926481 2805.025244213641 1881.107336454093 373.2169698178768 8729.083687730134 321.8879705294967 2427.106223911047 5524.449997238815 2075.499385841191 1239.250537082553 0 7891.030085176229 88.66677211225033 18.37717844545841 1.170744821429253 0.3613920360803604 0.168882355093956 1.128563240170479 2.632757321000099 0 0 0.3571068048477173 0 1.572619371116161 0.2239055931568146 0.7470591515302658 1.748909473419189 0.3061090707778931 80.55325204879045 39.78035981208086 170.5036865621805 0.3632339313626289 0.1817564368247986 0 54.82536972314119 0.8577934876084328 1.540241494774818 2.000105038285255 1.614646814763546 0.9412539526820183 1.508946746587753 3.571542546153069 0.3320302516222 0.5255276709794998 266.6761199906468 21.20838098227978 0.802087664604187 1.734867118299007 1.304923065006733 0.3336251825094223 0.1501679867506027 0.9646961688995361 7.782622091472149 7.080343812704086 31.58120977878571 94.54446837306023 4.318815067410469 57.15056424587965 2.079728744924068 5.734839282929897 0.2478745877742767 82.24065038561821 12.40710325539112 11.17855316400528 3.665057092905045 7.097850687801838 4.430962972342968 3.571845717728138 182.4235735908151 2.517702296376228 0 132.557424493134 112.8014120161533 198.2779923528433 188.5601264983416 35.86434681713581 3.752462722361088 3111.521585598588 2.231053121387959 13.38331799954176 51.19908808916807 0.2275254651904106 16.1314989849925 7.043588444590569 14.52108334749937 0.1707789599895477 2.249753452837467 0.3514119833707809 0.9759477823972702 1.774261854588985 2.087072551250458 1.658359013497829 5.489719875156879 1419.303708769381 11.24556507915258 0.3787899166345596 0.7516499012708664 194.3757336363196 0.8512875363230705 6.135982856154442 84.01043090224266 67.03555066883564 5.979441955685616 379.3007003068924 26.34269334375858 74.71037568151951 158.6547986119986 87.44132305681705 22.07027023285627 224.683934815228 221.3782341331244 266.1738692596555 176.4310720935464 0.1232457980513573 0.60354183614254 0.4038453698158264 0 0 0 0.3753203600645065 0 0 0 0 0 0 0 0 0 0.1653884798288345 0 0 2.057658307254314 3.366006419062614 0 0.5090857967734337 0.1554414033889771 19.27947096526623 1.232985273003578 13.54886284470558 0.7303145974874496 0.1749815940856934 0 0.294059544801712 0 0 0.8014858663082123 0 0 6.464466981589794 8.57839285582304 1.455645076930523 0.1528204828500748 0.1551191806793213 0 0.1521726250648499 0.9383989796042442 1.451289355754852 0.9755044803023338 4.971900805830956 13.57141732424498 0 0 0.1197985485196114 41.64150720834732 0.2109955549240112 2.490582145750523 2.799619868397713 0.0929650217294693 0.2189025580883026 0.2634007856249809 0.2350613325834274 0 0.3333261981606483 144.658500187099 0.872080996632576 0 0.1109018251299858 0.3452984541654587 25.09480109810829 7.369725957512856 19.33627530932426 10.49676239490509 4.698857128620148 5.589906767010689 1.991462230682373 3.053582534193993 2.125490598380566 0 0 0 0.4610736891627312 0.2127311527729034 0 0.3181755989789963 121.9345266222954 37.18065506219864 31.74301533401012 503.3968532308936 48.35641156882048 796.2933628708124 164.0025632977486 548.8615959361196 62.48052375763655 4.826999060809612 71.67148075252771 22.01172708719969 0.8911682218313217 56.01704609394073 8.860574387013912 103.01719661057 2.592375963926315 2.963755548000336 2.98539799451828 5.522069051861763 2.860559687018394
