0 3139.473545320332 936.3723176717758 950.5865895301104 349.9908366128802 51.31332324445248 2188.98781080544 30.16107851266861 70.88408929109573 1095.966897435486 449.5469263643026 66.48720033466816 299.1619068905711 83.9216813147068 1.531954675912857 0.193163588643074 0.2213319391012192 0.1390201151371002 0 0 0.5320258513092995 0 1.077529437839985 0.1387756317853928 0.578431710600853 0.6477405726909637 0 0.1341608911752701 0 0 209.3567813187838 1.412560999393463 8.940354451537132 0.4328573271632195 0.7480290681123734 0.3769122511148453 10.6264780163765 0 0.2792392671108246 0.1225900575518608 0.7870693504810333 0.3083383440971375 0.3345937579870224 0 0 0.3261056020855904 27.4419519007206 3.533293254673481 0.2800932973623276 0.2482991144061089 0 0.878592237830162 0.1784662753343582 0 5.139751084148884 3.735504843294621 330.9078559726477 957.1411069482565 25.91057561337948 16.76288151741028 0.2406386286020279 1.305039539933205 0.4011359214782715 7.282402023673058 2.706011384725571 3.191127575933933 0.4452617764472961 0.1008117645978928 1.040546879172325 1.60737294703722 41.69585381448269 36.1902863830328 1.766732513904572 172.4806879535317 11.32900685817003 8.1762510612607 3.100030146539211 0.4036911576986313 0.1578748524188995 63.5559985563159 0.4395382925868034 1.712583944201469 27.52591650187969 0.3547289222478867 3.400053441524506 4.612403906881809 1.000253111124039 2.920164369046688 1.489589169621468 3.74659737944603 0.219437301158905 0.1414933800697327 0.5911778658628464 0.2292432263493538 0.09573711454868317 140.3928125798702 78.19425700604916 1.458257183432579 6.898445278406143 1569.333991825581 0 0 0 0 0 0.7632783055305481 0.7137605547904968 0.5520777553319931 1.286665946245193 1.418104767799377 0 0.8666030168533325 3.058651685714722 1.884024739265442 0.7424836754798889 0 0 0 0 0 0 0 0 0 0 0 0 0 0.09823174029588699 0 0 0 0 0 0.4193589985370636 0.359998494386673 0 0 0 0.7150779962539673 0 0.432560995221138 0 0 0 0 0 0 0 0 0 0 0 0 0 0 0.6252520978450775 0 0 0 0 0 0 0.6512300670146942 0 0.8873350024223328 1.548162892460823 0.8875898122787476 0 0 0 0 0 0 0 0.2873135805130005 2.861975848674774 0.5787093043327332 0 0 0 0 1.147610545158386 1.583235621452332 0 0 0 0 0 0 0 0 0 0 0 0 0 4.090793997049332 0 0.2540926039218903 64.96529003977776 5.10970988124609 166.7061464115977 10.25925759971142 1583.614015653729 9.781511932611465 1.340111449360847 15.38274285942316 1.428903684020042 0 0.118245854973793 0 9.368580043315887 0 0 1.581788837909698 0 0
3139.473545320332 0 824.1894817054272 115.5873411372304 2272.570442765951 94.78421150147915 4427.619371928275 106.7276408448815 1349.29283542186 230.7437132522464 3934.229864291847 70.20596712827682 1097.738636441529 1408.023771256208 6.718731738626957 1.076448939740658 1.54603111743927 0.3630632385611534 0 0.1287571936845779 1.830749429762363 0 1.267101973295212 0 0.9122925028204918 0.5957443863153458 0.2440105378627777 1.122781619429588 0.3772896081209183 0 1354.794182635844 30.94652737677097 8.417002283036709 2.094268120825291 2.178057454526424 1.406472772359848 3.311100855469704 0 1.14920662343502 0.3196078762412071 3.005976624786854 1.277422420680523 0.2095759361982346 0.7735871002078056 0 1.531426571309566 155.162415549159 17.23039559274912 0.9352471753954887 1.084860019385815 0.7287284359335899 0.4294755160808563 0 0.6532482579350471 9.957619324326515 10.4443503767252 90.42056483030319 1040.35228934139 24.78432971984148 57.53661801666021 0.6445139870047569 1.156657464802265 1.761554323136806 102.5354754403234 11.96964590996504 12.61426008120179 1.807555168867111 1.631691291928291 3.907922387123108 3.540035404264927 8.30692183971405 0.5937235653400421 0 310.4781568050385 103.1966764256358 68.34050241857767 41.51263703405857 4.44085019826889 2.396969638764858 167.9928035587072 1.038597203791142 2.283238604664803 81.80079404264688 0.8725706413388252 14.16205351054668 14.3577288761735 4.575634315609932 0.08788564801216125 3.129668727517128 0 0.6440316215157509 1.294600456953049 1.734671048820019 1.316129431128502 1.08047965914011 36.11762271821499 2.760208144783974 0 0.7139182686805725 726.7801808044314 0 0 0 0 0 0 0 0.7123243808746338 0.7080105841159821 0.5653319656848907 0 0.8524423614144325 2.96180559694767 5.15434218198061 4.308407515287399 0 0 0 0 0 0 0 0.1338278204202652 0 0.1690779626369476 0.09176395088434219 0 0 0 0 0.1066014394164085 0 0 0 0.4772785007953644 0.5699366331100464 0 0 0 1.667274639010429 0 0.1890832930803299 0.2346528097987175 0 0 0 0 0 0 0 0 0 0 0 0 0 0 0.2347640320658684 0 0 0 0 0 0 0 0 0.6753700822591782 0.3903845697641373 0 0.09019037336111069 0 0 0 0 0 0 2.605272859334946 0 0 0 0 0 0 0 0 0 0 0 0 0 0 0 0 0 0 0 0 2.262829348444939 0 1.01865741610527 199.690074428916 39.60964466631413 566.8878959566355 46.74261560291052 1596.870429672301 27.68184443563223 4.825352072715759 50.08529160171747 3.782337799668312 0.2862825244665146 0.3317678868770599 0 3.577533513307571 0.5906065702438354 0.2481782585382462 3.171321280300617 0.6255173534154892 0.2120068818330765
936.3723176717758 824.1894817054272 0 1.652626097202301 636.7231306135654 60.34891344606876 89.99197815358639 704.6012423262 352.0058431401849 1.514337584376335 5172.815435320139 0.4095259010791779 79.15604767948389 673.9354365617037 11.00125663727522 3.84654838591814 2.306665137410164 3.888317227363586 0.1069999039173126 2.897027164697647 27.54886215925217 0 20.39184583723545 4.8263074234128 14.46676547080278 4.0212107822299 0.7096209079027176 1.211786866188049 0.198105201125145 0.2423058748245239 4871.039107568562 407.8572451621294 122.354507483542 24.28855356574059 30.347377628088 15.8016347810626 12.35231379419565 4.316846311092377 2.071470357477665 2.615663841366768 36.86115687340498 4.933076322078705 1.279772564768791 0.5755249112844467 4.470350742340088 22.62825752794743 67.98740103840828 3.776241712272167 1.209873229265213 8.151529595255852 4.964106857776642 0.8944918811321259 0 1.172706037759781 4.322515100240707 3.783516481518745 57.35201968997717 1714.839347034693 16.02098876982927 19.05509363114834 6.129973143339157 6.120827622711658 37.00184966623783 262.1354878470302 3.615301407873631 3.148472212255001 1.038006834685802 1.368828140199184 45.09159608185291 49.42115677893162 15.10780468583107 5.083829864859581 0.6100817769765854 149.6728840321302 73.31405734270811 29.08056683838367 37.78898060321808 11.5599078014493 58.54369023442268 1553.387938186526 9.143594101071358 31.73161275684834 26.63689351826906 0.3328268751502037 3.286540433764458 6.2446134313941 9.242479249835014 0.1948147714138031 2.665598392486572 0.3007448390126228 2.01405918598175 0.7118369117379189 13.56373017281294 4.222025521099567 0.619938537478447 22.06342848390341 4.499211609363556 0 4.32149413973093 382.7501666322351 0 0.4374948441982269 0 0 0 0.597378671169281 0 0.6410946547985077 1.20128907263279 0.9006807953119278 0 1.571289643645287 5.11147204041481 4.083562396466732 2.235605180263519 0 0.08792120963335037 0 0 0.2905833944678307 0 0.5911084786057472 0 0 0.2687766253948212 2.443614758551121 0 0 0 0 0.6800237223505974 0 0.246087834239006 0 0 1.19850017875433 0 0 0.09976426512002945 2.022512584924698 0 0.5300964713096619 0.36603132635355 0 0 1.076037608087063 0.4080339968204498 0 0 0 0.6122551113367081 0 0.9937349557876587 0 0 0.8850395977497101 0.1176674216985703 2.167615652084351 0 0 0 0 0 0 0 0.7088538184762001 1.517525352537632 0 0 0 0 0.1125877499580383 0.2496390417218208 0 0.2097493559122086 0.6071343123912811 11.06484937667847 0 0.2199197858572006 0 0.4443908333778381 0.2457797080278397 1.371351823210716 1.625893667340279 0 0 0.2717433571815491 0 0.1831241548061371 0.1551599204540253 0 0 0 0 0 0.1475088894367218 0 3.191087141633034 0.2487617582082748 0 83.51321728527546 17.5853166282177 136.5000323578715 17.69616328179836 563.6063676029444 11.11632149666548 1.97942042350769 16.39835300296545 3.060051143169403 0.4060376212000847 1.784079402685165 0 3.234348326921463 0 0 1.77347818762064 0.6900536939501762 0.2319269850850105
950.5865895301104 115.5873411372304 1.652626097202301 0 14.57160949707031 97.58537414669991 254.5830044075847 0.3225659430027008 15.27828612923622 212.2411390841007 0 66.49806177616119 351.3909211903811 4.716419398784637 0.133452370762825 0.1731696277856827 0.1033311635255814 0 0 0 0 0 0 0 0 0 0 0 0.2565998733043671 0 21.45293462276459 0.2754988968372345 0.3195180147886276 0 0 0 1.330039441585541 0 0 0 0 0.4845606908202171 0 0 0 0 17.07907328754663 1.053001664578915 0.09594004601240158 0.1055262982845306 0 0.1990203559398651 0 0.1538243889808655 1.015502601861954 1.332117892801762 7.388866253197193 37.70052573829889 1.384426057338715 5.363435253500938 0 0 0.1057560294866562 2.721177637577057 0.8195611760020256 0.9631141722202301 0 0.2130930423736572 0.1592285931110382 0 4.18348790705204 0.7075045108795166 0 22.25206880271435 3.84047095477581 6.906878136098385 0.8196790516376495 0 0 0.4589226990938187 0.640971302986145 0.1262219250202179 5.688487641513348 0 1.111206352710724 0.5767657831311226 0.5693225860595703 0.1296688467264175 0.368506632745266 0.4019061923027039 0.1276242583990097 0.1278655529022217 0 0 0 137.0845906287432 4.853584796190262 0 1.099977597594261 81.71161660552025 0 0.4325562715530396 0 0 0 0.5520416498184204 0 1.018927842378616 0.1670723408460617 1.554435342550278 0 1.490941017866135 1.823548525571823 2.847504794597626 1.146974056959152 0 0 0 0 0 0 0 0 0 0 0 0 0 0 0 0 0 0 0 0.4022402167320251 0 0 0 0 0.3900625705718994 0 0 0 0 0 0 0 0 0 0 0 0 0 0 0 0 0 0 0 0 0 0 0 0 0 0 0.3682263940572739 0 0 0 0 0 0 0 0 0 1.03952069580555 0 0 0 0 0 0 0 0 0 0 0 0 0 0 0 0 0 0 0 0 2.716393083333969 0 0 62.56015598773956 3.038078315556049 67.96728803217411 4.441218018531799 503.2154631987214 2.415066413581371 1.122436843812466 5.958948537707329 1.108256310224533 0 0 0 4.890410482883453 0 0 0.2748693823814392 0.1933968961238861 0
349.9908366128802 2272.570442765951 636.7231306135654 14.57160949707031 0 5.612609758973122 1339.465213432908 40.40774983167648 4583.41487326473 98.55752882361412 1884.609531641006 9.108676210045815 1254.524385437369 1865.338631227612 12.13343327492476 0.09192655980587006 1.876035124063492 0.1217056065797806 0 0.2523006573319435 0.3100084364414215 0.2361103296279907 0.3342884108424187 0.2536183074116707 0.7830826863646507 1.834018923342228 0.1495638787746429 1.235659740865231 1.789439834654331 0 201.8122826069593 39.77559532225132 3.019145280122757 0.2753479555249214 0.6409237533807755 0.371225506067276 1.438695885241032 0.2370163798332214 0.3919737040996552 1.297597654163837 1.192950040102005 1.46905542910099 0 0.6069277971982956 0.2232513055205345 0.8071698695421219 220.6748903691769 16.01894525438547 1.641667522490025 0.5476526170969009 0.3745365589857101 0.6048181280493736 0 2.299962498247623 6.329019911587238 9.446860395371914 26.92165191471577 195.7709641605616 11.78563885390759 72.55113352835178 0 0.5958909839391708 0.5515851750969887 124.3944903537631 11.58684272319078 13.98682184517384 2.702267624437809 1.339544482529163 2.140379503369331 1.413330540060997 4.799183763563633 0.6299467980861664 0 170.2434876039624 124.9033269435167 105.6533698067069 60.3290134742856 3.649371951818466 1.680007100105286 29.17223370820284 0.8924798220396042 0.9195867776870728 69.3495352268219 1.539895422756672 14.2908456325531 15.61094827204943 6.738408163189888 0.09363162517547607 3.684531576931477 0 0.9128576219081879 0.886687308549881 0.8711828291416168 0.3356743529438972 2.084931157529354 20.00411695986986 1.050879240036011 0 0.2208631485700607 61.48591391742229 0 0.4654624760150909 0 0 0 1.708162873983383 0.781418576836586 0.609165757894516 1.739837378263474 1.218446835875511 0.5296024680137634 3.817033901810646 2.194417282938957 2.370400160551071 1.491705439984798 0 0 0 0 0 0 0.1455990821123123 0 0 0 0.2924353629350662 0 0 0 0 0 0 0 0 0.9179276823997498 1.130028933286667 0 0.1097045615315437 0 2.524328857660294 0.1881215125322342 0.1651119291782379 0.4374769330024719 0 0.1825097054243088 0 0 0 0 0 0 0 0.3265438973903656 0 0 0 0 0 0 0 0 0 0.6444472968578339 0 0.4600749909877777 0.4949447214603424 1.40495377779007 0.411627322435379 0.4274936616420746 0.08239314705133438 0 0 0 0 0 0 9.633322536945343 0 0 0 0 0 0.1747673898935318 1.049218058586121 0 0 0 0.5724969953298569 0 0 0 0 0 0 0 0 0 3.515659175813198 0.8547603487968445 0.4007551670074463 241.3091538324952 87.58242783695459 527.7940703704953 69.10023785382509 439.6401780322194 38.61410990357399 11.38170254975557 68.38156542927027 6.017666339874268 0.6772061586380005 1.561597190797329 0 1.070711374282837 0.4592497050762177 0.2684515118598938 4.349018253386021 2.696030229330063 0.5983949601650238
51.31332324445248 94.78421150147915 60.34891344606876 97.58537414669991 5.612609758973122 0 115.2091590985656 0.1478290855884552 4.781280018389225 221.3231461942196 4.04896704852581 40.11102575063705 65.59074810147285 21.23317138850689 0.1558320373296738 0 0 0 0 0 0 0.3000737577676773 0 0 0 0 0 0 0 0 19.44638322293758 0.1429577767848969 16.23212443292141 0 0 0 26.52165170758963 0.2513220310211182 5.040740475058556 0 0 0 0 0 0 0 1.300865657627583 0 0 0 0 4.869943805038929 0.3593920171260834 0.1119678318500519 0 0 152.8780047446489 127.6016203165054 0.8541479855775833 0 0 4.132503986358643 0 0.1036066859960556 0 0.9418574795126915 0.1298206001520157 0 0 0 141.2709775716066 108.1160557717085 4.3462053835392 3.260340847074986 0 0 0.3481210991740227 0 0.6519041657447815 7.937666952610016 0 6.808805972337723 0.5030626654624939 0.7564943581819534 0 0.6881911754608154 0.08174732327461243 8.840281493961811 3.920291043817997 11.9181869700551 0.3401378244161606 1.747724361717701 0 0 0 166.9516313523054 242.4121739119291 9.345702901482582 39.91423718631268 613.8814213722944 0 0 0 0 0 0 0 0.7608808875083923 0 0 0 0 0.3212808668613434 0.2155146896839142 0.1433060020208359 0 0 0 0 0 0 0 0 0 0 0 0 0.1268736124038696 0 0 0 0.2561414539813995 0 0 0 0 0 0 0 0.3173965215682983 0 0 0 0 0 0 0 0 0 0 0 0 0 0 0 0 0 0 0 0 0 0 0 0 0 0 0.4889855682849884 0 0 0 0 0 0 0 0 0 0.7623002827167511 0 0 0 0 0 0 0.4589507877826691 0 0 0 0 0 0.1780293434858322 0 0 0 0 0.1187110990285873 0 0 0.1839435547590256 0 0 8.535790495574474 0.5846522971987724 2.703704096376896 0.8133296370506287 321.1113514751196 1.836017787456512 0 1.222409352660179 0 0 0 0 0 0 0 0 0 0
2188.98781080544 4427.619371928275 89.99197815358639 254.5830044075847 1339.465213432908 115.2091590985656 0 12.11410339176655 1085.658187970519 1539.4990818277 125.147350974381 164.4522106721997 8507.96607863903 791.1675949245691 21.79281170666218 3.5922611951828 2.14196290820837 0.6268233954906464 0.4033541530370712 0.4548543766140938 1.386277332901955 0 0.6264886409044266 0 0.3983792588114738 2.446901105344296 0 2.601834341883659 2.146318182349205 0.3468503803014755 215.8958420678973 38.42187894880772 6.831488095223904 0.6193564683198929 0.6844509989023209 0.7068682089447975 9.704509451985359 0.4837960079312325 1.356299087405205 0.3645585402846336 0.9095110818743706 1.344960175454617 0.1168633475899696 0.876688688993454 0.6315138041973114 1.002657145261765 446.7330010682344 34.91315925866365 1.579434126615524 0.4690269231796265 0.7744115367531776 0.7618439048528671 0 2.775931000709534 13.51756555587053 18.56335465610027 64.08588796854019 372.5224781632423 24.37348042428493 128.6871967241168 0.4496416375041008 0.734502486884594 0.8261796981096268 173.5079054906964 19.74249649420381 20.57707436382771 3.24052982032299 3.080659307539463 3.958885744214058 2.407291434705257 68.76735328137875 5.48588939756155 0.1509906947612762 331.1245069727302 179.9445337951183 156.1879279986024 103.5153103470802 6.798075512051582 2.150856226682663 12.59552596509457 2.400167591869831 1.911406219005585 138.8427938148379 2.572180561721325 26.22889480739832 29.08364211767912 11.59869026392698 0.09605393558740616 5.036808341741562 0.27269347012043 0.9861574321985245 0.7114223316311836 1.822519049048424 1.019119955599308 4.678899616003036 359.6430019438267 6.048725619912148 0 2.833716481924057 208.1117243766785 0.1431877315044403 9.602560013532639 26.05681495368481 0.6150907278060913 8.942566782236099 8.541760221123695 2.677488461136818 12.32981504499912 14.30291560292244 13.25648642331362 1.570078551769257 30.04806549847126 34.48711363971233 46.54780647903681 24.81751895695925 0 0.3677647858858109 0 0 0 0 0 0 0 0 0 0 0 0 0.1815372258424759 0.2177803516387939 0 0.1661281883716583 0 5.741787955164909 3.034144014120102 0 0 0 11.71952940523624 0 3.660889990627766 0.7568126916885376 0 0 0 0 0.1813113987445831 0 0 0 1.148359328508377 5.473499327898026 0.236450657248497 0.3869727104902267 0 0.13515804708004 0.1386769562959671 0 0 0 0.3262790963053703 0.7911699861288071 0.1554915010929108 0 0.7364988327026367 18.39987231045961 3.207363113760948 0.2128386348485947 0.09034163504838943 0.1462135910987854 0 0 0.1037939563393593 0 0.1794768124818802 62.22733283787966 0 0 0 0.4171759635210037 1.83286064863205 3.489721640944481 2.460635885596275 2.617741577327251 0.3479953110218048 1.224906407296658 1.072310596704483 0.2162964046001434 0.1171523779630661 0 0 0 0 0 0.1460158228874207 0 45.24765545874834 0.6150220781564713 2.219337955117226 571.9977029189467 146.5598985105753 1203.596611395478 134.1951439008117 1762.752164840698 75.03546015173197 22.18485088646412 173.0107264071703 16.78886383771896 2.022043064236641 9.662853546440601 1.707868829369545 29.43829297274351 1.472419768571854 0.8453665524721146 9.799406595528126 7.013969942927361 0
30.16107851266861 106.7276408448815 704.6012423262 0.3225659430027008 40.40774983167648 0.1478290855884552 12.11410339176655 0 30.91206235438585 0.4570790976285934 1728.959959357977 0 25.82616905122995 429.6537427008152 9.950900211930275 6.686140716075897 5.371803738176823 34.360411927104 0.8055446594953537 27.29736052453518 84.49390254169703 0 53.29856281727552 9.474881067872047 22.56924635916948 10.64491903781891 0.6951614692807198 1.60809063911438 0.8395910263061523 0 596.8521142825484 3151.519793890417 159.76976480335 86.92384998500347 75.17410112917423 46.78932794928551 10.37558637559414 6.914353296160698 3.217415191233158 3.243504047393799 64.6316828802228 12.34649655222893 11.00574305653572 7.171142354607582 36.44640030711889 153.5389441177249 52.89523806422949 3.169079385697842 3.700170449912548 39.01347192376852 8.755607552826405 0.6980345100164413 0 3.674270235002041 1.422201611101627 1.210892073810101 13.33691915124655 255.2864677906036 4.627474188804626 10.13027938455343 111.6502393484116 23.55896862596273 110.4880750402808 920.6393283754587 1.47286094725132 2.011023033410311 3.668677307665348 2.225479923188686 193.7352221086621 165.3014215230942 6.726031512022018 6.582737438380718 0.4698788076639175 62.90567375719547 112.8753518685699 29.44317857176065 308.3989984989166 817.1466765850782 1460.579627521336 3979.975831568241 301.1652248054743 958.5298571586609 10.56354061514139 0 1.488328509032726 2.491389326751232 68.91529439389706 0 3.580770514905453 0.1602922230958939 3.357912689447403 1.524920262396336 39.7416979148984 7.966994039714336 4.238214381039143 7.113691687583923 2.786527648568153 0 0.5394485592842102 22.7205693796277 0 0 0 0 0 0 0.1576709747314453 0 0.380484402179718 0 0.1563892513513565 0.3945207744836807 0.6884176135063171 2.505115441977978 0.6109585016965866 0 0 0.1521904766559601 0 0 0 1.547096349298954 0 0 0.618020199239254 5.441737599670887 0 0 0.1566129624843597 0 2.213603489100933 0 0.7278262227773666 0 0 0.390412911772728 0.3070933073759079 0 0 1.62617239356041 0 1.410073414444923 0.8822277933359146 0.9358618035912514 0.7591139301657677 2.977288372814655 1.68555461615324 0 0.1233580783009529 0.1199480295181274 1.576368518173695 0 0.4743869453668594 0 0 2.737964145839214 0.3714273869991302 5.706683948636055 0 0 0.1272063553333282 0 0 0 0 0.5195084512233734 3.593095250427723 0 0 0 0 0.1122022494673729 0.4728985875844955 0 0 0.981817752122879 6.41244850307703 0 0.1697229892015457 0.2820306718349457 0.8639806285500526 0.3457932621240616 0.8693759143352509 1.007769957184792 0 0.2033600658178329 0 0 0.1015562936663628 1.360786490142345 0 0 0 0 0.1092197522521019 0.4514109939336777 0.4370197653770447 1.570412784814835 0.3605643808841705 0.9931113496422768 33.15293338894844 19.04179324954748 88.83790688216686 11.68234195560217 40.55903136730194 3.221413426101208 0.6966449469327927 11.92987932264805 1.526168510317802 1.070543840527534 0.3980590775609016 0.7193615585565567 0.3297492861747742 0 0 0 0.7659752666950226 0.2521850988268852
70.88408929109573 1349.29283542186 352.0058431401849 15.27828612923622 4583.41487326473 4.781280018389225 1085.658187970519 30.91206235438585 0 209.5047740191221 1431.624297201633 20.82399520277977 2973.046786919236 1600.257691927254 34.45184483379126 4.457735605537891 1.338161490857601 0.4283224567770958 0 0.1392684429883957 1.909012988209724 0 0.6323291137814522 0.5604026466608047 0.7467695623636246 1.634133443236351 0.1133598238229752 1.724382989108562 2.049327909946442 0 123.7641452103853 64.67920842021704 8.756057627499104 0.4610744416713715 0.6482570096850395 0 13.43005872517824 0.4263055697083473 1.914488136768341 0.1847364902496338 1.891023904085159 1.341861143708229 0 0.7528139501810074 0.102454848587513 1.156292431056499 385.1957272067666 14.43695461004972 0.7024570405483246 0.8340312764048576 0.9982270374894142 1.080541029572487 0 2.181359753012657 4.07343914359808 8.86111268773675 16.09860256314278 97.88877242058516 10.42156454175711 76.1788482889533 0.7994597628712654 0.5093253254890442 0.6550000160932541 122.8780738711357 7.848208285868168 11.47992032766342 1.451469928026199 3.18662952631712 2.766012586653233 2.015525445342064 23.51595590263605 4.958690315485001 0.07574846595525742 131.257506147027 125.6981153488159 141.2556084319949 118.3750854358077 15.13561572134495 1.678666509687901 25.48996839672327 2.176352992653847 1.018352195620537 51.29747946560383 2.201602101325989 13.48292884230614 11.6166428104043 8.604678899049759 0.2051791027188301 3.837450742721558 0.1429242938756943 0.9664701148867607 0.7692416235804558 1.224605947732925 1.608624935150146 2.499826662242413 139.9073690250516 4.108667969703674 0 2.264898635447025 18.41864823549986 0 2.570259273052216 0.7035891711711884 0.191403791308403 0.7650008350610733 8.5936409085989 3.008348301053047 5.401868857443333 11.24429903924465 12.52464087307453 2.884359359741211 29.98039677739143 27.26178689301014 41.31708728522062 23.8253560885787 0 0 0 0 0 0 0 0 0 0 0.2140031680464745 0 0 0 0 0 0 0.151061549782753 0 4.510755963623524 3.276282295584679 0 0 0 19.02754355221987 0 2.941932648420334 1.270361356437206 0.1485592126846313 0 0.08771353214979172 0 0.1606550663709641 0 0 0 0.5361938178539276 2.321026891469955 0 0 0 0 0.1991692781448364 0 0.08786113560199738 0 0.3988779038190842 0.3461855053901672 0.4665466845035553 0.8014674782752991 2.536424294114113 25.15105559676886 0.3558953031897545 0 0 0 0 0 0 0 0 67.46873330324888 0 0 0 0 0.9331301003694534 3.010712206363678 5.794241145253181 1.150625377893448 0.1612243950366974 0.1156451925635338 0.3334362357854843 0.5302357226610184 0 0 0 0 0.1607238054275513 0 0 0 32.12498002499342 1.368098542094231 4.385814882814884 486.8754910603166 113.514627173543 686.8495858162642 123.5626964345574 293.8361055031419 53.37674723565578 13.21226661652327 150.5461383908987 6.768439054489136 0.4589648544788361 6.431495405733585 1.01660218089819 19.2244274020195 0.4629744440317154 0 9.337350361049175 3.097481735050678 0.9234599098563194
1095.966897435486 230.7437132522464 1.514337584376335 212.2411390841007 98.55752882361412 221.3231461942196 1539.4990818277 0.4570790976285934 209.5047740191221 0 5.069185316562653 583.9752675145864 6510.700784757733 299.4009603336453 5.886768139898777 0.7884029746055603 0.2494662404060364 0.1261001229286194 0 0 0.1939564570784569 0 0 0.0963716059923172 0 0 0 0.6745650172233582 0.8479427769780159 0 22.61764564365149 5.018846191465855 17.62437412142754 0 0 0 24.2465233206749 0 0.5769881755113602 0 0.3629295378923416 0.6706984043121338 0 0.1923570781946182 0.215090423822403 0.1281162947416306 162.6531812176108 4.65266926586628 0.1289935410022736 0.2230035215616226 0 1.104058682918549 0.5804205983877182 0.9238883182406425 1.552437640726566 3.771914049983025 17.03548453748226 47.77857541292906 6.026220113039017 29.20480131357908 0.5290621370077133 1.024190381169319 0 15.7307862713933 2.406022287905216 2.480516523122787 0.51950553804636 0.8214265257120132 0.3967951759696007 0 893.258711963892 10.83637323975563 0.1564875692129135 56.16683195531368 25.9571181461215 38.77201015502214 29.12549274414778 1.154318481683731 0.1621804237365723 3.376333832740784 0 0.9736977145075798 20.8814807087183 1.072731196880341 3.415346503257751 4.681052945554256 1.78194136172533 0.1456789821386337 1.247046299278736 1.050695352256298 0.3416187018156052 0.4148950949311256 0.4852446913719177 0.3428560942411423 0.8321961164474487 906.3765968754888 20.99992899596691 0.1993341147899628 4.524180680513382 193.4954329133034 0 15.92396788299084 0.5665303468704224 0.8211374282836914 0.6827580332756042 18.49520225822926 5.427649050951004 9.553870752453804 27.9565634727478 30.47129173576832 3.568550139665604 52.79972569644451 47.0501621067524 92.4761466383934 30.95828388631344 0 0 0 0 0 0 0 0 0 0 0 0 0 0 0 0 0 0 0 3.058443397283554 6.18078924715519 0 0 0 25.75736586749554 0 6.097774803638458 1.507022738456726 0 0 0 0 0 0 0 0 1.257303737103939 2.735494449734688 0.1343878656625748 0 0 0.4929197281599045 0 0 0 0 0.1277663856744766 0.9872171804308891 0.1899067312479019 0 3.144387662410736 26.70799682289362 3.412612721323967 0 0 0 0.09520258009433746 0 0 0 0 83.48864085972309 0.3752618432044983 0 0 0 2.663143754005432 0.6056283116340637 11.36980849504471 1.140376083552837 1.446509629487991 0.2320015132427216 1.510968819260597 0.2000026702880859 0 0 0 0 0 0 0 0 61.85036020725965 1.527874693274498 5.003845274448395 462.1056548729539 52.58288390189409 348.9520306438208 54.90753528475761 919.5923278480768 32.79013008624315 5.207110501825809 122.0976011902094 7.437815070152283 0.7534398660063744 8.638301059603691 0.9045824334025383 68.33061449229717 1.381531625986099 0.3796049058437347 5.353447884321213 1.189809799194336 0
449.5469263643026 3934.229864291847 5172.815435320139 0 1884.609531641006 4.04896704852581 125.147350974381 1728.959959357977 1431.624297201633 5.069185316562653 0 5.092144459486008 5433.46867351979 6161.877912312746 27.78915532678366 5.481919676065445 1.251632668077946 0.8683480322360992 0.3021603673696518 1.312062278389931 7.595542125403881 0 6.289694681763649 0.9920701533555984 5.354244031012058 1.969874039292336 0.3819971829652786 1.014662101864815 0.8638859614729881 0.09067229181528091 769.3893922120333 133.8237627670169 150.6358637660742 6.134113572537899 7.750028610229492 6.752524018287659 37.0490894690156 2.474321968853474 2.29413028806448 1.529192440211773 12.94507504999638 2.943457417190075 0.2443989142775536 0.6884439513087273 1.008677899837494 6.683071665465832 215.2003729268909 9.52242523431778 1.467768266797066 3.520103044807911 2.296556882560253 1.039149314165115 0 1.646273583173752 4.309171557426453 4.216110877692699 23.45315638929605 259.9739266782999 9.853117749094963 46.15002197027206 2.249643720686436 1.521153189241886 11.69023628532887 138.520494543016 6.113848954439163 7.714060090482235 1.510194346308708 1.592173717916012 12.58799135684967 15.89038994908333 56.82442503422499 4.833395376801491 0.2077040821313858 120.8301673382521 106.2842779308558 88.87407447397709 109.125554010272 19.02961047738791 42.63900405913591 319.495245039463 6.830595351755619 4.776972204446793 42.16920934617519 1.00170610845089 7.537503823637962 9.012677177786827 6.910682566463947 0.1023373678326607 1.702247530221939 0 1.053502440452576 1.183903522789478 4.492212235927582 1.507303923368454 2.156109377741814 29.58987107127905 3.925823554396629 0 1.235070362687111 144.0964261069894 0.1643553674221039 0 0 0 0 0.7751450091600418 0.2295915186405182 0.299670472741127 0.6705807447433472 0.7402745634317398 0.1114091500639915 4.116856604814529 2.073878951370716 3.740070916712284 3.648393645882607 0 0 0 0 0 0 0.4538007974624634 0.09374804794788361 0 0.2487285509705544 0.4267922565340996 0 0 0 0 0.223311260342598 0 0 0 0.3921397477388382 0.9049271196126938 0 0 0 2.765260010957718 0 1.853325352072716 0.2172697633504868 0.2092542797327042 0.1225599944591522 0.5349594131112099 0.255906917154789 0 0 0 0.1209475472569466 0.2723836377263069 0.6047394275665283 0 0 0 0 1.135173797607422 0 0 0 0 0 0 0.5049436092376709 0.3710816353559494 4.834806554019451 0 0 0 0 0.2660372853279114 0 0 0 0.1384906023740768 9.278752334415913 0 0 0 0.5719321370124817 0.3992809280753136 0 0.5117727369070053 0.1150898486375809 0 0 0.6015316396951675 0.2308965772390366 0.139973521232605 0 0 0 0 0 0.274919182062149 0 4.673653125762939 0.6627542972564697 0 182.174194470048 56.21550406515598 349.3839006647468 60.80701277405024 211.7880153954029 27.26178514957428 6.97547447681427 62.29694695025682 3.713591530919075 0.5205963402986526 1.484391361474991 0.3249940276145935 1.176328778266907 0.2819375693798065 0.4690373539924622 5.126588091254234 1.762438111007214 0
66.48720033466816 70.20596712827682 0.4095259010791779 66.49806177616119 9.108676210045815 40.11102575063705 164.4522106721997 0 20.82399520277977 583.9752675145864 5.092144459486008 0 1527.360188141465 39.06363858282566 2.710612319409847 1.497541978955269 0.7377327531576157 0 0 0 0.5283607244491577 0 0 0 0 0 0 0.155101478099823 0 0 0.9298103526234627 0.8912220075726509 7.357694119215012 0 0.7488805651664734 0 7.715331315994263 0 0.4356798082590103 0 0.1652341932058334 0 0 0.1657434552907944 0 0 17.73424936830997 0.1974902004003525 0 0 0 0 0 0 0 0.2449756562709808 2.78073213249445 2.630536496639252 0.3315125107765198 0.7017312943935394 0 0 0.1665753573179245 3.294153526425362 0.09635303914546967 0 0 0 0.2194789499044418 0.140560194849968 228.6688613444567 1.205170199275017 0 3.741073399782181 3.890359707176685 3.961313292384148 6.403626568615437 0.4740269780158997 0 3.520029067993164 0 0 1.382129564881325 0 0.1275517493486404 0.159914568066597 0.1426298469305038 0 0 0 0 0 0.1328548640012741 0 0 911.0325776785612 8.031909584999084 0 2.979336440563202 28.45910212397575 0 4.853240132331848 0.1292391717433929 0.5477951765060425 2.120642647147179 15.5558780580759 5.201527044177055 11.56137943267822 15.76518879830837 23.92930571734905 2.148116357624531 49.414779484272 47.06527234613895 90.3237724378705 30.57016444206238 0.1463397592306137 0.1984906941652298 0 0 0 0 0 0 0 0 0 0 0 0 0 0 0 0 0 5.483084335923195 4.874679446220398 0 0 0 24.84216056764126 0 2.907936751842499 0.9666086286306381 0.1095075532793999 0 0 0 0 0 0 0 0.4044213742017746 2.353293545544147 0 0 0 0 0 0 0 0 0.1753644645214081 0.7636698707938194 0.7820180952548981 0 0.8884338736534119 22.58569955825806 2.117519587278366 0 0 0 0.1240505650639534 0 0 0 0 79.15305237472057 0 0 0 0 2.179241634905338 2.341557368636131 7.047543093562126 0.7998161986470222 0.8556002080440521 0.4284430593252182 2.123310722410679 0.7686992958188057 0 0 0 0 0 0 0 0 64.51015143096447 1.223611727356911 2.623713120818138 74.80532880872488 3.477719560265541 36.70130401849747 8.892593637108803 88.34920669347048 3.413388155400753 0.6530051380395889 17.36147789657116 2.506938368082047 0 7.082475088536739 1.940796822309494 40.32610739767551 0.9138290882110596 0.3816412687301636 0.3328960239887238 0.8144070506095886 0
299.1619068905711 1097.738636441529 79.15604767948389 351.3909211903811 1254.524385437369 65.59074810147285 8507.96607863903 25.82616905122995 2973.046786919236 6510.700784757733 5433.46867351979 1527.360188141465 0 4366.173080228269 79.55636148154736 18.92221377789974 2.95168674737215 1.854531101882458 0.1140614971518517 0.4437397718429565 5.19770685583353 0 4.36633538454771 1.327451512217522 1.082219734787941 5.522022321820259 0.514442540705204 2.73034793138504 2.41167788207531 0.2206785976886749 48.63597177714109 35.27645163238049 362.2178616896272 3.95516399294138 4.435394331812859 4.563026323914528 212.6643160358071 1.936360083520412 13.05710060894489 1.548412054777145 8.658041127026081 2.56050581485033 0.1373952478170395 1.194113321602345 1.602569207549095 3.947675243020058 405.6194575056434 10.23423563688993 1.266233868896961 3.212453611195087 1.509478002786636 2.013189405202866 0 4.278357908129692 3.212288394570351 5.936137080192566 14.82170181721449 50.66181126981974 11.08842327445745 55.14983038604259 2.686910726130009 2.003434143960476 4.383526764810085 126.0891564935446 7.116376660764217 9.635904900729656 2.626795098185539 2.480840638279915 12.075075045228 11.51308251172304 673.1308060437441 26.02978345751762 0 92.74108377099037 109.7383079752326 134.8412091135979 176.7563246041536 32.54767987132072 5.681857064366341 57.74732430279255 5.500090233981609 2.495804719626904 36.93923193961382 0.6420236676931381 10.2277485653758 12.33342093974352 6.377295203506947 0.1076247468590736 3.462990060448647 0.2190114185214043 2.267958141863346 0.9488734751939774 3.345166191458702 1.996863953769207 1.678453117609024 3077.73174508661 32.3268705457449 0.1646999269723892 16.42330540716648 67.21909929811954 0.8793023824691772 22.49520979076624 1.089252859354019 0.8383906036615372 3.358776614069939 50.27789586037397 12.10695281624794 27.68631439656019 63.18103139102459 71.06918507069349 8.51411946117878 147.805819876492 152.2383347898722 229.8449421077967 137.7796741202474 0.5022847056388855 1.072831846773624 0 0 0 0 0 0 0 0 1.340521171689034 0 0 0.1954114437103271 0 0.1144289970397949 0 0.2238878011703491 0.231927752494812 14.10560163855553 18.84663730859756 0 0.9258954972028732 0.440451979637146 86.68536049127579 0.5357144474983215 19.77089285850525 3.29172208160162 0.2013797163963318 0 0.1904802024364471 0 0.3712133467197418 0 0.7164689302444458 0 2.916305102407932 11.24164266884327 0 0 0 0 0.8405357152223587 0 0 0.1863158270716667 0 2.866143278777599 0.9868149757385254 1.066605478525162 7.33939403295517 95.96359137445688 10.06692057847977 0.1192324608564377 0.08166570216417313 0.2060887143015862 0.098422572016716 0.3294348269701004 0 0 0 354.8033131584525 0.5228710919618607 0 0 0 9.788726218044758 20.37758974730968 33.02446284890175 3.630277834832668 2.539509996771812 1.95243339240551 2.583607167005539 4.930279545485973 0.2153431177139282 0 0 0 0 0 0 0 256.7497634068131 8.240105420351028 20.65156456828117 700.6756896823645 135.2348031178117 670.8404467180371 173.4638292044401 426.7927839383483 60.0696397125721 21.83678597956896 235.0442912653089 20.04777374118567 1.573017343878746 20.01844320446253 3.688116267323494 104.947540268302 2.16736875474453 0.6282509118318558 16.19378297775984 4.794253446161747 3.093212455511093
83.9216813147068 1408.023771256208 673.9354365617037 4.716419398784637 1865.338631227612 21.23317138850689 791.1675949245691 429.6537427008152 1600.257691927254 299.4009603336453 6161.877912312746 39.06363858282566 4366.173080228269 0 109.1385945603251 34.37012310326099 5.607194632291794 4.784737795591354 0.3213906362652779 2.782031871378422 23.7109439894557 0 21.04949057847261 6.151501312851906 41.46485522389412 16.83352871239185 6.220454826951027 7.777349688112736 2.531158849596977 0.8535641878843307 199.3072074651718 100.3358055874705 943.7710795029998 14.31605665385723 26.73899433761835 38.26717662066221 911.7202146053314 24.00835966318846 84.91716338694096 16.96369132399559 74.28089517354965 20.05682783573866 1.818044081330299 3.07608699798584 2.202839992940426 12.96057465672493 545.4138514921069 13.61605490744114 5.17958714812994 20.73475246876478 13.89891500025988 1.598148256540298 0.775290846824646 5.969992429018021 1.682921066880226 6.154033459722996 15.65212577581406 108.1251792386174 13.63774038106203 69.35644973814487 6.716297619044781 12.75796568393707 45.28849103301764 215.9453501105309 6.762894228100777 10.65940522402525 4.180622637271881 3.022995375096798 51.72114384919405 47.97908996790648 756.889447055757 49.81427530944347 0.545922264456749 111.1404259949923 161.4024126976728 203.8931916058064 277.0327175557613 62.86473039537668 151.4933534637094 258.841361798346 17.25768744200468 10.76203606277704 41.35590805113316 1.250454366207123 8.195165507495403 12.17983297258615 17.15351783484221 0 4.936891078948975 0.3593574836850166 7.179801635444164 3.136286109685898 24.80203606933355 14.42322962731123 3.617436602711678 805.4860189631581 70.01499974727631 0 35.39698687940836 58.80758605897427 0.5978901609778404 8.262866973876953 1.128925293684006 0.8813359588384628 2.4815703779459 20.6988982707262 6.931042611598969 20.30289109796286 30.31424825638533 34.14554619789124 5.337940327823162 77.23778001964092 78.75822176784277 133.4406291693449 74.56891960650682 1.11742228269577 0.5680672153830528 0 0 0 0 0.9901057109236717 0.1856955885887146 0 0.5652565807104111 2.027152180671692 0 0 0 0 0.5687079653143883 0 0.9204172194004059 0 6.013978086411953 15.65757322311401 0 0 0.1838205754756927 51.18601261824369 0.9662595689296722 14.19772687554359 2.928236052393913 0.5644175410270691 1.120032094419003 0.9861195534467697 2.363067723810673 1.146886020898819 0.2678509056568146 0 1.444693639874458 1.989413425326347 9.562547966837883 0.2646482884883881 0 1.67763414978981 0.5928217172622681 3.419177398085594 0 0 0 0.915552631020546 1.643510982394218 1.213626757264137 0.5693903565406799 7.037785470485687 87.43702920526266 6.454386904835701 0.3522179797291756 0.09136242419481277 0.1775537580251694 0.1780550330877304 0.3984204083681107 0.2126908004283905 0 0.3641134798526764 213.2997279390693 0.7769420593976974 0.2660144492983818 0.1452208608388901 0.963647834956646 9.088339902460575 9.825986728072166 31.48286333680153 2.039651855826378 1.694345682859421 1.527146548032761 3.030605591833591 2.644350178539753 0.5547007024288177 0 0 0 0.2081935256719589 0 0 0.1399607509374619 121.0205421149731 5.987954884767532 11.57818841934204 838.3432572707534 132.55161780864 862.7071775048971 204.9795810207725 261.3906406909227 54.52944170683622 18.30315377563238 292.8849080577493 24.6212033778429 3.637255042791367 23.23236013203859 2.282271653413773 65.58855612576008 3.266443014144897 0.8400856107473373 11.04887597262859 9.125213384628296 3.585027672350407
