0 4145.9735532552 3552.997568272054 796.4589045643806 606.0611279904842 56.62631224095821 1763.750581987202 141.4181945174932 76.09049233794212 2604.932540863752 224.2202853113413 315.1597761511803 1095.836433187127 550.1957827210426 5.617553673684597 0.4441575706005096 0 0 0 0 0 0.1846318542957306 0 0 0 0 0.1722031235694885 0 0.320249930024147 0 993.7115410864353 5.377082258462906 15.12193466722965 0 0 0 5.280211910605431 0.6478413641452789 1.86002978682518 1.126212522387505 0 0.1490611135959625 0 0 0 0.1950985640287399 25.61807986348867 2.128102488815784 0.2229196131229401 0.4948513805866241 0.2152986526489258 0.2956485450267792 0.2730635702610016 0.2447129487991333 4.631680637598038 15.02171074599028 469.6042371466756 1079.064372234046 122.7523196339607 26.12819766998291 0.1306850016117096 2.028736174106598 0.2223289608955383 4.785297468304634 3.188827313482761 2.684098415076733 0.1730389967560768 0.4128940105438232 0.2888913452625275 0 33.67580750584602 6.486114963889122 1.071357026696205 163.399456165731 27.23986192047596 22.11099257320166 7.605389401316643 2.146531328558922 5.929632559418678 45.05688387155533 0 5.0792485922575 13.055299654603 0.4328681081533432 2.682258732616901 3.228005096316338 2.003038875758648 0 0 0.8353862762451172 0.7619689553976059 0.253326952457428 0.4360088109970093 0 0.1854667067527771 249.140511661768 41.30077950656414 0 1.380028590559959 1517.681143291295 0 0.6182582378387451 0.3946158587932587 0.2302134186029434 0.296837717294693 2.491443023085594 0 0 40.73154938220978 0 0 0.3630903959274292 1.808991625905037 0.5562811493873596 3.131419897079468 0 0 0 0 0 0 0 0 0 0 0 0 0 0 0 0 0 0 0 1.015158325433731 0 0 0 0 0.9221193194389343 0 0.2221827208995819 0.1317534595727921 0 0 0 0 0 0 0 0 0 0.4506969153881073 0 0 0 0 0 0 0 0 0 0 0 0 0.1887892335653305 1.415028065443039 0 0 0 0 0 0 0 0 0 1.747897759079933 0.3352568745613098 0 0 0 0.1814257651567459 0 0 0 0 0 0 0 0 0 0 0 0 0 0 0 0.4422244131565094 0 0.1498699635267258 74.46516145020723 12.75359034538269 152.4485460519791 78.48328418284655 1097.239782333374 18.95729848742485 3.831382058560848 11.93525447696447 1.156132683157921 0.152229368686676 1.652808591723442 0.9468258544802666 0.5620836615562439 0 0.08534251153469086 0 0 0.5851292610168457
4145.9735532552 0 2636.009375959635 2297.583362311125 3065.374095082283 120.1387238949537 8302.650818645954 115.5590262264013 1030.130565941334 940.986069560051 276.0981318727136 25.40956793725491 730.5025990307331 496.8057854175568 24.57382652163506 1.061356425285339 0.2044196426868439 0 0 0.6479325443506241 0.1564761251211166 0 0.1641647964715958 0 0.307468444108963 0.993220828473568 0.2875876426696777 0.4129338264465332 0.1431909203529358 0 1652.638186261058 8.810502499341965 12.8597340285778 0.6551845073699951 0.1910645663738251 0 6.439115330576897 0.6381950378417969 0.3740617632865906 0.2377395480871201 0.1951709985733032 1.355794668197632 0 0.3229972720146179 0.4887967705726624 0.5426790565252304 162.9700435176492 4.812843643128872 0 0.2511585056781769 0 0 0 1.136775225400925 7.130051486194134 21.81236972659826 175.4479927048087 507.7267683297396 48.70735795795918 48.61451897770166 0.6243734508752823 1.701063767075539 0 95.81576398015022 7.895281001925468 4.707420267164707 0.5302421003580093 0.9226074367761612 0.6247503086924553 1.681849434971809 14.79051415622234 0.5929050445556641 0 112.9917631670833 88.11731313169003 97.38129328936338 55.32620983570814 6.067566260695457 3.346605554223061 16.45417354255915 0.3097325414419174 7.491619035601616 22.94391018897295 0.2889399975538254 3.718209199607372 5.211177706718445 4.209159553050995 0 0 0.1491325795650482 0.6296394616365433 0.2788219749927521 1.139494597911835 0 0.5317372679710388 68.21507681906223 0 0 0 853.7969460710883 0 0 2.123559534549713 0 2.103592336177826 23.9172784537077 0 1.903820216655731 118.9991661161184 4.542294383049011 0.5217744708061218 10.20487369596958 3.721112012863159 6.594297736883163 6.717039927840233 0 0 0 0 0 0 0 0 0 0 0 0 0 0 0 0 0 0 0 0.4454187452793121 3.630835592746735 0 0 0 0.6282442510128021 0 0.3310899138450623 0.3379368185997009 0.2366213798522949 0 0 0 0 0 0 0 0 0 0 0 0 0 0 0.8610175549983978 0 0 0 0.2891695201396942 0 0 0.2716269791126251 2.659206926822662 0 0 0 0 0 0 0.1927899718284607 0 0 5.148326709866524 0 0 0 0 4.352439790964127 0 1.042808771133423 0.9165998101234436 0 0.6760298013687134 0 0 0 0 0 0 0 0 0 0 1.862491503357887 1.401889145374298 1.830223351716995 192.1135848388076 29.7423722371459 353.7387508898973 103.4765265360475 1006.009427808225 31.45704893767834 5.270280309021473 43.93875612318516 2.666110463440418 0.2356242313981056 3.235021226108074 1.878119945526123 0.3806665539741516 0.5276305675506592 0 0.2967438697814941 5.655246034264565 0
3552.997568272054 2636.009375959635 0 87.99456962943077 612.0702256560326 20.30085281282663 903.7205188646913 4822.096093192697 3264.612476177514 38.39664568006992 4992.890602022409 31.61915001273155 725.9552335292101 2244.66800981015 92.59258558601141 17.75360932201147 4.605687625706196 0 0 2.09516903758049 5.777537450194359 0.7487925291061401 3.501584604382515 0.4559863060712814 3.088579162955284 6.076395384967327 12.55623758584261 0.947255477309227 2.705535635352135 0.3551916778087616 4455.55477335304 608.4920154511929 246.465600669384 0.8152098953723907 2.688414037227631 12.51452149450779 61.63766542077065 5.617941498756409 12.76468247920275 12.50100754201412 8.968262068927288 1.0594672113657 1.372083723545074 5.912067621946335 2.240139961242676 10.38939765840769 238.2585208117962 5.791547261178493 1.727957397699356 1.537569671869278 0.8897407054901123 0.7614113092422485 1.808588266372681 1.125077143311501 8.662437908351421 18.08458638191223 133.8906766995788 447.8280939385295 40.82147475332022 62.62490054219961 30.08973003923893 29.85128118097782 4.471515342593193 179.1751244291663 9.032801225781441 4.28295723348856 0.8502159342169762 3.775035671889782 2.629378885030746 9.871186412870884 73.96210753917694 5.475620299577713 0 100.1133538782597 93.83663786202669 149.3348776623607 125.1613213568926 28.85364439338446 925.928030192852 1628.091958142817 18.67507873475552 513.2233922630548 17.16132984310389 0.9754051342606544 3.992596872150898 6.555282458662987 7.682507194578648 0 0 0.4605954885482788 1.456147596240044 0.7457563132047653 12.87723466008902 3.930842362344265 2.617601118981838 48.90283787250519 0.9443153440952301 0 4.600365772843361 541.9469722807407 0.2243750840425491 0 0.3618485033512115 0.5796972066164017 0.2038053572177887 9.205457955598831 0 2.416565239429474 4.932574659585953 4.779252961277962 1.11542147397995 11.78797963261604 8.794030874967575 15.24532510340214 20.95695322751999 0.1982128173112869 0.2598722875118256 0.4310452342033386 1.209948599338531 0 0 0.7718665450811386 0 0 0.8619653135538101 0.1465958058834076 0 0.6764438301324844 0.3623901307582855 0.1952758282423019 0 0 0.7851777225732803 0 1.538876533508301 3.84669990837574 0.5300313681364059 0.1580756455659866 0.1709414720535278 9.823260188102722 0.3003502935171127 4.845912829041481 2.036034569144249 0.7561117708683014 0.7739544808864594 0 0 1.955802798271179 1.21522855758667 1.760085418820381 0 0 1.985166266560555 0 0 0 0.4203415215015411 0.1396184712648392 0.4295841902494431 0 0.09260613471269608 0 1.662064731121063 0 2.326477974653244 4.8606116771698 5.172480240464211 0 0 0.255031019449234 0 0.1269640922546387 0.1775838136672974 0.1395377814769745 0.1332546472549438 0.3121243566274643 16.05428187549114 0.9324288070201874 0 0 0.191319927573204 6.338411703705788 3.226114258170128 3.430094614624977 0 0.3876177966594696 0.1853315830230713 1.228279083967209 0 0 0 0 0 0.1353210657835007 0 0 0 3.384739100933075 5.109658017754555 7.114410661160946 238.2072887048125 57.82981023937464 473.4120928272605 130.0600245818496 258.2019864991307 41.2140409052372 8.851814806461334 99.64841332286596 9.59928098320961 0.2300172075629234 2.979657635092735 2.930693969130516 1.04901796579361 0 1.113505586981773 1.876743748784065 2.986752487719059 0.7828707247972488
796.4589045643806 2297.583362311125 87.99456962943077 0 315.9433731436729 54.92735542356968 1612.546500727534 0.2776768207550049 50.6205108910799 1203.246867716312 5.556496068835258 397.241192445159 2166.354372814298 785.8488619476557 1.892650738358498 0.1641805022954941 0 0 0 0 0 0 0 0 0 0 0 0 0 0 33.02893830835819 0.1479187160730362 0 0 0 0 0 0 0 0 0 0 0 0 0 0 25.49662685394287 1.175052762031555 0 0.2878141105175018 0 0 0 0 1.554646112024784 2.737773157656193 23.03470135480165 40.1413426399231 8.774209447205067 9.575750291347504 0 0.1460493057966232 0 15.27596238255501 1.69269697368145 0.7491731494665146 0.1105450019240379 0.4202395156025887 0 0 4.135823845863342 0 0 24.80026619136333 17.25836737453938 13.92475792765617 7.064304888248444 1.822666719555855 0 1.083033733069897 0 0 3.932081982493401 0 1.237157478928566 0.555005356669426 0.6611762195825577 0 0 0 0 0 0 0 0 36.41555067896843 0 0 0 100.0184910073876 0 0 0.7435209155082703 0 0 3.506181240081787 0 0 39.41145390272141 0.2240723222494125 0.1960221529006958 2.071607425808907 2.320478230714798 2.352365553379059 2.269470423460007 0 0 0 0 0 0 0 0 0 0 0 0 0 0 0 0 0 0 0 0 2.726208329200745 0 0 0 0.1454894989728928 0 0 0 0 0 0 0 0 0 0 0 0.2477109581232071 0 0 0 0 0 0 0 0 0 0 0 0 0 0 0 0 0 0 0 0 0 0 0 0 2.460844144225121 0 0 0 0 0.5113614201545715 0 0 0 0 0 0 0 0 0 0 0 0 0 0 0 0.1887082606554031 0 0 23.328498467803 3.39666586369276 65.25051689147949 16.73352256417274 276.2914617434144 2.845954857766628 0.9714097082614899 3.029000610113144 0.4219452366232872 0.1609574109315872 0.1286739557981491 0 0 0 0 0 0.4690947532653809 0
606.0611279904842 3065.374095082283 612.0702256560326 315.9433731436729 0 46.17769220471382 6592.064484588802 53.79666591435671 5009.439950913191 154.9868880361319 617.8250423520803 27.90104365348816 827.9070069491863 1747.544668778777 54.05953760445118 0.1464887112379074 0.8036849200725555 0 0 0.830902487039566 0 0 0 0 0 0 0 0.7924649715423584 1.092055022716522 0 353.9932763874531 24.83154673874378 159.8817168623209 0.1854717433452606 0.1625458151102066 0 13.9647186845541 0.5297345072031021 0.2264987826347351 1.58221897482872 0.5768606960773468 1.782585680484772 0.5236515402793884 0.1804899573326111 0 0.2970475554466248 276.657564021647 6.20662847161293 0 0.4795406088232994 0.2934387475252151 0 0 1.25554946064949 7.148989781737328 19.22945974767208 30.91850145161152 68.66545669734478 14.58766817301512 80.13969116657972 0 3.483341068029404 0 120.9275251179934 9.349929466843605 6.359480760991573 0.9108346700668335 1.591092087328434 1.169787302613258 2.442636132240295 25.47451941668987 0.1951072365045547 0 69.0855990126729 91.44549860060215 155.1073572710156 134.8779195398092 8.222322732210159 3.905032590031624 47.02448603510857 0.9175923615694046 4.974170014262199 15.9204820021987 0.9702608063817024 6.852226860821247 6.382912561297417 4.639760613441467 0 0 0.1979104429483414 0.7399483323097229 0.5566962510347366 0.3931450992822647 0.6245598793029785 3.304226957261562 182.9571198672056 0 0 0.9025681614875793 85.71501046419144 0 0.6109058260917664 2.947649389505386 0 1.269091904163361 27.33181902766228 0 5.906488865613937 8.100080534815788 3.767773866653442 2.924848675727844 17.82467593252659 9.410862699151039 26.82795262336731 15.96538197994232 0 0 0 0 0 0 0 0 0 0 0 0 0.2185557931661606 0 0 0 0 0 0 0.5935853123664856 0 0 0 0 3.514142602682114 0 1.934336319565773 0.6800405383110046 0 0 0 0 0 0.3546841442584991 0 0 0 0.2881451547145844 0 0 0 0.1757778227329254 0 0.3165965974330902 0 0 0 0 0 0.2399778068065643 0.1303066909313202 5.103613525629044 0 0.3993412554264069 0.1263928860425949 0 0 0.3260281682014465 0 0 0 12.97401823103428 0 0 0 0 6.576567336916924 0 1.893028020858765 0.7461851537227631 2.946768701076508 0 0 0 0 0.9904450923204422 0 0 0 0 0 0 2.479239106178284 0 0.5069052129983902 212.1675051227212 72.87290395051241 451.6471852213144 117.981033436954 336.7422163113952 47.71289814263582 7.378371499478817 77.53860708326101 2.719272576272488 0.3638278171420097 5.139059036970139 3.041561007499695 3.659523725509644 0 0.255972795188427 0.1420832276344299 0.3384557366371155 0
56.62631224095821 120.1387238949537 20.30085281282663 54.92735542356968 46.17769220471382 0 205.7323174923658 0.4112321436405182 34.37267717719078 391.4088360369205 4.097731664776802 179.0642577409744 306.8140071928501 108.8962970077991 0 0 0 0.3494822382926941 0 0 0 2.448804408311844 0 0 0 0 0 0 0 0 4.91196309030056 0 1.494414985179901 0 0 0 2.675308346748352 0 2.102971896529198 0 0 0 0 0 0 0 0.4743462353944778 0 0 0 0 3.141332194209099 1.803919553756714 0 0 0.09553366899490356 26.60348831117153 22.31387686729431 5.213454060256481 0.6074737310409546 0 0.3375248610973358 0 0.224799320101738 0.2013167962431908 0 0 0.4214272499084473 0 0 116.4915568828583 81.54506656527519 2.385860994458199 3.494686089456081 0.185756042599678 0 0.1474218964576721 0 0 0.7384309768676758 0 0 0 0 0 0 0 0.6565853357315063 0.1968103498220444 3.488856673240662 0.3593495637178421 0.458226352930069 0 0 0.1820278614759445 311.6874630898237 182.2991787791252 2.853282123804092 7.626715555787086 493.3005649670959 0 0 0 0 0 0.3136231899261475 0 0 4.518242985010147 0 0 0 0 0.7381557822227478 0 0 0.2739404439926147 0 0 0 0 0 0 0 0 0 0 0 0 0.1888080239295959 0 0 0 0 0 0 0 0 0 0 0 0 0 0 0 0 0 0 0 0 0 0 0 0 0 0 0 0 0 0 0 0 0 0 0 0 0 0 0 0 0 0 0 0 0 0 0.428729385137558 0.5465915203094482 0 0 0 0 0 0 0 0 0 0 0 0 0 0 0 0 0 0 0 0 0 0 1.489533126354218 0.5859097540378571 3.771409377455711 1.907378599047661 316.6220598593354 0.3545210063457489 0 0 0 0 0 0.3663845956325531 0 0 0 0 0 0
1763.750581987202 8302.650818645954 903.7205188646913 1612.546500727534 6592.064484588802 205.7323174923658 0 10.69027297198772 1673.406992591918 1498.764670610428 193.2731500566006 181.7818766981363 1014.831298798323 232.7922464162111 82.43306606262922 0.3243036419153214 0 0.4932586848735809 0.6329110562801361 0.7234475016593933 1.923325002193451 0 0.255023717880249 0 1.203440681099892 1.071140691637993 0.4074299484491348 1.313735082745552 1.183698266744614 0.3307554423809052 524.0306777507067 24.77154077589512 6.398082211613655 0 0.55533367395401 0 4.044525623321533 1.323061764240265 0.3419688045978546 0 0.1490693241357803 1.191719591617584 1.253416404128075 0.3737401366233826 0 1.120696216821671 509.4301732629538 13.35184300690889 2.024938926100731 2.043281823396683 0.9625158160924911 0 0 2.366824582219124 13.47247142344713 37.40701303631067 110.8015425801277 211.3599080815911 45.69682747870684 152.7903266102076 1.666176438331604 4.344882473349571 0 183.2923885732889 21.26130244880915 12.65053017437458 2.103936098515987 4.107481800019741 3.572855524718761 2.86187519133091 31.16444167494774 0.3471185266971588 0 161.385071888566 171.5913472026587 305.6143505275249 192.2293639332056 15.67302466183901 2.353002533316612 8.021431945264339 2.521274954080582 7.104642942547798 38.06454740464687 1.054273761808872 13.11028948426247 15.4611483886838 13.30185405910015 0 0.1927244961261749 0.3860728442668915 0.6173948347568512 0.5792948231101036 3.207555502653122 0.8207093477249146 4.498239167034626 331.7422187328339 0 0 0.2995130717754364 311.4582254141569 0 1.732669681310654 6.489896655082703 8.473435118794441 2.112413927912712 31.83742746710777 1.609111368656158 10.50952953100204 44.81687471270561 13.60948126018047 7.208388239145279 47.05711774528027 31.99793665111065 42.13636681437492 43.12715767323971 0.1888181120157242 0 0 0 0 0 0 0 0 0 0 0 0 0 0 0 0 0 0 3.49247282743454 5.377831310033798 0 0 0 5.534393027424812 0 0.7613808512687683 0 0.4090989828109741 0 0 0 0 0.4103445112705231 0 0 1.320738732814789 2.55812880396843 0.1861282140016556 0 0 0 0.2383368015289307 0 0.3949800729751587 0 0.7421737909317017 0 0 0 0 9.694403380155563 0 0.4936735481023788 0.9123192131519318 0 0.1230776384472847 0.4345524907112122 0 0 0.3483726680278778 31.48476538062096 0 0.2855667173862457 0 0 17.28224785625935 0 0.9198955297470093 2.054119348526001 0 0.1961655020713806 0 0 0.2880909144878387 0.3149046078324318 0 0 0 0 0 0 8.363369226455688 3.487790033221245 3.088015630841255 407.9179079383612 124.8698865324259 922.7037358283997 233.5987552553415 1168.131127469242 97.45869855582714 17.91476572304964 136.6088269427419 10.72719447314739 1.356354407966137 7.24737723916769 3.889109514653683 0.9575507640838623 0.582446813583374 0.6474335342645645 2.31709598004818 2.211025178432465 0.5490569174289703
141.4181945174932 115.5590262264013 4822.096093192697 0.2776768207550049 53.79666591435671 0.4112321436405182 10.69027297198772 0 508.4938398003578 3.798341631889343 1941.254165530205 16.05141763389111 168.2713382095098 1731.03902104497 161.2445471733809 21.95328422635794 6.743054524064064 0.5387314260005951 0.7081602662801743 5.028170317411423 30.27489060163498 2.003811776638031 9.765694603323936 1.830651074647903 13.78226059675217 4.195553436875343 18.65840733796358 1.488032415509224 4.790899969637394 0.4551130086183548 2105.953847654164 1769.814516052604 136.570019826293 1.228654950857162 8.996928706765175 16.50372704863548 34.19225303828716 8.470160618424416 6.75650417804718 22.81666830182076 34.03298678249121 2.482210010290146 2.068034365773201 4.186432018876076 1.896598801016808 12.55804780125618 295.6818791478872 2.450128443539143 2.7461017370224 3.022521585226059 6.339779540896416 0 1.073442086577415 2.622372359037399 3.553021967411041 10.28290669620037 33.5220747962594 69.88498891144991 13.22527874261141 52.39232764393091 100.0947431027889 42.7839577049017 8.778673842549324 401.6954116672277 5.211344011127949 3.786901108920574 2.036276929080486 5.19184909760952 10.2153349891305 43.16118779778481 52.03257886320353 5.315445125102997 0 42.04872889816761 69.79253132641315 193.5083973556757 263.0390799939632 203.3983472883701 1369.288831934333 1479.172830104828 202.1512584686279 1310.092670731246 9.736357696354389 0.4539092630147934 3.214600399136543 3.308671057224274 7.726059049367905 0 0 0.1250517815351486 1.003259435296059 2.155093379318714 19.24566661566496 4.588132053613663 4.427000775933266 31.61630198359489 0 0.4385700225830078 6.369113564491272 38.54840497672558 0 0 0 0 1.906713619828224 4.816303104162216 0 0 1.652084842324257 3.269325375556946 2.660479336977005 10.58749191462994 8.073472112417221 16.12717474997044 11.30117264389992 0 0 0 0.3689835220575333 0 0 0.1724268049001694 0 0.166288286447525 0.1960739344358444 0 0 0.7192972749471664 0 0.9909781813621521 0.2002195715904236 0.1698145270347595 0.5540616363286972 0.186149075627327 1.45870067179203 0.6435422897338867 1.05402846634388 0.9851865470409393 0.1941579580307007 7.305661305785179 1.004697248339653 8.810541324317455 5.817442089319229 2.708189263939857 0.3558895438909531 0 0 2.273202121257782 2.796597391366959 2.754902109503746 0 0.7436507344245911 1.023654222488403 0 0 0 0.621261864900589 0.4375901371240616 0.3294102102518082 0 0 0 0 0 3.485501088202 6.348626494407654 6.937490493059158 0 0 0.1630689352750778 0 0 0.4976960718631744 0 0 1.439072631299496 8.393326491117477 2.765431836247444 0 0 0.4174216091632843 3.880563750863075 5.639994993805885 5.436048328876495 0.4176687747240067 2.044046014547348 0.1472543329000473 0.7141173779964447 0 0 0 0 0 0 0.2304741144180298 0 0 2.259172528982162 4.441867798566818 10.42312563955784 368.6766616925597 46.84241647273302 615.9719734117389 138.1209254860878 50.53447396308184 48.84488692879677 6.522906728088856 142.6226171627641 6.03044393658638 0.9354275465011597 3.722709894180298 3.389342114329338 1.263305604457855 0.313026487827301 0.4758527278900146 1.006517216563225 3.530798859894276 0.753380686044693
76.09049233794212 1030.130565941334 3264.612476177514 50.6205108910799 5009.439950913191 34.37267717719078 1673.406992591918 508.4938398003578 0 394.3974666446447 3813.831168137491 96.76309378445148 2600.825127750635 1191.299531921744 45.25184112787247 0.4659681618213654 0.1158531010150909 0 0 0.2059742510318756 0.4631945192813873 0 0.5480718612670898 0 0 0.9729784727096558 0 0.265472948551178 0.8982000052928925 0 103.8995982781053 14.45863373577595 27.88681569695473 0 0.2114198952913284 0 6.750815153121948 0 0 0 1.840934813022614 1.15688706189394 0.1623950302600861 0 0.149970680475235 0.367509663105011 121.3411620557308 1.714262962341309 0 0.4446815997362137 0.2130623459815979 0 0 0.5687582045793533 1.689920261502266 8.071099147200584 14.10748040676117 12.65467008948326 4.457728080451488 28.27237618714571 1.029357075691223 0.8506714999675751 0 22.19271586835384 1.932185113430023 1.439265109598637 0.1149678826332092 0.3829625844955444 0.9735796377062798 0.527655154466629 32.68502573668957 0 0 20.42587906867266 18.04708802700043 76.33821628242731 52.84058567136526 3.033187612891197 0.9482934474945068 16.67332646250725 0.5454763919115067 2.826763987541199 5.269099369645119 0.2552620768547058 1.722298331558704 1.851404078304768 1.458276890218258 0 0 0 0.387786291539669 0.1892569065093994 0.3726335018873215 0.2808777987957001 0.8652050718665123 146.3736763447523 0 0 0.2129846066236496 27.58442634344101 0.4728808701038361 0 0.5349990129470825 1.409707486629486 1.917006373405457 15.23652639985085 1.159335374832153 3.070760190486908 1.781015038490295 7.345531791448593 3.496391341090202 15.3724153637886 12.477574467659 18.47993543744087 14.98016226291656 0 0 0 0 0 0 0 0 0 0 0 0 0 0 0 0 0 0 0 0.5923505425453186 0.6819493472576141 0 0 0 2.628218770027161 0 0 0 0 0 0 0 0 0 0 0 0.6300539970397949 0 0.1976139694452286 0 0 0 0 0 0 0 0 1.064649403095245 0 0.123314805328846 0 2.969503998756409 0 0 0 0 0 0 0 0 0 7.900657445192337 0 0 0 0 8.530441254377365 0 0.8318870365619659 0.2260002195835114 1.278921008110046 0 0 0 0 0 0 0 0 0 0 0 2.523657858371735 1.614070221781731 1.388077080249786 191.708628796041 22.1616135686636 291.8039369359612 71.87729178369045 152.5786908343434 29.02267511934042 2.153911992907524 98.69821735471487 2.392699353396893 0.1027328073978424 3.814584285020828 2.841584414243698 1.493624329566956 0 0 0 2.083937704563141 0.3983180224895477
2604.932540863752 940.986069560051 38.39664568006992 1203.246867716312 154.9868880361319 391.4088360369205 1498.764670610428 3.798341631889343 394.3974666446447 0 26.4257421195507 2263.072224006057 11220.31684926152 2253.345635771751 4.667832776904106 0 0 0 0 0 0 0 0 0.1580217033624649 0 0 0 0 0.1727572828531265 0 24.21421544253826 1.012160778045654 9.416917040944099 0 0 0 11.07935717701912 0.3007319867610931 0 0 0 0.1600448191165924 0 0 0 0 22.49318142980337 0.7577020972967148 0 0 0 0 0 0.1299257874488831 1.87787526845932 2.035752773284912 35.00401896983385 40.33288421481848 8.236099362373352 7.262243621051311 0 0 0 10.00753526389599 0.6410480737686157 0.4934893399477005 0 0.1372005939483643 0 0.1669267266988754 140.4994831085205 2.208855122327805 0 25.44578410685062 14.07348904013634 14.70455265045166 8.46924015879631 0.1769955456256866 0.3401944935321808 2.424043983221054 0.3214509189128876 0 2.755098447203636 0.3141787946224213 0.5040950626134872 0.3648157492280006 0.1200129985809326 0 0 0 0 0 0 0 0.1375596225261688 407.5989542901516 4.754826426506042 0 0 781.7513361126184 0 0.4142241477966309 2.3979312479496 1.019144713878632 0.6876342296600342 20.20432713627815 0.4351412355899811 5.035875350236893 41.00594232976437 4.98419626057148 2.048476159572601 15.89079022407532 9.998128011822701 12.07320159673691 16.44166797399521 0 0 0 0 0 0 0 0 0 0 0 0.2264908850193024 0 0 0 0 0 0 0 2.119414120912552 3.18194642663002 0 0 0 1.701182156801224 0 0 0 0 0 0 0 0 0 0 0 0.1850028783082962 0 0 0 0 0 0 0 0.1381709426641464 0 0 0 0 0 0 1.521102160215378 0 0.4999575614929199 0.5461473315954208 0.1554383784532547 0.1014289185404778 0 0 0 0 10.4997780174017 0 0 0 0 7.658323764801025 0 0.4675909578800201 0.212721660733223 0 0 0.846977561712265 0.1565142273902893 0 0 0 0 0 0 0 0.1867221295833588 5.269956916570663 0.7936113327741623 2.33488804101944 212.4780123084784 1.969282008707523 64.03193280100822 15.03454648703337 1618.581266544759 4.68512137979269 1.724245086312294 9.507819503545761 1.26074892282486 0 2.656333461403847 0.4018948376178741 6.572510540485382 0 0 0.2417415231466293 0 0
224.2202853113413 276.0981318727136 4992.890602022409 5.556496068835258 617.8250423520803 4.097731664776802 193.2731500566006 1941.254165530205 3813.831168137491 26.4257421195507 0 192.7420617938042 2357.591120794415 5743.466772481799 142.0729083269835 12.18734656274319 6.558394029736519 0.1572908014059067 0.9928503036499023 1.184463948011398 2.301074743270874 0.8361383229494095 0.8105557560920715 0.3966656625270844 5.76125456392765 1.716318309307098 4.588291391730309 2.413435816764832 2.448638066649437 0.2429502457380295 597.0286892279983 113.2380791902542 1418.027648553252 2.190111428499222 0.4016941636800766 2.87766569852829 246.0895619988441 9.164130836725235 21.1021825671196 24.0770265609026 3.211802631616592 4.527378916740417 0.5816010236740112 4.023243054747581 0.929095983505249 8.926804013550282 294.0688994526863 3.127156898379326 0.6187469512224197 0.7611702978610992 2.017786756157875 2.810025915503502 1.772435531020164 2.957089856266975 4.878038600087166 12.67827528715134 22.02517949789762 41.52123980969191 10.55089141428471 59.49033465236425 12.9587640017271 47.7933716326952 3.35088150203228 63.31746085733175 6.206231623888016 4.637954778969288 1.369467370212078 2.282421194016933 3.635141938924789 3.157572768628597 318.7596660554409 8.440469056367874 0 52.14743140339851 46.29113580286503 175.4962180778384 148.1136261224747 18.4872265830636 156.9400240629911 745.5296183973551 6.891374066472054 316.2514258474112 8.749363638460636 0.1075408011674881 3.938066191971302 5.193539947271347 3.696613006293774 0.1838226020336151 0 0 0.5340166091918945 1.516394078731537 6.351350665092468 1.320524372160435 7.018325865268707 199.3610976785421 6.594122275710106 0.3052554726600647 1.166569590568542 51.62912482023239 0 0.3799597322940826 0 0.6335323452949524 5.710919693112373 17.49985562264919 0.2215331792831421 6.777467250823975 5.824355363845825 9.368909999728203 5.131730914115906 33.99551966786385 33.55369465053082 42.47996206581593 52.99673284590244 0.1378441601991653 0 0 0.3332328647375107 0 0 0 0.1528613418340683 0.3053271770477295 0.3096315860748291 0 0 0.5253846347332001 0.2276218980550766 0.158973753452301 0 0 0.5602887123823166 0 2.85677045583725 5.323843821883202 0.2782521545886993 1.186513304710388 0 8.881904631853104 0.2238195240497589 5.338158652186394 3.913685791194439 1.596430853009224 0 0 0 2.403043523430824 1.718143582344055 2.268020004034042 0 1.017998963594437 1.38525564968586 0.1971935033798218 0 0 0.603277675807476 0.4197937548160553 0.7459724843502045 0.5051472783088684 0 0 1.186084315180779 0 2.091999724507332 7.388582065701485 13.76827457547188 0 0.1464546471834183 0.8501598760485649 0.1219959631562233 0 0.4168758988380432 0 0 1.213708370923996 39.31067636609077 2.467577144503593 0 0 0.1677915304899216 16.96791307628155 2.53576897829771 5.204166948795319 1.050712138414383 1.785654067993164 1.324088454246521 0.4141968786716461 0.3395106494426727 0.578716903924942 0 0 0.3205040097236633 0 0 0 0.3248251676559448 10.78889089822769 9.190722689032555 11.05205469578505 455.1177460923791 71.03686704486609 623.2703142389655 165.0679877474904 110.4665961936116 78.37854363024235 6.373117201030254 176.6284159272909 6.470471426844597 1.010323539376259 9.367686159908772 3.787970885634422 5.942161560058594 0 0 0.9082591533660889 4.082254715263844 1.054342918097973
315.1597761511803 25.40956793725491 31.61915001273155 397.241192445159 27.90104365348816 179.0642577409744 181.7818766981363 16.05141763389111 96.76309378445148 2263.072224006057 192.7420617938042 0 2577.536200582981 230.0612635612488 4.842891901731491 0.5274778008460999 0 0 0 0 0.1593413203954697 0 0.1918400824069977 0 0 0 0.6369822323322296 0 0 0 6.148844391107559 1.08764386177063 23.67094253003597 0 0 0 24.48851446807384 0 0.8782797157764435 0 0 0.9800897687673569 0 0 0 0.4338774532079697 23.44587442278862 0 0 0 0 0 0 0 0 1.984253726899624 8.253248289227486 7.443643659353256 0.9820027202367783 5.730825185775757 0 0.2505782544612885 0 8.438833966851234 0.7748298794031143 0.5089993253350258 0 0 0 0 166.108617156744 18.66143171489239 0.3283507227897644 8.717434898018837 12.50574581325054 12.93812891840935 6.667239427566528 0.8602206707000732 0 8.312123835086823 0 0.7573850303888321 0.4918999224901199 0 0.1342117786407471 0.1363382041454315 0.9428287446498871 0 0.2566232085227966 0.6670169234275818 0 0 0 0 0.3305706381797791 1619.685390651226 25.86445374786854 1.229906558990479 0 129.6032685935497 0.2050881683826447 2.379180669784546 2.061495080590248 2.81827849149704 2.286046281456947 29.09521326422691 0.7584866136312485 3.507464841008186 7.501392722129822 11.39311735332012 4.11903303861618 56.33398616313934 22.36793041229248 54.20985172688961 42.57285891473293 0 0 0 0 0 0 0 0 0 0 0 0 0 0 0 0 0.2087083458900452 0 0 4.078370288014412 2.002519249916077 0 0 0 5.622756406664848 0 0.4708943516016006 0.7629260420799255 0 0 0 0 0.6436091661453247 0 0 0 0.7132524251937866 1.593867048621178 0.1187520548701286 0 0 0 0 0.3669788986444473 0.4739471524953842 0 0 2.557335138320923 0 0 0.2088305950164795 4.565431877970695 0 0.6882365942001343 0.6197939962148666 0 0.1247016713023186 0 0 0 0 16.99516655504704 0 0 0.7100381851196289 0 20.94289173185825 0.2101138234138489 0.9282340109348297 1.438289567828178 1.425895839929581 0.9009082913398743 1.929348036646843 0.1640203893184662 0.4303228780627251 0 0 0 0 0 0 0 6.341283887624741 4.406168475747108 1.170054972171783 70.31494318693876 1.420251190662384 49.78957489132881 8.841982260346413 577.0666742324829 3.019776105880737 0 4.183573216199875 3.170452505350113 0 5.784630671143532 1.592306464910507 5.132393971085548 0.939272403717041 0 1.020809888839722 0.1865424066781998 0
1095.836433187127 730.5025990307331 725.9552335292101 2166.354372814298 827.9070069491863 306.8140071928501 1014.831298798323 168.2713382095098 2600.825127750635 11220.31684926152 2357.591120794415 2577.536200582981 0 3343.930734783411 88.47406489402056 9.315934345126152 4.938925951719284 0.4658097177743912 0 1.51707449555397 0.8101243078708649 14.11550867557526 0 0 1.037539675831795 1.009688407182693 1.542739033699036 3.982313498854637 10.13759569078684 0.2615607753396034 159.5573764815927 17.5180416405201 755.9873182922602 2.462838053703308 0 0.1629312336444855 244.3685539662838 9.704560726881027 145.4552627205849 10.35966455191374 0.7294701188802719 1.361355006694794 1.04657581448555 5.171966433525085 1.71582792699337 9.435627058148384 255.5452526584268 5.376288898289204 0.2907658219337463 1.448381692171097 0.9915238544344902 8.571841783821583 28.48738983273506 7.130627803504467 6.304372496902943 17.66467750817537 33.7312119230628 60.86703789234161 17.18712773174047 67.93340883404016 12.32863360643387 108.7486138194799 2.705527424812317 56.71840588748455 5.80630050599575 3.089189797639847 0.943298801779747 2.153660319745541 1.348257586359978 3.466632783412933 663.2125778198242 251.1702871024609 2.085861943662167 72.27470975369215 66.3029657676816 136.6050701066852 104.1140727028251 15.41769025474787 2.810084454715252 155.3399255722761 8.497150242328644 22.16831471025944 14.8512953966856 0.7902447283267975 5.888555571436882 5.087774157524109 5.109877362847328 3.424185380339622 0.7397645339369774 8.441303975880146 2.724689953029156 6.76945124566555 4.179059594869614 1.274937897920609 13.3551355227828 4129.703630030155 167.5379986464977 18.6918493360281 262.1719140261412 244.4350506365299 3.851432338356972 2.849188089370728 10.95777121186256 5.846745029091835 20.27740339934826 100.7227387875319 1.243241459131241 32.81083516776562 85.41501204669476 52.22536961734295 21.71831534802914 160.3687172681093 127.9301257431507 227.5309245586395 228.0795968174934 1.586139500141144 1.709894061088562 0.1423142850399017 1.213981375098228 0.1937386691570282 0 0 0 0.1900428682565689 0.8283816576004028 0 0 1.029742956161499 0 0.9343596696853638 1.465040981769562 0.2455712556838989 0.2950914204120636 0.1781277507543564 6.747197523713112 15.84576001763344 0.6752660423517227 0.781179741024971 0.8352110385894775 40.19085590541363 0.4559483528137207 14.23122729361057 6.440788745880127 4.022599920630455 0 0 0.1550211906433105 0.801069438457489 2.957311823964119 1.32299967110157 0 4.547405183315277 6.319926977157593 0.6396527737379074 0.2862277626991272 0 2.096476122736931 0.1172110214829445 0.8675708472728729 3.517278127372265 0.1198143884539604 1.095375150442123 6.874880418181419 0 3.898777052760124 8.835033491253853 60.99870225787163 0.507508397102356 1.231026336550713 3.029921345412731 0.1082538068294525 0.4131738916039467 0.2969970852136612 0.3458529412746429 0.6593315005302429 0.1747464090585709 174.564420863986 16.16921846568584 0 0.2502969205379486 0.524483323097229 77.86998608708382 9.906504139304161 13.78892068564892 9.601018309593201 8.635060399770737 3.975811079144478 7.474797874689102 1.523824661970139 0.6836465150117874 0 0 0.1982817500829697 0.1597783416509628 0.2062164396047592 0 0 50.07208889722824 59.86918078362942 31.03272493183613 471.6914636418223 65.43001284450293 560.9628998339176 151.4522585645318 1227.678664214909 56.33581822365522 5.602329261600971 150.0264484956861 16.99478730559349 3.048379555344582 24.02174137532711 10.36958903074265 18.14890517294407 1.441359609365463 0 2.335196137428284 4.726466134190559 0.1996777504682541
550.1957827210426 496.8057854175568 2244.66800981015 785.8488619476557 1747.544668778777 108.8962970077991 232.7922464162111 1731.03902104497 1191.299531921744 2253.345635771751 5743.466772481799 230.0612635612488 3343.930734783411 0 109.6146010681987 10.5429210215807 1.87775893509388 0 1.193981111049652 0.1763758063316345 0.6137143075466156 2.739382550120354 0.2753956913948059 0.5854664742946625 3.118551447987556 4.251352652907372 3.123867616057396 3.654727131128311 5.983732953667641 0.7197348773479462 167.206677056849 11.4088065251708 1427.897519081831 1.506270617246628 0 1.044556051492691 758.6657407432795 9.293528974056244 31.08587621152401 19.71509963274002 3.784852534532547 2.318282172083855 0.2612800002098083 3.962197959423065 2.854944974184036 9.366514146327972 225.3222647383809 1.879384428262711 0.3451802134513855 0.1839924454689026 1.040644437074661 2.200512155890465 6.495294123888016 3.475032418966293 3.963540829718113 11.44939139485359 30.93902687728405 46.43897110968828 14.61190310120583 46.66794036328793 12.04460377991199 80.21792763471603 5.570805937051773 44.28307917714119 4.257811509072781 2.657937079668045 0.3405515626072884 1.485290266573429 1.83447340875864 2.662266932427883 1114.047095328569 19.84142716228962 0.119811438024044 48.60660810768604 49.50707766413689 128.6822705417871 88.32514748722315 17.01438251137733 5.415195979177952 295.9231249317527 3.954756155610085 36.84314796328545 9.99327776581049 0.110533095896244 2.184137627482414 3.136753149330616 4.921816490590572 0.1501263529062271 0.4466041922569275 0.475590705871582 0.599059134721756 2.048681274056435 4.414927445352077 1.769591018557549 8.886591427028179 1035.626401990652 10.02077402174473 1.303466320037842 5.365295141935349 113.1549527049065 0.3965815305709839 2.570795714855194 6.890036553144455 5.008267357945442 8.063225731253624 53.62820269167423 2.574087202548981 15.39510802924633 42.61574076116085 29.53911234438419 10.84640420973301 90.80731321871281 72.99249845743179 112.164524063468 119.7906046360731 0.5710185617208481 0.5628766268491745 0 0.7329321205615997 0 0 0 0 0.1760038882493973 0.2636265158653259 0 0 0 0.6413962990045547 0.5278583467006683 0.1677288711071014 0.5042354166507721 0.8235302567481995 0.2650041282176971 6.135890647768974 16.21565462648869 0 0.1522026807069778 0.4922759979963303 10.99154435098171 0.7683789879083633 9.524477042257786 4.582718901336193 2.743021562695503 0 0.4899691939353943 0.1826138943433762 2.838170111179352 2.432647317647934 1.088245153427124 0 2.838675901293755 2.86860080063343 0.86044080555439 0.1555878072977066 0 0.8622247129678726 0.747496098279953 0.2967672199010849 1.130522772669792 0 0.6936781406402588 3.034872010350227 0 1.976856268942356 6.83437705039978 28.42021207511425 0 1.078563809394836 2.432135529816151 0 0.1083467379212379 0.3821946904063225 0.1231644749641418 0.1545478105545044 0.1172372847795486 75.83587451279163 7.402441799640656 0.285679429769516 0 0.1474369168281555 36.4202426224947 3.213353902101517 4.115859836339951 3.618096947669983 2.810162618756294 2.249626636505127 2.080610305070877 0.3640983402729034 1.185681357979774 0 0 0.2517017722129822 0 0 0 0 22.73397915065289 7.805192589759827 19.7221055328846 405.5513825416565 53.06627562642097 520.6990731954575 134.5750868692994 507.7054630368948 51.70529294759035 6.433337830007076 161.222005084157 11.2210448384285 1.143771648406982 19.43463792651892 6.894057624042034 11.36159113049507 0.4016548991203308 0.5646248757839203 2.245325416326523 4.354378223419189 0
