0 4269.017782531679 312.5098702907562 1774.078922986984 1622.37121835351 281.5260019302368 992.3024758249521 91.50437363982201 93.25431215763092 595.6062437742949 282.3911820799112 59.13107031583786 111.4855977445841 56.40460559725761 1.271068304777145 0.7073570787906647 0 0 0 0 0.330728679895401 0 0 0 0 0 0.09929962456226349 0 0.3235487639904022 0.2392887771129608 1248.558203920722 8.474850855767727 3.090587645769119 0 0 0.2379268258810043 2.242750763893127 0 0 0 0.3316593617200851 0 0 0.71752068400383 0 0 25.44287741929293 1.538177713751793 0.3431629836559296 0.1358596533536911 3.835910193622112 0 0 0.1097315549850464 3.66057114303112 6.230180189013481 228.463549003005 1159.477867990732 63.5093400105834 5.644471921026707 0 0 0 3.717433050274849 12.61847534775734 12.64491958171129 4.858532249927521 4.531074203550816 0.4609304368495941 0.2313691824674606 9.534666478633881 7.603945210576057 0.425178587436676 201.0093284100294 14.58713533729315 6.404275164008141 2.534426026046276 0.7015692442655563 14.65128755569458 93.02116256952286 0 9.818351700901985 8.991976134479046 0.07945549488067627 4.736408904194832 7.794186748564243 0.5202781558036804 0.1162595227360725 1.956233583390713 0 0.5129510387778282 0.5098658800125122 0.4082406610250473 0.3356993198394775 0 45.75999519228935 5.93373267352581 0.5272228717803955 0.6480520814657211 886.4578127264977 0 0 0 0 0 1.631695419549942 0 0.611913800239563 34.20282609760761 1.225372388958931 0 4.057866677641869 5.991260975599289 1.528118669986725 0.4856418073177338 0 0 0 0 0 0 0 0 0 0 0 0 0 0 0 0 0 0.166843369603157 0 0 0 0 0 0 0.6843353062868118 0 1.899558275938034 0.8414673805236816 0 0 0 0 0 0 0 0 0 0 0 0 0 0 0 0 0 0 0 0 0 0.2900030910968781 0 1.596369460225105 0 0 0 0 0 0.1082111746072769 0 0 0 2.919956550002098 0.4177002310752869 0 0 0 0.1711254268884659 0 0 0 0 0 0 0.4029986262321472 0 0 0 0 0.08941003680229187 0.1282029151916504 0 0 1.911951214075089 1.94997201859951 1.199252158403397 25.97395615279675 6.44880074262619 98.36738552898169 7.950613155961037 775.2231733724475 19.90316929668188 1.468034841120243 8.730202689766884 0.1121524795889854 0 0 0 3.094876945018768 0 0 0 0.1751591414213181 0
4269.017782531679 0 673.1696726083755 1241.644980922341 4916.323842473328 404.6194477975368 2284.376451522112 681.6156158968806 1955.988170042634 737.0335723310709 1749.39717592299 67.14360168576241 984.5325167179108 540.0539855062962 14.63579259812832 2.676808431744576 1.000371977686882 0.4069804400205612 0 1.117796242237091 0.4115073531866074 0 0 0 0 0.3594014346599579 0 0 0 0.2099208235740662 2586.891263052821 47.34509120136499 11.36605108529329 0 0 0.3936896622180939 3.413288228213787 0 0.369797982275486 0.3012131452560425 1.791219770908356 1.392487853765488 0 0.5244270190596581 0 0 386.3288444280624 9.437632329761982 0 0 25.72898465394974 0.3592278063297272 0.3187962472438812 0.1051617711782455 19.11159465461969 24.63416890799999 223.9791982248425 1409.156840130687 41.95762362331152 38.02515094727278 0.5233609676361084 1.988511875271797 0 19.89274860918522 55.31733238697052 55.91351220756769 34.08491751551628 26.00848309695721 1.511258229613304 2.66470804810524 22.81311705708504 17.5645264685154 0 424.1863315477967 66.94856192916632 93.29833915829659 22.81829280406237 2.523358196020126 69.6369147375226 456.8878684937954 0.1278828680515289 21.5432648062706 37.68400370329618 0.294796958565712 17.1794636324048 37.1366528943181 2.686787992715836 0.114643782377243 10.93089866638184 0.08532611280679703 3.844513081014156 0.6274666637182236 2.264588110148907 2.67828643321991 0.2731499820947647 41.73103241622448 5.290156677365303 0 0.4765782207250595 474.9941876977682 0 0 0.3229771554470062 1.082982942461967 0.1750358492136002 3.441060617566109 0.1691659390926361 4.722607105970383 3.556005373597145 4.128837212920189 0.7838090360164642 15.87715724110603 25.45389254391193 14.23283833265305 8.780994728207588 0 0 0 0 0 0 0 0 0 0 0 0 0 0 0 0 0 0 0 0.3154049515724182 0 0 0.3869738280773163 0 7.468216270208359 0.9154586791992188 7.782829076051712 5.34767672419548 0.6299580037593842 0 0 0 0 0 0 0 0 0.6357135474681854 0 0 0 0 0 0 0 0 0 0.1632380187511444 0.2466554343700409 0 0 16.6238140463829 0 0 0 0 0.1779436841607094 0 0.1169867888092995 0 0 16.08075484633446 0 0 0.2817077785730362 0 0.9390789121389389 0 3.325607538223267 0 0.2543109357357025 0 0 0 0 0 0 0.1032175943255424 0.7481181472539902 0 0 0 7.525073781609535 12.41917341947556 12.43514417111874 220.6089020073414 41.62606144696474 895.7041833251715 57.67886629700661 766.6074814349413 136.3688767254353 10.25188384950161 123.9409721195698 4.700411722064018 0.237781286239624 0.5222837030887604 0 2.910771012306213 0 0 1.870197355747223 2.81556099653244 0
312.5098702907562 673.1696726083755 0 56.44552847743034 270.8479272052646 15.19890812039375 69.34339291602373 1563.333441026509 404.5257697850466 33.91412290930748 2818.360727548599 24.58542884886265 170.9425830096006 532.0463667362928 23.50080628693104 20.52428151667118 4.952664911746979 1.562362521886826 0 31.74025528877974 20.66638178378344 0 0.3412480354309082 0.7801100537180901 0.4605243131518364 0.9392504617571831 0 0.1272252351045609 0.161528080701828 0 5941.590435929596 156.5665261670947 16.13586767017841 0.7337545230984688 0 4.391074165701866 4.947102516889572 1.517930522561073 0.6327736675739288 0 9.038924895226955 2.634756408631802 8.049394503235817 8.54296238720417 1.256851598620415 0.1507508307695389 249.2480241507292 19.3053552955389 1.502115122973919 4.837132729589939 90.90541287511587 0.8311508968472481 0 0.2982780635356903 14.31706181913614 22.36370441317558 145.9223680868745 1598.903056189418 14.94185996800661 48.76700547337532 26.84483598917723 30.2622959241271 1.324678018689156 97.42513564229012 49.72527970373631 62.78473255038261 64.66524054855108 200.1657163873315 65.32946035265923 80.87958139926195 16.49496176838875 20.77619628608227 0 407.8460724875331 87.34414391219616 100.4531499072909 44.13939488679171 20.75996410101652 406.3626389577985 2149.994373306632 26.70284570753574 757.8077585101128 30.64051698893309 0.9633962884545326 20.96924769133329 40.13765724748373 19.14173785597086 0.09212636202573776 11.93871233612299 0.4368331134319305 9.007587373256683 1.085039123892784 58.7528678253293 6.960145406424999 1.419620491564274 2.235990941524506 1.220207214355469 0.716869592666626 1.56079763174057 37.93943566083908 0 0 0 0 0 2.176968544721603 0 2.179277881979942 1.467658057808876 1.57140026986599 0 10.65826995670795 9.443634167313576 7.319614946842194 2.62413763999939 0 0 0 0 0 0 0 0 0 0 0 0 0 0 0 0 0 0 0 0 0 0 1.108829021453857 0 2.851908668875694 0 4.194802016019821 2.710509747266769 1.035119839012623 0 0 0.7060081362724304 0 0 0 0 0 0.2665397897362709 0 0.1546274423599243 0 0.1409075856208801 0.3264303207397461 0 0 0 0 0 0 0 0 7.645305678248405 0 0 0 0.1308643966913223 0 0.5247031003236771 0.2770075723528862 0.2080607861280441 0.6485474556684494 7.487345814704895 0 0.1983335018157959 0.3928696140646935 1.858713336288929 0.2120445221662521 0.8984137177467346 0.7172284722328186 0 0 0 0 0 0.1338731646537781 0 0 0.1488564908504486 0.5967991650104523 1.696036711335182 0.2059900313615799 0 2.933076709508896 5.48537141084671 6.932364255189896 130.6571159139276 33.69009838998318 530.1957154422998 42.83127343654633 123.7290288060904 66.74227242916822 6.780819222331047 93.15897063910961 1.94082298129797 0 0.9840896427631378 0.4136562794446945 0.8138996958732605 0 3.386327743530273 0.3792739808559418 4.167679436504841 0.1781778931617737
1774.078922986984 1241.644980922341 56.44552847743034 0 293.0298393368721 1560.768292784691 1607.032583445311 2.940037548542023 157.583480194211 5926.96740052104 39.53806550055742 965.5637466013432 1582.258474886417 178.3053262978792 2.44397534430027 0.1970966756343842 0 0 0 0.1831566095352173 0 0 0 0 0 0.5391995310783386 0 0 0 0 185.0907255113125 1.804457902908325 1.784850791096687 0 0 0 1.261407747864723 0 0.1654611676931381 0.4155099391937256 0.2216637134552002 0 0 0 0 0 50.98589360713959 2.865439720451832 0 0 5.197931453585625 0 0 0.2965025901794434 4.356449641287327 6.650814220309258 101.7511684596539 326.9565582498908 17.46876479685307 5.486922241747379 0 0 0 0.2600960433483124 15.39431460946798 13.97596505284309 7.143701530992985 4.907449685037136 0 0.09725305438041687 17.52965965121984 22.68897432088852 0 129.0660478845239 16.27694167941809 18.55402420461178 1.530723512172699 0.6929885447025299 0.5831077843904495 8.616154544055462 0 0.5525730103254318 9.817728482186794 0.3396973609924316 3.146156214177608 9.350486785173416 0.3949623927474022 0.2887217774987221 2.526204623281956 0 0.6258826106786728 0 0.364578016102314 0.1305947452783585 0 226.0337306857109 5.620486497879028 0.3245857656002045 1.405753493309021 682.1368021517992 0 0 0.9492626637220383 1.388931334018707 0.461898609995842 4.766928464174271 2.517982468008995 3.093714252114296 65.80672384798527 8.222305864095688 0.3286873698234558 31.23493114113808 49.24684524536133 24.69624724984169 12.36592315137386 0 0.1308100074529648 0 0 0 0 0 0 0 0 0 0 0.2875262498855591 0 0 0 0 0 0 0.1275389641523361 0 0 1.009625375270844 0 8.948459230363369 0.6309444308280945 8.119551807641983 5.623023182153702 0.1544967740774155 0 0 0 0 0 0 0 0 0 0 0 0 0.413742870092392 0 0 0 0 0 0 0 0 0 14.54213581234217 0 0 0 0 0 0 0 0 0 20.43736927211285 2.629152938723564 0 0.2832934856414795 0 1.149256631731987 0.609769195318222 2.552670553326607 0.9070898443460464 0.1998667567968369 0 0.3652303367853165 0 0.1898803561925888 0 0 0 0 0 0 0 14.05249929428101 11.27247573435307 20.13030523061752 146.1846654564142 6.116471573710442 223.7435925453901 9.206678539514542 1091.755236275494 35.74299862980843 1.879766657948494 40.8824850320816 3.366803407669067 0 1.55820094794035 0 5.977837294340134 0 0 0.187665194272995 0.2621046900749207 0
1622.37121835351 4916.323842473328 270.8479272052646 293.0298393368721 0 54.28869013488293 829.3821502625942 416.8141731470823 4823.193302035332 338.0655154883862 1986.88765758276 104.2217990756035 469.1496744006872 424.3982366621494 30.16579762101173 4.403717532753944 0.2890788018703461 0.1682638674974442 0 0 0.8593704178929329 0 0 0 0 2.153403148055077 0 0 0.3962943404912949 0.2655749619007111 622.2280387878418 46.39289179444313 8.602998659014702 0.144265353679657 0 0.2430776655673981 5.391303882002831 0.5288166403770447 0 0.2727546393871307 0.7358317598700523 0.985783725976944 0 0.4545858502388 0 0 470.2005721852183 7.218692012131214 0.5315763354301453 0 16.06052789837122 0.3622793555259705 0.5066306293010712 0 9.72039956599474 13.77932712435722 66.05885865539312 278.5004589036107 22.40053982287645 42.4037015363574 0 4.512960314750671 0.5520393252372742 39.75998809933662 35.65099720656872 32.1529016494751 22.91349146515131 19.29353971779346 0.1154837086796761 0.1165605708956718 23.11287502944469 19.73888395726681 0.1011088639497757 169.221074283123 42.04096584022045 126.5341029763222 54.986880838871 2.624927386641502 2.423368945717812 70.44378670305014 0.1912947595119476 2.988216817378998 18.57669115066528 0.09699099510908127 11.92872609943151 26.81734126806259 2.920567832887173 0 7.595503181219101 0 2.155764810740948 1.523069888353348 0.6847078874707222 3.50453395396471 0.4692627787590027 33.14248296618462 0.8364694714546204 0 1.543343126773834 66.58139061927795 0.7983154654502869 0 0 0.431337296962738 0.1583777666091919 2.591750934720039 0.5529934167861938 2.241931900382042 9.735424339771271 6.118582025170326 0.197456568479538 24.85499240458012 35.54559443891048 14.78072553873062 9.16547891497612 0 0 0 0 0 0 0 0 0 0.2462653666734695 0 0 0 0 0 0 0 0 0 0 0 0 0 0 5.896819084882736 1.148313567042351 10.17237786948681 6.569836616516113 0 0 0 0 0 0 0 0 0 0.6590658575296402 0 0 0 0.391860693693161 0 0 0 0 0.1089363917708397 0 0.1563712954521179 0 3.373885810375214 13.37400142848492 0 0 0 0 0 0 0 0 0 27.54206700623035 1.3713149279356 0 0 0 1.309313610196114 3.052752763032913 3.151549071073532 0.5443882346153259 0.1469567269086838 0 0 0 0 0.1859843954443932 0 0 0.1067781299352646 0 0 0 7.734518855810165 15.03119347989559 9.816260114312172 273.8789193257689 48.90338926017284 905.0823847651482 72.93698910623789 298.5748136416078 168.560191847384 8.982364773750305 165.2643985375762 4.692262336611748 0.7159761041402817 1.933282680809498 0 0.7610905766487122 0.9372344017028809 0 2.000179350376129 1.935972899198532 0.471589058637619
281.5260019302368 404.6194477975368 15.19890812039375 1560.768292784691 54.28869013488293 0 709.9214582145214 3.495463818311691 22.3438296020031 1801.305975466967 14.23216424882412 154.1947152614594 131.70905148983 23.7078091353178 0 0 0 0 0 0 0 11.19789300858974 0 0 0 0 0 0 0.7751513719558716 0 227.5598601549864 0 11.02835515141487 0 0 0 7.886017858982086 0 2.76702880859375 0.1743473708629608 0.4744499027729034 0 0 0 0 0 1.240416303277016 0 0 0 0.0924970805644989 20.38511976599693 2.585994139313698 1.510617539286613 0 0 67.18261497467756 187.1791413426399 24.18758895993233 0.3756959140300751 0 3.631295695900917 0 0.1216824948787689 0.2171732559800148 0 0.1231420859694481 0.3250327259302139 0 0 208.0653025954962 105.7914070785046 10.18174229562283 17.35690099745989 0.5086193755269051 0 0 0.2828587144613266 0.1930933743715286 9.271164357662201 0 1.151701867580414 0 2.600262224674225 0.08252573758363724 0.8444337099790573 0.3145124316215515 14.21210865676403 6.271247640252113 12.91654448211193 2.344559416174889 10.73426824808121 0.1881820261478424 0.3913918137550354 1.407151415944099 471.4372556358576 177.2430694997311 10.02679969370365 21.55219340324402 766.4827187210321 0 0 0 0 0 0.1785779893398285 0 0.1670129299163818 147.4586845189333 0 0 0.1275692731142044 0.3431050926446915 0.446484312415123 0.6101279109716415 0 0 0 0 0 0 0 0 0.144224539399147 0 0.7033143639564514 0 0.1652785092592239 0 0 0 0.4249090552330017 1.22504198551178 0.2971534729003906 0 0 0 0.1785626411437988 0 1.582504406571388 0 1.196895271539688 1.55342723429203 0.1341468393802643 0 0 0 0 0 0 0 0 0 0 0 0 1.252421543002129 0.2429031282663345 0 0 0 0 0 0 0 0.427420437335968 0.8896075189113617 0 0 0 0 0 0 0 0.1757958680391312 0 0.557617649435997 1.774947971105576 0 0.1757366508245468 0.6849531084299088 0 0 0 0 0 0 0 0 0 0 0 0.221072256565094 0.5404962748289108 0.4966896325349808 0 0 0.8233713209629059 3.983810752630234 1.732898369431496 4.865572392940521 0.4273763298988342 4.498796664178371 0 355.8987822532654 0.5875974893569946 0.5524367094039917 0.7999475449323654 0.1092438027262688 0 0.193189412355423 0 0 0 0 0 0 0
992.3024758249521 2284.376451522112 69.34339291602373 1607.032583445311 829.3821502625942 709.9214582145214 0 78.47877053916454 5568.543318301439 4682.028137609363 408.6027553975582 638.8566640466452 7176.103137791157 1914.770578250289 54.37535370886326 8.103040620684624 0.6286967545747757 0.3500348031520844 0 0.7844135761260986 2.199847385287285 0 0.1998458653688431 0.1412973254919052 0.1872083395719528 1.834655672311783 0.1566701829433441 2.972398996353149 0.2069463431835175 0.6047728657722473 136.7754068076611 58.34324926137924 16.50608669221401 0 0 0 7.092334866523743 0.6798313558101654 0.6181413531303406 0.6901543438434601 2.024755850434303 0.8527771532535553 0 0.4209137409925461 0.1821975260972977 0 702.5111971870065 8.663562685251236 0.6608037650585175 0 18.85473408550024 0.2130405306816101 0.4604683220386505 0.5821778401732445 16.45056868344545 20.66115633398294 144.0171647667885 358.2436980009079 35.9133298099041 52.54944149404764 0 8.609002068638802 0 47.0534882992506 48.63955903053284 46.24307896196842 32.37410259991884 23.01732186973095 1.428779102861881 0.3911182582378387 70.39985078573227 68.03218288719654 0.3402500152587891 297.4963784962893 61.33954968303442 177.5044130682945 74.69417488574982 3.648451492190361 4.12974114716053 86.43784962594509 0.1981057971715927 7.183852329850197 26.99314161390066 0.4913041740655899 16.82666519284248 34.65377933532 2.53582938015461 0.3391615748405457 9.112375937402248 0 5.018101759254932 0.9445220679044724 1.084697365760803 1.674182929098606 0.7552184239029884 242.8173771202564 7.031968608498573 0 1.673340976238251 245.2794258594513 0.7991257160902023 0.4244933426380157 0.7610324174165726 3.543250694870949 0.160341888666153 23.90000496804714 3.804166868329048 10.57095474004745 84.56925213336945 22.90613502264023 1.698497205972672 90.18841299414635 131.2906903624535 64.40764765441418 31.98831470310688 0 0.1907853186130524 0 0 0 0 0 0 0 0 0 0 0 0 0 0 0.6133269667625427 0 0 0.4132699370384216 1.174831122159958 0 0.6443432569503784 0 30.98486810922623 1.232743114233017 32.3357327580452 21.22605192661285 3.154302835464478 0 0.2452293336391449 0 0 0 0 0 0.4011002331972122 0.3873002380132675 0 0 0 0.5720953643321991 0 0 0 0 0.20958012342453 0.7490823864936829 0 0.7705103754997253 7.755003452301025 51.79449316859245 0 0.2445488721132278 0.1318004578351974 0 0 0 0 0 0 72.08810679614544 1.014073997735977 0 0 0 4.959770262241364 4.162549734115601 9.287137791514397 0 0.2970148772001266 0.1736860424280167 0.4297406822443008 0 0 0 0 0 0.100997120141983 0.281646192073822 0 0 47.23298512399197 55.10953140258789 45.922338321805 608.0872620567679 72.28263925015926 1500.410520397127 126.5874125808477 1015.82078358531 276.0835994333029 12.11653897166252 348.8181885406375 16.68659789860249 1.439100846648216 5.05299187451601 0.2367871254682541 17.78703452646732 1.591644927859306 0 2.333585888147354 7.735847435891628 0
91.50437363982201 681.6156158968806 1563.333441026509 2.940037548542023 416.8141731470823 3.495463818311691 78.47877053916454 0 672.8094588965178 13.68163160979748 1910.562726289034 13.58098676800728 137.7966229617596 583.8162897527218 122.8191363438964 65.37673006951809 21.42741199582815 6.81804334372282 3.16483835875988 77.94053342193365 41.63795989006758 0.4099591672420502 0.6264815330505371 1.262262634932995 1.257470160722733 4.982266448438168 0.6032839715480804 3.202360257506371 0.2619352638721466 0 960.2722411826253 3073.544146806002 28.52250722050667 2.999860905110836 0 5.811688154935837 5.699822008609772 2.538163051009178 4.494934424757957 4.080505028367043 15.10079997032881 6.317529939115047 26.82552252709866 176.1159176081419 9.868850827217102 38.36732512712479 613.1135708019137 38.03568010777235 8.650275506079197 25.82234919071198 136.1233779117465 1.247171342372894 0.9835472851991653 0.9999090880155563 6.549306064844131 12.7987734079361 63.82735402882099 446.3456161767244 7.753577545285225 61.75152636319399 227.8131655156612 65.38948927074671 3.627486690878868 867.0045868456364 26.04462546110153 57.76891562342644 81.4569838270545 411.4016850292683 163.9012534692883 182.0902517512441 11.11987954378128 18.96816596388817 0.5847503766417503 337.0265731289983 234.2054990753531 361.3065944984555 1403.536571845412 407.1958920955658 1133.543999232352 7211.847562462091 942.5646480619907 3342.518927037716 20.05510545521975 0.3273242339491844 20.94244420528412 24.02019736170769 62.36071275174618 0.3196696788072586 8.257316514849663 0 5.479975819587708 1.382354214787483 117.4597488567233 11.24903064966202 1.148992292582989 1.282090395689011 5.088955610990524 0 3.046901404857635 5.773807346820831 0 0 0 0.237968310713768 0.2243072390556335 1.30674584209919 0 1.083356559276581 1.855464309453964 2.043429002165794 0 7.417762190103531 8.12150365114212 5.007524207234383 2.420870155096054 0 0.3025595843791962 0 0 0 0.1351243704557419 0 0 0.2287532836198807 0 0.3404097110033035 0 0.4030762016773224 0 0.2393655106425285 0.1312268525362015 0.539889819920063 0.6824251115322113 0 0 0 0.4380055963993073 1.459247186779976 0.1261612772941589 3.12882062792778 0.1529765129089355 4.236197859048843 7.19441119581461 0.7036446183919907 0 0.2094484120607376 0.171491414308548 0 0 0.7668385207653046 0 0 0.3790914267301559 0 0 0.6974818632006645 1.230975061655045 0.9116308093070984 0 0.2863119840621948 0 0 0 0 0.6844182014465332 1.340405181050301 5.652697503566742 0 0 0 0.3010193407535553 0.1492503732442856 0.6588543951511383 0.1347773224115372 0.1226091608405113 0 6.05547571182251 0.4289611726999283 0.2703569233417511 0.282219685614109 4.823629282414913 1.141531750559807 0.7910524010658264 0.6416111141443253 0 0 0 0 0 0.4534713476896286 0 0 0 2.076225802302361 3.100527621805668 0.3813619390130043 0.1171652674674988 1.943612203001976 4.757733851671219 8.827365577220917 299.7697736397386 35.60785252600908 933.2925269156694 88.23271638900042 150.346532844007 88.89759438484907 5.589000880718231 234.0510463342071 7.521448411047459 0.1370129138231277 1.135301619768143 0 3.6378533244133 0 0 1.606636762619019 8.161716409027576 0.4965171813964844
93.25431215763092 1955.988170042634 404.5257697850466 157.583480194211 4823.193302035332 22.3438296020031 5568.543318301439 672.8094588965178 0 369.2781812101603 6953.042452543974 177.9521235078573 3780.601333007216 2860.189838245511 56.71361331641674 16.36403086036444 0.646275669336319 0 0 0.6101646274328232 1.31102679669857 0.5384734869003296 0 0 0 1.118795126676559 0 2.082730382680893 0.8427096605300903 0 105.994971178472 63.71599581837654 70.28539822995663 0 0 0.5277173668146133 19.62799765169621 0 1.830103263258934 1.268521159887314 4.921480149030685 1.493701532483101 0 1.893076665699482 0 0.1427282691001892 302.9477138444781 2.186390951275826 0 0 8.132787153124809 0.4575001001358032 0.247285783290863 1.124746978282928 2.770298436284065 6.383377604186535 39.95761174708605 84.81480381637812 11.42483066767454 15.31998574733734 0 7.444487139582634 0 31.46579147875309 11.85272056609392 14.85397686809301 6.945244826376438 6.07681917399168 0.6955736130475998 1.397000446915627 74.05887696146965 115.7133960425854 0 105.6639276221395 25.76250632107258 88.69645407795906 70.88226716220379 5.065908849239349 11.77284146845341 259.4050947502255 0.9924725890159607 5.784589603543282 6.33669812977314 0.37834282964468 4.433186277747154 7.999242320656776 0.8699716702103615 0 3.328334078192711 0 1.589216023683548 0.3443391770124435 1.969548627734184 0.5947522819042206 0.8230783343315125 88.6875926554203 9.711255967617035 0 4.139336481690407 21.85354015231133 0.4617635905742645 0.4288216531276703 0.803879514336586 3.702137991786003 0.1337651461362839 21.36206121742725 3.459640443325043 14.0156539529562 23.06921656429768 20.75445865094662 1.366001531481743 84.71742977201939 137.3843302428722 75.68966799974442 32.28809683024883 0 0 0 0 0 0 0 0 0 0 0 0 0 0 0 0.2788727879524231 0 0 0 0.4527448415756226 0.6507508903741837 0.816589891910553 0.5474309325218201 0 36.19111027568579 5.712203085422516 38.40314565598965 24.84665670990944 4.146612897515297 0 0.1771278977394104 0 0 0 0 0 0.2227475494146347 1.120786309242249 0 0 0.1738537847995758 1.57184062898159 0.2207679450511932 0 0 0 0.9558545500040054 0.2852015793323517 0.3024540841579437 0 4.125162526965141 59.29244077205658 0.2036753296852112 0 0.2846181988716125 0 0.1575763821601868 0 0 0 0 72.02234756201506 5.437830328941345 0 0.144606426358223 0 3.901284381747246 3.193743154406548 10.50719571113586 0.4088511914014816 0.5490179061889648 0.7457666844129562 0.634578213095665 0.1449814736843109 0 0 0 0 0 0 0 0 42.72244826704264 49.68474812805653 52.7270485907793 530.417514950037 40.79622664302588 752.9221573397517 83.79902501404285 373.1552038788795 109.5170504301786 5.85600533336401 321.2131538838148 10.69814874231815 0.6675197780132294 7.159960336983204 1.184188209474087 10.53400893509388 1.329838238656521 0 1.158377721905708 8.65204057097435 1.628670275211334
595.6062437742949 737.0335723310709 33.91412290930748 5926.96740052104 338.0655154883862 1801.305975466967 4682.028137609363 13.68163160979748 369.2781812101603 0 54.31878907978535 3572.639964327216 6119.013351365924 248.5267323106527 5.280740827322006 0.765346497297287 0 0.3491435050964355 0 0.09309498965740204 0 0.7966960370540619 0 0 0 0.4878962635993958 0 0 0 0 235.2522488981485 0 35.47072590887547 0 0 0 28.65401345491409 0 2.036759555339813 0 0 0.4555465206503868 0 0.4978312849998474 0 0 71.49425631761551 1.165898166596889 0 0 1.925128981471062 1.669288530945778 1.110855996608734 0.1726148575544357 3.629367269575596 6.003474496304989 144.0529644191265 388.0336933210492 31.22658368200064 4.451275736093521 0 22.04455141723156 0.3539736270904541 0.8238648325204849 8.947751946747303 9.92419358342886 5.264835499227047 3.162839233875275 0.1734734922647476 0.2156779021024704 499.7826312482357 137.962076023221 0.4419707357883453 128.4262431561947 15.4736580401659 14.37697438895702 7.547979846596718 0.5666815340518951 0.3554760813713074 67.05861536413431 0 6.168876484036446 7.832216650247574 0 3.597494751214981 6.501588761806488 0.7523274496197701 0.7904084771871567 2.659254342317581 2.411999851465225 1.131379380822182 1.182145446538925 0 0.2647918835282326 0.1495968550443649 1033.701138034463 429.8462295532227 14.18190711736679 53.97151991724968 1145.160416528583 0.5420141071081161 0.8429036140441895 0.5960507392883301 10.49389764666557 0.7551807761192322 42.57517145574093 3.278500124812126 19.30422659218311 904.5362781435251 30.79555223882198 3.014583587646484 159.4180170744658 184.6832145228982 103.3830544799566 41.58802118897438 0.2590951919555664 0.1385766416788101 0 0 0 0 0 0 0 0 0 0 0.2932205945253372 0 0 0 0 0 0 1.168740481138229 0 0 3.893352627754211 0 45.47036920487881 4.527169734239578 34.37217399477959 41.09156394004822 3.465307146310806 0 0 0 0 0.9339593350887299 0 0 0 4.057738274335861 0 0 0 1.96805864572525 0 0 0 0 0 0.5587872266769409 0.1844394356012344 0 5.850546449422836 75.86012127995491 0.1400522589683533 0 0 0 0 0 0 0 0 81.20172871649265 4.106475800275803 0 0 0.132663682103157 5.633695363998413 3.01108330488205 12.15278150141239 0.9540420100092888 0.3364181965589523 0.1243083700537682 0.2448203861713409 0.1553290337324142 0.2599894180893898 0 0 0 0.5598373115062714 0 0 0 52.56345117092133 51.5927916765213 68.06580729782581 473.7970187366009 13.74584303051233 272.9086790457368 19.49243723601103 1993.270780049264 49.26910179108381 1.353760153055191 119.7789547741413 8.330450594425201 0 12.23960565030575 0.9399973601102829 28.72025699913502 1.484928533434868 0 4.973104402422905 1.116085901856422 0
282.3911820799112 1749.39717592299 2818.360727548599 39.53806550055742 1986.88765758276 14.23216424882412 408.6027553975582 1910.562726289034 6953.042452543974 54.31878907978535 0 78.42092464864254 1658.096735179424 3626.82811819762 52.4069634154439 22.21638619154692 1.89843487739563 0.7870627492666245 0.1201546192169189 2.282203793525696 6.783730372786522 0.7183293551206589 0 0.8044688254594803 0.6074516773223877 5.271664589643478 0.2787783443927765 3.63326370716095 0.239581823348999 0 997.0162967294455 110.7602526247501 343.1948327794671 0 0 8.078098565340042 70.9457264393568 2.279217839241028 4.389929503202438 2.215023174881935 17.44464955478907 5.171505056321621 0.2610958218574524 5.673657134175301 0 0 339.4047057330608 5.531797863543034 0.5161975026130676 0.4894493371248245 19.91348001360893 0 1.155786767601967 1.316748782992363 5.932521857321262 6.820505566895008 51.08938137441874 256.5247927755117 11.18117450922728 28.03796052187681 0.5598053783178329 14.69697846472263 1.195925459265709 48.85113924741745 19.45927381515503 20.27283219248056 18.35663495212793 12.26520477235317 3.07859505712986 7.075071059167385 103.6277468055487 56.69102282822132 0.2716596573591232 130.4017515853047 34.71898055076599 118.9165215864778 89.81171085685492 20.04550828039646 118.9190084114671 2705.87110774219 0.2338052541017532 26.22681432962418 9.482948079705238 0.3136732056736946 6.833052881062031 14.19472889602184 2.695875875651836 0 4.349948070943356 0.2643908858299255 3.438302792608738 0.6149584725499153 9.651528775691986 7.338112518191338 0.7547584623098373 33.63546961545944 11.67227564752102 0.4554022550582886 12.05603729188442 21.11695648729801 0 0.2873241901397705 0.3238940984010696 2.08145572245121 0.1412018984556198 5.272493287920952 2.150818645954132 4.409420177340508 13.48201493918896 6.549405485391617 0.9659111350774765 36.6874281540513 52.84488648176193 28.23630994558334 12.60298503935337 0 0 0 0 0 0 0 0 0 0 0 0 0 0.1693257540464401 0.3334841132164001 0 0 0 0 0 0 0 2.082810744643211 0 15.89584521949291 2.755947664380074 14.6032367348671 14.40308573096991 1.37060259282589 0 0 0 0 0 0 0 0.155014380812645 1.177308067679405 0 0 0 0.9462010264396667 0.1357251554727554 0 0 0 0 0.1212057396769524 0.3700025081634521 0.2439192235469818 1.940386921167374 30.83195789903402 0 0 0.4228401780128479 0 0 0 0 0 0 25.65478450059891 1.78340782225132 0 0 0 2.011925414204597 0.351982980966568 5.727996334433556 0.4677422046661377 0 0 0 0 0 0 0 0 0 0.1408309191465378 0 0 16.23644863069057 21.8018194809556 29.12126794457436 546.7045894563198 43.94140207022429 694.8312164396048 88.84033912420273 303.7307948693633 101.9450510516763 6.079757429659367 325.2416061088443 10.17801013588905 0.3620879650115967 4.157347582280636 0.2307442873716354 4.643823206424713 0.624668300151825 0 2.321940809488297 9.090091921389103 0.8643896728754044
59.13107031583786 67.14360168576241 24.58542884886265 965.5637466013432 104.2217990756035 154.1947152614594 638.8566640466452 13.58098676800728 177.9521235078573 3572.639964327216 78.42092464864254 0 2406.661786228418 139.7623540610075 4.787327691912651 3.026977106928825 0.2592119872570038 0.3880631774663925 0 0.4553726613521576 0.3426384925842285 1.299529790878296 0 0 0 1.165420591831207 0 3.683721154928207 0.4138387739658356 0 3.66184376180172 0.8702091872692108 8.851205348968506 0 0 2.124496102333069 8.875547751784325 1.176475405693054 0.8440780192613602 0.7623657584190369 8.986945748329163 1.254131481051445 0 0.5725785940885544 0 0 21.3319555670023 0.3454297184944153 0 0.516330748796463 0.9709221348166466 0.5570884943008423 1.109972566366196 1.115222901105881 0.3568364307284355 1.778005823493004 17.70530942082405 35.15147475898266 1.403079368174076 0.1513739675283432 0 3.386149406433105 0.4685780704021454 3.998522654175758 1.067962810397148 2.268079161643982 0.8065655678510666 0.9137504547834396 0.5891980528831482 1.153002128005028 51.65592713654041 127.8528290241957 0 22.37352289259434 3.444517001509666 4.444584116339684 11.09143270552158 2.833464920520782 0 21.32668255269527 0 0 1.135690659284592 0 0.6427401974797249 1.130670793354511 0.09783394634723663 0.722017303109169 0.6432105749845505 0 0.4472333937883377 1.010674953460693 1.980593889951706 2.344371825456619 0 1322.971894606948 55.50777885317802 1.147168636322021 6.342407517135143 141.7423350661993 0.2426025569438934 0.7455594092607498 1.409276500344276 2.83683730661869 0.3843028247356415 17.24361707270145 1.940387532114983 10.54502242803574 102.718154579401 24.07603654265404 2.992259010672569 95.20627668499947 124.7306470200419 63.62091605365276 30.62351050972939 0 0 0 0 0 0 0 0 0 0 0 0 0.1689218431711197 0.1705402433872223 0 0 0 0.2166929990053177 0 0.3047932237386703 0.255453497171402 0 1.188604116439819 0.6028639376163483 32.68935911357403 3.005401596426964 22.63824044167995 17.31984903663397 1.237348973751068 0 0 0 0 0 0 0 0.3766446709632874 2.999345004558563 0 0 0.5281510353088379 1.15453439950943 0 0 0 0 0.1491391956806183 0.6470836997032166 0 0 3.188544943928719 39.38581179827452 0.4427688717842102 0 0 0 0.4201277047395706 0 0 0 0 59.18691006302834 2.402741476893425 0 0 0.1839783787727356 4.565993517637253 1.936031445860863 8.593734681606293 0.9663466960191727 0.6657372489571571 0.3373183757066727 0 0.1296978741884232 0 0 0 0 0.5040538012981415 0 0 0 38.95637276768684 34.59478528797626 44.97063697874546 230.7580812945962 6.190339788794518 90.66505641490221 10.50919713079929 446.682591766119 13.55902320146561 0 97.70404773950577 3.620898857712746 0 5.623075805604458 1.260960638523102 12.22475107014179 1.7908985465765 0.1642752587795258 1.449254274368286 1.626100361347198 0.6289927363395691
111.4855977445841 984.5325167179108 170.9425830096006 1582.258474886417 469.1496744006872 131.70905148983 7176.103137791157 137.7966229617596 3780.601333007216 6119.013351365924 1658.096735179424 2406.661786228418 0 3270.760276466608 41.47391308099031 27.67639571428299 3.650385022163391 3.507215827703476 0.1929254978895187 4.923559829592705 5.836789205670357 6.564451321959496 0 0.9921400398015976 1.926136001944542 18.31711170077324 0.8450632095336914 26.31868070363998 2.336059376597404 0.4475633502006531 29.75636221468449 16.42125745117664 576.3406895846128 0.3502354025840759 0 19.34574073553085 237.5778095573187 25.6644089370966 28.12327621132135 10.66841575503349 101.0694823116064 22.08290618658066 1.276333302259445 10.50273482501507 0 0.9012621641159058 140.2243640050292 1.612238429486752 0.5894700139760971 1.654201999306679 13.17952969670296 3.192528381943703 20.48358434438705 12.95832540094852 2.078595697879791 3.738104142248631 28.70310758799314 74.85559914261103 7.583156518638134 6.309431910514832 4.856624811887741 45.53363479673862 0 31.80800254642963 8.198774218559265 7.999058209359646 7.734647966921329 10.15183794498444 1.965610779821873 11.1514535844326 398.7558562755585 415.7051066309214 0.7507956027984619 67.39400265365839 18.64969259500504 52.56218592077494 98.72947126626968 27.52134434878826 10.3392247185111 433.2052321881056 4.14036537706852 8.632695525884628 3.892984300851822 0.7801729142665863 1.999294303357601 5.969773143529892 2.398817203938961 1.077365383505821 2.559526473283768 0.4321381077170372 2.761133559048176 1.459788098931313 19.63722068071365 22.99576934427023 1.72504036128521 3247.364985719323 61.89190490543842 12.62603285908699 66.09090346097946 171.4251156896353 1.388898685574532 0.9072747230529785 3.620067045092583 8.444945245981216 0.7056539207696915 37.53432421386242 6.178087636828423 27.77527187764645 135.0441628396511 46.20936049520969 6.393486924469471 219.6529767587781 315.3860019594431 164.7652398347855 77.65322090685368 0.5727390646934509 0 0.1259260326623917 0 0 0 0 0 0.5957058668136597 0.9748945832252502 0.4729948341846466 0 0 0.2009814083576202 0 0.776350349187851 3.070918381214142 1.00918784737587 0 2.050505205988884 0.2769515067338943 0 5.116968914866447 1.714417710900307 86.05831893533468 10.8809627443552 94.5040130391717 63.83650268614292 7.910558685660362 0.2950575053691864 0.6160836219787598 0 0 0 1.102092787623405 0 0 5.361093513667583 0 0.2594032883644104 0.2524225413799286 3.013504549860954 0.7172678709030151 0 0.1910571455955505 0 1.743304848670959 2.453497543931007 0.343154102563858 0.8697654008865356 14.53438706696033 140.70967233181 0.3408223390579224 0.1931608468294144 0.8855899497866631 0.2131969183683395 0.1891094520688057 0 0 0 0.7272635996341705 210.3733077570796 14.50684705376625 0.3967598378658295 0.6305014193058014 0 9.095556057989597 6.263854146003723 25.48383691906929 1.286600455641747 1.324886605143547 1.303306601941586 0.4729775190353394 0.6092825680971146 0.2508206516504288 0 0 0 0.2798889875411987 0 0 0 112.2215382605791 142.2825970724225 145.5081846043468 1002.762562088668 71.26754246652126 500.5073815211654 87.97836320102215 803.4613374471664 74.18953451514244 5.910290867090225 449.4257352724671 18.86990362405777 1.91971680521965 13.7941628023982 2.203205771744251 37.71404677629471 3.013498745858669 0 8.339296497404575 20.32340927422047 2.930880732834339
56.40460559725761 540.0539855062962 532.0463667362928 178.3053262978792 424.3982366621494 23.7078091353178 1914.770578250289 583.8162897527218 2860.189838245511 248.5267323106527 3626.82811819762 139.7623540610075 3270.760276466608 0 58.75841747224331 41.41094595193863 3.735481813549995 3.48101507127285 0 6.726330816745758 14.11346599459648 2.044917032122612 1.721833258867264 2.024784006178379 3.241234675049782 30.59447556734085 0.2255963981151581 17.79056826233864 0.807314857840538 0.3383232355117798 96.45806830376387 32.96660387516022 1012.410460531712 0.2295710146427155 0.3145187050104141 25.56980034708977 410.7324689030647 26.07888472080231 41.63501247763634 13.3776012212038 95.90168999135494 22.86704013496637 1.202341541647911 12.10762709379196 0 0 185.8985635489225 1.714452467858791 1.316333547234535 3.278730779886246 25.74913535267115 0.4503030627965927 11.05592358112335 13.30785597860813 1.187981583178043 3.871780127286911 33.02358794957399 70.28674177080393 5.509034089744091 9.30392999202013 5.450538218021393 53.848557472229 2.827223479747772 35.07555168867111 7.124615743756294 9.132924169301987 13.85320722311735 15.87865497916937 3.924563534557819 24.45077063143253 525.4385682046413 179.9005196094513 0.6402592062950134 73.46176839619875 17.10457622259855 74.62320366501808 109.2194676473737 31.71603693068027 49.00058065354824 829.9944739937782 2.780007913708687 16.853396743536 4.355909213423729 0.4227518364787102 2.619857095181942 5.565729439258575 0.9882572591304779 0.5530165880918503 2.831370323896408 1.048679322004318 4.614273570477962 1.356166020035744 30.97503600269556 23.07592802494764 1.26216958463192 289.0021720081568 28.79013809561729 4.847535446286201 91.73671731352806 32.86342687904835 0.6281435191631317 0.6079049333930016 1.009503766894341 1.596514716744423 0.2692396342754364 16.36811779439449 3.532127887010574 7.725461900234222 25.00607506930828 17.90873141586781 1.342257231473923 84.2102854847908 116.6010663956404 70.59273421764374 35.24375192821026 0 0.1360187977552414 0 0 0 0 0 0 0.4071474373340607 0 0.195046529173851 0 0 0.1672183573246002 0.1538415253162384 1.561941787600517 0.1448675543069839 1.294623747467995 0 0.5482723116874695 0 0 2.199485555291176 0.5740195512771606 39.60344745963812 7.490775406360626 47.46435144543648 30.07715632021427 3.911905638873577 0.5273208767175674 0.3490554839372635 0 0 0 0 0 0.4415463805198669 2.259352505207062 0 0 0 0.8192992210388184 2.054034069180489 0 0 0 0.2229824066162109 0.637220486998558 0 0.3981826901435852 6.489950343966484 56.42375306785107 0 0 0 0 0.1718838512897491 0 0.178872361779213 0 0 79.59585543721914 11.33672653138638 0 0 0.3609396517276764 2.770661257207394 2.240235090255737 11.20283815264702 0.4753139615058899 0.1261157989501953 0.2169503420591354 0 0 0.3482773900032043 0 0 0.2363381236791611 0.1193051561713219 0 0 0 37.30122017860413 59.75662598013878 68.05495108664036 916.2569160014391 62.06628370285034 576.5491680800915 93.94536201655865 411.8371051773429 82.69124010205269 5.1307757422328 484.3077437877655 17.31329746544361 0.3273125886917114 4.050641275942326 0.5282839238643646 10.75665445625782 0.3882749229669571 0 2.750712648034096 17.81150232255459 2.45008784532547
