0 736.6624437123537 794.0400727689266 3684.374046444893 53.0916663557291 60.38116352260113 567.1031348928809 20.52649409323931 60.83444734662771 2691.721159338951 96.87203291803598 154.4531158059835 270.5306295901537 12.29002100229263 0.6917253434658051 1.082200698554516 0.09064202755689621 0.1154736131429672 0 0 0.159342885017395 0 0 0 0.6242703199386597 0 0.09554227441549301 0 1.420473098754883 0 654.5283083319664 1.112089492380619 0.8884929865598679 0 0 1.697467550635338 19.55778516829014 0 7.053775742650032 1.742799937725067 0.1579203903675079 0.1088569909334183 0 0.3531244546175003 0 0 13.08047547191381 1.137581773102283 0.1375959813594818 0.1942683905363083 0.8839921653270721 2.617194846272469 0.1027054265141487 0.4701249375939369 4.258007168769836 5.342903882265091 529.7100845128298 1345.19071687758 32.63706949353218 8.173651799559593 0 0.5332175344228745 0 14.51748795807362 2.040686346590519 1.557727918028831 1.352022059261799 0.239297591149807 0.1084738224744797 0.1572885811328888 55.26495802402496 22.0792171061039 1.033575296401978 225.1210167706013 20.1413571164012 25.23219665884972 0.803619310259819 0.3812453225255013 0.4382241815328598 2.1381491497159 0 0.9158839732408524 14.8288507014513 0.1913862079381943 1.209108002483845 2.680500835180283 0.8039370030164719 2.30369208753109 3.99176698923111 6.19858455657959 1.599393792450428 2.67613547295332 0.1053689643740654 0.1193973943591118 1.648357041180134 261.8049510866404 57.92294231057167 4.128084123134613 15.76766914129257 1439.682705521584 0 0 0 0 0.8604341745376587 0.1555252820253372 0 0 165.9958400279284 0 0 0.146180048584938 1.348350405693054 0.6277686208486557 0 0.2510107159614563 0 0 0 0 0 0 0 0 0 0 0 0 0 0 0 0 0 0 0 0 0 0 0 1.097791761159897 0.2181153297424316 0 0.8111743628978729 0 0 0 0 0 0 0.2262851297855377 0 0 0.2219712436199188 0 0.1985557079315186 0 0.2045928686857224 0 0 0 0.09257611632347107 0 0 0 0.3626323938369751 0.6965584754943848 0 0 0 0 0.1696323305368423 0 0 0 0 0 1.256243601441383 0 0 0 0 0.3055676221847534 0 0 0 0 0.4005298018455505 0 0.4543957710266113 0 0 0 0 0 0 0.1165991201996803 0 0 0.8387066423892975 3.249405384063721 128.6309152245522 15.5176450535655 114.6755254790187 49.22867404669523 774.6052270233631 44.22039616107941 4.731513343751431 8.672083809971809 0.5088112056255341 1.27701885253191 1.816867090761662 3.467366553843021 1.711529940366745 0.8983192518353462 1.780748248100281 0.8454550951719284 0.2363499402999878 0
736.6624437123537 0 1248.301229074597 136.6349270567298 2265.271471828222 13.07426287233829 3988.826311506331 123.1786354109645 628.2829096242785 299.580874659121 1387.048667736351 12.48965050280094 308.5558928251266 64.032256051898 11.91664327681065 1.403100922703743 0.2239776328206062 0.2360642477869987 0 0 0 0.1753572970628738 0 0 1.096823155879974 0.4455224499106407 0.2732515931129456 0.5929344743490219 0 0 2819.652628421783 71.21186085045338 2.883460506796837 0 0 0.2579671740531921 17.12862007319927 0.9234200939536095 4.839908003807068 2.713567703962326 0.2628650814294815 0.3644534349441528 0.1294602751731873 0.656368613243103 0.2555357813835144 0.3019277453422546 110.4674522057176 1.754519589245319 0.5689511746168137 0 3.076483376324177 0 0.5514308661222458 0.933366484940052 16.07084092497826 13.34468438476324 150.4080144166946 722.0335198715329 47.5841951072216 31.59658055007458 1.511667937040329 0.5512232705950737 0.6129487156867981 175.6776986271143 5.786330126225948 7.551973715424538 5.023330703377724 2.139260493218899 0.6307548210024834 0.1935954838991165 20.96160654723644 8.402529627084732 0.2054058164358139 362.0268676131964 137.5654473900795 215.044760003686 52.3869454190135 2.718614511191845 0.3113848268985748 8.398020334541798 0.8668016120791435 1.301894843578339 29.72271176427603 0.6927240416407585 3.513629123568535 4.896308906376362 2.271488912403584 0 4.374139547348022 0.2666895017027855 3.34819320589304 0.6330546662211418 0.7226434797048569 0.7185438424348831 4.16281683743 43.16098936647177 1.34022905677557 0 2.967233061790466 272.9459870606661 0 0 4.003021314740181 0 5.714936032891273 4.576178893446922 0.1441564112901688 11.55734354257584 11.2537584900856 4.712182685732841 0.1547525972127914 25.88365329802036 19.35227584838867 35.92873051762581 2.814231425523758 0.2085346728563309 0.6506277769804001 0 0.7116935402154922 0 0 0 0 0.1367027908563614 0 0.1700616478919983 0.1398010849952698 0 0 0.1321395039558411 0 0 0 0 2.615504749119282 0.7972771227359772 0 0 1.174460783600807 11.93846428394318 0 2.136703342199326 2.813194133341312 1.494420155882835 0 0.108857087790966 0 0 2.284887909889221 0.9907418712973595 0 0.6094093322753906 4.813039034605026 0.1081827133893967 0 0.1444402039051056 0.2085709869861603 0 0.1073084622621536 0 0.2484341114759445 1.175025224685669 0.3811846673488617 0 0.9606695175170898 0.165479302406311 3.21583054959774 4.222335815429688 0.5233267247676849 0.5385785102844238 1.646421074867249 0 0 0.0957208052277565 0 0 22.89383178949356 1.053376436233521 0 0 0 7.760391816496849 5.494529247283936 2.779817074537277 2.771914280951023 2.832221210002899 1.275551587343216 0 0.7824202179908752 0 0.2419536262750626 0 0 0 0 0 0 11.86686719954014 3.741640955209732 6.31315702944994 321.3195879682899 45.52118737995625 393.0573910176754 110.7039968445897 183.2761330083013 88.19867321848869 12.59907953441143 71.82245272397995 5.93216323107481 0.8495833873748779 15.26489674299955 8.466298021376133 12.50631648302078 0.2939715459942818 2.85075893253088 2.493299886584282 1.355466663837433 0.8725926280021667
794.0400727689266 1248.301229074597 0 33.08669997006655 655.6564185917377 4.286367848515511 494.2254085242748 1812.640737362206 303.8716929405928 44.19964170455933 5626.220038972795 9.004580408334732 158.514874085784 114.2469387724996 21.71418020874262 29.07049799710512 2.099333189427853 0.2813339382410049 0 5.528153002262115 5.34969761967659 0.2218946889042854 0.7719848304986954 0 0.8628435730934143 0.5838136970996857 0 0.3484053462743759 0.4532647728919983 0.2338285967707634 5417.655702017248 490.7494216039777 34.12562097609043 0 0.1562833338975906 0 70.99807186424732 5.149132750928402 15.46622214466333 8.650338985025883 3.544780299067497 4.238446168601513 2.230761736631393 2.229405343532562 0.2942169383168221 2.577736645936966 88.60006698220968 7.479181751608849 1.10736470669508 6.163925163447857 4.254157051444054 0.4019387885928154 0.7179793044924736 2.113888300955296 8.595003440976143 5.747176386415958 96.51352240890265 903.8081338852644 23.09899228066206 18.6364054903388 4.027615904808044 4.107818454504013 0.2389656752347946 695.5946238413453 3.217718459665775 8.033492118120193 3.268068447709084 18.15673933923244 10.16622959822416 19.0293394997716 48.29185376316309 0.6440591216087341 0 238.5280269309878 202.9846478998661 132.2186904326081 51.96497691422701 12.98991794139147 46.75469814240932 231.254126355052 10.74777859449387 158.1262226328254 18.38275647163391 0.0964217334985733 4.880274385213852 4.172814846038818 13.99911995977163 0 2.605931043624878 0.2688496708869934 2.432270079851151 0.4565237462520599 8.906418584287167 0.4972424954175949 4.318891920149326 25.74877451360226 1.525594107806683 0 2.17889379709959 105.9567670822144 2.572812706232071 0 2.960348665714264 0 0.5999258160591125 5.560300931334496 0.187511220574379 6.594317674636841 4.027640253305435 1.556686758995056 0.2406189665198326 17.19987469166517 10.37283977866173 14.6331829354167 0.5426385253667831 0 0.8585553169250488 0 0.308430016040802 0.1949232518672943 0 0 0 0.1316930502653122 0 0 0 0.1626360863447189 0 0 0 0 0.1361822187900543 0.128401055932045 1.031758651137352 0.2350746691226959 0 0 0 8.083196461200714 0.3454731702804565 0.5887924283742905 5.626211136579514 0.8345876559615135 0 0 0 0.2877639308571815 1.013581112027168 0.8569459468126297 0.1714355647563934 1.452791899442673 0.5704190731048584 0 0 0 0.5891547501087189 0.6376924812793732 0 0 0.3536262810230255 0.7116188108921051 0.7587176263332367 0 1.23003326356411 0.4275541603565216 2.471452832221985 0 0 0 0.1187503486871719 0 0 0.1535643935203552 0.1146889328956604 0.2546407282352448 10.80786716938019 0.2711510062217712 0 0 0.3365428596735001 0.6323826909065247 4.406560704112053 2.426097184419632 2.028823718428612 0.07272986322641373 0.4480976164340973 1.306282430887222 0.5293517708778381 0 0 0 0 0.2452143654227257 0 0.2667607367038727 0 6.452403083443642 3.330354958772659 5.656618654727936 219.883550234139 30.24198219180107 246.9733208492398 71.72340086847544 125.4516304656863 49.25015150755644 8.778026305139065 51.39203830063343 5.497922830283642 1.851199746131897 7.732958875596523 4.082115307450294 3.553169041872025 0.699016198515892 0.7450760081410408 1.377284981310368 1.980311006307602 0
3684.374046444893 136.6349270567298 33.08669997006655 0 21.94180687516928 381.4689699411392 606.2111597955227 3.232430152595043 533.0146270021796 1924.647608324885 4.168495245277882 461.5548903793097 1450.498376563191 19.7957738339901 3.095957733690739 0.3554399609565735 0 0 0 0 1.179989725351334 0 0 0 0 0.1361279487609863 0.1217492297291756 0.1574198603630066 0.1591668874025345 0 297.4182511568069 4.980167672038078 0.1934833079576492 0 0 0.5199278593063354 1.044445566833019 1.151013314723969 2.699911221861839 2.165343664586544 0.1146290004253387 0.7524371072649956 0 0 0 0.4489216208457947 33.39735177159309 1.52372682839632 0.4347462132573128 0 2.250671319663525 0.2445314973592758 0.2938374280929565 0.3547892794013023 11.85657168924809 7.049999639391899 159.176961556077 421.164742641151 35.09855436533689 18.55910290777683 0 0.1017873883247375 0 53.36531993001699 3.589454263448715 4.508674710988998 2.816158190369606 0.8732158094644547 0.2657675594091415 0.1279157102108002 2.180213190615177 1.66930940747261 0 258.5001381859183 64.3958678394556 87.8789311721921 7.16981615126133 0.3394770175218582 0 1.161230713129044 0.1642692238092422 1.133324027061462 19.71764314174652 0.6131700202822685 2.150951191782951 3.704306364059448 0.955677404999733 0 1.805144391953945 0 2.180759586393833 0.3243262767791748 0 0.1768409162759781 1.335345037281513 66.10682599246502 0.461650013923645 0 2.939381003379822 224.2903326749802 0 0 0 0 0 0.516739547252655 0 0.9894306361675262 50.17646355926991 0.2212158888578415 0 1.392932429909706 1.871876940131187 1.221375048160553 0 0 0.43997523188591 0 0 0 0 0 0 0.1356140375137329 0 0 0 0 0 0 0.6802725195884705 0 0 0 0.2731349095702171 0 0 0.3442817628383636 1.019891642034054 0.7881892919540405 0 0 1.395718663930893 0.631516307592392 0 0.130062535405159 0 0 0 0 0 0 0.4787274301052094 0 0 0 0 0 0 0 0 0 0 0 0 0.2242991328239441 0.1631392240524292 0 0 0 0 0 0 0 0 0.2165844738483429 1.846323236823082 0.8416528403759003 0 0 0 0.2367528825998306 0 0 0.1170992851257324 0.3816184103488922 0 0 0.4106599390506744 0 0 0 0 0.1318186223506927 0.122716948390007 0 0 0 0.5164701342582703 3.248869001865387 161.0557339116931 22.01268454641104 196.5440720021725 66.64159923791885 425.4360210746527 51.2655311152339 8.566243335604668 12.74802829325199 3.665333546698093 0.5549159795045853 3.31378223747015 5.184178777039051 0 0.4852771013975143 1.102726966142654 0 0 0
53.0916663557291 2265.271471828222 655.6564185917377 21.94180687516928 0 7.356289133429527 5113.759404011071 20.18629952520132 2529.201428048313 119.3881679624319 1677.791005425155 7.567955181002617 287.7580560222268 165.7258136495948 12.57985041290522 4.642884634435177 0 0 0 0 0.5015487968921661 0 0 0 0.3753778487443924 0.329593650996685 0 0.2578748390078545 0.2529194056987762 0 291.4278633445501 57.27949974685907 1.888919949531555 0 0 0.3795552551746368 20.75018535554409 0.4041265845298767 1.68549857288599 0.1363635957241058 0.1114829778671265 0.8089360818266869 0 0.6657152995467186 0 0 93.11143876612186 0.5317261293530464 0 0.4487668424844742 0.7512453943490982 0 0.1059892699122429 0.8637360110878944 3.558733493089676 4.234226413071156 12.16505068540573 50.6980823725462 9.250585824251175 15.28608099371195 0.2099626660346985 0 0 68.42310383170843 1.993962712585926 2.257444508373737 1.403049968183041 0.5665216147899628 0 0 23.92187392711639 12.6808075606823 0 76.40232221037149 48.61125352233648 112.4274167865515 52.78751038014889 5.473616167902946 0.0958588570356369 1.288556553423405 0.3548095673322678 0.869846522808075 7.479471959173679 0.4020968154072762 1.426317058503628 2.409098550677299 1.06622689217329 0 1.46506654471159 0 1.831321731209755 0.2917538434267044 0.2514767870306969 0.7319366037845612 1.965899236500263 86.79316464066505 1.703865945339203 0 0.4144514203071594 7.669628046452999 0.43818598985672 0.8400068879127502 10.41261279582977 0.5913174152374268 9.774851322174072 17.3140252828598 0.9796286076307297 24.47348374128342 24.3412184715271 12.28042744100094 5.526564404368401 67.11499470472336 59.55859518051147 59.76911996304989 7.377526357769966 0.2559321224689484 1.214696407318115 0 0 0 0 0 0 0 0 0 0 0 0 0 0 0 0 0 2.574112847447395 1.119578778743744 0.3307073712348938 0 1.202470123767853 26.6884581297636 0 2.872665658593178 3.494820885360241 0.2674319297075272 0 0 0 0 2.109229981899261 0.2153875678777695 0 0.3333679437637329 3.658408835530281 0 0 0 0 0.09659009426832199 0.2704445421695709 0.8424630165100098 0.4271026849746704 0.1436773091554642 0.2443305402994156 0 1.805376291275024 0 4.033816024661064 0 1.477858930826187 0.8399204611778259 0.3928663432598114 0 0 0 0 0 44.23991005122662 0.6551000475883484 0.4747605621814728 0 0 7.012246400117874 15.35398209095001 2.81644406914711 4.578414723277092 4.886442333459854 5.269590839743614 1.54783970117569 0 1.008331447839737 0 0 0 0 0 0 0 29.12015315890312 3.125672288239002 5.73137728869915 223.3535054177046 21.02731963247061 225.92796959728 58.94256497919559 62.71949397772551 39.48916257172823 5.801810435950756 56.3785567805171 9.227722465991974 1.556268431246281 13.23637150228024 3.928929872810841 21.06545463204384 0.7926629334688187 0.9647352397441864 0.9485358670353889 0.2598400712013245 0.4339550137519836
60.38116352260113 13.07426287233829 4.286367848515511 381.4689699411392 7.356289133429527 0 118.8571443110704 7.719809412956238 39.62731719017029 685.437640145421 32.27497074007988 231.3609760850668 265.8942033648491 22.53828077018261 3.80758848041296 7.10548410564661 0.3208303302526474 0 0 0 0 1.815826237201691 0 0 0 0 0 0 0 0 5.34066641330719 1.3342389985919 3.929712131619453 0 0 0 92.03246459364891 0 35.89457583427429 1.01881667971611 0.1813584119081497 0 0 0.3579525202512741 0.3211373686790466 0 5.966601230204105 0.1791267991065979 0 0 0.1474971026182175 30.37605229020119 1.368150442838669 0.6915722191333771 1.096326969563961 0.7751557007431984 141.6530388444662 43.64651280641556 1.345243006944656 0.9700866639614105 0.957621693611145 2.849072262644768 0 2.395061612129211 0.3055977150797844 0 0.3485143855214119 0.1211394593119621 0 0.1941619515419006 335.3895493298769 147.5053713768721 13.60905782878399 10.56967374682426 5.08600452542305 6.313312254846096 2.293342188000679 1.867716632783413 0.6108821034431458 4.265127934515476 0.6654476374387741 5.975639924407005 0.8914733976125717 1.557173743844032 0 1.346990831196308 0.2875309139490128 18.53312820196152 18.24557317793369 21.28446511924267 3.608638390898705 11.33774752914906 0.4200999438762665 0.1631955355405807 3.181340225040913 723.0157959908247 331.6789849102497 37.67796812951565 90.75692820549011 538.3986884355545 0 0 0 0 0 0.2975024878978729 0 0 8.67219103872776 0 0 0.2750779986381531 0 0.6944866478443146 0 0 0 0 0 0 0 0 0 0 0 0 0 0 0 0 0 0 0.2308226078748703 0 0.3874234557151794 0 0 0 0 0.6368780732154846 0 0 0 0 0.1552838087081909 0 0.322231262922287 0 0 0.4993099421262741 0 0 0.128438264131546 0 0 0 0 0 0 0 0 0 0 0 0 0 0.1788360476493835 0 0 0 0.1034565567970276 0 0 0 0 0 0.2205690741539001 0 0 0 0.2248212397098541 0 0 0.2582011520862579 0 0 0 0 0.390936940908432 0 0 0 0 0.1877363473176956 0 0 0 0.1837266534566879 0.8242267966270447 0 35.57732357829809 6.41820565611124 23.64024516940117 6.118448197841644 132.6944536343217 4.105396941304207 1.669513300061226 6.460457630455494 1.405870273709297 0 0.3511179983615875 0.114694856107235 0 0 0 0 0.7951800674200058 0
567.1031348928809 3988.826311506331 494.2254085242748 606.2111597955227 5113.759404011071 118.8571443110704 0 65.20097610354424 4040.74702514708 989.2212094962597 1952.103274993598 56.02700343728065 1983.4171962291 882.1158309951425 36.2915126606822 10.1297893896699 0.8463501557707787 0.1151524931192398 0 0.1194159761071205 0 0 0 0 1.986368976533413 1.627124764025211 0.0977434515953064 1.747408166527748 1.122229874134064 0 676.6097036898136 148.8470860123634 1.988120771944523 0 0 1.901380181312561 33.94791434705257 1.051349505782127 5.852142810821533 2.829089902341366 0.5064576119184494 1.520032316446304 0.2710488960146904 1.059573009610176 0 0.8004389703273773 297.4915108010173 6.001888252794743 0.1060320660471916 0.5523877292871475 5.016234882175922 0.2512024715542793 0.9099522083997726 3.807783082127571 18.65111660212278 17.7255600169301 77.92044493556023 263.9062853530049 46.23441250622272 68.58405654132366 0 0.8478313535451889 0.5390576124191284 280.6867402642965 9.447463132441044 10.53288327902555 8.932128049433231 4.780825510621071 0.7037610486149788 0.5568886697292328 70.68266990035772 13.26802899688482 0 378.2552054822445 225.6280714273453 438.0144555047154 150.0485643595457 13.88228493183851 1.979872673749924 4.884732015430927 2.152451939880848 3.525461181998253 42.36379136890173 0.5853024646639824 5.942894011735916 9.420856721699238 3.784351475536823 0 6.140241898596287 0.1570387035608292 7.289992071688175 0.9738921672105789 1.688426315784454 2.352877847850323 5.998252011835575 392.0995393022895 4.055312588810921 0 1.285494692623615 71.72565598785877 2.017427146434784 1.661806337535381 25.00365801900625 0.3097635954618454 28.50304193794727 40.71623086929321 3.462685197591782 66.60375562310219 57.65968611836433 43.22014985233545 12.60544507205486 178.6455648094416 149.4875356703997 170.0384714454412 16.44854399561882 2.527122154831886 0.9249252378940582 0 0 0 0 0 0 1.03493070602417 0 0 0 0 0 0 0 0 0 0 6.084099128842354 3.160167753696442 0 1.392926558852196 3.32996030151844 51.87567216157913 1.109179377555847 3.603231027722359 7.836902461946011 0.9781536683440208 0.3531763553619385 0 0 3.00571708381176 0.3191430270671844 2.1591766923666 0 2.755417466163635 9.412785366177559 0.2788950204849243 0 0 0.1589181870222092 0 0.9038175344467163 0.1762055605649948 0.09550563991069794 1.418281801044941 3.025335527956486 0 5.817852258682251 2.78852242231369 22.59958943724632 4.111830487847328 1.466612160205841 1.079979822039604 0.3922460526227951 0.09899625927209854 0 0.2759373188018799 0.2063107937574387 0.1836189478635788 108.6048431545496 0.3185382932424545 0 0 0.6309805735945702 16.95831671357155 32.56697370111942 9.544973403215408 7.094029568135738 4.907218411564827 5.560257256031036 1.377330556511879 1.677087217569351 0.327580600976944 0.109571672976017 0 0 0.4701261222362518 0.0964643582701683 0 0 72.19520571827888 15.50030106306076 22.96585930883884 648.278428979218 107.7996575161815 707.4865234568715 217.0992944538593 360.3506464958191 178.330698363483 19.33022893965244 160.8964220359921 15.65233414620161 6.683057814836502 33.04752417653799 15.43621149659157 44.97347594052553 1.795489609241486 1.66806448251009 5.899043649435043 4.577514871954918 0.8561156839132309
20.52649409323931 123.1786354109645 1812.640737362206 3.232430152595043 20.18629952520132 7.719809412956238 65.20097610354424 0 112.1080157756805 10.4810307174921 2414.161220923066 23.21682317554951 625.8167702406645 564.802562572062 102.6037290766835 129.5617569759488 7.320972621440887 1.436000220477581 0.1474655866622925 22.58247521519661 50.3508624881506 1.182143777608871 4.191895991563797 0.1745649576187134 1.707978293299675 2.871199652552605 0.1500557661056519 1.54671423137188 1.515869654715061 0.1811142265796661 1296.208539754152 1647.109569229186 214.5957380384207 2.172006174921989 1.697095975279808 3.474997103214264 252.0601281896234 50.20371788740158 54.35683684051037 42.98534226417542 33.77161403000355 19.58144095540047 9.995566755533218 16.91855066269636 2.358580745756626 3.403917551040649 258.2094306126237 8.055440038442612 1.52118631452322 7.019039757549763 23.36796759814024 2.718542449176311 2.210291601717472 9.689778119325638 8.345709018409252 6.347635895013809 27.35541716217995 140.8213068023324 17.95229770243168 34.95865991711617 25.22503443062305 32.3249921053648 0.5706956833600998 285.0763967484236 3.052254572510719 7.772163271903992 13.21938144415617 51.54651309549809 29.88519088923931 152.3341677263379 161.6823061332107 24.6294858455658 0 155.0399223342538 154.8226866275072 267.6171113401651 225.9535950422287 87.05549331754446 925.4554960876703 3511.527360588312 187.5836661159992 1950.592401728034 17.55800728499889 0.192449152469635 5.42441201210022 5.758027672767639 22.76050014048815 0 3.727055326104164 0 3.454403676092625 0.947998471558094 108.7309107482433 3.622130736708641 12.13852269947529 73.31129915267229 4.615068584680557 0.4681682586669922 3.62900510430336 15.29967930912971 0 0 4.675404965877533 0.2602457404136658 6.72417950630188 9.579486966133118 1.259673401713371 15.38840030133724 9.314561173319817 4.7211534678936 2.489824891090393 40.76354989409447 28.48860664665699 62.31473624706268 3.732536613941193 0.8272929489612579 2.296714723110199 0 0.1115507185459137 0.305347815155983 0 0 0 0.9468324184417725 0.6304514408111572 0.3605533391237259 0.1323254108428955 0 0 0.2272540107369423 0 0.1474145799875259 0.6750934943556786 0 2.121817633509636 1.780889496207237 0.1000681892037392 0.1136274859309196 0.884684219956398 24.85740973055363 0 2.344618260860443 7.510928012430668 2.44122077524662 0.6696862578392029 1.387913607060909 0 0 0 2.190539456903934 0 1.892927974462509 1.697574689984322 0 0 0.2689483463764191 0.6709300205111504 1.239577002823353 0 0 0 0.263779491186142 0 0 1.675517916679382 1.564238175749779 4.56074732542038 1.039382785558701 0.5422432869672775 0 0.2377367317676544 0 0 0.1507472097873688 0 1.012659132480621 47.77524693310261 0.6713459342718124 0.1180824488401413 0 1.571103610098362 4.254700779914856 12.65395431220531 12.28597144782543 2.499635145068169 3.058318950235844 2.232879146933556 2.714478239417076 0.9589322060346603 0.1752443909645081 0 0 0 0 0.6276063770055771 0.1169326230883598 0 22.67973324656487 4.027303919196129 11.89185532927513 602.57693554461 58.99166114628315 557.5812024697661 135.1214507371187 108.3698012754321 67.95393835753202 7.846194997429848 197.6103545054793 11.0841044485569 1.292919956147671 10.11454652249813 6.098560817539692 11.99010384082794 1.935921229422092 1.227976739406586 3.547966308891773 3.486269108951092 0.6758151352405548
60.83444734662771 628.2829096242785 303.8716929405928 533.0146270021796 2529.201428048313 39.62731719017029 4040.74702514708 112.1080157756805 0 220.1160030514002 5007.212541766465 6.292889356613159 1405.980297811329 991.9024876132607 25.55620009452105 10.75658233463764 0.1261995881795883 0 0 0 0.1684195399284363 0 0 0 1.001550696790218 0 0 0.4594822525978088 0.6782563328742981 0 213.8939447700977 74.74124466627836 1.577150128781796 0 0 0 37.39921168982983 0.3344291150569916 3.561091803014278 0.8352404087781906 0.3304396122694016 1.387471117079258 0.09277419000864029 1.381748124957085 0 0.6379712373018265 133.525872386992 0.385850615799427 0.2071044221520424 0.1183306574821472 0.9307530000805855 0.1384041011333466 0.6126785278320312 1.774994969367981 5.756735287606716 3.79815299063921 11.234833791852 31.47569205611944 10.29046611487865 17.04272025078535 0.1413501054048538 0.1101984903216362 0 72.18323532491922 3.385804459452629 3.016828276216984 1.25764886289835 0.5363297387957573 0.9331823438405991 0.2363139688968658 71.13279546052217 20.32386811077595 0 66.90709730237722 44.8292603418231 134.504840284586 92.84652913361788 14.07642654329538 1.515644416213036 7.415779523551464 0.09111519902944565 1.852037385106087 6.885373592376709 0.2549033239483833 1.009176254272461 2.29019183665514 0.5587823837995529 0.1783721894025803 0.6871386542916298 0 1.107290126383305 0.5973040461540222 0.8080161437392235 0.669838972389698 2.133084647357464 303.4843994751573 3.91530903428793 0 0.7929251194000244 30.33122301101685 0.9972461760044098 0 26.67709103226662 1.885614469647408 16.72079122066498 42.01656058430672 4.421384237706661 61.07750473916531 52.96913001686335 39.39350701123476 5.819420620799065 161.8534898981452 124.9697056785226 180.7287034243345 20.59903453290462 0.9092554748058319 1.170665711164474 0 0 0 0 0 0 0 0 0 0 0 0 0 0 0.3762573599815369 0 0 6.101849570870399 1.909953117370605 0 0.7236148715019226 1.930295348167419 51.1142942160368 0.993006631731987 4.695462316274643 5.508598387241364 0.5498785972595215 0 0.6241660714149475 0 0.7237206697463989 0.3201787769794464 2.130489498376846 0 3.450740694999695 16.76821260154247 0.2329467684030533 0 0 0 0.1474636197090149 0 0 0.1077437996864319 2.13713277131319 0.7665690779685974 0 4.928892433643341 0.320245772600174 12.81829845905304 3.611288353800774 0 0.6744866743683815 0.1209903210401535 0 0 0 0 0.224275216460228 105.9920502528548 1.273009449243546 0 0 0 17.10293355584145 22.69715465605259 18.74887710809708 5.24127284437418 8.637984722852707 6.689583316445351 1.070651456713676 0 0.4952224940061569 0 0 0 0.2194619029760361 0.127040222287178 0.09212318062782288 0 60.68577580153942 5.508648976683617 15.15710791945457 385.2908477410674 38.53632628917694 322.2878889963031 86.19869024306536 104.0692331045866 52.83508089929819 5.772133685648441 102.8926058337092 16.28870958834887 2.549357704818249 29.55315362662077 10.4253516048193 51.90513649582863 2.240714907646179 2.137899115681648 4.012422919273376 2.846090994775295 0.144733265042305
2691.721159338951 299.580874659121 44.19964170455933 1924.647608324885 119.3881679624319 685.437640145421 989.2212094962597 10.4810307174921 220.1160030514002 0 50.54648347198963 2402.724645860493 5992.835228070617 80.34610882401466 9.277618810534477 3.637272633612156 0.3066774904727936 0 0.09267342835664749 0.1328226178884506 0.1199960187077522 0 0 0 0.4907682687044144 0.5362453013658524 0 0.3937464579939842 0.5428180322051048 0 345.2625959068537 31.18113005161285 1.196014188230038 0 0 0.7226835191249847 112.2108453512192 1.239243552088737 7.767889648675919 4.335550703108311 0.1057271733880043 0.7699267044663429 0.1789801865816116 0.3045490384101868 0 0 108.782933704555 3.662019327282906 0.6138643175363541 0.6752826943993568 2.842688702046871 0.2769633680582047 0.3512086868286133 0.8707106113433838 16.12324094772339 13.19132585823536 169.1065178662539 400.4920222982764 55.91419348120689 40.52684940397739 0.750591367483139 0.3757109493017197 0 144.039383918047 6.112795427441597 6.690692253410816 3.940117575228214 2.690998241305351 0.9693486839532852 0.4248091727495193 304.4734135493636 10.06273606419563 0 397.9480539858341 125.9014064967632 218.6131642237306 32.11400656402111 2.41720474511385 1.302219927310944 2.547740273177624 1.685782983899117 1.388753600418568 35.03188136965036 0.5747620612382889 4.23653182387352 5.786023356020451 2.25770890712738 0 4.2129285633564 0 4.554263360798359 0.6581983044743538 0.6006898581981659 0.9963130131363869 3.428561881184578 879.7372848987579 11.61686560511589 0 1.021418422460556 376.3279896602035 0.1256671398878098 0.5615677833557129 5.963273301720619 1.196192786097527 12.51378102600574 23.24591669440269 1.47913932800293 38.66094578802586 73.88610252737999 27.12383665144444 4.416911706328392 94.69674155116081 79.00127120316029 92.51297913491726 7.468600392341614 0.359984815120697 1.355486378073692 0.1400316804647446 0 0 0 0.3014452159404755 0 0 0 0 0 0 0 0 0 0 0.2542534172534943 0 2.247257262468338 1.909870684146881 0 0 0.5042321681976318 16.93842479586601 0 0.8840469568967819 2.713390164077282 0.6680927723646164 0 0 0 0.6104958653450012 0 0.4305219352245331 0 0.3973875641822815 2.976196825504303 0 0 0 0.3277685940265656 0.4150866866111755 0 0.467923641204834 0 1.595010474324226 0.8143406361341476 0 1.72092242538929 0 5.42882664501667 0.8760925829410553 0 0.4446319490671158 0 0 0 0 0 0.2588609158992767 38.2536398768425 1.406541228294373 0.2553051114082336 0 0.1703208237886429 5.080565512180328 7.222985163331032 4.489851921796799 1.814540684223175 1.240640491247177 2.904884517192841 0 0.1127836108207703 0.7442608773708344 0 0 0 1.352815046906471 0.09941112995147705 0 0 21.944883659482 3.436446502804756 3.892124459147453 445.5279150828719 47.97631259262562 400.1609149724245 120.4223728850484 924.9544941335917 96.98967458307743 15.53200867772102 52.89401277899742 9.264230005443096 1.985857293009758 13.60105762630701 9.172225274145603 69.8298278003931 0.5692099630832672 1.526045426726341 2.23633661866188 1.222636073827744 0.4410614967346191
96.87203291803598 1387.048667736351 5626.220038972795 4.168495245277882 1677.791005425155 32.27497074007988 1952.103274993598 2414.161220923066 5007.212541766465 50.54648347198963 0 88.91115093231201 4569.720313206315 6298.727595038712 148.2003994733095 131.9792045205832 7.270606987178326 0.4844198003411293 0.1028263792395592 4.219120904803276 28.91921729594469 5.761526927351952 3.425422713160515 0.9488993287086487 5.039878360927105 7.958346158266068 0.4485581442713737 5.407204546034336 8.057454705238342 2.061343938112259 1977.951255664229 1688.086591228843 590.2435841187835 2.986966446042061 1.928053885698318 8.182640850543976 828.296904861927 100.2916724085808 183.2373849824071 129.2407774925232 58.12150698900223 10.39719728380442 0.4960355460643768 19.07553593814373 5.749024584889412 3.896464288234711 408.5591618865728 7.250768788158894 1.107240833342075 2.017752639949322 19.29954718053341 7.876609832048416 3.018986359238625 12.59636717289686 12.5342270731926 14.0887488424778 39.01050721853971 193.0829791277647 30.98077086359262 57.6489964723587 13.59826552867889 8.738240256905556 0.8997914344072342 307.4733405709267 8.236910372972488 9.739063195884228 11.15572639554739 19.02276717871428 9.201887138187885 115.5305413901806 656.065149359405 36.09572441875935 0.09154701232910156 232.6491215527058 189.9368914365768 425.4920631349087 312.6104173436761 99.24062521755695 549.0979935228825 541.8428947255015 21.51525350660086 76.12345968931913 28.97704789787531 0.6010230034589767 5.470524534583092 9.951027140021324 6.045644156634808 0.0925823450088501 7.47063997387886 0.6304433941841125 6.424108415842056 4.490572981536388 85.98075927048922 5.851983740925789 13.8353753760457 320.3066676557064 5.145500302314758 0.1932130008935928 7.199731096625328 38.97681719064713 2.171522974967957 1.746870949864388 17.06329273432493 0.3567821979522705 20.61795514822006 33.85490025579929 4.234295159578323 65.45427495241165 47.75808022916317 33.09583704173565 6.905528634786606 160.9109785333276 136.119619473815 197.5544705241919 26.40522164106369 0.5133315026760101 1.737686693668365 0.1231600940227509 0.5319448411464691 0 0 0.7159017026424408 0 1.364955238997936 0.2940713465213776 0.2938306629657745 0.5339938998222351 0.1434484273195267 0 0.4162690863013268 0.493088610470295 1.115410529077053 0.7479900792241096 0.4986880794167519 7.099139198660851 4.468696430325508 0.8855073228478432 0.8445664942264557 0.8142613023519516 65.56150118261576 0.4627933204174042 5.769521817564964 15.1529149338603 1.749911993741989 0.3131014108657837 0.1550401300191879 0.5103822499513626 2.040584735572338 0.6599519401788712 3.899779796600342 0.2889952510595322 0.3937704861164093 17.1727123260498 0 0.1789779365062714 0 3.022040337324142 1.107435315847397 0.1093363463878632 1.667938739061356 0 2.327393941581249 1.941519804298878 0 6.095604538917542 2.836897358298302 16.8267103433609 6.941283710300922 1.102650195360184 0 0.9284507781267166 0.6613640189170837 0.2164492458105087 0 0.3319277167320251 0.9728885069489479 153.0794737562537 1.08097904920578 0 0 1.810332670807838 21.68887805938721 39.88078843057156 19.79958494007587 14.27118778973818 13.13876928389072 8.009163461625576 3.067916162312031 2.817364782094955 0.4199364483356476 0.663895308971405 0 0 2.982819609344006 0.3904056772589684 0 0.3156093657016754 80.63716675341129 10.56699399650097 25.52496211230755 1151.790736146271 119.7119104936719 837.9280509129167 256.2918593361974 195.7409870550036 140.6829312369227 19.92067922651768 339.04916267097 36.59020931273699 3.312588214874268 36.70756500959396 12.44857941567898 49.82301585376263 2.505076169967651 3.271314650774002 7.925788387656212 11.68792693316936 0.5028542727231979
154.4531158059835 12.48965050280094 9.004580408334732 461.5548903793097 7.567955181002617 231.3609760850668 56.02700343728065 23.21682317554951 6.292889356613159 2402.724645860493 88.91115093231201 0 984.4323001950979 17.82278376817703 14.00400627404451 14.56674034148455 0.3051203861832619 0 0 0 0 0.1571248471736908 0 0 0 0 0 0.3043185770511627 0.3222281783819199 0 7.053148329257965 2.933199129998684 7.257986038923264 0 0 0 465.4205750524998 0.6683337911963463 10.46596284210682 2.086089074611664 0.2207057178020477 0.2851361930370331 0 1.463312640786171 0.6410948932170868 0 28.25145374983549 0 0 0 0.3457831963896751 0 0 0.9732349142432213 0.8611424416303635 0.873380109667778 8.549786426126957 11.21147371828556 2.505749337375164 3.424507789313793 0.6632176041603088 0 0 6.490947395563126 0.1104650720953941 0.360194981098175 0.5685117021203041 0.09574639052152634 0.1452093869447708 0.6292140930891037 566.3962813764811 2.249721057713032 0 14.4046992957592 8.216934360563755 20.03922800719738 15.39651726931334 9.92189759761095 0.1688794195652008 6.513266175985336 0.9487601295113564 0.582991898059845 1.409696578979492 0.1076726391911507 0.1009510830044746 0.3470790311694145 0.107946403324604 0 0.3848347738385201 0.1501019299030304 0.1410501301288605 0.1691546142101288 1.249687999486923 0 0.1262881010770798 1072.670077383518 2.896369457244873 0 0.605936586856842 90.40381918847561 1.374828323721886 0.7492421865463257 23.59129117429256 1.5908013433218 18.13007290661335 35.31561474502087 5.110908016562462 54.9010795801878 45.68930351734161 36.54996976256371 8.842533752322197 154.4814252406359 105.6423307657242 148.6044095903635 12.12935723364353 0 0.8535473644733429 0.2785539329051971 0.1539743691682816 0 0 0 0 0 0 0 0 0 0 0 0 0 0 0 4.827169358730316 0.7812834978103638 0 0 0 37.36861473321915 0 2.23580177128315 2.639383852481842 0.4079552739858627 0 0 0 0 0.459727019071579 0 0 0 7.509436100721359 0 0 0 0 0.2881141006946564 0 0 0.3133526146411896 1.633120954036713 0.9774472266435623 0.3623967170715332 2.878372043371201 0.5484031438827515 8.857883036136627 1.182409524917603 0 0.6147759854793549 0 0 0 0 0 0 73.4215035289526 0.7227733582258224 0 0 0 17.56465393304825 11.13655160367489 7.602147355675697 2.512596987187862 5.823255628347397 3.533533647656441 2.473933756351471 0.6609092503786087 0 0.2459837049245834 0.2417827546596527 0 0.0927850753068924 0 0 0 48.54036499559879 4.673246905207634 7.017017677426338 255.0656935721636 15.12209466099739 72.63754926621914 27.1119120195508 204.2973259165883 10.40626725554466 1.478279955685139 54.07115603983402 11.30109356343746 2.330070436000824 12.25317966938019 2.904164157807827 51.79779520630836 1.678029701113701 0.2309686243534088 0.9882234185934067 1.526734486222267 0
270.5306295901537 308.5558928251266 158.514874085784 1450.498376563191 287.7580560222268 265.8942033648491 1983.4171962291 625.8167702406645 1405.980297811329 5992.835228070617 4569.720313206315 984.4323001950979 0 2267.683737054467 98.95179729908705 75.75204300135374 1.438256457448006 0.3735101744532585 0 0.1958387941122055 0.6721542179584503 1.236232414841652 0 0 0.1094686314463615 0.7417069226503372 0 0.7579065561294556 1.258004948496819 0.5198035836219788 101.5206260159612 66.05439323931932 56.78412248939276 0.1192920506000519 0 0.253498911857605 270.3295658603311 5.114512600004673 39.06897431612015 10.09018006175756 2.580881528556347 2.272403955459595 0 7.547168344259262 0.7224056422710419 0.4810822904109955 249.8743590861559 1.542038097977638 0.4300290644168854 0.7790158689022064 2.165349289774895 2.53131241351366 1.069846644997597 4.010947436094284 5.878849036991596 6.575678817927837 20.19244255870581 36.97125107795 14.60864918678999 26.9094520881772 2.124579980969429 1.563597127795219 0.4917363375425339 61.57908947020769 2.709647677838802 3.265042766928673 2.196865558624268 2.112971134483814 1.384823083877563 5.198516331613064 477.5039379298687 12.31827928125858 0 77.72612348943949 48.46195293217897 187.2644263729453 159.3285482674837 65.24957928806543 7.398898765444756 98.43888215720654 3.9795863032341 10.2135925963521 12.10221747308969 0.4700312912464142 1.860857002437115 4.042327933013439 1.159165143966675 0 1.954920724034309 0.5245998650789261 3.090591222047806 2.037049040198326 5.191288694739342 1.707198224961758 7.264618299901485 1827.726061657071 6.291537404060364 0 2.338458716869354 128.3956273496151 5.731388255953789 9.012940630316734 78.1610775962472 46.47378185391426 55.00798745453358 122.243493758142 29.12306578457355 151.1047928407788 244.6717667132616 151.915382437408 52.04913739860058 535.2065305262804 272.0856142342091 303.2414040789008 30.80151925981045 2.155286431312561 1.634461343288422 0 0 0.1400748491287231 0 0.1895384043455124 0 0.4187730178236961 0 0.1495805978775024 0 0.3595761656761169 0 0 0 0.1274523288011551 0.5066998600959778 0 17.08659740537405 8.25663235783577 0.1206783652305603 0.1362760215997696 0.2102198004722595 74.75196345895529 0.496947318315506 6.136318355798721 9.133748300373554 1.026126064360142 0.1795891970396042 0.2859195917844772 0.1286510974168777 0.5708693414926529 1.0335643440485 1.855326294898987 0 1.916193544864655 22.69667669385672 0.439909890294075 0.3783902525901794 0 0.2633775547146797 0.6297392994165421 0 0.742726057767868 1.263907231390476 4.659904070198536 2.88725470751524 0 3.351180627942085 1.109148502349854 22.05101773142815 11.25178551673889 0.716521829366684 1.467283688485622 1.8108826354146 0.197648860514164 0 0.2706668898463249 0 0.6292548328638077 186.1038968116045 1.129610151052475 0 0 0.4225705116987228 15.77916844189167 31.03544852137566 11.3576243519783 12.18231012672186 18.57364629209042 18.31388258188963 4.125213772058487 7.462937347590923 0.3150837644934654 0.28819639980793 0 0 0.2749351412057877 0.09249161183834076 0 0 155.1670794188976 13.17664128541946 21.86690884828568 997.9741464406252 92.11418368667364 528.2309787198901 178.2605006620288 324.3448876738548 91.11871881037951 10.44017796218395 272.1532383486629 26.05245436728001 7.163050472736359 53.04300985485315 18.21340404450893 95.8275086581707 4.523926541209221 3.445866361260414 6.626480378210545 9.605402290821075 0.180384486913681
