0 7589.270082145929 2679.873808346689 1613.430075272918 664.1514337435365 511.2012936323881 1311.665980301797 254.3244807273149 83.5857599824667 1588.278279006481 1412.853608705103 107.5544115751982 312.8710038661957 271.8441292792559 2.233657479286194 1.487576059997082 0 0 0 0 0.6161495894193649 0 0 0 2.063354179263115 0.3171914219856262 1.932924337685108 0 0.94130939245224 0 852.8917058184743 1.778606325387955 72.09744369983673 0.1693290174007416 0.2392377555370331 1.139205649495125 84.99170425534248 1.319598227739334 5.016032621264458 2.537826135754585 0 0 0 0.676972895860672 0.1468347907066345 0.2681665942072868 6.8478629514575 0 0 0.2272710353136063 0.5172034353017807 0.2508164942264557 0.6048474609851837 0.8067552447319031 1.293938308954239 0.5247763022780418 223.3966394066811 1316.105005197227 22.94597833603621 4.179215028882027 0.5065592229366302 12.47026664018631 0.6813930571079254 29.35153126716614 0 0.1992773041129112 0.5594469457864761 0.5394753739237785 0.3412066102027893 0.8400042951107025 147.1195280998945 3.814138442277908 0 100.3050838038325 49.50800729542971 7.763256169855595 3.56930772960186 0.5544019564986229 0.7179238647222519 498.8608847856522 0 9.076416686177254 1.257815837860107 0 0.163742870092392 0 0.5429595708847046 0 0.1806763410568237 0 0 0 0.4915343523025513 0 0.2613755092024803 59.19006083905697 11.5886607170105 0.211166724562645 10.44917425513268 998.3102955669165 0 0.6191139817237854 1.572369635105133 0.7948402762413025 1.694879770278931 9.630406036973 0.2970252931118011 4.329254165291786 22.68629233539104 9.611789494752884 0.4207779169082642 7.922591581940651 3.891121387481689 9.766470909118652 1.396194085478783 0 0 0 0 0 0 0 0 0 0 0 0 0.3903704285621643 0 0 0 0 0 0 3.242515563964844 0 0 0.6031526923179626 0 4.957112148404121 1.754827201366425 0.8693888783454895 1.753821566700935 0 0.6351311206817627 0 0 0 0 0 0 0 0.5260543823242188 0 0 0 0 0 0 0 0 0 0 0 0 0 1.529025033116341 1.314681172370911 0 0 0 0 0 0 0 0 4.557282105088234 0.2879378199577332 0 0 0 0.5808121562004089 0.5897722244262695 0.3736947476863861 1.016089230775833 0 0.1612422168254852 0.4491556882858276 0 0 0 0 0 0 0 0 0 1.791737169027328 0.1658014357089996 1.221193164587021 35.71115154027939 2.848499573767185 21.21713315695524 10.60805070400238 1164.624404475093 25.79073861986399 0.1535900682210922 5.235385417938232 0.3117991089820862 0 0.3926921486854553 0 0.6193768978118896 0 0 0 16.14988976716995 0
7589.270082145929 0 1687.909803122282 627.9401793479919 2315.700715735555 667.8521649539471 6161.467707641423 98.10705706477165 1290.330865114927 2062.580820307136 1094.07531273365 130.1103627830744 939.7495141029358 1401.190073117614 9.331358209252357 1.786199569702148 0.7471987903118134 0.2907508015632629 0.1386271268129349 0.2659189403057098 0.2213555425405502 0 0 0 3.48067669570446 0.8712836503982544 1.821057066321373 1.143988654017448 1.074489578604698 0.3603747487068176 2099.770851515234 17.22604212909937 62.56488643586636 0.3152698576450348 0.1890290826559067 3.786430284380913 121.392236366868 7.019466012716293 43.51056356728077 11.3628739118576 0.1550143659114838 1.583452969789505 0 2.537518195807934 0.5348493680357933 4.28281207382679 91.95193286985159 1.110651552677155 0 3.581080600619316 0.5587714910507202 0 1.546137899160385 1.44362998008728 22.205700956285 12.34027478843927 168.7156499549747 1497.817111514509 64.39591608941555 57.32441021502018 9.418872393667698 29.35975779592991 1.851673617959023 315.1363393962383 2.088620901107788 1.59360970556736 2.365705072879791 2.885872058570385 1.679101899266243 3.253185905516148 203.6626349687576 4.626268655061722 0 311.6880325004458 261.5496950373054 142.6613900586963 67.69216357171535 4.314444750547409 0.7031499445438385 530.679589740932 4.12125301361084 25.72709579020739 18.80589368194342 0.5417450070381165 0.650181345641613 0.9308042749762535 1.802922412753105 0 0.5759977400302887 0 1.474919453263283 0.1599255204200745 2.572223752737045 0.4843652844429016 2.025843858718872 94.29505313932896 25.42882946133614 0 28.34208877384663 981.701677069068 3.958026111125946 0.3386606872081757 10.07716774940491 11.00933122634888 3.681638449430466 41.98310336470604 4.314380466938019 18.78039810061455 104.315094307065 58.32310792803764 2.835552722215652 34.85646019876003 40.94358545541763 36.01762001216412 9.015056699514389 0.3142397999763489 0 0 0.3276247382164001 0 0 0 0 0.308080643415451 0 0 0 0.7519487738609314 0 0 0 0 0 0 31.71056586503983 0.6955224275588989 0.4057859182357788 4.053829863667488 0.1591068953275681 28.27795702219009 7.201354771852493 7.100581623613834 5.17243304848671 1.274261593818665 0 0.2995954900979996 0 0 0 0 0 1.300275728106499 0.6726057529449463 0 0.26668581366539 0.2398603856563568 0.5155877470970154 0 0 0.3997113406658173 0 3.204391494393349 7.086728885769844 0 1.38322514295578 3.626243382692337 10.00127968192101 4.957500904798508 0 0.9656223654747009 0 0 0 0.1533814966678619 0.4116853773593903 0.4640044122934341 43.55850848555565 2.134734034538269 0 0 0 12.77656221389771 4.700529634952545 11.3686046898365 2.749067530035973 1.561721563339233 2.175828784704208 0.3959746658802032 0 0.5556610077619553 0 0 0 0 0 0 0 13.19934329390526 6.36538790166378 12.75410895049572 627.5314995795488 65.93638294935226 478.4425627440214 100.4917571991682 837.2604620456696 183.7939405962825 11.89297333359718 109.5092678517103 16.03733615577221 3.352855890989304 9.241179332137108 0.7655560895800591 6.295975103974342 1.017032235860825 0 1.081233710050583 6.216172210872173 0.2593315243721008
2679.873808346689 1687.909803122282 0 46.8969903588295 167.3883084207773 96.54856912791729 211.685443982482 2107.039373286068 333.8894912078977 112.5206897705793 2423.700338996947 65.23829962313175 568.3420216143131 1073.273110732436 19.16336364299059 18.03888817876577 2.785995215177536 1.639111064374447 0 12.20320062339306 20.26809076964855 0 34.66818614304066 3.617733985185623 130.9709155410528 8.653704255819321 47.13536578416824 0.6824494674801826 3.098260566592216 0.4293980747461319 2820.354614883661 518.7748778015375 286.5051146000624 48.18029963970184 49.95045509934425 70.33879508078098 340.514877691865 39.36744666099548 211.8166695982218 35.48705358803272 10.11135344952345 5.832929454743862 49.20176181197166 11.08411736786366 38.26510238647461 80.33079199492931 73.71914674341679 15.49348295480013 6.746630288660526 39.69483587890863 38.41823069751263 1.334257408976555 2.488691657781601 2.5175716355443 10.9293217509985 9.686869584023952 81.33459763228893 877.0165822654963 27.10382138192654 24.49436211585999 161.5269413888454 321.8812704086304 248.4472904801369 428.902692116797 1.699169643223286 26.64479424059391 27.59338031709194 116.3947176858783 77.58801390975714 242.8783054351807 249.7508899867535 18.92945058643818 0 155.7066562101245 159.7867436334491 87.58660230785608 65.32324926555157 174.6912287920713 136.2393406927586 2419.569167837501 10.90928622335196 1339.793681040406 12.33714336156845 0.3103482946753502 4.895677410066128 2.965469516813755 44.97283495217562 0 0.6949240192770958 0 1.984542511403561 1.658778145909309 46.28706729412079 1.079734295606613 7.29192291945219 176.4951625913382 88.74073159694672 0 89.48361916840076 454.6859803944826 8.600381970405579 2.978486090898514 30.52347151935101 7.826061606407166 8.217908501625061 47.19240872561932 12.83867982029915 28.32087376713753 55.13888877630234 152.6015906780958 3.6976597905159 47.57238061726093 72.0914881080389 63.25866705179214 17.21367247402668 0.7699034512042999 1.011315286159515 0 0 0.3410893976688385 0 0.702066496014595 0.1981649249792099 0 1.402784883975983 1.439011543989182 0.1481029391288757 0.5679205060005188 1.566178843379021 0.6580034792423248 1.747814230620861 0 3.837454915046692 0 76.34884099662304 0.8421799540519714 0 8.34742397069931 1.332141056656837 67.14385204017162 14.52329418063164 28.09390619397163 14.13577874004841 1.930106654763222 0.5893469899892807 1.502985805273056 0 0 0 0.4033648744225502 2.222217634320259 1.897416204214096 3.564271211624146 0 0.7410454899072647 1.397453770041466 1.131528347730637 5.161192908883095 0.6038850843906403 1.093091607093811 0 13.25907337665558 19.66039280593395 0 1.863728627562523 14.26061224937439 33.04642243683338 14.39895418286324 0.9835982173681259 1.572965532541275 0.2713251709938049 0.136394277215004 0.1600116491317749 0.1627558618783951 0.1815801560878754 5.284832611680031 69.91600058972836 6.791325151920319 0 0.2719060480594635 1.982346825301647 6.482775926589966 16.95671597123146 42.58285419642925 9.611205078661442 2.035272717475891 4.20498163998127 2.909496247768402 0 0 0 0 0 0.2066342234611511 0.3373349383473396 0.1587503701448441 0 18.01750774681568 28.28593330085278 45.69255013763905 370.329273276031 38.05925203859806 285.0975478813052 63.39153322577477 265.4645194783807 76.15504938364029 6.248044617474079 79.04905700683594 21.70747686177492 2.600921869277954 11.09929740428925 3.711811140179634 15.49765104055405 5.917067721486092 0.8073956817388535 5.021278083324432 4.24419391900301 0
1613.430075272918 627.9401793479919 46.8969903588295 0 45.38022620975971 467.8344240486622 823.6711032539606 6.465527355670929 58.11296692490578 4790.985005140305 43.1490496173501 588.6360096037388 489.0790013819933 29.17117629945278 0.3797336518764496 0.1939743608236313 0 0 0 0 0 0 0 0 0.4639420509338379 0 0 0.1462623327970505 0 0 99.57514998316765 0.1967174857854843 2.122895747423172 0 0.1319204419851303 0 21.78943231701851 0.6285995244979858 4.724753275513649 0.8731603920459747 0 0 0 0.12113356590271 0 0 4.183450445532799 0.1837990283966064 0 0 0 0.3600960075855255 0 0.1504329890012741 0.9265030845999718 0.6706286296248436 35.96562878787518 243.0112504288554 6.358526907861233 2.712980538606644 0.1681890487670898 2.88276107609272 0 9.450475662946701 0.1197560057044029 0.3255915939807892 0 0.09598144143819809 0 0.230706661939621 796.5366890728474 2.208618402481079 0 26.62820512801409 16.48634032905102 2.994729332625866 2.888374820351601 0.1784859746694565 0 6.472871005535126 0 1.495045006275177 1.267576850950718 0 0 0 0.3918119221925735 0 0 0 0 0 0 0.1822490990161896 0 84.96199408173561 79.55064594745636 0 75.01515728235245 322.8367650657892 2.6798335313797 0 5.912168055772781 0.4485557675361633 2.45574614405632 12.96241700649261 1.389730453491211 6.518977835774422 54.00002384185791 12.19496503472328 2.032294899225235 9.841169744729996 12.24568058550358 15.22937501966953 5.613078072667122 0 0 0 0 0 0 0 0 0 0 0 0 0 0 0 0 0 0 0 9.777246594429016 0 0 0.3777607679367065 0 6.307079672813416 0.611662745475769 2.319849982857704 4.0357945561409 0 0 0.4712396562099457 0 0 0 0 0 0 0.4490874111652374 0 0 0 0 0 0 0.2395075857639313 0 0.7032803297042847 0.3526820093393326 0 0.2106522470712662 0 3.104991018772125 0 0 0.2779779136180878 0 0 0 0 0 0 5.685248672962189 0.2682327926158905 0 0 0 0.6448927521705627 0 3.95706082880497 0.5803072601556778 0 0 0 0 0 0 0 0 0 0 0 0 4.542612954974174 0.6839105635881424 3.147809699177742 23.4845270216465 1.901948623359203 16.53280069679022 3.320543512701988 393.1207450628281 11.92456007748842 0.4588024467229843 3.676075503230095 2.263524815440178 0 1.168180972337723 0 0.7120175659656525 0.6324335336685181 0 1.94127368927002 234.6558692753315 0
664.1514337435365 2315.700715735555 167.3883084207773 45.38022620975971 0 57.78811891376972 4485.81735393405 35.8813106790185 6418.284685812891 402.4532732218504 1437.750542774796 121.913916900754 1002.084747120738 3435.831086270511 16.15146017819643 4.209117420017719 0.459181509912014 1.466823861002922 0 0.4376466125249863 1.363479658961296 0 0 0 1.313931852579117 2.17557393014431 0.103994756937027 1.455113731324673 1.181333601474762 0.8450033068656921 163.4730080515146 19.1454323977232 39.63702957332134 0.1538077145814896 0.1537169367074966 0.9575290828943253 90.93355065584183 6.659609563648701 36.86220500618219 7.738207638263702 1.146996438503265 4.049610152840614 0 2.536227531731129 0.1881872266530991 2.956789560616016 112.1995753645897 0.6317711919546127 0.6631704196333885 2.591063588857651 2.826037637889385 0.5013526529073715 0.8533673882484436 3.037551499903202 20.37690804153681 14.71888962388039 49.59103570878506 185.133689776063 36.10332178324461 47.19158381968737 5.736401773989201 27.37479174137115 1.752235397696495 160.3325290009379 2.273081332445145 3.022211708128452 2.114349439740181 1.30493525415659 0.5852784663438797 1.939386695623398 218.0751596838236 8.986527904868126 0 155.549235150218 138.6122084408998 163.5878038778901 86.6344296336174 5.765462197363377 0.5662913173437119 199.5364672839642 3.49862203001976 23.32818033546209 19.41261177510023 0.225324310362339 0.63702791929245 1.662536732852459 1.60895860940218 0 1.703333966434002 0 0.453092135488987 0.4472224786877632 1.984503552317619 0.4440162777900696 4.196912460029125 127.4182530641556 26.47002296149731 0.4191398620605469 29.60385416448116 44.89645898342133 2.636584460735321 2.161867797374725 19.39491628110409 7.022114813327789 5.057245925068855 62.7884309142828 18.64805787801743 32.12583862245083 52.04867181181908 109.1779918372631 10.15238447487354 80.08462844789028 80.52270011603832 78.32290522754192 17.89973467588425 0 0 0 0 0 0 0.1290200650691986 0 0.1457286775112152 0 0 0 0.8660956919193268 0 0 0 0 0 0 49.8178930580616 0.4629756212234497 0 1.584518164396286 0.1216026395559311 42.6717245131731 4.210630163550377 11.16460818052292 7.078495472669601 1.425544321537018 0 0 0 0 0 0.6990026831626892 0 1.979042619466782 2.144264578819275 0 0.1726688295602798 0.5144785046577454 0.6007197499275208 0.7984984368085861 0.1465107500553131 1.048248484730721 0 5.745255902409554 8.919243112206459 0 1.841424524784088 2.857259333133698 16.19017803668976 8.077167510986328 0.7984564751386642 0.3358587026596069 0.4318320453166962 0 0.4003946185112 0.1284746378660202 0.1491510421037674 0.8780123144388199 73.46544936299324 3.109277009963989 0 0 0.1135830730199814 17.19583162665367 6.998853221535683 31.37353163957596 5.863838791847229 3.262036114931107 1.136450320482254 0.666748583316803 0 0 0.2700862884521484 0 0 0.1903999447822571 0.3163772374391556 0 0 31.25705966353416 15.35480846464634 22.09784522652626 666.5500083714724 100.6023731827736 467.6883145198226 137.4893249496818 120.970907881856 187.6217518895864 13.62864539027214 113.069065220654 17.31149607151747 0.8406820148229599 10.34114757925272 1.909284472465515 6.690527588129044 2.234429746866226 0.2500761747360229 3.183814309537411 2.93191933631897 0
511.2012936323881 667.8521649539471 96.54856912791729 467.8344240486622 57.78811891376972 0 422.6756282150745 11.37034831941128 63.86942039430141 1480.077237054706 57.84247995913029 366.763308301568 199.5384587347507 46.90780098736286 0.4622109532356262 0.322734460234642 0 0 0 0 0 2.285120233893394 0 0 0 0 0.8599283248186111 0 0.2081707417964935 0.6897081583738327 43.33484452962875 0 22.6841457337141 0 0 0.1851613372564316 104.1870602220297 9.651766374707222 81.44999159872532 7.877115547657013 0 0.166981965303421 0 0.304116427898407 0 0 1.526104331016541 0.1804385930299759 0 0 0 19.05878113210201 0.7321086823940277 0.2745264172554016 0.1250661313533783 0 113.1722363382578 166.5611079484224 7.15302562713623 0.1517493724822998 0.2937907427549362 5.582591071724892 0 2.90996390581131 0 0 0 0 0 0 367.5832160115242 92.40007871389389 6.177454933524132 6.232454478740692 4.228656262159348 0.821051225066185 0.6179880648851395 0.4478465467691422 0 29.05810126662254 0.6100002080202103 11.96547167003155 0 2.604569986462593 0 0 0 12.91604371368885 5.812587827444077 19.40320757031441 0 3.263874351978302 0.1673568338155746 0 0 423.1506409496069 228.2401515394449 24.29924443364143 44.33113588392735 412.4514487087727 0.7738020122051239 1.615436911582947 4.769827604293823 3.649822384119034 0 8.389418125152588 1.191796243190765 5.604853928089142 7.01471970975399 4.72726483643055 0 4.131879732012749 9.042036682367325 9.697718054056168 2.085076928138733 0 0 0 0 0 0 0.5930159091949463 0 0 0 0 0 0 0 0 0.4895771145820618 0 0 0 2.541575729846954 0 0 0.4451223015785217 0 7.604350343346596 1.509629011154175 1.150040984153748 1.45462292432785 0 0 0 0 0 0 0 0 0 0 0 0 0 0 0 0 4.449824094772339 0 0.3538847863674164 1.151574790477753 0 0 0 0.7641065120697021 0 0 0 0 0 0 0 0 0 6.839728131890297 0 0 0 0 2.023435175418854 0.2049218118190765 5.424770295619965 0.9707755446434021 0.1915602684020996 0 0 0 0 0 0 0 0.2788147330284119 0 0 0 0.914215624332428 0.2499104291200638 0.3513725101947784 6.444199219346046 2.958614930510521 3.433595068752766 1.877405390143394 310.6147439628839 7.487708434462547 0 0.9914207756519318 0.5205522924661636 0 2.361559748649597 0 1.357951641082764 0 0 0 0 0
1311.665980301797 6161.467707641423 211.685443982482 823.6711032539606 4485.81735393405 422.6756282150745 0 20.66768746078014 5555.825901858509 1771.633913785219 266.7016851529479 313.3535717576742 3351.776079326868 1962.663286186755 22.57633922249079 9.511528611183167 0.6740541681647301 1.190662786364555 0 1.277213372290134 0.3401675671339035 0 0.3233479857444763 0 3.951024889945984 2.451089352369308 2.306768231093884 1.731270402669907 1.691950231790543 0.1362321227788925 343.3294583261013 11.42727747559547 67.84971790015697 0 0.3911011517047882 2.646769508719444 166.6839059963822 11.90170454978943 91.36737833917141 19.39212739467621 1.247765317559242 3.219170160591602 0.2402759790420532 5.037277512252331 0.4364709407091141 3.214586161077023 135.3826179280877 1.452814228832722 0.5129768848419189 5.578121028840542 2.880313038825989 0.4762818366289139 1.922988206148148 5.059668198227882 25.98791118711233 16.54008790105581 90.27219045162201 448.8908061385155 52.46050123125315 56.80192442983389 10.11030983924866 62.86730767786503 1.894433945417404 178.0831688418984 2.814948916435242 3.34024278819561 3.371961295604706 1.41967061907053 0.525350458920002 4.230899035930634 435.8793595284224 24.44017511606216 0 225.3286064490676 174.9926360473037 184.7519523203373 101.2367189452052 10.81885132193565 0.1452754735946655 54.77719430625439 3.945974707603455 35.76965825259686 23.03484294563532 0.120714895427227 1.479437969624996 1.746624372899532 3.28622729331255 0 0.9877258390188217 0.1808402389287949 2.287002697587013 1.780605152249336 2.688808351755142 3.081764116883278 3.080138921737671 455.5880701541901 59.73433901369572 0 59.44706063717604 214.3184009343386 13.38967169821262 7.184135913848877 68.62577027082443 22.11083042621613 14.81672199070454 170.0651738494635 48.67824359238148 122.7448867112398 117.8094835728407 244.4347705543041 27.26327535510063 178.3325028270483 221.1260975599289 245.8581945449114 43.3254909068346 0.5509772300720215 1.657284200191498 0.3727771937847137 0.3805553019046783 0 0 0.6672371625900269 0 0 0 0.3293608129024506 0 0.3312013745307922 0 0 0.423366904258728 0 0 0 115.3061719238758 3.832259982824326 0 6.984944090247154 0 117.592012912035 11.38053505122662 30.92356961965561 10.25410974025726 3.072625175118446 0.1324875354766846 0.1200514510273933 0.1549395322799683 0 0.5503390431404114 1.096533298492432 0.1251379549503326 4.742652595043182 4.361572876572609 0 0 0 1.697533443570137 0.2983521297574043 0 1.283133208751678 0 16.97386841475964 30.24659623205662 0 3.450384169816971 5.498954117298126 50.89176546037197 14.31594140827656 0.1293308287858963 1.789332360029221 0.1471579819917679 0.1851577609777451 0 0 0 0.7908118963241577 196.0385173559189 7.286799356341362 0.4403515458106995 0.5057260394096375 0.2292881309986115 27.42576535046101 16.66751496493816 62.41741742193699 12.67608641088009 3.230748370289803 7.348554581403732 1.175901398062706 0 0 0 0.6357831358909607 0 0.4906538724899292 0.1427335739135742 0 0.1416221112012863 90.2347320318222 34.45052599161863 58.09870918095112 948.5043061003089 120.9769033938646 584.3695530593395 180.7815307974815 611.5184728205204 223.4327542856336 16.33906911313534 165.7119176909328 26.98121694475412 2.580181516706944 19.81445759534836 4.161857262253761 32.02273836731911 5.820145979523659 0.4627493321895599 5.87085223197937 56.0955661162734 0
254.3244807273149 98.10705706477165 2107.039373286068 6.465527355670929 35.8813106790185 11.37034831941128 20.66768746078014 0 191.2209248766303 8.750304907560349 3362.476862192154 7.009924329817295 336.2275236621499 726.74247841537 32.5411745980382 16.45102478563786 1.151751488447189 1.62733107060194 0 10.79731337726116 6.531758040189743 0.1988143771886826 17.86201493442059 3.275996595621109 86.49458719789982 7.463616669178009 31.04929123818874 2.286612682044506 1.906531527638435 0.3754479289054871 1294.779301218688 1717.102507561445 193.2856570780277 26.12205196917057 31.77638028562069 62.01993031799793 279.0623383820057 3.503905385732651 14.09821793437004 4.475171409547329 4.401904091238976 3.063303761184216 21.15533667802811 8.808282241225243 22.04502090811729 54.41685901582241 152.7518803626299 4.930259928107262 0.5694806277751923 18.57912276685238 18.26619707047939 0.4821022152900696 0.304696723818779 4.067017585039139 18.89564746618271 13.63742423057556 53.74672515690327 368.9954157471657 37.50712297856808 53.4286385178566 125.7098405659199 323.094801068306 169.3595750033855 583.7132667973638 2.603900633752346 5.842270620167255 10.64095797389746 44.21296635270119 33.13172237575054 109.5157459825277 79.62547519803047 2.222817212343216 0 182.3774780035019 220.0773203969002 248.0921896621585 206.4655369371176 235.2419493943453 1042.480939604342 5115.105415128171 29.94622694700956 2362.63856434077 23.40788966417313 0 1.949830107390881 1.734514243900776 11.55297847092152 0 0.2538198307156563 0 1.028406709432602 1.106859013438225 14.05662052333355 0.3534542918205261 4.388351805508137 8.139550402760506 9.167468056082726 0.8288316130638123 5.271551445126534 52.43468700349331 0.8670482933521271 0 2.889373481273651 0.6210802793502808 0 1.851274996995926 1.753244489431381 1.85247129201889 0.7859968841075897 6.887359231710434 0 5.026837855577469 3.536599531769753 4.874066069722176 1.983381897211075 0 0.623522013425827 0 0 0 0 0.1389368325471878 0 0.4533931910991669 0.830954909324646 0.2376980781555176 0 0.192221000790596 0.3254668265581131 0 0.4145850539207458 0.456622377038002 1.398584589362144 0 5.176030576229095 0 0 1.788420259952545 0.2131710648536682 4.711439110338688 0.8618438541889191 4.965224772691727 1.867714807391167 0.6701485961675644 0 0.4356178715825081 0.1972096711397171 0 0 0 0.6129687279462814 0.6632596254348755 0 0.137786328792572 0 2.872953861951828 0.7951256558299065 1.73881222307682 0 0.4613369107246399 0 1.519717037677765 0.2974901795387268 0 0.6785719096660614 0.7913904786109924 1.84248074889183 0.7525419592857361 0 0 0.5990779399871826 0 0.1425738632678986 0 0 2.518804527819157 2.615136861801147 0 0 0 1.398608341813087 0.5641025900840759 0.5415924340486526 0.9121502339839935 0.3399302661418915 0 0.6326921731233597 0.6249009221792221 0 0.3594884127378464 0 0 0 0 0 0 0.2268197536468506 2.942273944616318 1.752834618091583 4.770654365420341 563.8198492527008 58.94596296548843 553.5885532870889 112.5271935835481 72.14951377362013 133.4231334328651 10.18374303728342 101.5862239077687 10.90569148212671 1.693831063807011 1.111255586147308 0.7095514610409737 0.3587786555290222 0.2203195840120316 0 0.1272599995136261 5.989379927515984 0
83.5857599824667 1290.330865114927 333.8894912078977 58.11296692490578 6418.284685812891 63.86942039430141 5555.825901858509 191.2209248766303 0 348.8606148436666 1300.580226145685 97.01536530256271 1515.477034047246 1964.075437635183 21.44870337098837 11.15700224786997 0.5002192854881287 1.604002133011818 0 0.3887920081615448 1.00569711625576 0 0 0 2.80995024740696 0.8963693305850029 2.687515646219254 1.483590826392174 2.446078717708588 0.4254841208457947 78.50548774749041 14.286167755723 32.15368071943521 0.204522579908371 0.8739987909793854 1.587376594543457 118.7658630162477 10.58658652752638 42.22838760912418 9.986664980649948 0.8230365365743637 2.286175951361656 0.1688001751899719 6.507377192378044 0.4947862327098846 1.289228871464729 110.2437453195453 0.5557555556297302 0.1854212731122971 2.851716235280037 2.316297985613346 0.3775815218687057 0.5240393280982971 4.247193530201912 12.87888817489147 6.370484098792076 21.82195330411196 57.23793989419937 18.95307540148497 28.73405462503433 3.223657682538033 37.59974874556065 1.617586433887482 79.43055395781994 1.609657526016235 2.378356583416462 2.68259709328413 2.04986447095871 0.6331255286931992 3.827024817466736 270.818525120616 18.12144230306149 0 68.92273967713118 64.94747970253229 116.1847750172019 79.39489660412073 17.97048033773899 0.9066158682107925 94.87290436029434 6.31443852186203 33.3140781223774 14.9679602086544 0 0.9629315808415413 1.004139371216297 1.787646949291229 0 1.019502803683281 0 1.075040921568871 2.423710234463215 2.900243625044823 0.8324160575866699 2.792673632502556 336.453634724021 28.6667865216732 0 22.50344714522362 34.45148541033268 14.95823059976101 4.511597171425819 74.69604152441025 29.16659700870514 14.63853614032269 153.8731764405966 32.06881010532379 102.6634391546249 79.79997108876705 200.0884073674679 13.4517572671175 166.2161815911531 197.318145096302 258.5126694142818 38.31184519827366 0.628616526722908 0.8690008819103241 0 0 0 0 0 0 0.521783709526062 0 0.3179180100560188 0 0.7389811873435974 0 0.1722476780414581 0 0 0 0 115.106433480978 3.763355925679207 0.1260372847318649 2.727476060390472 1.991560012102127 91.08210490643978 8.719452679157257 19.26139844954014 6.238770455121994 2.858707129955292 0 0.1874521374702454 0 0 0.6263924241065979 0.2695528268814087 0 3.549474611878395 2.754539847373962 0 0 0.4010297060012817 0.297949880361557 0.9041544944047928 1.456970125436783 2.290066659450531 0.9072977155447006 12.49625015258789 25.42824457585812 0.339112251996994 1.129672765731812 5.403626829385757 45.09908472001553 19.80130687355995 0.718990758061409 1.837794721126556 0 0 0 0 0.6888212114572525 0.7507441937923431 187.3054830133915 10.5341163277626 0.3255500197410583 0.3396888375282288 0.8356386423110962 23.73988525569439 10.7225975394249 63.41092857718468 10.89758466184139 9.615165516734123 5.686214536428452 0.7168432772159576 0.1905859112739563 0.3942453265190125 0 0.3043640553951263 0.4414708614349365 0.2740222364664078 0 0.197044163942337 0 92.26728488504887 15.13312947750092 36.14539331197739 947.0186807215214 99.69495286792517 444.4131857454777 147.5583411604166 183.084724470973 122.2817599102855 10.90562624484301 159.2448116913438 34.72863823920488 2.017819441854954 14.92817712575197 1.941966965794563 26.68786579370499 2.911157816648483 0 3.709540247917175 9.923783227801323 0.3501890599727631
1588.278279006481 2062.580820307136 112.5206897705793 4790.985005140305 402.4532732218504 1480.077237054706 1771.633913785219 8.750304907560349 348.8606148436666 0 45.99849189817905 1919.183460876346 5388.815551236272 91.27979972958565 5.39879260212183 2.646871984004974 0 0 0 0 0.4309650361537933 0 0.1680560857057571 0 0.4757663011550903 0 0.3185822367668152 0 0.3870921432971954 0 207.9399716183543 4.131422057747841 67.24979163706303 0.117883987724781 0.1296834051609039 1.812046051025391 372.4288475215435 29.13708955049515 173.5448748618364 30.26042418181896 0 0.3762090504169464 0.1186350211501122 2.276359736919403 0.2962391823530197 0.4232444018125534 16.74469424784184 0.1220284625887871 0 0.2639768123626709 0.8836822211742401 0 1.422441154718399 0.7682972997426987 1.653704777359962 1.575439162552357 91.3650338947773 289.5758739858866 17.37417222559452 6.283048629760742 14.17637807130814 55.7291111946106 0.9120316952466965 41.34187041223049 0.1119455918669701 0.1039987355470657 0.3729416951537132 0.1306836158037186 0.1364697962999344 0.8867678344249725 5385.061984971166 46.4288807362318 0 54.22433752566576 37.062973536551 22.3702665194869 8.088295221328735 2.91115015745163 0.1685478836297989 39.86292891949415 3.109984591603279 47.28743094205856 2.789841860532761 0 0.114500105381012 0.09797206521034241 0.1292336732149124 0.2681146264076233 0 0 0.2949003726243973 0.2438943088054657 0.2778473794460297 0 0.1946593821048737 1566.59975811094 455.9486995488405 0 857.3007709681988 817.6792056262493 25.37567639350891 7.913459211587906 125.3075042366982 25.87524968385696 25.35547131299973 298.3135856240988 63.90108048915863 174.662356749177 130.9065210074186 330.5866973698139 20.1344555914402 277.2420255541801 303.5606554448605 370.216002419591 63.91518534719944 2.234932839870453 1.242304921150208 0 0 0.230798676609993 0 0 0 0 0 0 0 0 0 0 0.8314819931983948 0 0 0 208.0410461574793 0.8995822817087173 0 8.107986137270927 0.8727399706840515 182.0038006901741 15.08441802859306 46.45125393569469 22.06694343686104 4.333862751722336 1.04338526725769 0 0 0 2.454800397157669 1.531131953001022 0 9.462110996246338 8.470031708478928 0.4984357506036758 0 0 0.7182495594024658 0.3421231135725975 1.546393215656281 5.531488463282585 0.2474681437015533 36.05600219964981 58.67597602307796 0 3.561472535133362 13.42621719837189 61.7825440466404 34.5934886932373 0.6252982169389725 1.93600632250309 0.2768309712409973 0 0.9631483405828476 0.5242570638656616 0.2906107604503632 0.5178267955780029 239.2902626544237 17.00459091365337 0 0.6071174144744873 0 49.0094481408596 21.2018823325634 100.6892805695534 25.00885616242886 9.906392902135849 8.667216889560223 0.8156806230545044 0 2.025607973337173 0.7392860800027847 1.192869305610657 0 0.7211296707391739 0 0 0 117.9571383148432 46.43420553207397 78.24535548686981 254.2278340235353 9.559823118150234 114.8091417551041 24.40620617568493 1465.742744058371 40.05163826793432 2.031689569354057 53.44484834372997 44.01291680335999 1.544072583317757 40.21361374855042 6.571722716093063 72.74923028051853 8.877203971147537 11.55810809135437 9.842242375016212 710.9357925280929 0
1412.853608705103 1094.07531273365 2423.700338996947 43.1490496173501 1437.750542774796 57.84247995913029 266.7016851529479 3362.476862192154 1300.580226145685 45.99849189817905 0 63.9445990473032 2556.21887460351 4572.496353462338 51.47615392506123 41.6734200194478 1.510477185249329 0.920089066028595 0 1.241667628288269 4.859910845756531 0.3530904948711395 6.863945797085762 3.53350941836834 85.40324132144451 11.10498410463333 52.0639878064394 3.735668882727623 2.599471226334572 1.139382928609848 882.7943111509085 174.1126777529716 291.8745996654034 8.040370553731918 19.46939979493618 55.08846785128117 1133.144110262394 9.174146488308907 26.3871855288744 10.32107843458652 6.881463542580605 3.512582510709763 8.187831297516823 22.2320379242301 6.760440200567245 16.89374032616615 215.3815174028277 2.5329295322299 1.144531600177288 4.151752546429634 18.91088581085205 0 0.5908992439508438 2.892327427864075 25.7523490190506 16.93979688733816 67.12622416764498 460.8625279292464 37.96641904115677 60.82208053022623 16.09375773370266 387.9650085419416 48.17112621665001 393.2329467236996 2.908347181975842 5.263181611895561 6.607585087418556 17.51767996698618 21.4364215657115 73.01215289533138 314.1383336633444 7.937323600053787 0 196.7140184044838 221.1484853252769 284.975006274879 221.609727807343 68.26371768862009 152.9404979646206 5279.72091948241 13.27398567646742 726.1666250154376 30.4939498975873 0 0.9953842088580132 2.977519787847996 6.092714726924896 0 1.072289556264877 0 0.8246204853057861 1.253267765045166 21.69850394129753 2.06840506196022 3.387137360870838 68.46281112730503 26.03288196027279 1.364030599594116 20.03391678631306 193.0115966200829 2.545735776424408 0 11.68102499842644 5.580033957958221 5.122175276279449 27.20768591761589 12.28208535909653 16.8689438700676 18.70262850821018 51.44566053152084 2.266745448112488 34.84633195400238 32.30939544737339 57.15755771100521 6.859716683626175 0 0 0 0 0 0 0 0 0 0.2071963846683502 0 0 0 0 0 0.8667950481176376 0 0.9133808165788651 0 20.32551462948322 0 0 0.3225072920322418 0.5642073154449463 23.81326535344124 1.401068300008774 3.809039384126663 2.384118795394897 0.9422944933176041 0.2892283126711845 0.7667358294129372 0.164634108543396 0 0 0.2524420320987701 0 0.3739027976989746 0.6118707656860352 0 0.506995290517807 0.7735763788223267 0.6395998224616051 0.6285544335842133 0 0 0.3874221444129944 1.536837577819824 5.253175958991051 0 1.511390924453735 1.350761532783508 11.54812534153461 3.218751192092896 0 0.2234903424978256 0.2753818035125732 0 0 0 0.1709628403186798 1.642600864171982 26.26072895526886 2.092105686664581 0.5837905406951904 0 1.354942336678505 6.854635924100876 5.219146683812141 18.43300527334213 3.956098422408104 0 1.293739631772041 0.16329525411129 0.1913405805826187 0.1651798039674759 0 0 0 0.8185289204120636 0 0 0 4.283055275678635 7.558647856116295 9.822092428803444 1077.37633240968 81.10888351500034 737.2875235751271 181.0775925964117 183.8888394385576 153.3369335979223 12.42990501224995 184.6530866250396 25.22132847458124 0.6914737671613693 6.651823177933693 2.292479574680328 9.281078428030014 0.6443179994821548 0 1.689668461680412 5.203398242592812 0.8212672472000122
107.5544115751982 130.1103627830744 65.23829962313175 588.6360096037388 121.913916900754 366.763308301568 313.3535717576742 7.009924329817295 97.01536530256271 1919.183460876346 63.9445990473032 0 469.6592894345522 9.731748476624489 9.025401636958122 12.12098536640406 0 0 0 0 0 0.7475216388702393 0 0.4091356694698334 1.87590254843235 0 1.221357136964798 0.1139007732272148 0.3861811459064484 0 42.35464344918728 0.7479320764541626 7.402317523956299 0.2326105237007141 0.29011070728302 0 280.9059576243162 5.408448427915573 44.70909139513969 7.874612227082253 0 0 0.5001590996980667 2.961727365851402 0.3278810381889343 0.3035607933998108 11.96574450284243 0 0 0.3535331338644028 1.080538630485535 0 0 0 1.035751953721046 0.6322948038578033 19.83392955362797 39.26554212719202 2.74810291826725 1.503268897533417 2.677676558494568 9.646949380636215 0.4902245402336121 10.58161123096943 0.2678230330348015 1.296127192676067 0.3328656703233719 1.500711515545845 0.3478082269430161 1.504990115761757 401.7389141023159 34.49134239554405 0.5739608407020569 8.886198416352272 7.43700834363699 9.962264016270638 5.709709577262402 5.227059543132782 0 7.120843216776848 1.666337676346302 3.805926784873009 1.553925894200802 0 0.09715262800455093 0 0.1656695306301117 0 0 0.2084754407405853 0 0 0.8406388163566589 0 0 1508.562338829041 60.05111041665077 0 43.83893845975399 182.1799609959126 7.082127317786217 1.372847661375999 33.29530960321426 12.07938277721405 6.1116813570261 93.41412158310413 14.28510208427906 42.08394455909729 38.8446498811245 72.86042794585228 5.796726942062378 87.79924240708351 91.11298677325249 137.7508163452148 22.12573610246181 0 0 0 0 0 0 0 0 0.3361600339412689 0 0.2425902634859085 0 0.5162584185600281 0 0.1900262981653214 0.3340528607368469 0 0.1341341286897659 0 49.46609492599964 0.7124573588371277 0.3700050711631775 2.062685370445251 0 64.25163114070892 5.096584662795067 12.0280729085207 6.313576966524124 0.818894550204277 0.2989570796489716 0 0 0 0.5510707497596741 0 0 2.964639559388161 0.5788282752037048 0 0.3470954596996307 0.31177619099617 1.101862907409668 0 0 0.9351450204849243 0 9.165928684175014 15.34827664494514 0 1.682745546102524 7.299038052558899 25.36124612390995 7.617239609360695 0.5734597593545914 0.6301980242133141 0 0.2349257320165634 0.3562926352024078 0 0.1540776640176773 0.6186612546443939 91.30606877803802 10.33026185631752 0.7759866714477539 0 0 12.41730792820454 3.778498917818069 28.85507255792618 3.873682588338852 3.114353999495506 2.548818975687027 1.015067026019096 0 0 0 0 0 1.517014563083649 0.4179094731807709 0 0 61.81105500459671 17.2646961659193 17.35218466818333 107.7522523328662 5.707251980900764 46.11030812561512 14.85593590885401 501.917071223259 8.244428612291813 0.4714502245187759 17.57095078378916 10.6286878734827 0 5.578101351857185 0.2549227550625801 22.68609237670898 1.07123327255249 0 3.479105114936829 44.37654407322407 0
312.8710038661957 939.7495141029358 568.3420216143131 489.0790013819933 1002.084747120738 199.5384587347507 3351.776079326868 336.2275236621499 1515.477034047246 5388.815551236272 2556.21887460351 469.6592894345522 0 646.6509928703308 55.09170804917812 63.67059691250324 2.210265278816223 0.829040452837944 0.1298557817935944 0.5218379199504852 0.5916686654090881 0 0.4205267876386642 0.5273064374923706 22.72603670507669 3.939962550997734 14.89159800112247 1.917501866817474 1.774274572730064 0.6730073839426041 101.0190536677837 8.978609621524811 44.87414158880711 0.6261280179023743 4.045921042561531 8.559135869145393 177.6058547571301 7.515545576810837 28.57810628414154 14.73932431638241 2.210880815982819 4.705449610948563 0.2825390100479126 28.49185351282358 0.819672018289566 2.92206659913063 140.021540209651 0.7801209911704063 0.6672208979725838 1.363453142344952 6.530879803001881 0.753845751285553 0 4.33111771941185 10.42048220336437 5.9056032076478 25.14674622565508 96.1144098713994 14.076814442873 20.84763350337744 4.397146008908749 19.48049357533455 5.991229578852654 54.68440558761358 1.127565711736679 1.809409908950329 2.751853950321674 4.290315836668015 4.142016023397446 12.62953320145607 1489.341079860926 47.1157938092947 0 47.97655119746923 47.14414515346289 112.7953299283981 98.08573886752129 54.7439901009202 4.43105012178421 184.9134258627892 10.56316995620728 40.96293473988771 15.12005858123302 0 1.886154636740685 1.462316505610943 1.925711922347546 0 0.97775799036026 0.5634711980819702 1.064612232148647 1.509668126702309 3.584668144583702 1.116364419460297 2.763957984745502 1276.755699068308 50.09095104038715 0 34.65075692534447 98.91600772738457 13.97963877022266 7.095802068710327 63.4542161077261 16.13000538945198 18.00331827998161 150.900717690587 34.04618254303932 97.38963796198368 88.49965588748455 189.5020741969347 21.96812774240971 170.177839756012 230.9890789091587 275.9801603704691 44.53764069080353 0.1671862304210663 0 0 0 0.3416738212108612 0 0.2262865453958511 0 0 0 0 0 0.7144746780395508 0 0 0.4542175233364105 0 0 0 108.4736615270376 2.017553567886353 0.1732434928417206 2.397474825382233 0.1629062294960022 122.2976112216711 3.939187705516815 20.21480944752693 3.951300725340843 0.3418847620487213 0 0 0.2937909960746765 0 0 0 0 3.794922485947609 3.54205884039402 0 0.4670681059360504 0.460821196436882 1.35811772942543 0.566581517457962 1.262345358729362 0.748600110411644 0.5467528104782104 11.61417485773563 16.55077095329762 0.9102021604776382 1.233879446983337 4.70799309015274 49.99978047609329 12.23748570680618 0.9180648773908615 0.6468667909502983 0.1393019407987595 0 0.1375719308853149 0 0.918968990445137 2.887503102421761 231.5624563544989 16.67195047438145 0.7675998508930206 1.438236176967621 0.8131103068590164 25.71293407678604 9.09304815530777 59.11255158483982 8.437508150935173 5.970605880022049 4.24420490860939 0.8607243001461029 0.3608145415782928 0.4174743145704269 0 0 0 0.5819815397262573 1.883270472288132 0 0 121.2734707444906 26.78536741435528 36.9532001465559 789.8097678422928 69.17851266264915 390.3137049227953 158.086185798049 374.1618314832449 77.2782079577446 8.557360708713531 156.7682933807373 26.05406685173512 0.8259857818484306 16.53399283438921 4.58780512958765 27.00096118450165 5.328198194503784 1.240990802645683 3.861424639821053 33.60153466463089 0
