0 2824.79922670126 842.6595290601254 948.2109953165054 337.7871807217598 147.7425402104855 1589.203604832292 173.3005336597562 63.07041855156422 2181.288533255458 498.4828854426742 218.8266417682171 186.5658580958843 257.8946233913302 14.53484331071377 1.041917458176613 0.2545050606131554 0 0.1439693421125412 0.4725309833884239 0.4678256958723068 0.1704549342393875 0 0 0.09957359731197357 0.2852971404790878 0 0.101313978433609 0.1321790218353271 0 445.3522972166538 2.516583815217018 41.20541183650494 0 0 0.6361517310142517 46.51883056014776 0.575630709528923 2.008493803441525 0.8699951246380806 0.6396324932575226 1.363961443305016 0.1479998230934143 0.6513929441571236 0.1240225806832314 0.4916741698980331 104.7451478838921 13.9678515419364 1.796444982290268 0.2017645984888077 2.698104180395603 0.490434393286705 0.1568819582462311 0.2762187048792839 50.35788666456938 42.25449301302433 595.3730689361691 1269.279557920992 60.51050566136837 75.87868942320347 1.088546857237816 2.062413670122623 0.07467585057020187 10.81923452019691 31.86103823035955 22.32253987342119 7.02740091830492 2.481130369007587 0.726678229868412 1.645223967730999 61.18521025776863 1.179485388100147 0.2950271815061569 652.5280501618981 72.64697348326445 57.71268623322248 9.711398012936115 2.959219597280025 1.790760405361652 247.8181883990765 0.8494797050952911 11.70992288738489 51.92359501868486 4.210707254707813 17.27675884217024 15.71723675727844 10.03042858839035 0.4148744642734528 5.675799883902073 0.08629347383975983 2.549289748072624 1.836582116782665 1.08876121789217 0.8274550139904022 1.05678928643465 158.3016698509455 1.757507055997849 0.1804487556219101 0.2590549290180206 882.2423963546753 0.1152542755007744 0 0 0 0 0 0 0 0.2204864472150803 0.1684252023696899 0 1.359203547239304 0.4955780059099197 0.4634737521409988 2.81351138651371 0 0 0 0 0 0 0 0 0 0 0 0 0 0 0 0 0 0 0 0 0 0 0 0 2.399853006005287 0 2.633679904043674 0.7570397704839706 0 0.1544734686613083 0.2016769200563431 0 0 0 0 0 0 0 0 0 0 0.1189367696642876 0 0 0 0 0 0 0 0 0 0.8317467421293259 0 0 0 0 0.1238625273108482 0.3486470133066177 0.2104266881942749 0.101536326110363 0 2.500058472156525 0.338232010602951 0 0.1135420873761177 0 1.198190063238144 0 0.409174770116806 0.2562576234340668 0 0 0 0 0 0.2181425467133522 0.2317438796162605 0 0.9295932874083519 0 0 0 1.369203314185143 0.5555983483791351 0.8469756543636322 24.01673932373524 27.00744303315878 127.6453789398074 11.31214425712824 1759.505861759186 92.78973387926817 6.705940119922161 10.23385263979435 1.340829774737358 0 0.2313956096768379 0.2336099520325661 0 0 0 0.2478302717208862 0.1532201319932938 0
2824.79922670126 0 1687.536513768137 1290.406823411584 2912.11737498641 335.5884004980326 3215.626650780439 511.2450305148959 1520.880270279944 1811.883805662394 2109.585683085024 153.5227210074663 1229.366241358221 1735.309364631772 54.12582176178694 5.055468827486038 1.759932607412338 0.6327541694045067 0 1.154123641550541 0.9630947336554527 0.6208212077617645 0 0 0.3568698987364769 1.238032691180706 0 1.2868337854743 0.3343166261911392 0 1596.361007124186 13.44124807417393 149.0240112245083 0 0 1.902380309998989 111.1976359337568 1.124835282564163 4.434638492763042 3.072811953723431 1.779067777097225 2.450782865285873 0.3263776823878288 1.453217335045338 0 0.9563173204660416 283.3395179882646 25.68325671553612 1.804858960211277 0.4073368459939957 3.60096800327301 0.7660870552062988 0 1.904976107180119 66.11940171569586 51.20110782235861 126.7000667154789 679.2760885581374 26.06972795724869 130.0334298536181 1.216636762022972 1.33501310646534 0.1404028385877609 48.39972736686468 47.63440749421716 33.95365737378597 11.69891042262316 4.630404315888882 2.763035371899605 1.185281537473202 69.33659370988607 1.668037354946136 0.0964246466755867 532.0740776211023 175.8554764613509 211.6537117660046 61.14855312556028 11.3355223685503 2.875856123864651 740.4302525222301 1.561593636870384 15.95188942551613 55.58750522136688 4.203136377036572 19.92586834728718 21.82591309398413 15.18455776572227 0.8372805193066597 10.63697025924921 0.6993478983640671 4.039149135351181 2.477552577853203 1.734997354447842 1.637286305427551 4.430457584559917 104.0869416743517 1.494838416576385 0.6801285743713379 3.017212525010109 420.9537361338735 0.3449628949165344 0 0.7463920116424561 0.2430667877197266 0 0.3521687090396881 0 0 2.002007037401199 0.4408909380435944 0 3.718707159161568 2.658041387796402 8.869369059801102 11.31454551964998 0.3604421019554138 0 0 0.5143467336893082 0 0 0 0 0 0 0.1180210933089256 0 0.1344453096389771 0 0 0 0.2757977247238159 0 0 0.8363620489835739 0.8267884701490402 0 0 0 9.932972520589828 0 9.116411089897156 2.225531563162804 0.5465323328971863 0 0 0.1965352892875671 0 0.3305843025445938 0 0 0 0.7588438987731934 0 0.09434709697961807 0.2699312716722488 0 0 0 0 0 0.1128038987517357 0.3667307198047638 0 0.06430079787969589 0.9397305250167847 8.652640104293823 0 0 0.1877263784408569 0.08440855890512466 0.4151929914951324 0.4017629474401474 0.2846508026123047 0 0.1841608732938766 17.07314465939999 0.509455606341362 0 0.1170407831668854 0.556256003677845 6.593815684318542 1.410138741135597 1.609396815299988 0 0 0.1158165484666824 0 0.1530197709798813 0.2090076580643654 0 0.1139006540179253 0 0.9270674288272858 0.6640228107571602 0 0.2432846873998642 6.2395840883255 3.684134870767593 5.531199924647808 156.9708181172609 56.08458100259304 359.5901540592313 61.33792220056057 1496.144906319678 121.463979177177 12.4091507345438 78.95951379090548 5.590323686599731 0.4082357883453369 0.8512449041008949 0.1311293840408325 0 0 0 0.875495120882988 2.383240535855293 0.475773774087429
842.6595290601254 1687.536513768137 0 86.35493618249893 425.0437190756202 40.30366842448711 37.17005336284637 2391.566422641277 514.9233000278473 8.940867826342583 3209.07249044627 97.34373357146978 280.9730502963066 1009.811969704926 66.21237549930811 19.66610016673803 4.426968403160572 0.9778081551194191 0 13.65289645642042 37.35276169329882 2.168182566761971 0.1271384805440903 2.391448624432087 18.79510847479105 20.50155071169138 0.7943804711103439 3.950666539371014 1.82804037630558 0 4519.538522921503 847.1875484138727 356.2968153357506 0.3748351112008095 2.193449430167675 122.1405432671309 239.6084586754441 28.50257811695337 20.93596439063549 18.63706988096237 66.33830673992634 23.94284532219172 3.890994302928448 10.38002337515354 0.2688215523958206 5.845086820423603 162.6399424746633 14.07982306927443 3.633067809045315 1.661991581320763 4.476780645549297 0.856193833053112 1.529295325279236 2.240732543170452 34.93684703856707 26.96091556549072 61.48091278225183 619.593265555799 13.41843611001968 67.20701818913221 72.06229211390018 105.323089517653 5.521968938410282 462.1615858450532 24.89889377355576 20.61241763830185 7.165792480111122 3.496376141905785 4.206141352653503 119.2772688791156 197.0026657283306 15.79122659564018 0 385.1508953198791 177.1331461146474 156.8143775612116 78.92991305887699 36.19740064442158 294.7997900471091 2187.182826533914 126.8577653765678 1390.128143832088 36.48416089266539 2.523883931338787 11.92103148624301 12.23210451751947 16.31622496247292 0.6190220415592194 6.433911271393299 0.5581266954541206 3.188416667282581 1.616108693182468 42.3305658698082 17.76427339762449 7.069083079695702 79.60986715555191 30.42658080160618 0.8440984338521957 18.61397275328636 139.0809338763356 0.5372737050056458 0 0.6987345516681671 0.3057124614715576 0.8654905557632446 1.641382649540901 0.3725921809673309 0.5966695845127106 0.5308566093444824 1.376171320676804 0.2327213287353516 9.251043766736984 4.454539686441422 17.74189536273479 25.43911286443472 0.6098902821540833 1.547023549675941 0.1459565311670303 1.207157261669636 0 0 0 0.1445332914590836 0.1581890732049942 0 0.1725702881813049 0 0 0.5508588701486588 0.1071880161762238 0 0.2430772930383682 0.2349647209048271 0 1.830999463796616 1.597726672887802 0.140864759683609 0.138015553355217 0.1395347565412521 27.06893612444401 3.875753782689571 47.52263523638248 15.78630043566227 0.9730225503444672 0 0.2536945566534996 0.4314864873886108 0.5160653591156006 1.440088398754597 0.4811918288469315 0 0.2158128619194031 1.627635389566422 0.1034356132149696 0.09275318682193756 0.4220145493745804 1.290653958916664 1.131117306649685 0.1079512238502502 0 0.1213350519537926 0.4488400369882584 0.4842870086431503 0 2.356701970100403 1.443657457828522 39.16780514270067 0.3000724017620087 0 0.1747148409485817 0 0.184462383389473 0.6233092099428177 0.1897109821438789 0.09003403782844543 1.572919145226479 53.89978575706482 3.577755376696587 0.1435274034738541 0.2932722195982933 0.1443949341773987 13.54658858478069 7.117017701268196 11.0273989289999 0.106253907084465 0.1433409303426743 0.8009864240884781 0.570655956864357 0.2703178003430367 0.09231660515069962 0 0.1100380644202232 0 0.5623466223478317 0.2286525592207909 0.1021969094872475 0 20.06107941269875 12.55692229419947 37.51785065978765 134.66682690382 40.94050241261721 219.0673041716218 45.74322116374969 260.4793338626623 57.98377547413111 6.883662790060043 76.68117829412222 13.15629015117884 0.9310814812779427 5.273741476237774 2.524721495807171 3.258128345012665 0.6572400331497192 0 3.777650587260723 4.336679428815842 0.5061397850513458
948.2109953165054 1290.406823411584 86.35493618249893 0 613.4081711918116 248.2060169577599 663.2053242921829 4.727948993444443 161.516509860754 2661.916134133935 37.76337260007858 2599.688321396708 3860.627554476261 346.9622193425894 0.6199037134647369 0 0 0 0 0 0 0 0 0 0 0 0 0.1385684311389923 0 0 15.11451478302479 0 5.550477787852287 0 0 0.381584644317627 6.471865952014923 0 0.618630588054657 0 0 0 0 0 0 0 4.237726986408234 0.3458733186125755 0 0 0 0 0 0 1.071473121643066 1.24921078234911 17.72416040301323 10.08628462255001 1.686652332544327 1.324453376233578 0 0.2633215188980103 0 0.9137401431798935 0.3843846619129181 0.3388663306832314 0 0 0 0 243.5556492060423 0.2981647849082947 0 13.01515500247478 2.385733857750893 4.131641671061516 1.578902222216129 0.5020335465669632 0 55.32289016246796 0 0.6223647594451904 0.9289118200540543 0 0 0.1168161183595657 0 0.1410307735204697 0.290633924305439 0 0.1031563803553581 0 0.1039867475628853 0 0 257.8644888550043 0.3445962369441986 0 0.961693286895752 241.9048711508512 0 0 0 0.1883157789707184 0 0.2493925392627716 0.2498904466629028 0 0.3054798245429993 1.143441200256348 0 1.073954001069069 1.106439754366875 3.97840528190136 4.672420829534531 0.1415823549032211 0 0 0.1702395677566528 0 0 0 0 0 0 0 0 0 0 0 0 0 0 0 0 0 0 0 0 3.469852179288864 0 2.216106310486794 0 0 0 0 0 0.1698232144117355 0 0 0 0 0.3255619704723358 0 0 0 0.1708362251520157 0 0 0 0 0 0 0 0.156316414475441 0 2.328929349780083 0 0 0 0 0 0 0 0 0 9.065637871623039 0 0 0.09889471530914307 0 0.7275182455778122 0 0.1331047862768173 0 0 0 0 0 0 0 0 0 0 0 0 0 1.652324199676514 0.3863386809825897 1.050148084759712 5.647383004426956 0.9514517486095428 7.181593790650368 1.867926813662052 1038.756900288165 3.366414815187454 0.6884662285447121 2.395798251032829 1.464288339018822 0 0.357647716999054 0.143496185541153 0.1474568247795105 0.6822007298469543 0 0 0 0
337.7871807217598 2912.11737498641 425.0437190756202 613.4081711918116 0 5.30294394493103 680.1299274042249 73.06594113260508 4904.503209844232 227.7475422471762 1976.848307646811 28.54285350441933 688.3412021026015 1347.299092024565 51.58412217348814 1.979337595403194 1.490169793367386 0.1174156591296196 0.07880174368619919 0.5331403315067291 0.1970464289188385 0 0 0 0 0.4297766387462616 0 0.8664882779121399 0.3413682281970978 0 244.7565240561962 3.293403685092926 16.76471602916718 0 0 0.573810413479805 15.15467329323292 0.0897233858704567 0.9890383929014206 0.07104673981666565 0.3977197110652924 2.771936252713203 0.2162939161062241 0.1909493878483772 0 0.3670473918318748 226.037229411304 12.67223446816206 1.995839923620224 0.3275690451264381 3.054122865200043 0.2845156192779541 0 0.6791495531797409 22.31218104064465 22.32672642171383 16.57584124803543 78.54017166048288 9.267888389527798 74.90869166702032 0.4226653575897217 2.469342298805714 0 35.82866911590099 23.15321277454495 20.63738436624408 6.180734105408192 2.494768172502518 1.141287729144096 1.032457269728184 40.33160494267941 0.3614985346794128 0 162.5489902496338 87.06593187898397 186.2653697580099 72.76343043893576 6.897492282092571 0.7160083204507828 51.8964366465807 0.4984301254153252 3.587405048310757 25.1548313871026 2.276429317891598 12.67587713897228 12.44455563277006 8.239436738193035 0.2940136715769768 6.384697489440441 0.2027506828308105 3.686073303222656 2.825384110212326 1.553578771650791 1.446316964924335 4.14873406291008 78.49464556574821 0.3762458264827728 0 1.042709976434708 15.37579745799303 0.3177554905414581 0 0.6068638116121292 1.307480230927467 0.4433641582727432 3.839757367968559 0 1.507327780127525 1.599117338657379 2.729329332709312 1.444134548306465 13.38699540495872 7.126706153154373 21.01497481018305 26.10472494363785 0.1228991895914078 0.5503379702568054 0 0.1162376627326012 0.1993008852005005 0 0 0.189695805311203 0 0 0 0 0 0 0 0 0 0 0 0.8470184057950974 0.5444022715091705 0 0 0 17.49843772500753 1.419949054718018 17.65850664675236 1.919901847839355 0.1614090949296951 0 0 0.2326541990041733 0 0.2550456374883652 0 0 0.2046350687742233 0.6420806348323822 0.100773312151432 0 0.1046912893652916 0.2062593102455139 0.1116838455200195 0.7199791669845581 0.1255327314138412 0 0.09022562950849533 0.1064818724989891 0 0.4247529357671738 0.3017492964863777 18.94013917446136 0.1122689694166183 0 0 0 0.2033421397209167 0.7751154601573944 0.4205444678664207 0 0.1566633880138397 31.65734974294901 0.1884423643350601 0 0.1725544333457947 0.5068843811750412 6.996101461350918 1.169374957680702 1.854798257350922 0.08180352300405502 0 0.3992813974618912 0 0.2482819557189941 0.2187265157699585 0.07495801895856857 0.1023976504802704 0 0.7901232838630676 0.4832784384489059 0 0 12.1843343898654 2.181963175535202 7.570046551525593 184.9375198706985 56.97356566041708 341.9192262142897 73.79648612439632 274.3746137991548 81.00821575522423 11.90309075266123 98.56927242130041 6.839936979115009 0.8143965899944305 0.7488656118512154 0.8961494863033295 0.7174850106239319 0.2474179863929749 0 1.232771530747414 3.226992100477219 0.2295936942100525
147.7425402104855 335.5884004980326 40.30366842448711 248.2060169577599 5.30294394493103 0 238.3361635655165 4.572028979659081 9.56445549428463 905.4406250566244 5.655109331011772 174.9466771185398 85.04924647510052 31.05273044109344 0 0 0 0 0 0 0 7.157343491911888 0 0 0 0 0 0 0 0 21.15036372840405 0.2453719973564148 19.09523122012615 0 0 0 50.75376142561436 1.00743567943573 1.375133574008942 0 0 0 0 0 0 0.1709055006504059 0.6008948013186455 0.1328622400760651 0.8893128037452698 0 1.480537250638008 8.193998828530312 0 0 0 0.1642131954431534 135.1672998517752 13.91602602601051 7.930524922907352 1.019908510148525 0 4.927397936582565 0 0 0.844396710395813 0.3372332006692886 0 1.217525511980057 1.104668319225311 0 239.677379950881 119.7122357785702 0.7306183576583862 6.929279319941998 0 0 0.1605750620365143 0 0 17.52777992188931 0 4.216969132423401 0.3320517838001251 0 0.2394728139042854 0.4015253335237503 0.3100737184286118 2.180499017238617 5.214387103915215 4.879087150096893 1.287447571754456 9.122114896774292 0 0 4.380382031202316 397.1162065267563 39.11387047171593 3.705725312232971 4.476823687553406 325.8517079651356 0 0 0 0 0 0 0 1.133535653352737 0.9284393787384033 0 0 0 1.257323145866394 0.4082826375961304 1.477308511734009 0 0 0 0 0 0 0 0 0 0 0 0 0 0 0 0 0 0 0 0 0 0 0 0 0.3498314917087555 0 0 0.2037507295608521 0 0 0 0 0 0 0 0 0 0 0 0 0 0 0 0 0 0 0 0 0 0 0 0.7761617302894592 0 0 0 0 0 0 0 0 0 0.5575346499681473 0 1.44543182849884 0 0 0.1948774456977844 0 0 0 0 0 0 0 0 0 0 0 0 0.1439650356769562 0 0 0 0 0 1.624078363180161 0.09400315582752228 2.289449587464333 0 469.5320839732885 3.101218819618225 0 0.3706429898738861 0.9088847637176514 0 0.8148890733718872 0 0 0 0 0 0 0
1589.203604832292 3215.626650780439 37.17005336284637 663.2053242921829 680.1299274042249 238.3361635655165 0 7.479740418493748 474.9865074902773 680.5417219102383 144.5782674103975 31.08779890090227 262.1240298599005 104.2286820262671 28.34243508428335 0.724467009305954 0.6980444192886353 0.2091443538665771 0 0.4749438837170601 0 0 0 0 0 0.7281923145055771 0 1.377196557819843 0 0 49.69965843111277 0.2336554229259491 6.298786491155624 0 0 0 7.192487075924873 0 0 0.08924440294504166 0.2306559756398201 0.6950599700212479 0.09050989151000977 0.4183957874774933 0.1407599151134491 0 144.5866546034813 10.99884035438299 1.627540573477745 0.1029911413788795 1.573466032743454 0.1116192936897278 0 1.055550597608089 21.52635732293129 20.46897615492344 18.90601283311844 74.07637542486191 7.265540279448032 56.91393031179905 0 1.395333409309387 0 17.24057202041149 19.28180200234056 12.71494676917791 4.643303960561752 1.498343162238598 0.3775858357548714 0.4658927544951439 20.47909937798977 0.1476860493421555 0.09146912395954132 148.3638155534863 57.69485596567392 113.1707020923495 33.71047373116016 3.762337431311607 0.2481898292899132 3.202051997184753 0.1940447315573692 0.7805985808372498 22.24058389663696 2.233051329851151 8.188915006816387 7.766402058303356 8.581680715084076 0.400962308049202 4.106788799166679 0 0.7389425039291382 1.376099400222301 1.320610530674458 1.092890910804272 1.495507210493088 159.5155787318945 0 0.291961133480072 0.08674487471580505 32.15127118676901 0.2256493493914604 0.4669261872768402 1.462919414043427 0.261838436126709 0 1.933916077017784 0 1.39042617380619 1.829993292689323 0.7901058793067932 0.7170414924621582 13.65960063785315 6.159024626016617 16.95012626051903 16.07098372280598 0.353216290473938 0.402501568198204 0 0.4347632825374603 0 0 0 0 0 0 0 0 0 0 0 0 0 0.1772615164518356 0 0.1616685092449188 0 0 0 0 8.920665867626667 0.1812075674533844 9.563618436455727 1.153926745057106 0 0 0 0 0 0.1299941539764404 0.1341829746961594 0 0 0.1104391142725945 0.09841582179069519 0 0.115162692964077 0.6500450968742371 0 0 0 0 1.040606021881104 0 0 0 0 11.17084590345621 0 0 0 0 0.3525683730840683 0.4305163472890854 0.2739595472812653 0.1313806027173996 0.322631448507309 23.76455812901258 0.553943395614624 0 0.2580479383468628 0.2209130674600601 8.107273921370506 0 0 0 0.131683811545372 0.4335940778255463 0.2590187788009644 0 0.1003678664565086 0 0.09249495714902878 0 0.5799059420824051 0.2952811419963837 0 0 4.792426072061062 3.138400703668594 4.914957150816917 110.0278121158481 31.30261218547821 216.1081853657961 44.02114702761173 904.3863124623895 56.12990666925907 7.359311811625957 56.65159843862057 2.726951710879803 0 0.5661603361368179 0 0.5032240599393845 0.4419045746326447 0 1.348164238035679 1.484156727790833 0.5216642022132874
173.3005336597562 511.2450305148959 2391.566422641277 4.727948993444443 73.06594113260508 4.572028979659081 7.479740418493748 0 239.4971844255924 0.5617114901542664 879.9239950180054 50.09195491671562 175.9289729148149 917.1047730818391 70.19086284190416 21.78294996917248 3.516522943973541 5.592208229005337 0.1097992435097694 47.18975956737995 127.2029687315226 0.3635399639606476 1.810100391507149 7.084273129701614 31.70846721529961 55.44371651858091 2.208689235150814 5.117625296115875 1.149308174848557 0.1437941193580627 1367.159491300583 1716.499294288456 295.413271188736 0.4152220711112022 7.837296225130558 196.9750225096941 159.2972612082958 34.23815993964672 9.977478966116905 16.33752925693989 86.43467100709677 29.16803552210331 11.5786307901144 18.45479276031256 0.1175522953271866 10.07455542683601 158.2346426695585 6.088137999176979 2.547847867012024 6.47236742824316 2.758330792188644 0.9758570343255997 0.6371530666947365 1.501574695110321 13.17840819060802 10.37324675917625 18.22875133156776 136.5035011544824 4.612259544432163 44.71581540256739 275.0203384459019 175.9572275206447 9.23810712993145 557.295677959919 11.36219891160727 8.399560321122408 2.463065557181835 4.083194747567177 8.976207435131073 180.8187002539635 57.09595365822315 3.69348368793726 0 135.2164149284363 105.7943750545382 207.7868081107736 438.7325480505824 581.784975387156 1024.826704792678 1135.850921988487 973.8470484018326 3153.870954051614 12.24460186809301 1.436566598713398 4.320878766477108 5.030874386429787 12.45463332533836 0.2830090075731277 2.580808036029339 0.3608886748552322 1.156600914895535 1.828161723911762 57.78098088502884 23.70090714097023 5.925481237471104 33.3441723510623 1.986093699932098 0 1.982385091483593 21.78223358094692 0 0.1225035861134529 0.1307087391614914 0 0.236413985490799 0.1525141298770905 0 0.7781255096197128 0.486364483833313 0.1550436466932297 0 4.042480662465096 1.577323794364929 4.264717891812325 6.717803090810776 0.53972028195858 0.3098706603050232 0 0.8870250731706619 0 0 0 0 0 0 0.1453873664140701 0 0.2328070923686028 0.2746588289737701 0 0.3102546185255051 0.282595694065094 0.1179919838905334 0.119656927883625 0.8746111541986465 0.1420604139566422 0 0 0 6.095262549817562 1.108116827905178 11.63482170552015 3.626287452876568 0.4151727184653282 0 0 0.8628134950995445 0 0.5404963344335556 0.9289112091064453 0 0.1143180653452873 0.6060383468866348 0.08403745293617249 0.7920294404029846 0.8778861612081528 0.5334160104393959 1.576307438313961 0 0 0 0 0 0 0.3659323304891586 0.6949465721845627 8.793886497616768 0.1404353976249695 0 0.2930793762207031 0 0.1126082390546799 0.2710272818803787 0 0.1247895881533623 1.810868494212627 16.58264226466417 1.463654361665249 0 0.151955172419548 0.5471121221780777 2.299802675843239 1.073928229510784 1.839093923568726 0 0.4095120429992676 0.1067099198698997 0 1.073903307318687 0.172165647149086 0.08498061448335648 0.188030943274498 0.09441553056240082 0.2718054503202438 0 0 0.1874990165233612 3.291138552129269 5.447317719459534 7.534619010984898 141.7440762668848 27.23474651575089 229.8869759440422 47.76782872527838 78.85141155123711 35.92350182682276 4.210524521768093 70.64305380731821 4.85975107550621 0.2755542099475861 1.516489863395691 0.7267643809318542 0.296887680888176 0 0.1490565836429596 0.6034207940101624 4.206723891198635 0.8351722061634064
63.07041855156422 1520.880270279944 514.9233000278473 161.516509860754 4904.503209844232 9.56445549428463 474.9865074902773 239.4971844255924 0 257.759306371212 3292.536430124193 26.89212257415056 549.5883221775293 1427.888262733817 95.0209993571043 7.677291110157967 1.313138857483864 0 0 0.2151815742254257 0.3952341973781586 0.3109197914600372 0.2608518674969673 0.7867236435413361 0.3294140473008156 1.009271174669266 0.3908839821815491 0.9053832292556763 0.219010166823864 0 156.4428627714515 3.333127655088902 23.11380729824305 0 0 0.3544213324785233 29.69520724564791 0.1771748811006546 1.473278768360615 0.5683694928884506 0.4651695713400841 2.893862031400204 0.3127984926104546 1.762174099683762 0.07967673987150192 0.3202635645866394 278.1950894519687 8.355819649994373 1.784067414700985 0.2948217913508415 1.810275264084339 0.3186850398778915 0 1.073234751820564 21.58325802534819 20.550307828933 12.53459130972624 61.17747328430414 9.218776494264603 70.10199896246195 0.691441610455513 5.3463996052742 0.1917977631092072 25.81749697774649 19.14729081094265 16.41172846779227 5.580662690103054 2.780249334871769 1.284272544085979 0.6072370782494545 75.28629559278488 3.057642199099064 0.09843584150075912 142.3222083859146 77.28475959599018 272.351148866117 147.8151625320315 28.86676709353924 1.355714306235313 27.4958276078105 0.5755287781357765 5.602142840623856 18.98507176339626 2.000695861876011 9.226620085537434 8.888041377067566 8.55195052921772 0.4197946563363075 6.277879968285561 0.09042319655418396 3.147769972681999 3.462243497371674 1.660158440470695 1.357103615999222 6.633424483239651 331.1583329066634 0.3295048177242279 0 1.850108370184898 7.658361732959747 1.909837894141674 0.6605117172002792 3.528515763580799 1.867340475320816 1.80030657351017 11.68135684728622 0.5987903773784637 9.554249852895737 10.07497478276491 11.34106081724167 1.62692454457283 44.7459762096405 24.61855061352253 64.97113288193941 66.8265503719449 0.460294246673584 0.4730954468250275 0 0.1023751944303513 0 0 0.09583257138729095 0 0 0 0 0 0.4528803825378418 0.3384062796831131 0 0.21010572463274 0 0.2195038646459579 0 3.989224299788475 3.023218482732773 0 0 0 53.33404121547937 0.9666916280984879 44.59525416046381 4.97987162321806 0.6134865209460258 0 0 0.441005140542984 0 0.9999733418226242 0.1312176138162613 0 0.09369707852602005 1.315349698066711 0.1061653718352318 0 0.1500496566295624 0.7597717493772507 0.323190301656723 0.1118201315402985 0.2577851414680481 0.1435590237379074 0.5234314799308777 0.5613697543740273 0 0.1889600157737732 1.158233046531677 49.55576771497726 0.6042980700731277 0 0.1630587726831436 0 0.2131242975592613 0.481463611125946 0.1011423468589783 0.2919517755508423 0.5414938181638718 111.2489506453276 0.1956154555082321 0.1603171676397324 0.3003030717372894 0.316255696117878 34.85965467244387 2.624887123703957 5.245698340237141 1.154552444815636 0.2152505815029144 0.8787742331624031 0.117617279291153 0.5267195999622345 0.5767464637756348 0 0.1137272492051125 0 0.6419179290533066 0.3338098973035812 0 0 31.96473538130522 11.98442491143942 28.37373446673155 361.7018362060189 66.27313993126154 477.1230232864618 109.4651877656579 263.1315843760967 99.82989246398211 13.08714313060045 188.5934959352016 12.7601501122117 1.469067595899105 6.967450059950352 1.566541664302349 2.25142665207386 0.6508204638957977 0 3.813164338469505 5.447092145681381 1.258759647607803
2181.288533255458 1811.883805662394 8.940867826342583 2661.916134133935 227.7475422471762 905.4406250566244 680.5417219102383 0.5617114901542664 257.759306371212 0 12.60622078180313 2072.192093521357 5300.354095652699 823.0911799967289 3.78478530049324 0.1459331810474396 0.1401022523641586 0 0 0 0 0.2105884701013565 0 0 0 0.3950560390949249 0 0.2769531086087227 0.2151512950658798 0 6.630072869360447 0 20.08250151574612 0 0 0.0939602330327034 41.88885816931725 0 0.3203339576721191 0 0 0.1246672794222832 0 0 0 0 15.47075654566288 0.632854700088501 0 0.119684100151062 0.113484263420105 0 0 0 3.585711285471916 1.988912992179394 13.13914058357477 15.2965544834733 1.670081332325935 5.209764815866947 0 0.2523460686206818 0.1110432222485542 1.412761345505714 1.508028618991375 1.64465194940567 0 0.2982818856835365 0.1183974519371986 0 552.6544252187014 0.6206430792808533 0 20.83871492743492 7.085985153913498 9.778761297464371 2.861634463071823 0.6000802740454674 0 173.5838748589158 0.1854355931282043 0 2.907770365476608 0.2408518269658089 1.149388261139393 0.496872253715992 1.020303055644035 0 0.1025203391909599 0.1947802603244781 0.2091169357299805 0.1745238304138184 0 0.362732321023941 0.3252096474170685 1084.261068493128 0.9378597736358643 0.3831146955490112 0.5839444398880005 158.5663298666477 0 0 0.7520145326852798 0.1753992140293121 0 4.885651126503944 1.025041908025742 4.342871889472008 4.712076634168625 3.22363543510437 1.719712153077126 19.26200664043427 10.3955966681242 23.47062587738037 20.14994759112597 0 0 0 0 0 0 0 0 0 0 0 0 0 0.1689721345901489 0 0 0 0 0 0.565881073474884 0.797930970788002 0 0 0.2359742820262909 17.04254657030106 0 8.690969735383987 0.6016294807195663 0.3300115764141083 0 0 0 0 0 0.168287605047226 0 0.1186370924115181 0 0 0 0 0.258238673210144 0 0 0 0 0 0 0 0.3262070417404175 0 13.0324023514986 0 0 0 0 0 0 0 0 0 39.54231239855289 0.3484743237495422 0 0 0.1074466407299042 10.86750194430351 0 0.5031239837408066 0 0.1218568980693817 0.6768836826086044 0 0 0 0 0 0 0 0.07958787679672241 0 0 18.92120577394962 4.207189470529556 2.55948044359684 23.13397243618965 2.941519990563393 21.54742665588856 3.938159130513668 1419.244845502079 5.603820085525513 0.8650504276156425 9.287551008164883 1.618357703089714 0 1.099981173872948 0.3379404544830322 0.7137687206268311 0 0 1.31403224170208 0.8059870600700378 0
498.4828854426742 2109.585683085024 3209.07249044627 37.76337260007858 1976.848307646811 5.655109331011772 144.5782674103975 879.9239950180054 3292.536430124193 12.60622078180313 0 126.8979051560163 1233.74743103981 3152.444032534957 100.6653719767928 12.51436101645231 2.582468464970589 0.130249410867691 0 1.353782683610916 0.7751509174704552 0.8335902541875839 0 0.1166052371263504 0.775729238986969 2.042587973177433 0.1194852665066719 1.42976450920105 0.477941706776619 0.112904004752636 507.3434953615069 143.5632486492395 1175.052397534251 0.1737834960222244 0 14.00828012824059 452.7783036455512 4.036095596849918 19.12044633924961 11.23830304294825 3.477226741611958 7.436799056828022 0.1778385788202286 6.213251233100891 0.6987191140651703 2.614676937460899 263.1064253225923 13.61278468370438 1.531180694699287 0.4785756543278694 3.260915577411652 0.6365880519151688 0.2395224496722221 1.470340795814991 23.0283574834466 24.26943697035313 22.48832301050425 115.7202522978187 10.49668664485216 73.39260355383158 2.223455794155598 19.53598504513502 0.2889729291200638 53.52463249117136 26.2185076624155 18.68174830079079 7.634179674088955 3.71607082337141 2.29941388964653 1.862465187907219 167.9989160373807 7.976315937936306 0.1781117096543312 180.8902059495449 100.1631988361478 266.3926222026348 162.4372533783317 51.93507279455662 22.92568078637123 1885.436517231166 3.417298883199692 39.409030854702 22.60177167505026 2.006183512508869 10.88433642685413 11.22917594015598 10.0004695057869 0.7509061247110367 7.087896458804607 0.2766278088092804 3.208412893116474 2.032993637025356 1.20506463944912 1.26025714725256 5.676111973822117 152.2376812770963 1.404004119336605 0.4503490775823593 5.779821611940861 25.54895459115505 0 0 0.9327326267957687 0.468943178653717 1.335987374186516 2.015318155288696 0.5762546360492706 2.591114610433578 4.337283499538898 2.736782476305962 0.9839801788330078 20.63363593816757 12.23329700529575 34.51690193265676 31.1650515794754 0.9224861487746239 0.5961539298295975 0 0.7883467972278595 0 0 0 0 0.1527869701385498 0 0.1168449744582176 0 0.1306889653205872 0.1636704206466675 0.1506049931049347 0.1193507462739944 0 0 0 2.00180945545435 1.922577172517776 0 0 0 28.04174909740686 0.1761137545108795 26.36620649695396 7.192410513758659 0.4062867611646652 0 0 0 0 0.1563238501548767 0.6493324786424637 0 0 1.20777054131031 0 0 0.1386072337627411 1.059638284146786 0.6106589883565903 0 0 0.1751416027545929 0.5710126161575317 1.31385150551796 0 0.7740903720259666 0.4401987493038177 30.46871650964022 0 0 0 0 0.08927261829376221 0.08879097551107407 0.5248709842562675 0 0.2662839218974113 59.99707884341478 2.787804588675499 0.2718417271971703 0.3731966614723206 0.3901271149516106 14.0837936103344 2.429782651364803 4.88226056098938 0.7019455507397652 0.5784896984696388 0.5933994352817535 0 0 0.08659999072551727 0 0.1965432837605476 0 0.5751167312264442 0.2982369735836983 0 0 17.93884399533272 8.158667996525764 13.78970488160849 313.2971864640713 57.71465354412794 382.5039456561208 94.40760988742113 175.8041812554002 78.1624256670475 12.25829488039017 148.3745022639632 11.16547433286905 0.2505757063627243 5.46164171397686 0.8552008792757988 0.7007379904389381 0.486726701259613 0 1.63905331492424 4.125526279211044 1.722438484430313
218.8266417682171 153.5227210074663 97.34373357146978 2599.688321396708 28.54285350441933 174.9466771185398 31.08779890090227 50.09195491671562 26.89212257415056 2072.192093521357 126.8979051560163 0 1995.486375242472 310.8114401176572 23.27600238472223 7.804771855473518 1.977581731975079 0 0 0.6543924883008003 0.4607037827372551 3.544332295656204 0 0 0.2845675945281982 0.1878788322210312 0 1.041046649217606 0.3900884240865707 0 32.98940698802471 5.062542364001274 81.82007128000259 0.1575038731098175 0 2.732074126601219 161.7099363356829 0.5303410515189171 12.23690550029278 5.220241285860538 1.152710363268852 1.529063999652863 0.4499295800924301 5.272261001169682 0 2.04803155362606 24.54962103068829 0.5251227393746376 0.6162254065275192 0 0.5105390176177025 3.255164042115211 1.260438568890095 1.002802133560181 0.8300055414438248 1.308396637439728 2.258895143866539 6.246440187096596 0.960771769285202 2.879455827176571 6.310257725417614 5.06803160905838 0 7.972885474562645 0.2883215174078941 0.829797700047493 0.172247588634491 0 0.3473018407821655 0.5279942005872726 319.0720406472683 21.00816590338945 0.1650507152080536 10.73736324906349 8.280456356704235 22.36886119097471 17.32290705293417 14.65167427808046 1.578817218542099 221.0340066999197 2.985150247812271 11.76044943928719 0.8571885749697685 0.07566216588020325 0.5542618036270142 0.6971181184053421 0.6812693849205971 0.4296527057886124 0.8463883623480797 1.558340713381767 0.7244422882795334 0.6738381534814835 0.3875614702701569 0.8401770889759064 1.752929791808128 1922.53022313118 18.99409885704517 3.230875119566917 17.18698973953724 21.29067172110081 0.7906636223196983 0.5140462517738342 2.757625512778759 1.134744435548782 1.230549722909927 7.297064796090126 0.1575248539447784 6.356278851628304 5.938443556427956 4.800436064600945 1.443693429231644 34.76821802556515 17.1024886071682 47.49980376660824 53.29632870852947 0.8014874011278152 0.8671487867832184 0 0.7959683686494827 0 0 0 0 0 0 0 0 0.2769673764705658 0 0.4291290640830994 0 0.5978628247976303 0.4968965947628021 0.4743281006813049 0.8530068024992943 3.834398850798607 0.1487326622009277 0.3425838053226471 0 52.1524448543787 2.236477360129356 40.73880162835121 9.553457036614418 1.807568147778511 0 0 0 0 1.16477707028389 0.8581096231937408 0 0.9098853915929794 1.024104490876198 0.105008952319622 0 0 1.433178976178169 0.7373961955308914 0 0.1071722507476807 0 0.4057223200798035 0.2457935437560081 0 1.924509301781654 1.332663126289845 42.91128780692816 0.2729484140872955 0.4513955786824226 0.3676533028483391 0 0 0.1441924721002579 0.09530232846736908 0 0 100.2797084599733 4.635751456022263 0 0 0.4762252420186996 23.26036420464516 1.700635328888893 7.983846947550774 1.199399776756763 0.1242430806159973 0.520544596016407 0.1683492213487625 0.3356990218162537 0.3104435205459595 0 0 0 0.1276688724756241 0 0 0 40.86528430879116 22.91437858343124 28.07990023493767 111.2894436344504 10.02866062521935 54.6329138725996 16.40953850001097 239.4965195730329 8.356118574738503 1.041918866336346 45.50779835134745 8.678668200969696 0 5.750843822956085 1.651908993721008 0.7917641252279282 1.317369699478149 0 1.688326388597488 0.8334902673959732 0.1228764429688454
186.5658580958843 1229.366241358221 280.9730502963066 3860.627554476261 688.3412021026015 85.04924647510052 262.1240298599005 175.9289729148149 549.5883221775293 5300.354095652699 1233.74743103981 1995.486375242472 0 355.6207956671715 98.98992682248354 19.32344502210617 1.780333079397678 0 0.1050573959946632 0.1457903981208801 0.4531922116875648 2.150213688611984 0 0 0.4248349517583847 0.6827573999762535 0.1280238032341003 1.535989254713058 0.5334751382470131 0 59.82045313715935 7.041627861559391 59.03135510534048 0.1009497418999672 0 2.893311835825443 55.51649045944214 1.713566780090332 3.173108279705048 1.607375629246235 1.29740309715271 2.938439771533012 0.4927833452820778 5.546577773988247 0.440309539437294 0.9520047605037689 149.4838320687413 2.778513230383396 0.9996223226189613 0.4457917436957359 0.9211279973387718 0.2395195513963699 1.052606895565987 1.671031542122364 6.864979185163975 5.354786805808544 5.416568115353584 19.72723000496626 5.089814558625221 21.08034592866898 1.306147590279579 6.214245058596134 0.2552601993083954 19.27694550156593 6.402870178222656 5.878443241119385 1.909560613334179 0.7916848286986351 0.8404360041022301 1.645101927220821 173.439576163888 6.400842532515526 0.1331299096345901 42.57175074517727 29.97292209416628 157.1501226872206 118.4935828745365 68.99111593514681 1.432438611984253 112.2564220428467 1.825495094060898 18.93233329802752 7.005010657012463 0.6366374865174294 2.090663425624371 2.679091848433018 4.589471131563187 0.258365772664547 1.736072033643723 0.4089538156986237 1.327118292450905 2.198729529976845 0.5381800085306168 1.17001074552536 4.52482371032238 2302.129843465984 5.736600026488304 0.1769811809062958 4.292024992406368 8.109890222549438 2.123278014361858 0.5069791972637177 5.894459381699562 6.063920542597771 3.246118970215321 19.1425828486681 1.278628885746002 6.807554766535759 11.47023238241673 10.56745414435863 4.158812388777733 81.17877577990294 45.99917773902416 111.0506309792399 118.8956053853035 0.9762158840894699 0.9522199705243111 0 1.203213758766651 0 0 0 0 0 0 0 0.1303554624319077 0.1337565779685974 0 0 1.132180847227573 0.4813418090343475 0.3425080478191376 0 5.170343928039074 4.127211973071098 0 1.169071018695831 0.1497060358524323 87.12524189054966 4.399721652269363 78.18537923693657 13.11021287739277 0.8594324961304665 0 0 0.3758024275302887 0.9740556329488754 1.458486586809158 0.9900054335594177 0 2.132752023637295 2.969946727156639 0 0 0.2499940544366837 1.714181005954742 0.1690871268510818 0 0.6693510413169861 0.107326053082943 0.1990405917167664 0.3537554442882538 0 0.4387306272983551 0.2574140056967735 92.12283366918564 0.2979935556650162 0.1101089641451836 0.1261867731809616 0 0.1353056579828262 0.3246166408061981 0.1335697025060654 0.1324669122695923 0.4606977701187134 228.2529962956905 1.076619625091553 0 0 1.36356894671917 54.15932407975197 4.490090496838093 9.103438794612885 0.8964535668492317 1.319456651806831 1.285249382257462 1.015397436916828 1.513822674751282 0.2315453290939331 0 0 0 0.3523716107010841 0.1044781729578972 0 0 75.55161638557911 30.65553511679173 41.1471965610981 342.081063836813 51.60697776824236 273.5005631074309 88.34108709543943 189.1481396257877 48.68899016082287 12.07052353769541 204.125583589077 18.2368241250515 1.151429265737534 6.51205188035965 1.575769893825054 4.860687762498856 2.433931052684784 0 7.070890031754971 7.132771492004395 0.5566240102052689
