0 3914.471061140299 376.5619327947497 785.1140206605196 443.5144061893225 16.71694859862328 1449.397920072079 93.46172416955233 76.40783970803022 2129.731849752367 353.2492288574576 122.6129566282034 759.9967228397727 194.6000162139535 0.1214528530836105 0.1037260591983795 0 0 0 0 0 0 0 0.2065089643001556 0.3927721828222275 0.5313155949115753 0 0 0 0 450.4854135811329 0.4141843318939209 4.353921629488468 0 0 0 3.033507958054543 0.9584197178483009 0.1696885228157043 0.1174642816185951 0.2268441244959831 0.5145302712917328 0 0.2839990854263306 0 0.3103834912180901 2.391584418714046 0.7510740756988525 0 0.2844294607639313 0 0.2517872452735901 0 0.1381666660308838 0.4714206010103226 1.022474229335785 351.0048260092735 1054.183384969831 53.66817924380302 8.358875542879105 0.1072947680950165 0.1263429969549179 0.1128822937607765 0.8758934289216995 0.4554968625307083 1.216626279056072 0.6217297241091728 0.270326167345047 0.1030438393354416 0 6.397510901093483 40.23010185360909 0.2151744514703751 123.2930300980806 26.3378612101078 1.721341475844383 0.5946846157312393 0.8499293774366379 0.2267482727766037 25.89277037233114 0.1269585341215134 1.892078287899494 2.829389788210392 0 0.5800410732626915 1.961091235280037 0.1107575669884682 0 0.6994340792298317 0.7104423344135284 0.236754521727562 0.6306193023920059 0.1223362982273102 0 0.1116193756461143 128.5366179645061 10.21326312422752 0.3537060022354126 2.720497339963913 393.6404159516096 0 0 0.6413658857345581 0.3364865332841873 0 0.3882826417684555 0.561098039150238 2.501129046082497 0.5616101175546646 0 0 3.121526688337326 0.8677967637777328 3.210059314966202 1.15379748493433 0.1176814511418343 0 0 0 0 0 0 0 0 0 0 0 0 0 0 0 0 0 0 0 0 0 0 0 0.682812362909317 0 1.029836565256119 0.2103668302297592 0 0 0 0 0 0 0 0 0.5873427093029022 0.1380549669265747 0 0 0 0 0 0.1227312758564949 0 0 0 0 0 0.2163482755422592 0 0.1531382352113724 0 0 0 0 0 0 0 0 0 1.278026506304741 0.1199304461479187 0 0 0 0.5524837523698807 0.147425502538681 0 0.3397795557975769 0 0 0 0 0 0 0 0 0 0 0 0 1.187738925218582 0.7390605285763741 0.7482222318649292 10.2090862095356 1.897605642676353 19.55519624054432 10.69501765072346 304.7633277922869 21.10377022624016 1.787200197577477 1.985799983143806 0.3097747638821602 0 0 0.3783361166715622 0 0 0 0 0.1074426472187042 0
3914.471061140299 0 797.2610319256783 40.8153123036027 2036.676921978593 359.7542220130563 1931.862962916493 202.6661783829331 406.6628933921456 317.4399352744222 1221.029850751162 6.421575844287872 375.2386500313878 771.2188336998224 1.910807929933071 1.575286880135536 0.9643397852778435 0 0.1545986831188202 0 0.2884353548288345 0 0.1009502410888672 0 0 0.1354085355997086 0.07738056778907776 0.4342997670173645 0 0 2182.573163233697 3.254905119538307 10.8877349793911 0.125489205121994 0 0 12.77239608764648 1.08464165776968 0.9631226807832718 0.5783011019229889 0.8760483413934708 0.2373083457350731 0 0.5523897409439087 0 0.6309929043054581 84.01566312462091 13.90087630599737 0.137586697936058 0.2225304543972015 2.593295581638813 0 0 0.5849424302577972 9.626704484224319 16.81912004202604 377.585198931396 1654.119091495872 157.8910316601396 68.21322361379862 1.273112423717976 1.172897651791573 0.2478307783603668 20.28663900494576 20.3697093501687 20.68311878293753 10.49353267252445 7.244772538542747 1.065673924982548 0.3796432986855507 4.696953758597374 3.294996947050095 0 595.4374410137534 282.8979977592826 104.595257230103 18.77037907391787 0.8847636803984642 0.640627384185791 57.853202059865 1.07804261893034 3.696375548839569 60.15714402496815 1.690980061888695 17.21881099045277 28.42786699533463 5.045043937861919 0.9819789901375771 2.536619797348976 0.3279606252908707 0.8023563474416733 1.559620268642902 0.3370724990963936 0.3431767225265503 0.6470162719488144 107.5842927396297 0.7285540699958801 0 0.3907159268856049 1262.251951441169 1.420623660087585 1.699866771697998 0.8888853490352631 0.5076925605535507 2.262913316488266 6.135932937264442 0 25.58961449563503 10.65773104131222 12.90363021194935 1.345330238342285 34.47623804211617 21.40871289372444 39.83358217775822 17.20525275170803 0 0.2686225175857544 0 0 0 0 0 0 0 0 0 0 0.290675088763237 0 0.4738150835037231 0 0 0 0 0.8594566732645035 0.3996527567505836 0 0.5231134295463562 0 6.603031776845455 0.3094581067562103 2.520285859704018 0.8562615811824799 0 0 0 0 0 0 0 0 0 0 0 0 0 0 0.1866869330406189 0 0.336463987827301 0 0.4015437066555023 0 0 0 0.4931336343288422 6.297394163906574 0 0 0.2687302231788635 0.2392855733633041 0 0.1285606175661087 0 0 0 10.47469227015972 0.3257943391799927 0 0.1086765974760056 0.3639661371707916 7.489884242415428 3.473861947655678 3.618607714772224 0.6189451441168785 0 0 0 0 0 0 0 0.1055550053715706 0 0 0.1284277141094208 0 16.31227879226208 1.170648232102394 1.15921676158905 201.4434301406145 31.62046087533236 546.2936829328537 130.8031957820058 1285.284930512309 180.1598330140114 16.39681259542704 78.7545397952199 3.338192418217659 0.3741760179400444 5.344535678625107 0.9175264090299606 2.903864309191704 0 0 0.4684314429759979 1.307985417544842 0.1467399299144745
376.5619327947497 797.2610319256783 0 0.20311439037323 797.1816370636225 25.32130131870508 61.34356428682804 2984.968934752047 352.874553501606 21.83318676799536 4233.98714864254 1.779591754078865 259.2171257063746 1253.641737855971 7.810645796358585 6.443323634564877 0.8928322121500969 0.2516708001494408 0 2.379130527377129 12.39366874098778 0.1816535294055939 3.533400252461433 4.474476717412472 1.147063292562962 2.696535475552082 0.6180557981133461 0.2959471493959427 0 0 5991.208706632257 221.0711562857032 42.35717826336622 0.7699819505214691 2.694928489625454 1.072049170732498 23.49240814894438 3.453845150768757 0.806113988161087 0.2500560358166695 2.440886326134205 1.113627895712852 10.27333404868841 4.139953203499317 0 3.584210306406021 39.80617506057024 5.175973005592823 0 3.394924893975258 11.66738814115524 0.2941752225160599 0 0.6826390698552132 3.475435629487038 5.142497025430202 165.358589604497 2162.017772741616 63.52250677347183 25.63140604645014 18.98857858031988 4.978168301284313 2.379208073019981 171.1189594715834 7.575085394084454 8.24699105322361 5.975067339837551 11.95248693972826 20.2209557145834 18.16302015632391 4.612776935100555 3.781125858426094 0.2051038593053818 259.9987170025706 159.629885353148 56.33875664323568 17.99415437877178 7.906833864748478 80.312145806849 1294.601484581828 72.8023921623826 554.255415648222 21.27267043292522 1.002398684620857 7.673381835222244 12.23436687141657 7.075381949543953 0.2349656820297241 1.849120780825615 0 2.481838688254356 0.6822632700204849 13.93880590796471 2.022247985005379 0.6756521463394165 28.19069011509418 0 0.1704725623130798 0.1123837009072304 448.7920058518648 0 0 0 0 0 0.6853387653827667 0.2671113610267639 7.347597852349281 0.6796054095029831 2.466485306620598 0.4445896297693253 15.65075375139713 10.44574917852879 16.41019855439663 8.254042416810989 0 0 0 0 0 0 0.3424742966890335 0 0 0 0.4108816608786583 0 0.1087428778409958 0 0.3002061024308205 0.1494265496730804 0 0.1379840970039368 0 0.1227713003754616 0 0 0.1072441339492798 0.594506099820137 4.497147299349308 0.2591770216822624 7.104603230953217 2.068864375352859 0.4354600012302399 0 0 0 0 0 0 0 0.8144065141677856 0.1592243760824203 0 0 0 0 0.2905170768499374 0.6200535595417023 0 0 0.1267329156398773 0 0 0 1.001344725489616 5.903290927410126 0 0 0 0 0 0 0 0.1746048033237457 0.2368217185139656 7.535393886268139 0.8925605863332748 0 0 0.4887771084904671 7.2395064458251 0.9804231971502304 0.4251443892717361 0.5752962753176689 0.3389408886432648 0 0 0.1022877246141434 0 0 0 0 0 0.3351161554455757 0 0.1395085602998734 8.815049141645432 1.340867809951305 0.9695352986454964 81.29937236011028 15.24476878345013 182.6665093004704 48.45182353258133 103.6410599052906 55.6175260618329 4.342006325721741 35.36404272168875 1.480833292007446 0.2706911563873291 2.825323149561882 2.023740544915199 3.573728710412979 0 0 2.74629482626915 1.536690607666969 0
785.1140206605196 40.8153123036027 0.20311439037323 0 6.509661167860031 148.6051898896694 191.7406682819128 0.1966072395443916 27.79801109433174 1032.375349447131 1.468672752380371 265.4742252081633 1220.917288690805 7.032987877726555 0 0 0 0 0 0 0 0 0 0 0 0 0 0 0 0 15.23072384297848 0.09719410538673401 0.1057583093643188 0 0 0 0.5241641402244568 0.1192608550190926 0 0 0 0 0 0 0 0 1.877493128180504 0.2681373953819275 0 0.3892095386981964 0.1359086036682129 0 0 0 0 0.5458237007260323 33.55805179476738 117.4115295857191 11.76490007340908 4.341847807168961 0 0 0 0 0.9345562160015106 1.009661234915257 0.2236549556255341 0 0 0 0.3473285883665085 0 0 45.16477949172258 12.73794497549534 3.334498055279255 0 0 0 0.08795157074928284 0.273332953453064 0.1717949211597443 2.376971520483494 0.1251934319734573 0 1.096854582428932 0.1127000153064728 0 0 0 0 0 0 0 0.1063578054308891 9.415670573711395 0 0 0 90.33359856903553 0 0 0 0 0 0.2238831222057343 0 2.022709310054779 0.2103888243436813 0 0 1.60079500079155 1.209319353103638 0.9390095472335815 0.7265921235084534 0 0 0 0 0 0 0 0 0 0 0 0 0 0 0 0 0 0 0 0 0 0 0 0 0.1974104642868042 0 0 0 0 0 0 0 0 0 0 0 0 0 0 0 0 0 0 0 0 0 0 0 0 0 0 0.1824910938739777 0 0 0 0 0 0 0 0 0 0 0 0 0 0 0 0 0 0 0 0 0 0 0 0 0 0 0 0 0 0 0 0 0 12.50154441595078 1.355747826397419 22.33135481923819 7.31173512339592 248.4274366348982 10.22600790858269 0.9041107073426247 0.6789814382791519 0 0 0 0 0 0 0 0 0 0
443.5144061893225 2036.676921978593 797.1816370636225 6.509661167860031 0 107.1246315389872 4784.279797874391 19.18646474182606 2121.504109710455 227.2931244149804 810.1597007140517 23.83856807649136 1060.816886626184 1510.33625151962 8.389900848269463 3.867384411394596 0.7178585976362228 0.1993755549192429 0.2681093662977219 0 0 0 0 0 0 0.0839933380484581 0 0.3369200974702835 0 0 481.2623601704836 15.71746225655079 5.514622509479523 0 0.0991436243057251 0 13.69473017007113 0.4743838980793953 0.2038683965802193 0 0.1235922276973724 0.3650364577770233 0 0.09758555889129639 0.1178350672125816 0 133.969471655786 16.81620944291353 0.8727974146604538 0.427011527121067 2.756460465490818 0.122885063290596 0 0.4406533613801003 3.466785490512848 9.832241147756577 65.40233896672726 253.9297880828381 39.17520528286695 39.7543863505125 0.4164521843194962 2.327083401381969 0 20.04630753397942 12.90705265849829 17.32343645393848 9.118712864816189 8.538462020456791 0.2460115477442741 0.1263488829135895 15.83195966482162 3.772465914487839 0 171.4108725786209 116.0726108625531 116.0967161729932 55.88903577625751 2.916969016194344 0 6.703826397657394 0.1190008223056793 2.550960101187229 33.37549322098494 0.9400683715939522 10.43669687211514 23.25189123675227 5.747617088258266 0.3052148893475533 3.342300467193127 0.2142450362443924 1.427205815911293 1.518461555242538 0 0.6339028179645538 1.220097467303276 425.9204356968403 0 0 0 81.37888930737972 1.435091391205788 2.206108957529068 5.640522375702858 2.564726501703262 1.896904565393925 23.71149921417236 3.051198571920395 112.10438375175 29.45813426375389 53.50178755819798 11.15733551979065 170.4999798536301 113.837382376194 181.0704997628927 94.95421120524406 0.5120168924331665 0.3888258188962936 0 0 0 0 0 0 0 0 0 0 0.119205929338932 0 0.2911161482334137 0 0 0 0 1.618155181407928 2.440344199538231 0 0.4180177450180054 0.2191297858953476 16.84470428526402 0.5926090478897095 10.2936639264226 1.311050683259964 0.5577069371938705 0 0 0 0 0 0 0 1.694339543581009 2.497915059328079 0.2633065283298492 0 0 0.1109561026096344 0 0.618098683655262 0.3278779983520508 0.5848737731575966 0.9534225016832352 1.676307156682014 0 0 2.475336253643036 34.91847197711468 0 0.2436176538467407 1.604088246822357 0 0.1032471731305122 0 0 0 0 46.77581007778645 0.1921720802783966 0 0 0.4963350594043732 37.46342718601227 3.168033808469772 9.869384720921516 7.521184273064137 0.6938002705574036 0.7077358216047287 0.147586777806282 0 0.8800893574953079 0.1661101281642914 0 0 0 0.07583501935005188 0 0 66.99098245799541 2.304894730448723 3.469756975769997 358.8105083405972 40.74186734110117 665.4478126391768 176.2554751560092 294.1020383834839 177.8733479008079 9.368411429226398 148.2520036324859 11.63210748136044 0.9061762318015099 13.59572045505047 1.54732459038496 17.84218835830688 1.169342286884785 0.8600870221853256 2.596509963274002 2.478618212044239 0.5462542623281479
16.71694859862328 359.7542220130563 25.32130131870508 148.6051898896694 107.1246315389872 0 403.6285028904676 7.419391229748726 143.9749437123537 804.7039314508438 33.15569572150707 425.6951568126678 637.685429699719 46.23177796602249 0.1233864203095436 0 0 0 0 0 0 1.681634977459908 0 0 0 0 0 0 0 0 101.1352120786905 0 9.395060956478119 0.1670849770307541 0 0 44.9568984657526 2.550598844885826 3.137588545680046 0 0 0 0 0 0 0 0.4241424947977066 0 0 0 0.2874001860618591 7.989152103662491 4.250839740037918 0 0 0 1076.936706699431 229.0245404317975 46.60728289932013 1.257711946964264 0.2204647064208984 3.572150886058807 0 0.3217410743236542 0.1023277118802071 0 0.5936969518661499 0.4190029948949814 0 0 97.07500115036964 441.2594615519047 6.794981718063354 22.68826985359192 2.734506279230118 0.81228107213974 0.1237102299928665 0 0 3.806832984089851 0.2344701141119003 1.358527004718781 1.755548566579819 0.4101477712392807 0 0.3724563121795654 0 4.762242034077644 6.011965990066528 7.196554720401764 0 3.311252981424332 0.123377837240696 0 0 385.6440166085958 75.4391565322876 12.59427261352539 8.844765216112137 990.548275783658 0 0 0 0 0 0 0 0 0 0.3228876292705536 0 1.486973732709885 0.850645586848259 0.7831024974584579 1.213693261146545 0 0.2541069984436035 0 0 0 0 0 0 0.668825089931488 0 0 0 1.112563028931618 0 0.799019381403923 0 0 0 0.174045592546463 0.2906307578086853 0 0 0.6036912500858307 0.2671504020690918 5.62473925948143 1.269461333751678 4.06917379796505 5.947425931692123 1.810714788734913 0 0 0 0 0 0 0 0 0 0 0 0 0.2120091617107391 0 0 0 0 0.3912048637866974 0 0 0.2664591372013092 0.6917987763881683 2.574089497327805 0 0 0 0 0 0 0 0 0 9.217623293399811 19.07397189736366 0 0 0 0.6356907486915588 1.33490252494812 1.312651067972183 0 0.1350803971290588 0.4009214490652084 0 0.4776821434497833 0 0 0 0 0 0 0 0 6.232980147004128 10.10453306138515 6.703323781490326 5.852257877588272 0.7117596715688705 6.10370571911335 5.273936614394188 543.237349525094 15.76491591334343 1.232739210128784 0.8126809149980545 1.671585991978645 0 0.4643979221582413 0 1.683637410402298 0 0 0.7876125574111938 0 0.2729288041591644
1449.397920072079 1931.862962916493 61.34356428682804 191.7406682819128 4784.279797874391 403.6285028904676 0 4.267045512795448 2035.989656679332 1719.784571953118 131.0082592368126 67.53647421300411 5093.781148299575 314.7888293042779 4.964803099632263 2.420567445456982 0.4991450607776642 0.371642529964447 0 0.1933820992708206 0 0 0 0.3899031654000282 0 0.1098287776112556 0.1255226880311966 0 0 0.0960652083158493 333.0195632278919 4.669622018933296 3.261950261890888 0 0.1290590316057205 0 3.549521557986736 1.21541590243578 0.6180898770689964 0.2745211124420166 0 0.6549696549773216 0 0.1048666164278984 0.1086380109190941 0.1125463917851448 121.4573484510183 20.17282607406378 0.537373773753643 0.4882648438215256 3.511062294244766 0 0 0.2930369600653648 5.347215935587883 14.43770841509104 151.9475858807564 524.1857245340943 88.68616254627705 62.8583769723773 0.5206077694892883 0.6641540750861168 0.1458196043968201 22.59980645775795 18.38305131345987 17.80525657534599 10.04587586969137 7.697778135538101 0.9023439511656761 0.1212324202060699 8.815094068646431 3.807601496577263 0 336.2031005471945 211.8600962013006 142.1074830070138 40.81496496498585 3.298438496887684 0.3288057222962379 6.200385726988316 0.2085938155651093 3.22926127165556 48.88311781734228 1.76056969165802 13.37916885316372 32.13204734027386 7.850175060331821 0.6883417516946793 4.154138676822186 0.3587546795606613 1.535222917795181 1.256285466253757 0.08549867570400238 0.8499202057719231 1.152008138597012 440.6331351846457 0.2613082826137543 0 0 198.9258962795138 0 0 3.583292573690414 3.233335554599762 1.689971044659615 16.97665069997311 2.010716259479523 83.26942297816277 22.54349309206009 42.98492258787155 8.265065103769302 153.8673056662083 100.5653524547815 134.7601394206285 64.08693735301495 0 0 0 0 0 0 0.3329556882381439 0 0 0 0 0 0 0 0 0 0 0 0 0.553566187620163 1.779609948396683 0 0.4093674719333649 0 21.71304807811975 0.2243920862674713 11.63000749051571 0.3489552289247513 0 0 0 0 0 0 0 0 0.2124267071485519 1.325115874409676 0 0.3101822733879089 0 0 1.077090039849281 0.6481944769620895 0.2357081323862076 0.104302279651165 1.343769460916519 0.43928562104702 0 0 1.144884824752808 32.39964492619038 0 0.1552614718675613 0.5919090807437897 0 0 0.3034637868404388 0 0 0.6287792325019836 36.4920814037323 0.9807519465684891 0 0 0.1662245839834213 31.25543264299631 5.064934730529785 9.190889164805412 2.913155794143677 1.898502260446548 0 0 0 0.1175782904028893 0.2870762050151825 0 0 0.253433421254158 0 0 0.2756762206554413 48.4711631834507 1.4632278829813 3.379130810499191 287.2302154898643 50.42979774624109 630.7822709828615 173.5473741218448 886.9879342764616 201.1143619418144 15.62682124227285 124.1280378848314 7.690860398113728 0.5729265064001083 8.120867520570755 2.86735712736845 17.21888153254986 0.7952589988708496 0.8164655268192291 0.7555030733346939 2.994849473237991 0
93.46172416955233 202.6661783829331 2984.968934752047 0.1966072395443916 19.18646474182606 7.419391229748726 4.267045512795448 0 101.2011907324195 3.159744098782539 1089.085298538208 2.895259141921997 119.3021204173565 740.8056495040655 21.34314303845167 17.84978017956018 0.9146577641367912 4.027142435312271 0 11.29853781312704 32.79115621745586 0.2547659501433372 15.52025467157364 13.24598258733749 0.515189602971077 3.624430328607559 0.2858963906764984 0.3528956547379494 0.1752813309431076 0.4947987273335457 2235.036606512964 1875.522470675409 24.92858501523733 3.241569399833679 7.821656383574009 0.7401986345648766 15.0819041877985 5.949497953057289 2.102712690830231 0.9897567629814148 5.506693609058857 2.382664948701859 32.76196128129959 2.293193705379963 1.171993225812912 5.297347031533718 186.0127699747682 20.44536139070988 0.8612919896841049 11.72848357260227 29.27935785800219 0.2130348533391953 0 2.609955780208111 1.931273631751537 10.49036595970392 69.24558407813311 480.3214469701052 42.28958813101053 51.44524108618498 97.6529464200139 7.742617219686508 2.862520568072796 174.7848864495754 14.79164838790894 21.32363057136536 20.00178962945938 26.71911212056875 77.1387243270874 44.33754328638315 5.285989090800285 1.609125152230263 0 193.0668861865997 152.2982393428683 190.4639309197664 144.7267055809498 40.34641413390636 1080.737732112408 1268.754307277501 1347.100780151784 2627.990391910076 38.77750848978758 1.315379872918129 14.77755597233772 26.11428374797106 25.80337829887867 0.5128214061260223 5.775772199034691 0.5995367392897606 3.705134280025959 3.524294063448906 41.16358839720488 3.445656836032867 2.201945029199123 27.93975207209587 0.5728886723518372 0 0 122.2875970080495 0 0 0 0 0.9247997850179672 1.415219485759735 0 14.58043156564236 3.348453283309937 5.230620637536049 0.7991534620523453 17.49914520978928 11.7192539870739 25.96092616021633 14.74290330708027 0 0 0 0 0 0 0 0 0.3454678803682327 0.6425558924674988 0.2428090050816536 0 0 0 0 0 0 0.1628050059080124 0 0 0.154393807053566 0 0.2379871383309364 0 3.184243559837341 1.093258172273636 3.221685543656349 0.4775635227560997 1.66553109139204 0.2949276864528656 0 0 0 0.2791740298271179 0 0.1630087047815323 0.6912812143564224 0.2528032064437866 0 0.1318968087434769 0 0.2485511004924774 0.5496422126889229 0.08060596883296967 0.3820189535617828 0 0.2429933100938797 0.1628359109163284 0 0 0.4252643808722496 7.431899279356003 0 0 0 0 0.194273442029953 0 0 0.1987101137638092 0.1736660450696945 7.448773927986622 0 0 0.5791645422577858 0.56589125841856 5.572083562612534 2.102954387664795 3.004484117031097 0.8664628863334656 0.2090036571025848 0 0 0 0.1873980760574341 0.1763103157281876 0 0 0.2553831487894058 0 0 0 7.245672225952148 1.107702344655991 1.908283188939095 199.5703007057309 39.71041724085808 615.9209492877126 127.1117938756943 78.75811265408993 122.1554148197174 8.460013046860695 105.161194421351 7.134987063705921 0.2428434640169144 3.080546356737614 1.183651007711887 3.9913379997015 0 0 2.350674748420715 2.497692875564098 0.2885598838329315
76.40783970803022 406.6628933921456 352.874553501606 27.79801109433174 2121.504109710455 143.9749437123537 2035.989656679332 101.2011907324195 0 561.8500759974122 1318.597348324955 25.87063275277615 3888.740901373327 2500.872562035918 6.512834310531616 3.312392883002758 0.1102448999881744 0.1998032629489899 0 0 0.2688869833946228 0 0 0 0.2648500204086304 0 0 0.271201528608799 0 0 111.1999451816082 6.506647750735283 6.219046384096146 0 0 0 9.152639746665955 0.09522247314453125 0.2299632579088211 0.8247204571962357 0 0.6606426537036896 0 0 0 0.1026941537857056 72.94386478513479 3.808485873043537 0.1150286942720413 0.2501348704099655 0.4719581604003906 0 0 0.1444760411977768 1.272559016942978 3.894889339804649 17.54335415363312 58.87752923369408 13.64729133993387 14.99242851138115 0.1114208325743675 0.7882099524140358 0 9.432737335562706 3.716910786926746 5.554143391549587 2.795795805752277 2.712387010455132 0.2572599723935127 0.270124539732933 13.54261910915375 5.733301401138306 0 50.24105692654848 26.35678645968437 48.88100297003984 46.85846173018217 4.109899789094925 0.08787435293197632 14.22927862405777 0.2314906045794487 2.171480275690556 10.82351361960173 0.661189503967762 3.077964909374714 7.625422134995461 2.291399799287319 0.3455037996172905 0.48874531686306 0 0.5607700496912003 0.2262031212449074 0 0 0.1381039023399353 691.1360205858946 0.3936996757984161 0.3576224148273468 0.1422767490148544 32.46511924266815 0.1636988371610641 0.8414681255817413 4.780802622437477 5.261151239275932 3.474158078432083 28.90267133712769 3.475037693977356 144.4794849604368 27.26066899299622 65.19525368511677 12.15020282566547 216.0625975430012 134.4919314533472 222.664387896657 116.6354404687881 0.2167422771453857 0 0 0 0 0 0 0 0 0 0 0 0.1399446129798889 0 0 0 0 0 0 0.7787386476993561 0.5335583835840225 0 0.4448602646589279 0 21.21291513741016 0.8665851354598999 15.90624415874481 0.4220833778381348 0.5605465471744537 0 0 0 0 0 0 0 3.777025073766708 2.631389029324055 0 0 0 0 0.4106205105781555 0.3664543479681015 1.525937288999557 0.3295294344425201 0.7716097086668015 1.891230337321758 0 0 0.1606828570365906 45.37247118353844 0 0.4569288343191147 1.340651921927929 0 0.3799284696578979 0 0.09458488970994949 0 0 55.25282146036625 0.1922629326581955 0 0.1957271993160248 0.3229287266731262 40.51469896733761 5.128593429923058 11.93843805789948 8.997550122439861 1.420684814453125 3.336155861616135 0 0.1771182268857956 1.078874111175537 0.1190181523561478 0 0 0 0 0 0 75.97769701480865 3.205827564001083 2.607034340500832 259.4276169762015 15.2016324698925 369.8043197244406 91.03335360437632 280.1310730278492 69.65316348522902 3.379302307963371 132.6381130591035 5.963742859661579 0.7474769204854965 16.11431591212749 1.255449205636978 28.36033637821674 1.481688670814037 0 2.49987718462944 1.75600216537714 0
2129.731849752367 317.4399352744222 21.83318676799536 1032.375349447131 227.2931244149804 804.7039314508438 1719.784571953118 3.159744098782539 561.8500759974122 0 20.73463258892298 1297.642843529582 7582.208312943578 82.62650956958532 0 0.1400407403707504 0 0 0 0 0 0 0 0 0 0 0 0 0 0 72.05754175037146 0.110342264175415 1.076020866632462 0 0 0 14.66112291812897 0.8219708502292633 0 0 0 0 0 0.2374499142169952 0 0.4442010372877121 4.568985402584076 0.8468750193715096 0 0 0.2241571471095085 0 0 0.1032311469316483 1.139923721551895 1.971406735479832 223.4735889211297 507.4124789834023 52.47213717550039 11.53526271134615 0.1941986232995987 0.5977025330066681 0 1.308206871151924 1.726778864860535 2.260937638580799 0.2801681458950043 0.5398821607232094 0.1956919729709625 0 96.54444614052773 5.850511208176613 0 152.8981677666306 41.57293603569269 10.34427407383919 0.827355295419693 1.529843747615814 0.1373099982738495 2.216180324554443 0.5572805479168892 1.847331136465073 8.87232993543148 0 1.362018384039402 4.204348228871822 0.6107390150427818 0.2054100632667542 0.5963751077651978 0 0 0 0 0 0 335.5307817906141 0 0 0.3871307969093323 741.7084110230207 0 0 3.314429730176926 0.417926162481308 0 9.517049849033356 0.2339214831590652 41.7505050599575 6.67845256626606 23.38304644823074 3.209650903940201 69.77654199302197 36.00788110494614 46.9815174639225 23.99100087583065 0 0 0 0 0 0 0 0 0 0 0 0 0.1668683290481567 0 0.1690032482147217 0 0 0 0.2136442065238953 0 0.2125502079725266 0 0 0 6.015237614512444 0 2.424969598650932 0.671050637960434 0 0 0 0 0 0 0 0 1.344839364290237 0.1705374270677567 0 0 0 0 0 0.4130512923002243 0 0.1286145597696304 0 0.887368768453598 0 0 0 7.669776976108551 0 0 0 0 0.1144457757472992 0.2580012381076813 0 0 0 11.01995095610619 0.3715188503265381 0 0 0 6.553320601582527 0.2088986039161682 2.595001384615898 1.968048125505447 1.12377592921257 0 0 0 0.124683789908886 0.1367749273777008 0 0 0 0 0 0 23.39165419340134 0.8359336704015732 0.4380499124526978 77.81689126044512 4.518909268081188 46.74337297677994 25.3919880092144 1879.909204475582 30.52874440699816 1.659354969859123 11.04406250268221 0.1692003607749939 0 1.599396862089634 0.2724998146295547 10.94572865962982 0.9188330769538879 0 0 0 0
353.2492288574576 1221.029850751162 4233.98714864254 1.468672752380371 810.1597007140517 33.15569572150707 131.0082592368126 1089.085298538208 1318.597348324955 20.73463258892298 0 31.05799135565758 1969.083443522453 4353.932054892182 52.26494183391333 47.40737625211477 2.805636048316956 0.9580226987600327 0.100656196475029 0.448858954012394 4.78134149312973 0 4.61614815890789 3.499821223318577 5.073344178497791 4.14014245569706 1.423151172697544 1.31650772690773 0.07960273325443268 0.1015024781227112 1470.384445756674 136.7787914723158 191.1319363340735 0.5479082986712456 4.834448538720608 2.107104673981667 152.6711177155375 19.69292904436588 1.804436929523945 3.909957513213158 5.585729770362377 4.836415581405163 0.8302173465490341 9.942294582724571 0.4775609076023102 6.456774957478046 262.8133002966642 16.48879032582045 0.5378284081816673 2.257148869335651 7.194152824580669 1.455876797437668 0 2.864159651100636 3.824004866182804 11.12561345845461 49.27962306141853 319.7471544146538 40.26295048743486 50.19278340041637 9.792982511222363 25.75391747057438 2.33317219465971 58.16153939068317 16.15857223421335 16.57994695752859 9.804233394563198 10.06081895530224 2.364416494965553 12.07702099531889 28.4970665872097 20.44375820457935 0 166.245184212923 113.3760619163513 250.3301651999354 240.2703767865896 68.33118195831776 117.0359010398388 627.9108485206962 16.49624712020159 497.8556186258793 35.18838145583868 1.139671765267849 15.20586723089218 24.78745559602976 8.843519330024719 0.3985475301742554 4.692075438797474 0.7430031001567841 1.531987495720387 2.542160965502262 10.63869453966618 3.746083483099937 3.374707542359829 190.80734577775 0 0.760300412774086 0.180719718337059 137.6180752366781 0 2.450142562389374 1.608621120452881 1.669178813695908 1.241796135902405 17.5049215555191 2.348829984664917 71.69838856160641 15.65895898640156 27.61320862174034 7.432023644447327 108.3796942830086 91.27539026737213 152.5652467831969 85.67498230934143 0.1929680407047272 0 0 0.1340063661336899 0 0 0 0 0.6375485062599182 0.6025894433259964 0.2218334376811981 0 0.5957295894622803 0 0.3704172819852829 0 0.4299967885017395 0.47358338534832 0 0.8065504729747772 2.103288561105728 0.1474682837724686 1.523611627519131 0.145542711019516 28.10611059516668 1.690034180879593 17.2451900318265 3.053892612457275 0.8638821095228195 0 0 0 0.6027626395225525 0 0.1742677241563797 0 1.152183398604393 1.730659991502762 0 0 0.1105860099196434 0.3852952569723129 0.6617927476763725 0.7686477452516556 0.3676909953355789 0.2197513207793236 1.162174895405769 3.213763952255249 0 0 4.523290060460567 48.86727760732174 0.1974681466817856 0.4932794570922852 1.605323329567909 0.1066432967782021 0.1007255092263222 0.2166287004947662 0 0 0.630606584250927 69.24520663917065 2.136371120810509 0 0.07485206425189972 0.4763899967074394 34.94634943455458 13.43833184242249 16.15523512661457 5.543475687503815 1.390108436346054 1.596384555101395 0.2059352993965149 0.3726073354482651 0.5261156857013702 0.3476816713809967 0 0 0 0 0 0.1177741661667824 66.72257906198502 4.740335948765278 6.323280565440655 853.9601143151522 74.09172768890858 876.8707632347941 266.0656923130155 161.6412509828806 208.3406087085605 12.53263568133116 419.180073402822 25.24529831111431 0.8949012532830238 15.95294395089149 3.656862951815128 22.33960438519716 3.400238081812859 0.6634462177753448 1.6665298640728 7.899065122008324 2.013086870312691
122.6129566282034 6.421575844287872 1.779591754078865 265.4742252081633 23.83856807649136 425.6951568126678 67.53647421300411 2.895259141921997 25.87063275277615 1297.642843529582 31.05799135565758 0 2163.225011393428 32.11196599900723 0.9692727327346802 3.502595975995064 0.148194208741188 0 0 0.1420758962631226 0 0 0 0 0.3942629396915436 0.09543627500534058 0.1390983164310455 0.8623329997062683 0 0 1.922317154705524 1.714954674243927 17.39599026739597 0.6291339099407196 0.331370085477829 0 141.763339355588 1.930140316486359 0.6647056043148041 1.355672404170036 0.9765834659337997 0.561521589756012 0.2128909230232239 1.828826636075974 0.4126838147640228 1.224467977881432 8.596418797969818 0.4849150851368904 0 0.1702949702739716 0.1073837578296661 1.25813452899456 1.125994861125946 0 0 0.2316440790891647 17.83173006772995 24.98433828353882 4.914321415126324 2.366315960884094 2.275996074080467 0.2730068266391754 1.264615520834923 0.7656095623970032 0.690259762108326 0.3454201593995094 0.530300498008728 0 0.3643804639577866 1.038257211446762 59.21401198208332 75.10545873641968 0 10.36549723893404 3.89368200302124 5.176252663135529 4.123466685414314 4.673713222146034 0.6557093560695648 7.8567079231143 2.526851564645767 1.577407583594322 1.338720992207527 0 0.3284177780151367 0.4436197504401207 0.3293417990207672 0 0.3214962184429169 0.5988732278347015 0 0.4972193688154221 0 0.1852872371673584 1.261874914169312 1508.027503237128 1.781681001186371 1.005631536245346 6.620724558830261 80.42286433279514 1.372704476118088 1.670862317085266 1.287829518318176 1.255891650915146 1.764992937445641 11.18549181520939 1.746746107935905 71.66445316374302 16.56826461851597 39.68302762508392 10.06349448859692 130.4990976601839 98.23024861514568 202.6581577211618 104.3535535335541 0 0.3649047911167145 0.1594778597354889 0 0 0 0.1262004524469376 0 0.1327618062496185 0.4089205265045166 0 0 0.4361602663993835 0 0.4382549226284027 0 0.1250742524862289 0.2362936586141586 0 0.4069721400737762 1.302555829286575 0 0.1615844964981079 0.1532894670963287 35.46588955819607 1.470406293869019 18.30362859368324 2.645767949521542 0.749603770673275 0 0.3194834291934967 0 0 0 0 0.1702683568000793 2.171860411763191 1.385329633951187 0.231025442481041 0.2310376465320587 0 0.1590265929698944 0.3178360313177109 0.9910079315304756 2.479028895497322 0.2175837457180023 2.081097975373268 3.685946643352509 0 0.3552349507808685 0 42.78000882267952 0.2592715620994568 0.6713484078645706 0.5896907895803452 0 0 0.2307225316762924 0 0 0.4577426165342331 71.2282325476408 1.426561087369919 0 0.1674902588129044 0 44.24602580070496 7.446068495512009 12.87714080512524 7.225274443626404 0.8411354124546051 0.8305463194847107 1.057806879281998 0 0.2220206260681152 0.1975897997617722 0 0 0 0 0 0 93.69400624930859 6.689762204885483 5.735977619886398 123.5743667110801 2.623647689819336 41.69869789481163 9.775097273290157 417.9064406976104 9.457894198596478 0.1683164685964584 31.9198259562254 9.753370970487595 0.7433354109525681 11.46136582642794 2.182964533567429 21.41146405041218 2.117449805140495 0.5601432621479034 1.596882879734039 0 0
759.9967228397727 375.2386500313878 259.2171257063746 1220.917288690805 1060.816886626184 637.685429699719 5093.781148299575 119.3021204173565 3888.740901373327 7582.208312943578 1969.083443522453 2163.225011393428 0 1658.498066134751 37.19711823016405 39.95324589312077 1.410282209515572 0.2966803014278412 0.2744107991456985 0.5045929849147797 2.663718119263649 3.140731602907181 0.4349396973848343 2.137868821620941 6.819881059229374 1.322444915771484 0.1407425701618195 2.277004420757294 0.6295898705720901 0 126.3186805993319 9.121845282614231 157.4395803958178 0.6723718196153641 0.8179683983325958 4.839432373642921 129.5981802195311 13.06678651273251 6.037891611456871 5.931893862783909 6.676236249506474 8.149600528180599 0.691974937915802 14.02073278278112 0.7571409642696381 14.8139753639698 115.0529656410217 5.969016760587692 0.1665434539318085 1.971411190927029 6.46372627466917 3.752590954303741 5.645420059561729 3.044346705079079 1.139351665973663 2.632640510797501 45.9394751265645 113.866674862802 19.93160780519247 17.50334197282791 12.19380560517311 6.58851283788681 5.000727429986 21.44914279133081 4.22229129076004 6.267711900174618 2.958557032048702 3.208638206124306 1.264643222093582 4.094798140227795 356.6631222963333 113.6532345563173 0 75.5910669118166 42.00595612823963 98.71127972006798 108.3902049437165 83.28017922490835 8.62039315700531 189.2832515239716 21.03958530724049 47.40399066358805 10.6226422637701 0.1487862318754196 3.390709601342678 5.318372257053852 1.520553313195705 0.3022437989711761 2.024958416819572 0.2727262377738953 1.586584970355034 2.547220759093761 4.723481029272079 3.623792484402657 7.207534842193127 4768.887358412147 3.802065312862396 1.794664576649666 8.340151369571686 186.990702085197 0.5357737243175507 4.664178505539894 10.72123266756535 6.511988326907158 9.672839224338531 63.1697870194912 8.496049851179123 322.499552346766 83.19621229171753 189.7496785074472 32.34237778186798 551.9760273769498 493.9566586762667 653.3800918161869 380.262356646359 0.5874296426773071 0.4953233450651169 0.4654147624969482 0.2324320673942566 0 0 0.4605711251497269 0.1603246778249741 2.107351899147034 0 0.6134534776210785 0.3119906187057495 1.908825799822807 0.5785666555166245 1.772775761783123 0.1147543489933014 1.368260122835636 0.8636104911565781 0.1499916166067123 2.842779964208603 8.259689569473267 0 4.825351677834988 1.0379239320755 101.9479084610939 3.170051649212837 72.29512845724821 10.84956995397806 3.742354594171047 0.1583091169595718 0.4663193374872208 0 0.4462948888540268 0.8412038162350655 0.1316962540149689 0 6.450133197009563 7.700231693685055 0.3757227063179016 0 0.2420666962862015 1.205917350947857 0.1342054903507233 3.197256602346897 2.718295648694038 0.8596452176570892 6.341801598668098 7.988303907215595 1.409169554710388 0.2158185988664627 5.334004893898964 178.6498783379793 1.370342567563057 0.7102164328098297 3.818410910665989 0.180999331176281 0 0 0 0 0.6699235588312149 322.5854381471872 7.805867433547974 0 0 0.249061681330204 134.1350942850113 30.78257133066654 46.2910545617342 20.71450352668762 6.385679237544537 4.697462417185307 1.9458317309618 1.766258969902992 1.36499010771513 0.2256916686892509 0 0 0 0.139729380607605 0 0.3968742191791534 390.3756207078695 25.13683953881264 23.71451126039028 729.397890560329 48.77302526682615 429.9978180751204 135.8641567677259 752.3470122218132 96.21522276848555 4.888162367045879 297.6849001795053 32.43189013004303 4.973853051662445 40.41445405036211 5.306508295238018 78.2094801813364 5.427112221717834 1.29692704975605 5.872552275657654 9.397336468100548 1.980156287550926
194.6000162139535 771.2188336998224 1253.641737855971 7.032987877726555 1510.33625151962 46.23177796602249 314.7888293042779 740.8056495040655 2500.872562035918 82.62650956958532 4353.932054892182 32.11196599900723 1658.498066134751 0 36.69660323113203 35.92361010611057 1.836364254355431 0.4740408733487129 0 0.6544048115611076 3.474464267492294 0.9409491419792175 1.114009320735931 1.496338158845901 8.036739028990269 4.505957290530205 0.9681300669908524 5.424186572432518 1.007262200117111 0 545.6291573643684 22.52992132306099 592.3515855744481 0.8397453874349594 2.421919673681259 6.714295983314514 517.0649266913533 68.89316247403622 8.08189457654953 13.3495981618762 7.033352367579937 6.898273922502995 1.489203050732613 12.3713616579771 1.175303593277931 14.5170541331172 142.109361872077 7.687910981476307 0.5684033334255219 1.626758515834808 5.587264478206635 1.644501850008965 3.025629013776779 3.870785802602768 1.192210361361504 4.807679295539856 33.50611864030361 168.7516304925084 19.06857615709305 22.73243691772223 14.52729898691177 131.0807446986437 4.423647165298462 27.87561464309692 6.754379376769066 7.837356865406036 4.279632471501827 4.469445638358593 1.241158276796341 5.301489405333996 63.98780199885368 44.03692971169949 0 87.49994774162769 54.9622612670064 124.0099469795823 136.5205233618617 61.65255714207888 25.02030846476555 324.1478786841035 18.26311890035868 145.3535584062338 13.80399853736162 0.2043611034750938 5.849896423518658 11.37107247114182 4.283990614116192 0.4598807692527771 1.525066718459129 0.2202317342162132 0.9999975711107254 1.607139222323895 6.560090459883213 3.25240907818079 6.01637614518404 442.3017375916243 0 2.243264436721802 3.061785593628883 78.19884280860424 1.103377193212509 1.872659265995026 4.826031699776649 1.487528800964355 5.376753598451614 20.52770146727562 2.25250381231308 111.2890454158187 26.03795596957207 48.08021569252014 17.03798979520798 202.0428041815758 149.2779054939747 265.6191613152623 144.7678960412741 0.5788385570049286 0.2775487750768661 0 0.149755135178566 0 0 0.1244326382875443 0.377834752202034 1.171611286699772 0.1951840072870255 0.804808184504509 0 1.132377207279205 0.595593586564064 2.048698984086514 0.3425620198249817 0.4380890503525734 0.4876747280359268 0 1.28392368555069 5.781208701431751 0.2719557583332062 3.604111932218075 0.4953924864530563 45.78306920081377 2.811257757246494 29.92792319506407 7.127940058708191 2.815487138926983 0.5470498204231262 0.1618373841047287 0 0.6665552109479904 1.059066630899906 0.3059029579162598 0 4.331118702888489 4.503283150494099 0.366250678896904 0 0 0.7506083026528358 0.3781586587429047 2.091493435204029 2.305546835064888 0.3326876312494278 2.859002366662025 2.389050662517548 0.352712869644165 0.304809108376503 5.835213921964169 78.96514423191547 0.8015493005514145 0.3973894864320755 0.887524887919426 0 0.2631218209862709 0.33969946205616 0 0.4240354299545288 1.410732589662075 112.0406319797039 4.461279734969139 0.1924713253974915 0 0.4763813614845276 63.66904498636723 18.10403396189213 31.18704594671726 13.38398335874081 2.685688376426697 0.279009222984314 0.1776355355978012 0.4681571573019028 0.4829647243022919 0.1997876018285751 0 0 0 0.1650331318378448 0 0 115.2075032740831 13.12106367945671 11.04887878149748 842.3919435068965 34.96559996902943 547.0022192969918 172.8299304097891 115.5030655041337 118.854488670826 5.888031676411629 402.875108294189 23.4691830649972 0.996329739689827 23.51218648999929 2.686170987784863 42.85515734553337 2.74808344990015 0.8897250890731812 3.132910996675491 7.625813893973827 1.858986280858517
