0 6393.726406440139 883.0097849592566 1273.691715270281 415.3814943432808 263.2632435560226 1455.194410338998 34.63996267318726 202.1556049212813 1600.076928727329 431.856293708086 32.1861015483737 375.7367595285177 241.1448848471045 3.587085880339146 1.210379034280777 0.2046136185526848 0 0 0 0.1263527125120163 0.09493479132652283 0 0 0 0.3608872219920158 0.08542875945568085 0 0 0 633.0571879968047 1.660870902240276 4.526279732584953 0.1829103827476501 0.2235444858670235 0 2.437984839081764 0 0.3397353887557983 0.107988715171814 0.3737392723560333 0.3751564547419548 0 0.3427196368575096 0 0.2280414775013924 33.00658750534058 2.44428326934576 0.1801035851240158 0.08920682966709137 0 0 0 0.5359343588352203 1.573776885867119 9.243872925639153 505.3009584769607 800.251799993217 31.4950295984745 16.37085349112749 0.7167834714055061 0.1526079177856445 0 11.19255992770195 4.15906997025013 3.044900767505169 0.6841340139508247 0 0 0.09372983872890472 15.68483587354422 1.294082477688789 0 192.5874326303601 34.0597428381443 35.10844039916992 8.668656997382641 3.234953477978706 1.787507101893425 15.92716694623232 0.4086471572518349 2.711886025965214 14.22746538370848 1.514494225382805 3.311539687216282 4.838504500687122 2.128414951264858 0.1433502286672592 0.2020152881741524 0.5693222284317017 0.09056035429239273 0 0.29642453789711 0.2497126311063766 0.3100531175732613 103.4920682013035 2.245396450161934 0 0.8218031823635101 1111.060369208455 0.1198942735791206 0 0.2448588311672211 0 0.932344913482666 2.221379406750202 0 2.275009647011757 64.68024671077728 0.253551185131073 1.330546073615551 7.817239746451378 3.896782532334328 6.150895521044731 2.560035079717636 0 0 0 0 0 0 0 0 0 0 0 0 0 0 0 0 0 0 0 0.5153730511665344 0 0 0 0 0.5076389312744141 0 0 0 0.1030889600515366 0 0 0 0 0 0 0 0 0.118491493165493 0 0 0 0 0 0.09046922624111176 0 0 0 0 0 0 0 1.012727417051792 0 0 0 0 0 0 0 0 0 5.762496031820774 0 0 0 0 1.223429724574089 0 0.1471241563558578 0 0.6943221092224121 0.08941089361906052 0 0 0 0 0 0 0 0 0 0 0.4789831936359406 0.6265323087573051 1.039987921714783 101.6919938996434 9.952937476336956 110.2638273686171 22.5155708193779 1533.8613249138 36.11444991081953 4.398580797016621 17.2528393343091 0.1233072653412819 0 0 0 15.13804027438164 0.1333364248275757 0 0 9.417747095227242 0
6393.726406440139 0 3778.323051400483 714.7345664426684 3409.601084567606 242.2514643669128 3121.569624997675 245.450980566442 1706.328042089939 690.1561834216118 2294.219989269972 45.16468240320683 848.7769944146276 1116.256528280675 15.88369899988174 3.534063823521137 0.6271533742547035 0.07905588299036026 0 0.08490073680877686 0.2610700130462646 0 0.3754013478755951 0.2036695778369904 0.2682880088686943 0.3908358737826347 0.6834192723035812 0.1013147234916687 0.9581564143300056 0 1601.764451488853 16.21855806559324 19.66852889955044 0.2306214869022369 0.4474862441420555 0 6.876186668872833 0.1880653351545334 2.599201835691929 0.5360151752829552 1.355587244033813 0.5634048879146576 1.085617214441299 0.6270579695701599 0.09093254059553146 0.4609392285346985 179.8045430928469 10.63069271296263 0.4325937554240227 1.49206754565239 0.8588610365986824 0.5870806649327278 0 0.8342556059360504 3.878629371523857 20.14837978035212 83.93310831487179 616.7767698019743 15.06191010773182 66.59405623376369 0.5340114459395409 0.09775212407112122 0.3380201756954193 107.0677510872483 16.91410329937935 10.7569085881114 2.97575955092907 0.6852466836571693 1.200544290244579 2.304141245782375 45.13828676939011 6.569845914840698 0 273.7550467848778 120.4402328953147 181.6552330777049 40.19577354937792 10.55186065286398 4.206022419035435 62.68216925114393 2.510560840368271 5.517642937600613 42.74307876080275 2.494287461042404 9.857654705643654 11.92094915360212 4.62896516174078 0.3868307694792747 2.310722105205059 0.1471152305603027 0.3973397016525269 0.1027484983205795 1.385852605104446 0.07891587167978287 0.7423286139965057 61.54660380631685 4.792852647602558 0 1.653371393680573 633.5137755200267 0.2508995532989502 0 0.6485880762338638 0 0.738712415099144 9.522261962294579 0.9839118868112564 1.439253851771355 81.18624450266361 2.806171387434006 3.586994156241417 14.57309682667255 5.952697277069092 18.81104566901922 10.2147606164217 0 0 0 0 0 0 0 0 0 0 0 0 0.1173263564705849 0 0 0 0 0 0 1.1140506118536 0.6945273876190186 0 0 0 3.772455826401711 0 0.4336018785834312 0.4277824610471725 0.07552649825811386 0 0 0.1277370303869247 0 0 0.3056111037731171 0 0.1962554007768631 1.352285712957382 0 0 0 0.1642235219478607 0 0 0 0 0 0 0 0 0 4.774480320513248 0 0 0 0 0 0 0 0 0.1287820190191269 13.4723586589098 0.5350479260087013 0 0 0 4.27950993925333 2.27550832182169 1.111952938139439 0 0 0 0 1.315789341926575 0.2098989337682724 0 0 0 0 0 0 0 2.344294294714928 4.18726909160614 6.500264719128609 459.7333246916533 57.0349373742938 471.539810359478 90.23525539785624 1041.440543591976 70.56088505685329 14.65628986805677 110.5764674916863 3.572167664766312 0 1.055696107447147 0 0 0 0 0.5226855650544167 7.05693444609642 2.89083594083786
883.0097849592566 3778.323051400483 0 6.716912649571896 1050.566136337817 23.28687140345573 204.7760635688901 2008.646451093256 1365.493914604187 7.415857315063477 3677.946596689522 31.35464927554131 375.1023507118225 1153.47345636785 17.95398110896349 16.62067550420761 8.599832475185394 6.145749874413013 1.024818077683449 10.83099010586739 11.24886716157198 0 2.497304506599903 0.3850720226764679 6.106986112892628 0.6467289626598358 4.053774960339069 4.443861305713654 0.9808148071169853 0.4374129623174667 3333.577462002635 305.866704121232 72.6644634604454 0.6148502826690674 4.382792711257935 3.334262050688267 20.1684450507164 7.9863261282444 16.70823946595192 11.42472236603498 28.27632751315832 16.22601365298033 15.21138592809439 13.50248277932405 2.699239067733288 18.88775472342968 71.42367386817932 20.69924997538328 10.22449327260256 32.42727011442184 0.425148531794548 0.5088954716920853 1.464667119085789 5.525094144046307 0.6980711370706558 5.435435153543949 34.19467573612928 837.4184531196952 5.172355473041534 20.12571507692337 75.53003093600273 4.912461139261723 1.424112096428871 484.6832899153233 4.170099623501301 3.802112780511379 2.003551840782166 0.9383141696453094 13.33935578167439 96.59253189712763 65.69966994971037 9.473865173757076 0 109.196592502296 69.95211753249168 77.53512916713953 73.41387019306421 38.36163687705994 273.0560780093074 799.8299795240164 259.583175085485 404.1946676447988 14.17113860696554 1.00197921693325 4.265387371182442 4.660676851868629 21.94530198723078 0.1333789676427841 0.7498561888933182 0.3225183859467506 1.202509321272373 0.5046306923031807 17.27598752081394 6.051860138773918 2.749372690916061 30.34840848296881 9.516892746090889 0.7029236108064651 10.68809543550014 228.6803086102009 0.2587177753448486 0.1939686089754105 0 0 0.3715161383152008 2.44818851351738 0 2.076630137860775 2.141355141997337 0.7847096472978592 1.012168362736702 6.12306921184063 2.579072542488575 7.195796683430672 4.033767685294151 0.211275227367878 0.4298044443130493 0.3552699610590935 0.2634618729352951 0 0 0 0.1283272206783295 0.2071671336889267 0 0 0 0.1464560478925705 0.1179255917668343 0.1022359728813171 0.1024890542030334 0.2201366126537323 0.2114874050021172 0.1117881610989571 0.1560807228088379 0.5578221380710602 0.1390442550182343 0.2725018262863159 0.3833552002906799 2.803168103098869 0 1.428416110575199 2.647804282605648 0.730111837387085 0.2306797131896019 0.1769863963127136 0.2639033496379852 0.1792847961187363 0.5003793761134148 1.130679346621037 0 0.6143258884549141 0.7753011956810951 0 0.1782534420490265 0 0.4810249507427216 0.8846865072846413 0 0 0 0 0.1956940293312073 0 0 1.858696676790714 6.235484763979912 0.14645616710186 0 0 0 0 0.1326170116662979 0 0 0 11.50939786434174 0.9939355999231339 0 0 0 3.987213917076588 0.4456343203783035 3.189027175307274 0.2319520562887192 0.1119216307997704 0.2582747936248779 0.3671868368983269 0.2966689616441727 0 0 0 0 0 0 0 0 0.6464057192206383 6.267579160630703 9.938254743814468 113.6243435889482 24.54646456986666 170.3367220237851 35.30629827082157 167.3990304619074 22.91924337297678 5.058907903730869 37.79772856086493 5.787001959979534 0.1236887201666832 0.9838067889213562 1.058804839849472 0.3375716209411621 0 0.2618684768676758 2.984453812241554 4.839523255825043 1.965804748237133
1273.691715270281 714.7345664426684 6.716912649571896 0 53.21542880684137 240.0023381263018 1169.291051335633 0.2361934036016464 42.53709878772497 1406.042661339045 3.960875935852528 80.87629581987858 533.6425962001085 14.16342628002167 0.7612054571509361 0 0 0 0 0 0.08396157622337341 0 0 0 0 0 0 0 0 0 17.22090262174606 0.8934221342206001 0 0 0 0 0 0 0 0 0 0 0 0 0 0 12.34744423627853 1.028949096798897 0.1915676891803741 0 0.1379967629909515 0.1694376319646835 0 0 0.09598365426063538 1.603958398103714 11.33624097704887 62.87399887293577 1.442758493125439 4.83406974375248 0 0 0 2.572631657123566 1.265316255390644 1.128371007740498 0.2804024815559387 0 0 0.1009312570095062 0.2846051901578903 3.236470371484756 0 37.90537439286709 9.87399709969759 12.10217053443193 1.137914299964905 0.4566288441419601 0.1038735881447792 0.2115346118807793 0 0.4469151124358177 5.240856476128101 0.4654142037034035 0.9212561696767807 2.486903257668018 0.2274328619241714 0 0.5293215215206146 0 0 0 0 0 0 79.16852068901062 5.769951343536377 0 0.1277436316013336 114.7114360108972 0 0 1.975805401802063 0 0 0.406394749879837 0 0.7567790597677231 59.65316900610924 2.279806524515152 1.127938330173492 6.331028699874878 3.028851225972176 6.498151749372482 0 0 0 0 0 0 0 0 0 0 0 0 0 0 0 0 0 0 0 0 0.1316411644220352 0.3857525885105133 0 0 0 0.7775376439094543 0 0.2852699160575867 0 0 0 0 0 0 0 0 0 0 0.1514590829610825 0 0 0 0 0 0 0 0 0 0 0 0 0 0 0 0 0 0 0 0 0 0 0 4.152390867471695 0 0 0 0 0.2202923893928528 0 0 0 0 0 1.082780361175537 0.1232800632715225 0 0 0 0 0.2689707279205322 0 0 0 0.6281607747077942 0.3703952133655548 0.9706116318702698 71.84644774347544 3.773552402853966 41.00186932832003 7.070782721042633 645.392567537725 5.379139170050621 1.866706229746342 8.221269734203815 0 0 0 0 0 0 0 0 3.252956554293633 0
415.3814943432808 3409.601084567606 1050.566136337817 53.21542880684137 0 5.561983868479729 1647.917954526842 18.19430105388165 7534.266939297318 369.9537172466516 1582.880089826882 19.98632663488388 335.6112963780761 644.0967079177499 18.14939974993467 1.423037260770798 0.6183496713638306 0.09501767158508301 0.1128463670611382 0.1085008978843689 0.1075412631034851 0 0.4899799078702927 0 0 0.2617469429969788 0.1391401290893555 0.1418784558773041 0.8851681053638458 0.3008010387420654 249.5537458285689 19.73567912727594 1.792326234281063 0.1267967522144318 0 0 1.291125327348709 0.2915187999606133 0.1114660948514938 0.3276766762137413 0.2141972854733467 0.182074248790741 0.803678885102272 0.4479581192135811 0.1041766703128815 0.1900537386536598 140.69411046803 5.025470979511738 0.4985972940921783 0.8099261894822121 0.2652109637856483 0.126269057393074 0 1.191275201737881 2.34085863083601 6.82056001573801 15.55810187757015 158.5743531435728 5.302352629601955 39.27798133343458 0.180303193628788 0 0 90.23894913494587 8.287578754127026 5.26916741579771 1.886678665876389 0.5368426069617271 0.1799930855631828 0.8388270884752274 9.45027943700552 7.019345469772816 0 84.62072110921144 68.95626214146614 124.2319147363305 61.15477859228849 6.012901641428471 3.239122055470943 2.259797461330891 0.8054466843605042 3.493166774511337 18.47833633422852 0.922896109521389 5.358584888279438 6.634853228926659 3.39423119276762 0 1.284134604036808 0.1010985001921654 0.4500085338950157 0.6284286007285118 0.8235272914171219 1.210106953978539 1.374906785786152 39.27473094314337 5.146846897900105 0 1.061240673065186 51.86664809286594 0.766468770802021 0.9960705637931824 2.824982270598412 0 3.193215727806091 12.31865238398314 1.493211761116982 2.532754451036453 16.69121687114239 6.633219793438911 4.497148953378201 27.58301705121994 14.24248722195625 27.20346212387085 16.38066543638706 0.1061249747872353 0.3516664803028107 0 0.9868425130844116 0 0 0 0 0 0 0 0 0 0 0 0 0 0 0 1.478132128715515 3.241668224334717 0 0 0 6.340201668441296 0 2.627805143594742 0.3634417951107025 0 0.2706080377101898 0 0 0.2379784435033798 0 0.703902006149292 0 1.783688455820084 1.148259215056896 0 0 0.2329597771167755 0 0 0 0 0 0.1071095690131187 0.5118635892868042 0 0 0 13.98621039092541 1.136541247367859 0 0 0 0 0 0 0 0 29.44101594388485 2.041789844632149 0 0 0 12.26653741300106 1.201331064105034 2.432296752929688 1.297150790691376 1.104246854782104 0.7162015587091446 0.4458221793174744 0.7289243638515472 0 0 0 0 0 0.08487767726182938 0 0 8.992980301380157 7.179173797369003 15.53368122130632 434.3014211878181 59.54121220111847 327.2596159651875 78.70396523922682 261.7907464653254 54.94726978242397 8.851114057004452 110.7828128859401 5.971110448241234 0.1020092964172363 6.686943739652634 0.7779143452644348 4.42298835515976 0.4072476923465729 0 2.025896847248077 8.127237930893898 1.51882142573595
263.2632435560226 242.2514643669128 23.28687140345573 240.0023381263018 5.561983868479729 0 69.38069409132004 0.7862375378608704 7.311884187161922 426.0732090771198 6.906785100698471 163.6712822765112 171.6947302818298 45.45265011489391 0.4242239743471146 0.4551682099699974 0.1107697039842606 0 0 0 0 0.3717119097709656 0 0 0 0 0 0 0 0 80.20830931514502 0.3058598339557648 14.28380653262138 0 0 0 12.39264324307442 0 1.248475730419159 0 0 0.2339244112372398 0 0 0 0 1.373990312218666 0 0 0 0.2152958065271378 6.717414990067482 0 0 0.1048669070005417 0.1173566430807114 119.0588144212961 29.70384884625673 3.360574007034302 0.6131282672286034 0 2.060232445597649 0 0.5801094397902489 0.08787542581558228 0.1117961928248405 0 0 0 0.472647599875927 268.0063989460468 134.2563082575798 6.106957793235779 2.089095249772072 1.059757113456726 1.206019878387451 0.795411728322506 0.9132794812321663 0.2530861645936966 6.990134626626968 0 1.07688120007515 0.08813217282295227 0 0 1.020808488130569 0.3866145834326744 3.71404492855072 3.214563086628914 5.083272978663445 1.169464409351349 1.624611765146255 0 0.1848700195550919 0 347.7233774065971 116.2120016366243 15.97125107049942 11.31291973590851 456.673199981451 0 0.288036584854126 0.2508525550365448 0 0 0.7353971302509308 0 0.4076577723026276 5.343923479318619 1.661506414413452 0.2701422274112701 4.751776859164238 3.053806096315384 4.22472257912159 0.4465478807687759 0 0.5448802709579468 0 0 0 0 0 0 0 0 0 0 0 0 0 0 0 0.5015267729759216 0 0 0 0 0 0 0 0 0.5218648314476013 0.3018142282962799 0 0 0 0 0 0.6049621105194092 0 0 0 0 0 0 0 0 0 0 0 0 0 0 0 0 0 0.7466504722833633 0 0 0 0 0 0 0 0 0 1.051645994186401 0 0 0 0 0.9114686846733093 0 0.2432447969913483 0 0.1973838359117508 0 0 0.3071397840976715 0 0 0 0 0.2392110079526901 0 0 0 1.043969810009003 3.718768239021301 0.5107211470603943 46.62032160162926 0.8666545674204826 2.923464767634869 0.299242727458477 209.0431878045201 1.942560262978077 0 2.310161575675011 0 0 0 0 0 0 0 0 0 0
1455.194410338998 3121.569624997675 204.7760635688901 1169.291051335633 1647.917954526842 69.38069409132004 0 4.898787088692188 2265.800116330385 3002.78205101192 322.7432122081518 234.0503707528114 6912.481826983392 2281.857038460672 32.74606819450855 6.439627967774868 0.7579978033900261 0.3187674507498741 0.1927311569452286 0.3626052960753441 0.345960259437561 0 0.8331929221749306 0.5091330632567406 0.3427082896232605 1.815669849514961 0.3040901720523834 0.5979287475347519 1.883725553750992 0.5253838151693344 268.0718034133315 26.74357385933399 4.048876345157623 0.1238933205604553 0.1123806461691856 0 4.619390077888966 0.3128471523523331 2.191332884132862 0.3676139488816261 2.353517293930054 2.47691548615694 1.195574447512627 1.581940427422523 0.2150443121790886 0.9931891933083534 265.9254287853837 9.082988865673542 0.4221998155117035 0.7995375543832779 0.8368818089365959 0.1287848800420761 0.2900022268295288 1.168416604399681 5.004998058080673 15.80279698222876 41.46152334660292 289.300174690783 9.385120242834091 68.17187479883432 0.1804173141717911 0.1108105257153511 0 121.3988248482347 14.73011339083314 13.29217926412821 2.696827434003353 1.833709575235844 2.032461144030094 2.338458471000195 55.57571017742157 37.40494882315397 0.09223935753107071 171.9445236995816 123.5338563919067 249.0223451778293 127.5943678095937 17.17875088751316 7.28640978038311 5.241275765001774 4.470364615321159 5.308473601937294 36.72210144996643 3.305107161402702 10.93033322691917 13.21141318976879 7.238729812204838 0.1065504029393196 2.629551872611046 0.4342238530516624 1.590417511761189 0.6101728156208992 2.082944698631763 1.332290671765804 2.893598221242428 330.3501437529922 16.29998905956745 0 2.927598737180233 128.2231764420867 3.798469297587872 2.354648523032665 12.2809285223484 10.62680038809776 12.48867047578096 71.81165034323931 8.222075447440147 18.02796695381403 132.4924644380808 21.08628588914871 21.57887633889914 311.3686987832189 116.0296559929848 166.9428914710879 57.08306454867125 0.8303343504667282 0.7319216877222061 0.09430700540542603 0 0 0 0.2521345615386963 0 0 0 0 0 0 0 0 0 0 0 0 14.07962252944708 8.531209006905556 0 0.1076818108558655 0 24.69029320031404 0 5.398525200784206 0.6255919933319092 0.2837053537368774 0.1323239058256149 0 0 0.2802775502204895 1.71671137213707 0.1020722836256027 0 1.044872626662254 7.884382903575897 0 0.1008509919047356 0 0 0 0 0.2670478820800781 0 0.7000201642513275 3.017392627894878 0.2191434502601624 0 0.1928748488426208 42.41081638634205 1.942158378660679 0.2979398667812347 0 0.0787351131439209 0 0 0 0 0.2361479252576828 129.4228341281414 3.112217485904694 0 0 0.6125956028699875 57.06337693333626 6.651959732174873 12.40138594806194 2.173080205917358 4.286301955580711 7.42213299870491 2.256862692534924 7.681465066969395 0.2972296476364136 0 0 0 0 0.1114183738827705 0 0 49.68372843414545 32.45465049892664 52.58729358017445 824.0257158726454 117.4661789089441 622.2644359841943 153.3101218268275 678.4649200737476 104.0063218697906 14.57142217457294 241.216531932354 18.85504139214754 0.1189724281430244 13.56476794928312 2.246541544795036 6.787068963050842 0.8248774185776711 0 9.491175979375839 13.54090816527605 4.327699936926365
34.63996267318726 245.450980566442 2008.646451093256 0.2361934036016464 18.19430105388165 0.7862375378608704 4.898787088692188 0 120.5627378970385 0.5856809541583061 3143.705495506525 4.958505444228649 48.0267813578248 428.1685617789626 35.51308785378933 26.92317697405815 12.28215090185404 10.90647497028112 3.089523769915104 29.90461292117834 37.39356573671103 0.3782032653689384 9.707473322749138 1.293850302696228 11.77306914329529 1.239980228245258 10.64721950143576 6.961455173790455 1.798230111598969 1.498762153089046 793.0674289688468 600.8589695394039 59.29277183115482 1.153744280338287 7.965920105576515 10.1396924033761 14.63308552652597 13.60017221421003 39.6855443790555 24.62486248463392 66.39121930301189 30.5237343236804 40.80573915690184 22.8060637190938 3.937201499938965 60.17802465707064 146.8214457258582 29.2449215054512 16.17986479401588 61.72706332802773 1.709172755479813 0.6736128553748131 4.428646892309189 16.34444070607424 1.058390103280544 3.582375854253769 12.84357981383801 173.6934637799859 3.22097123414278 27.8762081861496 233.0403508171439 6.869533695280552 4.30665598064661 218.1575639173388 4.308125741779804 5.014245767146349 2.184240743517876 1.569163210690022 29.28838443756104 285.7513682171702 53.73822063952684 27.07827246934175 0.2150064185261726 59.6440901234746 77.30034097284079 150.8631456568837 177.2270122244954 838.3238740041852 2747.408902704716 1510.668294280767 937.7025798410177 1801.500000961125 8.219193413853645 0.4237496256828308 4.664889067411423 4.084414161741734 42.5607835650444 0 1.106665544211864 0.2634018734097481 1.423727676272392 1.102475069463253 53.29871113598347 18.33676539361477 7.54833248257637 27.122832916677 21.46392588317394 0.432889997959137 21.56164886057377 42.97878155857325 0 0.7527649402618408 0.1637365967035294 0 1.343956902623177 4.54042387008667 0 3.015601545572281 3.392976269125938 2.304536283016205 1.171502530574799 12.60791978240013 4.970781058073044 9.775734804570675 8.683064505457878 0.9954414889216423 0.1135123446583748 0 0.2303023785352707 0 0 0.2739691957831383 0 0.2856262475252151 0.2352729663252831 0.4408217221498489 0.09890762716531754 0.6625895425677299 0 0.3863077163696289 0.3213168233633041 0.7420297488570213 0.2057892084121704 0.2845877408981323 0.5173735022544861 0.4012095183134079 0 0.2568283006548882 0 6.777802914381027 0 2.90906335413456 4.228297673165798 1.415149569511414 0.3648384734988213 0.3806304335594177 0.1141472086310387 0.7507718950510025 0.7521991059184074 0.8686713874340057 0.2493429034948349 0 1.836755953729153 0 0 0.2614933401346207 0.5614172145724297 1.173487327992916 0 0 0 0.1319470703601837 0 0 0.9625987783074379 1.838478446006775 8.974159248173237 0.8495293185114861 0.2631590068340302 0.0846322700381279 0 0 0.1836752891540527 0.1239653527736664 0 0.3306158557534218 15.81710039079189 2.829907990992069 0.1639675199985504 0.1074867248535156 0.09459169954061508 6.729682177305222 1.046769008040428 3.682842671871185 0.6717231571674347 0.1618255376815796 1.301569938659668 0.0997968316078186 1.980177007615566 0 0 0 0 0 0.1172127053141594 0 0 1.306149154901505 11.67035544663668 23.60375230014324 269.2527915984392 35.76234399527311 295.8292820379138 63.17805024236441 64.06252856552601 30.68610592931509 4.353615447878838 80.7617272362113 11.41780696064234 0.3325532004237175 4.59614785015583 1.314917348325253 0.9673766195774078 0 0 1.477730341255665 4.603037253022194 3.180741399526596
202.1556049212813 1706.328042089939 1365.493914604187 42.53709878772497 7534.266939297318 7.311884187161922 2265.800116330385 120.5627378970385 0 243.043724052608 4130.849767081439 41.59361357241869 1286.355391547084 1660.23779707402 26.06201126426458 6.088555946946144 0.5210625231266022 0.6557705402374268 0 0.3394039049744606 0.484406903386116 0 0.5814381316304207 0.2206162810325623 0.2234498932957649 1.127230122685432 0.3014599084854126 0.1983562484383583 1.991416402161121 0.6570893079042435 305.8305809721351 19.12645977735519 3.133429363369942 0.2434388473629951 0 0 1.907637372612953 0.29676703363657 0.3871148675680161 0.6011203303933144 1.783807873725891 0.6674301028251648 0.791245773434639 0.864240474998951 0.226400800049305 0.5038973987102509 154.621397189796 4.371010892093182 0.3523073866963387 0.8879803717136383 0.2997860014438629 0 0.124090276658535 0.7330034300684929 0.7019314095377922 6.174682103097439 17.78982099890709 123.439271248877 4.932830281555653 38.04926135390997 0.5097545459866524 0 0 78.11867752671242 4.592706598341465 3.770588260143995 2.338337883353233 0.2789820283651352 1.265789650380611 1.560144826769829 32.35491682589054 15.05263308435678 0.09326262772083282 67.97643188387156 67.0557576417923 155.7975585013628 110.9714704677463 13.32674335688353 12.5289361178875 5.092577181756496 3.588304556906223 5.60346531867981 11.78001088649035 1.087958298623562 4.702898532152176 6.127946201711893 2.201742731034756 0 1.449640646576881 0.4604186043143272 0.6695034205913544 0.4056973829865456 0.9944741651415825 0.6780671626329422 0.7483476176857948 95.35223721712828 5.281780242919922 0 0.9806339368224144 45.59769009798765 4.060329139232635 1.119060039520264 4.262793637812138 0.8285035490989685 10.81152147054672 26.28797990828753 5.690332308411598 9.954740568995476 20.52260177582502 9.149518623948097 12.15828068554401 66.71557165682316 36.11383333057165 70.37586586922407 31.66260845959187 0.1072311475872993 0.3660012185573578 0 0.08135456591844559 0 0 0 0 0 0 0 0 0 0 0 0 0 0 0 3.329090416431427 4.548978120088577 0 0 0 16.96748847514391 1.111706137657166 4.237283632159233 0.1746308505535126 0.09590695798397064 0 0 0 0 0.2523098587989807 0 0 1.042986921966076 5.23406396061182 0 0 0 0 0.1036196649074554 0 0 0 0.8371454775333405 2.335638545453548 0 0.1507565379142761 0.7264919430017471 21.74149225652218 0.7256233990192413 0 0 0 0 0 0 0 0 67.66186325997114 1.807098835706711 0 0.1929238885641098 0 23.63555838167667 3.206379018723965 8.618816182017326 0.1956635862588882 1.585585340857506 3.49589592218399 0.1370857805013657 1.652488179504871 0 0 0 0 0 0 0 0 15.6698829010129 15.66608214378357 27.35474172979593 514.8113815262914 57.51537867635489 358.723409332335 98.82530717551708 206.510480619967 56.59601184725761 8.371564500033855 150.5866028293967 10.50749062001705 0.08866755664348602 17.62428946793079 2.60254043340683 2.960075855255127 1.161246031522751 0 2.981843069195747 10.69217152148485 2.981637537479401
1600.076928727329 690.1561834216118 7.415857315063477 1406.042661339045 369.9537172466516 426.0732090771198 3002.78205101192 0.5856809541583061 243.043724052608 0 32.57786272466183 1753.479504138231 5740.025197289884 109.1836843788624 9.125560164451599 1.443643435835838 0.4634465277194977 0.1250200867652893 0 0 0 0.1065851897001266 0 0 0 0 0 0.08336005359888077 1.330053456127644 0 44.24987015128136 1.888041853904724 4.998288631439209 0 0 0 4.05214162170887 0 1.108515955507755 0 0.2626747190952301 0.1231928169727325 0 0.3526770919561386 0.1172531992197037 0.3060494735836983 76.56415738910437 1.737855665385723 0 0.08852812647819519 0 0.3017579317092896 0 0 0.9318344220519066 6.315777614712715 31.32585099339485 109.8015242218971 5.051994182169437 22.52819918096066 0 0 0 21.05433564633131 4.200179472565651 2.781398728489876 0.6266847997903824 0.1126381978392601 0.1003228276968002 0.725720576941967 73.06852336227894 44.91068962216377 0 87.76340532302856 30.81588717550039 52.53636328876019 13.3771255761385 2.881056845188141 0.8159472942352295 0.5371578335762024 0.7232306897640228 0.2998412400484085 12.72889545559883 1.449464604258537 3.174461267888546 3.304970279335976 0.6196111738681793 0 0.7294921949505806 0 0.2949872463941574 0.4357552379369736 0.223231665790081 0.1144988238811493 0.6261517405509949 771.0800475031137 18.61156744509935 0 5.280779778957367 254.0925161913037 3.419470205903053 4.058710880577564 15.08229202777147 33.86882105469704 12.75956644117832 67.55254071950912 21.08392614126205 26.74444153904915 134.4255023598671 47.14186605811119 30.33197475969791 282.8345432132483 93.50713703036308 177.3822913318872 49.12972442805767 0.2321053594350815 1.415345013141632 0.12188421189785 0 0 0 0 0 0 0 0 0 0 0 0.4196049571037292 0 0 0 0 8.116264835000038 4.093349888920784 0 0 0 30.35739313066006 0 3.3349469602108 0.5817741751670837 0.8152602314949036 0 0 0 0.2369883209466934 0 0 0 1.61546391248703 6.564971804618835 0 0 0 0 0.1519966572523117 0.1129821762442589 0 0 0.6923657283186913 1.755517721176147 0 0.2254603207111359 0 34.5209304690361 1.008453220129013 0 0 0 0.2551907300949097 0 0 0 0.1685770601034164 107.9333638846874 0 0 0.2244998663663864 0 46.72933488339186 4.213859409093857 15.51045450568199 0.396015852689743 3.424024038016796 5.401453569531441 1.595107451081276 2.637010663747787 0.1238044574856758 0 0 0 0 0 0 0 37.76115140318871 29.31075850129128 56.52623878419399 495.7827128469944 23.37225905060768 190.8060411512852 49.551429271698 1020.176274582744 28.58174183964729 5.218664884567261 107.6828470081091 24.77492715418339 0.7279289960861206 19.12813699990511 1.750417374074459 21.49073648452759 2.098905503749847 0 4.305248022079468 7.263610675930977 2.123332157731056
431.856293708086 2294.219989269972 3677.946596689522 3.960875935852528 1582.880089826882 6.906785100698471 322.7432122081518 3143.705495506525 4130.849767081439 32.57786272466183 0 179.8726396337152 3358.989280603826 3593.742971628904 22.23018152266741 21.5181952342391 2.025908723473549 0.5629372447729111 0.1103261560201645 0.7394686117768288 2.509670063853264 0.4109046459197998 2.823715195059776 0.125492125749588 4.714754566550255 0.5729722231626511 4.91038590669632 1.144469551742077 0.2106265276670456 0.44312384724617 1185.880680076778 209.4050919935107 206.9732554852962 0.1509539783000946 2.091714397072792 2.227651506662369 53.85937321931124 8.917053572833538 26.28792667388916 4.128304228186607 21.85386676341295 9.491040401160717 1.354396350681782 4.255200363695621 0.2535248994827271 4.12603297829628 96.76722931861877 4.112421117722988 0.6063726246356964 1.179636970162392 0.4058249816298485 0.6542441844940186 0.3357922658324242 4.054641738533974 0.6521163880825043 2.228445827960968 9.470361679792404 132.1790108010173 2.278214678168297 15.83080480992794 9.775441989302635 2.832073897123337 0.7428537458181381 62.4560521543026 2.389974743127823 1.790121093392372 1.109557673335075 0.1969559490680695 4.050575889647007 32.98845825344324 226.8678328990936 20.39127015322447 0 40.61739698797464 35.37749584764242 78.61514585465193 92.66454181075096 47.62199578434229 1983.579103536904 1138.372172243893 27.59144150465727 498.0467492863536 5.835558094084263 0.2408119142055511 1.637984350323677 1.903780773282051 2.190184414386749 0.09719004482030869 0.2139171957969666 0 0.3704435080289841 1.027972228825092 14.01458403468132 7.213819481432438 4.439006842672825 106.6284290552139 16.62298385798931 0 18.93444567173719 83.4336017370224 0.1420073956251144 0.445426270365715 0.4205479323863983 0 2.119575120508671 5.863950043916702 1.872470676898956 1.523134902119637 4.612147152423859 5.033670231699944 3.986093327403069 17.24330890923738 8.061803504824638 17.29498119652271 7.124218478798866 0.1781270802021027 0 0 0 0.6023826003074646 0 0.6190942823886871 0 0 0 0 0 0 0 0 0 0 0 0 0.4962383434176445 1.254334405064583 0 0.1219317093491554 0 4.645629659295082 0 0.742934487760067 0.7344514727592468 0.4048257768154144 0.1836583614349365 0 0 0 0 0.3838306963443756 0 0.08937534689903259 1.094335332512856 0 0 0 0 0.350856825709343 0 0 0 0.8228042721748352 0.2981055825948715 0 0 0.2837666943669319 6.615684188902378 0.5871700644493103 0 0 0 0 0.1045598015189171 0 0 0 19.51715833693743 1.883004158735275 0 0 0.1346665173768997 5.887041568756104 0.2738895118236542 1.786364689469337 0 1.002153038978577 0.3317908272147179 0.4665158614516258 1.664669923484325 0 0 0 0 0 0 0 0 4.362863257527351 6.594422310590744 13.51862110942602 320.1629583388567 21.50657857209444 206.6288361847401 52.18864633142948 70.00328673422337 24.0485703125596 4.396552264690399 92.88920851796865 2.191451653838158 0 2.380659721791744 0.5590407997369766 2.148148566484451 0.08891827613115311 0 0.2316894233226776 4.68577716499567 1.735100157558918
32.1861015483737 45.16468240320683 31.35464927554131 80.87629581987858 19.98632663488388 163.6712822765112 234.0503707528114 4.958505444228649 41.59361357241869 1753.479504138231 179.8726396337152 0 2485.382259309292 236.6646693050861 9.285764634609222 7.526743091642857 0.2185037955641747 0.09666035324335098 0 0 0 0 0.5512137115001678 0 0.6372720897197723 0.1559011936187744 0 0 0 0.1980219930410385 32.21057450026274 7.710561506450176 50.19488084316254 0 0 0.1131745800375938 16.62854140996933 0.2445139810442924 1.138924166560173 0.3411218002438545 1.225327163934708 0.2993178963661194 0.1080592423677444 1.474029712378979 0 0.3345910608768463 32.56284391134977 0.7049269154667854 0 0.08962580561637878 0.09681923687458038 0 0 0.2582214623689651 0.1055885925889015 1.180428728461266 0.4490068852901459 12.43309763818979 0.8629837557673454 4.911190129816532 0.389899417757988 0.3157973289489746 0 16.33868184685707 0.2877752110362053 0.3380049020051956 0 0 1.444546662271023 2.453326672315598 292.1641125679016 27.51748962700367 0.1426646709442139 6.225770197808743 6.549046508967876 27.702476516366 29.14746760576963 11.52475149184465 3.311631582677364 22.98704317957163 2.118585042655468 4.689981736242771 1.011883072555065 0 0 0.6066642850637436 0.4675685912370682 0 0 0 0 0.1445711106061935 1.408986032009125 0.4764767363667488 0.3166086971759796 1882.6922814399 16.53048427402973 0 5.264880865812302 21.21383395045996 4.213978640735149 2.381157971918583 6.63734070956707 0.7541256994009018 10.22432161867619 49.9049064964056 16.13060958683491 12.09252327680588 23.13673523068428 20.42160156369209 27.91209018230438 153.8959658443928 82.78594586253166 160.0193256884813 48.23623822629452 1.953559190034866 0.9961799085140228 0 0 0 0 0 0 0 0 0 0 0 0 0 0 0 0 0 6.025669708848 3.820514604449272 0 0 0 19.37838317453861 0 2.440679356455803 0.4433441609144211 0.8663971647620201 0 0 0 0 0 0 0 3.864556632936001 6.436745695769787 0 0 0 0.1533866822719574 0 0 0.4175247251987457 0 1.095556527376175 1.971150040626526 0 0 0 28.81947208940983 2.729209817945957 0 0 0.4077082872390747 0 0 0 0 0 115.6838393360376 2.215161964297295 0 0 0 39.84793215245008 1.479332700371742 7.200555734336376 0.2468037083745003 2.154581606388092 2.097461380064487 0.4810468629002571 2.588422305881977 0 0 0 0 0 0 0 0 50.01074719429016 22.08935883641243 31.15199010819197 185.0974934324622 14.97082475572824 70.76853654533625 21.5037639811635 109.8948076069355 6.983337923884392 0.7528029382228851 45.11193952709436 8.81938187032938 0 12.12784265726805 1.585621073842049 9.878021724522114 1.364120543003082 0.2265269905328751 5.110681645572186 3.553426593542099 0.3292772769927979
375.7367595285177 848.7769944146276 375.1023507118225 533.6425962001085 335.6112963780761 171.6947302818298 6912.481826983392 48.0267813578248 1286.355391547084 5740.025197289884 3358.989280603826 2485.382259309292 0 3445.786631666124 79.80164024978876 58.53104873001575 3.10845610499382 0.6361857131123543 0.3643983080983162 0.3993230015039444 0.7115269601345062 0.8002316951751709 1.944626241922379 0.5572692602872849 0.989178828895092 1.491907462477684 2.365229494869709 1.692284062504768 1.903004497289658 0.1863932907581329 297.9421303868294 43.98275702446699 1942.993612788618 0.2505930215120316 0.8899739310145378 1.438553594052792 136.7076639458537 20.51092839241028 8.285376735031605 8.969981871545315 7.833860695362091 4.550261586904526 1.570356778800488 9.649079002439976 0.305719256401062 2.906827077269554 251.2013872340322 5.332143194973469 1.409435577690601 2.983423240482807 1.432937532663345 0.827362060546875 1.629651971161366 3.586840130388737 1.741754129528999 6.899665489792824 12.65410298109055 112.8533933386207 4.761054657399654 42.67434316128492 5.887881077826023 85.59423257410526 0.637966550886631 115.5313228964806 8.697771742939949 7.389775864779949 2.451103366911411 0.7664948999881744 2.632458910346031 16.58748316764832 815.6830197423697 97.49446451663971 0.2976334989070892 62.67653819173574 78.18570671230555 245.4657255709171 273.5792236849666 106.007699675858 28.89489801228046 334.338281467557 13.39948578923941 52.60717985779047 13.1581749767065 1.664835713803768 5.947841748595238 5.67458800971508 5.253915093839169 0.1927156299352646 2.008038409054279 0 1.651487730443478 1.204629585146904 4.666620761156082 3.187632873654366 5.524932652711868 3893.510675601661 60.56398937106133 1.234798535704613 8.789010405540466 74.97963394224644 8.195593699812889 6.958503238856792 17.49221699684858 6.002057626843452 30.71762914210558 110.3467435613275 29.7451012134552 47.19735886156559 88.77856854349375 34.01513774693012 56.32432451844215 292.0931650623679 195.4824483916163 305.3571466580033 138.8684417307377 0.8159420788288116 2.747487239539623 0.2044393271207809 0.4775561690330505 0 0 0.122495174407959 0 0 0.2465169429779053 0.2060891836881638 0 0.09877249598503113 0 0.086993008852005 0 0 0.1921503692865372 0 22.6262024268508 16.00604110211134 0 0 0 49.99259329587221 0 8.400038003921509 1.941672503948212 1.85900691151619 0.4136132150888443 0.126442551612854 0 1.194880709052086 0.3405204266309738 0.6058669686317444 0 2.531837679445744 10.63272852450609 0.5115841627120972 0 0 0 0.5036889463663101 0 0 0 2.316913791000843 4.295933730900288 0.2484950572252274 0.3250088095664978 0.5496245324611664 90.52897679805756 6.225829213857651 0.2618172466754913 0 0.1431797593832016 0 0.2994923889636993 0.2053180485963821 0 0 324.1192442625761 3.556074738502502 0 0 0.1337604522705078 106.1371297761798 6.219125419855118 20.79647344350815 1.792481273412704 5.487774237990379 8.267116986215115 6.816593401134014 5.204447284340858 0.1673445999622345 0 0 0 0 0.2016067206859589 0 0.1260223686695099 107.8464669659734 69.46881490200758 113.989429295063 729.2059501409531 128.0806861929595 530.410376559943 163.601686142385 266.337768830359 75.68238819390535 12.80177888274193 265.4897504672408 29.43238866329193 1.572719544172287 28.27812749147415 5.975998625159264 24.36776024103165 2.191113986074924 1.724444985389709 7.50963120162487 20.96899049729109 5.564371503889561
241.1448848471045 1116.256528280675 1153.47345636785 14.16342628002167 644.0967079177499 45.45265011489391 2281.857038460672 428.1685617789626 1660.23779707402 109.1836843788624 3593.742971628904 236.6646693050861 3445.786631666124 0 67.8178449422121 45.3886431902647 3.296911999583244 1.060898400843143 0.4274732768535614 2.423924379050732 1.465568348765373 1.021008476614952 2.682850643992424 1.203260213136673 4.63261142373085 1.707655526697636 5.516341187059879 1.590844012796879 2.925762005150318 0.2190399765968323 674.3656794577837 102.1649829670787 1229.807778403163 0.3744579628109932 1.685987338423729 4.789456255733967 543.7770619392395 11.21064805984497 41.09598826617002 9.274404160678387 18.31312641501427 11.00705232471228 1.684540659189224 5.14434726536274 0.4669297114014626 4.732294633984566 209.0795766189694 5.246248744428158 1.802984498441219 3.539652861654758 0.575306199491024 0.9793833792209625 1.380060069262981 5.66774545609951 1.225629925727844 6.103082567453384 15.36614413559437 162.5122245103121 4.203825555741787 43.09665804356337 9.939197055995464 17.17895751446486 1.588203698396683 112.8955878466368 6.283379089087248 6.529112368822098 1.638634860515594 0.4740756899118423 4.137832500040531 23.20302048325539 1041.773781895638 55.03229174762964 0.2140721827745438 66.18506247550249 73.76748814433813 212.7773974090815 224.3119830340147 80.84073044359684 624.1472053006291 535.4798460230231 19.4121145606041 179.5135074034333 13.72596587240696 1.391753442585468 5.448516178876162 6.119326934218407 7.222922749817371 0.2215948700904846 1.223981201648712 0.5604468211531639 1.509278304874897 1.394310601055622 10.79172986745834 3.342724584043026 7.346397787332535 565.4831571280956 37.5265846401453 3.215216875076294 36.75793240964413 71.43630057573318 2.817464053630829 1.23225449025631 6.162267819046974 0.5126842707395554 10.22062955051661 33.60792375355959 4.922072991728783 12.83432240784168 18.28556498885155 10.75098252296448 15.03481009602547 97.16963750123978 58.67981567233801 102.4487351551652 56.7326073795557 1.171523481607437 1.128385409712791 0.1151259243488312 0.4669062495231628 0.3668578565120697 0 0.2558347284793854 0 0.169995903968811 0.1883113980293274 0.3105321750044823 0 0.1700806170701981 0 0.139988899230957 0 0 0.4588643163442612 0 7.156700670719147 6.625571317970753 0 1.028655588626862 0.3040402755141258 25.87283528596163 0 5.150510862469673 1.43712218105793 0.5050263181328773 0 0 0 0.3055882602930069 0.8892294764518738 0.1540153175592422 0 1.88784921169281 8.167073294520378 0.1471749395132065 0.1542152911424637 0.258536159992218 0 0.5632012635469437 0.2986258268356323 0 0 1.242895796895027 2.458998315036297 0 0.2623102441430092 0.3367114514112473 43.03766993433237 1.700293399393559 0 0 0.1385602802038193 0.284941166639328 0 0 0 0 123.1168559193611 3.264575518667698 0.2085091471672058 0 0.3412518054246902 43.56409000605345 3.429747559130192 11.71011162549257 0.6289117559790611 1.80758560448885 3.385550580918789 1.236360117793083 2.431747980415821 0.09569774568080902 0 0.2110723853111267 0 0.2202297300100327 0 0 0 29.68792522698641 32.26507891714573 48.32695557177067 561.8563236072659 82.29851663857698 442.3404231444001 133.9662303552032 134.8057499751449 66.67635371536016 10.5496988967061 200.5863713547587 19.52616000175476 0.9478349536657333 17.1582268550992 3.032937966287136 5.074375867843628 1.710579544305801 1.333980768918991 2.915100634098053 16.98879147320986 4.919584259390831
