0 3964.828604705632 717.6083093881607 2019.184951558709 300.9129261448979 281.2945295870304 1967.706650793552 4.901759937405586 31.90042239427567 1024.863793000579 59.22211965918541 25.47177962958813 97.69746109843254 110.5817519426346 0.1156415268778801 0 0.3763762265443802 0.1585585623979568 0 0.4317895621061325 0 0 0 0 0 0 0 0 0 0 277.8734399229288 0.6544088572263718 0 0 0 0 0.1187509521842003 0 0 0 0 0 0 0 0 0 21.76158140599728 0.3881890848278999 0 0.2748518586158752 0.3025922700762749 0.1101015582680702 0 0 1.09606659412384 2.159964747726917 263.8761277496815 1091.727975688875 23.83562083542347 1.036270976066589 0 0 0 1.692504964768887 2.185183376073837 0.6836611479520798 2.10700997710228 0.2567543759942055 0 0 0.1693713515996933 0.4471708536148071 0 96.26900999993086 53.85520172119141 16.22016017138958 0.8512324839830399 0 0.3983955830335617 2.607066243886948 0.1328064054250717 0.3615341186523438 10.51427249610424 0.1450672149658203 3.731546267867088 2.520610637962818 0 0 0.6154434606432915 0 0.7267940789461136 0.3547158315777779 0 0.145629957318306 0.1312238872051239 107.7775183320045 0 0 0 696.4370416998863 0 0 2.162920713424683 0 0 15.73115827143192 0 0 38.5749154984951 0 0.8331467509269714 0 0 0 0 0 0 0 0 0 0 0 0 0 0 0 0 0 0 0 0 0 0 0 0.5095389485359192 0 0 0 0 0 0 0 0 0 0 0 0 0 0 0 0 0 0.5204576253890991 0 0 0 0 0 0 0 0 0 0 0 0 0 0 0 0 0 0 0 0 0 0 0 0 0 0 0 0 0 0 0 0 0 0.676933228969574 0 0 0 0 0 0 0 0 0 0 0 0 0 31.94941502064466 3.969594314694405 80.30827335268259 32.32117643207312 833.8573421016335 127.38966396451 4.453632980585098 11.4204920232296 0 0 0.2500727474689484 0 0 0 0 0 0 0
3964.828604705632 0 804.2753075063229 104.0150156468153 2077.498693533242 143.5233027637005 2158.482189968228 9.616825997829437 1004.441792301834 49.09136728942394 357.5707660242915 5.557262420654297 730.908452399075 1322.080908432603 8.99344515055418 0 1.074167884886265 0.1127198711037636 0.1246857419610023 0.1409612447023392 0.4245763495564461 0.1036183312535286 0 0 0 0.6114231795072556 0 0.2739715352654457 0.1545102447271347 0 1611.213939115405 3.498780690133572 0.4117626994848251 0 0 0.09464022517204285 0.908886231482029 0 0 0.3942520543932915 0.3397788479924202 0.2291655316948891 0 0 0.139914259314537 0.4734751060605049 218.2779394164681 7.051891602575779 2.411373734474182 0.8263449594378471 2.418494299054146 0.1556122004985809 0.2515541613101959 1.008580587804317 10.28747867047787 21.250787332654 175.2800934687257 813.4331768155098 46.84866207838058 23.12412600964308 0 0.6119483709335327 0 44.02291885763407 12.87971080094576 10.59201347827911 11.34511970728636 5.365335963666439 0.7247335836291313 0.5649405717849731 0.8501059487462044 0.7461375594139099 0 189.500647880137 93.00178547203541 130.5488172546029 15.81844800710678 0.1372314095497131 0.7318564280867577 4.120102152228355 0 1.971618130803108 32.14302540570498 1.52565773576498 25.43062354624271 16.33197222650051 3.086051814258099 0.6798031479120255 6.385312661528587 0.63758485019207 3.400380037724972 3.571774892508984 1.324312202632427 0.9362807646393776 1.290830686688423 9.667400352656841 0.1166788563132286 0 0 1106.156740881503 1.014860391616821 0 0.5886135697364807 0 1.865857660770416 28.16930177807808 0 9.259050726890564 5.25785768032074 0 0 7.136706717312336 2.778658479452133 4.883749037981033 0.5556135773658752 0 0 0 0 0 0 0 0 0 0 0 0 0 0 0 0 0 0 0 0.7176607251167297 0 0 0 0 0 0 0 0 0 0 0 0 0 0 0 0 0.1842560321092606 0 0 0 0 0 0 0 0 0 0 0.6112921833992004 0 0 0 1.851119734346867 0 0 0 0 0 0 0 0 0 0 0 0 0 0 0 0 0 1.243092775344849 0 0 0 0 0.1637286394834518 0 0 0 0 0.1094657331705093 0 0 1.869264364242554 0 0 327.9091091006994 33.9751759916544 512.8265597298741 169.632767893374 359.2678716853261 276.8352468088269 16.93980371952057 86.72554235160351 4.673757776618004 0 2.130757063627243 0 2.371782064437866 0 0 0 1.000604003667831 0
717.6083093881607 804.2753075063229 0 13.92891278117895 318.3194925710559 23.06992757320404 145.8140602707863 1993.901291020215 909.4480892345309 2.837114281952381 6897.870064720511 19.82644255459309 610.8203901275992 3100.458724044263 4.301371105015278 0.5884962901473045 6.692602403461933 2.690475754439831 0 6.524839296936989 20.73431253433228 0 0 1.715948544442654 27.17321226000786 19.8997363820672 0.4242049902677536 3.472284600138664 2.205704569816589 2.646158061921597 6221.190742522478 334.8518349081278 88.07485039532185 0 0.1022069156169891 20.32184416800737 48.53741453588009 31.21097802370787 6.730866067111492 26.21230401843786 36.64189864695072 21.10674126446247 5.238391205668449 0.2205136716365814 0 1.908754549920559 88.52434526383877 4.327145911753178 3.490909039974213 4.990216165781021 13.46792731434107 0.9521422684192657 0.1748440265655518 2.535345897078514 2.268630661070347 7.2464604601264 125.2817796617746 1399.072565481067 16.49404139816761 12.29076810181141 8.312727570533752 60.97645103931427 0.3351960182189941 670.5194671750069 5.181044369935989 5.722427934408188 7.086359515786171 5.092542581260204 5.270069919526577 26.09691332280636 70.22290116548538 9.409954771399498 0.1079106405377388 79.5971667394042 111.4164369776845 49.84075871855021 9.8137226998806 0.5787080526351929 38.66222414374352 732.8828603699803 1.842964604496956 225.4930271580815 17.15591721236706 0.3300987556576729 14.73218201845884 8.156479008495808 5.165261380374432 0 4.205864183604717 0.1411458253860474 2.982052519917488 2.386245958507061 4.528142005205154 10.44778794795275 7.351525686681271 178.6439406052232 9.528881780803204 0 2.413465924561024 828.2014877200127 5.13000576198101 0 0.697290912270546 0 5.582840830087662 16.52346649765968 0 11.00345921516418 1.465702891349792 0 10.80839261412621 20.03472536802292 17.89050325751305 17.71910238265991 5.783613502979279 0.1247085109353065 0.2344055473804474 0 0 0 0 0 0 0 0 0 0 0 0 0 0 0 0 0 6.411003232002258 0.9111520498991013 0 0 0 1.845755994319916 0 0.4354058504104614 0 0 0 0 0.2218762114644051 0 0 0 0 0 4.589208461344242 0 0 0.7299826890230179 0 0.1358078122138977 0 0 0 0.1069725081324577 0.7672868371009827 0 0 0 13.44977007806301 1.255992531776428 0 0.3298843502998352 0 0 0 0 0 0.1899386346340179 7.844989776611328 0.203551858663559 0 0 0.6125831305980682 8.645028218626976 0 2.004439234733582 2.618924990296364 1.981359228491783 0.3190145939588547 0 2.444392010569572 0 0.1268523186445236 0 0 0.1014248579740524 0 0 0 10.47837805747986 0 0 93.22193200141191 16.11713063716888 198.316861666739 59.04399055242538 142.5015203729272 107.8290455043316 10.3214788287878 32.91674979031086 5.447935216128826 0.1434808820486069 14.53682969510555 0.7614313811063766 2.280104532837868 2.554962515830994 0 7.341915249824524 1.373942136764526 0.3379800617694855
2019.184951558709 104.0150156468153 13.92891278117895 0 2.606630235910416 272.6327609568834 1130.768275618553 0.2787988781929016 0 1349.611753284931 2.155861109495163 157.4874209165573 270.2095292806625 3.727289870381355 0.1458196640014648 0.2434613257646561 0 0 0 0 0 0 0 0 0.1093501821160316 0 0 0.0959792286157608 0 0 4.647620528936386 0.3905360847711563 0 0 0 0 0 0 0 0 0 0 0 0 0 0 22.34848789870739 0.1301380097866058 0 0 0.4282504618167877 0 0 0 0.419505700469017 3.021315589547157 47.97065872699022 133.6646194830537 8.612465977668762 0.7162126153707504 0.1643708795309067 0.1782011985778809 0 1.03041698038578 0.85276198387146 0.6505111008882523 1.045177549123764 0.4879853129386902 0 0 0.1786037683486938 0.3171230256557465 0 27.44857396185398 15.12059433013201 9.851109646260738 0.3252100571990013 0.1670236885547638 0 0.2438226863741875 0.1094706505537033 0.2276478856801987 3.307595022022724 0.2556090205907822 1.910978130996227 1.454583875834942 0.3555174693465233 0.1052865833044052 0.7906156554818153 0 0 0.4501333311200142 0 0.1023080721497536 0.2590963840484619 5.082810238003731 0 0 0 283.6398775205016 0 0 0 0 0 5.842277705669403 0 0 8.272607907652855 0 0 0 0 0 0 0 0 0 0 0 0 0 0 0 0 0 0 0 0 0 0 0 0 0 0 0 0 0 0 0 0 0 0 0 0 0 0 0 0 0 0 0 0 0 0 0 0 0 0 0 0 0 0 0 0 0 0 0 0 0 0 0 0 0 0 0 0 0 0 0 0 0 0 0 0 0 0 0 0 0 0 0 0 0 0.09016040712594986 0 0 0 0 0 46.04612582176924 2.487483732402325 61.59334443509579 19.49183803796768 418.1135784313083 37.73832078278065 1.407604932785034 12.12221072614193 1.184384569525719 0.1282001137733459 0 0 0 0 0 0 0 0
300.9129261448979 2077.498693533242 318.3194925710559 2.606630235910416 0 14.45834316313267 1258.369717650115 58.68205050379038 5152.360592238605 19.24998940527439 1795.338697858155 1.032574348151684 941.2056650593877 1496.52582514286 18.64313615858555 0.4327909499406815 1.285843543708324 0.1287282109260559 0 0.468784436583519 0.1197746992111206 0 0 0 0 0.6893250197172165 0.1229405626654625 0.2752804309129715 1.360663175582886 0 334.9027125313878 11.34257239103317 0.3510052114725113 0 0 0 0.1273141354322433 0 0.1377389430999756 0.3464338183403015 0.6006889045238495 0.3711866140365601 0.1675899773836136 0.1218029037117958 0 0.6011368930339813 278.612774848938 7.990406423807144 2.433611072599888 0.5710887014865875 2.81961540132761 0 0 0.9124199151992798 2.405566357076168 16.73629274219275 84.20091942697763 237.4982452765107 34.32324651628733 30.79947873950005 0.2447578012943268 0.444431409239769 0 94.80897294729948 10.84077796339989 7.839493617415428 8.282906137406826 4.519962690770626 0.3062209561467171 1.17109964042902 2.018606014549732 0.7853585928678513 0 101.6841992810369 59.30495226383209 187.5694502741098 43.43782540410757 0.7120497077703476 0.8642633855342865 2.723365023732185 0.5000118166208267 2.088217362761497 23.28669981658459 1.797935530543327 18.09830781072378 12.03752752393484 2.704186089336872 0.2926265895366669 6.765428312122822 0.2718048393726349 2.447340436279774 3.589649103581905 0.8888866305351257 1.322947986423969 1.443285755813122 55.85837888717651 1.874630898237228 0 0 106.7010749429464 2.423383772373199 0.6731467843055725 0 0 9.396143853664398 34.18528577685356 0 16.53751887381077 0 0 19.64166679978371 42.85272857546806 25.62274812161922 32.06475628912449 10.02338498830795 0.7540000677108765 0 0 0 0 0 0 0 0 0 0 0 0 0 0 0 0 0 0 9.207772433757782 3.1702019572258 0 0 0 0 0 0.8766679167747498 0 0 0 0 0 0 0 0 0 0 2.611623361706734 0 0.6088382005691528 0 0 0 0 0 0 0 0.7877196669578552 0 0 0 5.400933608412743 0 0 0 0 0 0 0 0 0 11.04268158972263 0.3704052865505219 0 0 0 2.559461459517479 0 0 1.968600392341614 0 2.050310045480728 0 1.806682974100113 0 0 0 0 0 0.1282026767730713 0.136453315615654 0 3.433426141738892 2.951114654541016 1.678323030471802 398.4731884971261 47.39566916227341 525.5571003183722 216.3665557205677 107.8071382120252 210.3184121996164 20.17185413837433 222.4613567814231 11.12097551673651 0 14.910420358181 2.321827962994576 1.976094722747803 2.198290109634399 0.2478351593017578 6.535052984952927 2.00696188211441 0.6753351092338562
281.2945295870304 143.5233027637005 23.06992757320404 272.6327609568834 14.45834316313267 0 467.3955353051424 0.3359188139438629 9.604943156242371 1068.333362236619 3.955964922904968 136.8266925364733 292.9206150770187 5.688651293516159 0 0 0 0 0 0 0 0 0 0 0 0 0 0 0 0 1.215762957930565 0 1.300658494234085 0 0 0 0.2297525554895401 0 0 0 0 0 0 0 0 0 0.5112308710813522 0 0 0 0 0 0 0 0 0.1265216767787933 402.9254642724991 367.9836086034775 0 0.1513639986515045 0 0 0 0.1576298177242279 0 0 0 0 0 0 5.059862822294235 5.339323595166206 0 27.18920865654945 1.55527725815773 0 0 0 0 0.5296934843063354 0 0.5092209875583649 0 0 0.407792940735817 0 0 0 0 0 0 0 0 0 0 566.9864640831947 46.27274864912033 0 0 721.5938061922789 0 0 0 0 0 5.047861397266388 0 0 3.363007694482803 0 0 0 0 0.1897294819355011 0 0 0 0 0 0 0 0 0 0 0 0 0 0 0 0 0 0 0 0 0 0 0 0 0 0 0 0 0 0 0 0 0 0 0 0 0 0 0 0 0 0 0 0 0 0 0 0 0 0 0 0 0 0 0 0 0 0 0 0 0 0 0 0 0 0 0 0 0 0 0 0 0 0 0 0 0 0 0 0 0 0 0 0 0 0 0.2574093341827393 0 0.5123504847288132 0.8855023235082626 861.1416653990746 7.801542937755585 0 0.3233292102813721 0 0 0 0 0 0 0 0 0 0
1967.706650793552 2158.482189968228 145.8140602707863 1130.768275618553 1258.369717650115 467.3955353051424 0 11.38922806084156 1186.136729694903 2247.059893265367 197.1542858108878 36.58289301395416 5626.38796492666 2010.115733243525 49.71575010567904 0.8953671306371689 2.257352150976658 0 0 0.2564689964056015 0.6543865501880646 0.2448300719261169 0.1220178529620171 0 0.2800451219081879 1.886614084243774 0 1.09940505027771 2.623061172664165 0 278.11146812886 23.00885763764381 4.872821666300297 0 0 0.2394912987947464 1.74923137575388 0.1243745312094688 0.5516059622168541 0.476196214556694 1.490355424582958 1.254221044480801 0.1311946213245392 0.1932186409831047 0.1129242405295372 0.687061995267868 626.6931866705418 10.98694253712893 3.94341491907835 0.6940020620822906 4.689454033970833 0.7530678808689117 0.330060102045536 2.402154013514519 11.20714200288057 35.25675767660141 239.6895832046866 575.1254757344723 80.53246412426233 59.27353636920452 0.3807093650102615 0.1098106428980827 0.2438254952430725 134.8152130767703 16.46344038099051 16.51647984981537 16.0486207306385 9.3066411241889 0.4775522947311401 2.529304184019566 5.660806804895401 8.888211935758591 0 290.1171459779143 165.700822584331 378.4323916807771 75.57006433606148 1.981057994067669 1.890765070915222 4.11660984903574 1.197330124676228 3.178944975137711 55.4815034866333 3.293458834290504 38.10309880971909 25.31050856411457 7.129334293305874 0.4562545418739319 14.62201596051455 0.3754175379872322 3.609938114881516 4.591456398367882 1.09125679731369 2.198323480784893 4.915955230593681 552.0643348246813 2.256255239248276 0 0.5229675769805908 272.9447697550058 14.33239716291428 0.969390019774437 45.32374265789986 0.3186016082763672 51.97974728047848 135.5277835577726 4.365395203232765 166.5461471229792 5.911811411380768 0.692693755030632 84.87811867892742 217.9714266434312 144.9737378060818 150.7317228019238 90.45552316308022 2.159019738435745 1.059591352939606 0 0 0 0 0 0 0.14866703748703 0 0 0 0 0 0 0 0 0 0 40.25920621305704 2.605170607566833 0 0 0 3.137559220194817 0 0 0 0 0 0.1717391312122345 0 0 0 0 0 1.365248203277588 20.59223824739456 0.3167527914047241 0 0 0 0 2.282299220561981 0 0 0.6737180724740028 5.239817768335342 0 0 0 12.51548178493977 5.587454959750175 1.197158426046371 1.680553317070007 0.1922767758369446 0 0.1298880577087402 0.100998267531395 0.1411297023296356 0 16.4031288176775 2.834660530090332 0 0 0 28.60849487781525 0 0 6.929437763988972 3.266525283455849 11.15236129611731 0.5886549800634384 6.940617591142654 0 0 0 0 0 0 0.1435537338256836 0 35.48635719716549 1.719694346189499 0 1161.959697447717 106.9968730956316 1221.887232460082 559.0834035053849 741.1648348271847 582.0187260061502 48.74683060497046 621.821669369936 47.69463961571455 1.486430987715721 68.29278797656298 10.87813878059387 17.88116033375263 10.29966332018375 0.6804202646017075 12.45406344532967 14.84440541267395 1.810871809720993
4.901759937405586 9.616825997829437 1993.901291020215 0.2787988781929016 58.68205050379038 0.3359188139438629 11.38922806084156 0 159.7374850362539 0.5688958764076233 4288.150799147785 7.219295151531696 173.7832162082195 1210.293419651687 12.29061008244753 2.252279907464981 6.927902810275555 3.403965964913368 0.4252424165606499 8.141659691929817 19.65879326313734 0 0.195530392229557 6.425701603293419 73.45744745433331 51.90285991877317 1.473157495260239 3.917333602905273 7.274957790970802 5.564735025167465 887.4331028461456 547.3695629909635 212.5527359470725 0.3414775729179382 0.1157607287168503 82.75070039927959 108.1937393844128 100.378113925457 20.37648111581802 74.38190058618784 65.65889535844326 41.11065609008074 5.128529191017151 1.685459762811661 0 3.849909245967865 77.59975349158049 4.051922559738159 2.750400014221668 5.958850875496864 20.65562882274389 0.7659273445606232 0 2.623005919158459 2.447311013936996 4.41776642203331 30.39518988877535 173.7852653488517 11.27968613803387 9.495576806366444 14.74630191922188 253.5911610797048 0.7803274244070053 220.8781907111406 2.178812809288502 2.949900485575199 4.903814554214478 6.844064272940159 7.923428177833557 33.03968282788992 54.62236651033163 3.517728492617607 0.1442559957504272 34.83120965212584 37.89305490255356 62.36478663980961 95.94201182574034 14.56030467897654 627.7120611295104 2619.44045124948 118.3593960478902 2231.83875117451 10.14909841120243 1.311554946005344 6.094635210931301 2.96844981610775 4.959499232470989 0.08050540834665298 4.322117611765862 0.6938822269439697 4.751081965863705 2.074043422937393 7.445410557091236 14.94009362906218 14.84549587219954 46.25233348459005 7.144543252885342 0 4.582831546664238 42.35540430247784 1.012554846704006 0 1.762698471546173 0 1.329145550727844 4.563726305961609 0 1.095206677913666 0 0 5.784083411097527 8.137264668941498 3.225408554077148 8.196205481886864 2.425608396530151 0 2.358433127403259 0 0 0 0 0 0 0.1833631843328476 0.3675147294998169 0.139482319355011 0 0 0 0 0.2121210396289825 0.5688880681991577 0 0 2.011492066085339 0 0 0 0 2.4761932939291 0 1.18948221206665 1.353334903717041 0 0.1120925843715668 0.651686355471611 0.1839915066957474 0 0 0 0 0 0.2808541879057884 0 0 0.4080507829785347 0 1.414274036884308 0 0 0 0.2265798673033714 0.4574611485004425 0 0 0 6.512608781456947 0.2398851811885834 0 0 0 0 0.1207227036356926 0 0.1073714569211006 0.2547784149646759 3.905064195394516 0.8751908391714096 0 0 0.7715011239051819 2.366221204400063 0 0 1.511260688304901 0.1547261327505112 1.061937600374222 0.216363862156868 0.2083396166563034 0 0 0 0 0 0 0.1193334758281708 0.1051733046770096 1.675849258899689 0 0 99.0642639324069 14.48292337357998 188.6498571038246 54.9532158151269 22.95048336684704 48.84365304559469 6.697137773036957 40.99172139167786 5.125223696231842 0 8.622746780514717 1.170811668038368 1.205151200294495 0.4971978664398193 0 1.571625337004662 2.140995897352695 0
31.90042239427567 1004.441792301834 909.4480892345309 0 5152.360592238605 9.604943156242371 1186.136729694903 159.7374850362539 0 16.43189540505409 2288.114077106118 0.6445489600300789 566.3239715322852 2554.453266955912 22.00934460014105 1.05460337549448 0.3870267495512962 0.1574219316244125 0 0.2243301570415497 0 0 0 0 0.1234775483608246 0.6693382561206818 0 0.6139515489339828 0.6463050544261932 0 122.4360415264964 16.5638050660491 42.26358079910278 0 0 0 0.7076038494706154 0.2414499372243881 0 0 0.2488329038023949 0.7196150124073029 0 0.1075888052582741 0 0.09470254927873611 169.7136071026325 2.233237028121948 0.8253606930375099 0 0.9799986630678177 0 0 1.03328300267458 1.258679807186127 6.808504343032837 32.62286625802517 68.60963475704193 16.80896231532097 17.63415203988552 0 0.119246244430542 0 41.28903701901436 4.114954136312008 2.545849189162254 3.356945261359215 2.319195225834846 0.1072054281830788 0.1582010984420776 5.02813732624054 12.61430528759956 0 50.65527942031622 25.97857402265072 114.5303136259317 34.32252006977797 0.4401104524731636 0 27.14424474537373 0.3458657339215279 4.130146950483322 8.519611060619354 0.4591905474662781 7.116289213299751 5.248991750180721 1.750583797693253 0.08222195506095886 2.585990272462368 0 0.9142012447118759 0.8911206871271133 0.5707940682768822 0.4403686225414276 1.032647229731083 121.9735703021288 2.055061727762222 0 0 18.37238027900457 6.122598797082901 1.078155159950256 8.485385850071907 0 31.41040715575218 61.54057070612907 0 52.60454970598221 2.327762186527252 0 41.12259052693844 72.11161854863167 52.88522391021252 87.56506302952766 26.67961353063583 0 0.1864130347967148 0 0 0 0 0 0 0 0 0 0 0 0 0 0 0 0.2067099809646606 0 20.84711687266827 0.3967064619064331 0 0 0 3.13107243180275 0 1.220391631126404 0 0 0.4471264779567719 0 0 0 0 0 0 0 6.051037862896919 0 0 0 0 0 0 0 0 0.5320729613304138 1.217895232141018 0 0 0 8.88397228717804 1.266380339860916 0 0 0 0 0.2327773869037628 0 0 0 6.29671710729599 0.6520726084709167 0 0 0 14.8687400072813 0 0 4.0042784512043 2.588426411151886 4.390585325658321 0.2091275304555893 3.632634088397026 0 0.1229338645935059 0 0 0 0.09554179012775421 0 0 9.088324636220932 1.676623940467834 0 343.0793381035328 30.80418839305639 354.9567181095481 170.7067186385393 85.43328580260277 126.7784070894122 13.81444867700338 231.5160430371761 19.85661267489195 2.226852893829346 28.69126258790493 5.047679379582405 3.959573522210121 6.932472944259644 0.1409160047769547 10.55825908482075 4.882759675383568 1.001450777053833
1024.863793000579 49.09136728942394 2.837114281952381 1349.611753284931 19.24998940527439 1068.333362236619 2247.059893265367 0.5688958764076233 16.43189540505409 0 1.122143790125847 1443.582414656878 6137.342569366097 128.8013131022453 0.9858846962451935 0 0 0 0 0.1304750293493271 0 0 0 0 0 0 0 0 0 0 4.371463634073734 0.2488681823015213 0.1785568445920944 0 0 0 0.9852972626686096 0 0 0.1235463172197342 0 0.1635716706514359 0 0 0 0 20.06433276832104 0.4106679335236549 0.09832192957401276 0.1009873822331429 0 0 0 0.128120020031929 0.974020279943943 2.138534404337406 29.55036357045174 155.1313012614846 2.690556712448597 0.8736216127872467 0 0 0 2.622117459774017 0.8365055471658707 1.199139960110188 0.29329863935709 0 0 0.1375981122255325 3.329194203019142 0.6020811200141907 0 15.55713583528996 8.625285372138023 9.988672390580177 0.8326771408319473 0.1633035987615585 0 4.553463310003281 0 0.1930214613676071 1.443514637649059 0 1.27441643923521 1.003571525216103 0.2914746105670929 0 0.7812117859721184 0 0.1261127144098282 0 0 0 0 243.4169687628746 3.4823197722435 0 0 352.371804907918 0.7832594811916351 0 13.97851258516312 1.211693078279495 4.211403772234917 23.73363277316093 0.9920745491981506 20.17840124666691 3.47181411087513 0 5.781163081526756 27.02336058020592 12.07189357280731 16.23281848430634 5.369223684072495 0 0 0 0 0 0 0 0 0 0 0 0 0 0 0 0 0 0 0 3.813937358558178 1.312533497810364 0 0 0 0 0 0 0 0 0 0 0 0 0 0 0 0 2.087747305631638 0 0 0 0 0 0 0 0 0 0.1391083747148514 0 0 0 0 0.839093416929245 0 0 0 0 0 0 0 0 0 0 0 0 0 0.7031963467597961 0 0 0.5379816591739655 0 1.182889342308044 0 0.9610465168952942 0 0 0 0 0 0 0 0 0.372831255197525 0.2070543020963669 0 43.60922991484404 1.354735597968102 53.39907787740231 17.07968676835299 1230.148155808449 24.76635099202394 0.9425248950719833 21.01667127013206 4.726604655385017 0.9513018727302551 7.045928627252579 1.948876850306988 0.8212260603904724 0 0 0.4675755798816681 1.637337386608124 0.4194557368755341
59.22211965918541 357.5707660242915 6897.870064720511 2.155861109495163 1795.338697858155 3.955964922904968 197.1542858108878 4288.150799147785 2288.114077106118 1.122143790125847 0 146.7456227093935 1117.677003264427 4283.694686464965 53.87458601593971 5.389753952622414 6.196279183030128 3.059783682227135 0.3650652468204498 5.267821758985519 2.133419513702393 0.7500465661287308 0 0.7659146934747696 27.90148597955704 36.30468906462193 2.611711025238037 4.376083634793758 8.194177642464638 9.816052094101906 1241.651973620057 467.4663599580526 690.4546794518828 0.1018452644348145 0 8.185290426015854 440.7989154681563 40.94075087457895 77.44314572960138 77.56034485250711 25.37737699598074 17.42894167453051 0.252419114112854 1.566932395100594 0 1.19209161400795 247.47542527318 4.349308773875237 2.173193849623203 4.335360899567604 6.125866033136845 0.8346766903996468 1.06088975071907 1.762044206261635 4.182051204144955 12.33486005663872 64.64858318120241 295.5400238186121 26.98412799090147 27.99278536438942 0.6912657842040062 69.84655970335007 0.1758154481649399 185.9128564149141 7.085394032299519 6.092900618910789 7.379263646900654 4.071070812642574 1.91793879121542 4.188057646155357 252.0973892211914 11.96108564734459 1.697945460677147 79.242665797472 48.33603715896606 189.9368156269193 84.39877723157406 6.237025871872902 111.1460329517722 279.9304808601737 0.2257328405976295 118.1206209436059 21.85460367053747 1.194093592464924 14.88849844038486 10.79492095857859 4.252768754959106 0.5670512020587921 5.481083624064922 0.2256085500121117 4.028334937989712 5.389431476593018 0.9378755912184715 4.756709150969982 8.616885915398598 89.59952580928802 17.06325997412205 0.7594794631004333 23.79796881973743 104.539539091289 0.3034363463521004 0 0 0 0.6076605170965195 1.363772034645081 0 2.810779944062233 0 0 1.741638749837875 9.51367175579071 9.471221521496773 6.603832900524139 3.456984385848045 0 0 0 0 0 0 0 0 0 0.3272081911563873 0.1291340887546539 0 0 0.4118881225585938 0 0.1522529721260071 0 0.2110332399606705 0 2.089125484228134 0 0 0 0 1.099368661642075 0 0.4612015783786774 1.43817538022995 0 0 0 0 0 0 0 0 0.5317166447639465 0.1160030737519264 0 0 0.7317882180213928 0 0.5831744149327278 0 0 0 0.1301399767398834 1.382015824317932 0 0 0 5.686281695961952 0.3787919282913208 0.2197038978338242 0 0 0 0 0 0 0.261510044336319 2.744049057364464 0.1821073740720749 0 0.1569940745830536 0.4755545854568481 0.663411021232605 0 0 1.036349609494209 0.1175778955221176 1.626839265227318 2.02614888548851 2.002276167273521 0.3493929132819176 0 0 0 0 0 0 0.3525744825601578 1.111703664064407 1.43217933177948 0 309.4088142588735 42.37866166979074 413.7794438228011 191.6262418925762 55.87146111577749 148.8139037340879 14.76194808632135 219.4422612562776 11.9683044552803 0.4038540497422218 6.38848239928484 0.5778961181640625 2.225663900375366 0 0 2.021127983927727 7.896735414862633 0.9457754194736481
25.47177962958813 5.557262420654297 19.82644255459309 157.4874209165573 1.032574348151684 136.8266925364733 36.58289301395416 7.219295151531696 0.6445489600300789 1443.582414656878 146.7456227093935 0 1419.820862442255 313.2502295076847 19.25133991241455 4.525589674711227 2.307074651122093 0 0 0.3630763441324234 0.1991538107395172 0.187127873301506 0 0 2.001934535801411 3.243720695376396 0 0.1247132495045662 3.030585899949074 1.288466900587082 22.21992966532707 40.48955451697111 99.45388638973236 0 0 0.3000909760594368 139.1968776732683 2.353960707783699 43.06293587386608 8.286594063043594 2.94232701510191 1.567824050784111 0 1.578146025538445 0 0.2130124121904373 35.9528616592288 0.9195476546883583 0.3460942059755325 0.1433967649936676 0.2039311155676842 1.071824699640274 0.8149604201316833 0.8754391297698021 0 0.4623014032840729 6.799570880830288 18.63611371070147 2.261036448180676 1.825184419751167 0 3.725148186087608 0 25.19306786358356 0.4726304337382317 0.1696158051490784 0.5421405583620071 0.4904521405696869 0.523871973156929 0.2286734580993652 431.1777005717158 55.59537202119827 0 13.93742242455482 9.247779756784439 27.74083771556616 23.4624549895525 1.315344765782356 0.1577185541391373 108.2390846610069 0.174343928694725 3.330611661076546 0.9564368352293968 0 1.110138274729252 0.6133074462413788 0.862454429268837 0.1615307480096817 0.6056655049324036 0 1.437792681157589 1.452361881732941 1.545733422040939 1.462791800498962 1.741555102169514 1956.669161438942 157.8791847378016 1.124802798032761 22.43289509415627 14.72065518796444 8.074180610477924 1.268192917108536 3.184542655944824 0 22.76303632557392 63.49192461371422 0 48.37527089565992 2.593239590525627 0.6427840143442154 26.56043381989002 70.65081968158484 39.96929983794689 68.332160115242 40.93223330378532 0.1913309395313263 0.4551546722650528 0 0 0 0 0 0 0 0.323975145816803 0.5786535739898682 0 0 0 0 0 0 0 0 22.6933084204793 4.430289745330811 0 0 0 4.666832506656647 0.9983895421028137 4.803806394338608 1.349736571311951 0 0 0.2756099104881287 0 0 0 0 0 0.7367155402898788 10.73004534095526 0 0 0 0 0 0.2888469398021698 0.41688272356987 0.1515441685914993 0.7892435118556023 1.294748194515705 0 0 0 22.24675345420837 3.017665319144726 0.9946510642766953 0.1205414086580276 0.2011168748140335 0 0 0 0 0.1309439986944199 10.1731014251709 4.541169881820679 0 0 0.2981716096401215 19.41683529317379 0 0 4.865055441856384 1.366426572203636 8.772113174200058 0 0.8640687614679337 0 0.2548140361905098 0 0 0.2767117321491241 0 0 0 20.36242774128914 13.22444929182529 0 250.9942817240953 19.31843611598015 118.3415542319417 55.09282848238945 352.4141071885824 22.40071777254343 2.959205687046051 152.2925497293472 34.92754002660513 0.1745318621397018 37.60004308819771 4.415038272738457 3.013738065958023 5.165928453207016 0 20.13066726922989 3.504227980971336 1.421265587210655
97.69746109843254 730.908452399075 610.8203901275992 270.2095292806625 941.2056650593877 292.9206150770187 5626.38796492666 173.7832162082195 566.3239715322852 6137.342569366097 1117.677003264427 1419.820862442255 0 3172.943259529769 150.7799731791019 25.03002402186394 20.96943358331919 1.017871633172035 0.1601236164569855 2.871097773313522 2.481359899044037 14.26442842185497 0.2448955178260803 0.5103991627693176 13.83102671802044 11.82546782493591 1.339215986430645 3.751813277602196 11.03556847572327 6.198990046977997 169.5237669795752 168.1383531540632 835.2084227502346 0.2387838661670685 0.1107981353998184 1.452473290264606 448.5706012770534 18.60216833651066 858.9925010800362 181.1829770207405 11.34747264534235 14.39800883084536 0.5728581994771957 2.845348559319973 0 0.2035563513636589 288.121115244925 3.142709039151669 1.740593865513802 0.7844397351145744 3.818499200046062 5.538680791854858 29.20824633538723 3.60409688949585 1.933556511998177 8.733693100512028 45.98806851357222 100.6601108089089 22.74442613124847 22.68578023463488 0.2034015357494354 69.16039054095745 0 155.341442912817 4.882224418222904 4.931941792368889 5.184777639806271 3.599678710103035 0.6388484761118889 2.700185000896454 532.3296446353197 112.9158542454243 2.029049441218376 72.36080802232027 43.71268948912621 240.483450755477 167.5327521562576 18.26382173597813 1.354539416730404 427.3064412996173 0.4198129326105118 50.39939188212156 9.400687903165817 1.018167391419411 8.388200595974922 7.528827980160713 2.535076111555099 1.651049420237541 6.608057633042336 6.338848292827606 3.28664331138134 5.29588045924902 1.221249438822269 3.311054810881615 9.313651911914349 3976.649877607822 96.634048178792 29.13052755594254 344.4609476998448 41.49084419757128 20.65621254593134 1.66890324652195 35.05331054329872 0 85.07479222118855 204.4353353828192 0 176.9206354171038 5.917992830276489 3.625398769974709 121.2295487225056 305.0649954751134 192.9927086830139 228.7878971397877 91.31764847040176 2.125257924199104 0.1505009084939957 0 0 0 0 0 0 0 0 0 0 0.912466824054718 0 0 0 2.115556597709656 0.669804111123085 0 68.0583419278264 7.752123683691025 0 0 0 9.537197187542915 0 7.749248683452606 7.82882085442543 3.600820064544678 0.1650338619947433 1.073760196566582 0 1.904396057128906 2.341119349002838 0.1741905808448792 0 1.960225254297256 30.62108521908522 0.5047500133514404 0.5124830603599548 0.3856776356697083 0.854114830493927 0.31143818795681 0.08958165347576141 0.5056372880935669 0 1.929165318608284 2.358388364315033 0 0 0 36.41152440011501 5.335496112704277 1.412305191159248 0.7346724048256874 0 0 0.1485579013824463 0 0 0.8349882364273071 32.74971161037683 9.151197269558907 0 0 0.5005688890814781 39.3691236525774 0.3875176608562469 1.187005281448364 6.967592321336269 2.750960156321526 22.95009905099869 3.608463168144226 8.99252537637949 0.2526622414588928 0 0.1008344888687134 0 0.1200257390737534 0.1745899468660355 0.1231224238872528 0 53.14002080261707 13.50797383487225 6.984278619289398 937.6093850508332 148.7616264894605 635.4912893474102 365.8333348110318 685.0926759839058 188.32314632833 22.21530326455832 655.1724339276552 55.72080586850643 3.388831421732903 94.53171624988317 23.19157365709543 13.37829114496708 12.91252812743187 0.4164756909012794 31.28554627299309 22.70834712684155 0.8013540208339691
110.5817519426346 1322.080908432603 3100.458724044263 3.727289870381355 1496.52582514286 5.688651293516159 2010.115733243525 1210.293419651687 2554.453266955912 128.8013131022453 4283.694686464965 313.2502295076847 3172.943259529769 0 85.41649160534143 13.46704635769129 4.837503351271152 2.3721764087677 0 2.783360883593559 0 4.004054322838783 0 0.7060151249170303 21.01870372891426 22.49998325109482 1.707743287086487 3.772566750645638 8.278347432613373 7.133037760853767 518.785360917449 209.5289658606052 1115.241039536893 0 0 2.401033475995064 1159.051254749298 24.88390315324068 338.0925731286407 84.18332900851965 14.60285574942827 14.93829532712698 0.1052488014101982 2.218110620975494 0 0.1157002523541451 210.010736502707 2.668563269078732 2.143418937921524 2.902593016624451 4.085766091942787 1.434387549757957 4.505361750721931 2.003833457827568 2.012259818613529 7.794614367187023 48.0701455399394 167.0758528932929 20.59080822765827 22.11034782230854 0.6226679682731628 54.93096861988306 0 128.2121523693204 4.103113897144794 3.617908030748367 5.919631168246269 3.323818527162075 1.519739508628845 2.124931149184704 771.8692558705807 33.76308682560921 0 67.0485922023654 30.65536119788885 188.9701152667403 105.3567751273513 14.85090230405331 78.18742108345032 1064.21683062613 0.5880103185772896 44.40837749838829 12.1232568398118 1.279629155993462 9.358203202486038 6.552555374801159 4.145804442465305 0.1817242130637169 3.852009996771812 2.795231975615025 3.412865146994591 6.259542904794216 2.862889990210533 6.280910700559616 5.902498356997967 617.7444224059582 45.73819689452648 3.242594584822655 103.2454129382968 102.2458104044199 4.244999334216118 0.1755686551332474 6.168080031871796 0 10.19737683236599 31.07067184150219 0.4015826880931854 17.57589682936668 0.9715314507484436 0 23.23398846387863 49.76576712727547 26.66741372644901 38.1742087751627 23.60612933337688 0.9641601890325546 0.7846156358718872 0.3846510648727417 0 0 0 0.3588967025279999 0 0 0 0.1629850268363953 0 0 0 0 0.1289867758750916 0 0 0 15.88335500657558 4.151777878403664 0 0 0 2.184216976165771 0.2663638293743134 2.446310758590698 3.75601464509964 1.123044490814209 0 0.3803801983594894 0 0 0 0 0 0.6181727051734924 6.818004705011845 0 0 1.325982451438904 0 0.8026255369186401 0.3344340324401855 0 0.1086174473166466 0.1444436013698578 0.8712528944015503 0.8829233050346375 0 0 20.09734812378883 2.901171147823334 0.09073010832071304 0.2748300135135651 0.1248428896069527 0 0 0 0 1.770161956548691 7.23885041475296 2.049068838357925 0.5878340154886246 0 0.5763042867183685 10.43640834093094 0 0.4782803654670715 1.684291526675224 1.161172583699226 3.10848680883646 1.172726035118103 1.742730289697647 0.468010276556015 0.08148109912872314 0 0 0 0 0 0.6418422907590866 9.944116175174713 3.465676158666611 1.497805833816528 566.0006843805313 61.38394029438496 488.1792246326804 234.1143160685897 110.9931356161833 123.0531960874796 13.7698098346591 378.1745616495609 27.91600361466408 0.1257816404104233 24.81724268198013 5.638814628124237 2.854700043797493 4.745702981948853 1.119470044970512 6.809970811009407 6.105122394859791 1.851728066802025
0.1156415268778801 8.99344515055418 4.301371105015278 0.1458196640014648 18.64313615858555 0 49.71575010567904 12.29061008244753 22.00934460014105 0.9858846962451935 53.87458601593971 19.25133991241455 150.7799731791019 85.41649160534143 0 1568.720348030329 824.6272915005684 10.26750826090574 2.95080378651619 16.0674461722374 10.3840866163373 2.26927387714386 0.5968156903982162 1.877793088555336 22.30107630044222 14.9082313850522 2.946371473371983 5.96561386436224 6.941579073667526 5.317231804132462 3.825211383402348 9.457214258611202 49.2806186825037 0.8013272807002068 0.5415724515914917 4.789325341582298 275.9486960917711 70.12737511843443 145.7955993637443 123.0084381178021 7.299204625189304 7.297013700008392 13.55122537910938 952.223709538579 63.98305218666792 150.8093349486589 445.188497364521 43.86295966058969 28.32349225133657 17.65202853828669 10.75025800615549 1.635877668857574 1.048414379358292 2.695698469877243 0 2.346558414399624 0.738078661262989 2.415722690522671 7.801625914871693 66.5029014647007 36.47246468067169 7.635304793715477 0.3372298702597618 5.210906714200974 1.22956445068121 5.147014200687408 8.67790986597538 24.59160992503166 35.15765547007322 26.54714363068342 123.2820432856679 48.58197512477636 0.4116568043828011 103.1214510127902 0.4164040014147758 475.7759846523404 641.8903029114008 1108.78811930865 69.36442076414824 41.75126104801893 177.9199322089553 44.47829579561949 10.4460421949625 0.1331624537706375 16.32689878344536 3.061621122062206 66.65687783062458 0.5191691368818283 4.109231032431126 1.39362820237875 2.988977178931236 3.710957042872906 4.996727876365185 2.92916539311409 3.011823035776615 32.45317351073027 51.31987693160772 0.3924751430749893 83.43162602931261 0.1231333166360855 0.975675642490387 0.779638946056366 0 0 0.3245953917503357 0 0 3.737147450447083 0 0 2.351734861731529 1.427872881293297 4.00565841794014 3.314096227288246 2.191761739552021 1.933972530066967 1.406851172447205 0 0 0 0 0 0 0 0.2105177044868469 0.1180385872721672 0 0 0 0 0 0 0.1487999111413956 0 4.0942557528615 1.560269355773926 0 0 0 1.84918600320816 0.5879703164100647 3.273201897740364 0.8882072269916534 0 0 0.1649301648139954 0 0.8678383976221085 0 0 0 0.9344704896211624 3.428609319031239 0 0 0 0 0 0 0 0.2648369669914246 0 1.354404270648956 0 0 0 23.38464014232159 3.90175798535347 0.1142881214618683 0 0 0 0 0 0 0 3.340866670012474 10.48735038936138 0 0 0 3.444453403353691 0.7249138951301575 4.20326566696167 0.7203080281615257 1.063846230506897 6.366918966174126 0 1.863765321671963 0 0.2357442378997803 0 0 0 0 0 0 0.5195244550704956 1.867046415805817 1.278865441679955 35.09669166058302 19.16131294518709 300.6105497777462 30.33685205876827 6.177751235663891 15.9742671251297 4.707047507166862 23.05456527322531 14.10245885699987 0.2665856555104256 14.76136390119791 6.911637127399445 4.062544524669647 2.014524057507515 0 11.46114675700665 0.1643206030130386 2.759926006197929
