0 3680.374799363315 535.4025669842958 4011.752576127648 83.45593986660242 139.6299603879452 3177.298175252974 379.4399446249008 122.8819254338741 3093.268235832453 790.9074047505856 111.5410919338465 766.9108871370554 438.6653755530715 3.789589680731297 0.2803465723991394 0.1852001845836639 0 0 0 0.09153418242931366 0 0 0 0.4497793316841125 0.109298974275589 0 0.5319188833236694 0 0 1138.044808648527 0.2098705172538757 5.220873385667801 0 0 0 4.039751753211021 0 1.331431031227112 0 0.3683637604117393 0.1106517016887665 0 0.5321840345859528 0 0 15.3985093832016 0.9765177741646767 0.1395829170942307 0 0.2039075791835785 1.01258097589016 0 0 3.72944813221693 6.217026703059673 82.35556132346392 1232.934417903423 3.977593585848808 26.44260066002607 0 0.4623710811138153 0 3.14478175342083 4.129971757531166 2.602832458913326 1.921253129839897 0.08888303488492966 0 0.1528257578611374 20.90027610957623 27.00692293047905 0.6867211163043976 82.12962278723717 7.858293786644936 5.437882170081139 1.846466973423958 0.7258460447192192 0 38.43207751214504 0 1.372905418276787 7.078363195061684 0.2210657298564911 0.7378112375736237 6.258502319455147 0.1112187951803207 1.110208198428154 0.4493328556418419 0.2211805880069733 0 0.1212504357099533 0 0 0.09184673428535461 120.9929814338684 3.950003370642662 0.9415040910243988 1.294283419847488 499.6056668460369 0.2552704811096191 0 0.5661835372447968 0 7.639365315437317 15.90203821659088 0 8.363891512155533 20.41559295356274 5.556661307811737 1.132866278290749 6.730938285589218 9.735908538103104 3.544271096587181 5.426116451621056 0.1704586148262024 0 0 0 0 0 0 0 0.1888694912195206 0 0 0 0 0 0 0 0 0 0 6.131625473499298 0 0 0 0 4.72232748568058 1.233056828379631 0 0 0 0 0 0 0 0 0 0 2.79914602637291 1.665450036525726 0 0 0.1594765335321426 0 0 0.2865643799304962 0.2939116060733795 0 0 1.736992537975311 0 0 0 8.936497211456299 0 0 0.6032394170761108 0 0.3937373161315918 0 0 0 0 9.511775478720665 0 0 0 0 1.446239858865738 0 0.9708606600761414 1.26845920085907 0.4233931601047516 3.748905286192894 0 0 0.1193314790725708 0 0.1074835807085037 0 0.1204340234398842 0 0 0 7.672354727983475 3.426982879638672 1.103123620152473 11.49092145264149 5.158043071627617 37.88520543277264 6.870746850967407 677.6765492334962 2.687790349125862 0.9683046266436577 5.518598333001137 0.1659781783819199 0.1289863288402557 2.377466380596161 0.564583882689476 0 0 0 0.2022610902786255 0 0
3680.374799363315 0 1679.90186971426 597.2250565141439 1941.893024012446 295.9719834178686 6787.28617028892 916.3861498683691 815.8751744106412 222.3754230290651 2318.820740602911 12.56646285206079 787.7651918455958 917.3363062217832 22.6332773193717 0.3426158651709557 1.13995473831892 0.2233476638793945 0.1078247502446175 0.09552057087421417 0.5727751702070236 0 0 0.1280255168676376 0.09723051637411118 1.164797477424145 0.1244803816080093 0.3653572052717209 0.4431519210338593 0 3674.728857859969 2.620480597019196 9.634551219642162 0 0 0.3175982534885406 1.625113427639008 0 1.143165782094002 0.1237554177641869 0.8260765820741653 0.3145280405879021 0 0.5731624066829681 0.09535425901412964 0 113.2361735031009 5.973303109407425 0.5129085332155228 0.1035100743174553 1.56975831836462 0.3834483698010445 0 1.200837947428226 13.39272118359804 19.25690983235836 57.01540651917458 1559.64761775732 5.5096480473876 115.5451986789703 0 0.2893702983856201 0.2121202200651169 41.40816091746092 18.20013196021318 17.78750512748957 9.357162892818451 2.092598304152489 0.5276619493961334 1.901472002267838 25.27195362746716 17.68506327271461 0 182.4730157181621 83.50940158218145 72.89101882278919 29.76528066396713 1.383947432041168 0.1902658492326736 78.32821579277515 0 0.5704240724444389 31.72740608453751 0.275935672223568 4.611895002424717 24.30211282521486 1.001294702291489 0.2046057134866714 2.29110936075449 0.3989293873310089 0.8722992539405823 1.080916486680508 0.7942162379622459 0.6259932219982147 0.7528930306434631 64.61994104087353 2.59052374958992 0 2.327220320701599 709.0379218384624 4.35337883234024 0.1089291721582413 5.112418174743652 0 7.995735645294189 26.82491026818752 0.3591105043888092 12.76774825155735 9.819671049714088 3.687973946332932 2.043593972921371 15.95558986067772 18.65421895682812 22.36159470677376 19.47436544299126 0.7877412438392639 0.5036240369081497 0 0 0 0 0 0 0 0 0 0 0 0 0 0 0 0 0 13.26554197072983 1.346505463123322 0 0.1420977562665939 0 8.945437073707581 1.02187442779541 1.217023342847824 0 1.149161219596863 0 0 0 0 0 0 0 1.913787126541138 5.150603592395782 0 0 0 0 0 0 1.406122893095016 0.3845950663089752 0 3.465464234352112 0 0 0.1527561247348785 16.1901927292347 0.842637836933136 1.187089562416077 0.5424214452505112 0 0 0 0 0 0 33.97715263068676 1.301268130540848 0 0 0 5.003169447183609 0.6789189577102661 2.641034066677094 1.86274991184473 2.657985001802444 5.559824675321579 0 0 0.1067064702510834 0 0 0 0.6343954131007195 0 0 0 14.36089135706425 5.856329441070557 4.097497880458832 138.6571839526296 21.13559839874506 369.9022205322981 32.72167437523603 792.8448579758406 9.794855438172817 3.824876241385937 31.0917888879776 2.161380022764206 0.6315980479121208 6.160732053220272 3.191317543387413 1.10856831073761 0.09752024710178375 0.1204558536410332 0 0 0
535.4025669842958 1679.90186971426 0 23.3440940529108 739.734425611794 24.43256507813931 340.6305646449327 2881.583939298987 1027.027825117111 42.31703959405422 3346.51769118011 17.80455395579338 330.6612940877676 1101.375424824655 17.99146595597267 9.044939659535885 0.372485026717186 0 0 1.162213310599327 2.864542998373508 1.078125387430191 1.626692891120911 0.2537903189659119 7.559590004384518 0.2382140755653381 1.656284295022488 0.9445328861474991 0 0 4391.328944928944 36.29093098640442 89.8353625908494 0 2.819842830300331 7.205175824463367 19.07857213914394 1.296125590801239 0.2029682099819183 0.5453271567821503 6.207691304385662 2.452251829206944 2.148738771677017 5.541831851005554 0 0 31.97202519327402 2.156432174146175 0.4336172789335251 0.7615059018135071 4.427558921277523 0.3432580232620239 0 0.9641099274158478 2.760628260672092 3.668557673692703 20.96791712194681 834.5804776102304 1.346949845552444 37.72476394474506 2.825757652521133 2.98675724864006 5.955339074134827 400.3616355583072 3.464959435164928 3.784944973886013 1.899072013795376 1.682684704661369 3.479887321591377 24.78145072609186 94.86719374358654 26.96473091840744 0 62.65049190074205 82.54797445237637 34.53915716707706 15.29536586999893 5.577671654522419 183.0430667623878 1078.378887727857 2.659756973385811 105.3262517526746 7.364156179130077 0.09027622640132904 1.399587400257587 5.094725742936134 0.6210154592990875 0 0.2568924278020859 0 0.3322199285030365 0.8303643614053726 14.097312733531 0.4744461849331856 0.534773088991642 71.84650023281574 13.75491762161255 0 13.71921098232269 104.2470061257482 7.690620556473732 0.1866457015275955 3.857228726148605 0 6.261249005794525 23.68534889817238 0.7661999464035034 12.384526014328 4.942973643541336 1.968100786209106 1.957424938678741 12.41588051617146 31.07577495276928 19.12895941734314 10.61325624585152 0.3273296356201172 0.7347576469182968 0 0 0 0 0 0 0.160015195608139 0 0.1570517271757126 0 0 0.8173025846481323 0 0.1972171366214752 0 0.1338432729244232 0 13.29925036430359 1.05158931016922 0 0 0 8.892582148313522 1.379576623439789 3.735473036766052 0.182009145617485 0 0.1698955148458481 0 0 0 0 0 0 5.427932888269424 3.954817906022072 0.8014031052589417 0 1.171416476368904 0.1509139090776443 0.2246465086936951 0.3266179263591766 2.177141845226288 0.1461725234985352 1.320404887199402 2.246975660324097 0 0 0.2460903376340866 33.97973458468914 4.718536496162415 0 0.6968080252408981 0 0.2311334311962128 0 0 0 0 71.72623714804649 13.58327811956406 0 0 0 9.835744187235832 0 10.61773088574409 1.754307717084885 5.697697401046753 12.57451295852661 0 0 0.1828764379024506 0.1058185026049614 0 0 0 0.07477383315563202 0.2728643417358398 0 19.83757343888283 17.34638014435768 7.702349200844765 45.55304262042046 7.336689829826355 83.33863664418459 8.865983799099922 93.94734087586403 3.541127860546112 0.5469871982932091 12.90666981041431 0.1281159520149231 0.1234048455953598 5.22884826362133 1.422861881554127 2.85721743106842 0.09708796441555023 0 0.4808098077774048 1.534808591008186 0
4011.752576127648 597.2250565141439 23.3440940529108 0 7.561288744211197 523.814874112606 908.9330566972494 7.242657408118248 21.10145382583141 2004.793986946344 10.13882450759411 8.251067250967026 686.0899837464094 79.06722392141819 3.290864750742912 0 0 0 0 0.135240763425827 0 0 0 0 0 0.1098972633481026 0 0 0 0 391.7248272150755 0.1620337516069412 0.651152640581131 0 0.2046945095062256 0 0 0 0 0 0 0.1613451838493347 0 0 0 0 18.38333297520876 2.466195903718472 0 0 0.6253938302397728 0.1088508889079094 0 0 5.317391902208328 6.107524007558823 23.54834827780724 341.7090241014957 1.87238172441721 25.60758201777935 0 0 0 9.634117648005486 3.667918458580971 4.444715827703476 2.314064122736454 0.6456273794174194 0.1436945796012878 0.1367572844028473 3.815455377101898 1.525735974311829 0 55.11207077652216 10.42298831790686 10.12331913411617 2.612526714801788 0.2629234790802002 0 2.306525021791458 0 0.3160940110683441 6.247388035058975 0.08313347399234772 1.584861733019352 5.531903967261314 0 0 0.4817840605974197 0 0 0.2037722393870354 0.1313105523586273 0.1385207176208496 0.2083032131195068 102.8354286104441 0.1587856709957123 0 0 264.7395628839731 2.316621899604797 0 0.6864745020866394 0 1.145337700843811 15.11295415461063 0 3.607194811105728 19.59206637740135 0 0 14.52215507626534 10.63372431695461 12.0848141014576 2.633298218250275 0.2700993716716766 0 0 0 0 0 0 0 0 0 0 0 0 0 0 0 0 0 0 5.819120705127716 0.1649172902107239 0 0 0 2.410772085189819 0 0 0 0.2778004109859467 0 0 0 0 0 0 0 1.391797810792923 0.8163131028413773 0 0 0 0 0 0 0.3354589343070984 0 0 0 0 0 0 3.770341753959656 1.775691866874695 0 0 0 0 0 0 0 0 7.519345745444298 0 0 0 0 2.607070475816727 0 0 1.027266085147858 0.6687754243612289 1.380328610539436 0 0 0 0 0 0 0 0 0 0 3.700420960783958 0.793738842010498 2.072623401880264 16.11624386906624 4.290740095078945 63.66934937238693 5.193744942545891 432.3114465102553 0.8859685808420181 1.160379141569138 4.437422670423985 0 0 0.3859048187732697 0.573423832654953 0 0 0 0 0 0
83.45593986660242 1941.893024012446 739.734425611794 7.561288744211197 0 9.0036661028862 1360.862433128059 63.73829264193773 3642.444505862892 154.4548117518425 2153.095745190978 4.63138273358345 639.124541670084 1632.30180580914 43.28571005910635 1.037978693842888 0.3768241703510284 0.2600468844175339 0.1595504432916641 0.1764252632856369 0.3913317695260048 0.3578453958034515 0.2954858243465424 0 0.1812061816453934 0.3865804597735405 0 0.629769541323185 0.9688076376914978 0 217.9667145833373 2.431187137961388 3.205005012452602 0.1505082249641418 0 1.527633011341095 2.104506433010101 0 0.4966537356376648 0 0.9773024916648865 1.397543422877789 0 0.659634456038475 0.1873291730880737 0.4269871711730957 96.20695114135742 5.138604767620564 0.7333730384707451 0.1137750819325447 1.27074620872736 0.2993347868323326 0.3808974921703339 1.743750087916851 5.051784574985504 6.477646268904209 11.81887259334326 91.71654622256756 3.322172231972218 72.1010025292635 0.4940262287855148 0 0.3347628563642502 24.73200705647469 9.389709509909153 9.450657665729523 5.898472853004932 2.506531208753586 0 0.1143141463398933 11.62506620585918 8.27028514444828 0 68.85299724340439 47.3506438061595 75.86632528156042 48.8929775506258 1.392963588237762 0 2.341623425483704 0.103192538022995 0.109381191432476 11.70629774779081 0.5316258072853088 3.615297541022301 10.73586837202311 0.9584589526057243 0.08868426829576492 2.388678848743439 0 0.6804050803184509 0.6133713722229004 0.8635929226875305 0.6448121666908264 1.516365177929401 85.23179844021797 1.526638329029083 0 1.933874726295471 9.939358726143837 8.332165896892548 0.2249616682529449 8.239104747772217 0.7517374157905579 21.55014953017235 61.34047922492027 0.1978979408740997 29.60061475634575 20.12466570734978 14.71343636512756 5.940719231963158 45.63935007154942 50.97357243299484 39.98670394718647 28.72706063091755 0.7984641641378403 0.4739853739738464 0 0.2093473225831985 0 0 0 0 0 0 0 0 0 0 0 0 0 0 0 37.47140026092529 1.016511023044586 0 0 0 9.453421860933304 0.2385336756706238 1.472046568989754 0 0 0 0 0 0 0 0 0 8.083446472883224 7.66095232963562 0 0 0 0 0.2482866644859314 0.6929923743009567 2.479924738407135 0.1051764413714409 0 4.353783398866653 0 0 0 27.87463034689426 3.284876525402069 0.6318874508142471 0.8272475153207779 0.3889558389782906 0 0 0 0 0 55.5524742603302 1.28681842982769 0 0 0 11.28370733559132 0 4.190066277980804 5.879497513175011 5.750850766897202 10.55827039480209 1.816506087779999 0.7416104972362518 0 0.1338478624820709 0 0.1353009194135666 0.1404673010110855 0 0.1180835738778114 0 17.15471133589745 6.517541810870171 3.807844504714012 243.0510495826602 32.75943533331156 365.3691781833768 51.7731267362833 70.12922199815512 20.39769692718983 3.246449805796146 52.43879096955061 3.11046889424324 0.2391839101910591 9.993537567555904 2.062299333512783 3.879998579621315 0 0.5181194692850113 0.4170940443873405 0.6248798370361328 0.3598907291889191
139.6299603879452 295.9719834178686 24.43256507813931 523.814874112606 9.0036661028862 0 281.3961238265038 12.94084656238556 29.25172945857048 920.8400817513466 27.90626476705074 402.2470504194498 412.4215744584799 73.40230056643486 0.3637530654668808 0 0 0 0 0 0.2154967039823532 0.2894917130470276 0 0 0.3167466819286346 0 0 0 1.8693618029356 0 60.08682125806808 3.341348499059677 12.54549507796764 0 0 0 16.24390272796154 0.828337237238884 4.289232075214386 0.6676484346389771 0 0 0 0 0 0 1.096813470125198 0.2945330888032913 0 0 0.4588573575019836 5.561673119664192 0 0 0.6422317326068878 0.1157044097781181 138.1524358764291 134.1147426888347 0 2.335288912057877 0.2174239754676819 0 0 0.1612140536308289 0.5596735700964928 0.1932143494486809 0.07653535902500153 0 0 0 115.0780729353428 199.5722835361958 6.281159579753876 1.753360271453857 0.6510839760303497 0.6121528297662735 0 0 0 7.660369232296944 0 0.2055985927581787 0.7627769261598587 1.915088012814522 0.1083793267607689 0.2819322198629379 0 7.811160363256931 0.6740034222602844 7.423881158232689 0 0.258103609085083 0 0 0.1792249977588654 374.6733146905899 33.76643259823322 23.2224462479353 12.08087900280952 413.9683779478073 0.6852991580963135 0 0.375164657831192 0 0.2386316508054733 4.442959576845169 1.237921237945557 2.061537221074104 1.627531558275223 0.2918012738227844 1.196649104356766 2.595008909702301 1.649141743779182 4.410540342330933 1.47528088092804 0 0.1735934615135193 0 0 0 0 0 0 0.1808257699012756 0 0 0 0 0 0 0 0.1492926925420761 0.2396466434001923 0 1.161361396312714 0.1355536580085754 0 0 0 2.42993289232254 0.1955809891223907 0 0 0 0 0 0 0 0 0 0 0 1.219765245914459 0 0 0 0.7530393600463867 0 0 0 0 0 0.6978468894958496 0 0 0 2.074940115213394 1.069140553474426 0 0 0 0 0 0 0 0 5.130140244960785 0 0 0 0 1.413888782262802 0 0.4602729827165604 0.6170564293861389 0.3621706962585449 0.2632267475128174 0 0.3553082048892975 0 0 0 0 0 0 0 0 1.254583984613419 2.003316611051559 0.1978302747011185 3.990205518901348 0.4746740609407425 4.155804745852947 1.016171865165234 323.0818541049957 1.198649287223816 0 1.439409106969833 0 0 0.3081409782171249 0.1342549175024033 0 0 0 0 0 0
3177.298175252974 6787.28617028892 340.6305646449327 908.9330566972494 1360.862433128059 281.3961238265038 0 38.09535926580429 1022.337881654501 1504.426506504416 331.8677400052547 17.89760537445545 5520.267074935138 2130.10648342222 92.30257221311331 2.579207107424736 1.59375661611557 0.4546529874205589 0.1369642317295074 0.5415313914418221 1.650828331708908 0.8628981411457062 0.08193092048168182 0.1407912373542786 0.197271853685379 2.521769300103188 0 2.96021419018507 1.036301128566265 0 1111.378275185823 3.528966709971428 4.952540695667267 0.2058898359537125 0 0.09967557340860367 1.449854835867882 0.3730623871088028 0.2749925851821899 0.2370229959487915 2.4570641964674 3.742475815117359 0.1565507501363754 1.162854976952076 0.4971596077084541 0.273922398686409 328.8467031791806 23.51530741900206 3.112305492162704 0.2516423091292381 4.520452611148357 1.013395383954048 0 2.955951109528542 27.91826691478491 42.7987926825881 68.89646735787392 765.0861194059253 8.16093859821558 298.4884581640363 0.472546398639679 1.062230437994003 0.9252065122127533 101.9457102492452 49.83386139571667 48.19992862641811 26.49318565428257 9.098021402955055 1.062543414533138 1.094770841300488 26.62903587520123 14.734528824687 0 343.9682233631611 187.7311424836516 215.8498755171895 130.3631465658545 4.345434010028839 0.395694874227047 5.094058871269226 0.5732497423887253 1.372237324714661 74.05127161741257 1.405276492238045 15.61686220765114 69.8565986007452 4.101846866309643 0.1898666396737099 10.25798196345568 0.6543046832084656 1.930054634809494 3.721740864217281 2.780111528933048 0.9040958136320114 6.039125747978687 307.8224124312401 0 0 0.8861544877290726 168.3924106955528 32.47569920122623 4.776567250490189 41.16301552951336 6.426634892821312 63.87276223301888 125.1209761500359 3.915484830737114 58.80725206434727 44.71607029438019 27.72057268023491 15.78977116942406 89.9154576510191 109.5963622480631 74.588966563344 49.12306989729404 0.7842486351728439 1.128550797700882 0.3898850679397583 0.1790084391832352 0 0 0 0 0 0 0 0 0 0 0 1.150837868452072 0 0 0 89.81171870231628 2.885945126414299 0 0 0 19.1808116286993 3.286787793040276 5.693125024437904 0.1296454668045044 0.1399080902338028 0.1741267740726471 0.533473789691925 0 0.1116935908794403 0.5118064731359482 0 0 16.32212893664837 17.0738117992878 0.2963154315948486 0.404219314455986 0.21035136282444 0 0.5174008309841156 1.885952740907669 3.571161210536957 1.002531126141548 1.24423411488533 10.87248563766479 0 0.2408702671527863 0.1017753183841705 56.75584214925766 3.716020941734314 4.342923030257225 3.023597657680511 1.346490889787674 0 0.09174451231956482 0.08689456433057785 0 0.1557565331459045 139.0007509589195 4.749221250414848 0 0 0.1229331269860268 22.0301616191864 2.403924509882927 9.884920388460159 12.00514857470989 12.69955378770828 24.88454280793667 1.728489309549332 1.872753277420998 0.1309958249330521 0.149416372179985 0.2793738171458244 0.1408866494894028 0.4298993721604347 0.3185285106301308 0 0.1623344272375107 39.10355907678604 34.87615831196308 6.945639058947563 528.139352016151 110.9170071333647 1162.623387418687 158.5220458656549 574.116988144815 46.94564736634493 14.12555644661188 130.8803282976151 4.632630787789822 2.23514212667942 23.23165879398584 8.264472775161266 10.5539438277483 0.625391386449337 0.9564095512032509 1.021758936345577 1.615191459655762 0.7238429486751556
379.4399446249008 916.3861498683691 2881.583939298987 7.242657408118248 63.73829264193773 12.94084656238556 38.09535926580429 0 251.5357125401497 8.035919904708862 2247.01987759769 28.64677934348583 470.3563718944788 1293.64778252691 73.54836183041334 17.9769082441926 2.130023144185543 2.021175861358643 0 7.433447919785976 31.60619542002678 0.4038322269916534 6.576253190636635 0.6381292790174484 21.62535714358091 2.045245483517647 3.315372370183468 5.211252197623253 1.392839029431343 1.305528670549393 5195.350294828415 1138.831703528762 157.7185139209032 1.164008274674416 11.20147188007832 29.82150090485811 20.00953385233879 5.820950463414192 3.39046785235405 3.048571422696114 43.60081920772791 3.267414256930351 20.54344991594553 15.8984293192625 0.4802079498767853 2.792821824550629 119.4043800085783 6.821797288954258 2.793104350566864 11.61541552096605 10.62589155137539 0 0.3948259651660919 3.81181326508522 5.262334458529949 9.351911015808582 25.54384087026119 754.2024450972676 3.874737538397312 107.6513185575604 45.98524722456932 23.1208959966898 36.82040396332741 1092.196468695998 8.920556284487247 14.23398219794035 9.263253182172775 18.73747875541449 24.8204784989357 156.710503757 63.22693109512329 16.80514985322952 0 148.5494995415211 284.2197733744979 156.2830770686269 630.4031496569514 106.7341306805611 679.5505115762353 2909.911204151809 76.00532195717096 1340.998194850981 17.75429831445217 0.1022776439785957 4.316338159143925 12.05140885710716 5.75370080769062 0.2419812828302383 4.341428108513355 0.4944257512688637 2.10246853530407 1.924118459224701 58.9228595495224 2.129295691847801 2.135813906788826 37.16737598180771 4.551785051822662 0 1.562970109283924 75.56229452043772 3.583773493766785 1.062419772148132 0.8009080290794373 0 1.338683128356934 8.435864210128784 0 3.771811813116074 4.663518399000168 2.794915288686752 0.8628201484680176 4.137032806873322 8.365942358970642 9.18558344244957 3.984117060899734 1.442425072193146 0 0 0.1345848739147186 0.2287340313196182 0 0 0 0.2708083242177963 0 0.4604985564947128 0 0 0 0 0.251144103705883 0 0.1863045543432236 0.1184006333351135 7.027361333370209 0 0 0 0 8.201448872685432 1.302553668618202 0.8180583268404007 0.2443517744541168 0 0.5232791751623154 0 0 0 0 0 0.2938063144683838 2.972757831215858 1.949049338698387 0.6485339999198914 0.5543295741081238 0 0.1508958041667938 1.010225586593151 0 0.5176510214805603 0.2947268187999725 0 3.400585830211639 0 0.1067532300949097 0.2274869382381439 14.54501634836197 0 0 0.3863458633422852 0 0 0 0 0 0 27.7136709690094 4.059336453676224 0 0.1010534688830376 0.1319974809885025 1.101275503635406 0.2669456601142883 4.796316638588905 2.643382981419563 2.013698279857635 0.70827317237854 0 0 0 0 0 0 0.5968970209360123 0.2085941433906555 0.1891196519136429 0 5.879651695489883 11.17733280360699 2.521436497569084 130.1430789604783 19.90067709982395 282.2596764042974 30.15006703138351 51.98684421926737 9.240063309669495 1.207614488899708 46.33674899488688 0.9608015641570091 0.1285602599382401 4.224944233894348 1.68298264592886 0 0 0 1.123741842806339 1.508074373006821 0.7123774439096451
122.8819254338741 815.8751744106412 1027.027825117111 21.10145382583141 3642.444505862892 29.25172945857048 1022.337881654501 251.5357125401497 0 428.0090942084789 3882.237520672381 28.40080465376377 2232.565405085683 4627.114753246307 150.8490884527564 9.234812289476395 0.4278118088841438 0 0 0.1225262954831123 1.052512928843498 0.3412473648786545 0 0.7215372398495674 0.3222888559103012 2.126187726855278 0 1.915808990597725 0.394382156431675 0.5859020799398422 179.9894157573581 20.15280447155237 10.42593099176884 0 0.1268126368522644 0 2.732476696372032 0 1.412688329815865 1.055732384324074 1.569610632956028 2.42652302980423 0 3.056601569056511 0 0 207.5549080148339 6.979543283581734 0.8254852220416069 0.5165899991989136 2.356337256729603 0.3135774359107018 0.8664672821760178 2.337623082101345 7.022676020860672 11.79591258615255 29.88152351230383 107.9162584394217 6.671445764601231 140.1849139258265 0.6663390398025513 1.760158121585846 1.40568208694458 30.99103890359402 11.87024992704391 13.66628298163414 8.293172024190426 3.157677426934242 0.1214090436697006 0.6620656922459602 46.40771614015102 16.86164148151875 0 118.8851685076952 73.84179260581732 159.8871005550027 146.9087691232562 15.7160809636116 0.695968896150589 7.871562540531158 0.1404822170734406 1.630100682377815 16.33857357501984 0.3385554254055023 5.429919265210629 16.57991710305214 1.099064156413078 0.1310303062200546 2.388489760458469 0.1074371412396431 1.451243445277214 1.922900795936584 3.204171717166901 1.394994981586933 3.558319494128227 417.40092253685 2.82498636841774 0 2.896579682826996 41.37338864803314 37.875856295228 2.211201995611191 30.27668818831444 4.134014248847961 64.31058771908283 212.6684869378805 1.351293981075287 111.5570771992207 64.77704209089279 42.35406798124313 21.04019263386726 151.6011400073767 204.8436611443758 142.8972038477659 73.79443714022636 2.116003811359406 1.207246512174606 0 0 0 0 0 0 0 0 0 0 0.1517663151025772 0 0.3184756934642792 0 0 0.2914530336856842 0 115.9451750069857 5.807256549596786 0 0 0 30.09875312447548 2.568703398108482 6.131800815463066 0.4209245443344116 0.1455359160900116 0 0 0 0.6527347564697266 0.1466121971607208 0.5661991536617279 0 21.77152056992054 27.99865236878395 1.406060263514519 0.5430934429168701 0 0 0.4247551560401917 1.552120551466942 4.124358296394348 1.017898887395859 2.917968884110451 12.04348438978195 0.5284724235534668 0.1234059631824493 0.8054393529891968 75.2676946669817 11.3301950097084 3.591372609138489 4.848345324397087 2.152100637555122 1.441255614161491 0 0.1383988559246063 0 0.2756349891424179 187.6552287861705 8.712331727147102 0 0 0.2138041257858276 37.07453879714012 2.149562239646912 9.715376451611519 20.06953653693199 16.78139919042587 34.12862677872181 1.946204736828804 0.4971234053373337 0.2758194208145142 0.4851519390940666 0 0 1.554073832929134 0 0 0 79.87503260374069 32.64592789113522 10.83328059315681 691.0887339934707 86.10161424428225 804.5140238255262 124.8351045250893 255.3111260086298 60.08375617861748 11.42704756557941 222.1681537404656 5.03462453186512 3.090427435934544 26.65118651837111 5.280376195907593 6.523962572216988 0.9524777978658676 0.3086588829755783 0.9298979192972183 2.728223130106926 1.218310177326202
3093.268235832453 222.3754230290651 42.31703959405422 2004.793986946344 154.4548117518425 920.8400817513466 1504.426506504416 8.035919904708862 428.0090942084789 0 30.48078203201294 870.7947468906641 9489.390778750181 247.7590320259333 13.79271367192268 1.268764421343803 0.1373743861913681 0.1052153557538986 0 0 0 0 0 0 0.2123597413301468 0.120634637773037 0 0 1.909084886312485 0 433.8256287053227 0 5.15903240442276 0 0 0 4.853467918932438 0 0 0 0.1275694221258163 0 0 0.9616406708955765 0.2115956544876099 0 35.9717338681221 2.796821430325508 0.3815657272934914 0 0.4031452611088753 0.1911224275827408 0 0.9014461115002632 4.218940399587154 6.421596080064774 36.66426479071379 405.5084450319409 3.804826013743877 39.80299348384142 0 0.8010843396186829 0.3268599808216095 10.36428727209568 6.421048201620579 6.670444205403328 3.090038739144802 0.5495326891541481 0 0 190.2704992741346 34.78434160351753 0 73.03472740203142 23.89588495343924 16.67408896237612 10.89033248275518 0.9057115912437439 0.114759124815464 0.3959969058632851 0.2952286824584007 0 12.18817258626223 0.08504508435726166 1.971244819462299 7.52496875077486 0.4112448915839195 0.718043364584446 0.6404685154557228 0.2889247462153435 0 0.1582126170396805 0 0.24179807305336 0.2325468957424164 1005.847044751048 4.168149888515472 0 0.5888826847076416 704.450480774045 34.89174903929234 0.9235759079456329 27.30577507615089 4.660614788532257 49.4237360060215 226.5479247272015 4.171560555696487 81.07816407084465 59.65239112079144 41.09968173503876 18.88664539158344 120.8351215869188 156.6591147333384 126.1143449917436 55.49325625598431 1.397813692688942 0.9890629053115845 0.8258182406425476 0 0 0 0 0 0 0 0 0 0 0 0 0 0 0.3761794567108154 0 100.1718855649233 5.286297768354416 0 0 0 32.11729653179646 2.215067982673645 2.66819179058075 0.149751603603363 0.6019485592842102 0 0.2066303193569183 0.2788029909133911 0 0.4104584455490112 0 0 19.42503893375397 23.34724535048008 0.8077013492584229 0 0 0 0.2115915715694427 0.8039546012878418 5.725762665271759 0.8498749881982803 1.951536267995834 10.52990978956223 0 0 0 49.97320394217968 9.873057812452316 3.735911563038826 3.538027003407478 1.036602899432182 0.8461835384368896 0 0 0 0 135.398437961936 4.010521546006203 0 0 1.38801708817482 31.08208312094212 0.4196935892105103 12.87588612735271 17.84213833510876 7.741838306188583 22.21133789420128 4.429602086544037 0.7596346586942673 0 0.09331706911325455 0 0 0.1107639521360397 0 0 0.3882964253425598 53.33472566306591 20.56938947737217 8.928991496562958 120.8237487450242 5.355764478445053 140.7329369112849 16.81446479260921 1593.314778603613 8.530859708786011 1.773028969764709 36.80505187809467 1.253583699464798 0.9635484293103218 25.71676501631737 1.487284526228905 3.714950770139694 0.7586059272289276 0.4288873896002769 1.403873011469841 0.4489452838897705 0
790.9074047505856 2318.820740602911 3346.51769118011 10.13882450759411 2153.095745190978 27.90626476705074 331.8677400052547 2247.01987759769 3882.237520672381 30.48078203201294 0 93.06533581018448 1849.760570526123 5177.821485109627 199.8676120191813 26.14307744055986 0.8362768441438675 0.9628155678510666 0 1.198232300579548 1.833401650190353 0 0.6151330918073654 0.2738300114870071 11.48142082244158 2.155422948300838 0.9693334996700287 2.511798836290836 1.092959031462669 0.2365261092782021 2411.181206531823 210.8860786855221 96.08064432442188 0.733590804040432 3.916050247848034 21.20249897241592 31.28992554545403 5.49114365875721 1.900669649243355 3.290352307260036 10.99331869184971 5.478381991386414 0 16.35872454196215 0.09533315151929855 0.1488301008939743 257.9590438678861 10.15523277968168 1.810175538063049 1.408249378204346 7.341886214911938 3.508738160133362 0.3008803129196167 2.085337892174721 10.82882146537304 14.61310689896345 30.29837027937174 491.358213044703 8.45235787332058 191.6115958541632 1.589013412594795 5.101744256913662 6.246862977743149 93.71693716943264 16.57095269113779 22.87318484485149 12.19924879074097 6.878106877207756 3.054635941982269 16.50525905191898 123.7588399648666 14.83823752403259 0 175.0544489100575 149.420033864677 235.7105319723487 228.0692205056548 46.57126321643591 21.31027143448591 176.3289417251945 1.430196553468704 3.904327124357224 28.27804233878851 0.2867232784628868 6.942121736705303 27.96678797900677 1.854114644229412 0.1201766654849052 4.097792722284794 1.258857801556587 3.37832222878933 5.723426960408688 12.92172764241695 3.421742603182793 3.769168041646481 69.32441410422325 2.115148305892944 0 2.167745515704155 89.26202996075153 4.161445587873459 0 2.938257843255997 0.6783311665058136 8.763597279787064 22.67786149680614 0 13.35581190884113 8.530038341879845 3.604316532611847 3.298409223556519 15.29349161684513 27.15445724129677 17.47191315889359 16.95271372795105 0.7415562272071838 0 0 0.8403838276863098 0 0 0 0.1602517366409302 0 0 0.4101895391941071 0 0.280855119228363 0 0 0 0 0.3702973276376724 0 14.71753233671188 0.6419745087623596 0 0.1279277354478836 0 4.312191322445869 0.9169454276561737 1.381786614656448 0.3109971582889557 0.1334939748048782 0 0 0 0 0.7873320281505585 0 0.1410926729440689 3.480871260166168 1.971545740962029 0 0 0 0.2965335249900818 0.9368660598993301 0.5465307980775833 0.3897942304611206 0.0890892893075943 0 5.850719034671783 0 0 0.4514078199863434 19.66093400120735 0 0.4970768690109253 1.039787277579308 0.8191099315881729 0.1044370383024216 0 0 0 0 37.37401185929775 2.478617876768112 0 0.1090181395411491 1.12289947271347 5.98705105483532 0.2863564491271973 4.505666047334671 1.24834069609642 1.100365489721298 2.591165333986282 0.1658149063587189 1.004081249237061 0.1036007925868034 0.2022905275225639 0 0 0 0.2384822070598602 0 0 15.15201100707054 10.82811553776264 1.676421418786049 580.4800598695874 62.01527781784534 758.2692253291607 103.176470451057 171.4535865709186 40.17589236050844 9.576892890036106 194.4356242567301 6.021525397896767 0.766857698559761 6.439308166503906 2.256828419864178 0.838059663772583 0.1946365833282471 0.1243794932961464 1.419911950826645 2.092624679207802 1.461320698261261
111.5410919338465 12.56646285206079 17.80455395579338 8.251067250967026 4.63138273358345 402.2470504194498 17.89760537445545 28.64677934348583 28.40080465376377 870.7947468906641 93.06533581018448 0 1042.160129755735 92.51584462821484 53.02290637791157 16.62686657160521 0.1732242107391357 0 0 0 0 0.4499770104885101 0 0 0.3798015266656876 1.106374762952328 0.4161362498998642 0.2625785768032074 0.6376703381538391 0 74.63482959568501 26.62863528728485 9.850350886583328 0 0.189117968082428 3.458390712738037 11.04022255539894 0.4313671290874481 0 3.135739356279373 1.05626392364502 3.28658851981163 0 9.968961417675018 0 0 36.68172887712717 0.2576829344034195 0 0.1419338881969452 1.714717268943787 1.051088884472847 0.2014718651771545 3.107511073350906 1.6264368891716 1.124221444129944 14.96540682017803 58.02114943414927 0.7329092025756836 19.17692317068577 1.810313016176224 0 0.5452233105897903 4.578944377601147 1.308294862508774 1.592679634690285 0.9048820436000824 1.016967117786407 0 5.149087756872177 172.8718769401312 96.02193139493465 0 21.4261663928628 14.54646972566843 19.00139944255352 19.22625874727964 15.74681155383587 0 48.56538674235344 0.245630294084549 0.6749872118234634 5.053973570466042 0.2226131707429886 0.2118823677301407 1.308067478239536 1.86764670163393 0.1613817065954208 0.838922955095768 0 0.6259119287133217 2.846590518951416 2.075953632593155 0 2.829182133078575 2532.11960747838 32.62439090013504 0 6.771068155765533 193.0842203050852 18.81823731958866 1.888018429279327 20.08966067433357 4.927411198616028 53.51929488778114 170.7011992931366 1.213824242353439 80.17449206113815 55.67257399857044 43.53989638388157 17.8156586587429 133.6150384396315 205.1059508174658 163.4359679818153 50.19415067136288 1.45482037961483 1.022162258625031 0.1639687418937683 0.2860391139984131 0 0 0 0 0 0 0.2033897340297699 0 0.1589793264865875 0.1617314219474792 0 0 0 0.6119178235530853 0.1987492144107819 47.69959107786417 1.108921840786934 0 0.1948647648096085 0 21.33753661066294 1.751759767532349 6.287267550826073 0.3810840994119644 0.5086057484149933 0 0.1428645104169846 0 0 1.528877541422844 0 0.5709974765777588 6.469023287296295 14.4197383671999 0.5496914237737656 0 0.4962185919284821 0 0.224042996764183 0.8156975954771042 3.377369999885559 0.5737002342939377 1.049640566110611 5.104538396000862 0.5542495846748352 0.5968951433897018 0.4383785277605057 38.34773696959019 4.701609939336777 0.5184271186590195 1.907547101378441 0.493478536605835 0.5179614722728729 0 0 0 0 153.2604023367167 10.21696804463863 0 0.4557828605175018 0.4089226722717285 17.30078959465027 1.214031040668488 5.40862974524498 6.449648901820183 7.032936453819275 14.04533322155476 0 0.7249622344970703 0 0.2730656564235687 0.5488530993461609 0 0.4287289083003998 0 0.5027128458023071 0.2826979458332062 93.54221843183041 38.53668756783009 11.22765408456326 154.027825884521 5.699031248688698 134.0398743078113 13.12414661049843 661.4319053739309 7.818485327064991 0.3530616015195847 68.02187635749578 3.7659622579813 1.952353127300739 17.26456745713949 1.643965721130371 5.701594159007072 0.6153250932693481 0 0 2.074275806546211 1.305116981267929
766.9108871370554 787.7651918455958 330.6612940877676 686.0899837464094 639.124541670084 412.4215744584799 5520.267074935138 470.3563718944788 2232.565405085683 9489.390778750181 1849.760570526123 1042.160129755735 0 2585.271114401519 295.8872623592615 98.86102961748838 4.538083076477051 0.6386559009552002 0 2.084558799862862 1.597517855465412 16.22289615869522 1.020404785871506 0.1617356389760971 36.32314390689135 30.49589364230633 3.170031704008579 29.89554467052221 20.34731906652451 4.991552010178566 497.7825554162264 66.59904412925243 633.9356392771006 0 2.821320608258247 210.5426457449794 426.6626788973808 228.5151101648808 14.54535336792469 63.69578118622303 33.65237963199615 17.20968125760555 2.119348250329494 62.94668097048998 0.4398420006036758 4.104853957891464 238.5001972168684 9.325823731720448 2.552833795547485 2.539361730217934 15.87495510280132 41.28551365435123 5.905411556363106 21.87853606045246 7.707747653126717 14.40385450422764 35.84272517263889 266.9518289640546 5.699430972337723 124.5299751758575 24.81660217791796 57.2184601277113 24.11178924888372 36.09722673892975 15.38208364695311 17.00096014142036 10.72887702286243 6.82393217086792 4.837752088904381 18.5278273075819 275.6880066841841 197.3771824836731 1.007915198802948 121.8198311850429 72.28933253884315 146.4335424602032 167.4101674035192 95.69802106916904 4.760088115930557 857.74333101511 8.041342839598656 31.72603471577168 20.60748048126698 0.4902757331728935 5.245947942137718 20.244513630867 3.418787717819214 0.1261349469423294 4.655643537640572 12.07791876792908 7.419514775276184 9.517941117286682 14.58057916164398 2.642403550446033 9.684907697141171 3701.594069465995 76.7750883102417 0 12.05536897480488 269.5516267567873 44.33047205209732 2.639205053448677 63.16471600532532 7.426821827888489 121.3113205730915 366.3858370482922 4.912600994110107 188.8152645081282 134.2712270915508 75.20625133812428 42.01006163656712 280.8599137365818 443.9557115882635 280.5329419225454 114.7231288403273 5.993329800665379 5.035974264144897 0.1344262510538101 2.843743711709976 0 0 0.4185169041156769 0.6154447942972183 0.7580602765083313 2.578963786363602 3.037235245108604 0.1328014582395554 2.158358052372932 0.7663731873035431 0.2226359844207764 1.728152967989445 0.9195005521178246 4.080075800418854 0.4399988800287247 181.1560812294483 6.756645768880844 0.4011882618069649 2.588397778570652 1.682005785405636 62.21616192162037 14.11163450032473 15.61464241147041 10.85632470995188 6.838169254362583 1.356003910303116 1.058087155222893 0.6932603046298027 1.270935237407684 4.685027353465557 3.233668245375156 0.6481151282787323 34.92257188260555 45.19337819516659 0.8373912572860718 1.180277846753597 2.310765773057938 3.237883977591991 4.000780552625656 1.742393255233765 10.14707301557064 0.8426540195941925 3.792716920375824 23.07544491440058 0 5.710966385900974 9.039838396012783 161.3539922907948 13.10163448750973 7.001837953925133 6.709661848843098 4.781630486249924 1.472308054566383 0 0.3458590060472488 0 1.163093037903309 418.2621886730194 59.6203994974494 0.8947157859802246 0 3.249986976385117 51.68149216473103 12.95580814033747 34.01489584892988 25.91362116485834 30.79879476130009 53.12891483306885 4.393225088715553 2.521289885044098 0 0.7256282567977905 0.3003953993320465 0 0.3483025655150414 0.6563192158937454 0 0 199.6325417011976 165.1147284209728 58.16718889027834 714.240789078176 75.55530668050051 821.1975224241614 126.4139805361629 870.3193657249212 53.12354575842619 8.661613620817661 277.2916124537587 11.6155883744359 4.8486383035779 57.7588839456439 9.058778405189514 17.79435802996159 2.299254879355431 0.5056806579232216 5.575404316186905 9.11148127913475 2.019098043441772
