0 2506.808206029236 673.1096677705646 1862.180941708386 469.2974879518151 199.7359139695764 789.8941867128015 87.24241048842669 483.6317221075296 1670.694590553641 265.2948903143406 166.7373002618551 537.742990642786 155.9553094282746 1.323671966791153 0.2165599688887596 0 0 0 0.4120961427688599 0.1040406450629234 0 0 0 0 0 0 0 0 0 615.0533171519637 19.73434976488352 3.848867982625961 0 0 0 35.05830663442612 0 0 0.1095497459173203 0.3567196428775787 0 0.1353578269481659 0.2070577442646027 0.2099607735872269 0.1274569034576416 82.62155655771494 1.580204844474792 0.2073574215173721 0.1349480599164963 0 0.3169367015361786 0 0 2.946328312158585 2.695400916039944 458.2071737870574 950.305235311389 84.41276610642672 26.48886654525995 0.439784862101078 2.079141594469547 0 31.39373943209648 2.022814825177193 0.4286227002739906 0.1992474123835564 0 0.3129355981945992 0.1824090331792831 106.2662977725267 23.32465178519487 0 453.9648686423898 101.5762576907873 68.51806895434856 6.651183649897575 0.450810432434082 0.4301662594079971 18.75871224701405 0.9009124264121056 2.369309417903423 21.51359378546476 0 0.8706732764840126 0.3696171715855598 0.3764640316367149 0.7237061411142349 0 0.2619182169437408 0 0 0.2100453823804855 0 0 72.27871355414391 18.67998299002647 2.880131483078003 0.1122970134019852 2085.140117518604 0 0 0.8255717977881432 0 1.402819022536278 2.542074337601662 0 2.291824355721474 51.56875221431255 5.299421958625317 0 3.239626988768578 6.566802576184273 6.965358778834343 1.850087247788906 0 0 0 0 0 0 0 0 0 0 0 0 0 0 0 0 0 0 0 0.5032819584012032 0.7056881487369537 0 0 0 0.9103306531906128 0 0.4013705179095268 0 0 0 0 0 0 0 0 0 0 0.1239738538861275 0 0 0 0 0 0 0 0 0 0 0 0 0 0.7488956674933434 0 0 0 0 0 0 0 0 0 8.540916629135609 0 0 0 0 0.3775005340576172 0 0.09644539654254913 0 0 0.5300696566700935 0 0.1596908420324326 0 0 0 0 0 0.2087190747261047 0 0 2.962458029389381 1.440325357019901 1.044461399316788 252.9243652224541 2.606051385402679 175.2777108028531 24.22191078960896 1037.133380137384 16.68479877710342 0.916144847869873 22.1819841787219 2.736163228750229 0 0.2473126277327538 0 2.759622156620026 0.1434110552072525 0 0.3671912848949432 0.5225360989570618 0
2506.808206029236 0 768.8466093316674 651.4162411615252 1368.057403251529 279.5741623789072 2745.965851731598 48.04479447752237 2990.383684001863 371.097189553082 337.1151781082153 11.83149993419647 479.0120981931686 965.6787714809179 1.619314596056938 0.5202350839972496 0.5475026443600655 0.1228034421801567 0 0.289113812148571 0 0 0 0 0 0 0 0 0.1242684721946716 0.1663773208856583 2753.670007862151 24.53076902776957 1.984175734221935 0 0 0 5.524901129305363 0 0 0 0.6729623228311539 0 0.2981370463967323 0.787590891122818 0 0.6104717999696732 70.05053409934044 0.9655551165342331 0.0971941351890564 0.5843428149819374 0 0 0 0 1.557988844811916 2.460065774619579 196.7404096126556 724.422238856554 41.77883472293615 31.63335759937763 0.2923350408673286 1.600158646702766 0 109.528038688004 3.516718879342079 1.17951724678278 0.09604550898075104 0.5675777792930603 0.6732948273420334 0.6749537885189056 7.200034402310848 0.9374965131282806 0 339.6194117292762 180.145723477006 121.0134845599532 29.76619483530521 2.063266403973103 1.111319772899151 8.599437974393368 1.332683458924294 2.80016566067934 16.29658864438534 0 0.5748889073729515 0.5103307217359543 0.5970006212592125 0 0 0 0 0 0.215653657913208 0.2468876764178276 0 9.197719261050224 1.004123032093048 0 0.1827251464128494 1018.286376260221 0.1781037002801895 0.2020526528358459 0.6238059550523758 0.253981739282608 1.436890751123428 2.923445045948029 0 0.7328439354896545 3.346284344792366 2.206296727061272 0.5270706564188004 3.541282743215561 4.026075467467308 5.582866922020912 2.476799875497818 0.1071073338389397 0.2133961021900177 0 0 0 0 0 0 0 0 0 0 0 0 0 0 0 0.1343686133623123 0 0.2014222294092178 0.1265361309051514 0 0 0 1.963141098618507 0 0.9192677810788155 0.5632951855659485 0 0 0 0 0.5595511198043823 0 0 0 0 1.295019216835499 0 0 0 0 0 0 0 0 0 0 0 0 0.6102648973464966 1.151382878422737 0.3664606511592865 0 0 0 0 0 0 0 0 7.172288484871387 0 0 0 0 0.8646354079246521 0.1820367872714996 1.653150886297226 0 0 0 0.1057896465063095 0 0 0 0 0 0 0 0 0 3.174714609980583 4.117840170860291 0.9571984261274338 133.3086704835296 5.693517744541168 123.1105706170201 22.15523593127728 676.2470018565655 11.83918515592813 1.025058127939701 17.6581314355135 2.371319487690926 0 0.9743404164910316 0 5.006711855530739 0 0 0 1.372896395623684 0
673.1096677705646 768.8466093316674 0 45.72429025173187 1050.72356531024 32.16881656646729 175.5789842531085 2588.930677257478 1213.277563475072 25.46837067604065 2509.490721002221 6.484224736690521 242.7454128190875 649.6500504389405 6.701976604759693 6.342913202941418 1.060895100235939 0.1235543116927147 0 5.42106481641531 8.236880376935005 0.2006575763225555 3.067443355917931 0.2653024941682816 0.2364653646945953 0.4619909971952438 0.8981125056743622 1.905688852071762 0.1271920055150986 0.2635113298892975 3934.269984334707 496.3011481314898 51.99661736190319 4.191003747284412 2.337161414325237 0.7173036336898804 41.22518806159496 0.1082409247756004 0.1775967329740524 0.2946576774120331 24.3598635494709 0.1530964821577072 2.703631281852722 1.186431236565113 1.663925103843212 0.7300031781196594 32.60291934758425 0.1159025356173515 0 0 0.9849030524492264 0 0 1.058318041265011 0.755910724401474 0.6429816409945488 104.3493690788746 760.8627007752657 14.76813114434481 7.817911304533482 12.94001677632332 8.740620382130146 2.191955149173737 388.3355448096991 0.8629843443632126 0.7546936422586441 0 0.6035012304782867 6.395764134824276 24.25406134128571 5.834678173065186 3.53406784683466 0 107.1604572311044 68.43269278109074 41.50751686841249 17.17211314290762 3.207902073860168 123.6866286918521 789.0887018889189 10.00245838612318 243.3201960399747 5.64361684769392 0 0.5350910872220993 0.1882689967751503 1.144431009888649 0 0.1116274520754814 0 0.235177293419838 0.0931871309876442 15.92200750112534 1.085599035024643 0.1568631678819656 10.75878468155861 2.68441604077816 0 0.2748105525970459 398.0966653823853 0.127210259437561 0.300135463476181 0.677924245595932 0.2359854578971863 1.863886468112469 0.7740117311477661 0 0.629874050617218 0.7790746241807938 1.852642737329006 0.6214370355010033 3.863811105489731 1.235308691859245 2.167119465768337 2.549809135496616 0.5807432234287262 0 0 0 0 0 0 0 0 0.2263161987066269 0 0 0 0 0 0.142010897397995 0.1270132809877396 0.6540879607200623 0 0.6311271265149117 1.717522144317627 0 0.6126950085163116 0 1.645559266209602 0 2.751134805381298 0.377565823495388 0 0.3685679137706757 0 0 0.1070956662297249 0.2892617583274841 0 0.132872998714447 0 0.8204683512449265 0 0 0 0.1058478206396103 1.330202028155327 0 0 0 0.08772023767232895 0.1974218040704727 0 0.2821367681026459 0.7692643404006958 1.625853039324284 0.1317578852176666 0 0 0 0.2642359733581543 0.1130713745951653 0 0 0.1415666937828064 4.957715146243572 0.2216515839099884 0 0 0 1.344158954918385 0.3427679985761642 3.088526368141174 0 0.3055715411901474 0.8984674215316772 0.185934379696846 0 0 0 0 0 0 0 0 0 2.491865158081055 4.532397344708443 2.64839793741703 58.46692409366369 3.643244378268719 52.12301538139582 8.00534138828516 135.4636000469327 8.614107340574265 0.2979907467961311 11.18545041233301 1.869402408599854 0.4656859040260315 1.212474569678307 0.148833766579628 0.7755367904901505 0 0 0.1659495383501053 1.131485491991043 0
1862.180941708386 651.4162411615252 45.72429025173187 0 169.1546623259783 838.3146864026785 601.1371342167258 4.187237642705441 242.7664004340768 1654.119073800743 22.16030079871416 735.9725059494376 1854.119062021375 176.4157196506858 1.706860549747944 0 0 0 0 0 0 0 0 0 0 0 0 0 0 0 64.02769543975592 2.794231884181499 1.354194462299347 0 0 0 62.62619595229626 0 0 0 0 0 0.1075018420815468 0.1684083342552185 0 0 40.79660116881132 1.164450764656067 0.1187820285558701 0 0.09919265657663345 0 0 0 0.7186866626143456 1.233237013220787 69.14634642750025 146.4504406377673 16.56551267951727 19.44551875442266 0.2996833771467209 1.69843202829361 0 48.03676401823759 1.016058102250099 0.2890060245990753 0 0 0.2280651405453682 0.3959711939096451 536.5874250754714 2.515515342354774 0 148.8201376125216 82.34882099181414 64.48857358843088 19.6662664860487 1.079176723957062 0.08962179720401764 7.359154120087624 1.41985846310854 1.613757327198982 11.41276165097952 0 0.7786852791905403 0.1835470274090767 0 0 0 0 0 0 0.3118758648633957 0 0 45.44880962371826 54.51331405341625 0 0 306.2455171048641 0.4300445765256882 0 0.336000069975853 0.2409060299396515 3.651338502764702 2.037423811852932 0.1519625037908554 0.9220971316099167 26.52538339793682 4.123788580298424 0.1486097127199173 4.023376613855362 4.529405444860458 8.332787603139877 5.76849153637886 0 0 0 0 0 0 0 0 0 0 0 0 0 0 0 0 0 0 0 0.7187140136957169 1.327807694673538 0 0 0 1.116577565670013 0 1.0722546428442 0 0 0 0 0 0.1866001188755035 0 0 0 0.2114963829517365 1.068786583840847 0 0 0 0 0 0 0.1103890091180801 0 0.1487418562173843 0 0 0 0.1557946801185608 1.369765341281891 0.7566907554864883 0 0 0 0 0 1.316829323768616 0 0.5850659608840942 6.457932993769646 0.676714800298214 0 0 0 0.7945257872343063 0.142831027507782 0.730829656124115 0.2099656313657761 0.4266457483172417 0.2717705443501472 0 0 0 0 0 0 0 0 0 0 4.012788593769073 2.31204192340374 1.307587713003159 111.2704411521554 3.375288464128971 77.82153597474098 7.666378937661648 814.9849664866924 4.79294741153717 0.4245107471942902 10.59277167916298 1.468573719263077 0 0.253783106803894 0 2.67895445227623 0.3220063000917435 0 0.1675224602222443 0.3757187649607658 0
469.2974879518151 1368.057403251529 1050.72356531024 169.1546623259783 0 18.61017093062401 765.7219236642122 69.97152525931597 1689.214745916426 154.7002045512199 289.7529050111771 4.255207382142544 173.6635096669197 427.4399957880378 1.100508332252502 0.2467068135738373 0.09242584556341171 0 0 0 0 0.1170927733182907 0.1400244534015656 0 0 0.2290887534618378 0 0 0 0 414.3757623583078 20.36514291167259 1.936259508132935 0 0 0 1.794762469828129 0.1789378374814987 0 0 0 0.1192789152264595 0.1934312209486961 0.4446239098906517 0 0 28.19832237064838 0.3504612743854523 0 0 0 0 0 0 0.4490716606378555 0.8589812964200974 33.59540367871523 146.9468226060271 8.291730143129826 13.07565631717443 0.3260634243488312 0.1323268115520477 0 53.77215574681759 0.7049114257097244 0.2585083246231079 0 0.2003935500979424 0.2120000272989273 0.1591959297657013 0.7119099497795105 2.369766891002655 0 83.89093177765608 63.92630941420794 46.78488904982805 16.36557812988758 0.9877785891294479 0.225761242210865 5.980557978153229 0.7005357444286346 1.878537602722645 5.666245572268963 0 0.2949810475111008 0.2060532867908478 0 0 0 0 0.1203416511416435 0 0 0 0.1037597581744194 7.098023131489754 1.880706891417503 0 0.8657254576683044 82.97247788310051 0 0 0.6655920147895813 0.1579727083444595 1.037089794874191 1.137756064534187 0.1398759186267853 0.1634500622749329 0.6800931990146637 1.311168372631073 0.1707854568958282 3.286926403641701 2.130335703492165 3.28881311416626 3.647546023130417 0 0 0 0 0 0 0 0 0 0 0 0 0 0 0 0 0 0 0 0.2799253761768341 0.2055466920137405 0 0.1434919983148575 0 0.918998509645462 0 1.570073485374451 0 0 0 0 0 0 0 0 0 0 0.9801563248038292 0 0 0 0 0 0 0 0 0 0 0 0 0.3244273960590363 0.5383216589689255 0.1788200289011002 0 0 0 0 0 0 0 0 4.119242288172245 0 0 0 0 0.3973824083805084 0.4173939079046249 1.026528835296631 0 0 0.6767950877547264 0 0.2479306161403656 0 0 0 0 0 0 0 0 1.17964169383049 3.320081643760204 1.318057969212532 57.80812732130289 1.309204682707787 46.8591752499342 5.662708595395088 101.4872724488378 6.415617413818836 0.2389120757579803 8.421059243381023 1.080462455749512 0.1710302233695984 1.651574686169624 0 1.424387231469154 0 0 0.2856359779834747 0.720731221139431 0
199.7359139695764 279.5741623789072 32.16881656646729 838.3146864026785 18.61017093062401 0 225.493829421699 7.234393626451492 68.27131952345371 973.2709228247404 27.39922362565994 273.5798260122538 448.3281466960907 103.2748123258352 0.1269157975912094 0 0.1368043422698975 0 0 0 0 1.128392904996872 0 0 0 0 0 0 0 0 15.12591318786144 0.7420084923505783 88.93112562596798 0 0 0 211.7291705384851 0 0.5480007827281952 0.5507687926292419 0 0.5495009422302246 0 0 0 0 8.520876981317997 0 0 0 0 12.15502542257309 3.058116853237152 0 0.336579866707325 0 75.04947790503502 27.06995426118374 4.358569800853729 2.608899615705013 0.1122248992323875 15.47823405265808 0 2.18850439041853 0.1966401934623718 0 0 0 0 0 446.2925506532192 197.2849202007055 12.36492694914341 26.36424762755632 10.15392019599676 9.596927143633366 0.6799159720540047 0 0 40.91455136984587 0 10.29101638495922 2.850716903805733 2.169746309518814 0 0.7585792690515518 0 27.25735884159803 6.042934432625771 22.10349084436893 1.074614942073822 6.98136979341507 0 0 0.5733592510223389 475.7868207842112 166.010353654623 45.77397248148918 4.527909949421883 293.6709141433239 0 0 0 0 0.6082826852798462 0.1117720007896423 0 0.2527834475040436 13.64578853547573 1.070665031671524 0.5199385136365891 2.003837838768959 2.936531275510788 2.929807007312775 2.066787615418434 0 0 0 0 0 0 0 0 0 0 0 0 0 0 0 0 0 0 0 0.08988188952207565 0.4309549480676651 0 0 0 0 0 0.1193384081125259 0 0 0 0 0 0.3531401753425598 0 0 0 0 0 0 0 0 0 0 0 0 0 0 0 0 0 0 0.1410906463861465 0.2133125215768814 0 0 0 0 0 0 0 0 4.090198844671249 0 0 0 0 0.1410701870918274 0 0 0 0 0 0.1326422691345215 0 0 0 0 0 0 0 0 0 1.130653485655785 1.704423867166042 2.113524079322815 57.91154514253139 0.2929406017065048 12.04003948718309 2.358081713318825 365.5903275460005 1.02680017054081 1.175308018922806 1.409354656934738 1.701439842581749 0 0.21453657746315 0 1.546386644244194 0 0 0 0.1855686753988266 0
789.8941867128015 2745.965851731598 175.5789842531085 601.1371342167258 765.7219236642122 225.493829421699 0 11.33602190762758 1819.405668452382 1068.189856126904 71.32751414179802 36.15068852156401 798.0757128968835 301.2269355580211 7.170964866876602 2.503509379923344 0.5896609053015709 0 0.1322785466909409 0.09704601764678955 0.1031865552067757 0 0 0 0 0.2887127473950386 0.3006256520748138 0.2481832876801491 0.4225377142429352 0.09491972625255585 282.4453557729721 42.09712366759777 4.567068912088871 0.09040156006813049 0 0 4.700829178094864 0 0 0.1252499967813492 0.2133477479219437 0 0.4336369261145592 0.5927155688405037 0.1815203949809074 0.581633061170578 105.4185353368521 1.966817237436771 0.08651745319366455 0.3332638368010521 0 0 0 0 2.295225977897644 2.184877753257751 66.8576623275876 253.6521510258317 21.25182023644447 42.16882736235857 0.275546059012413 1.732872799038887 0.2387711331248283 141.9341886565089 2.709393031895161 1.430252581834793 0.08748026937246323 0.4573356732726097 0.2210494726896286 0.7259259074926376 3.159316301345825 3.79103085398674 0 221.6067155227065 186.8267767056823 172.515841588378 65.23755855113268 4.138728886842728 1.221191681921482 3.957223176956177 2.110242702066898 5.587086275219917 21.30355689674616 0 1.939413718879223 0.6116353645920753 0.2071203738451004 0 0 0 0.5516857579350471 0.2055931761860847 0.2698953449726105 0 0.4085253924131393 41.18842348456383 5.47677931189537 0 0.4699587523937225 133.5035918578506 0.5923176407814026 0.2715213522315025 1.163412004709244 1.336936503648758 7.798572190105915 7.603763788938522 3.12838788330555 2.467258483171463 4.795904591679573 7.52731765806675 2.272036969661713 14.52578710764647 13.36667922139168 14.26625767350197 14.0124426484108 0.3480013608932495 0.157511979341507 0 0 0 0 0 0 0 0 0 0 0 0 0 0.3875161111354828 0 0 0 3.107023030519485 2.811058789491653 0 0.4884955883026123 0 6.950058698654175 0.3196015655994415 5.572434201836586 0.5940232127904892 0 0 0 0.1202692613005638 0.1510715782642365 0 0 0 0.5997870862483978 3.155966743826866 0 0 0 0 0 0 0 0 0 0.7416505515575409 0 0.9024708569049835 2.530515447258949 6.565641812980175 0.5335266292095184 0.3389929234981537 0 0 0 0 0 0 0 23.88014881312847 0.1830550730228424 0 0 0.1195077374577522 2.116557404398918 1.653331503272057 7.751773215830326 0.5947384238243103 0.5124094635248184 1.805724285542965 0.5261612832546234 0.299762986600399 0 0 0 0 0 0 0 0 9.49450571089983 9.307179138064384 4.899463795125484 190.0316695049405 11.68317937105894 151.387240447104 23.92287304252386 389.7759162932634 20.78981710225344 0.638215035200119 29.36701173335314 5.334664180874825 0 2.350744619965553 0 7.20835068821907 0 0 1.900927431881428 3.632938951253891 0
87.24241048842669 48.04479447752237 2588.930677257478 4.187237642705441 69.97152525931597 7.234393626451492 11.33602190762758 0 845.3568760976195 6.11504589766264 3095.362983375788 13.92084719240665 332.7070823907852 1577.726308189332 26.59302475303411 14.85459803044796 2.081830866634846 0.1676197350025177 0.5966457277536392 24.91500864923 34.62028992176056 0.3086722940206528 13.44187673926353 0.6074987277388573 0.4297364056110382 2.785059943795204 3.781916879117489 5.198014765977859 0.5850287228822708 0 1850.318708918989 1676.94906193763 213.2210764288902 18.61397875845432 7.552940562367439 1.020670101046562 120.7027760446072 1.534298248589039 1.849258497357368 1.017154008150101 82.50838412344456 5.5210040807724 4.772260643541813 6.549846291542053 6.951894000172615 6.562031589448452 81.32248332351446 1.78006049990654 0.3814109936356544 3.231184065341949 2.757988698780537 0 0.1068215668201447 1.916889913380146 0.4967745319008827 1.644529432058334 60.2449709251523 428.4668925628066 11.27287145704031 17.7770656645298 101.4654912352562 21.4711500108242 10.1434061601758 343.6415040344 1.391326881945133 1.401185922324657 0 4.361410208046436 19.68825129419565 103.3484480381012 13.5633108317852 6.396422803401947 0.5879014432430267 101.9048411250114 88.05187004804611 105.5434272959828 72.04126863181591 40.33897080272436 1069.703922741115 3922.276415906847 165.2505572885275 2056.358272202313 7.34780902415514 0 0.6001448556780815 0.6363822594285011 3.752122156322002 0 0.1357346773147583 0 0.4326617792248726 0 46.66240181773901 5.991023845970631 1.423682816326618 23.54169540852308 3.267618596553802 0 0.291748434305191 136.1859314516187 0.1202568486332893 0 0.3678571283817291 0.1316550076007843 2.247852310538292 1.737394422292709 0 1.328547731041908 2.17674595117569 2.032924979925156 1.964051261544228 5.388865910470486 5.158989429473877 7.186440326273441 9.075619429349899 0.7414212748408318 0 0 0.1376808881759644 0 0 0 0 0 0.1737741082906723 0.893316462635994 0.1612486839294434 0 0.1831220388412476 0.2175689488649368 0.2626369148492813 0.1461519449949265 1.186378762125969 0 1.075270116329193 1.647955499589443 0 0 0.2907085418701172 2.397934883832932 0.1286584287881851 4.722096890211105 1.700582511723042 0.2059414684772491 0.9591854587197304 0.1097759455442429 0.3849748224020004 0 0 0.219100758433342 0.1154600009322166 0 1.304912455379963 0 0 0.3476558327674866 0.2908336967229843 0.9299243539571762 0 0 0 0 0 0 0.4631284326314926 1.142272189259529 4.666580505669117 0.1141800135374069 0 0 0 0 0 0.1125500276684761 0.1480444818735123 0.1266320943832397 12.76532968133688 1.409009382128716 0.3623411506414413 0 1.090862527489662 2.095768295228481 1.843680813908577 4.941019669175148 0.1081728115677834 1.282774180173874 1.315342001616955 0.3138533011078835 0.1121851429343224 0.1300034373998642 0 0 0 0.1535959988832474 0 0 0.2294489145278931 5.483778014779091 9.236738041043282 6.524589374661446 182.0794966220856 12.75679790228605 132.1106165573001 19.18344712257385 66.74351578950882 18.76473325490952 0.8380581587553024 30.19467330724001 4.226372696459293 1.05462896078825 2.463660217821598 0 1.02855521440506 0.1509275585412979 0 0.7451649084687233 3.657823354005814 0
483.6317221075296 2990.383684001863 1213.277563475072 242.7664004340768 1689.214745916426 68.27131952345371 1819.405668452382 845.3568760976195 0 523.5544646456838 2624.470924265683 58.18303253501654 1675.844894424081 1996.404648065567 14.962899915874 3.350315883755684 0.4545614719390869 0.1854292154312134 0.09642421454191208 0.7852756232023239 0.09458977729082108 0 0.5382478311657906 0.2957261502742767 0 0.2758459150791168 0 0.3359227478504181 0.3148277699947357 0.1358905583620071 822.7417575716972 119.0514366775751 7.605633921921253 0.1355623006820679 0.1410004496574402 0 18.50227718055248 0.9277362301945686 0.1099340692162514 0.1126230508089066 1.012153699994087 0 0 0.4528002366423607 0.09688860923051834 0.6278810426592827 137.141426935792 1.699354216456413 0.105945847928524 0.3287796005606651 0.4310680404305458 0 0 0 1.816292904317379 3.509810216724873 87.46414076536894 392.1225641071796 21.56104923784733 48.39313919097185 1.358847215771675 6.176844745874405 0.3369362950325012 189.9697006419301 4.016511932015419 0.9943023771047592 0.08644641190767288 0.1358877420425415 1.080068618059158 2.204877100884914 10.39578372985125 6.249629601836205 0.1652209460735321 245.5097128897905 206.7447050884366 203.0421969294548 76.0304352492094 5.385855361819267 2.621433548629284 26.99382783472538 2.254490807652473 9.834724068641663 20.95861601829529 0 2.121788203716278 1.112910747528076 0.3443428725004196 0 0.1157432571053505 0 0.1076190620660782 0.294918529689312 0.8868053629994392 0.3895727694034576 0.5008136853575706 71.90789587050676 9.725178971886635 0 1.33046717941761 153.0000099763274 1.734515845775604 0.6967059075832367 0.4966738522052765 1.824644088745117 9.782041937112808 13.08096307516098 2.091211065649986 4.101124614477158 8.106031104922295 8.373262569308281 5.988821066915989 24.4919760376215 27.04946310073137 28.62594776600599 22.80871541053057 0.2246788367629051 0.4630993753671646 0 0 0 0 0.1310156881809235 0 0 0 0 0 0 0 0 0.1703380346298218 0 0 0.2712061703205109 4.212045632302761 4.518892608582973 0 0.6727026700973511 0 11.09122733026743 0.1359824687242508 13.14723683893681 0.6602967754006386 0.3970684260129929 0 0 0.132075622677803 0.2190968096256256 0 0.1154267117381096 0.124531202018261 1.669603481888771 1.948430955410004 0 0 0 0 0 0 0.09741464257240295 0 0.3698739558458328 0.9145136624574661 0 0.5695751011371613 4.169658496975899 13.75595411658287 1.089207082986832 0 0 0 0 0 0 0 0.1385817527770996 41.73784859478474 1.043390184640884 0 0 0 6.634640090167522 2.747269935905933 7.240892179310322 1.343636803328991 3.343089930713177 3.073692016303539 1.58370403945446 0.3985577821731567 0.09522262215614319 0 0 0 0 0 0 0 16.30250191688538 25.33448820561171 9.655752085149288 299.6284354478121 15.8328330591321 219.076025120914 29.30334500968456 283.5582245439291 34.50715356320143 2.763660445809364 50.35112220048904 11.60615538060665 0.5020627975463867 6.636590160429478 0.3585761785507202 15.77101544290781 0.2763832211494446 0 1.312314450740814 4.545290015637875 0.703814685344696
1670.694590553641 371.097189553082 25.46837067604065 1654.119073800743 154.7002045512199 973.2709228247404 1068.189856126904 6.11504589766264 523.5544646456838 0 85.24199922382832 1334.034681223333 8811.711422972381 870.6430741176009 3.336857944726944 1.862674683332443 0 0.1392447650432587 0 0.4525438845157623 0 0 0.1297862678766251 0 0 0.1851690411567688 0 0 0 0 89.08177434653044 13.27759578078985 45.5851477086544 0 0 0 546.2992104515433 0 0.8068026080727577 0 0.2742794305086136 0.09583406150341034 0 0.6919178068637848 0.08268596231937408 0.5278946980834007 93.96281483769417 1.930642403662205 0 0.09690822660923004 0.08908924460411072 0.1812626421451569 0 0 0.65110744535923 1.719023428857327 99.92908941209316 196.3222042098641 20.90329394489527 30.77556353807449 0.4060218036174774 28.86281005293131 0 112.4951604157686 2.13874226808548 0.6208305507898331 0.1528596878051758 0.08972223848104477 0.6420690268278122 0.4136322662234306 2219.258147507906 20.10305605828762 0 235.5361690297723 146.2361178025603 123.3149274140596 36.35146097093821 2.949755124747753 1.576067738234997 59.36893282830715 1.089256092905998 19.17991381138563 15.26997518539429 0 0.5277331173419952 0.239670991897583 0.3715271279215813 0 0 0.3547327816486359 0 0 0 0 0 381.4270088374615 121.7354150786996 0.7219929695129395 3.197185263037682 603.0719520300627 4.040492117404938 0.6166872978210449 3.440813407301903 6.402058884501457 21.54543210566044 25.3420072644949 4.679167613387108 9.766006842255592 34.34281377494335 37.31627106666565 10.50679393112659 55.43742042779922 63.2465767711401 66.18402908742428 43.20612277835608 1.351606570184231 0.5156207382678986 0 0.1231052577495575 0 0 0 0 0 0 0 0 0 0 0 0 0 0 0 9.128057077527046 5.973446436226368 0 1.599683195352554 0 20.97512291371822 0.6047352105379105 18.22828297317028 1.277952373027802 1.959502041339874 0 0 0.2350284606218338 0.4230559691786766 0.1968742161989212 0 0 1.114474877715111 6.701150551438332 0 0 0 0 0 0 0.4713865891098976 0 0.1290867328643799 1.137434802949429 0 0.1540228277444839 6.119006216526031 20.34286196529865 3.786084659397602 0.2357237860560417 0.1431479156017303 0 0 0 0 0 0.2563434317708015 83.63599206507206 1.922728419303894 0 0 0 9.530864164233208 5.333398908376694 12.73991879075766 2.050640605390072 3.736839763820171 3.613916464149952 0.3415682911872864 0.5209103524684906 0 0 0 0 0 0 0 0 38.72400739043951 40.66139840334654 16.40731839835644 395.421158567071 6.786805331707001 171.6607181876898 20.82375149428844 1285.483218356967 17.66112759709358 0.9905249550938606 37.70111436396837 31.99747332185507 0.5300941318273544 12.87257035821676 0.8652655929327011 37.52421892434359 0.378671370446682 0.106312558054924 3.386779636144638 1.754705853760242 0.4803681373596191
265.2948903143406 337.1151781082153 2509.490721002221 22.16030079871416 289.7529050111771 27.39922362565994 71.32751414179802 3095.362983375788 2624.470924265683 85.24199922382832 0 40.48457904160023 2933.093658544123 5364.180463992059 31.39802086353302 9.077990554273129 1.947854302823544 0.09717172384262085 0.3466585278511047 2.498824015259743 5.468064613640308 0 0.8797038793563843 1.051286146044731 0.1046103611588478 0.7985635474324226 0.6381257921457291 1.433981955051422 0.4842242076992989 0.1659682393074036 1099.298678189516 421.5444197356701 264.5185126811266 1.025858908891678 3.101848058402538 0 445.5652013942599 0.3828063011169434 3.989602588117123 1.144002445042133 24.02730555087328 0.4245654046535492 1.409597329795361 1.424628093838692 0.7081431895494461 2.114413924515247 138.4678256139159 1.724118947982788 0.4520900771021843 0.7196698188781738 1.43785984814167 0 0 1.144640162587166 1.45838912576437 2.084124140441418 66.97878360003233 316.2453235015273 17.22762022167444 35.64988960325718 3.170225277543068 70.31738775968552 2.176744133234024 179.7414289563894 2.541209049522877 1.55502063781023 0.379845529794693 1.28213207423687 5.7501435354352 15.4927084967494 76.87700603157282 11.85735771805048 0 155.5511720776558 120.2580086514354 186.7464866563678 81.12518083304167 12.7109853848815 46.51540053635836 1062.349466405809 2.379074290394783 65.10221252590418 16.81891232728958 0 1.756379716098309 0.3292362093925476 1.905282460153103 0.4233645498752594 0.07748103141784668 0 0.2345044538378716 0.2336671277880669 13.29892113059759 4.601382203400135 1.302472449839115 99.82816573232412 23.52081427723169 0.7119501233100891 3.503484882414341 141.8611440137029 1.673164084553719 0.7201296538114548 1.449797697365284 1.961065515875816 13.02835188060999 12.52691642194986 3.298620909452438 7.341328985989094 9.938128888607025 12.81928241252899 5.182939551770687 27.86867098510265 30.03549171239138 37.11047630757093 32.26280849426985 0.5535272806882858 0.5143927186727524 0 0.0936448872089386 0 0 0.7069877535104752 0 0 0.507062241435051 0 0 0 0 0 0.1736501008272171 0.1436849236488342 0.8978392332792282 0 6.262406095862389 5.603834018111229 0 0.776685357093811 0.5833402276039124 14.75459837913513 0 13.04350984841585 2.533119238913059 0.2561779469251633 0.7127776145935059 0 0.2738643363118172 0 0.1423769444227219 0 0.2891334146261215 1.024988584220409 2.878104858100414 0.1392863541841507 0 0 0.3451424315571785 0.5380500108003616 0 0.1164945960044861 0 0.2894669473171234 1.002193294465542 0 1.474779576063156 4.996319234371185 18.44467784464359 2.317735724151134 0.3739024847745895 0 0 0.09076454490423203 0.1256120204925537 0.3128760457038879 0 0.2525115311145782 53.96994490176439 1.886917591094971 0 0 0 10.7490825727582 3.17259456217289 7.866963759064674 0.9235402345657349 1.983565911650658 2.215582400560379 0.6411809772253036 0.480284109711647 0 0 0 0 0 0 0 0 19.24251418560743 35.32517300546169 15.66989432275295 372.6888978332281 12.07522709667683 256.410416379571 35.48809870332479 157.1746965646744 41.42693007737398 2.229289516806602 68.52476890385151 16.44028796255589 1.045395091176033 8.813381299376488 0.5666192173957825 12.94725900143385 0.1518110185861588 0 2.253036387264729 9.359801389276981 0
166.7373002618551 11.83149993419647 6.484224736690521 735.9725059494376 4.255207382142544 273.5798260122538 36.15068852156401 13.92084719240665 58.18303253501654 1334.034681223333 40.48457904160023 0 2308.552600957453 238.717776671052 3.583479210734367 0.4935409501194954 0.1096092611551285 0 0 0.1683288812637329 0 0 0 0 0 0 0 0 0 0 11.44639081507921 5.878213383257389 12.63244512677193 0 0 0 1390.773811101913 0 0.1896631568670273 0 1.967654034495354 0 0.1145467311143875 0 0 0 20.18507868051529 0.104141891002655 0 0.4353862032294273 0 0.3182025253772736 0 0 0.4194400012493134 0.2387476190924644 4.605719462037086 12.85094907879829 2.433227322995663 3.545955188572407 0.1306460052728653 57.34862126410007 0 14.56880946457386 0.08657816797494888 0.07923001050949097 0 0 0.1251906752586365 0.3597643971443176 1144.712263911963 15.22149638831615 0 23.2925291955471 12.626435123384 19.3602117523551 8.59204189479351 0.9454624354839325 0.58901646733284 79.98675062507391 0 4.161867268383503 1.709339186549187 0 0.1388778835535049 0 0.1394418776035309 0 0.1632577180862427 0.2039074003696442 0 0 0.5925147533416748 0 0 450.3486537262797 133.2432171851397 0 2.787572175264359 49.34787264466286 1.443202741444111 0.5842374414205551 2.725233256816864 2.951836213469505 17.33484786748886 20.72558458149433 3.549561217427254 7.138397432863712 17.21111236512661 23.03693276643753 6.612069256603718 43.12545798718929 44.38628236204386 60.016373090446 36.67055936902761 1.020676456391811 0.4946211874485016 0.1525209546089172 0 0 0 0.257847011089325 0 0 0.3716090023517609 0 0 0 0 0 0 0 0 0 9.978009536862373 6.016198463737965 0 0.8918075412511826 0.5427811071276665 15.77180045098066 0.2560020089149475 14.85290891677141 1.416018173098564 0.1588152199983597 0 0 0 0.9702571332454681 0.1506245583295822 0 0.3171611428260803 2.078491173684597 4.979782029986382 0 0 0 0 0 0 0 0 0.2276728972792625 1.024954438209534 0 1.672159597277641 2.911157712340355 17.6136968806386 1.545839235186577 0.1582033187150955 0 0 0 0 0.1998106837272644 0 0.1360303610563278 72.4641944244504 1.813043788075447 0 0 0 10.69218228012323 1.570692390203476 14.24130198359489 0.6125761196017265 2.883864179253578 4.530894488096237 1.435420624911785 0 0 0 0 0 0 0 0 0.1295560747385025 28.54571670293808 35.08369404822588 12.68674927949905 116.8918887525797 1.663953013718128 41.92964037507772 3.382895976305008 249.4174846932292 6.562692105770111 0.2033793777227402 12.16136731952429 21.21750019490719 0 5.769344918429852 0.209274485707283 32.50373330712318 0.5142933875322342 0 1.930257976055145 0.9640076830983162 0
537.742990642786 479.0120981931686 242.7454128190875 1854.119062021375 173.6635096669197 448.3281466960907 798.0757128968835 332.7070823907852 1675.844894424081 8811.711422972381 2933.093658544123 2308.552600957453 0 2090.280250653625 52.08637715131044 13.66765104979277 0.8064659908413887 0 0.1360212713479996 0.9769939109683037 2.135690398514271 0.3127151131629944 0.413947731256485 0.2518821060657501 0 1.05363667011261 0.1781486719846725 2.443886958062649 0 0.248377338051796 248.9367656707764 114.7885571196675 104.839293576777 0.9042499884963036 0.2685255780816078 0.0914786159992218 112.4258284270763 2.61789820343256 2.568296238780022 0.5168277993798256 11.76097251474857 0.6933715343475342 0.6566094234585762 1.492077320814133 0.7041281685233116 0.5973014831542969 236.8716135323048 2.95578870922327 0 0.6330545470118523 0.313136488199234 0.3440858572721481 0 1.138485163450241 1.845245644450188 3.759904302656651 47.60869497060776 157.3158335909247 19.1247630417347 58.2304921746254 3.053497388958931 30.10417272895575 0.6053514406085014 157.958038687706 4.849154435098171 2.131449401378632 0.3809432834386826 1.768402822315693 3.81727933883667 11.1149927675724 227.1275152489543 34.22515293955803 0.5785972476005554 167.2942729517817 135.0098045989871 283.4585978835821 130.5648713260889 13.90059610456228 7.593395203351974 85.10537581145763 3.685850188136101 48.16613714396954 26.19550301134586 1.245447680354118 1.205476500093937 1.842747762799263 1.998845592141151 0.4787667170166969 0.4785886332392693 1.050365060567856 0.5241552665829659 0.6684874147176743 6.122337952256203 3.440204188227654 0.9640076830983162 1012.970787517726 88.23684984445572 1.460127741098404 4.919807635247707 124.9572115838528 6.201703295111656 2.032445624470711 10.88345572352409 10.25991582125425 51.72696257382631 65.33615166693926 7.843389078974724 28.43707564473152 49.18002191931009 77.97565768659115 22.32369219511747 124.1311067342758 142.3132687732577 154.4832304790616 138.8034641817212 1.72493963688612 2.203380137681961 0.3738840520381927 0.554513543844223 0 0 2.193087227642536 0.3242191076278687 0 0.1976704746484756 0.7181791663169861 0 0.1752730309963226 0 0 0 0.2802642732858658 0.7807787284255028 0 27.1480378806591 35.81868705898523 0 2.792931333184242 1.439472436904907 52.06283383816481 0.4974006116390228 61.62707562744617 4.739382028579712 0.4023585170507431 0.3995433151721954 0.3079548925161362 0.1240901574492455 1.813296623528004 0.551322415471077 0.2622459083795547 0.7560773491859436 5.058883003890514 19.58817012608051 0.1291542798280716 0 0 0.2503297924995422 0 0 0 0 1.016787186264992 3.985793113708496 0 2.997175276279449 17.17002861201763 61.43051175028086 10.85392434895039 0.6958623826503754 0.07319563627243042 0 0 0 0 0 0.2310307398438454 242.2888967692852 2.246416538953781 0 0 0.5696526616811752 26.09422895312309 13.59898902475834 37.61540944129229 4.435290709137917 8.718197755515575 12.02405939251184 6.077055498957634 3.300104036927223 0.104906439781189 0 0 0 0.1179395690560341 0 0 0 102.3714943081141 136.5653241053224 45.89264543354511 611.5884184464812 27.97724501043558 417.6378017067909 66.60973213613033 576.1898137331009 80.98882243037224 4.785753406584263 120.420210160315 54.84557320177555 1.441899165511131 26.35128287225962 0.8301295265555382 64.45397632569075 1.37634365260601 0.1750995367765427 9.922702126204967 15.82253608107567 0.5986465066671371
155.9553094282746 965.6787714809179 649.6500504389405 176.4157196506858 427.4399957880378 103.2748123258352 301.2269355580211 1577.726308189332 1996.404648065567 870.6430741176009 5364.180463992059 238.717776671052 2090.280250653625 0 55.85468954592943 17.95339931547642 1.23105625808239 0.5199191495776176 0 5.585563153028488 7.859871581196785 1.881727904081345 2.307035684585571 0 1.372197210788727 3.299038380384445 3.457902684807777 7.820672452449799 0.9863310009241104 0 518.7279042154551 192.5842722058296 576.89306063205 1.913578003644943 2.259459726512432 1.293162271380424 958.3949252665043 2.971714809536934 7.268145568668842 2.108545064926147 46.20681820064783 2.055598013103008 1.547839477658272 3.052204623818398 1.731191299855709 2.497937686741352 225.6104696393013 4.087134800851345 0 0.953095018863678 1.885935008525848 0.2662436664104462 0 0.5584130585193634 1.752948679029942 4.829047799110413 47.22734481096268 201.9401682019234 16.44310998171568 48.4348811507225 6.180313721299171 143.5426713600755 1.44099111109972 171.0336183458567 3.738562285900116 2.092912822961807 0.3122335448861122 2.137820161879063 4.824365310370922 30.61851275712252 219.0849987864494 38.94592792540789 0 152.0868569239974 126.2622390985489 269.9867582321167 126.07174115628 12.1013195887208 18.73153938353062 954.8251431360841 3.354618534445763 58.44754250347614 22.25400168448687 0.2379424795508385 2.217743493616581 0.8336233422160149 2.914880163967609 0 0.4794108495116234 0.2575362995266914 0.7152260541915894 0.6969410851597786 27.24609410762787 6.489146023988724 1.33169361948967 485.5941964536905 52.21091714501381 0 13.22816704958677 92.7442994043231 2.433856606483459 1.966432921588421 4.909155011177063 7.934133738279343 37.54949224740267 38.59556043148041 5.169478103518486 15.88076325505972 34.37513529509306 36.60879033058882 19.10176070034504 85.29205343872309 70.33748511224985 103.69541631639 101.5983866453171 2.265827283263206 0.6594906151294708 0 0.8917832151055336 0 0 0.8173337429761887 0.3708697855472565 0 0.9538514018058777 2.63000912964344 0 0 0 0 0.9254644513130188 0.4119976609945297 1.85974745452404 0 20.46325716376305 18.4552206248045 0 1.34058353304863 0.3785823509097099 41.64801742136478 0 49.21490263193846 6.410867758095264 1.1109689027071 0.9579569548368454 0.276540070772171 0.2690902501344681 0.3990149274468422 0.1841379404067993 0.8538996577262878 0 2.76240649074316 12.73026062548161 0 0.3916573002934456 0.4427882432937622 1.036066420376301 0.3013318628072739 0 0.2158776372671127 0 0.4621435552835464 3.347768738865852 0 0.8243577927350998 12.98754764348269 43.95177087187767 5.996252179145813 0.440940149128437 0 0 0.182027131319046 0.5267714783549309 0 0 0.2949205562472343 159.196504034102 3.019314333796501 0 0.1218356266617775 0.266097716987133 24.01356139779091 6.745992340147495 26.3264576420188 2.383471384644508 4.417574673891068 8.293793447315693 3.587974958121777 1.043535619974136 0 0 0 0 0 1.051534548401833 0 0.1006735488772392 69.88947080075741 104.0664411857724 34.36122526228428 623.0750143229961 31.05019066482782 391.2952365875244 62.81349930167198 266.3500540629029 79.83948269486427 4.500623561441898 122.4717990905046 41.94623548537493 1.295419044792652 24.15256718546152 0.6947513744235039 38.38294825702906 1.318960458040237 0 4.937502712011337 14.52720535546541 0.9255406558513641
