0 4061.779301166534 71.61927516758442 1259.943341776729 254.0936707556248 523.2044306248426 378.8231950253248 6.544694274663925 18.5084040760994 2922.609305396676 47.66462573409081 103.4983953386545 524.4752656370401 56.21295447647572 0.1480562835931778 0.1461587846279144 0 0.2331687659025192 0.1661214828491211 0 0 0 0.2169482111930847 0 0.1510061323642731 0 0 0 0 0.1652562469244003 1349.003339201212 0.7393498718738556 3.754323549568653 0.1199477389454842 0.1377871185541153 0 0.6050566583871841 0.7033670693635941 1.708648860454559 0 0.3156486600637436 0.502696618437767 0 0 0 0 2.973859995603561 0.8120150938630104 0.1150475367903709 0.1485510915517807 0.1486593037843704 0 0.4083280265331268 0.6101213544607162 2.148108705878258 9.724253311753273 344.7342954277992 1646.023123316467 107.9300477802753 3.393130771815777 0 0.563216358423233 0 9.095954090356827 4.87835743278265 1.48853000998497 0.7249292135238647 0 0.2153880596160889 2.293575510382652 34.72027814388275 4.326787412166595 0 177.0153134986758 15.43305330723524 6.525788828730583 1.795732967555523 0.9671395272016525 0.9802393838763237 13.03973357379436 0.4622374922037125 1.773809820413589 5.589850671589375 2.018365450203419 0.853375643491745 5.479686982929707 0.5014058649539948 0.4428826570510864 0.7261646911501884 0.4384398907423019 0.165029302239418 0.2057011127471924 0.6052365899085999 0.2542052119970322 0.150083526968956 57.35407035052776 37.30210122466087 0 1.781090661883354 1294.082437306643 0.3086195886135101 0 0.2757897078990936 0.3575470745563507 0.8983500003814697 2.487855419516563 1.932230025529861 0.9137948155403137 8.185173615813255 8.220358893275261 1.646703884005547 4.613581925630569 5.356622517108917 11.55340075492859 1.893835142254829 0 0 0 0 0 0 0 0 0 0 0 0 0 0 0 0 0 0 0 0 0 0 0 0 0.7640202045440674 0.1418777257204056 1.321371406316757 0.5845578908920288 0.2806015312671661 0 0 0 0 0 0 0 0 0.3397219181060791 0.2132252901792526 0 0 0 0 0 0 0 0.4033277332782745 0 0 0 0 2.423951283097267 0 0.2146298438310623 0 0 0 0 0 0 0 6.225746437907219 0 0 0 0 2.028665810823441 0 0.4773615002632141 0 0 0.8086503148078918 0 0 0 0 0 0 0 0 0 0 3.286146581172943 0 0.985319197177887 88.44180996716022 8.369306705892086 58.78335208445787 10.58066761493683 1093.462563246489 17.26437043398619 0.4107387363910675 9.964209735393524 2.652199536561966 0.2993996739387512 0.9120686501264572 0.185233399271965 4.67905730009079 0.6309159994125366 0 0 0 0
4061.779301166534 0 1872.629719473422 620.7101983129978 3797.394681088626 511.1519760489464 3065.952174656093 70.25746281445026 1132.640785455704 2288.912968754768 598.7716353610158 55.24402670562267 1670.815655864775 755.7031949609518 13.1262309551239 2.840317040681839 0.9159464538097382 0.7718477249145508 0.1270830780267715 0 1.49816669523716 0 0.4369093626737595 0 0.3652184307575226 1.146308451890945 0 1.547807022929192 0.699030339717865 0 8122.576240502298 45.47629405558109 15.31768239289522 0.2338810414075851 0.1512333601713181 0.3390246629714966 15.69319529831409 2.745072089135647 1.611144237220287 0.9607072174549103 3.250542685389519 1.898456692695618 1.766770109534264 1.195345878601074 0.1321679502725601 1.889113917946815 84.01049342751503 24.830108307302 1.14196290820837 3.44730418920517 10.22629328817129 0.3260898590087891 0 2.950456410646439 8.700383096933365 68.25400468707085 525.9543672353029 2177.316999554634 83.35607339441776 16.94903931766748 3.459861896932125 6.068211644887924 0.6403425633907318 170.1531758755445 49.04519864171743 19.23907302320004 11.2838242650032 4.759790651500225 1.894876688718796 8.3951326161623 26.94009590148926 3.28745211660862 0 638.4437941536307 184.1530347391963 82.95877769589424 43.82416988909245 6.867006525397301 3.952398955821991 105.0648613497615 5.308851659297943 11.27803406119347 56.75140711665154 3.641940549015999 20.10618365556002 55.68317129462957 13.07401992380619 0.1351394951343536 24.62363605946302 0.3881586492061615 4.011764794588089 2.983197800815105 4.778361774981022 2.64626345038414 3.061922870576382 83.86887694150209 4.999136008322239 0 0.8876224756240845 1198.606236949563 1.972749829292297 2.800317347049713 1.235035568475723 0.848718523979187 3.140205711126328 111.6303708553314 5.643834933638573 4.428603023290634 8.171733543276787 4.572625532746315 6.87412129342556 25.66700513660908 32.07624432444572 52.28635004162788 21.53243531286716 0 0.3561538457870483 0 0 0 0 0 0 0 0 0 0 0 0 0 0 0.4757585227489471 0 0 0.6054047644138336 0 0 0 0 3.906917691230774 0.1799680292606354 3.317348167300224 0.8717057108879089 0 0 0.257343590259552 0 0 0 0 0 1.428008884191513 0.7967563569545746 0 0 0.2309098094701767 0 0.2319577932357788 0 0.9941347390413284 0 0.4160610437393188 4.290409401059151 0 0 0 18.41336099803448 0.2263246476650238 0.5328693985939026 0.2209279984235764 0 0.3159512281417847 0 0 0.5400214195251465 0 37.29375532269478 0.2314974963665009 0 0 0 9.626307427883148 0 2.132013380527496 2.193634659051895 3.710363835096359 1.125550925731659 0.523065984249115 1.203205138444901 0 0 0 0 0.5746497958898544 0 0 0 25.24871332943439 8.363079279661179 7.194022387266159 615.2847045660019 81.4341257289052 606.9853179454803 90.04229379445314 887.321413859725 98.22790781408548 7.145493239164352 98.25631127506495 22.63942924141884 0.5951310098171234 8.298101961612701 1.64287007600069 11.12329095602036 0.4791200459003448 0.6549913138151169 2.144828766584396 8.745654478669167 2.370817691087723
71.61927516758442 1872.629719473422 0 11.5390499830246 2411.88011829555 8.440170094370842 487.8297668844461 3022.772206477821 1051.449590340257 31.32855431735516 7692.047679007053 65.44154033064842 1062.67384750396 1891.600689992309 16.46169926226139 5.265359334647655 0.2971682250499725 3.610938996076584 0 0.6528218686580658 14.0601622313261 0.2428574115037918 3.95769902318716 0 4.664757713675499 3.060759961605072 0.2963036000728607 6.316023468971252 0.2377167195081711 0 4209.578977115452 1108.610503695905 63.43673924356699 2.555279299616814 6.550328209996223 5.898785606026649 46.5324397534132 3.201559573411942 1.14840079843998 4.039210826158524 29.41828425228596 17.95677550882101 1.59736105799675 1.082753829658031 0.1865624487400055 1.362066328525543 56.69536481052637 5.747669391334057 1.181237787008286 4.455002844333649 4.575082823634148 1.747945070266724 0 6.734654806554317 0.9435520470142365 7.552018694579601 108.1822691261768 715.421987183392 15.17400162667036 6.85566970705986 8.34025938808918 2.820195749402046 0.5990616828203201 589.3570764437318 6.050360195338726 2.520599730312824 2.681023329496384 1.93747615814209 8.169024676084518 66.85160499811172 26.27925270050764 7.814514890313148 0 125.8226839974523 57.04624413698912 49.56490638852119 30.94562068581581 8.89152043312788 28.11295339465141 1680.001285783947 5.747091829776764 67.15738932043314 6.426693290472031 0.4616439491510391 2.137162961065769 6.670647591352463 7.612800888717175 0.1819187551736832 5.074519582092762 0.5451620444655418 1.867771282792091 1.066720932722092 29.28963849693537 3.331408850848675 6.491987340152264 92.83762636035681 5.868245542049408 0 0.8434359282255173 35.42082615196705 3.359809771180153 0 0.9259690493345261 0.4623769223690033 3.312437951564789 6.966377392411232 1.068704649806023 2.265642940998077 0.2891971468925476 6.638386771082878 3.929203376173973 12.28748667240143 12.83204039931297 34.78151123225689 16.90918801724911 0.3153294026851654 0.3453872203826904 0 0 0 0 0.2182467132806778 0 0 0 0.1709510385990143 0 0 0 0 0 0 0.1664285361766815 0 0.6603347957134247 0.7008067518472672 0 0 0 5.749408528208733 0 1.005241245031357 0.2117342054843903 0 0 0.6679007112979889 0 0 0 0.3177448809146881 0 0.5981803685426712 0.447915107011795 0 0.7287609577178955 1.055723607540131 0.4103853404521942 3.282342165708542 0 0 0 0.3686535060405731 1.902184933423996 0 0 0 13.78376604616642 0.3300797641277313 0.6844257712364197 0 0 0 0 0.1605780124664307 0 0.8628782480955124 26.08720819652081 0.5254721194505692 0 0 1.466933682560921 7.658022418618202 0 3.568866759538651 2.11342491209507 2.370529651641846 0.6916735023260117 1.113244771957397 0.1693492531776428 0 0 0 0 0 0 0.1885464042425156 0.5876788944005966 10.90731985867023 6.089271634817123 5.553688198328018 373.5179695039988 36.64366997778416 201.8500121831894 37.96014331281185 64.16108793765306 34.16950346529484 3.275105267763138 96.44129212200642 12.39062505960464 0.4837795495986938 6.192745685577393 0.5180629938840866 3.532900378108025 0 0 0.6750938892364502 10.87311181426048 3.165370598435402
1259.943341776729 620.7101983129978 11.5390499830246 0 34.75659724324942 581.1082461327314 427.3886865377426 0.4696603119373322 40.11687812209129 3065.842010527849 5.864559277892113 332.5323146879673 2943.518822401762 120.1909018531442 0.7487284541130066 0 0 0 0 0 0.1573885828256607 0 0 0 0 0.6933477371931076 0 0 0 0 113.8038729950786 0.7483370453119278 1.720023542642593 0 0 0 1.932105302810669 0.1569614857435226 0.1743631809949875 0 0.7853956073522568 0 0.1931153535842896 0 0 0.2294598668813705 6.2503612190485 1.309489876031876 0 0 0.520654521882534 0.2382795363664627 0 0.2261697500944138 0.3644397631287575 7.032801017165184 64.82266306132078 210.2918554320931 9.806741610169411 1.516491532325745 0.249023899435997 0.3743751645088196 0 10.97133494913578 3.746799036860466 1.72225346416235 0.7253942862153053 0.7116343379020691 0.463965430855751 0 107.5839984565973 0.9794488698244095 0 68.27143738418818 15.14153125137091 6.77203031629324 2.999068483710289 0.4273490756750107 0.3118871003389359 1.727193236351013 0 0.9585268497467041 4.408002734184265 0.1109407618641853 1.395556725561619 5.280080907046795 0.3036091774702072 0 2.605919852852821 0 0.61476219445467 0 0.1465585827827454 0.4026824831962585 0.2893068343400955 46.73291304707527 72.8932468444109 0 0.4207088649272919 274.5525478422642 0.5634831190109253 0 0 0.5099703967571259 0 4.333948373794556 2.97686567902565 0.6649254858493805 1.652973592281342 4.267254158854485 0.3636034429073334 12.14548468589783 20.41501511633396 11.69966480135918 4.405143663287163 0 0 0 0 0 0 0 0 0 0 0 0 0 0 0 0 0 0 0 0 0 0 0 0 0.2258852869272232 0 1.200044885277748 0 0 0 0 0 0 0 0 0 0 1.466462463140488 0.1727134138345718 0 0 0.7815789580345154 0 0 0 0 0 0 0 0 0 6.618035852909088 0.4732614457607269 0 0 0 0 0 0 0 0 10.55355106294155 0 0 0 0 3.067144468426704 0 1.795462727546692 0.2827785611152649 1.295937150716782 0 0.2406671345233917 0.4016869366168976 0 0 0 0 0 0 0 0 5.242537453770638 0.6857272982597351 0.4684698283672333 75.11122493445873 8.376579225063324 54.49171517789364 7.705335736274719 403.1821555197239 9.106937676668167 0.1676062345504761 8.865378454327583 6.933732002973557 0 1.326665580272675 0.1771946102380753 4.568940117955208 0 0 0.6582936644554138 0.591270387172699 0
254.0936707556248 3797.394681088626 2411.88011829555 34.75659724324942 0 28.08623623847961 4561.649825029075 35.17240846157074 5813.208358131349 66.5501622185111 1158.184195183218 39.53447903692722 926.2105233594775 1438.172928772867 11.17371270060539 0.7382626831531525 0.5594355762004852 0.7967816442251205 0.1328715533018112 0.318606048822403 0.9458699971437454 0 0.4608022570610046 0 0.8229401111602783 0.3834332525730133 0 0.1655901223421097 0.5075976997613907 0.2146505564451218 716.4783128276467 21.2864638864994 10.55772338807583 0.1302396059036255 0 0.59379743039608 6.906343795359135 2.65210996568203 0.381124883890152 0.5440724492073059 0.7916716635227203 1.048231311142445 0.1820261627435684 0.3910475075244904 0.1218614876270294 0.1304120421409607 59.64035668969154 12.61717262864113 0.8853334933519363 1.776341006159782 5.19233775138855 0.3346574604511261 0 1.969089075922966 2.653575696051121 23.56481786817312 72.99083022773266 274.4452321603894 14.14920341223478 11.68924168497324 1.318371742963791 3.099929794669151 0.2313269376754761 83.97398555278778 19.92731635272503 10.42341779917479 5.98517981916666 2.850535489618778 1.070438131690025 1.065710008144379 17.82250648736954 3.363729298114777 0 163.8123547807336 78.96061188727617 64.38284477591515 30.28010535240173 4.498637974262238 1.383527964353561 31.96693626046181 1.319092720746994 6.127163767814636 25.8965787217021 1.127847291529179 9.629453480243683 25.26304711401463 5.109320424497128 0.1225290596485138 14.5643502920866 0.4111277088522911 1.212690599262714 1.278217397630215 0.7064402773976326 0.8413208574056625 2.812328368425369 67.14813083410263 2.189912915229797 0 1.83828292787075 52.33855603635311 4.937450677156448 4.381289079785347 1.004045084118843 1.984564438462257 3.295879021286964 55.75185160338879 8.21174393594265 4.351011037826538 0.8892494440078735 6.971713989973068 7.506648346781731 32.43291285634041 25.26130840182304 55.89501346647739 14.6829496473074 0.2704163789749146 0.5594261288642883 0 0 0 0 0 0 0 0 0 0 0 0 0.1274820417165756 0 0 0 0 1.413083165884018 0 0 0 0.4208936095237732 3.142731875181198 0 1.732443571090698 1.014712989330292 0 0 0 0 0 0.5703789591789246 0 0 0.9337238669395447 0.4061428606510162 0 0 0 0.698100745677948 0 0 0 0 1.06366291642189 2.689844161272049 0 0 0 19.93645870685577 0.7316287159919739 0.9951310455799103 0 0 0 0 0 0 0 26.94475354254246 0 0 0 0 9.391982391476631 0 2.913662597537041 2.475308865308762 3.571774616837502 0.7766550332307816 0 0.1597173810005188 0 0 0 0 0 0 0 0 19.18632338941097 7.382073163986206 7.645971462130547 327.8714355900884 52.10502244532108 327.6274475753307 59.36290512979031 107.8006356731057 44.78287883847952 3.601633056998253 63.95843213796616 22.0593209117651 3.171445310115814 11.50690039992332 0.8244781345129013 10.02988976240158 1.588331133127213 0.164633646607399 1.354671880602837 7.511743411421776 1.221044480800629
523.2044306248426 511.1519760489464 8.440170094370842 581.1082461327314 28.08623623847961 0 108.2152081876993 0.7328195422887802 7.426586329936981 1604.047536805272 10.01550596952438 383.8469394743443 275.2035808116198 53.07691675424576 1.225682079792023 1.231948882341385 0 0 0 0.1653512418270111 0 5.298081517219543 0 0 0 0 0.1864975243806839 0 0 0 49.44114422798157 0.3345552980899811 37.15837237238884 0 0 0 42.39113113284111 3.417826652526855 13.56263989210129 0.9127000868320465 0.2058825939893723 0 0.2352715879678726 0 0 0 2.004783652722836 0.15937240421772 0 0 0 24.62771716713905 0.7468554377555847 0.3449394702911377 0.2605529502034187 1.237199671566486 127.8316263407469 143.1384600102901 13.84894801676273 0.5621401369571686 0 17.17235232889652 0 0.971899151802063 0.7352585643529892 0.1082498729228973 0 0 0 0 126.3595137000084 274.5378863960505 25.7852500975132 13.95692658424377 2.665917865931988 1.184913322329521 1.381830543279648 0.4437824338674545 0 16.57543788850307 0.567705437541008 5.459861993789673 0.8032705783843994 6.817065373063087 0.1159677430987358 0.9221183657646179 0 36.69194230437279 16.53694595396519 49.78299690783024 1.630879878997803 12.70751932263374 0 0 0.95216965675354 377.4565005898476 432.3832331746817 61.9894989579916 82.29454019665718 382.9532603621483 1.639997124671936 0 0 0.19671830534935 0.661584198474884 2.591847062110901 2.162814974784851 0.6999663859605789 2.47910213470459 2.063847988843918 0.6547284126281738 2.58105506002903 15.37323416769505 6.882551148533821 3.55171063542366 0.5321512222290039 0 0 0 0 0 0 0 0 0 0 0 0 0 0.3521919846534729 0 0 0 0.4393230974674225 0 2.045348763465881 0 0 0 3.251679241657257 0 1.944153696298599 2.415664225816727 1.097185179591179 0 0 0 0 0 0 0 0 0 0 0 0 1.822053164243698 0 0 0 0 0 0.6248939037322998 0.2420956194400787 0 0 5.033661812543869 0 0 0 0 0 0 0 0 0 7.745772019028664 11.40249800682068 0.3838045299053192 0 0 2.269765615463257 0 0.4575247168540955 0.6126560568809509 1.43132346868515 0 0 0 0 0 0.3355659544467926 0 0 0 0 0 5.427766889333725 6.474737942218781 20.17871925234795 32.01093000173569 2.350235149264336 13.8397573530674 2.665368258953094 325.3705396056175 6.74932686984539 1.733626872301102 1.870633259415627 6.0142722427845 0 1.156834378838539 0 5.598363921046257 0 0 0.8910766839981079 0.4220519065856934 0
378.8231950253248 3065.952174656093 487.8297668844461 427.3886865377426 4561.649825029075 108.2152081876993 0 28.14676348119974 5554.4357162714 841.2172408849001 421.5221807062626 134.0675508528948 4443.645618975163 2304.048175446689 26.90561836212873 2.912884496152401 2.120532765984535 1.277193181216717 0.2764988616108894 0.8280425220727921 1.690512970089912 0 0.349494606256485 0 0.7802760452032089 1.344850465655327 0 3.267460629343987 0.891804426908493 0 594.8096913397312 34.78386030346155 23.30007806420326 0 0.1182902976870537 1.086661756038666 20.07459424436092 4.690233178436756 1.620357044041157 2.096530549228191 1.551195457577705 3.525106064975262 1.63429244607687 2.408653222024441 0 1.301860272884369 155.5695845410228 33.56884964555502 3.380041211843491 4.39854471385479 16.19086595624685 1.250699266791344 0 2.849902629852295 7.819988705217838 65.19929160177708 216.0012262165546 574.0171549394727 30.74755597859621 29.12098353356123 5.145162135362625 8.973836399614811 0.1324118375778198 184.4443305432796 54.0007783845067 27.5237895026803 17.43940300494432 6.234285622835159 2.165437839925289 4.656379625201225 64.15722997486591 8.950663387775421 0 441.4582284390926 185.6137116029859 160.7578947097063 67.84136791527271 10.21306676417589 4.353742972016335 24.72432568669319 6.659957431256771 13.05195219069719 62.95247301459312 3.857974775135517 30.53018139302731 74.85388559103012 12.74287950992584 1.019728027284145 40.44658029824495 0.4396936893463135 4.144903115928173 5.470386497676373 4.129367314279079 3.693063817918301 8.737066969275475 247.8394114226103 20.66006998717785 0.4805790185928345 2.246082410216331 102.7247596085072 15.14659705758095 5.755307108163834 8.193951547145844 8.448822036385536 9.624283909797668 46.37905983626842 32.09319278597832 10.78903469443321 13.92292706668377 37.4405619353056 15.20634931325912 122.0370772480965 101.6454834342003 181.4252216666937 80.82728955149651 0.5299383997917175 0 0.4705100357532501 0 0 0 0 0 0 0 0 0 0 0.1535035073757172 0 0 0 0.2436254620552063 0 6.276586905121803 6.733353763818741 0 0 0 15.41718938946724 1.86888025701046 10.64197631180286 2.163218721747398 0.3264975696802139 0 0.2543399930000305 0.1684775352478027 0.6523363590240479 0 0 0 4.37917272746563 4.199088305234909 0 0.5992726385593414 0 2.313953459262848 0 0 0.2102822512388229 0 1.55044749379158 14.11312110722065 0.859944611787796 0 0 50.93303100764751 0.5821185111999512 0.779991090297699 0.1854974925518036 0.1342010498046875 1.579641342163086 0 1.765758454799652 0 0 155.8379193693399 0 0 0.1595273166894913 0.3790745586156845 32.58813439309597 0.4171647727489471 12.20476339757442 10.38074580579996 10.47555591166019 4.675758421421051 3.823514431715012 5.719635039567947 0 0.1282808482646942 0 0 0.1093236431479454 0 0 0 85.52958010137081 23.5994636118412 28.86483123898506 846.9262639433146 153.4146648868918 847.3045552074909 162.7885154485703 477.4678947255015 126.6706774905324 9.35359101742506 166.8543863222003 53.0441756695509 2.854613438248634 36.79561108350754 3.542204588651657 43.27553394436836 4.883234411478043 0.9252822995185852 6.162569016218185 17.91489221155643 2.853099599480629
6.544694274663925 70.25746281445026 3022.772206477821 0.4696603119373322 35.17240846157074 0.7328195422887802 28.14676348119974 0 298.3188278973103 2.481518805027008 4818.598662011325 14.32006587088108 242.5914645120502 607.2260882854462 8.888960532844067 5.227428995072842 1.592315778136253 11.93438276648521 0.3872765302658081 9.370145455002785 21.64493411779404 0 5.138962060213089 0.2479070425033569 3.123297639191151 0.8168249279260635 0.7362806499004364 8.456937611103058 0.1185972988605499 0 863.6279410198331 3887.223883375525 30.75898095965385 12.39705967158079 5.654261268675327 4.702253900468349 10.5351223424077 2.175287440419197 0.4277011901140213 1.755676187574863 31.91001844406128 36.65164025872946 15.29974631220102 2.969096973538399 2.595049157738686 11.50697082281113 27.69031212478876 4.275361634790897 3.568950548768044 20.91130121052265 5.835467286407948 0.7516930028796196 0.1595579087734222 18.22126064449549 0.1376292556524277 3.87619373947382 51.68465384840965 388.1348340138793 3.874713875353336 3.483876876533031 40.46137069165707 13.55650709569454 5.730125032365322 782.6933527439833 2.488083459436893 2.492946058511734 2.125062249600887 5.301508761942387 30.88695192337036 167.3776895776391 4.925168260931969 0.6854837685823441 0 61.81998001784086 101.1467503532767 29.06150922179222 345.1261748149991 1013.850885674357 972.4569064229727 2719.476873263717 146.863137178123 719.5383482128382 3.658883027732372 0.2115408554673195 2.297157645225525 4.007014118134975 17.34577444940805 0 2.283112317323685 0.7442402690649033 0.5787110105156898 0.7693136781454086 58.6797811165452 5.375080078840256 12.29410740733147 17.86606404185295 3.146422535181046 0 1.114973872900009 2.785536512732506 0.1984520256519318 0.4182042479515076 0.4989866316318512 0.2623616755008698 0 0.1471317559480667 0 0.7517394423484802 0 0.2128572463989258 0.3585822731256485 2.835078164935112 3.396210566163063 4.72853621840477 4.634082689881325 0 0 0 0 0 0 0 0 0 0.2952519357204437 0 0 0 0 0.1567983031272888 0 0 0.1908733397722244 0 0 0 0 0 0 0.1760670244693756 0 0 0.4573174864053726 0 0.2216761708259583 1.367147877812386 0.3645317405462265 0 0 0 0 0.1722896993160248 0 0 0 1.226889491081238 0 3.625454023480415 0 0 0 0 0.677327886223793 0 0 0 2.528012841939926 0 0 0 0 0 0.1985516548156738 0 0.3942121714353561 1.341061472892761 3.798971742391586 0 0.3868461549282074 0 0.7411374449729919 0.8304762691259384 0 0.5796941518783569 0 0.9162522554397583 0 0 0 0 0 0 0 0 0.1614120006561279 0 0.1179845407605171 2.855212911963463 0.7797781229019165 1.09779167175293 90.57920927554369 28.82138668000698 86.08497825264931 14.70110861957073 12.2935608252883 6.950763829052448 0 25.36320823431015 3.771006181836128 1.367013350129128 2.218858540058136 0 0 0 0 0.2781432569026947 1.723320797085762 0.1451660394668579
18.5084040760994 1132.640785455704 1051.449590340257 40.11687812209129 5813.208358131349 7.426586329936981 5554.4357162714 298.3188278973103 0 28.65472730994225 3724.296410657465 41.5135814845562 1200.281905680895 3083.862659960985 9.957856349647045 1.371755614876747 0.1344990581274033 0.1876213252544403 0 0.5266639143228531 0.9908631145954132 0.2936981692910194 0.1962724924087524 0 0.8414111137390137 0.1542607694864273 0 1.281803384423256 0.2970854938030243 0 113.257723428309 14.36519466340542 31.04496961832047 0.1850141882896423 0.7223343104124069 0.8811259120702744 36.80840242654085 0.5967833027243614 0.7307299673557281 1.130201026797295 2.789827167987823 2.625733256340027 0 0.7805251330137253 0 0.1685944646596909 35.53336561471224 5.274533107876778 0.3981207385659218 0.2996345534920692 2.819401986896992 0 0 0.6825559213757515 1.146667636930943 6.207616589963436 20.48483999818563 60.0539061948657 5.052855707705021 5.779410675168037 2.023165628314018 1.727799937129021 0.9847457110881805 27.81787811219692 6.274070508778095 2.196086302399635 2.067451782524586 0.5755739361047745 0.1090945601463318 6.069917649030685 17.86952702701092 1.628005295991898 0 47.45527968555689 23.52758760005236 33.83041068166494 18.10978270322084 3.783959470689297 1.127180345356464 35.99264116585255 1.685150235891342 1.569405861198902 5.951044961810112 0.09408595412969589 3.44979389756918 8.035220913589001 1.748407140374184 0 5.221616134047508 0.23731729388237 1.157201863825321 1.010723695158958 2.182094931602478 0.4597730487585068 1.165895313024521 79.04685990512371 6.611325860023499 0 0.8848851025104523 7.997534900903702 3.13007927685976 0.6358407139778137 2.025445491075516 1.122966170310974 1.109528392553329 4.510693147778511 5.469723239541054 1.736250996589661 3.674505114555359 10.83828023076057 3.314460873603821 20.23388476669788 25.06452523171902 40.63443283736706 13.52483670413494 0.468553751707077 0 0 0 0 0 0 0 0 0 0 0 0 0 0.1514961123466492 0 0.863108217716217 0.659686267375946 0.1769179403781891 0.3980176150798798 0.241950124502182 0 0 0 1.638632893562317 0 2.208031728863716 0.8410158753395081 0.1988487243652344 0 0 0 0 0 0 0 1.646289974451065 0.2556972503662109 0 0 0.4779316186904907 0 0 0 0 0 0 1.59826198220253 0 0 0 14.36118283867836 0.5506480932235718 0 0 0 0 0 0 0 0.2708061635494232 32.60515515506268 0.6128501892089844 0 0 0 7.046092048287392 0 3.948582321405411 2.259711697697639 0.5200513601303101 0.6371232867240906 1.204655885696411 1.169930905103683 0 0 0 0 0 0 0.3564243614673615 0 19.34990356862545 4.393068134784698 4.687820687890053 194.4905700683594 21.77715299278498 145.8057557791471 30.4289273172617 46.61473367363214 22.00147023051977 1.427293725311756 37.52800510823727 9.250439681112766 0.93506920337677 9.064786896109581 0.1751232445240021 9.685243651270866 0.6437779664993286 0.1734385192394257 2.322824031114578 3.993059784173965 2.338547348976135
2922.609305396676 2288.912968754768 31.32855431735516 3065.842010527849 66.5501622185111 1604.047536805272 841.2172408849001 2.481518805027008 28.65472730994225 0 12.00203138589859 4702.948790580034 6699.964304924011 287.2340176329017 5.69123513251543 0.7205685377120972 1.350453183054924 0.3959321081638336 0 0.7709503769874573 0 0 0 0 0 0 0 1.00461084395647 0 0 410.821241222322 4.092003211379051 29.07169064879417 0 0 1.079173997044563 51.83332655578852 1.490679085254669 2.296860836446285 0.7675766199827194 0.1305147111415863 0.4068307429552078 0 0.3995403647422791 0 0.2813407331705093 43.09976778179407 9.948339477181435 0.852872371673584 1.096831001341343 3.812309771776199 0.164225846529007 0 0.1326153874397278 4.55414392054081 23.83606336265802 258.0622459948063 565.2099950090051 33.53696092218161 6.381829828023911 1.056896314024925 6.91860344260931 0.3700179606676102 79.38760889321566 21.68025890737772 7.371936149895191 5.183165967464447 1.353157080709934 0.4712328314781189 3.275789484381676 936.8714672476053 17.35677625238895 0 244.1974894702435 65.77049008011818 35.56658297032118 18.72104273736477 2.829254060983658 0.4560477286577225 13.30424064397812 1.022660434246063 7.002655982971191 27.17849100381136 0.9951133579015732 9.360553912818432 22.15786050260067 3.898557394742966 0.4496531412005424 11.66484800726175 0.1208021566271782 1.713864520192146 1.164014726877213 1.342735528945923 0.298715278506279 1.537852436304092 625.715242549777 972.2335599064827 0 9.017336450517178 942.6777276098728 12.69170644879341 4.010803878307343 9.601719096302986 6.338722556829453 14.68743687868118 50.03270733356476 40.98794081807137 7.100444540381432 27.24094942212105 57.34466832876205 21.07474173605442 126.9331971406937 241.8711647987366 184.2588266432285 67.07211883366108 1.331959843635559 2.034384250640869 0.356356143951416 0 0 0 0 0 0 0 0 0 0.3865265548229218 0 0 0 0.4442027509212494 0.6701534390449524 0 4.184208154678345 3.732356905937195 0 0 0 13.4085355848074 0.7887171506881714 11.35688050091267 2.897671431303024 0 0 0 0 0 0 0.7188111543655396 0 4.904657930135727 2.777464747428894 0.8468595147132874 0.2654103636741638 0 2.045477598905563 0 0.8083075881004333 2.036119267344475 0.9981922507286072 3.748962193727493 11.88094240427017 1.052514910697937 0 0 67.02044558525085 1.994985282421112 0.4347175061702728 1.844830587506294 3.211480915546417 0 0 0 0 0 108.8735103905201 1.084906071424484 0 0 0 35.17990159988403 1.126935601234436 7.179817318916321 11.70635697245598 10.57990851998329 4.669430285692215 2.676006942987442 3.400808334350586 0.9252007901668549 0 0 0 1.253152817487717 0.3708325624465942 0 0 83.59438107907772 24.94043941795826 21.79644574224949 881.7023446857929 31.30413412302732 326.0292510390282 44.12539863586426 1882.372018679976 54.2193681076169 3.415130153298378 87.42983292788267 86.49645364284515 1.888567566871643 39.46143084764481 1.806829296052456 47.0957013219595 2.686506718397141 1.27113763988018 8.493950515985489 5.766360148787498 0.3736300468444824
47.66462573409081 598.7716353610158 7692.047679007053 5.864559277892113 1158.184195183218 10.01550596952438 421.5221807062626 4818.598662011325 3724.296410657465 12.00203138589859 0 91.38160386681557 2462.658666409552 5762.344015158713 19.88433101773262 7.793749459087849 0.1445897668600082 2.485774844884872 0 0.9644721150398254 2.014678582549095 1.315686702728271 1.529188945889473 0.6331712603569031 3.438974000513554 2.334829658269882 0.5051126033067703 2.574139133095741 1.189441829919815 0.1967589259147644 703.643119379878 352.9636998772621 75.33281204104424 0.8673373609781265 3.222926586866379 3.699883356690407 136.9483229070902 8.824620954692364 4.375005282461643 5.186528399586678 30.03234215825796 12.64552485942841 1.546508818864822 2.028431311249733 0 0.4270924180746078 61.78012502193451 6.611434243619442 1.948966860771179 3.474971458315849 7.57558785378933 5.26397180557251 0 4.991785369813442 1.568780124187469 10.82892788946629 64.26810134202242 260.0910693332553 9.585444763302803 5.637996256351471 3.679601773619652 5.969898343086243 1.130194455385208 116.9420390427113 8.91908198595047 5.261904612183571 3.606023490428925 1.431572265923023 4.551332607865334 43.39704141765833 55.14664877206087 6.89431069791317 0 95.57582878321409 47.35592476278543 61.75402840226889 48.94039145112038 21.61180792748928 114.2634699121118 539.8134377673268 4.190936684608459 36.63720639795065 10.43411930650473 0.5654699802398682 4.814971819519997 10.99410120397806 6.16874348372221 0 8.682389959692955 0.648962065577507 1.366759903728962 0.9475099295377731 15.648670963943 2.345611721277237 4.029866218566895 143.851919054985 16.61528468132019 0 0.5550600439310074 23.72453735023737 3.960655868053436 0.8477332293987274 0.183659553527832 0.1544141322374344 2.097345039248466 4.067378833889961 1.742057055234909 1.258359342813492 0.2022361308336258 3.455066323280334 3.158983841538429 13.56687645614147 8.718000173568726 25.3338136523962 8.544749304652214 0 0.1383282989263535 0 0 0 0 0 0 0 0 0 0 0 0 0.1629584580659866 0 0 0 0 0.9428399205207825 0.6707690954208374 0 0 0 2.78303325176239 0 0.9972987025976181 0 0 0 0.2033182084560394 0 0 0 0 0 0.1896490454673767 0 0 0 1.038162469863892 0 0.5440948009490967 0 0 0 0.7091948390007019 1.307316333055496 0 0 0 11.03224666416645 0 0.4138866662979126 0.1305524408817291 0 0 0.8967049419879913 0 0 0.5270467698574066 23.89048443734646 0 0.1447016000747681 0 0.1232465207576752 5.962203666567802 0.1891199201345444 2.150362804532051 1.626701712608337 1.216210454702377 0.2178153693675995 0 0 0 0 0 0 0.9724694937467575 0.1469555795192719 0.1873127967119217 0 8.826469838619232 5.052615314722061 4.354551821947098 306.7873317375779 35.50471824407578 219.5120409950614 48.56929896771908 47.83191975951195 32.64041984081268 1.63467825949192 82.40409735590219 10.50448475778103 0.1638492196798325 3.006210491061211 0.2518361583352089 5.526636824011803 0 1.069267451763153 0.8292862921953201 6.936655834317207 1.183232113718987
103.4983953386545 55.24402670562267 65.44154033064842 332.5323146879673 39.53447903692722 383.8469394743443 134.0675508528948 14.32006587088108 41.5135814845562 4702.948790580034 91.38160386681557 0 1064.07618431747 141.6815473437309 2.44656591117382 1.637131035327911 0 0.7918329536914825 0 0 0.1803704351186752 0.1560416221618652 0 0 0 0.4986491352319717 0 0.2895881235599518 0 0 111.5832689404488 1.61983422935009 17.15207807719707 0 0 0 72.80816687643528 1.633033156394958 0.1993101984262466 0 0.8766027987003326 0.2105228453874588 0.3196346610784531 0.2290943413972855 0 0.5839123725891113 14.55127014219761 1.939359188079834 0.3123786151409149 0.5822629481554031 0.5643443465232849 0 0 1.028667867183685 0.3114756643772125 4.974622994661331 39.37934869527817 53.54912293702364 6.388720065355301 2.108335644006729 0.3771033585071564 3.224333025515079 0 10.36454598605633 2.821877844631672 2.294991321861744 0.4721168130636215 0.2385771051049232 0.8423099517822266 3.055459424853325 126.7972231209278 14.009267821908 0 44.14444524049759 7.758630201220512 11.2766977623105 5.779854401946068 0.9010542035102844 0.4107095748186111 8.692357182502747 1.099350810050964 1.268244832754135 5.119878739118576 0.106295682489872 1.450148314237595 4.112091287970543 0.3169711977243423 0.1291929334402084 2.113214895129204 0.1427881121635437 0 0.1510711014270782 0.5165597051382065 0.1454403400421143 0.3572138249874115 2216.685113474727 98.72757372260094 0 0.4878633618354797 140.7770431041718 24.22770908474922 2.817735448479652 11.68736971914768 9.788454592227936 17.66450071334839 54.59158182144165 37.97848026454449 12.4917247146368 18.13065093755722 58.98223368823528 23.94332212209702 156.8790349066257 148.2905448526144 231.0657653212547 74.6074922978878 1.505171954631805 0 0.7146050333976746 0 0 0 0 0 0 0 0 0 0 0 0 0 1.038321733474731 0 0 7.974194526672363 1.893200814723969 0 0 0 16.03224870562553 0 7.766439199447632 2.322513550519943 0.7608400583267212 0 0 0 0.3501032590866089 0.8701103925704956 0 0 5.986053809523582 2.786269158124924 0.5123577862977982 1.053445756435394 0 0.5012348294258118 0 2.241969481110573 0.9591243118047714 0.4902094602584839 2.8387720733881 16.88001443445683 0.3985423296689987 0 0 78.65307809412479 3.056655377149582 1.400685966014862 1.613208532333374 0.7858875691890717 0 0 0 0 0.6829506158828735 151.3260525017977 3.081870079040527 0 0 0 30.45408160984516 0 7.365452483296394 11.26892801374197 11.39255237579346 7.418309986591339 5.193459674715996 3.892010018229485 2.18235282599926 0.2629594802856445 0 0 0.5887094736099243 0 0 0 97.50094647705555 25.31359228491783 16.18629123270512 305.1567197665572 9.551700033247471 93.40173431485891 16.30058924108744 468.7008882761002 17.24078007042408 1.251311168074608 39.89585016667843 69.03847086429596 0.7142703235149384 37.39223097264767 1.192280188202858 60.95602385699749 7.759646102786064 0.9269734025001526 8.151758804917336 0.8671809583902359 0
524.4752656370401 1670.815655864775 1062.67384750396 2943.518822401762 926.2105233594775 275.2035808116198 4443.645618975163 242.5914645120502 1200.281905680895 6699.964304924011 2462.658666409552 1064.07618431747 0 3651.608729608357 20.98914541304111 4.981662884354591 0.7505087628960609 0.6957548260688782 0 0.6856824606657028 5.665365591645241 0.4062933921813965 0.8507277816534042 0 1.026979923248291 1.262062072753906 0.3790655806660652 1.952347159385681 2.069795057177544 0.4677572846412659 268.3669920638204 12.98380597680807 30.24186827242374 0.1571723967790604 0.3730783462524414 1.343092486262321 40.02551947534084 5.298229075968266 1.931029938161373 1.619299024343491 4.168129377067089 6.099608138203621 1.217153608798981 1.949722856283188 0.5469074249267578 1.135936185717583 101.7503190264106 11.65795159339905 2.020223788917065 2.896017536520958 7.583268001675606 1.186359316110611 0.2052942961454391 3.780439928174019 3.146001681685448 20.67184469103813 92.04406251758337 202.0271297320724 16.51620483398438 11.35852431505919 3.938374072313309 6.934780776500702 0.2330658733844757 51.30807685106993 19.04797988384962 9.555833026766777 5.742496602237225 3.319257438182831 2.823302954435349 14.84200259298086 167.8038415536284 16.76738882064819 0 159.1632932201028 59.79610779881477 92.0982316210866 47.74885372817516 9.494012773036957 1.199922323226929 51.01141487061977 2.665702387690544 8.251728288829327 22.25548265129328 1.271174848079681 9.869146890938282 20.79448442161083 5.348269112408161 0.6009582877159119 14.69982828944921 0.5785740315914154 4.202452450990677 3.939741156995296 5.66508661210537 2.784165263175964 5.764197081327438 2045.233131371439 83.38723678141832 0 2.30416626483202 173.4102019965649 22.56868772208691 10.42669157683849 13.79053884744644 8.049726322293282 17.64789575338364 81.8823574334383 49.33114410936832 14.91743257641792 66.01510061323643 90.96173407137394 29.75131294131279 194.8989194780588 193.7712976783514 285.6947106420994 103.5270668417215 1.177599132061005 0.4281688183546066 0 0 0 0 0.2544711530208588 0 0 0 0 0 0 0 0 0 0 0 0.2032378762960434 9.516953036189079 2.308545857667923 0 0 0 17.87327381968498 0.4706831872463226 11.77716445922852 1.183480188250542 0.5804102122783661 0 0 0 0.641469806432724 0.7153558135032654 0 0 9.382219046354294 5.502924755215645 0.5544378012418747 0.2057548761367798 0 0 0.685441792011261 0.4427101463079453 1.04278764128685 0.328291192650795 6.527292191982269 17.38838768005371 3.092661768198013 0 0 77.69431190192699 6.181468516588211 1.941832318902016 0.8794513046741486 0 0 0 0 0 0 228.7258715480566 0 0 0 0.5520128458738327 47.21586859226227 0.333887130022049 12.98952588438988 15.73817631602287 14.00162771344185 7.176782846450806 4.214035496115685 4.29136249423027 0.4774249941110611 0.7499557137489319 0 0 1.805069208145142 0 0 0 149.1928095072508 35.05654445290565 25.98566299676895 804.0392798110843 89.01345430314541 429.5101170018315 85.32891502231359 454.6427265927196 73.59148400276899 5.157512620091438 166.9191610217094 70.02521750330925 3.219660669565201 51.07153246551752 2.300146996974945 62.64554843306541 5.92619688808918 0.692608654499054 7.963066041469574 18.32788421213627 1.458654642105103
