0 5393.266549482942 1385.513186022639 1155.014992192388 912.7631753385067 34.40149801969528 529.5122205615044 149.5827553123236 39.95512598007917 2418.110673904419 332.7237505242229 391.7972373664379 377.7432456240058 35.43222092092037 2.093342319130898 0.4740855693817139 0.1336666941642761 0 0 0 0.7921376377344131 0 0 0 0 0 0.4609549641609192 0.1748993396759033 0 0 775.2247292548418 2.655525520443916 1.867193788290024 0 0 0 1.206941440701485 0 0.572192445397377 0 0.9362929612398148 0.4608735889196396 0 0 0 0 40.54995093494654 1.839439056813717 0 0 1.189644761383533 0 0 0.4417125135660172 7.453152239322662 4.521896719932556 597.4600427746773 1644.039367772639 26.56175419688225 6.203303210437298 0 0 0 0.1538927108049393 6.390703178942204 2.571425877511501 1.565182976424694 0.6640078499913216 0.2780863344669342 1.536285221576691 14.03861990571022 0.9576833844184875 0 204.8621290102601 49.98359894007444 30.25980213284492 3.178254507482052 0.4605570435523987 0.09183372557163239 5.925991743803024 0.5828592479228973 0.9960771501064301 16.28198507428169 0.5506664663553238 1.917168334126472 10.1659859418869 0.4493230134248734 0.6119629442691803 2.368678256869316 0.3442370444536209 0.2390701174736023 0.2139602899551392 0.9525723457336426 0 0 138.5789061784744 12.91824977844954 1.412995845079422 0.8736898601055145 1692.484745934606 0 0 0 0.5724247097969055 0 0.888757735490799 0 0.2274420857429504 1.512302994728088 0.3681585192680359 0.5103130340576172 2.35135617852211 0.9400763511657715 0.8433336913585663 0.609503298997879 0 0 0 0 0 0 0 0 0 0 0 0 0 0 0 0 0.3637596368789673 0 0 0 0 0 0 0 0.5711613819003105 0 0.3479164764285088 0.1082847192883492 0.294400542974472 0 0 0 0 0 0 0 0 0 0 0 0 0 0 0 0 0 0 0 0 0 0 2.605442404747009 0 0 0 0.128935918211937 0.088320292532444 0 0 0 0 0.486756831407547 0 0 0 0 0 0.782540887594223 1.376194953918457 0 0 0 0 0 0 0 0.1259459108114243 0.09206424653530121 0.3952604681253433 0 0 0 0.8776746690273285 0 0.1355273872613907 29.65131448209286 7.138605460524559 49.49801263213158 7.694083318114281 1165.997652709484 18.0671154782176 0.5035791993141174 7.803625375032425 0.1725274473428726 0 2.555284217000008 0.8042339682579041 0 0 0.1140277087688446 0 0.8226201981306076 0
5393.266549482942 0 3580.276534587145 297.1663201078773 3499.824010789394 70.40287680923939 5108.03010456264 1943.354520060122 2110.297684513032 1176.249534070492 2765.063523232937 20.99220841377974 1248.15033159405 470.2093348428607 22.32161340117455 3.470430016517639 0.7762312218546867 0 0 3.720206901431084 6.257348261773586 0 0.4972556531429291 0.1520426571369171 1.050130158662796 1.384284645318985 0.4708876609802246 2.68647276610136 0.6465598046779633 0.4587246775627136 1790.030605480075 17.64467315375805 3.393530979752541 0 0.5602511763572693 1.125574387609959 5.595680147409439 1.448492303490639 0.5232514292001724 1.461998790502548 6.897205039858818 1.931162625551224 1.391180105507374 0.3267012313008308 0.1662229746580124 0 441.8725467771292 23.29866921901703 0.6834009289741516 1.562309309840202 10.26601894199848 0.3468705639243126 0 2.928505353629589 46.30716919153929 29.71451652795076 326.2834511101246 1305.15013153106 59.82650720328093 60.7460788115859 0.6436385214328766 0.2585308253765106 0.2300685942173004 5.75989456474781 41.94038833677769 16.80020535737276 12.03220344334841 9.0456537976861 3.818101271986961 15.12260294705629 11.59836992621422 1.418423637747765 0 814.3274476975203 290.3418272063136 328.708874464035 19.44641704112291 3.497874207794666 3.692130260169506 39.85844602435827 0.5776991993188858 1.743692725896835 105.6044909954071 2.835976138710976 20.69230729341507 56.3644146323204 4.202402085065842 1.478954546153545 13.05718054622412 0.818472683429718 2.403620354831219 3.315443269908428 6.317652873694897 1.353594183921814 1.890256784856319 103.6755976080894 4.620921552181244 0 0.3942396342754364 1117.440781831741 0.5583400130271912 5.267559587955475 20.22964370250702 8.527100816369057 6.256325677037239 34.89789173007011 0.200260728597641 50.31096683442593 17.47902438044548 4.200651839375496 5.920263305306435 52.42926418781281 21.28446842730045 29.8315542191267 17.62129437923431 0 1.566853195428848 0 0 0 0 0 0 0 0 0.2486170828342438 0 0.978660523891449 1.272132396697998 0 0.2622222006320953 0.7047374397516251 0.1716676503419876 0 2.768236219882965 30.61395421624184 0 0 0.4519234001636505 13.3958090916276 1.47335809469223 6.808653257787228 2.204067386686802 1.581789642572403 0.2453151047229767 1.064771577715874 0 1.712584018707275 0.4141627848148346 0 0 3.724103510379791 4.70965039730072 0 0 0 0 2.613863587379456 0.6198081374168396 1.687629848718643 0.4206897392868996 3.645769849419594 8.915127858519554 1.14734423160553 1.500067353248596 1.851847127079964 26.53936897218227 0 0.1250699311494827 1.071150124073029 0.2411213368177414 0.3608022779226303 0 0.2501693218946457 0 1.472214043140411 24.39133378863335 0.350547730922699 0 0 0.2838118970394135 13.66700960695744 68.56863172352314 28.71576292812824 14.23334057629108 3.230134248733521 6.052156910300255 0 0.5644104480743408 0.7540905326604843 0.324324831366539 1.289121754467487 0 2.949766337871552 0.219382531940937 0 0 24.28331106901169 4.859229147434235 2.393181577324867 472.6358546242118 71.69915610551834 612.7755662947893 102.6521747708321 547.3937972709537 81.40504968166351 3.718340396881104 149.2053953036666 15.09440049529076 2.127517998218536 29.62418580800295 3.299378514289856 75.59221501648426 0.5743244886398315 0.3365244567394257 1.456591412425041 5.066513612866402 0.2816793918609619
1385.513186022639 3580.276534587145 0 13.42133976519108 239.7835525423288 6.48294124007225 271.0072829574347 4421.317528143525 436.3511262759566 19.5425636395812 5127.962282016873 15.71555336564779 284.9267043322325 425.1344715133309 47.82570808380842 18.4927419796586 5.236893102526665 19.040757201612 5.258878692984581 191.5560042411089 222.7263439148664 2.290309995412827 5.406359329819679 1.048261508345604 14.06205314397812 9.150187239050865 6.481248944997787 54.61043113470078 5.40850342810154 0.2377622723579407 4758.259009577334 228.899652659893 22.92681454122066 5.718763589859009 15.46035937964916 8.725544184446335 8.539101347327232 7.819352686405182 0.8277102261781693 5.059266090393066 144.5069889724255 23.08443889021873 42.31597626209259 16.15943747758865 25.17516124993563 48.49716451764107 218.7021935582161 14.56040247529745 12.67018269002438 30.49553706496954 95.00765164196491 3.194491028785706 0.9553845375776291 44.37610524147749 14.27801777422428 8.195651210844517 191.2905441746116 2239.668777994812 22.83824303746223 21.30941087752581 35.56566582620144 5.65926618874073 8.453504249453545 53.08037801831961 11.29631048440933 30.32258874922991 36.91945209354162 112.0163153856993 72.90474897623062 411.3636135682464 19.2740580663085 2.748522832989693 0.9311688840389252 419.3549180924892 197.4347989857197 184.5959014743567 47.79776102304459 29.88911207765341 307.1091284304857 1169.239033557475 166.6595748215914 290.8039980977774 34.77936988323927 1.125847890973091 10.66200998425484 23.16434264928102 21.23533431440592 0.3383208736777306 6.889758884906769 0.1286777555942535 11.52370793372393 8.393710076808929 108.2313634902239 12.23385389149189 10.86819413304329 67.26222221553326 2.703598268330097 0 2.390161156654358 433.8023314327002 0.881055474281311 0 3.092744499444962 0.9464370012283325 0 2.671187222003937 0 10.96255576610565 5.036915615200996 0.8485678732395172 0.5699762105941772 11.18198651075363 7.460776954889297 6.447806149721146 4.833521276712418 0 0 0 0 0 0 0 0 0 0.2489200532436371 3.803213939070702 0 0 0.2542439699172974 0 1.799125120043755 0.173704981803894 0.1614019870758057 0 0 8.650944098830223 0.2132817804813385 0 0.3634013533592224 5.110278204083443 0 3.399769335985184 2.877680875360966 2.234115831553936 5.7884351760149 5.773227095603943 0.1447869837284088 0 0 0.1115315780043602 0.2034251838922501 3.859948575496674 0.2532912045717239 0 0 3.636164143681526 0.2113143801689148 15.65873619914055 0 0 0.2350242882966995 0.3196999728679657 0.6807204484939575 0 0 2.506433188915253 11.34926304221153 0.1286267340183258 0 0.3220323920249939 0.3229284584522247 0 0.3384368121623993 0.4676433429121971 0.4865314513444901 16.2355945110321 7.095177412033081 0 0.6579464673995972 0.3385945707559586 9.719510234892368 5.387027770280838 18.94019649922848 8.655854359269142 3.668822787702084 1.784439086914062 3.253322578966618 0 0 0.2120322212576866 0.1140331625938416 0.7093588709831238 0.4123090654611588 1.50446393340826 0.8489204272627831 2.47265549749136 2.823733553290367 11.08306775987148 5.92011484503746 1.166686698794365 249.3656392320991 207.3953532129526 352.6292994916439 71.29836753755808 70.99453838914633 32.68575474619865 2.649880133569241 95.08796561509371 10.79883787035942 5.05479971319437 7.902357548475266 1.380506053566933 23.04561093449593 0 0 0.5908259153366089 7.35109606385231 0.6554601192474365
1155.014992192388 297.1663201078773 13.42133976519108 0 17.10666456073523 340.7375333756208 766.7635125443339 0.7304667979478836 8.937343329191208 4096.722527816892 2.642607502639294 816.5957172960043 1632.628169797361 33.76692958176136 0 0 0 0 0 0 0.1024036109447479 0 0 0 0 0 0 0 0.1061902791261673 0 43.01280082762241 0.2808708027005196 0 0 0 0 0 0 0 0 0 0 0 0 0.1348287910223007 0 32.18301582336426 1.94706567376852 0 0.1035924330353737 0.1112279072403908 0.2804671227931976 0 0 4.946482419967651 3.424726016819477 137.188238017261 412.5106510668993 16.30361689627171 2.439664162695408 0 0 0 0.1822027713060379 2.629236079752445 1.628067500889301 1.087072394788265 0.4496382921934128 0 0 0 0 0 100.9208239540458 25.15579757839441 17.38766744732857 0.3735585361719131 0 0 0 0 0 10.80616304278374 0.1918574050068855 3.660434566438198 4.187823861837387 0.3740652427077293 0 1.43979761749506 0 0.2513215094804764 0.1556656211614609 0 0 0 11.38254547119141 0.195382222533226 0 0 470.876113705337 0 0 0.2843519747257233 0 1.26452624797821 3.025113821029663 0.2756474912166595 2.023471027612686 8.846395164728165 1.481489941477776 1.329133003950119 3.581943601369858 0.3505834937095642 0.6049607396125793 0.414390504360199 0 0 0 0 0 0 0 0 0 0 0 0 0 0 0 0 0 0 0 0 1.494782269001007 0 0 0 0.211105078458786 0 0.3832041621208191 0 0.4023870527744293 0 0 0 0 0 0 0 0 0 0 0 0 0 0 0 0 0 0.7470595836639404 0 0 0 0 0.3544431030750275 0 0 0 0 0 0 0 0 0 1.647581160068512 0 0 0 0 1.804319888353348 0.7007745802402496 0.209629699587822 0.3308154344558716 0 0 0 0 0 0.1243674010038376 0.1430596709251404 0 0.2164406478404999 0 0 0 0.1791874170303345 1.309437930583954 0.2447153776884079 50.13751815259457 4.057631477713585 48.58532799780369 7.469989605247974 1044.146788239479 6.925254672765732 0.4975783079862595 11.33102445304394 3.990830898284912 0 0.6441669464111328 0.2954554855823517 4.518511772155762 0 0 0.9169340133666992 0 0
912.7631753385067 3499.824010789394 239.7835525423288 17.10666456073523 0 3.556533634662628 3830.532527223229 62.65651348233223 5527.68148380518 22.53332981467247 311.7033590450883 6.066426038742065 691.7089409679174 1414.351102717221 9.440589606761932 1.19720896333456 0 0 0 0.6936765164136887 0.116232618689537 0 0.1398148983716965 0 0.1290854811668396 0.199377104640007 0.1912315636873245 0.6124558225274086 0.657820925116539 0.1861007660627365 127.1432609930634 1.945908255875111 0.9192748367786407 0 0 0 0.4190008118748665 0.4454605057835579 0 0.1922121345996857 0.302672266960144 0.5183362513780594 0 0.9963696599006653 0.1967384815216064 0 136.9550822973251 4.903755709528923 0.2300630062818527 0 1.26228953152895 0 0 0.6947593465447426 9.67647360265255 6.752765484154224 41.23017919063568 106.7405056804419 11.85439505428076 16.32163514941931 0 0 0 4.154532968997955 9.249964699149132 4.001983836293221 3.980327159166336 1.437129475176334 0.274520717561245 0.9602769613265991 3.604655146598816 0.1315615177154541 0 125.2326795756817 62.33436343818903 116.8886290639639 14.75781886279583 1.59385621547699 0.2487804293632507 0.5568992793560028 0.3554332852363586 0 26.17844589054585 1.259966135025024 6.128032922744751 15.62134950608015 2.072213269770145 0.6351809650659561 3.810313358902931 0.1669812947511673 1.377935446798801 1.380767799913883 0.3414081633090973 0.1853165328502655 0.5342764556407928 71.1249987334013 0.4922779202461243 0 0.2318422198295593 21.83268076181412 3.654435932636261 0 13.33129125833511 5.086163982748985 1.471924543380737 21.29128022491932 0.1767231374979019 25.32420381903648 18.6869341135025 4.125033840537071 4.820645704865456 32.18197551369667 18.45802499353886 24.47473378479481 8.343376986682415 0 0 0 0 0 0 0 0 0 0 0 0 0 0 0 0.1494273394346237 0 0 0 1.58502072095871 22.04690530896187 0 0.9949438571929932 0.7187055349349976 5.140197083353996 0.5656835436820984 3.19985257089138 0.6723358929157257 1.523136392235756 0 0 0 0.7226729989051819 0 0 0 3.282659932971001 1.084857471287251 0.8141250014305115 0 0 0 0.1591130942106247 0.2081161737442017 1.15912926197052 0.09210547804832458 1.196294009685516 4.346152871847153 0 0.7388766556978226 1.587687313556671 8.113071590662003 0 0.3097915649414062 0.452925980091095 0.3526785001158714 0.2169693931937218 0 0.1015927717089653 0 0 15.70398503541946 0 0 0 0.1188627704977989 8.494902268052101 48.35496544837952 10.65023794770241 8.020135641098022 0.5090014338493347 1.19521102309227 0.7270066142082214 0 0.2495030462741852 0.2163347229361534 0.1032041907310486 0.1259394288063049 0.7699718102812767 0 0 0 16.07952654361725 1.226962596178055 0.7809063196182251 186.277830041945 33.5588380843401 210.9715334996581 47.67861753702164 49.32762246578932 37.50274346023798 2.169459894299507 66.11495953798294 7.276509024202824 0.390221506357193 15.34110498428345 0.1790094971656799 42.91754557192326 2.992472603917122 0.3421820998191833 1.292264863848686 1.412568166851997 0
34.40149801969528 70.40287680923939 6.48294124007225 340.7375333756208 3.556533634662628 0 28.00983060896397 2.990915417671204 4.3530433177948 712.9258069992065 14.44248765707016 580.6232156604528 206.4421129673719 39.94666738808155 6.758104786276817 4.539079204201698 1.254780158400536 0 0 0.1823487281799316 0.4500472098588943 2.710225254297256 0 0 0.4350773990154266 0.3776299059391022 0.237185075879097 0.1668618768453598 0 0 4.09340688586235 3.447283238172531 29.42172901332378 0 0 1.604148700833321 46.46989989280701 2.896986871957779 10.83028315007687 3.016493305563927 0 0 0 4.038549035787582 0 1.895488172769547 9.925753727555275 0.1893366873264313 0 0 0 13.06087701022625 0 1.38516628742218 0.3779553472995758 0.1436235308647156 141.798880442977 18.84870292246342 0.3541836738586426 0.1471117585897446 3.461843520402908 16.99385325610638 0.5635638236999512 2.684174180030823 0 0.2133220285177231 0 0.5818701833486557 0 0 203.7088495492935 284.2284642904997 16.42222391068935 6.42512696236372 3.238944604992867 5.460183531045914 4.118108734488487 4.754811212420464 0.7151877731084824 18.05217012763023 3.522208943963051 34.26106025278568 0.3014437109231949 3.447418376803398 0.1082834899425507 2.055041022598743 0 20.43609220534563 2.877392590045929 20.18807756900787 0.3871136009693146 2.634205639362335 0 0 0 753.5292486399412 246.1554081887007 16.82725259661674 40.08564282953739 330.4939257204533 0 0 0 0 0 0 0 0.9930239319801331 0 0 0.3344596922397614 2.974022403359413 0.3619557619094849 1.025501042604446 0.574152946472168 0 0 0 0 0 0 0 0 0.2216783910989761 0 0 0 0.7082087844610214 0 0 0.4169537425041199 0.3618007451295853 0 0 0 0 0 0 0.1590544283390045 0.949887678027153 0 0.7941740602254868 1.188000038266182 0.9149725213646889 0 0 0 0 0 0 0 0 0.378614217042923 0 0 0 0.4614645391702652 0 0 0 0 0 0 0 0.3250536024570465 0.2146078497171402 1.626775503158569 0 0 0 0 0 0 0 0 0 1.263261914253235 1.067290306091309 0 0 0 0 0.2917245328426361 0 0.1785921007394791 0 0 0 0 0 0 0 0 0 0.2797679677605629 0.2083839178085327 0 0 0.8718651533126831 1.387182578444481 39.65434113144875 6.352512806653976 19.36071845144033 5.500042669475079 106.9832017421722 5.202490784227848 0.2412158250808716 7.982856228947639 0.4841462969779968 0.1088623553514481 0 0.1968214511871338 0.5603498816490173 0 0 0 1.91034223139286 0
529.5122205615044 5108.03010456264 271.0072829574347 766.7635125443339 3830.532527223229 28.00983060896397 0 33.45808210968971 2833.055119216442 619.4660750254989 74.04789484292269 60.65299341082573 2226.227214887738 257.9048782363534 26.76164780557156 3.674523256719112 1.279437363147736 0.547006830573082 0.5683148428797722 1.089657366275787 0.6960246115922928 0 0 0.1667587459087372 0 1.188412293791771 0.1391290575265884 2.049538940191269 1.479556068778038 0.750183679163456 267.1928156092763 3.984212353825569 3.658611208200455 0.7720219045877457 0 0 7.802338026463985 0.3414683863520622 0.8890117630362511 0.9547158628702164 0.7907735705375671 2.63140644133091 0.135911762714386 0.48099734634161 0.2501664087176323 0.1623369455337524 502.3892190232873 23.43905507773161 0.3825972303748131 0.3621795773506165 6.64019650965929 0.1126223728060722 0 1.716752246022224 34.54114156961441 31.35213745385408 187.3077908232808 381.3459525853395 44.82146203517914 58.53594821691513 0 0 0 7.985917530953884 39.75244802981615 18.94991627335548 11.30420112609863 5.430300332605839 1.347502931952477 0.893235981464386 33.33133433014154 1.006800785660744 0.1454088091850281 507.6862718388438 200.6986339613795 367.1432532668114 40.86233570426702 3.707763306796551 0.1456282436847687 1.670078963041306 0.2649759352207184 0.7338659539818764 110.9031438827515 2.61658389121294 23.3816073089838 54.14781970530748 4.215291425585747 1.399319440126419 15.52004528045654 0.9901015236973763 3.422875016927719 3.821522459387779 1.091664649546146 0.5884334519505501 2.599668025970459 400.1412030160427 3.408041767776012 0 1.482227206230164 71.66979065537453 13.47478207945824 4.008542150259018 85.63789159059525 19.55119486153126 25.11264754831791 147.1138606369495 0.8914920389652252 212.2513676583767 108.966310441494 16.61151328682899 41.12998226284981 284.1795122772455 124.6603028327227 120.7092869356275 56.74834097921848 0.4672498255968094 1.258025214076042 0.5739574432373047 0 0.7854266166687012 0 0 0 0 0.4372153282165527 0.1189106330275536 0 1.665298506617546 1.538995116949081 2.180175423622131 0.1522990167140961 0.5696690678596497 0 1.250946879386902 16.03877826035023 155.9914253354073 0 1.971022129058838 2.768344700336456 43.13626743108034 5.002013832330704 19.62254721671343 3.696617558598518 8.900260217487812 0 0.2092255055904388 0.1747259199619293 4.80595326423645 0 0.2869181931018829 0 17.80398158729076 23.23166178911924 0.4158236384391785 0.3826004266738892 0.1820261478424072 0 0.6993787288665771 1.49310664087534 5.205994114279747 0.5528054386377335 8.033964179456234 28.90656866133213 0 3.559719145298004 6.580221652984619 72.16376322507858 0 3.655979692935944 6.650758989155293 0.5027914643287659 0.5163364708423615 0 0.5101379603147507 0 0.2871401607990265 90.75002866983414 0 0 0 0.1219054162502289 53.92803040146828 220.6126497238874 76.16700695455074 49.82788400352001 6.235769763588905 12.71230953931808 0 0.9714114964008331 0.5841246843338013 0.5737839415669441 0.9966068714857101 0.1310554295778275 5.62428180873394 0.2604123279452324 0 0.1528990864753723 126.078096807003 13.12374456226826 10.18427827954292 835.92942237854 131.9408335015178 897.6221381127834 190.7247802466154 373.0632596760988 161.4329867735505 8.795610457658768 283.4654341042042 35.7740336060524 2.90178856253624 83.32190264761448 5.450940050184727 225.6132134199142 6.611934334039688 3.589016810059547 18.71536188572645 6.888064861297607 0.9068692177534103
149.5827553123236 1943.354520060122 4421.317528143525 0.7304667979478836 62.65651348233223 2.990915417671204 33.45808210968971 0 833.8131045103073 4.929918147623539 1628.789270766079 28.88541800528765 615.6265846416354 1049.762709029019 51.94052957743406 24.43163704872131 14.38167472928762 16.66088593751192 14.94389370083809 194.3327970579267 149.8235228583217 0.3607313334941864 5.642575949430466 0.7593909800052643 16.0038999915123 12.72399032115936 8.622993163764477 28.39205463975668 2.431699521839619 0.6550928801298141 814.3874728158116 3474.384937129915 31.60914349555969 7.451587438583374 11.8411427885294 21.02782353758812 22.15727651119232 27.84644803404808 3.044561937451363 7.781594879925251 85.80763024836779 13.28600652515888 55.22981165349483 110.9711153656244 65.09732434153557 134.3727583140135 258.1584377512336 13.53373821079731 15.6731021553278 30.01041141152382 49.25852651149035 1.583943903446198 0.2964996099472046 21.46836532652378 9.315674513578415 5.999406084418297 53.34027898311615 260.7681792899966 11.2282225638628 34.54338725656271 44.95282332599163 11.14891290664673 4.904255017638206 166.176519587636 9.061027273535728 16.42518451809883 15.08653851598501 56.98756670206785 48.98738759756088 241.7711608856916 16.58228253573179 2.094219133257866 0.2140090018510818 204.439190030098 142.0210354477167 300.6883241683245 177.7180830165744 450.9304319471121 2543.684061579406 1797.359999023378 494.4784889146686 1227.926647119224 23.82647267729044 0.9152670353651047 7.459124051034451 17.08921846747398 12.87806501984596 0.3162916973233223 5.665073126554489 0.1121204197406769 7.650874197483063 4.536766193807125 51.94098193943501 6.949728012084961 8.001173712313175 44.13043214380741 4.346408352255821 0 2.372406989336014 40.96426667273045 1.504175007343292 1.47398829460144 1.439101040363312 0.6856015920639038 0.4313201606273651 2.151529580354691 0 5.430511265993118 1.64358614385128 1.153619959950447 0.5087451934814453 3.787165194749832 1.461426481604576 1.419851407408714 5.026949681341648 0 0.1937000006437302 0 0 0 0 0 0 0 0.4071474373340607 2.641282558441162 0 0.4708153605461121 0.1383854299783707 0 0.658298447728157 0.7407836019992828 0.2064599245786667 0.3932459950447083 1.186378836631775 2.109054982662201 0 0 0 2.717225924134254 1.685217022895813 2.742522150278091 1.636089183390141 0.4434841126203537 3.69332854449749 1.786792948842049 0 0 0 0.3454340696334839 0 0.4511944949626923 0 0 0 1.382315084338188 0.1980518996715546 6.441091597080231 0 0 0.1095105856657028 0.7663543671369553 0.1974045634269714 0 0.3618701547384262 0.8197806030511856 4.659432470798492 0 0 0.2230086103081703 0.08704157918691635 0.1123592853546143 0.2710104137659073 0.2830808609724045 0 8.272363074123859 3.727038130164146 0.332991361618042 0.2071731090545654 0 6.467491179704666 0.5807586312294006 7.680496081709862 2.377928599715233 0.9227941408753395 0 0 0 0 0 0.09028664231300354 0 0 1.55521023273468 0.4015072584152222 1.725038707256317 1.37363313138485 2.173967629671097 1.938969165086746 0.8034180700778961 212.0219509750605 133.0806048065424 360.0847179070115 68.92650177329779 30.03065510839224 36.35265359282494 4.063464149832726 91.59755893796682 2.601002424955368 1.45951609313488 4.103932350873947 0 5.648101344704628 0.8577432036399841 0.5648631453514099 1.0922736749053 5.424506813287735 0.183443009853363
39.95512598007917 2110.297684513032 436.3511262759566 8.937343329191208 5527.68148380518 4.3530433177948 2833.055119216442 833.8131045103073 0 15.60895181447268 3109.417729176581 27.96679072082043 1572.589062944055 2669.550795719028 20.40581274032593 5.099586844444275 1.414970204234123 0.2600958943367004 0 0.86539126932621 1.050026103854179 0 0.64886873960495 0.1306441128253937 0.3920104652643204 0.1618807911872864 0.9778435379266739 0.9008002132177353 0.1362528502941132 0 36.17462280392647 1.335341915488243 1.57282580435276 0 0 1.108282074332237 3.03829126060009 1.536930784583092 0 0.482565626502037 3.564814746379852 1.480049774050713 0.5370928645133972 1.014988876879215 0 0 113.3848267421126 2.782120518386364 0.7051423862576485 0.6576608121395111 3.702814772725105 0 0 1.508091390132904 1.939768619835377 3.094126261770725 19.489034332335 23.89964924007654 4.215058661997318 9.136337295174599 0 0.428428590297699 0 3.012492164969444 5.915566451847553 1.517835050821304 2.20481001585722 2.316823430359364 0.7134495228528976 4.280247926712036 7.704305276274681 0.8454613387584686 0 47.71253957599401 20.75837679952383 78.30406323075294 21.0831248536706 3.631162017583847 0.1567970663309097 1.68918089568615 0 0.1478175222873688 11.04033986479044 0.502153217792511 3.126942656934261 6.346234120428562 1.279531426727772 0 2.572512097656727 0 1.206939741969109 0.09489467740058899 2.694954290986061 0.7824250459671021 1.512273907661438 83.88902728259563 0.6550206691026688 0 0.3368312120437622 5.368021428585052 2.420350462198257 1.111662983894348 11.34414145350456 1.658516272902489 4.505609214305878 19.67651602625847 0 25.00831826031208 14.97575913369656 2.657703191041946 5.848001196980476 38.25564475357533 17.44387803971767 16.66924284398556 11.22424094378948 0.2596413195133209 0 0 0 0 0 0 0.2941152155399323 0 0 0.5174762159585953 0 2.028026461601257 0.1873336434364319 0 0.322761207818985 0 0.1452576518058777 0 1.558249145746231 16.94799211621284 0 0 0 5.166933186352253 0.3394299149513245 2.789358213543892 0.6007589548826218 0.1575007140636444 0 0 0 1.08024138212204 0 0 0 3.685099586844444 4.907547138631344 0.8452270776033401 0 0 0 0.8868291825056076 0.1062324866652489 1.341802030801773 0 0.8464706242084503 1.646239757537842 0 0.5414549708366394 0.1539754718542099 6.064818784594536 0 0 0.4358375668525696 0.2289277315139771 0 0.142848327755928 0.1096555218100548 0 0.5179666876792908 10.8650990575552 0 0 0.1459053158760071 1.482947871088982 7.35184320807457 22.89531679451466 4.819658979773521 5.496126890182495 0 1.902443185448647 1.852102160453796 0 0 0.08908253163099289 0 0 0.4791854023933411 0 0.2068137228488922 0 18.20787946879864 0.8772989511489868 0.5515885204076767 203.0589475929737 32.09367912262678 209.6438259705901 53.42715105414391 32.91867374628782 33.99192489683628 1.637284874916077 78.43139450252056 5.298905208706856 0.6024876683950424 14.02886169403791 1.630833730101585 28.62659868597984 0 0 0 2.662434495985508 0
2418.110673904419 1176.249534070492 19.5425636395812 4096.722527816892 22.53332981467247 712.9258069992065 619.4660750254989 4.929918147623539 15.60895181447268 0 18.3754044547677 1898.891089245677 6003.0091130808 38.98749765753746 7.080852285027504 0.2720450758934021 0.2384822815656662 0 0.1420220732688904 0.2668515965342522 0.1338931918144226 0 0 0.1289322078227997 0 0 0 0.3006812930107117 0.6416536867618561 0.1546228677034378 64.78640835732222 1.592661507427692 4.018821537494659 0.1301961243152618 0 0 8.872374504804611 0.1583451628684998 0 0.1389150768518448 0 0 0 0.3815140426158905 0 0.09491205960512161 137.6034620925784 7.801294766366482 0.2487361505627632 0 1.292152263224125 0.2947264760732651 0 0.3304910212755203 17.58807658404112 10.68026705086231 324.8093782216311 618.8215578868985 30.32947465032339 14.91227846592665 0 0 0 0.5318452268838882 13.97731497138739 6.401239551603794 4.093916438519955 1.301642030477524 0.5504691377282143 0.1231309622526169 91.06231623888016 1.007162243127823 0 280.6307417154312 68.05513667315245 76.9813340306282 7.060559958219528 0.7201064378023148 0.2370102405548096 3.068248867988586 0 0.3605155050754547 40.35521569103003 1.018442556262016 7.418463662266731 17.46311296522617 1.017405442893505 0.1939826607704163 3.725171662867069 0 0.622878409922123 0.4242189675569534 0.2831097394227982 0.4783090502023697 0.2227707132697105 977.9846065193415 8.594185255467892 0 2.370993912220001 1388.206034272909 8.298920601606369 16.34473893046379 122.4919777959585 93.22636410593987 8.610420137643814 90.67586043477058 28.98231060802937 124.4877240806818 98.7428297996521 29.52892906963825 20.89089718461037 169.0572251155972 69.89109656959772 87.13241778314114 20.32315489649773 0.1391168534755707 0.275957852602005 0 0 0 0 0 0 0 0 0 0.5883947610855103 0 0 0 0 0 0 0 3.117745414376259 66.12658342719078 0 0 0 14.90278570353985 3.329874634742737 4.189490497112274 1.095303624868393 0.5701940059661865 0 0.2199922353029251 0 2.416465580463409 0.1476647108793259 1.177440047264099 0 5.650515511631966 6.979439735412598 0 0 0 0 0 0.6493313536047935 2.307791128754616 0.6609931066632271 6.05169639736414 14.33219489455223 1.012880980968475 0.6520167589187622 2.439072698354721 19.31614251434803 0 0.9024659395217896 1.746862724423409 1.431558147072792 0 0 0 0 0.304207980632782 43.75854979455471 0.577646940946579 0 0 0.2635456025600433 25.21348515152931 72.09351353347301 15.00304192304611 22.50381974875927 2.149123407900333 6.882950246334076 0.1916627585887909 0 0.1605690866708755 0.7112198024988174 0.1544319987297058 0 0.6269155964255333 0.1139867752790451 0 0 41.79885776340961 2.181268140673637 1.564551413059235 527.9945698752999 22.94378959387541 228.4219150170684 42.40095470845699 3593.471606776118 27.102923437953 2.507327005267143 81.20311426371336 13.25580871105194 2.433959171175957 29.67934358865023 1.766764566302299 205.7583095431328 2.224853560328484 0.1647961735725403 4.0083287358284 1.902590468525887 0
332.7237505242229 2765.063523232937 5127.962282016873 2.642607502639294 311.7033590450883 14.44248765707016 74.04789484292269 1628.789270766079 3109.417729176581 18.3754044547677 0 416.553330309689 5173.541487112641 6318.002697765827 156.7165028527379 45.66495405882597 7.507123611867428 8.428724512457848 0.5379298627376556 17.09493339806795 45.37517660856247 1.30162113904953 6.202321961522102 3.04325358569622 50.85641710460186 17.39663423597813 26.13309127092361 24.26970162987709 2.074919894337654 3.120637431740761 603.6967358738184 952.8094789758325 170.3829285055399 0.7264647930860519 11.69405528903008 73.11137533187866 159.2444498091936 125.5966536924243 10.32406518608332 31.2269431874156 98.08628514409065 11.12078833580017 4.020570129156113 8.033539451658726 3.335823059082031 4.235015138983727 549.0875627845526 14.60880474001169 6.377770222723484 13.73408945649862 94.09568278491497 2.710884988307953 0.3128421604633331 17.00342083722353 18.68146121501923 13.83857372403145 81.30838239192963 239.0087472721934 20.56522378325462 58.85226438939571 5.361360028386116 17.18179549276829 9.755300685763359 44.77827982604504 17.26666862517595 16.84041829407215 21.05088535696268 51.86627478152514 15.49402453005314 131.8215513676405 158.7288042902946 3.622654005885124 0.6704587340354919 267.4808099940419 147.6079946085811 483.5866945981979 164.1233979389071 51.62681749463081 74.2210363894701 720.0230721235275 10.25996179133654 22.5951319411397 45.81463380157948 0.9083393514156342 13.39375545829535 30.18707073479891 11.00803478062153 0.8448512703180313 15.22223794460297 0.7783650308847427 12.27796792238951 4.606135025620461 66.14862322807312 16.86509833484888 8.984906084835529 299.8268679082394 17.2155449539423 0 9.888438262045383 47.40062879025936 0.7918089628219604 1.066455483436584 9.262935638427734 1.393905267119408 2.654693245887756 10.99069619178772 0 19.12622876465321 10.43936188519001 2.910566166043282 4.617358863353729 29.63916319608688 14.60953837633133 18.86343587934971 10.7855014950037 0.5185451507568359 0.1231353059411049 0 0 0 0 0.3320588171482086 0.6487557590007782 0 0.9933925420045853 8.960790812969208 0 0 1.864534169435501 0 4.399981021881104 0.1482826620340347 2.284809246659279 0 1.629621908068657 25.53572580218315 0 0 0 10.45355482399464 0.6935956180095673 7.513934589922428 1.580837056040764 0.7058258280158043 8.311070546507835 5.651900723576546 0.1339693665504456 0.3866628557443619 0 0.2187909930944443 0.3246966302394867 2.982988864183426 4.66539391130209 0 0 3.904854863882065 0.2950764000415802 15.83831933140755 0.6727039068937302 0.9364902824163437 1.046931155025959 2.484208956360817 5.87383759021759 0 0.7031552791595459 0.9374946728348732 19.76676418632269 0 0.3241314738988876 1.465155899524689 0 0.3587523698806763 0.4308466613292694 0.7636183872818947 0.1247449144721031 15.86249638348818 26.42702011018991 0.558147668838501 1.590874016284943 0.9935801401734352 11.03493154793978 10.90597726404667 42.94544748216867 12.93150621652603 9.72682798653841 1.048605486750603 2.032124996185303 0.2431184500455856 0.292160727083683 0.3677386865019798 0.9186706244945526 0.9512409865856171 0 2.63128811866045 1.149010583758354 2.319990374147892 1.816037878394127 25.17092430591583 8.873927399516106 4.14591421931982 704.2887915596366 219.3140563815832 921.0459539294243 228.3247496932745 75.92790912091732 108.9650709852576 7.704050526022911 349.4946571663022 9.197141498327255 2.038236483931541 19.90752220898867 1.888399288058281 33.89732301980257 0.5387147963047028 0.420255146920681 2.102211013436317 22.95828817784786 1.236526116728783
391.7972373664379 20.99220841377974 15.71555336564779 816.5957172960043 6.066426038742065 580.6232156604528 60.65299341082573 28.88541800528765 27.96679072082043 1898.891089245677 416.553330309689 0 1728.065761879086 621.0440134108067 36.64595736563206 14.88345352560282 2.247629076242447 0.5278265029191971 0 1.952019050717354 1.945969045162201 0.6972901821136475 0 0 3.451558455824852 0.8448271453380585 2.140838205814362 4.145445942878723 0.4698831737041473 0.4281175136566162 9.987452708184719 4.365011148154736 259.3513358086348 0.3755673319101334 0.3216065764427185 8.943356439471245 148.9290805310011 19.9358793720603 3.645300462841988 7.321419283747673 3.011707618832588 1.162735268473625 0.1433401107788086 5.069632470607758 0.6638112962245941 0.5847216546535492 86.00569498538971 1.420986704528332 0.3590381741523743 0.5640179663896561 8.042225055396557 1.918122142553329 0 1.349520474672318 2.465373858809471 1.540984012186527 39.874576613307 19.75446525961161 2.293819144368172 5.208222426474094 1.151323914527893 10.21429152786732 1.722190201282501 8.20355124771595 1.688913226127625 1.065000772476196 1.716760471463203 4.022071398794651 0.6493922770023346 4.043306037783623 486.2637025490403 15.1585174202919 0.2755572199821472 22.41411274671555 15.88975537568331 50.61582216620445 25.5415058657527 15.54587829113007 0.1716271638870239 98.70478186011314 0.8194157630205154 11.63732235878706 3.907274484634399 0.130221888422966 1.419352941215038 2.547455407679081 1.052589289844036 0.6910831183195114 0.7335892543196678 0.4416239708662033 0.8424284979701042 1.33404241502285 4.757205531001091 0.7094294726848602 2.985367007553577 4716.052756376565 55.48481644690037 0.4444261789321899 19.75576785951853 313.2546745240688 4.048124253749847 9.308544829487801 68.70503763854504 22.05409887433052 16.24797517061234 111.7416685521603 4.343174204230309 193.9427957981825 97.60821761190891 21.00029513239861 42.82030908018351 277.40848775208 116.5544617921114 182.2717465609312 68.06758140027523 0.9350317344069481 0.5109440237283707 0.4789338409900665 0 0 0 0 0.2403200566768646 0 0.3296897709369659 0.9101645052433014 0.1475210636854172 0 1.899257376790047 0.2670786380767822 0.6587836444377899 0.8441759049892426 0.3084030151367188 0.1641316264867783 12.36650274693966 105.7595957368612 0 0.3849046975374222 0 52.57785558700562 1.337959662079811 18.62755161523819 3.381552428007126 2.192090317606926 1.822221681475639 0.7532970160245895 0 6.322287186980247 0 1.030424207448959 0 11.02728153765202 17.80986005812883 0 0 0 1.018890500068665 2.070251151919365 0.8483457118272781 2.73866818100214 1.306386664509773 12.66020346432924 18.73975397646427 0.6638670265674591 0.4642541110515594 7.174930557608604 71.85677286982536 0.7083407044410706 1.703472286462784 5.687156677246094 0.6380645111203194 0.4513829424977303 0.1852355152368546 0 0 1.775661125779152 116.4182383269072 0.7305362969636917 0.1541976928710938 0 0.5364665538072586 52.52127082645893 149.5873894840479 63.94535085558891 41.4023053497076 5.486441262066364 11.37895025312901 0.3037610054016113 0.7913983389735222 0.5095178931951523 0.6753803193569183 0 0 1.408252954483032 0 0 0.605682760477066 139.0290804356337 29.58131912350655 10.78091342002153 580.5983234643936 60.98193701356649 229.5552390292287 80.49604646116495 1024.834675371647 33.88161610811949 3.665090404450893 215.3468290790915 30.46781949698925 2.503331497311592 64.68712589889765 4.76247563958168 218.7693740576506 3.323012709617615 1.443886071443558 13.18642359226942 14.66467893123627 0.1292936503887177
377.7432456240058 1248.15033159405 284.9267043322325 1632.628169797361 691.7089409679174 206.4421129673719 2226.227214887738 615.6265846416354 1572.589062944055 6003.0091130808 5173.541487112641 1728.065761879086 0 6909.543297246099 142.3526910990477 36.08396948128939 5.83059736341238 0.632691890001297 0.5532546788454056 3.196015812456608 5.128990910947323 0.1436139196157455 0.6216618269681931 0.7662645578384399 14.22650370746851 6.134774178266525 4.894734881818295 9.984127148985863 5.886318773031235 3.000181630253792 48.33915353566408 11.22630976140499 1206.171117097139 0.4592381715774536 1.44292089343071 34.54737576842308 440.2490786910057 50.33018419146538 10.70677854120731 18.18041449040174 13.99396799504757 4.163399316370487 1.078799486160278 11.63626568764448 2.082874163985252 0.4257492423057556 387.0687382295728 10.0406666174531 2.330538280308247 2.633881568908691 25.55625522136688 1.913848556578159 0.1278093308210373 6.40827938169241 12.01161405444145 10.00100585073233 76.19740523397923 100.2531978785992 13.5247615352273 33.80754975229502 3.93181437253952 58.57023604214191 5.117487877607346 17.6283243149519 12.04661434143782 8.71793270856142 9.78338510543108 19.6067176386714 6.638276793062687 24.26750223338604 592.0842766091228 17.36207818984985 0 129.4889990389347 55.48834834247828 275.5241616293788 119.4175055772066 49.44132611900568 2.479872591793537 230.9756530299783 2.037546694278717 37.20122841000557 33.71691232174635 0.9524760544300079 7.65970554202795 21.89366264641285 3.618976809084415 0.6486910507082939 10.36060893535614 1.026580601930618 4.916757449507713 5.93590946495533 15.19034773111343 4.078836694359779 6.832549199461937 3563.041642732918 43.49637860804796 0.4274552017450333 29.46786933392286 162.9694920480251 18.11176458746195 9.043409362435341 138.4365626722574 34.93571420013905 36.37692651152611 237.6524415016174 4.133103504776955 314.721277192235 184.7015299350023 44.59481185674667 70.20778872072697 483.8049712479115 205.2462462484837 231.5610603541136 99.83961329609156 0.905392974615097 1.795019648969173 0 0 0.7444708347320557 0 0.1698150932788849 0 1.1531972438097 0.7233278900384903 1.203602164983749 0.2408548891544342 1.209239616990089 1.108878269791603 1.682850688695908 1.363823384046555 0 1.192710071802139 0 18.92555686831474 225.3992807269096 0 0.3966242671012878 0.4601863920688629 85.35989387333393 4.740471005439758 34.10189066082239 8.916283547878265 8.237921796739101 1.842854171991348 0.9934712052345276 0.1392791420221329 7.608197048306465 1.64435039460659 2.804370880126953 0 17.70558519661427 30.12440674006939 0.1470542997121811 0 1.788306601345539 0.7645832896232605 2.535227090120316 1.348912678658962 6.761516362428665 1.456015363335609 14.49250228703022 34.78392639756203 1.331666484475136 1.572846412658691 13.17965213954449 117.1746865957975 0.8421345949172974 3.976208157837391 7.958222188055515 0.54484923183918 0.2577513977885246 0.9183757230639458 0.7046414017677307 0 3.124450482428074 189.3555473312736 1.530183851718903 0.1542936563491821 0.4318517446517944 1.507114447653294 71.06929759681225 299.3824468180537 89.52677341550589 55.37722937017679 9.469418168067932 16.22660034894943 0.7782992199063301 0.1297885328531265 0.6843976080417633 0.4761155322194099 0.09693988412618637 0 1.785674504935741 0.508370004594326 0.5782788321375847 0.565331369638443 229.7381357550621 40.00404426455498 16.76415242999792 1290.9829063043 224.3876886591315 860.6886085942388 302.9400983378291 868.4133959785104 160.3652735799551 17.48943465948105 550.9566616341472 38.81254553049803 4.467922553420067 85.16013638675213 8.985641121864319 310.7999509721994 5.927607044577599 2.323157966136932 14.5097790658474 43.88702968508005 2.220545455813408
