0 3219.852102816105 45.45798878371716 1070.917359121144 461.0435695722699 77.93036703020334 1325.383657321334 3.444380529224873 333.714757502079 1799.35868345201 80.51891716569662 507.9402629435062 525.901967279613 322.0627426356077 1.504686333239079 0 0.3774232342839241 0 0 0.1383854597806931 0.2121343836188316 0.2045687437057495 0 0 0.09092302620410919 0.7046483904123306 0.07630698382854462 0.9030325338244438 0.520063579082489 0 636.6578721404076 0.5523636862635612 1.748151049017906 0 0 0.3648612722754478 4.483434893190861 0 0 0 0.6088353917002678 0.3758352398872375 0.1581209599971771 0 0.08866036683320999 0 66.15665967017412 10.25107397511601 0.5037685185670853 0.5474123507738113 1.358907155692577 0 0 0.282113142311573 29.24834390729666 22.06186114996672 224.7978330850601 1242.117300100625 37.04860650748014 35.71133729815483 0 0.1226387843489647 0 14.62290682643652 17.48251393437386 5.598794244229794 3.73038188368082 1.148380935192108 0.1355623155832291 0.1007561013102531 16.2983710244298 3.995057225227356 0.09702031314373016 364.2353081330657 83.99817635118961 97.62642862647772 20.0904458463192 0.3522080257534981 0 4.239964865148067 0.2030593976378441 0.2455883324146271 32.00964855402708 2.696055449545383 5.108074389398098 10.63309356570244 0.3477762192487717 1.411510497331619 3.944010570645332 0 0.2780223786830902 0.3790179193019867 0.1223517656326294 0.4606368690729141 0.301773265004158 79.0608297586441 0 0 1.217995226383209 1275.444948486984 1.058608412742615 1.495647192001343 0 0.4494878649711609 0.2583488523960114 0.5611560493707657 1.764609932899475 0 1.900272205471992 4.643566302955151 1.144522346556187 11.38564380258322 4.60706602036953 3.021478377282619 10.64797084778547 0 0 0 0 0 0 0 0 0 0 0 0 0 0 0 0 0 0 0 0.9622857570648193 0.2649863436818123 0 0 0 0.2280610054731369 0 0.4084783494472504 0 0 0 0 0 0 0 0 0 0 0.644383892416954 0.08048411458730698 0 0 0 0 0 0 0.079686239361763 0 0 0 0 0 3.69883968681097 0 0 0.1528066992759705 0.1163191124796867 0 0 0 0 0 4.611190430819988 0 0 0.08474684506654739 0 1.10881894826889 2.593224987387657 1.085624024271965 0.1398429423570633 0.3552636504173279 0.9769231230020523 0.3619361817836761 0.1440514177083969 0 0 0 0 0.5440502613782883 0 0 0 2.911236338317394 0 0.2089745402336121 40.39547338336706 21.04659649729729 256.2892837002873 55.76869579404593 263.0071701258421 20.85720177739859 3.377480193972588 5.813820123672485 1.950036741793156 0.5100673735141754 1.37813875079155 0.09758138656616211 0.3809098154306412 0 0 0.1844201683998108 2550.048938110471 1353.261447906494
3219.852102816105 0 284.1398265957832 87.55854807049036 3436.585672520101 155.6046779453754 3307.878535315394 100.8345780298114 3089.477698519826 949.2700226455927 796.221922814846 288.5076961815357 1031.298156358302 1512.689388863742 14.23927721381187 0.5945050269365311 0.946443185210228 0 0 0 0.4027352780103683 0 0.09896981716156006 0.235991895198822 0.09100986272096634 2.858865350484848 0.09640069305896759 1.006442181766033 0.7140829414129257 0.3084947317838669 2064.443283177912 16.85421698540449 12.23074701428413 0 0.08250222355127335 0.7548969015479088 3.269963137805462 0.09562890231609344 0.2439804822206497 0.2194626852869987 0.6881270483136177 1.09293021261692 0.1094427183270454 0.3272795900702477 0 0.1147939041256905 203.4351139888167 15.63233029097319 1.606063790619373 0.1743391305208206 2.565084248781204 0.3742366582155228 0 0.5816211402416229 31.90136468410492 23.51399744302034 83.74547284096479 958.8244574069977 22.58875598758459 80.67591142654419 0.228237695991993 0.8400998637080193 0 87.46160969138145 23.23217684775591 9.327553652226925 4.656165286898613 2.606654599308968 0.3053813874721527 0.4538009390234947 18.26364279538393 0.2041853219270706 0 301.7014222145081 210.2228231355548 246.8975098505616 114.0241374969482 2.426509581506252 0.4212732836604118 39.00085254013538 0 1.120773606002331 42.33052103966475 3.722192600369453 6.162330470979214 15.75067713111639 0.8874200135469437 1.755334265530109 4.765791118144989 0.2591056227684021 1.123050838708878 0.6311724334955215 0.4638199210166931 1.685331501066685 0.8504189848899841 161.9173837602139 0.5308596938848495 0 0 412.9850816652179 0.6733286529779434 0.1139526292681694 0.4208659082651138 1.387916669249535 0.6121763363480568 2.73173888027668 6.173036172986031 2.510853841900826 6.427339345216751 14.52653378993273 4.472786337137222 40.82015486061573 23.47397381812334 13.82395891100168 35.00920524448156 0.2967116832733154 0.290753498673439 0 0.4994092285633087 0 0 0 0 0 0.1323646157979965 0 0 0 0 0 0 0 0 0 1.339633576571941 1.154748111963272 0 0 0 1.434228666126728 0 0.253815233707428 0.1202417239546776 0 0 0 0 0 0 0 0 0 2.759201973676682 0 0 0 0 0.1061873435974121 0.09001725912094116 0 0 0.3168314695358276 0.9062635526061058 0 0 0 4.584235683083534 0 0.4085736125707626 0.2102938592433929 0.08662465959787369 0.1228969469666481 0 0 0 0 5.991946250200272 0.1025148779153824 0 0 0 9.343647710978985 3.114102005958557 3.721659690141678 4.229374445974827 2.915474712848663 3.048662386834621 0.07715044915676117 0.3178029879927635 0 0.09480529278516769 0 0 0.08423807471990585 0.1019444540143013 0 0 16.48396267741919 0.1170255243778229 0.4430168122053146 89.97656152397394 60.4606074243784 447.1145688146353 72.7997198626399 336.9209365993738 35.77908605337143 3.799890153110027 34.89231297373772 4.848576284945011 1.334045588970184 7.988200023770332 2.372994780540466 1.417686730623245 0.6725435256958008 0.1409630477428436 0.1339510977268219 6157.954384967685 1815.560975581408
45.45798878371716 284.1398265957832 0 2.064834624528885 626.0250373482704 4.137974701821804 268.9432222098112 1491.96796669811 1220.900473259389 16.8652346804738 4040.452862657607 20.14592468738556 212.2694291546941 1774.408273346722 66.18813142925501 33.22111340612173 11.80295334011316 7.801987580955029 0.5381821468472481 36.05181238055229 55.74340694397688 0.1566761285066605 1.370659790933132 0.6802229210734367 3.38218879699707 11.54626507312059 0.5701900348067284 6.922705307602882 0.9538092836737633 1.005600489675999 1640.669821538031 767.7667479366064 106.0480541661382 9.428055413067341 0.5279359817504883 19.94749893248081 42.13536205142736 2.603191077709198 14.84008068591356 1.76051477342844 62.68600672483444 12.91350572556257 74.91804426163435 4.471098579466343 5.138513460755348 3.952776044607162 136.4602708443999 12.95812699198723 15.17507271468639 44.99248708039522 15.72447974979877 1.293225668370724 1.167244307696819 3.091941826045513 7.087745301425457 4.366999447345734 12.08650207519531 216.2547795251012 5.533673167228699 23.93749091029167 2.393937930464745 20.13334689289331 0.740120954811573 758.3512441068888 5.910683520138264 10.4031038954854 7.931711785495281 41.53225319832563 46.84570596367121 49.35156843066216 71.59798962622881 7.956700585782528 0 45.98957473784685 80.43527933955193 66.45878671109676 133.4364484548569 103.8851480036974 431.126423984766 1382.757284790277 3.267326295375824 261.652391910553 8.304299838840961 0.8440555706620216 3.116653069853783 4.81311821937561 26.71068785339594 0.7076809406280518 3.425537340342999 1.064834088087082 3.029590539634228 1.546335816383362 6.342070072889328 11.02616702765226 2.011645816266537 126.1547743156552 9.976509422063828 0.1570592075586319 20.38160323351622 20.9566231071949 6.096915453672409 2.46139857172966 0 1.416194029152393 0.6038554459810257 1.759384006261826 3.350108757615089 0.9959631040692329 4.916561134159565 5.387057237327099 8.009049087762833 38.02760627865791 20.36448277533054 14.84891457110643 52.93755163252354 0.9929618686437607 0.5266594439744949 0.2292568758130074 0.07752393186092377 0 0 0 0 0 0.1481084674596786 0.1763976812362671 0 0 0.08682891726493835 0 0.4994296804070473 0 0.1242208406329155 0 5.794928878545761 2.522555686533451 0 0 0 4.071554578840733 0.3477347120642662 7.27752473950386 2.794428780674934 1.232078202068806 0.6964187920093536 0.1806509494781494 0.1079873144626617 0 1.495098158717155 0.2960806265473366 0 2.089885473251343 6.459105521440506 0 0 0.228486493229866 0.309333547949791 0.4437285810709 0 0.1958111077547073 0 0 5.158614657819271 0 0 0.4087449908256531 11.78612845391035 1.862496078014374 1.025465592741966 0.09370304644107819 0 0.09289497882127762 0 0.09407386183738708 0 0.115449458360672 23.90821516513824 0.4020330533385277 0 0.1302284598350525 0.2403754517436028 29.23350114375353 9.607593297958374 8.409086808562279 3.518147088587284 3.713936753571033 5.248621441423893 0 0.8612307012081146 0.3259710669517517 0 0 0 0.1966247633099556 0.4248221516609192 0 0.1089319810271263 19.01745627075434 2.464731223881245 2.676573254168034 78.69827669858932 33.52381324023008 242.8536107689142 43.86455824226141 19.60541489720345 22.76761139929295 1.75199992954731 48.3296237513423 7.308763682842255 2.06351275742054 12.42242822051048 1.046080283820629 7.465302936732769 0.08932340890169144 0 1.377862446010113 0.6382673010230064 0
1070.917359121144 87.55854807049036 2.064834624528885 0 41.85937942564487 103.7668149471283 452.7030192390084 0.2079373002052307 38.44690555334091 1173.366585619748 2.443677052855492 802.4167800098658 797.7824110537767 380.3315543532372 0.143818125128746 0 0 0 0 0 0 0 0 0 0 0 0 0 0.1915379166603088 0 65.76843401044607 0 0.6792694330215454 0 0 0 2.054269760847092 0 0 0 0.08987865597009659 0 0 0 0 0 3.553027659654617 0.08030186593532562 0 0 0.1080244183540344 0 0 0 0.6020755842328072 0.2574043199419975 2.395048551261425 19.00215958058834 0.3449225723743439 1.200808018445969 0 0 0 0.5088788270950317 0.3684370443224907 0.3668847978115082 0.07701966166496277 0 0 0 21.55848351120949 0 0 8.173489466309547 2.668325126171112 4.804753310978413 0.6679397597908974 0.1474880278110504 0 0.2359021753072739 0 0 0.3796912133693695 0 0.2182060182094574 0.2989529073238373 0 0.1079977303743362 0 0 0 0 0 0 0 95.81014029681683 0 0 0 8.430731996893883 0.4129754900932312 0 0 0.4707048833370209 0.3787188827991486 0.4286030381917953 1.083994626998901 0.2834698036313057 1.751243196427822 2.547104984521866 0.3511561006307602 11.68374469876289 3.865218698978424 2.762854516506195 4.551578752696514 0 0 0 0 0 0 0 0 0 0 0 0 0 0 0 0 0 0 0 0.2313952147960663 0.2530288100242615 0 0 0 0.09823413193225861 0 0.2206536084413528 0 0 0 0 0 0 0 0 0 0.1186259165406227 0.4512457773089409 0 0 0 0 0 0 0 0 0 0.8834595680236816 0 0 0 0.2755100131034851 0.2172466069459915 0.4203867316246033 0 0 0 0 0 0 0 0.7742181494832039 0 0 0 0 1.446803718805313 0 0 0.08187685161828995 0.2090883627533913 1.369663178920746 0.58917635679245 0.1011581569910049 0 0 0 0 0 0 0 0 1.681658834218979 0 0 2.517983794212341 0.5295663848519325 11.48017008602619 1.342714451253414 142.1938246414065 0.9553771689534187 0.3722918331623077 1.953590035438538 0.1114234328269958 0 1.626334257423878 0.1488262563943863 0 0 0 0 527.3636344969273 3.427344232797623
461.0435695722699 3436.585672520101 626.0250373482704 41.85937942564487 0 7.918796494603157 2389.943862140179 110.9603162556887 6291.588268898427 221.791598148644 421.0270768329501 156.7375589236617 986.7596316561103 1243.478412345052 9.535895347595215 0.3455256223678589 0.416246123611927 0 0 0 0.786315843462944 0 0 0 0 1.121006183326244 0 1.079180367290974 0.6544315367937088 0.1121182069182396 471.8402525112033 10.35199798643589 3.094094678759575 0 0 0 5.346314862370491 0 0.09257686883211136 0.2466301620006561 0.5687142387032509 0.2944157645106316 0 0.08359761536121368 0 0 118.3246924802661 7.414854422211647 0.71706323325634 0 1.246118985116482 0.168750062584877 0 0.1904783025383949 12.05580474436283 9.841318383812904 21.6494714319706 200.730519220233 8.066342711448669 39.34348340332508 0 0.3852506875991821 0 52.97246593236923 10.6540075019002 3.023089244961739 2.360644914209843 1.187118142843246 0.2693875133991241 0.3358861356973648 6.191845163702965 0.1115648299455643 0 85.45790698379278 80.36360101401806 117.518496774137 80.37270747125149 1.4791209846735 0 13.08345737308264 0 0.3862758800387383 17.36448764801025 1.320102252066135 2.999369986355305 7.948585100471973 0.2180870473384857 0.9634782150387764 2.827500075101852 0.1536525338888168 0.5422937572002411 0.09371910989284515 0.1168495640158653 0.9341856390237808 0.1706827953457832 98.33535090833902 0 0 0.3049285411834717 30.07142431288958 3.139284789562225 0.204646572470665 0.1080091297626495 0.3183084726333618 1.074009954929352 0.8074192777276039 6.095279574394226 1.060045555233955 4.260128997266293 8.615324065089226 2.632608518004417 30.79801759123802 12.88670954853296 8.741039462387562 22.78830960392952 0 0 0 0 0 0 0 0 0 0 0 0 0 0 0 0 0 0 0 0.8717795759439468 1.291992112994194 0 0 0 0.6356272175908089 0 0.7848615422844887 0 0 0 0 0 0 0 0 0 0.6911933720111847 2.761540003120899 0 0 0 0 0 0 0.1504596769809723 0 0 1.213769420981407 0 0 0 2.67154423892498 0.284211054444313 0 0 0 0.09337709844112396 0 0.1131076216697693 0 0 4.401421308517456 0 0 0 0 8.483502790331841 2.470233008265495 1.264438837766647 0.2776362001895905 1.72541244328022 0.8959921896457672 0 0.1219452247023582 0 0 0 0 0.08886075764894485 0 0.2199637293815613 0 9.074637234210968 0 0.302942156791687 51.9290886670351 32.67356986552477 231.040997877717 37.43029272556305 49.08016173541546 21.61537081748247 1.878652967512608 23.47587928920984 2.490839041769505 1.876392208039761 4.741207771003246 0 3.680967390537262 0 0 0 0 0
77.93036703020334 155.6046779453754 4.137974701821804 103.7668149471283 7.918796494603157 0 114.3559205457568 0.9024771600961685 21.48247864842415 377.0062194168568 12.66156288981438 234.8021222129464 293.5536979809403 160.5340574905276 0.362197108566761 0.1270975470542908 0 0 0 0 0 0 0 0 0 0.1143806725740433 0 0 0 0 3.227634318172932 1.249824807047844 25.80039817094803 0 0 0 11.38045316934586 0 0 0 0.272330716252327 0 0 0 0 0 4.041780658066273 0 0 0 0 4.390259221196175 0.5529107451438904 0 0.2644469738006592 0.2732778191566467 40.40809638798237 14.26327269524336 0 1.986654326319695 0.1400342285633087 2.067282989621162 0 0.127082958817482 0 0.2538866698741913 0 0 0 0 129.4161619395018 95.20608486235142 5.631703585386276 0.5177287608385086 2.112629063427448 0.9008365869522095 1.596021689474583 0.533282607793808 0.1894748657941818 39.03402179479599 0.1162980273365974 2.94419726729393 0.3683277070522308 0.8288525193929672 0 1.217819005250931 0 3.514534145593643 0.8233698979020119 4.17195463180542 0 0.2296505123376846 0 0 0.1094934865832329 585.6697248890996 14.20030549168587 1.400281801819801 3.324834749102592 642.3379448205233 0 0 0 0 0 0 0.3518541380763054 0.155256986618042 0.2374110668897629 1.430173829197884 0.7720604538917542 1.597280777990818 1.18260595947504 0.5785961300134659 2.057482816278934 0 0 0 0.1115541607141495 0 0 0 0 0 0 0 0 0 0 0 0 0 0 0 0.1349284946918488 0 0 0 0 0 0 0.2274841219186783 0 0 0 0 0 0 0 0 0 0 0 0 0 0.1333756744861603 0.1315693408250809 0.1722825318574905 0 0 0.1755452305078506 0 0 0 0 0 0.3998850956559181 0 0 0 0 0 0 0 0 0.1685887426137924 0 0 0 0 0 0.2922272235155106 0 0 0 0 0 0 0 0 0 0 0 0 0 0.1362591087818146 0 0.3858639001846313 0.1505583971738815 0.134075403213501 2.419474981725216 1.162569120526314 4.111376270651817 0.8059486970305443 152.3714022487402 1.41685613244772 0 0.264056570827961 0 0 0.1089275926351547 0.1538473665714264 1.028719902038574 0 0 0 0 0
1325.383657321334 3307.878535315394 268.9432222098112 452.7030192390084 2389.943862140179 114.3559205457568 0 26.34674356132746 3729.418945878744 2620.688373148441 187.0238178670406 981.6634889766574 5412.188698261976 2941.173908546567 28.13723810017109 0.795466810464859 1.361199960112572 0 0.3033794686198235 0.1161802634596825 1.921244397759438 0.106297992169857 0 0.1556276902556419 0 2.68024804443121 0 1.742345184087753 1.739405415952206 0.9947865530848503 367.5209662541747 14.31568178534508 6.277413927018642 0 0.1517906188964844 0.1470387876033783 1.841754637658596 0 0.8776630163192749 0 2.412832945585251 1.105938844382763 0.1025416031479836 0.0838090106844902 0 0.2193582952022552 373.5097804814577 19.81287640333176 0.439479649066925 0.2916233912110329 3.148130811750889 0.5199112445116043 0 0.8993059694766998 34.18614792078733 29.2545407935977 53.38549853861332 336.220569819212 27.47420269995928 142.1890381649137 0 1.155925370752811 0 139.4050627350807 27.16907520592213 9.965914592146873 6.335230864584446 3.247437015175819 0.3448206409811974 0.4375704973936081 52.96330495178699 0.9514544308185577 0 239.5551509708166 206.7862746343017 362.6331114843488 256.1405121907592 2.809197746217251 0.7034360840916634 11.18564591556787 0 1.399964481592178 52.97363716363907 4.051347211003304 8.338017910718918 16.63914663344622 0.4950948357582092 1.42104284465313 9.227774649858475 0.8848287463188171 1.205218799412251 0.8280758038163185 0.3637145832180977 2.058291472494602 0.9577473402023315 408.8462270870805 0.1902565807104111 0 0.10362409055233 77.19221667945385 2.979419566690922 0.9976948946714401 0.3543738275766373 2.315564565360546 3.630496934056282 4.091445200145245 9.425764665007591 5.022093534469604 14.41000460088253 31.36890181154013 7.812700159847736 82.41203797608614 45.41300335526466 28.27563001960516 68.23379276692867 0.6926755085587502 0.2364697754383087 0 0 0 0 0 0 0 0 0 0 0 0 0 0.1117775142192841 0 0 0 7.486955888569355 1.410518079996109 0 0 0 1.985106840729713 0 2.656938567757607 0.1433671116828918 0.3518091440200806 0 0.08654499053955078 0 0 0 0 0 2.711743637919426 5.490794196724892 0.3646160662174225 0.5442516282200813 0 0 0 0 0 0 0.5285609364509583 4.76527014374733 0 0.1386751532554626 0 8.792685568332672 1.705780901014805 1.100248143076897 0 0 0.3180636912584305 0.1714036911725998 0.2608575448393822 0 0 12.67083930969238 0 0 0 0.1560143530368805 25.07433002442122 8.014656379818916 4.239469572901726 3.481446467339993 7.846921607851982 6.94988839328289 0.4523819088935852 1.447912558913231 0.1231221556663513 0 0.1849646791815758 0 0 0.1140870526432991 0 0 27.29573456197977 0.528673492372036 0.6699505597352982 164.1555826961994 95.89707330614328 691.8130484521389 97.76165488362312 391.1425654888153 77.26267480105162 4.640617653727531 81.24990724772215 8.551234483718872 1.872091047465801 8.57846837490797 1.489063799381256 8.146310314536095 0.4315528869628906 0.1085406541824341 0.3135203942656517 0 0.1379318535327911
3.444380529224873 100.8345780298114 1491.96796669811 0.2079373002052307 110.9603162556887 0.9024771600961685 26.34674356132746 0 669.3509840816259 1.675622306764126 1675.820169463754 1.902213767170906 47.44378039985895 754.293225094676 89.14815884083509 40.75672558695078 67.18677024543285 43.59968262910843 12.68365109711885 206.0408290103078 160.7650806084275 0.7256789728999138 9.526693724095821 2.52681589871645 12.25568229705095 31.58488739281893 2.186484597623348 11.92107274383307 3.119889959692955 0.4903102293610573 653.7478939220309 2122.883121721447 82.51609475910664 67.53642565757036 3.672806903719902 47.6783087849617 43.22599518299103 2.551662735641003 19.7614474222064 4.873167999088764 124.5714385956526 18.93736939877272 228.0697110667825 45.08526895940304 62.29766634851694 71.53793369233608 208.8486924916506 31.6002484112978 63.81708616763353 163.6000866219401 36.60252853482962 0.9553050994873047 0.9781628772616386 6.274380207061768 6.320964135229588 4.490813054144382 8.444229356944561 72.97967318445444 5.586916767060757 48.63164333999157 30.93918589502573 57.78650885075331 10.5526465550065 307.9239517226815 5.77354372292757 21.73813005536795 14.32008877396584 91.38410194218159 103.0377567633986 107.8696820735931 39.15118873119354 6.839643903076649 0.1157999411225319 33.92424819618464 90.23333220928907 171.8965045362711 587.7489426657557 1220.270967982709 1753.724446207285 1508.631887368858 68.09567733854055 2318.82574249059 8.239714294672012 0.40445676445961 5.272011786699295 4.802394434809685 76.40998671203852 0.5902586504817009 7.358523108065128 1.570426471531391 6.897420331835747 1.930080123245716 14.62259341031313 22.95820032060146 3.337741650640965 21.94568534195423 6.921276994049549 0.7397377490997314 23.62181762605906 3.071297824382782 0.8444823995232582 2.007509678602219 0 0 0.4684006348252296 0 0.1025538295507431 0 0.1012124195694923 0.5678040981292725 0.8507773205637932 1.865725584328175 1.100734144449234 0.8753420040011406 5.416667573153973 0.2826801091432571 0.2788024693727493 0 0 0 0.1674295514822006 0 0 0.1108981743454933 0.8239110857248306 1.031459473073483 0 0 0.6672361493110657 0 0.5141489431262016 0.3599946051836014 0.6838977187871933 0 1.124681457877159 1.093951225280762 0.09617265313863754 0 0.1018257364630699 2.535571403801441 0.2965636178851128 3.800523333251476 3.292917624115944 1.865376025438309 1.605143770575523 0.4714780002832413 0 0 0.4734169244766235 0.3976189717650414 0 0.1132639199495316 0.7733428552746773 0 0 0.2714041024446487 0.5170588865876198 0.7857997417449951 0.1326743215322495 0 0 0.1034707352519035 0.9167098551988602 0 0.3673600256443024 0.09078393131494522 3.39150982350111 0 0 0.0750553086400032 0 0.08684422820806503 0 0.07849001884460449 0 0 8.260397024452686 1.349557474255562 0 0 0.8332385271787643 2.050952136516571 3.711157694458961 4.558471098542213 0.6676118671894073 0.6167070865631104 0.8858344182372093 0 0.1795331016182899 0.1163757964968681 0 0 0 0.1470460146665573 0.1165527552366257 0 0.2219596356153488 1.884790770709515 0.5595402717590332 2.298890821635723 53.73521235585213 38.47773937135935 286.7804956585169 41.69095917791128 18.06105220317841 23.92697190493345 1.579181708395481 35.16211020201445 4.541165821254253 0.2135999202728271 5.137382864952087 0.514496810734272 2.731703534722328 0 0 1.314657062292099 0.4655312970280647 0.0764085128903389
333.714757502079 3089.477698519826 1220.900473259389 38.44690555334091 6291.588268898427 21.48247864842415 3729.418945878744 669.3509840816259 0 385.1985903605819 2632.341265112162 388.4355120584369 2568.142187938094 4972.806906245649 16.56121351569891 1.339320838451385 0.3301196247339249 0 0 0.1549025475978851 0.3422109633684158 0 0.176884263753891 0.1302273869514465 0 1.025914303958416 0 0.5882159620523453 0.8254126310348511 0.1444272249937057 530.3258013278246 9.884227484464645 43.27626658976078 0 0 0.6260565519332886 13.69498714059591 0.1256847530603409 0.1934817656874657 0 0.3778371959924698 0.5320425257086754 0 0.1092227697372437 0 0 175.5996981263161 6.94806944578886 0.4124683663249016 0 0.9252501949667931 0.1917369067668915 0 0.9991887807846069 15.79960514605045 12.20362889021635 25.8035057708621 245.0032380372286 13.18282666057348 51.75845485925674 0.1768742501735687 1.902802050113678 0 56.05762799829245 11.59437623620033 5.383710734546185 1.94926218688488 1.901094675064087 0.2134003043174744 0.2090443596243858 28.06739401817322 0.1524012684822083 0 107.8362036049366 91.46843079477549 143.6727047488093 113.3416642844677 7.226103991270065 0.4401185661554337 89.28683376312256 0 0.1273443847894669 22.27806820720434 2.286400750279427 3.930645689368248 7.422430954873562 0.4027979448437691 1.1594013646245 3.02107910066843 0.206147737801075 0.7368705049157143 0.212138257920742 0.181273490190506 0.7369241490960121 1.205358922481537 326.4649116396904 0.1450358331203461 0 0 38.55449982732534 6.258952461183071 0.8754658326506615 0 2.144953064620495 1.732725441455841 5.519995994865894 16.30013798177242 2.758097782731056 12.12581542879343 27.85178485512733 8.773498520255089 92.29830325394869 41.52069651335478 25.78834261000156 59.74356229603291 0.7702935636043549 0.2128361612558365 0 0 0 0 0 0 0 0 0 0 0 0 0 0 0 0.1168554946780205 0 5.023180842399597 1.670623689889908 0 0 0 1.833455771207809 0 1.39414805918932 0.3102617487311363 0 0 0 0 0 0.5809510797262192 0.1027270331978798 0 0.6582714915275574 3.204538889229298 0.4707604348659515 0 0 0.1240488514304161 0 0 0.3457135260105133 0 0.3910798132419586 5.208651043474674 0 0 0 8.718238495290279 0.6714387834072113 0.4588182270526886 0 0 0 0 0.1722039133310318 0 0 11.44235152751207 0 0 0.1810231506824493 0 17.98801531642675 4.262749940156937 3.331631928682327 2.857632361352444 8.968528524041176 5.019416242837906 0.122988760471344 1.778751350939274 0 0 0.09850312769412994 0 0.08455762267112732 0 0 0 32.47092189639807 0.4426144361495972 0.1827497035264969 105.6527017802 50.61708208173513 339.605874851346 56.26082707196474 72.0240670517087 48.38892459124327 2.102507457137108 65.33259202539921 3.627813152968884 2.463067322969437 9.04835569113493 1.481352880597115 9.489914149045944 0.09623751044273376 0 0.5045928955078125 0.5979346632957458 0
1799.35868345201 949.2700226455927 16.8652346804738 1173.366585619748 221.791598148644 377.0062194168568 2620.688373148441 1.675622306764126 385.1985903605819 0 35.69036694616079 3323.409638255835 6411.111634276807 1313.688493020833 1.256225600838661 0.6130829900503159 0 0 0 0 0 0 0 0 0 0.2163552269339561 0 0.188911110162735 0.07814988493919373 0 27.28112879395485 0.1519531458616257 2.639693439006805 0 0 0 6.596690759062767 0.7930837273597717 0 0 0 0 0 0 0 0.1465214043855667 21.32317507266998 1.040804244577885 0 0.1137757897377014 0 0 0 0 2.643333107233047 2.131331481039524 11.42588385939598 38.67254953086376 2.985666483640671 7.686091840267181 0 2.135426253080368 0 5.666106432676315 1.625521570444107 0.3944946601986885 0.1069665178656578 0.08362577855587006 0 0 257.8329341709614 0 0 24.3376387283206 10.74304065108299 18.70099027454853 12.59025102853775 0.425254225730896 0 10.09674978256226 0 0.1677722930908203 3.990636743605137 0.09986361116170883 0.8494185581803322 0.727173425257206 0.11542147397995 0.07601431012153625 0.3983457610011101 0.213529109954834 0 0 0 0 0 934.605148486793 0 0 0 87.12405182421207 5.745843388140202 2.257199548184872 0.9137142524123192 3.521953888237476 1.701971165835857 10.92674952745438 27.47929383814335 6.284377314150333 24.44143114984035 50.86808826774359 11.73053545504808 150.8293516933918 52.21672157943249 47.33859117329121 70.50797791779041 0.7225437685847282 0 0 0 0 0 0 0 0 0 0 0 0 0 0 0 0 0 0 4.327663265168667 0.9517524167895317 0 0 0 2.985843114554882 0 0.8168464750051498 0 0 0 0 0 0 0.08747812360525131 0 0 1.856096595525742 6.542053319513798 0 0 0 0 0 0 0.1331098824739456 0.08591765910387039 0 7.628002882003784 0 0 0 7.381710052490234 2.45938141644001 1.027590118348598 0.1086375117301941 0 0.3284270465373993 0 0 0 0 6.615401290357113 0 0 0 0 15.32494768500328 3.079876162111759 1.213609546422958 5.325168393552303 4.721579939126968 7.170779928565025 0.1083012297749519 0.7134856060147285 0.6653787195682526 0.2653287500143051 0 0 0 0 0 0 28.63977222144604 0.1305074095726013 0 15.71319246292114 4.853793755173683 54.6116559356451 8.534885048866272 299.803125590086 7.233974918723106 0.1724828332662582 8.583811707794666 1.222775541245937 0.7512620165944099 14.13743679970503 0.8410536795854568 12.52653503417969 0.7711643576622009 0 0 0 0
80.51891716569662 796.221922814846 4040.452862657607 2.443677052855492 421.0270768329501 12.66156288981438 187.0238178670406 1675.820169463754 2632.341265112162 35.69036694616079 0 39.51946551352739 708.1552607044578 5987.563354335725 106.9632981792092 29.55521280318499 1.751684710383415 0.2238530889153481 0.08789823949337006 0.9601034373044968 4.292204730212688 0 0 0 1.804655909538269 3.433394894003868 0 3.018437169492245 1.770375236868858 0.5173691213130951 1174.895777314901 156.1791417449713 395.1178394705057 0 0 16.46091217547655 74.41929856687784 1.533569805324078 3.277339190244675 0.8565307855606079 13.38881005346775 3.807035282254219 3.074566461145878 1.382301062345505 0.1937738955020905 0.8724140152335167 395.531052954495 9.242161579430103 1.449710570275784 3.499148741364479 2.498508714139462 0.2670605182647705 0.8997247964143753 1.33739909529686 14.89219702035189 12.32837086170912 26.4563445597887 242.0544739440084 21.19201263785362 84.91646367311478 1.232997581362724 27.19699670374393 0 110.1448627263308 11.90760803222656 6.051282860338688 3.912894912064075 4.219826258718967 3.999469384551048 3.867856614291668 151.0754010602832 24.50874187797308 0.07538905739784241 97.2628545537591 106.7346925958991 228.2503266260028 343.1626057326794 87.08930675685406 431.592017352581 984.332219645381 1.335637792944908 6.224816419184208 21.65069468319416 1.903799153864384 3.688175521790981 9.073063030838966 1.420895308256149 1.275832295417786 5.175875954329967 1.31113139539957 2.469477042555809 0.9233462736010551 1.728944480419159 2.71021693944931 1.924103431403637 434.4669512063265 21.86029808968306 0 7.117526844143867 20.21629909425974 1.870377160608768 6.918200790882111 0.1599282920360565 1.069622986018658 2.117876350879669 1.690611317753792 5.688705086708069 2.319832243025303 6.957294166088104 12.86164788156748 7.31941719353199 54.14951964467764 36.69753578305244 16.78446869552135 66.05540104955435 1.190196357667446 1.009846769273281 0 0.1016547381877899 0 0 0 0 0 0 0 0 0 0 0.08951154351234436 0.2179843634366989 0 0.3045693635940552 0 3.839281372725964 2.576612241566181 0.2822550535202026 0 0 9.631344772875309 0.1028387323021889 5.064082160592079 1.247132398188114 0.1025335490703583 0 0 0 0.5372422933578491 0.09931826591491699 0.3603047579526901 0 1.104878850281239 3.751079849898815 0 0.1758508384227753 0.1314378529787064 0.1073081493377686 0 0.167115107178688 0.3725820332765579 0 0.1581457704305649 4.122157365083694 0 0.1010206863284111 0 15.9711083099246 1.129306524991989 0.512659452855587 0.1221839487552643 0.09084171801805496 0.6578639522194862 0 0.2691832184791565 0 0.8968998491764069 49.05747754871845 0.6300961822271347 0 0.2804310247302055 1.02735298871994 27.21603833138943 9.969827868044376 9.106940560042858 3.226472891867161 7.600465416908264 4.262088999152184 0.3741383478045464 1.74282156676054 0.2353303879499435 0 0.08349783718585968 0 0.1043328121304512 0.1133342608809471 0 0 39.24195908010006 5.355493910610676 1.999249368906021 263.5168541222811 99.98710016906261 628.47089304775 114.7882845103741 57.6385385170579 93.57910925149918 5.539027109742165 155.3983144760132 10.75718125700951 3.631633505225182 11.30351291596889 0.9727889895439148 8.669417053461075 0 0.1455961614847183 1.09975504130125 1.486653439700603 0.2562990486621857
507.9402629435062 288.5076961815357 20.14592468738556 802.4167800098658 156.7375589236617 234.8021222129464 981.6634889766574 1.902213767170906 388.4355120584369 3323.409638255835 39.51946551352739 0 3847.132699936628 442.6188920885324 2.806890204548836 1.79438029229641 0.5231532007455826 0.1676544100046158 0 0 0.1109075769782066 0 0 0 0 0.3505367338657379 0 0 0.1787151396274567 0.3545371890068054 23.11218936741352 0.1394335776567459 22.92558982223272 0 0 2.574345856904984 40.04023510217667 0 0.5210237950086594 0 0.4715393632650375 0.1312814205884933 0.1850865483283997 0.8638313338160515 0 0.2267301678657532 18.13278955966234 0.9198382124304771 0 0.2204373776912689 0.4670294001698494 0 0 0.2172852754592896 1.424158163368702 1.321462653577328 3.448934234678745 19.53636126965284 1.891889058053493 6.632338717579842 1.575026959180832 8.639891162514687 0 2.706419125199318 1.038186132907867 0.484322689473629 0.3029434829950333 0.1614250317215919 0.295346736907959 0.1232689917087555 225.4853081852198 1.728753745555878 0 10.10953406989574 6.549196533858776 11.10153754800558 10.19330471009016 3.045587852597237 0.5585993155837059 35.1624371111393 0.7728039622306824 4.610076427459717 1.180352702736855 0.1171070709824562 0 0.4971793070435524 0 0 0.5112157836556435 0 0 0 0 0.09752166271209717 0 2002.404016539454 3.744115367531776 0 0.1697505861520767 32.41283324360847 2.396848291158676 4.265805438160896 1.056075058877468 5.39329931139946 2.144920706748962 7.442587770521641 20.86445298045874 4.483522482216358 20.56681373715401 48.02198655158281 11.33992575854063 135.3000836744905 56.49389670044184 37.5632427111268 80.94065306335688 0.5442341417074203 0.1007492244243622 0 0 0 0 0 0 0 0 0 0 0 0 0 0 0 0 0 4.925460189580917 2.132818587124348 0 0 0 1.150320656597614 0 0.9473233371973038 0.1017768606543541 0.2111632749438286 0 0 0 0 0.2001834511756897 0 0 1.905897133052349 5.275908276438713 0.643887996673584 0 0 0 0 0.329004630446434 0.4671796560287476 0 0.1800312697887421 4.907293148338795 0.1080349385738373 0 0 7.00842010229826 2.065763123333454 1.096799254417419 0.717547632753849 0 0.2796992212533951 0 0.1563375145196915 0 0 8.758972764015198 0.4142940640449524 0 0 0 25.03451730310917 3.749824956059456 2.705468073487282 3.672313123941422 6.401212058961391 8.056402213871479 0.4195836633443832 1.293119594454765 0.2098545730113983 0 0 0 0 0 0 0 45.80468916893005 0.5820709690451622 0.4116108044981956 20.30826939642429 5.648524448275566 40.48471269756556 5.809785552322865 127.2630607411265 6.406470127403736 0.109255813062191 14.41168317943811 1.184880048036575 0.3178736492991447 13.70434519648552 1.037889547646046 9.258000060915947 0 0.1235500574111938 0.2069201990962029 0 0.1185302734375
525.901967279613 1031.298156358302 212.2694291546941 797.7824110537767 986.7596316561103 293.5536979809403 5412.188698261976 47.44378039985895 2568.142187938094 6411.111634276807 708.1552607044578 3847.132699936628 0 7139.601045750082 30.78551928699017 11.38412779569626 3.112062737345695 0.4235404059290886 0.3360165655612946 0.5859301388263702 0.3908150717616081 0.2011751532554626 0.3981564342975616 0.1720964014530182 4.278030142188072 3.871770553290844 0 3.993848703801632 3.564779713749886 2.985988408327103 114.6460895761847 7.833453767001629 716.0124234780669 0 0 29.59121703356504 743.8013889044523 7.152041628956795 2.146909408271313 13.91720689833164 2.845026738941669 1.002159744501114 0.09127078205347061 5.035004831850529 0 1.940711043775082 149.4939540922642 3.892014995217323 0.6843415126204491 0.2165903598070145 0.9494966864585876 0.8683842569589615 5.952723905444145 1.468133561313152 8.05411484837532 5.682145960628986 15.0070960521698 67.27092850208282 8.758917197585106 31.50718876719475 8.779608465731144 192.0609942600131 0.3214563280344009 25.02773617208004 4.955697163939476 2.845909729599953 1.025769412517548 0.7259313389658928 0.5236125737428665 0.6805417165160179 2195.765891321003 12.91381104290485 0.3254142999649048 37.46361660212278 33.62536115199327 76.72391837835312 88.77270368486643 32.25934990495443 8.898786962032318 674.8419021219015 8.678496398031712 37.37644262611866 8.239121593534946 0.6687383577227592 1.641970351338387 3.348784022033215 0.3358814120292664 1.014509208500385 3.094653904438019 0.4698996990919113 0.5137879699468613 0.2907439023256302 0.1523164510726929 1.820529572665691 0.7743687704205513 5141.231759727001 5.681904792785645 0 1.622925810515881 49.26107907295227 7.541511565446854 7.735300071537495 1.887388415634632 10.22878228873014 4.274798236787319 14.89359714835882 40.50164295732975 8.090099662542343 38.12539477646351 88.49383269995451 30.66620554775 249.1266233921051 141.4173003062606 96.55480869859457 210.54259698838 2.201162852346897 0.92850062251091 0 0.1065473258495331 0 0.09220725297927856 0 0 0 0 0 0 0 0 0 0.1410164684057236 0 0.6234734952449799 0 11.80226147174835 8.679415039718151 0 0 0 10.06068233400583 0 6.25544910877943 2.198342226445675 0.7376754134893417 0 0 0 0 0.3312146067619324 0 0 3.501499600708485 10.45378311723471 0.4975863769650459 0.08414571732282639 0 0.4503676667809486 0 0 1.49812713265419 0 1.188847601413727 7.304376170039177 0 0.5234246924519539 0.0956413671374321 25.78416380286217 1.755476996302605 1.380502678453922 0.1804859861731529 0 0.4086015671491623 0 0.1010765135288239 0 0 57.41090163588524 0.5496775582432747 0 0 0 56.94205474108458 12.73483359068632 7.852890476584435 6.272078707814217 15.93035139888525 12.67099326848984 1.739846862852573 5.047847278416157 0.4989845752716064 0 0 0 0.1248616501688957 0 0 0 140.3536349534988 2.890589214861393 3.056771792471409 149.0988447219133 49.47147726267576 270.0241342559457 61.3641257211566 136.5301347970963 49.95911098271608 3.225323051214218 88.50463052093983 7.108146317303181 2.265713065862656 27.47968299686909 3.018784165382385 21.11138448864222 1.647494703531265 0.1315978169441223 1.513715028762817 0.4484347999095917 0
322.0627426356077 1512.689388863742 1774.408273346722 380.3315543532372 1243.478412345052 160.5340574905276 2941.173908546567 754.293225094676 4972.806906245649 1313.688493020833 5987.563354335725 442.6188920885324 7139.601045750082 0 110.075480401516 37.33778362721205 4.434412904083729 1.002166382968426 0.2941448986530304 2.341427244246006 1.642921291291714 1.802440866827965 0 0.4099709764122963 11.95770409703255 10.89172076433897 1.111375167965889 13.06857358664274 9.256032876670361 3.263332456350327 472.3319432288408 22.47894358634949 1808.45914144069 0 0.2819345369935036 55.88419181853533 935.5148474797606 19.74090426415205 7.717653289437294 15.13478145748377 8.18218071013689 5.331846870481968 2.349404044449329 7.869400709867477 0.7093846946954727 3.820830330252647 414.0835194140673 11.55717673897743 0.5412748977541924 1.829798266291618 2.811630092561245 0.3390635028481483 3.251549854874611 1.247894503176212 18.82873176038265 15.20060237497091 30.6198607608676 172.7964107394218 24.5240132138133 73.68601609021425 23.2331461161375 385.4367379173636 0.7974690869450569 59.71099823713303 11.44946325570345 5.098665349185467 3.923124566674232 2.990957528352737 0.9398677945137024 1.842312894761562 1112.526261672378 40.25343158841133 0 92.35631242394447 85.11623656004667 200.6985436454415 288.4702902361751 114.875500433147 24.36021342128515 1887.030994035304 17.62102711200714 64.66906955093145 22.55732171237469 1.787045203149319 3.614741958677769 7.042644388973713 1.839220851659775 1.346861578524113 4.842407681047916 0.8767685815691948 2.469547130167484 0.6142828762531281 0.9881898462772369 1.882455930113792 2.102477207779884 2380.140215031803 22.36523912847042 0 7.289012737572193 35.66641402989626 16.53073762357235 8.437904879450798 1.773466490209103 11.91414500027895 9.817237995564938 12.97866364568472 40.93515869230032 8.796246737241745 43.28034183382988 92.42500474303961 38.51579855382442 292.992295101285 177.7029575705528 106.2829340696335 335.5474532842636 2.611423261463642 1.629439741373062 0 0.2931559756398201 0 0 0 0 0 0.4720397144556046 0 0 0.1058023869991302 0.1234458163380623 0 0.1445260792970657 0 1.515526466071606 0 20.74163945019245 12.85670355707407 0 0 0.3900156989693642 24.94681441783905 0.6125251650810242 13.08712887018919 5.091294042766094 0.579404391348362 0 0 0.1950148344039917 0 0.4052805155515671 0.3880357071757317 0 7.270310588181019 19.39310403168201 2.172634780406952 0.09471577405929565 0.1320329010486603 0.6963265314698219 0.2985070943832397 0.2491210028529167 2.410409793257713 0.08206434547901154 1.037667766213417 15.61055174469948 0.2278578877449036 0.1144757121801376 0.1005756407976151 44.2391516789794 2.274432070553303 4.3834268450737 1.249246999621391 0.4121596142649651 0.6184995248913765 0.1813567876815796 0.2959234341979027 0 0 118.7697403281927 2.135256968438625 0 0 0.4477168172597885 124.5821391418576 28.60039251297712 24.35649835318327 14.32789531350136 19.59118251502514 24.9230897128582 0.9887774735689163 8.68925466388464 1.919973783195019 0.2821335196495056 0 0 0.3236008808016777 0.6073110923171043 0 0 190.3929438740015 5.153307862579823 6.292805626988411 500.547703333199 122.7956525683403 799.3047125190496 163.9051413312554 141.1354487836361 125.7128541320562 6.514781206846237 300.5182204693556 27.40185936540365 6.650973118841648 44.67103909701109 5.601862467825413 40.88798349350691 0 0.2718748152256012 2.424026064574718 2.11366893351078 0.3721674755215645
