0 1959.344431228936 515.3993457630277 1819.830750837922 93.64681285619736 443.356779165566 675.5989575609565 148.6231629401445 52.33891213685274 1480.151603519917 128.8162867203355 355.9453189373016 723.3921553269029 50.40986903756857 2.013022907078266 2.762656919658184 0 0 0 0 0.3916800916194916 0.5098441243171692 0 0.1812053173780441 0 0 0 0 0 0 692.7259566858411 7.806824512779713 6.732228562235832 0 0 0.2110151052474976 29.22108367085457 0 0.8165363967418671 0 0 0.4437466785311699 0 0.5993883982300758 0.3605526462197304 0.1566787213087082 11.77510464936495 4.110853642225266 0 0 0.1119689121842384 0 0 0.7154203653335571 6.095672965049744 13.90107149630785 244.410815499723 1023.889153696597 63.73324202001095 41.30575036257505 0.2627999186515808 4.358617916703224 0 9.543523363769054 7.891788385808468 5.421471513807774 2.457460433244705 0.9576765522360802 0.3144760280847549 0 126.7047435715795 6.922448679804802 0 143.6646748632193 33.24132549762726 37.59656481444836 4.109092652797699 0.4440373852849007 6.200405038893223 24.82691538333893 0.6316063106060028 5.908886678516865 25.37512942403555 3.661492265760899 4.990228116512299 10.43601757287979 2.245877996087074 0.9651036635041237 2.098473377525806 1.267320305109024 0.7378893196582794 0.6925139054656029 0.1310400068759918 0 0.3405855000019073 243.9651086330414 2.544007480144501 0 0.2008652985095978 1125.149976864457 0.126438245177269 0 4.140459716320038 2.532193377614021 1.360075369477272 13.02821765840054 2.940620675683022 4.400075986981392 10.55335722863674 11.46781802177429 0.3597139418125153 15.72982946038246 15.09966538846493 11.08948931097984 0.4012162238359451 0 0 0 0 0 0 0 0 0 0 0 0 0 0 0 0 0 0 0 1.473661407828331 3.739106938242912 0 0 0 1.290420949459076 0 1.40762947499752 0 0 0 0 0 0 0 0 0 0.6031663417816162 0.1336569786071777 0 0 0 0 0 0 0 0 0.1532524824142456 0 0 0 0 2.906042583286762 0 0 0 0 0 0 0 0 0 7.065735101699829 0 0 0 0 4.30365614593029 0.637626975774765 0.5178717821836472 0 0 0.7160919904708862 0 0.3148394525051117 0.4555675759911537 0 0 0 0.1060452610254288 0 0 0 6.687879741191864 0.3743714392185211 1.847000032663345 89.72978547215462 15.31924728304148 178.7660173177719 76.56825839728117 1172.092373095453 16.15654170513153 5.04652614146471 13.35290507227182 2.851511687040329 0 1.3727071210742 1.425628699362278 14.77779194712639 0 0.1500419825315475 0 0.5346859693527222 0
1959.344431228936 0 3597.423908606172 998.3482971191406 3511.870628409088 713.7092932388186 7216.6048245579 744.9714438542724 2950.895958930254 712.1173506081104 1743.120371878147 566.7452816814184 2995.745099961758 1280.929827563465 36.27018148452044 13.09321868419647 0.4921606332063675 1.694809384644032 0.31491918861866 0.406708836555481 0 0 0.5877584666013718 0.1691858768463135 0 1.202575951814651 0 0.5229836031794548 0.2810251042246819 0.3182129859924316 1917.543969102204 24.39288230240345 35.92173081636429 0 0.1404476910829544 0.5122225433588028 99.8695747628808 1.116149678826332 0.4389544725418091 0.1981717199087143 0.6186007410287857 1.417620688676834 0.101143941283226 1.949105843901634 0.319444552063942 2.155869975686073 136.0177651569247 12.55063219368458 0 0.2415768951177597 1.959544382989407 1.066089026629925 0.1191945225000381 0.1741403937339783 6.531535215675831 23.03818175196648 131.6221438646317 876.2082916051149 44.16072262823582 68.67875915020704 1.442087471485138 11.750189460814 0.245447501540184 39.97307709604502 13.93735535442829 8.383471131324768 6.752187311649323 3.237848304212093 2.055165089666843 1.102139681577682 198.1779921874404 3.194594368338585 0 117.0424125343561 92.24291033297777 84.7612247094512 22.87684623897076 3.070778995752335 18.57266180962324 280.5577772706747 4.223079442977905 19.37113212794065 41.45755765587091 7.591048374772072 14.41625437140465 21.70586309581995 6.315919414162636 1.152117423713207 5.049722492694855 0.734410397708416 1.56594405323267 1.249434038996696 2.669302120804787 0.8887042850255966 1.169584535062313 152.8890918940306 0 0 0.4142613708972931 533.8055781051517 3.120945110917091 0.6458005309104919 7.88863417506218 7.272214874625206 6.73426941037178 42.34421548247337 5.107286140322685 13.89933128654957 29.79318502545357 33.53314845263958 5.346946284174919 57.83754333853722 49.48446264863014 51.99908450245857 6.960464373230934 0.1817281097173691 0.665773868560791 0.3026778995990753 0 0 0 0.2751812934875488 0 0 0 0 0 0 0 0 0 0 0 0 7.505253836512566 23.24478070437908 0 0 0 15.81584322452545 0 10.27190674841404 0.4775075614452362 0.1592940390110016 0 0 0.4786440134048462 0 0 0 0 0 3.385027319192886 0.2205834686756134 0 0 0.1674113422632217 0.9241982996463776 0 0 0 0 1.460180044174194 0 0 1.749290600419044 17.90139229595661 2.32845550775528 0 0.3568972647190094 0 0 0 0 0.150551974773407 0 43.1602001786232 0.6834617555141449 0 0.09559325128793716 0 28.03923338651657 5.999664209783077 9.38872966170311 0.5128215998411179 0.4529931247234344 1.999499306082726 0.2653973400592804 0.1550223082304001 0.4435976147651672 0 0 0 0.6024443358182907 0 0 0 21.69368094205856 10.36928428709507 13.8541359603405 363.5373912230134 66.81773484498262 562.9081164523959 149.4566051959991 1483.828441515565 36.27708085626364 11.9803881123662 86.49962691962719 9.97000090777874 2.369234442710876 11.53102993220091 5.726352520287037 30.67011822760105 1.011115372180939 0.6812150105834007 2.090508297085762 18.6951744556427 1.259172409772873
515.3993457630277 3597.423908606172 0 4.308585718274117 687.5742311626673 37.60455313324928 189.6654698997736 1748.893401429057 1043.909829393029 16.10423366725445 1678.07706219703 15.3278618901968 301.3156995177269 816.8585973232985 192.124768204987 95.14988526701927 9.435858719050884 10.00546576827765 2.624144829809666 8.868358597159386 43.60752408206463 0 19.09839133173227 5.55185367166996 0.6417585909366608 2.188124433159828 0.7492698580026627 1.960083603858948 1.159255318343639 0.1892287135124207 4203.536815032363 382.5177515372634 158.2039927393198 1.777867630124092 8.287010014057159 8.376917913556099 144.3513586521149 9.525888592004776 3.398002445697784 0.7676122933626175 36.27165768295527 22.36692751199007 10.47039750218391 35.05270514637232 10.79841089248657 67.21707532554865 343.5333469510078 77.50277553498745 5.212319567799568 12.91647145152092 80.17599818110466 2.207162201404572 0.403072714805603 7.401886314153671 5.976037338376045 24.43613742291927 82.68034526705742 1341.710798673332 24.0994736328721 78.94802016019821 82.58978827297688 112.863147623837 4.754210665822029 315.5053599327803 17.2833636701107 18.06424158811569 34.40298101305962 229.1195420995355 358.6326156109571 211.7812568172812 189.7403520271182 5.59238101541996 0 117.8411131128669 234.6978060081601 214.9204985573888 131.2112876400352 82.5936127603054 2746.597536981106 963.8182246237993 531.7364193946123 1941.11550219357 42.80180722475052 6.370709411799908 29.81879758834839 26.38053475320339 181.0030114352703 1.602306872606277 13.41743997484446 0.7574674263596535 14.87695544213057 8.582917623221874 229.6116018220782 23.08428865671158 23.54271321743727 33.56138901412487 2.254372984170914 0 4.817909121513367 636.3577727749944 0.6721401736140251 0.1446985453367233 0.5897202640771866 0.2474679350852966 2.879140228033066 8.750226452946663 0.7745406627655029 4.535393759608269 7.129832163453102 14.31050792336464 3.703595146536827 15.94778695702553 17.86269302666187 14.88030757009983 4.224178418517113 1.965424820780754 0.5200716406106949 0 1.206012845039368 0 0 0.3668481409549713 0 0.4189382493495941 0.1203922554850578 0 0 0.1567278802394867 0 0 0 0 0 0.1692091971635818 1.313825130462646 12.61882585287094 0 0.4259773790836334 1.260999619960785 8.570765033364296 0 5.117062792181969 2.755451172590256 0.4641991779208183 0 0.9303629100322723 0.7108266353607178 0 0.1476055532693863 0.8762859106063843 0.3399190902709961 0.299855649471283 1.556697532534599 0 0.4955879151821136 0.1485148072242737 0.1622396409511566 1.402108579874039 0 0 0 0 0 0 1.346453785896301 0.9940415918827057 12.18907926976681 0.5144118368625641 0 0 0 0.3922269940376282 2.853387832641602 0.9716665297746658 1.219316735863686 3.650823891162872 26.50799173861742 0.84967440366745 0 1.20553095638752 2.169788688421249 13.09514889866114 5.858852237462997 15.25995586812496 0 0.2966135740280151 0.2404552549123764 0.4137496054172516 0 0 0 0 0 0.706287145614624 1.058652974665165 0.1211382895708084 0.4692830741405487 4.930196866393089 8.838782355189323 10.41415371000767 422.1531916558743 128.1925592049956 689.111205920577 176.715289697051 353.7763304188848 54.23055333644152 19.1522269770503 141.8346946164966 5.653017312288284 2.205951616168022 9.462161727249622 8.922471582889557 7.002154789865017 1.739103406667709 0.8146325498819351 2.73020812869072 4.685271248221397 1.248442128300667
1819.830750837922 998.3482971191406 4.308585718274117 0 9.334954604506493 395.4514181762934 176.6756470650434 2.155141972005367 2.666594788432121 1089.853427022696 0.8195574432611465 595.0893197208643 1320.944465234876 27.48715150356293 3.306802585721016 0.5068250894546509 0 0 0 0 0 0 0 0 0 0.3051061928272247 0 0 0 0 116.8885795027018 2.645909175276756 0.1614656448364258 0 0 0 13.13052202761173 0 0 0 0 0 0 0.2770383656024933 0.1110476851463318 0.1471638083457947 22.51813526451588 3.323222331702709 0.1659977585077286 0 0.1197568774223328 0 0 0 0.7415628880262375 5.418146647512913 19.52606315165758 93.1133935675025 7.687285415828228 15.46528557687998 0 0.158600851893425 0 5.750397533178329 2.10306516289711 1.546338856220245 1.411954879760742 0.6230985671281815 0.5353112146258354 0 50.13633388280869 0 0 21.66735688596964 13.53084453195333 23.2838871255517 2.277299605309963 0.3027846068143845 0.8813705593347549 0.3849851936101913 0.3945858553051949 0.145449087023735 5.459496796131134 1.400238923728466 4.34243106096983 4.033004619181156 1.24229571968317 0.8042262047529221 0.7583164349198341 0 0.2857728078961372 0.1065437719225883 0.08792512863874435 0 0 118.3066918998957 0 0 0 201.9870396405458 0.7384490668773651 0.420585036277771 0.7800363153219223 0.5294939130544662 1.509504497051239 20.79334688186646 4.299682572484016 6.815179079771042 12.2428453117609 11.80585815012455 0.9044501483440399 15.74779585003853 15.98511350154877 14.52670253813267 0.4458773732185364 0 0 0 0 0 0 0 0 0 0 0 0 0 0 0 0 0 0 0 0.6849078685045242 0.6916167885065079 0 0 0 1.430832639336586 0 0.3453835248947144 0 0 0 0 0 0 0 0 0 0.2138543725013733 0.8848768174648285 0 0 0 0 0 0 0 0 0 0 0 0 0 2.393908321857452 0.5988214612007141 0 0 0 0 0 0 0 0 3.531245455145836 0 0 0 0 0.4382386058568954 0.9023276716470718 0.8404775112867355 0 0 0.4535250961780548 0 0 0 0 0 0 0.2223653271794319 0 0 0 3.332295417785645 0 0.3704783469438553 77.54281959682703 12.63620386272669 111.5049427300692 29.62329798191786 808.2325369864702 8.697918489575386 1.919431254267693 16.48732881247997 3.462775945663452 1.067279025912285 0.51412633061409 0.4036650881171227 12.38110700249672 0 0.1698509305715561 0 13.8373299241066 0
93.64681285619736 3511.870628409088 687.5742311626673 9.334954604506493 0 9.23591348528862 1463.150302872062 24.69605774432421 3734.194045357406 89.48275887966156 373.4441061913967 63.1633682101965 345.0462057515979 648.7752647995949 64.14525865018368 21.66522594541311 0.4297570958733559 4.573140285909176 0 0 1.154059246182442 0 0.1756508201360703 0 0.5569971203804016 0.7176105976104736 0 0.3654467463493347 0.1988576948642731 0.1455767154693604 127.4506190121174 12.81280218064785 1.632350564002991 0 0.3406392931938171 0.1598322242498398 8.445468708872795 0.4888040125370026 0 0.1252925843000412 0.1355361640453339 0.901571974158287 0.2453663051128387 1.163711585104465 0 0.7778248265385628 144.9541623219848 5.830860391259193 0 0 1.139273941516876 0.1415541917085648 0 0.7593375891447067 1.95278561860323 4.743910826742649 5.868094027042389 51.6137922257185 4.205919377505779 23.50837006419897 1.088172048330307 0.9281982481479645 0 17.67627102136612 5.007712364196777 3.712187275290489 3.043533809483051 4.575545445084572 3.499523922801018 1.099440954625607 22.19792979210615 0.6507561504840851 0 11.26086723059416 30.98044610768557 59.99414322525263 34.01061150431633 3.100701302289963 9.726748615503311 70.51028208434582 2.906757041811943 10.82083860784769 10.47374300658703 1.129380226135254 4.487399823963642 5.861638970673084 3.261386051774025 0.6264466568827629 2.652206338942051 0.4795320183038712 0.6518242806196213 1.02838172763586 3.680241964757442 0.3879913687705994 3.064802430570126 50.09525388479233 0 0 0 9.88991753757 0.8898515403270721 0.3746836334466934 4.255185887217522 0.1653643399477005 4.272482737898827 17.05196660757065 1.901040628552437 3.626738473773003 6.659956529736519 7.419183954596519 0.8783496916294098 16.95502282679081 20.82966205477715 20.22758813202381 2.848501831293106 0 0 0 0 0 0 0 0 0 0 0 0 0 0 0 0 0 0 0 1.235494241118431 6.228654831647873 0 0 0 3.183853983879089 0 4.589370444417 0.3640882968902588 0 0 0 0 0 0 0 0 0 0.9116173982620239 0 0 0 0 0.4335594773292542 0 0 0 0 1.470937050879002 0 0 1.821045398712158 5.709749564528465 1.592919915914536 0 0 0 0 0.5861400961875916 0 0 0 13.21419206261635 0.2245257049798965 0 0 0.9042577743530273 6.564219683408737 2.728907138109207 4.99784229695797 0 0.9348457753658295 0.2911683320999146 0.2414495944976807 0 0.4922145307064056 0 0.1366078108549118 0 0.08737293630838394 0 0 0 3.95538704097271 3.170833334326744 6.792646497488022 320.8938003629446 52.45895698666573 338.4929606243968 89.35125712305307 169.5725558251143 26.34879963845015 5.904022172093391 84.43530305474997 5.753057286143303 0.3328952789306641 6.146376930177212 3.509285114705563 2.127104163169861 0.7612605094909668 0.1206639930605888 0.5184723138809204 6.046989843249321 0.9746657013893127
443.356779165566 713.7092932388186 37.60455313324928 395.4514181762934 9.23591348528862 0 125.4719544351101 9.668886423110962 19.93886765837669 805.1301041990519 14.05939222872257 248.6318602561951 426.3990956842899 48.42036506533623 1.602441191673279 0.6588034778833389 0 0.1812296658754349 0 0 0 2.261812418699265 0 0 0 0 0 0 0 0 119.4587404578924 0.5866481810808182 7.774977773427963 0 0 0 70.46733549237251 3.520904451608658 5.070549309253693 0.3440407514572144 0 0 0 0.2890648245811462 0 1.29329925775528 2.684119269251823 0.2586588338017464 0 0 0.5677767992019653 38.59798480570316 0.6914564371109009 2.422223269939423 0.3778071403503418 1.452135510742664 89.85454626381397 115.287783652544 33.07343116402626 5.453536748886108 3.441224113106728 6.638943538069725 0 1.804465651512146 0.8914760798215866 0.2267439588904381 0.2359551265835762 0.1180179044604301 0.3741613030433655 0.3911052346229553 817.0714403688908 274.1253933906555 6.342382043600082 20.50757042318583 2.867460966110229 5.791724875569344 0.5546405017375946 0.1408926397562027 0 9.874171122908592 3.338066935539246 15.45488330721855 1.567761227488518 5.135905638337135 1.226891592144966 1.853413008153439 0.1182676181197166 34.62621676921844 2.332264684140682 40.78623029589653 2.334968626499176 10.01383969187737 0.4278844594955444 0.2434036880731583 2.72281289100647 638.0624703615904 43.79861143231392 28.53876477479935 18.56642144918442 740.9330487698317 0 0 0.7241110801696777 0.3299559652805328 0 3.54713349044323 0.3772458732128143 1.500615358352661 2.36608037352562 5.49755971133709 0.7409227043390274 7.657193228602409 4.648217976093292 6.428322434425354 0 0.5883389115333557 0 0 0 0 0 0 0 0 0.149644523859024 0 0 0 0 0 0 0 3.146099150180817 0 0.2335459887981415 4.430184811353683 0 0 0.9813604354858398 2.666669458150864 0.5331861972808838 1.838738933205605 2.804932832717896 0 0 0 0 0 0 0 0 0 0 0 0 0 0.709178626537323 0 0 0 0.1394983232021332 0 0.1464719474315643 0 0 0 2.6308653652668 0 0 0 0.2832952737808228 0 0.3973667323589325 0 0 0.3078995943069458 7.832163736224174 4.501294255256653 0 0 0 1.611377418041229 0.1750652343034744 2.612328052520752 0 0.7427119463682175 0 0 0.1399637460708618 0 0 0 0 0.1536458283662796 0 0 0.1493509411811829 2.634198650717735 3.16836804151535 6.671332374215126 32.62032662332058 4.609267428517342 19.41830387711525 6.915330201387405 677.3263762891293 5.862131789326668 0.7697315588593483 1.667421117424965 0.845390573143959 0 0.9186782091856003 0 5.449221909046173 0 0 0.7637658715248108 0.2685444056987762 0.1937999427318573
675.5989575609565 7216.6048245579 189.6654698997736 176.6756470650434 1463.150302872062 125.4719544351101 0 18.80564900487661 1249.619422920048 342.5840947702527 305.0489893481135 144.3793031126261 828.6687964051962 461.9620787352324 116.3308128640056 31.38595535606146 0.5717342793941498 5.02832455933094 0 0 1.71116416156292 0 0 0.6595772355794907 0.2850627452135086 2.392163276672363 0.1596057265996933 0.3007148504257202 1.667498618364334 0.5793444365262985 310.0753420516849 17.12047435343266 2.026741988956928 0 0 0.2965454161167145 7.451877199113369 0.5533856153488159 0.5273303017020226 0.7998978197574615 0.7570985704660416 4.072923898696899 0 1.498150661587715 0.6282781437039375 1.931800104677677 303.0688221752644 17.92326182126999 0.1412003487348557 0.1201762482523918 3.499745056033134 0 0 2.320070818066597 4.228986836969852 23.24712428450584 32.71452040225267 218.3272279575467 13.62371998280287 64.98934206366539 1.909092761576176 1.013899080455303 0 44.40089467912912 15.11741369962692 8.641004450619221 6.977342136204243 6.086186990141869 5.092053696513176 2.200472466647625 22.54458498209715 2.581662118434906 0 59.94164963066578 92.37340442091227 128.7649463564157 57.0493203997612 5.30748276412487 15.16800696402788 28.802145794034 7.431985758244991 19.33255048841238 33.00316590070724 4.108705095946789 15.7632293254137 26.20126309245825 8.329278029501438 1.996995270252228 6.795038312673569 0.6186122745275497 4.503048494458199 1.248710349202156 4.254738159477711 1.046592712402344 3.814280539751053 209.072228372097 0.4860460162162781 0 0.7112692594528198 96.66711109131575 2.466123342514038 1.045406728982925 5.54889340698719 7.485517799854279 6.096192307770252 43.22513450682163 7.742432415485382 14.13475301861763 25.3893576413393 43.01451130211353 4.431872397661209 53.97178374230862 49.29208891093731 48.44878767430782 6.07226587831974 1.407768458127975 0 0 0 0 0 0 0 0 0 0 0 0 0 0 0 0 0 0 4.209775149822235 17.52804552018642 0 0 0 10.60875490307808 0 10.44367998838425 0.576530709862709 0.3272485435009003 0 0.2495463490486145 0 0 0 0.4520145058631897 0 1.025597095489502 3.919321663677692 0.1955919861793518 0 0 0 0.4067509174346924 0 0 0.1155162304639816 0.3778520077466965 0 0.2354771643877029 0 0.6819362044334412 16.54902127385139 0.3391228467226028 0.3297284841537476 0 0.1128978207707405 0 0.5032323598861694 0 0 0.1974627822637558 38.77116027474403 3.308545112609863 0 0 1.455837607383728 17.29960918426514 6.87911032140255 11.17932972311974 0.3721899539232254 0.3259172439575195 1.28109734505415 0.195508137345314 0.1543173491954803 0.1251466125249863 0 0 0 0 0 0 0 19.89591532945633 7.961967065930367 8.32861615717411 637.1656463816762 131.3844149336219 782.4456629827619 216.8110565394163 951.1808462142944 63.45843683183193 19.88254883140326 176.950575992465 8.807595998048782 2.439434267580509 17.74165649712086 11.06250415742397 19.86777280271053 3.045641273260117 0.5571361780166626 2.163662999868393 13.34144754707813 3.540672615170479
148.6231629401445 744.9714438542724 1748.893401429057 2.155141972005367 24.69605774432421 9.668886423110962 18.80564900487661 0 126.9105370342731 5.915024444460869 1670.649700291455 6.629617281258106 576.016454577446 2132.149718426168 142.7699549272656 116.6377275213599 6.208104647696018 9.405575573444366 0.65791255235672 4.676547452807426 24.90482659637928 0 11.84858380258083 5.57406958937645 1.664952725172043 5.1324093490839 2.104114264249802 2.994254723191261 2.334387846291065 0.3928204625844955 764.9293619021773 700.4068627208471 433.9919585064054 0.973088413476944 4.713765233755112 20.72894255071878 418.98145160079 16.98582950234413 5.853972002863884 1.994590237736702 27.75103434920311 10.04461740702391 9.499276407063007 12.23953361064196 6.41009521484375 80.42449800670147 213.316524118185 22.346216134727 5.380362674593925 11.01187283545732 40.90651658177376 1.745462492108345 0.2421633526682854 3.974751271307468 2.465280152857304 12.06687363982201 21.5634928420186 196.8513756617904 7.239583544433117 38.33560194075108 139.262584015727 223.4507706314325 8.811854884028435 297.0839186608791 8.623139560222626 7.477131508290768 11.03081123530865 69.77560893446207 130.5922216847539 99.26382745057344 429.3246731162071 11.77241632342339 0 35.09274412691593 136.6140289753675 109.6277547180653 379.9131103903055 274.1536351367831 1742.773599483073 2144.470181323588 268.8229660466313 1208.753945186734 18.69391763210297 3.136084251105785 10.48884403705597 13.48136683553457 51.8488819077611 1.290743708610535 6.969737835228443 0.7610297650098801 8.283801853656769 4.445708014070988 102.8752792626619 14.48954117298126 11.59418317675591 24.19660048186779 5.146400704979897 0 7.381281241774559 44.03413136303425 0.3810675442218781 0 2.282235890626907 3.186602205038071 3.88139308989048 8.860520094633102 1.574790596961975 1.65070603787899 5.475571826100349 3.461318999528885 3.176664516329765 15.9452909976244 14.35131165385246 15.44997121393681 5.718201160430908 0.379527285695076 0.3610410839319229 0.1171172186732292 0 0 0 0.4294882416725159 0 0 0 0.1680592745542526 0 0 0 0.5409084558486938 0.1103958114981651 0.6612037718296051 0.5660284012556076 0 1.194100677967072 8.081038974225521 0 0.2744503915309906 0.9431753158569336 11.17372646182775 0 10.06389493495226 2.267862930893898 0.6936445683240891 0.3075064271688461 0.4451510608196259 0.7509335279464722 0 0.1414999067783356 0.9311094284057617 0.8200867474079132 0 1.784717962145805 0 0.1396776437759399 0.12784443795681 0.6562399715185165 1.377697050571442 0 0 0 0.191297173500061 1.680031299591064 0 1.136613577604294 1.129979729652405 12.89494004845619 0.2412036433815956 0 0.09575604647397995 0 0 1.32814334332943 0.1877080202102661 2.170313984155655 1.946464352309704 24.07402319461107 4.107926242053509 0 0.8565022796392441 1.777749016880989 9.560629621148109 6.597847238183022 12.99591656029224 0.4882581681013107 0.1286665350198746 0.7495899647474289 0 0.1659814715385437 0.1329147517681122 0 0.1058633774518967 0 0.3431751281023026 0.3243753761053085 0.3430317491292953 0 5.508683696389198 11.65122772753239 10.4163261950016 405.9680394381285 92.53310089558363 477.7965492457151 135.1383345797658 117.9160158857703 32.41159305721521 10.58086129277945 128.7513829991221 9.269457176327705 0.5023578479886055 14.16064630448818 7.686764426529408 5.413480222225189 2.698476135730743 0.123344711959362 1.418319657444954 2.061984062194824 2.894219636917114
52.33891213685274 2950.895958930254 1043.909829393029 2.666594788432121 3734.194045357406 19.93886765837669 1249.619422920048 126.9105370342731 0 158.1236292496324 1753.367661952972 91.68194371461868 2254.653186880052 2204.490749001503 124.642358854413 48.50200422108173 0.4232930839061737 8.021356269717216 0.2687531858682632 0 0.9949468225240707 0 0.1719260066747665 0 0 0.5407323390245438 0.4943940937519073 0.5393228381872177 1.087227761745453 0.61449234187603 99.72961968928576 24.25609218329191 1.801604777574539 0 0 0.2755172550678253 45.35013574361801 0.4471342265605927 0.4154652059078217 0.1935951560735703 2.967119172215462 2.67452385276556 0.3910636603832245 1.10936962813139 0 0.4408833160996437 205.6979303210974 3.338888846337795 0 0.1886891722679138 2.934948720037937 0 0 2.363216936588287 1.183351993560791 6.582272447645664 8.746390655636787 51.02252025157213 3.3973323777318 23.09938552975655 4.439903326332569 3.793752588331699 0.6790918707847595 29.94871242344379 4.493280619382858 3.105979926884174 3.235239788889885 8.603239700198174 9.674344874918461 7.381842859089375 83.18531902879477 9.264793008565903 0 16.69373602420092 38.39561627805233 75.07943028956652 51.83499129861593 3.601800002157688 44.57860241830349 265.1418131366372 17.90291216224432 58.99727989733219 10.29683735221624 1.685443751513958 6.111188463866711 5.639342740178108 5.201939702033997 0.9410546198487282 2.428318530321121 0.6270413398742676 1.814288891851902 0.9253008663654327 12.35444951057434 1.893408983945847 3.229842811822891 223.5315226465464 0 0 0.4000435024499893 16.26116251945496 3.925704404711723 2.109462514519691 8.005553737282753 9.66444893181324 7.682846397161484 66.54081258177757 4.853226959705353 22.57519122958183 41.28295443952084 55.66961121559143 14.72377292811871 85.27754241228104 97.37506909668446 96.37062986940145 16.20570285618305 1.188987195491791 0.1218271702528 0 0 0 0 0 0 0 0 0 0 0 0 0 0 0 0 0 9.956875212490559 44.758968308568 0 0 0 28.69577124714851 0 18.99166984856129 0.7131907343864441 0.1664813756942749 0 1.333497241139412 0.3737148940563202 0 0 0 0.7806396484375 0.4104509353637695 12.28648196160793 0.7961447834968567 0.5070672631263733 0 0 0.1423556804656982 0 0 0 0.730506420135498 1.155160486698151 0 2.184547170996666 2.26567205786705 32.34913542866707 1.223107278347015 0.4862093180418015 0 0 0 0.9290748089551926 0.1645711362361908 0.1183378845453262 0.1760124713182449 77.48213897645473 2.946069613099098 0 0 0.3652593344449997 44.26887495815754 16.964550152421 26.8035988509655 0.7695864737033844 0.9722113907337189 3.582321792840958 0 0.4959571212530136 0.6279372572898865 0 0 0 0.5133262276649475 0.2234479337930679 0 0.1519073396921158 26.4280975908041 15.91920806467533 16.68377290666103 554.5262275338173 77.82998386025429 460.5527913197875 134.962399058044 228.7517081871629 37.15605772286654 8.850258968770504 147.5062289386988 17.19630771875381 2.786129742860794 35.05089440941811 6.730699174106121 15.57695150375366 0.8737848848104477 0.5192946940660477 5.148605957627296 3.706217497587204 2.629901751875877
1480.151603519917 712.1173506081104 16.10423366725445 1089.853427022696 89.48275887966156 805.1301041990519 342.5840947702527 5.915024444460869 158.1236292496324 0 25.83627331256866 1970.271537661552 8637.880495265126 318.6220491379499 22.21813581883907 6.176837906241417 0 1.8724285364151 0.1276309341192245 0 0.3494970798492432 0 0 0.1466155052185059 0 0.3351050615310669 0 0 0 0 74.03719288855791 3.815195873379707 0.4137541353702545 0 0 0 103.531737677753 0.9992381632328033 0.4973375499248505 0 0 0.7547198161482811 0 0.2693424597382545 0.2332286685705185 0.2360225021839142 68.09704100340605 2.964639596641064 0.1743364632129669 0 0.2273296713829041 0 0 0.3444423973560333 1.345235392451286 3.940754264593124 27.98825138062239 71.52050540596247 15.86986269801855 17.47243305295706 0.3772005140781403 1.448772206902504 0 7.433202788233757 3.797490619122982 1.524248860776424 1.971124045550823 2.004907064139843 1.593683987855911 0.2913132011890411 411.0009196773171 1.658433899283409 0 17.81790768355131 20.92260058224201 30.98559712618589 9.57105465978384 0.4966954588890076 4.22123359143734 9.326402597129345 0.6664975881576538 5.613884672522545 7.434732042253017 0.8897958770394325 2.867717660963535 6.721177965402603 2.303182914853096 0.8197126761078835 1.596153572201729 0.4007844626903534 0.103955015540123 0.3791646212339401 0.6763672679662704 0.3129550516605377 0.2945890203118324 637.5041932314634 1.704834163188934 0.4959304928779602 2.002961277961731 639.3678912818432 4.47362919896841 2.374836847186089 13.61159180104733 13.90015861392021 11.45065964758396 109.0604126751423 17.73939959704876 29.94776092469692 61.11489409208298 49.95568145811558 10.87870663404465 131.5053609758615 106.0605391189456 100.8118170946836 11.79526434838772 0.1392952501773834 1.255810096859932 0.3688825368881226 0 0 0 0 0 0 0 0 0 0 0 0 0 0 0 0 5.729526527225971 21.72988845407963 0 0 0 16.23429271578789 0 9.858949020504951 0.2317528277635574 0 0 0.28518046438694 0 0.1173684448003769 0 0.2172187566757202 0.5138342976570129 1.611535951495171 3.183100953698158 0.2894375324249268 0 0 0 0.1546748131513596 0 0 0 0.2325087487697601 1.122038297355175 0.2222268283367157 0 0.2164572924375534 16.52545680105686 2.045109778642654 0.3470843210816383 0 0 0 0 0 0 0.1471650004386902 58.16651313006878 0.4394087493419647 0 0 0.1411762535572052 20.65172038972378 6.539706945419312 17.35543842613697 0.3071315437555313 0.9950732737779617 3.494051724672318 0.2046488225460052 0.9637779593467712 1.328141242265701 0 0.2113567888736725 0 0 0 0 0 60.51668855547905 3.405045166611671 9.222052246332169 236.3213726058602 23.6963010802865 218.5550004690886 55.42418010532856 1102.023271270096 15.77766743302345 4.317150309681892 54.28029684722424 15.41954134404659 0.922309085726738 19.45377744734287 3.832090862095356 51.93583580851555 3.122728183865547 0.1195386052131653 8.186305001378059 11.07537332177162 0.9193060398101807
128.8162867203355 1743.120371878147 1678.07706219703 0.8195574432611465 373.4441061913967 14.05939222872257 305.0489893481135 1670.649700291455 1753.367661952972 25.83627331256866 0 42.07236201316118 1775.465888522565 5647.477567985654 165.7850830703974 110.3922960832715 2.269059762358665 10.1086709946394 0.177756741642952 1.150073923170567 10.09833991527557 0.9267711937427521 3.180714286863804 1.714302271604538 4.370764389634132 4.342931836843491 2.867632456123829 2.873558439314365 1.520533517003059 0.7971157059073448 343.7177451997995 237.5551783666015 755.4584012255073 0.9568203091621399 2.660675324499607 27.47597719728947 723.8920613080263 40.99344367533922 5.694748997688293 2.781862996518612 15.55643732100725 7.522079564630985 0.7730474174022675 2.999703891575336 0.2805263847112656 6.932355284690857 225.9449941888452 9.466077901422977 0.6815532147884369 1.736615665256977 23.19231291115284 2.353391729295254 0.1099791675806046 2.529317460954189 1.730118870735168 9.595520570874214 13.89753352850676 123.0669787228107 7.485942646861076 35.55920349806547 17.04636065661907 391.5160586759448 7.992294460535049 42.72085324674845 7.791494935750961 4.400050073862076 5.396927885711193 19.14164882153273 18.32371293008327 24.60048308223486 719.9867571815848 21.1833326369524 0.113969162106514 23.50248590856791 59.08888218551874 97.32592295110226 74.03362234681845 6.74442433565855 187.2149982005358 2637.021763861179 51.54496368020773 267.495328977704 13.37322968244553 2.08341907709837 9.2148177921772 9.538082093000412 11.46155963093042 1.034316882491112 6.380936168134212 1.270165599882603 5.576185956597328 4.673009023070335 39.997558824718 14.35077992081642 8.212712533771992 102.9905859678984 2.93930795788765 0 6.301241189241409 24.39315778017044 2.480192787945271 0.1454025954008102 2.820556297898293 2.107668340206146 7.474776104092598 48.44662770628929 5.180770188570023 14.64271032810211 28.15544731914997 31.55230483412743 9.959694117307663 59.92610757052898 51.66010647267103 68.01095631718636 14.8199096173048 0.8585570603609085 0 0 0 0 0 0 0 0 0 0.3502976149320602 0 0.2637099325656891 0.1667801141738892 0.2457796037197113 0.4255485534667969 0 0 0.1814894378185272 4.993562176823616 28.35204209387302 0 0 0.1485266536474228 26.96211511641741 0 17.15924046933651 2.205329045653343 0.6863077282905579 0.2645372450351715 0.7236235067248344 0.2719478756189346 0 0 0.9221578389406204 0.7098284363746643 0.9809421300888062 6.169450551271439 0 0 0 1.005422860383987 0.9131536483764648 0 0 0 0.7131016254425049 0.7887927144765854 0.2717803120613098 0.1686895191669464 3.489054933190346 20.7286487147212 1.0818130671978 0.5065860152244568 0 0.1999703347682953 0 1.088714756071568 0.1407522559165955 0.3960591331124306 1.896352007985115 62.06990008056164 4.327663198113441 0.1142616644501686 0.4482221230864525 0.9286693260073662 35.41351315379143 11.92831525206566 28.79314921796322 0.5249158591032028 0 0.7619827389717102 0.512031227350235 0.3898530304431915 0.4691644012928009 0 0 0 0.4684087485074997 0 0.4260769784450531 0 22.42932023108006 16.95130121707916 25.74841478466988 569.3873499333858 115.9966058731079 484.5901398658752 160.7697111517191 164.8127709329128 37.9717705771327 11.39515984803438 168.7700166925788 23.29378155618906 1.586955785751343 19.87866386026144 7.535390891134739 14.08457686007023 1.959456324577332 0.5784008726477623 7.931943945586681 8.281533800065517 3.81597663462162
355.9453189373016 566.7452816814184 15.3278618901968 595.0893197208643 63.1633682101965 248.6318602561951 144.3793031126261 6.629617281258106 91.68194371461868 1970.271537661552 42.07236201316118 0 1351.739758715034 80.51789213716984 8.983794957399368 4.065498664975166 0.1505015790462494 0.950394481420517 0 0 0 0 0 0 0 0 0 0.1481739580631256 0 0 10.17934621870518 0.575519472360611 0.3088055700063705 0 0 0 80.43618194758892 0 0 0.2698191627860069 0.1446551978588104 0 0 0.3172583132982254 0 0.1823150515556335 18.90954850614071 0.1318574100732803 0 0 0.4704461395740509 0.9602165371179581 0.2023562639951706 0.6448334753513336 0.1544075310230255 1.07122215628624 5.449847556650639 12.32177776098251 3.223922379314899 3.473094671964645 1.431543871760368 0.4012668877840042 0 2.124872997403145 0.2179690897464752 0.1606698036193848 0.2246947288513184 0 0.4555997997522354 0.4549807012081146 310.3610298335552 12.83834598958492 0 4.918058268725872 2.872477531433105 5.636498376727104 4.967290326952934 0.17067950963974 1.101026266813278 7.252401828765869 0.1989995539188385 3.063294366002083 1.994882337749004 0.3859050273895264 0.8561531230807304 0.6495309993624687 0.6006139069795609 0 0.1077880561351776 0 0.3550460934638977 0.3193637952208519 0.7985251396894455 0.2757232040166855 0.1219788268208504 829.4468480497599 3.763235569000244 0.2033315598964691 0 105.6996796429157 5.369389750063419 2.902676776051521 14.42549106478691 16.18435971438885 19.26263646036386 123.5244565606117 14.46420334279537 28.20811202377081 59.53021390736103 63.48410354554653 19.71407672762871 135.538540109992 133.965741738677 154.5753980875015 21.5809590369463 1.082812264561653 0.3594473153352737 0 0 0 0 0 0.3500216901302338 0.194677859544754 0 0 0 0 0 0 0 0 0 0 14.74138885736465 40.23177438229322 0 0 0 38.29095822572708 0 15.75457569956779 2.47683721780777 0 0 0 0.432157427072525 0 0 0 0 2.069634228944778 11.53604783862829 0.7746396213769913 0 0 0 0.632393516600132 0 0 0 0.1489607393741608 0.8606734722852707 0.3327264487743378 0.1267903596162796 2.240188136696815 37.82544256746769 0.9550580680370331 0.2566205859184265 0.2073278576135635 0 0 1.179104208946228 0 0.6318181455135345 0.6048884391784668 102.1286885589361 3.15367004275322 0 0 0 46.99110901355743 12.95793974399567 26.48011104762554 1.904534548521042 0.3306036293506622 4.878759056329727 0 0.7021925747394562 0.2998332679271698 0 0 0 0 0 0 0 59.34952260553837 18.6407350897789 25.95986197888851 120.9211689084768 8.601976677775383 58.16575211286545 15.70240287482738 289.1475381031632 5.361294895410538 0.9815350994467735 33.90551663190126 22.2607683390379 0.3441055864095688 42.24751216173172 4.036159634590149 47.17319433391094 1.237033516168594 0 7.123564660549164 4.327687799930573 0.8116740584373474
723.3921553269029 2995.745099961758 301.3156995177269 1320.944465234876 345.0462057515979 426.3990956842899 828.6687964051962 576.016454577446 2254.653186880052 8637.880495265126 1775.465888522565 1351.739758715034 0 3452.28646415472 145.8578760400414 89.30082163214684 1.553408190608025 7.544604279100895 0.1372264623641968 0.4312008246779442 2.165028363466263 0.7823637947440147 0.1760126650333405 0.6519114524126053 1.280696228146553 4.338462173938751 0.1659504920244217 2.550655052065849 1.950285866856575 0.5180260390043259 133.9186820238829 35.24161238968372 51.93044570088387 0.3165939971804619 0.1688500493764877 9.638134829699993 243.2673152312636 9.744779944419861 3.373815044760704 1.317872367799282 2.998633310198784 6.699461802840233 0.7177302539348602 2.874390937387943 0 2.172012187540531 246.8636906147003 7.730912297964096 0.7598617523908615 0.6483328193426132 5.706644497811794 1.536644145846367 0.3002383932471275 3.293202318251133 1.637258820235729 9.747022479772568 22.93730470538139 92.51303181797266 10.1226092427969 34.22397596389055 6.173560313880444 13.35114549100399 2.229092478752136 28.91349839419127 6.495445646345615 4.064347669482231 5.103650085628033 6.645088076591492 5.764970980584621 6.296522967517376 725.4380607232451 57.11584363877773 0.1620741039514542 27.21297742426395 49.28437689691782 87.23363084346056 63.56527473032475 6.729914166033268 26.70876449346542 774.0672107040882 12.31649771332741 44.18069070577621 15.1380580663681 2.019498780369759 6.118655823171139 8.778899990022182 8.087495565414429 0.4662031903862953 3.296042405068874 0.7365246787667274 3.811864323914051 2.910333164036274 11.71599393337965 4.37719988822937 7.06385563313961 2633.46815893054 9.176927760243416 0.723248228430748 0.6308481991291046 185.893976919353 18.00534944981337 5.7096316665411 27.11611936986446 31.32950581610203 43.70505994558334 298.9473650455475 30.89828969538212 101.8965623825788 184.7848084494472 210.9970381855965 52.31948454678059 372.0783689543605 461.670453466475 439.8456547483802 80.39869307726622 4.258089408278465 1.44431309401989 0.137385681271553 0.3370772749185562 0 0 0.297759935259819 0 0.1803017109632492 0.2285808175802231 0.3049673140048981 0.1628962457180023 0 0 0 0.431889146566391 0 0 0.1387709081172943 30.80556576699018 153.8953360393643 0.1411300450563431 0 0.1962907016277313 111.3666063919663 0.5223959684371948 67.2736856713891 3.671803899109364 0.5724662840366364 0.3381828218698502 0.8358060345053673 2.598324283957481 0.569918118417263 1.079255163669586 2.677835404872894 0 2.035623401403427 27.24831824749708 1.711336731910706 0 0.7746960371732712 0.2495262920856476 1.149012394249439 0 0 0 2.039370715618134 6.05856791138649 0.329697459936142 3.871919050812721 5.467452630400658 141.6573148742318 2.376022398471832 2.17180710285902 0.9663308709859848 0.7765912562608719 0.766575962305069 1.837198056280613 0.351012647151947 0.6501652449369431 1.282194703817368 396.208792373538 14.99326753616333 0 0.1855712085962296 0.7707585245370865 182.9830721318722 45.00289243459702 92.70697458833456 5.554448530077934 2.217365175485611 13.59832027554512 1.730867169797421 4.666841119527817 1.332472205162048 0.4919703304767609 0 0 0.2391543388366699 0 0.4660539776086807 0.4229650497436523 171.202000901103 77.76509450376034 79.77326275408268 950.5759632959962 167.2231914550066 610.433158762753 207.9499449804425 861.2138664722443 54.02627896517515 15.23074848949909 265.494882196188 54.16869008541107 6.192252680659294 80.62582723796368 18.11334726959467 91.00394182652235 4.295142561197281 1.341615781188011 17.68875579535961 15.12402302026749 4.632105603814125
