0 5713.326138325036 515.9308476224542 3321.838538601995 207.8270242065191 210.3634812235832 1029.950545571744 27.46508686989546 86.19751818478107 2045.189479723573 136.496631398797 191.9204469323158 216.9331136271358 24.89368560165167 3.413445465266705 0.9632821753621101 0 0.3938553780317307 0 0.2772861942648888 0.462882786989212 0 0.1999444961547852 0.1815725266933441 1.364819921553135 0 0 0 0 0.1194725781679153 838.6974280923605 3.631644114851952 4.449090167880058 0.1857530772686005 0 0.434545710682869 5.275152012705803 0.5254874676465988 0.546874538064003 1.029258906841278 1.698885016143322 0.5675051063299179 0.1433430910110474 0.8820191621780396 0.2949763089418411 0.1790003478527069 70.29655946791172 3.489907905459404 0 0.452924519777298 0.4189079329371452 1.609053701162338 0 0 2.344687968492508 9.927204646170139 523.9508532732725 1103.613488696516 137.9939787387848 44.65144988894463 1.277477756142616 1.554921254515648 0.2599159777164459 96.19132563471794 4.938571579754353 2.477484025061131 1.777452901005745 0.9678613469004631 0.6144955307245255 1.867174610495567 24.85740607231855 4.936165258288383 0.3435090184211731 155.2333360910416 63.16002939641476 41.32961066812277 3.547185361385345 1.646546579897404 1.549609243869781 10.82888919860125 1.421053789556026 2.003632768988609 25.19301647692919 0.7493598386645317 1.841794908046722 7.47062936425209 2.27050769329071 0.7915034964680672 0.905158631503582 0 0.333499401807785 0.0829455554485321 0.8747135773301125 0.08738081902265549 0.172430545091629 107.3235098272562 7.038423582911491 0 1.039813324809074 1236.540743052959 0.4883890077471733 2.573367416858673 2.161835432052612 1.179563999176025 0.1874930113554001 2.60518017411232 0 2.646299481391907 5.061062857508659 1.899653255939484 2.638400018215179 6.411290168762207 3.038623481988907 8.844987243413925 0 0 0 0 0 0 0 0 0 0 0 0.1699299216270447 0 0 0 0 0 0 0 0 0 0 0.659122109413147 0 0 0.5145683437585831 0 2.415298014879227 0 0 0 0 0 0 0 0 0 0 0 0 0 0 0 0.1620790958404541 0 0 0 0.4968901872634888 0 0 0 0.4589566886425018 3.363322526216507 0 0 0 0.1241453140974045 0 0 0 0 0 5.370174743235111 0 0 0 0 0.1703407317399979 0 0.6226783990859985 0.09457018226385117 0 0 0 0 0 0 0 0 0 0.1684287190437317 0 0 1.606540590524673 1.75140979886055 3.468358814716339 76.04048739373684 13.70286100357771 99.0243064686656 44.86930184066296 2155.150514312088 103.4349672868848 5.946835450828075 19.9345590993762 2.487567856907845 0.32318215072155 0.774384543299675 2.336591266095638 0.4323528707027435 0.3135637938976288 0 0 0 0
5713.326138325036 0 3322.061287336051 245.0721099972725 2832.009747572243 502.9425661414862 5140.374421969056 414.5986670255661 1660.319161631167 544.15887619555 1115.56772018224 113.0614548772573 450.1648259833455 146.1221776679158 37.68997351825237 5.090856671333313 1.13432764261961 1.785471297800541 0.1346888691186905 4.097585573792458 3.007850460708141 0 1.240486845374107 0.3961380198597908 6.050507582724094 0.8567271679639816 1.800537116825581 0.2859836667776108 0.1488047689199448 0.8079710602760315 2691.202844172716 34.17394234985113 15.71038345247507 0 1.540179416537285 5.984607100486755 16.37771941721439 4.712275393307209 4.306851461529732 3.671685725450516 4.767332568764687 2.698929324746132 0.8152811527252197 2.782171614468098 1.583217859268188 1.725028246641159 465.3056478351355 18.36962980031967 1.188562214374542 4.702140554785728 2.366829618811607 0 0.2371260598301888 0.5483345314860344 16.03042329847813 51.3563495054841 326.9990418925881 1048.698373511434 172.1777695119381 118.3633878678083 1.747309908270836 3.328275263309479 3.237040638923645 162.5304303392768 29.71191380918026 17.17707449942827 12.76885671168566 5.967079073190689 3.847402863204479 9.61604767292738 79.8426896110177 29.9762874096632 0 242.2635171934962 208.593808889389 208.5672904402018 55.38305862993002 6.363590463995934 1.445704936981201 134.562101110816 3.893453814089298 11.96626471728086 119.3358999118209 7.308281801640987 12.54208251833916 40.18931849300861 11.3783141747117 1.266067542135715 11.60285800695419 0.4601596593856812 2.191300667822361 1.06667785346508 6.481769800186157 1.832381449639797 1.915167406201363 292.0846717655659 9.820196494460106 0 3.511112600564957 1437.502739623189 0.3304758444428444 7.793628916144371 8.418244078755379 0 3.634933322668076 21.90860792994499 7.539739385247231 30.20450876653194 24.7520547658205 23.1996391415596 5.836304798722267 42.55010129511356 56.62071646749973 68.87835520505905 8.339936152100563 0.286927193403244 0.7053167596459389 0 0 0 0 0 0 0 0 0.5183640122413635 0 0 0 0 0 0 0 0 2.870118170976639 1.021285943686962 0 0 0 15.5485954284668 3.934239476919174 16.14321531355381 2.186431601643562 0.6293832659721375 0.2159251421689987 0 0 0 0 0.1357469111680984 0 0.570865087211132 2.990176007151604 0.1082645058631897 0 0.2137470990419388 0 0.3463717252016068 0.0779087245464325 0 0.09002574533224106 0.5977839305996895 1.157810002565384 0 0.5050951838493347 0 37.41844198107719 0 0.1159794926643372 0 0.09661524742841721 0 0 0.1114126518368721 0 0 119.382523521781 1.897137641906738 0 0 0 12.34934595227242 2.946393623948097 14.5286518484354 0.3992458879947662 0.1846236437559128 1.239014104008675 0 0 0 0.09214302897453308 0.2481642365455627 0 0.1153608858585358 0.9593977332115173 0 0 18.47391617298126 21.71906368434429 24.44777551293373 701.2516626864672 128.2302919179201 960.6248282268643 243.4606144577265 2020.512997508049 330.8081442192197 33.72289605438709 271.3127479106188 14.6659434363246 0.6357289254665375 8.51651369035244 7.820686377584934 6.249768741428852 2.931795388460159 0.5280811488628387 3.20280235260725 4.232367299497128 0.6434575319290161
515.9308476224542 3322.061287336051 0 4.285139173269272 313.5625878497958 27.7247953414917 95.143824249506 1520.499135926366 953.4533231556416 15.67062221467495 2498.145231090486 40.8972430601716 204.6764237657189 276.7401014193892 55.937026463449 27.62766700983047 4.234533995389938 22.01421550661325 2.651378631591797 94.7909095659852 80.38221854716539 0 16.50534779578447 9.794005870819092 63.1275419741869 12.3724862113595 21.71323088556528 3.034941680729389 1.248052224516869 3.941274374723434 7391.207384824753 313.9614932462573 90.61248204857111 5.920946851372719 22.56518333405256 39.69703619927168 80.92286928743124 28.35694570094347 7.885393939912319 18.40729822218418 101.5267892479897 7.690362818539143 17.46895745396614 27.51569398492575 24.58238764852285 45.57817043364048 219.1867259666324 17.81309313327074 11.30917752534151 56.00019676238298 6.363952323794365 0.6456126645207405 1.02824804186821 1.67049927264452 4.487601973116398 15.8801913484931 170.8834612891078 1540.44751997292 85.04423526674509 57.5797660946846 41.08389288187027 32.23981937021017 53.86689803004265 544.2014702260494 12.71884473413229 8.616805754601955 8.66377567499876 17.13577822595835 56.7786480486393 221.8121418729424 74.75398129969835 9.698257997632027 0 170.9093490168452 342.3464811369777 139.2295814007521 78.64478342980146 59.15323346853256 182.6619872152805 1711.814160317183 211.6246322095394 614.8315988779068 39.3525877892971 3.513310343027115 7.400470808148384 14.29043282568455 43.65353322029114 0.6246481016278267 4.732642598450184 0.1933580562472343 1.167744472622871 0.7587355151772499 59.01733060926199 3.507161438465118 4.927265778183937 38.2147813886404 5.274202287197113 0.1052348464727402 16.85763745009899 191.8928331807256 0.6048925593495369 0 1.100107438862324 0 0.8389154747128487 4.038437515497208 0 3.267307102680206 0.4944636672735214 0.7476839423179626 2.517378926277161 6.863895326852798 13.31833958625793 17.47004021704197 1.320051312446594 0 0.4891229718923569 0 0 0 0 0.3063055723905563 0.2710912376642227 0 0.8791442811489105 3.14594542235136 0.1734406352043152 0 0.5283737033605576 0.3780622482299805 0.8277570679783821 0.1550111770629883 0 0 1.441938951611519 0 0 0 0.1941644549369812 4.961115941405296 0.8200769424438477 6.955356612801552 2.2578125 1.239779695868492 0.9150585979223251 2.062922850251198 0.3339835405349731 0 0 0.2989295125007629 1.800363659858704 0.2952302098274231 0.8802484422922134 0 0 2.2824746966362 0.3952350467443466 4.008136689662933 0 0 0 0 0 0 0.3635663092136383 0.4384529888629913 18.3712932318449 0 0.09642292559146881 0.1660532653331757 0 0 0.6614782810211182 0 0.1092719361186028 0.6746750771999359 37.90536899864674 0.1440958380699158 0 0.09072224795818329 1.041972890496254 3.055257529020309 1.073406025767326 2.913707986474037 0.1463713049888611 0.1164372637867928 0 0 0.1546365767717361 0.9616114497184753 0 0.2461932525038719 0 0.1478229910135269 0.1250483393669128 0.1185971796512604 0.7818078994750977 3.593888029456139 8.515719354152679 8.59381428360939 303.3862458094954 74.76723182946444 409.571737639606 103.3738034963608 379.075302273035 105.8250826373696 12.06913233548403 101.022419705987 7.194053120911121 0.4254235699772835 1.757368214428425 4.03115176409483 1.221169233322144 0.5082718059420586 1.149525284767151 1.846302434802055 4.107867322862148 2.052025273442268
3321.838538601995 245.0721099972725 4.285139173269272 0 4.532108664512634 291.5802860856056 159.4079309254885 0 5.02493517100811 501.3798435330391 0 116.9664435982704 220.7104922533035 2.419891923666 0.4029150754213333 0 0 0.2025940120220184 0 0 0 0.6334269046783447 0 0 0 0 0 0 0 0 34.67330460995436 0.4650578498840332 0 0 0 0 0 0 0 0 0 0 0 0 0 0.1361074000597 18.00019846856594 0.2302211299538612 0.114399641752243 0 0.1437778025865555 0 0 0 0.6882356256246567 2.26967416703701 27.42706305533648 50.56720796227455 9.15072238445282 7.530489377677441 0.1119135692715645 0 0 8.587158501148224 1.831965796649456 0.9312031641602516 0.198473758995533 0.2455866262316704 0 0 5.811707809567451 0 0 12.11724297702312 10.03411017358303 8.507259540259838 0.8077271431684494 0 0 0 0 0 6.183294795453548 0.424670621752739 0.6139242127537727 1.649703077971935 0.6513271182775497 0 0.1035484075546265 0 0 0 0 0.235681876540184 0.1469784080982208 114.6004581600428 0.344175398349762 0 0 65.09335599839687 0 0.2400176823139191 1.507422834634781 0 1.40853488445282 7.690841555595398 2.289285689592361 5.977256417274475 7.809362486004829 5.998831853270531 0 5.709969401359558 4.874968722462654 7.447599962353706 0 0 0 0 0 0 0 0 0 0 0 0 0 0 0 0 0 0 0 0 0.1601744890213013 0 0 0 0 0 0 0 0 0 0 0 0 0 0 0 0 0 0 0 0 0 0 0 0 0 0 0 0 0 0 0 0.8353984951972961 0 0.504132091999054 0 0 0 0 0 0 0 3.395480915904045 0 0 0 0 0 0 0 0.378608226776123 0.1133061498403549 0 0 0 0 0 0 0 0 0 0 0 0.409074604511261 0 0 20.15002424269915 6.107987754046917 32.12039736658335 10.24055991321802 190.249207995832 16.70341831445694 1.044922851026058 5.357753917574883 0.4707008302211761 0 0.2716729268431664 0.7277342081069946 0 0 0 0 0 0
207.8270242065191 2832.009747572243 313.5625878497958 4.532108664512634 0 66.64315669238567 3738.468185350299 50.3249373883009 5162.465632021427 347.0126215815544 952.7448122426867 27.50865530967712 2281.099264279008 277.4438460916281 37.46867148578167 3.40994019806385 0.4479848146438599 1.084867648780346 0.193183034658432 4.532764613628387 2.73299852758646 0 0 0.1393629759550095 0.4695860892534256 0.5283213257789612 0.5004261285066605 0.5754762440919876 0 0 190.0341954752803 24.36620941758156 0.8916869908571243 0.3651213496923447 0.1531597077846527 0.1483606845140457 5.412164136767387 1.059763133525848 0.3074983507394791 0.7499557211995125 2.599055275321007 1.064170658588409 1.534149974584579 0.564806342124939 2.447699420154095 2.680280275642872 298.5666003078222 11.16261798143387 0.5422166511416435 4.375209458172321 1.738118715584278 0.5499387979507446 0 1.504980266094208 6.203845962882042 18.41052538156509 38.97292079776525 151.6651309877634 28.43025163561106 46.12676043063402 2.630687639117241 1.937311217188835 1.059870824217796 85.1166390478611 11.36186267435551 6.753296509385109 4.814937993884087 2.710418425500393 4.305245243012905 9.09500665217638 126.305068783462 33.05220274627209 0.1646942347288132 50.35215003043413 89.98487441241741 116.2459644153714 56.96143431216478 7.614217504858971 1.312887594103813 10.43313990533352 5.21209741383791 8.076952993869781 46.96129052340984 3.446850888431072 6.335062332451344 14.03608279675245 10.98039583861828 0.9300401955842972 5.856223054230213 0.600156307220459 1.06805082410574 0.676817923784256 2.203601866960526 2.232553854584694 1.72937735170126 329.0734435319901 24.73612946271896 0.1351545006036758 16.31906925141811 39.71792628616095 2.551390461623669 2.674747467041016 24.30398924648762 0.7721147984266281 14.22640517354012 69.07331958413124 7.887006923556328 63.87425804138184 65.24972127377987 36.35905784368515 20.63517466187477 122.6443243473768 174.4301805645227 181.8553936332464 29.32761269807816 0 0.8406846672296524 0 0 0.2778341472148895 0 1.028238460421562 0 0 0 0.1690310537815094 0 0 0 0 0.1390917599201202 0 0 0 5.569143995642662 8.493790730834007 0 0.4975497126579285 0.6104867458343506 45.68312084674835 4.099630057811737 48.77270349115133 6.700948417186737 1.058440655469894 0 0 0.832012727856636 0.3879660367965698 0 0.6867249608039856 0.140010803937912 2.945929244160652 3.105478771030903 0.5002187490463257 0.2119482457637787 0 0.2068930864334106 0.3211336880922318 0 1.016604661941528 0 0.7087478339672089 3.338394805788994 0.607623353600502 2.977401793003082 1.316222667694092 112.9370046854019 0 0.7778051644563675 0.8534558713436127 0 0 0 0.1881913542747498 0 0 420.4035097211599 4.52136817574501 0 0.228781059384346 0.1767323017120361 23.76265281438828 9.736642822623253 39.573167309165 3.767714440822601 0.9503898024559021 2.976214021444321 1.127608567476273 1.890867084264755 0 0 0 0 0.1135547608137131 0.4319182932376862 0.1066771820187569 0 72.65811474621296 44.8240529447794 71.14816894382238 681.4828500449657 102.8601207584143 723.4751671478152 193.0858966782689 275.0853749290109 159.0568347275257 17.79958841204643 256.5572572350502 16.42665386945009 0.703089103102684 13.82209122925997 5.261723212897778 9.628860801458359 1.581302836537361 0.6216196566820145 6.982510343194008 11.44465689361095 1.366556063294411
210.3634812235832 502.9425661414862 27.7247953414917 291.5802860856056 66.64315669238567 0 570.8197719454765 3.030319094657898 67.16577062010765 1286.012594893575 10.03766621649265 290.158369988203 298.0088689625263 23.09328144788742 0.3743764460086823 0.282518744468689 0 0 0 0 0 6.336167499423027 0 0 0 0 0.217585489153862 0 0 0 78.60909230262041 0.8170795887708664 4.954499512910843 0 0 0 14.65734034776688 1.093495160341263 7.08095745742321 0 0 0 0 0 0 0 3.509829558432102 0 0 0 1.686298787593842 20.62736578285694 0 0.6470271646976471 0.1156715080142021 1.151664026081562 302.3743719533086 195.56741951406 11.61777877062559 2.093070648610592 0 17.89183366298676 0 4.36416295170784 0.09640183299779892 0 0 0 0 0.4466436207294464 188.9976645112038 241.0873885154724 6.940106481313705 8.824671559035778 5.130722358822823 1.991440162062645 0.1526357680559158 0.7797053158283234 0.7551116496324539 25.49848140776157 0 23.88657784461975 0.9877881184220314 1.658093556761742 0.1072647050023079 1.581533066928387 0.4972844570875168 11.13242141157389 7.305564671754837 23.00743332505226 2.443963229656219 10.9932963103056 0 0 2.267710909247398 516.0145484954119 163.174518764019 8.756518423557281 76.16979576647282 623.3811871111393 0 0 0 0 0 0.2003359347581863 0.4007970094680786 0.2791588306427002 0.4679804444313049 0.4709306061267853 0 0 1.062367036938667 1.93452861905098 0 0 0 0 0 0 0 0 0 0 0 0 0 0 0 0 0 0 0 0 0.2125677466392517 0 0 0 0 0.9613501578569412 0.9578113555908203 5.241633325815201 2.613571733236313 1.481959253549576 0 0 0 0 0 0 0 0 0 0.1293785870075226 0 0 0.6233803629875183 0.170259416103363 0 0 0 0 0 0 0 0 2.045689553022385 0 0 0 0 0 0.3931538909673691 0.286045104265213 0 0 4.002013593912125 7.638123691082001 0 0 0 0 0.4114686548709869 0.7136905044317245 0 0.2987141907215118 0 0 0 0 0 0 0 0.3061625361442566 0.7542052268981934 0 0 1.910693481564522 4.09045398235321 8.477343931794167 3.448263123631477 0.5055384486913681 4.801717631518841 2.562518484890461 549.5106384754181 5.001464664936066 0.2898622453212738 2.718668520450592 0.4132236540317535 0 0.691407099366188 0 0.8022096753120422 0 0 0 0.2416712492704391 0
1029.950545571744 5140.374421969056 95.143824249506 159.4079309254885 3738.468185350299 570.8197719454765 0 18.72742955386639 1579.881742440164 2927.781452596188 302.5592917501926 397.4015810638666 1543.153269030154 357.933681063354 39.45314259082079 6.638437926769257 0.6872136741876602 1.501537188887596 0 6.638463489711285 5.387977793812752 0.156766951084137 0.8294316828250885 0.2035195529460907 3.024143114686012 0.2953896522521973 0.6739408373832703 0.5941532328724861 0.4677154272794724 0.6221131533384323 175.6468176096678 23.80745462328196 5.011832967400551 0.3225759565830231 0.7914779633283615 2.397853896021843 11.61864448338747 2.475273340940475 4.099386401474476 2.137712180614471 8.443223275244236 0.8575625419616699 1.626825213432312 1.428927689790726 1.796364262700081 2.83937194943428 291.0664668008685 9.588119983673096 1.486379876732826 4.982877731323242 3.825101621448994 0.5118599534034729 0 0.9791001528501511 7.664551317691803 22.84983491152525 86.0999087318778 206.3941755145788 44.73940510302782 50.95641239732504 3.314026035368443 4.856844156980515 2.786816619336605 98.98653516918421 13.87635973840952 9.332695133984089 7.945217795670033 4.632042184472084 7.52181588858366 18.51022835820913 160.8397492617369 40.20175275206566 0 74.33964393287897 82.75667388737202 110.8795156031847 55.01218905299902 14.03900927305222 1.753938861191273 6.152566641569138 7.306759625673294 13.01894801110029 51.95482410490513 4.539930686354637 7.438127622008324 16.86730235815048 10.34954992681742 0.8006377816200256 6.065801732242107 0.660672627389431 0.4325898811221123 0.9154955521225929 8.201455168426037 1.3924465700984 3.680130414664745 1355.502991899848 11.91279113292694 0 17.06529960036278 184.5398932471871 6.753535449504852 7.263667538762093 41.716334015131 3.209188759326935 25.67516611516476 133.6776542663574 21.80316546559334 112.6486701518297 116.5616767406464 95.69408184289932 23.24152781069279 311.5049272179604 283.3665793389082 347.6198805719614 45.87695047259331 0.7305560708045959 0.9832599014043808 0 0 0 0 0 0.2496779263019562 0.3792194128036499 0.3984163403511047 0.1407207548618317 0 0 0 0 0 0 0 0 10.63592980802059 6.753785535693169 0 0.2222943902015686 0 47.97800339758396 4.615639433264732 38.40665262937546 7.269775420427322 0.1971750110387802 0 0.3578732758760452 0.7236344218254089 0 0 0 0 3.624451786279678 5.522876217961311 0.256133034825325 0.5432655811309814 0.7803517729043961 1.753603875637054 0.2711067795753479 0 0.2076839208602905 0 1.646142244338989 2.55016040802002 2.879673361778259 1.490033313632011 1.054980278015137 97.4070966988802 0 2.104153372347355 0 0.3974899426102638 0 0.1167430877685547 0 0.1758208870887756 0.2569510638713837 465.1817667484283 6.550810426473618 0 0 0 36.19781978428364 6.480516269803047 35.19444409012794 2.319575920701027 2.479712799191475 3.163442686200142 1.451905220746994 2.161643177270889 0.3569409400224686 0 0.09824670851230621 0 0.2631486877799034 0.122870460152626 0 0 116.5514339208603 56.69327765703201 61.54562585055828 616.6959087252617 99.99575809389353 649.1913945376873 166.2044704407454 687.4508332908154 176.0942642316222 18.31013509631157 216.936160042882 17.64849556982517 1.22416865080595 17.69237719476223 6.634222611784935 19.30605448782444 4.007343046367168 0.8157901242375374 10.8539609387517 8.488464578986168 3.119957119226456
27.46508686989546 414.5986670255661 1520.499135926366 0 50.3249373883009 3.030319094657898 18.72742955386639 0 320.8826783746481 1.766507983207703 1611.287151195109 42.19564156234264 137.0034404173493 222.4542545676231 27.14301479607821 14.92079416662455 1.431400842964649 8.808581247925758 0.1508885622024536 42.40606141090393 41.61220793426037 0 13.9533681422472 8.088295161724091 42.68324835598469 3.006129309535027 13.80936281383038 0.4080556482076645 0.1471406370401382 4.277768924832344 903.5355613827705 339.3220153823495 77.33228294551373 2.40739332139492 16.76895589381456 25.05939748138189 54.04123041033745 19.46000149846077 6.414485275745392 15.19333719462156 60.67330442368984 3.896654315292835 7.598695650696754 10.35030659288168 9.775324009358883 19.191571213305 82.34953254461288 5.232696421444416 5.09442450851202 21.4307554513216 4.234510958194733 0.4344501942396164 0.170934647321701 1.332771100103855 1.046434372663498 4.23543381690979 35.05292276293039 188.305988676846 18.67538792639971 17.14041705429554 24.02154266834259 25.84903584420681 42.44758382439613 99.54198142141104 3.292421139776707 3.894097506999969 3.927366018295288 4.768181510269642 26.08473710715771 117.1760875582695 56.09109066426754 4.098457857966423 0 33.46642618626356 51.22191497683525 49.42710317671299 51.40494425594807 50.47442854195833 477.1079745665193 1869.271456390619 144.5710638687015 747.4496404454112 12.83755750954151 0.6682274416089058 2.857133455574512 4.230704233050346 16.19868594408035 0.09599199146032333 1.903433226048946 0 0.523943230509758 0.2151113972067833 34.35219345986843 1.747453548014164 1.444512665271759 16.74613657593727 1.826177954673767 0 7.709969848394394 28.72842726111412 0 0 0.0937938317656517 0 0 1.272778749465942 0 0 0.2687635719776154 0.1961890906095505 0.1569863110780716 2.483924359083176 1.605767294764519 2.394251331686974 0.949724555015564 0 0.1640885919332504 0 0 0 0 0 0.4840435832738876 0 0.211065798997879 3.74811863899231 0 0 0 0 0.4140650480985641 0.1530037820339203 0.6958032548427582 0.251589834690094 0 0.1701751053333282 0 0.2952489852905273 0 0.813678964972496 0.5762493461370468 3.446215271949768 1.712245315313339 1.705873996019363 0.7000988125801086 1.687722682952881 0.1583787351846695 0 0 0 1.075946375727654 0 0 0 0 0.1239983215928078 0.861249104142189 0.9113492071628571 0 0 0 0 0 0 0 0 2.469052448868752 0 0 0 0 0 1.417976766824722 0 0 0.300617903470993 5.199311226606369 0 0 0 0.175360769033432 1.742708250880241 0.5076376795768738 1.752718523144722 0.2679826319217682 0 0 0 0 0.5456594973802567 0.0965387374162674 0 0 0.1478961110115051 0 0.4664106518030167 0 0.2058525681495667 3.284555688500404 4.01811271905899 136.2605215981603 32.92109923064709 171.7017657980323 42.13112688809633 44.19482015073299 28.60376148670912 3.03201450407505 42.93488526344299 1.850474365055561 0.5710010826587677 1.432857096195221 1.018486134707928 0.6185979843139648 0.1375737488269806 0 0.5725490599870682 3.316731423139572 1.236033990979195
86.19751818478107 1660.319161631167 953.4533231556416 5.02493517100811 5162.465632021427 67.16577062010765 1579.881742440164 320.8826783746481 0 167.8477463424206 4439.518419064581 148.5344144850969 1946.052807115018 1477.167351432145 67.29439582675695 18.2568137794733 0.7646675258874893 2.960134349763393 0.6470199376344681 15.52702900767326 13.08971138298512 0.1518076509237289 2.756640419363976 1.292046532034874 14.8248890414834 2.724729955196381 4.389684751629829 1.375060506165028 0.2935248762369156 2.555791512131691 136.05009611696 54.89532613009214 256.5896296277642 1.208682857453823 2.166348904371262 9.417219333350658 73.58471406251192 12.48788222670555 3.025716722011566 9.911040551960468 16.0544568374753 4.102362662553787 4.114282742142677 6.806878954172134 4.667299576103687 9.181233711540699 214.7302482202649 8.590676486492157 3.713767014443874 13.85999115556479 2.569858498871326 0.4932887852191925 0 1.866500310599804 2.299494594335556 10.77117395401001 18.10965222865343 79.02529735863209 11.80309614539146 29.08132825046778 8.375337958335876 25.97580956667662 5.906807906925678 79.9631529673934 6.524189040064812 4.87273883074522 4.218084424734116 4.739389471709728 12.82721929252148 47.38779129832983 143.2733965665102 32.50862595438957 0 29.12059614062309 53.19318617880344 88.72792885452509 72.48934515565634 25.34234915673733 6.168967097997665 51.33958135545254 18.09981860220432 34.98470865190029 22.90985314548016 3.588448606431484 4.702919036149979 8.782364435493946 14.11971474438906 0.3167959228157997 3.124071188271046 0.2711398974061012 1.606922902166843 1.230996139347553 15.6656836271286 1.310710869729519 6.155302755534649 452.807885915041 14.31425227224827 0 20.37305393815041 36.31151877343655 3.456908464431763 2.228680610656738 25.79579545557499 0.3386724889278412 10.94531612098217 75.19747394323349 8.5534747838974 63.00361667573452 59.97988875210285 47.44261698424816 18.13969902694225 123.2134514600039 170.2866643667221 203.1105312407017 28.48430885374546 1.54753915220499 0.6641969233751297 0 0 0 0 0.3019742965698242 0.4368211328983307 0 0.1408692002296448 0.867501974105835 0 0 0 0 0.5510132163763046 0.1671857982873917 0.1328802108764648 0 5.026316478848457 5.382211819291115 0.715864896774292 0.4978648275136948 0.1462111622095108 37.71685123443604 2.619351163506508 30.62426419556141 1.568564191460609 0.3120403438806534 0.33244988322258 0.2553054168820381 0.7053571939468384 0 0 0 0.306090921163559 1.413836069405079 4.386015571653843 0 0.1158731356263161 0 0 1.415353953838348 0.145678699016571 0.203259214758873 0 1.97034277766943 1.427523598074913 0 0.3955416977405548 1.130956262350082 92.82717290520668 1.747895956039429 0.4369401484727859 0 0 0.4859784543514252 0.7612619996070862 0.2226672545075417 0.1475269198417664 0.1782534718513489 377.9527430012822 5.096568956971169 0 0.1492781043052673 0.1084395423531532 25.69811403751373 12.79249708354473 30.38421110808849 2.927299350500107 1.888748653233051 3.407584205269814 1.344786778092384 1.479601919651031 0.1730175167322159 0 0 0 0 0.3875214532017708 0.1152124330401421 0 82.36340653896332 47.40422644466162 44.5333755761385 640.5794430598617 89.37771622091532 551.0734937787056 160.863199852407 95.15017827600241 77.07151429355145 13.63121773302555 226.5726830810308 18.4734325632453 1.185712337493896 15.81647839397192 6.274225197732449 8.290430158376694 1.345783792436123 0.3964975029230118 7.865963630378246 12.19555235654116 0.3418498039245605
2045.189479723573 544.15887619555 15.67062221467495 501.3798435330391 347.0126215815544 1286.012594893575 2927.781452596188 1.766507983207703 167.8477463424206 0 7.963214099407196 2419.073047474027 3111.730080530047 534.892651155591 2.199021860957146 0.4724061340093613 0 0 0 0.1514696478843689 0.3840012848377228 0.1680467575788498 0.1990957856178284 0.3221851289272308 0.4019060581922531 0.1876532733440399 0 0.774880588054657 0 0 27.62781426310539 0.8357169926166534 0.9041776061058044 0 0 0 4.235091626644135 0 0 0.3739708065986633 0 0 0.1681144386529922 0.1187187135219574 0.4219485223293304 0.1413971781730652 11.13904229551554 0.2387828156352043 0 0 0 1.137244671583176 0 0 0.1445472985506058 1.243065975606441 60.75839859992266 73.76861306279898 12.13633527606726 6.617852218449116 0.1531924903392792 0.3106069564819336 0.25577512383461 3.243695288896561 0.7141548022627831 0.891615703701973 0.2475243806838989 0.3782873302698135 0.3462210595607758 0.610245943069458 261.7649064809084 9.359339863061905 0.5102470219135284 9.116816855967045 4.671838529407978 4.751479543745518 1.537941947579384 0.6414594501256943 0 3.890910163521767 0.1602024137973785 1.109933897852898 3.506379373371601 0.2168167605996132 0.2220731228590012 0.6251099333167076 1.311062641441822 1.000584527850151 0.5412308648228645 0.9709433913230896 0.470612570643425 1.338142335414886 0.3221425414085388 0 0.3431850671768188 977.4997274130583 24.51924109458923 0 4.656468823552132 609.975446164608 2.971409201622009 18.59604978561401 69.44570216536522 23.53547903895378 11.89116656780243 88.88316075503826 57.36144526302814 59.73613655567169 125.4928156882524 210.3088250160217 9.568073749542236 273.9440107494593 169.2136342823505 509.237379655242 9.872064858675003 0.4194370359182358 0.611476868391037 0.1387398391962051 0 0 0 0 0 0 0 0 0 0 0 0 0 0 0 0 5.424498334527016 2.132326722145081 0 0 0.3851247727870941 5.705192491412163 0.1747096031904221 6.168535053730011 0.9074135273694992 0 0.1391497403383255 0 0.3283498287200928 0.2051057070493698 0 0 0 1.16801729798317 1.654153436422348 0.1072785034775734 0 0 0 0 0 0.1455493420362473 0 1.180703639984131 1.403977200388908 0.3664185404777527 0 0 12.56804764270782 0.3004157841205597 0.5290610194206238 0.4151404350996017 0 0 0.1489873677492142 0 0 0 93.91325142979622 0 0 0 0 11.12051184475422 1.416411310434341 4.867456555366516 0.9955218285322189 3.492529883980751 1.980965793132782 0.7464569211006165 0.5714809894561768 0.1743760854005814 0 0 0 0 0 0 0 44.87013804912567 7.176273867487907 5.67116217315197 22.52927289903164 1.583222948014736 23.30886652320623 7.305152900516987 692.9153210297227 10.17785901576281 0.5321432948112488 6.669476635754108 5.9022027105093 0 12.60008803755045 1.854813426733017 12.93737970292568 1.179715245962143 0.1691860109567642 0.9086893647909164 0 0
136.496631398797 1115.56772018224 2498.145231090486 0 952.7448122426867 10.03766621649265 302.5592917501926 1611.287151195109 4439.518419064581 7.963214099407196 0 345.439257517457 1942.594938315451 2023.502427972853 53.01700250059366 22.08041667193174 2.68419998139143 6.170441322028637 0.7180965915322304 15.65440221130848 13.48121081292629 0 4.546763211488724 4.856428444385529 51.92407481372356 11.65767562389374 22.53043560683727 9.449527814984322 1.086463458836079 7.419215105473995 995.091985322535 258.0758159607649 688.1394646838307 1.003028854727745 4.886106871068478 42.34065557271242 280.7590284273028 39.49803095310926 20.08995576202869 36.3709928765893 33.17414925247431 5.61975534260273 4.480120562016964 7.063247360289097 4.411506317555904 10.48384967446327 208.3923151120543 7.564221955835819 3.016907326877117 10.93464606255293 5.416241854429245 1.048148080706596 0.6589599698781967 0.3973196744918823 3.591499730944633 12.44796077162027 52.44811999052763 256.753168925643 31.79324828088284 33.6793227493763 9.468533933162689 77.60298669338226 15.00919716060162 88.11178576946259 8.416616752743721 6.102949514985085 7.767959393560886 7.377206228673458 14.29707316309214 51.97431137412786 296.7015218734741 19.51269100606441 0.1467252969741821 52.01958971470594 83.16753923147917 108.742660023272 63.70256504416466 26.21881408989429 550.8594126328826 1548.365154489875 21.36797431856394 98.13591775298119 26.72846960276365 3.527999214828014 4.289164900779724 10.63560887426138 17.04757635295391 0.721209317445755 4.83466961979866 0.09676002711057663 1.926807470619678 1.758534222841263 27.92875711619854 3.64910801500082 4.132819853723049 139.6353186815977 9.536937028169632 0 31.57817550003529 52.25587426126003 0.7968575730919838 0 1.573458418250084 0 0.9281062632799149 8.050859168171883 0.3692695796489716 11.54002523422241 7.255591012537479 4.051318600773811 4.895672366023064 19.76940435171127 32.23664964735508 37.49702545255423 4.211693301796913 0.6699817329645157 0.3047617971897125 0.1393256038427353 0 0.1841471940279007 0 0.3603117167949677 0.3432634323835373 0.1935145407915115 0.7175178527832031 1.93025241792202 0 0.1357002258300781 0.2056573629379272 0 1.389723345637321 0.3102922439575195 0.1571992337703705 0 1.101866699755192 1.674530863761902 0 0 0 16.53680120408535 2.856240123510361 15.93897227197886 7.509731009602547 2.723993167281151 0.8841663300991058 0 0 0 0 0 1.323114141821861 0 1.329982936382294 0 0 0.1444490700960159 1.047192439436913 0.4236012995243073 0 0 0.1161776334047318 0.2853589355945587 0.5177463889122009 0 1.63510650396347 0.4691985249519348 30.1774130910635 0 0.3081291317939758 0 0 0 0.5276721119880676 0.09439235925674438 0.1671529710292816 0 97.0626292526722 3.852740451693535 0 0 0.1854172945022583 8.086942911148071 6.896989792585373 10.99878588318825 3.422781378030777 0.2581762671470642 0.1604568064212799 0.1517215669155121 0.325220137834549 0.3729619905352592 0 0 0 0.2321564853191376 0.5102775096893311 0 0 15.93567191064358 19.49493782222271 24.4029316008091 558.2687801346183 75.40929546952248 508.477432616055 129.3546449840069 122.0840775296092 83.25200433284044 11.52495226264 174.0849107727408 10.09009546786547 1.310261942446232 6.084200523793697 5.45044381916523 6.429424256086349 1.05075154453516 0.3300743103027344 2.380413234233856 8.402418382465839 0.9384030401706696
191.9204469323158 113.0614548772573 40.8972430601716 116.9664435982704 27.50865530967712 290.158369988203 397.4015810638666 42.19564156234264 148.5344144850969 2419.073047474027 345.439257517457 0 1711.444457754493 586.651657730341 31.26956696808338 19.8132017403841 1.639469102025032 3.024058632552624 0.1588215827941895 3.996859356760979 4.751305028796196 0 1.525730833411217 3.38790026307106 30.519700974226 6.018363863229752 11.69449207186699 2.656159400939941 0 6.560514181852341 21.63135463744402 21.59172877669334 58.64941889047623 0.1534053385257721 2.491144254803658 18.81812080740929 73.89985460042953 24.2674323618412 14.65261120349169 29.56478038430214 19.93785401433706 5.07062853872776 0.6344526410102844 5.05438194423914 2.586484998464584 4.641977831721306 63.34486039727926 1.755817867815495 1.765410169959068 4.098334670066833 4.070474117994308 0.6703206896781921 1.393925309181213 0.1441300064325333 0.1075263097882271 1.007611684501171 11.01916583627462 18.04498139023781 2.535192675888538 4.151509195566177 6.338326811790466 14.42019607126713 4.876400157809258 30.1992322653532 1.310553692281246 0.8406430706381798 4.368123859167099 4.31353548169136 5.380134992301464 31.26018738746643 355.7445221915841 128.1471026688814 0.1367179304361343 8.183744303882122 14.91785159707069 26.94970601052046 27.49330750852823 19.58603413403034 1.389495708048344 56.1270439773798 3.694494351744652 22.35705537348986 5.086087457835674 0.7904058992862701 0.5197540521621704 1.118969179689884 6.430066779255867 0 0.4873567521572113 0 0.9000605344772339 0.1780495345592499 24.14348147064447 5.307129442691803 4.557151384651661 1898.216320469975 125.5340054482222 0.7618266940116882 36.59208403527737 56.96813337504864 3.665679037570953 1.017258197069168 9.647559985518456 0.6525170654058456 11.03084428608418 47.34656584262848 4.444368615746498 29.01925565302372 36.02441771328449 23.53634306788445 9.803580358624458 76.02712482213974 109.5432900637388 168.9583229124546 26.11383600533009 0.7262054905295372 1.394498631358147 0.3750105053186417 0 0 0 0.3794777691364288 0.7143745422363281 0 0.8357635140419006 1.604515984654427 0 0 0.6537733823060989 0.1775077283382416 0.6040907651185989 0.9184193760156631 0.2075568288564682 0 5.165607452392578 4.787483349442482 0.3414440453052521 0 0 45.01415927708149 9.394926428794861 47.06154644489288 13.32797035574913 3.74608738720417 1.198454633355141 0 0.2549194395542145 0 0.333097517490387 2.709016293287277 0.5443345308303833 2.715394362807274 5.230043143033981 0 0.5352830588817596 0.6913514882326126 1.710576325654984 1.896229013800621 0 0.1258156150579453 0 3.08017872273922 1.210648372769356 0 2.30923667550087 1.265720844268799 91.19014130532742 1.085015311837196 0.5368827283382416 0.7209181487560272 0 0.1296558678150177 0.314002513885498 0 0 0.2270227074623108 284.7356556728482 10.65008451044559 0 0 0.5155618041753769 17.76114095747471 13.83903515338898 32.43100334703922 3.07944543659687 1.322967112064362 1.94741228967905 1.074523031711578 1.07777564227581 0.2294984310865402 0 0 0 0 0 0 0 61.79111334681511 69.53128784894943 75.9002600312233 326.4706812575459 31.88888633996248 171.9374493137002 44.57692923396826 112.3244131729007 18.65384271740913 2.329033762216568 81.43724278360605 24.43471519649029 0.6141464412212372 17.81872510164976 0.9483061209321022 11.4981165677309 2.644768804311752 0.159346342086792 4.741434074938297 2.406113959848881 1.736812919378281
216.9331136271358 450.1648259833455 204.6764237657189 220.7104922533035 2281.099264279008 298.0088689625263 1543.153269030154 137.0034404173493 1946.052807115018 3111.730080530047 1942.594938315451 1711.444457754493 0 3067.104675874114 92.93361655622721 47.84950762987137 4.612208880484104 7.313420429825783 0.8417504280805588 16.7313431724906 13.79469761252403 1.681247308850288 4.559898003935814 3.826420217752457 49.66353031992912 7.269060768187046 19.55889289081097 2.248229593038559 3.440574631094933 9.189119637012482 84.35693026334047 60.63328339159489 745.582321330905 2.896547913551331 8.824197202920914 32.61689100414515 379.6464079618454 51.61954203248024 25.63092555105686 39.02610713243484 41.33816991746426 6.51349501311779 5.110648050904274 11.59658955782652 4.574797451496124 10.55719781666994 174.2386076748371 6.237343110144138 7.708016842603683 12.03381559997797 6.263600409030914 1.715805411338806 4.899324521422386 2.225722417235374 1.438602231442928 6.386260643601418 21.07139971852303 49.74712145328522 7.528905965387821 14.49300265312195 12.6352651938796 186.3879606276751 19.25348267704248 86.06350736320019 2.486580446362495 3.264249742031097 6.699678771197796 8.515736512839794 20.93025721609592 74.66139078140259 555.3705348744988 146.1379740387201 0.9066389501094818 23.72091394662857 36.97585152834654 77.63165902346373 73.55020458251238 47.38737857341766 7.908348619937897 312.8550994694233 20.43627463281155 71.32525760680437 12.57448269426823 6.973526366055012 2.233017526566982 4.922817654907703 15.0244037732482 0.2996485680341721 3.277109988033772 0.4762148410081863 1.323831528425217 3.444767452776432 37.75618107616901 4.46826247125864 5.818109326064587 2268.82860776782 63.23274229466915 0.9573621451854706 42.21632764488459 75.74139727652073 3.974954187870026 2.758309602737427 23.61288946866989 1.788176357746124 18.99476915597916 88.50312994420528 9.017767176032066 64.39650070667267 92.64745213091373 55.05918063223362 18.43705824017525 142.116872549057 209.3001566529274 249.8198520839214 34.88336898386478 2.389283940196037 1.641874924302101 0 0 0.7031271159648895 0 1.329494744539261 0 0.2597924768924713 1.804956570267677 2.897935718297958 0.5336282253265381 0.29820217192173 0 0.3425766378641129 0.3457900732755661 2.482222884893417 1.239843666553497 0.191129669547081 10.67062403261662 10.17811152338982 2.364456921815872 0.7521942853927612 0.4996238052845001 60.65943892300129 15.78207248449326 71.28857629001141 17.96812725067139 8.091340839862823 0.5602392107248306 0.8730609863996506 1.041373789310455 0 0.1491400003433228 2.976251035928726 0.9103555828332901 2.418572932481766 7.665001198649406 0.1011728048324585 0.5017792135477066 0.8509374409914017 5.484467625617981 2.054263517260551 0.1206066086888313 0.2442768961191177 0 2.041189059615135 2.928589835762978 0.2098712027072906 5.941492974758148 3.142047807574272 137.0935171544552 0 1.315699622035027 0.1278275400400162 0 0.1351179033517838 0.6768340468406677 0.3346615731716156 0 0.3700373023748398 539.2164481058717 16.13041773438454 0 0 0.9442787319421768 37.46150407195091 10.84793476760387 40.15231174230576 5.825383052229881 2.295179277658463 3.96529757976532 0.1850557178258896 4.688203513622284 0.7734778374433517 0 0.3491123616695404 0 0.08542106300592422 0 0.522887334227562 0 131.2083895802498 100.5734775811434 98.46967941522598 587.0167724937201 75.89100139588118 432.9445070326328 115.119303599 160.0636937618256 43.38468927890062 9.783732436597347 168.7566421851516 23.64247640967369 1.157735012471676 21.55690547078848 4.079484015703201 17.21833825111389 3.824700862169266 1.126194469630718 8.203925870358944 11.58605051785707 5.058548420667648
