0 6851.521121963859 97.15481876581907 1134.723355062306 516.8317647874355 36.8610658198595 1219.377350814641 9.917024999856949 22.35075253248215 1737.224013477564 38.85983556509018 290.5897244811058 593.5224918723106 37.17866159975529 0.6733114123344421 0 0.1474984288215637 0 0 0 0 0 0 0 0 0 0 0 0.190717801451683 0 486.5868149250746 34.29851697385311 0.4656901061534882 0 0 0 3.213777706027031 0 0.1350479573011398 0 0 0.2356483936309814 0 0.1541596353054047 0 0 14.3912328928709 1.549214147031307 0.4989307373762131 0 0.5797969102859497 0.6521726548671722 0 0 0.6217258125543594 4.699796885251999 737.4310849681497 1283.060972325504 132.8263862580061 10.81037489324808 0 0 0 4.554457291960716 4.756836667656898 2.61752188205719 3.619458831846714 1.202711343765259 0 0 18.70626570284367 8.561324805021286 0 378.6219400838017 70.61549995094538 19.25910228490829 0.3967380523681641 0.1098768934607506 0.1466087698936462 1.558031193912029 0 0.150562658905983 10.8280343785882 0.228774182498455 4.598072707653046 12.30505229532719 1.059162989258766 0.369781032204628 1.089798659086227 0.7501673027873039 0 0.1444055438041687 0 0.1878658831119537 0 174.1569808721542 18.38480262458324 0.4881240129470825 1.189752668142319 1342.59139443934 0 0 0 0 0.2092061191797256 5.505820021033287 0 0.8078339248895645 0.946266233921051 0 0.8461411595344543 2.857684060931206 0.2624382376670837 0.1487553715705872 0 0 0 0 0 0 0 0 0 0 0 0 0 0 0 0 0 0 0 0 0 0 0 0 0 0 0 0.1884725987911224 0.9942244589328766 0.1637575924396515 0 0 0 0 0 0 0 0 0 0 0 0 0 0 0.2170463651418686 0 0.1670056581497192 0 0 0 0 0 0 0 0 0.2716954946517944 0.2949143499135971 0 0 0.2215143144130707 0 0.3858988583087921 0.9194173961877823 0 0 0 0 0.3604210615158081 0 0 0 0 0 0 0 0 0.3871336802840233 0 0 0.1142140254378319 0.1863487362861633 0 0 0 0.2104517221450806 1.086176544427872 40.22941669076681 24.02462613582611 141.1754822507501 25.76892442256212 1087.704884923995 47.59605129063129 2.152655258774757 4.346317693591118 2.19149874150753 0.2053731009364128 0 0 0.1915096491575241 0 0 0 0.2092480212450027 0
6851.521121963859 0 1433.200073853135 1958.263754218817 5569.49978081882 232.3856420367956 4634.785724580288 116.01987837255 924.930270306766 1052.416012704372 562.4611118137836 74.73719190061092 1490.248424403369 591.1652539297938 22.63899394124746 5.266180962324142 0.3930458948016167 0 0.2760631740093231 0.5682620108127594 0.2355593889951706 0 0 0 0.3169655501842499 0.5463340431451797 0.1233100593090057 0 0.7172063738107681 0.1555751264095306 3393.165365956724 61.47907793521881 26.05556185543537 0 0 0 66.9614364951849 0.2201749235391617 7.334988340735435 1.902009606361389 0.5443151146173477 0.5234888345003128 0 1.316592119634151 0.261651873588562 0.7865233719348907 113.606073230505 11.9753946736455 0.6378934234380722 0.2328981906175613 3.345224261283875 1.41238821297884 0.3120484948158264 0.2535470351576805 2.048012435436249 14.93399425595999 820.1416401639581 2186.764900930226 144.3133603557944 65.28753089159727 0.4622065126895905 0.8716972470283508 0 63.80411325395107 18.28450486063957 11.70754947513342 15.26876717805862 5.914163962006569 0.5423928275704384 1.099865972995758 82.27061967551708 6.687612056732178 0 719.1094453632832 318.9409836083651 161.056725256145 7.255691856145859 1.475573986768723 1.830384850502014 47.56732925772667 0.9848051443696022 3.029179140925407 48.84683758765459 1.150963723659515 13.99005482345819 33.71677379310131 8.223676510155201 1.163664676249027 4.924294322729111 0.3990777656435966 0.7564661353826523 0.2983319535851479 1.272195920348167 2.270524650812149 1.204540699720383 70.76275107264519 5.266487047076225 0 6.424408137798309 1163.010983079672 0.2096121609210968 0.5569778680801392 5.889003992080688 2.290094211697578 4.252226009964943 114.9513536244631 0.5338095724582672 23.99656964838505 16.10554426908493 6.191963031888008 6.095280185341835 67.55461984872818 29.6034412831068 40.18376608192921 24.02509066462517 0 0.7977337241172791 0 0 0.1779105067253113 0 0 0 0 0 0 0 0.4361189901828766 0 0 0 0 0 0 2.479871824383736 0.3121631592512131 0 0 0.1512373685836792 9.23405796289444 0.2188767194747925 9.49928879737854 4.643689170479774 1.277862891554832 0 0.1162893250584602 0 0 0.7871549129486084 0.1973089873790741 0 0.7652379125356674 1.437898978590965 0 0 0.1572078317403793 0.1480525434017181 0.1325468122959137 0.2888482213020325 1.32225176692009 1.998190462589264 0 1.522757068276405 0 0 0 8.139151185750961 0.8807383328676224 0.9367323517799377 0.240444153547287 0.6006809026002884 0.2505478039383888 0 0.5803641080856323 0.1770491451025009 0.4669152945280075 26.53211729228497 1.494672983884811 0 0 0 9.0987668633461 3.57662308216095 4.482849687337875 1.704505458474159 5.295273438096046 0.4256083965301514 0.9050243943929672 0 1.12095695734024 0.6268865019083023 0.3051644116640091 0 1.063495546579361 0.1297884732484818 0 0.162574827671051 12.36787578463554 9.361991539597511 23.34025481343269 399.0805521011353 146.1443152725697 710.7019760161638 72.81523382663727 1358.957625307143 91.63672348111868 8.322909742593765 62.46251206845045 19.23184005916119 2.963001057505608 12.38503362238407 0.7409057170152664 16.61926653981209 0 0.1931326314806938 0.8863722085952759 2.780765652656555 0.3175299167633057
97.15481876581907 1433.200073853135 0 21.61177690327168 616.2851705104113 0 235.9482852444053 1683.354531429708 1876.381104946136 2.700605869293213 3082.171550802886 26.49248534440994 208.2159575074911 1137.95569293201 94.44218920171261 50.13880494236946 3.241130143404007 0.7794272750616074 0 2.214398175477982 6.271633327007294 0.1970212012529373 0.1610289365053177 0.385641485452652 0.966013178229332 1.620275497436523 0.2604146301746368 0.9695602804422379 0.4374482929706573 0 4325.699494361877 724.2199791818857 165.3951172530651 0.8243343979120255 0.7807773053646088 1.686914563179016 218.2905785292387 9.626062400639057 33.78179512917995 10.66985245794058 7.544566318392754 7.484194651246071 17.54874667525291 6.117791697382927 2.701876237988472 7.386984720826149 109.6523256972432 15.42584853619337 4.715546101331711 27.95666814595461 65.58432484418154 5.600345373153687 0 7.484826736152172 0.493738666176796 3.106586128473282 150.0430589914322 822.2251560091972 28.6152706220746 44.24279792606831 9.63947606086731 18.51142485439777 0.395327240228653 409.3984479010105 5.630018666386604 52.13324436545372 53.8066917732358 161.3140235841274 141.8526985794306 87.39566544443369 230.4003171622753 28.84984849393368 0.5405882149934769 173.8833814635873 219.3193852305412 142.9069105014205 27.89922931790352 71.50055710971355 213.0741914510727 1057.085568100214 110.6006816625595 339.1136883348227 15.89665391296148 0.1170395761728287 11.40529610216618 11.56017253547907 134.2414562776685 0.3442151993513107 6.086867287755013 0 4.689597122371197 2.026394605636597 62.02121815830469 10.51189234852791 11.70627627521753 83.93632456660271 11.66171789169312 1.741849422454834 26.65768563747406 163.5060441941023 0.1415216773748398 0.6363669186830521 8.057649180293083 2.596565842628479 4.691702038049698 56.21147213876247 0.3377818167209625 28.35801087319851 9.546965718269348 8.398278757929802 9.262034028768539 66.3724208176136 28.73579731583595 42.37149192392826 44.47217188775539 0.6941334307193756 0.1925121694803238 0.1318604648113251 0.8287070095539093 0.2559087574481964 0.1577861309051514 0 0 0 0.2614325284957886 0 0 0 0 1.077011734247208 0.1637022495269775 0.707042470574379 0 0 0.8140418380498886 2.869856387376785 0 0.3820675611495972 0 20.6527603417635 1.052716553211212 34.93546913564205 18.59578473120928 2.216685801744461 0.1456243246793747 0.381946474313736 0.4887986034154892 0.5875253081321716 1.846796751022339 0 0 1.899632290005684 0.9875906705856323 0 0 0.5223866403102875 2.181854635477066 0.8526179492473602 0.1433068662881851 0.4597742259502411 0.2685930281877518 0 1.040487349033356 0 2.178661540150642 2.065396994352341 28.80774559080601 0.3106676638126373 1.03926494717598 0.2175280600786209 0.4277784302830696 0.5248320177197456 0.1800498068332672 0.4052899479866028 0.6106390431523323 2.571851119399071 40.79299841821194 10.18820574879646 0 0 1.573914408683777 6.568897664546967 4.378463089466095 8.861584201455116 2.054790124297142 8.833221793174744 0.6355259716510773 0 0 0.6043935120105743 0.3082493543624878 0.3381123542785645 0 1.084333568811417 0.5692372992634773 0.3159134685993195 0.7397467866539955 14.9659777879715 26.72884768247604 54.9445823431015 509.4352666437626 106.9638005942106 370.0381342917681 53.03958612680435 122.1861478611827 44.409478969872 4.386295445263386 115.949381776154 24.83268300443888 2.722519844770432 12.29096777737141 1.247975125908852 21.07753863930702 0.6676124334335327 0.08695691078901291 2.774446412920952 9.934295564889908 0.6394287943840027
1134.723355062306 1958.263754218817 21.61177690327168 0 196.1320260390639 235.8599105775356 1239.98534733057 0 11.60327608138323 2472.435428470373 1.040545135736465 728.2568390965462 2140.239709571004 30.16215063631535 0.3413974195718765 0 0 0 0 0 0 0 0 0 0 0 0 0.1866654902696609 0 0 29.05762213468552 1.568511143326759 0 0 0 0 1.123108565807343 0 0.2656399607658386 0 0 0 0 0 0 0 6.425793439149857 0.4368617832660675 0 0 0 0 0 0 0 1.008170984685421 21.88329277932644 24.7240272089839 6.30593928694725 2.377629309892654 0 0 0 0.7049611508846283 0.6648801043629646 0.2335141152143478 0.3935550302267075 0.1680990010499954 0 0.1609024256467819 1.390121817588806 0 0 25.61274072527885 9.944420665502548 4.157712191343307 0.2374982386827469 0 0 0.106359489262104 0.1105155646800995 0.2716212272644043 2.21597234159708 0 0.80577702075243 1.31780569255352 0.4717525616288185 0 0.4201207533478737 0 0.1199521645903587 0 0 0 0 33.66327753663063 0.237840011715889 0 0 71.04930599033833 0 0 0 0.1964845061302185 0 6.361877679824829 0 1.313061237335205 3.011603176593781 0.3229774832725525 0.1653728187084198 5.906949579715729 2.757407009601593 1.112947538495064 1.172837063670158 0 0 0 0 0 0 0 0 0 0 0 0 0 0 0 0 0 0 0 0 0 0 0 0 0.3275639712810516 0 0 0 0.1409192234277725 0 0 0 0 0 0 0 0 0 0 0 0 0 0 0 0 0 0 0 0 0 0 0 0 0 0 0 0 0 0 0 0 0.226422518491745 0 0 0 0 0.5981565117835999 0 0 0 0 0 0 0 0 0 0 0 0 0 0 0 0.4496540129184723 0 0 8.561287313699722 6.26963010430336 25.69216814637184 2.43080498278141 348.8547347038984 3.821756437420845 0.2679089307785034 1.332151457667351 0.1468301713466644 0.1250403225421906 0.2594486176967621 0 0 0 0 0 0 0
516.8317647874355 5569.49978081882 616.2851705104113 196.1320260390639 0 9.068078845739365 2104.260325968266 15.98000718653202 7641.218393445015 41.01813186705112 278.2484418824315 10.24412098526955 578.0706111341715 1531.214949458838 46.52656303346157 8.303235895931721 0.7268553301692009 0.1347228139638901 0.1441865265369415 0.5459886789321899 0.6111638098955154 0 0 0 0.2477254718542099 1.067996963858604 0.1411413997411728 0.5486174672842026 0.5665364265441895 0 605.1065683215857 85.17229901254177 37.56091421842575 0 0 0 97.8677965477109 1.128808781504631 12.68783690780401 3.658830985426903 0.6083762794733047 0.603649765253067 0.1062748208642006 0.858614906668663 0.4850742816925049 0.9385154396295547 117.1810392066836 9.292079381644726 0.6173886507749557 0.7269306108355522 1.011608153581619 0.8236615061759949 0 0.5053433924913406 0.4188719317317009 5.266589269042015 130.3232067078352 257.9445017948747 35.24711211770773 57.05184548348188 0.341153085231781 1.636715620756149 0.4622052907943726 74.69547405838966 9.666618563234806 6.147786401212215 7.914791233837605 3.253759205341339 1.605091907083988 0.4980206936597824 154.4672615006566 24.86173345148563 0 208.2343971654773 122.1387805715203 158.035701431334 10.34975770115852 1.787208914756775 0.8719199001789093 17.88393672555685 1.105994842946529 3.436380691826344 22.82798586785793 0.6761946901679039 9.884085647761822 16.33548653125763 7.161770805716515 0.4261066317558289 2.715163096785545 0 0.9524846225976944 0.1052769050002098 0.6933277547359467 0.272104412317276 3.526628740131855 175.6286001205444 9.200521424412727 0 8.817080155014992 68.85860054194927 1.062416426837444 1.284274831414223 18.5049321949482 7.595146387815475 9.707568824291229 143.598685875535 1.240848377346992 92.16151997447014 22.66865061223507 23.69003827869892 13.83003447949886 196.7375188618898 92.32422780990601 126.2504668533802 58.52374567091465 0.2601698040962219 0.7295583486557007 0 1.032156825065613 0.1931044310331345 0 0 0 0.2171630561351776 0 0 0 0 0 0 0.59757399559021 0.1672046184539795 0 0 2.259599223732948 1.11596891283989 0 0 0 18.20889569818974 1.746283650398254 27.90126098692417 10.98961316049099 0 0.1558128893375397 0 0 0.1638080924749374 0.5737637579441071 1.242035210132599 0 3.743956863880157 2.970662191510201 0.1636990308761597 0 0 0.2609452605247498 0.176746740937233 1.069072723388672 0.5272857397794724 0 0.7020292580127716 2.878882303833961 0.5681593418121338 0.9852806329727173 2.6915612667799 19.05967055261135 3.200626909732819 2.07555116713047 0.1859331429004669 0.4114601239562035 0.8851281702518463 0 0.5336247906088829 0 0.2045204937458038 57.95084010064602 2.873118013143539 0 0.1200500875711441 0.2361067980527878 12.12009166181087 5.104222849011421 6.400647819042206 6.139554589986801 13.09465445578098 2.548707962036133 0.9236021339893341 0.1742250472307205 0 0.23337172716856 0 0 0.4653314650058746 0.1399748474359512 0 0 24.04510456323624 28.4059139341116 37.98054455220699 502.7136775627732 126.0185167863965 477.0632469728589 49.0732851549983 303.7740591913462 51.56701842695475 6.875844314694405 95.29798733443022 32.91711650788784 1.516047470271587 27.23726303130388 2.321576133370399 47.85857734084129 0.7073898315429688 0.2581257596611977 4.871021345257759 0.7179308831691742 0
36.8610658198595 232.3856420367956 0 235.8599105775356 9.068078845739365 0 153.2088485658169 0.4693401455879211 4.520081892609596 684.1334980726242 3.152687102556229 410.5003261864185 270.3976966291666 35.13496382534504 0 0 0 0 0 0 0 0 0 0 0 0 0 0 0 0 6.793352842330933 0 4.05641396343708 0 0 0 20.10450141131878 0 1.706021428108215 0 0 0 0 0 0 0 0 0 0 0 0.1512783169746399 0.7739129364490509 0.7043854594230652 0 0 0.4291705787181854 23.69682903587818 18.93803808093071 10.16008833050728 0 0 0 0 0 0 0 0 0 0 0 158.9818045794964 86.70153936743736 2.562843054533005 9.248899444937706 1.914178997278214 0.2317711114883423 0 0 0 0.526227742433548 0 0 0 0.3091086447238922 0 0 0 4.941572099924088 1.980337336659431 6.687387362122536 0.1978593319654465 2.21790087223053 0 0.3764729201793671 0 553.7257477045059 184.0282071083784 16.37113037705421 14.64431002736092 365.3898064494133 0 0 0 0 0 0.1930199563503265 0 0.1646943390369415 0 0 0.4656109213829041 0.3496954888105392 0.2501971125602722 0.189240962266922 0 0 0 0 0 0 0 0 0 0 0 0 0 0 0 0 0 0 0 0 0 0 0 0 0 0 0 0.5264778733253479 0 0 0 0 0 0 0 0 0 0 0 0 0 0 0.192144364118576 0 0 0 0 0 0 0 0 0 0 0 0 0.5793198347091675 0 0 0 0 0 0 0.2156660705804825 1.571605324745178 0 0 0 0.2085727900266647 0 0 0 0 0 0 0 0 0 0 0 0 0 0 0 0 0 0.7423093914985657 2.114039175212383 0.1179633289575577 0.6641589999198914 0.1888494789600372 171.8302920162678 0.9646888971328735 0 0 0.2552941739559174 0 0.3374141752719879 0 0 0 0 0 0 0
1219.377350814641 4634.785724580288 235.9482852444053 1239.98534733057 2104.260325968266 153.2088485658169 0 5.825735844671726 1112.343332454562 2143.918517261744 43.49662432819605 159.8824895173311 10216.17969530821 1767.07133486867 27.15393473207951 4.240227185189724 0.4838583320379257 0.2598841264843941 0.670821487903595 0 0 0 0 0 0.139103963971138 0.5571399182081223 0.1333200484514236 1.052827037870884 0.1754560023546219 0.2501818537712097 408.3119571954012 59.00106217712164 28.16757686436176 0 0 0.1730205416679382 77.75882540643215 1.214464358985424 13.29452968388796 1.634310126304626 0.2976982891559601 0.2504964917898178 0.202389657497406 0.7572182416915894 0.263752169907093 0.6864746585488319 119.6948289200664 14.36416551470757 0.8934838175773621 0.3293685168027878 2.498253472149372 1.367632552981377 0 0.8031508326530457 1.888020418584347 12.04275546222925 222.3807400166988 358.3073620200157 66.01323270797729 82.04512173682451 0.331741064786911 2.173206105828285 1.034501731395721 53.65763619542122 15.50521548837423 12.37662470340729 14.6605159714818 6.085345253348351 0.8178746551275253 0.3796144723892212 121.6371026039124 22.74167367815971 0 326.4456990137696 177.3479317501187 180.1982898488641 9.266776956617832 1.924073688685894 0.7886827290058136 15.44573053717613 1.152196809649467 5.171146221458912 35.66965494304895 1.351141437888145 15.09339711070061 30.05413752049208 9.993083037436008 0.9304479286074638 3.848111838102341 0.2230023294687271 1.351875893771648 0.6385025307536125 0.3105248361825943 0.1578055769205093 1.973250240087509 351.0669769197702 7.433667719364166 0 7.381488054990768 143.8785630837083 1.717374354600906 3.18239039182663 30.84534776210785 13.48560985922813 7.271317288279533 192.0704781860113 2.226540148258209 86.34764315187931 44.70177946984768 25.06927505135536 14.39184367656708 211.8246828168631 106.6832703799009 134.0245686322451 49.898732021451 0.2126926481723785 0.2114917486906052 0 0.8609092235565186 0 0 0 0 0 0 0 0 0.7834595292806625 0 0 0.1684660017490387 0 0.1605969965457916 0 1.818206772208214 2.613640278577805 0 0 0 19.94298148155212 0.7516528069972992 25.72816777229309 10.0029135197401 0.8860814571380615 0 0 0 0 1.015947222709656 0.2062400281429291 0 3.031702473759651 6.066525265574455 0.5170773267745972 0 0 0.4449794143438339 0 0.576148621737957 1.190277993679047 0.4123981818556786 0.4025740623474121 3.403938949108124 0 0.5224055200815201 1.77732914686203 23.84294755756855 0.1596185117959976 2.262332707643509 0.940990686416626 0.2158800140023232 0.1248064413666725 0 0.2428059428930283 0 0 68.32869032025337 3.049997448921204 0 0 0.4563067853450775 20.64516831934452 3.163439720869064 7.325334057211876 4.187147155404091 11.15200163424015 1.976286813616753 0.6984756141901016 0.1759380251169205 0.366421565413475 0.5543132796883583 0 0 1.376024231314659 0 0 0.1746473163366318 29.18352542817593 27.67414079606533 44.68179248273373 370.5229997783899 162.6450367718935 589.7839019522071 43.2741941511631 1069.572207115591 62.05335274338722 8.314525365829468 57.3497623950243 27.236941203475 1.311626479029655 24.15467347204685 2.285594969987869 43.12922590970993 0 0.7013472020626068 2.995884343981743 5.235798999667168 0
9.917024999856949 116.01987837255 1683.354531429708 0 15.98000718653202 0.4693401455879211 5.825735844671726 0 615.1325694620609 0.1175118684768677 2809.029318280518 6.510799378156662 82.01083496212959 1218.738634556532 111.6160587072372 61.07311844080687 5.061942502856255 1.486607894301414 0.8267979472875595 1.322792202234268 11.90058639645576 1.753529846668243 0.1846763342618942 0 0.7444398105144501 0.9412244036793709 0 1.009278699755669 0.7776054441928864 0 862.5298364087939 1700.061119064689 85.36743691563606 1.78600949048996 0.3120987713336945 1.075486958026886 148.0737016648054 5.587860479950905 20.76572227478027 4.399366676807404 14.80471023917198 9.898832485079765 27.49802935123444 12.94632251560688 3.997248232364655 14.77486369013786 132.4899503290653 13.80854311585426 4.004577845335007 21.19262831658125 76.93499179184437 5.595429971814156 0 8.186841547489166 0.8735764175653458 3.500496059656143 81.46359588950872 252.7264140471816 23.03860287368298 46.94880791008472 11.62750305980444 24.43682515621185 0.8417410254478455 320.6411776989698 7.243475779891014 50.52515961974859 57.14986415952444 148.2386643961072 184.7922616750002 172.0478450208902 87.3187485486269 9.920025646686554 0.4204419106245041 127.196199439466 155.8194899111986 165.7232606261969 63.7432072982192 728.6160443201661 1137.110587179661 3038.605025410652 496.0502252280712 1564.77883066982 16.22109829634428 0.3079547807574272 9.154369369149208 11.44912994652987 126.7315936535597 0.2394358068704605 6.309669256210327 1.47493377327919 4.530217230319977 1.125992119312286 83.96496495604515 10.19103828817606 12.33836532384157 32.01891097426414 3.864731997251511 0 3.23201210796833 32.4107737839222 1.015944883227348 0 1.489948779344559 0.8355569243431091 2.161137208342552 17.48536665737629 0 8.976327270269394 1.960898667573929 1.659159943461418 2.254856169223785 16.42982053756714 9.529359757900238 12.41239000856876 13.19427415728569 0 0.3608111441135406 0.4383388161659241 0.126907005906105 0 0 0 0 0 0 0.5602012425661087 0 0.7920000925660133 0.4146183133125305 0.8547217398881912 0.2226491570472717 0.6489199250936508 0.1637625694274902 0 0.3659316897392273 0 0.2389132529497147 0.2670201063156128 0.8962963819503784 2.310444265604019 0.8930442035198212 13.53047135472298 9.69068655371666 4.313818663358688 0.5911124795675278 1.331859163939953 0.1823600381612778 0.2832211852073669 0.1894250214099884 0 0 0.5025593042373657 1.326286807656288 0 0 1.149142295122147 0.7999349012970924 1.294923521578312 0.4329071193933487 0 0.489293746650219 0 0.3591734766960144 0 0.284234881401062 0.9888181984424591 4.988539531826973 0 0.5237554758787155 0.1440515965223312 0 0.2959330156445503 1.136861242353916 0.3355206102132797 0.8895242065191269 3.40202821791172 8.80897231400013 1.789035931229591 0.1931262314319611 0 2.771466664969921 5.556962698698044 0.4549397677183151 3.586167335510254 1.866899743676186 2.809187300503254 0.307122066617012 0 0.6345783174037933 0.1832841783761978 0.2683737650513649 0 0 0.5533050671219826 1.341449916362762 0.2974549382925034 1.163457438349724 2.016971305012703 7.660213440656662 13.73376855254173 511.9432782828808 103.8039087876678 359.113988801837 55.73804719001055 85.27439543604851 33.8901983872056 3.544305950403214 109.5768869370222 14.18247709423304 0.817981943488121 6.333873614668846 0.3781829476356506 6.766299039125443 0 0.4527067467570305 0 4.673149242997169 0.2893724739551544
22.35075253248215 924.930270306766 1876.381104946136 11.60327608138323 7641.218393445015 4.520081892609596 1112.343332454562 615.1325694620609 0 14.8236648440361 3592.791916012764 45.04184649884701 2082.905160017312 2134.69615329057 48.9377289712429 13.12064696103334 0.4693486392498016 0.1634595990180969 0.1685211956501007 0 0 0 0 0 0.1407925337553024 0.5826107859611511 0.2690298706293106 0.7651384472846985 0.444704994559288 0.7467755973339081 193.3360802382231 36.80861449241638 29.88027881830931 0.2130879163742065 0 0 79.77036254107952 1.014055363833904 5.925882093608379 1.467898197472095 0.6215579211711884 0.973030224442482 0 0.7613462954759598 0 0.7523372396826744 71.05998112261295 3.07489812374115 0.4544855654239655 0.3686718046665192 1.483554050326347 0 0 0.5973068922758102 0.2651523575186729 2.396052539348602 36.89305401593447 70.89889474213123 10.58877388387918 32.33591294288635 0.3605365306138992 0.2898073196411133 0 43.84038995206356 4.41754449903965 3.563211522996426 3.840012200176716 2.376008719205856 1.362448319792747 0.7050632834434509 103.5114460289478 12.52307552099228 0 62.54265260696411 47.96649947762489 106.6332111954689 15.04580886662006 3.827007375657558 0.979896143078804 12.92934295535088 0.8525857776403427 2.388368055224419 7.471166923642159 0 3.727775014936924 7.308372057974339 3.69743449985981 0.3855038210749626 2.001337073743343 0.1551975756883621 0.5805992782115936 0.8109755367040634 0.131211519241333 0.2926608473062515 1.697177350521088 166.6950138360262 6.63816249370575 0 3.232113540172577 7.921455442905426 1.209900990128517 1.260194897651672 12.11411553621292 4.135395362973213 4.005727216601372 100.6828881204128 1.091623738408089 52.20723205804825 16.63421443104744 11.31336686015129 8.424925059080124 125.6032868623734 59.65626659989357 77.16920253634453 34.52873641252518 0.210981011390686 0 0 0 0 0.161100372672081 0 0 0 0 0 0 0.2135618478059769 0 0.2832065522670746 0 0 0 0 1.922147035598755 1.217979043722153 0 0 0 10.26408892869949 0.1798656433820724 12.2315693795681 5.0633714646101 0.1255917847156525 0.3728809431195259 0 0 0 0.9683285057544708 0.5524228811264038 0 1.235778704285622 1.244616031646729 0 0 0 0 0 0.2724825963377953 1.309143155813217 0 0 2.069242224097252 0.341217428445816 0.4996645748615265 0 17.23938155174255 0.5359151214361191 0.4238402992486954 0.2642428576946259 0.4855338633060455 0 0 0.116055928170681 0 0.248718723654747 35.89627420902252 1.590244352817535 0 0 0 9.968510851264 2.134340450167656 5.547255590558052 4.396429136395454 8.136771067976952 1.210187137126923 0 0 0.2573689520359039 0 0 0 0 0.2426047325134277 0 0 20.48538449406624 20.2451384216547 17.4265321791172 435.5615375414491 69.71815261989832 277.8046579957008 38.69983557611704 147.4363942071795 37.29428878426552 3.939166620373726 85.04554564505816 15.59496869891882 0.9670006632804871 13.10706505179405 0.9223480075597763 16.90477524697781 0 0 4.315425381064415 6.950392439961433 0.3346605002880096
1737.224013477564 1052.416012704372 2.700605869293213 2472.435428470373 41.01813186705112 684.1334980726242 2143.918517261744 0.1175118684768677 14.8236648440361 0 0.7208166122436523 3184.491715803742 7012.737837776542 174.1040540635586 0 0.2260168492794037 0.1369203925132751 0 0 0 0 0 0 0 0 0 0 0 0 0 8.631351470947266 0.3701008409261703 2.051580429077148 0 0 0 19.88337087631226 0 0 0 0 0 0 0 0 0 3.312512680888176 0.7464871853590012 0 0 0 0 0 0 0 0.590132087469101 30.06222629547119 39.9424986615777 13.32529463618994 1.851367518305779 0 0.1835165619850159 0 0.701305940747261 0.5229192450642586 0.3902822807431221 0.5184795334935188 0 0 0 47.59630234539509 0 0 22.10609605908394 6.972107879817486 3.650555498898029 0 0 0 0 0 0 2.033105336129665 0 1.016138397157192 0.2412155717611313 0.2174001336097717 0 0 0 0 0.4434141516685486 0 0 0 567.9037305265665 5.134920105338097 0 0.3445376753807068 442.6748345941305 0.1941387504339218 0 6.134208053350449 1.686623096466064 0.4636509418487549 40.24033154547215 0 19.04353275895119 9.75941701233387 5.635988429188728 1.998270854353905 47.97183188796043 26.59378387033939 21.51137199997902 2.208894312381744 0 0 0 0 0 0 0 0 0 0 0 0 0 0 0 0 0 0 0 0.388443648815155 0 0 0 0 0.1557635217905045 0 0.161304235458374 0 0 0 0 0 0 0 0 0 0 0 0 0 0 0 0 0.1241355314850807 0 0 0 0 0 0 0.7344659566879272 0.8906447887420654 0.3831482380628586 0.1067335084080696 0 0 0 0 0 0 0 6.287912860512733 0 0 0 0 1.188671797513962 0 0.1746911406517029 0 0.3607387840747833 0.1951827853918076 0 0 0 0 0 0 0.1234709918498993 0 0 0 8.03510794043541 0.2381134331226349 0.8670167624950409 8.451714068651199 1.339712977409363 25.81559865921736 2.052907831966877 1634.600570909679 1.334713101387024 0.3286071866750717 1.296881914138794 0.7422645390033722 0 0.5746318250894547 0 6.443997904658318 0 0 0 0 0
38.85983556509018 562.4611118137836 3082.171550802886 1.040545135736465 278.2484418824315 3.152687102556229 43.49662432819605 2809.029318280518 3592.791916012764 0.7208166122436523 0 46.3848008364439 799.4799136817455 6648.27964040637 174.7974631637335 77.03569750487804 3.071192488074303 0.5079104602336884 0.2365539073944092 1.229567602276802 1.793746501207352 0 0.167285829782486 0 0.5267317593097687 2.805176541209221 0.8844129294157028 1.482120975852013 2.552916020154953 0.6010226607322693 1107.358494155109 608.9071207493544 1210.033503085375 0.8243932127952576 0 2.606930390000343 1013.132798619568 17.5273430198431 97.04352811723948 33.9707962796092 4.35984855890274 5.1164291203022 1.425408482551575 5.933146387338638 0.5739334970712662 2.467942401766777 224.3250340297818 9.793480046093464 2.168229386210442 2.648983210325241 30.19622009992599 5.513188444077969 0 3.993880428373814 1.699603118002415 5.474575281143188 116.1033144593239 321.0418618693948 35.90008673071861 85.56213032454252 2.412708804011345 13.40753396600485 1.333471670746803 178.6049439609051 8.221132919192314 12.46123745292425 16.58825901895761 26.69246396422386 21.03600136190653 20.6747058108449 465.3127542436123 33.45138375461102 0 203.0087467208505 165.7951229214668 283.3021818771958 39.82677748799324 14.67478077858686 185.6741110086441 917.3007452562451 5.986600667238235 44.7040673494339 21.5992112159729 0.2003521397709846 8.723206326365471 14.3283025175333 15.48179188370705 0.1647716164588928 3.944455146789551 0.381329171359539 4.379219874739647 5.148369744420052 21.8084976002574 9.372845068573952 6.911434650421143 132.2464699298143 14.66790255904198 0 15.63653689622879 45.24343101680279 0.5491601079702377 1.209941402077675 6.412024900317192 4.019017159938812 3.436067469418049 54.0404981970787 0.1632371991872787 32.29315863549709 7.19424395263195 4.215887248516083 6.904242634773254 78.51668833196163 33.97196045517921 50.43954180181026 34.62272012233734 0.7280779778957367 0.2123612314462662 0 0.5370151326060295 0.1222642660140991 0 0 0 0.1631096601486206 0.5046153664588928 0.5401555746793747 0 0.4363967478275299 0 0.8922718465328217 0 1.044819295406342 0.2057169824838638 0 2.343997418880463 1.187435999512672 0 0.2471404075622559 0.1571412831544876 15.26281152665615 3.132428780198097 27.52762997150421 11.86808624863625 3.395426884293556 0.2627055943012238 0 0 0 1.049931704998016 0 0 1.478363066911697 4.053287699818611 0 0 0 1.972061008214951 0.3554273992776871 0.09575144946575165 1.215204000473022 0.8931714072823524 1.067606031894684 0.6973318457603455 0 0.1762876510620117 1.374096900224686 19.2441134005785 1.13618203997612 1.55608819425106 1.083155512809753 0.5034822076559067 0.4067143499851227 1.083364732563496 0.7134382277727127 0.2693726420402527 0.9435292631387711 48.31874325871468 7.743264138698578 0 0 0.1823072582483292 12.24108465015888 5.153453081846237 6.124744698405266 2.480904325842857 10.0144254565239 1.737444758415222 0 0.3299702554941177 0.5067289620637894 0.2448562830686569 0.1289788633584976 0 0.4151384010910988 0.6907300651073456 0.2688541114330292 0.5829233825206757 16.54082144796848 27.26721678674221 47.62185046076775 1186.126818560064 226.0484334379435 701.5282798036933 121.2332657501101 235.704706788063 95.34783650934696 10.88201107084751 275.9498532637954 24.59208829700947 1.758758768439293 18.28858857601881 2.878122434020042 14.48159345984459 0 0.2024720013141632 3.131633430719376 20.95797644555569 0.396069660782814
290.5897244811058 74.73719190061092 26.49248534440994 728.2568390965462 10.24412098526955 410.5003261864185 159.8824895173311 6.510799378156662 45.04184649884701 3184.491715803742 46.3848008364439 0 2286.569369718432 203.9078658074141 2.552474550902843 1.929917231202126 0 0 0 0 0 0 0 0 0.1241881847381592 0 0 0 0 0 11.89420710504055 0.2077859491109848 46.47494213283062 0 0 0 395.8174559623003 0 0.5436909794807434 0 0 0 0 0 0 0 4.65383805334568 0.4099055677652359 0 0 0.6129002422094345 0 0 0.1392225921154022 0.1315693706274033 0.1356704086065292 8.41284254193306 7.5080256909132 3.512176781892776 0.7762763500213623 0 0 0 1.042731732130051 0.1328652650117874 0.3551147356629372 0 0.270468957722187 0.1876560896635056 0 421.7684871405363 14.93414755165577 0 5.13813690841198 2.590225152671337 5.262828581035137 0.2874563783407211 0.5510683506727219 0 2.854608982801437 0 0 0.4378484487533569 0 0 0.2369107827544212 0.1256256699562073 0.1832738965749741 0 0.3374656438827515 0.3923920691013336 0.1483629941940308 0.1274706572294235 0 0.3815988749265671 3575.658288061619 54.93233188986778 0.2257968038320541 8.005802646279335 106.6962560862303 3.134660005569458 1.791137784719467 18.13261103630066 4.333968922495842 10.95597429573536 153.0437854379416 1.51236329972744 86.59973362088203 24.36782972514629 23.81840428709984 10.83503098785877 239.0702734068036 122.4927511364222 158.7714305520058 44.50382988154888 0.182903528213501 0.1843389719724655 0 0.1668168008327484 0 0 0 0 0 0.2663367092609406 0 0 0 0 0 0 0 0 0 3.328651681542397 2.115841895341873 0 0 0 11.18288826942444 0 8.969640225172043 1.614469707012177 0 0 0 0 0.352913424372673 0.1473812609910965 0 0 2.241360858082771 1.084075540304184 0 0 0 0 0 0.3337452113628387 1.16486918926239 0 0.4364088028669357 1.345653645694256 0.3740143477916718 0.2146178334951401 0 8.638441532850266 0.6548840254545212 0.3050267249345779 0.8622684553265572 0.108976848423481 0.1506299078464508 0 0 0.2291432619094849 0 50.04008175432682 1.040267497301102 0 0 0 11.54749369621277 0.9656050801277161 1.598731026053429 2.919893011450768 6.662875913083553 1.046336814761162 0 0.1682941764593124 0.5116904154419899 0 0 0 0.1152728572487831 0 0.1398194283246994 0 56.53417578339577 18.50361356139183 13.15352189540863 94.16594035923481 6.943942658603191 22.22608135640621 3.613362364470959 846.3546382337809 4.847622781991959 0.5641145557165146 11.71684288233519 11.45201739668846 0.9254545569419861 12.06804697215557 0.668343260884285 24.10995022952557 0 0 1.050555303692818 1.371087253093719 0
593.5224918723106 1490.248424403369 208.2159575074911 2140.239709571004 578.0706111341715 270.3976966291666 10216.17969530821 82.01083496212959 2082.905160017312 7012.737837776542 799.4799136817455 2286.569369718432 0 4562.03597292304 87.00950859487057 26.34059512615204 2.003705769777298 0.4768628180027008 0 0.6318018138408661 0.8612770289182663 0 0 0.6284579038619995 0.6843292266130447 2.004370763897896 0.2312936037778854 2.001379147171974 1.916102275252342 0 88.02593994140625 24.90369487553835 206.3285997211933 0 0.1387000232934952 0 348.1358731240034 0.6588904857635498 13.15165075659752 1.881552711129189 1.341574609279633 1.627902746200562 0.3927854001522064 3.272981211543083 0.1592496335506439 0.392220601439476 115.008367612958 3.680963613092899 1.044331058859825 0.5712447166442871 3.736250817775726 1.021772503852844 0 1.463741786777973 0.2319214940071106 2.800946868956089 50.88791128993034 73.34827345609665 19.20530095696449 40.01037780940533 0.3832175806164742 0 0 32.54221969842911 3.918619111180305 2.946894831955433 5.067275501787663 3.94225512444973 2.003493443131447 1.464145421981812 738.0330410897732 34.61364510655403 0.1433630138635635 84.45315709710121 45.55753739178181 124.2485560849309 18.90014964342117 3.729943111538887 1.13149605691433 19.58041394501925 1.667871251702309 2.477972492575645 9.252406023442745 0.2583879455924034 6.14526129513979 7.292074233293533 5.499349825084209 0.2102276533842087 2.0123121291399 0.5251316875219345 0.7845791503787041 0.6616177186369896 1.084321416914463 0.4994655251502991 3.523011572659016 4492.605233445764 35.76553703844547 0 11.95115070044994 108.6031371802092 6.1881954818964 4.283475369215012 64.76584431529045 28.60089732706547 29.50434735417366 543.8545648902655 5.375363022089005 300.9185685887933 90.7247691899538 73.67471739649773 39.29417258501053 735.6276811435819 390.5751077532768 462.9188444763422 155.6949307024479 0.553634837269783 0 0 0.2333309501409531 0 0 0.1400438249111176 0 0 0 0 0 0.182485893368721 0 0 0 0.2172515839338303 0.1313977241516113 0 8.09448816627264 5.193416342139244 0 0 0 31.50850136578083 1.73980687558651 41.88525493443012 14.14508375525475 1.413483858108521 0.3840322494506836 0.1333270967006683 0 0.3289283215999603 0.5142634063959122 1.17389540374279 0 7.423564821481705 7.881279766559601 0.1231057271361351 0 0 0.2372928708791733 0.1606409698724747 0.4730548858642578 3.850109040737152 0 2.520686432719231 8.110215678811073 0 1.276627868413925 0.3421249985694885 32.77908562123775 2.202384576201439 3.741493232548237 2.31532646715641 0.4976437836885452 0.2978013381361961 0.7116191685199738 0.2589301764965057 0.496526837348938 0.5321508646011353 172.8259769231081 3.940028846263885 0 0 0 33.793601334095 4.173440784215927 7.644556969404221 9.070666834712029 20.50145528465509 4.363153472542763 1.208907052874565 0.5307682752609253 0.8866233304142952 0 0 0 0.1076642572879791 0.155873104929924 0 0.3409388810396194 162.8983449041843 59.31675577163696 63.5691821873188 936.8861854076385 150.4957273006439 418.7486671805382 77.14548920840025 1080.180047750473 58.58795343339443 6.75217492133379 224.6894376352429 49.25757480412722 2.514574870467186 45.98663787543774 6.102666765451431 91.92494216561317 1.264465570449829 0 4.991236984729767 13.0057063549757 1.143404304981232
37.17866159975529 591.1652539297938 1137.95569293201 30.16215063631535 1531.214949458838 35.13496382534504 1767.07133486867 1218.738634556532 2134.69615329057 174.1040540635586 6648.27964040637 203.9078658074141 4562.03597292304 0 135.212374933064 49.58152930438519 2.131730899214745 0.5962206572294235 0 1.857658222317696 1.29229399561882 0.1731933504343033 0 0 0.6763501316308975 2.345259159803391 1.152782037854195 3.824479877948761 3.369469925761223 0.7356581836938858 292.3944888859987 60.19613854587078 1264.174251712859 0.2322269529104233 0 0 2421.123861961067 16.92234867811203 110.2114215791225 35.4686877951026 2.068676687777042 2.89127916097641 0.313344344496727 4.223561465740204 0.1647492349147797 1.463981375098228 172.7578661516309 3.407519280910492 0 0.5075206011533737 5.420029290020466 2.060240551829338 0.6994992420077324 2.128891952335835 1.482102371752262 4.43883603066206 47.56815642118454 101.6875866800547 18.61971414834261 49.97149899601936 2.265577733516693 12.16726253926754 0.5465108454227448 67.71568867564201 4.127183191478252 4.81845685094595 6.040134645998478 6.776432313024998 4.208116114139557 3.353033199906349 1030.641545847058 48.02398040890694 0 98.88944788277149 78.66789446771145 194.2907763570547 29.73846758157015 7.845178931951523 1.171879515051842 104.9256533235312 2.800423055887222 4.215617127716541 10.69567761570215 0 6.704758606851101 8.129647508263588 6.817157208919525 0.6116758584976196 2.18584343791008 0.2809761613607407 2.420558072626591 2.623174965381622 3.690676890313625 1.090313524007797 6.73338158428669 1119.197126403451 20.28765875101089 0 19.95071659982204 19.4200382232666 1.701810777187347 0.5362823307514191 33.16612628102303 13.39596220850945 11.05456382036209 217.5576891005039 3.000902429223061 115.9939186424017 38.08324781060219 35.59031742811203 19.40711125731468 304.4792202562094 156.2039375007153 188.4658315181732 69.1886298507452 1.026786908507347 0.7028898596763611 0 0.4128365218639374 0 0 0.3517498672008514 0 0.3550381064414978 0.4567580074071884 0.126322329044342 0 0.4617923051118851 0.923567920923233 0.7801708355545998 0 0.8641503527760506 1.431039705872536 0.2493821531534195 3.649632722139359 2.782923772931099 0 0 0.2161890119314194 23.63574229180813 2.724919497966766 27.93228978663683 17.3419586867094 3.016458109021187 0 0.240194097161293 0.5111993998289108 0.4880256652832031 1.466270178556442 0.8928339779376984 0.1637020260095596 4.325044468045235 6.072100624442101 0.1346459984779358 0 0 0.4809727370738983 0.1455523073673248 0.3834447637200356 2.035577446222305 0.1321526765823364 0.4693373441696167 3.047052428126335 0.2255295366048813 0.2962921857833862 0.7906818985939026 25.12133042514324 1.268768727779388 2.87390898168087 0.5846227705478668 0.2900064736604691 0.2380527183413506 0.2577780783176422 0.5686390027403831 0 0.403233140707016 99.05408504605293 6.297216176986694 0 0 0.5650402829051018 20.93865673243999 4.689801186323166 5.520726084709167 7.727374516427517 12.37786326557398 6.124631896615028 1.342262417078018 0.3912906646728516 0.5039404332637787 0 0 0 0.1045602411031723 0.4681769534945488 0.297566294670105 0 67.05093728005886 40.92999389767647 50.37134034186602 1483.164330326021 199.3742941617966 562.2311909347773 95.62866015732288 292.5233098194003 78.80628623068333 8.892459832131863 295.0765029489994 39.2709926366806 2.324208959937096 31.54210475832224 3.155528239905834 37.81456813216209 1.281462848186493 0.10994803160429 4.487385213375092 20.43291583657265 0.5629021972417831
