0 3560.251100204885 564.3913887739182 2702.793020367622 222.0696147084236 465.1458150595427 1199.137697190046 139.9510438144207 20.81360839307308 2416.789349064231 55.5542743653059 130.784064412117 434.3576147705317 45.78097284585238 10.67957233637571 3.363996177911758 0.1149196550250053 0.1951461285352707 0 0.2108461260795593 0.1335747092962265 0.4082773476839066 0 0 1.530062898993492 0.1727813184261322 0.5991366803646088 0 0 0 617.3148706555367 15.27039071917534 13.40196469426155 0 0 1.056427016854286 11.83477426320314 1.668786585330963 0.8454180806875229 5.881128072738647 0.5861222147941589 1.706171959638596 0.1442749053239822 2.259476996958256 0 0.1420391947031021 17.32270839810371 8.596604101359844 0 0 5.342550173401833 1.527445361018181 0.16252401471138 0.8073714375495911 18.64008336514235 25.78637974709272 352.4652054831386 1947.844627857208 84.37980509549379 40.47347538173199 0.1812841445207596 0.2924127578735352 0 82.44898225367069 10.63915054500103 7.625501163303852 7.59728966653347 5.827500872313976 1.412215210497379 2.077078595757484 22.1400760114193 1.872644424438477 0 571.6125897914171 233.2897122502327 21.84376155585051 17.43640244752169 5.199297204613686 46.934017367661 218.8571441173553 1.785442039370537 47.35951367020607 26.72454003244638 0.6813904494047165 7.395868092775345 14.33953993022442 7.709621459245682 0.2457961440086365 1.711046531796455 0 0.6321310624480247 1.546504095196724 4.603986851871014 1.546685472130775 1.494031623005867 75.65239346027374 1.50028945505619 0 0 1505.915690928698 0 0 0.4002044200897217 0 0 61.23320659995079 0 0.6535962820053101 209.3274001032114 3.599676892161369 0 4.445826083421707 5.527889356017113 12.45769456028938 2.377262100577354 0 0 0 0 0 0 0 0 0.1390100568532944 0.1843013912439346 0 0 0 0.1863049119710922 0.2587064951658249 0 0.4217760115861893 0 0 0.4081883430480957 0 0 0 0 2.455541744828224 0 0.9511660188436508 1.139977425336838 1.174076981842518 0 0 0 0 0 0 0 0.3876121938228607 0 0 0 0 0.1521921008825302 0 0 0 0 0 0 0 0 0 1.37268403172493 0 0 0 0.2267778515815735 0 0 0 0 0 4.528817281126976 0 0 0.1989760249853134 0 0.229279100894928 0 0 2.104229882359505 0.7544088363647461 0 0 0 0 0.2040538489818573 0 0 0 0 0 0 3.545596167445183 0.1429680436849594 0.6280460506677628 158.5077661052346 34.4586515724659 278.5696103125811 166.7667317390442 824.4260672479868 32.29018320888281 11.20867528021336 25.12222439795732 0.5644192695617676 0.235260047018528 3.190599367022514 4.646395675837994 1.275901913642883 0 0 0.3458394408226013 0.3076736032962799 0.1726112514734268
3560.251100204885 0 1428.552117481828 542.6698424071074 4807.118106178939 542.7648361474276 6138.473422691226 913.0449275225401 1475.461513623595 456.3319483324885 777.7689615190029 24.33969466388226 1237.579989537597 1467.432201310992 73.71967899054289 11.34576045721769 0.5249074026942253 1.204048708081245 0 1.609582059085369 4.849133215844631 1.19571216404438 0.583394430577755 0 8.75915514677763 1.13111823797226 2.532995902001858 0.9622994288802147 0.955841451883316 0.136490672826767 2367.639315165579 114.6476227268577 55.91948468983173 0.6746512353420258 0.3204558342695236 7.865537971258163 41.34677565842867 5.293437175452709 3.481223873794079 15.97430149465799 4.059530176222324 4.162699833512306 0.6348665505647659 9.711405716836452 0.1525251567363739 1.772294744849205 136.5231564193964 23.11030020564795 2.115943521261215 1.5520294085145 25.68656530976295 3.340237110853195 0.5841907113790512 6.400794394314289 34.68582876771688 78.58405631780624 224.8350308686495 1071.655610173941 78.60551194101572 104.3491818904877 2.027529209852219 5.463649392127991 0 219.2150413691998 26.84847279638052 24.8231265693903 31.44137905538082 21.69474060833454 6.516142480075359 13.31169268488884 33.65928953886032 11.02136886119843 0 635.2435243353248 287.8932525292039 157.6634071096778 145.4009731635451 26.5764150172472 313.6331269592047 942.6511349976063 6.481219410896301 261.0896475091577 51.61081710457802 2.417755171656609 21.98948277533054 48.93261911720037 24.21493877470493 0.1147923469543457 4.427680499851704 0.2234672009944916 3.707614094018936 2.644114285707474 26.5547199845314 6.789645180106163 5.613591834902763 192.8292242735624 4.481009244918823 0 0 1267.877753779292 1.222850695252419 5.634323358535767 22.33577299118042 11.4664421826601 4.229353398084641 313.4948112666607 10.5964439958334 78.4187309294939 81.05933804810047 61.11901335418224 1.470655649900436 166.7834932208061 119.8531717211008 222.2993144392967 11.31582008302212 1.129599958658218 1.706664443016052 0 0 0.1219535246491432 0 0.1335089653730392 0.1744883507490158 0.1449138820171356 0 0.1401236802339554 0.2514903023838997 0 0.157318577170372 0.7463515996932983 0.1754417419433594 1.34948793053627 1.20215180516243 0.4236343130469322 3.557447910308838 0.9419570565223694 0 0.1681322157382965 0 74.66426542401314 1.57263445854187 27.21825505048037 5.980879552662373 1.156302474439144 0 0 0 0 1.158405125141144 0.5518418997526169 0 1.17278864979744 4.036927729845047 0 1.292939051985741 0.1505389660596848 1.42475825548172 0 0.2756489887833595 1.825572982430458 0.4477606415748596 4.068473100662231 3.890415966510773 0.9546566009521484 1.40653383731842 0 28.50331529974937 0.4411333575844765 1.956859052181244 1.684788018465042 0.2058984786272049 0.3155665397644043 0.2662032693624496 0 0 1.081167750060558 148.7324873656034 0.9616879671812057 0 0 1.014381393790245 2.418406337499619 5.503528386354446 2.257627487182617 4.33751705288887 5.064822882413864 5.855591595172882 0.3264992535114288 1.925813496112823 0.5428776741027832 2.468244075775146 0 0 0.1997370421886444 0.1359401345252991 0 0.253033772110939 19.16066502034664 2.459204822778702 16.89250525832176 466.752299502492 98.82321447134018 1314.158020481467 425.5313956812024 1061.280375562608 186.6202633157372 33.76827508956194 190.263600975275 32.118029974401 1.821970269083977 34.38710513710976 16.15676774084568 23.78106158971786 4.616138815879822 2.477833732962608 5.084640026092529 9.157182946801186 0.1697372645139694
564.3913887739182 1428.552117481828 0 29.55851393938065 589.7286065220833 36.94473806023598 90.24827292561531 3853.714673787355 452.4929769411683 5.977898351848125 1039.674314856529 6.841119542717934 364.6979851275682 531.4943020567298 93.70656552165747 23.47324630618095 1.988975964486599 3.764819368720055 0.1124257668852806 2.131765305995941 12.74227394163609 3.118856340646744 1.613072298467159 0.1431298702955246 21.5096637159586 6.269579872488976 4.022961318492889 2.129613764584064 1.421824529767036 0.2699040174484253 4720.083262562752 2085.464375600219 95.81758092343807 0.9552266970276833 2.080483540892601 18.92229545861483 71.9073743969202 20.69433266669512 5.701307572424412 47.68731077760458 15.08496361225843 11.32818280905485 4.060213670134544 18.81393866240978 0.8590085506439209 2.500394277274609 124.6145251616836 10.16163609921932 1.706348612904549 7.506153084337711 72.51554893702269 8.50273584574461 0.4632369801402092 5.349246576428413 7.656095415353775 18.26403682678938 72.45318125188351 913.2186865285039 18.45570082962513 40.45845171809196 16.84093664586544 8.205029293894768 0.8122417032718658 451.2740023210645 8.145166896283627 17.44891192764044 63.65762827545404 43.86965710669756 29.00778026878834 79.40366427600384 15.32677371054888 4.144487753510475 0 179.9355634450912 106.4786032885313 92.83107092231512 138.9811144322157 151.8763545975089 1331.247824884951 3543.146847307682 41.19782868772745 1156.340904019773 14.00691273063421 0.4991218149662018 7.839291214942932 22.2464604973793 17.0572335422039 0.1862915083765984 7.339575491845608 0.5771981626749039 5.910935282707214 3.05029171705246 104.0892937704921 13.6306082457304 14.63527562469244 47.92479035258293 0 0 0.539400041103363 241.6859689876437 1.539515137672424 0.1303364783525467 4.658042311668396 1.293709546327591 1.086421489715576 29.83227922022343 2.661473765969276 13.95807826519012 7.148583173751831 16.32584607601166 0.8411616683006287 28.62070329487324 27.8104046434164 54.49443128705025 0.6638028621673584 0.3341938555240631 0.5776723921298981 0 0 0 0 0.1732076704502106 0 0.1290785521268845 0.5406393557786942 1.269877210259438 0.7180848568677902 0.122163787484169 0.3640234172344208 0.875888392329216 0.8775122538208961 2.085570015013218 3.419637508690357 0.2883636504411697 0.1892884075641632 0 0 0.2618400231003761 0.1310171186923981 15.07236808538437 0.186752513051033 2.647404111921787 4.250760100781918 3.223667405545712 0.596080482006073 0.2909729480743408 0.73468317091465 0 0 0 0 0.5649377107620239 1.210221260786057 0 0 1.554232314229012 2.441677525639534 0.3364062011241913 0 0 0 0.4031292498111725 0 0 0 0 4.738738119602203 0 0 0 0.4212043285369873 0.2012104839086533 0.4448356926441193 0.5367545783519745 0.4527862817049026 2.274842411279678 28.64864446222782 0.3804681003093719 0 0.1702690422534943 2.605833895504475 0 0.2947335839271545 0 0 0 1.665178284049034 0 0.4749866724014282 1.010776907205582 0 0 0 0.7234558835625648 0.8615600913763046 0.3480477631092072 0.5094919800758362 9.182166948914528 3.269800782203674 3.759179651737213 228.9921653792262 48.5685823187232 416.6040368229151 124.7832975313067 62.78741516172886 58.77326741814613 7.526358067989349 102.5807147920132 8.421847335994244 1.513803593814373 9.170955255627632 5.634078115224838 3.245224200189114 0.140627533197403 0.4592928886413574 1.720584318041801 6.424803145229816 0
2702.793020367622 542.6698424071074 29.55851393938065 0 112.3223077505827 592.5862185359001 1334.716512963176 0.8377551138401031 44.95594321191311 2449.031007811427 7.926625847816467 419.1577089428902 1878.730822771788 76.38136020302773 2.125741466879845 0 0 0 0 0 0 0 0 0 0 0 0 0 0 0 58.40087141096592 5.213529087603092 0 0 0 0 0.3542027771472931 0.1212214976549149 0 0.1006335616111755 0.2151613533496857 0 0 0 0 0 8.109844207763672 3.569894216954708 0.1209188923239708 0.2302740067243576 0.5531933307647705 0 0 0 9.600356377661228 13.81103530526161 48.92254029214382 168.6251687854528 16.71825879067183 16.85190024226904 0 0 0 23.70864981412888 4.06122013181448 4.015550322830677 1.765288412570953 1.91764634847641 0.3085219264030457 0.142512172460556 24.94784164428711 0 0 134.7275054082274 46.09590269625187 11.77342490851879 3.47259484231472 0.517767958343029 0.1174487397074699 2.302863210439682 0.1396840810775757 0.1784491389989853 15.29752935469151 0.4593738541007042 3.94109383225441 6.433956079185009 3.002659790217876 0 0.1717447489500046 0 0.1509098261594772 0.1939070820808411 0.126575767993927 0 0 126.4683197289705 0 0 0 156.1311152875423 0 0.9152835756540298 2.334720328450203 2.399013236165047 0 58.48478345572948 1.639730274677277 2.61836501955986 68.68951980769634 10.43408320844173 0 10.52438229322433 6.468226283788681 10.15519359707832 0 0 0 0 0 0 0 0 0 0 0 0 0 0 0 0 0 0.4319299161434174 0 0 0 0 0 0 0 0 0 0 0.2601886391639709 0 0 0 0 0 0 0 0 0 0 0 0 0 0 0 0 0 0 0 0 0.22897008061409 0 0 0 0 0 0 0 0 0 0 0 0 1.923490554094315 0 0 0 0 0 0.5134739279747009 0 0.5716558694839478 0 0.3381753861904144 1.87690281867981 0 0 0 0 0 0 0 0 0 1.601291418075562 0 0.4361887276172638 41.46312175691128 15.22118879109621 162.4574619978666 61.11553393304348 223.9626926779747 15.7449648976326 5.515353456139565 5.295560538768768 0.4443628340959549 0 1.053325369954109 2.174991570413113 8.854694277048111 0.1833472549915314 0 0.131758451461792 0 0
222.0696147084236 4807.118106178939 589.7286065220833 112.3223077505827 0 12.16393619775772 1677.812794521451 701.8785502761602 6493.891785904765 130.6159921437502 3307.062213540077 12.44151231646538 574.085899963975 2159.919106602669 22.6895714700222 1.155868597328663 0.5931704938411713 0.4174490571022034 0 0 0.2526631355285645 0 0 0 0 0.4956479072570801 0 0.1469537764787674 0 0 262.2627717852592 44.87619432806969 15.90948539972305 0.2303910106420517 0 0 3.846029624342918 0.3845410943031311 0.1939012557268143 0.6361093893647194 0 0.1595663875341415 0.4604124873876572 1.051566779613495 0 0.9272786527872086 63.50303317606449 9.84949879348278 0.6753877997398376 0.3067667633295059 1.051447287201881 0.1328335404396057 0.1591278612613678 0.2606388926506042 8.567669846117496 24.52297030389309 36.58103474229574 142.1607772633433 20.09752310812473 45.13682566583157 1.809417545795441 2.891215145587921 0 103.3928278386593 11.1405239328742 9.631481379270554 3.991680756211281 4.603938855230808 0.968782551586628 0.3888538330793381 14.50835093855858 3.635848045349121 0 156.6936130300164 101.873686991632 94.27688345313072 87.76314461231232 5.599025301635265 3.957348272204399 61.05785129964352 0.5083934366703033 8.958265468478203 16.31446719169617 1.121884405612946 9.237125478684902 16.39139320701361 7.540675938129425 0 1.27484205365181 0 1.486883342266083 0.7691719308495522 1.182099185883999 0.4815455824136734 0.6324076801538467 70.52998042106628 0 0 0.1741875559091568 30.67299358546734 0.1462601125240326 4.389671683311462 15.79487121105194 6.365156412124634 3.612852185964584 129.4723382294178 8.267840623855591 49.28690281510353 43.67910212278366 62.86823639273643 0.9214382171630859 140.2301411926746 89.4336057305336 213.3110609799623 10.55833527445793 0 0 0.3739780783653259 0 0 0 0 0 0 0 0 0 0 0.1628429740667343 0.2746854722499847 0 0.1629352420568466 0 0 0.3608508557081223 0 0 0 0 55.17412112653255 0 17.12969736754894 2.693299531936646 0.1906840205192566 0 0 0 0.3457777202129364 0 0 0 5.660170122981071 6.579921558499336 0.2693662345409393 0 0.1566163450479507 0.4693439602851868 0 0.1500082314014435 0 0.1867832690477371 3.475510895252228 0.2917679250240326 0.340567946434021 0.1685037314891815 0.4999484568834305 27.62321856617928 0.3657609224319458 0.8219832181930542 0.7213747203350067 0.7059158682823181 0 0 0 0 0 153.5368719249964 2.474931657314301 0 0 0.1563980281352997 12.26795665919781 1.925067752599716 2.196224689483643 4.942235797643661 0 5.194983959197998 0.313213974237442 2.137717887759209 0 0 0 0 0 0 0 0 18.20442754030228 5.767271161079407 9.404919505119324 167.1447426304221 43.66496436297894 495.640428416431 161.0953355580568 33.24866062402725 93.77481134980917 13.76565559953451 102.4766513332725 34.06948144733906 0.5488833636045456 22.39211869984865 10.57152876257896 25.43173287808895 0.9072202891111374 1.072598144412041 5.18166820704937 4.804469957947731 0.1688060909509659
465.1458150595427 542.7648361474276 36.94473806023598 592.5862185359001 12.16393619775772 0 469.5318586677313 11.2051952034235 12.03668025135994 1448.193575173616 15.56385754048824 202.5267056524754 488.8589100539684 26.58834530413151 1.310478113591671 0.5151262581348419 0 0 0 0 0 0.1752529740333557 0 0 0 0 0 0 0 0 55.69835020601749 0 28.82361927628517 0.1519624888896942 0 0 52.78319947421551 0.7940163910388947 2.483164399862289 0 0 0 0 0.5003827959299088 0 0 1.518487796187401 0.431982234120369 0 0 0.4118479788303375 2.781877294182777 0 0.1862155646085739 0 0.2997864782810211 160.4961121380329 267.8586560040712 20.62178179621696 0.5920383483171463 0 14.90289296209812 0 1.550297006964684 0 0 0.4788963794708252 0 0 0 463.6472367942333 30.06656035780907 1.104911848902702 15.12727400660515 5.334554821252823 1.205705009400845 0.8865204751491547 0.8716900497674942 1.856820657849312 39.09351748228073 0.4208077490329742 17.47179508209229 0.5768090784549713 3.454384744167328 0.2804230451583862 0.4290331974625587 0 4.981521368026733 1.541516989469528 3.902132526040077 0 2.179856419563293 0.315078005194664 0 0.2136147618293762 834.2869479060173 38.72195245325565 7.419556334614754 3.736683815717697 810.1063936054707 0 0 0 0.1762024462223053 0 15.73201051354408 0 0 49.01948016881943 0.1922183036804199 0 1.612175658345222 1.580367773771286 1.330781802535057 0.5092334151268005 0 0 0 0 0 0 0 0 0 0 0 0 0 0 0 0 0 0.138490229845047 0.2783931493759155 0 0 0 0 0 0.1899093091487885 0 0.355582594871521 0 0 0 0 0 0 0 0 0 0 0 0 0 0 0 0 0 0 0 0 0 0 0 0 0 0 0 0 0 0 0 0 0 0 0.5286446660757065 0 0 0 0 0 0 0 0 0 0 0 0 0 0 0 0 0.2550098896026611 0 0 0 0 0 0.2005369067192078 2.807997912168503 0.1566468328237534 5.736382737755775 4.496947601437569 602.0020456910133 3.103202655911446 0.8509920537471771 0.5706134736537933 0 0.260429859161377 0 0.255673311650753 0.3640505075454712 0 0 0 0 0
1199.137697190046 6138.473422691226 90.24827292561531 1334.716512963176 1677.812794521451 469.5318586677313 0 30.72729384899139 1079.551966823637 2273.501577116549 384.42534866184 38.16369988024235 7598.196774840355 2107.251179873943 33.33171508461237 0.4908026903867722 0 0.4387214258313179 0 0 0.4826875478029251 0 0 0 0 0.7156340181827545 0 0.5705702155828476 0.1550727337598801 0 236.722992643714 36.97875286638737 12.79007470607758 0 0 0 9.00893098115921 0.3201594948768616 3.053972095251083 0.8181278109550476 0 0.9841901361942291 0 1.098125904798508 0.1977856159210205 0.4466453045606613 91.20384745299816 19.6434280872345 0.2294125854969025 0.7015777975320816 0.1930857002735138 0 0 0.7620494067668915 17.25532682985067 50.463449254632 77.52872608602047 263.6500815823674 33.19148078560829 67.98214965313673 0.6459601819515228 2.259284377098083 0 122.7624995261431 18.22601936012506 12.7087170034647 5.880281910300255 6.530261881649494 2.409811303019524 0.7964933961629868 37.68621203303337 6.339601427316666 0 276.3976447880268 156.0152482539415 109.5473084747791 88.11029810458422 9.915466487407684 2.570263281464577 19.55437012761831 1.852310284972191 5.87518648058176 28.08002673089504 2.085034430027008 13.80967558175325 28.85856805741787 12.19103636592627 0.3575823083519936 1.843198001384735 0 1.692449070513248 1.756649076938629 2.037065848708153 0.3784137517213821 0.7834142595529556 403.4015807956457 1.285130143165588 0 0.5452893972396851 162.4421492889524 2.748860403895378 16.32657082378864 38.5204231441021 27.05106945335865 4.804175719618797 222.6306652575731 26.93592603504658 86.97440196573734 190.2263605445623 151.1962015926838 2.224362462759018 314.9710698574781 226.8821026235819 335.6102449595928 14.2886381149292 0.8651266098022461 0.6780715957283974 0 0.1684543639421463 0 0 0 0 0 0 0 0 0 0 0 0.1754451990127563 0 0 0 1.110479146242142 0.5025988221168518 0 0 0 77.69363828003407 3.877138495445251 40.1495158597827 4.222286432981491 0 0.3137045204639435 0 0 0.1518698781728745 1.11197555065155 0.4666303694248199 0 3.568774729967117 3.831871449947357 0.4449134692549706 1.045315280556679 0 0 0 0.4660050123929977 0 0.7541870921850204 1.734465584158897 5.527338206768036 1.848981246352196 0 0 34.57875901460648 1.837295964360237 1.110173314809799 0.5058355107903481 0.9558502286672592 0.447928249835968 0.1026955246925354 0.1219716146588326 0 0.6151129454374313 238.6732330173254 5.671734184026718 0 0 0.2410127520561218 6.195350393652916 3.888710901141167 4.602710783481598 3.330252423882484 12.07167436182499 12.76847145706415 2.183149412274361 4.646005667746067 0.9416356533765793 0.2735846340656281 0.6281608939170837 0 0 0.255722388625145 0 0 45.05698430538177 6.272260695695877 17.17837880551815 205.473802767694 64.02512071281672 698.9301251620054 221.4607205912471 304.9768409579992 134.7863311618567 20.75579900294542 132.1404564157128 28.04537610709667 3.118339456617832 48.72974450141191 14.74889550358057 62.76575983315706 0.6717123240232468 2.091214165091515 2.271476872265339 7.046604797244072 0.58287213742733
139.9510438144207 913.0449275225401 3853.714673787355 0.8377551138401031 701.8785502761602 11.2051952034235 30.72729384899139 0 1143.795240223408 3.285294860601425 1951.590300738811 7.667271286249161 458.8177212625742 809.1619495004416 53.6127327606082 18.81882757693529 1.661497965455055 2.513896599411964 0 1.358043044805527 28.4908913820982 0.4287529736757278 4.167065903544426 1.058385699987411 8.312020227313042 4.590527817606926 1.22263602912426 0.4163827002048492 0.5313375741243362 0 1150.602858237922 393.1369682103395 60.30455411970615 2.977345243096352 4.34065705537796 9.678286746144295 40.2067623436451 5.55174395442009 3.003772586584091 14.23725827038288 23.3397152274847 12.43824455142021 5.461602047085762 11.61051286756992 0.1868344098329544 0.972808450460434 71.65554189682007 5.637021601200104 2.048622131347656 11.25646805763245 42.9650751054287 4.779741883277893 0 6.997948691248894 3.983734957873821 8.334578461945057 19.50608924776316 142.7393171414733 7.918754935264587 26.34009885787964 20.98485866189003 8.978620707988739 1.483119040727615 51.48673339188099 4.516115054488182 11.9609869197011 50.91603597998619 39.76778879016638 32.83748327940702 140.5539532750845 17.72568283230066 6.572630748152733 0 68.50499728322029 50.36064486205578 61.8582322075963 93.1073352098465 33.52006888389587 652.9557693451643 2258.443836420774 135.9922943115234 2208.313780218363 5.359459318220615 0.2894774824380875 4.331254661083221 14.07673992216587 8.548404313623905 0.3318433463573456 4.391408003866673 0.1357164680957794 2.335819095373154 2.771523222327232 163.183497980237 6.865717425942421 17.05959411710501 80.07692475616932 0 0.2832544445991516 0 81.10146591067314 0.4576354622840881 1.091876447200775 1.58528083562851 0.9840061664581299 1.190283387899399 53.06430499255657 4.462969690561295 12.11098083853722 11.44972677528858 17.39433124661446 0 41.64304488897324 31.72358940541744 60.55013135075569 0.8133741617202759 0 0.2011082619428635 0 0 0.2258256673812866 0 0 0.3282746076583862 0.1932166516780853 0 0 0 0 0.3185426145792007 0.6719255149364471 0.2858583927154541 2.392648473381996 1.64342537522316 0.1235886067152023 0 0 0 0 0 22.09491614997387 0.9807009398937225 4.520666986703873 4.228175349533558 1.24136383831501 0 0.1517131179571152 1.587353423237801 0 0.8716808557510376 0 0 0.3961029052734375 1.716942310333252 0.8171768486499786 1.47066555917263 1.619125291705132 0.7807133197784424 1.277585029602051 0 0 0.1010012924671173 0.1077517122030258 0.6829569786787033 0.2616292536258698 0.9968199729919434 0.3829026520252228 10.68412244319916 2.461781978607178 0.3518477976322174 0 0.2969681024551392 0.1272584795951843 1.338699087500572 0.5669351071119308 0.1394884437322617 1.665531501173973 34.58050711452961 3.832308158278465 0 0.3188046514987946 1.216993719339371 0.7199904024600983 0 0 5.271736621856689 0.9765442609786987 4.101263046264648 1.035063505172729 0 1.443157166242599 0 0 0 0.3764553368091583 0 0.5173927992582321 1.59550553560257 11.23168218135834 1.446223139762878 2.418525591492653 230.7526348903775 26.65949365496635 287.9474169909954 85.04990945011377 17.77531270682812 44.71447482705116 4.127343989908695 112.0017863959074 8.516990184783936 0 6.799504972994328 4.119036912918091 5.304663121700287 0 0 1.083551317453384 3.937265828251839 0
20.81360839307308 1475.461513623595 452.4929769411683 44.95594321191311 6493.891785904765 12.03668025135994 1079.551966823637 1143.795240223408 0 140.2257528305054 3620.655963271856 4.910439074039459 813.9523338079453 2866.816076487303 38.38913014531136 1.05343322455883 0.1305457353591919 0 0 0 0 0 0 0 0 0 0 0.4953434020280838 0.1151268854737282 0 94.22029834240675 23.00264732539654 4.438362956047058 0 0 0.1681500971317291 5.89277757704258 0 0.1538607031106949 0.1751642376184464 0 0.4583621472120285 0.4196194708347321 1.546960011124611 0 0.7063058614730835 85.63291448354721 10.42021012306213 0.2786070704460144 0.7357542514801025 0.4791152328252792 0 0 0.2920466661453247 6.164479702711105 18.79440355300903 19.61768978834152 44.99005705863237 15.53235927969217 41.42266254127026 0.1304516345262527 3.877830326557159 0 49.82133214175701 6.015329040586948 7.045844830572605 2.119437254965305 4.655477322638035 1.334870792925358 0.2052309513092041 29.46720224618912 5.217671573162079 0 85.23068029433489 55.41615865379572 86.3129430860281 89.52328270673752 7.307476840913296 0.310702919960022 37.01781228929758 1.649782299995422 4.380561448633671 10.4889655187726 2.936477661132812 7.1323461830616 14.69350004941225 6.941868640482426 0 0.9055975377559662 0 0.6651766151189804 0.509846456348896 0.7730174213647842 0 1.719649001955986 186.3982921242714 0.7499765157699585 0 0 11.83777777850628 0.7930962443351746 4.684800013899803 31.07817453145981 16.52428798377514 5.467820689082146 267.0035805404186 13.88881820440292 108.9130845814943 83.01562577486038 143.6810126155615 0.3017439246177673 245.2350159883499 197.5407313853502 381.2918995022774 16.33847650885582 0.4625744968652725 0.9605385512113571 0 0 0 0 0 0 0 0 0 0 0.6660622507333755 0 0.3116225600242615 0 0 0 0 1.728335797786713 0.4079636335372925 0 0 0 72.27815560996532 2.883711069822311 32.45551164448261 3.926090553402901 1.258627235889435 0 0.7557419538497925 0 0 1.467567965388298 0 0 4.138027086853981 7.34081269800663 1.82502555847168 2.009607300162315 0 0 0 0.106347031891346 0.446005642414093 0.3769729733467102 0 4.32971927523613 1.989303842186928 0 0.8144010305404663 32.75705921649933 0 1.867036074399948 0.6732354164123535 1.024399727582932 0.2671938836574554 0.1890949755907059 0 0 0 207.3003444224596 2.996222913265228 0 0 0 3.370135635137558 1.125814646482468 2.821113646030426 14.35603305697441 4.490086048841476 11.29387061297894 2.983233898878098 1.839783579111099 0.9001748859882355 0 0 0 0 0 0 0 45.15925373136997 3.914016604423523 9.600969806313515 231.9105208069086 30.15617722272873 508.9727377519011 160.5029935911298 25.58102262765169 112.5780801549554 11.18315507471561 173.82470934093 26.92341289669275 2.325006395578384 39.20798756182194 8.658170007169247 41.7216082662344 6.011855661869049 0.7252612113952637 8.601291209459305 9.640200600028038 0.7982048988342285
2416.789349064231 456.3319483324885 5.977898351848125 2449.031007811427 130.6159921437502 1448.193575173616 2273.501577116549 3.285294860601425 140.2257528305054 0 12.01460513472557 1803.352758035064 9191.630220830441 62.60752785205841 2.386010602116585 0 0 0 0 0 0 0 0 0 0 0 0 0 0 0 31.64270196855068 2.261323273181915 1.635247111320496 0 0 0 4.585781574249268 0 0.5454850196838379 0 0.2701605558395386 0 0 0.1493688225746155 0 0 9.455578818917274 4.582586884498596 0 0 0.1363144516944885 0.5603222250938416 0 0 5.507628835737705 10.41938529908657 41.16097212582827 121.0726710706949 16.9251250103116 10.23831549286842 0 0 0 14.71037173271179 3.507529281079769 3.156063802540302 1.290726594626904 0.602542981505394 0.1263526529073715 0.4446252882480621 221.3874564021826 1.59124481678009 0 96.27355073392391 33.28116584569216 12.69034238159657 3.171177253127098 0.5850509256124496 0.2113901972770691 3.797690704464912 0 1.982540264725685 7.447118617594242 0.6785302385687828 3.190707802772522 6.400640375912189 2.386445082724094 0.1121980622410774 0.2932120487093925 0 0.722330242395401 0.2112473100423813 0.3818574696779251 0 0.2886205911636353 866.1591231226921 0 0 0 248.818164229393 0.893411859869957 20.35604144632816 32.31495013833046 178.1857896447182 0.986776739358902 102.9697936624289 60.14591251313686 18.43836735188961 399.8984519690275 120.6250611394644 0.18166483938694 112.4746736586094 129.8709132671356 136.7943383604288 8.286249712109566 0 0 0 0 0 0 0 0 0 0 0 0 0 0 0 0 0 0 0 4.192719265818596 0 0 0 0 12.06266191601753 0.3534837365150452 5.221477553248405 1.462201565504074 0 0 0.4432814121246338 0.1431590765714645 0 1.452878475189209 0 0 0.6258676052093506 1.821836352348328 0 0 0 0 0 0.1223492920398712 0 0.8368752971291542 1.132932752370834 1.734260082244873 1.322867557406425 0 0 6.344471573829651 0 0.6342069655656815 1.186061896383762 0 0 0 0 0 0.1780926734209061 29.56138452887535 0 0 0.5353376269340515 0 1.36976121366024 0 3.544181704521179 2.894685491919518 2.664475366473198 1.877702742815018 0.735718697309494 0.3949312716722488 0.9155012294650078 0 0 0 0 0.3408184051513672 0 0.257885754108429 28.77255098521709 2.634614706039429 3.329443991184235 35.68707817047834 9.736437663435936 142.1026790589094 53.40009699016809 440.3319445848465 16.58968687802553 4.023501880466938 13.42793416976929 5.594851031899452 0 12.22055899351835 2.644358582794666 59.03006096184254 0.5484517812728882 0 0.9967934042215347 0.5568928867578506 0
55.5542743653059 777.7689615190029 1039.674314856529 7.926625847816467 3307.062213540077 15.56385754048824 384.42534866184 1951.590300738811 3620.655963271856 12.01460513472557 0 64.11623348295689 2932.967805609107 6530.281816959381 31.28785041719675 5.394251562654972 0.9621649459004402 0.1857269406318665 0 0 1.11151123046875 1.186994537711143 0 0 0.1663561463356018 0.7327066659927368 0 0.4355655312538147 0 0 58.94003081321716 11.58864463865757 100.4299044460058 0 0.1547214388847351 0.8775525242090225 33.41565468907356 1.318763390183449 1.36033321171999 4.789417520165443 0.5921815186738968 1.003919064998627 0.3055947422981262 3.830612003803253 0 0.198272630572319 59.29172863811255 2.688928343355656 0.1846133321523666 0.2698138654232025 2.163327485322952 0.8362238854169846 0.1810006499290466 0.6149679869413376 2.681577228009701 6.860795475542545 6.798439770936966 23.17847625166178 5.070608370006084 14.23460545390844 0.2844367623329163 1.908500805497169 0 12.12130191922188 3.057871229946613 2.297181151807308 4.391097858548164 3.483083344995975 0.6405758187174797 0.9286962598562241 36.27552379667759 2.538230091333389 0 29.36468265205622 20.92217923700809 42.86584971100092 50.91192445158958 13.39127254486084 31.51036639511585 671.3587418571115 1.531496703624725 22.04982079565525 5.42986922711134 0.1663013845682144 1.427073188126087 5.28237097710371 2.564251892268658 0 1.452619515359402 0.1804194152355194 0.4593892395496368 1.229912608861923 2.673934303224087 0.9913210570812225 0.8084849566221237 154.4034807384014 1.755246818065643 0 0 10.84541337192059 1.104993134737015 1.118417292833328 8.734287336468697 9.604863300919533 1.857838869094849 152.5503803491592 7.354256212711334 54.99579183757305 27.16318270564079 50.7986706495285 0.8503558933734894 158.9248017817736 97.22621378302574 210.8689102828503 5.702957451343536 0.1308218389749527 0.5633955895900726 0 0 0 0 0 0 0.2184447795152664 0.2238378822803497 0 0.2996337413787842 0 0 0.2681670635938644 0 0.2836745977401733 0.2929868102073669 0 0 0 0 0 0.1710158735513687 31.34420302510262 2.386552214622498 9.043473690748215 2.751404374837875 0.3145884796977043 0 0 0 0 2.010698273777962 0 0 1.84023080766201 3.995724380016327 0 0.3105741143226624 0.6979590058326721 1.459962218999863 0 0 0.7766188383102417 0 3.180738344788551 0.8444279432296753 0 0 0 13.68398129940033 1.194675475358963 2.68359948694706 1.507295116782188 1.181512475013733 0 0 0 0 0.7243644595146179 93.57139210402966 3.896211326122284 0.4736225306987762 0 0 0.8970021605491638 0.2549895942211151 1.115576386451721 10.07758530974388 3.542380481958389 2.896470129489899 0.5184686779975891 0.5389808267354965 2.517241299152374 0 0 0 0.8358578383922577 0 0 0 27.17880266904831 3.852977335453033 2.837110534310341 293.6048194766045 13.18263570219278 263.3647794425488 95.95308259129524 15.15230178833008 44.62708429247141 3.319904237985611 128.0859765410423 9.772890500724316 3.238387711346149 28.33252572268248 5.404866598546505 22.65903606265783 1.645011186599731 4.6212238073349 11.13310040533543 10.25762655586004 0.8423279821872711
130.784064412117 24.33969466388226 6.841119542717934 419.1577089428902 12.44151231646538 202.5267056524754 38.16369988024235 7.667271286249161 4.910439074039459 1803.352758035064 64.11623348295689 0 880.7423480153084 78.84760518372059 3.470517352223396 0.8913687616586685 0.7276486754417419 0 0 0 0 0 0 0 0 0 0 0 0 0 2.735612779855728 0 1.809180855751038 0 0 0 9.398602202534676 0.5358432531356812 0.3244875371456146 0.6897737830877304 0 0 0 0.9596968591213226 0 0 5.791445672512054 0.1546849459409714 0.4710405766963959 0 0 2.110904037952423 0 0 0.1702667772769928 0.4845517799258232 0.8859813660383224 0.6920985579490662 0.2979281544685364 0.6596344113349915 0 0.6560462117195129 0 0.1751320213079453 0.1371138989925385 0 0.1240715831518173 0.1306437849998474 0 0 29.87822291254997 0 0 3.085613630712032 1.3038070499897 2.70503006875515 3.92587461322546 1.798107340931892 0 22.92246554791927 0.4016097486019135 0.2007993310689926 0 0.4193542003631592 0.3090592324733734 0.19532211124897 0 0 0 0 0 0.6552546769380569 0.4293960630893707 0 0.6448264718055725 775.669880464673 0.8147733807563782 0 0 26.63685257732868 0.3276078104972839 6.053170874714851 13.60898716747761 17.98570020496845 0.5835573077201843 108.8795998692513 16.40714231133461 24.95211708545685 47.65136228501797 86.82784244418144 0 123.6637868136168 96.81912258267403 156.7273039072752 1.004314690828323 0.2791171073913574 0 0 0 0 0 0 0 0 0 0 0.4580578505992889 0 0 0 0 0.7189259380102158 0 0 0.6352259814739227 0 0 0 0 14.69071014225483 0 5.411287724971771 1.06339767575264 0.1570460051298141 0 0 0 0 0.9288065135478973 0 0 1.565699025988579 2.351993978023529 0 0 0 0 0 0 0 0 0 2.266527935862541 2.119589745998383 0.3721061944961548 0 3.247267842292786 0 0 0.615501344203949 0 0 0 0 0 0 42.97031269967556 2.614856034517288 0 0 0 3.456092312932014 0.266047477722168 0 2.208966284990311 0.6561456918716431 0.2367544770240784 0.2484351247549057 0.3637371361255646 0.2775755822658539 0 0 0 0 0 0 0 33.07726164162159 1.154464781284332 1.824373960494995 18.43495368212461 1.483014047145844 13.81913837790489 3.772116117179394 45.50847481191158 2.925395347177982 0.1492432355880737 7.363990977406502 0.8752567768096924 2.862738370895386 11.40556213259697 1.219643101096153 37.2238428145647 0 0 1.994473278522491 0.9770730137825012 0
434.3576147705317 1237.579989537597 364.6979851275682 1878.730822771788 574.085899963975 488.8589100539684 7598.196774840355 458.8177212625742 813.9523338079453 9191.630220830441 2932.967805609107 880.7423480153084 0 3992.406567513943 179.3567522391677 43.607660792768 1.921208515763283 1.64859177172184 0.4424875676631927 0.4973935037851334 1.20250141620636 7.766898334026337 0 0 4.463319510221481 0.3497552648186684 0.5456623733043671 2.642276436090469 1.700357154011726 0 48.70568162202835 6.77541808784008 1154.432710625231 0.4021184742450714 0 1.177714139223099 41.78957772254944 11.41835044324398 9.96885558962822 24.85801727324724 1.844798445701599 2.124310895800591 1.156153678894043 30.50299256294966 0.9570540636777878 3.492073848843575 222.6350739002228 7.386412896215916 1.291510216891766 1.457113355398178 21.16337931156158 10.22970469295979 1.159465149044991 10.37844683974981 5.482603475451469 16.45956122875214 14.25024715811014 32.40994467586279 9.163564160466194 40.76395425200462 1.674371346831322 24.68526308983564 0.994417667388916 22.33166207373142 6.576944105327129 7.817793801426888 16.05665976554155 10.7298061773181 3.072374269366264 2.384249672293663 123.7873596027493 24.52681177854538 0 60.24272713065147 39.69533143937588 119.5112852081656 167.2599357366562 75.46077682077885 2.728432431817055 1483.35443276912 6.526963278651237 13.1275534927845 8.890661433339119 6.565050326287746 7.481254026293755 15.65046337246895 8.782454460859299 0.1408207267522812 4.397271886467934 0.1759312152862549 3.341181583702564 2.471526004374027 13.30272708833218 6.695109337568283 5.350192070007324 4719.53160302341 1.327515631914139 0.4474089443683624 0 82.34304927289486 3.792564854025841 30.59418450295925 105.000949665904 63.9245048314333 10.6074560880661 670.8871555626392 81.93202215433121 249.653194963932 468.5761334449053 509.5710689127445 4.49555604159832 758.0916104614735 667.1355598419905 1175.571516662836 37.01111909747124 4.794336795806885 3.743953481316566 0 1.17306225001812 0 0 0.4021484553813934 0 2.023099049925804 0.6128183007240295 0.6795695871114731 2.440419554710388 0.1251587718725204 0.6186762750148773 2.849899910390377 0.2447509765625 3.512424141168594 3.763838559389114 0.3602101057767868 5.861876040697098 1.496665894985199 0 0.1627261787652969 0.926585927605629 149.4214980900288 1.372405886650085 43.7508112564683 9.742112502455711 5.396199345588684 0.1863958984613419 0 0 0 0.6950248777866364 0.4541401863098145 0 11.33250930905342 13.07192732393742 1.56575807929039 2.636007368564606 1.017462909221649 7.800629332661629 0 0.3342286795377731 1.446706235408783 0 5.769488923251629 6.064968712627888 2.097723230719566 2.03108586370945 0.4849767684936523 51.00905863940716 0.3868235349655151 2.664876416325569 5.862698942422867 0.4700263738632202 0.3721124827861786 0.4044459164142609 0.1555891335010529 0 0.2405297458171844 544.7858973741531 30.13872484862804 0 0.1987328231334686 2.045575827360153 18.56963177025318 1.382042944431305 3.290104746818542 11.87641382217407 10.36461517214775 14.46859952807426 4.347168996930122 3.836095079779625 1.994074687361717 0 0 0 0.292267382144928 0 0.2617818713188171 0.23822982609272 194.2442660480738 17.5089512616396 21.95937378704548 596.3970358967781 66.31283955276012 584.607285618782 205.8792615532875 192.5018514618278 95.53796526789665 16.2867399379611 255.8275679275393 54.78086137026548 3.072335250675678 61.56953130662441 12.82236687093973 140.3013115823269 0.614114448428154 0.5028133764863014 9.364799290895462 18.96079570055008 2.508686125278473
