0 4380.547614634037 227.398336134851 2349.232122093439 585.8927678093314 132.8050304502249 687.6605245545506 22.12666057050228 226.5113942548633 5838.186756469309 211.6028284281492 261.3947235643864 420.1685248315334 81.50754147768021 5.666264116764069 1.269362464547157 1.290584355592728 0 0 0 0 0 0 0 0 0.5441379994153976 0 0.3518992811441422 0 0 2521.332259967923 1.487927839159966 2.853066176176071 0 0 0.2968242019414902 52.329922914505 0.652724415063858 7.647534608840942 1.025006800889969 1.520081266760826 0.2985233962535858 0.642474353313446 0.3480184078216553 0 0.5507330149412155 23.61187969893217 12.16735485941172 0.2956417351961136 0.3011581897735596 0.314276859164238 0 0 0.2993141785264015 31.93622823804617 15.37111768126488 283.1831093579531 3020.353514052927 76.3773475959897 53.17434030026197 0.4107252061367035 0.2748518586158752 0.6772212386131287 10.53114686906338 9.568948917090893 2.98036777228117 0.7098176032304764 1.231338731944561 0.5663102939724922 0.273818239569664 156.9072568267584 55.24811191856861 0.8264889717102051 464.3924062103033 265.8117582574487 109.600503474474 6.064473502337933 2.420283272862434 0 12.51781170070171 0.1716265678405762 1.342196419835091 30.95688566565514 0.3188142776489258 5.2787159755826 12.74646178632975 3.293862909078598 1.597316205501556 1.768599398434162 0.5799555480480194 0.6402946561574936 0.7013244926929474 0.3500097244977951 0 0.1601125150918961 272.5408650189638 43.66413621604443 1.555916607379913 4.141664043068886 1107.253690309823 0 0.284783273935318 1.291797757148743 0.3785962164402008 0 13.99044798314571 0.1768023371696472 6.335974827408791 1.813420861959457 3.379003912210464 0 10.26208056509495 2.550653323531151 8.310949146747589 0.4526490867137909 0 0 0 0 0 0 0 0 0 0 0 0 0 0 0 0 0 0 0 0 0.5586222410202026 0 0 0.324316143989563 3.329097986221313 0.4633259177207947 1.720116943120956 1.66782121360302 0.1427291333675385 0 0 0 0.2872373163700104 0 0 0 0 0 0 0 0.3245092630386353 0.3621948063373566 0 0 0 0 0.4767914414405823 0 0 0 0.1488812118768692 3.270953685045242 0 0.1715175658464432 0.293988972902298 0 0 0.2263549715280533 0 0 0 5.976505607366562 1.451284825801849 0 0 0 1.185680985450745 0 1.410513132810593 0 0 0.5921065807342529 0 0.2708497047424316 0 0.1973241120576859 0 0.1491260826587677 0.4247353225946426 0.1428592056035995 0 0 3.041422337293625 1.103208839893341 4.232350260019302 153.1770403385162 24.36460861563683 107.7798720598221 34.86548292636871 1564.550576537848 58.30818784236908 2.13163086771965 34.82383449375629 3.839920490980148 0.2973328232765198 2.721108868718147 0.1423991322517395 10.26853010058403 0.4848649501800537 0 0.3301421701908112 4.079056918621063 0
4380.547614634037 0 1602.554330080748 216.8032620251179 3926.898608028889 246.1222484111786 2331.453205429018 216.5182968974113 2497.165733404458 1343.426996164024 1284.571345292032 62.34635297954082 552.4062554985285 312.9338868185878 40.89880596846342 3.668481633067131 0.4174890890717506 0.2536567449569702 0.3190629184246063 0.5067725032567978 1.095743618905544 0 0 0 0.4508296623826027 1.024860098958015 0.2067292407155037 0.2423768937587738 0 0.1248472481966019 6264.453394517303 16.53017058223486 8.6246527582407 0 0 0.2536789774894714 85.09928915649652 1.046468622982502 3.02606076002121 2.228800758719444 0.4773808121681213 1.310261584818363 1.102819263935089 2.219155311584473 0.6112260073423386 1.565903410315514 143.4095444828272 30.22096453607082 1.165070362389088 1.81775675714016 1.317623019218445 0.1990656107664108 0 0.7331323474645615 55.12241540849209 29.20764841884375 68.69638075679541 2461.744081310928 59.38541267812252 122.9428919926286 0.2311613410711288 2.586618140339851 2.08066363632679 99.32454447448254 18.18531306833029 7.786569759249687 1.507040128111839 5.058614961802959 1.162913352251053 2.054845482110977 31.86751587688923 5.856871828436852 0 516.6540066301823 562.4093408361077 374.2996812015772 59.36092448234558 7.248085215687752 0.8202303797006607 50.47841656208038 1.418380975723267 4.925087705254555 58.35211758315563 0.3936470299959183 12.01136308908463 22.36682358384132 9.533939547836781 0.4225119203329086 2.719442211091518 0 2.801360301673412 0.6183836981654167 2.459383979439735 0.8946081846952438 2.17889729142189 44.48432612419128 2.178234830498695 0 0 958.6394033506513 0.4486689865589142 0 4.048258051276207 1.130012392997742 0 51.94836948812008 0.296295553445816 14.21828262507915 5.847830310463905 12.32281276583672 1.65387998521328 33.56358505785465 18.23245185613632 34.75826846063137 6.633869394659996 0 0 0 0 0 0 0 0 0 0 0 0 0 0 0 0 0 0 0 1.276341676712036 0.6175209730863571 0 0.1426180154085159 0 15.28266635537148 0 6.987703368067741 3.268645659089088 0.474058672785759 0 0 0 0 0.152935266494751 0 0 0.2900590896606445 0 0.197827622294426 0.5376270413398743 0 0 0 0 0.3460457921028137 0.1168422028422356 0.5756483674049377 1.17259219288826 0 0 0.4315648376941681 15.24670009315014 3.240964770317078 0 1.220217406749725 0 0.3917317390441895 0.2735872343182564 0 0 0 32.07099136710167 0 0 0.4781844019889832 0.2625076919794083 4.648068994283676 0 2.211784437298775 2.593961298465729 2.03149376809597 1.477008640766144 0.4758751392364502 0 0 0 0.2997181415557861 0 0.9330347776412964 0 0 0.1026062220335007 8.512944176793098 5.643431276082993 6.005985662341118 347.5946456417441 41.47338034957647 429.8066261336207 74.60378899425268 1208.408476889133 99.25451111793518 6.752195104956627 68.72890622168779 11.79423272609711 1.603185281157494 12.36418075859547 0.6538094878196716 16.61716604232788 1.486757308244705 0.2784217149019241 2.83497753739357 18.12090931087732 1.215066969394684
227.398336134851 1602.554330080748 0 6.986006110906601 1706.625203900039 11.52989989519119 173.7527563348413 5527.203415669501 2144.695204585791 21.46136963367462 5398.525983050466 44.42999541014433 636.402450427413 1113.812845297158 170.8479015529156 110.5783225446939 8.807513944804668 49.70304672420025 1.717799052596092 66.76584243774414 41.3497152775526 0.3525187373161316 2.808115392923355 0.6140539795160294 1.414320610463619 18.69983891397715 3.669520363211632 7.335910812020302 3.182038053870201 0.4662697464227676 8284.482757493854 611.5316981971264 298.7672811299562 6.219051674008369 5.409753501415253 9.87062656879425 703.8232461586595 10.9882634729147 70.44835406541824 9.645683094859123 72.94405097514391 35.1526643037796 187.7633231729269 36.3400252237916 6.027421474456787 124.7900939881802 152.0748919174075 17.60346663743258 10.73306168615818 89.84399965405464 6.302037738263607 0.1609813421964645 0.3767637014389038 6.129249669611454 9.211282975971699 6.031890489161015 10.10149590671062 1138.434916831553 13.12708864361048 47.89791256189346 143.0303186178207 38.54979784786701 34.37642362713814 668.9489954411983 6.810627356171608 49.9150133728981 28.62529467791319 24.85913489758968 142.5124865472317 220.1133560687304 28.65703723579645 9.556677624583244 0 100.7017393931746 408.8089409321547 324.1114505305886 182.4924112856388 73.86075505614281 721.5002585798502 2506.165084481239 237.5146110132337 2788.066550776362 13.44875288754702 0 20.12696578353643 24.93423047661781 96.14009133726358 0 4.925269708037376 0.4710186868906021 7.785130716860294 2.062121421098709 90.89025147259235 7.579485215246677 7.294563159346581 67.03677040338516 8.17407700419426 0 1.047839269042015 89.41477225720882 1.913218557834625 0 4.953895747661591 0.3890883028507233 0.4353076219558716 22.37386612594128 0 5.055268585681915 2.669708058238029 3.598101228475571 1.632315769791603 25.54462660849094 9.875212430953979 27.52249154448509 1.591338530182838 0 0.4042652249336243 0 0 0 0 0.149842157959938 0 0 0 1.010992228984833 0 0 0 0 0 0.2357366681098938 0.7698349952697754 0 0 0.9411017298698425 0 0 0 11.99114751815796 0 6.891463898122311 3.242026768624783 0 0 0 0.2893876284360886 0 0 0 0 1.176024705171585 0.6399098187685013 0 0 0.1318951994180679 0.181776687502861 2.025989830493927 0.1448773890733719 0 0.1602629274129868 0 1.941836833953857 0 0 0 7.840373903512955 1.14164325594902 0.6730382889509201 0 0 0 0.5808280855417252 0 0 0 25.38716499507427 1.778406277298927 0 0.3005187511444092 0.4948891997337341 1.494265869259834 0.6127445697784424 0.8042767345905304 2.739807948470116 0.2617121934890747 0.4957074671983719 0.7939643934369087 0 0.5889134705066681 0 0.1702152043581009 0 1.986144542694092 1.247770518064499 0 0.1565588712692261 9.851707339286804 2.579203367233276 7.33410507440567 376.6677805706859 31.31756804138422 313.8892153128982 78.86895667016506 91.31843256950378 51.94366590678692 3.997197344899178 82.53825552016497 7.040309578180313 0.8577433824539185 5.198223829269409 1.904598221182823 5.413509160280228 1.397694289684296 0 2.739196822047234 14.38120213150978 0.4542150795459747
2349.232122093439 216.8032620251179 6.986006110906601 0 112.576593786478 304.4453181326389 228.739065811038 0.7328218519687653 159.9890735596418 2377.472358033061 3.685972958803177 438.4300744235516 1019.269291840494 9.673495806753635 2.089711874723434 0 0 0.147340789437294 0 0 0 0 0 0 0 0.2451465353369713 0 0.1093463599681854 0 0 74.42294933646917 0.195294201374054 0.1697447001934052 0 0 0 2.965439267456532 0 0.1433380097150803 0.2640751525759697 0 0.2011775523424149 0 0 0 0 15.23363123834133 4.47037036716938 0.9844972789287567 0.1532315313816071 0 0 0 0.1286051869392395 10.64560166746378 5.432724684476852 13.51815713196993 300.5170531123877 8.555100306868553 18.62367082387209 0 0 0 5.213703840970993 4.139794029295444 0.6377398371696472 0 0.9676267728209496 0.5305062830448151 0 264.5021177381277 0.5852131843566895 0 90.09557086974382 88.75053057074547 50.61650864034891 4.483363918960094 1.888560280203819 0 0.3529374897480011 0 0 11.25465653836727 0.287919819355011 2.370707325637341 4.860441461205482 1.62896640598774 0.1391407698392868 1.058043070137501 0 0.653921440243721 0.1476434618234634 0 0 0.1755832135677338 32.16926017403603 0 0 0.1288752853870392 165.0138403475285 0 0 1.538331091403961 0 0 7.841507151722908 0 1.367998942732811 1.205127254128456 2.360131993889809 0 3.090320363640785 2.071560502052307 3.359814494848251 0 0 0.2516606152057648 0 0 0 0 0 0 0 0 0 0 0 0 0 0 0 0 0 0 0 0 0 0 1.384792417287827 0 0 0.1726391762495041 0 0 0 0 0 0 0 0 0 0 0 0 0 0 0 0 0 0 0 0.4757806658744812 0.2479599714279175 0 0 2.292564123868942 0 0 0.2712240517139435 0 0 0 0 0 0 1.356188952922821 0 0 0.1666406840085983 0 0 0 0 0 0 0 0 0 0 0 0 0 0 0 0 0 0 0 0 64.71638337522745 10.73151032626629 50.43289265781641 13.64836117625237 626.0886046811938 13.61336911469698 1.926125466823578 13.45123638212681 1.066500917077065 0.1432068049907684 0.4360710680484772 0.3573859632015228 0.8300903737545013 0.4457171261310577 0 0 2.465406276285648 0
585.8927678093314 3926.898608028889 1706.625203900039 112.576593786478 0 27.81960955262184 1318.883795395494 148.5777543112636 7220.960460074246 494.8464427962899 1000.576140999794 97.53550046682358 521.3143614828587 321.0420668795705 65.91436302661896 9.178585074841976 0.6313113942742348 0.5549511685967445 0 0.09631608426570892 0.7037533968687057 0 0.1300236135721207 0.4083884209394455 0 1.077424108982086 0.5736359283328056 0.8545680791139603 0.9237339571118355 0.4929462522268295 1222.97910669446 26.96765261143446 2.887412741780281 0 0 0 56.31038022041321 0.2520582228899002 3.750783577561378 0.9153639376163483 0.2351978421211243 1.003181055188179 0.2265014201402664 1.889718860387802 0.5060681402683258 1.358912169933319 197.0667438730597 24.89500287175179 1.234312362968922 0.6598640382289886 1.878250457346439 0 0 0.6065021827816963 30.89317481219769 18.98341633379459 9.026493221521378 623.0040480419993 25.88301571458578 89.05199091881514 0.2929721176624298 0.5555476769804955 0.5734795406460762 100.6800536885858 14.21301101148129 5.738822422921658 1.375565975904465 4.606554180383682 1.522757023572922 1.303185112774372 51.17893496155739 11.60556826740503 0.2502907812595367 157.061958797276 341.4667926430702 388.7709851264954 107.4742728695273 6.208828911185265 0.2906112670898438 16.34469915181398 0.5810423493385315 4.3454649746418 33.56072244793177 0.7855455800890923 8.940152257680893 18.91685640066862 7.442686207592487 0 3.214373126626015 0.2274182960391045 3.418963275849819 1.664048075675964 0.5985157042741776 0.3889361321926117 2.461699835956097 85.96440935134888 5.792930483818054 0.2191108167171478 0.9328241795301437 64.94327519834042 0.801884651184082 1.125723198056221 8.245569720864296 1.459404677152634 1.558017820119858 118.080936729908 1.360471680760384 51.23689776659012 23.0077810138464 27.23262190818787 4.636298030614853 93.36758798360825 55.96329775452614 94.87510819733143 13.78495115041733 0.4655100107192993 0 0 0 0 0 0 0 0.146507129073143 0 0 0 0 0.1498536765575409 0 0 0 0.1977209001779556 0 3.451898902654648 0.9282080382108688 0 0 0 37.7483596354723 1.410621106624603 16.90184663981199 7.829893015325069 0.7662048637866974 0 0.6616945117712021 0 0 1.137710839509964 0 0 3.758969485759735 2.002619087696075 0.1769654452800751 0 0.3798891007900238 0.6054227948188782 0 0.7817820459604263 2.244185224175453 0.1194042935967445 1.418089181184769 2.239699274301529 0 0.4591461718082428 0 31.92158043384552 5.764985382556915 2.326688826084137 1.851843327283859 0 0 0 0 0 0.214171975851059 88.34452359378338 0.8521131873130798 0.1115903183817863 0.2912314534187317 0.6281669139862061 11.00093623995781 0.6639681756496429 6.30593641102314 10.2000866830349 7.782101795077324 4.035890102386475 1.799045160412788 0.1583303809165955 0.1953763961791992 0.5658162236213684 0.3527923822402954 0.2397110313177109 0.4988236799836159 0 0 0 36.61282669007778 11.39775490760803 17.82923544943333 306.1167363449931 46.57833614200354 418.7058937251568 69.24696061015129 172.1674136966467 100.8463730812073 5.457638554275036 67.08007542788982 27.25314754992723 1.371076256036758 14.7022539973259 3.257293716073036 25.42038172483444 3.755996406078339 0 5.912230163812637 18.16844590008259 0.4588606357574463
132.8050304502249 246.1222484111786 11.52989989519119 304.4453181326389 27.81960955262184 0 173.8286111652851 0.3711163401603699 25.81324385106564 1198.448768541217 6.350116416811943 125.4330071210861 143.4882643222809 20.40087297558784 1.998289510607719 0.1706809103488922 0 0 0 0 0 0 0 0 0 0 0 0 0 0 33.19048079848289 0.2580768465995789 1.590931266546249 0 0 0 112.6321034580469 0.2754903733730316 40.51379343867302 1.319556817412376 0.1803096383810043 0 0 0.184281975030899 0 0 2.340751200914383 0.5526656955480576 0 0 0 0.6175382286310196 0 0 1.054434925317764 0.6076668500900269 82.30893498659134 141.0217891186476 15.34919665753841 1.99159374833107 0 0.4629361629486084 0.2979952096939087 0.7937947809696198 0.6289071142673492 0 0.3728825747966766 0 0 0 289.1303618848324 215.2675328850746 9.336538389325142 13.70494930446148 7.271745055913925 5.950658470392227 0.3211541026830673 0.2108451575040817 0 4.03442394733429 0 0.735202893614769 1.148922063410282 0.5914707332849503 0.3585883677005768 3.329953558743 0 7.580047026276588 3.4813302308321 5.350877687335014 0.4988451302051544 0.1833434104919434 0 0 0.3756387084722519 341.8192027360201 167.7891544401646 16.61180126667023 44.29611514508724 389.4014266431332 0 0 0 0 0 2.792822659015656 0 1.371880739927292 1.39067804813385 0.546823114156723 0 3.101335853338242 1.112174227833748 2.43012610077858 1.222557455301285 0.2848380506038666 0 0 0 0 0 0 0 0 0 0 0 0.1760541200637817 0 0 0 0.6711125671863556 0.2497591376304626 0 0 0 0 0.6863383054733276 0 4.33236001431942 0.2906514406204224 2.60682401061058 5.82499235868454 1.806801840662956 0.6347130089998245 0 0 1.03880500793457 1.39283761382103 0 0 0.183606818318367 0 0 0 0 0.5226806700229645 0 0 0 0 0.1740562915802002 0 0 0 0 0.5115998387336731 0 0 0 0 0 0 0 0 0 5.138752207159996 10.34421584010124 0 0.4407826960086823 0 0.7557019889354706 0 0 1.704082608222961 0 0.4749014228582382 0.2343648374080658 0 0 0 0 0 0.3038802891969681 0 0 0 2.105532467365265 9.790706187486649 6.597160786390305 19.2660069167614 2.402040109038353 6.85345933586359 1.933786645531654 342.6953946650028 3.894049152731895 0.8156414031982422 4.987986505031586 3.569280028343201 0.5307636857032776 0.6042203307151794 0.1986552476882935 8.463115990161896 0 0 0.5921717882156372 0 0
687.6605245545506 2331.453205429018 173.7527563348413 228.739065811038 1318.883795395494 173.8286111652851 0 6.878299720585346 2819.297417275608 1488.445147946477 72.23158555477858 268.8106736540794 1917.11001881212 1383.28486289829 67.36819496005774 7.402553975582123 1.034651152789593 0.5872891992330551 0.3034790754318237 0.3136683851480484 0.2711227610707283 0 0 0 0.1379410326480865 0.9226321578025818 0.6373056098818779 0.3442157804965973 1.443573273718357 0 433.4729200527072 12.44827424734831 2.640325598418713 0.1951545625925064 0.2043497487902641 0.301025003194809 46.56037878990173 0.5077471733093262 9.323412984609604 0.4107680469751358 0.3735056519508362 1.509170100092888 0.5923037976026535 2.523284129798412 0.5339699909090996 1.242351338267326 208.7793342620134 25.11690632253885 2.246719054877758 1.298956617712975 1.789818406105042 0 0 0.7405280023813248 43.03613165020943 24.6957393437624 17.37793536484241 651.8940411731601 31.51606840640306 115.9468373209238 0.1817478984594345 1.608167625963688 1.408927977085114 80.22968284785748 22.11037457734346 7.198697932064533 0.9860673025250435 6.13852122426033 1.484341375529766 1.078854322433472 122.6332544982433 6.866673722863197 0 231.1107393503189 388.3446139320731 410.3087886348367 90.32069964706898 7.873781971633434 0.7136493474245071 4.699055515229702 0.5531111508607864 2.504225112497807 50.71430280059576 0.3785755783319473 13.08996424823999 25.90213044732809 11.19155036658049 0.7214428186416626 5.586052171885967 0 3.451093278825283 1.461662366986275 0.6112783029675484 1.357233211398125 3.146030016243458 284.1410441026092 7.563241302967072 0.1436444669961929 0.9471274465322495 62.83723671734333 4.441506162285805 2.412611961364746 13.01341690123081 2.685189813375473 0.9001316130161285 239.248668089509 1.349777847528458 89.36814068257809 42.17919829487801 63.91811139881611 6.842109844088554 195.2004756480455 126.1156969070435 167.0257057100534 23.89701850712299 0.4854548275470734 1.480908006429672 0.2357612997293472 0 0 0 0 0 0 0 0 0 0 0.2191630005836487 0 0.6740777641534805 0 1.167229428887367 0 5.309485390782356 1.402221515774727 0.1239480525255203 0.7149801850318909 0 48.96081970632076 1.138340353965759 20.21651248633862 11.16815931349993 1.241616606712341 0 0.4737187847495079 0 0 0 0 0 4.645419180393219 2.740627333521843 0 0 0 0.5389486253261566 0.1220327392220497 2.066722899675369 4.728263303637505 0.4796695113182068 1.686133593320847 7.184170871973038 0.3245027810335159 0.130632758140564 0 40.71989543735981 10.71966800093651 3.294188871979713 2.201333150267601 0 0 0.1255863159894943 0 0 0 122.4895426481962 0 0.3986923694610596 0.2740621343255043 0 11.2373613268137 0.5880844593048096 10.55428251624107 16.98615132272243 14.47213101387024 8.716622486710548 2.600831419229507 1.141206905245781 1.600157856941223 0.3231416344642639 0 0 0.7820966094732285 0.3517995178699493 0 0 60.46092979609966 17.91532328724861 24.42322744429111 416.8062510564923 63.59732331335545 506.9662164151669 95.00943891704082 614.2535082772374 109.6849735975266 6.818653099238873 99.55841834843159 35.88873895257711 3.079699411988258 29.3748378008604 3.965101063251495 56.26574352383614 4.516648635268211 0 5.993790417909622 25.73031199723482 4.094503283500671
22.12666057050228 216.5182968974113 5527.203415669501 0.7328218519687653 148.5777543112636 0.3711163401603699 6.878299720585346 0 331.670143276453 1.631224773824215 1343.211006045341 11.88934519886971 196.7811755537987 510.0453092008829 44.58075950294733 28.1171427667141 13.20689655840397 33.82637597620487 1.398399189114571 37.66581977903843 12.68914724886417 0 2.045871138572693 0.7176105678081512 1.776137784123421 9.763849541544914 0.6683722287416458 3.211239643394947 0.9169783890247345 0.615325927734375 1289.381764486432 1007.513933181763 92.99754975736141 4.493495687842369 1.163610324263573 6.519298642873764 174.0796652883291 6.27027915418148 18.47953446209431 8.141623541712761 24.08267986774445 14.00514784455299 100.116140820086 47.44002778828144 11.54501962661743 100.1857915222645 37.92340388894081 14.32087305188179 9.999423310160637 85.11197526752949 2.717519000172615 0.1914171427488327 0 1.510693542659283 1.862095057964325 1.184906959533691 0.5747959613800049 166.1213173270226 1.407412692904472 9.448794849216938 200.5035659968853 26.18074834346771 20.40358212590218 236.0197635442019 4.110340759158134 29.61262394487858 14.62691630423069 15.56910444796085 64.70757246762514 89.94648235291243 6.977487698197365 2.539967596530914 0 16.04419808834791 116.3753612339497 84.57520878314972 339.0596213713288 409.8436677008867 587.5353730469942 1055.160545885563 344.3384415060282 2214.629717499018 4.083036057651043 0 14.8254299685359 12.44178774952888 60.42077901214361 0 2.704535871744156 0.2012402415275574 4.751810237765312 2.142301857471466 38.85959408432245 5.943424582481384 5.222569160163403 11.56696258485317 2.02715852856636 0.1383372694253922 0.3757529854774475 6.95014388859272 0 0 0.4687994420528412 0 0 2.277539372444153 0 1.984690189361572 0 1.251392185688019 0.2548163235187531 1.088860362768173 1.388938635587692 3.898989006876945 1.579924166202545 0 0.1704770475625992 0 0 0.2298867255449295 0 0 0 0.2841379046440125 0 0 0 0 0 0 0 0 0.7501000165939331 0 0 0.19185771048069 0 0 0 2.596345633268356 0.5827857255935669 0.6096692532300949 0.9548127949237823 0.1435561776161194 0 0 0.2072578519582748 0 0 0.4943735897541046 0 0 0 0 0.8452296555042267 0.1582155972719193 0 0.891849160194397 0 0 0.1399886906147003 0 0 0 0 0 3.347577974200249 0 0 0.2115115970373154 0 0.4652461260557175 0.1537123024463654 0.1115605905652046 0 0 4.456547319889069 0.9930723309516907 0 0.9251931756734848 2.110195174813271 0 0.1477567404508591 1.027124211192131 0.6227452158927917 0 0.3502968847751617 0.3700991272926331 0 0.5512997657060623 0 0.3064158707857132 0 1.100577741861343 0 0 0.1571672558784485 1.340216144919395 0 0.5717868804931641 88.29771197587252 17.6611974388361 87.65795737504959 18.19565727561712 13.0891765281558 12.10978279262781 0.1368759870529175 17.58244580775499 4.656670227646828 0.1467465162277222 0 0 2.590304464101791 0.3234671950340271 0 0.894953727722168 4.693294733762741 0.4288829863071442
226.5113942548633 2497.165733404458 2144.695204585791 159.9890735596418 7220.960460074246 25.81324385106564 2819.297417275608 331.670143276453 0 707.7991450577974 6243.904983863235 223.0852009281516 6067.496664941311 1203.954309359193 136.1997043937445 34.01291385293007 1.044222727417946 1.126464173197746 0.4192077368497849 1.392424039542675 1.007384359836578 0 0.2256594970822334 0.4732547551393509 0.2351031601428986 1.622248880565166 0.7427761554718018 0.7737342715263367 1.677325464785099 0.2999394312500954 607.7202617824078 25.00437991321087 9.90123775601387 0.7311146408319473 0 0.5358508974313736 139.4271165579557 1.001078650355339 9.897104002535343 0.9513286575675011 1.975426524877548 0.9879999533295631 5.154605068266392 5.505204699933529 0.3470153734087944 2.542538277804852 242.1990020647645 14.15479833632708 1.327786207199097 1.09147934615612 1.342168159782887 0.1186663210391998 0 0.9091520011425018 19.94618058949709 15.42444649338722 6.984358116984367 328.6962203904986 22.6828169003129 89.11909891664982 0.4442922919988632 1.264955647289753 0.8267189115285873 84.64201458543539 8.999508239328861 5.419480219483376 1.296922937035561 5.64818949252367 3.993291728198528 5.761154815554619 84.35648860037327 19.41636157035828 0 113.4725015610456 238.4745123907924 453.3421267196536 147.9195057749748 21.68187519162893 2.136938095092773 70.39152903109789 0.4480681121349335 10.25708685815334 29.72967038303614 0.1633447855710983 9.179361157119274 16.57560218125582 8.071736216545105 0.5932251289486885 2.405434921383858 0.2599127292633057 3.485457301139832 1.463345788419247 3.415353365242481 2.079002723097801 2.364680729806423 296.6062820851803 10.87767565250397 0 3.051377266645432 44.14498365670443 2.784701526165009 1.805381834506989 24.62659330666065 4.618526116013527 2.321653693914413 345.2830450087786 2.259887471795082 127.3608931154013 60.54477456212044 76.76138016581535 10.17632035911083 285.2289958894253 153.6387812644243 271.7680335193872 37.84286671876907 0.8967453390359879 0.4320346713066101 0.1320101767778397 0.4956478253006935 0 0 0.1549234241247177 0 0 0 0.4003157019615173 0 0.2527402639389038 0 0 0.4789991229772568 0 0.5301693677902222 0 7.902252450585365 1.968745827674866 0 0.7836069166660309 0 77.80811531841755 0.7929307967424393 32.86738720536232 15.38515432178974 0.8875248804688454 0 0.1305529922246933 0 0.9013582170009613 0.8617614805698395 0 0 7.653228685259819 3.504597187042236 0 0 0.3383670747280121 0 0.1303546279668808 3.846081838011742 6.599568374454975 0 2.598376080393791 5.812983959913254 0.505929172039032 0 0.2741959393024445 67.59265744686127 20.6530574709177 4.204167693853378 3.099539361894131 0 0 0.1899085491895676 0 0 0.1368065178394318 201.1749002039433 3.776864528656006 0.1500701755285263 0.553235724568367 0.1184729337692261 17.07456561177969 2.74942772090435 12.87567909061909 20.34684348106384 14.12851737439632 12.52622029185295 8.038945347070694 0.7086717188358307 0.7794462442398071 0 0 0 0.2645708322525024 0 0 0 99.16833570599556 20.98560258746147 37.68578310310841 514.1928446367383 57.48398621380329 533.3943231105804 108.6341698095202 131.3591028526425 110.8418240472674 5.73297456651926 107.1219679564238 50.06796076148748 2.071207456290722 36.4888733252883 5.462562844157219 64.12816973030567 6.929559960961342 0.8434616029262543 9.718549072742462 32.39312486350536 1.226831272244453
5838.186756469309 1343.426996164024 21.46136963367462 2377.472358033061 494.8464427962899 1198.448768541217 1488.445147946477 1.631224773824215 707.7991450577974 0 16.09248182177544 4197.183299332857 6549.590698167682 148.8723675236106 25.18905048817396 2.788454629480839 0.9190641641616821 0 0 0.5979758203029633 0.7041977792978287 0 0 0 0.4900394529104233 0.774173378944397 0.2707323729991913 0.5089200586080551 0.5279050320386887 0.1133445426821709 143.7988755479455 2.835422068834305 1.958648502826691 0.2916781008243561 0 0 246.8523972481489 1.806986778974533 37.39850492030382 3.280345171689987 0 0.1219510138034821 0 1.242397874593735 0.5809032618999481 0.2038516625761986 107.3357686549425 18.33295889943838 0.7827377319335938 0.4538282305002213 1.517660655081272 0 0.1080250293016434 0.6030372977256775 37.12659437954426 19.67894992977381 56.66270533949137 653.1709212884307 27.55421388149261 73.50596721470356 0 2.235417120158672 1.162223041057587 24.65788773447275 13.3550575748086 6.654646411538124 0.8697906285524368 3.108187079429626 0.5067153945565224 0.3408734053373337 1687.213717415929 87.7544232904911 0.2329268306493759 254.3470247164369 269.3233014494181 204.9575912952423 18.89926297962666 3.053511992096901 0.4681848585605621 8.503059484064579 0.4533893615007401 0.8831030130386353 34.58589400351048 0.1388019919395447 8.790023103356361 17.28759810328484 6.641781732439995 1.242004752159119 2.086963005363941 0.4701628908514977 2.090578556060791 1.949567705392838 0.8117650151252747 0 0.4097220972180367 1008.857762381434 63.25172801315784 0.5110236406326294 7.648026376962662 692.5613050088286 9.79861019551754 7.362376272678375 37.40975783765316 11.16145920753479 3.609179988503456 487.3027170300484 9.448326617479324 190.6695792227983 120.8205359727144 135.8147941380739 17.52277481555939 417.1049480587244 281.0784680098295 429.2910299152136 47.85643315315247 1.289929330348969 2.176880076527596 0.1958427578210831 0 0.3608415722846985 0 0 0 0 0 0 0 0.3776420950889587 0 0 1.400574624538422 0.7367690801620483 2.115830972790718 0 15.35511839389801 1.645324021577835 0 0 0 173.4321898519993 2.661301851272583 73.84583993256092 42.12918284535408 3.068055853247643 0 0.9304437935352325 0 0 1.980656117200851 0.3035878539085388 0 11.6153260320425 6.765986643731594 2.04101000726223 0.8600768446922302 0 1.10378634929657 0 7.713120013475418 11.62390144169331 1.042099446058273 4.142873838543892 21.61888965964317 2.742716431617737 0.7143459320068359 0.4747440218925476 110.2551586329937 24.11024278402328 9.51233334839344 7.874247089028358 0 0.3421313464641571 0 0 0 0.4080222249031067 218.6988190412521 7.693024456501007 0 0 0 31.35337187349796 1.103461980819702 28.23975392431021 37.70486669242382 31.42811886966228 24.01559153199196 5.906552702188492 3.06672677397728 1.787585936486721 0 0.1835336238145828 0 0.5693603679537773 0 0 0 87.11786949634552 45.39100870490074 117.7905937731266 605.5851887241006 39.59419808536768 325.566683113575 67.43708011507988 2362.048164866865 65.82539559155703 7.442769289016724 101.7322676479816 109.2870896607637 1.347971528768539 88.49806208908558 12.2946952432394 186.6059265881777 7.585784718394279 1.242920592427254 17.57436606287956 15.19832123816013 0.7469090223312378
211.6028284281492 1284.571345292032 5398.525983050466 3.685972958803177 1000.576140999794 6.350116416811943 72.23158555477858 1343.211006045341 6243.904983863235 16.09248182177544 0 144.7182166576385 4477.643754385412 4656.056654199958 65.34493851661682 42.59311950951815 1.700622498989105 2.968122720718384 0 3.890591502189636 7.793468162417412 0 3.968121841549873 0.2587412893772125 3.373900353908539 11.62235674262047 1.810176998376846 6.936030164361 3.241858035326004 0.1106111854314804 1861.467775464058 110.9559089243412 829.0372945666313 1.650851666927338 2.900679051876068 13.95231076329947 1111.19979095459 8.80499467253685 68.15466525405645 4.396502502262592 38.07946601510048 15.98740158975124 13.85401493310928 7.253907963633537 0.8395855128765106 10.50877940654755 66.04714808613062 4.442653603851795 0.6693125665187836 5.554300874471664 0.426713839173317 0.3434886336326599 0.4085870683193207 1.810770586133003 4.602582424879074 3.141862466931343 4.781957447528839 261.3260838836432 5.124805293977261 20.02940513193607 8.485753491520882 42.97155871242285 19.05820360779762 40.49797661602497 1.599833734333515 3.033392429351807 2.055994063615799 2.877744249999523 11.60670641809702 28.12521894276142 44.73641426861286 7.402019113302231 0 45.92294289171696 76.92455648630857 107.6203906461596 34.10890569537878 20.92527973651886 21.00835351645947 1973.625336691737 4.70180469751358 66.54955172538757 6.58874986320734 0.1433588564395905 2.232083112001419 3.64108894765377 6.368105068802834 0 0.4044149443507195 0 0.9561757445335388 1.099153786897659 13.15345047414303 2.938867822289467 1.853406965732574 53.0287938117981 3.254675209522247 0 0.6403477042913437 49.73446491360664 1.379225254058838 0 3.420647144317627 0.2043544352054596 0 30.55957382917404 0 11.59743118286133 4.195497691631317 8.730578541755676 2.300681531429291 27.80268935859203 16.41040535271168 29.42473764717579 4.561971738934517 0 0 0 0.2632867693901062 0 0 0 0 0 0 0.4375075995922089 0 0 0 0 0 0.1474446803331375 0 0 0.1883985102176666 0 0 0.3971648663282394 0 11.30234721302986 0 7.819917067885399 1.858770400285721 0.5471727475523949 0 0 0 0 0.1547307968139648 0.4474808871746063 0 0.4618555903434753 0.4159880876541138 0 0 0.1126048043370247 0.6682758927345276 0.1498342007398605 0.3982181996107101 0.1992290318012238 0.2164631187915802 0 0.958973228931427 0 0 0 6.738016799092293 1.069021821022034 0 0 0 0 0 0 0 0 22.83253678679466 0.3089806437492371 0 0.3550370335578918 0 3.170965954661369 0.8773904889822006 0.7388004809617996 4.279030948877335 1.664476990699768 2.285297140479088 1.005924105644226 0 0.5166058838367462 0 0 0 0 0 0 0 11.33484330773354 4.651646077632904 6.253373101353645 219.9288137555122 18.70952190458775 152.1946943104267 38.5449181869626 63.66026399284601 23.14280211925507 1.945354871451855 41.50670590996742 8.254306986927986 0 4.292191460728645 0.543913409113884 6.064831793308258 0.4486935138702393 0 0.4302487075328827 14.6819059997797 0.80828557908535
261.3947235643864 62.34635297954082 44.42999541014433 438.4300744235516 97.53550046682358 125.4330071210861 268.8106736540794 11.88934519886971 223.0852009281516 4197.183299332857 144.7182166576385 0 1748.109834328294 61.69491654634476 30.18816533684731 15.34610237181187 0.1580356061458588 0.5961421281099319 0 0.1628450900316238 0 0 0 0 0 0.3091811537742615 0 0.4066009819507599 0 0 29.60237266123295 1.107393398880959 0.4118593037128448 0.1870399862527847 0 0.3739407062530518 135.1324111968279 0 4.308368384838104 0.119961604475975 2.300980992615223 1.24381197988987 0.809856966137886 3.224102020263672 0 0.427009105682373 30.37085655331612 1.46960873156786 0 0.4621704965829849 0 0 0 0 1.432463452219963 0.8252551406621933 7.441371992230415 38.98838903009892 2.981727860867977 5.5513911023736 0 1.915251851081848 0 3.029865816235542 1.06489884108305 0.1190976276993752 0 0 0 2.167506068944931 179.6390544623137 31.23166373372078 0 20.74379727989435 21.01877357065678 43.80041282624006 11.1323964074254 6.22657673060894 0.225663349032402 1.370397657155991 0 0.3168623819947243 3.093709081411362 0 0.4482848718762398 1.485391899943352 1.082269698381424 0 0.4583192840218544 1.204681396484375 0 0.5587546974420547 1.181476294994354 0.406106173992157 0.1269709020853043 1818.070091739297 27.14431500434875 0 2.159266710281372 118.6265669167042 1.813622936606407 3.156116187572479 22.38222408294678 7.098693355917931 0.6642974317073822 315.1675579994917 2.401960179209709 123.1215116977692 65.37420427799225 83.49051715433598 12.2714164853096 304.8338489085436 146.8613730370998 290.0998835116625 32.16167068481445 0.4471123963594437 0.3884937465190887 0 0 0.4510299563407898 0 0 0 0 0 0 0 0 0 0 0.5976201444864273 0.7159572839736938 0 0 6.229090720415115 1.450565457344055 0 0 0 65.24698235094547 0.6441686749458313 24.91544537246227 12.86323744058609 0.6199066042900085 0.8076621294021606 0 0 0 0.9745980203151703 0 0 3.079982981085777 1.857160940766335 0.2342538088560104 0 0 0 0.9900883734226227 0.9154045283794403 2.909832194447517 0.9512631967663765 1.326749414205551 9.304818898439407 0 0 0 49.13439057767391 10.57604837417603 5.281309604644775 3.907115250825882 0 0 0 0 0 0 136.980573490262 1.950110301375389 0 0 0.1538995206356049 12.72150415182114 1.091538488864899 11.91955356299877 21.50728642940521 6.955947071313858 7.104475125670433 4.262923613190651 0.7846001833677292 0.3733692765235901 0 0 0 0.1474237740039825 0 0 0 85.32605035603046 16.13388809561729 36.02297367155552 277.5183858424425 6.452121123671532 98.55567423254251 27.53808824717999 232.4448421522975 10.48216340690851 0.9237415492534637 52.84631870687008 33.96805663406849 1.373506784439087 36.84102644026279 6.284140065312386 101.0738101154566 8.099716916680336 0 8.960063621401787 3.614291861653328 1.150173783302307
420.1685248315334 552.4062554985285 636.402450427413 1019.269291840494 521.3143614828587 143.4882643222809 1917.11001881212 196.7811755537987 6067.496664941311 6549.590698167682 4477.643754385412 1748.109834328294 0 3245.35034853965 178.567349024117 94.66725987941027 1.485754564404488 1.430195882916451 0.3521537184715271 0.8921954482793808 2.702443450689316 0.6636005640029907 0.5535160452127457 0 1.415207967162132 4.555392064154148 0.9060024246573448 5.501376524567604 3.923687592148781 0.3018767684698105 415.8314335495234 17.05626025795937 17.06952141970396 0.6709886938333511 0.8503188341856003 1.163024678826332 211.0945541411638 0.7233820557594299 20.79263968020678 1.912583008408546 19.22196978330612 7.867074325680733 2.965828225016594 15.10920926183462 0.3879676759243011 3.274200707674026 213.3721170797944 7.578629113733768 0.7994799166917801 2.953648030757904 1.521659173071384 0.6526966392993927 0.5065026804804802 3.005127802491188 12.44639930129051 8.229345053434372 11.3764953315258 193.8904877081513 15.45841771364212 52.81154441833496 0.7388725131750107 1.75849212706089 5.018764436244965 40.61820969730616 4.400537393987179 3.860220640897751 2.11286161839962 3.488523289561272 4.791671998798847 16.3383304849267 469.6269795745611 42.12930411100388 0.2789227068424225 66.45717925578356 122.2818315178156 297.53277733922 96.31045188754797 50.32410126179457 1.51956769824028 75.41719134896994 1.172166734933853 4.897645935416222 15.29063080251217 0.2624684199690819 4.326623730361462 9.271567858755589 6.675330199301243 0.1968818306922913 2.59652604162693 0 3.114249497652054 1.836246073246002 7.664311237633228 1.725413508713245 3.558048523962498 2717.333293527365 28.84553405642509 0 6.047008439898491 139.5645597949624 7.442935526371002 5.649633020162582 40.935133934021 6.561757266521454 1.538846388459206 548.8286136239767 6.14783900976181 197.1178561747074 105.5858102738857 161.1301648169756 8.977664783596992 503.7694347053766 314.6239283978939 426.3644016087055 45.57721981406212 1.163274593651295 0.7463031113147736 0 0 0 0 0.1938765645027161 0 0 0 0 0 0.3413097262382507 0 0 0 0.2038043290376663 0.3432826399803162 0 15.45123746991158 4.897599160671234 0 0.2283510267734528 0 89.77460332214832 1.182987064123154 46.32754319906235 18.02095155417919 1.564154133200645 0.4710379987955093 0.4147380590438843 0.1212839633226395 0.6047849655151367 0.9395767599344254 0 0 11.14347848296165 2.79423401504755 0 0.1428439766168594 0 2.378640085458755 0.8573831915855408 2.853744611144066 4.23613902926445 1.447427123785019 4.781388849020004 10.04118396341801 0.89214688539505 0 1.373920112848282 92.96830466389656 17.53886686265469 5.70997941493988 3.340116664767265 0.1863464862108231 0 0 0 0 0.1827562004327774 288.2031484544277 4.247002318501472 0 0.1448748856782913 0.2035661637783051 21.22952854633331 3.050452470779419 10.10578118264675 25.82904970645905 17.25062748789787 15.67368295788765 5.832740262150764 0.8465697765350342 1.08209727704525 1.40681628882885 0.1819468289613724 0 0.1216339394450188 0.1550494432449341 0 0.4045937359333038 247.2357241213322 36.57159031927586 40.2363592684269 872.7059204727411 65.46187433600426 487.4726037681103 135.0775290206075 362.1802396699786 87.61155851185322 6.621192842721939 166.0034268945456 70.0088537633419 2.349296346306801 43.71711680293083 5.963398262858391 98.36707462370396 5.065807297825813 0.1455800980329514 16.90000751614571 43.67898083478212 2.37096318602562
