0 1146.964378573 284.9386965855956 911.7094188630581 101.0933246687055 463.8573196530342 249.8332290127873 7.025402367115021 3.555290125310421 242.5926517173648 36.32796819508076 36.05945602059364 44.32941238582134 10.91449375450611 0.6915037035942078 0 0 0 0 0 0.2327570170164108 0.7696447372436523 0 0 0 0 0 0 0 0 684.8658797740936 0.6486474126577377 1.52021387219429 0 0 0 0.2100280076265335 0 0.2270822003483772 0.109999492764473 0 0 0.1366105973720551 0 0 0 37.0987341105938 2.566064298152924 0 0.1406513750553131 0.09865543991327286 0.8634089231491089 0 0 0.8393674418330193 1.300493389368057 135.3575807288289 2416.23858051002 4.072346828877926 31.25471507012844 0 0 0 5.245938181877136 1.815832957625389 2.755887769162655 1.29214596003294 0.2409855797886848 0 0.1132262498140335 1.234110802412033 4.436532467603683 0 353.778879404068 221.2306680455804 41.08890027552843 5.672246918082237 0.2287247031927109 0 9.020876877009869 0 0.6977646127343178 5.095886342227459 0.232913114130497 1.825406983494759 1.450510449707508 1.701489597558975 0.3639283180236816 0.4803396016359329 1.140423089265823 0.6121517270803452 0.2254461348056793 0 0 0 73.88165356218815 23.63685473799706 0.9270995259284973 0 555.7035020440817 0 0 0 0 0 0 0 0.9282291233539581 0.3924732208251953 0 0 1.947096854448318 0.9413675367832184 0.2076697200536728 0 0 0 0 0 0 0 0 0 0 0 0 0 0 0 0 0 0 0 0 0 0 0 0 0 0 0 0 0 0 0 0 0 0 0 0 0 0 0 0 0 0 0 0 0 0 0 0 0 0 0 0 0 0 0 0.6326107978820801 0 0 0 0 0 0 0.4125906825065613 0 0 0 0 0 0 0 0 0 0 0 0 0 0 0 0 0 0 0 0 0 0 0 21.08769758045673 3.581390075385571 29.3155275657773 7.781178176403046 591.7716581299901 17.02460807561874 1.602999433875084 1.165755689144135 0 0 0.7422383427619934 0 2.121390104293823 0.9684194922447205 0.1411160826683044 0 0 0
1146.964378573 0 1957.774840541184 104.9248192235827 2544.214068315923 465.678644657135 1363.354260280728 174.971833281219 816.8238839507103 199.4241627827287 1157.577989988029 25.7212829887867 394.2121816501021 734.6036448851228 26.55419135838747 1.132679134607315 0.110852874815464 0.1375459879636765 0.09807144850492477 0.488049603998661 0.7344132512807846 0.2748803198337555 0.1301701813936234 0.2785566598176956 0.09609630703926086 0.418533980846405 0 0.1610189825296402 0.5708565264940262 0 3529.81059410423 9.440553799271584 2.176583737134933 0 0 0.1321335732936859 0.2684572860598564 0 0 0 0.1056402176618576 0.6978280320763588 0.2393747568130493 0.421969972550869 0.2694461047649384 0 406.8917559757829 21.09182790666819 0 0.1439177244901657 3.15406259149313 0.1406963616609573 0 1.015479773283005 7.741061635315418 8.730871245265007 97.38106840103865 1996.64782114327 7.207781940698624 122.6705292463303 1.140855424106121 0.7214721813797951 0 80.41038379818201 14.11994580179453 25.85554544627666 14.48251699656248 8.536901883780956 0.3764084726572037 0.4158306270837784 2.734558746218681 7.486425772309303 0 657.7121195569634 762.7180707156658 279.6666377037764 96.29389401525259 2.477995984256268 2.081407748162746 174.174967341125 0.8530399054288864 2.07977183163166 32.46393714845181 2.077763140201569 15.00305750966072 10.55948601663113 13.68810822814703 0.08450697362422943 4.828622058033943 0.2316433936357498 2.988494783639908 3.423787206411362 0.2086737081408501 1.55876948684454 0.6304915621876717 156.7239472046494 2.468869686126709 0 0.4137895703315735 686.1848184987903 0 1.631226778030396 0 0.4361552000045776 0 15.95586235821247 0.5510544180870056 8.535870850086212 10.29332715272903 4.601949259638786 0 11.69611588120461 8.946393340826035 7.539412871003151 2.643170759081841 0 0 0 0 0 0 0 0 0 0 0 0 0 0 0 0 0 0 0 0 0 0 0 0 0 0 0 0.6341544836759567 0 0 0 0 0 0 0 0 1.264619588851929 1.520269572734833 0 0 0 0.09930690377950668 0 0 0 0 0.306196928024292 1.333099365234375 0 0 0 0 0 0 0.5428556054830551 0 0.3126836568117142 0.4168012291193008 0.1828810200095177 0 0 2.159493088722229 0 0 0.1212308704853058 0 0 0 0 0.2323894798755646 0 1.095776855945587 0 0 0 0.09318448603153229 0 0 0.4528953656554222 0.2013802826404572 0 0 1.693807333707809 0.6247122436761856 0 104.4957986325026 38.72242926061153 293.9083610475063 46.00612262636423 646.0433309152722 52.14785838872194 13.45549958199263 19.84917288273573 4.992699034512043 0.1973000541329384 5.340075194835663 0 13.11343279480934 1.726571381092072 0.2488397657871246 3.527416706085205 0.5416425615549088 0
284.9386965855956 1957.774840541184 0 0.6850131005048752 1244.119848206639 0 235.8992152810097 3726.226875856519 965.8415138944983 7.096269398927689 4301.102107204497 34.877261698246 322.7623232379556 1264.574095703661 8.571971908211708 3.74031725525856 0.2770449444651604 0.2095279768109322 0 1.862158820033073 11.12844164669514 0.2758169770240784 0.3399161696434021 2.904006130993366 5.500750616192818 5.531202293932438 4.43758138269186 0.2696087211370468 0.2754844576120377 0.5173712447285652 4124.739320226014 1506.54825361073 16.42572379857302 0 0.7474993914365768 4.208869203925133 12.32386330515146 0.643127366900444 1.615792810916901 5.026506647467613 7.300346918404102 0.7102852165699005 0.1199434027075768 1.071203954517841 0.1062883138656616 0.1184679791331291 57.61285544186831 3.978395290672779 0.1455471366643906 0.1083949878811836 0.5940121710300446 0 0.2576261386275291 0.5728239864110947 1.240083582699299 1.361324228346348 16.95408821105957 963.8941625505686 0.8281527161598206 23.24906436353922 1.695058912038803 14.94387920200825 0.1375284940004349 378.9656698331237 1.977229401469231 3.359608396887779 2.257681973278522 1.443487919867039 0.9013794586062431 3.222260557115078 1.703924864530563 5.095064505934715 0.1809813380241394 129.2176251113415 439.0051575750113 87.54053992778063 35.90044447779655 6.5871192663908 103.3484246879816 3229.215154379606 1.673159569501877 82.81719741970301 3.489929594099522 0.1728836670517921 2.091171875596046 1.380351290106773 3.529244981706142 0 0.6135725453495979 0.1376655846834183 0.5291403010487556 0.7266290634870529 0.5220147222280502 0.116998590528965 0.443667396903038 1.622670404613018 1.286232501268387 0 0.1942471861839294 173.6887311339378 0 0 0 0 0 1.721080645918846 0 1.041843742132187 0 0.5650794208049774 0 1.58980230987072 1.840793326497078 2.106744155287743 0.1982142925262451 0 0 0 0 0 0 0 0 0 0 0 0 0 0 0 0 0 0 0 0 0 0 0 0 0 0 0 0 0 0 0 0 0 0 0 0 0.4408579170703888 0 0 0 0 0 0.1137726977467537 0 0 0 0 0 0 0 0 0 0 0 0 0 0 0.3198703527450562 0 0 0 0.6899685114622116 0 0 0 0 0.2854288816452026 0 0 0.3846958875656128 0 0.4084077477455139 0 0 0.1018368676304817 0 0 0 0.09583418071269989 0 0 0 0.3897534757852554 0 0 16.4228440374136 5.903137624263763 33.41436424106359 8.73988089710474 12.76109325140715 9.024063549935818 1.388059124350548 3.500866815447807 0.1147643625736237 0 0.1575240343809128 0 0 0.3064676225185394 0 0 0.2461539804935455 0
911.7094188630581 104.9248192235827 0.6850131005048752 0 19.90591011941433 1311.944316208363 674.7240466922522 0 67.50231540948153 2359.748536303639 0.4897378236055374 156.7618503421545 634.7513161823153 6.266685530543327 5.734377548098564 0 0 0 0 0 0 0.3505800068378448 0 0.1277769804000854 0 0 0.1342464685440063 0.0934852659702301 0 0 91.86788953840733 0.1273951530456543 0 0 0 0 0 0 0 0 0 0 0 0 0.09902490675449371 0 98.58049344271421 3.002896212041378 0 0 0.8610531464219093 0.6650803685188293 0 0.1532689929008484 1.179679065942764 2.935095094144344 30.26945434510708 288.7110044062138 1.049717605113983 28.05729657411575 0 0.3780129849910736 0 6.864935666322708 3.601823963224888 5.685303628444672 2.891847252845764 1.667255222797394 0 0 1.102968156337738 4.665525406599045 0 156.415433421731 134.0537581592798 60.58639401197433 14.28238692879677 0.6837542355060577 0.1403290778398514 2.036185674369335 0.229578509926796 0.6812973245978355 9.389070972800255 0.6478075236082077 1.852052308619022 1.792322814464569 2.108115620911121 0 0.9289746880531311 0.122032567858696 0.720386691391468 0.4618719294667244 0 0.2322165742516518 0 395.2774594128132 3.278013855218887 0 0 197.118609726429 0.3135862648487091 0 0.7396892607212067 1.274321436882019 0.1363753825426102 20.34885461628437 0 9.509730458259583 9.351508527994156 7.702853173017502 0 13.13033071160316 11.71184532344341 9.767815977334976 1.784707963466644 0 0 0 0 0 0 0 0 0 0 0 0 0 0 0 0 0 0 0 0 0 0 0 0 0 0 1.016643717885017 0 0 0 0 0 0 0 0 0 1.705961585044861 0.8256372064352036 0 0 0 0 0 0 0.3200923800468445 0 0.6375135183334351 0 0 0 0 0 0 0 0 0.1807307600975037 0 0 0.2391890808939934 0 0 4.871316984295845 0 0 0.1203466951847076 0 0 1.99514365196228 0.8899333477020264 0.407689243555069 0.4447359144687653 0.2991402745246887 0 0 0.3560538589954376 0 0 0 0 0.1233066990971565 0 0 2.422952324151993 1.448949754238129 0.8372774124145508 73.85318388044834 7.336920581758022 78.24531351774931 10.57993594557047 704.4891297072172 14.78277491033077 2.21763714402914 5.946393862366676 6.845147222280502 0 8.349498927593231 0.5707427859306335 20.90960732102394 1.44667387008667 0 1.849885240197182 0 0
101.0933246687055 2544.214068315923 1244.119848206639 19.90591011941433 0 9.529045298695564 1487.978643491864 81.74291264265776 3982.609527111053 77.98628105223179 1888.093805797398 1.363663539290428 337.1285547316074 1723.245881259441 55.18382079899311 2.269810877740383 0.1255143731832504 0 0 0.2851541787385941 0.2865798771381378 0 0.1204900518059731 0 0.1011165827512741 0.3691521883010864 0.1132087633013725 0 0.8354065120220184 0.3639112710952759 984.1598938331008 20.01874254643917 1.867638796567917 0 0 0 0.5799759477376938 0 0.6953294649720192 0 0.5418504178524017 0.2478345111012459 0 0.1158810257911682 0 0.08463249355554581 331.3790102303028 13.45151290297508 0.08986621350049973 0 2.321398876607418 0 0 0.9501007199287415 4.059148177504539 6.292704582214355 18.44769877940416 297.5269374847412 1.502192586660385 62.2605404779315 0.2395694553852081 1.531289421021938 0 68.41196354478598 6.96615893393755 12.1508070230484 9.614862255752087 6.302063137292862 0.2324623987078667 0.2437430173158646 6.080500230193138 8.491712227463722 0 161.2665291950107 307.1866907328367 202.6776685416698 136.9897674992681 2.525312259793282 1.152889922261238 22.82534861564636 0.2332149296998978 2.025602757930756 15.96809510141611 1.090564846992493 8.057425484061241 3.84845032542944 8.351796604692936 0 3.334622353315353 0.4978968948125839 2.010268345475197 3.100428268313408 0.5001014024019241 0.658417321741581 1.459814004600048 26.27580384910107 2.122994124889374 0 0.8383771330118179 41.53863214701414 0 0 4.000196278095245 0 0 35.95841003954411 0.4608839899301529 24.94149358570576 9.137032687664032 6.485744506120682 0.2995729446411133 31.77839125692844 18.80164270102978 18.02269913256168 7.589302882552147 0 0 0 0 0 0 0 0 0 0 0 0 0 0 0 0 0 0 0 0.549238920211792 0 0 0 0 1.206638768315315 0 0.7234644293785095 0.681583434343338 0 0 0 0 0 0 0 0 3.361290246248245 4.883378863334656 0.1035881489515305 0.9017827808856964 0 0 0 0.1203079745173454 0 0 1.013385057449341 0.9813312590122223 0 0.3675931096076965 0 0.3794920146465302 0 0.6829769611358643 0.6366163790225983 0 0 0.1888021528720856 0 0 0 22.33601117134094 1.811212122440338 0 0 0.4447623565793037 0 4.363807544112206 0 4.855872988700867 1.880074635148048 2.55368360877037 0 0 0.550072193145752 0 0 0 0 0.2720626443624496 0 0 3.770511597394943 5.312574848532677 3.613980904221535 158.053523786366 49.86238490045071 308.0913287699223 51.80914517492056 53.96749127656221 57.21930591762066 7.547255590558052 27.4982213973999 8.885866597294807 0 17.53705829381943 1.858903251588345 13.44953921437263 3.390640497207642 0.2917244434356689 4.103570461273193 0.793422594666481 0
463.8573196530342 465.678644657135 0 1311.944316208363 9.529045298695564 0 272.7855540513992 0 0.9351183325052261 813.8673755675554 1.053643986582756 102.8929619640112 61.08152332901955 13.97395794093609 0 0 0.1433565765619278 0 0 0 0 8.630666315555573 0 0 0 0 0 0 0 0 1.545001104474068 0 8.591386646032333 0 0 0 0 0 0 0 0 0 0 0 0 0 0 0 0 0 0.1785406917333603 20.45424267649651 0.6425353288650513 0 0 0 255.6403740495443 162.2423157989979 0 0 0 0 0 0 0 0 0.2649980485439301 0 0 0 9.937972992658615 57.0437727868557 4.295007854700089 6.769445508718491 3.064468264579773 0.2305145561695099 0 0 0 5.240614965558052 0 0 0 0.6276892721652985 0 0 0 4.133063167333603 3.035478800535202 16.69076502323151 0.8167002201080322 4.936125516891479 0 0 0 96.66420817375183 69.8307286798954 19.53452080488205 0 730.8920539915562 0 0 0 0 0 0.4818530380725861 0 0 0 0.6914796829223633 0 0.1948552131652832 0 0 0 0 0 0 0 0 0 0 0 0 0 0 0 0 0 0 0 0 0 0 0 0 0 0 0 0 0 0.2359664738178253 0.09978477656841278 0 0 0 0 0 0 0 0 0 0 0 0 0 0 0 0 0 0 0 0 0 0 0 0 0 0 0 0 0 0 0 0 0 0 0 0 0 0.212269201874733 0 0 0 0 0 0 0 0 0 0 0 0 0 0.163300096988678 0 0 0 0 0 0.8493931442499161 0 0.6676363348960876 0.2704978585243225 393.8609406501055 0 0 0 0.7936085611581802 0 0 0 0.3349307477474213 0 0 0 0 0
249.8332290127873 1363.354260280728 235.8992152810097 674.7240466922522 1487.978643491864 272.7855540513992 0 17.50386027991772 1449.194588713348 1881.517507039011 436.0802312642336 22.46240405738354 1909.408838942647 235.4064811319113 117.0757173895836 15.65095069259405 0.5316527932882309 0 0 1.001799799501896 0.4010335057973862 0 0 0.1921434700489044 0 1.663081079721451 0.1043393313884735 1.896465644240379 1.399453938007355 0.1913310587406158 429.1922778338194 15.67514149099588 1.580887079238892 0 0 0.4049343466758728 1.529032468795776 0.5232328772544861 0.8004022315144539 0 0.4026461541652679 2.61267663538456 0 1.201930053532124 0.2568065747618675 0.1525430083274841 722.2148879617453 27.35207062214613 0 0.3462828919291496 5.613833241164684 0.6844739094376564 0 1.309402361512184 8.811062589287758 10.76996855437756 42.56742614507675 556.2202694714069 5.742860585451126 118.2275681048632 0.8801305592060089 2.958124108612537 0 103.7653780430555 16.0390317440033 25.69241990894079 18.75108859688044 13.81281314045191 0.2110791802406311 0.7343140915036201 13.95300470292568 114.3472823351622 0 372.6183402016759 543.0602163076401 397.5145743116736 222.1699308976531 13.93977393954992 1.024157054722309 9.175109140574932 0.5552988499403 2.560211844742298 33.14489471167326 2.134742259979248 15.68413491547108 13.57923063635826 17.62527811527252 0.4448055848479271 8.200805634260178 0.4924282729625702 5.040812849998474 5.487339675426483 1.439866416156292 2.899913482367992 2.438671007752419 570.6550209224224 19.16377839446068 0 1.160924136638641 75.92026820778847 11.88040675222874 5.036641538143158 22.29111476242542 6.678407579660416 3.006279990077019 337.0903944671154 7.075866207480431 172.6557516753674 117.5667166113853 59.45045138895512 8.782727301120758 282.0321914628148 151.1211765930057 149.2241612374783 62.52103435993195 0.2251865118741989 0.2338039129972458 0 0 0 0 0 0 0 0 0 0 0 0 0.6721711158752441 0 0 0 0 5.714461982250214 1.003535628318787 0 0 0 6.677482604980469 0.4407382607460022 8.42448827624321 0.1325337886810303 0 0 0.2798041999340057 0 1.091916382312775 0 0 0 33.98908512294292 22.66684131324291 1.293638557195663 0.6524218171834946 0 0.8796736598014832 0.1784497201442719 1.100489750504494 1.037287518382072 0.8859914541244507 17.5780278891325 10.98411671817303 0.4954689741134644 0 0 8.447089403867722 0 3.923792906105518 4.592548839747906 2.314182430505753 1.090066313743591 0.6798473596572876 0.5341413170099258 0 0.1105425730347633 118.2630898207426 2.199646562337875 0 0.09797244518995285 0.2800107300281525 1.900232955813408 17.79736015200615 2.298915952444077 24.22843906283379 9.597073078155518 19.85344732552767 0 1.19452902674675 2.616222433745861 0 0 0 0.8487310856580734 0.4193226099014282 0 0.1518950760364532 74.13808518648148 24.33597606420517 4.175091594457626 427.9964058697224 135.2407218143344 686.4962422549725 118.8969519734383 391.8434018939734 148.5167286321521 16.78204555809498 83.652568615973 74.2735216319561 3.786423683166504 131.4434169530869 5.510152071714401 151.5916588306427 25.78921097517014 1.802420496940613 40.05469600111246 2.974263161420822 0.5157415717840195
7.025402367115021 174.971833281219 3726.226875856519 0 81.74291264265776 0 17.50386027991772 0 813.5949278622866 3.607653111219406 5527.194348067045 12.72488495707512 186.6770547777414 1043.30875313282 32.54497731477022 3.162010580301285 0 1.477470591664314 0.1383769363164902 25.6724569350481 58.15794407576323 0.2977317273616791 5.78844191133976 10.84885881096125 6.475159697234631 8.003909610211849 5.125562958419323 0.17917700111866 0.1384216099977493 1.710325881838799 918.3144815340638 6656.167021177709 9.454130724072456 0.3430879414081573 7.195220485329628 3.863036304712296 13.17390495538712 1.898705586791039 0 2.598786719143391 15.62659265100956 1.31555363535881 4.109977647662163 1.634650930762291 0 2.655570715665817 118.968856357038 3.336362786591053 0.3927889764308929 2.574635073542595 0.4262948557734489 0.2418472394347191 0 1.655389055609703 1.025295257568359 1.207658514380455 5.175963200628757 200.4756321907043 0.7020291537046432 15.11920919269323 67.53945804387331 23.02526398003101 0.9264188408851624 661.7530475109816 0.9808319658041 2.28395863622427 2.166392177343369 1.301614679396152 6.612579472362995 12.36170081049204 0.2996856570243835 2.638462692499161 0 44.79848476499319 253.2368725687265 96.9167869463563 572.0535717532039 974.3167020902038 183.1902304440737 2107.205484546721 88.67084257304668 343.8400021716952 2.182466179132462 0.1869160905480385 1.406252317130566 1.141841992735863 6.97283411771059 0 0 0.1091160625219345 0.1046552583575249 0.6073926612734795 2.832654654979706 1.00781512260437 0.4298611730337143 0.9619832634925842 0 0.2045347839593887 0 16.74363571405411 0 0 0 0 0 0 0 1.385060951113701 0.2258561104536057 0.1584666222333908 0 0.4350345134735107 0.643622025847435 1.122709572315216 0.4736613929271698 0 0 0 0 0 0 0 0 0 0 0 0 0 0 0 0 0 0 0 0 0 0 0 0 0 0 0.5101344212889671 0.249373123049736 0 0 0.1756518483161926 0 0 0 0 0 0.1745267808437347 0.1015494614839554 0 0 0 0 0 0 0 0 0 0 0 0 0 0 0 0 0 0 0 0 0 0 0.2194279730319977 0.7317731380462646 0 0 0 0.1293758600950241 0 0.2614819407463074 0.1080960631370544 0 0 0 0 0 0 0 0 0 0 0 0 0 0.866443857550621 1.296703964471817 0.6997382193803787 43.28003916144371 9.71369930356741 74.9110199213028 14.25320190936327 8.774138599634171 15.40502730756998 1.50702703744173 10.8036098331213 0.3879933059215546 0 0.09679155051708221 0 0.568072497844696 0.9268155097961426 0 0.202744647860527 0.1555933356285095 0
3.555290125310421 816.8238839507103 965.8415138944983 67.50231540948153 3982.609527111053 0.9351183325052261 1449.194588713348 813.5949278622866 0 173.4707044884562 4933.239794358611 4.431290216743946 637.6803243309259 3085.327292427421 273.6841520741582 45.74385827034712 0.4654455408453941 0 0 0.3657756000757217 0.8460752591490746 0.7017562165856361 0 0.3179620355367661 0.2934496700763702 2.767410635948181 0.2287278547883034 3.165738329291344 4.215563148260117 0.2004348337650299 352.1553282514215 80.19407790154219 4.852657303214073 0 0.1186007931828499 0.6017147898674011 2.499258883297443 0.3334090709686279 3.380118072032928 0.7835572585463524 1.313652880489826 6.620210148394108 0 2.403581917285919 0.2434090152382851 0 659.3891068324447 11.90070272237062 0 0.2243699133396149 2.446489118039608 1.136222846806049 0.4453053176403046 5.271618992090225 3.427278533577919 5.155790947377682 23.34596417844296 196.3186172544956 4.155553601682186 67.33072016388178 0.1452902108430862 5.242115452885628 0 128.2024126648903 6.30970986187458 16.02226804196835 10.89648023992777 9.953071855008602 0.1537621766328812 1.011628977954388 15.15887895971537 235.3231183290482 0 130.3764850124717 292.7646449878812 406.4820865243673 345.7205637916923 50.9917691424489 0.8915457129478455 16.94513687491417 0.9392429888248444 1.076985828578472 15.88713307678699 0.9197868853807449 7.135428138077259 6.933746986091137 12.37110681086779 0.322332464158535 4.734741054475307 0.3676068857312202 4.29413266479969 5.046937204897404 2.822009146213531 3.226187035441399 3.852978706359863 216.3131381645799 26.5311509296298 0.2859838008880615 3.087091520428658 8.563140995800495 10.8694541156292 6.946982145309448 30.48120465874672 7.138123735785484 2.25859035551548 451.6736889630556 2.765354126691818 261.8895175233483 146.1806372702122 60.39133009314537 11.45225854218006 428.2304158955812 239.9491137713194 205.5499600246549 94.88665045797825 0.7537157535552979 0.5834036320447922 0.4365620017051697 0 0 0 0 0 0.1489871293306351 0.2216765433549881 0 0 0.6154247671365738 0 0 0 0 0 0 11.59591946005821 0.5900780856609344 0 0 0 8.971581161022186 0.2348719090223312 18.10814642906189 0.6169270426034927 0 0 0.9777451306581497 0 1.326289057731628 0.3338506519794464 0 0 48.81523791700602 41.24337661266327 0.5137760043144226 1.523405820131302 0.131379634141922 0 0 1.80589859187603 1.576779872179031 1.139966152608395 19.70327281951904 17.86155866086483 0 0.2108674943447113 0.7432830110192299 23.43479599058628 0.6044358611106873 4.782595530152321 9.67558291554451 2.637759976089001 3.198691569268703 0.3369165658950806 0.7066128551959991 0 0 220.9612742811441 9.459833115339279 0 0.3070760145783424 0.204704761505127 2.462068796157837 26.24281930923462 4.930660255253315 35.86145490407944 12.01120091974735 34.99192952364683 0 0.3130795359611511 3.092448867857456 0.9861985445022583 0 0 1.074677504599094 0.5668628513813019 0 0.4098909199237823 116.1485885679722 45.44157786667347 9.421357005834579 696.663252837956 184.4795271009207 733.7919684201479 170.5145934969187 118.9414179250598 213.3557382375002 9.253286436200142 144.7768030017614 72.38573989272118 5.409206442534924 209.8916691541672 7.102676048874855 168.6300270557404 38.82107329368591 4.531438186764717 61.59470588713884 5.689536713063717 1.126927465200424
242.5926517173648 199.4241627827287 7.096269398927689 2359.748536303639 77.98628105223179 813.8673755675554 1881.517507039011 3.607653111219406 173.4707044884562 0 35.86450861394405 1479.063673257828 6819.389446347952 57.30616216361523 29.86503179371357 4.925265669822693 0.3413655012845993 0.2066234648227692 0 0.4564312472939491 0.1794729828834534 1.48022323846817 0.153959184885025 0 0.1301198601722717 0 0 0.4798008352518082 0.1578538417816162 0 27.88256138563156 1.517173230648041 0 0 0 0 0 0 0 0 0.1903291940689087 0.703139141201973 0 0 0.3944821581244469 0 148.3845041766763 3.998725563287735 0 0 0.7081802934408188 0.6831431537866592 0 0.3241247087717056 1.357360243797302 1.397640064358711 38.21537613868713 203.4450313150883 2.017031565308571 18.80979534983635 0 0.4631437659263611 0 7.835103332996368 1.827611558139324 3.003149166703224 3.010435245931149 1.365930832922459 0 0.4569938182830811 4.846290126442909 59.75054414570332 0 88.71926105767488 67.07051840424538 54.32940769195557 26.91866371035576 3.2319196164608 0.1241732388734818 2.405071698129177 0 0 5.533410087227821 0.3404781520366669 1.00965777784586 1.532903522253036 2.022754453122616 0.3512901663780212 1.316430903971195 1.06073559820652 0.9028297141194344 0.283061757683754 0.1483938694000244 0 1.258894801139832 1750.067414626479 10.30205802619457 0 0.2780317962169647 207.5719373375177 6.179934829473495 4.943622589111328 17.69514238834381 13.20866873860359 4.229328706860542 350.2700717002153 11.24439078569412 182.909423455596 127.5646618455648 103.8113160580397 2.939228400588036 307.4091597944498 197.3934512585402 176.9879230111837 27.93726077675819 0 0 0 0 0 0 0 0 0 0 0 0 0 0 0 0 0 0 0 3.502617180347443 0.3063652217388153 0 0 0 1.21625155210495 0 4.593905672430992 0.5403732657432556 0 0 0 0.3390450775623322 0 0 0 0 27.63034149259329 10.66917522251606 1.832116410136223 1.28557987511158 0 0 0 0.4636906608939171 0.6818241626024246 0.4415029287338257 9.54209066927433 9.260338798165321 0 0 0 1.178121328353882 0 2.785395577549934 3.452989712357521 0.7638480290770531 1.14509205520153 0 0.1714255511760712 0 0 31.0680183172226 0 0 0 0.1854982823133469 0.8949297219514847 7.969867587089539 2.39965146780014 11.33722934126854 4.501085847616196 11.39257085323334 0.3399401009082794 0.107324905693531 2.188540995121002 0.6050939410924911 0 0 0.235968217253685 0.2058116123080254 0.1180686205625534 0 97.07913428544998 10.36148497462273 3.574190020561218 237.1274455562234 15.43511638790369 192.7853724882007 35.65901443362236 672.1887941733003 47.87698373943567 0.8711170107126236 41.45498802512884 65.72783626616001 1.067995443940163 98.87335788458586 2.519314974546432 257.0981153547764 15.96307563781738 1.169677048921585 20.24993622303009 0.7763545662164688 0
36.32796819508076 1157.577989988029 4301.102107204497 0.4897378236055374 1888.093805797398 1.053643986582756 436.0802312642336 5527.194348067045 4933.239794358611 35.86450861394405 0 197.4698347896338 2268.394504725933 4571.083419248462 312.2629502266645 141.9294091910124 2.762365430593491 0.2254325747489929 0.2304739132523537 5.580124273896217 19.56313856691122 5.344214394688606 0.6099721789360046 4.831308931112289 9.394484549760818 13.24260196089745 6.518500827252865 2.455100804567337 6.651926845312119 2.27322855591774 724.1271672472358 341.8665969669819 25.60269048810005 0 0.366754949092865 10.71799180656672 20.33533617854118 4.267810314893723 11.08370190113783 9.381603434681892 28.4054664298892 12.43970268964767 0.4140609130263329 19.38175971060991 6.155389256775379 0 375.6343837305903 5.824838101863861 0.1011528819799423 0.8598276227712631 1.955570444464684 2.068351298570633 1.010193765163422 8.437723979353905 1.362354651093483 2.187022306025028 15.9293527752161 236.5254421308637 1.256684936583042 37.0883788689971 1.717465706169605 21.93071260303259 0.7783464342355728 200.1191793456674 3.274380587041378 6.026981770992279 8.120213933289051 5.975288361310959 2.365053571760654 7.78674640506506 17.12517417967319 145.3316255956888 0.2639643847942352 97.99615835398436 264.1695114374161 365.3967353403568 342.1908063814044 118.6267461404204 119.1876384168863 604.3717697262764 1.421205580234528 17.5204560905695 8.001782968640327 0.477441817522049 4.525654785335064 4.416745059192181 5.373308315873146 0.2455465793609619 5.586882241070271 0.2675829902291298 1.60740403085947 2.885140791535378 5.613633558154106 2.328079774975777 3.430888719856739 50.81532897800207 46.96714977920055 0 4.143298327922821 23.02715386450291 3.246157020330429 0 5.405003637075424 1.930611118674278 1.91362889111042 78.93066073954105 0 44.32304382324219 24.54654490947723 11.02772811055183 0.7886784970760345 92.79296909272671 53.32365507632494 48.38644622266293 26.33211255073547 0 0.248281866312027 0 0 0 0 0.2675943374633789 0 0 0 0 0 0 0 0 0.1583432406187057 0.3562669456005096 0.1801996231079102 0 2.841135650873184 0.1899911016225815 0 0 0 2.150244250893593 0 5.473692782223225 0.5980708301067352 0 0.1695627123117447 0 0 1.257770299911499 0.4720711410045624 0 0 6.592479050159454 4.205400913953781 0.3974449187517166 0.7131808325648308 0 0 0.2277894467115402 0.2434666603803635 0.2343431264162064 0 2.316877216100693 3.721272721886635 0 0.6619483530521393 0 6.566450729966164 0 0.1602140367031097 1.439855240285397 1.163733206689358 0.5293575301766396 0 0.4201974496245384 0 0 47.78805728256702 2.95378378033638 0 0 0.4480844810605049 0.6987221986055374 2.578916907310486 0.6540947034955025 3.444579511880875 0.6964605450630188 6.751128897070885 0.5630036592483521 1.420249119400978 0.9591542333364487 0 0 0 0.3567350208759308 0 0 0 37.52805471420288 16.23980149626732 3.322722665965557 533.2152971625328 143.5966604053974 480.8542350307107 149.2796913906932 82.48784431070089 137.2073932364583 3.784379318356514 150.9765251651406 16.16715581715107 0.3886560648679733 31.85175694525242 0 18.98853489756584 6.075766570866108 0.1192145198583603 4.757270321249962 7.600624367594719 0
36.05945602059364 25.7212829887867 34.877261698246 156.7618503421545 1.363663539290428 102.8929619640112 22.46240405738354 12.72488495707512 4.431290216743946 1479.063673257828 197.4698347896338 0 1718.671183407307 199.3817810714245 60.32124654948711 36.69751421362162 2.988402128219604 0.508070170879364 0 1.476699739694595 2.400671765208244 1.718309670686722 0 1.382213398814201 3.40077032148838 2.81671354174614 0.5362717062234879 0.4192201793193817 0.3805099278688431 0 12.30362925678492 4.846141636371613 62.44217890501022 0 0 0.2674030065536499 5.766546882688999 2.208831012248993 4.552865654230118 3.802262306213379 14.07773919403553 1.556164756417274 0 8.248724959790707 2.472928941249847 0.138191744685173 67.08676169812679 0.3649289011955261 0 0.1233075857162476 0 1.83223369717598 0.5919169783592224 3.629133880138397 0.1138957515358925 0.56119005382061 13.90788613259792 19.59070597589016 0.8574796915054321 3.746772021055222 0.1342053711414337 7.78571680188179 0 13.98156992346048 0.5984937623143196 0.6433766931295395 0.6757205575704575 0.7353930324316025 0.3859597444534302 6.306122601032257 15.09701082110405 166.6164743751287 0.4234532117843628 14.19658828526735 16.08824088424444 43.4097913056612 33.51716662943363 14.56156042963266 0.1517721861600876 174.6095915436745 0.504164069890976 1.454517655074596 1.857475899159908 0.152205154299736 0.5321606546640396 0.6026444360613823 0.4832384288311005 0.1754386425018311 0.6277245506644249 0.1879794895648956 0 1.16309866309166 1.451353006064892 0 1.978418722748756 3024.36319437623 405.4068198651075 0.4828507304191589 16.09276807308197 134.9243028312922 2.471738338470459 8.052198886871338 16.25366871803999 5.308050662279129 1.639604836702347 330.5640598386526 7.16921092569828 157.0690383464098 104.7642958909273 73.96224221587181 9.778995007276535 316.3589772954583 197.211044728756 197.8993431031704 27.7358807772398 0 0.5520585179328918 0 0 0 0 0 0 0 0 0 0 0 0 0 0 0 0 0 1.19534806907177 0.5464354902505875 0 0 0 0.9015673249959946 0 1.913143411278725 0.1144169420003891 0.1582811921834946 0 0.3708076179027557 0 0 0 0 0 10.57930542528629 6.97496286034584 0.318404495716095 0.7264895737171173 0 0.2273330092430115 0 0.1006654798984528 0.7579173147678375 0.1060481518507004 3.586923614144325 3.892100214958191 0.2646052837371826 0 0 1.998004034161568 0 1.440621763467789 1.424291059374809 0.274810217320919 0.2522180378437042 0 0.2578649669885635 0 0 28.27588939666748 0.8884885460138321 0 0 0 2.031616061925888 1.737280786037445 0.3004269897937775 5.538339227437973 3.204749077558517 5.606489300727844 0 0.8202961683273315 0.9734745025634766 0 0 0 0 0.1969161182641983 0 0 127.8284994959831 5.162048727273941 1.053819350898266 144.7300603836775 15.43079493194818 111.9481933116913 34.84845513105392 327.1197362095118 30.16405018419027 0.6636170446872711 57.51004826277494 19.19326836615801 2.057596884667873 41.52179725468159 0.4524164795875549 92.04934890568256 5.34738502651453 0.4530499279499054 9.323859930038452 1.644497379660606 0
44.32941238582134 394.2121816501021 322.7623232379556 634.7513161823153 337.1285547316074 61.08152332901955 1909.408838942647 186.6770547777414 637.6803243309259 6819.389446347952 2268.394504725933 1718.671183407307 0 4971.225755050778 260.641613483429 146.679638594389 11.45607139915228 0.6244778335094452 0 2.84014530479908 9.412617281079292 11.16039364039898 0 1.205718487501144 8.29145947098732 8.508225627243519 2.397415474057198 3.685846656560898 8.122957974672318 0.6451136767864227 67.63540303707123 20.15273305028677 2569.793692596257 0 0 11.56124404072762 177.4915232881904 22.97878430783749 154.4787755459547 24.38466109335423 21.5541784837842 6.816254906356335 0.1193258836865425 25.83120416849852 4.167103797197342 1.067562930285931 260.1266463249922 2.194511257112026 0.433687686920166 0.2396186664700508 1.526144459843636 4.048800185322762 13.51902706921101 9.020926252007484 0.4799996018409729 1.181157700717449 14.7718601077795 56.04332730174065 3.142652057111263 12.42213796079159 3.253134995698929 131.6044138595462 0.2321132719516754 57.21956120431423 0.695269301533699 3.503987222909927 4.271143451333046 4.026860661804676 0.3434237092733383 14.31321166455746 249.2500983774662 373.7657498270273 1.602305084466934 42.77691300958395 88.66359035670757 199.5326599627733 161.0733086541295 65.09363835304976 0.563797801733017 747.4376910999417 2.26117567718029 16.91413542628288 4.193518951535225 1.028817601501942 1.62715420871973 2.441509731113911 5.352124623954296 0.8449492007493973 3.093823358416557 0.549499049782753 1.178521424531937 1.596517868340015 3.822814077138901 2.813446514308453 5.126105017960072 3624.185966968536 391.257950797677 9.738885685801506 275.6313667148352 91.57433661818504 4.265574887394905 6.494791209697723 42.7567460089922 10.31112724542618 3.049547463655472 648.2659204229712 10.01196150481701 375.1111982911825 268.6713153421879 164.7231759130955 16.87799133360386 727.6623436287045 474.4404662251472 367.9232474565506 88.28274780511856 1.058417752385139 0.2326205670833588 0 0 0.1484532356262207 0 0.2147398442029953 0 0 0.3348867893218994 0 0 0.1483162492513657 0 0 0.1499398201704025 0.2652769386768341 0 0 7.854455903172493 0.9063871502876282 0 0 0.1934216320514679 5.021366253495216 0 12.0236399769783 2.343200594186783 0.8592488467693329 0 0.2473495081067085 0 1.549041628837585 0 0.3050181865692139 0.1383121907711029 36.16450246423483 28.1361139267683 1.134334221482277 0.4345817714929581 0 0.7343173697590828 0.5898171663284302 0.9728918522596359 0.7527424618601799 1.369521453976631 14.90927853435278 8.01548708230257 0 0.1961672902107239 1.196213364601135 14.32684089243412 0.6399111300706863 2.185395315289497 5.82798495143652 3.603821769356728 0.9711275696754456 0.8415365070104599 0.8813184797763824 0 0 136.6631028354168 2.99639031291008 0 0.1018093004822731 0.3513955622911453 3.79484124481678 13.93952265381813 3.761316910386086 20.1456967368722 9.752927243709564 20.45701865106821 0.5683062225580215 0.2997800409793854 3.441297374665737 0.1039544939994812 0 0 1.077858090400696 0.2581934109330177 0 0 273.3955160826445 32.74774879217148 9.897484630346298 612.6587653905153 126.0982079058886 439.0060436874628 162.2544989213347 276.6666759997606 146.4184067547321 2.730128198862076 186.1165641769767 50.21943839639425 2.753804735839367 125.6972007900476 2.818036198616028 168.1806543171406 23.57269189506769 3.185153976082802 44.19103872030973 12.19410697370768 0.4400206208229065
10.91449375450611 734.6036448851228 1264.574095703661 6.266685530543327 1723.245881259441 13.97395794093609 235.4064811319113 1043.30875313282 3085.327292427421 57.30616216361523 4571.083419248462 199.3817810714245 4971.225755050778 0 198.8569731339812 102.3401581048965 2.740063741803169 0.1030592769384384 0 1.116544239223003 4.782406240701675 5.584070831537247 0.1274874359369278 1.263158738613129 5.755713649094105 6.289295256137848 1.494047671556473 3.567100964486599 5.127531200647354 0.2341527193784714 137.2140871435404 33.67544580250978 521.9341813027859 0 0.7405861616134644 13.97419163584709 92.70297368615866 8.001773573458195 60.32096067070961 23.93810900300741 14.95998544991016 6.339880175888538 0.1596903055906296 16.36164809018373 2.99321548640728 0 210.8268341049552 2.721103809773922 0 0 0.459480494260788 5.535204768180847 4.917810872197151 8.770032405853271 0.3935058861970901 1.373512394726276 9.043033391237259 59.56417112797499 0.6787363663315773 14.99288577586412 1.452457964420319 48.78788839280605 0 57.63582149893045 1.09165932238102 1.880839109420776 4.982517868280411 3.829254247248173 0.3456400632858276 4.239928498864174 105.9647745788097 244.9066279679537 0.4117431193590164 36.89858689904213 87.06320590525866 186.6118370071054 151.5167642459273 54.03031787276268 8.176487967371941 1295.542964681983 2.001936420798302 30.85813135653734 2.808909423649311 0.3965717479586601 1.03131639957428 2.5941361784935 2.762128032743931 1.062531158328056 2.433978289365768 0.6602899804711342 1.410677999258041 3.7739162966609 3.734438389539719 0.7022766023874283 2.355980426073074 635.5842452049255 312.3522710576653 2.089509040117264 100.0385449528694 33.96552531421185 1.375573188066483 0.5399100184440613 11.11397431790829 1.896423250436783 1.211253255605698 162.2885568514466 2.365729063749313 105.6525955498219 52.18650381267071 31.0836616307497 7.671032220125198 209.351349003613 127.2685445919633 114.2511192709208 33.36158876121044 0.1956139504909515 0 0 0 0 0 0 0 0 0 0 0 0 0 0 0 0 0 0 3.478397950530052 1.064495608210564 0 0 0.2528955340385437 3.352860376238823 0.1152016893029213 5.478240013122559 0.8254948779940605 0.3724319264292717 0 0.2207684516906738 0 0 0 0 0 6.151141181588173 6.485884390771389 0 0.4471566826105118 0 0.7089240550994873 0.3110151737928391 0.4083796814084053 0.1079962775111198 0.1930668652057648 5.268006637692451 2.675550326704979 0 0.3534632325172424 0.6143719255924225 6.417147144675255 0 0.7976740598678589 2.120545655488968 0.5551465451717377 0.1204548254609108 0 0.2742404267191887 0 0 67.06314621865749 2.539834260940552 0 0.6514891907572746 0.3262273669242859 1.224596500396729 1.266086995601654 2.338252171874046 6.896089762449265 1.560624375939369 9.824908129870892 0.7127462029457092 0 1.658615097403526 0 0 0 0.1303080171346664 0.08395344018936157 0 0.1598934829235077 75.17642948031425 18.11193101108074 3.145725898444653 433.7207214161754 107.6083117946982 327.9482433050871 105.4738887026906 124.2196530476213 103.252841591835 1.373723782598972 126.2624465897679 18.21381034702063 0.8773876577615738 43.23417107760906 1.102950051426888 42.06424915790558 10.11648434400558 0.9901935607194901 13.89264103025198 4.056571677327156 0.4661775827407837
