0 5572.520855285227 90.78940011560917 1090.18263925612 804.8586626052856 285.3491592109203 1237.975233912468 9.13063208013773 191.4417202919722 2153.464956216514 81.43901481479406 137.3882064223289 716.0076431706548 142.3024335056543 9.678393542766571 0.528203010559082 0.382695771753788 0 0 0.1442373842000961 0 0 0 0 0 0.2494174763560295 0 0.6258983090519905 0.1636308580636978 0 555.2619880139828 10.27397699654102 3.402658611536026 0 0 0 1.305647119879723 0 1.407731130719185 0.4350859671831131 0 0.08711161464452744 0 0.5755719542503357 0 0.3841428831219673 73.11607529968023 0.580918550491333 0.09456405788660049 0 0.3855455815792084 0.1722758412361145 0.5224274396896362 0 9.583975210785866 5.757957562804222 340.7298884019256 2462.096677109599 60.85584207624197 43.86405343562365 0 1.952773481607437 0 29.59741766750813 3.960478588938713 1.992910996079445 0.8360577970743179 0.4873575493693352 0.1524375230073929 0 17.6266188621521 4.296239100396633 0 502.1939467713237 144.587559685111 156.6548935845494 29.92128863185644 4.652498066425323 0.6536327451467514 5.427182532846928 0.7262321710586548 2.409219428896904 11.90988928079605 0.5442706272006035 2.225886605679989 7.034690000116825 0.6244746372103691 0.5907953456044197 1.414541162550449 0 0.1069001331925392 0.8402401804924011 0.2834459841251373 0.5021058022975922 1.450705885887146 202.4473620057106 28.92855736613274 0 1.439674913883209 1828.582895994186 0.6398008465766907 0 0.601201593875885 0 0.8171082735061646 1.396741509437561 1.329100698232651 1.134933188557625 1.733081221580505 11.439039722085 1.000021830201149 11.00799129903316 2.249005690217018 9.595349878072739 3.592851981520653 0 0 0 0 0 0 0 0 0 0 0 0 0 0.241183266043663 0.1498564332723618 0 0 0 0 1.50862043350935 0.8255442976951599 0 0 0 0.8031111806631088 0.1312300562858582 3.114558294415474 1.614969477057457 0 0 0 0 0 0 0 0 0.5017180442810059 0.6604561433196068 0 0 0 0 0 0 0 0 0 0 0 0 0 3.944812029600143 0 0 0 0 0 0 0 0 0 9.258832849562168 0 0 0 0 0.7427626997232437 0.4729932844638824 1.3233492821455 0 0.1936112195253372 0 0 0.2517689764499664 0 0 0 0 0 0 0 0 4.491714224219322 2.144634544849396 1.792849719524384 311.1109675988555 8.930478937923908 191.4166844338179 22.87176219373941 1873.902369610965 97.87663860619068 1.775072105228901 47.50465112179518 1.817699685692787 0 1.206348076462746 0.162744477391243 5.036392986774445 0 0 2.699566781520844 0.5564591735601425 1.101466432213783
5572.520855285227 0 629.8340245783329 281.2708532065153 5209.443855904043 372.6058679670095 2851.80875916779 41.39203450828791 1135.128722220659 449.8361123204231 333.8688582926989 54.98108910024166 477.2247752398252 152.0261111557484 26.82248124480247 2.118626318871975 0.9540531188249588 0.1384198218584061 0 0.2794157564640045 0 0.4723773598670959 0 0 0 1.235572285950184 0 1.044446609914303 1.946436278522015 0.1306474506855011 6309.58150614053 98.53149420022964 2.579923793673515 0 0 0 2.294656381011009 0.09112881124019623 0.2433620318770409 0.5048261806368828 0 0.3912914544343948 0.1359152346849442 0.9451565220952034 0.1321384608745575 0.1577222049236298 163.4259430617094 1.424458973109722 0.3243502750992775 0.3125659599900246 0.9868361130356789 1.374969013035297 1.033149503171444 2.004922412335873 11.90695533156395 11.87688663601875 55.39621902257204 3225.270839124918 70.06726867705584 86.73018303513527 0.6075809523463249 1.892691805958748 0 147.770817451179 9.096326783299446 7.047544054687023 2.894635334610939 1.89992731064558 0.9656195566058159 0 9.760264031589031 2.870637536048889 0 596.6928245350718 329.7939167395234 298.7075586467981 158.2448110058904 20.74809079617262 5.652967877686024 11.96945273131132 4.15332704782486 7.725073531270027 25.18147710710764 2.050669610500336 5.193784818053246 15.26018790900707 2.761376023292542 0.7845869362354279 3.506847016513348 0.3406918421387672 1.10403198748827 2.52630103379488 0.3598269447684288 0.3747728541493416 3.300270043313503 75.46820048987865 4.600624799728394 0 2.218587331473827 1247.784073665738 2.266476631164551 0.4397502094507217 0.1908327490091324 1.333434373140335 1.849306106567383 3.924734026193619 1.949080914258957 4.911718264222145 1.087708592414856 9.344692513346672 1.989669427275658 10.34600791335106 4.257058963179588 17.4192156791687 6.361474424600601 0 0 0 0 0 0 0 0 0 0 0.660993754863739 0 0 0 0.1764456331729889 0 0.1553521156311035 0 0.2104034125804901 1.548554472625256 2.388904616236687 0 0 0 5.617749109864235 0.2280014455318451 6.741111427545547 5.244806796312332 0.7285310328006744 0 0 0 0.3621335923671722 0 0 0 1.395595788955688 0.4271306544542313 0 0 0.1622435748577118 0.2065430134534836 0.2349923998117447 0 0.3601106405258179 0 0.6365027576684952 0 0 0 0.1925333142280579 7.064612701535225 0.4104087576270103 0 0 0 0 0 0 0 0 15.96493668854237 0.6696951687335968 0 0 0 1.698403716087341 2.07596430182457 3.752178765833378 1.709793031215668 0 0.4452904760837555 0 0.2150931805372238 0 0 0.09835761040449142 0 0 0 0 0 6.700812980532646 3.360348463058472 3.037426501512527 316.7944980487227 32.76332379877567 332.6963116154075 50.52261876314878 798.7931360527873 142.7398320510983 4.866001889109612 65.13057289272547 3.568828143179417 0 4.742914736270905 0.8725277781486511 6.806164436042309 0 0 2.476057082414627 2.93699174374342 0
90.78940011560917 629.8340245783329 0 7.695146352052689 843.0977906137705 3.25876259803772 487.0134406015277 1324.852665871382 2399.226020984352 40.2730468288064 3751.186658188701 4.512190714478493 206.965250864625 970.3317102566361 24.9073139578104 10.53580559790134 3.114485792815685 0.7206145823001862 0.09512397646903992 0.6718850433826447 0.4680532366037369 0 0.5070078894495964 0 0 1.305764436721802 0.4018477648496628 0.4524355381727219 1.520997203886509 0 3408.35040859133 1156.429875440896 17.49980004876852 0.2543745636940002 0.7710891216993332 0 3.043655395507812 0 0.6099613979458809 0.360365092754364 0 0.6841710656881332 0.4817868247628212 2.599683754146099 0 0.9143630415201187 62.58164447546005 0.7712826952338219 0 0.8493139892816544 0.3110081478953362 0.8969381004571915 0.1815799623727798 0.850399062037468 3.333680890500546 3.862954191863537 30.16844929754734 1710.137667275965 25.2898750975728 29.44394607841969 0.7238045856356621 1.837159737944603 0 192.131100691855 3.061678864061832 1.513582043349743 1.283873341977596 0.7793775796890259 1.186042487621307 0.8067227378487587 19.77294717729092 7.700519025325775 0 266.6929602324963 277.8295612409711 125.6714634001255 101.2950747162104 23.82455456256866 137.4836186468601 685.5599385648966 13.82264997810125 60.23346266895533 6.476612783968449 0.2140938639640808 1.985062099993229 4.176255881786346 2.114520207047462 0.4816858768463135 1.331591032445431 0.2535435557365417 0.1939319148659706 0.430607981979847 0.9766857996582985 0.9315830394625664 1.643430687487125 41.06627202033997 21.61939462274313 0 1.896534472703934 76.23045690357685 4.419715151190758 0 0.7954385280609131 0 3.616291932761669 3.06728196144104 1.063961565494537 3.758362405002117 2.024429112672806 10.40933255851269 3.428841844201088 15.95730148255825 6.311647191643715 16.24700669944286 9.982849150896072 0.2835099399089813 0 0.1018463745713234 0 0 0 0 0 0 0 0 0 0 0 0 0 0.148633748292923 0 0 3.513605833053589 1.224480777978897 0 0 0 5.149549245834351 0 13.49618685990572 6.251581534743309 0.391187995672226 0 0 0 0.1904173642396927 0 0 0 0 3.040782622992992 0 0 0 0 0 0 0 0 0.7034824937582016 1.460447177290916 0 0 0 14.57922937721014 1.727649718523026 0 0 0 0 0 0 0 0 19.35414775460958 1.082875862717628 0 0 0 7.466461583971977 1.451202616095543 10.28297331929207 2.117252066731453 0.8671940267086029 0.5799293518066406 0.2144749015569687 0.6172941625118256 0 0 0 0.1826635450124741 0 0 0 0 8.406868375837803 5.209581211209297 9.93090858310461 159.1619171649218 16.14652924984694 164.2565050721169 35.70472484081984 96.43467918783426 56.93480820953846 0.8853447288274765 45.46634843200445 12.80284921824932 0.5025298446416855 4.788519755005836 1.583287507295609 10.34954591095448 0.6126146912574768 0 3.334850817918777 1.143053755164146 0
1090.18263925612 281.2708532065153 7.695146352052689 0 27.61679269373417 334.729734390974 611.968036390841 1.102349117398262 8.375498972833157 1519.842487692833 1.33501198887825 183.805386915803 858.3000611662865 135.43133597821 2.498932883143425 0.3670198619365692 0 0 0 0 0 0 0 0 0 0 0 0 0 0 8.915475912392139 8.287446603178978 0.5127942562103271 0 0 0 0.1631928235292435 0 0 0 0 0.1122750043869019 0 0.194051668047905 0 0 9.842865094542503 0 0 0.2172205373644829 0 0 0 0.2160870581865311 0.3496944308280945 0.3068657144904137 2.373900346457958 31.34609244763851 2.262165829539299 2.143828868865967 0 0 0 7.356629021465778 0.5050386637449265 0.1062836796045303 0 0.1156865358352661 0 0 2.667928695678711 1.618416503071785 0 19.51217276602983 10.12096487730742 10.48864559084177 11.31240317225456 0.8798764944076538 0.1189374849200249 0.4380730018019676 0.3296116292476654 0.3033210188150406 1.247080244123936 0 0.2695796713232994 0.4788976088166237 0 0.2230466306209564 0 0.6185079216957092 0 0.2422987371683121 0 0 0.8683001324534416 76.97292049229145 3.156173229217529 0 0 33.36791805922985 0 0 0 0 0.4062439203262329 1.559747248888016 0.6851458549499512 1.438137888908386 0 4.460782662034035 0.2061777263879776 5.257031321525574 1.792214244604111 5.736585035920143 1.080531179904938 0 0 0 0 0 0 0 0 0 0 0 0 0 0 0 0 0 0 0 1.464772552251816 0.1796431690454483 0 0 0 1.089873254299164 0 3.499281540513039 0.4284277260303497 0 0 0 0 0.2412593513727188 0 0 0 0 0.4141374081373215 0 0 0 0 0 0 0 0 0.4110482335090637 0 0 0 0 1.389854580163956 0.2034761607646942 0 0 0 0 0 0 0 0 5.795185908675194 0 0 0 0 0.5199160277843475 0 2.318561762571335 0.5225901007652283 0 0 0 0.1388681977987289 0 0 0 0 0 0 0 0 2.826420515775681 2.151202723383904 1.694584250450134 24.25376845896244 1.795779049396515 20.23094216734171 3.555005513131618 131.5211485102773 6.962568514049053 0.1304192543029785 5.122333168983459 1.566114693880081 0 1.305031791329384 1.307107299566269 4.838830530643463 0.4917494356632233 0 0.273516446352005 1.817469239234924 0
804.8586626052856 5209.443855904043 843.0977906137705 27.61679269373417 0 37.28726786375046 9941.344837792218 138.1171569228172 4289.79910942167 189.8649546802044 317.6623039990664 45.15859696269035 239.8461715951562 100.992912478745 26.939842030406 2.825137108564377 0.631297267973423 0.2887993827462196 0 0 0.307528629899025 0.4582881927490234 0 0.1245474070310593 0 0.5170059055089951 0 0.4023125022649765 1.086518555879593 0 428.0668712332845 122.8408404886723 2.069797955453396 0 0 0 1.240525379776955 0.2706069052219391 0.4455858170986176 0 0.2965047359466553 0.1159891411662102 0.1648126840591431 0.9137349426746368 0.1442558169364929 0 98.87074362486601 1.2975153028965 0.2927243858575821 0.2462784945964813 0.8217304646968842 0.4763155579566956 0.1281767785549164 1.312651611864567 6.009990394115448 6.053443007171154 14.25802391767502 399.345928452909 24.71197807788849 37.41049557179213 0.6133004948496819 1.158591374754906 0 98.07125710695982 4.294909588992596 3.037549771368504 1.268299482762814 1.160081803798676 0.2985326647758484 0 18.75308603048325 7.949413873255253 0 187.4905774369836 146.0636105537415 154.5104919448495 126.5235986858606 18.7143704816699 6.39949481934309 6.54657519608736 2.14418887346983 3.293946281075478 7.978524431586266 0.7050106376409531 1.467957824468613 6.874933682382107 1.283684946596622 0.491709791123867 1.920131854712963 0.4919805228710175 0.6297920644283295 0.5369829460978508 0.3414110839366913 0 2.158853739500046 134.5194064974785 12.87013736367226 0 2.969358623027802 104.8918142914772 3.957539930939674 0.8385705053806305 0.3727275729179382 1.055009871721268 4.588957712054253 5.177664518356323 2.69330108165741 8.752335712313652 1.440872997045517 17.27507510781288 7.425597473978996 25.58851999044418 13.61324682831764 28.89736026525497 13.60379280149937 0.189398780465126 0.1652834862470627 0 0 0 0 0 0 0 0 0 0 0.2791892886161804 0.5170144438743591 0 0 0 0 0.1348588466644287 3.303693979978561 3.827412769198418 0 0 0 8.17783921957016 0.4465534761548042 11.48602051287889 4.826245024800301 0.1933723986148834 0 0 0 0.4146427512168884 0.1706195771694183 0 0 0.7582413852214813 2.093812480568886 0 0 0 0 0 0 0 0 1.417803153395653 2.675710648298264 0 0.3154602944850922 0 22.01424679160118 3.75788702070713 0.2845975756645203 0 0 0 0 0 0 0 32.62553183734417 0.3024541735649109 0 0 0 4.744850859045982 0.5546635389328003 9.480023391544819 3.507126376032829 0.6183735132217407 1.352120071649551 1.294982567429543 0 0 0.245463952422142 0 0 0 0 0 0 13.84929233789444 9.920393273234367 8.32143809646368 180.6403373405337 21.89609929174185 197.7302723452449 37.36008530855179 166.9491777196527 78.69909219443798 2.26780428737402 42.57326692342758 10.84782190620899 0.5591042637825012 11.3713992908597 1.343579530715942 9.978825017809868 1.379049777984619 0 2.235014155507088 0.4986308515071869 0.4316199719905853
285.3491592109203 372.6058679670095 3.25876259803772 334.729734390974 37.28726786375046 0 263.7388577014208 3.979387253522873 22.40462868660688 840.3109045922756 8.142539575695992 157.8881328701973 280.3640371784568 63.85060660541058 0.7553916871547699 0.4869141206145287 0 0 0 0 0 1.683844685554504 0 0 0 0 0 0.1254553943872452 0 0 4.708782441914082 1.808672145009041 6.382449775934219 0 0 0 1.018038183450699 0 1.172057762742043 0 0 0 0 0.2701618671417236 0 0 5.675826281309128 0.1047127619385719 0 0 0.2937412858009338 4.990708559751511 3.516079008579254 0 1.457762338221073 1.051816381514072 136.4938561320305 134.5818325653672 4.479063756763935 2.679318264126778 0 0.3483873903751373 0 2.857088655233383 0.6160346269607544 0.08840956538915634 0 0 0 0 172.1124337911606 229.2472734004259 14.66442412137985 18.09811200946569 6.205191127955914 8.564043805003166 3.762181051075459 0.2156273126602173 0.3201859593391418 1.403019636869431 0.4323448091745377 0.207136943936348 0.4750753492116928 0.7371994107961655 0.115461066365242 0.2962538748979568 0 2.64536526799202 1.009418323636055 4.741082802414894 0 0.3907988965511322 0 0.2144828885793686 0.3684531301259995 866.6149511635303 454.5529351681471 16.36262035369873 17.22025540471077 504.9245277345181 0 0 0.4655569195747375 0 0.5582311153411865 0.6096653640270233 3.79281222820282 0 0 1.985622987151146 0 1.079283580183983 0.8435636758804321 4.102535411715508 1.006762027740479 0 0 0 0 0 0 0 0 0 0 0 0 0 0.4397751092910767 0 0 0 0 0 0 1.181218028068542 0 0.2069024294614792 0 1.810329005122185 1.121431201696396 2.897353008389473 3.211155593395233 0 0 0 0 0 0 0 0 0 0.2691494226455688 0 0 0 0.3612469732761383 0 0 0 0 0 0 0 0 0.2285309731960297 1.500250369310379 0.1154735460877419 0.1304106116294861 0 0 0 0 0 0 0 4.067640513181686 2.985476732254028 0 0 0 0.1276114284992218 0 1.352817133069038 0 0 0.1293654292821884 0 0 0 0 0 0 0 0 0 0 3.017086058855057 5.862571984529495 2.285809516906738 13.54746713489294 0.3030501902103424 16.92044667154551 2.177133806049824 318.0406029745936 7.126947924494743 0 2.721228130161762 1.417332828044891 0 1.100260347127914 0.1099372729659081 3.346632987260818 0 0 0.5540316849946976 0 0
1237.975233912468 2851.80875916779 487.0134406015277 611.968036390841 9941.344837792218 263.7388577014208 0 136.9590513855219 3637.922159969807 1629.480475522578 327.1122676804662 410.7120264619589 3792.079943165183 2156.060490652919 72.5227290019393 14.45978593826294 2.062410525977612 1.084734812378883 0.1402847617864609 0.1946449428796768 0.1500207036733627 0.2250935733318329 0 0 0 4.116317354142666 0 2.731495834887028 2.550286568701267 0 207.9155020490289 271.7143126130104 12.63139759749174 0.4689864367246628 0.3407092615962029 0 2.480417244136333 0.08956034481525421 1.956019729375839 0.5006999969482422 1.162571586668491 3.038784131407738 0.3733426183462143 4.287406086921692 0.1023955643177032 0.8058139309287071 231.4992780685425 2.248087711632252 1.170591652393341 0.7846603244543076 1.905455522239208 0.9029706865549088 0.7057125270366669 3.932232834398746 16.4715237095952 12.14928278326988 26.72516898065805 537.5308279544115 51.05896277725697 79.4108517691493 1.479669481515884 1.775413498282433 0 234.9596529975533 8.856340281665325 7.000180721282959 2.579030655324459 2.854680426418781 1.142869524657726 0.3942572027444839 74.45806561410427 29.50381319969893 0 336.7004658803344 283.0380353182554 307.9834522306919 350.7932865768671 56.31936345249414 17.17409060150385 20.27695301920176 10.84537586569786 19.96445591002703 19.69889082014561 1.809986755251884 4.74376866966486 16.84921811521053 3.223323583602905 0.3596948087215424 4.855598449707031 1.292261235415936 2.403213545680046 2.033797197043896 1.1996144130826 0.8820628449320793 5.919509060680866 815.6971053555608 37.24592359364033 0 10.05144515633583 104.3274237662554 23.60288248211145 6.576000973582268 4.031688928604126 8.033807754516602 29.00685938447714 39.12728083133698 11.43881839513779 22.41580235213041 15.93039633333683 108.8322630524635 26.60599158704281 115.9024820253253 60.88173196464777 157.9320879280567 67.61085915565491 0.4997678697109222 0.5068960785865784 0 0.6121051013469696 0 0 0 0 0.2797393500804901 0 0 0 0.3169225007295609 0.1382016539573669 0.20566526055336 0 0.3055791705846786 0.899889662861824 0.2066999673843384 19.06359773129225 27.43725161254406 0 0.2119407206773758 0 40.7063297778368 0.8303781300783157 54.13830517232418 21.33422961086035 2.286802098155022 0.4726957380771637 0 0 0.7307365089654922 0.5067021250724792 0 0 2.102032914757729 11.25608500093222 0.1627630442380905 0.1332375705242157 0 0.1116075962781906 0 0 1.175814002752304 0 3.243437357246876 7.826350338757038 0.3548909425735474 0 0.2102988660335541 72.04977956414223 6.549899332225323 0.877956211566925 0 0 0 0 0 0 0.1302632540464401 172.3481065556407 4.919171616435051 0 0.1945371329784393 0.7029252052307129 21.54543504118919 6.150643855333328 44.85560294985771 12.6290250569582 3.21859210729599 7.444886773824692 1.556433498859406 0.5480519235134125 0 0 0 0 0 0.1132610142230988 0.5481079816818237 0 86.28598659485579 30.86534448713064 27.50630625337362 482.5643415898085 53.99801997840405 523.9922827035189 120.5732067376375 478.4392191469669 208.2285832390189 4.942154914140701 132.1928299292922 34.07937029749155 2.315151743590832 45.14112229645252 7.621734231710434 67.64544129371643 6.99123702198267 0.5522940158843994 15.80333320051432 5.057508245110512 2.847006194293499
9.13063208013773 41.39203450828791 1324.852665871382 1.102349117398262 138.1171569228172 3.979387253522873 136.9590513855219 0 1452.291885741055 14.77253609895706 3090.061731904745 1.643655210733414 172.6286490187049 1416.649470105767 51.36971602588892 43.3739078193903 23.13133390247822 6.082980506122112 0.1832725554704666 5.295644924044609 2.872000455856323 0.5647653341293335 2.405642122030258 0.6579118669033051 0.984256699681282 1.358458422124386 1.067166708409786 0.3814419880509377 1.55923380702734 0.1327631622552872 185.0976501554251 1406.669191136956 371.6419521421194 6.803532436490059 3.897254958748817 2.098380982875824 9.06357879191637 1.848612673580647 3.622203134000301 1.879759348928928 0.1958824619650841 3.202063664793968 7.891800083220005 18.03419239073992 0.6520909667015076 7.043152771890163 95.86893650144339 4.015018068253994 5.336895063519478 13.61717122793198 1.527939565479755 1.413960002362728 2.531975112855434 1.684335224330425 2.495399616658688 3.58527097851038 10.03882918506861 218.0407677218318 13.04169584065676 13.93393384665251 28.03988817334175 29.06796291470528 0.4136801064014435 378.9433338865638 2.239535003900528 1.956007704138756 1.579690247774124 4.981580935418606 17.45451280474663 5.36064575612545 35.15387668460608 13.14706037193537 0 95.84202384203672 174.0025209784508 92.34406109899282 434.9627329036593 518.4974825307727 1546.402926146984 1815.406570650637 411.9711706265807 990.3362951502204 4.259071484208107 0.519570879638195 2.428669407963753 3.449899397790432 14.93563625961542 0.2955455183982849 1.416212067008018 0 0.7924105748534203 2.723165012896061 5.593013621866703 2.986921310424805 7.128160730004311 39.40111075341702 21.76494265347719 0 5.360964022576809 7.189137369394302 2.570755928754807 2.19268387556076 0 0 2.297866836190224 3.893743112683296 1.381131529808044 4.786845818161964 2.366693452000618 8.430574506521225 3.462373450398445 16.08286929130554 6.675559766590595 18.4766118824482 10.11779946088791 0.1234997138381004 0.5431915372610092 0 1.189663156867027 0 0 0.1094027981162071 0 0 0 0.1363603621721268 0 0.3920511156320572 0 0 0 0.6955115348100662 0.5393426567316055 0.7088285386562347 2.494508117437363 2.302256152033806 0 0 0 5.528620846569538 0 10.35446436703205 8.157768443226814 2.532394535839558 0 0 0 0.1903386861085892 0 0.5297242403030396 0 0.9302870184183121 2.112521775066853 0 0 0.1970860511064529 1.558341428637505 0.5780390799045563 0 0 0 1.230321496725082 1.33855339884758 0 0 0 13.26912689208984 1.410721555352211 0 0.1217367053031921 0 0 0 0.266354501247406 0 0 19.43099619448185 2.205370351672173 0 0 0 3.000950530171394 0.9710970669984818 8.087201669812202 1.831498727202415 0.3952857255935669 0.4363184124231339 0.3370700031518936 0.1176374852657318 0 0 0 0 0 0 0.1341626346111298 0 10.34134484827518 6.375753991305828 9.092835336923599 238.237940505147 23.91221674531698 260.3543814867735 64.79003921151161 58.23566953092813 57.9205447435379 1.410728804767132 84.19713316857815 9.039348408579826 0.1440063565969467 11.11272105574608 2.421979755163193 5.493242219090462 1.340398639440536 0 0.9772758334875107 4.937942154705524 0.199572890996933
191.4417202919722 1135.128722220659 2399.226020984352 8.375498972833157 4289.79910942167 22.40462868660688 3637.922159969807 1452.291885741055 0 73.64716608822346 3110.882171683013 35.61550512164831 1255.601829826832 2015.070594325662 70.29382798075676 28.90844213962555 4.248938128352165 0.3674276247620583 0 0 0.7148680537939072 1.239703312516212 0.1125940233469009 0 0.4285973981022835 2.767654173076153 0.2671156823635101 1.343456000089645 2.276619233191013 0 478.1472712308168 196.7500612586737 173.2809052839875 0.3058282062411308 0 0.1200272887945175 9.004790283739567 0.1169096976518631 2.349718861281872 0.6289767995476723 0.2782167941331863 1.070863708853722 0.762517511844635 6.752257943153381 0.2268692851066589 0.2473007664084435 134.7965111359954 1.539459183812141 0.566132128238678 1.066042706370354 1.003475300967693 1.19021237641573 0.734214685857296 3.280526541173458 6.719636291265488 6.438365809619427 19.20088559389114 550.7204832062125 31.59847267717123 35.90042205899954 1.911143012344837 4.003144584596157 0 94.78271397203207 4.256792657077312 3.52806693315506 2.278554305434227 1.762366026639938 2.26582108438015 0.1245818957686424 132.6254793927073 40.48341996967793 0.1369361132383347 222.4312949627638 177.4649583697319 175.1064129397273 212.6522749662399 50.13547652214766 25.71548113226891 46.40187029540539 18.09775491058826 29.44224674254656 10.8794866874814 1.679899774491787 2.665520399808884 7.900259628891945 2.503544874489307 0.2371053919196129 2.108340874314308 0.3532959595322609 1.584565870463848 2.036516629159451 1.235997892916203 1.337231636047363 3.591133460402489 304.1916773691773 51.20097629725933 0 10.66331914812326 74.16466670483351 10.89361958950758 4.640133440494537 2.139766857028008 2.438045278191566 18.01072198152542 20.4060862660408 6.29716782271862 21.22207766771317 8.463703751564026 66.24197226762772 25.85004505515099 83.4751236140728 41.95311687886715 100.2679894417524 31.95423258841038 1.249245546758175 0.1152128800749779 0 0.3453472256660461 0 0 0 0.1417478024959564 0 0 0.1552195996046066 0 0 0.1171882003545761 0.1101546436548233 0.1257117539644241 0.4642277806997299 0.1671598255634308 0 13.87441001087427 17.54866476356983 0 0 0 26.99216875433922 0.762477770447731 45.19043304026127 16.3053672388196 0.6237148940563202 0 0 0 2.137325450778008 0.1742676943540573 0 0 2.541850537061691 6.095059886574745 0 0 0.3661181926727295 0.2882490828633308 0.1792456060647964 0.4379724860191345 0.3748531937599182 0 3.145911671221256 8.403582595288754 0.3307706117630005 0 0.1400349289178848 57.87227777391672 4.142520882189274 0.4101820588111877 0 0 0 0 0 0 0.333156943321228 117.5486599206924 4.654260441660881 0 0 0 16.32145351171494 5.484773501753807 21.83596888184547 7.105297267436981 1.887380078434944 3.448386020958424 1.751344814896584 2.435226544737816 0.1696223467588425 0 0 0 0 0.2637275159358978 0 0 54.20323260128498 28.54541847109795 25.83294912427664 330.9912112951279 41.90060998499393 341.7648638859391 97.26104896515608 153.1716470867395 124.7986307516694 3.173403166234493 109.6859959363937 29.38284239917994 1.507589608430862 28.417494751513 4.970836661756039 36.44362089782953 3.95624315738678 0 10.47340127825737 4.529577657580376 0
2153.464956216514 449.8361123204231 40.2730468288064 1519.842487692833 189.8649546802044 840.3109045922756 1629.480475522578 14.77253609895706 73.64716608822346 0 31.3600906431675 1253.912784412503 6773.71491304785 602.3132113814354 7.805418327450752 2.109574280679226 0.181799054145813 0.2083270996809006 0 0 0.1880512833595276 0.1531318873167038 0 0 0 0.4867765083909035 0 0 0.2791715860366821 0 15.67034961283207 20.9472825974226 16.35406942665577 0 0 0.127601683139801 0 0 1.039287835359573 0.252337172627449 0 0.1322425007820129 0 0.4224207326769829 0 0 28.10320965200663 0 0.3168695122003555 0.1709359437227249 0.2853722870349884 0.1513492614030838 0 0.7657865285873413 1.798763118684292 1.705261774361134 19.52193534374237 88.73985911160707 8.78881212323904 10.86834950000048 0.1186329796910286 0.6149746626615524 0 21.68425767123699 0.8160649240016937 0.4359932243824005 0.4867200031876564 0.175407275557518 0.1289342790842056 0 66.00858961045742 22.32882161438465 0 48.82467605173588 28.99670944362879 32.10845660418272 37.67553107440472 6.223641946911812 1.261254787445068 4.16129644215107 0.8505335748195648 2.225919313728809 3.033559501171112 0.3138906136155128 0.490200400352478 1.516272582113743 0.6482059434056282 0.1007662862539291 0.08608919382095337 0 0.105487234890461 0.4301363974809647 0.1238704174757004 0 0.7532784789800644 893.0679713636637 49.81166686117649 0 5.44066646695137 262.9694615453482 6.645505249500275 11.71134231984615 76.03543862700462 53.05477528274059 9.123931705951691 16.3979607373476 26.37427151203156 14.32906652987003 20.45338693261147 94.26748578250408 14.5988705009222 60.48066458851099 38.45795588195324 83.95985363423824 20.19555966556072 0 0 0 0 0 0 0 0 0 0 0 0 0 0 0 0 0 0 0 6.914736479520798 9.133000090718269 0 0 0 10.64131438732147 0.2272282689809799 10.54917648434639 3.929813206195831 0 0 0 0 0 0 0 0 0.5940823405981064 2.803157307207584 0 0 0.1575229912996292 0 0 0.14016954600811 0.7079929709434509 0 0.6583044081926346 3.01642732322216 0 0 0 12.88525389134884 2.644484162330627 0.1654763966798782 0.09688080102205276 0 0 0 0 0 0 72.03597442805767 0.6906527876853943 0 0 0 6.421013548970222 0.5912294387817383 4.836190894246101 4.741078816354275 1.61333341896534 1.592687711119652 1.140247777104378 0.4670390635728836 0 0.3673661053180695 0 0 0 0 0 0 45.216133877635 7.465266361832619 7.136645257472992 74.31658849865198 5.922052130103111 64.76219832897186 11.46427112817764 594.2022772058845 25.08886107802391 0.8851775899529457 23.15934193879366 14.84209121018648 0.9862701445817947 12.48329301178455 1.767337247729301 39.83836588263512 2.72483429312706 0 4.836344808340073 1.289594173431396 0
81.43901481479406 333.8688582926989 3751.186658188701 1.33501198887825 317.6623039990664 8.142539575695992 327.1122676804662 3090.061731904745 3110.882171683013 31.3600906431675 0 6.019964978098869 492.1919069513679 1485.262056551874 106.3369494900107 69.2685619071126 12.94422507286072 1.147542268037796 0.235931433737278 1.629399962723255 1.945521406829357 1.350849308073521 1.890281461179256 0.2574788630008698 0.7119481936097145 2.072042986750603 0.3359916135668755 2.803370423614979 4.157122865319252 0 440.1946958228946 887.9460122063756 802.600166939199 2.314804285764694 2.693955168128014 1.668879017233849 33.30416682362556 1.69435877352953 3.802332028746605 2.283998087048531 1.072667948901653 2.000705547630787 1.965326696634293 13.87351302057505 0.5860736966133118 1.04188821464777 155.7339744493365 3.023879311978817 1.08259142935276 4.980992197990417 1.918492399156094 2.61444765329361 1.575825616717339 4.829154968261719 7.70777802914381 5.754454165697098 17.21966657787561 512.5393199473619 26.91982960700989 44.12750620394945 5.183604210615158 15.98249145597219 0.1348643749952316 151.3320396319032 4.681738898158073 4.784621506929398 2.10136004537344 4.108407638967037 6.931731052696705 3.464299418032169 165.759391926229 38.47692152112722 0.3316073715686798 192.8248316124082 204.8428513631225 184.2729027718306 315.3230257108808 89.58093671500683 179.3319135755301 497.9650777280331 47.68509332835674 90.42848155647516 11.98520255833864 0.718204602599144 3.451363511383533 9.826735891401768 3.999284729361534 0.3322153091430664 2.90245258808136 1.17107916623354 1.752723999321461 2.324502006173134 3.409102268517017 2.005410276353359 5.21886432915926 133.9254698231816 55.01981312036514 0 13.12533731758595 40.48227163404226 9.774148784577847 0.3969283401966095 1.666246086359024 1.043305844068527 11.86653576046228 12.55717462301254 2.261445894837379 13.15253372490406 3.283101201057434 19.71335135400295 12.85933615267277 41.86999191343784 18.17594350874424 48.06623833626509 23.95649886876345 1.111649267375469 0.2944050431251526 0 0 0 0 0 0 0 0 0 0 0.117461584508419 0.3795549273490906 0.131480410695076 0 0.7089581936597824 0.3809569329023361 0.1609253287315369 8.354836635291576 11.23029193282127 0 0 0 16.62010163813829 1.907765701413155 32.21594374626875 17.35166557878256 1.203066632151604 0 0.8041542172431946 0 0.7538671642541885 0.1155893355607986 0 0 2.315949134528637 3.403610840439796 0 0 0 0.7232786267995834 0.9921212494373322 0 0.6708205416798592 0 2.059314534068108 3.495167925953865 0 0 0 32.75397947430611 3.063903339207172 0.1842278838157654 0.3661925196647644 0 0 0 0.1224550306797028 0 0.1407558172941208 66.31030536442995 6.510871291160583 0 0 0.2946575582027435 14.84504457563162 1.973283737897873 18.93280585110188 5.394656911492348 1.677333183586597 2.604939788579941 1.170815609395504 0.9795243442058563 0.2226384878158569 0 0 0 0 0.1025576293468475 0 0 24.97034353762865 19.0612952709198 24.00395701080561 415.8847537636757 48.02583061158657 431.0810342133045 119.0107550993562 128.514221124351 130.2834216952324 3.011833176016808 134.9425355345011 24.31052789837122 1.943424433469772 15.32069922983646 2.661229528486729 30.33476893603802 3.214794784784317 0.5000834465026855 4.712512373924255 5.166458517313004 1.256920084357262
137.3882064223289 54.98108910024166 4.512190714478493 183.805386915803 45.15859696269035 157.8881328701973 410.7120264619589 1.643655210733414 35.61550512164831 1253.912784412503 6.019964978098869 0 3924.79740858078 207.5374046564102 0.7473814785480499 3.275015965104103 0 0 0 0 0 0 0 0 0 0 0 0.314807265996933 0 0 0.7673120349645615 2.252482518553734 36.68099237978458 0 0 0 2.837546646595001 0 0 0.1685487627983093 0 0 0 0.385337769985199 0.2107832133769989 0 6.631552532315254 0 0 0 0 0 0 0 0 0.2279132902622223 0.8018739223480225 4.185497999191284 0.4188042506575584 0.7412560433149338 0 1.172378838062286 0 1.445610024034977 0 0 0 0 0.1294689923524857 0 89.69135099649429 13.25692701339722 0 4.907655335962772 2.261787854135036 2.956385999917984 5.430358752608299 1.199933856725693 1.308930158615112 3.576961547136307 0 0.2466304525732994 0 0 0 0.09317959845066071 0.197675496339798 0 0 0 0 0 0.2325975298881531 0 0 921.7166636586189 20.40687766671181 0 1.662747830152512 20.16458450257778 8.587042465806007 7.478607773780823 2.253752738237381 4.560224682092667 8.627867370843887 19.96305474638939 7.631046161055565 20.73247119784355 6.380083739757538 60.75701205432415 19.37500044703484 67.14457553625107 31.73838871717453 93.72385129332542 24.22930103540421 0.1339032799005508 0.1778362393379211 0 0 0 0 0 0 0 0 0 0 0 0 0.2627615332603455 0 0 0 0 9.429574951529503 11.04567192494869 0 0 0 20.95878764986992 0 18.94150522351265 3.262043580412865 0 0 0 0 0.3913548439741135 0 0 0 0.5647958368062973 3.019782856106758 0.28968545794487 0 0 0 0.3264397084712982 0 0.6586011052131653 0 3.780127659440041 4.389678135514259 0.9215194582939148 0 0 30.18518052995205 3.806426882743835 0.4582332968711853 0 0 0 0 0 0 0 74.11010749638081 0.9228334426879883 0 0 0 4.976930126547813 1.346260994672775 7.623653993010521 5.89284972846508 2.150508239865303 1.281535550951958 0.8108170628547668 0.3017271608114243 0 0 0 0 0 0 0 0 39.48242689669132 6.125250399112701 7.780169263482094 26.08124440163374 0.1285327225923538 13.97901814430952 3.436358094215393 104.3406858295202 4.458505727350712 0 7.131229683756828 16.21202251315117 0 20.9870613515377 3.965017579495907 38.53181757032871 1.129018515348434 0.4238293468952179 5.153638020157814 0.4850677251815796 0
716.0076431706548 477.2247752398252 206.965250864625 858.3000611662865 239.8461715951562 280.3640371784568 3792.079943165183 172.6286490187049 1255.601829826832 6773.71491304785 492.1919069513679 3924.79740858078 0 4225.083447739482 61.38014982640743 55.45886389911175 4.342950999736786 0.1314979493618011 0 0.1984574645757675 0.4756674468517303 0.5820574015378952 0.4085277616977692 0.1228135675191879 0 2.378497146070004 0 1.712005779147148 2.599146112799644 0.5198010206222534 45.865115493536 49.1078988686204 1531.292274817824 0.2192093729972839 0.244314044713974 2.272123798727989 271.7179160118103 0.2869743481278419 15.15419256687164 2.150853753089905 0.5182493180036545 0 0.3467448800802231 8.605223082005978 0 0.5080179944634438 77.45652355998755 0.6472468003630638 0.4057917892932892 0.2386140525341034 0.6431081295013428 0.5535479485988617 3.199697926640511 2.587671749293804 3.17174007743597 2.525357566773891 6.485959887504578 110.4458853006363 8.83678936958313 16.92832925915718 0.8993407413363457 26.6548080816865 0 34.05101186037064 1.286137007176876 1.836384907364845 0.8038399741053581 0.9883866682648659 2.106929786503315 0.1475280821323395 1571.693240009248 69.98275575041771 0.1732257902622223 66.99079428613186 48.10792887955904 73.58079899102449 135.1578085422516 36.57379219681025 11.19511937350035 88.54771063476801 9.115818873047829 11.25207435339689 3.800851337611675 0.3979259356856346 1.610997661948204 3.553970590233803 1.375511713325977 0.3001564666628838 1.271240286529064 0 0.2204130738973618 1.034296236932278 0.8233737945556641 0.9823078587651253 2.739556297659874 3980.995529353619 76.56483614444733 0.301653653383255 72.75465723872185 48.64421889185905 27.87050861120224 8.976181149482727 5.350112065672874 9.479432344436646 39.14043559134007 56.1625913977623 22.2908139526844 48.61480912566185 21.97590532898903 155.197431653738 44.75962063670158 182.800181530416 94.72638747096062 246.5726858153939 104.4547940790653 1.826163768768311 0.2793922573328018 0 0 0 0 0 0 0 0 0 0 0 0 0.1860412359237671 0 0.6164088696241379 0.5324909240007401 0 26.96065032482147 38.8471358269453 0 0.2564026117324829 0 61.08997895568609 2.252885088324547 65.26766253262758 20.17437200993299 1.053030923008919 0 0.1420371979475021 0 1.409918203949928 0 0 0 4.524565421044827 16.10775528848171 0.09658879041671753 0 0 1.19428439438343 0.4601166844367981 0.2864155471324921 0.8933128416538239 0 4.834568105638027 13.37798485904932 0.7451499253511429 0.1688852310180664 0 86.72387206554413 9.970597870647907 0.8518664538860321 0.09754092246294022 0 0 0.1052077859640121 0 0 0.1204603984951973 313.7647688686848 9.01653091609478 0.1375414580106735 0.1566142588853836 0.1432320028543472 33.13858073949814 8.236134648323059 36.15622510015965 18.26780822873116 3.531925417482853 6.075201362371445 3.723973467946053 3.376544207334518 0.08553247153759003 0 0 0 0 0 0 0 153.5987578481436 51.29237087070942 42.14036116749048 273.0641740709543 25.05571156740189 220.5089188292623 71.69934038817883 235.8710280507803 72.26420635730028 1.896355397999287 96.56051155924797 38.45995809137821 1.792206898331642 43.57257559895515 7.555784940719604 74.69538795948029 7.467942491173744 0.2442081272602081 11.943294018507 5.448870040476322 0.3480845093727112
142.3024335056543 152.0261111557484 970.3317102566361 135.43133597821 100.992912478745 63.85060660541058 2156.060490652919 1416.649470105767 2015.070594325662 602.3132113814354 1485.262056551874 207.5374046564102 4225.083447739482 0 103.8355503976345 101.8964737430215 7.560469150543213 0.4969508796930313 0 1.427039369940758 2.464484497904778 0.2173541784286499 0.6845981925725937 0 0.7261368781328201 1.765785999596119 0.3761657327413559 1.545418120920658 2.914287433028221 0 137.3914652243257 196.0573438256979 2837.174948938191 2.073885872960091 0.9807992279529572 1.382107704877853 499.4105008840561 0.9707801192998886 16.14602288603783 4.982754781842232 0.554350234568119 1.811483278870583 0.2128929644823074 14.2397940531373 0.1894288957118988 1.081679746508598 128.3459179550409 1.430847868323326 0.688492439687252 2.647834792733192 2.232666999101639 0.8284003734588623 1.492922335863113 3.318033166229725 4.978208035230637 2.950668632984161 9.801771953701973 218.9415909275413 18.49346049875021 25.04554113000631 2.97697788476944 76.38738803565502 0 71.54663003981113 3.33673207461834 3.462411135435104 1.081642985343933 2.944213584065437 4.900137566030025 1.518323302268982 1384.932573206723 152.8272336497903 0.1442208290100098 116.5841334462166 90.62826082855463 124.483171723783 240.6870903149247 72.07465083897114 52.32546066492796 394.8506195321679 29.91199740022421 42.67617151886225 5.345609612762928 0.4249753132462502 1.617900393903255 5.478327609598637 4.376525111496449 0 1.319600366055965 0.2811887562274933 1.098392963409424 2.259672753512859 3.855413414537907 1.473765350878239 3.208461530506611 1138.447358176112 190.0277596861124 0.4676389098167419 59.07672019302845 24.44002675265074 23.61038658767939 5.577978685498238 2.909638091921806 7.497647821903229 26.26591522246599 32.69817999005318 12.67523929476738 33.09019528329372 15.27855739742517 103.3643878996372 40.84552589803934 120.0341670513153 79.7467147782445 158.0915505290031 75.23359674215317 0.9898984283208847 0.2856451123952866 0.1684561669826508 0.8847807645797729 0 0 0 0 0 0 0.5302192568778992 0 0 0.4549357295036316 0 0 0.7223214209079742 0.4028817117214203 0 26.71067181229591 32.0360965654254 0 0 0.1973018944263458 51.13047921657562 0.5667847394943237 87.96772214770317 25.47498854994774 3.063356719911098 0 0 0 1.004510998725891 0.2591977044939995 0.1828586161136627 0 4.550091408193111 14.42708325386047 0.4990107193589211 0 0 0.7389607131481171 0.1246921420097351 0.1132834926247597 1.364814631640911 0 4.936084352433681 11.80907155573368 0.8179947137832642 0.1413541287183762 0.7078150808811188 109.7762634828687 8.595054656267166 1.268719881772995 0.3199514597654343 0 0.08619853109121323 0 0 0 0.5605341196060181 236.355449333787 14.8840576261282 0.4148746132850647 0 0 29.39707960188389 9.511668086051941 42.86942062526941 14.23357090353966 6.496596083045006 7.974910162389278 2.793870933353901 2.770999416708946 0.2650712430477142 0.1766157001256943 0.138769343495369 0 0 0 0 0 117.0236453637481 59.77903055399656 51.40333810448647 481.9427466988564 44.80921066552401 383.0107342600822 106.8172817826271 153.5408696830273 105.7264266684651 2.737103156745434 166.9722589179873 51.74921540915966 1.701276049017906 52.18981415778399 8.641630932688713 59.79092317074537 8.158286489546299 0.7859960719943047 16.39541862159967 7.092305585741997 0.8461243808269501
