0 7085.891561940312 1325.589493207633 2538.470619246364 282.5551067590714 147.8699418604374 950.1862475052476 389.1205773949623 71.75513561069965 2241.197151243687 407.7853632569313 367.128317579627 256.2636034786701 153.440895691514 0.4198208004236221 0.4917934685945511 0 0 0 0 0.1722550839185715 1.837981417775154 0 0 0 0 0 0 0 0 232.7917881458998 11.18163459002972 62.84596975147724 0 0 0.9653473496437073 26.137994363904 3.297738581895828 0.2249094247817993 0 0 0 0 0 0 0 5.58470793813467 0.847249910235405 0.1294870525598526 0 0 3.917004033923149 0.1596631854772568 0.2400042712688446 2.94791067391634 1.534148842096329 89.7847301363945 1870.825516968966 9.273255959153175 9.83340285718441 0.1358775496482849 11.74241288006306 0 7.77921661734581 2.122823476791382 0.670841246843338 0.3484316766262054 0.3548340201377869 0.2583864703774452 0.3428376466035843 68.08486227691174 39.5462788939476 1.494046077132225 172.271550655365 53.36871300637722 7.708736464381218 6.711048543453217 0.1382652968168259 0.1892287135124207 79.25423253327608 0.5068256407976151 7.747108682990074 7.794114001095295 0 1.960719846189022 0.8498550057411194 0.3615613281726837 1.865014031529427 0.7104489132761955 2.879183068871498 0.3726163655519485 0.784899041056633 0 0.4884731248021126 0.8188344240188599 382.8293723762035 112.9438290148973 0.9449532628059387 0.5710021108388901 1176.66114243865 0 0 1.96932914853096 0 0 32.15236920118332 0 5.972152054309845 1.529203951358795 0.6203350424766541 0 8.973015606403351 4.938087582588196 11.41583693027496 8.942470863461494 0 0 0 0 0 0 0 0 0 0 0 0 0 0 0 0 0 0 0 0 0 0 0 0 0.7043152451515198 0 2.106885105371475 0.7304484844207764 0 0 0 0 0 0 0 0 0 0 0 0 0 0 0 0 0 0 0 1.050673991441727 0 0 0 2.012215673923492 0 0 0.2039262652397156 0 0 0 0 0.1985653042793274 0 5.881693214178085 1.243343442678452 0 0 0 1.396617233753204 0 2.588515967130661 0 0 0.6580417901277542 0 0 0 0 0 0 0 0 0 0 0.9454132616519928 1.039881348609924 7.908792167901993 142.4943863898516 3.542962342500687 69.70569215714931 21.59163119643927 1088.050041809678 12.57058683782816 4.991480782628059 11.61890011280775 15.97061276435852 0 1.198816880583763 0.4420589506626129 6.712837934494019 0.788548469543457 0 0 0 0
7085.891561940312 0 1587.4372394979 948.6898484751582 2754.183292195201 230.8214671090245 2917.71474879235 1401.0745960325 1743.328595302999 1681.755419835448 2962.73247743398 6.32969768345356 637.7906771302223 178.5142526477575 2.245417661964893 0.9217833876609802 0 0 0 0 0.5090449899435043 0 0.1023524552583694 0 0.1292308568954468 0.5596866309642792 0.2543449029326439 0.5560810267925262 1.251321405172348 0 1180.751698359847 41.70125618577003 29.52704910933971 0 0 0.3758196532726288 14.08621901273727 1.356755368411541 1.789881311357021 0 0 0.4504152238368988 0 0.4581409990787506 0 0.1703206747770309 52.367816016078 6.88351709395647 0.6497534513473511 0.8271851092576981 4.441444732248783 0 0 0.4054564535617828 11.85008297860622 8.489216446876526 67.95973984897137 1844.210992313921 10.75861023366451 43.19245155900717 0.3785919845104218 7.224795803427696 0 150.2997351512313 14.67130575329065 7.166117921471596 5.385877169668674 4.285510413348675 0.6542420983314514 0.5222425758838654 12.17451517283916 8.180622085928917 0 269.843446187675 445.9680242165923 78.7672331109643 98.59767469763756 4.630479082465172 1.386378556489944 47.76190238445997 0.6973859071731567 8.506143115460873 30.36422372609377 0.4208567216992378 10.86799502372742 2.799845851957798 2.546485334634781 0 1.364062204957008 0 1.962984085083008 1.680238306522369 1.920360624790192 3.409825526177883 1.088522151112556 64.10758268088102 4.366142958402634 0 0.2270616888999939 833.1500836312771 0.4047539830207825 1.573846042156219 2.197055175900459 0.6989967226982117 0 73.01410150527954 0.1817406713962555 11.81287401914597 4.450417295098305 4.161659210920334 1.870706275105476 42.28989914059639 20.41887804865837 22.42177268862724 25.14863008260727 0 0 0 0 0 0 0 0 0 0 0 0 0 0 0 0 0 0 0 0 0 0 0 0 1.461968943476677 0 1.230910211801529 1.037842974066734 0 0 0 0 0 0 0 0 0.1475672870874405 0.9782245010137558 0 0 0 0 0.1634665280580521 0 0 0 0.6419090330600739 1.845449775457382 0 0 0.4318002164363861 8.810675621032715 0 0.1162773370742798 0.1980545073747635 0.1029241755604744 0 0 0.3797184526920319 0 0.3159770369529724 18.66234959661961 0.849989727139473 0 0.1600708067417145 0 2.567038908600807 0 2.068650037050247 1.262222826480865 1.32407183945179 0.1618056893348694 0.8866786956787109 0.2815446555614471 0.8441525548696518 0 0 0 0 0.1037242859601974 0 0 7.475287243723869 1.565447896718979 5.686485335230827 352.9506497010589 52.21753989905119 352.5702327415347 71.96300087124109 1086.13613563776 54.70802572369576 17.96273471415043 42.36216259747744 14.02259106934071 0 3.91827081143856 1.215458050370216 11.41296295821667 0 0 1.987740620970726 0.1897041946649551 0
1325.589493207633 1587.4372394979 0 44.74004128575325 705.1196699440479 18.93960812687874 128.1865131258965 8456.754405595362 478.8124720528722 22.90457424521446 4078.80226431787 1.493082508444786 85.73230330646038 368.3062329664826 11.35281245410442 4.786835327744484 1.038050830364227 0 0 0.8513732701539993 2.046669453382492 0 1.025953859090805 0.1503378599882126 0.1782587021589279 0.4503699839115143 0.1055431962013245 0.2740584015846252 0.9091216027736664 0 5959.312470123172 713.0676722973585 67.18921835720539 0 0.9077532216906548 1.298857539892197 17.74738792330027 2.509719237685204 3.234286904335022 0.1813683062791824 1.947885826230049 0.8699018880724907 0.3805493265390396 2.527616731822491 0.3877437859773636 0.4408997148275375 48.05104472488165 2.900473929941654 0 0.5836103856563568 3.333298608660698 0 0.3931166231632233 0 5.321556568145752 3.656591765582561 25.15275952219963 1753.457435436547 3.85333152115345 24.60029207915068 1.705172419548035 22.91320022940636 0.5015595853328705 682.4378809183836 5.212728023529053 3.477990977466106 2.976710453629494 6.412743024528027 7.840025164186954 9.042903587222099 15.65209066867828 6.216869443655014 0 137.6546628549695 312.7523669302464 63.20550690591335 105.1100876256824 12.53459507226944 25.2112770229578 765.9108304381371 6.491178259253502 107.3696533292532 13.36156085133553 0.2153014242649078 3.119371503591537 1.624608531594276 1.42342896014452 0 0.696282759308815 0.2542844712734222 2.0411631539464 0.3991608247160912 3.119583569467068 1.459351748228073 1.399142757058144 19.25381676852703 0.5156204700469971 0 0.6572710275650024 210.0073695927858 0 0 0 0 0.7455763220787048 9.738544121384621 0.7141070961952209 3.997329965233803 1.306044891476631 2.53894966840744 0.7278934717178345 18.75214439630508 5.027622148394585 10.99909591674805 19.9342914223671 0 0 0 0 0 0 0 0 0 0 0 0 0 0 0 0 0 0 0 0.5900422632694244 0 0 0 0 0.626139909029007 0 5.685579121112823 1.056114450097084 0 0 0 0 0 0 0 0 0 0 0 0 0 0 0 0 0 0 0 0.2479249089956284 0 0 0 4.568748787045479 0.3604278862476349 0 0 0 0 0 0 0.1683147102594376 0.1574459671974182 10.98305295407772 0 0 0 0 1.942133024334908 0.4247880876064301 0.9942748844623566 1.751104101538658 0 0.1361258029937744 0.1309400796890259 0 0.1324331164360046 0 0.1485272496938705 0 0.2725479602813721 0 0.2152739465236664 0 3.518805086612701 1.171404629945755 2.723522394895554 167.5880578309298 24.44575023651123 202.0573350936174 33.86298312246799 267.247784987092 31.81258111447096 7.225812964141369 34.71374901384115 5.600490465760231 0.1125824525952339 2.508541822433472 1.628447726368904 5.84876337647438 0.2124549746513367 0 0.2646052837371826 0.8289429098367691 0
2538.470619246364 948.6898484751582 44.74004128575325 0 29.95439188182354 598.3008129745722 671.9103561192751 2.170375823974609 66.76833666115999 2324.588546320796 9.493224591016769 497.120182454586 792.9866280853748 161.9840487986803 0.1356703191995621 0 0 0.3023980855941772 0 0 0 0 0 0 0.1189775988459587 0.2856797575950623 0 0 0 0 71.49586698412895 1.100095212459564 16.92095775902271 0 0.1982278674840927 0 2.785154491662979 0.2334743738174438 0.86506088078022 0 0 0 0 0 0.1375544816255569 0 6.67165919393301 0.8910170793533325 0.2589007616043091 0 0.9478681981563568 0 0 0 2.401859529316425 1.206622935831547 17.37601555883884 394.26319219172 2.397040516138077 5.73204892873764 0 3.236086145043373 0 12.74807249009609 2.069181330502033 0.8662315756082535 0.9631723985075951 0.7874793261289597 0.2695793733000755 0.1315337121486664 6.931534320116043 4.071183979511261 0 60.32975979149342 69.72636489570141 8.905088946223259 8.850350245833397 0.7002065926790237 0.2049067914485931 33.24827904999256 0.2399617433547974 0.754185676574707 6.229148954153061 0.139585480093956 1.279611334204674 0.8107805401086807 0.1362112313508987 0 0.2483300492167473 0 0.5699346363544464 0.8389386981725693 0.2728986144065857 0.3725803643465042 0 147.0181222259998 0.8339216411113739 0 0 451.8934008926153 0 0.8961962163448334 0.538007527589798 0.2995390594005585 0 34.65342704951763 0.2480580508708954 11.16437271237373 2.95430463552475 3.402827069163322 1.389059647917747 36.14913277328014 19.37915374338627 23.81424576044083 10.70070157945156 0.1722476035356522 0 0 0 0 0 0 0 0 0 0 0 0 0 0 0 0 0 0 0.8798246532678604 0 0 0 0 1.198587656021118 0 1.032715916633606 0.4941296577453613 0 0 0 0 0 0 0 0 0 0.6469961404800415 0 0 0 0 0.2102039605379105 0 0 0 0.2818493545055389 0.8737562894821167 0 0 0 2.304914608597755 0 0 0 0 0 0 0.1439654231071472 0 0 5.763507694005966 0 0 0 0 0 0 0 1.263590231537819 1.175788655877113 0.1450147479772568 0 0 0 0 0 0 0 0 0 0 2.387314110994339 0.5801166892051697 2.740474939346313 163.482794329524 9.5180429443717 64.73163075745106 16.57861013710499 971.4717058762908 9.92836982011795 3.414384000003338 5.796080388128757 11.60697484761477 0 2.821764037013054 1.380315586924553 17.31020733714104 0.3643954694271088 0 0.5046852380037308 0 0
282.5551067590714 2754.183292195201 705.1196699440479 29.95439188182354 0 12.54912774264812 2153.667940653861 373.7779000848532 12142.1390318498 60.84890376031399 5030.536920115352 12.08739037811756 218.0919688791037 543.7670339345932 6.797955885529518 0 0.7137087732553482 0.2623039782047272 0 0.3401422649621964 0.862668439745903 0 0 0.1328395009040833 0.1280863136053085 0.2810826599597931 0.1283925771713257 0.924097865819931 0.7877751290798187 0 204.2008737847209 29.79939050972462 59.35732760280371 0 0 0 19.97073823213577 1.759238839149475 2.04846078902483 0.7115359753370285 0 0.8972861617803574 0 0.6332194060087204 0 0.3611741960048676 99.86233046650887 2.335204690694809 0.7907378375530243 0 3.964908070862293 0 0 0.4543349295854568 6.124646604061127 7.625157907605171 10.44759911298752 240.4702125936747 0.8375094085931778 46.43806683272123 0.4771570935845375 7.728448696434498 0 175.909257106483 10.16838107258081 3.170228086411953 3.814332939684391 4.506543807685375 0.8280556201934814 0.8777011856436729 32.24331586062908 9.047747731208801 0 87.60377092659473 266.2487429976463 102.7611221596599 165.6311461776495 5.482063315808773 0.4985237419605255 32.28315676003695 0.6796677261590958 7.022524960339069 23.00423943996429 0.5218475311994553 5.402470581233501 3.191345386207104 1.114162102341652 0 1.526317045092583 0.1291022747755051 4.578047141432762 1.968603722751141 1.863902620971203 3.517907828092575 1.664098478853703 97.55985006690025 0.852860689163208 0 0.1383782923221588 27.69740644097328 0.4494788199663162 1.086886823177338 3.610007986426353 2.013878330588341 0.8575107902288437 53.18198074400425 0.5470720231533051 29.31142444908619 7.879988297820091 7.440736502408981 7.007438376545906 111.6945564597845 54.76038427650928 65.25259609520435 65.10827192664146 0.182912290096283 0.6055668592453003 0 0 0 0 0 0 0 0 0 0 0 0 0 0 0 0 0 0.975490614771843 0.5745107680559158 0 0 0 4.618800282478333 0.3676042854785919 4.330638512969017 1.590097784996033 0.2163756340742111 0 0 0.1491635888814926 0.3239913880825043 0 0 0 0.2089182436466217 1.425081893801689 0.2789174765348434 0 0 0.3137115240097046 0 0.09428020566701889 0 0.128450870513916 0.5662802457809448 4.381028637290001 0 0 0 13.04996617138386 0 0.1977000534534454 0.7571091577410698 0.131445586681366 0 0.1510255485773087 0 0 0 47.36387397348881 0 0 0 0.3061650395393372 1.873701989650726 1.589117795228958 1.793862581253052 1.835958331823349 4.073914766311646 0.8790642917156219 0.9814296215772629 0.1801422834396362 0.6344266384840012 0 0 0 0 0 0.2592609375715256 0 15.18009516596794 5.97997573018074 14.18222630023956 405.7388772368431 43.8388978689909 498.6611126810312 71.99996412545443 242.5172498300672 89.99318778514862 11.82047302275896 84.40162947028875 26.06300334632397 0.7454156801104546 10.82127469033003 1.326042771339417 27.87144437432289 0.2565203607082367 0 1.656330212950706 1.749279588460922 0
147.8699418604374 230.8214671090245 18.93960812687874 598.3008129745722 12.54912774264812 0 199.8609821274877 2.112525716423988 68.81175357848406 887.3486155420542 19.37163457274437 434.4185308665037 448.2076345533133 271.0421169027686 0.4690704196691513 0 0 0 0 0 0 5.165750443935394 0 0 0 0 0 0 0 0 6.140238255262375 0 140.3089880794287 0 0 0.2154004871845245 72.99199216067791 2.236754342913628 3.910764321684837 0 0 0 0 0 0 0 0.8633229210972786 0 0 0 0 35.34100963175297 0.9034269154071808 4.807754382491112 0.3206627517938614 0 72.10886107385159 203.900218591094 0 0.1508772522211075 0 34.44403149187565 0 0.9232505857944489 0.1401995122432709 0 0 0 0 0 311.7344579994678 277.595556423068 6.491972431540489 3.564045965671539 2.153211325407028 0.6449174135923386 0.5144097283482552 0 0 141.3660264015198 0 7.547170743346214 0.5357560068368912 0.1618451476097107 0.2259601354598999 0.4951100945472717 0 10.79392843693495 7.499394111335278 37.64524588733912 1.672471515834332 17.21638722717762 0 0 8.813133716583252 852.9965574592352 350.0410244613886 0.4274578094482422 7.469746232032776 408.9245862960815 0 0 0 0 0 7.610845431685448 0 0.8897252529859543 0 0 0 0.9489441961050034 1.227660566568375 1.405960530042648 1.365175873041153 0 0 0 0 0 0 0 0 0 0 0 0 0 0 0 0 0 0.3104488551616669 0 0 0 0 0 0.1978038102388382 0.7879286408424377 0 0.5316316485404968 0.6118692755699158 0.1553626358509064 0 0 0 0 0 0 0 0 0 0 0 0 0.3616319000720978 0 0 0 0 0 0 0 0 0 0.6724092811346054 0 0 0 0 0 0 0.2948233783245087 0 0 1.134886845946312 0.8425242155790329 0 0 0.1998466402292252 0 0 1.15682777762413 0 0 0 0 0.1329833120107651 0 0 0 0 0 0 0 0 1.295373275876045 0 4.599889054894447 4.3306874781847 0.5361281186342239 2.457758873701096 2.364643216133118 132.6154393255711 0.9542705118656158 0.710861936211586 0.3844589740037918 0.3741163611412048 0.2979535460472107 0 0 0.4177326560020447 0 0 0 0 0
950.1862475052476 2917.71474879235 128.1865131258965 671.9103561192751 2153.667940653861 199.8609821274877 0 37.53733775764704 1446.431631796062 1638.945829331875 273.2902782335877 36.98521554470062 4868.574347749352 1050.286856658757 5.994000405073166 0.5722379386425018 0 0.2739282250404358 0.1770716607570648 0.1561721712350845 0.3770687580108643 0 0.1455094814300537 0.2737411558628082 0.1092419847846031 0.3329993784427643 0.3211671710014343 1.523703783750534 0.6944862455129623 0.2519484609365463 302.5864875391126 17.36576072871685 124.1559031605721 0 0 0.3856702893972397 59.78061191737652 5.669062472879887 1.840567223727703 0.5395821705460548 0.4411790519952774 0.9214585870504379 0 0.6192761659622192 0 0 104.5438637882471 8.722263351082802 0.9800763428211212 0 8.736740581691265 0 0 1.029819250106812 15.26377922296524 11.3377862200141 45.87354430556297 904.2504301518202 9.168736770749092 68.44004879146814 0.296844445168972 26.29272597283125 0 187.5550211891532 22.54067599028349 11.34947691112757 7.696571037173271 7.513664051890373 1.450532965362072 3.119777247309685 61.95978805422783 19.76335397362709 0 242.7438699156046 500.7772578075528 127.1014501303434 165.9213138818741 5.264807023108006 1.998946465551853 75.50579397380352 0.9751924574375153 14.81408399343491 44.72598205506802 1.237483412027359 14.53509142994881 6.77270383387804 4.241191156208515 0.1015524193644524 3.030082277953625 0.1469318717718124 6.606102615594864 3.92302106320858 2.774758219718933 4.627413205802441 2.86975684762001 392.387672573328 4.51368722319603 0 0 272.1787924245 5.958084993064404 6.748209282755852 12.01241855323315 5.838946223258972 5.140839770436287 186.869089230895 1.596202254295349 109.2425707280636 33.34026578068733 25.35709954798222 29.4619295746088 391.5673268139362 202.6137100458145 224.4850452318788 220.0856123119593 0.2741132080554962 0.9900321364402771 0 0 0 0 0 0 0 0 0 0 0 0 0 0 0 0 0 2.065238162875175 3.293631479144096 0 0 0.5220904350280762 18.07574363052845 0 12.13904111087322 6.667774461209774 0.2688976526260376 0 0 0.1384403109550476 0 0 0 0 0.5881458520889282 4.330099157989025 0.3240644410252571 0 0.1847087889909744 1.227468848228455 0.2713586539030075 0 0.5858356133103371 0.3279404789209366 1.374765872955322 16.08618999272585 0 0 0.413407176733017 43.8087025359273 0.6782806217670441 0.9486279487609863 1.045504167675972 0.8050349056720734 0 0.1181193217635155 0.3906856402754784 0.1028919517993927 0.1570482552051544 132.5162402689457 1.226315528154373 0 0 0.3085649907588959 8.518490016460419 2.761219501495361 6.798091351985931 8.222563900053501 11.06302223354578 2.2689388692379 1.540162980556488 0.7404922246932983 0.480139747262001 0.1157848984003067 0 0 0.4512863233685493 0.2222689166665077 0.1718709021806717 0 51.52816142141819 18.20588926970959 41.17834202945232 718.0425002872944 86.65316831320524 697.227025449276 125.2511050179601 1368.542978644371 116.2532056793571 24.05548193305731 97.20606341212988 97.49764679372311 1.33577885478735 32.53696952015162 6.392354629933834 110.6593111902475 0.5289872661232948 1.022315636277199 2.405925869941711 3.52196042239666 0
389.1205773949623 1401.0745960325 8456.754405595362 2.170375823974609 373.7779000848532 2.112525716423988 37.53733775764704 0 192.8623407930136 12.14271186292171 1164.297317370772 4.541781648993492 198.1807620972395 838.8252008706331 17.36710873991251 11.14029126614332 1.207378819584846 0.3874297738075256 0 4.076139226555824 8.27335986495018 0 4.665355503559113 1.615921176970005 0.5976501703262329 0.4568919315934181 1.434970356523991 0.2284544706344604 0.4171698242425919 0 1463.596499361098 1599.425831764936 90.20209516584873 0.2156006097793579 4.615176007151604 2.592887699604034 22.01733263581991 12.45403730869293 3.303505018353462 0.7487147450447083 3.522538796067238 2.001726910471916 2.896565213799477 10.5694368109107 0.586251363158226 3.955955013632774 99.78786250203848 2.664879977703094 0.3365186154842377 2.52011676132679 4.379295483231544 0 0.1363810002803802 0.2415352463722229 3.978571027517319 2.146244004368782 8.288035675883293 348.8669336140156 1.309775203466415 32.47059026360512 8.336106516420841 41.01918889582157 1.17450800538063 409.2953844666481 4.990953765809536 2.857740722596645 3.364254973828793 19.3204753100872 17.38862277567387 25.49440220743418 14.48675995320082 2.586025983095169 0 69.00853846222162 189.5384663417935 110.40484200418 270.3913899362087 58.04408225417137 435.4104185551405 3442.169754229486 104.0153506249189 679.8138128593564 13.37707654386759 0.1764347851276398 3.927440077066422 1.18345084041357 6.097964137792587 0 0.6591543629765511 0 2.124265141785145 1.121299028396606 8.871995314955711 2.956398494541645 1.28838013112545 24.05880838632584 0 0 0.6937422752380371 45.6885802000761 0 1.780076533555984 0 0 0 8.723759919404984 0 4.124366268515587 1.007307410240173 0.9216377437114716 0.4079197347164154 9.281750530004501 9.271120190620422 11.06626622378826 9.979726284742355 0 0 0 0 0 0 0 0 0 0 0 0 0 0 0 0 0 0 0.2857201099395752 0.2187108546495438 0.1944001019001007 0 0 0 0.6385343670845032 0 1.935900717973709 1.291819080710411 0.5954222977161407 0 0 0 0 0.2446995675563812 0 0 0 0.6394418925046921 0 0 0 0 0.3031209260225296 0 0 0 0 1.478628069162369 0 0 0 4.852425262331963 0 0 0 0.2125583589076996 0 0 0 0.2559482455253601 0.4607032388448715 8.727766141295433 0 0 0 0 0.7021626830101013 0.2125145494937897 1.266048908233643 0.7291201055049896 1.306821539998055 0 0 0 0 0 0 0 0 0 0.1546038091182709 0 2.102516651153564 3.13042351603508 3.47919288277626 194.971926420927 18.86528639495373 335.1399993747473 35.60139583051205 75.33218969404697 36.32441034168005 5.861641928553581 66.63644053786993 4.167477607727051 0 3.1299968957901 0.230242520570755 4.724521487951279 0 0 0 1.496257707476616 0
71.75513561069965 1743.328595302999 478.8124720528722 66.76833666115999 12142.1390318498 68.81175357848406 1446.431631796062 192.8623407930136 0 600.5472379624844 4879.097269043326 62.42927652597427 2007.434575416148 1865.934031181037 19.17953201383352 0.8493010848760605 0.9276013895869255 0.1433397978544235 0.1633514314889908 0.2502051591873169 0.3461190462112427 0.1973201483488083 0.2157235965132713 0.204986959695816 0 1.20256881415844 0.4024358615279198 0.9306262135505676 0.7508252561092377 0.2500267028808594 95.19973096996546 27.74891851842403 125.0865128263831 0 0 0.2854366153478622 66.60417020320892 1.718534231185913 2.170896083116531 0.2757762521505356 1.116805471479893 0.8139227703213692 0 1.058556437492371 0.2840138077735901 0 178.5240255147219 4.028564371168613 0.1753088682889938 0.381959892809391 5.148370020091534 0 0 0.345076359808445 6.399443440139294 5.534670457243919 9.721620358526707 127.7010932937264 3.004441991448402 65.86298982053995 0.5305343717336655 14.17146679759026 0 156.0258848890662 11.3593869432807 5.988183073699474 4.452883839607239 4.164209745824337 0.8922623842954636 1.966191813349724 65.88880877941847 26.88182637095451 0 79.4751041084528 227.2446199283004 146.9184016212821 269.1300087422132 6.367202058434486 9.671074360609055 90.96020765602589 1.554962545633316 11.34495794028044 33.44832051545382 0.2450782060623169 8.115718722343445 3.039575092494488 4.233563505113125 0 1.569280751049519 0 4.562291122972965 2.281352020800114 2.053819209337234 3.483237601816654 2.047425426542759 448.0486396625638 5.65822397172451 0 0.5178934931755066 27.48755143582821 3.337848380208015 8.918644025921822 10.62437304854393 10.98522673547268 2.805162534117699 207.3024910017848 2.539027452468872 116.0438859909773 35.30707877874374 25.74062494933605 27.3414704054594 435.975932829082 224.2904211580753 265.9361658021808 231.0019661486149 0.7633944302797318 1.248790487647057 0 0 0 0 0 0 0 0 0 0 0 0 0 0 0.3286491334438324 0.2131412625312805 0 2.417344003915787 0.4973962008953094 0 0 0 23.29587203264236 0 10.66721691191196 4.874083742499352 0.1777814775705338 0 0 0 0 0 0 0 0.4560433328151703 2.49022801220417 0.5845625847578049 0 0 0 0.1499034315347672 0.1139097437262535 0.2545284628868103 0.2201526239514351 2.629775904119015 13.08656799048185 0 0 0 42.0253342166543 0.8193663954734802 0.277423083782196 1.327936470508575 0.5344619303941727 0 0 0.2521845549345016 0 0 151.4087635576725 2.743085116147995 0 0.1387999355792999 0.4215571880340576 10.59937033057213 0.710988312959671 5.586405038833618 5.031683757901192 14.17427899688482 1.847638785839081 3.294898942112923 1.068683922290802 1.781998328864574 0 0 0 0.1147551387548447 0.3801610171794891 0.1234403401613235 0 54.22989790141582 19.11394235491753 22.89507845044136 775.307280741632 60.42151121050119 981.9143992587924 136.6679975166917 293.3497516512871 172.4187619388103 12.13908582180738 222.7086346819997 91.27983596920967 0.3570749163627625 34.17960526794195 8.515748076140881 87.17683859169483 1.417257517576218 0.1768413335084915 3.517838552594185 3.677323207259178 0.7656192779541016
2241.197151243687 1681.755419835448 22.90457424521446 2324.588546320796 60.84890376031399 887.3486155420542 1638.945829331875 12.14271186292171 600.5472379624844 0 79.60918118059635 1873.935343012214 5380.417627722025 2520.364576041698 1.361501082777977 0.2387168109416962 0 0 0.1371117532253265 0 0 0.8078777641057968 0 0 0 0 0 0.1347913295030594 0 0 33.54970709979534 0.9656479358673096 180.9163381680846 0 0 0 14.19589672982693 0.7917151153087616 0.1513686925172806 0.09784648567438126 0.1810108572244644 0.1633310317993164 0 0 0 0 12.40681578218937 0.3114835619926453 0 0 0.6731085255742073 2.013535022735596 0 1.16450260579586 1.239118076860905 1.358238033950329 16.2445592880249 232.8802612125874 0.7589539885520935 7.545545518398285 0 5.738854542374611 0 9.931980222463608 1.827276356518269 0.9726221933960915 0.1079865097999573 0.4564822167158127 0 0 54.93536613881588 33.49394917488098 0.222257986664772 40.10966083407402 37.41898861527443 9.746433258056641 8.779846578836441 0.3696960657835007 0 1076.61113909632 0 1.632742494344711 4.358216725289822 0 1.162388198077679 0.2334378957748413 0.4278577715158463 1.189345642924309 0.1904959976673126 1.359951362013817 0.4591575339436531 0.5862366035580635 0.3208904713392258 0.2835863456130028 1.406831085681915 1006.534145876765 25.71486967802048 0 0 491.9151323884726 3.10345259308815 11.24442282319069 8.687057822942734 25.211491137743 1.326093509793282 204.9739663153887 7.551555201411247 72.2555531039834 53.31154258549213 84.83140943944454 12.123410820961 257.1676737740636 236.4092812687159 237.7656559050083 87.93813423812389 0 0 0 0 0 0 0 0 0 0 0 0 0 0 0 0 0 0 0 0.8708414882421494 0 0 0 0 7.840968891978264 0 3.411512300372124 1.808453887701035 0 0 0 0 0.1962177604436874 0 0 0 0.1311118751764297 1.428698837757111 0.1117044016718864 0 0 0 0 0 0 0.1062201336026192 1.365481749176979 5.549338057637215 0 0 0 15.34294824302197 0.1229270696640015 0.5071741491556168 0.8697886392474174 0.102688156068325 0.1602771431207657 0 0 0.1555752903223038 0 50.87098887562752 0.5769393444061279 0 0 0 5.511193260550499 0 1.921762079000473 4.171181000769138 5.526539921760559 1.225866481661797 0.6076709032058716 0.5323747396469116 1.457628138363361 0 0 0 0 0 0 0 38.74809187650681 2.644938066601753 6.713439077138901 378.1933022290468 3.367375217378139 87.32925600558519 14.43831192702055 1149.78856023401 10.56327322125435 1.307439729571342 17.19943572580814 86.93056562542915 0.3177388310432434 15.92662121355534 2.086200222373009 60.90451818704605 1.044656217098236 0.1931143403053284 0.961431622505188 0 0
407.7853632569313 2962.73247743398 4078.80226431787 9.493224591016769 5030.536920115352 19.37163457274437 273.2902782335877 1164.297317370772 4879.097269043326 79.60918118059635 0 51.46663945913315 3485.977714419365 10517.64062405378 39.21290712058544 12.44091619551182 1.114776238799095 0.1698334813117981 0.4765677899122238 1.429465919733047 2.419630616903305 0 2.163026690483093 0.265193909406662 0.3350332379341125 0.8847608491778374 1.905452825129032 0.6228637397289276 1.025090306997299 0.5074133574962616 913.9405440166593 817.1951451003551 1272.956103384495 1.24317878484726 0.8083489388227463 4.473852038383484 242.873485930264 73.97187097370625 24.97375893592834 0.7742733135819435 9.468653753399849 5.382835827767849 0.4335409104824066 8.580339781939983 0 2.451728492975235 237.4752813652158 5.075597539544106 0.9318414553999901 0.5662517473101616 5.308149874210358 0.1565222889184952 0 1.289055988192558 5.121806152164936 6.622802503407001 12.596784286201 318.1729756295681 1.730718739330769 81.69005497545004 3.47164785861969 367.5568599104881 0.4358480870723724 364.3779425173998 9.961151421070099 4.76729117333889 4.734843790531158 7.033756725490093 5.409793809056282 11.86561638116837 107.9455256909132 26.22608818113804 0 102.9216402545571 308.15039691329 239.0238359346986 455.3148023784161 36.29739154875278 152.5950828045607 1515.152264118195 6.319987267255783 289.1864334195852 32.04731264710426 0.3069055825471878 5.416710883378983 3.248630151152611 4.01902037113905 0 1.49349357932806 0.1756862103939056 4.382204808294773 2.579227358102798 5.182783596217632 3.393409796059132 2.511132702231407 185.1328181922436 1.570190489292145 0 2.907001808285713 34.26972319185734 1.081754386425018 2.929395198822021 2.451272755861282 1.73240715265274 0.2430548518896103 57.68137383460999 0.2532204985618591 26.73635640740395 9.882976084947586 4.203701123595238 7.866230428218842 76.04571983218193 43.14702351391315 71.39821030199528 78.76622618734837 0 0.9308838695287704 0 0 0 0 0 0 0 0 0 0 0 0 0 0 0 0.8096114099025726 0 0.4272069334983826 0.2745382189750671 0 0 0 7.223691567778587 0.4007590115070343 6.647962093353271 4.582261115312576 0.3814391493797302 0 0.1754187643527985 0 0 0 0 0 0.1523897349834442 3.228679060935974 0 0 0 0.4700750112533569 0.1299398839473724 0.1169392243027687 0 0.1526260226964951 0.8005064576864243 6.296805262565613 0 0.3719362616539001 0 22.69029250741005 0.1323526352643967 0.6380104422569275 0.2937760055065155 0.1116688251495361 0 0 0.3568006306886673 0 0.3421061336994171 58.35251086950302 1.526993542909622 0 0.4123714566230774 0.2270026952028275 4.41857248544693 2.002629905939102 5.172300428152084 3.829891219735146 5.919554322957993 0.8627062886953354 0.8339801877737045 0.1877985894680023 0.4206608608365059 0 0 0 0.1125123500823975 0.1106224358081818 0 0 13.23224271833897 15.20054447650909 21.05790024995804 654.4899067506194 60.43752969056368 903.7970316782594 125.0217690840364 215.7426607459784 133.7983310371637 15.98047649115324 241.6233766525984 20.74942694604397 0.7586947381496429 13.12647791206837 3.072068810462952 26.26673847436905 0.7562915682792664 0.4643414616584778 2.962509617209435 7.149857953190804 0.718429297208786
367.128317579627 6.32969768345356 1.493082508444786 497.120182454586 12.08739037811756 434.4185308665037 36.98521554470062 4.541781648993492 62.42927652597427 1873.935343012214 51.46663945913315 0 1689.071562439203 1338.845496356487 1.661007881164551 0.7032158523797989 0 0 0 0 0 1.626302123069763 0 0 0.1045406609773636 0 0 0 0 0 1.839809209108353 2.374316841363907 126.259929344058 0 0 0 42.09274096786976 0.7393839359283447 0 0 0 0 0 0.2911023199558258 0 0 7.370563305914402 0 0 0 0 2.105588868260384 0.3948830366134644 0 0 0 0.6211506947875023 12.04830099642277 0.1442507654428482 1.394219219684601 0 6.177752688527107 0 1.806684106588364 0.4050348177552223 0 0 0.1421058028936386 0 0.1340291053056717 26.62030266225338 79.27480714023113 0.682811975479126 5.357366688549519 5.001161873340607 4.039810426533222 4.316852957010269 2.055461063981056 0 1142.735339820385 0 2.973052382469177 0.5835067853331566 0 0.09903544932603836 0 0 1.458382993936539 0.2883054465055466 1.800146952271461 0 0.2264707237482071 0 0.1119476556777954 0.9573566615581512 1499.646492168307 85.20690178871155 0 0 76.64760482311249 3.570816650986671 3.718583911657333 4.254410639405251 3.911479383707047 0.9229128658771515 90.75196586549282 1.488453447818756 42.50989758968353 12.79330638051033 15.23087006807327 7.953963071107864 169.6033302843571 101.8308489024639 124.3977705091238 85.508285805583 0.3119529485702515 0.3191792517900467 0 0 0 0 0 0 0 0 0 0 0.1605346351861954 0 0 0 0 0 0 0.7551871091127396 0.192088708281517 0 0 0 11.27791059017181 0 7.735170498490334 1.02169406414032 0.2762973010540009 0 0 0 0 0.1620616018772125 0 0 0.2114027887582779 1.135534085333347 0.1524809896945953 0 0 0.1924477368593216 0 0.2065956592559814 0.4977863878011703 0 0.7073220908641815 5.633534535765648 0 0 0 21.24241124093533 0.512591764330864 0.2579639330506325 0.2474926486611366 0.2408522516489029 0.4508085623383522 0 0.1714085191488266 0 0 64.99121771752834 5.255490377545357 0 0 0 5.687368616461754 0.7755411416292191 3.418855533003807 4.22027300298214 4.504234120249748 1.126173198223114 0.9542959928512573 0.6252484023571014 0.6386742144823074 0 0 0 0.2256869673728943 0 0 0 30.15276248753071 13.40280991792679 25.04748545587063 103.7322956621647 1.249931886792183 29.1401109546423 5.367350734770298 166.3668790459633 2.884633243083954 0 10.71715547889471 39.7220691293478 0.2052153050899506 15.11255767941475 2.566407814621925 42.09814494848251 0.4417773187160492 0 0.6104672849178314 0 0
256.2636034786701 637.7906771302223 85.73230330646038 792.9866280853748 218.0919688791037 448.2076345533133 4868.574347749352 198.1807620972395 2007.434575416148 5380.417627722025 3485.977714419365 1689.071562439203 0 2985.083684027195 67.73470401763916 46.65584977716208 2.421212516725063 0.401126891374588 0.4084304794669151 0.2228808254003525 0.4874231070280075 11.54409511387348 0.4553517773747444 0.6108374074101448 1.060815572738647 1.479828707873821 0.4264516234397888 1.774596720933914 2.563716173171997 0.6168783903121948 28.07535446435213 20.25201536715031 661.2348049506545 1.67047506570816 0.1254657357931137 0.8744598627090454 193.5404202118516 51.5351922288537 29.97319678217173 0.7480674386024475 3.205904543399811 7.376661911606789 0.1957781910896301 23.17706725746393 0.7692669332027435 5.486464411020279 197.2408467382193 1.794084817171097 0.3473696857690811 0.2213517129421234 3.400173962116241 21.8659144192934 16.13989655673504 7.953389897942543 5.362413167953491 4.583880603313446 8.377986818552017 105.7983441799879 3.00304913520813 44.70005944371223 8.663407057523727 214.2766230627894 0 62.29511612653732 6.321294710040092 2.881603471934795 3.028442807495594 4.331386722624302 2.209703676402569 2.830177947878838 150.8239748328924 784.1051798462868 1.151638582348824 44.39371854066849 108.4006720259786 174.265346236527 240.7241084128618 63.54793260991573 3.847728542983532 533.8035736009479 3.439582645893097 115.4328603893518 22.72188554704189 0 5.089141398668289 2.196808516979218 1.947542935609818 2.674358107149601 3.268232502043247 10.30902940034866 2.606082081794739 4.850527793169022 1.836899258196354 2.362729974091053 6.847421437501907 3019.900710582733 716.912948474288 2.591231301426888 241.4465639293194 129.1703305616975 11.51096795499325 20.26953306794167 17.97493541240692 12.28473471105099 6.202695831656456 282.6664401143789 2.152872681617737 146.7516663372517 57.59734253585339 52.84923864901066 38.53050293028355 584.1648592054844 327.1281050443649 421.7868489176035 443.1688908040524 4.836575448513031 6.588602975010872 0 0.2367481589317322 0 0 0 0 0.3246038258075714 0.3648733794689178 0.2023766040802002 0 0.6643422096967697 0 0.838130384683609 0 3.58565191924572 2.110817849636078 1.118832752108574 2.895502135157585 8.2273128926754 0.56025630235672 0 0 79.73201568424702 1.055635511875153 106.8526450693607 91.83959815651178 5.648621961474419 0.2076050341129303 0.2149230241775513 0 0.8898099660873413 5.249532490968704 0.1472473442554474 0 2.324932500720024 17.88520659506321 1.328679449856281 0.185676634311676 0.2585074007511139 7.952832028269768 0 0.4673042818903923 0.9776975065469742 1.222696632146835 5.016754150390625 26.48294541239738 0.4292191416025162 1.487185537815094 1.717148885130882 228.6844931393862 1.045463442802429 1.875743016600609 3.684788838028908 1.503552801907063 1.139597035944462 0 0.38067976385355 0 0.3806503713130951 482.0558860003948 69.00658132135868 0.2066607177257538 0 0.2344140410423279 50.866993740201 26.54082173109055 66.64760346710682 20.15546275675297 28.46571869403124 8.492590039968491 3.891318663954735 3.711144417524338 3.138225540518761 0.1118882969021797 0 0 0.859708234667778 0.1460344344377518 0.2339634448289871 0 108.0863161683083 122.635784342885 342.3879915028811 721.8035333827138 51.00513991713524 665.1521555483341 131.9612594172359 486.3172014206648 118.5918764397502 11.89796714484692 196.1363457739353 140.1134991496801 4.453292541205883 115.6371498331428 24.00619313120842 203.875971198082 5.827885150909424 0.5101827085018158 11.9278825968504 7.075918436050415 0.7036728262901306
153.440895691514 178.5142526477575 368.3062329664826 161.9840487986803 543.7670339345932 271.0421169027686 1050.286856658757 838.8252008706331 1865.934031181037 2520.364576041698 10517.64062405378 1338.845496356487 2985.083684027195 0 49.33574563264847 16.70112559199333 1.163736537098885 0 0.1309197545051575 0.1905531138181686 2.502364039421082 0.3577696681022644 1.426893711090088 0.2540388107299805 1.834336012601852 0.7010980397462845 0.2604134157299995 0.7897307425737381 1.347553968429565 0.2453034669160843 153.955541305244 115.5450249165297 2248.970916092396 0 0.5180309414863586 2.773354038596153 770.79336977005 112.5924485623837 60.43219415843487 0.7143616229295731 10.27251824736595 4.554003395140171 0 7.019195541739464 0.3036749064922333 1.386922895908356 235.1631857976317 2.532464690506458 0.5925751179456711 0.5572567284107208 3.070785693824291 1.338410168886185 0.1950540691614151 0.2783052027225494 5.005755700170994 5.136651583015919 8.394542150199413 143.1381503120065 2.515264973044395 56.85974169522524 1.395353339612484 619.9918609708548 0.1831293404102325 123.2924934774637 7.609959229826927 3.942832507193089 2.855864524841309 2.778444513678551 2.965647958219051 8.686416000127792 359.7305715978146 118.8750218153 0.4227497577667236 66.91217409819365 148.7103518769145 213.0883019119501 297.5551457852125 24.85650236904621 28.01357845962048 1870.970155209303 1.985537707805634 220.9470418170094 24.15178062021732 0 4.252479836344719 1.7431346103549 0.8639365881681442 0.1640239059925079 0.7830353528261185 1.460720598697662 3.016411200165749 1.59870495647192 5.591498866677284 2.350889250636101 1.20218450576067 2386.985262125731 41.10925658047199 1.149105906486511 10.48455402255058 76.46081614494324 5.926099509000778 14.10583636164665 16.2862785756588 5.57403501868248 3.645894050598145 203.3639556765556 2.724839597940445 123.533330053091 37.87006704509258 32.78014858067036 34.12424218654633 462.9321877509356 261.9689291715622 339.1659244149923 331.4137024581432 0.6052771508693695 0.9903222322463989 0 0 0 0 0 0 0 0.3934523463249207 0 0 0 0 0 0 0.7000629305839539 0.2881659269332886 0 1.696098789572716 2.518530026078224 0 0 0 37.172093719244 0 17.89589831978083 9.123782448470592 0.1838846355676651 0 0 0 0.3137808442115784 0 0 0 0 5.042837262153625 0.3369643613696098 0 0 0 0 0 0 0.5359082892537117 3.598086729645729 13.53629439324141 0 0 0 77.96450784802437 1.206468924880028 1.900960080325603 1.499506264925003 1.123493701219559 0.1128994524478912 0.1462394744157791 0.3473856076598167 0 0.165954127907753 263.8391501307487 10.2501582056284 0 0.1503405421972275 0.3387753516435623 17.64506380259991 2.512293860316277 11.6895769238472 9.840942949056625 16.2999809384346 2.653580829501152 1.482614308595657 1.160764738917351 1.112073190510273 0 0.1164219975471497 0 0.277576819062233 0 0 0 88.31157167255878 50.04487513005733 67.93317343294621 858.0883120074868 47.79479751735926 931.920000039041 135.0033595860004 380.2946919053793 143.2509435340762 6.90607912093401 281.2874367386103 81.74722815304995 1.835471756756306 52.41145353019238 9.291783884167671 87.64355728030205 2.904998123645782 0.2623896300792694 4.185549214482307 9.82992796599865 0
