0 3032.687651067972 667.3521808087826 659.6980775222182 253.5232459381223 58.44722381234169 1003.674023717642 49.5952782034874 106.3918602317572 1421.84053607285 106.6311917901039 467.5618496239185 684.4807685911655 110.0790605992079 2.110633097589016 0.6171319633722305 0.47364142537117 0 0 0.1168875321745872 0.2582990080118179 0 0 0 0 0.2642787992954254 0 0.5291393250226974 0 0.1219230070710182 371.3739815577865 6.637431569397449 48.52581706643105 0 0 0 8.23626135289669 0.2737739682197571 1.215270832180977 0 0 0 0 0.1442150771617889 0 0 37.29785214364529 4.098304830491543 0.3570737242698669 0.2246650084853172 0.1660946384072304 0 0 0.3739252910017967 5.685309149324894 10.59723706543446 252.9306167662144 1508.355194352567 50.20341634005308 13.02839151024818 0.4401970952749252 1.430367909371853 0.1102042496204376 26.36115697771311 17.89305301755667 16.04012771695852 3.215639688074589 4.152302138507366 0.6854518949985504 0.5013987645506859 29.1733375787735 2.465288102626801 0 201.7514339238405 90.54335962980986 65.68498481810093 2.715122126042843 0.1951176598668098 2.898155182600021 122.7511352151632 0.3648289069533348 11.04113275557756 24.22781194001436 1.552075266838074 6.954564176499844 12.6843069717288 8.711945928633213 0.2070659846067429 3.055512510240078 0 0.1419304460287094 0.8382204174995422 0.3156082481145859 0 0.2174147516489029 81.16253882646561 39.7424792945385 0 0.6036708205938339 510.5738629773259 0.09955036640167236 1.216361738741398 0.0807127058506012 0 0.848768562078476 4.341179423034191 2.456642508506775 0.09225404262542725 2.106674954295158 6.916616104543209 0 4.924586184322834 6.162852719426155 10.31387476623058 0.5556483864784241 0 0 0 0 0 0 0 0 0 0 0 0 0 0 0 0 0 0 0 0.2941746711730957 0 0 0.9737022072076797 0 0.4044499695301056 0.1919510662555695 0.3174314796924591 0.4518981128931046 0.7300329953432083 0 0 0 0 0 0 0 0.0823928564786911 1.000382840633392 0 0 0 0 0 0.6842709928750992 0 0.09773286432027817 1.649022690951824 0.656661368906498 0.2020877152681351 0 0.8685203790664673 1.310778021812439 0 0 0 0 0.183392308652401 0 0 0 0 1.392265275120735 0 0 0 0 0 0 0 0.1538171693682671 0.3237807154655457 0.3692348897457123 0 0 0.2015447616577148 0.9770389348268509 0.1142197996377945 0 0.1079754829406738 0 0 0 2.958525329828262 1.074369668960571 0.7517525553703308 119.9176568686962 63.94168612360954 369.2577273920178 201.2403630316257 1006.96616846323 206.6030480414629 22.57544650137424 54.29900547116995 2.21982005238533 1.747108660638332 10.57075244188309 17.47772046923637 9.474182769656181 1.580572187900543 1.3660574182868 1.297192096710205 0.1609236598014832 0.1295887231826782
3032.687651067972 0 746.467671982944 188.2613664790988 1059.227594904602 223.5462490916252 3562.492298789322 332.5389542430639 1866.183431364596 471.0490090548992 808.1731442660093 124.0982364863157 3374.953297294676 1438.229104138911 20.24345495551825 2.429011173546314 0.3530098125338554 0.5899847075343132 0 0.1364191472530365 0.6726390048861504 0 0.3545338213443756 0 0.6186576038599014 0.7775848731398582 0.1543878763914108 1.145853206515312 0.09176968038082123 0.1521373242139816 1887.205556578934 51.61474078148603 463.0156148001552 0.4241432249546051 0.1529426723718643 0.3989652097225189 33.60377834737301 1.01598409563303 1.56044989079237 0 0.155365064740181 0.5869394391775131 0.1009718030691147 1.031628847122192 0.2960746288299561 0.3988073542714119 164.3405068591237 7.668975286185741 0.370598204433918 1.345165960490704 0.8440643325448036 0 0 0.7500348463654518 9.07310152053833 13.00362924486399 85.12637304514647 984.1638421937823 28.90403401851654 29.46246931701899 0.1650009155273438 6.515301801264286 0.7813218683004379 143.4197882339358 20.83563177287579 19.65075798332691 4.474247097969055 6.164201125502586 1.588861532509327 2.085948154330254 210.7546242922544 5.802046656608582 0 186.6453473642468 96.97622935473919 189.0619122758508 33.96908461302519 9.188396573066711 17.81135773658752 656.7941035702825 2.557596385478973 37.32863756269217 27.38974912464619 1.359906122088432 13.91976398229599 17.20634926855564 9.090039044618607 0 2.930473767220974 0.3553046807646751 0.4865449219942093 0.112245038151741 1.200530529022217 0.8096664994955063 0.8677798882126808 80.04813224077225 12.01958808302879 0 2.333790957927704 758.7068568170071 0.1909148395061493 0.2644869387149811 0.8835794627666473 1.142235785722733 0.3463320136070251 7.814156293869019 0.5235871374607086 1.362080752849579 2.806432291865349 3.494996428489685 0 6.703731000423431 9.225661233067513 11.85225795209408 4.102812230587006 0 0.2700208723545074 0 0 0 0 0 0 0 0 0 0 0.2250268459320068 0.2752439081668854 0 0 0 0 0 0 0 0 0 0 2.771336436271667 0.7589214593172073 6.645922005176544 2.44366293400526 0 0 0.1269978731870651 0.1275145560503006 0 0 0 0 0.4814439415931702 1.039601862430573 0 0 0 0 0 0.1795548647642136 0 0.1400303989648819 1.805160321295261 0.8679861351847649 0.09592375904321671 0.3064853996038437 1.178672358393669 2.829906448721886 0 0 0 0 0 0 0 0 0 14.03864572942257 1.565962880849838 0 0 0.2453306764364243 0.5111490339040756 0.6447474956512451 0.1382827311754227 0.4236950278282166 0.7642879337072372 0.4252583980560303 0 0.4827442616224289 0.2320308461785316 0.2926100865006447 0 0 0 0 0 0 5.663303017616272 2.687476351857185 4.289209306240082 223.6946051642299 110.8027216643095 630.1784003898501 239.3423005193472 1304.293868161738 152.4438976123929 33.65514934808016 99.37940735369921 2.067027844488621 1.790143936872482 8.445852793753147 17.17018721997738 7.257946066558361 1.577029794454575 0.8526378720998764 1.537288531661034 3.016108438372612 0.1596433967351913
667.3521808087826 746.467671982944 0 2.572558745741844 766.5033153668046 2.401189625263214 77.98185198009014 1895.764109015465 771.5743374675512 2.874509379267693 2696.513804294169 11.42996551096439 665.4943345934153 1404.612289324403 19.85611644387245 10.27554093301296 1.516330450773239 1.34720279276371 0.253000408411026 1.869333013892174 2.291145391762257 0 7.766516484320164 3.370347522199154 2.472877733409405 0.1493499130010605 0.8649434000253677 0.9084371849894524 0.2083317041397095 0 2739.960895866156 419.3568570464849 735.3043331429362 9.350017175078392 3.72532082349062 4.159512177109718 107.8387769833207 3.923147171735764 1.826419830322266 1.511511966586113 2.352837987244129 2.511636838316917 3.258470430970192 2.490303799510002 4.951573938131332 11.01289309561253 40.28865157067776 1.64777435362339 2.416142448782921 9.417359560728073 0.8900142461061478 0.1880007386207581 0 2.373694881796837 1.264698207378387 2.835936687886715 26.72087199985981 677.6896040737629 9.227187924087048 6.566187396645546 20.04797640442848 39.46108144521713 24.23131372779608 86.40554497390985 3.940158858895302 3.078109055757523 1.241839058697224 10.42043521255255 38.84934902191162 21.51822648197412 190.4481830298901 10.0321309864521 0 47.98052391409874 43.02920459210873 50.08647542446852 25.65668482333422 18.02583219856024 252.034314326942 2118.26918528229 40.14658901840448 610.85641887784 6.508068166673183 0.4231310561299324 3.166459739208221 4.214071236550808 26.64776687324047 0.0775194987654686 0.8451125100255013 0.1460631936788559 2.296520449221134 1.102079160511494 20.61454166471958 0.4757324755191803 5.08995670825243 81.2351142168045 11.34203869104385 0 1.9897141456604 325.5943613350391 0.08609865605831146 0.08516864478588104 0.07864829897880554 1.034134984016418 0.08925488591194153 5.60862585157156 0 0.3807738050818443 0.5447203814983368 0.9240959733724594 0.3053905069828033 5.168982595205307 4.201661631464958 7.145043797791004 5.723762586712837 0 0 0 0 0 0 0.1163382530212402 0 0.2993520796298981 0 0.3259066343307495 0 0.1146073117852211 0 0 0 0.3357961475849152 0.6561036854982376 0 0.3260668218135834 0.7621583938598633 0 0.2636230364441872 0.1569681465625763 3.757591381669044 0.7921921759843826 5.171036764979362 2.948756411671638 0 0 0.3261095285415649 0 0 0 0 0 0 1.58399361371994 0 0 0.1245831847190857 0 0.8634865805506706 0 0.1170888990163803 0.08771904557943344 0.1561773419380188 0.2789442390203476 0 0.2234923988580704 0.4821948409080505 2.725324437022209 0 0 0 0 0 0.3202575743198395 0.1145707219839096 0 0.3034385740756989 9.985020965337753 0.3060263097286224 0 0.161042258143425 0.2160985171794891 0.4269543588161469 0.2868553102016449 0.5100054144859314 0.07030519098043442 0 0.7192442119121552 0 0 0.3274281769990921 0 0 0.2563477754592896 0.4031285420060158 0 0 0.1533887386322021 3.073406264185905 3.170618534088135 6.225951880216599 101.166745133698 28.20596843212843 121.0004704743624 49.99179217219353 100.672261968255 37.74064295738935 6.787648923695087 37.0350259616971 0.8842554539442062 0.6829861924052238 2.796320132911205 4.563844628632069 4.403595574200153 0.7343866601586342 0.2947333306074142 0.4435480833053589 2.411471232771873 1.586624257266521
659.6980775222182 188.2613664790988 2.572558745741844 0 41.57892076671124 266.9851263314486 611.3584628850222 0.1236220076680183 115.3732701987028 1703.498866476119 0.8803104758262634 689.7171932756901 1792.798546217382 32.14938279986382 0.8948506563901901 0 0 0 0 0.2220240384340286 0 0 0 0 0 0 0 0.3707071393728256 0 0 7.600428126752377 1.137825697660446 0.1004022508859634 0 0 0 0.3723380565643311 0.1880719661712646 0.4261144325137138 0 0 0 0 0 0 0 16.59933184832335 0.9590965136885643 0 0.1860422194004059 0 0 0 0 0.727450966835022 1.242305129766464 16.50275432318449 42.33806421607733 2.747431181371212 2.9022521302104 0 0 0 10.29171039164066 2.390548691153526 2.392469763755798 0.3493797779083252 0.474017895758152 0 0 66.39283631742001 0 0 17.98195081204176 9.956622622907162 14.6804792881012 1.319520577788353 0.164305254817009 0.1905181333422661 1.421201430261135 0.1678957045078278 0.793450690805912 2.393532171845436 0.2186064496636391 1.417500510811806 1.648309879004955 0.9635341092944145 0 0.1499555185437202 0 0 0 0.2872529178857803 0.1360865533351898 0 79.53610153496265 3.726898223161697 0 0 162.7281716689467 0 0.225404217839241 0 0 0 4.287910297513008 1.888734340667725 0.3354009389877319 2.757313519716263 1.544914335012436 0 5.439935296773911 6.441500633955002 8.681918233633041 0.5778119266033173 0 0 0 0 0 0 0 0 0 0 0 0 0 0 0 0 0 0 0 0 0 0 0 0 0.1778643578290939 0 1.163916170597076 0.7951565831899643 0 0 0 0 0 0 0 0 0 1.053148090839386 0 0 0 0 0 0 0 0.203401505947113 0 0.6328882873058319 0 0 0.6678299009799957 1.051182523369789 0 0 0 0 0 0 0 0 0 3.565821841359138 0 0 0 0 0 0 0 0.5010467916727066 0.08203250914812088 0 0 0 0 0.1043545827269554 0 0 0 0 0 0 1.398395791649818 0.2723917365074158 0.2590236961841583 34.75891775637865 12.40641074627638 57.83862587064505 27.24294558167458 612.7203888520598 17.58700290322304 3.395318247377872 10.3012121245265 0.5048061013221741 0.1267746388912201 1.923670656979084 2.473610773682594 7.33058039098978 0.1220298260450363 0.1332110911607742 0.1379473358392715 0.2332217544317245 0
253.5232459381223 1059.227594904602 766.5033153668046 41.57892076671124 0 3.850453898310661 1555.722616255283 1238.276467688382 6361.156409047544 30.11178699880838 2358.601473413408 11.68463587015867 2644.807483196259 3194.165243946016 22.26229751855135 2.733622193336487 0.5981922596693039 0.2650272026658058 0 0.7191662639379501 1.237900838255882 0 0 0 0 0.9236038774251938 0 1.583044588565826 0.5031653046607971 0.1539670079946518 214.893971376121 53.51089212298393 126.1105331555009 0 0.1371544003486633 0 10.08748898655176 0.2961185947060585 3.037067323923111 0.2975753545761108 0.9237670451402664 0.6794717535376549 0 0.8725456297397614 0.2875428646802902 0.1383916139602661 148.6069016158581 4.870294325053692 0.791453555226326 0.4689588025212288 0.5105190873146057 0.2376400977373123 0 0.4647894725203514 2.970988258719444 4.476429648697376 16.28296037018299 115.0294086560607 8.379715204238892 16.13248884677887 1.130919180810452 2.577832847833633 0 107.7655633985996 8.936581790447235 11.3148744776845 3.458428531885147 3.333736479282379 0.5631970316171646 0.6422290056943893 79.68598002195358 2.986970320343971 0 72.2998079136014 37.14142552018166 141.4426033422351 43.14577189087868 7.736808806657791 4.156927913427353 111.6598308384418 1.103041052818298 6.448951281607151 10.86457972973585 0.5598903223872185 5.776052974164486 7.451481327414513 7.14971574395895 0.07606099545955658 2.425226010382175 0.1062407344579697 0.4075304940342903 0.6605016812682152 1.081177152693272 0.2969207018613815 0.7920766919851303 31.25768277049065 6.926860854029655 0 3.280085742473602 35.87843980640173 0.6593635082244873 0.3948734998703003 0.769399106502533 1.000121176242828 0.3111297339200974 9.046718180179596 1.083949893712997 1.399862587451935 4.028249859809875 1.204290375113487 0 11.02835442125797 9.784600242972374 16.00371788442135 2.817518517374992 0 0 0 0 0 0 0 0 0 0 0 0 0 0 0 0.1404153406620026 0 0 0 0.4172125607728958 0 0 0.3090362548828125 0 3.602088674902916 1.111243516206741 8.979971691966057 2.854816719889641 0 0 0 0 0 0 0 0 0 1.62908723950386 0 0 0 0 0.1011303588747978 0 0 0.08514278382062912 0.4408504441380501 2.027362138032913 0 0.4851796925067902 1.989281833171844 6.03162981569767 0 0.4481443464756012 0 0 0 0 0 0 0 15.89492516964674 0 0 0 0 0 0.3433386087417603 0.237899050116539 1.184900924563408 0.5318613797426224 0.4898963272571564 0 0 0 0.1640829965472221 0 0 0 0 0 0 5.648415207862854 5.418077796697617 5.66045443713665 212.736083753407 67.64216876775026 378.2151004448533 130.8235321938992 313.4654895365238 51.8186416476965 15.17935337126255 80.0837909579277 1.697818458080292 1.417098835110664 6.544996090233326 8.089669145643711 8.977717712521553 0.8411461561918259 1.104389242827892 0.8251425847411156 3.209859743714333 1.060206711292267
58.44722381234169 223.5462490916252 2.401189625263214 266.9851263314486 3.850453898310661 0 204.2630130201578 0.9022361487150192 23.56708160042763 754.3591772168875 1.589051827788353 323.6433805674314 291.5813864171505 25.50130276381969 0.2097893506288528 0.3721988201141357 0 0 0 0 0 0 0 0 0 0 0 0 0 0 0.4998497664928436 0 24.74570594727993 0 0 0 29.19242712855339 1.008031859993935 6.184252440929413 0 0 0 0 0 0 0 0 0 0 0 0 4.831768944859505 0 0 0.1105275452136993 0 189.8232235014439 57.66723623871803 2.640481933951378 0.1336228400468826 0 3.325428426265717 0.2453523874282837 0.2933986634016037 0 0 0 0 0 0 112.3969422727823 112.1431425362825 10.82929217815399 0.6466452926397324 0.1853359490633011 0.3674245923757553 0.5406145006418228 0 0 8.957464322447777 0 0.4500107318162918 0.1258011609315872 1.315779089927673 0 1.171995624899864 0 7.667024403810501 7.209689483046532 2.21600441634655 1.189927041530609 1.462752759456635 0 0 0.2324481457471848 237.8236898332834 234.7909460812807 15.26728311181068 15.48867493867874 440.3295961618423 0 0 0.6682040691375732 0 0 1.566558569669724 0.4241231083869934 0 0.9428330808877945 0.2381330877542496 0 0.7191599309444427 1.817483365535736 2.399997562170029 0.6435404717922211 0 0 0 0 0 0 0 0 0 0 0 0 0 0 0 0.1372980028390884 0 0 0 0 0 0 0 0 0.3181383907794952 0 0 0.1100854426622391 0 0 0 0 0 0 0 0 0 0 0 0 0 0 0 0 0 0 0 0 0 0 0 0 0 0 0 0 0 0 0 0 0 0.7655622065067291 0 0 0 0 0 0 0.5159881114959717 0 0 0 0 0 0 0 0 0 0 0 0 0 0 0 0 10.07246389985085 0.1545252650976181 2.045069046318531 1.454164914786816 225.7584094256163 7.976632334291935 0.5624247193336487 0.2286851555109024 0 0 0 0.20686936378479 1.628591060638428 0 0 0 0 0
1003.674023717642 3562.492298789322 77.98185198009014 611.3584628850222 1555.722616255283 204.2630130201578 0 92.83427648246288 636.031428091228 951.3549396917224 162.3474302664399 73.93099211156368 3827.32812089473 451.2271918281913 26.02095991373062 2.269011773169041 0.8409549295902252 1.096875213086605 0.1181335970759392 0.6334204152226448 1.482537113130093 0 0 0 0.1130797564983368 1.224542409181595 0 2.412027396261692 1.781107723712921 0 129.8747495412827 33.73879402130842 11.03312910348177 0 0.1397587358951569 0 13.81198955327272 0.3019331097602844 2.910325288772583 0.1306387335062027 0.4967708438634872 0.864101231098175 0.2912423312664032 0.3078925609588623 0.1640704274177551 0.1181033104658127 244.5487058088183 6.427790820598602 0.7551420629024506 0.8017379269003868 1.378935992717743 0 0 0.687322124838829 6.406394228339195 9.816065855324268 34.67121767997742 163.2339205667377 16.81795156002045 36.57565519213676 1.16327266395092 1.179753884673119 0 141.8543319776654 16.70920171588659 19.28546281158924 4.703363493084908 5.352596282958984 1.186119712889194 1.797428816556931 28.6795606687665 9.847923845052719 0 143.9567947611213 55.60679010301828 222.053581930697 49.44998490810394 5.644528746604919 2.744221694767475 13.21147228032351 2.005959585309029 5.42378942668438 20.96770014613867 1.905748590826988 10.49716948717833 12.47889114171267 11.03855000436306 0.1624243184924126 2.915711060166359 0.1775221824645996 0.9663960039615631 0.2376358956098557 0.9279529750347137 0.1443010717630386 1.4854756295681 91.87197734415531 11.13506429642439 0 3.9335857629776 116.5577713474631 0 3.080391556024551 1.786005116999149 6.721975207328796 0.6437337696552277 36.94064225256443 4.654129445552826 4.094114825129509 16.79544548690319 8.647574752569199 0.5799846649169922 31.22603522241116 46.16136595606804 49.21743431687355 9.97722901403904 0.5822228491306305 0 0 0 0 0 0 0 0 0 0 0 0 0 0 0 0 0.2014338821172714 0 1.807793527841568 0.9561767429113388 0 1.338170170783997 0.3410272002220154 7.597037449479103 2.906220957636833 16.67950347065926 5.935459442436695 0.1522652208805084 0 0 0 0 0 0 0 0 2.834647059440613 0 0 0 0 0 0 0 0.1570115610957146 1.651711761951447 2.22509678453207 0.218706950545311 0.9016910642385483 3.294819742441177 9.03496153652668 0.757342666387558 0.4794437885284424 0 0.09929429739713669 0.3128821551799774 0.1153128370642662 0 0 0 41.44904071092606 0.6778199672698975 0 0 0 1.769669473171234 1.403110519051552 3.022529646754265 4.207584410905838 0.3119162023067474 2.038626208901405 1.476167857646942 0.2419866323471069 0 0.6550631076097488 0 0 0.4147165864706039 0.127825528383255 0 0 16.20984944701195 7.517789512872696 18.74443398416042 396.7165661379695 124.7979863211513 790.7154894843698 247.5366970524192 1348.001782119274 110.5575928092003 29.98197171837091 157.8251142203808 5.086922258138657 1.231401152908802 11.49900634586811 15.9751084446907 24.25499906390905 2.933687843382359 1.150457859039307 2.139046557247639 6.777870893478394 2.587084226310253
49.5952782034874 332.5389542430639 1895.764109015465 0.1236220076680183 1238.276467688382 0.9022361487150192 92.83427648246288 0 788.7356612831354 1.224591374397278 1256.357110366225 5.367720663547516 249.3158537894487 704.9751653671265 43.05856323242188 16.45102432370186 4.376781657338142 3.480223283171654 0.76169353723526 12.47318696975708 11.6737564355135 0.3674902021884918 29.48653110861778 5.067520037293434 5.043362751603127 0.1231677755713463 2.332967638969421 2.71904368698597 0.1169655993580818 0 787.2187489122152 2119.288088954985 216.5633903965354 45.54060971736908 10.49983438849449 17.19689090549946 86.0638235360384 4.282590195536613 2.686826482415199 1.450899466872215 8.187283091247082 17.74890115857124 10.86440213024616 3.643734805285931 22.2554881721735 61.73216667771339 98.00134193897247 2.190494358539581 6.466924108564854 40.69137667864561 4.910136282444 2.070489466190338 0.2648343592882156 12.44326717406511 1.93342037498951 3.993454784154892 14.75479274988174 205.7566514983773 6.398750871419907 11.78870866447687 123.2194653078914 86.48162850737572 111.6190097257495 227.7875650078058 4.004361867904663 4.972666837275028 4.265567518770695 37.29774441570044 160.9349925890565 107.6717945113778 53.9480369463563 9.221216358244419 0.1842416971921921 56.79744707792997 27.06542606651783 125.3079971820116 92.30244515836239 127.432452134788 994.8397093117237 1541.417295061052 443.0391823500395 2546.078730717301 5.144776493310928 0.515289269387722 2.750658437609673 6.377580523490906 86.35899622738361 0.2263352125883102 1.577949546277523 0.7203408628702164 4.616231255233288 1.813007533550262 90.62719231843948 3.913953617215157 12.89809180051088 27.91269786655903 9.911781325936317 0 1.930510029196739 19.64680691063404 0 0 0.0905010774731636 0 0.2445254176855087 3.350098460912704 0.8913071751594543 0.3434693217277527 1.188269928097725 0.7100767344236374 0 0.3530348241329193 1.339164093136787 7.283930957317352 1.469699367880821 0 0 0.08718042075634003 0 0 0 0.6542214602231979 0 0 0 0.1510650962591171 0 0.1409113705158234 0 0 0.9370642080903053 0 0 0 0.07414216548204422 0 0 0 0 1.084871053695679 1.882800132036209 4.654959008097649 3.723288998007774 0.9085863158106804 0.6896326020359993 1.053258389234543 2.39624311029911 0 0 0 0.2093869298696518 0 1.079936116933823 0 0.5655423253774643 1.670703455805779 0 2.860281251370907 0 0 0 0.1577626764774323 0.4019623398780823 0.09376092255115509 1.11370450258255 2.085059851408005 4.485843062400818 0 0 0 0 0.3034838885068893 0.787237286567688 0 0.6484239995479584 1.463814809918404 6.401020482182503 0.5530301928520203 0.2192178964614868 0.7138836979866028 0.8817508369684219 0 2.35355818271637 0.4294306933879852 0.8442969173192978 0 0 0 0 0.300837904214859 0.1088946834206581 0 0.09423980861902237 0.748713955283165 0.6356635689735413 0 0.1681605279445648 1.898842722177505 1.354792982339859 5.762776680290699 183.8436623066664 56.0840871706605 231.3881259709597 65.14302879571915 62.78805478662252 30.86956824362278 4.692568421363831 59.71959543973207 3.260165944695473 0.4735332727432251 2.739591725170612 3.99872649461031 1.66123590618372 0.4776523858308792 0.2618895322084427 0.2420283108949661 3.662174373865128 1.348166108131409
106.3918602317572 1866.183431364596 771.5743374675512 115.3732701987028 6361.156409047544 23.56708160042763 636.031428091228 788.7356612831354 0 188.5059727430344 1895.756064176559 19.92648780345917 6032.727301023901 1938.299998275936 63.98899588733912 9.782816894352436 0.2772034034132957 0.9088382422924042 0 1.041647143661976 1.637421891093254 0 0 0.1336191743612289 0.1804137527942657 1.291523084044456 0 3.532895997166634 1.790433451533318 0.1173914223909378 147.8804936408997 74.04125162214041 74.32059497386217 0.2077500969171524 0 0 19.84053050726652 0.3330947980284691 4.242005616426468 0.1939007639884949 0.7986673414707184 1.878490909934044 0 0.2746803462505341 0 1.191169783473015 252.5277197360992 3.923912242054939 0.5349057167768478 0.9316677153110504 0.7528363242745399 0.1053383126854897 0 0.3828524500131607 2.332154400646687 5.906798720359802 25.08944905549288 85.88416004180908 14.89016979932785 29.40628910809755 1.0639518648386 7.34140869230032 0.9339105263352394 114.9732297435403 6.934587515890598 7.754254378378391 2.280552312731743 4.006036378443241 1.507931426167488 2.370637722313404 83.27077458053827 15.26653076708317 0.1368555277585983 98.56063067913055 35.94525738060474 238.6202908679843 73.12465672194958 10.49505151808262 34.91950358450413 61.90279734879732 2.546045750379562 13.13792354613543 11.37686495482922 0.7985850721597672 6.49581240862608 8.061057459563017 8.687313176691532 0.2866329848766327 1.440098106861115 0.3824333325028419 0.7772978842258453 0.5139997899532318 0.4611103087663651 0.6099846959114075 1.999750845134258 98.94383655488491 20.41970761120319 0 9.142605155706406 21.16986649483442 0.8014438226819038 2.359162047505379 0.4461673200130463 6.379523798823357 1.499677643179893 57.8184772580862 8.801821559667587 5.424842581152916 22.6203179359436 12.6057011038065 1.008064925670624 55.09138165414333 62.95208470523357 75.50009182095528 21.12433341145515 0.241371363401413 0.9811379909515381 0 0 0 0 0 0 1.052275985479355 0 0 0 0.4059842228889465 0 0 0.1317222267389297 0 0.1489669978618622 0 1.223435029387474 1.443906515836716 0 3.185349032282829 0.7795139402151108 23.90699109435081 11.19192513823509 32.61439652740955 13.32481943815947 2.081421293318272 0 0 0 0 0 0.7903870642185211 0 1.463600218296051 6.554658263921738 0 0.5608005523681641 0 0 0.2486640512943268 0 0 0.3086657151579857 1.843854039907455 0.4588083252310753 0 1.617601037025452 7.752361088991165 22.35885182023048 0.4536084532737732 0 0.08502895385026932 0 0.1894159018993378 0 0 0 0 79.44879832863808 1.041887581348419 0 0 0 2.936748221516609 2.223637208342552 4.439684927463531 0.9588781148195267 1.957150563597679 2.143505647778511 1.978098571300507 1.1151964366436 0.2348129898309708 0.09903468191623688 0 0 0.107657179236412 0.2343499958515167 0 0 30.03751276433468 18.96059909462929 34.90901824831963 603.3052885234356 80.2504201233387 713.7818453535438 208.0892221406102 548.1394848376513 83.33749348670244 16.80032916367054 191.3586718440056 6.396348536014557 0.5049412176012993 23.2377203553915 8.220763452351093 41.27502538263798 1.419171594083309 0.4903475195169449 3.636714436113834 11.48362259566784 3.695945620536804
1421.84053607285 471.0490090548992 2.874509379267693 1703.498866476119 30.11178699880838 754.3591772168875 951.3549396917224 1.224591374397278 188.5059727430344 0 2.823296204209328 1867.751129731536 8595.602889046073 266.3446877226233 7.606318987905979 1.30853570997715 0 0 0 0 0.2979398816823959 0 0 0 0 0.2034266591072083 0 0.5616003423929214 0 0 11.77734973281622 1.907245829701424 36.36953071504831 0 0.09854608029127121 0 8.928159415721893 0.1077413931488991 3.20487143099308 0.1346653997898102 0.3088300824165344 0 0 0 0 0 41.99021108448505 1.628561794757843 0 0 0.120975486934185 0.2055160105228424 0 0.3633220195770264 1.695987455546856 1.25762639939785 36.38354316353798 85.73040841519833 4.653752692043781 4.349897556006908 0 1.287596203386784 0 9.01870996505022 2.385046198964119 3.258053340017796 0.2625640630722046 0.8690973818302155 0.2771975994110107 0.5420814752578735 366.3554420024157 15.75408601760864 0.215923860669136 31.00971414893866 7.783942669630051 33.00908226519823 3.816336080431938 1.306651175022125 0.1945414543151855 4.620737873017788 0 0.6430925652384758 3.45067922025919 0.1927080079913139 1.907600946724415 3.200210139155388 1.455194927752018 0.3279432281851768 0.7114552557468414 0 0 0 0.3632522970438004 0.111786961555481 0.240703783929348 867.4354084730148 31.58262301981449 0.9751728773117065 3.280122011899948 458.0508504137397 1.663536496460438 8.005904972553253 2.771917179226875 16.14595115184784 1.779748618602753 87.6730592250824 15.88789807260036 7.832564100623131 51.34284919500351 49.6450102776289 2.125343456864357 68.24698746204376 108.0252561122179 126.2314923107624 16.11442029476166 0 0.1994423121213913 0 0 0 0 0 0 0 0 0 0 0 0 0 0 0 0 0 1.17987297475338 0.7995957434177399 0 0.5501546859741211 0 12.54300305247307 3.94194458425045 24.48998558521271 7.845167800784111 1.619534373283386 0 0 0 0 0 0 0 2.232436656951904 12.91113451123238 0 0 0 0 0 0 0 0.1578322350978851 0.5576939210295677 0.7494333237409592 0.6323652565479279 0 4.313185811042786 17.30483520030975 0 0.2483008056879044 0.1348137706518173 0 0.350812703371048 0 0 0 0 47.45336046814919 0 0 0 0 3.433635592460632 3.023687243461609 2.411650449037552 1.895044535398483 3.094876505434513 1.116363748908043 2.279114007949829 0.2155317664146423 0 0 0 0 0 0 0 0 43.63006369769573 13.34687593579292 18.42931692302227 236.0828337743878 20.25084725767374 178.9894971325994 58.70866916328669 1843.778198361397 34.66062412410975 6.340115457773209 42.20224145054817 11.60192993283272 1.331863880157471 14.40372652560472 3.899593532085419 95.06042991578579 2.042374707758427 0.4068474173545837 4.435929551720619 0.8205331712961197 0.327149897813797
106.6311917901039 808.1731442660093 2696.513804294169 0.8803104758262634 2358.601473413408 1.589051827788353 162.3474302664399 1256.357110366225 1895.756064176559 2.823296204209328 0 33.47093650698662 2463.271884009242 3851.628656871617 19.80762594938278 8.753603912889957 0.3453116714954376 0.6761631369590759 0 0.1660154163837433 0.1444877088069916 0.5561178922653198 1.653895452618599 0.3317827731370926 5.136348769068718 0.277242548763752 0.6012726724147797 0.7622539550065994 0.556818351149559 0.4304642677307129 200.1515243723989 125.510257832706 1069.301486201584 1.069217830896378 1.951603651046753 4.19767452776432 196.6284283697605 4.761116251349449 2.239882528781891 1.460288539528847 0 1.101331628859043 0 1.038825020194054 0 1.083093151450157 42.4511299058795 0.2209287658333778 0 0.4258722811937332 0.1134423166513443 1.423467174172401 0 0.3024270087480545 0.3632523193955421 0.7752075418829918 7.418422073125839 68.13069535046816 2.190934501588345 4.212940074503422 1.902439445257187 29.70356319844723 11.37232619524002 33.35630813986063 2.283726885914803 1.954531084746122 0.7329089939594269 1.255978561937809 3.901965200901031 3.445963621139526 701.1485835313797 18.95535115897655 0 21.96219230443239 11.21475269645452 40.31225349754095 21.18604874610901 9.349293000996113 333.9530722945929 731.1635671332479 12.04035882651806 192.11704120785 1.094008803367615 0.4516877830028534 0.7006340995430946 1.390720069408417 1.55430918186903 0 0.7035617455840111 0 0 0 7.557399973273277 0.8465059995651245 1.056514739990234 115.3937656283379 49.06499491631985 0 11.82976990938187 16.70924163609743 0 0 0 0.8112174868583679 0.2174597680568695 4.271776378154755 0.2617462575435638 1.771481692790985 0.6149183511734009 1.922613918781281 0 5.432990804314613 7.262600466609001 5.63688825070858 4.124998345971107 0 0 0 0 0 0 0 0 0.2101620584726334 0 0 0 0.3230032622814178 0 0 0.1585799008607864 0 0 0 0.4035406112670898 0.9219400882720947 0 0.4132994711399078 0 3.212338462471962 1.135685920715332 9.008024990558624 2.369793981313705 0.170355886220932 0 0 0 0 0 0 0 0 1.059483334422112 0 0 0 0 0.1334991604089737 0.08866846561431885 0 0.1125389188528061 0.4909965246915817 0.2243571281433105 0.08670591562986374 1.522247172892094 2.065055564045906 5.152697518467903 0.1318456381559372 0 0 0 0.2017066478729248 0 0 0 0 13.28553253412247 0.2004461586475372 0.4007823169231415 0 0.2185580134391785 0.4156887233257294 0.4883504658937454 0.7364967465400696 0.0662621483206749 0.2162208557128906 0 0 0.1626146882772446 0 0 0 0.1897774934768677 0 0 0 0 6.727209270000458 4.589474722743034 8.436527848243713 98.80650079995394 14.16092996299267 107.5175758451223 30.37604717165232 47.68047498911619 13.48991374671459 3.1036142334342 32.32414937764406 3.251194380223751 0 1.14113461971283 2.494971975684166 5.7818838134408 0.3978355526924133 0.4538357257843018 0.9365121126174927 1.08179284632206 0.7919398844242096
467.5618496239185 124.0982364863157 11.42996551096439 689.7171932756901 11.68463587015867 323.6433805674314 73.93099211156368 5.367720663547516 19.92648780345917 1867.751129731536 33.47093650698662 0 1012.519782744348 82.19112855941057 19.06131070107222 7.227668702602386 0 0 0 0.1773775219917297 0.1910284757614136 0.310751348733902 0 0 0.2275018095970154 0.4377748966217041 0 0 0 0 3.129742607474327 9.999858126044273 75.45173496007919 0.4254679083824158 0.1784041076898575 0.2546428442001343 61.37777545303106 0.7422378361225128 13.09902285039425 0 0.2523550391197205 0 0 0.4608215391635895 0 0 17.18853536248207 0.123303659260273 0.1599687784910202 0.3658201992511749 0 5.268309444189072 0.8406588137149811 0.152106449007988 0 0.3048204034566879 3.234406687319279 4.65646780282259 1.126036129891872 1.675532013177872 0 4.784487321972847 0.2076811939477921 3.784861385822296 0.3107770681381226 0.2621024772524834 0.1894722729921341 0.2552440837025642 0.6565949469804764 0.5380246788263321 496.4411226063967 61.60226047039032 0.6747809797525406 5.454895630478859 2.124076247215271 20.87095530331135 10.33387215435505 2.556264609098434 0.4667896181344986 11.02108151465654 0.1260553449392319 4.392563566565514 0.2039415538311005 1.577612519264221 0.2554981708526611 0.4554751589894295 0.6141246184706688 2.359858691692352 1.388814836740494 0.6120793670415878 0.6065177619457245 0.2111380100250244 0.3049162030220032 0 0 2619.010645970702 104.3970019668341 11.1930778324604 27.42869518697262 95.86028461158276 1.252273082733154 9.82670646905899 3.466065496206284 4.181318387389183 1.837139412760735 150.2006111890078 13.7501484900713 10.96813240647316 36.46905022859573 34.68492096662521 3.362791568040848 105.6617467999458 131.6783102303743 205.0865772515535 32.21032051742077 0 0.136380210518837 0 0 0 0 0 0 0 0 0 0 0.1987766772508621 0 0 0 0.5581086874008179 0 0 4.435935728251934 2.565942600369453 0 0.7616936415433884 0 25.10547912120819 7.013213261961937 38.65890134871006 10.4084529876709 1.533332318067551 0 0 0 0 0.6106590032577515 0.2535068988800049 0 0.6556703746318817 9.065512329339981 0 0 0.2545786798000336 0 0 0 0 0.1019197404384613 1.683913335204124 1.460165128111839 0.1826732754707336 1.396505087614059 6.425153255462646 25.98852609097958 0.2201688885688782 0.5937952250242233 0.131674200296402 0 0 0 0 0.1252054870128632 0 119.2811568230391 1.503229200839996 0 0 0.2555324137210846 6.228783741593361 2.602932572364807 2.034568980336189 3.466889545321465 2.963978946208954 5.436306744813919 2.201793640851974 0.4650719910860062 0.104309543967247 0 0 0 0.2601845040917397 0 0 0 63.89923098683357 23.52467408776283 24.34160064160824 213.3594103828073 3.699223428964615 71.01158431917429 17.04158898442984 471.8476251810789 8.866364046931267 1.438845925033092 45.93339446187019 20.36940464377403 0.5153594762086868 30.05034513771534 2.444500431418419 85.90724070370197 0.4725489020347595 0.4518548846244812 4.324374705553055 1.271451354026794 1.274843499064445
684.4807685911655 3374.953297294676 665.4943345934153 1792.798546217382 2644.807483196259 291.5813864171505 3827.32812089473 249.3158537894487 6032.727301023901 8595.602889046073 2463.271884009242 1012.519782744348 0 1366.52174963057 208.5623750165105 63.57985055446625 0.8340108022093773 1.301508530974388 0 2.392021089792252 2.674017444252968 0 2.108087837696075 0 0.328518882393837 3.732138186693192 0.4706431925296783 7.461449809372425 1.433003231883049 0.1319070756435394 102.0448818951845 78.75759845227003 318.6590755060315 2.202759027481079 1.415335759520531 1.163238704204559 69.25058396905661 2.253474444150925 15.42237833142281 0.2129130065441132 1.404531590640545 1.973353043198586 0.3135586678981781 6.429402008652687 0.4507050067186356 2.634002834558487 399.5037678554654 4.914383418858051 0.6635396331548691 2.120934523642063 0.4467055127024651 0.6314290761947632 0.2364736050367355 2.315929912030697 3.460836298763752 8.424417518079281 35.03539983928204 88.67236217111349 16.39094554632902 42.8576730415225 4.102802574634552 14.14963487535715 6.186100840568542 103.2486714348197 11.42503370344639 10.29815417528152 2.98953503370285 4.978694632649422 5.717250503599644 7.440628819167614 420.8588026762009 47.41161598265171 0.9477138817310333 115.0920788794756 35.22909583896399 410.1920268908143 177.2651382908225 40.8350829705596 16.71327314525843 110.1733438968658 9.867494612932205 40.49135763943195 12.77248813956976 0.7314632385969162 4.920037254691124 8.106121830642223 10.52430269867182 0.4918106719851494 1.573803022503853 0 1.166675388813019 1.046054266393185 6.772335588932037 0.9926992356777191 3.024394333362579 2124.84871673584 85.67516474425793 0 30.5394708365202 95.71687047183514 1.956101194024086 13.10487101972103 8.838159181177616 30.79409851133823 11.68228993564844 346.7421608418226 38.89255802333355 24.39789569377899 120.9416851550341 94.90587429702282 10.32866942882538 278.6222061365843 364.8969259262085 471.7404467612505 102.9532615989447 1.256237402558327 0.6571405529975891 0 0 0 0 0 0 0.6077145040035248 0 0 0.4101762771606445 0.5217606723308563 0.5463980436325073 0.7299989461898804 0.292540580034256 0.2182988822460175 0.1594453305006027 0.1367092877626419 8.872728906571865 7.354777008295059 0 5.011247143149376 0.765610933303833 88.13224026560783 41.70070731639862 165.0980184078217 51.18226879835129 6.532976686954498 0 0.5624810382723808 0 0 1.072363644838333 1.193641901016235 0 2.344584494829178 46.47640497237444 0.1326839178800583 0 0 0.2409996837377548 1.000251047313213 0.3319867253303528 0.4630604088306427 0.6328572034835815 5.121757529675961 4.267462536692619 0.765028327703476 5.338917464017868 30.51901742815971 92.09945143014193 3.733671948313713 0.5789066255092621 0.5619145333766937 0.7209424078464508 0.7427461445331573 0 0 0.4029616415500641 0.1878170520067215 398.0683206245303 9.648163497447968 0 0 0 20.43233144283295 16.98147317767143 15.48199027776718 11.13835486769676 11.05985735356808 9.609627440571785 6.400635421276093 2.182020425796509 0.9462767690420151 0.2468515560030937 0.2377168238162994 0 0.2492706999182701 0.2128276526927948 0 0 192.0994143337011 111.4964976757765 130.3884007632732 1362.24655842036 118.7295205444098 1071.657066605985 338.0425224453211 1136.331965565681 126.5708209648728 20.28527700155973 423.0430691763759 42.70624083280563 2.482951976358891 75.62715521454811 17.19553406536579 233.0353744775057 4.04616067558527 0.7012921124696732 13.03163006156683 24.26249325275421 19.44698339700699
