0 6852.390457563102 687.5518455132842 1289.795421227813 810.9999458417296 172.2576397061348 968.4190344661474 34.88383355736732 622.3422865048051 3135.103851735592 565.7276947498322 654.4986102059484 818.175864726305 334.1224780976772 1.663869708776474 0.5664694681763649 0.516930878162384 0.2180974781513214 0 0.175342008471489 0.3532333523035049 0.2401293367147446 0 0 0 0.2546972557902336 0 0.4471846297383308 0 0.1234684661030769 2072.550883725286 2.370571963489056 4.861414015293121 0 0 9.478803902864456 7.911907039582729 0.4468940645456314 10.01509423553944 2.700678586959839 0.2908816039562225 0.2402570247650146 0 0 0.1141425296664238 0.108539842069149 69.31478527933359 5.497448779642582 0.5291247367858887 0.5447165966033936 0.3793467059731483 1.634644612669945 0 0.1088481694459915 0.9899584725499153 4.085853770375252 639.9330071806908 976.4242006838322 142.0245217233896 66.75255308300257 0.4091708138585091 6.287929639220238 0 9.272045381367207 6.752311006188393 3.562987267971039 1.785631485283375 0.1067395731806755 0.3633425533771515 0.4584141224622726 31.91726931929588 122.1756709516048 3.61003178358078 295.6207981482148 44.53687570989132 22.95686733722687 5.347822211682796 0.9666729122400284 0.1205301955342293 22.47180927544832 0.2093104273080826 1.435495860874653 9.545324750244617 0.30869060754776 5.577830135822296 3.848712369799614 1.46138234436512 1.248639583587646 0.6819831803441048 5.246023550629616 0.5778447389602661 0.6177636384963989 0 0 2.057398706674576 467.5359733700752 178.2931376844645 5.460446804761887 11.3475488871336 1867.390006095171 0.5018114224076271 0 0.6651160717010498 0 2.231983795762062 5.506804376840591 0 3.331705391407013 85.29545689374208 2.533821105957031 2.395525313913822 7.419603869318962 2.576403841376305 4.868395067751408 1.696445658802986 0 0.2073638290166855 0 0 0 0 0 0 0 0 0 0 0 0 0 0 0.8450627774000168 0 0 1.008242607116699 0 0 1.712502002716064 0 1.808392941951752 6.082176133990288 0.2001567929983139 1.893760472536087 0.1841414421796799 0 0 0 0.3268860578536987 0 0 0 1.705700546503067 2.969366848468781 0 0 0.174725666642189 0 0 0 0 0 0.2924941182136536 0 0 0 1.565622746944427 5.366550087928772 0.6246306896209717 0.2695381045341492 0 0 0 0 0 0 0 2.825313866138458 0 0 0 0 1.737131223082542 3.593174874782562 3.170322611927986 2.140272438526154 0.8119181543588638 1.023472398519516 0.3543622493743896 0 0 0 0 0 0 0 0 0 0.641586109995842 1.787614390254021 8.319977156817913 153.1722762957215 10.98409481346607 204.4666219726205 31.90863980352879 1503.865985162556 71.03620085120201 2.56831369549036 89.29728479683399 2.697890974581242 0.6839891076087952 4.808383390307426 0 3.436554104089737 0.4144991040229797 0 0 0 0
6852.390457563102 0 1515.528442636132 233.697111800313 3929.878039270639 283.3874842524529 2927.32856887579 157.3821388781071 4367.999682098627 707.5588261187077 2605.117458574474 140.2841478511691 1665.87593626231 1042.6031890288 7.776362657546997 1.430756591260433 1.17248060554266 0.3523984998464584 0 0.6826184988021851 1.391291663050652 0 0 0 0.4514735490083694 0.5182295590639114 0.34262415766716 0.7297976166009903 0.1912944614887238 0.1674177199602127 1036.308846734464 12.29530446231365 3.096609756350517 0 0 1.004580199718475 16.96731678396463 3.848239868879318 7.982239454984665 0.8487914800643921 0.6335131451487541 0.5245072394609451 0.3344219774007797 1.51114697009325 0.09465523809194565 0.8164284750819206 129.6283675059676 14.72051374614239 1.10515945404768 0.8927507475018501 1.656545624136925 0.3605278432369232 0 0.6322061419487 2.308067657053471 6.170207500457764 293.3701638504863 666.2846827507019 102.2112681344151 64.64564271271229 0.2755780965089798 2.161801189184189 0 25.77273151278496 13.12127337604761 6.945124499499798 3.418705366551876 1.908750593662262 0.7440409958362579 1.51466478407383 69.1339813247323 21.27888261526823 0 280.4877294152975 106.6282102316618 58.29008469730616 32.12299574911594 4.758081376552582 1.436780005693436 85.40051731467247 0.8987712487578392 2.618352457880974 18.39759083092213 0.3760291263461113 12.08873712271452 5.947466127574444 5.42578087747097 0.3257792741060257 1.689441852271557 0 0.4363963678479195 0.7393102869391441 0.3306280076503754 0.302271768450737 2.939623795449734 81.61874747276306 57.77714018523693 2.175582766532898 14.97564022243023 483.277540884912 3.323794007301331 0.344630241394043 2.326760843396187 0.8244159817695618 7.275032892823219 31.28880661725998 1.805894285440445 33.01382844150066 22.82804200053215 4.686885416507721 13.73300588876009 49.23132380843163 22.3412594050169 20.18188817054033 12.57470425218344 0.9721340090036392 2.071877062320709 0 0.1942775547504425 0 0 0 0 0 0 0 0 0 0 0 0 0 0 0 17.10505547374487 5.612922869622707 0 0 0 9.225696131587029 6.427227482199669 3.654771149158478 3.210854455828667 0 0 0 0 0 0.9196807742118835 0 0 1.834641218185425 9.511815637350082 0 0.2843694984912872 0 0.2438703775405884 0.5318095237016678 0 0 0 3.002494089305401 2.478156074881554 0 0.8093344569206238 2.374131560325623 26.35340969264507 3.486411154270172 0.1031788289546967 0.6376377642154694 0 0 0.4260526895523071 0 0 0 22.68456418812275 11.4250174164772 0 0 0.1737650483846664 17.65500412881374 8.462154269218445 19.12372106313705 6.431902512907982 8.635649666190147 3.592974036931992 3.438874766230583 0.1967260241508484 0 0 0 0 0 0 0 0 6.325052693486214 29.14567589759827 19.59388869255781 220.4586286619306 33.23272494226694 406.1970668211579 58.6751352623105 1175.6885445714 89.46070555597544 3.405366480350494 92.87192609906197 22.15052201598883 0.3076727688312531 17.3534517288208 1.788506537675858 16.3575075045228 0.1713782995939255 0.08419899642467499 4.93212303519249 0.7767077535390854 0.9288944602012634
687.5518455132842 1515.528442636132 0 11.33705103397369 216.8640642091632 8.850923448801041 114.7063592597842 3920.7727098912 441.1936005279422 26.20086632668972 2099.921156004071 41.78839902579784 158.8690475299954 617.2099876850843 28.42715002596378 41.21155028790236 7.807889349758625 1.910855740308762 0.1385831534862518 19.52722328156233 76.13962313532829 0 11.39114864915609 1.382967129349709 6.754194773733616 14.61869485676289 1.605149686336517 8.073482125997543 0.8059080243110657 0.2597932517528534 5345.655729189515 215.9689213857055 45.22430830448866 15.11936554312706 9.160404622554779 54.66299816220999 104.3854109123349 34.24651828408241 83.74288804829121 17.92560997605324 31.25650959461927 16.13259395211935 13.28101048618555 19.09780478477478 3.371205426752567 14.35130494087934 123.582743011415 13.77920210361481 4.251062788069248 20.13703186064959 11.30819164216518 2.305928081274033 2.028351783752441 7.768076054751873 2.282069943845272 5.088656075298786 257.3911622911692 1347.666168883443 72.61513730883598 54.48227276653051 38.49933636188507 41.32690869271755 9.090507015585899 332.2187896072865 9.168517291545868 8.263694785535336 4.578659385442734 10.24705597758293 68.17943849414587 76.83205592632294 388.3854995965958 98.23587971925735 0.1643147617578506 279.0838482007384 229.8370089456439 71.428970053792 77.2191304937005 78.88652651757002 167.071136392653 2475.926123224199 55.86784508824348 588.9267862960696 7.664701700210571 0.1948458477854729 7.188562177121639 5.748378112912178 35.61777774244547 0 2.305445052683353 1.999957710504532 13.31035766005516 3.048236504197121 12.82486564666033 4.751044355332851 16.30731709301472 143.2310971021652 392.9239470660686 1.075043067336082 129.2881686985493 150.9049071148038 12.99710232019424 7.121913135051727 3.542362630367279 1.253660023212433 22.68949502706528 42.44426447153091 1.773643419146538 46.6243492513895 7.113225743174553 4.416911229491234 33.39405752718449 85.81605523824692 36.10902361571789 49.17946568876505 49.99494889378548 12.20979932695627 0.825692355632782 0.280959889292717 0.5777176022529602 0 0 0.118640661239624 0 0 0.2273185700178146 0.1582834869623184 0.1753612756729126 0.8961247652769089 0 0.3287498503923416 0 1.701609268784523 0.887050062417984 0.1478002816438675 24.13641861081123 12.99513627588749 0 7.651340126991272 2.411911368370056 47.3386715054512 37.49561900645494 34.01045642793179 25.63850690424442 10.42849246412516 0.5080192536115646 0.15629743039608 0.1758502274751663 0.3762944340705872 2.737237051129341 0.452482245862484 0.2777671217918396 6.230586782097816 45.75702852010727 0.2185414731502533 0 0.9817855209112167 6.054144620895386 0.7719772458076477 0.7236780226230621 1.452188104391098 1.018787562847137 0.3535769283771515 10.93882185220718 0 4.178988546133041 10.24901209771633 182.1485743299127 8.929606586694717 1.935056209564209 1.722885593771935 0.4632769525051117 0.4071770012378693 0.2175116091966629 0.7799288034439087 0.4862762093544006 1.767544999718666 98.54684692621231 48.60233771800995 0.6760647296905518 1.069921106100082 1.087715938687325 82.6003083884716 48.61385194957256 107.5036340802908 17.09773074090481 30.3732346072793 13.51743751764297 15.23903396725655 1.865013360977173 1.224821783602238 0 0 0.6227731257677078 0.2887440621852875 0.6097000539302826 0.2182827591896057 0.269252747297287 41.66691413521767 127.2485197857022 112.4438933134079 350.3577780500054 41.15592416375875 399.2999427393079 87.54717644304037 167.8245052844286 61.65131551772356 2.862291723489761 98.94045472145081 82.73150055110455 6.523604072630405 80.16086508333683 6.859736323356628 34.52128003537655 2.952648386359215 0.5288062989711761 18.74076445400715 1.908781141042709 0
1289.795421227813 233.697111800313 11.33705103397369 0 38.92589880526066 157.5966679751873 241.4692260921001 0.09640681743621826 79.65656436979771 621.5511638075113 1.864282608032227 565.1875342279673 651.7899498045444 15.16532588005066 0.3347736597061157 0.3427192568778992 0 0 0 0 0.1101494207978249 0 0 0 0 0 0 0 0 0 30.26643754541874 0.1178064271807671 0.2923586368560791 0 0 0 0 0 0 0.3379551470279694 0 0 0 0 0 0 10.14015018194914 0.8417970612645149 0 0.3468686044216156 0.2695605456829071 0 0 0 0.6585955917835236 0.3425712957978249 16.80925839394331 22.43182712048292 7.430698312819004 7.072357542812824 0 0 0 1.962986722588539 0.4415278211236 0.1019858568906784 0.5047799199819565 0 0 0 2.477614223957062 0 0 20.43171185255051 5.850469842553139 2.999121733009815 0.7282227426767349 0 0.4346987307071686 0 0 0.133550614118576 1.80765974521637 0 0.9568605348467827 0.8389974758028984 0.2290502861142159 0 0.1987450048327446 0 0.161171019077301 0 0 0 0.1789525598287582 15.28277949988842 0.2585281431674957 0 0 63.75139240920544 0 0 0 0 0 0.9456066489219666 0 0.5704193711280823 28.13476526737213 0 0 0.953909158706665 0.8500841110944748 0.3965504318475723 0.6440317332744598 0 0 0 0 0 0 0 0 0 0 0.2023957371711731 0 0 0 0 0 0 0 0 0.4353449940681458 0 0 0 0 0.1439876556396484 0 0 0 0 0 0 0 0 0 0 0 0 0 0 0 0 0 0 0 0 0 0 0 0 0 0.5699052214622498 0.1343149542808533 0 0 0 0 0 0 0 0 0 0.5803853869438171 0 0 0 0 0 0 1.258391201496124 0 0.3900966942310333 0 0 0 0 0 0 0 0 0 0 0 0 0 0 16.07052847743034 2.148911908268929 24.58570954203606 5.124599643051624 212.3986423611641 5.704359546303749 0.2841910719871521 4.38562636077404 0 0 0 0 0.3677990734577179 0 0 0 0 0
810.9999458417296 3929.878039270639 216.8640642091632 38.92589880526066 0 30.84130005538464 4687.702214062214 10.22438739985228 6079.260403446853 367.8745685815811 461.4217727780342 17.90534341335297 3339.836107358336 447.5305470228195 3.662141434848309 0.9145205393433571 0.4241645708680153 0.1754548251628876 0 1.186181977391243 0.6084041148424149 0 0.145270049571991 0.1518547534942627 0 0 0 0.6283476576209068 0.3509810864925385 0.1023614555597305 341.4230926185846 3.380558729171753 0.7952217012643814 0 0 0.3454503938555717 4.155845753848553 0.2419871911406517 2.095657847821712 0.09703219681978226 0 0.4304246753454208 0 0.124906100332737 0.150542289018631 0.2701563984155655 81.20818217098713 7.33583626896143 0.8814793601632118 0.1926224380731583 0.481130339205265 0.1404413878917694 0 0.9965384006500244 0.5898513421416283 4.634339839220047 64.45337824523449 135.1046249717474 33.44236928969622 40.0969257876277 0.1182133033871651 2.222424894571304 0 18.90145893394947 6.756381027400494 3.96017549186945 2.266983792185783 1.987277045845985 0.5597774162888527 0.8685754761099815 50.65650468319654 8.301457293331623 0 101.8175037056208 53.96950317174196 35.23467358201742 29.24905503541231 1.713664911687374 0.8419879674911499 4.683026865124702 0.6074949130415916 0.7369197905063629 6.758546978235245 0 5.526035308837891 3.847100704908371 4.042314633727074 0 0.6376671940088272 0 0.2537988722324371 0 0 0.3981055915355682 1.80604575574398 104.5561416894197 11.80711126327515 0 6.909608110785484 77.57151994109154 7.267112240195274 2.528969928622246 7.02020189166069 0.1798428297042847 18.66054555773735 43.82414225488901 2.520640686154366 40.64331321418285 8.623283803462982 11.01545186340809 18.92292836308479 73.23086384683847 44.87961126118898 39.77880176901817 21.11186282336712 1.215200006961823 0.7277520298957825 0 0 0 0 0 0 0 0 0 0 0 0 0 0 0 0 0.4429492950439453 17.1194870620966 4.571330532431602 0.1521579772233963 0 0 5.396930709481239 1.203837394714355 0.2164545804262161 0.4432865083217621 0.3264161646366119 0 0 0 0 0 0 0 1.152516379952431 8.067256569862366 0.3562611043453217 0.1411556303501129 0 0 0.1751938015222549 0.3541955649852753 0.3167204707860947 0 1.016963914036751 2.200662791728973 0 0.7117027640342712 1.066735416650772 20.72369268536568 1.728137776255608 0.4114588797092438 0.2622411847114563 0.1667047441005707 0.1003355085849762 0 0 0 0 25.50516930222511 3.580833658576012 0 0.1848800182342529 0 19.52558547258377 5.78398922085762 15.46778531372547 4.673141464591026 11.30941691994667 2.284444339573383 2.025778234004974 0.6140434145927429 0.1603642702102661 0 0 0 0 0 0 0 16.68794538080692 23.07404392957687 8.786104887723923 134.5445600375533 24.94677969813347 233.7372392117977 40.79476448893547 183.6020269915462 60.50019982457161 3.020709812641144 43.05679682642221 9.973361015319824 1.236218757927418 11.54750598222017 1.406628251075745 25.32190357148647 3.369548380374908 0 8.350856587290764 0.2233609855175018 0
172.2576397061348 283.3874842524529 8.850923448801041 157.5966679751873 30.84130005538464 0 132.5677121132612 5.973472207784653 110.8387555629015 942.1037334650755 16.84781448543072 654.2485828995705 466.3574748709798 125.1321618855 0.1432276666164398 0 0 0 0 0 0 2.179106771945953 0 0 0 0 0 0.8569839000701904 0 0 12.81364068388939 0 3.936485573649406 0 0 0 5.562362164258957 0.3127422630786896 0 0.1378767192363739 0 0 0 0 0 0 0.3390366286039352 0.1938143745064735 0 0 0.4570539444684982 16.22960229218006 0.7987212538719177 0 0 0 84.6114546880126 20.06249105930328 3.865863330662251 1.147339582443237 0 0 0 0.1333132535219193 0 0 0.3398549258708954 0 0 0 73.6517069041729 628.7270475924015 7.475015804171562 2.857421070337296 0.4042181223630905 0.2643705457448959 0.4973855763673782 0.1705557405948639 0 13.55615690350533 0 0 0 1.735538095235825 0.1168191879987717 0.3258338421583176 0.1774603128433228 10.6576741039753 2.920194238424301 17.84273624420166 2.955209255218506 1.941265687346458 0 0 2.30588473379612 643.3441570103168 217.6510431170464 19.84651324152946 4.334254056215286 131.3686911910772 0 0 0 0 0 0 0.1853780746459961 0.3613559901714325 6.762733727693558 0.1540285646915436 0 0.3784074634313583 0 0.2643848657608032 0 0 0 0 0 0 0 0 0 0 0 0 0 0 0 0.2159292697906494 0 0.2903378903865814 0.4232894480228424 0 0.3904696404933929 0 0 0 0 0.628554031252861 1.908262461423874 0.7635992765426636 0.5056687146425247 0.6382408291101456 0 0 0 0 0 0 0 0 0 0 0 0 0.3924722075462341 0 0 0 0 0 0 0 0 0 1.271993517875671 0 0 0 0 0 0 0 0 0 0.2223077267408371 1.368772625923157 0 0.560846358537674 0 0.5984430909156799 0 2.82112729549408 0 0 0 0.7562900185585022 0 0 0 0 0.1597657948732376 0 0 0 0 0.5220216065645218 0.8585522472858429 1.659039884805679 3.31911563873291 0.2246720343828201 2.947296306490898 0.7654411494731903 125.0220085829496 3.394309096038342 0.2757572531700134 0.5302898436784744 0.2122333943843842 0.2197155058383942 0.5615912899374962 0 0 0 0 0 0 0
968.4190344661474 2927.32856887579 114.7063592597842 241.4692260921001 4687.702214062214 132.5677121132612 0 10.07443051785231 1776.565749593079 1097.184444099665 45.66487672924995 145.9735204428434 1957.964741416276 431.6994730085135 6.225673623383045 0.8623654991388321 0.1203849315643311 0.8524406924843788 0.234029695391655 0.5018028616905212 0.4666135460138321 0 0 0 0 0.2333542257547379 0 0.5221392065286636 1.03065463155508 0 157.4715053513646 2.056811146438122 0.8614648282527924 0 0 0.4214243963360786 7.910655081272125 0 2.272868171334267 0 0.306485503911972 0.3962542414665222 0.111801415681839 0.4828371852636337 0 0.1075544059276581 82.58794385194778 8.018186666071415 1.454594746232033 0.1248443648219109 0.8718751296401024 0.3495106995105743 0 0.4715490788221359 0.4120649173855782 2.796000078320503 69.63231006264687 121.3865614011884 37.10740137845278 39.25815287232399 0.4400698021054268 0.9007337391376495 0 18.27224913984537 6.881122589111328 4.562378190457821 1.679654031991959 1.663473419845104 0.5846824124455452 0.8207316920161247 33.64113217592239 12.39311954379082 0 101.4276202991605 56.76361732929945 34.63180210441351 21.99312678724527 1.027826011180878 0 3.164621233940125 0.9938601478934288 0.865430623292923 8.454150043427944 0 6.568994164466858 2.612765222787857 2.067193761467934 0 0.8031638041138649 0.2293071448802948 0.1666439175605774 0.1257877498865128 0.5170592963695526 0 1.032152757048607 220.415476962924 7.589056059718132 0 3.424026355147362 68.46632302552462 2.627685040235519 2.474708661437035 7.958624392747879 1.257359310984612 8.520570084452629 37.45985251665115 2.238314524292946 48.14064043015242 35.31231762468815 16.17984375357628 19.36568382382393 70.17638111114502 43.4366028085351 45.73933917284012 16.66272359341383 0 0.9586767256259918 0 0.3937931656837463 0 0 0 0 0 0 0 0 0 0 0 0.1652429401874542 0 0 0 13.31274485588074 4.070009917020798 0 1.091677308082581 0 4.921200655400753 1.606725811958313 1.662220120429993 0.8913106918334961 0 0 0 0 0.6997948288917542 0.4761405289173126 0 0 2.116720244288445 8.764568075537682 0 1.250633478164673 0 0.4408547282218933 0 0.1678220331668854 0 0 0.8139995932579041 1.096636489033699 0 0.3236966133117676 0.1885349601507187 18.73175816237926 7.892464369535446 0.4495714008808136 0.2931706607341766 0 0 0 0 0 0 27.10410336405039 0.9983324110507965 0 0 0 15.88436031341553 7.743882954120636 9.644910141825676 3.943967334926128 7.628719434142113 2.934442207217216 0.5117892771959305 1.54804652929306 0.7588492333889008 0 0 0 0 0 0 0 11.87472385168076 10.70747438073158 7.909846007823944 142.7532176151872 25.60488152503967 248.4589032530785 46.43080890923738 313.2466776221991 58.86513508856297 2.960405580699444 47.42618780583143 11.31621152162552 1.97802808880806 17.95724780857563 2.170903332531452 17.01929454505444 1.683253765106201 0 5.964544981718063 0 0
34.88383355736732 157.3821388781071 3920.7727098912 0.09640681743621826 10.22438739985228 5.973472207784653 10.07443051785231 0 865.7483475580812 1.6109833791852 1115.382904849946 84.30436262488365 255.8238578736782 1072.512789547443 48.88472129404545 42.76487702131271 7.815009124577045 1.906841807067394 0.3160432726144791 10.18861709535122 72.74743415415287 0.1192479580640793 15.07898299396038 4.472046107053757 15.63844119757414 25.70952797681093 4.294214501976967 11.16842456907034 4.311137363314629 0.2833023071289062 586.0121624469757 994.715633392334 81.08156874775887 15.96006942540407 16.75242508947849 48.41959752142429 64.60062953084707 24.74132563173771 28.03210072219372 14.98559007048607 45.66283191740513 17.61773823946714 7.051780760288239 22.74673294275999 3.44004113227129 8.349623367190361 174.7976777553558 11.74608261138201 3.303774520754814 11.21602214872837 11.72741124778986 0.5422981679439545 0.7790407538414001 10.00182630121708 1.151620499789715 4.548651017248631 72.88165089488029 173.0469958856702 29.57217832654715 41.01305653899908 39.00869731605053 60.38698707520962 13.57102678716183 70.65951862186193 7.115470111370087 7.165248677134514 5.070282265543938 11.23323888331652 51.8559186309576 86.47245290875435 242.7606228962541 44.60519507527351 0.1535684466362 113.2196115776896 101.1039702445269 89.61183831095695 117.1061125695705 122.4835036322474 312.2169339880347 2351.019562132657 83.5016231238842 1156.67937464267 7.868946991860867 0.09410549700260162 7.222271867096424 4.50345753133297 22.28127790987492 0.1480531990528107 2.277080528438091 1.78701002150774 8.477827608585358 2.06347318738699 18.09277714788914 4.685576178133488 16.72535899281502 113.8464467972517 52.90687298774719 0 26.13563898205757 28.22065012902021 0.8816702961921692 2.777682386338711 3.442357428371906 2.352873399853706 11.77192583680153 34.9826841801405 1.261394947767258 33.20769083499908 2.518028765916824 4.046150848269463 20.91599567234516 47.38406495004892 31.27977724373341 29.9311658591032 31.70398060232401 2.361689828336239 0.736108124256134 0.1970591247081757 0.2471252083778381 0 0 0 0 0 0 0.8334902673959732 0.2611000239849091 0.2812312245368958 0.3723186552524567 0.366393119096756 0.8438473045825958 0.6206398606300354 0.2381978183984756 0 14.37121844291687 6.939813315868378 0 2.626761466264725 0.4189945161342621 13.45981051027775 7.713925361633301 3.848630249500275 6.324152380228043 3.329646676778793 0.2848954796791077 0.9013817757368088 0.3156509026885033 1.068228453397751 1.072041124105453 0.929310530424118 0.2306138426065445 5.786802016198635 6.376492395997047 0 0.6123280823230743 0.4069516509771347 2.775536835193634 3.616010665893555 0.230667844414711 0 0 2.57842954993248 3.755671009421349 0 3.013097167015076 3.206523939967155 34.59300398826599 8.539899826049805 0.5566148608922958 0.7256859615445137 0 0 0.1408445686101913 0.2782776951789856 0 1.054450869560242 41.4547970071435 10.23858566582203 0.1664364486932755 0 1.497793942689896 30.38237351924181 10.94927842915058 20.23979693651199 6.475751273334026 10.69514885544777 3.262355268001556 4.501641809940338 0.2050006240606308 0.1823754757642746 0 0 0.1143691018223763 0.2554611340165138 0.7638646364212036 0 0.2958477735519409 24.06256725639105 37.83609189093113 32.68278911709785 625.0460302457213 74.43206939101219 713.8586612418294 168.8176200985909 122.7384861931205 115.5662773102522 5.832450106739998 194.4593526497483 25.29521644860506 1.254867300391197 18.51819703727961 2.645502388477325 15.1834502518177 1.643292248249054 0.3140806555747986 6.838295541703701 2.036228775978088 0.506489634513855
622.3422865048051 4367.999682098627 441.1936005279422 79.65656436979771 6079.260403446853 110.8387555629015 1776.565749593079 865.7483475580812 0 531.283781349659 1437.822604812682 76.26827935874462 7780.136574395001 1066.943771414459 8.114170722663403 3.928767450153828 0.7855640426278114 0.1166506558656693 0 1.773999206721783 1.315024085342884 0 0.8191147744655609 0.1132196709513664 1.106957107782364 0.4901915416121483 0 1.186758019030094 1.462453030049801 0 215.3749460577965 3.237732082605362 8.569126591086388 0 0 0.1445771604776382 13.08156709372997 0.6208555549383163 4.017925672233105 0.7423557043075562 0.3589266985654831 0.6026500016450882 0.6587699577212334 0.934477798640728 0 0.4632794857025146 87.21879779547453 6.02425143122673 1.623796820640564 0.6178231090307236 0.8556660786271095 0 0.4353991448879242 1.785993874073029 2.25021980702877 4.158738657832146 61.24744030833244 105.1153144240379 30.76046837866306 32.94431313872337 0.2315633594989777 0.8998152315616608 0 13.71907002478838 6.88088096678257 3.902813464403152 1.751388810575008 2.610717624425888 0.6874193102121353 1.354664221405983 117.7767494395375 29.92059390246868 0 85.51371504366398 48.04485155642033 35.50993106514215 23.9374427869916 6.648418702185154 0.6574217900633812 10.68209251761436 0.8348319232463837 1.678146317601204 8.786903187632561 0.1696841865777969 5.53909595310688 2.044146127998829 3.05658245831728 0.09058236330747604 0.7937343418598175 0 0.6379903331398964 0.6107427775859833 0.3246320188045502 0.2738126814365387 2.353333793580532 572.9602869153023 15.96345090866089 0 6.977660968899727 53.36378911882639 11.32683008164167 9.518101237714291 18.01897592097521 6.687869727611542 45.44723173230886 146.8510608077049 3.983235284686089 144.7832347974181 32.3706938624382 35.31930939108133 78.72831355035305 231.9006914719939 132.3945914208889 151.1502616330981 56.07279648631811 2.389917075634003 0.9836440682411194 0 0 0 0 0 0 0 0 0.128561720252037 0 0 0 0 0 0 0 0 48.91947188973427 21.29201845824718 0 0.8174356520175934 0 21.65263318270445 3.971621841192245 3.838705621659756 0.9052999913692474 0.8452047407627106 0 0 0 0.5169864892959595 2.243531093001366 0.4313964545726776 0 7.080612227320671 27.16788723319769 0.7969973310828209 1.004332005977631 0 0.18885837495327 0 0.9136462062597275 0.744951069355011 0.1589275449514389 4.598233245313168 8.383632883429527 0 0.776171863079071 0.3879372179508209 59.33126600831747 8.957146711647511 1.509225994348526 1.548510700464249 0.1799702495336533 0.3412503004074097 0 0.1394894868135452 0 0.7891913503408432 87.52277291566133 5.467771083116531 0 0 0 51.22993862628937 11.76491223275661 28.64746621996164 16.02475722879171 35.21245182305574 14.54147476702929 9.034869790077209 1.897887274622917 0.485241986811161 0.251609206199646 0 0 0.2107604891061783 0.1849578022956848 0 0 46.62898776680231 39.56080145388842 22.58265047520399 270.8482640013099 32.09617109596729 356.9119301661849 72.9493078365922 241.3333504125476 67.38915944099426 2.81549759209156 75.76798016577959 43.19592873007059 6.890645183622837 63.84941529482603 4.791987605392933 54.16867812722921 4.804770171642303 0.6949822306632996 16.57190679758787 1.628783673048019 0
3135.103851735592 707.5588261187077 26.20086632668972 621.5511638075113 367.8745685815811 942.1037334650755 1097.184444099665 1.6109833791852 531.283781349659 0 11.26160027086735 2565.838721305132 4673.927662171423 275.352279946208 0.7168285101652145 0 0 0 0 0 0 0 0 0 0 0 0 0.279231533408165 0 0 74.70600620657206 0.2498073503375053 4.781437993049622 0 0 0 0.5898962616920471 0 0.2598660886287689 0 0 0 0 0 0 0 24.24584835022688 0.5833534449338913 0.101038433611393 0 0 0 0 0.1316709816455841 0.3220954462885857 0.8168525025248528 47.93797119706869 48.13973373919725 16.29829829931259 12.6858990713954 0.1236356869339943 0.09898965805768967 0 3.222287520766258 0.8117640316486359 0.7922942191362381 0.096744604408741 0 0 0.1472821831703186 39.27230897545815 3.362708061933517 0 44.11919748783112 16.28203615546227 7.906419657170773 2.039741367101669 0.6442961990833282 0 2.948505252599716 0 0.1023194193840027 2.401118084788322 0.1011796966195107 1.453053705394268 0.7293077260255814 0.6374657526612282 0 0.1908526867628098 0 0 0 0 0 0.1176204234361649 287.2175832986832 12.26537138223648 0 1.295048981904984 393.1140996813774 3.621462240815163 5.136701390147209 22.22021073102951 26.15652543306351 6.268184989690781 37.52437669783831 30.74461260437965 28.05749049782753 38.54049514234066 10.15990480780602 9.900438457727432 45.81943389773369 29.63355691730976 30.30053243786097 7.660350829362869 0.3344410359859467 0 0 0 0 0 0 0 0 0 0 0 0 0.2498674839735031 0 0 0 0.1752544641494751 0 5.900937408208847 5.696379140019417 0 0.1303223073482513 0 1.253077290952206 0.1987197548151016 0 0 0 0 0 0 0 0 0 0 1.080938249826431 1.609277978539467 0 0 0 0.1243030726909637 0 0 0.4110535979270935 0 0 1.611507326364517 0 0.391778975725174 0 3.347903892397881 2.769724756479263 0.1759720146656036 0.2784807309508324 0 0 0 0 0 0 8.997143924236298 0.5520857572555542 0 0 0 3.205122783780098 0.6332537531852722 1.801075711846352 4.235711842775345 6.656538270413876 1.936721950769424 0.9561846256256104 0.171588122844696 0.2747621834278107 0 0 0 0 0 0 0 12.47656684368849 2.51847967505455 1.760940045118332 45.59212179481983 4.607388585805893 66.64666264504194 7.384201660752296 973.3518778905272 11.8361749202013 0.2775236964225769 17.77006790786982 4.599267266690731 0.3562211990356445 8.679991632699966 0.5108733922243118 19.44036003947258 0.8457580059766769 0 0.71442911028862 0 0
565.7276947498322 2605.117458574474 2099.921156004071 1.864282608032227 461.4217727780342 16.84781448543072 45.66487672924995 1115.382904849946 1437.822604812682 11.26160027086735 0 349.9310137778521 1769.876932993531 4127.964959055185 47.83332122117281 41.10840532183647 3.313464492559433 1.491386651992798 0 3.736761406064034 28.52533067017794 0.6685562282800674 3.828557424247265 1.656901568174362 14.02338926494122 19.25488649308681 4.541001662611961 11.25585796684027 5.081269666552544 0.3641866445541382 904.6320404410362 74.3202057108283 335.6294171884656 1.343881443142891 5.462190955877304 56.60292853415012 150.4657921344042 24.45237451791763 20.06214103102684 13.02389270812273 35.37979304045439 12.54778824001551 3.083147048950195 25.15644723922014 1.310570627450943 2.742780923843384 178.3032716214657 11.99925544112921 3.033545300364494 4.086034446954727 6.149531863629818 2.807534292340279 0.385227769613266 6.70733168721199 1.971692778170109 6.920217394828796 114.3020597919822 236.1427559480071 56.85784517973661 62.65106563270092 3.795636348426342 23.65354969352484 3.138087138533592 47.4458446726203 11.88548005372286 7.627709284424782 5.766397997736931 5.724143728613853 27.58716013282537 48.92708630859852 461.9439912810922 105.665555998683 0 159.5450187325478 106.0374643653631 105.9335620552301 78.73708761483431 61.62830480188131 8.723018184304237 499.5729979425669 8.333413660526276 11.37758523970842 13.71134252101183 0.724419005215168 9.931514471769333 5.957513071596622 13.12206950038671 0 2.943910613656044 0.9986842349171638 3.997628599405289 1.839778654277325 9.216105565428734 2.518126599490643 13.86900739371777 357.6308720856905 76.28876411914825 0.2322449684143066 36.04174500703812 85.71567536890507 13.13376802206039 3.029549933969975 13.20391921699047 2.616654187440872 37.71213679015636 96.51558054238558 1.91842545568943 102.4615645855665 11.31253455579281 18.27326041460037 58.45009295642376 162.1710831448436 103.2668961882591 104.8203880041838 57.37328488379717 3.407781422138214 0.4838111400604248 0 0 0 0 0 0 0 0.1827408522367477 0.2998646795749664 0 0 0.7302787303924561 0.3299955427646637 0.1710926592350006 0.2284847795963287 0 0 49.12267024070024 14.51428680121899 0 2.845059290528297 0.3104898929595947 24.96962800621986 12.03418388962746 9.383726999163628 2.916545182466507 1.714824244379997 0.7628340572118759 0.8765183091163635 0 0.5414738655090332 2.394987106323242 0.5803351402282715 0 6.990520238876343 32.39470787346363 1.844105124473572 0.2861652076244354 0.2874073684215546 0.7758017182350159 1.966511309146881 1.134289018809795 0.736026406288147 0 5.319892406463623 8.942797377705574 0 3.473568424582481 1.652301847934723 101.1141016334295 12.32165676355362 0.2110061645507812 2.100620679557323 0.1175050660967827 0.9239604249596596 0 0.3795198574662209 0.4571660310029984 2.20954991877079 121.6174167469144 27.81820812821388 0.1909948438405991 0 0 69.25366019457579 21.29607367515564 43.22677244246006 10.85788002610207 25.54632467776537 11.17075075954199 13.33467543125153 3.634291276335716 0.8575910925865173 0.1793426126241684 0 0 0.2412406802177429 0.1110744178295135 0 0.2462279349565506 45.39730334281921 86.95654588937759 45.50216516107321 716.3788559660316 88.91283719241619 749.120901606977 186.6953921318054 220.1083736643195 153.4795606136322 7.657175578176975 231.4134077653289 47.9562793970108 7.59744319319725 49.6573724001646 5.553926445543766 24.22022730857134 5.02404060959816 0.8635571897029877 12.05677327513695 2.995347306132317 0.1607345193624496
654.4986102059484 140.2841478511691 41.78839902579784 565.1875342279673 17.90534341335297 654.2485828995705 145.9735204428434 84.30436262488365 76.26827935874462 2565.838721305132 349.9310137778521 0 1615.545063406229 254.9323204010725 9.20010881870985 12.79336109757423 1.378353759646416 0.1919170171022415 0 0.5371434092521667 0.9819621294736862 0.2811172902584076 0 0 0.7780112624168396 0.3616713881492615 0 0.6088132709264755 1.331042528152466 0 32.48855832219124 6.386970445513725 118.417600274086 0.1754293590784073 0.1789467036724091 3.055401355028152 58.82288950681686 6.080226257443428 8.324758991599083 4.334302052855492 1.318282306194305 2.052712738513947 0.3955960422754288 4.25761540979147 0 1.391214340925217 23.24405600875616 1.193189099431038 0.385929137468338 0.2336141467094421 0.797689825296402 1.898099839687347 9.313391000032425 0.7352026849985123 0.3564196825027466 0.2489087581634521 18.57380651682615 22.82676342874765 5.235338062047958 6.437226943671703 2.507331073284149 6.083290189504623 0 5.152326263487339 0.9362553805112839 0.5591859370470047 0.6667345762252808 0.2680878043174744 2.304804056882858 1.775394074618816 296.4456588625908 115.8991120755672 0.4217942208051682 17.66281655430794 8.551906019449234 10.89768442511559 11.05087850242853 9.844085648655891 0.7503249496221542 133.4768947511911 0.663791611790657 4.173751890659332 1.377705700695515 0.1453297436237335 0.4171661213040352 0.5814770609140396 1.150316141545773 0.141484409570694 0.5707775503396988 0.8009733110666275 0.1418507248163223 0.4313209652900696 1.584392055869102 0 2.871021889150143 2562.67560775578 130.7737345099449 4.769128412008286 33.24860528856516 79.63185353577137 5.779280677437782 4.487901419401169 12.29988114535809 4.657742470502853 28.05910255014896 75.09070140868425 4.439176008105278 99.54520105570555 18.01484879851341 26.56036081910133 49.673240236938 144.311281837523 101.9764709919691 117.9539666175842 47.66928738355637 1.060535334050655 0.3910596072673798 0.4798719882965088 0 0.3200534284114838 0 0 0 0 0 0.2693009674549103 0 0.1934265047311783 0 0 0 0.5163536816835403 0 0 35.88937705755234 13.55838035047054 0.2008408606052399 0.7258437275886536 0 19.80113971978426 3.472547098994255 4.569445669651031 3.958930850028992 1.866814315319061 0 0 0 0.6446071267127991 0.4943035542964935 0 0.2650617659091949 3.39169255644083 10.66243662685156 0.3730776384472847 0.1158843636512756 0 3.675442218780518 0.3973630964756012 0.3371026813983917 0.8699857369065285 0.3431055694818497 2.063666522502899 3.275965102016926 0 0.3388714194297791 2.341851711273193 41.08166550844908 1.838523611426353 1.758790902793407 1.181649498641491 0 0.3426669985055923 0.3863131105899811 0.1215711161494255 0 0.3815123438835144 85.55258999764919 16.12478257715702 0 0.2457903474569321 0.7017415165901184 36.80747412890196 3.8155248016119 14.13369628041983 8.158855132758617 20.33582566678524 5.732833310961723 8.050300985574722 0.3894612491130829 0.1802041977643967 0 0 0 0 0 0.3791318833827972 0.1879885196685791 61.74173427373171 41.08659054338932 27.6037930175662 181.9911344721913 8.107511334121227 114.2138865813613 31.77612520754337 450.8267604783177 22.25665049999952 0.934303343296051 54.77975726127625 22.26653636991978 4.954196393489838 31.24497877806425 4.919489197432995 22.01603390276432 0.8216180354356766 0 10.93754540383816 0.1745165288448334 0
818.175864726305 1665.87593626231 158.8690475299954 651.7899498045444 3339.836107358336 466.3574748709798 1957.964741416276 255.8238578736782 7780.136574395001 4673.927662171423 1769.876932993531 1615.545063406229 0 2968.718674384058 16.97146147489548 17.3283501341939 1.522911466658115 0.6864732056856155 0 1.071758970618248 2.938184157013893 0.4478770941495895 0.2294193357229233 0 2.580939397215843 2.54991689324379 0.507830947637558 1.240776628255844 1.683462254703045 0 114.0038504973054 7.159467794001102 205.116986349225 0.7961513847112656 0 9.846611112356186 178.6831485554576 15.99381118267775 26.35610838234425 25.49746186286211 2.982021428644657 0.6777930706739426 1.091570287942886 8.429405696690083 0.2563830688595772 0.3157998993992805 57.68207713216543 3.462543077766895 1.311573728919029 1.07865621894598 1.113357745110989 2.262613713741302 8.002672582864761 1.446571633219719 1.040936291217804 2.487743452191353 40.33239547908306 61.53862017393112 21.75093445181847 23.84630189090967 3.315981782972813 24.5044781640172 0.1440833956003189 14.84424614161253 3.192623071372509 1.434698134660721 1.553787901997566 1.876717194914818 3.896174311637878 6.09936486184597 733.2711030393839 106.7584211528301 0 56.74693935364485 29.71427158266306 30.6705356836319 25.09274722635746 19.97210552543402 1.210059687495232 305.422363050282 3.814055614173412 7.428135372698307 4.091032050549984 0.08506560325622559 2.936534337699413 1.777624949812889 2.973572768270969 0.2835037410259247 0.6107448637485504 1.139736816287041 1.297134906053543 0.3521865010261536 0.9664111733436584 0.2365083694458008 2.137448012828827 2405.463291071355 65.55467182397842 4.528744027018547 50.40790794789791 95.0665628015995 9.04487457126379 9.557583019137383 18.55110105872154 7.428672775626183 50.83989577740431 151.6643407121301 5.684665679931641 160.3548614159226 35.8067801296711 46.71645067632198 84.12067151069641 257.9779648855329 168.4693242609501 174.204806253314 71.38634219020605 4.402059257030487 0.7219953387975693 0 0.151851698756218 0 0 0 0.2513958811759949 0 1.1394282579422 0 0.1934690475463867 0.1732483357191086 0 1.283336311578751 0 1.018952861428261 0 0 50.53424306958914 26.9350608587265 0.1346316188573837 1.123099058866501 0.3537023067474365 28.12079486250877 6.80309884250164 7.95506252348423 6.017426453530788 2.177248954772949 0.334718644618988 0.4189119040966034 0 1.488746389746666 0.6607004106044769 2.381532669067383 0 7.284258827567101 26.17985560745001 0.5833537429571152 0.471500039100647 0 2.285067424178123 0 0.2144472301006317 1.118193253874779 0.2859728038311005 4.282946668565273 6.55137999355793 0.5086009055376053 0.4932219982147217 2.546614304184914 56.8932036831975 9.70907274633646 1.772202253341675 1.414310202002525 0.1150166764855385 0.1985639482736588 0.6020376682281494 0.1602523177862167 0 0.3096883594989777 125.2233186736703 13.03864495456219 0 0 0.1520933210849762 55.97798012197018 13.33043168485165 16.37429548054934 9.622094199061394 24.57898943126202 8.39979861676693 6.793147534132004 2.286275841295719 0 0 0 0 0.2370142638683319 0.2319045960903168 0 0 83.02634876966476 56.88561221212149 30.97038371860981 305.2612143009901 31.12889824062586 265.3399317786098 72.49830356240273 462.0285504981875 57.16155747324228 1.473231121897697 111.0392444357276 32.6204831674695 6.596173815429211 49.4170174524188 3.008060403168201 43.0957585722208 8.521564468741417 0.8744235038757324 11.92598114162683 3.203449472784996 0
