0 4505.532145582139 803.1158294305205 841.173317655921 915.8377644047141 527.3922728896141 1629.042114004493 31.21804156154394 89.3762854039669 671.4567759633064 180.9776040166616 132.2535993456841 249.1842255443335 174.7712560221553 0.6269047558307648 0.146326407790184 0 0 0.1316166520118713 0 0 1.369830712676048 0 0 0 0 0 0 0.1700834929943085 0 1164.801457084715 6.714349687099457 6.928334638476372 0 0 0 5.176044903695583 0 3.272633075714111 0.2594267725944519 0 0 0 0 0 0 7.809307873249054 0.75159702450037 0 0 0.1979410946369171 1.549895539879799 0.1499821990728378 0.09128762036561966 3.372197590768337 3.968475185334682 232.8182484731078 1746.790591463447 26.41968324780464 7.635538868606091 0.1335794776678085 0 0 2.849146969616413 0.7464133873581886 0.6577752679586411 0 0.2130112797021866 0.1596847921609879 0.2390977740287781 84.3241987451911 57.74835206568241 8.543828904628754 133.6530710607767 42.63089071214199 18.20626144856215 2.429600179195404 0.15451380610466 0.4941218420863152 6.558918334543705 0.2069908306002617 1.388304255902767 5.1483319029212 3.581616349518299 0.4594776853919029 0.6452800109982491 0 8.791226170957088 4.503892779350281 7.023222804069519 0.4067356437444687 1.775669634342194 0 0.1435567289590836 0 651.4101278111339 145.9417137950659 27.38943088054657 9.572085678577423 683.0719840452075 0 0 10.69275566935539 1.28874072432518 0 15.63141396641731 5.80183170735836 7.613611355423927 11.2015486061573 14.21217808127403 1.024126678705215 8.896821811795235 7.413265615701675 10.42866693437099 1.137679770588875 0 0 0 0 0 0 0 0 0 0 0 0 0 0 0 0 0 0 0 0 0.4265848100185394 0 0 0 0.8675285875797272 2.170007646083832 2.518179178237915 0.7901303023099899 0.3694359958171844 0 0.1243605092167854 0 0 0 0 0 0 0.4120237678289413 0 0 0 0 0 0.1303453743457794 0 0 0 0.1506008058786392 0 0 0 7.030212268233299 0 0 0 0 0 0 0 0 0 0.5510981976985931 0.9050979167222977 0 0 0 2.134500950574875 0 1.096998453140259 0.7608776241540909 0 0 0 0.5320152640342712 0 0 0 0 0 0 0 0 2.249246805906296 3.520662575960159 4.408802539110184 171.6700120046735 4.586106061935425 56.41931775212288 11.43370489776134 884.1319080665708 52.84308906644583 0.5900572538375854 8.407209940254688 1.129533678293228 0 0.5298310220241547 1.058765858411789 16.21761295199394 0.1618456393480301 0 0 0 0
4505.532145582139 0 861.1014387235045 200.9599665105343 3142.224271252751 801.7051784768701 3838.251037694514 78.35860288143158 411.771521627903 334.898781105876 517.738455362618 14.07611958682537 537.0907334834337 931.6356535702944 8.392008244991302 2.790157571434975 0.215463399887085 0 0 0.6684934794902802 0.4756039530038834 0 0.2797916531562805 0.3529539853334427 0.2632113471627235 1.44916820526123 0 1.576810069382191 0.6004495844244957 0.1028868407011032 4171.999143019319 10.06772121042013 11.70994218438864 0 0 0.6684269532561302 11.4729687422514 0.8524755239486694 2.935256108641624 0.1205675229430199 0 1.988362722098827 0.5986144095659256 0.3067992329597473 0.2172834575176239 0.1480052173137665 112.8253188207746 4.765207573771477 0.2498327791690826 0.2408384084701538 1.603280782699585 0.1603395938873291 0.1984268426895142 1.904507584869862 16.21705108880997 19.89574409276247 76.42857922613621 2048.738247178495 31.75058276951313 47.07659777253866 0.1453831046819687 0.7809837609529495 0.438798263669014 61.54856782406569 7.598971396684647 4.841372720897198 1.450949519872665 2.711392804980278 0.3541261255741119 0.3646179810166359 56.21876760572195 74.49184988439083 0.2849336117506027 215.2340945750475 232.5077699571848 158.5066274628043 49.18932558596134 2.422161132097244 5.998197317123413 43.95464835315943 1.232408478856087 23.03159943223 29.45950224250555 4.368646562099457 4.658271037042141 2.434625886380672 2.412093505263329 0.1958647146821022 1.069206289947033 0.6556440144777298 2.835762843489647 0.5026044845581055 0.8199235945940018 0.732824444770813 0.7031086161732674 260.7672950774431 98.16173025220633 0.1318895518779755 42.89081199467182 899.4842613488436 2.15981949865818 2.663711100816727 38.43174864351749 14.09044049680233 1.154587805271149 53.10660247504711 15.62370103597641 25.62896031141281 36.48796372115612 48.99108977615833 4.262349754571915 30.18360650539398 32.81863709539175 43.76493634283543 7.741418555378914 0.2486543208360672 0.6569303870201111 0 0 0 0 0 0 0 0 0 0 0 0 0 0 0 0 0 1.620552241802216 1.592591896653175 0 2.747778229415417 0 11.13104519248009 17.33813548088074 16.27356486022472 1.810589507222176 0.3489096164703369 0 0 0 0 0 0.3672370910644531 0 0.1193234398961067 0.6956788152456284 0 0 0.1744885146617889 0 0.2741185426712036 0.1755494028329849 0.7231593281030655 0 1.312986552715302 4.789576813578606 0 0 2.164749816060066 45.29392428696156 0.7886257767677307 0.3330061435699463 0.1183420717716217 0.112215667963028 0 0.4120199978351593 0.0970647856593132 0 0 7.088013991713524 3.910375148057938 0 0 0 9.889234706759453 2.694742888212204 5.839704126119614 1.00360432267189 0.5759415030479431 0.6944838985800743 0.9238117337226868 0 0 0 0 0 0.09810715913772583 0.1345373392105103 0 0 12.96778780221939 22.84753835946321 13.87533271312714 553.5286143645644 61.58336085826159 489.9106759354472 142.0402391031384 1462.881275303662 221.6627164334059 10.53908571600914 74.62901225686073 15.18186168372631 0.2379586845636368 6.961462676525116 0.5913574323058128 44.61447785794735 1.598656952381134 0.1305020898580551 0.338912233710289 2.029685080051422 0.3214018046855927
803.1158294305205 861.1014387235045 0 2.491056352853775 394.8729731813073 29.65236963331699 92.63635372370481 2698.522804096341 230.2108893766999 13.79738458245993 3090.575510583818 2.482720293104649 385.5997902601957 1833.026398763061 17.59970907121897 13.12361209839582 1.938467964529991 6.029374353587627 2.205214694142342 29.84564055502415 58.57190431654453 0.865565687417984 5.575551241636276 7.065157689154148 13.61753571778536 3.445874527096748 6.304574102163315 7.272445149719715 1.697634048759937 0 3794.727116212249 199.9380782693624 131.2277131006122 3.695772230625153 16.34065224230289 21.61138853430748 19.73020377010107 8.905531868338585 15.11267907172441 10.41055887192488 22.47322146594524 6.487967893481255 20.45393104851246 1.982374519109726 3.32501620054245 2.988958775997162 128.5115329325199 8.671137318015099 0.736741803586483 17.38197332620621 1.370443493127823 0.8965599313378334 4.914978437125683 8.927286192774773 17.41289272159338 22.45612885057926 37.29560021311045 1812.151819862425 25.24841248244047 47.15431099385023 25.60631724447012 97.14315789937973 8.113749355077744 272.200593367219 10.27209141105413 8.224968820810318 4.636499591171741 13.60802348703146 9.147782519459724 64.09121256321669 39.0189640596509 50.38318736851215 0 201.124460272491 341.1686258837581 197.1981835737824 114.0866421535611 11.28159286081791 1088.021257221699 1794.122083447874 73.76215517520905 2702.787060312927 30.61914444714785 3.836621560156345 4.32512229681015 2.632367722690105 11.1973884254694 0.8867791220545769 2.202137917280197 0.3796184584498405 2.641130276024342 0.4777032360434532 10.25657816976309 2.239545062184334 2.804925672709942 9.331034407019615 67.09512151777744 1.005160018801689 50.8318368345499 331.649281218648 2.19063475728035 0 5.324816927313805 1.564665094017982 1.537114039063454 11.29868538677692 1.487536370754242 6.236119344830513 4.287768572568893 6.657068595290184 0.9196746647357941 5.528380513191223 2.629428789019585 7.184632450342178 4.099933788180351 0.123565137386322 0.1924542188644409 0 0.4779083728790283 0 0 0 0.421835646033287 0 0.1582990288734436 0.1661758124828339 0 0.8055414780974388 0 0.6817503124475479 0.4871290922164917 1.24988842010498 0.7823262065649033 0 2.025623336434364 0.5510070025920868 0.1964297145605087 1.920245721936226 0.8470962792634964 7.425153277814388 5.80403995513916 10.43902269005775 6.8017682954669 3.668397940695286 0.161450669169426 0.8034530133008957 0 0 0.2976675033569336 0.355449914932251 0.2151355296373367 1.814992249011993 0.8460900783538818 0 0 0.1848652958869934 2.533301576972008 3.104627974331379 0 0.8483878374099731 0.1367945075035095 1.00303316116333 1.155123144388199 0.1245653405785561 1.699440896511078 5.149357527494431 21.41677122563124 0 0 0 0.4541007652878761 0 0.235370509326458 0 0 0.8631039261817932 1.003293856978416 2.597166389226913 0.1560795158147812 0 0.4206473976373672 4.244354665279388 2.43133282661438 3.961119934916496 0.77437824010849 0.7721914649009705 0.258655309677124 0 0.2698257341980934 0 0.2990994900465012 0 0 0.2168198227882385 0 0 0 1.226637482643127 19.03330433368683 10.03975420445204 368.4893576055765 74.37982674688101 435.2865630164742 129.5755096748471 416.363638818264 169.2548642233014 7.772104255855083 65.87930588424206 10.34054939448833 0.08571513742208481 4.45988205075264 0.8770814910531044 11.82611517608166 0.210815817117691 0 0.8243566825985909 2.948670148849487 0
841.173317655921 200.9599665105343 2.491056352853775 0 21.50213405489922 804.108999595046 973.7450924664736 0.1206620708107948 22.63282331824303 990.7288204580545 1.587423339486122 80.63495764136314 124.5368626862764 2.215657815337181 0 0 0 0 0 0 0 0 0 0 0 0 0 0 0 0 28.89176307618618 0 0 0 0 0 0.2338832020759583 0 0 0 0 0 0 0 0 0 0.5650409162044525 0 0 0 0 0 0 0 0.4303087294101715 0.6822430044412613 8.169165477156639 59.87112695723772 0.1541851311922073 1.055312544107437 0 0 0 0 0.3010096400976181 0 0 0 0 0 7.213943600654602 5.618401676416397 0.1912396252155304 4.802420660853386 3.511199355125427 0.8189455568790436 0 0 0 0 0 0 0.319882795214653 0.2508440762758255 0 0.09919312596321106 0 0 0 0 0 0 0 0 0 115.7588368505239 4.023166000843048 0.7626901865005493 0.9047645181417465 57.976014316082 0 0 4.913652926683426 1.082024276256561 0 6.516570374369621 2.933508649468422 5.354427665472031 7.801967605948448 13.00532621145248 0 4.092717841267586 5.662371888756752 6.075657472014427 0 0 0 0 0 0 0 0 0 0 0 0 0 0 0 0 0 0 0 0 0.4028362929821014 0 0 0 0 0.3817130327224731 0.7920063138008118 0.4384448528289795 0.5773048400878906 0 0 0.1165146008133888 0 0 0 0 0 0 0.1497036218643188 0 0 0 0 0 0 0 0 0 0 0 0 0.2750242054462433 1.388407289981842 0 0 0 0 0 0 0 0 0 0.3198606669902802 0 0 0 0 1.15638530254364 0 0 0 0 0 0.6963929533958435 0 0 0 0 0 0 0 0 0 4.446601137518883 2.091140642762184 0 8.433505520224571 0.7693122625350952 4.172506593167782 1.323937132954597 153.4140580445528 4.631148159503937 0.129972442984581 1.105586424469948 1.349745273590088 0 0 0 4.465646862983704 0 0 0 0 0
915.8377644047141 3142.224271252751 394.8729731813073 21.50213405489922 0 133.5029077082872 1163.121432155371 14.18271621316671 3990.77501232177 392.2890232130885 1238.356336839497 26.14794462919235 1515.280821941793 2749.475830510259 18.03278537094593 4.322081923484802 0 0 0.1090330332517624 0.2465493381023407 0.334182009100914 0.1141331568360329 0.5104824304580688 0.6167098060250282 0 1.377393022179604 0 3.017398327589035 1.450564131140709 0 419.9043200463057 9.396948665380478 11.9772020354867 0.5330664366483688 0 0.1043626964092255 25.26536843180656 0.1168224886059761 4.397953391075134 0.228468231856823 0.7371286302804947 0.9583299085497856 0.1164747625589371 0.8325104713439941 0 0 184.253486610949 4.435346998274326 0.1292860358953476 0.2479634881019592 1.623771913349628 0.3174000978469849 0.5017082542181015 1.918687246739864 13.90794540196657 18.51590160280466 17.93343123793602 306.3387224599719 16.20934695750475 45.69109261035919 0 1.222791008651257 1.447694972157478 80.92362929880619 8.160493858158588 4.722058482468128 1.483142875134945 3.352363534271717 0.336183525621891 1.210366502404213 164.70026473701 130.3825801610947 0.1207793578505516 99.88436286896467 164.2594692856073 188.5504327043891 94.78731635957956 5.777754031121731 2.721472464501858 15.9517860263586 1.377704448997974 8.301619909703732 23.76510658860207 2.428162857890129 3.761196091771126 3.302420318126678 3.212535887956619 0.5525934919714928 2.711767964065075 0.8175586834549904 2.777510136365891 0.5398438200354576 1.251138985157013 1.163232706487179 1.898057229816914 225.3588288202882 152.0134600996971 0.7181049287319183 77.23235403001308 123.2765777260065 2.529545992612839 1.042921125888824 33.0163481682539 13.4639578461647 3.200622484087944 76.6619616150856 11.63481773436069 61.09407663345337 38.17048496007919 89.50486020743847 10.58800776302814 62.80690369009972 44.08882270753384 61.63372261822224 20.88738064467907 0.1804495453834534 0 0 0 0 0 0 0 0 0 0 0 0.2337746918201447 0.805051177740097 0 0.1279858946800232 0 0 0 7.002191498875618 1.505636557936668 0 2.360925912857056 0 15.52169582247734 33.14790205657482 29.82171618938446 1.851865112781525 2.354410715401173 0 0 0 0 0 0 0 2.46063694357872 1.412304759025574 0 0 0 0 0.7857249677181244 0.2400286495685577 1.136749103665352 0.2500154972076416 0 2.530396535992622 0 0 3.690081000328064 89.79161582887173 0.5867822766304016 0.5730682760477066 1.938136175274849 0 0 0 0 0 0.1557373702526093 13.74846020340919 18.38472345471382 0 0 0.1961743086576462 21.05923348665237 4.629798844456673 17.48816582560539 5.23311921954155 2.03230008482933 1.958562240004539 1.221316248178482 0.1669210195541382 0 0.112407349050045 0 0 0.7012527137994766 0 0 0.1846864968538284 16.97567276656628 52.27230172604322 26.77732491493225 720.9689643830061 104.5287211462855 592.9187495484948 220.6997288987041 789.3459004834294 232.2912348657846 13.55176278948784 108.7373455092311 17.84257164597511 0.245691642165184 14.61856310069561 0.834312342107296 27.16779172420502 3.445311143994331 0.3516943156719208 0.8888982608914375 4.247323505580425 0.1619094759225845
527.3922728896141 801.7051784768701 29.65236963331699 804.108999595046 133.5029077082872 0 748.078822247684 2.816383510828018 23.07432590425014 581.9232226014137 16.01200476288795 161.4152828007936 310.0584312677383 26.3200746178627 0.5836239159107208 0.1923979222774506 0 0 0 0 0 10.04757764935493 0 0 0 0 0 0 0 0 35.55220907926559 0 4.709388360381126 0 0 0 1.774919807910919 0 0 0 0 0 0 0 0 0 0.7633790522813797 0.2520072534680367 0 0 0.6021501868963242 3.073539823293686 0.6965691447257996 0.1997638791799545 0.3991049975156784 1.436024457216263 243.0836893841624 130.7035763785243 4.202385388314724 0.8536621257662773 0 0.3946954160928726 0 0.5203448832035065 0.18061862885952 0.3747937828302383 0.08954828232526779 0.7291961908340454 0.1087965816259384 0 215.0121990293264 230.9764059633017 30.26206341385841 13.83366344124079 3.623528987169266 2.713240295648575 0.3666125908493996 0 0 1.077896304428577 0.1011190488934517 0 0.5079235807061195 11.62828527390957 0.1998617500066757 0.3814231008291245 0.1773997098207474 37.81327278167009 12.02758803218603 29.67889985442162 1.239890739321709 6.002056710422039 0.1237208694219589 0 0 871.9695452004671 234.0802157372236 84.07974052429199 7.130767896771431 423.7938302457333 0 0 0.2058966010808945 0 0 1.525301367044449 0.3580900728702545 1.760533437132835 4.801250711083412 1.420603513717651 0.310591459274292 0 1.021368935704231 1.114433765411377 0.4394831359386444 0 0 0 0 0 0 0 0 0 0 0 0 0 0 0 0 0.286371111869812 0 0 0 0 0 0 0 0.5329965204000473 0.9742308109998703 0.990228995680809 0.132138729095459 0 0 0 0 0 0 0.2602674067020416 0 0 0 0 0 0 0.2621500790119171 0 0.1299365907907486 0 0 0 0 0 0.3326751291751862 0 0.8407638669013977 0 0 0.1646229177713394 0 0 0 0 0 0 0 0.7694423198699951 0 0.1503379791975021 0 0 0 0 0 0 0 0 0 0 0.3708885908126831 0 0 0.3823393061757088 0 0 0 0.6650572121143341 0.4551810175180435 0 12.04829061031342 1.03255333006382 8.084424667060375 2.050273887813091 210.0153556540608 12.45294839888811 1.441273808479309 0.7612553983926773 0.1508798599243164 0.1201338395476341 0.2796602845191956 0 0 0 0 0 0 0
1629.042114004493 3838.251037694514 92.63635372370481 973.7450924664736 1163.121432155371 748.078822247684 0 11.26254557818174 1038.702213823795 3770.501602888107 200.5533324405551 293.645130187273 6398.396429978311 2208.013510115445 14.37106651812792 9.06228232383728 0.5052078366279602 0 0 0.6827534288167953 0.7579299807548523 0 0.4425193518400192 0.1460339725017548 0.5561493337154388 1.698565512895584 0.1709219068288803 2.840653605759144 0.5249066203832626 0.1200601607561111 158.4267965182662 3.25167465955019 9.273458585143089 0.193144753575325 0.1279856413602829 0.1909982264041901 28.124605640769 0.7509588003158569 6.719958275556564 0.1792775094509125 0.1713271290063858 0.3799704909324646 0.3476327434182167 1.444318950176239 0 0.2619462683796883 123.3099102377892 2.773832507431507 0.223387323319912 0 1.029104679822922 0 0.3197437524795532 2.969792924821377 8.814951173961163 13.29146442562342 39.96439131349325 319.8321755900979 15.78684443980455 24.79941914975643 0.2710455879569054 0.6411347389221191 0 33.22312951087952 4.220654286444187 3.157230727374554 1.125015549361706 1.899301573634148 1.062558360397816 0.7513049617409706 209.9806918650866 332.3831674158573 0.4725230187177658 93.16206686198711 98.29490822553635 117.0564951151609 51.97073255479336 4.050390742719173 0.8445453494787216 3.55595551431179 0.8441248759627342 3.056460924446583 17.73259065300226 2.36378563195467 2.529884114861488 2.116300620138645 2.014132149517536 0.2553967535495758 1.773332074284554 0.5473964288830757 1.296837635338306 0.7672062888741493 1.645063914358616 0.1360547542572021 1.055115386843681 1547.771509736776 208.2521312981844 1.677912175655365 91.47885536402464 244.6172438636422 5.442148022353649 8.680359065532684 117.2683232873678 65.79218150675297 10.52704752981663 225.3460742384195 34.89961524307728 170.5268679410219 142.1259604692459 276.4337407052517 29.37938795983791 177.051506921649 167.9232055470347 243.1262667104602 54.19247367978096 0.8066470921039581 0.2084051221609116 0 0 0 0 0 0 0 0 0 0 0.4094545841217041 1.26131708920002 0 0 0.1438626497983932 0 0 6.358478471636772 1.352981939911842 0 2.961584433913231 0.1393960863351822 30.27914546430111 36.68792533874512 48.63321802020073 9.413043573498726 3.24019829928875 0 0 0 0 0 0.1432602107524872 0 6.311103895306587 2.832623645663261 0 0 0.2976573705673218 0 0.3139715939760208 0.6893807053565979 1.998121947050095 0.148948922753334 2.173636093735695 7.882320739328861 0 1.226548194885254 5.164043694734573 156.7424112632871 1.266376182436943 1.235066384077072 1.546216733753681 0 0 0 0 0 0 39.50008772313595 19.04229219257832 0 0 0.204674631357193 44.04299606382847 5.407427787780762 29.96637752652168 8.454029202461243 3.215765431523323 3.134574919939041 3.92255824804306 0.6714891344308853 0.6926946267485619 0 0 0 0.2402099668979645 0.2151101976633072 0 0.1327464878559113 61.97373014688492 108.7772760167718 44.02299736440182 712.9370510131121 71.50410076230764 446.970572181046 155.7633111476898 1259.098329409957 173.805562466383 7.417871281504631 106.2297909781337 16.3883948251605 0.4170054644346237 22.2076880261302 2.119948744773865 92.60274910926819 3.009569525718689 0.8400463610887527 5.10820572078228 2.700035698711872 0
31.21804156154394 78.35860288143158 2698.522804096341 0.1206620708107948 14.18271621316671 2.816383510828018 11.26254557818174 0 24.14106586575508 1.837218940258026 927.2474371269345 1.732331201434135 170.5491613522172 1094.956560432911 21.17994470894337 23.10647934675217 2.659644819796085 3.300720259547234 2.783712863922119 6.34529110044241 10.24167088419199 0 2.499916046857834 3.584672093391418 7.428200542926788 1.522053256630898 2.381116688251495 2.514226406812668 1.495402872562408 0 1135.79785310477 1865.706992566586 74.47250013053417 0.2844729125499725 3.735453590750694 6.151394039392471 3.758982807397842 3.249292984604836 3.06851951777935 1.435280382633209 1.250288367271423 1.415708757936954 2.644314482808113 22.33657038956881 5.92121422290802 8.039390325546265 142.6694088429213 1.510490000247955 0.8549538999795914 4.152801193296909 1.0288016051054 0.3633462488651276 1.550600320100784 1.392563745379448 4.280980341136456 7.072540462017059 5.032330401241779 200.4114830568433 6.181557290256023 19.64050284028053 12.88616758584976 19.32869417965412 1.35246579349041 683.267595089972 1.663384065032005 2.699596665799618 0.6336926892399788 2.225115142762661 0.1280453652143478 9.811322256922722 7.733813598752022 5.348609611392021 0 35.65711472928524 182.9163485988975 139.2888586595654 455.1371661201119 444.4064276888967 654.764609746635 1464.233586899936 88.65126130729914 1338.653412982821 8.019760400056839 0.8410273343324661 0.6632101535797119 0.9860812500119209 3.486158952116966 0 0.6135833561420441 0.08998905122280121 1.384026400744915 0.4245968610048294 3.174345076084137 0.5838938131928444 0.2359897866845131 0.8231370896100998 8.450734570622444 0 7.733346253633499 11.91252373158932 0 0.433923602104187 0.9913631081581116 0 0 2.262729495763779 0 0.2541655004024506 0.6078885197639465 1.355774596333504 0 0 0.8650168031454086 1.540366172790527 1.596694380044937 0 0 0 0 0 0 0 0 0 0 0 0 0 0 0 0 0 0 0 0 0.09624956548213959 0 0.2961645722389221 0 1.54139069467783 1.029749259352684 1.337241224944592 1.053403541445732 0.4042602702975273 0 0 0.3545248210430145 0 0 0 0 0 0.2604229748249054 0 0 0 0.4959909617900848 0.6056042462587357 0 0 0 0.4974061548709869 0 0 0 0 2.49151386320591 0 0 0 0 0 0 0 0 0.5923511683940887 0 1.382677525281906 0 0 0.4235269725322723 0 0.1311596482992172 1.345216780900955 0 0.3064030110836029 0 0 0 0 0 0.09597844630479813 0 0.2725202292203903 0.1477490067481995 0 0 0 3.666417293250561 2.026498310267925 389.8187623918056 37.61495482176542 312.2838924527168 100.9571909755468 90.28624551743269 72.1868532449007 5.535573035478592 71.40465530753136 6.916550420224667 0 0.1828055381774902 0.1329414993524551 1.271434843540192 0 0 0.6129449009895325 0.8538841903209686 0.5515972971916199
89.3762854039669 411.771521627903 230.2108893766999 22.63282331824303 3990.77501232177 23.07432590425014 1038.702213823795 24.14106586575508 0 243.5340494811535 965.5411366447806 22.85119672119617 2178.836108446121 3542.109027907252 9.195132479071617 5.11723405122757 0.2548969686031342 0.2087977975606918 0 0.1652620434761047 0.2427573502063751 0 0 0.523334726691246 0 0.5656214356422424 0 2.669589757919312 0.1240312904119492 0 62.11328737437725 3.197057485580444 7.202010117471218 0 0 0.1909245103597641 12.33515356481075 0.127154752612114 1.884894192218781 0.6647059693932533 0.729278564453125 0.1846233606338501 0 0.1561118364334106 0 0.1625783294439316 55.06110070645809 0.9659084007143974 0 0.1176172941923141 0.4684361293911934 0 0.1950341761112213 0.4668451696634293 1.838353104889393 2.341996766626835 4.458057165145874 35.15476047992706 1.721106372773647 6.831508859992027 1.194297522306442 0.1175794899463654 0 14.30070035159588 0.8750396370887756 0.4394944757223129 0.09959957748651505 0.6396602690219879 0 0 149.181978687644 186.0754171013832 0 13.9313911870122 25.06282210350037 48.60275457799435 37.43186477571726 6.598728984594345 1.324770331382751 5.088381804525852 0.1107397228479385 2.84723549336195 2.213001564145088 0.1038629934191704 0.7272092327475548 0.3157883062958717 0.4285613670945168 0 0.3495367020368576 0 0.6956902146339417 0.7958105579018593 0.1282517910003662 0 1.373629793524742 246.274657741189 131.6645960435271 0.8706794381141663 60.04576809704304 15.18808116018772 2.101156830787659 1.512665614485741 34.58500270545483 21.5798674672842 4.912535980343819 76.96946612000465 9.419085517525673 62.40104821324348 35.01451669633389 76.74188062548637 9.84895695745945 64.26102636754513 42.34159901738167 74.39588934183121 19.92120231688023 0.2024011611938477 0 0 0 0 0 0 0 0 0 0 0 0.5306333303451538 0.4403774738311768 0 0 0 0 0 4.744163885712624 2.688149154186249 0 1.399810403585434 0 18.19528347253799 27.1680521517992 24.28630116581917 2.735353976488113 1.487949848175049 0 0 0 0 0 0 0 1.837377995252609 2.84025040268898 0 0 0 0 0.2791530787944794 0.5235205888748169 0.3038625717163086 0 1.860036537051201 4.605459555983543 0 0.9904493093490601 0.8667065799236298 92.2642635256052 1.501987457275391 0.2627186179161072 1.110866114497185 0.09023555368185043 0 0 0 0 0 14.31192722916603 12.1925436258316 0 0 0.5254295468330383 19.77201978862286 5.75309157371521 10.25291714072227 3.151670381426811 1.305581368505955 1.415065705776215 0 0.718985378742218 0 0 0 0 0.1156514212489128 0.2164797633886337 0 0.1312230676412582 14.10681809484959 43.25711707770824 21.61136835813522 346.1104974225163 34.6159063950181 161.6247841194272 65.32320633530617 138.9407944083214 53.78915160149336 2.615097731351852 68.31385386735201 10.85351860523224 0.1340838670730591 12.64387115836143 0.7897507548332214 19.76446545124054 4.273777097463608 0.3055559098720551 2.390128582715988 0.4590567797422409 0
671.4567759633064 334.898781105876 13.79738458245993 990.7288204580545 392.2890232130885 581.9232226014137 3770.501602888107 1.837218940258026 243.5340494811535 0 17.2457479685545 366.1130550950766 3092.10338909924 27.48300522565842 0.4086377024650574 1.432513549923897 0 0 0 0 0 0 0 0 0.1542200595140457 0.1893317401409149 0 0 0.1381305158138275 0 34.94492556154728 0.1238657981157303 1.097015142440796 0 0 0 7.530010148882866 0 4.138772904872894 0 0 0 0 0 0 0 2.435780465602875 0.204472616314888 0 0 0 0 0 0 0.1208632215857506 0.1734658032655716 39.02872453629971 67.95353115350008 3.065430179238319 0.6166106164455414 0 0.5656923055648804 0.1768752336502075 0.6076240539550781 0.1426933705806732 0.09272924065589905 0 0.09898127615451813 0 0 224.9081249237061 149.4371708780527 0.8757666796445847 9.556259952485561 3.490661427378654 4.869998335838318 1.063775584101677 0.5306470394134521 0 0.7219665944576263 0 0 0.3625188767910004 0.1850593686103821 0.2674324363470078 0 0 0.9999039024114609 0 0.2106012254953384 0 0.2573368027806282 0 0 0 1542.108719661832 97.21002784371376 0.746843233704567 21.91585989296436 309.9499872922897 3.651474080979824 3.121241003274918 70.32837444543839 26.20514422655106 5.998315751552582 118.802187114954 24.20333586633205 86.72849608957767 92.68535907566547 143.1649292856455 14.97980715334415 101.5866032242775 96.81977039575577 130.7884883731604 17.96047483384609 0.5841236412525177 0 0.2157436609268188 0 0 0 0 0 0 0 0 0 0.167543962597847 0 0.3648074865341187 0 0.1603790670633316 0 0 7.987287774682045 2.760915398597717 0 0.1875663548707962 0 15.08777402341366 17.69931837916374 26.44209365546703 1.362739831209183 1.16822761297226 0 0 0 0.2689169347286224 0 0 0 1.384641736745834 1.949532568454742 0 0 0 0 0 0 1.353255614638329 0 0.3677389919757843 4.899768993258476 0 0 0 55.12980109453201 0.179853156208992 0.8545009642839432 1.837585188448429 0.1015316992998123 0 0 0 0 0 20.92368364334106 7.33098254352808 0 0 0 20.55891261994839 0.7254503220319748 11.51471981406212 6.13709980994463 2.21861694008112 2.161920249462128 1.383848339319229 0.6131918430328369 0.2728488147258759 0 0 0 0.1265676319599152 0 0 0 38.04049526154995 44.21706028282642 18.77358323335648 56.62550853192806 2.959435410797596 12.77502929419279 3.678163565695286 316.7333388850093 8.671075910329819 0.2159682065248489 4.899366915225983 4.523733630776405 0.9712609052658081 12.78291714936495 1.589925825595856 42.65102350711823 3.21129184961319 1.326863706111908 8.372993379831314 0.3753372579813004 0.1754030883312225
180.9776040166616 517.738455362618 3090.575510583818 1.587423339486122 1238.356336839497 16.01200476288795 200.5533324405551 927.2474371269345 965.5411366447806 17.2457479685545 0 9.0543192923069 1913.052476093173 6874.028417550027 19.86594572663307 21.06415335088968 1.631343021988869 0 0 1.234727703034878 1.728979557752609 0 0 1.799566745758057 5.712037429213524 1.527572467923164 0.1206701099872589 3.585463784635067 0.7861886918544769 0 295.5514059811831 49.50326708704233 117.2359752207994 0 0.7010599076747894 8.467926278710365 18.28562747687101 2.738706342875957 1.56522012501955 2.6372135207057 0.5402640104293823 0.574159100651741 0.1131708696484566 3.346036925911903 0 0 82.28430781513453 1.056120179593563 0.1143504753708839 0.7206872254610062 0.2874493449926376 0.760170690715313 0.1370372772216797 1.569468379020691 4.886128276586533 5.707267090678215 4.946478836238384 144.4909079670906 4.887657195329666 16.99150447547436 0.16942498087883 3.57188592851162 4.513918191194534 42.98196655511856 2.674644663929939 1.705693870782852 0.8084303066134453 1.598086163401604 0.231619693338871 2.849959008395672 39.1381392031908 43.8858604580164 0.2014589458703995 33.04209253937006 64.33908051997423 93.3884187489748 60.6590007469058 12.36777796596289 67.17484943568707 857.0720429718494 0.5652623996138573 111.5479766428471 6.988644987344742 0.8753115087747574 1.16021229326725 0.8393755480647087 1.507336638867855 0.2103417590260506 0.2520658224821091 0.1142169609665871 1.092263005673885 0.3144157826900482 1.758820094168186 0.3873110637068748 0.6755504906177521 23.6090087890625 30.10829404741526 1.432455539703369 18.57291759550571 44.682003647089 0.757249042391777 0.6375084817409515 3.636816665530205 1.068516403436661 0.4197970777750015 7.285233303904533 1.203449532389641 6.398955732584 3.41580305993557 10.3818673491478 1.781047165393829 9.865259163081646 5.848456233739853 10.94559694826603 2.380508989095688 0 0 0 0 0 0 0 0 0 0 0 0 0 0 0.1485965102910995 0 0 0.343694269657135 0 0.4546748399734497 0.4012439846992493 0 0.9411445409059525 0 1.907822117209435 4.697616919875145 5.738263204693794 2.032382160425186 0.4506197571754456 0 0.171502023935318 0 0 0 0 0 0.1763160526752472 0.4623672664165497 0 0 0.3779592216014862 0 0 0.2462843731045723 0.9129058122634888 0 0 0.2450910359621048 0 0 1.251349747180939 17.65224076807499 0.4840414822101593 0 0 0 0 0 0 0 0 2.126105561852455 0.9747273921966553 0 0.1387814283370972 0.2842656224966049 4.212391704320908 0 4.215591952204704 2.745669364929199 0 0.4876968264579773 0.5650109052658081 0.1719261556863785 0 0 0 0 0.1265924721956253 0 0 0 0.8484130352735519 7.484816014766693 3.601363286375999 360.699731618166 50.20444358885288 236.4421663060784 85.53132246434689 132.0842322260141 71.88568843901157 4.477434746921062 62.99709614366293 9.026988096535206 0 1.772026561200619 0.4099913239479065 5.340397238731384 1.6447614133358 0 0.285872757434845 3.081979371607304 0.1875287592411041
132.2535993456841 14.07611958682537 2.482720293104649 80.63495764136314 26.14794462919235 161.4152828007936 293.645130187273 1.732331201434135 22.85119672119617 366.1130550950766 9.0543192923069 0 1445.167062774301 32.55321714282036 1.39057033509016 2.954106457531452 0.1407065987586975 0 0 0 0 0.6046499162912369 0 0 0 0 0 0.1454555243253708 0 0 1.125606618821621 0 7.099184647202492 0 0 0.2275223433971405 6.869227960705757 0.5346759855747223 2.225840076804161 0.5536926835775375 0 0.1379942744970322 0 0.604611761868 0 0 2.877704203128815 0.09702131152153015 0 0 0 0 0.2211523503065109 0.1522869467735291 0.09442128986120224 0.1717317849397659 4.690736010670662 2.770387887954712 0.2040218114852905 0 0.2301547229290009 1.652419358491898 0 0 0.1021612510085106 0 0 0.1687717586755753 0 0 114.8849323391914 107.8201653808355 0.8940396308898926 0.4440296143293381 0.4836860001087189 1.910207495093346 1.197990477085114 1.753230504691601 0.2930351048707962 4.064162045717239 0 0.5716939643025398 0.2249542623758316 0 0 0 0 0.6189600080251694 0.2832073643803596 0.281267911195755 0.1692415475845337 0.1695134937763214 0 0 0 1019.225134164095 119.6590944081545 3.701843678951263 8.4822968095541 42.0315587669611 0.9941804185509682 0.2151085138320923 31.42893366515636 10.60219602286816 2.614010870456696 62.80300360918045 6.991822481155396 40.6211094558239 26.6002275198698 42.04169161617756 6.580441400408745 46.41535578668118 39.81706295907497 84.23383934795856 10.58268474042416 0.2161165624856949 0 0 0 0 0 0 0 0 0 0 0 0 0 0 0 0 0 0 3.175893560051918 0 0 0.3701103031635284 0 3.812325045466423 4.582461401820183 8.223685249686241 0.6573688834905624 0.7850648760795593 0 0 0 0 0 0 0 0.5832637846469879 0 0 0 0 0 0 0 0.8916655480861664 0 0.5079475045204163 0.7579421103000641 0 0 0.2942318916320801 23.04930604994297 0 0.2852901220321655 0 0 0 0 0 0 0 6.355303853750229 4.215505689382553 0 0.4404268562793732 0 7.194484502077103 0.323833554983139 4.244135916233063 1.889819711446762 0.6567501127719879 1.579335853457451 0 0.9111185073852539 0 0 0.2193481922149658 0 0 0 0.1035489290952682 0 14.10410895943642 18.00711341202259 5.938966110348701 41.09894133359194 4.003093153238297 12.81841655820608 4.737855017185211 59.42190296947956 2.174193345010281 0.6315868198871613 4.900705739855766 5.174869239330292 0.2680517733097076 6.182792916893959 0.3180965483188629 20.88923931121826 2.973068125545979 0 2.608311221003532 0 0
249.1842255443335 537.0907334834337 385.5997902601957 124.5368626862764 1515.280821941793 310.0584312677383 6398.396429978311 170.5491613522172 2178.836108446121 3092.10338909924 1913.052476093173 1445.167062774301 0 2443.53663983196 56.90808590501547 109.693651497364 10.0273664072156 0.4569231867790222 0.4791856110095978 0.3363483026623726 1.741537943482399 2.311373710632324 0.4620055854320526 2.57123414427042 6.757725961506367 6.566728457808495 0.496796190738678 6.928177371621132 3.557454794645309 0.5834186971187592 72.16717325150967 3.731530204415321 2032.77286504209 1.881795004010201 1.057820990681648 64.41017624735832 308.141354881227 19.87484643608332 38.32590406388044 6.607388913631439 2.176046848297119 2.478647582232952 0.2978569865226746 14.02860013395548 0.2703235745429993 1.095106065273285 105.7332765236497 1.024480156600475 0.1303915679454803 0.4326609373092651 2.436942711472511 1.236185744404793 2.600643552839756 5.285638451576233 2.090740628540516 4.092224456369877 17.36125377565622 42.60973892360926 3.533877648413181 9.194462560117245 1.74827253818512 58.6464901715517 10.10341447591782 15.73033577948809 1.05877460539341 1.413840651512146 1.194564253091812 3.050762727856636 0.4076313525438309 2.275196000933647 996.0236749798059 1183.222588509321 1.823177874088287 16.91532161086798 25.2082401663065 117.6801850646734 87.97324384003878 41.61451447755098 5.708306357264519 160.4545720294118 2.977143950760365 19.13845802098513 3.694090515375137 0.9941630437970161 1.304507330060005 1.444114290177822 2.449528895318508 2.3099210485816 2.287645854055882 2.497617043554783 1.776820331811905 2.291215285658836 2.819795295596123 0.7553480565547943 1.489084504544735 3627.345569491386 759.1714975684881 26.1717551201582 116.1969463005662 121.3270160108805 8.735151536762714 9.107393659651279 156.2243896126747 76.25114995241165 14.35278309881687 343.9271788746119 44.39798939228058 297.2091764062643 178.8510667979717 352.5783075541258 54.66914135217667 336.0463585853577 263.1924092099071 467.9403192177415 93.30168832838535 1.067221701145172 0.9531511962413788 0.373898059129715 0.9330168664455414 0 0 0 0 0 0 0 0 0.1541520357131958 0 0.1877469718456268 0.3854691982269287 0.9923649579286575 0 0.371774435043335 18.07885126769543 8.80923368036747 0.3939400911331177 3.782264664769173 0 44.83838553726673 57.8550506234169 68.09534069895744 7.398179791867733 5.870673984289169 0 0.4088188707828522 0.5897076725959778 0.1882816851139069 0.2082890272140503 1.352924957871437 0 5.936558112502098 7.321375787258148 0 0.1601262241601944 0.1482305079698563 0.6555264368653297 0.3032159209251404 1.003495872020721 2.990225717425346 0.1999369487166405 1.676978021860123 13.81690327823162 1.079827189445496 1.213447377085686 7.658498376607895 232.4639129713178 2.180118560791016 2.077559307217598 0.8128241077065468 0 0 0 0.3087469041347504 0 0.7090869247913361 70.09924967586994 45.32763224840164 0.159654825925827 0.1253932267427444 0.3557645678520203 74.82254214584827 8.078730940818787 36.46691394597292 14.01561202853918 7.181571640074253 7.704769887030125 3.870986521244049 2.173922404646873 0 0 0.3065024614334106 0 0.3560420945286751 0 0 0 99.52816721051931 181.6404083371162 46.73198226094246 1091.265489690006 128.6436527967453 367.7672322168946 149.6287605091929 299.4354450777173 90.95874696224928 6.819276116788387 274.196381829679 24.11067060381174 2.993717864155769 37.56395020335913 6.366685554385185 82.43567495048046 10.21912255883217 0.8084389567375183 10.58180145919323 14.01790507137775 0.5431364774703979
174.7712560221553 931.6356535702944 1833.026398763061 2.215657815337181 2749.475830510259 26.3200746178627 2208.013510115445 1094.956560432911 3542.109027907252 27.48300522565842 6874.028417550027 32.55321714282036 2443.53663983196 0 58.39627816528082 97.9362807571888 7.545384921133518 0.4273259192705154 0.250074602663517 0.6466294303536415 1.575482986867428 0.7632568776607513 1.349900856614113 2.53972802311182 6.354779936373234 4.994079455733299 1.338026136159897 4.544190712273121 3.987060360610485 0.6480361074209213 199.0987017601728 32.23902781307697 621.9143111631274 0 1.589536815881729 19.45636336505413 150.2166523039341 6.73680205643177 9.421454057097435 5.197905957698822 2.094713248312473 2.541212536394596 1.798772715032101 10.85550090670586 0 0 152.6905516386032 1.099257417023182 0.1056437343358994 1.648758359253407 1.039311632514 0.2730047255754471 1.818788096308708 3.036436721682549 4.86170319467783 5.510651156306267 5.966545768082142 123.8750465735793 5.494757302105427 12.88067211210728 0.5750180780887604 7.55357538163662 5.248305216431618 31.56321977078915 2.548067711293697 2.173777997493744 0.9179996401071548 3.69447960704565 0.7720946371555328 2.79944883286953 442.4376608729362 322.2504512965679 0.1922678649425507 35.82252388447523 65.775181658566 164.2082364782691 113.0655560344458 42.74248098582029 7.505102075636387 65.26871283352375 1.883073754608631 17.40543503314257 6.340741813182831 0.8897529765963554 1.401951439678669 0.5757624581456184 4.037498086690903 0.5501325577497482 2.092469051480293 0.1874478757381439 2.328151106834412 1.407386235892773 1.502394750714302 1.488947279751301 2.810315847396851 173.4653010815382 133.4068630933762 1.894891262054443 77.54887007176876 41.63965660333633 1.432256586849689 1.448433466255665 41.58788198232651 22.26182100176811 7.972676992416382 88.16946655511856 9.591673612594604 72.0435493439436 39.94294958561659 70.90588648617268 11.81079377233982 71.28875650465488 42.20536763966084 91.22232703864574 29.23191810399294 0.3272935450077057 0.5085573643445969 0.13804592192173 0 0 0 0.2978281378746033 0 0 0 0.5433130860328674 0 0.1710656881332397 0 0 0 0.254407674074173 0.1486455947160721 0 3.674036413431168 1.925907790660858 0 1.277001798152924 0 15.60833948850632 28.02006005495787 42.81536290794611 6.074662804603577 2.717032454907894 0.2925642132759094 0.3247288465499878 0 0.1786332726478577 0 0.3819105476140976 0 1.112825475633144 0.9109507873654366 0 0 0 0.769354909658432 0.2450397163629532 0.1249798163771629 1.437012188136578 0 1.332128554582596 5.02948060631752 0.5992534756660461 0.8279023170471191 3.060591414570808 93.45667055994272 1.076213508844376 0.769869863986969 0.9308060184121132 0 0 0 0 0 0.7152154594659805 19.19328577816486 14.26416830718517 0 0.1983806937932968 0.1186549216508865 18.01035095751286 4.184798642992973 13.4777619689703 2.174865983426571 2.730141863226891 1.851572662591934 0.9759241789579391 1.397079691290855 0.2924903109669685 0 0.1302071809768677 0 0.2322195544838905 0 0 0 13.01560886204243 51.60953761637211 27.13659597933292 1267.398979231715 108.3124855607748 508.5324536114931 174.7712088301778 202.9718686267734 118.3196426406503 6.363154351711273 251.4040973186493 22.53000251948833 0.479040116071701 14.43906265497208 1.143241241574287 26.42254270613194 3.38358548283577 0 5.197141900658607 6.351616367697716 0.3136874139308929
