0 2985.371547192335 440.7171837687492 1807.021033883095 477.9472014158964 418.0332379043102 662.5960855409503 81.48404012620449 121.3193681687117 1443.993167996407 330.0924558341503 23.78789201378822 408.0919858068228 224.7898867428303 13.40984473377466 2.132602274417877 0.2067291736602783 0.1559221744537354 0 1.286841042339802 2.81088575720787 0 0 0 0 0 0.1291985362768173 0 0 0 645.0715334266424 40.06097339093685 80.78311087191105 0 0 0 53.71468715369701 1.578339964151382 0.6183722540736198 1.582761660218239 0.2978281080722809 0.2548881769180298 0.8394999504089355 0.5235528647899628 0.1731170266866684 0 34.15661019831896 1.279325731098652 0.2332607582211494 0.3963212072849274 1.963273957371712 0 0 0 1.343885287642479 2.250132314860821 325.8540905937552 568.5744335055351 38.08284708857536 13.56525915116072 0 5.711808785796165 0 6.195179417729378 1.284922160208225 1.686084717512131 0.9845525100827217 1.306194387376308 0.7408510595560074 2.330851629376411 38.20504562556744 0.4872825443744659 0 48.46679450571537 9.440328568220139 24.27769859135151 14.5710427314043 5.627514377236366 12.39202244579792 166.9616666436195 0.4691825807094574 25.01487995684147 5.670384429395199 0.6846073642373085 1.152740225195885 1.25718292593956 1.361378259956837 0 0.8362354412674904 0 0.4564742296934128 0.2319131344556808 0.6831163316965103 0.3067537397146225 0.2857800275087357 123.9704082906246 0.3731256425380707 0 0 806.133681178093 0 0.2727834582328796 0.9098687171936035 0 0 4.007459223270416 2.220864325761795 2.233398258686066 2.805701181292534 14.67792652547359 0.7447158545255661 12.81033326685429 14.5537351667881 20.0863763988018 4.719187080860138 0 0.6312699913978577 0 0 0 0 0 0 0.2296612411737442 0 0 0 0 0 0 0 0 0 0 0.1347636431455612 0 0 0 0 9.479424223303795 0 7.146891564130783 0 0.6271558403968811 0 0 0 0 0 0 0 0.1390264630317688 0.3779018223285675 0 0 0 0 0 0 0.363749235868454 0 0.2301952689886093 0 0 0.1948682814836502 0.9007726311683655 1.45854726433754 0 0 0 0 0.09777911752462387 0 0 0 0 19.27817322313786 0.5974078178405762 0 0 0 0 0 0 0.9091987460851669 0 0 0 0 0.09546779841184616 0 0 0 0.1094223484396935 0 0 0 7.824606359004974 2.397098585963249 2.449694097042084 87.3041099011898 15.10284893214703 80.06706836074591 30.59914837777615 820.9536777660251 20.26126398146152 4.774516679346561 34.84097930788994 6.045696139335632 0 4.284245207905769 1.398993760347366 4.318267285823822 0.3079341948032379 0.134667694568634 0 3.029431879520416 0
2985.371547192335 0 1123.823822654784 999.9649443477392 3613.481810957193 476.7435504943132 4108.75778824836 77.81987705826759 1772.69892168045 633.8316271528602 676.9146728813648 69.21824724972248 1749.846901655197 1350.999925762415 25.38624662905931 2.561454370617867 0.2393155694007874 0.1165175214409828 0 0.7306089699268341 0.2299486696720123 0 0 0 0.611108124256134 0.28022401034832 0 0.27549809217453 0 0.1518763601779938 3338.449562013149 9.848211660981178 103.7562126964331 0 0 0 108.8001663759351 1.147454790771008 0.9385776817798615 0.8266831785440445 0.3930367976427078 0.2574160993099213 0 0.8965598046779633 0.1383663564920425 0 119.9023822769523 8.132149010896683 0.5411540120840073 0.1423797011375427 6.973695263266563 0 0 0.1137866005301476 4.654101170599461 5.930946245789528 262.7366062402725 810.2050684690475 48.15439369529486 48.31425327062607 0.2608476877212524 2.935474812984467 0.3149563074111938 14.41718171536922 4.459072254598141 5.260680824518204 2.894870400428772 2.873748816549778 0.3810053318738937 1.771413147449493 62.02794642746449 0.3862346410751343 0 90.7799923196435 59.10775485634804 92.21366270631552 41.34100823104382 8.527203053236008 14.59831687808037 197.099955752492 0.1778303235769272 22.35678204149008 17.53539008647203 2.884688772261143 4.706083953380585 4.365437380969524 3.810489095747471 0.4011995568871498 3.533720783889294 0.2336171418428421 0.8499290198087692 0.4101161733269691 0.9491018950939178 0.2851808071136475 0.4504963159561157 127.0520521402359 0.764699250459671 0 0 954.2773210555315 0.595437616109848 1.42592453956604 1.874179884791374 2.193127006292343 1.514743134379387 10.48424081504345 5.082950055599213 7.343116849660873 12.32560209929943 29.25446312129498 5.205529421567917 42.44371820986271 63.22305522859097 46.64439226686954 14.98841695487499 0.7902936935424805 0.4051981568336487 0 0 0 0 0 0 0 0 0 0 0 0 0 0 0 0 0 1.381384044885635 0.3182834386825562 0 0 0.3813233822584152 20.16523391008377 0 11.52203749120235 2.15005074441433 0.7565352916717529 0 0 0 0 0 0 0 1.686000555753708 2.1203668192029 0 0 0 0.2795379757881165 0 0.1188561022281647 0 0 0.8964731693267822 0.1652183681726456 0.6719784736633301 0 2.105079978704453 4.415181025862694 0 0.3031908869743347 0 0.2038883790373802 0.1060332655906677 0.1581409722566605 0 0 0 64.43457625806332 0.1962917000055313 0 0 0.1526780128479004 0.4370623230934143 1.799839913845062 1.206179738044739 0.3699781596660614 0 1.568578690290451 0.5594606846570969 0.3552441298961639 0 0 0 0 0.1858721300959587 0.1094498261809349 0 0 28.72311563789845 5.332290232181549 3.530904218554497 135.9656735062599 51.94626744836569 250.058703571558 74.03435458242893 690.6010862514377 57.00129174441099 9.740846656262875 85.74421577900648 4.723029136657715 1.097473703324795 8.215330317616463 0.982578456401825 4.005029127001762 0.2839744985103607 0 4.178891718387604 6.293040916323662 0.7937520146369934
440.7171837687492 1123.823822654784 0 36.71315608173609 1146.992187023163 13.8922865241766 242.5512660071254 1854.712357059121 1017.12430331111 28.67138405889273 6099.818156659603 15.15398289263248 239.312478415668 974.9693312346935 47.62156661599874 9.993571490049362 1.702425852417946 4.358183242380619 1.05954484641552 25.96039398014545 43.7387126609683 0 1.885479539632797 0 0.4303195178508759 1.440493881702423 0.7055760324001312 0.4540589079260826 0.4568777978420258 0 4365.639846719801 501.2847493588924 355.823029242456 5.083462744951248 4.92304502427578 0.8925780355930328 249.3584701344371 17.23167710006237 3.134444788098335 3.967436917126179 2.329967677593231 3.600801229476929 12.1032879203558 2.645055927336216 1.605989381670952 0.6698535531759262 103.7549355477095 3.274983569979668 0.8433676511049271 3.987174734473228 6.582477279007435 0 0.6396182924509048 0.8182264417409897 1.466972939670086 2.545231521129608 94.54918157309294 452.5106799080968 16.7020517885685 24.92077603191137 9.423955962061882 39.47691202163696 2.068194255232811 172.9193587452173 1.929608538746834 2.339867003262043 1.673811063170433 4.470623292028904 11.51072580367327 27.69787458330393 111.4506239593029 3.884630665183067 0 34.75631261616945 60.35066296160221 70.76111204922199 64.77306448668242 16.91859918832779 194.3706918209791 1820.192336797714 4.316632151603699 356.1056979745626 7.576312750577927 1.535270057618618 2.380210399627686 1.455662228167057 7.642178401350975 0.09073032438755035 1.787971630692482 0 0.8022832646965981 0.4627092778682709 16.99159352481365 1.812354728579521 1.842811763286591 59.31213249266148 7.118899583816528 0 3.354646950960159 225.6098597943783 0.3047269731760025 0.2707835137844086 0.9427414834499359 0 2.177901729941368 4.39420473575592 2.583018124103546 2.272930681705475 5.640915960073471 14.47964122891426 1.116070151329041 13.65709555149078 20.0307519286871 33.02513757348061 9.824832782149315 0.5731593072414398 0 0 0.6378040313720703 0 0 0 0 0 0 0 0 0 0 0 0 0 0 0 2.008231326937675 0.2306007742881775 0 0.1554625332355499 0 27.49403169751167 0 14.39896775782108 3.64016330242157 1.270276248455048 0.1818091422319412 0 0 0 0 0 0 1.369419485330582 2.641362845897675 0 0 0 0 0.2795243263244629 0.2125212699174881 0 0 0.4608489573001862 0 0 1.359064936637878 0 7.882495880126953 0 0 0.2251557856798172 0 0 0.7903702557086945 0 0 0 47.70069451630116 0.1947212368249893 0 0.3897299766540527 0.4152114912867546 1.75856813788414 0 4.778257042169571 0.5037210285663605 0.5543819069862366 1.338479205965996 0 0 0.1023234874010086 0.08159992098808289 0 0 0.2068774551153183 0 0 0 13.66111984848976 12.91531863808632 8.661604136228561 167.8180188089609 29.04348298162222 187.4782478287816 44.859066195786 144.9853318333626 28.35693117231131 4.221734769642353 84.14949115365744 6.668262258172035 0.1614171415567398 13.80415815114975 1.787476167082787 5.977962523698807 0 0 6.674447625875473 4.470364958047867 1.276501357555389
1807.021033883095 999.9649443477392 36.71315608173609 0 290.5510465353727 960.5198517143726 840.872605599463 3.048019424080849 97.50016917288303 3269.788832589984 18.97265318036079 170.5289057344198 1950.699020661414 315.3521112501621 3.528882190585136 0.1668765842914581 0 0 0 0 0 0 0 0.1042873114347458 0 0 0 0 0 0 103.7442625164986 0.632350891828537 0.6908519864082336 0 0 0 5.044537305831909 0 0.7478218823671341 0 0 0 0 0.1904491037130356 0 0 55.45979239046574 3.288539715111256 0.2413903176784515 0 3.440757401287556 0 0 0 1.449452266097069 4.576091624796391 165.8543305024505 248.5521436035633 30.04478719085455 19.55130036920309 0 0.1795134395360947 0 6.36331345140934 3.531969510018826 3.430354483425617 2.067557215690613 1.081823401153088 0 0.1349712759256363 6.850922241806984 1.4158034324646 0.1632934808731079 52.81249240785837 24.3915276825428 40.57502032071352 4.491881310939789 0.4852717518806458 0 9.126444771885872 0.1830831468105316 2.560589261353016 9.003222726285458 1.682869516313076 4.269839629530907 1.717120066285133 2.36776352673769 0.3182530477643013 1.669222436845303 0.1024821251630783 0.499024510383606 0.08280714601278305 0.1427330374717712 0.09797357767820358 0.216443657875061 133.9685277193785 0.5008888840675354 0 0 617.7742636501789 0 0 0.5955634117126465 0.9650232195854187 0 2.526498705148697 6.647268831729889 0.4757757782936096 3.240043982863426 12.98020362854004 0.7054758071899414 8.534804418683052 12.04927697777748 8.695021614432335 0.8520611077547073 0 0 0 0 0 0 0 0 0 0 0 0 0 0 0 0 0 0 0 0 0 1.28247332572937 0 0 3.573381006717682 0 1.857751533389091 0 0.231670469045639 0 0 0 0 0 0 0 0 0.1339791417121887 0 0 0 0 0 0 0 0 0 0.2797176539897919 0 0 0 0 0 0 0 0.0867726057767868 0.09494791924953461 0 0 0 0 10.22567003965378 0.3507308959960938 0 0.1421785801649094 0 0 0 0.3329981863498688 0 0 0.3630859851837158 0 0 0 0 0.09465291351079941 0 0.08210758119821548 0 0 0 7.945923760533333 1.433055371046066 0.8216902911663055 75.43998903781176 17.51759840548038 125.618030898273 38.25900246948004 918.1065317317843 24.61444828659296 6.201191678643227 15.80772768706083 1.462492927908897 0 1.264510199427605 0.7008753418922424 3.379530072212219 0 3.597411498427391 0.3717151880264282 1.844604074954987 0
477.9472014158964 3613.481810957193 1146.992187023163 290.5510465353727 0 42.70891025662422 4042.51196462661 75.44751253724098 4141.661905959249 295.2188300937414 1446.051770761609 88.2366239130497 1383.614933587611 714.7874925285578 11.09374272823334 0.4091055393218994 0.2092030197381973 0 0 0 0.7301635444164276 0 0 0.260121077299118 0.2114212661981583 0.1215891689062119 0.1782734543085098 0.1134658455848694 0 0 344.3040532320738 9.181974947452545 4.511669114232063 0 0 0.1282793432474136 13.19624173641205 0.66574327647686 0.3760230839252472 0 0 0 0 0.4992024153470993 0 0 78.52580168098211 2.830808006227016 0.3606681451201439 0.2001714706420898 3.688361801207066 0.1269852817058563 0 0 1.587534427642822 3.686355106532574 30.5150039345026 97.01374768465757 11.84064203500748 28.29937008023262 0.1604869812726974 0.351871520280838 0.1346441358327866 19.20397648215294 2.856286339461803 2.201747834682465 1.605637304484844 1.63368134945631 0.4957344084978104 0 6.550903230905533 0 0.2262808531522751 25.33035887032747 40.18161743879318 61.13064569234848 27.08770094811916 1.761313870549202 1.009978964924812 26.23253902792931 0 3.643216602504253 7.045615494251251 1.549813330173492 2.577754154801369 2.102754406630993 0.7786592096090317 0.6217775493860245 1.625756673514843 0 0.4420511722564697 0 0.4793114811182022 0 0 92.83543442189693 0.1898301392793655 0 0.4179500043392181 55.43406496942043 0 0 1.214328050613403 0 0.9372628927230835 6.120161846280098 7.80045211315155 4.827423557639122 6.999996840953827 32.58692851662636 2.624770015478134 29.92887750267982 42.43987017869949 40.04127795994282 10.17343060672283 0 0 0 0 0 0 0 0 0 0 0 0 0 0 0 0 0 0 0 0.3232880234718323 0.5234248042106628 0 0 0 15.11795143783092 0 4.130867853760719 1.828534990549088 0 0 0 0 0 0 0 0 0.3055451214313507 0.3743319064378738 0 0 0 0 0 0 0 0 0 1.022014603018761 0 0 1.812201142311096 0.910384327173233 0 0 0 0 0.1936147958040237 0.09581544250249863 0.1068519949913025 0 0 29.47877109050751 0 0 0 0.5570434331893921 0 1.042941451072693 0.5671099424362183 0 0 0.5629165172576904 0 0.2520955502986908 0 0 0 0 0 0 0 0 28.9479455947876 4.636986061930656 1.529426768422127 82.61302116513252 29.26679689437151 141.7743066996336 32.57283252477646 159.5753617286682 25.20927613228559 6.027941197156906 53.60951190441847 4.759916543960571 0.2296676337718964 9.918595343828201 1.716079100966454 2.898071199655533 0 0.1056899949908257 2.12730872631073 2.596573203802109 0
418.0332379043102 476.7435504943132 13.8922865241766 960.5198517143726 42.70891025662422 0 109.7581730931997 1.979292586445808 34.51083795726299 1629.944754458964 15.28557258844376 111.2746176868677 260.4846563637257 49.08338123559952 0.3422712981700897 0.1614369451999664 0.1292037963867188 0 0 0 0 0.5370877981185913 0 0 0 0 0 0 0 0 23.76973358541727 0 26.2332793623209 0 0 0 35.11873088777065 1.761799097061157 3.729855768382549 1.231721714138985 0 0 0 0 0 0 2.362880781292915 0.1550315618515015 0 0 0.2596928030252457 2.884788036346436 0 0 0.1119589135050774 0.09317260235548019 404.585376188159 54.94491271674633 19.45499836653471 2.843402720987797 0 1.767034068703651 0 0.28895503282547 0 0 0 0 0 0 79.08838348090649 16.54080837965012 2.905308157205582 4.903705418109894 0.6005584001541138 1.644661232829094 1.748894840478897 0.1721080392599106 1.74504953622818 14.47804936766624 0 2.982286140322685 1.038893282413483 0 0 0 0 0.6313480883836746 0.7930233031511307 3.44053141772747 0.4097705781459808 1.892493382096291 0 0 0 164.0252829045057 9.671582043170929 2.223805069923401 1.822613105177879 911.9205533713102 0 0.4241930842399597 0 0 0 3.337307929992676 14.98851275444031 1.289456188678741 2.223453626036644 14.31649711728096 0.5066676735877991 8.66058112680912 10.01033091545105 6.629580408334732 0.9028329998254776 0 0 0 0 0 0 0 0 0 0 0 0 0 0 0 0 0 0 0 0 0.2553790211677551 0 0 0 0.3592077195644379 0 0 0 0 0 0 0 0 0 0 0 0 0.384382039308548 0 0 0 0.2696352303028107 0.1706051230430603 0 0 0 0 0 0 0 0 0 0 0 0 0 0 0 0 0 0 2.836771816015244 0.1673279106616974 0 0 0 0.7355334609746933 0 0 0 0 0 0 0 0 0 0 0 0 0 0 0 4.810197800397873 0.917363315820694 0.4970193952322006 19.77908504009247 0.5553029626607895 4.743739165365696 1.686620637774467 408.1791547238827 2.895262733101845 0.3183830827474594 3.136137753725052 0.179631769657135 0.2521513104438782 0 0 3.820354342460632 0.2000581026077271 0 0 0 0
662.5960855409503 4108.75778824836 242.5512660071254 840.872605599463 4042.51196462661 109.7581730931997 0 6.591442435979843 1036.150700882077 598.1566028371453 229.3125106394291 38.82188485562801 3317.085801705718 594.8856582641602 24.7117040976882 0.2530568614602089 0.6042433604598045 0.254200741648674 0.5829210430383682 0.1617434769868851 0.571913368999958 0 0 0.2661687731742859 0.2421347945928574 0.1867406219244003 0 0.5746974647045135 0.1421527415513992 0 467.0833871364594 15.90673027932644 2.123687356710434 0 0 0.1772067099809647 9.074882373213768 0.1183979138731956 0.8297604322433472 0 0.2687159478664398 0.3623486757278442 0.396607331931591 0.7691496089100838 0.3254944756627083 0 229.5769352242351 11.35781418532133 0.5163143500685692 0.5461559370160103 7.482406049966812 0.09418220818042755 0 0.1258755028247833 4.133077412843704 11.04611499607563 110.0286805331707 260.0331571996212 40.27761649340391 89.98726995289326 0.1787989139556885 0.1463284492492676 0 40.947235442698 6.864606887102127 6.436560496687889 4.860473945736885 5.704430647194386 0.5418444350361824 0.4193620532751083 8.378162361681461 0.7536119818687439 0 88.75387704372406 110.6353937238455 165.1643112450838 48.29023673385382 2.770244270563126 1.078565664589405 11.54382579773664 0.4714940190315247 2.942731022834778 18.23895920813084 4.001750878989697 7.364759534597397 7.41604982316494 5.6964201182127 0.5093621760606766 4.371294766664505 0.09011223912239075 1.287712953984737 0.8140774443745613 0.6180867105722427 0.6756885647773743 0.8915686160326004 39.26845006644726 2.265360355377197 0 0.5914914309978485 104.9670831337571 1.060950264334679 1.468526184558868 4.48378674685955 0.561271607875824 0 0.5926664471626282 1.960466057062149 1.251061946153641 3.104907184839249 9.465560257434845 1.137402325868607 10.20075489580631 10.94073025882244 15.41442266106606 2.978186070919037 1.225213885307312 0 0 0 0 0 0 0 0 0 0 0 0 0 0 0 0 0 0 0 0 0 0 0 6.689071163535118 0 2.520535252988338 1.030803799629211 0 0 0 0 0 0 0 0 0.1472888439893723 0.8792818039655685 0.1188801452517509 0 0 0 0 0.0964081659913063 0 0.1037791594862938 0.1639699786901474 0.669063538312912 0 0.8812441229820251 0 0 0.144693911075592 0 0.4359867200255394 0.1863884627819061 0 0.1200220957398415 0 0 0 5.542092829942703 0 0 0 0.1205769628286362 0 0 0.7167539000511169 0.160974457859993 0.2898540571331978 0.6489867269992828 0.6458984017372131 0.2417676001787186 0.1419502049684525 0 0 0 0.3513724729418755 0 0 0.1321482807397842 5.78682678937912 2.057625561952591 0 157.0852146670222 73.06103829294443 454.3744259402156 83.60573124885559 431.9997528865933 87.08929160237312 15.39083103835583 106.8231656104326 4.310523748397827 0.6022570580244064 5.038772255182266 0 3.019785776734352 0.1535429805517197 0.6921947151422501 0.7009231597185135 3.290576130151749 0.8263460993766785
81.48404012620449 77.81987705826759 1854.712357059121 3.048019424080849 75.44751253724098 1.979292586445808 6.591442435979843 0 89.34909416735172 7.785492554306984 2373.716646060348 1.66497865319252 13.78924916684628 130.6311054974794 63.07200483977795 6.264143459498882 13.21963159739971 26.90842091292143 11.27729725837708 99.79488439112902 61.12323242425919 0 4.611296564340591 3.685109600424767 0.61787960678339 0.5341944620013237 0 0.7517520487308502 0.1228733062744141 0.2120759040117264 2343.960318751633 4348.433977499604 128.1501839756966 45.95395150780678 3.452311366796494 0.5310759991407394 93.96161961555481 19.65723634511232 2.86737459897995 3.400402382016182 3.096979565918446 5.828016541898251 39.08736502379179 58.12726710736752 51.59154732525349 56.30090767145157 172.7508558109403 5.406573213636875 2.676748856902122 16.02752968668938 7.951716423034668 0 0.3669054210186005 0.4559213370084763 0.7305606752634048 2.426362775266171 45.28490514308214 219.6976189464331 13.79802937060595 46.84945353865623 44.31826491653919 54.01235775649548 13.46606811881065 903.717961192131 2.170465767383575 1.923220954835415 1.806395165622234 8.568459302186966 21.54305209219456 34.16208099573851 20.30856534838676 3.118283525109291 0 35.10781066864729 135.5771223604679 138.1980782523751 809.8631734922528 152.7055276855826 696.9142392724752 2137.372683346272 476.2994267195463 967.6783077642322 7.134950555860996 0.6456302180886269 2.145954422652721 1.642312869429588 17.13665275275707 0.4690286591649055 1.469593293964863 0.1388655304908752 1.484837464988232 0.7496299147605896 21.62257144600153 2.569658361375332 2.002320058643818 12.91191905736923 0.781912088394165 2.146967351436615 2.283807650208473 62.16393440961838 0.1246936917304993 0.8636730909347534 0.2082311660051346 0 0 0.8617577850818634 0 0.2730328440666199 0.1399362236261368 2.351680129766464 0.5711584687232971 1.521440133452415 2.002404674887657 4.576803103089333 2.334568679332733 0 0 0.1716925054788589 0 0 0 0 0 0 0 0 0 0 0 0.6887500882148743 0.2698544561862946 0 0.2653460502624512 0 0.4042340964078903 0.421787828207016 0 0 0 6.667124629020691 0 3.753721781075001 1.456592857837677 1.448694452643394 0.1221155300736427 0 0 0 0 0 0 0 0.9518405199050903 0 0 0.5961993932723999 0 0.241315484046936 0 0.6634969115257263 0.09922964125871658 1.344294905662537 0 0 0 0.2387917190790176 2.680413782596588 0 0 0 0 0 0 0.1458769142627716 0 0.7046702802181244 10.67503780126572 2.148940086364746 0 0 0.5868395939469337 0.2017873972654343 0 0.6322983503341675 0.2977308034896851 0.3880285024642944 1.258959949016571 0 0 0 0 0.09233999252319336 0.1004544124007225 0.1900490969419479 0 0 0 2.747520327568054 6.097965598106384 5.954803705215454 195.8243451490998 36.18378223478794 271.4312536865473 55.49294249713421 69.42995322495699 36.80426635593176 4.068530730903149 100.9406371712685 4.478167667984962 0 3.438277095556259 0.9565420746803284 1.491691932082176 0 0 1.21402046084404 6.867707327008247 0
121.3193681687117 1772.69892168045 1017.12430331111 97.50016917288303 4141.661905959249 34.51083795726299 1036.150700882077 89.34909416735172 0 545.1762012243271 1928.947844490409 239.9274403005838 7000.001864463091 5241.211908325553 44.43314919620752 3.161929786205292 0.5253483355045319 0.1002643704414368 0.278122216463089 0.1291695237159729 0.7029878944158554 0 0 0 0.1646436750888824 0 0.2456317991018295 0.6487630009651184 0 0.2175357639789581 291.4061659574509 19.31523175537586 219.403365328908 0 0 0 219.6594161242247 1.628645002841949 0.291076086461544 1.367622286081314 0.9574240446090698 0 0 0.4180310517549515 0 0 179.5375292599201 3.085334151983261 0.169690877199173 0 3.468235746026039 0.3943958580493927 0 0 1.399395927786827 4.147641025483608 37.31317488849163 86.89651098102331 15.78110387921333 46.35392926633358 0 4.032508358359337 0 25.0057482868433 1.946897253394127 1.905236788094044 1.564152225852013 1.092726819217205 0 0.9380877315998077 105.0576653182507 1.915061593055725 0 29.17511229217052 57.09843625873327 90.30495565384626 75.32250969111919 4.947607949376106 2.986871793866158 319.2559775486588 0.6424761563539505 14.97925294935703 4.965357348322868 1.235382258892059 2.624372407793999 1.51765051484108 1.548260658979416 0 1.05593391507864 0 1.520591773092747 0 1.239016123116016 1.107985973358154 1.249954983592033 244.8610440045595 1.83871066570282 0 0.256206639111042 37.89689771831036 0.6801595389842987 0.6794236302375793 2.341069787740707 0.6711704134941101 2.746901571750641 14.63184963166714 8.706701397895813 7.908388018608093 13.24677823483944 42.623634070158 9.370642647147179 64.81199251115322 105.9278071969748 101.161754861474 30.18633912503719 1.35707089304924 0.2175052911043167 0 0 0 0 0 0 0 0 0 0 0 0 0 0 0 0 0 1.126190364360809 0.1477485448122025 0 0 0 42.77518647909164 0 18.40908014774323 3.800183638930321 3.090852454304695 0 0 0 0 1.427919268608093 0.7647322416305542 0 0.8869318813085556 5.836588241159916 0.3496598601341248 0 0 0.2059603780508041 0 0 0 0 0.5088257938623428 1.76368211209774 0 0 2.731670022010803 7.768500044941902 0 0 0.1252504885196686 0 0 0 0.1114251613616943 0 0.3195783570408821 86.19123129546642 0 0 0.4662666320800781 0 0.1588122695684433 0.6704875826835632 3.134499490261078 0.2387690991163254 0 3.034503728151321 0 0 0.1260195821523666 0 0 0 0 0 0 0 50.8751333206892 13.78701747953892 9.248705118894577 266.6182781606913 47.59935585409403 310.073434881866 66.46811716258526 228.0536292716861 56.96786649525166 6.38731399923563 168.3820699006319 12.97506668418646 1.091479331254959 20.41829206049442 5.242717429995537 10.08260655403137 0.47847780585289 0 4.402930170297623 7.736437007784843 0.8582178354263306
1443.993167996407 633.8316271528602 28.67138405889273 3269.788832589984 295.2188300937414 1629.944754458964 598.1566028371453 7.785492554306984 545.1762012243271 0 41.7086241543293 1581.248072326183 5806.304569430649 693.9539148285985 23.25325620174408 0.6464805603027344 0.2173181474208832 0 0 0.2446595057845116 0.4108994007110596 0 0 0 0.2969346791505814 0.221033126115799 0 0 0.3275941610336304 0 79.24128937721252 5.557627096772194 111.301235422492 0 0 0 492.0976546406746 5.380035519599915 6.432226188480854 2.855397865176201 0 0.795292966067791 0 0 0 0 192.9197313264012 8.565733231604099 0.8157525956630707 0.2437669187784195 5.823887579143047 0.2884587049484253 0 0.1681340038776398 3.777719810605049 7.020512230694294 200.3226693421602 180.4410689547658 41.35397567600012 69.50214437395334 1.227344021201134 5.537925720214844 0 15.75668853521347 4.565732009708881 5.101513355970383 2.788562476634979 2.324153795838356 0.5173071473836899 0.1637279540300369 1093.63790678978 8.81526842713356 0 75.95177834481001 56.12594379484653 110.7490857765079 33.76707829535007 1.770883485674858 0.9032008647918701 41.60146003961563 0.3697137236595154 14.03045573830605 21.02543595433235 2.482330076396465 5.016139477491379 4.784395702183247 3.354882337152958 0.4575715661048889 2.67201379686594 0.8897367343306541 1.824001811444759 0.4197244793176651 0.544736385345459 0.4483012557029724 0.3560782372951508 1442.579150274396 103.9291008114815 0 11.54269944131374 899.5536671876907 2.356344118714333 4.407331645488739 4.961994022130966 9.665451660752296 2.780638426542282 36.01190975308418 79.83853816986084 19.09625299274921 39.74024821817875 157.5616246014833 18.34054753184319 122.6531902849674 179.6539307236671 161.7931310534477 36.3946113884449 2.768608927726746 0 0 0 0 0 0 0 0 0.3583777248859406 0 0 0 0 0 0 0.3340930491685867 0 0 5.755749970674515 0.6406811326742172 2.469813585281372 3.85794472694397 0 42.30459313094616 0 27.16956552863121 2.540188580751419 1.012542903423309 0 0 0 0 0 0 0 0.5529908984899521 3.214112341403961 0 0 0 0.4052164554595947 0 0 1.02493143081665 0 3.191696330904961 2.400103852152824 0 0 1.047098994255066 11.42790785431862 1.49439138174057 0.2117010354995728 0.1451795250177383 0.434649646282196 0 0.2225314676761627 0.1238066479563713 0 0.1544220000505447 130.0018572062254 1.526611328125 0 0.2063484042882919 0 1.599936485290527 0 7.441555082798004 0.8098487854003906 0 2.676834672689438 1.733892321586609 0.9879080504179001 0.7742405533790588 0.3017917275428772 0 0 0.3171578869223595 0 0 0 83.04229152202606 15.22247697412968 15.51922836899757 402.0825853049755 45.77060311287642 395.7019461095333 79.68802886456251 2446.576835356653 74.7261390760541 17.56591430306435 153.0104293376207 20.20440363883972 0.7137048318982124 28.63909403979778 5.416694611310959 33.26902422308922 0.1302448064088821 4.791839048266411 7.074770778417587 5.656201034784317 1.59390564262867
330.0924558341503 676.9146728813648 6099.818156659603 18.97265318036079 1446.051770761609 15.28557258844376 229.3125106394291 2373.716646060348 1928.947844490409 41.7086241543293 0 34.11006996035576 1002.778788000345 2378.254411116242 37.57294914871454 7.008802637457848 0.75224968791008 0 0.4104254394769669 0.5007709413766861 2.41421777009964 0 0.08961091935634613 0 1.493805527687073 0.8854899406433105 0.2434284538030624 0.4794709384441376 0 0 1105.314766064286 139.2002948671579 937.7046687155962 0.1840585768222809 2.020273178815842 1.001056984066963 339.3701474517584 14.38849575817585 2.189521700143814 5.240327879786491 0 0 0.1772434115409851 1.867263749241829 0 0.3712399154901505 91.1410513818264 2.123075589537621 0.3115972131490707 0.1760461926460266 2.438550032675266 0 0.185495525598526 0 1.719666987657547 2.05585440993309 35.12902680784464 116.1637616753578 9.202293947339058 20.50863849371672 0.7591822296380997 47.79048770666122 0 16.20109280943871 1.305483996868134 1.024344697594643 1.211542434990406 1.60853411257267 0.7074126005172729 2.565671980381012 156.9819808900356 5.74252538383007 0.09281060844659805 16.51337622851133 35.14148434996605 56.62092758715153 49.98134277015924 5.576549015939236 46.05726562440395 712.3637041896582 0.1446952670812607 47.17905473709106 3.558590948581696 1.039566524326801 1.09977975487709 1.393071286380291 0.7965462952852249 0.2211954668164253 0.6807745769619942 0.1251525580883026 0.5280823856592178 0.2706582173705101 3.282563172280788 0.5240116864442825 0.5463075488805771 82.22702866792679 1.182576924562454 0 0 74.35656493902206 1.759817063808441 0 0.1584421843290329 0.3984330296516418 1.820842280983925 10.8084941804409 5.298780828714371 2.938122436404228 7.4537593126297 24.54683211445808 3.097906321287155 22.84929881989956 34.86720477044582 36.98046845197678 10.30841793119907 1.725880086421967 0 0 0 0 0 0 0 0 0 0 0 0 0 0 0 0.3437158167362213 0 0.1696611940860748 0.9662117809057236 0 0 0 0 27.23340259492397 0.4197025299072266 18.37139751017094 1.415066614747047 1.425906345248222 0 0 0 0 0.5852029323577881 0 0 0.6384139508008957 4.689929626882076 0 0 0 0.2023921012878418 0 0 0 0.1098155751824379 0.6903542131185532 0 0 0.3087507486343384 0.5711375176906586 9.042061477899551 0 0 0 0.352697841823101 0 0 0.09782242029905319 0 0.2074599117040634 57.25502897799015 0.9573065042495728 0 0 0.2133579701185226 2.964750781655312 0 2.177355527877808 0 0.9223471283912659 1.083537846803665 1.96498641371727 0.3564475476741791 0 0 0 0 0.1466180682182312 0 0 0 17.81166723370552 10.21980647742748 5.881991475820541 152.7894068434834 23.29157289117575 159.0503066405654 40.58057516813278 108.9813419207931 23.55276502668858 3.6806445941329 77.20466728508472 12.68542014062405 0.7147883474826813 11.36069560050964 2.002070769667625 8.82921227812767 0.7815500199794769 0.4810694754123688 2.773855984210968 4.341546967625618 0.3269026279449463
23.78789201378822 69.21824724972248 15.15398289263248 170.5289057344198 88.2366239130497 111.2746176868677 38.82188485562801 1.66497865319252 239.9274403005838 1581.248072326183 34.11006996035576 0 1852.128743901849 131.9926334023476 12.63385003805161 0.5237310379743576 0 0 0 0.155437707901001 0.5721982717514038 0 0 0 0.3036685585975647 0 0 0 0 0 20.35156631469727 1.688982218503952 29.09227788448334 0 0 0 469.2020383775234 1.287240743637085 2.717787355184555 2.856517940759659 0 0.3592450022697449 0 0 0.144012838602066 0 44.64225458353758 0.8338054195046425 0.2655443847179413 0.2586574554443359 0.5897989124059677 0 0 0 0 0.2693149372935295 13.5800893381238 15.03837470710278 4.072967365384102 7.3159289509058 0.2994563579559326 0.3974152207374573 0 3.206875249743462 0.5594963356852531 0.6075740680098534 0 0.241442047059536 0.1074621677398682 0 683.8584979921579 2.365736171603203 0 7.916339501738548 10.01486399769783 18.85193517059088 15.65338776260614 2.335004597902298 0.6925196945667267 11.08009189367294 0 3.475614167749882 0.979977123439312 0 0.1984165534377098 0.1054719239473343 0.5912922322750092 0 0 0 0 0.3543321192264557 0 0 0.371973842382431 1114.377655342221 10.68666069209576 0 1.545064464211464 46.68677607178688 1.376341253519058 1.709027118980885 5.708022177219391 2.206316068768501 1.691771984100342 26.07010437548161 25.24156937003136 11.23022794723511 16.77642732858658 73.45641426742077 5.356341421604156 85.08496111631393 130.4393559992313 151.9241437613964 31.81783327460289 0.615448534488678 0.1542927175760269 0.1413061767816544 0.1565920859575272 0 0 0.1056926101446152 0 0 0 0 0 0 0 0 0 0 0 0 3.606809847056866 0.1965749859809875 0.3540655076503754 0 0 57.1447029709816 0 15.78652898967266 1.7719437032938 1.394109338521957 0 0 0 0 0 0.1573067903518677 0 2.177996516227722 5.169133022427559 0 0 0 0 0 0.3157481104135513 0 0.1789332181215286 1.861628085374832 2.307169109582901 0 0.930519163608551 0.208146944642067 10.25103399157524 0 0.7795012891292572 0 0 0.2710203528404236 0 0.1382199972867966 0 0 101.781719610095 0.7207476794719696 0 0 0.2542771995067596 1.833955049514771 0.921171635389328 1.750118494033813 1.497713312506676 2.052117466926575 4.418601348996162 1.626929461956024 0 0.3106389939785004 0 0 0 0.162967249751091 0.1877370476722717 0 0 55.20453757047653 14.78034862875938 9.012617602944374 94.62742300331593 9.743024282157421 78.51370511204004 17.55811263620853 224.2942358106375 13.74895995855331 1.800891295075417 53.44456702470779 8.743346139788628 0 27.3138964548707 6.560379013419151 15.9138286113739 1.989766895771027 0.4818121045827866 12.18514402210712 0.1643159836530685 0.4827547967433929
408.0919858068228 1749.846901655197 239.312478415668 1950.699020661414 1383.614933587611 260.4846563637257 3317.085801705718 13.78924916684628 7000.001864463091 5806.304569430649 1002.778788000345 1852.128743901849 0 3792.714039683342 76.62555591017008 5.015920162200928 0.5404820889234543 0.1416742652654648 0.1663021147251129 0.2408108711242676 0.6353364586830139 0 0 0.1339480727910995 0.5363840758800507 1.511757351458073 0.3576655089855194 0.2616459727287292 0.2595902681350708 0 359.3883668333292 20.19184905290604 60.19483095407486 0 0.2478384375572205 0 102.9061856642365 2.566542625427246 1.126541793346405 2.718077719211578 0.5562998652458191 1.229817293584347 1.26613587886095 1.004416987299919 0.3413218259811401 0.3198452591896057 308.1487348079681 11.74148520827293 1.116207227110863 0.3719179481267929 7.892983943223953 1.19939199090004 0.1842679530382156 0.4185244739055634 5.006765142083168 12.00362475961447 107.5823166593909 195.4744017720222 32.44876980036497 98.24478059262037 0.3918813019990921 3.649822786450386 0 39.12244910001755 6.673247598111629 6.51944524794817 4.936404287815094 3.776514954864979 0.6750631332397461 1.582206174731255 103.6892722696066 3.214498564600945 0.3389570564031601 75.88965053856373 109.3593691363931 194.4130476638675 107.4770926460624 12.77474522590637 8.862586244940758 55.7596048116684 0.4747605323791504 19.74270601570606 21.11289241164923 4.033868730068207 6.081040769815445 6.15454027056694 3.981728099286556 0.510643482208252 5.180986888706684 0.5214663222432137 2.363580912351608 0.7776083722710609 2.202090591192245 0.645585335791111 2.150924488902092 1499.994236856699 4.118626296520233 0 0.9426340758800507 161.2315182164311 4.399973288178444 3.243144705891609 8.355034157633781 1.604220390319824 4.113789185881615 56.44132110476494 52.3843230754137 22.98370872437954 60.85359153151512 166.1806678771973 32.06184102594852 211.3613198548555 289.3209820091724 328.753150716424 87.82421760261059 2.595057763159275 0.7407202422618866 0 0 0 0 0.1698988378047943 0 0 0 0 0 0 0 0 0 0 0 0 6.356074497103691 0.6375163570046425 0 2.808988690376282 0 114.1279092431068 1.290675759315491 39.49185684323311 6.020948678255081 2.075584501028061 0 0 0.2886005640029907 0.3054563701152802 0.765178382396698 0 0.266347199678421 1.247359737753868 15.15325487405062 0.2156750857830048 0 0 0 0.6453395485877991 0.2974497973918915 0.1897564232349396 0 5.979623258113861 4.099240660667419 0.6873172223567963 3.090470254421234 0.8833479285240173 27.16904611885548 0.6098098456859589 1.085795670747757 0.3468267619609833 0.4101181402802467 0.5394910573959351 0.6988703832030296 0.1386240273714066 0 0.3503371328115463 277.7991307228804 0.7199810594320297 0 0 0.2190839201211929 5.438963785767555 2.960306346416473 6.747834265232086 4.746804021298885 2.807514861226082 9.197916269302368 4.777617886662483 2.112149268388748 0.6088725328445435 0 0 0 0.2825027629733086 0.3279553130269051 0.08863639831542969 0.1216470152139664 155.6910596340895 39.2091778665781 19.62278778851032 359.7560277581215 97.91945850104094 602.7627805694938 137.8882038593292 722.457158267498 118.0620384663343 17.54321952909231 217.6342713981867 28.88546586036682 1.062604360282421 56.86208960413933 9.623479947447777 32.36266125738621 4.897784292697906 0.4486350268125534 10.01067574322224 11.26121436059475 0.6971068829298019
224.7898867428303 1350.999925762415 974.9693312346935 315.3521112501621 714.7874925285578 49.08338123559952 594.8856582641602 130.6311054974794 5241.211908325553 693.9539148285985 2378.254411116242 131.9926334023476 3792.714039683342 0 62.39833621680737 9.515836238861084 0.5380561947822571 0.569785937666893 0 0.2073032706975937 0.2647993266582489 0 0 0 2.864936053752899 0.3407694399356842 0.1826527267694473 0.6403979063034058 0.1474927216768265 0.09823677688837051 384.914634026587 12.794473528862 1190.565326809883 0 0 1.202222868800163 1053.767174646258 24.72946015000343 3.438298344612122 11.82522536814213 0.6582503914833069 2.207754284143448 0.3949462920427322 1.794032379984856 0.50855553150177 0.6195118129253387 126.7109107226133 2.604741260409355 0.2056940495967865 0.8820912539958954 3.420353963971138 0 0.106362596154213 0.2358621805906296 1.080803133547306 3.375178284943104 38.68634907156229 79.1904209703207 15.3269325569272 27.94594132900238 0 51.02356624603271 0 16.74911558628082 1.589059583842754 1.390418849885464 1.186845406889915 0.8044143617153168 0.3574438393115997 1.577156543731689 394.5567326545715 3.377689197659492 0 24.50181355327368 37.06069051474333 80.88318604230881 69.62966158986092 13.1661693751812 11.46195396780968 450.2587658315897 0 31.52740507572889 5.937411196529865 1.232994392514229 2.09266672283411 1.223918035626411 1.773441828787327 0.09216795116662979 1.161977753043175 0 0.4882827550172806 0.3342201262712479 2.026535332202911 1.324908509850502 0.3397170305252075 449.7925015091896 3.46136187016964 0 3.426561892032623 54.24722182750702 1.956269338726997 1.216842874884605 4.595948174595833 2.507017612457275 1.662682458758354 21.72770427167416 14.36476662755013 5.924019798636436 23.72697147727013 58.5485417842865 9.781894743442535 89.33567517995834 108.6611460000277 149.1685939878225 41.634416654706 2.031872928142548 1.258093416690826 0 0 0 0 0 0 0 0.2279768288135529 0 0 0 0 0.4326173365116119 0 0.525689423084259 0 0.2327418178319931 4.507948532700539 0.4125325083732605 0 0.8499673902988434 1.013671278953552 71.15079690515995 0 30.74627298116684 5.210983499884605 5.689537137746811 0.2879284918308258 0 0 0 0.7532787322998047 0.5421740859746933 0 2.966101855039597 7.862490653991699 0 0 0 0 0 0.700045257806778 0 0.3805512562394142 2.906974002718925 1.44354422390461 1.494402408599854 0 5.409018576145172 16.42663426697254 0 0.6998826861381531 0.5510823130607605 0.2105470970273018 0.2212177217006683 0 0 0 0.8559861332178116 168.1786003559828 2.434594750404358 0 0.2222780585289001 0 6.304283633828163 5.02654618024826 4.957085132598877 1.224728479981422 1.607675775885582 5.821805216372013 2.686623513698578 0.1810707747936249 0 0 0.1628391444683075 0 0 0.198614090681076 0 0 76.89796805381775 24.70362301170826 12.72338554263115 284.7009572014213 39.74816201627254 264.6219285652041 65.74542846530676 248.3095755279064 41.45331642776728 4.319932028651237 138.0066393241286 13.7160187959671 0.1732443869113922 36.45011552423239 7.109345979988575 20.31241297721863 1.339021682739258 0.7967215180397034 11.17553715407848 5.99206468462944 1.362903475761414
