0 2982.933905288577 96.54775559157133 3169.401603020728 408.1799919679761 69.94222088903189 963.3694020062685 39.86630277335644 432.2092905119061 2966.96493858099 601.0609525442123 450.3560172989964 663.6023468971252 285.99622515589 0.4144438877701759 0 0 0 0 0 0 0 0 0 0 0 0 0 0 0 695.660935819149 0 5.30631348490715 0 0 0 9.446783810853958 4.226469039916992 1.215467810630798 0 0 0 0 0.1444516032934189 0 0 6.222944229841232 0.7298814207315445 0 0 0 0.2173821777105331 0 0 4.695736564695835 3.543883427977562 448.9774522259831 1056.175524428487 29.54072187840939 5.049928665161133 0.6189584732055664 4.267272710800171 0 5.147617608308792 0.5582614988088608 0.2975350618362427 0 0.1021782904863358 0 0 18.93298715353012 3.50557017326355 0.4946171045303345 190.7940530255437 5.941503673791885 3.192113779485226 2.363664083182812 0.3726053684949875 0.1035984233021736 4.576992608606815 0.117600604891777 4.638795293867588 6.032286837697029 0.3385619521141052 1.226574167609215 1.149459443986416 0.6351259499788284 0.1551625579595566 0.2075420096516609 0 0.1279706954956055 0 0 0 0.1791167557239532 113.109950736165 3.012243956327438 0.229544460773468 0.8361952751874924 963.9227886795998 0 0 0 0 0 4.846777558326721 1.835818320512772 0.5573453903198242 2.06114174425602 7.263075232505798 0 6.452468425035477 5.964328393340111 1.400150090456009 1.277636379003525 0 0 0 0 0 0 0 0 0 0 0 0 0 0 0 0 0 0 0 0 0 0 0 0 0 0 3.041354268789291 1.319014370441437 0 0 0 0 0 0 0 0 0 0 0 0 0 0 0 0 0 0 0 0 0 0 0.4677921235561371 0.4774861931800842 0 0 0 0 0 0 0 0 0 11.16301043331623 0 0 0 0 2.210254073143005 0.7140275239944458 0.9557445645332336 0 0 0.3244927525520325 0 0 0 0 0 0 0 0 0 0 2.571084380149841 1.262304931879044 0 52.02003914862871 2.52956759929657 45.2732966542244 16.79693128168583 763.7016995772719 23.7646257430315 1.671020939946175 14.42453070729971 3.135917454957962 0 1.679205000400543 0.11958247423172 8.553949356079102 0 0 0 0.6551299095153809 0
2982.933905288577 0 786.8088806644082 1178.625332139432 5941.792643874884 64.70702251791954 3411.605987787247 340.2993264198303 3839.579341799021 844.5969217196107 3209.603407330811 66.21647004783154 820.479642957449 853.6433734819293 5.487730525434017 0.2550765797495842 0.2358957454562187 0.1062526479363441 0 0 0.212965302169323 0 0 0 0 0 0.1281597167253494 0.2536551207304001 0.348474033176899 0 3001.370324663818 13.84032498300076 7.574460610747337 0 0 0.1023444831371307 12.34783171862364 0.4056968837976456 0.1173341795802116 0.1138209849596024 0.1327033340930939 0.2153082638978958 0.1138389781117439 0.7972138673067093 0.1064260303974152 0.2213903367519379 36.63170883059502 4.379986733198166 0.1130337491631508 0.3756952062249184 0 0 0 0.1335543990135193 15.46102278679609 15.26238400489092 118.7635982781649 734.0602887049317 11.97581288963556 29.46169108897448 0.3105928152799606 1.955415666103363 0 48.33169689774513 4.300411812961102 2.474861890077591 0.08845080435276031 0.6839952170848846 0.2180130332708359 0.1224267929792404 19.02046053111553 7.357396394014359 0 292.9457029104233 50.58051658421755 65.20806887745857 46.5751083791256 5.738420888781548 0.7743328064680099 5.825796291232109 0.7705960124731064 3.273406691849232 25.39953108876944 0.6425099819898605 4.146302908658981 6.673533536493778 2.252825871109962 0 0.1759112700819969 0.2603714540600777 0 0.388652041554451 0 0 0 65.14236130565405 0.2050388306379318 0 2.07083286345005 527.3044056743383 0 0.6582371592521667 1.335362881422043 0 0 9.141167312860489 0.872307151556015 4.456405401229858 7.91887030005455 6.124388307332993 0 7.374495074152946 7.886578276753426 8.84976901113987 1.23306804895401 0 0 0 0 0 0 0 0 0 0 0 0 0 0 0.2421569377183914 0 0 0 0 0 0.3980225324630737 0 0 0 2.259743474423885 0 3.414313122630119 0.40865758061409 1.160654351115227 0 0 0 0 0 0 0 0 1.05490306019783 0 0 0 0 0 0 0 0 0 0 0 0 0 1.771227836608887 0 0 0 0 0 0 0 0 0 19.44910974055529 0 0 0 0.0884905532002449 3.503640398383141 2.144218191504478 0.6485279649496078 0.4086688160896301 0.4789146780967712 0.1094177737832069 0 0 0 0 0 0 0 0 0 0 7.022306203842163 1.109828591346741 2.704168319702148 154.4514026045799 9.67626790702343 220.04552552104 52.68249405920506 454.3662622794509 30.84950356930494 4.012265056371689 35.2157561853528 0.4940396547317505 0.2138326838612556 5.471646264195442 0.698941171169281 1.559378892183304 0 0 1.266802251338959 0.9799724146723747 0
96.54775559157133 786.8088806644082 0 1.451500803232193 251.7645287960768 0.5675832480192184 47.51834519207478 1883.132438734174 354.372363075614 2.960364423692226 3490.270802550018 9.39195541292429 102.4059044420719 593.5285152196884 18.54125863313675 17.93767622858286 1.675664901733398 0 0.2749979496002197 0.7730803340673447 2.012139342725277 1.295960038900375 0.7147148996591568 0.2480790540575981 0.9317226484417915 0.1180938258767128 1.017869785428047 1.481009267270565 0.4095233157277107 0 3669.40876147151 881.0167191103101 54.66400057822466 4.477163963019848 0.6305539309978485 1.092447862029076 38.17555633932352 4.806158244609833 2.857291229069233 1.17091166228056 2.761528357863426 0.7602163180708885 0.5676806643605232 13.08643182367086 8.436721257865429 9.048224933445454 49.62834542989731 4.074981607496738 0.3878836780786514 1.326413698494434 1.706803321838379 1.200195588171482 0.263639971613884 0.6572056785225868 8.540807135403156 8.370963752269745 40.79664594680071 1193.109790846705 5.162270218133926 22.4288257881999 46.64383777230978 5.402845248579979 1.117071285843849 333.1944356933236 4.12420142441988 3.862600915133953 1.445767886936665 3.810788251459599 6.542948298156261 10.72670078277588 27.13253501057625 5.655813977122307 0 207.6791441291571 195.0300490185618 58.16605568677187 43.23299188911915 16.82903756201267 274.210148923099 790.1931418180466 83.72394257038832 470.8023705258965 13.81153021007776 0.2343766018748283 3.150027327239513 5.716053709387779 3.606317922472954 0 0.5408457815647125 0.3234208226203918 0.6328159719705582 0.1374099999666214 1.946768492460251 1.160071514546871 0.500379852950573 11.29724626988173 0.9395689517259598 0.3583180531859398 2.710185587406158 104.5811225399375 0 0 0.1298184394836426 0 0 0.7301894575357437 0 0.5978318750858307 0.1547093838453293 0.1344576627016068 0.2114888429641724 1.537934124469757 0.7263127565383911 1.228607773780823 0.9005631506443024 0.3501579463481903 0 0 0 0 0 0 0 0 0 0 0 0 0 0.4661350548267365 0.1199014037847519 0.5195535719394684 0 0 0.8667683154344559 0.1030073761940002 0 0 0 0.8160982131958008 0 1.937242083251476 0.9401089251041412 0.7321792021393776 0.2540907859802246 0 0 0 0 0 0 0 0.497961163520813 0 0.1220491752028465 0.3503248393535614 0.4049674272537231 0 0 0 0 0 0 0 0 0.1285562962293625 0.6093112826347351 0 0 0 0 0 0 0.1224479302763939 0 0 6.499313980340958 0.8864270746707916 0 0 0.150815561413765 1.183889359235764 1.129277184605598 0.5314955487847328 0.1328521966934204 0 0 0 0 0 0 0 0 0 0 0 0 0.9140415340662003 0 1.970689594745636 168.2276157587767 15.82516453415155 192.4218506067991 39.79894557595253 93.15593827515841 27.05287401378155 3.005821034312248 33.57648831605911 1.89458940923214 0.299283042550087 1.978379614651203 1.195626370608807 0 0.3437668085098267 0 0.9034516960382462 2.631472878158092 0.2168374955654144
3169.401603020728 1178.625332139432 1.451500803232193 0 63.86014791578054 167.8647459447384 1168.624596074224 0.5560685098171234 32.43460965156555 4383.284408435225 11.29888425767422 601.8824486956 1638.30099863559 176.9717447608709 1.18690924346447 0.3860710859298706 0.22309510409832 0 0 0 0.1207500621676445 0 0 0 0 0 0 0.1655058860778809 0 0.1657285988330841 71.43237214535475 0.3781816065311432 0.4264598935842514 0 0 0 4.215592131018639 0 0 0 0 0 0 0.1854883432388306 0.1050257384777069 0 11.64544381201267 1.982645362615585 0 0.1000612154603004 0 0 0 0 6.009193934500217 8.287321731448174 76.02829454094172 312.1037963852286 5.628399819135666 11.89462468773127 0.2220757231116295 0.3963176310062408 0 16.14563608914614 2.134634219110012 1.01201093941927 0 0.1119411662220955 0 0 6.872010439634323 0 0 153.2179755568504 17.39664418250322 20.81668113917112 11.33066204190254 2.482231326401234 0 0.7700650990009308 0.8775305971503258 0.7910262644290924 10.90717244148254 0.8768447041511536 1.605901785194874 3.979473859071732 1.318830631673336 0.2485840693116188 0.1441131979227066 0 0 0.09406082332134247 0 0 0 42.2719721198082 0 0 0 189.7320504561067 0 0 0 0.3816756904125214 0 0.8613652884960175 0 1.210115790367126 2.455674946308136 1.538464486598969 0 4.296066895127296 0.9160749316215515 2.185469478368759 0 0 0 0 0 0 0 0 0 0 0 0 0 0 0 0 0 0 0 0 0 0 0 0.3034709393978119 0 0 0 0.9939714521169662 0 0.2262328416109085 0 0 0 0 0 0 0 0 0 0 0 0 0 0 0 0 0 0 0 0 0 0 0.5377843379974365 0 0.2710689008235931 0 0 0 0 0 0 0 3.451378062367439 0 0 0 0 0 0 0 0 0 0 0 0 0 0 0 0 0 0 0 0 2.41605968773365 0 0 66.19400305300951 4.276985637843609 70.10291910916567 23.05751023441553 400.7166944220662 16.80246888846159 0.72449741512537 14.26172052323818 0.9747624695301056 0.1096634268760681 1.290157318115234 0.1280296891927719 1.359494507312775 0 0.1265109032392502 0.8230305016040802 0.4250580221414566 0
408.1799919679761 5941.792643874884 251.7645287960768 63.86014791578054 0 5.484527125954628 2309.453730769455 51.45696914941072 5559.693417191505 114.7614858523011 1096.119945220649 4.562295243144035 424.9848507866263 224.3441164270043 8.04472978413105 0.390025369822979 0.7961191609501839 0.2658149302005768 0.1631681621074677 0.08049417287111282 0.2936374992132187 0 0.1061749309301376 0 0.1390286833047867 0.14063560962677 0 0.2338123619556427 0.1147498711943626 0 253.6825278997421 14.54096475243568 9.549606889486313 0 0.116804450750351 0 21.0163381844759 0.6611910909414291 0.502457320690155 0 0.363327220082283 0.2891197502613068 0 1.149265021085739 0.3682977482676506 0.5717952027916908 53.73917005211115 5.175134927034378 0.3562982082366943 0.6770591884851456 0 0 0 0 12.97806437313557 14.29092140495777 24.63694506138563 174.2206924036145 6.655576750636101 33.68144975602627 0.8133229836821556 1.121456786990166 0 67.77514689415693 4.862029626965523 2.440374918282032 0.1789878681302071 1.185369938611984 0.1940784454345703 0.1334009617567062 28.40141579508781 9.289802208542824 0.2647735774517059 144.771443516016 51.79150992631912 90.2013738527894 66.50180901587009 8.721874259412289 0.7271930947899818 9.736695498228073 1.613907888531685 1.914305977523327 22.42633946239948 0.8517413809895515 4.439875669777393 9.440350256860256 3.456362538039684 0 0.4439514800906181 0.0905110090970993 0.09038333594799042 0.1445208489894867 0 0.6114361137151718 0.3855394050478935 139.8659977838397 1.974060162901878 0 7.136159524321556 38.99569252133369 0 0 1.91854864358902 2.617715492844582 0 17.0685610473156 0.765372097492218 4.962148807942867 13.35032427310944 8.710833847522736 0.5529922842979431 38.3486477509141 28.48937186598778 19.42763884365559 5.282122105360031 0 0.2994570732116699 0 0 0 0 0 0 0 0 0 0 0 0.3068949580192566 0.1319155097007751 0 0.4680750966072083 0 0 0.6021117866039276 1.353663057088852 0 0 0 6.619376584887505 0 8.353061765432358 6.113285891711712 0.3220788910984993 0.2199569493532181 0 0 0 0 0.2404563874006271 0 0 1.301977209746838 0 0 0 1.428113460540771 0 0 0.4503936171531677 0 0 0 0 0 0 5.311699956655502 0 1.115641474723816 0 0 0 0 0 0 0 54.31340827047825 0 0 0 0 12.9473677277565 8.428190320730209 3.547307744622231 1.441590242087841 0.5692591071128845 2.981403455138206 1.217589616775513 0.226474940776825 0 0 0 0 0 0 0 0 21.61563384532928 2.960745275020599 2.971654370427132 125.7707536518574 18.13061563670635 252.1434021517634 51.15124910324812 186.4115899205208 23.04952546209097 3.512725599110126 30.19858808815479 5.287895433604717 0 8.372225016355515 1.22923232614994 9.535025656223297 0.6556214690208435 0.1167961731553078 0.6909851580858231 2.424006767570972 0
69.94222088903189 64.70702251791954 0.5675832480192184 167.8647459447384 5.484527125954628 0 91.54039561748505 1.500910043716431 7.339128911495209 524.0790147781372 6.367825403809547 143.361232817173 115.3939124345779 24.18533958494663 0 0 0 0 0 0 0 0.1784980744123459 0 0 0 0 0 0 0 0 0.9147556349635124 0.5394392013549805 17.58848385512829 0 0 0 70.63132766634226 2.751695647835732 8.229410737752914 0.459469199180603 0 0 0 0 0 0 0.447159931063652 0.08800395578145981 0 0 0 10.83116610348225 0.4064410924911499 0 0.184968963265419 0.08304937928915024 200.3226008117199 41.21797128021717 11.8483268097043 0.5964614972472191 0.4326584488153458 8.216727733612061 0 0.5969766974449158 0 0 0 0.1220525875687599 0 0 198.8719568252563 243.9966535642743 8.14614163339138 4.085674285888672 0.1312917768955231 0.4386560395359993 0 0 0 14.76759929955006 0.9113927483558655 3.013224199414253 0.113565057516098 2.117174863815308 0 0.8405180051922798 0 9.196612730622292 1.558562658727169 11.93311154097319 0.1334589421749115 0 0 0 0.3974147439002991 1019.125595465302 138.4044642299414 8.349170655012131 70.55381096154451 231.9348241686821 0 0 0 0 0 0.9532330930233002 0 0 1.214514061808586 1.396585151553154 0 0.3845073878765106 0.3533779680728912 0.3175206780433655 0 0 0 0 0 0 0 0 0 0 0 0 0 0.4273964762687683 0.1689404249191284 0.1710122227668762 0 1.010593354701996 0.1705192476511002 0 0 0 0 0.2635970413684845 0 0.3286081850528717 0 0.2589503452181816 1.053679898381233 2.28083635866642 0 0 0.1626206487417221 0 0.5577921867370605 0 0 0 0 0 0 0 0.8857353180646896 0 0 0 0 0 0 0 0 0 0 0 0 0 0 0 0 0 0 0 0.7459741681814194 1.020722001791 0 0 0 0.4714042693376541 0 0 0 0 0.3473314046859741 0 0 0 0.1494634300470352 0 0 0.1305096745491028 0 0.1935074925422668 0 0.7441325783729553 0.6294222474098206 0.6742862612009048 2.286481611430645 0 1.053778059780598 0.4273809045553207 205.3601544052362 6.534461662173271 0.1942677944898605 0.2402888834476471 0.1907741278409958 0 0.5064446330070496 0 0.5050871968269348 0 0 0 0 0
963.3694020062685 3411.605987787247 47.51834519207478 1168.624596074224 2309.453730769455 91.54039561748505 0 17.1693677380681 2851.333119004965 3798.422764711082 153.2247624099255 49.91753222048283 3336.448778547347 198.9031207039952 18.9337415099144 2.995452292263508 1.664943650364876 0.7626368850469589 0.2590046599507332 0.5741147547960281 1.302810937166214 0 0 0.1417708843946457 0.3942213952541351 0.5493920966982841 0.334548145532608 1.236026175320148 1.453763999044895 0.324657142162323 211.4183831363916 31.16221385449171 33.30669980496168 0 0 0 90.7608315423131 2.317572727799416 4.087833724915981 0.6069238483905792 0.2383392080664635 0.3713767975568771 0.09913251549005508 2.365845754742622 0.099943608045578 0.8596818372607231 141.3978455290198 10.09473633021116 0.5894795358181 0.9843940138816833 0.9812122657895088 0.7922811359167099 0.4647081792354584 0.6534903794527054 29.47533029317856 33.4667761400342 92.65833856910467 486.4279463589191 10.36481098085642 74.61841271817684 1.045195586979389 9.77287645637989 0.1863851547241211 137.6688441485167 11.21238376200199 5.45179346203804 0.4628189206123352 2.324272789061069 0.5292361900210381 0.5802619531750679 110.7110042497516 32.40216935425997 0 378.9132457599044 105.4449735507369 185.0270257890224 136.8461084738374 17.29946210980415 2.752878867089748 38.09761597216129 2.377231732010841 10.69657770544291 49.84329427778721 1.921161442995071 14.2874388769269 17.63864473253489 9.117831788957119 0.2248018831014633 0.6866915300488472 0.9294268563389778 0.3839958012104034 0.2444431930780411 0.7015390247106552 0.2664711698889732 1.350949212908745 887.5113594457507 5.558687135577202 0 16.12389613687992 140.5962062850595 0.1223305836319923 3.735984042286873 10.76376830041409 4.675228580832481 0 96.81700283288956 8.788709908723831 48.63049720972776 54.29317453503609 64.08325775712729 3.758050888776779 180.3411691263318 132.7921008691192 109.0505367442966 31.73617251217365 1.147845640778542 0.6707955151796341 0 0 0 0 0.2317364662885666 0 0 0.1828940361738205 0 0.3429490029811859 0 0 0 0 0.3516171872615814 0 0 3.201297327876091 3.702331215143204 0 0 0 32.63991399854422 1.419260427355766 43.55044846236706 17.0833854675293 5.491848111152649 0 0 0.4785900563001633 0 0.2892979085445404 0 0 1.630975693464279 14.9626541659236 2.374677583575249 0 0 0.7236441522836685 0.4840628504753113 0 0 0 0.8879756033420563 1.06765142083168 0 2.73009666800499 1.376578360795975 15.4310636818409 0 3.475967139005661 0.4720589220523834 0 0 0 0 0 0 261.4559336900711 7.746327102184296 0 0 0 50.96432411670685 28.81413426250219 14.85701245069504 8.36154368519783 8.451767913997173 10.30029678344727 1.69628244638443 1.912660665810108 0.8993085920810699 0 0.2293323576450348 0 0.1321144104003906 0.2552632689476013 0.1567182987928391 0 121.3545960336924 24.17116171121597 16.10189435631037 370.4255543351173 41.21078155189753 666.6373711898923 131.7155129387975 891.8278321698308 72.61373261362314 7.297487184405327 89.55290125310421 28.26435318589211 0.3600614815950394 56.06803598254919 4.192413255572319 55.650151476264 2.475763216614723 1.131549321115017 2.907183796167374 5.232877604663372 0
39.86630277335644 340.2993264198303 1883.132438734174 0.5560685098171234 51.45696914941072 1.500910043716431 17.1693677380681 0 485.2543503642082 0.8810632824897766 3084.06673053652 0.9800377935171127 72.50404724478722 579.6800400987267 36.48533376306295 21.80885642766953 4.964747123420238 0.92363241314888 0.2767671048641205 1.239240996539593 3.02709985524416 2.777143985033035 0.9089822694659233 0.5313186198472977 5.123377203941345 0.6255666017532349 1.823588214814663 2.234523870050907 0.6842912659049034 0.5607916861772537 746.6616917252541 1574.661666847765 70.69791066646576 5.661912634968758 2.296020276844501 0.856625035405159 33.72645950317383 13.19077125936747 3.678870141506195 3.587828777730465 4.311476238071918 2.524834811687469 1.593089424073696 45.01814206689596 15.94525540620089 18.72171552479267 104.2194480523467 5.165694519877434 1.911780901253223 2.381359055638313 1.867855668067932 1.056424774229527 0.3703470677137375 2.83233418315649 9.902983121573925 11.31183912605047 13.25999040156603 204.1175036355853 3.962784819304943 29.86928553134203 98.17831633985043 5.483061574399471 2.933750972151756 254.9209281131625 4.955101057887077 5.332512065768242 1.362063720822334 6.702642478048801 9.427523173391819 15.7192936912179 11.17297838628292 10.66929605603218 0.2465997040271759 127.9675674587488 106.8560714349151 99.43618550151587 97.65411522984505 33.84738279134035 355.1193480417132 1716.737521097064 406.6107187047601 842.129869915545 14.20963559299707 0.6623857617378235 5.533835604786873 8.98735798150301 6.417061045765877 0.2583171725273132 0.5823470130562782 0.4964533001184464 1.331972561776638 0.4770897701382637 4.901351153850555 1.260353498160839 1.845477893948555 11.43287935107946 1.434093996882439 0 3.061353489756584 16.93191730231047 0 0 0.298885852098465 0 0 1.372117102146149 0 0.477501392364502 1.496070250868797 0.5552582740783691 0 1.295029535889626 1.816670119762421 1.042838916182518 0.1835680454969406 0 0 0 0 0 0 0 0 0 0 0 0 0.415664054453373 0 0.9686854928731918 0.1647932827472687 1.466862462460995 0.1529961228370667 0 0 0 0 0.2852192521095276 0 1.8370101749897 0 5.005629897117615 3.486378699541092 2.671697609126568 0 0 0 0 0 0 0 0 0.7922534793615341 0 0 0 1.353397235274315 0.7261852920055389 0 0.3703616857528687 0 0 0 0 0.1186364069581032 0.2170513719320297 0.2608325183391571 0.210902065038681 0 0 0 0 0.1105078682303429 0 0 0 8.508623473346233 0.7584732696413994 0 0 0 2.165520682930946 1.169781602919102 3.027673676609993 0.5766332149505615 0 0.6432487517595291 0.4453972280025482 0.1911045759916306 0 0.08113657683134079 0 0 0.1937021091580391 0 0 0 0.4204099029302597 2.079434722661972 2.63823314756155 300.3457157835364 21.43899473547935 419.0743183791637 47.32751446217299 124.3470131084323 29.6658920943737 2.398895286023617 50.2253735512495 5.010291457176208 0.102166123688221 2.791251718997955 0.443852573633194 2.181124150753021 0.2081529200077057 0.09221024066209793 0.6583694368600845 3.503445953130722 0
432.2092905119061 3839.579341799021 354.372363075614 32.43460965156555 5559.693417191505 7.339128911495209 2851.333119004965 485.2543503642082 0 150.7133636325598 3463.176916785538 76.84482851624489 3462.057320579886 3199.894765086472 21.35988828539848 4.812407813966274 1.216778233647346 0.3193038031458855 0.09104596823453903 0.2242611274123192 0.9780424907803535 0.1854926496744156 0.08258039504289627 0 0.09650367498397827 0.6601958423852921 0.09999137371778488 1.087223768234253 0.3764767125248909 0 363.5663288980722 39.69271651655436 90.13321210443974 0 0.1074070632457733 0.1183257475495338 93.22219516336918 1.883960530161858 0.4529307335615158 0.9390685707330704 0.3221304789185524 0.2584155052900314 0.08466146886348724 2.010385654866695 0.2820727527141571 0 111.8568710386753 7.669096939265728 0.7544035315513611 0.08932696282863617 0.2510870546102524 0 0.2085524648427963 0.5569346398115158 18.38789083808661 19.57956678420305 30.50077991932631 213.2127742394805 6.868519589304924 46.38802453130484 0.3399303704500198 4.622354455292225 0 78.49796117097139 8.208473458886147 2.376914873719215 0.09564359486103058 1.169163197278976 0.7424027919769287 0.5429052785038948 147.4400347024202 16.00920684635639 0 167.1295896917582 62.33485124260187 128.2617929652333 91.10689371824265 11.46510009467602 1.208554998040199 24.68249629437923 2.046604968607426 5.095344185829163 28.99137279391289 1.320868209004402 6.983530484139919 9.838725708425045 4.419371008872986 0.2031910568475723 0.4782346114516258 0.4190201759338379 0.6160635352134705 0.2281067445874214 0.4083940982818604 0.08441965281963348 1.164568111300468 362.6946046501398 2.571378335356712 0 5.240701019763947 46.27736597508192 0 1.27268123626709 4.425114050507545 2.909465759992599 0 38.21047980338335 3.65553206205368 17.82199555635452 18.80913536250591 29.57439513504505 0.4730332344770432 78.49093148112297 54.11857329308987 43.51206015795469 12.65116611123085 0.8259287178516388 0.6987148225307465 0 0 0 0 0 0 0 0 0 0 0 0 1.244750201702118 0.2361219674348831 0.1214525923132896 0 0 0.820515438914299 2.804416537284851 0 0 0.2861939966678619 17.27710558474064 1.312952503561974 21.93536242842674 11.38014245033264 2.996077820658684 0 0 0.2146751582622528 0.1780008524656296 0.7971881628036499 0 0 1.779950112104416 10.4502949565649 0.2949518859386444 0 0 1.054033875465393 0 0 0 0 0.4138162136077881 2.121473103761673 0 0 0.3062166273593903 5.504496738314629 0 1.497497230768204 0.6056036353111267 0 0 0 0.2915538847446442 0 0 129.3781749233603 3.903714165091515 0 0 0 28.63905031979084 17.91758617758751 6.426176182925701 1.27615961432457 5.747687384486198 5.95196108520031 0 0.1970548182725906 0.2813477516174316 0 0 0 0 0 0 0 58.38161649554968 14.16896356642246 12.09287858009338 269.7923129051924 31.05497202277184 560.9324657320976 81.92617896944284 290.2067386657 36.86366226524115 4.656142197549343 57.31254678219557 6.775445081293583 0.4691116511821747 16.25986404716969 3.550799041986465 20.63997021317482 0.9405257999897003 0.5294724330306053 2.184436820447445 2.4095264300704 0.3306542634963989
2966.96493858099 844.5969217196107 2.960364423692226 4383.284408435225 114.7614858523011 524.0790147781372 3798.422764711082 0.8810632824897766 150.7133636325598 0 5.904200069606304 4650.623478293419 5793.830936215818 462.102656275034 1.410315752029419 0.309067577123642 0.1034954935312271 0 0 0 0 0 0 0 0 0 0 0.256951130926609 0 0 21.92667251080275 0.864214763045311 7.276333898305893 0 0 0 36.5688738077879 0 0.310868889093399 0 0.09303344786167145 0 0 0 0.1024799272418022 0 11.5029554143548 0.6539278328418732 0 0 0 0.5350063741207123 0.2662805914878845 0.1643380373716354 5.983309835195541 5.47905570268631 69.84776631742716 144.4686279967427 4.621506579220295 7.191041395068169 0 0.6718397736549377 0 7.246585562825203 1.278312057256699 0.1062545925378799 0 0.09340310096740723 0 0 169.2229673564434 8.637289762496948 0.5853700786828995 98.56241790950298 8.038603611290455 10.59112264215946 5.387550376355648 1.339530572295189 0 4.700871288776398 0.3552882373332977 0.3933785706758499 6.15348557382822 0.1236433312296867 1.650207154452801 2.607916295528412 0.7086821869015694 1.693484768271446 0.436357855796814 0.7434800788760185 0 0.1276501268148422 0 0 0.3532024323940277 640.1545186638832 7.076873257756233 0.8640290498733521 5.633126527070999 349.2865758910775 0 2.098343342542648 1.339879930019379 1.674032270908356 0 17.16462083160877 2.88106632232666 14.2005485445261 17.69832120835781 15.23184676468372 0.9356864392757416 27.75414909422398 21.34254714101553 21.27856300026178 3.193985611200333 0.1238297820091248 0 0 0 0 0 0 0 0 0.256366103887558 0 0 0 0 0 0 0 0 0 0 0.5108965635299683 0 0 0 3.550302281975746 0.5692158341407776 6.900152936577797 1.854846954345703 1.333199828863144 0 0 0 0 0 0 0 0.5804327130317688 2.644483491778374 0.5029198527336121 0 0 0 0 0.3085327446460724 0 0 0 0.8923957347869873 0 0 0 1.25262613594532 0 0.4708306491374969 0.4193682968616486 0 0 0 0 0 0 30.6137580871582 0 0 0 0 8.984349757432938 2.756004251539707 1.202727496623993 0.4856445789337158 0.934006929397583 2.312441229820251 1.275358945131302 0 0.2493133693933487 0 0 0 0 0 0 0 14.39070889353752 1.637760803103447 1.82305708527565 51.84626009315252 2.590913958847523 61.64146680384874 14.28702034801245 1042.588436618447 11.03045121580362 0.2257943674921989 11.66598109900951 4.422883659601212 0 8.099800035357475 0.2503949850797653 18.05143530666828 1.046815454959869 0.1151911914348602 0.813617467880249 0.8135110139846802 0
601.0609525442123 3209.603407330811 3490.270802550018 11.29888425767422 1096.119945220649 6.367825403809547 153.2247624099255 3084.06673053652 3463.176916785538 5.904200069606304 0 126.8139045536518 1215.477053813636 3394.01264295727 53.51465662568808 22.60545019060373 1.454920008778572 0.4635261446237564 0.3175226077437401 0.5399703830480576 1.472530677914619 9.069867499172688 0.9854104220867157 0.1175597161054611 3.777592323720455 0.7633637264370918 1.779265947639942 0.9524810612201691 1.805256679654121 0.7791716158390045 1528.26550436765 914.8588308468461 1024.529057331383 0.5658000111579895 1.485562585294247 0.3097851723432541 544.0258641764522 32.89399041980505 21.66931638121605 14.2233968898654 2.933190755546093 1.457914285361767 0.2061181589961052 9.083944484591484 0.8411563187837601 0.9764372780919075 162.7666852325201 8.336501643061638 0.588973730802536 1.352049499750137 1.650393575429916 8.646150805056095 3.728496871888638 3.034615978598595 18.7424655854702 23.37716859579086 57.00524777173996 537.6587909460068 8.000472843647003 65.03493165969849 1.720680795609951 8.912297412753105 0.9998020678758621 170.8021218404174 8.700247265398502 3.729613475501537 0.752623662352562 2.473575599491596 0.7846516594290733 1.774569563567638 447.5143755301833 39.18206857144833 0.2399954125285149 295.5595405846834 157.355710119009 180.3009315729141 136.5579036101699 29.0518808439374 111.6493013873696 612.5109586343169 3.67635603249073 37.86532751470804 36.08947601914406 1.724471539258957 8.447506494820118 13.06597248464823 7.287099443376064 0.5802620500326157 1.684685274958611 1.332417733967304 0.9788034558296204 0.4252062365412712 1.340620316565037 1.622886143624783 3.184905290603638 101.9051275029778 3.800802186131477 0.3617638126015663 19.71935129165649 97.41796863824129 0.1471783071756363 0.7489234209060669 0.3555367887020111 0.4133573770523071 0.4634901136159897 7.057650536298752 0.666730672121048 3.165342874825001 3.250637710094452 4.804053708910942 0.3100519627332687 13.19046171754599 12.82716312259436 13.49710088968277 5.487077102065086 0.1335707753896713 1.194546043872833 0 0 0 0 0 0.1803638488054276 0.1096045300364494 0.1848553121089935 0.6849106401205063 0 1.082435138523579 0.1727546751499176 2.029315635561943 0 2.530199490487576 0.5268462374806404 0.5726190209388733 0.1221069768071175 1.764155156910419 0 0.1080245971679688 0 6.188944682478905 1.359053060412407 13.15870210528374 9.294949382543564 2.890862599015236 0 0.3906009644269943 0 1.054549291729927 0.09115864336490631 0 0 0 2.968031533062458 0.3085597455501556 0 0.5470448881387711 3.708387494087219 0.5022800862789154 0 0 0 0 0 0 0.1216230168938637 0.1380817443132401 3.687830328941345 0.3238490223884583 0 0.1677658557891846 0 0 0 0.08606442809104919 0 0 53.24279104918242 3.177351839840412 0 0 0 13.49498428404331 10.99787922203541 7.00318867713213 0.7580476552248001 1.913027226924896 2.46900799870491 0.1066558063030243 0.2137900739908218 0 0 0.1016540452837944 0 0.1033710464835167 0 0 0 13.44084706902504 10.49721559882164 10.3991767168045 464.4648330509663 49.62785545736551 608.055171854794 104.2242519259453 276.4105957821012 48.71743921935558 6.817927844822407 97.10109487921 8.308681227266788 0.4383054822683334 9.131042025983334 2.117571167647839 5.385655164718628 0.1964163035154343 0.1179587095975876 3.595821388065815 4.851741075515747 0.2332188785076141
450.3560172989964 66.21647004783154 9.39195541292429 601.8824486956 4.562295243144035 143.361232817173 49.91753222048283 0.9800377935171127 76.84482851624489 4650.623478293419 126.8139045536518 0 2514.378721445799 749.2416970059276 7.621634915471077 3.298972442746162 0 0 0 0 0 0.7156126350164413 0 0 0.347802072763443 0.4419259130954742 0 0.09715774655342102 0.6674817055463791 0.2271992862224579 8.435891926288605 0.6704782545566559 45.65972417593002 0.491987019777298 0 0 367.3947846740484 0.7964019030332565 2.983876600861549 0.1852999776601791 0 0 0 0.1249808073043823 0 0 17.1352928802371 0.8976980298757553 0.387292355298996 0 0 1.065754428505898 0.7878152281045914 0.3906172588467598 2.282009482383728 1.291437022387981 14.10797072947025 26.48221838474274 1.924704939126968 6.014034353196621 0 2.882161393761635 0 3.958123825490475 0.4622571617364883 0.5826125517487526 0 0 0 0 1127.506636112928 25.60704968869686 0 24.13708280026913 4.167143084108829 11.86889557540417 7.28793777525425 1.517304047942162 0 11.15434043854475 0.1897254139184952 2.534138306975365 1.756435789167881 0.2112004458904266 0.3860694169998169 2.022211775183678 0.09276403486728668 0.3490790724754333 0 0.3797760754823685 0 0 0 0 0 2143.624132022262 20.57190480828285 0.7024165987968445 9.194908022880554 41.28545567393303 0.1289623975753784 2.654489651322365 3.477411389350891 3.80790776014328 0 56.58261974900961 6.455222517251968 33.23944944143295 28.07981996238232 35.86131682991982 0.9693411588668823 96.01897042989731 74.94725258648396 69.79671504348516 13.79787999391556 0.286452978849411 0.3354088813066483 0 0 0 0 0 0 0 0 0.2266921550035477 0.3006531298160553 1.313304960727692 0 1.077907413244247 0 0.6186537891626358 0 0 0.2153247743844986 3.067503318190575 0 0 0 17.99624478816986 0.3336885273456573 18.13468772172928 8.511732533574104 1.053852543234825 0 0 0.376645527780056 0.3134651780128479 0 0 0 0.3921076655387878 7.718895465135574 1.448498293757439 0.3763345777988434 0 1.002356722950935 0 0 0.8340807557106018 0 1.315808415412903 0 0 0 0 9.001598849892616 0 0.5825385451316833 0.5135550796985626 0.2503650784492493 0.3304170668125153 0 0.106054499745369 0 0 140.2888920083642 4.665310561656952 0 0 0 28.54463939368725 12.01061907410622 5.753946878015995 3.469426989555359 7.077010974287987 3.849427357316017 0.4438685178756714 0.9061944410204887 0 0 0 0 0 0 0 0 94.98493199050426 22.50592060387135 13.37797770649195 144.4481970742345 2.316673219203949 97.15899551659822 13.9359782114625 305.9179477319121 6.629643090069294 0.1299503594636917 20.00140824913979 9.559890925884247 0 23.65329012274742 1.759293109178543 32.12869274616241 0.6141659617424011 0 1.021328590810299 0.1839811652898788 0
663.6023468971252 820.479642957449 102.4059044420719 1638.30099863559 424.9848507866263 115.3939124345779 3336.448778547347 72.50404724478722 3462.057320579886 5793.830936215818 1215.477053813636 2514.378721445799 0 3368.816969715059 36.63620408624411 11.83264818787575 0.1762740612030029 0.4642697721719742 0.2510075569152832 0.5554318130016327 0.7568967938423157 1.991013810038567 0 0 0.1680528670549393 0.100105844438076 0.1960838735103607 0.274063266813755 0.7729901969432831 0 134.121758274734 33.57084541022778 166.3940435349941 0 0 0 214.9747803360224 3.095447428524494 2.399532034993172 0.5277826637029648 0.309676855802536 0.1204598248004913 0.2695860266685486 1.252191483974457 0.2820345684885979 0.4314744397997856 128.9063148200512 4.983140490949154 0.2056922987103462 0.2372601926326752 0.1161752566695213 1.822348691523075 0.9999812394380569 0.7035029232501984 7.006950832903385 10.26846615970135 22.12637479603291 117.9516276866198 5.032601118087769 33.37754692137241 0.4202962517738342 6.606495469808578 0 38.92708402872086 6.082746170461178 1.888368427753448 0.1803440600633621 1.082548841834068 0.5946647673845291 0.1575664132833481 639.3605530038476 39.22063265740871 0.1302631348371506 97.5478595495224 31.0390454903245 99.71899925917387 62.29728040099144 13.64641157537699 1.065499871969223 36.6460235863924 1.212261736392975 3.486562050879002 19.00433205813169 0.9348705038428307 6.313143193721771 8.345336087048054 3.322423480451107 0.3923809677362442 0.363821730017662 0.8472794443368912 0.1443208605051041 0.7339464724063873 0.7917769774794579 0.1153839379549026 1.647892624139786 1887.356362715364 7.365043833851814 0.3426001965999603 7.85393663495779 50.08926567435265 1.723255276679993 2.260199844837189 11.0232145935297 7.240844815969467 0.1725205779075623 102.4220781251788 10.44951894879341 47.29586719721556 52.77795997262001 61.08690968155861 2.238365694880486 168.9618398621678 121.8009745255113 114.8686654940248 22.11009447276592 0.7322732880711555 0.2188248187303543 0 0 0 0 0 0 0 0.7540799379348755 0 0 0.1852385103702545 0 0.3881855905056 0 1.228864312171936 0 0 2.196421250700951 4.860668003559113 0 0 0 24.97995851188898 0.8077979385852814 38.3030868023634 16.76479066163301 5.524151161313057 0 0 0 0.5668227076530457 0 0 0 0.3798037171363831 9.042488433420658 0.7763078063726425 0.7873619645833969 0 1.378979399800301 0 0 0.7127660810947418 0 0.5399592518806458 2.722080647945404 0.1643612235784531 1.607186675071716 1.784506142139435 9.52679032087326 0.205669641494751 2.83941063284874 0.3253284990787506 0 0.1898445636034012 0 0 0 0.4736313670873642 282.1642445921898 7.288390174508095 0 0 0.1986782550811768 56.51301496475935 25.12259066104889 14.40641924738884 8.984178766608238 5.976789176464081 12.64742250740528 0 1.067009851336479 0.1459139883518219 0 0 0 0 0 0 0 148.807572118938 40.10411627590656 21.47775548696518 505.8516748100519 30.33242109417915 604.5058412253857 81.2787229642272 465.3953405991197 36.70395838469267 3.127749219536781 75.14879225194454 18.75406569987535 0.1344499439001083 34.58654204756021 2.945307940244675 45.06361700594425 1.195270329713821 0.14104163646698 0.1182096600532532 2.49201275408268 1.055458694696426
285.99622515589 853.6433734819293 593.5285152196884 176.9717447608709 224.3441164270043 24.18533958494663 198.9031207039952 579.6800400987267 3199.894765086472 462.102656275034 3394.01264295727 749.2416970059276 3368.816969715059 0 47.88300693035126 17.4880860671401 0.7876584753394127 0 0.1071101203560829 0.210049070417881 0.6866406947374344 8.018633469939232 0 0 1.366472736001015 1.145077280700207 1.157938554883003 1.60765764862299 1.300053112208843 1.12671010941267 489.834102191031 100.9237999543548 1920.058772593737 0.2615537196397781 0 0.7315348237752914 1667.911028631032 26.78974781930447 29.63031086325645 12.36301326751709 1.10514560341835 1.233949385583401 0 3.729677051305771 0.2182683721184731 0.750730499625206 148.3602138236165 7.249515786767006 0.08290224522352219 0.6464821472764015 0.8158812895417213 8.040118470788002 10.63098713755608 2.690167441964149 14.15540036559105 14.20979381352663 37.52939996868372 242.9882312268019 8.220502831041813 43.06425882875919 1.595775671303272 16.01312220096588 0.2781906425952911 76.48106937855482 6.50883437693119 2.726337671279907 0.4204566702246666 1.030364647507668 1.272210016846657 1.545784987509251 1435.911712795496 59.813457287848 0.2569474726915359 168.9309423193336 69.79173415154219 137.4431584924459 90.12219788879156 16.90057864040136 11.88225197046995 108.1274098306894 2.867150604724884 15.56711249053478 26.08729413151741 0.9753410145640373 8.127610519528389 10.36669471114874 4.875640951097012 0.4456448927521706 1.164902612566948 2.196216233074665 0.5740753412246704 0.3616249710321426 0.5415360629558563 0.8714177086949348 1.936416171491146 597.5936255976558 9.870169073343277 1.036167979240417 27.73001901060343 47.23049154877663 0 1.13276581466198 4.777807950973511 2.07107575237751 0.1348804384469986 40.37928052991629 5.826367110013962 22.60841956734657 20.60617147386074 21.61882067471743 1.747627757489681 73.60433888435364 49.1820362508297 51.02133466303349 11.17907359451056 0.7477894797921181 0.2846401929855347 0.1887789815664291 0.585705041885376 0 0 0 0 0 0 0.1828422546386719 0 1.359186857938766 0 1.645164676010609 0.1425637900829315 3.244134739041328 0.1372144222259521 0.3553178608417511 0.8272545412182808 2.677396364510059 0 0.1183270812034607 0.1406198292970657 26.82965751737356 0.6989955604076385 24.63488198071718 15.39646062254906 4.73560344427824 0.4951332360506058 0 0.1276904344558716 0 0.1096469089388847 1.295114353299141 0 1.65431222319603 6.967423059046268 0.8971838653087616 0.3667815625667572 0.1973344534635544 3.477866269648075 0.6742450818419456 0 0.907228410243988 0 0.935010701417923 0.4872788190841675 0 1.39806192368269 0.8614511489868164 9.245432525873184 0 2.082845598459244 0 0 0 0 0 0 0 142.3308981284499 6.561117850244045 0 0 0.260696142911911 31.08227136731148 17.8856178149581 11.52455171197653 3.689807951450348 8.84228204190731 6.6823865249753 1.975731313228607 0.6319531425833702 0.8126603662967682 0 0 0 0 0 0 0.1617524325847626 62.35020534694195 17.9456956833601 19.05966266989708 557.749937184155 37.10518718510866 635.2024318128824 90.69544187933207 346.3293196186423 44.3709933757782 6.124549046158791 82.28459271788597 14.45978516340256 0.2553709447383881 28.91880365461111 1.979016453027725 22.09841702878475 1.303154066205025 0.1099060475826263 2.646479547023773 3.655121967196465 0.6792968511581421
