0 4491.830391936004 960.1090626940131 1404.731794908643 458.3425223231316 147.7112926691771 813.7577880322933 256.3329424485564 35.33103635162115 1149.922609075904 757.6638916507363 87.59357680380344 123.3880419209599 72.39708243310452 1.110515236854553 1.12230683863163 0.2099553719162941 0 0 0 0.4020702168345451 0 0 0 0 0 0 0 0 0 155.9167453125119 11.77686504274607 11.45385454595089 0 0 0.5464906468987465 8.089686319231987 0 0.1437311321496964 0.7083866447210312 0.4321710541844368 0.1415819078683853 0 0.2137268632650375 0 0.3079243451356888 23.71241481602192 1.274499148130417 0 0.2855295091867447 0.4695071652531624 0.3512439578771591 0 0 4.01839566975832 1.206823982298374 325.7447294145823 1322.016816481948 124.228892147541 29.50828207284212 0.248807393014431 0.2102753072977066 0.1607169806957245 1.535526856780052 0.7122747451066971 0.5068835318088531 0.3409874215722084 0.2753013297915459 0.6381517648696899 2.470613025128841 18.35214592516422 5.50238099694252 0.1903723180294037 200.982671841979 21.84196350723505 10.92723236978054 2.765596024692059 0.5090581774711609 0.1011630371212959 17.552640452981 0.4029236510396004 1.695428937673569 18.77552832663059 0 0.988019734621048 1.13553536683321 0.599536806344986 0 0.46694715321064 0 0 0 1.033007085323334 0.4892328605055809 0 216.4652809277177 4.568048670887947 0 0.6065899431705475 795.8136183172464 0 0 0 0 0 1.943498909473419 1.229772210121155 2.414260983467102 57.259770616889 0.3251661211252213 0 8.211451336741447 10.23622740805149 3.509519949555397 1.317635476589203 0.2540420964360237 0 0 0 0 0 0.3395567238330841 0 0 0 0 0 0.0979851707816124 0 0 0 0 0 0 0 0 0 0 0 0.1478154808282852 0.5243451520800591 1.191187918186188 0.5446052774786949 0.1856579929590225 0.09423612803220749 0 0 0 0 0 0 0 0.7209385260939598 0 0 0 0 0 0 0 0 0 0 0 0 0.3638893663883209 1.146079875528812 0 0 0 0 0 0 0 0 0 3.921133756637573 0 0 0 0 1.559022754430771 0.4341065213084221 0.344720870256424 0.4137673676013947 0 1.028725370764732 0 0.4663332104682922 0 0 0 0 0 0 0 0 2.136539980769157 0.3409297317266464 0.5338447317481041 32.23792176693678 2.990995481610298 41.56338061392307 12.45759258419275 822.73844704777 20.29558895528316 0.1105191186070442 3.858259908854961 0.7466162517666817 0.1230674162507057 1.157825320959091 0.2589071467518806 0.8249984383583069 0.1020006760954857 0 0.1112907230854034 3.341706275939941 0.2922700643539429
4491.830391936004 0 1488.132752470672 286.4311865195632 2292.382223509252 579.165925681591 2015.697083435953 458.0580321252346 764.5883839353919 428.2857547029853 3147.590187609196 98.41494147479534 569.9944752156734 1035.671250849962 19.47235979139805 3.999244369566441 0.2155836373567581 0 0.1290083527565002 0.4449570775032043 0.3003044053912163 0.4952691048383713 0.2252529263496399 0.4276409894227982 0 0.5059271156787872 0.1421306133270264 0 0.4257582724094391 0 1318.857414104044 26.11876413226128 66.0321122854948 0 0.1151424720883369 0.3353109657764435 31.4157857298851 0.7686175107955933 0.3130467310547829 2.412178754806519 1.022747226059437 0.3014921247959137 0.2821894586086273 0.2685130313038826 0.1607377678155899 0.2923868969082832 332.4707260355353 5.302004098892212 0.6980679556727409 0.937676876783371 2.891228795051575 0.7091249600052834 0 0.8992242068052292 14.71350426971912 10.63020273298025 230.656638585031 1106.132827498019 132.4134694859385 92.41114094853401 0.7404114156961441 0.2485705986618996 0.3086338937282562 71.48369553685188 5.617187477648258 6.671977207064629 3.952173843979836 6.682739339768887 2.801665648818016 2.824862897396088 75.93435145169497 3.624350383877754 0 322.9271289259195 88.41391663998365 117.8963216617703 60.76970744878054 3.362792976200581 0.731118381023407 49.08957346528769 2.485665082931519 3.314377054572105 83.74004629999399 0.2031888216733932 8.018503814935684 11.5340546220541 3.184855096042156 0 3.567913316190243 0 0.4685370624065399 0.2060264497995377 1.80812069028616 0.7985075935721397 1.874451212584972 303.3236794397235 5.65266127884388 0 1.212112873792648 617.8402234837413 0.6636090278625488 1.952842116355896 1.940292119979858 1.169840693473816 0 53.57818961143494 0 16.13225314021111 37.51517096161842 9.168160930275917 0.1914969235658646 76.14078047126532 48.21405950188637 50.42888879776001 15.59579101204872 0.3457430899143219 1.077920146286488 0 0 0 0 0.3849083483219147 0 0.1624230891466141 0.1300294101238251 0.1517291516065598 0 0.2965234890580177 0 0 0 0 0 0.404902845621109 1.527440428733826 1.588339135050774 0 1.340526819229126 0 2.434054628014565 0.4951314181089401 0.6223751306533813 0.6795554086565971 0.1482567936182022 0 0 0 0 0.1295278668403625 0 0 1.262044787406921 2.436324775218964 0 0 0.1341180205345154 0 0 0 0.09910046309232712 0.08171999454498291 0 0.636241689324379 0 0 0.7710327059030533 11.1042115688324 0 0.5642767250537872 0 0.1506887674331665 0 0 0 0.1696770489215851 0.1406409442424774 20.48758752644062 0 0 0 0 1.985361263155937 3.123448967933655 4.024341240525246 1.127719908952713 0 3.794825047254562 0 0.7932581678032875 0.3284016102552414 0 0 0 0 0 0 0 12.33417268097401 3.746566891670227 2.549777284264565 200.8802431002259 34.27199446409941 490.1214527264237 118.0220225080848 1126.0167279616 135.1236692890525 4.438438341021538 93.3151266798377 4.328969940543175 0.7020981013774872 12.43564365059137 4.136691845953465 8.578212186694145 1.564794316887856 0.2805302441120148 1.713803127408028 50.97816386818886 0
960.1090626940131 1488.132752470672 0 2.859621196985245 469.9699538052082 43.61216995120049 59.32873800396919 3766.261420242488 355.6620042473078 12.00036333501339 4249.619051657617 9.057867527008057 60.11737850308418 321.8164559304714 40.51870599389076 36.62243772298098 6.35343424230814 5.18781553208828 2.193007826805115 24.61510776728392 35.83974807709455 0.1237333938479424 2.196093663573265 0.2671346962451935 0.7076800763607025 1.11891682446003 1.821242935955524 0.3327448591589928 0.6901895701885223 0.5154716670513153 5213.677621528506 89.56326737254858 19.10475075989962 0.1613494455814362 5.007364645600319 2.443607360124588 14.22208430618048 0.7401180118322372 1.4076167345047 2.701133280992508 34.76907027512789 6.378780506551266 52.67369642108679 5.617837950587273 2.632537841796875 5.750304877758026 139.1571967378259 16.16839540749788 5.709332980215549 42.04597796499729 3.435882061719894 0.1847764253616333 0 0.3292218819260597 4.360525660216808 3.540633328258991 151.500542268157 1350.133186839521 75.69747281819582 49.85321099311113 8.293678015470505 2.123303949832916 6.433187201619148 175.743963688612 3.633334927260876 10.22017698734999 1.611635610461235 10.57595454901457 51.61926376074553 123.3555696383119 29.57955364137888 3.944942012429237 0 212.7736872285604 118.2686006054282 96.48304450511932 81.19402004778385 22.36072278767824 245.421051196754 1046.427700534463 21.8331648260355 136.4872780963778 31.37888246029615 0.272980198264122 5.147129639983177 5.325573034584522 15.35863750427961 0.07815719395875931 1.684683509171009 0 1.084069065749645 1.24262398481369 48.19428551197052 9.654385581612587 10.12313482165337 59.61351899057627 10.38528107106686 0 0.4614553153514862 540.2742969468236 0 0 0 0 0 2.109426379203796 0 1.688147872686386 1.428985789418221 0.1709036380052567 0 15.6773094534874 9.48929551243782 12.02093444764614 8.944723099470139 0.4820754006505013 0.2161238342523575 0 0 0 0 1.81311522424221 0 0.6241717338562012 0 0.5059339627623558 0.2513843104243279 0.1561037003993988 0.2085853666067123 0 0.352286085486412 0.147911012172699 0.5293139666318893 0 0 0.6700047850608826 0 0.4606722146272659 0.1314330548048019 4.388998836278915 1.218850269913673 1.869486302137375 2.492349393665791 1.335476331412792 0.1884887367486954 0 0 0 0 0.8958299458026886 0.4957480579614639 0.4033184424042702 0.5705803856253624 0 0 0.1634945124387741 0.7628854438662529 0.6587211415171623 0 0 0 0 0.5299345254898071 0 0 1.244338996708393 6.972935989499092 0 0.1129070296883583 0.5565174371004105 0.3278803527355194 0.1907930076122284 0 0.4892801120877266 0 0.130554735660553 7.006957277655602 0.1300564706325531 0.1758118867874146 0 1.149750977754593 1.777652025222778 3.217014610767365 5.522933728992939 0.6614349260926247 0 1.160980381071568 0.1413364708423615 0.4416093304753304 1.528372868895531 0 0 0 0 0 0 0.1332934200763702 4.296936362981796 1.844256818294525 3.103925123810768 169.4475224390626 25.71335908025503 201.0862648338079 72.21488440036774 203.743914052844 48.2690252661705 2.373202003538609 89.95021741092205 3.543080672621727 2.652157969772816 4.659362845122814 1.23623663932085 4.134363830089569 0.4429015219211578 0.3120170086622238 0.6605249792337418 3.440666392445564 0.1669525802135468
1404.731794908643 286.4311865195632 2.859621196985245 0 150.6233852952719 915.1201432198286 1171.852601207793 0.6786477267742157 153.9031197503209 1177.713738426566 1.530752077698708 226.4050385057926 1054.502129435539 38.41371887922287 0.3644921183586121 0.09072912484407425 0 0 0 0 0 0 0 0 0 0.1422328054904938 0 0 0 0 35.53459909558296 0.4424749761819839 0 0 0 0 0 0 0 0 0 0 0 0 0 0 19.16917904466391 0.3205053508281708 0 0 0 0 0 0 0.931038111448288 1.006180517375469 35.4240842461586 111.728397987783 17.54599273949862 10.21611773222685 0 0 0 3.533232688903809 0.4619629830121994 0.4593625962734222 0.2014020457863808 0.1158957779407501 0.09568227827548981 0 0 0 0 41.78380694240332 8.806505873799324 7.56440669298172 1.91374146938324 0 0 0.4603836983442307 0 0.1201360523700714 8.176524117588997 0 0.6324418038129807 1.252779424190521 0.2298381775617599 0 0 0 0.1094621196389198 0 0 0 0 161.9207122176886 0 0 0 96.14092138409615 0 0 0 0 0 6.267570734024048 0 5.530502125620842 19.3840180337429 3.096298471093178 0 16.53326673805714 7.509209364652634 7.10246567428112 2.326227888464928 0 0 0 0 0 0 0 0 0 0 0 0 0 0 0 0 0 0 0 0 0 0 0 0 0 0 0 0 0 0 0 0 0 0 0 0 0 0 0 0 0 0 0 0 0 0 0 0 0 0.2133511900901794 0.5919737815856934 0.1538413614034653 0 0 0 0 0 0 0 0 0 0.8409232795238495 0 0 0 0 0.7894415557384491 0.6561282128095627 0 0.9973760843276978 0 0 0 0 0 0 0 0 0 0 0 0 0.8867093026638031 0 1.241219043731689 8.573306486010551 1.601618766784668 31.90155746787786 5.267710633575916 326.1546120420098 9.634297199547291 0 3.991758063435555 0.309186577796936 0 0.6795028895139694 0.1469693779945374 1.124413847923279 0 0.2046420872211456 2.073661088943481 145.0392787307501 0
458.3425223231316 2292.382223509252 469.9699538052082 150.6233852952719 0 171.7736049443483 4703.222469210625 46.64548172801733 7657.085178799927 734.0500294789672 761.726191163063 133.6015134453773 1399.018555797637 1539.671650990844 38.49690883606672 4.51090294867754 0.7469358146190643 0 0.2515990436077118 0.1278039067983627 0 0 0 0.8467646166682243 0 0.6200177222490311 0 0.5876744017004967 1.129190504550934 0 292.5711140632629 23.64014642685652 12.57944129407406 0 0 0 5.149465471506119 0 0.6587932705879211 0.4317494630813599 0.1264403313398361 0.1199452877044678 0.412458524107933 0.338218055665493 0.2116207927465439 0 401.1460510194302 5.319904923439026 0.220062755048275 0.267373226583004 2.938873797655106 0.4247682988643646 0 1.319925040006638 11.85900302231312 12.55454654991627 55.36997184157372 125.2584707066417 50.66880484670401 71.79875707626343 0.3351198881864548 0.2146680057048798 0 58.46278309822083 6.797169290482998 5.703961975872517 2.668808273971081 6.375827476382256 0.7023642063140869 0.6207315847277641 21.03115929663181 0.502875030040741 0 122.3964079543948 54.03976711630821 133.5141654014587 110.9420140385628 1.580584421753883 0.2983645796775818 8.061525404453278 0 0.6395886167883873 51.91882651299238 0.2890257090330124 5.458352170884609 11.81698562204838 3.197553470730782 0.3479956090450287 4.212236724793911 0 0.4255433902144432 0.4528178498148918 0.4906813725829124 0.1309956461191177 1.578069075942039 419.3006867319345 4.190527439117432 0 0.6169324293732643 63.12785893678665 1.540128916501999 0.3189358115196228 1.810595437884331 0.2214405387639999 0.5316743850708008 63.88341681659222 1.633305713534355 66.5770054012537 51.72319780290127 27.76379746198654 2.247098207473755 255.4887320846319 164.3607974648476 167.498877197504 33.79181610047817 0 0.5914183259010315 0 0 0 0 0 0 0 0.2193582952022552 0.4284417480230331 0 0 0 0.2895066738128662 0 0 0 0 0.6956544071435928 4.115481957793236 0 0 0 3.602916181087494 0.297328844666481 2.005735725164413 0.5882970243692398 0.3356989920139313 0.2478951066732407 0 0.6457779854536057 0 0.16634401679039 0 0 1.386109486222267 4.339453563094139 0.6764124035835266 0 0 0 0.1821681261062622 0.5123668313026428 0.6853640675544739 0 1.10723027586937 3.634921625256538 0 0.122907929122448 0.8519371747970581 10.44991800189018 0 0.6783814430236816 1.292967736721039 0 0.3118259906768799 0.3726674318313599 0.1602575927972794 0 0.5278148949146271 22.29562969505787 0 0 0 0 7.983960866928101 1.415117725729942 7.523981653153896 5.498240306973457 2.904335975646973 10.12250746786594 0.6409550905227661 0.8892435282468796 0.7165741249918938 0.3317473977804184 0 0 0.1571892648935318 0.1149671152234077 0 0 22.2559075653553 3.114891797304153 1.227229654788971 422.7612440362573 63.02967782318592 714.9675504416227 252.7986421957612 636.1854443699121 171.0653510466218 7.587628625333309 204.7208202406764 13.06157827377319 3.440445229411125 22.39387284964323 3.700138598680496 18.89303106069565 0.9439148157835007 1.23442555218935 1.804276257753372 6.129048615694046 0
147.7112926691771 579.165925681591 43.61216995120049 915.1201432198286 171.7736049443483 0 613.0475861728191 6.48854099214077 141.8011674880981 1382.781907111406 17.60195191204548 527.9476423412561 474.1016288846731 131.6184840500355 0.3427175283432007 0 0 0 0 0 0 1.212284922599792 0.197134867310524 0 0.7157354354858398 1.000675320625305 0.3942583054304123 0 2.254730880260468 0.2823602557182312 54.3305769264698 1.057456970214844 31.50118415057659 0 0 0 50.38692289590836 0 0 0 0 0.6427131295204163 0 0.1529579162597656 0 0 4.254172399640083 0.3362929224967957 0 0 0.5103817135095596 0.6629562824964523 0 0 0.4295704364776611 0.09801005572080612 137.0348196253181 122.3080161586404 22.72460967302322 3.291113838553429 0.2598584592342377 6.152991160750389 0 0 0.1035094633698463 0.1126955524086952 0.2797176986932755 0.1007996127009392 0 0 222.968560218811 91.50785182416439 1.318603530526161 18.52298882603645 1.846440806984901 1.899644806981087 0.4318838119506836 0.4677458852529526 0 24.18493770062923 0 3.164324432611465 2.716006450355053 0 0.1245003566145897 0.3922988772392273 0.1181839182972908 4.561981976032257 0.6258907467126846 2.255570694804192 0 2.324226252734661 0 0 0 962.1576218307018 64.70068334043026 6.631166607141495 5.02128241956234 557.6756928116083 0 0 0.5722407102584839 0 0 3.728877872228622 0 3.003502652049065 11.67612771689892 2.611872464418411 0 8.093242466449738 5.792999923229218 3.61433732509613 0.986515998840332 0 0 0 0 0 0 0 0 0 0 0 0 0.8600192070007324 0 0 0 0 0.3819089233875275 0 0 0 0 0 0 0.4875502288341522 0 0 0 0 0 0 0 0 0 0 0 0 0.7360982745885849 0 0 0 0 0 0 0.5815801620483398 0 0 0.2410872429609299 0 0 0 2.989464521408081 0 0 0 0 0 0 0 0 0 1.236420631408691 0 0 0 0 0 0.2462224960327148 2.39142170548439 0 0 0 0 0.1767914891242981 0.4152111113071442 0 0 0 0 0 0 0 0 0.7107954323291779 1.087285593152046 9.996901527047157 12.08415329456329 5.747558765113354 1.188818968832493 360.8329650610685 4.60175658762455 0 1.118231654167175 0.4158426225185394 0 0.4669897556304932 0 0 0 0 0 3.189460784196854 0
813.7577880322933 2015.697083435953 59.32873800396919 1171.852601207793 4703.222469210625 613.0475861728191 0 57.25119781494141 1640.81982447952 3553.038994908333 296.4614987671375 263.6559938192368 3610.517481431365 876.4932385236025 25.62925796955824 2.500115282833576 0.09482473134994507 0.2831430435180664 0 0 0 0 0 0 0 0.200952559709549 0 0.2697436511516571 0.3753989860415459 0.131387323141098 154.6337818577886 8.956189908087254 6.402439415454865 0 0 0 7.281737864017487 0 0.1605972349643707 0 0.2154993265867233 0.1910696923732758 0.1896197348833084 0.1732983440160751 0 0 194.0258348956704 3.213493749499321 0.1140698567032814 0.3652181923389435 1.691012308001518 0 0 0.4475173577666283 4.368660777807236 10.47236309200525 58.53117348253727 128.2428664341569 37.07716538012028 44.06444523483515 0 1.012873992323875 0 27.68386144936085 2.963684149086475 2.789706751704216 2.574387051165104 3.350863322615623 0.6002330631017685 0.6355795115232468 18.45390509068966 0.2281427532434464 0 87.53717341274023 33.61868821829557 65.60245151817799 48.32264223694801 1.84405580163002 0.6448504328727722 7.583161115646362 0.1725488752126694 1.623825676739216 30.64625796675682 1.504247985780239 4.284529060125351 6.468292258679867 0.9377944394946098 0 2.370271220803261 0 0.1890350878238678 0.4511307701468468 0.2089898958802223 0.1351665705442429 1.285465992987156 841.4681866168976 1.769899256527424 0 0.5582646876573563 94.33606573194265 2.617873311042786 1.240141630172729 3.998987570405006 1.107200741767883 0.5170408487319946 84.0756614357233 2.774362087249756 88.08226172626019 83.06681010127068 53.2483287602663 0.230510801076889 339.719558596611 231.5574313402176 201.457908987999 43.34258836507797 0.7744237780570984 0.6441339626908302 0 0 0 0 0.6009994298219681 0 0 0.9466757327318192 0 0 0 0 0 0 0 0 0 2.464967474341393 2.028167605400085 0 0 0 4.158723518252373 1.111893370747566 5.128408178687096 0.09908739477396011 0.4080039486289024 0 0 0 0 0 0 0 2.012832418084145 5.816064178943634 0.3001303523778915 0 0 0 0.2115924507379532 0 0.7038367092609406 0 0 6.900434389710426 0 0 0.5993491411209106 14.85164061188698 0.284517914056778 0.9654963910579681 0.8100257962942123 0 0.1238506659865379 0.167817547917366 0 0 2.258995771408081 47.77317997813225 0.7206459641456604 0 0 0.2998938858509064 18.63612323999405 9.017386838793755 9.599954828619957 4.990581795573235 3.574800953269005 10.94311079382896 0.3708924651145935 0.9293306916952133 1.168878391385078 0 0 0 0 0 0 0 45.13827200233936 4.85826213657856 1.49944531917572 215.4589277356863 39.2028938755393 321.5997829586267 122.2438753023744 652.5122821331024 85.40509389340878 4.224209681153297 95.50259815901518 6.410214625298977 1.957719281315804 16.46436082571745 2.49538291990757 23.93799257278442 0.8377248048782349 0.712299570441246 0.2120288759469986 42.6269189491868 0
256.3329424485564 458.0580321252346 3766.261420242488 0.6786477267742157 46.64548172801733 6.48854099214077 57.25119781494141 0 209.1429156437516 1.683173179626465 3329.514425076544 12.26725922524929 131.0400884896517 648.1487999781966 107.8878703340888 68.50791847705841 20.42412658035755 60.45162680745125 12.49741417169571 137.4838509187102 182.8274370506406 0.8360908329486847 6.569584898650646 1.203195840120316 12.13064014911652 4.361326932907104 18.47491918504238 1.658532351255417 6.591529905796051 4.286965690553188 1066.821111686528 667.9807372167706 39.05788504332304 4.168814443051815 14.09356912970543 11.59142532944679 41.52949569374323 2.528410047292709 5.397353775799274 12.71424409747124 92.89355505257845 17.22650825232267 283.2222774997354 39.65893907099962 43.10775715857744 123.3366515040398 338.5760173350573 35.92099955677986 36.19343364238739 246.9306836351752 4.480798609554768 1.229091919958591 1.147939629852772 2.513949915766716 7.408683635294437 6.835955642163754 58.3898643180728 209.3013003468513 36.34344366192818 59.62111349403858 196.2515354454517 11.84630156308413 38.98120923340321 289.6104060560465 5.218086220324039 29.79054161906242 3.288127981126308 38.63594675064087 218.5392669141293 538.0703553557396 64.11939139664173 17.55531146377325 0.5041402280330658 122.6289662197232 105.6379956379533 179.0167647600174 246.7713324129581 168.1339718028903 2392.858289696276 3549.077372997999 466.7442303597927 2000.888804383576 34.71917257457972 0.3629229217767715 12.15357933938503 9.557913981378078 84.47177341580391 0.3073185458779335 2.446848623454571 0.6909052431583405 2.125800780951977 5.693293362855911 225.8532076627016 40.78351156413555 36.86113173514605 104.014127895236 20.33408253639936 0.3431704938411713 5.356856405735016 74.41278646886349 1.517174243927002 0 0.1034175157546997 0 0.7901290059089661 1.41633103787899 0.4471666812896729 7.024631351232529 2.364220380783081 2.66321487724781 0 33.66523383557796 24.21439038217068 33.32258987426758 14.37796129286289 1.929369524121284 0.6631403565406799 0.2788905203342438 0 0.1529453843832016 0 3.033176697790623 0 1.218004286289215 0.6153573542833328 0.8267970010638237 0.6860443204641342 1.061105005443096 0.5863919109106064 1.853113755583763 0.2851254343986511 1.957815818488598 3.468291670084 2.308026760816574 0.5827070474624634 2.461261212825775 0.2126020193099976 1.400607317686081 0.8898346945643425 8.212815724313259 5.250643976032734 4.363511770963669 14.59734103828669 5.630340747535229 0.826111301779747 1.017482310533524 0.1476414054632187 0 0 5.424470126628876 0.4917615205049515 1.900734052062035 6.815533883869648 0.3965597897768021 0.7241082265973091 0.5459345877170563 3.191612854599953 0.4989064857363701 0 0 0.5887052044272423 0 1.838657975196838 0 4.704323679208755 2.979615792632103 22.72132913768291 0.2225261777639389 0.4888545051217079 0.4458221271634102 0 0.2558531686663628 0.5646219402551651 0.1703046709299088 0.3115580677986145 1.562722317874432 31.94930943846703 0.7504535093903542 0 0 3.354117102921009 5.978100836277008 6.652749195694923 10.17580623179674 3.680886328220367 2.350967511534691 7.374480232596397 0.7820559591054916 1.100161582231522 1.188990883529186 0 0 0.1586390286684036 0 1.592588141560555 0 0.6614018753170967 13.1025738120079 11.55906214565039 11.12998288869858 626.9207044839859 56.79871302843094 652.4787918329239 218.2893446236849 224.2127696424723 89.75239729136229 7.890762090682983 273.0238905400038 32.98278506100178 1.474850840866566 16.26294679939747 4.176195785403252 18.36805709451437 0.5141449049115181 0.8918510228395462 4.083371706306934 11.50778386741877 0.3975596129894257
35.33103635162115 764.5883839353919 355.6620042473078 153.9031197503209 7657.085178799927 141.8011674880981 1640.81982447952 209.1429156437516 0 488.332252278924 3106.919423997402 98.42555840313435 486.6909094899893 1232.879574134946 25.81921543180943 5.918911725282669 0.145564004778862 0 0 0.3094961494207382 0.1377581804990768 0 0.1466736048460007 0 0 0.2634103894233704 0.2933223843574524 0.4848020970821381 0.3641698658466339 0 26.07237216085196 5.419207043945789 32.91664882004261 0 0.1722483038902283 0.1977653354406357 11.93103006482124 0.5107097625732422 0.1088640168309212 0.1969791799783707 0 0.9407195895910263 0.2685613930225372 0.7341679558157921 0.2655484080314636 0 106.0068078488111 0.7412646487355232 0 0.7727224826812744 1.311338700354099 0.257591038942337 0.1495587527751923 0.4746023193001747 2.308551736176014 2.187584102153778 7.082792326807976 11.58931854367256 7.771475173532963 10.91664306819439 0.4360454976558685 0 0 13.63176777213812 1.396763615310192 0.969502791762352 0.8461292237043381 1.09691046923399 0.9366004914045334 0.8985465168952942 27.20809721946716 2.606561318039894 0 15.80208715051413 9.898967824876308 40.33022935688496 53.14490361511707 2.782785505056381 0.1172157302498817 10.28923691809177 0.2714803367853165 0.707342840731144 8.738064095377922 0.3107746616005898 0.892445981502533 1.471960790455341 0.9980923607945442 0.1683456972241402 0.6551691889762878 0 0.2408371418714523 0 0.3883402645587921 0.5839714035391808 0.660972848534584 610.5697661787271 5.707256704568863 0 0.4775041043758392 16.02287049591541 1.634582757949829 0 3.035554125905037 0.1727223992347717 2.687925070524216 90.33923941850662 3.922740906476974 93.26799109578133 51.1821753680706 46.37007881700993 2.21132980287075 383.4314281716943 243.0506871342659 210.2662932947278 50.51585611701012 1.23444265127182 0 0.2024146616458893 0 0 0 0.2888105362653732 0 0 0.2607933878898621 0 0 0 0 0 0 0 0 0 2.277435928583145 3.367798179388046 0 0 0 5.261163130402565 3.103740453720093 2.569967910647392 1.085550710558891 0.4253445491194725 0.2477946579456329 0 0 0 0 0 1.37748920917511 1.564846023917198 3.366325877606869 0.1435273736715317 0 0 0 0 0 1.574478551745415 0.09280925989151001 0.3970357477664948 8.105565637350082 0 0 2.318166628479958 11.8620267957449 0.2240827977657318 1.811485648155212 1.181956686079502 0 0.1771057397127151 0 0.1846600472927094 0 0.6977843642234802 41.90005600452423 0.3152548372745514 0 0 0 18.88720251619816 4.353166460990906 10.29417650401592 7.090094342827797 4.123213917016983 9.805650383234024 0 1.186959728598595 0.8858525454998016 0 0 0 0 0 0 0 34.97005322575569 4.771794602274895 1.091784492135048 336.8661477044225 20.53251925110817 271.7912957891822 100.3401825800538 165.5618941262364 48.04878449440002 3.326834194362164 144.8968354314566 9.844464994966984 1.472425892949104 26.96358158439398 2.382138393819332 22.11642388999462 2.521454662084579 0.5235548764467239 1.737605839967728 3.839602366089821 0
1149.922609075904 428.2857547029853 12.00036333501339 1177.713738426566 734.0500294789672 1382.781907111406 3553.038994908333 1.683173179626465 488.332252278924 0 7.063437581062317 1578.014908477664 6965.689861476421 479.0260467082262 0.6323834210634232 0.5864803344011307 0.1265724748373032 0 0 0 0 0 0 0 0 0 0 0 0 0 12.30549451708794 0.6657162755727768 58.16294963657856 0 0 0.7990397214889526 42.55040508508682 0 0 0.6218240857124329 0 0 0.3140112459659576 0 0 0 14.25972381979227 0.5948860049247742 0 0 0.1735290214419365 0 0 0 1.037610456347466 0.414779469370842 19.68250352889299 49.77859503030777 8.882076345384121 4.209412805736065 0 0 0 2.354945525527 0.09330248832702637 0.2700548022985458 0.08401767909526825 0.2869748771190643 0 0 149.842621088028 0.9462932050228119 0 24.49948409944773 3.61879738420248 4.433189362287521 1.994490191340446 0 0 2.982645854353905 0 1.040890470147133 5.213545806705952 0.09713255614042282 0.3774997070431709 0.706337995827198 0 0 0.2678253799676895 0 0 0 0.1403278261423111 0 0 845.2849368751049 0 0 1.095894932746887 164.4449736773968 12.27369211614132 33.02344286441803 267.0774897187948 469.054542645812 0.5466372668743134 51.94193835556507 126.4823782145977 46.15024217963219 68.04809157550335 36.22386786341667 0.2712249755859375 172.8433706015348 95.10225167870522 97.33865457773209 20.18093204498291 0.1658439934253693 0.1127806231379509 0 0 0 0 0.1580533087253571 0 0 0 0 0.1290540099143982 0 0 0 0 0 0 0 3.731427073478699 1.455548167228699 0.198471412062645 0 0 0.3739678114652634 0 0.5075070112943649 0 0 0.2124673128128052 0 0 0 0 0 0 0.7667837291955948 1.861040569841862 0.1624968498945236 0 0 0 0.1217959076166153 0 1.104219987988472 0.4048093110322952 0.7350159734487534 8.401589751243591 0.2040093243122101 0 0.9788540601730347 3.865906253457069 0.3103440999984741 1.491077907383442 0.781040757894516 0 0.5040211006999016 0 0.1002160608768463 0 0.9956016540527344 11.77901300787926 0 0 0 0.1241456270217896 3.755982674658298 0.4448115676641464 2.500823140144348 4.07538565248251 2.258915305137634 5.25856002420187 0.6981707215309143 0.3321022391319275 0.1020714417099953 0 0 0 0 0 0 0 16.2893833220005 1.358747571706772 0.1759802550077438 17.72739212960005 1.907054327428341 25.80252204835415 6.939639933407307 588.9789369255304 7.774052202701569 0.153146043419838 6.19751638174057 1.908825397491455 0.3948978409171104 8.323382511734962 0.6289779394865036 38.25349761545658 1.191250957548618 0.185180127620697 0 208.5007463246584 8.789606302976608
757.6638916507363 3147.590187609196 4249.619051657617 1.530752077698708 761.726191163063 17.60195191204548 296.4614987671375 3329.514425076544 3106.919423997402 7.063437581062317 0 89.49229165911674 931.8596486896276 4660.470826640725 139.200771689415 72.42045868188143 1.882066778838634 1.417489245533943 1.096124470233917 4.653332374989986 26.5743514969945 5.346497252583504 2.682488530874252 1.002612799406052 4.439402416348457 4.843583673238754 6.617427945137024 3.663880854845047 1.726018153131008 0.2509346157312393 889.8628329783678 259.3759815320373 1154.939867682755 0.4666372463107109 5.131483033299446 4.951188266277313 293.9992632046342 5.91756409406662 8.986029073596001 22.83053909242153 25.76135777682066 6.409432932734489 18.1142123490572 12.20349483937025 1.745184943079948 9.969298630952835 398.0824449807405 10.92516954988241 3.561826698482037 15.43518386036158 4.072918094694614 1.626113399863243 1.658349826931953 3.973792314529419 7.633504040539265 8.676865629851818 61.28740382194519 223.5238816514611 43.34226452559233 70.77950648963451 18.11466740071774 90.73286063224077 7.035516425967216 221.5905898734927 3.856895931065083 7.899729087948799 3.654089078307152 7.537018872797489 28.92328772693872 65.55856614559889 312.294464096427 37.09967267513275 1.073117956519127 123.7235170900822 81.18655427545309 187.5950211361051 253.1019446253777 41.22830490022898 163.0172745063901 735.7590732499957 28.8129318729043 81.85701541602612 36.37379616498947 1.824060440063477 5.951219789683819 9.943402677774429 8.946894124150276 0.6585810482501984 3.13661665469408 0.2683034986257553 1.268004655838013 1.550772652029991 55.63181399554014 14.28117720037699 7.426595434546471 409.2971895188093 76.86595276743174 0.9199889600276947 4.625404112040997 100.3749143406749 3.254189655184746 0 1.824800811707973 0 1.224057883024216 24.17269338667393 0.3904854357242584 18.79119232296944 16.6741601973772 12.93003544211388 0.4486502707004547 182.2681026160717 113.3232570439577 136.599624350667 69.64343908429146 2.341041222214699 2.500312849879265 0 0.3500936031341553 0 0.3159123957157135 2.867175206542015 0 0.8402149975299835 2.221996694803238 0.493318647146225 0.1543908268213272 1.582835584878922 0.2199410796165466 0.9621977359056473 0.4483360946178436 0.1626787185668945 0.4829813838005066 0.1663476973772049 2.978615313768387 9.159514129161835 0 1.383557558059692 0.1622658967971802 20.34925980865955 8.315233826637268 11.59287995845079 7.808237366378307 5.093711718916893 0.7724732980132103 0.3842518031597137 0.7705335319042206 0.1448720246553421 0.9667471200227737 1.603363759815693 0.185802087187767 4.436712369322777 13.49415767937899 1.534868329763412 0.1852920651435852 0.3327927440404892 1.254146069288254 2.365767396986485 0 1.150932461023331 0.4616881385445595 0.2734819054603577 9.912080764770508 0 3.119600601494312 7.656692534685135 71.80331879109144 1.326038584113121 2.502144411206245 2.07155267894268 0.3922624960541725 0.3755150511860847 0.5829579681158066 0.2815661281347275 0.2424002513289452 1.122760973870754 92.85100288689137 2.89804045855999 0.1306189447641373 0 1.374796584248543 20.26421174407005 20.56438366323709 41.33489155769348 8.063403114676476 6.56728883087635 13.13640726357698 0.9493685364723206 2.887272842228413 2.35539048910141 0.09231356531381607 0 0 0.2621830999851227 0.2841262891888618 0.2150909304618835 0.2962744683027267 57.06517773866653 35.32331483066082 21.1945256665349 1056.883857876062 70.28997524827719 775.2550124451518 332.2154586017132 361.3383821621537 121.7968602180481 10.02232291549444 472.8869846463203 28.28871592879295 4.206911668181419 37.66711066663265 8.057815797626972 31.78395351022482 5.511910483241081 0.4123862087726593 3.196747936308384 12.53132779896259 0.2452805489301682
87.59357680380344 98.41494147479534 9.057867527008057 226.4050385057926 133.6015134453773 527.9476423412561 263.6559938192368 12.26725922524929 98.42555840313435 1578.014908477664 89.49229165911674 0 2935.588076144457 246.8254188150167 4.017709359526634 3.116248942911625 0 0 0 0 0.1238107159733772 0 0 0 0 0 0 0 0.158449798822403 0 3.20285327732563 3.150350779294968 59.92507798969746 0 0.1358524113893509 1.08338463306427 59.79334546625614 0.6375386714935303 0.3862178921699524 1.697029277682304 0.3702941089868546 0 0.1299973726272583 0.2707148939371109 0 0.4067516699433327 12.62902307510376 0.1425191015005112 0 0.3496500551700592 0.2471704855561256 0.3441478610038757 0.8883452415466309 0.1363635063171387 0.2743501663208008 0 6.406336337327957 4.622714959084988 2.729662887752056 1.358787901699543 0.1716078668832779 1.176523968577385 0 6.882049642503262 0 0 0 0 0.3549791127443314 0.3343321233987808 225.1369265317917 21.5174348205328 0.2932971119880676 6.566200882196426 1.602998465299606 3.195409402251244 7.275659620761871 0.7095816284418106 0.2855046093463898 16.78177133202553 0.6155762672424316 0.2473463863134384 1.466546952724457 0 0.461851567029953 0.1768430843949318 0 0 0 0 0 0 1.049399614334106 0 0.2920192927122116 2018.316909611225 21.13252459466457 0 4.760172158479691 37.21290458738804 2.465107277035713 1.655469089746475 2.526080772280693 0.2658775448799133 3.062985122203827 61.60924911499023 0.9778924435377121 59.36221541464329 32.48739568889141 25.23135517537594 0.9944333583116531 304.8343401029706 198.1074883192778 227.451484054327 61.04119046032429 0.9441768079996109 0.5637127608060837 0 0 0 0.1627449691295624 2.103449746966362 0 1.038222476840019 0.5860091894865036 0 0 0 0 0 0 0 0 0 2.50943486392498 5.197165757417679 0 0 0 12.91612184047699 1.42895882576704 5.156700000166893 1.442567825317383 0.559554822742939 0 0 0.1479225754737854 0 0 0 0 3.055854760110378 6.576987542212009 0.5895001590251923 0.2039298266172409 0 0.3317776620388031 0.9182738959789276 0.1664590239524841 1.167725160717964 0.1144588813185692 0.597311943769455 7.485535651445389 0 0.6721020340919495 1.303656399250031 31.77327628433704 0.4581419825553894 1.036637172102928 2.027431577444077 0 0.1288848519325256 0 0 0.5364142656326294 2.420190572738647 69.82595320045948 1.468399554491043 0 0 0 24.09352837502956 9.071607440710068 16.7070881575346 9.310387767851353 4.155829459428787 12.44620075076818 0.2581294775009155 1.46615819633007 2.139937177300453 0 0 0 0 0 0.9353775978088379 0 58.78003250062466 22.78875561058521 5.214380942285061 55.13956302404404 0.8303148970007896 21.3296826928854 6.725562416017056 146.4105724990368 6.567732445895672 0.1174497753381729 16.06297367066145 7.566382072865963 0.4874387830495834 34.1748191267252 4.714923329651356 20.63765412569046 2.867905870079994 0 2.725875496864319 15.24939058721066 0
123.3880419209599 569.9944752156734 60.11737850308418 1054.502129435539 1399.018555797637 474.1016288846731 3610.517481431365 131.0400884896517 486.6909094899893 6965.689861476421 931.8596486896276 2935.588076144457 0 1399.358607843518 19.97930629551411 11.55793854594231 0.3559180051088333 0 0 0.1556556522846222 0.805873841047287 3.237481296062469 0 0 0 0.947726845741272 0.7335835099220276 3.233970403671265 0 0.1526515781879425 16.6836791485548 14.44774630665779 378.4469481259584 0 0.1619474589824677 0.9939267039299011 159.749533906579 3.441952645778656 45.99214869737625 10.84420835971832 1.291840344667435 0.4311291873455048 0.4590068012475967 2.184318609535694 0 1.458303600549698 41.11085761338472 0.4745823740959167 0 0.3132731318473816 0.4157137721776962 3.530942216515541 4.108423084020615 0.6417934596538544 0.4629687294363976 0.8835535049438477 6.331221483647823 8.36617736518383 5.42595536261797 5.594863951206207 2.893892638385296 20.72902439534664 0 28.87849204242229 0.09196081757545471 0.2920202314853668 0.5688915997743607 1.02253782004118 0.271001398563385 4.188704639673233 630.0235171616077 41.09100791811943 0.378271758556366 10.52055517584085 8.404948860406876 21.70631260424852 30.15275939553976 4.684745118021965 1.9815673828125 132.1053213179111 9.046410143375397 7.884672373533249 3.452765233814716 0.237366147339344 1.391547575592995 1.135985359549522 0.5683773756027222 0.2974202632904053 0.3041183799505234 0.2480700016021729 0.1561373323202133 0.4758743792772293 4.36283428221941 1.433777645230293 1.404050871729851 4473.135196775198 44.4851238578558 1.440320998430252 6.220013827085495 40.29333294928074 4.552709132432938 1.250248461961746 28.71579134464264 51.83946008980274 2.644397065043449 97.9630730599165 7.880852952599525 106.5141330510378 129.6776054352522 71.89588235318661 2.768352270126343 590.9498037099838 449.4090803712606 382.8304023966193 123.7705334573984 3.395359396934509 1.173144951462746 0 0 0.1900014281272888 0 4.305482566356659 0 0.5880160629749298 0.9785007387399673 0 0 0 0.2892610132694244 0.1551437675952911 0 0 0.1385279893875122 0.2094737887382507 7.057062774896622 11.5056194216013 0 0.2049668878316879 0.6511939167976379 26.92585724592209 4.945282906293869 16.20865454524755 2.299484439194202 0.4793962240219116 0 0.2461991459131241 0.3436855375766754 0.1205398440361023 2.199116617441177 1.168722584843636 0 6.050664596259594 18.1516247689724 1.173634864389896 0.167879730463028 0 0.1743467301130295 0.1966104805469513 0.2571769058704376 1.291626751422882 0.297994427382946 2.217505946755409 8.587266236543655 0.1895367056131363 1.47147998213768 4.177938997745514 67.48088863492012 1.877095490694046 3.198604092001915 2.22866628319025 0.5602041035890579 0.3597820475697517 1.257737174630165 0.144845262169838 0.1415090262889862 4.436731219291687 200.2913563847542 1.961537808179855 0 0 0.4457295313477516 42.65208503603935 19.43775717914104 38.5203098654747 14.24795380234718 10.48209976404905 26.43003585934639 1.463179886341095 3.870364166796207 3.744835838675499 0 0 0 0.3383876010775566 0.7513446882367134 0 0 152.2200985848904 44.84151719510555 11.88457229733467 202.9488673657179 10.53597428649664 93.76777415722609 48.13423703610897 187.0704136192799 16.32237663865089 1.429507575929165 69.47322104126215 17.84090881049633 4.111663371324539 58.50141485780478 7.342457465827465 57.38584315776825 7.078473187983036 0.5484957471489906 4.692799136042595 3.435781389474869 0
