0 4885.915059551597 791.5572821199894 676.8641076683998 833.3636689633131 64.72055811434984 683.9621328189969 95.73807832598686 130.2148738503456 897.9749657958746 383.8308619633317 1045.014659330249 1307.776542365551 243.9396031051874 1.10731540620327 0.283602699637413 0.153429850935936 0 0 0 0.5853009074926376 0.315561056137085 0 0 0 0 0 0.2845626622438431 0.2213364988565445 0 243.3710845187306 2.195002764463425 14.36894872784615 0 0 0 13.43246914446354 0.1989719420671463 0.7625333964824677 0.1529953628778458 0.3093354403972626 0.6913309991359711 0 0.4280130714178085 0 0 10.20026487112045 1.889389239251614 0 0 0.2130010649561882 0 0.2707439959049225 0 12.16023945808411 22.97329274564981 129.6783036887646 1828.320635147393 45.9960729777813 3.946941740810871 0 1.300467789173126 0 1.95766906440258 6.956569835543633 1.673211596906185 0.6485222429037094 0.1143077686429024 0 0.4209468364715576 46.72846537828445 6.82921901345253 0 220.3535932078958 5.752782136201859 7.077404849231243 3.186470255255699 4.750576548278332 0.6637236699461937 63.35188527405262 0.1097351461648941 4.86838311702013 14.0221783220768 0.2904421091079712 3.481321468949318 3.656311199069023 0.1147511005401611 0 0.8254046961665154 0.1302006095647812 0 0.1811561733484268 0.4721716493368149 0 0 259.7207919955254 12.47612376511097 0 1.550735101103783 564.6999231874943 0 0 0 0 0.465093582868576 0.8489650338888168 0 0.4226222634315491 0 0.5956435203552246 0 0.781753271818161 1.375104442238808 1.792269676923752 0.4400713890790939 0 0.7232876121997833 0 0 0 0 0 0 0 0 0 0 0 0 0 0 0 0 0 0 1.318230181932449 0 0 0.1432420164346695 0.447508692741394 0.2164459377527237 0.830265074968338 0.2611653655767441 0.3333396315574646 0 0 0 0 0 0.3797366917133331 0 0.349270761013031 0.5188026875257492 0 0 0 0 0 0 0 0 0.2245443165302277 0.7019480466842651 0 0 0.2503620684146881 1.23009766638279 0 0 0.1311868131160736 0 0 0 0 0 0 3.934731885790825 0 0 0 0 1.658062979578972 0 0.3302416056394577 0.4988991022109985 0 0 0 0 0 0 0 0 0 0 0 0 3.491228133440018 0.9343593865633011 0 49.64671390503645 6.513702809810638 71.81747167557478 9.615436755120754 681.9376176148653 25.42332961410284 2.345913402736187 8.801621422171593 2.361739546060562 0.07789583504199982 1.27082397043705 0.163153737783432 0.5294297188520432 0 0 0 0 0.2603862583637238
4885.915059551597 0 1532.524762056768 436.1138772070408 5151.441623993218 538.4893235191703 4102.761951886117 331.1722896918654 988.4733232185245 543.6733619719744 2945.985268034041 508.8255916014314 3573.844683282077 1123.807956062257 12.35480491816998 2.257251292467117 1.430700361728668 0.3375131189823151 0 0 1.239843189716339 0 0.1620816886425018 0.1534210294485092 0.125678613781929 1.020854696631432 0.1700120121240616 1.328080803155899 0.6504760682582855 0.2881302982568741 2208.24836217612 9.828862950205803 21.76097660511732 0 0.3735795691609383 0.2655968070030212 27.00228309631348 0 0.9001103341579437 0.3291259706020355 0.8474337607622147 1.862204372882843 0 1.230705797672272 0.4015641063451767 0.2593735158443451 173.918256290257 20.94056852906942 0.1985657960176468 0 5.377444483339787 0 0.1894627213478088 0.20750792324543 54.41800186038017 152.8697754368186 159.6708264425397 1614.519055269659 99.70701908320189 34.47860170155764 0.7945355325937271 3.970839872956276 0 212.5429097935557 54.78287487477064 35.87305078655481 13.85747314989567 9.044062957167625 0.809541754424572 3.246061488986015 33.28084032982588 0.3722094893455505 0 587.1329798921943 142.3029978573322 63.54270651191473 77.262610681355 13.45561823248863 0.5197854042053223 166.1317180022597 1.521691523492336 6.792461328208447 96.89537585526705 3.789675563573837 45.48688818514347 35.02712077647448 7.652131088078022 0.5087616443634033 12.31855473667383 0 2.26303306221962 0 0.6050122305750847 1.495322205126286 1.199350774288177 235.9921671003103 1.828800335526466 0 1.610407441854477 1201.567630931735 0.6417973637580872 0 1.257586002349854 0 0 0 2.862013518810272 1.56936614215374 1.61839696764946 0.2177602797746658 0 6.155241966247559 5.828163266181946 7.930639788508415 0.9642896056175232 0.2508670687675476 1.255673944950104 0 0 0 0 0.2115815132856369 0 0.1498443782329559 0 0 0.1589640825986862 0 0 0 0 0 0 0 0 6.04060235619545 0.3793543875217438 0.8819850236177444 0 3.28956837952137 1.217298686504364 3.336399830877781 0.6409625709056854 0.7247647643089294 0 0 0 0.1881794929504395 0.8950272798538208 1.192866131663322 0 0.3138087093830109 1.074335664510727 0 0 0 0 0.4559079706668854 0 0.357875257730484 0.2248060181736946 0 0.3451197445392609 0 0 2.143343821167946 4.42103236913681 0 0 0.5819062292575836 0 0 0.3538216352462769 0.1106963455677032 0 0.5577312782406807 12.58281296491623 0.3792379796504974 0 0 0.1420695930719376 5.392712309956551 3.847282558679581 4.964457228779793 1.014372400939465 1.000251919031143 0.2955051362514496 0 0 0.58732570707798 0 0 0 0.2370323985815048 0 0.1218334585428238 0 14.86764912307262 2.807109609246254 1.888203330338001 475.6572941094637 62.02145414054394 848.6333050578833 121.9237284958363 2119.472778365016 156.263920918107 23.68456576019526 150.1086219027638 12.60647258162498 0.9263936951756477 5.818433225154877 0.4105897396802902 10.0166050195694 0 0 1.189521580934525 2.028974205255508 2.160061255097389
791.5572821199894 1532.524762056768 0 4.046584725379944 1376.823761403561 174.0849393755198 89.45249463617802 1552.432076573372 472.4661386758089 8.835446730256081 4339.270165830851 19.29393255710602 207.8735676929355 773.0170623511076 10.68969312310219 7.202192351222038 7.774305291473866 0.1794798374176025 0.7058683633804321 2.502964586019516 72.3242579549551 0 12.39467518776655 2.627160862088203 15.03788542747498 21.83971233665943 15.3498702943325 2.528956070542336 0.6727841794490814 1.358715608716011 5228.538454025984 470.6584168970585 56.64038777351379 3.098141849040985 13.00760169327259 38.89957013726234 50.85057237744331 16.32120920717716 19.9983119815588 31.27274115383625 28.35788378119469 3.450502797961235 0.7647345364093781 3.49234265089035 1.188024431467056 1.674702271819115 47.01306409388781 6.784447386860847 0.1235260143876076 1.088867336511612 3.184720225632191 0.3542320281267166 2.867235019803047 1.123851150274277 14.6762367784977 42.05762213468552 135.6314850747585 2061.743502438068 46.66143070906401 10.31827845424414 11.55116338282824 26.30902278423309 11.05881890654564 391.9907744526863 13.88995277136564 6.813328184187412 2.894995845854282 7.112373776733875 10.7273363918066 66.80961591005325 47.42716896533966 2.781804636120796 0.2880173027515411 415.440096758306 230.3687730878592 30.15579807758331 56.27663514763117 28.78829895704985 120.7393496632576 996.1838781014085 12.84605156630278 371.0801690518856 27.68775378167629 0.2332574874162674 8.683265194296837 10.04325443506241 2.820508256554604 0.370677687227726 3.076560609042645 0 0.5210239812731743 0.37090764939785 36.01441295444965 10.32502392679453 2.720109462738037 37.66656394302845 5.157258838415146 0 2.764565050601959 609.1344914212823 0 0.3764880001544952 0 0 0 0 0 0 0 0 0 0 0 0.9626764059066772 0.3473339527845383 0.8939487040042877 0.2412969619035721 0 0.8420268520712852 0 0 0.1576128154993057 0 2.065472081303596 0.3078921586275101 0.3546306788921356 1.23296944797039 0 1.002586022019386 0.3230496495962143 0.319133073091507 0 1.598813951015472 0.1175088509917259 0 2.068373069167137 0 0.4328546822071075 1.058630391955376 1.147448927164078 2.704816170036793 2.912671752274036 2.415141895413399 2.356202356517315 0.3010113537311554 0.8638264536857605 0 1.07257866859436 1.17990905046463 1.035013936460018 0.425905168056488 0 0.508653998374939 0.1819090843200684 0 0.2037838995456696 0.3177641928195953 1.224025920033455 0 0.4585081189870834 0.08344664424657822 0 0.3001222312450409 0 0.6257614493370056 0.8851693570613861 1.783440470695496 0.1781434267759323 0 0.1756465435028076 0.6024319231510162 0.106557585299015 0 0 0 0.3604389578104019 3.587605819106102 0.3790709674358368 0 0 0 1.934579998254776 1.908571481704712 2.280654281377792 0 0 0.137624055147171 0.130853459239006 0 0 0 0 0 0 0 0 0 1.755049377679825 2.741029739379883 1.215081363916397 128.1403864473104 17.83789714425802 183.4782363325357 30.13841663300991 1567.64103808254 37.12778079509735 4.84217569231987 26.21297374367714 4.281032010912895 0.6484462320804596 1.48504850268364 0.4241259694099426 2.916797995567322 0 0 0 1.808421596884727 1.368413269519806
676.8641076683998 436.1138772070408 4.046584725379944 0 70.69686821103096 216.103645786643 358.0133769959211 0.353275790810585 48.22300127148628 414.261068969965 6.045432582497597 2181.227760061622 2528.923724144697 238.9056805670261 2.275070063769817 1.24404402077198 0.4022277295589447 0.3624601662158966 0 0 0.1643773466348648 0 0 0.1575208455324173 0 0.1783483326435089 0 0 0 0 7.561041817069054 0.7539870738983154 1.581974267959595 0 0 0.1675642877817154 2.501465514302254 0 0.1759468913078308 0 0.2812140136957169 0 0 0.7178180068731308 0 0 5.651544608175755 0 0 0 0 0 0 0 2.031947433948517 2.217912584543228 5.658276423811913 37.5044402629137 3.581396877765656 1.357588678598404 0 0.1479021608829498 0 2.200478777289391 1.09107681363821 0.3288473263382912 0.5164663940668106 0 0.6315038949251175 0 9.234354212880135 0.9951701462268829 0 13.89270123839378 1.391999065876007 2.643990069627762 2.26771779358387 6.17005130648613 0.3589849919080734 10.13638800382614 0 1.186283797025681 2.144034028053284 0 0.6601148918271065 0.462074302136898 0.1636567562818527 0 0 0 0.149464949965477 0 0.4580983221530914 0 0 139.8639231324196 0.43568055331707 0.2376309633255005 0.5453956127166748 115.14719645679 0 0 0 0 0 0.8429040163755417 0 0.7025189697742462 0 0 0 0.9596396833658218 3.459024220705032 2.104290872812271 1.064893051981926 0 0.8024241030216217 0 0 0 0 0 0 0.2169467955827713 0 0 0.9145277738571167 0 0.1531035006046295 0 0 0 0 0 0 2.461473613977432 0 0 0.2810800671577454 0.7898342907428741 2.50675405561924 1.691246315836906 0 0 0 0 0 0 0.3578106462955475 0 0 0.2573329210281372 0 0 0.554679811000824 0 0 0 0 0 0 0 0 0 0.297145664691925 0 1.86294412612915 0 0.4208631068468094 0.1996209770441055 0 0 0 0 0 0 6.814389854669571 0 0 0 0 1.659160405397415 2.110021963715553 1.135534137487411 0 0.4504898488521576 0 0 0 0 0 0 0 0 0 0 0 7.314316168427467 2.133630260825157 0.1939211040735245 39.88044737279415 2.951384790241718 27.96589484065771 7.855421096086502 204.8956769257784 5.108274087309837 1.18078151345253 12.88578641414642 1.618642196059227 0.4145921468734741 1.680846765637398 0 3.19018280506134 0 0 0.4366451501846313 0.1686834096908569 0.2636673748493195
833.3636689633131 5151.441623993218 1376.823761403561 70.69686821103096 0 50.77506475150585 3130.847459971905 386.3517452999949 6623.840781062841 126.6606656312943 1895.609627261758 41.37358098477125 2364.453565008938 4971.308892741799 17.97211486101151 3.500345483422279 2.352982968091965 0.5722934454679489 0 0 2.03427616506815 0 0.322999507188797 0.2695530727505684 1.015966385602951 1.685869917273521 0.4253391772508621 2.000911220908165 0.7216043472290039 0 645.8395809754729 17.55717128515244 12.90028547495604 0 0 0 18.55228097736835 1.386607974767685 0.4993602633476257 0.9000191017985344 1.422013804316521 1.27025493979454 0.2801399827003479 2.403858624398708 0.3996487110853195 0.7248168587684631 185.019901573658 17.3742939978838 0.5663991719484329 0.3377238512039185 6.793906949460506 0 0 0.8879689648747444 23.72961091995239 85.1941796913743 51.12976117432117 333.7073964029551 39.23581009358168 24.73498629033566 0.7895460948348045 3.615172185003757 0.3562073558568954 206.1938344091177 37.61880952119827 26.92558722198009 12.84936936199665 8.818686783313751 1.435231916606426 1.724919453263283 15.76098971068859 0.5903777480125427 0 251.759758003056 124.6849320679903 64.69465512037277 102.1094533205032 36.95238861441612 3.673963278532028 79.63101597130299 1.048790648579597 7.471829853951931 49.2738584280014 1.200650855898857 32.84163676202297 25.72085987776518 5.911995910108089 0.08988159149885178 8.914153508841991 0.1227381154894829 2.264851167798042 0.7072660028934479 2.082934148609638 1.303520366549492 2.905106507241726 200.7653591036797 1.60152468085289 0 0.8184280097484589 143.0290589630604 0 0.4956592321395874 0 0 0 4.035212486982346 0 0.7169340252876282 0 1.941799372434616 0 3.75206983089447 13.40161722898483 6.97371232509613 2.278703451156616 0 1.095504716038704 0 0.5260462164878845 0 0 0 0 0 0 0 0.762700080871582 0 0.169933021068573 0.7694358825683594 0.1264111995697021 0 0 0 0.6480953097343445 6.618239924311638 0 0.6376198530197144 0.8428309112787247 3.418161451816559 3.129671961069107 2.739598385989666 0.5958258062601089 0.3536616414785385 0 0.1347052752971649 0 0.7724761664867401 2.781905651092529 0.2061616331338882 0.1809326112270355 0.6341789364814758 1.37936544418335 0.2496943920850754 0 0 0 0.3711729496717453 0 0.7485285401344299 0.08922199159860611 0.7119823545217514 0.4336736798286438 0 0.183151975274086 2.437642127275467 4.896543115377426 0.4673688113689423 0.7349478602409363 0.1612569540739059 0 0 0 0 0 0 18.52601976692677 0 0 0 0 8.217387095093727 8.37114129960537 3.538914889097214 1.078013509511948 0 0.3745972514152527 0.8629487454891205 0 0.2967824190855026 0 0.1185896173119545 0 0.2374695986509323 0 0 0 21.75898599624634 3.745100378990173 1.354300379753113 605.9453279301524 86.79024074226618 851.0612263828516 169.8750911206007 592.5159036964178 130.3673034086823 17.86338729411364 175.6724743396044 7.233000040054321 1.070143952965736 5.479657962918282 0.8107434585690498 14.29448390007019 0 0.3620749413967133 1.417851701378822 3.745826750993729 2.257619842886925
64.72055811434984 538.4893235191703 174.0849393755198 216.103645786643 50.77506475150585 0 192.6214753389359 3.226349860429764 39.052100867033 357.0933987647295 22.50002934038639 761.2355333566666 605.7318926006556 82.30329923331738 0.5608643963932991 0.1350155919790268 0 0 0 0 0.1531193107366562 0.2969458699226379 0 0 0 0.2985049113631248 0.2265107929706573 0 0 0 102.3166021928191 0.444149523973465 18.95268540084362 0 0 0 15.89852886646986 0.924603596329689 7.11234076321125 0.4821299687027931 0.2699465453624725 0 0 0.1677888631820679 0 0 1.86024671792984 0.1430707722902298 0 0 0 2.430897206068039 0 0 1.830421954393387 2.470459796488285 116.0368055552244 125.5345733836293 7.515016280114651 1.349767744541168 0 8.515267595648766 0 0.6472562402486801 0.7407388612627983 0.6885324642062187 0 0.09156620502471924 0 0.1353783011436462 166.2472569942474 59.87750047445297 0.1798157095909119 22.40124227106571 1.162472933530807 1.170504346489906 1.565726853907108 1.3696169257164 0.8639978319406509 26.05834013223648 0 6.409753799438477 1.687890291213989 0.5693159103393555 0.4671892151236534 0.47999656945467 0.2753334194421768 1.825870931148529 0.9924092143774033 6.695975720882416 0.4409598112106323 1.407277479767799 0.1858999878168106 0.1559020429849625 0 438.2585991173983 95.67858946323395 2.942640513181686 8.57201275229454 524.8463140428066 0 0 0 0 0 0 0 0 0 0.4274238049983978 0 0.5676922798156738 2.206178605556488 0.7561860084533691 0.2509291172027588 0 0 0 0.3761434853076935 0 0 0 0 0 0 0 0.2522996068000793 0 0.5163684487342834 0 0 0 0.5327032655477524 0 0 0.3632037937641144 0 0 0 0.2996114790439606 0 1.016417071223259 2.236028447747231 1.558919385075569 0 0 0 0 0.1995339095592499 0.2619205713272095 0 0 0.2682132124900818 0 0 0 0 0 0 0.4179358184337616 0 0 0 0 0 0.3546566218137741 0.3220775723457336 0 0 0 0 0 0 0 0 0 3.149387836456299 0.2674875855445862 0 0 0 0.4634750485420227 2.862446010112762 0.7306285351514816 0.5625147819519043 0 0 0 0 0 0 0 0 0 0 0 0 3.3711027354002 0.2482062429189682 1.433141246438026 16.32025983929634 1.438883066177368 18.2073914706707 3.766212850809097 348.1506081297994 4.069894373416901 0.2313757985830307 5.000268131494522 1.280482336878777 0 1.373631164431572 0 0.2764336168766022 0 0 0 0.125804215669632 0
683.9621328189969 4102.761951886117 89.45249463617802 358.0133769959211 3130.847459971905 192.6214753389359 0 8.399764344096184 1145.303863577545 1096.14474658668 152.8185719996691 404.0775762945414 7730.435280621052 1377.478681743145 19.99117189645767 5.136053487658501 1.240639217197895 0.4138767421245575 0 0.6164756789803505 0.2375961393117905 0.2176403403282166 0.2376954331994057 0.3676787912845612 0 2.91526173055172 0 3.150400228798389 1.852744400501251 0.9473639875650406 211.2294672057033 8.055273480713367 6.037394098937511 0.1783130168914795 0 0.6810533180832863 8.606515266001225 0.574411928653717 0.7264377400279045 0.5748490393161774 1.317577570676804 1.229446724057198 0 2.401132419705391 0.2150366455316544 0.1755550354719162 199.7317734062672 17.92083116620779 0.1651143878698349 0.1641208082437515 7.070406168699265 0.4796046763658524 0.1058818846940994 1.863980010151863 29.95735806971788 91.81870878487825 54.66851521283388 229.7202326282859 48.42719291895628 24.54696563631296 1.075623065233231 2.928703732788563 0.257649689912796 173.3299798890948 38.52084658294916 28.35604964196682 12.09140573441982 10.10285782814026 1.165709957480431 1.462803527712822 31.68062526732683 1.804843753576279 0 244.1172294765711 102.0363663882017 63.44506878405809 86.76879815012217 41.15267636626959 2.479965135455132 19.06587083637714 1.094793148338795 8.917173475027084 54.95375945419073 1.031799010932446 37.09538092464209 29.56732224673033 6.644409440457821 0.5141618624329567 10.28111077845097 0.1816907823085785 2.169889681041241 0.6606370136141777 1.969458654522896 1.972192265093327 1.832629635930061 645.9689355269074 5.353257074952126 0 0.2599695026874542 123.6328188255429 0 1.671148180961609 2.647978156805038 1.647636830806732 0 7.582876712083817 0.9016326069831848 6.327562838792801 2.474265933036804 6.164112865924835 0.8295687437057495 15.51964823901653 34.66109821200371 21.94637031853199 7.8379987180233 0.4458173215389252 5.108079582452774 0 0.8356887102127075 0 0 0.8993169218301773 0 1.783394992351532 0 0.2015942335128784 1.98051980137825 0.6742550432682037 0.9314418882131577 0 0.1793622225522995 0 0 0 0.5778589844703674 29.70843383669853 0.6356809139251709 1.255557611584663 1.354326352477074 5.54065515100956 7.56317637860775 8.220860973000526 1.628352165222168 1.607605069875717 0.3889081180095673 0.1502099186182022 0 4.544837146997452 1.335382044315338 1.112999498844147 0 0 3.960432946681976 0 0 0 1.265551805496216 0.4036959409713745 0 1.596263647079468 0.2004737704992294 1.825962528586388 4.780194848775864 0 1.837182566523552 5.199529379606247 25.61592116951942 0.8157992362976074 1.456445395946503 0.9150889739394188 0.2778147980570793 0.3186476230621338 1.171953484416008 0 0 0.6278220415115356 48.50450390577316 0 0 0 0.1336955577135086 21.43783769011497 20.7764286249876 13.91906532645226 1.590510785579681 0.5963408946990967 2.127053067088127 0 1.09107494354248 0.7872136533260345 0.183244064450264 0.2331978008151054 0 0 0.1078073158860207 0.4101132154464722 0.1291286796331406 55.32283607125282 11.78573516011238 4.129105299711227 752.3114956244826 100.950265198946 956.9575528427958 191.8235583752394 1093.369934678078 153.8928840681911 26.23179960250854 230.9285921528935 20.70485353469849 1.218726269900799 13.58145946264267 2.010888978838921 20.61924539506435 2.01399739086628 0.178206130862236 3.722608774900436 4.56417029350996 1.219290569424629
95.73807832598686 331.1722896918654 1552.432076573372 0.353275790810585 386.3517452999949 3.226349860429764 8.399764344096184 0 166.3753261938691 4.058405712246895 3314.307424239814 12.95819749683142 112.9395624995232 828.3700087964535 39.7475480735302 27.40610340237617 46.40418940782547 3.778830721974373 2.506240487098694 13.30895982682705 233.1323603466153 0.6602843254804611 50.72022596001625 13.23685911297798 36.37321135401726 61.03359287977219 34.47810453176498 11.52453972399235 5.069504208862782 2.180731132626534 1370.053133167326 2308.965132266283 84.84422332793474 17.59619636833668 43.55066928267479 100.6454911679029 105.7104319036007 59.24166183173656 52.46309098601341 80.20656587928534 89.61188788712025 27.87854863703251 10.3980922549963 41.34237796068192 7.899066716432571 15.8731854557991 176.9011968821287 16.27885217219591 6.801379650831223 20.02046689391136 15.92912109196186 3.285212248563766 10.30346666276455 15.90496029704809 10.51783419400454 33.56603349745274 44.76206429302692 408.375767968595 19.55438514053822 15.57907293736935 181.6567271649837 104.2255796790123 22.95780082046986 1626.800323799253 13.61941228806973 11.62607562541962 4.913252100348473 79.64182482659817 160.5475338250399 451.6760582774878 68.67482747137547 10.15869794785976 0.4641547948122025 199.7379665002227 321.6487124860287 72.95098366588354 650.0067626908422 747.1011092960835 1546.94893963635 2006.233509227633 645.7776871994138 2794.786390520632 22.5965636074543 0.6657049506902695 16.66462968289852 11.55335312336683 40.19318183511496 0.2039228156208992 4.873017072677612 0.3737480193376541 1.810496382415295 1.448091864585876 286.5584786981344 50.29602128267288 17.59139977395535 49.90350796282291 13.07435700297356 0.7748815566301346 7.079949513077736 38.38913247734308 0 0 0.5743883848190308 0 0.1669324338436127 2.233003050088882 0 0 0.8624395877122879 1.193414449691772 0 4.236235320568085 5.582823678851128 2.713453814387321 3.072216495871544 2.534231796860695 2.302614524960518 0.5437633097171783 2.301974967122078 0 0.2957528680562973 1.916608229279518 0 4.446780115365982 2.138891503214836 1.823738843202591 4.990039207041264 1.840785652399063 2.930195882916451 3.414388217031956 0.6763717755675316 0.6533293873071671 1.884153872728348 0.526645839214325 0 3.582922160625458 1.367730185389519 2.823940649628639 2.738888934254646 6.472358122467995 10.67925326526165 12.05738682299852 8.432260662317276 8.261587008833885 3.670519933104515 2.07313396781683 0.3852298855781555 3.895854711532593 1.818168729543686 4.548153512179852 2.303607612848282 1.228611260652542 1.264828160405159 0 0.1937599927186966 1.698122046887875 0.4413088858127594 6.337504670023918 0.285391092300415 0.6012378036975861 0.2607425153255463 0 0.5438861846923828 0 3.28272370994091 5.294170886278152 3.738639608025551 0.4231522977352142 0 0.6643187701702118 0.4388563185930252 0 0.1342114955186844 0.7617528438568115 0 4.529866725206375 9.988031655550003 0.1460991352796555 0 0.6316843926906586 1.367891199886799 3.860803335905075 7.732803694903851 5.292977571487427 0 0.2028974145650864 0.4705107808113098 0 0.9911786317825317 0.5585889965295792 0 0 0 0.1259332150220871 0.264373779296875 0.6320035606622696 0.5055113285779953 9.485379442572594 6.7525425106287 7.807408683001995 293.8761190026999 65.44940612465143 431.0633170008659 78.82756596803665 98.3772786706686 28.68303121626377 4.863472439348698 83.87853243947029 9.211088061332703 2.464558854699135 5.01132894307375 0 5.883793026208878 0 0 1.643721893429756 3.06639102101326 2.645407542586327
130.2148738503456 988.4733232185245 472.4661386758089 48.22300127148628 6623.840781062841 39.052100867033 1145.303863577545 166.3753261938691 0 179.0974850207567 1382.889383167028 51.76138591021299 3070.300197429955 4079.608188174665 13.5767428278923 2.185188062489033 1.339290827512741 0.1181935220956802 0 0 0.6232169792056084 0 0.2941682487726212 0.2898734658956528 0 2.817246198654175 0.6230945587158203 1.578428700566292 0.2867561429738998 0.1325533390045166 157.8828895166516 10.69995338469744 13.07409708201885 0.1469298154115677 0 0.2645523697137833 11.49260765314102 0.208812952041626 1.832240462303162 0 0.5838916003704071 0.1477913558483124 0 2.39367763698101 0 0.3033337220549583 102.217549726367 5.341103382408619 0.177858829498291 0 2.071758344769478 0 0.2643633186817169 0.1487517505884171 7.277772955596447 29.63161582499743 18.57649774104357 99.51084358245134 13.4005624204874 9.029342815279961 0.1346452385187149 2.448645919561386 0 57.61656548827887 10.14853995293379 7.418801657855511 3.193540178239346 2.989382348954678 0.2652437463402748 2.165338978171349 20.09107894450426 0.8341979384422302 0 90.28463599830866 38.30361802875996 27.51627036184072 51.32550486922264 38.05719327926636 1.324090272188187 89.12169479578733 1.147494718432426 4.447015903890133 15.03616382926702 0.9700835719704628 11.32855413109064 7.924487113952637 2.359329760074615 0 3.311957634985447 0 0.9606831446290016 0.1311890780925751 0.8585507720708847 0.1358968466520309 1.001151949167252 209.9992218464613 1.332644388079643 0 1.355315744876862 39.57160194218159 0 0 0.8335236310958862 0 0.793756902217865 2.785173997282982 0 1.183776140213013 1.933715462684631 1.888861745595932 0 4.405642956495285 10.42305518686771 7.263589709997177 4.304387643933296 0 1.345861598849297 0 1.463913947343826 0 0 0.5452641248703003 0 0.6521826386451721 0 0 1.067765265703201 0 0.8497844934463501 0.7827606201171875 0.7670294046401978 0.4974962770938873 0.3152692466974258 0.6258119344711304 0 6.960399746894836 0 0.775467723608017 0.2030586302280426 4.89700573682785 3.197986572980881 3.982629328966141 0.2986536622047424 0 0 0.1692645698785782 0.2432293146848679 1.371499538421631 0.6053453385829926 0.5380716919898987 0.3207602053880692 1.055412769317627 2.561333581805229 0 0 0 0 0 0 1.001747220754623 0.1096133217215538 0.2656561136245728 1.016388595104218 0 0.2909057140350342 2.075145021080971 6.031066179275513 0 0.7029334306716919 0 0.1534886807203293 0.3218198716640472 0 0 0.2811756134033203 0 15.35350377857685 0 0 0 0 6.229887157678604 6.752737298607826 3.460741311311722 2.756050884723663 0 0.3790947794914246 0.6212883591651917 0.3266676664352417 0.283453643321991 0.2135315239429474 0 0 0 0 0 0 15.59185083210468 3.888764560222626 1.888489559292793 446.017777569592 35.42741397023201 462.8348345011473 107.4804169908166 269.3599097430706 49.59031980484724 10.24063431471586 129.9795741960406 7.366006016731262 0.5559280142188072 6.613215319812298 0.7390740215778351 5.911200642585754 0.5636690407991409 0 0.8370161652565002 2.460501700639725 1.196380600333214
897.9749657958746 543.6733619719744 8.835446730256081 414.261068969965 126.6606656312943 357.0933987647295 1096.14474658668 4.058405712246895 179.0974850207567 0 16.43078631907701 4223.028617456555 5968.135391704738 611.5821146667004 3.777301296591759 2.775609314441681 0 0 0 0.4050886034965515 0.9520796686410904 0.2040548622608185 0 0 0 0.6547276526689529 0.1928653419017792 0 0.3399163484573364 0.1835542470216751 20.18048477172852 2.924141317605972 18.20122013986111 0 0 0.1745025962591171 50.89127615094185 0.1776068359613419 3.190592885017395 0.2985823601484299 0.3360728025436401 0.3700289577245712 0 0.4691276997327805 0.2176311314105988 0 13.29184939712286 0.6994679495692253 0 0 0.09463082253932953 0.8873072415590286 1.745545923709869 0 2.784872479736805 6.831551693379879 17.08132508397102 76.05084411799908 5.837507367134094 0.9785498231649399 0.408944696187973 3.728924885392189 0 6.019292593002319 1.957508489489555 1.133929878473282 0.744172029197216 0.2267865836620331 0.1838969886302948 0.5468981266021729 148.8224940896034 6.840807840228081 0.1440918147563934 24.79551538825035 3.149548649787903 3.608722418546677 5.309492066502571 11.33814588189125 0.7297279089689255 141.199796050787 0 3.103479906916618 3.082888677716255 0 1.900295481085777 1.296492040157318 0.3314164206385612 0.3864343762397766 0.9083181843161583 0.2169484794139862 0.1497328877449036 0.4451564699411392 1.964870482683182 0.7790692001581192 0.2227267920970917 686.4068014770746 37.10037934780121 0.2050251513719559 5.084753915667534 452.3335884213448 0.1591449379920959 0.2936109006404877 0 3.197809055447578 0.6351218223571777 4.698862612247467 1.839758664369583 0.9017043113708496 4.997047275304794 1.639503419399261 0 25.98211641609669 9.602575734257698 11.33810356259346 4.768456593155861 0 0.8432557582855225 0 0 0 0 0.6142318844795227 0 0.556605264544487 0 0 0 0 0.1987355500459671 0.8217739164829254 0 0 0 0 0.9871385097503662 9.086536630988121 0 1.141087114810944 0.8893459439277649 4.417800590395927 2.015959322452545 5.680126562714577 1.733940586447716 0.5055653005838394 0 0 0 2.046905010938644 0.3760288953781128 0 0 0 0.5881256461143494 0 0 0 0 0 0 0.901457279920578 0.1075076684355736 0 0 0 0 0.7819966375827789 7.077427327632904 0.3670414388179779 0.8906787931919098 0.6083673089742661 0.1028232648968697 0.1287777870893478 0 0 0 0.2343669682741165 15.81686119735241 0 0 0 0 4.91322486102581 8.917108282446861 4.584399670362473 0.9147884845733643 0 0 0 0.59529148042202 0.1324446499347687 0.1214661821722984 0 0 0 0 0 0 14.29251985251904 4.656585723161697 1.850583896040916 135.9851309731603 5.022927932441235 77.91554985940456 14.2919786721468 809.5250918343663 10.21776250749826 1.527125515043736 23.50718247890472 9.55823427438736 0.7746281325817108 5.313454821705818 0.2963080704212189 9.140402793884277 1.605641335248947 0 1.706161081790924 1.115408003330231 0.1898672878742218
383.8308619633317 2945.985268034041 4339.270165830851 6.045432582497597 1895.609627261758 22.50002934038639 152.8185719996691 3314.307424239814 1382.889383167028 16.43078631907701 0 178.5810380131006 1319.021336443722 4784.360486581922 86.73971429467201 52.71502489596605 19.29350284487009 0.9961497634649277 1.081084609031677 3.483613967895508 67.18177750706673 0.8574271649122238 11.45268634706736 6.048057809472084 26.06187174469233 39.8400866240263 15.00951525568962 6.14752721786499 8.119888171553612 1.253627136349678 1207.438299886882 397.5437804013491 1648.348996959627 4.227995797991753 12.03391948342323 55.07035860419273 909.6032434627414 59.07343554496765 97.03134706616402 88.36666832119226 51.33125522732735 23.1690216511488 0.3365449458360672 30.4897283539176 3.520602226257324 2.844152919948101 247.9778255522251 10.56026250869036 0.1588112562894821 1.056267514824867 8.712147124111652 1.023454964160919 14.30645178258419 1.090025991201401 18.65999222546816 53.31878308206797 47.42726249992847 402.7647951692343 30.02941469848156 23.7209729552269 9.853619292378426 149.4397637397051 7.033370360732079 226.7011449337006 20.15840505808592 16.84267570078373 7.741376325488091 9.300571784377098 12.37120974808931 58.56974495202303 549.2598594352603 12.86953040957451 0 220.5744171440601 133.648589104414 96.01567024737597 153.1490687355399 230.6861858740449 388.3018168061972 2385.982311859727 6.288255713880062 903.5687907338142 35.61193624138832 0.6407293230295181 19.15877220034599 16.48023649305105 5.805624090135098 0.5084252804517746 7.644866734743118 0.133576288819313 3.216348126530647 1.286406934261322 44.81023624539375 32.44910275936127 19.71989438682795 225.6251397654414 25.99356509745121 1.409067392349243 58.24603369832039 102.8616213127971 1.490444406867027 0 0.2752747237682343 0 0 2.89703780412674 1.624961033463478 2.189601331949234 0.5517270565032959 1.11953330039978 0.7548970878124237 5.065639913082123 10.94663870334625 10.09722769260406 5.322839364409447 0.5199025571346283 3.364131718873978 0.3960997313261032 3.838554009795189 0.1500167995691299 0 1.538719475269318 0 1.844086199998856 0.3503108620643616 1.101190701127052 1.829920515418053 0.72630575299263 1.975842088460922 1.69447560608387 0.6045514196157455 0.2899742424488068 2.323578685522079 0.6928192377090454 1.113723710179329 7.27088363468647 0.8164983093738556 5.651477068662643 3.29325707256794 10.1994749084115 10.08341307938099 17.20261884480715 6.396255135536194 4.910888887941837 0.3562092334032059 1.357280924916267 0.348938375711441 0.6359397917985916 1.658866748213768 1.747866988182068 0.5932264924049377 1.570677757263184 2.310582309961319 0.1686986237764359 0 0.3889013379812241 0.8002346009016037 1.787432700395584 0 0.5830118358135223 0 0.6374839544296265 1.063884019851685 0.1796800047159195 3.199049115180969 9.814231596887112 13.43793295323849 0.1773694455623627 0.6585808396339417 0.9406686276197433 0.2217845767736435 0.2343528643250465 0.1383373588323593 0 0.2807496190071106 0.4317960441112518 28.64953871071339 1.010596364736557 0 0 0 7.918862819671631 12.59549680352211 9.28371287882328 1.303069561719894 2.135175079107285 1.548736661672592 0.3648030757904053 0.3465056568384171 0.2233803868293762 0 0 0 0.1360763907432556 0.1128981932997704 0 0.1505653858184814 22.30062757432461 13.22646856307983 9.437237165868282 608.5594847276807 85.22387224435806 755.2675901427865 156.3789287209511 344.0198873728514 78.9614712446928 17.63585484027863 229.1137915104628 18.35592612624168 2.003922015428543 8.996618434786797 2.083830982446671 6.730546802282333 1.52010440826416 1.359508335590363 2.812571242451668 8.30788965523243 3.474507048726082
1045.014659330249 508.8255916014314 19.29393255710602 2181.227760061622 41.37358098477125 761.2355333566666 404.0775762945414 12.95819749683142 51.76138591021299 4223.028617456555 178.5810380131006 0 3307.587259992957 365.6517206430435 12.20321669429541 10.98049838095903 1.492220371961594 0.2303184866905212 0 0.2838280200958252 9.653115898370743 0.1710228472948074 0.2537603676319122 0.6293971315026283 0.4852856695652008 4.531397297978401 0.4975340217351913 0.8555628806352615 0 0 18.42094281315804 9.244233682751656 134.1948254406452 0 0.1923126727342606 1.388904184103012 296.6017734706402 7.525017768144608 64.15409977734089 5.098939925432205 5.011610686779022 1.385765895247459 0 6.679871276021004 1.631223440170288 0.3911993354558945 32.52246662974358 1.567067608237267 0 0.315948098897934 1.721818804740906 3.141851246356964 37.43506196141243 0.9186649471521378 6.990400038659573 16.23579940199852 15.56683038920164 56.38614825159311 13.01616151630878 2.2733473777771 1.732001975178719 22.40280386805534 0.3744865655899048 16.59166786074638 4.868656441569328 3.032988950610161 0.9801294207572937 0.8341715559363365 0.9407682865858078 6.128174096345901 800.5623180866241 23.99824592471123 0.521678701043129 49.3263336494565 9.404760599136353 10.01447676867247 14.03604267537594 34.21393988281488 9.753749065101147 301.2703604847193 1.902588933706284 30.9423855394125 7.828784950077534 0.6787596046924591 3.167416848242283 1.797865591943264 0.8873278275132179 1.339039832353592 0.6870633810758591 2.821540474891663 1.05693382024765 0.8241931200027466 9.012319684028625 7.61823770403862 3.239976480603218 2472.847858965397 513.941172465682 5.980663001537323 186.0961841195822 280.8574556559324 0.8793037533760071 0.2907223105430603 2.791092425584793 1.346573159098625 0.5928695797920227 11.17535971105099 2.131047546863556 6.902259320020676 2.343147724866867 5.127115219831467 1.343466073274612 24.47959330677986 34.28118607401848 38.15331266820431 16.02405604720116 1.136147737503052 6.90349817276001 0 6.525036945939064 0.1816419512033463 0 1.303713068366051 0.1414177268743515 2.572917386889458 0.8214243054389954 0.5329179763793945 2.293217197060585 1.245040580630302 0.9594263285398483 1.281396672129631 0.3519993275403976 0.1655433177947998 0.5624803453683853 0.550664022564888 1.582089945673943 39.06166298687458 0 1.832957997918129 2.725906550884247 23.35737091302872 17.52854316681623 24.96053875982761 5.710736595094204 8.952854290604591 0.3783805072307587 1.39159582555294 0 7.945951163768768 4.842519208788872 4.052685216069221 0 3.841194152832031 5.742247760295868 0.9668311178684235 0.2010228633880615 0 0 0.1877532303333282 0.4150347709655762 3.410617560148239 0.2276787534356117 2.556508481502533 2.917412772774696 0.1704457253217697 2.63258421421051 11.84806453436613 36.99124123156071 0.7264723777770996 3.151667296886444 1.648604325950146 1.032681874930859 0.5710454061627388 0.1663258522748947 0.1332542449235916 0.1960419118404388 1.041919156908989 75.13940539956093 2.381884530186653 0 0.340510755777359 0 34.35339567065239 27.37033674120903 28.72004389762878 5.737349465489388 5.61371985077858 2.491880729794502 1.280939474701881 4.359882459044456 1.800705209374428 0 0 0 0.2121220082044601 0 0 0 55.35272435843945 24.67145919799805 14.21551537513733 465.9168291091919 10.72049607336521 204.7934409454465 41.72370874881744 1140.588013991714 20.95954186469316 2.825197465717793 83.88016527146101 39.26389527320862 2.281354188919067 28.2129964157939 2.315189026296139 25.44792419672012 4.433237493038177 0.2421104162931442 2.923829287290573 2.107483193278313 1.329588890075684
1307.776542365551 3573.844683282077 207.8735676929355 2528.923724144697 2364.453565008938 605.7318926006556 7730.435280621052 112.9395624995232 3070.300197429955 5968.135391704738 1319.021336443722 3307.587259992957 0 1914.519310079515 67.41092768311501 32.11164563149214 6.935307875275612 0.4135385900735855 0 1.678252533078194 13.96002043783665 0.4127878546714783 1.701110273599625 1.899611070752144 3.217117056250572 10.29513045400381 2.075214855372906 4.053000941872597 2.295859761536121 0.2806552201509476 119.2579602301121 30.96869687736034 124.3334178999066 0.4158693179488182 1.768990010023117 1.876134112477303 149.761340893805 21.63301874697208 17.54738866537809 7.371335469186306 11.09169387817383 4.151991292834282 0.6910021603107452 14.2691131234169 0.5920165032148361 0.65341717004776 200.2195440232754 8.156801238656044 0 0.6685220301151276 4.382045835256577 1.638381078839302 2.674424916505814 3.269797906279564 15.46474299579859 47.87552966922522 40.24529363960028 153.4204977974296 32.46488752216101 18.19185163080692 1.803613916039467 34.21173450350761 1.692099764943123 62.06015603244305 18.43670336157084 14.00614251941442 5.728898778557777 4.846037149429321 2.149129547178745 13.57144007086754 387.6383798420429 11.88784873485565 0.4946667551994324 137.044475980103 37.91081255674362 63.61057239025831 95.19480407983065 152.9964761435986 14.08732887357473 152.9485219940543 2.941269606351852 26.65821429342031 28.69709388166666 0.8628712296485901 16.8160710260272 13.09561988711357 4.087801858782768 0.7245523780584335 5.559533767402172 0.8243454098701477 1.966779537498951 1.398636341094971 6.967552870512009 6.129648745059967 6.246971100568771 1836.228914096951 64.9169467240572 1.482218056917191 47.13439176976681 233.0612404122949 0 1.40868179500103 0.7911924123764038 0.167887270450592 0.2120226919651031 7.786835595965385 3.117593258619308 4.026028975844383 7.073382943868637 10.07295633852482 0.9365674257278442 29.29333187639713 49.51905539631844 37.45656329393387 15.83391653746367 2.025041818618774 3.926939368247986 0.2282447218894958 0.7001438736915588 0 0 1.181974768638611 0.1783876717090607 2.205886676907539 0.9012021571397781 0.8946559280157089 1.686975970864296 1.136470384895802 0.1174925118684769 1.316034004092216 1.101743936538696 0 0.516482874751091 0 2.045183926820755 36.83569572865963 0.1760199517011642 5.247918695211411 5.746881186962128 23.53641211241484 17.34535779803991 25.96876287460327 5.601834416389465 1.126690357923508 0.1493160128593445 1.671083241701126 0 7.445412501692772 6.487719476222992 4.261035844683647 0.1448342800140381 5.574716046452522 8.033328130841255 0.2086184918880463 0 0.3278807699680328 0.1798210144042969 0.1464512497186661 0.3512973040342331 2.171906694769859 0.3179754689335823 2.342875346541405 1.994183361530304 0 3.642170131206512 11.32733815163374 36.78184945881367 1.443342983722687 1.258945278823376 2.385588027536869 0.4569815844297409 0.1151628941297531 0 0.1171824187040329 0.3419961333274841 0.4740037620067596 96.10623314976692 3.214868903160095 0 0.2820801883935928 0.1943903490900993 37.82843652367592 37.51015865802765 29.67564024031162 3.486507445573807 3.670241951942444 4.467592239379883 0.9074528813362122 2.958001829683781 0.8181351274251938 0.1732015609741211 0 0 0.2119940593838692 0 0.3712552189826965 0.1250025629997253 97.47062051296234 24.37786696851254 11.32813553512096 977.5670825913548 103.0617715939879 819.7681105881929 222.8362748846412 1473.061450496316 106.730362907052 23.85293623805046 333.7783146500587 30.20663024485111 3.338497638702393 22.97043647617102 3.551012553274632 30.26087568700314 1.201640114188194 1.125943839550018 6.577501140534878 7.494365185499191 2.926439508795738
