0 6160.292723536491 669.882788464427 953.6799681037664 1083.394566744566 68.94456417858601 1081.65248811245 55.46015751361847 154.9811980128288 1198.930835574865 441.0469048693776 24.51903414726257 179.7681560218334 141.313596367836 0.6587411165237427 0.6750074476003647 0.1985502988100052 0 0 0 0.1550579816102982 0 0.3250779509544373 0 0.2161410450935364 0.1012826487421989 0 0.1353638023138046 0 0 424.7398463636637 0.1484514623880386 3.750008478760719 0 0.1133629754185677 0 0.998516708612442 0 0 0 0.1872994005680084 0.1316443681716919 0 0.465702623128891 0 0.6330588012933731 21.54764933139086 1.515451230108738 0.104142539203167 0.4351332634687424 0.7167648747563362 0.9856569916009903 0 0 2.590780913829803 6.503388464450836 378.7179934605956 998.8719524294138 21.56752000004053 12.93213950842619 0.1419201493263245 0.7583214864134789 0 2.29066126793623 3.409080117940903 1.139718048274517 0.8808152675628662 0.5742762833833694 0 0.4014026075601578 14.13942147791386 6.252503961324692 0.3890517055988312 183.0496482476592 17.58094584196806 9.948625683784485 1.377328291535378 1.146558344364166 0 47.19403423368931 0.2074185907840729 0.3409227728843689 11.94394916296005 0 4.161780305206776 4.614982791244984 1.394003644585609 0 0.3869232535362244 0 0.4091853126883507 0.231315016746521 0.327276274561882 0.2026794403791428 0.9876734614372253 90.91252116858959 14.05809940397739 0.08508624136447906 1.327799081802368 798.4646271914244 0.4429782181978226 0 1.461409449577332 0 0 0.3691516071557999 0 1.02584445476532 1.827330380678177 1.272989869117737 0 0.9415302276611328 0.2582544982433319 0 0 0 0 0 0 0 0 0 0 0 0 0 0 0 0 0 0 0 0 0 0 0 1.09890341758728 0 0 0.6847366094589233 0 1.011904805898666 0.3719455152750015 0 0 0 0 0 0 0 0 0 0 0 0 0 0 0 0.09456302970647812 0 0 0 0 0 0 0 1.161197245121002 0 0 0 0 0 0 0 0 0 0.6009904742240906 0 0 0.1370449215173721 0 0 0 0 0 0 0 0 0 0 0 0 0 0.09259337931871414 0 0 0 0 0.5836369395256042 0 40.96848621219397 6.313019327819347 56.39702118933201 18.7144593000412 443.722951233387 6.342853374779224 0.5871559828519821 1.49538865685463 1.826073974370956 0.2510015442967415 0.483663022518158 0 0 0 0 0 0 0
6160.292723536491 0 952.3753391727805 975.1774355620146 4436.665071450174 173.8249015212059 4463.780047811568 276.2137200012803 1214.395727217197 2223.46948454529 1341.647464878857 185.4366852790117 1396.500102385879 709.5648580864072 2.066277675330639 0.8130451142787933 0.1263570040464401 0 0 0 0.716242253780365 0 0.5065800473093987 0.3400669991970062 0.1369263976812363 0.8978231251239777 0.2298038154840469 0 0.1749333888292313 0 3187.998949840665 2.614693760871887 10.78217066824436 0 0.1664677560329437 0 10.75730381160975 0 0.2771326676011086 0 0.651660293340683 0.6191755533218384 0 0.790643222630024 0.1290438026189804 0 130.260731831193 8.986563816666603 0.5443346872925758 0.6450652778148651 2.90802650898695 0.3622971773147583 0 0.4257770925760269 4.460662744939327 21.54866027832031 193.5400091037154 1688.230703748763 51.74962876737118 35.56761805713177 0.9032599255442619 2.107796669006348 0 20.68465999513865 17.59946826100349 4.166385270655155 6.256028786301613 3.620226569473743 1.322691805660725 0.8479151725769043 28.37169573456049 2.118007779121399 0 431.2367606237531 85.34942752122879 50.5811608210206 4.685769349336624 3.466547325253487 0.3074620515108109 83.31252162903547 0.9933396354317665 4.413503982126713 47.27154031395912 0.5154684260487556 15.2189217582345 21.55776231735945 5.664351902902126 0.4184925407171249 4.281792178750038 0.1167383566498756 3.412935964763165 1.09649284183979 1.016116574406624 0.5239418372511864 1.312143139541149 37.19432324171066 6.047201305627823 0 0.5350070297718048 2074.981880694628 0.7100499719381332 0 1.717238754034042 0.398287445306778 0.1697965413331985 6.933626979589462 1.579506561160088 6.802553951740265 3.766412764787674 6.774720668792725 0.6806544065475464 8.379950597882271 7.264429345726967 4.986721307039261 2.923250496387482 0.4481368064880371 0 0 0 0 0 0 0 0 0 0 0 1.122817158699036 0 0 0 0 0 0 1.374916791915894 0 0 2.103803634643555 0 6.997788950800896 4.409072816371918 4.492671400308609 0.7547359466552734 0.6714123487472534 0 0 0 0 0 0 0 0.1644201278686523 0.3679709136486053 0 0 0 0 0.2782557606697083 0.3560957908630371 0 0 0 0 0 0 0 7.332032084465027 0 0 0 0 0 0 0 0 0 7.018557533621788 0.5496554374694824 0 0 0 1.713058888912201 2.458900213241577 0 1.013519674539566 0.1947298347949982 0 0 0 0.1302450150251389 0.1441739350557327 0.2446994408965111 0 0.387802429497242 0 0 0 2.0220757573843 2.843344688415527 2.800914868712425 232.4882967025042 35.50040247291327 305.7997530475259 67.33210878074169 400.0376541391015 24.39332418143749 0.8546295091509819 20.94615395367146 5.000271916389465 0.814436674118042 4.40067832171917 1.00135937333107 4.253238141536713 0 0.9177846908569336 0.105819895863533 2.885235190391541 0.3941978216171265
669.882788464427 952.3753391727805 0 90.10026721656322 551.9834494590759 10.89609909057617 174.6512346044183 4683.398374885321 1089.792452514172 65.27532780915499 6682.824060402811 25.89447782188654 132.8012848049402 770.8385384008288 20.50427682697773 9.251569911837578 1.376046881079674 1.605828769505024 0 2.479538537561893 22.17145187407732 0 13.67107948660851 4.379453480243683 17.36647658795118 26.07019680738449 9.180359207093716 3.866546593606472 0.5385014712810516 2.479896008968353 5438.733940936625 381.8557027131319 24.10137497633696 0.7668508738279343 17.18378172814846 17.35342297703028 13.24523057043552 16.0489761531353 0.8547894209623337 4.317686907947063 69.46045360714197 32.72209702432156 4.607743322849274 2.755306333303452 0.3466634750366211 1.593247532844543 120.8774435892701 19.87171407788992 1.43091893196106 5.496867120265961 10.51064874976873 0.9828236699104309 0 4.33412142843008 2.06254006177187 10.60514886677265 96.37358179688454 1159.237844005227 24.82455096393824 31.57618774473667 17.79531809687614 17.03862114995718 0.675245113670826 103.3847315013409 8.764143705368042 4.281220093369484 3.966393426060677 21.50794395059347 20.76170784235001 99.73247211426497 12.57039412856102 1.198348551988602 0 250.7791333571076 93.8317809253931 92.89599550515413 18.14300640672445 15.95327131450176 185.4324179887772 1402.424271516502 16.95543216913939 445.5154459401965 20.59111966192722 0.1854749917984009 10.27901942282915 9.763833165168762 33.9165336638689 0.5363509282469749 1.067507617175579 0 7.119293406605721 1.672077044844627 72.73067235946655 10.39223452657461 11.58378611505032 5.098262399435043 2.39817225933075 0 0.7301430851221085 389.2136510908604 0 0 0 0 0 0.1501070857048035 0 0.2827427834272385 0 1.057032763957977 0 0.6823110282421112 0.4989520758390427 0.3293066620826721 0 0 0 0 0 0.1656275391578674 0 0.1218147277832031 0.1717720627784729 0 0 0.8270693868398666 0 0.2437467724084854 0 0 0.5585243850946426 0 0 0 0 0 0 1.114750042557716 0 0.7926854193210602 0.1300241053104401 4.140903204679489 1.940134510397911 0.3283528983592987 1.133904039859772 0.9907296746969223 0.5223746299743652 0.6097071170806885 0 0 1.375581339001656 0 0 0 0 0.1922634541988373 0.1302508562803268 4.372053012251854 0 0 0.08376915007829666 0 0 0 0 0 3.554368019104004 0 0 0 0 0.1249210983514786 0 0 0 0.4317239820957184 0.3020946085453033 0.6805797815322876 0 0.3578600287437439 0.6583201885223389 0.3459005653858185 0 0 0.1178341656923294 0 0 0.4912066161632538 0 0 0 0 0 0.2409321963787079 0.1357280761003494 0 0 0 0.1901788264513016 0.5797865018248558 130.7200026661158 30.05591373890638 187.1645359769464 53.61380811035633 61.18539620935917 14.37281125038862 0.7880712077021599 23.22206202149391 3.501971811056137 1.432461477816105 1.840598821640015 0.9689705893397331 0 0.1740486919879913 0 0.2335682660341263 4.79150015860796 0.4616557955741882
953.6799681037664 975.1774355620146 90.10026721656322 0 298.8997591435909 450.6679598093033 1014.249255999923 0.862476646900177 119.4426086843014 1059.562097609043 31.06737796962261 82.32075971364975 1218.971051827073 18.64876432716846 0.121503010392189 0 0.1795805543661118 0.1238725706934929 0 0 0 0 0 0 0 0 0 0 0 0 24.27819928526878 0 0.1371529698371887 0 0 0 0 0 0 0 0 0.1569834202528 0 0 0 0 8.949144184589386 0.6688041314482689 0 0.1609032452106476 0.09232725203037262 0 0 0 0.3987592309713364 1.031082503497601 29.42814203351736 101.8805174529552 3.846732288599014 2.48881459236145 0 0 0 1.396022513508797 1.221289083361626 0.4455448016524315 0.9159827828407288 0.3150746747851372 0 0 16.7774413228035 0 0 34.70103510469198 5.268317252397537 4.482743293046951 0.3009404838085175 0.3383375853300095 0 0.7626712024211884 0 0.26285669952631 4.151395238935947 0.1128809005022049 1.797540575265884 1.277649827301502 0.3727299422025681 0 0.1695762574672699 0 0.1302444934844971 0 0 0.189949169754982 0.1045647710561752 57.11571694910526 2.240456223487854 0 0 70.35135360062122 0 0 0.5171476602554321 0 0 6.530182510614395 3.800792187452316 2.946305632591248 3.981043830513954 4.467768624424934 0.183002233505249 4.304848074913025 5.79478146135807 4.263052940368652 0.2514956295490265 0.3898047804832458 0 0 0 0 0 0 0 0 0 0 0 0 0 0 0 0 0 0 0 0 0 0 0 2.11788421869278 1.762265473604202 0 0 0 0 0 0 0 0 0 0 0 0 0 0 0 0 0 0 0 0 0.1890866607427597 0 0 0 0 0 0 0 0 0 0 0 0 0 0 0.4250378459692001 0 0 0 0 0 0 0 0 0 0 0 0 0 0.0997551754117012 0 0 0.2014949396252632 0 0 0 1.457101792097092 0 0 27.45976253598928 2.224554188549519 25.80715201050043 5.842414408922195 762.8209844827652 1.514457762241364 0.236720398068428 1.777460545301437 0.2951657176017761 0 0 0 2.746088862419128 0 0 0 0.5893473476171494 0
1083.394566744566 4436.665071450174 551.9834494590759 298.8997591435909 0 26.09298016130924 4690.276670686901 231.3475274890661 6572.685507528484 856.2935190349817 596.5459071695805 1158.262299537659 5017.88067778945 802.7998940646648 12.27941450476646 0.9476304948329926 0.8604791462421417 0.1446693390607834 0 0.1314949840307236 0.8417505919933319 0 0.6499492451548576 0.3696239963173866 0 3.266680717468262 0.1106167808175087 1.155456401407719 1.739927187561989 0.6842261776328087 499.8864583671093 4.475585639476776 5.075625844299793 0.268468365073204 0.1025953218340874 0 15.65702782571316 0.6245021000504494 1.40811288356781 0.7579170018434525 1.337347574532032 3.309552915394306 0 1.248110592365265 0 0.3030906468629837 201.5473094731569 7.311863608658314 0.2316146492958069 0.5152387693524361 4.293427057564259 0 0 0.5712177306413651 0.8406323865056038 12.92187353223562 48.68241991847754 281.1967509239912 23.75037304311991 48.09144940972328 0 3.656520895659924 0 42.22394961118698 11.49107482284307 3.836091287434101 5.565921142697334 3.626150123775005 1.12941500544548 0.4020060375332832 78.09723538160324 7.222006380558014 0 186.4032306447625 66.76613283157349 112.9357242211699 12.39280592650175 2.413752563297749 0.2711532860994339 23.77843780070543 0.1366167664527893 2.214847199618816 29.84147478640079 0.5259971618652344 13.97468499094248 18.65005672723055 5.875520788133144 0.1570363119244576 4.106746360659599 0 5.984754964709282 2.952637523412704 2.434684917330742 3.033229932188988 4.250949889421463 104.0174085348845 53.71577626466751 0 7.831855744123459 124.3694875016809 2.218830831348896 3.206101700663567 8.117773607373238 1.157822452485561 8.992110073566437 91.30138777196407 11.15083962678909 64.04021648317575 60.61686211824417 66.48394578695297 8.235929802060127 98.30280988663435 36.17599691450596 58.70960593223572 26.72531507909298 0.7709953412413597 0 0 0 0 0 0 0 0 0 0 0 0.4511969685554504 0 0 0 0 0 0 11.4818746894598 1.253816664218903 0 1.137761116027832 0.9514252543449402 48.79519231617451 4.262499809265137 32.75128819048405 4.875366255640984 1.427009716629982 0 0 0 0 0 0 0 2.930771499872208 6.018897324800491 0 0 0 0.6311013102531433 0.2982612252235413 0 0 0 0.4571771323680878 3.83103521168232 0 0 2.331205189228058 110.3336566835642 0 0 0.5203041434288025 0 0 0 0 0.2551597356796265 0 50.72851028293371 4.100071713328362 0 0.1102975010871887 0 4.319454953074455 1.538118183612823 12.12427571415901 5.651849165558815 1.924218744039536 0.5584258288145065 0.885145902633667 0.6676155924797058 0 0 0 0 0.283519446849823 0 0 0 12.89194366335869 6.318894788622856 17.79988963901997 575.9209745451808 94.91846730560064 401.3873529806733 142.4772631376982 80.4841668382287 49.874293230474 6.267442114651203 98.48964056372643 13.671148262918 5.422776155173779 10.56122937053442 5.095905750989914 20.14627368748188 0 1.840577326714993 2.752171918749809 20.72769121825695 1.14981409907341
68.94456417858601 173.8249015212059 10.89609909057617 450.6679598093033 26.09298016130924 0 143.0110025852919 1.395168274641037 17.07538522779942 1144.005746304989 7.065407335758209 197.3884454518557 186.6986690089107 26.23579894006252 0.2871523648500443 0.6425525695085526 0.7244126945734024 0 0 0 0 2.729606926441193 0 0 0 0 0 0 0 0 7.777927502989769 0 12.08194741606712 0 0 0 16.08893617987633 0 1.216628015041351 0.2306088954210281 0 0 0 0 0 0 0.8004966005682945 0 0.1875100284814835 0 0 4.146483913064003 0 0 0 0 275.221164047718 7.907573327422142 2.384364873170853 0.1113577112555504 0 3.75500924885273 0 0.3127306997776031 0 0 0 0 0 0 64.38777206838131 113.0476598143578 2.445125788450241 1.041407078504562 0.1078904047608376 0.13148033618927 0 0.6754605323076248 0 22.06235265731812 0 2.071392461657524 0 2.182374522089958 0 0 0 2.375383406877518 1.205069407820702 2.985338285565376 0.1444876492023468 0.5074113011360168 0 0 0.1397573947906494 475.7164754718542 121.3483909219503 3.449127167463303 3.124116644263268 750.9857748299837 0 0 0 0 0 1.844893336296082 0.2064803093671799 0.3421490490436554 0.5354516506195068 0 0 1.874294340610504 1.697175234556198 1.026707977056503 0 0 0 0 0 0 0 0 0 0 0 0 0 0 0 0 0 0 0 0 0 0 0 0 0 0 0 0 0 0.3634045571088791 0 0 0 0 0 0 0 0 0 0 0 0 0 0 0 0 0 0 0 0 0 0 0.6717886924743652 0 0 0 0 0 0 0 0 0 0 0 0 0 0 0 0 0 0 0 0 0 0 0 0 0 0 0 0 0 0 1.579123347997665 0 0.2488068640232086 4.925670191645622 0 1.240793846547604 1.186332881450653 238.87201346457 0.3933114111423492 0 0.4142535030841827 0 0 0 0 0 0.8445211052894592 0 0 0 0
1081.65248811245 4463.780047811568 174.6512346044183 1014.249255999923 4690.276670686901 143.0110025852919 0 58.02483072131872 695.62064447999 1113.892938159406 77.76900247484446 262.0922485291958 5257.340832471848 64.54863312095404 11.60183215141296 2.452974610030651 0.3941822126507759 0.4549687504768372 0 0.5620010569691658 0.9040194153785706 0 0.1399388760328293 0 0.7393428757786751 1.937951423227787 0.5707547664642334 1.495802067220211 1.520641773939133 0.562357634305954 277.4588520377874 3.503138370811939 6.155111752450466 0.2863200306892395 0.1839122623205185 0 21.68949192762375 0.1258028596639633 1.461359828710556 0.3558309897780418 0.6977216452360153 4.001880571246147 0.429889939725399 1.785551778972149 0 0.6821994036436081 242.2106335014105 11.53628290444613 0.4793736413121223 0.3567382991313934 5.572875902056694 0.111892931163311 0.130790650844574 1.233222864568233 4.254287831485271 26.43880993872881 100.5922949835658 450.4015019014478 43.39696910232306 60.15632467716932 0.1652039289474487 5.620508030056953 0 31.40588407963514 20.03786578029394 7.375991716980934 9.247466668486595 6.531128138303757 0.5269012972712517 1.087055839598179 123.1695919334888 16.80309803783894 0 334.7201686576009 99.64990672469139 121.3944292590022 13.00083728134632 4.818490222096443 0.362491562962532 11.8274729847908 0.8062788248062134 3.191221110522747 50.39906744658947 0.6891098618507385 23.3527055978775 28.51116070896387 7.647284299135208 0.370756633579731 6.195556327700615 0.4418928027153015 6.215333715081215 0.690775528550148 1.294886402785778 3.092285133898258 5.554183579981327 182.3279018625617 89.00902166962624 0 13.69399034231901 108.6291375234723 5.233473107218742 3.96148057281971 15.0792248994112 1.863824665546417 13.98389591276646 136.517036408186 17.37885388731956 97.45278796553612 72.52473221719265 79.83117659389973 6.531247273087502 127.1645289063454 59.40254518389702 72.00903286039829 37.20328433811665 0.2569010853767395 0 0 0 0 0 0 0 0 0 0 0 0.4737404584884644 0 0 0 0 0 0 10.66653786599636 0.2272921204566956 0 0.7922160625457764 0.1761549264192581 70.76302844285965 12.11434456706047 56.12978686392307 7.901378616690636 1.252967730164528 0 0 0 0 0 0 0.2472369372844696 1.632294535636902 7.78420165926218 0 0 0 0 0.2532562613487244 1.132597982883453 2.34971559047699 0 3.02072736620903 4.605687066912651 0 0.7946251630783081 1.842998385429382 124.4437467157841 0.7918847799301147 1.466766476631165 0 0.09785526245832443 0 0 0 0.2046418040990829 0.5304791629314423 77.78090114146471 6.934064522385597 0.3017542064189911 0.1374704092741013 0.1256319433450699 7.983474299311638 7.112350940704346 26.79191465675831 7.050362408161163 2.069655284285545 3.055270701646805 1.896727204322815 0 0 0.2704180181026459 0.08712755888700485 0.2567216157913208 1.059915915131569 0 0 0 21.90687806904316 13.16698157787323 26.30726061761379 800.7381817772985 107.6400310322642 577.7403104230762 180.9356687739491 246.1081558018923 60.19899945706129 3.464097693562508 102.5638309270144 19.7774772644043 3.297794811427593 17.35080546885729 6.416975513100624 24.48464368283749 1.794603534042835 0.9761213436722755 5.002138927578926 19.06142561882734 2.027949824929237
55.46015751361847 276.2137200012803 4683.398374885321 0.862476646900177 231.3475274890661 1.395168274641037 58.02483072131872 0 213.5341908559203 5.736938282847404 2224.410228684545 14.59709814190865 36.45313823223114 235.6291858702898 30.51174440979958 10.26745334267616 2.622008830308914 1.362653478980064 0.1315406709909439 4.290121853351593 23.82859805226326 1.587974026799202 21.21292912960052 7.558320134878159 30.73164738714695 36.10436651110649 20.61817937344313 5.237438149750233 3.149447739124298 0.9344045594334602 1427.485363677144 2401.902275636792 91.17291928082705 1.586621358990669 19.9085827767849 28.79219751060009 67.11002715677023 35.60154177248478 8.023646429181099 13.20322012156248 89.02467011660337 37.72671844810247 6.383741408586502 54.85989326238632 0.5182250440120697 1.326715558767319 273.773043371737 10.36194194853306 1.57299866527319 2.44122689217329 8.438802517950535 1.978755608201027 0 3.898941107094288 2.890616595745087 10.25594499707222 53.10178273171186 404.3483804687858 20.07813508063555 54.91584072262049 24.92428351193666 49.39101321995258 0.5270070135593414 239.8318278118968 7.058318451046944 3.660790219902992 3.189042292535305 12.49014453589916 16.48693646490574 106.0793956145644 13.62870973348618 5.100056886672974 0 226.7370458543301 128.2599960789084 184.1243921741843 70.46599756926298 554.8035084977746 419.9132265001535 1770.286796063185 112.9215197563171 1687.589366532862 21.37764976173639 0.3165530264377594 10.70307616889477 10.21913078427315 17.84280510246754 0 2.278564400970936 0.1176067665219307 6.205548591911793 2.253414154052734 77.59210285544395 8.207782499492168 9.903665371239185 4.264893934130669 3.310971349477768 0 3.88721339404583 50.79455325007439 0 0.6631028652191162 0 0 0 0.6638885140419006 0 0 0.4072023332118988 0.6249046325683594 0 0.3140065371990204 0 0.3014812767505646 0.6633126139640808 0 0 0 0 0 0 0 0.1949486285448074 0 0 0.7180017679929733 0 0.8239934742450714 0 0.3463357388973236 0.2270839661359787 0.7826481759548187 0 0 0 0 0 0 0 2.177567481994629 0 1.03006049990654 1.621358320116997 0.5715295672416687 2.524677559733391 1.420964196324348 0.3486031144857407 0 0 0.2330561727285385 0.7189553380012512 0 0 0 0 0.7345120459794998 0.1469603925943375 5.423793107271194 0 0 0.2752056866884232 0.2872077524662018 0 0 0.2259220778942108 0.4118816256523132 3.042733520269394 0 0 0 0 0 0 0 0 1.124505400657654 0.790941447019577 0 0 0 1.306910566985607 0 0 0 0 0 0.4005843997001648 0 0 0 0 0 0 0.2443345114588737 0 0.1993338316679001 0 0 0.7641811370849609 1.47713328897953 365.9498256891966 47.02618576586246 390.7041332349181 101.483246691525 35.70548713207245 24.80052050948143 1.117706812918186 48.86622579395771 7.039889112114906 0.7524813264608383 0.8463144302368164 2.307855248451233 0 0 0.9815161302685738 1.98606700450182 6.435988530516624 0.7812393009662628
154.9811980128288 1214.395727217197 1089.792452514172 119.4426086843014 6572.685507528484 17.07538522779942 695.62064447999 213.5341908559203 0 346.4085601493716 2950.449467360973 492.8867073953152 4093.540077425539 2152.595510102808 50.11650601774454 11.12425525486469 0.8376326560974121 0.3658031523227692 0.1079511269927025 0.3672346100211143 0.7791560590267181 0.1359805464744568 0.6313619762659073 0.4947201758623123 1.728143140673637 4.271651223301888 1.479073844850063 2.844414904713631 2.120078071951866 0.1932094097137451 289.6050288230181 4.127672769129276 77.90061567723751 0.462539978325367 0.7423793971538544 1.166703805327415 104.5855755954981 1.318323105573654 2.141812488436699 1.937977954745293 9.26070699095726 7.131792947649956 0 4.062718890607357 0.1053328141570091 0.1238389015197754 249.6616190597415 5.762474708259106 0.748427115380764 1.111701503396034 4.068551801145077 0.3273696377873421 0 3.014102704823017 1.516897693276405 9.941098481416702 28.57792158424854 138.8934885784984 15.96977823227644 45.43986830860376 0.8689515516161919 35.1368311420083 0.386561393737793 33.03194047510624 7.293712824583054 3.977444119751453 3.996498569846153 5.73217748105526 1.711025267839432 11.01396202296019 147.4847235903144 15.30474988371134 0 154.2923410460353 68.11886614561081 188.9608536884189 28.66667005419731 22.09631177037954 1.876767799258232 471.009762570262 0.9401381239295006 7.544458359479904 17.15061557292938 0 8.93180775642395 10.93243591487408 7.325780436396599 0.09256717562675476 2.541111752390862 0.1081829443573952 5.822430744767189 3.968655079603195 10.77035105973482 3.942158587276936 9.386361643671989 171.5286231637001 43.14279072731733 0 7.742344304919243 63.07343830913305 5.470272928476334 4.62838539481163 21.68804283440113 2.539528459310532 14.88400967419147 142.6573038697243 13.19212308526039 100.4404490739107 92.06761218607426 105.3579694926739 10.3018464744091 138.8794039487839 62.95840863883495 107.8227849900723 37.1264773607254 1.208652950823307 0.1955865472555161 0 0 0 0 0 0 0 0 0.1230661049485207 0 1.079028487205505 0.3609448969364166 0 0 0.1850700527429581 0 0 9.272785022854805 0.6793776601552963 0 1.314347222447395 0 47.42263998836279 2.699559479951859 32.75264310836792 2.887411177158356 0.9286997616291046 0.5276921913027763 0.1085789799690247 0.1317417025566101 0 0 1.269456803798676 0.1381969004869461 2.084557667374611 4.504394046962261 0 0 0 0 1.2509655803442 0.3171306252479553 1.133073836565018 0.5668729096651077 2.929346531629562 2.524501711130142 0 0.3553631901741028 1.061236172914505 83.0559179931879 0.1799957007169724 0.6643051505088806 0.3680032342672348 0 0 0 0.08793957531452179 0 0 77.85155044496059 4.156379088759422 0 0 0.1373359560966492 5.979206472635269 2.639893814921379 14.78770282864571 5.998284213244915 1.923694491386414 2.042145237326622 0.9007797837257385 0 0.1336504817008972 0.07884293049573898 0 0 0.6322120428085327 0 0 0 15.58211502432823 8.559638530015945 21.34445348381996 847.4956481233239 108.0362242534757 474.329781383276 211.4000552892685 86.66046825796366 57.14465908706188 5.975001305341721 158.7672963812947 16.01897723227739 7.760400995612144 13.50655435025692 7.229840897023678 34.14248012006283 1.082688398659229 0.3397249951958656 3.979516670107841 29.64365389198065 4.435986839234829
1198.930835574865 2223.46948454529 65.27532780915499 1059.562097609043 856.2935190349817 1144.005746304989 1113.892938159406 5.736938282847404 346.4085601493716 0 58.84219874441624 2845.300303310156 7373.421461433172 152.4579788446426 1.309988811612129 0.4783718213438988 0 0.1279612332582474 0 0 0.1538067162036896 0 0 0 0.1186136677861214 0.1389864683151245 0 0 0.1467732191085815 0 47.95533783733845 0.1688426285982132 35.58278753608465 0 0 0 43.30868896842003 0 0.646830290555954 0 0.5509074032306671 0 0.2228153645992279 0.4005648568272591 0 0 47.25527434796095 3.059564493596554 0 0.4383637458086014 1.355624057352543 0 0 0 2.043466843664646 8.329344965517521 63.87915017455816 239.0985060110688 16.30109269171953 14.56252440810204 0.3481819033622742 0 0 5.929940149188042 6.434631161391735 1.383412547409534 2.86573065072298 1.302076734602451 0 0.4271511882543564 505.8526306673884 21.54316306114197 0 128.4738458767533 23.3745444715023 20.4158623367548 1.845652483403683 0.3855069726705551 0 44.63160473108292 0 0.6758861541748047 18.05840054899454 0.3145004585385323 6.201396189630032 7.273510210216045 3.267088688910007 0.1642863601446152 1.548085898160934 0.6865013316273689 1.087590418756008 0.241143174469471 0.4057901278138161 0.410500705242157 0 786.4315628558397 56.89672191441059 0 4.482981473207474 267.3325963616371 6.372578471899033 11.4793661236763 20.20999293029308 8.094563081860542 4.912523627281189 116.4677377864718 57.9665185213089 96.05881027877331 70.53362138569355 76.01120190322399 3.888317793607712 121.7119133323431 73.05457846820354 82.9904043674469 27.56980174779892 0.2163452357053757 0.1207828000187874 0 0 0 0 0 0 0 0 0 0 0.7615631818771362 0 0 0 0 0 0 0.9992725253105164 1.666166856884956 0 0 0 51.23056446015835 3.634009003639221 27.76856452226639 4.314622551202774 0.7601057291030884 0 0 0 0 0 1.910252451896667 0 0.2674690783023834 5.149922266602516 0 0 0 0 0.1354454755783081 0 0.8132052421569824 0 1.194185972213745 4.780208423733711 0 2.053171157836914 4.231251239776611 91.36444066464901 1.809768408536911 0.104027196764946 0.1145482957363129 0 0 0 0 0 0 66.45029026269913 10.7699168920517 1.552521347999573 0.4628222584724426 0 7.068743586540222 1.46919858455658 13.87826681137085 5.760499596595764 1.180209517478943 0.7500206008553505 0.5011664032936096 0.3638685941696167 0.6112660765647888 0 0 0 0.2335653752088547 0 0 0 61.97909933328629 8.737904265522957 12.93827310204506 163.5327827632427 16.83796510845423 113.8535864800215 32.35461123287678 1075.62393438071 11.71866835653782 0.3503925502300262 10.1303578838706 8.841214716434479 2.578819736838341 6.273030877113342 2.281108632683754 67.7519762814045 0.3465365618467331 1.257126450538635 0.1175118461251259 1.196338832378387 0.1777385324239731
441.0469048693776 1341.647464878857 6682.824060402811 31.06737796962261 596.5459071695805 7.065407335758209 77.76900247484446 2224.410228684545 2950.449467360973 58.84219874441624 0 126.9449377134442 391.1180663406849 2230.103111632168 93.91585296392441 44.12900999933481 6.373508989810944 2.07655568420887 0 5.11003103852272 17.54976215958595 2.002426743507385 11.38889425992966 4.371041052043438 47.11178860068321 50.95024939626455 18.64391209930182 5.173879645764828 3.288442172110081 3.49703848361969 1164.739171251655 263.285877302289 494.6599473953247 0.8239637017250061 16.9403335750103 37.42384240031242 333.8311866298318 64.27189231663942 29.47318050265312 24.2590901479125 124.8610079064965 60.85077719390392 2.549483589828014 23.76919016987085 0.1998215615749359 1.309648558497429 361.0292391628027 15.7841367200017 1.014958128333092 1.555201143026352 13.60406476259232 4.680219121277332 0 6.434536956250668 3.193893693387508 11.54593849927187 50.70719582587481 402.7994209602475 24.97826517373323 76.69011623412371 6.411044545471668 129.9614234045148 0.7772741913795471 91.10896170139313 10.65789298713207 5.740320466458797 5.771954245865345 18.0940522775054 13.44482079148293 123.323995962739 129.9423594251275 17.05241848528385 0 268.8702562525868 139.9956292286515 323.7286714985967 66.86087967455387 93.42317522317171 76.91621950268745 1193.540635712445 3.077324219048023 119.2259095683694 26.26237834244967 0.2228164970874786 12.28735390305519 14.60000491887331 21.56204336881638 0.2819689586758614 5.245670191943645 0 10.61351753026247 4.740075662732124 102.4852874875069 13.48213142901659 13.87332132458687 75.33136920630932 22.59399328380823 0 11.61458050459623 168.8007160499692 0.7174481749534607 0 0.9473181068897247 0 3.789071142673492 13.58224599063396 0.2769170105457306 10.26887387037277 11.1663344502449 12.51252518594265 0.2064629197120667 11.49870680272579 5.273398995399475 12.08755408227444 9.638974323868752 0.1476693749427795 0 0 0 0.1213714107871056 0 0.6146693825721741 0 0.2528117597103119 0.1666963249444962 2.827571526169777 0 0.3827003389596939 0 0 0.1260364800691605 0.1277115195989609 0 0.2768375277519226 1.055983901023865 1.272943139076233 0 0 0.3681016266345978 14.35918374359608 4.246965944766998 10.17560873180628 3.48574486374855 1.89016330987215 4.826935321092606 2.609007366001606 0.3457707762718201 0 0 0.8911111354827881 3.160665489733219 0 0 0 0.1679952889680862 0.3335451483726501 1.251913592219353 6.506773672997952 0.1840786784887314 0 0.07892833650112152 0 0 0 0 0.9070122838020325 34.24347084760666 0 0 0.1619665622711182 0 0 0.1472509205341339 0 0 0.6830849349498749 19.62322600185871 3.601450562477112 0.1856416612863541 0.4244079813361168 1.342586860060692 2.062135025858879 0 7.458234071731567 1.576268225908279 0.3530226945877075 0 0 0 0 0.1072466894984245 0 0 0.7010014951229095 0.2652611434459686 0.1930697411298752 0.3202545791864395 1.869302362203598 6.270006135106087 16.19761077314615 597.0551453977823 94.15966060012579 526.230463847518 190.5244049504399 70.06380119174719 41.17305321991444 3.887682110071182 132.8799243122339 13.01707537472248 3.397937685251236 5.997299417853355 2.349770039319992 0.3912737518548965 0 0.5624272376298904 2.82937815785408 29.38697461783886 2.133460491895676
24.51903414726257 185.4366852790117 25.89447782188654 82.32075971364975 1158.262299537659 197.3884454518557 262.0922485291958 14.59709814190865 492.8867073953152 2845.300303310156 126.9449377134442 0 2784.176564708352 284.6978248655796 6.232339136302471 4.370551772415638 0.871563546359539 0 0.153860479593277 0 0 0 0 0 0 0.1519954055547714 0.1469540446996689 0.6920774728059769 0 0 2.389362297952175 0 92.25993937253952 0 0 0 188.5967330038548 0.1338982135057449 1.03693713247776 0 0.6827525198459625 0.5640909150242805 0 0.7287751138210297 0 0.1710618883371353 17.54837893694639 0.1067252457141876 0 0.4018322229385376 0 0 0 0.4426893591880798 0.2145380675792694 0.3684463649988174 8.012075282633305 5.534261524677277 0.6520071625709534 4.671860709786415 0 10.68492615222931 0 0.8079193383455276 0.5483179986476898 0.08017867058515549 0.1722710430622101 0.2244395166635513 0.1909732669591904 0.8575399369001389 648.1262668520212 33.39769683778286 0.3172436058521271 5.721919402480125 3.456184379756451 13.34367924183607 1.384413294494152 2.891804531216621 0 287.4973127841949 0 0.7866342961788177 0.4085064679384232 0.08101820945739746 0.1672978401184082 0.4862266033887863 0.3299166709184647 0.2803133726119995 0.1827471777796745 0 0.322045587003231 0 1.191288679838181 0.3504474833607674 0.3765799701213837 1881.717371538281 27.21927851438522 0.343946635723114 2.86861851811409 37.31597523391247 6.543211027979851 16.93127901852131 30.92530803382397 9.756656497716904 14.73414477705956 207.2077527344227 50.39912462234497 128.8342068493366 121.6716396212578 83.87171061336994 14.43094107508659 216.3630087971687 106.2509673982859 208.6267354488373 51.83318601548672 0.7017335146665573 1.251589968800545 0 0 0 0 0 0.2924604117870331 0 0 0 0 0 0 0 0 0 0 0 6.168830998241901 1.167838007211685 0 0 0 51.69375616312027 1.85825788974762 18.59810242056847 1.639163210988045 0 0 0 0 0 0 0 0 5.464618310332298 2.847160220146179 0 0 0 0 0.198841467499733 0.4303497523069382 0.7841304540634155 0 0.4142683744430542 5.704522907733917 0.2442777454853058 0 0 51.47804684937 0.6696924865245819 0.3229630887508392 0 0 0.1848370730876923 0 0 0 0 123.8885856568813 13.77260766923428 0 1.155907854437828 0.3931612372398376 9.569622084498405 1.072552800178528 6.073248341679573 6.985919833183289 3.815170116722584 1.743942499160767 0 0 0.1355429291725159 0 0.1665622591972351 0 0.4324915558099747 0 0 0 78.44396823644638 22.16047745943069 15.0378692895174 108.8537764623761 5.263185083866119 34.44166741520166 14.52949967235327 175.3204895928502 1.270065560936928 0.7544561773538589 17.58447794616222 7.543652854859829 0.9753953441977501 7.804037533700466 2.17767558991909 50.37626276910305 1.149279341101646 0 1.346085086464882 5.308568552136421 0.1956039220094681
179.7681560218334 1396.500102385879 132.8012848049402 1218.971051827073 5017.88067778945 186.6986690089107 5257.340832471848 36.45313823223114 4093.540077425539 7373.421461433172 391.1180663406849 2784.176564708352 0 2084.273722030222 44.2314931973815 14.27426235377789 2.962834022939205 0 0 0.1537796556949615 0.7456057593226433 0 1.117805048823357 0.2754060924053192 1.48296020179987 2.07657553255558 0.8184131532907486 1.386614806950092 2.32456074655056 0.5106046497821808 83.06249079853296 1.454406201839447 39.08704712986946 0 0.5402983874082565 1.252390466630459 90.53291318565607 0.8995805531740189 1.58423113077879 1.611533991992474 7.339251033961773 4.639230005443096 0.5117961466312408 6.04649593681097 0.08849424868822098 0.1484535932540894 176.4997570514679 6.3479288443923 0.2444543316960335 0.6065130829811096 3.716647796332836 0.7239219024777412 0 2.315782994031906 2.113479793071747 9.21062159538269 34.39651057124138 116.0417686104774 14.12514727562666 36.93331920355558 0.1443986296653748 8.516950704157352 0 18.79619082063437 6.664275370538235 1.895862095057964 3.920468091964722 4.238381609320641 2.136265471577644 7.374450013041496 320.3509408086538 32.77406068891287 0 117.0836178734899 49.78715573996305 133.3521215990186 27.65041419118643 26.47394592314959 0.4384743198752403 104.1031088382006 0.9037190824747086 2.97391401976347 15.3924957215786 0 7.429880879819393 10.3764894977212 4.361855924129486 0.4130397289991379 2.474156707525253 0.1847735494375229 5.434071905910969 1.567184902727604 8.420503370463848 3.288604781031609 7.264560788869858 1849.477220870554 53.89720651507378 0 11.5543180257082 53.59658275544643 11.99047169089317 14.09913876652718 54.91253210604191 10.96866716444492 34.8071890771389 437.986322119832 92.94696392118931 282.4781263619661 267.8675791546702 241.3774411678314 24.53667053580284 449.8075285404921 232.9023966491222 352.8467945158482 85.03367410600185 0.754735603928566 0.9088351055979729 0.1911622583866119 0.1822248697280884 0 0 0 0 0 0 0 0 0.1580739468336105 0 0 0 0 0 0 13.54411852359772 3.575561597943306 0 0 0 102.9072362929583 2.847092002630234 50.45982733368874 3.099898383021355 0.7829393148422241 0 0.3567497357726097 0 0.2448524981737137 0.2343169897794724 0 0.1401554197072983 2.110540434718132 8.168548136949539 0.1054495200514793 0 0.2181229442358017 0.4448318183422089 1.24381498247385 1.202575922012329 0.1533979922533035 0 4.043062716722488 8.001577511429787 0 0 1.059520602226257 129.5420338213444 1.094640284776688 0.7495106905698776 1.370025217533112 0 0.3482371419668198 0.2016517519950867 0 0.281459704041481 0.1708684265613556 238.7388216853142 12.30218476057053 0.9935634285211563 0.8804960548877716 0.4005260467529297 12.75061599910259 3.371965110301971 20.40316401422024 11.72271033376455 5.166391134262085 6.820480734109879 1.998463407158852 0.4354010224342346 0 0 0.171454593539238 0 0.4604378864169121 0 0.1697267442941666 0.192812904715538 130.8474273011088 40.5987303853035 34.36100378632545 739.8775842189789 86.16450008749962 389.7128204703331 177.167771615088 237.8853061422706 41.62465321272612 3.735158942639828 135.96702118963 18.47174341231585 7.352070786058903 22.45667500048876 6.572398111224174 84.76483608037233 1.116045318543911 1.141883760690689 4.454759746789932 29.70536860823631 1.184651434421539
141.313596367836 709.5648580864072 770.8385384008288 18.64876432716846 802.7998940646648 26.23579894006252 64.54863312095404 235.6291858702898 2152.595510102808 152.4579788446426 2230.103111632168 284.6978248655796 2084.273722030222 0 111.3288139551878 56.04891807585955 9.162995420396328 0.2914023846387863 0.1477688699960709 2.45707805454731 2.327691644430161 0.4964257776737213 2.167914785444736 0.2640314400196075 7.711737297475338 7.84868185967207 2.263906516134739 4.215462893247604 3.855421535670757 0.6690526232123375 189.5502483397722 3.963230535387993 1396.630164287984 0.2787792980670929 1.541519202291965 4.053142219781876 1277.988352097571 10.46724531799555 30.64389705657959 13.00301678478718 26.82393664121628 17.72917680442333 0.3663789182901382 29.06059440970421 0.1450769752264023 0.2802408337593079 250.7424418702722 5.306687481701374 0.8789510875940323 1.66416609287262 4.573441691696644 2.081739157438278 0 3.748854234814644 0.3158073648810387 5.624481588602066 22.96114612370729 97.35184626281261 9.307864978909492 46.68315459787846 2.347562581300735 548.5357493087649 0 29.59054645895958 4.575727239251137 1.479202546179295 2.815242528915405 7.086428701877594 5.430409945547581 30.81397014856339 478.6878545582294 68.33939875662327 0 131.3148374706507 71.89641360938549 244.5392894819379 48.37199172377586 72.36020277440548 0.8891004770994186 2882.015664562583 2.379173561930656 50.76986188441515 12.40368209779263 0.3332252204418182 6.901841282844543 6.350651793181896 9.760755017399788 0 2.351243771612644 0.2930721268057823 5.891821511089802 4.232927568256855 33.74011815339327 5.310554891824722 10.4582089856267 1061.634761296213 87.84007243812084 0 37.77266102284193 44.64350045472383 9.165669538080692 9.833894982933998 22.97175562381744 3.83672322332859 11.77944302558899 162.6898378133774 15.15839472413063 104.3475700318813 102.1341333091259 136.4737937897444 9.50682333111763 172.2962401509285 60.59402614831924 127.3331297188997 65.63411295413971 1.007324516773224 0.4154095128178596 0 0 0 0 0 0 0 0.8907645866274834 0.4237078875303268 0 0.6550476998090744 0.2803587019443512 0.1674678325653076 0.5294853001832962 0.8060311675071716 0 0.1256261169910431 7.944699928164482 2.033584237098694 0 0 0 82.65805573761463 7.827959835529327 46.53035688400269 6.888776704668999 1.223637498915195 1.799226634204388 0.416981041431427 0.5188723206520081 0 2.269354343414307 0.3123137950897217 0.4614220261573792 3.06527303904295 6.606618255376816 0 0 0.1982407867908478 1.136074244976044 3.685023196041584 0.9491007924079895 1.231411099433899 0 0.7568124830722809 7.783974535763264 0 0.8124647736549377 3.917144745588303 127.2480655014515 1.152347445487976 1.461422741413116 0.7523900866508484 0.2404860705137253 0.1214180961251259 0 0 0 0.345060259103775 141.2884751856327 8.012374848127365 0.287675142288208 0.1976295560598373 0.1558856517076492 7.29282346367836 3.445491224527359 15.26234738528728 9.867076486349106 2.717208340764046 2.75529944896698 1.089177370071411 0.7190234959125519 0.472696378827095 0 0 0 0.1132315024733543 0.1398532688617706 0 0 27.73258492350578 29.38882564008236 39.74438824504614 1020.360459834337 100.7798983007669 513.5513074696064 241.7890224680305 130.7683542817831 44.60691998153925 4.562571302056313 191.3738212361932 24.55700443685055 5.33707869052887 19.82779020816088 6.078248403966427 29.26820808649063 0.6962143629789352 0.1322060227394104 3.128595434129238 37.88413719087839 2.417742043733597
