0 5360.320139229298 390.3063297793269 1606.496225565672 529.7792548462749 98.15693107992411 1842.659470319748 14.98826840519905 79.60889522731304 1894.221313655376 276.3641646802425 70.88488087058067 255.2726678922772 61.98583590984344 1.810719929635525 0 0 0 0 0 0 0.3959066271781921 0 0 0 0 0 0 0 0 194.5009788125753 0 2.042227059602737 0 0 0 2.119634598493576 0.3562362790107727 0 0 0 0.09059064835309982 0.1037529110908508 0 0 0.2496132999658585 18.79046531766653 0.603869616985321 0.1253072023391724 0 0.1976087540388107 0 0 0 5.714303307235241 9.228649400174618 428.3106478229165 788.2899719849229 35.87185614556074 17.97572243213654 0.1085236892104149 0.3047939538955688 0 3.279796794056892 8.955290071666241 4.026292651891708 2.05117192864418 1.144478432834148 0 0.1223524138331413 13.79440456628799 2.396508783102036 0.1722371280193329 231.1756654530764 87.32648488134146 36.15557830035686 3.694592781364918 0 0 0.3174042552709579 0 0 12.83102499693632 1.764607466757298 1.920399911701679 4.854320488870144 0.4882946610450745 1.991866804659367 1.149474412202835 0.199823871254921 0.1121017262339592 0.6554800122976303 0 0 0.2195700407028198 186.1055268347263 3.172455698251724 0 0.3987582921981812 3459.693286985159 0 0 3.299533605575562 0.1903981566429138 0 4.405021756887436 0 6.607486262917519 12.2427921295166 3.570331811904907 1.184336990118027 8.197488814592361 3.067164346575737 3.440108120441437 0.3781225383281708 0 0 0 0 0 0 0 0 0 0 0 0 0 0 0 0 0.2290962934494019 0 0 0 0 0 0 0 0 0 0.1105458363890648 1.590141370892525 0.2006862312555313 0 0 0 0 0.2040483057498932 0 0 0.2063411623239517 1.153850331902504 0 0 0 0 0 0 0 0 0 0 0 0 0 0.4200187623500824 0 0 0.2231017798185349 0 0 0 0 0 0 0.9377028346061707 0 0 0 0 1.205224752426147 0 0 0.5269015431404114 1.139902532100677 0.9552844166755676 0 0.4069298952817917 0 0 0 0 0 0 0 0 2.394223660230637 3.431472361087799 0.2824266850948334 7.293041214346886 11.93879803270102 83.09681345522404 17.37963855266571 1577.47350782156 51.64447470009327 0.2027909755706787 2.969300284981728 0 0 0.8432828634977341 0 0 1.069974303245544 0 0 0.1198780685663223 0
5360.320139229298 0 1150.49726998806 60.85709576308727 3285.791562221944 423.3578774631023 1490.45327116549 284.3880532383919 1140.130319222808 141.0058241039515 3505.215809293091 20.20347908139229 271.5048651322722 384.8863977789879 11.5256364941597 1.168974235653877 0.3471841588616371 0.0947054848074913 0 0.1273977011442184 0 0 0 0.150486633181572 0.1811233460903168 0 0 0 0.2345982417464256 0.2412973195314407 3320.833453916013 4.242137089371681 11.15234855562449 0 0 0 2.246214061975479 0.7632625997066498 0.09392188489437103 0.4364081397652626 0 0.3367054089903831 0 0 0 0.0921199768781662 73.64196560531855 7.873676687479019 0.6037066355347633 0.6125661358237267 3.107915885746479 0 0 0.08689329773187637 11.30207803100348 21.09979955852032 235.7500694170594 1453.188461899757 33.25999499112368 48.10928689688444 0.425513856112957 0 0.1029548496007919 32.50948181003332 42.83238907158375 17.584478341043 5.476208366453648 9.321410648524761 0.8291246667504311 0.8014501482248306 18.94816251844168 9.734701678156853 0 441.2836984992027 265.1794804260135 164.8095554932952 54.66825780272484 2.127443842589855 0.6249495670199394 67.89418989419937 0.5722229033708572 3.682161301374435 52.09104703366756 6.071017652750015 9.790646761655807 23.81928734853864 1.529600247740746 1.701705366373062 6.239481419324875 0 0.6779500097036362 0.2329688370227814 0 0.33273746073246 0.2030343413352966 171.899669893086 0.3382474482059479 0 0.1483495384454727 1316.340257175267 0 0 6.697749927639961 0 9.386089086532593 43.24644663929939 0 63.91461361944675 5.727221727371216 10.5462486743927 22.36158241331577 47.37120060622692 35.06476905941963 32.8959699422121 11.54126587510109 2.121794760227203 0.9574705958366394 0 0 0 0 0 0 0 0 0 0 0 0 0 0 0 0 0 3.425671637058258 6.925996601581573 0 1.284419775009155 0 2.084413707256317 0.6870822906494141 4.606829583644867 0.5362820625305176 0 0 0 0 0 1.224183797836304 0 0 5.603966921567917 12.01983097195625 0.2370157688856125 0.1051675155758858 0 0 0 0.6545425802469254 0.7863879203796387 0.4093344807624817 1.445417210459709 0.8520157039165497 0 0 0 9.104008734226227 1.967773497104645 0.1344842612743378 0 0.08263961970806122 0 0.2025200575590134 0.3801608383655548 0 0.1477074921131134 24.21962380409241 0 0 0 0 0.2490202486515045 0.8640160262584686 0.4755796790122986 4.494011610746384 7.744997411966324 11.66138444840908 2.78623229265213 1.387261062860489 0.1525520384311676 0.09709974378347397 0 0 0.3565032109618187 0 0 0 17.92893826961517 20.26444852352142 5.176555015146732 57.45896235108376 72.72012612968683 309.6686579212546 68.15696274489164 1359.909952446818 81.51261112838984 8.430590346455574 17.1615729406476 5.274728670716286 1.123507902026176 18.80530921369791 4.448114067316055 6.266468524932861 1.278845340013504 0 3.074618518352509 0.5052902474999428 0.6347440928220749
390.3063297793269 1150.49726998806 0 1.364564120769501 305.9067160189152 34.65597355365753 181.5199039205909 4343.993047572672 315.1007918715477 3.843736678361893 6907.539215818048 16.12094280123711 95.18792875111103 353.8419601544738 17.79435706138611 17.9566213786602 13.72197989374399 17.52890223264694 1.430677011609077 17.61611662060022 3.338385581970215 0.4275703802704811 2.541592240333557 1.230455368757248 2.250868134200573 0.09634079784154892 1.024584673345089 0.6509579122066498 0.1112309396266937 0.4792266264557838 4861.230303458869 548.5959220603108 60.71336017549038 3.284204497933388 1.285583280026913 1.59468250721693 30.14339608699083 3.009470172226429 4.283763781189919 5.542515069246292 6.525921761989594 15.94938077032566 50.17252430319786 9.522397004067898 1.931690827012062 36.54405080527067 39.5078100040555 17.99998500198126 12.00842528790236 67.64934142678976 2.884269014000893 1.352431125938892 0.6896755173802376 5.414173029363155 3.772137582302094 6.226159676909447 86.91810609400272 893.2141811624169 7.406945109367371 17.198197722435 124.3167573213577 26.50812104344368 6.201857939362526 651.1921371892095 13.94169086962938 7.654354490339756 2.345711968839169 12.51639978587627 85.14077666401863 70.97831362485886 42.53942624479532 15.58658692240715 0 130.2802234590054 125.8457190394402 64.02038303762674 47.44617144018412 7.40735736489296 129.7251743674278 2516.579051584005 229.4334014430642 778.4133996739984 14.76254684478045 1.047295100986958 6.252150841057301 7.292143933475018 59.29684516042471 0.439077228307724 1.402171604335308 0.2071570158004761 2.367166042327881 2.996115513145924 5.924387574195862 7.627504602074623 17.08540315181017 72.76278009265661 7.825247019529343 0 3.604167081415653 150.805676355958 0 1.382305145263672 7.076455533504486 0 9.983190700411797 31.4519942253828 0 34.84575697779655 4.239038527011871 2.825693726539612 5.036240637302399 18.53965191543102 17.73998516798019 19.72750906646252 5.720222726464272 1.686033636331558 0.2890797853469849 0.130465492606163 0 0 0 0 0 0 0 0.2720809206366539 0 0.2421269416809082 0 0 0 0 0 0.1254951506853104 0 3.851530253887177 0 0.6914702355861664 0.6855086088180542 13.45078616589308 0 12.59690162539482 5.815695896744728 1.825474753975868 0 0.4733846783638 0.4009929299354553 0 2.201993137598038 0 0 5.252842418849468 5.205376207828522 0 0 0 0 1.115452192723751 0.3548980057239532 0.5176059603691101 0 0.1390526294708252 3.14301323890686 0 0 1.687881857156754 18.14062276482582 1.59337842464447 0 0.8924905508756638 0 0.4215830266475677 0.35995814204216 0.2150795608758926 0 0.3384869918227196 24.46266660094261 0.7138660550117493 0 0 0.7141956612467766 4.538652688264847 0.325931504368782 2.087064445018768 2.009244352579117 2.745038986206055 9.546678364276886 1.210959561169147 1.998097524046898 0.4346061497926712 0 0 0.09316347539424896 0.3339451178908348 0.3551447540521622 0.1310791671276093 0.2243061363697052 15.06466469168663 9.5907973498106 5.865383729338646 72.06673756986856 36.87525562942028 110.1156886965036 39.3791342228651 101.9875212311745 18.82123731821775 1.207231238484383 26.99392887204885 8.553990170359612 0.3257187232375145 11.79087232798338 0.6643296480178833 0.6083912253379822 0.4777869582176208 0 6.321567483246326 1.684197351336479 0
1606.496225565672 60.85709576308727 1.364564120769501 0 17.33443035185337 364.6443894356489 409.3713499307632 0 76.45098730921745 1374.769469916821 0.6451698020100594 141.5519201159477 934.3266234695911 99.95273099839687 0.4915798753499985 0 0 0 0 0 0 0 0 0 0 0 0 0 0 0 29.75542524456978 0 0 0 0 0 0 0 0 0 0 0 0 0 0 0 2.795194841921329 0.2992103025317192 0 0 0.2870097905397415 0 0 0 0 1.278645321726799 12.97884876281023 32.13144759833813 2.439122222363949 1.837503373622894 0 0 0 0.5882440805435181 1.91419293731451 0.7062848880887032 0.2012047171592712 0.1876907497644424 0 0 0 0 0 18.11463663727045 7.215010620653629 6.141926325857639 1.161766722798347 0.1116160079836845 0 0 0 0 2.144419588148594 0.20138268917799 0.4600323513150215 0.4553298130631447 0.1894417926669121 0 0.192551001906395 0 0 0 0 0 0 153.1045196056366 0 0 0 117.6066773980856 0 0 0.8544608950614929 1.071399211883545 0.5369793772697449 1.004117354750633 1.416902095079422 4.830867245793343 3.547290965914726 5.523508340120316 4.040543958544731 5.871728017926216 6.138417527079582 5.079427242279053 1.943258047103882 0 0 0 0 0 0 0 0 0 0 0 0 0 0 0 0 0 0 0 0 0 0 0 0 0.6094090342521667 0 0 0 0 0 0 0 0 0.253574550151825 0 0 0 0 0 0 0 0 0 0 0 0 0 0 0 0 0 0.3691043555736542 0 0 0 0 0 0 0 0 0 0.7603799998760223 0 0 0 0 0 0 0 0 0 0 0 0.6660711765289307 0 0 0 0 0 0 0 0 1.147761642932892 0 0 3.09967714548111 1.970535755157471 19.75628676265478 2.148977093398571 309.2284278944135 4.273026056587696 0 0.1557914465665817 0 0 0 0 0 0 0 0.7028045654296875 0 0
529.7792548462749 3285.791562221944 305.9067160189152 17.33443035185337 0 55.18810530006886 1545.055511534214 58.43355890363455 4962.776448793709 271.6965920031071 2828.239030070603 46.52547596395016 2181.417601056397 970.7232189029455 15.0358320325613 1.272815465927124 0.3479167371988297 0.1190965622663498 0 0 0 0 0 0 0.2201053872704506 0.1113855242729187 0 0.2238708809018135 0.09973406046628952 0.1146712824702263 457.7445578351617 3.586260318756104 2.993344686925411 0 0 0 1.939917795360088 0 0 0.2505183592438698 0 0.1727465391159058 0 0.1526671946048737 0.123011477291584 0.08890106528997421 64.5609058663249 5.815951518714428 0.4348758310079575 0 4.121926173567772 0.1112159565091133 0 0.582764707505703 6.097368098795414 15.30484302341938 65.82961874455214 327.1266386061907 18.41120579093695 29.94165632873774 0 0.4137116968631744 0 34.73080012202263 27.55005782842636 13.13462111353874 5.698123663663864 8.214174494147301 0.6533937677741051 0.1028486043214798 15.50180057436228 12.95833215117455 0 168.0815515518188 148.2791974470019 117.4271312281489 64.73267301172018 0.562520757317543 0.1922709047794342 4.142118707299232 0.2823305055499077 0.9756414368748665 27.4829633757472 3.769108504056931 6.751384727656841 19.22493951022625 1.21786741912365 1.048825658857822 4.124300830066204 0.1044870242476463 0.7173577398061752 0.1705471947789192 0.1593120247125626 0 0.6314362585544586 296.5833054110408 3.021086260676384 0 1.196003317832947 102.6390056014061 0.9235980212688446 0.6795675158500671 20.02682054042816 0.502776026725769 19.2670111656189 98.04837496578693 2.522625237703323 128.0657406449318 23.90704894065857 18.89756026864052 36.98098017275333 114.9841108322144 87.02889937162399 66.06719243526459 19.79955546557903 0.8422736078500748 0.8780269250273705 0 0.6765571236610413 0 0 0 0 0 0 0 0 0 0 0 0 0 0 0 4.641225561499596 4.011938393115997 0 0 0 13.69609539210796 0 11.13852241635323 6.069884717464447 1.015456080436707 0 0 0 0 1.990437507629395 0 0 7.415823921561241 23.20801691710949 1.311981588602066 0 0 0 0 0.3603726550936699 1.078424572944641 0.0859958603978157 3.757201299071312 3.231772765517235 0 0 0 16.29880209267139 1.428716957569122 2.878879770636559 0.8408331423997879 0 0.6219734400510788 0.2075483426451683 0 0 0 46.3649185448885 0 0 0 0.1018218770623207 8.981705963611603 0 2.435949087142944 5.662923187017441 15.26150108873844 12.48127168416977 5.859695434570312 4.516490235924721 1.972964398562908 0 0 0 0.3902159258723259 0 0 0 31.83431524038315 30.69676551222801 6.269944831728935 78.05907978862524 68.6167868822813 240.5590787082911 69.59538165479898 182.8684812262654 48.22397604584694 4.941958017647266 27.3409238755703 12.58534273505211 1.768175631761551 21.6992806494236 5.424721375107765 18.85457941889763 5.591555207967758 0 10.25345265865326 1.074439235031605 0.2854867577552795
98.15693107992411 423.3578774631023 34.65597355365753 364.6443894356489 55.18810530006886 0 335.439051926136 3.170854479074478 42.48154549300671 914.3259309753776 26.24507710337639 274.0568059235811 295.0748735666275 74.29411800205708 0 0 0 0 0 0 0 5.297670319676399 0 0 0 0 0 0.2023194581270218 0 0 10.92093553394079 0 9.715058609843254 0 0 0 10.17116257548332 0 1.966028332710266 0 0 0 0 0 0 0 1.096494942903519 0.1192674785852432 0 0 0 19.9669214040041 1.416007995605469 0.2302128225564957 0 0 83.78074383735657 22.6958495080471 1.380970314145088 0.1961795091629028 0 3.649013727903366 0 1.071236550807953 0 0.118000790476799 0 0.1843261271715164 0 0 196.1359679102898 146.7944769710302 2.810678288340569 2.957267373800278 0.8269051611423492 0.8476023972034454 0.4847191274166107 0.1655110716819763 0 7.806654378771782 0 1.424631685018539 0.8138493970036507 1.718402475118637 0.09082002937793732 0.3992510810494423 0 11.22198484838009 1.574141934514046 7.51624296605587 0.2554956674575806 4.492591112852097 0 0 0.6248111873865128 712.722568333149 61.49642802774906 2.819433823227882 8.673160195350647 439.2867879420519 0 0 0 0 0 1.058341890573502 0 0.5902414470911026 0.4131434410810471 0.3247888088226318 0 0.2029446512460709 0 0 0.4890931993722916 0.257924497127533 0.5719079077243805 0.2182739228010178 0.5648989230394363 0 0 0 0 0 0 0 0 0.2210491448640823 0 0 0 0 0 0 0 0.8248138427734375 0 0 0 4.552030637860298 0 5.445613041520119 8.387723103165627 2.89358676970005 0 0 0 0 0 0 0 0 0.9611221700906754 0 0 0 0.2900995314121246 0 0 0 0 0.198305681347847 0 0 0.4998157918453217 0 1.650704234838486 0 0 0.1116480603814125 0 0 0 0 0 0 2.097442075610161 6.769336700439453 0 0 0 0 0.8903028666973114 0.3383530974388123 0.3474349081516266 0.8711113333702087 1.50438603758812 0 0 0.1419674754142761 0 0 0 0 0 0 0 0.6150112152099609 25.45836882293224 15.47242246568203 8.835334286093712 0.26646538823843 3.051981203258038 1.798880256712437 167.7627247571945 9.263866774737835 0 3.237735405564308 3.735749810934067 0 1.203000396490097 0.6731341779232025 0 0 0 1.88304990530014 0.2333171814680099 0
1842.659470319748 1490.45327116549 181.5199039205909 409.3713499307632 1545.055511534214 335.439051926136 0 2.942531570792198 1725.538462005556 1211.967597946525 164.3753582164645 86.91428788006306 7137.705017991364 4116.277832366526 19.82705247402191 1.246980831027031 0.3068690448999405 0.2577014043927193 0.1647544205188751 0 0 0 0 0 0 0.2095312401652336 0.08522506058216095 0.1148067787289619 0 0 512.1527417078614 7.152435973286629 1.447522275149822 0 0 0 1.175710372626781 0.425672359764576 0.1274775266647339 0.4165941253304482 0.1451351493597031 0.2293529510498047 0 0.5664482787251472 0 0.09041238576173782 81.71476171165705 9.241878263652325 0.8658857643604279 0.7660251706838608 5.66012965887785 0 0 0.1247113272547722 11.14041358232498 16.33071547746658 125.8088256195188 518.3844125494361 31.05969565361738 47.23159942775965 0.1259201020002365 0.2988035976886749 0 39.65092353522778 47.37311892956495 21.97334227710962 7.561362437903881 8.172588899731636 0.9403007850050926 0.1469854116439819 8.357930816709995 7.021615639328957 0.1248496025800705 279.4960056692362 230.8974348977208 169.4298455864191 92.6491391658783 2.092224381864071 0.5631948783993721 1.621035851538181 0 0.7078045010566711 47.19862008839846 5.108263343572617 12.27023898810148 28.21458933502436 2.269556939601898 1.67585875838995 8.785325042903423 0.1956058070063591 0.7853741198778152 1.024762488901615 0 0.3768608421087265 1.249245822429657 591.3617687374353 0.2173899263143539 0 0.1879691407084465 280.0516001582146 7.064273700118065 19.58170485496521 141.293292298913 62.1603832244873 18.70358000695705 108.1329957991838 12.29756683111191 111.6771867498755 57.64393328130245 24.56007005274296 38.31171825528145 109.5290865451097 67.7786151021719 63.13529002666473 18.72851538658142 2.427720233798027 0.2276210635900497 0 0.4011943340301514 0 0 0.1324599981307983 0 0 0 0 0 0 0 0.1726300418376923 0 0 0 0 5.508379727602005 4.451797962188721 0 0 0 5.587298199534416 0 8.675881072878838 0.655622661113739 0.7677326649427414 0 0 0 0 0 0 0 8.996273264288902 29.05799506604671 0.7881652489304543 0.1066110879182816 0 0 0 0.8215348422527313 0.1361997723579407 0.1864006891846657 3.334905050694942 11.59559338539839 0 0 0.8274284601211548 16.49087384343147 9.156552329659462 1.839727461338043 2.206041619181633 0.1833936497569084 0.5598714053630829 0.2192066237330437 0.1904537975788116 0 0.115294024348259 32.51788635551929 0.274352490901947 0 0 0 5.923329293727875 0 1.740470439195633 13.80485593527555 55.28579369932413 36.13736993074417 6.105697199702263 4.43860824406147 3.400839999318123 0.1905959323048592 0.2452054023742676 0 0.6671458929777145 0 0 0 34.99202728271484 22.99293453991413 4.36598251760006 87.80702805519104 97.33533307164907 364.8051391169429 98.39432571083307 531.5509038642049 83.06997895240784 10.91204060614109 33.68493865430355 10.42400015890598 5.395790040493011 32.19607663154602 7.446815997362137 43.6133952960372 0.9044415578246117 0.1496366709470749 8.135577589273453 1.565601244568825 0.1824800074100494
14.98826840519905 284.3880532383919 4343.993047572672 0 58.43355890363455 3.170854479074478 2.942531570792198 0 185.4009720832109 0.4549936354160309 1378.182585008442 6.806510329246521 54.2595631107688 279.9880065694451 42.13908615708351 40.48797580599785 27.74767257273197 28.71014235168695 3.478564068675041 30.0168646350503 3.168014079332352 0.6018599197268486 2.340947538614273 1.726537942886353 1.886762745678425 0.7009994462132454 2.608714938163757 0.6345326825976372 0.124117523431778 0.4976155087351799 1895.985619321465 1167.641753621399 15.62541234493256 3.006477549672127 2.977808356285095 0.9987168237566948 9.839933037757874 2.56077253818512 2.77081411331892 3.876321025192738 6.150177106261253 11.90696904063225 73.17159105092287 42.52965848147869 2.781754612922668 90.90458378940821 135.8897987678647 19.43162525445223 16.22151243686676 81.50929682701826 2.270739525556564 1.446646958589554 0.4656037837266922 3.143254399299622 2.807865954935551 6.600687101483345 44.21061272919178 339.2702730745077 8.655123911798 28.72588909417391 240.4437147527933 28.20702189952135 13.38770131766796 468.9927682131529 14.46717794239521 10.05784003436565 3.033688738942146 11.06492850184441 72.570472240448 52.94276612997055 17.53068105131388 14.68526032567024 0 111.2061280608177 166.0366075187922 151.1695747002959 215.1913345679641 84.59276085346937 1189.027134999633 2163.524177916348 923.175095371902 2257.775489486754 15.83234663307667 2.175085507333279 7.2038219794631 9.213335353881121 57.40554696321487 0.6451496630907059 4.062774315476418 0.2267521396279335 1.10715090483427 3.450925722718239 4.549805626273155 4.842290252447128 14.31769293546677 88.01751082390547 6.018023014068604 0 3.000423163175583 6.233869284391403 0 0 1.773474246263504 0.6268912553787231 4.353033006191254 16.24656821787357 0 21.63109138607979 0.5222013592720032 5.108270347118378 5.719955652952194 24.65105129778385 13.33002896606922 15.2940506786108 3.235022842884064 0 0 0 0.2969291880726814 0 0 0 0 0 0 0.291733592748642 0 0 0 0.154998317360878 0.174762099981308 0 0 0 2.09735119342804 0.8516387939453125 0 0 0 4.839825242757797 1.889081984758377 6.759451985359192 2.319877296686172 1.402259491384029 0 0.160034641623497 0 0 0.572052001953125 0.3572914898395538 0 0.8530420660972595 9.916700109839439 0 0.3568244725465775 0.5469382703304291 0.1146195456385612 0.6022733747959137 0.2445301860570908 0 0.2418469339609146 0 1.641424611210823 0 0.3556093275547028 0 4.073135897517204 2.282229140400887 0 0 0 0.1014601513743401 0.1403042823076248 0.3051620572805405 0 0.1815943568944931 14.06478291004896 0 0.1980523690581322 0 0 2.996080785989761 0 0.9116438031196594 1.534418642520905 5.950645849108696 6.386467099189758 1.942764163017273 0.5055986121296883 0.1172278523445129 0 0 0.2753697708249092 0.3919810354709625 0.216837152838707 0 0 6.972877204418182 10.8531696498394 3.635771311819553 173.9829167574644 45.59366305917501 357.7887043654919 117.6223508268595 52.35882645100355 32.43953325599432 4.967528238892555 100.380168043077 6.167970716953278 0.1780490651726723 14.44895339012146 1.484834134578705 1.736381053924561 0.8935396671295166 0.08047390729188919 0.800194263458252 3.15720059722662 0
79.60889522731304 1140.130319222808 315.1007918715477 76.45098730921745 4962.776448793709 42.48154549300671 1725.538462005556 185.4009720832109 0 552.9878340810537 4418.62182033062 86.37355571985245 7535.555565103889 4007.87818171829 20.00651188194752 9.756569571793079 0 0.2303006201982498 0 0.8364180326461792 0 0 0 0 0.2092674225568771 0.2579533085227013 0.2059933096170425 0.4630168452858925 0.1223277822136879 0 130.5557487010956 6.021546199917793 36.06447582691908 0 0 0 16.26783708482981 1.728077843785286 0.09474597126245499 1.626846976578236 0.2371250241994858 1.288276761770248 0.3931610882282257 0.5916075557470322 0 0.275317594408989 77.11337535083294 1.368639305233955 0.23342365026474 0.1201517656445503 1.665332943201065 0 0 0.5968426242470741 2.227806478738785 4.805698998272419 19.81433054804802 83.86945195496082 7.42164770513773 15.91929100453854 0.400324821472168 3.193270027637482 0 23.4659722968936 9.757676489651203 5.981097728013992 1.662865273654461 2.52294197678566 0.9339153617620468 1.700558461248875 28.27634963393211 31.46344023942947 0 58.45129558444023 56.29748002439737 64.43619985878468 73.09860140830278 4.379730090498924 0.2201360464096069 53.92626286298037 0.1264791637659073 7.364124715328217 9.984629325568676 1.134759373962879 2.693563736975193 6.354829661548138 1.745572201907635 0.3833874240517616 2.683387391269207 0.1542804390192032 1.30546273291111 0.5051451921463013 0.1334254890680313 0.3570028096437454 0.8528907299041748 1033.641742952168 6.324039876461029 0 0.5807327479124069 13.30824758112431 1.380894765257835 0 28.749183639884 5.642608851194382 43.51429831981659 176.391237154603 7.178928568959236 233.8139246851206 29.96559508144855 29.17303842306137 78.88389311730862 199.8051937669516 167.9255899637938 148.8706958144903 35.41854973137379 1.464950866997242 1.218652591109276 0 0.3230043649673462 0 0 0 0 0 0 0 0 0 0 0 0 0 0 0 5.811374977231026 13.52612899243832 0 0 0 19.04382608830929 0 13.24596486985683 4.19118270277977 1.236577957868576 0 0 0 1.301498651504517 1.694641321897507 0 0.3151118457317352 8.44509319216013 22.09910167753696 0.2253113240003586 0 0 0.912416398525238 0 0.4635977447032928 1.653315111994743 0.8085596784949303 2.514071673154831 7.974595785140991 0 0 1.464500784873962 38.58758544921875 1.384454339742661 2.436210870742798 2.551889710128307 0.5413420870900154 0.5807535499334335 0.1002726927399635 0 0.06916125863790512 0 61.65363818407059 0.8337750434875488 0 0 0 16.94199034571648 1.878015279769897 4.231710225343704 11.3257662653923 32.08658564835787 32.7843619287014 6.472072243690491 5.515591457486153 1.775028817355633 0 0.4230664074420929 0 0.1182283312082291 0 0 0 67.7630690485239 51.48925025761127 10.7781075835228 209.9799198582768 42.87443022429943 228.4702605679631 106.5405275598168 91.03619632869959 33.71705703437328 7.098709359765053 93.86204819381237 25.57255578041077 1.541833803057671 53.5945737361908 7.759475991129875 19.11240758001804 5.051224797964096 0 12.03720761835575 2.519216269254684 0.8837755173444748
1894.221313655376 141.0058241039515 3.843736678361893 1374.769469916821 271.6965920031071 914.3259309753776 1211.967597946525 0.4549936354160309 552.9878340810537 0 81.44191721081734 1200.046647459269 6583.702411338687 543.985978603363 0 0.3140733242034912 0 0 0 0 0 0.4793035984039307 0 0 0 0 0 0 0 0 33.96395520120859 0.1252482682466507 13.12388741970062 0 0 0 72.62951575219631 0 0.8980903774499893 0 0 0 0 0.3721494078636169 0 0 2.52670581638813 0.2248151227831841 0 0 0.2026803269982338 4.074280500411987 0.3005198836326599 0 0.4918926209211349 0.8369422927498817 33.95587795972824 38.3376576602459 1.980498895049095 1.904417313635349 0.1315671354532242 1.884326636791229 0 0.8027258962392807 1.954328045248985 0.4351958483457565 0.3961218670010567 0.09962090104818344 0 0 428.5292823165655 24.53467281162739 1.019900724291801 20.93342772126198 8.936259761452675 5.500791482627392 2.051960282027721 0.7831859141588211 0.1195084601640701 10.31298070400953 0 0.6605238914489746 2.794107049703598 0.6086558029055595 0.2847823575139046 1.270480588078499 0.2144230455160141 4.480009391903877 1.36095529794693 1.787138193845749 0 0.4064453095197678 0 0 0 1376.101432532072 45.9789093285799 1.846488580107689 3.199682280421257 581.8560448586941 0.1610546559095383 0.5237088799476624 17.20824074745178 10.8951563835144 10.4818476587534 58.24816489219666 6.16851943731308 78.05256973206997 25.94914117455482 22.57850150763988 30.51298762857914 75.76061445474625 61.30421952903271 50.08916683495045 5.713202729821205 0.3169412612915039 0 0 0.3191650211811066 0 0 0 0 0 0 0 0 0 0 0 0 0 0 0.218021422624588 0 0 0 0 0 1.234305739402771 0 3.565777480602264 3.203347355127335 0 0 0 0 0 1.323124706745148 0 0 1.914398357272148 3.409301221370697 0 0 0 0 0 0 0 0 1.216291829943657 0.78348308801651 0 0 0.4782474637031555 3.452144384384155 0.7024778127670288 0.7167813777923584 0 0 0.4497568607330322 0 0 0 0 7.843027293682098 4.075745016336441 0 0 0 3.63546684384346 0.3535186946392059 0.4784092903137207 1.62889689207077 2.599572703242302 1.742868736386299 0.3083825260400772 0.2573769092559814 0.1525472104549408 0 0 0 0 0 0 0 38.00223317742348 14.36557683348656 3.22310982644558 7.928324982523918 3.017833314836025 19.85702962428331 5.32907772809267 509.5207049846649 3.953722685575485 0.3794264122843742 4.283080264925957 1.549752548336983 0.6861861944198608 5.472911208868027 1.97006992995739 9.000975549221039 0.5010102987289429 0 3.650830984115601 0.1282173544168472 0
276.3641646802425 3505.215809293091 6907.539215818048 0.6451698020100594 2828.239030070603 26.24507710337639 164.3753582164645 1378.182585008442 4418.62182033062 81.44191721081734 0 30.4403173327446 1587.062632881105 4103.240709200501 74.31848901510239 47.19815861433744 1.972139455378056 1.060636125504971 0.09167139232158661 0.6799109727144241 1.41651439666748 0 0.6370492875576019 0.08470463007688522 0.9106556698679924 0.9202371761202812 1.708900406956673 2.247889831662178 0.3934399485588074 0 1036.699698574841 67.24136137217283 148.9828257635236 0 0.2297595143318176 5.109852813184261 44.99319149553776 11.05934602022171 0.8095476776361465 2.824438646435738 1.143163047730923 4.43694019317627 1.645606949925423 3.149544894695282 0.3907584100961685 0.707603320479393 259.0716729685664 10.19339156895876 0.95199304074049 1.321777001023293 6.406277246773243 1.773636430501938 0.08821126818656921 1.124195627868176 7.994561366736889 18.19699915498495 64.98319111764431 424.3877310976386 19.51211370527744 51.4193008467555 2.743815116584301 20.88076362758875 1.491736531257629 129.7913279682398 37.61596628651023 23.81413302570581 8.416720375418663 10.94925317168236 5.637108832597733 7.108361057937145 95.8307840898633 65.165282741189 0 204.6435732617974 218.5644618347287 265.6632327139378 271.6647630408406 30.34427901357412 3.286284267902374 268.9732297211885 3.415562234818935 162.0160770714283 32.55889342725277 4.857244230806828 10.19689316302538 25.14135032519698 5.479687042534351 2.379643954336643 8.568794764578342 0.2871075645089149 2.42622335255146 1.994423940777779 0.9036857262253761 2.721579276025295 5.566993094980717 878.2502743899822 10.0749348923564 0 2.095381766557693 61.53794593364 1.690720245242119 1.520059317350388 30.67657734453678 5.142077803611755 39.69063453376293 199.3346122056246 6.606011912226677 258.8703815340996 33.14762049913406 32.46331544220448 85.51579342782497 218.4033181369305 150.1283828616142 140.8220358788967 58.54893311858177 3.53990250825882 3.599690794944763 0.1004000008106232 0.2797305583953857 0 0 0 0 0 0 0.4656395316123962 0 0.1167427897453308 0 0 0 0 0 0 14.01315394043922 22.31680303812027 0 0 0 19.36297491192818 0.3462813496589661 30.27934274077415 4.947322532534599 1.610712692141533 0 0 0 0 3.499947428703308 0.4503898769617081 0 12.93481773138046 40.0110317543149 0.2553421258926392 0.5842806994915009 0.8359367698431015 0 0.6145970821380615 1.283729963004589 2.927919745445251 0.6883766502141953 3.944824159145355 6.41189868748188 0 0 0.1428193300962448 48.59864032268524 6.105223327875137 1.074555158615112 5.298816561698914 0.2406559735536575 0.3437437191605568 0.1942161396145821 0.3276595771312714 0.08585114777088165 0 94.35235719382763 2.383625149726868 0.1816744953393936 0 0.4488362520933151 32.54870760440826 1.310704588890076 5.76002362370491 14.76468633115292 38.50274497270584 36.14503641426563 8.01008003950119 7.522685691714287 1.901978932321072 0.5036628991365433 0.1744666621088982 0 0.271232470870018 0 0 0 77.49861024320126 69.73872159421444 14.98822596669197 685.0859917402267 165.8578606471419 666.7321926876903 342.7931248620152 244.8627035692334 101.5684326216578 20.72681923210621 319.7724436223507 40.24776014685631 4.312948539853096 63.37694634497166 9.131355755031109 22.90406639873981 6.713772013783455 0.4586929380893707 20.31469717621803 13.31620905548334 3.637034013867378
70.88488087058067 20.20347908139229 16.12094280123711 141.5519201159477 46.52547596395016 274.0568059235811 86.91428788006306 6.806510329246521 86.37355571985245 1200.046647459269 30.4403173327446 0 2189.309421285987 270.2868545055389 2.822888195514679 2.387050941586494 0.1336380541324615 0 0 0 0 0 0.1316101253032684 0 0.3196409344673157 0.5141412615776062 0.1416889131069183 0 0 0 12.70124535262585 3.114654384553432 47.47265310585499 0 0 0 327.4145524352789 7.150300309062004 2.050131812691689 7.343302674591541 0.3258649110794067 0.3016323149204254 0.2376287132501602 0 0 0 11.05208260565996 0.3747495710849762 0 0.1252234876155853 0.1530132442712784 0.2621666491031647 0 0.1225608214735985 0.328114241361618 0.2458455935120583 6.900143757462502 14.53264017403126 0.7459568530321121 2.723841443657875 0.5802775025367737 7.682289719581604 0 5.166434280574322 1.614147044718266 0.462725006043911 0 0.6446295455098152 0.3005101531744003 0.9105386137962341 578.9768975675106 38.73411932587624 0 7.911591656506062 7.612980611622334 6.599247917532921 9.03471677005291 2.111161448061466 0.140028640627861 16.46966256201267 0.1359890699386597 4.669738188385963 1.737751737236977 0.1838319301605225 0.08443184196949005 0.1599653884768486 0.5805350616574287 1.228283226490021 0.09070438891649246 0 0.1543549299240112 0.5010998249053955 0.3167615979909897 0 0.2243427336215973 2786.966042637825 24.68625926971436 0 2.400442659854889 62.46993960440159 0 0 3.627934515476227 0.6335664689540863 5.760090738534927 31.9119701385498 0.2587087750434875 42.2459821626544 3.49016010761261 5.516538605093956 10.74104516208172 37.920300796628 33.86431357264519 29.85090893507004 14.2702624052763 1.408972308039665 0 0 0 0 0 0 0 0 0 0 0 0 0 0 0 0 0 0 2.643646582961082 2.283108621835709 0 0 0 4.042914912104607 0 5.005247950553894 0.9006256908178329 0.512034684419632 0 0.5750366449356079 0 0 1.417199373245239 0 0 3.065888851881027 10.98615702986717 0.2417736351490021 0.2124760746955872 0 0 0 0 0.375948429107666 0 0.2018302232027054 2.556440263986588 0 0 0 8.909560278058052 0.3902154564857483 0 0.576688788831234 0.1838418245315552 0.2729316651821136 0 0 0 0 14.34977421164513 2.118540704250336 0 0 0 8.574036598205566 0 0.5083546042442322 3.055571183562279 6.212384313344955 7.942081913352013 1.681207537651062 6.248340830206871 0.4691911190748215 0.4017110764980316 0 0 0 0 0 0 24.73077714443207 20.32197211682796 5.689232617616653 65.67893894016743 4.972059771418571 44.29994487762451 16.24358957260847 57.32494387030602 7.165199764072895 0.1366417855024338 32.61806391179562 8.15225225687027 0.4354244619607925 10.78428466618061 1.810217797756195 4.036856651306152 1.850494235754013 0 6.130952164530754 0.5843188464641571 0.3846746981143951
255.2726678922772 271.5048651322722 95.18792875111103 934.3266234695911 2181.417601056397 295.0748735666275 7137.705017991364 54.2595631107688 7535.555565103889 6583.702411338687 1587.062632881105 2189.309421285987 0 5052.85350638628 26.054069198668 17.23100481927395 0.4756708964705467 0.3277479857206345 0 0.1533160954713821 0.1999079585075378 0.1197733506560326 0.1451522558927536 0.3553966581821442 0.8155172616243362 0.4409877136349678 0.364050105214119 0.6016025096178055 0.2143310680985451 0 100.5689981281757 14.20963536202908 102.8255608826876 0 0 1.269730284810066 66.3466484695673 11.70182181894779 3.731576830148697 7.89105324447155 0.3234137892723083 0.862453855574131 0.7970347255468369 1.621576920151711 0 0.9806663915514946 78.20021148771048 2.557812973856926 0.1118753626942635 1.021154060959816 0.7783144637942314 0.510774128139019 0 1.147185690701008 3.057664394378662 5.112498462200165 20.84894171357155 85.42288620769978 7.964944191277027 13.66019794344902 0.6507673710584641 3.978952243924141 0.4270190000534058 31.31983998417854 8.608608387410641 5.903925895690918 2.341390073299408 3.596439186483622 2.49875719845295 2.391068667173386 107.1308796331286 51.43360313773155 0 62.2311253324151 60.43101766705513 71.22603169083595 77.77787750959396 13.44955845177174 3.652798511087894 61.22260005027056 2.097616799175739 18.78951992094517 10.76012622565031 1.026025503873825 3.064283736050129 5.869251135736704 2.324173353612423 0.3330995813012123 3.084753967821598 0 0.7572179138660431 0.9899476319551468 0.4719497784972191 0.8756222650408745 1.644787602126598 4085.37106102705 12.18902426958084 0.1897265464067459 1.141396895051003 86.2960379421711 0.5149046182632446 0.8463773429393768 22.14988124370575 1.394793182611465 39.33128817379475 152.1174647063017 2.228285133838654 209.5077596157789 28.36919066309929 32.71869412064552 81.40634480118752 190.303414568305 152.0282149612904 136.0918731838465 55.40051908791065 0.9885180741548538 0.4379382729530334 0 0.1562992930412292 0 0 0.3662072718143463 0 0 0 0.6041100025177002 0 0 0 0 0 0 0 0 4.427041351795197 16.14370979368687 0 0 0 13.94599181413651 0.446463018655777 17.69073181599379 3.814522638916969 2.593781270086765 0.1930060684680939 0 0 1.634227722883224 0.451879009604454 0 0 12.46676194667816 36.28155642747879 0.5811527743935585 0 0 0 0.3245674967765808 0 2.317826315760612 0 3.907412692904472 5.462057761847973 0 0 0 36.09285159409046 1.683228895068169 2.601042211055756 1.996963769197464 0.3540320545434952 0.3516843318939209 0.09885819256305695 0 0 0 78.15759055316448 1.985821887850761 0 0 0 19.72401116788387 0.9168238639831543 3.130122005939484 6.248593680560589 23.65144523233175 27.19897356629372 5.355815410614014 6.83454155921936 0.9847089871764183 0 0 0 0.10291738063097 0 0 0 84.16115020215511 66.62368877232075 10.93393471837044 284.1894298568368 48.87580352276564 227.4733247309923 122.6129609048367 190.5101501122117 33.43448235839605 5.451010726392269 112.9945908412337 19.24424018710852 3.89903175085783 35.34211537241936 6.036642268300056 14.97180372476578 4.487102076411247 0.3925023078918457 17.27872809767723 3.410114161670208 1.215595901012421
61.98583590984344 384.8863977789879 353.8419601544738 99.95273099839687 970.7232189029455 74.29411800205708 4116.277832366526 279.9880065694451 4007.87818171829 543.985978603363 4103.240709200501 270.2868545055389 5052.85350638628 0 75.0439228489995 67.3330892175436 6.230137273669243 1.350076735019684 0.2846889495849609 2.823199704289436 4.167459443211555 0 2.968417882919312 0.2324279844760895 12.52769340574741 0.539187878370285 10.30756640434265 0.6695526391267776 1.029272511601448 1.756890088319778 215.0243146941066 52.61151202768087 1193.269116044044 0.5577254891395569 5.645738013088703 14.5901969447732 719.0214573070407 190.219329610467 23.58486372232437 83.81032873690128 5.56530000269413 5.238209821283817 7.446683488786221 7.325109072029591 0.5959216356277466 4.451537057757378 197.5621791556478 7.761236432939768 1.014171198010445 12.15825797617435 2.807309009134769 0.6767082437872887 0.3808604404330254 2.822942703962326 3.956655316054821 7.206922650337219 26.67026127129793 150.6258549764752 8.582942113280296 22.12800710648298 10.63636665046215 144.3313026949763 2.20505552738905 121.2175771296024 13.69437880814075 8.755537375807762 3.802698083221912 8.31000005453825 38.2396787405014 27.02184781432152 606.3395898267627 148.8433261364698 0 97.13079825788736 124.2613010257483 148.4855440035462 208.3953804671764 40.60811509937048 9.814718253910542 442.5519012287259 11.89200879633427 161.9821806624532 13.75885736942291 1.653785459697247 4.941805489361286 6.243196066468954 14.82595252990723 0.7328089252114296 2.977979831397533 0 1.326343089342117 1.606933668255806 5.490507669746876 2.528236120939255 6.744920819997787 2436.281073391438 59.99356093257666 0 10.69480080902576 27.33953702449799 3.365187883377075 0 24.37190021574497 0.8342326581478119 34.08704121410847 126.8124263584614 2.078715354204178 166.6999816969037 16.28606820106506 16.99661326408386 63.44574955105782 140.7504774481058 111.6102818995714 101.0018708705902 71.62545339763165 2.137431979179382 2.189465239644051 0.1423182338476181 0.1211491227149963 0.2839389145374298 0 0.2216720581054688 0 0 0 0 0 0 0 0 0 0 0.1557299792766571 0 9.855102576315403 21.25971607863903 0 0 0.5465201586484909 31.25634254515171 0.779921367764473 37.53496866673231 10.13766254484653 5.904542438685894 0 0.1448594927787781 0.1725412756204605 1.0483138859272 2.182474344968796 1.356051668524742 0 17.39113385975361 42.74018302559853 0.6987599730491638 0 0.4561592191457748 0 1.088951513171196 0.8557135909795761 4.182447329163551 0.2874186038970947 2.713641822338104 8.334448784589767 0 0.2407084554433823 1.089120388031006 64.70302000641823 4.436699852347374 1.629491090774536 2.501646317541599 0.5413951054215431 0.9291281402111053 0.09302453696727753 0.1220691725611687 0.1179546415805817 0.3605738580226898 108.4327210485935 9.474417984485626 0 0 1.272119618952274 24.0299024283886 3.436614319682121 7.686518289148808 10.19560238718987 28.27808579057455 32.41196786612272 7.380880780518055 11.19369243085384 3.603860974311829 0.4964716881513596 0 0 0.3849055469036102 0.09363237023353577 0 0 80.9034171551466 99.37845620512962 28.50721453875303 967.0076327845454 95.73621860146523 567.595187433064 297.4341803789139 222.3732167184353 63.38890787214041 10.8901050761342 411.3005953729153 40.33249176293612 4.882095046341419 64.35490898042917 13.49380725622177 10.58774837851524 8.227971956133842 0 17.09525187313557 16.58369115740061 3.867637574672699
