0 2034.394686207175 844.9222963452339 999.1108439788222 663.3453952968121 388.805434435606 881.6512730792165 24.12139639258385 15.14939086139202 1239.193001426756 64.10560642927885 59.4974954649806 146.7254928126931 62.0171642228961 2.149451941251755 0.5832014232873917 0.1376373320817947 0.2562005221843719 0.09958828240633011 0.2037849426269531 0.121007889509201 0.1797149479389191 0 0 0 0 0 0 0.1036898419260979 0 561.7152103111148 8.019168540835381 7.977667406201363 0 0 0 0.7793353050947189 0 1.021131053566933 0.4913675338029861 0 0 0 0 0.1025127246975899 0 35.88116636872292 8.571241997182369 0.3826186805963516 0.1269461810588837 0.1851292103528976 0.1466640830039978 0.2325280010700226 0.1164766848087311 6.62899624556303 16.20543330162764 331.5070630013943 1472.601277992129 71.09630113095045 28.75638737529516 0 4.945487894117832 0 40.71433862298727 6.686723060905933 10.88729751855135 3.308646097779274 1.622936546802521 0.317910797894001 0 18.91039600223303 2.067326486110687 0 251.1211742982268 459.5860871002078 133.7533003464341 29.1662830337882 0.5639728680253029 0.1645015180110931 25.55060259997845 0.2722515091300011 1.422121003270149 27.48185052722692 1.083511129021645 10.91035094112158 12.77249961346388 4.588949553668499 0.1345830261707306 0.9702532142400742 0 0.1706541776657104 0.2378068342804909 0 0 0.46680698543787 165.3275490105152 61.64756532013416 0 0.2892748117446899 1157.240442305803 0 0 0 0 0 0.7306949496269226 0 0 0 0 0 1.938904985785484 1.25373475253582 0.4902685433626175 0.7674549221992493 0.1510795950889587 0 0 0 0 0 0 0 0 0 0 0 0 0 0 0 0 0 0 0 0 0 0 0 1.479919195175171 0 0 0 0 0 0 0 0 0 0 0 0 0 0 0 0 0 0 0 0 0 0 0 0 0.3548150956630707 0 0.6895789802074432 0 0 0 0 0 0 0 0 0 3.311148032546043 0 0 0 0 0.1707557737827301 0 0.1810571998357773 0.6396362781524658 0 0.6325423121452332 0 0 0 0.09087100625038147 0.1858855783939362 0 0 0 0 0 0 0 0 115.1307238265872 19.97989089787006 225.5535911470652 39.04893754422665 1959.0725492239 65.82830087095499 2.919124990701675 19.01764620095491 0 0.2664564326405525 0.3265116214752197 0 0 0 0 0 0 0
2034.394686207175 0 1825.730291739106 304.264875896275 3335.213507667184 331.8805431500077 6724.738138154149 515.3255075365305 694.093428581953 743.6942477151752 592.877057954669 144.4736137241125 770.2270121499896 534.9070994406939 8.018192052841187 3.509153284132481 0.2714507803320885 0.2342351600527763 0.1974469497799873 0.1132763400673866 0.1523489058017731 0.2466826140880585 0.1007446423172951 0 0 0.3969749510288239 0 0 0.3820823952555656 0 1490.811169840395 40.22896526753902 23.11690133810043 0.08527906984090805 0 0.3634768426418304 0.7843625918030739 0 0.4887264370918274 0 0 0 0 1.053151205182076 0 0.2114087715744972 124.0615321099758 9.073119901120663 0.1224536597728729 0.5529084205627441 0.2889423668384552 0.4397039785981178 0 0.5758655518293381 3.807111799716949 12.08273798972368 96.85516567528248 717.3647685647011 42.12677032500505 44.95113422721624 0.9784994646906853 0.9721305668354034 0 117.0834117755294 5.081402346491814 9.188449319452047 3.6480847671628 2.140842638909817 1.137722015380859 0 7.055622026324272 0.3161111772060394 0 170.6006292030215 447.6930834129453 180.9693221598864 148.288725733757 4.137052111327648 1.317607097327709 111.2644911184907 1.405364893376827 3.805901378393173 22.08836701512337 1.028982236981392 13.43673605471849 13.01029708981514 5.59334521740675 0 1.827923007309437 0.1931921690702438 0.1220521330833435 0.1070592999458313 0.2164412587881088 0.1379251778125763 0.5666959136724472 77.36289447546005 1.871383652091026 0 0.2489242553710938 908.0292510464787 0 1.473631739616394 0.3764315843582153 0 0 1.25319504737854 0 0.8469617962837219 2.163004219532013 1.15313321352005 0.404769241809845 2.728775694966316 5.832068830728531 2.767553478479385 1.076258718967438 0 0 0 0 0 0 0 0 0 0 0 0 0 0 0 0 0 0 0 0 0.5063689649105072 0 0 0 0 0.2786583006381989 0 0 0 0 0 0 0 0.3232880830764771 0 0 0 0 0 0.1517484039068222 0 0 0 0 0 0 0 0 0 0 0 1.573286473751068 0 0 0 0 0 0 0 0 0.1213625892996788 5.018926724791527 0 0 0 0 0.3694378733634949 0.1407580226659775 0.4135643839836121 0 0 0.1441543400287628 0.5469136238098145 0 0.09794031828641891 0.1687189564108849 0 0 0 0 0 0 0.5170743018388748 0 0 220.852127790451 23.74944201111794 287.9913116395473 40.67512911558151 1138.570732168853 43.69408248364925 2.276102244853973 43.86062155663967 0 0.1130000427365303 0.5328689813613892 0 1.288913905620575 0 0 0 1.830934122204781 0
844.9222963452339 1825.730291739106 0 73.9326573908329 1104.123946845531 61.92642270028591 409.9409690052271 2352.462779991329 426.2363919913769 51.03096777945757 3053.130615353584 90.58398205041885 550.91022105515 1487.762873075902 4.452475488185883 4.429495275020599 0.6937840655446053 1.363118946552277 0 1.083803683519363 4.832176461815834 1.138528414070606 0 0.4174596667289734 0.7180005759000778 0 0.4157285988330841 0.4147464036941528 0.565913587808609 0 3884.822189740837 288.3262950032949 121.8328302428126 0.9080055356025696 0 1.979812398552895 2.758554235100746 0.1567147523164749 0.4140891283750534 0.6137291640043259 2.031459152698517 0.544794574379921 14.71657267957926 0.6255913078784943 0.1420697122812271 1.07805971801281 24.95898971706629 4.893919311463833 2.71225368976593 14.45437651127577 1.600533291697502 0.3071054667234421 0.2310277447104454 1.030831709504128 1.703288771212101 8.254355184733868 72.69422517716885 845.3933428004384 17.85632573068142 13.60248783230782 9.195340685546398 7.371432602405548 3.431625261902809 264.1057240813971 2.953622564673424 4.833325669169426 0.5667009353637695 5.198861837387085 23.20453148335218 8.164215251803398 16.39562622457743 6.044323921203613 0 85.10058415681124 300.611371204257 55.71217773109674 41.45585259050131 4.972709506750107 74.05830923467875 1370.830529823899 52.9043840020895 337.4821165502071 10.02921249717474 0.3682699128985405 5.350683733820915 4.863598830997944 10.31803510338068 0.1204977631568909 0.8869445398449898 0.2980054914951324 0.3952636942267418 0.591169074177742 4.794895820319653 0.2912153601646423 0.2320281714200974 44.73432571440935 0.7024548649787903 0 0.5456576347351074 412.2131282389164 0 1.581999838352203 4.114447116851807 0 0 0.644135594367981 0 2.561461851000786 6.007485747337341 0 0.9531880617141724 4.789337530732155 17.79959569871426 21.71592316776514 9.090019285678864 0.2806144058704376 0 0 0 0 0 0 0 0 0 0 0 0 0 0 0 0 0 0 3.726349353790283 0.8421580195426941 0 0 0 3.62727302312851 0 0.1116020232439041 0 0 0 0 0 0 0.6031363010406494 0 0 1.758577346801758 5.38601940870285 0 0 0 0 0 0 0 0 0 0 0 0.1527494490146637 0 13.66893996298313 1.360265821218491 0 0 0 0 0.5301757603883743 0 0 0.2919043004512787 31.14580383896828 0 0 0 0 4.203263506293297 2.380640372633934 8.286865174770355 0.4321309626102448 0 0.3405898213386536 4.039557576179504 0.668411448597908 0 0 0 0 0 0 0 0 0.6005296111106873 2.427855730056763 0 48.15027585625648 13.39008875191212 79.07663259655237 18.19212954491377 390.9580391198397 19.06422239542007 0.9898031651973724 16.44485898315907 0.9882123172283173 0 3.179453879594803 0 11.09463047981262 0 0 0 1.075585842132568 0.1921989619731903
999.1108439788222 304.264875896275 73.9326573908329 0 332.7462901175022 260.8518204838037 185.7949718758464 37.43976958096027 75.09096018224955 980.7764263898134 38.54274371266365 148.5603996068239 184.2886063829064 13.06261906027794 2.052735634148121 1.582467205822468 0.9448879882693291 0 0 0 0.106649711728096 0 0 0 0 0 0 0 0.1195980608463287 0 27.06783775985241 2.439778015017509 3.530816435813904 0 0 0 0 0 0 0 0 0 0 0.5329376831650734 0 0.08529879152774811 28.95045383274555 1.754789970815182 0.1382537633180618 0 0 0 0 0 0.6425202712416649 1.750687144696712 15.23236124962568 41.08564127236605 7.027509108185768 8.521790035068989 0.5519740879535675 0 0 17.76476602256298 0.8650687634944916 1.741662032902241 0.5132612884044647 0.5963640809059143 0.2432880625128746 0 22.181201800704 0 0 30.23529697209597 72.08026131242514 33.61139773577452 24.09125042706728 2.387167885899544 0 6.283268235623837 0 0.1034862175583839 4.548489913344383 0 2.445330329239368 1.964541643857956 0.4101311787962914 0 0.2314935550093651 0.150114044547081 0 0 0 0 0.1809651702642441 347.9578454643488 0.2265743464231491 0 0 23.95104715228081 0 0.9872584939002991 0 0 0 0.3335509598255157 0 0.8517332375049591 0.1646037548780441 0 0 1.177155718207359 4.007688254117966 2.098185911774635 1.135696738958359 0 0 0 0 0 0 0 0 0 0 0 0 0 0 0 0 0 0 0 0.3454865515232086 0 0 0 0 0 0 0.4402109086513519 0 0 0 0 0 0 0 0 0 0.4921014904975891 0.7964156866073608 0 0 0 0 0 0 0 0 0 0.9279171228408813 0 0 0 0.7953785508871078 0 0 0 0 0 0.1736710667610168 0 0 0 1.744600042700768 0 0 0 0 0.253106027841568 0 0.6281539797782898 0.4249541163444519 0 0 0 0 0 0 0 0 0 0 0 0 0.2276457846164703 0 0 64.65227054804564 6.221702620387077 72.8843779861927 8.009335160255432 430.4838773235679 11.00782008469105 0.6601289212703705 12.13468963652849 0.6187942624092102 0 0.4893738627433777 0 1.050760865211487 0 0 0 0.1721923053264618 0
663.3453952968121 3335.213507667184 1104.123946845531 332.7462901175022 0 26.35750192403793 2991.377419106662 614.0556920394301 2978.373316884041 451.1243973076344 2079.352027572691 494.6551885902882 1861.310919597745 2397.414428412914 29.86210491508245 17.22366703301668 0.1923397555947304 0 0.1043915972113609 0.8177104219794273 0.7844162359833717 0.09400571882724762 0 0.1902628093957901 0 0.2347816303372383 0.1003449931740761 0 0.5331142321228981 0.08454251289367676 296.9056339338422 75.66441801935434 34.03152111172676 0.2412580624222755 0 0.1022192984819412 0.6398302316665649 0.1109260320663452 0 0.07670670747756958 0.2668615132570267 0.1163749098777771 0.1115532070398331 1.789664290845394 0.4617680683732033 0.5759382322430611 198.0794681757689 4.622648157179356 0.4638265371322632 0.3674886748194695 0.3977170512080193 1.35235407948494 0.1462182551622391 0.5981131866574287 3.15475656837225 8.874542947858572 23.48275692015886 107.7249531373382 19.08278626203537 38.94174339622259 0.5996682047843933 0 0 130.1679497137666 3.232938140630722 6.224487878382206 2.135609529912472 2.901917181909084 0.9135285019874573 0.2769180834293365 11.89843316376209 1.365135475993156 0.07718954235315323 74.37027804553509 190.4361471384764 155.899377413094 274.9217639788985 20.35256633907557 6.372784674167633 131.2683962136507 0.7375618517398834 0.9053925946354866 11.68658927828074 0.361591637134552 6.169463161379099 6.973411172628403 3.859598249197006 0 1.895373068749905 0.1861754059791565 0.3903608098626137 0.9416641592979431 0.1184231266379356 0.3207792863249779 0.4388146176934242 96.8044947385788 1.804435819387436 0 0.4539251178503036 43.33186662942171 0 0.2519387006759644 0.3950222879648209 0 0.2061686813831329 2.115671530365944 0 0.315230667591095 5.279226794838905 2.19326838850975 0.8664422333240509 11.20658008009195 21.79178107529879 14.76169752329588 8.436946719884872 0.1253405809402466 0.1231863349676132 0 0 0 0 0 0 0 0.1708312779664993 0 0 0 0 0 0 0 0 0 0.9409112334251404 1.687608227133751 0 0 0 0.6398947313427925 0 0.6957912892103195 0 0 0 0 0.1272483468055725 0.2502907812595367 0.3636248558759689 0 0 0 2.848258316516876 0 0.2368993610143661 0 0 0 0 0 0 0 0.4275552928447723 0 0 0.2218892276287079 6.384952940046787 0.379505455493927 0 0 0 0.1401731222867966 0.1313249170780182 0 0 0.1729408204555511 12.13467745482922 0 0 0 0 1.597561359405518 3.36223953962326 2.167418584227562 1.136483728885651 1.899976074695587 1.331016719341278 0 0.3256826400756836 0.9183279275894165 0 0 0 0.2763713598251343 0 0 0 2.874645419418812 0.2143467366695404 0 298.2529181167483 37.3530415147543 288.1958703100681 37.36346097290516 203.1046218946576 46.29146637022495 1.568729795515537 58.50800592452288 0.4581368416547775 0 1.362327918410301 0.2186030894517899 2.72676345705986 0 0 0.4005419909954071 5.627325221896172 0.7699106931686401
388.805434435606 331.8805431500077 61.92642270028591 260.8518204838037 26.35750192403793 0 183.4625510126352 2.257813259959221 4.216084539890289 494.4464152306318 5.359111979603767 59.74531154334545 47.5496870726347 8.068286165595055 0 0.9407952427864075 0.2796221226453781 0 0 0 0 0 0 0 0 0 0 0 0 0 19.25014513731003 0 6.196006298065186 0 0 0 2.446661114692688 0.7861512303352356 3.411578565835953 0 0 0 0.2268797159194946 0.4581362754106522 0 0.2383143305778503 0.7031346261501312 0.1494520902633667 0.340897411108017 0 0 0.4585122615098953 0.558349609375 0 0 0.2608859017491341 40.70754343271255 34.43313986063004 1.186128683388233 0.1199406236410141 0.156871110200882 9.907955512404442 0 0.1188445389270782 0.1042180955410004 0.1976979300379753 0 0.1585830301046371 0 0 92.69242271780968 26.28332054615021 0 1.419262260198593 4.668271906673908 1.366395108401775 2.21267569065094 0 0.1947402358055115 2.087213099002838 0.4610074460506439 3.105497404932976 0.4900369346141815 0 0 0.1026078090071678 0 0.8889206498861313 0.1473458111286163 1.423842579126358 0.3247426450252533 0 0 0 0 129.2993622720242 31.99422340095043 0.855597972869873 2.268049076199532 638.327816799283 0 0 0 0 0 0.1135110482573509 0 0 0 0 0 0 0.1579042971134186 0.5838676542043686 0 0 0 0 0 0 0 0 0 0 0 0 0 0 0 0 0 0 0 0 0 0 0 0 0 0 0 0.3489869236946106 0 0 0 0 0 0 0.1558988094329834 0 0 0 0 0 0 0 0 0 0 0 0 0 0 0 0 0 0.7384864091873169 0 0 0 0 0 0 0 0 0 0.3807085752487183 0 0 0 0 0 0.4554122090339661 0 0 0 0 0 0.2519570887088776 0 0 0 0 0 0 0 0 0 0 0 12.99964634329081 0.1360938400030136 2.203575484454632 0.3064609989523888 546.505757138133 2.352551519870758 0 0.6628082990646362 0.1910453587770462 0 0.1921137422323227 0 0 0 0 0 0 0
881.6512730792165 6724.738138154149 409.9409690052271 185.7949718758464 2991.377419106662 183.4625510126352 0 154.0878911390901 2392.098133273423 1916.30732986331 857.1477101370692 1075.30756804347 5853.762279383838 1019.619768403471 48.77062681317329 19.08254659920931 0.5606453642249107 0.333098903298378 0.14009989798069 1.017609730362892 0.9136248677968979 0.5375675559043884 0 0.1216544657945633 0.1729069650173187 0.7373819425702095 0.1425007730722427 0.288616456091404 1.804405227303505 0 164.581957757473 80.34133969992399 5.070559449493885 0.3366473540663719 0 0 0.8152102082967758 0.1039537489414215 0.6791739910840988 0 0.5441511869430542 0.3648104667663574 0.2863940447568893 2.616757936775684 0.1338740438222885 0.2732885330915451 436.3746896907687 14.66669304668903 0.7175099179148674 0.6918094307184219 0.3783388733863831 1.743841402232647 0.2006018161773682 1.934710413217545 5.671814113855362 20.52524082362652 76.40002250671387 181.203144364059 48.32500051707029 99.38164738565683 1.296693436801434 0 0 259.5634730532765 8.016509585082531 14.46117736399174 6.052771531045437 6.501081310212612 1.706661500036716 0.4004379734396935 31.26149179786444 1.91894643008709 0 203.8375449925661 500.3216117545962 374.405293315649 508.3634678795934 30.66329706460238 4.667051754891872 18.1351613253355 2.269480064511299 2.168098315596581 32.95357122272253 1.039927065372467 19.06060514599085 15.8437465429306 8.753146849572659 0.3290922343730927 2.703581891953945 0.3774661421775818 0.6279425993561745 2.129379868507385 0.4602336883544922 0 1.969986587762833 212.3955529630184 2.949198231101036 0 1.063678056001663 25.46813917905092 2.206598460674286 10.89523792266846 104.6546321362257 17.54518826305866 1.15098375082016 16.65661923587322 3.025826640427113 3.992852836847305 9.951395943760872 7.625658616423607 0.8433336466550827 15.43987412005663 30.94813863933086 22.762436658144 8.591928876936436 0 0 0 0 0 0 0 0 0 0 0 0 0 0 0.08622656017541885 0 0 0 0 4.666187167167664 1.752853468060493 0 0 0 2.243560314178467 0.3859322369098663 1.330944940447807 0.2675499618053436 0 0 0 0.3049830496311188 0.3892153054475784 0.8076541572809219 0.1899711489677429 0 3.745846599340439 4.029285825788975 0.09513293206691742 0.316796213388443 0 0 0 0 0 0.09146710485219955 1.192536480724812 1.486269183456898 0 0 1.057164862751961 13.55437433719635 2.653317667543888 1.086950451135635 0.2582028582692146 0.2987755164504051 0.08100253343582153 0 0 0 0 17.91502439975739 0 0 0 0.1181935369968414 2.594921827316284 4.183107137680054 4.673447266221046 7.152291193604469 12.14495392888784 14.80850841850042 4.597795099020004 1.668016344308853 0.1982271149754524 0.08240292966365814 0 0 0.3458694890141487 0.2345316261053085 0 0 2.555632531642914 1.335180878639221 0.2349142134189606 797.7008184045553 70.93586607277393 790.541731595993 86.73911835998297 839.6445906981826 100.9552494287491 3.948062732815742 178.2504182308912 2.1193982437253 1.2185343131423 6.887565016746521 0.1993193328380585 15.89988623559475 0 0 0.8245479166507721 13.80534147471189 0.6250702887773514
24.12139639258385 515.3255075365305 2352.462779991329 37.43976958096027 614.0556920394301 2.257813259959221 154.0878911390901 0 255.0692161694169 47.84937403351068 5095.678833886981 126.7132169082761 766.7987215667963 3262.620815135539 4.654216036200523 8.486293338239193 0.7565311044454575 3.967141047120094 0 8.546425111591816 8.998920992016792 0.7265673652291298 0.1393147706985474 0 2.898234874010086 0.2241192609071732 0 0.7352032661437988 0.5921971350908279 0 209.6516351252794 959.0428306460381 195.2789572402835 4.091734305024147 0.686804786324501 4.687136352062225 3.709076263010502 2.256874188780785 1.672268390655518 0.8302824199199677 2.884533457458019 0.5566169023513794 21.14762689173222 4.60553140938282 0.1502766460180283 4.114200592041016 24.96469304710627 3.53126036375761 2.950799107551575 22.40461157262325 2.68765527755022 2.374261982738972 0.2996228337287903 4.051302433013916 0.4950448200106621 0.6692897975444794 3.489894144237041 27.03048177063465 1.223263151943684 2.999699048697948 44.41694606840611 62.13316141068935 8.394643932580948 242.8367317840457 0.4054622426629066 2.887449190020561 1.403582766652107 7.493191942572594 44.80357848107815 16.28936143219471 15.64304280281067 0.4321118742227554 0 9.56363021582365 42.41617251187563 26.74377519637346 63.57512798905373 82.42750659584999 807.3857292756438 3412.968665085733 277.8182638734579 1400.869445979595 1.383544124662876 0 0.6361478790640831 1.079572252929211 21.95435406267643 0 0.6901968121528625 0.1439934074878693 0.6834275349974632 0.8747929558157921 11.32844953984022 1.199013188481331 1.289543218910694 37.18263067305088 0.9510457962751389 0 2.385874941945076 9.490558162331581 0.1572302281856537 0 0.4151020050048828 0 0.302374392747879 2.135608315467834 0 0 2.007818758487701 0.4731495678424835 0 2.279545322060585 3.757533580064774 7.571421451866627 4.182834416627884 0 0 0 0.4503451511263847 0 0 0 0 0 0 0 0 0 0 0.1491094827651978 0 0 0 0 0 0 0 0 0 0.4215893894433975 0 2.168405920267105 0.108668327331543 0 0 0 0 0 0.133212998509407 0 0 1.266780614852905 0.5695006549358368 0 0.4945145100355148 0 0 0.4377234727144241 0 0 0 0 0 0 0.2765152454376221 0 3.12733381986618 0.3131677806377411 0 0 0 0.144260972738266 0.5597548484802246 0 0 0 2.464053824543953 0 0 0.1520768105983734 0.564826488494873 0 0.3989246040582657 1.1330206990242 0 0.1556354463100433 0.922666609287262 0 0.1208131387829781 0.3366859555244446 0 0 0 0.1346338838338852 0 0 0 1.73236358165741 0 0.1056448668241501 42.39628791064024 3.863569147884846 41.15516677498817 5.184779331088066 19.89500802755356 2.899771846830845 0.4986051321029663 10.73738386482 0.6726028695702553 0 4.843676835298538 0 8.469660192728043 0 0 0 1.851306669414043 0
15.14939086139202 694.093428581953 426.2363919913769 75.09096018224955 2978.373316884041 4.216084539890289 2392.098133273423 255.0692161694169 0 483.8549496456981 1292.567755833268 421.1886492222548 2902.956900775433 3300.248339891434 31.81595408916473 20.39168199896812 0.404012031853199 0 0.2533197775483131 0.1404165625572205 0.9664816707372665 0.2777113616466522 0 0 0.07970316708087921 0.1049829497933388 0 0.1356486529111862 0.4892745018005371 0 57.63348996639252 71.12574625760317 2.477929890155792 0 0 0 0.280444048345089 0.1461909115314484 0.1810302063822746 0.1330881714820862 0 0 0 2.089617013931274 0.2808771654963493 0.5653598383069038 173.1819871664047 4.182500809431076 0.7196538001298904 0.2146751284599304 0.4544745907187462 0.7537968978285789 0.2832469642162323 0.697302520275116 0.882290430366993 3.197695292532444 15.31379068642855 31.75113273411989 11.10237731039524 28.05568907409906 0.5125736817717552 0 0 78.72067783027887 1.411296915262938 3.120225265622139 1.954057805240154 1.672820180654526 0.5523108169436455 0 14.23647993803024 2.795734256505966 0 46.05347399413586 99.24612837284803 112.5866580680013 213.0587448477745 21.45571861416101 12.56280309706926 34.2412278726697 0.988311879336834 1.296013109385967 6.376009605824947 0.7334302887320518 3.404609154909849 4.382736217230558 2.153472118079662 0.090692438185215 1.033768996596336 0 0 0.2461699694395065 0.08154202252626419 0 0.3695631697773933 110.3529476076365 1.162829637527466 0 0.2019362226128578 4.014816276729107 1.003059506416321 1.434597849845886 1.365368902683258 0.468180239200592 0.6973089724779129 3.717427708208561 1.064989119768143 3.102764904499054 6.000278607010841 1.639195308089256 0.2001487016677856 9.960641860961914 22.92616926878691 18.89830961823463 9.320924878120422 0.2853843569755554 0.788698136806488 0 0 0 0 0.1522674858570099 0 0 0 0 0 0 0 0 0 0 0 0 4.102049916982651 0.7811926156282425 0 0 0 1.024793922901154 0 1.031060695648193 0.1975335776805878 0 0 0 0 0 1.136389277875423 0 0 1.660308033227921 1.045096412301064 0.4907355606555939 0 0 0 0.1161927282810211 0 0 0 0 0 0 0 0.2729716077446938 9.192712284624577 0 0.5817313194274902 0 0 0 0 0 0 0 13.30172269046307 0 0 0 0 2.930969148874283 1.780500888824463 1.885734528303146 1.475185498595238 0.3301494419574738 3.096998482942581 0 0.5158615708351135 0.325394332408905 0 0 0 0.1622255966067314 0 0 0 1.674724817276001 0.2182915061712265 0 284.6203397586942 32.18042661249638 235.0537131950259 30.92815262079239 78.91017428785563 37.86886379867792 1.090307846665382 59.66107955574989 1.448316790163517 0 1.514315634965897 0 1.128219455480576 0.3189620971679688 0 0.1923284530639648 5.946284838020802 0.7342980206012726
1239.193001426756 743.6942477151752 51.03096777945757 980.7764263898134 451.1243973076344 494.4464152306318 1916.30732986331 47.84937403351068 483.8549496456981 0 255.245987214148 930.2496926337481 3525.639317944646 384.807859800756 20.81428381800652 18.57883911579847 1.805718988180161 0 0 0.3061748594045639 0 0.3033385276794434 0.1003574579954147 0 0 0.1352784186601639 0 0.107396312057972 0.3164176046848297 0 17.5127103254199 8.792172618210316 70.3850874453783 0 0 0 33.24710397422314 0.2339194566011429 0.7132215648889542 0.1092748641967773 0 0.1142342314124107 0 5.239517457783222 0 0.3982398435473442 127.9511992484331 3.208040229976177 0.4366751164197922 0.1136550754308701 0.5228047892451286 0.6665469780564308 0.1387253403663635 0.4657855778932571 1.074241578578949 3.815478473901749 23.49535333365202 55.69966576993465 14.21792773157358 22.75201723724604 1.573501020669937 3.314172640442848 0 27.79959847778082 1.855928592383862 2.465595409274101 1.108808510005474 2.154798455536366 0.41778165102005 0.1026143431663513 823.9919162616134 6.808082535862923 0 51.81003326922655 99.70789701491594 89.43999437242746 97.02130526304245 17.58854971081018 3.363305911421776 93.92159315943718 2.094484396278858 1.105307847261429 7.797171451151371 0.07611763477325439 4.438179194927216 3.51021721214056 2.29459273815155 0.07873120158910751 0.7921942993998528 0.1010292619466782 0.2541767358779907 0.5790058374404907 0 0 0.2580985724925995 1665.86838427186 12.58881533145905 0 0.1179341301321983 80.84575018286705 0.9464922547340393 2.0815110206604 2.706548094749451 0 4.325971156358719 8.249997034668922 41.44762113690376 7.733896091580391 34.30345666408539 197.0411099940538 3.465841948986053 44.11085513234138 154.7839954271913 93.88780111074448 22.15892644226551 0.1914974600076675 0.361696869134903 0 0 0 0 0 0 0 0 0 0 0 0 0 0 0 0 0 3.016706630587578 1.151413694024086 0 0 0 2.662090361118317 0.6573373377323151 3.482211768627167 0 0 0 0 0 0 2.568814694881439 0.7541933655738831 0 0.8862194418907166 3.10604439675808 0 0.1771788895130157 0 0 0 0 0 0 0 0 0 0.7052449882030487 0 20.24641679227352 0.5672663599252701 0 0 0.288835883140564 0 0.6648752689361572 0 0 0 35.27568666636944 0 0 0 0.144370973110199 7.942493408918381 5.916076168417931 7.019065365195274 1.253032796084881 0.8835664391517639 1.466206192970276 0 0.1570952832698822 0.5478494167327881 0 0 0.316890686750412 0.5795217752456665 0 0 0 11.93119330704212 0 0.8476474285125732 588.7095321267843 29.79329980909824 273.7389829903841 37.88334784656763 1206.677504219115 43.3971995562315 0.8496769815683365 119.7101398557425 1.88470333814621 0 4.47787044942379 0.3559626042842865 17.54004833102226 0 0 1.692267000675201 3.989093221724033 1.940619021654129
64.10560642927885 592.877057954669 3053.130615353584 38.54274371266365 2079.352027572691 5.359111979603767 857.1477101370692 5095.678833886981 1292.567755833268 255.245987214148 0 241.8246192708611 2476.866996243596 4479.549941107631 39.28950602561235 37.33785241097212 0.4366888180375099 0.4343629702925682 0 0.3875677436590195 0.3220148086547852 0 0 0 0.2526788860559464 0.2765014171600342 0.1580206602811813 0.1094248220324516 0.1162265688180923 0.1743808537721634 202.4462095424533 792.8891690671444 189.9049972295761 0.1359806656837463 0 0.1378605663776398 9.765328221023083 0 1.061752304434776 0.1065238416194916 0.1186996623873711 0.2476790249347687 2.065911971032619 7.740140646696091 0.4275389760732651 0.5253382697701454 150.7115068435669 2.983759164810181 0.9344626292586327 1.024712778627872 0.2427417486906052 0.312525749206543 0 0.9733910039067268 1.141840420663357 4.259060643613338 16.53906629234552 63.94561316817999 10.18296662718058 23.67828784137964 1.070953100919724 2.792247869074345 0.1502431929111481 145.348577812314 1.496294494718313 3.937389243394136 1.590505495667458 1.675278447568417 1.787017323076725 0.5250772535800934 69.24456231296062 0.8609284982085228 0 41.8663912191987 115.1357626542449 114.0935717821121 263.5236874446273 41.51117982715368 520.7778664380312 749.8020168840885 2.588289931416512 174.330644287169 5.153110139071941 0.3104729354381561 3.612440034747124 4.755660586059093 3.237684339284897 0.07832939922809601 1.009990327060223 0.3219378292560577 0.09006361663341522 0.2051421925425529 0.7635123282670975 0 0.2412505894899368 72.820282548666 0.1319944113492966 0 3.608879625797272 12.8645231872797 0 0.200776070356369 0.4344610571861267 0.1988296806812286 1.238633751869202 1.021843492984772 0.6879168748855591 0.8238676339387894 1.72938546538353 0.8372160792350769 0.2083945721387863 7.469479918479919 11.23763161897659 8.169694840908051 4.081798061728477 0.3919616490602493 0 0 0 0 0 0 0 0 0 0 0 0 0 0 0 0 0 0 1.446078896522522 0.6933300197124481 0 0 0 1.117174923419952 0 0.3638990819454193 0 0 0 0 0 0 1.207283645868301 0 0 0 0.8667504191398621 0.3287999927997589 0 0 0 0 0 0 0.2850475907325745 0.4842317998409271 0 0 0.5552203059196472 0.5633595734834671 6.570071965456009 0.1404913812875748 0 0 0 0 0 0 0 0 9.420229345560074 0 0 0 0 0.3198050111532211 1.254374459385872 1.011648818850517 1.500333428382874 0 2.859599128365517 0 0 0.5211399793624878 0 0 0 0.09220479428768158 0 0 0 1.489994257688522 0.5241665840148926 0.21616430580616 251.656630858779 24.87578822672367 224.053255520761 36.7098610624671 67.20518936961889 30.21982872486115 0.4621055200695992 54.30539536476135 1.471022844314575 0 1.325798936188221 0 0.8955667316913605 0 0 0 3.99336938560009 0.4051817655563354
59.4974954649806 144.4736137241125 90.58398205041885 148.5603996068239 494.6551885902882 59.74531154334545 1075.30756804347 126.7132169082761 421.1886492222548 930.2496926337481 241.8246192708611 0 1455.117696233094 315.6042753458023 22.34579263627529 22.43072614073753 0.8523670434951782 0.1331588178873062 0 0.1244758293032646 0 0 0.1047647297382355 0 0 0.1804718971252441 0 0 0.4826633781194687 0 7.125968560576439 8.901253052055836 76.47736269980669 0 0 0 59.13544136285782 0 0.3706481456756592 0.3415839374065399 0 0.2770552337169647 0 4.9446706995368 0.3655434101819992 0.6309670060873032 99.56151303648949 1.142317146062851 1.043367721140385 0.3250812515616417 0.850871816277504 0.5487624853849411 0.1572732180356979 0.2249170541763306 1.046766094863415 1.664989106357098 4.576362431049347 5.217064559459686 4.812455572187901 13.39100834727287 1.118248470127583 0 0 14.05334238708019 0.2589626014232635 1.445006422698498 1.316363431513309 0.3942021802067757 0.1798000782728195 0.5777125358581543 439.7663856819272 10.27859641611576 0 12.57211580127478 19.65594150871038 40.82260984927416 80.02298747748137 19.80866093188524 2.343677014112473 118.4666167795658 2.718431271612644 0.8206366449594498 2.046703852713108 0 2.096349187195301 1.138290472328663 0.9499396681785583 0 0.8280209377408028 0 0 0.2705844789743423 0 0.1242775544524193 0.2963257730007172 1415.270855307579 6.412482909858227 0 2.050737231969833 12.63799988478422 0.6133943051099777 1.689925491809845 2.909965753555298 0.7829298973083496 2.018437623977661 12.3644060343504 0.8836256414651871 8.894225284457207 10.78466744720936 7.97846882045269 3.704352498054504 48.37893058359623 63.31849956512451 79.41670471429825 28.42478443682194 0.4578030854463577 0 0 0 0 0 0 0 0 0 0 0 0 0 0 0 0 0 0 4.261200204491615 3.817280128598213 0.1579352766275406 0 0 4.921814411878586 0.6146077662706375 3.526581704616547 0 0 0 0 0.875294029712677 0 1.827865868806839 0.325564444065094 0 1.097644865512848 4.466782942414284 0 0 0 0 0 0 0.7397826910018921 0 0.17478346824646 0 0 0.265438437461853 0 26.91567614674568 2.674479708075523 0.2993711829185486 0 0 0 0 0 0 0 52.33121705055237 0 0 0 0 14.15210415422916 6.558010876178741 13.34024322032928 3.121691048145294 0 5.085530638694763 2.438562273979187 0.3440295308828354 0.3212631642818451 0 0 0.396832674741745 0.2985637784004211 0 0 0 4.717757597565651 0 0.2855278700590134 421.1750026643276 25.61617261171341 174.9227057695389 31.67939864844084 241.5202809274197 25.91934292763472 0.7633531242609024 90.37013100087643 3.769524276256561 0.211237296462059 10.90750201791525 0 14.61297909915447 0 0 0.5604644417762756 3.494551435112953 0.830549031496048
146.7254928126931 770.2270121499896 550.91022105515 184.2886063829064 1861.310919597745 47.5496870726347 5853.762279383838 766.7987215667963 2902.956900775433 3525.639317944646 2476.866996243596 1455.117696233094 0 4388.856853142381 120.5517546981573 188.9454350993037 8.842107139527798 1.599576592445374 0.1879051253199577 1.655917137861252 1.211232282221317 0.7256852015852928 0.307964026927948 0.09736622124910355 0.1190952435135841 0 0.2224966958165169 0.1089665293693542 0.8357073366641998 0 41.23672768473625 68.83647296577692 1296.954803600907 0.107257679104805 0 4.881620809435844 50.79363673180342 3.688925392925739 10.47604812681675 0.6250374764204025 0.6494530811905861 0.4656614363193512 3.346003286540508 49.02612618356943 0.7352465093135834 5.410754553973675 288.7382193729281 4.14460239559412 3.198752783238888 6.010124862194061 2.057181872427464 1.232200384140015 0.3706670701503754 4.272674739360809 2.375118046998978 6.030918970704079 13.74100381880999 25.12811874598265 15.25056226551533 33.7480012178421 8.790021456778049 7.508204527199268 0.09992650896310806 62.40733473747969 1.626613989472389 5.682759627699852 2.964739136397839 4.469467125833035 9.276589453220367 3.055003292858601 777.4936485290527 14.68961295485497 0 35.13504100590944 71.77183149009943 160.6999658644199 348.2797753587365 167.2573719397187 26.99121484905481 1588.363626621664 15.90323105454445 17.72548105567694 8.913463599979877 0.5070293322205544 5.338116966187954 5.004156015813351 8.28202885389328 0.2258228734135628 2.890266418457031 0.1819671988487244 0.2348616346716881 0.9202119335532188 2.565566502511501 0.5325717031955719 2.955246523022652 1520.538441382349 34.76177915930748 0.2708421647548676 10.8612879961729 16.9820773229003 0.8388552069664001 1.105180233716965 5.275448486208916 2.1606824696064 2.702038541436195 20.20943677425385 12.46458803117275 11.68993146717548 48.08738014101982 49.00188788026571 6.787812143564224 65.59259139746428 151.0288426429033 352.6700858846307 42.52006782591343 0.3536745011806488 1.711396887898445 0 0 0 0 0 0 0 0 0 0 0 0 0 0.402591347694397 0 0 0 8.394194692373276 3.297783613204956 0 0 0 4.496004953980446 0 7.941827282309532 0.1980826258659363 0 0 0 0 0.5210233628749847 3.441907227039337 0 0 4.287480115890503 7.56730155646801 1.131852880120277 0.6184044480323792 0 0 0 0 0 0 0.5991031229496002 0.6677522361278534 0 1.679343178868294 3.258455879986286 53.09086653590202 4.233995273709297 0.632817417383194 0 0 0.1732409819960594 0.219893217086792 0 0 0 92.17807669937611 0.5595666170120239 0.4337988793849945 0 0 18.397022806108 14.2900305762887 14.22479951381683 4.981287747621536 2.19945752620697 7.737610183656216 0.3362336903810501 1.531140692532063 0.6471089050173759 0 0 0 0.2081952318549156 0 0 0 21.04438123106956 1.53521640598774 0.5437905788421631 707.3270350322127 91.20234339311719 493.0017829090357 87.64771508425474 207.2315765097737 80.33158380538225 3.960899606347084 188.892732091248 9.255257993936539 0.6570900529623032 9.574457183480263 1.308030441403389 16.94632591307163 0 0 1.487581580877304 20.68466526269913 2.454405546188354
62.0171642228961 534.9070994406939 1487.762873075902 13.06261906027794 2397.414428412914 8.068286165595055 1019.619768403471 3262.620815135539 3300.248339891434 384.807859800756 4479.549941107631 315.6042753458023 4388.856853142381 0 75.6396811157465 102.4497694000602 4.388404913246632 0.2099008560180664 0.1099501550197601 1.063505679368973 0.606805756688118 0.4791997894644737 0.08680690079927444 0 0.5544487908482552 0.5709841996431351 0.2094614803791046 0.1290137022733688 0.119696743786335 0 86.74496652185917 165.5743104219437 496.7257992625237 0.2917048633098602 0.08516472578048706 0.4479290395975113 127.2525913268328 0.8127328008413315 4.941512577235699 0.3172005265951157 0.2442799881100655 0.2331014573574066 1.605184867978096 27.75165202468634 0.8532250672578812 3.028741002082825 230.3301178589463 3.865749642252922 3.745458543300629 2.881458729505539 0.3619770035147667 0.60405483096838 0 1.418325774371624 0.9506762698292732 4.222192741930485 14.33526463061571 30.88718022406101 10.20861291885376 30.53016437590122 2.425865583121777 0.9976923614740372 0.2026559263467789 81.39462999999523 1.07829250395298 4.469712112098932 2.030510865151882 3.193228125572205 4.153035178780556 1.508283145725727 1749.394924260676 9.41415236890316 0 33.9211324006319 76.66024897247553 134.5217231065035 316.8329420685768 103.099633410573 144.2170705348253 816.2135574743152 7.522091805934906 44.42224807292223 7.394064448773861 0.2277990505099297 4.597864590585232 4.080171648412943 3.246933028101921 0.1612773016095161 1.6915567740798 0.2537174224853516 0.5283791422843933 0.5470952838659286 2.364674814045429 0.167113870382309 0.5998032540082932 246.8955076932907 11.33769326657057 0 6.735983997583389 12.97916652262211 0.6132759153842926 1.769120723009109 0.8109434843063354 0.9334802627563477 0.5444998890161514 7.976700395345688 0.8779840171337128 2.016804814338684 9.976377472281456 4.576100885868073 0 23.13161340355873 39.90193995833397 37.39731887727976 22.80628262460232 0.9375332444906235 0.1205061003565788 0 0 0 0 0 0 0 0 0 0 0 0 0 0.1366078555583954 0 0 0 2.781981348991394 0.9823604822158813 0 0 0 3.257328554987907 0.395841509103775 6.023626238107681 0 0 0 0 0 0 1.434028550982475 0 0 3.210111260414124 4.781893640756607 0 0 0 0 0 0 0 0 0 0.4727584719657898 0 0 0.3564756214618683 23.77972635626793 1.022593021392822 0.3287603557109833 0 0.09178908914327621 0 0 0 0 0 30.27272519469261 0.4969611763954163 0 0.1001513600349426 0.194251760840416 8.915449112653732 3.252281039953232 7.761186555027962 0.9368284940719604 0.9945594668388367 2.563590914011002 0 0.2892227619886398 0.225618451833725 0 0 0.3782109916210175 0.1510511785745621 0 0 0 5.184493377804756 0.268533319234848 1.060528121888638 530.132498562336 50.86164145171642 352.4008691683412 63.32860344648361 76.52098023891449 57.14854326844215 1.173084460198879 132.7520808205009 3.464729987084866 0 3.910585820674896 0.2901764214038849 4.466111153364182 0.4648166000843048 0 0.9866175651550293 11.71350129693747 1.2293451577425
2.149451941251755 8.018192052841187 4.452475488185883 2.052735634148121 29.86210491508245 0 48.77062681317329 4.654216036200523 31.81595408916473 20.81428381800652 39.28950602561235 22.34579263627529 120.5517546981573 75.6396811157465 0 2263.764994122088 237.6934933438897 13.41146375983953 46.78442671895027 3.610105186700821 0.9056536108255386 0 0.2253243923187256 0.2001806944608688 8.081220850348473 0.1116554215550423 1.359742075204849 0.3353023827075958 4.188032947480679 0.985489696264267 0.7506727948784828 3.041104570031166 59.61621255427599 1.146880336105824 0 4.766753867268562 115.8583952635527 14.59785751998425 86.47039001435041 27.56172135472298 0 0.5747187659144402 3.565617457032204 543.2534841373563 47.05495262145996 96.31942894309759 563.3225004673004 5.385882183909416 14.28919805586338 18.35513228178024 0.4992245733737946 0.433373786509037 7.658273607492447 1.273845925927162 0 0.7230646535754204 3.378350436687469 0.5963408723473549 16.16546683758497 776.8586242869496 29.83541149646044 9.182000637054443 1.250510767102242 9.187609471380711 0.4808330237865448 2.288148179650307 1.038060232996941 1.94195419549942 7.024435818195343 0.7545803114771843 172.3366086557508 23.02707409858704 0.2308628857135773 713.0214403644204 13.59190455079079 2235.765198417008 313.3702699169517 1059.617605037987 51.18397328257561 195.1464447453618 69.62028042972088 82.73199294507504 4.284534424543381 0 2.021226450800896 1.658950306475163 10.44852312654257 0 0.1208611205220222 0.1319928169250488 0.3566775992512703 0.3307453468441963 0.6299284398555756 0 0.5292123481631279 37.27208753675222 46.98568373918533 0 47.27044600993395 0 0 0 0 0 0 0.3636265844106674 0 0.2255239933729172 1.092178180813789 0 0 0.626466229557991 0.1130551695823669 2.119572207331657 1.087944537401199 0.5514156892895699 1.754482626914978 0 0.1067819893360138 0 0 0 0 0 0 0.1756496727466583 0 0 0 0 0 0.1371631026268005 0 0 0.439727671444416 0.5032312721014023 0.2662621438503265 0 0 2.721988134086132 0.5411630421876907 1.315602995455265 0.7839864641427994 0.1688170433044434 0 0 0.1097612753510475 0.5857949405908585 2.139185167849064 0.3756886646151543 0 0.650309719145298 2.068980276584625 0.1183646395802498 0.197283461689949 0 0.1408780813217163 0 0 0 0 0 0.3357057869434357 0 0.5808589458465576 1.932067647576332 5.361680790781975 0.5845846235752106 0.2744848430156708 0.1043897494673729 0.2050559818744659 0 0.1523764133453369 0.1181760430335999 0 0.1258655339479446 3.30174408853054 0 0 0 0 3.242913775146008 1.969606988132 3.180197149515152 1.052417196333408 0 1.249684475362301 0.584415927529335 1.276359520852566 0.0955396369099617 0 0 0 0.1140875667333603 0 0 0 0 0.09943994134664536 1.133933141827583 160.6187874823809 8.152317181229591 483.2955280765891 70.8522901237011 22.13291831314564 14.28973192721605 1.849248588085175 91.06366346031427 5.162750445306301 0 3.192073471844196 0.2509107142686844 5.022407814860344 0.4761369824409485 0 1.063237935304642 4.230357311666012 0.6214055716991425
