0 3583.738910667598 666.6948830634356 614.8567477464676 676.5770587921143 89.98380754888058 1589.565538749099 54.82176897674799 177.0548913404346 1245.569902703166 336.8950352221727 211.7462144196033 259.0374586805701 120.2331009954214 2.485186547040939 1.365721940994263 0 0 0 0 0 0 0 0.4064539968967438 0 0 0.353609710931778 0 0 0 415.1331430226564 0.5876138508319855 23.3782374560833 0 0 0.6861065030097961 3.188230365514755 1.578648746013641 0.4859669655561447 0.5131101310253143 0 0 0.2614542543888092 0.1136399656534195 0 0 10.7277020290494 0.4140631407499313 0.08446517586708069 0 0 0.5818296670913696 0 0 2.544937811791897 4.247788742184639 306.1906815320253 696.2439417690039 15.87860236316919 10.06404902040958 0 1.303201213479042 0 1.407643370330334 4.528253369033337 0.6118088737130165 0.2437300756573677 0 0 0 5.349591612815857 14.63703048229218 0.7448531836271286 337.5397384613752 2.955989599227905 6.634780511260033 3.07709589600563 0.4663194641470909 0.1016563847661018 8.44810213893652 0 0.8249353691935539 3.943112283945084 0.5963918566703796 0.6691626235842705 3.503927364945412 0 1.577471911907196 0.5123847499489784 1.251750066876411 0 0.111636720597744 0 0 0 24.74020107090473 4.346759557723999 0 0.5429083853960037 710.6710870414972 0 0 0 0 0 0.8423645347356796 0 0.5349323004484177 118.6902884989977 0 0 0.7624207586050034 0 2.561021864414215 0 0 0 0 0 0 0 0 0 0 0 0 0 0 0 0.1833477914333344 0 0 0 0 0 0 0 0 0 0.1289932727813721 0 0 0 0 0 0 0 0 0 0 0 0 0.1070628017187119 0 0 0 0 0 0.1172503456473351 0 0 0 0 0 0 0 0.5370545983314514 0 0 0 0 0 0 0 0 0 2.806336678564548 0 0 0 0 0.1086972430348396 0 0 0 0 0 0 0 0 0.1084323078393936 0 0 0.1090373694896698 0 0 0 0.924413837492466 0.2654088512063026 0.1174504458904266 12.63575427234173 1.915840417146683 32.60226585716009 7.305192299187183 479.2777495086193 25.57384521514177 0.6269088536500931 4.777121290564537 0.585769459605217 0.2081658542156219 0.3212100937962532 0 0 0 0 0 0.1071868166327477 0
3583.738910667598 0 972.1320908591151 177.4983989745378 4534.636250011623 84.71269937604666 4708.141288809478 290.2686312794685 6013.972502544522 319.4703386500478 2097.121626317501 56.01383121311665 553.1974354088306 536.3152347281575 12.18740168958902 6.072026289999485 0.09433931857347488 0.432088278234005 0 0 0.2798697501420975 0.3195635378360748 0 0 1.378947705030441 0.8127438575029373 0 0.1358595490455627 0.1651384085416794 0 2408.798807062209 9.619469314813614 66.90094557404518 0 0 1.315550416707993 9.08203536272049 5.970442377030849 1.54352667927742 3.00319666415453 0 0.253541000187397 0 0.3410299047827721 0 0.1159692034125328 147.4114116579294 11.31764662265778 0.2776544988155365 0.1779723763465881 0.617920808494091 0.0975722000002861 0.3216263949871063 0 13.5331354290247 49.05091744661331 162.5541598126292 1094.249291524291 22.83777236938477 75.27465136349201 0.2276796847581863 2.832892224192619 0 67.12929221987724 44.75303610414267 9.070743165910244 3.363336183130741 1.218334600329399 0.6184971332550049 0.8917400166392326 5.978178769350052 2.192914143204689 0 579.6696027517319 67.4218572229147 84.95984296500683 22.15982428193092 1.08988694101572 0.7608466148376465 34.27095670998096 0.4860054552555084 2.307799369096756 39.59697209298611 2.802314840257168 14.77376864850521 30.85933046787977 4.375063553452492 0.3310019448399544 6.562897510826588 0.7190199419856071 0.1192291304469109 0.5371505841612816 1.023105442523956 0.3430223912000656 0.7960623651742935 45.18061897158623 0 0 1.086409337818623 601.2380016297102 0 0 0 0 0.3860530257225037 2.552634358406067 0 1.065852865576744 192.1142397224903 0.5739124864339828 0 7.106537170708179 1.338841669261456 8.663485571742058 1.872873276472092 0 0 0 0 0 0 0 0 0 0 0 0 0 0 0 0 0 0.4470557272434235 0 0 0 0 0 0 3.772032424807549 0 0.1187723577022552 0.2140210121870041 0 0 0 0 0 0 0 0 0 0.08763870596885681 0 0 0 0 0 0.4705837741494179 0 0.5912988185882568 0 0 0 0 0 2.220931217074394 0 0 0.2029756531119347 0.1179026439785957 0.1901873052120209 0.1274013817310333 0 0 0.1687885522842407 15.9056039750576 0 0 0 0.138468474149704 1.729577854275703 0 0 0.4798642545938492 0 0.0983283668756485 0 0 0 0.8493466377258301 0.1217333301901817 0 0.6478318050503731 0.09769943356513977 0 0 2.936033867299557 2.332170777022839 1.649325028061867 72.06616102159023 34.82859503477812 483.6120564714074 63.93113349378109 281.4242488667369 109.3436932042241 5.833988331258297 28.79686056822538 1.71708957105875 0.9518545344471931 1.586883954703808 0 1.654453590512276 0 0.3145503848791122 0 0.5530813038349152 0
666.6948830634356 972.1320908591151 0 3.403619274497032 589.3404688760638 2.710518822073936 141.7272241637111 4263.00055642426 1277.999508783221 2.230445832014084 4225.791107699275 16.53103901445866 581.4392451941967 1027.128411829472 36.14050477743149 31.5001415759325 7.517938509583473 6.348727963864803 0.6979700922966003 7.303316682577133 12.09955025464296 0.2125884294509888 0.2873510718345642 2.808161079883575 21.84910809248686 2.451871417462826 7.898719638586044 0.4802644550800323 0.5525579079985619 0.4612623751163483 4670.296995662153 957.2840346395969 429.2388780415058 0.3274156153202057 1.200534075498581 35.7647427469492 67.58629742264748 87.94090956449509 21.76875830441713 23.34779639542103 19.16251154989004 5.12292692065239 3.56383353471756 3.619356155395508 0 2.976636573672295 127.6103570014238 12.01319551467896 6.784948483109474 17.95662012696266 44.94006016105413 2.196901008486748 3.881571829319 2.449123665690422 7.106726042926311 21.98400817066431 106.5625289827585 1776.958896197379 13.61391948163509 48.57307744026184 38.06374661624432 129.0401500537992 3.877211421728134 423.7328152433038 24.71483009308577 9.376009114086628 10.67997019737959 18.16212597489357 18.44658948481083 77.28818026930094 41.08880146592855 6.851570136845112 0.6973282247781754 384.1837444975972 95.21353340893984 70.81732591241598 33.94760143011808 5.224445447325706 243.8590614944696 1114.367864400148 147.7627258300781 425.4609427750111 22.58819829672575 1.075010105967522 9.00871254503727 19.49863196909428 18.4557965323329 0.3423055931925774 7.316956885159016 0.2613641172647476 3.493169352412224 7.444827549159527 54.47407609224319 29.92343543469906 5.798761539161205 23.23091481626034 1.28077244758606 0 7.323976099491119 256.9665289074183 0 0 0 0.1615700423717499 0 1.373983561992645 0.1236291825771332 1.488782405853271 0.3728063255548477 0.2660152390599251 0 5.529923722147942 2.418172337114811 15.52625565975904 2.472887180745602 0 0 0 0 0 0 0 0.1309290677309036 0 0 0.6503031402826309 0 0 0 0.911219596862793 0 1.676632136106491 0.5372538417577744 0.5625507235527039 0 0 0 0.3576297760009766 0 5.96356562525034 0 2.980785325169563 11.14121881127357 1.010377332568169 0 1.0318623483181 0.424646407365799 0 0 0 0.4978549182415009 0.5880544260144234 0.6575055345892906 0 0.1692039370536804 1.401546709239483 3.746843472123146 3.270434275269508 0.1015147417783737 0 0.09364818781614304 0 0 0.4341100454330444 0 1.75695863366127 5.053474992513657 0 0 0.09470131993293762 0.1190908849239349 0.3536501824855804 0.2576143443584442 0.3575271889567375 0.2763741016387939 2.560973569750786 30.96075247228146 1.141042366623878 0 0.3933739364147186 1.295543387532234 1.460267581045628 0.2163743078708649 1.043193094432354 0.6940466016530991 0 0 0 0 1.141822449862957 0.4920423999428749 0.485056534409523 0 0.869749628007412 0.6186755299568176 0.9508095681667328 0.4367660731077194 4.466406941413879 6.701033920049667 12.36172725260258 154.4656066074967 34.03061830997467 333.9063054248691 44.50928484648466 42.86981552839279 51.72685106098652 4.644320763647556 50.23269311338663 6.992585957050323 0.7669602409005165 1.986170753836632 0.5067954137921333 0 0.156454935669899 0.1013614311814308 0.6010974273085594 3.220267042517662 0
614.8567477464676 177.4983989745378 3.403619274497032 0 34.50840294361115 71.64430619776249 773.3695971667767 0 31.77241054922342 801.4719142019749 1.258870266377926 278.5404174029827 342.9795582890511 36.60174515843391 0.09394232928752899 0 0 0 0 0 0 0 0 0 0 0 0 0 0 0 9.999299071729183 0.1151998937129974 0 0 0 0 0 0 0 0 0 0 0 0 0 0 7.899386346340179 0.682664766907692 0 0 0 0 0 0 1.474637903273106 2.794106356799603 22.0706453025341 95.84299574047327 3.102508202195168 5.864386737346649 0 0 0 1.657166086137295 4.077835693955421 0.7946985140442848 0 0.1702565774321556 0 0 0.7057934403419495 0 0 68.99152459949255 2.768980406224728 5.175514429807663 0 0 0 0 0 0.1019700914621353 2.59808624535799 0.2005754187703133 0.7152527496218681 2.304569505155087 0.1027021035552025 0 0.1397463232278824 0 0 0 0 0 0 14.72439271211624 0 0 0 46.62162701785564 0 0 0 0 0 0.7273897528648376 0 0 18.89178031682968 0 0 0 0 0.1366388201713562 0 0 0 0 0 0 0 0 0 0 0 0 0 0 0 0 0 0 0 0 0 0 0 0 0 0 0 0 0 0 0 0 0 0 0 0 0 0 0 0 0 0 0 0 0 0 0 0 0 0 0 0 0 0 0 0 0 0 0 0 0 0.1005760654807091 0.1407223790884018 0 0 0 0 0 0 0 0 0 0 0 0 0 0 0 0 0.1709651798009872 0 0 0 0 0 0 2.357293114066124 2.502676136791706 28.04064535349607 1.935038432478905 95.67605286836624 9.86516784876585 0.6729040816426277 0.6844187751412392 0 0 0 0 0 0 0 0 0 0
676.5770587921143 4534.636250011623 589.3404688760638 34.50840294361115 0 41.65181012451649 2927.6894447878 80.02152147144079 11375.02723644674 231.9143452569842 976.0785537883639 4.045749440789223 462.4055209159851 429.2669360712171 29.88531162589788 13.22884587198496 0.2663380801677704 0 0 0 0 0 0 0.145956739783287 0.2970034927129745 0.755428820848465 0.1372724175453186 0 0.5292743444442749 0 340.1812267079949 21.87074859440327 20.52975775301456 0 0 0.426551342010498 1.562743671238422 1.202265359461308 0.6086868941783905 0.5745209828019142 0.1048276126384735 0.4065422713756561 0 0.9330196529626846 0.1409135013818741 0.2069480046629906 259.7302905097604 14.9835786819458 0.1972049027681351 0.09109285473823547 0.6556455120444298 0.1600669920444489 0 0.1219777166843414 13.12513414025307 40.20268159359694 47.00337298214436 354.7672250419855 15.7598972171545 89.36072861403227 0.3793195933103561 0.1552756577730179 0 130.4805202037096 43.68058582395315 9.046537652611732 3.767836064100266 2.15094306319952 0.3094213306903839 0.7939523607492447 11.78327107429504 10.33242271840572 0.3013189285993576 282.5840127468109 95.21261915564537 157.1062283441424 72.69954557716846 4.259699575603008 1.369002275168896 6.996747851371765 0.5381308495998383 0.5300922840833664 44.63754871487617 1.421093620359898 16.31454642862082 30.48207625746727 5.239719361066818 0.667414665222168 7.104917250573635 0.6027376651763916 0.4128827899694443 1.212934620678425 0.425069086253643 0.2680136039853096 0.3956200927495956 254.119868516922 0 0 0 78.73787195980549 0.209868386387825 0 0.1612899899482727 0.2240823358297348 0.4095528870820999 18.41846260428429 0.7652552872896194 8.720071107149124 3.620214179158211 5.436481557786465 0.9374915957450867 55.70591568946838 14.66691681742668 82.71991439163685 18.98520450294018 0 0 0 0 0 0 0 0 0 0 0 0 0 0 0 0 0 0.4807769656181335 0 0 0.4689192175865173 0 0 0 20.62233324348927 0 0.9766568541526794 1.262526214122772 0 0 0 0 0 0 0 0 0.9746728166937828 0.5269582122564316 0.08938354998826981 0 0 0 0 0.2000039517879486 0.2544774115085602 0 0.7991763204336166 0 0 0 0 13.5672926902771 0 0 0.2899851575493813 0.4142029583454132 0.4915688931941986 0 0.1216573715209961 0 0 122.878593377769 1.012627393007278 0 0 0.424202099442482 7.369220040738583 0 2.489202842116356 1.213570863008499 0.9108586609363556 0.09595877677202225 0 0.1034818664193153 0.1686934977769852 0.4384004771709442 0.2155091390013695 0 0.5066819116473198 0.1518480330705643 0 0 23.71608912199736 12.49279820173979 4.676453560590744 225.7226538956165 43.61482797563076 869.4716142266989 109.3644603341818 206.1674625352025 95.20293271541595 8.16800344735384 106.0278730764985 7.87057663500309 1.480737842619419 10.465536929667 1.604732036590576 2.191416934132576 0.7766764312982559 0.715611144900322 0.4734710901975632 1.707103535532951 0
89.98380754888058 84.71269937604666 2.710518822073936 71.64430619776249 41.65181012451649 0 519.3862025514245 1.156323119997978 62.49200323224068 830.1499596983194 3.931089669466019 209.2753949016333 349.6893211305141 51.63136355578899 0 0 0 0 0 0 0 0.6775977462530136 0 0 0 0 0 0.2219629287719727 0 0 0.8536399081349373 0 6.195078492164612 0 0 0 3.137562066316605 0 0.1811954081058502 0 0 0 0 0 0 0 0.2081627398729324 0.6090342178940773 0 0 0.5150301158428192 9.744198068976402 0.863176167011261 0 0.2477163076400757 0.721541203558445 165.3097893744707 18.66869004070759 1.736293494701385 0.09264610707759857 0 0 0 0 0.1143327653408051 0.3967625349760056 0.544680267572403 0.8491137325763702 0 0 220.9003237187862 302.1360759288073 21.80291897058487 0.08994867652654648 0 0.1697630658745766 0.2113312184810638 0 0 0.5980723947286606 0 0 0.2682156637310982 2.658779233694077 0.07186727970838547 1.661343738436699 0 16.60158252716064 5.003835931420326 13.53446209430695 0 2.993275955319405 0 0 0.1804606914520264 372.6228684335947 92.36923584342003 14.44814002513885 0.7451262772083282 245.3147857487202 0 0 0 0 0 0.1698988080024719 0 0 23.97276946902275 0 0 0 0 0.1257956624031067 0.3358562961220741 0 0 0 0 0 0 0 0 0 0 0.6877499371767044 0 0.3075933158397675 0 1.337661027908325 0.1853061616420746 2.029261916875839 0 1.027042806148529 0 0 0 0 0 0.1120780184864998 0 0 1.155028522014618 0.4160711169242859 0.1623863577842712 0 0 0 0 0 0 0 0 0 0 0.1766336113214493 1.970921069383621 0.2616217136383057 0 0 0 0 0 0 0 0 0 0 0 0.1563385725021362 0 0 0 0 0 0 0.3514886572957039 2.536138772964478 0 0 0.1921537667512894 0 0 0 0 0 0 0 0 0 0 0 0 0.1897369027137756 0 0 0 0 0.3495669811964035 0.9430666714906693 1.031264290213585 0.5129596889019012 1.635488711297512 0.7465277388691902 423.8922785669565 3.089064806699753 0.08278132975101471 0 0 0 0 0 0 0 0 0 0 0
1589.565538749099 4708.141288809478 141.7272241637111 773.3695971667767 2927.6894447878 519.3862025514245 0 14.16034536808729 2059.974732413888 2515.200488209724 286.6777778640389 67.28453430533409 4893.918134741485 4433.179346844554 24.34958826005459 11.47869027405977 0.3774464726448059 0 0 0 0 0.2518099471926689 0 0 0 0.5103092044591904 0 0.4669951647520065 0.3942461907863617 0 249.0824747011065 17.2053030654788 4.41829651594162 0 0 0.1846884191036224 1.91331522166729 1.156147316098213 1.478967487812042 0.9988999143242836 0 0.6498107016086578 0 0.2186001390218735 0 0.1124935448169708 285.8732375651598 20.20902152359486 0.1784274280071259 0.1175084486603737 1.233121275901794 0.5370646268129349 0 0.9673265218734741 20.54182676970959 74.33496561273932 144.8273536339402 792.1984428614378 30.23924738168716 115.3029491901398 0.1032757684588432 1.083741426467896 0 125.5509066283703 77.45370649546385 16.61744163185358 4.591362632811069 2.496249809861183 0 1.242731019854546 14.00941489636898 11.64846388995647 0.7000088021159172 647.712104216218 109.1999074816704 149.4181998297572 51.37400080263615 3.477360337972641 0.5498557984828949 3.358440898358822 0.4054195880889893 2.271821521222591 68.23683075606823 3.527424179017544 28.77658592909575 53.36136342585087 4.39858540892601 0.544248454272747 6.692992120981216 0.9878507554531097 0.6122324839234352 1.032318256795406 0.7730709612369537 0 0.8357923552393913 981.5133477449417 1.061649009585381 0 0 223.0883795320988 0 0.4546519219875336 1.33794704079628 0.933419480919838 0 18.98647414892912 0.9472013413906097 15.55247268080711 29.65970411896706 8.571633279323578 0.5108697116374969 76.28167197108269 12.91378226131201 87.28010702133179 16.09306595474482 0 0.1240214481949806 0 0 0 0 0 0 0 0 0 0 0 0 0 0 0.237505629658699 0.3020152151584625 0 0 0 0 0 0 16.58411516994238 0 1.519848465919495 0.336412712931633 0 0 0 0 0 0 0 0 0.6977013126015663 0.9812150001525879 0.1654359102249146 0 0 0.1338368952274323 0 1.012513764202595 0.3426439389586449 0.359985813498497 0.7861530259251595 0 0 0 0 13.44291464239359 0 0.2476658374071121 1.354533061385155 0.2012412697076797 0.1260832101106644 0 0.1003280058503151 0 0 108.0301221460104 1.160580962896347 0 0 0 10.65702117234468 0.279850959777832 3.831516981124878 1.582929983735085 0.2410014122724533 0.4072938039898872 0.5056510865688324 0 0.3598191812634468 0.769422821700573 0.6287673711776733 0 1.766356721520424 0.1011237502098083 0 0.254349447786808 25.24656342715025 9.773313701152802 6.443260341882706 188.2081227004528 56.27454557269812 961.9514883160591 124.312501475215 1175.249868862331 165.5549128130078 12.1521422341466 70.97835849225521 8.509230971336365 1.837029740214348 10.98249447345734 1.417419694364071 7.405115365982056 0.1188914179801941 0.434867300093174 1.970516853034496 0.3181026130914688 0
54.82176897674799 290.2686312794685 4263.00055642426 0 80.02152147144079 1.156323119997978 14.16034536808729 0 474.4334230348468 1.657586276531219 1981.449720822275 18.42765195667744 771.2855903729796 2180.2354644835 37.69579127430916 26.25178252905607 6.520028054714203 4.008740812540054 0.6761018335819244 4.669412791728973 12.51088574528694 0.8024953603744507 0.4722422212362289 2.361054584383965 19.99449080228806 1.595864146947861 6.38443885743618 0.1703835278749466 0.3460319638252258 0 867.5355274379253 2888.41309338063 676.7294816449285 0.4630262702703476 0.233052983880043 22.58254553377628 71.80732219666243 48.54602811485529 10.54849195480347 15.88029654324055 20.0456775277853 2.492418140172958 2.634373426437378 70.64346268028021 0.6542372107505798 21.71043077111244 106.4316415637732 6.63428059220314 5.074830591678619 10.56116011738777 34.5585877597332 0.4654537066817284 2.735072284936905 1.281890496611595 2.675721041858196 8.902333036065102 18.16059917956591 204.251874729991 2.818549290299416 30.97466843575239 43.49861039221287 150.4296796098351 3.951824530959129 212.7146697938442 8.945650570094585 5.553545773029327 11.08351320028305 15.69413743913174 13.57596243917942 67.29793048650026 35.31451949477196 3.03492383658886 0.1518533825874329 95.54928065091372 61.96897708624601 73.81949704140425 80.49032910168171 899.348621584475 1141.483878448606 2923.721843905747 382.9016083925962 1221.187012478709 11.40029405802488 0.3243276104331017 4.78597154468298 11.02346947044134 11.42866869270802 0.3766239956021309 3.986108168959618 0.493648573756218 4.39041592925787 2.894109286367893 65.84901949763298 31.9341504573822 7.983072906732559 14.58268786966801 0.7770472913980484 0.2136511206626892 8.310738787055016 35.07971951365471 0 0 0 0 0 0.2568669766187668 0 0.728278174996376 0 0.2917635589838028 0 1.021088093519211 1.048603191971779 6.147766754031181 1.439799316227436 0 0 0 0 0 0 0 0 0 0 0.1492278873920441 0 0.5668743997812271 0 0.2521295249462128 0 1.511873826384544 1.489898756146431 0.6967786252498627 0 0 0 0 0 3.982689931988716 0 1.1800517141819 6.831842958927155 1.043583124876022 0.1667425930500031 0.4680493772029877 0 0 0 0 0.1708714067935944 0 0.1289407312870026 0.3615559265017509 0 0.5680472701787949 0.4875362813472748 2.148796394467354 0.1683479174971581 0.078360915184021 0.08065624535083771 0 0 0 0 0 2.222739949822426 0 0.2333668023347855 0 0.1299418658018112 0.2879374623298645 0.1207299679517746 0.1635720431804657 0 0.8010526150465012 10.67588920891285 0.7851039916276932 0.1441536545753479 0.3273173868656158 2.216244511306286 1.612096630036831 0 0.3340073227882385 0.1346985548734665 0 0.1415581554174423 0 0 0.6241311728954315 0.1041788756847382 0 0.1614483296871185 0.7871894314885139 0 0.2402243763208389 0.3199649751186371 2.113819152116776 3.606950893998146 4.956846103072166 160.972962372005 22.05542134493589 369.6778346896172 32.08864445239305 32.31461267918348 23.43897257745266 2.754360660910606 52.62980675697327 4.524715259671211 0.3782214894890785 2.493356883525848 0.3210532441735268 0.1291192770004272 0 0 0.3442383706569672 2.05917626619339 0
177.0548913404346 6013.972502544522 1277.999508783221 31.77241054922342 11375.02723644674 62.49200323224068 2059.974732413888 474.4334230348468 0 312.5898544937372 5493.806169085205 21.6280507966876 1859.603700578213 3489.267373725772 78.13083551824093 49.37851451337337 0.5341011136770248 0.2876614034175873 0 0 0.1060999035835266 0 0 0.5811709761619568 0.3640547692775726 0.5811032652854919 0 0.7547494620084763 0.1595272570848465 0 197.8885728567839 13.63705632090569 55.84260470420122 0 0 0.6462857127189636 11.76649980247021 9.514682851731777 4.983717039227486 3.988788895308971 0.2417225688695908 0.6641987860202789 0 1.036005042493343 0 0 251.6385764181614 11.96892128139734 0.08179331570863724 0 2.572792492806911 0.3249315842986107 0 0.9621902257204056 5.249171957373619 19.40520625561476 24.56249813735485 134.584000132978 7.733684465289116 64.66063856333494 0.6797189339995384 2.760486364364624 0 71.11085422337055 22.17115192860365 7.048870474100113 1.841191418468952 1.307381749153137 0.3447828888893127 0.3987677916884422 32.19944229722023 31.10058902204037 0.5445058345794678 154.6498151347041 53.00307073444128 140.4178334847093 117.5941824615002 14.14047874510288 0.843339130282402 15.67474526911974 1.384342186152935 1.895554855465889 28.65830487012863 0.6865391284227371 12.30388716608286 16.99643781781197 3.365101218223572 0.2723388075828552 3.466947503387928 0.7266519889235497 0.1994239315390587 1.020096488296986 1.207897782325745 1.007565833628178 0.8474882841110229 829.9467929825187 1.730169147253036 0.4186115860939026 1.840337812900543 30.41346613317728 0.1145358830690384 0.1477291285991669 1.054641418159008 0.3438038975000381 0.3741560429334641 37.30829522758722 1.48608823120594 27.10447900742292 4.048941090703011 10.85546623915434 2.109486028552055 154.3151039555669 35.20468758791685 210.7057282552123 50.80613388866186 0 0.2179754748940468 0 0 0 0 0 0 0 0 0 0 0 0.130562499165535 0 0 0 0 0 0.2979476451873779 0.1664695292711258 0 0 0 52.03459673374891 0 5.268616266548634 2.297835797071457 0.4178418964147568 0 0 0 0 0 0 0 2.60668470710516 4.800432093441486 0 0 0 0 0 0 0.6990433931350708 0.1071285828948021 0.851668693125248 0.1063442528247833 0.5396938323974609 0 0 29.15428642183542 0.2003614008426666 0.1946564763784409 1.454806216061115 0.1711817011237144 0.1467159390449524 0.09764986485242844 0.09229773283004761 0 0.3224844038486481 298.6373397931457 0.5375054776668549 0.2752889692783356 0 0.1328668892383575 23.17157124727964 0 4.911603718996048 1.789221800863743 0.7470483034849167 0.8222277089953423 0 0.3721756637096405 0.07320883125066757 0.2880261987447739 0.09662417322397232 0 0.3875079154968262 0 0 0 69.52821116149426 27.01595512777567 13.87470119446516 395.878683552146 37.07505337148905 841.8704296275973 99.03777168691158 160.6308096721768 70.95188927650452 7.649446256458759 190.4314797148108 15.85325994342566 0.2674353122711182 22.30236713588238 1.675887979567051 15.33360681682825 1.813447669148445 2.339731797575951 4.102644629776478 3.460633985698223 0.4013743102550507
1245.569902703166 319.4703386500478 2.230445832014084 801.4719142019749 231.9143452569842 830.1499596983194 2515.200488209724 1.657586276531219 312.5898544937372 0 5.332436919212341 1796.736877158284 8538.010376363993 719.2697952836752 0.3999133184552193 0.3252916634082794 0 0 0 0 0 0 0 0 0 0 0 0 0 0 3.136003121733665 0.1705307066440582 0.3161557614803314 0 0 0 0.1948001384735107 0.5747830271720886 0 0.4589340388774872 0 0 0 0 0 0 3.413198433816433 0.1830828711390495 0 0 0.3638749718666077 0.3792782127857208 0 0 0.116024561226368 2.007992848753929 11.96853931993246 36.7884394749999 0.9413563534617424 1.908749185502529 0 0 0 1.178286716341972 0.6998160779476166 0 0.09505113214254379 0 0 0 47.79430687427521 13.68506743013859 1.435186460614204 21.58332455158234 1.399475559592247 2.406899757683277 1.51828795671463 0 0 0 0 0 1.891342133283615 0.09043709933757782 0.2986301630735397 0.5569747164845467 0 2.595928832888603 1.094911560416222 1.11140850186348 0.1464469283819199 0.1754910498857498 0 0 0 467.5144026279449 3.621187552809715 0.2151358127593994 0 51.40054470300674 0.2438624352216721 0.3196648061275482 0.2878148257732391 4.191900789737701 0 8.113654844462872 0.1541262418031693 2.616271115839481 42.87593289464712 0.4341042935848236 0.6786994934082031 28.30644580721855 1.329712606966496 23.33871656656265 2.065863087773323 0 0 0 0 0 0 0 0 0 0 0 0 0 0 0 0 0.1731767654418945 0 0 0 0 0 0 0 2.554959960281849 0 0.4028474241495132 0.549273207783699 0.35409976541996 0 0 0 0 0 0 0 0.4181327670812607 0.2035835236310959 0.2100853621959686 0 0 0.1308621615171432 0 0 0 0 0 0 0 0 0 1.773272141814232 0 0.2237033545970917 0 0 0 0 0 0 0 15.20525392144918 0.1721268445253372 0 0 0 0.9081275090575218 0 0 0.1212991327047348 0.3137242496013641 0.08910790830850601 0 0 0 0 0 0 0 0 0 0 4.476829253137112 1.100565418601036 0.4256377816200256 5.086959354579449 0.998087577521801 16.47836147248745 1.219715349376202 579.377301953733 5.158974170684814 0.3580289334058762 1.016756065189838 1.283202581107616 0 1.397317424416542 0 2.572412237524986 0.2355156391859055 0 0.864041268825531 0 0
336.8950352221727 2097.121626317501 4225.791107699275 1.258870266377926 976.0785537883639 3.931089669466019 286.6777778640389 1981.449720822275 5493.806169085205 5.332436919212341 0 41.91995319724083 2540.015720039606 7230.641524836421 68.62263578921556 45.19643328338861 0.2095217332243919 0.2037802934646606 0 0.8337504863739014 0 0 0 0.1623660176992416 2.718935705721378 0.8534719571471214 1.759259462356567 0.4229349344968796 0.1431615948677063 0 478.6321629881859 132.4728176221251 679.5856757760048 0 0 5.752773061394691 48.74009478092194 27.84143415093422 9.040558964014053 8.710858233273029 0.4305841773748398 0.2671351879835129 0.220399871468544 1.097408816218376 0 0.3711335733532906 178.3572178408504 7.644278451800346 0.1003416553139687 0.07998412847518921 0.8472690805792809 0.1324609071016312 0.9323139563202858 1.320969924330711 5.106178320944309 13.68136619776487 19.18446510285139 188.0824767947197 7.805481560528278 54.60243004560471 1.065684847533703 23.64466904848814 0 77.59841264039278 16.74367989599705 3.859260432422161 1.464050240814686 0.4754453077912331 0.439767099916935 0.5379425138235092 40.59878378361464 9.582170039415359 0.2253477498888969 137.0073239058256 53.3157631829381 119.5034114196897 104.5614809766412 11.73116003721952 24.81998144090176 519.9937927052379 2.061079472303391 10.84303145855665 22.83838223665953 0.7314717248082161 8.425667509436607 11.03852429240942 2.702088065445423 0.1475192606449127 3.521188840270042 0.3178931176662445 0.1828251928091049 0.3791108056902885 1.605129659175873 3.28491435945034 0.9518267810344696 52.83984880149364 0 2.078873455524445 7.231698125600815 47.70602245628834 0 0 0 0.2714252471923828 0 2.144337505102158 0.2807537019252777 2.377704948186874 0.4995107501745224 1.680787064135075 0 13.43891264498234 3.947464227676392 24.60790421068668 4.571580864489079 0 0 0 0 0 0 0 0 0 0 0.1733149290084839 0 0.1170695871114731 0 0 0.3239457905292511 0.1158135831356049 0.4338765442371368 0 0.2050477117300034 0 0 0 0 10.66846694052219 0 1.388630338013172 0.7676305621862411 0 0 0 0 0 0 0 0 0.1566397100687027 0.7174030020833015 0 0 0 0.5341821163892746 0 0 0 0.3478734940290451 0.3420259580016136 0 0 0 0 4.969752483069897 0 0 0.610601544380188 0.09508123993873596 0 0 0.09318765997886658 0 0 46.59356413036585 1.47771480679512 0 0 0 3.141277633607388 0 0.664297342300415 0.2139007449150085 0.1868563294410706 0 0 0 0 0.1761899814009666 0.1043310984969139 0 0.2820200622081757 0.1383876651525497 0 0 7.838916890323162 5.240365542471409 4.523726418614388 247.8735863491893 23.30971942842007 558.8801826685667 66.03004693984985 67.01654362678528 40.25710728019476 3.865060642361641 95.96263554692268 3.894674204289913 0.6535388007760048 3.908322274684906 0.4656809791922569 0.4453472048044205 0.3062283396720886 0.09248767793178558 0.3469821959733963 2.390497423708439 0
211.7462144196033 56.01383121311665 16.53103901445866 278.5404174029827 4.045749440789223 209.2753949016333 67.28453430533409 18.42765195667744 21.6280507966876 1796.736877158284 41.91995319724083 0 2895.136639639735 108.1736786514521 5.391577690839767 3.981965214014053 0 0 0 0 0 0 0 0 0 0 0 0 0 0 1.702433824539185 0 5.601350456476212 0 0 0 2.842348046600819 1.034253224730492 1.703204780817032 0 0 0.3723088055849075 0 0.1602796912193298 0 0 3.527452245354652 0.3020205274224281 0 0 0.1102990359067917 0.3292858749628067 0 0 0 0.1686544269323349 2.502324476838112 1.318691290915012 0.2258280813694 0.386147752404213 0 0.3348038792610168 0 0.8426213264465332 0.1879271641373634 0 0 0 0 0 72.47431351989508 11.5579210370779 1.896869391202927 5.706864506006241 0.2984427586197853 1.237151853740215 2.274041973054409 0.5434593558311462 0 0.1720475852489471 0 0.1022395566105843 0.2633183300495148 0 0.07986782491207123 0 0.159808412194252 0 0.3326444029808044 0.98294298350811 0 0.1476335078477859 0 0 0.1578900814056396 1208.897152796388 2.913986966013908 0.1706077307462692 0 11.32923345267773 0.2044415846467018 0 0.2443698346614838 0.2975537329912186 0 12.8167757242918 0.1924680769443512 9.073239870369434 1.630175217986107 3.11250514537096 0.4777323827147484 51.7868435755372 9.990773655474186 58.79837810248137 9.696536369621754 0 0.1203639209270477 0 0 0 0 0 0 0 0 0 0 0 0 0 0 0.1693072766065598 0.3813278079032898 0 0 0.1397253572940826 0 0.1357628852128983 0 10.47261263430119 0 0.9471871852874756 0.3198129534721375 0 0 0 0 0 0 0 0 0.2489465028047562 0.5882739052176476 0 0 0 0.1676299870014191 0 0 0 0.08525800704956055 0.4120423942804337 0 0.2153771370649338 0 0 9.59610204398632 0 0 0.1635783165693283 0 0 0 0 0 0 63.82446512579918 0.4701675772666931 0 0 0 3.346351608633995 0 0.5735434591770172 0.7379919439554214 0 0.09847488254308701 0.1008984073996544 0 0.1376696228981018 0.1767971143126488 0 0 0 0 0 0 15.2100742161274 6.857999786734581 2.342729240655899 31.10928707569838 0.5030627697706223 28.72600173205137 2.15244048088789 116.064794421196 3.264706261456013 0.21406289935112 6.277828387916088 3.702069319784641 0 5.623772099614143 0.3305305987596512 4.605838775634766 0.7023392170667648 0 0.1192892044782639 0.1449810415506363 0
259.0374586805701 553.1974354088306 581.4392451941967 342.9795582890511 462.4055209159851 349.6893211305141 4893.918134741485 771.2855903729796 1859.603700578213 8538.010376363993 2540.015720039606 2895.136639639735 0 6022.125310227275 95.46298786252737 70.35536183416843 3.94155016541481 0.773918092250824 0 0.1672271639108658 0.4054694250226021 3.424651294946671 0.1046712249517441 0 7.913166895508766 1.352429084479809 0.2651422619819641 2.641063272953033 2.202914178371429 0 85.07045779377222 6.902604445815086 1118.870839245617 0 0 26.98482893407345 444.2948752865195 294.9242356643081 94.46266040205956 246.3298072814941 0.2391046434640884 1.39411673694849 0.5417057424783707 1.964934065937996 0 0.3415917754173279 116.9121721237898 5.918814517557621 0 0.1309350281953812 1.600288912653923 6.690452247858047 91.82411001622677 1.650733977556229 2.399373091757298 10.18876373022795 12.30447688698769 71.41255506128073 3.632630936801434 25.92066370695829 2.775041781365871 34.33231738209724 0 19.5498953461647 10.33330484479666 3.054704368114471 1.161196790635586 0.4161460399627686 0 0.9602910727262497 457.4987758770585 187.445638448 2.73768837749958 75.11674874275923 16.12257340550423 59.2816417068243 56.8852217271924 11.73688367754221 0.7535246983170509 118.0528209060431 0.6001419723033905 11.25106016546488 14.46141088753939 1.359664373099804 4.999243438243866 8.159222982823849 1.817331671714783 1.951392084360123 3.507788702845573 3.989471405744553 0.3286494761705399 1.583044216036797 0.8686605095863342 2.481390446424484 1.328048557043076 4119.369735665619 76.38147907704115 17.48920837044716 261.9929076433182 26.8824208304286 1.080689519643784 0.3736977428197861 0.8652351051568985 2.202517338097095 1.715720541775227 50.06481648981571 1.745880305767059 41.15798366069794 11.66042614728212 18.6731546074152 1.77655203640461 250.6098395213485 56.73924942314625 342.7421183139086 71.12434364855289 0.1409207135438919 0.330521747469902 0 0 0 0 0 0.2121065706014633 0 0 0.7360268533229828 0 0.7684743404388428 0.7660913020372391 2.44832868874073 0.6339030265808105 1.846621364355087 4.339551568031311 0.9290366917848587 0.6315558329224586 0 0 0 0 118.1086419373751 0 14.82056278735399 10.70903637260199 1.779726132750511 0.3703519403934479 0.1237849146127701 0 0 0 0 0 4.635228000581264 6.210287265479565 0.250936895608902 0 0 6.388831809163094 0.4142407327890396 0.8267762064933777 1.360652647912502 0.8432107120752335 2.405816212296486 0.2798408940434456 0.4463211297988892 0 0.9762888848781586 71.3972849547863 0.3072107881307602 0.9994857534766197 2.48093293607235 0.08754220604896545 0.1685600131750107 0 0 0 0.3800210207700729 656.0048400685191 13.62693147361279 0 0.1157133653759956 0.1777345985174179 38.24970871210098 0.1375153809785843 11.64159008860588 5.168847769498825 3.381897933781147 1.683899842202663 0.4109306260943413 0.3824825286865234 0.459822803735733 1.097500823438168 0 0 0.391385093331337 0 0 0 125.9704300016165 97.95263130962849 65.69487515836954 525.7734773382545 32.80004320293665 500.326848000288 57.50048194825649 275.8982685357332 44.38201531767845 4.674634099006653 151.1388164460659 33.55404749512672 0.8297766521573067 43.71804587543011 5.407137736678123 16.08843310177326 3.984202705323696 0.230366051197052 6.105416998267174 4.281318679451942 0.2472703084349632
120.2331009954214 536.3152347281575 1027.128411829472 36.60174515843391 429.2669360712171 51.63136355578899 4433.179346844554 2180.2354644835 3489.267373725772 719.2697952836752 7230.641524836421 108.1736786514521 6022.125310227275 0 98.77237169444561 83.5482182726264 2.390569299459457 0.7729603201150894 0 0.5963800475001335 0.5249257832765579 1.308042779564857 0 0 2.994085699319839 1.100303322076797 0.9846853613853455 0.9297187030315399 1.2246283441782 0.1207522004842758 127.2464536502957 14.66791048645973 507.2464340031147 0 0 5.898102022707462 152.3783996924758 103.2448337748647 24.86392517387867 49.84787064790726 0.429219663143158 0.9913512989878654 0.6097061932086945 0.7280322089791298 0 0.1363105177879333 144.4313017502427 4.019900090992451 0.4294667392969131 0.1923329830169678 1.590207695960999 1.046815782785416 12.25836044549942 1.079262599349022 2.832367300987244 8.589301340281963 11.69508929550648 71.68883807957172 2.966790966689587 28.32908493280411 1.964454874396324 26.09322588145733 0 28.36541633307934 8.042498387396336 2.566535279154778 1.828139513731003 1.152892969548702 0 0.3289391100406647 146.172332264483 37.05569185316563 0.9052299857139587 78.91483955830336 18.31801974028349 81.19817295670509 73.94309796392918 15.27781556546688 2.771146953105927 86.72098125517368 1.028134122490883 10.98345920443535 11.92547786235809 0.1639695540070534 4.640107817947865 6.6782421246171 1.960660301148891 0.3610333204269409 2.351631700992584 1.77697391808033 0.3549279272556305 1.195362411439419 2.006703853607178 3.028030678629875 1.480297967791557 607.2904461994767 2.323392771184444 2.34937584400177 27.49625533819199 21.35332211107016 0 0.2770745009183884 0.1194573789834976 0.7460727170109749 0.8320309296250343 19.84137319773436 0.6431413218379021 16.02480962127447 1.682619512081146 6.451979368925095 0.5835988223552704 88.74031607061625 20.20594583451748 127.6109888926148 26.50313377380371 0.1291800141334534 0.1065131202340126 0 0 0 0 0 0.1356994807720184 0 0 0.6691207885742188 0 0 0 0 0.6626504361629486 0.3478069454431534 1.974232584238052 0 0.1730075031518936 0.1143059358000755 0 0 0 37.51112933456898 0 2.166395805776119 1.950503200292587 0.151662603020668 0 0 0 0 0 0 0 1.524359636008739 3.576071366667747 0.0793839767575264 0 0 0.6832212805747986 1.853838667273521 0 0.9521541744470596 0.09087037295103073 0.5991170331835747 0.4351407587528229 0 0 0 20.75238215923309 0.1310084462165833 0.7541191205382347 1.243987359106541 0 0 0.1092166379094124 0 0 0.1185102686285973 187.2630898952484 1.371537417173386 0 0.1838597059249878 0 9.308037281036377 0.1299055963754654 2.673698857426643 2.495630741119385 0.5765217244625092 1.666583001613617 0.1084643676877022 0 0.8625447973608971 0.1229120567440987 0.1019007787108421 0.1108990684151649 0.4462199136614799 0 0 0 36.99741047620773 23.56223972141743 14.27575308084488 514.6520943641663 21.78098301589489 556.5051795989275 59.91345350444317 122.334586918354 45.95250082761049 3.54065016657114 157.5864306464791 15.25922897458076 0.432673916220665 17.52232851833105 1.587597787380219 5.929863229393959 1.22140309214592 0.2352341711521149 0.8787189349532127 4.583976127207279 0
2.485186547040939 12.18740168958902 36.14050477743149 0.09394232928752899 29.88531162589788 0 24.34958826005459 37.69579127430916 78.13083551824093 0.3999133184552193 68.62263578921556 5.391577690839767 95.46298786252737 98.77237169444561 0 1650.228463754058 572.1681899130344 1.052140288054943 5.086366817355156 0.9314462393522263 0.5255725532770157 0.4470219612121582 0.1234806478023529 0 11.93553577363491 0.6101366877555847 0.7177690714597702 0.107088103890419 0 0.1633240580558777 13.66690266877413 21.4267708286643 190.2771862000227 1.190908908843994 0.1049598231911659 16.5710923820734 82.63183864951134 78.69547045230865 8.185065284371376 12.50607447326183 0.9103869274258614 0.2689000889658928 0.5515802577137947 332.510345235467 9.102854952216148 65.06586038321257 363.8417128846049 25.47264266014099 13.10855916887522 16.18283256143332 4.236518271267414 0.1750893443822861 0.9095535576343536 0 1.35528052598238 1.65649351477623 6.525086842477322 10.14792273193598 15.77720003575087 309.7034680619836 90.8829645216465 183.2358972728252 4.237234741449356 17.25436685234308 2.80948843806982 2.508909836411476 1.436852231621742 7.994400426745415 1.996757961809635 5.413219936192036 24.93868370354176 1.35349278151989 0.451408177614212 33.23711308091879 5.252124585211277 775.5717512220144 395.6502056494355 1688.666167743504 30.71469949185848 253.7969017252326 59.14870024472475 238.9904221147299 19.77283169329166 0 3.987313330173492 3.329812943935394 15.2195582985878 0 1.5127087906003 1.485726311802864 1.756508201360703 3.254419095814228 6.012639105319977 3.691530145704746 0.8018685728311539 0.700792521238327 0 0 3.627624608576298 0.8841015473008156 0 0 0 0 0 0.1315923631191254 0 0 0 0 0 0 0 1.571776032447815 0.3580347150564194 0 0 0 0 0 0 0 0 0 0 0 0 0 0 0 0.1242968738079071 0 0 0 0 0 0 0 0 3.24084048718214 0.1166190430521965 0.9802325069904327 2.677301846444607 0.2542239129543304 0 0 0 0 0 0 0 0.1459152549505234 0.5696940869092941 0 0 0.6907115429639816 0.751801922917366 0.2768204212188721 0 0 0 0 0 0 0 0 1.387238956987858 0 0 0.1191500574350357 0.3175777122378349 0.1129686757922173 0.2696431875228882 0 0.2520856261253357 0.1548592746257782 2.622942835092545 0 0.1462295800447464 0.3338217660784721 0.3067446053028107 0.3377076685428619 0 0.1577557921409607 0 0 0 0 0 0.3122159317135811 0 0 0 0.2958249449729919 0.4382901787757874 0 0.1149760112166405 0 1.238122090697289 3.803709536790848 22.77918426692486 3.34310844540596 259.9986211210489 2.856988534331322 1.738007858395576 0.8058319166302681 0.1425232291221619 17.91662044078112 2.884943529963493 0 1.042683281004429 0 0 0 0 0 0 0
