0 4339.823462426662 957.6461136341095 1386.938124880195 372.7167604118586 406.6537629961967 1458.612121835351 394.3587431013584 115.8956802934408 3144.162728592753 630.0979470685124 316.9874903857708 1002.631991058588 383.7125992178917 0.2355381995439529 1.06318661570549 0 0 0 0 0.6063475906848907 0 0 0 0 0 0 0.1223198920488358 0.2518729865550995 0 1626.206748694181 163.268976546824 14.03231903910637 0.169878363609314 0 1.345854684710503 79.60672150552273 0.2425752133131027 2.600926786661148 0.1974368989467621 0.4052526652812958 0.3160506784915924 0.1134849861264229 0.1115076541900635 0 0.2792005836963654 10.39289430528879 2.093867518007755 0.1250704675912857 0.1647822558879852 0.4079804420471191 2.074884355068207 0.8100770860910416 0 1.60504174977541 5.082596249878407 186.3985618054867 1680.870661787689 72.79043331742287 3.845212809741497 0.6422742828726768 2.200432814657688 0.2978799492120743 53.62143027037382 3.041274569928646 1.438010223209858 0.3187145963311195 0.7324760109186172 0.5773871839046478 1.386470444500446 135.416049733758 59.93146461248398 2.538177713751793 67.98623529076576 40.86197679489851 6.911800660192966 2.616858325898647 0.8891782462596893 3.831178516149521 83.21888419240713 1.252370215952396 5.310181923210621 5.620752863585949 0.1656886488199234 1.454573549330235 2.220264442265034 1.546385996043682 1.453152477741241 0.4073469638824463 2.032357558608055 0.9409428611397743 0.2943120896816254 0.3238892555236816 0.4329729825258255 0 393.7747124582529 26.02751234918833 3.643074557185173 2.826395869255066 1559.490795589983 0 0.6591912060976028 8.234720289707184 0.4527880847454071 2.433348774909973 39.79485830664635 0.9777534008026123 5.916597709059715 3.062302991747856 20.78582879900932 4.655304417014122 12.77316007018089 5.078383669257164 10.85416287183762 0.9007354974746704 0 0 0 0 0 0 0 0 0 0 0 0.2506033182144165 0.5908576846122742 0 0 0 0 0 0 4.463498950004578 3.84739550948143 0.4968342334032059 0 0 7.121714167296886 0 0.6286681294441223 0.4518110603094101 0 0 0.1339952051639557 0.2737637162208557 0 0 0 0 0.9962255656719208 0.7406353503465652 0 0 0 0.3555602431297302 0 0 0.5202830582857132 0.3896699845790863 0.1225307509303093 0 0 0 0 4.830464452505112 0 0 0 0.3336105048656464 0 0 0.09094768017530441 0.1147716641426086 0 15.26354523003101 1.784360349178314 0 0 0 0.56552654504776 1.254880249500275 0.6413220763206482 3.886479616165161 1.632206112146378 1.687946736812592 0 0 0 0 0 0 0 0 0 0 2.981357634067535 0 7.385156691074371 63.41042724996805 3.887945547699928 62.26703870296478 19.96725592762232 1243.170456163585 28.3090031594038 2.354311354458332 6.930467315018177 1.414483144879341 1.158245779573917 5.483351543545723 1.119614318013191 9.234679102897644 0 0 0 0.4706666469573975 0
4339.823462426662 0 706.9249200671911 332.157396055758 1137.920735232532 283.6624530255795 2213.090892098844 514.042835265398 589.1682201698422 662.7573879286647 2127.350373543799 357.6625593155622 1578.941905789077 1557.260412402451 1.168140336871147 0.9830894768238068 0.348607636988163 0.3263624757528305 0 0.1071498766541481 0 0 0 0.3151522576808929 0 0.83138208091259 0 0.8056116551160812 0.5176577121019363 0 2125.547300666571 51.81589412689209 17.21532174944878 0 0 0.3449835628271103 85.295281291008 0.5417331457138062 5.590162344276905 0.1428548842668533 0.6446719467639923 0.4269505143165588 0 0.403342992067337 0.2920523136854172 0.2255523949861526 44.82168106734753 9.628128707408905 1.295007452368736 1.133870162069798 1.584538422524929 0 0.2694418430328369 0 3.116162993013859 12.56517180800438 54.52473533898592 716.0773405954242 56.09512247145176 8.389501452445984 0 2.161195375025272 0.2567519769072533 58.11080422997475 7.243635535240173 4.596279487013817 1.940628677606583 2.085084974765778 0.118250660598278 0.2555627375841141 148.6227223426104 66.2036457657814 0.3352420032024384 89.57352049648762 95.54217160493135 40.15272805839777 8.749739073216915 1.265654735267162 3.469335347414017 154.350827254355 0.6903395503759384 4.569645702838898 21.72843297570944 0.1061708182096481 5.484745100140572 7.54561123251915 4.035572350025177 0.09695836156606674 0.5255831480026245 0.6909966021776199 1.101000599563122 0.6455659717321396 0.3903441056609154 1.405381619930267 0.4938510805368423 290.8169664442539 41.56933648884296 0.505858838558197 4.856678582727909 593.102896772325 10.8139890730381 1.810080677270889 20.34751683473587 3.213459715247154 7.810204952955246 105.0349647551775 2.059203535318375 30.17908293008804 13.35746975243092 69.40197791159153 6.762249112129211 46.28305581212044 24.73550990223885 38.98955062031746 10.70544573664665 0.2350147813558578 0 0 0 0 0 0 0 0 0 0.1103703230619431 0 0 0 0 0 0 0 0 13.45633658766747 16.75275576114655 0 0 0 13.60740058124065 0.3520572707056999 5.476136639714241 0.1144199892878532 0.244209036231041 0 0 0 0 0 0.8619120568037033 0 4.884920582175255 2.071026861667633 0.7376103103160858 0 0 0 0 0 0.2237753123044968 0 0.3866938650608063 5.317420423030853 0 1.26060688495636 0 20.28950281441212 2.492709331214428 1.448521196842194 1.461872488260269 0 0 0 0.1848999708890915 0.249566063284874 0 56.80017904937267 2.109488368034363 0 0 0.304945096373558 6.279417246580124 3.749692857265472 3.031559228897095 7.946276903152466 5.44891420006752 1.940211534500122 2.481680512428284 0 0.8445858657360077 0.2487472668290138 0 0 0 0 0 0 14.62002563476562 17.64621376991272 8.087054990231991 97.21859700232744 15.91191608458757 215.9125360772014 53.72427047044039 1180.716826833785 39.89755395054817 5.672020480036736 24.06491308659315 21.41127021610737 1.132866851985455 10.91823639720678 4.331075847148895 23.06950116157532 0.5058121681213379 0.3811289966106415 1.73791840672493 1.423590362071991 1.01181772351265
957.6461136341095 706.9249200671911 0 79.19036814570427 500.4607361927629 56.99822537600994 207.4938933253288 2083.178718358278 345.411434777081 211.8901205211878 4333.080374732614 54.76368233561516 156.1906176432967 1128.060316428542 2.981654398143291 4.931748628616333 0.3844418674707413 0 0 0.6655051708221436 3.6138866096735 0 0 0.3781692385673523 1.421979740262032 0.5153865665197372 0 0.4637942835688591 0 0 3492.360150203109 168.2840378955007 121.6903675347567 0.3329995423555374 0 18.2906487211585 229.4029874280095 5.831006973981857 19.62936547398567 1.388472355902195 3.864503405988216 1.291011661291122 0.50926423817873 0.8818042725324631 0.4115849062800407 0.7274501994252205 17.67150371521711 2.889115303754807 0.1221852898597717 1.481412395834923 0.4950208738446236 0.187335878610611 0.7933577224612236 0.7835774347186089 0.9894971549510956 2.940867401659489 16.37188223004341 346.4873031973839 16.73574680835009 5.374763116240501 8.47911161929369 20.07550526410341 6.989953421056271 187.5989741533995 1.639786168932915 0.9325690269470215 1.261684969067574 1.193462923169136 1.24890960007906 10.92840796709061 181.5516592934728 91.34393578767776 1.090437412261963 29.15071516484022 53.94121608883142 18.79093895107508 10.6943883523345 5.627883575856686 146.1554336175323 946.4260101318359 7.29067987203598 109.0182011947036 7.320174612104893 0.3301868736743927 1.350597605109215 2.178885318338871 2.366720505058765 0 0.2321794629096985 0.768833227455616 0.3487385958433151 0.091935895383358 4.410441026091576 0.2187884747982025 0.2770218700170517 104.7211208343506 49.09179123491049 0.3220710605382919 34.09238623827696 418.2046245485544 3.506155207753181 0.7121502757072449 16.24414259195328 0 10.15249353647232 34.57021033763885 7.437703490257263 23.42847976088524 7.304807186126709 61.08664292097092 5.516349822282791 30.63828101754189 22.32218286395073 39.34860509634018 16.40465700626373 1.21908763051033 0 0.835637629032135 0 0 0 0 0 0 0 0.1580998748540878 0 0.1396567672491074 0 0 0 0 0 0 23.68301421403885 13.41216444969177 0.3482206910848618 0 0 16.20637868344784 1.309031531214714 2.905571132898331 1.03729734569788 0 0 0 0 0 1.454864144325256 0.8113177120685577 0 5.493669271469116 4.42461222410202 0.5098557323217392 0 0 0 0 0 0.6526022553443909 0 1.741913318634033 2.390684455633163 0.3597765862941742 0.1261772960424423 2.266544938087463 28.19029140472412 1.097791194915771 2.365880608558655 1.905998706817627 0 0 0 0 0.1574706137180328 0.1503081768751144 58.07195141166449 8.332332372665405 0 0 0 13.67608545720577 13.8324286043644 6.190566271543503 6.215387247502804 2.671228989958763 3.542164161801338 0 0.6648665368556976 0 0 0 0 0.09804417937994003 0 0 0 23.28918313980103 11.43525689840317 18.67085552215576 51.59574157744646 8.286475524306297 65.43728183954954 16.92144833505154 466.2480148375034 11.32675871998072 1.223065361380577 16.94345188885927 17.52755903452635 0 27.82460356503725 4.123171232640743 39.71483562886715 0.8907114565372467 0 1.046474695205688 0.422203317284584 0.7244917750358582
1386.938124880195 332.157396055758 79.19036814570427 0 8.708934783935547 99.56656482815742 224.7538990452886 1.803541839122772 14.85716620087624 1187.790362879634 12.15596330165863 391.3891013115644 1274.437223806977 155.0034846365452 0.4289611279964447 0 0 0 0 0 0 0 0 0 0 0 0 0.08631862699985504 0.2011559158563614 0 181.0956370979548 7.762431114912033 0.633972704410553 0 0 0 26.32431329786777 0 0.2463294118642807 0 0 0 0 0.1369011998176575 0 0 5.546684205532074 0.6665740758180618 0.2293798923492432 0 0.09345240890979767 0 0 0 1.033638641238213 1.535549961030483 8.469991214573383 99.27226088941097 7.133941657841206 1.459308564662933 0 0.195562943816185 0 5.941695809364319 1.024386569857597 0.20883459597826 0.2972987443208694 0.2544580399990082 0 0 49.10131618380547 2.008284687995911 0 12.74759911000729 12.13523393124342 5.142270691692829 1.103591799736023 0.7147022634744644 0 1.376193389296532 0.4309842586517334 0 1.935543477535248 0 0.5662687569856644 0.7008716911077499 0.1287849098443985 0 0.1101003810763359 0 0 0.1159410327672958 0.1057726144790649 0.3700138255953789 0.1173645779490471 127.5367691665888 1.90049684047699 0.309240847826004 0.4541597366333008 87.29273821413517 0 1.611856460571289 1.623252272605896 0 0.9516776204109192 11.67478328943253 0 4.743473023176193 0 5.869675189256668 1.664164066314697 3.311140298843384 0.6971150040626526 3.013096064329147 0 0 0 0 0 0 0 0 0 0 0 0 0 0 0 0 0 0 0 0 0 0.8339542150497437 0 0 0 0 0 0 0 0 0 0 0 0 0 0 0 0 0 0 0 0 0 0.1618156880140305 0 0 0 0 0 0 0 0 1.7770976126194 0 0 0 0 0 0 0 0 0 8.634599685668945 0.9983021020889282 0 0 0 0.3524932861328125 0 0 0.2719598710536957 1.644242644309998 0 0 0 0 0 0 0 0 0 0 0 0.5968429446220398 0 0 12.71144160628319 2.226069428026676 23.72132318466902 5.531770057976246 272.096026904881 5.314531825482845 0.8359739109873772 3.153383955359459 0 0.126629501581192 0.9535425305366516 0.5527748167514801 2.259686946868896 0 0 0 0.5583964288234711 0
372.7167604118586 1137.920735232532 500.4607361927629 8.708934783935547 0 21.85836464166641 984.5326720327139 120.17267537117 2856.500594936311 146.11647605896 3052.963752090931 513.0064907222986 125.9690413922071 4313.647071272135 3.403087422251701 1.713696755468845 1.014519222080708 0.9271307587623596 0.1771313548088074 0.1657770574092865 0 0 0.4667358100414276 0.5749343708157539 0 2.620503321290016 0 1.474596783518791 0.9417149722576141 0.6607651039958 421.983841702342 58.13538064062595 2.490918263792992 0.1889482736587524 0 0.09734257310628891 17.3479825258255 0 2.108356632292271 0.3765533715486526 0.597159743309021 0.7534387037158012 0 0.5202187150716782 0.109530434012413 0 61.15596849471331 9.085468329489231 3.674721129238605 1.000885285437107 2.656301744282246 0 0 0.3998025581240654 1.828895658254623 10.80299312621355 19.39055398106575 168.9645628631115 26.87385466694832 12.28341867774725 0.2206044122576714 0.3142767995595932 0.1232711747288704 60.92718533426523 6.49525497853756 4.562874048948288 2.884614303708076 2.385982878506184 0.9361628890037537 0.7104716449975967 58.223572678864 37.11361755430698 0.09598957002162933 60.49883116036654 87.26038639992476 55.35053209960461 24.24140664190054 1.495764523744583 2.374268606305122 497.6860909536481 1.95467521250248 2.154287979006767 17.28028739988804 0.1050905659794807 6.377987764775753 6.8263900578022 5.147088930010796 0.08731863647699356 0.6145760491490364 1.151927165687084 2.21954770386219 1.487529158592224 0.798304557800293 1.408519975841045 1.267812922596931 246.3856955319643 22.00354540348053 0.262614369392395 6.873983569443226 47.02084863185883 2.816106259822845 3.854756936430931 17.37558288872242 0.2619794905185699 8.306816548109055 43.03164488077164 1.239827081561089 33.10757917165756 11.92665842175484 56.95667609572411 4.813311725854874 41.23290975391865 26.05421516299248 43.63668285310268 6.941952005028725 0.3252091407775879 0 0 0 0 0 0 0 0 0 0.1553220748901367 0 0 0 0 0 0 0 0 18.23854485154152 12.4199707955122 0 0 0 10.07716396450996 0.2292405515909195 4.956034600734711 0 0 0 0.2556517422199249 0.1574089378118515 0 0.3068915605545044 0.7600614726543427 0 0.9073300063610077 6.390425935387611 0.1367903202772141 0 0 0 0.1549786478281021 0 0.8260122090578079 0.1929203420877457 0.3255988657474518 1.725127324461937 0 0.7036307454109192 0 12.04900962114334 0.3855441212654114 0.3489483296871185 0 0 0.5058225616812706 0.09121327847242355 0 0 0 49.34100231528282 1.281636565923691 0 0 0.1338594704866409 7.243896692991257 2.83435845375061 4.085835456848145 5.14172101765871 4.108137905597687 1.178464382886887 0.5940889120101929 0.6669324040412903 0.5086498260498047 0 0 0 0 0.1076321974396706 0 0 12.01076282560825 9.18616572022438 6.052435651421547 153.8015025034547 36.42513018101454 302.3736634254456 74.90407438576221 284.1824342906475 33.91708367317915 6.948553174734116 49.03094362467527 23.37785418331623 0.6090777665376663 12.9957834854722 1.760777704417706 12.66748885810375 2.702699467539787 0 2.083688803017139 2.077730089426041 0.4092317223548889
406.6537629961967 283.6624530255795 56.99822537600994 99.56656482815742 21.85836464166641 0 68.11741299927235 8.307427510619164 39.46169130504131 264.4706961065531 20.04459930956364 96.27472396194935 160.0132681727409 90.78822512924671 0.226820170879364 0.2611576318740845 0 0 0 0 0 1.33205235004425 0 0 0 0 0 0 0 0 129.0551819503307 1.101587474346161 6.41405388712883 0 0 0 60.5741811171174 0 1.492386072874069 0 0 0 0 0 0 0 1.035888239741325 0.2274426966905594 0.1186671704053879 0 0.1527208685874939 16.84271483123302 11.09410095214844 0.5229058265686035 0.1598573625087738 1.378752246499062 35.01170802861452 109.0043373629451 8.652158103883266 0.1596179008483887 0 2.316089034080505 0.135070338845253 1.271260276436806 0.4182388260960579 0 0.1086328774690628 0 0 0.1253457814455032 237.0196865648031 467.5389512628317 30.05607321858406 6.35409490019083 5.072462804615498 0.5548483654856682 0.7836742550134659 0 0 7.170166745781898 0 2.184401124715805 1.42271538823843 5.322938904166222 0.1070561408996582 0.6435863450169563 0.08425123989582062 10.87235161662102 3.56711283326149 38.82652777433395 2.893611498177052 6.570393145084381 0 0 0.7283971011638641 391.676904425025 114.2639044970274 57.23938834667206 7.253380835056305 833.2861389815807 0 0 1.749882757663727 0 1.666516423225403 1.969369366765022 0.8030637502670288 0 0 0 0 0.2312386929988861 0.9916645884513855 0.6445038318634033 0 0.3444517850875854 0 0 0 0 0 0 0 0.2460095286369324 0 0 0 0 0 0 0 0.1799434125423431 0 0 1.214729309082031 0 0 0 0 2.50096632540226 0.7151585221290588 0.588263675570488 0.980200469493866 0.3284040689468384 0 0 0 0 0 0 0 0.6727337241172791 0.2842035591602325 0 0 0 0 0 0 0 0 0 0 0 0 0 0.4827589392662048 0 0 0 0 0 0 0.2383714020252228 0 0 0.5563893616199493 3.757187277078629 0 0 0.1620325148105621 0 0.3352157771587372 1.419091552495956 0 0 0 0 0.4886963367462158 0 0.1532811522483826 0 0 0 0 0 0 1.399656385183334 2.63034862279892 3.231592312455177 5.012130886316299 0.7298239096999168 4.55864605307579 2.367044232785702 268.0061488002539 2.487435050308704 0.9341040998697281 0.3275875151157379 1.496634960174561 0.3887581825256348 0 0.5215318202972412 1.255032658576965 0 0 0 0 0
1458.612121835351 2213.090892098844 207.4938933253288 224.7538990452886 984.5326720327139 68.11741299927235 0 45.4805006980896 375.6618264839053 933.5491507425904 239.2973054200411 633.3510935008526 3216.22268884629 1108.346995189786 2.511669114232063 0.5975627154111862 0.9415707513689995 0.751843236386776 0 0 0.1580903977155685 0 0 0.3124504759907722 0 0.79798324406147 0.2108153700828552 0.8458869159221649 0.6570500433444977 0.3797375187277794 620.9335541278124 59.80995837599039 2.24460157752037 0 0 0 32.21113289147615 0.1303274631500244 4.207571029663086 0 0 0.320006288588047 0.1484105885028839 0.6204920187592506 0.1077465415000916 0 71.26594210416079 12.13514690101147 1.43652430921793 0.4609429612755775 2.045694567263126 0 0.0948898121714592 0.7632896900177002 4.749016888439655 15.04880291968584 43.99319986253977 410.9093366265297 53.68619122356176 12.35604210197926 0.4725613296031952 0 0 84.17581161856651 9.208824917674065 4.915507107973099 3.685469046235085 3.815551973879337 1.389789626002312 0.2546592429280281 81.43470013141632 31.66547408699989 0 112.574073895812 140.3649076744914 61.1015148460865 19.96237279474735 0.808685265481472 1.968405164778233 14.49807776510715 1.243752807378769 1.890659652650356 28.84243792295456 0.2349184602499008 7.022212535142899 9.009286768734455 5.798671461641788 0.09024641662836075 0.3850453048944473 0.6526202112436295 3.284733183681965 0.7182943448424339 1.094331614673138 1.176289580762386 1.504977755248547 246.2420592308044 18.89256421476603 0 12.30909608304501 88.6281283646822 2.417997762560844 2.994154989719391 20.0637172460556 0.9801383912563324 4.988664537668228 28.25272718071938 0.6841842830181122 27.87436905503273 6.398956939578056 38.76255390048027 3.103055894374847 35.88336563110352 20.63868948817253 27.39743174612522 6.385214447975159 0 0 0 0.1373577266931534 0 0 0 0 0 0 0.2175532877445221 0 0 0 0 0.4112433195114136 0 0.1335799545049667 0 12.35676440596581 5.423455357551575 0 0 0 6.06363508105278 0.2762211561203003 2.145776510238647 0 0 0 0 0.1402698159217834 0 0.6976579427719116 0 0 1.376547455787659 1.156342282891273 0.2439871728420258 0 0 0 0 0 0.3804033994674683 0 0.2283774763345718 1.602151811122894 0 0 0.1697833389043808 20.21098902821541 0 0.1818885058164597 0.1070036292076111 0.1016541123390198 0.2410770654678345 0.1062611192464828 0 0.37037093937397 0.1732237637042999 18.89950899779797 6.350190341472626 0 0 0.1073193699121475 4.345097869634628 1.748715743422508 1.995148181915283 3.271044723689556 2.894225567579269 1.297290742397308 0.3030465543270111 0 0 0 0.1178533732891083 0 0 0.2103670537471771 0 0 12.17883594334126 2.843842387199402 8.716893821954727 138.4109692201018 29.68658520281315 372.8271940127015 78.68869016319513 528.5872630923986 48.39847258478403 9.555412612855434 51.44648998230696 13.00787745416164 0.7077178955078125 10.63661689311266 2.611683696508408 7.792817190289497 0.09485640376806259 0 0.1388178318738937 2.600778505206108 0.6655116230249405
394.3587431013584 514.042835265398 2083.178718358278 1.803541839122772 120.17267537117 8.307427510619164 45.4805006980896 0 188.0009522885084 6.681792214512825 3434.762886732817 6.558710679411888 107.4071258828044 778.2011799514294 5.727521039545536 14.17804712802172 0.407078891992569 0.8079929947853088 0.1246161907911301 2.281523749232292 21.69188180565834 0 0 0.1911961585283279 4.031585156917572 2.63340736925602 0.1629434674978256 1.17648807913065 0.5780536979436874 0 1859.48218357563 1292.864213630557 112.8913213312626 0.8795540183782578 0 29.68702755868435 294.8137095794082 21.53092565387487 31.29731968045235 5.549126714468002 17.95075321942568 3.19893866032362 3.858309559524059 1.887550756335258 1.414187669754028 2.269730843603611 30.82773711532354 2.684779956936836 0.343477837741375 11.92869410663843 1.258758328855038 1.480629190802574 2.261702574789524 1.007108107209206 1.084578022360802 2.41450047492981 8.001196175813675 129.2062807902694 11.05228156596422 3.898207992315292 35.98639341443777 38.79454001784325 16.90154308825731 90.32963163405657 1.648521937429905 1.40692263096571 1.734750315546989 2.668313033878803 11.47314359247684 59.29956044256687 177.0626519620419 85.64432818442583 1.713612377643585 17.47221183031797 38.76634082943201 21.89324336498976 32.5708731263876 83.17636711895466 481.4605763331056 1779.248011991382 107.4535287767649 915.2051504999399 5.328324027359486 0.1455558240413666 0.6167850941419601 2.116966843605042 9.803277753293514 0 0.1485796868801117 1.274348847568035 0.7732928767800331 0.2591008022427559 24.4569515734911 0.9134549275040627 1.129054963588715 58.32232706993818 25.36565148830414 1.723264381289482 23.43638581037521 100.2701222598553 4.773238614201546 1.20797073841095 8.789539307355881 1.706728637218475 5.310344815254211 15.12696488201618 2.057444155216217 14.67381100356579 1.090576201677322 24.15860937535763 3.390237212181091 15.57943306863308 11.69280214607716 32.71618382632732 1.947619527578354 0 0.3465858548879623 0 0.8101889342069626 0 0 0.1147312521934509 0 0.5061817914247513 0 0 0.2680897116661072 0.1493572890758514 0 0.1263724118471146 0 0 0 0 16.35538628697395 7.145740747451782 0.4384015202522278 0.1795137971639633 0.6149397492408752 13.20304641127586 0.7216087430715561 1.920934565365314 3.067837484180927 0.238374225795269 0 0 0 0.2423342913389206 0.642165869474411 1.655914463102818 0.1772013157606125 2.104323387145996 2.206593304872513 0.2932928502559662 1.168695479631424 0 0.1464277058839798 0.4890897423028946 0 0 0 1.611488282680511 0.6004080772399902 0 0.279104083776474 2.356764942407608 11.49607437849045 0 0.3125225007534027 0.2257828116416931 0 0 0 0 0.1193354204297066 0 50.36887841671705 1.738522872328758 0 0 0.4355818331241608 2.464482828974724 2.938039124011993 1.484756350517273 4.90814296156168 5.191143870353699 0.9302530586719513 0 0 0.1070609763264656 0 0 0.1780257523059845 0 0 0 0 5.966228157281876 10.91491258144379 12.65178442746401 88.09831538796425 11.5472030416131 107.0653861016035 16.60993203520775 66.05439923703671 7.4527807533741 1.645007766783237 21.79875111579895 26.50492292642593 0.686642199754715 17.8869513720274 2.324692599475384 8.0513616502285 0.4137488305568695 0 2.496763363480568 1.0357476323843 0.4292353093624115
115.8956802934408 589.1682201698422 345.411434777081 14.85716620087624 2856.500594936311 39.46169130504131 375.6618264839053 188.0009522885084 0 256.0975725799799 1542.321120686829 545.8108429014683 452.8962327167392 4601.053377531469 13.44433995336294 4.937957800924778 2.533052913844585 2.367229864001274 0.3389207422733307 0.2620324194431305 0.77161905169487 0 0 1.126523673534393 0.1197254955768585 3.786125488579273 0 2.603289164602757 3.695916377007961 0.5326905623078346 395.3379081785679 131.4313307851553 5.155552715063095 0 0 0.4008815735578537 40.07722599804401 0.676341637969017 8.298053920269012 0.6142543330788612 0.8155208453536034 1.769014358520508 0 1.752630546689034 0 0 141.8542615622282 15.98661272972822 6.145871765911579 1.360033877193928 4.550463698804379 0 0.5053613260388374 1.702752560377121 3.707231737673283 17.46170781552792 33.74870380759239 205.6192575842142 43.08635694533587 23.71704459935427 2.126829236745834 2.436337895691395 0.1201809793710709 129.4984517619014 10.49950394779444 9.154369316995144 4.858670249581337 6.201458424329758 2.130817137658596 1.846323855221272 103.3554221019149 110.3530358672142 0.9970951080322266 109.7100273296237 158.1272975578904 123.4050093963742 90.62212046980858 7.769487798213959 4.085494130849838 1633.02120667696 3.230503752827644 6.216149315237999 27.39280386269093 0.4274100288748741 9.310124918818474 11.80244141817093 9.359955668449402 0.443628616631031 0.9334512576460838 1.385926261544228 3.830688424408436 1.435893967747688 2.001585394144058 1.617511726915836 2.604581639170647 812.4992990791798 40.71133038401604 0.9050906896591187 17.13000124692917 46.09116777777672 11.16587072610855 3.637869626283646 59.92507815361023 1.425568208098412 13.90142928063869 110.2217121571302 5.406564563512802 85.85146002471447 23.18515077233315 162.8486744463444 19.96584978699684 112.5502700060606 63.79294945299625 129.450892791152 20.53861126303673 0.3529243171215057 0.5330182909965515 0 0.1792195588350296 0 0 0 0 0 0 0.2061618715524673 0.1395137757062912 0 0 0.1453550010919571 0 0 0.1377709358930588 0.2057733535766602 44.10227401554585 33.00601798295975 0 0 0 33.87618000805378 0.9888779819011688 5.140096440911293 2.933187164366245 0.1227386966347694 0.4337625205516815 0 0.1052037104964256 0 2.149395763874054 0.78193199634552 0 10.14977417886257 6.592484578490257 1.898294717073441 0.8431817293167114 0.1083478257060051 0 0.2890135645866394 0.2548317611217499 0.8158317357301712 0.3380532711744308 1.553185343742371 9.194831773638725 0 0 0 39.92820656299591 3.47508031129837 3.588453039526939 1.001931965351105 0.08941547572612762 0 0.1150025129318237 0.1781566217541695 0.1446325480937958 0 109.0843314528465 5.862314969301224 0 0 0.4893471226096153 16.24298803508282 14.08857291191816 6.613405764102936 14.79548668861389 7.268441960215569 6.539415597915649 2.895885765552521 0.103819951415062 0.745309054851532 0.1456135958433151 0.6167097687721252 0 0.5156528726220131 0.1084078401327133 0.1304950267076492 0 47.81172996759415 21.35144917666912 12.83926292508841 497.9307344183326 105.5425528138876 740.4100830629468 152.1536603048444 500.1102042347193 82.15459503233433 9.685782231390476 169.3785135895014 46.01097544282675 1.883900918066502 38.22746466100216 9.031280651688576 39.41373379528522 3.588444948196411 0.2760409116744995 9.089529298245907 5.677991077303886 1.52966620028019
3144.162728592753 662.7573879286647 211.8901205211878 1187.790362879634 146.11647605896 264.4706961065531 933.5491507425904 6.681792214512825 256.0975725799799 0 35.70311161875725 884.4371041059494 3980.407652065158 383.0346958860755 0.8832088708877563 0.4611179083585739 0.1648663282394409 0.1395208686590195 0 0 0 0.4777128100395203 0 0 0 0.5229199826717377 0 0 0 0 382.641973502934 15.24488453567028 0.4312931299209595 0 0 0.2470522820949554 245.020314373076 0 0.2273126840591431 0 0 0.09381593763828278 0 0 0 0 12.12264616042376 1.976641684770584 0.1057613417506218 0.1476296186447144 0.9124126061797142 0 0.1075630858540535 0 0.3091229051351547 3.397222943603992 41.40680060535669 252.9890618696809 23.10654295235872 2.017712384462357 0 0 0 10.16243217885494 1.815340973436832 1.397642716765404 0.4799531325697899 0.3389255106449127 0.2663682177662849 0.120839811861515 488.1305830925703 20.03479719161987 0.5494875907897949 27.34456153213978 25.97534550726414 9.04158242046833 5.83630359172821 0.3608637452125549 0 3.248978279531002 0 0 4.338892251253128 0 2.136505462229252 1.49244424700737 0.7098767533898354 0.2711451649665833 0.1140066832304001 0.410635232925415 0.6872552633285522 0 0 0.3334783688187599 0.1117700338363647 688.6902356892824 7.633286282420158 0 3.541643649339676 794.9017692804337 3.677680179476738 8.279486075043678 26.62563049793243 1.504047393798828 11.41426798701286 78.61550702154636 3.670114889740944 42.78018096089363 14.25328116118908 111.9193884730339 6.621743157505989 53.48655907809734 17.24604445695877 60.16922950744629 2.187987893819809 0.6998078227043152 0 0.1134779453277588 0 0 0 0 0 0 0 0 0 0 0 0 0 0 0 0 10.17853161692619 12.35387374460697 0 0 0 6.184237197041512 0.3245017826557159 0.2638532519340515 0 0 0 0 0 1.002776384353638 0 0 0 2.548747301101685 2.309202790260315 0 0 0 0 0 0 0.1573152840137482 0 4.007906943559647 1.219956815242767 0 0 0 10.30984729528427 1.95428204536438 0.6131104826927185 0.2954414188861847 0 0 0 0 0.1347506642341614 0 31.74948146939278 1.864877462387085 0 0 0 4.527179285883904 2.036896169185638 0.9346250891685486 7.970606476068497 3.012573063373566 0.4226542115211487 0.9729850888252258 0 1.425293728709221 0 0 0 0 0.1010934635996819 0 0 12.31016711890697 0.69462551176548 7.935571134090424 34.97134676575661 3.220624312758446 55.10819062590599 17.63211277127266 880.6793338134885 12.77976976335049 1.302394643425941 6.904928237199783 11.0710740685463 0.9780461192131042 9.504190862178802 0.9324736595153809 22.79727599024773 0 0.5315471291542053 0 0.5299586206674576 0
630.0979470685124 2127.350373543799 4333.080374732614 12.15596330165863 3052.963752090931 20.04459930956364 239.2973054200411 3434.762886732817 1542.321120686829 35.70311161875725 0 23.63657942414284 995.299912802875 5929.523538202047 9.992242328822613 8.555007994174957 0.5772953182458878 0.5596969276666641 0.1598402857780457 0.3160797655582428 1.427671477198601 0 0.1297490149736404 0.4332563132047653 0.2904010862112045 1.19957759976387 0.3240058571100235 1.443030312657356 0.6282983273267746 0.1660885661840439 2073.924310736358 708.6532901972532 1649.550338804722 0.1619232445955276 0 19.90392950922251 1525.986322641373 22.23869301378727 15.6876465305686 1.411972358822823 1.726616099476814 1.842167921364307 0 1.778506569564342 0.1190361753106117 0.4564102739095688 88.47263913601637 7.288068555295467 2.998536162078381 1.202546983957291 2.615636140108109 0 0.3047234565019608 0.892724484205246 2.875801660120487 11.59527212381363 23.1208299100399 270.5032400116324 32.90703539550304 12.21782426536083 6.673176258802414 87.89284455776215 3.396668702363968 126.7857561782002 5.17623133212328 4.359907373785973 1.653092987835407 3.706504374742508 1.816403977572918 3.250676527619362 720.5889276638627 250.7038426250219 1.420102491974831 70.63446237891912 121.0894102305174 72.2433600127697 53.28927097469568 16.81526622921228 93.19272273778915 386.8027954474092 5.773620672523975 67.56061490625143 15.3670309484005 0.7157169207930565 5.44520253688097 6.34678028523922 6.458278119564056 1.021427802741528 0.6246962025761604 1.97165109962225 1.830556258559227 1.479033328592777 2.678616911172867 1.761263146996498 1.689903438091278 292.6768542975187 54.02519042044878 1.579486206173897 18.61755975335836 132.5354941859841 4.690116912126541 1.782569199800491 25.94083036482334 0.8084055781364441 11.02890434861183 40.28955467045307 0.8866464793682098 36.91741068661213 5.547454953193665 71.85528843104839 8.613397628068924 49.92548194527626 22.67581333220005 64.75849035382271 12.49259646236897 0.1342548280954361 0.3445629626512527 0.1308162063360214 0 0 0 0 0 0.2824357599020004 0 0.1572624891996384 0 0 0 0.3127078413963318 0 0 0 0 27.98011434078217 15.66105830669403 0.1303102374076843 0.2286835759878159 0.2981415987014771 25.72518859803677 0.3952215164899826 9.798193573951721 1.71722224354744 0.6903805434703827 0 0 0.3848977833986282 0.4145553708076477 0.2046413421630859 0 0 7.46186326444149 1.061540484428406 1.71594176441431 0 0.3464752286672592 0.5778428912162781 0.2026334255933762 0 1.113218277692795 0 6.859320387244225 4.998268783092499 0 0 0 37.24595165252686 0 2.597489267587662 1.406866893172264 0 0.3894375413656235 0.5518746227025986 0 0.2453645467758179 0.5728997588157654 90.25218387693167 12.22167730331421 0 0 0.2363721504807472 17.95438039302826 16.2660867869854 7.505983233451843 12.73796546459198 8.767161190509796 3.554743126034737 2.387243747711182 0 0.5667810440063477 0 0 0 0.1930086612701416 0.2626251727342606 0 0 24.39896194636822 19.84008441865444 18.29413520544767 252.2339876741171 35.37009903043509 375.6970975100994 74.85319305956364 261.0229229331017 38.33485642075539 7.01540844887495 79.57355649769306 38.70276010036469 0.6987157166004181 26.18056996166706 4.202690280973911 25.07165940105915 2.121330216526985 0.1749737113714218 3.745157070457935 4.200580447912216 1.535106331110001
316.9874903857708 357.6625593155622 54.76368233561516 391.3891013115644 513.0064907222986 96.27472396194935 633.3510935008526 6.558710679411888 545.8108429014683 884.4371041059494 23.63657942414284 0 2749.654234692454 263.8390006273985 0.2960432171821594 0.4810868501663208 0 0 0 0 0 0 0 0 0 0 0 0 0 0 64.54048934578896 4.855561628937721 0.1797586232423782 0 0 0 298.7947955131531 1.20114541053772 1.780837506055832 0 0 0 0 0 0 0 5.131910882890224 0.4759425222873688 0.4817474633455276 0.2152706384658813 0.1164370104670525 0 0 0 0 1.108877614140511 2.46203788369894 29.44522362947464 4.349758565425873 0.2616629600524902 0 0 0 3.25738725066185 0.8777119517326355 0.1024119481444359 0 0 0 0 649.2124168276787 57.34315374493599 0.2818061411380768 6.647382721304893 8.582353986799717 2.663665197789669 2.352958500385284 1.26058354228735 0.1375950276851654 5.695551753044128 0 2.671888142824173 1.090211383998394 0.3289261236786842 0.6644557937979698 0.7126786857843399 0.5117890387773514 0.7961970865726471 0.2983195334672928 0.3193885385990143 0.1449162811040878 0 0 0 0.1058767512440681 1204.687125131488 3.179204851388931 0 1.784801602363586 49.40455693006516 6.918332308530807 2.935840398073196 22.68279157578945 3.170109778642654 7.678114518523216 93.60973753035069 3.916052743792534 50.19935853779316 14.16298785805702 94.97642739117146 7.659974843263626 54.02126580476761 31.89436033368111 81.72057048976421 7.015650525689125 0 0.544619619846344 0 0 0 0 0 0 0 0 0 0 0 1.03799569606781 0 0 0 0 0 24.08303955197334 20.74472993612289 0 0 0.1798744648694992 17.291823387146 0 1.179820656776428 1.194247484207153 0.193842813372612 0 0 0 2.245651841163635 0.9974001049995422 0 0 4.292280077934265 4.018686175346375 0.2884728312492371 0 0 0 0 0 0.8215008676052094 0.2296610623598099 2.570008799433708 2.892007276415825 0 0 0 26.07092322409153 3.027399569749832 1.425727143883705 0.7416326329112053 0 0 0 0 0 0 45.95533606410027 6.311118245124817 0 0 0 5.436477392911911 5.975984632968903 6.294311910867691 7.941669896245003 11.08651672303677 3.017319738864899 0 0 0.3976719975471497 0 0 0 0 0 0 0 9.8640206605196 7.037844628095627 4.277260094881058 43.95713192224503 2.951427236199379 27.78865402936935 4.195213861763477 137.22914673388 4.112097419798374 0.2342292368412018 8.20894717425108 22.92883378267288 0.4375945031642914 23.4940682053566 4.283364310860634 33.08828067779541 2.98568768799305 0 0.6346054673194885 0 0
1002.631991058588 1578.941905789077 156.1906176432967 1274.437223806977 125.9690413922071 160.0132681727409 3216.22268884629 107.4071258828044 452.8962327167392 3980.407652065158 995.299912802875 2749.654234692454 0 2043.415432527661 28.3826512619853 23.56544768810272 0.88360246270895 1.606909401714802 0 0.1286997497081757 0.6176527589559555 0 0 0.9399942234158516 0.123345784842968 4.142186678946018 0.1366034895181656 2.491673558950424 1.86586544662714 0.2916732728481293 178.5321609675884 65.39596626162529 62.13566330820322 0 0 0.8691956251859665 303.8381187543273 1.294186301529408 5.329542927443981 1.102537453174591 0.64246766269207 1.606879867613316 0.1823375821113586 1.742915995419025 0.1153821274638176 0.1423105299472809 155.1673138216138 8.509783297777176 2.558052696287632 0.8530435115098953 2.282717414200306 0.6391284912824631 0.8945314735174179 3.294123597443104 1.863377168774605 9.57211995869875 19.76257478445768 99.44564770907164 26.55794083327055 18.40857432037592 0.5380732417106628 1.421018540859222 0.4748538732528687 83.92179948091507 6.101487293839455 4.77716988325119 2.478745773434639 4.044450990855694 0.9210857525467873 2.375993475317955 442.8116615116596 101.5043520927429 0.7315894365310669 63.44389703124762 91.88776335865259 109.5169489234686 131.1632528826594 26.8066059499979 2.819523125886917 267.3296017795801 4.186581432819366 6.434009879827499 12.20189458876848 0.1556080132722855 4.780789345502853 7.008400805294514 5.68866291642189 0.665576234459877 0.5461776405572891 0.9533001706004143 2.4723931401968 1.266890920698643 2.0171028226614 1.421622432768345 3.612883597612381 3486.58177152276 22.18807396292686 0.6529691815376282 9.441433608531952 114.2835792899132 7.499369248747826 3.217730551958084 29.1937450170517 1.036335527896881 11.53389640152454 86.34291157126427 4.048943772912025 51.82848814129829 20.33951339125633 93.48320384323597 9.038154110312462 75.43601520359516 33.17222797870636 75.41661271452904 11.41390512883663 0.7207369804382324 1.017087027430534 0 0 0 0 0.2927350997924805 0 0.2907895743846893 0 0.1447393745183945 0 0.1272857040166855 0 0.1590347588062286 0.1308910697698593 0 0 0 27.71507997810841 19.13919621706009 0.2368753701448441 0 0 18.16199189424515 0 2.418282464146614 1.249002061784267 0 0 0.3078795373439789 0.2462950050830841 0.9076358079910278 0.4622360467910767 0.6750892102718353 0 2.287112772464752 4.367577135562897 0.5564928948879242 0.5360087156295776 0 0 0 0 1.154743939638138 0 1.695463359355927 3.502422422170639 0.3144581913948059 0.1990227997303009 0.6182928383350372 19.54156635701656 0.6774010062217712 1.963647313416004 0.6266565471887589 0.6375290602445602 0 0.2496194317936897 0.5418576523661613 0.2273263037204742 0.1683653742074966 58.19093492627144 2.354111582040787 0 0 0.1519197672605515 7.794613599777222 5.081552907824516 3.777226775884628 4.349736422300339 4.985536962747574 2.042440548539162 1.043634846806526 0 0.6884063631296158 0 0 0 0 0 0 0 26.84677636623383 10.04955498874187 7.406143054366112 602.0934200659394 94.38941535353661 467.1369438841939 117.6495912447572 327.6636663973331 56.31411530822515 4.985271416604519 217.1306942030787 37.75452534109354 3.235091641545296 23.37539233267307 3.297428168356419 22.93833909928799 0.2463991492986679 0 3.605892449617386 14.69436622411013 2.352107495069504
