0 4786.090819992125 341.8277781009674 1714.657387807965 434.4289067983627 398.135509416461 939.9215182512999 15.14319685101509 93.55634039640427 495.7742162793875 65.81826616823673 29.37842031568289 257.5043602064252 287.0650983974338 2.229584142565727 0.9640950709581375 0.1487637460231781 0.3404741585254669 0 0.1716702282428741 0 0 0 0 0.2296824753284454 0.1639154106378555 0 0 0.413934737443924 0 378.2796298265457 0.8325691968202591 11.7668801099062 0 0 0.1514609605073929 9.910585448145866 0.4418951123952866 1.417556405067444 0.180575042963028 0 0.5291836857795715 0.2982703298330307 0 0 0 11.47342593967915 0.3914931118488312 0 0 0.1384732723236084 1.584650099277496 0.6262440085411072 0 1.804613418877125 2.116314142942429 410.9626950249076 1210.273313388228 65.55784546583891 30.42032139748335 0 0.1685651987791061 0 4.638508819043636 0.8887096270918846 0.4311723411083221 0.502201683819294 0.3979434818029404 0 0 17.4149145334959 33.74884575605392 2.475621223449707 145.1646380275488 11.07342587411404 5.307400070130825 0.762272521853447 0 0 17.26022794097662 0 0.2526942417025566 5.221282668411732 0 0.7888442501425743 0.8598241955041885 0.1005961745977402 1.655323535203934 0 2.244703993201256 0.1104032620787621 0.1973720192909241 0 0 0.512600839138031 148.9901306927204 15.20011368393898 2.302765697240829 1.321840286254883 1034.555885180831 1.18107108771801 10.3257240653038 5.03910019993782 10.77211621403694 1.095143854618073 10.86953683197498 10.46566858887672 3.192422956228256 14.64521685242653 28.93362432718277 1.03170557320118 52.23261785507202 17.61501716077328 40.78999061882496 3.783439308404922 0 0.5397631227970123 0 0 0 0 0 0 0 0 0 0 0 0 0 0.4602780342102051 0 0.245346412062645 0 1.55730265378952 0 0 0 0 3.604304850101471 0 3.672058150172234 0.4184319525957108 1.118594333529472 0 0 0 0 0 0 0 0 0.581149160861969 0.4719303250312805 0 0 1.529069244861603 0 0 0.1344234943389893 0 0.2104318588972092 0.8585733771324158 0.9268787652254105 0 0 0.2418514788150787 0.2252096831798553 0 0 0 0.228970006108284 0 0 0 0 18.11992137134075 0 0 0 0 0 0 0 0.8100335299968719 0.8546037375926971 0.1312496811151505 0.2083751559257507 0.549480676651001 0 0 0 0 0 0.1391842216253281 0 0 16.62227463722229 2.859650522470474 2.279695689678192 186.4470750391483 4.774777434766293 62.81580099463463 24.08158512413502 981.6347932741046 12.48313581943512 0.3084320425987244 19.37487578392029 22.88651512563229 0 2.45273469388485 0.1616943180561066 76.49304051697254 0 0 2.00146096944809 0.1391384899616241 0
4786.090819992125 0 3425.450548902154 627.764459118247 3718.118851482868 783.004758939147 4387.707620956004 83.94977204501629 2908.534775689244 1415.673068270087 753.6833547949791 177.730365678668 2533.299506574869 2943.25890699774 13.94601538032293 1.745343327522278 0.5051077306270599 0.7049080207943916 0 0.687122255563736 0.7988801822066307 0 0 0 2.457930058240891 0.426580086350441 0.1946597993373871 0.9830261915922165 0.5352086126804352 0 2499.494213283062 3.163786515593529 41.27510184049606 0.2541568875312805 0 0.9291515052318573 37.41040775924921 2.724865734577179 7.450271606445312 2.518293112516403 0.2651822865009308 2.947282828390598 0.1755149215459824 0.3495683595538139 0.8595634996891022 0 168.285112567246 9.944473743438721 0.4761884808540344 1.879408277571201 0.5648567676544189 1.795208364725113 0.4083581566810608 0.1692126840353012 20.99246923625469 19.97394376248121 480.6389678046107 2237.428280867636 123.8324101343751 279.831874191761 0.4086474850773811 0 0.3753379210829735 73.19321820884943 17.94923225045204 8.675587169826031 1.371752820909023 5.51952175796032 2.342402622103691 1.381926447153091 48.20512297749519 17.06081475317478 0.2963290512561798 856.0208663195372 163.0775845348835 102.3595111221075 26.78789161145687 1.946396924555302 0.4395116716623306 100.2031529098749 1.466956198215485 3.544315971434116 65.51061175018549 1.32787149399519 11.46601213514805 4.333983905613422 3.312907949090004 0.4049182385206223 0.7632767856121063 1.017104208469391 1.307483926415443 0.3699775338172913 0.8693964704871178 0.9429765343666077 3.712393052875996 213.8425691947341 3.888144001364708 0 6.397873401641846 854.8111677616835 3.431025758385658 12.41460561752319 5.120455533266068 21.51182194054127 2.045841425657272 20.04576468467712 14.52819168567657 6.781901180744171 24.27611856162548 60.53370295464993 4.193849548697472 130.2848539948463 35.68159697949886 97.54646001756191 19.47312079370022 0.7961927056312561 0 0 0 0 0 0 0 0 0 0 0 0 0 0 0 0 0 1.126168608665466 6.329714342951775 0.2543880045413971 0 0 0 18.28374595940113 0.1943139284849167 20.27196070551872 7.091930508613586 0.5786706209182739 0.249188020825386 0 0 0 0 0 0 0.7228819131851196 5.670070052146912 0 0.1153133660554886 0.5349358320236206 0 0 0.1975256651639938 0 0.4560020864009857 0.9233746826648712 2.960460141301155 2.070662125945091 0 0 5.028777733445168 0.5998089909553528 0 0.1199085414409637 0.4032666906714439 0 0 0 0 0 49.07531759142876 1.812824904918671 0 0.3861833512783051 0.1485981196165085 0.4254231452941895 1.182646512985229 2.436101973056793 3.819123104214668 0.1982346177101135 4.678203895688057 0.3968393504619598 0.3376578092575073 0 0.2531435936689377 0 0 0.7782003059983253 0.2039282470941544 0 0.4100512340664864 26.04009659588337 6.697861701250076 27.30699120461941 768.8753411769867 68.37496218085289 701.2977866455913 213.9084095656872 1425.299518190324 122.570704691112 9.616748139262199 162.5337357968092 49.92973658442497 1.531064800918102 21.68489836156368 3.984192758798599 90.31117998063564 3.123704925179482 0.3326892852783203 11.56466031074524 4.551268249750137 0.2748245894908905
341.8277781009674 3425.450548902154 0 12.45685149729252 403.9002322107553 14.91361255943775 334.1700315624475 3740.520582899451 581.0012812167406 30.76218515634537 2220.818395875394 50.45349306613207 763.9840876460075 1455.650077283382 17.69140154868364 9.861598655581474 0.2825784385204315 0.6334067285060883 0 1.377342373132706 9.692647531628609 0.9799024760723114 4.215286448597908 1.060974568128586 21.12357509881258 3.250524155795574 8.28229758143425 3.334322482347488 2.886523067951202 0.1407762318849564 3872.660982064903 43.6245908588171 371.8966110497713 3.32136133313179 7.104626156389713 19.16594888269901 261.3727071136236 21.2462028041482 11.83059056848288 10.96959858387709 15.22700773179531 6.127703122794628 3.159110277891159 1.145969942212105 1.476177558302879 2.691900983452797 47.36368043720722 1.692841768264771 0.5821389630436897 3.583083808422089 14.81813066452742 4.25613309442997 1.044360265135765 0.1614935845136642 2.387380756437778 2.473433203995228 64.30990369617939 1063.468365736306 15.86909496039152 32.93452443182468 2.448101863265038 45.74378599971533 32.28881276398897 536.4471811652184 1.887391403317451 2.32188618928194 5.868231378495693 52.68739886581898 21.79711362719536 18.57610203325748 114.7491191625595 23.05121865868568 0 122.8943482413888 29.47278396785259 25.45687255263329 20.18637705594301 7.509879872202873 104.1148773729801 3131.112011812627 1.300251632928848 156.4387155324221 5.051069982349873 0 1.703004412353039 1.955411769449711 5.092889092862606 0 0.5837312266230583 0.802604079246521 0.3407587930560112 0.5797411948442459 20.9086292758584 1.380336321890354 3.279473483562469 55.17268461734056 9.832500547170639 0.2646781206130981 0 136.4881932958961 1.418573588132858 1.582633972167969 1.945903077721596 5.806003853678703 2.226767674088478 9.853235110640526 3.490644723176956 3.171490162611008 3.187128335237503 10.98685111105442 1.555083751678467 35.27843139320612 9.70403316617012 22.48508371412754 4.449575841426849 0.4932974278926849 0 0.2189877331256866 0 0 0 0 0 0 0.1924052238464355 0 0 0 0.131441131234169 0 0.648122176527977 0 2.318936035037041 0 1.141514971852303 1.471028834581375 0 0 0 4.316627994179726 0.1557843536138535 1.300406500697136 3.325888358056545 0.4593100249767303 0.1745484471321106 0.5462340265512466 0 0 0 0 0 0 2.945143982768059 0 0 0 0 1.87492373585701 0.09389980882406235 0 0.1860958784818649 0 2.177268326282501 0 0 0 3.138915061950684 0.7877177000045776 0 0 0 0 0.1295921057462692 0 0 0.3522525131702423 21.57391260564327 0.4434493184089661 0 0 1.300172373652458 0 1.299671053886414 2.464880675077438 0.7952632233500481 1.194301426410675 1.866440549492836 1.185859501361847 0 0 0 0 0 0 0 0 0.1549281030893326 4.25188510119915 8.832913726568222 10.9095753133297 126.4539639800787 17.20081263780594 103.3196989819407 32.2077073007822 80.7265929505229 15.7678996771574 3.301659606397152 45.87467351555824 8.566802710294724 1.209095783531666 5.969623371958733 1.729823984205723 18.4676917642355 1.202375113964081 0.2053619474172592 3.077584832906723 2.813633412122726 0.236385315656662
1714.657387807965 627.764459118247 12.45685149729252 0 18.8169923722744 821.697748541832 728.2149798721075 0.1696857064962387 44.24751351773739 2376.59009796381 1.480957806110382 259.5296164751053 289.3418501466513 49.42575113475323 1.143599539995193 0 0 0 0 0 0.2867090404033661 0 0 0 0 0.2358298003673553 0 0 0 0 45.80602656304836 0 2.886866211891174 0 0 0.121387705206871 6.061093583703041 1.160058259963989 4.480479389429092 0.4078096449375153 0 0 0 0.1758304685354233 0 0 10.66996783018112 1.000980153679848 0 0.1378662884235382 0 0 0 0 1.896960265934467 2.20989478379488 90.93921056389809 246.9693194776773 20.67548508197069 19.48011747002602 0 0.2314809113740921 0 1.38933390378952 0.4320447891950607 0.3359941989183426 0 0.2041508704423904 0 0 22.35561349987984 10.1995837688446 0 77.82546938210726 6.060936629772186 5.271244734525681 1.435976415872574 0 0 1.359054416418076 0 0.1366604268550873 3.479250192642212 0 0.7553886622190475 0.178795799612999 0.2813914492726326 0.5772917568683624 0.2842273712158203 0.3636119365692139 0 0.2587957978248596 0 0 0 216.7070347219706 2.97457492351532 0 0.8594259917736053 464.0633238703012 0.946367934346199 8.723979473114014 1.900852620601654 11.29409243166447 0.5702332109212875 9.236563488841057 12.37558445334435 3.436612904071808 19.37133215367794 30.1904940456152 2.163874417543411 74.51400768756866 21.58352506160736 39.23673075437546 5.124523460865021 0.486555814743042 0 0 0 0 0 0 0 0 0 0 0 0 0 0 0 0 0 0 2.029158636927605 1.017263650894165 0 0 0 12.36541099846363 1.952087879180908 7.188164860010147 4.534609466791153 1.093301594257355 0 0 0 0 0 0 0 0 5.60630390048027 0 0 0 0.550004243850708 0 0 0 0 0.3299331963062286 2.537572361528873 1.182322889566422 0 0 0.4280742406845093 0 0 0 0 0 0 0 0 0 20.63104973733425 2.362812578678131 0 0 0 0.6831953674554825 0 0.8616478443145752 1.323036968708038 0.4556082189083099 1.701268419623375 0.2010325193405151 0.7821856141090393 0 0 0 0 0.1251404881477356 0 0 0 19.25424620509148 0.7251793146133423 12.20155942440033 126.8721484541893 5.299477554857731 51.58976208418608 15.15755958855152 589.5063178539276 7.864630296826363 0.2064103633165359 11.33195903897285 31.46532790362835 0.1725139915943146 7.770918719470501 2.813032448291779 60.07927225530148 0.8513606190681458 0 1.376764535903931 1.092007637023926 0
434.4289067983627 3718.118851482868 403.9002322107553 18.8169923722744 0 14.72571162879467 2423.352753192186 56.56243738532066 7592.817542172968 340.5381044000387 1210.905366197228 82.16862319409847 823.6069239154458 3704.616661772132 8.090615391731262 0.4904622733592987 0.163763165473938 0.1388733237981796 0 0.4799324423074722 0.1873809248209 0 0 0 0.9077716618776321 0.656718909740448 0 0.1690994650125504 0.5938593000173569 0 269.4322146698833 1.21010759472847 16.17535607516766 0 0 0.1373692452907562 19.10041253268719 1.689796045422554 5.000532209873199 0.8085846155881882 0.3341923356056213 0.6304650008678436 0.4622404873371124 0.3400886356830597 0.1603603810071945 0.2271189987659454 48.44623647630215 2.296719118952751 0 0.5704113841056824 0.6571319550275803 0 0 0 3.354367792606354 3.424109779298306 32.73536677658558 220.0702323764563 14.05079330503941 57.9695475474 0 0.8587230443954468 0.1496747583150864 29.22157157957554 2.866751775145531 1.596406705677509 0.5394470170140266 2.026804558932781 1.111993290483952 0 25.48462063074112 3.556496441364288 0 141.524675630033 41.56677220761776 34.03432769328356 7.782229050993919 0.207020491361618 0 54.93976107984781 0.3873199075460434 2.225404024124146 12.27251774817705 0.2475347220897675 2.749402068555355 1.113408833742142 1.745998151600361 0 0.3550742343068123 0 0.4929423928260803 0.6194842755794525 0.1181798577308655 0.5625045001506805 0.6150128766894341 52.46289967745543 0.4220344424247742 0 1.616453796625137 22.02560383081436 1.261862024664879 4.043549090623856 1.347137272357941 5.450292408466339 0.6389400959014893 8.285034164786339 4.870058357715607 2.126819908618927 5.965309321880341 10.96997539699078 0.8656184673309326 49.10480909049511 15.25225667655468 41.88693629205227 6.166172191500664 0.9209166169166565 0 0 0 0 0 0.2483481019735336 0 0 0 0 0 0 0 0 0 0 0 0 0.9086528122425079 0 0 0 0 9.699444338679314 0 2.879593014717102 1.693537250161171 1.005102455615997 0 0 0 0 0 0 0 0.2940207123756409 3.841390043497086 0.2092546224594116 0 0 0 0 0 0 0.09915488958358765 0.1420367509126663 5.323149621486664 0.9312234818935394 0 0 1.112078234553337 0 0 0.2414312660694122 0 0 0 0 0 0 18.22916536033154 0 0 0 0 0 0 1.350710391998291 0.6221323013305664 1.287615090608597 2.571358665823936 0.5990481376647949 0 0 0 0 0 0.1092750355601311 0 0 0 7.755304500460625 1.969248414039612 8.383561745285988 157.2654389292002 21.98049039393663 151.9572803750634 33.6199711188674 81.21671363711357 29.37374852597713 2.982667006552219 36.09803915023804 17.50060664117336 1.883628033101559 14.42588933557272 0.7451778799295425 26.91153007745743 3.420944452285767 0 3.192471846938133 2.559140160679817 0
398.135509416461 783.004758939147 14.91361255943775 821.697748541832 14.72571162879467 0 440.8433718979359 4.115943774580956 10.79104442894459 667.0330767929554 6.724896669387817 121.4081965088844 244.1280768811703 25.64334282279015 2.569090411067009 1.457394570112228 0.1434059888124466 0 0 0 0 7.823571622371674 0 0 0 0 0.6409510970115662 0 2.554831624031067 0 12.84865009784698 0 14.00749389827251 0 0 0 14.04857411980629 0.20433209836483 6.652084812521935 0.6090166121721268 0 0 0 0.1935932785272598 0 0 3.811391606926918 0 0 0 0.2665368914604187 25.18802551925182 10.92225611209869 0 0.2068912237882614 0 164.5125244706869 87.2027238085866 11.58647651970387 4.616357766091824 0 1.245398044586182 0 1.604647874832153 0.3576973974704742 0.5328845828771591 0.3762775361537933 0 0 0.1342594027519226 203.0935690402985 349.4492317438126 30.73671340942383 14.00780665874481 2.537095323204994 1.773051500320435 1.339516133069992 0.4126257598400116 0.1902551054954529 22.19966116547585 0.1655067354440689 9.124194324016571 1.267389066517353 7.101822093129158 0.3090239092707634 3.166970558464527 0.4821125864982605 66.54112155735493 18.73648841679096 40.77266547083855 2.608480870723724 13.14135873317719 0.1141233742237091 0.190137580037117 5.803978860378265 236.7602391541004 178.9055734574795 41.5734147131443 33.34131754934788 574.8562240451574 0.6656288802623749 7.165925920009613 3.483071193099022 7.361363053321838 1.026571825146675 6.459862232208252 11.91737286746502 1.842670097947121 9.719817489385605 21.48823711276054 1.261424690485001 42.77852158248425 19.74308444559574 28.34811066091061 1.520952850580215 0.3116207718849182 0 0 0 0 0 0 0 0 0 0 0 0 0 0 0 0.1566468179225922 1.94680543243885 0.8877586424350739 0 0 0 0 0 2.275761127471924 0 1.679031223058701 0.7814034521579742 0 0 0 0 0 0 0 0 0 0 0 0 0 0.5425198674201965 0 0 0 0.1429601609706879 0.1601246893405914 0.2603797912597656 3.596331298351288 0 0 0.6290191113948822 0 0.4294481873512268 0 0.2033427804708481 0 0 0.1767580509185791 0 0 15.45136098563671 0.9798362255096436 0 0 0 0 0 0 0.6392084360122681 0.4062885940074921 1.004805907607079 0.6146067380905151 0 0 0.2617312371730804 0 0 0.5089953392744064 0 0 0 17.61146129667759 2.762932330369949 0.7973021268844604 50.54639759659767 2.851392798125744 13.7601654753089 4.51060463488102 298.7023495733738 3.75902284681797 0.5552128553390503 9.231597825884819 7.986826956272125 0 1.894433856010437 0 46.06454001367092 0.642509788274765 0 0 0.4852617084980011 0
939.9215182512999 4387.707620956004 334.1700315624475 728.2149798721075 2423.352753192186 440.8433718979359 0 42.38835272192955 2800.654503054917 3343.485987856984 281.8774237111211 171.3310672193766 9218.978736542165 5361.499874904752 37.56012198328972 1.858233168721199 0.5789825469255447 1.664574086666107 0.1210338771343231 1.950015783309937 2.15145517885685 0.2943652272224426 0.3524036407470703 0 3.738800227642059 1.598901987075806 0.5693724602460861 1.196076929569244 2.837007209658623 0 606.30667732656 12.73203563690186 17.59358235448599 0.2894967198371887 0 0.7528607025742531 36.0044180303812 6.652135081589222 25.22782039642334 4.139698296785355 1.14897558093071 1.525055080652237 0.7583531215786934 2.417576007544994 1.032108888030052 0.4844772666692734 305.7027401551604 16.11375233530998 1.097295701503754 1.620768547058105 2.936875320971012 0.3677584230899811 0.1762682646512985 0.4693531394004822 18.8583435639739 19.36415585130453 219.1445537880063 1034.271782323718 76.78086910396814 348.7522641718388 0 1.25255436450243 0.5446407645940781 126.0920579954982 23.23444659262896 10.36438951641321 2.995511934161186 10.43293700367212 2.680242702364922 1.501777566969395 119.7152540832758 31.08852341771126 0.1037689447402954 807.3324952945113 233.896467231214 220.0475325882435 67.52304206043482 4.44365294277668 0.724604032933712 21.22477678209543 2.710794225335121 9.435541160404682 80.76808757334948 1.793308518826962 19.0734873265028 7.191797770559788 5.009332895278931 1.023006200790405 2.588657550513744 0.9560308754444122 1.885437317192554 1.294292822480202 1.579200148582458 0.262513555586338 5.035513818264008 498.8629743754864 16.23294366896152 0 17.49974815547466 180.9683060124516 6.707228176295757 21.57925353944302 19.15043568611145 40.59986543655396 16.70440828800201 66.27873164415359 30.63184849917889 32.20499376952648 59.79095286130905 126.461964994669 7.966191068291664 387.6975627094507 127.0650179982185 274.0801999866962 41.78302617371082 6.592853009700775 9.622877165675163 0 0 0 0 0 0 0 0 0 0 0 0.8224714994430542 0 0 0 0 0.6175340414047241 8.384309381246567 2.181302607059479 0 0 0 68.9845612347126 4.879675269126892 46.34501059353352 29.76747225224972 1.969883918762207 0 0.1178041696548462 0 0 0.7905496656894684 0.20490762591362 0 3.320347681641579 17.97705967724323 0.2241800278425217 0 0 0.7503826767206192 0.2179103344678879 0.1187848374247551 0.9459098428487778 0.3197957947850227 4.565714657306671 12.92041563987732 2.17346103489399 0 0 17.50118148326874 0.6826815605163574 3.324011832475662 0.9028247147798538 0.4885175749659538 0.2575453966856003 0.1133611276745796 0.2804129272699356 0 0.1090863347053528 153.1854139715433 6.687264144420624 0 0.2485422790050507 0.5780202746391296 6.261097520589828 4.909817636013031 9.281232953071594 6.011918008327484 7.645856067538261 10.08736670017242 1.38722437620163 0.4465636909008026 0.7018301635980606 1.108117111027241 0.3072053492069244 0.09981074929237366 1.437187500298023 0.5970316976308823 0 0.1709364354610443 74.97979827225208 27.78061974048615 78.22918675839901 1019.279525488615 127.8295757770538 1016.90013781935 283.8330342769623 1012.738440565765 206.3558145016432 16.10293123871088 312.5518314018846 121.7890910506248 6.313975483179092 60.41438099741936 15.16549092531204 211.9572216570377 9.658000484108925 1.60586878657341 40.42909182608128 21.34341809153557 2.659015208482742
15.14319685101509 83.94977204501629 3740.520582899451 0.1696857064962387 56.56243738532066 4.115943774580956 42.38835272192955 0 140.4929111078382 4.249490723013878 746.1925895959139 36.98048673570156 630.9621897786856 1556.703929908574 18.21686208248138 8.821167670190334 0.1697802841663361 0.8359088897705078 0 3.624325685203075 21.2671010941267 1.33413290977478 13.07659466564655 1.270501405000687 24.85227879881859 2.222526967525482 6.038311943411827 0.5098754018545151 1.605839341878891 0.8747350871562958 1192.911115892231 1034.546414718032 166.9033835381269 13.8845279365778 9.563853412866592 27.6251340508461 181.5488274991512 23.54959039390087 8.654266536235809 5.627498120069504 19.25479688495398 6.615034274756908 4.871971815824509 3.334726080298424 0.4673915505409241 4.614823073148727 46.01700019091368 0.9239206686615944 1.495005369186401 2.494583070278168 16.36482316255569 5.96565817296505 1.215806052088737 0.618995189666748 0.8808352798223495 1.150160394608974 15.22167308628559 206.5023827329278 4.713440999388695 24.67227193713188 33.46080231666565 27.28565846383572 76.60032461583614 256.9105104655027 1.420056119561195 2.164765305817127 4.957238398492336 58.7964529171586 36.3944750726223 48.31235435605049 78.75203517079353 4.353452771902084 0 51.55376865714788 34.29836387187243 29.49707155674696 63.92748500406742 288.672958523035 339.5447394102812 1737.810799472034 20.87459626793861 820.3711121827364 3.844083614647388 0.1345388293266296 1.811811782419682 2.089229360222816 4.17328767478466 0 0.09241972863674164 0 0.9087778180837631 0.2417730093002319 35.5907012745738 1.772972017526627 3.867594867944717 31.27229388058186 4.56523497402668 0 0.8991728723049164 3.478343471884727 0.546409547328949 0.2085098475217819 0 1.085472792387009 0.3566778898239136 0.5916978120803833 0 0.3390962034463882 1.672593370079994 4.214490443468094 0.3544884920120239 11.70893260836601 0.9836346954107285 9.837342321872711 1.48011577129364 0 0.8824533224105835 0 0 0 0 0.2581027150154114 0 0 0 0 0 0 0 0 1.205904692411423 0 1.082171231508255 0 0.3408594727516174 0 0 0 0 3.229219943284988 0 0.6425366699695587 0.9952949285507202 0.8847466111183167 0.1999637186527252 0.519937127828598 0.5081502199172974 0 0 0 0 0 1.225063681602478 0 0 0 0 0.5944496542215347 0 0 0 0 2.012285172939301 0.1607442945241928 0 0 0.3313804566860199 0 0 0 0 0 0 0 0 0.8808914721012115 7.116410940885544 0 0 0 1.292571663856506 0 0 0.6325741410255432 0 0.6078441143035889 0 0 0 0 0 0 0 0 0 0 0 1.235928252339363 2.24573016166687 1.513256996870041 133.5614236667752 12.52503426373005 105.9435697346926 21.85923032462597 22.76851323992014 14.39572674036026 1.367249593138695 35.66155545413494 3.839743375778198 0 3.228648245334625 0.1352510154247284 3.714236676692963 0 0.2176181226968765 2.089273855090141 3.239793553948402 0.6840477734804153
93.55634039640427 2908.534775689244 581.0012812167406 44.24751351773739 7592.817542172968 10.79104442894459 2800.654503054917 140.4929111078382 0 281.0650648921728 1268.702046632767 60.3281517624855 806.7851685732603 3586.337278053164 28.47799141705036 3.739804536104202 0.4050319194793701 0.2951494306325912 0 0.767215222120285 0.1278618425130844 0 0 0.4150742590427399 0.8522033840417862 1.102027259767056 0.4986647292971611 0.7356023788452148 0.1574623584747314 0 451.1363313347101 16.4839178621769 14.46165828406811 0 0 0.860410749912262 27.60041419416666 2.651431746780872 11.2170383259654 3.567397437989712 0.9646289944648743 1.888976573944092 0 1.193726629018784 0.292023167014122 0.1630498617887497 173.5316689908504 5.860899828374386 0.2439541518688202 0.9454962089657784 1.118609525263309 0 0.5696993172168732 0 3.611254751682281 6.108968980610371 41.71742661297321 329.5618285238743 17.64331163465977 133.0785465240479 0 1.061134666204453 0.2657586336135864 82.52042233198881 5.915363803505898 3.635094188153744 1.54614519327879 3.825285211205482 1.167168512940407 0.3569508194923401 62.3523136973381 12.01637801527977 0.132272407412529 238.0088272541761 96.48464044928551 113.0841375887394 41.88775699585676 1.858306437730789 0.951574295759201 37.18384340405464 0.1297021806240082 2.537329249083996 21.84218242764473 1.298780225217342 7.288172326982021 1.757336057722569 1.523756690323353 0 0.9564708471298218 0 0.6884858012199402 0.747556671500206 0.3719344660639763 0.3121966570615768 1.917259335517883 54.31562411785126 7.295930832624435 0 6.368030786514282 9.11302462220192 2.967060148715973 4.334608942270279 3.899074360728264 11.9343626499176 4.454570293426514 14.81752879917622 2.625912442803383 10.16089779138565 14.43350125849247 27.16841292381287 2.584913000464439 106.5435718894005 26.50928111374378 70.67737683653831 17.95250780880451 1.510120004415512 1.676898807287216 0 0 0 0 0 0 0 0 0 0 0.4381889402866364 0 0 0.1424015164375305 0 0 0 5.309047535061836 0 0 0 0 28.46459026634693 0.8298507481813431 29.15202981233597 9.383501395583153 0.8480055630207062 0 0 0 0 0 0 0 0.7004510164260864 4.068651854991913 0 0 0 0.1912353187799454 0 0 1.204071611166 0.1103882268071175 0.3097161054611206 4.587514966726303 0.8571488857269287 0 0 8.877544522285461 0.1832965165376663 0 1.050383880734444 0.2131873965263367 0.1116768047213554 0 0 0.1022275313735008 0 53.33070310950279 1.071481704711914 0 0.1593581885099411 0.4746669083833694 0.9186933636665344 1.231536865234375 5.715455174446106 5.044614925980568 0.4015218913555145 4.013318657875061 0.4543543756008148 1.006225138902664 0.1015143170952797 0.2080899253487587 0 0 0.1810427457094193 0 0 0 12.97056949138641 11.17903184890747 27.96462740004063 417.9139874652028 50.2199220135808 417.4596386924386 114.4018246531487 147.8881593197584 94.83351195603609 6.463699668645859 148.412046931684 38.24617752432823 2.762185320258141 20.80960541963577 6.684885501861572 63.36624982953072 5.073799729347229 0.6647994816303253 13.7581979483366 10.38548186421394 2.54423214495182
495.7742162793875 1415.673068270087 30.76218515634537 2376.59009796381 340.5381044000387 667.0330767929554 3343.485987856984 4.249490723013878 281.0650648921728 0 29.90901337563992 1244.007811069489 10590.55963650346 185.1314563080668 8.491708219051361 1.621557667851448 0 0 0 0 0.2409980148077011 0 0 0 0.2417715042829514 0 1.243590831756592 0.2980664819478989 1.428865373134613 0 50.06883372366428 1.48898558318615 22.53182736039162 0 0 0.40003302693367 77.48970036953688 1.409598931670189 32.7283743917942 0.3164596855640411 1.859651237726212 0 0 0.8379103243350983 0 0 42.4035362303257 1.652476705610752 0 0 0.8114642798900604 4.291358441114426 2.285360485315323 0 1.657882258296013 4.50110599398613 90.22027454525232 153.3245015591383 12.11823427677155 29.12671644985676 0.8525630235671997 2.438360065221786 0.1973099708557129 7.890353158116341 2.126786358654499 0.5225973129272461 0.1916066259145737 0.6132514849305153 0.3094564974308014 0 665.1031934022903 91.97660209238529 1.055458575487137 72.71738696098328 20.52095410227776 18.5668775960803 4.282280713319778 0.2001337110996246 0.2732807397842407 10.8287251740694 0.6720195114612579 6.342598304152489 9.039396688342094 0.3068160712718964 0.8485853597521782 1.736257031559944 0.463732935488224 0.8444776087999344 0.4762735664844513 0.1949760764837265 0.9591604918241501 0.8900957703590393 0.3321778923273087 0 0.1762920767068863 1539.02076292038 33.89814907312393 0 32.94029733538628 740.2327576726675 11.16113144159317 27.41341537237167 25.94227635860443 67.07005278766155 17.74454748630524 91.70895619690418 59.11787009239197 32.0554653853178 84.21876755356789 163.7130930125713 5.225808724761009 454.057253792882 138.8597813993692 358.1493962556124 54.75434991717339 5.361216127872467 5.722942173480988 0 0 0 0 0 0 0 0 0 0 0.643372654914856 0 0 0.2720173001289368 1.559466123580933 2.838070437312126 0 9.956628262996674 5.021758079528809 0 1.19327175617218 0 77.17311742901802 2.90413498878479 63.88776424527168 29.30070655047894 5.543915823101997 0 0 0 0 0 0 0 1.068847611546516 27.10539801418781 0 0 0 0 0 0.5510995090007782 1.57446451485157 0 2.971072494983673 20.51104997098446 5.823712661862373 0 0 21.95341148972511 0 0.302977591753006 0.4402192980051041 0.2004211395978928 0.4427919983863831 0 0.2475123703479767 0 0 162.920742303133 7.383035838603973 0 0 0 7.997174710035324 6.483711004257202 7.849104046821594 12.94347359985113 6.46724896132946 16.25042150914669 5.875265672802925 1.514430642127991 0 0.1690582484006882 0 0 0.2542443573474884 0.83589106798172 0 0 120.3032200485468 32.55591973662376 100.5796858668327 294.1544136181474 11.33231201767921 176.8680254742503 38.06565646827221 855.9060728102922 27.87503369152546 7.196606621146202 74.13238719105721 170.789173796773 3.358677931129932 75.65375781059265 11.22437039017677 364.0146525204182 13.38315239548683 0.6865397691726685 35.21141940355301 3.590147465467453 1.930708408355713
65.81826616823673 753.6833547949791 2220.818395875394 1.480957806110382 1210.905366197228 6.724896669387817 281.8774237111211 746.1925895959139 1268.702046632767 29.90901337563992 0 303.5246547013521 4164.882546976209 9237.677694424987 19.2358623072505 11.0435895845294 0.5749012529850006 0.5447606146335602 0.172242060303688 0.6582399010658264 2.090005546808243 1.909911692142487 0.6110593378543854 0.7476929426193237 6.863132730126381 3.373227000236511 4.933994233608246 2.403313457965851 7.048739388585091 4.714425325393677 562.6218552067876 117.6495254486799 597.8768021166325 0 0.6983503401279449 2.017362728714943 560.5249047875404 24.77996024489403 19.78542265295982 14.63684505224228 8.133554130792618 7.445810765028 0.6279409676790237 2.152211636304855 0.4581808745861053 0.1398599445819855 57.21166659146547 2.069477796554565 0 0.4471748173236847 2.69626359641552 10.56911027431488 1.053241416811943 0 1.253455348312855 1.777427673339844 15.84859386831522 175.2268122807145 5.017721407115459 27.20307681709528 0.1710023283958435 9.620197013020515 2.587697230279446 52.31186149269342 1.106626354157925 0.8821272328495979 0.8100946843624115 4.618714183568954 1.739460721611977 1.803902238607407 288.6163135766983 19.728395819664 0 61.69554540514946 25.26389396935701 28.47023414075375 17.26314461231232 9.078115254640579 110.876015663147 2149.045975923538 0.3339778333902359 3.945490054786205 4.755178570747375 0.08552854508161545 1.730488710105419 0.3608879297971725 1.322641760110855 0.3845532536506653 0.5587227940559387 0 1.425258949398994 0.904506042599678 2.994232960045338 0.6540134251117706 4.505262494087219 84.85122852027416 9.655614033341408 0 1.980698674917221 13.99846962094307 0.1434387564659119 0.5333107709884644 2.047202557325363 1.778912305831909 4.154640138149261 6.399866968393326 0 2.395691499114037 5.256900101900101 10.71722051501274 0.4350376427173615 34.09707175195217 8.46687538921833 32.15685084462166 8.660454213619232 0 0.4722436666488647 0 0 0 0 0 0 0 0 0.3420145511627197 0 0 0 0 0.3400870859622955 0 1.23931984603405 0 0.7692910134792328 0 0 0 0 6.039089515805244 0 2.754954054951668 2.166712790727615 0 0.3062126934528351 0 0 0 0 0 0 1.178301066160202 0.8771815896034241 0 0 0.6712886691093445 0.5761529803276062 0.4614156484603882 0 0 0 0.6685669124126434 1.329456940293312 0 0 0 3.934185460209846 0 0 0 0 0 0 0 0 0 15.32852818071842 0.4648787975311279 0 0 1.11096154153347 0.3241270482540131 0 0.3624154031276703 1.017599433660507 0.772605836391449 0.6382840275764465 0.1421952545642853 0 0.5420060306787491 0 0 0 0 0 0 0 3.676546454429626 4.236916065216064 7.125243663787842 192.7970713376999 15.9510210454464 152.1336429938674 34.07431161403656 42.40250372886658 16.4551784619689 1.670458257198334 63.11411191523075 11.34598270058632 0.9654387235641479 8.965934038162231 1.494127869606018 14.87424694001675 0 0 4.949619054794312 4.574674189090729 0
29.37842031568289 177.730365678668 50.45349306613207 259.5296164751053 82.16862319409847 121.4081965088844 171.3310672193766 36.98048673570156 60.3281517624855 1244.007811069489 303.5246547013521 0 799.753155618906 86.16465830802917 8.305754780769348 2.850302040576935 0.1885035187005997 0 0 0.6611883342266083 1.006278976798058 0.7895225286483765 0 0 1.762882590293884 0 0.995930403470993 1.758894205093384 2.226504787802696 0.9914464950561523 43.02120074629784 0.6872298717498779 3.364569641649723 0 0 0.4194744974374771 29.92215555906296 4.059255301952362 17.30507053434849 7.6975127607584 0.1774696111679077 1.919250786304474 0.3847683370113373 0.6744764149188995 0 0 21.42805617302656 0.4153939634561539 0.2570436298847198 0.2886717021465302 4.431899592280388 9.833785027265549 5.339654758572578 0 0.2456780225038528 0.4737000018358231 9.329093351960182 27.24929971247911 2.525154381990433 9.893157303333282 0 0 0 3.963526479899883 0.6112131029367447 0.1827733591198921 0 0.434786781668663 0.6232429146766663 1.093592897057533 56.1341632604599 32.86665268242359 0.2195137739181519 20.07627265900373 8.628803789615631 8.264350339770317 4.583697214722633 0.9373897686600685 0.2032614499330521 2.664460174739361 0 1.660737469792366 1.507436268031597 0 0.0876658707857132 0.3075667545199394 1.023758411407471 0 1.801173016428947 0.5486622005701065 0 3.034229576587677 0.140139564871788 0 2.146461509168148 1664.049987778068 25.97325301170349 1.990962147712708 2.985291555523872 55.10356831550598 4.038790389895439 14.01021398603916 7.636792585253716 27.14836533367634 6.523710489273071 42.06499451398849 17.446826800704 18.48250056803226 37.03581227362156 71.25805300474167 3.589065968990326 224.6028601527214 69.46530756354332 203.3465476334095 27.68700011074543 1.84509165585041 2.479560673236847 0 0 0 0 0 0 1.17256224155426 0 0 0 0 0 0 0.9224392622709274 0.2756519615650177 3.547774478793144 0 5.028484269976616 0.6342570781707764 0 0 0 18.26818491518497 1.200605452060699 9.457194283604622 3.562886282801628 1.706021666526794 0 0 0 0 0 0 0 2.111467197537422 4.719273298978806 0 0 1.012769132852554 0.2106437683105469 0 0.1744709014892578 0.3831664770841599 0.1270805895328522 1.467069432139397 3.624829716980457 2.007474094629288 0 0 10.94227005541325 0 0.364191934466362 0.2756338715553284 0 0 0 0 0 0 80.99910520017147 2.802609801292419 0 0.5472590923309326 0.4050433337688446 2.284291252493858 0.2750547230243683 3.599493563175201 4.689092248678207 3.560778334736824 3.540859922766685 0.2560650408267975 0.3428164720535278 0 0 0.4145873785018921 0 0.2999218702316284 0 0 0 68.14220154285431 11.61897084116936 20.87815445661545 104.803465090692 4.406432546675205 53.57243892550468 17.43240309506655 93.19028110057116 8.186882421374321 0.7990176901221275 29.2727921679616 38.94481647014618 0.8456145897507668 20.61479161679745 2.788411408662796 116.6609192937613 3.001709997653961 1.242456555366516 11.05027234554291 1.271331056952477 0.7556639611721039
257.5043602064252 2533.299506574869 763.9840876460075 289.3418501466513 823.6069239154458 244.1280768811703 9218.978736542165 630.9621897786856 806.7851685732603 10590.55963650346 4164.882546976209 799.753155618906 0 4852.937158823013 124.471904322505 54.53517813235521 1.476793721318245 1.472675450146198 1.036878228187561 3.42645089328289 5.022579953074455 6.358747735619545 1.305576652288437 1.097469419240952 19.03249740600586 5.559598818421364 17.65992801636457 12.47509343922138 30.86285653710365 4.970583088696003 528.6726208180189 36.73732654005289 136.5090367645025 0 0 3.770039662718773 313.5725298970938 45.92641343921423 110.5461590662599 83.96202979981899 20.56337688118219 20.14125411212444 0.5598752945661545 11.47232633084059 0.604807510972023 0.7096581682562828 306.5220453590155 6.753916628658772 1.899103403091431 4.751424789428711 11.83803210407495 55.28949125111103 23.13873037695885 2.896705120801926 7.213104948401451 6.442121177911758 72.74745444953442 396.6911405324936 28.60218412429094 126.7564809471369 0.568317636847496 6.604354292154312 3.23762134462595 98.60174978524446 6.551797427237034 4.041313022375107 4.357062250375748 15.11662139743567 8.520636238157749 4.518065989017487 720.0621251165867 145.2444000989199 0.8317684233188629 253.938244625926 92.20347820967436 157.7756889238954 70.73032570630312 22.7329028993845 5.591199815273285 187.104544326663 2.662722244858742 9.607738807797432 24.95082722604275 0.4139175340533257 6.413935102522373 3.322293512523174 5.113211169838905 1.038286097347736 6.923703722655773 3.977620705962181 5.031054809689522 5.111480936408043 5.481673985719681 2.771097451448441 13.00769686698914 5170.585908249021 101.8728597611189 3.332093611359596 19.0975000038743 140.2302136644721 24.28228250145912 51.11473961174488 37.77202463150024 111.491794064641 38.21902579069138 171.6942313238978 67.48082682490349 78.23271618783474 153.9467549026012 313.2501657009125 19.15623766183853 1166.414294719696 376.2401401698589 945.2790582031012 163.156488597393 8.303260579705238 11.3807033598423 0.4414092600345612 0.747423529624939 0 0 0 0.725429356098175 0 0.8043196499347687 1.516783073544502 0 1.29472741484642 2.887903854250908 0 4.295982033014297 2.750443801283836 13.7748311907053 1.502058237791061 29.6323107033968 9.996888041496277 0 0 0.1636849790811539 146.7505507320166 8.911554455757141 74.94660541415215 24.39149136841297 3.481651559472084 0.7407514005899429 0.319170206785202 0.3373892307281494 0 0 0.4846729636192322 0.2212938219308853 3.57826229929924 37.4952400252223 0 0.8074564039707184 1.478395313024521 3.608727037906647 3.059587046504021 1.305003240704536 1.083543255925179 1.304021365940571 6.801082454621792 34.17945609241724 6.55704790353775 0 0 58.41629306972027 2.069753468036652 2.773799210786819 4.348333939909935 0.5476051792502403 0 0 0.198011115193367 0 0.579680323600769 520.8198364675045 7.921703606843948 0 0 3.18424417078495 14.54486481100321 3.537373930215836 17.21078100800514 22.04828286170959 16.65353986620903 33.89549540728331 3.137175664305687 4.946142107248306 1.412650585174561 0.6052655354142189 0 0 0.9698435962200165 0.2218373417854309 0.8833421468734741 0.2559868320822716 248.3211375325918 96.35414220392704 109.2432772368193 1057.121371544898 88.68752560019493 664.7226379737258 227.643379971385 466.3969680070877 127.8006284311414 15.0987590700388 426.7921916618943 206.5859424173832 10.14887114614248 116.1902464404702 22.39784180372953 416.6351039111614 24.52860653400421 0.1957584172487259 44.58362862467766 38.25771702080965 5.105463802814484
