0 3829.824250154197 1053.897455506027 1256.742177754641 2013.686421759427 45.64162061363459 3413.707149609923 334.0489397719502 436.4597840756178 1837.181122846901 487.3424394056201 54.51846192032099 550.6336004734039 418.3096327632666 3.72842987626791 0.4865647852420807 0 0 0 0 0 0 0 0.1057448387145996 0 0 0.1617578566074371 0.1105062291026115 0 0 568.4038079157472 5.280300870537758 5.420801527798176 0 0 0.09889920055866241 1.341226145625114 0 0 0 0 0 0 0.1191091388463974 0 0 9.973225243389606 0.9528842270374298 0 0 0 0 0 0.0919983983039856 1.160171948373318 1.588097311556339 233.8042413294315 950.2072620689869 5.072033293545246 6.458639077842236 0 0 0 7.282210536301136 1.220987066626549 0.2812435179948807 0.3792836219072342 0.7522548139095306 0 0.4659687876701355 14.83633990585804 5.19653631746769 0 64.58731669932604 27.51224055886269 15.84524516761303 9.335177376866341 0.4747127741575241 19.06576520949602 41.19578765332699 0 0.5183633714914322 1.854954428970814 0.2770189195871353 0.8962313234806061 0.6453328654170036 0.4959712773561478 0 0.1341245174407959 0 0 0 0.1004747971892357 0 0 57.37340001761913 0.5887921452522278 0 0.2645343542098999 508.946114346385 0.3229618668556213 2.358154296875 2.060976147651672 1.91061994433403 2.567405000329018 4.973190978169441 2.062738940119743 6.213100641965866 6.145412884652615 15.75820682942867 4.675342530012131 16.94664439558983 14.06197802722454 21.76690546423197 6.135303467512131 0.2762713879346848 0 0 0 0 0 0 0 0 0 0 0 0 0 0 0 0 0 0 0.2724654003977776 4.303630866110325 0 0 0 0.8131015598773956 0 1.213060945272446 0.1867823749780655 0 0 0 0 0 0 0 0 0.9030670449137688 1.454432398080826 0.114459902048111 0 0 0 0 0 0 0.1761229783296585 1.020611524581909 0.4081786274909973 0 0 0 1.259775400161743 0 0.3727418482303619 0.3734325841069221 0.1707830727100372 0 0 0 0 0 6.891794472932816 0.2535590827465057 0 0 0 6.122619070112705 0 2.207457035779953 1.437906414270401 0.097777359187603 0.8438289910554886 0.5425145626068115 1.160710379481316 0.1139566227793694 0 0 0 0 0 0 0 6.298540323972702 0 0 17.49490947276354 3.529751963913441 28.43480037897825 10.78044055402279 458.4112172797322 8.197657935321331 0.5717689990997314 2.820030584931374 2.383180171251297 0.1230979487299919 5.216633133590221 0.7733188197016716 1.520451098680496 0.1851518303155899 0 0.1087185516953468 2.057363599538803 0
3829.824250154197 0 645.0371546596289 122.3770781606436 5060.451093770564 167.0384979099035 3549.974796198308 276.3170111775398 1267.220340080559 165.2751042619348 538.7669147625566 70.03087767958641 220.3285184949636 372.2707105129957 3.62263285368681 0.1193229407072067 0.132198765873909 0 0 0 0 0 0 0 0 0.1308675706386566 0 0.0978984460234642 0.1307357847690582 0 1923.352625019848 18.06952873617411 1.522311836481094 0 0 0 1.563011571764946 0 0 0 0 0.09640844911336899 0 0.3372978717088699 0.3658404946327209 0.4900984168052673 19.59337646514177 2.334134444594383 0.1192727461457253 0 0.6079238504171371 0 0 0 6.899083733558655 6.661693543195724 33.55630587041378 1167.144598446786 5.792809635400772 26.53673502802849 0.2313257977366447 0.1130299866199493 0 22.0372431948781 2.777094006538391 0.6594698205590248 0.6650292798876762 1.53671058267355 0.09763699024915695 0.5823956206440926 9.328650951385498 4.496383592486382 0 173.9311695620418 72.14021450281143 48.55640105158091 14.85868187248707 1.224854782223701 47.26451652497053 36.40929627418518 0.1623700261116028 1.020958781242371 6.356713280081749 0.2592511475086212 1.962576761841774 1.911998972296715 1.16177886724472 0.09807696938514709 0.2646197751164436 0 0.09219925105571747 0 0 0 0 104.4319468438625 1.451762109994888 0 1.116817355155945 714.6780169308186 0 3.468312859535217 1.861925840377808 3.263254821300507 0.9970870018005371 6.167973190546036 20.39498135447502 3.692470997571945 12.0109385997057 25.20752923190594 2.652529686689377 16.45903566479683 26.38733652234077 26.50482456386089 7.639639973640442 0 0.3321969211101532 0 0 0 0 0.2178605496883392 0 0 0 0 0 0 0 0 0 0 0 0 3.382527112960815 6.037446536123753 0 0.3078464865684509 0 0.4948754757642746 0 0.09657929837703705 0 0 0 0 0 0 0 0 0 0.6824107468128204 2.788837134838104 0.4065368995070457 0.313220739364624 0 0 0 0 0.2549727857112885 0 0.6520953178405762 0.604143038392067 0 0 0 2.556037649512291 0 0 0.1515176445245743 0 0 0 0 0 0 6.923206523060799 0 0 0 0 6.475030243396759 0 1.580527424812317 0.7160974740982056 0 0.3846274316310883 0.174984022974968 0 0.09858546406030655 0 0 0 0.08803804963827133 0 0 0 8.497408300638199 1.583906769752502 0.1327773481607437 23.88375865668058 10.6402150914073 76.9083998054266 21.97185399383307 327.7379942089319 17.82167860120535 1.560098275542259 3.451788604259491 1.62291281670332 0 2.427517130970955 0 1.694137036800385 0.5408791899681091 0 0.2812440693378448 0.7056396305561066 0
1053.897455506027 645.0371546596289 0 3.869113773107529 355.4936311393976 131.8251395523548 18.31078024208546 2172.80059966445 213.4999219551682 30.2965180426836 1842.768298827112 2.800372935831547 171.1559517234564 537.155006185174 7.024551466107368 1.951348297297955 0.4373111724853516 0.9232900962233543 0.6264044940471649 4.247261516749859 17.87181960791349 0 0.7395300269126892 5.20176338404417 6.317239016294479 5.70529368519783 0.2681199982762337 1.666811570525169 1.042283706367016 0 2704.643563590944 447.7127868384123 20.47695448249578 1.870926477015018 0.6413029581308365 16.39672845602036 10.71129757910967 2.354542650282383 0.5085133984684944 0.3147993683815002 32.40993893146515 1.557601764798164 2.659172885119915 0.6982210353016853 0.4260403960943222 4.037321485579014 42.0966837182641 4.973619639873505 1.29575752466917 3.642256304621696 24.78073577582836 0.1485578417778015 0 1.742169186472893 8.466929696500301 8.133193463087082 50.36616839468479 1683.023152731359 7.071658924221992 40.53488782048225 16.87975312769413 3.0663703083992 13.172139339149 395.7906624078751 4.497353427112103 1.56790030002594 3.950022116303444 11.71783022582531 20.73139963299036 95.21352836489677 12.19088251888752 16.94690265506506 0.1424246430397034 252.6618564650416 311.6099250018597 113.2816955149174 50.24814260751009 10.31419246643782 828.9922894313931 454.1478284373879 25.67872093617916 189.9034856408834 12.76073341071606 0.3170192092657089 3.997533865272999 3.527855701744556 4.845124520361423 0 2.575254179537296 0.1563091576099396 1.500179260969162 0.6698810383677483 20.94150733947754 11.90260248631239 1.112613216042519 101.4086980074644 16.30400762706995 0.8472901433706284 4.85743647813797 417.1983824670315 2.180034875869751 4.708790898323059 5.164861172437668 0.5184034705162048 1.031975463032722 5.367423877120018 10.90614888072014 6.760742545127869 13.32189282774925 27.20882822573185 5.278495356440544 18.33290658146143 24.58285310864449 22.27729519456625 12.68264277279377 0.4583884179592133 1.844237424433231 0 0.3401070684194565 0 0 0.3284531384706497 0.1784637421369553 0 0 0.5742211490869522 0 0.09699630737304688 0 0.1322736144065857 0 0 0.1314627826213837 0 5.573640950024128 5.516800731420517 0 0.1635717153549194 0 4.860796578228474 1.013311982154846 6.30755615234375 0.8715538382530212 0 0 0.6171073466539383 1.246613100171089 1.758067272603512 0.1102902442216873 0.09623660147190094 0 2.750064104795456 3.308233819901943 0 0.4030238389968872 0.5283238142728806 0 0.9357017427682877 0.3346072137355804 0.7745417356491089 0.4140686765313148 0.5895231366157532 0.7540474534034729 0 0 0.5209744051098824 12.93276306986809 2.322777017951012 0.956798791885376 0.5718897134065628 0.1643523722887039 0.3293557986617088 0.2474400997161865 0 0 0.9430701360106468 12.41078785061836 0.7248980402946472 0 0.08834530413150787 0.2038060277700424 10.37087184935808 1.582092374563217 9.684550769627094 1.307470872998238 2.003279954195023 1.983605347573757 0.2998430579900742 1.820786975324154 1.612186402082443 0 0 0 0.2782390862703323 0.3590156584978104 0.257639966905117 0.2380534708499908 4.25652502477169 0.7182309851050377 3.984720654785633 51.32159385830164 19.09657532721758 121.8766383603215 29.52651265263557 408.3398225903511 24.36252193152905 2.910086289048195 8.77834515273571 12.24045653641224 0.8575739040970802 11.56877569109201 1.849886029958725 6.727775797247887 1.203077971935272 0 4.251807600259781 0.5444852411746979 0.3931176513433456
1256.742177754641 122.3770781606436 3.869113773107529 0 138.9234455153346 1084.69349424541 647.4336918890476 1.98292188346386 255.108009070158 2162.295908242464 4.07741442322731 182.3407713025808 1666.314323268831 67.85639397799969 0.1339043825864792 0 0 0 0 0 0 0 0 0 0 0 0 0 0 0 6.376954227685928 0.441639319062233 0.4281899482011795 0 0 0 0 0 0 0 0 0 0 0 0 0.1076115667819977 0.2538995146751404 0 0 0 0 0 0 0 0.669717513024807 0.2713449373841286 12.16301502287388 124.5299926102161 0.6962467059493065 1.410048454999924 0 0.1377821564674377 0 1.296923115849495 0.1766598969697952 0.118635855615139 0.1070828065276146 0 0 0.1192172840237617 37.790801897645 2.40871798992157 0 20.47526154667139 7.899804927408695 4.043115489184856 0.8913485258817673 0.2461470663547516 0 0.2524819374084473 0 0.08370384573936462 0.6586371213197708 0 0.1891032382845879 0.08060255646705627 0.09044218808412552 0 0 0 0 0 0 0 0 148.1741074472666 0.6736552566289902 0.2430238276720047 0 141.4177583530545 0 7.218527004122734 1.4906125664711 0.3324943780899048 0.4870323538780212 4.471626162528992 13.82082512974739 1.381726026535034 11.17521128058434 15.30791555345058 3.763692483305931 17.36142745614052 13.66953724622726 13.28853523731232 3.41254711151123 0 0.15945765376091 0 0 0 0 0 0 0 0 0 0 0 0 0 0 0 0 0 0.8720941096544266 2.08247697353363 0 0 0 0.977830097079277 0 0 0.2157646268606186 0 0 0 0 0 0 0 0 0.7231863737106323 0.1673174351453781 0 0 0 0 0 0 0 0 0 0.3248885273933411 0 0 0 2.001120254397392 0 0 0.1465916186571121 0 0 0 0 0 0 4.261153608560562 0.3150497674942017 0 0 0 4.051751174032688 0 1.090164214372635 0.1904417425394058 0.7366635799407959 0.131797268986702 0 0.1756776571273804 0 0 0 0 0 0 0 0 16.27331468462944 0 0 2.03391207754612 0.4524877667427063 5.844912186264992 1.951546847820282 89.01109389215708 1.92530670017004 0 0.1185543239116669 0 0.494348019361496 2.627219393849373 0.4664695635437965 0.6519629657268524 0.1328147947788239 0 0.2215284258127213 184.2977994680405 0
2013.686421759427 5060.451093770564 355.4936311393976 138.9234455153346 0 104.4210565239191 859.8283082619309 95.62779906392097 3119.916984513402 933.8400941342115 709.798314191401 185.9665939733386 466.5908623710275 837.0301796942949 19.4858707934618 1.016910128295422 0 0.1106545478105545 0 0.2394866570830345 0.311348482966423 0 0 0 0 0.2826082408428192 0 0.1166890934109688 0.1471078097820282 0 648.5908169448376 29.07153759151697 5.214286454021931 0 0 0.1205990090966225 1.868429251015186 0.4200675934553146 0.1391517519950867 0 0.1360005885362625 0 0 0.3401586264371872 0 0.1041597500443459 86.39084269851446 8.113277576863766 0.115900844335556 0.2186991572380066 1.17612674087286 0 0 0.366404689848423 19.4431479871273 18.13971748948097 43.9168149009347 669.2454978898168 13.74857477843761 79.22417633235455 0.3940436094999313 0.3643086105585098 0.1037646159529686 67.47429034113884 12.52061871439219 3.521615192294121 3.303884483873844 4.694443270564079 1.424855925142765 1.155050233006477 14.43417127430439 8.238705582916737 0 284.940093845129 175.3475564718246 175.1870155110955 59.47941568493843 1.127940475940704 4.616547860205173 34.50837029516697 0.4266110509634018 2.713067889213562 24.40610834211111 0.5008063167333603 10.81313662976027 5.709575176239014 2.928514204919338 0.08138095587491989 1.790870413184166 0 0.1026758849620819 0.3625835031270981 0.2568359896540642 0.1480932831764221 0.1538617461919785 181.7196551263332 2.546807207167149 0 0.8650104105472565 219.0169783681631 1.379432857036591 1.735924184322357 0.8799203038215637 4.675507396459579 3.398940831422806 11.95892190933228 24.60869012773037 10.33164221048355 21.3385654091835 41.89998070895672 6.845982909202576 38.94995541870594 53.16378819942474 56.57177828252316 12.49052651226521 0.4259192496538162 0.5310608744621277 0 0 0 0 0 0 0 0 0 0 0 0 0 0 0 0 0 2.555921614170074 10.91955405473709 0 0 0 2.378228932619095 0 0.7258532717823982 0.1040049865841866 0 0 0 0 0.8615482077002525 0.6190122961997986 0 0 1.458610743284225 4.635999917984009 0 0 0 0 0 0 0.330778181552887 0 0.3899943828582764 1.652597695589066 0 0 0 8.609091266989708 0 0.9276102185249329 0.7607863545417786 0.1912330538034439 0.6739069521427155 0 0.1110343709588051 0 0 17.52176420390606 1.551339469850063 0 0 0.2654928267002106 12.21173065155745 1.990903496742249 4.139060348272324 2.123140424489975 1.676463484764099 5.313882879912853 1.139959752559662 1.1062031686306 0.4600064009428024 0 0.1090699732303619 0 0.4939499273896217 0.08376259356737137 0 0 13.94444146752357 0.1764710396528244 0 89.48888877034187 36.12884020060301 257.1315651908517 62.9805229306221 164.0710576623678 62.01376754790545 4.233067519962788 11.55238869041204 5.776441484689713 0.4524007141590118 8.023681223392487 0.8689667284488678 6.726570010185242 1.193373918533325 0 1.90493243932724 2.45625464618206 0
45.64162061363459 167.0384979099035 131.8251395523548 1084.69349424541 104.4210565239191 0 359.1217869073153 45.97928392887115 132.0153774246573 1954.973404541612 46.49519619345665 179.1963252574205 454.5182234719396 60.30116661638021 0.9728061854839325 0.7643652558326721 0 0 0 0 0 0 0 0 0.4007160067558289 0 0 0 0 0 308.7481514513493 1.437428891658783 38.97335216403008 0 0 0.5901101976633072 23.04011698067188 0 0.6006776541471481 0 0 0 0 0 0 0 1.392327263951302 0.09995372593402863 0 0 0 3.933960467576981 0.2043308764696121 0 0.3170986846089363 0.2925433069467545 427.7462657094002 322.7194564789534 4.610955655574799 1.35916393250227 0.5933523774147034 3.734938994050026 0 1.854278668761253 0 0 0.08875573426485062 0 0.1093383133411407 0.2105709612369537 248.1156762912869 142.1854766607285 14.56924717128277 15.75553928315639 3.261250048875809 3.112434729933739 2.625399224460125 0.5599686056375504 2.905628561973572 71.29909892380238 1.284210622310638 33.91613041609526 0.8575308322906494 0.7759283781051636 0 0.3655140101909637 0.07991909980773926 8.377144008874893 1.681732371449471 5.991477407515049 0 0.3632947355508804 0.2014880776405334 0 0 369.8654797077179 15.46846109628677 17.5736505240202 0.9462137222290039 457.5137968957424 0 20.06409811973572 3.85003674030304 0 0.2972438633441925 2.437208756804466 11.25270873308182 0.80461485683918 8.19915309548378 15.74794614315033 1.183423206210136 7.911921441555023 6.878194227814674 12.63131329417229 1.212272897362709 0 0.1320059150457382 0 0.2455562502145767 0 0 0 0 0 0 0 0 0 0 0 0.1440044045448303 0 0 0 4.434552192687988 0.4096676558256149 0 0 0 0.9542127251625061 0 1.357531905174255 0 0 0 0 0 0.129557728767395 0 0 0 0.3825715780258179 0.4337278008460999 0 0 0 0 0 0 0 0 0 0 0 0 0 1.599722370505333 0.1593491584062576 0 0 0 0 0 0 0 0 7.74174627661705 0 0 0 0 1.819801412522793 0 0.3931511342525482 0.4507486671209335 0 0.4407444894313812 0 0 0 0 0 0 0 0 0 0 2.797649994492531 0.1668774485588074 0 7.409999720752239 0.568889819085598 5.484940826892853 2.773356713354588 598.0421504974365 3.71874563395977 0 1.615310676395893 3.996309965848923 0 0.6641261130571365 0.1693594455718994 11.09606432914734 0 0 0.3613547086715698 0.9466419219970703 0
3413.707149609923 3549.974796198308 18.31078024208546 647.4336918890476 859.8283082619309 359.1217869073153 0 16.86192322522402 875.3122456818819 1441.718141421676 97.51246675848961 225.9252455085516 2600.008752726018 838.4448389485478 11.41986538469791 0.973386749625206 0.1138403043150902 0.1209521740674973 0 0 0.5403821617364883 0 0 0 0 0.1059964671730995 0 0.3128261119127274 0.146217480301857 0 53.14688965678215 9.251931346952915 0.6807386502623558 0 0 0 0 0 0 0 0.2487266659736633 0 0 0.2358150109648705 0.1242463067173958 0.09552235901355743 43.55768363177776 4.974737122654915 0 0.4105254411697388 0.6852095723152161 0 0 0 11.35143852233887 12.26438642293215 34.55103722959757 542.6462189629674 9.152518354356289 55.73247323185205 0.1271085143089294 0.2416319027543068 0.1069372370839119 33.23085372895002 8.332369700074196 2.92982779443264 1.87443907558918 2.939979806542397 0.2854480892419815 0.4174094721674919 39.57048517465591 8.828981503844261 0 196.6007600128651 106.9716505035758 102.4858269616961 30.89459884911776 1.13737628608942 1.405915297567844 3.538625203073025 1.11655143648386 1.503358326852322 13.29568967968225 0.0993644967675209 5.966497123241425 4.202674970030785 2.415737986564636 0.1947113052010536 1.307599544525146 0 0.1195162162184715 0 0 0 0.1011049970984459 410.0340225473046 2.998648375272751 0.2554655373096466 0.7873901501297951 186.2548565343022 0.7481376007199287 14.00477273762226 7.539197564125061 4.348062366247177 7.697571441531181 13.29397965967655 55.77436290681362 12.33165514469147 40.04006959497929 88.07754102349281 12.84625855088234 82.66827304661274 79.67660707235336 85.59027288854122 20.7630430534482 0.8406722694635391 0.1614692360162735 0 0 0 0 0 0 0 0 0 0 0 0 0 0 0 0 0 5.264660522341728 12.68904592841864 0 0 0 2.85340279340744 0 1.389729574322701 0.2268476784229279 0 0 0 0 0 0 0 0 2.647871226072311 7.086222440004349 0.7055787891149521 0.3297891989350319 0.08813098818063736 0 0 0.7208417505025864 0 0.09291356801986694 0.4467065632343292 1.827655144035816 0 0.2985292077064514 0 11.77938279509544 0.8439676910638809 0.4227437674999237 0.9923131465911865 0.08939626812934875 0.4115793779492378 0.1298816204071045 0 0 0 36.28985041379929 0.5066556334495544 0 0.1918298378586769 0 24.73536847531796 0.1164322048425674 5.362510271370411 1.961425490677357 3.187349826097488 6.8499755859375 0.5424439013004303 2.73258151113987 0.3912584185600281 0 0.09465096890926361 0 0.1283253282308578 0 0 0 36.24402269721031 1.372609451413155 0.530404731631279 43.84160286933184 26.88763079792261 131.8826783969998 38.23520340770483 218.2239359393716 34.01159071177244 4.685904420912266 6.956014469265938 5.194421350955963 0.7813719660043716 9.833194732666016 0.7566720247268677 8.765510953962803 1.886073216795921 0 0.9410298317670822 5.108451768755913 0
334.0489397719502 276.3170111775398 2172.80059966445 1.98292188346386 95.62779906392097 45.97928392887115 16.86192322522402 0 403.4007885679603 12.51912903785706 1747.200259916484 1.653054505586624 372.5127932950854 1104.194258198142 50.77511755377054 22.57544758170843 1.637857027351856 3.638121098279953 2.29317918419838 18.27329091727734 63.82221990078688 0.4436165243387222 5.528007075190544 17.50051597505808 32.51176853477955 37.09485033899546 2.960215181112289 8.337517619132996 1.837043762207031 0.141329899430275 936.8813505172729 1384.583889886737 167.8809859901667 6.228267394006252 9.488648392260075 136.3560256958008 59.07612922787666 22.36647111177444 6.292602702975273 5.120735846459866 88.00327935069799 9.307283073663712 8.963540807366371 12.49785621464252 6.158684030175209 27.32549403607845 160.3878201246262 9.368171900510788 5.147268243134022 12.72058354318142 55.07641606777906 0.7049509137868881 0 6.14424654096365 21.71807800978422 20.13107863813639 33.96787121146917 524.721149250865 11.72480189800262 84.52830861508846 161.6283092275262 21.00848036259413 56.32010411471128 556.6554885804653 11.77359699457884 5.532973699271679 9.288030967116356 24.62147298455238 35.64818822592497 244.554198756814 80.56335967034101 160.3772505521774 0.5223919004201889 260.2602487653494 277.6825663223863 283.7534299716353 511.3424219936132 149.3585195317864 1533.034863546491 914.4804809391499 408.5214349552989 1339.992523312569 24.20274469256401 0.1904675662517548 12.6200932636857 5.710142835974693 14.22681777179241 0.4264799505472183 4.878126248717308 0.2808821648359299 3.98168183863163 1.834673523902893 53.86383114010096 28.90008416026831 2.833504192531109 226.8635955303907 150.6955388858914 1.613066375255585 20.44124994426966 108.2945183515549 4.012075200676918 0.369338721036911 1.565090835094452 0.5726386308670044 7.371716156601906 19.2359569594264 4.38321715593338 11.95187999308109 11.63958312571049 44.25858084857464 13.7890362739563 80.43558716773987 53.9507701843977 81.17810179293156 38.05100988596678 4.395929582417011 10.20213416963816 0.1875208765268326 0.9094268381595612 0.2421549409627914 0 0.7195063084363937 0 0 0.4836779609322548 1.418116457760334 0 0.4023865014314651 0.6932913362979889 0.743836335837841 0.3988859057426453 0.5018249005079269 0.5040768682956696 0 8.854466408491135 43.18539106100798 0 0.5008742064237595 0 21.67204735428095 2.930767714977264 33.73499296605587 7.82414572685957 0.6233845129609108 1.692794091999531 1.250516407191753 2.535307765007019 4.768333308398724 2.946912407875061 1.078002527356148 1.040833309292793 13.26836235821247 20.10970693826675 0 1.071922361850739 2.023094192147255 1.093278527259827 2.944666862487793 0 1.870818488299847 0.3204525485634804 1.661397434771061 3.045494139194489 0 3.154724553227425 3.077818371355534 66.7266211360693 5.961771011352539 6.448842607438564 3.957957729697227 0.9535393193364143 0.4956190511584282 1.200056523084641 0.7328354492783546 0.2306834310293198 2.986130759119987 44.21298090368509 5.598021775484085 1.825031116604805 0.262138620018959 1.456521563231945 56.40909411758184 8.371719755232334 30.86343097686768 8.727859564125538 7.803422257304192 16.57775193452835 3.754199035465717 10.26273326575756 2.749211899936199 0 0.2680381014943123 0.2511230260133743 1.338265046477318 0.2405721619725227 0.2321237772703171 0.3050162270665169 10.928735665977 6.306978143751621 8.482952296733856 272.1507360115647 55.74530103802681 428.1686019226909 120.4823264181614 154.5783269777894 75.39337332546711 5.445014618337154 49.94788368046284 53.11807753890753 4.343433193862438 53.03780411183834 5.43222238868475 27.1952817440033 6.237078495323658 0.1933876276016235 15.30752238631248 4.057985380291939 0.202538937330246
436.4597840756178 1267.220340080559 213.4999219551682 255.108009070158 3119.916984513402 132.0153774246573 875.3122456818819 403.4007885679603 0 1375.780929788947 2909.77245542407 298.8346675932407 1058.021497055888 687.8905946239829 45.06955374777317 2.645693689584732 0 0.1324315667152405 0 0.4299676567316055 1.164148844778538 0 0.09767340868711472 0.1160008758306503 0.1077969893813133 0.7512806504964828 0 0.3161102384328842 0.9078128337860107 0 152.0602054148912 51.72831594198942 3.172931879758835 0 0 0.5306297317147255 1.509829334914684 0.4749989807605743 0.4292977750301361 0 0.4610008671879768 0.407964400947094 0 0.6578764989972115 0.2401312962174416 0.4638698250055313 184.2640369459987 11.64486206322908 0.4075480028986931 0.6684474647045135 3.081820011138916 0.1252890080213547 0.1436017006635666 0.09805057942867279 28.36938518285751 24.18816559761763 35.01862924546003 368.074534714222 17.9922983199358 107.4702296182513 1.209439188241959 0.6269729286432266 0.1095949858427048 136.6738473176956 18.13479059189558 5.541054926812649 7.47946372628212 9.717119924724102 1.030872583389282 2.093856759369373 23.54213764518499 61.71792557835579 0 290.1300112828612 186.0565571188927 253.5280545949936 154.8410223424435 4.423405453562737 5.551653206348419 14.67325258255005 1.44054552167654 4.49419093132019 35.34829838573933 0.8399143889546394 16.16334629803896 9.136821389198303 5.631131798028946 0.3518512845039368 2.076920092105865 0.09158239513635635 0.204864040017128 0 0 0.222925566136837 0.3623215183615685 470.5939851030707 6.806233204901218 0.1161147803068161 0.8208518624305725 63.6747437492013 2.418608941137791 11.77516940236092 1.145191207528114 3.017708584666252 9.156312443315983 38.650042116642 39.70295104384422 31.53781408816576 52.93098014593124 110.710318364203 33.01704797148705 158.5762573629618 137.1277528703213 185.5351774021983 48.80797180533409 1.402007460594177 1.323481008410454 0 0.1244680434465408 0 0 0 0 0 0 0 0 0 0 0 0 0 0 0 11.15341708064079 40.48283127695322 0 0 0 8.10922084748745 0 8.257782131433487 0.3889226540923119 0 0 0.2497269958257675 0 0.3046169579029083 0.2958790063858032 0 0 10.55883657932281 18.62265023589134 0.8216409981250763 0.3267082422971725 0 0.2088087350130081 0 0.2599042728543282 1.711187556385994 0.3316670656204224 0.1044186502695084 5.853613272309303 0 0 0.4218276739120483 31.27691321074963 1.522091060876846 2.025668606162071 1.595348842442036 0.4967564418911934 1.122978515923023 0 0.1410296857357025 0 0 65.77420357614756 2.110756725072861 0.1080749854445457 0 0 57.66194645315409 1.377394080162048 22.15666662156582 8.543129220604897 8.311413034796715 12.9800625666976 1.760287210345268 5.476339362561703 1.209654003381729 0.112369604408741 0.09260234981775284 0 0.9176435545086861 0.1780137121677399 0.3168730437755585 0 36.45314000546932 3.959068492054939 0.6051342859864235 222.7043342813849 63.87542705237865 509.3101350143552 128.0005769655108 133.3561207950115 106.5321187973022 8.628286100924015 39.44737453758717 26.01679711043835 0.5835770219564438 39.85393001139164 3.333886347711086 14.16367431730032 4.139690086245537 0 6.825498521327972 6.696854822337627 0.3006438910961151
1837.181122846901 165.2751042619348 30.2965180426836 2162.295908242464 933.8400941342115 1954.973404541612 1441.718141421676 12.51912903785706 1375.780929788947 0 37.02031703293324 769.9206160455942 5892.147389166057 244.3036863803864 1.866338051855564 0.1683489382266998 0 0 0 0 0 0 0 0 0.09517449885606766 0 0 0 0 0 11.72889155894518 2.445103615522385 0.6983048319816589 0 0 0 0.1259515881538391 0 0.1604882478713989 0 0 0 0 0.1568992584943771 0.1181532368063927 0.1423089653253555 11.87845585495234 1.680422887206078 0 0 0.1696251630783081 0 0 0 3.898050352931023 3.507562145590782 57.1936559304595 482.4888210594654 3.908092752099037 11.63081815093756 0 0 0 4.911830350756645 1.588864371180534 0.6302576959133148 1.36910942196846 0.6587715297937393 0.1429989337921143 0 251.1569520458579 45.1398965716362 0 94.54668894410133 31.89115763455629 24.74546009302139 7.703608281910419 1.242102518677711 0.1118090897798538 1.637094520032406 0 0.6758934408426285 3.635122209787369 0 0.3863448724150658 0.8630123287439346 0.1804762631654739 0.0947338193655014 0 0 0 0 0 0 0 979.7907333225012 5.531251937150955 0 0.1937035471200943 404.5682745724916 2.61242388933897 37.36042356491089 14.46918976306915 6.930028960108757 16.78736934065819 47.16430692374706 157.5599322915077 24.1854560226202 76.2465793043375 193.1041919440031 23.37192366272211 161.7468578368425 139.8024155497551 186.1116601005197 27.92813261598349 0.1621943861246109 0.4920758008956909 0 0 0 0 0 0 0 0 0 0 0 0 0 0 0 0 0 13.08893317729235 23.55023141950369 0 0 0 3.63081331551075 0 4.25753565132618 0.2164753079414368 0 0 0 0 0.1008113250136375 0.9758346080780029 0 0 7.40688218921423 10.78999403864145 0.3633909821510315 0 0 0 0 0 2.056934341788292 0 1.515792369842529 5.507284961640835 0.4489937722682953 0 0 25.1160072684288 0.7079704850912094 1.72484490275383 2.915894649922848 0.258990153670311 0.1170215234160423 0 0 0 0 53.42031681537628 0.2478557825088501 0 0 0 34.95608992129564 2.600087210536003 11.52545095980167 3.131478630006313 2.40340581536293 13.24168917536736 1.288394004106522 2.515998788177967 0.6956403404474258 0.1849503070116043 0 0 0.08084496855735779 0.1078872233629227 0 0 132.7752822488546 5.329830437898636 0.5979289412498474 22.40554735809565 7.148310489952564 40.85775212198496 12.5759734660387 477.6137365922332 11.69832238554955 0.7522993981838226 3.854923948645592 11.5029034987092 1.340317279100418 23.07279817759991 1.000878669321537 23.2206674516201 4.363876596093178 0.629241406917572 7.149783581495285 281.3365651071072 0
487.3424394056201 538.7669147625566 1842.768298827112 4.07741442322731 709.798314191401 46.49519619345665 97.51246675848961 1747.200259916484 2909.77245542407 37.02031703293324 0 12.52411465346813 1751.576059691608 4767.713083267212 34.61266931146383 7.440778702497482 0.5529047027230263 0 0 0.1494312733411789 0.4476554840803146 0.1064882576465607 0 0.6558806449174881 0 0.8858608826994896 0 0.388938196003437 0.2467754855751991 0 627.3615326359868 121.880288913846 366.4448351338506 0 0 1.690319746732712 57.51893521100283 0.1449723094701767 0.1222283765673637 0.1826415807008743 0.2864066809415817 0.5466955825686455 0.2297651171684265 1.2679228708148 0.2756217420101166 0.3275633826851845 114.0123478993773 4.686649553477764 0.6952889114618301 0 1.73830434679985 0 0 0 13.6068821772933 12.34802660346031 19.03159350901842 309.0416282862425 8.402067631483078 54.83349489420652 0.8728580698370934 0.6878257244825363 0.1100298762321472 124.6541767641902 8.657262906432152 3.667955279350281 3.824255719780922 5.166890449821949 0.123061403632164 1.543766245245934 88.97893593460321 59.86798953264952 0 147.1978658437729 123.3833501711488 180.7185694500804 134.338295981288 11.42273206263781 257.2115753367543 750.8720377758145 1.277284756302834 17.9163594096899 17.10283555835485 0.5652651935815811 8.224999286234379 4.523100160062313 3.766627535223961 0.08718410134315491 1.160554870963097 0 0 0 0.1302567720413208 0.2278528958559036 0.5498841255903244 214.2248822599649 16.194136723876 0 2.357231818139553 103.5255182683468 1.155589461326599 1.681570768356323 0.5311931967735291 2.581297427415848 6.638300746679306 21.13937112689018 13.16781368851662 6.09014692902565 16.83028455078602 57.54249683022499 14.66573026776314 73.8386505395174 49.77570258080959 85.46586392819881 34.14548017084599 1.073539823293686 0.6824497133493423 0 0.1817459166049957 0 0 0 0 0 0 0 0 0 0.1130802631378174 0 0 0 0.1598440706729889 0 2.491025075316429 31.17046810686588 0 0 0 5.729803398251534 0 6.099183805286884 0.1699454188346863 0 0.1719751060009003 0 0 0.9096270725131035 0.6357543021440506 0 0 6.629395991563797 8.25019247084856 0.3283729255199432 0 0 0 0.4922288730740547 0 0.8274555504322052 0.2439420074224472 1.090116411447525 1.122516825795174 0 0 0 27.42689175903797 3.846425965428352 1.89767749607563 2.092422589659691 0.2860520556569099 0.6890161111950874 0.2966983839869499 0.1808026880025864 0 0.1250872761011124 34.69974321126938 1.903360575437546 0 0 0.09711723029613495 38.11615524441004 1.878824561834335 12.87876924872398 2.527279682457447 2.901467025279999 8.48153455555439 5.651744551956654 2.169486999511719 0.7298380881547928 0 0 0.3429591953754425 0.2151755839586258 0 0 0 10.33454091846943 1.925607085227966 0.9690396040678024 179.1700844243169 42.51081857830286 288.8646720275283 88.18633208423853 120.3070991262794 57.76169386506081 4.251333326101303 29.00928678363562 22.16043023020029 1.072491772472858 29.73496952652931 3.261475168168545 8.138968870043755 4.389039769768715 0.395591527223587 4.396958574652672 2.521144315600395 0
54.51846192032099 70.03087767958641 2.800372935831547 182.3407713025808 185.9665939733386 179.1963252574205 225.9252455085516 1.653054505586624 298.8346675932407 769.9206160455942 12.52411465346813 0 1536.854710370302 58.66483726352453 3.137616313993931 1.46586100757122 0 0 0 0 0 0.2523768842220306 0 0 0.3120414614677429 0.1314481496810913 0 0 0 0 2.784591913223267 3.641229346394539 8.698175519704819 0 0 0.2129604518413544 3.969730198383331 0.1071059703826904 0 0 0 0 0.1285369247198105 0.381951741874218 0 0.1900223642587662 11.0308106392622 0.4852453395724297 0.1197317093610764 0 0 0 0.4319220185279846 0 1.864290103316307 1.041728653013706 6.550970353186131 21.58585874736309 2.213069714605808 4.941136546432972 0.4527629911899567 0 0 4.300687603652477 0.3976481780409813 0 0.08620224893093109 0.1111438423395157 0.1823280304670334 0 214.1520747095346 39.28287660330534 0.4100963175296783 18.19160407781601 6.042834594845772 14.73767659068108 9.978366404771805 0.5670754611492157 0.8147852569818497 7.037812329828739 0 2.993725784122944 1.781398758292198 0.107063002884388 1.616182617843151 0.2077704966068268 0 0.2695392966270447 0.3466050252318382 0.290202684700489 0.1283073425292969 0 0 0.2942900657653809 0 1742.468122929335 27.17315305769444 7.887042120099068 0 32.8329004123807 2.314880445599556 4.572451591491699 2.804656893014908 5.028254583477974 4.798769026994705 39.3142391294241 43.32460652291775 22.2316613048315 24.0797518491745 91.32657796144485 25.32792361080647 131.1921878904104 118.1924407035112 184.1933349519968 31.94285179674625 2.227700531482697 0.4446298778057098 0 0 0.1608047783374786 0 0 0 0 0 0 0 0 0 0 0 0 0 0 3.859713464975357 26.8534968867898 0 0 0 4.028156280517578 0.933663934469223 3.626474156975746 0.2248439788818359 0 0 0 0 0 0 0 0 7.620082676410675 12.65953840315342 0.3271723985671997 0.429323822259903 0 0 0 0.1722874790430069 1.315312743186951 0.3536117672920227 1.41705659031868 5.251916378736496 0 0 0 23.46412925422192 2.412537097930908 1.735046096146107 1.260301485657692 0.785513810813427 0.1324373185634613 0 0 0 0 65.49137677252293 1.977265626192093 0 0 0 46.88261703401804 2.298927247524261 5.609338134527206 5.539705261588097 6.295610532164574 10.36312171816826 1.929637014865875 3.164212435483932 1.454117149114609 0.1994954347610474 0 0 0.107987716794014 0 0 0 47.59969797730446 3.509886115789413 1.062252134084702 30.63675314188004 2.150062136352062 34.46195689588785 10.06664581596851 89.84188829362392 5.988897129893303 0 7.327574901282787 17.98956625163555 0.3729763627052307 26.2430225238204 2.288304902613163 9.319337397813797 1.793392688035965 0 4.478616282343864 6.174114093184471 0.4793204069137573
550.6336004734039 220.3285184949636 171.1559517234564 1666.314323268831 466.5908623710275 454.5182234719396 2600.008752726018 372.5127932950854 1058.021497055888 5892.147389166057 1751.576059691608 1536.854710370302 0 1944.807776555419 38.26911126077175 34.63619430363178 1.344471655786037 0.2973129376769066 0 0.5519912615418434 0.553249828517437 0.1332685947418213 0 0.3919843211770058 1.457172513008118 1.677544824779034 0 0.1301251202821732 1.535427935421467 0 78.11260412633419 38.51039391011 292.4798400253057 0.2398901358246803 0.3259155005216599 14.20894350856543 35.20607690513134 3.026329807937145 1.262332588434219 0.5514665022492409 1.33279200643301 0.6656814813613892 0.2046954929828644 4.009384036064148 0.4223391339182854 1.466008320450783 108.725856885314 4.10349190980196 0.5065859109163284 0.6275443509221077 1.667197726666927 1.498516142368317 0.7567675411701202 0.3313572257757187 12.85394823551178 9.123783454298973 27.87135534733534 204.7481248602271 5.746803916990757 39.61046621948481 1.335143879055977 4.90089263767004 2.064293369650841 48.89790982753038 6.954246059060097 1.519048430025578 2.662336483597755 3.712879613041878 0.9465534240007401 3.032506696879864 272.0913118198514 211.5171075314283 0.3150958865880966 130.9819812998176 62.08851920813322 141.0627159848809 125.5669405907393 46.11671157926321 44.25405848771334 426.445190526545 1.842979572713375 40.05790789425373 13.4713191613555 0.503820963203907 6.497824408113956 3.536631979048252 2.850525856018066 0.4777561202645302 0.7449893653392792 0.3479220420122147 0.4294180646538734 0 0.8218466266989708 1.83561846613884 0.3386838287115097 3832.28288834542 146.3368971869349 0.3535370528697968 7.591482609510422 115.0774190574884 11.73461601138115 7.981034785509109 1.731143742799759 8.400444373488426 27.39634537696838 92.42301918566227 86.92807646095753 59.87884496897459 82.56218065321445 251.2662930935621 100.4187228009105 429.5579617321491 389.033328384161 570.317094348371 176.9290707632899 3.929293937981129 9.450157567858696 0.1976635009050369 0.4959497600793839 0 0 0 0 0 0.5110834240913391 0 0 0.2301697954535484 0.4485438317060471 0 0.6414840668439865 0 0.6052105575799942 0 22.97834735363722 131.7465857416391 0 0.29521644115448 0 25.42973777651787 1.756398797035217 24.70945252478123 0.7325981706380844 0 0 0.3786715120077133 0 2.351880982518196 1.204019896686077 0 0 35.47050405293703 49.52003123611212 1.082574158906937 0.1425320506095886 0.1498994529247284 0 0.2090916186571121 0.9455013796687126 5.22638813406229 0.6801137775182724 4.950113564729691 20.79261419177055 0 1.121403411030769 1.840584635734558 101.0689230114222 9.532968699932098 7.68259122222662 10.24764683842659 1.624351732432842 1.412823468446732 0.2581870257854462 0.5447384044528008 0.2895688414573669 0.8805913478136063 227.8163178116083 11.09888012707233 0 0.2627021074295044 0.0958884134888649 187.8641862049699 5.618603765964508 45.11271443963051 26.94871056824923 27.04087570309639 40.89275202900171 7.81386661529541 15.34882132709026 4.896887168288231 0.1413718014955521 0 0 0.8493520691990852 0 0 0 119.1061943769455 12.97554871439934 6.157946296036243 281.5880814865232 48.38975127786398 303.8980686813593 110.4975466951728 310.6532413586974 64.64045330882072 5.530994303524494 54.21559468656778 50.34595481306314 7.993778683245182 95.46177779138088 7.936145670711994 47.47181035578251 10.16670758277178 0.8130776286125183 19.6389484256506 21.84494651854038 0.3370244950056076
418.3096327632666 372.2707105129957 537.155006185174 67.85639397799969 837.0301796942949 60.30116661638021 838.4448389485478 1104.194258198142 687.8905946239829 244.3036863803864 4767.713083267212 58.66483726352453 1944.807776555419 0 23.36223432421684 11.07040306180716 0.2032807618379593 0.1489786356687546 0 0.6227136179804802 0 0 0 0.2127903252840042 0.5618626922369003 0.479388028383255 0 0.212824858725071 0.1211094036698341 0.1208258643746376 192.4307696148753 38.76963173598051 76.97874700278044 0 0 3.347836300730705 40.57004836201668 0.8762407526373863 0.4652102366089821 0.7055300325155258 0.2630740031599998 0.1372242867946625 0 0.8422199040651321 0 0.5852502286434174 76.42870036512613 3.483489163219929 0.4191674068570137 0.3437015935778618 0.8698959201574326 0.2465659156441689 0.4952687323093414 0 7.596298836171627 9.354306884109974 17.99842967838049 197.4645075425506 6.037531785666943 29.27597302943468 0 9.234329462051392 0.3997519612312317 40.61604702472687 4.98767276853323 1.88918973505497 2.014855988323689 2.295399129390717 0.712750568985939 0.6086174324154854 106.0183687657118 95.57425107061863 0 103.4175315573812 53.87125814706087 107.0420239567757 77.72011431306601 14.04112408310175 74.89842973649502 690.7685947418213 1.172506056725979 18.1345806196332 10.44704815000296 0.2158791273832321 5.166235640645027 3.159052044153214 1.166241601109505 0.2588269263505936 0.7431841418147087 0.1456546634435654 0.1472306400537491 0 0.1158686354756355 0.3256569877266884 0 395.267807148397 17.34195306152105 0 0.7052636444568634 69.5298935547471 2.714875876903534 0.7992766201496124 1.331139087677002 2.19885590672493 14.30862525850534 36.16320613026619 24.04344430565834 23.81545533239841 35.02928507328033 94.588568136096 41.27394181489944 162.7575426995754 135.5673651248217 202.8831022083759 68.99217128008604 2.412668570876122 3.269012272357941 0 0 0 0 0 0 0 0 0.1614256203174591 0.3397207409143448 0 0 0 0 0 0.2486407905817032 0 9.834256514906883 55.99980928748846 0 0 0 11.1029636785388 0 9.415179625153542 0.9929479211568832 0 0 0 0 0.7032049149274826 0 0 0 12.40411207079887 17.33619578182697 0.13782699406147 0.6248677521944046 0 0 0 0.2362722456455231 2.203434094786644 0.2807526290416718 3.076158843934536 6.74855962395668 0 0.4363116919994354 0.1375015825033188 49.00760841369629 4.859097808599472 4.032764382660389 4.733117714524269 0.3921032026410103 0 0.1671767830848694 0 0 0.1370195597410202 86.23155888915062 5.56197889149189 0 0 0 75.00797846913338 2.958832070231438 24.84101705253124 10.16452737897635 5.820934027433395 14.13204137980938 3.423800140619278 5.743793070316315 1.441112153232098 0.2857210040092468 0.2293551787734032 0 0.4466513246297836 0.08479928970336914 0 0 28.12293800711632 6.823039650917053 2.663638144731522 165.6777031719685 23.51822181046009 211.3834627270699 66.39912112802267 97.68525926023722 41.53605885058641 2.165945984423161 28.41380437463522 28.14817387610674 2.598915062844753 45.63265210390091 4.393592849373817 21.62847991287708 6.070570334792137 0.1909694671630859 11.43718287348747 1.610129050910473 0.3058554828166962
