0 4852.307371616364 3126.747057124972 749.7423623874784 741.5813292041421 127.0828383713961 1199.141690179706 514.6147973760962 37.7363968193531 765.9267448708415 737.3485905081034 8.142093002796173 60.76172037422657 55.49860856682062 4.154320858418941 0.799781508743763 0 0 0 0.1918467283248901 0.7262366861104965 0.2398123443126678 0 0 0.8247574046254158 0.1629861891269684 0 0 0 0 391.2576766237617 36.43304055184126 2.325586214661598 0 0 0.7209629714488983 2.350569128990173 0.1642875224351883 5.553329095244408 0.6454243659973145 0.1103708893060684 0.8538312390446663 0 1.062521323561668 0.1103151366114616 0 21.9573817923665 3.140307709574699 0 0 0.1350721418857574 0.7619959115982056 0 0.1257309466600418 3.754220068454742 6.045615591108799 128.520758882165 1047.974909484386 50.21093089878559 7.627308547496796 0 0 0.9931602776050568 7.2232835739851 2.593070164322853 1.541258536279202 0.7427500486373901 0.9486162662506104 0.4442186802625656 1.784623384475708 7.436102032661438 20.1175417304039 2.441663444042206 111.0604881718755 37.66949967294931 28.25736641138792 10.64113442599773 2.709169983863831 14.12767271697521 148.3997657001019 0.43718271702528 5.716710224747658 7.487381510436535 0.3630265891551971 1.883302167057991 0.8095358684659004 2.952430680394173 0.7311167120933533 0 1.672522768378258 0 0 0.996842622756958 0.4450197666883469 0 225.8169555217028 19.87488587200642 3.699677929282188 7.220861434936523 249.6153516620398 3.372526198625565 6.449181020259857 0 1.893734455108643 0.3546856194734573 92.22384694218636 0 1.542945936322212 24.7093161791563 14.22957715392113 0 9.789973825216293 6.271892577409744 9.288184985518456 4.090795487165451 1.397480688989162 0.125745564699173 0.1334969699382782 0.9919263124465942 0 0 0 0 0 0 0 0.09776132553815842 2.684522926807404 0 1.786981761455536 0 0.2804978787899017 0 0 2.859500467777252 0 0 0 0 11.30028516799212 7.060655832290649 12.8085190653801 11.43110242486 6.416561722755432 0 0 0 0 0 0 0 0.7030062675476074 3.700800240039825 0 0 0 0.6762858033180237 0.233622282743454 0 0.5854148268699646 0 4.557980179786682 3.895527362823486 0 0 1.163752317428589 2.558539569377899 0 0 0.7620016932487488 0 0 0 0 0 0 15.42735552042723 0.4400182068347931 0 0 0 0 0 7.18608820438385 2.798469543457031 0 1.6975337266922 0 0 0 0 0 0 0.2162579298019409 0 0 0 5.610975101590157 2.769193455576897 17.88389432430267 54.42325342446566 12.43945015966892 59.64000307768583 13.37032663077116 769.4336750805378 27.46251303702593 1.730239368975163 13.89722865074873 14.20100754499435 0 20.76744338870049 2.325381264090538 8.39497110247612 4.670072257518768 0 7.493128180503845 0.5388540625572205 0
4852.307371616364 0 1545.580987662077 289.0174288600683 2129.670348271728 286.6087636351585 3604.266292266548 241.5922220572829 340.1846523061395 219.08915181458 804.4647741019726 88.98577547073364 831.0056098997593 878.4155440032482 11.16130705177784 1.325660295784473 0.4050724804401398 0 0 0 0.1201754435896873 0.2756936848163605 0 0 0.389723464846611 0 0.1815384328365326 0 0.2692587971687317 0.1421099901199341 561.326563924551 43.40339684486389 4.733586892485619 0 0 1.000275269150734 6.922831490635872 0 1.788464292883873 1.539506688714027 0.180452823638916 0.5079075321555138 0.59860859811306 0.4376971870660782 0.2934174835681915 0.2221787571907043 120.5788079276681 14.93315546214581 0.1217534765601158 0.428505077958107 1.027758784592152 0.2104393467307091 0 0.1893438249826431 14.0509355738759 29.83163775503635 148.4564930573106 620.3390139862895 87.24175438284874 37.33934773504734 0.7733592391014099 0 0 48.92178688943386 14.13916794210672 11.89518723636866 3.068120770156384 3.628855869174004 1.712624788284302 1.744430564343929 19.09358793497086 3.426698669791222 0 271.2896188572049 172.2169458195567 123.6952975466847 60.36284081637859 3.878618739545345 10.54245111346245 105.532153852284 1.357437819242477 3.773747384548187 38.76460961252451 2.84647661447525 16.54102553427219 7.920120373368263 14.6596645116806 0.08269966393709183 2.449689105153084 0.3518371507525444 0.3410326838493347 1.345890507102013 0.5243373811244965 0.4076352566480637 0.8612631782889366 169.4351362884045 2.892921805381775 0 1.085057072341442 159.1447420045733 4.560244739055634 1.565133303403854 3.098414853215218 0 2.11474235355854 666.4569658339024 0.6479563117027283 1.450599297881126 25.9820172637701 13.7870442122221 1.042190715670586 20.84644660353661 17.97203679382801 20.53829276561737 9.03497850894928 0.4465344250202179 0.3744076788425446 0 0.1165701746940613 0 0 0 0 0 0 0 0 2.188964873552322 0.2884413599967957 0.4795115292072296 0 0.2355923503637314 0 0 9.066460654139519 0 0 0 0 12.65448391437531 11.66023971140385 5.155761554837227 2.805504485964775 1.963889047503471 0 0 0 0 0.3047351241111755 0 0 1.291900634765625 1.867090076208115 0.209774985909462 0.1342753767967224 0 0 0 0 0.7136600017547607 0 1.594049513339996 1.644841700792313 0 0 0 3.52282327413559 1.011654615402222 0 0.3487739190459251 0 0 0 0 0 0.09305040538311005 35.24131666123867 1.380170971155167 0 0 0 0 0 2.036480665206909 2.105614244937897 3.30855530500412 1.665922686457634 0 0.3746487647294998 0.4708524346351624 0 0 0 0.3261096924543381 0.2630885988473892 0 0 9.970774546265602 2.068200379610062 6.751006864011288 359.3320382758975 46.74470749497414 397.5675039812922 70.56131857633591 416.3309118449688 118.6420189142227 12.95524311810732 82.96243944019079 7.856250658631325 1.178077332675457 10.46276473253965 0.5640653669834137 4.833172202110291 0.6264906972646713 0 1.22409862279892 1.382002323865891 0
3126.747057124972 1545.580987662077 0 33.92295648902655 413.5417872369289 9.733738481998444 521.4193244948983 3220.006678409874 365.3825285881758 89.29641474038363 2068.5660450086 49.82589736580849 389.3383943587542 667.3359361290932 33.00420632213354 5.866668127477169 0.5894901528954506 2.093615680932999 0.3393091261386871 6.218014977872372 11.58731159567833 0.8416118919849396 2.284588485956192 0.3579834252595901 4.02539649605751 1.019158825278282 1.121668800711632 1.070069134235382 0.9371976107358932 0.8400842100381851 2327.734848111868 644.8911653980613 24.37884868681431 0.118799164891243 2.100035287439823 17.02029100060463 26.60090020298958 1.784731291234493 18.15869997441769 6.838101290166378 9.073393322527409 2.874737329781055 8.664019040763378 3.232179991900921 0.7049312889575958 7.032401569187641 166.5927591696382 12.67277302592993 0.338911235332489 5.151986822485924 3.523506060242653 1.149026766419411 1.223057635128498 3.016027808189392 8.816697038710117 26.60744906961918 102.7792379334569 926.4521311074495 72.59347198158503 43.20467621833086 16.46295784413815 5.482764951884747 1.970939457416534 150.9803249761462 13.63337463885546 12.21414266526699 5.290469489991665 8.773313388228416 26.73284587264061 45.84774546325207 38.8555661663413 16.95779532194138 0 201.6963307186961 205.2137363627553 161.7785282731056 136.0339791253209 24.27912107110023 153.8183977156878 1820.405135586858 28.46674443781376 205.2686092108488 32.58472721278667 2.004493497312069 13.31277342885733 8.305658347904682 16.79314295202494 0.2190973535180092 2.343779020011425 0.09128227084875107 2.599049285054207 1.191667459905148 18.00357785075903 2.87372675538063 4.714660666882992 47.67185495048761 10.21240273118019 0.6969837322831154 2.357601255178452 724.5491877943277 1.755847364664078 1.286410212516785 0.6032188236713409 0 4.647756367921829 20.7211846858263 1.501736655831337 1.954844005405903 6.770404860377312 25.43809746205807 0 13.00092929601669 13.61547380685806 25.7788153141737 6.670735068619251 2.923147901892662 1.927135959267616 0 0 0.5651731640100479 0 0.299440898001194 0 0 0 0.2461046427488327 0 0.1656893044710159 0 2.326006487011909 0.3864215090870857 0.950194850564003 0.3213571012020111 0.08851082623004913 6.457513839006424 0 0 0 0 33.18622188270092 20.27087300270796 13.307552292943 7.183210477232933 3.397412911057472 0.3079137802124023 0.1925291121006012 0.3598948493599892 0 0.7538030594587326 0 0 6.937033027410507 4.306452095508575 0 0.552233412861824 0.7808154970407486 0.1142011806368828 0.16510009765625 0 0.1304188370704651 0.1958655342459679 1.892034262418747 6.032560765743256 0 0 0 5.419190660119057 1.265066742897034 2.309915907680988 0.6224182471632957 0 0 0 0 0 0.4515358954668045 70.23722640424967 4.361119627952576 0 0 1.352737382054329 1.099983915686607 0.5659364461898804 4.160752922296524 4.540409848093987 6.217963397502899 1.286543302237988 2.090344965457916 1.813289433717728 0.5848445519804955 0.3641486316919327 0 0 0.3844434693455696 0.422038272023201 0.1236425563693047 0.3005772456526756 5.788853779435158 13.14683121442795 13.62244099378586 389.5523243173957 49.15807077288628 424.2822875156999 101.4677986800671 268.246784158051 117.2889386191964 11.20007695257664 123.2300262376666 15.32188944518566 2.582717269659042 17.0652933344245 3.401935085654259 3.821743354201317 1.759857952594757 0.1417915672063828 8.533656902611256 3.247158281505108 1.175610229372978
749.7423623874784 289.0174288600683 33.92295648902655 0 71.03718420863152 548.8070972114801 492.2728961110115 3.59360633045435 27.59108000993729 1297.430595830083 13.34813523292542 62.15411072969437 544.2354302704334 0.2472175806760788 1.398270636796951 0 0.2430889755487442 0 0 0 0 0 0 0 0 0 0 0 0 0 73.97672306001186 2.407909274101257 0 0 0 0 0 0 1.392196416854858 0 0 0 0 0 0 0.1424410343170166 15.78728673607111 1.787205591797829 0.1478811353445053 0.3284082412719727 0 0 0 0 4.239145740866661 4.577620416879654 52.52334055304527 188.4178002178669 29.66924280673265 6.849978283047676 0 0 0 1.984419986605644 3.202006608247757 2.143552467226982 0.5628556609153748 1.329888798296452 0 0 0.7811156511306763 4.117971539497375 0 73.83766440302134 28.02679415792227 19.73769571632147 5.300271011888981 0.3841426968574524 0 0.699971929192543 0 0 10.12408351898193 0.3322198465466499 3.0870565995574 1.84627390652895 2.363041117787361 0.6434109210968018 0.3088385611772537 0 0.2401608377695084 0.1024754792451859 0 0 0 302.2693884521723 0 0 0 121.5857767090201 0 0 0 0 0 35.89534471929073 3.515559136867523 0.9903384149074554 10.48909586668015 10.53184466063976 0 9.707484647631645 11.2112602442503 7.887652710080147 0.3923345357179642 0 0 0 0 0 0 0 0 0 0 0 0 0 0 0 0 0 0 0 1.137409925460815 0 0 0 0 2.550267219543457 2.370595514774323 0 0.2416850328445435 0 0 0 0 0 0 0 0 0 1.158990740776062 0 0 0 0 0 0 0 0 0.2750281095504761 0.3863869607448578 0.3826920092105865 0 0 0.6846700310707092 0 0 0 0 0 0 0 0 0 2.890558943152428 0 0 0 0 0 0 1.523977994918823 0.3019265532493591 0 0 0 0 0 0 0 0 0.0926177129149437 0.1174173951148987 0 0 2.525460883975029 3.16470992565155 1.545975714921951 41.83208242058754 6.597575642168522 64.08512088656425 7.997347354888916 169.5852630957961 22.57676573097706 2.525764852762222 8.564640909433365 3.022337466478348 0 2.770172670483589 0.1778349876403809 0.4353365898132324 0 0 0 0 0
741.5813292041421 2129.670348271728 413.5417872369289 71.03718420863152 0 4.153138473629951 2532.43320979178 49.76653282344341 1601.924526274204 230.5273865312338 1828.487105414271 206.7040307968855 721.5796522721648 959.862975910306 16.68720351159573 1.234469622373581 0.2487729787826538 0 0 0 0.2239519059658051 0 0 0 0 0.1620483547449112 0 0.5132942050695419 0.3935926556587219 0 144.902505017817 37.63846712559462 3.45199978351593 0 0 1.028959237039089 10.71644830703735 0 4.932784333825111 0.13202203810215 0.2913782298564911 0.61395263671875 0.1376967132091522 0.5603145807981491 0 0.7362613379955292 126.6583182364702 5.432794459164143 0 0.3441365361213684 0.9736466929316521 0 0 1.078856818377972 3.672774411737919 12.19470743089914 22.78932203352451 92.99577593803406 24.02490393817425 25.92428902536631 0 0.347020149230957 0 39.58222655951977 7.56613601744175 6.377783194184303 2.315478853881359 1.621002465486526 0.5756444931030273 1.044995874166489 25.23971950262785 13.1921965777874 0 64.35478880256414 57.59016061574221 85.51350712776184 54.61414363980293 2.819775052368641 2.053236603736877 18.27972750365734 0.956729382276535 0.9455511420965195 14.28239656239748 0.8867342248558998 6.04947666823864 2.918398603796959 5.033991076052189 0 0.7020236849784851 0 1.058689832687378 0.7577992230653763 0.3676318228244781 0.3470273315906525 1.015660814940929 112.056977212429 10.96610955893993 0 3.169323496520519 12.46494653820992 5.924284502863884 6.995213806629181 2.191803887486458 0 4.130184441804886 23.44102129340172 0 5.850824892520905 15.04640690982342 37.27428989112377 0.5846044421195984 31.14867998659611 30.18834143877029 41.82306261360645 9.58669550716877 1.506156429648399 1.772531226277351 0 0 0 0 0 0 0 0 0 0 0.7295757532119751 0 0 0 0.6254494190216064 0 0 13.48010924458504 0.1677714586257935 0 0 0 33.44804456830025 11.41877998411655 8.255530297756195 3.600055485963821 1.311790347099304 0.6177244782447815 0 0 0 1.915487319231033 0 0 2.78197306394577 4.389089159667492 0.1003816723823547 0 0 0.08597581088542938 0 0 0 0.2284674718976021 7.420666813850403 5.87720899283886 0.9724642038345337 0 0.1168024986982346 6.839404076337814 1.005571126937866 1.178340196609497 1.1176897585392 0 0 0 0 0 0.1907121688127518 89.65435637533665 2.208610713481903 0.8158287703990936 0 0 0.2417669743299484 0 3.884593427181244 5.961599856615067 6.04445618391037 3.874793782830238 0.4726597964763641 1.551267996430397 0.5099637433886528 0 0 0 0.6830622777342796 0 0.1379838585853577 0 18.30825525522232 8.211107015609741 8.206072762608528 465.3408038243651 47.62019652873278 315.1550065279007 97.3870495557785 122.1581620723009 95.11501456052065 5.071266032755375 116.650056026876 11.77046483755112 0.5849506631493568 16.6903258189559 2.744796082377434 5.053416132926941 3.579391822218895 0.5319502502679825 2.470528110861778 2.226344719529152 1.003928288817406
127.0828383713961 286.6087636351585 9.733738481998444 548.8070972114801 4.153138473629951 0 416.6690051108599 3.760302171111107 24.55513843894005 630.7280103862286 8.860743433237076 82.16315719485283 130.804990619421 22.27361162006855 0.258576437830925 0 0 0 0 0 0 2.457595080137253 0 0 0.315660834312439 0 0 0 0 0 25.44872677326202 0.3891364932060242 5.583539932966232 0 0 0.8594941049814224 7.907549664378166 0.362819641828537 3.335392579436302 0.2051073908805847 0 0 0 0.2033544778823853 0.2848798334598541 0 0.1587270051240921 0 0 0 0 11.66236162185669 0.5725942254066467 0 0 0.5337646827101707 99.38986782729626 175.6845257133245 4.483527086675167 0 0.2666873335838318 0.8490103483200073 0 1.740884900093079 0.3931414633989334 0 0 0 0 0 70.62023366987705 180.0624477863312 46.63901340961456 10.64872834086418 4.921318009495735 0.6362283378839493 0.3871021121740341 1.019187405705452 0 6.977679371833801 0.4004572182893753 0 1.958913534879684 7.143825694918633 0.4242307767271996 0.1014807000756264 0.1386200487613678 29.88118106126785 1.492471098899841 35.44266177713871 1.287228345870972 3.520890071988106 0 0 0.1832565814256668 699.8266934156418 241.5663747191429 59.15839812159538 2.458466142416 506.8926565647125 0.6500319242477417 3.090562462806702 5.249585807323456 4.510865688323975 0 20.21619886159897 2.924727410078049 4.289885759353638 18.554811373353 11.70421604812145 0 19.48922397196293 18.88152371346951 20.97276368737221 0.4839858859777451 0.1218242049217224 0.1614052951335907 0 0 0 0 0 0 0 0 0 0 0 0 0.196422353386879 0 0.1503089815378189 0.2599228322505951 0 3.012755617499352 0 0 0.1456052213907242 0 1.31624773144722 0 0 0.4003128111362457 0 0 0 0 0 0 0 0 0.09480166435241699 0 0 0 0 0.3369273245334625 0 0 0 0 0 0 0 0 0 0 0 0 0 0 0 0 0 0 0 3.585200697183609 3.118969321250916 0 0 0 0 0 0 0.2054123431444168 0 0 0 0 0 0 0.4456034302711487 0.6551334857940674 0 0 0 0 2.382936775684357 0 0.4195857346057892 2.121251448988914 0.1530131697654724 4.91533025354147 0.6079185307025909 467.8045613765717 2.560975044965744 0.3033680617809296 1.727517634630203 0.9345532655715942 0 0 0 16.06417608261108 0.2738434970378876 0 0 0.3552492260932922 0
1199.141690179706 3604.266292266548 521.4193244948983 492.2728961110115 2532.43320979178 416.6690051108599 0 36.10301349312067 1487.548480518162 1845.518686465919 1702.903629548848 571.1406338065863 2382.524353832006 723.3795047104359 23.32494807243347 1.685200870037079 0.3573943227529526 0.4442444145679474 0 0.7332486659288406 0.9319239854812622 0 0 0 0.2473969012498856 0.143433004617691 0.2043835073709488 1.531843520700932 1.01159793138504 0 299.9364217370749 32.71229682862759 5.75548642873764 0 0.2418857961893082 0.810941144824028 28.48972477763891 0.1383738219738007 13.99530865252018 0.560797393321991 0 1.082569494843483 0.6184723973274231 1.129523798823357 0 0.3397919535636902 228.2198756784201 19.79582227021456 0.3708126842975616 0.1976376175880432 3.201919361948967 0.5645398795604706 0.1564946174621582 2.765219733119011 19.21673640608788 41.9168720766902 127.4040287658572 453.9421344026923 113.3508327901363 66.56652639806271 0.4433940351009369 0.7213835865259171 0.4217156395316124 54.29120887815952 21.02247929573059 17.84241034835577 4.843192063271999 8.62004716694355 2.94520378857851 1.262254662811756 74.52938321232796 14.74781127274036 0.5145714282989502 263.5445824861526 165.1679924279451 193.8340242132545 97.72440183162689 6.307614989578724 1.430770426988602 2.811291091144085 1.452435418963432 0.8932673782110214 48.11322501301765 3.053504802286625 25.06726460903883 13.24581705778837 21.29677392542362 0.168325811624527 3.275776140391827 0.1221363171935081 2.427859209477901 3.115198701620102 0.406673863530159 0.7507180720567703 5.282920807600021 759.2179524302483 9.106063187122345 0.1159092634916306 2.089177638292313 110.2604318335652 16.68827407062054 7.707445666193962 10.20935475826263 6.116155683994293 17.61017119884491 69.15046693384647 4.258717998862267 21.17445927858353 55.81164856255054 129.6460179388523 2.836788132786751 97.37066607922316 94.2944009527564 129.1468438655138 35.3580926656723 4.076440833508968 4.737332165241241 0.4646502584218979 0.1580921858549118 0 0 0 0 0 0 0 0 2.768632590770721 0 0.8742837160825729 0.1535472422838211 0.6103583574295044 0 0.3164103925228119 35.38717864453793 0.8672035187482834 0.5332886427640915 0 0 85.87500847876072 49.44990164041519 38.6242356672883 12.48535920679569 1.560334414243698 0.6289637684822083 0 0 0.9402351528406143 2.078808754682541 1.350368723273277 0 7.764691770076752 12.41538865119219 1.117141753435135 0 0.3020316064357758 0.7897252440452576 0.5511900782585144 0 1.619163125753403 0 6.982255764305592 9.731940567493439 0.96230448782444 0 0.1777435392141342 11.95344540476799 5.087338730692863 1.038428574800491 3.052840560674667 0.3182264193892479 0.4194770231842995 0.1009493097662926 0 0 0.3297456949949265 268.5063301250339 3.285465970635414 0.9065786153078079 0.196038693189621 0.3308087289333344 4.760272547602654 2.545613840222359 10.40635633468628 6.559681549668312 10.40193235874176 5.987271748483181 2.379999712109566 3.575696781277657 0.7993553355336189 0 0 0 1.13444310426712 0.4052778407931328 0 0.1505148857831955 50.76495654881001 21.06043569743633 34.95562462508678 841.4443081095815 126.1943121179938 708.8526914492249 195.3150523230433 513.4789510965347 242.5876041054726 21.95617717504501 212.0416221320629 21.56951601803303 5.708494171500206 44.5643221065402 6.765092208981514 18.45854652673006 7.629080161452293 0.5030853822827339 4.042166769504547 3.96636575460434 1.381486684083939
514.6147973760962 241.5922220572829 3220.006678409874 3.59360633045435 49.76653282344341 3.760302171111107 36.10301349312067 0 143.8027058169246 29.73803017288446 1005.586041375995 8.133190959692001 361.2180527150631 960.472914531827 71.41641857475042 13.27020112425089 0.9166526719927788 3.346458181738853 1.116939350962639 23.59387584775686 39.60333276540041 0.4336210861802101 5.835218973457813 3.469029933214188 11.97309422492981 4.175786279141903 2.999786972999573 3.954364322125912 1.672198280692101 0.8358930498361588 1135.419313833117 778.3158609569073 39.0553525686264 3.468962833285332 11.68574990332127 27.66046444326639 68.14829632639885 3.192678324878216 45.09979818016291 12.46346325427294 24.02810490131378 7.597519919276237 15.58153831213713 17.69542925059795 0.7853838577866554 11.62507026642561 290.0396236553788 9.873290985822678 1.365713231265545 6.339160442352295 8.264704540371895 2.801521554589272 0.6233382299542427 4.657870538532734 5.931171581149101 14.90996510535479 47.5556616038084 289.6593740135431 32.4372161179781 48.83782608807087 62.40318915247917 22.29922891408205 7.344830170273781 288.127092666924 8.887494087219238 8.785209380090237 4.007549479603767 14.3150574862957 65.91923370957375 159.0838218554854 84.02665941417217 29.65716264396906 0.7489994093775749 121.4433379173279 159.3877466395497 216.1434407457709 303.2384673655033 75.85408116877079 246.0486807003617 1432.123056285083 97.14776381105185 1185.727129355073 23.56695891171694 1.319357715547085 11.01512133330107 6.442846357822418 25.14549807459116 0 1.157327458262444 0.1250047981739044 1.583432026207447 2.025488547980785 59.49797665327787 9.140815377235413 9.322011277079582 45.90751351416111 28.07247269898653 1.250174909830093 9.219357490539551 69.73072908073664 6.137223422527313 2.93781304359436 0.7883399277925491 0 11.63325729966164 16.24165407568216 0 3.729227632284164 8.913143649697304 19.20381082594395 0.3594149053096771 20.18774282932281 20.92245745658875 40.71525375545025 22.19341192394495 4.989614248275757 4.064657874405384 0 0.1195628866553307 0.3200529962778091 0 0.2491008415818214 0 0 0.4037571847438812 0.4306757375597954 0 0.4773661196231842 0.1595243960618973 0.2347046062350273 0.2315030470490456 1.232615299522877 0.3965153023600578 0.125388890504837 16.59697179496288 0.2032720148563385 0 0.138536274433136 0 51.33192104101181 26.4075758382678 23.39917128533125 12.44218241423368 2.627619937062263 1.234157964587212 0.5947813764214516 0.7232816219329834 0 0.689395397901535 1.820238173007965 0.4720465093851089 8.765083290636539 11.62864583730698 0.4222094267606735 1.561899743974209 0.6195943504571915 0.1342874020338058 1.077746286988258 0 0.483821839094162 0.1668418198823929 7.92949390411377 5.269951939582825 0 0.1929291039705276 1.260994128882885 17.99214570224285 4.038409650325775 0.5743622705340385 1.545564211905003 0.9162965193390846 0 0 0 0 1.002496339380741 145.7017517760396 3.627613440155983 0.1057005599141121 0.2931598052382469 2.626422271132469 2.348272621631622 0.1142904981970787 7.173864886164665 8.568982072174549 9.819573998451233 5.900385618209839 2.379659414291382 1.32178907096386 2.594479858875275 0 0.2721301913261414 0 0.7775093168020248 0.7258309125900269 1.070908226072788 0.8812533915042877 7.065175712108612 12.68647369742393 36.47753402590752 737.3468864038587 66.26716015487909 625.4611128941178 171.9255909994245 123.7442859038711 145.0402943342924 9.308643892407417 281.4011440724134 23.47895070165396 3.484661817550659 39.04836551845074 3.30099755525589 7.09303417801857 8.973054185509682 0 11.01420468837023 5.360859274864197 2.322922050952911
37.7363968193531 340.1846523061395 365.3825285881758 27.59108000993729 1601.924526274204 24.55513843894005 1487.548480518162 143.8027058169246 0 358.1615281179547 2488.883636578918 1514.97561879456 3420.31040417403 2872.25287297368 60.56862513720989 5.425871148705482 0.1364148408174515 0.3449636101722717 0 0.4896349757909775 0.6120435744524002 0.1507475972175598 0 0 0.3764395490288734 0 0 1.772295728325844 0.6724328845739365 0.08658121526241302 72.82277116179466 30.62015244364738 7.925572857260704 0 0 1.20206692814827 47.78920520842075 0.9419199377298355 17.19618265330791 2.116957813501358 0.2747625708580017 0.2386794611811638 0.4457114934921265 3.921715974807739 0 0.4972593784332275 238.0278877615929 5.499979332089424 0 0.09795276075601578 0.9125171899795532 0.3021604865789413 0.1553782671689987 2.211101435124874 3.951874144375324 9.477520503103733 13.19028487056494 51.63372706621885 19.5352937579155 31.38056915253401 0.3762159422039986 0.1841677129268646 0.2874666005373001 39.80347734689713 7.225613735616207 7.391890153288841 2.282909721136093 3.68256039172411 2.035677909851074 1.0117551907897 113.233465410769 68.19724430143833 0 46.52787260711193 48.19447016716003 140.2631698325276 144.3784741312265 20.89332552999258 0.5457100421190262 12.76327825337648 0.9839974939823151 1.196347132325172 10.91284462064505 0.4668628796935081 6.974444083869457 3.979050576686859 7.861595518887043 0.2703498750925064 0.7794798538088799 0.1337644755840302 1.449320405721664 1.600272841751575 0.685345247387886 0.5842565596103668 2.000639915466309 1129.692713499069 30.4493672400713 0 2.624696284532547 15.84138095378876 36.13044628500938 17.82871697843075 28.58719725906849 5.958218589425087 37.5972845479846 192.7068214863539 6.565490007400513 59.4679781422019 127.4048124402761 239.6862074881792 1.731401905417442 285.4746678248048 233.7051760107279 295.9527989551425 73.61874352395535 6.617030248045921 5.852810136973858 0.1707683056592941 0 0 0 0 0 0 0.1269681602716446 0.1314574033021927 0 2.203561618924141 0 0.5553758144378662 0 0.7726798132061958 0.1153214201331139 0 106.1421098485589 1.613720610737801 0 0 0 116.3118527978659 54.83336202800274 46.19552019238472 10.28405246138573 3.525329604744911 0 0.1246895864605904 0 0 2.51532469689846 0.977534756064415 0 15.96078436076641 17.94881516695023 0.3727582991123199 1.004933923482895 0 0.07107674330472946 0 0.4106111228466034 3.289860181510448 0 21.07108357548714 31.06583104282618 0 0.415274977684021 0.5523505806922913 19.32433265447617 8.780940800905228 2.81839407980442 4.00644888728857 0 1.059303089976311 0.4201021045446396 0.1768573969602585 0.3282643482089043 0.9107710421085358 433.8862355053425 20.39124564826488 2.840317010879517 0.1981179118156433 0 7.423560827970505 0.9186561107635498 8.634427413344383 22.62836992740631 25.23345857858658 19.15637381374836 7.950965136289597 7.952042900025845 1.835271447896957 0.5317869186401367 1.069840371608734 0 2.276857770979404 0.7394115924835205 0.2485995292663574 0.1138720437884331 141.5204485058784 49.67766161262989 49.97636644542217 1119.453705191612 77.24522480368614 496.1756526902318 214.0136895403266 141.1460128128529 146.3672791793942 6.928022623062134 384.7477187812328 37.48474609106779 7.316863477230072 73.62426159530878 5.896944954991341 34.79083171486855 15.64402547478676 1.49750542640686 8.656483560800552 10.12879753857851 1.528520330786705
765.9267448708415 219.08915181458 89.29641474038363 1297.430595830083 230.5273865312338 630.7280103862286 1845.518686465919 29.73803017288446 358.1615281179547 0 221.6559526771307 148.4928290247917 2606.765776470304 44.85625360161066 1.944073669612408 0.6727516353130341 0 0 0 0 0 0 0 0 1.032515048980713 0 0 0 0 0 65.49491951614618 2.829730078577995 1.765662670135498 0 0 0.4126177728176117 11.40711213648319 0 5.188693031668663 0.2661107778549194 0 0 0.4327738061547279 0 0 0.3030262887477875 25.95003112405539 2.411593377590179 0 0 0.3397080153226852 0 0 0 3.155678428709507 7.463976465165615 46.25149096548557 124.2621166184545 23.9370114132762 7.62960048019886 0 0 0 2.906396172940731 3.429683737456799 1.366790659725666 0.3580472245812416 0.645284928381443 0.4885304644703865 0 27.22706431150436 35.56992897391319 0 62.02492470294237 22.90467618405819 18.00283151119947 7.901032879948616 0.7014225423336029 0.119942419230938 3.112654261291027 0 0 6.602236084640026 0.5209621414542198 2.869057312607765 1.480277724564075 2.541587494313717 0.3891896456480026 0.2973744124174118 0 0 0.2737037464976311 0.08442366868257523 0 0.4227132946252823 1182.46661105752 14.48484933376312 0 1.337698340415955 198.0450878962874 14.69672086834908 27.30676928162575 11.21814493834972 12.57025998830795 23.79015059769154 122.2560779899359 16.7363687902689 28.38488857448101 95.76930113136768 130.0379809737206 0.5214060544967651 176.8535225093365 133.4804572165012 173.641448661685 28.53507487475872 2.533739328384399 5.480537042021751 0 0.3547241687774658 0 0 0 0 0 0 0 0 2.509976089000702 0 0.6051566600799561 0.3637043833732605 0.6049599647521973 0 0 62.47311502695084 0.1526817679405212 0 0 0 57.74700871109962 38.14805376529694 30.38869236409664 8.960765153169632 4.341283202171326 0 0.1792206764221191 0 0 1.317645415663719 1.174863398075104 0 8.376420319080353 5.539127074182034 1.283578157424927 0.4062106013298035 0 0 0.1755378693342209 0.2975959777832031 2.17243105173111 0 6.398840174078941 14.05148673057556 0 0.782214343547821 0.9645400047302246 8.78746485710144 4.646401166915894 1.508029013872147 3.29903781414032 0 0 0.1623032242059708 0 0 0 138.9631654620171 8.814501076936722 0.900467574596405 0 0 2.642668813467026 0 4.178601622581482 6.195436030626297 25.1880010664463 6.558356299996376 3.954263091087341 0.6306584924459457 0.9721951484680176 0 0.4414756596088409 0 0.6053390204906464 0 0 0 61.51124751567841 19.48906680941582 19.90698271989822 194.1413765177131 12.71171391010284 78.7296954318881 13.8236563578248 294.6098009422421 27.61137124896049 3.209716074168682 44.08127395808697 11.37255567312241 0.7591525763273239 48.67951974272728 1.738859087228775 33.47067852318287 5.458130806684494 0 5.972239464521408 0 0
737.3485905081034 804.4647741019726 2068.5660450086 13.34813523292542 1828.487105414271 8.860743433237076 1702.903629548848 1005.586041375995 2488.883636578918 221.6559526771307 0 453.7324689924717 3451.251144751906 7123.513797558844 141.2252876907587 24.09147737920284 1.003293104469776 0.4065214991569519 0 0.5800548270344734 4.171913020312786 1.068785473704338 0.8059834092855453 0 12.28124103695154 1.028484404087067 1.264991015195847 3.081214740872383 1.856004863977432 0.1438972651958466 587.9968329668045 202.634789519012 602.3839470595121 0 1.689620420336723 61.76859007030725 201.9579116031528 13.32480426877737 44.94652204215527 35.31431821733713 7.97623386234045 2.815965391695499 0.4219664707779884 16.14714413136244 0.1567539572715759 1.5087029337883 398.4787526652217 8.740059055387974 0.3433776348829269 0.1250251978635788 4.945683263242245 2.355204246938229 1.90137754380703 3.277323551476002 7.244468703866005 14.78196188062429 33.36841025203466 154.419562317431 32.53866880387068 55.64940097182989 0.2637576460838318 11.44452337920666 3.645878776907921 84.35840495675802 10.73850347101688 10.27034552395344 5.225242994725704 8.873097941279411 13.58334781974554 23.76682435721159 218.9089830741286 91.34755875170231 0.3499636203050613 87.04420100152493 109.4295606166124 286.6586096137762 337.2601037845016 79.59693471342325 114.6195987015963 394.7562365308404 5.244202338159084 8.59436146914959 18.74727748334408 1.96414328366518 10.93855029344559 7.29399823397398 13.36252842098475 0.4616941660642624 1.958040066063404 0.5041725412011147 2.187265172600746 7.020936578512192 14.03159353882074 6.693721659481525 6.742764450609684 442.8047813028097 47.45417410880327 0 4.900060623884201 56.80506440252066 20.19171497225761 6.737881317734718 15.09689366072416 4.965097948908806 26.27414007484913 108.896119594574 3.39808152616024 30.7442247569561 47.03468066453934 117.7705119401217 1.534365683794022 124.858529008925 111.1553845331073 181.8629736229777 57.54257931560278 6.36821635812521 4.92670626193285 0.1552993357181549 0.6412537693977356 0.3294373899698257 0 0.9237601906061172 0.126507580280304 0 0.1318217813968658 0.3357833176851273 0.8676010295748711 1.132162198424339 0.3138730525970459 0.1073339655995369 0.4066483825445175 0.1386259794235229 0 0 57.39898672699928 1.216989740729332 0 0 0 87.36521397531033 34.64900062978268 31.39072605222464 11.83092229813337 2.136476919054985 0.7071334421634674 0.4010726809501648 0.2632578015327454 0 1.993752427399158 0.8710146844387054 0.2940836250782013 12.26402112841606 11.82899643480778 0 1.245895639061928 0.2825759798288345 0.1827903687953949 0.6651113107800484 0.5921881645917892 1.089092448353767 0.3761046975851059 20.63979214429855 24.62120463699102 0 0.1632670611143112 0.4011849462985992 16.79762218892574 4.480864107608795 2.685312747955322 5.272353626787663 0.3315889537334442 0.08737403899431229 0.219326987862587 0 0 0.423159159719944 317.3479323983192 13.35705891251564 1.653281942009926 0.2997885271906853 1.419466480612755 1.593096047639847 1.841941609978676 8.479582041501999 16.05339263379574 26.23380722105503 12.9694462865591 0.7805175185203552 2.609176889061928 0.8339525014162064 0.1991011798381805 0.1921245604753494 0.1959137767553329 0.8655010014772415 0.4763235822319984 0.7048930004239082 0.3327962905168533 62.7756149917841 36.7242112159729 32.09696818143129 1581.237297035754 98.57161050289869 801.1806164011359 341.6014232710004 173.7547962367535 205.5065804645419 13.15741827338934 548.274077154696 34.29540252685547 4.754201784729958 58.2655625641346 6.605740398168564 19.09097003936768 5.86818540841341 0.1218138188123703 9.614461362361908 15.5144195780158 2.233209103345871
8.142093002796173 88.98577547073364 49.82589736580849 62.15411072969437 206.7040307968855 82.16315719485283 571.1406338065863 8.133190959692001 1514.97561879456 148.4928290247917 453.7324689924717 0 1396.119223028421 155.833853200078 3.746684744954109 2.051593959331512 0 0 0 0 0 0 0 0 0 0 0 0.1378014087677002 0.1792790293693542 0.1391401141881943 1.623984463512897 0.7186209857463837 1.753683418035507 0 0.1808298826217651 1.712666392326355 17.63905739784241 0.6923263370990753 4.189421638846397 1.316649854183197 0.2566193044185638 0.2525420486927032 0 0.5300443768501282 0 0 8.553844563663006 0.122914083302021 0 0 0.09479460120201111 0 0 0.149732768535614 0 0.09011212736368179 1.119076490402222 2.249278776347637 0.250614657998085 0.5573456585407257 0 0 0 0.8935133367776871 0.1339329183101654 0.2557885721325874 0.1166110932826996 0.2606749385595322 0 0.2336545288562775 31.52716338634491 36.76082570850849 0 0.9135127738118172 1.087510198354721 2.889707915484905 4.458087004721165 3.327593967318535 0 3.035727337002754 0.1551291793584824 0 0.2713963612914085 0 0.1209405660629272 0.1417587399482727 0.1076161116361618 0 0 0 0 0 0.1204095855355263 0 0.1782536953687668 1591.89798232913 24.07502190768719 0 0 33.141930103302 14.4174087792635 15.13103827834129 13.68304249644279 6.606494158506393 23.28711496293545 130.0968773066998 7.390787437558174 32.39477886259556 84.72354836761951 128.794681712985 1.807295173406601 202.6004161089659 161.9547390937805 210.4588942676783 29.41672876477242 1.576994687318802 2.068221777677536 0 0.2160594314336777 0 0 0 0 0 0 0 0 0 0 0 0 0 0 0 57.6944580078125 0.4395245313644409 0 0 0 18.0781379789114 5.79389625787735 10.60692627727985 1.00398026406765 0.3951058089733124 0 0 0 0 0.3055940568447113 0 0 4.142118722200394 4.549923717975616 0.1150884553790092 0 0.5306252539157867 0 0 0 0.4755049049854279 0 8.661848276853561 9.351992607116699 0.8924866914749146 0 0 6.323591962456703 1.297811836004257 2.141482889652252 1.229068353772163 0 0 0 0 0 0 110.2293765842915 10.90356858074665 3.272513970732689 1.131887525320053 0 3.301821485161781 0.1227628439664841 0.8482278138399124 8.439710274338722 8.015094488859177 2.422473967075348 4.124724447727203 3.057756543159485 0.6027859449386597 0.1711613386869431 0.3432704508304596 0 0.8846763670444489 0.4069372862577438 0 0 107.684238910675 32.53148454427719 5.553358033299446 92.12607660889626 2.079761676490307 16.39906948059797 6.399415753781796 54.61313816905022 3.515259295701981 0.2212213799357414 25.67451170086861 3.345713153481483 1.311560720205307 15.45957823097706 0.6349451169371605 13.12534665316343 2.929300025105476 0.4634870290756226 3.868804767727852 0 0.6613961458206177
60.76172037422657 831.0056098997593 389.3383943587542 544.2354302704334 721.5796522721648 130.804990619421 2382.524353832006 361.2180527150631 3420.31040417403 2606.765776470304 3451.251144751906 1396.119223028421 0 4464.804892063141 94.8374090641737 37.35773947089911 1.19970078766346 0.6028048396110535 0 0.7356594353914261 1.690064504742622 1.556511089205742 0 0 7.295133769512177 0.90863037109375 1.07420539855957 3.00980369746685 1.169448830187321 0.1342605948448181 18.62492641806602 14.29020292311907 874.6211384907365 0 1.062658809125423 105.7090713828802 341.8451438769698 25.96478772908449 73.3022286593914 60.30475612729788 2.625778757035732 2.068882308900356 0.8642770797014236 32.86110150814056 0.1756286770105362 2.140510864555836 141.9115956276655 1.299897938966751 0.2746898978948593 0.2789818793535233 3.209997460246086 5.367713242769241 4.982828073203564 2.753791220486164 1.454887881875038 2.245822370052338 6.775565005838871 16.66892889142036 7.625925734639168 9.789647951722145 2.283962815999985 13.06194916367531 2.235161527991295 27.34939339011908 1.771946728229523 4.242261476814747 2.443969704210758 4.785798452794552 9.511850319802761 11.07369987666607 525.2672608792782 130.5528918355703 0 19.51225038617849 25.68161684274673 88.69295227527618 172.5028685256839 125.6553413197398 2.611448436975479 752.3218677639961 11.79683826118708 3.561338312923908 2.36047437787056 0.3138727620244026 2.430694319307804 2.700331203639507 4.486154064536095 0 0.9207818582653999 0 1.44615862518549 4.068549089133739 7.444580741226673 2.40513402223587 3.558321692049503 5126.876828931272 103.9553539603949 0 8.853562116622925 73.32685247063637 23.23737286031246 15.24592465162277 34.50807228684425 6.722660943865776 43.52965997159481 223.0278967693448 7.964979723095894 65.56855098158121 132.4045574218035 239.0762059539557 7.271807283163071 365.4044863879681 320.7408708706498 403.2097312584519 68.12036215513945 4.338542312383652 5.438143938779831 0 0.5491938143968582 0 0 0.1323679685592651 0 0 0.1837047189474106 0.1181419193744659 0 0 0.2448297441005707 0 0.1065945476293564 0.1081237643957138 0.4933522939682007 0.1135980486869812 78.54947064816952 1.055226236581802 0 0 0 64.93264172971249 13.76848118007183 25.87165150046349 2.46434885263443 0.8636673614382744 0.6961292922496796 0.2105901837348938 0 0 2.022897377610207 0.3632396310567856 0 12.63991144299507 12.24101981520653 0.498442143201828 1.43655464053154 0.1551489382982254 0.4678126573562622 0.1266548335552216 0 0.3764292895793915 0.1415790170431137 8.778559438884258 12.34894022345543 0.112346813082695 0.4051129966974258 0 12.1104810833931 4.953744947910309 2.778287537395954 1.077128902077675 0.2525639235973358 0 0 0.1117264479398727 0 0.1815856546163559 396.1499375328422 33.71811792254448 4.067195639014244 0.6581993103027344 0.966402031481266 2.837874479591846 0.4460985064506531 4.415068596601486 10.55123080313206 16.16389541327953 9.103071928024292 1.231156662106514 3.922286845743656 1.73846347630024 1.439543426036835 0.5683612823486328 0 3.579190500080585 0 0.120935469865799 0.2546547204256058 253.0142933130264 103.4194748401642 25.33433214575052 1034.157586567104 52.96920830011368 303.2289192676544 188.7020010203123 171.0262129977345 62.52884785085917 4.775706417858601 412.8538068458438 28.67445823550224 3.674532003700733 36.35306885838509 7.335312098264694 28.55411612987518 7.675219520926476 0.8376446515321732 11.04682819545269 21.73915284872055 1.7275570333004
