0 4243.459899500012 1133.454367227852 5125.431406773627 351.2113152146339 83.40026752650738 1854.543729402125 94.29756313562393 754.4468903914094 2932.925614587963 655.1041061580181 99.69137346744537 401.3008468523622 357.4290497526526 0.8542775437235832 0.3967840746045113 0 0 0 0 0 0 0.1033447533845901 0 0 0 0 0 0 0 1047.218045517802 1.974544614553452 10.58501079678535 0 0 0.5106663852930069 5.303314581513405 1.354596436023712 0 0.6972255259752274 0 0 0 0.1485558748245239 0 0 10.12505259364843 0.6622522100806236 0 0.1831242591142654 0 1.287264093756676 0 0 1.579089038074017 2.81933119148016 124.3114910721779 1665.277387104928 38.68116426467896 8.688856393098831 0 0.6032185330986977 0 1.738431096076965 1.301810450851917 0.5210449397563934 0.3456667438149452 0 0.226949967443943 0 23.99950359761715 2.052790805697441 0 152.6490656062961 54.01502798497677 9.864080838859081 2.532479263842106 0.9635220617055893 0.1138946563005447 23.65520991384983 0 0 4.995025217533112 0 0.8982293084263802 0.7318286448717117 0.3357991278171539 1.170278996229172 0.3639061450958252 0.3676739931106567 0 0.1146498024463654 0.1988436132669449 0 0 90.59587493538857 9.136330932378769 0.9394044280052185 0.994220107793808 1425.009719982743 0 0 0 0.2684517204761505 0.5188243389129639 156.2983433306217 0.2149018198251724 0.1664581596851349 246.4958472251892 0.8256559669971466 0.2293108999729156 2.126362949609756 0.8898176848888397 1.047473564743996 1.0321886241436 0 0 0 0 0 0 0 0 0 0 0 0 0 0 0 0 0 0 0 0 0 0 0 0 0 0.1989331543445587 1.971302673220634 0 0 0 0 0 0 0 0 0 0 0 0 0 0 0.2543130815029144 0 0 0 0 0 0 0 0 0 1.300070717930794 0 0 0 0 0 0 0 0 0 0.9087387919425964 0 0 0 0 0.1851293593645096 0 0 0 0 0 0 0 0 0.1101278960704803 0 0 0.1710978597402573 0 0 0 0.3749070167541504 0 0 24.17311898618937 5.269988738000393 44.1862349063158 16.16887650638819 328.347066603601 7.281251989305019 0.9192621037364006 6.54696387052536 0.3442870080471039 0 0 0.3947795704007149 0 0.1524734944105148 0 0 1.720491319894791 0
4243.459899500012 0 632.1082810536027 1097.702108621597 6994.798404879868 10.26056671142578 3491.030841052532 105.1992798447609 11037.25364692509 434.2436609789729 2608.667008310556 37.13456007838249 677.9576652273536 563.6403564885259 6.072104528546333 2.058615192770958 0.1155336126685143 0.1505328118801117 0 0 0 0 0 0 0 0.607666552066803 0 0.173275887966156 0 0 2417.727534011006 6.366135463118553 5.843205749988556 0 0 0.1026663556694984 3.097384467720985 0.5257164314389229 0.4103994071483612 0.2319013625383377 0.1384698301553726 0.4062269777059555 0.3742617815732956 0.128621980547905 0.1234423890709877 0 97.03167837113142 5.221076555550098 0.1139998137950897 0.6815920025110245 0.4307893514633179 0 0 0 17.00849451124668 9.470961026847363 48.16465758532286 789.8016311973333 48.25891408324242 40.25820525735617 0.6936140209436417 1.211924456059933 0 57.06809873878956 6.020334906876087 4.159127600491047 2.270132668316364 2.155769266188145 0.6210298240184784 0.1088913530111313 3.90873546898365 0.5076698362827301 0 311.8521568700671 142.7587905302644 77.5621043741703 31.25082638114691 3.707005023956299 0.3139397948980331 11.79492028057575 0.9662004858255386 2.607815906405449 29.73702581226826 0.4451745674014091 3.331894673407078 2.67124816775322 4.690849408507347 0.1049803048372269 2.057868964970112 0.2263399064540863 0.472890667617321 0.3603586181998253 0.325573056936264 0 0.1110909283161163 8.164757065474987 2.030577197670937 0 1.219084709882736 582.9565053060651 0 0 0 0 0.719513475894928 82.20866747200489 0.9688524007797241 2.942409515380859 74.93605786561966 0.1556287556886673 1.553712546825409 11.53657390922308 7.107849434018135 6.150314912199974 2.109786540269852 0 0 0 0 0 0 0 0 0 0 0 0 0 0 0 0 0 0 0 0.6043237596750259 0 0 0 0 0.8540539741516113 0 1.011752814054489 0.3951452821493149 0.4513868391513824 0 0 0 0 0 0 0 0 0 0 0 0 0 0 0 0 0 0 0 0 0 0 4.439399927854538 0 0 0 0 0 0.1795489937067032 0 0 0 5.317550972104073 0 0 0 0 1.036164090037346 0 1.130540907382965 0 0.326202780008316 0.1456447839736938 0 0 0 0 0 0 0 0 0 0 2.028893664479256 3.993004977703094 0.8881208747625351 165.7798520997167 31.48258329182863 228.102940775454 58.63142777234316 207.3265523165464 19.84457062929869 3.637116439640522 22.1920311152935 1.427395328879356 0 2.817556954920292 0.5206778421998024 1.226513743400574 1.239498376846313 0 0.2490423768758774 1.767629757523537 0.1244393885135651
1133.454367227852 632.1082810536027 0 3.797442331910133 549.4588271901011 7.885969534516335 27.84484148025513 1513.369622960687 1147.473707340658 8.781096287071705 4545.363631643355 29.52467568218708 291.9935445934534 691.4256001263857 16.84523444622755 9.520189478993416 0.7098932713270187 0.2931072413921356 0 0 0.4317148923873901 0.246790736913681 0.7263478934764862 0.2018258273601532 13.72599648684263 0.6259583085775375 1.385778784751892 0.1193109005689621 0.1414149850606918 0 6463.704340323806 715.846824914217 92.35017937421799 0 1.880263067781925 10.53314027190208 28.5451782643795 18.5771709382534 2.046672903001308 7.092459976673126 4.910715311765671 0.5384893864393234 2.600921779870987 4.471126459538937 0 0.1282767951488495 64.63713836669922 3.988985627889633 0.5613948255777359 2.95627161860466 2.636269710958004 0.5495435446500778 0.1383199542760849 0.2043826133012772 8.238175168633461 4.786675989627838 43.6327160820365 1140.266902685165 36.61435656994581 22.904730014503 1.20118847489357 22.97579189389944 2.624530747532845 308.8579157888889 2.43639001250267 2.425087928771973 0.9613875448703766 6.337088771164417 4.910532176494598 11.19605497270823 30.90342557430267 2.535942047834396 0.1637418866157532 269.9851211979985 154.9587404876947 49.16377351433039 28.47069031000137 17.95120048522949 11.7653670758009 485.2965747117996 5.846872076392174 72.87770022451878 16.79902304708958 0.6522763818502426 2.003375612199306 0.8336762636899948 5.211453564465046 0.1076921969652176 0.6584266722202301 0.1395730972290039 0.2308903336524963 0.1150094792246819 11.74447797238827 3.467697232961655 0.8059049993753433 48.35619525611401 11.14916175603867 0.1849997341632843 1.707308784127235 203.0341769605875 0 0 0 0 0.5516968369483948 1.556455567479134 0.6729873418807983 0.3523540943861008 1.747861608862877 2.855233356356621 0.9677524268627167 7.132211580872536 2.720795601606369 2.250857040286064 4.925661265850067 0.2142788171768188 0 0 0 0 0 0 0 0 0 0 0 0 0 0 0 0.1921746879816055 0.1347485929727554 0 0 1.369197800755501 0 0 0.1641926616430283 2.268708065152168 0 4.652067765593529 0.3402214348316193 0.8006011545658112 0.2986496090888977 0 0 0 0.1826466768980026 0 0 0.5541118979454041 0.16560398042202 0 0 0 0 1.355908185243607 0 0 0 1.313029527664185 1.528649359941483 0 0 0.3042224645614624 5.635426491498947 0.1679923385381699 0 0 0 0 0 0 0 0 4.21715259552002 0 0 0 0 2.970330759882927 0 1.890010714530945 0 0 0 0 0 0 0 0 0 0.1352902054786682 0 0 0 1.70571531355381 1.783890590071678 0.9658841192722321 95.39757316559553 19.60128202289343 138.6922489106655 35.66868302226067 92.16488699615002 17.24129177629948 1.620930001139641 14.88081503659487 1.326963603496552 0.1702733039855957 1.128995597362518 0.5730800032615662 0.2053585797548294 0.2571599781513214 0 0.3281387388706207 0.9502703994512558 1.145235374569893
5125.431406773627 1097.702108621597 3.797442331910133 0 152.7795071527362 328.481843277812 1021.069504879415 1.359202153980732 225.5880896449089 1795.801326923072 47.46265704929829 98.35190346837044 308.8159214556217 32.13090343773365 2.693518668413162 0.6362071633338928 0 0 0 0 0 0 0 0 0.1035083308815956 0 0.4349817335605621 0.1136905699968338 0 0 206.029288187623 1.83228611946106 1.303447164595127 0 0 0 0.4709355086088181 0.5507952868938446 0.5108498334884644 0 0 0 0.1550900191068649 0 0.107106477022171 0 54.98071227967739 5.381410919129848 0 0.7829432934522629 0.2987127751111984 0 0 0 10.60474535822868 5.350267179310322 44.48353453725576 484.7729509472847 40.09374865144491 33.11063369363546 0.4895148873329163 1.109506964683533 0 25.85640624165535 3.913458876311779 3.064966335892677 1.45267128944397 2.291716523468494 0.4145942106842995 0.2166609615087509 0.4725840389728546 0 0 227.8039915263653 104.1706918925047 48.53699663281441 14.66173405945301 0.8069185167551041 0 1.100871481001377 0 2.289944119751453 23.39390491694212 0.7883737236261368 3.637080661952496 1.38030694425106 3.645357459783554 0 1.33319890499115 0.1351997405290604 0.1574634909629822 0 0 0.1267025172710419 0 2.233628913760185 0.5761475563049316 0 0.1936020702123642 617.958294481039 0 0 0 0 0 123.5236905813217 0 0.2422431260347366 255.2659358382225 1.260104566812515 0.2597041130065918 1.502934604883194 1.173885494470596 0.6803221106529236 0 0 0 0 0 0 0 0 0 0 0 0 0 0 0 0 0 0 0 0.3025858700275421 0 0 0 0 0 0 0 1.712492913007736 0 0 0 0 0 0 0 0 0 0 0 0 0 0.2215502858161926 0.4525874257087708 0 0 0 0 0 0 0 0 0.2927839756011963 0.5927377939224243 0 0 0 0 0.127690315246582 0 0 0 0 0.8331294804811478 0 0 0 0.1654007583856583 1.404261246323586 0 0 0 0 0 0 0 0 0 0 0 0 0 0 0 1.13163435459137 0 0 91.32477632164955 24.63827113807201 141.3929745182395 44.08737371116877 266.1890489757061 12.40931940823793 2.324473932385445 11.59964165836573 0.5081222355365753 0.1489484310150146 0.2909660786390305 0 0.8383435904979706 0.2722994461655617 0 0 0 0.2036334425210953
351.2113152146339 6994.798404879868 549.4588271901011 152.7795071527362 0 17.72221606969833 994.126507781446 11.94765944778919 4860.390460297465 378.819931410253 335.925725273788 8.948669068515301 258.5418284609914 83.16060093790293 24.52210641652346 10.78000665456057 0 0.4693645983934402 0 0 0 0.3135176002979279 0.276404470205307 0 0 0.6195848062634468 0 0.3847945258021355 0.4465985000133514 0 710.9256083369255 37.92069125175476 10.96274927258492 0 0.2068964689970016 0.5941453203558922 2.464028432965279 1.033730395138264 0.5154961198568344 1.125019773840904 0.3966662883758545 1.256324142217636 0.8788043931126595 1.719741150736809 0 0.2995734065771103 268.4556931704283 7.643351174890995 0.5289731025695801 1.567772746086121 0.6133005768060684 0.2003824710845947 0.2150721698999405 0.1933144181966782 18.61887035518885 8.912598624825478 26.49906945973635 226.8320331051946 55.71593588590622 50.02346017956734 0.319030225276947 3.208411157131195 0.1275551617145538 125.8448927775025 6.683586061000824 6.389704361557961 3.520899191498756 3.15172141045332 1.010418064892292 0.2303843796253204 10.37462209165096 0.7147935628890991 0 215.9571004286408 109.2810382470489 169.4139508381486 113.4841895252466 9.260954201221466 1.238850504159927 7.24199441075325 1.31992681324482 2.882312946021557 36.66680558025837 0.7360113710165024 5.143627934157848 3.82718163728714 9.033627808094025 0.5119187533855438 2.157295010983944 0 0.7761396989226341 0.3933112993836403 0.2415783554315567 0.1049075499176979 0.4737399443984032 46.00714534521103 2.962335214018822 0 0.9645290896296501 63.59448801726103 0.1371989101171494 0 0 1.115196093916893 0.9630762040615082 30.45241393148899 3.252041548490524 9.332441300153732 50.27700437605381 31.6680746525526 7.789263769984245 47.49656064808369 37.94032250344753 20.34721532464027 24.4196817278862 0.7119587063789368 0 0 0 0 0 0 0 0 0 0 0 0 0 0 0 0 0 0 0.8667508661746979 4.011143431067467 0 0 0 4.929595530033112 0.4578951299190521 18.94899949431419 2.878262549638748 0.3377924263477325 0 0 0 0 0 0 0 0 2.641542792320251 0 0 0 0 0 0 0 0 0 0.7720302939414978 0 0 0.241176962852478 18.75454264879227 0.4083087146282196 0 0 0 0 0 0 0 0 27.10595731437206 0.3906102478504181 0 0 0 4.681225299835205 0 7.367751896381378 2.359270483255386 0.4171857237815857 0 0 0 0 0 0 0 0 0 0 0 14.66075150668621 6.284280568361282 4.378638580441475 539.9400173276663 64.18710564821959 561.590219385922 71.58707423508167 283.9213687703013 52.68808806687593 3.907098591327667 60.13219809532166 8.001801952719688 0.2928664684295654 2.091176807880402 3.240082532167435 1.789937198162079 0.4364407807588577 0 1.847157046198845 6.864318981766701 2.21492925286293
83.40026752650738 10.26056671142578 7.885969534516335 328.481843277812 17.72221606969833 0 86.30517926812172 7.092512860894203 60.460036277771 2003.132137402892 30.7083929926157 590.7460540384054 303.8240505158901 102.3309545964003 1.177200943231583 0.3175688534975052 0.1521850228309631 0 0 0 0 0.5560846626758575 0 0 0 0.1861242800951004 0 0 0.3676827847957611 0 18.74369532614946 1.142742231488228 17.26865862309933 0 0 0 22.54648716747761 1.862046241760254 4.49994683265686 2.173446625471115 0 0 0 0 0 0 1.641242854297161 0 0 0 0 11.15590815246105 1.044472306966782 0 0.08970612287521362 0.16759292781353 213.843783929944 42.08030132949352 14.9849516376853 0.5364967584609985 0.170621857047081 1.596101552248001 0 0.5331107974052429 0.2595410346984863 0 0 0 0 0 240.0910423845053 301.0409350395203 14.29995489120483 2.981779292225838 3.526095867156982 2.250345975160599 2.134456619620323 1.067907422780991 0.1983029842376709 20.66304405033588 0 3.624426633119583 0.385047160089016 2.995180010795593 0 1.091547966003418 0 21.72211991250515 9.050489902496338 23.28492607176304 1.499529421329498 4.647742599248886 0.1578293144702911 0.3694616556167603 0.5428421199321747 1021.865265786648 323.8135300278664 69.10274624824524 17.48670540750027 525.498810261488 0 0 0 0 0 1.780745670199394 0 0 9.229865998029709 0.6031914949417114 0.3289501667022705 1.733039438724518 1.220903381705284 0.1541354060173035 0.5304178595542908 0 0.2038305103778839 0 0 0 0 0 0 0 0 0 0 0 0 0 0 0 0 0 0.1365876495838165 0 0 0 0 0.3081607520580292 0 3.438153862953186 0 1.423446550965309 0 0 0 0 0 0 0 0 0.3362621068954468 0 0 0 0.3074547350406647 0 0 0 0 0 0 0 0 0 0.8954579830169678 0 0 0 0 0 0 0 0 0 1.849099054932594 0.3491606414318085 0 0 0 0.1452345997095108 0 0.1741008162498474 0 0 0 0 0 0 0 0 0 0.2861416339874268 0 0 0 1.017073720693588 2.98306892812252 1.802112698554993 4.251985475420952 0.8845048323273659 5.825710229575634 0.600735992193222 225.4866496771574 5.232779406011105 0.4858113974332809 0.3925967663526535 0 0.2195246666669846 0.5134260654449463 0 0 0 0 0 0 0
1854.543729402125 3491.030841052532 27.84484148025513 1021.069504879415 994.126507781446 86.30517926812172 0 8.713640064001083 3468.939418494701 2316.516739249229 41.79468756914139 70.0896063297987 2856.358653090894 970.3269472047687 29.80992479622364 13.96123443543911 0.4055432230234146 0.1189169883728027 0.09761902689933777 0.3534589558839798 0.2241570204496384 0 0.265021413564682 0 0.1046117916703224 1.537874475121498 0.1235667541623116 0 0 0.2736041098833084 448.7087216749787 17.2669383585453 8.07559622824192 0.1190414801239967 0.1339998245239258 0.1768043488264084 4.826142519712448 2.84820681810379 1.148511588573456 1.044831193983555 0 0.1091018170118332 1.53523825854063 1.606334067881107 0 0 320.0932304635644 14.08990158140659 0.7271513938903809 1.185514777898788 0.9029592573642731 0 0 0.3981914222240448 32.89404824376106 16.72600508481264 56.99521868675947 647.8607802242041 81.90733103454113 92.8536548614502 1.178493291139603 2.756501324474812 0.4148723036050797 147.6191670894623 11.5112474411726 8.526907041668892 5.100426316261292 5.493802361190319 0.2734493315219879 0.2758801579475403 15.72317273169756 1.03293688595295 0 411.709198243916 216.5996177792549 210.0238479748368 120.3055444359779 14.27443717420101 1.154628977179527 8.23641362041235 1.05648010969162 5.165279440581799 62.21305961161852 1.934438616037369 8.102882705628872 6.174629002809525 12.25379723310471 0.5230778977274895 3.43529250472784 0.1047877445816994 0.9818314909934998 0.6084751561284065 0.4929607063531876 0.4832993745803833 0.5727529674768448 63.39867139607668 2.363148108124733 0 0.9784357994794846 310.4699070006609 0.2425547912716866 0 0.7039509117603302 3.906334966421127 1.030675813555717 56.67618924379349 4.303705140948296 14.84591723978519 101.1202024966478 32.79418571293354 6.781804472208023 73.35821688175201 59.9572958946228 21.40251111984253 26.4083536118269 0.9373972117900848 0.2331764250993729 0 0 0 0 0 0 0 0 0 0.5071646571159363 0 0 0 0 0 0 0 1.777228638529778 2.805904000997543 0 0 0 8.01851087808609 0 18.52440993487835 0.1667351573705673 0.1854547113180161 0 0 0.576856255531311 0 0.707249253988266 0 0 2.50366099178791 3.41650652885437 0.1597017049789429 0.6306947469711304 0 0 0 0 1.700186342000961 0 0 0 0 0 1.130019515752792 26.8456719070673 0 0 0.6616196632385254 0 0 0 0 0 0 36.73545663058758 0.5466898083686829 0 0 0 9.351296961307526 0.2299677133560181 7.243764758110046 2.679611712694168 0 0.4324914813041687 0 0.1166539713740349 0 0 0 0 0 0 0 0 20.00713005661964 8.8243697732687 4.377529516816139 523.6550034806132 89.66972102224827 587.1675394922495 107.7007300257683 586.477476619184 57.8022386431694 10.12186711281538 73.11676277965307 10.55691654980183 0.524444967508316 8.790895834565163 2.59680587053299 4.605772778391838 0.7462938874959946 0.912981390953064 1.381632462143898 4.269565030932426 3.620609283447266
94.29756313562393 105.1992798447609 1513.369622960687 1.359202153980732 11.94765944778919 7.092512860894203 8.713640064001083 0 1207.49319241941 6.257841683924198 5797.089577764273 36.39631514251232 237.2583594992757 755.8678850531578 132.2154334411025 101.1160911023617 9.417192250490189 6.64135117828846 0.616679459810257 1.520323343575001 12.39997207373381 0 10.63958671689034 3.764960706233978 170.3231776580215 10.8665326833725 12.28983141481876 0.8702761381864548 2.94665239751339 1.868966311216354 1548.351464800537 4767.783002741635 303.1135458424687 0.986174151301384 27.59054430574179 161.1299739554524 48.96411019563675 151.0433962121606 5.94128043949604 54.54531894624233 37.76606392860413 4.848600909113884 28.95600634813309 19.26148824393749 1.298957213759422 4.957771353423595 382.6112638786435 6.283027067780495 2.120125487446785 24.8351393789053 24.55034629255533 1.100643873214722 0.6845630556344986 1.721895441412926 13.06657621264458 6.010159328579903 21.16261767596006 306.4873961061239 25.78330201655626 35.61243864148855 75.6380750387907 253.4120599702001 37.27313143014908 791.2264587208629 3.0973219871521 5.63588559627533 5.741424240171909 45.99443652480841 31.22319714725018 129.4267997890711 71.98046775907278 12.30359625816345 0 139.7902692183852 102.6991549432278 248.2491098940372 446.8726785108447 698.0694104358554 1665.162498086691 1949.266118235886 402.537998765707 2734.977622061968 21.13896232843399 0.4102553948760033 3.397527389228344 1.366920217871666 27.93822140991688 0.6184603646397591 1.153823636472225 0.7664057016372681 2.388611264526844 1.237912885844707 119.6518062353134 31.27050339430571 4.206408709287643 159.677115932107 29.8441534563899 0.4001225233078003 10.50070981681347 39.37857086956501 0.375744566321373 0 0 2.496017068624496 0 1.922566667199135 0 0.6741606742143631 2.293776586651802 2.533632427453995 1.344161242246628 10.81989079713821 10.76860585808754 5.558603957295418 9.288883976638317 0 1.157722517848015 0 0 0 0 0 0.1638166755437851 0 0 0.5420084893703461 0 0.4111578762531281 0.1218666285276413 0.5676031857728958 0.6506791859865189 0 1.241345167160034 0 0.3935793936252594 0.7917081117630005 0.4040800929069519 0.8895457088947296 0 4.355095088481903 1.779838770627975 18.86957995593548 3.938777953386307 6.241543680429459 0.3960962444543839 0.8898332118988037 0.2833929806947708 0.3551915884017944 0 1.028151169419289 0 2.553815126419067 0.2614852339029312 0 0 0.4348105639219284 0.5722671747207642 3.345132365822792 0.9862987399101257 1.477195531129837 0.2618378102779388 0 0 0 0.7741091549396515 2.520356073975563 18.03225453943014 0 0.2894852161407471 0 0 0 0.3741921782493591 0 0 0 13.31097653508186 1.445016220211983 0.3344344198703766 0 0.2255120128393173 1.747514143586159 0.6131870746612549 3.814189493656158 1.536484271287918 0.1386460810899734 0 0.4385330975055695 0 0 0 0.1734521239995956 0 0 0.1520254015922546 0 0.4486601799726486 5.747603982686996 8.551507726311684 3.003814101219177 368.4078336060047 46.87541525065899 594.648751206696 66.27729592472315 98.24461325258017 46.81568510085344 1.753005027770996 63.30658251792192 5.197188884019852 0.6509179770946503 4.489306725561619 0.136008009314537 1.057344153523445 1.330768689513206 0 1.214680433273315 8.794527754187584 2.873470149934292
754.4468903914094 11037.25364692509 1147.473707340658 225.5880896449089 4860.390460297465 60.460036277771 3468.939418494701 1207.49319241941 0 1532.297655023634 4155.760445475578 93.97884687036276 3448.557353980839 1647.184465140104 82.40968907624483 46.56545864790678 0.3265620395541191 0.5074247047305107 0.1882313713431358 0 0.4488843083381653 0.2593902945518494 0.09721791744232178 0.3019308149814606 1.125585101544857 3.058134235441685 0 0.7996815592050552 0.4854191541671753 0 1006.913499169052 63.70865862071514 19.20152150094509 0 0 0 11.9339167624712 3.497227728366852 1.624701306223869 3.352820746600628 0.8580552339553833 0.437627837061882 0.627382680773735 2.800447531044483 0 0.7944400310516357 391.6535861939192 7.571839444339275 0.673058919608593 2.783639766275883 1.601286791265011 0.2591200172901154 0.4047445952892303 0.3245269432663918 26.18818986415863 11.45076194405556 27.01558540016413 196.5243175625801 72.57759825140238 43.26720000058413 2.844331562519073 5.715646706521511 0 59.02869413048029 6.118331253528595 5.179159633815289 4.453372485935688 2.631886780261993 0.6399127915501595 1.773112036287785 47.78569478541613 0.5718129277229309 0 161.3724341988564 70.25869066268206 233.8940838798881 289.555067487061 70.54786566644907 1.245257943868637 26.41345212608576 2.194509007036686 8.193053156137466 34.32666389644146 1.584953062236309 2.836069658398628 3.816879831254482 9.437848784029484 1.477384552359581 0.893583856523037 0.2321883514523506 1.212116308510303 0.8120866045355797 0.2686458826065063 0.5736153125762939 0.4203499555587769 137.5231499224901 4.780040144920349 0 4.432076536118984 106.4825618416071 1.136929422616959 0.1597543060779572 0.8797949403524399 7.297984912991524 5.110201373696327 66.26919887959957 5.850190281867981 34.87068289518356 73.14013682305813 78.70335945487022 19.14964942634106 180.9054723158479 161.819900482893 71.3031285405159 84.95455449819565 0.8748863488435745 0.5024950802326202 0.412015438079834 0 0 0 0 0.1980186402797699 0 0 0 0 0 0 0 0 0 0 0 4.975621148943901 11.5471947491169 0 1.077537447214127 0.1182255819439888 11.18099527060986 1.172409951686859 61.53238018602133 1.115522459149361 2.065346658229828 0 0 0 0 0.2805714905261993 0 0 4.444325983524323 5.363633424043655 0.4538406431674957 0.3584449142217636 0 1.004594504833221 0 0.7448926866054535 1.843489795923233 0 0.9442794695496559 0.4114993289113045 0 0 0.3521173298358917 75.40038685500622 0.7112953960895538 0.8806253522634506 1.504427373409271 0.2576736807823181 0 0 0 0 0 103.4904758036137 2.97348840534687 0.4053542613983154 0 0.376745194196701 15.84553158283234 0.8579552620649338 17.20318891108036 2.820387274026871 0.554277241230011 3.864216983318329 0 0.3664607107639313 0 0 0 0 0 0 0 0 49.5331773608923 18.5278981551528 9.224714815616608 857.6012632921338 79.36193463206291 838.909486413002 79.64001131057739 504.9142399951816 128.2484121471643 5.532536350190639 113.9802050366998 23.74771133065224 1.479264035820961 19.01860299706459 4.523786887526512 15.51831123232841 5.296415098011494 0 4.846101075410843 15.55228242278099 5.297595575451851
2932.925614587963 434.2436609789729 8.781096287071705 1795.801326923072 378.819931410253 2003.132137402892 2316.516739249229 6.257841683924198 1532.297655023634 0 29.83532514423132 3579.16012018919 6525.869392417371 943.3802453428507 6.192824810743332 3.555555857717991 0.16672083735466 0 0 0 0.2540316879749298 0 0 0 0 0.1359332054853439 0 0.1299389600753784 0 0.1242052465677261 28.20091082900763 0.8026566505432129 2.761800177395344 0 0 0 3.08486595749855 0.4183709174394608 0.267178863286972 0.196828231215477 0 0 0 0.6322035789489746 0.2037927210330963 0.1409641057252884 51.77736474573612 2.102711826562881 0.1271603852510452 0.1201021373271942 0 0 0 0 4.031426854431629 1.954114124178886 127.594895593822 192.2116906195879 30.64351719617844 10.87375291436911 0 0.4447476416826248 0 8.60575146228075 1.142533577978611 0.9484775066375732 1.038031004369259 0.825183741748333 0.1305174380540848 0.1817164272069931 58.69337797164917 0.8184956312179565 0 92.60433792322874 30.97955625504255 21.58741077780724 15.81337728351355 5.172933578491211 0.2319682911038399 6.937129653990269 0.2039417028427124 1.209690131247044 10.27365281432867 0 0.7093521878123283 0.6587115526199341 2.119505926966667 0.1090964302420616 0.2185910046100616 0.3227842748165131 0.1157801821827888 0 0 0 0.1147849410772324 1097.025712102652 0.308508962392807 0 0.7288188189268112 1197.895836085081 3.012986525893211 1.610651761293411 8.46723584830761 31.98049077391624 1.279384970664978 155.409902587533 11.05180989205837 24.48494578897953 270.9987462610006 55.48617382347584 12.24593012034893 133.7664539664984 79.05598284304142 44.20162568986416 41.21490162611008 1.052089780569077 0.3642589449882507 0 0 0 0 0 0 0 0 0 0 0 0 0 0 0 0 0 0.2572140917181969 5.882454812526703 0 0 0.5450428128242493 11.06546337902546 1.56481471657753 23.08566224575043 0.239670604467392 1.040215730667114 0 0 0 0 0 0 0 1.707341700792313 3.630865588784218 0 0 0 0 0 0 0 0.2736776769161224 0.1717221438884735 0.2795334756374359 0 0 1.537699341773987 26.76141163706779 0 0 0 0 0 0.6344524621963501 0 0 0 29.42924807965755 0.2252724021673203 0 0 0 6.403512984514236 0.2786489129066467 7.761238515377045 0.9195271506905556 2.537936180830002 1.874719470739365 0.1873898059129715 0 0 0.2220140397548676 0 0 0 0 0 0 19.46170562505722 7.402465432882309 1.282417044043541 294.8105579689145 9.651359900832176 129.6489660590887 19.92138895392418 1977.904741406441 14.82093494385481 1.083653204143047 18.92982292175293 13.21550664305687 1.494460463523865 14.09721409529448 3.095878392457962 13.32836019992828 1.775017812848091 0.284606546163559 1.28839199244976 17.16633540391922 0.1641842573881149
655.1041061580181 2608.667008310556 4545.363631643355 47.46265704929829 335.925725273788 30.7083929926157 41.79468756914139 5797.089577764273 4155.760445475578 29.83532514423132 0 202.930902980268 1456.949650853872 2616.856957674026 115.8380374759436 76.83002328872681 4.686479113996029 1.339020594954491 0.09618665277957916 0.7307648435235023 1.149252504110336 0 0.5099832713603973 0.4137771427631378 18.85476461052895 1.254002459347248 3.290659584105015 0.6944708079099655 1.074378669261932 0.8254397958517075 2559.299348965287 2044.193157806993 940.1785854622722 0.3868172764778137 1.680052630603313 19.4513478949666 265.972341157496 97.98079712688923 13.99815502762794 44.42260374873877 4.291821256279945 1.781896807253361 3.398891530930996 22.5912704244256 0 1.186022534966469 310.7627256810665 4.717617191374302 1.213013902306557 5.420767419040203 6.059744894504547 1.267920583486557 0.9792339354753494 0.5881147831678391 13.89191322773695 6.530055984854698 23.52400521934032 280.7124606370926 40.06645744293928 35.61804970353842 2.990178190171719 107.3383422791958 3.20713596791029 127.5510241091251 4.356844656169415 3.014814577996731 2.888951629400253 9.08275081962347 5.115286201238632 21.1225471496582 472.1384170353413 28.31845170259476 1.093640327453613 134.7059819325805 74.24088606238365 171.2520327121019 241.2391899749637 163.8441142290831 86.82237903028727 1133.696609437466 13.17023251205683 264.9928614199162 23.15915530174971 0.5278528854250908 3.294438704848289 1.864972472190857 8.194372996687889 1.861547656357288 2.972952604293823 0.1730348914861679 1.75451647490263 0.7886765226721764 21.38362273573875 11.00996418297291 0.6096384599804878 477.7084640860558 78.38188247382641 2.404785349965096 28.74483726918697 105.5938966050744 0.1630518883466721 0 0 2.574260517954826 1.834258049726486 19.11233574151993 2.981401205062866 5.777888283133507 16.05889798700809 27.6538882702589 9.446699813008308 75.64648100733757 43.97674319148064 26.27700726687908 36.96807590126991 0.4301444590091705 0.229307621717453 0 0 0 0 0 0 0 0 0.600494384765625 0 0.1780770123004913 0 0.4387922585010529 0.6720389276742935 0.52273029088974 1.9375289529562 0 2.398278802633286 4.166883304715157 0 1.645408496260643 0.1770689636468887 11.84460034966469 1.782380104064941 43.12408006191254 3.002916306257248 5.263876035809517 0.1484065502882004 0 0 0 0 0.350048340857029 0 3.173126846551895 3.931866616010666 0.335593581199646 0 0 1.195297226309776 1.675990387797356 0.5178607106208801 1.280868843197823 0.1062163561582565 0.4294426739215851 3.821471214294434 0 0.3317906409502029 0.3886471539735794 37.5224988758564 0.1272181272506714 0.6473675966262817 0.8803313374519348 0 0 0 0 0 0 50.92474007606506 3.075123459100723 0.2897582352161407 0 0.1825620383024216 11.7379122376442 3.132326886057854 6.302384942770004 3.531046591699123 0.6742439717054367 1.379352331161499 0 0 0.3359025716781616 0 0 0 0 0 0 0 13.47079612314701 21.58652828633785 8.205182522535324 622.0813500359654 53.11654089391232 655.211662568152 73.26094768941402 250.8838592097163 88.62111479043961 1.872562445700169 96.35700789093971 19.6504583209753 2.309589192271233 11.5380007699132 4.104961849749088 8.366891965270042 3.178303480148315 0 1.269206166267395 16.73290725052357 2.97880095988512
99.69137346744537 37.13456007838249 29.52467568218708 98.35190346837044 8.948669068515301 590.7460540384054 70.0896063297987 36.39631514251232 93.97884687036276 3579.16012018919 202.930902980268 0 2251.507706150413 421.4678855016828 23.11147992312908 12.74116907268763 0.7136609554290771 0 0 0 0 0.690432608127594 0 0 1.06293773651123 0 0 0 0.1976184993982315 0 49.21538022905588 3.235488139092922 47.84741139411926 0.2881224453449249 0 0 158.2751956284046 21.90770891308784 13.31114511191845 19.10745246708393 0.7342281937599182 0 0.3076210469007492 4.655225560069084 0 0.2381133139133453 61.47306437045336 0.5797635242342949 0 0.1883087903261185 0 2.538829535245895 3.009347036480904 0 1.559629842638969 0.8535228446125984 31.80330138653517 20.6623514816165 7.963005110621452 2.352111741900444 0.3241414427757263 1.185801073908806 0 3.876630544662476 0.4220236092805862 0.3128395229578018 0 0.2186663448810577 0 0.3653835505247116 477.2863229066133 18.29481889307499 1.511640608310699 16.90797485411167 9.411878354847431 15.72345625609159 22.52349826693535 19.83127097040415 0.380734920501709 39.76235920935869 1.715689435601234 2.748413771390915 4.052588805556297 0.09476436674594879 0.7367781400680542 0.1956093832850456 0.5527829974889755 1.17520697414875 0 1.60265551507473 0.7456772476434708 0.1863511502742767 0 0.6614712104201317 0 2952.211794763803 69.32969126105309 2.268962666392326 41.04335258901119 202.2063894569874 0.7950408682227135 0.8981939554214478 0.1798412352800369 9.60173524916172 2.169983178377151 55.57404652237892 5.262261942028999 20.7207892537117 44.96391704678535 58.55364754796028 18.35957556962967 197.6359113156796 110.9875335395336 66.06567700207233 61.44152972102165 0.8315682858228683 0.2977212965488434 0.1342235058546066 0 0 0 0 0 0 0 0 0 0.7802369296550751 0 0.7355241626501083 0.3927409648895264 0 0 0 3.350253328680992 14.48847086727619 0 0 0 12.75732161104679 2.053146466612816 34.45450486242771 2.725146234035492 3.761314943432808 0 0.3081090450286865 0 0 0 0.2649007737636566 0 3.780362397432327 1.023782074451447 0.9458167552947998 0.5380542427301407 0.162886917591095 0.8099158406257629 1.451305389404297 0.7971412837505341 2.957166790962219 0 1.931525826454163 1.764241278171539 0 2.028589352965355 0.5954590141773224 51.4395801872015 0.7410675883293152 1.75796614587307 0.2991291880607605 0 0 0 0 0 0 61.03658479452133 1.041079431772232 0.2128478735685349 0.1869780719280243 0 18.81917430460453 1.690554440021515 15.5105624049902 3.062908694148064 0 2.26646201312542 1.776318579912186 0.1404023617506027 0 0 0 0 0 0 0 0 40.45627002418041 21.05494076013565 6.838424637913704 384.8951011821628 8.81091995537281 184.7644159719348 23.98351539671421 1165.7501328215 33.16086902469397 1.20958299934864 42.20588700473309 12.01788479089737 0.2449610084295273 14.62715208530426 1.35429972410202 26.54475072026253 2.703522935509682 0 4.487162202596664 19.2382642775774 1.723036840558052
401.3008468523622 677.9576652273536 291.9935445934534 308.8159214556217 258.5418284609914 303.8240505158901 2856.358653090894 237.2583594992757 3448.557353980839 6525.869392417371 1456.949650853872 2251.507706150413 0 2000.045785665512 119.3446373865008 75.01157967746258 5.499883949756622 0.6954209059476852 0.1020001024007797 0.3770724087953568 0.7307350337505341 11.01901592314243 0 0.35893914103508 12.28037372231483 3.129785872995853 1.054785579442978 4.505148373544216 17.55157119035721 0.6183610856533051 402.2003735154867 47.13057109713554 1173.61681060493 0 0 1.088525891304016 1544.10738222301 394.6681898608804 223.6039677858353 519.156238079071 2.133048929274082 2.311667963862419 3.421415723860264 25.77754539996386 0.239434227347374 3.346320003271103 315.2145291343331 5.966273590922356 0.3495258241891861 3.736152663826942 1.703159354627132 5.594645291566849 30.12871839106083 3.295558527112007 13.36154497414827 7.058561079204082 35.97732862830162 112.0450790449977 51.08140799403191 27.74606976658106 6.485304862260818 22.09226547181606 0.3062197268009186 40.30096449702978 4.956009440124035 1.867650844156742 1.447331935167313 5.128859005868435 1.736941516399384 8.041826866567135 841.9880173206329 94.11546409130096 0.8244648575782776 101.3128576502204 40.1358402967453 141.9143711924553 212.6860012635589 144.015482224524 2.26459439098835 326.4206648394465 15.72847134619951 17.53509633988142 20.07411785423756 0.8909116089344025 2.32346834987402 1.850064173340797 9.694104872643948 2.487911209464073 3.632869243621826 2.19526994228363 1.579069755971432 6.023668140172958 7.833849132061005 2.952496409416199 0.8145037740468979 2441.113955639303 92.70803084969521 5.395485639572144 125.7858379259706 186.9584874361753 0.5850503891706467 1.404804512858391 1.206449419260025 9.065300345420837 3.005251452326775 139.7451209276915 11.10310819745064 41.56173299252987 123.37576597929 128.1247707307339 34.90622733533382 276.2936188131571 229.7555027902126 107.2722294479609 128.1551185846329 1.23890346288681 4.028356999158859 0 0.5977499336004257 0.2593709826469421 0 0 0.2610841393470764 1.582222461700439 0.3053351938724518 1.942204147577286 0 1.461708128452301 2.184125870466232 2.865027964115143 1.69080525636673 0.7023532688617706 4.631959989666939 1.199325442314148 4.432405233383179 18.84498557448387 0.2252477705478668 1.592573955655098 0.7922162413597107 34.5153971016407 7.514983981847763 113.2665509432554 12.72507658600807 21.38497902452946 0 0 1.228666454553604 0.6898458302021027 0 3.994460821151733 0 7.033128172159195 9.220313213765621 0.238702267408371 0 0.4774194359779358 5.939502596855164 3.573611885309219 1.027466922998428 3.236348673701286 0 1.818611323833466 3.228316739201546 0 2.446930542588234 3.393671840429306 128.1795433759689 0 1.204662963747978 0.7059164941310883 0.2095262855291367 0 0 0 0 0.3256326019763947 170.3279596418142 7.218543320894241 0.1789986491203308 0 0.5221898406744003 31.93392330408096 5.751164495944977 29.23386585712433 10.63597986102104 3.898190125823021 2.068220034241676 1.935001581907272 1.301751643419266 0.3495970368385315 0.4715057238936424 0 0 0 0 0 0 98.49306525290012 66.60621537268162 30.17855666577816 988.5402063429356 87.74690215289593 776.4297015815973 91.03463265299797 1171.349123239517 151.6267596334219 4.22047071158886 153.8668037652969 42.07411973923445 0.7578185647726059 24.3974824398756 3.978837884962559 31.1345823854208 4.126176461577415 0.1830669343471527 8.392346054315567 28.74109952151775 9.966165825724602
357.4290497526526 563.6403564885259 691.4256001263857 32.13090343773365 83.16060093790293 102.3309545964003 970.3269472047687 755.8678850531578 1647.184465140104 943.3802453428507 2616.856957674026 421.4678855016828 2000.045785665512 0 151.7831909134984 94.91091435402632 3.827679194509983 0.4473999366164207 0.7764741182327271 0.1391250789165497 0.854150153696537 3.171927705407143 0 0.2789689525961876 7.051335215568542 1.744071632623672 1.053615972399712 1.110274940729141 2.924071937799454 0.08574249595403671 955.7424734383821 156.5469265952706 1327.165194481611 0 0.2421830892562866 0.4299559444189072 1117.288756713271 240.2379698082805 58.3972495496273 193.913277104497 0.3195005655288696 1.786840997636318 1.808180436491966 20.27798198163509 0.09219643473625183 2.258705422282219 378.1038239449263 4.831579603254795 1.077898383140564 2.768495850265026 3.598009437322617 1.674276322126389 7.731482639908791 0.9449854046106339 15.85548610985279 9.677666753530502 22.75912031531334 204.8663475885987 58.36265935748816 30.41250368207693 2.622433230280876 29.07749781012535 0.4204390347003937 57.92315903306007 4.188171297311783 2.718898743391037 3.167308188974857 6.35828884691 1.548310898244381 3.741315998136997 461.1461076810956 30.38281513750553 0.633032351732254 128.6076912656426 57.81129276007414 182.7843382507563 268.1047196909785 167.5836795568466 7.0868811160326 424.8444330096245 5.68042016774416 23.47628411650658 27.04568894952536 1.385957948863506 2.638368047773838 2.984195917844772 7.151823222637177 1.795251443982124 2.82182601839304 1.210385739803314 2.959590159356594 3.365417823195457 5.95986795425415 3.360940515995026 0.6335796564817429 810.9447059929371 78.05322448909283 0.8247396945953369 30.7947241216898 114.4785066246986 0.5530414581298828 0.1947646886110306 0.4518564939498901 4.502102017402649 3.49851106107235 37.18038572371006 3.704392299056053 19.0964123904705 44.88287673890591 45.82667556405067 23.33429842442274 132.9154451191425 95.82015307247639 54.99576926231384 71.25127258896828 0.8008967041969299 0.9148386120796204 0 0 0 0 0.2989539504051208 0.5015075206756592 0 0 0.7689619362354279 0 0.2799145579338074 0 1.127210021018982 0 0 1.084659442305565 0.4881121069192886 1.742501191794872 15.89003333449364 0 0.468853771686554 0.2179883718490601 18.00253278017044 3.960207477211952 56.74355790764093 4.127067774534225 11.54001860320568 0 0.2955650389194489 0.255338042974472 0 0.608285665512085 0.8920036554336548 0 2.121059864759445 10.58816614747047 0.9780811816453934 0.5053303241729736 0 0.8765308260917664 1.397295981645584 0.2047482132911682 2.027755260467529 0 0.5290901064872742 3.507983416318893 0 1.071412906050682 1.501954138278961 70.02280636131763 1.69195368885994 1.011802524328232 0.8272949755191803 0 0 0 0 0 0.9981513321399689 97.43601702153683 1.77772156894207 0.8839629888534546 0.2084663510322571 0.1748665869235992 21.46280750632286 1.473739326000214 19.27380083501339 3.954297319054604 0 0 0 0.3927974998950958 0 0 0 0 0 0 0 0 41.72074933350086 34.43447467684746 10.90241466462612 888.0147724449635 71.3475284203887 851.2720930725336 88.12700361013412 537.683055870235 140.460309445858 5.026905708014965 148.8865924552083 31.52904261648655 2.116650566458702 10.32089972496033 2.814816385507584 8.168746694922447 2.804875239729881 0 8.389147199690342 26.72421880811453 7.233160980045795
