0 5569.18166141957 368.8955177292228 713.5032794326544 1428.018376380205 40.01163424551487 595.9280591234565 34.46899785846472 242.8815661966801 1306.288701042533 173.2972687482834 69.21439015120268 288.168640486896 192.9283257871866 2.823357306420803 0.7579164654016495 0.2958668395876884 0 0 0.1452054381370544 0.5586638748645782 0 0 0.9656999409198761 0.3285931423306465 0.6457574218511581 0.3831408619880676 0.1347004622220993 0 0 207.6587454229593 2.827284999191761 4.804200045764446 0 0.2620566636323929 0.4556359648704529 14.1867468804121 1.618381023406982 4.114181250333786 1.712681211531162 0.8697831332683563 0.3127837479114532 0.2722243815660477 0.4723314493894577 0 0 25.14966180175543 1.608597986400127 0.4452183246612549 0.2418459802865982 0.2501991018652916 0 0 0 4.239321522414684 19.74570078402758 337.700127966702 241.7658896818757 12.13858667016029 9.130032129585743 2.51694667339325 3.317627996206284 0.1911296248435974 1.668764546513557 3.947381064295769 1.924878068268299 1.461526840925217 0 0.964493989944458 0.7047818899154663 55.24926947057247 1.005608797073364 0 92.29831395298243 11.13036454468966 15.4095296934247 4.617935828864574 0.4746791869401932 0.7572299763560295 37.64168358594179 0.6751954555511475 14.42404831200838 24.52776879072189 0 0.5028209090232849 2.37720101326704 0.3235694319009781 0 0.506422758102417 0 0 0.203889787197113 0 0.3896412402391434 0.160406768321991 33.23301143199205 4.452332496643066 0 1.123262777924538 762.7227717041969 0 0 0.1953387707471848 0 0 0 0 0 1.896259069442749 2.155951261520386 0.2522088587284088 2.377275139093399 1.874407686293125 7.419850632548332 3.083955183625221 0 0 0 0 0 0 0 0 0 0 0 0 0 0 0 0 0 0 0 1.215036556124687 0 0 0 0 5.092279732227325 0.5979036092758179 4.629561610519886 0.6388170942664146 0.7161610722541809 0 0 0 0 0.6189201474189758 0 0 0.5101000070571899 0.420159637928009 0 0 0 0 0 0.1223022043704987 0 0 0 0 0 0 0 3.999210335314274 0 0 0 0 0 0 0 0 0 7.251214534044266 0.1103348284959793 0 0 0 1.027587436139584 0.3575971126556396 2.104306399822235 0 0 0 0 0 0 0 0 0 0 0 0 0 1.177421309053898 0.288921132683754 2.144563399255276 76.39453320205212 5.649868257343769 62.58259872347116 7.866882033646107 565.6725964322686 27.6138034760952 2.595261737704277 13.4120697453618 2.573491171002388 0 0 0 1.213620543479919 0 0 0 0 0
5569.18166141957 0 1016.513464815915 2451.115244083107 7058.17033816129 99.745496571064 2726.25432100147 118.5249680355191 2047.128032386303 771.7369134873152 547.1145554855466 71.86220056563616 557.2201393768191 466.900561504066 9.079364940524101 1.081347897648811 0.3248973116278648 1.258058898150921 0.5666344165802002 0.9218872115015984 1.149180129170418 0 0.09712181985378265 0.4509499073028564 0.391781784594059 0 1.35208460688591 0.5877319574356079 0.6761498898267746 0.1381368935108185 1464.026910193264 6.063609056174755 11.00856076180935 0.2965546250343323 1.496107771992683 0.2946754992008209 16.08922588825226 3.28903828561306 2.473754957318306 3.13500302284956 0 0.2066991925239563 1.823047384619713 1.400567375123501 0.2250076308846474 1.204670503735542 155.1076669618487 6.190329164266586 0.5595976784825325 1.528162084519863 2.210937269032001 0 0 0.1271576285362244 23.21644102036953 92.18197353184223 379.0204905048013 488.09775262326 20.82819308340549 62.43127374351025 3.981430850923061 7.961894437670708 0.785406731069088 48.12697973102331 20.42140076309443 11.11490005254745 8.778129540383816 1.132927864789963 0.8172345086932182 1.555624447762966 43.8349140137434 0.524668961763382 0 291.448426194489 131.5946375355124 137.2377103716135 31.1034248098731 3.235332824289799 3.65096739679575 86.37798918038607 2.226074084639549 20.46730127930641 82.71819477528334 3.454687424004078 3.413947604596615 16.02890018373728 2.356967285275459 0 1.810569979250431 0 0.6221677213907242 0.8437916785478592 0 0.6760721355676651 0.7915083765983582 54.81277031451464 0.518658459186554 0 0.9627252519130707 1157.447881042957 0.2495565116405487 0 0.4067144691944122 0 0 0 2.884306907653809 0 0 1.620227590203285 0 4.894607968628407 11.76632772386074 7.581468291580677 7.785619743168354 0 0 0 0 0 0 0.4104986488819122 0 0.1161636933684349 0 0 0 0 0.1782979369163513 0 0 0 0 0 0.4920804128050804 0.7898793816566467 0 0 0 6.719332978129387 1.762896902859211 9.142100639641285 0.6012509390711784 0.8471089601516724 0 0.1766218394041061 0 0 0 0.1940710544586182 0 0 0.2669329047203064 0 0 0 0 0 0 0 0 0 0 0 0.2952594459056854 0 4.950863838195801 0 0 0 0 0.2073133960366249 0 0 0 0.1547128409147263 11.92792588472366 0.9516042321920395 0 0 0 2.864047899842262 0.6574607789516449 0.922883577644825 0 0 0 0.2761760056018829 0.1363786309957504 0 0 0 0 0 0 0 0 4.60407380759716 1.281953200697899 5.539884328842163 297.148446649313 37.45354027301073 273.1832382082939 38.91096529364586 928.0263191387057 66.24043365567923 6.00555944442749 45.15222412347794 12.33758143335581 0 0.8208903968334198 0 1.716363549232483 0 0 0.565400555729866 1.309234753251076 0
368.8955177292228 1016.513464815915 0 8.646979160606861 683.4031218066812 1.209939941763878 19.89732506871223 3439.262407839298 415.7350037321448 7.329259984195232 1528.126493372023 7.581554263830185 179.1619007885456 326.2671521231532 12.531669087708 2.169029869139194 2.187504641711712 6.637767963111401 0.863954983651638 13.99410046637058 14.49992197751999 0 3.309758476912975 4.018794283270836 5.512245357036591 2.523936279118061 6.799077056348324 1.086561992764473 1.783639967441559 1.517262019217014 5593.756670974195 1693.100954271853 22.44446565210819 1.948053926229477 4.355797111988068 7.590952180325985 21.6226803585887 17.98413483798504 5.195683337748051 7.092734515666962 5.097311645746231 1.882609494030476 7.545106530189514 11.08621230721474 4.706189721822739 16.15535333752632 102.3897386938334 7.618261493742466 2.407075501978397 10.48579550534487 2.963482163846493 0.1258770227432251 0.5335181504487991 0.3774753659963608 13.99405730515718 56.61613866686821 247.4778544306755 797.8708282113075 18.08693175017834 60.44685380160809 88.35238935053349 32.43054300546646 13.56316664814949 949.5131611078978 14.07532799988985 7.474394448101521 7.499949410557747 2.488569661974907 10.19390307366848 11.00429672002792 11.39064219594002 0.892010360956192 0 293.991080366075 425.3091425150633 158.0479345321655 119.8330832347274 36.59252894669771 76.17525208741426 385.9874742552638 37.11880642920732 254.191838093102 66.70532183349133 2.431014120578766 3.002878278493881 13.26999223232269 9.517494104802608 0 1.628757506608963 0 0.6983019784092903 0.7678568288683891 2.853836998343468 0.7463948056101799 1.799020580947399 13.89979417622089 0 0 0 401.1644069030881 0 0 0.161347821354866 0 0.27765142172575 0 0 0 0 0.2219045013189316 0 1.154790140688419 1.615902915596962 1.83337614685297 0.9953298270702362 0 0 0 0 0 0 0 0 0 0 0 0 0.1149804145097733 0 0.1296261101961136 0 0 0 0 0.616269439458847 0 0 0 0 3.095638655126095 0.3903371691703796 6.73366305232048 1.061666384339333 0.5629070252180099 0 0.09953752160072327 0 0 0 0.2136254906654358 0 0 0.2018464356660843 0 0 0 0.2140974253416061 0 0 0 0 0 0 0 0 0 2.636417411267757 0 0 0 0 0 0 0 0 0 5.820377968251705 0.6156245172023773 0 0 0.1211320906877518 1.332083001732826 0.2495433911681175 1.024544075131416 0 0 0.3282547295093536 0 0.1370509564876556 0 0 0 0 0.1698769927024841 0 0 0 2.067242816090584 0.9903134256601334 1.802316375076771 104.3409506157041 26.83374030888081 121.2900660559535 20.97713708877563 145.216630153358 35.30969957262278 3.768092259764671 18.65574488788843 4.264646150171757 0.0905202329158783 0.6157492250204086 0 0.5302685499191284 0 0 0.2589961290359497 0.456636369228363 0
713.5032794326544 2451.115244083107 8.646979160606861 0 892.5693526417017 85.19181598722935 4553.448145821691 0.6542286649346352 545.9749023243785 1733.393750861287 8.758798040449619 81.90990681946278 323.8440962806344 13.92153434455395 0.7315601035952568 0.1396251767873764 0 0.1090408861637115 0 0.1998727470636368 0.335110142827034 0 0 0 0 0 0 0 0 0 3.291321486234665 0.2431569993495941 0 0 0.2226134091615677 0 1.258189022541046 0.08984412252902985 0 0 0.1152040958404541 0 0.1150849387049675 0 0 0 24.07899760454893 0.3689855188131332 0 0.2821224927902222 0.1279631555080414 0 0 0 2.820081949234009 11.32688543200493 22.21750638633966 21.22487307339907 2.165891915559769 6.071525156497955 1.032349489629269 0 0 3.800739422440529 2.360962480306625 0.3327629640698433 0.5809888243675232 0.2288209274411201 0 0 40.70474508404732 0 0 24.23016288131475 13.57587268203497 18.11068469285965 4.435433015227318 0.8790188431739807 0 2.780579015612602 0.1233924031257629 0.7661334499716759 8.677612148225307 0.07933706045150757 0.2729234099388123 1.518184259533882 0 0 0.2838413193821907 0 0 0.167348250746727 0 0 0 19.61598122119904 0 0 0 27.66895300894976 0 0 0 0 0 0.5079661011695862 0 0 21.90313905477524 0 0 1.680569767951965 0.9428813904523849 3.485612586140633 0.5643735378980637 0 0 0 0 0 0 0 0 0 0 0 0 0.2627905607223511 0 0 0 0 0 0 0 0 0 0 0 2.128424614667892 1.123081654310226 2.243420295417309 0 0 0 0 0 0 0 0 0 0 0.1957623213529587 0 0 0 0 0 0 0 0 0 0 0 0 0 1.888336464762688 0 0 0 0.1411401629447937 0 0 0 0 0 1.804309830069542 0 0 0 0 0.143960028886795 0 1.732110142707825 0 0 0 0 0.1617509871721268 0 0 0 0 0.1141421124339104 0 0 0 1.455736771225929 0.5919141173362732 1.172869369387627 49.17522925138474 6.708505965769291 43.59044583886862 5.828189693391323 258.7644586488605 9.532250300049782 1.170207567512989 8.627469778060913 2.025223270058632 0 0 0 0 0.5463966131210327 0 0 0 0
1428.018376380205 7058.17033816129 683.4031218066812 892.5693526417017 0 55.09904591739178 3489.143384873867 81.08912584930658 8415.75108358264 1199.701299734414 801.0748246014118 171.1788070127368 1493.65493632853 1708.158442482352 15.23336941748857 1.549257770180702 1.950504049658775 1.206434085965157 0.08205577731132507 1.812191262841225 1.846543185412884 0.1809930950403214 0.2583019509911537 1.075811676681042 0.9872007444500923 1.425869762897491 1.057674206793308 0.4655337184667587 2.454904586076736 0.8167539536952972 297.4872858449817 12.35931167006493 16.61713144183159 0.1824485063552856 2.004739053547382 0.9247905090451241 27.88993787020445 2.232442364096642 6.082966990768909 3.312590859830379 0 0.4931355863809586 0.8488689363002777 2.132588744163513 0.2158743366599083 3.09784347563982 262.7441900968552 6.524757511913776 0.3900585621595383 1.610104106366634 5.377406239509583 0 0.2630282789468765 0.6186607778072357 20.87513722479343 90.00658270716667 103.1746021956205 156.2593491449952 22.96745416522026 85.58950406312943 5.497055873274803 5.757029838860035 1.16941723972559 93.8448288589716 21.95758458226919 10.5286128371954 10.66492538899183 1.91928543895483 0.3944197595119476 2.141205169260502 97.97354895621538 1.658373415470123 0 204.7541705220938 194.7970504388213 244.5157155990601 88.42218012362719 7.426449559628963 2.480693519115448 78.04668238759041 3.342911504209042 20.58914928138256 69.99576707929373 4.247005276381969 4.50035248696804 20.97923372685909 4.375238992273808 0.4287740588188171 3.327047064900398 0.1297361105680466 1.441797137260437 1.125151380896568 0.9570481181144714 1.282344467937946 2.588916130363941 112.306992135942 2.055789709091187 0.5279862284660339 1.893108338117599 170.0655717477202 0.2434670254588127 0 0 0.2543229460716248 0.4202980399131775 2.147095933556557 2.327891141176224 0.3051405847072601 2.733557298779488 3.041453391313553 0.4366047531366348 16.930444419384 16.79809733480215 20.47305756807327 9.80881305783987 0.7404609322547913 0 0 0 0 0 0 0 0 0 0 0 0.2241344749927521 0.1968276053667068 0 0.2844148874282837 0 0 0 3.547651782631874 0.3274705111980438 0 0 0.141160175204277 19.21485570073128 2.275933548808098 20.07122249156237 2.801174223423004 2.254791915416718 0.1477820873260498 0 0.1161684393882751 0 0.1878116279840469 0 0 0 0.7720113098621368 0.2778662443161011 0 0 0 0 0 0 0 0 0.6871289014816284 0 0.1887055337429047 0.5233917236328125 12.62245991080999 0 0 0 0 0 0 0 0 0 39.35078611969948 0.7407035976648331 0 0 0 6.137086033821106 2.959553092718124 1.295914314687252 0.4945176243782043 1.849603317677975 1.211683362722397 0 0.5507529079914093 0.3408264666795731 0 0 0.1626812964677811 0.2778477296233177 0 0 0 7.613236755132675 3.369933798909187 6.940592706203461 416.6010174453259 81.95059578865767 420.1581408903003 82.18012806773186 588.5174179598689 83.23404490947723 8.65656691044569 87.06522326171398 19.60828199982643 0 1.651875987648964 0 1.668541729450226 0 0 1.396400220692158 1.774766996502876 0
40.01163424551487 99.745496571064 1.209939941763878 85.19181598722935 55.09904591739178 0 127.6107267141342 0.4531804472208023 39.08012534677982 489.2589461356401 2.545251190662384 147.5688960254192 137.3435479700565 20.57257461547852 0.1571769714355469 0 0 0 0 0.2051718533039093 0 0.2117823511362076 0 0 0 0 0 0 0 0 2.647963792085648 0 5.858191445469856 0 0 0.233227550983429 17.73541534692049 0.508420392870903 10.05253482609987 0.9146053493022919 0 0 0.3700467646121979 0 0 0 2.851188451051712 0 0 0.4813329577445984 0 5.52840581536293 0 0 0.2257364541292191 0.8746554851531982 197.2013952806592 5.010742425918579 0 0.472113698720932 0 5.167783930897713 0 0.1290102303028107 0.3602849021553993 0.1045881509780884 0 0 0 0 102.7408891022205 97.52416391670704 3.887549504637718 3.548819169402122 0.6784023195505142 0.4444691836833954 0.1849206686019897 0 0 10.54703351855278 0 3.877261087298393 0.8807105720043182 0.322490394115448 0.1125326231122017 1.265259101986885 0.1158701553940773 3.417096585035324 2.686543792486191 8.582277834415436 0 2.414287403225899 0 0 0 185.4716640561819 19.29254588484764 10.14360344409943 9.351355761289597 1113.420686908066 0 0 0 0 0 0 9.744128465652466 0 0 0 0 1.826172545552254 0.3688680231571198 5.116595804691315 1.890229642391205 0 0 0 0 0 0 0 0 0 0 0 0 0 0 0 0 0 0 0 0.6122901439666748 0 0 0 0 1.946335226297379 0 0.9991507232189178 0 0 0 0 0 0 0 0 0 0 0 0 0 0 0 0 0.09665675461292267 0 0 0 0 0 0 0 2.933740168809891 0 0 0 0 0 0 0 0 0 6.770582303404808 0 0 0 0 0 0 0 0 1.742551326751709 0.6780161261558533 0.2280098497867584 0 0 0 0 0 0 0 0 0 0.4867502450942993 0 0.763579860329628 10.69744385778904 0.8298043012619019 3.889152251183987 1.224615916609764 445.2499431669712 0.6501912623643875 0 2.988143011927605 0.5614707320928574 0 0.9933463335037231 0 4.381009221076965 0 0 0 0.1954684108495712 0
595.9280591234565 2726.25432100147 19.89732506871223 4553.448145821691 3489.143384873867 127.6107267141342 0 5.186643943190575 2354.717590145767 3971.37365655601 13.93427955359221 282.5269048437476 2085.173417672515 74.60478948056698 8.559580482542515 0.4241996854543686 0.1754271686077118 0.7189312875270844 0 0.9392038136720657 0.2172335386276245 0 0.606813944876194 0.1524708718061447 0.6773422211408615 1.811077274382114 0.5372616425156593 0.148078128695488 1.191672116518021 0.5710750669240952 32.96742682904005 4.332712292671204 2.654049515724182 0.09067980200052261 0.3369545042514801 0.2634405493736267 7.977883413434029 1.050577640533447 2.686137683689594 2.227754235267639 1.072814092040062 0.2807640880346298 0.1449908912181854 1.693898670375347 0.2485867664217949 0.9998095333576202 170.9222215786576 4.81105662882328 0.4774384275078773 1.255187697708607 3.768367424607277 0 0 0 13.81488043069839 60.75678315758705 51.87474751472473 58.46110791712999 14.18818342685699 52.68133747577667 2.459111876785755 12.38833913207054 0.1149574741721153 48.9550224095583 13.26732774078846 6.814728192985058 7.051569789648056 1.07928654551506 0.4786578863859177 0.8724866360425949 125.8903040587902 0 0 112.4223979189992 102.3135541379452 147.7532320842147 51.09906177967787 5.086931690573692 1.327856622636318 7.407749272882938 1.235112503170967 6.435972638428211 40.34619489312172 2.24241691827774 1.61614640802145 12.56756499409676 2.116920977830887 0.09141600877046585 2.19795598089695 0.640251561999321 1.381175704300404 0.691858671605587 0.6975270807743073 0.8904116302728653 1.51285657286644 121.5126175135374 3.60788905620575 0 1.138430148363113 47.19222886115313 0 0 0.2437983900308609 0 0.1582092195749283 0.2722889184951782 0.9314917325973511 0.1448991149663925 33.26607263088226 5.449916005134583 0 9.849571004509926 11.11967362463474 10.74262984097004 13.11609119176865 0 0 0 0 0 0 0.1289945989847183 0 0 0.178279310464859 0 0 0 0 0.9013866484165192 0 0 0 0 0.4125627428293228 0.833122506737709 0 0 0 7.669546812772751 2.816930651664734 10.05493488907814 0.8646615967154503 0.7624620497226715 0 0 0 0 0 0.6168827414512634 0 0.5498687624931335 0.9505115747451782 0 0 0 0 0 0 0 0 0 0 0 0 0.2051166296005249 6.520483672618866 0.3118483424186707 0.8046622276306152 0 0.5144137144088745 0.1845929026603699 0 0 0.2993455827236176 0 23.82616603374481 0.2136985957622528 0 0 0 3.563524454832077 3.367453970015049 3.108450092375278 0 0.8653649687767029 1.356295138597488 0 0 0 0 0 0 0 0 0 0 7.537904798984528 2.361755162477493 5.732844784855843 316.3968183994293 54.71035344898701 292.013728953898 55.29263740032911 643.2596158832312 55.97856741398573 6.294587261974812 52.20868008583784 13.92209658026695 0.09485431015491486 0.4858841449022293 0 3.158797383308411 0.1559585332870483 0 1.55778694152832 1.429067835211754 0
34.46899785846472 118.5249680355191 3439.262407839298 0.6542286649346352 81.08912584930658 0.4531804472208023 5.186643943190575 0 198.9614014849067 5.930933140218258 3155.724999733269 3.347225189208984 65.85950538516045 128.1192294061184 22.02511014044285 4.263946235179901 4.392385125160217 4.460493624210358 1.967705108225346 25.06600034981966 21.92658071964979 0 6.178550004959106 9.557796329259872 6.22554524987936 3.94629617780447 12.44395985454321 2.418961510062218 0.5869590938091278 0.8115864172577858 1336.429031029344 2739.515638053417 27.14259786903858 1.890448376536369 10.40397057682276 21.51910020411015 15.16867966204882 30.70245227962732 3.23128704726696 11.92519966512918 6.721892341971397 2.882126711308956 11.33557738363743 15.43461645394564 6.23388297110796 28.22943735122681 184.3611692935228 3.799572981894016 2.587410114705563 13.20752014219761 3.118064969778061 0 0.164638951420784 0 9.370528258383274 38.51932556182146 85.76210486143827 251.2589819356799 10.96322274953127 40.11988338828087 254.0676525607705 81.81856758892536 28.20075307786465 710.0652152374387 7.592673309147358 5.163873687386513 5.787883721292019 2.203339077532291 11.96807757019997 21.07007417082787 4.412971243262291 1.521355211734772 0.3460531234741211 144.156225129962 256.6113133504987 180.4429439380765 360.9505339935422 413.7554882541299 1245.175411269069 628.7801195085049 236.8474990651011 1308.114499226213 35.70771885663271 1.500648118555546 1.327328525483608 10.4151678159833 15.69745715707541 0.1731218174099922 1.637820787727833 0 0.8358638063073158 0.6929552629590034 5.325982436537743 2.017620265483856 2.666338033974171 6.057055354118347 0 0 0.5681459158658981 84.99574657529593 0 0 0 0 0 0 0 0 0 0.1820437461137772 0 0.8629542738199234 0.7765798270702362 1.428521603345871 1.203857533633709 0.1021537631750107 0 0 0 0 0 0 0 0 0 0 0 0 0.165044903755188 0 0.1648880690336227 0 0.153596967458725 0 0 0.3135145306587219 0 0 0 2.711819730699062 0.2814750969409943 3.932398729026318 0.5298609957098961 0.7199159264564514 0 0 0.2990074157714844 0 0 0 0 0 0.2145806849002838 0 0 0 0 0 0 0 0 0 0 0 0 0 2.576823376119137 0.2604076117277145 0 0 0 0.1066438630223274 0 0.1587114185094833 0 0 3.678387060761452 0 0 0 0 1.104989804327488 0.5310664027929306 1.459658771753311 0 0 0 0 0 0.1416852027177811 0 0 0 0.4633373320102692 0.2129368484020233 0 0 0.1509714275598526 1.678013265132904 1.013146631419659 166.5056239664555 28.63632658869028 241.3299353644252 38.58785092830658 90.0520827844739 33.70227397233248 5.576913125813007 35.64930661022663 7.733384810388088 0.1923933625221252 0 0 0 0 0 0.3512388467788696 1.194756716489792 0
242.8815661966801 2047.128032386303 415.7350037321448 545.9749023243785 8415.75108358264 39.08012534677982 2354.717590145767 198.9614014849067 0 1730.900179460645 2036.229754380882 287.1803482174873 6466.753569483757 4107.93313959986 28.86162532120943 1.441371217370033 1.614873468875885 0.8924997225403786 0.5739389061927795 1.998350232839584 2.06684336066246 0 0.4314182996749878 0.571146234869957 1.080237574875355 1.567414373159409 1.814176194369793 1.011960878968239 1.35019014775753 0.6659447699785233 113.0225126892328 13.62621813267469 54.8735017105937 0.2716687619686127 1.011373922228813 0.9865229651331902 66.96943786740303 4.151388861238956 11.56776045262814 5.350343592464924 2.218711346387863 0.650060161948204 1.787929192185402 1.835471652448177 0.6044285595417023 1.146708950400352 192.103793181479 3.485647425055504 0.5021619349718094 2.987303666770458 3.153760172426701 0 0.1355305910110474 0.5227889120578766 9.89570415019989 35.71628694981337 49.47189459204674 61.97714767605066 9.820738658308983 23.65879260748625 9.845881000161171 11.29042386263609 2.419546879827976 50.47958629578352 9.675727859139442 6.900857008993626 11.62961062043905 1.900837637484074 2.750644996762276 2.898410126566887 183.0772240832448 0.6663993895053864 0 78.53480160236359 77.03237772732973 131.149761095643 83.61597247421741 9.157951846718788 2.353215448558331 309.6807683929801 2.172642737627029 30.57422491163015 28.45215438306332 1.405755870044231 2.487461194396019 12.20319258421659 2.196667172014713 0.3992399647831917 2.615720294415951 0.1778023391962051 1.210977956652641 2.801083959639072 1.73419838398695 1.903662160038948 1.424901910126209 213.2823330312967 2.524062544107437 0 4.07254458963871 61.0110322162509 0.7786225378513336 0.1680443286895752 1.252124115824699 0 1.288196757435799 3.119813621044159 3.038453876972198 1.011074334383011 7.809409320354462 7.422693729400635 1.083238154649734 16.87314745783806 28.14887366443872 36.86002822220325 23.30201452970505 0 0 0 0 0 0 0 0 0 0 0.3493751361966133 0 0 0 0 0 0.1028635799884796 0 0.2229643911123276 3.579161643981934 1.990303859114647 0.09748215228319168 0 0 34.3063088208437 5.481054574251175 32.98740369081497 4.375606067478657 3.634006462991238 0 0 0 0 0 0 0 0 4.666850551962852 0 0 0 0.2766140997409821 0.1381006091833115 0 0 0 0 0.6685164868831635 0 0.9313984513282776 0 22.89547079056501 1.799741372466087 0 0 0 0 0.1567189246416092 0 0 0.2394796758890152 66.3494049012661 0.8874401301145554 0.1505197435617447 0 0.8010240793228149 14.32677663117647 2.340338245034218 5.166623368859291 0.3371706604957581 3.600016638636589 1.682142943143845 0.7491587996482849 1.393628180027008 0.1226910576224327 0 0 0 0.5093533992767334 0 0 0 15.13733112066984 7.373406827449799 21.28621082007885 536.8796075060964 65.94004286080599 410.7198363095522 92.23614655435085 263.3464323580265 52.83595663309097 5.103177890181541 107.1461433321238 22.90449699014425 0.1424224674701691 2.30225670337677 0 2.945272877812386 0.5747687220573425 0 2.9858782812953 4.008715033531189 0
1306.288701042533 771.7369134873152 7.329259984195232 1733.393750861287 1199.701299734414 489.2589461356401 3971.37365655601 5.930933140218258 1730.900179460645 0 38.33407835662365 3760.179007261992 6764.323262579739 243.9843139946461 12.72873823344707 1.501113682985306 2.629884496331215 1.284532122313976 0 1.215611964464188 1.359703838825226 0 0.5765174627304077 0.1622465848922729 0.7788125425577164 0.3519514054059982 0.9203108847141266 0.3144370540976524 0.7782107144594193 0.1219923570752144 7.065641261637211 2.296229846775532 28.33733952045441 0.3538897037506104 1.459286510944366 0.9123460650444031 67.39287731051445 8.736976563930511 24.3398636803031 5.312490843236446 1.173729062080383 0 0.4611405730247498 0.5163020640611649 0.7888103723526001 0.3476650640368462 94.16463882476091 0.8962078467011452 0.6517254114151001 1.890725120902061 1.835464522242546 0 0 0 3.125285781919956 19.13964146375656 36.56909364461899 30.69500505179167 5.488376043736935 12.0519107952714 4.39154614508152 63.89636125415564 0.3247950673103333 11.65739204734564 3.745345585048199 2.68924418091774 2.291830137372017 0.8948525488376617 0 0 1687.454607635736 9.876904934644699 0 40.61512491852045 21.54742759466171 48.2087768688798 25.58548653870821 1.436040967702866 2.528211981058121 68.71369267255068 0.9989475086331367 94.06234292685986 18.06727532297373 1.047126673161983 0.9669327959418297 3.561802096664906 1.377320379018784 0 1.727966159582138 0.2464339286088943 0.1611186116933823 1.545472055673599 0 1.133787728846073 0.6900307536125183 785.731552273035 17.31221413612366 0 10.0111183822155 156.8019078820944 1.269448190927505 0 0 0.1744974702596664 1.985898792743683 2.087274834513664 9.393253907561302 2.111592054367065 19.46452128887177 15.62490083277225 1.190831214189529 21.77045045793056 35.54698105156422 40.80836368352175 21.66639889031649 0 0.4472998678684235 0 0 0 0 0 0 0 0 0 0 0.943535178899765 0 0 0.1368297338485718 0.226252555847168 0 0 2.475231252610683 1.751690462231636 0 0 0 30.3993184119463 5.820487141609192 44.19478517770767 6.780754148960114 3.073908194899559 0 0 0 0.3968276679515839 1.112663149833679 0 0 0 4.677288703620434 0 0.2095443457365036 0 0 0 0 0.2520133852958679 0 0 1.2609703540802 0 2.022966235876083 1.058062106370926 29.87086918950081 0.3034398853778839 0 0 0 0.8277592658996582 0 0.2763371765613556 0 0 41.98849902302027 2.865811705589294 0 0 0 8.822669193148613 5.542613431811333 9.453106060624123 1.940527409315109 0.7349452078342438 0.947257786989212 0 0.2949013039469719 0 0 0 0 0 0.1734407693147659 0 0 14.98047371953726 3.368490569293499 15.0147301107645 613.8176277056336 21.91907262802124 265.4123126193881 50.26134586334229 1218.68668448925 34.85820887982845 4.713963977992535 96.69593352079391 17.0692976936698 0.4974321722984314 4.224792405962944 0.1363688856363297 15.09212985634804 0.8056728690862656 0 0.6476350426673889 0.2902418673038483 0
173.2972687482834 547.1145554855466 1528.126493372023 8.758798040449619 801.0748246014118 2.545251190662384 13.93427955359221 3155.724999733269 2036.229754380882 38.33407835662365 0 18.98900604248047 657.0010449066758 2461.141309469938 66.83855980634689 16.93184263259172 8.4402746707201 3.091855965554714 1.797677554190159 22.13611394166946 35.59111316502094 1.140972018241882 10.36408211290836 18.42267736047506 25.80366103351116 15.71413624286652 35.34253277629614 1.843959912657738 1.986167460680008 3.790604509413242 579.5711458027363 325.6788339093328 158.7614315897226 0.993878573179245 25.74100957065821 32.76851849257946 69.28336797654629 102.3288227319717 20.53851970285177 51.82860250025988 19.26581798493862 6.094294771552086 17.37090222537518 18.35195010900497 8.28650987893343 10.42256700992584 234.5766749754548 6.048867762088776 2.692796170711517 16.88372833281755 5.746088974177837 0 0.7505502626299858 1.304787196218967 10.95126044005156 50.94442350417376 75.98938466608524 159.756274536252 11.32090581953526 49.24703156203032 116.7822393253446 214.5655374899507 16.23255413770676 156.5700026452541 14.47217328101397 8.502180114388466 8.284377954900265 2.77075881510973 15.47887152433395 41.4052052795887 27.84090068936348 6.36352351307869 0.1055749133229256 145.1038001924753 172.2760365456343 198.887908667326 135.2694894000888 49.63971048593521 116.212446205318 3428.582187972963 35.13901081681252 1328.083704575896 41.72397816926241 1.502086520195007 3.845744729042053 12.8605528101325 19.06143637746572 0.1111741960048676 2.534628711640835 0 1.656035847961903 2.850600868463516 11.99845599383116 3.074901379644871 2.727797135710716 56.14144010096788 2.881577491760254 0.1412647813558578 1.692669078707695 110.8280531093478 0.534283846616745 0 0 0.4487497806549072 0.8839680552482605 1.342830836772919 1.54489154368639 1.11544144153595 0.3802636861801147 1.841055527329445 0.1802927553653717 6.012925751507282 9.281111486256123 10.89762143790722 13.09716902673244 0 0.3335419297218323 0 0.4673446714878082 0 0 0.101341038942337 0.3408327400684357 0 0 0 0 0.5274294167757034 0.2035034745931625 0.3951145708560944 0 0.6145564913749695 0 0 0.7002019584178925 1.671288706362247 0 0.1449610143899918 0 18.27686350047588 4.756363801658154 29.02180841565132 6.404631704092026 2.572118058800697 0.1708642989397049 0 0.1564190238714218 0 0.1269249022006989 0.6093139797449112 0 0.800356388092041 0.8200930058956146 0 0 0.6356611251831055 0 0 0 0 0 0 0 0 0 1.581168003380299 16.91406869888306 0.6056059598922729 0 0 0 0 0.3280004560947418 0.190882608294487 0.151700958609581 0.1526871174573898 29.25510930269957 4.149675786495209 0 0.2156541645526886 0.1791218966245651 8.230023309588432 4.699230663478374 6.232795007526875 0.5146105289459229 2.526276230812073 1.068126738071442 0.2307557016611099 1.725400418043137 0.4122323095798492 0 0.1085055693984032 0 0.4426243007183075 0.397500678896904 0 0.1956202685832977 5.805159851908684 4.867349036037922 15.63877963274717 375.4046060442924 58.87375375628471 379.9554283767939 86.65588936954737 162.2755124866962 49.28810095787048 7.138166517019272 97.17241435497999 20.478406496346 0.1841701120138168 1.952865794301033 0.1128090769052505 0.3786613941192627 0.6259293779730797 0 0.3592395335435867 2.96883861720562 1.387894317507744
69.21439015120268 71.86220056563616 7.581554263830185 81.90990681946278 171.1788070127368 147.5688960254192 282.5269048437476 3.347225189208984 287.1803482174873 3760.179007261992 18.98900604248047 0 2898.331380806863 135.6093824952841 13.29428740590811 1.953274041414261 0.8439362645149231 0.5232529416680336 0 1.041734784841537 1.151969388127327 0 1.10466293990612 0.7899320647120476 0 1.86563441157341 1.254023730754852 0.1701464653015137 0.5229292660951614 0.2532947808504105 6.526393622159958 4.453692443668842 10.42193906009197 0 1.051080092787743 1.230684444308281 103.5728969424963 2.743457689881325 21.20778007805347 2.8268663585186 1.533311292529106 1.303339183330536 0.3434500992298126 1.077688589692116 0.8524104654788971 0.3259597718715668 65.15835571289062 0.2337881922721863 1.282387465238571 4.675677679479122 1.542684927582741 0 0 0 1.267835110425949 5.76657959073782 7.540425486862659 5.709858775138855 1.724124260246754 4.860117800533772 5.418569996953011 11.63072367012501 0.6548792496323586 9.075794339179993 2.281889751553535 1.810195051133633 2.239000216126442 0.9401948601007462 2.835675701498985 3.632835611701012 872.6858430281281 8.453704759478569 0 15.12113226950169 12.30901202559471 29.51403466612101 25.84189730882645 4.794942677021027 1.046294957399368 27.76467122882605 0.4529444798827171 19.63812753558159 6.979754045605659 0.1171053424477577 0.571089506149292 1.568227037787437 0.7003135830163956 0 0.1108675897121429 0 0.5178366079926491 0.502510741353035 1.499022662639618 1.249558940529823 1.687014371156693 3045.77628197521 26.14200812578201 0 11.67956415563822 91.54620971530676 2.416543282568455 0.3768359273672104 3.556465528905392 0.3920898139476776 1.769920706748962 7.457982867956161 16.21960281580687 3.652960732579231 3.417344316840172 25.91765964031219 2.53960782289505 90.45501130819321 78.03834805637598 150.4889739751816 79.03977034240961 0.4729409217834473 1.530801922082901 0 0 0 0 0 0 0.1520747393369675 0 0.1020481213927269 0 0.2765186727046967 0 0.2925938069820404 0.9847630262374878 0 0.4010648727416992 0 10.98291497677565 2.121154204010963 0 0 0 101.7148264721036 8.917824670672417 74.80771979689598 8.764875777065754 1.530627816915512 0.2450301945209503 0.125554621219635 0.2868182957172394 0.4776356518268585 0.2374147921800613 0 0 0.1153797879815102 7.909169226884842 0.3572185933589935 0 0 0 0.5254440158605576 0 0.1431837230920792 0 0.1567502021789551 1.344098463654518 0 1.253502935171127 0.5107828676700592 71.51965947449207 5.591191031038761 0 0.2170133590698242 0 0 0 0.2616301774978638 0 1.636228635907173 172.9927694499493 6.354333825409412 0.4815686941146851 0 0.4384335279464722 28.76987110078335 5.633713558316231 15.3625201806426 1.171467684209347 4.9947879165411 6.36752588301897 2.241501167416573 2.481761664152145 0 0 0 0.2305551618337631 0 0 0.1514804065227509 0 45.74193508923054 17.72520792484283 50.07960603386164 371.537261493504 18.56289017945528 171.9566114619374 38.52070776373148 224.0111029744148 18.22175488620996 1.786207035183907 69.30476671457291 17.82928742468357 0 7.235476024448872 0.1300921738147736 26.07279096543789 1.173224084079266 0 2.203950226306915 0.8208928406238556 0
288.168640486896 557.2201393768191 179.1619007885456 323.8440962806344 1493.65493632853 137.3435479700565 2085.173417672515 65.85950538516045 6466.753569483757 6764.323262579739 657.0010449066758 2898.331380806863 0 3177.754416167736 79.09284791350365 12.09113722294569 8.254576228559017 3.392536297440529 1.794459879398346 7.937905207276344 17.35230543464422 0 2.13608056306839 7.894776090979576 6.487271226942539 3.291541375219822 10.49321987479925 2.606279224157333 2.966156259179115 1.26098719984293 108.1656234562397 26.91949977725744 210.5509501844645 0.6562662124633789 5.3665941208601 6.225199222564697 548.9002316594124 20.43147950619459 44.32609723508358 28.30128492414951 7.119237467646599 5.76188451051712 11.41680592298508 10.07551008462906 0.9609927609562874 3.822578079998493 232.0050202235579 4.54199330508709 0.925349161028862 11.31131789833307 7.11205155402422 0.860955499112606 0.6676759868860245 1.524125464260578 9.027277931571007 36.225690536201 46.78801648318768 63.50663775205612 6.932791985571384 31.22145941108465 38.2069072201848 52.2928379997611 6.054088786244392 65.8779869005084 8.567563138902187 6.885974228382111 8.937473699450493 2.199509918689728 10.11604776233435 23.90012891590595 872.7487211674452 17.61756639182568 0 79.96925836056471 76.75691748410463 159.43223336339 123.4332790970802 24.22656047344208 8.858288899064064 106.0959663167596 8.771423988044262 88.05117847770452 29.68398898094893 1.425919406116009 2.149791732430458 12.24986983090639 13.23278243839741 0 1.726575136184692 0.2513786107301712 1.82633113861084 2.17034949362278 4.65293188393116 4.367504090070724 4.860806360840797 3029.808624923229 28.92360670864582 0.5956939905881882 20.34329292178154 139.9316846877337 5.807961896061897 1.02340629696846 2.038609839975834 1.39922921359539 3.260406859219074 12.0233861207962 11.77837934345007 8.89798628538847 13.02092605829239 51.13849315792322 5.166685916483402 124.5349562317133 158.5486656948924 239.4474012255669 159.7333969473839 1.308145500719547 4.650477029383183 0.09745728969573975 0.6918684989213943 0 0 0.2350437492132187 0.1615346074104309 0.4598684012889862 0 0.1975020170211792 0 1.05295055359602 0 0.1782285869121552 0.6898936927318573 1.048492148518562 0.9278330504894257 0 30.63553749024868 11.55809877812862 0.2442648261785507 0 0.3727980852127075 216.6000828891993 37.211695343256 217.8119561225176 35.39319544285536 8.325045548379421 0.4168847352266312 0.7508324012160301 0 0.4770325273275375 3.850214511156082 1.076938852667809 0.2343752831220627 0.1866946071386337 19.67072924971581 0 0.1418683975934982 0.4685095995664597 1.313968554139137 1.392105802893639 0 0 0 0.2590198740363121 0.7925916761159897 0 4.898686483502388 4.380582518875599 150.9299427047372 6.183666005730629 0.8105913251638412 0 0.5065903812646866 0 0.7803856283426285 0 0.1785743087530136 0.900581568479538 419.9868358299136 11.61807031184435 1.228984780609608 0 0.3095106780529022 80.73188125342131 23.96564568579197 32.00355321913958 1.934593439102173 8.61842654645443 7.111562386155128 4.159641951322556 8.020436376333237 0.6952978372573853 0 0 0.2442072629928589 0.192728728055954 0 0.1598214656114578 0 99.51838482916355 53.80322496592999 127.0322583466768 635.7849052473903 76.86766340583563 485.911962851882 125.9373178035021 314.0600068792701 52.087351962924 8.642672918736935 149.1344164907932 44.54925472289324 1.911866754293442 16.19325548410416 1.187355197966099 25.05453822016716 2.207919217646122 0 5.030534356832504 3.386888116598129 0.2579286992549896
192.9283257871866 466.900561504066 326.2671521231532 13.92153434455395 1708.158442482352 20.57257461547852 74.60478948056698 128.1192294061184 4107.93313959986 243.9843139946461 2461.141309469938 135.6093824952841 3177.754416167736 0 38.89040905982256 7.193270578980446 4.964514896273613 1.347350411117077 0.6736473813652992 4.936496518552303 10.93000999093056 0 2.960913732647896 7.636479243636131 9.1137949898839 4.390061408281326 9.12085173279047 3.075649738311768 3.063671842217445 0.8134859055280685 138.5565983429551 17.52175617218018 570.5655375421047 0.9063791334629059 3.415575258433819 9.685482934117317 1168.848627120256 47.58603921532631 65.43397970497608 49.71517564356327 5.848619490861893 3.909813433885574 7.070709198713303 6.505336873233318 2.791769258677959 1.959795847535133 112.760536134243 3.364086411893368 1.012069970369339 9.787066556513309 3.205055505037308 0.4844024181365967 2.097520023584366 0.9090853855013847 6.183165721595287 27.58739317953587 49.02836307138205 75.98558872938156 8.122297376394272 19.75764416158199 22.39184871315956 63.25437398999929 4.362902499735355 38.2100035622716 5.949984647333622 4.645807422697544 3.41697932779789 1.055860884487629 6.991362810134888 20.2842832505703 280.6568312868476 12.50011244416237 0 70.85874884575605 60.18934937566519 82.9874432682991 52.59143897891045 14.11977005004883 4.673868112266064 363.8977584689856 5.592445708811283 88.28328102827072 22.43416084349155 1.17577513307333 1.59558567404747 8.852509342133999 7.630534306168556 0 1.275154583156109 0.2019976377487183 1.066560484468937 1.144889608025551 4.789979703724384 2.501057393848896 3.447450272738934 380.389159552753 7.212926283478737 0.2675208449363708 10.81121383607388 67.12366231530905 1.220161534845829 0.4507785886526108 0.3134450018405914 0.3995176255702972 0.2533386647701263 1.118582665920258 0.8807133361697197 1.019313097000122 0 11.60547348856926 1.554594174027443 28.40136642754078 24.61716566979885 36.00356990098953 29.65545227378607 0 0.2946843504905701 0.1187099069356918 1.040465161204338 0 0 0 0 0 0 0 0 1.871635727584362 0 0 0 0.3028382956981659 0 0 2.731092944741249 2.647390708327293 0 0.2395486012101173 0.5000756829977036 48.48418942838907 7.126404345035553 68.36397724598646 11.82594059407711 4.669967874884605 0 0 0 0 0 0.6763773262500763 0 0 2.899340346455574 0 0 0.2592758238315582 2.0879992172122 0 0.3029971718788147 0 0 0.1628053486347198 0.8728136718273163 0 1.183640532195568 2.237708032131195 38.49853776395321 1.946612112224102 0 0.1935847550630569 0.1725353598594666 0 0 0 0 0.5230697095394135 75.94714928418398 4.558748468756676 0 0.2502521574497223 0.7841193079948425 17.96890393644571 7.649993523955345 11.08295337855816 0.3166204541921616 4.231695994734764 0.1574325114488602 0.8794653564691544 2.754609182476997 0 0 0 0.2649949491024017 0.1530519872903824 0 0 0 19.0597153827548 18.38872211426497 30.28451324254274 284.0216540768743 36.49281529337168 230.3071132823825 48.40936551243067 112.9695564731956 26.38147547841072 2.30404881387949 66.73948370665312 16.02700331807137 0.179424524307251 4.795998215675354 0.4196797907352448 5.075732424855232 0.6459204703569412 0 0.9952721446752548 2.097492560744286 0
