0 3502.241926424205 684.6338370740414 1160.302986979485 467.9445754140615 354.3270727097988 1049.556152492762 27.92638130486012 90.65795256197453 1928.817929178476 114.6655472144485 517.7767720893025 838.4154910668731 196.4758896529675 5.842727169394493 3.286912344396114 0 0.1099630445241928 0 0.3188143968582153 1.571537777781487 0.4282103478908539 0 0 0 0.1632167994976044 0 0.122994638979435 0 0 481.0472387447953 3.836158588528633 23.61464390903711 0 0 0 13.67712747305632 1.340675339102745 0.2901356220245361 0 0 0.1474082171916962 0.1488960236310959 0.1167088225483894 0.3330166339874268 0 14.75501658022404 1.150110237300396 0.1592157483100891 0.2073440700769424 0 0.8367725610733032 0.7427574843168259 0 1.291966617107391 3.013708584010601 659.0155940428376 1252.895439237356 20.74805203825235 9.509835936129093 0.1357977539300919 5.645157054066658 0 6.942674785852432 3.181802920997143 2.432150095701218 0.567867785692215 2.108984179794788 1.361438848078251 0.4631742835044861 99.14030577242374 2.609635263681412 1.361415654420853 181.9144814535975 53.69873506575823 70.10756488889456 9.372708193957806 2.404784075915813 2.951252967119217 52.03161294013262 0 3.599852792918682 2.517038151621819 0.4669525325298309 1.161309413611889 3.084176003932953 1.104531906545162 1.305072739720345 0.7442681640386581 0 0 0.711340919137001 1.02790030837059 0 0 361.7972607314587 16.88974827528 2.636089578270912 2.538796529173851 1495.581668198109 0.1081926301121712 0 0 0.1725236475467682 0 10.47591096162796 0.325700432062149 0.6853645145893097 40.71148817241192 0.8190736025571823 0 2.154635265469551 1.229520484805107 4.824085533618927 4.695211201906204 0 0.3133564591407776 0 0 0 0 0 0 0 0 0 0 0 0 0 0 0 0.1987617611885071 0 0.6848578155040741 0 0 0 0 2.097187630832195 0 2.098797991871834 0.3754868507385254 0.1580131649971008 0 0 0 0 0.6638464331626892 0 0 0 0.1583822667598724 0 0 0 0 0 0 0 0 0 0 0 0.2739832997322083 0 4.266906127333641 0 0 0.09201774746179581 0 0 0 0 0 0 4.351958513259888 0.1687073558568954 0 0 0.1649906933307648 2.094884909689426 1.715700373053551 1.44807180762291 0 0 0.1091468259692192 0 0 0 0 0 0 0 0 0 0 2.883421540260315 0.1274081319570541 0.9798237830400467 82.25905611366034 5.966790392994881 76.4500008225441 12.90707832574844 1568.463920302689 43.84253944456577 0.8864705860614777 10.0759546905756 1.274645924568176 0 0.09852544218301773 0 0.6237935423851013 0 0 0 0 0
3502.241926424205 0 1484.988858997822 167.4135119244456 2046.543480023742 304.5578806996346 3871.04690644145 34.18440506607294 1166.274104230106 405.1897604614496 235.2595541477203 158.4111491143703 2304.350536674261 641.0899702757597 46.41997999697924 7.433323457837105 0.4645544961094856 0.2561549544334412 0.2274120450019836 0 2.014725401997566 0 0 0.7293270230293274 0 0.8991244956851006 0.1072147116065025 0.9967943727970123 1.148915015161037 0 2458.92462720722 15.10583505034447 5.001866087317467 0.1620668470859528 0.1588935256004333 0 5.215675763785839 0.2944540828466415 0.2825764566659927 0.4152348414063454 0.2886889427900314 1.610231898725033 0.1749031245708466 1.610706798732281 0.2531145215034485 0.3522471264004707 122.554145924747 8.754378028213978 2.007138378918171 0.7157023027539253 1.068196341395378 0.3548392951488495 0 0.9611473828554153 10.88714426755905 12.52997654676437 209.2587926015258 1065.823659703135 61.31130338460207 80.32886845618486 0.1331729590892792 0.2049327045679092 0 38.12374222278595 15.7526413500309 17.77016016095877 5.875791907310486 9.503015004098415 1.87277602404356 1.346948266029358 8.764659658074379 2.066663503646851 0.2086749821901321 505.632708504796 308.0693928301334 494.9685757234693 51.05510043352842 4.93686667829752 3.021968841552734 48.65186966955662 0.2536652609705925 3.879304513335228 24.71097514033318 0.5599672272801399 10.01854755729437 14.84581419080496 8.180884256958961 0.5675250217318535 1.544930510222912 0.2976206839084625 1.221531502902508 0.8281778693199158 1.734921060502529 0.7688275128602982 0.5004681646823883 121.7192090898752 0.1824627071619034 0 0 764.6593127250671 1.472706258296967 0 2.124767452478409 2.876357719302177 4.13134491443634 30.26890540122986 1.619236916303635 4.267743512988091 58.74519629776478 11.90755987167358 4.313304111361504 32.10221213102341 24.25362844765186 37.52991932630539 27.43759995698929 0.2384091019630432 0 0 0 0 0 0 0 0 0 0 0 0.1356191039085388 0 0 0 0 0 0 2.307981088757515 0.8224637061357498 0 0 0 10.1192824319005 0.9044900238513947 4.607052594423294 1.154358416795731 0.1199378743767738 0 0 0 0 0 0 0 0.7831003218889236 0.7605812922120094 0 0 0 0 0.144211009144783 0 0 0 0 0 0 0.4508821666240692 0 12.96414712071419 0 0 0.1147451847791672 0 0 0.1666901409626007 0.1570011675357819 0 0 18.15989498794079 0.1914290934801102 0 0 0.1733901500701904 8.866014376282692 7.856524989008904 6.634653940796852 0.3106756508350372 0.1153780668973923 0 0.251043975353241 0.655168890953064 0.1666128635406494 0 0 0.2159043103456497 0 0 0 0 15.14224222302437 1.236712470650673 4.045450784265995 523.744579911232 49.15520010888577 722.8158847764134 112.202836535871 1049.105825103819 213.7395534440875 4.246509224176407 86.75084508955479 7.592903405427933 0.6343005672097206 4.90153119713068 0.4545325934886932 6.747233226895332 0 0 2.215127527713776 2.611932575702667 0
684.6338370740414 1484.988858997822 0 4.214503407478333 1116.48261179775 71.12217269837856 307.3946646153927 1325.629463590682 2576.152861274779 3.631061039865017 1691.338920861483 18.30455431342125 250.7346516102552 1228.190458327532 107.5920713543892 46.21775924414396 3.270728044211864 2.391154654324055 2.212041288614273 31.96447821706533 111.2272579148412 0.5963826179504395 0.7764399349689484 1.527737691998482 0.3199590668082237 3.522145196795464 0.5700164213776588 2.793502315878868 2.232433013617992 0 6642.011313125491 1081.451149098575 50.96665983647108 5.075992003083229 4.555228143930435 0.673480823636055 18.3755476847291 5.402739681303501 5.766424924135208 1.875216573476791 6.579693637788296 11.04697412252426 11.69979602098465 3.77370323985815 10.31962885707617 8.896666035056114 183.464367672801 20.41035947203636 3.018873862922192 19.67679335922003 4.612306229770184 0.6084173992276192 0.1984436959028244 9.296928837895393 9.625663727521896 11.65559358894825 191.1962020844221 1621.518669679761 46.71980991959572 90.02050624787807 5.445728570222855 6.889513149857521 0 421.745922408998 23.23459229618311 27.7729352042079 8.783923305571079 41.15726032108068 79.77543921768665 60.08846601098776 18.38729018718004 3.954451024532318 0.1186739206314087 452.5161217302084 472.3327497541904 665.2252297922969 194.6825258955359 80.83590799570084 189.6661243140697 584.2390016540885 196.3169638291001 373.6656733155251 20.85674311965704 0.7415335401892662 16.99014965444803 17.26842857152224 45.71456207334995 0.5786841735243797 2.662765108048916 0.3317722827196121 1.512811914086342 0.6597604751586914 14.40012697130442 2.636644877493382 5.764917053282261 31.39664041250944 0.6168160662055016 0 0.6341675445437431 376.8656805455685 0.3787125498056412 0 0.1469729095697403 0.5233917310833931 1.559732869267464 6.227962598204613 0.3659010082483292 0.8939009755849838 1.476425051689148 8.764535695314407 0.3694586157798767 18.70634634792805 11.75641894340515 16.08780641108751 24.61819298565388 0.2430391162633896 0.8423019796609879 0 0 0 0 0 0 0 0 0.5217171311378479 0 0.7877774834632874 0 0.3195724636316299 0 0 0.1579941958189011 0 0.5715504363179207 1.415315642952919 0.2404243350028992 0.1697858870029449 0.5074640959501266 15.95907001942396 2.551636658608913 11.20147082954645 5.172121122479439 1.906509146094322 0 0.1520612388849258 0.2261001765727997 0 0 0 0 0.6173375844955444 1.976123631000519 0 0 0.7772263884544373 1.438875466585159 0.6113715171813965 0.09961021691560745 0 0 0 0.2154931575059891 0 0.588850200176239 0.2560304999351501 13.85625243932009 0 0.4147297888994217 0.6771630719304085 0 0.3582686930894852 0.6023775637149811 0 0 0.9537339210510254 18.47192358225584 1.1352179646492 0.1851790845394135 0 0.3550571948289871 7.187913008034229 9.3618039265275 9.090579807758331 0.4008666574954987 1.283351339399815 0 0.4358664453029633 0.4122750014066696 0 0 0 0 0 0.4097194671630859 0 0 9.186970300972462 2.195493996143341 9.911964856088161 493.3159198686481 76.72150536626577 772.9371558576822 129.3888526856899 472.3601797744632 180.4364406093955 4.334693968296051 126.531630307436 15.67161819338799 1.40168147534132 7.112561821937561 0.9406581372022629 3.021652787923813 3.003990009427071 0 3.778479114174843 5.794590629637241 0.17308309674263
1160.302986979485 167.4135119244456 4.214503407478333 0 8.461310178041458 243.0528501719236 628.9193156212568 0.7298163324594498 8.078382931649685 845.1928288787603 0.4145055785775185 2168.104818329215 2719.108983576298 188.4924364611506 1.333552166819572 0.4025295749306679 0.1260756105184555 0 0 0 0 0 0 0 0 0 0 0 0.2132481932640076 0 3.13178476691246 0 0.9251049011945724 0 0 0 0.5388122498989105 0 0 0 0 0 0 0 0 0 5.348792046308517 0.2425192892551422 0 0.1265594810247421 0 0 0 0 1.421732366085052 0.7912203371524811 24.34114950895309 90.72494819015265 5.786950677633286 5.056565165519714 0 0 0 2.048687055706978 0.9025118574500084 1.243027068674564 0.1059426590800285 0.1065259948372841 0 0.1263963580131531 5.629998564720154 0 0 49.55783624947071 14.14510858058929 26.4496141821146 1.124240309000015 0 0 17.15340165793896 0 0 0.955298162996769 0 0.6403322890400887 1.21047792583704 0.3559791371226311 0 0.1114644184708595 0 0 0 0 0 0 153.7758903503418 0 0 0 47.96490073204041 0.2013392746448517 0 0.5283555388450623 0.1755198687314987 0 6.050489395856857 1.649366497993469 2.598974719643593 12.09192897379398 5.220444247126579 0.3112016469240189 15.36944518983364 12.89570489525795 13.11069916933775 7.411653637886047 0 0 0 0 0 0 0 0 0 0 0 0 0 0 0 0 0 0 0 0.5907592326402664 0.2237816900014877 0 0 0 2.978227980434895 0 0.8466649726033211 0 0 0 0 0 0 0 0.1123456954956055 0 0.1688718348741531 0 0 0 0 0 0 0 0 0 0.1514670252799988 0.1681174635887146 0 0 0 2.662446886301041 0 0 0 0 0 0 0 0 0 6.460025697946548 0 0 0 0 3.026970088481903 2.706937901675701 2.022176288068295 0.2664737701416016 0.2513379156589508 0 0.1869472563266754 0 0 0 0 0 0 0 0 0 5.089561603963375 0 1.05179488658905 54.96286906301975 1.71659042686224 44.87592607736588 5.532719500362873 294.4557939097285 14.71967122703791 0.3151144981384277 4.4879210293293 0.9534538388252258 0 0.5904495790600777 0.1495826989412308 7.163438901305199 0 0 0 0.3677015900611877 0
467.9445754140615 2046.543480023742 1116.48261179775 8.461310178041458 0 23.98290970921516 2969.972087644041 44.35414528846741 4354.21911110729 12.28938367962837 819.0728940293193 6.595976531505585 1594.703202724457 2288.534601949155 40.7174976170063 10.52668152749538 0.2716022580862045 0.5864052325487137 0 0.2683814615011215 1.757747560739517 0 0 0.4043629467487335 0 0.4256538599729538 0 0.475993849337101 0.8932239711284637 0 265.7078464105725 11.0831605270505 5.1007941365242 0.132069855928421 0 0.1191635578870773 3.61115837097168 0.3144997507333755 0.6787605732679367 0.8002616167068481 0.3261874914169312 0.4152911528944969 0 0.5224624425172806 0.215734675526619 0 80.03943924605846 4.475898757576942 0.4590760916471481 0.1846405118703842 0 0.141879603266716 0 1.442941442131996 3.796558558940887 4.648875966668129 38.15980388224125 133.7440577894449 19.95566046237946 36.03360074013472 0.0875212773680687 0.1061629578471184 0 32.28498424589634 8.377834476530552 4.903962425887585 2.086322642862797 5.336162589490414 1.633916616439819 0.9667134433984756 4.726191781461239 1.726724028587341 0 120.662998072803 101.7227176576853 224.4149411991239 43.16617227345705 8.117673307657242 1.320476695895195 10.42632913589478 0.4374162405729294 3.11068906635046 7.053953357040882 0.4358203634619713 4.159431271255016 6.177791625261307 4.921440482139587 0.1575873196125031 1.308651253581047 0.3672147542238235 0 0 0.6877415850758553 0.9023470729589462 0.9454816058278084 65.18235278129578 0.3649552166461945 0 0.1913751661777496 63.79726753383875 1.104137271642685 0 1.349367827177048 2.472257971763611 2.407040238380432 5.842249661684036 2.372233986854553 0.8769912719726562 4.957562565803528 10.89477330446243 1.637890577316284 36.00066958367825 26.87294122576714 35.74633151292801 34.24344374239445 0.1973120272159576 0 0 0 0 0 0 0 0 0 0 0 0 0 0 0 0 0 0 2.835131153464317 0.5775718092918396 0.3567411005496979 0 0 16.61332440376282 0 10.33338285237551 0.1699369698762894 0.2558638378977776 0.1348894089460373 0 0 0 0 0 0 1.206147730350494 2.522033929824829 0 0 0 0 0.1521077305078506 0 0 0 0 2.103517055511475 0 0.7472909092903137 0 17.51441840827465 0.414900153875351 0 0.5302994549274445 0 0 0 0.09925789386034012 0 0 26.58318366110325 1.121196448802948 0 0 0 13.33892515301704 14.50797797739506 12.05638900399208 0.9245755895972252 0.2980694472789764 0.5586903840303421 1.426595598459244 0.369843989610672 0 0 0 0 0 0 0 0 17.42128448188305 2.391000896692276 5.320246770977974 259.5557663887739 32.11898526549339 370.1756487265229 67.08881162106991 143.0406302809715 84.54533313959837 0.7439967095851898 60.95276039093733 3.755295038223267 0.6415486633777618 2.600474625825882 0.2745338082313538 4.457729086279869 0.5406333729624748 0 1.530771523714066 3.16358657181263 0.3966152369976044
354.3270727097988 304.5578806996346 71.12217269837856 243.0528501719236 23.98290970921516 0 250.3405264467001 5.023012481629848 18.74239973723888 973.790579944849 15.39631156623363 316.3235812932253 345.6724145337939 104.5945383012295 0.7468835264444351 0.1326037347316742 0.1520059853792191 0 0 0 0.1240822896361351 4.328129336237907 0 0 0 0.227824941277504 0 0 0 0 20.15434639155865 0.1874131411314011 79.78973682224751 0 0 0 84.33790388703346 2.387395575642586 3.78751377761364 0.20294189453125 0.3750730752944946 0 0 0 0 0 0.1780964434146881 0 0 0.2597762644290924 1.090948432683945 43.1930970698595 7.388798460364342 2.068924531340599 0 0.548870250582695 410.745403021574 61.41791620850563 5.201800107955933 0.4178816825151443 0 26.06940424442291 0 0.4928882420063019 0.1412363648414612 0.2154330834746361 0 0.107880525290966 0 0 443.851640984416 343.4949868768454 31.60609813034534 4.981480069458485 1.291945666074753 3.030701115727425 0.6662879586219788 0.2762417048215866 0.4326614141464233 74.39914464950562 0 10.15468922257423 0.254645824432373 4.686145201325417 0.1436893045902252 5.639413632452488 0.3335408866405487 41.65901247411966 32.36801117658615 27.01767039299011 2.947306111454964 21.86854557693005 0 0 2.165916129946709 787.1021812409163 106.1017040163279 66.73978215456009 20.15453892946243 374.5968705713749 0 0 0 0 0 1.068068206310272 0 0 2.934352338314056 0.1739279329776764 0 0.5651962906122208 0.4293141663074493 0.5404451936483383 2.038196533918381 0 0 0 0 0 0 0 0 0 0 0 0 0 0 0 0 0 0 0 0.231959193944931 0 0 0 0 0.5534436106681824 0 0.8497659713029861 0 0.1899733245372772 0 0.1319509446620941 0 0 0.311242401599884 0 0 0 0.1579518616199493 0 0 0.6827168464660645 0.8020645529031754 0.2924614250659943 0 0 0 0 0 0 0 0 0.4595512449741364 0 0 0 0 0 0 0 0.3116170167922974 0 0.6812529265880585 0 0 0 0.6970980167388916 0.1414600759744644 0.1592129021883011 0.5351107716560364 0 0 0 0 0 0 0 0 0 0.3556682765483856 0.8611969202756882 0.2090367078781128 0 0.6622999012470245 0.412784606218338 0.5857017040252686 9.027494974434376 1.020459249615669 6.165943793952465 1.142124369740486 275.2199621200562 2.069146826863289 0.5489985346794128 1.431185632944107 0.942586749792099 0.1989730000495911 0.2250355333089828 0 0.2268362790346146 0 0 0 0 0
1049.556152492762 3871.04690644145 307.3946646153927 628.9193156212568 2969.972087644041 250.3405264467001 0 41.60611160099506 802.815566547215 1081.729099318385 149.0905401483178 346.7186038643122 4297.544971875846 554.8668069168925 61.12674650549889 17.98024971783161 0.5741174966096878 0.1384892612695694 0.7751051709055901 0.7724784016609192 2.216707274317741 0 0 0.1407953500747681 0.1327360570430756 0.540593296289444 0 0.8753531202673912 1.916812062263489 0 96.03542238473892 16.04103553295135 11.03989803045988 0 0 0 8.618448853492737 0.1375995576381683 0 0.1680256426334381 0.1808423548936844 1.336088202893734 0 1.126871913671494 0.8078016489744186 0 119.4412765651941 6.829683735966682 1.802243731915951 0.3806773126125336 0.6010702922940254 0 0 0.8225760757923126 5.235743135213852 6.965376399457455 87.02025314420462 257.2146618962288 33.4108135253191 49.29882089048624 0 1.283041298389435 0 44.13507550954819 10.89529328793287 8.547252878546715 3.218773536384106 6.75050637871027 2.326686158776283 1.345751211047173 21.89921221882105 2.448974549770355 0 247.4674258604646 152.7881629988551 338.9786445125937 65.15011020004749 7.562468975782394 1.220566317439079 32.16132945567369 1.420877851545811 5.13983990252018 14.05044261366129 0.1001691222190857 5.476648956537247 6.629176519811153 6.084172748029232 0.2369425445795059 0.6678494811058044 0.3262873962521553 0.6318904012441635 0.7285526022315025 0.7332679033279419 0.6059443205595016 1.939360342919827 643.5538686811924 0 0 0 61.27177530527115 4.812918111681938 6.806798182427883 38.52372866868973 17.10134999454021 10.46116942167282 66.12719605863094 18.69717220962048 22.97489362955093 55.87757109105587 83.47263880074024 6.850601270794868 264.8115875348449 133.8384967297316 185.2372334003448 148.5850255265832 0.8561920970678329 0.2898053377866745 0 0 0 0 0 0 0 0.1123633831739426 0 0 0.4211340546607971 0 0 0 0 0.3061882853507996 0 8.539688214659691 7.4462561160326 0 0.2481397539377213 0 40.98270106315613 2.565332293510437 32.32825218141079 0.7539430111646652 0 0 0 0.5442032217979431 0 0 0 0 3.020790204405785 6.827083215117455 0.3158263862133026 0 0.2614049017429352 0 0.4483611583709717 0.5895633399486542 0.143754854798317 0.1233048215508461 0.1491365134716034 4.228935070335865 0.3732811212539673 1.235506057739258 0 57.33687750250101 0.6123641580343246 0.1237313598394394 0.6021322980523109 0 0 0 0 0 0 96.95600413531065 0 0.2216924577951431 0 0.3132199645042419 47.30695997178555 33.83077159523964 30.02863909304142 2.585545420646667 2.471470572054386 1.263604402542114 0.814324215054512 1.760927259922028 0 0 0 0 0 0 0 0 120.8001379370689 4.150694534182549 14.6853860616684 551.942422285676 46.72688740491867 620.9596719220281 88.80436266213655 641.2970112785697 165.2507463768125 2.642982922494411 119.1308202594519 19.24352090805769 0.9643011391162872 15.19793538749218 3.004724964499474 34.89596993476152 1.932027697563171 0 5.007135227322578 5.119215622544289 0
27.92638130486012 34.18440506607294 1325.629463590682 0.7298163324594498 44.35414528846741 5.023012481629848 41.60611160099506 0 1886.929460607469 3.751977510750294 2272.864701241255 21.79229678213596 242.4568458274007 1460.863387413323 205.9783255532384 116.3255280032754 3.703272603452206 7.852321058511734 2.278357535600662 66.35753762722015 272.1939682140946 0.7897792756557465 2.650652252137661 6.965505301952362 0.3608409985899925 17.36283895373344 1.596640013158321 6.919810831546783 3.637612544000149 0.3579736724495888 914.4016930013895 1772.460707195103 101.7844111844897 13.08700187504292 10.78739084303379 3.148900702595711 40.17935310304165 12.26799605041742 7.185818165540695 3.747560001909733 20.86685498058796 27.01863934099674 21.02731432765722 5.136501476168633 25.84734705090523 21.5600469186902 250.404622733593 23.68614471703768 3.878040619194508 32.79643570631742 5.623017862439156 1.221507951617241 0.1350385993719101 17.82629512250423 6.952844627201557 8.518315538764 46.39483462274075 208.2694444209337 24.02745064347982 77.98536795377731 20.44231093674898 11.10794570297003 1.918819099664688 406.8002955541015 18.67350162565708 32.1112919896841 9.4114980250597 60.9261646643281 164.7472713142633 127.1294384226203 35.34814217686653 9.078982532024384 0.4070509970188141 175.6756894737482 324.5410752594471 713.0310735106468 413.3278442174196 297.9910520538688 1602.185335457325 2416.189493745565 757.2773218750954 1822.074559286237 19.13393710553646 0.4704749286174774 16.88293844461441 12.85190883278847 73.42340717464685 0 3.885228089988232 0.8434342294931412 1.280142717063427 1.547841787338257 35.90624852478504 2.325445584952831 7.832830846309662 32.43556835502386 1.724641665816307 0 2.833888366818428 14.7621079236269 0.1675118952989578 0 0.8783567622303963 0.4637960195541382 1.132231444120407 4.05337343364954 0.8217907249927521 0.7763947397470474 2.170100502669811 3.025958374142647 1.157908901572227 15.40080910921097 11.72379691153765 18.44393926858902 26.22630986571312 0.2890782281756401 0.3468888998031616 0 0 0 0 0 0 0 0 0.6314268559217453 0 3.37053345143795 0.4501281976699829 0.904973953962326 0 0.3196335732936859 0 0 0.4413867890834808 1.659637793898582 0.1192294657230377 0.4206468909978867 0.3611778914928436 22.52819356322289 6.184950076043606 21.68725115805864 15.35953056067228 4.851554922759533 0.4879336655139923 0.3089624792337418 0.5394505709409714 0 0.8791292011737823 1.001921981573105 0 1.651861727237701 2.693135119974613 0.09731964766979218 0.1777226775884628 1.464482560753822 1.753334537148476 2.768133997917175 0.19821797311306 0.268532782793045 0 0.1074078679084778 1.283573046326637 0 6.501232326030731 2.221571654081345 18.8605494722724 0.4655361771583557 1.001563109457493 0.8261630535125732 0 0.2409962043166161 0 0.3099644333124161 0 1.577385559678078 28.45918820053339 1.492242947220802 0.106684148311615 0.19280706346035 0.8505879044532776 12.1567996442318 15.08430396020412 14.84205065667629 0.6887184381484985 0.8626651763916016 1.072538793087006 0.1414179503917694 0.1359582245349884 0.2032371759414673 0 0 0 0.1382597088813782 0.1324438452720642 0 0 7.216201215982437 4.658128216862679 23.51068944483995 553.3686404600739 96.87112426012754 817.6039037033916 172.8687320500612 96.66566002368927 127.7363489493728 3.286846362054348 193.335916750133 24.25786569714546 2.068177320063114 10.0150957480073 1.424554012715816 12.71323762089014 2.085864573717117 0 7.916473850607872 13.43961160629988 1.336215898394585
90.65795256197453 1166.274104230106 2576.152861274779 8.078382931649685 4354.21911110729 18.74239973723888 802.815566547215 1886.929460607469 0 52.170484341681 4916.202406443655 41.21216327697039 2532.243790529668 5397.924391821027 54.78613133728504 19.03588070720434 0.3456688150763512 0.3078053295612335 0 0.605412632226944 4.575709320604801 0.3975760340690613 0 0.5236895382404327 0 0.9547941908240318 0.6632466614246368 0.8031191304326057 1.049607753753662 0.115774117410183 210.5617460757494 16.43369223177433 36.83842092752457 0 0 0 9.018277570605278 0.8079524487257004 0.3899939209222794 0.3543362617492676 1.375684835016727 3.0847407579422 0 0.3871002122759819 0.3534365296363831 0.4111871719360352 75.68647579848766 3.261857129633427 1.018990717828274 0.9255469217896461 0.3625349849462509 0.1445740461349487 0 2.134371176362038 1.910092569887638 2.584225542843342 19.96385517716408 66.67567331343889 7.700356505811214 17.70145799964666 0 3.842174291610718 0 50.8863914385438 4.002976708114147 5.404439203441143 1.01188800483942 4.20288847386837 3.476314447820187 3.369328856468201 16.6819811463356 1.627832621335983 0 64.07085293531418 67.12890274077654 171.3119187355042 73.80472750216722 13.77721460908651 4.100165352225304 266.3353235423565 2.156679771840572 8.358663879334927 5.634544655680656 0.09594643861055374 2.963303908705711 3.882307216525078 3.627879418432713 0.2472509890794754 0.5661416947841644 0 0.4643078446388245 1.024484612047672 1.837553888559341 0 1.446508057415485 184.2096149027348 0.2315538376569748 0 0 22.36530781537294 1.688954383134842 0.2744320929050446 5.714253053069115 2.531974792480469 6.495994582772255 14.92961719632149 4.251083314418793 9.1490847915411 17.23630686104298 29.86592100560665 6.878543645143509 74.65677237510681 54.05330810695887 71.56971006840467 79.03137618303299 0.6807681918144226 0.2454785257577896 0 0 0 0 0 0 0 0 0 0 0 0 0 0 0 0 0 5.274700500071049 2.900559827685356 0 0 0 29.15606318414211 1.048127874732018 24.99892747402191 1.408021956682205 0.3394696712493896 0 0 0 0.8809820413589478 0 0 0 0.2504337504506111 3.499167114496231 0 0 0.1936779022216797 0 0 0.3248295783996582 0.9735092371702194 0 0.2880273461341858 2.182277269661427 0 0 0.600525364279747 33.49767008423805 0.5513237714767456 0.3102858811616898 0.5476826429367065 0 0 0.1595129072666168 0 0 0 62.92209938913584 0.7640354037284851 0 0 0 27.60002285242081 25.66150053590536 15.98067489266396 0.6318861767649651 1.257703758776188 2.040466010570526 0.9843333810567856 1.424146272242069 0.2205028682947159 0 0 0 0.07613031566143036 0 0 0 32.79269553720951 5.602482371032238 9.105041190981865 327.3830728903413 38.50219643861055 328.4445385634899 75.07826989144087 103.45387840271 69.03983289003372 0.7219890654087067 96.05979584157467 12.03861594200134 0.760336697101593 13.84529326111078 0.6805348321795464 12.53144933283329 2.647043749690056 0 4.877468757331371 4.890293970704079 0.6244051456451416
1928.817929178476 405.1897604614496 3.631061039865017 845.1928288787603 12.28938367962837 973.790579944849 1081.729099318385 3.751977510750294 52.170484341681 0 5.422179408371449 2110.765719927847 3581.096044495702 997.7602217048407 2.810544818639755 1.099666349589825 0 0.1354764848947525 0 0 0 0 0 0 0 0 0 0 0 0 6.129730679094791 0.4641316682100296 32.8945080190897 0 0 0 8.202856406569481 0 0 0 0 0 0 0 0 0 6.842225350439548 0.1114594861865044 0 0 0 0 0 0 1.176881529390812 1.224657885730267 49.42904702574015 131.2288786768913 6.368445470929146 4.399051822721958 0 5.013181149959564 0 2.129506036639214 1.920668572187424 2.354701735079288 0.3539081662893295 0.8808439895510674 0.1023935973644257 0 72.59621840715408 0 0 67.85538893938065 18.62032245844603 39.81922900676727 2.555613830685616 0.2068381905555725 0.1501600593328476 288.9485137611628 0 0.2323661670088768 3.012368567287922 0.1179043129086494 0.6860933601856232 1.860532715916634 1.556734718382359 0 0.09498178213834763 0 0.1392550021409988 0 0.216685488820076 0 0 1106.181334242225 0.7025240659713745 0 0.4953151643276215 162.9101719260216 1.127169765532017 3.554799392819405 6.192187801003456 8.302640020847321 6.761375740170479 32.62261161208153 8.814320668578148 15.84605905413628 40.99986405670643 39.34598498046398 7.810500130057335 115.9808927029371 67.94196245074272 113.6043361723423 72.20261871814728 0.139360785484314 0 0 0 0 0 0 0 0 0 0 0 0 0.1434978097677231 0 0 0 0 0 6.34406903386116 2.551152601838112 0 0 0 23.45654825866222 0.1603127270936966 12.4692800194025 0.3072302043437958 0 0 0 0 0 0 0 0 1.207731746137142 1.101618736982346 0 0 0 0 0 0 0 0 0.6156387031078339 0.9023468643426895 0 0 0 23.59061358869076 0.1519026756286621 0 0.1939990147948265 0 0 0 0 0 0 61.14283184707165 1.374154195189476 0 0 0 22.91118218004704 7.487177558243275 12.64671856164932 1.377221308648586 1.262312203645706 1.273130960762501 0.433827817440033 0.4220287799835205 0.3960182070732117 0 0 0 0 0 0 0 77.50241748988628 3.580439977347851 5.419787600636482 134.9206137880683 2.112977720797062 58.00581447780132 6.383936166763306 819.7555936872959 26.27427271008492 1.08000385761261 8.2462547570467 5.744468986988068 0 7.289824798703194 0.7976744845509529 12.39131167531013 1.57507586479187 0 0.6879988312721252 0.1767387837171555 0
114.6655472144485 235.2595541477203 1691.338920861483 0.4145055785775185 819.0728940293193 15.39631156623363 149.0905401483178 2272.864701241255 4916.202406443655 5.422179408371449 0 33.21236464381218 479.1615516990423 2229.62985894829 182.8066381961107 124.1255467608571 5.349244855344296 1.644872076809406 0.7510234117507935 14.34573788940907 98.45057485997677 0.4977768808603287 3.341765396296978 6.01752346009016 0.6244855225086212 11.07642974704504 1.184864580631256 3.832165077328682 4.28509321808815 0.3155586495995522 377.7159927710891 559.7184563502669 1049.339927196503 4.620833784341812 7.740727879106998 1.770109266042709 293.2438718602061 84.01527082920074 25.87698785960674 15.85372706502676 32.59574839472771 18.26726369559765 3.414234176278114 2.843394435942173 6.059155039489269 1.795370519161224 191.3893030956388 6.862618111073971 1.989729180932045 6.175825349986553 2.024902775883675 1.288465768098831 0.1318929195404053 6.9545758664608 4.668297365307808 5.482879966497421 28.9634108170867 101.3607136756182 16.52487125247717 38.90046186745167 2.951514586806297 121.7265625596046 1.605506762862206 143.3771850392222 8.489235833287239 10.00479900091887 5.460063584148884 26.89711167663336 54.87252070754766 48.67063385993242 102.9907589405775 13.38987323641777 0.1190725937485695 90.21905120462179 123.4227181971073 395.564933359623 238.091878965497 81.65221263468266 355.6485780924559 922.4554637297988 51.58091792464256 253.0741890594363 9.162243150174618 0.1837685331702232 6.790447778999805 6.665544137358665 18.56281810998917 0 1.217291995882988 0 0.586844377219677 1.036232993006706 18.5052625015378 3.848444730043411 5.725881956517696 85.3558651432395 4.694991812109947 0 4.17622022330761 37.13478986173868 1.403432540595531 0.8442883044481277 1.059857606887817 1.164787575602531 3.413835726678371 4.95610374212265 1.373800151050091 4.252744644880295 4.169407054781914 5.310101017355919 2.711883082985878 32.90599497407675 24.37431269884109 36.40887591987848 55.52472298592329 2.48985430598259 1.551429003477097 0 0 0 0.1527014374732971 0 0.1467975527048111 0.1736372858285904 0.2679897472262383 0 0.2000787854194641 1.85565859824419 0 0.5134565830230713 0.1495849788188934 0.6499898731708527 0.5084471255540848 0.2996316254138947 3.32363536208868 4.364579528570175 0.1276292204856873 0.2619985342025757 0.2365844175219536 50.92907879501581 7.485360644757748 39.47345690429211 13.7153851762414 3.06736758351326 0.409054309129715 0 0 0.4995948672294617 0 0.4554907530546188 0 1.205403536558151 4.161285646259785 0 0.2980188429355621 0.1605817228555679 1.25368807464838 0.3820372521877289 0.1914272233843803 0 0 0 2.366743206977844 0 4.454033434391022 1.101058229804039 37.70905772596598 0.7989653050899506 0.2090898603200912 0.6664086654782295 0.109905868768692 0.3943047598004341 0.3363145887851715 0 0 0.2007807493209839 64.75202857702971 1.60053052008152 0 0 0.4656635820865631 34.27701362222433 40.17172242701054 33.3357865139842 2.040604710578918 1.498442187905312 2.123379901051521 1.407293438911438 1.691692844033241 0.7018182426691055 0 0 0 0.1309822648763657 0.2860128059983253 0.101184256374836 0 19.23163418471813 13.26272352784872 48.57848105579615 544.2576669454575 74.6321058422327 641.9519539996982 150.8504821956158 116.2637412697077 103.6865500211716 2.496605888009071 203.8693446218967 26.39573869854212 2.138264030218124 17.2194982022047 2.872687183320522 15.18279755860567 2.666635446250439 0.130692720413208 6.71961922198534 12.62569292634726 0.1652221530675888
517.7767720893025 158.4111491143703 18.30455431342125 2168.104818329215 6.595976531505585 316.3235812932253 346.7186038643122 21.79229678213596 41.21216327697039 2110.765719927847 33.21236464381218 0 2153.064160138369 660.3857121393085 7.740276247262955 5.01188825070858 0.1915643811225891 0 0 0 0.1711375415325165 0 0 0 0 0.4812507629394531 0 0.3443431258201599 0.1380959898233414 0.1290672272443771 3.462869815528393 0.2978155612945557 33.63015235960484 0 0 0 56.69678363204002 0.2140132933855057 0 0.2263098508119583 0.7042351365089417 0 0 0 0 0 7.212996207177639 0.1199435517191887 0.1684850603342056 0.28146892786026 0 0 0 0.3687098324298859 0 0.1864017397165298 11.4055902287364 19.1525047570467 0.9066406190395355 1.686569005250931 0 6.938058272004128 0 3.584464058279991 0.3020946905016899 0.2608214691281319 0 0.2366934791207314 0.6098042577505112 0 217.6786569058895 5.816690772771835 0 13.51694867759943 2.640538930892944 14.11935628205538 6.662556871771812 2.345018088817596 0 325.4175465255976 0.2683180868625641 0.5092895478010178 0.5887616127729416 0 0 0.3934796452522278 0.2304696142673492 0.1561040580272675 0.090952068567276 0.1148826628923416 0 0 0 0.1928504407405853 0 2087.334061928093 22.23980590701103 0 2.154930725693703 31.82877769321203 5.407041110098362 5.411181420087814 7.428630508482456 10.95802345871925 11.86492612957954 54.56509214639664 11.26363342255354 11.32178404927254 36.5900057554245 46.19774514436722 10.91443488001823 169.8411012664437 120.0469049811363 195.2610951811075 172.1281986385584 0.6962664648890495 0.5075389444828033 0 0 0 0 0 0 0 0.1268396228551865 0 0 0 0 0.1347423791885376 0 0 0 0 7.671684473752975 6.542697831988335 0 0 0 75.68369113653898 1.473225697875023 36.20499393343925 2.421970009803772 0.1538598090410233 0 0 0 0 0 0 0 4.151472568511963 3.706422425806522 0.1058329716324806 0.3287403136491776 0.3932977765798569 0 0 0.1839286834001541 0.7492002248764038 0.1987894326448441 0.2953397184610367 4.431008890271187 0 0 0.5726613402366638 77.90946363657713 0.787808746099472 1.206004321575165 2.33279775083065 0.17637799680233 0.1357303112745285 0.1617904305458069 0.2473298311233521 0 0.2167043536901474 123.7123347222805 1.216306313872337 0.2472763359546661 0 0.1579338014125824 68.78774300962687 29.91128661483526 38.77348306775093 3.526312880218029 3.098863542079926 3.2392508238554 0.2371885776519775 0.7849502339959145 0.1494683474302292 0 0.4846353977918625 0 0 0 0 0 114.2182202860713 10.71574298292398 17.8483846783638 87.41366862505674 3.623318828642368 36.39398840069771 7.279705226421356 161.3434407785535 6.908330827951431 0.2599372565746307 15.87106065452099 22.05767399817705 0.6450732946395874 19.57948465645313 2.565919905900955 24.24781093001366 3.314374923706055 0 3.95111520588398 0.2586440443992615 0
838.4154910668731 2304.350536674261 250.7346516102552 2719.108983576298 1594.703202724457 345.6724145337939 4297.544971875846 242.4568458274007 2532.243790529668 3581.096044495702 479.1615516990423 2153.064160138369 0 3902.462514661252 36.48544706404209 17.92853676527739 0.2001931518316269 0 0 0.2584501802921295 2.09212501347065 0.5701183900237083 0.1146358400583267 0 0.1693769693374634 1.012381032109261 0.1142697483301163 0.8694659247994423 0.3892109394073486 0 48.27377391606569 10.91350142657757 30.65595990419388 0 0 0 14.65881621092558 1.003306105732918 0.1632417440414429 0 0.1727922856807709 1.298540458083153 0 0.1060788631439209 0.120949387550354 0 48.96019058674574 0.8295986130833626 0.5282096788287163 0.187581479549408 0.1287732869386673 0.626822367310524 1.592849478125572 1.463681481778622 1.461194396018982 2.636471763253212 29.34264682233334 95.39471143484116 8.471790455281734 14.16384538263083 0.09393102675676346 1.742992922663689 0 28.52310667932034 2.601816974580288 2.767927892506123 1.825061224400997 2.4299246519804 1.926754139363766 1.322690278291702 39.30054305493832 5.115435406565666 0 63.04710962623358 40.42396704107523 109.212059520185 43.91446905583143 11.4321890771389 0.4311685860157013 104.1781203076243 0.3148095458745956 3.56621440500021 4.523099049925804 0.1316779553890228 1.127231620252132 1.825748465955257 2.174025341868401 0.2845950871706009 0.2015416175127029 0 0 0.1795937716960907 0.7389122173190117 0.2516350448131561 1.795789286494255 1612.08222989738 5.490907341241837 0.6942888051271439 2.042811453342438 48.96749775856733 8.066771849989891 6.845866516232491 17.1290710568428 18.76184891909361 18.38051506876945 88.86601649969816 17.43211593478918 28.85795400291681 65.41622139513493 108.9341777563095 18.49366796016693 330.3714210018516 225.1021705120802 311.1495669260621 252.8004169240594 1.06434977799654 0.8655715733766556 0 0 0 0 0 0.1393711119890213 0 0.1172478049993515 0 0.1502022743225098 0 0 0.3013313487172127 0 0.4067137390375137 0.4952671527862549 0 20.57069623470306 9.983290299773216 0 0.2920440137386322 0 99.94965329021215 2.396579727530479 57.71469561010599 2.200836963951588 0.1280553489923477 0 0 0 0.2354161888360977 0 0 0 4.426346071064472 4.064093239605427 0.3258679807186127 0.1432729363441467 0 0 0 0.8382264673709869 0.909135490655899 0.09831861406564713 1.901689566671848 7.748852498829365 0 1.000148057937622 1.686427801847458 110.3792714178562 1.011182554066181 1.829291276633739 2.264733076095581 0.1750417351722717 0 0.2660774886608124 0 0 0.3221362829208374 203.4466923624277 1.001973927021027 0.2056049853563309 0.3396991789340973 0.803011879324913 98.16634482890368 65.24924466758966 52.4367838576436 7.024706520140171 6.633267134428024 5.51006656140089 1.510925151407719 1.67539668828249 0.2921518981456757 0 0 0 0.3037318289279938 0 0 0 189.524581193924 10.76693022996187 26.44264464080334 290.6511504948139 24.9903607070446 238.8815509080887 51.59531906247139 416.1230193898082 52.34933972358704 1.295752845704556 77.36530230939388 23.7907694876194 1.764019563794136 34.60198444873095 3.398920156061649 48.16332350671291 5.912155918776989 0 5.522656962275505 4.722865037620068 0
