0 2445.213405869901 409.3021377921104 1751.829043515027 42.93976138532162 103.7383359670639 447.3997625559568 41.92534211277962 32.01399274170399 1904.559906862676 422.0748250335455 36.65379565954208 154.9508664608002 18.70170488208532 1.563055142760277 0.9546134099364281 0 0 0 0 0 0 0.2459679394960403 0 0 0 0 0 0 0 617.8795987069607 12.99695707112551 5.269094653427601 0 0 0 26.47476803511381 0.6038640141487122 4.721566706895828 0 0 0 0 0.2152243927121162 0 0 21.62818413227797 4.857592582702637 0 0 0.2855957448482513 0 0 0 4.445660591125488 9.535840034484863 385.2951758056879 1578.315731026232 15.10482237488031 12.6157383993268 0.3578949272632599 0 0 18.50133534520864 5.72689213603735 2.318316556513309 0.3475585356354713 2.083900056779385 0.4809160828590393 0.2363852113485336 30.92782062292099 14.90296587347984 0.3209834396839142 128.6236355528235 34.08597825467587 65.33113988488913 6.693412631750107 1.15358529984951 1.565476924180984 3.313102148473263 0.5217023268342018 3.59377421438694 20.87849459052086 1.067982070147991 2.51224922388792 3.675232492387295 1.471355564892292 0.3185101449489594 1.873026698827744 0 0.4092422127723694 0 0.1158376559615135 0.1005642041563988 0.1613765507936478 246.9477957487106 25.61769324541092 0 8.613301366567612 1111.85156685859 0.3370522111654282 0 0.15122951567173 0 0.7004384398460388 3.177050784230232 1.708316504955292 4.355261206626892 1.176272794604301 7.201753526926041 0.4263500571250916 4.667879685759544 6.319444909691811 1.275509476661682 0.9975963160395622 0 0.2578586339950562 0 0 0 0 0.377575159072876 0 0 0 0 0 0 0 0 0 0 0 0 0.1862278282642365 1.619434684514999 0 0 0 1.09882952272892 0 0 0.2939130961894989 0 0 0 0 0 0.3308351635932922 0 0 0 0 0 0 0 0 0 0 0 0 0 0 0 0 0 1.317749977111816 0.576255664229393 0 0 0 0 0.2014738321304321 0.07265880703926086 0 0 0.9942312687635422 0 0 0 0.4237597435712814 0 0.8622749000787735 0 0.5304088592529297 0.6628820449113846 0 0.6684966087341309 0.7233114391565323 0 0 0 0 0.07845702767372131 0 0 0 3.708583533763885 0 0 405.5962402969599 20.17959988117218 141.0378353223205 27.46524862200022 1106.988094128668 49.15693819522858 5.14147824048996 22.39360637962818 3.410145878791809 0.407826654613018 2.639309279620647 0 2.44993132352829 0.5697681307792664 0.1795357018709183 0.5735128372907639 0.4321210533380508 0
2445.213405869901 0 2026.567659437656 1136.422373943031 2160.323356896639 312.4266949445009 1998.426443532109 281.061629973352 3091.67522919178 1117.577526800334 3884.253694355488 5.292107149958611 177.9508762285113 165.4777761697769 5.427780441939831 0.129982128739357 0 0.2937447428703308 0.1086977124214172 0.09229733049869537 0.1435942649841309 0 0.2272457778453827 0.09652047604322433 0.1092320159077644 0.3007697612047195 0 0.3570981174707413 0 0 4579.991493195295 48.19737593829632 12.94358872622252 0 0 0 36.08323422819376 0.7931504771113396 3.01456656306982 0.119827039539814 0.1395890265703201 0.7055033147335052 0 0.2049683779478073 0 0.3782823532819748 75.76892041414976 7.115943662822247 0.2704949080944061 0.3049398437142372 0.5371648371219635 0.2231026887893677 0.1313470155000687 0.5127076581120491 6.636267244815826 15.43772069364786 101.0611249804497 1188.747347354889 11.76201611757278 30.79309759289026 0.2988873720169067 0.9565362930297852 0.1018230095505714 120.8460508584976 9.750473171472549 4.411372385919094 1.672951765358448 3.61328049749136 1.148865170776844 1.981498636305332 18.97317626327276 6.661373130977154 0 173.4694903641939 127.0794710218906 168.9561820998788 61.29210994392633 6.017511188983917 2.732648923993111 40.50389044731855 1.689784839749336 9.855516828596592 24.21693576127291 1.133992873132229 5.577555499970913 6.685203783214092 2.305064775049686 0.07951682806015015 0.8911782056093216 0.2298214137554169 0.5439726784825325 1.213799439370632 1.097779303789139 0.3886476382613182 1.05343259871006 79.10096950829029 3.676431365311146 0 2.114019572734833 798.5768870413303 0.5131835266947746 0 3.121231362223625 0.8116993084549904 2.699524976313114 3.099123559892178 0.979743704199791 8.251580588519573 5.086118027567863 9.042531430721283 0.7306611239910126 18.17145197838545 14.74704691767693 7.442450761795044 8.465678654611111 0.3675883561372757 0.3060165047645569 0 0 0 0 0 0 0 0 0.1439700424671173 0 0 0.7556595504283905 0 0 0.3738890886306763 0 0 7.31782440841198 4.513869531452656 0 0.4108085930347443 0 2.993297256529331 0.6593036353588104 1.337425038218498 0 0 0 0.1138757467269897 0 0 0 0.5746785998344421 0 0.4128333032131195 1.193491496145725 0.1072466000914574 0.3041888624429703 0 0 0.3395526930689812 0 0 0 0 0.8705520182847977 0 0.09276041388511658 0.5122355371713638 3.485120303928852 0.1333847939968109 0.2028670758008957 0.1309424787759781 0.1009703651070595 0.09091117978096008 0.1790997460484505 0.2723154649138451 0 0 3.976358190178871 0 0 0.2306783124804497 0.2971088737249374 1.5727284476161 1.477601423859596 0.1452860534191132 0.2871301621198654 0.4171164184808731 1.786687262356281 0.7002341002225876 2.90670570731163 0.1698662936687469 0.1201260536909103 0.09023786336183548 0 0.614796482026577 0.1854887008666992 0 0 5.007604509592056 0.9239916950464249 0.6909577772021294 257.9804023727775 44.83658389747143 263.1708720996976 40.71586862206459 987.8899423405528 48.42223038524389 9.895866319537163 53.63103976100683 14.57632542401552 0.9938671961426735 8.512943670153618 0.8045279830694199 7.112264648079872 0.2519977688789368 0 0.4245883226394653 3.326191015541553 0.2980068922042847
409.3021377921104 2026.567659437656 0 56.17070406675339 521.7407747805119 6.106541335582733 531.7853510007262 1216.612120576203 1055.305720753968 71.42914481461048 2323.519218333066 19.60693596303463 154.6380230337381 586.8540251478553 16.50480878353119 4.775482065975666 1.980166912078857 2.620625272393227 0 18.11823187023401 37.10675283521414 0.4911383092403412 40.89461278170347 14.43673550337553 5.559871800243855 8.511324033141136 18.08374144881964 6.065983578562737 0.7451159730553627 1.363902397453785 4957.008265390992 496.8553988039494 273.0277818962932 17.72239498049021 32.84480542689562 6.362814389169216 503.414142459631 21.58764570951462 72.80412791669369 16.36234816908836 52.40427355468273 43.14560449123383 7.47077139467001 12.85708671063185 2.286471471190453 13.88370775431395 97.16288301348686 5.506339311599731 1.573469787836075 9.337162494659424 8.710899546742439 3.950322985649109 0.488519661128521 27.27234684675932 1.753711879253387 6.185363806784153 32.32697232812643 1033.506109312177 3.81690938025713 18.23311724513769 67.31816126406193 73.46523750573397 21.07140597701073 469.0663654953241 3.369984343647957 2.015577770769596 1.421460591256618 34.22348818182945 58.77574932575226 174.7507847771049 253.063471019268 137.4746795892715 0.6837784796953201 49.93321558088064 82.57399195432663 110.5489878430963 158.2180499657989 39.25732120126486 535.8305070847273 693.6421488448977 210.3007767796516 2891.136883310974 8.866020701825619 0.4531865939497948 1.993881508708 2.983412429690361 16.43873960524797 1.91468808054924 1.338284380733967 0.1239290460944176 2.127887032926083 0.5993550196290016 69.40357287228107 8.148251108825207 22.83536560088396 143.715947240591 107.7656243219972 0.9265315905213356 84.15081434696913 372.9957963228226 2.513723708689213 1.996804013848305 9.120850130915642 1.588355600833893 17.19038593769073 29.43602804839611 2.495909981429577 53.42829611897469 32.12952437996864 29.85031209886074 12.16210967302322 88.13806609064341 77.95213694870472 37.70278816670179 92.41492454707623 6.529912486672401 7.469963386654854 1.18334885686636 1.120972000062466 0.4206570386886597 0.3119035214185715 1.913959138095379 0.09468851238489151 0.3393305242061615 0.4757054001092911 2.588466055691242 0.1090888306498528 0.91339460760355 0.4184372052550316 0.09569632261991501 1.219995923340321 0.5750804990530014 1.134685978293419 0.2171333879232407 50.36892830580473 35.97040794044733 0.3181597366929054 1.91346812993288 0.4473535567522049 17.38176766037941 3.458698712289333 9.664078801870346 1.919758215546608 2.591544941067696 4.7804194688797 3.280617535114288 1.347332835197449 3.667637519538403 3.806904748082161 1.745958968997002 6.961802996695042 7.590000011026859 25.33661481738091 0.5522356852889061 1.283492214977741 2.862724512815475 0.8620993793010712 9.144401378929615 0.5305200517177582 2.851358719170094 0.7353201285004616 0.6182525306940079 7.762550286948681 0 5.033441334962845 7.796294584870338 56.99938569962978 9.583322077989578 2.189967811107635 1.780068226158619 0.9044935628771782 1.271062448620796 0.6393200978636742 0.1013590693473816 0.2495512515306473 6.069540992379189 81.52419103682041 6.430187575519085 2.02232364565134 0.7558493539690971 3.187491618096828 19.39012653380632 29.84048691391945 8.414099797606468 10.64377453178167 8.429726786911488 19.97013477236032 10.43123220652342 10.95405597984791 1.66386691480875 0.8125662580132484 0 0 0.9017732441425323 1.780582666397095 0.5871398225426674 0.2094848528504372 45.29686974734068 26.67426681518555 16.43789075314999 253.2845377251506 36.62674050033092 208.0494491383433 31.53841760754585 182.8946577683091 19.27902173250914 3.255249731242657 68.81153365969658 86.3127742856741 7.36973848938942 68.32281222939491 16.75537626445293 44.03432288765907 3.553674124181271 0.2363771200180054 10.190878495574 8.738111227750778 0
1751.829043515027 1136.422373943031 56.17070406675339 0 4.906331770122051 312.8987063169479 806.1417746916413 4.33510883897543 16.66135045140982 1829.973055437207 48.00337234884501 85.80308897793293 1037.3477499336 10.61882286518812 2.06287956982851 0 0 0 0 0 0 0 0.1561876833438873 0 0 0.1811936050653458 0 0 0 0 390.5764103606343 8.689923025667667 0 0 0 0 3.817289315164089 0 0.7593575268983841 0.09565865248441696 0.1631698906421661 0.2183689624071121 0 0.1926934644579887 0 0.1883722096681595 20.28291970491409 2.979486614465714 0.1113039925694466 0.08293191343545914 0.6437439918518066 0 0 0 2.720140144228935 5.569114789366722 37.24762693047523 322.1943104192615 7.173813492059708 9.74809755384922 0.8722546324133873 0.1631984859704971 0 37.89633222669363 4.089322380721569 1.558516651391983 1.031551137566566 1.119342185556889 0.1231337860226631 0.2806149870157242 4.047593250870705 1.600501909852028 0 62.16160860657692 42.56631065160036 66.31975207477808 16.32421147078276 0.2739485651254654 0 1.016218580305576 0.5057467743754387 1.107210740447044 12.06060150265694 0.4163659065961838 1.684657648205757 2.210776709020138 1.019484259188175 0.2973696663975716 0.4754102975130081 0 0.2504060864448547 0.28786800801754 0.1755065023899078 0 0.2639043554663658 96.29990828037262 2.353674322366714 0 0.7228107005357742 218.931080751121 0.681159645318985 0 0.4158671796321869 1.48244796693325 0.6613109409809113 2.407301016151905 0.632908433675766 3.804157495498657 2.767504043877125 4.278640061616898 0.6381560638546944 12.78857803344727 6.790353313088417 2.154329709708691 1.988245502114296 0 0 0 0 0 0 0 0 0 0 0 0 0 0 0 0 0 0 0 0.6425768062472343 1.219607517123222 0 0 0 0 0 0.2360608875751495 0.3459982573986053 0.4402875304222107 0 0 0 0 0.4174069166183472 0 0 0 0 0.09747893363237381 0 0 0 0 0 0 0.08841325342655182 0 0 0 0 0 1.373882964253426 0 0 0 0 0.0931888073682785 0.1001834198832512 0 0 0 0.6733357310295105 0 0 0 0 0 0 0.2514647245407104 0.1224857941269875 0 0.5049240440130234 0.4167879521846771 0.3818696439266205 0 0.1429197639226913 0 0 0 0 0.115010030567646 0 3.036539316177368 0 0.4407618641853333 141.3585887849331 20.10670953243971 102.0099984556437 14.96807640790939 676.1633012741804 17.34050811082125 2.75379367172718 20.20934343338013 2.285881564021111 1.076701164245605 0.4963419511914253 0.1449318379163742 3.93086513876915 0 0 0 0.4708124250173569 0
42.93976138532162 2160.323356896639 521.7407747805119 4.906331770122051 0 4.752640999853611 856.189608424902 103.8520372062922 3982.954332113266 102.0694974884391 948.1880356147885 16.03512628376484 723.5011086016893 151.6293342709541 13.8768325150013 0.4683819860219955 0.1097637042403221 0.4405617564916611 0.09057968854904175 0.3346846401691437 0.1151657551527023 0 0.7530862167477608 0 0 0.6103642359375954 0.2115790024399757 0.15700963139534 0.147746205329895 0.1445529609918594 389.5063678100705 49.89150888472795 4.893846549093723 0 0.4735641032457352 0.1338095366954803 26.758545614779 0.3453511968255043 2.526700004935265 0.4812536537647247 0.3657030910253525 1.731446713209152 0.244051456451416 0.8574632853269577 0 0.1010282039642334 118.4458667933941 3.668504193425179 0.1138690635561943 0.3508683890104294 0.3931851387023926 0 0 1.289151944220066 5.131863497197628 7.236641705036163 13.9592939466238 104.747433014214 3.151176296174526 27.13266102969646 0.8601891100406647 0.3038878738880157 0.1896683052182198 135.1472618207335 5.173473678529263 1.684789374470711 1.336329363286495 2.365937404334545 1.002865076065063 1.503373570740223 24.46458990871906 12.22898866981268 0 43.40535945445299 81.76812978833914 140.5257287099957 126.2502444982529 12.1921898573637 6.166913636028767 9.420866727828979 1.921663850545883 13.39835152029991 11.1906290948391 0.6683603450655937 1.748265393078327 3.364831693470478 1.822943486273289 0.07823362946510315 0.738581508398056 0 1.677157126367092 0.5492067113518715 0.806082546710968 0.4074044674634933 2.344772838056087 62.00226998329163 6.419870488345623 0 7.894720017910004 15.94586239010096 1.215006954967976 1.842499941587448 8.985482893884182 4.104318983852863 8.828104257583618 24.84030654281378 3.732779622077942 38.9199294000864 19.50166460126638 25.77566881477833 7.429526343941689 74.30251393467188 57.4264455512166 30.78390720486641 44.26237877458334 2.523512870073318 1.207232728600502 0 0.5504868626594543 0 0 0 0 0 0 0.09615622460842133 0 0.1400304585695267 0 0 0 0 0 0 19.81446586549282 11.96851094812155 0 0.3167110085487366 0 5.389415830373764 0.3506750836968422 2.365741059184074 0.09286767244338989 0 0 0.1014483571052551 0.2329679802060127 0.8173625916242599 1.0853106752038 0 0 2.538949847221375 7.900400467216969 0.1012289002537727 0.1657412201166153 0 0 0.1895021870732307 0.6707460135221481 0.7373538017272949 0.6944225057959557 0.1616168022155762 1.820973873138428 0 0.7531369477510452 0.9743862897157669 14.08816043287516 3.554106652736664 0.5379902720451355 0.938725434243679 0.08911793678998947 0.4050748720765114 0.1148298531770706 0.09215854108333588 0 0.1275014579296112 23.44806583225727 0.1361079961061478 0.1312348395586014 0.1755365207791328 0.4906363636255264 6.060946218669415 7.409872323274612 2.48955000936985 4.702536508440971 4.821876980364323 8.81384290009737 4.044038780033588 2.221974030137062 0.4870710745453835 0.2373615801334381 0 0 0.3719936311244965 0.08330861479043961 0 0 31.67322457581758 3.695498883724213 2.182071194052696 300.5691906511784 46.46827632188797 271.6843762025237 48.24789202958345 217.3611081391573 33.88924343883991 6.076643906533718 86.63552252203226 33.51466611027718 4.328801169991493 18.00061272084713 4.312883667647839 18.39983443915844 1.066698968410492 0 1.704598993062973 10.1091595068574 0.9761901497840881
103.7383359670639 312.4266949445009 6.106541335582733 312.8987063169479 4.752640999853611 0 79.18001089990139 2.432947382330894 9.182637631893158 569.8800772801042 7.028978079557419 96.86178506910801 62.6139385253191 10.88355979323387 0.3176114410161972 0.4504460096359253 0 0 0 0 0 0 0.1046580672264099 0 0 0 0 0 0 0 38.33056716620922 0.912116676568985 8.272549584507942 0 0 0 77.24543723464012 0.8360968232154846 21.00327704846859 0.5386829376220703 0 0 0 0.4424406290054321 0 0.4873122572898865 2.915448158979416 0.1074186190962791 0 0 0 2.381422728300095 0.4071866273880005 0 0.09464984387159348 0.310243733227253 93.29021468758583 47.60737711191177 0.3705208450555801 0.1487453430891037 1.128226906061172 2.350029960274696 0 3.884129866957664 0.108213022351265 0.08170707523822784 0.09258399903774261 0.1391364932060242 0 0 125.8256164193153 92.8306505382061 1.781546950340271 8.442865498363972 2.617484882473946 5.931452050805092 2.278583906590939 0.4378716945648193 0.4814950525760651 5.652539506554604 0.8216937035322189 2.896565034985542 0.7692167609930038 0 0.1339742243289948 0.1077900305390358 0 0.5285772234201431 1.548116832971573 0.6266753971576691 0 0 0 0 0 394.0344951450825 134.6166288554668 5.926811575889587 65.38547837734222 291.8668273240328 0 0 0 0 0 1.140840843319893 0 2.480401694774628 0.8507705628871918 4.430322930216789 0 3.192498162388802 5.457755371928215 0.1820185780525208 0.3716687113046646 0 0 0 0 0 0 0 0 0 0 0 0 0 0 0 0 0 0 0 0.1033880412578583 0 0 0 0 0 0 0 0 0 0 0 0 0 0 0 0 0 0 0 0 0 0 0 0 0 0 0 0 0 0 0 0.1392008662223816 0.218490943312645 0 0 0 0 0 0 0 0 0 0 0 0 0 0 0 0 0 0 0 0.4956124126911163 0 0 0 0 0 0 0 0 0 1.304989367723465 0 0 19.16839389503002 0.7107292339205742 11.50302642583847 2.118738673627377 144.8299877569079 1.698134578764439 2.603455007076263 1.21255949139595 0.4391033053398132 0.1218068152666092 0.5472186803817749 0 1.076228022575378 0 0 0 0 0
447.3997625559568 1998.426443532109 531.7853510007262 806.1417746916413 856.189608424902 79.18001089990139 0 80.40737618505955 874.9579747095704 2482.63685104996 557.5883170589805 192.4709860160947 1742.328537501395 742.3283766955137 23.04627215117216 2.184681408107281 0.8466932475566864 0.3649786710739136 0 0.2776526659727097 0.3682906329631805 0 0.1677103191614151 0 0.8485689908266068 1.066988557577133 0.2605972811579704 0.7393054142594337 0.140868753194809 0.09304597228765488 1162.034224897623 108.6960691735148 9.136032350361347 0.1026942878961563 0.3908491358160973 0.7038812339305878 53.99219510704279 0.6970716714859009 3.68703643232584 0.37640580534935 0.7219447195529938 1.023126825690269 0.5939509272575378 0.7119682282209396 0 0.3406236916780472 192.6627761349082 10.97127821296453 0.3235515654087067 1.639969371259212 1.309778325259686 0.102311983704567 0 1.34589759260416 8.505204580724239 19.87404734641314 73.24250327795744 504.7514465153217 12.79920258373022 53.2299692556262 1.719097569584846 1.581552542746067 0.8113439232110977 268.3046474978328 11.13953442871571 5.508513264358044 3.329091995954514 7.013001203536987 1.465193502604961 3.137591235339642 78.52475319057703 22.85672350972891 0 161.1336246803403 210.2591544985771 298.0160413905978 193.6597215756774 16.78388229012489 8.091798633337021 22.15731187164783 3.68132958561182 12.70001818239689 34.08938932418823 1.390648029744625 7.878172673285007 7.630524329841137 3.995870366692543 0.3537720143795013 2.797816090285778 0.3351051434874535 2.291291519999504 1.276367142796516 2.88686928153038 1.300008460879326 4.290951125323772 220.1070806533098 10.59909545630217 0.3481635227799416 9.127587646245956 124.1745156049728 2.341560833156109 1.062744483351707 11.46783082187176 3.045235529541969 15.56450409442186 34.45271392166615 8.440027616918087 63.84690219908953 32.40262134373188 48.06023672968149 12.17153934389353 119.2315144762397 101.1590682640672 50.84708073735237 70.13764686137438 2.201260648667812 2.929680898785591 0.1969947069883347 0.1781722456216812 0 0 0.3808656483888626 0 0 0.1316772699356079 0 0 0 0 0 0.3267186880111694 0.1891424506902695 0 0 28.88280188292265 21.17183265089989 0 0.1236747056245804 0 9.795978665351868 0.8981617391109467 4.970307692885399 0 0 0.257594533264637 0 0.1316184103488922 1.813805416226387 1.277987748384476 0.1534269452095032 0.2103040665388107 5.959509633481503 16.98133015632629 0.3405313715338707 0.1399838328361511 0 0 0.3542518615722656 0.8951079472899437 0.8317315727472305 0.4566473960876465 1.535233341157436 4.064460478723049 0 1.980390161275864 2.636939600110054 23.03088264912367 5.61914598941803 1.104695409536362 0.9554645568132401 1.071827352046967 0.9012249335646629 0.4746703952550888 0.4875575378537178 0 0.6665348559617996 38.32850972563028 0.6524799764156342 0 0.09033092856407166 0.2036241814494133 8.783059351146221 9.830466851592064 3.42058876901865 7.622758254408836 7.326022930443287 9.574543833732605 4.925678588449955 3.986659288406372 0.6049729436635971 0.4461022838950157 0 0 0.8047768771648407 0.08482842147350311 0.1119988635182381 0 53.1193618401885 8.296525359153748 5.399320930242538 563.4439614936709 96.25997626036406 527.8341977670789 88.2859551012516 732.7044252827764 68.09145721793175 15.93650522083044 158.3694438189268 59.94334497302771 5.557668156921864 37.62031167000532 10.06424213200808 40.20586923509836 3.148778542876244 0.123874805867672 5.758863210678101 15.549495883286 0.6431478261947632
41.92534211277962 281.061629973352 1216.612120576203 4.33510883897543 103.8520372062922 2.432947382330894 80.40737618505955 0 561.2678171768785 6.266959592700005 1513.39236112684 36.85677943378687 191.7506347224116 946.4646365866065 21.43087989836931 9.888273626565933 5.477292165160179 3.101503744721413 0.1329404711723328 14.95797172933817 20.63192068785429 0 12.37167078256607 3.147815704345703 3.486144416034222 2.141087651252747 4.908664561808109 1.321576736867428 0.7555055171251297 0.2615284770727158 606.3654941916466 494.9176778867841 575.3291653692722 11.73727913945913 8.237658709287643 5.293658711016178 706.9802250415087 15.55550490319729 52.0597712919116 14.91528059542179 17.56954126060009 10.89036573469639 8.224312886595726 38.48863835632801 5.244937792420387 36.66350691765547 128.9795075505972 2.786606080830097 1.621755979955196 9.673457153141499 2.250682771205902 0.640897810459137 0.5316276401281357 5.6336669921875 1.790183484554291 3.834980010986328 8.862098567187786 92.74837756156921 2.094082660973072 20.57970365136862 160.2895871028304 93.19284101575613 39.32107101380825 235.5937106907368 2.42090117931366 0.9726792648434639 0.9262673333287239 10.54414581507444 17.72940973937511 74.15577223151922 188.1974800229073 22.33592249453068 0 23.93290589004755 66.39955052733421 125.6638987362385 408.783661223948 148.4447972103953 713.5383477583528 1125.007757611573 884.0608946606517 3392.68328358978 4.929488450288773 0.2263415232300758 1.313366316258907 1.568305984139442 9.95737698674202 0.5880985856056213 1.176043607294559 0.1899207830429077 0.8219741880893707 0.5116601139307022 17.88201961666346 1.533136382699013 8.950961880385876 62.47880737483501 12.06326983869076 0.1795158088207245 22.57749307900667 13.37605433166027 0.8989898934960365 0.1206376999616623 1.930238783359528 0.7150231599807739 2.571500211954117 6.575017839670181 0.3894417881965637 8.96318493783474 8.018946900963783 4.72775773704052 3.099769935011864 22.53306856751442 22.84668513387442 10.09292364120483 17.95246731489897 1.245826244354248 2.052061796188354 0.4119936376810074 0.6363499909639359 0.2801457345485687 0 0.1085137873888016 0 0 0 0.4347309470176697 0 0.2774394080042839 0 0.1149337068200111 0.2390840649604797 0.6270075812935829 0.1596283614635468 0 7.408537305891514 7.536583133041859 0.1248384043574333 1.735507428646088 0.4207891225814819 2.438935160636902 0.3211177587509155 1.929151460528374 0.6698958352208138 1.526362478733063 0.6939846128225327 0.6527664065361023 0.6562761068344116 0.1048477366566658 1.816783539950848 1.323488354682922 1.220670618116856 0.879876583814621 3.998816750943661 0.120613195002079 0.7628073319792747 1.952294483780861 0.4141730964183807 1.748952306807041 0.2706873267889023 0.1014045923948288 0 0 1.185103207826614 0 0.3422456532716751 1.413242995738983 8.710489101707935 2.519939094781876 0 0.6575552001595497 0 0.3841525167226791 0.09400667995214462 0.08329232782125473 0 1.037016972899437 14.18828290700912 1.508041903376579 0.6185566484928131 0 0.8934901654720306 1.616396956145763 4.046664394438267 2.969344243407249 1.385465137660503 2.537368141114712 2.152387917041779 0.9563655108213425 2.192345023155212 0.2754020392894745 0.1121304258704185 0 0 0.1194148436188698 0.2126169726252556 0.140040397644043 0.1320028901100159 9.99557663500309 3.533171884715557 2.082750163972378 275.6059520989656 25.49376685172319 223.5178928896785 31.09777535498142 64.84662706404924 17.22445879876614 3.068375311791897 95.78194510936737 23.22636629641056 1.954323247075081 16.80398148298264 3.789797753095627 8.057275719940662 0.7101664990186691 0 1.712993092834949 10.60146100819111 1.906566418707371
32.01399274170399 3091.67522919178 1055.305720753968 16.66135045140982 3982.954332113266 9.182637631893158 874.9579747095704 561.2678171768785 0 91.49624030292034 3982.675818644464 66.61641220748425 2248.636368878186 2416.129696875811 16.22402996569872 1.933446995913982 0.2301257029175758 0 0 0.7788650840520859 0.3157709687948227 0 0.1075601577758789 0.361249104142189 0.1153882145881653 0 0.3006581664085388 0.1796985119581223 0.1492583304643631 0 326.4405838623643 51.6109119951725 14.96358360350132 0 0.656223326921463 0 135.9522733166814 1.020178385078907 1.371043883264065 1.044185310602188 1.30977426469326 2.124604381620884 0 0.6309637129306793 0 0.3501424491405487 127.284164711833 1.993922092020512 0 0.2865970358252525 1.033841170370579 0 0 0.4915925785899162 3.136823631823063 6.41887154430151 9.586303152143955 73.19981133937836 2.787743948400021 20.09046195447445 0.3793660700321198 1.309615850448608 0.09600649029016495 102.9992275387049 3.324515700340271 1.14949893951416 1.199968412518501 1.939084514975548 0.3784252926707268 2.236850507557392 95.77705723792315 7.939703941345215 0 31.1166008785367 60.15973941236734 117.6561752259731 140.1551257520914 16.03803757578135 9.289443239569664 76.73665560036898 0.9545814692974091 25.94628185033798 8.203500427305698 0.2553153559565544 1.903730183839798 2.13124530762434 1.059665404260159 0 0.659851647913456 0.1876977235078812 1.347806133329868 0.2894012778997421 0.8759937584400177 0.8531617820262909 1.684387467801571 110.3713298067451 2.81804508715868 0 2.469377279281616 12.94535399228334 2.008340559899807 0.8905081450939178 6.499915041029453 1.902298033237457 10.62378424406052 18.90113500505686 5.477487362921238 41.00097846984863 17.14865073561668 29.26970108598471 8.198363475501537 67.90626665949821 65.79837869852781 31.799161888659 35.30384021252394 1.595181539654732 0.5173347145318985 0 0.07774414122104645 0.1217780485749245 0 0 0 0 0 0 0 0 0 0 0 0 0 0 20.20134387165308 11.84795324504375 0 0.3748306334018707 0 3.740417622029781 0 2.123324207961559 0.3363152295351028 0.5223360806703568 0.08248360455036163 0 0 0.1701719611883163 1.841554149985313 0.1187386810779572 0 3.848837159574032 5.543225236237049 0.1291920989751816 0.1926735565066338 0.09431233257055283 0 0.3695983216166496 0.6309933215379715 0.5255913138389587 0.3256891369819641 0.198142021894455 3.717651672661304 0 0 0.3257880657911301 8.473713003098965 1.321049615740776 1.288429446518421 0.8544601127505302 0.2193903401494026 0.1860539764165878 0 0.1090367436408997 0.08096762746572495 0.1035706177353859 21.96264100819826 0.5133558213710785 0 0.1380656212568283 0.1985940262675285 5.017358176410198 3.115798130631447 2.549130149185658 3.825489170849323 4.519282028079033 4.608075484633446 1.253143429756165 2.569445036351681 0.5958484560251236 0 0 0 0.3074096441268921 0 0.08056405931711197 0.2343548983335495 32.54554314166307 3.575357049703598 1.639024093747139 337.3057209551334 40.21434372663498 295.5756273269653 44.30631981790066 151.2617761939764 31.977504812181 6.663008607923985 97.97340938448906 30.47563709318638 3.998158104717731 24.94840683043003 5.354125641286373 24.3280303478241 0.9498546123504639 0 3.60903812199831 10.89881689846516 0.4880072623491287
1904.559906862676 1117.577526800334 71.42914481461048 1829.973055437207 102.0694974884391 569.8800772801042 2482.63685104996 6.266959592700005 91.49624030292034 0 37.40855456143618 699.8702919706702 4193.047413222492 102.2396480292082 3.655407764017582 0.1121762171387672 0.1309580057859421 0 0.09248695522546768 0 0 0 0 0 0 0 0 0 0 0 504.7166114374995 21.54889693111181 8.808287121355534 0 0 0 489.4413183256984 0 6.197040386497974 0.518474668264389 0 0.2104246839880943 0 0.299224853515625 0.245563417673111 0.2618964612483978 45.704145796597 3.90352189540863 0 0.6490947753190994 0.3627920299768448 0 0 0.2168376743793488 3.949799701571465 9.021071404218674 64.90254003554583 411.157110221684 7.595895655453205 18.38713145256042 0 0.4998271465301514 0.1294280588626862 55.6489740088582 5.603014051914215 2.497130461037159 1.13019248098135 1.890300251543522 0.1345074325799942 0.5926853939890862 567.8204806819558 20.90816124528646 0 102.9095516577363 66.78770147264004 97.53032254427671 28.46591594070196 2.435791678726673 0.5503882616758347 1.211969137191772 0.2114530652761459 1.917056813836098 18.20814417302608 0.4178923368453979 3.185503199696541 3.038748323917389 1.57515112310648 0.08483193814754486 0.5249811187386513 0.3237103968858719 0.2134686708450317 0.1498349756002426 0 0 0.6121592149138451 918.7303611785173 10.25957918167114 0.1597907394170761 3.666555680334568 511.6065157279372 4.113857805728912 1.813387215137482 22.72264704108238 10.79343804717064 25.89100524783134 55.96058678627014 22.9927174448967 119.3297104239464 53.45618139207363 137.4942142888904 24.11877252906561 232.4551366493106 194.565095923841 88.78913878649473 71.38700208067894 2.282109551131725 4.201688267290592 0 0 0 0 0 0 0 0 0.1048787385225296 0 0.2741546928882599 0 0 0 0 0 0.5820262432098389 44.77798845618963 34.70642590522766 0 0.2747787535190582 0 15.24557270109653 1.133836150169373 2.908387415111065 0.3069655448198318 0 0 0 0 2.479360960423946 1.972968801856041 0.5307297110557556 0 7.648231662809849 7.667025178670883 0.9131435006856918 0 0 0 0.1627666652202606 1.51268408447504 1.986629143357277 0.3836966082453728 0 5.333626337349415 0 1.758863657712936 1.760259374976158 19.86758751422167 5.020932324230671 2.534867219626904 2.925536215305328 0.2411643490195274 1.254784472286701 0.09504803270101547 0.2907699793577194 0 0.5769512057304382 42.9088096767664 0 0 0 0.3057251870632172 11.64630333334208 11.60451123118401 5.504927337169647 11.55520957708359 13.02669286727905 14.07790274173021 3.923101708292961 6.770766369998455 2.02689366042614 0 0 0 0.4221372678875923 0 0.0989520326256752 0 103.0154163241386 6.361748203635216 4.948225289583206 410.8510489687324 23.82303979247808 168.8403730466962 26.05903428047895 1616.50567959249 31.5194555670023 6.015489362180233 40.34231746941805 63.07461102306843 4.167369894683361 57.7284327223897 8.103267394006252 97.50174377113581 2.978563636541367 0.569893941283226 7.416357755661011 1.362853445112705 0
422.0748250335455 3884.253694355488 2323.519218333066 48.00337234884501 948.1880356147885 7.028978079557419 557.5883170589805 1513.39236112684 3982.675818644464 37.40855456143618 0 90.93326833844185 1539.443190656602 3458.257985904813 19.72552374005318 3.818071134388447 0.5704844444990158 0 0.1056113764643669 0.1542340964078903 0.2148236781358719 0.2319614887237549 0.5178196877241135 0 0 0.725396454334259 0.5227547585964203 0.8953895717859268 0 0.3506075143814087 892.4876236319542 111.502111248672 711.8487234264612 0.822250634431839 1.364832893013954 1.980668544769287 1251.174217104912 7.114240624010563 42.41119654476643 5.861076094210148 1.565932020545006 0.4412491396069527 0 1.377173468470573 0 0.6853389889001846 129.7814330086112 2.892861604690552 0 1.0706956833601 0.6496686786413193 0.1824255585670471 0 0.8305136263370514 3.207438491284847 3.485609091818333 11.74519729614258 146.7125141844153 2.503446668386459 16.383026227355 0 84.29032699018717 0 87.66386974602938 2.19877477735281 0.9022812321782112 0.4190688878297806 1.937044516205788 1.327919438481331 4.097336709499359 336.60936807096 19.44245302677155 0 24.94947917759418 61.46210440248251 104.3276679888368 162.3751529082656 28.83028391003609 126.4880078062415 390.7083037421107 1.197645045816898 215.8062733411789 5.600536771118641 0.1001375839114189 1.175763495266438 1.737072423100471 0.4821540042757988 0 0.4365618750452995 0.09558123350143433 0.5194947272539139 0.536787748336792 1.792084001004696 0 1.475249752402306 113.7927161902189 5.878725305199623 0 20.11189568042755 51.21088659763336 1.042154967784882 0.5791317075490952 4.911224536597729 2.259920492768288 7.320036396384239 15.70066338777542 3.194442003965378 28.30052953213453 13.20034526288509 17.99186144769192 9.306946814060211 53.86767086386681 48.04000466316938 25.68514657020569 28.94078258424997 1.025501511991024 2.508072473108768 0 0.3198323845863342 0 0 0.1689897626638412 0 0 0.3230808973312378 0 0 0 0 0 0 0 0 0 19.01915113627911 9.374403901398182 0.0943271592259407 0 0 2.800393678247929 0.1192237436771393 2.01513235270977 0.1982948482036591 0 0 0.2833573073148727 0.1398702710866928 0.1765704154968262 1.768193602561951 0.1409923881292343 0.2134039849042892 2.487309850752354 5.71948204934597 0 0.2126545459032059 0 0 0.5298034101724625 0.1737799793481827 1.082561820745468 0.1580766290426254 0 1.369890034198761 0 0.579851508140564 0.2895569801330566 10.39148835837841 0.9238523691892624 0.1806915998458862 0.3798378929495811 0 0.4792567566037178 0.09455204010009766 0.0956108570098877 0 0 17.65908512473106 0.6858574748039246 0 0 0 6.850028492510319 6.048068925738335 3.3996921479702 4.887502290308475 4.198714882135391 4.316499590873718 1.561663791537285 3.201448813080788 0.1950841397047043 0.09935280680656433 0 0 0.4452930316329002 0 0 0 28.91587087512016 6.654483526945114 1.814414486289024 453.9847834855318 27.14323441684246 270.4526540488005 38.2575670927763 146.1467739567161 23.01485399156809 2.556465789675713 116.9827504903078 27.16818367689848 1.118066132068634 24.5886462777853 6.290282167494297 14.06596031785011 2.191418647766113 0.1592685282230377 3.563218504190445 7.63678103685379 0.5425881743431091
36.65379565954208 5.292107149958611 19.60693596303463 85.80308897793293 16.03512628376484 96.86178506910801 192.4709860160947 36.85677943378687 66.61641220748425 699.8702919706702 90.93326833844185 0 1958.416855894029 87.4353711605072 4.532105572521687 2.027414977550507 0 0.304338663816452 0 0 0 0 0 0 0.135735809803009 0.3385372459888458 0 0 0 0 12.87144359201193 0.6452306658029556 12.91588348150253 0 0 0 1480.01660258323 0.3994306623935699 12.86830729991198 0 0 0.3327221795916557 0 0.2293471395969391 0 0 19.74722337722778 0.1985230669379234 0 0 0 0 0 0.2807055413722992 0.1607924252748489 0.4204651117324829 2.543792590498924 6.252991624176502 0.4752493426203728 1.082786500453949 0 0.4143569618463516 0 3.851784773170948 0.5201862454414368 0 0.09946984797716141 0.1992126330733299 0.212201789021492 0 921.6403333544731 7.660823345184326 0 1.367832124233246 3.271474868059158 11.68379487842321 22.72155074775219 6.397316135466099 0.2713000625371933 8.976219743490219 0.2003552317619324 1.746725037693977 0.3998914062976837 0 0 0 0 0 0 0 0.1185578778386116 0 0 0.09148869663476944 0.5345637947320938 951.6216066926718 16.05753499269485 0 2.530961602926254 33.4343029037118 1.515439912676811 0.1623120158910751 10.71081106364727 6.385007701814175 15.10369402170181 35.29113071411848 9.411804273724556 57.93986393511295 29.98409005254507 66.44184417277575 10.88389725238085 119.3985792174935 109.2357816323638 48.49027147889137 48.2764438316226 0.3622315675020218 1.16347973048687 0 0 0 0 0.4201506078243256 0 0 0 0 0 0 0 0 0 0 0 0 22.72813282907009 13.00657226145267 0 0 0 6.240581378340721 0.3352491557598114 1.93528163433075 0.4196496307849884 0 0 0 0 1.08228100836277 0.4236773997545242 0 0 2.63899888843298 7.992938101291656 0.1212973222136497 0 0 0 0.2301800847053528 0.202017217874527 0.5878261178731918 0.2135329470038414 0.09440447390079498 2.714022874832153 0 0.3521831929683685 0.8068301975727081 8.665103815495968 2.284205116331577 0.3931794539093971 0.5016848221421242 0 0.1570343375205994 0.1036250218749046 0.0728723555803299 0 0 28.95063240081072 0.792219340801239 0 0 0 4.045176476240158 4.712942600250244 1.631017044186592 6.385885752737522 4.39621177315712 5.618594706058502 2.340339556336403 2.883807800710201 0.1321888118982315 0.5308694094419479 0 0 0.1673963367938995 0.1421953290700912 0 0 68.00333592295647 3.622889414429665 1.102144882082939 83.93126435577869 4.143309339880943 38.77645607292652 8.675792850553989 167.0848294869065 1.996795661747456 0.9174559712409973 23.00408101081848 13.49194579571486 1.213239103555679 17.84179125726223 5.040544204413891 32.96227337419987 0.9142964333295822 0.2602927386760712 2.337433472275734 3.753212593495846 0
154.9508664608002 177.9508762285113 154.6380230337381 1037.3477499336 723.5011086016893 62.6139385253191 1742.328537501395 191.7506347224116 2248.636368878186 4193.047413222492 1539.443190656602 1958.416855894029 0 2151.651925675571 23.93317616730928 7.176287636160851 0.1009892597794533 0.236067421734333 0 0.3300556242465973 0.2855289876461029 0 0 0 0.3569434210658073 0.5579531937837601 0.1534302532672882 1.391761228442192 0 0 107.852597258985 23.29542065411806 17.92558676749468 0.1361996829509735 0.4277542531490326 0 256.2052142992616 0.1938368305563927 7.3127416446805 0.3617130890488625 0.3224216401576996 1.168982848525047 0.7335842698812485 0.5947140753269196 0 0.3025996536016464 143.540245860815 2.662558063864708 0.09420115500688553 0.2072311267256737 0.9846052527427673 0.4086558073759079 0 0.2585099264979362 1.319339342415333 4.534061536192894 5.550913229584694 38.79925835877657 1.130237132310867 15.01579803973436 0.1143391281366348 0.9831858575344086 0.09706912934780121 52.3319181650877 2.45019918680191 1.426163785159588 0.4830973744392395 0.8005193397402763 0.5067586079239845 1.947081468999386 655.7527483329177 6.755133271217346 0 18.47827041894197 38.41634003072977 115.3950313404202 155.9265254735947 36.97750230878592 7.317131206393242 89.18318302184343 0.2764904946088791 10.23389868438244 6.582788184285164 0.3248874619603157 1.232873141765594 1.933958768844604 1.638395801186562 0.1586000248789787 0.9834548607468605 0 1.022057861089706 0.2669947594404221 1.29367683827877 0.2814474850893021 0.6342456638813019 971.7011159211397 7.969026997685432 0 3.794410467147827 27.447570130229 3.161308243870735 1.506043806672096 15.34626648575068 11.73546424508095 23.51519396901131 47.51139158010483 20.32323129475117 119.3945761397481 55.10172330588102 98.01237590610981 21.72269214689732 209.0401247367263 170.996462136507 86.38607103377581 83.09444094449282 1.179769866168499 2.749952614307404 0.6600052118301392 0.225305587053299 0 0 0.1933774352073669 0 0 0 0 0 0 0.1172066479921341 0.1046585291624069 0.2501078844070435 0 0 0 41.31756202876568 20.83540879189968 0 0.8141493499279022 0 6.804572083055973 0.7761667817831039 3.248074404895306 0.2726209536194801 0 0.1028565466403961 0 0.155916690826416 1.117650404572487 1.738496899604797 0.1521319895982742 0.1517811119556427 7.248148694634438 12.73541285842657 0.4153879582881927 0.1037739515304565 0.1355671137571335 0 0.1027029827237129 0.7235511913895607 1.622603468596935 0.6112671867012978 0.5582343935966492 6.765626206994057 0 0.4797521978616714 0.6916214823722839 21.56805361807346 5.685545146465302 1.786011822521687 0.9298298135399818 0.4371874555945396 0 0.1908967569470406 0.5573144108057022 0 0.3241260647773743 44.67863681167364 0 0.108425498008728 0 0.6864037960767746 9.450388245284557 7.631407134234905 3.631909772753716 7.333722427487373 4.735690161585808 14.00849521905184 6.07297657430172 5.811078794300556 0.9070122763514519 0 0 0.1285030245780945 0.1083358824253082 0.07974374294281006 0 0 102.2878916114569 4.110070765018463 2.447554811835289 392.2975983098149 38.66462425887585 268.084500849247 48.62869556248188 209.5214551389217 21.84004212170839 5.703022636473179 126.1514349654317 49.92880422621965 5.812758065760136 43.9069786220789 6.277423538267612 43.88670426607132 2.205489560961723 0 6.040927290916443 17.56530626863241 0.9682187139987946
