0 2039.445183485746 562.4659996628761 2247.039109066129 826.5569829791784 39.61329308152199 1249.008412614465 187.0348543077707 206.5442344173789 2201.099572010338 451.194208085537 165.2667251527309 594.7709093168378 392.4633891582489 5.174366787075996 1.286008417606354 0.1584914922714233 0 0 0 0 1.858904778957367 0 0 0 0.3037408664822578 0 0.267762117087841 0 0 416.4908403679729 5.680779166519642 39.99863433837891 0 0 0 87.12122242897749 0 1.25002683699131 0 0 0 0 1.338901549577713 0 0 19.50650188326836 0.7387916296720505 0.108305387198925 0 0.7641875073313713 2.321876421570778 0 0 1.739380098879337 4.094460040330887 660.5765655860305 836.3507368341088 57.57647910714149 5.638454392552376 0 0.5644647777080536 0 8.761971928179264 1.619493491947651 3.716659031808376 2.403794713318348 1.896126307547092 0.1997725144028664 0 126.8708309307694 17.05627572536469 0.169664278626442 105.1238796114922 11.25873389840126 10.21943332254887 11.44376488775015 4.636550948023796 0.8889154046773911 15.41297092288733 0.2846266776323318 0.3539546728134155 6.474354714155197 0.127466157078743 3.250895611941814 3.745176650583744 0.7091830596327782 0.4177575185894966 2.434758603572845 2.104384481906891 0.09876523166894913 0 0.5156211256980896 0.1186489015817642 0 109.1930555924773 36.82847757637501 0.8676325678825378 3.219814494252205 645.4729218631983 0 0 0.1623087972402573 0.1080674454569817 0.2095686942338943 0.9688866883516312 0 0.3922502100467682 15.52271640300751 1.948975443840027 0.5551772117614746 2.0300133228302 1.262491166591644 0.5078168511390686 1.602631732821465 0 0 0 0 0 0 0 0 0 0 0 0 0.1303836852312088 0 0 0 0 0 0 1.839528679847717 0 0 0 0 0 0 0.4559131115674973 0 0.2217149287462234 0 0 0 0 0 0 0 0 0 0 0 0 0.4123484790325165 0 0 0 0 0.3996689915657043 0.2340884953737259 0 0 0 0.6811316013336182 0 0 0 0 0 0 0 0 0 0.6335304081439972 0 0 0 0 0.8906624019145966 0 0.1763944625854492 0 0 0 0 0 0 0.1224385648965836 0 0 0.1650333106517792 0 0 0 1.420053154230118 0.5161126703023911 0.7610786259174347 80.49442949146032 10.15512470155954 70.4632612913847 10.02841862291098 909.0883874744177 41.08533477783203 2.781065128743649 11.01559315621853 1.051151543855667 0.1199440956115723 1.202290460467339 0.6324398294091225 0.7300727367401123 0 0.09491440653800964 0.9967402517795563 0.3421644270420074 0
2039.445183485746 0 2437.35419396311 774.2979654967785 5114.244482688606 28.11594650894403 3356.48709782958 336.6010505184531 1340.334073096514 348.705898411572 1038.310803808272 23.94469797611237 893.3914828747511 789.6081851199269 11.40742836892605 1.345088370144367 0.3535465598106384 0 0.09918370097875595 0 0.5050747245550156 0 0 0 0 0.1241317391395569 0 0.3856350556015968 0.2694674730300903 0 2133.827613398433 38.28253717720509 32.06128548830748 0 0 0.4485897868871689 102.6920009627938 0.2018515467643738 0.7513900548219681 0 0.301263228058815 0.1123200953006744 0.2261090129613876 1.123392507433891 0 0 173.2058911621571 7.485843822360039 0.634132444858551 0 3.032133013010025 0.110157310962677 0 0 4.868005640804768 9.202851057052612 77.57455972582102 714.9102981686592 54.20098508894444 42.1870829090476 0.2279236689209938 1.037203185260296 0 93.4281637147069 6.950989283621311 9.468481913208961 9.136207140982151 7.481030330061913 0.5427229478955269 0.6989670991897583 28.80292038619518 0.7323515862226486 0 188.227810561657 72.59308765828609 58.1890342310071 43.12160162627697 5.083753235638142 1.941591277718544 14.3277664706111 1.40428302437067 1.13209293037653 26.47503840923309 1.335389204323292 11.05996040254831 12.73557180911303 6.718681752681732 0.7124073207378387 8.857813157141209 0.8283584117889404 2.814568296074867 0.9326412007212639 0.2612102180719376 0.6408897191286087 0.3397216647863388 25.36442540585995 1.901116512715816 0 1.280353754758835 382.0733752995729 0 0.08931036293506622 0.1811031252145767 0 0 2.530738085508347 0.3512299954891205 1.073246508836746 2.189170405268669 1.622722312808037 0 5.185878068208694 4.368719130754471 3.363595336675644 2.431227967143059 0 0.6825032234191895 0 0 0 0 0 0 0 0.1101926192641258 0 0.1537868082523346 0 0 0 0 0.1319686025381088 0 0 0.3790070489048958 0 0 0 0.09942638128995895 0.3169119358062744 0 0 0 0.1728591024875641 0 0.1621257364749908 0 0 0.1473942399024963 0 0 0.1956696957349777 0 0 0 0 0.193819984793663 0 0 0 0 0.1162998378276825 0.9761703610420227 0.1069539114832878 0 0 0.7330390214920044 0 0 0 0 0.1097671985626221 0 0 0 0 4.70576024055481 0 0 0 0 2.087460920214653 0 0.9542877376079559 0 0.1924630776047707 0 0 0 0 0.1505513936281204 0 0 0.11055788397789 0 0 0 1.842176243662834 0.9902674853801727 1.120324432849884 135.7793130427599 54.30893379449844 415.7267846465111 40.17664206773043 508.1677378416061 102.0198806598783 9.311814680695534 52.43606697767973 5.258572816848755 1.09846006333828 2.681327991187572 1.77837960422039 3.717887699604034 0.6831313818693161 0.4420676305890083 2.307871446013451 31.72049298882484 4.823756337165833
562.4659996628761 2437.35419396311 0 30.47656786441803 918.3936903327703 4.124528855085373 114.4816093593836 3331.188199400902 568.9290267825127 12.35172285884619 4352.728209666908 30.26337469369173 533.6567774564028 889.1100222244859 32.78369420021772 7.389506541192532 1.42099641263485 3.54841536283493 0.8153267949819565 5.781598724424839 127.5953254029155 0.9393730312585831 5.323846727609634 8.285539865493774 31.05147938430309 52.89682876318693 0.1085059568285942 15.83101468533278 0.1607511341571808 0.5152352452278137 6255.256235770881 513.1100821495056 145.4131194874644 7.001880303025246 16.45946650207043 58.38987051695585 215.8486125767231 11.06514450907707 3.609261840581894 1.571554243564606 188.7013187110424 8.708606578409672 28.12625409662724 5.28352152556181 1.10962238907814 9.79001872241497 154.831286393106 10.49377367645502 2.964453637599945 19.29040192812681 21.88556804507971 5.773104846477509 0 6.609186679124832 3.699092268943787 10.79114361852407 57.20876861363649 1377.798452779651 35.98869390785694 37.62164678424597 6.720507994294167 30.03484065085649 87.92426466196775 602.3714116290212 7.440531998872757 13.16040658205748 11.45083885639906 24.60559161752462 53.89801382273436 166.5423400700092 72.10465280711651 2.514100521802902 0 155.3104633688927 112.1365490406752 91.1028603836894 66.43912932276726 22.12326220422983 577.3544852361083 1117.490333624184 66.11127258837223 872.5428532585502 28.27748472243547 2.141781844198704 13.9312521442771 13.61938625574112 33.17578528821468 1.213636972010136 11.68060646951199 0.679591603577137 2.064349167048931 1.272413313388824 15.10898719727993 2.762764506042004 3.082436367869377 21.26408496499062 0.7112270146608353 0 6.761840686202049 183.8521414548159 4.305978715419769 0 0 0 0.3079283535480499 2.536571130156517 0 0.8445894867181778 1.836656659841537 0.5993430614471436 0.6156067550182343 2.657691657543182 3.938864424824715 1.927821084856987 3.528759017586708 0 0.1533960253000259 0 0 0.1610988080501556 0 0.4180605709552765 0.3859402984380722 0 0 1.9956886023283 0 0 0 0 1.500947251915932 0 0.5960835665464401 0 1.322056204080582 0.2602264583110809 0 0.2036101669073105 0 0.7834355533123016 0 0.6017732471227646 0.3624447286128998 0 1.405875563621521 1.54125115275383 1.202345237135887 0 0 0 0.3132943212985992 0.2965422868728638 0 0 0.9898532927036285 0.465544193983078 0 5.599245801568031 0 0 0 0.4498571157455444 1.517191156744957 0 0 0 2.467092975974083 0.1108838617801666 0 0 0 0 0.1900603324174881 0 0 2.938868254423141 2.362168058753014 0.1411570161581039 0.1490508317947388 0 0.2958274707198143 1.737087182700634 0.3295975625514984 0.5368070006370544 0.2929792702198029 0.1356094479560852 0.1541811227798462 0 0 0.1111955791711807 0 0.1467446386814117 0 0.4925841614603996 0 0 0 3.049484401941299 3.157508343458176 0.8420795500278473 112.6517073512077 64.04251367598772 303.4718312770128 63.21980813145638 161.9995872527361 74.29613223671913 8.008192859590054 53.57844822108746 5.257644049823284 0.7703162953257561 5.55022606998682 2.573168359696865 2.082650974392891 0.5896488502621651 0.6363764181733131 1.655052520334721 1.32462939620018 0
2247.039109066129 774.2979654967785 30.47656786441803 0 144.8170960694551 365.2342785447836 1126.655093297362 12.32694384455681 62.07060177624226 3135.178729355335 40.36116933822632 624.4453758448362 2201.3179654181 53.13210025429726 2.908306360244751 0 0.1589556783437729 0.1710345894098282 0 0 0.1235437840223312 0 0 0 0.6691341996192932 0 0 0 0.1186422929167747 0 337.8917854055762 3.081840820610523 2.923253655433655 0 0 0.09693336486816406 15.68682631850243 0.2073717564344406 0.1666890829801559 0 0 0 0.1386673748493195 0.1090741828083992 0 0 77.93039198219776 3.570232041180134 0.269164651632309 0 1.216095976531506 0 0 0 2.585970409214497 5.886689238250256 40.32071080803871 252.4658003002405 27.85768112540245 17.5051209628582 0.3244977816939354 0.2091069370508194 0.1939159780740738 27.30735556781292 2.264317043125629 6.795647025108337 4.457758583128452 3.254303023219109 0.1034312546253204 0.4532704204320908 197.5627663880587 0.5074911117553711 0.1172373071312904 96.58937633782625 28.47683966159821 14.97731653600931 9.071167513728142 0.6929923743009567 0 1.132965587079525 0.2856888473033905 0.9941623732447624 13.78322860598564 0.5093743875622749 6.095911897718906 6.749864645302296 2.579963482916355 0.7707543224096298 6.01188251376152 0.4574964642524719 0.8507023900747299 0.4532917588949203 0.186359778046608 0.2056966572999954 0.1046946570277214 88.29539839923382 31.58954383432865 0 0.1548677980899811 329.1873206943274 0 0.875398114323616 0 0 0 1.09289625287056 0 0.3796523958444595 4.642281293869019 1.479521006345749 1.22560778260231 5.582099795341492 1.964076668024063 5.524070739746094 2.300796344876289 0 0 0 0 0 0 0 0 0 0 0 0 0 0 0 0 0 0 0 0.5003124475479126 0 0.1876230388879776 0 0 0.1942712366580963 0 0 0 0 0 0 0 0 0 0 0 0 0 0 0 0 0 0 0 0 0 0.8508520126342773 0.1051898375153542 0.09195519983768463 0 0 0.4084270596504211 0 0 0 0 0.193258062005043 0 0 0 0 0.9508999437093735 0 0 0 0 0.3280942738056183 0 0 0 0 0 0 0 0 0 0 0 0 0 0 0 1.845229789614677 0.3905206322669983 0.2163470387458801 97.97249574959278 18.0163918286562 211.4124884977937 17.71971337497234 809.1766185238957 47.82702935487032 5.092889182269573 19.84235264360905 3.362445339560509 0.2395440116524696 2.573795415461063 0.5217763483524323 3.556549496948719 0.4836103618144989 0 0.6535275280475616 1.099720671772957 0
826.5569829791784 5114.244482688606 918.3936903327703 144.8170960694551 0 19.38327804207802 1173.419366963208 420.9801044091582 2485.713435441256 344.4586701393127 1493.504776261747 14.93704172968864 633.3831994980574 399.1869861632586 62.71719019114971 0.4234397411346436 0.9470705986022949 0.1686674952507019 0 0 0.6468261033296585 0 0 0 0.2684481292963028 0.1560816764831543 0 0.3271436616778374 0 0 709.3244223371148 98.31078973412514 13.82725552469492 0 0 0.4891937747597694 17.36996851861477 0 1.127166077494621 0 0.4277787581086159 0.6070217490196228 0.9785672947764397 0.4507921636104584 0 0 426.2421489730477 12.43549637496471 0.7082927376031876 1.333879575133324 4.446908183395863 0.1662363559007645 0.1074613258242607 0 3.412946999073029 13.18397060781717 29.53113573044538 286.9833953604102 41.99179562926292 87.78285247087479 0.4353652149438858 0.4292978569865227 0.1247318908572197 171.0801710635424 7.277919262647629 13.04734033346176 11.00247250497341 9.115065380930901 0.6625645011663437 1.816750548779964 44.78738793730736 6.246219754219055 0 153.304519250989 106.0724916607141 201.4415132850409 157.4459058716893 6.540919482707977 6.855706721544266 7.787887811660767 0.9005800932645798 5.914745479822159 29.56083960086107 2.350346095860004 14.02485422790051 12.8853782042861 10.85189960151911 0.9226074516773224 11.14092537760735 0.5001640841364861 4.146746061742306 1.67856789380312 0.24869254976511 1.154177360236645 0.7971925362944603 184.4358347356319 6.380449406802654 0 5.230195827782154 55.23824627697468 4.308589890599251 3.144784830510616 1.638889878988266 0.2621219158172607 10.63865564763546 32.08769996464252 1.219752073287964 15.3195221722126 14.3951800391078 11.55929167568684 8.028543800115585 34.63723112642765 30.48013879358768 26.6409474760294 23.16777521371841 0.4702109694480896 1.125146746635437 0 0 0 0 0 0 0.5471959114074707 0 0 0 0 0 0 0 0 0.221078097820282 0 4.623644687235355 2.331279084086418 0 0 1.44812798500061 1.430550903081894 0.6492313742637634 4.948066115379333 0.3334380686283112 0.7183311581611633 0 0 0 0 0 0.3835179805755615 0 0.8919644057750702 1.107726097106934 0.113600566983223 0 0 0.7420109659433365 0.4906928837299347 0 0.3882829546928406 0.2363220453262329 2.685498848557472 6.943675749003887 0 0 0.5893120765686035 12.09104585647583 0.6466376185417175 0.2228933721780777 0.450006902217865 0 0 0 0 0 0 28.2110109180212 0 0 0 0.2114477753639221 8.529606714844704 0 4.060702160000801 3.205497086048126 0 0.8593672066926956 0.5528678894042969 0.3721677362918854 0.5183104872703552 0 0 0 0 0.240319237112999 0.1591564416885376 0 19.15810550749302 7.163527697324753 3.568577915430069 347.1513936370611 114.0454712435603 668.693418353796 124.4942964836955 504.1295140683651 216.5328316017985 12.27848785370588 116.210123822093 20.78181125223637 1.727879017591476 22.61565708369017 5.796652600169182 49.33240249752998 4.15588267147541 0.413692370057106 5.318727269768715 7.248616278171539 0.3522595763206482
39.61329308152199 28.11594650894403 4.124528855085373 365.2342785447836 19.38327804207802 0 226.4618690237403 1.442221686244011 16.54986964166164 1047.984707087278 9.80588136613369 221.2618436664343 277.0535846948624 19.28590348362923 0.8329351544380188 0.5262306779623032 0 0 0 0 0 6.355909049510956 0 0 0 0 0 0.1142146661877632 0 0 80.66427837312222 0.6334276720881462 43.43640615046024 0 0 0 60.19935415685177 0 8.916857928037643 0 0 0 0 0.1969747096300125 0 0 2.850069798529148 0.2689958959817886 0 0 0.2189658358693123 18.77061607688665 0.4137894213199615 0 0.4610113054513931 0.2280915230512619 578.0145406872034 231.3690112456679 8.033303521573544 0.5641492009162903 0 7.572357401251793 0 1.69193060696125 0.4291676729917526 0.1128753572702408 0.2057907432317734 0.1204869523644447 0 0 536.2349980920553 280.5514047443867 8.759116187691689 13.08837706595659 1.453500807285309 1.548113092780113 1.0419020652771 1.43201632797718 0.3746028989553452 19.42838403582573 0 3.956290192902088 1.670136198401451 0.9380992352962494 0.584810808300972 0.6034787073731422 0.259189561009407 7.491893865168095 4.091893188655376 21.58647774159908 0.8233141154050827 3.557432137429714 0 0 0.9547851383686066 500.0936664491892 189.967764288187 15.48267212510109 39.05255046486855 771.2709232270718 0 0 0 0 0 1.974403068423271 0 0 1.078124731779099 0 0.6744185239076614 0.5826134234666824 0.867945522069931 1.076865345239639 0.1726038306951523 0 0 0 0 0 0 0 0 0.3075480908155441 0 0 0.1352798640727997 0 0 0.1356093138456345 0 0.8737976402044296 0.6612370014190674 0.3342193067073822 0.1829982101917267 0 0.1376805007457733 0.3511952459812164 0.3365536332130432 0.8113086372613907 0 0 2.240814909338951 1.143586374819279 0 0 0 0 0.3909979462623596 0 0 0 0.7505128383636475 0 0 0 2.666514009237289 0 0 0 0 0 0 0 0 0 0.2057505995035172 0 0 0 0 0 0 0 0 0 0.7397794425487518 0.2845379412174225 0 0 0 0.2011749893426895 0 0 0 0 0 0 0 0 0 0 0 0 0 0 0 0 1.36627471446991 1.734629422426224 42.59053123742342 1.485130570828915 12.7308788895607 1.964070022106171 716.1745220124722 12.57211188971996 0.4019865542650223 4.492463618516922 0 0 0.5260487794876099 0.2856163084506989 0.6767356991767883 0 0 0 0 0
1249.008412614465 3356.48709782958 114.4816093593836 1126.655093297362 1173.419366963208 226.4618690237403 0 98.57603769749403 4665.738999404013 4650.346960566938 1056.598121076822 163.3007361292839 5484.954282514751 1933.098071329296 84.64010591059923 1.394246660172939 0.6556519642472267 0 0.1207051277160645 0.1137989535927773 0.1072867289185524 0 0 0.2847376242280006 0.8551565930247307 1.074726223945618 0.1268107742071152 0.7456133812665939 0.4875016510486603 0.4106287434697151 500.5533764511347 92.72784541547298 18.11367171257734 0 0.1279589086771011 0.364927813410759 89.61378245055676 0.434956893324852 2.121226400136948 0.3899465277791023 1.938014551997185 0.6083522960543633 0.5291081145405769 0.4450118690729141 0 0.1034731566905975 676.8754091188312 22.85137191414833 0.357560321688652 0.5105914101004601 6.720881849527359 0.3851791024208069 0.1058478578925133 0.4609073400497437 8.690871939063072 24.74493705481291 65.40595687925816 508.2519317120314 83.47088331729174 131.4232499822974 0.9541369304060936 1.715079575777054 0.3343831747770309 228.4056621193886 12.90058234333992 24.66746672987938 22.77339012920856 16.33170811831951 3.352547436952591 1.688179172575474 148.9857294633985 19.19094807654619 0.09465331584215164 289.8640863373876 165.9234759807587 313.9978325664997 230.2003184184432 15.24591497331858 3.088157072663307 23.5379059240222 1.917045190930367 6.235358774662018 60.78378140926361 4.487781055271626 29.27458440512419 29.31064955890179 16.50512857735157 2.469134710729122 24.02170673757792 1.746331535279751 4.672887779772282 2.929773084819317 0.4684869572520256 1.360189467668533 2.660166136920452 702.0938720554113 20.27844934910536 0.2848019599914551 10.53593450039625 173.1321202591062 10.35139212012291 13.15719500184059 4.898736193776131 0.3072369992733002 20.51494269073009 93.59162709861994 2.686215370893478 36.75490516424179 59.07555532455444 37.68805474042892 27.52209806442261 132.9436305165291 103.6004517525434 98.27811688184738 64.43066231906414 1.593556314706802 2.225795805454254 0.09803673624992371 0 0 0 0 0 0.7843443155288696 0 0 0 0 0 0 0.3242167830467224 0.1381069719791412 0.4719876348972321 0 15.24038687348366 6.733491823077202 0.8816351294517517 0.405923992395401 3.256912484765053 6.78116449713707 0.2780319228768349 7.327681794762611 0.7501856684684753 0.2856438755989075 0 0 0 0 0.7717471122741699 1.140378713607788 0 1.508323386311531 7.74776029586792 0.6700685620307922 0.1348528861999512 0 2.753133222460747 0 0.4266474395990372 0 0 4.183342657983303 13.49451918154955 0.2344948798418045 0 1.321726530790329 30.27444635331631 2.838439933955669 2.796345725655556 0.8112277016043663 0.6232118532061577 0.6583721861243248 0 0 0 0.53253573179245 78.4456145092845 0.1722273379564285 0 0.0956948846578598 0 25.49140281975269 3.368645638227463 16.79402315616608 6.793015584349632 2.042737275362015 3.417559042572975 0.3171325325965881 2.001976832747459 1.443516552448273 0.09791837632656097 0 0 0 0 0.2365662679076195 0 58.27038091421127 23.46355696022511 8.660647228360176 689.8141510859132 186.7725298330188 1203.218805044889 215.3328484073281 1643.587878450751 363.8022066950798 23.13913161307573 232.4134388491511 57.41798467934132 5.206342086195946 53.58031592518091 13.76744967699051 112.3927211537957 6.048521533608437 0.504342257976532 25.70010876655579 3.251231715083122 0.1673761457204819
187.0348543077707 336.6010505184531 3331.188199400902 12.32694384455681 420.9801044091582 1.442221686244011 98.57603769749403 0 773.9585632234812 5.28918495029211 1262.813109666109 4.494977042078972 287.3845483660698 577.5051676332951 33.27044627070427 3.556555792689323 1.305521532893181 1.691637292504311 0.1659899055957794 2.609939023852348 60.97325076162815 0.329655721783638 2.181140050292015 3.974659115076065 20.95366111397743 26.40108428895473 0 7.194709450006485 0 0 491.7869612947106 1021.089812576771 73.5054996162653 2.933692142367363 6.886355891823769 28.45659537613392 86.24715372920036 8.354754060506821 2.628773301839828 1.607480451464653 75.22859162837267 3.745292969048023 7.955174207687378 2.702925883233547 0.2167357206344604 3.835110753774643 105.8965821936727 1.318723939359188 0.5830387026071548 5.97491680085659 6.997860178351402 0.7179491817951202 0 2.132545709609985 0.5505748465657234 1.582591496407986 7.089864961802959 86.76399263739586 7.678698822855949 13.94885584712029 4.522670656442642 39.48569269478321 32.40872602164745 115.0823615565896 0.6107753217220306 2.107495561242104 1.758242733776569 7.684557370841503 20.1564918383956 105.7207565978169 29.58952668309212 1.161305367946625 0 31.98429877310991 32.71828792989254 98.8033187687397 98.86528395116329 23.96579390764236 739.9654709398746 1214.250602766871 126.7831295579672 1610.818317010999 4.173675164580345 0 2.076276727020741 1.919940926134586 12.91702878475189 0 1.555079519748688 0 0.6617629379034042 0.885715126991272 8.320418983697891 0.4623779356479645 2.085351958870888 12.49489291012287 1.242911837995052 0 1.189325258135796 17.56703446805477 0.8605840802192688 0 0 0 0.5811745822429657 1.351688355207443 0 0.1959531307220459 0 1.029502049088478 0.5698778033256531 1.387033596634865 2.860094651579857 2.373169258236885 1.218383654952049 0 0 0 0 0.2830694317817688 0 0 0 0 0 1.049469761550426 0 0 0 0 0.6313129365444183 0 0.49888876080513 0 0.9101542234420776 0.6144061088562012 0 0 0 0 0 0 0.2123546302318573 0 0.6549675166606903 0.8531214892864227 0.750726506114006 0 0 0 0 0 1.016101777553558 0 0.5730868875980377 0 0 2.347888082265854 0 0 0 0.2613456249237061 0.3735550343990326 0 0 0 0.7736639976501465 0 0 0 0 0.1406368166208267 0.5795816779136658 0 0 0.6991357952356339 1.813643574714661 0 0 0 0.1318681091070175 1.87809082865715 0 0 1.679122716188431 0 0.1553101539611816 0 0 0.1573115289211273 0 0 0 0 0.1590597182512283 0 0 1.161150336265564 0.6996421962976456 0.5554843693971634 116.3554241135716 16.93266460299492 192.3248382583261 43.38301807641983 47.56349128484726 33.61769350618124 2.261747673153877 56.56001743674278 6.537523955106735 0.1613468080759048 1.556540980935097 1.169978931546211 3.720102727413177 0 0 2.135014235973358 0.8768859356641769 0.1627935469150543
206.5442344173789 1340.334073096514 568.9290267825127 62.07060177624226 2485.713435441256 16.54986964166164 4665.738999404013 773.9585632234812 0 146.9870440363884 4675.141907326877 21.65874181687832 1281.393229715526 1185.884563460946 76.07583770155907 1.653206914663315 0.1364860534667969 0.3258861154317856 0 0.6096590608358383 1.307072326540947 0 0.2498819008469582 0 1.130664274096489 0.98036839812994 0.1716223955154419 0.346307098865509 0 0 256.8954907506704 97.55931411683559 20.26874341070652 0 0 0.586284339427948 23.2450464963913 0.09395592659711838 1.924630992114544 0.2467385455965996 1.293762192130089 0 0.1234718337655067 1.152045592665672 0 0.3525290563702583 343.3912504464388 6.156586885452271 0.5717641711235046 0.6293252781033516 2.796630471944809 0.6830117329955101 0 0.29026959836483 2.485985659062862 6.422809146344662 15.13429525494576 135.5984334871173 24.37189440429211 49.83353530615568 0.3265485316514969 2.036580711603165 0.9905472844839096 153.1390520781279 2.775449238717556 6.115236043930054 5.286874145269394 3.392739526927471 1.151665575802326 2.215269692242146 62.30459024757147 11.81735806167126 0 89.39751137048006 78.80855122208595 226.4943288564682 177.095695130527 17.4990049675107 2.706365525722504 19.5982274338603 0.9868472889065742 9.143371388316154 14.28658797591925 0.5259698331356049 7.215033657848835 5.846845485270023 4.170996196568012 0.862703800201416 4.801894210278988 0.2692897617816925 0.9272393733263016 1.155339635908604 0 0.2295073494315147 0.8314387425780296 257.0114706456661 5.176133953034878 0 3.816801361739635 21.95227687805891 4.886954367160797 5.086335390806198 2.623031944036484 0 12.22062456607819 59.81242278218269 1.547497734427452 15.92781881988049 18.52027761936188 21.4990006685257 9.271158255636692 54.64308162033558 44.58723148703575 51.68803676962852 41.76780122518539 1.309180185198784 0 0 0 0 0 0 0 0 0 0.1641885638237 0 0 0 0 0 0 0 0.1887604296207428 15.68864144384861 4.178171902894974 0 0.6047613024711609 0 5.022366836667061 0 4.96906316280365 0.5900809764862061 0.6662492752075195 0 0 0 0 0.9827495813369751 0 0 1.006042659282684 5.169609233736992 0.1129813194274902 0 0 0.3839195370674133 0.1439191102981567 0.2292963862419128 0.5466534644365311 0 4.695326164364815 8.273929581046104 0 0 0.8873463273048401 13.6490710824728 0.5358539372682571 0.3966912999749184 0.3496918231248856 0 0.127115473151207 0.1238914132118225 0 0 0 51.49761165678501 0.5797083973884583 0 0 0.1420527696609497 16.62302279472351 3.887465536594391 6.768997073173523 3.170018821954727 1.00021892786026 2.435011073946953 0 0.3951862305402756 1.193229474127293 0.2390533313155174 0 0 0.1580236256122589 0 0 0 25.45909433066845 11.50606106221676 7.940824285149574 424.8968588784337 61.12447239458561 634.6758428737521 150.3969044461846 309.298178486526 155.1528999581933 8.444784678518772 168.923917517066 33.81264072656631 4.816160097718239 41.41636887192726 10.78325179219246 70.87754266709089 6.046533435583115 1.237516790628433 15.0425051599741 4.690573304891586 0
2201.099572010338 348.705898411572 12.35172285884619 3135.178729355335 344.4586701393127 1047.984707087278 4650.346960566938 5.28918495029211 146.9870440363884 0 15.04200448840857 3906.530718937516 9714.417392916977 71.78360316157341 6.344590783119202 0.9912131056189537 0 0 0 0 0 0 0 0 0 0 0 0 0 0 275.4309422299266 5.898734278976917 9.718447923660278 0 0 0 151.1821052730083 0 0.7470783591270447 0 0 0.09776292741298676 0 0 0 0.6402518749237061 66.86511993408203 4.633723549544811 0 0.251675195991993 1.813920021057129 0.7969305515289307 0 0 3.049257047474384 5.976010717451572 71.30822210013866 307.7749567776918 34.6579302996397 18.56798514723778 0 1.148876041173935 0 20.23055815696716 2.822866819798946 7.609368905425072 5.161376692354679 2.862280793488026 0.1232341378927231 0.2166365906596184 1476.066311515868 7.231764987111092 0.2136204242706299 109.5365779325366 24.5274718105793 22.89562889188528 10.08881919831038 2.104616686701775 0.3280066028237343 3.857026524841785 0.3393242359161377 1.342806831002235 16.38647665828466 1.138603441417217 6.5159862190485 6.663566254079342 2.877293854951859 1.079350933432579 4.787584774196148 0.9401466324925423 1.289953373372555 0 0.3459577038884163 0.3447035476565361 0.1081235483288765 752.6970955878496 214.4958999454975 0.4427157938480377 6.44479638338089 435.472140416503 2.466689765453339 0.2517523765563965 5.120597347617149 0 8.278313085436821 37.26662564277649 1.466468721628189 16.51711340248585 29.72480483353138 18.19027489423752 9.258157819509506 41.97211124002934 32.79659263789654 44.94740271568298 19.37471153587103 0 0 0 0 0 0 0 0 0 0 0 0 0 0 0 1.137255758047104 0 0.3434228301048279 0 4.302580416202545 1.628044918179512 0 0 0 1.728581413626671 0.2529888153076172 1.619325667619705 0.3689433932304382 0 0 0 0.8441032394766808 0 0 0 0 0.7171246707439423 1.841897547245026 0.2443185448646545 0.4398451149463654 0 0 0 0.1518849581480026 0.896091029047966 0 3.571753919124603 4.518384262919426 0 0 0.7797644734382629 9.95434296131134 0.4161985814571381 0.3644271194934845 0 0.2504829838871956 0.3528652191162109 0.1166530922055244 0 0 0 24.10885244607925 0 0 0.1162302568554878 0 7.705839216709137 0 3.616675421595573 2.382430389523506 0.6836899518966675 0.4249536991119385 0.3953863680362701 0.4605579227209091 0.8322566673159599 0 0.2022374868392944 0 0.1231993809342384 0 0 0 17.39324407279491 9.00660029053688 2.618548005819321 516.7506583109498 21.9513134509325 208.7874936237931 28.70694751292467 2072.284785009921 60.17053293436766 4.444384463131428 30.02922650426626 26.44295241683722 0.807525523006916 20.31606061011553 0.837331511080265 51.73789315670729 3.828523606061935 0 3.98564088344574 0 0.7372663021087646
451.194208085537 1038.310803808272 4352.728209666908 40.36116933822632 1493.504776261747 9.80588136613369 1056.598121076822 1262.813109666109 4675.141907326877 15.04200448840857 0 43.7000317722559 1965.847357355058 3329.250728473067 90.87709929049015 16.76406867802143 1.397726625204086 0 0 0 1.480680167675018 0 0.3109841793775558 0.2445439994335175 1.451081514358521 2.745309963822365 0 4.711724162101746 0.904390275478363 0 610.5454743131995 629.3350276127458 775.0574444308877 0.1653566658496857 0.8257140666246414 4.486302301287651 808.1998719573021 3.309478364884853 10.98463038355112 0.3458883762359619 5.316860035061836 1.077132984995842 0.3761918395757675 12.21290411055088 0 1.267166629433632 224.0784252583981 3.196789391338825 0.6356277987360954 0.2275161519646645 1.169132880866528 0 0 0 1.019509248435497 3.697167858481407 13.44603422284126 147.4996700882912 11.72679504007101 30.40706624090672 0.7178076952695847 7.824253082275391 1.48882982134819 158.3168156221509 2.193216033279896 3.98096377402544 4.169394336640835 3.279734723269939 0.5442019551992416 3.242574959993362 291.3794095143676 3.034847572445869 0 56.22958233207464 73.3208122625947 220.1719934120774 191.3954904302955 76.92557996511459 90.91632607579231 42.34500677138567 1.201721325516701 46.03663601726294 9.43265987187624 0.8139346018433571 5.138249300420284 4.225607715547085 5.004622414708138 0.4321562945842743 4.610679544508457 0.289414681494236 1.505756422877312 0.5132290869951248 0.1883113831281662 0.126680999994278 1.147898867726326 77.73728741705418 5.016890197992325 0 6.405087634921074 35.3198588937521 0.6586019396781921 0 0.3282194137573242 0 2.778571650385857 8.557766392827034 0.2039263397455215 4.171788915991783 3.622097864747047 2.664600759744644 2.726946473121643 11.04734925925732 8.975126624107361 11.27876678109169 17.78912046551704 0.4709634184837341 0 0 0 0 0 0 0 0.1267289072275162 0 0 0 0 0 0 0 0.1740959137678146 0.3583170175552368 0 3.084662064909935 0.7421732395887375 0 0 0.8077263534069061 0.3086652904748917 0.7767108529806137 1.860422790050507 0.8601960837841034 0 0.2479792237281799 0 0 0 0.7269030213356018 0.2762337625026703 0 0.4174331724643707 2.216919481754303 0.2792253494262695 0 0 0 0.4301480352878571 0.1715370416641235 0 0 3.382338255643845 2.033575616776943 0 0 0 4.244074419140816 0.6288174018263817 0 0.1357806622982025 0.3876799494028091 0 0 0 0 0.2052265554666519 11.78400260210037 0 0 0 0.1699779331684113 3.059366926550865 0 1.145934268832207 1.157096795737743 0.880384624004364 0.6123614907264709 0.3141329884529114 0.1522420197725296 0.1854068040847778 0 0 0 0.168756827712059 0 0 0 6.918022975325584 4.50590118765831 2.00284606218338 280.5143026262522 50.19312389194965 357.612341709435 110.4920502752066 124.9225330725312 78.99006176739931 5.822274692356586 115.524658754468 17.110465914011 1.126811936497688 12.43947249650955 3.624985821545124 14.86130082607269 0.5964687764644623 0.5914753600955009 8.4296894967556 2.963763445615768 0.449052482843399
165.2667251527309 23.94469797611237 30.26337469369173 624.4453758448362 14.93704172968864 221.2618436664343 163.3007361292839 4.494977042078972 21.65874181687832 3906.530718937516 43.7000317722559 0 3755.082096144557 65.93537649512291 8.212852671742439 2.294650256633759 1.289327949285507 0 0 0 0 0 0 0 0 0 0 1.060342311859131 0 0 18.06846917420626 5.718610122799873 14.49928165972233 0 0 0 464.7080703228712 0.4621670544147491 2.356495633721352 0 0.2090598940849304 0 0 0.8098872900009155 0 0 27.07206860184669 0.4778600186109543 0.2804251611232758 0 0.1007083207368851 0 0 0 0.4932453632354736 0.5092177763581276 3.218777671456337 17.26526085287333 1.939591489732265 2.265541657805443 0.2026361972093582 0.1524136960506439 0 9.810273587703705 0.2082932740449905 0.5093972831964493 0.4645433202385902 0.5042619705200195 0 0.1718995273113251 560.6041624993086 4.673229888081551 0 13.08790151774883 4.353242576122284 22.88482883572578 14.3878653049469 6.802612990140915 0.8852619379758835 10.67914743721485 0.4003949910402298 1.003338351845741 1.402813337743282 0.1077640131115913 0.101087249815464 0.209417387843132 0 0 0.2840474843978882 0.443699449300766 0.1570305079221725 0 0 0 0 1228.528615176678 49.54685539007187 0 2.474515616893768 35.57880152761936 5.825388327240944 4.069028213620186 5.129283055663109 0 8.507909461855888 47.06208910048008 2.134969845414162 11.69711188971996 12.44120483100414 17.88542456924915 8.201872423291206 55.40481008589268 46.63586573302746 65.9180848300457 44.12219206988811 0.1418883204460144 0.1386481374502182 0 0 0 0 0 0 0 0 0 0 0 0 0 0 0 0 0 8.447513684630394 3.039095386862755 0 0 0 2.595218867063522 0.6715933680534363 3.589559197425842 0.1361031979322433 0 0 0 0 0 0 0.5514718294143677 0 1.517401903867722 3.64376462996006 0 0 0 0 0 0.118614561855793 0.3331230580806732 0 3.728873059153557 7.575705021619797 0 0 0 9.817936226725578 0.7036915272474289 1.749439626932144 0.726026639342308 0.640716128051281 0.8087797239422798 0.1079072654247284 0.09358435869216919 0 0 41.71653686463833 0 0 0.1419058293104172 0 11.50389550626278 0.8955025672912598 5.986822932958603 4.230297669768333 2.105511158704758 1.849755898118019 0.4205238670110703 0.1346127986907959 1.185385316610336 0 0.1404835879802704 0 0.0906541720032692 0 0 0 29.16245667636395 12.47920639812946 3.869427561759949 203.1312288194895 4.277611799538136 67.43903906643391 17.47425888478756 438.985485881567 14.48637430369854 3.995580211281776 42.07160837203264 25.92836879193783 1.072592787444592 24.76502329111099 4.323423817753792 57.96388585865498 5.382021494209766 0 9.631375312805176 1.428260713815689 0
594.7709093168378 893.3914828747511 533.6567774564028 2201.3179654181 633.3831994980574 277.0535846948624 5484.954282514751 287.3845483660698 1281.393229715526 9714.417392916977 1965.847357355058 3755.082096144557 0 3375.622749641538 153.0981954261661 18.18429505825043 2.93891330063343 0.2954545617103577 0.1503971666097641 0 1.019561149179935 0 0 0 1.934401147067547 0.9454944133758545 0 0.8020171895623207 0.6433621793985367 0 255.0643246769905 134.9587249010801 82.74527244269848 0.1413891315460205 0 1.433012053370476 192.1303921788931 0.3335274457931519 5.224895924329758 0.7399963214993477 1.714318104088306 0.4940002486109734 0 13.6096379160881 0.386934757232666 0.1355375945568085 384.9029056876898 4.965038105845451 0.4105073362588882 0.6676059812307358 2.612373203039169 0.3874528035521507 0 0.3080872297286987 2.845392979681492 6.221047759056091 30.22783566266298 152.2776226773858 21.1411057934165 46.83451899141073 0.8752777129411697 9.445915684103966 1.269814945757389 197.6743094697595 2.410268001258373 6.038450852036476 6.774111866950989 3.958248391747475 1.126303367316723 0.8683534264564514 558.8562345579267 25.95654891431332 0.2361227571964264 90.16965522617102 87.65127807110548 331.1135419234633 280.0025841444731 76.62742047011852 4.363716281950474 62.66944409906864 1.578482836484909 13.03372870385647 16.2911719456315 0.4183292910456657 6.963365130126476 6.159396253526211 5.118702381849289 0.2164192274212837 6.047563321888447 0.991369254887104 1.259480014443398 0.9262082725763321 0.5652281865477562 0.968777596950531 1.771396704018116 3178.550249248743 77.11029712855816 1.017265230417252 4.686040326952934 67.56287210434675 17.43692243099213 17.63708646595478 12.13231666386127 1.124315172433853 47.07691249251366 235.0359216406941 6.423778638243675 79.77599643915892 75.19518582522869 84.49129520356655 54.70059859752655 302.2357773035765 225.62778621912 230.3454998061061 170.1443236395717 1.235564604401588 2.336307659745216 0 0 0 0 0 0 0.2553871870040894 0 0 0 1.421737790107727 0 0 0.1365240961313248 0.6340946704149246 0.1621660143136978 0 31.90196625888348 9.464198231697083 0 0.4256337583065033 2.433753967285156 7.501341566443443 0.8512689173221588 13.04349631071091 2.217414572834969 0.405054122209549 0 0 0 0 0 1.122866272926331 0 7.18824328482151 12.30946938693523 1.544899016618729 1.515221729874611 0 2.401108354330063 0.2679738700389862 0.7482621967792511 2.068623803555965 0.1451244950294495 12.71174551546574 27.03026302903891 1.311041593551636 0 0 56.5936167538166 4.660113140940666 3.702850759029388 2.442881003022194 1.029488354921341 1.022107772529125 0.1079224497079849 0.2356454879045486 0 0 189.4357249811292 0.5672129094600677 0 0.5422294139862061 0 53.94805970788002 3.598246559500694 20.51202572882175 12.04935503005981 6.579492658376694 5.860445156693459 1.514244899153709 3.196525283157825 2.521473832428455 0.2576073557138443 0 0 0 0 0 0.09585719555616379 137.6476966440678 50.89689566195011 21.03826801478863 985.5155987292528 108.523261487484 827.6202708184719 284.020386941731 976.4340104535222 176.5693574622273 16.08947505056858 352.9196515455842 129.3189447596669 11.74613847583532 114.3103070780635 28.01598895341158 251.5530728027225 23.13752998411655 1.06881732493639 45.64644010365009 15.08096627891064 2.340547621250153
392.4633891582489 789.6081851199269 889.1100222244859 53.13210025429726 399.1869861632586 19.28590348362923 1933.098071329296 577.5051676332951 1185.884563460946 71.78360316157341 3329.250728473067 65.93537649512291 3375.622749641538 0 67.79015140235424 10.97788306325674 0.7840617001056671 0 0 0 0.7973299920558929 0 0 0 0.2531548067927361 0.5278531759977341 0 2.177868187427521 0 0 288.2469057962298 108.6442280337214 749.8604405671358 0.2679431289434433 0 1.876417703926563 2776.360560759902 0.5932597815990448 18.98655331134796 0.4208938181400299 1.240419752895832 0 0.4028710797429085 5.731800049543381 0 0.3740493357181549 186.7994593903422 1.576225310564041 0 0.2677339315414429 1.22563574463129 0.4950494840741158 0 0.1194399148225784 0.4139405116438866 1.837726965546608 8.999167323112488 91.31555450707674 12.68839105218649 17.12525876611471 0 11.23101398348808 1.068334802985191 109.9739752784371 1.099511831998825 2.694104269146919 2.620851501822472 1.423874817788601 0.2653225585818291 1.664246201515198 561.4045667201281 5.9352867603302 0 45.31338079273701 45.92083379626274 164.5355901643634 134.4652193635702 37.3437175527215 10.00830849260092 124.8642798289657 0.3463495373725891 8.566969521343708 6.966676197946072 0.7023250311613083 3.516144104301929 2.826019741594791 2.21161188185215 0.4504522085189819 2.261182501912117 0.3834279403090477 1.22612027823925 0.6308604851365089 0.2371839284896851 1.825140126049519 0.1389385461807251 294.5115887373686 1.728024795651436 0 7.576655648648739 27.69643903523684 5.866965368390083 4.510645776987076 0.3150481209158897 0.7103292346000671 9.325165115296841 36.33481374382973 0.1810600310564041 11.75412301719189 11.42536820471287 14.32657498121262 10.68111918866634 42.94934916496277 35.92851205170155 41.28211659193039 39.18172524869442 0.9469301775097847 0 0 0 0 0 0 0 0.6846208572387695 0 0.1745298206806183 0 0 0 0 0 0 0 0 4.436434298753738 1.39283549785614 0.4012625813484192 0.9117394685745239 0.456261157989502 0.76870097219944 0 4.023945495486259 0.9070630669593811 0 0 0.152194544672966 0 0 0.6552209854125977 0 0 1.56940270960331 1.216370671987534 0.5750877857208252 0 0 0 0 0.3515995889902115 0 0.2955449894070625 4.085450276732445 4.568526566028595 0 0 1.280100166797638 15.95722916722298 0.760845348238945 0.3917005434632301 0.6440147385001183 0 0.2122994288802147 0.1812135726213455 0 0 0 32.41312661767006 1.957287222146988 0 0 0 9.960002154111862 1.402556583285332 4.005020916461945 3.088311642408371 0.18618144094944 1.483337089419365 0 0.8010837137699127 0.2231691032648087 0.3039326369762421 0.1110994517803192 0 0.2611145824193954 0 0 0 21.72597885131836 10.94864366948605 4.110559143126011 353.3819647878408 39.53002918511629 388.0289020836353 117.8675691410899 151.8779637590051 79.63156457990408 6.599245347082615 148.4570993930101 33.38225205987692 1.66832672804594 24.48859778791666 4.668200589716434 44.44926092028618 4.274126067757607 0.3922146409749985 6.601837933063507 3.064858913421631 1.375674515962601
