0 4780.530778177083 809.6650902405381 3276.60284242034 731.1015558615327 65.67958757281303 347.7588034123182 86.5915075019002 355.3791691511869 1255.076163455844 357.8355529084802 47.52553682029247 112.9142050892115 160.5861795395613 1.307937577366829 0.4936459884047508 0 0 0 0 0 1.646420940756798 0 0 0.1460726261138916 0 0 0 0 0 985.2631593942642 3.779852636158466 9.821693956851959 0 0.139336034655571 0.5024096369743347 2.690869070589542 0.2787191867828369 0.1142819821834564 0 0 0 0 0.3021965473890305 0 0.3532649129629135 4.74142262339592 0.113071970641613 0 0 0 1.027690008282661 2.099367916584015 0.1329377740621567 0.5087427198886871 0.628702774643898 173.2503552436829 776.8270546346903 77.52751261740923 3.717480778694153 0.5179150551557541 3.507088482379913 0 0.5536180883646011 0.4183923602104187 0.3249386474490166 0.1850986033678055 0.1268562823534012 0 0 11.52495065331459 14.374357894063 0 147.9985239729285 25.43369250744581 11.89152598381042 2.522476509213448 0.6800853908061981 2.962930276989937 23.42499320954084 7.643599726259708 24.90109197050333 3.292917750775814 0.1047508120536804 0 0.7662039250135422 0.4308999180793762 0.6447977721691132 0 2.646376937627792 0 0.1708504557609558 0 0 0 117.6984962671995 38.80456167459488 2.598926991224289 1.555789411067963 811.7627934515476 0 0 0.3793009370565414 0 0 1.985639676451683 0 0 6.364076197147369 1.464690878987312 0.2590712308883667 2.239638522267342 2.382631167769432 0.4653915464878082 1.266336038708687 0 0.884033665060997 0 0 0 0 0 0 0 0 0 0 0 0 0 0 0 0 0 0 0 0 0 0 0.1783232539892197 0 0.1174736768007278 0 0 0 0 0 0 0.4396036490797997 0.1378692835569382 0 0 0.09642519801855087 0 0 0 0 0 0 0 0 0 0 0 0 0 2.252992883324623 0 0 0 0.1104934141039848 0 0 0 0 0 0.6797440201044083 0 0 0 0 0 0 0 0 0.3920701444149017 0 0.1091520562767982 0 0 0 0 0 0 0 0 0 1.713831886649132 0.1137376427650452 0 19.3313399553299 2.214352041482925 41.01387581974268 7.040445141494274 146.754229798913 15.95934036374092 0.1862973123788834 4.007004700601101 1.142096474766731 0 0.1192729622125626 0 0.4728292524814606 0 0 0.3689104616641998 0.1329872012138367 0
4780.530778177083 0 1177.505380526185 2236.60284934938 5557.569802775979 393.1833523213863 5615.783973313868 176.5996084138751 3292.595200769603 2489.620157048106 1084.647833138704 44.98689441382885 667.8969828486443 353.7324370220304 17.27986436337233 4.560459926724434 0.7580776214599609 0 0 0.7926451116800308 0.2399017065763474 0 0.5134283602237701 0 0.4477674663066864 0.3042762205004692 0.2444851994514465 0.5412817746400833 0.5265416502952576 0 4171.214669458568 8.516650386154652 11.44883758574724 0.2004074454307556 0.2960256785154343 1.013239428400993 3.752984412014484 0.8875642046332359 4.440188311040401 0.9516044035553932 0 0.3480724692344666 0.09866224974393845 1.767211638391018 0.2733793258666992 0.7317655757069588 85.51107835769653 3.340431191027164 0 0.2542529255151749 0.1293579638004303 0 0 0.2563811168074608 5.898592405021191 8.306835517287254 213.2646397575736 820.7860190272331 134.8667760491371 57.18721714615822 2.006445191800594 5.145843230187893 0.3493866622447968 20.60381028801203 7.749122306704521 0.5347605720162392 1.962689615786076 1.053224474191666 0.5215366184711456 0 17.05422063171864 0.893077477812767 0 465.2455548197031 141.8224904686213 239.2065321132541 48.30992334336042 3.481356427073479 2.739392645657063 19.43948151916265 3.083337999880314 15.25373380631208 35.70805844664574 1.329390421509743 1.330298714339733 9.196061588823795 2.121368728578091 0.1064212024211884 1.290551386773586 0 0.16323222219944 0.2471908926963806 0 0 0.9218772128224373 234.3749297261238 3.286071114242077 0 2.890810690820217 708.2171421721578 0 0 4.044300109148026 0.1968438774347305 0 12.02000385522842 0.1777522265911102 1.999737679958344 1.782572880387306 7.809721931815147 0 7.901130318641663 5.134237393736839 3.088318854570389 2.146758660674095 0.4534875899553299 0.7940184772014618 0 0 0 0 0 0 0 0 0 0 0 0 0 0 0 0 0 0.8804780542850494 0.8585136532783508 0 0.107998251914978 0 0.254012331366539 0.6334351897239685 0.5215788930654526 0.8908728808164597 0 0 0.2031191289424896 0 0 0 0 0 0 0.3591651916503906 0 0 0 0.1141755506396294 0.138946458697319 0 0 0 0 0 0 0 0.1507724225521088 1.102225631475449 0.6083388775587082 0 0 0 0.09787870198488235 0.1091275364160538 0.1998353749513626 0 0 4.826766215264797 0.2967728078365326 0 0 0 0.4228243082761765 0.3540067821741104 0.7474454045295715 0.2963341474533081 0 0 0 0.4015044942498207 0 0 0 0 0.1025209575891495 0 0 0 7.942640125751495 0.7765408009290695 1.428734868764877 165.0679208934307 45.72704263776541 282.4236392825842 52.51681888103485 635.5813430920243 81.1075122654438 2.500554420053959 36.38725914061069 5.425312861800194 0.6079061180353165 0.5113500952720642 0.3106337785720825 1.501244075596333 0.6228645145893097 0 0.4289156347513199 2.341130666434765 0.2259720861911774
809.6650902405381 1177.505380526185 0 23.61303389817476 827.7824597805738 54.76980331540108 104.3214188590646 1551.853858232498 1343.035537451506 47.5100289285183 3359.47395902127 10.27553795278072 90.54629203677177 452.9089583009481 9.626601696014404 9.96034574508667 1.151341959834099 0 0 0.3841247707605362 2.230449467897415 0 0.5496801435947418 0.2763635516166687 1.179182037711143 0 1.053293451666832 0.1779198348522186 0 0 5190.397845119238 838.1539928168058 79.75457824021578 1.544915534555912 1.642836511135101 3.211274266242981 13.0952508226037 1.616874068975449 3.932931467890739 0.6717139780521393 0.1938897371292114 0.6229691952466965 0 1.946880787611008 0.560053363442421 2.308853335678577 21.17201764136553 0.3981099650263786 0 0.1152650117874146 0.1831866800785065 0 0 0.9397142305970192 0.4609762728214264 0.6846690475940704 58.16650674492121 690.0061803013086 28.24433820694685 9.324091926217079 5.577675431966782 23.74320289492607 4.018648207187653 226.559493124485 0.6508595123887062 0.2647717818617821 0.4912095442414284 0.548449918627739 2.138537846505642 0.7914857268333435 26.82867685705423 2.414341993629932 0.1967066526412964 77.90656650066376 49.01427251845598 34.53151951730251 22.25708031654358 15.25042916089296 280.8314878046513 498.8266879767179 74.26573739945889 465.1330067068338 4.736740976572037 0.1830006912350655 0 0.6883202195167542 1.277667306363583 0.2263061180710793 0.1947649717330933 0 0 0.1614991128444672 0 0 0.7287906408309937 21.93349187076092 7.768343389034271 0 6.202656589448452 312.341020360589 0.1894022226333618 0 0.1864403635263443 0.4076741337776184 0.3148619830608368 3.185232445597649 0 0.737580418586731 0.2865591049194336 3.669087484478951 0.2570360824465752 3.740043431520462 8.896832339465618 4.238316178321838 4.733987681567669 0.1720706820487976 0.5448976159095764 0 0 0 0 0 0 0 0 0 0 0 0 0 0 0.1358421295881271 0 0 0.1074231490492821 1.307165801525116 0 0 0 1.664710819721222 0.3780094832181931 2.7890450283885 0.4407388418912888 0.1599990576505661 0 0 0.4092540740966797 0 0.5651372149586678 0 0 0.1836574971675873 0.3593611195683479 0.1058311238884926 0 0 0.1320223063230515 0 0 0 0 0.2599411904811859 0.7592698782682419 0 0 0 4.878899917006493 0 0 0 0 0 0 0 0 0 6.345256641507149 0.2686336934566498 0 0 0 1.168850928544998 0.3040986657142639 0.3655143678188324 0.8499451279640198 0.2214606553316116 0.3647482097148895 0.6209916770458221 1.552287131547928 0.1285655498504639 0 0 0 0 0 0 0 6.867530100047588 2.000350318849087 1.730440773069859 51.88662081211805 7.92338852584362 57.25175908207893 12.47156344354153 71.88620068877935 11.7022432461381 0.4281638264656067 15.09944166988134 3.278722554445267 0 2.263956792652607 0.09326344728469849 0.797515794634819 1.126112744212151 0 0.3791313767433167 0.463996633887291 0
3276.60284242034 2236.60284934938 23.61303389817476 0 281.2965212836862 309.1762301921844 949.6524395421147 1.413817644119263 191.731110624969 2640.564107209444 13.19088368117809 809.8460202515125 2199.975582160056 877.0711113363504 6.314804933965206 2.601399376988411 0.5671015381813049 0 0 0 0.1647998690605164 0 0 0 0 0 0 0 0 0.1216980665922165 251.9058419987559 0.8362996280193329 6.195001572370529 0 0 0 0.3325616121292114 0.66009321808815 1.58787627518177 0 0 0 0 0 0 0.09875299781560898 17.29393058270216 0 0 0 0 0 0 0.1120304092764854 1.077480636537075 1.155373863875866 73.09614771604538 260.7013057246804 42.94511253386736 9.75004718452692 0 1.221157997846603 0 5.326958261430264 0.9262973293662071 0.2360936626791954 0.6933480724692345 0.4761423915624619 0 0 124.3783237338066 0 0 123.7638203427196 33.10992495715618 38.10753501951694 8.745322979986668 2.752926871180534 0 0.8950053304433823 0.6094688177108765 2.275617070496082 7.896830171346664 0.2067748159170151 0.3316560536623001 1.739201329648495 0.684579961001873 0 0.5383739024400711 0 0 0 0 0 0 469.2143446207047 1.249563008546829 0 1.907739281654358 610.3115397691727 0.7295846939086914 0 3.242133751511574 0 0.4910367131233215 14.4875857681036 0.6342071294784546 3.632831990718842 9.154541432857513 19.0970501601696 0.5243057608604431 14.45611798763275 22.62496380507946 10.71929803490639 6.055951833724976 0 0.2096758633852005 0 0.1997172683477402 0 0 0 0 0 0 0 0 0 0 0 0 0 0 0 0.6322959214448929 0.3278679251670837 0 0 0 1.1408481746912 0 0.8735596537590027 0.3033342659473419 0 0 0 0 0 0.1405715644359589 0 0 0 0.874045118689537 0 0 0 0.2782528102397919 0 0 0 0 0 0 0 0 0 4.308907881379128 0.1424116045236588 0 0 0 0 0 0 0 0 13.1351228505373 0 0 0 0 0.828177735209465 0.3377028107643127 0.6129018515348434 1.207562655210495 0.7184155359864235 0.1803243309259415 0.4780857115983963 0.4162632822990417 0 0 0 0 0 0 0 0 27.00576403737068 1.139022096991539 0.7518942952156067 53.62665618211031 9.259081557393074 68.90232660621405 13.77009406685829 373.1276622563601 18.17961364984512 0.199843093752861 10.57377811521292 1.147178031504154 0.1461734026670456 1.695492386817932 0 1.190504670143127 0 0 0.6401166021823883 0.1616442054510117 0
731.1015558615327 5557.569802775979 827.7824597805738 281.2965212836862 0 38.84635631740093 2219.996045202017 16.79604738950729 6577.825690545142 765.2388918846846 925.6549616158009 22.52866498380899 501.2890729531646 115.8456418961287 28.1393978074193 6.950482361018658 1.105036199092865 0.1816083490848541 0.1772773861885071 0 1.859683379530907 0 0.1062986627221107 0 0.1613958775997162 0.9883776158094406 0 0.3905974179506302 0.1070109680294991 0.4844018891453743 776.803238093853 21.03544379025698 4.128177434206009 0 0 0 1.06996101886034 0.2683385387063026 1.397742427885532 0.8508329316973686 0 0.4201850146055222 0.1563757210969925 0.8216502442955971 0.2730074897408485 0.1083496361970901 99.20678446441889 1.369005344808102 0 0.7949466556310654 0.3439079374074936 0.2444209381937981 0.1123452857136726 0.4411226958036423 2.617921821773052 4.013586193323135 48.53880216926336 180.6667752563953 33.86108113825321 49.69332254678011 0.6841981932520866 1.75542102009058 0.1565972417593002 33.85875470936298 5.393095575273037 0.2508588656783104 1.928273767232895 0.7989861741662025 0.4877296760678291 0.1861366927623749 6.360143475234509 0.3608887046575546 0 167.2295866459608 59.0933771058917 202.7987946718931 57.91350020468235 5.828026033937931 1.242421351373196 3.213349364697933 1.385367661714554 4.289777003228664 19.14846972376108 0.4461770355701447 0.6202147379517555 4.837229192256927 2.664733313024044 0.2827537059783936 1.469554409384727 0.3601477295160294 0.649266704916954 0.2404568046331406 0 0 0.319078654050827 104.8347239345312 3.662706419825554 0 2.232883714139462 60.80047972500324 0 0 0.851490318775177 0.1796909421682358 0 7.475827947258949 0 0.878137543797493 2.256104037165642 7.144586578011513 1.547176480293274 5.826671704649925 6.436818823218346 1.910280093550682 1.300339847803116 0.3070520162582397 0.2158381044864655 0 0.1271874159574509 0 0 0 0 0 0 0 0 0 0 0 0.1331200450658798 0 0 0 0 0 0 0.1522795855998993 0 0 0 0.2743324488401413 0.5603673160076141 0.1121902018785477 0 0 0 0 0 0 0 0 0 0 0 0 0 0 0 0 0 0 0 0 0 0 0.6236127763986588 0 0 0 0.100932814180851 0 0 0 0 0 3.639323607087135 0 0 0 0 0 0 0.635481059551239 0.1334964781999588 0 0.1643030941486359 0 0 0 0 0 0 0.2340451702475548 0 0 0 6.556963123381138 0.4469407722353935 0 138.0254124253988 36.5926555916667 226.0715604349971 46.98555520921946 164.0200160890818 42.72607684135437 0.7402025461196899 41.68058132380247 4.059074535965919 0.1530621349811554 1.424563854932785 0 1.011636823415756 0 0.1969588249921799 0 2.854928947985172 0
65.67958757281303 393.1833523213863 54.76980331540108 309.1762301921844 38.84635631740093 0 176.0853764563799 3.29493036866188 30.58814286440611 550.2550110965967 14.88426047563553 68.54780849814415 115.8135558515787 57.1881524771452 0 0.2088725864887238 0 0 0 0 0 14.34462517499924 0 0.5688005089759827 0 0 0 0 0 0 102.8493779450655 0.2952899634838104 42.97189982235432 0 0 0 13.84946270287037 1.456866204738617 6.732265651226044 0.2755445241928101 0 0 0 0 0 0 1.608275026082993 0 0 0 0 15.76085737347603 8.223021388053894 0.7596323192119598 0 0.2341765910387039 163.1216159239411 106.3539522886276 20.11638204008341 0.7208641022443771 0 8.461608812212944 0 0.3012525141239166 0 0 0 0 0 0.193050429224968 94.66816337406635 142.7113105356693 3.97184157371521 45.45674873888493 10.43285693228245 4.167452067136765 1.015829883515835 0 0.1942852884531021 22.9624211192131 0.8742077201604843 4.608501553535461 1.40052305161953 1.491909638047218 0 0.2228828147053719 0 7.382549658417702 1.583584308624268 16.22193112969398 0 0.600178137421608 0 0 0 355.6707400530577 238.666670575738 72.39549900591373 30.11248014867306 588.0358739495277 0 0 0 0 0 0.6413268595933914 0 0.8417176306247711 0.8187418282032013 0.2830653786659241 0 0.993266761302948 0.4155725389719009 0 0 0 0.2379380315542221 0 0.2129139006137848 0 0 0 0 0 0 0.2578916251659393 0 0 0 0 0 0 0.384051650762558 0 0 0 0 0 0 0 0 0.1982129365205765 0 0 0 0 0 0.1813493371009827 0 0 0 0 0 0 0 0 1.416105583310127 0 0 0 0 0 0 0 0 0 0 0 0 0 0 0 0 0 0 0 0.1482960730791092 0 0 0 0 0 0.2276999205350876 0 0 0 0 0 0 0 0 0 0 0 0 0 0 0 0.1731356978416443 0.4026692062616348 4.494835771620274 1.795728489756584 13.734942689538 2.681259237229824 391.0474714636803 4.272311836481094 0 0.4706349521875381 0 0 0 0 0 0 0 0 0.1641232967376709 0
347.7588034123182 5615.783973313868 104.3214188590646 949.6524395421147 2219.996045202017 176.0853764563799 0 6.740962788462639 1771.988300040364 2836.741854578257 277.8044380396605 206.8869477882981 2305.748181417584 1036.398313187063 73.06508156657219 18.44144874811172 1.178131759166718 0.3894363269209862 0.131645068526268 0.5523247867822647 0.8128636330366135 0 0.1248987093567848 0.1277562379837036 0.1361285746097565 0.5093428492546082 0.1664423197507858 0.8619400262832642 2.689102545380592 0 304.887384340167 40.70766760408878 20.22861165553331 0 0.1340686082839966 0.1111444532871246 7.381292589008808 1.076509289443493 2.28358556330204 0.2327681332826614 0 0.4630942195653915 0.2658338844776154 2.204934701323509 0.1451974809169769 0.7203832715749741 212.572551228106 1.527935706079006 0.2285273149609566 0.534710206091404 0.798722043633461 0.9896317943930626 0.1645607501268387 0.4768204092979431 4.36145993322134 8.359380021691322 66.51385691016912 251.2302451580763 59.85391975939274 95.17010921984911 2.76760359108448 7.145023301243782 1.086170822381973 75.73081155121326 6.675262480974197 1.076167553663254 2.166150525212288 1.68712429702282 0.6570262461900711 0.3557232022285461 63.01738234609365 0.2840592265129089 0.1418797224760056 270.3604952022433 97.33887995034456 368.4557198807597 135.3862956017256 18.01699955761433 2.724400147795677 7.605649143457413 2.686271108686924 6.241735607385635 39.80143684893847 1.130063071846962 1.573901459574699 9.683826841413975 2.575842194259167 0 1.373851135373116 0.3067665249109268 0.7434651330113411 0.8845167681574821 0 0.1414293497800827 2.050885871052742 895.4752573668957 8.170728892087936 0 4.611661545932293 75.91974287480116 1.181414395570755 0 15.96844334900379 3.221378952264786 0.5754396021366119 48.67529052495956 1.114112421870232 6.729922205209732 21.99209368228912 61.5923266261816 4.498125687241554 51.44823494553566 47.09449991583824 28.46585054695606 14.80320957303047 0.757424920797348 1.387899056077003 0 0 0 0 0.154531791806221 0 0 0.1886122822761536 0 0 0.3242346346378326 0 0 0 0 0 0.1667847633361816 0.3668953478336334 0 0 0 0 1.10207974165678 0.5377954766154289 4.303291834890842 0.6403753906488419 0 0 0.1296426802873611 0 0 0.5065475702285767 0 0 0.3631065487861633 1.260110817849636 0 0 0 0.1801511496305466 0.2367638945579529 0 0 0 0 0.1574608832597733 0 0 0 8.060937575995922 0 0 0 0 0 0 0 0 0 29.01620279252529 0.1431574374437332 0 0 0.1353901773691177 1.883310735225677 0.3272685706615448 1.94932821393013 0.4611172080039978 0.3332495391368866 1.206102795898914 1.368999898433685 0.5856718569993973 0.1547774523496628 0 0 0 0.3730736449360847 0.1362697631120682 0 0 64.72970898449421 3.260341055691242 1.843872010707855 350.3087616041303 62.37677229940891 437.8231181278825 98.87137535959482 494.5385614186525 93.7278138846159 4.108296237885952 101.3409946337342 9.073511004447937 0.5587438344955444 1.841903299093246 0.3395421281456947 5.349387615919113 0 0.1848024278879166 4.007235750555992 8.477890379726887 0.4768292903900146
86.5915075019002 176.5996084138751 1551.853858232498 1.413817644119263 16.79604738950729 3.29493036866188 6.740962788462639 0 239.6301386505365 3.069513238966465 2683.837906293571 18.03336971998215 48.5554383546114 262.1435124576092 22.76568146049976 17.26208233088255 2.71797452121973 0.6226680427789688 0.1900126188993454 1.184880703687668 1.211984097957611 0 0.1253131330013275 0 2.595917642116547 0 0.4278981983661652 0.6533675864338875 0 0 1046.114367395639 1392.192084647715 191.9624741002917 3.210372060537338 3.954760059714317 5.049458295106888 22.56128671020269 2.026954889297485 7.158605575561523 1.212892591953278 1.377866640686989 0.8577305376529694 0 9.28197468817234 0 5.422649122774601 54.6125256344676 0.4091135635972023 0.6778959631919861 1.066728532314301 0 0.5233487486839294 0.3966364860534668 1.200927942991257 0.8316583260893822 0.8198480382561684 23.82607105374336 174.6281334012747 15.90088241547346 15.65195206552744 10.33474710583687 38.11901122331619 8.538403332233429 177.1075539961457 0.9007765799760818 0.3810093253850937 0.3512524366378784 1.203591600060463 4.398690283298492 1.921101070940495 48.24999989569187 6.683738484978676 0.2046010941267014 68.04581638425589 38.21516449004412 82.56778151541948 78.78138466179371 224.78792527318 242.8847672119737 720.6769925504923 208.2717789113522 578.9962032660842 6.618676245212555 0.1319386065006256 0.1031147912144661 1.642920479178429 6.160126522183418 0.1056883484125137 0.935790941119194 0 0.192550927400589 0.4864106774330139 0 0.3534179627895355 0.3778472095727921 63.07105228304863 18.01562477648258 0 7.901788234710693 50.40806846320629 0 0 0.5179725140333176 0.3352280855178833 0 10.02413769066334 0.8389954566955566 0.643189936876297 2.814437001943588 6.589195922017097 0.5623164921998978 9.788541093468666 8.848982810974121 8.651088431477547 13.54871828854084 1.559819221496582 0.4430199861526489 0 0.2797321975231171 0 0 0 0 0 0 0 0 0 0 0.1523483395576477 0 0.2666685879230499 0.1491708010435104 0 0.194575309753418 0.7165950387716293 0 0 0 2.254737310111523 0.6982590854167938 5.591978214681149 1.1949722468853 0.2168191969394684 0 0 0 0 1.260444328188896 0.4631298929452896 0 0.1703958958387375 1.548102587461472 0 0.5882108211517334 0 0.5641444176435471 0 0 0 0 0.3769310116767883 1.457828938961029 0 0.1349510252475739 0 9.847139269113541 1.305728539824486 0 0 0 0 0 0 0 0 13.38771600276232 0 0 0 0 3.597952589392662 0 1.585868529975414 1.180761583149433 0.6977828368544579 0.7535028755664825 0.4046265780925751 1.901002921164036 0 0 0 0 0 0 0 0 17.17389060556889 5.419769838452339 3.868938207626343 150.9823946133256 12.25787793844938 131.641398191452 19.61326586455107 57.81087660044432 17.15199047327042 0.4564588069915771 37.37431056797504 5.374091893434525 0.2292190343141556 3.30654688179493 0.5858032405376434 3.26541143655777 0.5590836554765701 0.2805598080158234 1.048698753118515 0.9665671214461327 0
355.3791691511869 3292.595200769603 1343.035537451506 191.731110624969 6577.825690545142 30.58814286440611 1771.988300040364 239.6301386505365 0 584.508211478591 1841.328983165324 186.1259380653501 2050.152081683278 1923.170786552131 86.48725794255733 28.88619347661734 0.6507367044687271 0.393845334649086 0 0.5022408589720726 1.143033936619759 0 0.1375205814838409 0.1278452128171921 0.118772879242897 0.8910622820258141 0.251820370554924 1.112707935273647 1.314428217709064 0 499.0586106553674 78.14827841520309 51.48866561055183 0.7856101021170616 0.2781793624162674 0.2682383060455322 3.727526061236858 0.469644695520401 2.594175279140472 0.7447474971413612 0 1.05662202835083 0.4220925644040108 2.239180825650692 0 0.6245894730091095 217.7538686171174 2.66238159686327 0 1.337308406829834 0.8451209589838982 0.3094192147254944 0.1121922060847282 1.565611936151981 2.466407157480717 5.768640883266926 52.67802385240793 185.194100394845 50.23512801527977 75.68835208564997 1.477209880948067 5.292383261024952 0.666071280837059 106.1822102740407 5.878623284399509 0.6188236922025681 2.670426286756992 2.404886767268181 0.8284013345837593 0.502823680639267 62.06874579191208 1.65224577486515 0 215.7438479065895 86.71160461753607 339.2530090361834 171.9365892261267 35.63964017480612 15.35441291332245 14.67378614842892 3.697081662714481 10.30298289656639 32.98524225503206 1.019669085741043 0.9759350046515465 7.11114190518856 4.219899646937847 0.3991411924362183 1.200008749961853 0.1386968940496445 0.8669144958257675 0.3084997832775116 0.3805740773677826 0.09893836826086044 1.814914003014565 396.3482875674963 4.252034604549408 0.5090483427047729 3.530485779047012 47.75719982385635 0.1341013610363007 0 11.2339152097702 2.91637647151947 0 38.68730479478836 0.1788404434919357 8.335740521550179 20.07916809618473 44.06230618804693 2.548074260354042 32.57181375473738 45.20886079967022 23.06217869371176 15.13976213335991 0.1206283494830132 0 0 0.1296813040971756 0 0 0 0 0 0 0 0 0 0 0.2856951057910919 0 0.2228061258792877 0.1784632354974747 0 0 3.605147242546082 0 0.1924438923597336 0 1.557917810976505 1.532792039215565 5.927873551845551 0.6817752718925476 0 0 0 0 0.1620359867811203 1.04927734285593 0 0 0.3511676490306854 1.907331138849258 0 0 0 0.1169783249497414 0.11520666629076 0 0 0 0.1234234198927879 1.311602666974068 0 0 0 13.60687346756458 0.3753320276737213 0 0 0 0.133238673210144 0 0 0 0 31.53559568524361 0 0 0 0.1922094821929932 4.166711196303368 1.136099740862846 1.275448858737946 2.087173283100128 1.335764899849892 0.7306522950530052 1.045616909861565 1.063034892082214 0 0 0 0 0.1641086935997009 0.4264180511236191 0 0 57.43633798509836 3.239076815545559 0.7812608703970909 380.3917371630669 52.49937076866627 445.8098332136869 102.1286552175879 217.0508969202638 79.08213689923286 2.929878011345863 109.7724958434701 14.18702205270529 0.1677106916904449 3.73503165692091 0.7110406309366226 4.834705084562302 1.453987658023834 0 2.94335200637579 9.209055103361607 1.53854838013649
1255.076163455844 2489.620157048106 47.5100289285183 2640.564107209444 765.2388918846846 550.2550110965967 2836.741854578257 3.069513238966465 584.508211478591 0 43.78480042517185 1502.141468934715 4141.052611760795 1996.392495043576 15.58492320775986 6.527822494506836 0 0 0 0.1742582321166992 0.1414342522621155 0 0 0 0.1240995526313782 0.2987220287322998 0 0 0.502959132194519 0 227.9088831171393 5.717680849134922 26.5662379488349 0.2557397112250328 0 0.2546649873256683 5.291553646326065 0.9113463163375854 1.905383370816708 0.1449115723371506 0 0 0 1.620987996459007 0 0.1238702163100243 54.03874672949314 0.3664211481809616 0 0 0 0.1224651783704758 0.1338622719049454 0.1377115696668625 1.205173887312412 1.931111559271812 76.59967544674873 234.0203614532948 48.19968885183334 20.60264241695404 0.7534531876444817 1.856480598449707 0.3564637005329132 18.6817934140563 2.061617434024811 0.09919518232345581 0.753163181245327 0.6298298984766006 0.1498750448226929 0 332.3053954914212 3.8565753698349 0 151.0599013492465 35.18601959198713 86.29991359263659 33.81965417414904 8.889469511806965 0.800873875617981 3.067421525716782 0.8502466678619385 2.951749548316002 13.76271422207355 0 0.4982270449399948 3.577131360769272 0.9024405553936958 0.2573410347104073 0.1304510831832886 0.111152857542038 0.1168066039681435 0 0 0 0.1824400275945663 1949.559438288212 10.5524787902832 0 1.927567645907402 451.504237242043 0.1267994046211243 1.353090807795525 28.89157348871231 6.1314537525177 0.5240945816040039 126.9801532328129 2.349733203649521 19.21324445307255 51.23605340719223 131.2866370007396 3.132345132529736 125.3379509449005 112.8569182157516 76.5723108202219 35.04522456228733 0.5440539121627808 1.30396281182766 0 0 0 0 0 0 0 0 0 0 0 0 0 0 0 0 0 1.536557823419571 1.079123139381409 0 0.1290881037712097 0 3.822356849908829 0 6.01061836630106 0.2213502526283264 0.161589577794075 0 0 0 0.2785388678312302 0.3017703741788864 0 0 1.054608598351479 1.781218037009239 0.1296713799238205 0.1539726406335831 0 0 0.1245835497975349 0 0 0 1.219787374138832 1.35100694000721 0 0 0 14.43605756759644 0.9329517334699631 0 0.112184189260006 0 0 0 0.1375648379325867 0 0 59.06443758308887 0 0 0 0.2004605680704117 6.676781520247459 0.758438304066658 2.582062348723412 2.397244535386562 1.576596274971962 1.592001020908356 2.092853829264641 3.47110590338707 0 0 0 0 0.102249763906002 0 0.1546384543180466 0 148.5426261052489 5.25467199832201 0.7581041604280472 135.3394771069288 14.49388012290001 135.3230209648609 28.47770953178406 663.4103262871504 24.50451926887035 0.1105887517333031 28.35604137927294 8.530250445008278 0.810686431825161 3.90953902900219 0.8087009340524673 14.98804298043251 0.9601403325796127 0 1.437674939632416 1.424014195799828 0.7915719896554947
357.8355529084802 1084.647833138704 3359.47395902127 13.19088368117809 925.6549616158009 14.88426047563553 277.8044380396605 2683.837906293571 1841.328983165324 43.78480042517185 0 213.1900844275951 1405.393110454082 3184.473689727485 79.72493048757315 60.33510829508305 1.295198276638985 0.2770903185009956 0 0.7621389701962471 0.7088205814361572 0.2500546872615814 0.1956029534339905 0.1246546432375908 1.766211397945881 0.60272116959095 1.82609898597002 0.4902448952198029 0.7037461400032043 0.1143400743603706 1331.454264447093 516.0620627775788 1216.350648030639 2.22068790346384 2.27481921762228 6.733996085822582 236.9635561183095 13.2242137491703 27.53903733938932 4.020010314881802 0.1240329965949059 0.3430955708026886 0 8.529174730181694 0 2.281757988035679 136.6721941009164 0.8037074729800224 0.4387963339686394 0.3593738228082657 0.5428138822317123 0.1510346829891205 1.63913868367672 1.366624683141708 2.449562288820744 4.231533549726009 40.02336224913597 238.1716254875064 33.06220907717943 46.18230751156807 2.24077695608139 194.2549102529883 2.814445614814758 111.0904142558575 3.134438171982765 0.5303542241454124 1.325897254049778 0.9859104305505753 1.068175844848156 0.8089226856827736 435.2301380038261 19.95049297064543 0 142.1161075085402 62.46109090000391 220.2091795355082 150.9697692170739 59.75380432605743 71.10385602712631 658.8365346342325 14.3146061077714 173.8109971955419 16.35133194923401 0.6348933950066566 0.6872102692723274 4.460888899862766 2.499862477183342 0.3517295643687248 0.8883354067802429 0 0.9082305729389191 0.5299346446990967 0 0.261438861489296 0.4831092730164528 328.2007832229137 53.05679140239954 4.216729700565338 41.22449522465467 85.1777215898037 0.3312429338693619 1.514843374490738 4.277697131037712 1.70036044716835 0.8026794493198395 17.70627547800541 0.703493520617485 6.478082418441772 9.02648451924324 30.19674574583769 2.937956787645817 33.39167428016663 35.40220142900944 27.68362592160702 30.14475180208683 1.050191059708595 3.933771781623363 0.2820937484502792 0.5600248426198959 0 0 0.1263459622859955 0 0.1548924446105957 0.167846217751503 0 0 0 0 0.1760106980800629 0 0 0.1442625224590302 0.3566140234470367 0.593570739030838 3.98448720574379 0 0 0 6.721380017697811 2.347835555672646 15.05171018093824 2.872988514602184 0.4640638083219528 0 0 0.1353624165058136 0 3.510212413966656 0.7751892507076263 0 0.921464167535305 5.223276443779469 0.1750172525644302 0.1294211745262146 0 0.421349361538887 0 0 0 0 0.6447130441665649 0.6881204470992088 0 0 0.1442926377058029 36.91658999025822 0.8891170918941498 0.1327483057975769 0 0 0 0.1098849922418594 0 0 0 60.7694530710578 0.8317389637231827 0 0 0 7.406708806753159 2.688169576227665 5.11461429297924 5.299624986946583 4.154147438704967 6.894894205033779 2.983855746686459 4.357154481112957 0.08991658687591553 0 0 0 0.109958291053772 0 0 0 77.1929639801383 10.7018651664257 7.631426468491554 215.2353648394346 30.97574788331985 235.1407379284501 60.13065314292908 101.1294638961554 44.34630120545626 2.944548271596432 67.97148215025663 14.88204634189606 0.9137318506836891 6.912529401481152 1.816226899623871 4.693399287760258 0.7423408553004265 0 2.986336082220078 5.984800882637501 0.1484245210886002
47.52553682029247 44.98689441382885 10.27553795278072 809.8460202515125 22.52866498380899 68.54780849814415 206.8869477882981 18.03336971998215 186.1259380653501 1502.141468934715 213.1900844275951 0 2316.929610423744 1233.878969341516 14.34546419233084 11.82472798973322 0.4280606061220169 0.1691094934940338 0 0 0.1820432543754578 0 0 0 0 0 0 0 0.1474934965372086 0 10.84738359600306 9.718623094260693 78.46097423881292 0 0 0 40.4450723528862 0.8418266922235489 4.437808260321617 0 0 0 0 1.071086131036282 0 0 21.47389159351587 0 0 0 0 0.6148902177810669 0 0.2479657605290413 0.4554580003023148 0.286316767334938 4.35728769749403 10.39084523916245 3.835871249437332 6.474336534738541 0 2.478622078895569 0 6.055115275084972 0.08909659087657928 0 0.1289994567632675 0.09963186085224152 0 0.208895280957222 364.3922570720315 7.897220022976398 0 13.44048516452312 3.999335072934628 25.00242569297552 14.07129138708115 5.634846597909927 0.9628390520811081 32.63054124265909 1.812888659536839 9.210718184709549 3.256664365530014 0 0 0.3752344772219658 0 0.3307114839553833 0 0.2826539278030396 0.1285697668790817 0.1166045963764191 0 0 0 1847.47054618597 53.0878958106041 0 39.26965235173702 16.55910977721214 1.552841134369373 0.3804090917110443 27.94256369769573 12.23065756261349 1.247258275747299 131.2594890967011 2.993670791387558 24.37160614132881 67.91958963871002 160.4122840166092 6.103721484541893 171.5451626479626 146.8751225918531 126.3184322863817 74.13530711829662 0.9431223571300507 2.036987774074078 0.2827668786048889 0.295943446457386 0 0 0 0 0 0 0 0 0 0 0 0 0 0.1430696994066238 0.2404538244009018 3.774665579199791 5.870043829083443 0 0.2392519190907478 0 8.752895809710026 1.717078872025013 9.635146841406822 0.8275513276457787 0 0 0 0 0.6895999610424042 3.932093590497971 0.5410380363464355 0 2.293791204690933 7.554660178720951 0 0.1672819256782532 0 0 0 0.452409490942955 0.2137961983680725 0 0.754062794148922 5.625875368714333 0.3079040050506592 0.3559308350086212 1.13144525885582 42.66219448298216 4.057942405343056 0 0.1356109380722046 0 0 0 0 0 0 110.1946952939034 0.835125744342804 0 0 0 15.5852786898613 2.101002022624016 8.371815502643585 6.952448956668377 7.378727704286575 5.216869719326496 3.678546711802483 4.308298878371716 0 0 0 0 0.09917955100536346 0 0 0 227.6042283177376 14.52634133398533 5.363406270742416 73.65466302633286 4.229762479662895 44.70572458207607 6.583156511187553 61.688391238451 7.915576927363873 0.6922356113791466 14.58215597271919 15.91219029575586 0.6893840059638023 12.08140432834625 3.131335385143757 21.8873330950737 2.085169844329357 0 3.247311264276505 1.296812780201435 0.1935146301984787
112.9142050892115 667.8969828486443 90.54629203677177 2199.975582160056 501.2890729531646 115.8135558515787 2305.748181417584 48.5554383546114 2050.152081683278 4141.052611760795 1405.393110454082 2316.929610423744 0 4031.728696458042 82.56090597808361 54.70187504589558 1.446554489433765 0.2590535506606102 0 0.2386210411787033 1.387660086154938 0 0 0 0.1860650554299355 0.2079446911811829 0.3043100088834763 0.6259433925151825 0.5983171164989471 0.390410915017128 106.2770944833755 42.6564674153924 759.5439652353525 0.1238648518919945 0 0.3189278990030289 146.1653062552214 0 28.70793553441763 0 0.1576747000217438 0.5048398375511169 0.3736069053411484 5.851114869117737 0.1208597645163536 0.3402403593063354 154.5277245789766 1.410589471459389 0 0.1287406533956528 0.5025749579071999 0.4402320086956024 0.4373487830162048 1.245049603283405 0.7106418162584305 2.730312459170818 20.55257381498814 65.60039637237787 21.49076440930367 39.15231984108686 1.292681992053986 13.36977824568748 1.408261552453041 44.14818716794252 1.82231866568327 0.6679101064801216 1.306749977171421 1.423724099993706 0.3261091485619545 0.5012754425406456 478.4193609729409 17.96183440089226 0 107.7224839255214 41.94503572583199 205.1433372348547 132.1093270108104 45.62689123302698 5.462417371571064 115.3686869069934 3.593079812824726 32.03472036868334 19.25193616747856 0.5463411659002304 0.2566509693861008 4.079972714185715 2.82231193780899 0 0.9740190058946609 0.1662066727876663 0.3546578660607338 0.1335913836956024 0.25607830286026 0 1.09319681674242 2633.616017401218 27.84851309657097 2.173997044563293 25.37038062512875 39.75359299778938 0.6949805021286011 1.285689622163773 28.99730855226517 8.547166243195534 1.860272228717804 115.0695709735155 4.697071239352226 24.53004114329815 59.45374639332294 183.6998033076525 5.310876287519932 143.983751565218 177.1154203936458 100.80006057024 91.95537763834 1.771212518215179 5.314811624586582 0 0.958652064204216 0 0 0 0 0 0 0 0 0.1947993636131287 0 0 0 0.1946206539869308 0.3274469077587128 0 4.201757736504078 4.946004450321198 0 0.255438320338726 0.1647671908140182 14.07943835109472 1.944830730557442 32.00264928489923 2.494610778987408 0 0 0 0.2960053086280823 2.391256421804428 6.810850143432617 0.5380500182509422 0 2.305815160274506 10.47246735543013 0 0.130354568362236 0 1.374429672956467 0.1803842484951019 0.2087972164154053 0.3401629626750946 0.1227410808205605 1.249434739351273 6.989788420498371 0.1550643891096115 0.5613372325897217 0.6103930100798607 74.25868882983923 5.438448369503021 0.2318897172808647 0.4274773374199867 0.1107652485370636 0.1214607954025269 0 0 0 0 170.7403449192643 0.4180500954389572 0 0 0.171583890914917 24.50554128736258 6.737932749092579 10.02805861830711 5.639474645256996 9.631733283400536 9.32725815474987 4.523260809481144 8.67205273360014 0.1424324214458466 0 0 0 0 0 0 0 333.3691669777036 28.66485650837421 14.04494167864323 284.832089625299 36.12106178700924 266.506150431931 66.49392297118902 234.2720298618078 43.95755655318499 1.461719252169132 77.64711507409811 23.32657438516617 2.269367329776287 13.71681203693151 3.118254840373993 14.32216394692659 5.768065594136715 0.5969474315643311 5.9664336591959 6.930597968399525 2.388718485832214
160.5861795395613 353.7324370220304 452.9089583009481 877.0711113363504 115.8456418961287 57.1881524771452 1036.398313187063 262.1435124576092 1923.170786552131 1996.392495043576 3184.473689727485 1233.878969341516 4031.728696458042 0 164.6816537603736 117.5850534215569 2.194846875965595 0.6684312596917152 0 0.9751885384321213 1.62345427274704 0.3646910190582275 0.5638724267482758 0 0.1272595822811127 0.1575216948986053 1.112453609704971 0.8228989988565445 1.362928420305252 0 282.0040512382984 83.8361964225769 1455.525563336909 0.1112521439790726 2.529843240976334 2.09757573902607 467.7011038959026 19.20449359714985 50.20766494423151 3.995180323719978 0 0.6202905029058456 0.297113835811615 14.78780379891396 0 1.00007364153862 225.7662260234356 2.074196606874466 0.2315041199326515 0.9439922720193863 0.5481499284505844 0.6335207745432854 3.242852069437504 0.9439449980854988 1.602143116295338 4.322036057710648 31.06774516403675 98.17296008765697 28.49936689436436 53.61542020738125 3.722476460039616 249.6284487619996 2.611378908157349 84.07494166493416 4.500102378427982 0.9696649312973022 2.325528614223003 2.308410756289959 1.030611619353294 1.049024984240532 728.6439102441072 29.70065869390965 0.4187906980514526 134.1980650648475 47.15832561999559 295.6443589627743 231.8402728438377 93.53373182564974 13.42571686953306 519.8520116508007 8.780987970530987 107.1305434480309 21.53988960385323 0.298301950097084 1.21411719173193 5.557950153946877 3.312463447451591 0.08987844735383987 1.315663047134876 0.1665239781141281 0.6613111197948456 0.1285318434238434 0.2088304907083511 0 1.755785316228867 1329.687253475189 60.22273732721806 6.393327608704567 45.08798908442259 31.34974725544453 2.318343013525009 1.71241956949234 23.74449346959591 10.82351426780224 2.170493513345718 111.1368394494057 3.192979544401169 18.54143708944321 56.42319986224174 158.837663911283 11.3737413585186 153.4491762518883 177.4416753873229 130.6082090362906 114.7560307309031 1.596564345061779 6.619146317243576 0.1382641494274139 0.3454374074935913 0 0 0.4586536884307861 0 0 0 0 0 0.4572432041168213 0 0 0 0 0 0.412052184343338 5.811018347740173 8.20975835621357 0 1.012086950242519 0 19.41033264994621 6.899784952402115 33.26675868034363 5.26908690482378 0.4396990984678268 0 0 0.1671504825353622 2.040562137961388 7.243471063673496 0.6884072124958038 0 2.658637009561062 11.94635360687971 0 0 0 0.4276486337184906 1.034861534833908 0 0.7708569169044495 0 1.370311230421066 7.2198371514678 0.6820800378918648 0.1574344485998154 0.92018011957407 87.70691685378551 7.642982915043831 0.2959482669830322 0.8838537111878395 0 0 0 0 0 0 185.1262314915657 0.443716749548912 0 0 0 24.60073862969875 10.02048610150814 14.6018500328064 9.832136042416096 10.13890890032053 12.75197301805019 10.8110955953598 12.48174662142992 1.032463170588017 0 0 0 0 0.1627804487943649 0 0 298.9135387688875 33.72700020670891 21.13494261354208 437.7375237345695 48.55537064373493 374.8338532075286 111.0192218497396 188.3830717727542 71.10717099905014 3.242250233888626 127.876128859818 30.24572268873453 2.184975422918797 21.10898874700069 5.323515824973583 20.56731734424829 7.27546152472496 0.2755686938762665 10.36690070480108 13.0235473960638 0.8994005173444748
