0 4045.850773304701 697.4827691018581 1559.416150465608 1251.843741983175 106.2150398641825 560.9220399484038 308.2232583761215 1333.32343801111 1241.893987923861 1390.157682813704 183.5697020590305 741.9510488957167 626.8873026892543 38.81755068153143 7.57783529907465 0.1217972189188004 0.7834575176239014 0 0.3843554854393005 1.214046508073807 0 0 0 2.363656044006348 0.3166576623916626 1.564028404653072 0 0.4939796626567841 0.1709095537662506 407.2042817771435 10.55826149880886 9.511097952723503 0 0 1.239731773734093 5.117396265268326 1.125420987606049 2.015920639038086 2.010009407997131 0.7357361018657684 0.647930696606636 0.138163834810257 5.563695698976517 1.666735298931599 0.1082285195589066 74.43574007600546 5.105380840599537 0.3216000348329544 0.9455650672316551 0.1426247805356979 0 0.1616300493478775 0 22.74920488893986 14.460403829813 556.9474276378751 356.0251630619168 117.7863401025534 80.54087365418673 0.3664181232452393 0.3996577560901642 0 4.516093336045742 7.449342973530293 4.918561927974224 2.80762629956007 0.9693043380975723 1.362613968551159 1.707445368170738 23.21664482355118 9.143074721097946 0.322675347328186 223.2775425836444 92.44881405681372 76.09820877015591 17.0604634732008 7.061686590313911 0.3037998974323273 70.44763059914112 0.4103017747402191 4.03399508446455 48.99577142298222 2.17013193666935 5.86481985449791 9.556503273546696 3.248372152447701 0.7577950954437256 1.746157795190811 2.228858888149261 0 0.3267799615859985 1.753109410405159 0.840510755777359 0.5111211091279984 153.7340729683638 17.48217938840389 2.865735113620758 1.716086506843567 1493.614826582372 0 0 2.4756019115448 0 0.9308410286903381 2.15344163775444 2.614823117852211 1.025369226932526 20.43221694231033 8.656397566199303 0.522343784570694 3.474213629961014 19.92853776365519 11.89409266412258 4.125943288207054 1.571285001933575 0.6652889028191566 0 0 0 0 0 0 0 0 0 0 0 0 0 0 0 0 0 2.92061947286129 0.3351090848445892 0 0 0.8410444855690002 9.926835119724274 0.1680468022823334 11.95867408066988 0.9084511697292328 1.535607188940048 0 0 0 0.8960741758346558 0 0 0 0 3.800261899828911 0 0 0 0 0 0 0 0 0.09967659413814545 0.8492871299386024 0 0.1858831793069839 0.1959947943687439 9.674609810113907 0.5520512163639069 0 0 0 0 0 0 0 0.3065972030162811 37.23463878035545 2.033415526151657 0 0 0 1.189936280250549 0.1497782766819 1.130188092589378 0.4642974585294724 0.3042008429765701 0.491120845079422 0.2979151159524918 0.548937663435936 0 0.1170188561081886 0.2372051924467087 0 0 0 0 0 12.98106729239225 2.020899653434753 10.14566746354103 246.2179429605603 18.06062571704388 200.9342575892806 28.6999646872282 1050.762111857533 11.00098976492882 2.919445089995861 39.57921415567398 5.192786827683449 1.213669955730438 5.063996583223343 0.1673630177974701 5.210878983139992 0.1843596398830414 0.1439617872238159 1.477603822946548 1.939968951046467 0
4045.850773304701 0 1167.424551352859 2650.937269940972 6486.59690643847 18.03985221683979 2020.161023169756 276.8772756457329 3591.521681986749 252.4029335230589 889.4111182764173 65.89753493666649 523.6243708208203 520.6730614379048 30.14960077404976 2.162857875227928 0.4377307072281837 0.1272390484809875 0 0.1214002668857574 0.1132028698921204 0 0 0 1.022229954600334 0.1459200382232666 0.2987276911735535 0.1690665930509567 1.042860306799412 0 2084.82456279546 7.918815307319164 2.897100001573563 0 0 0.7660591155290604 0.2080319970846176 0.4669344872236252 0.381534218788147 0.4605637937784195 0 0.1509919911623001 0 2.50037008523941 0.8898891657590866 0.3516324907541275 72.19209484010935 3.511013180017471 0.7127256393432617 0.8657475188374519 0.7306887432932854 0.2285853028297424 0 0.148734375834465 11.66642677038908 12.21460119634867 139.2535807564855 210.8818928897381 37.15183409303427 48.39670425653458 0.1353811621665955 0 0.1583462059497833 21.46995016187429 7.440655566751957 5.23142758756876 5.899216711521149 0.8450590372085571 0.1484978199005127 0.2860238701105118 2.068456523120403 1.088739454746246 0 127.6726948171854 43.74982327967882 84.00808525085449 31.87778817862272 2.165741972625256 0.4068984314799309 26.59016146510839 0 1.153567373752594 42.64286467432976 1.494171902537346 5.193190567195415 12.18392917513847 4.642765268683434 0 4.116780087351799 0 0 0.1961750686168671 0.5392262041568756 0.4701250940561295 0 24.103850081563 1.992896676063538 0 0.5011186599731445 581.3713569790125 0 0.1848593056201935 0 0 0 0.1385451257228851 1.470329403877258 0 39.08828635513783 4.276545882225037 0.5602070987224579 1.426900178194046 3.80030445754528 1.993648022413254 1.701410815119743 0.1533246040344238 0.2578718662261963 0.1140738725662231 0 0 0 0 0 0 0 0 0 0 0 0 0 0 0 0 0 0 0 0 0 0.6300361305475235 0 2.534689359366894 0.1539886146783829 0.4579072147607803 0 0 0 0 0 0 0 0 0.4284271001815796 0 0 0 0 0 0 0.1430727541446686 0 0 0 0 0.1473072916269302 0 2.702256247401237 0 0 0 0 0 0 0 0 0 8.900913998484612 0.3721950054168701 0 0.09458795189857483 0 0.141332671046257 0 0.1597216129302979 0 0 0 0.5897156000137329 0.1860905438661575 0 0.1162393987178802 0.1041059121489525 0 0 0 0 0 3.099942341446877 0.5144451260566711 2.306538388133049 82.26532690227032 13.71557553112507 153.3796867206693 14.75557918846607 188.5671845898032 3.539155401289463 1.312444612383842 15.58304669708014 1.981128618121147 0.2243392318487167 1.126815780997276 0 0.9755203127861023 0 0.2907848358154297 0 3.905595242977142 0.3286992907524109
697.4827691018581 1167.424551352859 0 61.02843595296144 316.4162991568446 0 33.29378379881382 1942.289069600403 677.12042016536 14.93568356335163 1215.980340868235 11.48499873280525 87.17289599776268 137.1670034602284 43.00186512619257 28.93478834629059 14.98966415971518 37.58359804004431 2.665804825723171 65.17856837064028 55.08987635374069 0 6.725571438670158 2.12976460903883 36.68489088863134 6.355065293610096 32.67627676576376 0.9255061596632004 2.040836729109287 4.102741099894047 5880.448225930333 704.6075972765684 5.239809617400169 4.174710281193256 6.178725890815258 54.9237203001976 2.47710208594799 17.94540753960609 1.730096220970154 11.89384773373604 14.3202300593257 3.517123803496361 35.72751415520906 24.05507984757423 8.473617188632488 32.81239596009254 72.22243006527424 15.32749120146036 27.02179080992937 88.85806842893362 4.083855681121349 0.9008674994111061 1.393888801336288 0 3.556607827544212 4.034168183803558 237.8663085028529 619.0008444935083 42.06486329436302 28.182004109025 219.6362997218966 40.27227077633142 19.75964424014091 576.0816259160638 1.520122744143009 4.382309086620808 3.063336245715618 7.313129179179668 27.50259871780872 59.38854897767305 2.860490098595619 4.719478137791157 0 131.2211459130049 88.25068949908018 55.0667278021574 47.34156870096922 18.53437004983425 488.9239176362753 1004.660278379917 55.20099845528603 1574.47092589736 9.138317167758942 1.036713004112244 3.532415151596069 4.204107061028481 37.04347220808268 0.1289484351873398 2.075589828193188 0.7118561118841171 8.272320456802845 3.155432648956776 25.35117644816637 7.781583271920681 2.365865029394627 7.055505469441414 0.3325881361961365 0 0.2054706811904907 124.1170279309154 1.083966970443726 0.1203780844807625 0.3515066802501678 0 0.1618944704532623 1.066343069076538 1.076181337237358 0.6459464728832245 0 1.484002493321896 0.6285208463668823 2.05186702311039 2.526456132531166 2.326595917344093 0.385952040553093 1.104921758174896 0.2323542535305023 0 0.5545388609170914 0 0 0.1409389078617096 0 0 0 0 0 0 0 0 0 0.2212708666920662 0.1224844604730606 0.2601142674684525 0.595329225063324 0 0 0 0 3.100952781736851 0 3.211490146815777 0.1613238006830215 0.2729534655809402 0 0.2671810537576675 0.4130592495203018 0 0 0.1098624393343925 0 0 0.8987202718853951 0.1761638522148132 0 0.5828672274947166 0 0.2939126342535019 0 0 0 0 0.8229835629463196 0 0 0 1.232500277459621 0 0 0 0.2760753706097603 0.2458368539810181 0.2178850397467613 0.2139901667833328 0.3501174822449684 0.2909597307443619 4.730277225375175 1.297166511416435 0.1724256873130798 0.6201093122363091 0.8667619302868843 0 0 0 0 0 0.3767345622181892 0 0 0.2368855029344559 0 0 0 0.9525256454944611 0.2967093214392662 0 0 3.465685904026031 1.983860298991203 2.322586804628372 143.7505745217204 21.62171091139317 217.0849206075072 45.12667733430862 31.02720472216606 3.659884124994278 1.729794047772884 22.07485357671976 3.957055889070034 0.6699233055114746 1.47115682810545 0 0.2073064595460892 0 0 0.6318286210298538 6.88354579359293 0.7693254798650742
1559.416150465608 2650.937269940972 61.02843595296144 0 1054.700470238924 245.6624423712492 2967.938894048333 3.670965574681759 645.1662445068359 4204.052004650235 79.5979530364275 332.5809710174799 1676.704826250672 147.8124673366547 28.25122991204262 1.112512812018394 0 0 0 0.2015125304460526 0 0 0 0 0.2563495114445686 0 0 0.3868004232645035 0 0 115.0091846138239 3.039841830730438 2.19367216527462 0 0 0.1691047996282578 1.32154056429863 0.6653513312339783 0 0.4110950380563736 0 0 0.1156744733452797 0.5260646343231201 0.2916695177555084 0.1508604735136032 68.29428415745497 6.404117919504642 1.206776320934296 0.4826954901218414 1.263683475553989 0 0 0 14.17914827167988 14.11863727867603 136.1454513296485 106.2955666184425 28.43152982741594 54.92698594927788 0.2696352154016495 2.414277985692024 0 17.61584193259478 8.895055741071701 4.863730676472187 4.78712060302496 1.837698176503181 0.6191790252923965 0 3.053575396537781 2.816152185201645 0 131.1007506772876 52.00485968589783 79.05464715510607 18.88030482083559 2.385063230991364 0 13.91231345385313 0.3484577015042305 1.704814799129963 50.85518769174814 2.887330800294876 9.512021824717522 12.02715294808149 3.144723795354366 0.1303357183933258 2.720378488302231 0 0 0 0.5205963253974915 0 0 88.20719049870968 1.694937527179718 0 0 247.7967937141657 0 0 1.191198468208313 0 1.143316820263863 2.121552914381027 0.9212123602628708 0.4456105828285217 104.3952388465405 7.039898127317429 1.420060813426971 1.120070472359657 10.38217647373676 8.761056765913963 0.8025550097227097 0.1292903125286102 0 0 0 0 0 0 0 0 0 0 0 0 0 0 0 0 0 0 1.536387875676155 0 0 0 0 1.358412891626358 0 5.90474146604538 0.417654886841774 0 0 0 0 0.4685000628232956 0 0 0 0 1.008816212415695 0 0 0 0 0 0 0 0 0 0.8006686568260193 0 0 0 2.657794833183289 0.3307724893093109 0 0 0 0 0 0 0 0 14.16756933182478 0 0 0 0 0.1682736277580261 0 0 0 0.1774699240922928 0.2618594169616699 0.1492205262184143 0.3206262290477753 0 0.4230409264564514 0 0 0.1218506246805191 0 0 0 6.871169716119766 0.3747618198394775 2.609476268291473 117.1394552513957 16.2723084166646 155.8581740781665 12.53334407508373 538.0074547976255 3.491018205881119 2.350434675812721 21.47229755669832 3.410144463181496 0.2384995594620705 1.430793404579163 0 1.675978615880013 0 0 0 0.72710782289505 0
1251.843741983175 6486.59690643847 316.4162991568446 1054.700470238924 0 25.83474262058735 763.3223526850343 22.06478996574879 5653.89418194443 1070.862126775086 334.8544935062528 317.9476879090071 1240.863592915237 732.8088940680027 89.94883318245411 9.330657802522182 0.957936130464077 0.7627835869789124 0.1181871518492699 0.3257834687829018 0.9137741476297379 0.3113053739070892 0 0.5593141466379166 0.7026229202747345 1.052826389670372 0.4793404340744019 1.141886994242668 0.5917128324508667 0.2631597146391869 429.0175660774112 24.73138167709112 3.887419685721397 0 0 0.3255742937326431 5.852210700511932 0 2.513369530439377 0.8988571912050247 0.9528893828392029 0.4627036601305008 0.289829783141613 2.437775291502476 0.9228136092424393 0.4427000135183334 390.0067179873586 22.11339561641216 1.725695803761482 2.138188019394875 2.057934612035751 0 0 0.3992004096508026 20.97373729944229 28.13831416517496 132.6134336292744 131.1149507835507 36.60986339300871 93.61039966344833 1.518282100558281 0.7314577996730804 0 107.5685065835714 19.75262226909399 14.28569305688143 13.26461127400398 5.028911292552948 3.205235607922077 0.7756072729825974 8.529114812612534 2.944699704647064 0 205.7362791448832 97.04710665345192 220.4547730311751 228.7613741084933 18.29398526996374 1.558763183653355 15.42532976716757 1.389812797307968 3.562667563557625 99.64434820413589 4.866337634623051 20.33814825862646 29.82248669862747 12.35666043311357 0 9.450357258319855 0 0.8029759153723717 1.165919415652752 0.6964238286018372 0.4377507343888283 1.058201588690281 87.38985654711723 3.588548734784126 0 0.4600744843482971 130.0032490640879 0 0 1.31927515566349 0.9729480668902397 1.057841658592224 1.759606391191483 6.884856700897217 1.346135795116425 28.36463280022144 8.08246822655201 0.6198640465736389 2.221894413232803 16.35570666193962 15.08994683623314 4.236493423581123 1.774300336837769 1.068728595972061 0 0.9911640882492065 0 0 0 0 0 0 0 0 0 0 0 0 0 0 0 1.942109614610672 0.8969424366950989 0 0 0 7.200539983808994 0 11.79449923336506 1.669763252139091 0 0 0 0 0 0.5375290513038635 0.3830491006374359 0 0 3.61586719751358 0 0 0 0.550042450428009 0 0 0 0 0.1653259992599487 0.2379569187760353 0 0 0.2610520720481873 6.673623815178871 1.383307099342346 0.3093129396438599 0.1363527476787567 0 0 0 0.1121774017810822 0 0 33.3295656517148 0.9864765405654907 0 0 0 1.098827540874481 0.3066326379776001 0.4189961403608322 0 1.105869710445404 0.5659935176372528 0.9838552474975586 1.186275035142899 0.3897890150547028 0.1087358742952347 0.09816884249448776 0 0.2608336806297302 0 0 0 10.4497347921133 3.239871144294739 10.10516186803579 345.9861228466034 58.89703574776649 571.6602792069316 93.41642070561647 283.3383509516716 28.38272807747126 5.472830802202225 94.31073694676161 9.423820115625858 0.5990583449602127 4.071438640356064 0.1993440985679626 4.393556445837021 0.1568608731031418 0.3547772467136383 0.5135081708431244 7.366795174777508 0
106.2150398641825 18.03985221683979 0 245.6624423712492 25.83474262058735 0 63.98687300086021 0.419300764799118 21.73692697286606 797.0596922338009 11.97298979759216 176.2860437631607 228.8758083730936 37.92780943214893 2.218200497329235 1.737513273954391 0.08597152680158615 0 0 0 0 0.4622160941362381 0 0 0.3904178589582443 0 0 0 0 0 2.640386119484901 0 19.8075272589922 0 0 0 25.60853224992752 0.2082892060279846 12.28172485530376 1.721176445484161 0 0 0 0.569490060210228 0.5795543864369392 0 1.96842584758997 0 0 0.2324002832174301 0 4.748631149530411 1.127577774226665 0 0 0.5332752615213394 19.89229620993137 0.8092590123414993 0.560969352722168 1.952211499214172 0 7.545842409133911 0.2095452696084976 0.2020754516124725 0.1343587785959244 0 0.1775132417678833 0 0 0.2156291455030441 130.3204399347305 114.5051625370979 8.264525398612022 1.938714608550072 0.5424866378307343 0.9856812283396721 1.198365598917007 0.4538413286209106 0 23.56569723784924 0 8.251148492097855 0.912781834602356 0.2193730473518372 0.2392984926700592 0.1545248180627823 0 6.420595780014992 5.647632762789726 12.56311486661434 1.699259474873543 0.8966736197471619 0.1838221102952957 0.1993478387594223 0 636.346143245697 168.1454546451569 28.53006939589977 25.1735982298851 137.6082188338041 0 0 0.93726646900177 0 0.3650147616863251 0.401006817817688 1.687848567962646 0.5216440707445145 5.249578222632408 1.313380360603333 0 0 3.830638915300369 0.942324310541153 1.301194131374359 0.4655910432338715 0 0.4748772382736206 0 0 0 0 0 0 0 0 0 0.3415558636188507 0 0.5371906459331512 0 1.406088680028915 0.4534288346767426 0.2274374812841415 0 0.5690895915031433 0 0 0 2.549927651882172 0 0.7859609723091125 2.655077517032623 1.875246971845627 0 0 0 0.2785666882991791 0 0 0 0.2488274276256561 1.238097220659256 0 0 0 2.039577752351761 0 0 0 0 0 0 0 0 0 0.8447378426790237 0 0 0 0 0 0 0 0 0 1.995313674211502 1.002463579177856 0 0 0 0.2046138346195221 0 0 0 0 0 0 0 0 0 0 0 0.1187939345836639 0 0 0 0.1778425127267838 0.8081493824720383 2.181535840034485 38.55416656285524 1.149168185889721 11.82555689662695 0.6768276765942574 69.56719699501991 2.286662384867668 0.5275412797927856 0.2939713597297668 1.126084044575691 0 0.2809071242809296 0 0.1683832556009293 0 0 0 0 0
560.9220399484038 2020.161023169756 33.29378379881382 2967.938894048333 763.3223526850343 63.98687300086021 0 1.992694489657879 393.6820906624198 2053.559847384691 5.651333995163441 55.03249394893646 2918.828456088901 346.4688909053802 68.66459539532661 3.85552966594696 0.1433375477790833 0.5240496471524239 0 0.1619310975074768 0.639576680958271 0 0 0 0 0.5427323579788208 0.3340013027191162 0.9017325267195702 0.6481554731726646 0 190.3654873147607 14.75747660547495 3.225788295269012 0 0 0.3054875433444977 2.736543647944927 0 1.383226171135902 0.3725121319293976 1.499541759490967 0.9896690845489502 0.4424605965614319 2.604714818298817 0.9041857123374939 0.1151953637599945 274.2643151730299 15.35847499966621 0.7129551768302917 1.663513772189617 1.833340272307396 0 0 0.2665835544466972 21.15982566028833 28.62369283288717 112.640648715198 108.5458538606763 31.96703227609396 91.53230892121792 0.4805776253342628 1.808954171836376 0 78.71233540028334 14.27428285777569 11.6418763846159 10.72914981842041 3.460820332169533 1.633620373904705 0.8182854652404785 3.591672375798225 1.249849557876587 0 181.7630883902311 80.02629017829895 179.0766188949347 145.0459635779262 12.21046162396669 1.131989985704422 17.73899769037962 1.473453462123871 4.221692368388176 82.97949320822954 3.723734609782696 14.02204906195402 30.13278622180223 11.54803047329187 0.3851892650127411 9.390040323138237 0.1327998787164688 1.488225884735584 0.9089429900050163 0.6598331555724144 0.1950493305921555 1.357831686735153 54.42479328811169 2.609867408871651 0 1.464511141180992 126.1213038042188 0.3431535959243774 0 0 0 0.3596574366092682 2.37078469991684 0.471056655049324 1.257441610097885 200.7041262835264 2.228889636695385 0.3047585487365723 2.537198066711426 10.32048664987087 8.065087169408798 1.618108570575714 0.56828473508358 0 0 0 0 0 0 0 0 0 0 0 0 0 0 0 0 0 0 2.3681460916996 0.2530848681926727 0 0 0 5.692229270935059 0 4.357880383729935 1.482597306370735 0 0 0 0 0 1.020754635334015 0 0 0 2.165627524256706 0 0 0 0 0 0 0 0 0 0.6735161542892456 0 0 0 3.057450443506241 0 0 0 0 0 0 0 0 0 15.02555149048567 0 0 0.1166316270828247 0 0.2082084864377975 0 0.1907253712415695 0 0.164935901761055 0.4759498834609985 0.4394631087779999 0.8898565173149109 0 0.3863721713423729 0.4051845371723175 0 0.1656930595636368 0 0 0 6.035043805837631 0.4646195471286774 3.067682310938835 236.0880484357476 42.98080080747604 403.5193364024162 57.71250177919865 375.0121852308512 21.4306583032012 5.61919479072094 61.28604415804148 5.92428494989872 0.4891081973910332 3.476770490407944 0 1.45673480629921 0 0.1760238111019135 0.6664139479398727 4.645031966269016 0
308.2232583761215 276.8772756457329 1942.289069600403 3.670965574681759 22.06478996574879 0.419300764799118 1.992694489657879 0 321.2250887304544 2.736565075814724 2461.796429403126 5.056909024715424 51.72797151654959 117.5686305463314 57.95558737963438 14.41492762416601 8.410253681242466 22.59657416492701 2.283391952514648 40.61717236787081 27.75803109258413 0 2.76729579269886 1.331581450998783 12.40154823660851 1.718072891235352 10.76789577305317 0.8008886426687241 0.9120179861783981 1.085105411708355 1788.453574329615 1761.986737899482 4.824265956878662 2.653235033154488 2.514842927455902 17.09779977053404 2.20779287815094 6.932707518339157 0.7670146822929382 4.678637757897377 6.617406696081161 0.670863188803196 18.83488328009844 16.39902487397194 4.354825176298618 38.39153055101633 151.0513730347157 11.94750376790762 13.40146242827177 41.18922911584377 1.545173868536949 0 0.547745555639267 0 8.010985121130943 10.9795196428895 175.7563907802105 276.130589812994 34.20107469707727 62.13126403093338 249.7435876876116 23.53930714726448 10.38848687708378 245.2217601165175 9.46464990824461 6.797831997275352 6.431467652320862 4.655075915157795 11.95803078263998 24.72091177105904 0.1390157639980316 1.233511418104172 0 175.7283683940768 110.5957033261657 148.3549366667867 239.9778608307242 232.0491629391909 959.3464088588953 816.6797574087977 169.374834947288 1960.797813504934 44.30103310197592 1.743972636759281 7.167792707681656 12.70321670174599 15.46509244292974 0.4083477854728699 4.300724066793919 0.3488951995968819 2.644514948129654 1.666776947677135 8.138955950737 1.972086451947689 0.584193542599678 1.72406992316246 2.058597445487976 0 0 120.4859851151705 0 0 0 0 0 0 0.5367477536201477 0 0 0.165565624833107 0 0.1811841577291489 0.4882830083370209 0.2891708686947823 0.3443870544433594 0 0 0 0 0 0 0 0 0 0 0 0 0 0 0.1627453416585922 0 0 0 0 0.3475252687931061 0 0 0 0 1.01656286418438 0 0.5047856420278549 0 0.1155162900686264 0 0 0 0 0 0.1845356523990631 0 0.1472189128398895 0.606182262301445 0 0 0.240068793296814 0.2448272705078125 0 0 0 0.1313551515340805 0 0 0 0.2669007778167725 0 0 0 0 0 0 0.2880239933729172 0.1065349280834198 0.2347067594528198 0 0 2.330380253493786 0 0 0.1619608253240585 0.2290277779102325 0 0 0 0 0 0.3589857518672943 0 0 0.108940064907074 0 0.1368954181671143 0 0.273695133626461 0 0 0.1624508500099182 1.098154991865158 0.2534436583518982 0.1744273453950882 105.5792856812477 23.07947912812233 210.0873695760965 34.16876246780157 66.12458357214928 4.893474355340004 2.342708200216293 19.44808305054903 1.641271740198135 0.4915759265422821 0 0 0 0 0 0.257031112909317 2.675539195537567 0
1333.32343801111 3591.521681986749 677.12042016536 645.1662445068359 5653.89418194443 21.73692697286606 393.6820906624198 321.2250887304544 0 479.467158228159 2256.186742551625 321.8836898803711 4178.343844532967 4575.052934110165 95.39047107845545 27.10338916629553 2.076060697436333 1.87537032365799 0 0.6810092255473137 2.53482685983181 0 0.3978711739182472 0.1578594744205475 8.42458501458168 3.179000586271286 7.357357509434223 1.328661426901817 2.975469872355461 1.866402857005596 335.9563297256827 25.61460725218058 276.5837686508894 0.1296387165784836 0.5248612314462662 8.388605758547783 30.09982877969742 8.631942674517632 13.93329425156116 14.10823830217123 3.992294363677502 2.653552912175655 2.57066073268652 17.40031816810369 7.830686174333096 0.3325904384255409 297.1998585537076 8.495583809912205 1.538782395422459 4.045379027724266 1.608231320977211 1.032431066036224 2.231211870908737 0.5532975196838379 9.148013815283775 14.96323397010565 63.31326919794083 73.70787084847689 22.74569223076105 43.60786381363869 0.7798628658056259 6.519205488264561 0.6016526073217392 50.11544158309698 12.578379355371 7.116691179573536 6.877868823707104 3.723979443311691 3.772247664630413 7.554030753672123 55.96361723542213 9.480263292789459 0 84.1560520529747 41.30493225157261 99.7607169225812 173.6675033271313 39.03421782702208 3.489384353160858 371.3355695158243 1.398224398493767 7.229970321059227 37.31443452835083 3.125950239598751 7.632786497473717 13.91163573414087 8.290666729211807 0.2878505736589432 5.400712169706821 0.09757319092750549 0.5394153520464897 0.6338792517781258 8.238107681274414 4.415421694517136 3.154143095016479 183.915209107101 5.673655331134796 0 6.155180022120476 77.81524181365967 0.9068786203861237 0.9573815762996674 1.822773769497871 0.4494681656360626 2.791377037763596 4.760567426681519 4.471944853663445 1.508248955011368 26.20160429179668 18.71965432167053 3.139749452471733 8.46502497792244 47.84302090108395 39.7136659398675 11.08359401673079 2.98890446126461 1.941322863101959 0 0 0 0 0 0 0 0 0 0 0.3286558091640472 0 0 0 0 0.1694981157779694 0 6.129612773656845 2.296065703034401 0 0.1179710626602173 0.1848621219396591 25.83708434551954 0.8489120751619339 41.98904132843018 5.434262007474899 2.035882316529751 0 0 0.6264057159423828 1.677781149744987 0.3861432671546936 1.020511627197266 0 0.9781826734542847 6.345286406576633 0.1446827352046967 0.213000550866127 0 1.996220409870148 0 0 0.8103149384260178 0 0.2240222245454788 0.3186750784516335 0 1.249351471662521 0.1769246309995651 13.42582473158836 0.7339969426393509 0.9311971217393875 0.1085565090179443 0 0 0.3013642132282257 0 0.1024495661258698 0 74.09574357420206 0.915122926235199 0 0.3554727435112 0.4848721623420715 2.586453288793564 0.4997437745332718 1.733202368021011 0.4099470227956772 1.079200491309166 2.470197319984436 1.598624058067799 2.9904894977808 0.1806548237800598 0 0.08421597629785538 0 0 0 0.3822764903306961 0 40.10793368518353 8.801097586750984 23.04433378577232 370.5830895900726 57.26178508251905 488.5827194005251 128.9621329531074 160.7769007459283 30.61575502902269 5.153704151511192 112.1144170090556 19.32074488699436 0.5295342653989792 9.208247154951096 2.98315717279911 9.292807504534721 1.307787716388702 0.5413759499788284 1.762694254517555 12.46120994538069 0.7501485645771027
1241.893987923861 252.4029335230589 14.93568356335163 4204.052004650235 1070.862126775086 797.0596922338009 2053.559847384691 2.736565075814724 479.467158228159 0 62.04436673223972 3952.683338671923 7906.410696066916 228.6385028660297 40.23864943534136 5.893979676067829 0.5719696879386902 1.025295801460743 0 0 1.261315777897835 1.402400866150856 0 0 1.669854640960693 0.3289094865322113 1.363636881113052 0.4732173681259155 0.5892293751239777 0.113599456846714 58.93658985942602 6.552504643797874 38.12356846034527 0 0 2.309373542666435 37.28491973876953 1.128121539950371 16.70372731983662 3.323773667216301 0.1554300040006638 0.5957229882478714 0.1267705410718918 3.028704896569252 1.704509139060974 0 182.2325976416469 7.742569267749786 0.5785003826022148 1.121139466762543 1.325747974216938 7.166542142629623 1.578157737851143 0.2492820471525192 17.64245092123747 18.98950572311878 103.6738337874413 61.06230267882347 30.76005488634109 39.67062209546566 0 20.8261282145977 0 28.58409973978996 10.03249839693308 5.971142888069153 3.689444504678249 2.280426047742367 0.3534646779298782 0.200772225856781 180.4800238907337 173.5162263512611 10.75199772417545 134.1987452730536 43.20118959248066 79.68939562141895 63.66208590567112 7.262935012578964 0.3593860864639282 84.28457750380039 1.033016160130501 25.75686812400818 58.88327650725842 3.767221733927727 9.173807576298714 13.82704190909863 5.343705847859383 14.68030345439911 10.50945274531841 12.47440575063229 0.2153507322072983 0.3358640074729919 0.4827620983123779 0 1.145410269498825 1260.861373417079 302.3838049769402 86.67101906239986 33.37990286946297 539.759368441999 1.864606946706772 1.012761190533638 9.733627602458 7.115350887179375 7.969351306557655 26.27023079246283 34.56560584902763 6.327429622411728 71.42396877706051 57.086809694767 7.529306441545486 27.04712535440922 137.0812581926584 97.6937867924571 22.90923893451691 5.173375070095062 4.175468310713768 0.1466870158910751 2.586098462343216 0 0 0 0 0.7693657279014587 0.2967061847448349 0.3576442003250122 0 0.2129770368337631 0 1.566002905368805 0 0.4143118411302567 0 1.12653374671936 9.290192127227783 3.694623038172722 0 1.933964714407921 0.1913843601942062 62.87232418358326 4.516487777233124 110.7496214881539 12.99399508535862 4.856642343103886 0 0 0 1.091143697500229 1.756298661231995 2.836713805794716 0 0.2074795365333557 13.25090816617012 0.4112394154071808 0.9318712949752808 0 2.09791661798954 0 0 0.6364589631557465 0.1332777589559555 0.1790875494480133 3.684898123145103 0 0.6517200618982315 0.877561628818512 37.826595261693 4.483161360025406 0.4901162832975388 0 0 0.8469707369804382 0 0 0 0 166.6956139877439 5.85030260682106 0 0 0.6249464005231857 3.851642221212387 0.7329171895980835 2.776026353240013 1.711946442723274 2.10724750906229 3.678883358836174 3.498056322336197 5.295467972755432 1.189343892037868 0 0 0 0.3448188453912735 0 0 0 87.69485780596733 13.11400821805 62.04078777134418 547.1550904735923 27.65315585583448 420.6019664555788 49.55116645991802 1560.803935721517 17.04302284866571 3.636837713420391 87.67456957697868 34.29892716556787 1.821487903594971 25.49424938857555 1.412833705544472 46.81039513647556 3.887188240885735 0.1978565454483032 6.118709191679955 4.611905068159103 0.5751684308052063
1390.157682813704 889.4111182764173 1215.980340868235 79.5979530364275 334.8544935062528 11.97298979759216 5.651333995163441 2461.796429403126 2256.186742551625 62.04436673223972 0 64.59300273656845 684.8906282708049 1841.589276313782 151.8508927151561 59.16922464966774 9.023461498320103 4.872084408998489 0.2239463031291962 3.433679707348347 5.502353854477406 0.9164683818817139 2.931434065103531 0.8803546875715256 79.97650786489248 25.33822046220303 44.63580333441496 3.118124812841415 18.29644273221493 16.84353415668011 1476.532440774143 269.9809826016426 377.087524689734 0 2.541879735887051 67.80615493655205 146.9266630038619 76.4130779504776 61.56098968535662 121.4242298454046 33.39411710202694 10.0357117280364 8.480458475649357 39.72678118944168 19.86994165927172 0.8730142265558243 368.2098150923848 15.43493296205997 3.389009870588779 13.13629539310932 4.058541879057884 5.967285677790642 13.48823842406273 0.7932776659727097 17.12280174344778 15.26131530851126 181.0027337893844 243.657631970942 48.7348106354475 76.26410312950611 2.492530696094036 26.53676223754883 3.239992313086987 116.8500169813633 14.99357385933399 10.81359557807446 10.97264204919338 8.012261681258678 15.81331624090672 31.29545718431473 172.5219497084618 26.87043868005276 0.1346999406814575 182.822423659265 90.75093023478985 189.5421831980348 282.5881340280175 61.68645563721657 133.9644001051784 1151.957113653421 3.184988893568516 100.9193771332502 59.59941230714321 3.349527150392532 13.48921123892069 18.1995509788394 14.12326990067959 0 7.590682961046696 0.9051045328378677 3.333501622080803 2.791390284895897 39.73484370857477 11.60779400169849 6.043156363070011 144.2197472825646 11.24932064116001 0.558387354016304 19.69598826766014 203.8945518508554 0.1188773512840271 1.088626235723495 2.186231508851051 0.4062341153621674 1.240437090396881 4.598332554101944 4.871755681931973 1.624220356345177 2.281409487128258 7.738987535238266 1.917511612176895 7.327403143048286 24.67304448783398 17.7798376083374 4.975490488111973 2.1080202460289 0.8424669951200485 0.2125713378190994 0.935972198843956 0 0 0.1060229912400246 0.2105638533830643 0.1243871226906776 0.1911332011222839 0.5065849125385284 0 0.1892114281654358 0 1.235535472631454 0.6465713977813721 0.4600338339805603 2.358840852975845 1.043875932693481 3.790672674775124 1.307521834969521 0 0.1642057448625565 0 21.91550254076719 0.7299579381942749 27.61849042773247 11.34329771250486 3.210012562572956 0 0 0.9551639705896378 0.3259261548519135 0.6615161895751953 0.5761601328849792 0.2839388251304626 0.3522382974624634 5.458986096084118 0.1380959749221802 0.7237600088119507 1.400874063372612 4.889733277261257 0.1519271284341812 0 0.2495870366692543 0 0 0.547980397939682 0 0.5623613148927689 0.1233041062951088 10.86243706941605 0.5073485821485519 0.1328185945749283 0 0 0.1328637003898621 0.8864060789346695 0 0.9071543216705322 0.7348870933055878 42.78279861062765 2.734476447105408 0 0.1361971944570541 1.589507192373276 1.248697072267532 0 1.503175608813763 0.8101881742477417 1.120965503156185 0.7865703105926514 1.923695847392082 0.8596105799078941 0 0.2057079002261162 0 0 0.4957326650619507 0 0.4008462131023407 0 19.54734344035387 10.6567193493247 22.47492123395205 451.1814351156354 80.85448328405619 571.9902077615261 141.3589947298169 148.1095330938697 27.11761946976185 9.332406938076019 124.6403900235891 18.2801503688097 1.355990007519722 9.397670932114124 0.2734609544277191 2.916802540421486 0.4447484463453293 0 5.23162991553545 17.57351952046156 0.2305221110582352
183.5697020590305 65.89753493666649 11.48499873280525 332.5809710174799 317.9476879090071 176.2860437631607 55.03249394893646 5.056909024715424 321.8836898803711 3952.683338671923 64.59300273656845 0 2306.220529407263 137.0430527478456 12.39373763650656 3.730065375566483 0.9638173133134842 0.1353937983512878 0 0.1109128594398499 0 0 0 0 1.934352234005928 1.169868528842926 0.3439359962940216 0 1.907281622290611 0.2631959319114685 20.17643162608147 0.6397355571389198 40.86356897652149 0 0 0.1263555735349655 59.57301934063435 3.744729056954384 53.89658856391907 12.45883649587631 0 0.7131255865097046 0 3.476557940244675 1.105299741029739 0.1130016967654228 44.15561127662659 1.863852716982365 0 0.313471794128418 0 0 1.613559946417809 0.3826640248298645 3.117886573076248 2.182568088173866 12.58641076087952 7.23823668807745 3.83414339274168 7.520862407982349 0.2822559177875519 3.722442626953125 0 5.236082471907139 1.016537323594093 1.074589423835278 0.6704283058643341 0.4987654760479927 1.020899996161461 0.3862930983304977 117.5213616862893 16.48130126297474 0 16.11443767696619 5.190278254449368 11.71654199808836 19.20137298852205 3.054028749465942 0.3319450318813324 31.11500710248947 0.4434925317764282 1.45110347121954 7.655320800840855 0.4379312545061111 1.65024184435606 2.79432263225317 2.799226514995098 0.138586089015007 0.7946968227624893 0.1726844906806946 0.3568522781133652 0 1.536367870867252 0.7918294370174408 0.3084327578544617 1482.293024480343 20.4213945120573 0.9456335753202438 18.1046846807003 50.56253618001938 1.914561599493027 2.211122110486031 9.830239914357662 3.071486532688141 4.261091336607933 16.6933229714632 23.79446837306023 10.34862421452999 10.79646746814251 59.15657575428486 2.323022931814194 27.07114418596029 125.9323278740048 85.83243598788977 23.13487327098846 4.526754885911942 1.41787713766098 0.2150199413299561 0.2438407838344574 0 0 0 0 0 0 0 0 0 0 0.2160271555185318 0 0.313569575548172 0 0 14.13202009350061 2.675219669938087 0 0 0 40.85073828697205 0.4768376648426056 60.25913275778294 5.203961007297039 1.56948721408844 0.1491719931364059 0 0.53240767121315 1.460809350013733 0.6647078692913055 1.430766880512238 0 1.275963693857193 10.31441393494606 0.2720505893230438 0 0.1829713582992554 0.228737398982048 0 0.1160860061645508 0.4044351875782013 0.2476319223642349 0.354618139564991 2.392985925078392 0 0.5054053217172623 0 29.04122313857079 1.170443490147591 1.333960205316544 0.1934980675578117 0 0.3505556136369705 0.1834447383880615 0 0 0.2692801654338837 132.79075114429 1.611640304327011 0 0 0.1523353457450867 3.726196229457855 0.1818751692771912 3.670710653066635 0.9272527992725372 1.508547410368919 2.087931737303734 1.58360593020916 2.641365751624107 0.5467906892299652 0 0 0 0 0 0 0 70.4635064303875 8.994741499423981 40.35838629305363 120.5730107054114 7.04250280559063 86.53043796122074 13.2163945287466 226.4779396951199 3.353839874267578 2.871294632554054 23.50350639224052 15.12581697851419 0.1428280472755432 12.07662709057331 1.159874081611633 30.84839655458927 0.5625625774264336 0 4.209704279899597 3.587001174688339 0.3441456258296967
741.9510488957167 523.6243708208203 87.17289599776268 1676.704826250672 1240.863592915237 228.8758083730936 2918.828456088901 51.72797151654959 4178.343844532967 7906.410696066916 684.8906282708049 2306.220529407263 0 2368.470056809485 111.2817801311612 38.76019332557917 3.083539426326752 1.271954633295536 0.1919407546520233 0.8460431694984436 2.175852715969086 0 0.5134317278862 0.2561619877815247 10.1779093965888 5.442106038331985 5.455867730081081 1.444935366511345 7.879845932126045 2.149229235947132 157.5561365485191 18.9633149728179 484.7731446474791 0 0 3.614669770002365 167.9406817406416 15.894057713449 162.4155959635973 36.62864998728037 4.706872574985027 3.942731164395809 0.6613733917474747 26.97687530517578 12.21555601805449 0.5587220266461372 276.6045947447419 8.73342003673315 2.530119352042675 3.150900207459927 1.937536031007767 1.756205752491951 7.630330137908459 0.3324578851461411 12.20611016452312 16.45292723923922 66.36766836047173 59.71432800590992 24.59582927823067 50.91372282803059 1.032364428043365 6.763734325766563 0.6052290201187134 49.15317107737064 9.780073426663876 7.359992310404778 7.924014769494534 3.310995750129223 4.820597305893898 5.85037836432457 736.994948528707 37.08072136342525 0 103.605976767838 45.53985022753477 115.7694658711553 151.6863659396768 45.20917526632547 0.9420214220881462 150.4907022565603 3.199323184788227 5.72143916785717 42.29186321049929 3.750066824257374 9.23855496942997 18.92879827320576 7.29651765525341 0.4260322153568268 7.46325846016407 0.744458794593811 2.018587648868561 1.394899815320969 5.829135097563267 3.446295246481895 3.151589334011078 3237.366238534451 66.57208840548992 6.600863605737686 68.87816083431244 107.9862526282668 1.042740158736706 2.89117007702589 9.526330024003983 4.454205699265003 12.30418698489666 29.53739989548922 43.45633886754513 12.941421456635 61.03565092384815 99.71028800308704 11.97873110324144 47.23310237377882 229.9164898321033 152.3591494336724 39.7500564455986 10.2874174118042 4.97069800645113 0.5514938235282898 1.484633669257164 0 0 0 0.6492292284965515 0.6846896111965179 0 0.1372047513723373 0 0 0 0.8311796933412552 0.1817688494920731 2.156340211629868 1.636027202010155 0 26.70284838974476 6.215542569756508 0 0.8052284568548203 0.7165146768093109 88.85508473217487 2.570456057786942 118.3003020882607 15.2554634064436 5.195936307311058 0.4204662442207336 0 0.6495370119810104 3.225295633077621 3.201428800821304 3.933396264910698 0 1.524632021784782 19.76996895670891 0.4523838013410568 0.2202879637479782 0.4577644020318985 4.308934465050697 0.1475448757410049 0.2155763804912567 0.4041064828634262 0 1.6744734197855 1.147472992539406 0.1819380521774292 2.766949266195297 2.051028147339821 66.42099913954735 5.561362355947495 2.985791012644768 0.1076309382915497 0 0.2496467307209969 0 0 0.1542695611715317 0 331.4908966869116 2.539683371782303 0 0 1.033681660890579 11.37117330729961 0.8462615609169006 5.278525158762932 1.409996926784515 3.418990664184093 6.308395095169544 5.655473098158836 6.209435433149338 0.5381926223635674 0 0 0 0 0 0 0 158.3145937770605 30.28532181680202 93.40463188290596 443.1995794028044 70.87695130705833 519.8955649957061 130.3551945462823 404.430062264204 28.51722536981106 7.042903304100037 113.4455793872476 46.4286941587925 3.765355139970779 43.08180674910545 3.887344405055046 42.94788828492165 2.512179583311081 0.3333067893981934 11.51165983080864 11.7364301905036 0.467951163649559
