0 5290.919852465391 735.7857478410006 1664.223552986979 326.0091197639704 9.27759650349617 2023.274381995201 265.215771175921 154.2764965891838 970.8645179271698 267.4417464882135 178.9919667541981 647.5793375968933 176.9681056067348 2.051599614322186 0.9273531883955002 0.5056024491786957 0.1482246220111847 0 0 0.2751467823982239 0 0.1545714139938354 0 0.9316251650452614 0.1647702604532242 0 0 0 0 1079.432470746338 18.34041123092175 9.36857021600008 0 0.1626420319080353 0.4722780734300613 11.74220222234726 0 3.978083625435829 2.118564307689667 0 0.1285762637853622 0 0 0 0 10.18455878645182 3.292137064039707 0 0.1391704976558685 0.6919213980436325 2.288717642426491 0 0 1.591254107654095 8.451915517449379 724.251218341291 1186.343456067145 26.48906350135803 1.167242810130119 0.2519460096955299 0.8295670226216316 0.1347052901983261 0.8215996474027634 7.481506668031216 2.860506758093834 0.9327442049980164 0.631202794611454 0.2359200268983841 0.150064542889595 39.95190866291523 15.46883246302605 2.043935030698776 47.77784245461226 8.148543961346149 6.125532068312168 2.350947573781013 1.054424688220024 5.685980081558228 116.0682710409164 0.1165838465094566 3.603238977491856 10.68107643723488 1.148408584296703 4.509029194712639 6.960141777992249 1.652518436312675 1.726871252059937 0.7365235239267349 0.8628404438495636 0.1223345994949341 0.5587152987718582 0 0.1485009342432022 0.1292003691196442 315.2057530283928 28.90664333105087 2.02655802667141 3.540007248520851 1057.273123025894 0 0.1697110384702682 0.1899731308221817 0.7119730710983276 1.471844375133514 6.353654146194458 0.3169032633304596 4.409008353948593 1.398951962590218 4.823305070400238 0.8204446732997894 11.84931212663651 14.38369566202164 10.47769121825695 3.628130108118057 0 0 0 0 0 0 0 0 0 0 0 0 0 0 0 0.1267610043287277 0 0 0 0.5839790403842926 0 0 0 0 2.259415596723557 0.8688390254974365 1.833296060562134 0 0 0 0 0 0 0 0 0 0 0.2303377985954285 0 0 0 0 0 0 0 0.09439841657876968 0 0.4970260858535767 0 0 0 2.886319011449814 0 0 0 0 0 0 0 0 0 4.556655287742615 0 0 0 0 2.178271234035492 0 3.025715261697769 0 0 0 0 0 0 0 0 0 0 0 0 0 4.417536377906799 0.2657251954078674 0 50.81389804929495 7.347988963127136 84.27913118153811 27.79053690284491 1218.010395504534 23.87129610776901 2.958190344274044 5.024040281772614 2.356339916586876 0.1045057773590088 0.3723423928022385 0.7047438323497772 3.379262194037437 0 0 0.2085743993520737 0.5701170563697815 0
5290.919852465391 0 594.1587210819125 576.3991947323084 1901.26837144047 52.13270592689514 5257.797206319869 1083.830714866519 1159.960560277104 1748.412810951471 1233.87235878408 166.9585314840078 2674.556882716715 1101.753922604024 12.53363241255283 1.697872750461102 0.4522819668054581 0.1660600155591965 0 0.1377253979444504 0.9699301347136497 0 0.3487516790628433 0.6827278882265091 3.587359882891178 1.174214765429497 0.5934480503201485 0.676951676607132 0.7288808971643448 0 2612.780205890536 18.10707215219736 12.44533476233482 0 0.9034256935119629 1.98718373477459 7.307733252644539 0.49354537576437 2.450265914201736 2.366605587303638 1.168002590537071 1.061023533344269 0.1361816823482513 0.6129280477762222 0.2325616776943207 0.4332693368196487 127.3904728069901 23.53734074532986 0.9539397433400154 0.2754646241664886 4.355480052530766 0.1285624653100967 0 0 4.767029717564583 30.76129224151373 192.9473120644689 944.8243168145418 20.64989497512579 11.3925946354866 1.196373745799065 2.264830961823463 0.1350387334823608 10.86512475460768 30.50115461647511 15.04100465774536 5.038541913032532 3.002385810017586 0.8795319199562073 0.2849117368459702 31.0395330786705 0.4184272289276123 0.1092286482453346 163.0821218788624 76.82078159600496 105.2608684003353 28.97180626541376 1.01410223543644 10.39394277334213 379.8687541410327 0.6643162593245506 5.241740703582764 53.85957986116409 3.310283727943897 19.43351665139198 28.90983402729034 8.414907217025757 0.3795510306954384 5.422375209629536 0 2.321974664926529 2.133925937116146 0.6436181962490082 0.4747221246361732 1.900802902877331 178.2291368693113 0.1901908069849014 0 2.322128117084503 811.6961545795202 0.4444933980703354 0.7353527396917343 2.073037460446358 3.253415286540985 6.802247941493988 21.37303578853607 1.347115725278854 29.5348201841116 11.93338111042976 19.02390921115875 10.06296114623547 63.21728288382292 49.64934711158276 45.34181456267834 20.8478237837553 0 0 0 0 0 0 0 0 0 0 0 0 0 0 0 0.5525980293750763 0 0 0.7686544060707092 1.933045938611031 0 0 0.6507500410079956 0 9.359276652336121 0 4.907367870211601 0.9214407503604889 0.6158935874700546 0 0 0 0 0 0 0 0 0.4664181768894196 0 0 0 0.1872060596942902 0.5813422054052353 0 0 0.09928873926401138 0 0.813364565372467 0 0 0.5607865452766418 15.66129496693611 0 0.1974386125802994 0 0 0 0 0.1087515577673912 0 0 17.22339367866516 0.2035577148199081 0 0.1270397454500198 0 9.95452681183815 5.299758449196815 13.17655386030674 0.2255453914403915 0 0 0 0 0 0 0.1834598481655121 0 0.09695764631032944 0.2663021013140678 0.1002655774354935 0 15.70668552815914 2.154279112815857 2.405649200081825 405.0196972563863 54.34784531593323 587.2666209489107 163.7970324680209 2238.67221070081 101.8141884282231 10.79631596803665 50.53157801926136 12.66952455043793 0 3.296253100037575 2.336231388151646 12.00632682442665 0.4893144369125366 0.0864870473742485 1.551497727632523 2.334446579217911 0.2027767896652222
735.7857478410006 594.1587210819125 0 1.826402246952057 855.6154227629304 3.067717164754868 80.05167149752378 1498.173612505198 309.0923658534884 15.61593492329121 3766.425317585468 87.15025392174721 645.9556234702468 893.9022540003061 11.10576687753201 5.074476577341557 1.548102863132954 1.754033073782921 0 4.530468747019768 23.4607799872756 0 5.575340703129768 2.13818097114563 14.24519621580839 5.177963182330132 1.937895730137825 3.403255380690098 1.010928831994534 1.531216248869896 3304.024078838527 605.6179367974401 52.52458067238331 0.6604863852262497 7.016612976789474 16.44100277870893 5.513110041618347 5.17452459782362 1.311829224228859 10.04188346862793 3.565964758396149 3.137388043105602 0.4323970079421997 1.227433860301971 0.1795891374349594 1.210143700242043 42.14351636171341 7.357096217572689 0.3591196537017822 0.4472416117787361 12.72086361795664 0.4618634283542633 0.1983100920915604 1.380333282053471 2.150531396269798 11.6871248409152 41.93595702201128 532.7845651134849 3.881975635886192 2.933036506175995 34.33287666738033 7.809840932488441 5.060649953782558 163.0701270103455 10.71074713021517 7.662639774382114 3.192580945789814 5.895518735051155 8.896513193845749 11.20065657794476 15.40877191722393 1.526991426944733 0 56.15022026002407 48.94619761407375 36.86928993463516 20.90637496858835 3.813253581523895 99.40499426424503 1984.711185745895 28.26444181799889 168.5048228576779 19.65589459985495 1.425472177565098 7.900921538472176 11.05485077947378 5.242569357156754 0.3488700315356255 2.051797188818455 0 1.213080920279026 1.283483043313026 10.62686033546925 2.689014494419098 3.671359457075596 29.34141729772091 0 0 0.6317916959524155 199.9956604391336 0 0 0.177652046084404 0.3523070216178894 0.6944381147623062 1.614586159586906 0.54926598072052 0.6950763314962387 1.562857136130333 2.725154772400856 1.653320446610451 7.876721620559692 8.640122130513191 6.366369277238846 10.04090043902397 0 0 0 0 0 0 0 0 0 0.2728583067655563 0.1573735177516937 0 0.3471312522888184 0 0 0.615301750600338 0.3893108069896698 0.3868509903550148 0 0 0 0 0.6991556286811829 0.1365796327590942 3.170346722006798 0.338312029838562 1.968111500144005 1.328422352671623 2.220674365758896 0.7067467868328094 0 0 0 0 0.6720427945256233 0.1234591156244278 0.519763171672821 0.1551532596349716 0 0.5473677515983582 0.1532761305570602 0.2383667975664139 1.007159128785133 0.07527739554643631 0 0 0 0 0 0 1.061042547225952 9.304827481508255 0.1716253608465195 0.2669223845005035 0.126848965883255 0 0 0 0 0 0.270970307290554 8.643458530306816 1.549179598689079 0.1419139206409454 0 0 3.063371166586876 4.012044042348862 5.334490343928337 0 0 0 0 0.3836165368556976 0 0 0 0 0 0 0 0 1.966451808810234 0.4097764641046524 3.815476760268211 96.69822133332491 26.47989365458488 156.166779063642 47.6651958823204 453.0219628214836 24.94687797129154 3.370655193924904 17.81416942924261 1.147140935063362 0.1093733757734299 0.4622339382767677 0.5515827983617783 0.4047720730304718 0 0 0 0.553860530257225 0.4537500441074371
1664.223552986979 576.3991947323084 1.826402246952057 0 22.12182424217463 133.3750938475132 340.7984578460455 1.030242949724197 46.87473510205746 2022.21067148447 5.108860224485397 89.86004102230072 707.322651848197 29.97645726799965 0.4261036217212677 0 0 0 0 0 0.3103610724210739 0 0 0 0 0 0 0 0 0 3.954471617937088 0.2847923934459686 0.8401698768138885 0 0 0 0.328368678689003 0 0 0.1032508090138435 0 0 0 0 0 0 4.946648120880127 0.09817452728748322 0 0 0 0 0 0 0.3665876835584641 3.056700192391872 34.26379300653934 47.19502322375774 2.53134161233902 0.4601698666810989 0.4003752470016479 0 0 0 1.009210012853146 0.7628383487462997 0.3146629333496094 0.1160425096750259 0 0 6.34030719101429 1.223994493484497 0 11.35411974042654 1.959562331438065 2.654276564717293 0.7228890061378479 0.596996933221817 0 2.910165809094906 0 0.2768760025501251 2.590940177440643 0.206846296787262 0.764619842171669 1.707431241869926 0.6799881011247635 0.1136813834309578 0.3837422430515289 0 0 0 0 0 0.2115289196372032 143.0762872248888 0 0 0 217.8070493936539 0 0.2099265158176422 0.4439353197813034 1.618777632713318 1.763815656304359 8.687112659215927 0.607848733663559 8.001041889190674 6.388545289635658 9.352222859859467 1.31771545112133 25.601462200284 12.68980783224106 9.658550933003426 5.250114098191261 0 0 0 0 0 0 0 0 0 0 0 0 0 0 0 0 0 0 0 0 0.1637797206640244 0 0 0 0.8766205459833145 0 1.259199202060699 0.5078273415565491 0 0 0 0 0 0 0 0 0 0 0 0 0 0.508252739906311 0 0 0 0 0 0 0 0 0.4308024644851685 3.321509167551994 0.7217947840690613 0 0.2812972366809845 0 0 0 0 0 0 2.615379154682159 0 0 0 0 1.999139681458473 1.434609711170197 1.412833347916603 0 0 0 0 0 0 0 0 0 0 0 0 0 6.30802096426487 0.2719428241252899 1.614283308386803 84.38689886778593 2.533542864024639 31.09986523538828 7.367360211908817 1105.91533254832 6.454017378389835 0.6919523701071739 2.589020043611526 4.620235905051231 0 0 0 6.743669986724854 0 0 0 0.4377691745758057 0
326.0091197639704 1901.26837144047 855.6154227629304 22.12182424217463 0 13.57146820425987 1741.474445387721 1578.723472520709 3234.677225038409 628.7190507054329 2294.528809957206 47.24986736476421 1160.266713351011 831.3659992069006 23.53159986436367 0.2990199327468872 0.7324926108121872 0.2122339606285095 0 1.010702073574066 1.529457971453667 0 0 0.1035327687859535 0.619989737868309 0.5851915627717972 0 0 0.7390823662281036 0.1032979860901833 210.0029710903764 15.48450672626495 8.0751748457551 0 0.4216370582580566 0.2160733640193939 9.827439680695534 0.2499132007360458 0.8937147855758667 0.2603524774312973 0.2444864809513092 1.216522894799709 0 0.532910130918026 0.1240441054105759 0.850956417620182 243.1300091743469 19.31531058996916 0.4261691123247147 1.287276439368725 4.300498776137829 0.3133252859115601 0.5226564258337021 0 1.287151247262955 17.6112070903182 37.00496779382229 170.5627201721072 7.749197565019131 17.13473871350288 0.7769620716571808 1.850770339369774 0 19.3223263323307 20.27967831492424 12.84429009258747 4.010265611112118 3.252281323075294 1.3054538667202 2.779589243233204 38.64405401051044 1.238974094390869 0 127.8851242735982 88.10870191454887 202.6082557365298 69.93289472907782 2.383994035422802 9.404085613787174 38.74207413196564 1.501206167042255 4.86638256162405 29.65444639325142 2.40187419205904 16.3759897723794 19.87665045261383 10.15965290367603 0.5407924205064774 3.852510876953602 0.1380043923854828 3.840537033975124 1.236832931637764 1.607935234904289 0.6217024624347687 4.809210330247879 200.8998396396637 2.450071737170219 0 2.059595748782158 72.34979297965765 1.480008259415627 1.819385230541229 11.35015472769737 9.779750943183899 11.96308542788029 59.54371716082096 1.49079629778862 66.01293395459652 27.42300537228584 44.23611494898796 34.57202343642712 150.1106840744615 143.029796898365 102.5915597528219 67.91192510724068 0 0 0 0 0 0 0 0 0 0 0 0 0 0.4878749847412109 0 0 0.3409848511219025 0 0 2.106730565428734 3.811821982264519 0 0 0.6290259957313538 18.34971813857555 0 13.22316658496857 0 0.431460365653038 0 0 1.155959248542786 0 0 0 0 0 0.5386050492525101 0 0 0 0 0 0 0.6719497740268707 0 0 0 0 0 1.581307917833328 46.15153989195824 0.4682710617780685 0 0 0 0 0 0 0 0 45.44445334374905 0 0 0 0.3280522525310516 28.3158842921257 16.74649798870087 32.71948657929897 0.5641027241945267 0 0.7593125104904175 0 0 0.4876457899808884 0 0 0 0.09991233050823212 0 0 0 46.71278756856918 7.792562305927277 4.824855729937553 769.9675685837865 64.06434231251478 564.7068384513259 215.8890446871519 514.0617029368877 138.2485625296831 9.872380055487156 111.6098484545946 36.43485512584448 0.1988656967878342 5.863247185945511 3.270331114530563 23.13848000764847 1.911758050322533 0.3199476599693298 2.131378829479218 7.347571276128292 0.2208729833364487
9.27759650349617 52.13270592689514 3.067717164754868 133.3750938475132 13.57146820425987 0 83.35257937014103 2.390438720583916 10.15609136223793 196.2289707362652 4.20359867811203 69.79026028513908 84.06997840106487 24.76815910637379 0 0 0 0 0 0 0 0.8806290626525879 0 0 0.8861926198005676 0 0 0 0 0 2.435841724276543 0.3384618759155273 18.67334954440594 0 0 0 61.91466431319714 1.081594586372375 23.77885660529137 2.354686051607132 0 0 0 0 0 0.2733960151672363 0.3453899919986725 0 0 0 0 14.70833893120289 0.216890349984169 0 0 0.2269026190042496 119.6954170763493 11.6855313628912 1.719826564192772 0 0.3258631229400635 2.3955979347229 0 0 0 0 0 0 0 0 230.623910009861 178.5954407900572 11.26278091967106 0.2014725506305695 0 0 0 0 0 7.421765238046646 0.8263167142868042 0 0 1.545256540179253 0 0.7704019546508789 0 10.91475103795528 2.05168516933918 14.25074627995491 0 1.258204951882362 0 0 0 502.660534799099 129.5182778835297 16.20083795487881 32.50488504767418 315.0097516179085 0 0 0 0 0 0.4218910038471222 0 0.7883129715919495 0.1397892981767654 0 0.3804351687431335 1.58358108997345 0.389110341668129 0.6131608337163925 0.6543726921081543 0 0 0 0 0 0 0 0 0 0 0 0 0 0 0.2311878055334091 0 0.7665213346481323 0.1626130491495132 0.17877496778965 0 0.3180155158042908 0 0.4197984039783478 0.7398566603660583 0 0 0.5458072125911713 0.4810921549797058 0.1289533823728561 0 0 0 0 0 0 0 0 0 0 0 0 1.819562762975693 0 0 0 0 0 0 0 0 0.9304539859294891 0.6649280488491058 0 0 0 0 0 0 0 0 0 0.510122075676918 0.6492959260940552 0 0 0 0.2535981833934784 0 0 0 0 0 0 0 0 0 0 0 0.2346372902393341 0 0 0 0.8896907120943069 0.5312069058418274 0.6740849018096924 5.311839774250984 0 2.448087997734547 0.4422549456357956 47.3394271582365 0.6758354753255844 0 0.6522305756807327 0 0 0 0 0 0 0 0 0 0
2023.274381995201 5257.797206319869 80.05167149752378 340.7984578460455 1741.474445387721 83.35257937014103 0 134.7655731141567 546.9229684621096 2661.846825145185 480.8164254799485 139.0849544405937 5978.73239133507 793.8598911315203 10.48841962218285 1.457432806491852 0.665254071354866 0 0 0.2323697879910469 1.267747975885868 0 0.1284313648939133 0.1241037398576736 0.3649883419275284 1.160568565130234 0 0.9630396440625191 0 0.5268558859825134 78.84560827165842 4.356967829167843 12.49845486879349 0 0 1.657459735870361 14.03091144561768 0.08960877358913422 1.404008775949478 1.593894511461258 0.1059389710426331 1.154789425432682 0 0 0.09278994798660278 0.4874006882309914 121.3286653086543 13.51251897960901 0.4825989007949829 0 4.513736516237259 0.1315894424915314 0 0.9183875471353531 2.805860988795757 11.95657975971699 68.74854250252247 180.2505783587694 6.219892419874668 9.569974333047867 0.1253056526184082 3.777460500597954 0.4200841188430786 9.516976788640022 15.34985863417387 7.831780351698399 2.302853986620903 2.597374595701694 0.8164898306131363 0.3130122423171997 38.12046327441931 1.60272479057312 0.1395460367202759 80.87474098801613 44.9740209877491 92.64992991089821 31.21353149414062 1.915999591350555 1.480639152228832 18.78019472956657 0.28546142578125 1.955109789967537 26.00972504913807 1.871562726795673 8.098426975309849 15.32035902887583 4.896074801683426 0.4807881116867065 2.701132155954838 0.2336348742246628 1.579112961888313 3.0916553363204 0.9328324198722839 0.9208149090409279 2.00143064558506 446.6135578602552 0 0 0.5134953260421753 238.8669673502445 0.131879523396492 2.744752779603004 8.191384986042976 8.903959318995476 15.75204272568226 73.28916764259338 6.038503959774971 95.98731800913811 34.89361447095871 72.78875537216663 34.55297470092773 190.0236568748951 159.7459211945534 108.7914947122335 55.71955043077469 0 0.1834419369697571 0 0 0 0 0 0.1832392513751984 0 0 0 0 0 0.1213731989264488 0 0.3135786950588226 0 0 0 2.891469806432724 1.911767438054085 0 2.855738490819931 0.1799367368221283 17.88687598705292 0.4092488139867783 9.401211380958557 1.418668299913406 0.7997360229492188 0.2073574364185333 0 0 0 0 0.5752838253974915 0 0.1530333012342453 1.837336748838425 0 0 0 0 0.6920650899410248 0 0 0 0 0.1550820171833038 0.1752928644418716 0 1.911990344524384 42.42430329322815 0 0 0 0 0 0 0 0 0 43.67116007208824 0.7239378690719604 0 0 0.1275045126676559 23.33097124099731 16.57606421411037 35.55310977995396 0.7190811336040497 0.3779427707195282 0.3159671723842621 0 1.405421674251556 0.1324645429849625 0.08536885678768158 0.3233339190483093 0 0 0 0 0 65.35531581938267 5.705732583999634 4.102394632995129 463.887018494308 44.11222395300865 360.328910253942 115.3242583051324 1266.810659818351 79.32727741450071 5.102104395627975 58.52892812341452 33.15641652047634 0 4.769082397222519 2.292477838695049 41.42006392776966 0.6715973913669586 0.3342940807342529 1.544003814458847 2.458488650619984 0
265.215771175921 1083.830714866519 1498.173612505198 1.030242949724197 1578.723472520709 2.390438720583916 134.7655731141567 0 1205.386871121824 11.91317097842693 2526.545687615871 72.1872326657176 484.7093267738819 1033.690748713911 40.0756688863039 19.46497890353203 5.984126672148705 1.332658097147942 0 10.02435723692179 81.28244490921497 0 19.32302778959274 8.229657933115959 80.18927171826363 26.50517077744007 6.971249498426914 9.42856277525425 2.977986983954906 2.801013022661209 1368.019874304533 1525.439840346575 74.22774808853865 1.459761545062065 35.72033850103617 73.05916059762239 14.98935459554195 31.1250993013382 1.775122120976448 27.08081419020891 14.66804603487253 12.28020088374615 1.432368457317352 8.870121330022812 0.3152613043785095 3.130499318242073 159.7992552146316 10.14817340672016 1.567532256245613 1.45491436868906 38.83363594859838 1.854210838675499 0.3059819489717484 5.647765837609768 1.564108699560165 10.37293319404125 27.30754709988832 188.0711431130767 3.568615019321442 7.157191470265388 183.3921441957355 85.84081634879112 21.77889989316463 144.7191260829568 11.84244514256716 6.872276172041893 6.479675024747849 19.19343663752079 18.77102821320295 40.02483652532101 8.912485063076019 3.943313956260681 0 70.38580616563559 79.23088357597589 111.9649699926376 100.7395514473319 44.5457067489624 926.0730497837067 4014.856680721045 220.7772547751665 1857.298186421394 19.73871392011642 1.098817594349384 7.858289740979671 14.32779794931412 6.388806574046612 0.703537292778492 3.291575320065022 0.3440140783786774 4.430638439953327 1.179132468998432 27.02974487841129 7.626524612307549 8.26010923832655 19.25722348690033 0.4280126094818115 0 1.509282529354095 36.92466771602631 0 0 0.2379357218742371 0.5875448435544968 1.159609228372574 5.228145733475685 0 4.773107871413231 3.703116610646248 3.049503669142723 1.390573382377625 14.81449443101883 13.44014982879162 10.40993827581406 7.482869327068329 0 0.2797401547431946 0 0 0 0 0.6651679426431656 0 0 0.3038308620452881 1.82232354581356 0 0.9844319224357605 0 0.7471669316291809 1.970958441495895 0.5211506485939026 2.344426482915878 0 0 1.333757340908051 0 1.650708809494972 0.7345368415117264 7.661374494433403 0.5515653491020203 8.544361472129822 4.345319658517838 4.348820522427559 1.054950058460236 0.1612252742052078 0 0 0 1.278929486870766 0.221696749329567 0 0.3393285572528839 0 0 0 2.688792660832405 2.152455940842628 0 0 0 0.301829606294632 0.2451537102460861 0 0.8062106966972351 2.977007642388344 17.31349709630013 0.1684359610080719 0 0.1275370717048645 0 0 0 0.1201576963067055 0 2.036971382796764 11.81393383443356 2.414429575204849 0.1757608354091644 0 0.1721578538417816 4.259795308113098 2.188830018043518 7.062733888626099 0 0 0 0 0 0 0 0.1131466552615166 0 0.107410728931427 0.121075227856636 0 0 6.746500566601753 2.307664036750793 3.190973967313766 259.1775361225009 42.10194779187441 308.5127826407552 88.09760873019695 144.7298403829336 41.58929463475943 3.343475535511971 51.29743824154139 11.27171852439642 0.7537422180175781 1.339039899408817 0.4589153453707695 5.268140494823456 0.5744508504867554 0 0 4.647297397255898 0
154.2764965891838 1159.960560277104 309.0923658534884 46.87473510205746 3234.677225038409 10.15609136223793 546.9229684621096 1205.386871121824 0 613.9754055291414 2566.163631506264 132.8210302442312 1014.86673348397 634.730934150517 25.40212988853455 2.222782596945763 0.295352503657341 0.2617433369159698 0 1.204272210597992 1.611715823411942 0 0.6193069815635681 0.3376327753067017 0.3791681677103043 1.692638665437698 0 0.6731319576501846 1.057734608650208 0 94.13965334743261 9.881598390638828 14.70121029019356 0 0.416781097650528 0.7041352689266205 10.86290396749973 0 2.075992226600647 1.665873154997826 0.7455957233905792 1.206857427954674 0.3421315848827362 0.1106956973671913 0 0.2541669607162476 187.2376235201955 8.263232544064522 0.5003738701343536 0.4326681941747665 3.052315950393677 0.2857391834259033 0 2.001369521021843 1.402807280421257 7.055219165980816 27.0336547344923 59.46134173125029 6.002425529062748 6.642340786755085 0.9889863729476929 1.913054294884205 0 10.39153280109167 9.523284368216991 4.875081323087215 1.25361580401659 1.328261755406857 0.9122564271092415 0.6850543171167374 37.29354240000248 1.801248759031296 0 58.36064086854458 37.84463677555323 110.3564762324095 54.58538653701544 1.321370303630829 11.5322038307786 30.70196217298508 1.116943523287773 2.172870166599751 13.43784035742283 1.062722347676754 5.995877824723721 8.956847988069057 4.417180933058262 0.2230044826865196 2.181082099676132 0.9177582263946533 1.707040049135685 2.052033290266991 3.311741828918457 0.5816892385482788 4.390867479145527 515.3609409928322 0.9423353970050812 0 1.103127598762512 51.889932282269 1.073934331536293 2.290215119719505 18.31677931547165 15.43546652793884 25.50525258481503 127.9380569010973 6.34803070127964 157.1997527331114 72.18642534315586 108.7381176948547 43.77784293889999 349.5656849145889 306.8341535031796 206.0031487643719 111.932319149375 0 1.029092505574226 0 0 0 0 0 0 0 0 0.6384068727493286 0 0.7936931401491165 0.732391431927681 0 0.3675686419010162 0 0 0 4.579837590456009 2.033241108059883 0 1.267112374305725 0 25.1519475877285 0 16.51386238634586 1.377698302268982 2.259720802307129 0.1520102918148041 0 0 0 0.6180111169815063 0.5653639435768127 0 0 2.259499683976173 0 0 0 0 0 0 0 0 0.3509843051433563 0 0 0.8921543955802917 4.137707829475403 78.24643008410931 0.2491685897111893 0.6827561259269714 0 0 0 0 0 0 0.2735041454434395 90.74013115465641 0 0 0 0 40.31936644017696 28.96627040207386 48.22640810906887 0.4735008925199509 0.7267776727676392 0.9354964196681976 0.9645103514194489 0.2674506902694702 0.5928203463554382 0 0 0 0.3062063157558441 0.5456796288490295 1.093746900558472 0 133.0337098017335 10.65074087679386 5.856577657163143 847.1784961670637 84.09867306053638 365.3050165399909 183.8884826973081 310.8089602217078 94.21434038132429 3.652762450277805 137.0294846668839 48.31750132143497 0.2658907920122147 7.677919387817383 1.230919577181339 56.4679599404335 0.4425386339426041 0.08510193973779678 4.074110984802246 5.170417904853821 0.6870119571685791
970.8645179271698 1748.412810951471 15.61593492329121 2022.21067148447 628.7190507054329 196.2289707362652 2661.846825145185 11.91317097842693 613.9754055291414 0 98.04898445308208 1299.769440054893 8393.17450568825 456.342475861311 12.2646422162652 4.089880794286728 1.717394843697548 0 0 0.1265676617622375 0.9241233617067337 0 0.605709582567215 0.3273462951183319 2.449723675847054 1.657092347741127 1.439827442169189 2.040776073932648 1.081036373972893 1.248957023024559 19.67974532395601 2.051137939095497 27.53857915103436 0 0.5775798261165619 0 36.52931985259056 1.182640314102173 2.043975859880447 6.484364241361618 1.897954702377319 0 0.148668646812439 0.6768472641706467 0 0 67.99569111317396 3.367822296917439 0 0 0.3711041584610939 0.6379031389951706 0.3644163310527802 0.9708406031131744 0.6323082968592644 4.062168933451176 141.0784690529108 92.86384329199791 4.710400760173798 2.177203640341759 0.3431349247694016 12.09317871928215 0.4008633494377136 5.321120664477348 5.203844800591469 1.713456846773624 0.8844671919941902 0.159841850399971 0.4958955049514771 0.3005498945713043 592.8491808176041 12.47153502702713 0 35.27776145190001 16.91630318015814 31.90125624835491 14.67713704705238 1.560697764158249 0 48.15466111898422 0.6075395047664642 10.2343362569809 8.348463110625744 0.2975183948874474 3.665126629173756 3.15336924046278 1.442067593336105 0 0.5661197155714035 0.3074428662657738 0.5534727573394775 0.7054397612810135 1.096055150032043 1.131208762526512 2.486043229699135 1581.195605948567 2.775633573532104 0 2.198993414640427 986.8010998517275 1.772797748446465 5.289234951138496 24.97421449422836 30.54495149850845 20.10452026128769 121.3723681420088 10.64919403195381 147.2103908658028 78.5508571267128 138.494398355484 34.28989641368389 306.1207871586084 269.2433352768421 220.9611345380545 91.28638653457165 0.5296258330345154 0.4164113998413086 0 0 0.3555983603000641 0 0 0 0 0 0.4477384090423584 0 0.1628538519144058 0 0 0.457487553358078 0.4573286771774292 0.5461834371089935 0.6570979058742523 4.929996952414513 5.801343530416489 0 0.9780047535896301 0 32.66223981976509 0.3915954828262329 20.52182804048061 2.166514188051224 2.584032744169235 0.5438352078199387 0 0 0 0 0.8234346807003021 0.1588550508022308 0.5807304680347443 2.586265370249748 0 0.4425430074334145 0 0.2928175926208496 0.1642462462186813 0.1655186712741852 0.1568921506404877 0 0.8802644461393356 1.451835088431835 0.3705596923828125 0 5.808598965406418 76.25635288655758 0.8821967393159866 1.182620167732239 0.1770797818899155 0 0.5232788920402527 0 0 0 0 77.89465035498142 1.16540914773941 0 0 0 39.48096400499344 20.07090470194817 52.76430821418762 0.6708318740129471 0.7471247464418411 1.248446330428123 0 0 0.2673639059066772 0 0 0 0 0 0 0 105.1655111163855 10.6877223700285 9.849706724286079 754.35484508425 18.97929089516401 187.1384202465415 64.93228699266911 2072.427224181592 38.31360883265734 0.9694362431764603 78.71326988935471 46.01820069551468 0.1849732249975204 7.796501740813255 1.05751758813858 78.83529984951019 0.7677858918905258 0 1.84656423330307 3.940496042370796 0
267.4417464882135 1233.87235878408 3766.425317585468 5.108860224485397 2294.528809957206 4.20359867811203 480.8164254799485 2526.545687615871 2566.163631506264 98.04898445308208 0 618.3463461101055 3046.385818243027 2396.371872790158 28.7872726842761 10.79749799519777 3.226555123925209 0.5605225414037704 0 0.1795495450496674 3.477075628936291 0 0.9100548475980759 0 10.64660534262657 5.179225839674473 2.655882149934769 3.211083643138409 1.924905806779861 1.015660956501961 579.7372954413295 73.82317391037941 12.70200002193451 0 1.215969949960709 7.696795031428337 14.37396015971899 2.100980415940285 1.435222432017326 11.79647140204906 4.439291030168533 2.600790187716484 0.1661461293697357 1.430574804544449 0.1889601796865463 0.4236533492803574 179.1576861739159 8.389216393232346 0.9858562797307968 0.2601170241832733 5.809555850923061 2.204756796360016 0.6908919215202332 1.84034126996994 0.9630340337753296 7.37096281349659 19.00238318741322 115.4436833932996 2.396606273949146 8.419320680201054 0.2541744187474251 2.612620204687119 0.4388239905238152 12.37067060917616 7.417131341993809 4.74084560573101 1.317502930760384 2.953804850578308 0.8723553568124771 2.143027007579803 35.47809083759785 4.168918892741203 0 62.0788371860981 41.75254262983799 100.3600090071559 52.76186269521713 5.503596931695938 166.3733002841473 756.0927999764681 4.95854289829731 19.42517900466919 15.64789688587189 1.119593240320683 7.449562378227711 8.579563364386559 2.098300985991955 0.2885018065571785 1.47599283605814 0.3496231883764267 1.875079326331615 1.426914013922215 2.148181483149529 3.164118088781834 6.208414189517498 172.497908398509 0.9059134721755981 0 0.1728305220603943 43.7442656904459 0.5380396395921707 1.897989347577095 5.619490444660187 5.246814385056496 7.1326734572649 30.79793202877045 0.7206076383590698 40.40226504206657 13.11019746959209 27.04966805875301 10.74848285317421 83.03262373805046 82.58730514347553 57.81632816791534 33.65080843865871 0 0 0 0 0 0 0.1421030163764954 0 0 0 0.9643323048949242 0 0.2811903953552246 0.6915270388126373 0 1.217671260237694 0 0.190411314368248 0 1.700981393456459 0.9471133500337601 0 0 0.9134196937084198 10.77868066728115 0.9448807388544083 6.92193891108036 1.288515582680702 2.163724645972252 0.3628687709569931 0 0 0 0 0 0 0 1.095347717404366 0 0 0.3902419656515121 0.40233114361763 0.1165660470724106 0 0 0 0.158208966255188 0.2260656952857971 0.1630922853946686 0.1592072695493698 1.154755890369415 24.15024307370186 0 0 0.1100684255361557 1.553195714950562 0 0 0 0 0.1406670361757278 29.80161206424236 0.5937080681324005 0.2907167673110962 0 0.6598052456974983 17.07149179279804 7.155249059200287 20.34595049917698 1.18732950091362 0.3528954982757568 0 0 0 0 0.09962082654237747 0 0 0 0.2447074800729752 0 0 36.81825226545334 4.765622615814209 3.062793955206871 805.8353546634316 65.30039081722498 376.3362567350268 163.3839519247413 212.7719095721841 64.12121441215277 3.312781982123852 147.1060466095805 17.16217561066151 0 2.803699679672718 0.7172598019242287 16.65323406457901 0.5447892695665359 0 1.819816440343857 6.552804201841354 0
178.9919667541981 166.9585314840078 87.15025392174721 89.86004102230072 47.24986736476421 69.79026028513908 139.0849544405937 72.1872326657176 132.8210302442312 1299.769440054893 618.3463461101055 0 862.1795966476202 265.438178896904 11.57812078297138 3.598013177514076 1.626144349575043 0.6065763682126999 0 0.7173783108592033 1.231975585222244 0.5456984639167786 0.1582600921392441 0.2430078089237213 3.795089073479176 2.709101498126984 1.137868747115135 6.259675778448582 6.423253372311592 1.304406613111496 18.63336522877216 0.2138081789016724 10.87426322698593 0 0 1.808845221996307 88.75071673095226 5.20254872739315 31.7380138784647 45.81511633098125 1.907595753669739 1.531033456325531 0 1.798992514610291 0 0.1676060110330582 51.16788619756699 1.631949789822102 0.3238994479179382 0.5600636899471283 0.7323176264762878 8.001033633947372 9.369492083787918 1.061158418655396 0.6002269834280014 2.122358396649361 37.77712691575289 41.19075465202332 2.26854295283556 1.404465638101101 1.815020307898521 3.273991838097572 0.1595134288072586 3.089600071310997 1.311478435993195 1.286247059702873 0.3620633706450462 0.1540600657463074 0.1517842561006546 0.5580654740333557 153.7119202315807 54.89398483932018 1.391934752464294 18.99702329188585 8.722774155437946 17.78885359317064 11.48759416490793 1.593283697962761 1.475864686071873 65.4448818564415 3.67808024585247 3.113312765955925 4.139355197548866 0.3226919397711754 1.935176052153111 2.452660374343395 0.2373970746994019 0 0 1.315326437354088 1.46746901422739 3.640794306993484 0.8465286493301392 3.040568336844444 8.511697135865688 1941.036899298429 17.72616535425186 0.719112366437912 3.958207219839096 197.1912921667099 3.458701603114605 4.496310710906982 16.92836731672287 8.543773204088211 17.56432877480984 81.35650466382504 1.916143074631691 109.1552469804883 40.90027467906475 75.01667925715446 23.39741382002831 248.359597235918 227.9827852398157 230.260396450758 92.23075491189957 0.1585283130407333 0.4278435707092285 0 0 0 0 0.2818368971347809 0 0 1.115163549780846 0.1894477605819702 0.2351511865854263 0.4607505053281784 0.5338004976511002 0.1410317122936249 1.467604145407677 2.093393072485924 3.13954696059227 0.6060853898525238 3.346353515982628 3.053578421473503 0.1740207523107529 1.861189872026443 0.6399352103471756 47.39409705996513 0.2434142827987671 25.07271575927734 6.265574038028717 2.927801430225372 1.353596225380898 0 0 0 0.2939458787441254 0 0.201993852853775 0.3049445152282715 2.638112530112267 0.4269334375858307 0.1994443982839584 0.2443539500236511 3.056380361318588 1.50131419301033 0 0.09284126758575439 0 1.107898682355881 1.347824200987816 0 0.6610713601112366 2.37540827691555 76.25931559503078 0.7400153130292892 0.1405323445796967 0 0 0 0 0 0 0.8560223281383514 95.65923866629601 6.893684417009354 0 0 0.3947041481733322 40.74369433522224 8.576346769928932 40.53149797022343 0.9227995276451111 0.3945330828428268 0 0.3862165659666061 0.6856926381587982 0.1451156139373779 0 0 0 0 0 0 0 103.3368646502495 20.1768893301487 15.3742034137249 312.1935560330749 16.85136304050684 130.8230006471276 40.2891479358077 436.8571373447776 19.21405051648617 0.2283691763877869 65.91480671614408 11.91396559774876 0.4318014681339264 7.681747183203697 0.6475033015012741 25.73920179903507 0.1924420595169067 0 2.782824739813805 1.186151370406151 0.835771769285202
647.5793375968933 2674.556882716715 645.9556234702468 707.322651848197 1160.266713351011 84.06997840106487 5978.73239133507 484.7093267738819 1014.86673348397 8393.17450568825 3046.385818243027 862.1795966476202 0 4405.228274211287 57.17030300945044 27.64147289842367 9.259643331170082 2.016784027218819 0 5.801954723894596 5.679492317140102 1.80733647942543 1.05492115020752 1.448568925261497 36.93467059731483 11.75456373393536 7.716476649045944 22.45899850130081 19.62567383050919 6.767919391393661 155.1843832284212 6.803632006049156 199.8338589817286 0 6.485354527831078 23.27284727245569 572.4545517712831 33.54821874201298 159.3874881863594 1362.593922823668 11.69649749994278 16.11294052749872 0.3509784936904907 8.069570049643517 0.4798000901937485 1.049193784594536 180.6500623375177 8.384625069797039 2.918686419725418 1.568032324314117 10.22223629057407 8.773026846349239 11.38730304688215 8.503403380513191 1.034255884587765 9.797047235071659 44.28240469098091 106.7003305330873 5.016316339373589 7.464661754667759 3.68101692199707 28.26930966228247 1.402743443846703 15.85898783802986 12.39742490649223 7.668217219412327 2.812618143856525 3.662699416279793 1.394824229180813 6.030385553836823 158.653293415904 110.5452881604433 0.5699965208768845 65.89326182752848 41.45371110737324 98.53639720380306 67.58449928462505 15.12166632711887 6.184483751654625 384.8315926492214 10.96238154917955 15.55977504700422 19.15611231327057 1.919036589562893 7.077847957611084 13.42565072327852 5.865509487688541 1.860297337174416 2.166088916361332 3.171923086047173 4.533912770450115 5.291810885071754 7.230325534939766 8.420607388019562 22.78107066452503 3749.428538426757 21.11938960850239 3.845276772975922 9.130202069878578 201.3390644490719 4.132756948471069 7.398034989833832 27.21158567816019 24.30219011008739 29.4251721650362 152.2208242788911 7.281886205077171 178.2220910564065 88.83658444881439 154.9738196730614 55.37019380927086 475.2478463575244 444.4873984903097 325.9684129357338 208.5487917885184 0.7941882461309433 0.4680705964565277 0.2249084562063217 0 0 0 0.4145475029945374 0.5196417570114136 0.5121535807847977 2.756958529353142 3.809675186872482 0.160745695233345 1.721719294786453 1.463888540863991 0.4412825703620911 4.013702675700188 0.8609162569046021 5.055680066347122 0.6053557842969894 5.480937123298645 7.396885007619858 0.5170207619667053 4.205195248126984 0.437984436750412 82.56017353385687 1.835926100611687 63.12160484492779 12.60729293525219 9.192706480622292 4.27714417129755 0.1597823202610016 0 0 0 1.12945120036602 0.6064200550317764 0.2716472446918488 3.538607433438301 0.1967358142137527 0.3465627580881119 0.1823772192001343 4.381094068288803 6.305952221155167 0 0.2107475697994232 0.1202949583530426 0.3221412673592567 1.496303856372833 0.4741726666688919 0.9228230863809586 4.988739654421806 178.4419988319278 0.3760891258716583 0.6911046206951141 0.2305305525660515 0 0 0 0 0 1.88302193582058 223.3931728899479 16.85714216530323 1.334524035453796 0.8362632393836975 0.3787896037101746 66.93088874220848 42.15594871342182 101.2019328474998 1.436122164130211 0.1953258216381073 0 0.288590133190155 0.1609040647745132 0 0 0.1087139919400215 0 0.3137408792972565 0.2901706099510193 0 0 245.6008215546608 45.78796729445457 31.83900330960751 841.5790626704693 128.5403712242842 465.8572438880801 203.2616235986352 810.2137183398008 83.50417572259903 4.814872585237026 176.5442630052567 46.18773078173399 0.8584551364183426 11.60748422890902 4.864823795855045 58.37281841784716 2.53716641664505 0.1870270669460297 5.686811849474907 6.876040399074554 1.463083356618881
