0 4877.540173366666 938.1012012064457 1801.212556108832 1399.338585615158 198.3421884179115 1802.685038365424 119.0678820610046 123.2224381566048 1017.97842349112 268.8247254490852 112.8047116547823 402.3385138958693 158.5077864676714 2.351665019989014 0.4149314165115356 0 0.2016227394342422 0 0.7092418372631073 1.345403224229813 0 0 0.1189488172531128 0 0 0 0 0 0 601.897823177278 2.313700765371323 28.17906795442104 0 0 0 35.86687484383583 0.1802161335945129 0 0 0.5012823194265366 0.5726529285311699 0.8282384723424911 0 0 0.1831680536270142 11.56797889620066 4.070326134562492 0.5388999283313751 0.7082629501819611 1.01645115762949 0.7381721138954163 0 0.1188856512308121 3.000259116292 3.236116588115692 505.050983466208 1020.593751713634 119.4516386985779 5.600129306316376 0 0.2993204891681671 0.1905557662248611 0.7266110926866531 2.340803451836109 1.782356142997742 0.9527417123317719 0.3010930866003036 0.9187425225973129 2.689200341701508 16.36351044476032 14.89679047465324 0 156.8848516345024 19.23445022851229 7.854695856571198 3.70191066712141 0.8138850778341293 1.575796142220497 236.1981907710433 0 2.342226758599281 6.759793661534786 0.2498766183853149 1.497675187885761 2.15836339443922 2.439764775335789 0 1.165199518203735 0.8434283882379532 1.069673396646976 0.1959157586097717 1.093488022685051 1.044179946184158 0.3985814154148102 128.8358247578144 9.833922401070595 3.422863960266113 0.8136430829763412 1398.576249815524 0 0 0 0 0 14.61890724301338 1.29497566819191 4.422247007489204 9.257631585001945 4.466510355472565 0 11.75034707784653 16.89005619287491 6.675691708922386 4.140154480934143 0.3833721280097961 0.3299862444400787 0 0 0 0 0 0 0.1430529356002808 0 0 0 0 0 0 0 0.2421029061079025 0 0 0.321408748626709 0 0 0.2239965051412582 0 2.014621883630753 0.8272939026355743 1.38690958917141 0 0 0 0 0 0 0 0 0 0.4769899249076843 0.9373815208673477 0 0 0 0 0.1273078173398972 0 0 0.1024192795157433 0.5461493134498596 0 0 0 0 6.710827887058258 0 0 0 0 0 0 0 0 0 1.502875715494156 0.1636219769716263 0 0 0.130001038312912 2.13003034889698 0 0.3827403634786606 0.4953393787145615 0.7622440457344055 0.6075819730758667 0 0 0.160867840051651 0 0 0 0 0 0.5870636999607086 0 3.788174644112587 0.6258945167064667 0.5354043692350388 211.3196142241359 8.872531957924366 55.47871696203947 10.19170611351728 896.7152534499764 21.02005119621754 4.604091309010983 5.007576748728752 1.192981451749802 0.1581511348485947 2.606077775359154 0.2583308070898056 17.18303716182709 0.1865930408239365 1.544166624546051 0 0 0
4877.540173366666 0 810.7699902579188 432.6907981783152 4929.392652988434 261.3220756351948 2285.400865741074 109.7256082296371 441.0044602006674 295.2481206580997 527.8951943963766 23.43508529663086 1040.831943169236 668.6484976634383 3.874578438699245 0.5490913093090057 0.6811374351382256 0.4839667156338692 0 0.4491298198699951 0.5778107941150665 0.1783631443977356 0.8843150734901428 0.1241506785154343 0 0.4256414771080017 0.166927307844162 0.5454888045787811 0.1328454613685608 0 1788.098543785512 7.088773109018803 35.3913851827383 0 0 0.1702072769403458 44.62336587905884 0.1882463097572327 1.884988032281399 0 0.5095775127410889 1.316191419959068 1.287505477666855 0.4714213982224464 0.1347793489694595 0.2024575620889664 114.9817547798157 21.23802084475756 3.529471978545189 2.1299012824893 7.904465951025486 0.1240885704755783 0.1120436936616898 0 20.10524617135525 14.30057375133038 230.0243438631296 640.8001655116677 103.8749669119716 34.38821744173765 0.1558818966150284 1.460371315479279 0 16.24745972454548 19.11672250181437 15.30326067656279 7.729472167789936 3.504018723964691 2.983411848545074 3.519712746143341 11.48163881152868 4.738463252782822 0 407.7524678036571 151.228333555162 85.97516387701035 5.546582698822021 1.628171972930431 2.81744172424078 200.9744206815958 0.9977844506502151 2.665597818791866 31.45013675093651 4.131977088749409 12.4784077256918 14.3206640407443 9.431553393602371 0.2459465861320496 6.701315984129906 0.1149886175990105 11.11516529321671 1.705117866396904 3.557496152818203 1.662141390144825 1.545901909470558 64.86813621222973 5.201408535242081 0 4.048410177230835 646.5972906500101 0 0 0.8701410889625549 0 0 47.13573260605335 0.9126068353652954 3.710675835609436 18.64233182370663 8.438616245985031 0 14.53171700239182 15.80220638215542 7.466585919260979 3.435990437865257 1.205930702388287 0 0.08972762525081635 0 0 0 0 0 0 0 0 0 0 0 0 0 0.4751937687397003 0 0 0 0 0 0.834305077791214 0.1443121582269669 3.848881363868713 1.094373479485512 6.655807927250862 0.4525213539600372 0.8865859806537628 0 0 0 0 1.796849250793457 0.2157326936721802 0 0.3828373402357101 0.4725707769393921 0 0.3444335907697678 0 0 0.3997758328914642 0 0 0.5239377021789551 0 0.5153925716876984 0 0.3332302048802376 0.1317317634820938 8.297755345702171 0 0 0.1810201108455658 0.2974983602762222 0.1114105507731438 0 0 0 0.1045675501227379 3.683117419481277 0.4631648063659668 0 0 0.2814614474773407 2.103063896298409 1.154403358697891 3.251915797591209 1.889898754656315 1.497361183166504 1.523844808340073 1.066441684961319 0.1427512019872665 0.5375858247280121 0 0.1313586384057999 0 0.3029963076114655 0.1653985977172852 0 0 9.949904158711433 3.201757967472076 4.549850985407829 192.6143370643258 50.98935327678919 407.3598421514034 55.46323837339878 958.4379472285509 83.60309990495443 18.47034275531769 28.22610121965408 5.614311590790749 0.2989261820912361 8.09721302986145 4.136212907731533 11.90838088095188 0.6201672852039337 0 1.907960370182991 1.153308466076851 0.2507820129394531
938.1012012064457 810.7699902579188 0 6.429446667432785 1140.283831939101 30.73432922363281 337.6513759419322 5461.734756186604 629.830945879221 20.77404509484768 3056.3828484267 47.35906124860048 534.2201251462102 1386.538435168564 19.12240617722273 4.610040232539177 1.041806906461716 19.72141695022583 1.027531266212463 26.74790377914906 9.180404037237167 0 6.167695850133896 1.105506002902985 0.4747868776321411 1.974549740552902 0.6933731511235237 1.002305753529072 0.5295875370502472 0 7286.637144982815 163.6450352147222 140.5786236003041 2.301381513476372 3.035750538110733 0.1626358926296234 109.8316087722778 1.363997712731361 4.428891457617283 0.6049071997404099 7.285148590803146 10.37609871476889 47.28240048140287 2.530446492135525 1.442651264369488 5.002155140042305 105.6363947913051 23.0864257439971 4.917424164712429 53.4214154034853 7.971290566027164 0.1464314013719559 0 2.651574581861496 14.30942448228598 9.359515234827995 190.0834183767438 1405.825767472386 79.4451152458787 25.93246725201607 9.654296584427357 6.271646983921528 1.17051462829113 81.76180094480515 17.4769484475255 12.75618871301413 8.422440469264984 5.374693349003792 85.330511495471 70.7841616794467 8.870120659470558 3.878600992262363 0 399.8384446948767 220.947204336524 105.7015222385526 37.14818643778563 19.09748344868422 167.1078803539276 1826.74841132015 72.64474848657846 203.4007369428873 26.21387206017971 3.042483754456043 11.59903310984373 14.83324018865824 43.38633181899786 0.2207671999931335 5.562440142035484 0.3307674676179886 12.33964958786964 1.086358591914177 31.18182741105556 5.732759691774845 6.001527734100819 4.00827644765377 2.660694777965546 0.3051974475383759 2.121397502720356 624.0109686851501 0 0 0 0 0.08058901876211166 0.3801885470747948 0 0 0.3775414228439331 0 0 2.410334542393684 2.499005198478699 1.456939056515694 0.3825561106204987 0.3840153440833092 0.1109757050871849 0.2161422148346901 0 0 0 0.1198872029781342 0 0 0 0.3746508657932281 0 0.2220177352428436 0 0.4115708768367767 0.1213251650333405 0.2631625980138779 0 0 0 0 0.1170551478862762 0 0.1707749962806702 0.9800123497843742 0.9670245945453644 4.185911096632481 1.941095158457756 0.344441331923008 0 0.1813981980085373 0 0 0 0.5539284870028496 0 0 1.082062676548958 0 0 0.6792961061000824 0.4585884883999825 2.768576696515083 0.1146250218153 0 0 0.2182231619954109 0.6235263794660568 0 0 0.3360247761011124 2.273929283022881 0 0 0 0.1087879613041878 0.304188072681427 0 0 0 0.1966797858476639 1.019088327884674 1.053680494427681 0.2713443338871002 0.3294950723648071 2.044432580471039 0 0 1.179770514369011 0.2893094271421432 0 0.5559608936309814 0.3034108579158783 0.3092083185911179 0.5432120561599731 0 0 0 2.028627417981625 0.2077557891607285 0.4386804103851318 0.3521834909915924 3.155035302042961 1.201231077313423 2.817348882555962 112.3648546934128 49.22087019681931 313.2755603417754 53.55306892842054 317.9499065726995 53.8497556746006 13.32424626499414 37.04798221588135 5.141341723501682 0.7771452665328979 4.149838365614414 2.87905690819025 1.387318447232246 0.3606942221522331 0.2934400141239166 0.3010546565055847 4.2069131731987 0
1801.212556108832 432.6907981783152 6.429446667432785 0 212.6221503391862 415.9554482698441 1978.816679500043 0.4975484386086464 113.7401298880577 1730.013355188072 3.92558990418911 166.6555430144072 1138.089664399624 52.25176186859608 2.392534799873829 0.1418518424034119 0 0.2903113067150116 0 0.1288817673921585 0 0 0.1628058105707169 0 0 0 0 0 0 0 23.85286065936089 0.602848544716835 2.148133262991905 0 0 0 9.230107933282852 0 0 0.24698606133461 0 0.402167059481144 0.1249444708228111 0 0 0.1372666209936142 30.93310509622097 6.207302130758762 0.72466741502285 0.3403086364269257 2.375826396048069 0 0 0.1642693132162094 4.516750805079937 3.384252719581127 80.64865438640118 153.6016441360116 35.47755567729473 7.998289324343204 0.1535762250423431 0 0 1.770883202552795 5.111069671809673 3.6933284252882 1.758544094860554 0.7424895688891411 0.8493222743272781 0 12.43314854055643 6.240760520100594 0 101.0449533462524 28.91306614130735 16.35205972194672 1.374586433172226 0.2245388776063919 0.3691268265247345 2.497247137129307 0.1212460026144981 0.1356293261051178 9.969626992940903 0.6631873324513435 2.064387366175652 3.546021804213524 1.650888338685036 0 1.673058360815048 0 1.905543386936188 0.7216141298413277 0.4935482144355774 0.2782125845551491 0 202.7713068723679 8.911284014582634 0 3.68897370994091 143.6486975848675 1.011248111724854 0 0 0.3497256636619568 0 14.09602236747742 2.980178460478783 6.41204147040844 16.00431071221828 10.10803687572479 0 43.72800096869469 32.66574108600616 28.28971600532532 8.986354395747185 0.4938860088586807 0.5300658196210861 0 0.6262588500976562 0 0 0.1479386687278748 0 0 0 0 0 0.143745481967926 0 0 0 0 0 0 0 0 0 0 0 7.554648160934448 2.995599552989006 8.001446560025215 1.177143096923828 0.1590136736631393 0 0 0.2048384994268417 0.2639968693256378 1.645583406090736 0 0 1.685590088367462 3.113409318029881 0 0 0 0 0 0 0 0 0.5972222536802292 0 0 1.286326438188553 1.578269779682159 19.04235614836216 0 0 0.2467747032642365 0 0.2487696558237076 0 0 0 0 10.95316378772259 3.978234261274338 0 0 0 2.184046357870102 4.175701200962067 5.183402642607689 6.508190952241421 2.140620872378349 3.36321522295475 0.6257401406764984 0.4411092102527618 0.8339461088180542 0.4364138841629028 0 0 0 0 0 0 18.14051461219788 2.840130046010017 3.750431641936302 188.1717064380646 7.693378239870071 111.4150231555104 13.7047306522727 636.9557873234153 25.33415833860636 3.023432523012161 11.31516493111849 9.172580078244209 0.6885166168212891 11.79167713969946 2.108547694981098 26.77160477638245 2.661282509565353 0 3.33116365224123 0.3550747632980347 0
1399.338585615158 4929.392652988434 1140.283831939101 212.6221503391862 0 38.12870258837938 1616.339340344071 276.8885626420379 3595.297968536615 183.4804865866899 2868.995226658881 36.33927562832832 706.5084695518017 2788.98952088505 12.84516495466232 0.3378268033266068 0.5604452416300774 0.9088246300816536 0 0.6982225626707077 0.3265255242586136 0 0.3922508284449577 0.5947590917348862 0 1.131478793919086 0.3910480216145515 0.8027661889791489 0 0 523.6495902091265 12.70962984114885 38.70976747572422 0 0.1484148502349854 0.2748612612485886 35.50773075222969 0.5577576905488968 3.180785089731216 0.1370702385902405 0.1668911427259445 1.193825788795948 0.824980154633522 0.8551551103591919 0.09613869339227676 0.1048979088664055 208.499431848526 20.89445278793573 1.959719948470592 2.580888547003269 9.486394330859184 0 0 0.1256505399942398 13.46325916796923 10.4271235615015 64.76095740497112 168.881415605545 35.92723695188761 60.09497774392366 0.6940877661108971 0.1642128378152847 0.2174711674451828 43.46440329402685 14.36615507304668 11.55194325745106 9.744530007243156 4.642370581626892 1.224048860371113 1.285310551524162 53.24067130684853 14.58792921900749 0 301.9338115006685 136.2627657055855 175.405968092382 21.58381377160549 1.745499432086945 1.545797288417816 155.9232820048928 1.193253077566624 2.236341387033463 30.71639478206635 3.106161810457706 12.13960549980402 13.93520718067884 9.260366290807724 0.1410873681306839 6.906776271760464 0.2957049384713173 13.00777807086706 2.722934186458588 5.408030323684216 2.103952020406723 2.957145340740681 28.7594301700592 37.37413730472326 0 20.18969912081957 93.33487916737795 0.6274490356445312 0.2010253369808197 0.1730497777462006 0 0 13.15000765025616 0 6.483961597084999 6.132501423358917 1.396445393562317 1.259032309055328 18.56825171411037 13.989381685853 10.91455726325512 6.233326449990273 3.270302191376686 0.5589881837368011 0 0.124748520553112 0 0 0 0 0.1580649614334106 0 0 0 1.734095007181168 0 0.1146631017327309 0 0.09265202283859253 0.3592621386051178 0 0.225311279296875 0.6972298920154572 0 0.5889240205287933 0.7952097207307816 13.79976923018694 6.750684410333633 42.6432789042592 2.103170149028301 0.9473413527011871 0 0.4018673747777939 0 0 0.7204861789941788 3.713027074933052 0 2.389422923326492 9.096032738685608 0.4894405454397202 0 0 0 0 0 0.8998121172189713 0.1254151463508606 0.4758370220661163 1.522788137197495 0 2.247333616018295 4.761485278606415 49.11230681836605 0 0.6788002550601959 0.31248539686203 0 0.175052598118782 0 0.2677232101559639 0 0.1401614099740982 26.77924022078514 8.310215041041374 0 0.3247732520103455 0.3326915204524994 8.71883550286293 10.53595513105392 20.34383057057858 6.26139935106039 0.8283614590764046 8.171896547079086 0.990411639213562 0.1279922425746918 0.6199650913476944 0.6510472893714905 0 0 0.3729741424322128 0 0.2351551055908203 0.1387327313423157 10.18881586194038 13.8511139601469 18.72387330234051 177.1536904647946 70.50505254417658 451.4890234693885 92.82912520319223 349.6731883063912 107.7570212781429 17.26319476217031 64.57259504497051 11.95334246009588 1.275172904133797 20.11521624028683 5.201028898358345 12.76977526396513 4.628199473023415 0.3775926306843758 4.325278371572495 4.236936993896961 0.9572671800851822
198.3421884179115 261.3220756351948 30.73432922363281 415.9554482698441 38.12870258837938 0 339.0864822715521 1.189131230115891 16.76267600059509 531.6342497467995 11.22668351233006 330.9769018888474 305.7303477674723 27.18710117042065 0.2590837851166725 0.1570742130279541 0 0 0 0 0 7.732488632202148 0 0 0 0 0 0 0 0 82.36037300527096 0 35.14477676153183 0 0 0 79.82579660415649 0 0.4289550483226776 0 0 0 0 0 0 0 0.2068626135587692 0 0 0 0 12.52866624295712 8.119057029485703 0.339097261428833 0.111031748354435 0 503.1586305350065 29.64781264960766 7.089704521000385 0 0 0.7912506908178329 0 0 0.1318933218717575 0 0 0 0 0.3027274310588837 222.8890043199062 111.4826645255089 2.18111315369606 2.552281856536865 0.5960427522659302 0.5590754002332687 0.6986887902021408 0 0 35.13698022067547 0 0.2193172425031662 0.1108094230294228 0 0 0.1124177426099777 0 4.488422036170959 3.671017169952393 3.984618216753006 1.415709361433983 3.096173346042633 0 0 0 300.5518342554569 203.4419046342373 64.69636186957359 7.776254892349243 643.5834596604109 0 0 0 0 0 2.525149524211884 0 1.989641219377518 1.802521377801895 0.7439292669296265 0 4.726817280054092 6.362193450331688 3.205677032470703 0.5416146069765091 0 0.1395335346460342 0 0 0 0 0 0 0 0 0 0 0 0 0 0 0 0 0 0 0 0 0 0 0.1665521860122681 0 0.6716766059398651 0 0 0 0 0 0 0 0 0 0 0 0 0 0 0 0.2048533409833908 0 0 0 0 0 0 0 0 4.286152899265289 0 0 0 0 0 0 0 0 0 4.814173355698586 0 0 0 0 0 0 0 0 0.6389415860176086 0.2601127922534943 0 0 0 0 0 0 0 0 0 0 14.27031129598618 0 0.1978750079870224 3.466700360178947 0.3455031961202621 1.377874255180359 1.138702064752579 471.7091708481312 1.364329293370247 0 0.163688063621521 0.2601417005062103 0 0.7038376331329346 0 6.191113770008087 1.285635590553284 0 0 0 0
1802.685038365424 2285.400865741074 337.6513759419322 1978.816679500043 1616.339340344071 339.0864822715521 0 104.8252428248525 1646.601092800498 3296.77831762284 1043.364685304463 171.8845722600818 4295.252801917493 2793.057594634593 60.15003380179405 5.84446707367897 1.55983654409647 2.497910313308239 0.2315326854586601 1.6688162535429 1.080551326274872 0.4134892970323563 1.04476659744978 0.3272098749876022 0.2346991449594498 1.661677330732346 0.3240389972925186 1.032175801694393 0.4935298264026642 0.2537914738059044 388.1308224126697 34.6364875510335 32.65126869082451 0.8586116209626198 0 0.1511603146791458 77.28582348674536 0.647951140999794 8.214363478124142 1.029464788734913 0.9479049146175385 6.734335586428642 2.887309342622757 1.896649017930031 0.9544021487236023 2.898625150322914 558.1462226957083 47.67799150198698 5.62590292096138 7.25098030269146 18.97838980704546 0.4202427864074707 0.1608527153730392 1.190117314457893 28.54041471332312 22.25236737728119 189.6470192521811 402.5738649219275 103.8877773210406 147.1309519708157 1.365984715521336 0.09647821635007858 0.1789276003837585 104.1503993794322 30.69297847151756 25.36093457788229 20.36445332318544 8.845151394605637 4.881936624646187 5.077985472977161 368.1823347434402 87.03056158125401 0 703.580860465765 280.2261319756508 492.5792337208986 98.23382006585598 8.225634790956974 2.222616106271744 24.21270516514778 3.359334126114845 6.119270764291286 55.68270844966173 6.063550911843777 27.18531925231218 30.75523862242699 20.70632199198008 0.3836577609181404 12.38698653131723 0.6355609595775604 27.67508707940578 4.299257226288319 11.18733274191618 6.681596778333187 4.904024660587311 378.6113052293658 183.3457807600498 0 104.4891819283366 179.9074289351702 1.224925935268402 3.371234148740768 3.685116559267044 2.734317690134048 0 59.6979673653841 4.393955960869789 59.90140479803085 132.9351463168859 55.51374095678329 7.01572673022747 289.6470548659563 231.5886105746031 202.0980176478624 101.3681273460388 18.22069240361452 10.37460692226887 0.5870140939950943 1.411817543208599 0 0 0.3291981220245361 0 2.5337865203619 0 0 0.5814546570181847 5.519590809941292 2.01533155143261 3.378927409648895 0 0.6468956992030144 0.8968761116266251 0 0.7097891569137573 4.144929260015488 2.160427048802376 11.87175349891186 2.164319679141045 133.7005723118782 57.16152064502239 338.4598265886307 13.22261135280132 20.74805425107479 0.9426003098487854 2.597140476107597 0.8233795166015625 0.1563273966312408 9.003668338060379 17.97132810950279 0.2166247516870499 23.44099467247725 116.1970884650946 0.8611247688531876 0.3991223126649857 0.3140734434127808 0.590480625629425 0.1490478068590164 2.689752206206322 5.645833775401115 1.170414328575134 7.835867844521999 15.7098283469677 1.089189112186432 10.82635268568993 46.99567916244268 459.9319084659219 0 5.928231909871101 4.277028255164623 0.1713806539773941 0.5813862159848213 0.717631533741951 0.808945968747139 0.1246959194540977 0.600368320941925 232.1153889372945 31.39926124364138 0 0.1358315050601959 0.9696460515260696 101.6358793601394 65.25525536388159 185.834085598588 65.056655831635 22.2152277007699 59.2942818403244 13.68440007418394 5.244796380400658 8.224439918994904 0.7029163017868996 0 0 1.727053478360176 0.1710929870605469 0.3222582042217255 0.3630704209208488 175.7255282700062 110.28010815382 131.2163526415825 885.5979488939047 168.3466553390026 1283.29077283293 309.3494402393699 1265.997767619789 320.162387624383 44.66121751815081 281.851256608963 90.79669114202261 9.63628076761961 209.9309553802013 27.39314024150372 152.8179733008146 35.45717581361532 1.323238648474216 33.19001810997725 18.08561258763075 0.5514258295297623
119.0678820610046 109.7256082296371 5461.734756186604 0.4975484386086464 276.8885626420379 1.189131230115891 104.8252428248525 0 292.9270896017551 4.459237858653069 2805.576433360577 40.40424305945635 370.056523874402 1770.627336621284 22.203314691782 5.873703464865685 2.078634798526764 35.44703453779221 0.6463231444358826 52.35253871232271 17.80175732076168 0 6.47389043867588 3.301960453391075 0 2.743948988616467 0.2847451269626617 1.293552920222282 0 0.1684572547674179 1959.539791755378 1340.051435500383 94.14080525189638 2.869151249527931 2.037555932998657 0.3407420217990875 83.6158097833395 0.5076037868857384 1.376614928245544 0.4662725925445557 8.753848396241665 11.68827575445175 74.46349037438631 3.93878398835659 2.239395186305046 17.28530302643776 195.2656742408872 16.30317861586809 3.895045086741447 69.41704939305782 7.636266224086285 0.2262319624423981 0.1436982005834579 3.726354748010635 6.629992127418518 7.037268437445164 55.37472962588072 242.6782661452889 24.97180513292551 48.59904351830482 37.05713085830212 14.83549444377422 1.088369727134705 317.678242020309 9.853145122528076 6.656614184379578 5.685863763093948 3.857110537588596 97.75207647681236 110.7553201317787 9.917316563427448 0.8840435594320297 0 287.5588959157467 211.7716201022267 242.6475905627012 78.94705590605736 76.40771039575338 438.3076529055834 2526.939324125648 361.5866037607193 1308.836310639977 16.81546615064144 1.742477431893349 7.474230483174324 8.069326490163803 37.84437785297632 0.6909902915358543 4.334444813430309 0.6055746674537659 6.077273689210415 1.02505049854517 38.87355754524469 6.340775646269321 7.673054605722427 3.356059730052948 1.092967472970486 0 0.9414517134428024 52.05870741605759 0 0 0 0 0 0.5506984442472458 0 0 0.6715127229690552 0.154424324631691 0 0.5589808970689774 0.1421397775411606 1.223162636160851 0 0.1297729462385178 0.1230540126562119 0.1045587882399559 0 0 0 0 0 0.1877056807279587 0 0 0.1524832993745804 0 0.1706519275903702 0.6192371100187302 0.452384889125824 0.774356447160244 0.2773742824792862 0 0 0 0 0.2939911857247353 0 0.7953241243958473 0.854275643825531 0.9766481593251228 1.489603020250797 0.9381751343607903 0.3460842370986938 0 0 0 0 0.1652551144361496 0 0.2707919180393219 0.29433274269104 0 0.1130268573760986 0.4653075486421585 0.4446147605776787 2.862277157604694 0 0 0 0.1253678351640701 0 0 0.3083406686782837 0.1196293756365776 0.3364139348268509 0 0 0 0.2261730283498764 0 0 0.1974434703588486 0 0.7297014743089676 0.452406533062458 0.1496729850769043 0 0.2122687846422195 1.973784446716309 0 0.0924253985285759 0.5559233874082565 0.4830086529254913 0 0.5356796085834503 0 0 0.180081695318222 0 0.1221783980727196 0 0.3914135247468948 0.4862659871578217 0.2911811470985413 0.826367512345314 0.8483667373657227 0.1955836936831474 3.0193265452981 147.2698218002915 44.1869790405035 377.6445972025394 65.12960696965456 91.14644780009985 65.87702836096287 7.350414268672466 60.86888477951288 3.804239124059677 0.7999010160565376 2.407268412411213 2.014561876654625 2.07666802406311 0.2529727965593338 0 1.057588785886765 2.795053258538246 0
123.2224381566048 441.0044602006674 629.830945879221 113.7401298880577 3595.297968536615 16.76267600059509 1646.601092800498 292.9270896017551 0 165.6459983810782 5199.444487944245 38.69299127161503 956.9192803502083 4971.724530182779 34.61058163642883 3.962106108665466 0.9068413749337196 0.5327030047774315 0.2478786930441856 0.9999834597110748 0.4167414456605911 0 0.45712710916996 0.2564284205436707 0 0.8184835836291313 0 0.5508503317832947 0 0.08396389335393906 212.5976939871907 30.59440619498491 10.2456448674202 0 0.1507374942302704 0 23.37936879694462 0.1164386868476868 2.027857258915901 0.2571090906858444 0.3193693608045578 3.109332114458084 0.8421828001737595 0.7933482080698013 0.2956025376915932 0.546508900821209 233.0466458424926 13.25461779534817 1.520222827792168 2.804649978876114 4.940904401242733 0 0.1233742013573647 0.3256624191999435 6.61842954158783 4.763660602271557 23.15303805470467 52.4561979919672 21.88211409747601 54.39308559894562 0.489754892885685 0.1422317922115326 0.181539848446846 72.36453608423471 8.216049171984196 5.640851989388466 4.976916268467903 2.485226392745972 1.778408452868462 2.943750895559788 139.8951135501266 39.21547508239746 0 174.6609830260277 90.86057115346193 226.0146467164159 59.29198894649744 4.123416729271412 0.2608394175767899 41.69259380549192 1.661959432065487 2.367314197123051 12.70361956208944 1.020835906267166 5.635833032429218 5.709013916552067 5.286725878715515 0.1111161038279533 3.094051025807858 0 7.47334823012352 2.243875913321972 4.863644562661648 2.113360352814198 1.557819485664368 53.14256691932678 60.46933821588755 0 36.31774367392063 11.98761599510908 0.7234472632408142 0.1845650672912598 0.1637665629386902 0.5757560133934021 0.2785947322845459 18.02448344230652 0.5263160318136215 18.22983418405056 23.60861700773239 8.633953019976616 2.752525433897972 71.90627609193325 52.66819807887077 42.15178816020489 32.52815201878548 5.621089555323124 3.399409845471382 0.4568166136741638 0.3300257176160812 0 0 0.1495073288679123 0 0.1666782796382904 0 0.1714856326580048 0 2.540851607918739 0.5741365998983383 0.1647249311208725 0.2131033688783646 0.6541225463151932 0.3349510133266449 0 0.1681435257196426 2.142693877220154 0 2.370803967118263 0.901828408241272 45.68077895790339 19.47679347544909 104.6433200463653 5.890725336968899 6.061544768512249 0 0.2816972732543945 0 0 2.157362774014473 5.248607859015465 0.2172303050756454 6.563015341758728 36.20349726080894 0.3251558095216751 0.1131525859236717 0.2279374301433563 0.1407500952482224 0.8321811482310295 1.119668915867805 2.306978076696396 0.4758105650544167 2.077702462673187 4.033899515867233 0.2412382066249847 4.360356971621513 13.94197726249695 135.8592540472746 0.1666217148303986 1.650430262088776 1.318036630749702 0.1309197843074799 0.157349020242691 0.1160685643553734 0.09360996633768082 0 0.3628998547792435 67.62519091367722 9.070852592587471 0 0.2218420207500458 0.4606118947267532 31.59119992703199 19.97291813790798 51.76586604118347 25.4961776137352 8.910646051168442 17.2035443559289 6.05913482606411 2.070807799696922 2.286347642540932 0.3565602079033852 0.1166597157716751 0 0.5010344535112381 0 0 0 51.32085576653481 39.60568683594465 43.62695021182299 355.9211485087872 57.57042099535465 439.7344151586294 124.8790979608893 138.3333280533552 114.7082117199898 11.95439241826534 148.9747955575585 29.13107096403837 1.771762013435364 63.11114057153463 9.696101658046246 39.56566776335239 12.82231659442186 0.4263932704925537 12.55134360492229 7.8449612185359 0.6433965116739273
1017.97842349112 295.2481206580997 20.77404509484768 1730.013355188072 183.4804865866899 531.6342497467995 3296.77831762284 4.459237858653069 165.6459983810782 0 24.7000684440136 1518.495013386011 7667.235493883491 178.985587015748 10.41624499857426 2.764308713376522 0 0.2193304002285004 0 0.2336634695529938 0 0.8393164873123169 0.4980644285678864 0 0 0 0.165578305721283 0.2472375929355621 0 0.1458341330289841 24.97327324748039 2.078356526792049 199.4375628083944 0.2310283631086349 0.1137203648686409 0 455.9115111529827 0 4.799130462110043 0 0.5540911555290222 0.6187221109867096 0.3636036664247513 0.2774653732776642 0 0 75.83140824735165 4.233197063207626 0.5413039475679398 1.182496599853039 2.147307641804218 1.457411177456379 0.3651311993598938 0 4.055710047483444 2.733785912394524 71.21163871884346 83.72835088521242 26.37378086894751 17.45891934633255 0.1895211040973663 0.245160847902298 0.2952212691307068 11.46207815408707 3.476425938308239 3.29800034314394 1.922593541443348 0.3234558627009392 0.9326689839363098 0.6424186304211617 322.732605651021 144.4911857098341 0.1319611370563507 98.67065924406052 33.0801745057106 70.48434582352638 17.14786237478256 3.300800278782845 0 7.205482609570026 0 0.9211979582905769 6.49170308560133 0.5405139699578285 3.259506367146969 3.417946845293045 2.639176860451698 0.6658503413200378 1.676356822252274 0 2.846843428909779 1.528406456112862 3.187592461705208 1.506720080971718 1.025835789740086 932.752508237958 172.6577970087528 3.74731719493866 68.11052071303129 371.2634160965681 2.80015555024147 1.719961449503899 4.511272341012955 2.319859281182289 0.2553580775856972 85.15752382576466 9.63385035097599 100.9304934442043 145.8709497749805 67.74533578753471 8.134179338812828 386.0460066199303 283.4876502901316 276.351166844368 114.9010715931654 20.37894336879253 16.17707876861095 0.1708321571350098 1.528735563158989 0.2532857656478882 0 0.4098003208637238 0 0.1480194628238678 0 0 0.4643652737140656 5.065710499882698 1.960685640573502 0.8062756210565567 0.4547694474458694 0.212985634803772 0.9117996394634247 0.2345966547727585 1.186985656619072 3.613038972020149 0.8821610510349274 8.599330306053162 1.37956902384758 171.3814757540822 63.01480640470982 319.8060183301568 18.28151489794254 24.05263060331345 0.820049524307251 3.121279716491699 0.8855800032615662 0 9.08236201107502 22.63102811574936 0.9523912966251373 36.45250441133976 141.0366991907358 1.177829921245575 1.01516817510128 0 0 0 2.329410955309868 4.592099726200104 2.501137532293797 9.332593962550163 22.43938046693802 0.1468848884105682 14.60671706497669 45.08750566840172 449.4912761598825 1.732623100280762 8.757937148213387 7.587884433567524 0 1.025577120482922 0.5310995727777481 0 0.1429450213909149 1.031657561659813 225.6670508533716 48.05501909554005 0 0 0.7237709611654282 99.04476997256279 58.77905932068825 186.1516823917627 91.52003574371338 36.3351743966341 82.59354580938816 19.97148738056421 15.63463573902845 8.548919938504696 1.074871316552162 0 0 0.8767547309398651 0.250952810049057 0 0.8217190504074097 229.3253466337919 115.7312341630459 153.0441946834326 437.0223516747355 16.48739106953144 215.9296690896153 45.18134667724371 839.0293365418911 50.23553705960512 4.680157974362373 85.50735596567392 143.4845682233572 3.739417567849159 260.8300628662109 16.73023524880409 251.1165190339088 58.41049358248711 3.231331035494804 46.65802377462387 3.058507367968559 1.712852254509926
268.8247254490852 527.8951943963766 3056.3828484267 3.92558990418911 2868.995226658881 11.22668351233006 1043.364685304463 2805.576433360577 5199.444487944245 24.7000684440136 0 163.9126967042685 2772.492989175022 9253.94158193469 40.03468861430883 11.25561825931072 0.3613122850656509 6.854788951575756 0 16.49166150391102 15.86008308827877 0.1559709310531616 14.27485029399395 1.663853153586388 0.686430811882019 3.410943910479546 3.098275564610958 0.7190777510404587 0.4566324204206467 0.295274943113327 492.1893765777349 143.7430651336908 102.1883351877332 2.862027660012245 6.703765399754047 0.9581905603408813 171.8339976370335 1.838792011141777 1.906845457851887 0.6639449074864388 18.14859863370657 15.50998919457197 29.30747674405575 2.320312909781933 0.3969248384237289 1.599953942000866 115.6656190156937 3.778650380671024 2.471764668822289 18.14004987478256 10.28832884132862 0.2972530424594879 0.1512245088815689 3.282540649175644 2.137004472315311 1.350919879972935 13.93176971375942 52.98846171051264 7.140562288463116 23.29930975288153 3.778363540768623 9.096510663628578 2.436924293637276 61.56793986260891 1.818933755159378 2.469384215772152 0.7177032306790352 2.96463219076395 54.41725417971611 119.8275891318917 19.14946924895048 11.21667478978634 0.4117102026939392 89.98224578052759 60.36349661648273 152.6163996234536 67.27700541913509 19.20262461155653 41.46880374848843 1739.987064071 7.475115187466145 97.12260700762272 4.736559800803661 0 2.753959968686104 2.771333083510399 14.65825843811035 0 2.351450443267822 0.8480573892593384 5.60035465657711 0.8032467514276505 67.14837924391031 16.8114605769515 9.794762030243874 21.34737817943096 5.441574975848198 0.1795212030410767 3.250656567513943 24.97717028856277 0 0 0 0 0 0.761729821562767 0.3003291487693787 1.331027954816818 1.565073892474174 0.5342658460140228 0.4280051290988922 7.817808553576469 3.786035746335983 4.153712496161461 4.73882032930851 0.7095330357551575 0.2748683393001556 0 0.1042577549815178 0 0 0 0 0 0 0.8884050697088242 0.1775255799293518 0.7645836621522903 0.506299763917923 0.455073706805706 0.5580306574702263 0.8651311621069908 0.6968196779489517 0 0 0.7061286568641663 0 0 0.2236579582095146 3.300601154565811 0.5419866070151329 8.642776064574718 2.072146974503994 0.2221293896436691 0.2873538881540298 0.9704514518380165 0.3152655959129333 0 0.138963058590889 0.2222653925418854 0.141211986541748 1.753828346729279 1.548331096768379 0 0 1.763042777776718 0.4056590497493744 5.136232182383537 0 0 0.1265652775764465 0.900335893034935 0.1727134734392166 0 0 0.1992776542901993 9.571781530976295 0 0 0 0.175583690404892 0 0 0.4348756968975067 0.4808245673775673 0.6628170758485794 6.790807753801346 0.8085403740406036 0 0.330826461315155 1.789695307612419 3.120823636651039 2.288523182272911 3.089969858527184 0.5829276591539383 0.288416713476181 2.574980020523071 0.7879079729318619 0.2428798973560333 0.5435725599527359 0 0 0 0.9395054280757904 0.6214375495910645 0.2752907872200012 0.3219136446714401 8.096732094883919 2.265829712152481 5.562409296631813 205.1727888509631 31.65944836288691 201.1740899980068 60.21847204864025 53.53589881956577 43.49286624789238 4.40840519964695 66.36702161282301 6.959935814142227 1.765160851180553 8.541006565093994 1.446165859699249 1.172881752252579 0.3939062282443047 0.1228785812854767 2.303083375096321 4.919877462089062 0.6407806351780891
112.8047116547823 23.43508529663086 47.35906124860048 166.6555430144072 36.33927562832832 330.9769018888474 171.8845722600818 40.40424305945635 38.69299127161503 1518.495013386011 163.9126967042685 0 808.5333414748311 39.50985082983971 10.77454585582018 2.230658836662769 0.1155701652169228 0 0 0.3923939168453217 0.1542793810367584 0.4254309237003326 0.3074996322393417 0 0.1280006319284439 0 0.1600864678621292 0.1144363954663277 0 0 9.87579270452261 1.690666414797306 53.03782486915588 0 0.1129943802952766 0.1951040625572205 276.5470970794559 0.2351996600627899 0.4385413974523544 0 0.6605218797922134 1.291197195649147 0.6855199784040451 0.4969528988003731 0.1103766411542892 0.1497489511966705 20.91188483685255 0.459276482462883 0.3083865344524384 0.7893068715929985 0.1118647679686546 0.20342917740345 0 0 0.1832537651062012 0.6728341728448868 13.76861561834812 3.770269423723221 1.243148446083069 2.092583358287811 0.192911684513092 3.431959569454193 0 5.584430649876595 0.1112648099660873 0.3890761509537697 0.107719860970974 0.2375570014119148 1.726542137563229 2.116421982645988 61.82260299474001 17.58088009059429 0 9.192497760057449 3.578902743756771 22.92346745729446 12.47019848227501 5.256680332124233 0.1709943413734436 4.817736446857452 0.3613562434911728 2.049850203096867 0.7317282408475876 0 0.3133988827466965 0 1.165328860282898 0 0.1990935802459717 0 1.680782228708267 0 1.581715889275074 1.307516805827618 1.775453694164753 1040.380977138877 7.786992356181145 0.9709176123142242 4.085242301225662 72.11457828432322 1.286500379443169 0.2074700742959976 2.665902554988861 3.645242884755135 0 45.36370418965816 6.848173573613167 58.72285412251949 75.67444640398026 37.42170323431492 7.073838204145432 244.0230556130409 182.8907029777765 205.1082234680653 66.28665432333946 3.331086903810501 2.988522686064243 0.2569968104362488 0 0 0 0 0 0.3292343616485596 0 0 0 0.8211794942617416 0.2413550913333893 0 0 0 0.3462251126766205 0 0.6374683976173401 0.2711569666862488 0 1.192087069153786 0.807788759469986 46.54957130551338 10.37615030258894 40.68601804226637 2.056292533874512 2.379107296466827 0.2154639065265656 0.3280544281005859 0 0 0.9562687575817108 1.024200722575188 0 13.07358214259148 46.1048201918602 0.219068855047226 0 0 0 0.5042161047458649 0.4730303883552551 2.63207271695137 1.041808068752289 4.073098704218864 4.255020201206207 0 2.939538940787315 8.03276626765728 78.26077361404896 0.1884919852018356 1.675524011254311 1.911503866314888 0.1427815556526184 0.2622360587120056 0 0 0.1437196284532547 0 87.14067170023918 5.328665867447853 0 0 0.1455274522304535 28.41297248005867 11.62507513165474 39.5132057517767 32.57734259963036 9.143346264958382 26.02815349400043 4.204044491052628 0 3.623397782444954 0 0 0 0 0 0 0 168.5142244100571 18.23682907223701 17.50573860108852 84.52785049378872 6.907846853137016 40.37257949262857 14.26370531320572 155.1147809550166 6.538681522011757 0.2337166368961334 19.44912249594927 31.80311370640993 1.851912766695023 81.4376742169261 8.220233231782913 111.5472214072943 15.23315977305174 0.1917440891265869 17.87989972531796 0.9467048943042755 0
