0 5918.785095766187 1157.929972022772 950.3407221436501 741.4544128626585 51.12340375781059 1400.821885034442 66.29722186923027 81.08618560433388 2113.659321337938 129.4500060677528 93.96437902748585 577.8693158477545 236.1912702322006 14.65159346908331 2.707581989467144 0 0.1145359575748444 0.2656709551811218 0 0 0 0.5609646439552307 0.8364760130643845 1.089930549263954 0 1.03133325278759 0.239558070898056 0 0.1582048088312149 231.362355299294 1.617925092577934 5.149980537593365 0.4130064696073532 0.6858334094285965 2.406838484108448 10.17966930568218 0.6924823448061943 1.510092467069626 0.3227547109127045 0.9209755808115005 0.3127352148294449 0 2.107657939195633 0.1260699331760406 0.301499992609024 55.70698757469654 2.841934531927109 0 0.284277006983757 0.6384454369544983 0 0 0 9.883577592670918 16.37011431157589 118.9029360711575 704.5417876020074 72.78198508173227 25.88535116612911 0.5428078174591064 2.295650012791157 0.7575443610548973 8.65545254945755 11.17245636880398 4.009388409554958 0.6909620314836502 1.483032166957855 1.033836171030998 2.52798530459404 23.84648783504963 21.98791971802711 0.3826294392347336 413.5180932506919 36.69290648400784 68.70822698622942 7.031601876020432 2.406873345375061 0.140936017036438 19.00891464948654 0 2.277484111487865 31.68740754574537 4.543276183307171 2.28282568603754 6.708559297025204 1.455043204128742 0.5001596510410309 3.062293097376823 0.421297013759613 0 0 0.5377265214920044 0 0.3086132705211639 73.46888907253742 7.649835377931595 0.254088431596756 6.834444984793663 1116.790521815419 0 0 0 0 0.6573643088340759 0.7466093003749847 0 2.33270737528801 2.734049737453461 0.6469409465789795 0 1.220372706651688 3.50011819601059 2.166086703538895 0.5674272775650024 0 0 0 0 0 0 0 0 0 0 0 0 0 0 0 0 0 0 0 0 0.1926001608371735 0 0 0 0.5524267256259918 0 0.8438490629196167 0 0 0 0 0 0 0 0 0 0 0 0 0 0 0 0 0 0 0 0.2288410067558289 0 0 0 0 3.09781688451767 0 0 0 0 0 0 0 0 0 2.250875219702721 0.6609182953834534 0 0 0 0 0 1.686610460281372 0 0 0 0 0 0.1861564517021179 0.107635997235775 0.2436389550566673 0 0 0 0 0 0.861276388168335 1.694112330675125 2.307301074266434 51.56910380721092 10.29028091579676 120.8141760677099 54.43453139811754 1364.363622196019 172.1280174404383 6.124770469963551 13.62074898183346 1.948305375874043 0.4510392546653748 4.696149520576 7.969511486589909 1.63297026604414 0.7860510274767876 0.4598498344421387 0.1370017528533936 0.3715158849954605 0.6103796511888504
5918.785095766187 0 1442.213380567729 987.8173740953207 3007.235171474516 224.283022120595 3599.669949047267 132.5098571926355 1087.670552395284 358.5378093793988 305.1998803541064 18.24672678112984 1013.953885726631 923.9606645181775 55.52748472243547 5.857257664203644 0.6806221604347229 0.2621344104409218 0.4403377026319504 0 0.110986515879631 0.1636583358049393 0.4745461344718933 1.301520399749279 0.8505467772483826 0.3832155168056488 0.9933438152074814 0.2058054804801941 0.2668563723564148 0.3360707014799118 3036.410999953747 8.868893563747406 9.976313292980194 0.1416423916816711 0.5673858597874641 2.608911208808422 14.59513685852289 1.430545963346958 2.985029727220535 0.7940791100263596 1.153794124722481 0.392701268196106 0.1781985908746719 3.601384773850441 0.2300236970186234 0.6127301156520844 186.0609420537949 15.45424968749285 0.4986899644136429 0.5442027896642685 0.548999160528183 0 0 0 36.32372560352087 56.37172447144985 86.90470930933952 747.9744282215834 80.40780141949654 55.67499948292971 3.436574652791023 1.509384803473949 2.266986265778542 98.07852499186993 39.61623601615429 18.01940352469683 2.105473451316357 4.187691956758499 1.500801637768745 4.321216896176338 42.01119211316109 2.488450825214386 0.5061426162719727 489.4598469287157 91.2334925532341 223.9967024847865 47.33266334980726 5.808242097496986 0.5631804093718529 41.22756535559893 1.316741555929184 7.746069930493832 101.9760706722736 10.85634805262089 17.0282412096858 26.22733240574598 5.89906170219183 0.9957966879010201 10.62446970492601 0.4260004311800003 0.2531941533088684 0.1215897053480148 1.796012938022614 0.375720202922821 0 128.9172406643629 0.5850851535797119 0 8.494880616664886 1009.093332335353 0 0.7264205813407898 0.2653549611568451 0 0 6.074892222881317 3.493794560432434 9.398419842123985 2.692106381058693 2.263749629259109 0.9156098365783691 6.496784761548042 0.9209889322519302 6.695411667227745 11.79362291097641 0 0.158824697136879 0 0 0 0 0 0 0 0 0.2017035931348801 0 0 0 0 0 0 0 0 0.9142166525125504 0 0 0 0 7.973801121115685 0 1.811344385147095 0 0 0 0 0 0 0 0 0 0 0 0.7162947654724121 0 0 0 0 0 0 0.1175565347075462 0.3566603362560272 0.09510225802659988 0 0 0 12.17521046102047 0 0 0 0 0.1166214719414711 0 0 0 0 4.953801646828651 0 0 0 0.1110686063766479 2.206873774528503 0 0.6265355944633484 0.08234874904155731 0 0 0 0.3856606781482697 0.5634678602218628 0.2065494582056999 0.1166286915540695 0 0.6547395065426826 0 0 0 2.110948264598846 0.8849286437034607 3.240037575364113 98.42546114325523 39.56075819581747 524.6074477806687 96.4620069488883 778.0801752135158 217.2681245133281 15.73574160784483 51.16332099586725 4.90113527327776 0.8035964146256447 13.79364821314812 15.911954164505 3.837227262556553 0.934576727449894 0.7244938462972641 1.763769805431366 0.1750988364219666 0
1157.929972022772 1442.213380567729 0 25.62950098514557 937.7497357875109 18.68181872367859 202.7769063636661 4847.835067227483 672.3224944621325 16.4473679959774 5699.493395879865 1.447759687900543 385.5778737664223 1501.730140395463 68.26810344308615 17.13647561520338 1.593878619372845 0.4974236413836479 0.4567309021949768 3.539138078689575 11.52682504057884 0.1533494144678116 18.63473084568977 12.95830997079611 19.80184132605791 7.887905061244965 14.41039025038481 1.979172140359879 0.1239543855190277 0.5976951420307159 5777.699472509325 432.2553365826607 108.8280098959804 2.648227885365486 20.85719062387943 24.9118020683527 27.32167075574398 7.543224543333054 1.145172350108624 3.977991953492165 32.45150472223759 5.53297508507967 5.951470918953419 11.66126215457916 1.131820723414421 5.399070590734482 106.9891523197293 11.39914202690125 0.3358064293861389 5.757310770452023 8.731480531394482 0 0 2.001520268619061 14.29399602115154 23.45687053352594 51.95455948263407 920.2705283090472 50.42634782195091 33.93791642040014 17.41306392848492 16.28559395670891 25.04601313918829 430.1829702481627 18.61525172740221 10.82255209982395 2.689220748841763 23.65897842496634 41.16321094334126 112.4136696532369 38.00287806242704 1.08739709854126 0 320.9879664778709 70.13758292794228 163.1202958375216 63.78670594841242 17.16935068368912 222.0388036519289 2161.796703137457 20.22784016281366 297.4773010909557 46.3042616173625 5.473053574562073 6.138127535581589 13.24890192598104 9.831459499895573 0.8400242403149605 5.33043272793293 0 0.1165263503789902 0.4557565823197365 18.99511188268661 3.853799030184746 2.250835582613945 21.42358165979385 1.760707631707191 0 2.211326494812965 458.4989284425974 0 0 0.2661780714988708 0 1.039640486240387 2.111825704574585 0 2.125974714756012 0.8769996762275696 0 0.7785069197416306 3.350313633680344 1.944869056344032 3.488076448440552 1.66304948925972 0 0 0 0 0 0 0 0.2281216979026794 0 0 1.059546709060669 0 0 0 0 0.2588908672332764 0 0 0 0 0 0 0 0 4.862404495477676 0 2.18866802752018 0.353182464838028 0 0 0.1755181401968002 0 0 0 0 0 0 0 0 0 0 0 1.24004440009594 0 0 0 0.1055064648389816 0 0 0.7756457924842834 0 6.580547362565994 0 0 0 0 0.2676709368824959 0 0 0 0.2414713501930237 4.331946805119514 0 0 0 0 0.5139184594154358 0 0 0.4853664040565491 0 0 0.5308540463447571 0.9283576309680939 0.11482123285532 0.1945726275444031 0.1026927977800369 0 0.3737714663147926 0 0 0 1.34866526722908 1.88440066576004 1.084918648004532 96.64154178649187 25.62659861147404 276.5937768593431 74.90947692841291 117.2333835959435 119.8915096521378 7.989829026162624 60.30034783482552 3.815252333879471 0.2484033331274986 6.240070670843124 8.780196264386177 2.692201845347881 0.2546388134360313 0.3652977347373962 0.96701680123806 0.3902028650045395 0
950.3407221436501 987.8173740953207 25.62950098514557 0 123.911910995841 196.418905377388 1801.20042064786 0 61.88820961117744 1625.729524508119 1.360187366604805 260.6102078706026 1660.721970230341 134.6106107160449 4.028401494026184 0 0.1679890900850296 0 0 0 0 0 0 0 0 0 0 0 0 0 20.02737893164158 0.4755707085132599 0 0 0 0 0.9064176678657532 0 0 0 0 0.0980386808514595 0 0 0 0 11.04144858568907 1.585899993777275 0 0 0 0 0 0 3.614507719874382 5.038369871675968 9.32507187128067 31.89916783571243 7.969584360718727 5.56825216114521 0 0 0 3.185830309987068 5.447647944092751 1.298418201506138 0.3205516263842583 0.126596212387085 0.1431300789117813 0 2.695929050445557 0.9195065796375275 0.09983060508966446 39.19745899736881 9.432889193296432 21.06908813118935 3.856329262256622 0 0 0.8703276216983795 0 0 12.49512933194637 1.15958072245121 1.17678377777338 3.416623927652836 0.2376625388860703 0.129637286067009 0.6797890886664391 0 0 0 0 0 0 47.0768935084343 0 0 0.380804181098938 106.6067758947611 0 0 0.4107044637203217 0 0 2.334885492920876 0 0.66253262758255 16.2238983809948 0 0.1841738671064377 1.19026517868042 1.063877791166306 1.213484942913055 1.268400520086288 0 0 0 0 0 0 0 0 0 0 0 0 0 0 0 0 0 0 0 0 0 0 0 0 0 0 0 0 0 0 0 0 0 0 0 0 0 0 0 0 0 0 0 0 0 0 0 0 0 0 0 0.3180007934570312 0 0 0 0 0 0 0 0 0 0 0 0 0 0 0.2730790376663208 0 0 0 0 0 0 0 0 0.1843858361244202 0 0 0 0 0 0 0.2554449737071991 0 0.2697784006595612 4.346768602728844 3.512979805469513 42.54589062184095 9.888011448085308 160.5192233920097 20.71206926554441 0.2838736027479172 1.268001511693001 1.144787147641182 0 2.333331920206547 0.8068600669503212 0 0.8248366117477417 0.2490415871143341 0 0 0
741.4544128626585 3007.235171474516 937.7497357875109 123.911910995841 0 31.9613403826952 1083.295758999884 118.1537666395307 4835.863187015057 333.1577876508236 521.6426748931408 52.39762823283672 915.563790500164 1613.765924185514 77.60578646510839 7.022692233324051 0.7759802117943764 0 0 0 0.7906593680381775 0 0.4430314302444458 0.1001567915081978 1.25216618180275 0.6405272036790848 0.7336944788694382 0.1781825423240662 0 0 270.9223779886961 5.344684466719627 14.61756136268377 0 0.9754241108894348 0.7300582826137543 32.10450226813555 0.3099067062139511 2.479281380772591 0.3673993945121765 1.053644567728043 0 0.1631129235029221 1.562482640147209 0 0.4703652858734131 113.2648576423526 16.45127318799496 0.278987318277359 0.2386768460273743 0.7405510991811752 0 0 0.21537034958601 15.6601682677865 37.60290130227804 21.03350105136633 140.0295388326049 19.51574487239122 29.06747306138277 0.9255040287971497 5.017639726400375 0 70.57463020086288 25.9766539260745 19.28198748081923 3.663425467908382 1.905410893261433 0.3470879942178726 1.467511430382729 85.50444006919861 2.820656418800354 0 123.2612134069204 29.53072893619537 144.6629967167974 57.9330170378089 6.456879526376724 0.4650395512580872 13.01717416197062 0.6509713381528854 2.807710871100426 59.25660899281502 8.917957678437233 9.728215478360653 21.8134001493454 5.49901207536459 0.6528501361608505 6.289228424429893 0 0.4060181081295013 0.2483704313635826 1.713069573044777 0.1551138311624527 0.2295072823762894 169.8939362764359 3.294408231973648 0 10.57080280780792 76.41969214379787 0.7567010521888733 0.4309267401695251 2.277105510234833 0 3.424754932522774 10.04526142776012 4.522862076759338 21.62185882031918 7.63239461183548 8.695438861846924 1.335267826914787 16.35325542092323 8.405003353953362 13.94974139332771 19.86635966598988 0 0 0 0 0 0 0 0 0 0 0 0 0 0 0 0 0 0 0 0 1.68754705786705 0 0 0 13.19466514885426 1.227922320365906 5.460366308689117 0.9082297384738922 0.2542175352573395 0.5787330865859985 0 0 0 0 0 0 0.4586356282234192 1.819363743066788 0 0 0 0 0 0.2440083399415016 0.3895533680915833 0 0 0.8364464044570923 0 0.1094483584165573 0 31.56754291057587 0 0.7960776686668396 0 0 0 0 0 0 0 17.2810375392437 0 0 0 0 1.954427286982536 0.318101555109024 1.908567667007446 0.3943389803171158 1.019203037023544 2.819680511951447 0 0 0.3958553969860077 0.2558737471699715 0.1585151106119156 0 0.2267720550298691 0 0 0 9.551368594169617 16.46415318548679 10.2415908575058 92.30706515908241 35.28059034049511 462.2615528777242 78.07273872196674 121.0318570286036 96.02299711108208 8.559603489935398 54.82490736991167 5.532139718532562 0 7.911914013326168 7.312776908278465 2.642758995294571 0.8407444506883621 0.5436903834342957 1.700766541063786 0.8899611830711365 0
51.12340375781059 224.283022120595 18.68181872367859 196.418905377388 31.9613403826952 0 312.8882182687521 0.3521247506141663 30.07936292886734 638.2404929846525 6.358467757701874 124.5620884895325 342.5087424665689 42.25085906684399 0.672159880399704 0.4789062887430191 0 0 0 0 0 0 0 0 0.1797810941934586 0 0 0 0 0 3.093772485852242 0.9189801216125488 9.535662591457367 0 0 0 38.20615282654762 0.218355730175972 13.20758719742298 0.2082623839378357 0.3312526941299438 0 0 0 0 0 1.322339043021202 0 0 0 0 1.995177075266838 0 0 0.3183658719062805 0.8782025054097176 182.5203644782305 19.87370690703392 3.013320192694664 0.1975932419300079 0.1528355777263641 1.892142206430435 0 1.366527244448662 0.2788875997066498 0.2829464226961136 0 0.185475081205368 0 0.1753976196050644 166.4564626663923 314.7041269242764 10.51325123012066 4.627803653478622 0.4049829691648483 0.4698275327682495 0 0 0 2.712655633687973 0 0.895702600479126 0.9820693805813789 1.824137926101685 0 0 0.1624794900417328 5.954696863889694 2.184206873178482 3.410212248563766 0.3632306754589081 0.9882364869117737 0 0 0 243.1763362288475 136.1504238992929 9.119817823171616 50.75939182937145 693.6167344450951 0 0 0 0 0 0 0 0.5279630422592163 0.2139472663402557 0 0 1.446442395448685 0 0.4416521042585373 1.052149087190628 0 0 0 0 0 0 0 0 0 0 0 0 0 0 0 0 0 0 0 0 0.353954404592514 0 0 0 1.678687378764153 0.3626921325922012 2.07618536055088 1.020985633134842 0 0 0 0 0 0 0 0 0 0.2084511667490005 0 0 0 0.3072366416454315 0 0 0 0 0 0 0 0 0 1.245966255664825 0 0 0 0 0 0 0 0 0 1.917824372649193 4.97696253657341 0 0 0 0.4724269807338715 0 0 0 0 0 0 0 0 0 0 0 0 0 0 0 2.657190322875977 3.421131923794746 3.454979240894318 3.225058883428574 0.3032044917345047 2.743115149438381 1.278023861348629 248.6545135527849 2.106822922825813 0.2169280797243118 0.4196065813302994 0.8059042692184448 0 0 0 0 0 0 0 0 0
1400.821885034442 3599.669949047267 202.7769063636661 1801.20042064786 1083.295758999884 312.8882182687521 0 13.25441385060549 1617.977078802884 2697.289315268397 149.336161673069 165.7026968598366 2235.753863051534 825.5899927020073 116.5730302855372 10.4395190179348 0.7940045297145844 0 0 0 0.1906883120536804 0 0 0.3932212591171265 0.1513947248458862 0.1948497593402863 0.1135276705026627 0 0.3281039744615555 0.1102562993764877 222.4879651814699 8.515688732266426 11.65244698524475 0 0.1341720074415207 0.9079978987574577 33.22739067673683 1.960618421435356 4.609541706740856 0.1444311141967773 0.403318464756012 0.3880945891141891 0 4.063863195478916 0 1.074650332331657 222.3723223432899 29.99943257123232 1.149024441838264 0.2187729105353355 0.3432598263025284 0.1102421879768372 0 0 35.13935066759586 74.55041993409395 41.41937221586704 238.0473055019975 47.18390047550201 52.19963710010052 0.4069102555513382 4.541198946535587 0.6525279879570007 105.5024892389774 58.95027992129326 31.2871020808816 5.7897844389081 4.726192012429237 0.8710154742002487 0.8267088979482651 117.6216847300529 1.89588338136673 0.1518971174955368 291.2867494374514 64.35524748265743 256.9724701568484 87.56488206982613 9.24360816180706 0.9114304184913635 2.594162903726101 1.760480716824532 5.322437770664692 131.7802937999368 19.63761688023806 24.28349947184324 40.0283757224679 11.87040542811155 1.228000104427338 15.12986824661493 0.3117575794458389 0.3666903898119926 0.1713127791881561 0.1324469447135925 0 0.1281105279922485 668.8494866788387 3.93890668451786 0 6.991089999675751 232.6549774259329 0.964102566242218 2.118716716766357 3.523774117231369 0 7.737458407878876 14.78002336621284 2.942999601364136 29.09674420952797 12.57510182261467 13.33819529414177 5.956586465239525 22.65944913029671 19.38809150457382 33.53008057177067 34.71730072796345 0.9089671969413757 0 0 0 0 0 0 0 0 0 0 0 0 0 0 0 0 0 0 1.926235169172287 2.087112337350845 0 0 0 21.54128076136112 0 12.72596798837185 2.0888951420784 0 0 0 0 0 0.3203120827674866 0 0 0.9149174988269806 2.010365143418312 0.3145365715026855 0 0 0 0 0.2287162989377975 0 0.1400755196809769 0.9958375990390778 0.1072279214859009 0 0 0.5719095468521118 45.35218517482281 1.331380367279053 2.167343139648438 0.1155219748616219 0 0.2656204849481583 0 0.4742896258831024 0 0 40.79045179486275 0.6694461703300476 0 0 0 8.35788556933403 0.7659813761711121 3.912073105573654 1.706890925765038 0.4665377736091614 2.500819757580757 0 0.9727262258529663 0 0.4732708781957626 0.6886276304721832 0.1122919693589211 1.527994632720947 0 0 0 12.62669207155704 17.76715236902237 12.75460398197174 128.1107450574636 59.78737173974514 807.6307008564472 120.2168215811253 720.3480621501803 199.930347263813 19.61210373789072 96.94031653553247 7.922890938818455 1.916518032550812 18.85616151988506 14.44026479125023 9.929502859711647 3.965175747871399 0.9928922057151794 3.262831330299377 2.490995720028877 0.5370570123195648
66.29722186923027 132.5098571926355 4847.835067227483 0 118.1537666395307 0.3521247506141663 13.25441385060549 0 1188.065485097468 7.951971843838692 2621.009705990553 0.8759294897317886 406.7298693209887 1246.346653074026 72.07003581523895 16.35735355317593 2.25530868768692 0 0 6.605087026953697 6.425308927893639 0 5.51296865940094 6.770008482038975 14.19876023381948 2.901763245463371 7.323477059602737 1.639659345149994 0.393389105796814 0.6274003833532333 1018.977027095854 1782.5641188398 65.14233346283436 1.668074548244476 12.41004072129726 13.95745594054461 19.44460501521826 5.443439237773418 1.101971700787544 2.918888360261917 15.69918441027403 4.674283899366856 4.962224952876568 12.88377220928669 1.391258612275124 8.687849968671799 74.47057298570871 5.762103244662285 0.2726152390241623 4.855706617236137 5.352441817522049 0 0 0.9645772874355316 6.889160059392452 14.85734447091818 13.3452197983861 179.369683496654 14.84597882628441 12.19584555923939 21.70029655098915 9.777831047773361 12.24453931301832 397.6867333352566 11.77952065318823 5.213850386440754 1.654484264552593 16.37987940013409 24.98508125543594 62.0630267187953 18.00332508981228 1.792594075202942 0.1314458549022675 87.49602901935577 26.38725431263447 79.66346767544746 74.82793404906988 259.9387673735619 993.4966758042574 2320.11295517534 168.9084120988846 561.5212940201163 28.20075419545174 2.460960403084755 5.969017125666142 7.891378678381443 7.388680942356586 0.4592230618000031 3.581274032592773 0 0.3348917961120605 0.1217867806553841 12.65362294763327 1.67059688270092 1.682286784052849 9.303406581282616 0.6451905965805054 0 1.226599991321564 23.85828067362309 0 0 0 0 0.7923394441604614 0 0 3.430696725845337 0 0 0.4213181138038635 0 0.4107588827610016 0.7171874344348907 1.86316642165184 0 0 0 0 0 0 0 0 0 0 0.6906298100948334 0 0 0 0 0 0 0.1624347716569901 0 0 0 0 0 0 1.137036681175232 0 0 0.2230450510978699 0 0 0.1261274665594101 0 0 0 0 0.2091414630413055 0 0.6732757687568665 0 0 0.1387133747339249 0.1630086004734039 0.1401360034942627 0 0 0.2766399085521698 0.1270524561405182 0 0 0 0 4.001619815826416 0 0 0 0 0 0 0 0.421552449464798 0 1.548193395137787 0 0 0 0 0 0 0 0 0 0 0 0 0 0 0 0 0.1083912402391434 0 0 0 0.5963358283042908 1.570580363273621 1.670851185917854 82.72421064972878 12.58460932970047 243.0991370454431 46.91051302850246 17.51046026498079 54.99413695186377 3.986947752535343 44.89187702536583 3.678729325532913 0.3951448351144791 2.626335248351097 2.407042182981968 0 0.1197488307952881 0.2619734406471252 0 0.7127690613269806 0.5145874619483948
81.08618560433388 1087.670552395284 672.3224944621325 61.88820961117744 4835.863187015057 30.07936292886734 1617.977078802884 1188.065485097468 0 399.1693262457848 5333.486561626196 127.6685129404068 1864.129903286695 1908.341303378344 88.23918593674898 15.0161572471261 0.470903679728508 0 0.1719300597906113 0 0.5554667413234711 0 1.364279761910439 0.3834998905658722 3.347888104617596 0.5028707683086395 0.9843064621090889 0.705464243888855 0.4644272476434708 0.2918920964002609 74.89397846162319 5.659187257289886 35.53282172977924 0 0.9984182417392731 1.676744915544987 59.53584773093462 2.063343390822411 4.640230134129524 0.7615437433123589 1.856375187635422 0.654640406370163 0 6.806910514831543 0 0.5050322115421295 97.67959097772837 8.087491855025291 0.2109822481870651 0.3442945703864098 1.8813202008605 0 0.128596305847168 0 6.832588829100132 12.51450876891613 9.298268772661686 41.50906244665384 8.775251932442188 12.8638377264142 1.342620834708214 11.77391155064106 0.9562421515583992 38.00209224969149 11.94382055103779 7.687831848859787 1.4367990270257 2.259637013077736 3.547333009541035 2.591582968831062 161.9445745274425 10.52055035531521 0 54.99275321513414 9.966218762099743 60.62426282465458 36.57942799478769 13.80725692212582 1.010643765330315 37.13989587128162 1.435687884688377 2.712551601231098 29.78183811157942 3.388152725994587 6.247137024998665 8.88707572221756 3.927973948419094 0.2471283301711082 2.244502231478691 0.2284719198942184 0.3211074322462082 0 1.020849049091339 0.4447860270738602 0.128430649638176 403.4292335659266 3.636343583464622 0 12.50260844826698 24.03271625936031 1.187234729528427 0 1.37479755282402 0 5.521010473370552 16.01532116532326 3.911970004439354 27.05390579998493 7.599729791283607 14.14104969799519 7.006552636623383 21.93596589565277 11.75075176358223 28.25222481787205 40.201979637146 0.7761256992816925 0.2772429287433624 0.3892582952976227 0 0 0 0 0 0 0 0 0 0 0 0 0 0 0 0 0.6112654507160187 0.7480574548244476 0 0 0 21.0670725107193 1.020192891359329 9.846498057246208 1.341008633375168 0 0 0 0 0 0.4944374263286591 0 0 3.003909587860107 1.378382831811905 1.332064092159271 0 0 0 0.1790578812360764 0.3268150091171265 0.3073687851428986 0 0.1829963773488998 0.7091192007064819 0 1.023258686065674 0 40.66706837713718 1.007407560944557 2.454533144831657 0.4987620264291763 0.1371535062789917 0 0 0.2358025163412094 0 0 39.60493606328964 0 0 0 0 2.749170899391174 0 5.177425488829613 1.411319747567177 1.288530170917511 1.40844851732254 0.6917079389095306 1.129118055105209 0.6385367065668106 0.08582255244255066 0.1431272476911545 0 0.2181508466601372 0 0 0 10.78618931770325 18.40667319297791 16.25112116336823 154.3000606894493 16.44590493291616 403.6450812965631 75.25491855293512 81.10402696579695 80.18066112697124 4.563130408525467 96.86858244240284 8.182741910219193 0.2103827148675919 10.89481187611818 5.291576161980629 14.80542483925819 1.230683915317059 0.3816168606281281 4.144570305943489 1.486530587077141 0
2113.659321337938 358.5378093793988 16.4473679959774 1625.729524508119 333.1577876508236 638.2404929846525 2697.289315268397 7.951971843838692 399.1693262457848 0 32.48260253667831 1893.902113437653 10437.93558853865 511.0618115365505 18.36207611858845 4.376625373959541 0.12387815117836 0 0 0 0 0 0 0.2063613682985306 0.2955441474914551 0 0.5770970582962036 0 0.2046025097370148 0 12.76998943090439 0.68485027551651 8.620970726013184 0 0.1570457965135574 0.4575956761837006 19.46207445859909 0.1868837177753448 1.852278560400009 0 0.1737780570983887 0.1241496279835701 0 2.984000280499458 0 0.3148486614227295 48.03109238296747 3.530131995677948 0.1393498033285141 0.2034170627593994 0.147555023431778 0 0 0 7.392628595232964 10.92228475213051 16.89152327179909 40.00552342832088 11.11593409627676 10.05800511687994 1.010488659143448 1.949582323431969 0.09224875271320343 13.30215547978878 10.54407250136137 3.306254617869854 0.5737100839614868 2.023522421717644 0.3658096343278885 1.199737332761288 373.4869857877493 2.724447011947632 0 92.67282614856958 7.146672591567039 40.60507716238499 12.2193084359169 5.761427491903305 0 1.048573017120361 1.519494295120239 0.7519747465848923 21.323959171772 2.248679347336292 2.974677242338657 6.153857797384262 1.232553519308567 0.498125284910202 1.142553880810738 0.1662375330924988 0 0 0.7313676178455353 0.6539504677057266 0 1102.77276930213 4.853917926549911 0 7.971089661121368 246.4182660579681 0 0.3334327787160873 3.292816117405891 5.039479434490204 3.399822488427162 18.72178637981415 5.836540848016739 28.85036884248257 73.11450730264187 17.81549161672592 6.583802804350853 23.86189405620098 14.24433314800262 34.10698981583118 28.00494748353958 0 0 0 0 0 0 0 0 0 0 0 0 0 0 0 0 0 0 0 0.9300721436738968 0 0 0 0 15.36320641636848 0.5461828112602234 6.116027638316154 0 0 0 0 0 0.7089139819145203 0 0 0 1.401568830013275 0.7345365285873413 0.1850943118333817 0 0 0 0 0 0.7663560807704926 0.2134489715099335 0.5557184442877769 0 0 0 0 31.95162919163704 0 0.8172641694545746 0.4124614074826241 0.2132636308670044 0 0 0 0 0 17.69582614302635 0.3449139595031738 0 0 0 7.236803069710732 0 1.523619040846825 1.077542424201965 0.962699830532074 1.213394418358803 0 0.2446358650922775 0.3227260410785675 0.08861597627401352 0.2799457386136055 0 0.2392020523548126 0 0 0 7.745435401797295 10.22260910272598 10.33399328589439 73.07858119159937 6.025019437074661 185.0319746211171 27.43566958606243 616.7716341465712 53.20915269106627 2.246678866446018 51.45465534180403 3.843428701162338 0.2550691813230515 8.192933917045593 2.112444646656513 16.46354240179062 0.3930135071277618 0.1301198303699493 4.01494511961937 0.5655984878540039 0
129.4500060677528 305.1998803541064 5699.493395879865 1.360187366604805 521.6426748931408 6.358467757701874 149.336161673069 2621.009705990553 5333.486561626196 32.48260253667831 0 6.756925195455551 3435.173200823367 4786.331595398486 129.0159455239773 32.48546396195889 1.857450842857361 0.418247789144516 0.2459518164396286 1.435818314552307 3.524830177426338 0 11.96087491512299 13.19317620992661 57.93855945765972 6.489018693566322 28.57759902626276 3.47309447824955 1.717635080218315 3.86071339994669 605.6207143217325 280.8100210428238 316.7492204159498 1.349205791950226 22.50949684530497 73.46566462516785 218.337202578783 28.17069210857153 12.53751735389233 15.14964523166418 21.77372677624226 8.039576411247253 1.985469400882721 22.05476145446301 0.3543871492147446 4.084791019558907 116.7246020138264 10.72376608103514 0.618654802441597 1.572195507586002 10.95334883779287 0.1692374646663666 0 2.163253143429756 9.297593660652637 17.19327912479639 17.15597648173571 168.6592171043158 16.44757532328367 20.63438419252634 1.850161403417587 17.18159362673759 33.58559750020504 121.3126137107611 15.92467933148146 12.17328509688377 4.793688349425793 32.32528539747 20.1705235093832 49.34174512326717 149.1022637486458 3.345473915338516 0 100.0772406682372 27.95017624646425 121.2736374884844 69.89531188458204 32.18153950572014 295.6784912645817 135.3156291842461 3.612574957311153 44.85946560651064 37.45633575320244 4.510797373950481 7.817001238465309 15.15488510578871 5.78450233489275 0.6683724522590637 3.267823971807957 0 0.1589283049106598 0.2995701432228088 16.09646698832512 7.443574823439121 1.039985187351704 52.1440873593092 0 0 5.073846161365509 32.01697546243668 0 0 0.542773574590683 0 0.2804853320121765 5.626691251993179 0 2.828928276896477 0 0 1.060803890228271 3.110351428389549 2.713178008794785 3.089297369122505 9.426873132586479 0 0 0 0 0 0 0 0 0 0 0.3304091691970825 0 0 0 0 0.6594014763832092 0 2.350829347968102 0 0.1960702538490295 0.5953663140535355 0 0 0 5.029926478862762 1.17228364944458 2.631525292992592 0.3181023746728897 0.2612823843955994 0.168038010597229 0 0 0 0 0 0 0 0 0 0 0.2255216538906097 0.2162080258131027 0.5790847390890121 0 0 0.1128160506486893 0 0 0 0 0 7.569549366831779 0 0 0.2072656154632568 0 0 0 0 0 0.3879448473453522 5.208723738789558 1.711186707019806 0 0 0.1738788336515427 2.359539687633514 0.8483819961547852 2.172507464885712 0 0 0 0 0 0 0 0.4578394666314125 0 0.2072913572192192 0 0.121341310441494 0 2.028318867087364 5.944810450077057 3.758233964443207 143.2912241443992 26.07069638371468 383.1817146539688 80.7079488709569 49.6298446431756 82.28405745327473 7.79164133220911 83.30059891939163 4.997610315680504 0.3995549008250237 5.068066045641899 6.118939779698849 2.797842010855675 1.376321136951447 0.1250864118337631 0.94614277780056 1.422141030430794 0
93.96437902748585 18.24672678112984 1.447759687900543 260.6102078706026 52.39762823283672 124.5620884895325 165.7026968598366 0.8759294897317886 127.6685129404068 1893.902113437653 6.756925195455551 0 1929.326880171895 68.71564449369907 12.63299109041691 5.396383211016655 0 0.1330140084028244 0.1715519279241562 0 0 0 0.3496504724025726 0.4195433855056763 0.5210720151662827 0 0.1718879342079163 0 0 0.244562104344368 2.346796199679375 0.5680916309356689 15.75199830532074 0 0.2064765393733978 0.7713429778814316 24.30381654202938 2.046430543065071 0.9304401874542236 1.042950481176376 0 0 0 4.260021388530731 0 0 21.12037977576256 0.6846362203359604 0 0 0.1540094166994095 0 0 0 1.773806303739548 2.34438843280077 10.38084256649017 6.286788359284401 3.476777777075768 2.535326033830643 0 2.365482710301876 0 3.03945517539978 1.541665934026241 1.276924453675747 0.5652468204498291 1.198318243026733 0.9918878972530365 2.74161271750927 247.3993558585644 13.26627507805824 0 18.84684615582228 2.656842142343521 9.925165720283985 8.082036182284355 8.098644837737083 0 0 1.754699468612671 3.408715218305588 5.36759427934885 1.278903633356094 0.4587313383817673 2.288428738713264 0.5036534294486046 0 0.575767807662487 0.1425442546606064 0 0 0.7402810454368591 0 0.147391676902771 1561.509812310338 2.827185586094856 0 5.497686147689819 57.23032473027706 0 0 1.794248029589653 0.9125361442565918 4.090982690453529 13.58717334270477 5.569471061229706 19.36290946602821 9.564137652516365 6.522742211818695 3.740926340222359 18.5651593208313 7.562845960259438 20.08982163667679 24.88528844714165 1.012525260448456 0.1743203699588776 0 0 0 0 0 0 0 0 0 0 0 0 0 0 0 0 0 0 1.351080119609833 0 0 0 16.4171749651432 0 5.368189305067062 0 0 0 0 0 0.4250184595584869 0 0 0 0 0.6424702554941177 0.3252551257610321 0 0 0 0 0.412796676158905 0 0.2615907266736031 0.896760880947113 0 0 0 0 32.79267562925816 0.6866020038723946 0.4590471982955933 0.1337826400995255 0 0 0 0 0 0 25.25150902569294 0 0 0 0 1.360345348715782 0.2371523827314377 0.9825195521116257 0.4746315479278564 0.8678936809301376 1.088188096880913 0 0 0 0 0 0 0.147163912653923 0 0 0 7.077596560120583 9.615092217922211 8.150526806712151 77.16597202420235 1.739973410964012 86.13071525096893 16.11431474983692 135.6241708397865 19.1380420550704 0.3718704283237457 43.41905927658081 3.044741526246071 0.1544911414384842 9.919321194291115 0.8536543399095535 5.966766864061356 0 0 4.42355652153492 0.3912109732627869 0
577.8693158477545 1013.953885726631 385.5778737664223 1660.721970230341 915.563790500164 342.5087424665689 2235.753863051534 406.7298693209887 1864.129903286695 10437.93558853865 3435.173200823367 1929.326880171895 0 6454.248932018876 443.1414820849895 147.3626656904817 8.084337905049324 0.1249817684292793 0.409420907497406 2.878765925765038 5.060353353619576 0.2071880698204041 12.25035592913628 11.54111537337303 51.26993002742529 5.061151541769505 30.13405398279428 3.817537486553192 3.948699429631233 3.114975921809673 98.9152782484889 26.02573318779469 800.4861576929688 1.075299292802811 20.74709828943014 47.75838375836611 785.2787229120731 118.8773247301579 44.75997880846262 44.39764641225338 23.59844443202019 11.11171928793192 0.7489168047904968 124.2811482399702 1.36778187006712 6.959672495722771 297.1556446179748 15.04072374850512 0.1683749556541443 2.556538134813309 15.49805916845798 0.1989289373159409 1.318910703063011 3.551478743553162 11.32501516491175 24.15806674957275 26.39381933957338 66.70349419862032 24.47930653393269 30.7111933901906 3.899264395236969 188.2897077947855 29.11041513085365 129.058443300426 22.29803854227066 14.14126110821962 4.167900077998638 38.56609133630991 28.40594303607941 64.43330695480108 767.512828797102 55.37897650897503 0 133.2139701396227 24.96758995205164 183.72041105479 175.1812017634511 169.4818497151136 9.917166277766228 136.4560119658709 21.85142350196838 33.05008673667908 57.00336187332869 6.776525616645813 12.5591598674655 17.90749530494213 9.341582931578159 1.560545027256012 6.396474368870258 0 1.042072460055351 1.363507054746151 26.3326318114996 7.484434485435486 1.267148777842522 4716.880181320012 16.31959733366966 0 27.95131673663855 162.7483873739839 0.2729870080947876 3.508315280079842 8.826139256358147 0.5593262016773224 8.205596640706062 51.21518358588219 5.401877358555794 86.91483069956303 27.42506897449493 37.37374234199524 14.42372381687164 59.50571888685226 37.22974686324596 72.81575530767441 101.0257631242275 3.008534550666809 0.2222720980644226 0 0 0 0 0 0.9887188374996185 0 0 0 0 0 0 0 1.306777447462082 0.822989821434021 1.203116849064827 0 3.047027871012688 5.525817021727562 0 0 0 63.76467667520046 2.778634414076805 40.83945478498936 7.477845966815948 0.6278718709945679 0 0 0 0 0.3571861684322357 0 0 0.689014196395874 6.233273848891258 1.524835646152496 0 0 0.2124121785163879 0.397805854678154 1.499889403581619 0.1416524648666382 0.293489396572113 1.430585414171219 1.243159130215645 0 0 0 129.5671843290329 0.7272457629442215 2.131728485226631 0.9000291004776955 0.1750942319631577 0.2267478704452515 0 0 0 0.6162295341491699 119.898848593235 4.148625612258911 0 0 0 13.80668875575066 2.619587391614914 11.11118195950985 2.191150434315205 0.654513880610466 2.873714655637741 1.154233396053314 1.563913479447365 1.210875988006592 0.3029413744807243 0.2614114284515381 0 0.7141779959201813 0 0 0 38.1274415999651 65.3626816123724 47.32893043756485 975.1238229423761 64.02766419202089 1035.436615392566 306.464468434453 530.367397069931 265.1340634077787 13.67786283046007 550.0472563430667 26.81148933619261 2.057234063744545 38.91954903304577 16.38830428570509 45.50217933952808 4.076873004436493 1.215011671185493 9.740833900868893 8.285229668021202 2.608141869306564
236.1912702322006 923.9606645181775 1501.730140395463 134.6106107160449 1613.765924185514 42.25085906684399 825.5899927020073 1246.346653074026 1908.341303378344 511.0618115365505 4786.331595398486 68.71564449369907 6454.248932018876 0 247.4046853408217 64.61821018159389 4.453051194548607 1.433317586779594 0 4.915933176875114 9.075236678123474 0.7756125628948212 18.2891692891717 15.00120099633932 121.9930075779557 9.112375304102898 50.08503492176533 9.6864213347435 7.909707292914391 8.54643189907074 252.7893332913518 61.45295256376266 1417.831406466663 1.501914262771606 26.88889579474926 134.8031695187092 1668.349888190627 114.6395552158356 45.67424234747887 65.46505405753851 35.35446719825268 19.26023196429014 1.617394216358662 45.27783184498549 0.6442650631070137 7.233061850070953 199.7376110702753 9.813775531947613 1.00432787835598 1.896456457674503 21.48573966324329 0.5029438734054565 0.7596064507961273 5.461814314126968 11.64116699248552 19.16563265770674 13.63776835799217 96.87680201232433 14.52045180648565 22.29840697348118 6.76417975127697 109.2031367495656 42.48649999499321 106.3352801352739 17.13693471997976 9.551915764808655 4.154206722974777 44.00124501436949 27.52761325985193 64.57311285287142 550.8694743961096 13.62417459487915 0 97.25213838368654 22.34639735519886 121.5124848559499 90.1333957016468 77.31581445038319 74.25422428548336 190.3653842359781 12.15986955165863 39.13519955426455 40.32455787807703 4.40583398938179 8.380123510956764 12.32903795689344 7.276053175330162 0.7672957852482796 3.991315491497517 0.4318727552890778 1.477747708559036 0 39.6935348212719 13.01336120069027 0.9933639541268349 684.691202417016 6.169407457113266 0 25.56636277586222 47.74225150048733 0.1913544088602066 0.2404581308364868 1.497892007231712 0 3.868600398302078 23.4137541949749 5.01821231842041 37.93511027097702 8.740546137094498 11.16543850302696 6.417805016040802 22.18975836038589 17.07157297432423 30.9355434179306 42.2656791806221 2.255301430821419 0 0 0 0 0 0 0.1444364041090012 0 0 1.092817053198814 0 0.1460014879703522 0.2307903617620468 0 2.474549040198326 0 2.988649889826775 0.2215432375669479 2.027429789304733 0 0 0 0 31.1089034974575 0.1270044296979904 19.37269631028175 6.01016129553318 2.555875927209854 0.1541188657283783 0.5191192477941513 0 0.259421169757843 0 0 0 2.409938335418701 1.165006831288338 1.077353730797768 0 0 0.6425946950912476 1.770031094551086 0.3277801871299744 0.3681201040744781 0 0.4428213536739349 0.2929940149188042 0 0.3104560077190399 1.100566446781158 58.86841410398483 0.2807013690471649 2.876640558242798 0.1050581708550453 0 0.1376855373382568 0 0.1164454594254494 0 0 42.85071635246277 0.6176650524139404 0 0 0 6.184939697384834 0.4349297881126404 4.158057853579521 2.056897819042206 0.1620336472988129 1.50547568500042 0 0.5122445225715637 0.538186252117157 0 0 0 0.1942110806703568 0.7572476640343666 0 0 13.97764065861702 25.64386042952538 22.9179929047823 575.3424196392298 35.08067309856415 700.2014459073544 166.0576107427478 135.0580997169018 145.2743391692638 12.69361414760351 284.8172122314572 16.92670020461082 0.6952646374702454 13.20598603785038 8.814458481967449 9.896618366241455 3.039210714399815 0 5.820331022143364 4.084027856588364 0
