0 5123.526490487158 687.1233559474349 2952.18445866555 568.0211713314056 131.9899320304394 211.5865389704704 74.19520825892687 68.37762880325317 1697.604351170361 365.4013490527868 70.9688765257597 248.6164929941297 361.4862486049533 2.430476672947407 0 0 0 0 0.1175335943698883 0.5679297968745232 0 0 0 0 0 0 0 0 0 391.2721893042326 21.19110637158155 5.64567369222641 0 0 0 7.087052047252655 0 0.1256014853715897 0 0 0.1099754720926285 0.4273056238889694 0 0 0 30.34619776904583 3.104997836053371 0 0.691295899450779 0.1140969470143318 0 0 0 2.547982692718506 5.462432153522968 369.5399985164404 1448.108336113393 78.43601469695568 7.287027947604656 0.1125109642744064 1.270011842250824 0 3.842983603477478 2.75265846401453 0.8854941427707672 0.3600478023290634 0.3090098723769188 0.2734238803386688 1.683907814323902 9.094140902161598 5.232139185070992 0 132.9468179792166 42.30703205615282 42.1965062841773 17.71112395823002 0.9114569649100304 4.568252101540565 114.6151303723454 0.6576841250061989 1.655666165053844 14.97049785405397 0 1.745666846632957 2.203785732388496 0.9579120054841042 0 0.3222173154354095 0 0 0 0.7873367294669151 0 0.4374056532979012 29.16458603739738 1.699156425893307 0 0.9151641428470612 1147.793488621712 0.2656692564487457 0.7861813902854919 0 0 0 7.080097109079361 1.859844475984573 1.160212159156799 13.9577978849411 1.142180740833282 0.3869189321994781 8.353379458189011 8.250032395124435 7.584342062473297 2.677383989095688 0.1900276392698288 0 0 0 0 0 0 0 0 0 0 0 0 0 0 0 0 0 0 0.6625915914773941 0.2194670289754868 0 0 0 2.038471177220345 0.3387738466262817 1.758637726306915 1.103259861469269 0 0 0 0 0 0.1642528176307678 0 0 0.5567039847373962 2.363317489624023 0 0 0 0 0.1027651056647301 0 0 0 0 0.4884324222803116 0 0 0 3.06623001396656 0.9580175280570984 0 0 0 0 0 0 0 0 6.657269582152367 1.720431417226791 0 0 0 0 0 0 0.285322368144989 0.2695592045783997 0.2391861379146576 0 0 0 0.1702464371919632 0 0 0.2417770326137543 0.1264339685440063 0 0 6.308928117156029 3.153876900672913 1.888022094964981 95.72389263659716 6.319341413676739 119.8322464153171 13.13772297650576 1137.212934978306 7.569707080721855 0.8932545706629753 10.75837732106447 4.485535077750683 0.1095910519361496 3.28244149684906 0.4366928786039352 12.10372748970985 0 0 0 4.602133974432945 0.3738016188144684
5123.526490487158 0 1013.987462624907 3879.563687682152 2788.614171266556 220.8364624530077 1553.910304024816 477.5412501096725 3982.747345551848 1604.061534836888 795.5466715395451 60.33908822387457 988.7882540971041 1269.271966539323 5.319654762744904 0.5647430866956711 0.1053421869874001 0.4523815810680389 0 0.5117081925272942 0.7132083252072334 0 0 0 0 0.2128127068281174 0 0 0 0.1036345139145851 2764.966729946434 24.14567306637764 2.901658058166504 0 0 0 7.911136858165264 0 0.4733128249645233 0.1304720342159271 0.1736318618059158 0 0.2951527386903763 0.4151841402053833 0 0 91.24421347677708 6.725738674402237 0.5181202217936516 0.9560157582163811 0.2291673421859741 0 0 0 6.985160268843174 21.81625631451607 242.2629383206367 1758.042777866125 97.4503216817975 21.13383515179157 0.3166655898094177 0.9411896541714668 0 22.66833823174238 9.688470162451267 4.720017127692699 1.527227237820625 0.802989587187767 0.619762621819973 2.405420042574406 12.37216936796904 11.67579440772533 0.2170175909996033 324.6708210632205 246.0177387073636 138.0997145846486 35.31694009155035 2.242885231971741 3.818674191832542 125.2015552967787 1.928754605352879 2.48407955467701 49.78173502534628 0.4505288451910019 6.908138372004032 5.887785777449608 1.969542466104031 0 0.8897136524319649 0 0 0.2568016648292542 1.763082571327686 0.5574156865477562 0.3180567026138306 44.99709467589855 6.228371739387512 0 0.9258755296468735 1128.425041943789 0.2749429643154144 0 0.421191394329071 0.3223137557506561 0.3234236538410187 45.10597258806229 0.7256975769996643 2.032114461064339 80.55560623109341 1.556718736886978 1.260762989521027 11.17134717106819 16.83547273278236 8.962384551763535 1.978776007890701 0.1763347089290619 0.3067196607589722 0 0 0 0 0 0 0 0 0 0 0 0 0 0 0 0.1746342331171036 0 0.7571320831775665 1.751357942819595 0 0 0 2.954578220844269 0 1.157480746507645 0.405663937330246 0 0 0.4860883951187134 0 0 0.1339065432548523 0.1624197065830231 0 0.981492280960083 0.2663943469524384 0 0 0 0 0 0 0.3552330732345581 0 0.2358980029821396 0.6225334107875824 0 0 0 5.480474919080734 1.259238988161087 0 0.1803919672966003 0 0 0 0 0 0 13.24841399490833 1.746779173612595 0 0 0 0.3238809406757355 0.2933402955532074 0 0 0 0.9610693901777267 0 0 0 0 0 0 0.2177091091871262 0 0 0 8.074180975556374 7.708828032016754 5.327914923429489 199.5763589739799 21.30461245775223 372.8518549948931 36.55901306867599 1018.965305201709 20.67729362100363 1.290083132684231 32.37115389108658 7.877637594938278 0.1184707880020142 5.348564967513084 0 14.02434213459492 0 0 0.323002427816391 9.494665592908859 1.567325592041016
687.1233559474349 1013.987462624907 0 33.19992693513632 952.2239744290709 11.47927920520306 60.36403480917215 1503.463502503932 244.3352712467313 75.5460341796279 3130.413667403162 6.082275375723839 142.8592133298516 839.9479579105973 9.256304070353508 1.097483530640602 0.964337594807148 4.298057869076729 0.8689398914575577 11.80242389440536 17.04434064030647 0 0.1495972722768784 0 0.1537347286939621 0 0.4236667156219482 0.2604818567633629 0 0 5396.722827926278 870.1971103698015 24.16810486465693 2.06208498775959 0 0 10.83221001923084 0 0.2912263572216034 0 2.125548839569092 1.106891185045242 11.9038271009922 0.6617639809846878 1.344476625323296 3.391328528523445 70.86764364689589 6.182202689349651 1.324066340923309 16.63772355765104 0.2513850629329681 0.537647932767868 0 1.194175727665424 3.72619616985321 10.41682679206133 151.7673685699701 2582.2366232723 61.28204037249088 12.16692586988211 10.94447556138039 5.093514464795589 2.199102252721786 283.4271365851164 5.764426209032536 2.18397568911314 0.6520291864871979 0.6375116258859634 10.56130374968052 85.32569857686758 9.272833622992039 5.141290351748466 0 221.1398600488901 338.0690248906612 118.2561070472002 61.92630915343761 3.921597599983215 171.9597244635224 1087.584423594177 4.404038086533546 88.74502402544022 28.69123819470406 0.4121092930436134 4.874152414500713 2.264490269124508 7.407559089362621 0 0.6459933668375015 0.09277414530515671 0.1366588920354843 0.3543041869997978 16.08403681963682 0.4379852861166 1.897839568555355 16.63524498045444 7.746342942118645 0 0.8961957693099976 343.2392484992743 0.1436430513858795 0 0 0 0 1.672057077288628 0.3459554016590118 1.159869030117989 3.62749756872654 0.2232734858989716 0.5969768166542053 2.309660106897354 2.620477795600891 2.182004138827324 1.470729172229767 0 0.728034496307373 0 0 0 0 0 0 0 0.167401984333992 0.2653702050447464 0 0 0 0 0.4158124327659607 0 0 0.6405382752418518 0.2651523947715759 0 0 0 0 1.300259992480278 0.1522972732782364 0.3691787123680115 0.3095296323299408 0.3128748834133148 0 0.2964463531970978 0 0 0 0.5311136841773987 0 0 1.027020283043385 0 0 0 0.1246131956577301 0.5712714642286301 0 0 0 0 0.5190129727125168 0 0 0 3.769802063703537 0.450941190123558 0 0 0 0 0 0 0 0 3.47430357336998 0.3002137541770935 0 0.0977722555398941 0.570852667093277 0.1775769293308258 0 0 0 0 0.1147665306925774 0 0.1852140128612518 0 0.1393924951553345 0 0 0 0 0 0 0.484464630484581 2.692801579833031 1.236184939742088 116.6202347576618 13.63863693922758 205.9509265050292 22.12462995201349 195.9055307880044 10.2130633443594 1.549557715654373 26.84457896649837 5.990575045347214 0 1.921354822814465 0.2708651721477509 3.797470092773438 0 0 0 1.784844994544983 0.957865409553051
2952.18445866555 3879.563687682152 33.19992693513632 0 364.6758785098791 701.3968157321215 982.1022460833192 7.26946347951889 380.3699334785342 4174.295601591468 31.63791374117136 191.314357727766 2609.979131534696 516.8429493233562 1.46271725744009 0 0 0.3052553832530975 0 0.3865581378340721 0 0 0 0 0 0.0996326208114624 0 0 0 0 66.43525594472885 2.509457103908062 0.1642866283655167 0 0 0 0 0 0.1017748266458511 0 0 0.1117857247591019 0 0 0 0 23.97723017632961 3.20236150175333 0.4442721679806709 0.3040348589420319 0.3537183031439781 0 0 0.2257893681526184 3.542202532291412 4.273129180073738 97.14363995194435 443.8724107220769 36.4414413869381 7.066857881844044 0 0.1233036667108536 0 3.647452652454376 2.656398914754391 1.286714248359203 0 0.5081132873892784 0.1547588407993317 0.2507520988583565 6.167158506810665 2.355666592717171 0 109.61746750772 62.07835781574249 39.93660908937454 10.29438016563654 0.2892030701041222 0.5677043944597244 4.933456093072891 0.5427188649773598 0.9806664437055588 14.76058831810951 0.2077340483665466 2.729876838624477 2.73105039447546 0.769012339413166 0 0.4185371622443199 0.12854965031147 0.09979280829429626 0 0.7206084802746773 0.1060207560658455 0.1438097208738327 41.27082753181458 4.311205893754959 0 1.333917036652565 581.5197924226522 0.1528623849153519 0.3368929028511047 0.6927573680877686 3.16938653588295 1.060835525393486 23.51101526618004 1.254583775997162 1.641576826572418 76.92398039996624 1.163770943880081 1.286806240677834 7.343490734696388 15.92567816376686 8.697082087397575 3.083242028951645 0 0 0 0 0 0 0 0 0 0 0 0 0 0 0 0 0 0 0 1.319197744131088 2.086640566587448 0 0 0 1.458358928561211 0 0.2974997758865356 0 0 0 0 0 0 0 0 0 0.3637239560484886 0.4725927859544754 0 0 0 0 0 0 0 0 0.1176508218050003 0.653567910194397 0 0 0 1.331648886203766 1.840365380048752 0 0 0 0.1465321481227875 0 0 0 0 10.50078758597374 0 0 0 0 0.5584143102169037 0 0 0 1.363711044192314 0.4278777539730072 0.2469236552715302 0.3903687298297882 0 0 0 0 0 0 0 0 7.334441274404526 2.32831646502018 2.38326770067215 77.91992189735174 7.279692262411118 125.8900582790375 13.03593847155571 873.8775017485023 8.06682350486517 0.5987810119986534 10.4933764487505 2.589599281549454 0.07570956647396088 0.957868367433548 0.5231512635946274 10.06783948838711 0 0 0.4154133051633835 15.29804679751396 0.6924799606204033
568.0211713314056 2788.614171266556 952.2239744290709 364.6758785098791 0 21.12272158265114 2027.889808513224 1531.492769338191 6632.080207511783 153.5055899173021 1508.143653817475 27.43073060363531 541.3825637027621 1420.42043839395 2.396945454180241 0.2349544912576675 0 0.1454446613788605 0.1575472503900528 0.6396641284227371 0.3249542936682701 0 0.2279057502746582 0 0 0 0 0 0.1488092392683029 0 413.4091266319156 30.16677634418011 0.720483087003231 0.1462583690881729 0 0 4.48171604424715 0 0 0 0.1347098499536514 0.4361514002084732 0.8067889660596848 0.1635327488183975 0.2873288094997406 0.1698940098285675 79.28285998851061 6.403383642435074 0.4853536263108253 0.7471755295991898 0.2055684775114059 0.2711296826601028 0 0.1446003019809723 2.343590512871742 8.196327723562717 55.67570766806602 313.1074978560209 23.9092600941658 14.51915190368891 0.1846101582050323 1.439277112483978 0 18.9802393913269 4.3192458152771 2.41679772734642 0.5568751096725464 1.007264703512192 0.560889258980751 0.8198850080370903 8.550463363528252 4.943770885467529 0 125.5491487979889 153.0755998641253 109.3349869698286 28.81693933159113 1.643999546766281 2.286572247743607 79.74914566427469 0.9145090654492378 1.800364315509796 29.07498046755791 0.2310503870248795 4.20179507881403 3.155793413519859 1.525504730641842 0 0.7971559464931488 0 0.4791284054517746 0.08942031860351562 1.05628889799118 0 0.7437815070152283 16.42345808446407 8.263098530471325 0 0.1059576272964478 64.54087862372398 0.2630589306354523 0 0.3992972373962402 0 2.049765899777412 7.180859178304672 1.729231625795364 0.91164930164814 8.399026736617088 1.048854857683182 1.497839793562889 10.95144960284233 13.71152099967003 9.092426165938377 3.755289405584335 0 0 0 0 0 0 0 0 0 0 0.6179733872413635 0 0 0 0 0 0 0 0 1.211292624473572 1.290662243962288 0 0 0 3.903243973851204 0.509868323802948 1.618508607149124 0 0 0 0 0 0.3573805689811707 0 0 0 0.6786952912807465 2.668569892644882 0 0 0 0 0.1410984247922897 0 0 0 0.3473972976207733 1.015033558011055 0 0 0.9053309559822083 4.445091903209686 1.908619284629822 0 0.3105575740337372 0 0 0 0 0 0 12.89530311524868 1.316755950450897 0 0 0 1.20491947978735 0 0 0.8739827424287796 0.5636301189661026 1.788649961352348 0.5714768171310425 0.1617856025695801 0 0.1130351126194 0 0 0 0 0 0 5.900653198361397 6.83551861345768 5.796078130602837 171.727973818779 19.28185574710369 255.4681554883718 30.02956908941269 266.2255205884576 11.37263728678226 1.505144476890564 33.30616450309753 11.04343512654305 0.5993377715349197 4.744948573410511 0.1225587800145149 3.330389887094498 0.1783493608236313 0 0 1.606330871582031 1.830337703227997
131.9899320304394 220.8364624530077 11.47927920520306 701.3968157321215 21.12272158265114 0 41.41814659535885 1.307129174470901 7.443322196602821 1621.821320161223 10.50885684788227 289.9744525104761 168.8830332607031 42.84640772640705 0.7775999456644058 0 0 0 0 0 0 0 0 0 0 0 0 0 0 0 2.559056207537651 0.1641387790441513 19.04325968027115 0 0 0 15.78217159211636 0 1.600105762481689 0 0 0 0 0 0 0 2.789531767368317 0.1256933659315109 0 0.5736661553382874 0 0.93936488032341 0.7942602634429932 0 0 0.2501760274171829 274.1715080812573 9.084416538476944 2.103030689060688 0.1140919625759125 0 3.684695348143578 0 0 0.1995476633310318 0 0 0 0 0 39.91879376769066 55.02263104915619 4.201099738478661 3.336752019822598 2.493590861558914 1.506478756666183 1.310383133590221 0 0 36.06248797476292 0 9.441042199730873 0.7147092223167419 0.3384862542152405 0 0.4027920737862587 0 0.7175719738006592 0.2135840505361557 1.194788664579391 0 2.638733074069023 0 0 1.223534345626831 323.4260388463736 66.90498453378677 12.64312517642975 4.485448032617569 463.5006390064955 0 0 0 0 0 1.084792450070381 2.86365157365799 0.8526207804679871 7.041480407118797 0.4971596598625183 0.6987104713916779 4.558722212910652 2.887940555810928 5.103205755352974 2.141791298985481 0 0.8961103558540344 0 0 0 0 0 0 0 0 0 0 0 0 0 0 0 0 0 0.221310630440712 0 0 0 0 0 0 2.266503989696503 0 0 0 0 0 0 0 0 0 0.1248971968889236 0.3487083911895752 0 0 0 0 0 0 0.16275554895401 0.4567122757434845 0 1.384167715907097 0 0 0 0.347108393907547 0.439317375421524 0 0 0 0 0 0 0 0 4.19506798684597 1.736142963171005 0 0 0 0.413483053445816 0 0 0 0.5560084581375122 0.3502005636692047 0 0 0 0 0 0 0 0 0 0 4.603339657187462 3.165273085236549 2.674957305192947 9.287013813853264 0.6328247115015984 6.368299834430218 1.09794582426548 217.4905941188335 0.1712452322244644 0 0.9793312251567841 6.993964284658432 0 1.268101066350937 0 22.88729983568192 0 0 0 0 0
211.5865389704704 1553.910304024816 60.36403480917215 982.1022460833192 2027.889808513224 41.41814659535885 0 187.909466125071 3579.189401566982 661.9977523460984 223.7990661263466 105.3074967190623 2166.704090282321 1691.071352988482 7.48640388250351 0.5424211248755455 0.2913228496909142 0.5175637006759644 0.1566956639289856 0.9295879900455475 0.4881130233407021 0 0 0 0 0.5726635754108429 0.1074773818254471 0.2879453748464584 0 0 89.67589148133993 27.58787273615599 2.693468697369099 0.1156471967697144 0 0 1.658886060118675 0 0.2278317660093307 0.1140052005648613 0.7097379341721535 0.4818147122859955 0.3605222627520561 0.3052909597754478 0.1357006877660751 0.6238257735967636 200.1377280950546 15.28951852023602 0.1051160842180252 2.245349153876305 1.203665696084499 0.1529360711574554 0.1347446888685226 0.5073502510786057 5.646225288510323 19.3391455411911 69.00487732887268 362.8307792246342 42.86040569096804 33.83437901735306 0.5335262417793274 0.09313077479600906 0.4616829305887222 33.74980514496565 10.49070017039776 5.065708823502064 1.569947153329849 2.116453938186169 0.5400600507855415 2.084642305970192 39.75521063059568 20.13858173787594 0 217.8513064533472 234.0464701578021 238.8730093240738 67.65511229634285 4.132964625954628 8.799520201981068 20.26526264101267 1.899568401277065 4.203986756503582 50.42615716159344 0.4707676917314529 11.32394064217806 8.018011882901192 5.535655423998833 0 2.010649330914021 0 0.7275189831852913 2.131867468357086 2.093244753777981 0.9872712269425392 1.977889649569988 87.24129773676395 24.46899073570967 0 3.338097557425499 38.68400209397078 4.330721475183964 1.603541970252991 51.88358888030052 15.87281274795532 4.955511882901192 115.8523976653814 3.397867739200592 12.71683184802532 69.00758726894855 26.92284928262234 9.654485270380974 67.34385204315186 73.49474750459194 52.73257821798325 20.31362734735012 0.6292781382799149 1.114623427391052 0 0.2975133657455444 0 0 0 0 0 0 0 0 0 0 0 0 0 0 0 6.836713217198849 7.676501780748367 0 1.068351924419403 0 17.93500132858753 0.8510183542966843 9.814649701118469 2.19064399600029 0.221556693315506 0 0 0 1.518582686781883 1.481025099754333 0.3415148556232452 0 5.218184895813465 9.393266201019287 0.2178753614425659 0 0.19953653216362 0 0 0.07921990007162094 0.2542319744825363 0.08403449505567551 1.364988192915916 6.912500903010368 0 0 0 31.37541043758392 5.920721828937531 1.197174891829491 0.9676542580127716 0 0 0 0 0 0 80.77783299982548 4.383660048246384 0 0 0 4.449949607253075 0 1.514406196773052 3.989674255251884 4.277091205120087 6.470478817820549 3.898232981562614 3.562680408358574 0 0 0 0.5342840552330017 0.07638946175575256 0.09123270213603973 0 0 19.00403924286366 29.09637035429478 32.1137457638979 418.7163777574897 63.36906629800797 574.3991256281734 91.43029493838549 598.1381829082966 28.44452132284641 3.077667608857155 104.1004684865475 26.65598551928997 0.9109740480780602 23.74811986088753 1.36392629891634 30.36696429550648 1.098948553204536 0 3.251349650323391 8.936373695731163 2.035359106957912
74.19520825892687 477.5412501096725 1503.463502503932 7.26946347951889 1531.492769338191 1.307129174470901 187.909466125071 0 1543.24061973393 12.21257149428129 4218.583917401731 11.44808575510979 249.0078385099769 1204.021789029241 20.42844626307487 3.608075961470604 1.405208304524422 20.62830013781786 4.365182012319565 72.46440286934376 98.00987362116575 0.1512988656759262 1.401626706123352 0 0.8246711120009422 0.900925800204277 1.35483780503273 0.261272132396698 0 0.1307652294635773 524.3701548650861 2245.90301604569 62.92636946588755 15.37328425049782 1.459843873977661 0 26.23936152458191 0.9144481718540192 2.517240919172764 0.4727411791682243 5.951942339539528 4.719922833144665 30.00539484620094 1.91568598151207 9.724688269197941 16.12120619416237 216.7847580090165 6.526611313223839 4.768195383250713 32.59123046696186 1.379680968821049 0.9039128497242928 0 2.781638875603676 2.572562195360661 6.86171966791153 39.2510307058692 359.5177095830441 20.36673809587955 25.56128869205713 76.57904778420925 27.53515399992466 12.88044562935829 334.3108260929585 3.634890295565128 3.022400930523872 1.328436948359013 1.681563220918179 27.81936002522707 274.3578496798873 29.54956091940403 29.80285282433033 0 132.4293634518981 385.1643727943301 262.6155361235142 308.5451225042343 158.8099008649588 1349.370564967394 3449.896119296551 22.66404482722282 1110.584033541381 21.76795683056116 0.2190047204494476 3.307399682700634 2.607780374586582 17.39087842404842 0 0.3092049360275269 0 0.337703712284565 0.9321483075618744 70.66420038044453 2.291573658585548 3.050837315618992 29.31426304578781 29.46192491054535 0 2.413010314106941 25.05069138109684 0 0 0 0.7117573618888855 1.710043668746948 5.244812101125717 0 1.359556257724762 4.370940566062927 0.9122432470321655 0.602917954325676 7.545421451330185 3.980502411723137 5.245770290493965 6.475684836506844 0.4090429246425629 0.6326590478420258 0 0 0 0 0.2707151025533676 0.1566521525382996 0 0.4846346229314804 1.223174303770065 0 0 0.1336733996868134 0 0.8122333437204361 0 0 0 1.708371877670288 0.4716787338256836 0 0.1800171732902527 0.1420910060405731 3.035832017660141 0.3787175714969635 7.620032295584679 0.4431758373975754 0 0.4815185517072678 0 0.183255672454834 0 0.2083577513694763 0.3483012616634369 0.7941439524292946 0 2.156098812818527 0 0 0 0.2306009978055954 5.180308006703854 0 0 0 0.3351275324821472 1.097349584102631 0 0.3611154854297638 0.1815477162599564 8.58430652320385 2.346376612782478 0 0.2889099717140198 0 0 0 0 0 0.3171206116676331 8.091654524207115 2.492196917533875 0 0.4393420368432999 0.1814849525690079 3.087875351309776 0 0.3460094034671783 0.4679873287677765 0.5199197977781296 0.7552102357149124 0 0 0 0.1226650774478912 0 0 0 0 0 0 2.075563013553619 7.332262009382248 12.26591625809669 343.0741724669933 29.29719310998917 392.9886230826378 38.17562122642994 155.5517769604921 12.45663967728615 1.67082391679287 53.0416118055582 8.714418776333332 0.1239447593688965 3.447208672761917 0.3536368608474731 3.196508288383484 0 0 1.933780901134014 2.152457214891911 1.426148571074009
68.37762880325317 3982.747345551848 244.3352712467313 380.3699334785342 6632.080207511783 7.443322196602821 3579.189401566982 1543.24061973393 0 262.750814974308 2381.0191757828 42.7222622781992 1141.290089175105 2300.581968784332 3.594435587525368 0.8142017349600792 0.2254668325185776 0.3127835318446159 0.4026675224304199 0.3544289171695709 0.1733458787202835 0 0 0 0 0 0 0.6161070913076401 0.1391594707965851 0 82.74375963956118 34.28387412428856 3.366450577974319 0 0 0 3.704615756869316 0 0.1303506642580032 0.2821593284606934 0 0.2453579381108284 0.4546974450349808 0.184298187494278 0 0 120.0081018432975 5.347539491951466 0.1234786584973335 0.7469546496868134 0.09998146444559097 0 0 0.1912506967782974 1.757387951016426 5.438962429761887 26.71018609404564 130.1537641584873 16.86792615056038 17.37823525071144 0.2574487179517746 0.2816033959388733 0.1556312739849091 17.82558681815863 3.197568625211716 1.980329379439354 0.892963781952858 0.6099772378802299 0.8103941455483437 1.261228054761887 20.08578495681286 15.67044875025749 0 88.59394398331642 118.298394843936 118.6349488273263 43.18535242974758 2.790797725319862 6.369509041309357 136.7679975554347 0.3895775303244591 3.258276484906673 18.99895653128624 0 4.570707008242607 2.366183742880821 2.816486641764641 0.09579534828662872 0.699082113802433 0 0.2751003056764603 0.5800158455967903 1.108430579304695 1.0811737626791 0.9356677383184433 54.60149790346622 11.96644841134548 0 1.444271564483643 9.609308034181595 1.356577426195145 0.3681397438049316 0.8937901705503464 0 4.197443723678589 93.12834902107716 0.2807973921298981 3.199378043413162 21.48377346992493 9.168746173381805 4.47115470468998 35.29068498313427 36.4195114672184 29.14604742825031 12.26070027053356 0.9977857768535614 1.178004920482635 0 0 0 0 0 0 0 0 0 0 0 0 0 0 0 0 0 5.144308894872665 3.543651834130287 0 0 0 9.62449012696743 0.7650215029716492 6.343052163720131 1.156112179160118 0 0 0 0 0.3546000123023987 0 0 0 1.462589576840401 5.990566536784172 0 0 0 0 0 0 0.1937247961759567 0 0.1505642533302307 1.654139697551727 0 0.375408411026001 0 18.55799634754658 5.376398861408234 0 0.6003571972250938 0 0.1144299358129501 0 0 0 0 38.06358966231346 4.483028203248978 0 0.3638598024845123 0 1.623361989855766 1.080094039440155 0.5897150635719299 0.7055310159921646 2.683148354291916 2.848520487546921 1.231778353452682 0.5947557687759399 0 0 0 0 0 0 0 0 12.98997789621353 17.86698567867279 16.3829693198204 252.811298020184 21.40301080048084 294.2873764038086 42.52081007510424 195.56764793396 9.546862594783306 1.443619690835476 50.67156708985567 13.89034962654114 0.5381155610084534 14.85319439321756 0.1209659948945045 9.902374982833862 0 0.1101067140698433 1.892155289649963 8.545758858323097 2.177280992269516
1697.604351170361 1604.061534836888 75.5460341796279 4174.295601591468 153.5055899173021 1621.821320161223 661.9977523460984 12.21257149428129 262.750814974308 0 68.43787916004658 1530.572557896376 4679.368109561503 381.7889723107219 5.163066148757935 0.1290854811668396 0 0.1911433339118958 0.456361785531044 0.1767511516809464 0.2838191986083984 0 0 0 0 0.1207330375909805 0 0 1.079161256551743 0 74.64138079434633 9.224093407392502 2.588838949799538 0 0 0 8.524028562009335 0 2.195459425449371 0.2937723100185394 0.1314437985420227 0.2647238373756409 0.4591203480958939 0.1260282099246979 0 0.1688839495182037 132.20835839957 8.010973505675793 0.1116660535335541 0.3740931674838066 0.4697457402944565 0.1712870597839355 0 0 6.319908812642097 15.20436650514603 165.9084869027138 719.1110281646252 70.12006107717752 16.61303525418043 0.1125579923391342 1.338540300726891 0 11.41562474519014 8.036763437092304 4.31762021034956 1.104353964328766 0.7625051513314247 0.2317885383963585 1.741082169115543 96.91655771434307 111.3531921058893 0 245.9465189874172 148.3975364863873 135.8914581611753 31.31799095124006 2.482764646410942 1.931170225143433 30.08096924424171 0.6070016771554947 2.219668067991734 47.1135081127286 0.5844321772456169 7.322311617434025 5.088801518082619 3.180490933358669 0 0.9566799253225327 0 0.3397698700428009 0.1102128475904465 1.690875038504601 0.2861911356449127 0.3128454387187958 1452.868945106864 72.74231443554163 0 3.768033802509308 650.5509840324521 5.108542330563068 3.574008822441101 11.12874053418636 5.670421451330185 10.10311323404312 138.0634331405163 39.9748864620924 23.22957511246204 120.8307252526283 39.14225399494171 23.85852631926537 200.8429033905268 208.0229005366564 164.9543599486351 60.13337834179401 4.739384472370148 1.500600412487984 0 0.8667976707220078 0 0 0 0 0 0 0 0 0 0 0 0 0 0 0 23.34216411411762 18.17146892845631 0 1.619324624538422 0.9858538508415222 53.37683796882629 1.342180281877518 24.74107685685158 8.880817711353302 0.7037767171859741 0 0 0 4.660494029521942 0.7808415591716766 0 0 4.890537962317467 22.96493223309517 0.2386774271726608 0 0 0 0.1829571127891541 1.108716510236263 0.3433009535074234 0 2.596502289175987 17.42203114181757 0.2274289578199387 5.980938971042633 0 76.6618680357933 22.18218383193016 1.362009920179844 1.430436164140701 0.2121759653091431 0 0 0 0 0 182.593269109726 11.29238241910934 0 0 0 26.24783837795258 0.7893884778022766 3.935105592012405 6.834938317537308 7.368838682770729 10.68239926546812 4.207878582179546 2.800381556153297 0 0 0 0 0.08773594349622726 0 0 0 102.0802986621857 89.3555801063776 103.7159638553858 466.4877145066857 26.02632376551628 442.1910607740283 47.69356600940228 2217.906324014068 18.08435779809952 1.944445855915546 70.49155383557081 75.88273052871227 2.368329964578152 65.35725644230843 2.743095397949219 174.1909557729959 1.122522354125977 0.7213090807199478 6.958823084831238 5.988711819052696 4.725826852023602
365.4013490527868 795.5466715395451 3130.413667403162 31.63791374117136 1508.143653817475 10.50885684788227 223.7990661263466 4218.583917401731 2381.0191757828 68.43787916004658 0 39.68150389194489 1075.786829344928 4668.206983663142 12.60214781016111 1.487828306853771 0.3890815079212189 0.5481632277369499 0.2472782507538795 3.106971137225628 4.482515402138233 0 0 0 0 0 0 0.2475021779537201 0 0.1418488919734955 872.0708344206214 348.9461171776056 138.2842947617173 0.7780599445104599 0 0 98.42225304991007 0 2.166856504976749 0 0.9464658722281456 2.37528882920742 6.309628173708916 0.3794769570231438 0.4100030511617661 0.1979015469551086 132.3565092980862 5.134452186524868 0.6876636445522308 9.660018891096115 0.9559653326869011 0.3898563012480736 0 0.330398291349411 1.433891840279102 6.476845867931843 35.8481822013855 312.5531901046634 18.23880299180746 16.49810110777617 1.286854632198811 21.21499317884445 0 27.59487551450729 3.884775817394257 0.7069843411445618 1.016731061041355 1.281138628721237 9.257279023528099 47.66674347966909 100.2526673898101 26.16409257054329 0 92.61373277008533 137.9553442820907 167.3814043775201 116.9340393543243 5.346706159412861 46.85212440788746 1005.27040463686 0.567282147705555 22.41690477728844 13.41331046074629 0.3244037553668022 3.280026450753212 1.603691212832928 7.602091729640961 0 0.5152349546551704 0.1213866844773293 0 0.143817663192749 22.73519149422646 1.891897663474083 1.446101859211922 91.76804231852293 29.86659768223763 0 3.029169112443924 73.26833343505859 0.5609461218118668 0 0.3210327327251434 0.9134232550859451 1.202981323003769 8.733447790145874 0.8018191754817963 2.138305634260178 6.390884533524513 1.432285070419312 3.685562685132027 14.31137092411518 14.8615431189537 10.73398390412331 10.16167379915714 0 0.2495255395770073 0 0 0 0 0 0 0 0 0.1466781795024872 0 0 0 0.1178144514560699 0 0 0 0.228480339050293 2.210135996341705 3.799858257174492 0 0 0 3.210585728287697 0 2.199418619275093 0.7259955406188965 0 0 0.2242138385772705 0 0.4149578511714935 0.4887500405311584 0 0 0.5340922176837921 1.605230897665024 0 0 0.395989865064621 0 0.1292849630117416 0 0 0 0 1.850055120885372 0 0.3705390393733978 0.237695187330246 7.6769710034132 2.438632547855377 0.2241851985454559 0 0 0 0 0 0 0 21.86082383990288 2.159617364406586 0 0.1721381843090057 0.1774392873048782 2.365973398089409 0.1688763648271561 1.721925318241119 1.329945519566536 1.667746320366859 1.253795772790909 0.7678901851177216 0.6868494898080826 0.2349621653556824 0 0 0 0 0.3247406184673309 0 0 6.601734966039658 17.39499022066593 15.34268543124199 259.8230331391096 20.09622104465961 247.9589711427689 36.79385710507631 119.65346775949 7.292365163564682 1.477291166782379 40.21701087802649 10.01255279779434 0.3068161308765411 6.056577332317829 1.197771430015564 3.953213185071945 0 0 1.500731825828552 3.58056215941906 1.868289336562157
70.9688765257597 60.33908822387457 6.082275375723839 191.314357727766 27.43073060363531 289.9744525104761 105.3074967190623 11.44808575510979 42.7222622781992 1530.572557896376 39.68150389194489 0 1560.615768685937 129.5926047489047 6.621061906218529 0.9573759734630585 0 0 0 0.2816577255725861 0.1779043227434158 0 0 0 0 0 0 0 0 0 5.775984607636929 1.305353134870529 28.26670206338167 0 0 0 10.62664301693439 0 2.179590970277786 0 0.1084140762686729 0.1918148398399353 1.698987171053886 0 0.150702491402626 0 53.60658001899719 1.53623041510582 0 0.8030853122472763 0 0 0 0 0.4127996787428856 2.178131498396397 16.86863123625517 49.48626962304115 6.83930516988039 7.169041901826859 0 2.346113264560699 0 1.715401254594326 1.198267623782158 0.6964370459318161 0.2099123522639275 0 1.641138032078743 2.362392328679562 105.0806776285172 52.40969766676426 0 32.92548678815365 21.69754481315613 38.53841114789248 31.48936696350574 1.120113350450993 0 101.0614570751786 0 1.028404980897903 6.468545086681843 0.1320830732584 0.4346931427717209 0.4012325257062912 1.890664823353291 0 0.3049302399158478 0 0 0 0.8635802194476128 0.4211000055074692 0.1491531431674957 2729.68699374795 102.6353171914816 0 2.474560275673866 88.73478674888611 7.185284599661827 2.632925070822239 8.534924387931824 8.855239570140839 18.0009630471468 136.415697067976 34.82496459782124 27.92158551514149 106.3375061452389 47.81579150259495 32.80004476010799 220.459211781621 260.2790837436914 194.4846112281084 56.83917127549648 2.766706585884094 0.8805134296417236 0 1.311449065804482 0 0 0 0 0 0 0 0 0.425754189491272 0 0 0 0 0 0 16.61999433487654 17.90376102924347 0 0 0 54.49296529591084 1.688521325588226 17.43636277318001 5.541090607643127 0 0 0 0 2.131854861974716 0.3330098986625671 2.273598909378052 0 5.791931681334972 18.20113957673311 0 0 0 0 0 0.3673758953809738 0.9490559548139572 0.2026859223842621 0.8435167297720909 11.7169469371438 0 0.6963317394256592 0 56.75974650681019 16.21111087501049 2.378336697816849 0.7384141013026237 0.3897584304213524 0 0 0 0 0 198.3556483834982 13.19808208942413 0.2574176490306854 0 0 14.2011095136404 0.8822389841079712 4.146998390555382 5.018662191927433 7.7542804479599 10.84948389977217 4.359658792614937 3.441904284060001 0 0.08776205778121948 0 0 0.4674847349524498 0.1819285899400711 0.2051590532064438 0 116.9509873688221 74.34712772071362 70.80828875303268 205.6921687200665 4.96027198433876 136.8823920488358 12.52666042745113 386.1652310341597 3.660347655415535 0 22.9326568543911 42.8750049546361 0.9926270321011543 50.10082865506411 3.670512840151787 135.6079542785883 0.8794217109680176 0.1173097938299179 2.375727690756321 0.7762420773506165 2.174226135015488
248.6164929941297 988.7882540971041 142.8592133298516 2609.979131534696 541.3825637027621 168.8830332607031 2166.704090282321 249.0078385099769 1141.290089175105 4679.368109561503 1075.786829344928 1560.615768685937 0 1467.958028368652 20.83663953840733 1.145799204707146 1.024879142642021 0.4084448516368866 0 0.2723595798015594 0.5784847736358643 0.2543684244155884 0 0 0 0.1202473416924477 0 0 1.166765242815018 0 91.74474412202835 20.02940282225609 14.5704283118248 0 0 0 12.40760079026222 0 1.013496547937393 0 0.3492660820484161 1.167217567563057 0.2274405211210251 0.446584664285183 0.1676633208990097 0.109013207256794 214.1609551608562 6.695883765816689 0.2563585191965103 0.6306301578879356 0.6750657930970192 0.2380693256855011 0 0.7641676068305969 3.539495587348938 9.643763095140457 43.66465160995722 175.369807831943 21.61056454479694 27.01720353215933 0.6613988727331161 3.993893817067146 0 15.37849614024162 6.22276096791029 2.327937945723534 1.448650628328323 0.4243028312921524 1.353194899857044 4.080835185945034 122.3655168265104 60.75678226351738 0 111.0285855159163 105.3519825711846 208.037806019187 113.6093619316816 2.080317229032516 4.021499425172806 124.0321222469211 0.9613754451274872 3.507351115345955 22.38711806386709 0.3259261026978493 6.396933227777481 3.227778799831867 4.771904423832893 0 0.6612398326396942 0 0.09311302006244659 0.2749028876423836 2.415145546197891 0.1380008459091187 1.464444205164909 2004.922359332442 60.01075096428394 0 5.839970827102661 84.03248688578606 8.916785098612309 4.702477246522903 8.961674638092518 10.4061227440834 16.6670558899641 253.0927361994982 34.76799133419991 34.46325857937336 229.5094046443701 57.06034711003304 47.43012745678425 279.7068304568529 362.2616463154554 246.0661444962025 85.30029666423798 1.060252092778683 2.157777778804302 0.1809415072202682 0.485969603061676 0 0 0 0 0 0 0 0 0 0 0 0 0 0 0.1719937771558762 26.804114587605 26.46752169728279 1.007995009422302 1.213202059268951 0 67.68051120638847 1.748844891786575 22.38828708231449 5.096693307161331 0 0 0 0 3.775678783655167 1.341714575886726 1.326831325888634 0 8.479527182877064 29.24771343171597 0 0.2358927428722382 0.7570782005786896 0 0.2549663782119751 0.1174252331256866 1.036327123641968 0 1.96309956908226 19.21881934255362 0 0.401187390089035 1.457501545548439 73.40214440226555 22.00305317342281 2.566419832408428 1.078171201050282 0 0 0 0 0 0 325.4553320854902 20.07378555834293 0.3081213235855103 0 0 24.4608521014452 2.00913992524147 2.086638808250427 9.618877157568932 9.047469675540924 20.4632473513484 7.910706855356693 6.657029181718826 0.6204452067613602 0 0 0 0.4077160358428955 0.1265331655740738 0 0 139.1467612832785 112.176952123642 89.75826525688171 570.4036083370447 36.32629732042551 478.0069272443652 79.19348075985909 449.3414379432797 18.45304346829653 2.555247820913792 101.3527376577258 85.40594495087862 2.709037825465202 70.13120725750923 4.715753115713596 130.642723813653 1.523691803216934 0 10.17493851482868 8.303673520684242 2.277843050658703
361.4862486049533 1269.271966539323 839.9479579105973 516.8429493233562 1420.42043839395 42.84640772640705 1691.071352988482 1204.021789029241 2300.581968784332 381.7889723107219 4668.206983663142 129.5926047489047 1467.958028368652 0 28.59946717321873 2.544815368950367 0.8051871508359909 1.495710648596287 0 1.573808215558529 3.146503016352654 0 0 0 0 0.1425817161798477 0 0 0.1134896278381348 0 401.1345408111811 54.9167527705431 569.0246280729771 0 0 0 456.108509734273 0 6.05977575480938 0 0.930534765124321 1.312341220676899 5.525346852838993 0.3794538304209709 0.1015384718775749 0.3359733372926712 198.7832339927554 5.664079196751118 0.5651174932718277 6.193483658134937 1.717808753252029 0.4918931722640991 0 0.2609193697571754 1.764695473015308 7.284785337746143 38.13322669267654 216.4817865341902 18.13335327804089 21.15022101998329 0 94.04870641976595 0.3765449672937393 15.57466556876898 5.283853158354759 1.843650668859482 0.9458866789937019 1.863115347921848 7.446422643959522 34.05776668339968 296.7379060611129 61.8235105574131 0 96.84985548257828 116.9473372995853 203.7692185044289 153.8966405913234 8.125469103455544 7.547266945242882 2090.625788077712 0.9080943986773491 8.890563651919365 19.3060140311718 0.2654423713684082 3.705871969461441 2.887051656842232 6.172914773225784 0 0.1659817025065422 0 0.2210299968719482 0.0933426171541214 17.71461103111506 1.22115994989872 1.503409244120121 669.6287401989102 99.96703249961138 0 6.928679272532463 69.81368011236191 4.713543839752674 1.315146967768669 4.835854634642601 3.200714126229286 6.759600311517715 113.5756176263094 6.298723593354225 14.37723280489445 52.05282048881054 17.08180893957615 18.96773769706488 80.36169857531786 97.06251901388168 80.90535375475883 37.43916992843151 0.6323976367712021 1.354092799127102 0 0.4735669493675232 0 0 0 0 0 0 0.1374089270830154 0.1300967037677765 0 0 0 0.1170864254236221 0 0 0 8.333750054240227 14.68727887421846 0 0 0 28.25187403708696 0.1423022598028183 14.00695486366749 3.79433761537075 0.1765095293521881 0.1135708913207054 0.2400388866662979 0 2.063884750008583 0 0 0 3.781442865729332 11.80672316253185 0.6245479434728622 0.3415022939443588 0.2071841806173325 0 0.285697340965271 0.6799811124801636 0.2926498055458069 0 1.230027139186859 5.293303109705448 0 0 0.4998936802148819 34.58705822378397 10.8332214653492 0.1091565042734146 0.3944778218865395 0 0 0.4236977696418762 0.1525074690580368 0 0 117.434620603919 8.89759673178196 0.6714266240596771 0.1592472046613693 0 7.88421630859375 0 0.7985188066959381 3.120607040822506 6.020049467682838 7.906009674072266 3.772430196404457 1.938326008617878 0 0.1164752170443535 0 0 0 0 0 0 37.41997972130775 46.14553736150265 41.48508138954639 514.5526368692517 23.44997276365757 413.8328301161528 57.71916876733303 217.8165141567588 12.28792978823185 1.491342574357986 73.82401963323355 25.56167078763247 0.2295359522104263 27.13593358546495 1.49297046661377 30.09812106192112 0.3362652808427811 0.3888329640030861 3.049631014466286 5.9850113093853 2.949955999851227
