0 8567.009135432541 1377.078507326543 481.5206380188465 806.4428013339639 214.3089420348406 689.5710359588265 70.50630527734756 15.40826989710331 330.0115482658148 126.5290578752756 45.09187911450863 35.95201967656612 18.90778155624866 0.7260851562023163 0.6913428604602814 0.3789009153842926 0.1060207486152649 0 0.081478051841259 0 0.6856082379817963 0 0 0 0.1128388419747353 0 0 0 0 852.3840284198523 5.827079199254513 1.087230145931244 0 0 0 1.662838876247406 0.4066177010536194 0.2745756357908249 0.2343260496854782 0 0 0 0 0 0 6.894464492797852 0.7547801062464714 0 0.5921148955821991 0.1176416352391243 0.3155305534601212 0 0 0.6808263286948204 0.768572062253952 110.2350142374635 368.4928888902068 5.97115545719862 2.482853621244431 0 1.202224433422089 0 3.489713907241821 0.8953373208642006 0.4667549356818199 0 0.6801890432834625 0 0 8.659694388508797 6.195271149277687 0.201556533575058 29.15086450427771 13.47016580402851 4.159634031355381 2.831309221684933 0.1000081971287727 3.84067790210247 13.26355531066656 0.1000885367393494 0.2004085704684258 3.493132054805756 0.1028721407055855 0.4923769980669022 1.10988450050354 0.1846864596009254 0.4659876227378845 0 0.809156134724617 0 0.2364025861024857 0.2875718474388123 0 0 63.15552131831646 3.277799218893051 0 1.248534679412842 792.9933099001646 1.022179245948792 0 0.900380551815033 0 0 7.321468472480774 1.008907705545425 0.6710911691188812 1.627211555838585 5.144804611802101 0.2540737092494965 2.586007714271545 3.435965090990067 0.9909595996141434 0 0 0 0 0 0 0 0 0 0 0 0 0 0 0.4315605163574219 0.1687798351049423 0 0 0 0 0 0.7363572716712952 0 1.296655416488647 0 0.958549864590168 0.6823848336935043 2.360715195536613 0 0 0 0 0 0 0 0 0 0 0.8772110342979431 0 0 0 0 0 0 0 0 0 0 0 0 0.5016611814498901 3.000860393047333 0 0 0 0.3027108609676361 0 0 0 0 0 3.838281348347664 0 0 0 0 1.018143802881241 0 0 0 0 0 0 0.4433675110340118 0 0 0 0 0 0 0 0 1.196317166090012 0 2.497930988669395 3.520500279963017 1.708402626216412 15.23928760737181 3.634057022631168 853.3606913611293 6.812186285853386 1.240391902625561 2.962822012603283 0.5731180682778358 0 0.8923242837190628 0.1051527857780457 0.1909164488315582 0 0 0 0 0
8567.009135432541 0 1546.312467612326 655.5756949260831 5485.440014794469 973.4659199342132 4666.571199610829 182.4983937293291 405.4172946065664 1284.813345909119 593.4742703139782 88.28049477934837 596.5716779828072 405.5007384940982 8.058243371546268 3.938882783055305 0.209505058825016 0.372177965939045 0.2914170026779175 0.8004892468452454 0.7398111745715141 0.1262258440256119 0 0 0.1933808177709579 0.4111811518669128 0.5319452881813049 0.4987190887331963 0.642604373395443 0 4365.841120801866 33.44475924223661 2.651627831161022 0.2503323704004288 0.3821927309036255 0.1814377754926682 7.130671001970768 0.9575544223189354 0.8454656451940536 0 0.4885304048657417 0.240774005651474 0.1037675440311432 0.6791597679257393 0.1757889837026596 0.4461214989423752 129.2030007019639 12.81139135360718 0.236225999891758 0.83620635420084 4.879487067461014 0.4353852719068527 0.3039854466915131 0.1057276204228401 12.12396167963743 13.46256141364574 84.47166958451271 1342.353301241994 39.82126312702894 66.14762469381094 0.6068559587001801 1.438591651618481 0 89.76779360324144 16.08325850218534 13.89913722872734 6.100798837840557 4.169598430395126 0.8425691723823547 0.4704455435276031 20.02369546145201 13.08142451196909 0 305.3130868151784 250.8302375227213 82.73100097477436 91.94284261018038 4.743939071893692 9.199278205633163 20.47610548883677 0.944618359208107 2.759129792451859 77.79264699667692 1.135370649397373 8.363504774868488 17.35244178771973 4.467263668775558 0.3260106667876244 4.241613917052746 0 0.3709875494241714 0.3800555840134621 0.5124915689229965 0.5100417658686638 0.10221266746521 277.7059693560004 3.034915305674076 0 1.513584032654762 1408.193934902549 5.566550701856613 1.256035178899765 12.12348048388958 0.5982346534729004 1.063281044363976 138.2487672567368 0.1746292263269424 14.16748157143593 11.63288173079491 33.0269038900733 2.674057006835938 41.22205702960491 31.81338964402676 10.74001890420914 9.734246999025345 0.1267161816358566 0.1455073058605194 0 0 0 0 0 0.6406301259994507 0 0.4839275777339935 0 0 1.158604502677917 0 0.1310745775699615 0 0 0 0 12.26547276973724 1.665571480989456 0 0.6095013469457626 0.101036824285984 16.19307466596365 15.42868716269732 8.951667681336403 2.057712212204933 2.631065212190151 0 0 0 0 0 0.435268759727478 0 3.769552186131477 7.135678254067898 0 0 0 0 0 0.5003603473305702 0 0.5351999402046204 0.8602965325117111 5.33493760228157 0 0 1.376460373401642 17.13313633948565 2.532885506749153 0 0.5094137936830521 0.2580581307411194 0.4645169675350189 0 0 0 0 26.85354585945606 0.5698479264974594 0 0 0.1187378168106079 2.825683072209358 0 1.93918240070343 5.767621576786041 6.927282050251961 6.093782261013985 0.8131574094295502 0.6194956004619598 0.2386212423443794 0 0.09025714546442032 0 0.2867433503270149 0.1063715368509293 0.3167795538902283 0 9.156607061624527 5.615066304802895 7.080695241689682 113.4152733385563 34.42921836674213 355.5015364214778 62.26046658307314 682.8098753765225 89.2958709821105 16.03586775064468 39.86200717836618 5.902657508850098 1.723140500485897 21.40698662400246 5.166797026991844 4.760351046919823 2.120517939329147 0.3026225566864014 0.7337205708026886 4.524137362837791 0
1377.078507326543 1546.312467612326 0 0.2002602964639664 1922.573309220374 10.06042060256004 117.4243151918054 1740.926483184099 686.0474024042487 1.453024700284004 3147.350939810276 14.9524850025773 269.5846665129066 1159.182881712914 11.95863097906113 7.220216937363148 2.490702472627163 0.6579639241099358 0.216505154967308 0.8910393193364143 0.2427034378051758 0 1.000261262059212 0.6445738896727562 1.834769427776337 1.055460005998611 1.558468908071518 0.7830833047628403 0.5723462104797363 0.13160240650177 5129.007864996791 323.9621015638113 8.291283942759037 0 1.010088413953781 4.47508616745472 4.53078518807888 2.081587105989456 1.758840821683407 0.2441966533660889 1.908834517002106 1.041388966143131 1.132424086332321 1.24794265627861 0.5040367767214775 0.2757221162319183 83.76818285882473 5.514547854661942 0.694268636405468 1.809989303350449 3.976506985723972 0.1327740997076035 0 0.1479997634887695 4.023096106946468 5.044216588139534 21.89156303554773 638.1661959737539 11.90537769347429 30.30146090686321 2.677148662507534 2.063392773270607 2.256365701556206 268.1702721193433 5.343433417379856 5.452470481395721 2.949606999754906 3.499673619866371 2.458743944764137 0.7892106994986534 17.25381624698639 23.19586259126663 0.1237336546182632 77.98153273761272 160.1868949979544 46.88817550241947 84.49564193189144 9.449305795133114 142.775373570621 227.0443307235837 2.255592003464699 15.50897514820099 24.61225116997957 0.2143878787755966 2.821926541626453 7.621797550469637 2.275601141154766 0.09050185978412628 0.9727940857410431 0.1312399655580521 0.6399789378046989 0.9889737069606781 1.739192470908165 2.191674135625362 1.461270496249199 57.08199575543404 7.937218263745308 0 0.4727672934532166 417.3360338807106 1.288094580173492 1.208877936005592 4.1125548183918 0.326894074678421 3.432581424713135 16.92672035098076 0 6.471547484397888 7.137268006801605 10.96386057883501 1.479797899723053 16.68515461683273 18.33402328193188 4.369456559419632 7.157830074429512 0.3646761924028397 0 0.2594497501850128 0 0 0 0.2215037494897842 0 0 0 0 0 1.669997870922089 0 0 0 0 0.3450093865394592 0 5.9741240888834 1.791482657194138 0 0.8062927275896072 0.162070244550705 4.771303445100784 6.384723693132401 4.301138959825039 0.7858771085739136 2.131595887243748 0.5197205990552902 0.1558728963136673 0 0 0 0 0 1.11930026113987 4.229378163814545 0.17631995677948 0 0 0.1495462507009506 0 0 0 0 0.4740577042102814 0.6554521024227142 0 0 1.321498721837997 6.532537922263145 0.6071820855140686 0.4031523168087006 0 0 0.3673310875892639 0 0 0 0 27.43548631668091 1.98190575838089 0 0 0.2891254499554634 0 0 0.5682899355888367 2.046070113778114 4.674997344613075 1.757314473390579 0.8396596014499664 0 0 0 0 0 0 0.1271065473556519 0 0.2103012651205063 10.04679857194424 5.211943194270134 4.044020041823387 110.9525739774108 33.53950832784176 152.985266931355 36.16848652809858 65.03128022700548 27.8307306021452 4.149024203419685 35.57437071204185 3.497546032071114 1.037834316492081 9.01243581622839 2.948922008275986 2.988286644220352 0.2713956981897354 1.034586355090141 1.135066121816635 1.046332985162735 0
481.5206380188465 655.5756949260831 0.2002602964639664 0 62.11230574548244 461.6012367457151 708.679343059659 1.056597799062729 12.30120557546616 1464.110778748989 5.180174887180328 162.126385897398 735.2540503367782 16.28803360462189 0.1515286862850189 0.3851560354232788 0 0 0 0.1865110099315643 0 0.2382592558860779 0 0 0 0 0 0 0 0 16.5603683963418 0.4169311821460724 0 0 0 0 0 0 0.4527207911014557 0 0 0 0 0 0 0.1802048087120056 1.762661576271057 0.1143264099955559 0 0.1557900458574295 0.3393646702170372 0 0 0 0.3099798783659935 0.6071047186851501 3.964677847921848 37.94529790431261 1.395277537405491 1.185447946190834 0 0 0 1.924406349658966 0.3158902898430824 0.8625892847776413 0.199148915708065 0.1151287406682968 0 0 2.589172542095184 0.8036746382713318 0 7.634253859519958 5.702171608805656 1.818371795117855 2.499653846025467 0 0 0.3773906752467155 0 0 1.754623562097549 0 0.3675733581185341 0.6468804851174355 0.1769887581467628 0 0 0 0 0 0 0 0.7177685499191284 283.000295445323 0 0 0 52.30879667401314 1.270580261945724 0 4.30865415930748 0 0.3675208687782288 24.93714280426502 0 8.01536899805069 9.370711952447891 20.05011738836765 1.171930015087128 25.6111655831337 28.38267157971859 6.208685353398323 2.635149478912354 0 0 0 0 0 0 0 0 0 0 0 0 0 0 0.4255346059799194 0 0 0 0 2.282041192054749 0.3458330631256104 0 0 0.406603068113327 1.327252700924873 4.200288861989975 2.698745355010033 0 0.4972387552261353 0 0 0 0 0 0 0 0.2472352385520935 3.146362021565437 0.13288614153862 0 0 0 0 0 0 0 0.3981539607048035 0 0 0 0 5.916192904114723 0.6600913405418396 0.2168108373880386 0.1639990359544754 0.1125162839889526 0 0 0 0 0 7.019109413027763 0 0 0 0 0.4443218111991882 0 0.2981879711151123 1.54031640291214 0.1849256604909897 1.805544644594193 0.4628258049488068 0.1569726467132568 0 0 0 0 0.0937216505408287 0 0 0 7.356374680995941 0.8972163498401642 0 3.927538573741913 2.268329329788685 7.26982232183218 2.583766050636768 75.47749231010675 2.526935756206512 1.073617912828922 1.056554779410362 2.214008897542953 0.1868132352828979 3.836490213871002 0.4281700253486633 4.083055257797241 0 0 0.4127046465873718 0 0
806.4428013339639 5485.440014794469 1922.573309220374 62.11230574548244 0 78.11457980424166 1577.19817827642 90.61126156896353 3102.072259515524 380.2871875464916 1564.304977491498 52.11173475533724 1360.213456332684 2449.870837509632 11.02946513146162 5.004679784178734 1.371906124055386 0.1868581920862198 0 0.65707927942276 0.3844379931688309 0.4727669432759285 0.2768039479851723 0 0.2416903674602509 0.7435434237122536 0 0.6068261414766312 1.205353528261185 0.250778391957283 655.7814093157649 38.55574145168066 9.369408413767815 0.1751440912485123 0.1225031018257141 0.5200775265693665 15.05289819836617 0.4494310617446899 4.177915297448635 1.203841537237167 0.2057780399918556 1.220725655555725 0 1.500171542167664 0.3321790397167206 0.398849330842495 205.863899178803 12.89219799637794 0.3575907573103905 0.6710103750228882 3.129528149962425 0.3578791990876198 0.7731535658240318 0.2563084363937378 11.07967972010374 16.13152804970741 38.75535421073437 459.3972284495831 32.83644846081734 88.05960027128458 0.3432334586977959 1.985371425747871 0 103.6847690045834 17.5674567297101 15.76544300466776 5.788643911480904 6.394511617720127 0.6344053596258163 0.3559665456414223 73.86404876410961 29.16308610141277 0 184.0653705447912 160.3097291663289 110.2921479269862 187.1334010437131 8.956857480108738 3.072368115186691 9.677895076572895 1.186428293585777 3.196602679789066 68.79112226516008 0.6978286728262901 10.03860338032246 22.24290870502591 5.029290407896042 0.3464183062314987 4.498352020978928 0.08550995588302612 1.473020777106285 0.385841466486454 0.7830177769064903 0.8635411038994789 1.415181905031204 156.3250582888722 6.669310532510281 0 0 179.5426599234343 17.16046734154224 3.449294060468674 41.49640000611544 1.18347992002964 11.53615885972977 150.6304396241903 1.076874375343323 49.36764384806156 59.11275413632393 82.45110586285591 6.775714188814163 143.6801051571965 133.2630726695061 26.67153106629848 43.86152757704258 1.810532115399837 1.752123594284058 0.3000872880220413 0.2489178478717804 0 0 0.181615024805069 0 0 0.577906996011734 0.3720329999923706 0 1.561893098056316 0.425012618303299 0.8156096637248993 0.1728252470493317 0.158132404088974 0 0 32.07611382007599 4.139076188206673 0 7.485562458634377 4.903730064630508 47.0530936345458 49.14551402628422 34.07307541370392 6.239052891731262 8.114504262804985 0 0.1518612951040268 0 0.5113328099250793 1.111408442258835 0.3746239840984344 0 11.75959119945765 46.8959848061204 2.0492924451828 1.100608050823212 0 0 0.2366728633642197 1.110545359551907 0.521707221865654 0.7149787321686745 2.966012328863144 16.74825575947762 0 1.041402131319046 2.413082852959633 83.91032594442368 11.06628778576851 2.627185016870499 1.37439052760601 0.6891388148069382 1.3886973336339 0.3221596926450729 0.2658185362815857 0 0.828186571598053 115.4985403418541 2.898752748966217 0 0.1005709394812584 0.1154403984546661 6.487144351005554 1.600256234407425 9.370851889252663 25.25386749953032 25.41052285581827 20.68044730275869 8.098512470722198 2.998019218444824 2.148216597735882 0 0 0 0.2654854357242584 0.1314672827720642 0 0.1476989984512329 47.51640731096268 21.93688359856606 17.95719111710787 179.6863887831569 74.06361366808414 427.90130007267 93.19599941372871 223.3824933096766 81.31164380908012 15.29130414128304 55.30011065304279 20.89422751963139 6.750319689512253 56.93571826815605 16.10339745134115 15.56605197489262 3.512312486767769 0.7845842391252518 5.545525558292866 0.7768744379281998 0
214.3089420348406 973.4659199342132 10.06042060256004 461.6012367457151 78.11457980424166 0 318.5292741432786 5.554398320615292 21.23321028798819 1281.226780280471 16.85259705781937 480.6997802704573 299.8727441877127 36.63398689031601 0.3081696704030037 0 0.228904977440834 0 0 0 0 5.548679873347282 0 0 0 0 0 0 0 0 47.25349180400372 0.2590625807642937 13.99676379561424 0 0 0 10.59669137001038 0 0.8682908117771149 0 0.09345667809247971 0 0 0.1441125273704529 0 0 4.543628215789795 0.5970124453306198 0 0 0.3301570564508438 22.24558071792126 25.8276856392622 0 0.7290156707167625 0.8505448624491692 134.2702888250351 150.9875070303679 4.740276880562305 2.656190030276775 0 2.524876892566681 0 1.118354931473732 1.136796072125435 0.796578474342823 0.4199556261301041 0 0.1523516923189163 0 147.7478224486113 321.489897236228 26.21217077970505 24.93448816984892 11.61542459577322 2.420191034674644 2.00197596848011 0 0 11.83454642444849 0 2.321588531136513 4.286358676850796 2.55518713593483 0.1670551598072052 1.673820056021214 0.332098014652729 18.4538339972496 1.314831085503101 25.81064990162849 0.1761763095855713 1.796517327427864 0 0 0.2693186700344086 409.0938482284546 199.1012923419476 53.59672622382641 6.878449648618698 584.1512455195189 0 0 0 0 0 5.178356826305389 0 0.3834905028343201 0 2.634869441390038 0 1.53302064538002 0.9759446382522583 0 0.1753241270780563 0.2130779623985291 0 0 0 0 0 0 0 0 0 0 0 0 0 0 0 0 0 0 0 0 0 1.286184251308441 0 4.342515245079994 1.931058257818222 4.623310580849648 0.7113396674394608 0.2112677991390228 0 0 0 0 0 0 0 0 0.3657885491847992 0 0 0 0.2455127835273743 0 0 0 0 0 0.1390158832073212 0 0 0 1.230771273374557 0 0 0 0 0 0 0 0 0 5.588422745466232 4.54169487953186 0 0 0 0 0.2784677147865295 0.4798741936683655 1.23933270573616 0 0.5899118185043335 0 0.3389700055122375 0 0.1926088631153107 0 0 0.1428126841783524 0 0 0 1.036783427000046 3.608316153287888 3.594655066728592 8.393903397023678 2.666045926511288 15.98264598846436 2.20495929569006 250.9322411492467 7.176678523421288 1.136134162545204 3.919135063886642 0.9187811464071274 0.2714066505432129 2.207895904779434 0.1092946529388428 2.64127117395401 0 0 0.2855875641107559 0 0
689.5710359588265 4666.571199610829 117.4243151918054 708.679343059659 1577.19817827642 318.5292741432786 0 87.79822719097137 207.4681641384959 3137.456739515066 720.683531023562 394.4186321049929 6065.788909427822 1634.132010184228 17.68296804279089 9.547189265489578 1.966196440160275 0.092281773686409 0.1248769909143448 0.3959104642271996 1.22911562025547 0.2297251671552658 0 0 0.600072830915451 1.073614902794361 0.2314951568841934 0.832018680870533 0.3064033538103104 0.2425904795527458 203.3306235894561 18.67448064684868 8.98219259083271 0.1294507682323456 0.1967172771692276 0.4022414684295654 10.09987281262875 0.6090699881315231 0.3480013906955719 0 1.167424783110619 0.9048860594630241 0 1.008958227932453 0.1135962605476379 0 134.0418084561825 7.791935801506042 0.4111719876527786 1.030100300908089 3.703101605176926 1.279127009212971 0.4612270295619965 0.8591035008430481 6.00459785759449 6.652984991669655 23.17695187032223 280.9436478838325 18.36402881890535 43.2943654730916 0.6442519202828407 0.4450618177652359 0 31.96835860610008 6.247594885528088 9.017878204584122 3.360052905976772 2.456095263361931 1.818744391202927 0.5415452942252159 35.91090107709169 33.65376950800419 0.1330733597278595 100.2739498317242 77.18519268929958 60.62696572393179 109.0467330664396 13.45543961971998 1.684213176369667 8.04057839512825 1.019824296236038 2.676476188004017 37.10554518550634 0.6250012814998627 5.38433700054884 11.03612397611141 2.92844345420599 0 2.928605258464813 0.6914948374032974 1.253872349858284 0.694204643368721 1.666179664433002 1.420406520366669 2.169560469686985 768.6750545427203 4.714986577630043 0 1.535920880734921 165.1416956186295 19.32873664796352 4.916888609528542 58.77277016639709 2.433196410536766 13.46848234534264 244.0477724000812 3.662309318780899 86.74223738908768 99.13710808753967 181.7190071046352 10.64274407923222 303.7266806587577 268.1285911276937 56.64100702106953 42.08102057874203 2.116294458508492 1.325807943940163 1.185282945632935 0 0 0 0 0 0.1026646345853806 0.7170959711074829 0 0 1.152547933161259 0 0.1383977234363556 0 0 0.2274073958396912 0.14151431620121 56.35383859276772 7.366507276892662 0 6.433340504765511 0.5843435525894165 50.49475780129433 38.58363392204046 30.37680935114622 3.726130753755569 6.039069138467312 0.1552936285734177 0 0.5572805255651474 0.2519038841128349 0 0 0 11.1333771944046 48.36543589830399 3.49819977581501 1.39301835000515 0 0 0 1.186840139329433 0 0.3361402004957199 5.111394360661507 19.04479767382145 0 0.2137313038110733 1.553123086690903 58.12073697149754 15.78093263506889 2.790611319243908 1.589976653456688 0.4113908261060715 0.8871251121163368 0 1.441471733152866 0 0.1845171451568604 104.963102646172 1.872241124510765 0 0.324245423078537 0.1315914392471313 7.577499330043793 1.173348277807236 11.45000994205475 20.56196091324091 35.5261541903019 25.43614345043898 8.296691916882992 2.336545959115028 2.430993221700191 0 0 0 0.2481728941202164 0.2809171229600906 0 0.1108749881386757 98.31310273706913 20.58299616724253 19.06234707683325 216.3768900185823 81.03205622732639 299.3736163079739 74.20585687458515 237.3141820132732 58.26937344670296 10.35898090153933 62.48811273276806 26.10679110139608 4.405810542404652 71.16956219822168 15.63016267120838 20.15750578045845 3.593192860484123 1.261728093028069 9.556552559137344 1.315338604152203 0.4591032117605209
70.50630527734756 182.4983937293291 1740.926483184099 1.056597799062729 90.61126156896353 5.554398320615292 87.79822719097137 0 109.2749823480844 5.43608033657074 3559.093360722065 48.06137850880623 360.3015858083963 1517.136791594326 45.12346658855677 30.43641779571772 15.00804083794355 2.773143708705902 1.120825901627541 8.309434771537781 7.128641039133072 0.9035001248121262 10.07855652272701 3.389798738062382 8.308119669556618 7.662154667079449 4.483941793441772 2.478333719074726 1.210843876004219 0.6835144460201263 2065.791111782193 1652.834745191038 32.06088510155678 4.55174957215786 12.49209345877171 24.39370176196098 17.28787104785442 10.82670103013515 6.925940200686455 4.048372097313404 8.234371848404408 5.677386716008186 1.960700310766697 9.81683661043644 4.128132537007332 5.818163514137268 183.951951853931 8.459855496883392 4.307349987328053 14.93572146445513 26.4627865254879 1.425416246056557 0 4.847273960709572 4.402035273611546 6.176774628460407 17.4907284528017 411.0779971331358 15.63213369250298 42.62745028734207 13.43984468281269 21.67383001744747 7.679752394556999 230.0276479646564 6.961850486695766 7.981452986598015 5.900360390543938 14.01118560135365 24.78220967203379 11.82961842417717 33.20791497081518 67.54037313908339 0 80.18910736590624 145.1358537375927 74.69402120262384 219.4689468368888 86.3271099627018 798.6608185693622 969.6763701885939 44.1998343244195 359.7272959724069 26.90622094273567 0.3231108039617538 4.216727219521999 9.569411367177963 19.82723984867334 0.13480444252491 2.893878191709518 0.6592975556850433 3.061319433152676 2.10239165276289 19.07892276346684 8.714054755866528 4.359811551868916 182.9678714722395 37.78090743720531 0.1878311932086945 1.728462874889374 88.72685900330544 1.41990140080452 0.9675183594226837 6.202173158526421 0 3.034357726573944 31.08239461481571 0 11.42681778967381 10.09041301906109 14.66403833031654 2.387596562504768 35.30454304814339 25.96211016178131 10.42398032546043 11.01245991885662 0.3107962608337402 0 0 0 0 0 0.3469875156879425 0 0.3164051845669746 0 0.7680888473987579 0.5647283270955086 0.6059633940458298 0.2591593563556671 0.2697051614522934 0.8700902312994003 0.1617115437984467 1.694810569286346 0.1717379242181778 13.92749679088593 1.235766232013702 0 0.2682643532752991 0.943256564438343 11.20725574344397 7.498720765113831 9.980598598718643 1.975804306566715 1.362691007554531 0.8054257407784462 0.4626735895872116 0 0 0 0.3986876457929611 0.09833890199661255 3.227463781833649 7.809372946619987 0.4633728489279747 0.6646661758422852 1.257018104195595 0.5461775362491608 1.300612553954124 0.1404247283935547 0 0.09315070509910583 0.1829433590173721 3.156550660729408 0 0 0.5425890237092972 11.89981189370155 2.654372364282608 0.1807688623666763 0.1477661728858948 0.1037290692329407 0.5775382220745087 0.1628860235214233 0 0.1303168684244156 0.2230250984430313 33.08371357619762 1.226589992642403 0 0 0.9688923209905624 4.068847462534904 0.3715466558933258 1.706441894173622 6.7984604164958 3.414909571409225 5.816724479198456 1.89176233112812 0.1099175587296486 0.3072395473718643 0 0 0 0.2489040717482567 0.1575978100299835 0 0 15.27055157721043 6.605238273739815 8.178544268012047 286.3525001108646 84.20540476590395 343.5643578693271 82.8375379294157 57.61323080211878 42.16882631182671 8.123136587440968 94.10585485398769 9.122840762138367 2.045674197375774 14.66450591385365 3.091839030385017 3.750498384237289 1.024211056530476 0.445016473531723 1.498561792075634 4.819661185145378 0.8677571788430214
15.40826989710331 405.4172946065664 686.0474024042487 12.30120557546616 3102.072259515524 21.23321028798819 207.4681641384959 109.2749823480844 0 130.0717954412103 3260.015988565981 32.57926587760448 1881.642262883484 3157.456459999084 13.66685894876719 6.544639386236668 1.450024321675301 0.3887850493192673 0 0.4761070758104324 0.2617137208580971 0.4427099451422691 0.4565238729119301 0.1029143929481506 0.6297779232263565 0.3183594644069672 0 0.5059847831726074 0.490434467792511 0 111.9847004786134 32.62955437600613 7.532703772187233 0.3973236829042435 0 0.2627810835838318 6.773594558238983 0.1149795204401016 0.9695756211876869 0.1932404786348343 0.3011322468519211 1.021062515676022 0.3559158146381378 0.3954518064856529 0.1152785047888756 0.4869011342525482 121.5526154488325 5.008263684809208 0.2078193053603172 0.6622994989156723 2.975134909152985 0.7610602527856827 0 0.5999015793204308 3.229030229151249 5.841095499694347 9.92313277721405 86.54520433396101 12.70068395882845 33.69784177839756 0.9064083248376846 0.5512641370296478 0 31.9906310737133 6.236360147595406 6.751704849302769 2.779127158224583 1.960059642791748 0.8604455962777138 0.593636579811573 38.27405839413404 27.23599032312632 0.1070666611194611 59.67342419922352 47.15569581091404 47.9618151858449 123.2376372814178 8.892017863690853 2.516661539673805 6.182269915938377 0.5396466478705406 2.072030678391457 24.34904582798481 0.2597604468464851 3.28304748237133 7.793778277933598 1.748021967709064 0.1030819416046143 1.691464595496655 0.1583114564418793 0.7456427440047264 0.4245945662260056 0.3937316462397575 0.7589737698435783 1.659607358276844 158.1516393274069 4.061609543859959 0 0.3585696816444397 16.14691849797964 15.08494172990322 3.947206363081932 44.70527271181345 1.430966094136238 11.05912521481514 136.1287631839514 1.872969657182693 49.27194622159004 52.45127536356449 77.19563537091017 8.67635502666235 150.322364680469 131.5693404525518 31.29757411777973 27.63193020224571 2.669441059231758 0.9612876027822495 0.1818387061357498 0.5519221723079681 0.29039466381073 0 0 0 0.264162003993988 0 0 0 0.3511079251766205 0.6296590566635132 1.065435916185379 0.3452591001987457 0 0.3000299036502838 0 48.79540289193392 6.793553046882153 0 4.365104451775551 0.9254211336374283 24.60842134058475 34.74683850258589 23.4725321829319 2.714256227016449 6.695501372218132 0.1183860599994659 0 0.6535558104515076 0.4933519810438156 0 0 0 5.903767623007298 33.28018406033516 1.016565427184105 0.1987101435661316 0.10060965269804 0 0 0.8925767317414284 0 0.6953682899475098 3.821763038635254 17.9594779163599 0 0.163277342915535 3.370853155851364 50.5656229481101 10.16325691342354 2.408889070153236 2.361074738204479 1.051015101373196 1.685300201177597 0.2852129638195038 0.3708040714263916 0 0.1571104377508163 91.85455515235662 4.105584934353828 0 0.4085747003555298 0.1194967553019524 7.11698605120182 0.9137789011001587 5.848539710044861 18.91164589673281 24.93829882889986 18.31755848228931 8.534769892692566 1.587778195738792 2.686086878180504 0.6480679288506508 0 0.2762909233570099 0.4694090783596039 0 0 0 42.26364579796791 16.40857666730881 14.12843209505081 181.0485927537084 67.48736368119717 269.7325528264046 74.57280094921589 77.96267610788345 44.3663929104805 8.006987810134888 60.34451939165592 21.83182708919048 5.387566044926643 50.78892154991627 12.04795306175947 14.39612606912851 3.063049592077732 0.6209673136472702 4.44839696586132 2.35804583132267 0.1472103148698807
330.0115482658148 1284.813345909119 1.453024700284004 1464.110778748989 380.2871875464916 1281.226780280471 3137.456739515066 5.43608033657074 130.0717954412103 0 30.22171087563038 432.2683544903994 2886.619647368789 95.21273966133595 2.621010974049568 1.664845623075962 0.3916126638650894 0 0 0 0.3280709683895111 0 0 0 0 0.4412500560283661 0.09866181761026382 0.2863749861717224 0 0 10.41360478848219 0.7892697602510452 0.5315282046794891 0.1808105111122131 0 0 1.345918700098991 0.2338760793209076 1.138178110122681 0.4124157726764679 0 0.3825594633817673 0 0 0 0.1466321349143982 6.444290392100811 0.3396487385034561 0.1685429513454437 0.453293688595295 0.1145799905061722 0 0 0 0.3414317816495895 0.4951751381158829 12.32088128477335 22.69323296844959 1.390934132039547 0.8858463168144226 0.4307569116353989 0.6055656671524048 0 0.6284908354282379 0.4291462600231171 0.4815362095832825 0.3350590765476227 0.1073681339621544 0 0 9.943292900919914 6.708634793758392 0 2.900897718966007 3.631254181265831 1.790263310074806 2.34787430614233 0.3283020257949829 0.1628489345312119 3.567623808979988 0 0.1632805615663528 0.4369322583079338 0 0.2099031209945679 0.2247891575098038 0 0 0.1678231954574585 0 0.2115950882434845 0.1171099320054054 0 0.126279205083847 0 1389.746613159776 1.456819623708725 1.084334373474121 1.239527374505997 486.2249087393284 9.600052177906036 4.94643747061491 36.57794208079576 2.989435538649559 10.15028387308121 208.329203337431 2.688371941447258 72.87419676780701 82.88679044693708 203.2986048161983 7.659764990210533 257.5945523232222 273.0058132559061 41.95590586960316 15.69083769619465 0.1920900642871857 0.1881843507289886 0.7455178201198578 0 0 0 0 0 0 0.1518823802471161 0.2017463892698288 0 0 0 0 0 0.2052271366119385 0 0 37.66206808388233 1.834975518286228 0 0.452540397644043 0.2432697713375092 10.41054978966713 10.77553796768188 3.983157500624657 1.156082764267921 0 0 0.33943971991539 0 0.21600042283535 0 0 0 4.012031853199005 19.8008941039443 1.083053156733513 0.2386339902877808 0 0 0 0.2177126929163933 0.3287504017353058 0.2544655725359917 0.7079009264707565 10.93419206142426 0 0 1.490776836872101 15.03687080740929 6.570534743368626 0.5495236068964005 0.8909297659993172 0.1469986289739609 0.2473195716738701 0 0.5239662230014801 0 0.3313171863555908 29.04034231603146 1.168167367577553 0 0 0 3.952072635293007 0 2.444686323404312 10.51869602501392 11.71779105067253 10.27902004122734 3.363605052232742 1.71788777410984 1.159856930375099 0.09712345898151398 0 0 0.3905840590596199 0 0 0 94.71853059530258 8.663950517773628 2.081784516572952 27.42512878775597 4.453580640256405 15.14442243427038 4.101181976497173 535.2859944850206 1.674459740519524 0.4360539168119431 8.706035166978836 11.44479741901159 0.8203998804092407 25.80023198574781 4.181668616831303 8.203511103987694 3.318403080105782 0.1807640343904495 1.223323032259941 0.1454302221536636 0
126.5290578752756 593.4742703139782 3147.350939810276 5.180174887180328 1564.304977491498 16.85259705781937 720.683531023562 3559.093360722065 3260.015988565981 30.22171087563038 0 271.6967512369156 4486.943109817803 8708.560455664992 37.79100014269352 17.13507796823978 6.320334985852242 0.8727865368127823 0.3744777143001556 1.818298384547234 2.73748254776001 0 2.08358446508646 1.41668277233839 4.239189267158508 1.804506316781044 1.489209435880184 1.156933978199959 1.56886675208807 0.2501502335071564 767.7561321854591 264.9949802458286 232.4850374683738 1.196779936552048 3.754299521446228 12.11028634756804 55.60176264494658 12.94485256075859 8.848253339529037 2.899086363613605 1.942386001348495 2.410367898643017 1.440691381692886 2.620384722948074 1.022447228431702 0.6356011927127838 175.7715761438012 8.290755562484264 1.462729454040527 2.980668790638447 11.46056644618511 0.5712186768651009 0.7914334386587143 1.901511579751968 4.620004966855049 8.327386632561684 12.43669527769089 204.8793997466564 14.1330183967948 47.51240188628435 1.868013083934784 8.840643629431725 4.373952396214008 90.52149656414986 8.100038595497608 8.620074339210987 4.192107252776623 5.633652351796627 3.545901879668236 1.923502892255783 97.911113537848 119.6275147944689 0.1772492974996567 82.82093348354101 99.16408711671829 73.01505643874407 179.6588787138462 29.29221118986607 222.0136007890105 42.79484287649393 2.148800693452358 23.78098013997078 30.96765656769276 0.3231025338172913 4.751805238425732 7.84749697893858 6.118507958948612 0.1320362538099289 2.991822242736816 1.21893747150898 1.70792630314827 1.121310025453568 3.875293023884296 2.416462779045105 3.265540927648544 332.0045415610075 56.59213180094957 0 2.397413477301598 52.89359577000141 5.128056481480598 2.562477707862854 17.28561975061893 0.9691040068864822 6.333951503038406 58.36018767952919 0.3767823874950409 27.22833351790905 23.92982493340969 30.40746249258518 5.350303888320923 74.91926862299442 66.29991840571165 20.32794766128063 25.35339772701263 1.781492501497269 0.8611162453889847 0.8394042402505875 0 0 0 0 0 0 0.1091170907020569 0.9812937825918198 0.6174481809139252 0.4076933562755585 0.1677766442298889 0.7773585319519043 0.5977083295583725 0.1413973867893219 0.2728620693087578 0.2830909192562103 30.93546292930841 2.929844573140144 0.1764939278364182 1.564810663461685 0.1837961077690125 22.47790602594614 20.0518276616931 13.09015189856291 2.712940506637096 3.164142198860645 0.7906235605478287 0.565810427069664 0 0.593707486987114 0 0 0.2529963552951813 5.871245160698891 15.93569719791412 1.098432645201683 0.2307607382535934 0 0.3999535962939262 0.6206214725971222 0.2102649062871933 0 0.1300633996725082 0.7237521260976791 11.68752290308475 0 0 1.324403285980225 27.60450559854507 4.11367304623127 1.03163406252861 1.535415038466454 0.489324614405632 0.317766472697258 0.2271283715963364 0.426982194185257 0 0.1585299670696259 59.72005036473274 2.578111439943314 0 0 0.1383191645145416 4.499418511986732 0 1.614657133817673 13.38458034396172 8.782929927110672 11.49771072715521 4.227560132741928 2.508115038275719 0.3455652594566345 0 0 0 0 0 0.533649280667305 0 22.38907849788666 14.16481745243073 12.42540591210127 329.5658410191536 80.52958096563816 384.5795298144221 93.5109990760684 84.52956355363131 50.52203042060137 9.05649272352457 93.8666062951088 16.73665599524975 1.521505177021027 32.21467774361372 7.220217041671276 6.493826791644096 0.6870291829109192 0.6744672954082489 2.682891629636288 1.931074880063534 0.1604194492101669
45.09187911450863 88.28049477934837 14.9524850025773 162.126385897398 52.11173475533724 480.6997802704573 394.4186321049929 48.06137850880623 32.57926587760448 432.2683544903994 271.6967512369156 0 1250.607252880931 321.7354879006743 21.15793645381927 9.743795350193977 6.351429879665375 1.096574291586876 0.2067079991102219 0.2615451812744141 1.598145246505737 0.22260682284832 0.4208275228738785 0 1.897436052560806 2.510084480047226 2.042818874120712 0.6551550403237343 1.491310521960258 0 2.425460629165173 1.227095425128937 81.67124556005001 0.1071310415863991 0.9232350736856461 11.92718428373337 59.38089980185032 9.805274449288845 34.06510286778212 2.668185159564018 3.055311635136604 0.5770463198423386 0 1.022129043936729 0.6438136994838715 0.2834240943193436 43.56856604665518 0.5050117745995522 0.5670422241091728 1.026211455464363 2.534465231001377 2.165051370859146 22.11297342181206 1.991130821406841 1.609014466404915 0.7559273540973663 5.059057004749775 30.45099828392267 2.916589014232159 6.419637136161327 1.413196325302124 20.80462901294231 0.4672396332025528 2.224484667181969 1.786611288785934 1.686868406832218 1.26085402071476 3.008866511285305 1.547222919762135 0.4995769709348679 129.4544051140547 143.1084874719381 0.2389995008707047 14.62298133969307 9.474913582205772 12.62769693881273 21.5253761857748 4.209681682288647 0 64.70101580023766 1.66365697234869 12.88492122292519 5.777256093919277 0.1405489593744278 1.267241641879082 1.226416416466236 1.411890648305416 0.7159468531608582 0.5984192043542862 0.1889641284942627 0.1166168302297592 1.160764239728451 2.055100001394749 1.459872856736183 1.625924594700336 1738.373468250036 96.85910552740097 4.781529784202576 31.75404113531113 77.72888433933258 8.227530553936958 2.590801268815994 29.04216261208057 1.956853628158569 9.77923858165741 116.313357308507 1.612609699368477 55.72105012834072 40.6151227504015 84.0864567309618 7.911538630723953 160.4831918329 132.4389677867293 38.55039320886135 19.70660822093487 2.010910108685493 0.3129719495773315 0 0 0 0 0.1408201605081558 0 0.1269367784261703 0.1449504792690277 0 1.059585124254227 0.6444214656949043 0.1497723311185837 0.9114758670330048 0.2215870022773743 0.3057099282741547 0.2398626506328583 0.4228066504001617 37.04668754339218 2.120158508419991 0 1.141758322715759 1.044642701745033 21.2965999096632 17.77546402812004 11.54026737809181 1.900579228997231 3.203021675348282 0.4608344882726669 0 0 0 0 0 0 5.139575809240341 26.94717529416084 1.207399278879166 0.3899644911289215 0.1272412985563278 1.905394077301025 0.8676382005214691 0.3150222152471542 0 0.1867693737149239 2.064661398530006 16.10977315157652 0 0.1540579795837402 0 29.96582996845245 6.767539829015732 2.263682752847672 0.6729517430067062 0.2468485608696938 0 0.2630487307906151 0.1383176743984222 0 0.1455994993448257 59.58432546257973 4.241317301988602 0 0.1050254106521606 0.2744090110063553 2.637537837028503 0.3686553984880447 3.050274878740311 12.12340775132179 15.70976356416941 13.07809779047966 4.120850786566734 1.611502662301064 0.9288635551929474 0.1539343893527985 0 0 0.1216440424323082 0.1181533262133598 0 0.2108894139528275 74.59933635592461 14.04294075071812 8.893293172121048 188.5534602999687 44.56925222277641 130.5291963592172 31.77341510355473 142.4509141519666 18.0782340541482 2.518626093864441 58.14409248530865 18.87358821183443 2.280870527029037 37.56618501991034 5.683640711009502 8.587707176804543 2.677641496062279 0.1335584223270416 3.723213195800781 2.301087841391563 0
