0 2702.933610185981 1241.660482555628 1781.239746302366 172.7364224642515 414.9996630549431 403.0544862747192 264.0272186696529 18.29144855588675 1460.1981664747 215.5237462595105 458.7680067420006 374.0300943553448 136.0519007518888 2.790693111717701 1.362441852688789 0.3274267911911011 0.2027689516544342 0 0.09857502579689026 0 0 0.1022310331463814 0 0 0 0 0 0 0.1125125586986542 880.1979416459799 9.288050897419453 32.89830246567726 0.2099448591470718 0.1250782907009125 0.2509947121143341 8.639554515480995 0.6553401350975037 0.5822969451546669 0.1051527112722397 0.165797084569931 0.1009940877556801 0 0.4827783331274986 0 0.6912622451782227 21.85443677008152 1.395271234214306 0.1864222288131714 0.1079024076461792 0 0.1641367375850677 0 0 4.292352810502052 0.8335651457309723 428.4930882379413 909.9080834910274 106.8865918293595 6.364166438579559 0.4235651940107346 5.716845154762268 0 14.98895556479692 0.487360768020153 0.6150859370827675 0.2620986998081207 0.4918311238288879 0 0.1250929683446884 21.28339124470949 18.37994670122862 0.8898370265960693 356.2517863512039 68.0071615204215 45.21754539757967 10.45222703367472 2.507814683020115 10.75238332897425 87.58956105262041 0.9941006749868393 5.686509437859058 15.90678604692221 0.3637731894850731 0.2463964745402336 0.8159551620483398 0.2107462510466576 0.4042926132678986 0.1711548492312431 0.9409471899271011 0.3031036704778671 0 0 0 0.1116849929094315 107.9733710885048 12.52677212655544 2.631778866052628 1.842944510281086 870.7388564944267 0.09049320966005325 0 0.1443945318460464 0 0 0.1008386537432671 0 0 51.01325450837612 0 0 0.940605103969574 0.8513742089271545 0.4857187271118164 0.379241868853569 0.7014558836817741 0.41378253698349 0 0 0 0 0 0 0 0.1698033809661865 0 0 0 0 0 0 0 0 0 0.7925215214490891 0 0 0 0 0.8619571775197983 0 0.4228893220424652 0.2736363857984543 0 0 0 0 0 0 0 0 0.4177283048629761 0.32064438611269 0 0 0 0 0 0 0 0 0 0.2024805098772049 0 0 0 2.158429086208344 0.4452138990163803 0 0 0 0 0 0 0 0 3.706747069954872 0 0 0 0 0 0.3199003338813782 0 0.2229218035936356 0.4956915155053139 1.845119014382362 0.5876071751117706 1.248014152050018 0.1134135723114014 0 0 0 0 0 0 0 2.76170802116394 0.7015269994735718 1.568862706422806 20.65659382939339 5.211795523762703 143.1738073155284 29.48043734580278 532.2684972211719 119.9595396667719 2.414341129362583 5.765086583793163 1.40303647518158 0 1.239644259214401 0 1.063977308571339 0.5952269956469536 0 2.300661370158195 0.1215660944581032 0
2702.933610185981 0 2090.668631568551 2107.046386227012 2974.759922929108 437.3527156561613 2492.238544002175 1109.953643932939 1146.22055529058 544.7365109920502 2214.591041281819 49.61143609881401 316.5984337106347 347.4725809395313 18.90036451071501 4.574057877063751 1.880348205566406 1.39179988950491 0.7336438596248627 0.1085023134946823 0.09637278318405151 0 0.4053228497505188 0.2012406960129738 0 0.8699298053979874 0.5229353755712509 0.2396411299705505 0.5599753931164742 0 1028.681241124868 25.61121716350317 63.43901483714581 0.6951966658234596 0.2590380012989044 0.2983039915561676 25.34212651848793 2.631795465946198 0.8712108880281448 0.5314851030707359 0.5693126171827316 1.086069114506245 0.09305623918771744 2.096543706953526 0.7675852701067924 0.8735616430640221 122.7699332982302 8.542396992444992 0.8377931043505669 0.861209973692894 0.7787060365080833 0.1999476402997971 0 0.3661063835024834 10.14330706745386 4.619700282812119 257.7053275480866 844.362815566361 125.3633886426687 16.68879633396864 0.4582737311720848 9.924101606011391 0 87.04635237157345 4.218536622822285 3.973804078996181 3.106323532760143 2.452065818011761 0.2465014681220055 0.194662794470787 35.6159286648035 3.8371262550354 0 544.8876677155495 352.4462072923779 185.1964524686337 77.00653737038374 5.91295750439167 19.08868905156851 144.8185355514288 0.778719536960125 12.29339138418436 53.86718714982271 0.3136537969112396 3.15614165365696 4.280915036797523 2.402557574212551 0 1.379070118069649 0 0.1313390731811523 0.1345231682062149 0 0.5037851110100746 0.481493815779686 40.81178570538759 6.730499744415283 0 1.263982191681862 1060.629944503307 0.4597692638635635 0 0.6312980651855469 0 2.073470890522003 0.2545552849769592 0 0.3392680883407593 38.63393273949623 0.3569239377975464 1.500685662031174 0.9299716949462891 1.549020797014236 4.416269838809967 1.527098760008812 0.595629870891571 3.879361398518085 0.1403756141662598 0.2822669446468353 0 0 0 0 0 0 0 0 0 0 0 0 0 0 0 3.612444378435612 3.926332429051399 0 0 0.1727090328931808 1.640040203928947 0 2.126633197069168 2.453954696655273 0 0 0 0 0 0.9628815352916718 0 0 0.5919420719146729 1.98651796579361 0.2540738582611084 0.3730129152536392 0 0 0 0 0 0 0.8442907929420471 0 0 0 0.2260167300701141 5.568060845136642 0.8606481030583382 0 0.2081374228000641 0 0 0.1727270781993866 0 0 0 11.9671580940485 0.9585663676261902 0 0 0 0.3197640776634216 0.2160898745059967 0.8129598498344421 0.5831954479217529 0.3449154198169708 3.84632882475853 0.3693643733859062 2.535188876092434 0 0 0 0 0 0 0 0 3.813564449548721 9.835385471582413 5.871761240065098 217.2319575771689 32.93745765089989 739.7444970756769 158.5624120607972 149.0366326794028 300.9413166642189 15.52717185765505 109.4127456247807 7.019177183508873 0.4167785048484802 4.472238585352898 0 0.4919259548187256 1.566729970276356 0 2.338544011116028 1.980023458600044 0
1241.660482555628 2090.668631568551 0 31.59905451536179 548.0767308101058 2.45528082549572 82.05459893494844 2922.732182659209 132.7587785050273 16.62130510807037 2770.241666406393 2.372047990560532 53.58424346148968 365.2157837972045 23.23405846208334 15.27144531160593 7.756230756640434 3.010403782129288 0.3096339926123619 5.067851729691029 3.174493469297886 0 8.343821056187153 2.313259445130825 3.533772073686123 1.539923273026943 3.213484548032284 0.3767837733030319 1.51178203523159 0.1081390306353569 4840.943703271449 417.3531173989177 299.5263687372208 14.75196623802185 12.07243828475475 8.742659963667393 86.93923233449459 21.15967262536287 4.488627418875694 3.962541751563549 4.363952204585075 4.147465288639069 5.382731162011623 3.116725958883762 5.163340575993061 51.95786086469889 49.54573421180248 2.784493148326874 2.994379073381424 12.36310683190823 0.8576307371258736 0.4714561998844147 3.395256042480469 1.185345120728016 3.096535079181194 1.484339021146297 108.7352805733681 1187.040595024824 40.38311413675547 6.88578512519598 71.07526725530624 99.44686894118786 4.663657709956169 108.8987091332674 1.235079735517502 1.825284563004971 1.373903885483742 2.204993441700935 5.569505423307419 6.510888509452343 74.20502811670303 13.35889681428671 0 242.2536840438843 210.8037865832448 77.35970205068588 57.03087995946407 16.12705368548632 770.3730853870511 1673.012718193233 42.22212592512369 792.3956106305122 13.90884044766426 0.48919378221035 1.720666773617268 1.523312635719776 9.619917549192905 0.1584711819887161 0.4127691611647606 0 0.7252388298511505 0.5415333732962608 1.486134544014931 0.640307292342186 1.013336300849915 32.76087255775928 11.02436421066523 0.2598355710506439 5.363010853528976 1060.01805177331 1.190062545239925 0 0.9047610312700272 0 0.8140352964401245 0.3995343148708344 0 0.1200746670365334 0.1112691313028336 0.4530059695243835 0.2135752290487289 0.8982897251844406 3.520005032420158 7.618454560637474 2.63002148270607 3.193252898752689 5.886877804994583 0.506188839673996 0.8243096172809601 0 0 0 0 0 0 0 0 0.2915757149457932 0.3336457163095474 0.237989142537117 0 1.077118024230003 0 0 3.359508790075779 2.478364460170269 0.2280939817428589 0.3066019117832184 0.3265334963798523 6.206323184072971 0.3528819382190704 6.419065251946449 11.40386558324099 2.279455617070198 0 0 0 1.649786323308945 0.2441373988986015 0.3865709081292152 0 1.005669668316841 9.938054025173187 0 0.6442847847938538 0 2.182188704609871 0 0 0 0 0.6566844880580902 1.326992146670818 0 0.1774040311574936 0.1624222099781036 25.12962600588799 2.339814357459545 0 0.1137383952736855 0.09631543606519699 0.1379484385251999 0 0.08330222964286804 0 0 17.37334450334311 2.876757025718689 0 0.37156942486763 0 2.16172581911087 0 0.4280326366424561 0.4737396836280823 3.94737084954977 5.130826108157635 1.961060009896755 5.653224930167198 0 0 0 0 0 0 0 0 3.785276919603348 11.88171638548374 10.79344218969345 89.67256240546703 16.80717404931784 187.8377126455307 50.33114886283875 34.67289457470179 69.71050135791302 9.450662836432457 36.21215976029634 22.53253140300512 0.8874804526567459 10.90830452740192 0.1387270241975784 2.182354018092155 2.988902561366558 0 7.566459722816944 2.872237853705883 0.3911157697439194
1781.239746302366 2107.046386227012 31.59905451536179 0 647.558647878468 1003.128072082996 2012.416902035475 26.55674462020397 56.73046034574509 1612.269273400307 56.53942385315895 910.1736532896757 1537.821067862213 361.0998716577888 5.246580734848976 0.8743128553032875 0.490211546421051 0.2157149538397789 0.4997771382331848 0.1050157770514488 0.1170359179377556 0 0 0 0.09619786590337753 0.1690618544816971 0 0 0.1618746966123581 0.150486171245575 126.1210499033332 1.727524399757385 17.47428718209267 0.4104623198509216 0.08476551622152328 0 11.49532621353865 0 0.1219805628061295 0 0.1853798925876617 0 0 0.3650508150458336 0.2195893824100494 0.6389725729823112 40.08870340138674 2.863345883786678 0.9526621475815773 0.08308760076761246 0.09075478464365005 0 0 0 4.776638425886631 0.99154032766819 86.94473338127136 219.1106320172548 45.39931456744671 8.394025109708309 0.104813277721405 4.107788726687431 0 32.99879498779774 1.228956520557404 1.566106840968132 0.9464680030941963 0.3128855004906654 0 0.1126228272914886 21.74625077098608 0.6062584221363068 0 202.5946924164891 130.4746922776103 70.55922920256853 20.84355561435223 1.884982034564018 0.2415820062160492 65.00417798757553 0.7332649081945419 0.4515699297189713 24.16511692851782 0 0.9712883457541466 2.282014846801758 0.4537734240293503 0 0.5237135738134384 0 0.1008174866437912 0 0 0.2168976441025734 0.4025930389761925 143.9413342773914 0.4665639698505402 0 0.1193096414208412 292.6090178117156 0.5140945687890053 0 0 0 0.1842499524354935 0 0.9418684244155884 0 57.18776069581509 0 0 0.1840510368347168 1.080493062734604 1.065707802772522 1.916984647512436 0.1086551770567894 1.420596271753311 0 0.268585741519928 0 0 0 0 0 0 0 0 0 0 0 0.1037438288331032 0 0 0 0.8208865225315094 1.446657329797745 0 0 0 0.8190257847309113 0 1.046400278806686 0.3220193982124329 0 0 0 0 0.2709264904260635 0 0 0 0.2747227847576141 0 0 0 0.4499942809343338 0 0 0 0 0 0.4276731610298157 0.7245734184980392 0 0 0 1.412948697805405 0 0 0 0 0 0 0 0 0 2.387154020369053 0.1695319414138794 0 0 0 0 0 0 0.5056865885853767 0 0.4814899936318398 0 1.756791152060032 0 0 0 0 0 0 0 0 0.9350062012672424 2.223818898200989 1.01764540374279 51.84116946905851 11.08073360472918 316.5684845075011 58.87802485376596 79.11967612802982 138.9891124740243 6.217697829008102 35.36842529475689 0.7944504842162132 0 0.6897716000676155 0 0 0 0 0.9288002848625183 2.812165766954422 0
172.7364224642515 2974.759922929108 548.0767308101058 647.558647878468 0 5.466974288225174 2219.780506305397 435.6917068511248 6400.761807009578 844.8536781817675 2140.199440024793 29.91846153140068 596.9032353758812 1005.016714565456 27.10840136557817 5.600282289087772 1.280694186687469 0.8565824031829834 0.2449751123785973 0 0.940655916929245 0 0.1770736277103424 0.1350484788417816 0 1.870865121483803 0 0.09340683370828629 0.5338678061962128 0.3138134777545929 239.2527660354972 22.83542859554291 18.98167969286442 0.5402559340000153 0.2967037558555603 0.154505655169487 14.86695739626884 1.031238801777363 0.4454945027828217 0.7182884737849236 0.4713795259594917 0.7074277698993683 0.2603230699896812 1.630771957337856 0.4891243055462837 1.08074976503849 155.9498083665967 7.333512350916862 1.826790906488895 0.5230159237980843 1.824547126889229 0 0.2333150655031204 0.2260199338197708 5.543420135974884 3.342193812131882 44.28792733699083 114.9831933900714 38.74205169826746 12.13645073026419 0.1947902590036392 3.135266713798046 0.2017912492156029 51.46264934539795 2.642429329454899 3.03873935341835 2.593956090509892 1.510353527963161 0.4050836488604546 0.1262891888618469 25.07823067903519 1.329512342810631 0 145.6588103100657 145.7780724689364 154.6417005285621 97.96411725133657 6.868727661669254 2.684835113584995 20.67879846692085 0.6085688918828964 2.182465434074402 33.53629469126463 0.4377227276563644 2.648028634488583 5.379939891397953 1.247809201478958 0 0.978076808154583 0 0.6903237476944923 0.2738804966211319 0.6517132967710495 0.3129178434610367 0.9962133914232254 27.70632718503475 1.408893771469593 0 1.755163379013538 37.8929026722908 0.7031344622373581 0 0.1359831243753433 0 1.13583068549633 0 0 0.3907610774040222 9.530036181211472 0.5293963551521301 0 0.7127556502819061 1.677719935774803 4.391223438084126 0.8935722410678864 0.5002870857715607 2.30973007529974 0 0.1319471895694733 0 0 0 0 0.2079754769802094 0 0 0 0 0 0 0 0 0 0 5.828788682818413 0.8615285903215408 0 0 0 0.6422215551137924 1.032666862010956 2.723376855254173 0.4994908347725868 0.1504066437482834 0 0 0 0.8859396949410439 0.5934500619769096 0 0 0.2022542655467987 2.003144577145576 0 0 0 0 0.1565965116024017 0 0 0 0 0 0 0 0 9.539640597999096 0.4685598760843277 0 0 0 0 0 0 0.2819849848747253 0 7.286557048559189 0.5448584854602814 0.1947567313909531 0 0.462929904460907 0 0 0 0 1.26125393807888 1.892451636493206 0.5749959573149681 2.187862060964108 0 0 0 0 0 0 0 0 2.593530401587486 3.465007171034813 5.158285722136497 474.2454680129886 54.11863997578621 677.3730275183916 218.602579690516 57.8877741470933 214.4730869233608 20.91063510626554 144.8830175176263 7.060341574251652 0 3.155590690672398 0 0.9063587188720703 0.2612139880657196 0 1.858546659350395 3.874682672321796 0.4810212999582291
414.9996630549431 437.3527156561613 2.45528082549572 1003.128072082996 5.466974288225174 0 30.53905741870403 2.145982131361961 3.579886898398399 737.3414888232946 17.63954092562199 164.2687199413776 89.82397077232599 48.5889518558979 0.3780989423394203 0.235168881714344 0 0 0 0 0 0.6683084815740585 0 0 0 0 0 0 0 0 26.66517502814531 0.4326788932085037 17.89868548512459 0 0 0.1682603657245636 18.34700426459312 1.362652152776718 5.120948150753975 0.8617127239704132 0 0 0 0 0 0.1776055544614792 0.7716709896922112 0.4041235446929932 0 0 0 4.707752883434296 1.749478787183762 0 0 1.155550435185432 611.1494557633996 47.95157402008772 15.68114730715752 0.3059916794300079 0 3.398951217532158 0 1.263720124959946 0 0 0 0 0 0 171.8900297954679 58.56685280799866 6.90074834227562 17.5551124215126 5.507154658436775 2.750439874827862 0.6705065369606018 0.1483698338270187 0 20.46606777608395 0 1.190672397613525 1.337258949875832 1.168244868516922 0 0.3653966784477234 0.1552124917507172 3.993690133094788 2.522350482642651 7.84868811070919 0.7227728664875031 0.9387956112623215 0 0 0 268.8742430359125 160.9895357489586 28.53266698122025 25.96815650165081 596.7287212014198 0.6902214884757996 0 0 0 0 0 5.322812080383301 0 16.61872434616089 0 0 0.7676876187324524 3.224399566650391 1.268305897712708 0 0.4458770453929901 0 0 0 0 0 0 0 0 0 0 0 0 0 0 0 0 0 0 0.838979184627533 0 0 0 0 0 0 0 0.1184435114264488 0 0 0 0 0 0 0 0 0 0.6567521095275879 0 0 0 0 0 0 0 0 0 0 0 0 0 1.11178532242775 1.127106577157974 0.198997750878334 0 0 0 0 0 0 0 1.905186980962753 0 0 0 0 0 0 0 0.1311537176370621 0 1.628746569156647 0 0 0 0 0 0 0 0 0 0 11.64053058624268 0 0 6.276444599032402 0.3404932916164398 6.858319789171219 1.113194584846497 360.4440665841103 8.598956003785133 0 1.712472438812256 0 0 1.645127356052399 0 7.703196048736572 0 0 1.529522657394409 0 0
403.0544862747192 2492.238544002175 82.05459893494844 2012.416902035475 2219.780506305397 30.53905741870403 0 38.40876746177673 916.50337895751 2009.371588602662 567.8127566054463 260.4978550225496 2872.036387726665 879.8232542127371 34.14070668816566 7.522867813706398 2.182998843491077 1.627636216580868 0.32493856549263 0.1078590378165245 0.2593983709812164 0 0.3626888543367386 0 0.1414323151111603 1.374453902244568 0.6457478553056717 0.3015863820910454 0 0.1055745333433151 209.9908643141389 15.64697699248791 23.2070742174983 0.2643116787075996 0 0.4912481904029846 9.487794205546379 0.2944511622190475 0.6499486863613129 0.9619880542159081 0.3487008959054947 0.6547337546944618 0 1.896968521177769 0.5074636042118073 0.9453973397612572 169.3752697631717 7.189178697764874 1.542060598731041 0.2525314539670944 1.33105044066906 0.1478864401578903 0 0.4525109082460403 7.754391565918922 4.086738139390945 86.60801574587822 188.0404448136687 55.72853845357895 17.28137814253569 0.4508213251829147 3.825982421636581 0 63.34443816542625 2.315554082393646 3.158634841442108 1.422923892736435 1.603811450302601 0.2197282910346985 0 30.84967186301947 2.324895530939102 0 216.7352014556527 204.1265295445919 168.9127683490515 102.9747294858098 9.827488459646702 2.276417545974255 20.51633175462484 0.701856903731823 4.112699098885059 41.76469095051289 0.1179767623543739 1.963444575667381 3.905845671892166 2.162354700267315 0.2525947242975235 0.785752646625042 0 0.4644582197070122 0.7923588454723358 0.1408503204584122 0.3969108611345291 0.7348988801240921 104.5428768545389 3.551346719264984 0.2208461612462997 0.8536494299769402 75.05666853487492 0.5444881841540337 0 0.8045544326305389 0 1.091639265418053 0 0 0 75.34195060282946 0.9254687428474426 0 1.276995807886124 3.053507819771767 3.145042151212692 1.488453984260559 1.903777241706848 2.71968974173069 0 0 0 0 0 0 0 0 0 0 0 0 0 0 0 0 0 2.696065299212933 3.181289926171303 0 0 0 3.368689998984337 1.000027537345886 1.949554458260536 1.506213277578354 0 0 0.2666067779064178 0 0.3700451552867889 0 0.1348079442977905 0 0 4.066843122243881 0 0.125904843211174 0 0 0.3358070552349091 0 0 0 0.1125824376940727 0.2534445226192474 0 0 0 9.032456621527672 2.5602026283741 0 0 0 0 0 0 0 0 12.82753282785416 1.142204016447067 0 0 0 0.4059303998947144 0.1585768759250641 0.7291440665721893 0 0.8850404620170593 3.254545651376247 0.5308086201548576 4.323120720684528 0 0 0 0 0 0 0 0 6.626436159014702 6.667483866214752 5.593797102570534 509.8434403911233 48.13015595078468 767.3039815053344 231.5713985711336 77.46400827914476 276.9695303961635 21.20126667618752 197.0573271289468 8.951290018856525 0.140370786190033 4.040114253759384 0 2.259099468588829 0.4437570869922638 0 3.000281751155853 5.733715280890465 1.423856377601624
264.0272186696529 1109.953643932939 2922.732182659209 26.55674462020397 435.6917068511248 2.145982131361961 38.40876746177673 0 394.1428913027048 9.398757070302963 1877.295718967915 2.217396646738052 44.36541848629713 381.2472440451384 18.40149183571339 9.009805426001549 3.937745824456215 3.660329282283783 0.4255711659789085 4.970815300941467 4.610855519771576 0.1337839812040329 10.31454356759787 1.366871625185013 3.356106579303741 0.5337250530719757 4.577818252146244 0.686225138604641 2.659902922809124 0.4322385638952255 931.8691297844052 936.0617911741138 357.6965574547648 12.73745255172253 8.882003165781498 8.439256832003593 97.64783847332001 23.23476245999336 5.714674793183804 3.500292465090752 5.816016055643559 3.571400932967663 4.83620823174715 2.571399308741093 5.593180760741234 45.60766924917698 40.08567464351654 0.989880196750164 1.256588973104954 10.98996149748564 0.7031397596001625 0.3259849399328232 3.579011425375938 2.029990330338478 1.207022793591022 0.4803151115775108 17.80899355560541 94.52157764136791 13.2000972032547 3.718840360641479 69.11114297807217 129.8576834797859 3.498946100473404 106.1282272934914 0.2921149581670761 0.7699202969670296 0.5496864840388298 1.752089999616146 4.989324524998665 8.998472489416599 71.11547508835793 12.37942944467068 0.1772238612174988 55.17244567722082 63.89109033346176 39.76008559018373 66.57584485411644 36.39534758776426 325.7560822665691 1494.416807234287 121.2469635158777 1122.968816645443 7.580349989235401 0 0.1936253011226654 0.4961685985326767 11.85872133076191 0 0.1733801066875458 0.141424685716629 0.6016977280378342 1.13853669911623 1.747559763491154 1.206628188490868 2.385487884283066 34.84977267682552 13.35351406037807 0.2961812913417816 3.653247870504856 95.27132134139538 1.317025169730186 0.6489501595497131 0 0 1.032953873276711 0 0 0 0.3627740144729614 0 0.1855180114507675 0.1757045388221741 1.043401941657066 2.302896186709404 2.589847087860107 1.899270288646221 4.062809087336063 0.5219690054655075 1.17714449763298 0 0 0 0 0.3740634620189667 0 0 0 0.1764560639858246 0.1928953230381012 0.5540397167205811 0 0.3724073767662048 0.154167115688324 0 5.521558061242104 1.678017631173134 0 0.3837168216705322 0.210701197385788 6.116255789995193 0.4929178059101105 4.984071612358093 5.455182522535324 1.154102206230164 0 0.2668471783399582 0 1.521335169672966 0.1420159041881561 1.251285433769226 0 0.2400899827480316 2.224860541522503 0.0880376473069191 0 0 1.07150411605835 0 0 0 0 0 1.130206033587456 0 0 0 18.05189567804337 3.32683526724577 0 0 0 0 0 0 0 0 12.89620226621628 2.08116127550602 0.1337739527225494 0.3680720925331116 0.1804118603467941 0.6125789284706116 0 0 0.4115602523088455 0.869562104344368 1.858263231813908 1.858426183462143 2.77477639913559 0.148809015750885 0 0 0 0 0 0 0 2.01701632142067 8.425962999463081 11.27409712970257 103.2605776265264 7.144890889525414 153.7035256028175 41.56958839297295 8.820972807705402 34.72478590905666 3.731921561062336 37.66655690222979 24.12817105650902 1.040028542280197 8.888379789888859 1.193224459886551 2.809178382158279 0.8311574906110764 0 4.909405425190926 1.019343942403793 0.5372630506753922
18.29144855588675 1146.22055529058 132.7587785050273 56.73046034574509 6400.761807009578 3.579886898398399 916.50337895751 394.1428913027048 0 399.34597684443 2392.796913206577 35.25061386078596 1229.398595668375 1275.779451489449 28.94619520753622 10.70860631763935 0.8473213538527489 0.16883684694767 0.3519754111766815 0.09100940078496933 0 0 0.332032099366188 0 0 1.252358116209507 0.2685057893395424 0.2167145907878876 0 0.1361787617206573 90.68139081448317 18.31595593690872 52.71010312438011 0.1471046805381775 0.1535483747720718 0.3824382722377777 29.12400916963816 0.6160344779491425 0.3797891139984131 0.1765145659446716 0.5452221184968948 0 0.37971031665802 0.9355208277702332 0.3508375510573387 0.6391067281365395 99.04390146583319 2.126138895750046 0.735215000808239 0.3030586615204811 1.184492453932762 0.1288064420223236 0.5094383805990219 0.3778045177459717 2.278372779488564 1.024489343166351 17.45408517122269 28.38963585346937 15.89615980535746 4.827200025320053 0 8.295622818171978 0.127496600151062 22.05809462070465 2.476227730512619 1.027037598192692 0.9427691474556923 0.5234237834811211 0.1758493781089783 0.1312917917966843 45.57522746920586 5.28501208126545 0 48.56995775550604 51.93236764520407 67.57331124693155 76.33836474269629 12.65455166250467 2.795444019138813 41.38610368221998 0.08639252930879593 7.804204568266869 15.45556019246578 0.08437135815620422 1.027112767100334 1.115429103374481 1.07428877800703 0 0.6386340633034706 0.1529964357614517 0.4262604638934135 0.1093594804406166 0.08090503513813019 0.132665827870369 0 59.19803141802549 5.776515677571297 0.7197124809026718 3.459967449307442 7.494351245462894 1.358921363949776 0 0.9191510677337646 0 2.836102142930031 0 1.146990448236465 1.001006126403809 13.06679345667362 1.230513155460358 0 3.081887438893318 2.081543549895287 5.382135756313801 2.538211733102798 1.924437016248703 2.125082463026047 0.2266945838928223 0.09230714291334152 0 0 0 0 0 0 0 0 0 0 0 0 0 0 0 5.567283652722836 4.777719080448151 0 0 0.1567066460847855 4.096476569771767 0 4.692489251494408 3.172776907682419 0.2667356431484222 0 0 0.2599495053291321 0.4998079463839531 0.1932128518819809 0 0 0.8219937980175018 4.1057498306036 0 0 0 0 0 0 0 0 0.1093855947256088 1.718366168439388 0.9203801155090332 0 0 13.37418827414513 1.656323060393333 0 0 0 0 0.2226113975048065 0 0 0 16.76936490833759 0.4191913157701492 0 0 0 1.382298648357391 0 0 1.340439602732658 0.6017691567540169 2.602413460612297 0.7952609807252884 3.239451035857201 0 0 0 0 0 0 0 0 3.657047018408775 10.69709215313196 9.233718767762184 392.8217992708087 24.81954023241997 393.3269907161593 128.4736320525408 32.00662975013256 89.41625936329365 10.25191633403301 131.8960335925221 12.41119536757469 0.7690210193395615 5.070732444524765 0.31971625238657 3.512930065393448 0.816830150783062 0 3.698884159326553 5.520571120083332 1.067742168903351
1460.1981664747 544.7365109920502 16.62130510807037 1612.269273400307 844.8536781817675 737.3414888232946 2009.371588602662 9.398757070302963 399.34597684443 0 184.2424383163452 1854.311190247536 6749.947583563626 1641.561243206263 12.42235352098942 4.697880819439888 0.5936713069677353 0.1019473522901535 0.2287285998463631 0 0 0 0 0 0 0 0 0 0.2108453363180161 0 46.41436744481325 3.67241445183754 226.5379740893841 0 0.3514241576194763 0.2456440925598145 110.4840111508965 0 0 0.4150638803839684 0 0.1382416039705276 0 0.996279165148735 0.209053710103035 0.6747934445738792 37.41273581236601 0.8883794769644737 0.2432922720909119 0 0.3685927540063858 0 0 0 0.9007627293467522 0.1855281889438629 35.24144980311394 75.56276175379753 14.59354610741138 2.083687536418438 0.1030070781707764 40.00273664295673 0.3886447250843048 12.9648053497076 0.573570653796196 0.2594962790608406 0.2024287655949593 0.6477172896265984 0 0.1581239998340607 316.7626519352198 8.706890240311623 0 55.61989521235228 43.61362148821354 34.94124434888363 28.56552880257368 3.81414956599474 0.3931537866592407 521.7106352746487 0.3859965354204178 1.332756817340851 9.843227431178093 0.1614872366189957 0.4781019240617752 0.8313900083303452 0.4120184555649757 0 0 0 0 0.09119942039251328 0.2180772498250008 0 0 1214.417249955237 10.31626558303833 0 2.517805963754654 192.3675260320306 3.254877269268036 2.886565685272217 6.57923199236393 0 7.781221970915794 1.463096678256989 0 0 83.37150318920612 0.6775338649749756 0.5933138728141785 16.66432870924473 15.22594794631004 21.02223809063435 13.69744664430618 2.563543282449245 4.426151394844055 0.2786552906036377 0 0 0 0 0 0 0 0 0 0 0 0 0 0 0 0.3012980222702026 20.96317610144615 11.3350915312767 0 0 0 6.761859014630318 0.9798306748270988 3.464561522006989 2.032053470611572 0.1629871428012848 0 0 0 0.7906991988420486 0 0.3554136008024216 0.1445533782243729 0.34771478921175 10.73750038444996 0 0.1425516456365585 0 0 0 0 0 0 0 3.390764616429806 0.1573005765676498 0 0 25.43257820606232 8.071472600102425 0 0 0 0 0 0 0 0 44.85627624392509 3.199578955769539 0 0.1711050271987915 0 2.917348816990852 0 1.441242694854736 1.66813263297081 2.062114506959915 5.307927995920181 1.092117011547089 6.786196611821651 0 0 0 0 0 0 0 0 30.6900999546051 19.53052878379822 11.81147001683712 154.4553896337748 8.505068272352219 170.8635772541165 45.66807729005814 133.0472996160388 51.47464998811483 3.171807274222374 58.21448993682861 15.31990392506123 0.9224387109279633 15.90987871587276 0.1967349350452423 15.95348724722862 1.278138861060143 0 3.990469396114349 4.512453719973564 0
215.5237462595105 2214.591041281819 2770.241666406393 56.53942385315895 2140.199440024793 17.63954092562199 567.8127566054463 1877.295718967915 2392.796913206577 184.2424383163452 0 42.56595984101295 1223.334743782878 5016.001566402614 16.68220576643944 9.814611718058586 1.023832365870476 0.4612635970115662 0.08784926682710648 0.1091267466545105 0 0 0.4775884598493576 0 0.9644016921520233 0.3306473642587662 0.9972927868366241 0.3545794412493706 0.4723612889647484 0 355.5039579346776 23.56786025315523 1308.293631628156 0.3768096268177032 0.6784460544586182 2.050882712006569 207.6515022665262 26.41913711279631 1.229795694351196 1.822561338543892 0 0.3032182604074478 0 1.985815413296223 0.1535989344120026 0.3241536542773247 47.83569061011076 1.211477600038052 0.1147030219435692 0.2269494757056236 0.2212787866592407 0 0 0 1.201905384659767 1.416158229112625 12.43654070049524 62.1569399908185 9.944143317639828 2.205385483801365 1.786194622516632 156.7268133610487 0.9262722134590149 19.56261877715588 0.4920025393366814 0.4608814790844917 0.2533900514245033 0.1888968944549561 0 0.3160299956798553 160.0035507902503 12.414206802845 0 34.91107805818319 42.33269058167934 35.16099550575018 40.14277847856283 8.32319388538599 19.72843642532825 766.2930228412151 0.85861736536026 97.46465440094471 6.23560094088316 0.08444002270698547 0.7868997231125832 1.068943172693253 0.1302719265222549 0 0.3955812826752663 0 0 0.1959033459424973 0.2278963178396225 0.4633934497833252 0.4853618592023849 183.661835193634 16.53138606250286 0 6.841866925358772 70.35954289138317 8.619668371975422 0 2.187254548072815 0 5.080758675932884 1.659773424267769 2.180282443761826 0.8416648954153061 7.658994436264038 0.9095348417758942 0.2137795388698578 7.745776236057281 11.04438047111034 18.24621356278658 14.71231961995363 4.445748694241047 10.76716291159391 0.3854828625917435 0.8824227899312973 0 0 0.1503359973430634 0 0 0.259164571762085 0 0 0 0 0 0 0 0 0 25.17428703606129 15.93521863222122 0 0 0 6.984447792172432 0.5235426723957062 12.09157392382622 8.735402956604958 0 0 0 0 1.370559550821781 1.441585794091225 0.4219487756490707 0 3.054287880659103 10.63957861810923 0 0.725746363401413 0.1899135410785675 0 0 0.1157663688063622 0 0 0.212557390332222 1.876639626920223 1.907359883189201 0 0.2245786190032959 38.62212367355824 5.985492065548897 0.2579054534435272 0 0 0 0.3144667148590088 0 0 0 52.23425541073084 5.526155978441238 0 0.1805848628282547 0 1.021303594112396 0.2808543890714645 0.6856155097484589 1.909306883811951 7.317065000534058 8.43621714413166 2.656012937426567 6.219859600067139 0.1045464873313904 0 0 0 0 0.1462398767471313 0 0 20.55831527709961 26.26847639679909 26.44391788542271 151.7978329733014 8.879153192043304 141.2623746097088 50.80122037231922 13.19000372290611 33.74595163017511 2.791126698255539 51.37967019528151 37.13285341858864 1.085647746920586 19.0590805709362 0.7669884786009789 13.90612083673477 6.067226283252239 0 13.56615591049194 0.9739253968000412 0.2310705482959747
458.7680067420006 49.61143609881401 2.372047990560532 910.1736532896757 29.91846153140068 164.2687199413776 260.4978550225496 2.217396646738052 35.25061386078596 1854.311190247536 42.56595984101295 0 2114.514491148293 530.9899584203959 4.576522409915924 2.707990258932114 0 0 0 0 0 0 0.3301343619823456 0 0 0.4054408967494965 0 0 0 0 5.315793015062809 1.060252986848354 150.7438453733921 0 0 0.689177080988884 159.1091409474611 0 0 0 0 0.1381774693727493 0 0 0.2684738337993622 0.2936817705631256 11.94528856873512 0.09969227761030197 0 0 0 0 0.1902294605970383 0 0.2805028557777405 0 7.450091853737831 12.94638984650373 2.781715743243694 0 0 46.29023244976997 0 2.338945783674717 0.0966162234544754 0 0.0868745893239975 0 0 0 163.7812681570649 7.222491189837456 0 12.34974350780249 5.274264432489872 6.118486762046814 8.228438407182693 1.918407164514065 1.239290237426758 426.3049524277449 0 3.06554701924324 2.404283933341503 0 0 0.09200094640254974 0 0 0 0 0.3043077290058136 0 0 0 0 904.1733411848545 8.198679253458977 0 3.082535624504089 16.4234150275588 5.827583983540535 3.188695549964905 2.117979034781456 0 6.16755548119545 0.4982368350028992 4.598534524440765 0.7234701663255692 9.593335345387459 2.747978180646896 0.8472486734390259 9.517050743103027 13.89652954041958 25.26795956492424 9.252512365579605 2.989904150366783 5.805958203971386 0 0.4318222850561142 0 0 0 0 0.6106435358524323 0 0 0 0 0 0 0 0 0 0 19.5744447261095 7.589482083916664 0 0.3190338909626007 0 3.334989249706268 0 5.303854741156101 2.370189756155014 0.348363995552063 0 0.2130908519029617 0 2.03595495223999 0.304373174905777 0 0 0.5743520110845566 8.06934779882431 0.1203503087162971 0.4639738202095032 0 0.1613832414150238 0 0 0.8292009234428406 0 1.017776966094971 2.422877952456474 1.59156209230423 0.2991398572921753 0.157958447933197 19.60301075875759 2.919050924479961 0.1638513505458832 0 0 0 0 0.147802546620369 0 0.3020019829273224 41.37378615140915 1.904142871499062 0 0 0 1.295147746801376 1.524852752685547 0.1895220428705215 0.9015707299113274 3.586770817637444 4.774983830749989 2.633306592702866 6.631615780293941 0 0 0 0 0 0 0 0 33.95156686007977 18.91915886104107 15.68350739777088 62.75864231586456 4.234909914433956 41.74380721896887 14.63673757016659 27.33030818402767 8.42929382622242 1.372242510318756 18.44099658727646 20.22123898565769 0.5005003213882446 14.89093820750713 0 10.79061102867126 4.399094969034195 0 4.723950147628784 8.633744418621063 0
374.0300943553448 316.5984337106347 53.58424346148968 1537.821067862213 596.9032353758812 89.82397077232599 2872.036387726665 44.36541848629713 1229.398595668375 6749.947583563626 1223.334743782878 2114.514491148293 0 1944.092288598418 76.50403670966625 54.46093992888927 5.947593994438648 0.2082361504435539 0.1912892162799835 0.356620766222477 1.267427988350391 0.2350580096244812 0.7736959084868431 0 0.5367716252803802 1.458874933421612 1.085219524800777 0.08432161808013916 0.8927703499794006 0 44.06739588081837 27.97177741676569 184.3435045406222 0.6509653851389885 1.323606260120869 2.281736806035042 223.1038923189044 23.00772947072983 18.73502515256405 13.52905835211277 0.6592372432351112 1.200053848326206 0.4836836308240891 3.362233780324459 0.9081244096159935 0.4592762440443039 109.4034550711513 1.501482702791691 0.2897637709975243 0.09925767779350281 0.712790310382843 0.1230451986193657 1.019962951540947 0.5912166759371758 1.654806241393089 0.8120018094778061 13.0931303948164 19.42708574235439 11.08400055021048 5.242921911180019 5.257283836603165 72.07893968373537 0.3622724860906601 28.70769084990025 0.4578536301851273 0.9230438321828842 0.5872156247496605 0.5918925106525421 0.7220859229564667 0.2183231487870216 263.5451308861375 63.89617060869932 0.6634840741753578 33.49449053406715 30.89347169548273 72.70430918037891 106.5226141512394 30.39667375385761 7.533568635582924 460.0586209893227 1.461467981338501 44.36865536868572 10.81270772218704 0 0.8482050895690918 1.657407812774181 0.4477647617459297 0.1962616145610809 1.33320102840662 0 0.2220531404018402 0.2610517889261246 0.5810684710741043 0.2828516438603401 0.5628721117973328 1375.281040944159 135.2989276796579 3.301685944199562 13.92991631478071 12.2779309079051 8.907319895923138 0.9443954825401306 3.63103199750185 1.361520498991013 10.9290090277791 1.625982791185379 0.2118246406316757 0.4115578383207321 154.8512118011713 4.079204306006432 0.7676987051963806 20.08898211270571 21.81312916427851 28.27438823133707 22.30490261316299 9.594536699354649 24.31875918060541 1.761456996202469 1.511838898062706 0 0 0.1089354306459427 0 0 0.3257392942905426 0 0.1489414125680923 0 0.1257002502679825 0 0 0.2955309599637985 0.8959106504917145 0.2613596320152283 27.38543885946274 22.6252938657999 0 0.871369332075119 0.5288107991218567 20.49805783480406 3.620955213904381 27.86285887658596 16.85260114073753 0.1778731793165207 0.1156787201762199 0 0 4.203546591103077 3.662350527942181 1.473115228116512 0.5744796991348267 2.294167347252369 25.39971931278706 0.1680092960596085 1.896836295723915 0.1263236403465271 0.5531611144542694 0 0.1097333654761314 0.4832636415958405 0 1.78825980424881 5.76822429895401 2.332296431064606 0.6716841608285904 0.834506019949913 76.02582887560129 11.34714587032795 1.201065093278885 0.3559351563453674 0.08638615161180496 0 0.137511670589447 0 0.3548590838909149 0.1040689647197723 107.6165102124214 7.393369667232037 0 0.5462643951177597 0.09002825617790222 4.499759167432785 0.4617206081748009 2.147977560758591 2.301714591681957 8.06037649512291 26.55925606936216 7.076516821980476 22.32388077676296 0.2773922085762024 0 0.2003168761730194 0 0 0.1219493821263313 0 0 41.85904237627983 71.26435735076666 49.17808663845062 336.3250750526786 32.77445384860039 284.4992920979857 121.2195158079267 37.74900198727846 58.9242705181241 13.23630372434855 141.7991932556033 41.21398830413818 1.483721420168877 36.93352062255144 2.206949688494205 15.10451912879944 9.078814156353474 0 19.28318297863007 7.315948940813541 2.551134027540684
136.0519007518888 347.4725809395313 365.2157837972045 361.0998716577888 1005.016714565456 48.5889518558979 879.8232542127371 381.2472440451384 1275.779451489449 1641.561243206263 5016.001566402614 530.9899584203959 1944.092288598418 0 69.86435881257057 35.30711606144905 1.18195053935051 0.6384271830320358 0.0752171128988266 0.3032383024692535 0.375055342912674 0 0.3579372391104698 0.07422914355993271 1.027057006955147 0.70803003013134 0.3961682468652725 0.2819312810897827 0.6300482004880905 0 129.2332482412457 44.47503475099802 2246.35465490073 1.371231839060783 2.276012137532234 4.783549025654793 608.1237430870533 49.55746854841709 2.084280356764793 3.32920777797699 1.305792093276978 0.5779238790273666 0 2.201421521604061 0.2772123664617538 0.6340213492512703 136.0119400918484 1.950119845569134 0 0.3303181529045105 0.8795734271407127 0 1.111962780356407 0 2.02031709253788 1.304934963583946 16.95163071155548 32.4800810739398 9.706473544239998 3.9487164914608 4.578783497214317 311.3101053982973 0.7673643678426743 39.95382876694202 0.4780756607651711 0.7558103129267693 0.9133199378848076 0.9088499918580055 0.1173147708177567 0.3931967616081238 308.824711240828 26.99551635980606 0.1311060935258865 49.29393433779478 57.23385348170996 82.73909345269203 123.2446149289608 32.11993173509836 48.35423672944307 1040.718826822937 1.030871622264385 91.0866089835763 11.47996685653925 0.1168781593441963 1.228700459003448 1.507888406515121 0.8507694005966187 0 0.6653240248560905 0.1105468198657036 0.09536208957433701 0.403130404651165 0.1245679631829262 0.1147922202944756 0.5233730673789978 758.0855334475636 25.67111027985811 0.7341000735759735 10.52989816665649 20.09015601873398 11.20350784808397 1.710683584213257 5.508507788181305 0.9556640461087227 13.7775634303689 0.85850490629673 2.806041181087494 2.42737190425396 66.68332228064537 4.244148522615433 0.4956806749105453 15.39416427910328 20.04839174449444 36.71263224631548 27.09823608398438 10.85666405409575 18.04253183305264 0.8762468993663788 1.130368255078793 0 0.3122698068618774 0 0 0 0.1563764810562134 0 0 0 0 0.1613589972257614 0 0.1840836256742477 0 0 35.68291594833136 24.97995413839817 0 0.6044183745980263 1.285777747631073 20.93241301178932 0.6970443725585938 23.8009962439537 10.24486295133829 1.560141548514366 0 0 0.1061621606349945 4.021825186908245 2.955521002411842 1.241237320005894 0 2.476019270718098 29.37152913212776 0 1.658883512020111 0.6217381358146667 0.7747848257422447 0 0 0.08643236011266708 0 0.9822007715702057 6.491270445287228 1.09119063615799 0 1.51398104429245 62.5413576811552 12.55245710164309 1.137033425271511 0.7016868069767952 0 0.4078863263130188 0.1158262640237808 0 0 0.3338772356510162 120.5418204143643 10.27327513694763 0.2928025722503662 0.2577459812164307 0 3.962827637791634 0.1718202978372574 1.568739771842957 5.093692295253277 8.847161561250687 17.04631623625755 7.089203514158726 19.591842032969 0.09744030982255936 0 0 0 0 0 0 0 55.32516418397427 66.25087850540876 41.9599975720048 457.6543781459332 26.47497161477804 391.2223405689001 148.6975177451968 36.28059276938438 76.0519789904356 10.52891443669796 157.8354619815946 44.42877972126007 0.5742287635803223 34.61975015699863 0.3422372043132782 11.77898789942265 5.921052739024162 0.2673366367816925 21.65401063859463 4.0721325725317 1.039288997650146
