0 6824.087153837085 931.8691827058792 2190.444852694869 648.1633586212993 60.75099340081215 470.2292585894465 55.77597191929817 189.6623256504536 1657.069213308394 228.8486403375864 82.91968673467636 155.69494073838 39.72416988760233 1.492940343916416 0.6685375943779945 0 0 0 0.2075247392058372 0.2657580822706223 0 0.2764425277709961 0 0 0.2323274463415146 0.2871971875429153 0.1410370767116547 0 0 239.2428742498159 6.555025868117809 6.07742828130722 0 0 0.1491386294364929 0.7219574898481369 0.5344986617565155 0.6213134080171585 0 1.999180115759373 0.08374172449111938 0 0.2348049804568291 0 0.1599535048007965 5.962130531668663 1.927354760468006 0 0 0.2709586545825005 0.4439497590065002 0 0.4657876715064049 1.295859105885029 3.42229887843132 265.3461411297321 1236.861297719181 6.812074214220047 4.296446740627289 0.5621421039104462 0.2841758877038956 0 5.638011075556278 1.709164574742317 0.8547277301549911 0.272502675652504 0.6994052603840828 0.6398888602852821 1.252774886786938 31.36202581226826 32.03893965482712 0 78.44631520658731 24.14608528465033 8.000942528247833 3.363620355725288 0.9420704171061516 0.1347086876630783 5.498741209506989 0.3264267444610596 1.09662252664566 2.856413580477238 0.2928136587142944 0.7092070505023003 0.1681453585624695 0.3245896548032761 0.3033298254013062 0.4332782328128815 0.2817985415458679 0.7945691123604774 1.14431095123291 0.186515212059021 0 0.7917278036475182 251.606288716197 3.232843637466431 2.755717396736145 8.616836667060852 2074.415682822466 0 1.702165603637695 0.3815475702285767 0 0 0.5079809725284576 0 0 1.785197764635086 0.6785683631896973 0.2453008741140366 1.967198103666306 2.097073704004288 3.437036603689194 0 0 0 0 0 0 0 0 0 0 0 0 0 0 0 0 0 0 0 0 0.1783827990293503 0 0 0 0 0.4684200808405876 0.2647083103656769 0 0.2056270986795425 0.2929918766021729 0 0 0 0 0.6182554811239243 0 0.1350726187229156 0 0.2018653005361557 0 0 0 0 0 0 0 0 0 0 0 0 0 0 0 0 0 0 0 0 0 0 0 1.433620125055313 0 0 0 0 0 0 0 0 0 0 0.1517466455698013 0 0 0 0 0 0 0 0 0 1.994944632053375 0 0.3411749601364136 92.49654992669821 3.212521560490131 42.52777598798275 16.85815251618624 674.9930316060781 14.82819250971079 2.235467679798603 3.468631871044636 1.238971322774887 0 0.3387512192130089 0.09404928982257843 9.498625636100769 0 0 0.4621042907238007 0.1778736710548401 0
6824.087153837085 0 1340.152556121349 788.802464440465 3537.025460556149 166.126581646502 1607.435905255377 486.2266412302852 3135.548643566668 729.429011695087 2253.47950963676 15.50871597230434 291.526938021183 418.5630881711841 53.88738546520472 10.58716724067926 0.5457579120993614 0.4180355072021484 0.680531233549118 1.493767663836479 4.591279655694962 0 0.4794811755418777 0.3047446310520172 0.8555143177509308 0.9514849260449409 0.1864432394504547 2.028563693165779 0.6481358110904694 0 2470.619784042239 47.32252315431833 3.606882221996784 0.627378985285759 0.3557907491922379 2.805334873497486 3.347557172179222 1.858233846724033 2.791984207928181 1.48452615737915 11.57674758136272 0.5941762328147888 1.064260199666023 4.004183247685432 0.0913524404168129 0.2640444487333298 182.1786169707775 29.10661713033915 1.548090867698193 1.579071864485741 8.17337654531002 0.1411423087120056 0 0.9730533137917519 6.874921329319477 29.15834215283394 154.2268011197448 1902.826379299164 19.94375599175692 45.34487630426884 3.12824372947216 2.445926859974861 2.530758157372475 370.1310945823789 35.24800944328308 19.17570798844099 9.119893312454224 6.452985636889935 3.615975871682167 14.68598698079586 7.186113119125366 0.4714471697807312 0 323.6469109430909 306.1697112843394 234.3071673065424 142.2312575429678 13.80803699791431 5.708697997033596 46.51676050573587 3.326124474406242 9.307905435562134 38.2106081917882 2.3650768622756 12.68704119324684 8.391995377838612 6.347044549882412 0 1.448894001543522 0.1976979002356529 2.297710835933685 0.9743661880493164 3.624437220394611 0.8997194692492485 0.4995228797197342 15.03767047822475 0.9938868954777718 0 1.915424183011055 1990.55321829021 0 0 0.3766932189464569 0 0 13.89928052574396 0 0.2912860810756683 5.885898053646088 2.807682543992996 0.8940714299678802 7.289041876792908 8.522296994924545 8.326945230364799 2.226562455296516 0.2466110289096832 0.5868029221892357 0 0 0 0 0.2311280518770218 0.5234442353248596 0.2176554501056671 0.1970305591821671 0.1896278709173203 0 0.2361141890287399 0 0.18832166492939 0.3139625787734985 0.5682370662689209 0 0 0 0.610221341252327 0 0 0 1.475789755582809 1.077865913510323 1.098552875220776 1.64184857159853 0.4049738347530365 0 0 0 0.4077114313840866 0.4728651940822601 0 0 0 0.1214820966124535 0 0 0 0 0.1340055614709854 0.09073389321565628 0 0 0 0 0 0 0 0.9257625192403793 0 0 0 0 0 0 0 0 0.2522795647382736 4.585450291633606 0 0 0 0 1.33904816955328 0.3174515515565872 0 0 0 0.3172400295734406 0 0.6147466897964478 0 0 0 0 0.1958611905574799 0 0 0 2.734029337763786 1.079522408545017 2.294475719332695 560.8701164275408 48.68852643668652 513.5535722821951 170.6254724785686 922.0853047296405 82.76772285997868 33.61112204194069 95.7463703006506 5.767439350485802 0.3486841320991516 3.768156483769417 3.441619299352169 7.911656737327576 0 0.7342926636338234 0.5956750214099884 5.591111324727535 1.585901901125908
931.8691827058792 1340.152556121349 0 42.67144318670034 729.4515473172069 16.28230655193329 127.6105030551553 1983.730548359454 424.9331611245871 80.53143341094255 3879.808449015021 31.20038747787476 121.4977549612522 137.6493168324232 39.87708275020123 19.74723587930202 8.787219293415546 35.51109781116247 24.71687537431717 110.5937059223652 39.8941648453474 0.5289549827575684 2.151194050908089 0.954207569360733 1.847294136881828 3.071853175759315 0.9659600406885147 6.658489726483822 0.4326318949460983 0.2832843586802483 5357.853975392878 731.3805122300982 93.31571048498154 2.830644384026527 2.478616438806057 3.413097821176052 61.62259285151958 15.19367480278015 16.35783303529024 2.661307394504547 58.78740844875574 7.43947871029377 77.81727955490351 13.68711740523577 13.81018736958504 8.096531189978123 96.05455577373505 18.89736666530371 7.79838240891695 72.75220060348511 10.80228150635958 1.611144229769707 0.1083374843001366 5.847231179475784 2.888601809740067 20.42608079314232 80.39087373018265 2780.719171918929 15.07604124397039 30.684669688344 74.9839628636837 66.92502236366272 6.162614762783051 1528.111813694239 20.48440935462713 12.43991513177752 10.39485470950603 38.62051099538803 99.01616227626801 272.488298587501 98.66317819058895 9.50068660825491 0 261.0727768987417 535.8576728701591 149.5727249383926 164.1330880895257 33.86690774559975 207.3924848213792 516.5271157920361 140.1196074187756 372.4855297133327 23.24358432739973 0.6245962977409363 8.732494570314884 4.72545026242733 29.20322398096323 0 0.5798583254218102 0.6700063720345497 1.329578444361687 1.505259357392788 12.43804379552603 0.992267906665802 4.133214890956879 26.22087900340557 3.452842183411121 0 16.33931314945221 1047.827039539814 0.6366791278123856 0 0 0 1.486378535628319 1.597341477870941 0 0.3295257389545441 0.7477327138185501 0.2132508456707001 1.202842891216278 3.009557113051414 9.742233753204346 9.94335775077343 7.599538549780846 0.8369264602661133 0.1397439688444138 0 0.1047753021121025 0 0 0 0 0.1353668123483658 0 0.3872490525245667 0 0.7040756866335869 0.607632040977478 0 0.4118558764457703 0 0 0.2033772021532059 3.721400544047356 0.9461261034011841 0 0.1154073029756546 0.1266505420207977 10.03489287942648 1.555375821888447 14.29271075129509 4.532007090747356 0.7519368007779121 0.3231089264154434 0.3045868575572968 0 0 2.581937663257122 1.532832965254784 0 0 0.5291851758956909 0 0 0 0 0.5181520283222198 0 0.3796639740467072 0 0 1.135080501437187 0 0 0 8.297638654708862 2.091757640242577 0 0 0 0 0.09255371987819672 0 0 0.7777297496795654 17.31167130172253 1.441923856735229 0 0 0.0991765558719635 0.5744242668151855 0.8730891793966293 0.6510404944419861 0.8644989058375359 1.137660257518291 1.560781374573708 0.1210093647241592 1.066512942314148 0.8010957986116409 0 0 0 0.3196663483977318 0.6429994702339172 0 0 1.881859228014946 3.813782416284084 14.28987611085176 226.9979917183518 58.52945449948311 256.7909935265779 87.42020218074322 256.4465149268508 43.09419463574886 18.91918700933456 40.92744343727827 7.692123651504517 0.3360325694084167 6.037500493228436 3.667831726372242 4.427757799625397 0 0 0.4418330416083336 4.437450125813484 0.3554989472031593
2190.444852694869 788.802464440465 42.67144318670034 0 53.36626083403826 350.953156799078 1765.731802754104 1.839455880224705 30.62125820666552 2698.757733017206 4.04154159873724 266.9053827524185 1488.085906088352 38.83184908330441 7.431403547525406 0.4932562783360481 0.1199538186192513 0.2170730009675026 0.09836383163928986 0 0 0 0 0.09899631142616272 0.1026656925678253 0 0 0.2309852540493011 0 0 58.33853432536125 4.148863010108471 2.852162390947342 0 0 0.3044461309909821 0.8092667981982231 0.1478976160287857 1.108522243797779 0.3609947562217712 0.2097612619400024 0.1302008032798767 0.1013527810573578 0.09328422695398331 0 0 33.32183868438005 5.022905014455318 0 0.1262186467647552 1.974102146923542 0 0 0.2380750998854637 1.219244122505188 8.726865530014038 56.31404799968004 407.0104818120599 3.932114765048027 8.615741148591042 0.6726737767457962 0.7770959585905075 0 47.14347907155752 6.846873670816422 3.537527956068516 1.411782793700695 1.099449336528778 0 0.653741791844368 4.254707299172878 0.4071635901927948 0 90.35896188765764 62.15573371201754 41.33691240847111 17.09583221375942 0.6893998458981514 0.2253756523132324 1.354309864342213 0.6023443788290024 2.49818678945303 10.71961744874716 0.09153935313224792 2.601445853710175 1.315444126725197 2.338285900652409 0 0 0.09478501975536346 0.0937051847577095 0.2943589985370636 0 0 0.1462022066116333 49.18866254389286 0 0 1.376811370253563 351.4851651936769 0 0.5194101929664612 0 1.59110301733017 0 17.32298482954502 0.4302604496479034 0 11.5100379884243 2.564521417021751 0.6010966897010803 6.128218784928322 7.096582859754562 6.28628870844841 1.86322608590126 0 0.4862127006053925 0 0 0 0 0 0 0 0 0 0 0.1573376357555389 0 0 0 0 0 0 0 0.3894565999507904 0 0 0 0.3273147642612457 0.1391655951738358 2.130480200052261 0.2834353744983673 0.1729331910610199 0 0 0 0 0.7134074568748474 0.6933390498161316 0 0.2067878246307373 0 0 0 0 0 0 0 0 0 0 0 0 0 0 2.335069537162781 0 0 0 0 0 0 0.1648450195789337 0 0 8.546051129698753 0 0 0 0 0.4355283081531525 0.4119085669517517 0 0.2513547539710999 0 0 0 1.361508846282959 0.1145878881216049 0 0 0 0 0 0 0 1.747612446546555 0 1.121643014252186 236.0486403331161 9.905615903437138 127.0807662606239 42.04937973618507 746.7787998318672 21.61733601987362 6.710799597203732 20.65133345872164 6.634994760155678 0 0.5671384185552597 1.096506118774414 10.75584536790848 0 0.2049693688750267 0 0.5596466660499573 0
648.1633586212993 3537.025460556149 729.4515473172069 53.36626083403826 0 32.79585921764374 956.0696556568146 282.0684460699558 12400.70190361142 239.4366882145405 2158.183557838202 95.47344433516264 638.3925178050995 795.386668048799 117.5900964066386 22.50373643636703 0.927459143102169 1.078533433377743 0.6914714574813843 3.524843834340572 4.581933587789536 0.1740213334560394 0.9476488381624222 0.6103563755750656 1.161171406507492 3.754403576254845 0.1144774034619331 2.194159835577011 2.13368584215641 0.3163787424564362 283.9658918231726 53.70379670709372 42.65841545164585 0.499289371073246 0.2422397211194038 2.600390456616879 5.505418941378593 3.015866167843342 6.121601022779942 0.8567575514316559 10.18044178187847 2.732251420617104 2.687586404383183 4.503016903996468 0.4840685650706291 1.078805848956108 251.8170016333461 25.30219044536352 0.8528560101985931 1.749415181577206 9.665010385215282 0.2506616115570068 0.2941694259643555 2.135433383285999 4.25562509894371 19.05105378478765 30.8311046436429 326.626673437655 10.15343049913645 37.29923720657825 4.007927402853966 10.80448091775179 3.738862708210945 292.8163828775287 27.0150927528739 15.67573413997889 8.664158638566732 8.074045993387699 4.87982789427042 21.17007831484079 45.78834024071693 1.431714199483395 0 125.5535501912236 177.3609855547547 335.4349210113287 210.7255968376994 30.84769569337368 6.76365938782692 57.02228295058012 5.589700974524021 16.47513756901026 26.5932154878974 1.755251333117485 10.54102367907763 7.135473150759935 6.211899653077126 0 1.490281440317631 0.5028880834579468 4.29656607657671 1.111612096428871 2.010735258460045 1.046391144394875 2.200835436582565 138.4466910436749 0.1506093889474869 0 2.940224602818489 125.7821172848344 0 0.5306840538978577 1.074102371931076 4.171670734882355 2.308437630534172 10.28329206258059 3.917116597294807 5.2045618891716 7.2923673838377 25.48528842628002 6.345982298254967 46.02212826907635 72.46160118281841 59.00000628829002 13.53869539499283 0.3516410291194916 1.105377182364464 0 0 0 0 0 0 0 0 0 0 0.1695161759853363 0 0.1593641638755798 0 0 1.091821670532227 0 0.7750385403633118 4.455187365412712 0.5045254826545715 0 0.6070929914712906 7.730525948107243 1.180416598916054 13.11018822342157 1.97560565918684 0.8271973133087158 0 0 0 0.1688578128814697 0.799587219953537 0 0 0 0.9191170036792755 0 0 0 0.1101196855306625 0.2311514019966125 0 0 0 1.031589835882187 2.254564210772514 0.4050471037626266 0.342333972454071 0 12.85876625776291 0.5656478404998779 0 0 0 0 0 0 0 0 66.34786020964384 0.6257692277431488 0 0.2454279512166977 0.3276394009590149 3.523924142122269 0.3205695152282715 0.7686867266893387 2.144862696528435 1.136311613023281 0.139482855796814 0 0.4405361488461494 0.1433511078357697 0 0 0 0 0 0.1916663944721222 0 26.37728579342365 2.394828021526337 9.43193644285202 673.7249870449305 75.84928334504366 477.0854450985789 191.5421506538987 197.6763808205724 62.4418558254838 33.71082653105259 134.409427061677 12.69409496337175 0.4268532916903496 8.491489715874195 5.253932140767574 32.9379198551178 1.313032940030098 0.6495364382863045 0.573170579969883 13.38544004410505 0.8969187065958977
60.75099340081215 166.126581646502 16.28230655193329 350.953156799078 32.79585921764374 0 121.8514484912157 1.052294969558716 31.01293259859085 846.7372997999191 4.678280159831047 222.218260705471 270.3357324451208 40.00338296592236 0.1397413164377213 0.1417865753173828 0 0 0 0 0 2.164809972047806 0 0 0 0 0 0 0 0 2.681300431489944 0.2881345152854919 12.97667174041271 0 0 0 1.376185938715935 0 0.5765343308448792 0 0 0 0 0 0 0 0.5232174023985863 0 0 0 0.6264204531908035 14.74987132847309 0 0.8937034755945206 0 0 71.48798197507858 17.18774715065956 2.291624024510384 0.1208343505859375 0 8.453620195388794 0 0 0.1825141608715057 0 0 0 0.3788095116615295 0.2091152518987656 123.8725634217262 239.7891032993793 1.77002826333046 1.84414741396904 0.3723163902759552 0 0 0.1325484067201614 0 11.01680582761765 0 1.943857207894325 0 1.686617076396942 0 0.3267084360122681 0 2.061589434742928 1.244839519262314 9.370718896389008 0.7928374409675598 4.440806359052658 0 0.8302905112504959 1.328689098358154 300.2262300550938 31.90325450897217 15.08450943231583 25.18920846283436 487.9960958957672 0 0 0 0.4118666648864746 0 0.572905421257019 0 0 0 0 0.5435275435447693 0 0 0 0.3676762282848358 0 0 0 0 0 0 0 0 0 0 0.2377051264047623 0 0 0 0.2014901489019394 0 0.6972637921571732 1.034452706575394 0 0 0 0.192292645573616 0 0 0.7640710324048996 0 0.8298641443252563 1.258147463202477 0 0 0 0 0 0 0 0 0 0.5646207332611084 0 0 0 0.1472510993480682 0 0 0 0 0 0 0 0 0 0 0 0 0 0 0 0 0 0 0 0.37247234582901 2.064667999744415 0 0 0.429753452539444 0 0 0 0 0 0 0 0 0 0 0 0 0 0.1742507219314575 0 0 0.1948942691087723 0.3439036905765533 2.346553683280945 0.6595230996608734 0.5329500138759613 0.5061325803399086 0.1111395731568336 135.6644418388605 0.2862477600574493 0 0 0.5166704207658768 0 0.3627489656209946 0 0 0 0 0 0 0
470.2292585894465 1607.435905255377 127.6105030551553 1765.731802754104 956.0696556568146 121.8514484912157 0 17.20792818069458 2145.75265391171 3182.622755810618 32.64061643928289 260.8062156066298 5816.631953142583 460.5109369456768 102.1110301911831 21.37002278119326 0.4018164202570915 0.3524871245026588 0 3.593189425766468 1.814800277352333 0 0.1192482113838196 0.3140508979558945 0.4390589222311974 2.296666949987411 0.1718633025884628 2.884930767118931 1.698459424078465 0.6575554609298706 134.127928622067 52.97961051017046 28.55233813822269 0.265514001250267 0.09909343719482422 2.644787684082985 8.363039560616016 2.649460755288601 5.148730799555779 1.991042830049992 3.786376014351845 0.7510104551911354 2.114343866705894 4.442333973944187 0 0.3337700590491295 261.6870768591762 26.650749348104 0.4365298673510551 1.533848881721497 9.957822434604168 0 0 2.180097207427025 5.59273137152195 22.69741902500391 47.50430973619223 384.8901328146458 12.81776066124439 43.48646242916584 3.790122739970684 8.528426013886929 3.27383304387331 289.8982166647911 25.37071634829044 17.00680943205953 10.9034528657794 5.130199484527111 4.809887275099754 15.44794574379921 58.08103103935719 0.2131766080856323 0 163.3757422715425 198.1112918779254 317.7943318486214 192.5189615115523 22.23011150956154 5.15888998657465 54.86206971853971 5.186243571341038 20.33447871357203 30.2028888836503 0.9819634482264519 11.79725652188063 6.784531213343143 6.769022516906261 0 1.228864051401615 0.4766019657254219 3.22230739146471 2.957726635038853 1.242079794406891 0.8141632899641991 2.230557478964329 348.1630683466792 0.5738129913806915 0 5.092650316655636 141.8374495580792 0.5954554826021194 1.548173859715462 7.962682589888573 6.514862045645714 7.126484632492065 26.23155219107866 5.399822011590004 8.23047162592411 26.10593077540398 40.8649842441082 8.243412211537361 82.91893319785595 132.6905703321099 109.0307172387838 22.77739304304123 0.1302077174186707 0.7566196173429489 0 0 0 0 0 0 0.1951884776353836 0.6824423670768738 0.1606685817241669 0 0.2301455736160278 0 0 0 0.609627902507782 0 0 2.19055287539959 7.824623003602028 0 0 0 13.58510242402554 0.8122446089982986 17.95859634876251 2.617946736514568 1.522866688668728 0 0 0 0 2.077360145747662 0.3979451283812523 0 1.48529052734375 3.651682615280151 0 0 0 0.3564471751451492 0 0 0 0 0.9015427231788635 3.065014183521271 0 0 0.4840736985206604 24.31557179987431 2.22179189324379 0.4562899321317673 0 0.1358885020017624 0 0 0 0 0.1671891510486603 92.27647892385721 2.353537619113922 0 0 0.1348211467266083 8.203291982412338 0.4411871731281281 1.131822854280472 1.534944750368595 1.144701555371284 1.838422991335392 0.1850337088108063 0.7400771230459213 0 0 0 0 0 0.1075379550457001 0 0 37.30945734679699 4.423878699541092 12.22528447210789 814.7215666100383 72.89879562705755 542.110214613378 189.7605704665184 510.5668127983809 76.67604046314955 32.1748605966568 150.2753617987037 24.20396556705236 0.4491951167583466 10.25217722356319 5.94999086856842 82.48995499312878 0.4389776363968849 0.3635440990328789 1.408364534378052 16.79249241948128 2.196640610694885
55.77597191929817 486.2266412302852 1983.730548359454 1.839455880224705 282.0684460699558 1.052294969558716 17.20792818069458 0 384.6019761189818 1.474877908825874 3032.525687925518 4.287632688879967 28.12842244654894 79.58574464917183 154.014913789928 79.47217103093863 7.453200422227383 68.07608588039875 51.21175202727318 331.7626938596368 168.2108425274491 0.1971117109060287 12.10163556039333 6.111660502851009 2.90550109744072 11.1812873929739 3.747224144637585 7.427856549620628 1.54273883998394 0.1065276488661766 481.1053060442209 2855.54054659605 11.66855445504189 11.5290651768446 6.553424850106239 2.322903834283352 10.75441386550665 3.920377686619759 5.351553410291672 2.276667773723602 193.03248360008 7.467107683420181 120.7996681109071 25.12190338969231 58.16286392509937 18.51228595525026 261.1969802603126 13.98092017322779 11.17453438043594 79.77451545745134 16.88201408088207 0.3684189319610596 0 6.100397631525993 2.16943034529686 10.73644082248211 14.0173367857933 220.6430533826351 5.744384117424488 23.1977749094367 169.8892422318459 23.53774562478065 21.40071345120668 507.7545085772872 12.53034549951553 8.908401757478714 12.34230958670378 52.10799754410982 134.1453395262361 705.4634194895625 6.781735055148602 0.2349411323666573 0.2820733040571213 73.43329887092113 159.0730236023664 344.066724345088 322.8610742017627 171.0089710503817 2335.49423994869 2048.899273186922 613.4803336709738 1892.470771424472 15.00503148138523 0.7023822665214539 4.536447055637836 2.500255681574345 27.71114165335894 0 0.6356251090764999 0.09963933378458023 2.519454948604107 0.9069653302431107 28.8178757801652 1.529692061245441 4.600736141204834 0.4215516075491905 0.4991480708122253 0 4.176937952637672 42.79944844543934 0 0 0 0 0 0 0 0.1300085932016373 0.3763782531023026 0.1995397210121155 0 1.427965819835663 3.890213221311569 2.275486290454865 0.3788074180483818 0.2413155734539032 0.7536897212266922 0 0.183386504650116 0 0 0 0 0.5174805670976639 0 0.8626305460929871 0 0.2407079264521599 0 0.1246695816516876 0.5405283868312836 0 0 0.1583713889122009 0.5133297443389893 0.3200372010469437 0.2762567102909088 0 0.2582236975431442 1.460441410541534 0.7144471406936646 1.724002033472061 2.129166051745415 1.474127389490604 0.4616574943065643 0.4907625466585159 0 0.5597438365221024 0.1498327255249023 0.5239432603120804 0.1366645097732544 0 0 0 0 0.2250272631645203 0.2141890972852707 1.504426091909409 0 0 0 0 0.4695445001125336 0 0.1231786087155342 0 1.047090142965317 0 0 0 0 0 0 0 0 2.118988141417503 2.39703232049942 1.285672783851624 0 0 0.8746605888009071 0.5425077676773071 0.1413156688213348 0 0.5370113253593445 0.5727511793375015 0 0 0.1083928495645523 0 0 0 0 0.1756184101104736 0 0.322969451546669 0 0.4856672286987305 0.5331343859434128 2.009940974414349 554.561099357903 70.8849096223712 414.6393365636468 124.7496222704649 51.8580197840929 33.55467312037945 14.68090455979109 126.4560041427612 4.251993268728256 0.319336473941803 2.497398234903812 2.182367868721485 0 0.3945802450180054 0.1299838721752167 0.2538989186286926 8.493443705141544 1.184790477156639
189.6623256504536 3135.548643566668 424.9331611245871 30.62125820666552 12400.70190361142 31.01293259859085 2145.75265391171 384.6019761189818 0 252.9443531259894 1870.428707070649 178.8985379487276 2187.726454205811 2176.969786897302 148.2128572240472 105.0245019942522 2.192602284252644 6.034296825528145 1.575568147003651 23.38079873472452 24.84209276735783 0.1414975076913834 4.048142984509468 2.211623519659042 1.153646990656853 14.29293724894524 6.843371413648129 18.67462106049061 3.655662588775158 0.6979942470788956 119.415548928082 151.8028617724776 492.3934100046754 0.8995940163731575 1.852667115628719 1.964620813727379 13.94636114686728 3.227886289358139 6.449897825717926 3.858312822878361 115.0094287022948 8.935245893895626 12.73973812162876 26.53724998235703 2.579304523766041 1.401889279484749 256.7754231914878 15.67671859264374 5.266558527946472 10.02651345729828 13.59880249947309 0.7083507105708122 0.9012732058763504 5.557851478457451 2.79757958650589 11.02205647528172 22.50393884629011 145.0524183511734 5.454999171197414 22.04428996145725 9.006734393537045 11.12215882539749 3.976322382688522 209.9968838915229 14.49701359495521 11.07108273357153 7.319325655698776 10.59604652225971 20.74972911924124 145.8774007260799 86.94878349453211 2.199712194502354 0 61.86999146640301 100.6969439461827 299.2623363360763 221.6379533112049 131.4142552390695 36.39087216556072 193.3694489374757 15.06451696902514 43.36822695285082 12.42046693712473 0.8453512117266655 6.490653045475483 4.391503095626831 6.268044799566269 0 1.339266464114189 0.09642332792282104 2.690891720354557 2.620066404342651 19.61059295386076 1.666121609508991 3.753593765199184 279.8863876834512 1.613602168858051 0.1426720917224884 4.180021993815899 59.05927446484566 1.190195150673389 3.465462550520897 5.973579689860344 3.914534643292427 8.029905319213867 23.20188097655773 5.310395270586014 10.94739861786366 13.85136730968952 41.48128007352352 7.411054268479347 83.39888329803944 147.4546557143331 114.3321995735168 28.97400184720755 1.1092713996768 2.16756284981966 0 0.6586410850286484 0 0 0.5739572793245316 0 0.1939105242490768 0 1.171638503670692 0 0.6702116057276726 0.1036817207932472 0.1308858245611191 0.3072666823863983 0.3582065626978874 0.25140031427145 0.7021946609020233 3.812141254544258 7.087932050228119 0.385654591023922 0 0.4368328750133514 12.34412157535553 2.714205078780651 18.48664285987616 4.820437602698803 1.502121150493622 1.04870793223381 0.3011972308158875 0 0.7582136318087578 1.747552052140236 1.961975149810314 0.7994649559259415 0.5859711319208145 2.269757829606533 0 0 0.6595418825745583 0.8260737136006355 2.553906425833702 0 0.1196247413754463 0.1683099269866943 0.5217582136392593 2.622171811759472 0.2039586305618286 0.1002455726265907 0 23.99716266989708 0.8057731688022614 0 0 0.09156976640224457 0 0.3680262863636017 0 0.2383769750595093 1.712518006563187 123.039365939796 1.142774380743504 0.285816878080368 0 0.1131661236286163 8.55545049905777 1.51306477189064 0.9728349596261978 2.673109598457813 1.545261017978191 0.947722926735878 0 1.139436721801758 0.2399562373757362 0 0 0 0.4403111338615417 0.1984245777130127 0.1539146304130554 0 50.39671745896339 6.226793594658375 13.68197054415941 820.1209698095918 78.38020370900631 462.8407052159309 181.6463981568813 95.92978186905384 50.09132913500071 22.73361936956644 166.716085575521 23.64558789879084 1.28361801803112 9.956256799399853 4.641246184706688 54.24242819845676 0.8681278377771378 0.8134668171405792 1.469175815582275 16.88382118195295 2.866316296160221
1657.069213308394 729.429011695087 80.53143341094255 2698.757733017206 239.4366882145405 846.7372997999191 3182.622755810618 1.474877908825874 252.9443531259894 0 12.50343539565802 1873.749255113304 9808.160662330687 461.9831226170063 5.818575538694859 1.815372556447983 0 0 0.1226281225681305 0.3552570790052414 0.6116479486227036 0 0.1229693666100502 0 0 0.1266231834888458 0 0.2103402316570282 0.149524450302124 0 26.81261815130711 7.834989637136459 30.30300733447075 0 0 0.315666988492012 0.4321241602301598 0.4637800753116608 0.6737096235156059 0 0.4217396378517151 0 0.09104344993829727 0.2590307891368866 0 0.09900359064340591 30.83390411734581 3.737614348530769 0.175747811794281 0.5057751089334488 0.776937298476696 0 0.2065979093313217 0 1.080391198396683 5.198907323181629 46.90572618693113 249.9261465519667 3.754492394626141 6.591198109090328 0.7700356170535088 3.416410744190216 0.2183420211076736 32.58497068285942 5.296584583818913 2.009937040507793 0.9977181330323219 0.9886520653963089 0.2866380587220192 0.776126965880394 98.15260065346956 0.08558802306652069 0 51.0215864405036 33.1779026389122 27.4087917432189 14.79049195349216 1.887775905430317 0.2450475916266441 25.71202322840691 0.2200057730078697 5.763191089034081 4.189907670021057 0.1634043380618095 1.846866331994534 0.8514269441366196 0.803053691983223 0.2109425961971283 0.391506589949131 0 0.5719413980841637 0.1408572196960449 0.7176906764507294 0 0.4142825901508331 1011.113599434495 0.1133223101496696 0 0.5980263352394104 643.0292219147086 0.533032551407814 6.364189490675926 8.180523037910461 31.43448446691036 4.065039932727814 38.42780274152756 9.942405715584755 9.902706950902939 39.65074457228184 57.93587616086006 12.79191996157169 101.5594668239355 124.511257275939 106.6946566551924 19.67949886620045 0.8754209876060486 1.048236086964607 0 0.1423346549272537 0 0 0 0 0 0 0 0 0 0 0 0.175616130232811 0 0 0 0.9551056772470474 7.050081580877304 0 0 0 9.240238130092621 0.2787462174892426 9.148618839681149 1.346720695495605 0.1802155077457428 0 0 0 0 1.193446934223175 0 0 0.2760284692049026 1.408589400351048 0 0 0 0 0.6775044500827789 0 0.3234679698944092 0 0.2661363780498505 1.12101985514164 0.2189728617668152 0 0 11.68519446253777 1.80910237133503 0 0 0 0 0 0 0 0 72.30185516178608 0.5242566466331482 0 0 0.2418104112148285 5.070562452077866 0 1.379372596740723 2.391247428953648 0.3562904745340347 0.6367110684514046 0.5351327359676361 1.539478272199631 0 0 0 0 0 0 0 0 31.00493244826794 3.693581208586693 7.186557479202747 606.9380904212594 10.09385030716658 94.44721534848213 27.18666287511587 1365.568315647542 19.36662628501654 4.993137672543526 28.16028489172459 23.9009395763278 0.5228910893201828 6.263645485043526 0.8989481031894684 164.9351682960987 0.1562891006469727 0 0.3943989872932434 0.8942756056785583 0.2029984444379807
228.8486403375864 2253.47950963676 3879.808449015021 4.04154159873724 2158.183557838202 4.678280159831047 32.64061643928289 3032.525687925518 1870.428707070649 12.50343539565802 0 68.88325686752796 694.8792878314853 998.7512443885207 193.4504103586078 203.9941612482071 8.611980527639389 31.88763399422169 11.41948657482862 136.2766759768128 169.3377715423703 0 28.06375068426132 14.97384397685528 8.136302523314953 77.62459079921246 35.53093961626291 69.28153203427792 2.971044957637787 1.716186545789242 453.3417137861252 710.7948033064604 570.3425642177463 6.337877258658409 21.47148554027081 10.21275740861893 58.32299485057592 9.047763466835022 12.03482042998075 4.029583849012852 518.0459179952741 22.69829785823822 61.33166120201349 53.31061604619026 15.59960713237524 5.436593778431416 302.1614717543125 15.57021872699261 11.07112648338079 35.74605257064104 31.01757547259331 0.5174980163574219 0.7626967579126358 10.51713599264622 2.864266075193882 13.32040498405695 22.94010960310698 320.0052972659469 6.974237516522408 27.31487111002207 25.61371287703514 29.25627131015062 17.15651328861713 426.9956346154213 17.09083384275436 13.05428779125214 10.15964636951685 26.92045722156763 62.09498964995146 638.8545998558402 83.23900429904461 5.763187475502491 0 100.5422129333019 181.9416538327932 349.3045520931482 321.573348492384 251.8410738036036 679.526495449245 2659.074494794011 75.43237647414207 332.3426775336266 17.41795439273119 1.44608711451292 6.353198662400246 4.550467390567064 13.91053566336632 0 1.008578568696976 0.166301541030407 1.835407935082912 3.273799315094948 70.83946618437767 7.487148828804493 5.120613224804401 56.25126458704472 3.769501812756062 0.4542361795902252 10.38942481577396 107.0571460425854 0 0.3394455015659332 0 1.418367996811867 3.948306754231453 5.375561356544495 2.145981416106224 2.29360543936491 1.658339247107506 12.78273156285286 3.837716847658157 23.8235469609499 53.12657402455807 39.94812685996294 12.0008322969079 0.9083933159708977 1.870879240334034 0 2.156233556568623 0 0 0.6586247086524963 0 1.004229098558426 0.4251531735062599 5.452474623918533 0.1279194205999374 0.7930139228701591 0.2721736878156662 0.8774872720241547 2.566853798925877 1.219175778329372 0.3738924115896225 0.1438844352960587 3.573685020208359 6.905036062002182 0.3484995067119598 0.1580113470554352 1.256350807845592 11.34046034514904 5.352840751409531 17.15777193009853 8.432702235877514 5.510056510567665 5.147937208414078 3.743855074048042 0 1.558914914727211 1.933784283697605 3.585708566009998 2.731763899326324 0 1.89475779235363 0 0.3947092294692993 1.446329094469547 1.721963703632355 8.685709327459335 0 0 0.1077407598495483 0.09588573127985001 1.660805150866508 0 0.9310488030314445 0.1378942430019379 13.95349333435297 1.505283273756504 0.473092719912529 0.08512486517429352 0 0 0.3308428227901459 0.1770490854978561 0.1326748579740524 5.197573855519295 54.37179304659367 2.145413108170033 0.2709895968437195 0.4920112490653992 1.715205684304237 3.452771931886673 0.3413370847702026 0.5033000558614731 2.444579944014549 1.073001310229301 0.6990971565246582 0.2890159636735916 2.407754823565483 0.182983785867691 0 0 0 0.1928031742572784 0.5339699164032936 1.12446317076683 0.4682503640651703 23.49952872097492 6.335658170282841 16.06357053667307 959.3951172381639 101.930653937161 615.7207082435489 193.576319463551 99.04023134708405 56.70151035487652 22.37912306934595 194.502423658967 12.4562910720706 0.823834590613842 5.418832994997501 3.867088347673416 12.80637535452843 0.6092013865709305 0.6916095688939095 2.310408920049667 19.55714769661427 1.57859680056572
82.91968673467636 15.50871597230434 31.20038747787476 266.9053827524185 95.47344433516264 222.218260705471 260.8062156066298 4.287632688879967 178.8985379487276 1873.749255113304 68.88325686752796 0 2680.172844395041 185.1467184275389 30.3288733959198 55.58646629750729 2.952270522713661 5.429994381964207 0.5269386097788811 8.202928431332111 2.947572290897369 0 0.3788935393095016 0.9396736770868301 1.193435691297054 6.772310018539429 2.015228047966957 34.14247981458902 2.040818251669407 0.5779236555099487 7.476470232009888 27.69978643208742 48.79707393795252 1.126436918973923 0 1.314977675676346 10.1294130384922 1.677031815052032 13.68655146658421 2.361746937036514 38.18932615965605 9.669463351368904 4.83002545684576 13.75395450741053 0.3329834416508675 4.221791438758373 41.47640473395586 1.509184613823891 3.916100405156612 7.270914390683174 3.852905057370663 0.8357490822672844 1.539675056934357 8.739652320742607 0.1885149031877518 1.218909673392773 5.416886039078236 21.9046628922224 0.4234165549278259 1.362903162837029 6.711794726550579 1.847072564065456 3.967075631022453 23.55575073510408 0.7199102640151978 0.8534682244062424 1.020966000854969 0.8250641077756882 1.382735103368759 16.71382331103086 188.0063344612718 24.99814390391111 0 5.829808846116066 14.10205118358135 25.83084416389465 25.65629100054502 42.57661489397287 5.207421779632568 22.0216650813818 4.303749568760395 5.385417237877846 2.846161171793938 0 0.2109941095113754 0.6284541413187981 1.15997800976038 0.2435126751661301 0.125786155462265 0.1101531088352203 0.2524891272187233 1.628139026463032 7.6579255387187 2.420958966016769 2.499831281602383 3306.691183440387 61.28983926773071 4.136866271495819 21.9984303638339 95.66093577444553 1.440227761864662 3.651912599802017 3.433050185441971 8.92787304520607 14.88615923374891 31.02295605093241 9.192981332540512 13.57281018793583 14.37527540326118 83.50257216393948 16.07994112372398 155.3819137811661 284.7280571088195 260.3581260666251 54.8222466558218 3.045920215547085 5.698461376130581 0.3048565685749054 2.518965549767017 0.3094689100980759 0 0.685270681977272 0.1728057265281677 1.087601408362389 0.448840856552124 1.866834968328476 0.2266199439764023 3.043460957705975 0 1.815978974103928 1.209500707685947 1.545579642057419 0.3119451552629471 1.207905165851116 10.49316012114286 15.65681909024715 0.1355999559164047 0.5299658179283142 0.1644266843795776 39.2416687682271 7.075512200593948 51.76247537881136 16.52418276667595 10.05795638263226 2.672135576605797 1.338144510984421 0 0.7531174197793007 6.349037177860737 4.420416116714478 0.6336128711700439 0.6227588951587677 5.904294863343239 0.138574555516243 0 0.5917175710201263 3.693913087248802 4.539757415652275 0 0 0.325319916009903 0.799727626144886 5.075186558067799 0 1.325867682695389 0.6311144083738327 50.52484857290983 5.400373429059982 0.1368875801563263 0.5296463668346405 0.1186175495386124 0 0 0.1187829226255417 0 2.238468423485756 257.781385846436 6.341029584407806 0 0.1255863457918167 0.6713737845420837 13.45768076181412 0.972672313451767 2.689547091722488 3.855525620281696 4.577332191169262 3.158537976443768 2.694850109517574 4.099358610808849 0.6163634434342384 0 0 0 0.388649120926857 0 0.4751232266426086 0 157.4621760547161 20.43147576600313 45.31636492162943 277.581637814641 18.05682772397995 102.2184761837125 36.49806822836399 115.4725147932768 12.46030519157648 3.535442419350147 45.14295221865177 37.63026729226112 2.090096592903137 17.34662433713675 3.249346800148487 81.49388168752193 1.997639611363411 0.09467530995607376 4.354611113667488 6.809235654771328 1.030085369944572
155.69494073838 291.526938021183 121.4977549612522 1488.085906088352 638.3925178050995 270.3357324451208 5816.631953142583 28.12842244654894 2187.726454205811 9808.160662330687 694.8792878314853 2680.172844395041 0 2989.348923034966 129.4409762397408 186.4959933832288 5.538394257426262 13.11474571377039 0.9659279733896255 25.86587119847536 22.80990574508905 1.230678617954254 2.774444550275803 4.507475771009922 4.089257575571537 22.28589427471161 9.060903035104275 72.05143366008997 4.828887909650803 1.264619633555412 52.17898385971785 167.2385992854834 748.3533745184541 2.472294971346855 2.309614658355713 1.66531029343605 39.19623252749443 2.681267127394676 24.3031437471509 5.417503207921982 168.9203007817268 25.17174790799618 13.6910340487957 44.47451733797789 0.6112717539072037 5.914786413311958 164.2583200857043 9.108436316251755 4.840828582644463 12.93915122747421 14.6808413118124 2.193143121898174 1.357512235641479 11.89371529221535 1.194306544959545 7.322636358439922 22.49782031774521 106.7844549715519 3.62272872030735 13.25075636804104 7.27571465075016 14.25442985445261 5.757900938391685 132.3307615667582 7.963875733315945 6.729197077453136 5.426161982119083 7.964636750519276 9.707928709685802 108.0249617993832 589.7653542384505 19.20696380734444 0.1541205793619156 42.16252867132425 60.11143653839827 154.2335450276732 149.5883055925369 206.2549132183194 30.62049840390682 118.563357539475 11.65567275136709 21.2415456995368 7.261940620839596 1.242011688649654 3.900895066559315 2.649178631603718 3.338391304016113 0 1.433644808828831 0.2036430984735489 2.39106759428978 2.326936297118664 33.12974973022938 5.113839484751225 6.336076885461807 3680.946380540729 32.11958619952202 3.440254494547844 27.63331645727158 128.3809413909912 3.065991446375847 11.46493424475193 18.49524658918381 23.17147576808929 27.5362805724144 77.78364301472902 20.01975944638252 37.56100089848042 56.58721828460693 165.388248808682 32.55203504860401 328.3136314153671 589.5978282541037 454.1978808268905 122.7459788620472 5.53450807929039 5.694709070026875 0 3.429137237370014 0.1521385461091995 0.1658198088407516 0.5561345964670181 0.358359232544899 2.022833034396172 0 4.185450196266174 1.124714717268944 3.741524770855904 0.1826203316450119 1.05746628344059 2.323168434202671 2.150077670812607 1.857744567096233 0.9103851020336151 16.09994034469128 32.65271972864866 1.223511010408401 0.8366314768791199 1.140624694526196 61.51209703087807 9.938333563506603 90.56520399451256 26.10706064105034 12.46713064610958 3.013424463570118 2.001924738287926 0.1816285252571106 1.674519881606102 10.12242923676968 9.541602589190006 0.2803440690040588 1.868077509105206 8.959196768701077 0.3577900975942612 0.3326657265424728 1.374138042330742 3.524516992270947 9.118462398648262 0.1149333566427231 0.2444750368595123 0.1044650301337242 0.5027573704719543 6.204841248691082 0.4122282713651657 0.9246354624629021 1.290781930088997 92.15334416925907 9.238227643072605 0.2964288145303726 0.339856319129467 0 0 0.5027623474597931 0.2593871280550957 0.145488440990448 5.157222345471382 518.3011822104454 8.87101636826992 0 0 1.06781492382288 29.55662889778614 2.187093377113342 3.662213638424873 11.20809293538332 6.414310567080975 4.960230268537998 3.096512541174889 8.614013902842999 1.011883251368999 0 0 0 0 0.1693623214960098 1.17542527616024 0.2697411328554153 274.1753907650709 32.93106465041637 73.38590915501118 888.0593989565969 82.11343555897474 401.6741311997175 155.4217524528503 278.6956774741411 38.63384162634611 14.46209345757961 165.1784911677241 69.02139364182949 2.133755549788475 26.83940619975328 5.114926770329475 194.0835793539882 3.110158897936344 0.5598950833082199 4.332370162010193 23.60209627449512 4.402493119239807
