0 2728.214680835605 172.75265943259 995.5328123122454 428.7925911024213 54.10583373904228 3207.076912254095 6.911026798188686 52.16525211185217 613.9897660464048 82.21947088837624 35.70106840133667 51.18953274190426 26.42345404624939 1.441934540867805 0.8379271030426025 0.4466555267572403 0.3831098899245262 0 0 0 0 0 0 0.2906484827399254 0 0 0.1403604298830032 0.6464079618453979 0 296.3464727923274 0.4663286879658699 0.163157656788826 0 0 0 0.1829844862222672 0 0.1206973642110825 0.09741324931383133 0 0.1390582621097565 0 0.5470163375139236 0 0.8207545951008797 24.75394343584776 3.123433418571949 0 0.3338100612163544 0 0 0 0 4.771359622478485 2.698246464133263 251.6144988313317 728.0063290894032 118.4270096421242 18.37426662445068 0.2967763245105743 0.7013730406761169 0.09120187163352966 1.371335633099079 0.7252996116876602 1.37476060539484 0.6788370385766029 0.7071498483419418 0.1327298730611801 0 1.974518693983555 0.6565782278776169 0 211.5933833569288 70.06602179259062 13.44174136221409 2.317793779075146 0.4852717816829681 0.5243098065257072 7.481674335896969 0.4872857704758644 0.1415351778268814 26.13455526530743 0.4883636087179184 1.401003733277321 1.266353257000446 2.586514703929424 0 0.1416258811950684 0.7816845029592514 0.3178689479827881 0.1248481050133705 0 0 0 61.53912560641766 2.053151100873947 0 1.037251830101013 2234.451159060001 0.2786702513694763 0.2973348796367645 0.4930806457996368 0 0 2.496636420488358 0.3592180609703064 3.779178649187088 5.069368734955788 0.8235400319099426 0 9.173065900802612 3.390527784824371 1.148298740386963 0.2078524827957153 0 1.61637544631958 0 0 0 0 0 0 0 0 0 0 0 0 0 0 0 0 0 0 0 0 0 0 0 0 0 0.7447267770767212 0 0 0 0 0 0 0 0 0.7600707411766052 0.3238141536712646 0.5003554224967957 0 0.4891826063394547 0 0 0 0 0 0 0.2822998762130737 0 0 0 0.814272403717041 0 0 0 0 0 0 0 0 0 0.2402048408985138 0.7513998746871948 0 0 0 0.9002902805805206 0.8670150935649872 0 0.6614591777324677 0 2.028462439775467 0 0 0.5784822106361389 0 0 0 0 0 0 0 3.41013215482235 0.4809021055698395 0 86.62652872502804 10.23572864383459 125.7900614365935 15.34720958769321 1095.113669790328 25.59635308384895 3.071076110005379 19.75998212397099 0.2343033105134964 0 2.48612467944622 0 3.50626215338707 0 0 2.428941041231155 0 0
2728.214680835605 0 1375.910004734993 217.1047428250313 4130.18602129817 77.39355267584324 4635.572528064251 154.3583222031593 719.2176819071174 234.9463063180447 1457.990924097598 208.1090859770775 145.3202942311764 277.2870727330446 17.1281633451581 4.475832983851433 0.8710535764694214 0.9187233746051788 0.1394934505224228 1.227212242782116 0.1077423170208931 0 0 0.3348471969366074 0.2600014209747314 0.6524748951196671 0.3235241174697876 0.6810404732823372 1.694572240114212 0 1475.565236099064 4.666616402566433 5.959644846618176 0.1145689859986305 0.141755223274231 1.618321493268013 6.875749379396439 0.3347339928150177 1.102045372128487 0 0.1556609570980072 0.4428469985723495 0.3362444937229156 0.585329033434391 0.1093360558152199 1.306551046669483 93.14813810586929 10.27640448510647 0.4048540219664574 2.149657793343067 0.136883556842804 0 0.2616546154022217 0.1737213730812073 9.123900450766087 10.38281249254942 130.5615255758166 956.6664299443364 140.855633854866 36.95735112577677 0.7055246531963348 0 1.198527880012989 9.349706776440144 3.118116706609726 3.253569960594177 1.183054700493813 2.721766196191311 1.02181526273489 0 13.36030198633671 43.35049665719271 0 335.6896466016769 152.8947046920657 81.02208256721497 24.20763796567917 4.771837487816811 2.855907864868641 101.7174633666873 1.358423449099064 3.419787108898163 49.81071638315916 0.6670377179980278 2.966690741479397 5.052983410656452 3.647003993391991 0.1583778709173203 1.917572811245918 0 1.08282382786274 0.6298422366380692 0 0.3262822926044464 0.5823972672224045 67.98167210817337 14.17877129465342 0 2.586098238825798 1933.073047757149 0.2336825877428055 2.318207234144211 1.970564693212509 0.9753678441047668 4.581137076020241 9.660661891102791 2.404119729995728 5.726759523153305 11.82826460897923 7.135288208723068 1.72548745572567 39.03216843307018 10.40099841356277 16.66986337304115 2.389635413885117 2.85016655921936 3.9996407777071 0 0 0 0 0 0 0 0 0 0 0 0 0 0 0 0 0 2.559990644454956 0.4524014294147491 0 1.654021024703979 0 0.5162720084190369 0.61045241355896 0.9031478464603424 0.723543256521225 1.046585381031036 0 0 0 0.9102112203836441 1.973455116152763 0.1249042972922325 0 1.150459423661232 4.011404439806938 0.4665863886475563 0 0 0.9866648614406586 0.1896200925111771 0 0.9374251663684845 0 2.094863697886467 2.47783524543047 0 7.509550213813782 0.9098380208015442 3.522613912820816 3.428558304905891 1.247501686215401 1.022588729858398 0 0 0.3130071461200714 0 0.2022842168807983 0 8.927195563912392 1.149760246276855 0 0 0 4.732052877545357 9.730400770902634 2.236204832792282 7.365741431713104 0.5166582316160202 7.973585024476051 0.704190120100975 0.5019716024398804 0.2926432192325592 0 0 0 0.1113462075591087 0 0 0 11.66580510139465 5.026262521743774 6.337779849767685 246.8879777267575 33.30439800024033 337.3448117524385 62.57051981985569 1075.884573876858 59.42022602260113 3.963156670331955 51.38437600433826 18.08743730187416 0.8415683507919312 17.55194683372974 0.6215573251247406 11.01610964536667 4.192934632301331 0.3115541636943817 6.609413683414459 0.9584594070911407 0
172.75265943259 1375.910004734993 0 3.874660566449165 1646.563766472042 0 176.9051526933908 3650.815018512309 405.6840211674571 22.80769307166338 5971.72353926301 54.72440040111542 126.2658610641956 349.6075735315681 58.47302608191967 31.01668978482485 6.379477195441723 5.215496279299259 1.378632798790932 29.4581246599555 17.39447365701199 0 2.004876509308815 0.4990193694829941 40.3897165581584 7.183259606361389 1.370654538273811 0.9092069640755653 2.546604350209236 0.8911639526486397 5102.076952464879 602.7567742019892 30.23793528228998 3.991322852671146 11.35653629153967 42.95690874010324 18.8104210421443 4.04252977669239 10.45172204822302 6.241216786205769 16.97563037276268 0.4480146765708923 2.410817496478558 3.573468193411827 0.5983425602316856 26.62930430471897 116.6013342440128 15.17733663320541 1.492253072559834 11.79785739630461 1.14605738222599 0 0.2360395938158035 0.3873886615037918 8.363065935671329 7.947816111147404 175.4729543551803 2508.006153658032 172.2387749180198 41.86228555440903 60.04946286231279 15.89694474637508 113.2086145058274 552.1480719894171 4.305573284626007 3.958378151059151 0.9237111881375313 11.29582040011883 62.05445432662964 8.596560075879097 25.44963224232197 22.97908434271812 0 448.1405757665634 470.1548018679023 115.9761631861329 51.58288307487965 29.63760241121054 182.2933789715171 1790.106780573726 113.6350498199463 591.6122606694698 51.23829316347837 0.2460352182388306 4.655079081654549 6.147868648171425 23.74777493625879 0.13490229845047 2.336185336112976 0.6443324834108353 0.1057342663407326 0.34305439889431 2.591717071831226 1.345457457005978 0.3883722126483917 42.20831590890884 11.1435713544488 0.1353953629732132 7.172074265778065 493.3010797277093 0.6086147278547287 0.1856859624385834 2.551526099443436 0 1.282984852790833 3.784018725156784 0 1.636316403746605 5.830769941210747 2.821056216955185 1.946452438831329 9.532759293913841 3.35358926653862 3.117884665727615 2.16118660569191 1.296068906784058 0.1719835847616196 0 0 0 0 0 0 0.1115327328443527 0.6681413501501083 0.4506233930587769 0 0 0.3711591809988022 0.2015591710805893 0.2781884223222733 0.4663293212652206 0.7676688879728317 0 0.2505571842193604 1.496108740568161 0 1.54964554309845 0 0 0 0.3326918482780457 2.871038556098938 0.2839135229587555 0.3484966158866882 0 0 0.5672177225351334 3.68588662147522 0 0 0.7832430303096771 1.412546515464783 0 0 0 0.1633081585168839 0 0 0 0.2531599104404449 1.731146037578583 0 0 1.635714113712311 0.6613708138465881 0.4333030581474304 0.7660583406686783 0.275187760591507 0.1318407654762268 0 0.2098967880010605 0.6404052972793579 0 0 0 2.824823707342148 0.1373612880706787 0 0 0 0 7.44999623298645 1.529282301664352 1.800417438149452 0 4.5125702470541 1.578850567340851 0.4282629787921906 0.4145323038101196 0 0 0 0.2699651718139648 0 0.1259031444787979 0 2.656935289502144 0.804814338684082 2.535055480897427 180.3452613726258 61.37848857790232 310.5714676380157 72.27045576274395 207.2668783217669 49.26130070537329 4.348314270377159 63.21416807174683 5.082318298518658 0 5.921647116541862 1.554907336831093 2.271851152181625 0 0.3790793120861053 2.997282519936562 1.026286602020264 0
995.5328123122454 217.1047428250313 3.874660566449165 0 42.10269533097744 201.6198244392872 2188.977356657386 0.1439592391252518 69.3905885219574 1654.172413423657 4.018196575343609 138.8882455825806 200.9536913484335 15.68103122711182 2.447491228580475 0.1150500923395157 0 0.1569923460483551 0 0 0 0 0.1322655826807022 0 0 0 0 0.356670081615448 0 0 12.53053380548954 0 0 0 0 0 0.2642899751663208 0 0 0 0 0 0 0 0 0.2377929538488388 14.53352496027946 1.757186576724052 0 0 0 0 0 0.2612619996070862 1.018356315791607 1.149789772927761 20.90783064067364 35.10231535881758 16.70124797523022 4.002279385924339 0 0 0 0.781867653131485 0.1204179227352142 0.1244742721319199 0.113270029425621 0.5673168450593948 0 0 1.166548490524292 13.40100094676018 0 36.83177508413792 11.87625198066235 8.478925742208958 2.018936790525913 0 0 0.2956528291106224 0 0.2814640700817108 5.805910311639309 0 0.2418899536132812 0.586861751973629 0.4322177618741989 0 0.1183149218559265 0 0 0 0 0 0 25.64994810521603 1.002607464790344 0 0 387.20840883255 1.39457231760025 0.4523433744907379 0 0.6169679760932922 0.2082865983247757 3.84014031291008 0.8846338987350464 3.399796038866043 4.04073466360569 2.755401819944382 0 7.09492526948452 1.964779749512672 4.148866266012192 0.9204079806804657 1.279330968856812 1.319313913583755 0 0 0 0 0 0 0 0 0 0 0 0 0.202326700091362 0 0 0 0 0.2301160991191864 0 0 0 0 0.8539077639579773 0 0.5552182793617249 0 0 0 0 0 0.9159074425697327 0.3278327882289886 0 0 1.010653778910637 1.278907656669617 0 0 0 0 0 0 0 0 0.6790184378623962 0.1652096807956696 0 0 0 0 0 0.3239790201187134 0 0 0 0 0 0 0.2056562453508377 1.158739894628525 0 0 0 0 0.9898988604545593 1.444313228130341 1.476925075054169 0.3314231038093567 0 2.260141551494598 0.9420294761657715 0.8742515444755554 0 0 0 0 0 0 0 0 1.909341484308243 0.823815643787384 1.227808237075806 45.19592349231243 3.532061092555523 57.24588882178068 9.017920672893524 402.4091280475259 6.85957158356905 0.8793782740831375 3.844329848885536 4.614313244819641 0.7414889335632324 3.044597119092941 1.25057190656662 8.023904368281364 0 0 2.888066351413727 0 0
428.7925911024213 4130.18602129817 1646.563766472042 42.10269533097744 0 9.296652190387249 1942.828915975988 57.63914244621992 5068.686274625361 1140.009685888886 998.7496832385659 1013.760625898838 620.4250801056623 1192.098841913044 55.76582706719637 13.05673539638519 1.964015997946262 0.9728444367647171 0.3681328892707825 1.267060965299606 2.067061983048916 0 0.3377712368965149 0.4158362150192261 0.2230219691991806 2.814052619040012 0.6590335220098495 2.587130099534988 5.786731995642185 0 308.1929130852222 9.166960999369621 3.655856937170029 0.1436370015144348 0 0.454417496919632 3.905599139630795 0 1.977701105177402 0.7891327887773514 0 0.8103063106536865 0.2709428668022156 2.722205154597759 0.09309358149766922 1.673621609807014 170.5358487889171 12.58700966089964 0.4426834434270859 2.091314859688282 0.6204835996031761 0.1257107704877853 0 0.9797668904066086 5.051820985972881 9.011046178638935 45.50673266500235 224.8901150524616 76.74263676255941 53.37892484664917 0.3594308644533157 0.1321255415678024 0.7943471819162369 32.95578230172396 3.767047673463821 4.669644370675087 1.413454875349998 3.118656106293201 1.757745333015919 0 34.56145054847002 144.7139994353056 0 219.3704328760505 158.748053714633 180.1181548535824 63.00511868298054 15.57968940585852 2.553359121084213 37.00978001207113 1.054026782512665 3.205239422619343 37.43533494323492 0.3862576335668564 3.523112140595913 6.822771541774273 4.811652854084969 0.5117656290531158 2.878342911601067 0 0.7747897356748581 0.8612383976578712 0.1330979615449905 0.3243243396282196 1.755016483366489 247.1192489489913 54.23744093626738 0 8.609949842095375 212.9756489768624 1.843742161989212 4.919491305947304 6.590916827321053 1.135734498500824 17.76457497477531 60.93861857056618 4.161879628896713 44.58106145262718 52.65592409670353 28.69203959405422 5.720081672072411 140.9921502172947 49.21947763860226 50.04040004312992 13.69839227199554 10.85380527377129 14.54022751748562 0 3.746005684137344 0 0 0.3096397221088409 0 0 0 0 0 0.8415510058403015 0 0 0.6728678941726685 0 1.722445547580719 0 8.234900623559952 9.955850750207901 0 4.907784461975098 0.4743804931640625 2.224530890583992 0 4.986465364694595 5.036894366145134 0.9729106724262238 0 0 0.6126958131790161 2.078691422939301 13.11343185603619 1.717624723911285 0 12.2844260185957 37.76499300450087 2.480388909578323 0 0.1759771853685379 0.7249551713466644 0.6335854381322861 0.1538164168596268 0.985064223408699 0 10.45101972669363 11.31737492233515 1.665837585926056 29.60225246846676 12.87257322669029 11.45577664673328 8.779541343450546 3.541089117527008 0.1887740790843964 0 0 0 0 0 0 38.83818334341049 5.452368438243866 0 0 0.1197365745902061 9.684640139341354 49.7542390525341 13.91787043213844 27.9968236759305 8.830857962369919 36.88919526338577 3.753753557801247 4.11533585190773 1.908104509115219 0 0.9145044684410095 0 0.4406647384166718 0 0 0 60.92870604991913 30.56976610422134 17.14026004076004 334.1668269261718 82.84969266504049 406.1245866492391 118.9229006096721 378.405653513968 78.0494115203619 6.964194983243942 95.44878628104925 71.37004609405994 4.500712931156158 79.63268172740936 10.55201976746321 68.08351838588715 6.087848216295242 1.711260139942169 28.78368742763996 0.3076019883155823 0
54.10583373904228 77.39355267584324 0 201.6198244392872 9.296652190387249 0 289.8019495010376 0 11.3336585611105 382.1122997254133 1.988394156098366 125.87439006567 137.7135283350945 7.99000209569931 0 0.5783507525920868 0 0 1.039299249649048 0 0 0.4649339914321899 0 0 0.5790208578109741 0 0 0 0.2138397246599197 0 0.8233386725187302 0 2.274575561285019 0 0 0 1.919194519519806 0 1.251372992992401 0 0 0 0.7812581658363342 0.7594665586948395 0 0.2273991256952286 0.8675094246864319 0 0 0.4141660034656525 0.3421408832073212 15.60013879835606 0 5.524931207299232 0 0 177.8226175457239 14.11467558145523 7.369845479726791 0.1438452452421188 0 0.3861735761165619 0 0.1468506157398224 0 1.045586884021759 0.5528037548065186 0 0.2475502043962479 0.1458218991756439 40.25745536386967 201.0331784486771 2.055090069770813 2.974338829517365 0.4721748977899551 0.5335779935121536 0.2615604475140572 1.318612396717072 0 0.6235258132219315 0 0 0 0.8766103088855743 0 3.657875746488571 0 7.122913226485252 3.045808628201485 9.280686616897583 1.371319323778152 3.180084526538849 0 0 1.768853068351746 161.4856358468533 49.79321691393852 4.969476908445358 5.147281512618065 641.8350819647312 0 2.542153567075729 0.4445610642433167 0 0 2.554493948817253 1.83277627825737 2.03763136267662 7.718976929783821 2.366179183125496 0 6.091123074293137 5.869684666395187 5.506056785583496 0.3573716133832932 0 0 0 0 0 0 0 0 0 0 0 0 0 0 0 0 0.7381705790758133 0 0.1684034317731857 0.4909543544054031 0 0 0.2689499258995056 0 0 0 1.351246237754822 2.745775893330574 0.3430837094783783 0 0 0 0 0 0 0 0 0 0 0 0 0.4713753908872604 0 0 0 0 0 0.270568460226059 0 1.239061832427979 0 0.2560696601867676 0.3253450989723206 0 0.1403043419122696 0 0 0 0 0 0 1.891583696007729 1.905221164226532 0 0 0 0 0 0.7613373398780823 0.619175136089325 0 0.259004533290863 0 0 0 0 0 0 0 0 0 0 8.043251648545265 0 2.54272249341011 33.63874933868647 1.468120709061623 0.8211408257484436 0.3367550075054169 168.9114117622375 1.429610908031464 0 1.959069728851318 2.448048949241638 0.2607797384262085 1.431249722838402 0 5.683298945426941 0 0 0 0 0
3207.076912254095 4635.572528064251 176.9051526933908 2188.977356657386 1942.828915975988 289.8019495010376 0 18.3266938701272 1769.309245534241 4191.65717343986 135.2550949603319 545.8003121688962 1940.07763762027 1565.502805650234 90.40964310616255 25.26892102509737 3.64054324477911 2.570919930934906 0.7016008570790291 2.913561157882214 0.7051766812801361 0 0.8149544596672058 0.5058784112334251 0.9264580085873604 4.945944681763649 0.1029987633228302 5.718357749283314 10.89109631627798 0.5148126110434532 233.1162930727005 13.33024296909571 2.186775274574757 0.2610585987567902 0.1205071732401848 0.4119493216276169 1.811393991112709 0.2857902497053146 3.401503391563892 0.4110249131917953 1.346462458372116 1.523591727018356 0.8029269278049469 3.071425564587116 0.3469204604625702 3.944273613393307 327.7035035192966 26.08321091532707 2.055614084005356 4.045902445912361 0.541684627532959 0.2427282407879829 0.117964968085289 2.546788722276688 17.7582623809576 19.60900960117579 136.1011393666267 403.7804347202182 193.1472985297441 116.4091762676835 1.398898348212242 0.4997100606560707 0.5889039635658264 38.74659490585327 8.736266978085041 9.587339125573635 2.854490242898464 7.591487109661102 1.583484932780266 0.1338422298431396 32.22840175777674 123.9282535836101 0 526.7339440584183 329.2441338971257 326.7345807701349 101.5351907163858 20.10934562236071 4.944568417966366 20.22149633616209 2.856538444757462 4.66901046782732 104.3503600880504 1.15918805450201 9.213086031377316 16.3660102635622 12.84757109731436 1.918825566768646 4.295364119112492 0.9297946691513062 1.541336923837662 2.305081099271774 0.5628223121166229 2.494722470641136 2.950365856289864 458.2567053064704 88.31052347272635 0.1098353266716003 16.18235255032778 947.5150797739625 9.367064163088799 7.480813011527061 9.095086753368378 3.471180588006973 20.49203006923199 100.2287004068494 10.53327736258507 71.89963562041521 103.5760347247124 75.21958510577679 10.7267147526145 247.6320340111852 108.883249565959 105.607327029109 19.81795629858971 16.47711493074894 20.5057265907526 0 1.70442046225071 0 0 0 0 0 0.7875360250473022 0.3533183038234711 0 0.741779237985611 0 0.8232640326023102 0 0.4872057437896729 0.9360843896865845 0 17.20251120626926 11.23769310116768 0 4.633791476488113 0.2446537762880325 4.86109347641468 0.6130294799804688 4.503033697605133 5.279468521475792 1.16811192035675 0 0 0.1325401067733765 7.600916430354118 18.31341274082661 3.656842991709709 0.3219839930534363 21.02427128702402 60.81503841280937 2.517767623066902 0.4077323228120804 0 1.40254782140255 0.1506285220384598 1.456566825509071 1.517389073967934 0.2161479070782661 18.44186007976532 21.85031143575907 0.8740191757678986 39.0082320868969 18.38295823335648 13.0918183028698 14.66347327828407 2.491802334785461 0.3675960600376129 0.1978657841682434 0.4920552521944046 0 0.1861229985952377 0 0.1917194277048111 57.33418022096157 5.878680318593979 0.4719312489032745 0.2128088027238846 0.1768561154603958 9.76680038869381 85.36874659359455 24.59243743121624 36.88376389443874 12.63328679651022 56.8488330617547 5.666333839297295 8.980203717947006 2.142168737947941 0.2877059280872345 0 0 0.6930132582783699 0 0 0 98.24357430636883 41.14688593149185 19.82998907566071 651.5572901815176 157.05401622504 834.0704581514001 211.2008391916752 1909.128414697945 168.1136986017227 11.86907295882702 165.3632752820849 94.41786883026361 9.586310692131519 106.278351418674 15.51917309314013 95.72561858594418 11.89175486564636 1.112492792308331 43.03948414325714 1.67568464577198 0.3283604383468628
6.911026798188686 154.3583222031593 3650.815018512309 0.1439592391252518 57.63914244621992 0 18.3266938701272 0 190.022915109992 0.6440263539552689 2197.841805309057 12.64285057783127 58.08807484060526 233.5732220411301 47.8822508379817 25.59589821845293 4.616273134946823 6.611671552062035 1.560929000377655 55.10509599000216 21.13884587585926 0 1.212274387478828 1.359696090221405 34.98354471474886 3.958949722349644 1.166644051671028 1.230542883276939 3.132323451340199 0.5605247020721436 1291.186253838241 2976.967088244855 16.03631784021854 5.307657957077026 8.003774523735046 49.66058006137609 6.30301995575428 6.259810909628868 8.710060104727745 5.464594453573227 14.92115591466427 1.3647515848279 3.843395680189133 8.720332898199558 2.625565022230148 50.31496229767799 100.9036229252815 12.69707860052586 2.035867162048817 14.01720685511827 0.4367869794368744 0 1.1063352227211 0.1671483516693115 4.615495219826698 3.92176615446806 48.53371617943048 535.1123830750585 67.25113268941641 30.81062512099743 164.2178339511156 37.44756092131138 125.7827531546354 540.0359799340367 1.898424185812473 2.09177277982235 0.6982787176966667 8.635499604046345 61.91119083017111 9.108877003192902 14.19770831614733 9.586383111774921 0 234.3583001792431 341.2499560415745 122.1093784421682 362.1530064493418 591.8600943237543 1522.757158480585 936.3425442352891 872.7580601647496 1987.377810820937 25.33958165347576 0.1237710565328598 2.673933312296867 3.277515113353729 25.39219746738672 0.5672823041677475 1.081638045608997 0.7374402284622192 0.6780880391597748 0 2.384526252746582 0.3232344165444374 0 11.8243729621172 5.628776140511036 0.1904881745576859 4.991805449128151 36.35787456482649 0 0 0 0 0 0.3224546015262604 0 0.5246943235397339 0.7684609889984131 0 0 1.845639914274216 0.5311137437820435 0.5792914032936096 0.2125339806079865 0.6604121923446655 0.1965307742357254 0 0 0 0 0 0 0 0 0.3567484021186829 0 0.160660445690155 0.2737272083759308 0 0 0 1.155815109610558 0.4784455001354218 0 0 0 1.199301779270172 0.1564253717660904 0.8681711107492447 0 0.1523752063512802 0.6804952174425125 0.2192984968423843 0 0.3194181025028229 0 0 0.1605293154716492 0 0 0 1.401915639638901 0.3127023205161095 0 0 0.5828535407781601 0 0 0 0 1.705305397510529 0.6142154633998871 0 0.8912769258022308 1.292137742042542 0 0 0 0 0.447605699300766 0 0.1195179894566536 0 0 0 0 0 0 0 0 1.12330150604248 0.7829961180686951 1.15167972445488 0.1145958080887794 0.8778007626533508 2.31117644906044 0.2924945652484894 0 0.2418668568134308 0 0 0 0.1266010999679565 0 0 0 0.4621409773826599 0.9767926186323166 0.1330505311489105 157.4820973500609 33.30817999690771 269.5470734015107 61.7324323952198 90.30507756024599 36.00999020785093 2.504569597542286 43.73427840322256 3.330337390303612 0 1.499681293964386 0.6858773082494736 0.9527917504310608 0.1716251969337463 0.1595703512430191 0 0.7174248248338699 0.1990082561969757
52.16525211185217 719.2176819071174 405.6840211674571 69.3905885219574 5068.686274625361 11.3336585611105 1769.309245534241 190.022915109992 0 684.0131212621927 2475.46836117655 456.9673422947526 1105.312168173492 2071.255479373038 67.6588534116745 26.13150599598885 1.39522311091423 1.397274747490883 0.3908773139119148 2.496615193784237 1.082089841365814 0 0.1638126522302628 0.3088782727718353 0.2582743689417839 4.654699243605137 0.1215416863560677 2.496409088373184 5.535658150911331 0.1247176378965378 70.40262515097857 7.656616345047951 9.198866471648216 0.3707179427146912 0.2524710819125175 0.566963292658329 11.941636107862 0.0876513198018074 3.420462645590305 0.4348111972212791 0.3155008554458618 1.379480361938477 0.4519589245319366 4.872980885207653 0 1.267184659838676 129.2578477114439 7.024261742830276 0.2688983678817749 1.615877583622932 0.5158406943082809 0.4730308130383492 0.2944323718547821 0.1767961084842682 2.233011819422245 3.505564779043198 10.84267895668745 69.74824149161577 34.30349065363407 29.60356152057648 0.5428049862384796 0 0.1597292572259903 23.88919255882502 1.460654087364674 2.163371920585632 0.971212662756443 1.866853691637516 0.8159766346216202 0.1017154827713966 30.44415356218815 139.4187417477369 0 102.9940513297915 78.7670828178525 157.4631930813193 76.29042745381594 28.72448881715536 3.506074205040932 47.54599959403276 0.8744364976882935 2.068993277847767 18.3764503672719 1.264674097299576 3.11175662279129 3.029793575406075 3.684305995702744 0 1.26195439696312 0.1004833355545998 0.115837574005127 0.6585529297590256 0 0.3764686286449432 0.9740014001727104 333.242968082428 49.69320603460073 0 8.53457635641098 39.55813901126385 4.763056799769402 4.324254840612411 6.89096762239933 1.869923397898674 17.85573190450668 67.10313437134027 7.855844005942345 48.68857733905315 76.52816070616245 40.33304588496685 6.220112308859825 174.1340609788895 73.72396974265575 69.20235832035542 19.58846473693848 11.2352484613657 18.04196773469448 0.2484702318906784 0.9996238052845001 0 0 0 0 0 0 0.4208847880363464 0 0 0.2533231675624847 0.1993945986032486 0 0 1.942414104938507 0.3675442934036255 12.9137796908617 8.599704161286354 0 2.370482176542282 0 5.246050223708153 2.275490581989288 2.195736050605774 4.721601158380508 1.863039582967758 0 0 0 1.130026683211327 12.05379308760166 3.841553241014481 0 10.8224109262228 54.69461673498154 2.783393859863281 0 0 0 0.1101465374231339 0.7671527564525604 2.976427122950554 0.4542116820812225 16.90489816665649 8.815245844423771 0 19.56391830742359 11.79883296787739 4.287132650613785 9.346732422709465 1.661423772573471 1.606209322810173 0 0.9311340749263763 0 0.4442643672227859 0 0 31.65087378025055 9.149268284440041 0 0 0 6.212738648056984 57.8910519182682 19.65738652646542 33.66999757289886 9.003047004342079 37.41040140390396 3.821541637182236 2.284527912735939 0.4428942799568176 0 0 0 0.4125089347362518 0 0 0 56.79450881481171 35.83864568173885 13.56293107569218 293.0672150403261 72.32707150280476 270.7955654039979 124.8859095424414 192.2595971152186 68.78372941166162 4.307088449597359 128.2457706928253 104.551481731236 4.122695490717888 81.44357146322727 11.25004902482033 78.44102887809277 11.44476616382599 1.728451803326607 37.16722474992275 1.261372819542885 0.8738847970962524
613.9897660464048 234.9463063180447 22.80769307166338 1654.172413423657 1140.009685888886 382.1122997254133 4191.65717343986 0.6440263539552689 684.0131212621927 0 32.0298934429884 1631.171306952834 5492.543126299977 147.4784299358726 6.704193405807018 2.615284480154514 0 0.2864378839731216 0.1019914597272873 0.2005299776792526 0.1571334302425385 0.8490971922874451 0 0 0.160801887512207 0.2745105922222137 0 0.1701828986406326 1.538142561912537 0 8.689144134521484 0.937513142824173 2.085184559226036 0 0.2268645912408829 0 0 0 0 0 0 0.5630775839090347 0.2203970849514008 0.4780055582523346 0 0.4836957901716232 27.42401993274689 2.40480288118124 0.4124553650617599 0.3403637111186981 0.1498964130878448 0 0 0.369897335767746 0.4856595695018768 1.175797075033188 57.04729972034693 32.19425681978464 13.55629788339138 5.974578343331814 0 0 0 2.739940285682678 0 0.423386424779892 0 0.4153751581907272 0.2696520537137985 0 24.55057364702225 265.7398279309273 0 37.8175263479352 14.51351378113031 23.2068665549159 7.803606145083904 1.726578123867512 0.950837716460228 1.161988623440266 0.2276491895318031 0.2413690909743309 6.689344622194767 0.1087537929415703 0.8563599959015846 0.9003293514251709 0.4361643269658089 0.4613693654537201 0.4179394245147705 0.1302717477083206 0 0 0 0 0.7970606088638306 982.2340555936098 64.1650170981884 0 10.74719609320164 790.3538779616356 9.319997124373913 25.42986561357975 11.98903875052929 4.831050679087639 30.81953153014183 169.6445691287518 36.07250797748566 92.70993861556053 137.5650128275156 83.42595231533051 14.86454148590565 411.0236994475126 146.9919719994068 174.835589364171 29.83605898916721 18.47473795711994 30.03361564874649 0.5495342612266541 1.677666261792183 0 0 0 0 1.976691737771034 0 0 0 5.506677567958832 0.2521591186523438 1.317759275436401 0 0.9310148358345032 0 0.9648205637931824 16.66783559322357 14.87440994381905 1.523500263690948 12.85394075512886 0.2555714249610901 11.04212453961372 4.510080456733704 11.89530554413795 10.39828850328922 2.422126576304436 0 0 0.2698846757411957 6.174805656075478 21.7236719429493 4.158892691135406 0 29.45115769654512 99.0853379368782 5.019560024142265 1.376922994852066 0 1.481056749820709 0 4.27466481924057 5.298752754926682 1.543984472751617 24.79109369963408 22.28917440772057 1.820666372776031 46.29843117296696 42.11974403262138 20.04619371891022 17.9132032841444 7.440409168601036 2.522422082722187 1.805464774370193 0.8575222790241241 0.2828556299209595 0 0 0.6467413902282715 74.44232252240181 7.586997330188751 0 0.2183517515659332 0.1964667141437531 22.00817967951298 122.44105052948 29.63689421117306 61.59125527739525 12.80379498004913 55.93948012590408 9.724276512861252 14.9236798286438 4.474172830581665 0.5083813071250916 0.4684008359909058 0 1.683819785714149 0 0 0 162.9551960974932 55.53576038777828 34.14138858020306 337.9170226976275 11.38267953693867 82.65377108752728 25.18572128564119 1522.16746186465 17.67707736045122 0.7602144777774811 25.97672732174397 208.4784723520279 4.712237954139709 188.3869759216905 16.84842500090599 219.5938670486212 23.71178175508976 2.454017907381058 73.33339507877827 1.377508372068405 0
82.21947088837624 1457.990924097598 5971.72353926301 4.018196575343609 998.7496832385659 1.988394156098366 135.2550949603319 2197.841805309057 2475.46836117655 32.0298934429884 0 238.8275479972363 2023.96456117183 2665.638562433422 156.8667593896389 87.34890429675579 5.637421905994415 3.262551911175251 1.769011154770851 9.744286224246025 2.563145905733109 0.4465885162353516 1.270898580551147 1.076147869229317 30.97192856669426 10.03129846602678 2.023217163980007 3.418816529214382 5.266645029187202 0.5595220401883125 645.4603142216802 79.96341663599014 280.3559926822782 1.462989039719105 3.215447761118412 42.76521919667721 110.0365651249886 12.40509124845266 12.27327624708414 13.19312193989754 7.142134375870228 1.777814067900181 0.4974155128002167 9.607411108911037 0.3053569197654724 4.67216119915247 269.0231838822365 16.04757659137249 1.60004561394453 2.541826270520687 1.34736791998148 0.2207865118980408 0.6425300240516663 1.855811163783073 7.330876909196377 11.30056985467672 46.52987778931856 345.0378017798066 90.45534685254097 67.51128309965134 12.00302866846323 4.988893799483776 28.36964374780655 83.18386044353247 3.926731683313847 4.332490690052509 2.055579721927643 5.147741787135601 16.54846775531769 4.896923735737801 81.67682584375143 87.71706962585449 0 275.2948485687375 259.1889100596309 325.7919732704759 150.9132242649794 75.93349512666464 33.4028506949544 531.0430346056819 12.10802072286606 24.27732629328966 44.62785924971104 0.6772636622190475 5.394950196146965 6.899407230317593 10.42728696018457 1.068025305867195 3.204106174409389 0.4114817529916763 0.2993436008691788 1.74199914932251 2.781417094171047 1.231935150921345 2.523075744509697 133.4263749718666 36.41128531098366 0 15.28220258653164 142.3372522294521 1.874985218048096 0.880627453327179 1.743481636047363 0.4953565299510956 5.014926195144653 11.86019830405712 0.3973422646522522 10.91257324814796 8.808533608913422 5.21640345454216 3.342469468712807 32.28381603956223 9.57235099375248 18.96938697993755 6.552315101027489 5.026509761810303 6.256531029939651 0 1.210048496723175 0 0 0 0 0 0 0.3567784428596497 0 0.4643483906984329 0 0.3037948906421661 0.4881434440612793 0.3849236816167831 0.6666239202022552 0 1.785737842321396 1.356439039111137 0 0.6460309773683548 0 2.199376076459885 1.410784780979156 1.225888803601265 1.783933013677597 0.4785407185554504 0.218755692243576 0 0.2646690905094147 0.2812100052833557 2.415312141180038 0.9775006771087646 0 5.842033863067627 9.046970590949059 0.3171182572841644 0 0 0.3289661258459091 0.1795525550842285 0 0.8378704190254211 0 6.604298949241638 5.017766669392586 0.732207715511322 7.311542004346848 1.782813243567944 1.428525939583778 1.491108506917953 1.222070589661598 1.032944470643997 0 0.4651849418878555 0.4212226867675781 0 0 0.2394893318414688 7.961725994944572 5.071012988686562 0 0 0 3.619609951972961 19.81785404682159 5.056620240211487 7.102907136082649 1.399463415145874 11.90198190510273 1.271857917308807 0.8291836380958557 0.1388046443462372 0 0 0 1.02854411303997 0 0 0 11.77604809403419 4.704344853758812 7.30572721362114 454.6348833143711 119.5454682484269 533.941910661757 214.5845865979791 229.4690835103393 107.3633804172277 8.862789578735828 174.5823609158397 25.08065310865641 0.8969314694404602 27.22348137199879 1.997975319623947 10.92905500531197 3.051264822483063 0.1453939229249954 6.705800473690033 1.506468757987022 0.4519014954566956
35.70106840133667 208.1090859770775 54.72440040111542 138.8882455825806 1013.760625898838 125.87439006567 545.8003121688962 12.64285057783127 456.9673422947526 1631.171306952834 238.8275479972363 0 1735.655730098486 228.358199313283 79.88836490362883 43.39626049995422 12.30286566913128 3.264308214187622 3.321612566709518 8.228801779448986 2.993064358830452 1.056661188602448 0 1.883403077721596 35.26402817666531 9.653616651892662 5.493285402655602 8.124290883541107 4.539362639188766 4.582229107618332 12.56030479073524 7.361149631440639 85.15437081456184 1.602498397231102 1.355259358882904 42.7470396310091 95.07903017103672 23.81994563341141 73.49656391888857 34.01174199581146 6.213058143854141 1.487538158893585 0.9936450868844986 16.0199102088809 1.344083905220032 41.35265824943781 61.5111910700798 2.034975938498974 1.717162728309631 3.439699083566666 1.523740671575069 2.23001267015934 5.08782072365284 2.04002220928669 0.1653201431035995 1.232583463191986 10.99959496408701 13.94316017627716 5.6586944013834 4.156857781112194 36.92736732959747 9.449280053377151 11.3367795497179 15.94396963715553 0.4202771484851837 0.4097777158021927 0.8693118691444397 2.457961887121201 12.10585352778435 3.790766492486 94.84789247810841 106.6643324568868 0 18.67671418935061 20.05329053848982 54.52412048727274 33.02958404272795 37.75404063612223 53.16737578064203 17.8921360746026 47.65580908954144 11.4948930516839 3.511774316430092 0.3794918060302734 0.3394997492432594 0.5793019905686378 3.599935136735439 0.2020442932844162 0.7869763448834419 0.6544249653816223 0 0.3150604069232941 5.962835162878036 1.305820286273956 0.3327498733997345 2831.563372418284 224.0456310659647 0.5550289452075958 86.32946340739727 82.09538874030113 5.258233577013016 4.683172464370728 10.34842184185982 1.385267749428749 12.06435038149357 62.75011649727821 13.8857116997242 35.5832379758358 57.28503017127514 35.5488533526659 6.899374514818192 194.8943586349487 60.81946238875389 90.48969879746437 11.54891669750214 5.52884840965271 7.413302510976791 0 0.5948844850063324 0 0 0 0 0.1407540440559387 0 1.051703199744225 0 0.600302129983902 0 1.125053271651268 0 0.3374117612838745 1.54272449016571 0.1593303978443146 9.348956108093262 4.755344942212105 0.1646762788295746 2.301777482032776 0 4.278577968478203 0.2031901031732559 2.739850550889969 3.457285791635513 1.96982104331255 0.7674354314804077 0.1744514554738998 0 2.378888130187988 6.416341871023178 1.701137602329254 0 6.329403936862946 26.90104781091213 0.5676520019769669 0 0 0.7111932784318924 0 1.701093509793282 0.9207082837820053 0 6.446751922369003 6.779683597385883 0.6610895544290543 14.57802897691727 2.649701073765755 5.575152114033699 6.028694525361061 0.5054259300231934 1.943279072642326 0 0.1291266530752182 1.192072242498398 0 0 0 35.22412030398846 9.925909996032715 0 1.073054805397987 0 6.77686733007431 24.90258149802685 5.937306970357895 20.81785771995783 5.308081179857254 16.74286586046219 4.764465153217316 4.755124688148499 2.422499507665634 0 0 0 0.331606812775135 0 0 0 71.13637670874596 16.64272654056549 7.95295824110508 548.272496342659 37.89798767864704 152.4610688760877 94.51254227757454 333.535966694355 23.87976902723312 1.319793909788132 179.7797453701496 40.72181779146194 1.522722728550434 43.22944681346416 4.457160040736198 48.99527312815189 3.561664059758186 0.4391762018203735 13.7842049151659 0.406639888882637 0
51.18953274190426 145.3202942311764 126.2658610641956 200.9536913484335 620.4250801056623 137.7135283350945 1940.07763762027 58.08807484060526 1105.312168173492 5492.543126299977 2023.96456117183 1735.655730098486 0 7002.207804232836 284.2770561277866 169.8214311525226 30.24624110013247 9.320391900837421 8.735599040985107 17.92637453973293 7.157590299844742 2.217676222324371 1.95401893556118 1.030083447694778 124.6977197229862 29.14036207646132 25.17616629600525 23.54762084782124 20.7891852632165 10.23929417133331 30.01565335690975 21.48912191390991 2049.416478589177 3.661529257893562 6.91902919113636 616.1183354258537 844.1012195199728 249.5702290460467 248.0466232597828 110.4646099954844 21.32198452949524 5.308826342225075 2.454081267118454 44.95856915414333 7.22480271756649 85.92030204087496 270.4015949219465 7.154009006917477 1.814701125025749 7.678008437156677 3.448703527450562 2.925802826881409 14.69710002839565 5.625570744276047 3.733198441565037 5.585571080446243 17.25869939476252 35.99961008876562 22.19793258607388 34.39221225678921 102.6670882329345 240.4975913912058 67.30491721630096 47.41486360877752 1.93927526473999 2.605868875980377 0.6991505920886993 10.89044522494078 34.96440207958221 12.36572089791298 436.2549540698528 282.800273835659 0.7831369191408157 92.43913832306862 74.21066661924124 249.453811340034 144.362619176507 132.8089917525649 91.19476446509361 443.5868138372898 77.76724790781736 78.41486965119839 17.40712389349937 1.483880624175072 1.179921224713326 3.892656065523624 11.8238278105855 0.8308460265398026 1.582828052341938 1.694700986146927 1.112193763256073 0.8208094984292984 17.10508428514004 3.417904831469059 3.299859866499901 4473.314663298428 184.7019738033414 5.15221281349659 210.2123237103224 92.52903565764427 12.29909192025661 17.67568603157997 22.18945902585983 6.103648111224174 43.93888173997402 198.3675801903009 24.34332132339478 118.6052166670561 182.8148912638426 139.1562069654465 13.48862338066101 503.40587644279 226.7111623138189 202.327914878726 25.02447038888931 20.22960650920868 21.40149618685246 0 2.076954290270805 0 0 1.095935061573982 0.161551371216774 1.069291979074478 1.041596978902817 1.1105075776577 0 1.864738255739212 0.4727285355329514 2.796294510364532 0.9973477423191071 1.786538764834404 8.430807203054428 1.515251860022545 29.51077091693878 11.61796703934669 0.9938842356204987 11.43483157455921 0.8338665962219238 8.634147852659225 4.115082576870918 9.174054011702538 15.45716984570026 7.947151124477386 0 0.2012204080820084 0 7.101670041680336 17.06136637926102 6.3446444272995 0 15.82177920639515 70.58055651187897 0.9405121803283691 0.478369802236557 0.5067983567714691 3.037047907710075 0.9349994212388992 1.766399547457695 2.743973806500435 0.3278129398822784 24.95775452256203 16.63706842064857 2.752358734607697 42.59699520468712 18.84785050153732 17.14281384646893 12.00413031876087 4.242186039686203 1.846093617379665 0.583929106593132 0.1375782638788223 1.209028050303459 0 0 0.5606411546468735 102.3998951986432 18.47184915840626 0 0.8064543157815933 0.3354931324720383 16.58604170382023 101.9072473794222 17.78128917515278 40.16016604751348 14.64248955249786 61.37566578388214 6.220815062522888 11.6204938441515 3.296338729560375 0.1333974301815033 0.2486356347799301 0 1.40296184271574 0.4313135892152786 0 0 197.0568764656782 61.98700454831123 26.81204152107239 1320.454429998994 188.8153404071927 595.4403927400708 378.4511493593454 410.1941562220454 120.525720693171 11.15476547181606 644.6924052834511 114.3753346800804 11.10126048326492 115.9287490993738 13.47940105199814 124.6960971206427 16.05392187833786 1.631498500704765 35.69911143183708 5.056784644722939 0.2487668097019196
