0 3751.290729336441 1014.812148056924 1471.954178966582 955.3305880874395 346.8264878690243 686.9117582067847 300.4119591191411 32.20911033451557 493.2704070433974 283.0655139610171 15.36410972476006 78.62750400602818 82.65394003689289 1.996654815971851 1.623604744672775 0.115163765847683 0.1373479217290878 0 0 0.1874501556158066 0 0.153552770614624 0 0.1454710513353348 0 0.120041660964489 0 0.1370334774255753 0.1131603792309761 921.1876127943397 4.187525890767574 3.69592496752739 0.10001240670681 0.2183541133999825 0.0988856703042984 0 0 0.3851215839385986 0.145890936255455 0 0.1178983747959137 0 0.9716320559382439 0.346630185842514 0.3581321612000465 17.92204073816538 7.366942100226879 0 0.2373784631490707 1.048794843256474 1.203591957688332 0.5585419088602066 0.4355007410049438 1.275477580726147 3.97163699567318 420.5185508728027 1296.540973968804 32.79102247953415 4.151293337345123 0.4828463494777679 0.4960448890924454 0.2198637425899506 14.19698052853346 7.714936800301075 2.303357116878033 2.457535535097122 2.253431111574173 0.6879653930664062 0.4171396195888519 9.748243220150471 20.353226095438 0.8025465309619904 202.4110982939601 145.7114761397243 19.64386925846338 2.208985313773155 1.472038522362709 0.1501958221197128 7.999168179929256 0.267721988260746 0 13.30943849682808 0 5.12884383648634 7.862325929105282 0.5518336072564125 0.6759876310825348 2.003405258059502 0.8639164865016937 0.7314252853393555 0.2360051199793816 0.4049176722764969 0.1244231835007668 0.3099801391363144 106.3869353756309 4.728042304515839 1.008421748876572 1.079678535461426 1533.399744331837 0 0 0 0 0 1.52208836376667 0 1.728428855538368 0 1.885899677872658 0 0.8049748763442039 1.250620126724243 0.6681748628616333 0 0 0 0 0 0 0 0 0 0 0 0 0 0.9041077196598053 0 0 0 0 0 0 0 0.1403006762266159 0 1.812021821737289 0 0.09280027449131012 0 0.7481913268566132 0.2054773569107056 0 0 0 0 0 0 0 0 0 0 0 0 0 0 0 0 0 0.1149513497948647 0 0 0 0.8104550838470459 0.7411568760871887 0.2649449408054352 0 0 0 0.1998123675584793 0.1132582128047943 0 0.2079688012599945 0.1393166780471802 0 0 0 0 0 0 0.1003929376602173 0.5395088791847229 0.2808921933174133 0 0.1024247854948044 0 0 0 0 0 0 0 0.3332764729857445 0 0 0 0 0 0 34.91462932527065 3.948420539498329 83.80325911939144 13.42153727263212 838.7508251368999 67.72130142152309 3.258899934589863 13.26133938133717 1.508706942200661 0.1253157705068588 1.448426604270935 2.22443200647831 0 0.4551116600632668 0.1219732016324997 0.247648224234581 0 0
3751.290729336441 0 2009.130592897534 152.5270423293114 1571.750074788928 402.2914995104074 1928.796205334365 938.2700000554323 1394.248949050903 245.0532851219177 2127.570316538215 6.139378324151039 427.0127443373203 1090.761974982917 15.49806345999241 5.095617301762104 0.4710646122694016 0.6749338433146477 0.1098713204264641 0.6482018083333969 0.4897279813885689 0 0.3760224059224129 0 0.3713964968919754 0.3937174156308174 0 0.1043293252587318 0.223732054233551 0 1957.051117122173 29.84913340955973 8.725195147097111 0.4693730995059013 0.1263324618339539 0.2802348732948303 3.160966821014881 0.8218048736453056 0.8626138269901276 0 0 0.1247228011488914 0.5009850636124611 1.769040375947952 1.450932092964649 2.280528403818607 187.8027249649167 47.75323706120253 0.9024581238627434 0.1247589439153671 6.140282921493053 0 0 0.1276203095912933 4.726702161133289 20.66502718627453 123.1572725772858 1034.352463975549 43.96980475634336 50.22457809746265 1.284966431558132 1.004763387143612 0.6672070771455765 130.8053032383323 34.22312678396702 12.2663124576211 15.68984487652779 10.16122883558273 3.098672136664391 1.556664623320103 36.26445058733225 12.44241215288639 0.1888521984219551 398.0122286304832 457.2400313615799 211.9090175256133 29.5382357686758 5.398977987468243 0.9215051531791687 14.31710402667522 2.710925325751305 2.951605439186096 67.35582203418016 0.08913705497980118 36.39331835508347 45.02566899359226 5.601069800555706 1.135662838816643 8.915645346045494 1.384721331298351 4.430549517273903 2.55535651743412 1.164795644581318 0.3971943184733391 1.205283209681511 90.66423097252846 0.8313721269369125 0 2.999699711799622 1013.196947917342 0.7909578084945679 0.2503343820571899 0 0.6309844255447388 1.354374721646309 22.79523725062609 0 7.292156517505646 3.274451851844788 4.673913024365902 2.946830868721008 9.080357417464256 2.861175417900085 1.53602734208107 13.73067232966423 1.08378778398037 0.5355226397514343 0 1.07749617099762 0 0 0 0 0 0 0.09518782049417496 0 0 0 0 0.1029955521225929 0 0 0 1.478815674781799 0 1.461471617221832 0.1929996013641357 1.157754927873611 1.701881438493729 0.4805278480052948 8.432278104126453 1.462700873613358 0.6519242003560066 0 0 0 0.233336016535759 0.5722071379423141 1.93979886174202 0 1.451616883277893 0.3945936858654022 0 0 0 0.2879079580307007 0 0 0 1.489878445863724 0 1.345172047615051 0 2.33510909229517 0.143226370215416 11.45280747115612 0 0.3817970752716064 0.2848476469516754 0.4374426826834679 1.231411896646023 0 0.8308428674936295 0 0 10.502247184515 0 0 0.1192884221673012 0.113192655146122 6.404285252094269 0 5.428937748074532 0.3974569439888 0.5164747908711433 1.813529849052429 0 0.2328485697507858 0 0.1114928349852562 0.36715267598629 0 3.866507560014725 0.3370571061968803 0 0 1.014215707778931 6.593938484787941 4.749058455228806 175.8422903418541 28.55707463622093 476.07584194839 62.49017517268658 372.2991237193346 190.8190181478858 14.98168390244246 65.99350089579821 3.727184474468231 0.1939723119139671 9.781768381595612 8.742610938847065 8.666690833866596 2.942370057106018 0.3813797384500504 0.9707703217864037 1.498046480119228 0.8923776894807816
1014.812148056924 2009.130592897534 0 14.56157353520393 552.5442463085055 11.32692432403564 208.0231602042913 4403.592431567609 577.2570045590401 8.892213456332684 3273.862507753074 20.60270665585995 230.5978033393621 1285.099958732724 25.76483057439327 21.70760179311037 1.175798140466213 5.234097339212894 4.067724987864494 19.35020422935486 30.07728138566017 0 19.16547144204378 3.248698681592941 10.18690003454685 8.377226024866104 2.337374486029148 0.6945842653512955 0.8567789569497108 0.4085453748703003 3724.382354855537 514.1801117658615 36.88636410236359 28.21573617309332 32.91204085946083 15.38531202822924 17.62131088972092 5.092836230993271 0.8961113691329956 1.06824242323637 5.934061318635941 1.193033434450626 17.53823325783014 8.572282657027245 15.68083698302507 11.16304094344378 72.45740001648664 10.90545739233494 0.9886122792959213 3.414655774831772 2.097298838198185 0.1156406551599503 0 1.067147478461266 1.16030415892601 3.51874466240406 41.83314669132233 868.2039029076695 11.12725698947906 16.57227236032486 27.5962393656373 3.554256588220596 39.06164336204529 455.0767184197903 6.810473002493382 2.356270924210548 3.472740337252617 3.723036557435989 14.85087963193655 51.27319204807281 184.9831685647368 50.2264800593257 0 116.2730599567294 429.0755030587316 92.67610113322735 43.36537008732557 19.45685734599829 65.11878631263971 462.6182667165995 23.20742867141962 103.9053594693542 11.43916310369968 0 8.37617052346468 9.633999265730381 2.464392617344856 0.3076011687517166 3.170329004526138 0.2054873928427696 0.8334899544715881 0.08915755897760391 11.53372044861317 0.6701780557632446 0.6987864971160889 71.01944926381111 12.79962639510632 0 16.87294113636017 308.734899148345 1.121994763612747 0 0 0 2.503131330013275 16.29501503705978 0 10.67940589785576 2.601799041032791 12.78063115477562 0.5755923539400101 6.724237561225891 5.727919831871986 7.794330075383186 19.61738508939743 0 0.5983489453792572 0 0 0 0 0 0 0 0 0 0 0.8332688361406326 0.7056726813316345 1.642354503273964 0 1.531178444623947 0.3997826725244522 0.6551982015371323 0 1.503111600875854 0 2.270183086395264 1.017069935798645 13.45126295089722 0.4070838615298271 17.20183750987053 1.930334091186523 2.005092047154903 0 0 0 0 1.907667025923729 0.8583978116512299 0 1.305751204490662 1.97424903512001 0 0.2429101169109344 0.2987949848175049 0.6610487997531891 0.3074476197361946 0 0 0.112789161503315 0 0.2213867455720901 0 1.654191397130489 0.6436315476894379 11.57869379222393 0.8987752199172974 0 0.09630393981933594 0.1483504921197891 0.09488671272993088 0 0 0 0.4139970242977142 20.47934484481812 0.7928858995437622 0 0 0.4306053593754768 13.1852685213089 8.990080028772354 8.529629483819008 0.665877640247345 1.122202038764954 2.151868999004364 1.256244860589504 0 0 0.08826762437820435 0 0 0.9467161521315575 0 0 0 4.843858599662781 7.03598627448082 14.31371726095676 81.13132189959288 12.15601059794426 146.084107875824 30.68932100385427 53.78324144333601 42.73267731815577 2.884858459234238 43.39341575652361 1.557679124176502 0.2063863128423691 8.862158723175526 1.456010073423386 15.20048585534096 1.390931993722916 0 2.012860998511314 1.640831053256989 0.1308928430080414
1471.954178966582 152.5270423293114 14.56157353520393 0 40.92511107772589 922.3629883676767 557.2861924469471 1.744539283216 20.10490454733372 1602.4641238451 6.32347346842289 336.0183523595333 615.0363962650299 24.69822920113802 1.359982460737228 0.2076783329248428 0 0 0.2006758153438568 0 0.107676737010479 0 0 0 0 0 0 0 0 0 64.52105663716793 0.4581207633018494 0 0 0 0 1.634410858154297 0.5540921688079834 0 0 0 0 0.1529343277215958 0 0.1039385721087456 0.1157746836543083 20.71902929246426 5.284631624817848 0.2056072354316711 0 0.8204137310385704 0 0 0 0.2267494350671768 3.206565849483013 22.58920450508595 192.511773981154 9.143940530717373 5.546371228992939 0.646111749112606 0 0 8.397764980792999 4.624936155974865 2.049704700708389 1.460737906396389 1.426951721310616 0.2088698521256447 0.1210968568921089 0.1117791309952736 4.171149775385857 0 70.75806360691786 57.35002893209457 17.87632731348276 0.7380911856889725 0 0.4301182925701141 0.2342326194047928 0.1520534306764603 0.1261877864599228 10.56987009197474 0 4.784428596496582 8.200781747698784 0.4682613238692284 0 1.654730722308159 0.2155268043279648 0.2997306436300278 0.2815780192613602 0.1234195232391357 0 0.3082352131605148 169.8220283538103 0 0 0 320.2238836288452 0.4669459164142609 0 0.9096929430961609 0 0.2565825283527374 7.237606734037399 0.2576260566711426 4.896822154521942 3.929615244269371 5.825306206941605 1.065258756279945 4.361151471734047 1.246968924999237 3.077248126268387 0.2123790681362152 0 0.5672590732574463 0 0 0 0 0 0 0 0 0 0 0 0 0 0.4890804290771484 0 0 0 0 0.2165337204933167 0 0 0 0 0 0.3762804269790649 0 0 0 0 0 0 0 0 0 0 0 0 0 0 0 0 0 0 0 0 0 0 0.1308377981185913 0 0.4724137187004089 0 0.1589493602514267 0 0.10658960044384 0.1363201141357422 0 0.2339918613433838 0.2552293539047241 0 0.4332843571901321 0 0 0 0 0.3456722497940063 0 0.3657598495483398 0 0.3829031884670258 0 0 0 0 0 0 0 0.09812117367982864 0.1020976305007935 0 0 1.187335908412933 0 0 27.14411402493715 3.605783820152283 70.07437550276518 7.80981732904911 338.054346755147 30.19889325648546 1.656356245279312 8.776928886771202 0.8333070501685143 0 2.919273965060711 1.211216792464256 2.820789217948914 0.6576100811362267 0 0.3836061656475067 0 0
955.3305880874395 1571.750074788928 552.5442463085055 40.92511107772589 0 17.71740528941154 1498.747750803828 1048.377842210233 4428.047158136964 292.3923583328724 3474.253925077617 15.01098592579365 580.066565155983 1485.397708378732 51.60406642407179 7.885785572230816 0.3222536221146584 0.6285437941551208 0.1816781982779503 0.3079685121774673 0.441434808075428 0 0.2018445432186127 0.09222535789012909 0.3696628659963608 0 0 0.1579286456108093 0.5084194913506508 0.1027572229504585 463.5192480459809 73.47055656462908 8.768649041652679 0.1543333530426025 0.4508013427257538 0.1329421401023865 4.287956297397614 0.3249077647924423 0.8939841538667679 0.2589370906352997 0 1.147102929651737 0.5515015497803688 1.473986618220806 1.140602916479111 0.965254582464695 337.3839051127434 33.97562732547522 1.84517227858305 0.4448881894350052 6.200163990259171 0.3435840606689453 0.1336551457643509 0.5367103219032288 2.819259114563465 12.88266762346029 35.52816419303417 235.0251045376062 28.28894557803869 63.34897123277187 1.500127740204334 1.270763352513313 0.09249437600374222 177.4183787703514 26.85018666088581 9.843449905514717 11.35607893764973 8.055696964263916 2.601190701127052 0.6320084556937218 65.66587716341019 34.27172949910164 0.1835063174366951 210.8727476596832 422.1790470033884 388.0677935853601 105.1085298880935 5.388598814606667 1.105232648551464 2.651882447302341 1.865273855626583 1.380832597613335 41.97289170324802 0.4618100747466087 24.8394258543849 29.42013785988092 4.615975260734558 1.223986208438873 7.15898223221302 1.355975173413754 4.097528710961342 2.009653151035309 1.030655547976494 0.4522558376193047 2.163602933287621 145.444482639432 9.401729002594948 0 2.196714401245117 72.8361694663763 5.584616392850876 2.386184811592102 2.822828508913517 0.637530729174614 13.61910325288773 126.7699844017625 0.45451819896698 84.89085597544909 26.47099664062262 37.89027968049049 11.49356183409691 41.56448829174042 29.87091980874538 37.08947138488293 27.94204184412956 0.2385944277048111 1.274594455957413 0 0 0 0 0 0 0 0 0 0 0.1418186873197556 0 0 0.2439001202583313 0 0 0 1.360001921653748 2.82693238556385 0 0.7386186122894287 0.2269402146339417 11.34580858051777 0.4692012071609497 11.60622008889914 2.436938352882862 0.4665262252092361 0 0 0.1683715879917145 0 0.1292199045419693 2.139921702444553 0 4.523103356361389 1.943401321768761 1.752669334411621 0 0.3866279274225235 0 0.4334568306803703 0.3417263031005859 1.406605139374733 1.351705551147461 4.870958797633648 2.39292024075985 0 2.516959682106972 1.890843987464905 21.59615329653025 1.596072852611542 2.357733905315399 1.574352517724037 0.8363148644566536 0.9588823840022087 0.2127586677670479 0.8079711645841599 0 0 32.76841871440411 0.4242577105760574 0 0 0.0865168571472168 13.4352368414402 9.936264455318451 6.597327142953873 6.410719603300095 8.890938512980938 4.478397980332375 2.123770773410797 1.572176292538643 1.132505290210247 0.08006638288497925 0.11277174949646 0.1980262920260429 3.912118121981621 0.3585032671689987 0 0 11.6405832991004 5.162828996777534 3.396341904997826 337.0405850633979 49.89930004626513 644.6067666783929 136.652340978384 103.1331688836217 147.2097580507398 11.17351178824902 166.0411421135068 18.21896675229073 1.353661864995956 34.42782340943813 10.43216877430677 24.03566681593657 7.198476701974869 0.115163266658783 7.345315255224705 2.906594574451447 2.639772281050682
346.8264878690243 402.2914995104074 11.32692432403564 922.3629883676767 17.71740528941154 0 408.4609514251351 3.399285495281219 11.35394002497196 1046.008389338851 3.374042227864265 101.481209307909 113.558159828186 20.73255869746208 0 0.3460455238819122 0 0 0 0 0 15.81168183684349 0 0 0 0 0 0 0 0 57.75620238482952 0 15.43658958375454 0 0 0 6.759348496794701 0 4.804677963256836 0 0 0 0 0.2690337300300598 0 0 0.2294977009296417 0.7637123465538025 0 0 0 21.97271202504635 18.24781389534473 0 0 0.3268714249134064 250.5666201561689 94.30407638847828 4.024171024560928 0 0 0 0 0 0.1425042152404785 0.6751837730407715 0.5995663404464722 0.9060187935829163 0 0 68.42927445471287 672.7421664148569 15.7774131000042 6.244556717574596 0.5290507972240448 0.2112133279442787 0.1193681880831718 0.4940859079360962 0 3.169161513447762 0.3825249373912811 0 0.3556531667709351 3.672088667750359 0 2.192161165177822 0 11.16748279333115 12.8815890699625 16.15306541323662 0.9433315247297287 7.377979949116707 0 0.3539163917303085 5.806436389684677 417.0196115523577 79.92896503210068 42.78451496362686 7.500365421175957 453.64557261765 0 0 0 0 0 0.444328285753727 0 1.489867180585861 0.4742071032524109 1.353237196803093 0 0.5200613215565681 0 0 0 0 0.4626944959163666 0 0 0 0 0 0 0 0 0 0 0 0 0 0 0.3008409142494202 0 0 0 0 0 0 0 0.932936504483223 0 0.1485641151666641 1.365958973765373 0.9470476657152176 0 0 0 0 0 0 0 0 0 0 0 0 0.469472736120224 0 0.1955912560224533 0 0 0 0 0 0 0 0.3881539106369019 0 0 0 0 0 0 0.2492365390062332 0 0 0.8819157928228378 5.045271873474121 0 0.2818202078342438 0 0 0 0 0 0 0 0 0 0 0 0 0 0.1932920664548874 0.334032729268074 0 0 0 0.2464310079813004 3.023022592067719 2.407818183302879 0.4253645390272141 2.556762263178825 0.2454174235463142 237.9643391668797 2.929335072636604 0 1.032668679952621 0.2983834445476532 0 0.5873076319694519 0 3.436352491378784 0 0 0 0 0
686.9117582067847 1928.796205334365 208.0231602042913 557.2861924469471 1498.747750803828 408.4609514251351 0 188.2088183239102 1982.600031420588 2124.282925456762 911.6110656559467 333.2532053887844 4337.350743062794 4544.335807003081 97.2589744925499 20.92083512991667 1.065818682312965 1.577663473784924 0.5461276397109032 2.068552531301975 1.056316904723644 0 0.2341543510556221 0 0.2475734427571297 0.1841195374727249 0.1098855137825012 0.2473228871822357 1.313173122704029 0.3579161688685417 447.8242004811764 57.82396029680967 10.63988547772169 0.3085945546627045 0.1019425168633461 0.9608931913971901 11.00643679499626 1.858903616666794 2.61436253786087 0.4565547555685043 0.123911939561367 0.583377294242382 0.5146566703915596 2.338408552110195 1.641678832471371 3.222284607589245 523.6887768208981 55.01334863901138 1.441737249493599 0.6043488532304764 10.78605455905199 0.4816830009222031 0.4557292237877846 0.5910812467336655 3.497320905327797 22.6387208327651 89.23302000015974 517.8185677975416 48.4473133161664 102.1918058693409 2.002928853034973 0.9356660395860672 0.1886484175920486 220.9828906729817 47.82724227011204 16.6435501947999 18.14432628452778 16.07973022013903 3.703360117971897 2.236910589039326 129.8796906620264 74.74531950056553 0 397.7244340255857 648.6740052849054 566.7734522074461 150.9909532740712 15.22471609711647 0.9719058498740196 4.125908188521862 3.461753711104393 3.614570528268814 66.24500827491283 0.535864531993866 42.08088351786137 54.40863939374685 5.718517191708088 1.531582430005074 12.2406885176897 2.025480337440968 5.803167060017586 2.67793382704258 1.50862892717123 1.098068214952946 2.804132156074047 737.14393851161 15.3893041908741 0.1923166215419769 6.266724705696106 202.4043700173497 15.99125601351261 6.728627577424049 26.98846241086721 4.649405233561993 31.1291513517499 306.39639313519 3.152173407375813 187.3823587968946 69.99261318147182 107.7141564413905 24.88390706479549 145.9579953104258 77.52364475280046 82.78077801316977 53.11545878648758 1.935657791793346 2.322938904166222 0 4.192402541637421 0 0 0 0 0 0 0 0 0.6739003360271454 0 0.6109727323055267 0.5000649690628052 0 0 0 4.510752767324448 5.309429228305817 0 1.82104229927063 0.350924625992775 32.23253510892391 0.3598846197128296 26.77776760607958 2.916493140161037 0.3858180195093155 0 0 0 0 2.658732198178768 3.87639057636261 0.08535604923963547 6.01513933390379 4.91501796245575 2.304829619824886 0 0.1363440155982971 0 0.3274332284927368 0.9155944436788559 1.480497233569622 1.470198854804039 7.449830278754234 6.061345241963863 0.09119784832000732 3.326024569571018 2.198883324861526 42.87895055860281 1.364094495773315 4.464033484458923 2.838627278804779 0.7893331050872803 1.024885714054108 0.09845399856567383 0.7019936591386795 0 0.1408564299345016 71.90799909830093 0.1324417293071747 0 0.1761159002780914 0.3692017197608948 39.67880644649267 18.16786681860685 17.70356545597315 12.69663854688406 19.42816214263439 10.34902737289667 4.437507182359695 4.586265034973621 5.108853504061699 0 0.5818627178668976 0.1043025180697441 3.672702565789223 0.8237661644816399 0 0.2842210531234741 26.89174492657185 14.11854082345963 8.697307758033276 591.9339729398489 68.74884245544672 1111.772099547088 207.1913987770677 287.100017644465 278.0791846141219 19.24068163335323 317.6720932424068 26.95024461299181 4.444725461304188 52.80095460265875 19.53600026667118 56.49356251209974 13.15037112683058 0.5276415273547173 13.87186256796122 8.13752618432045 2.228232704102993
300.4119591191411 938.2700000554323 4403.592431567609 1.744539283216 1048.377842210233 3.399285495281219 188.2088183239102 0 850.9712060317397 8.307223051786423 3980.292323641479 12.84402123838663 197.1821581348777 1284.401432387531 96.25400847196579 84.54015878587961 3.065629675984383 8.348388127982616 4.796949222683907 18.89781370013952 113.5461010932922 0 69.67670825123787 19.00989148765802 104.6671429723501 61.50869224220514 18.17189048975706 5.044885762035847 5.456680402159691 1.436966516077518 2935.603105813265 2211.888939626515 118.1290663704276 44.56374699622393 105.0271980389953 102.8761867359281 46.01584772765636 66.45887003839016 6.741574637591839 9.292800754308701 58.44817859679461 7.197116158902645 34.95741825550795 53.21654866635799 22.3071321323514 37.20779477804899 224.6541109532118 24.27734243869781 4.041686810553074 7.935852415859699 14.39520315080881 0.4327516183257103 0.2646744698286057 4.894562862813473 1.831035993993282 7.9748510196805 53.46090390533209 592.8096160292625 19.11895196139812 37.92527084797621 109.8753804638982 50.05445148050785 194.2505310773849 445.2549799382687 12.7410876005888 6.545487023890018 6.057926461100578 9.677725203335285 37.95859871804714 268.801933825016 30.192054733634 12.10723882168531 0.3944172337651253 201.2951568365097 486.8107021823525 309.5333255827427 348.9360736086965 738.3651583790779 818.4072977751493 5326.691932141781 110.5132767632604 1372.595438539982 26.58257646113634 0.09305679053068161 13.2388356924057 16.80168595910072 11.77769768238068 0.6956081092357635 4.403411246836185 1.40611033141613 2.309306755661964 1.507127456367016 105.2010951638222 3.731961227953434 5.443377532064915 11.33145474642515 3.341370120644569 0 2.744894742965698 180.6724489629269 0 0 0.7241036891937256 0 0 7.855439439415932 0 4.016850009560585 1.122616052627563 0.9397993683815002 0.2826703190803528 1.250691466033459 1.093023642897606 3.0383061170578 2.227755934000015 1.699236959218979 1.553181350231171 0 1.92709282040596 0.3434032648801804 0 0.1382808089256287 0 0.4372671842575073 0.3598426282405853 0.7712372094392776 0.2419687062501907 1.316924750804901 0.1051049157977104 2.372691377997398 0.5120380073785782 0.1441691070795059 1.58043759316206 0.3014776110649109 0.2865980416536331 0.9043925255537033 0.3384537398815155 2.875158369541168 1.437807902693748 3.057113274931908 1.196834616363049 12.10816159844398 9.542261704802513 8.389637671411037 1.232827998697758 0.8772587180137634 0.5450947061181068 0.1331890076398849 0.2479081526398659 6.543970331549644 0.3601631373167038 0 1.422632947564125 0.7601664364337921 0.1163050159811974 2.27033381909132 1.01590483635664 3.39835749566555 0.08826299011707306 0 0.2848649770021439 0.669514000415802 1.005850680172443 0 5.080306127667427 5.311892956495285 2.271117344498634 0.4213920682668686 0 0 0.3473377451300621 0.4184814766049385 0.4585821628570557 1.233062855899334 0 1.380841441452503 3.959581732749939 0.8266755267977715 0 0.1494448930025101 0.5520890206098557 0.7229210138320923 2.515857294201851 2.24035382270813 1.934167519211769 0.5144860222935677 0.5989423394203186 0.3151119500398636 0.9322722405195236 0.4003307819366455 0.1010237187147141 0 0 1.950545914471149 0.12544846534729 0.4857916980981827 0 0 2.619676411151886 3.830781035125256 213.2124279290438 30.85879652947187 380.6785203143954 78.14575793594122 61.46425173431635 84.31044007092714 7.215775810182095 120.8508050963283 5.794286549091339 0.3193160220980644 6.096486538648605 4.417490527033806 9.165236845612526 1.653969578444958 0.1923435106873512 3.122946880757809 2.388397827744484 0.8834450170397758
32.20911033451557 1394.248949050903 577.2570045590401 20.10490454733372 4428.047158136964 11.35394002497196 1982.600031420588 850.9712060317397 0 448.2996678352356 2671.60241894424 22.18665408343077 889.5314433947206 2228.316942319274 95.23654625564814 34.42996193468571 0.2136321291327477 0.4704089090228081 0.1718534603714943 0.09711840748786926 0.4424952268600464 0 0.1084721311926842 0 0.3146061673760414 0.4197049513459206 0.1266151666641235 0.4205151125788689 1.102397441864014 0 127.5478533655405 38.9817449003458 8.24796025454998 0.09338954091072083 0 0.1128359735012054 5.433099471032619 0.5794753283262253 0.3406780138611794 0.09416639804840088 0.4299498349428177 0 0.361297495663166 2.746614016592503 0.5651673004031181 1.666957974433899 264.8003070503473 12.55498671531677 0.3659168258309364 0.08046410232782364 2.472479499876499 0 0 0.2136757075786591 1.628542564809322 5.487273339182138 13.93392854183912 58.31165470182896 13.31696383655071 37.84117996692657 1.700879760086536 0.3415010422468185 0.4886671453714371 88.46204382926226 10.0086956396699 3.843301057815552 3.793509192764759 3.642939917743206 1.525858268141747 1.291188381612301 65.22780079394579 50.25535380840302 0 100.9734133481979 201.2301929444075 326.8860279247165 147.7885416522622 23.46665240079165 0.5295595601201057 4.605062156915665 0.7831981033086777 0.970577783882618 13.470552906394 0.3395702242851257 8.990475676953793 13.67052786052227 1.90530464053154 0.421303816139698 2.568794474005699 0.6950545534491539 1.930184915661812 1.348328784108162 0.8888175413012505 0.2899274080991745 0.8859523087739944 463.4053268656135 5.045525833964348 0 1.273361161351204 10.17530747503042 8.809913530945778 1.634719520807266 5.806444078683853 0.6582967787981033 20.01758102327585 197.9562355354428 2.058240488171577 121.8701112419367 44.48767101019621 56.89418522268534 21.83162249624729 73.85236870497465 45.7646447122097 45.59619004279375 33.03887256979942 0.9560505002737045 0.6396181583404541 0 0.2308984249830246 0 0 0 0 0 0 0 0 0 0 0 0 0 0 0 0.711205430328846 1.694803774356842 0 0.6133502274751663 0 10.26217164099216 0 13.5708859115839 0.4080237448215485 0.2648823857307434 0 0 0 0 1.038511022925377 0.6301408410072327 0 5.092818409204483 3.664058826863766 2.164755709469318 0.3215347826480865 0.103991836309433 0 0.4227401614189148 0.3123498857021332 0.9272532761096954 0.6646723374724388 6.020886085927486 3.256828397512436 0.2492977678775787 1.89591933786869 0 15.86413983255625 0 1.748892962932587 2.048251375555992 0.3742131739854813 0.5552201718091965 0 0.2720039635896683 0 0.1121145859360695 32.89630815386772 0.3835629224777222 0 0 0 15.94781973212957 10.54696844518185 11.92551661282778 12.96292372047901 10.92284548282623 5.156031861901283 3.935664601624012 1.968205824494362 2.719024196267128 0.08258612453937531 0 0 1.194629929959774 0.3541225492954254 0 0 12.58168705552816 11.55230116844177 4.552918992936611 415.0943810269237 31.37451104074717 560.144092567265 156.6331510990858 76.63468184322119 105.9254361689091 6.466845437884331 246.4719230532646 12.79971166700125 3.386147692799568 40.44979414343834 9.650865189731121 28.94660915434361 5.93545027077198 0.2219465523958206 13.58641280978918 4.615130521357059 1.063315197825432
493.2704070433974 245.0532851219177 8.892213456332684 1602.4641238451 292.3923583328724 1046.008389338851 2124.282925456762 8.307223051786423 448.2996678352356 0 24.29182186722755 1680.732084542513 6983.823784001172 458.4779949486256 16.50800673663616 11.39153959602118 0.3039264231920242 0 0 0 0.7245515882968903 0 0 0 0.441589392721653 0 0 0 0 0 29.29347608983517 1.642672412097454 6.772760108113289 0 0 0 21.70519249141216 0 0 0 0.1334632486104965 0 0 1.761266589164734 0 0.1802717596292496 47.2766540274024 3.647499069571495 0 0.4809879511594772 0.5537600964307785 0 0 0.1106502339243889 0.560082919895649 2.076879672706127 11.81130456924438 83.80395056307316 3.216971434652805 5.959684655070305 0.257988914847374 0.2978461086750031 0 10.42474277317524 2.948042362928391 1.199593164026737 1.500975087285042 0.9382667765021324 0.2188469246029854 0.9620722904801369 52.64959239959717 30.8277203142643 0 46.66036719083786 48.11116014420986 44.42172084748745 14.76135133206844 4.934484429657459 0.2021932601928711 1.157522730529308 0.4949293583631516 0 4.807498052716255 0 2.064347691833973 3.524604044854641 0.5003599151968956 0.3688180819153786 0.9913954138755798 0.2380050718784332 0.4064334705471992 0.1790251135826111 0 0 0.1701239794492722 2131.460796147585 5.021884799003601 0 5.709527850151062 124.986781001091 11.62910268455744 4.236921608448029 11.53500258922577 3.707646757364273 31.48236258327961 450.5327516123652 5.107352793216705 265.0119985714555 98.32165911793709 206.3276055753231 35.02556964755058 142.9774750843644 115.7933447659016 98.76961344480515 44.54635569453239 0.1371501833200455 0.709464356303215 0 0.3445141017436981 0 0 0 0 0 0 0 0 0 0 0 0 0 0 0 4.408364929258823 2.244338408112526 0 0.5932660698890686 0 13.97088317573071 0.2771736085414886 14.781717851758 0.8143973276019096 0.2265173941850662 0 0 0 0.4520658850669861 0.4767893701791763 0.6982649862766266 0 8.716037034988403 4.945873029530048 3.229702562093735 0.6496048271656036 0 0 0 0.2626546546816826 1.675936728715897 0.6446697935461998 9.149719431996346 6.621287420392036 0 0.7364465892314911 0 17.35600696504116 0.6329118013381958 4.571337841451168 4.888523899018764 0.874533973634243 0.4821388199925423 0.2452687323093414 0 0 0 49.08180111646652 0 0 0 0 16.71879483759403 5.829884961247444 9.872768476605415 21.46483425796032 13.98934571444988 15.92819065600634 3.077538639307022 1.478817313909531 3.487934693694115 0 0 0 0.9459929689764977 0 0 0 33.31992460787296 10.60563814640045 4.700260564684868 94.91994674503803 4.425157077610493 119.0925699844956 26.47516462206841 252.0269782468677 27.15422667562962 1.67390750348568 49.08496163785458 14.74275523424149 3.329423435032368 55.94975489377975 5.87161460518837 89.26706033200026 12.98845051974058 0.6932837665081024 15.17990693449974 1.25768768787384 0.1418831199407578
283.0655139610171 2127.570316538215 3273.862507753074 6.32347346842289 3474.253925077617 3.374042227864265 911.6110656559467 3980.292323641479 2671.60241894424 24.29182186722755 0 51.38722485303879 1236.64477057755 3961.919758975506 147.6499989926815 133.7558379620314 4.084582068026066 3.288527831435204 1.495806261897087 5.105488032102585 20.22177365422249 0 9.403240635991096 3.037169553339481 53.81453385949135 22.19914045929909 8.340966016054153 2.752687379717827 2.129212945699692 0.935253769159317 778.4800054654479 799.6087496131659 213.586101859808 4.157402642071247 20.74280013144016 29.46236496418715 101.7826827764511 28.03797216713428 7.791263952851295 3.65260161459446 17.95009241253138 3.616308085620403 8.894676052033901 43.74037524312735 5.326835446059704 14.57816858589649 276.2364692091942 11.65775568038225 1.858955398201942 1.999726839363575 7.547233276069164 0.127567932009697 0 0.6219957023859024 0.5346695557236671 3.427939616143703 16.49444658309221 152.3697874844074 11.9647908732295 38.64978728443384 7.370258860290051 32.16994121670723 29.50876975804567 185.7545199692249 8.853437162935734 3.419609561562538 3.201818384230137 5.726947784423828 12.70942848920822 89.88820031285286 92.83159738779068 35.46949377655983 0.3842284381389618 104.4486387073994 266.9184910580516 363.8151636794209 230.2345032244921 177.9663356542587 140.4941975325346 1818.939738892019 12.5402123183012 22.68682881444693 15.46237751096487 0.09017278254032135 8.290850646793842 11.08724018186331 3.226369231939316 0.4682382643222809 2.635240592062473 0.8126768842339516 1.94748829305172 0.4969419911503792 48.89928954094648 1.293238207697868 1.272837705910206 98.12514014542103 8.810092374682426 0.6988216042518616 3.893964618444443 54.65910264104605 1.31978914141655 2.407434225082397 0.4326737225055695 1.295041397213936 3.036492712795734 51.10048347711563 0.1298374682664871 37.28012970089912 6.310122027993202 8.80063559114933 5.587295264005661 15.4888286665082 6.545906752347946 12.91345398873091 8.231430530548096 0.4300586953759193 0.1726655215024948 0 0.5557901561260223 0.1361955106258392 0 0 0.1275116056203842 0 0 0.8773445188999176 0 0.5473853051662445 0 0.5452752858400345 0 0.1686108410358429 0.3723329305648804 0 0.1788255423307419 1.483554154634476 0 1.964590892195702 0.7729243785142899 7.044413477182388 0.2569814324378967 8.494146637618542 2.920100226998329 1.687316589057446 0 0.0869661420583725 0.5529056042432785 0 1.363124579191208 1.003481462597847 0.4675739705562592 1.147273555397987 2.755202651023865 0.1529633551836014 0 0.2332431301474571 0.1298971325159073 1.212022587656975 0.4328065440058708 0 0.7514611855149269 2.123949736356735 1.608202248811722 0 2.719091176986694 1.679141953587532 8.970866367220879 0.7946052551269531 1.144887670874596 0.9868482574820518 0.08853023499250412 0 0 0.1930699795484543 0 0.2921420037746429 12.45109951496124 1.496537506580353 0 0 0.7282384559512138 4.026689678430557 1.789255768060684 2.15887139737606 3.464903771877289 4.016435593366623 3.553706303238869 1.369747519493103 1.208025813102722 0 0.09731096029281616 0 0.1005720868706703 0.3993517383933067 0.1188614740967751 0 0.1129500269889832 2.169568628072739 4.743120536208153 2.396351285278797 378.0380313023925 28.53292570263147 499.8972442001104 141.4263462945819 59.76079615205526 73.60111011564732 4.911254890263081 230.0107270926237 6.44489161670208 0.4787601977586746 18.51173112541437 4.325437732040882 11.53411526232958 2.892532475292683 0.152538076043129 2.971988581120968 4.911376640200615 1.392535224556923
15.36410972476006 6.139378324151039 20.60270665585995 336.0183523595333 15.01098592579365 101.481209307909 333.2532053887844 12.84402123838663 22.18665408343077 1680.732084542513 51.38722485303879 0 1528.93035620451 223.1163431704044 54.71930606663227 67.35614366084337 2.417167216539383 0.4167556017637253 0.2524932101368904 0.1023770049214363 0.6535948440432549 0 0.2455428540706635 0 0.4031818360090256 0.9359909519553185 0.1164407879114151 0.09698984771966934 0.4408370554447174 0 9.154235146939754 2.852422557771206 117.0468019396067 0.2839058190584183 0.4674297124147415 0.2347528859972954 91.25828515738249 0.140936017036438 1.150188729166985 0 0.9128928259015083 0 0.266867108643055 21.68162231892347 1.646716609597206 7.586413644254208 52.16140047460794 1.780888006091118 0.1039872169494629 0.2740530967712402 0.5665900334715843 0 0 0.349821150302887 0 0.2117700204253197 0.3859572261571884 4.307083047926426 1.033662587404251 3.158129684627056 1.036766558885574 2.193999767303467 0.8500951603055 8.796997517347336 0.3761843368411064 0.4136159792542458 0.2031092867255211 0.6171710640192032 0.2621757313609123 5.125249765813351 162.3579629063606 159.2506962567568 0 7.142484545707703 14.95992054790258 52.94929873198271 30.02467527240515 28.0369171127677 0.5939556211233139 27.51179614663124 3.476787880063057 3.61662769317627 1.209502257406712 0 1.103047892451286 0.4639067575335503 0.44875667989254 0 0.105376236140728 0.2112042754888535 0.1306790262460709 0.1800021380186081 2.821808785200119 0 0 2975.634901642799 11.4239312261343 0 2.504849255084991 2.590018421411514 8.072960868477821 1.412803739309311 4.916173815727234 1.193497255444527 16.28250984102488 200.09171025455 1.158277481794357 126.655225276947 34.3733226954937 39.80090606957674 23.70896194130182 75.9674218967557 50.93557228147984 62.36769200116396 25.02940740436316 0.7677319124341011 1.405234336853027 0 0 0 0 0 0 0 0 0 0 0 0 0.4228754937648773 0 0 0.3026310503482819 0 2.95442658662796 0.9376078397035599 0 0.4186562299728394 0 11.62047603726387 0 7.883829027414322 0.3315024226903915 0.1307237893342972 0 0 0 0.2794246673583984 0 0.2934316843748093 0 3.537818938493729 3.775882832705975 0.6883539855480194 0.1350899934768677 0 0 0.1196435168385506 0.447939358651638 0.7524659931659698 0.1940151900053024 4.598332919180393 6.770133167505264 0 0 0 15.01025669276714 0.3110515102744102 1.634041585028172 1.393251933157444 0.2717193961143494 0.08593448996543884 0 0 0 0.1335871666669846 33.39444414526224 0.3957305252552032 0 0 0 7.800711736083031 3.40593209862709 4.580532878637314 13.63211911916733 9.133549630641937 10.32159960269928 1.635668456554413 2.022772409021854 1.466509208083153 0 0 0 0.1850790828466415 0 0 0 18.2145694643259 8.941497355699539 6.754525870084763 219.7256597653031 4.98899269849062 147.7199816778302 57.64412502199411 25.91155457496643 11.87670754641294 0.8982624188065529 95.32655891776085 18.94700089842081 2.562967270612717 38.51154847443104 4.513717874884605 32.86286441981792 4.701136201620102 0.1062969788908958 13.88162097334862 1.444441080093384 0.1806072592735291
78.62750400602818 427.0127443373203 230.5978033393621 615.0363962650299 580.066565155983 113.558159828186 4337.350743062794 197.1821581348777 889.5314433947206 6983.823784001172 1236.64477057755 1528.93035620451 0 5307.82021535188 217.7825450822711 199.6968362778425 7.736628860235214 2.175748959183693 1.29622108489275 2.596057370305061 4.273877315223217 0 1.906653553247452 1.050300300121307 7.912641793489456 4.458747416734695 1.089829362928867 0.605487585067749 1.693279474973679 0.2060551270842552 54.88783160597086 17.92646504193544 286.9033824652433 1.87831074744463 3.51160404831171 4.380054302513599 118.7041714191437 1.569054588675499 2.849913790822029 0.5758991166949272 2.989597097039223 0.8022390827536583 2.669726476073265 46.27820805460215 4.817614324390888 7.296642281115055 303.1100976765156 9.101481325924397 1.114677131175995 1.00189133733511 1.924477607011795 0 0 0.6685644835233688 0.1384569853544235 2.025653436779976 5.348744347691536 29.93162001669407 10.43300765752792 26.05111891031265 2.920822940766811 6.952455312013626 6.436590656638145 53.08375456929207 3.914934627711773 1.480311617255211 1.932672999799252 1.423343658447266 4.64514584839344 24.4732983186841 294.5299872234464 121.5040080398321 0.1860831081867218 56.26219014078379 106.8945160210133 334.9594733938575 199.6742116957903 105.5372427999973 2.252792574465275 73.85369388014078 5.759276784956455 1.593025498092175 8.896762117743492 0.195944257080555 4.888269565999508 4.581029810011387 2.558293677866459 0.08605603873729706 1.773088656365871 0.5841664373874664 0.5180721282958984 0.9866312965750694 7.117489621043205 0.4827574715018272 0.895774744451046 3250.088883407414 19.27604422718287 0 5.717146433889866 19.41238766163588 11.56702477484941 5.416391387581825 9.32815695554018 2.431059643626213 33.72158005833626 346.0039621293545 2.413585349917412 221.911706507206 71.14180471748114 115.5055477321148 32.46817549318075 138.4920280054212 106.4492676258087 103.5355964675546 45.32172410190105 1.727229632437229 1.308823838829994 0 0.2727660238742828 0 0 0 0 0 0 0 0.1427941918373108 0 0 0.4118108153343201 0.7401786297559738 0.2685389816761017 0.2258822321891785 0 3.438370235264301 2.391358502209187 0 0.4105557650327682 0 20.5834329649806 0.3722413778305054 17.40010771155357 2.419986553490162 0.1233382448554039 0.1649899929761887 0 0 0 1.792660549283028 0.9025425761938095 0 8.401748046278954 5.179255276918411 3.331401757895947 0.1068987250328064 0 0.1269391179084778 0 0.299505814909935 1.697076767683029 0.579158291220665 8.461150750517845 7.198571413755417 0 1.595624312758446 1.143066428601742 26.46211928129196 0.1522742360830307 3.981318011879921 2.737357974052429 0.3689527586102486 0.2679770886898041 0.2004494592547417 0.3071051612496376 0 0.2500831782817841 63.29105476289988 2.537887647747993 0 0 0.2533716708421707 15.11275754868984 8.097027093172073 14.54648101329803 19.195701405406 17.91886009275913 12.4652862995863 3.975779041647911 2.85034354776144 2.583201043307781 0.08372282236814499 0 0 1.34391201287508 0.1258769631385803 0 0.2038937956094742 31.12014835327864 15.00045065581799 6.343423202633858 658.2835968285799 40.11366847902536 661.4385405704379 243.4522636383772 95.32883132994175 100.3265497013927 4.450953654944897 436.1126719266176 20.90453562140465 2.988891914486885 54.54230597615242 12.60776590555906 56.56263083219528 8.767049916088581 0.3239112496376038 19.78455627709627 11.09688863903284 1.723633259534836
