0 3645.336651943624 426.8568071201444 441.7242507189512 541.219103127718 62.83255007117987 2391.124941304326 41.17041116952896 295.8478548005223 394.1969556510448 332.1038240417838 104.4157614186406 381.1999043822289 318.2611345276237 0.9230746552348137 0.3297588527202606 0.1003186628222466 0 0.113034151494503 0.3779850453138351 0 0 0 0 0 0.1383775919675827 0 0 0 0 308.3580688685179 1.642807573080063 12.66415096819401 0 0 0 0.5677874535322189 0 0.1688534021377563 0 0.2409195452928543 0 0.1018282622098923 0.1113216876983643 0 0 4.259868673980236 2.183836162090302 0 0 0.1550004482269287 0 0 0.2127168029546738 5.748293623328209 2.271621972322464 231.9956991374493 1819.768920786679 23.83104918897152 44.25477981567383 0.1151251122355461 0.2191909104585648 0 12.14380749315023 2.889844007790089 1.155204325914383 2.105667658150196 0.9718864783644676 0.3604226261377335 0.4475527107715607 5.485644862055779 0.4492824375629425 0 234.1305957138538 49.00963210314512 30.37583087384701 3.438853405416012 0.4408718794584274 0.841251976788044 15.44733411073685 0.2302655056118965 1.15900868922472 12.41594719141722 0 2.433756038546562 3.296238712966442 0.3609081134200096 0 0.4084437042474747 0.179930567741394 0.2461510077118874 0.1031326651573181 0 0 0 49.84506385028362 5.227932274341583 0.2512341737747192 0.244407519698143 820.4543555155396 0 0 0 0 0 0 0 0.5377400517463684 3.816115528345108 0.9097706377506256 0 0.2688998058438301 3.420432567596436 1.06449618935585 2.203806430101395 0 0 0 0 0 0 0 0 0 0 0 0 0 0 0 0 0 0 0 0 0 0 0 0 0.18760746717453 0.1544127315282822 0.1066293865442276 0 0 0.1385322958230972 0 0 0 0 0 0 0 0 0 0 0 0 0 0 0 0 0 0 0 0 0.2156753093004227 0.4057345688343048 0 0 0 0 0.08600801974534988 0 0 0 0 4.096448682248592 0 0 0 0 0.2469961866736412 0.2733890563249588 0.1380941271781921 0 0 0 0 0 0.08638392388820648 0 0 0 0 0 0 0 0.3550967574119568 0.7999642491340637 0 25.83209350705147 4.255026750266552 40.41248328238726 9.083797350525856 726.9661929160357 18.50038110464811 0.1004208698868752 4.900510706007481 0.6430755481123924 0 0 0 0 0 0 0 0.7127577662467957 0
3645.336651943624 0 667.8846136257052 244.2295989319682 4480.014970324934 294.6242167055607 5854.957448668778 210.171598739922 2972.404574498534 183.7800631076097 2444.621334813535 21.11682921648026 1071.480251677334 1741.965715236962 4.238521449267864 1.514337405562401 0.9684031009674072 0.1011031270027161 0 0 0.9871633797883987 0 0 0 0.2053704112768173 0 0 0.1282089203596115 0.6624599397182465 0 2297.251098021865 16.2342896014452 29.83551785349846 0 0 0 0.8041558191180229 0.1148816347122192 0.5741890668869019 0 0.7708140909671783 0.2311131656169891 0.4795576184988022 0 0 0 23.26256170868874 6.996109992265701 0.4807411506772041 0 2.161472670733929 0 0 0.4356675073504448 12.69398157298565 6.784285500645638 82.3694930523634 979.6472863256931 45.73912367969751 85.43153956532478 0.5572413727641106 0.4385308846831322 0.3520981818437576 29.96237055957317 9.80954460054636 5.009044952690601 3.117645278573036 3.429538547992706 0.765551283955574 1.069317072629929 2.704502031207085 0 0 286.7803140059114 114.0511513575912 96.44848483800888 21.09751369059086 0.9853453785181046 7.418928362429142 39.09112842381001 0.545689694583416 12.89693086594343 42.93764391541481 0.3638396859169006 8.275791294872761 12.22666922211647 2.847848556935787 0.1785713657736778 1.293034121394157 0 0.459493525326252 0.1097660586237907 0 0.7651554867625237 0.2882889807224274 78.3461804240942 0.1549946963787079 0 0.2989494800567627 1155.577670417726 0 0 0 0 0.1334392726421356 0 0.1191198080778122 0 2.367039352655411 0.3964935392141342 0.669954240322113 2.216757118701935 3.272156819701195 2.405644051730633 3.436689086258411 0 0 0 0 0 0 0 0 0 0 0 0 0 0 0 0 0 0 0 0 0.6807007491588593 0 0 0 0.8535256609320641 0 0.2617500573396683 0.1268538534641266 0 0 0 0 0 0.8624275326728821 0 0 0 0 0 0.08822177350521088 0 0 0 0 0 0 0 0.107908271253109 0 0 0.1078196465969086 3.705128617584705 0 0 0 0.0837489515542984 0 0 0 0 0 6.840724110603333 0.1188937351107597 0 0 0 1.847333244979382 1.599698334932327 0.5902029797434807 0 0 0.1528576910495758 0 0 0 0 0 0 0.1102306917309761 0 0 0 0.980866938829422 1.064478158950806 0.8047133684158325 109.9565928578377 17.10469093173742 215.0513815805316 30.05126481503248 1213.480256654322 57.28735113143921 0.237458199262619 23.58056801557541 1.358932301402092 0 0.1014652475714684 0 0 0 0 0.1252265125513077 0.2457536235451698 0
426.8568071201444 667.8846136257052 0 1.026112832129002 981.0815320760012 8.542881183326244 72.18393274396658 3833.341745220125 582.4193970188498 2.794448293745518 4528.160231411457 31.29005640745163 383.286288805306 936.2324021980166 30.39941757172346 18.25702158361673 12.11035054922104 1.561925061047077 0.6866471022367477 7.65046039223671 45.34770037233829 0 4.718997001647949 2.641777291893959 6.143711566925049 7.939670398831367 1.034289099276066 2.709521256387234 0.6743888109922409 0.204669825732708 4266.110282644629 258.2881896495819 104.5411638617516 3.294102475047112 11.36255156248808 8.207000099122524 11.83350270241499 0.8926018178462982 10.79862519353628 2.952609822154045 50.3982882425189 12.17813219130039 14.08467641472816 3.923840999603271 1.471024513244629 5.212090581655502 51.80045494437218 13.15069717913866 2.62054468691349 1.527281530201435 4.903156660497189 0 0 5.870308354496956 12.68870182335377 10.84700155258179 53.942830696702 1066.258554235101 46.14639364182949 135.5541520565748 26.95982953161001 14.29555105417967 10.94842474162579 352.8672347739339 12.38181833177805 6.493384659290314 6.779236525297165 15.33024785667658 47.25397235155106 67.72022645175457 14.39819306880236 2.855204328894615 0.09636610746383667 392.7904385179281 352.0398032441735 220.7260466590524 95.11777575314045 18.59168259054422 766.9550686478615 1644.955860100687 171.6468692421913 1093.958938956261 54.60970627516508 0.7446296215057373 10.26144282519817 13.43301283568144 10.89298910647631 0.07873035967350006 2.609064981341362 0.6442329883575439 1.379693813621998 1.287883073091507 16.82919222861528 2.750855140388012 4.03352364897728 25.4544689655304 5.724708206951618 1.123327106237411 5.496022216975689 401.3011171147227 0 0 0 0.3518701493740082 0 0 0.1319695264101028 0 0.2827533185482025 0 0.1222425997257233 0.9127452522516251 4.56636119633913 4.640193484723568 8.32275665551424 0 0 0 0 0 0 0.1516845673322678 0 0 0 0 0 0.1212778240442276 0 0.368968591094017 0.2918963730335236 0 0 0 0.4183562621474266 1.161670692265034 0 1.208989404141903 0.3692784905433655 8.651632271707058 4.586768388748169 9.67993851006031 8.304481066763401 0.5621616542339325 0 0.1211196258664131 0 0.5055046379566193 0.7608101367950439 1.187968529760838 0 0 0.110309049487114 0 0 0.2754891738295555 0.2425058260560036 1.383971937000751 0 0 0.2000950798392296 0 0.1198418959975243 0 1.444739282131195 4.202165499329567 11.65274055302143 1.012871019542217 0 0 0.1887008920311928 0 0 0 0 0 13.84727914631367 1.701586805284023 0 0 0.1202530264854431 3.012666188180447 3.576207548379898 6.885618761181831 0.1025732979178429 0.8461713492870331 0.2594703137874603 0.5339477807283401 0 0 0 0 0 0.2900094166398048 0 0 0 3.571359440684319 5.458283044397831 20.57681202143431 216.4243722781539 40.0560649111867 237.9734214618802 45.28656657040119 236.5758393183351 54.48189387470484 1.051214851438999 39.45864693075418 3.136227704584599 0.3986456766724586 0.194372832775116 0 0.3193487375974655 0 0 0.5382470786571503 2.335455246269703 0.1022303178906441
441.7242507189512 244.2295989319682 1.026112832129002 0 283.2635549157858 223.4965656250715 1786.076419815421 0.1462717652320862 149.9262571632862 789.9217084497213 3.648653715848923 108.8561689704657 774.2541346997023 127.8298059850931 0 0.1100116223096848 0 0 0 0 0 0 0 0 0 0 0 0 0 0 1.910548590123653 0.2683387994766235 0 0 0 0 0 0 0 0 0 0 0 0 0 0 1.711925879120827 0 0 0 0.08470388501882553 0 0 0 0 0.1114601418375969 3.954904168844223 17.39056482166052 1.19099199026823 2.596890166401863 0 0 0 0.9355705678462982 0.2372741177678108 0.1935863941907883 0.1100845336914062 0.2835437059402466 0 0 0 0 0 7.952632427215576 2.349207878112793 1.636473275721073 1.077789574861526 0 0 0 0 0 1.210511080920696 0 0.09248494356870651 0.2879684716463089 0 0 0 0 0 0 0 0 0 63.78139612078667 0 0 0 71.08636359870434 0 0 0 0 0 0 0 0 9.918491005897522 0 0 0.7599281817674637 0.627553328871727 0.3198225498199463 0.1334677189588547 0 0 0 0 0 0 0 0 0 0 0 0 0 0 0 0 0 0 0 0 0.2512698173522949 0 0 0 0 0 0 0 0 0 0 0 0 0 0 0 0 0 0 0 0 0 0 0 0 0 0 0 0 0 0 0.1879888325929642 0 0 0 0 0 0 0 0 0 0.3946447819471359 0 0 0 0 0.4509517326951027 0.3727350533008575 0.1343442052602768 0 0 0 0 0 0 0 0 0 0 0 0 0 0 0 0.1441070586442947 7.83400509506464 1.613943018019199 8.891387142241001 1.419047400355339 202.6484359204769 4.1726149097085 0.1219325810670853 2.559497088193893 0.8385860919952393 0 0.1298014670610428 0 0 0 0 0 0 0
541.219103127718 4480.014970324934 981.0815320760012 283.2635549157858 0 81.29483482986689 3036.316172249615 175.4316692426801 3162.987477771938 271.5817406401038 3277.04959077388 45.12692455947399 521.370663896203 625.3995722010732 12.62386327981949 0.6732290238142014 0.66079431027174 0.1992772668600082 0 0.8774559125304222 0.3639298602938652 0 0.1392845660448074 0.1847893595695496 0 1.16911718994379 0.08440575003623962 1.150789983570576 2.297314688563347 0.2429520338773727 348.3416738063097 37.4796704351902 5.871541418135166 0 0.1100278273224831 0 0.2867007255554199 0 0.1153914630413055 0.1058486104011536 0.5522168129682541 1.291899934411049 0 0.3563893884420395 0.2192375510931015 0.3246164098381996 52.82825058698654 11.35792487859726 2.249196194112301 0.4811315611004829 3.062059864401817 0.3528024256229401 0 1.953869566321373 9.74525648355484 9.232507698237896 30.5557618662715 218.0817000046372 38.74973264336586 91.92578753829002 0.102186881005764 0.319581501185894 0.163763090968132 48.68366871774197 12.17066219449043 4.046781443059444 5.882075630128384 6.379640102386475 0.1120933219790459 0.7751387432217598 3.069611728191376 0 0 171.1412156522274 100.6232394129038 140.3873871415854 53.4329020678997 3.811083510518074 3.175228610634804 18.45116294175386 1.201227627694607 3.779631227254868 41.06319962441921 0.1982522308826447 9.495790280401707 13.16317503899336 3.901769876480103 0 2.757007487118244 0 0.6619877144694328 1.865222834050655 0.5098909065127373 2.378401339054108 1.187147818505764 134.8959515541792 0 0 0 79.51092707365751 0 0 0.3377077579498291 0 0 0.5173904895782471 0 0.5122652798891068 1.376438364386559 0.1881055384874344 0.4671341627836227 1.942454725503922 7.511925376951694 7.013364396989346 6.096418298780918 0 0 0 0 0 0 0 0 0 0 0 0 0 0 0 0 0 0 0 0.1853411644697189 0.3257930725812912 0 0 0 0.8709574043750763 0 0 0.1505576968193054 0 0 0 0 0 0 0 0 0.1367034167051315 0.2008823752403259 0 0 0.2335615903139114 0 0 0 0 0 0 0 0 0 0 3.392435722053051 0 0 0 0.1239325925707817 0 0 0 0 0.1953824162483215 9.368348687887192 0 0 0 0 3.449768304824829 2.654027260839939 0.1582908928394318 0 0 0 0.1421464830636978 0 0 0.0856788381934166 0 0 0.10224749147892 0 0 0 4.015784949064255 0.818916991353035 0.4378655031323433 229.4568592235446 34.93053516000509 315.9409375265241 58.62925902754068 431.5840361788869 95.55968112498522 0.9024220854043961 60.31226392835379 0.8600076958537102 0 0.375801146030426 0.2205404937267303 0.6517034769058228 0 0 0 1.093636453151703 0
62.83255007117987 294.6242167055607 8.542881183326244 223.4965656250715 81.29483482986689 0 490.2356190755963 0.7314510196447372 114.7757663205266 861.8015901222825 11.14431568980217 252.6662827581167 371.7441527619958 109.1448070779443 0 0 0 0 0 0 0 0.6582205891609192 0 0 0 0 0 0 0 0 0.6761584728956223 0 31.98722530901432 0 0 0.1290048211812973 13.76508373022079 0 5.558230057358742 0 0 0.1648389101028442 0 0 0 0 0 0.1296015083789825 0 0 0.5112049803137779 8.362355425953865 0.2842601239681244 0.4713105112314224 0 2.015407994389534 253.9845600426197 40.69335225969553 1.396880388259888 0.3430518880486488 0 10.63654448091984 0 0 0 0 0.1221438124775887 0 0 0 217.3797940760851 684.0021322518587 14.05511948466301 0.8329821601510048 0.6086188405752182 0.365133635699749 0.3333187401294708 0 0 15.47143463045359 0 2.339204877614975 0.273942843079567 2.662252694368362 0 1.074690721929073 0 7.539084918797016 1.782107032835484 20.61994386464357 1.987199895083904 5.574784226715565 0.1614034324884415 0 0.5428163856267929 620.2666696384549 350.1001901179552 35.10500463843346 32.55291819572449 344.4354266822338 0 0 0 0 0 0 0 0 1.735339999198914 0 0 0 0.7329554334282875 1.057548195123672 0.8515591248869896 0 0 0 0.9503008723258972 0 0 0 0 0 0 0 0 0 0.3044759631156921 0 0 0.9630935043096542 0.4436794221401215 0 0 0 0 0 0.1651528179645538 0.5591855198144913 1.015066176652908 1.908656880259514 2.619584187865257 0.5415277406573296 0 0 0 0 0.8990501165390015 0.3088816404342651 0 0 0 0 0 0 0.1419338285923004 0 0 0 0 0 0 0 0 0 1.021006092429161 0.1490019112825394 0 0.2248532623052597 0 0 0 0 0 0 3.112260766327381 5.792335584759712 0 0 0 0 0.3223679214715958 1.60653181374073 0 0 0.159068688750267 0 0 0 0 0 0 0 0 0 0 0.2126775234937668 6.461751967668533 4.149791568517685 0.642031654715538 0.9144963249564171 1.620706841349602 0.212362252175808 87.57627912610769 0.4948652684688568 0 0 0.1541115194559097 0 0 0 0.2580044567584991 0 0 0 0 0
2391.124941304326 5854.957448668778 72.18393274396658 1786.076419815421 3036.316172249615 490.2356190755963 0 10.80450434237719 634.8640800714493 2019.136028841138 67.56081355363131 148.8151329830289 2260.315516203642 719.2414226010442 12.49394250661135 0.9303638562560081 0.7061025202274323 0 0.1344097703695297 0.4077764451503754 0 0 0 0 0.1225957646965981 1.756057575345039 0.1112353131175041 1.202529318630695 1.622199676930904 0.2563713863492012 109.4651640355587 14.24244064092636 4.387853659689426 0.1318957805633545 0 0 0.5653863102197647 0 0.2766701728105545 0 0.2523652240633965 1.649664707481861 0.1508674174547195 0.2804939299821854 0.1045942455530167 0.3591457828879356 54.4107554256916 14.97488678246737 1.186645366251469 0.1551172584295273 3.984944269061089 0 0 1.67398028075695 16.28763834387064 9.939363569021225 64.09965834766626 360.0210157111287 56.76096478849649 112.9019081443548 0.7143513113260269 1.12466025352478 0.1026454940438271 49.3113661184907 15.90504418313503 5.660422444343567 9.943103522062302 7.111510388553143 1.115159228444099 0 6.319812163710594 0.1807562261819839 0 261.0086114704609 105.8213338777423 152.2707287222147 56.25885849446058 3.932992577552795 1.22385761141777 12.40408842265606 1.068796142935753 3.802471667528152 56.83921936154366 0.6345372274518013 12.99814114719629 18.18538134545088 6.336567208170891 0.296995222568512 3.297642089426517 0.1105937287211418 0.9903334826231003 1.334159426391125 0.5314905643463135 2.230772458016872 1.656994268298149 473.4970010519028 0.3053473830223083 0 0.1027056202292442 188.4302830919623 0 0 0 0.1561847329139709 0.1379085928201675 0.7321410924196243 0.1279264390468597 1.299729108810425 15.84730324149132 0.9172568619251251 1.486117288470268 7.589422658085823 18.37140271067619 14.7671060487628 14.89922892302275 0.2582518458366394 0 0 0 0 0 0 0 0 0 0 0 0 0 0 0 0 0 0 0.6786484867334366 1.379377797245979 0 0 0 0.8239053338766098 0.6216830164194107 0.3336493521928787 0.3005283176898956 0 0 0 0 0 0.1535419225692749 0 0 0.2704602628946304 0.1280703544616699 0 0 0 0 0 0 0 0 0.09066275507211685 0 0 0 0 9.741420514881611 0 0 0 0 0 0 0 0.113595075905323 0 25.91560616344213 0 0 0 0 7.356287963688374 7.514832556247711 4.022495567798615 0 0 0.109460823237896 0 0 0 0 0 0 0 0 0 0 11.60546051710844 1.825423985719681 2.762486234307289 307.8510304242373 43.72667670994997 439.8565521538258 79.78480973094702 1129.698565840721 131.1998579800129 0.4683030620217323 83.83641644567251 1.9488325715065 0 1.117767162621021 0 1.266669541597366 0 0 0.586149662733078 0.3091043829917908 0
41.17041116952896 210.171598739922 3833.341745220125 0.1462717652320862 175.4316692426801 0.7314510196447372 10.80450434237719 0 585.7331277877092 2.370948031544685 2790.906848959625 12.04722471535206 224.3155912160873 727.4337227940559 31.26711333543062 15.17509691417217 9.696362547576427 1.93206062912941 1.867269024252892 15.84933304786682 27.38601019233465 0 2.535816311836243 1.658106043934822 3.552034191787243 4.884805388748646 0.613486535847187 1.52030123770237 0.2645996883511543 0 400.9040578752756 1112.175996124744 63.53487418591976 4.108631797134876 6.175625056028366 8.145508207380772 9.087122231721878 0.8130212724208832 3.467287562787533 1.665247417986393 24.48236081749201 6.800066024065018 12.07762359082699 10.53746207803488 2.091318666934967 13.19120128452778 66.82158808410168 11.22028164565563 3.245565146207809 1.564522564411163 3.068259015679359 0 0 2.205722227692604 5.969722673296928 5.628556080162525 10.63190953433514 64.07670244574547 18.08767356723547 53.71982449293137 47.84853317588568 8.217782892286777 9.657257340848446 160.7490645200014 6.657524332404137 3.157047167420387 5.445136748254299 7.019971624016762 31.57936211675406 35.45695511251688 6.200409799814224 1.872976861894131 0 74.60733960568905 81.87187642604113 154.8824093639851 229.3322449475527 327.1755474954844 1325.216695040464 1179.757795065641 1118.387431815267 1854.853207014501 30.77784951031208 0.3056513890624046 8.399174362421036 8.197998844087124 6.321103073656559 0 1.277954213321209 0.1215583235025406 1.187785238027573 1.752672702074051 10.67578492313623 2.569555260241032 2.99611059576273 21.04570935666561 1.686069644987583 0.6369911432266235 1.417919501662254 13.21845404058695 0 0 0 0 0.367079496383667 0 0 0.2454611212015152 0.3338233157992363 0 0 1.626986615359783 4.43414368480444 2.520087376236916 4.281922362744808 0 0 0 0 0 0 0 0 0 0 0.1956943273544312 0 0 0 0 0 0 0 0 0 0.5314057096838951 0 0.3613506928086281 0.2966383546590805 2.434921637177467 2.095046736299992 2.243991889059544 3.108702197670937 0.8969866037368774 0 0 0 0 0 0 0 0 0.1096713468432426 0 0 0.2054531574249268 0 0.6666422784328461 0 0 0 0 0 0 0.1658490151166916 0.8334381729364395 6.583515331149101 0.2604242563247681 0 0 0.1009089946746826 0 0.26445372402668 0 0 0 7.464808255434036 2.056298896670341 0 0 0.1272189766168594 1.514914840459824 1.725515425205231 2.448833554983139 0 0.1425181478261948 0 0.137905478477478 0.1159605979919434 0 0 0.09071096032857895 0 0.1273693591356277 0 0 0 2.576579123735428 2.997467808425426 7.642413154244423 238.9184292852879 27.07347211241722 324.8723335638642 57.56835512071848 91.65354469418526 65.05439438670874 0.6918092370033264 76.20979133993387 1.729913622140884 0.1001467108726501 0.412132203578949 0 0.1348250061273575 0.1451265960931778 0 0 3.798843219876289 0.3266960680484772
295.8478548005223 2972.404574498534 582.4193970188498 149.9262571632862 3162.987477771938 114.7757663205266 634.8640800714493 585.7331277877092 0 544.6054429709911 3424.631846345961 98.78610298782587 1948.928113728762 1628.602642059326 22.47276390343904 3.908596284687519 0.9075345247983932 0.08982165902853012 0.2998981028795242 1.430693998932838 0.7712464407086372 0.2006311118602753 0.2423774003982544 0 0 1.304094977676868 0 2.792779892683029 2.296382009983063 0 191.9946792945266 53.00649508088827 12.95409631729126 0 0 0 1.146404139697552 0 0.4718574807047844 0 0.3522616997361183 1.740527845919132 0.6121342703700066 0.3485992476344109 0.1999146193265915 0.09703326225280762 77.03385829180479 20.01381632685661 2.716212712228298 0.3669007867574692 5.265644267201424 0.3669227063655853 0 0.5400007888674736 8.932094790041447 8.06817589700222 32.7485184520483 155.0758864730597 40.45671298354864 88.39328473061323 0.190822459757328 0.5890616327524185 0.1004986315965652 57.69900918751955 12.801333732903 5.374077662825584 8.720537416636944 7.266590349376202 0.8938885852694511 0.8188963755965233 5.981055870652199 0 0.09571042656898499 150.7769639417529 87.42810286581516 169.1601410880685 105.7789776027203 6.925667181611061 4.23728533834219 32.68069180101156 1.022998332977295 7.695682518184185 44.11569879204035 0.3275188431143761 11.84819374233484 13.94342046231031 6.742620296776295 0 2.581873133778572 0.3239346072077751 1.461532846093178 1.495698183774948 0.8109398409724236 3.412820778787136 1.816453024744987 565.577550791204 0 0 0 67.65316096693277 0 0 0.6144655048847198 0.7764022052288055 0.2015780508518219 1.537152528762817 0 2.493086695671082 2.771811872720718 1.256735473871231 4.749645933508873 13.07974776625633 32.58284375071526 24.83960820734501 26.59142386168242 0 0 0 0 0 0 0 0 0 0 0 0 0 0 0 0 0 0 0 0 4.609718427062035 0 0 0 1.714333243668079 0.1487796008586884 1.613331347703934 0 0 0 0.1669254451990128 0 0.5467549338936806 1.205483883619308 0 0 0 0.1193421259522438 0 0 0 0 0 0 0 0 0 0.1764938235282898 0 0.5237754583358765 0 20.11872074007988 0.109938308596611 0 0.1082658693194389 0 0 0 0 0 0 43.50576011836529 0 0 0 0.3271151781082153 18.42513616383076 8.248364962637424 4.189358070492744 0 0 0.282015897333622 0 0.3342673778533936 0 0 0 0 0.1869444996118546 0 0 0 20.41849847137928 4.213143587112427 5.135804884135723 414.0290923714638 43.21242006868124 445.168931812048 103.0646989271045 444.8869099244475 132.3031402975321 1.32436890900135 149.2916483655572 3.667007319629192 0 1.88988634198904 0.1685418784618378 0.5780892223119736 0.1336966454982758 0 0.5632606148719788 1.297297470271587 0.1331906318664551
394.1969556510448 183.7800631076097 2.794448293745518 789.9217084497213 271.5817406401038 861.8015901222825 2019.136028841138 2.370948031544685 544.6054429709911 0 4.199050202965736 1893.450349465013 3113.688636168838 677.4887875467539 1.990216590464115 0.6457867324352264 0 0 0 0 0 0 0 0 0 0 0 0 0 0 2.658694453537464 0.6111244857311249 5.126553937792778 0 0 0 0.3678871095180511 0 0.1295306086540222 0 0 0.3943347036838531 0 0 0 0.09247353672981262 4.369940236210823 0.7081467658281326 0.3722751885652542 0 0 0.4191375076770782 0 0 0.6831809282302856 0.2271517738699913 49.4691145196557 29.03918862342834 4.055665828287601 5.379634730517864 0 0.5167973935604095 0 1.218638487160206 1.415326252579689 0 0.4700524732470512 0.2435155138373375 0.1180206090211868 0 30.80240632593632 2.866541489958763 0 15.89348622411489 5.038285948336124 5.973662421107292 3.223597913980484 0.5179867818951607 0 3.37264334410429 0.1388162225484848 0.09010674059391022 1.916593514382839 0.1266262978315353 1.10867815464735 0.4974161386489868 0.4483793899416924 0 0.106135293841362 0.2342889457941055 0 0.1258902549743652 0 0.1124084964394569 0 1245.358573779464 5.679395064711571 0.2924753427505493 0.4400560855865479 296.6678919941187 0 0 2.566354915499687 0.4265605807304382 0.120279848575592 1.452671766281128 0 1.084661245346069 23.81191495060921 0.7500039637088776 2.161327578127384 8.394508264958858 22.56266254931688 11.59039161354303 10.88878740370274 0.1387667953968048 0 0 0 0 0 0 0 0 0 0 0 0 0 0 0 0 0 0 0 0.7078155651688576 0 0 0 1.001510418951511 0 0.3531670421361923 0.231688879430294 0 0 0 0 0 0 0 0 0 0.1189607828855515 0 0 0 0 0 0 0 0 0 0 0 0 0 9.308715231716633 0 0 0.1217839792370796 0 0.08134113997220993 0 0 0 0 24.59643100947142 0 0 0 0 5.661101303994656 3.416534774005413 2.652588061988354 0.1651087552309036 0.1651023924350739 0 0 0.102666012942791 0 0 0 0 0 0 0 0 11.73917242139578 1.806843988597393 2.662741377949715 38.59914698451757 1.589810393750668 28.42528668045998 5.878682121634483 530.8719970360398 6.38868061453104 0 12.26238872855902 3.046310551464558 0 0.7434884831309319 0 0.9085234403610229 0 0 0.2139179706573486 0 0
332.1038240417838 2444.621334813535 4528.160231411457 3.648653715848923 3277.04959077388 11.14431568980217 67.56081355363131 2790.906848959625 3424.631846345961 4.199050202965736 0 59.67694419622421 1341.655831731856 2024.721145287156 77.41982620209455 43.74569591879845 3.876501999795437 0.103947326540947 0.1938646957278252 1.058585658669472 1.643422394990921 0 0.3073063492774963 0.1047393083572388 1.078696474432945 2.391290605068207 0.2448795437812805 2.542384013533592 0.836077481508255 0.1313996613025665 430.725969299674 324.9773939549923 459.2923150584102 0 0.6827611029148102 0.8270399644970894 23.47561933100224 0 1.497836448252201 0.4331515431404114 2.189862348139286 2.250273354351521 0.3774591386318207 3.105291523039341 0 0.2902740687131882 120.4443568214774 13.98601818084717 4.680116444826126 0.3228517472743988 3.976276382803917 0 0 1.989947110414505 6.76018150895834 6.366286866366863 16.02182070910931 101.6949350014329 24.91183850169182 69.51772311329842 0.6178720146417618 1.951618850231171 0.4754224047064781 92.35299410670996 10.18555126339197 4.673994280397892 6.590588785707951 5.765251263976097 1.627984061837196 3.07529155164957 37.10297117382288 2.686257794499397 0 97.33497375994921 82.40290693193674 196.7607806250453 221.0942495688796 39.47882745414972 411.4049494862556 521.9633290246129 3.78698319196701 94.52482303977013 31.38511446863413 0.4106527417898178 8.970487743616104 10.81224533170462 5.287235096096992 0.335576169192791 2.012335747480392 0.3425272554159164 1.241707004606724 0.7978500798344612 0.9429593309760094 2.887458212673664 3.471853367984295 120.9057213515043 5.480456747114658 0 0.247126929461956 58.56805934011936 0 0.126270592212677 0.1453143954277039 0.2534583806991577 0.3701661378145218 0 0.6236429065465927 1.158320426940918 0.8556688129901886 0.6649004146456718 1.308962270617485 5.902784921228886 24.90335933864117 17.35924686491489 21.04916778951883 0.3329524546861649 0.1994890123605728 0 0 0 0 0 0 0 0 0 0 0 0 0 0 0 0 0 0.266105554997921 1.401144452393055 0 0 0 3.659478232264519 0.4747862741351128 3.275549545884132 1.690772399306297 0 0 0 0 1.762635879218578 0.8119125962257385 0.1291981339454651 0 0 0.1029972210526466 0 0 0 0 0.407566100358963 0 0 0 0 0 0 0.1687765717506409 1.171906836330891 18.33308491110802 0.331907644867897 0 0 0 0 0 0 0 0 51.67962965369225 2.046363070607185 0 0 0 11.56615706533194 8.825361020863056 6.657583065330982 0 0 0.263766922056675 0 0.5187444686889648 0 0 0 0 0.1744764819741249 0.4535515308380127 0 0 20.49748182296753 10.78943790495396 13.2296089977026 421.8889522776008 37.99369613826275 414.8372366353869 88.05731620639563 167.8266654163599 87.43565183877945 0.7058683186769485 151.4569840654731 3.942822977900505 0.2464274540543556 1.01304304599762 0 1.472322687506676 0.1174722537398338 0 1.369908094406128 4.032568968832493 0.2061213701963425
104.4157614186406 21.11682921648026 31.29005640745163 108.8561689704657 45.12692455947399 252.6662827581167 148.8151329830289 12.04722471535206 98.78610298782587 1893.450349465013 59.67694419622421 0 2818.974634811282 678.8836690932512 13.69164074957371 9.782975926995277 0.6234135776758194 0 0 0.1138806864619255 0 0 0 0 0 0.32826017588377 0 0.1048738658428192 0.262859582901001 0 6.531696565449238 3.066953510046005 52.13402263075113 0 0 0 2.469950407743454 0.3187958896160126 0 0.1155426651239395 0 0 0 0.4702261984348297 0 0 21.04000275582075 2.656188577413559 0.447874628007412 0 0.1027345061302185 0 0 0.3521366119384766 1.15085607022047 0.1595494970679283 15.77531316876411 26.67817996442318 4.459900639951229 8.544914722442627 0.1743045449256897 0.2115076333284378 0.136993482708931 5.092372551560402 1.086126387119293 0.285346657037735 0.4669415205717087 0.7132090702652931 0 0 97.6339283362031 7.305638186633587 0 17.18561878055334 4.617429248988628 21.59457665681839 25.50690750777721 5.688719667494297 0.9636887311935425 25.45525242388248 0.259337954223156 2.723530724644661 4.685494661331177 0.08558342605829239 0.6424629017710686 1.259833142161369 0.9984246641397476 0 0.1956605315208435 0 0 0 0.1987140849232674 0.5184665992856026 0.1606452614068985 2171.172999180853 17.01632895320654 0 2.598028123378754 60.61830431967974 0 0.3987390995025635 0.1426077336072922 0.3988956660032272 0.3985259979963303 3.14451490342617 0.5378986522555351 3.175585076212883 13.26900114864111 3.661931782960892 8.981625691056252 28.42337273806334 91.56608930230141 67.55694887787104 63.63912083953619 0.173967719078064 0.1690649539232254 0 0.2651026695966721 0 0 0 0.1005344539880753 0 0 0 0 0 0 0 0 0 0 0 0.5125887915492058 3.50234816968441 0 0 0 5.724116109311581 0.553002804517746 3.015798024833202 0.7852920740842819 0 0 0.1173068434000015 0 0.3524392247200012 0 0 0 0 0.124153845012188 0 0 0 0 0 0 0 0 0.1046281903982162 0.1610464453697205 0 0.1220017448067665 0.1336289346218109 47.59234723448753 0 0 0 0.1705117598176003 0 0.1364454925060272 0 0 0 123.5040708184242 0.9706978350877762 0 0 0 32.30058087408543 18.75979590415955 8.003621704876423 0.439001053571701 0 0.9079241305589676 0.2556809335947037 0.4245864227414131 0.1551583856344223 0 0 0 0 0 0 0 65.26709169894457 12.08033978193998 19.76914853602648 163.5525519773364 5.267596758902073 87.12001671642065 19.55837368220091 179.1193617880344 18.92349109053612 0.3702019900083542 37.81863644719124 9.440270900726318 0 3.391416296362877 0 2.568000413477421 0.4200717061758041 0 0.8020700812339783 0.1847193688154221 0
381.1999043822289 1071.480251677334 383.286288805306 774.2541346997023 521.370663896203 371.7441527619958 2260.315516203642 224.3155912160873 1948.928113728762 3113.688636168838 1341.655831731856 2818.974634811282 0 3735.564872376621 111.0794330462813 63.75081253051758 6.91892771422863 0.4358341097831726 0.09304729849100113 1.896464720368385 1.512167036533356 0.8053447008132935 0 0 5.062028460204601 6.099333770573139 1.567727871239185 6.852270849049091 4.019103147089481 0.6096751913428307 92.16147854179144 35.04649396240711 1173.709554776549 0 0.1663065403699875 12.81663294136524 96.85447210073471 8.717666245996952 113.9806350916624 19.0957712456584 1.691736705601215 4.315674848854542 1.174989588558674 3.833304345607758 0.6752481907606125 1.365986809134483 131.6576179936528 14.30503050982952 4.860528230667114 0.1639374792575836 5.745963536202908 1.38448940217495 5.01337818056345 3.115015596151352 6.91703437268734 5.970358036458492 47.56247276067734 89.06341867893934 20.99810158461332 59.31647543609142 6.649341434240341 89.56600701063871 1.267956294119358 43.48146379739046 7.785258017480373 4.402844749391079 6.792049273848534 8.165884047746658 2.931858323514462 1.437535062432289 981.243585690856 118.6974842175841 0.8848176449537277 82.12653878331184 42.02532568573952 171.2809177711606 213.3734497949481 34.37166535109282 4.748767867684364 437.3159896954894 4.320007890462875 57.65740036219358 31.48110733181238 0.7259464487433434 7.311152309179306 10.73363619297743 7.99158651381731 0.7997925728559494 2.05814104527235 2.327549703419209 2.737152598798275 2.985061459243298 0.9518770575523376 3.083956338465214 3.034614808857441 5288.816050358117 227.7679071873426 11.3502978682518 365.8561798706651 144.3130863457918 0.09818705171346664 1.686359047889709 1.697343938052654 2.421204634010792 2.130643077194691 4.843115143477917 6.892728760838509 7.471682213246822 50.89387838542461 13.39285466074944 17.42619594931602 86.26878225058317 251.7106668576598 202.7718162983656 237.1499331593513 0.9597981944680214 0.8439949676394463 0.1137967929244041 0 0 0 0.4185861051082611 0 0 0 0 0 0.5036018043756485 0 0.349088728427887 0.116375707089901 0 0 0 2.190166637301445 17.13064826279879 0.1174451559782028 0.8562663197517395 1.179937988519669 36.13987351208925 4.770122408866882 24.62591772526503 11.75101970881224 2.106093719601631 0.1407771706581116 0 0.2669964507222176 2.648167431354523 6.039195410907269 0.6514717042446136 0 0.8429905325174332 2.472291640937328 0.1943464279174805 0.299359530210495 0 0.3706932812929153 0.5812903642654419 0.09308598935604095 0 0.1860117986798286 0 0.4368748366832733 0 2.96601065993309 4.61027392745018 201.8913495615125 1.288832448422909 0.4245995730161667 0 0.1585756987333298 0 0.3311468437314034 0 0 0.2877398058772087 511.904236651957 18.11231397092342 0 0 0 105.2204585522413 84.88920287042856 52.10726793855429 0.6058410555124283 1.423425033688545 1.740527868270874 0.9224731549620628 2.032798804342747 0.1193945929408073 0.1314592361450195 0.09204921126365662 0 0.08933624625205994 0 0 0 242.9827225655317 139.8339153677225 130.1605450361967 797.8176126405597 60.50142453610897 521.4644512087107 128.9371401369572 538.8924187719822 134.0332853719592 0.7760732620954514 267.7691933512688 31.47415371239185 0.6043522357940674 11.00728353112936 0.5995455533266068 12.27851386368275 0.947841964662075 0 5.216108314692974 8.540798395872116 0
318.2611345276237 1741.965715236962 936.2324021980166 127.8298059850931 625.3995722010732 109.1448070779443 719.2414226010442 727.4337227940559 1628.602642059326 677.4887875467539 2024.721145287156 678.8836690932512 3735.564872376621 0 67.65506831556559 34.91294898837805 3.153271161019802 0.4346690997481346 0 1.752951085567474 0.962615430355072 0.1703348457813263 0 0.1227167695760727 0.6058523952960968 1.801691494882107 0 2.797331094741821 2.548055440187454 0.1194993630051613 178.1635510995984 60.38928648084402 788.0432900711894 0.1121396496891975 0 0.5211164802312851 61.44337101280689 0.3047634586691856 1.756993465125561 0.1257034093141556 0.2312751263380051 2.043104618787766 0.4957228377461433 1.718104176223278 0.1664728000760078 0.1165814995765686 100.1145968586206 13.21541491150856 2.138856068253517 0.123592846095562 5.046583443880081 0.1795804351568222 0.1529902815818787 1.876031756401062 5.53833731263876 5.018641099333763 17.72414716333151 94.72712633013725 17.23744475841522 61.13571126013994 0.4637354537844658 11.89406068623066 0.1296402662992477 49.70723600685596 9.604617320001125 5.227971188724041 5.301066167652607 6.367332644760609 1.237687200307846 1.423775814473629 147.2215774729848 9.092480443418026 0 79.9394439458847 51.65185933560133 156.2941704466939 178.2857250720263 25.54559076577425 21.03688692301512 178.3160861507058 1.620328843593597 19.63582410663366 31.70574563741684 0.2159378677606583 7.881740264594555 9.200496219098568 5.095592603087425 0 1.913322664797306 0.493118055164814 1.665963537991047 1.694243222475052 1.124424681067467 2.026513509452343 2.012059830129147 999.6423768103123 8.719902969896793 0.5478852242231369 1.594711810350418 67.01084312051535 0.5532177090644836 0 0.4853237867355347 1.10250848531723 1.616948746144772 2.817724734544754 1.815370686352253 5.525576546788216 28.93761242181063 5.205601550638676 9.383045479655266 36.46516831964254 85.18046575039625 76.5999192148447 72.35355743765831 0.2193648219108582 0 0 0 0 0 0 0 0.2719551622867584 0 0 0 0 0 0 0 0 0 0 0.3730818554759026 8.21086110919714 0 0 0.2747587561607361 7.664842650294304 0.9422349482774734 7.237442627549171 0.3729896172881126 0.1327641755342484 0 0 0.1054124087095261 1.573731482028961 1.499806016683578 0 0 0.5080545917153358 1.069385498762131 0 0 0.1188817471265793 0 0 0.08707566559314728 0 0.0870465561747551 0.2279985845088959 0 0 0.3004169762134552 0.576395720243454 61.93889936804771 0.2891800850629807 0.08547501266002655 0 0 0 0.2215109840035439 0 0 0.1430817842483521 141.1817290633917 2.176569133996964 0 0 0 37.00639765709639 25.44338688999414 12.45576805621386 0 0.4131473153829575 0.5571292042732239 0.1687934100627899 1.188292555510998 0.1131738126277924 0 0.2147136107087135 0 0.07808368653059006 0 0 0 69.28707640618086 25.94013041257858 27.37363312393427 508.0136608481407 40.91843843460083 394.8182460740209 94.10938303172588 271.0061074569821 94.8954167291522 0.7725764065980911 182.9499135836959 9.69201435148716 0.111890971660614 4.42244365811348 0.3292081877589226 6.06869488209486 0.3554229438304901 0 1.183229468762875 1.922958433628082 0
0.9230746552348137 4.238521449267864 30.39941757172346 0 12.62386327981949 0 12.49394250661135 31.26711333543062 22.47276390343904 1.990216590464115 77.41982620209455 13.69164074957371 111.0794330462813 67.65506831556559 0 1257.240941442549 805.2579604685307 4.340272098779678 61.69551867246628 3.849541999399662 3.078383341431618 0 0.1366119682788849 0.09182151407003403 2.456644684076309 2.281010247766972 0.6433865502476692 0.6476917937397957 0.5098868906497955 0.1318827867507935 9.817575372755527 57.56259912252426 80.36674892157316 0.7439208030700684 1.460386879742146 4.63975815474987 59.78335238993168 2.973249614238739 21.14728739857674 5.591807298362255 4.173028223216534 5.775068156421185 7.898118637502193 1049.23869112134 4.163949705660343 114.4094026759267 822.3114490807056 34.29190022498369 49.16752599179745 7.141450643539429 2.259062066674232 0 0.8827266991138458 2.119796417653561 0.6722644716501236 0.3296040147542953 0.3615798130631447 3.936033569276333 26.33690644800663 211.4390802755952 95.83282820135355 110.6578518077731 1.395742543041706 33.99948716908693 2.658264748752117 2.129271395504475 1.312321178615093 9.688256740570068 29.5320211276412 10.5804546251893 33.7214368507266 0.7970953956246376 0 109.2415399104357 26.935905829072 374.3540465086699 817.9098345562816 431.2258664444089 24.79062885791063 445.7039270028472 173.7803420573473 531.4133455455303 19.14284365624189 0 2.804958753287792 1.983155526220798 44.62404132634401 0 0.506471112370491 0 0.26601392775774 0.2197406888008118 5.216924577951431 2.774552024900913 2.889388248324394 2.936865210533142 7.941520109772682 0.7275445461273193 8.648664824664593 0.1266212314367294 0 0 0 0 0 0 0 0 0 0 0 0 0.3940761312842369 0.777443140745163 1.438638776540756 0 0.1436316519975662 0 0.1978291124105453 0 0 0.1516470313072205 0 0 0 0 0 0 0 0 0 0 0 0 0 0.08977533131837845 0 0.7739490792155266 0.128584012389183 0.7999919205904007 1.715058244764805 2.980241239070892 4.757067829370499 0.8907737657427788 0 0 0 0.1721108853816986 0.5245864242315292 0 0 0 0 0 0 0.3464944660663605 0 0.4961142390966415 0 0 0 0 0 0 0 1.140207804739475 1.713607832789421 0 0 0 0 0 0 0 0 0.1281401515007019 2.339009828865528 0.770713284611702 0 0 0.1459450572729111 0.6713164746761322 0.2049493044614792 1.619392603635788 0 0 0 0 0 0 0 0 0 0.1519055217504501 0 0 0 0.08989995718002319 1.521484062075615 4.792881600558758 38.82888761162758 4.517442487180233 258.3116532564163 17.88638073205948 2.338452123105526 2.590582601726055 0 6.020728647708893 1.514012463390827 0 0 0 0 0 0 0.2845795974135399 0.6000219583511353 0
