0 2439.872279204428 854.7389807626605 1934.710056111217 340.2268397808075 250.8321825265884 1314.072729468346 105.5643993541598 595.1616047099233 1540.451627358794 534.696824632585 379.4900773912668 877.858576670289 285.3569963723421 1.328807659447193 1.780804343521595 0 0 0.1218127459287643 0.4751931726932526 0.1286194026470184 0 0 0.1414283215999603 0.1796797215938568 0.1154037639498711 0 0.1391597837209702 0.1464574187994003 0 354.1407840251923 1.254150122404099 16.76455897837877 0 0 0 35.52349711209536 0.2114688903093338 0.3734850585460663 0.1258781254291534 0.1266705244779587 0 0.3624542653560638 0.9254946112632751 0.1049673408269882 0 2.514696411788464 1.167440459132195 0.1311139464378357 0.1206466555595398 0.366229772567749 0 0 0 5.76986175775528 10.66256206482649 484.0934445783496 1294.715335890651 46.12808418273926 10.93462469428778 0.1185864508152008 0.3970664441585541 0 0.6562600582838058 3.230197079479694 3.331532917916775 0.740918256342411 1.408517010509968 0.2320980504155159 0.1312243342399597 43.34417549520731 1.876504749059677 0 174.0288920849562 16.88253242522478 5.649311192333698 1.567875728011131 1.084171280264854 0.4331191405653954 29.84463268518448 0 0 9.925706461071968 2.802241995930672 1.845153994858265 8.713753439486027 1.035959236323833 0.3077046796679497 0.9161023497581482 0 0.3625490665435791 0.1130141392350197 0.3627936840057373 0.1347285509109497 0 230.8842714428902 12.87111195921898 0.8740177154541016 2.884983524680138 1554.400590509176 0 0 0 0 0 34.17501601576805 0 0.2107477188110352 69.11467795073986 2.007026121020317 0 1.551513984799385 4.26862995326519 1.00775770843029 0 0 0 0 0 0 0 0 0 0 0 0 0 0 0 0 0 0 0 0 0.2971777096390724 0 0 0 0 1.173631526529789 0 0.1773077845573425 0.3014596998691559 0 0 0 0 0 0 0 0 0.292554646730423 0 0 0 0 0 0 0 0 0.4993681535124779 0 0.2377313077449799 0 0 0 0 0.2009073942899704 0 0 0 0 0 0 0 0 3.31713480502367 0 0 0 0 0 0 0 0.2772428393363953 0.4349477589130402 0.1375613063573837 0 0 0 0.1347071379423141 0 0 0.3114874064922333 0 0 0 1.904747545719147 0.3320672214031219 1.291760124266148 35.47723110765219 26.48988945782185 99.62390023469925 46.10320080816746 1859.351525105536 61.41664233058691 0.9069695919752121 8.788060657680035 1.789990484714508 0.5952133461833 0.3300411105155945 0 3.344884127378464 0.6146338582038879 0 0 0.187385767698288 0
2439.872279204428 0 1966.119804799557 762.7347350418568 5238.447845689952 158.2868658602238 3781.00330118835 194.3482170328498 5039.92464479059 80.67109958827496 1507.906400926411 44.26727877557278 682.901649273932 767.3306878656149 1.916316501796246 3.525374807417393 0.3472541570663452 0.1057404279708862 0.1244459599256516 0.2376980036497116 0.2887667119503021 0 0 0 0.6393863409757614 0.6961825788021088 0.1179740279912949 0.5683792233467102 0.4505401104688644 0.1127901822328568 1109.546745024621 2.058949761092663 26.18503081798553 0 0 0 51.54750617593527 0 0.09421618282794952 0.1245057284832001 0.4404115751385689 0.1833331733942032 0 1.006132766604424 0.1267299205064774 0 13.2941021323204 2.98767327517271 0.2523949220776558 0 0.6870272606611252 0 0.2246091663837433 0.5123336166143417 9.689769186079502 15.96817804127932 179.40736258775 743.7768854871392 49.64406932890415 14.99554620683193 0.4174800515174866 0.5439695715904236 0 8.088805511593819 6.261852361261845 7.998564369976521 3.801589392125607 3.679346188902855 0.4922948107123375 1.118534460663795 17.6085040718317 1.475702509284019 0 211.7750868052244 52.48928116261959 21.54080014675856 4.752379961311817 1.376077950000763 2.036772973835468 42.23785708099604 0.451222687959671 0.5671446546912193 21.60512425005436 3.736919790506363 4.958822950720787 17.60259485989809 3.245163023471832 0.6009778454899788 4.305637814104557 0.2056672871112823 0.7336539328098297 0.9083268418908119 0.9237767606973648 0.5695588141679764 0.405461460351944 11.18128682672977 0.2271044701337814 0 0 795.6403695940971 0 0 0 0 0.2929515987634659 36.29205644130707 0.1574279516935349 0 0 2.802288234233856 0 0.8687246143817902 2.010087668895721 2.389409795403481 0.2958467453718185 0 0 0.4252125918865204 0 0 0 0 0 0 0 0 0 0 0 0 0 0 0 0 1.856019988656044 0 0 0 0 1.392984613776207 0 0.5258421152830124 0 0 0 0 0 0 0.3727568387985229 0 0 0 1.715468347072601 0 0 0 0 0 0.3083911240100861 0 1.42158967256546 0 0 0 0 0 0.2458856105804443 0 0 0 0.1931210309267044 0 0 0 0 0 3.892767190933228 0 0 0 0 0.3075056672096252 0 0 0 0.1329664587974548 0.7106488347053528 0.1961192041635513 0 0.09529736638069153 0.4270168170332909 0 0 0 0 0 0 0.9614315181970596 0 2.108562827110291 133.7128984257579 75.62671944499016 259.8710674569011 73.17407840490341 456.2112721204758 81.22091390192509 2.374331772327423 27.96532645821571 3.221329063177109 0.4405093342065811 1.503120504319668 0.2553417980670929 0 0 0.1202637851238251 0 1.832156136631966 0
854.7389807626605 1966.119804799557 0 4.384721197187901 1284.44020678103 2.661155715584755 154.1122549474239 1744.461724683642 2856.518555313349 1.784257173538208 3367.779358148575 40.08975026011467 499.6386928856373 709.5607489198446 10.89723237603903 12.37905392050743 2.981605842709541 6.262479588389397 1.682480432093143 27.89120399951935 16.87659994512796 0 10.43060400336981 3.934820964932442 30.24754286557436 6.464774824678898 3.250580675899982 5.037832945585251 1.787397988140583 0.6951490044593811 4807.129295028746 378.9066611900926 80.85312808305025 8.948890201747417 10.05055250972509 38.58770858496428 108.5850505158305 15.93529612571001 4.954285085201263 12.3096986785531 64.97652389854193 7.120420895516872 14.15089422464371 2.511461094021797 6.496689282357693 4.337024711072445 23.10781368613243 7.277326539158821 5.951119549572468 18.29187501966953 3.604407474398613 0.2434787079691887 1.097084030508995 2.524405188858509 8.476408787071705 11.67454759776592 187.988105930388 1554.490037739277 41.23701760172844 13.8753662109375 4.715206757187843 32.3591823130846 13.23871106654406 351.4376322478056 4.556025370955467 7.359005250036716 3.358507595956326 20.8968700915575 36.03021135181189 129.0068651810288 34.29651211202145 0.7845985144376755 0 193.1816474944353 120.4427783861756 35.02939926087856 40.56986608356237 4.738779291510582 169.077089600265 451.6142687574029 6.94377164542675 96.26836217194796 15.55612967908382 3.461522005498409 4.65624438226223 13.12169446796179 27.0923188701272 0.08083011209964752 3.393474258482456 0.4309760853648186 0.1291985064744949 1.274503774940968 63.89429562538862 4.473134152591228 0.945384256541729 3.056136056780815 0.468447133898735 0 0.3756106346845627 397.552436850965 0 0 0 0 0.4118601232767105 0 0.4632850885391235 0 0.4593516886234283 1.026349753141403 0.1962666362524033 1.551172688603401 3.387758374214172 1.329262539744377 0.4300037547945976 0 0 0 0 0 0 0 0 0 0 0 0 0 0 0 0 0 0.159597709774971 0 1.001148104667664 0.1758546531200409 0 0 0 0.7720426172018051 0.129672184586525 0.3896763175725937 0.3833663761615753 0 0 0.7199078053236008 0 0 0 0 0 0 1.464806348085403 0 0 0.7348912730813026 0 0.147424653172493 0 0 0.5183541029691696 0 0 0 0 0 0.9838623404502869 0.9107832163572311 0 0 0.09694771468639374 0 0 0 0 0.1506181061267853 3.71534027159214 0.318784661591053 0 0 0.5302709937095642 0.4491918310523033 0 0 0 0 0.6700403690338135 0.4616112411022186 0 0 0.3260214775800705 0 0 0.2379154711961746 0 0 0.2713870108127594 1.110345512628555 2.574062809348106 2.963478319346905 62.39525666087866 58.52839512377977 186.5518624931574 48.69603203237057 110.1640463247895 39.90815782546997 2.054323673248291 13.78638239204884 1.284246698021889 0.7470095008611679 0.07539330422878265 0 0.3379175662994385 0.274874210357666 0.1669457256793976 0.787123829126358 1.781743764877319 0
1934.710056111217 762.7347350418568 4.384721197187901 0 175.0328707769513 604.8010303676128 738.5505309849977 0.3690104782581329 62.39012572169304 2299.280732378364 1.906392529606819 966.5990853011608 2386.746928438544 65.65676191449165 0.6637336611747742 0.5244315341114998 0.1220661103725433 0 0 0 0.1719210892915726 0 0 0 0.1407628655433655 0.1708578616380692 0 0.1099266856908798 0.1391029804944992 0 25.60783181339502 0.4803540855646133 0 0 0 0 1.009778060019016 0 0.5004025846719742 0.3437614217400551 0.3015977889299393 0.1468590646982193 0 0 0 0.1206987351179123 4.963384948670864 2.960824847221375 0.2416956126689911 0.3767948001623154 0.7650416940450668 0 0.1444183140993118 0.2048317342996597 3.000120975077152 7.994881689548492 69.1252114623785 226.9712412953377 23.12042811512947 7.475449815392494 0 0 0 2.254569038748741 4.316706456243992 3.071371614933014 2.212587207555771 2.207620851695538 0.1347522884607315 0 2.231475904583931 2.31898421049118 0 84.19083023071289 23.07509414106607 9.784226223826408 1.935055419802666 0.1359955817461014 0 0.2341835498809814 0 0.1667252629995346 10.82326272130013 2.231060162186623 2.753233842551708 9.240252323448658 1.315528079867363 0.3883667588233948 2.067400850355625 0.1003646999597549 0.4947410002350807 0.3168433606624603 0.5073221400380135 0.1117083132266998 0.6793783456087112 82.25729659199715 0 0.2632014155387878 0 413.8849248811603 0.2577506601810455 0 0.2354057878255844 0 0.2907468676567078 5.345821425318718 1.07564577460289 0 33.58329999446869 2.905484333634377 0 1.641463167965412 2.299574345350266 2.886827990412712 0 0 0 0 0 0 0 0 0 0 0 0 0 0 0 0 0 0 0.4866433441638947 0 0.4813871532678604 0 0 0 0 0.4910567551851273 0 0.7406980991363525 0 0.385753333568573 0 0 0 0 0 0 0 0.8534334897994995 0 0 0 0 0 0 0 0 0.1603777408599854 0 0 0 0 0 0 0.4599108994007111 0 0 0 0 0 0 0 0 1.916218817234039 0 0 0 0 0 0 0 0 0.2544371485710144 0 0 0.8885892629623413 0.1259410828351974 0 0 0 0 0 0 0 3.083232656121254 0.1464907079935074 2.276716142892838 75.33867565542459 40.88950926810503 122.6508785486221 36.96733450144529 674.4955468550324 36.40800472348928 0.7737877815961838 8.054782092571259 1.408551201224327 0.1457010209560394 1.372112512588501 0 0 0 0 0 0.2227596193552017 0
340.2268397808075 5238.447845689952 1284.44020678103 175.0328707769513 0 10.63915792107582 834.4629576206207 36.16717817634344 5475.969202399254 40.06201687455177 940.5011325627565 8.935507044196129 145.2839034199715 216.0476359724998 2.283484250307083 4.186099991202354 0 0.1159012317657471 0 0.125519335269928 0.8763798028230667 0 0 0 0.09234979003667831 0.646388478577137 0 0.5135916918516159 0.2955516129732132 0.1618980318307877 140.4130629450083 8.498206958174706 1.510086670517921 0 0 0 6.553770981729031 0 0.1052707955241203 0.3091677576303482 0.2146210819482803 0.8881333693861961 0 0.1262161731719971 0.2218819335103035 0.2312408089637756 17.91739342361689 3.227247588336468 0.227870985865593 0.2293780967593193 0.7660156711935997 0.2971754595637321 0 0.6099212840199471 5.910195969045162 8.915807083249092 36.54842523485422 121.9721863940358 16.99918045848608 12.04025328159332 0.5791704505681992 0 0 11.37448783218861 2.792474716901779 4.770784020423889 2.407967485487461 3.306953735649586 0.1646870374679565 0 4.398038417100906 6.465657770633698 0 81.5248579531908 40.21303550153971 28.56128437817097 10.50055627524853 1.038887143135071 0 1.796837218105793 0 0.3128018379211426 11.8975495249033 1.723255939781666 1.493280440568924 10.67702563852072 2.2901421636343 0.1042980998754501 3.392388045787811 0.4754315614700317 0.7297009825706482 1.194524869322777 0.5284367576241493 0.2318933829665184 0.6774471253156662 28.21426400542259 0 1.120466113090515 1.823104701936245 61.15977389365435 0.4572031199932098 0 0 0 0.8704214990139008 0.7487211227416992 1.071646928787231 0 0.6237188577651978 3.810159415006638 0 4.997234269976616 7.212391242384911 6.311218410730362 0 0 0 0 0 0 0 0 0 0 0 0 0 0 0 0 0 0 0 0 2.738312214612961 0.9438189566135406 0 0 0 2.784404173493385 0.5464315414428711 1.095804691314697 1.203682065010071 0 0 0 0 0 0 0 0 0.8099572956562042 0 0 0 0 0 0 0 0.7981864809989929 0 1.496171712875366 0 0 0 0 2.080576866865158 0.19626784324646 0.6613615751266479 0.1291268318891525 0.1281557679176331 0 0 0.1100411862134933 0 0 6.282996341586113 1.267192959785461 0 0 0 0 0 0.732684850692749 1.194716900587082 0.3789704442024231 1.33489054441452 0 0.1443177908658981 0 0.4265878200531006 0 0 0.1984113752841949 0.1216254085302353 0 0 2.253500118851662 1.301099598407745 11.85156914591789 201.8334129974246 65.1792374625802 250.9244211837649 56.54641453176737 66.43853675574064 43.67144180834293 1.930962599813938 27.65245812386274 3.403036162257195 0.7365767732262611 1.169027298688889 0 0 0 0 1.006062984466553 1.391792207956314 0
250.8321825265884 158.2868658602238 2.661155715584755 604.8010303676128 10.63915792107582 0 198.1482563912868 0.4895683825016022 10.39799335598946 584.5190434604883 3.940783947706223 149.0592983365059 208.1521234363317 6.149004772305489 0.1511133164167404 0 0 0 0 0 0 1.018300205469131 0 0 0 0 0 0 0.3685548007488251 0 0.8299437314271927 0 10.36733782291412 0 0 0 21.31206077337265 0 2.093716740608215 0 0 0 0 0 0 0 0 0.1084011048078537 0 0 0 6.573906689882278 0 0 0 1.426727935671806 181.2568135261536 15.3569266051054 4.57450544834137 0 0 0.8084254860877991 0 0 0 0 0 0 0 0 223.7337561249733 165.365494787693 21.53875386714935 1.173562586307526 0 0 0.207545280456543 0 0 2.093084454536438 0 0 0 3.886127606034279 0 0.8524469435214996 0 20.53260931372643 4.874066337943077 17.35951009392738 0.6681691855192184 7.273428127169609 0 0.2734191119670868 0.6497271656990051 469.8000703901052 151.0095926225185 57.95555034279823 39.15642933547497 443.424565628171 0 0 0 0 0 8.060206234455109 5.947103723883629 0 6.920019760727882 4.772550046443939 0.2867340445518494 1.486648231744766 5.366178199648857 1.639185309410095 0.5741002708673477 0 0 0 0 0 0 0 0 0 0 0 0 0 0 0 0 1.81367614865303 3.129104599356651 0 1.779539063572884 0 0.1817719489336014 0 0 2.027804657816887 0 2.333718731999397 0.9094183593988419 0 0 0 0 0 0 0.4040550887584686 0 0 0.5226640701293945 0 0 0 1.784351497888565 0 0 0 0 0 0 0 0 0 0.3434777706861496 0 0 0 0 0 0 0 0 0 4.877205327153206 1.884188234806061 0 0 0 0.3074532449245453 0 0 0 1.033133327960968 0 0.1916124075651169 0 0 0 0 0 0 0.4019938111305237 0 0 3.03403152525425 2.82022812962532 4.351613491773605 4.127665549516678 1.257906652987003 0.6963730826973915 0.5202963501214981 140.0770290195942 0.2673613727092743 0.9792570471763611 0 0 0 0.3351651877164841 0 0 0 0 0 1.313326954841614 0.1937538534402847
1314.072729468346 3781.00330118835 154.1122549474239 738.5505309849977 834.4629576206207 198.1482563912868 0 26.70884668827057 4542.763172291219 1747.47832480073 120.1717477664351 49.78764313459396 3796.113707341254 346.4064325094223 21.37209554761648 18.33776289969683 0 0.1217837557196617 0.1188874393701553 0.4216067790985107 1.48945614695549 0.7978968769311905 0.9637580364942551 0 0.2533832937479019 5.796933233737946 0.223634161055088 2.916067183017731 5.75941513478756 0.6634450629353523 225.926924996078 27.49501307308674 2.200331516563892 0.2939671277999878 0 0 2.965160176157951 0.1312754154205322 6.169978082180023 0.920552983880043 1.537066824734211 1.076765641570091 1.449009045958519 1.114834748208523 0.9727155938744545 0.9632214903831482 79.87543196231127 11.99193646013737 1.426816269755363 1.942292973399162 4.580661959946156 0.7676520347595215 0.3387151807546616 3.405552908778191 21.70174624025822 33.43288623541594 146.3962966129184 442.0013025328517 78.46555892378092 56.49776541441679 1.577150575816631 0.8539959564805031 0 44.25817678868771 13.27681999653578 19.82039919495583 13.01375088095665 15.33464087545872 3.050300695002079 1.165831491351128 8.58567862957716 42.02264483273029 0 321.8120431154966 154.3311108276248 139.9119819700718 54.74451143294573 6.893600858747959 0.5956961959600449 4.355363823473454 0.6732757538557053 1.667367346584797 44.07528109103441 10.03236797451973 14.45306572318077 43.12256568670273 13.03513492643833 2.916223384439945 11.6839891821146 1.19919753074646 3.277440845966339 5.649229161441326 2.708027772605419 0.7450444251298904 3.893815249204636 329.3279530256987 8.611584424972534 1.035242825746536 4.70940638333559 269.0626980885863 3.393158197402954 0 0.5251552611589432 0 4.009628124535084 30.49022343754768 13.46427603065968 1.911799520254135 9.921348243951797 61.88446125388145 2.686459869146347 55.81556123495102 96.73418109118938 73.11952345073223 9.752092644572258 1.137744426727295 0.3086764514446259 0 0 0 0 0 0.670911431312561 0 0 0 0 0.4868434071540833 0 0 0 0 0.7566623687744141 0 39.10997438430786 12.09414458274841 0 0 0 38.18768608570099 1.97753518819809 18.33239853382111 7.564174756407738 0 0 0 0 0 0 0 0 4.488166198134422 6.452202387154102 0 0 0 1.253610372543335 0 0.7407398968935013 0.7442602515220642 1.733449287712574 2.186130106449127 7.084882542490959 0.4362128078937531 0 0 17.52013571560383 7.094366356730461 2.945329800248146 2.381571590900421 0.1805970966815948 0.1769001185894012 0 0 0.4064909815788269 0 117.5820529013872 5.410467714071274 0 0 0.6096175089478493 15.813058167696 0 0.4175283312797546 4.395181760191917 16.11647118628025 8.481511317193508 1.045092046260834 1.833427354693413 0.7369079887866974 1.15764407068491 0 0.1492826342582703 1.051726996898651 0 0 0.2445418685674667 50.99943555891514 46.91318002343178 98.77037170529366 907.3407122939825 333.1877397373319 958.572601750493 237.4328690469265 586.3674576729536 190.583083845675 8.217148005962372 142.0485362485051 23.06461251527071 4.117726132273674 20.17126029729843 4.649268247187138 17.43505419790745 1.27876353263855 0 0.6528398990631104 5.9606589153409 0
105.5643993541598 194.3482170328498 1744.461724683642 0.3690104782581329 36.16717817634344 0.4895683825016022 26.70884668827057 0 1438.009533315897 0.1595859676599503 3818.64119823277 24.39807511121035 277.4907587841153 423.4233142137527 27.65214248001575 33.26364777237177 3.05693382024765 19.93136389553547 2.062155485153198 78.22742130607367 97.81734026968479 0 43.06695187836885 7.701534517109394 73.71031954139471 32.2361469194293 11.18427818268538 7.003169313073158 3.06250236928463 0.8260847106575966 1139.141103327274 2503.535976283252 178.9778729975224 42.45201875269413 31.76429446041584 125.8181034252048 140.3776097670197 57.07441090047359 16.66796028614044 25.96152467280626 195.5983775705099 11.1768766194582 28.57659773528576 3.499108195304871 16.01087895035744 14.40307005494833 79.56617972999811 15.97428333759308 14.17779769748449 36.30186869204044 6.376914963126183 0.6210108250379562 1.201031282544136 2.892083004117012 6.989826411008835 13.15532956272364 60.09398831427097 332.824645139277 25.17321986705065 31.58714143931866 54.78826416283846 235.0867153853178 43.68487724661827 200.1069763451815 6.30558780580759 11.53746534138918 7.249602906405926 25.92407084256411 58.37863772362471 304.3556503579021 38.69047479331493 3.247807651758194 0 143.86266964674 151.1708755865693 145.8714260533452 289.9661033973098 1065.053223066032 1082.894642904401 2679.70581163466 109.5373172387481 1393.663601152599 18.81270820647478 4.345727883279324 9.007724300026894 17.23417417705059 49.90978248417377 1.088336430490017 4.732909701764584 0.6929450631141663 1.914880238473415 3.48364269733429 171.542453199625 8.762122705578804 2.2932064011693 1.655081167817116 1.994397297501564 0 0.1646112203598022 63.36459773778915 0 0 0 0 0.4965312480926514 0 0 0 0 0.6249114274978638 0 1.091130197048187 1.26789365708828 0.9854342341423035 0 0 0 0 0 0 0 0.1747348606586456 0.2499273270368576 0 0 0.4229137748479843 0 0 0 0 0 0 0.1514914184808731 0 1.305418387055397 0.3825768157839775 0 0 0 1.21928083896637 0 0.9263666868209839 0.8347232416272163 0.1470830887556076 0 0 0 0 0 0 0.4199083745479584 0 0.1199079677462578 0 0 0.4878659546375275 0.2463511824607849 0.5511573106050491 0 0 0.3286091089248657 0 0.1371592283248901 0 0 0 0.7479451894760132 0 0.2085238099098206 0 0.1193015202879906 0.1801684647798538 0 0 0 1.403427913784981 0.7979572117328644 0 0 0.5168138891458511 2.924175679683685 0.6332374215126038 0 0 0 0.3708310127258301 1.530430197715759 0 0 0.1025047451257706 0.2953440174460411 0.3094968795776367 0 0.3544488996267319 0.6523630917072296 0 0 1.194289237260818 1.793297007679939 1.845064386725426 304.2221148088574 123.6519602686167 496.9697714969516 101.9193309396505 36.8658904209733 48.35975137352943 2.072623133659363 73.31610632687807 2.916601441800594 0.7205090895295143 1.537157505750656 0 1.521763890981674 0 0 0 4.283778801560402 0
595.1616047099233 5039.92464479059 2856.518555313349 62.39012572169304 5475.969202399254 10.39799335598946 4542.763172291219 1438.009533315897 0 244.5795227587223 4224.748872816563 36.81603033095598 2470.288050808012 1977.159657157958 25.54224435985088 24.18123443424702 0 0.5797693505883217 0 0.8255996480584145 1.162129424512386 0 0 0.1232095137238503 0.6465961188077927 2.387746088206768 0.2374894171953201 0.8418597802519798 2.821163080632687 0.09632375091314316 331.8681980296969 35.22458035498857 3.838653340935707 0 0 0.1483596116304398 29.74392236024141 0.9229402169585228 5.0237927287817 0.4009040966629982 1.112147860229015 1.08837903290987 0.09674305468797684 1.712710551917553 0.2274401932954788 1.035663314163685 63.91132348030806 7.36035069078207 0.6434716954827309 0.5700609534978867 2.521435230970383 1.044412449002266 0.9770871996879578 2.834795698523521 11.51323285698891 20.45886894315481 91.15532609820366 297.8323370814323 45.35457597672939 28.63122934103012 1.298119701445103 0.8808805793523788 0 36.51957323402166 6.990668810904026 11.13564141839743 7.314321786165237 9.824313536286354 1.983762919902802 1.359743908047676 17.21722654253244 33.18226508796215 0 195.0354116782546 98.01937909424305 115.6429198160768 53.22865118086338 5.393427424132824 1.205397263169289 14.43713561445475 0.7016646862030029 1.698450714349747 25.6749030649662 5.436901099979877 8.419233746826649 25.96134729683399 6.656102292239666 1.518378175795078 8.405373893678188 1.332448050379753 2.155709140002728 3.847692117094994 1.590663053095341 0.7825066670775414 3.20403778553009 146.4813725650311 3.578754007816315 0 3.595348931849003 115.8360708132386 3.478996992111206 0 0.3196946382522583 0.7563667595386505 5.120757766067982 10.33531433343887 20.68916861712933 2.773522689938545 12.06939955800772 46.17676916718483 4.265574634075165 60.54132267832756 104.4982952028513 75.43981330096722 11.3551826402545 1.212470829486847 0.1370271295309067 0 0 0 0 0 0 0 0 0 0 0 0 0 0 0 0 0 34.02419511973858 6.011715456843376 0 0 0 46.3971626162529 0.3651659786701202 24.58330988883972 10.98387031257153 0 0 0 0 0.1904430687427521 0 0 0 7.60142020881176 8.84844858944416 1.340319037437439 0 0 1.613583937287331 0 0.7940251678228378 1.861097157001495 0.3660154193639755 1.890675939619541 8.244067430496216 0 0.1493392288684845 0 16.03523624688387 4.764289826154709 3.665208756923676 1.081016823649406 0.4071983695030212 0.3718847632408142 0 0.09928515553474426 0 0 94.36648545414209 7.873028576374054 0.2517209053039551 0 0 14.56076772511005 0 0.5265978574752808 6.190939366817474 12.67240440100431 12.91354304552078 2.839489966630936 2.775287546217442 1.360222846269608 0.1120328456163406 0.1831686645746231 0 0.4946797117590904 0 0 0 38.23114009201527 41.08168871700764 101.4537950754166 627.7207845896482 186.3162444829941 663.4027186557651 148.0389758273959 104.5226881578565 99.2276292219758 2.037140563130379 108.0833669155836 27.9609403014183 2.517230145633221 27.61741476505995 4.633247800171375 13.02032808959484 2.168212115764618 0 5.885798171162605 4.010969273746014 0.1804201602935791
1540.451627358794 80.67109958827496 1.784257173538208 2299.280732378364 40.06201687455177 584.5190434604883 1747.47832480073 0.1595859676599503 244.5795227587223 0 13.85536135733128 2812.083685860038 6315.686173424125 168.9146490991116 2.05326970666647 1.887616291642189 0 0 0 0 0 0 0 0 0 0.141231581568718 0 0.1582042425870895 0.4609359055757523 0 8.481927484273911 0.5549068823456764 2.410317644476891 0 0 0 16.27481208741665 0.3007701933383942 1.626260817050934 0.513423427939415 0.3875060081481934 0.2179074287414551 0 0.1383513957262039 0 0 9.361933961510658 1.365991123020649 0 0.1130031272768974 0.2924366593360901 0 0 0.3383682370185852 2.434823796153069 3.86641626060009 68.02155822515488 105.2968114614487 11.41119129955769 4.567012593150139 0.2584068477153778 0 0 1.570833832025528 1.547051198780537 1.452332347631454 0.8887687623500824 0.6254975721240044 0.1302337944507599 0 68.23004488646984 79.76447945833206 0 48.86269769072533 8.811989895999432 11.57846667617559 5.231771469116211 0.1713367104530334 0 0.8831184506416321 0.2835120409727097 0.2004816979169846 3.669712133705616 0.6335689350962639 1.088974587619305 4.786271311342716 1.245028719305992 0.1347732841968536 0.64029910415411 0 0.2005847692489624 0 0.43775275349617 0.1220409870147705 0.1360330581665039 829.2576475888491 33.23677346110344 0 17.30266506969929 537.5969621017575 3.718865796923637 1.981645375490189 4.567341536283493 26.11781169474125 4.396441124379635 168.3861108422279 41.38289132714272 2.534131482243538 79.6005013436079 78.47391292452812 3.149152547121048 128.8370730429888 134.5894717127085 110.6977920383215 10.45485869050026 0.4895976632833481 0 0 0 0 0 0 0 0 0 0 0 0.4504925012588501 0 0 0 0 0 0 51.65319107472897 3.938758492469788 0 0.6388302445411682 0 61.74004103243351 2.102971136569977 24.04011987894773 15.9817965477705 0.4747441411018372 0 0 0 1.128641575574875 0 0 0 5.354835271835327 5.825993299484253 0.5390893220901489 0.9217401146888733 0.3660629987716675 1.324782907962799 0 0.4885040074586868 0.4454376101493835 0.5319961160421371 4.359847269952297 10.01137615740299 0 0 0 17.58800318837166 10.419657304883 6.555853262543678 1.663580656051636 0 0 0.3179155290126801 0.1090321838855743 0.25408536195755 0 129.9254582226276 15.06037545204163 0 0 0 10.37606854736805 1.28418231010437 0 9.304222382605076 17.16129244863987 14.0535387173295 1.618972778320312 1.496401965618134 0.912731871008873 1.027257651090622 0 0 0 0.4987798929214478 0 0 67.56900215148926 33.26830323040485 119.4056654348969 207.2979917749763 21.15964562445879 104.3473180010915 33.02700778096914 825.0855937451124 24.8795540034771 0.4192086905241013 34.23090223968029 39.71706733107567 0.3582967594265938 36.17098874598742 3.710188835859299 23.18468199670315 2.833646520972252 0 8.800050333142281 1.308554336428642 0
534.696824632585 1507.906400926411 3367.779358148575 1.906392529606819 940.5011325627565 3.940783947706223 120.1717477664351 3818.64119823277 4224.748872816563 13.85536135733128 0 248.3938545882702 3460.140285283327 4216.905115053058 42.6116302087903 58.07064490765333 0.4470780193805695 0.4999975562095642 1.802448563277721 0.7663974761962891 1.535454899072647 0.7508578225970268 2.004784964025021 0 8.117374174296856 2.514972046017647 1.365322604775429 1.296946287155151 2.399551078677177 0.5582788065075874 901.1809275448322 308.6928439065814 669.5407329574227 0.4008437097072601 1.065063029527664 4.982872128486633 767.8808863684535 8.362862452864647 6.618153996765614 5.24463264644146 9.063369899988174 0.565200537443161 0.7504786774516106 9.521559648215771 0.8927205353975296 0.8132170587778091 69.58488960564137 5.385293878614902 1.089392811059952 1.894832715392113 2.854258604347706 0.6349823027849197 1.243135832250118 2.514734745025635 7.303469650447369 13.99032693356276 74.19883478432894 340.2916549965739 29.23481420427561 24.82781867682934 1.163844339549541 25.37920443713665 2.273812264204025 55.1097553819418 6.353814005851746 8.375154890120029 5.486405856907368 8.521394334733486 3.713881522417068 7.995665982365608 223.7135599479079 23.9406211078167 0 151.3831948637962 97.14725610613823 129.4535220637918 92.64029673486948 34.95593394339085 126.3346292674541 465.2562692910433 0.8788554519414902 27.02555800974369 20.08407589048147 3.051301419734955 5.803300864994526 19.79125422239304 6.560525998473167 0.2055166214704514 5.923537835478783 0.8081257343292236 1.168883755803108 3.040187135338783 8.553289741277695 1.748984962701797 1.67606732994318 25.96801106631756 2.423944637179375 0 1.042533114552498 146.4057219326496 0.3725597262382507 0 0 0 1.217716172337532 1.798625618219376 2.309619680047035 0.3149596452713013 2.531134992837906 7.491222083568573 0.5979344546794891 11.89484339952469 28.00006610155106 22.62153682112694 3.170308500528336 0.1173251420259476 0 0 0 0 0 0 0 0 0 0 0 0 0 0 0 0 0 0 8.372857749462128 1.683029294013977 0 0 0 13.3742972612381 0 5.147508233785629 2.42215558886528 0 0 0 0 0.3606660068035126 0.1936054825782776 0 0 1.650927066802979 3.294085532426834 0 0 0 1.01983305811882 0 0 0 0.7635474875569344 0.2265623807907104 2.192278176546097 0 0 0 4.990744635462761 3.540334045886993 0.2629196345806122 0 0.392559289932251 0 0 0.2772200852632523 0 0.637595534324646 30.15884990990162 2.460200607776642 0 0 0.8963059782981873 5.672066941857338 0 0 0.9834681302309036 3.128648743033409 0.6775810867547989 1.133366703987122 0.5420033037662506 0.2543073743581772 0.07853835076093674 0 0 0.435577005147934 0.1079311296343803 0 0 7.219134762883186 12.63598056137562 29.39198973029852 425.183218896389 152.7518796846271 420.8361544087529 98.03618854284286 66.97393739968538 65.40288511663675 2.582909412682056 83.08616591244936 14.88679087907076 0.4754571840167046 7.008341059088707 0.4823609590530396 7.448708549141884 1.11174750328064 0 1.786278039216995 5.617009349167347 0.2263856679201126
379.4900773912668 44.26727877557278 40.08975026011467 966.5990853011608 8.935507044196129 149.0592983365059 49.78764313459396 24.39807511121035 36.81603033095598 2812.083685860038 248.3938545882702 0 1928.296035170555 102.5126707851887 38.28675435483456 52.99268352240324 0.5277125835418701 0.4008052796125412 0.2551293224096298 0.2370687127113342 0 0.1612482368946075 0 0 0.9238003939390182 1.29328291118145 0.2322087287902832 0.1449438333511353 2.099177911877632 0 22.16749138385057 4.188939720392227 43.70076936483383 0 0.1633002161979675 0 608.2798413261771 1.414880618453026 4.093681514263153 0.895677924156189 0.5832043439149857 0.08362247794866562 0 7.585359357297421 0.1716322153806686 0.6913506463170052 27.59980598092079 1.116524137556553 0.4130954369902611 0.7718268632888794 0 0.132966548204422 0.1218399778008461 0.9699450805783272 0.9592563509941101 2.192597292363644 16.43671804666519 27.59789296984673 3.719459503889084 5.490334033966064 0.2617618888616562 9.967951476573944 0 4.138535343110561 0.5910711064934731 2.352038308978081 0.7681033089756966 1.277541868388653 0 0.143879160284996 385.4417991042137 153.858937650919 0.3903049528598785 23.56579557061195 10.59744761139154 44.9332330301404 25.79586962610483 9.378240711987019 2.173854634165764 14.14233912527561 1.174940802156925 1.056154243648052 2.956717662513256 0.4925836846232414 0.9266935512423515 1.449462793767452 1.329924836754799 0 0.5012431368231773 0.09549418836832047 0.1872529089450836 1.829067274928093 0.9320365935564041 0.1559497565031052 0.7884603142738342 1463.462218031287 17.11145156621933 0 3.780849426984787 108.7432131916285 2.99384842813015 0 1.420847967267036 0.6653186827898026 10.2233552634716 28.44122380018234 87.97499360144138 6.778821840882301 32.01647780835629 130.9943340718746 4.317941814661026 153.0534330159426 270.0250575467944 249.0170758068562 28.48633752018213 2.827109917998314 1.018829971551895 0 0 0 0 0 0 0.2416797280311584 0 0 0 0.4217610359191895 0 0 0 0 0.2280638217926025 0 78.03361208736897 8.523521818220615 0 0 0 166.0903797373176 0.9135110229253769 34.23078617453575 13.7282680273056 0 0 0 0 1.775779128074646 0.1213708966970444 0 0 8.383279792964458 11.71731074154377 1.476133078336716 0 0.19195456802845 2.351250931620598 0 0.640133798122406 3.518809005618095 1.992332302033901 6.234624750912189 15.61427646130323 0.175635889172554 0 0 32.66229398548603 14.01432127505541 8.09490530192852 1.819014586508274 0 0.7103586792945862 0.2255765348672867 0.4528104364871979 0 0 358.6404552832246 10.13886664807796 0.1777122467756271 0 0.5086443722248077 24.57065811753273 0 0 7.434305042028427 26.43326386809349 17.89732513576746 6.169797040522099 2.105117619037628 1.876841500401497 0.7586406469345093 0 0.1770290434360504 0.2533792853355408 0 0.2358388304710388 0 186.4488301277161 90.04488850384951 232.1642147377133 342.8467748314142 54.05202540755272 145.3637868389487 43.16474784165621 207.6012479662895 23.14064754545689 0.2673494219779968 55.39364902675152 59.21384283900261 1.359989933669567 39.86566427350044 4.266038216650486 40.98883187770844 2.270842343568802 0.4773449599742889 5.432586014270782 4.694101564586163 0.1566302329301834
877.858576670289 682.901649273932 499.6386928856373 2386.746928438544 145.2839034199715 208.1521234363317 3796.113707341254 277.4907587841153 2470.288050808012 6315.686173424125 3460.140285283327 1928.296035170555 0 1425.354245774448 159.7504700571299 210.0606353357434 4.690725676715374 1.322659984230995 1.211828008294106 2.289644449949265 1.697323217988014 0.2248534113168716 0.3220615535974503 0 2.602121204137802 7.051230616867542 0.446107417345047 4.83975575864315 8.064357109367847 0.303759291768074 220.7706619128585 35.89664734899998 190.2783188819885 0.4083700925111771 0 1.336452752351761 365.3637194037437 6.261011339724064 11.21841318160295 2.90099859982729 3.21759632229805 2.469458818435669 0.2408576905727386 32.22869515419006 1.421582154929638 3.6639509126544 137.9700454473495 9.100951001048088 1.565033085644245 2.040166720747948 2.144626170396805 1.09088023006916 0.7646130695939064 5.438046500086784 8.375900566577911 15.39142566919327 60.5940143018961 196.7693895474076 24.44759786128998 37.41293926537037 2.853929489850998 36.80446334183216 0.1147767752408981 36.30595114082098 5.510842315852642 10.26706882566214 7.580707423388958 15.06527315080166 3.369582526385784 2.125085294246674 664.0656238123775 379.7075665891171 1.933065071702003 132.4538052305579 81.37170533835888 226.3288121819496 132.3426270633936 31.55108620971441 7.607773445546627 230.9788890331984 4.608035385608673 19.48288542032242 22.61335105448961 3.550708144903183 8.881030395627022 17.04511278867722 10.45858991891146 1.710373766720295 7.495940841734409 1.57798433303833 3.142166577279568 5.468501821160316 4.947768196463585 1.718790553510189 4.845883786678314 2407.604881867766 212.761250436306 1.927474409341812 20.56743359565735 195.3827557563782 7.785650797188282 1.088195532560349 2.891957670450211 1.280768901109695 24.75811083614826 133.2041397765279 103.2231807410717 10.54674631357193 55.41950878500938 274.2153862565756 13.66630659997463 292.1297036781907 563.0594811961055 436.7556189745665 49.62385400384665 5.734209701418877 1.691221795976162 0 0 0 0 0 0 0.2135381251573563 0 0 0 0 0 0.1769072562456131 0 0.149376854300499 0.636974886059761 0 162.8678553923965 24.4856023862958 0 0 0 276.5889906585217 0.7709353268146515 67.5038852468133 25.27026777714491 0.1594912260770798 0 0 0 1.97440841794014 0.4099235236644745 0.5331339091062546 0 18.15830203145742 24.62974079698324 1.456391021609306 0.6564764901995659 0.246688649058342 1.920576900243759 0 0.9073958545923233 3.62611697614193 1.726232968270779 11.36654727160931 30.05988916009665 0.7395578622817993 0.5820757299661636 0 61.81350000202656 29.24626217782497 8.182888433337212 4.680421069264412 0.3461185842752457 1.384765967726707 0.1929540634155273 0.3075623065233231 0 0.1224591434001923 721.7289205640554 35.48418009281158 0 0 1.637034192681313 63.17656593769789 0.5910605490207672 3.608540534973145 19.29617547243834 75.53217004984617 44.92540419101715 11.73518889397383 5.179213829338551 2.040475875139236 1.37621146440506 0.1134792193770409 0 0.7575321868062019 0.2142311334609985 0.1697131991386414 0 342.1866164654493 221.4799765571952 451.2628167495131 1159.605720862746 329.8136029839516 728.9445549324155 213.7622904032469 334.9542303606868 109.0029759630561 5.899075858294964 205.8252626210451 97.38166040182114 3.803626887500286 83.5661099627614 10.83644677698612 66.21070837974548 9.637745104730129 0.4451161921024323 10.98681126534939 24.59540728479624 0.8269678801298141
285.3569963723421 767.3306878656149 709.5607489198446 65.65676191449165 216.0476359724998 6.149004772305489 346.4064325094223 423.4233142137527 1977.159657157958 168.9146490991116 4216.905115053058 102.5126707851887 1425.354245774448 0 45.2332976385951 62.12138193845749 1.301496095955372 0.5817509293556213 0.7091387584805489 1.370381996035576 0.4305771738290787 0 0.1201330497860909 0 3.250293835997581 2.21778430044651 0.6442637741565704 1.070792756974697 2.763593919575214 0 225.6961044594646 43.83799884468317 790.2459276169538 0 0.1518662422895432 1.067440152168274 1335.300162963569 7.203491173684597 10.62517044693232 1.662482634186745 1.1231704428792 0.3145651146769524 0.2573410496115685 9.287183299660683 0.2186044007539749 2.006355091929436 48.65752227604389 2.882413841784 0.4817515909671783 1.019979506731033 0.6799151375889778 0.6924415603280067 0.1519816666841507 1.618377082049847 4.699097096920013 9.619510054588318 43.11772745102644 160.6322340518236 15.30647400021553 16.45946627855301 0.5581496953964233 18.12076258659363 0.1519503891468048 19.88971080631018 3.657640516757965 5.12126936763525 4.203461319208145 4.478992983698845 1.004785850644112 1.383159451186657 250.6657235994935 65.55961918830872 0.260745495557785 84.11643312871456 51.26704185456038 96.67807909101248 59.69864937663078 14.80444104969501 47.41835985332727 341.4330888316035 0.7979158759117126 9.726334236562252 11.36505737155676 1.823472209274769 3.926202602684498 9.333581492304802 4.801192134618759 0.9737216085195541 3.885973803699017 0.9515573903918266 0.7524935156106949 1.263293497264385 1.475480802357197 0.4405718371272087 1.609784759581089 154.0773310363293 5.916883334517479 0.3306729793548584 4.426738865673542 75.59542329609394 0.3538440018892288 0.1330074518918991 1.04876945912838 0.3898360729217529 3.503856047987938 14.85720780491829 17.66222937405109 1.255744338035583 10.60745107382536 43.63291722536087 2.856007963418961 53.32017198204994 104.7114865407348 94.29894569516182 10.76105561852455 0.6310104355216026 0.2116232812404633 0 0 0 0 0 0 0 0 0 0 0 0 0 0 0 0 0 28.33932758867741 6.90557574480772 0 0.3726580440998077 0 57.56317872554064 0.790712296962738 12.66363064944744 5.237889602780342 0 0 0 0 0.498335063457489 0 0 0 5.6538145840168 7.556872814893723 0.3785029649734497 0 1.271415889263153 0.4719845652580261 0.288926362991333 0.5416016578674316 0.8712691813707352 1.477943420410156 1.718102008104324 6.094219528138638 0.2219365686178207 0 0 14.188366509974 4.904389530420303 4.243308022618294 0.4368036463856697 0.2984074950218201 0 0 0.4186371713876724 0 0.2258082032203674 115.0061008557677 3.785176575183868 0 0.4597903490066528 0 13.38812354207039 0 0.2132320702075958 4.419759266078472 18.18615682423115 12.90327805280685 4.126684181392193 1.911822475492954 0.1019589006900787 1.517131522297859 0 0 0.1144972667098045 0.1151063144207001 0 0.1481405049562454 46.0589187964797 34.49959130585194 98.59655250608921 446.4382472410798 106.8574149683118 345.303579904139 88.40963568538427 42.03636771440506 47.09908381849527 1.810065060853958 84.91987977921963 22.60810633003712 0.3008608818054199 20.91882606595755 2.138851799070835 11.77370837330818 1.645583093166351 0 2.855160385370255 5.412974447011948 0.2534210383892059
