0 3386.584862947464 564.6414707675576 1179.210651800036 144.2786899358034 183.0992061495781 297.0708546712995 94.3145127967 28.69909282773733 1642.937504939735 119.9908847212791 322.6343467980623 571.7812869250774 162.1537756025791 1.991088174283504 1.613473437726498 0 0.9096638634800911 0.1584201753139496 0.09909168630838394 0 0 0.3936640322208405 0 0 0.2791926115751266 0 0 0.1111495643854141 0.2090995833277702 831.5391779989004 4.30375324934721 5.356742195785046 0.0911170095205307 0 0 4.203192889690399 1.820591926574707 1.035469897091389 0.243627592921257 0 0.4209007769823074 0 1.637090072035789 0 0 12.11717630177736 6.024547442793846 0.9063717350363731 0.7393017560243607 3.264483444392681 0.2752503454685211 0 0.2363893985748291 21.90640128403902 46.2997891753912 403.1191388741136 1969.786870025098 29.65417110919952 6.049534633755684 0.8454805836081505 0.6121230125427246 0.127337634563446 16.62937763333321 10.83011063188314 3.170243911445141 2.52006272226572 4.897388190031052 0.1471796929836273 0 4.977351434528828 2.850301191210747 0 393.7394145727158 224.2602757439017 62.20624636113644 14.81258630007505 5.530831508338451 19.79199132323265 58.01942539960146 0.9844372570514679 31.83214528113604 13.16158102452755 3.085117422044277 6.030855029821396 11.92056204378605 1.980540387332439 1.071475259959698 6.496187813580036 1.302212335169315 2.633826144039631 2.773116067051888 0.1579530984163284 1.615710951387882 0.6450381055474281 79.81354668736458 1.436209723353386 0 0.7919601202011108 1614.841449268162 0 0 0.1373358815908432 0 1.033337116241455 0.2842229902744293 0 0 1.305547207593918 1.007987439632416 0.5599245727062225 0.3648281991481781 0.5084350258111954 2.380920603871346 2.802382819354534 0 0 0 0 0 0 0 0 0 0 0 0 0 0 0 0 0.1041889488697052 0 0 2.513734608888626 0.961164578795433 0 0 0 0.5412973761558533 0.1248503550887108 0.2342046648263931 0.09724242985248566 0 0 0 0 0 0 0 0 0 0 0 0 0 0 0 0 0 0.09453229606151581 0 0 0 0.1292971670627594 0 0.8584989011287689 0 0 0.1146174520254135 0.2989860624074936 0.5456539541482925 0 0.1340151131153107 0 0 1.897983767092228 0 0 0.2629238069057465 0 0.1013783365488052 0 0.7058729529380798 0 0 0.605143204331398 0.9237528443336487 0 0.3142327144742012 0.1195272207260132 0 0.1411967128515244 0.1336346566677094 0 0 0 0.1343069225549698 1.588507160544395 0.7820878401398659 90.04328611493111 14.72735416889191 235.3050664812326 72.03132987767458 497.9810159504414 89.11201290786266 8.560116425156593 12.05266423523426 2.371602699160576 0 0.9250319227576256 0 0 0 0.119189590215683 1.565098226070404 1.011185452342033 0
3386.584862947464 0 1625.338009178638 708.331046178937 2761.611981987953 462.1782014369965 1943.379156529903 291.8840509802103 1229.925117515028 1271.020161740482 1370.558275192976 52.49924144148827 1600.72233671695 3312.447242982686 31.89104679226875 10.60674402862787 1.210873685777187 0.9099515974521637 0.4071002304553986 0.6938782259821892 0.6062294170260429 0 0.1258292943239212 0.3560236617922783 0.1926588863134384 1.055942997336388 0.9246113523840904 0.4735995754599571 0.4587013572454453 0 1855.96557315439 32.74020408838987 17.15541949868202 0.2695820480585098 0 0 11.50054431706667 1.015588894486427 2.802792996168137 1.410290785133839 0 1.206432938575745 0.5604589655995369 5.893531262874603 0.4542891904711723 0.2130379155278206 119.844405181706 14.80856680124998 2.096273213624954 1.70094695687294 6.125185139477253 0.9780507683753967 0.1110693290829659 1.45847075432539 33.94401056319475 81.85082853585482 106.5103579685092 577.9441446959972 21.57970896363258 24.75455626100302 2.282791830599308 0.3339424356818199 0 142.2257581502199 18.66288905590773 5.07565163820982 4.38056081533432 10.88010288029909 0.2222139090299606 1.146128579974174 13.77455523610115 5.079127557575703 0.1424531787633896 314.1997581645846 385.5016240477562 310.9068628549576 190.5404380038381 27.13445425778627 38.29233112186193 135.9484844058752 7.021380923688412 60.66697723418474 21.09946168959141 5.898002751171589 8.741915494203568 21.61357893794775 6.609936147928238 0.7556933760643005 12.0000896602869 3.306495681405067 8.563377737998962 7.437342956662178 1.671413086354733 2.206277571618557 2.95225677639246 279.1110250353813 3.122683227062225 0 2.29642666131258 708.1609161198139 3.507354333996773 0.5764876455068588 1.128343850374222 0 5.016683340072632 4.400291949510574 0 1.341560781002045 12.89071595668793 1.429530903697014 4.855803042650223 10.39752623438835 9.726561114192009 21.96704036742449 25.43338189274073 3.205513752996922 3.544917926192284 0 0 0 0 0 0 0 0 0.297458678483963 0 0 0 0 0.1479926109313965 0 0 0 27.75593100488186 6.803493246436119 0 0.5437247753143311 0 9.547697439789772 0.4395440816879272 18.18812680244446 6.153549924492836 0.3566872850060463 0 0 0.2153031378984451 0.2662895917892456 1.282909989356995 0 0 3.554660901427269 7.953744560480118 0.3287167847156525 1.226001761853695 0 0.7484948039054871 0.1332542300224304 0 0 0 1.129993796348572 5.041187345981598 0 2.288368105888367 0 25.41755394637585 2.363092333078384 1.276379525661469 0 0 0 0.1161468327045441 0.6349545121192932 0 0.1324494481086731 51.7675391510129 1.215378165245056 0 0 0.881828710436821 2.45072965323925 3.042715325951576 6.00402595102787 2.621527127921581 1.755756787955761 5.898994207382202 1.782451689243317 1.795427113771439 0.5838072896003723 0.07904444634914398 0 0 1.307004541158676 0.1978750377893448 0 0 11.88470385968685 6.788073688745499 7.451376311480999 511.5767229869962 61.05400228500366 842.7015421241522 171.5214721336961 560.5959344357252 88.19769151508808 15.75569526851177 116.0986581817269 20.94955839961767 4.247195720672607 21.4372636154294 1.999320313334465 1.707876920700073 4.657982528209686 0 4.616641774773598 7.721660986542702 2.704071402549744
564.6414707675576 1625.338009178638 0 33.91717736423016 887.1895167976618 46.59114810079336 155.7638356164098 3301.612445890903 248.3616184964776 42.76174699515104 3512.91421816498 11.9551028162241 336.3782738000154 1977.272515051067 27.67101696133614 24.29791519790888 3.938355900347233 15.29689134657383 5.136109679937363 13.25795694440603 3.479790270328522 0 1.021635815501213 0.4284540265798569 1.801748260855675 0.6748507544398308 1.35575919598341 0.611764207482338 0.9776798337697983 0 4944.494628973305 203.9510433003306 54.56819473952055 1.297923564910889 1.032028824090958 1.496977485716343 32.32126379013062 3.699575215578079 7.684151038527489 4.065280802547932 0 0.7020163685083389 5.013602338731289 22.07666560262442 4.900569871068001 2.262158758938313 53.28245141357183 7.631184831261635 4.645591519773006 8.664338573813438 3.959250964224339 0.5614744499325752 0 0.3369467929005623 12.90460154414177 37.14665870368481 54.31402575224638 888.1597655043006 9.471781775355339 10.44453942030668 51.6778986081481 12.22976499050856 2.954534024000168 252.5996303260326 8.392390675842762 2.352963976562023 1.863893248140812 5.905730865895748 0.4997109472751617 2.658345013856888 41.93761783838272 4.146660350263119 0 158.3552794530988 272.6276799216866 164.5506871715188 139.2490492537618 54.90066447108984 801.2568569257855 1502.133808396757 241.6547207683325 1429.392904236913 9.211695812642574 2.503997258841991 4.306248903274536 10.6691215261817 6.682204142212868 0.6369495019316673 7.309515945613384 1.17536286264658 2.911936335265636 3.110359348356724 1.35618107765913 2.433255650103092 1.232596881687641 71.23773825913668 3.401030473411083 0.1606960594654083 3.959178015589714 445.7475625649095 2.766107171773911 0 1.210450753569603 0.2530335783958435 4.367042854428291 0.319474995136261 0 1.313458606600761 0.362676203250885 1.076199054718018 2.067560032010078 8.305609866976738 3.29183954000473 17.35828086733818 4.836943089962006 2.641676366329193 2.380092151463032 0 0 0.1143909320235252 0 0 0 0 0 0.1742279678583145 0 0.4855268523097038 0 0.1296937018632889 0 0.1908604353666306 0.1238140389323235 0.1061884462833405 4.349703438580036 3.757917478680611 0.1390368789434433 0 0.1266990602016449 7.437866680324078 0.585832454264164 14.21681220829487 1.496730893850327 1.31545028835535 0 0 0 0.1185697093605995 0.3423061147332191 0.5918945223093033 0 1.981432512402534 4.797054268419743 0 0.366028256714344 0 0.6349944025278091 0.134326845407486 0 0.6565851420164108 0.1834867596626282 0 0.6430388689041138 0 0.6697560474276543 4.200145348906517 7.915533676743507 0.2345345467329025 0 0.1049276441335678 0.2164080068469048 0 0 0.1233164370059967 0 0 28.34527698159218 0.2672629207372665 0.1168819665908813 0.1414965242147446 0.09488627314567566 1.717325076460838 1.392193295061588 0.1140468120574951 0.3053987473249435 1.424348890781403 2.001847662031651 0.4234552979469299 0.44095478951931 0.1259433925151825 0 0.09208923578262329 0.09687065333127975 1.165577329695225 0.4693127647042274 0 0 3.554218448698521 4.079057775437832 6.18249598890543 181.3777169212699 25.2055659070611 285.596194114536 64.78904826939106 118.6676779314876 31.44627259671688 6.530585773289204 36.87089115381241 16.33231190592051 0.2135827988386154 11.61367684602737 1.327413618564606 1.31383752822876 2.530488789081573 0 2.216490253806114 2.780626624822617 0.7141252979636192
1179.210651800036 708.331046178937 33.91717736423016 0 63.49620214104652 315.1432075798512 1064.070891201496 1.864829994738102 45.25295650213957 1435.649530947208 6.945576786994934 1369.183151036501 2371.814968436956 97.68317287415266 2.177608743309975 2.451774530112743 0 0 0 0 0 0 0 0 0 0 0 0.5903037637472153 0.3878772258758545 0 121.5643406137824 2.372213743627071 0.7729635685682297 0 0 0 8.285391695797443 0 0.122620165348053 0.1099976450204849 0 0 0 0.2975812032818794 0 0 9.152285531163216 2.874218061566353 0.3902990370988846 0 0.4444466158747673 0.1351984888315201 0 0 8.527156382799149 14.79436457902193 39.78544551134109 146.4439780563116 4.630398385226727 2.243452094495296 0.2587863132357597 0.2510511875152588 0 12.17804343998432 2.781122907996178 1.114157557487488 0.780996285378933 1.573663540184498 0.1012603268027306 0 3.758549727499485 0.9603584408760071 0 84.62062579393387 71.04633274674416 32.2846719995141 13.21416989713907 1.246754363179207 0.361693412065506 3.829536475241184 0.7762948572635651 2.292353294789791 2.846256725490093 1.025799676775932 2.026220932602882 3.994196638464928 1.488736622035503 0.327334925532341 1.50735280662775 0.5727561265230179 1.917896665632725 0.5721064209938049 0 0.6392384842038155 0.3587010726332664 187.1595934927464 0.2147976458072662 0 0.1490532904863358 336.8189847096801 1.201761797070503 0 0 0 0 0 0 0.1472145318984985 2.4485744535923 0.5997172594070435 0.1287374645471573 1.546288311481476 0.5182939171791077 1.967409119009972 1.667845085263252 0 0.1485519409179688 0 0 0 0 0 0 0 0 0.14964759349823 0 0 0 0 0 0 0 0 0.9251976609230042 0.1663995981216431 0 0 0 0 0 0.1512778401374817 0.09141316264867783 0 0 0 0 0 0.1014886796474457 0 0 0 0.1199557557702065 0 0.1365240812301636 0 0 0 0 0 0 0 0 0 0 0 0.4646833837032318 0 0 0 0 0 0 0 0 0 3.354057215154171 0 0 0 0 0.1614972203969955 0 0 0.1281677335500717 0 0.2515815496444702 0 0 0.09878741204738617 0 0 0.134110227227211 0 0 0 0 0.4231273978948593 0 0.1196566224098206 39.78367822617292 7.581792630255222 97.24083726853132 23.89604962617159 149.6309992969036 19.22919151932001 3.133186556398869 5.975458204746246 1.459621146321297 0 0.3903607428073883 0 0 0 0 0 1.451100751757622 0
144.2786899358034 2761.611981987953 887.1895167976618 63.49620214104652 0 14.35446888208389 1561.910719133914 41.26419720798731 4437.047048844397 160.6367500051856 2337.4889953807 3.820736482739449 534.5701905861497 3415.625246055424 20.08815485984087 8.156509324908257 0.2279851958155632 0.6808849573135376 0.1209284886717796 0.4587332159280777 0.6591481119394302 0 0 0 0 0.858179584145546 0 0.6955908536911011 0.1066066399216652 0 244.8071315810084 18.73480709642172 4.274917498230934 0 0.1109386906027794 0 2.375871486961842 0.4125696644186974 0.421684093773365 0.3944980651140213 0.1164810284972191 0.2558786049485207 0 2.53849720209837 0.09191465377807617 0 58.33419903367758 4.156171716749668 1.313736110925674 0.6257391721010208 1.946438856422901 0.6218480169773102 0 1.492785647511482 6.549089126288891 21.90836478769779 10.73791685700417 55.71750294417143 8.438436903059483 12.15129926800728 1.322186961770058 1.292245782911777 0.113352358341217 73.94598664343357 7.146285653114319 2.65232989192009 1.714497037231922 3.148841261863708 0.1376746147871017 0.2488921582698822 6.955512210726738 7.269341565668583 0.1080539524555206 68.14384695887566 94.56335821002722 141.3090968728065 120.1308611780405 15.09255522489548 3.666765540838242 5.590402849018574 3.199470229446888 6.476675681769848 4.985758930444717 1.569092892110348 3.870022572577 6.882970549166203 2.143957182765007 0.2353958860039711 4.342693403363228 1.741843484342098 2.231426976621151 3.015151388943195 0.6661572456359863 1.052577771246433 1.563870579004288 60.29030741751194 1.149129845201969 0 0.6221428662538528 17.88607932627201 3.780475184321404 0.4712143093347549 3.131285354495049 0.3100971728563309 4.865556627511978 3.993507727980614 1.262003645300865 6.833352088928223 5.07912103831768 4.538621120154858 8.21829055249691 23.22928673028946 20.74249316751957 51.02109999209642 32.49861781299114 4.410736687481403 3.605762250721455 0 0.1028636023402214 0 0 0.2450267523527145 0 0 0.7156683802604675 0.4015457555651665 0 0 0 0 0 0 0 0 25.76364766061306 18.51115105301142 0 0 0 16.65050487965345 1.608674824237823 29.13300874084234 2.602654740214348 0.08720862120389938 0 0 0.1063298732042313 0 1.82725802063942 0.4519887566566467 0 5.166581757366657 14.1731690466404 0 0.7134035229682922 0.1325131952762604 0 0 0.3618815839290619 0.6347559839487076 0 1.640471331775188 2.562039792537689 0 0.6547107622027397 0.5165138244628906 39.43672695755959 3.643903583288193 0.7077639475464821 0.8186366334557533 0 0.2302611023187637 0 0 0 0 90.69400479644537 0.5524726063013077 0 0.4141520485281944 0 11.95422192662954 6.003484010696411 13.28503592312336 1.240791328251362 4.780817866325378 4.972345575690269 2.454097233712673 2.808983758091927 0.2037633135914803 0 0 0 0.1925757676362991 0.1062134876847267 0 0 12.41006596386433 13.23208230733871 10.17459300160408 310.5985890030861 36.59314604103565 334.9206150695682 84.72865180671215 54.44889032840729 33.42319685220718 4.802201583981514 58.56538356095552 44.40353954583406 5.070164263248444 36.16475143283606 4.904622875154018 2.106387555599213 0.9498115479946136 0 4.318925186991692 5.413120150566101 1.259632207453251
183.0992061495781 462.1782014369965 46.59114810079336 315.1432075798512 14.35446888208389 0 119.4418451786041 3.289963595569134 10.8824795037508 687.9870953261852 15.90639148652554 312.956545367837 301.3416894078255 66.5157475695014 4.273738637566566 9.150433138012886 0.2765936255455017 0 0.1438972800970078 0 0 0 0.111157588660717 0 0 0.1937931180000305 0 0 0 0 31.65115043520927 0.5250169932842255 18.77492590248585 0 0.1687948256731033 0 10.8488689661026 0.6682791411876678 3.114749051630497 0 0 0.9344309717416763 0 3.450552277266979 0 0 2.553617596626282 0.4384738057851791 0 0.4020002260804176 0.5204885751008987 14.24854356050491 0 0 0.8811447396874428 4.450991861522198 204.9028224349022 57.14942877739668 5.376701377332211 0.3751155138015747 0.6188690364360809 3.139341473579407 0 0.7060603201389313 0.6804535612463951 0.5997131839394569 1.22681637108326 0.6282023712992668 0.5844212025403976 0 197.5541429072618 220.8804225325584 16.14060553908348 22.00986178964376 12.91004037111998 4.104308761656284 2.673022732138634 5.699099786579609 1.917763575911522 42.54928930848837 1.524321690201759 22.19177655875683 1.907970182597637 5.287355482578278 0.5955712720751762 3.059022165834904 1.118699364364147 13.37296453118324 4.286628775298595 16.5045730471611 3.782265320420265 3.697816632688046 0.3973703384399414 1.701828747987747 4.564917720854282 228.9202298074961 104.806163161993 74.24648204445839 27.26601140201092 471.5287195518613 0 0 0 0 0 0 0 0 0.2976719439029694 0 1.125629290938377 1.797429978847504 0.4307944476604462 0 0.5481693148612976 0 0 0 0 0 0 0 0 0 0 0 0 0 0 0 0 0 0 0 0 0.1540602594614029 0 0 0 0 0 0 0 0.2580733299255371 0 0 0 0 0 0 0 0 0.2550848424434662 0 0 0 0 0 0 0 0 0 0 0 0 0 0.3048352599143982 0 0 0 0 0 0 0 0 0 0.2044002562761307 0 0 0 0 0 0 0 0 0 0 0 0 0.1161910519003868 0 0 0 0 0 0 0 0 0.1951151788234711 0.5977712571620941 18.56715164333582 4.648322708904743 23.39364331960678 5.99593073874712 250.8687315285206 6.366610147058964 0.269729383289814 3.364915572106838 0.236110731959343 0 0.1162088811397552 0 0 0 0 0 0.8431888520717621 1.275684595108032
297.0708546712995 1943.379156529903 155.7638356164098 1064.070891201496 1561.910719133914 119.4418451786041 0 33.04414370656013 1298.047924414277 2888.20331119746 358.2946100905538 88.29804429411888 6092.126415595412 3601.399148546159 43.35233686119318 34.35500292479992 1.028865151107311 1.245195738971233 0.2567786052823067 0.6412498205900192 0.2989629209041595 0.8219660073518753 0 0.1338866502046585 0.1444586217403412 0.09783387929201126 0.2601321190595627 0.8128471896052361 1.155309394001961 0.6025268137454987 343.9608344063163 17.80251468718052 12.37307874858379 0 0.2544054463505745 0 17.78432144224644 0.6158870458602905 1.423008106648922 0.9394308030605316 0.3729396760463715 2.367385566234589 0.4954615011811256 7.814562283456326 0.551885299384594 0.1229651719331741 94.78299791365862 7.232634641230106 1.612272419035435 1.303948402404785 3.592004798352718 1.349135905504227 0 2.539890617132187 11.80675677955151 33.69834267348051 27.06338637322187 116.1011248379946 10.26744482666254 20.06005378067493 2.26827497780323 0.5105272606015205 0 94.48518870025873 9.478875584900379 2.513202600181103 3.507763132452965 6.382062390446663 1.031056396663189 0.1956480145454407 12.76559413224459 6.879291340708733 0.3395277261734009 116.8844255879521 162.4668194651604 197.7222445979714 159.70158611238 54.68668237328529 6.354316838085651 22.55216062068939 4.639994233846664 12.75231008976698 7.971235722303391 3.404605478048325 4.831830531358719 11.03334698826075 4.87286426872015 0.9345460683107376 7.085614673793316 1.888218022882938 3.742425173521042 4.298941984772682 0.5172105729579926 2.236185878515244 3.529618479311466 505.0626170039177 0.6440568566322327 0 1.532960511744022 66.34575283527374 11.10946532338858 2.137711226940155 9.590865716338158 2.041862845420837 16.8326118439436 11.02719351649284 2.716331332921982 24.52416358888149 10.98984678089619 13.00306749343872 27.86473728716373 86.93622279167175 51.30950073152781 93.14249114692211 104.7732789888978 5.706342294812202 7.157542653381824 0 0 0 0 0 0 0 0 0.2632284760475159 0 0 0 0 0.2504123896360397 0.1086057648062706 0.1400206834077835 0 49.1435219347477 21.75310873985291 0 0.2354594022035599 0 22.19624663889408 0 42.32732763886452 5.088346876204014 0.1174233630299568 0 0 0 0.4667222872376442 2.355932399630547 0 0 4.76775436103344 16.99903129786253 0.3460991382598877 0.3300781100988388 0 0.1776984184980392 0 0 1.307003676891327 0.09082241356372833 3.688530407845974 4.128754585981369 0.9889026880264282 1.932146847248077 0.323695182800293 52.93735628575087 3.585684418678284 1.668434597551823 0.8386382460594177 0 0 0.1785351112484932 0.2219312787055969 0.1247228533029556 0 171.445488370955 1.3614881336689 0 0.166859969496727 0 19.32144273817539 7.876645378768444 19.52608075737953 2.782547697424889 5.852335438132286 12.76222232729197 4.385259926319122 5.069686353206635 0 0 0 0 0.4858467057347298 0.1207282990217209 0.1847371011972427 0 35.39664468169212 22.60516258329153 15.49842409044504 417.2308076098561 60.98181658238173 479.3779010847211 117.84259724617 120.4365906789899 50.84138715267181 7.878647424280643 95.17206920683384 43.20110119879246 3.33901558816433 41.02650742977858 3.040037326514721 7.231506764888763 5.788892269134521 0 10.31357315182686 6.94571939855814 3.028436318039894
94.3145127967 291.8840509802103 3301.612445890903 1.864829994738102 41.26419720798731 3.289963595569134 33.04414370656013 0 79.11083564907312 5.996543169021606 1121.718141257763 5.230314567685127 157.4832473546267 1031.981373257935 52.40916883200407 34.02214090526104 3.054052941501141 5.077270209789276 1.137017317116261 5.199821308255196 2.170854657888412 0.1022370979189873 1.622753024101257 0.800664022564888 1.117337964475155 0.3606364578008652 0.8661126866936684 1.027392171323299 0.363810658454895 0.498488076031208 901.1784758120775 268.6209771484137 48.73179516196251 0.1650534719228745 0.687467485666275 1.205810315907001 17.0357943251729 2.358649581670761 3.714453831315041 1.783394917845726 0.5347645878791809 1.138361290097237 3.820682018995285 10.6453667357564 0.3715896904468536 1.173231564462185 92.47586354613304 4.125281289219856 1.76657235622406 2.880331203341484 2.139947719871998 0.9250780418515205 0 1.41313448548317 8.798617579042912 20.64444605261087 10.67926234006882 107.8771751821041 5.697838850319386 16.24103624373674 23.04201840609312 7.913697957992554 1.095982909202576 215.7083547562361 5.4648307710886 2.284078076481819 1.324008770287037 3.147926218807697 0.5523432195186615 0.6087277680635452 33.20075894892216 5.371863394975662 0 70.83620879799128 143.7239831462502 207.0283575430512 305.0509962514043 76.71566510945559 1340.80917480588 1485.518433064222 249.1544799804688 2361.724730230868 5.474578611552715 1.400447629392147 2.322237610816956 6.474620915949345 4.734415173530579 0.5981367006897926 5.829956233501434 1.237439773976803 3.024176649749279 3.751111626625061 1.246015906333923 1.930858053267002 2.398072227835655 36.24361991137266 1.712843134999275 0 2.166565656661987 21.12194918096066 2.185335665941238 0.7091000080108643 0.4448329955339432 0.542429506778717 0.3235388249158859 0.5412711501121521 0 0.3537323474884033 0.4255288541316986 0.2151824682950974 1.537336692214012 5.89902463555336 1.619013555347919 8.704314321279526 8.607006497681141 0.09785868972539902 1.520178064703941 0 0 0 0 0.2304321527481079 0 0 0 0.1372608691453934 0.3317048251628876 0.1325509548187256 0 0 0 0 0 0 8.065057620406151 1.697950541973114 0 0.1488568186759949 0 5.399413518607616 0.6040247529745102 6.553635977208614 1.309144549071789 0.2264467403292656 0 0.1312855631113052 0 0 0.2586833834648132 2.048296272754669 0 0.8990956544876099 2.850144669413567 0.6750035881996155 0.1542849689722061 0.1171471551060677 0.2538181394338608 0 0 0 0.188212513923645 0.2617706060409546 2.206438571214676 0 0.7478910684585571 0.1209246590733528 7.497545540332794 0.3078878223896027 0.9485439956188202 0.2477327063679695 0 0 0.08620977401733398 0.1243183091282845 0 0 17.43149942159653 0.6661610677838326 0 0.1368683576583862 0.09045544266700745 2.633004039525986 2.568459898233414 0.6809664741158485 0 0.411043792963028 2.163965731859207 0.5484544038772583 1.36103106290102 0.2148988172411919 0.2432528734207153 0 0 0.4145893454551697 0.08431655913591385 0 0 1.976413458585739 2.488328620791435 3.279134631156921 234.5227112695575 31.34506832808256 332.9868546277285 71.89140252768993 33.69641479849815 28.90334898978472 3.976794362068176 60.30279696732759 10.04806225001812 0.1027267798781395 7.649749457836151 0.5246832370758057 3.251594111323357 1.654457211494446 0 2.437882423400879 4.951922833919525 1.490781515836716
28.69909282773733 1229.925117515028 248.3616184964776 45.25295650213957 4437.047048844397 10.8824795037508 1298.047924414277 79.11083564907312 0 305.9861398935318 2316.101996846497 9.202990755438805 1801.957166209817 4383.274146467447 44.37306235730648 31.38861057907343 0.7056413590908051 0.7304027751088142 0 0.6143689453601837 0.3904831856489182 0 0 0.1996951103210449 0 1.51826573908329 0.7325709164142609 1.996967867016792 0.6176030561327934 0.3959290012717247 83.00483090430498 13.36278408020735 13.08099373430014 0 0 0 3.982568398118019 0.3228482231497765 1.506104826927185 0.7998233810067177 0 0.9714942127466202 0.3566437885165215 5.830451183021069 0 0.1137787848711014 103.7318658679724 2.616261698305607 0.5099309980869293 1.579743206501007 2.083752728998661 0.723285436630249 0.1084919422864914 2.384653314948082 6.088522464036942 18.18409872055054 9.136979460716248 28.53562689572573 5.384679280221462 13.88209211081266 0.8326519504189491 0.6441120654344559 0.5457419753074646 67.48121424019337 4.500220067799091 1.448710091412067 1.518114700913429 2.933012045919895 0.5216967388987541 0.228383406996727 12.59089532494545 19.61812358349562 0 47.93895369768143 66.92667765170336 148.171270057559 153.8144644871354 49.45311170071363 4.100747160613537 12.23148386180401 1.356018513441086 18.6142867282033 3.085743263363838 1.342395223677158 1.608748704195023 6.84373913705349 1.842310003936291 0.08837706595659256 4.013909608125687 0.2967957183718681 2.683809064328671 2.074322611093521 1.332994699478149 0.8844698518514633 1.153665788471699 207.6035876125097 3.022636234760284 0 1.555871233344078 8.954499408602715 18.39430196583271 1.092145249247551 7.914785966277122 2.839499220252037 23.21665302664042 14.61050990223885 4.833822071552277 16.1034742295742 12.45158921182156 14.90720539540052 34.031708098948 90.02443680912256 53.20348945260048 140.3534768819809 142.9823006913066 14.1931304037571 17.99329010397196 0 0 0 0 0.3618943691253662 0 0 0.1969254612922668 0 0 0 1.462366789579391 0 0.9078805446624756 0 0 0 66.47458283603191 38.408202894032 0 0.1359206736087799 0 38.59845041483641 2.574349671602249 67.25729438662529 10.7585870474577 0.2559242323040962 0 0 0.341130718588829 0.5933499783277512 4.052716098725796 0.2779504358768463 0.6334813833236694 5.490627303719521 34.0274730399251 0.3685759902000427 0.7501882985234261 0 1.136173844337463 0.1295293420553207 0.1152411550283432 1.996839307248592 0 7.306435860693455 7.877900548279285 0 1.972159430384636 0.1629225760698318 71.08462480455637 9.744452014565468 7.371641673147678 1.123729959130287 0 0 0 0 0.396574005484581 0.2900564596056938 263.1598017960787 1.454884111881256 0.6748484969139099 0.2086394354701042 0 31.24876947700977 13.56523136794567 23.74609576165676 10.12540581077337 18.55369961261749 21.00836961716413 8.013287127017975 11.12133579701185 0.1130117401480675 0 0 0 0 0.3240736126899719 0 0 40.3220692127943 36.04852449893951 24.68700386583805 446.1808992102742 41.48463843762875 395.5168616622686 99.94100858271122 54.33283171057701 42.58857766538858 3.633944138884544 90.88504911959171 85.21465703099966 7.813187412917614 85.18514038622379 10.15813298523426 7.516390450298786 7.946978107094765 0 23.87041243910789 8.754930444061756 3.984404049813747
1642.937504939735 1271.020161740482 42.76174699515104 1435.649530947208 160.6367500051856 687.9870953261852 2888.20331119746 5.996543169021606 305.9861398935318 0 20.76197351515293 3097.901355400681 7827.410636804998 477.1448268145323 10.93271455913782 12.46860180795193 0.1295271217823029 0.4404517635703087 0.2048677355051041 0.4143848121166229 0 0 0 0 0.1018603295087814 0 0 0 0 0 108.5421207249165 2.625335864722729 17.2065868973732 0 0 0 55.36986100673676 0.09813158214092255 0.4259504228830338 0.2372465282678604 0 0 0 6.393876142799854 0.1241524145007133 0.09886301308870316 20.31925165653229 3.460660308599472 0.4817899912595749 0.4010844007134438 1.348591141402721 0 0 0.3241374641656876 8.542478255927563 16.05328921973705 41.95715025067329 126.4220821708441 4.589770570397377 4.000096872448921 1.09686641395092 0.4870036840438843 0 14.20679208636284 3.019418947398663 0.5227690190076828 0.7643904313445091 2.112837180495262 0.1093165203928947 0 117.0637405216694 4.006642669439316 1.151780605316162 75.30452923476696 66.22226867824793 44.00105601549149 27.15492173284292 26.09924308210611 4.224849559366703 29.67231252044439 1.818198047578335 8.912490159273148 3.899250335991383 1.366698488593102 1.563539527356625 4.223817691206932 0.750733494758606 0.2851172089576721 2.814987689256668 1.920918792486191 0.7131263315677643 1.311390779912472 0.1047804951667786 0.7235403954982758 0.232598178088665 1412.043235227466 22.01029068231583 0 1.274366460740566 360.6535558849573 5.484703242778778 4.52298404276371 11.49389818310738 22.65288008749485 8.742890313267708 22.19505044817924 3.966810345649719 12.36298660933971 67.2665579020977 17.06932955980301 22.63310717046261 98.70486967265606 105.0256067365408 333.9293739497662 48.04116662591696 1.291793182492256 1.026226572692394 0 0 0 0 0 0 0 0 0 0 0 0 0 0 0 0 0 27.84490564465523 10.06081633269787 0 0 0 3.065901696681976 0.1045739352703094 6.120590828359127 0.2379323020577431 0 0 0 0 0 0 0.4530280977487564 0 2.529458001255989 7.954312086105347 0 0 0 0 0 0.1863342225551605 0.4141304194927216 0 1.915667772293091 3.861505098640919 0 0 0.2500918507575989 15.25537796318531 3.36418154835701 0.6892415881156921 0.6949892789125443 0 0 0 0 0 0 60.94791156053543 0 0 0 0.1131707057356834 5.684311732649803 1.083793193101883 4.629027470946312 2.581260323524475 1.986654989421368 3.44572988897562 2.256285265088081 2.489155307412148 0.09952694922685623 0 0 0 0.7580406665802002 0.2027850151062012 0 0 25.37764720618725 2.72190235555172 0.1591124981641769 100.7257045805454 9.667872197926044 132.5449839234352 33.39934185147285 262.5732156559825 23.88194901496172 2.793715462088585 20.34353639930487 10.50193218886852 0.2358619123697281 10.05854731798172 0.4587189108133316 11.48408086597919 1.855119407176971 0.1960629224777222 3.725294217467308 3.241095244884491 0.1750038266181946
119.9908847212791 1370.558275192976 3512.91421816498 6.945576786994934 2337.4889953807 15.90639148652554 358.2946100905538 1121.718141257763 2316.101996846497 20.76197351515293 0 9.579031996428967 690.5872171297669 8023.066095419228 50.46114718168974 44.2473267391324 0.7996348589658737 1.434765607118607 0.3155889809131622 0.4621809273958206 1.406802371144295 0 0.2345675081014633 0.182264432311058 0.4085434451699257 0.8359019309282303 0.4499165490269661 0.2670809924602509 0.2519935294985771 0.3164069503545761 282.7527084797621 36.19048103690147 331.9909422844648 0.09671951085329056 0 0 64.43950347602367 3.273863725364208 6.337811961770058 2.299444131553173 0.1289622932672501 0.5749866738915443 1.480041071772575 8.391735889017582 0.1239801347255707 0.1641373336315155 81.83043955266476 4.197349242866039 0.2239713743329048 0.5255307927727699 1.831023819744587 0.4740972220897675 0 1.065437510609627 4.273429416120052 11.66926425695419 8.342303968966007 41.15049133449793 5.464218519628048 12.35521342605352 1.558335997164249 4.62255247682333 0.3811032325029373 75.64301635324955 2.277510158717632 1.482760332524776 1.196248851716518 2.109144292771816 0.6777873411774635 0 89.37328843027353 20.79921121895313 0.08956937491893768 34.67055537551641 62.92932192236185 146.7122493237257 175.5754397884011 77.467498652637 85.5575360134244 423.3280125707388 8.576980575919151 70.75556568056345 1.55087922513485 1.016763433814049 1.853373654186726 4.624548152089119 2.179330572485924 0.5176821798086166 3.632371328771114 0.5404760092496872 2.242069214582443 2.448564402759075 1.163916282355785 0.865378811955452 2.476438455283642 137.4827119112015 3.306352749466896 0 2.567992992699146 21.23115608096123 9.992749229073524 0.7485581785440445 6.930530145764351 0.8566136509180069 8.143569588661194 9.846434406936169 0.9707584232091904 4.297292247414589 4.823460176587105 8.165843263268471 10.51965497434139 28.31874547153711 18.64529247581959 52.37315069139004 43.02034430205822 4.349495947360992 6.499281510710716 0 0 0 0 0.1384212672710419 0 0.3572846353054047 0 0 0 0.1094668880105019 0 0 0.1373987793922424 0 0 0 31.79117113351822 15.69562377035618 0 0 0 16.91827445477247 1.270394146442413 32.47051995247602 2.390842452645302 0 0 0 0.286194771528244 0 1.485029436647892 0 0 4.22021608799696 13.06106735765934 0.1500569134950638 0.5440342426300049 0 0.1433581411838531 0.2469566017389297 0.4916515350341797 0.9820958971977234 0 3.295796185731888 6.355025269091129 0.7812432050704956 1.301330432295799 0 31.3381748944521 2.308797940611839 4.390179134905338 0.2203234955668449 0.1178766489028931 0.2607359290122986 0 0 0 0 90.59847954660654 0.6626061201095581 0 0 0.3634820580482483 13.05309979617596 5.763258934020996 7.731066301465034 3.04541177302599 2.830439940094948 5.443456672132015 4.560416176915169 6.849518984556198 1.337693184614182 0 0 0.09928818792104721 0.3064393922686577 0.3143196702003479 0.09326722472906113 0 12.63003534078598 23.1354553103447 10.50644720345736 355.3492617532611 32.11127302795649 295.7657015174627 75.99389937520027 58.95098150521517 27.19551227241755 3.680513255298138 79.769670329988 59.46889389306307 3.568890333175659 46.60863884538412 2.237666592001915 2.100377783179283 4.428680956363678 0 7.466983318328857 7.244305640459061 1.50709380209446
322.6343467980623 52.49924144148827 11.9551028162241 1369.183151036501 3.820736482739449 312.956545367837 88.29804429411888 5.230314567685127 9.202990755438805 3097.901355400681 9.579031996428967 0 1774.390914998949 106.7881479784846 17.01006460189819 34.3499009758234 0.6112865954637527 0.690160259604454 0.2024789899587631 0.5010003298521042 0 0 0 0 0.1464625895023346 0 0.5957358032464981 0.1710802316665649 0.1681689321994781 0 21.69280008226633 1.617176130414009 31.95674854516983 0 0 0 50.06207267940044 0.935212604701519 1.626311615109444 0.771404467523098 0 0.1498990654945374 0.1696978509426117 11.9479283541441 0.247632123529911 0 19.92484772950411 0.5082827210426331 0 0 0.4794460088014603 0.5357374399900436 0 0.670788586139679 1.504962250590324 3.808630503714085 11.94738972187042 25.64989112317562 2.961911000311375 2.497832126915455 1.319449327886105 0.1126774027943611 0.1186150312423706 8.615194506943226 0.6857070997357368 0.1040362492203712 0.09983968734741211 0.5310496836900711 0 0.09240689873695374 58.32650192081928 1.739850491285324 0 25.88792781531811 23.82130207121372 29.03555444628 23.77342646569014 48.2920304313302 1.071435540914536 29.64428014308214 2.603373974561691 20.1557292342186 0.9870155081152916 0.4165078178048134 1.042871996760368 0.6988331452012062 0.3179896175861359 0.2356764376163483 0.7993500977754593 0.1000358462333679 0.6177203953266144 0.4488695934414864 0 0.5726476088166237 0 1041.053920358419 0.09356342256069183 0 0.3066137582063675 62.05406878143549 5.336656138300896 2.827567264437675 3.005426034331322 0.395352229475975 2.960286438465118 6.176977053284645 0.585946723818779 4.104217484593391 8.488805577158928 6.874116688966751 10.79331485927105 37.2736599817872 16.16577554494143 30.65443765372038 29.06786544620991 0.3191182911396027 2.999880596995354 0 0 0 0 0 0 0.2267406582832336 0 0 0 0 0 0 0 0 0 0 13.90785557031631 6.68257375061512 0 0 0 0.3713365495204926 0 4.049736306071281 0 0 0 0 0 0 0.2098855227231979 0.2248067408800125 0 2.318064741790295 3.440092340111732 0 0.274393767118454 0 0 0 0 0 0 2.471903130412102 3.554272174835205 0 0 0 12.99329452216625 1.293125316500664 0.3549390509724617 0.3954774588346481 0 0 0 0.09566708654165268 0 0 36.84294343739748 0 0 0 0.2679535746574402 5.203206956386566 1.565898269414902 1.728610396385193 1.698947474360466 2.190786145627499 2.916544049978256 0.2693383693695068 1.265697598457336 0 0.2664609849452972 0 0 0.09216535836458206 0.1569485068321228 0 0 17.44069209694862 2.250942572951317 1.585453674197197 62.05155961960554 7.443574383854866 69.11824065446854 21.18161032348871 61.73750353604555 9.48122014850378 0.564333900809288 18.51696866005659 6.498860813677311 0.1457903236150742 7.998176485300064 0.2553862184286118 5.229999899864197 0.1209767162799835 0.3256248533725739 1.615088433027267 4.779871210455894 0.1600228399038315
571.7812869250774 1600.72233671695 336.3782738000154 2371.814968436956 534.5701905861497 301.3416894078255 6092.126415595412 157.4832473546267 1801.957166209817 7827.410636804998 690.5872171297669 1774.390914998949 0 5601.898959465325 148.9848688617349 264.7544037625194 4.815152123570442 2.39843075722456 0.7542485669255257 1.345077365636826 2.181900203227997 0 0.9145312309265137 0.4644716754555702 0.7438409402966499 1.76078487187624 0.5120507106184959 1.903633125126362 1.094784617424011 0.974319152534008 141.0328923016787 21.94984509050846 738.0152671486139 0.5290142521262169 0.1738693714141846 0 431.8417978957295 4.938632383942604 5.199903845787048 2.493455305695534 0.1777360439300537 2.572075307369232 2.076902128756046 87.20798110961914 0.4852457195520401 0.5086981505155563 150.3497919440269 4.144653037190437 1.006457157433033 1.051370553672314 3.188648000359535 1.160058856010437 0.1193434149026871 3.735977843403816 7.87457237392664 20.06590236723423 23.44303673505783 71.69285931438208 10.80994468182325 19.95136290788651 8.649004943668842 22.35130314528942 0.1053540930151939 62.99921413511038 5.117462903261185 1.879230201244354 2.338940516114235 5.085444808006287 0.6247843205928802 0.5871513336896896 199.6280170232058 17.48268035799265 0 74.76641160994768 76.68464933335781 229.9161098599434 240.8087451756001 337.5582272484899 31.94060306996107 636.122355863452 22.71495212614536 196.5851339176297 4.770735614001751 1.647378236055374 3.284069530665874 6.666424468159676 5.138713471591473 0.188356839120388 6.402180776000023 1.49991574883461 2.733315356075764 5.714456796646118 2.397134512662888 1.691672846674919 3.065826676785946 2407.897748947144 11.80697055906057 0.6919418126344681 5.765328876674175 103.9242074936628 15.03955221176147 4.235616207122803 28.12967658787966 3.566038310527802 27.02339481562376 38.73486815392971 6.72124257683754 36.48469080030918 67.36684808880091 32.33215016871691 48.11947036534548 202.2882847711444 89.59001383930445 170.8785964697599 171.3353490754962 10.02860093861818 6.849777638912201 0.3291931450366974 0.6705604195594788 0 0 0.2114488631486893 0 0 0 0.7135089933872223 0 0 0.3287029713392258 0 0 0.1609466820955276 0.3618041351437569 0 81.52393957972527 33.28381428867579 0.1459275484085083 0.339123472571373 0 24.60747966915369 0.3687628656625748 32.1338733881712 2.467203445732594 0.387265145778656 0 0 0.1170762702822685 0.2970718592405319 1.525740370154381 0 0 7.195183396339417 28.2057551369071 0.8927668929100037 0.5275087803602219 0.8587303683161736 0.2746687829494476 0.3843342289328575 0.1453535854816437 0.6530590131878853 0 6.341676935553551 11.54360511153936 0.1458194553852081 1.269830405712128 0.7715068161487579 76.15788536518812 7.97142181545496 3.320474088191986 2.05921021848917 0.1293356120586395 0 0 0.3372573330998421 0 0.6478430032730103 283.9955474883318 1.722818791866302 0 0.1031063497066498 0.5397552996873856 30.71707285940647 5.919684708118439 15.43902120739222 7.14165585488081 11.3081978932023 18.51953799277544 9.756116971373558 11.65973326563835 0.2411011010408401 0 0 0.1473613381385803 0.2983720228075981 0 0.1034340038895607 0 75.9116717800498 20.71899382770061 10.05247028917074 485.0040069147944 66.38023632019758 471.6767709627748 139.8891168385744 142.190578520298 50.70176250487566 5.919559739530087 129.0930604338646 59.90047739446163 3.578183978796005 63.71036522835493 7.56814206391573 9.773992255330086 7.717843562364578 0 13.50315978378057 16.29774142056704 3.967494942247868
