0 4311.264690481126 3347.114596247673 763.8630792200565 886.037993915379 936.385699570179 631.3340904042125 102.3246672302485 32.77415722608566 1101.810138493776 157.6441967189312 141.9763146191835 1065.452988430858 55.68053049594164 5.766520194709301 0.2152201384305954 0 0.337491974234581 0 0.2680690512061119 0.6520990133285522 1.245068863034248 0.3627296686172485 0.168554350733757 0.3297412097454071 0.1363376975059509 0.3295527994632721 0.2014220803976059 0 0 1454.758050903678 235.2887690663338 1.8842793405056 0.3350169956684113 0.330343022942543 0.2765062227845192 7.469118274748325 1.15029376745224 0.4365740269422531 0 0 0.1180330738425255 0 0 0 0 30.84809544682503 3.354910030961037 0 0.1219854950904846 1.539679005742073 3.446325704455376 0 0.8560518622398376 15.21982580423355 41.6957688704133 353.2336518540978 784.3889043033123 93.56598614901304 57.59841383248568 0 0.8915392756462097 0.3424799740314484 211.6891633123159 19.5640123039484 4.464741766452789 2.393339700996876 0.8973045349121094 0.4173930287361145 1.48850329965353 26.71123035252094 33.26955856382847 0.3475729823112488 240.4746094271541 171.4177309423685 73.27191410213709 40.93288885056973 1.150935769081116 1.339322149753571 13.14209938049316 0 3.353768095374107 21.3047137632966 2.008007362484932 6.086721740663052 11.17544628679752 0.7995776832103729 3.058952912688255 2.345247559249401 2.114298164844513 0.1501468867063522 0 0.2355484440922737 0.2692473381757736 0 364.8132174313068 75.96629920601845 7.932222038507462 5.146391078829765 850.5206640511751 0 1.04772087931633 1.942832812666893 0 4.4101382791996 2.696823820471764 0.6587815135717392 3.093593716621399 4.451284021139145 0.8622226566076279 1.720254942774773 9.414444863796234 1.680241428315639 5.598527155816555 0.1541268080472946 0 0.5115357637405396 0 0 0 0 0 0 0 0 0 0 0 0 0 0 0 0 0 2.177134498953819 0.4161671251058578 0 0 0 1.046941980719566 0 3.318647131323814 0 0 0 0 0 0 0 0 0 0.3102132976055145 1.831738896667957 0.1571736335754395 0 0 0 0.1712573766708374 0 0 0 0 0 0 0 0 1.220804110169411 2.377530455589294 0 0 0 0 0 0 0 0 0.5909732580184937 0 0 0 0 0 0.2521559596061707 0.1295547038316727 0 2.265260115265846 2.032116949558258 0.2830574959516525 0 0 0 0 0 0 0 0 0 2.282125055789948 0 1.527070373296738 179.0272424742579 11.53793207556009 195.937892191112 58.38960836827755 1571.113152295351 30.70674489438534 12.00619136542082 15.8053315654397 3.136248052120209 0.5453294962644577 4.319688282907009 1.576772518455982 30.40253263711929 0.4936078786849976 0.2598311603069305 1.757209792733192 0 0
4311.264690481126 0 1982.904911860824 561.614696636796 3042.584671646357 988.2904340326786 2567.643769659102 253.8289060890675 1452.439310744405 415.2432291954756 933.6018271967769 31.64522347599268 1586.940328143537 374.1459544375539 35.09295208007097 1.420769393444061 0.1539937555789948 0.1358021944761276 0.2374603822827339 0.3889079689979553 0.3131265044212341 0 0.2444507032632828 1.087466850876808 0.7129655778408051 0.1316508054733276 0.5312520563602448 0.4741635918617249 0.4840907827019691 0.104168713092804 1663.897377118468 102.4918036907911 3.697624176740646 0 0.4793937504291534 0 9.068835861980915 2.296518541872501 1.166065558791161 0.1097705289721489 0 0.1362045407295227 0.2619506046175957 0.4587690383195877 0.3584086745977402 0.5911563634872437 237.2094352096319 12.56477151811123 0 0.7415790110826492 3.740015007555485 0 0 0.3126084059476852 23.35875481367111 56.87052734941244 44.31551314890385 411.5766090154648 46.62792427837849 177.0275245830417 0.3073877692222595 2.245075404644012 0.1547165066003799 662.7632800191641 46.23748426139355 17.33751662820578 8.007930785417557 2.585787624120712 0.6118124127388 1.049243301153183 20.19837412238121 1.081738188862801 0 192.1190798729658 352.3008527383208 354.4231981560588 347.8328135982156 7.807743363082409 1.004899904131889 21.51610241085291 0.2296323329210281 4.870292507112026 62.44364130496979 1.989182621240616 18.92424775660038 29.77812320739031 2.43559867143631 0.1224726960062981 3.347362749278545 0 3.113182373344898 0.1139056980609894 0.6511268764734268 0.7663155272603035 0.7273906022310257 189.5497722923756 2.319980420172215 0 3.046931609511375 324.3752921745181 0.4112067818641663 8.779396742582321 17.62225490808487 4.809626623988152 13.10470619052649 23.35120041668415 5.173955857753754 22.30073069781065 16.26511540263891 8.214627005159855 12.7268800213933 48.61785615980625 24.0282628685236 36.77958352863789 5.709287777543068 0.7471441030502319 0.5952463001012802 0 0 0 0 0 0 0 0 0 0 0 0 0 0 0 0 0 12.27591153979301 5.200181573629379 0 0.3216367065906525 0 3.830925405025482 0.1743814647197723 8.239410631358624 0 0 0 0 0 0.2012758105993271 0 0 0 4.660184517502785 3.390173301100731 0 0 0 0.3032918572425842 0 0.1326005160808563 1.40634161233902 0 0.8884265422821045 2.560221947729588 0 0 0 7.40547501295805 6.170890860259533 0.5975737944245338 0.8080611526966095 0.2609301209449768 0 0 0 0 0 8.97278543561697 0 0 0 0 0.7006429582834244 0 0.3487071767449379 5.094051465392113 10.41807389259338 6.569645337760448 1.246105119585991 0.3654565662145615 0.186323419213295 0 0 0 0 0.1319454312324524 0 0 4.044156663119793 0.769344374537468 3.95877106487751 298.4539603590965 41.77204128354788 530.5903434976935 126.57987447083 855.9067300930619 65.95357090979815 16.46527952700853 57.65516449511051 12.08853250741959 1.631877236068249 18.1297000348568 3.656086996197701 69.91657216846943 1.046722605824471 1.294163547456264 1.650490663945675 1.436651632189751 0.7120055556297302
3347.114596247673 1982.904911860824 0 31.57857985794544 1697.190266206861 89.17291775345802 147.7258961796761 1962.695173896849 441.3255878165364 34.09746806323528 3380.600689984858 16.70082195848227 432.2543876692653 1240.58604002744 20.14914482086897 9.525081910192966 0.4378056526184082 1.359390757977962 0.3981326222419739 24.20532603561878 50.84070996195078 0 65.38352058827877 31.80228590220213 52.41521224379539 1.616797521710396 27.8667963296175 0.6387449353933334 1.012187100946903 1.826583467423916 6128.76728348434 105.1709558442235 67.44362207502127 19.06038305908442 36.7929510101676 43.07032682746649 67.59355190396309 2.71096870303154 2.382941409945488 4.189932100474834 14.66001810133457 2.83845330029726 7.463548883795738 3.223806723952293 6.58875972032547 18.22046218812466 98.83707063645124 7.893351286649704 0.3720283880829811 3.505157895386219 3.849323593080044 0 0 0.986510694026947 8.954981423914433 25.16201938688755 42.89733563363552 728.6061510741711 37.39152120053768 63.70031011104584 1.869948051869869 55.6801194101572 43.34543547034264 404.7963485643268 20.49913297593594 7.170105792582035 5.056994743645191 12.10767597705126 10.24649798125029 108.6491090282798 139.1307556927204 15.89558504521847 0 111.8410491868854 226.156754642725 115.2108040750027 135.1342696398497 20.67442701756954 227.6588295549154 1787.393354251981 3.822605676949024 351.5698653310537 19.71608262509108 0.1936097592115402 6.768239133059978 9.824491083621979 6.378579773008823 0.2127914279699326 0.6530208811163902 0 0.4921325817704201 0.1156656965613365 8.485661812126637 0.5722977668046951 2.104407109320164 33.7785252481699 14.25044518709183 0 8.697596065700054 844.1774491816759 0.134486049413681 0.5771350860595703 1.669697567820549 0.7742426842451096 12.89071615040302 15.2311437651515 0.496522843837738 14.49398569017649 7.25552424788475 5.228933453559875 13.2889693826437 36.1220740377903 16.69445209950209 44.30964366346598 23.26586365699768 0.445100761950016 1.476299524307251 0 0 0 0 0.1004988625645638 0.1208807229995728 0.1326947659254074 0.1334928274154663 0.2584281712770462 0 0 0.4746605902910233 0.2538324296474457 0 0 0.6928559616208076 0 21.49923256784678 5.577276647090912 0 0 0 14.47306553274393 0.8042190968990326 22.38400024920702 0.1314970105886459 0 0 0.1137934103608131 0 0.1712293177843094 2.257565513253212 0.1407880038022995 0 5.565144576132298 7.524679377675056 0 0 0 0.2755397111177444 0.3450530916452408 0.5197299867868423 0.6442005932331085 0.1345257312059402 0.9189375042915344 3.157917335629463 0 0.3257694691419601 0.2628346681594849 27.06271247565746 10.11174429953098 0.247275747358799 2.617869362235069 0.1974672749638557 0.09065088629722595 0 0.109702505171299 0 0 35.10941962897778 0.3629935383796692 0.1218966916203499 0 0 1.368964344263077 1.114708170294762 2.053877204656601 5.650508895516396 16.79415529221296 13.01979376375675 4.955053687095642 3.842960931360722 0.1973594054579735 0.1420274078845978 0 0 0.1062364429235458 0 0 0 5.569291181862354 3.337548807263374 14.39213487505913 107.125199072063 18.85711535066366 192.6821542084217 61.77221937477589 216.5107544213533 20.81996491551399 10.8467882797122 38.0139063000679 12.29162037372589 0.8201506286859512 24.18155907094479 4.620108224451542 27.77328914403915 1.960050761699677 0.3698696419596672 2.258637651801109 2.475073523819447 0.8304389417171478
763.8630792200565 561.614696636796 31.57857985794544 0 133.1713012009859 257.7872164398432 307.0445832461119 2.188252553343773 26.04791060835123 658.8081899434328 8.394599169492722 65.10106824338436 1615.745071083307 4.019848003983498 4.009670972824097 0.4012978374958038 0.1497821062803268 0.1860953867435455 0 0 0 0 0.180461511015892 0 0 0 0 0 0 0 132.0447610169649 2.299846306443214 1.595133885741234 0 0 0 0.9949841797351837 0 0.1334235519170761 0 0 0 0.2164067924022675 0.1295922249555588 0 0 33.94866294413805 1.938525587320328 0 0 1.097663357853889 0 0 0 4.200514666736126 10.05726470053196 5.889297410845757 41.92156718671322 6.900688476860523 25.22316658496857 0 0.410748302936554 0 82.70730571448803 7.117447152733803 2.24371138215065 1.189009845256805 0.3451838344335556 0 0.1850222200155258 10.93601436913013 0.3238866329193115 0 31.70832058042288 40.49078473448753 42.02823084592819 51.83167476952076 1.036533668637276 0 0.8631825298070908 0 0 7.251255370676517 0.492465652525425 2.256258986890316 4.171914428472519 0.3999138921499252 0 0.1421902626752853 0 0.2368112653493881 0.1068740785121918 0.1369746178388596 0 0.1184195876121521 237.1409427076578 0.323531448841095 0 0 77.67674145102501 2.906286120414734 5.16784904897213 13.32051128149033 2.673797786235809 7.970361992716789 16.850531257689 4.533677369356155 11.49057158082724 10.728197067976 5.667455345392227 6.76812981069088 31.1752427816391 13.91152627766132 29.02739971876144 2.414270609617233 0 0.4153474867343903 0 0 0 0 0 0 0 0 0 0 0 0 0 0 0 0 0 5.962156139314175 3.045201793313026 0 0 0 2.222278118133545 0 1.511411264538765 0 0 0 0 0 0 0 0 0 1.354881294071674 3.073417127132416 0 0 0 0 0 0 0.3638201802968979 0 0.412027508020401 0.5574628114700317 0 0 0 2.769010499119759 1.116702139377594 0 1.07078094035387 0 0 0 0 0 0 3.878749206662178 0 0 0 0 0.2052196264266968 0 0 0.8743399679660797 4.735104113817215 1.894275777041912 1.805985748767853 1.567171402275562 0 0 0 0 0 0 0 0 0.8501880466938019 0.1955376863479614 0.3814475238323212 78.90307544916868 5.527568139135838 92.84430167078972 20.98266696184874 197.5476057976484 10.81262866407633 3.490367531776428 8.673081301152706 13.88883592188358 0 7.906643323600292 1.501553423702717 49.95440477132797 0.8455625995993614 0.1791713237762451 2.141098231077194 0 0
886.037993915379 3042.584671646357 1697.190266206861 133.1713012009859 0 152.9435300529003 1121.108707353473 502.6856046020985 3858.629383824766 462.3589349240065 2089.476405218244 92.63156709074974 1228.481798633933 2249.490442655981 32.85469179600477 2.092915497720242 0 0.09338492900133133 0 0.1312329173088074 0.9382649213075638 0 1.139768078923225 0.5385718792676926 0.8072635680437088 0.5960379168391228 0.4405113756656647 0.3144349157810211 0.2739032134413719 0.3053408265113831 1231.547080524266 37.78435344994068 5.834439650177956 0 0.1934500485658646 0.7991245239973068 21.92129543423653 0.6383386328816414 1.31118680536747 0.5437342673540115 0.4996401220560074 1.17953871935606 0 0.765567883849144 0.6643383502960205 0 191.2866918668151 7.412361107766628 0.2596273124217987 0.7426057308912277 3.287462405860424 0 0 0.2073305249214172 7.603532172739506 22.61238234490156 10.53444757312536 119.2965159863234 20.32763943076134 95.81590973585844 0 0.8154597133398056 0.1121119633316994 289.5210526436567 21.59935468435287 10.99763210862875 5.674048408865929 2.043184898793697 0.7601347267627716 1.454493664205074 88.27975320070982 4.133790045976639 0 64.58155681937933 136.0106110200286 205.6469962149858 227.9291283935308 6.754564508795738 1.019215479493141 25.72631583362818 0.179364025592804 3.411649622023106 30.5229989439249 0 9.950897090137005 15.15712591260672 2.49164392054081 0.3879461213946342 1.44809902459383 0 1.544526748359203 0.2191096022725105 0.9388873800635338 0.8046495020389557 1.317488968372345 136.7279972732067 3.686201810836792 0 3.184470564126968 44.95346374809742 3.857186332345009 10.63648150861263 21.12263649702072 3.13602726906538 44.3569276034832 60.74563797563314 7.745958864688873 53.29620353132486 34.97019916772842 29.64701799303293 31.30726724863052 125.9825859442353 55.97287488728762 108.6066270619631 21.00770792365074 0.1275529861450195 0.8423361480236053 0 0 0 0 0 0 0 0 0 0 0 0 0 0 0 0 0 32.25497666746378 12.41792790591717 0 0 0 9.211886823177338 0.5355311632156372 13.7719956189394 0.5925694406032562 0.1265210062265396 0 0 0 0.6277067959308624 1.526531092822552 0.2539303302764893 0 5.623600579798222 9.322770476341248 0 0 0.1382157951593399 0 0 0.6564588099718094 0.8653851822018623 0.09036311507225037 1.872011691331863 7.956487819552422 0 0.2610312104225159 1.533807173371315 21.92904175817966 16.55159894376993 1.514942534267902 2.056315310299397 0.1267348378896713 0.1133267655968666 0 0 0 0 37.1843743249774 0.1971102952957153 0 0 0 3.146916300058365 0.3594492971897125 0.691827654838562 7.457231149077415 16.17624562233686 11.40974414348602 2.414914034307003 2.170236207544804 0 0 0 0 0.09083245694637299 0 0 0 12.5402305573225 1.444502487778664 5.952317647635937 239.9474451467395 30.64229411631823 337.7092248722911 105.2868669554591 203.6249041333795 42.86108060926199 8.682054556906223 68.25214764475822 20.64557118713856 2.05342074483633 33.00218732655048 6.629577688872814 68.10062581300735 1.58281597495079 1.050014808773994 3.719969630241394 2.101387336850166 0.2741943001747131
936.385699570179 988.2904340326786 89.17291775345802 257.7872164398432 152.9435300529003 0 348.4287114292383 4.55300235748291 36.27200531959534 509.7145877480507 18.37486232072115 230.3742517977953 547.9463714957237 28.38382439315319 2.573588669300079 0.2266437113285065 0 0 0 0 0 3.076047196984291 0.384430319070816 0 0 0 0 0 0 0 328.6254804432392 4.06430122256279 1.58641055226326 0 0 0 8.341936305165291 3.11709001660347 3.208996564149857 0.2838801294565201 0 0 0 0 0 0 10.4460486471653 1.657776311039925 0 0 0.197491854429245 30.07109941542149 0.4707154631614685 2.672957509756088 7.03844627737999 12.11537720263004 126.912684969604 132.5790813490748 14.63508212566376 17.84649030864239 0 0 0 92.82131850719452 5.996492758393288 1.611463531851768 0.621856763958931 0.3321170583367348 0 0.1588065177202225 106.9681389629841 199.6538568139076 12.31388139724731 47.47608181834221 54.68081778287888 35.06020567566156 24.63001126050949 0.3783534616231918 0 6.360750466585159 0.3780902624130249 0 7.834288008511066 3.557443976402283 2.702332079410553 5.702189013361931 0 16.97687689960003 4.95384107530117 13.65027864277363 0.2096979320049286 0 0 0.1024198457598686 0.321157306432724 317.5605286359787 165.9713454246521 30.9295212328434 18.17076878249645 430.5936310142279 0 0 0 0 0.157501146197319 0 0 0.1594344675540924 0 0 0.1185436025261879 1.077897593379021 0 0.8004671782255173 0.197943702340126 0 0 0 0 0 0 0 0 0 0 0 0 0 0 0 0 0 0 0 0 0 0 0 0 0.1324429214000702 0 0.728621780872345 0 0 0 0 0 0 0 0 0 0 0.6526560187339783 0 0 0 0 0 0 0.09626258909702301 0.2136789560317993 0 0 0 0 0 0.5598576962947845 0.4263354539871216 0 0.1324389278888702 0 0 0 0 0 0 0.5411349534988403 0 0 0.1102890372276306 0 0 0 0 0.1808631867170334 0.6264126300811768 0 0 0 0 0 0 0 0 0 0 0 0 0 0.2384030371904373 10.63477224111557 4.103920593857765 59.49482950568199 12.18026086688042 342.8564879596233 10.12861332297325 4.886222869157791 4.425991334021091 0.6136418133974075 0.1289194673299789 1.065633170306683 0.2687413990497589 0.9182009696960449 0 0 0 0 0
631.3340904042125 2567.643769659102 147.7258961796761 307.0445832461119 1121.108707353473 348.4287114292383 0 14.35673627257347 2638.347128883004 1455.15320456028 108.3729967996478 270.5527111142874 2678.753176562488 668.2798918262124 33.61295281350613 3.610733240842819 0 0.2418800741434097 0.25218865275383 0.4767128080129623 0.2911576926708221 0.1532936841249466 0 0.3879326209425926 0.3596422597765923 0 0.4888362735509872 0.1424091905355453 0.1698925048112869 0.1196242272853851 239.9812228009105 21.77633117884398 2.117709770798683 0.1062576472759247 0 0.22722227871418 15.34557535499334 1.99810317158699 0.9055580496788025 0.4111938253045082 0.1257732957601547 0.2432328090071678 0 0 0 0 187.5687876567245 9.440513007342815 0.1642111837863922 0.2784005329012871 4.783544942736626 0 0 0.3204672336578369 10.37597156316042 30.80501512438059 12.24466232955456 108.4325081706047 20.82792855799198 103.4451968073845 0 1.017289884388447 0.2774486541748047 268.1685024425387 28.22387322038412 10.4384278729558 5.560660719871521 2.346151150763035 0.3482778966426849 0.1828606128692627 72.60550221800804 0.9560810476541519 0 66.57386393845081 141.9727125167847 221.1476017460227 234.9127891734242 6.410015434026718 0.4590789079666138 7.429479390382767 0 0.4491274952888489 37.78467355668545 0.9881194457411766 13.03926629573107 16.85450480878353 2.660052210092545 0 2.857426382601261 0 1.642000287771225 0.4883976802229881 0.1061839610338211 0.9566607177257538 0.657637320458889 498.9575440138578 4.879954636096954 0 2.530194811522961 52.59395778179169 5.217643082141876 20.37050028145313 45.672478556633 14.38134064525366 73.76230405271053 96.78802566230297 20.23262607306242 89.89763261377811 81.90885289758444 52.7093151062727 53.37155328691006 210.9277041405439 106.1268889605999 157.9829194620252 18.48657555133104 1.190702691674232 0.81410813331604 0 0 0 0 0 0 0 0 0 0 0 0 0 0 0 0 0 55.31237759441137 16.93847931176424 0 0 0 8.610564470291138 0 18.71909876167774 1.575019530951977 0 0 0 0 0.4750227332115173 0.9668127745389938 0.2845718860626221 0 7.038022875785828 8.203752242028713 0.1299941837787628 0 0.146857351064682 0.1253305524587631 0.1189448535442352 0.5176221579313278 2.91791358590126 0.1933127716183662 1.347266770899296 7.760678268969059 0.5214807391166687 0.1526798754930496 0.3318671733140945 22.98385238647461 23.39024741947651 1.944433942437172 2.171815469861031 0.3824928179383278 0.115072563290596 0 0.198525182902813 0 0 46.28901583701372 0 0 0 0.1331280171871185 2.361950531601906 0.1378705203533173 0.5351697653532028 7.426273800432682 20.3696700707078 13.70938682556152 9.454708948731422 2.236566938459873 0 0.09560126811265945 0 0 0.2484715655446053 0 0 0 15.87821820378304 2.338282093405724 7.366246432065964 265.011998206377 32.61131320148706 366.4432721883059 113.8982069939375 296.9960943907499 48.07217963039875 12.37848092615604 64.1091445311904 25.69932391494513 2.508766770362854 39.3859718516469 7.352738663554192 146.1394959017634 1.578190557658672 1.38187225908041 3.39321368932724 2.162879094481468 0.1695888787508011
102.3246672302485 253.8289060890675 1962.695173896849 2.188252553343773 502.6856046020985 4.55300235748291 14.35673627257347 0 138.5096775889397 2.959451839327812 5978.589627787471 12.44196526706219 312.4169991984963 660.5142165049911 37.81540108472109 23.8329875394702 13.50889509916306 63.39177644997835 8.452929124236107 302.2922223433852 261.630845233798 0 174.9923561885953 74.36283306032419 90.00397154688835 5.069313414394855 59.42548867315054 1.36420015245676 2.562137573957443 2.952401384711266 627.1401290148497 1048.97069490701 82.1821603551507 57.605713583529 91.2277397364378 83.37095246464014 52.90227023512125 16.3763201162219 4.436708711087704 10.61928182840347 31.03116136789322 41.11557261645794 103.5963880941272 12.39950628578663 29.42154779285192 65.48957222700119 141.8439080566168 25.74792182445526 12.95950628072023 127.9073865041137 11.05056604743004 1.579669781029224 0.3806444182991982 11.73489110171795 2.076027311384678 6.589614130556583 2.540156595408916 59.01531430333853 5.934740975499153 30.09770945459604 80.6264876127243 143.1380960792303 119.0308510363102 437.7453216388822 4.446541234850883 24.18720445781946 13.95652189105749 68.08014004677534 129.2406016439199 527.2508765161037 118.0832662284374 17.39724864810705 0 19.22305865585804 50.06552173197269 105.5534221753478 328.5951165035367 131.9691284894943 1332.438712380826 6243.38710873574 232.3235219120979 2769.308788895607 9.967127665877342 0.1794469878077507 6.717640399932861 4.127594456076622 202.0798641294241 0 1.142520904541016 0 1.167145863175392 0.484514057636261 45.19657626003027 3.417028464376926 20.08686701953411 50.49948006868362 16.42851656675339 0 11.91209074109793 35.83649623394012 0 0.3758227676153183 1.062258362770081 0.1317888200283051 8.347365140914917 7.451609835028648 0.355257585644722 10.26639536768198 2.164249569177628 2.719493091106415 6.428651660680771 22.14327455312014 9.389397241175175 34.05728101730347 13.46401249617338 0.4544711783528328 0.6705193668603897 0 0 0 0 0 0.122826486825943 0 0.1298622488975525 0.664503775537014 0 0 0.2977453917264938 0.1256573349237442 0.2797356843948364 0 1.15840195119381 0 8.62824060022831 2.463779352605343 0.2701902240514755 0 0 6.87420716136694 0 8.358804203569889 0.4090090841054916 0 0 1.665482312440872 0.4801668077707291 0 0.6820633858442307 0.3187005221843719 0 4.770078226923943 4.581765189766884 0 0.2669214457273483 0.8766078129410744 0.549941711127758 1.918650723993778 0.4228910803794861 1.201952956616879 0.4815104007720947 0.95705446600914 1.465546026825905 0 0.1371998935937881 0 12.30934831500053 9.617505453526974 1.278951525688171 1.422016642987728 0.3554583042860031 0.5122141763567924 0.1473032087087631 0.1043861731886864 0 0.3515937328338623 23.34080443531275 0.3960874378681183 0.134573757648468 0 1.292908482253551 0.5473563969135284 0 0.1262435019016266 2.989805236458778 7.313400581479073 5.796668246388435 3.26071585714817 3.539380833506584 0.5381250083446503 0 0.1526190638542175 0 1.270999193191528 0.3471488282084465 0 0.5561653077602386 4.796200081706047 1.318919874727726 6.124979749321938 233.1717825308442 33.90912685543299 228.5801909714937 62.43070664256811 21.64861884713173 20.89764328300953 2.964581072330475 59.53551182895899 19.71157994866371 1.555753350257874 22.77548843622208 5.001412905752659 20.77895440906286 1.261984579265118 0.3089072704315186 1.79786229133606 1.282816156744957 1.459351547062397
32.77415722608566 1452.439310744405 441.3255878165364 26.04791060835123 3858.629383824766 36.27200531959534 2638.347128883004 138.5096775889397 0 343.5005402266979 1764.172042399645 180.0047714859247 1195.217958636582 2457.361061498523 29.05503870546818 4.952533788979053 0 0.2591790929436684 0.1001122817397118 0.1391840726137161 0.5396305173635483 0 0.8961161822080612 0 0.9720290005207062 0 0.619702123105526 0.3468358963727951 0 0 121.1941016465425 15.45315467566252 2.728975504636765 0 0.1152485907077789 0.1354590207338333 23.31778982281685 0.3692376017570496 0.2392264604568481 0.3293508291244507 0 0.2731942683458328 0 0.660454161465168 0 0.1116671338677406 159.478195913136 4.107807859778404 0 0.2326735556125641 2.822491511702538 0.2163820937275887 0 0.1121116578578949 4.724177025258541 13.79335940629244 3.662081994116306 29.64137621968985 7.979857310652733 55.41340266168118 0 1.396811492741108 0.6038224697113037 79.77549935877323 12.62653008848429 5.214267283678055 3.36843453347683 1.146386355161667 0 0.7378443703055382 106.8297115340829 4.176810532808304 0 28.19909838587046 39.54333463311195 124.5775334611535 140.7591074258089 8.120753221213818 0.644375815987587 13.0799493342638 0 1.071215152740479 19.76564213633537 0.3195151388645172 6.302935220301151 6.825976558029652 1.211481906473637 0 1.145310312509537 0 0.5717042610049248 0 0.3311132937669754 1.028071738779545 0.5737077668309212 237.9207086116076 6.87078632414341 0 3.664163783192635 8.524117410182953 3.189336828887463 10.94057263433933 26.0020290017128 8.829997979104519 70.69055037200451 85.35652138292789 13.26561550796032 81.35783776640892 56.41400874406099 34.02072730660439 47.53817310929298 203.2750669270754 90.00372957438231 173.7334885299206 28.33427069336176 0.4175738543272018 2.419169366359711 0 0 0 0 0 0 0 0 0 0 0.2349753528833389 0 0 0 0 0 0 47.37639214843512 17.65190707147121 0.3602153062820435 0 0.1828076541423798 11.78352642804384 0.4739372134208679 18.41716243326664 0.7309566140174866 0 0 0 0 0.478039912879467 0.371332049369812 0.1299358010292053 0 10.0529523640871 7.630837000906467 0.3400060161948204 0 0 0 0.1076926216483116 0.2673553824424744 1.249645814299583 0.5786580815911293 1.837185651063919 12.41804682463408 0.429575502872467 0.1481125503778458 0 23.5139474272728 28.02096485346556 1.670368321239948 3.703795090317726 0.3017124980688095 0.4462743774056435 0 0.2281103432178497 0 0 60.84514404088259 0 0 0.1074293851852417 0.1070751845836639 3.614446297287941 0.1579856127500534 0.9443584531545639 13.54206082224846 26.48899522423744 16.78221321105957 9.391723185777664 4.84469935297966 0.1519868969917297 0 0 0 0.1902237758040428 0 0 0 22.69764783978462 2.802367448806763 7.707001589238644 240.5764518976212 15.85576809197664 282.0693949684501 93.02503599971533 77.22926113009453 31.56494049727917 5.541507892310619 68.8699052259326 24.81144191324711 4.780272081494331 43.89965763688087 8.222920700907707 137.6771754920483 4.232127875089645 1.046269714832306 4.710463628172874 3.986308231949806 0.656666174530983
1101.810138493776 415.2432291954756 34.09746806323528 658.8081899434328 462.3589349240065 509.7145877480507 1455.15320456028 2.959451839327812 343.5005402266979 0 8.804693400859833 545.9202945381403 5143.675335086882 85.14120003581047 3.375977590680122 1.255736112594604 0 0 0 0 0 0 0 0 0 0 0.122052788734436 0 0 0 132.2409370243549 3.964752048254013 0.8979561924934387 0 0 0.2718556672334671 5.46879817545414 0 0 0.5263606160879135 0 0.1393179297447205 0 0.1384175568819046 0 0 17.34734492003918 0.6868743747472763 0 0 0.5655776858329773 0.123758502304554 0 0 2.4227190092206 5.107318758964539 13.39596782624722 50.68637597560883 8.038550846278667 14.27512850612402 0 0 0 57.04891264438629 4.670267440378666 1.179605647921562 0.5177733674645424 0.4789305031299591 0 0 219.6898005902767 1.579820901155472 0 26.06692469120026 33.7064217031002 24.81927160173655 22.59036031365395 2.834996789693832 0 1.122700899839401 0 0 5.280980497598648 0.1579439342021942 1.132696025073528 2.8821030408144 0.1980781108140945 0.10533706843853 0 0 0.2398574277758598 0 0.1355964243412018 0 0 1240.470886081457 10.41394874453545 0 0.7858753651380539 212.2514296025038 3.115468606352806 50.56636037677526 106.3314858227968 93.44605360925198 67.11439554393291 133.1549870967865 45.4396428540349 114.5814181938767 78.30090725421906 139.5511633008718 43.67936549335718 288.6032859236002 114.3771958947182 305.5323277786374 17.44428923726082 2.011654123663902 0.7158169001340866 0 0 0 0 0 0 0 0 0 0 0 0 0 0 0 0 0 41.00094852596521 10.67044647783041 0.2666393220424652 0 0 9.244018495082855 0 5.233823239803314 0.6017998456954956 0 0 0 0 0.1891427636146545 0.3728360086679459 0.1546023935079575 0 10.69296392053366 6.606153033673763 0.293037585914135 0 0 0 0 1.086351372301579 2.011847250163555 0.4236544072628021 1.107862174510956 6.691676929593086 0 0.1647295951843262 0 9.779609009623528 29.41188146173954 2.370725996792316 2.907423160970211 0.333217516541481 0.3445958495140076 0 0 0 0 36.70555913448334 0.5389018207788467 0 0 0 2.151974700391293 0.8000490665435791 0 11.19849202036858 31.80783050507307 12.16491982340813 8.659715294837952 1.3526561409235 0.4909868165850639 0 0 0 0 0 0 0 35.11248275637627 1.627317950129509 2.390569522976875 102.8081631064415 2.419485352933407 57.54436847567558 15.16672836989164 359.3975644260645 4.386663824319839 3.333511725068092 10.79908296465874 23.13516966253519 1.214810587465763 36.46884457021952 5.256835885345936 275.9095211178064 2.635258875787258 0 5.027825102210045 0 0.8083282113075256
157.6441967189312 933.6018271967769 3380.600689984858 8.394599169492722 2089.476405218244 18.37486232072115 108.3729967996478 5978.589627787471 1764.172042399645 8.804693400859833 0 65.53589044511318 3765.968730591238 6556.504718437791 130.9438736438751 59.00786328315735 1.330269210040569 0.4038202092051506 0.718031719326973 3.177325807511806 26.07721584290266 0 63.187669724226 32.29165852069855 115.0927658230066 2.693449445068836 74.7790249735117 0.6316953301429749 4.658043324947357 4.445440895855427 410.5006809681654 125.7375593781471 273.1932093724608 9.724517598748207 40.21400932967663 82.89829939603806 230.9877227172256 21.25509923696518 7.682367466390133 20.64182893186808 24.36480670422316 1.810905121266842 0.7899763137102127 9.662913762032986 2.541136525571346 7.787350341677666 444.0999611988664 9.439842499792576 0.1007270440459251 0.6893489435315132 5.651614621281624 0.1412795037031174 0.07464361190795898 1.037621043622494 7.223405040800571 21.4844513759017 5.013730920851231 58.13451616466045 17.80985821038485 111.4772233739495 1.510497190058231 15.78794097155333 41.40148594975471 156.8660239055753 19.97870718687773 11.28489451855421 6.773300491273403 4.951872006058693 2.105366297066212 60.82795087248087 389.7977730631828 40.13271427899599 0.2454611286520958 53.17379034310579 69.85551644861698 315.7781025767326 518.6876068040729 117.6329732611775 175.1904582381248 600.1775813400745 4.470887005329132 24.18467254936695 26.98574774712324 0.1878629624843597 11.89304035156965 12.431615665555 3.264179594814777 0.1980506107211113 2.412388518452644 0.2483008727431297 1.349740564823151 0.2972818911075592 5.486777752637863 1.62280099093914 1.068989366292953 272.0571539849043 44.41525211930275 0 20.2195570319891 16.51655697077513 3.6168123036623 2.616698831319809 9.718538783490658 2.443330481648445 50.80936850607395 53.59304343163967 4.088056802749634 53.88123489171267 27.90834839642048 15.66854377090931 34.981176443398 132.104017958045 51.91796015202999 168.5702277049422 32.37332769483328 1.480985201895237 1.371287733316422 0.136004626750946 0 0 0 0 0.3209390491247177 0.4384172260761261 0 0.1327595263719559 0 0 0.2036655098199844 0.1232310011982918 0.1456576138734818 0 1.000533603131771 0 44.84840352088213 14.39497899264097 0.1444895267486572 0 0.1052999645471573 16.40438476204872 0.8275499790906906 20.706542275846 1.523010171949863 0 0 0 0 0 1.776253134012222 0 0 11.08585309237242 15.99114269763231 0.09584585577249527 0 0 0.2523012459278107 0.1446642428636551 0.8109541386365891 2.199342757463455 0.2562895715236664 1.0772450491786 10.56306192278862 0.309410959482193 0.3736981153488159 0.1365590542554855 25.21047851443291 26.7551004961133 3.010526895523071 3.244738914072514 0.8844775930047035 0.1172395199537277 0 0.1806892603635788 0 0 83.35408475995064 0 0.5851092338562012 0 0.2366351783275604 4.234511576592922 0.335795983672142 0.5286001861095428 10.18052800744772 38.85746915638447 18.53743055462837 9.29607517272234 4.904112718999386 0.4605347737669945 0 0 0.2390756756067276 0.1938175186514854 0 0 0 24.80466082692146 6.20446389913559 14.10534589737654 667.4022550210357 45.35416489094496 690.2353877946734 247.1011029332876 76.43900612741709 72.72877053916454 10.57550523430109 202.6029731929302 46.73755477368832 6.27279544621706 66.6250899285078 14.62002708762884 61.89676979929209 3.223231300711632 1.871250383555889 7.413427665829659 10.24865431338549 3.017313778400421
141.9763146191835 31.64522347599268 16.70082195848227 65.10106824338436 92.63156709074974 230.3742517977953 270.5527111142874 12.44196526706219 180.0047714859247 545.9202945381403 65.53589044511318 0 1929.012822322547 59.86561715602875 7.590914100408554 7.127187676727772 0 0 0 0 0.5369924753904343 0 0.6391258835792542 0.3561633378267288 2.057120352983475 0 0.3090124130249023 0.1031749397516251 0.471844807267189 0 9.72261855751276 7.05093701928854 0.1758874803781509 0 0.5030046850442886 0.3307054564356804 9.320925265550613 0 0.1143138483166695 0 0.4882393032312393 0 0 0.7245277985930443 0.144127681851387 0 25.36755295097828 0.3690786883234978 0 0 0.2446290031075478 0 0 0.8400283455848694 0.372739277780056 1.652741596102715 3.155384570360184 2.853872627019882 1.340197518467903 4.886691942811012 0 0 1.088740065693855 6.67218391597271 0.7599131390452385 0.4323169738054276 0.1594525054097176 0.08980468660593033 0 0.6425741761922836 139.6031398028135 7.277569308876991 0 3.524941593408585 4.861089654266834 16.1914809346199 29.14221340417862 13.94154316186905 0 11.52517013251781 0.6236798614263535 0 1.508568949997425 0 0.2646329402923584 0.8348643556237221 0.09518338739871979 0 0.2986702546477318 0 0 0 0 0 0.143940806388855 1191.93219769001 10.11042262613773 0 0.3919529467821121 42.62357720732689 3.138444796204567 14.74487049877644 18.79438380897045 7.908748537302017 31.759955085814 58.52177435904741 14.04995560646057 57.82835697382689 30.72094549238682 29.69274795055389 27.43174869567156 150.1362940594554 68.72177533060312 159.1573833972216 12.18994063138962 0.3087041079998016 0.5050778388977051 0 0 0 0 0 0 0 0 0 0 0 0 0 0 0 0 0 28.28101652115583 8.377397820353508 0 0 0 3.884773299098015 0 2.384041227400303 0.5405094549059868 0 0 0 0 0.5237787514925003 0.2356724739074707 0 0 4.470186583697796 4.905526928603649 0 0 0 0 0 0.4980373233556747 1.329320818185806 0.1094321310520172 0.5400808900594711 3.572761967778206 0 0 0 3.77918429672718 12.46903158724308 0.639820359647274 1.185771197080612 0.1019561588764191 0.1103008165955544 0 0 0 0 39.98850605636835 0.1008283570408821 0 0 0 2.689812049269676 0.29258893430233 0.5248271226882935 4.931189842522144 14.59718663990498 6.81204142421484 3.181359849870205 1.30602989345789 0.2222015708684921 0.08548376709222794 0 0 0.09052998572587967 0 0 0 27.73967862129211 1.331454336643219 2.516315370798111 61.20386108011007 1.747234702110291 43.05635997653008 12.88669290393591 87.32196667045355 3.334139943122864 0.2415584623813629 17.79842256009579 7.989846996963024 0.7247241362929344 24.36551269888878 3.780086815357208 60.85204176604748 1.550283342599869 0.1639654338359833 0.4454223811626434 0.7190499007701874 0
1065.452988430858 1586.940328143537 432.2543876692653 1615.745071083307 1228.481798633933 547.9463714957237 2678.753176562488 312.4169991984963 1195.217958636582 5143.675335086882 3765.968730591238 1929.012822322547 0 5844.563233442605 130.4899591505527 84.93327172845602 1.073527537286282 0.1070674359798431 0.4891718178987503 2.175206691026688 4.705742098391056 0 21.23362500965595 12.81971926987171 21.75216290354729 1.99742478877306 17.63185561448336 1.275206461548805 1.828243650496006 3.514770515263081 185.5486567318439 62.94767266511917 779.9201686307788 2.713075622916222 14.05546063184738 16.52897456288338 122.798488818109 3.527287244796753 8.004410676658154 4.649533174932003 5.23402638733387 1.047853261232376 0.9462847262620926 11.89447538554668 1.959694392979145 4.236789405345917 420.6139341369271 9.445908434689045 0 0.1226965487003326 5.915681406855583 0.1402697712182999 0.6810218319296837 0.9257505163550377 7.405563369393349 21.54008561372757 14.77237962931395 62.23478595167398 19.77697309851646 90.88725065439939 0.8019500374794006 5.088369429111481 11.99394202232361 122.279334641993 20.38223720341921 8.991619870066643 5.329464741051197 3.136424109339714 1.018767580389977 15.22614420205355 504.3326732963324 59.78441686928272 0 63.62718760967255 75.04666117578745 257.1528833657503 496.0502011477947 173.3021545410156 10.9750959277153 698.1780098080635 5.872370190918446 5.202028080821037 29.85264122486115 0.4676474183797836 10.68115863204002 12.606888666749 1.894241608679295 0.1134372055530548 1.611510746181011 0.120009109377861 1.317663677036762 0.1516154408454895 3.677747264504433 2.070528127253056 1.306508131325245 3344.202419750392 63.23535965383053 0 18.54388727247715 103.4737267717719 10.90876963734627 46.32662607729435 138.5758320242167 66.57856205105782 289.5749305933714 346.9221913442016 73.85124091804028 356.0299379974604 297.1679282486439 184.9972761571407 207.2857330366969 885.435479387641 468.6535192579031 808.3010251447558 114.4346563816071 2.086250744760036 2.885327883064747 0.2707151174545288 0.324063241481781 0 0 0 0 0 0 0.2663036733865738 0 0 0.1998642981052399 0 0 0 0 0.1354121118783951 181.4550624936819 69.6247436478734 0 0 0 34.81065402179956 0.8360607475042343 36.50245989114046 2.85856905579567 0.1731984913349152 0.1530587375164032 0 0 1.746459066867828 2.63060250133276 0.4162724390625954 0 29.10576722025871 33.98745281249285 0.1657798662781715 0 0 0.6599746271967888 0.1479371339082718 2.553761884570122 7.636037096381187 0.6605810225009918 3.657987877726555 25.81456334143877 0.1850654035806656 0.8551470190286636 1.098240941762924 69.75485667586327 86.11452446877956 6.496083408594131 7.565494559705257 2.251863852143288 0.4452070072293282 0 0.3160913810133934 0 0 316.8413015156984 2.259353384375572 0 0 0.5475414097309113 13.78841799497604 1.425058946013451 3.762708373367786 27.99630737304688 76.24358240514994 53.03253401815891 30.77041190862656 17.57594937086105 1.927859283983707 0 0 0 0.892921969294548 0.08396424353122711 0 0 135.1218999251723 19.58556115627289 28.84190540015697 723.9626082330942 45.51404254883528 674.914458937943 266.2252740859985 318.6783255040646 62.53236754238605 14.03577367961407 252.258786007762 82.34682576358318 14.1055853664875 130.8746330961585 25.86528062820435 344.6171420067549 9.489167705178261 2.406983643770218 9.951721146702766 13.09562713652849 1.972811803221703
