0 3198.909124977887 333.5983494892716 1173.808414399624 1213.38762177527 2.594579935073853 1968.388491638005 83.07822697609663 399.8696335926652 1222.021603003144 814.9418135583401 625.3506577238441 785.1476514339447 367.027840718627 0.4957389459013939 0 0 0 0 0.1311294585466385 0.2319921925663948 0 0 0 0 0 0 0 0 0 64.62405600398779 0.9782170504331589 4.026351422071457 0 0 0 3.2222665771842 0 1.951129928231239 0 0 0.1133823320269585 0 0.1125310361385345 0 0 5.010399676859379 1.167457096278667 0 0 0.649354450404644 1.032438680529594 0.618914395570755 0 0 0.3582571819424629 238.5559491813183 239.5344219580293 15.64872938394547 2.908859759569168 0.1357009708881378 1.618097186088562 0 3.557584449648857 0.6742943450808525 0.5893320068717003 0.2879164591431618 0.3500623181462288 0.1623417139053345 0 35.19374458491802 9.60193657875061 1.592340916395187 30.64946836233139 32.33037953078747 10.70875798910856 2.394962422549725 0.1910915821790695 0 15.25527215003967 0.322060614824295 3.989826962351799 1.416826084256172 0 0.5135026946663857 0.9890121221542358 0.8225475251674652 1.222393497824669 0.3485318943858147 2.398297190666199 0.2132330760359764 0.6309509500861168 0 0 0 183.2768492698669 37.70385193824768 5.151461660861969 8.628836274147034 944.199814774096 0 0 0 0 0.1951774209737778 7.580593779683113 0 1.486994802951813 2.009841173887253 3.159320011734962 1.133732914924622 5.455292791128159 2.130993247032166 2.121662855148315 5.722973465919495 0 0.2153431624174118 0 0 0 0 0 0 0 0 0 0 0 0 0 0.8612968921661377 0 0 0 0.3632371723651886 0.1908584982156754 0 0 0 4.870416969060898 0 5.274264365434647 0.5603609085083008 1.283047199249268 0 0 0 0 0 0 0 0.1251188218593597 0.6992951035499573 0.4404632747173309 0 0 0.1867047846317291 0 0 0 0 0 0.1262487471103668 0 0 0 10.66827572882175 1.143322572112083 0 0.1440605521202087 0 0 0 0 0 0 3.640737414360046 0 0 0 0 3.701710224151611 0.5700848698616028 1.909486591815948 0 0.1772711277008057 0 0 0 0 0 0 0 0.1168974786996841 0 0 0 0.4720709621906281 0 4.429138988256454 22.21381873637438 1.846136249601841 39.27252541482449 14.67455797642469 316.4516980946064 4.877443380653858 0.4736741483211517 3.743018455803394 1.161995351314545 0 0.6148808598518372 0.7505794987082481 2.140919886529446 0.7384246587753296 0 0 0.1208577528595924 0
3198.909124977887 0 353.80784034729 210.8292988687754 3165.144640542567 38.13387997448444 4228.953638419509 172.6375950202346 1542.936934217811 331.3308223336935 1433.584475785494 353.3885481357574 1313.744252927601 801.1702638119459 7.932771176099777 0.3885384649038315 0 0.3625023737549782 0.1477426290512085 0.2985234409570694 0.2534153461456299 0 0 0 0 0 0 0 0.3245304077863693 0.1080423668026924 535.786727167666 43.71546837687492 1.276102140545845 0 0 0.98810875415802 2.257781118154526 0 0 0 0 0.1850243955850601 0.2761460393667221 0.4090476185083389 0.1355418264865875 0.2427996248006821 44.26109734177589 7.357374504208565 0.3370100259780884 0.3482317477464676 3.083922810852528 0.228263296186924 0 0 0.8232251331210136 1.796340689063072 111.8702976852655 387.9548920914531 19.18988230824471 15.42145954072475 0 0 0.1138242930173874 63.41240254044533 3.6876430362463 2.020299516618252 4.013624265789986 6.17398490011692 1.157838635146618 0.4834129363298416 11.91205344349146 7.479427173733711 0 94.16016218066216 234.7417372614145 93.03756912052631 47.79698756337166 2.664482347667217 0.5323000103235245 20.25946025550365 1.004548624157906 2.915054254233837 6.471394017338753 0.0785391628742218 2.998978555202484 3.844593450427055 2.878445193171501 0.1091337352991104 1.974109292030334 0.5715459734201431 0.6578933745622635 0.3943685218691826 1.143239215016365 0.09669722616672516 0.4513488039374352 28.94862578809261 0 0 3.578043818473816 697.8935483545065 2.480590224266052 9.616366565227509 1.575978070497513 1.103924065828323 1.753610163927078 48.94564346969128 1.246944189071655 19.53329232335091 8.664366744458675 16.97091349959373 11.46792785823345 33.69876900315285 14.69456046074629 25.26288229227066 26.55142974108458 0.3042532354593277 0 0 0 0 0 0 0 0 0 0 0 0 0 0 0 0 0 0 0.7570531591773033 1.123416364192963 0 0 0 18.48648367077112 0 10.10604874789715 5.493984803557396 0.490138441324234 0 0 0 0 0 0 0 2.314232066273689 0.2725431174039841 0.4269285649061203 0 0 0 0 0 0.3540749847888947 0.202390193939209 1.091324552893639 0.6662338972091675 0 0 0.6084039658308029 23.21188853681087 3.039274305105209 0.7658993601799011 0 0 0.2936708331108093 0 0 0 0 34.61457823216915 0.8090333640575409 0 0 0 8.542592853307724 0 8.632803812623024 2.785010784864426 2.562339290976524 0.8770961314439774 3.05108967423439 0 0.1369991451501846 0 0 0 0.1286513209342957 0.1108918264508247 0 0 6.863292075693607 5.768693640828133 8.711268246173859 66.51826941221952 18.4196345359087 191.7235872447491 52.86748743802309 329.9543972536922 16.76591503620148 3.43782277405262 19.44511297345161 5.849678985774517 0.2663442194461823 3.490489453077316 3.388740070164204 19.03383506089449 1.079098723828793 0 1.858824178576469 1.20731408149004 0.1541350185871124
333.5983494892716 353.80784034729 0 0.9353529885411263 546.7459711655974 0 25.91918714344501 805.8901310935616 265.9685905128717 1.625436827540398 1985.501764707267 3.375554710626602 126.7438010200858 277.8444745019078 7.16812901198864 1.296765364706516 0.9241313934326172 5.476920492947102 0.4415243044495583 52.74149371683598 59.27810882776976 0 4.912159644067287 1.453357584774494 0.1337262988090515 5.148927912116051 0 0.4452547580003738 0.5380196496844292 0 5060.280263364315 594.1970623284578 14.25975722074509 4.415738999843597 4.341352663934231 3.447520688176155 0.3124762177467346 0.5388861000537872 0 0.1445692032575607 5.55803145468235 2.847185231745243 11.16454488039017 3.117683798074722 2.101788140833378 4.438762560486794 25.88311234861612 18.38904631137848 2.380220957100391 10.25109131634235 3.339139617979527 0.6803082823753357 0 1.871209755539894 0.5195331200957298 2.388733506202698 252.6817741468549 1622.104128815234 40.68107172101736 10.01523915678263 11.42488992959261 5.950674265623093 32.40199314057827 1478.974250927567 4.280623607337475 1.746453545987606 3.64557696133852 13.23662062734365 38.60457357019186 49.11485037952662 10.12210407853127 0.8605715930461884 0 149.6718985661864 399.0742518380284 67.90686483681202 42.65465005487204 10.09595948457718 204.0593854188919 517.973174251616 18.60149636864662 244.8047730252147 7.628680340945721 0.09259095788002014 2.09237140417099 4.764569401741028 17.44875314086676 0 2.383642621338367 0.391968809068203 1.78034770488739 0.5382565334439278 8.000434078276157 0.3552004992961884 2.144016824662685 2.620157182216644 0 0 2.153670430183411 1050.002903588116 0.8355535268783569 0 0 0.7813718914985657 0 0.8035573661327362 0 1.156835436820984 1.462227553129196 2.156958669424057 0.3450778722763062 0.8171093389391899 0.9101708829402924 1.267839938402176 3.33038118481636 0 0 0 0 0 0 0 0 0 0 0 0 0 0 0 0 0 0 0 0 0.09096930921077728 0 0 0.1418906301259995 2.449897930026054 0 2.33530555665493 1.790844827890396 0 0 0 0.2601646184921265 0 0 0 0 0.1016129553318024 0 0 0 0.42643141746521 0 0.2709269225597382 0.1086603030562401 0 0.1004370301961899 0 0.1007494553923607 0 0.2951165437698364 0 2.804947972297668 0 0 0 0 0 0 0 0 0.9651438593864441 4.23241238296032 0.3464064002037048 0 0.1095176413655281 0 0.6208743304014206 0 3.068266063928604 1.152950070798397 0.1030613332986832 0 0.6164026260375977 0 0 0 0 0 0.3406240567564964 0 0 0 0 0.1828140318393707 2.896800488233566 35.68980596214533 16.38818534463644 154.0990565866232 41.54847985506058 39.32167392969131 15.15186952799559 4.707634724676609 11.53934805840254 0.2585098370909691 0.6773422211408615 0.4738353118300438 2.739323481917381 1.601601302623749 0.1309873759746552 0 0.4579567909240723 0.703638568520546 0
1173.808414399624 210.8292988687754 0.9353529885411263 0 52.61133377254009 134.3248299360275 377.4824472516775 0.2442050725221634 21.89578652381897 724.0955848097801 0.8985370099544525 701.3864391297102 1212.845351278782 7.116071991622448 0.1315375566482544 0 0.1341260075569153 0.1084086522459984 0 0 0 0 0 0 0 0 0 0 0 0 7.908561691641808 2.022632405161858 3.579251259565353 0 0 0 0 0 0 0 0 0 0 0 0.1537410020828247 0 4.288521230220795 0.5691115409135818 0.1093743816018105 0 0.2319231107831001 0 0 0 0 0 12.72982797771692 32.11592526733875 2.488300770521164 1.398753367364407 0 0 0 4.207012452185154 0.3846683204174042 0.1128893718123436 0.08810333907604218 0.7513699159026146 0 0 4.869904160499573 0 0 12.62349002063274 23.57621456682682 8.318787008523941 1.94512951374054 0 0.1632318049669266 0.1201070249080658 0.1271645724773407 0 1.141468644142151 0 0.5540960058569908 0.3014721497893333 0.2313456460833549 0 0.1071645244956017 0 0 0 0 0 0 17.45364460349083 0 0 0 108.4026834815741 0.2006716728210449 0.8642997741699219 0.4468348026275635 0 0.1955456286668777 10.15667536854744 1.030400261282921 4.721130378544331 4.086513489484787 3.483577318489552 2.562019065022469 7.459599956870079 4.903410866856575 4.712426885962486 3.041136503219604 0 0 0 0 0 0 0 0 0 0 0 0 0 0 0 0 0 0 0 0 1.538910657167435 0 0.5143546462059021 0 2.064804285764694 0 0 0 0 0 0 0 0 0 0 0 0 0.7573356032371521 0 0 0 0 0 0 0 0 0.2263024151325226 0.3334726393222809 0 0 0 4.206458076834679 1.044129252433777 0 0 0 0 0 0 0 0 3.810853891074657 0 0 0 0 1.6273562759161 0.2975746691226959 1.173670172691345 0.5254057645797729 0.9437719881534576 0 1.085811242461205 0 0 0 0 0 0 0 0 0 2.199088908731937 0 0.516463577747345 7.25305250287056 1.946363344788551 20.4489062204957 6.255271576344967 218.3119927719235 1.948970481753349 0.2794385254383087 1.445205934345722 0.256008118391037 0 0.630496621131897 0.7313279137015343 8.472890406847 0.130566269159317 0 0 0 0
1213.38762177527 3165.144640542567 546.7459711655974 52.61133377254009 0 21.010085105896 5164.981328286231 41.04785602539778 2616.416406333447 98.27255803346634 856.7731989771128 17.66280172765255 424.3419871330261 589.9659305214882 18.47855619341135 1.241452813148499 0 0.08917251229286194 0 1.08356761932373 0.1515300124883652 0 0.1213465183973312 0 0 0.1101162359118462 0.2509037777781487 0 0.2932506948709488 0.09809763729572296 472.9895768016577 141.9180319756269 10.70206440985203 0 0 0 1.566714093089104 0.2752242684364319 0 0.1343483179807663 0 0 0 1.093432500958443 0 0.4922327175736427 118.6280307397246 14.95112750679255 0.6762144491076469 0.4924841672182083 3.757752902805805 0.4097418114542961 0.1110793724656105 0 1.730691537261009 3.696390181779861 48.77941215783358 266.0221722051501 9.411913760006428 33.68409187346697 0.1393705010414124 0.1326176077127457 0 170.544524230063 4.531818829476833 2.623102970421314 6.425677768886089 9.85183484852314 1.343804486095905 1.241675779223442 35.57762496173382 9.474379748106003 0 101.240679204464 387.6567614674568 196.2243508547544 148.8537627011538 14.33634196966887 1.843395881354809 5.664711497724056 1.072063431143761 2.502662070095539 9.039962910115719 0.2380810901522636 5.10959342867136 5.178073674440384 4.123219393193722 0.2057797312736511 2.711243353784084 1.156568296253681 1.489931486546993 1.951985709369183 2.469478778541088 1.217012740671635 0.810734860599041 137.8549539148808 1.83263373374939 0 0.15219946205616 234.5627060011029 11.43640059232712 27.15009069442749 9.997516244649887 5.932509511709213 11.47469824552536 87.74747762084007 8.209114715456963 81.99222198873758 29.69994043558836 78.95763669908047 33.60228787362576 146.346744120121 102.3255194947124 127.6897997483611 121.1186708584428 0.2510038167238235 0.1356250941753387 0 0.2077781707048416 0 0 0.4489821195602417 0 0.1305076479911804 0 0 0 0 0 0 0 0.4791082739830017 0 0 16.97270365059376 6.457113429903984 0 0 0.1952584534883499 69.04336875677109 2.371595680713654 29.06976336240768 4.360279202461243 0.2761662900447845 0 0.1177714839577675 0 0 1.353434503078461 0.4965004920959473 0 4.723784625530243 2.490918196737766 0.8015658259391785 0.1728125661611557 0 0 0 0 0.4312327206134796 0.4401157647371292 1.923188045620918 6.907709330320358 0 1.156159162521362 0.1972486823797226 77.35797651857138 18.01965165883303 1.418068870902061 0.6273244246840477 1.153337702155113 1.0412338078022 0.2548061981797218 0 0.1076220348477364 0.1282371580600739 143.8286564201117 7.05338416993618 0 0.1544723063707352 0.1136685088276863 35.19797968864441 6.757469087839127 20.2655238956213 4.250264771282673 13.90574719011784 5.313364923000336 8.77241738140583 1.80796991288662 0.3411892205476761 0 0.2268492728471756 0.1061080694198608 0 0 0 0 53.96842118352652 20.94795404374599 21.54110982269049 146.0973145216703 42.26069024950266 333.1141887381673 97.41156987845898 275.4773158878088 38.10195423662663 7.63799162209034 63.34723486751318 15.98413357883692 3.560217492282391 12.25712119787931 7.930186040699482 64.83684950321913 2.846063576638699 1.095018699765205 2.823996849358082 3.212646469473839 2.060087025165558
2.594579935073853 38.13387997448444 0 134.3248299360275 21.010085105896 0 152.0673713907599 0 54.42425774782896 247.3951336592436 2.93247090280056 277.7269374281168 420.3994991183281 55.71284035593271 1.651432022452354 0.4598323851823807 0 0 0 0 0 1.397767469286919 0 0 0 0 0 0 0 0 0 0 18.11757461726665 0 0 0 17.20448014140129 0.2696784734725952 3.902633488178253 0 0 0 0 0.6496735662221909 0.1391651779413223 0 1.58019220083952 0.1399946510791779 0 0 0.1853766143321991 9.436351418495178 1.241089686751366 0 0 0.3059439659118652 144.821483373642 3.659553796052933 0.4631724953651428 0.5044915750622749 0.3894899785518646 1.082885906100273 0 0 0 0 0.1530753821134567 0 0 0 154.602118909359 79.48486125469208 9.946054592728615 0.7001911997795105 0.1351089924573898 1.003594972193241 1.173567213118076 0.9603011608123779 0.4034257382154465 7.781103536486626 0.4323032796382904 0.4656668603420258 0.1393652558326721 0.5384570360183716 0 0.5472250580787659 0 6.468255430459976 0.7781301438808441 14.73747366666794 1.056278362870216 1.014655813574791 0 0.1726829558610916 0.9350873231887817 356.8256618231535 140.0018578022718 71.87100511789322 13.13750277459621 474.6880958080292 0 0 0 0 0 0.9530875384807587 0 0 1.409560322761536 0 0 0.1498096883296967 0 0 0 0 0 0 0 0 0 0 0 0 0 0 0 0 0 0 0 0 0 0 0 0 0 0 0 0.7016239315271378 0 0.3317812085151672 0.1711825281381607 0 0 0 0 0 0 0 0 0 0 0 0 0 0 0 0 0 0 0 0 0 0 0 0.344944640994072 0 0 0 0 0 0 0 0 0 0.3657753467559814 0.2414528727531433 0 0 0 0 0 0 0 0 0 0 0 0 0 0 0 0.1607602536678314 0 0 0 0.467101514339447 0 0 5.038747437298298 0.1289942562580109 4.801754333078861 2.604063771665096 62.39279994368553 0.3921640366315842 0.1647084951400757 1.455405615270138 0 0 0 0.1249069944024086 0 0 0 0 0 0
1968.388491638005 4228.953638419509 25.91918714344501 377.4824472516775 5164.981328286231 152.0673713907599 0 44.16569113731384 2489.545960731804 1152.357372291386 1371.641345441341 165.9385907873511 1981.739813156426 583.668176472187 30.91167674213648 0.9607605040073395 0.3259563148021698 0.1266622990369797 0.3374093770980835 0.6761409789323807 0.2781542986631393 0 0.3467238619923592 0 0 0.4253695756196976 0.2549114674329758 0.1287657171487808 0.4308602884411812 0.2261886075139046 135.2849770635366 128.4493559673429 18.24874310940504 0.09635261446237564 0 0.2846231758594513 2.199511371552944 0 0.821210190653801 0.1220761314034462 0.6504952907562256 0.746621198952198 0.2404789924621582 0.6786386221647263 0.6018881574273109 0.2442677021026611 164.3433300331235 18.66743820160627 1.101994149386883 0.4801678955554962 6.226499386131763 0.2930095866322517 0.1432685852050781 0 1.6158457249403 5.941713638603687 113.209461145103 347.6741869151592 14.50066503882408 50.90725811570883 0.1408245712518692 0.139511451125145 0.2922361195087433 169.0766120925546 8.328130722045898 4.530947886407375 8.005864426493645 13.63581577688456 3.116929396986961 0.6472902670502663 51.8725758716464 17.37147797644138 0 169.0021367520094 504.911546587944 268.5593325272202 168.0969499275088 9.434681423008442 1.646128967404366 6.246221490204334 2.350428007543087 4.905085690319538 16.06587494164705 0.3220056593418121 6.031541138887405 8.816511258482933 5.767316348850727 0.5320636779069901 4.298693351447582 0.7760694921016693 2.59085601568222 1.24779037386179 1.573102898895741 0.7294698804616928 0.4961269721388817 506.5541322752833 0.8415469825267792 0 1.077714845538139 366.4617697894573 24.09196411818266 71.89219617843628 35.7304849177599 12.90423439443111 20.29810959100723 242.8787924647331 21.86649294942617 221.608872897923 66.21141995489597 189.6610492020845 92.0536677390337 376.4751406386495 250.0414244234562 330.5792181864381 288.2847039625049 0.9501391053199768 0.6722914129495621 0.7005316168069839 0.4966572895646095 0 0 0.8263241648674011 0 0 0 0 0.5409924983978271 0 0 0 0 0 0.7118314653635025 0 39.53088234364986 22.66245158016682 0.1074966639280319 0 0.2320419251918793 154.3477446213365 1.442717060446739 64.31355415284634 11.46652835607529 0.4864363074302673 0 0 0 0.4839614927768707 0 0 0.2526834607124329 5.948578871786594 16.59561236202717 2.893807098269463 0.3921996355056763 0 0 0 0.8487770184874535 0.8855474889278412 0.3333289474248886 5.128279395401478 15.15997502207756 0.35254767537117 1.640630751848221 3.423949420452118 146.0821069851518 34.52954810857773 4.387055911123753 3.755238473415375 2.132396310567856 2.036221727728844 0 0.1469056904315948 0 0 313.283085025847 14.6884813606739 0.4570677578449249 0 0 80.01911257952452 19.11745365709066 33.45302929729223 21.98390951007605 25.44015558809042 13.74598167091608 36.33467990905046 2.694626301527023 1.01297015696764 0.2487137019634247 0.3652617484331131 0 0.5945953354239464 0.3822586834430695 0 0 149.1900592073798 45.29371782392263 54.2231460660696 233.9358081445098 49.92036926746368 523.5905507430434 144.9722944349051 1047.58605966717 65.33913935720921 9.148209623992443 82.86282931268215 32.05372954159975 8.397769667208195 30.80671020597219 15.56951200217009 158.7070360481739 5.907146356999874 0.8796679824590683 4.025796845555305 5.629940941929817 0.6119330823421478
83.07822697609663 172.6375950202346 805.8901310935616 0.2442050725221634 41.04785602539778 0 44.16569113731384 0 520.8115045651793 1.283940389752388 7442.858742512763 12.23485772311687 300.7124664634466 788.4504119157791 41.12000866234303 14.27145490050316 4.545880988240242 52.76486177742481 7.092315845191479 364.8422501683235 283.8460108786821 0 36.88162952661514 6.479125611484051 1.770973801612854 29.22954071313143 2.219349421560764 3.403024062514305 0.229429692029953 0.3447996079921722 1674.018555104733 1778.163414433599 80.49244770407677 50.90442910790443 20.44063844531775 10.15460757911205 6.43611241132021 5.414230167865753 0.7582394108176231 0.1506897956132889 34.34288303554058 24.67698722332716 52.87599955499172 30.09394206106663 54.27638810873032 47.2241238579154 122.5046815425158 48.41931800544262 15.01532234251499 67.30082305520773 5.653413981199265 2.629653580486774 0 10.93853472173214 0.7513730153441429 2.448916278779507 75.87671182304621 652.6346292942762 10.49709346145391 24.69215619564056 100.1354236602783 55.54277186840773 171.233919121325 1124.080144956708 4.72053837031126 3.606103599071503 5.857616797089577 38.34254743158817 163.2511076852679 200.09863563627 17.24729669094086 6.818089589476585 0.344939187169075 117.9378727227449 569.1022448465228 203.9937326833606 557.8091533258557 249.7726994752884 1947.815482534468 4349.027237713337 503.6736496165395 3473.021701171994 10.76281971484423 0.1889443770051003 5.468657679855824 5.026509776711464 95.85990133881569 0 2.244176991283894 0.3116609379649162 1.663945890963078 1.774563439190388 44.77833984792233 1.42632369697094 19.68647067993879 7.273197144269943 5.120502173900604 0 1.031715124845505 203.8254075348377 0.6128716468811035 0.9028595685958862 0 0.6897955536842346 0 0.300359696149826 0 1.317527770996094 0 0 0.7904701754450798 1.43421234190464 1.722204566001892 2.220932900905609 3.581034302711487 0 0.394126683473587 0 0 0 0 0 0 0.1456258744001389 0 0.6899970099329948 0 0 0.173080712556839 0.1617395430803299 0 0 0.3175485730171204 0.1199799403548241 1.027830719947815 1.019876956939697 0 0.1261211484670639 0.1483756750822067 3.579098604619503 0.4888857156038284 2.330931626260281 0.9009382501244545 0.1180874705314636 0.5370704233646393 0.3504641652107239 0.3580357506871223 0 0.3628394603729248 0.1635400950908661 0.1494061797857285 0.1944416910409927 0.6738157272338867 0 0.298083558678627 2.17747700959444 0.09738782048225403 2.168383158743382 0 0 0.1185534298419952 0 0.344214528799057 0 0.2549639046192169 0 7.05129100382328 0.8453887104988098 0 0 0.2619054839015007 0.09461260586977005 0 0 0.1219954863190651 0.6883732602000237 6.420978739857674 0.2856170982122421 0 0.106800489127636 0.9731678515672684 1.944120906293392 0.08636672794818878 2.955291226506233 0.09271934628486633 0.9704558327794075 0 0 0 0.4025259613990784 0 0 0 0.1995195671916008 0 0 0 0 2.77565960586071 6.072295658290386 146.4772645682096 34.51290865987539 322.0915076211095 87.01259779930115 33.5154382288456 32.12457334250212 3.896287560462952 51.02518600970507 3.430983632802963 0.3077671751379967 1.915929012000561 2.302414461970329 2.414749294519424 0.2777698487043381 0.4046535193920135 0.167487621307373 6.004061080515385 0.8692393898963928
399.8696335926652 1542.936934217811 265.9685905128717 21.89578652381897 2616.416406333447 54.42425774782896 2489.545960731804 520.8115045651793 0 322.9239470884204 3875.713935166597 101.2859875112772 1791.17940017581 1830.593844413757 48.67388279736042 3.071297287940979 0.3176859319210052 0.6288862824440002 0.1291036605834961 1.165409035980701 0.9614728465676308 0 0.5473587810993195 0.1038892343640327 0.1434830725193024 0.5818521156907082 0 0 0.8690916076302528 0.2282934039831161 223.1146125867963 133.3283550441265 16.45228658616543 0.2026142179965973 0 0 4.642543025314808 0.7862669453024864 0.610022634267807 0 0.3389391005039215 0.1186614111065865 0.1221713125705719 1.448859639465809 0.1985075995326042 0.1319009810686111 180.2814758196473 11.59959845244884 1.755951210856438 0.8369438499212265 4.952354967594147 0.2655234411358833 0 0.1623128354549408 1.522915072739124 4.21460910141468 50.52662662416697 190.9923608228564 8.916835032403469 40.65139384567738 0.4121713787317276 0.7321931794285774 0.4740936681628227 131.3774447143078 7.031391866505146 3.068288758397102 5.072872683405876 9.775102555751801 2.525196827948093 2.078687444329262 45.52456097304821 26.45242409408092 0 101.4209072962403 342.0435050427914 274.230103187263 217.7467548623681 18.4226306527853 3.288926213979721 23.40176305174828 1.376321785151958 4.948342800140381 10.87616189569235 0.0837184265255928 3.548060826957226 6.052444696426392 5.455003999173641 0.2875630632042885 3.624648071825504 0.92756587266922 2.696401499211788 1.483495511114597 1.694913417100906 0.6647166982293129 1.135614030063152 531.1968705281615 0 0 0.8980625718832016 138.7123028561473 21.47172858566046 34.04535992443562 18.80925181508064 8.293172866106033 16.71273621916771 167.6187217459083 14.14187689125538 146.6176563575864 44.27763877809048 115.256125420332 74.25433211773634 263.1432137340307 185.7708647996187 291.0200714170933 242.2489102035761 1.476578384637833 1.032602481544018 0 0.1320569217205048 0 0 0 0 0 0 0 0 0 0 0 0 0 0 0 25.43738208711147 10.66560836136341 0 0 0.2701960802078247 147.458597868681 0.9892925173044205 55.60145853459835 6.87108189612627 0.5722527801990509 0.1216070055961609 0.245553582906723 0.2147772237658501 0 0.9430007338523865 1.019070655107498 0 5.5068299472332 16.88011103123426 2.560957439243793 0.4779451191425323 0 0 0 0.3360050916671753 1.862181343138218 0.107259139418602 4.959725596010685 14.86341056227684 0.2023246735334396 1.513160929083824 0.9542010128498077 130.2784477695823 24.58509777486324 2.550481677055359 4.631035178899765 1.09340438246727 0.7743290960788727 0.6280952990055084 0 0 0 263.8228934854269 12.7917772680521 0 0.1101957634091377 0 73.74733726680279 11.18398237228394 23.93618804961443 17.26323015242815 21.58457349985838 14.48359504342079 25.11875177919865 0.3131850361824036 0.9217923060059547 0.1001159995794296 0 0 0.2003757655620575 0 0 0 133.9752369746566 48.2294889613986 43.08331129699945 321.0099569857121 49.71542002260685 553.7614071890712 161.2173569202423 266.2138074040413 81.71226976811886 7.949854150414467 155.6303318962455 32.52858939766884 7.7850212007761 29.53080893307924 14.54829952120781 110.0649948939681 7.36462190002203 0.381524346768856 5.240853056311607 9.007504716515541 1.073116615414619
1222.021603003144 331.3308223336935 1.625436827540398 724.0955848097801 98.27255803346634 247.3951336592436 1152.357372291386 1.283940389752388 322.9239470884204 0 5.967624917626381 2389.527327097952 8803.753280602396 230.6813008859754 1.139491967856884 0.1409096270799637 0 0 0 0 0 0.1164636462926865 0 0 0.2160248458385468 0 0 0 0 0 6.063530124723911 2.751328036189079 4.672019451856613 0 0 0 9.824953511357307 0 0 0 0 0 0 0.1745607703924179 0 0 4.563466265797615 1.395034477114677 0.240712434053421 0 0.3386501371860504 0 0 0 0.1711032539606094 0.3495257645845413 54.89415744692087 43.17430061101913 1.103528812527657 2.118107415735722 0.1025752499699593 0.1711270660161972 0 7.75932651758194 0.5593611598014832 0 0.3846697732806206 0.7260493785142899 0.1008429229259491 0 11.17067666351795 4.104415088891983 0 18.07384613901377 31.59175904095173 17.6590730547905 4.128777287900448 0.141788512468338 0.1698436141014099 0.4173127859830856 0 0.2760893329977989 2.050172477960587 0 0.3390164822340012 0.4942067340016365 0.9224038049578667 0 0.3189477920532227 0 0.2483424469828606 0 0.1347716599702835 0.1634746789932251 0 267.8240262717009 1.078196734189987 0 0 616.930752441287 3.729571834206581 5.49241116642952 2.596953719854355 1.106933355331421 2.335967794060707 40.58212611824274 2.147575169801712 37.35017085820436 9.897335112094879 41.53135895729065 14.55145318061113 56.73829884827137 34.8748792335391 51.08052386343479 29.23010297119617 0.1423765420913696 0 0 0 0 0 0 0 0 0 0 0 0 0 0 0 0 0 0 4.95079505443573 1.979427129030228 0 0.6505020260810852 0 14.2876188158989 0.3012701570987701 6.207023866474628 1.280711650848389 0.5592477917671204 0 0 0 0 0.8585891723632812 0 0 1.289562985301018 1.582890227437019 0.4572723507881165 0 0 0 0 0.1338129639625549 0 0.1116164401173592 0.1339413225650787 1.87139455974102 0 0.1252195686101913 0.8895252346992493 16.90873864293098 4.733952671289444 1.186330884695053 0.4839561283588409 0.7639232352375984 0 0 0 0 0 23.13718512654305 2.154338866472244 0 0 0 7.153628990054131 1.615939617156982 2.299313068389893 1.851904794573784 2.207068026065826 0.8135688602924347 4.516047492623329 0.4195845723152161 0.1497416198253632 0 0 0 0.08639825880527496 0 0 0 20.00680740177631 2.617206141352654 1.994424246251583 34.78454687446356 3.225499793887138 36.777492813766 8.664903163909912 677.5391720384359 2.292805522680283 1.412840865552425 3.024954594671726 6.696037247776985 0.1438279449939728 1.951219089329243 2.327555917203426 28.28042715787888 0.1264711618423462 0.1332318037748337 0.6032919734716415 0 0
814.9418135583401 1433.584475785494 1985.501764707267 0.8985370099544525 856.7731989771128 2.93247090280056 1371.641345441341 7442.858742512763 3875.713935166597 5.967624917626381 0 37.01710820943117 1745.341277882457 3957.166086986661 151.0362578704953 45.23989236354828 1.592149972915649 1.313773810863495 0.2555332705378532 17.31949067860842 51.4279023706913 0.787733793258667 4.912768021225929 3.539638131856918 2.80370044708252 19.37634636461735 0.6646122336387634 1.394906245172024 0.6881868466734886 0.285986602306366 1465.838552154601 451.755199380219 89.68370478600264 0.9297910034656525 4.346350200474262 14.0740287899971 33.45424053072929 16.69253295660019 1.13307349383831 2.089983284473419 17.85820753872395 1.858560524880886 5.454598151147366 16.15242687612772 0.7606485560536385 0.1575280874967575 354.0787657573819 19.65415212512016 1.031994335353374 2.990296095609665 7.697515331208706 0.4636485725641251 0 1.534825138747692 1.596334606409073 6.218230754137039 96.46412496268749 491.0484225302935 18.96608035266399 67.83291796594858 2.099386177957058 12.3807430267334 11.65779673308134 282.7553273290396 10.99468483775854 5.363764919340611 5.826385580003262 16.27899223566055 15.30320117622614 57.97850821167231 73.71454752236605 30.69458711147308 0 151.3712232336402 541.8580250889063 460.948966562748 503.62468675524 136.8032268062234 206.55963858217 262.5197179615498 5.697899766266346 58.29298812150955 11.50094399601221 0.183867484331131 8.317672647535801 7.975500553846359 11.21775680780411 0 6.438058339059353 0.4003051519393921 3.108002349734306 1.339335173368454 18.7176651135087 1.771411493420601 2.737225629389286 75.74907882511616 7.423453763127327 0 1.223185464739799 331.0592484623194 3.179051622748375 8.021039769053459 1.850553199648857 0.7420879006385803 3.885863646864891 22.30939268320799 0.8410500884056091 18.18679842352867 3.312284395098686 10.98142486810684 7.615639433264732 34.08458819240332 18.18716793507338 42.15643611550331 48.31777708232403 0 0.4245725721120834 0 0 0 0 0 0 0 0 0.3601187691092491 0 0 0.5165477842092514 0 0.1574538946151733 0 0.5244669914245605 0 7.452506370842457 2.996955886483192 0 0 0 34.72059413790703 0 19.78333453834057 7.013116046786308 0.4315837770700455 0.1924815475940704 0 0.2124188393354416 0.2725272476673126 0 0 0 0.2633014321327209 2.523352988064289 0.6937357783317566 0 1.056046277284622 0 0.1801756322383881 0 0.2669313848018646 0.1380854845046997 1.474631369113922 1.563248112797737 0 0.1343821734189987 0.7979678511619568 39.31629967689514 8.238581299781799 0.9832640290260315 0.5590175166726112 0.4194053113460541 0.7485852837562561 0.4416470229625702 0 0 0 56.27282579243183 8.168731346726418 0 0.09808239340782166 0.4117890298366547 16.78743539005518 3.50676042586565 4.686925441026688 2.906874768435955 3.455315351486206 1.183031879365444 6.026541948318481 0 0.3050011694431305 0 0 0 0.1903102397918701 0 0 0 18.5178901553154 12.81234927475452 19.03907120227814 570.4073116257787 78.87230861186981 869.8360279276967 284.5908369794488 159.4370661154389 120.9693167209625 10.50674966722727 289.4537881016731 24.67849166691303 3.100280806422234 9.035641744732857 7.573648683726788 24.69406632333994 2.834903702139854 0.6284278482198715 1.378805592656136 15.09493736922741 2.427698977291584
625.3506577238441 353.3885481357574 3.375554710626602 701.3864391297102 17.66280172765255 277.7269374281168 165.9385907873511 12.23485772311687 101.2859875112772 2389.527327097952 37.01710820943117 0 3463.411865741014 205.5699356496334 27.27455100417137 14.94996710121632 0.6163318529725075 0 0 0.2574614658951759 1.588639825582504 0 0 0 0 2.132806718349457 0 0 0 0 1.747175179421902 4.164772644639015 111.5172897279263 0 0 0.5867112427949905 82.49330934882164 1.009159624576569 2.914483696222305 0 1.28459906578064 0.2580851316452026 0 6.858931928873062 0 0 37.41470259428024 0.1762005090713501 0.4292300790548325 0 0.1486168503761292 0 0 0 0 0.1460302919149399 7.37087944149971 4.01530235260725 0.3716359585523605 3.480315551161766 0.264869898557663 1.73208823800087 0.3538234978914261 4.382858589291573 0.1829530671238899 0.109878771007061 0.4274322390556335 0.5200447663664818 1.362355589866638 2.846047639846802 368.5822997093201 163.8987678736448 0 7.692314267158508 17.96258797496557 27.48060305416584 32.35379315912724 26.62696092575788 0.8305601179599762 22.24610114842653 0.9159471839666367 1.826167851686478 0.4267484098672867 0 0.8706671446561813 0.08960632979869843 0.1711808890104294 0 0.1021416634321213 0 0.1257854849100113 0.1220811903476715 1.274430945515633 0 0 1772.224083431065 49.95444199442863 0 1.43142668902874 123.8718997165561 3.440835326910019 7.408837378025055 2.972362950444221 0.6517860889434814 4.726926185190678 44.70658624172211 2.818201616406441 34.97177504748106 5.485559403896332 25.10320659726858 20.26792023330927 84.92537420243025 50.95087640732527 110.5388007462025 95.47964683920145 1.228447981178761 0.8697303682565689 0 0.1255437433719635 0 0 0 0 0 0 0 0 0 0 0 0 0 0.6410942673683167 0 9.274347543716431 4.396636411547661 0 0 0 82.80058098584414 0.1660257130861282 29.94458317756653 6.052310936152935 0 0 0 0 0.4645976573228836 0.1797187626361847 0 0.1292501986026764 1.068865582346916 7.224332414567471 0.6701754182577133 0 0 0 0 0.2953084856271744 0.1910426467657089 0.2842582017183304 0.9147600531578064 4.644066639244556 0.6727896332740784 0.1658931076526642 0.182988166809082 66.7187373265624 5.509932391345501 1.828812025487423 0.9089781418442726 1.189753994345665 0.2458213046193123 0 0.1689470857381821 0 0 121.1793877184391 21.5479938685894 0 0 0 28.35662600398064 3.725260958075523 10.17899751663208 5.503456629812717 7.472566023468971 3.151561483740807 8.497192949056625 0.3176561594009399 0.4006757214665413 0 0 0 0.09317585825920105 0 0 0 66.11305838823318 38.15974398702383 32.26604586094618 159.0812555029988 6.073872603476048 89.45123177021742 40.40327034145594 296.8046727329493 12.94770162552595 0.7116773203015327 50.68539606034756 9.027102157473564 1.25676317512989 9.837672911584377 3.783520199358463 32.05912508070469 1.568472966551781 0 2.083418220281601 1.203996993601322 0.5902236551046371
785.1476514339447 1313.744252927601 126.7438010200858 1212.845351278782 424.3419871330261 420.3994991183281 1981.739813156426 300.7124664634466 1791.17940017581 8803.753280602396 1745.341277882457 3463.411865741014 0 2550.151265636086 154.3544310256839 65.72307407855988 2.079534634947777 0.1760560423135757 0.2270978391170502 3.182631574571133 9.86383780092001 0 0.4904806762933731 0.4651026725769043 1.938333541154861 5.687531158328056 0.7767884805798531 1.655962362885475 0.5851268619298935 0 83.24916181713343 34.37846568971872 1166.043715760112 0 0.264124721288681 3.55452686548233 147.2904878035188 6.286628440022469 3.690751865506172 2.563724040985107 5.654592715203762 2.525367423892021 0.6627124771475792 24.12822901457548 0.2509680390357971 0.1524010598659515 237.8007517382503 3.326471321284771 1.385657534003258 0 3.425464235246181 1.322874531149864 0 0.7135679572820663 0.4218028262257576 2.713342420756817 35.5438616424799 61.11360732465982 5.011130385100842 28.26639225333929 10.79765659570694 36.92120836675167 3.723737299442291 51.14080303162336 2.996100813150406 1.365983821451664 2.675505690276623 5.810140490531921 6.204145297408104 21.73150321096182 641.379673153162 305.3033866286278 0.1632035374641418 47.13207154721022 117.2039744183421 223.0535465627909 255.9170546159148 123.3009220510721 10.06484583765268 105.4368358552456 4.857648111879826 39.20017141848803 3.869306735694408 0.2020634114742279 3.010002322494984 3.922295890748501 2.316419743001461 0.7627123966813087 2.492045171558857 0.4628714397549629 1.123086087405682 1.538523577153683 6.048094905912876 0.6951951235532761 2.326046675443649 5192.182157419622 85.29543161392212 0.8398665487766266 5.486368328332901 284.3367688879371 20.12512420862913 38.59683445096016 21.44638317078352 14.60284669697285 22.9408889785409 211.7186285704374 11.73811985552311 190.1453301310539 51.26860141009092 132.9061746224761 94.91338764131069 395.7466470226645 274.3931420147419 447.437516823411 407.9315369948745 2.272999033331871 1.22392625361681 0.3043989837169647 1.229538112878799 0 0 0.9943078309297562 0.8253241628408432 0 0.1573229730129242 0 0 0.32094706594944 0.2220734357833862 0 0.4123428165912628 0 0.1413853615522385 0 28.3717577457428 18.56082251667976 0 0.3363975584506989 0.3161266148090363 273.7155257612467 2.152609869837761 99.86692695319653 15.06353032588959 0.7719510197639465 0 0 0.1496321260929108 0 0.8480753600597382 0.3097841441631317 0 6.637711353600025 16.09113767743111 3.341485403478146 0.5508823543787003 0.1707225143909454 0.263056106865406 0 0.9218021035194397 1.022035971283913 1.05098906904459 5.455979488790035 15.67408227920532 0.3293066471815109 1.523261949419975 0.7060653120279312 236.0559872835875 37.10553205013275 3.994812853634357 3.951206192374229 2.665937021374702 1.11975634843111 0.5720428004860878 0.1086014807224274 0 0.5616520941257477 583.8331498131156 67.40486723184586 0 0.1299360543489456 0.1720910966396332 100.338371925056 17.1812256872654 32.95609123259783 17.82210519164801 29.92194118350744 10.4189658164978 23.83359542489052 1.335423782467842 0.5131001546978951 0.1181329637765884 0 0 1.422070734202862 0.1116595789790154 0 0 318.5387140363455 133.33087169379 101.662926517427 686.6001097634435 55.63360173255205 560.9663824886084 248.9640600532293 568.5504233762622 90.3874578922987 7.234685972332954 288.2775693833828 40.95976108312607 8.354226499795914 33.91442605853081 18.12901877611876 110.7169138863683 8.950729876756668 0.9338947385549545 5.387999378144741 16.78610429167747 1.270630478858948
