0 4172.158621259034 425.5687990486622 2006.73191010952 331.5765735954046 149.2835945338011 821.7335953861475 33.28756669163704 30.89558651298285 973.0244088023901 184.621854275465 17.83503152430058 231.086197219789 127.2103732600808 5.053762145340443 1.412695251405239 0.1584168523550034 0.9545518159866333 0.215697318315506 0.1494092494249344 0 0.5267720818519592 0 0 0 0 0.183804839849472 0 0 0 169.8215155899525 1.533377207815647 6.166181735694408 0 0 0 2.645160719752312 0 0 0 0.6613200306892395 0.1466208398342133 0 0.1220870390534401 0 0.111633189022541 26.20188606530428 7.350638672709465 0.1333951652050018 0.1435618847608566 0.56165711581707 2.453508511185646 0 0 3.865199953317642 17.44516099989414 1121.918362647295 961.1202640905976 50.61007338762283 9.795936621725559 0.5404371023178101 0 0.125630259513855 7.744632303714752 8.156449787318707 12.70116854459047 1.021378800272942 0.4319489672780037 0.1060644909739494 0.4220976382493973 9.655512183904648 11.75922071933746 0 56.59628181159496 9.454843282699585 20.68814974278212 3.130277656018734 0.5208226665854454 1.28130591660738 36.43596048653126 0 1.143524065613747 27.1081772968173 4.485975198447704 13.50450645387173 7.022391006350517 3.098880745470524 1.75704200565815 0.8730613738298416 1.448133632540703 0.3767334297299385 0.6013306677341461 0.8410666435956955 0.1348057687282562 0.3350423872470856 77.72730481624603 20.48843970894814 2.641663819551468 0.2258434146642685 837.2654026895761 0 2.352333068847656 0.1474689692258835 0 0 0.5128491818904877 0 0 0.4207012355327606 0.2861631810665131 0 2.410777166485786 2.02662767469883 5.949379608035088 0.4982828721404076 0.6790632009506226 0 0 0 0 0 0 0 0 0 0 0 0 0 0 0 0 0 0 0 0 0 0 0 1.365974187850952 1.745229005813599 0.4346015900373459 0.2358046472072601 1.037076711654663 0 0 0 0 0.2968090772628784 0.9604782462120056 0 0 1.948362737894058 0 0 0 0 0 0 0 0 0 0 0 0 0.5335490703582764 2.038825497031212 0 0 0 0 0 0 0 0 0 2.498669311404228 0 0 0 0 0.8615972101688385 0 1.224546283483505 0 0 0 0 0 0 0 0 0 0 0 0 0 0.4126391708850861 0 0.1853727102279663 83.43804375827312 5.081690207123756 134.5183711796999 18.38279490172863 824.2170266658068 100.0639162510633 8.657306164503098 10.91903278231621 2.369229912757874 0 1.801782697439194 0.6370812505483627 0 0.4417796432971954 0 0.1332197636365891 0.2749086320400238 0
4172.158621259034 0 1686.149816945195 110.6121746078134 1592.744428031147 403.8033736050129 3201.062973544002 302.7092361450195 606.302607640624 178.103673890233 751.2126716449857 8.419879347085953 1671.694381885231 1040.354920394719 16.61966171115637 1.926078408956528 2.442960172891617 0.4558050930500031 0.3220202028751373 0.1444427967071533 0.4056266695261002 0 0 0.1184863969683647 0.8410800695419312 0.4359284490346909 0.638727143406868 0.4460752084851265 0 0 1837.808386325836 18.18339710682631 9.57261261343956 0 0 0.3868372589349747 4.77324415743351 0.4968618154525757 0.1010604202747345 0 0.1377361565828323 1.369862541556358 0.2670906484127045 0.5206239372491837 0.175336167216301 0.2153359651565552 155.6767607331276 40.45552639663219 1.605764485895634 0.4417167380452156 2.230084806680679 0.2792266756296158 0 0.2527181431651115 8.966214992105961 52.86713138967752 649.1586678698659 870.8499073460698 91.08051837235689 56.86437640339136 0.8907119855284691 0.9863446205854416 0.4215887859463692 60.35115885734558 39.34056130051613 42.57658684253693 10.44178143888712 4.754415325820446 1.870731107890606 1.92613934725523 3.978723645210266 0.6880711317062378 0 168.8416780456901 60.08525301516056 165.6528917327523 19.72169432044029 1.794889710843563 3.292576849460602 74.6401495039463 0.6380234360694885 5.620964087545872 81.13192484527826 12.20506774634123 62.13146607577801 32.88220570981503 22.98182516545057 0.2568826526403427 8.03280608355999 0.1193878278136253 1.629241161048412 0.5928710103034973 1.971174068748951 0.3143572956323624 0.4216415509581566 33.25339499115944 1.008750826120377 0 0.4740840792655945 917.2857955694199 0 0.9463517665863037 0 0 0.3887217938899994 4.625063478946686 0 0.393342137336731 4.325633883476257 3.643666833639145 0 3.652249693870544 8.860216408967972 5.500228628516197 3.087032705545425 0 0 0 0 0 0 0 0 0 0 0 0 0 0 0 0 0 0.3228029608726501 0.1651181429624557 0 1.048838138580322 0 0 0 0.8466193154454231 0.1800864338874817 1.667170852422714 1.788253411650658 0.3243710696697235 0 0 0 0 0.1850583255290985 0 0 0.2986357808113098 0 0 0 0 0 0 0 0 0 0 0 0 0.7150249928236008 0 5.177052929997444 0 0 0 0 0 0 0 0 0 5.054807037115097 0 0 0 0 1.470851615071297 1.006706595420837 0.8362461030483246 0 0 0 0 0 0 0.09482663869857788 0 0 0.1347030848264694 0 0 0 1.657281100749969 0.5636632442474365 0.5124129801988602 270.7067384943366 21.12595248222351 626.1718013286591 40.6412436440587 818.3719324618578 183.4845600947738 24.8706124573946 46.36739291995764 7.741691254079342 0.306997038424015 3.866763763129711 1.299923226237297 5.480145558714867 0.4120929688215256 0 2.044146358966827 0.7579097002744675 0
425.5687990486622 1686.149816945195 0 3.430295638740063 1031.366314038634 89.19978672266006 180.9835434108973 2354.948780708015 150.2342631220818 6.374069981276989 1566.171924695373 5.144632026553154 144.9367142915726 338.2816632688046 18.01538518071175 5.749739214777946 2.656408317387104 0.6894528418779373 0.1197787001729012 2.159951612353325 8.747270129621029 0 0.4028035402297974 0.09249328076839447 3.274858191609383 0.9496866092085838 0.7126855999231339 0.8445685878396034 0 0 5306.732919067144 356.4278301969171 24.60113481432199 1.232418492436409 0.2999884635210037 3.680322885513306 9.64467978477478 3.400208435952663 0.5104584693908691 0.1285246908664703 8.624558627605438 7.990695528686047 0.4067560881376266 2.764220610260963 0.2613668218255043 6.416735678911209 64.91726721823215 20.29972230643034 2.576317436993122 1.541395410895348 3.800586216151714 0 0 0.3538626879453659 3.9592315107584 27.08495536446571 623.777988165617 3168.497041709721 64.45208224654198 25.90295058488846 23.42137697339058 15.24547985196114 5.057908289134502 315.1570175439119 19.05860824137926 21.48391599208117 5.942216843366623 9.962336950004101 20.05217316001654 16.78752806782722 8.813653036952019 2.146611824631691 0 106.8689145892859 71.09724323451519 94.63973586261272 18.74756606668234 6.542087964713573 466.2355329543352 801.971713475883 43.43144038319588 441.4764007180929 41.9916123971343 6.390431061387062 23.90864590555429 16.66456589847803 19.45649260282516 0.1032619923353195 2.673939034342766 0 0.9484042227268219 0.290566049516201 35.24577186256647 5.926859796047211 2.545636855065823 9.237913101911545 0.6065130084753036 0 0 460.9347767680883 0 0.8429558873176575 1.487056255340576 0 0 0.2965770214796066 0 0 0 0.3780923187732697 0.2147605270147324 0.6105122864246368 1.810454860329628 3.297644063830376 0.5116914212703705 0 0 0 0 0 0 0 0 0 0 0.2867487818002701 0.350420206785202 0 0 0 0 0 0.7845895886421204 0 0 0 0 0.3905082941055298 0 0.5272950157523155 0.1518698781728745 1.386916011571884 1.651963129639626 0.3031573444604874 0 0.7480882853269577 0.140715166926384 0 1.022698223590851 0 0 0 0 0 0 0.2771017551422119 0.1453353464603424 1.23615738004446 0 0 0 0 0 0 0 0.3904479742050171 2.771080270409584 0 0 0.1171228438615799 0 0 0 0 0 0 0.7262818813323975 0 0 0 0 0.291738748550415 2.530308619141579 1.804633259773254 0 0 0 0 0 0 0 0 0 0 0 0 0 0 0.1441998332738876 0.7575548440217972 126.5266789272428 14.77027330547571 237.4536436349154 24.62295845150948 244.3447434827685 88.08498709648848 9.743294239044189 37.9538566544652 6.916628122329712 0 2.511632315814495 0.1269063204526901 4.088389992713928 0.1345992833375931 0 1.508067891001701 1.333305917680264 0
2006.73191010952 110.6121746078134 3.430295638740063 0 11.39576084911823 717.9291683584452 183.763118237257 0.7313379347324371 46.82713147997856 325.618208616972 2.080318287014961 5.791829943656921 668.5257737487555 36.03955656290054 3.389477729797363 0 0.1472226083278656 0 0.220934584736824 0 0 0.1645016670227051 0.1078545451164246 0 0 0 0 0 0 0 7.025996424257755 1.266148164868355 0.1619776040315628 0 0 0 0 0 0 0 0 0.3697925359010696 0 0 0 0.1098546981811523 19.86625292897224 6.648637749254704 0.1101023033261299 0.1671696752309799 0.3941330835223198 0 0 0 1.943512581288815 7.52671542018652 99.348952293396 51.28427392989397 16.96371626853943 6.657261945307255 0 0 0 5.19985593855381 4.385374456644058 5.691045753657818 1.786863043904305 1.072397097945213 0 0 3.942760527133942 0.2418853044509888 0 20.55375780165195 4.806323058903217 20.82624109834433 1.806457810103893 0 0.2479699850082397 0.2660661041736603 0.1126034781336784 0 16.36393437534571 2.68348603695631 11.71797355264425 5.66830088198185 1.868197791278362 0 1.190050072968006 0.1839914321899414 0.2283698543906212 0.2028887122869492 0.6435383260250092 0 0.2726670652627945 69.42561995983124 0.3221853375434875 0 0 158.6212021559477 0 0.8314319252967834 0 0.2438097149133682 0.8146492838859558 3.675329193472862 0 2.167885303497314 2.426078945398331 2.569490700960159 0.4120029807090759 3.349455922842026 4.764522612094879 7.898629769682884 0.9070815593004227 0 0 0 0 0 0 0 0 0 0 0 0 0 0 0 0 0 0 0 0 1.362379968166351 0 0 0 1.320475429296494 0.4974338412284851 0.3515816032886505 0 0 0 0 0 0 0 0 0 0 0 0 0 0 0 0 0 0 0 0 0 0 0 0 3.585303723812103 0 0.751096248626709 0 0 0 0 0 0 0.3187916949391365 0.8678104877471924 0 0 0 0 0.5270352363586426 1.646210491657257 0.8896724879741669 0 0 0 0 0 0 0 0 0 0 0 0 0 1.208000153303146 0 0.246236726641655 86.31735768169165 6.808835573494434 125.6421086788177 6.839932858943939 547.6647704467177 38.04541891813278 2.28854288905859 15.23883965611458 2.206615328788757 0.1665711998939514 1.646024256944656 0 8.495810568332672 0 0.158435270190239 0.2844509482383728 0.4440678358078003 0
331.5765735954046 1592.744428031147 1031.366314038634 11.39576084911823 0 26.06016194820404 1105.200028851628 1314.041168361902 4172.699669986963 431.574003636837 1877.655040331185 17.80671107769012 1271.856309182942 3695.092894211411 13.0407405719161 0.8000126630067825 1.75927472114563 0.4115342348814011 0 0.290592223405838 0.1520697474479675 0 0.09545570611953735 0 0 0.3586068451404572 0.5125017017126083 0.1632999628782272 0 0.1497808843851089 416.3028121292591 45.56617776304483 0.8348913416266441 0.2274962887167931 0 0.787412166595459 0.3381956368684769 0.4353097975254059 0.3664112240076065 0.1574375480413437 0.1735060662031174 0.6730975806713104 0 0.4062789380550385 0 0 122.8069308176637 13.9304476827383 1.109453693032265 0.3728362545371056 1.579274892807007 0.2513992488384247 0 0.1665370315313339 2.325785040855408 15.95717788487673 89.63147264719009 142.2639124169946 23.25197626650333 30.7810925245285 1.432172060012817 0.1066999211907387 0 39.78740853071213 13.89862459152937 15.50424547493458 3.375409990549088 4.509058222174644 1.14051741361618 0.6950418949127197 0.9762060195207596 0.9330306500196457 0 54.59792176634073 26.59397308528423 90.13463158905506 15.69977304339409 0.8275112882256508 96.75114921480417 89.26922336965799 0 83.94468003511429 27.87227346748114 4.843575246632099 18.32855244725943 10.86301155388355 11.8399622887373 0.2034791335463524 3.474404864013195 0 1.006139136850834 0.8877957537770271 0.7749024331569672 0.7101507633924484 1.66462854295969 16.78810487687588 0 0 0 57.91147008538246 0 0.5180361270904541 0 0 0 3.061534643173218 0.2289105355739594 0 0.9057777374982834 1.430226370692253 0.1940461844205856 4.765126034617424 9.685924619436264 7.948393151164055 5.799527823925018 0 0 0 0 0 0 0 0 0 0 0 0 0 0 0 0 0 0 0 0.2153824865818024 0.7967567443847656 0 0.9667282700538635 0 1.199688300490379 3.32345187664032 0.9196325093507767 0.7644085586071014 0 0 0 0 1.682812184095383 0.784625917673111 0 0 0.2542552351951599 0 0 0 0 0 0.136738657951355 0 0 0 0 0.1770704388618469 0 0.422051340341568 0.6522808074951172 12.63096784055233 0 0 0 0 0 0 0 0 0 3.159386411309242 0 0 0.1023886725306511 0 1.309842139482498 4.07213468849659 3.15989787876606 0 0 0 0 0 0 0 0.1121153384447098 0 0.2172172516584396 0 0 0 1.401481479406357 0.4821580946445465 0.8450550884008408 195.5746647194028 19.1937403678894 307.9185714796185 24.9216506332159 146.3979066088796 70.49015294760466 6.561884127557278 57.28487407416105 11.12698123604059 0.2099673822522163 1.907311543822289 0.2285267487168312 0.9555336534976959 0.5027263760566711 0.4075102210044861 0.9184978008270264 2.754131674766541 0.2201999872922897
149.2835945338011 403.8033736050129 89.19978672266006 717.9291683584452 26.06016194820404 0 400.6103700399399 5.581121452152729 22.30656787753105 1272.400730773807 30.48932549357414 217.6652767658234 401.9398517310619 32.37414620816708 0.2939681112766266 0 0 0 0 0 0 16.86430412530899 0 0 0 0 0 0 0 0 51.23602335900068 0.2968643605709076 15.64652559161186 0 0 1.096429243683815 13.88770422339439 0.6849946528673172 1.05743108689785 0 0 0.1949951350688934 0 0 0 0 2.408232159912586 0.5898322612047195 0.1589621603488922 0 0.4664101153612137 53.07554377615452 1.639704331755638 0.3955950438976288 0.1663220673799515 3.217449158430099 150.4366598725319 88.24828143417835 3.894921705126762 0.2269869595766068 0 3.949002727866173 0.1372722387313843 0 0.3202202916145325 0.7820203304290771 0.2611744105815887 1.321053341031075 0 0 96.0083282738924 162.8026666492224 6.865967661142349 6.591540023684502 0.1146726235747337 1.324337244033813 0.224743977189064 0.1337805390357971 0.4625413119792938 8.101403549313545 0 0.9024956375360489 3.260827802121639 7.45016784965992 0.9979639574885368 1.538557112216949 0.1968943327665329 45.04467497766018 18.01900455355644 67.44861395657063 2.063604950904846 8.021608233451843 0.5527946799993515 0.1847851872444153 4.278520181775093 465.4191024750471 67.95340785384178 44.00766639411449 4.371279716491699 461.8978697955608 0 0 0 0 0 0 0 0 0 0 0 0.2181794792413712 2.537748694419861 0.232124000787735 0.1745054870843887 0 0 0 0 0 0 0 0 0 0 0 0 0 0 0 0 0.2655362784862518 0.356173187494278 0.2810069918632507 0.4619397521018982 0 0 0 0 0 0 0 0.7337996959686279 0.147342637181282 0 0 0 0 0 0.298170268535614 0 0 0 0 0 0 1.234187871217728 0 0 0 0 0 0 0 0.3844411671161652 0 1.023403972387314 0 0 0 0 0 0 0 0 0 1.536696940660477 0.8896224796772003 0 0 0 0.1745167523622513 0 0.7779264748096466 0 0 0 0 0 0 0 0 0 0 0 0 0 0 0 0.382050484418869 14.58355601131916 1.189521260559559 13.76560090482235 1.072704240679741 843.1125069260597 8.827281177043915 2.708135783672333 2.607243455946445 0 0.2444135397672653 0 0 3.830816745758057 0 0.3809044659137726 0 0 0
821.7335953861475 3201.062973544002 180.9835434108973 183.763118237257 1105.200028851628 400.6103700399399 0 66.33433768898249 1035.314085692167 1196.740444935858 331.7372434139252 34.02673445641994 3211.707931563258 1316.58148548007 37.21508178859949 2.391605548560619 2.337158255279064 1.049394980072975 0.7075603380799294 0.3988693207502365 0.6347767114639282 0 0.26728805154562 0 0 0.5348101258277893 0.1074611842632294 2.188694536685944 0 0 184.523034453392 84.77375533431768 1.16706407815218 0.1083408892154694 0 0.4928002208471298 2.907481305301189 0.8605096340179443 0.6836502850055695 0.7431325167417526 0.9779324904084206 1.707251593470573 0.9101230725646019 1.100845202803612 0 0.8309232667088509 442.706649184227 69.81034526973963 4.082866132259369 1.936151467263699 7.340263351798058 0.9460637643933296 0 1.353047087788582 12.06044510751963 66.76307557523251 320.2194683849812 335.525355309248 80.43054673820734 118.1682213768363 1.567843079566956 1.246500544250011 0.2213426679372787 109.8277659341693 52.43961282074451 60.86225654184818 18.30745758116245 12.64897707104683 4.577633753418922 0.6569568514823914 5.937426194548607 3.891860380768776 0 217.0581850707531 88.78701625019312 322.378234282136 45.09359561651945 3.534512460231781 3.654196083545685 9.699427202343941 1.28822311013937 5.906989589333534 116.2428729459643 17.60385536402464 83.20310104638338 44.513282969594 41.85652417689562 0.2438814342021942 13.67518626153469 0.3896226137876511 4.901571922004223 2.264296025037766 2.896362818777561 0.9914747700095177 5.857600145041943 124.919921964407 1.235953390598297 0 0.9443696141242981 163.720097437501 0 2.686552226543427 1.189937829971313 0.4621015191078186 1.275238499045372 10.62034012377262 1.030378490686417 9.000079348683357 8.775655344128609 3.894170165061951 1.42462383210659 27.66527362167835 38.63804285228252 37.74888011813164 13.46040639281273 0.4552135765552521 0.4042295664548874 0 0 0 0 0 0 0 0 0 0 0.3016265407204628 0.5342789441347122 0 0 0 0 0.410572737455368 1.792802169919014 3.888700127601624 0 0.5090353041887283 0 4.740834608674049 8.11996965110302 9.048391550779343 1.59834948182106 1.332989901304245 0 0.7860798239707947 0 0.9366463273763657 6.177718371152878 1.764275744557381 0 0 0.1529582887887955 0 0 0 0.1490863412618637 0.123555563390255 0 0 0.1053524538874626 0 0.4359304010868073 0 1.008275628089905 2.286020681262016 33.23409341275692 0.3330139219760895 0 0.3439366817474365 0 0.1868771910667419 0 0.1160226836800575 0.5083746239542961 0.1284630447626114 20.07657551765442 0.3181706070899963 0 0 0.4264502301812172 3.725727036595345 10.08718821406364 12.11704780161381 0 0 0 0 0.3800548315048218 0 0 0 0 0.3408311456441879 0 0 0 8.11079677939415 2.793214410543442 3.137907728552818 690.8666185438633 72.33897552639246 1287.284691654146 89.49761624634266 1079.824516907334 312.7816148400307 33.60486502200365 206.9679878503084 30.23168639838696 0.8502550423145294 9.52852076292038 0.7438852190971375 19.39561028778553 0.9167409390211105 0.4030235111713409 4.646170482039452 12.21207143366337 0
33.28756669163704 302.7092361450195 2354.948780708015 0.7313379347324371 1314.041168361902 5.581121452152729 66.33433768898249 0 150.5849095955491 2.695850789546967 1447.860623419285 26.93593703210354 569.2046202197671 1785.609304435551 66.42137034982443 19.15064220130444 1.336179710924625 2.232501469552517 0.4088294506072998 10.25881424546242 27.74450119584799 0 0.7375476211309433 0.1823178231716156 15.29654247313738 3.872324280440807 2.128190264105797 1.247007742524147 0.1913165301084518 0.107868567109108 1598.080966219306 2450.03394010663 84.84417269378901 2.276547729969025 0.4870306551456451 14.04491455852985 23.52096703648567 7.123677641153336 0.3567792475223541 1.266667380928993 25.10826195776463 14.60628364980221 0.9940830916166306 3.107461474835873 0 4.877120427787304 193.3824002221227 15.85513227432966 1.329005695879459 1.896667554974556 3.966725818812847 0.2626811042428017 0 3.110484540462494 2.234212785959244 16.64088176190853 213.1363836750388 747.1761445626616 35.88466760516167 40.80035822093487 43.08326882869005 41.34889785945415 19.04486188292503 230.6509754508734 13.08888056129217 17.68401182442904 5.028495140373707 9.618744947016239 29.14964009076357 35.39402452856302 18.76275028288364 4.262120306491852 0.2934723496437073 67.91341814398766 53.84422052651644 149.7108727246523 158.3552588149905 209.8011983558536 1688.924940310419 665.3590686544776 196.7730164676905 1158.028928361833 23.52787519991398 4.664325378835201 20.57165100425482 11.08640122413635 20.47615285217762 0 4.285933092236519 0.1280792355537415 3.940512455999851 1.634378895163536 74.76248165220022 12.23898410797119 3.904198996722698 13.08582237362862 0.3412934243679047 0 0.2183959186077118 101.6292976588011 0 0 0.1637560874223709 0 0 1.625183761119843 0 0.7875457108020782 0.4135729372501373 0.5273697376251221 0.1630970239639282 4.934487208724022 3.941646367311478 7.212616741657257 5.577502354979515 0.1867216676473618 0 0 0 0 0 0 0 0 0 0.2147022932767868 0 0.1437044739723206 0 0.5818385407328606 0 0.1169668436050415 0.1431338787078857 0.5027233958244324 0 1.788258776068687 0 0.1214441582560539 0 2.525760620832443 1.942736744880676 3.942830078303814 0.7342131733894348 1.227853119373322 0 0.3265017420053482 0 0.3518690168857574 0.2231392413377762 0 0.1269341856241226 0 0 0 0 0.7025173753499985 0 1.759092956781387 0 0 0 0 0 0 1.010574251413345 0.4195262119174004 8.004638284444809 0 0 0 0 0.2275476828217506 0 0.09148990362882614 0 1.243011303246021 4.882560566067696 0.1681191325187683 0.1552261859178543 0 1.330498874187469 3.311136141419411 3.135250642895699 5.757381945848465 0 0 0 0 0 0.2294882088899612 0 0 0 0.3976497948169708 0 0 0 1.204995572566986 1.571798667311668 2.067874535918236 300.0695916116238 22.86052951961756 345.6852578669786 30.37800685316324 89.09333896636963 80.41352435201406 9.949823349714279 107.9146173149347 12.08099618554115 0.2910207211971283 3.557667061686516 0.4573663473129272 5.521222233772278 0 0.08498597890138626 1.245932035148144 7.68646214902401 0.4778205156326294
30.89558651298285 606.302607640624 150.2342631220818 46.82713147997856 4172.699669986963 22.30656787753105 1035.314085692167 150.5849095955491 0 663.3201157301664 2578.302316360176 60.68269693851471 1694.926807008684 5732.119462646544 32.82994216680527 2.473116748034954 0.6706737279891968 0.3406403511762619 0 0.5094297453761101 1.025452233850956 0 0 0.3435122966766357 0.6975080072879791 0.7812207266688347 0 0.8033046871423721 0 0 99.65851773321629 82.3386428207159 1.047212496399879 0.1315879672765732 0 0.7037609219551086 1.507972240447998 0.4834927543997765 0.2961159944534302 0.2347430214285851 0.508173018693924 1.781733453273773 0.2466864436864853 0.2580944895744324 0 0.5259926021099091 180.8429517522454 17.42797823995352 0.926119863986969 0.474227212369442 1.731077216565609 0.1055710837244987 0 0.5344255864620209 2.18809200078249 13.61195768415928 62.86950923502445 89.1186600998044 20.72303073853254 33.13359337300062 1.500846564769745 0.7713257595896721 0.1291350722312927 57.64155507087708 11.34121850132942 13.49917437881231 4.036961637437344 4.234795026481152 1.794092781841755 0.835832342505455 13.11650124937296 6.136643543839455 0 51.54405133426189 25.8678822889924 110.2449425533414 37.41159334778786 4.832482539117336 7.719014994800091 7.974594399333 0.5336964428424835 6.203761659562588 21.61058554798365 3.194898135960102 20.85359352082014 10.20564465224743 12.29890279471874 0 3.795858204364777 0.2530550807714462 2.395584724843502 1.230016656219959 2.357217319309711 0.3789010122418404 1.345575705170631 106.3533976525068 2.915372744202614 0 0.8393862247467041 13.50336673110723 0.3582425266504288 3.88389827311039 0.1482967734336853 1.991701021790504 0.8678845167160034 18.98818019032478 0.6296471357345581 8.611458450555801 15.80461207032204 8.904897913336754 1.599209845066071 33.38353098928928 43.21782693266869 61.04808333516121 31.33649170398712 0.5024508088827133 0 0 0.2806472480297089 0 0 0 0 0 0 0 0 0.1468551158905029 0.3752086609601974 0 0 0.5421007871627808 0 0 0 4.983734533190727 0 0.2358362972736359 0 4.008831381797791 6.743992745876312 9.150600738823414 2.66970582306385 0.6017065644264221 0.668939471244812 0 0 2.480417370796204 5.354514822363853 0.3798386305570602 0.1939777880907059 0.1376965790987015 0.8526477813720703 0 0 0 0 0.2699907124042511 0 0 0 0 0.2446683049201965 0 0.6670176833868027 3.75471793115139 52.03933618962765 0.4151944667100906 0 0 0.314824104309082 0.1178129687905312 0 0.1287438124418259 0.1062185391783714 0.8937642425298691 24.97383347153664 0.7819468826055527 0 0 0 15.59717279672623 18.88908740878105 25.46701048314571 0 0.2205747216939926 0.5891335979104042 0 0.3897843360900879 0 0 0 0 0 0.1413986384868622 0 0 12.6586034744978 6.455068558454514 4.174116581678391 387.3852695822716 26.7073186263442 452.8999813050032 43.03268494457006 154.8858801051974 90.80801641196012 8.29434859007597 127.4493525251746 21.90782737731934 0 8.581826008856297 1.099824331700802 29.2501457631588 1.779509715735912 0.3923649415373802 3.251361139118671 6.541440919041634 0
973.0244088023901 178.103673890233 6.374069981276989 325.618208616972 431.574003636837 1272.400730773807 1196.740444935858 2.695850789546967 663.3201157301664 0 89.39178245514631 361.5057090967894 9175.769385918975 289.2397075966001 13.11345402896404 0.8505851626396179 0.8087499961256981 0.7451751232147217 0 0.3067410215735435 0.4219213128089905 4.320783078670502 0 0 0.5357053428888321 0 0 0.1324356645345688 0.1485731154680252 0 17.72904092818499 15.31108319759369 7.458018869161606 0 0 0.3085957914590836 10.03004344552755 0 0 0.1573323309421539 0.1740434318780899 0.7527879774570465 0 0.4900113195180893 0.1390705555677414 0.6246169805526733 113.5042848736048 14.23287643492222 0.5694393888115883 0.4758288115262985 2.133045688271523 9.074254155158997 1.253409624099731 1.37082251906395 3.572475463151932 16.88886103779078 128.3948589116335 64.50473680347204 24.84178096055984 20.96422076970339 0.214525893330574 2.450151458382607 0 20.44872637093067 11.69337789714336 12.89950653165579 3.626303918659687 3.261850513517857 1.568478062748909 0.3499636203050613 84.9057392179966 33.68493568897247 1.164121955633163 45.3497019931674 15.40935070812702 62.0287392064929 14.5156526863575 1.643343150615692 1.923591122031212 5.598714575171471 0 1.247866287827492 30.32310277968645 3.778712935745716 20.85373574495316 9.131152242422104 10.1777678206563 10.28593476116657 5.275696471333504 11.49138225615025 1.99291504919529 1.544737555086613 0.6789848059415817 0.1138581559062004 1.936553806066513 1610.23016667366 18.81601350009441 11.93343086540699 1.798316299915314 505.7825560718775 1.313083231449127 25.08830371499062 6.726119592785835 7.246617466211319 9.35442291200161 67.04952239990234 3.446736365556717 30.60244882851839 44.56395834684372 42.30505482852459 8.870146334171295 97.19323602318764 166.0451333671808 178.9586674869061 85.77822051942348 0.2170239090919495 0.9111384898424149 0 0 0 0 1.124070942401886 0 0 0.4272890686988831 0.175776019692421 0 0.5482214093208313 0.1413172781467438 0 0.2022164613008499 0 0.4052020013332367 0 4.233142420649529 6.478166356682777 0 2.07545331120491 0.4417304396629333 9.767494574189186 16.82834780216217 27.50944866240025 2.811401084065437 1.825651794672012 0.4403323829174042 0.3753194808959961 0 2.641945779323578 19.92695593833923 0.4322000592947006 0 0 0.8263833895325661 0 0.2444739043712616 0 0.3409890234470367 0 0 0 0.2755992710590363 0.1016703248023987 0.3307975679636002 0 2.533338099718094 4.032979980111122 118.7585437446833 2.390651553869247 0 0.2993645668029785 0 0 0 0.08821229636669159 0.1793869137763977 0 74.40916022658348 0 0 0 0 42.44949516654015 58.19979214668274 61.56851035356522 0.7127749547362328 0 0.4676408618688583 0 0.1891206353902817 0.1189263164997101 0 0 0 0.09933221340179443 0 0 0 21.25693622231483 5.55570650100708 4.840337291359901 498.4916010499001 16.54164063930511 356.1170547753572 25.21730598807335 1519.575202018023 91.19606391340494 14.13786841928959 146.3293073698878 33.56342942267656 0.2288234382867813 13.18614320456982 0.6451106071472168 124.7179382741451 3.241322457790375 0 11.64448171108961 3.309496939182281 0.5342632532119751
184.621854275465 751.2126716449857 1566.171924695373 2.080318287014961 1877.655040331185 30.48932549357414 331.7372434139252 1447.860623419285 2578.302316360176 89.39178245514631 0 99.02710863947868 2917.815654546022 10545.39550725371 107.0639538690448 26.89279236644506 2.998976305127144 3.675221480429173 0.1189800947904587 0.7093048617243767 7.936601161956787 0.1763266921043396 0.5108398944139481 0 20.11334799230099 4.513645254075527 2.964595645666122 3.660167150199413 1.5816271007061 0 1290.824237316847 131.9803865104914 531.4026678279042 1.137771807610989 0.9590731412172318 54.74989692866802 205.4981953948736 33.79272992908955 0.16877780854702 1.63125815987587 15.36375458538532 15.26596909761429 0.1540527492761612 6.733960293233395 0 2.576746538281441 169.8933480903506 10.22650177776814 0.9196964278817177 0.3915402740240097 3.06276498734951 2.011504627764225 0 6.058888666331768 0.9371422380208969 8.226070292294025 82.73926334828138 232.1120033562183 15.40923815965652 29.26637500524521 10.98558057099581 48.65943747758865 20.11296876519918 68.14068277180195 7.973595947027206 8.856920175254345 2.135430105030537 3.662748225033283 7.870403125882149 14.26058331131935 124.7346856296062 21.40351350605488 0 39.73568087816238 22.87365139275789 105.1048959717155 77.15194857120514 30.0996360257268 183.28993691504 205.0338552072644 7.836967751383781 190.3802401199937 14.34262001514435 2.962086498737335 11.13682866841555 7.048252783715725 9.291091576218605 0.07672648131847382 2.076573148369789 1.172791302204132 1.254733927547932 1.101475603878498 45.68317288905382 21.13107398152351 8.438966028392315 49.77700160443783 7.76793958991766 0.1950297206640244 0.1517335325479507 105.1378267854452 0 3.978746443986893 0 0.751698911190033 1.189683303236961 9.465953163802624 0 2.871183589100838 4.455479264259338 2.51062548160553 1.437302723526955 15.13937216997147 19.93287661671638 31.28471966087818 18.93551591038704 0.4811870604753494 0.3016882687807083 0 0 0 0.4312785565853119 0.1510089784860611 0 0 0.5172085762023926 0.1482896953821182 0.2802753150463104 0.3192693814635277 0.3932094871997833 0.4071753472089767 0 0.9769727289676666 1.493255108594894 1.431081756949425 0.9044519364833832 2.792371481657028 0.2007141411304474 1.50490103662014 0 6.148666858673096 7.480676472187042 16.34165772795677 4.897060185670853 2.03349981456995 0.3400726914405823 0 0 1.734264373779297 5.199156045913696 2.046797916293144 0 0 0.2640399858355522 0 0 0.8413778841495514 1.021911486983299 0.9469885230064392 0.4946067333221436 0.3801773190498352 0 0.1727227866649628 0 0 1.676187254488468 4.274000599980354 35.23553439974785 0 0.3967746496200562 0.1189176142215729 0 0.3929693400859833 0 0.1530796587467194 0 0.1680082380771637 17.58097870647907 0.920247420668602 0 0 0.5907559394836426 8.605624303221703 21.91115269064903 22.65967132896185 0 0 0.4614785015583038 0 0 0 0 0 0 0 0 0 0 4.08190906047821 4.907241016626358 8.011227041482925 473.37821598351 25.17849876731634 341.491203315556 39.09998340159655 96.0750781968236 48.12965328991413 4.908782221376896 193.9420072883368 15.68842899054289 0.1338438987731934 7.93238877505064 0.8805715218186378 14.42423178255558 0.7203223556280136 0 3.812705636024475 8.005365818738937 0
17.83503152430058 8.419879347085953 5.144632026553154 5.791829943656921 17.80671107769012 217.6652767658234 34.02673445641994 26.93593703210354 60.68269693851471 361.5057090967894 99.02710863947868 0 956.4891060739756 107.6681654751301 31.47755614668131 13.19518154114485 1.908720090985298 1.111063405871391 0 0.1236050426959991 0 0.4409619718790054 0 0 0.8583298176527023 0.613774910569191 0.9114839285612106 0 0.1235995516180992 0 8.201161131262779 5.269055746495724 66.79564651846886 0.1198591515421867 0.1247776076197624 7.36321260035038 17.2844105809927 5.200927592813969 0.1978934705257416 0 0.3089359402656555 0.35059504956007 0.1776283383369446 3.261257410049438 0 1.813199542462826 28.14822462201118 1.092811033129692 0.3438030183315277 0.2553218156099319 0.7738828957080841 0.3588476628065109 0 0.3148866295814514 0.1192428544163704 0.2983986213803291 3.729807689785957 5.158928513526917 0.9288875162601471 2.973706886172295 0.3445038050413132 4.226872265338898 0.8396466746926308 10.16595511883497 0 1.028926849365234 0.2399068474769592 0.4498667269945145 0.6501058265566826 0.7677717953920364 74.45200039446354 102.6913047581911 0.5205342769622803 2.307672090828419 2.905173219740391 12.33513593673706 17.78463761508465 8.601774230599403 0 55.06249856203794 0.4997939169406891 2.187878608703613 0.8880246952176094 0.5639969781041145 0.534907691180706 0.172873355448246 1.75344417989254 1.284202098846436 0.8976566195487976 1.733411058783531 0.482389010488987 0.6587028726935387 5.817433692514896 2.853496879339218 0.4486721977591515 2393.197596162558 128.693184569478 3.070150315761566 0.6584037989377975 92.35076378285885 0.3675695955753326 5.765428140759468 3.337386727333069 1.722897738218307 5.979739487171173 39.48721893131733 0.5745072513818741 12.49416144192219 26.95365998148918 24.08634738624096 10.19494190812111 62.68000502884388 106.9177053868771 128.2953959256411 71.45056934654713 0.7428115904331207 0.2153912037611008 0 0.1979496330022812 0 0 1.087506920099258 0 0 0.4684386849403381 0 0 0.8067594468593597 0.4378519356250763 0.349645808339119 0 0 0 0.7897722870111465 2.411983117461205 6.37067249417305 0 2.652292251586914 0 13.10975190997124 20.44622065126896 19.72734435647726 5.071032024919987 1.355289846658707 0.7724152654409409 0 0 4.76390329003334 16.26249338686466 0.8913455158472061 0 0 0.6655177474021912 0.13274747133255 0.3413722813129425 0 0.3105939328670502 0.6297656744718552 0 0 0 0.4337345659732819 0.3038468360900879 0 4.269525587558746 4.832491680979729 98.56317394226789 0.2785470932722092 0.4358074963092804 0.4720142930746078 0 0.8805816769599915 0.6072579175233841 0 0 0.6285634934902191 55.72982873022556 3.129084631800652 0.1338386386632919 0 0.5810115933418274 22.35182210803032 45.68221233785152 56.21298348158598 0.1381963193416595 0.1542479991912842 0.5602193623781204 0 0.3139127194881439 0.2969777435064316 0 0 0 0 0 0 0 20.82268127799034 12.15104629099369 13.65751372277737 131.7852567061782 6.142488710582256 49.86390004307032 10.47212452441454 164.3214439675212 5.91256607323885 0.7607180997729301 53.03871750831604 20.17682386189699 0.2300099954009056 7.006791740655899 0.7898176163434982 40.48433980345726 2.506235420703888 0.4822955429553986 6.920103490352631 3.530818857252598 0
231.086197219789 1671.694381885231 144.9367142915726 668.5257737487555 1271.856309182942 401.9398517310619 3211.707931563258 569.2046202197671 1694.926807008684 9175.769385918975 2917.815654546022 956.4891060739756 0 5729.570800036192 249.0389729440212 56.48169065266848 4.053055495023727 7.200244352221489 0.3964016437530518 2.242061957716942 7.248399466276169 0.3140481188893318 0 0 6.489129208028316 3.171121805906296 2.270845539867878 3.648067012429237 0.9728050455451012 0.113974004983902 248.7951078340411 128.755468338728 619.7130418792367 1.616430260241032 0.4020026922225952 55.12779016047716 53.42686592042446 53.06225759536028 1.018623284995556 2.623407885432243 6.038841396570206 8.382649809122086 1.162029884755611 12.05545126646757 0 4.029440075159073 449.5325380191207 25.39803164452314 5.250078365206718 2.398778349161148 4.101034834980965 3.200849920511246 0 2.853038214147091 3.374302059412003 19.92645764350891 96.69169992953539 112.4651690721512 28.82887401431799 70.12048421055079 6.369726456701756 16.75789806991816 7.213979445397854 114.1073195114732 15.6214391887188 20.64989218115807 8.275000214576721 9.380510456860065 6.590889163315296 11.62516108900309 195.6915666982532 149.1544604450464 0.1914820522069931 81.47167416661978 36.93913893401623 242.0432269275188 177.1094826236367 57.1973213031888 15.573093123734 351.9705456495285 3.591165319085121 19.23680555075407 28.36428666114807 5.369859218597412 32.38137584924698 15.77711540460587 26.2086983025074 1.683863654732704 7.841522738337517 1.444203421473503 3.74912815541029 3.481923989951611 29.08569407463074 3.971161566674709 6.182761326432228 5628.845995813608 96.64357165247202 4.28459744155407 2.143444694578648 177.1762663647532 3.731353491544724 30.62912267446518 6.21204374730587 7.946676000952721 19.22764441370964 156.6476454511285 4.935983151197433 64.16591984778643 123.365396887064 87.72851483523846 22.51846516132355 214.9726596027613 472.6625985056162 444.1450872272253 279.834001980722 2.307011559605598 2.314466722309589 0.1230569556355476 0.3178486824035645 0 0.1898414939641953 1.364646822214127 0 0.2713707089424133 1.278034389019012 0 0 3.894773378968239 1.700427040457726 1.031254917383194 0.4888926297426224 0.7686136364936829 0.3836287558078766 0.957978293299675 7.73812310397625 26.11845207214355 0 7.458037570118904 0.2827860713005066 40.5339297503233 58.81130048632622 83.53272984921932 19.24520741403103 4.776232451200485 0.6716054975986481 0.2576672360301018 0.3221412301063538 19.6849599480629 42.48678039014339 3.185441315174103 0.3229285031557083 0.8983313739299774 8.201086461544037 0.1189704984426498 0.6739676594734192 0.2664927840232849 0.8870064467191696 1.606707900762558 0 0 0.1358229964971542 1.503123410046101 0.917901948094368 0 7.714551396667957 20.0093399733305 412.2353712245822 4.948942348361015 0.2587186396121979 0.8223480805754662 0.6652643829584122 0.1480331420898438 0.1278435438871384 0.4531850442290306 0.3876591920852661 1.884614542126656 236.0842776373029 10.34779320657253 0.515908494591713 0 0.3123984485864639 88.24367035925388 153.6359303593636 170.8923587948084 1.612169854342937 0.3526398241519928 3.622600197792053 1.759422153234482 1.863168507814407 0.2633287012577057 0.3840567171573639 0 0 0.2162654772400856 0 0 0.2991634458303452 95.11543545126915 44.80048774927855 32.648083075881 1056.648909039795 88.30016525089741 818.6228000000119 104.4873199462891 537.4871466234326 155.3020930811763 17.69700956344604 395.7201763615012 84.10942104458809 2.989244699478149 36.51662277430296 3.285439804196358 166.3987505361438 7.848862633109093 0.491377204656601 19.36600845307112 26.7776146531105 0
