0 4475.369065217674 713.2925784885883 1179.016278870404 534.0337986424565 343.4450107514858 358.0328950509429 355.0276485309005 39.88958900421858 958.9551973715425 603.442172370851 72.31178325414658 391.3216848522425 120.8112895190716 3.346792846918106 1.135289557278156 0 0.09127912670373917 0 0.4541459605097771 0.4488116800785065 0 0 0 0 0 0 0.1007034108042717 0.1364947259426117 0 408.3324320614338 4.546978384256363 2.573371231555939 0 0 0.1214884370565414 1.001659885048866 0 0 0.4793961942195892 0.3201606050133705 0.0910710021853447 0.1479508131742477 0 0 0.1048992723226547 7.613146305084229 2.798388697206974 0.1986504644155502 0.5010326579213142 0.4877916425466537 0.2052810788154602 0 0 2.738395184278488 5.533656500279903 222.1930130124092 879.4905738383532 17.68241020292044 6.650729469954967 0.1145459860563278 2.188143938779831 0 7.985205367207527 2.480514772236347 1.759848549962044 0.6145907789468765 1.787723243236542 0.611537478864193 0.4488093182444572 5.388372831046581 13.14888647198677 0.3463952243328094 76.07688593864441 57.89837986975908 25.6651511117816 3.143548682332039 1.444725371897221 1.439359493553638 202.5183096006513 0.5805627107620239 6.426335923373699 5.668815784156322 0 1.615850530564785 1.028901383280754 1.156451299786568 0.4195795655250549 0.4873025342822075 0 0 0 0.07945210486650467 0 0 243.1761610358953 3.852876871824265 1.208276063203812 1.060615926980972 1012.656974099576 0 0 0 0.3025246858596802 0 6.816791400313377 0 0 8.647772759199142 1.800079852342606 0 5.462449476122856 7.271461099386215 3.488039910793304 0.1515404134988785 0 0 0 0 0 0 0 0 0 0 0 0 0 0 0 0 0 0 0.328145444393158 0.1584740579128265 0 0 0 0 0.1440921127796173 0 0 0.1518176347017288 0 0 0 0 0 0 0 0 0 0 0 0 0 0 0 0 0 0.08727940917015076 0 0 0 0 0 0 0 0 0 0 0 0 0 0 0 2.85015507787466 0 0 0 0 0 0 0 0 0 0.4011341035366058 0 0.3533100038766861 0 0.114069327712059 0 0 0.1191641390323639 0 0 0 1.184351950883865 0 0.182120680809021 43.83801502734423 3.042691215872765 69.45985529571772 9.486379452049732 1000.181394487619 8.372419185936451 4.727199152112007 7.816587276756763 0.7594308406114578 0.1828336119651794 0.1237236559391022 0 4.027330696582794 0 0 0 0.319699190557003 0
4475.369065217674 0 1299.976375967264 671.6714919880033 4736.580563426018 549.851869828999 2797.363952748477 1078.678716048598 909.8362621217966 534.1916155144572 2427.967583917081 37.92021311074495 1486.179029770195 668.2468793392181 16.14371553063393 4.267225302755833 1.051194235682487 0.9442248716950417 0.1330132782459259 2.611399985849857 2.612117908895016 0.1256182491779327 0 0 0.3129747956991196 0.717961423099041 0 0.5110990181565285 0.351449117064476 0.1740564405918121 3844.90250492841 16.24050768464804 6.605082452297211 0.2899255305528641 0 0.275534376502037 6.031390376389027 0.7685741931200027 0 0.2846142947673798 1.333373486995697 0.3964676856994629 0.8345385417342186 0 0 0.1756547391414642 85.66743349283934 13.97270777821541 1.074373207986355 1.283738292753696 1.198588237166405 0 0 0.2432265877723694 11.19038157165051 25.81783367693424 172.044626660645 1581.16395547986 21.37484706193209 26.4273169413209 1.409375585615635 1.737952798604965 0 47.18959234654903 9.708420999348164 6.608034245669842 2.633116580545902 8.370141036808491 2.300418712198734 3.38652391731739 4.69293399900198 4.373433455824852 0 203.0148191303015 242.0466071218252 192.4769361838698 23.00076182186604 5.469635151326656 10.48505468666553 388.6724801212549 0.6639425382018089 21.90038174390793 21.88332783430815 0.4783165603876114 6.829179532825947 5.541341580450535 6.191523566842079 0.09326822310686111 1.572228893637657 0 0 0 0.6725395172834396 0.2447962686419487 0 161.6536305621266 1.59578225761652 0 2.735656842589378 1297.240122847259 0 0 2.051855027675629 0.2900766432285309 0.1506400853395462 74.76957785338163 0.5042949169874191 1.257786437869072 8.915632322430611 10.30688400566578 0 27.38483127951622 33.55871860682964 9.639723271131516 3.529652953147888 0 0.2270696610212326 0 0 0 0 0 0 0 0 0 0 0 0 0 0 0 0 0 0.1809284836053848 0.4297843873500824 0 0.9393177032470703 0 2.387284651398659 0.7149682343006134 4.690327674150467 2.978197492659092 0.4096708595752716 0 0.1248920485377312 0.1906410157680511 0 0 0 0 0 0.9284465759992599 0 0 0 0 0.4478121250867844 0 0 0.2700396776199341 0 0.6368485689163208 0 0 0.6815132796764374 0.5181860327720642 0 0 0.2261727154254913 0 0 0.1315398961305618 0 0 0 16.77615547925234 0.4610388875007629 0 0 0 0.8471444398164749 0 0.8918612450361252 0 0 0.6886999011039734 1.03423023223877 0.5754914730787277 0.3662132546305656 0.1225104555487633 0 0 0.08768042922019958 0 0 0.1637715250253677 12.49129824340343 0.7139088064432144 2.462310686707497 322.0941453203559 22.7189377695322 522.8216919749975 69.37996559590101 1684.083352014422 61.45250664651394 10.18386664241552 52.07636385411024 12.40808712691069 0.1272902339696884 2.932254567742348 0 10.58582744002342 0.2891738712787628 0.09420160204172134 0.6507321894168854 3.068907052278519 0.8459418267011642
713.2925784885883 1299.976375967264 0 10.0571852773428 782.2939482405782 71.94194657355547 30.90044310688972 3998.441348016262 127.4975264817476 8.644117958843708 2919.257402986288 1.328992113471031 261.1525206044316 401.8687005788088 12.94883198291063 4.214388377964497 3.217259831726551 7.978061810135841 3.376287505030632 49.01821627467871 34.69305358827114 0 0.1943276673555374 2.314103431999683 3.628340303897858 2.495481267571449 0.601113885641098 1.978609532117844 0.4058659300208092 0.4562707841396332 5150.681172646582 544.7709794715047 6.547264933586121 2.262838542461395 0.2615547999739647 5.859483070671558 1.67676817625761 2.244037106633186 0.1226371005177498 0 20.65324783325195 1.994862474501133 10.24195727705956 2.29898389428854 2.518036067485809 2.619566477835178 44.42917338758707 10.07944904267788 4.663617096841335 15.09126844257116 1.644053623080254 0.1256423890590668 0 0.7490103617310524 7.480665877461433 15.84643790125847 87.10425714403391 1412.529216043651 12.62178905308247 14.23061882704496 5.868152111768723 14.52836380153894 1.669419795274734 306.8080924004316 6.142361514270306 4.333380289375782 1.525758594274521 9.588059775531292 26.28531709313393 42.79660557955503 2.406985141336918 0.7352709770202637 0 127.531492434442 218.1782906353474 126.0830202400684 18.06751871854067 5.455636382102966 193.466374963522 847.0720336064696 16.04156761616468 291.8382767811418 14.54318032413721 1.290328741073608 3.686496175825596 4.750568889081478 11.61726397275925 0.08856353908777237 0.9417954385280609 0 0.1816249415278435 0 10.40731512010098 0.4541892409324646 0.7419784739613533 7.532055661082268 0.4779425635933876 0 0.2888682186603546 439.6510128006339 0 0 0 0 0 0 0 0 0 0 0 1.849958747625351 2.253908850252628 0.7978964745998383 0 0 0.1002614349126816 0 0 0 0 0 0 0.2295710667967796 0 0 0 0 0 0 0.1246131956577301 0 0.1015022471547127 0 0.2396968156099319 0 0 0.3022365570068359 0 0.2132254913449287 0.1061640828847885 0.7791625484824181 0.3722738847136497 0.5071885883808136 0.09570284932851791 0 0 0 0 0 0 0 0.1018048077821732 0 0 0 0 0.4527861773967743 0.1244482547044754 0 0 0 0 0 0 0.3061663508415222 0.2061495408415794 0.5882102847099304 0 0 0 0 0 0 0 0.1209524348378181 1.463475465774536 0 0 0 0.1183421090245247 0 0 0.3724291995167732 0 0 0 0 0.1279556751251221 0 0.3431144207715988 0 0 0 0 0 0.1141876503825188 0.3184049129486084 0.111811526119709 1.067671343684196 122.8843897804618 13.35807672142982 256.1770052313805 33.23857831209898 385.9932241216302 23.232945792377 5.751212276518345 20.76754610240459 4.948121719062328 0.5966524109244347 0.2304278761148453 0 0.5644593238830566 0.1056045591831207 0.293104387819767 0 1.513205789029598 0.7217874825000763
1179.016278870404 671.6714919880033 10.0571852773428 0 130.8775865286589 447.2016863673925 1014.284921348095 3.954636693000793 81.34801659733057 2829.215741693974 6.944935195147991 668.8427478671074 3019.699001893401 152.8434790819883 0.6378047838807106 0 0 0.1429998278617859 0 0 0 0 0 0 0 0 0 0 0 0 26.83023158460855 0.8556297942996025 0 0 0 0 0.1704264283180237 0 0 0 0 0 0 0 0.1055424436926842 0 3.277609959244728 0.7593742311000824 0.2222745046019554 0 0 0 0 0 1.036233149468899 1.418740920722485 17.6749064847827 87.88858683407307 1.163283593952656 2.008342362940311 0 0 0 1.084795668721199 0.8093199133872986 0.4131339341402054 0.1693708375096321 0.3908630907535553 0 0.09804610162973404 3.217043831944466 0.7406026721000671 0 13.68155063688755 11.51302856951952 9.307741411030293 0.3828273639082909 0.54078109562397 0.102174699306488 0.9729030802845955 0 0 1.63020896166563 0 0.4572623521089554 0.4377665147185326 0.3121133744716644 0 0.07738033682107925 0 0 0 0 0 0 110.4470017105341 0.5461414903402328 0 0 108.5815391987562 0 0 1.351460590958595 0.2809163779020309 0.1905518919229507 18.98574668169022 0 1.361424952745438 9.568687498569489 3.499464616179466 0 11.68255689740181 13.7235726416111 5.942872434854507 0.7979778945446014 0 0 0 0 0 0 0 0 0 0 0 0 0 0 0 0 0 0 0 0.2631799280643463 0 0 0 0 1.185823686420918 0 0.5139159709215164 0.5950106084346771 0 0 0 0 0 0 0 0 0 0 0 0 0.103208065032959 0 0 0 0 0 0 0 0 0 0.5184364914894104 0.517707496881485 0.2906649857759476 0 0 0 0 0 0 0 0 4.029741272330284 0 0 0 0 0.1364292353391647 0 0.5045349597930908 0 0 0.5542851686477661 0 0 0 0 0 0 0 0 0.1740447878837585 0 4.127652764320374 0.7082298249006271 0.3542044460773468 17.29652454704046 1.942218832671642 29.07987566292286 3.522629998624325 383.5240467190742 2.21607581526041 0.8991518840193748 2.20579855889082 0.7340600863099098 0 0 0 9.313094049692154 0 0 0.3373991549015045 0.2694622129201889 0
534.0337986424565 4736.580563426018 782.2939482405782 130.8775865286589 0 30.28197335451841 1154.63968089968 343.0870892629027 7010.883711203933 159.7086040899158 2679.793622896075 4.189087375998497 3139.596324376762 4698.681863948703 18.69223383814096 4.751149944961071 0.1214858740568161 0.2491923198103905 0.09658072143793106 1.232781291007996 0.7367061823606491 0 0 0 0.1086719781160355 0.6475789770483971 0 0.1415006369352341 0 0 168.2630175724626 11.24874758720398 2.633426681160927 0.07918260246515274 0 0 4.151068411767483 0.9973205104470253 0 0.1148676052689552 0.3596360981464386 0.1140827089548111 0.3455960229039192 0.3042862117290497 0 0 75.55499892681837 6.05055221170187 0.2532053664326668 0.3956487253308296 1.43477526307106 0 0 0.1443970948457718 3.915848687291145 11.54630652070045 25.0198692753911 195.029372766614 7.455284848809242 13.95818088203669 0 0.641525112092495 0 31.21088972687721 4.005039513111115 2.40281804651022 1.055958837270737 3.407827794551849 0.7676791623234749 0.8798297569155693 22.92363534867764 2.019587352871895 0 63.06816598773003 101.1808578819036 142.4833780303597 25.86297733336687 2.63507091999054 4.56355806440115 41.56855151802301 0.6388057321310043 6.581728242337704 7.833016954362392 0.519721619784832 2.109524637460709 1.850837640464306 2.587511636316776 0.08442792296409607 0.6529965102672577 0.1365976929664612 0 0.164293497800827 0.7281462326645851 0.4142919331789017 0.2253168150782585 114.6301893442869 0.3649377822875977 0 4.044935815036297 47.78454944491386 0 0 1.531662717461586 0.9415008127689362 0.7619262039661407 45.74595023691654 0 3.219576716423035 7.427267968654633 22.56683637201786 0.429290771484375 58.61764538288116 65.91602700203657 26.16602878272533 14.45105480402708 1.047074019908905 0.1994650661945343 0 0 0 0 0 0 0.2265574038028717 0 0 0 0 0 0.1361664086580276 0 0 0 0 1.415070295333862 0 0 2.574675068259239 0 8.347976788878441 3.026645079255104 11.77695614844561 5.700779981911182 0.7303324639797211 0 0 0 0 0 0.4135353416204453 0 2.007147952914238 3.789958402514458 0 0 0 0.2259628027677536 0 0 0.9329777359962463 0 0 0.9546160399913788 0 0.3323554694652557 3.103922635316849 1.961153149604797 0 0.5995657742023468 0.07906528562307358 0 0 0 0 0 0 60.96465550363064 1.412938386201859 0 0 0 1.646070033311844 0 3.570395305752754 2.044801741838455 1.3587496727705 3.827204957604408 0.6751008331775665 2.044499814510345 0.1546449661254883 0 0 0 0.08654485642910004 0 0 0 30.8500017374754 8.593738704919815 9.760173805058002 296.2819494754076 18.95370513945818 310.3115643933415 63.0047792494297 355.6148562058806 49.00537979602814 4.834717400372028 51.68876188993454 17.43299330025911 0.9714343994855881 6.516686744987965 0.4205602407455444 14.99958623945713 0 1.067322015762329 2.848586425185204 3.439178973436356 0.2811016142368317
343.4450107514858 549.851869828999 71.94194657355547 447.2016863673925 30.28197335451841 0 133.4030649363995 24.96586636453867 20.26424089074135 780.1780403777957 29.79438165575266 95.85422450304031 213.5850350186229 44.15861378610134 0.374969094991684 0 0 0 0 0.1038115173578262 0.2821202278137207 4.985836714506149 0 0 0 0.09664598852396011 0 0 0 0 38.34219211339951 0.2509868368506432 30.24041091650724 0 0 3.787024214863777 13.29553706943989 5.30158905684948 0.8952633440494537 0.2007426619529724 0 0 0 0.1752266138792038 0 0 0.7350429370999336 0.6848114132881165 0 0 1.263825848698616 18.681106954813 1.224805533885956 1.117430910468102 0.2101329118013382 1.914431631565094 112.8254006952047 90.9773722589016 1.851501367986202 0.7344352602958679 0 17.9303622096777 0 0.9155412316322327 0.09024863690137863 0.4160583317279816 0.4675955772399902 0.2142663598060608 0 0 107.2219825088978 623.3309129029512 14.41605338454247 8.785417795181274 6.206924989819527 2.362449809908867 0.118929922580719 0.2405003756284714 0.1079499647021294 46.21894684433937 0.1092142835259438 16.41962811350822 0.492790512740612 2.314652666449547 0.1776140257716179 1.02829534560442 0 10.57328693568707 13.32661348581314 18.1680174767971 3.018544122576714 9.017551764845848 0 0 1.16844180226326 868.5821390450001 252.9112953096628 37.72053383290768 13.3351434469223 266.0703308433294 0 0 0 0 0 0.7360464036464691 0 0.1412847638130188 1.039038836956024 0.1247389614582062 0 1.041144669055939 1.185037404298782 0.6510436832904816 0.5862306356430054 0.1748629361391068 0 0 0.2320737093687057 0 0 0 0 0 0 0 0 0.2064118981361389 0.4426747858524323 0.2643345892429352 0.2245406806468964 1.483933314681053 0.7330118715763092 0.261547863483429 0 0 0.2984027862548828 0 0 0.1220778599381447 0.3613758236169815 0.69684998691082 0.2562538012862206 0.8942947834730148 0 0 0 0 0 0.4860209375619888 0 0 0.2787192761898041 0 0 0 0.62250916659832 0 0 0 0 0 0 0 0 0 0 0 0 0 0 0 0.1677466779947281 0 0 0 1.563807681202888 2.42267519235611 0 0 0.1776630729436874 0 0 0 0 0 0.1774955540895462 0 0 0.1995272636413574 0 0 0 0.1992533653974533 0 0.198867067694664 0 1.306381329894066 0.7817298471927643 1.671490624547005 5.744321145117283 1.119112722575665 7.545155435800552 0.9693994298577309 150.3510984182358 1.217661626636982 0.504020981490612 0.2605205848813057 1.404199302196503 0.1583201587200165 0.8567829430103302 0 2.476813554763794 0 0 0 0 0
358.0328950509429 2797.363952748477 30.90044310688972 1014.284921348095 1154.63968089968 133.4030649363995 0 10.92709346115589 583.1183719336987 840.4725656062365 42.97992429882288 20.85667911171913 5221.951753795147 1203.754842691123 11.74963560700417 2.879012815654278 0.1049885302782059 0 0 0.5729311928153038 0.3766106888651848 0 0 0 1.119435906410217 0 0 0.3801501989364624 0.2984825074672699 0 75.28104427456856 6.364176347851753 4.409424632787704 0 0.1132549419999123 0 6.27210995554924 0.7220524996519089 0.1295670717954636 0.2001336216926575 0.2292223274707794 0 0.1607825309038162 0.1712454259395599 0 0.2709324881434441 50.50722841918468 4.795008912682533 0.2257378101348877 0.265392541885376 0.2415374666452408 0.1481053531169891 0 0 4.525972545146942 10.00057709217072 27.84147075563669 204.3820245414972 3.948555111885071 13.05123686790466 0.5125141739845276 0.1920982599258423 0.2084554135799408 12.58726186305285 3.176639199256897 1.957822173833847 0.468154177069664 2.683704808354378 0.679050400853157 1.124240435659885 25.8184677734971 2.667306691408157 0 60.61930405348539 76.13167501240969 85.21917619556189 19.36997708678246 2.477697849273682 1.78880999237299 6.796122804284096 0.6982935816049576 1.192039638757706 6.333949148654938 0.2661691009998322 1.60556723177433 1.600462220609188 1.434674911201 0.1807253956794739 0.8788434937596321 0 0 0 0.4072671830654144 0.2506795153021812 0.1199369132518768 261.7960489690304 1.86789183318615 0 1.597503185272217 41.67452874034643 0 0.1518971771001816 5.877965331077576 2.694317474961281 1.36534608900547 91.05823984742165 0.767172634601593 4.696892350912094 15.77232500910759 31.25171302258968 0 89.23937672376633 118.7453374862671 41.23101982474327 15.13432990014553 0.3161991983652115 1.192115262150764 0 0 0 0 0 0 0 0 0 0 0.4915674328804016 0 0.5109308660030365 0 0 0 0 2.15949996560812 0.5156376957893372 0 2.250546768307686 0.9419367462396622 12.32205893099308 3.874557316303253 13.44164247810841 5.069199584424496 1.052853457629681 0 0 0 0 0.1909440904855728 0.1870509684085846 0 1.30263839662075 3.984595537185669 0 0 0 0.2239793241024017 0 0 0 0 0 0.391153022646904 0 1.209653973579407 4.283099263906479 4.033472239971161 1.959023021161556 0.490556076169014 0 0 0.1201760843396187 0 0 0 0 81.3884300366044 0.8191190958023071 0 0 0 3.427157521247864 0 3.967362865805626 2.750316828489304 1.794886969029903 4.025069139897823 1.590597927570343 2.840420641005039 0.2361985296010971 0 0 0 0 0 0 0 44.14362227916718 8.691824451088905 8.660754181444645 229.3432952836156 13.10789892077446 240.6874375864863 40.98598877340555 544.8470686078072 37.31082411110401 4.548151977360249 32.75301852077246 17.07868360728025 0 8.182193905115128 0.1479631662368774 31.51412431895733 1.693057388067245 0.9852029979228973 1.456788152456284 3.990848645567894 0.3764685988426208
355.0276485309005 1078.678716048598 3998.441348016262 3.954636693000793 343.0870892629027 24.96586636453867 10.92709346115589 0 39.53437067568302 2.725975953042507 3015.41161275655 0.8838495537638664 180.3147606924176 290.3572366684675 40.53298465162516 24.30390533804893 3.790060997009277 11.81105794012547 5.939580604434013 63.09345439076424 51.54359535872936 0.1717515289783478 0.488216258585453 3.590657204389572 6.055741749703884 5.804664641618729 0.907308429479599 3.381650939583778 0.7635880634188652 0.7551392540335655 2185.961486570537 3070.866970777512 11.41037557274103 2.579089999198914 0.9260630309581757 11.38454502820969 1.634188041090965 4.229783833026886 0.5709230080246925 0.4008921459317207 26.94209007173777 3.907956823706627 15.8941305950284 4.948873862624168 3.935704536736012 14.20998810231686 138.6772510185838 14.93140447884798 4.690703079104424 13.46530405431986 2.23052341490984 0.1095763146877289 0 2.510897547006607 9.38319569081068 19.19745795428753 47.51692584902048 632.2455345392227 10.35055305808783 32.85419088602066 29.77942006289959 47.92055486887693 2.845303103327751 262.4833914116025 9.195349335670471 3.820796974003315 2.199358433485031 11.67229714989662 31.54983150959015 57.99242485314608 2.253192983567715 0.7440295368432999 0 148.5628969967365 328.2238557636738 317.3620999157429 105.8481439873576 20.79896784573793 1090.774405829608 1332.654267191887 86.29860370606184 1401.044383831322 18.45502628386021 0.8507797494530678 6.542837284505367 5.815240420401096 13.49315153807402 0 1.008459180593491 0 0.4997120052576065 0.1139235273003578 17.63984731584787 0.256664015352726 1.088104493916035 5.424866676330566 0.2837745547294617 0 0.4919241592288017 112.2068532630801 0 0 0.5574217438697815 0 0 0.5073418617248535 0 0.3150123059749603 1.013729512691498 0 0 1.777705661952496 1.448004126548767 0.7880100756883621 0.1810351014137268 0.2785595282912254 0 0 0 0 0 0.1414367258548737 0 0 0 0 0 0 0.1187279671430588 0 0.09481270611286163 0.3011370152235031 0 0 0 0 0 0.448867067694664 0.3316757529973984 0.5223798975348473 0.8297284618020058 0.3491608425974846 0.614493690431118 0.4421257227659225 0 0 0.2872544527053833 0 0 0 0 0.1562699824571609 0 0 0 0 0.1145564615726471 0.3980761840939522 0.1073653995990753 0 0 0 0 0 0 0.2736146226525307 0.1381634175777435 0 0 0 0 0 0.1185876727104187 0 0 0.2935722395777702 1.294725567102432 0.4538068845868111 0 0 0.1086241155862808 0 0.1452696621417999 0.2793523520231247 0 0 0.3133820295333862 0 0.1190069392323494 0 0.08803530037403107 0 0 0.1858427599072456 0 0.2433786690235138 0.1752506047487259 0.3357794880867004 0.1058558002114296 1.830187872052193 397.2617575228214 26.65233776718378 583.677990719676 92.76387383043766 280.4862822517753 74.5033648237586 8.058864273130894 70.35839265584946 11.46148701012135 1.158266089856625 2.06495750695467 0.2577795833349228 0.5673052072525024 0 0 0.6439115256071091 6.019333496689796 0.8593637496232986
39.88958900421858 909.8362621217966 127.4975264817476 81.34801659733057 7010.883711203933 20.26424089074135 583.1183719336987 39.53437067568302 0 212.1387436389923 1535.364736385643 13.15143699198961 3043.006169937551 5496.520382985473 18.59256788343191 8.615233585238457 0.8495398014783859 0.2220604494214058 0 0.4040762856602669 0.8325341120362282 0 0 0 0.3352301493287086 0.1968044489622116 0 0.1234035566449165 0.4082342535257339 0 65.46880692988634 16.06389255821705 7.014192953705788 0.1597549766302109 0 0.251256100833416 7.964886784553528 1.141673743724823 1.895329281687737 0.21774722635746 0 0.3307875618338585 0.09463532269001007 0 0.1033040732145309 0 69.66605122387409 3.020017646253109 0.2432200014591217 0.6874461993575096 0.5765339210629463 0 0 0.1593980193138123 2.09043262898922 7.098792403936386 17.35660567879677 98.78739669919014 5.786241069436073 9.737829960882664 0.2925349697470665 0.1023271158337593 0 26.75396155565977 1.452305562794209 1.216544538736343 0.3559882938861847 2.638582244515419 0.6246559917926788 0.2613597810268402 49.8487790375948 9.334486797451973 0.2377153486013412 47.31011658906937 69.98059979081154 108.2393606603146 35.51635285466909 4.263388477265835 3.159679800271988 26.00782270729542 0.464384526014328 4.361831456422806 4.704702451825142 0.2742852121591568 1.555852368474007 1.127653978765011 1.823069602251053 0.1756933182477951 0.176936648786068 0 0 0.1649041771888733 0.1782909482717514 0 0.1978194266557693 324.9150060415268 2.820553094148636 0 3.589287847280502 9.927542813122272 1.297693245112896 0.288212388753891 5.388260334730148 2.944427251815796 1.760012447834015 92.96055613458157 1.806088000535965 11.27083471417427 21.86845448613167 46.37207867205143 1.126906648278236 139.0962572842836 180.0434728935361 86.59507213532925 33.38598548620939 1.675503134727478 1.407477378845215 0 0.4031267017126083 0 0 0 0 0 0 0 0 0 0 0 0 0 0 0 3.272866472601891 0.1357560306787491 0 2.841881468892097 0.9161062985658646 26.71086917072535 12.1898148804903 32.84654023498297 13.03733706474304 1.8350620418787 0 0 0 0 0.1699226200580597 0.513797789812088 0 1.512549549341202 7.488970436155796 0 0.2321663200855255 0 0 0 0 0.3616239130496979 0 0.6912674456834793 1.084865741431713 0 0.4030364602804184 7.33800345659256 4.70060071349144 3.80627629160881 2.226348072290421 0.3880680203437805 0 0 0 0 0 0 128.8523709625006 1.16284641623497 0 0 0 8.665774144232273 0.261072039604187 7.77481934428215 3.004154026508331 5.986052334308624 13.93676867336035 1.539704538881779 4.966822326183319 0 0 0 0 0 0 0 0 81.40502768754959 22.97982476651669 25.49001345038414 412.0114621967077 12.64887952059507 297.9704953059554 55.94229060411453 248.2506394982338 49.93635815382004 3.696504153311253 56.06936840713024 39.82742604613304 0.7307528853416443 22.04713696986437 0.9156036302447319 61.4778361171484 1.663303628563881 0.1908627599477768 5.874637767672539 2.001566477119923 0.542670413851738
958.9551973715425 534.1916155144572 8.644117958843708 2829.215741693974 159.7086040899158 780.1780403777957 840.4725656062365 2.725975953042507 212.1387436389923 0 1.918543316423893 3117.804465159774 6346.153379805386 261.6185894235969 1.164941996335983 0.6366360932588577 0.3266654163599014 0 0 0 0.1878398656845093 0 0 0 0 0 0 0 0 0 14.78697706013918 0.5291342884302139 15.66573438793421 0 0 0.239845409989357 32.38019451498985 0.1771595180034637 0 0 0 0 0 0.2764008045196533 0 0 5.694713428616524 0.7247411385178566 0 0 0.09675261378288269 0.6514044255018234 0.1715676188468933 0 0.4897030517458916 1.503339186310768 16.82359062880278 67.18972780555487 2.876811511814594 0.7206957116723061 0 0.4288006871938705 0 0.9420957192778587 0.1987808644771576 0.3819273337721825 0.09734641760587692 0.436365894973278 0.1988505274057388 0 154.2864404916763 5.974911123514175 0 10.05568797141314 8.863688662648201 8.187994726002216 1.144579142332077 0.6861176192760468 0 2.6921077221632 0 1.053174190223217 1.958706006407738 0 0.3282916843891144 0.2470233738422394 0.1237929090857506 0 0.1618764847517014 0.3770362883806229 0 0.2085471302270889 0.2210832387208939 0 0 1259.779445633292 2.228615492582321 0 1.544219173491001 191.0777539610863 0.5737990438938141 3.113680556416512 53.85588000714779 21.03780342638493 0.4188390523195267 126.8754179477692 2.945531696081161 10.07333908975124 59.88078451156616 71.89043033123016 0.599936455488205 164.9848605468869 225.401667766273 68.51293935626745 12.43730989098549 0.6746667250990868 0.4058108180761337 0 0.4133292734622955 0 0 0 0 0.2508336305618286 0 0 0 0 0 0 0.2549808621406555 0 0.1857638955116272 0 1.303445033729076 0 0 0.7954979240894318 0 9.78986930847168 0.9506230056285858 10.18987690657377 1.475795328617096 0 0 0 0 0 0.3815948963165283 0.149302750825882 0 0.9419417381286621 1.825297810137272 0 0 0 0 0 0 0.1844676733016968 0 0.1749114394187927 0.125177726149559 0 0 0.5383715629577637 2.07126559317112 0.95937779545784 0.3492355570197105 0.08383066952228546 0 0 0.2284294217824936 0 0 0 67.6570753082633 0.2000614553689957 0 0 0 1.929980143904686 0 1.219691812992096 0.8006505817174911 2.134657561779022 2.90695258975029 0.9722378626465797 1.229752436280251 0.4553027749061584 0 0 0 0 0 0 0 68.76196194440126 7.650560438632965 4.593029484152794 43.12887114286423 0.948559895157814 28.00583034008741 3.817085139453411 609.288113117218 3.06595192104578 0.3969653993844986 2.518392272293568 8.435809575021267 0.5950949192047119 5.165620222687721 0 88.06429272890091 1.060132913291454 0 1.644652910530567 0.1761389821767807 0
603.442172370851 2427.967583917081 2919.257402986288 6.944935195147991 2679.793622896075 29.79438165575266 42.97992429882288 3015.41161275655 1535.364736385643 1.918543316423893 0 4.364665746688843 2244.054619759321 4124.696742579341 75.00768768042326 77.30990482866764 4.480015493929386 4.411277987062931 1.124976992607117 24.63807012885809 18.95383010804653 0 0.5958344638347626 2.334026858210564 1.806462578475475 3.723250709474087 0.6318055093288422 3.357897132635117 1.101453512907028 0.09087599068880081 778.3730521202087 312.0633710324764 31.80523009598255 0.2685906291007996 0.2722374200820923 6.420519813895226 18.78865502029657 3.738945230841637 1.114617601037025 0.5262172743678093 20.98840571939945 5.776940785348415 7.221564002335072 4.063565410673618 0.6878635659813881 0.7092294618487358 165.9246145114303 11.95804001390934 6.958264790475368 10.93287136405706 1.631207168102264 0 0 2.120632231235504 5.925417102873325 13.49996837973595 33.50502274185419 345.5671339184046 7.732491217553616 27.69115921854973 3.635249502956867 8.123483821749687 0.1844180375337601 129.7448717430234 5.369753293693066 3.658928237855434 2.271368891000748 10.39307445287704 37.42818316817284 45.05518479645252 21.39894814789295 7.750361859798431 0 93.6731860935688 216.7467282116413 270.068921983242 138.8238534703851 46.24818637222052 182.4628783166409 1713.126803599298 1.007136434316635 74.39892142266035 11.3111667484045 0.4329581186175346 4.015648320317268 3.894890554249287 11.29777246713638 0 0.9601896181702614 0.2465146780014038 0.3580791056156158 0.4880156293511391 16.72263081371784 0.9761419147253036 1.270048879086971 32.30613860487938 0.9811260029673576 0 0.8487491458654404 103.3498219028115 0.1911415010690689 0 0.4505814388394356 0 0.702356219291687 3.604077935218811 0 0.5389626622200012 0.5462959706783295 1.165436998009682 0 7.24709989130497 8.524242624640465 5.192515775561333 2.303768277168274 0.8405375480651855 0.5263723209500313 0 0 0 0 0 0 0.3710229992866516 0 0.1224677935242653 0 0.6441468596458435 0 0 0.1159453168511391 0 0.139466792345047 0 0.2521037459373474 0 0 1.182173103094101 0 3.569384858012199 1.132662445306778 4.246357902884483 2.849899910390377 1.237036727368832 0 0 0.3370182365179062 0 0 0.337396502494812 0.4744705259799957 0.2062946110963821 0.7740166485309601 0 0.3829965591430664 0.1622764766216278 0 0.4427050799131393 0 0.1233588457107544 0.09492871165275574 0.130606472492218 0 0 0 1.172309130430222 0.8544548451900482 0 0.2118765115737915 0.1666889488697052 0 0 0 0 0 0.2386815696954727 14.6025125682354 1.473830655217171 0 0.1665049344301224 0 0 0.4647974967956543 0.4732258915901184 0.3501773178577423 0.5122988522052765 1.302359402179718 0.1678433120250702 0.6932840049266815 0.137552410364151 0.1937133446335793 0 0 0.097149558365345 0 0 0 4.288822032511234 3.405056044459343 6.337223991751671 505.8207601904869 37.15572156757116 504.1143703684211 102.9223911166191 268.2554881945252 72.85393380373716 7.101678691804409 86.53658857196569 19.38759328424931 0.8788008838891983 5.55540818721056 0.1897348612546921 2.570115193724632 0 0.3327359184622765 1.949686124920845 10.88665678352118 1.61948062479496
72.31178325414658 37.92021311074495 1.328992113471031 668.8427478671074 4.189087375998497 95.85422450304031 20.85667911171913 0.8838495537638664 13.15143699198961 3117.804465159774 4.364665746688843 0 2786.892777256668 240.0789860785007 12.42040398716927 20.72480220347643 1.043823257088661 0.5827324390411377 0.3137296736240387 0.4843758642673492 0.3638627082109451 0 0 0 0.2676432430744171 0.293949767947197 0 0 0 0 3.694244012236595 2.130308359861374 53.85069505870342 0 0 0.6347836256027222 215.8823779225349 1.217054456472397 0.9446533992886543 1.059565678238869 1.323247104883194 0.7428524792194366 0.6232583522796631 1.000574931502342 0.1277869939804077 0 12.67747215926647 0.3361257910728455 0 0.7440626174211502 0 0 0 0.5299279689788818 0.1023530513048172 0.8726209029555321 2.120981201529503 13.23181161284447 0.2787787392735481 0.4684336632490158 0.5971078276634216 5.874656662344933 0.189866304397583 5.547887936234474 0.2642787322402 0.1520286947488785 0.0903371125459671 1.062990508973598 0.6336438208818436 1.420301921665668 300.3649736195803 29.57852919399738 0 4.412136644124985 9.630378097295761 17.67482159286737 11.72218175977468 6.293056435883045 0.2454617917537689 18.49082401394844 0.1297665536403656 5.668556287884712 0.3433703035116196 0 0.1206961870193481 0.2089484259486198 1.146891228854656 0 0.0953027680516243 0 0 0 1.330440998077393 0.1678109765052795 0.1743715405464172 1816.772138237953 5.901300430297852 0 0.8859385326504707 33.67946603894234 1.368806771934032 0 4.140338160097599 4.708425387740135 2.216964296996593 80.83010610193014 0.1459467262029648 11.33396206796169 25.60429607331753 37.94267150759697 0.9127879813313484 129.4425563439727 163.9921198636293 93.48704162985086 27.32116524875164 1.31592208892107 0.94725301861763 0 0 0 0 0 0 0 0 0 0 0 0.1619376540184021 0 0 0 0 0 2.078180566430092 0 0 1.069732308387756 0 32.17837962508202 6.673913225531578 29.24878820776939 8.097802810370922 0.9879255741834641 0 0 0 0 0.1111166104674339 0.1297550797462463 0 0.5393478721380234 9.842080801725388 0.4062315970659256 0 0 0.2750327438116074 0 0.4775291159749031 0.1461716890335083 0.201255239546299 0.5831696093082428 1.38550491631031 0.5005569159984589 0.2112185806035995 1.61932247877121 8.497646674513817 0.513738140463829 0.4817283451557159 1.346083991229534 0 0 0 0 0 0 138.1914867609739 1.122381836175919 0 0 0 6.46892287582159 1.96490703523159 4.246828377246857 3.724878460168839 4.601000346243382 7.231934607028961 3.048757269978523 2.619649402797222 0.5193210244178772 0 0 0 0 0 0 0 81.74101080000401 24.03213293850422 24.55350045114756 142.1897287741303 2.897943429648876 48.06043753772974 13.23512672632933 116.4021287113428 5.462363690137863 3.496406152844429 12.40989747643471 39.32687075436115 0.6366924792528152 21.83218384534121 0.3345623910427094 47.05269166082144 1.47980934381485 0 5.124460503458977 1.920012935996056 0.4414128959178925
391.3216848522425 1486.179029770195 261.1525206044316 3019.699001893401 3139.596324376762 213.5850350186229 5221.951753795147 180.3147606924176 3043.006169937551 6346.153379805386 2244.054619759321 2786.892777256668 0 3186.307274073362 154.4135903045535 168.0632244050503 13.02095872908831 2.200726181268692 1.315266288816929 8.207885332405567 6.053636007010937 1.637213230133057 0.1345154941082001 0.2796194106340408 2.322624325752258 3.929138548672199 0.2127399668097496 6.739533603191376 4.590801648795605 1.125724099576473 115.0878299847245 65.34864482283592 403.2278061807156 0 0 16.48289179056883 205.490339666605 18.96465609967709 9.449083708226681 2.215708531439304 13.86227943003178 7.602262482047081 4.493373341858387 11.41788654029369 2.674342282116413 2.515302069485188 237.0018410459161 8.011258721351624 2.580326355993748 7.398608736693859 2.137949496507645 1.056957237422466 2.818486370146275 3.838968589901924 4.553029507398605 13.98068311810493 38.90352968126535 192.5852542445064 8.492435678839684 26.85925422608852 3.668410189449787 42.10287941992283 0.5432420372962952 99.03148774802685 4.345941625535488 3.1826171875 1.86299029737711 8.886981032788754 16.65116853266954 20.47092120349407 673.1737836226821 106.2582243829966 0.1614552885293961 90.20397756993771 175.1555554643273 306.5906764045358 204.8562464937568 71.53276573866606 3.206296935677528 309.5061810091138 3.74329624325037 41.12638019770384 10.84221567958593 0.6291451528668404 3.451469324529171 2.605502650141716 8.378330074250698 0 0.8121176511049271 0.8907870575785637 0.7636826708912849 1.639538876712322 10.21202423423529 3.051052317023277 2.049994334578514 3465.982020437717 75.42028585076332 2.71554046869278 19.90754708647728 59.08066159486771 2.031946077942848 1.263719335198402 17.40122123062611 14.13458493351936 6.275367684662342 319.528569996357 3.456280469894409 34.97150215506554 78.88443937897682 130.4206274226308 3.104061797261238 456.3041768968105 588.2770452648401 221.4778801500797 110.0992570146918 8.312016926705837 5.015592165291309 0.7698773667216301 0.9980781972408295 0.2286570370197296 0 0 0 2.016730718314648 0.2418857961893082 0.1529817134141922 0 1.377860642969608 0.1516386866569519 0.3225690275430679 1.040491342544556 3.206702083349228 1.078351221978664 0.3700138032436371 10.35808981209993 2.846708357334137 0.9354889690876007 15.74029380083084 3.983445033431053 103.2573501989245 32.90220114588737 122.3943506777287 41.49636861681938 6.91190730035305 0.4700574949383736 0.3202235698699951 0.1366645693778992 0.5811702758073807 0.7574727535247803 2.290332801640034 0 6.429047092795372 30.12683570384979 0.2459152340888977 0.146390289068222 0.1387335807085037 3.123376779258251 0.8978062495589256 0.3158604353666306 1.374659888446331 0 1.858678296208382 5.449273303151131 0.7937260270118713 5.030951462686062 23.89847239106894 20.30329871922731 2.308053001761436 2.92757298797369 1.935672901570797 0 0.1677838563919067 0.1434763371944427 0 0 0.3223081231117249 570.0692471936345 13.31011164188385 0.212671235203743 0 0 24.07055179774761 7.901147916913033 23.97201144695282 14.29091569781303 14.87897846847773 37.74720825254917 9.939838506281376 11.81206181645393 0.8088347166776657 0.410150021314621 0.1713110655546188 0 0.2368651404976845 0 0.1532380878925323 0.2237634658813477 304.9583967998624 101.8418026492 113.216194793582 1171.040055923164 71.69119561463594 654.7377547025681 182.1727387458086 615.5158805921674 102.7231891602278 10.37158823013306 169.3846587762237 134.2229619324207 5.347882091999054 75.36785943061113 2.64755055308342 117.1781525090337 4.806735523045063 0.2276258021593094 27.74166602641344 16.95270816981792 3.699450291693211
120.8112895190716 668.2468793392181 401.8687005788088 152.8434790819883 4698.681863948703 44.15861378610134 1203.754842691123 290.3572366684675 5496.520382985473 261.6185894235969 4124.696742579341 240.0789860785007 3186.307274073362 0 79.36412776261568 140.5155427604914 10.87238109856844 3.857426784932613 0.2926601320505142 11.36018075793982 10.36469527333975 0 0 0.1063575744628906 3.267930686473846 3.008795492351055 0.6888171285390854 7.887431144714355 0.9340073466300964 1.170639082789421 105.9526234194636 42.4883306697011 657.2005990222096 0.1125135719776154 0 11.70984695106745 551.3182277828455 19.77049712836742 6.949777200818062 3.607659697532654 27.23018688708544 12.37107238173485 5.54826320707798 8.812318556010723 0.3308329731225967 1.238423436880112 126.1176852211356 4.025976330041885 5.087018989026546 10.09657921642065 1.522763587534428 0 0.1305235326290131 2.138658091425896 2.239976271986961 4.699821218848228 17.0071864426136 89.98785664886236 4.813680052757263 11.7759914919734 2.053356185555458 45.6195410862565 0.1358572393655777 72.13402709364891 2.286393471062183 1.771774008870125 0.8926073461771011 7.7733548656106 29.59272929280996 38.59038825333118 512.7028717547655 45.21417661011219 0 46.25132241845131 114.0050433129072 179.1967772096395 123.2604768574238 64.57678973674774 2.206591196358204 756.3731675893068 0.8880133256316185 22.27290884405375 5.336861342191696 0.8572966009378433 1.292707189917564 1.390493772923946 12.54137822985649 0 0.3361837789416313 0 0.4592890217900276 0 24.53249323368073 4.109538294374943 0.7321377694606781 820.2714259177446 15.63834269344807 0 13.50684065371752 31.68542674928904 0.5710923299193382 0.2528491318225861 1.907701969146729 1.099365502595901 1.592065662145615 56.26300514489412 0.7119652330875397 6.280969992280006 9.965995728969574 19.57933697104454 0.9170180261135101 90.41704833507538 113.9961443394423 53.51658753305674 27.16592113673687 1.499541871249676 1.937150582671165 0.2640581429004669 0.1695930957794189 0 0 0.3334379196166992 0 0.2538904547691345 0 0.1319394558668137 0 0.2821739017963409 0.1244145557284355 0.4644507765769958 0.7320399582386017 1.669082149863243 1.428783282637596 0.6496985554695129 2.280120760202408 3.021677926182747 0 6.089592188596725 0 23.77412024885416 11.2270468249917 30.75033559650183 15.85728929936886 3.163004837930202 0 0.2554106116294861 0.4099901020526886 0 0.4916649162769318 0.2254789918661118 0 4.63889867067337 13.23262391239405 0.3376842141151428 0 0 0.4325078129768372 0.4828591644763947 0.3047928512096405 0 0 0.7874344289302826 1.398957759141922 0.3949725925922394 0.9229047298431396 6.489501968026161 7.620625473558903 1.94623538851738 1.145600758492947 0.5396173074841499 0 0 0 0 0 0.5981908291578293 131.9331664890051 3.146667689085007 0 0 0.09810273349285126 4.63321952521801 1.068420067429543 6.967781633138657 3.007061645388603 3.861354693770409 8.026765555143356 2.185665383934975 5.705727711319923 0.4539373517036438 0.08442085981369019 0 0 0 0 0 0.135959193110466 56.35208165645599 32.76456741988659 35.65933270007372 758.7851351797581 29.36408914625645 404.8977843895555 95.983094625175 232.5174457207322 51.08344803750515 4.99705857783556 83.85468333959579 46.73722267150879 1.668003425002098 27.99302016198635 1.274973824620247 28.17670470476151 1.382693484425545 0.2253573387861252 9.40335650742054 10.94933965057135 2.247336678206921
