0 2494.670384131372 208.7037765607238 443.8046080693603 540.7071779370308 178.186070472002 1768.418422609568 2.816765978932381 273.7606637775898 1527.824212916195 206.7517935633659 61.92021020501852 213.0126499682665 145.083405084908 2.848635084927082 0.219570517539978 0.3255518451333046 0.3705556839704514 0.08469536900520325 0.2118937969207764 0.2150169834494591 0 0 0.1776105612516403 0 0 0 0.292364776134491 0 0.1251858174800873 582.8781978935003 0.5922354981303215 2.007998339831829 0.1268434673547745 0 0.1850662529468536 0.9931682646274567 0 0.3491766750812531 0 0 0.8483271300792694 0 0.1971691399812698 0.1009717285633087 0.1849481761455536 53.98358630388975 10.61694409698248 0.1198299825191498 0.07846520096063614 0.3980000391602516 0.2025310024619102 0 0.3004174903035164 0.8948051780462265 5.495382018387318 260.1008331179619 1368.398959390819 4.52454911917448 14.66650401055813 0.310797207057476 0 0 8.694550298154354 3.583895772695541 13.45330993831158 3.888510152697563 4.159722283482552 0.939220204949379 0.09875544905662537 10.18939651548862 0.3708356320858002 0 204.2176442667842 183.3737584799528 100.9900356084108 6.074704043567181 0.08614181727170944 0.1057073324918747 4.625227153301239 0.1133455783128738 1.166540063917637 14.22293699532747 0.7135140374302864 4.21392834931612 13.50495272129774 5.88737078756094 0 0.8326578959822655 0.2910491824150085 0.204674243927002 0.3141551464796066 0.221886046230793 0.2270511463284492 0.1130843386054039 71.55833955109119 0.697185218334198 0 0.548952043056488 810.2822013273835 0 0 0 0 0 0.6477975100278854 0.3526975214481354 0 0 1.195926561951637 0 1.863335147500038 1.787129253149033 0.340258464217186 0.2745133936405182 0 0 0 0 0 0 0 0 0 0 0 0 0 0 0 0 0 0 0 0 0 0 0 0 0 0 0 0 0 0 0 0 0 0 0 0 0 0 0 0 0 0 0 0 0 0 0 0 0 0 0 0 0 0 0 0 0 0 0 0 0 1.508059166371822 0 0 0 0 0 0 0 0 0 0 0 0 0 0.1551999673247337 0 0 0 0 0 0 0.9996462017297745 0 0 61.96684052795172 20.87147527933121 131.816798068583 15.84401848167181 756.201616063714 30.60642370581627 3.38829330354929 5.402079299092293 0.8161221593618393 0.104927085340023 0.1002926453948021 0 2.723838686943054 0 0 0 0 0
2494.670384131372 0 242.984988681972 1327.671258106828 3570.01251540333 1027.15669554472 5517.518363460898 17.00149384886026 2245.63824762404 728.9000699520111 848.6073925197124 132.972657866776 1098.153907328844 827.526423163712 19.12697666138411 0.4858291447162628 0.2006552666425705 0.4822002723813057 0.3939012214541435 0.1043903678655624 0.7228962481021881 0 0.1278981417417526 0.09140736609697342 0.175118014216423 0.1151095554232597 0.2981199845671654 0.4565185531973839 0.312553882598877 0.2910023331642151 2523.233443193138 5.529289677739143 4.375789195299149 0.07824837416410446 0 0 0.6156176179647446 0 0 0.08973128348588943 0.2512195631861687 0.094926618039608 0.1752708554267883 1.012330040335655 0.0876954048871994 0.5187327712774277 244.0880050361156 23.91699281334877 0.9606258869171143 0.6365387514233589 1.160273000597954 0 0 0.1868667155504227 3.655924670398235 9.700175821781158 130.2422721162438 898.5344743579626 5.464775085449219 46.46506572514772 0.5147295370697975 0.5489473938941956 0 72.3191984295845 6.462993308901787 30.00090324506164 7.928346931934357 9.903108239173889 1.90413399040699 0.3848663121461868 7.35144804418087 0.3742488324642181 0 260.0378764271736 349.4343255087733 317.1324345767498 82.13313306868076 3.654779337346554 0.2949127554893494 19.2818793579936 0.3121948391199112 2.965703621506691 34.74762733280659 0.5866285637021065 12.07689562439919 29.15430810302496 14.75914283841848 0.09719392657279968 2.300756111741066 0.2553457617759705 0.09157709777355194 0.1889080926775932 0.3702244162559509 0.2936021462082863 0.8328435942530632 106.2235431373119 0 0 0 804.6672102659941 0 0 0 1.676419079303741 0 12.94547030329704 2.291762053966522 0 1.322738438844681 4.292410105466843 0 1.133261293172836 5.059120699763298 1.188561946153641 1.02258612960577 0 0 0 0 0 0 0 0 0 0 0 0 0 0 0 0 0 0 0 0 0 0 0 0 0.4720312729477882 0 0.2221826016902924 0.1718067228794098 0 0 0 0 0 0 0 0 0 0.1825001388788223 0 0 0 0 0.1642072200775146 0 0 0 0 0 0 0 0 1.283092677593231 0 0 0 0 0 0 0 0 0 1.271816350519657 0 0 0 0 0 0 0.3648333996534348 0 0 0 0 0 0 0 0 0 0.2049942165613174 0.1160587817430496 0 0 0.8800417855381966 0.3955476507544518 0.7273962795734406 122.0061518549919 55.48666544258595 436.1655197776854 62.55963109433651 1204.174919188023 86.17760275304317 7.734197281301022 51.31150046736002 1.504914589226246 0.6018756851553917 0 0.9222727417945862 1.89379957318306 0 0 0.153897687792778 0.429470881819725 0
208.7037765607238 242.984988681972 0 10.57522678375244 763.4210128188133 141.333431571722 47.63249076902866 1533.042424701154 515.8286091089249 19.38711792975664 4618.248895816505 21.80577638745308 354.2537612393498 879.9205798283219 16.16752870380878 12.65880034118891 3.640491791069508 4.021012961864471 0.4348756894469261 6.982260130345821 42.14418710768223 0.1462642401456833 2.302737340331078 0.480704128742218 4.501643247902393 2.32604057341814 0.304090179502964 1.816075451672077 0.1147599294781685 0.5912545919418335 4567.435374982655 548.4884259924293 73.70506207644939 0.6693791896104813 2.430805020034313 2.187653802335262 11.47277285158634 1.866770967841148 0.2512606605887413 0.7042781487107277 5.946196332573891 2.846924364566803 2.989844180643559 7.400653690099716 0.9484514743089676 4.552820883691311 43.51904947310686 4.605416759848595 0.08060543984174728 5.588910929858685 0.7782822251319885 0.953423373401165 0 1.800313085317612 0.6187481433153152 1.633633889257908 39.3614542260766 519.8893106803298 0.8531952500343323 4.348834402859211 26.2886843085289 18.86183129251003 0.9843034297227859 450.6774535924196 1.31925942748785 5.038215644657612 2.061492800712585 2.163105092942715 7.69249089807272 13.1349216029048 6.341429904103279 2.566406279802322 0 68.96961191296577 241.4798962548375 51.67251110821962 39.57222249358892 23.94670217484236 143.3111347332597 1380.192601807415 14.069401293993 588.919107876718 5.536149919033051 0.3972107917070389 1.822699025273323 5.029750220477581 5.490205101668835 0.08097489178180695 0.6875512525439262 0.1354529708623886 0 0 12.97566135972738 1.325716376304626 4.179351396858692 37.21620650589466 3.106219530105591 0 0.1134579852223396 171.7230214178562 0 0 0.1959043890237808 0 0.1298086196184158 0.2537563443183899 0.2372199147939682 0.4888393878936768 0.1204787120223045 0.5188124254345894 0 1.744965650141239 2.663031324744225 2.485219575464725 2.836488716304302 0.2423745468258858 0 0.1562450081110001 0 0 0 0 0 0 0 0.1056810989975929 0 0.215157151222229 0 0 0.2200156450271606 0.2814072668552399 0 0 0.1130779534578323 0.1295047402381897 0 0.125047579407692 0.3053756654262543 2.166165091097355 0 3.720821037888527 0.7338821813464165 0.8766424506902695 0 0.2509743273258209 0 0 0.2788953632116318 0.1102223694324493 0 0 0 0 0 0 0.1076467484235764 0 0.086143858730793 0 0.08907255530357361 0 0 0 0.7689543589949608 0 3.785121604800224 0 0 0 0 0.2483078092336655 0 0 0 0.1666046530008316 4.024856105446815 0.3505385965108871 0 0 0 3.091065675020218 0.3682233840227127 0.5224553719162941 0 0 0.6090405434370041 0.1041649132966995 0 0 0 0 0 0.08599554747343063 0 0 0 2.562938414514065 2.720060043036938 2.682484038174152 80.32812927663326 14.84376329183578 127.6498524546623 29.10534007847309 133.0933031514287 17.39292228221893 2.18406780809164 25.25178564339876 1.997062191367149 0 0.2487475499510765 0 0.794809877872467 0 0 0.1082010120153427 1.026115410029888 0
443.8046080693603 1327.671258106828 10.57522678375244 0 210.4723767340183 263.0408657491207 1590.024454399943 0 360.9375286102295 742.4969848096371 43.57236693799496 847.0527956038713 1341.463570214808 21.91179129481316 1.188491404056549 0 0.101612500846386 0 0 0 0 0 0 0 0 0 0.1134287714958191 0 0 0.1032953932881355 28.87228916585445 0 2.51544763147831 0 0 0 0.6036557331681252 0 0 0 0.09031032770872116 0 0 0.1547303199768066 0 0 16.52473764121532 2.537775695323944 0.138681635260582 0.2717443779110909 0.1193445324897766 0 0 0 0.1211373507976532 1.087639205157757 21.18389561027288 89.92432267218828 0.6447044089436531 4.586270220577717 0 0 0 4.336000338196754 0.6196432039141655 1.709673471748829 0.7526942789554596 0.6321501210331917 0 0 41.214972615242 0 0 24.54618616402149 27.47081054002047 28.55213233083487 6.403286807239056 0.1283030658960342 0 1.044824555516243 0.2633098512887955 0.09641887992620468 3.323104090988636 0.1102048456668854 0.9564479514956474 2.595046758651733 1.40112779289484 0 0.1822780519723892 0 0 0 0.106540635228157 0 0.3253822028636932 53.56198857724667 0.2253609299659729 0 0 147.3445647209883 0 0 0.2670860588550568 0 0 2.834848999977112 0.6816374659538269 0 0 0 0 0.5439061969518661 1.154576480388641 0.7723677903413773 0.4575541466474533 0 0 0 0 0 0 0 0 0 0 0 0 0 0 0 0 0 0 0 0.6883777976036072 0 0 0 0 0 0 0.5445799231529236 0 0 0 0 0 0 0 0 0 0 0 0 0 0 0 0 0 0 0 0 0 0 0 0 0 0 0 0 0 0 0 0 0 0 0.7126055955886841 0 0 0 0 0.3919391930103302 0 0 0 0 0 0 0 0 0 0 0 0 0 0 0 0 0.1941350996494293 0 28.8244264125824 3.980627186596394 42.28631893545389 5.090078018605709 477.8977894037962 10.60850053280592 0.6426504999399185 5.460746489465237 1.624741166830063 0 0 0 0.955341637134552 0 0 0 0.2272998243570328 0
540.7071779370308 3570.01251540333 763.4210128188133 210.4723767340183 0 85.32551626861095 2260.173694454134 54.69565054029226 7123.91314458102 240.1266161203384 927.7624554485083 128.4676707610488 3221.221662178636 2501.661917336285 26.25412931293249 2.447588056325912 1.127781860530376 0.1280865073204041 0 0.272118091583252 0.629048578441143 0 0.09963449835777283 0.2864246815443039 0.1723944619297981 0.2643222063779831 0.1040047779679298 0.3646878227591515 0.5061377733945847 0.1183911338448524 698.2118401303887 13.31782823055983 3.435921892523766 0 0 0 0.4201791137456894 0.4913052320480347 0.3685041964054108 0 0.1023621559143066 0.1854365468025208 0 0.7004641368985176 0.08864066004753113 0.2657155469059944 190.6661020219326 15.1063818782568 1.159962259232998 0.4796413481235504 0.6617731675505638 0.1082918345928192 0 0.09767438471317291 1.771517045795918 6.504556462168694 37.15823462605476 229.6671224012971 4.095870696008205 32.70935651659966 0.3906810209155083 0.4572684168815613 0 90.43471432477236 6.028652727603912 16.43891490250826 4.540216013789177 6.57454939186573 1.636576443910599 0.09762442857027054 8.924281857907772 0 0 105.4228223487735 211.5387881100178 226.7422730624676 109.1048211678863 14.62324479967356 1.343526132404804 20.1531096547842 0.3135552853345871 2.019147537648678 14.54143293946981 0.4973053485155106 8.780080042779446 15.51531314104795 9.707319863140583 0.1786415055394173 1.66805874556303 0.2340923175215721 0 0.1748139783740044 0.4453819245100021 0.5360755696892738 1.105373069643974 33.82450120151043 0 0 0 90.01592723280191 0 0.4023145735263824 0.2540963590145111 0.5310685485601425 0.357513964176178 2.007398352026939 0.4157483875751495 0.2136894315481186 0.8668016493320465 4.932073011994362 0.4742676317691803 3.031881034374237 5.453883782029152 1.84560139477253 1.025752663612366 0 0 0 0 0 0 0 0 0 0 0 0 0 0 0 0 0.3610492944717407 0 0 0.8936215043067932 0 0 0 0 0.4428628981113434 0 0.3436369895935059 0.3837792128324509 0 0 0 0 0 0 0 0 0 0.1228407919406891 0 0 0.09718593209981918 0 0 0 0 0 0 0 0 0 0 3.112463667988777 0 0 0 0.07545050233602524 0 0 0 0 0 2.438525572419167 0 0 0 0 0.937258169054985 0 0.3767886459827423 0 0 0 0 0 0 0 0 0 0.08854108303785324 0 0 0.0969187468290329 3.311781384050846 0.7383520305156708 0.8178550004959106 59.01655582338572 40.1242725327611 302.0533893704414 61.09119985997677 308.2469325885177 63.24492493271828 6.220952086150646 53.54929492622614 1.097030870616436 0.179788701236248 0 0 2.692797780036926 0 0.08526059985160828 0 0.8493788540363312 0
178.186070472002 1027.15669554472 141.333431571722 263.0408657491207 85.32551626861095 0 490.280851714313 1.18572735786438 43.58564154058695 1017.578379288316 30.45327784121037 142.0646566897631 228.1441831067204 53.19785870611668 0.1614679545164108 0 0.1630606055259705 0 0 0 0 3.807988613843918 0 0 0 0 0 0 0 0 26.39021366089582 0 15.05182129144669 0 0 0 14.10638025403023 0 3.521637171506882 0.1942573934793472 0 0 0 0 0 0 1.905103772878647 0.3624482676386833 0 0 0 22.78642871975899 1.427586123347282 0.3034928143024445 0.1056195795536041 0 510.9116828888655 76.42833814769983 2.519245184957981 0.7566896006464958 0 2.172216683626175 0 0.4380847662687302 0.0812542587518692 0.5420840606093407 0.1766598299145699 0.1194549351930618 0.1924917101860046 0 101.918649405241 91.35173426568508 5.806873649358749 7.608464248478413 4.417607828974724 2.047705136239529 0.8068198561668396 0 0.09905117750167847 6.489617824554443 0 2.730323791503906 0.4906104058027267 0.4304119646549225 0.1127293035387993 0.7102643325924873 0.1509585380554199 2.193362429738045 1.675898119807243 10.24068321287632 1.559573590755463 1.778180435299873 0 0 1.161166414618492 338.1296920776367 71.99600419402122 30.56320177018642 5.796861171722412 569.1499049514532 0 0 0 0 0 0.9900702685117722 0 0 0 1.067787796258926 0 0.5687339305877686 2.254651933908463 0.7394168376922607 0 0 0 0 0 0 0 0 0 0 0 0 0 0 0 0 0 0.9129033386707306 0.7655994296073914 0.2050953358411789 0 0 0 0 0 0 0 0.1105260252952576 0 0 0 0 0 0 0 0.1687710285186768 0 0 0 0 0 0 0.2579584717750549 0.2497676163911819 0 0 0 0 0 0 0 0 0 0 0 0 0 0 0 0 0 0 0.4026042222976685 0 0 0 0 0 0 0 0 0 0 0 0 0 0 0 0 0 0 0 0 0.5094126015901566 0 0 25.16379483044147 0.2189991697669029 4.142972700297832 0.5077383369207382 440.4021428525448 5.744884483516216 0 0.4453763961791992 0 0 0 0 0 0 0 0 0 0
1768.418422609568 5517.518363460898 47.63249076902866 1590.024454399943 2260.173694454134 490.280851714313 0 9.36833593994379 1551.489723861217 2444.659336671233 53.20071028918028 564.9495042413473 3151.869619525969 602.3358311876655 63.27052606642246 7.029604993760586 1.205407299101353 0.4269226714968681 0.2859338372945786 0.2938606068491936 1.069586783647537 0 0.09146441519260406 0.08631806075572968 0 1.598403826355934 0.3021582365036011 0.8988569378852844 0.4889506101608276 0.2113819494843483 496.9307776018977 7.439299792051315 8.6493059694767 0 0 0.0935446172952652 4.767041146755219 0.240909531712532 0.5549063682556152 0.200454942882061 0 0.2612828314304352 0.09398028999567032 1.305380657315254 0.4586828500032425 0.3624527826905251 517.73042345047 37.13256468623877 2.840902395546436 1.322771444916725 1.863317258656025 0.4253398105502129 0 0.286841906607151 3.079252190887928 16.44033581018448 91.32566694915295 430.3198999017477 6.697216540575027 94.91226471215487 1.018148273229599 0.5909541994333267 0 179.5147337466478 14.5239127650857 39.16379039362073 12.25655468553305 14.69100683927536 2.179302401840687 0.4957646206021309 48.27500352263451 0.3753198683261871 0 276.5121837034822 472.6562959626317 594.865236774087 264.9143941476941 25.04711162298918 0.5886523127555847 9.904407329857349 0.2041464075446129 4.516849726438522 40.91696852445602 1.278785958886147 21.55625574290752 42.614597260952 20.19435300678015 0.647084929049015 3.304834820330143 0 0.2170549258589745 0.500302292406559 0.4892596900463104 0.5034526810050011 2.040010258555412 248.7868886440992 0.5502223968505859 0.2177945524454117 0 147.2901670187712 0.1554334610700607 0.6381663084030151 0.1276901811361313 1.025088489055634 0.8830234706401825 4.26651319116354 8.026884078979492 1.005427464842796 5.060932904481888 22.9349486976862 1.22176431119442 14.97590217739344 25.53720262646675 11.69538898766041 7.775607198476791 0 0.6176751106977463 0 0 0 0 0 0 0 0 0 0 0 0 0 0 0 0.3415209352970123 0 0.9893281385302544 0.8271584510803223 0 0 0 4.550928682088852 0 2.91289795935154 0 0 0 0 0 0 0 0 0 0 0.1188286393880844 0 0 0.09635889530181885 0 0 0.1910425871610641 0 0 0 0 0 0 0 8.325423121452332 0 0 0.1920461803674698 0 0 0 0 0 0.09104979038238525 12.05567906051874 0 0 0 0.3108224868774414 4.562630355358124 0.4227604568004608 0.5132553428411484 0.09363382309675217 0 0.1297061294317245 0 0 0 0 0 0 0.08740279078483582 0 0 0 13.31293116509914 2.530054375529289 1.698366478085518 181.1751562058926 100.8827115446329 919.1058031991124 165.1582539156079 1350.356282509863 163.0047845318913 15.89480260014534 168.2735478505492 6.846408866345882 0.6651179566979408 0.5778952464461327 0.1022883281111717 8.908284112811089 0.2584757506847382 0.08063846826553345 0.878227710723877 2.787526167929173 0
2.816765978932381 17.00149384886026 1533.042424701154 0 54.69565054029226 1.18572735786438 9.36833593994379 0 200.6248418614268 8.97643506526947 1201.556253857911 14.00571213662624 189.2367491647601 465.9524611011147 25.90971510112286 23.77428468316793 15.24172454327345 28.44958088546991 4.237879306077957 42.74652017652988 142.8613500744104 0.4767823666334152 4.605467177927494 1.606572329998016 9.155349880456924 0.8487479090690613 0.4485936909914017 5.104930520057678 1.421725623309612 0 995.5402516052127 966.7588352933526 103.3546689897776 2.470535159111023 7.417923539876938 4.890634119510651 20.72905030846596 8.892019152641296 1.502516031265259 0.1766958087682724 16.89256928861141 10.45083559304476 11.88270926475525 95.41948153823614 4.692609734833241 59.54894114285707 82.86352489888668 2.432128690183163 3.610785879194736 21.35116223245859 0.6481481492519379 2.015011832118034 0 7.933085665106773 0.6794843748211861 1.096277669072151 16.98205115646124 122.7974359542131 0.6156454682350159 6.970676176249981 270.9827276393771 77.94562569260597 3.161912947893143 385.1021037250757 1.038073837757111 2.989718802273273 0.7385846972465515 2.913010142743587 27.37129820138216 37.41493913531303 4.086246326565742 3.604723706841469 0 37.4563128426671 159.6288360506296 73.5024576485157 276.7362324595451 685.2900580912828 1698.592547550797 1927.875007092953 389.60718601197 4575.207989908755 3.979613050818443 0.2564208805561066 1.189554482698441 2.431585140526295 11.25087357312441 0 0.7823296710848808 0.1344432532787323 0.4502404108643532 0.4079185649752617 30.50612320750952 3.160089433193207 12.19133466482162 28.58051167428493 1.086443468928337 0 0 5.776532284915447 0 0 0 0 0.2230032086372375 0.5724432170391083 0 0 0.7528908848762512 0.7298135757446289 1.037570580840111 2.799185931682587 1.983401104807854 1.324255064129829 2.500065460801125 0 1.212274745106697 0 0 0 0 0.1706971079111099 0 0 0.2212338894605637 0.3633772730827332 0 0 0.1341922879219055 0 0.1761180758476257 0.7528988420963287 0.1911737322807312 0 0 0 0 0.3773507550358772 0 3.325671821832657 0.5113151222467422 3.253945454955101 2.069213569164276 1.339370064437389 0 0.5240481942892075 0.364168643951416 0.41053307056427 0.1444147080183029 0.2665458917617798 0 0 0.6491685807704926 0 0 0 0 0.8839233368635178 0 0 0 0 0 0 1.001030780375004 0 1.875214979052544 0 0 0 0 0 0.1298400610685349 0 0 0.4822851046919823 2.827064834535122 0.5828152745962143 0 0 0 0.8617737144231796 0 0.678194560110569 0 0 0 0 0.1582586318254471 0 0 0 0 0.3225735276937485 0 0 0 2.13101352751255 1.401721715927124 2.807884156703949 120.0958392396569 19.37447882443666 214.6152439489961 40.92525900155306 60.04876220971346 16.94753547757864 1.475252985954285 46.68669320642948 1.651003494858742 0 0.1563673317432404 0 2.385911732912064 0 0 0.3381839394569397 1.563357457518578 0.1264299750328064
273.7606637775898 2245.63824762404 515.8286091089249 360.9375286102295 7123.91314458102 43.58564154058695 1551.489723861217 200.6248418614268 0 377.8821942731738 1488.555100008845 472.1620122343302 4227.581191256642 2392.4577402547 44.90405181795359 15.28160721063614 0.5180448964238167 0.5235825777053833 0.08603993058204651 0.2333344146609306 0.5718600675463676 0 0.3297116160392761 0.1056470721960068 0.08500257879495621 0 0 0.3339897617697716 0.1973530650138855 0 582.4540304988623 19.22902262955904 127.0582345128059 0.09065961092710495 0.4347169399261475 0.3953670561313629 26.46114709973335 0 0.9026433229446411 0 0.08032132685184479 0.2735988572239876 0 5.549441315233707 0 0.08186472952365875 200.9753915220499 9.222019106149673 0.676928885281086 0.2374422773718834 0.3616552650928497 0 0.1380736529827118 0 1.70973689109087 4.67082542181015 29.73657497763634 177.512382812798 2.521141670644283 26.29118829220533 0.8314053565263748 4.903957031667233 0.4586874842643738 95.4002382978797 3.460765853524208 12.02925812080503 3.52470613270998 3.566278003156185 0.9552377760410309 0.2143292054533958 28.44058552384377 1.16825607419014 0 94.9527525678277 167.2864795476198 182.3325452208519 145.0364214405417 45.84462400525808 7.383797250688076 133.7565731331706 0.2107291668653488 17.68123283237219 11.25679556280375 0.4269914552569389 4.436667770147324 11.67253308743238 4.642317391932011 0.09242350608110428 1.396465443074703 0 0.09526292979717255 0.08558132499456406 0.5651240348815918 0.1762540116906166 0.2119301706552505 220.8173650801182 8.805367052555084 0 0 60.75553696602583 0.1521947830915451 0.6265773177146912 1.06372058391571 0.3171197026968002 3.926644027233124 11.20733439922333 3.863800719380379 1.325315773487091 6.798440739512444 25.0901935249567 1.50353679060936 19.5220642760396 34.57767992466688 17.61122212558985 8.493832774460316 0 0.5648209601640701 0 0 0 0 0 0 0 0 0 0 0 0 0 0 0 0 0 1.350893810391426 1.06557460129261 0 0.3907094299793243 0 4.113083377480507 0 7.283521518111229 0.2469356656074524 0 0 0 0 0 0 0.1609936654567719 0 0 0.4288920015096664 0 0 0 0.5993692576885223 0 0.09261059761047363 0 0 0 0 0 0 0.6351407170295715 8.059950262308121 0 0 0 0 0 0 0 0 0.162176325917244 18.66382647305727 0.1545355170965195 0 0 0 6.411262258887291 0.1525136977434158 2.163234710693359 0 0 1.211862489581108 0.2283876985311508 0.5103891938924789 0 0.1567463353276253 0 0 0 0 0 0 13.75130419433117 3.689497955143452 4.323485597968102 152.8072072044015 34.08806079626083 433.4889337085187 95.83845499157906 364.1282289400697 73.29395601153374 4.347234688699245 149.0393505841494 4.800846330821514 0 1.186462163925171 0.3509588837623596 17.48768310248852 0.4045015797019005 0.1165203452110291 0.7807138711214066 2.52750151604414 0.4467189908027649
1527.824212916195 728.9000699520111 19.38711792975664 742.4969848096371 240.1266161203384 1017.578379288316 2444.659336671233 8.97643506526947 377.8821942731738 0 94.22990947961807 1265.18758828938 6871.030216485262 315.6956603899598 4.65481586009264 0.161706268787384 0.104673869907856 0 0 0.2240752577781677 0.09886053204536438 0.3914560675621033 0 0 0.09100455045700073 0.1382768899202347 0 0.1043275594711304 0 0 36.35581828653812 0 19.12980358302593 0 0 0 8.854984700679779 0 1.545170813798904 0 0 0 0 0 0 0.09719807654619217 61.3213659003377 4.386537320911884 0.4248549044132233 0.4104141443967819 0 5.433937981724739 3.25633305311203 0.3196397125720978 0.89734897762537 2.413862340152264 56.97002748399973 173.9461207464337 1.342896416783333 9.690785869956017 0.2115937545895576 2.117275901138783 0 6.965117245912552 1.070407278835773 4.84299835562706 1.268693841993809 1.533646702766418 0.2126625031232834 0 271.9106982201338 44.35912778973579 0.2471816390752792 67.22959314286709 59.45769244432449 59.31081024557352 12.53333695977926 1.725387066602707 0.1147447302937508 11.68830949068069 0 0 5.893805749714375 0.2654466181993484 1.697773493826389 7.038709662854671 2.900604248046875 1.351548656821251 0.5930571332573891 0.9910987764596939 0.09875411540269852 0.2531947121024132 0 0.1148080229759216 1.005104765295982 858.2547636479139 14.91095834970474 3.791739374399185 2.857748948037624 601.9765788912773 0.2604883313179016 0 8.641406327486038 4.038631975650787 5.94979365170002 19.08816167712212 29.43785448372364 4.651889279484749 19.84732958674431 81.89702534675598 3.433919057250023 58.29373997449875 95.03791229426861 39.00135162472725 14.83885085582733 0.1277705579996109 0.1329589933156967 0 0 0 0 0 0 0 0 0 0 0 0 0.198307678103447 0 0 0 0 3.080078557133675 0.7689445912837982 0 0 0 5.996519424021244 0 9.14730179309845 0 0 0 0 0.1439840942621231 0 0 0.1516540050506592 0 0.3747103810310364 0.6395887807011604 0 0 0 0 0 0 0 0 0 0 0.6870828866958618 0 0 17.37282085418701 0.208689272403717 0.2126859575510025 0 0 0 0 0 0 0 29.88739719241858 0 0 0 0 6.441971525549889 1.115141868591309 2.386469587683678 0 0.3934840559959412 0.9569305628538132 0.2507890164852142 0.7680367827415466 0.1170926466584206 0.06911860406398773 0 0 0 0 0 0 39.10197125375271 5.097755298018456 4.74639630317688 355.4090035110712 11.87303079664707 125.2577459365129 19.00574893504381 1511.797939322889 24.33184037357569 2.98563951253891 30.94905591756105 6.405466496944427 0.2142961621284485 2.57209137827158 0 49.63206377625465 1.416391298174858 0 1.319789677858353 0.2005905359983444 0
206.7517935633659 848.6073925197124 4618.248895816505 43.57236693799496 927.7624554485083 30.45327784121037 53.20071028918028 1201.556253857911 1488.555100008845 94.22990947961807 0 235.4187642857432 2876.792089357972 2729.977309532464 46.8155370876193 26.13026107847691 2.815985083580017 0.494973286986351 0.1047524511814117 0.2761732861399651 3.330209314823151 0.1079064831137657 0.3292266130447388 0.1571434438228607 1.73950183391571 0.1112754717469215 0.07675252854824066 0.723094068467617 0.2827421650290489 0.2762118130922318 1149.790817335248 187.4174502640963 250.5979844480753 0.2250319123268127 1.579236879944801 0.7094846218824387 63.92205253243446 3.953367993235588 3.971306264400482 0.08846433460712433 0.7697485163807869 0.9140071272850037 0.3473028242588043 11.41504851728678 0.0964328721165657 0.6470853239297867 148.7973143607378 7.756308324635029 1.088034972548485 1.234409302473068 0.653258353471756 0.6101750284433365 1.087984442710876 0.9533640518784523 0.7566438913345337 4.473957501351833 31.50336996465921 247.5715918689966 3.263978891074657 19.46807937324047 2.223088137805462 9.937812186777592 1.689569160342216 120.8136064559221 3.653953351080418 8.377413008362055 4.10678792744875 3.266440786421299 1.850783191621304 1.777022823691368 53.53208674490452 4.65385340154171 0 79.09811744093895 178.215030990541 145.6267724186182 140.124589830637 59.55933095514774 33.9022274389863 366.8640233725309 0.6140398383140564 230.1672606915236 12.03201965987682 0.5603551641106606 6.038705669343472 9.573835469782352 6.311543390154839 0 0.5215464904904366 0.1133515611290932 0 0.09745835512876511 1.766857892274857 0.3256955593824387 0.9507957994937897 265.4678978472948 15.19575971364975 3.178703248500824 2.49168761074543 80.01852434128523 0.1288128644227982 1.676041319966316 1.852756053209305 1.073585510253906 1.06417852640152 0.8561102151870728 1.972516521811485 1.620360136032104 5.161916360259056 10.83151245117188 1.321858540177345 12.05925489217043 22.45099131762981 7.02447147667408 12.69215747714043 0 0.1656526029109955 0 0 0 0 0.1942277550697327 0 0 0 0 0 0 0 0 0 0 0 0 0.4562458544969559 0.5697221606969833 0 0.214596226811409 0 5.654519766569138 0 8.243096590042114 0.7185301333665848 0 0 0.1355158388614655 0 0 0 0.1957220733165741 0 0 0.3844819515943527 0 0 0 0 0 0 0 0 0 0.2443339377641678 0 0.4247012138366699 0 13.58582785725594 0 0 0.08778252452611923 0.1000557467341423 0 0 0 0 0 17.06166958063841 0 0 0 0 3.305684089660645 0.1595450341701508 1.183917388319969 0 0.1864374428987503 0.3524359986186028 0 0.1160700768232346 0.1842671260237694 0 0 0 0 0 0 0 19.93015896528959 8.554895021021366 8.385909646749496 136.5395289212465 34.27820495516062 278.8517693430185 76.40022712945938 219.2055361643434 53.22022527456284 4.195331864058971 95.28118726611137 3.009680353105068 0 0.6666602194309235 0.572263203561306 8.761906817555428 0.2095674425363541 0 0.1668752580881119 4.510104060173035 1.725565657019615
61.92021020501852 132.972657866776 21.80577638745308 847.0527956038713 128.4676707610488 142.0646566897631 564.9495042413473 14.00571213662624 472.1620122343302 1265.18758828938 235.4187642857432 0 3432.01122815907 259.3058843463659 17.99838317930698 12.33035233616829 2.415747106075287 0.1157536581158638 0 0.1222944855690002 0.9155523329973221 0.5954117029905319 0.1295928657054901 0 0.2468205094337463 0.1940984427928925 0.09072818607091904 0.4107611700892448 0 0 17.99835829436779 1.948656886816025 283.1837389916182 0 0.6534163057804108 0 78.83696410059929 12.63271925598383 49.73404563963413 3.82292415201664 0.1549546867609024 0.4889956712722778 0.1394422948360443 9.48841105401516 0 0 53.15242622792721 1.127993866801262 0.8032446503639221 0.1083531901240349 0.3397470414638519 1.961421236395836 24.90118643641472 1.744456261396408 0.2563332915306091 0.3792679309844971 10.11117327213287 8.985062971711159 0 3.474293187260628 1.015852585434914 123.9468816667795 0 8.596903786063194 0.4256493970751762 1.042709276080132 0.4776125997304916 0.5965477600693703 0.8329930901527405 0.2282140702009201 127.0465347915888 78.99204698204994 0.8301149010658264 9.117093451321125 14.09323577582836 26.32418286055326 25.21125662326813 14.93980827182531 1.414991989731789 26.49797369539738 0 17.04801151156425 1.150513030588627 0 0.6035125181078911 1.007923699915409 0.1232433393597603 0 0.4337885230779648 2.315320640802383 0 0 0.7574339061975479 0 0.7509283050894737 2451.928086176515 254.99022115767 7.60434678196907 23.61939743161201 65.62170238792896 0.3793180882930756 3.03787961602211 4.295471489429474 2.019132599234581 7.073938064277172 27.10198497027159 13.21814323961735 6.074941024184227 18.64753541350365 69.7131725102663 6.513924151659012 64.79763519763947 117.8468356877565 55.82649541646242 42.42214701324701 0.4992335140705109 1.298080444335938 0 0.8077597171068192 0 0 0 0 0 0 0 0 0 0 0.1338244676589966 0.6354316473007202 0.1656397134065628 0 0.1662687510251999 2.894533678889275 3.579528018832207 0 0 0 43.0147225856781 2.810769990086555 42.23785280436277 3.345310226082802 1.232300072908401 0 0 0 0.1390399634838104 2.480990700423717 0.2511181235313416 0 0.2439645975828171 2.007311269640923 0 0 0 0.4099320322275162 0 0.1042074784636497 0.1735249757766724 0.08570323139429092 0.1437585800886154 0.1457227468490601 0 1.370982736349106 0.1425933241844177 50.65133634209633 0.585078701376915 0 0.3163497596979141 0.2505984902381897 0 0.2714036703109741 0 0 0 70.30804815143347 2.121368452906609 0 0 0 19.3387648165226 1.78776927292347 8.259107187390327 0.2030317187309265 1.80499441921711 0.8826415315270424 0.5216925367712975 0.4775793701410294 0 0 0 0 0 0.1038725301623344 0 0 68.02077952027321 28.85205954313278 26.23992854356766 228.9243351146579 5.278623409569263 143.0130947604775 38.22504905611277 316.2896951436996 23.12296792119741 1.501751117408276 113.0395758748055 15.02957112342119 0.3515663295984268 7.106546759605408 1.144651263952255 42.45760041475296 1.544229209423065 0 3.320622161030769 1.912288568913937 0.1610513925552368
213.0126499682665 1098.153907328844 354.2537612393498 1341.463570214808 3221.221662178636 228.1441831067204 3151.869619525969 189.2367491647601 4227.581191256642 6871.030216485262 2876.792089357972 3432.01122815907 0 1950.734842330217 131.2526328936219 83.84056472033262 6.538898400962353 1.34995324909687 0.1200347989797592 0.6590877175331116 4.492086701095104 0.7391990572214127 0.781855508685112 0 1.303003564476967 0.768128976225853 0.157703623175621 0.2246626913547516 0.6884341686964035 0 309.3667725473642 30.63184763491154 590.7603646069765 0 0.8518989682197571 0.3421411365270615 129.3518879786134 23.89427886158228 40.39324757456779 5.319215595722198 0.9750969856977463 0.2387144342064857 0.4216577261686325 28.58086530119181 0.0840560644865036 0.3359159827232361 348.5343370065093 8.601575277745724 0.6441364288330078 0.8819923251867294 0.4741495251655579 2.008211500942707 2.551821708679199 0.9999922215938568 1.236059226095676 5.653375774621964 34.53647011518478 123.6052167117596 6.102315306663513 29.607660330832 0.8617431819438934 150.1214437410235 2.108775570988655 129.9718292355537 3.293638177216053 12.01945611089468 3.809959828853607 4.266747444868088 2.832162670791149 1.587679617106915 232.4497565552592 88.94243907928467 0.7170000225305557 100.1154894605279 174.0220157802105 247.245805837214 280.2159619927406 177.0981224179268 4.834828227758408 102.6077303811908 0.943231612443924 62.49284040182829 9.741529643535614 0.462892085313797 5.00986073166132 14.86895737797022 6.549761578440666 0 2.969572424888611 0.2759392559528351 0.1184676960110664 0.7268968746066093 3.710814140737057 0.410896047949791 2.007318712770939 4789.746756203473 163.5485509335995 5.877419918775558 17.9580919444561 113.8500294089317 1.949716180562973 2.748761937022209 10.14282156527042 5.957408629357815 17.51187281310558 84.54233630001545 31.68642906844616 21.20934031903744 54.3895957171917 175.7564923390746 14.23046897351742 179.7892940193415 313.7250019982457 116.5730660110712 127.7774889692664 3.245834641158581 5.532176844775677 0 2.136085107922554 0 0 0 0 0 0 0 0 0.353579044342041 0 0 0 0.8696741163730621 0 0 13.52962615340948 6.859015300869942 0 0.692140981554985 0.7178130149841309 77.39919661730528 1.609751135110855 82.25812736898661 7.054835915565491 0.9047535806894302 0 0.161827877163887 0 0.9666364341974258 6.354586966335773 0.7828082144260406 0 0.9688552543520927 4.669785961508751 0 0 0 0.3953101634979248 0 0 0.4688937366008759 0.4637500643730164 0.3758977651596069 1.147256731987 0 3.402565397322178 0.2101119160652161 138.5211693793535 1.662954896688461 0.4810223430395126 0.5799671486020088 0.08350425958633423 0.08788010478019714 0 0 0 0 213.0171075314283 2.208564415574074 0 0.1310143917798996 0.1717259734869003 58.99410319328308 4.938022330403328 15.97064586728811 0.3483628332614899 2.98292101919651 2.943579748272896 3.269581697881222 2.731815472245216 0.09711430966854095 0.1684256345033646 0 0 0.0933588370680809 0.1973089426755905 0 0.1906697899103165 196.4379727095366 82.38674905151129 65.36335224658251 640.4781457856297 75.73698619753122 801.8484228625894 212.1625490412116 989.0715042352676 147.5769594758749 10.74238327890635 417.0941151604056 31.94061057269573 1.796260394155979 11.63822758197784 2.477277956902981 83.45063241571188 0.8036408275365829 0.2731129825115204 5.482628457248211 9.184421695768833 2.052220910787582
145.083405084908 827.526423163712 879.9205798283219 21.91179129481316 2501.661917336285 53.19785870611668 602.3358311876655 465.9524611011147 2392.4577402547 315.6956603899598 2729.977309532464 259.3058843463659 1950.734842330217 0 83.24142959713936 48.18890573829412 4.583656974136829 0.9406171068549156 0.174256332218647 1.532308742403984 5.886233389377594 0.1461841911077499 0.2920132577419281 0.2976810932159424 1.854331567883492 0.104553148150444 0 0.3378568142652512 0.2552297115325928 0.07755353301763535 565.3165770992637 44.30795332789421 1589.983728505671 0 3.038805976510048 2.694308027625084 753.6211264804006 41.66017350554466 61.83723968267441 1.090859651565552 0.7894625812768936 0.6025064066052437 0.5439497232437134 22.09079971164465 0 0 255.8079359009862 8.324111148715019 0.6723762080073357 2.040434449911118 0.4490833804011345 0.3086716532707214 2.922988787293434 1.042994096875191 1.388041526079178 5.442684181034565 29.43114235252142 164.5218562707305 3.962251797318459 24.63459461927414 1.179543070495129 170.1124880686402 2.201318204402924 122.4607563763857 3.414160944521427 10.26247715577483 2.929575726389885 4.251556314527988 1.765296943485737 1.86161395162344 357.9730430841446 31.6653905287385 0 84.31938593089581 188.1230102702975 198.2041472867131 221.4588331654668 121.2518555298448 17.03884685784578 111.8130214139819 1.332453325390816 180.6571982651949 8.531553387641907 0.1418216899037361 5.546536728739738 10.59968446195126 6.118131250143051 0.08332976698875427 1.622371315956116 0.2208746746182442 0.2840078249573708 0.616272434592247 3.533462956547737 0.7074595019221306 0.7808173969388008 998.01540864259 91.49282136559486 1.991833567619324 24.73061093688011 61.91711246222258 0.7624969333410263 1.350364878773689 4.285120606422424 2.052170753479004 3.884587094187737 19.30940827727318 10.91135166585445 3.499474495649338 15.47904158383608 45.85633810609579 7.188639253377914 54.37298709154129 99.13956768810749 31.36470661312342 41.6566854044795 0.9127551317214966 0.6262480020523071 0 0.7264211177825928 0 0 0 0 1.119052648544312 0 0.424578070640564 0 0 0 0 0 0 0 0 4.834200710058212 1.62823261320591 0 0 0 25.35374186187983 0.9237835109233856 25.66423705220222 1.128128163516521 1.118125766515732 0 0 0 0 2.063480153679848 0.5294447392225266 0 0.1840142756700516 3.01397268474102 0 0 0 0.2829499542713165 0 0.1380366235971451 0 0 0 0.3093431740999222 0 2.811850935220718 0.537109375 43.22501399368048 0.3334324806928635 0.263879731297493 0.09589645266532898 0.09779968857765198 0 0.1189156919717789 0 0 0 63.92531251907349 2.22344121336937 0 0 0 18.07946549355984 2.455656699836254 4.838202476501465 0.4677842706441879 0.2645099014043808 1.731082916259766 1.34162649512291 0.9680639803409576 0.09338783472776413 0.2545034885406494 0 0 0.1218695566058159 0 0 0 65.28621672838926 24.71279750019312 21.87163043767214 413.7496101483703 50.68508247286081 566.7055911645293 156.1068537533283 491.9057385921478 87.66519067436457 7.490692920982838 289.5045347809792 11.45926993340254 0.09397262334823608 2.781078852713108 1.043562993407249 24.63528238981962 1.63867175579071 0 1.932810552418232 8.251641102135181 1.334376096725464
2.848635084927082 19.12697666138411 16.16752870380878 1.188491404056549 26.25412931293249 0.1614679545164108 63.27052606642246 25.90971510112286 44.90405181795359 4.65481586009264 46.8155370876193 17.99838317930698 131.2526328936219 83.24142959713936 0 982.984629817307 130.2098227366805 37.6322565600276 3.558568246662617 12.50313564389944 24.62286364287138 0.3174487501382828 0.4503829181194305 0.1669687479734421 0.5953715294599533 0.3497268930077553 0.4888537377119064 1.495252653956413 0.3932152688503265 0 24.9457755163312 8.363323912024498 88.90989724546671 0.9666616171598434 0.4754705056548119 0.5571297407150269 67.80580170452595 15.32778481394053 7.56435389071703 6.59244741499424 4.122981444001198 4.447840191423893 9.975601002573967 899.1076130345464 18.2883687466383 49.24877377599478 368.447431743145 3.522668659687042 9.363304316997528 52.64869754761457 0.5808706358075142 1.074548035860062 0 5.1601203083992 0.2434388250112534 0.182757243514061 3.53971903026104 4.846361234784126 12.22221413254738 133.9954175055027 38.72891665995121 58.78582639992237 0.5466339215636253 32.42623559385538 0.1948729380965233 2.566220320761204 0.8374724984169006 2.47268284112215 24.9086522385478 10.25099064409733 13.97141712903976 0.289490133523941 0.1640602499246597 516.0394289642572 24.40268608927727 712.2415062859654 545.0305269286036 1166.610766477883 35.97392930090427 105.9418517425656 113.9614500999451 266.225398696959 1.527888171374798 0.1174249351024628 0.1017261296510696 0.6316314861178398 14.68579056859016 0 0.7792184352874756 0 0.2042219191789627 0.4293844774365425 6.955391265451908 0.7867795154452324 7.448097802698612 5.31576918810606 1.189100906252861 0 1.386154934763908 1.037782572209835 0 0 0 0 0 0.1944202482700348 0 0 0.09891361743211746 0 0 0 0.1156713739037514 0 0 0 0 0 0 0 0 0 0 0 0 0.1176018789410591 0 0 0 0 0.1937404870986938 0 0 0 0 0 0 0.2764516174793243 0.1371673047542572 1.197427645325661 0.1088841184973717 0.8708443567156792 0.5147679671645164 0 0.1796910017728806 0 0 0 0.1415661126375198 0 0 0 0 0 0 0 0.1879013478755951 0 0 0 0 0 0 0 0.1355946362018585 0 0.2409047111868858 0 0 0 0 0 0.1226259097456932 0 0 0 0.6202043369412422 0.2867787331342697 0 0 0 0 0 0.1221526339650154 0 0 0 0 0 0 0 0 0 0.1518474370241165 0 0 0 0.3694713488221169 0.8970426619052887 0.5827184915542603 28.83675131946802 11.52049326896667 113.9804676100612 25.20339252799749 15.58539934456348 5.800678409636021 0.7813018336892128 5.85864245891571 1.418943732976913 0 0 0 1.028529018163681 0 0 0 0 0
