0 4061.066041052341 1852.005430117249 1031.342049524188 554.2544622421265 453.1422608494759 1748.915356934071 419.8046859130263 162.6355722397566 2616.347224205732 975.5598432272673 30.02187046408653 239.9311685562134 156.1293685212731 0.6763873845338821 6.24787699431181 0.3200477957725525 0 0 0 0.4137384444475174 0 0 0 0.3211472630500793 0 0 0.3962237238883972 0 0 474.9323172569275 0.8994417637586594 10.20682802796364 0.1752479076385498 0.1450276076793671 0.6885780543088913 1.510831356048584 1.03106564283371 1.279597163200378 0.8594357222318649 0.4642969369888306 0.348165899515152 0.7148773819208145 0.1894308030605316 0 0 10.67979349195957 3.656299568712711 0 0 0.1029253900051117 0.1204239279031754 0 0 5.377386994659901 22.20258536934853 145.3703432157636 925.7232058420777 51.59317017346621 10.70633818954229 0 0 0 6.096410430967808 2.94347532838583 3.365045323967934 0.854338213801384 2.29313650727272 0 0.3243783116340637 10.71669659018517 1.394378587603569 0 126.1893934383988 76.52215281873941 15.13885689526796 13.43615467846394 2.348162449896336 0.5350882485508919 73.1295512393117 0.1369578838348389 1.232172101736069 10.82661935687065 3.864848777651787 2.291863851249218 4.738613396883011 1.576409868896008 0 0.8340409025549889 0.8613247871398926 0 0 1.157579407095909 0 0.2100539207458496 161.5543941855431 20.39787694811821 0 0.8692103028297424 1201.75524404645 0 1.231107205152512 1.051101937890053 3.46554309129715 0.6880654692649841 7.261668190360069 7.467112690210342 11.81353195011616 11.32081773877144 12.68405590951443 0.4081293940544128 6.263234972953796 7.537818565964699 6.20071192085743 0.9432622045278549 0 0.1540168523788452 0 0 0 0 0 0 0 0.1340064108371735 0 0 0 0 0 0 0 0 0 1.076397597789764 0 0 0 0 2.579797297716141 0 0.1347505450248718 0 0 0 0 0 0 0 0 0 0.3028012216091156 0.2363916486501694 0 0 0 0.4120475351810455 0 0 0 0 0 0 0.4363733977079391 0 0 1.160346478223801 0 0 0.1551548987627029 0 0 0 0 0 0 3.877993553876877 0.1852876096963882 0 0 0 0 0 0 0 0.4048932790756226 0 0 0 0 0 0 0 0 0 0 0 3.951926693320274 0.8278002589941025 0.769747793674469 62.8253685310483 10.30650297552347 70.74357134848833 28.55282306671143 729.7303301692009 52.25104336440563 5.40013138204813 9.270117454230785 1.576046526432037 0.332384467124939 2.625483602285385 0.4659718722105026 15.39157119393349 0 0 1.291619777679443 1.059491962194443 0
4061.066041052341 0 2780.626333504915 568.5498611629009 3238.321058981121 326.0206394046545 3654.526391886175 571.4879443943501 2067.834557183087 1194.624739721417 2229.922616094351 39.05344240367413 531.5412062555552 893.4754774346948 8.434224471449852 13.84815318137407 0.4171729385852814 0.2670787647366524 0 0.8493954688310623 0.9787583202123642 0.1363846957683563 0 0.2114587873220444 1.15425369143486 0.7239189594984055 0 0.7361697405576706 0.2479308843612671 0.4394757300615311 569.7439137548208 10.12336025387049 28.11440563201904 0 0.1143609061837196 0.1938921064138412 8.659234419465065 1.083888247609138 0.6748112589120865 1.12859146296978 1.809558942914009 0.1698790192604065 0.1214770600199699 1.200034663081169 0 0 95.73646906018257 29.43483567982912 0.814868226647377 0.5103208422660828 1.996013857424259 0 0 0.3358493000268936 25.3399109095335 133.3606965094805 105.9661746248603 1040.478259332478 98.66442743688822 64.86105760186911 0.2575283050537109 0.4255629479885101 0.1245850771665573 95.07798571884632 28.38165750354528 26.0959664657712 6.43781079351902 21.57295072078705 0.4005071893334389 1.590467311441898 35.42031455039978 3.683253720402718 0.3650656491518021 396.6907663866878 239.2989902123809 90.62112873792648 112.1775920912623 11.06305015087128 2.595437534153461 99.78569493442774 0.9463740885257721 6.906295828521252 59.18983069062233 14.65980771183968 11.60703846812248 37.31503408402205 10.54353109002113 1.343996785581112 3.727938391268253 0.4200822710990906 0.7673924341797829 0.3239825516939163 0.7877529636025429 0.2841149270534515 1.413246013224125 71.14231877028942 0.8403086066246033 0 1.087367460131645 1520.193039909005 1.082978412508965 4.597718447446823 7.608873963356018 14.82166601717472 6.348156288266182 46.16990896314383 23.60116320848465 68.56271062791348 16.5048113912344 66.86169172823429 10.92411835491657 62.79767768085003 49.13744442164898 55.01511803269386 6.949415057897568 0.3306392207741737 1.634401172399521 0 0.1248558983206749 0 0 0 0 0 0 0 0 0 0 0 0 0 0 0 4.738355062901974 1.077976211905479 0 0 0 14.68411089479923 0 8.011368051171303 1.382284298539162 0.9768805503845215 0 0 0 0 0.5982722640037537 0.460264652967453 0 1.133005023002625 3.749852299690247 0 0 0 0 0 0.759017288684845 0 0.1840856820344925 2.431787371635437 0.6509820073843002 0 0 0.320466160774231 9.71789026260376 2.060697451233864 0.6576168239116669 1.15983958542347 0.2826070040464401 0.2348003014922142 0 0 0 0.1219945698976517 33.49131035804749 1.191372230648994 0 0 0.123823381960392 3.888687193393707 0 5.721546843647957 4.169579938054085 2.352702870965004 2.32247468829155 0.867095023393631 2.330853998661041 0.5791551470756531 0 0 0 1.070530645549297 0 0 0 25.13928703963757 5.076505973935127 3.6838209182024 206.6953590884805 34.54525954276323 603.6696783751249 197.4954640865326 1481.775100775063 203.6892935857177 39.57094371318817 67.62777388095856 10.05639463663101 1.59129336476326 19.4027601853013 3.017027005553246 45.05630717426538 2.507790684700012 0.7241973876953125 3.582858085632324 8.81343175470829 0
1852.005430117249 2780.626333504915 0 39.47449363768101 462.5633504316211 338.1025911420584 55.80236906558275 3200.620968453586 325.9005682468414 12.54840686917305 3179.387829504907 6.465169876813889 163.780597537756 320.3645590245724 7.989446394145489 19.73700228333473 12.00140848010778 8.414457634091377 0.7385157942771912 55.51787477731705 51.63862273097038 0 6.073090001940727 2.48104652762413 4.734888628125191 1.244683802127838 1.964892193675041 1.145117908716202 0 0.106553889811039 4915.651949681342 366.5302679091692 20.37813679128885 6.366563558578491 9.43622761964798 5.542317904531956 4.057866901159286 1.172354966402054 4.040864199399948 2.094995439052582 5.887965261936188 20.12523500621319 18.49529029428959 6.324838861823082 3.43669855594635 2.680729895830154 74.57192850112915 22.78129026293755 3.846730306744576 26.76268717646599 5.190549671649933 0.3402016460895538 0 4.394405648112297 14.59482438117266 75.76762027293444 62.73537115752697 1907.541432574391 57.92820336669683 50.84481222182512 8.85051017999649 2.470253482460976 4.65870164334774 662.3372035324574 19.49276968091726 15.60635732114315 4.175485171377659 16.91552542895079 63.09976686537266 32.03114941716194 17.63835242390633 3.70929978787899 0.2286049574613571 334.5502538755536 237.9454462826252 105.7683136612177 151.4023104310036 13.23088476061821 159.3549706563354 1019.906248830259 250.9463413581252 377.0140444412827 34.27443237602711 10.41588205844164 7.75807711482048 23.03378410637379 26.88284522294998 0.8033408597111702 2.838562957942486 0.3458082377910614 0.7028054893016815 0 20.18887772411108 2.639610216021538 4.54367433488369 20.17173039913177 1.16458934545517 0.2828179895877838 1.087977528572083 1356.071878828108 0.3552035391330719 0 0.6295283138751984 0.9588783979415894 0.3947816044092178 1.989396594464779 1.8618253916502 10.28331264853477 1.273365348577499 5.318776786327362 1.615465402603149 9.258198142051697 6.685229614377022 7.628385528922081 1.422010540962219 0.1912375539541245 0.4760333001613617 0 0 0 0 0 0 0 0 0.2660748139023781 0 0 0 0.1610610038042068 0 0 0.4108193889260292 0 0.1540680527687073 0.3627152740955353 0.3117363154888153 0 0 2.512525454163551 0 1.455142751336098 0.3990351483225822 0.1419623345136642 0.2869998514652252 0.9499709159135818 0.1418014615774155 0 0.4384633898735046 0.2871243059635162 0 0 1.401583224534988 0 0 0 0 0.5783929452300072 0 0 0 0 0.1532597094774246 0 0 0 1.117379918694496 0 0 0.2117097675800323 0.2301271110773087 0.2635482475161552 0 0 0 0.300756111741066 3.821011699736118 0 0.3432127982378006 0 0.1306826770305634 1.411751985549927 0.451726108789444 0 0 0.1902788281440735 0 0 0.6770066022872925 0 0 0.1343785226345062 0 0.4956857785582542 0.1575362235307693 0 0 4.488201424479485 0.6810877472162247 1.871793136000633 102.1471488177776 24.14140272140503 325.9862289428711 95.07918468862772 344.8510105088353 97.29994011670351 20.63458561897278 32.91711988300085 3.153371244668961 0.2794392704963684 5.907673671841621 0.7209095731377602 2.991143137216568 0.6076987385749817 0.2344189435243607 0.5527210012078285 2.821387819945812 1.121818482875824
1031.342049524188 568.5498611629009 39.47449363768101 0 215.0132682174444 544.6779067367315 1783.588592246175 0.4235290884971619 124.369040325284 3660.478834301233 14.99006572365761 66.96240164339542 430.1263004541397 8.385828718543053 0.1779772490262985 0.5688976496458054 0 0 0 0 0 0 0 0 0 0.1622675210237503 0.2011924386024475 0.3447908014059067 0 0 2.638715505599976 0 0 0 0 0 0 0 0 0 0.2449900507926941 0 0 0 0 0 0.7030515074729919 0.6445727646350861 0 0 0.118627518415451 0 0 0 0.1878965795040131 2.254138521850109 10.81295366585255 21.24721947312355 1.947980582714081 2.093247607350349 0.2352397739887238 0 0 0.1484191119670868 0.3877994045615196 0.218041330575943 0.1141457781195641 0.4486862421035767 0 0 0.3396853804588318 0 0 6.765934973955154 3.474596694111824 1.405637457966805 0.7671662867069244 0.1397557407617569 0 0.4366369023919106 0 0 0.1543079167604446 0.4257298484444618 0 0 0.2926354631781578 0 0.3867775350809097 0 0 0.2123463451862335 0 0 0 43.01831546425819 0 0.1178187727928162 0 215.8226524442434 0.3494653701782227 2.20678448677063 1.493042930960655 3.553832516074181 0.9019251614809036 11.65010564029217 6.735706716775894 17.01657382398844 17.42239752411842 16.19409485161304 1.167350590229034 14.46885146200657 10.55887193977833 14.41781467944384 1.259706303477287 0 0 0 0 0 0 0 0 0 0 0 0 0 0 0 0 0 0 0 0.7507600784301758 0 0 0 0 2.127204060554504 0 0.7835775166749954 0.2504854798316956 0 0 0 0 0 0 0 0 0.1337900906801224 0.258238822221756 0 0 0 0 0 0 0 0 0 0.1374527662992477 0.2705593109130859 0 0 0.2905766069889069 0.3400368094444275 0 0 0 0 0 0 0 0 2.325494110584259 0 0 0 0 0 0 0 0.1579947471618652 0.1931808441877365 0.2550898492336273 0.6327313780784607 0 0 0 0 0 0 0 0 0 7.88183818757534 1.316433489322662 0 33.76052631437778 2.219229444861412 7.842893093824387 2.964881129562855 239.5004417598248 4.886963874101639 0.9028505086898804 0.3110317438840866 1.912547364830971 0.2505967691540718 0.963611513376236 0.4177423864603043 13.38355289399624 0.1406592577695847 0 1.366202369332314 2.716814875602722 0
554.2544622421265 3238.321058981121 462.5633504316211 215.0132682174444 0 48.83241179585457 3261.988011300564 287.4267256706953 6010.543476015329 406.9651978164911 1448.055953964591 130.2360010892153 1006.236783906817 1086.813805244863 13.3827111646533 22.53023542463779 0.3243320360779762 0 0.1462623327970505 0.161860316991806 1.169849663972855 0 0.314223974943161 0 0.8075128942728043 0.1901210099458694 0.2932631969451904 0.1908491253852844 0 0 158.7188146263361 16.57830591499805 30.95131361484528 0 0 0.6737443655729294 13.57576629519463 0.6850912570953369 4.248121604323387 0.9111522063612938 0.2616907432675362 0.6541453450918198 0.2415392845869064 1.056793823838234 0.1457445919513702 0.684463158249855 125.2452516108751 18.45704602450132 0.584343820810318 0.133344978094101 0.4665317460894585 0.3729534968733788 0 0.1305396854877472 13.19282648712397 73.97856210172176 11.52044405788183 177.9092684015632 28.74375008046627 44.46715799719095 0.09612619876861572 0.9729688763618469 1.066919088363647 87.51995848119259 19.03724581003189 20.16495578736067 4.617466367781162 14.10097499191761 1.211715526878834 0.4803982973098755 93.28181353211403 2.330118611454964 0.1209222972393036 133.8017530962825 87.13034741580486 79.04481779038906 133.4605586156249 14.28389301151037 0.5730977728962898 54.76328828185797 0.626876100897789 3.693483240902424 37.53030984848738 10.5402978733182 10.42357185482979 20.79406537115574 7.125914864242077 0.2289756461977959 3.535223200917244 0.5418439209461212 0.7654205560684204 0 0.1374078392982483 0.4714097827672958 0.9886411875486374 194.4549185782671 2.322781026363373 0.3243975043296814 1.771827012300491 65.29456640779972 2.981714308261871 5.489528641104698 21.86849512159824 32.7430232167244 23.58272062242031 152.0465050637722 41.59600201249123 266.4194992482662 43.62003327906132 140.4477752149105 29.96127915382385 223.4285954535007 153.2543681412935 212.157935783267 30.69542092084885 0.9593002647161484 3.404374197125435 0 1.150033563375473 0 0 0 0 0 0 0 0 0.4385498464107513 0 0 0 0 0 0 16.61084175109863 7.089341700077057 0 0 0 46.9747813642025 2.283210098743439 24.32256700098515 4.293375238776207 0 0 0 0 0 0 0.7710231244564056 0 3.883580058813095 15.3484749943018 0.5012824684381485 0 0.228832334280014 0 0 3.414387255907059 1.513773411512375 0.441233791410923 2.372876524925232 2.800160467624664 0.3754869699478149 0 0.1106204986572266 20.9169317483902 4.54073004424572 2.097765326499939 6.165050439536572 0.1700740605592728 0.4156220778822899 0 0 0 0 128.00066447258 3.354800134897232 0 0 0 5.024100676178932 1.664309710264206 6.93336309492588 6.877956673502922 6.975215874612331 10.12293957173824 2.155067384243011 5.664173118770123 1.177056327462196 0.2373870760202408 0 0 0.6205123141407967 0 0 0 137.4057151973248 14.25004501640797 11.41124664247036 298.9774037152529 29.46338176727295 708.7730491831899 255.9685810133815 280.1937297284603 151.9191022962332 29.47860092669725 150.9336044564843 25.85067428648472 2.574088364839554 49.67808254063129 6.427817858755589 57.97318664193153 8.507567703723907 1.080450095236301 7.467855170369148 5.042892932891846 1.926424950361252
453.1422608494759 326.0206394046545 338.1025911420584 544.6779067367315 48.83241179585457 0 615.3980110436678 28.56628493219614 46.12772892415524 1989.512665987015 19.41916379332542 90.48098796606064 144.8043371289968 14.95862290263176 0 0.1302228271961212 0 0 0 0.1746558547019958 1.652957037091255 1.693181112408638 0 0 0.538390725851059 0.4483446925878525 0.2993310987949371 0.2838541567325592 0.6413983702659607 0 36.24095205962658 0 3.371864050626755 0 0 0.1499486416578293 4.754234194755554 0.2095111459493637 1.872911810874939 0.2329013645648956 0 0.5078749656677246 0 0 0.1720927655696869 0 0.2694124802947044 1.284926787018776 0 0 0 12.94361793994904 5.346733331680298 0.2146231979131699 0.4035835862159729 5.442401446402073 132.1614250838757 156.1436492949724 14.27824303507805 1.701915353536606 0.3037674725055695 1.4166100025177 0 0.1437433958053589 1.406260713934898 0.331538587808609 0.1924907043576241 0.6003498509526253 0 0 27.30805300176144 113.2637394219637 0.693833589553833 28.01103933155537 19.16430559754372 1.410334527492523 0.6004737019538879 0 0.3831974565982819 12.81024962663651 0 1.099700510501862 2.706303253769875 1.587024450302124 0.5217792615294456 0.8799175843596458 0.7421152144670486 1.306865066289902 0.2436312884092331 10.31818380951881 0.4128563106060028 1.437472611665726 0 0.8513190597295761 3.725916936993599 379.4136529415846 416.7211535573006 6.118361234664917 0.8247013688087463 727.903433278203 0 0.4195454865694046 1.720199048519135 3.269212454557419 1.180073380470276 2.764289170503616 4.443158566951752 4.893505096435547 9.506899759173393 11.06861260533333 0.6288728415966034 4.396440222859383 0.7049796283245087 2.965887099504471 0.4930121302604675 0 0.3290576934814453 0 0 0 0 0 0 0 0 0 0 0.3529963493347168 0 0.2204646915197372 0 0.1661224365234375 1.332731544971466 0 0 0 0 0 0.2337217032909393 1.438213229179382 0.5809873938560486 0.7524304986000061 2.91844317317009 0.1613455265760422 0 0 0 0 0 0.5819562077522278 0 0 0 0 0 0 1.575674623250961 0.5469833612442017 0 0 0 0 0 0.4195497334003448 0 0 0 0.3420485258102417 0 0.1275879144668579 0 0 0 0.3341158777475357 0 0 1.021349936723709 4.227307856082916 0 0 0 0 0 0.2282911539077759 0 1.505484849214554 0.3086545765399933 0 0 0 0 0 0 0 0 0 0 1.006875902414322 0.3034765124320984 3.464894026517868 64.85752335190773 11.07235857844353 25.12025420367718 10.07770158350468 643.7048261612654 16.05645070970058 2.221436902880669 13.15584729611874 0.176208883523941 0 2.089868858456612 0 5.850176721811295 0 0 0 0.9967725723981857 0
1748.915356934071 3654.526391886175 55.80236906558275 1783.588592246175 3261.988011300564 615.3980110436678 0 4.891428910195827 1507.214777469635 2533.665826350451 59.46513057500124 261.5558090806007 4873.515811316669 436.9158942401409 12.60857121646404 21.3784074485302 0.952530711889267 0.5987080857157707 0 0.740489237010479 1.946636505424976 0 0.2132506668567657 0.1170399263501167 0.2397371754050255 1.368806831538677 0.2580274343490601 2.218603849411011 1.128104224801064 0 111.0379064306617 12.88639787584543 8.422675251960754 0 0.3714814484119415 0.1706228256225586 10.59445232152939 0.141609326004982 5.424819752573967 0.1764232814311981 0.7276305556297302 1.670818634331226 0.1484091728925705 0.3505664616823196 0.2553166672587395 0 127.5487060174346 34.65027592331171 1.030099928379059 0.09977733343839645 1.540779173374176 0 0 0.4338314980268478 22.02663350105286 145.8105645850301 46.4036740064621 408.7517871782184 65.37731128931046 63.89232829213142 0.5857600420713425 2.942767053842545 0 89.07357954233885 34.92269042879343 29.59944069385529 7.680958606302738 28.66405646502972 1.779990471899509 1.037298977375031 63.28840918838978 3.303415521979332 0.0987963005900383 308.3905416727066 184.7071089297533 114.5566016659141 128.6587430983782 13.89328525215387 0.952596940100193 14.37814170867205 1.213124252855778 2.082117505371571 57.16037026047707 18.00237010419369 12.42494606226683 44.44760120660067 14.37446885555983 0.7444794476032257 5.683799751102924 0.9382479339838028 0.4032181203365326 0.5498795360326767 0.701491191983223 0.4515587836503983 3.082421839237213 493.4843957275152 1.38661240041256 0 3.523137181997299 414.1455038189888 5.246072486042976 10.07920726388693 41.99341598898172 46.24452226608992 33.96750548481941 221.7509798333049 85.42727080732584 345.9304040148854 83.60975743830204 268.7939513623714 38.50616210699081 330.7932740524411 220.8788386136293 304.4026372879744 33.93439465761185 2.046739414334297 1.052987650036812 0 0.1382655054330826 0 0 0 0 0 0 0 0 0 0 0 0 0.7413728982210159 0.2148987352848053 0 16.85688723623753 4.958735436201096 0 1.147687613964081 0.2886300981044769 48.54414907842875 1.35642221570015 23.17820459604263 3.6867296397686 1.793766275048256 0 0 0 1.1259805560112 0.2027817964553833 0.510701060295105 0 6.549791008234024 20.25911884754896 0.4990828782320023 0 0.1641021817922592 0 0.2262134701013565 3.797796353697777 2.230397641658783 0.9963732585310936 1.093339718878269 4.560034856200218 0.9862978160381317 0 1.17594513297081 24.87431529164314 6.150392480194569 2.57709313929081 4.943223789334297 0.3978569582104683 0.7790551483631134 0 0.116361953318119 0 0 142.9523831009865 2.592793181538582 0 0.2314032018184662 0 6.270160622894764 2.225316017866135 7.831452444195747 7.714430198073387 6.684758402407169 13.28933713585138 6.769263543188572 12.46247717738152 0.8979734554886818 0.2456186711788177 0 0 0.2893743515014648 0.1056690216064453 0 0 206.3447488844395 22.63314175605774 14.46509064733982 383.1006814390421 58.73067438602448 857.1956566721201 332.3169345185161 1321.98195168376 254.2986194938421 42.33603126555681 136.1879881247878 40.22695395350456 2.69528004527092 63.8499149531126 8.135791182518005 113.1001484766603 12.6782558709383 2.376833081245422 7.269088819622993 3.798107951879501 1.833809703588486
419.8046859130263 571.4879443943501 3200.620968453586 0.4235290884971619 287.4267256706953 28.56628493219614 4.891428910195827 0 92.30311779677868 2.971734918653965 2262.376968480647 0.9418222606182098 66.21950924396515 187.5973328202963 28.51216369122267 71.47687941044569 6.530919335782528 11.7458229586482 1.066593140363693 89.05173747986555 95.34829826653004 0.1945862174034119 8.275378063321114 5.038989767432213 4.997200831770897 2.050306349992752 4.451495319604874 0.9156400859355927 0 0 984.7562652155757 1311.365214772522 14.72372699528933 13.92970655858517 15.41357320547104 8.099638387560844 1.614331975579262 4.669507279992104 2.802280485630035 5.688296146690845 7.607113569974899 20.24102549999952 22.70661707222462 10.03471779823303 3.606595426797867 3.246839046478271 233.1641374826431 25.2934288084507 3.843630217015743 26.41048382222652 13.70537404716015 1.26867738366127 0.1846100986003876 4.510426968336105 13.48317260295153 84.21230221539736 21.11506000906229 459.9102109223604 37.10178906470537 56.47814287245274 33.20280992984772 4.4660250172019 5.224358528852463 255.5507767274976 21.4095626026392 20.07724667340517 7.141880124807358 25.43154939264059 78.26640924811363 47.25652608275414 11.08718630671501 2.448493480682373 0.1537296175956726 230.6190722733736 131.6373347193003 115.6933639422059 334.943736448884 153.2167158648372 1062.75401686132 1401.272266052663 455.9782095998526 1781.036661073565 33.46153762936592 11.3207174539566 11.55361530929804 27.69437267631292 21.83137228339911 0.7927074655890465 2.723794534802437 0.5151132121682167 1.311498656868935 0.2537238597869873 30.20152320712805 2.236906483769417 9.910693295300007 7.404432818293571 1.15239542722702 0 0.2450457811355591 177.3430561497808 0 0 0.3300693184137344 0.2334035336971283 0 2.345907062292099 0 1.920049786567688 0.1623445302248001 0.5971439778804779 0.3593882024288177 1.764945387840271 1.250423476099968 2.825693175196648 0.5046507567167282 0 0.135873094201088 0 0.1136132776737213 0 0 0 0 0.1289854496717453 0 0.2705628126859665 0 0 0.1687444895505905 0.3392574116587639 0 0 0 0 0 0 0.1489133387804031 0.1497674137353897 0 3.919448807835579 0.1553495973348618 1.088954247534275 0.9158275872468948 0.8044771552085876 0.8834151327610016 0.5555805861949921 0.3713658154010773 0 0.5696992874145508 0.5183885097503662 0 0 0.4801057130098343 0 0.1220065057277679 0.5979958474636078 0.145349994301796 1.339491315186024 0.163108229637146 0 0 0 0 0 0 0.6694315001368523 2.228582933545113 0.1213816702365875 0 0.09365580976009369 0 0.4105415046215057 0 0 0 0.9993265569210052 4.132023274898529 0.613927960395813 0 0 0.7268534973263741 0.4414912611246109 0 1.551602974534035 0.2049408107995987 0 0 0 0 0 0 0.1327721476554871 0 0.3228130266070366 0.119658961892128 0 0 2.02092407643795 1.414057061076164 2.41476859152317 195.7766087204218 41.7303377315402 657.183356307447 158.2217525988817 105.5435601249337 89.20481379330158 23.39653526246548 77.17359068989754 5.704778023064137 0.8674466460943222 3.85283687710762 1.945747338235378 0.9237190186977386 0 0.1314968764781952 0.858625128865242 3.334486320614815 1.320979937911034
162.6355722397566 2067.834557183087 325.9005682468414 124.369040325284 6010.543476015329 46.12772892415524 1507.214777469635 92.30311779677868 0 580.6108940988779 1014.032452918589 157.4280971884727 2445.50015681237 1171.250809647143 11.09032756090164 49.73277595639229 0.3045717775821686 0 0 0 0.6444861143827438 0 0.7776278257369995 0 1.669270873069763 0.1796302199363708 0.1549789011478424 0 0.1771401911973953 0 35.17122154682875 5.941525794565678 65.83628246188164 0.4268159717321396 0 1.027256846427917 13.18779563158751 0 2.397325277328491 0.5957439541816711 0 0.9350678697228432 0.2010346204042435 1.276344299316406 0 0 85.14355320483446 8.12244451791048 0.4896421581506729 0.1053894385695457 0.5110075399279594 0.2746464014053345 0 0.1205606609582901 3.945957370102406 23.10310646146536 6.764353565871716 49.0316710844636 13.82364677637815 16.46397003531456 0.6971087753772736 0.2460073530673981 0.1517516821622849 28.14520571380854 7.188930302858353 8.592855334281921 1.450941845774651 5.46919384598732 0.5771189332008362 0.3247101157903671 83.96493749320507 7.594067052006721 0 47.0647829324007 24.82799813896418 28.6670962497592 79.86904338002205 29.95161697268486 0.7769171446561813 32.15731291472912 0.958660826086998 4.163716502487659 9.139031812548637 3.467427514493465 4.00905454158783 10.55643043667078 2.111821994185448 0.2009502649307251 1.374207131564617 0.2162841483950615 0.5535677894949913 0 0.9893995821475983 0 0.3186736106872559 430.1333088576794 1.223108202219009 0 3.167731046676636 44.49175667762756 5.22162214666605 6.277099668979645 31.9807288646698 36.02354070544243 28.98179729282856 206.0201057344675 63.57943716645241 330.0516406968236 66.3697589635849 177.1427824422717 39.93706391751766 344.8379732444882 214.5236525088549 350.8304068520665 36.79958282411098 1.824380218982697 2.848776556551456 0 0.497730165719986 0 0 0 0 0 0 0.1611537784337997 0 0 0 0 0 0.2654590010643005 0.5239383578300476 0 18.01018233597279 7.162195190787315 0 0 0 54.83649529516697 1.351571336388588 20.13737824559212 7.810770258307457 0.4179708063602448 0.1790022253990173 0 0 0 0 0.4114035069942474 0 4.164775602519512 21.36071492731571 0.4165564253926277 0 0.4211892634630203 0 0.1580444127321243 1.6270452439785 2.842929050326347 1.333718948066235 3.292468152940273 3.262357696890831 0 0 0.4577850103378296 24.43984846770763 5.985803782939911 2.972776047885418 3.279750213027 0.2477608025074005 0.8344402462244034 0 0.4555788785219193 0.2801496237516403 0 173.6612595319748 7.748351439833641 0 0.3935195505619049 0.4329415857791901 6.879253298044205 0.5861985087394714 7.321595370769501 4.89324028044939 10.04815000295639 18.52650944143534 3.95131903141737 7.764963649213314 1.39453236758709 0.3606475070118904 0 0 0.5973094254732132 0.1007887050509453 0 0 208.214252628386 18.20362333953381 15.73784379661083 417.4004356190562 20.48659224063158 408.5469493716955 174.3041252046824 187.887954339385 88.40370002388954 14.90108553320169 169.8464238941669 41.64910594373941 3.750056371092796 56.82273034006357 5.384635724127293 81.59473376721144 14.77462293952703 1.254176661372185 12.31002835184336 4.484899073839188 3.424301475286484
2616.347224205732 1194.624739721417 12.54840686917305 3660.478834301233 406.9651978164911 1989.512665987015 2533.665826350451 2.971734918653965 580.6108940988779 0 4.384895049035549 2588.641333162785 6792.154011085629 589.4980930536985 0.5687501430511475 0.6507807970046997 0.3778682351112366 0 0 0.5135030150413513 1.386379942297935 0 0 0 0.4607980698347092 0.3897569328546524 0 0.9017021507024765 0.1606207489967346 0 7.128052830696106 0.4890665262937546 9.033946067094803 0.1577639430761337 0 0 8.858514279127121 0.7554313540458679 2.878285571932793 0.8740666657686234 0.60161392390728 1.086738511919975 0.3760737925767899 0 0.3069173693656921 0 9.42289312183857 3.491554103791714 0 0 0.6226229667663574 0 0.2758575677871704 0.3008433729410172 2.859975002706051 17.55931034684181 44.746911033988 120.5540042296052 16.76083020120859 7.975910797715187 0 0.1625262200832367 0 5.703525982797146 3.585895590484142 3.537897266447544 0.6594123616814613 3.652922488749027 0.1286647468805313 0 85.68536055088043 12.93818233907223 0.1381058692932129 52.85793644934893 31.28014730662107 11.20010107755661 6.574996791779995 0.7827150821685791 0 7.862038061022758 0 1.427148804068565 6.278491199016571 2.471464700996876 1.338377490639687 3.964561350643635 2.645079024136066 0.3172808885574341 0.707430899143219 0.1104450449347496 0.4403756260871887 0.2566181421279907 0.1398733258247375 0.1363927870988846 0.6194722652435303 774.3235832452774 3.853904008865356 0 4.022035121917725 847.9440853521228 5.903027191758156 16.46683613955975 40.25703635811806 78.53111842274666 24.39984336495399 195.5987967848778 113.1658472269773 301.717186152935 110.2629174590111 320.3316628187895 30.5276784747839 260.3441249877214 215.8687202185392 222.80985032022 16.1770079433918 0 1.260219924151897 0 0 0 0 0.1502002626657486 0 0 0 0 0 0 0 0.2782328724861145 0 0 0 0 14.59477879852057 1.351444080471992 0 0 0 28.75927086174488 0.2014280706644058 16.83037336170673 1.874820068478584 0 0 0 0 0 0 0 0 4.721164539456367 9.921113878488541 1.721259512007236 0 0.2596519589424133 0 0.2814489006996155 2.13355577737093 0.7016670480370522 0.110056035220623 2.375989869236946 2.853775061666965 0.6561098545789719 0.1940353959798813 1.240810453891754 15.28413352370262 4.162361592054367 0.8380594253540039 3.738652110099792 0.4427655413746834 0.1947275176644325 0 0.4485835134983063 0 0 71.33237208425999 2.407845824956894 0 0 0 1.436839193105698 2.511099457740784 3.759350955486298 3.745209865272045 8.449804127216339 10.9375092536211 5.832661747932434 4.154502853751183 1.869497373700142 0.4455118104815483 0 0 0 0 0 0 109.1206874996424 8.130759432911873 12.14595192670822 169.7026078030467 13.44713801145554 98.68944964557886 35.86397975683212 1238.498428434134 35.73690770566463 3.841992110013962 21.0308585613966 25.37584938853979 1.829549558460712 33.68569933623075 2.295910768210888 165.9197602123022 8.737366326153278 0.499247319996357 7.959382638335228 0.1851579248905182 0
975.5598432272673 2229.922616094351 3179.387829504907 14.99006572365761 1448.055953964591 19.41916379332542 59.46513057500124 2262.376968480647 1014.032452918589 4.384895049035549 0 48.51280225813389 1336.030524984002 2140.409540139139 32.11359781771898 164.9952538609505 3.036970876157284 0.7433698177337646 0 3.589699968695641 5.13245015591383 0 6.679955095052719 3.399321004748344 32.77369533479214 1.600239180028439 1.534258134663105 0.4215496331453323 0.1161729246377945 0 589.5356437712908 444.9982400462031 942.8486421704292 0.763776883482933 9.499168232083321 32.86088708788157 168.1858058273792 41.03430403769016 28.89051914215088 61.60320711135864 4.821823537349701 7.911385089159012 1.875752106308937 10.39178757369518 0 0.3286583423614502 200.5811735764146 17.99595322459936 0.3271699845790863 1.315259285271168 7.268674053251743 0.2269848436117172 0 0.9257549419999123 11.4230083450675 63.87089329212904 12.94179340451956 301.226504072547 29.07833460718393 40.94300993531942 0.5031339526176453 8.220140188932419 5.459670856595039 114.6954177469015 16.01266661286354 17.55705243349075 4.589430600404739 17.13987507671118 14.88081477582455 11.03848019242287 193.5838719233871 38.66632682085037 0.1018180996179581 158.1231908276677 83.99145928770304 92.86124637722969 191.2333160862327 84.31242287158966 262.2540135830641 512.7527957111597 5.594014689326286 321.0688622519374 25.55950350314379 6.69015508890152 8.789147540926933 22.83076360076666 7.103938221931458 0.2855328321456909 3.498865023255348 0.3921687975525856 0.7655344903469086 0 11.28104338049889 3.44188030064106 1.794269487261772 150.4433005899191 9.52187816798687 0 5.181306645274162 112.6081183180213 0.6756224632263184 0.4025662541389465 2.258673936128616 1.239009395241737 3.844442427158356 12.64359605312347 2.399302810430527 21.93126802146435 1.378604993224144 7.984658062458038 5.235359862446785 26.23272953927517 17.32916501164436 28.53833355009556 11.04237702488899 0.9618903696537018 0.5243983268737793 0 0 0 0 0.2955901622772217 0 0.2165049612522125 0 0.3349022269248962 0 0 0 0.3216113746166229 0 0.4597034752368927 0.3062269687652588 0 3.636253461241722 3.146397024393082 0.2032594680786133 0.4454725086688995 0 24.04116727411747 2.343631491065025 17.88890944421291 3.013177886605263 0.8823988437652588 0.4939907193183899 0.1201333552598953 0 0 0.2319494634866714 0.1567336022853851 0.1599786877632141 1.126730352640152 4.847637891769409 0.1586834937334061 0 0 1.130252599716187 1.081090360879898 0.8961146324872971 0.52774778008461 0.1523245871067047 1.420435562729836 0.1751466542482376 0 0 0.6945230066776276 13.13396698236465 1.577644750475883 0.7028550505638123 1.715324759483337 0.1531194299459457 0.3429128751158714 0.1563348919153214 0.2183939963579178 0 0.4097665697336197 65.37256045639515 9.140001341700554 0 0.1307936757802963 0.1524635851383209 3.267957389354706 1.813895732164383 1.897007972002029 0.3341349810361862 1.296794548630714 4.49984972178936 0.4906909465789795 3.271342441439629 0.6065637469291687 0 0 0 0.3110834211111069 0.1031768396496773 0 0.1130153834819794 35.88082034885883 23.73461671173573 19.35159020125866 545.279411830008 41.77701812982559 668.191056497395 233.279665902257 163.8433155268431 112.2394989356399 22.62059473246336 209.3772963434458 16.77582247555256 1.415254183113575 24.66853249818087 4.04072443395853 12.2078921943903 3.936021104454994 0.5974888950586319 1.788978815078735 13.96159519255161 3.396433889865875
30.02187046408653 39.05344240367413 6.465169876813889 66.96240164339542 130.2360010892153 90.48098796606064 261.5558090806007 0.9418222606182098 157.4280971884727 2588.641333162785 48.51280225813389 0 4714.790659323335 451.3602188527584 1.088980913162231 15.62479135394096 0.1313577592372894 0 0 0 0.6858538240194321 0 0.4545091837644577 0 3.474135264754295 1.30734646320343 0 0 0.3118858933448792 0.123757965862751 0.9063331931829453 0.6667718142271042 28.46467949450016 0.2951788306236267 0 0.362684965133667 65.24467614293098 4.172618314623833 8.475243374705315 8.424986019730568 0.5583310425281525 0.7482519745826721 0 0.6929243803024292 0 0 8.998422138392925 0.4563138708472252 0 1.410586014389992 2.20010507106781 0 0 0.338928148150444 0.2875520586967468 2.146492466330528 3.762921884655952 6.094163581728935 0.474183663725853 0.7933839708566666 0.3656057715415955 2.24364560842514 0.33368881046772 1.179198652505875 0.501845046877861 0.2236910834908485 0 0.561116486787796 1.627782799303532 1.060889512300491 233.3253515064716 212.9054660201073 0 4.453220590949059 2.158535778522491 1.949321269989014 4.619794256985188 4.577769696712494 0.183691993355751 38.23597046732903 0.6306626498699188 5.287373065948486 1.010734438896179 0 0.1223617941141129 0.9161331877112389 0.8361105173826218 0 0.3727236092090607 0 0.2091749012470245 0 1.403173997998238 0.7999272048473358 0.4073528051376343 1958.542862191796 89.51088847219944 1.482782244682312 7.167398482561111 72.0532988011837 4.363835409283638 3.417003184556961 15.58033201098442 21.91727721691132 11.5693031847477 105.0922048985958 35.56719191372395 139.6989388912916 29.98744821548462 88.48549704253674 30.41086120903492 170.2735862880945 128.8145502060652 231.8798059523106 27.97051456570625 1.520946085453033 2.331367328763008 0 0.2666141092777252 0 0 0 0 0 0 0 0.1689379513263702 0.1996551901102066 0 0 0 0 0 0 8.177557565271854 6.355182841420174 0 0.2066414207220078 0 78.84335778653622 1.396853297948837 35.25048527121544 8.261403352022171 3.117386996746063 0 0 0.4871571362018585 0 0 0 0 3.380921274423599 15.540991127491 0.5146635994315147 0 0.565346747636795 0.2482210397720337 0.2092608064413071 1.01996573060751 2.65564252436161 0 1.144042834639549 2.692921042442322 0.2490047067403793 0 2.279598265886307 35.2971518188715 4.249831661581993 1.949548065662384 3.448070541024208 0.228675939142704 0.5495182126760483 0 0 0 0 204.8942431509495 17.85088710486889 0 0 0 10.68130002170801 0.3749902099370956 9.944596603512764 4.028221219778061 7.548028349876404 6.722266636788845 4.298023030161858 3.891565255820751 0.6891488283872604 0.4280458241701126 0 0 0.2645994126796722 0 0 0 161.4422109872103 43.419443115592 32.9199413061142 161.1408856958151 5.21265609562397 52.10429847985506 22.11009606719017 205.6057188212872 8.459481470286846 1.580506265163422 25.13994976878166 27.04120229929686 1.211065046489239 42.13221053779125 1.965588569641113 44.10118640214205 7.929478622972965 1.137069031596184 12.90321134030819 1.777343958616257 0.6881976425647736
239.9311685562134 531.5412062555552 163.780597537756 430.1263004541397 1006.236783906817 144.8043371289968 4873.515811316669 66.21950924396515 2445.50015681237 6792.154011085629 1336.030524984002 4714.790659323335 0 4216.465393967927 36.74072904884815 233.6714458167553 6.920974746346474 0.5887290090322495 0 2.615974634885788 3.552647158503532 0 3.990032345056534 0.8524113595485687 28.68626490980387 1.824036486446857 1.952081218361855 1.225209400057793 0.2352837175130844 0.1319911777973175 23.60058858245611 5.300812490284443 336.6916044801474 0 3.771562144160271 39.53962463140488 164.4771358370781 50.08581320941448 27.30902063846588 126.9315334111452 5.915059216320515 7.809802152216434 1.973677575588226 12.35592947900295 0.3651242405176163 0.5518547520041466 141.5764210820198 5.688057124614716 0.2994488179683685 1.544527180492878 8.162187986075878 0.3753346055746078 0.6137149780988693 2.072731778025627 2.139975219964981 21.34664117544889 10.32423529028893 38.76925256848335 10.37674694508314 12.46276013553143 0.7862553596496582 21.7218402326107 3.898259788751602 27.92243885248899 3.994387321174145 5.747288256883621 1.371373377740383 8.03864198923111 9.094117194414139 8.981895007193089 530.4256641641259 300.9459004551172 0.1448144912719727 43.83932149410248 16.09888456016779 32.84459103643894 121.9989056512713 112.7515548989177 1.980470217764378 303.74365349859 2.998812779784203 30.61451663076878 6.999594666063786 3.29449575394392 1.817460671067238 8.788267686963081 3.473326981067657 0.346540629863739 1.726779364049435 0.8507770970463753 0.8901769518852234 0 11.18939681351185 3.560561299324036 2.980557560920715 5118.429753780365 133.4891459196806 1.70625376701355 13.66661494970322 139.4103428423405 10.59571842849255 10.74643624573946 45.37295255064964 54.52615150809288 43.32704461365938 254.4730029478669 76.53306515514851 446.6311659663916 78.09304033219814 252.5234984010458 76.74512632191181 499.4134336709976 421.5346201509237 534.7067318931222 97.61311858892441 5.972551673650742 7.231601558625698 0.1373696178197861 0.3689233064651489 0 0 0 0.2477006465196609 0.146097257733345 0 0.3105264157056808 0 0 0.2719011604785919 0.1503578573465347 0.8700640052556992 0.5541379898786545 0.6569858193397522 0 49.05936022102833 19.754733517766 0.3092210292816162 1.907639443874359 0.4279840737581253 196.1777851879597 4.236432492733002 89.1499473080039 18.69258232414722 3.066682174801826 0 0.481923907995224 0.6687066853046417 1.4851044267416 0.6314385682344437 1.460981488227844 0.1589032113552094 13.21228485554457 37.79974129796028 2.654491521418095 0 1.040476888418198 0.4455971568822861 1.232290364801884 3.121527992188931 4.241087324917316 1.732152536511421 5.82735587656498 7.878731936216354 0.6260420829057693 1.357085540890694 2.814196199178696 92.29901713132858 13.95277202874422 4.47525954246521 13.27446685731411 1.020662352442741 2.219865553081036 0.526853933930397 1.210461542010307 0 0 622.8557447046041 46.35425367951393 0.3710503727197647 0.3389835953712463 0.8097082376480103 24.21710896492004 9.550163179636002 19.60246497392654 10.37408675253391 19.87206784635782 27.11659677326679 13.57650198042393 16.09635383635759 2.452631220221519 0.5589665398001671 0.4313839226961136 0 0.6309515461325645 0.2143841832876205 0 0 606.6614195257425 142.2969644367695 87.93005877733231 1010.35080613941 58.26951751857996 454.8939640596509 210.5379975438118 348.9489499852061 84.69279596954584 16.6734084635973 312.2747611254454 67.90624263137579 12.25953380018473 95.52097794413567 15.85011605173349 98.40774463117123 29.46570065617561 1.327830441296101 15.58073151856661 24.33983913064003 6.808524578809738
