0 3292.93571715802 619.5535056963563 1595.437702924013 457.0237553715706 140.9720706939697 2405.472398206592 45.65917671471834 113.0035102367401 2545.241476558149 283.5515486970544 58.24928693473339 432.4435642510653 54.2694720774889 1.019682578742504 1.204031743109226 0.1167675256729126 0.2572670876979828 0 0 0.1216170564293861 0.6501745283603668 0 0 0.2563596069812775 0.1014159545302391 0 0 0 0 417.5719421207905 0.5400468185544014 8.540966339409351 0.1571552157402039 0 0.515164777636528 8.668784625828266 0.7857370749115944 2.662424206733704 0 0 0 0.1023405194282532 0.2166097313165665 0 0 8.038633711636066 5.031324543058872 0.4063391089439392 0.3503560870885849 1.134169049561024 1.359989881515503 0.5862157791852951 0.09363545477390289 0.3857987150549889 1.072319231927395 364.9663536995649 1105.54752612114 35.93162944167852 11.43513852357864 0 1.389967650175095 0.2194714099168777 5.119872272014618 0.9733517989516258 3.209978945553303 3.571178741753101 2.25699445605278 0 0.1879191845655441 84.66618852317333 14.01156517863274 0.6122414171695709 265.5945020541549 68.81650299578905 44.14451383799314 7.115980312228203 1.130519650876522 1.091282829642296 51.63351712375879 0 3.735509462654591 7.833317793905735 0 2.603832311928272 1.84123595058918 1.877360142767429 0.4256342798471451 1.842712372541428 0.5505899637937546 0.7297966927289963 0.740086205303669 0 0.5844278782606125 0.2298253327608109 301.115341335535 42.34395869076252 10.18402998149395 7.488237664103508 739.1494971364737 0 4.182176351547241 3.608183711767197 3.747063994407654 4.330181583762169 18.24036031961441 0 20.50505685806274 33.59630233049393 25.3411583006382 12.18847040832043 18.0630406588316 11.50680249929428 2.908572286367416 1.99114017188549 0.3710848689079285 0 0 0 0 0 0 0 0 0 0 0 0 0 0 0 0 0 0 0.859836757183075 1.10614287853241 0 0 0 0.7770052254199982 0 1.957142435014248 0 0 0 0 0 0 0 0 0.206334188580513 0 0 0 0 0 0 0 0 0.1737839579582214 0 0 2.058115758001804 0 0 0 0.4207555502653122 0 0 0 0 0 0 0 0 0 2.275510288774967 1.915422171354294 0 0 0 1.16111059486866 1.010988593101501 1.415885351598263 0 0 0 2.389364510774612 0 0 0 0.08728133141994476 0 0.09772834926843643 0 0 0 0.1437665671110153 0.1731182783842087 0 17.94146896898746 2.947878472507 55.05495683848858 12.98469460755587 1270.086396381259 14.65677214413881 0 5.880119778215885 4.478577971458435 0 1.146108597517014 0.3944393992424011 17.97130943834782 0 7.720711231231689 0 0 0.6457589119672775
3292.93571715802 0 966.3627075850964 222.7733616232872 1433.68525929004 220.1966662406921 3377.856133431196 154.8496348634362 544.7620977908373 314.2053206562996 1563.480451509356 37.34045460820198 747.7231204509735 532.0187639221549 6.282995864748955 2.631626233458519 0.9765735194087029 0.6470659002661705 0.2384990602731705 0.26604213565588 0.4974097982048988 0 0 0.333469033241272 0.9207906275987625 0.1037375405430794 0.2726908028125763 0.09435243904590607 0 0.08211731165647507 2754.241140939295 29.98899415880442 20.23208671808243 0 0 2.160161793231964 10.75556721538305 1.599114075303078 1.641613565385342 1.300011679530144 0.2331041768193245 0.626696914434433 0.1062435582280159 0.4501710459589958 0 0.1429916024208069 53.3062335178256 15.62107637524605 1.712849020957947 1.091246671974659 3.901074707508087 0.3255446702241898 0.2394038513302803 0.6120066419243813 1.260460130870342 1.763604186475277 143.847169212997 1689.794308125973 41.01623705774546 44.69215185940266 0.1100474894046783 0.4828332811594009 0.4435153156518936 94.26489039510489 2.94055312871933 8.681608498096466 7.828784942626953 8.053265534341335 0.964232362806797 1.451113432645798 63.91145238280296 8.098489195108414 0 512.9266739338636 297.4086596667767 244.4918569996953 75.6761392802 6.386195972561836 2.799590609967709 188.269961565733 0.6761138215661049 9.924206010997295 18.12438044697046 0.2005220055580139 8.070252381265163 7.183651961386204 4.636158600449562 0.1879579424858093 2.798007294535637 0.1929887905716896 1.550956755876541 0.7446485683321953 0.09052486717700958 1.746580563485622 0.5478629022836685 174.9681268855929 6.566833034157753 0.4088697880506516 1.700511828064919 829.3784542605281 2.475690424442291 2.832983732223511 8.197707280516624 1.064487397670746 5.723885074257851 49.41332700848579 4.392739102244377 27.85911150276661 18.89095948636532 24.59912449121475 14.12246298789978 52.53659033030272 28.83497066050768 18.08534376323223 12.75429470837116 0 0 0 0 0 0 0 0 0 0 0 0 0.08879472315311432 0 0.452391229569912 0 0 0 0 1.380364134907722 1.755719467997551 0 0.1155166327953339 0.8483449518680573 4.136080153286457 0 5.258680924773216 0.2241477444767952 0.1288684904575348 0 0 0 0 0.3444492518901825 0.1662553548812866 0 0.5404163300991058 2.038179159164429 0 0.228597104549408 0 0 0 0 0.2150001376867294 0.09868481010198593 1.195094466209412 2.354584574699402 0 0 0.3101173341274261 3.667209774255753 1.047672495245934 0.7066396474838257 0.1219537407159805 0.3404398560523987 0 0 0 0 0 10.60741613805294 0.4187604039907455 0 0.1130774021148682 0.08497464656829834 18.15685091912746 7.562522888183594 4.768533289432526 2.512946754693985 1.621512234210968 2.079137191176414 2.769209444522858 0 0.3922739773988724 0 0 0 0.2881599217653275 0 0 0 11.71329866349697 2.112493634223938 0.1286322623491287 56.41377171874046 10.91061015427113 199.3645872101188 46.72964163869619 1092.485637053847 39.05668711662292 0.7496062815189362 16.66068662703037 1.161444097757339 0.2262697815895081 4.405752241611481 0.532682754099369 24.46456933021545 0 0 0 0.3561035096645355 0
619.5535056963563 966.3627075850964 0 43.41844755411148 918.9641673862934 23.63269767165184 326.0655812472105 2314.005857735872 351.1100713536143 99.63840594142675 2647.014890000224 5.396192617714405 191.5385903120041 360.9017844870687 12.19439586251974 3.832409434020519 4.885917104780674 22.85654185712337 4.626127816736698 37.49023818224669 13.64026051014662 0.2479419559240341 2.591612413525581 2.373584523797035 10.05731379985809 0.9221719950437546 2.271228052675724 1.99140415340662 0.4436302930116653 0.1102880835533142 2891.968615785241 421.0978186279535 54.77797172218561 48.05306274443865 9.564589217305183 16.09665590524673 25.79118911921978 3.56775838881731 14.12315332889557 3.811639361083508 9.368951968848705 6.431241430342197 15.01979143917561 7.772449821233749 5.853289850056171 9.21022355556488 23.85699732601643 7.130170546472073 3.878540873527527 26.60268389433622 2.3312668800354 0.8627434596419334 2.580036640167236 1.194504775106907 0.2167147547006607 1.001517444849014 41.27437134087086 1406.113098733127 10.59930931776762 10.99248993396759 23.63226213306189 24.3476645424962 137.4169294759631 212.5275173783302 2.01738303527236 2.03158812969923 2.589883685112 3.320940390229225 44.28222055733204 25.80389133840799 43.07144159078598 17.58696459978819 0.2477110996842384 185.0694753006101 194.7952928692102 76.86457689106464 30.76023797690868 15.39965177327394 140.7117155790329 970.0225527063012 72.67310740053654 364.8410030677915 4.714102983474731 0.08023048937320709 2.505703717470169 2.093433558940887 12.42585201561451 0.09987490624189377 1.162307113409042 0.3437634482979774 1.011739887297153 0.3701984062790871 2.989293470978737 1.522141210734844 1.183687500655651 75.86064790189266 32.51269993185997 12.59620387107134 24.56027019023895 172.0827848985791 1.115852192044258 0 2.94596391916275 0.1790988594293594 6.121416687965393 11.55338618159294 0 10.60291908681393 7.555002614855766 15.88951571285725 0.8997053205966949 15.22348097711802 10.84436056017876 5.248342476785183 7.472491957247257 0.1078926771879196 0 0 0.4813072383403778 0 0 0 0 2.372782990336418 0 0 0 1.311906270682812 0 0.5835780799388885 0.2033152878284454 0.8876517415046692 0 0.2116160988807678 0.6813423037528992 2.741368569433689 0.324536070227623 6.617791697382927 4.950364217162132 10.4322809278965 2.535065449774265 14.61364391446114 7.178176462650299 4.062728278338909 0 0 0.1728652119636536 0.6703298687934875 0.715483084321022 1.731568872928619 0 0 0.2836774438619614 0 0.1400758028030396 0.1552047282457352 3.039564967155457 0.1109147295355797 0.09450804442167282 0.1587206125259399 0.1101558580994606 0.5065594166517258 1.035959646105766 0 4.50020906329155 8.115198962390423 12.24342028051615 2.449766159057617 0.1466253250837326 0.3454944938421249 0 0.2806985601782799 0.219936303794384 0.09784062951803207 0 0 14.74248877167702 11.83111124485731 0 0 0.09710685908794403 11.77864890545607 12.34447465091944 6.909370988607407 0.9126810878515244 1.698134697973728 0.6087028533220291 0.3830400556325912 0 0 0 0 0 0.1310562193393707 0.2223536968231201 0 0 6.698384448885918 4.976893246173859 10.48333305120468 60.4039149954915 7.314314760267735 103.979798540473 23.73120786994696 580.2299228161573 10.23866189271212 1.144943803548813 11.47001934796572 3.684765115380287 0.2603363692760468 4.989500686526299 0.2173328995704651 9.921220332384109 1.658393055200577 0 0.8957670480012894 2.362099424004555 0.6169980615377426
1595.437702924013 222.7733616232872 43.41844755411148 0 9.854099676012993 619.4424490481615 1084.209943637252 0.3028072416782379 46.75469271838665 1025.625419601798 2.511585608124733 476.106168538332 1251.660756461322 14.0116468667984 0.4005097895860672 0 0 0 0 0 0 0 0 0 0 0 0.1609373390674591 0 0 0 30.93071082234383 0.411113828420639 0 0 0 0 0.453091949224472 0 0 0 0 0 0 0 0 0 4.374964661896229 1.293688155710697 0 0 0.09930911660194397 0.3646509051322937 0 0 0 0 12.74313481152058 130.738205216825 4.130801506340504 3.194447584450245 0 0 0 3.683746218681335 0.4414641857147217 0.3313571885228157 0.7008274048566818 0.1818367391824722 0 0.1124636977910995 505.5169045329094 0.8466980904340744 0 39.64352363348007 14.0341354906559 15.84446885436773 3.452295944094658 0.3312632441520691 0 0.1106829270720482 0.1610360741615295 0 1.075765371322632 0 0.9412867873907089 0.5005085617303848 0.5055922195315361 0 0.1066369935870171 0 0 0.09437130391597748 0 0.105783499777317 0 77.94421918690205 46.0422455072403 0 0 183.8780044391751 0 0 0.220722109079361 0.4314014613628387 2.437269672751427 8.953435063362122 0 6.961278527975082 7.206759542226791 6.599818766117096 3.295716166496277 8.222050309181213 3.280787229537964 2.784384086728096 1.230624809861183 0 0 0 0 0 0 0 0 0 0 0 0 0 0 0 0 0 0 0 0.222734123468399 0 0 0 0 0.4153966158628464 0 0.2981560528278351 0 0 0 0 0 0 0 0 0 0 0.4774212539196014 0 0 0 0 0 0 0 0 0.3098265528678894 0 0 0 0 0 0 0.1366208344697952 0 0 0 0 0 0 0 0.8243512362241745 0 0 0 0 1.515591010451317 0.5991485714912415 0.7105922698974609 0.3043748140335083 0 0.7992171198129654 0.5242874026298523 0 0 0 0 0 0 0 0 0 1.481989815831184 0.4815251231193542 0 0.3865544050931931 0.6578276604413986 14.0694408044219 2.579232707619667 584.0389541089535 3.120843321084976 0 1.377660498023033 0.4589784443378448 0 0.3189361318945885 0 3.852425336837769 0 0 0 0 0
457.0237553715706 1433.68525929004 918.9641673862934 9.854099676012993 0 7.310568034648895 919.221281580627 43.49614081531763 2503.824804931879 140.7179789543152 2548.368501834571 50.86266835033894 1078.420527808368 2489.760387502611 13.73539518564939 0.614451065659523 0.7910449802875519 0.4512468501925468 0 0.3825840577483177 0.3320995271205902 0 0 0.2030817568302155 0.6159487515687943 0.1003799065947533 0.09836068004369736 0.9536651074886322 0 0.1859970688819885 426.871852375567 60.79691560566425 10.6274501979351 0.2090345025062561 0 0.3522350192070007 4.68644817918539 0.4160365611314774 0.6316687315702438 0.4733972400426865 0.4480582848191261 1.502219878137112 0 0.2325132712721825 0.08962962031364441 0 102.0598733946681 12.31034255772829 3.812168531119823 0.8678152114152908 4.69272992759943 0.6493214815855026 0 0.6172922477126122 0.6826683580875397 1.649299085140228 24.13763547688723 325.8915127962828 21.60213483870029 50.46362925320864 0.1719888746738434 0.1633176356554031 0.4376295134425163 111.6559696421027 2.186420373618603 6.394064288586378 6.233845598995686 6.425108261406422 0.7410871312022209 0.8300216570496559 35.42551338672638 12.40333193540573 0.07400435209274292 212.925991602242 171.4401197358966 259.1952665224671 141.402610078454 14.02906647324562 1.192670844495296 61.64543329924345 0.7581550627946854 2.681528106331825 10.12151250243187 0.07793187350034714 6.495368085801601 6.326608702540398 4.325111016631126 0.2768163681030273 3.36919966340065 0.1802913174033165 2.34843772649765 0.5930215641856194 0 2.013893865048885 1.232158727943897 147.9413579776883 10.60405857115984 0.08995880931615829 1.288634724915028 50.82927748560905 3.321562916040421 0.5688607096672058 8.638822987675667 0.5203707814216614 16.48348763585091 58.43514984846115 0.9543497264385223 64.26781004667282 26.13684576749802 48.23791454732418 26.41712713241577 96.91484866291285 46.63925380259752 31.23695803433657 25.84251750260592 0.7898064851760864 0 0 0.349102795124054 0 0 0 0 0 0.1434431970119476 0 0 0 0 0 0 0 0 0 6.413119539618492 3.921374671161175 0 0 0 9.520258188247681 0.1358300745487213 7.491343274712563 0.690895602107048 0 0 0 0 0.5205221772193909 0 0 0 0.8199313133955002 1.069341495633125 0.173048198223114 0 0.09368754923343658 0 0 0.148556649684906 0 0.2365892007946968 0.9592825993895531 2.387658268213272 0 0.6891421675682068 0.4366513043642044 9.753279268741608 2.310340523719788 0.2796393558382988 0.4320335909724236 0.1145408898591995 0 0 0 0 0 26.80818784236908 2.127777457237244 0 0.1032500267028809 0 29.29031011462212 18.82018102705479 7.649407610297203 2.210441589355469 0.8273988366127014 1.451800256967545 2.451626315712929 0 0.452732264995575 0 0 0 0 0.1019989028573036 0.1121758595108986 0 25.50697512924671 5.762198686599731 3.556247591972351 105.4023893028498 16.77098555117846 226.286289781332 86.78053753077984 139.0551788583398 60.79609361290932 1.990967757999897 42.98053424805403 3.800189107656479 0.202010452747345 6.236976474523544 1.639755323529243 16.9713838994503 1.262341499328613 0 1.017503753304482 2.928601436316967 0.2176442891359329
140.9720706939697 220.1966662406921 23.63269767165184 619.4424490481615 7.310568034648895 0 205.3034060150385 0 16.4357512742281 599.8194132894278 4.911145284771919 67.62248891592026 154.5841424912214 17.75276054441929 0 0 0 0 0 0 0 3.674056723713875 0 0 0 0 0.2227907627820969 0 0 0 19.62901815026999 0.1469452083110809 13.2507379502058 0 0 0 37.89931213855743 0.9990629702806473 8.610420927405357 0 0 0 0 0.3308808505535126 0 0 0.1593084335327148 0 0 0 1.320862233638763 14.56188023090363 8.355324029922485 0 0 0.7696695774793625 141.5513127148151 39.6371705532074 0 0.4609553217887878 0 0.846517026424408 0 0.1358827501535416 0.3686071038246155 0 0 0.4613549336791039 0.1293036937713623 0 122.464465379715 149.7687151730061 9.16107103228569 3.906582929193974 1.594201505184174 1.276003077626228 1.130358934402466 0 0 4.573388203978539 0.6789680123329163 5.988742589950562 0.2367328107357025 0 0 0.4902407228946686 0.1485854685306549 5.997233048081398 6.004617743194103 17.8030641078949 2.084397852420807 1.580260008573532 0 0.4784668982028961 1.041789427399635 319.2207474261522 121.792939811945 61.47736835479736 27.07030244171619 406.5819880366325 0 0 0.5958309173583984 0 0 0.6235132813453674 0 1.178198933601379 2.858387649059296 0.4115514159202576 0 1.117002680897713 0 0.3359052538871765 1.242555797100067 0 0 0 0 0 0 0 0 0 0 0 0 0 0 0 0 0 0 0 0 0 0 0 0 1.061632588505745 0 0 0 0 0 0 0 0 0 0 0 0 0 0 0 0 0 0 0 0 0 0 0.3794322609901428 0 0 0 0.5150055289268494 0 0 0 0 0 0 0 0 0 0.6592412441968918 0.5649327039718628 0 0 0 0.7293119430541992 0 0 0 0 0 0 0 0 0 0 0 0 0 0 0 0 0.5570230484008789 0 0.8241927325725555 0 2.695929519832134 1.086371421813965 282.5754215270281 5.101911276578903 0 0 0 0 0 0 4.963978365063667 0 0 0 0 0
2405.472398206592 3377.856133431196 326.0655812472105 1084.209943637252 919.221281580627 205.3034060150385 0 6.387205243110657 2137.982179835439 2117.551721356809 241.9904096201062 228.9311312437057 4200.751442544162 362.294316098094 13.74624282866716 1.011569902300835 0.9605806097388268 0.5875351950526237 0 0.5183387324213982 0.3620849177241325 0 0.125685453414917 0.1678772568702698 0 0.1268089860677719 0 0.2988771945238113 0.3470339328050613 0.4066490009427071 249.8561986610293 35.87292367219925 3.023517027497292 0 0 0.4087014347314835 4.271661825478077 0.2312133386731148 1.014513343572617 0.1100179180502892 0.4529112279415131 1.336921393871307 0.3998137935996056 0.4250707924365997 0 0 120.7634656354785 18.64402053505182 3.007856950163841 1.916207745671272 5.342111192643642 0.2697224244475365 0.1498210877180099 0.9985025748610497 0.8584574162960052 3.3067482188344 61.17726257443428 568.960480645299 34.85895979404449 71.21493319422007 0 0 0.6336762830615044 113.6621960401535 3.022549375891685 9.137844264507294 8.644017085433006 9.022366464138031 0.3787448108196259 0.8758591115474701 280.730961419642 16.56911933422089 0 389.9668819531798 264.1744636967778 347.0911691635847 136.5288925841451 12.10305697470903 0.9957587271928787 5.649711027741432 0.2051271349191666 1.881802551448345 15.36910565197468 0.3029380887746811 8.434232003986835 6.830423958599567 5.502730645239353 0 4.064871855080128 0.2338847890496254 2.031330950558186 0.8125626593828201 0.2110095620155334 2.533050201833248 2.436269134283066 324.2281305789948 19.64944258332253 0 1.435317829251289 131.6852223873138 4.894770890474319 3.122576743364334 33.65827412903309 2.319145157933235 25.38393087685108 92.1481617167592 4.357383340597153 100.1953157633543 35.41023899614811 57.05099484324455 40.037472397089 154.4186068177223 82.64608754962683 53.75365768373013 34.47098003327847 0.4290967285633087 0 0 0.1025205329060555 0 0 0 0 0 0 0 0 0 0.268627256155014 0 0 0 0 0 4.595794148743153 3.544397205114365 0 0.3306998908519745 0 12.76247451454401 1.463780790567398 12.22064317762852 0.7847903817892075 0 0 0.1434981375932693 0 1.352802827954292 0 0 0 3.690028458833694 2.96293843537569 0 0 0 0 0 0.9884723573923111 0 0.4451755583286285 1.731129840016365 3.935661621391773 0 0.3834077715873718 1.413412198424339 10.67336191982031 2.495637059211731 0.3662621080875397 0.2768971472978592 0.3237206488847733 0.2611897438764572 0 0 0 0 40.74959104508162 2.549941375851631 0 0.09984661638736725 0.1305276155471802 45.30118098855019 18.57766444981098 10.99059188365936 6.556547686457634 4.253803297877312 4.033190533518791 2.903042763471603 0.7188432067632675 0.2229462563991547 0 0 0 0 0 0 0.1049520671367645 27.78339271247387 7.786538995802402 3.213391967117786 137.7301578819752 22.67200734466314 310.4519797116518 103.8059334158897 482.1162268221378 69.05211575329304 2.780950255692005 56.8375309035182 2.176417604088783 0.8908586502075195 10.78805540502071 2.223264880478382 17.75108236819506 1.334580317139626 1.160359151661396 0.4457223191857338 3.241487950086594 1.055629730224609
45.65917671471834 154.8496348634362 2314.005857735872 0.3028072416782379 43.49614081531763 0 6.387205243110657 0 96.33911217004061 0.6856400370597839 456.7180307656527 1.405596718192101 58.42151520401239 227.4697689563036 64.03694649040699 25.30192182213068 7.052147448062897 4.263626798987389 3.330165028572083 8.021324016153812 11.14443570375443 0.3344050347805023 9.194039918482304 9.562854163348675 44.39752298593521 2.913961105048656 7.290225327014923 2.827245488762856 1.631359487771988 0.8426860570907593 1939.251888692379 3090.964697733521 129.9298734217882 28.7454422339797 28.6995583102107 76.31647562980652 30.08960218727589 14.65490707755089 13.78792697191238 13.05661377310753 8.506544500589371 4.818227559328079 7.020509444177151 8.734012559056282 2.436351530253887 5.354691416025162 93.46297530084848 4.196882627904415 4.075233675539494 7.557894833385944 2.604100443422794 0.1751280128955841 2.103117436170578 0.8255634605884552 0.2305185794830322 0.4037980437278748 19.11843177676201 510.1429873257875 9.538872182369232 22.12625999003649 61.74947649240494 62.13128504902124 249.1622477993369 581.5081384778023 0.6814180463552475 3.469653114676476 2.028829239308834 2.459159754216671 24.8303794041276 32.91687332838774 20.76293558627367 24.4036407917738 0 123.1825756132603 186.2921359762549 164.227987959981 209.415282137692 162.8313479349017 752.5844395756721 1517.331296138465 79.70116695016623 3531.429263271391 3.503365851938725 0.3975087553262711 2.180600486695766 2.183154582977295 5.291240580379963 0.3157932162284851 1.058090716600418 0.3104155585169792 0.8839143961668015 0.1717134043574333 4.897229373455048 1.205567471683025 0.8390011414885521 22.60399568080902 17.87609577178955 4.546783670783043 19.33163102716208 27.49515429139137 0 0 0.4114965200424194 0 2.249122023582458 3.911741450428963 0 5.568949371576309 0.2437303960323334 2.054745152592659 2.221772417426109 8.400542482733727 5.071021154522896 1.516118630766869 9.668877780437469 0 0 0.1448898911476135 0.4348644018173218 0 0 0 0 0.1944639533758163 0 0.4560465961694717 0 0.8083750680088997 0.2250241637229919 0.2296880558133125 0 1.156865864992142 0.1103189438581467 0 0.4553753733634949 2.083822004497051 0.392739437520504 4.40989512950182 4.623837828636169 12.85185510665178 1.85854959487915 13.16153201460838 4.903619222342968 1.490029841661453 0 0 0 0 1.646787464618683 1.030507907271385 0 0.4513095170259476 0.4902214556932449 0 0.134406566619873 0 1.682144217193127 0.266301155090332 0 0 0.3553412929177284 1.38350485265255 1.298800349235535 0.2392397522926331 3.324580676853657 7.399976432323456 9.24213158339262 1.121208161115646 0 0 0.1592000126838684 0 0.1501240581274033 0 0 0.134875699877739 8.477999128401279 9.411511689424515 0 0 0.100530318915844 12.66388024389744 18.74809907376766 8.460152268409729 1.726894319057465 1.814632907509804 1.923970617353916 0.6954914927482605 0 0.2273416519165039 0 0 0 0 0 0 0 2.127776890993118 4.725119322538376 8.668301969766617 218.4243631288409 14.31404694914818 205.4761595651507 82.23210785537958 46.29701626300812 33.70033318549395 2.945565074682236 50.29807055741549 2.827411487698555 0.1237795650959015 5.330185420811176 0.7448066174983978 6.703162148594856 0.4455288499593735 0.3970257639884949 0.8799951523542404 3.919215187430382 1.425972104072571
113.0035102367401 544.7620977908373 351.1100713536143 46.75469271838665 2503.824804931879 16.4357512742281 2137.982179835439 96.33911217004061 0 473.4968351572752 2041.055117249489 108.4597040712833 7622.080650299788 5727.513985998929 47.40351663529873 3.493197120726109 1.15692363679409 0.400662325322628 0 0.633616216480732 0.752895250916481 0.2913002371788025 0 0 0.5067353844642639 0.4884719848632812 0.1867512091994286 0.6932071819901466 1.389425203204155 0.1951123550534248 185.9616268575191 80.20005510747433 14.5912923887372 0 0 0.7235961258411407 19.05922931432724 0.1826134771108627 4.147480830550194 0.7830898463726044 0.2808943092823029 1.677556253969669 0.6153825148940086 2.38822016119957 0.3554330244660378 0.3212584257125854 245.8292111232877 17.43180641531944 3.541023246943951 2.579721987247467 5.606093138456345 0.7008660882711411 0 0.8940850794315338 1.148551814258099 2.983157090842724 38.21315912902355 228.8692135289311 30.23035679757595 90.82297665625811 0.3958983868360519 0.3166972622275352 0.818597786128521 137.530931442976 3.843024529516697 9.859934456646442 8.631918277591467 9.39214937761426 0.4568638205528259 1.417225077748299 100.8610704988241 30.58965884149075 0 268.3696218430996 188.03415389359 422.0030192136765 308.963117942214 63.13511305302382 5.048887073993683 21.09133207798004 0.7661090418696404 9.885482914745808 14.92042899131775 0.08758266270160675 7.75575015693903 8.788866721093655 5.676529675722122 0.08286309987306595 4.067362241446972 0.1925389021635056 3.371637672185898 1.429622516036034 0.2306799218058586 1.854338079690933 1.636920385062695 522.3781152293086 29.37653933465481 0 3.376277394592762 26.95092535018921 7.121429279446602 11.12757398188114 16.77218094468117 1.918401256203651 37.39950330555439 172.6047545745969 2.403924688696861 168.5428108423948 58.46065827459097 96.24739874899387 61.10280033946037 300.4859702736139 148.522175848484 107.6684891805053 68.82101584225893 0.5564804598689079 0.35617995262146 0 0.2467761337757111 0 0 0 0 0.5592251569032669 0 0 0.1444225013256073 0.9782759547233582 0.225174605846405 0 0 0 0 0 6.586916640400887 8.968722991645336 0 1.73362073302269 0.1161489486694336 33.47861457616091 2.006611295044422 22.51643314957619 0.4469517171382904 0.2389864027500153 0 0 0 0.2895623445510864 0.6687208414077759 0.2054475694894791 0 3.378830894827843 8.478284135460854 0.101782999932766 0 0.1469270288944244 0.1375015676021576 0.2204400226473808 0.8095258474349976 0.7079563438892365 0.7053236588835716 1.995270416140556 8.8510512560606 0.6622826159000397 1.048315808176994 3.21859834343195 24.00466936081648 7.874974623322487 1.200871013104916 0.8965244069695473 0.5126389265060425 0.221027247607708 0.09920208156108856 0.223120205104351 0 0.5108366757631302 83.91288170218468 7.58970445394516 0 0.1877034306526184 0.09789112210273743 87.3784012272954 38.8035669401288 17.96872221678495 10.27901736646891 5.512987896800041 5.774603925645351 6.570742547512054 1.248495057225227 1.443397082388401 0.0843687579035759 0 0 0.7272044792771339 0 0 0 56.31960146874189 16.92400855571032 7.666166618466377 443.7652143985033 37.26635271310806 538.1859130784869 242.0060928091407 239.9633630514145 158.9967863708735 4.35156324505806 167.1434794738889 8.903053037822247 2.166338428854942 16.06055241078138 3.201025262475014 38.44033895432949 4.758919030427933 0 1.580245859920979 5.73025181889534 3.848984748125076
2545.241476558149 314.2053206562996 99.63840594142675 1025.625419601798 140.7179789543152 599.8194132894278 2117.551721356809 0.6856400370597839 473.4968351572752 0 12.69641385227442 714.1933043599129 5452.846531093121 172.4879043698311 1.458230122923851 0.2958879992365837 0 0.090839684009552 0 0 0 0 0 0 0 0 0 0.09166131168603897 0 0 71.45644336938858 2.898706652224064 3.38240148127079 0 0 0.836664080619812 15.97908255457878 0 1.323339566588402 0 0 0 0 0.6348916292190552 0 0.1067913100123405 11.94795129448175 1.563942633569241 0.2160089761018753 0.1407645046710968 0.6157368272542953 0.3943516314029694 0.2907059490680695 0 0 0.3058377653360367 69.36257602274418 230.1740843504667 6.873931139707565 9.864580877125263 0 0 0.1963225603103638 8.861133381724358 0.1971292868256569 1.324115745723248 1.33085510134697 0.7168129831552505 0.1306892782449722 0 1835.979378178716 16.45506943762302 0 72.03466841578484 31.97063196450472 40.96388104557991 15.41749419271946 3.170334123075008 0.3134269490838051 8.342534974217415 0 1.142037838697433 3.119522102177143 0 0.5500752106308937 0.7928876802325249 0.6196593046188354 1.181887000799179 0.4045715779066086 0 0.5743438452482224 0 0.4078307151794434 0.1344632208347321 0.1136008873581886 615.8979024887085 85.59041073918343 1.136593207716942 3.467304684221745 695.6290276125073 5.682050243020058 22.89474710822105 25.38138344883919 6.924152448773384 39.5236858278513 208.4909134656191 13.23976404964924 177.844546481967 86.71471434831619 176.7684634029865 57.43808707594872 292.5634773299098 128.8931107744575 79.72137930989265 29.93065793067217 0 0.39466892182827 0 0 0 0 0 0 0 0 0 0 0 0 0 0 0 0 0 6.084211066365242 3.933714881539345 0 0 0.7447682619094849 13.02481810748577 0 9.033249273896217 1.042419344186783 0 0 0 0 2.833352267742157 0.6200116872787476 0 0 2.042191609740257 2.30796767771244 0.2726152092218399 0.3485487401485443 0 0 0 0.63762266933918 0.291618138551712 0.4186290875077248 3.961654461920261 6.660538539290428 0 0 0.8512362837791443 10.65029242634773 3.110732018947601 0.1776937395334244 0.2138952985405922 0.5712504982948303 0.3149459362030029 0 0 0 0.1460506170988083 23.60443327575922 1.20532463490963 0 0.1611334979534149 0 45.78990992903709 25.2783470004797 8.451181903481483 9.084130562841892 2.697157375514507 3.159436263144016 5.561236053705215 1.615197956562042 0 0.1275174468755722 0 0 0.8917403146624565 0 0 0 38.46863780915737 2.841170355677605 2.612115576863289 25.4287593960762 1.232261754572392 37.45562686026096 12.68812579661608 1338.373861826956 9.333821028470993 0.5296748727560043 5.926384553313255 6.258579358458519 0.1831906735897064 13.24697517603636 3.404414415359497 58.00606888532639 1.780821591615677 0 0.6166056618094444 0.247273713350296 0
283.5515486970544 1563.480451509356 2647.014890000224 2.511585608124733 2548.368501834571 4.911145284771919 241.9904096201062 456.7180307656527 2041.055117249489 12.69641385227442 0 17.29287550598383 1629.322777211666 3361.38304232806 124.6395755633712 40.15488684177399 5.859463170170784 2.378491550683975 0.9961325824260712 2.45616739988327 2.539404667913914 0.9328299164772034 1.587326861917973 2.760096035897732 19.11273986846209 2.733739756047726 6.112706705927849 1.721378117799759 4.7172621935606 1.498929254710674 1194.540181957185 408.9277428463101 672.5848970487714 2.095361769199371 4.817256398499012 39.45101796090603 270.3517197519541 24.13293266296387 21.26333004981279 30.47891500592232 4.787781737744808 4.474064603447914 1.12543610483408 10.12758070230484 2.169730290770531 4.569104008376598 276.138720497489 16.25225585699081 2.485202938318253 1.858489155769348 7.386435553431511 0.5339634045958519 4.193684361875057 1.150202982127666 1.464296191930771 2.979317851364613 37.17124928534031 513.4132179096341 24.29439151287079 75.40932221710682 1.201764300465584 7.334849737584591 19.18703125417233 236.6467873826623 3.322293512523174 7.064264297485352 6.876422539353371 7.990847393870354 2.66620084643364 8.900067612528801 78.42942381650209 54.00394612550735 0.188319243490696 246.3278202041984 243.0034031271935 451.1376188769937 413.1413432657719 197.5167625248432 161.9370778203011 1658.233820229769 7.226225629448891 626.8031610623002 11.91328327357769 0.8122411444783211 6.877929195761681 5.845604814589024 5.051914699375629 0 3.407999999821186 0.6776087582111359 4.144395463168621 0.4950381517410278 4.05739238858223 2.895389944314957 2.192883402109146 185.0042396187782 25.0550384670496 1.406673744320869 5.098344087600708 63.31839488446712 2.795071914792061 1.499084949493408 2.189654335379601 0 6.607375755906105 24.77811988443136 2.663444697856903 26.90903057157993 11.68384921550751 14.27867189794779 8.073527842760086 53.72752277553082 29.0815803706646 22.91999471187592 24.25797681510448 0.1896974891424179 0.09133747220039368 0 0 0 0 0 0 1.096384160220623 0 0.2873233407735825 0 0.3377595320343971 0.1556571424007416 0.4204299598932266 0 0.1341256350278854 1.734728023409843 0.2528438717126846 2.230743125081062 2.503529392182827 0 2.376629233360291 1.274808295071125 15.67331681400537 0.9471912905573845 14.28267879039049 2.788348652422428 1.195599667727947 0 0 0 0 0.2852676212787628 0.2594222724437714 0 0.7969838231801987 2.414089486002922 0 0 0.1703503727912903 0.9577735215425491 0.6652280688285828 0 0.2213392853736877 0.2240168154239655 1.651756629347801 1.820835873484612 0 1.299003213644028 2.860263995826244 15.01033774018288 1.04861044883728 0.8607391566038132 0.1583865433931351 0.08644738793373108 0.1226310729980469 0.3100742846727371 0 0 0.1710579246282578 33.95850823819637 11.75385114550591 0 0 0.3917968571186066 31.27289708703756 17.72546230256557 13.97781790792942 2.669838272035122 3.396206051111221 2.456050992012024 5.080719247460365 0.6727010309696198 0 0 0 0 0.1706326529383659 0 0 0 11.82318299263716 7.34042090177536 8.849443942308426 595.5587812140584 39.68747053295374 508.2018679380417 256.1102686747909 137.9863076135516 124.0929566845298 4.313993766903877 197.8313212990761 5.924742542207241 0.365712858736515 8.263472676277161 1.325951308012009 17.22827698290348 0.4175964742898941 0.405935138463974 1.538327753543854 9.483887121081352 2.940892048180103
58.24928693473339 37.34045460820198 5.396192617714405 476.106168538332 50.86266835033894 67.62248891592026 228.9311312437057 1.405596718192101 108.4597040712833 714.1933043599129 17.29287550598383 0 1271.344960540533 112.6949156671762 26.72689609974623 9.210337482392788 0.9722711443901062 0 0 0 0.1586020439863205 0 0 0.159143328666687 0.9423280358314514 0.1939006447792053 0.7294565662741661 0.9237209558486938 0.3885289877653122 0 2.822201617062092 3.735568970441818 10.89212217926979 0 0.1600212454795837 1.511915877461433 50.64102773368359 1.124415591359138 4.700042247772217 2.874897390604019 0.3772018551826477 0.8637000769376755 0 2.133342623710632 0 0.3078033924102783 33.93922010064125 0.7326805293560028 0.1148384287953377 0.236966609954834 0.6958058103919029 0.2044589668512344 0.6904995143413544 0.129933089017868 0 0.3498501926660538 4.20929441601038 11.38814526796341 1.765661150217056 3.990827538073063 0 0.9117929041385651 1.348446220159531 5.481098182499409 0.08727457374334335 0.1150816604495049 0.2714888751506805 0.4516130089759827 0 0.7155253738164902 436.4164481759071 137.6408680528402 0 13.25847996771336 6.903255477547646 32.71208571642637 35.22296697646379 32.34058917313814 2.42979896068573 29.82984451949596 0.4273577108979225 1.641637124121189 0.7923577353358269 0 0.1631257683038712 0.2472755536437035 0 0 0.09377618879079819 0 0.211093470454216 0 0 0.1927315816283226 0 1373.62860827148 85.02472832798958 2.009922474622726 16.16018527001143 71.05834506452084 2.198663003742695 2.922177076339722 7.608787029981613 2.93514347076416 24.62989701330662 93.16666484624147 2.274154424667358 72.88811871409416 33.60878504812717 56.31871581077576 29.36250540614128 172.5770148485899 83.37578359246254 67.82152093946934 46.76695851236582 0.3746506124734879 0.1129208281636238 0 0.1419080495834351 0 0 0 0 0 0 0 0 0.2093765884637833 0 0 0.7804637551307678 0.1252779960632324 0 0 4.281143516302109 5.228474162518978 0 1.538373753428459 0 28.86521872133017 0.5663961619138718 17.89281994104385 1.45995868742466 0.09198953956365585 0 0 0 0.6246872246265411 0 0 0 2.534278817474842 3.111588291823864 0.4531871601939201 0 0 0 0 0.4643880352377892 0.2778810933232307 0.1869789287447929 3.033164463937283 4.448012493550777 0 0.605848640203476 3.366891950368881 18.2233130633831 2.706097289919853 0.4526735842227936 0.7334727942943573 0.1913731694221497 0.3448816537857056 0.08951420336961746 0 0 0 52.99384921044111 10.45123834908009 0 0 0 45.00261960923672 18.34002450108528 14.53154241293669 5.459112569689751 3.455022692680359 2.885310336947441 3.901194557547569 0 0.8351027145981789 0.09155000001192093 0 0 0.7596911936998367 0 0 0 32.18947111070156 12.46538267284632 7.809201940894127 171.4606451094151 4.7220778465271 67.12447179108858 31.49064356833696 146.0083467662334 13.27314262837172 0.5647090673446655 33.74104062467813 3.733165197074413 0 12.7752985060215 2.578894235193729 17.33473441004753 1.077770695090294 0 1.689692378044128 0.8265397548675537 0.279674619436264
432.4435642510653 747.7231204509735 191.5385903120041 1251.660756461322 1078.420527808368 154.5841424912214 4200.751442544162 58.42151520401239 7622.080650299788 5452.846531093121 1629.322777211666 1271.344960540533 0 3198.381028674543 189.4161320030689 43.91641695797443 2.587143339216709 0.5755091086030006 0.6634969189763069 1.092278957366943 1.131065256893635 0 0.8639168739318848 1.023953258991241 5.713545672595501 2.0752814412117 4.098070658743382 0.4845466315746307 2.554664172232151 0.6968185007572174 87.91027925908566 41.48961834609509 127.9903799965978 0.2529279291629791 2.737824656069279 10.25723786652088 219.1819667071104 4.905604772269726 16.54194340109825 9.741638235747814 1.373268067836761 1.734346903860569 0.3512160778045654 9.560277819633484 0.2755732536315918 2.547124549746513 348.3718972206116 11.66959532350302 2.170291818678379 1.029556766152382 6.481735594570637 1.338653765618801 1.372831672430038 1.863951236009598 0.2895717695355415 2.008625537157059 37.30963097512722 143.3078070729971 24.17682457715273 63.6984323784709 1.11750316619873 3.768231905996799 9.246019683778286 63.84879483282566 3.30978262424469 6.80421606451273 5.487545192241669 6.35089810192585 1.02079001814127 5.885437786579132 594.183259293437 173.4378156214952 0.2210239320993423 171.057978965342 104.7824350520968 425.6414951980114 350.3507842719555 228.1249180138111 32.54899528622627 138.8490565493703 1.181785754859447 40.90354913473129 9.692689172923565 0.4957054108381271 6.021708399057388 5.227536976337433 6.338362149894238 0.168758936226368 2.136211462318897 0.7302808612585068 2.783033110201359 0.4927951842546463 2.062610685825348 1.498412273824215 3.815154246985912 4190.479986518621 102.6047310233116 0.2044595181941986 16.00776126235723 160.0112765058875 11.60059641301632 10.74136310815811 43.93462599813938 4.703871384263039 98.42621823400259 413.3188650384545 13.42835859954357 374.6785302385688 148.2654289081693 257.4318196699023 143.6095840409398 692.6328749507666 372.2886079922318 249.3451639190316 176.2755831182003 1.730155482888222 0.3871323391795158 0.3088972866535187 0.2941820174455643 0 0 0.1272200047969818 0 0 0.6741566061973572 0.154389962553978 0 0.4817446917295456 0 0 0 0.1109403222799301 0.2751738131046295 0.1053178161382675 22.91833310574293 15.32198014855385 0.8799658566713333 2.567803926765919 1.148026272654533 71.45192764699459 2.026439249515533 54.70155769586563 1.980968818068504 0.09935276210308075 0 0.1539745032787323 0 4.402241490781307 0.1249011680483818 0.1431112438440323 0 9.479613281786442 16.63964487612247 0.2909846901893616 0 0 0 0 0.3630398213863373 1.093890748918056 0.2691148370504379 7.593532651662827 14.30316832661629 0.6439580321311951 2.094105467200279 6.612375862896442 54.2296904027462 11.34377343952656 3.116677306592464 2.743548654019833 1.173767775297165 0.4800261706113815 0.1033816710114479 0.09530088305473328 0 0.1377121061086655 210.9580948203802 27.76802222430706 0 0.2194328457117081 0.3338819220662117 173.8413782566786 74.10799871385098 42.56205112487078 21.40115025639534 16.04039495438337 17.34049551934004 14.56719230115414 1.028863072395325 1.878893829882145 0.1760815307497978 0 0.1866475939750671 1.242558740079403 0.1117591187357903 0 0 157.5936151966453 43.21976739168167 23.28479640930891 1105.533139429986 64.96269080787897 586.3010853454471 341.1340118721128 492.6332350671291 154.548412129283 7.089653514325619 335.1354495584965 14.75460936874151 2.068948023021221 35.98027924448252 10.13398464769125 95.43290029466152 1.51456830650568 0.3970680981874466 6.674632988870144 19.21311911940575 8.180668845772743
