0 2680.435013711452 85.21989979594946 633.2140514701605 278.4435136243701 81.50813056528568 300.4226320162416 10.40833933651447 11.08756081014872 1409.19723021239 31.45834444463253 79.58437910676003 263.1333830356598 21.6962192133069 0.6092323809862137 0.355154737830162 0.4165740162134171 0 0 0 1.269438579678535 0 0 0 0 0 0 0 0 0 463.413586422801 10.91326761245728 0.5565768480300903 0 0 0 0 0 0 0 0 0 0 0 0 0.1535192281007767 16.90501091629267 0 0 1.028590083122253 0 0 0 0 3.239635273814201 3.406923100352287 109.300523981452 1740.336337916553 41.96343520283699 45.9939326941967 0 0.5329331159591675 0 67.00764418393373 1.337144389748573 0.4749740660190582 0 0.1902303472161293 0 0.5651355534791946 2.418445661664009 5.370221227407455 0 163.9436231032014 131.1020514443517 14.9037109836936 21.77429578453302 1.486246541142464 0.5245371907949448 2.695559307932854 0 1.85637604445219 10.20071145892143 0.4328827038407326 1.509722970426083 0.6815937608480453 0.4390612468123436 0 0 0 0.3138624280691147 0.1582547575235367 0 0 0 145.7466836571693 6.779892161488533 0.6799668669700623 3.061845228075981 657.3599212020636 0 0 0 0 0.2669336497783661 2.711808457970619 0.1625864654779434 0 1.992202192544937 3.322028666734695 0 1.120985738933086 0.5272428095340729 1.561931699514389 2.084606364369392 0 0 0 0 0 0 0 0 0 0 0 0 0 0 0 0 0 0 0 0 0 0 0.2935997545719147 0 0 0.4259264171123505 0.9068190902471542 0 0 0 0 0 0 0 0 0 0 0 0 0 0 0 0 0 0 0 0 0 0 0 0 1.829575374722481 0 0 0 0 0 0 0 0 0 0.2987422049045563 0 0 0 0 1.014860242605209 0 0 0 0 0 0 0 0 0 0 0 0 0 0 0 0.5333766639232635 0 0.1533252149820328 85.35975494235754 14.3294865116477 73.78945241123438 29.57988531887531 843.6765392795205 5.512244090437889 1.493588134646416 2.473316051065922 0.7192728817462921 0.3502499312162399 0.413892388343811 0 0.3200473189353943 0.1403650194406509 0 0.1855523884296417 0.1544907987117767 0
2680.435013711452 0 1691.080543756485 1091.053917244077 6567.396069951355 571.0128463208675 3766.422255314887 368.3081430122256 777.1858245059848 822.5737631097436 1740.927627712488 57.14611127972603 847.3704182654619 215.293482080102 18.47922432422638 15.72401177883148 1.258912622928619 0.2380315735936165 0 0.4231494143605232 1.196756735444069 0 0 0 0 0 0 0.1683469265699387 0.9711237549781799 0 7802.312946766615 260.7477512806654 25.2415085285902 0.6639031246304512 0 1.102870315313339 9.78829175978899 0.6673557758331299 4.451928898692131 1.059615589678288 0.1730751544237137 1.210821248590946 0.9928872659802437 1.13493525236845 0.7017207741737366 0.7625318616628647 239.8471315428615 5.066550701856613 0.9394436851143837 2.162632927298546 0.8864280879497528 0 0 0.9384240210056305 24.93514642119408 18.42297479510307 217.2801867797971 3719.756875813007 83.02747233957052 205.5243481472135 0.46147121489048 0 1.84161901473999 928.3918153122067 10.99758199602365 2.307839184999466 1.125293001532555 3.23767863214016 2.378967724740505 1.548183619976044 8.57997602969408 0.4643616080284119 0 429.1710625365376 569.9442951381207 170.4958814829588 276.7982815280557 27.53115124255419 5.879473581910133 90.39246337115765 0.9637619331479073 11.19566851854324 72.34007004648447 1.309551984071732 5.458823226392269 5.52087640017271 5.844052411615849 0.1297764480113983 0.54367995262146 0.2404433488845825 0.8559660241007805 0.5983412638306618 0 0.2901959419250488 1.704799130558968 155.8733688220382 2.103582844138145 0 1.802881337702274 798.1577520146966 0.1428536176681519 1.004633665084839 1.487223118543625 0.7932157516479492 0.33008873462677 119.2290553227067 0.810199186205864 5.371507108211517 13.72946535050869 11.53629565238953 4.583016976714134 33.72494082897902 15.95789072662592 14.4601209834218 14.65156079083681 0 0 0 0 0 0 0 0 0 0 0 0 0 0 0 0 0 0 0 0.1971817314624786 0 0 0.7118882015347481 0 2.486705422401428 2.090845793485641 2.88247299939394 0.7913490682840347 0.3542197644710541 0 0 0 0 0.201897531747818 0 0 0.2765444666147232 0.8230624198913574 0.305076003074646 0 0 0 0 0.1613283455371857 0 0 0.1063510328531265 0.1237956658005714 0 0 0.6797597780823708 14.04893530160189 0.1350010335445404 0 0 0.1085063815116882 0 0 0 0.1337577402591705 0 7.167552746832371 0.4186890721321106 0 0 0 2.124760210514069 0.2513619959354401 0.6838118135929108 0.7000120282173157 1.066739246249199 1.035404771566391 0.5931538492441177 0.1237663626670837 0 0.1899105608463287 0 0 0.1388447433710098 0 0 0 9.527732022106647 0.7463211715221405 0.5807053670287132 622.6764933615923 65.08300442248583 656.2245713546872 97.31432098895311 1722.708620883524 25.06998915970325 3.432126685976982 52.60598552972078 29.1404325813055 1.973309777677059 4.287462241947651 0.9432573467493057 45.85904309153557 0 0 0.9825403988361359 6.052388370037079 0.8941161781549454
85.21989979594946 1691.080543756485 0 6.154976427555084 796.8984429910779 2.986710250377655 45.08133517950773 1400.770213067532 375.1645600050688 16.29508975148201 3382.591230757535 70.18477833271027 139.2584679797292 297.8296114131808 78.94706707447767 94.85547614097595 33.577207647264 21.84926092624664 5.130387544631958 9.79498278349638 13.81198202073574 0.2166134268045425 3.635679490864277 0.8747501149773598 0.9985419735312462 3.067449793219566 0.2605352699756622 2.339314252138138 4.647938787937164 0.1689350605010986 2453.104064978659 427.6854255273938 59.09099756926298 66.44549818336964 2.545801803469658 1.416165381669998 30.94196232408285 4.201915897428989 8.363228268921375 7.825498826801777 5.648492783308029 6.899156458675861 61.33689897507429 28.73108235001564 29.39684727787971 49.90448132157326 136.7613674774766 23.40319084376097 25.62756883352995 92.02153296768665 7.995338350534439 1.489972084760666 0.2032756060361862 3.961202137172222 5.992419041693211 6.732685469090939 53.67319873720407 1267.488587997854 17.62649334222078 47.71612228453159 17.15741269290447 5.262797094881535 60.47323434054852 950.8002873957157 3.760214075446129 9.830010555684566 1.580367095768452 29.52084992825985 53.00763607025146 62.09598191082478 17.22057612985373 0.986094057559967 0 80.98588466644287 402.6828798800707 91.37165024131536 335.8746827989817 92.40715058892965 715.7665472924709 2562.450082197785 17.41223391890526 651.5685647800565 23.37732607871294 0.2950546592473984 11.29334332048893 2.589152254164219 73.97626142948866 0.5268815159797668 3.358124390244484 1.834757171571255 4.720171615481377 3.045742519199848 3.888629518449306 1.638602428138256 10.88425790518522 75.38913574814796 1.51373727619648 0 2.713359266519547 14.35591877996922 0 0 0.8633318096399307 0.6609518080949783 0.2791971266269684 9.695769302546978 0.49139803647995 2.359609939157963 6.442651316523552 6.774929516017437 1.794398672878742 20.3528862670064 11.40911557525396 10.10126162320375 18.07542031258345 0.1161970570683479 0.1897402703762054 0 0.1329267770051956 0 0 0.1594109237194061 0 0 0.3118451833724976 0 0.2334880381822586 0.2350864410400391 0.191480353474617 0 0 0.1442694067955017 0.7026255875825882 0.1181547045707703 0.2761122584342957 0.808485671877861 0 0.3664499223232269 0.1751587390899658 2.53746085613966 1.19195157289505 4.399645261466503 1.559633925557137 0.435929037630558 0.1720420718193054 0.1284770667552948 0.1595644652843475 0 0.5838596969842911 0.3420659154653549 0 0.7542985081672668 1.039166495203972 0 0.4789715558290482 0 0 0 0 0 0.2409957349300385 0.3440207690000534 0 0 0 0.2516978830099106 12.09001826494932 0 0 0.2794111743569374 0.3232329487800598 0.1346914917230606 0.2668322026729584 0 0 0.5798950120806694 10.29209342598915 0.7136787846684456 0 0 0.3396737426519394 2.506978660821915 0.5106191262602806 1.255125731229782 0.5435885339975357 1.097282886505127 0.8078555762767792 0 0.6121993660926819 0.5630379915237427 0.1584161221981049 0 0 0.604373961687088 0.1150742396712303 0 0 4.986572787165642 0.7698231562972069 2.279763542115688 226.4954313114285 49.26002588868141 340.9490443319082 76.35744947195053 61.82571043819189 12.552356146276 1.997051455080509 34.69297666847706 13.45161900669336 0.4601421281695366 3.200059562921524 0.7571229785680771 16.35917569696903 0 0.1517134308815002 0.4035355001688004 6.791185148060322 0
633.2140514701605 1091.053917244077 6.154976427555084 0 75.06608478724957 417.0898175761104 1528.473145917058 4.723945364356041 104.6366906091571 1979.414254762232 4.327246814966202 387.5707058310509 2765.849204540253 159.3169475570321 2.385004326701164 0.926519401371479 0.3542866706848145 0 0 0 0 0 0 0 0 0 0 0.3919236063957214 0 0 85.31641063094139 20.70034269988537 2.629025772213936 0 0 0.1530557125806808 0.5367298722267151 0.2341711521148682 1.130942806601524 0.215129554271698 0 0.3686528131365776 0.3634192198514938 0 0 0 22.33863842487335 0.4031240493059158 0 0 0 0 0 0 3.202513486146927 2.314293839037418 15.60127740353346 224.5860046222806 9.790068343281746 22.19756053388119 0 0.6021881103515625 0.1644750237464905 58.58070279657841 0.9293497130274773 0.3110262975096703 0 0 0 0 2.774548783898354 0 0 44.82672425359488 44.90347628295422 12.09134332835674 36.84150573611259 3.435347631573677 0.4459481239318848 2.030137255787849 0.5553087145090103 0.549436166882515 9.717862330377102 0 0.6765309497714043 0.5280984938144684 0.906305268406868 0 0 0 0 0.1426727473735809 0 0 0 191.0514364093542 0 0 0.6776663661003113 188.386424139142 0.6117814928293228 0 0.2026831358671188 0.7266917675733566 0.5990574955940247 19.5554970651865 0.3625935465097427 1.755216658115387 13.78930728137493 5.050100550055504 2.146851047873497 9.987517386674881 8.884146846830845 3.698315098881721 6.643859907984734 0 0 0 0 0 0 0 0 0 0 0 0 0 0 0 0 0 0 0 0 0.5073714703321457 0 0 0 1.038310259580612 0.1905121356248856 0.4689515084028244 0 0 0 0 0 0 0.2877885401248932 0 0 0.3077819049358368 0 0 0 0 0 0 0 0 0.1238132193684578 0 0.473700076341629 0 0 0 4.01922045648098 0 0 0.2005744352936745 0 0 0 0 0 0 2.684047400951385 0 0 0 0 1.365583524107933 0 0.213494136929512 0 0 0 0 0 0 0 0 0 0 0 0 0 4.366011470556259 0 0.1888522803783417 76.48480044305325 6.4442338347435 73.2207104191184 14.09913411736488 692.9664187133312 3.974843323230743 0.8879805058240891 7.082652911543846 6.430553495883942 0 0.6691440790891647 0 16.24006281793118 0 0.4639965891838074 1.031167283654213 1.192925155162811 0.5756023526191711
278.4435136243701 6567.396069951355 796.8984429910779 75.06608478724957 0 92.60836674273014 4629.846268996596 438.9514272809029 8258.992866076529 221.2912156432867 1724.09301891923 84.22993369400501 982.8052291944623 416.1526526212692 24.8256986066699 10.91925688832998 0.4432298392057419 0.1238952800631523 0 0.6186172217130661 0.8058114945888519 0 0 0 0.1305470764636993 0.1502636224031448 0 0.7183853387832642 0.4298192262649536 0 566.8566090762615 87.57945041358471 22.22322608530521 0.3035971075296402 0.2030228674411774 0 4.820743158459663 0.7133031636476517 1.652563475072384 1.67624469101429 0.395911306142807 0.2363074943423271 0.6872669756412506 0.8104694932699203 0.6072863340377808 0.2978219240903854 226.4217574372888 3.700154356658459 0.3833753913640976 0.964423306286335 0.7179256230592728 0 0.89862459897995 1.475242540240288 16.54258893430233 11.78709342330694 37.89768268167973 293.5705071762204 21.9926098883152 100.1083486303687 0.5227938517928123 0.8433077931404114 0.4934520572423935 220.2764868438244 4.974038131535053 2.93494725227356 1.053629867732525 2.668506264686584 0.76780916005373 0.2752393931150436 3.252297922968864 0 0 136.3757435679436 114.7324318364263 125.6767273545265 277.1404634192586 35.04288971424103 2.502528443932533 28.38319239765406 1.011657416820526 5.949151501059532 41.59638127684593 1.995381899178028 3.908690318465233 4.188101202249527 3.762137494981289 0 0.4213494509458542 0 0.3243431001901627 0.1677668690681458 0 0.4981419146060944 1.213498994708061 399.0048986002803 0.6527299582958221 0 0.7552074640989304 37.3025713339448 1.660622358322144 0.8863738477230072 2.333525598049164 2.128246441483498 2.754786968231201 45.90493208914995 3.69084557145834 11.00815746933222 27.47964070737362 33.62052918225527 7.039115786552429 77.55554105341434 42.96071445196867 27.31726353615522 41.39418434351683 0.4731640964746475 0 0 0 0 0 0 0 0 0 0 0 0 0.1514841467142105 0 0.1667227894067764 0 0 0 0.1427873373031616 0.6191917061805725 0.2990823090076447 0 0 1.405154198408127 0.9256553500890732 6.691047824919224 0.2798817828297615 0 0 0 0 0 0 0.1894138008356094 0 0.5359409227967262 1.850245364010334 0.186484158039093 0 0 0 0 0 0 0 0.3520870208740234 0.7232982069253922 0 0 1.137261807918549 23.29022321105003 0.171082004904747 0.1098002791404724 0.09130024909973145 0 0.1281638890504837 0 0.1218789592385292 0 1.009642913937569 15.88977558910847 0.1417417973279953 0 0 0 8.501181147992611 0.4016765505075455 1.695604249835014 1.743366993963718 2.786970123648643 3.282071247696877 0 0 0.1856414377689362 0 0.1573904305696487 0 0 0 0 0 14.79019692540169 0.457684651017189 1.443166598677635 765.5978848487139 64.6395558193326 647.9997137784958 105.4205869659781 384.4804864898324 28.53170791268349 1.390450045466423 69.41780208051205 55.34636034071445 1.045059286057949 6.031884849071503 1.40444503724575 86.36425666511059 0.5284189879894257 0.1266725659370422 3.81680916249752 11.12372317910194 1.41655620932579
81.50813056528568 571.0128463208675 2.986710250377655 417.0898175761104 92.60836674273014 0 368.6069615185261 2.40498274564743 52.06654979288578 1169.142158046365 7.189749270677567 210.0946492552757 428.238330103457 36.34337358176708 0.5641316622495651 1.92924964427948 0 0 0 0 0 0.3855059444904327 0 0 0 0 0 0 0 0 11.36433327198029 0.1727455705404282 5.927686139941216 0 0 0 3.379782564938068 0 10.51864314079285 0 0 0 0 0.7592996656894684 0 0 1.927618257701397 0 0 0 0 1.457244902849197 0 0 0.2987975627183914 1.004681922495365 52.68763843178749 97.76672601699829 1.517362415790558 2.637824155390263 0.414068728685379 12.21757072210312 0 4.802067488431931 0.1424829065799713 0 0.107917532324791 0 0.1932753920555115 0.1197334378957748 42.72640189528465 189.4186803996563 3.82519793510437 6.362895533442497 7.588665992021561 0.8223147392272949 1.210683211684227 0.3298926502466202 2.2960085272789 8.995383128523827 1.233102530241013 9.222990974783897 0.3896204382181168 0 0 0.08202409744262695 0 2.657164916396141 0.5398954451084137 2.53184300661087 0.1639475673437119 0.3894596248865128 0 0 0 392.8000768572092 97.91443908214569 19.78054076433182 22.7831709831953 346.4900621026754 0 0 0 0 0 2.545718669891357 1.182644367218018 0 2.740580543875694 0.4423834532499313 0.468974843621254 2.079413861036301 0.6310859620571136 1.804873123764992 0.8371061384677887 0.3905602395534515 0.1160980761051178 0 0.2362731993198395 0 0 0 0 0 0 0 0 0 0 0.2888008654117584 0.3873739540576935 0.6582800596952438 0 0 0.2405765205621719 0 0 1.368659473955631 0.1596160233020782 2.78082412481308 2.981112629175186 6.663361012935638 2.022837273776531 1.822783753275871 0 0 0 0 0 0.6999203711748123 0 0 0.3390423506498337 0 0 0 0.8151592016220093 0 0 0 0 0.1099952980875969 0 0 0 0.6254138350486755 4.433853477239609 0 0 0 0 0 0 0 0 0 3.360485032200813 7.587949275970459 0 0 0 0.8484957814216614 1.189696401357651 0 0.126705676317215 0.3114994615316391 0.4121521562337875 0.159224808216095 0 0 0 0 0 0 0 0 0 0.4779460579156876 2.593399748206139 2.629146322607994 11.74117385596037 1.341898784041405 7.744498454034328 3.23480236530304 93.90641900897026 0 0 0.7337271273136139 5.491675555706024 0 0.8670060858130455 0 5.18435725569725 0 0.1628071069717407 0.3312499821186066 0.7742893248796463 0.2403755336999893
300.4226320162416 3766.422255314887 45.08133517950773 1528.473145917058 4629.846268996596 368.6069615185261 0 50.77649963647127 2480.632332406938 3601.880078300834 151.6965921446681 178.6236149668694 2283.448753140867 39.82471738010645 24.84651260077953 12.22616975009441 0.4013688191771507 0.1938932985067368 0 0.2675517126917839 1.344279438257217 0 0 0 0.108671136200428 0.7594047784805298 0 0 0.3915118128061295 0.1008807197213173 164.9682796373963 47.26596958935261 6.170570947229862 0.6607498973608017 0 0 1.112133517861366 0.1284114569425583 0.8495131656527519 0.872988224029541 0 0.6263643726706505 0.1194624900817871 1.741199612617493 0.1384066492319107 0 169.3796016871929 2.972960226237774 0.2659773230552673 1.428837805986404 0.2023897171020508 0.2064599394798279 0 0.8734357357025146 12.74510049819946 10.43471816182137 30.86808491498232 252.3659684285522 22.91504673659801 84.58798736333847 0.5606071352958679 0.257063202559948 0.3074755221605301 174.4517027884722 5.673720605671406 2.240338228642941 1.270666502416134 3.186227023601532 0.7538342922925949 0.1123921349644661 4.084329210221767 0.9808594435453415 0 121.1570355668664 93.06475161761045 102.2026081606746 196.9257286116481 23.98512741923332 1.634987160563469 12.41524615883827 0.2956157624721527 2.861592084169388 37.14008875191212 0.8336773663759232 1.916071720421314 3.25615843385458 4.084088973701 0 0.3374158665537834 0 0 0.2086499929428101 0 0 1.68676470965147 716.2341453135014 1.09836108982563 0 0.1086924746632576 89.61046829819679 1.579050131142139 1.205818176269531 6.24111295491457 4.167701408267021 3.081987030804157 65.49045771360397 3.610618188977242 18.89737721532583 62.70577209442854 50.35347594320774 10.27826032042503 121.7407352775335 71.2782127559185 42.41435301303864 55.27211610227823 0.1893547475337982 0 0 0 0 0 0 0 0 0 0 0 0 0.2111855149269104 0 0 0 0 0 0.6753477454185486 0.6286685764789581 0 0 0 4.587839424610138 0.8016273006796837 5.28745075315237 1.606297120451927 0.6551549881696701 0 0 0 0.1518548130989075 0 0.1649130284786224 0 2.088259004056454 2.331586122512817 0.3490451574325562 0 0 0 0 0.4149609208106995 0 0 0.4478574469685555 2.462983772158623 0.2249788790941238 0.3337314873933792 0.4222844839096069 32.93666101247072 0 0 0 0 0 0 0 0 0 24.40833111107349 0 0 0 0 10.17245727777481 0.5035067051649094 1.526385903358459 2.329111069440842 3.436803087592125 3.756988622248173 0.5260045379400253 0 0 0 0 0 0 0 0 0 22.83612974733114 0.3485733270645142 1.371886432170868 692.8276212066412 54.41969759017229 529.4197761416435 99.96981552243233 873.1534675657749 24.4616296812892 3.523455820977688 64.66261202841997 54.53341149538755 1.183409914374352 4.78006874024868 1.646440252661705 147.3606286346912 0.3423712104558945 0 3.636503636837006 9.536434628069401 1.211600005626678
10.40833933651447 368.3081430122256 1400.770213067532 4.723945364356041 438.9514272809029 2.40498274564743 50.77649963647127 0 1082.920176900923 3.089472107589245 3987.241377569735 15.73569814860821 184.4255412295461 308.7369747012854 67.89905251562595 108.3871463835239 40.01155600696802 32.97692874073982 11.31815357506275 14.6179311349988 13.46289438009262 0 2.475669801235199 0.7390353381633759 2.325347535312176 4.355810739099979 1.505922734737396 1.43217321485281 7.09964957088232 0.1984494924545288 334.6005353704095 2134.502143532038 45.60382203012705 88.35747896134853 1.677917592227459 1.683960914611816 37.13396860659122 3.569671615958214 20.17494221031666 7.744213610887527 6.683905377984047 9.120808944106102 60.01705984026194 134.753792218864 46.67492772638798 97.72213059663773 134.125247888267 21.74438739567995 26.81684030592442 103.3583908975124 5.808322474360466 1.512692973017693 0.6950424015522003 2.96408649533987 3.172198504209518 4.982127323746681 19.97014682739973 122.896705724299 7.638788603246212 40.58839631825686 155.9714997559786 6.852093383669853 60.98881519585848 387.0721158385277 2.76996061205864 10.50491004437208 2.77033331990242 29.27871689200401 60.96805711090565 75.98686042428017 19.81113678961992 10.19178645312786 0.1323236078023911 45.08927173167467 67.63339924812317 117.3489349633455 547.2703547179699 703.2267320156097 970.6348832473159 3009.079234108329 261.7588212415576 1427.945563405752 19.10297980159521 0.261590264737606 10.44693971425295 1.862602651119232 90.81872799992561 0.3128056526184082 3.67756437510252 1.585007339715958 3.605319134891033 2.773734226822853 5.559749349951744 1.252303786575794 14.2257933318615 43.84572185575962 18.42909939587116 0 6.120594419538975 0.3916703313589096 1.410085707902908 0 0.7716008573770523 0.2615667879581451 0.4002251029014587 4.848005652427673 0 1.173540145158768 4.160996690392494 3.683092437684536 2.511566385626793 8.498118117451668 5.025265090167522 11.38364604115486 12.80118126422167 0.712822899222374 0.614592619240284 0 0.1244200840592384 0 0 0.5198296159505844 0 0 0.1462307721376419 0.3798839598894119 0 0.2535680159926414 0 0.1100575402379036 0.577471986413002 0.1172011494636536 0.9988120645284653 0.2861210405826569 0.4064205586910248 0.4687814712524414 0 2.180090315639973 0 6.276831120252609 3.781030885875225 14.16069340705872 3.057178638875484 1.092511311173439 0 0 0 0 0.2853461503982544 0.3914865404367447 0.1605349779129028 1.204304665327072 1.314303994178772 0 0.1363236606121063 0 0.2437480464577675 0 0 0 0.1318257004022598 0.3115892261266708 0.6174637526273727 0 0.5708073526620865 2.300224430859089 26.66686806082726 0 0 0.1022344008088112 0.3032599091529846 0.1172114238142967 1.166038200259209 0.1666352301836014 0 0.358573853969574 15.46263092756271 2.6416005641222 0.2083180695772171 0 0 4.863571524620056 1.562653243541718 2.972353830933571 1.099165946245193 0.9870826154947281 1.663664400577545 0.7632337957620621 0.5126002430915833 0.3728041499853134 0 0 0 1.758083648979664 0.5895934402942657 0 0 3.718760147690773 0.51362644135952 4.038075558841228 497.9019926041365 39.78747813403606 412.1737303882837 73.83757646381855 61.32809033244848 9.668268002569675 0.761393129825592 44.32894860208035 30.27112886309624 0.8177527785301208 6.353530772030354 0.6285106316208839 22.07582248747349 0.4862289279699326 0.1208775714039803 1.275680303573608 8.123582147061825 0.62686687707901
11.08756081014872 777.1858245059848 375.1645600050688 104.6366906091571 8258.992866076529 52.06654979288578 2480.632332406938 1082.920176900923 0 191.3446121662855 4305.637711837888 94.34874603152275 3094.695258460939 1610.790795363486 66.57577516138554 47.27521247416735 2.758355900645256 1.298236437141895 0 0.08762916177511215 2.277475506067276 0 0 0.1165225580334663 0.2093783095479012 0.7764192223548889 0.2875635325908661 0.2025678604841232 1.130580186843872 0.100923165678978 30.19669102877378 20.97859166562557 184.7278471142054 0.7475171238183975 0 0 30.84345144033432 2.04134863615036 6.326481744647026 6.052685394883156 0.2096022516489029 0.5963164865970612 1.315677091479301 4.750764481723309 0.4108802080154419 0.2968858331441879 185.7067822664976 2.636063739657402 1.035769797861576 1.85202793776989 0.9473911672830582 0.1968913376331329 0 1.234540112316608 8.315912485122681 8.608859822154045 11.97876071184874 34.24349539726973 12.24009241163731 58.0384504199028 0.117383636534214 0.9700313732028008 2.356848694384098 59.31570620834827 4.40763546526432 2.909026876091957 0.4306318312883377 2.427777275443077 2.186491675674915 1.526947326958179 16.20752045512199 0.4278886616230011 0 60.44438602030277 30.8464232981205 120.3222721889615 223.6775736361742 44.02919919788837 4.364054620265961 83.17922465503216 1.411205522716045 12.73050239682198 30.02899128943682 0.4826364293694496 1.797822959721088 1.703606583178043 3.409604020416737 0 0.2712612748146057 0.1291465312242508 0.7947032526135445 0 0.7512626498937607 0.3223569914698601 1.177890703082085 387.4361357614398 2.04566016793251 0 0.7608195394277573 10.70307089388371 1.149762831628323 0.6721391975879669 2.677930995821953 2.146574258804321 0.8003011643886566 40.68314322829247 2.137079611420631 10.98030370473862 27.47102573513985 30.43485698848963 6.685446195304394 64.18363300710917 46.73818702995777 33.11896272748709 39.8697461783886 0.1153549700975418 0.1880084574222565 0 0 0 0 0.3206989765167236 0 0 0 0 0 0 0 0 0 0 0 0 1.399207532405853 0.6133947372436523 0 0 0.1465319991111755 4.519918486475945 0.6401098072528839 6.926324456930161 0.5748978704214096 0 0 0 0 0 0.1715515404939651 0.4360058754682541 0 1.496248424053192 1.194450944662094 0 0 0 0.2937682345509529 0 0 0 0 0.450175516307354 0.6352234333753586 0.3687913417816162 0.4323598444461823 0.6428428888320923 27.15281987190247 0.2269869744777679 0 0.1658618673682213 0 0 0 0 0 0 20.21160296350718 0.553881973028183 0 0 0 7.739044018089771 0.5031450167298317 0.6077901870012283 2.302551738917828 3.985507756471634 3.433981336653233 0 0.1102505177259445 0.1525883674621582 0 0 0 0 0 0 0 20.10122717916965 1.968158468604088 0.7219239920377731 827.5303145721555 51.57796134054661 629.3066681846976 141.8416507914662 166.6829439848661 29.48605735599995 1.818399973213673 75.57604899257421 43.20158212631941 1.378542974591255 4.890281453728676 0.6735282093286514 60.2350197583437 0.1398591548204422 0 3.033190667629242 13.43295399099588 1.031089007854462
1409.19723021239 822.5737631097436 16.29508975148201 1979.414254762232 221.2912156432867 1169.142158046365 3601.880078300834 3.089472107589245 191.3446121662855 0 22.34082397818565 1118.429354965687 6819.897692404687 808.594118565321 10.01604638248682 8.279058456420898 0.1348569989204407 0 0 0 0 0 0 0 0 0.1373765170574188 0 0.1739630699157715 0.2109887450933456 0 100.7346805334091 15.79073299467564 16.05810968577862 0.3277526646852493 0 0 5.40124025195837 0.1973098069429398 0.5081887915730476 1.225278735160828 0 0 0.2615786492824554 0.9397232085466385 0 0.7200644016265869 43.96107805520296 0.569567434489727 0 0.1662868857383728 0.1305717825889587 0 0.2727931439876556 0 4.660620123147964 3.751301951706409 30.33389843255281 299.9801709726453 13.77501142024994 36.28190928697586 0.2876683175563812 0 0 74.84077335894108 1.652398943901062 0.8243488222360611 0.1101225391030312 0.465927742421627 0 0 9.779040887951851 3.828119978308678 0.3300150334835052 81.4961222410202 67.21849899739027 23.93122634291649 44.2763564363122 7.861940458416939 0 7.838253870606422 1.219526410102844 2.860955417156219 11.17229484021664 0.6633654907345772 0.792322926223278 1.013695925474167 1.208544827997684 0 0.2850492596626282 0 0 0 0.1871465891599655 0 0.2527134716510773 1111.475112721324 2.931513652205467 0.7725288271903992 0.3810228407382965 507.3729558140039 0.7482557222247124 2.693720489740372 12.33667561411858 18.06816492974758 1.405037961900234 83.83534011989832 7.519705921411514 14.36972412467003 81.32259668409824 76.31841864436865 9.823988012969494 265.4782815650105 100.959168471396 140.5219359248877 36.15095510333776 0.2933110818266869 0.145197257399559 0 0 0 0 0 0 0 0 0 0 0.1473366022109985 0 0 0 0 0 0 1.179402582347393 1.463047385215759 0.1588883101940155 0.1079044416546822 0.3767664879560471 2.150441378355026 0.8409149646759033 4.4964654520154 0.5177343189716339 0 0 0 0 0 0 0 0 0.8797087892889977 2.024480760097504 0 0 0 0 0 0.09529639780521393 0 0 0.8658819869160652 1.625394865870476 0.389239102602005 0 0.2805200219154358 19.70221906900406 0 0.2323227077722549 0 0 0 0 0 0 0 18.88603450357914 0.5922199487686157 0 0 0 10.29602110385895 0.1652623414993286 1.80552014708519 4.336115963757038 3.238294988870621 2.626710139214993 0.6153580546379089 0.4285841807723045 0 0 0 0 0 0 0 0 26.97694429755211 0.8592961132526398 0.8723181784152985 307.4657213464379 13.05887086689472 152.3926208466291 32.18515696376562 1672.498484283686 4.766677394509315 0.7923729121685028 24.33877473324537 43.42027557641268 1.421332873404026 7.737364254891872 0.7930065765976906 128.9971056804061 0.1336283981800079 0 1.229251638054848 3.03566212952137 1.653580725193024
31.45834444463253 1740.927627712488 3382.591230757535 4.327246814966202 1724.09301891923 7.189749270677567 151.6965921446681 3987.241377569735 4305.637711837888 22.34082397818565 0 166.8399659469724 1762.012557566166 2311.457916989923 137.7939943745732 155.5889355763793 12.22882875055075 2.710504978895187 0.5613077655434608 1.040103197097778 7.039447620511055 0 0.9696236103773117 0 2.768096148967743 1.944505713880062 1.149624042212963 0.9117222279310226 1.349926605820656 0.1370278000831604 302.3053829818964 401.6051981970668 781.0689014345407 8.522694021463394 0.7401342689990997 0.6585615202784538 191.6186860278249 19.55972969532013 43.79471430182457 36.40969903022051 2.431651502847672 1.338702581822872 12.33117435127497 35.68379738181829 1.88721190392971 4.255059599876404 282.2199029400945 10.58057534694672 3.955638572573662 11.14999463409185 2.964027717709541 0.8289275094866753 0.5382640808820724 1.486850515007973 10.12457935512066 11.02440097182989 20.42857751250267 118.1197444871068 15.28005189448595 79.33445484936237 5.693036265671253 7.760424219071865 19.3005029708147 181.3050405085087 6.28621044754982 3.957568049430847 1.292484000325203 9.76326858997345 11.64333185553551 23.15105599910021 80.35702526569366 4.977176278829575 0 83.30581862479448 84.51254118233919 199.4127440005541 477.2920278683305 141.1318964064121 98.57338436692953 786.7846252396703 6.580378964543343 96.79875245690346 35.83693844825029 1.436843127012253 4.058196127414703 3.455120027065277 17.30797722190619 0.2171656042337418 1.066703528165817 0.1894032955169678 1.298697277903557 0.3891530260443687 3.152917832136154 0.9360130578279495 4.470166616141796 185.7313382774591 11.74069079756737 0 5.237641341984272 6.508837997913361 1.473610006272793 0 1.679106302559376 1.248603120446205 0.9794977903366089 18.22222156822681 1.187111020088196 3.112811230123043 11.10805335640907 13.8243667408824 5.39501816034317 45.68467116355896 33.31112094223499 26.92907173931599 44.71862402558327 0.8201118633151054 0.6734509170055389 0 0 0 0 0.1804187744855881 0 0 0.1678741127252579 0.1625266671180725 0 0.1291374266147614 0.3673970252275467 0.1266664564609528 0.140432134270668 0 0.2696961164474487 0 0.3998713046312332 0.8433088362216949 0 0.8485234528779984 0.3099369704723358 6.570650301873684 4.905127249658108 15.05749125033617 2.185806483030319 0.1295711845159531 0 0 0 0 0 0.282878689467907 0 0.6910741329193115 1.788842886686325 0.1912474036216736 0 0 0 0 0.1076031699776649 0.3536747917532921 0 0.2602120935916901 1.693278566002846 0.2365950345993042 0.1758712530136108 1.089318998157978 42.05365618318319 0.1903272271156311 0 0.1858842447400093 0 0 0.1691663712263107 0.1471147537231445 0.1469486504793167 0 36.89122313261032 0.3520677611231804 0.1830461025238037 0 0.1291494220495224 13.07383695989847 1.398919455707073 3.039541110396385 1.501322448253632 2.588770195841789 2.939677730202675 0.4133394807577133 0.2791334688663483 0.1350952237844467 0 0 0 0.1525716334581375 0.134267121553421 0 0.3617138862609863 22.82507168501616 3.074180796742439 3.194683693349361 694.5899617001414 64.9533219113946 704.0451236367226 152.8372941538692 97.91759824752808 26.47295808792114 1.553291693329811 76.56162240356207 36.34225513041019 1.891325578093529 8.157813929021358 0.9667015671730042 36.23662270605564 0.7277470678091049 0 3.92470121383667 16.88230468332767 3.512953370809555
79.58437910676003 57.14611127972603 70.18477833271027 387.5707058310509 84.22993369400501 210.0946492552757 178.6236149668694 15.73569814860821 94.34874603152275 1118.429354965687 166.8399659469724 0 3610.855027139187 658.3332420662045 42.37755459547043 57.10358361899853 2.747056424617767 0 0.1917652189731598 0.1163916811347008 1.446459218859673 0 0 0 0.3689696341753006 0 0.1128102019429207 0 0.3133702427148819 0 22.29172912985086 10.80421389639378 406.5679298937321 0.2939990162849426 0 0 157.9221942052245 2.837583780288696 23.91221372038126 8.79614745080471 0 0 0 13.09476982057095 0 0.6198259741067886 49.08576403558254 1.16693376749754 0.2754394263029099 0.305132195353508 1.97525928914547 0 0.1482990980148315 0 2.321459159255028 1.84660429507494 3.870925277471542 37.12236329913139 2.688098341226578 11.16142357885838 0.8881472200155258 15.55630349367857 0 35.85267736017704 0.6554610654711723 0.7032959461212158 0.1217717826366425 0.2049278691411018 0 0.261177659034729 141.6755647212267 16.59419699013233 0 21.48395064473152 17.25299848616123 32.48423556238413 39.05072641372681 30.40060374885798 11.87177823483944 81.26790647953749 0.9837213605642319 22.68022563308477 6.38976364582777 0.2015607506036758 0.7984173595905304 0.9640975892543793 0.2322322949767113 0.1893761605024338 0.2388000339269638 0 0.1152559220790863 0.3797078281641006 0 0 0.1352599710226059 2324.753803774714 26.93676714599133 0 6.279294721782207 46.48453168570995 2.848838441073895 1.777725234627724 4.966896004974842 6.658424988389015 4.553678512573242 69.63988477736712 5.628098115324974 19.57485328614712 52.69702161848545 56.40234929323196 18.99599082022905 157.0897952467203 113.2951081395149 92.88654154539108 112.0705774500966 0.2519093155860901 0.5868556350469589 0 0.2277947962284088 0 0 0 0 0 0 0 0 0 0 0.1016835123300552 0 0.1200711578130722 0 0 0.9768931195139885 2.303343176841736 0 1.487217679619789 0 16.64002161473036 3.38637001812458 25.52718836069107 1.473794601857662 0.4503725916147232 0 0 0 0.3942774534225464 0 0 0 2.702207684516907 4.25446767359972 0.2777326256036758 0 0 0 0 0 0.1711078584194183 0 0.543328121304512 3.282976768910885 0.3132627159357071 0.6527485400438309 1.949579663574696 91.43109530955553 0.2314124703407288 0 0 0 0 0.2640250027179718 0 0 0.3097158521413803 71.59103266894817 0.8742084503173828 0 0 0 27.47855543345213 1.090346202254295 5.594790242612362 5.08640193939209 5.124695166945457 9.048454143106937 1.028585657477379 0.2334657609462738 0.3269238620996475 0 0.1115977391600609 0 0 0 0 0 68.25257460027933 5.211626872420311 3.180532276630402 279.9030223414302 18.47318644821644 190.1723440885544 43.20997869223356 243.3818480148911 4.093950897455215 3.083748839795589 33.89753467589617 43.27241896092892 1.27039211243391 13.07432767003775 1.568231366574764 107.5350689589977 0.6152969598770142 0 3.407574482262135 3.095779724419117 0.2114696055650711
263.1333830356598 847.3704182654619 139.2584679797292 2765.849204540253 982.8052291944623 428.238330103457 2283.448753140867 184.4255412295461 3094.695258460939 6819.897692404687 1762.012557566166 3610.855027139187 0 2666.023976773024 128.3014956787229 134.3487852364779 10.70989265292883 0.3627867996692657 0.1712540537118912 0.1399278789758682 2.465556904673576 0.283576637506485 0 0 0.128612607717514 0.9696034938097 0.2554125487804413 0.5138374119997025 1.539200395345688 0.5830569714307785 42.18158854544163 23.94505742937326 2308.581435568631 0.3078055530786514 0.5975558161735535 1.527659922838211 435.6523775979877 8.800952956080437 47.7339084148407 23.05915515869856 0.6079948395490646 0.3862677961587906 1.194330826401711 26.25571630895138 0.3160717785358429 2.031576603651047 199.6748989224434 2.976164788007736 0.5189844220876694 1.317533545196056 0.7793693095445633 0.122552402317524 0.2998883873224258 2.13004245609045 9.858016796410084 7.782711535692215 14.4395283088088 104.0695827826858 15.2685037702322 55.72321262210608 5.457475520670414 56.91724437475204 2.486266389489174 63.28188104182482 3.379346147179604 2.644937582314014 0.6432820484042168 3.141019716858864 2.675718940794468 1.396668121218681 193.3514499440789 27.09107919037342 0 60.37732250243425 41.03621345758438 113.650171764195 185.5895865038037 86.44201362133026 26.95048961043358 365.3267545104027 12.85201820731163 79.56063928455114 24.20326460152864 0.9973140805959702 2.359938181936741 3.749610610306263 4.148303486406803 0 1.668615765869617 0 0.7862050607800484 0.6890780031681061 0.7782171964645386 0.2595131173729897 1.589331410825253 3515.329715691507 24.26128199696541 0.2113191336393356 9.104003578424454 79.28168086707592 7.150748081505299 2.700229614973068 7.132489666342735 10.69808635860682 6.92567852139473 133.1358358711004 7.093725495040417 42.16333967447281 88.17002149671316 91.31855901330709 30.25570987910032 273.459739677608 183.8818390220404 142.2750038430095 172.1226681694388 0.7383467927575111 0.8580977842211723 0.1883578896522522 0.3338699191808701 0 0 0.6843400597572327 0 0 0 0 0 0.5997099503874779 0.2418030947446823 0.2723800092935562 0.1795467138290405 0.2673084884881973 0 0 2.294549532234669 2.975473344326019 0 1.746477514505386 0.3421265780925751 21.61181358993053 8.492570027709007 47.65133624523878 4.232523463666439 2.23921587318182 0 0 0 0.2908371239900589 0.5295373201370239 0.5622302666306496 0 2.921054609119892 6.250542379915714 0.2406293004751205 0 0 0.2809882909059525 0.2218308746814728 0.08241841197013855 0.4108126237988472 0.2242612689733505 1.7148607224226 1.985286295413971 0.5417815446853638 1.647910043597221 2.015494033694267 130.8226022571325 0.5306284725666046 0.2512693032622337 0 0.3784177005290985 0 0 0 0 0.2317817807197571 118.8620644286275 1.659507073462009 0 0.2098726332187653 0 37.76689726114273 2.628255531191826 7.884909711778164 8.996701642870903 11.82864900678396 11.9186834320426 2.794527262449265 1.416954278945923 0.1200839728116989 0 0 0 0.1402436792850494 0 0 0 107.2594240084291 10.41469940543175 8.309300273656845 1000.014012560248 70.35065149515867 673.9310209080577 174.8957982510328 600.2423124611378 29.35884509980679 3.529724940657616 94.97618892788887 89.61694069951773 3.52289529889822 16.84844294190407 2.698594525456429 183.2405890598893 0.7335121333599091 0.1787282675504684 6.79490077495575 19.11292968690395 3.111061833798885
