0 3802.525921724737 684.8274592906237 1984.953773118556 592.952777557075 146.6098056584597 308.7826315313578 148.7586523965001 138.7961896583438 1907.307761140168 274.5631488785148 282.6450217962265 327.2903550565243 25.16865636408329 2.359625689685345 0.4220617339015007 0.1795019656419754 0 0 0 0 0 0 0 0 0 0 0 0 0 613.3211493194103 14.39542429894209 4.830177843570709 0.1422906965017319 0 0 0.5264227688312531 0 3.337258994579315 0.6385507881641388 0 0 0 0 0 0.1072615683078766 2.781113229691982 0.5558747351169586 0.1072802320122719 0 0 0 0 0 0.9363528490066528 3.025441080331802 338.9506062492728 660.5743152424693 26.83651399612427 5.201172433793545 1.054042249917984 4.165442943572998 0 109.256386756897 1.038692645728588 0.8910092115402222 0 0.3063236773014069 0 0 15.6951240003109 27.28311061859131 0.7897833287715912 107.9499478265643 24.10937328636646 29.45375118404627 4.403063617646694 0.8911890238523483 0.1209422051906586 3.111002206802368 1.337839417159557 3.97425402700901 1.684626720845699 0.2088391482830048 0.5261801853775978 0.9498771354556084 0 0.3875967115163803 0 0.3476727157831192 0 0 0 0 0 475.9585883021355 191.9465956687927 0 4.141151055693626 1173.128305956721 0 0 0 0.7318700551986694 0 0.9587188214063644 0 0 10.24056603014469 0.6982862949371338 0.1572927385568619 0 0.9887381792068481 0.9127366095781326 0 0 0 0 0 0 0 0 0 0 0 0 0 0 0 0 0 0 0 0 0 0 0 0 0 0.8632791638374329 0 0.8288105726242065 0 0 0 0 0 0 0 0 0 0.2902398407459259 0.4428399503231049 0 0 0 0.1748897433280945 0 0 0 0 0 0 0 0 0 3.170718863606453 0 0 0 0 0 0 0 0 0 0.6088557839393616 0 0 0 0.2306322753429413 0 0 0.1543009430170059 0 0 0 0 0 0 0 0 0 0 0 0 0 0 0.2460681200027466 0.3474769592285156 57.21892322599888 3.240880846977234 28.47453781217337 7.982958421111107 1651.566982418299 38.02359349280596 2.672373071312904 3.843941286206245 0.1478896290063858 0.1978031396865845 0.2446901500225067 0 0.5638501644134521 0.1360762268304825 0.1085947528481483 0 0 0
3802.525921724737 0 1212.999652326107 533.8297791257501 7936.895851753652 326.7471927851439 5333.03234501183 290.3019956126809 1998.943409450352 753.1310405656695 1282.962832123041 67.72262018918991 307.8848945051432 24.1942400559783 29.36631336063147 3.816033065319061 0.7314674705266953 0.5101727694272995 0 0.3136235848069191 0.1694708615541458 0 0.1396390497684479 0 0.1997455060482025 0.2501977160573006 0.1133323982357979 0.1299285441637039 0.4654783308506012 0 2618.973229922354 151.7026911824942 4.661242425441742 0 0.1439446806907654 0 2.637579716742039 1.050252951681614 2.553260803222656 0.6711024343967438 0.3328139334917068 0.4599781483411789 0.1628369390964508 1.80068764090538 0.2670629918575287 0.4811051189899445 79.55665072053671 7.549679189920425 0.08560425043106079 0.6119532287120819 0.3993731662631035 0.2668322846293449 0 0.4712933748960495 16.34312590956688 32.58564673364162 233.9900698289275 1540.7531882599 42.32265347987413 49.21680511534214 7.73542246222496 2.91619037091732 0 320.592507943511 18.54139391332865 6.898625865578651 1.444771006703377 0.6545450091362 0.4855517596006393 0 5.546644896268845 3.017045557498932 0 338.5876128524542 170.70448423177 305.2648574188352 45.54594353586435 3.247437030076981 1.216999717056751 7.28913077712059 6.233370251953602 8.104723714292049 35.3706502020359 4.921454891562462 9.769246816635132 14.82744042575359 4.031564369797707 1.259461008012295 1.887486316263676 0.2688464671373367 0.4399149045348167 0.5718409568071365 0.3735069930553436 1.165633670985699 0.7413713857531548 26.6321223154664 2.191653117537498 0 4.774020664393902 868.8614555820823 1.005673930048943 0.2110812664031982 0.3212321400642395 0.1675620079040527 0.1463517993688583 2.322816729545593 0.3802735507488251 0 14.01899088919163 6.393828809261322 1.6656883507967 4.948513761162758 6.489391520619392 6.755270883440971 1.55855830013752 0.1472119241952896 0 0 0 0 0 0 0 0 0 0 0 0 0 0 0.2394569516181946 0 0.1511456668376923 0 1.459148474037647 0 0.2039930373430252 0.282635509967804 0 1.535610608756542 0.6036155223846436 3.460481271147728 1.597718693315983 0.1244202852249146 0 0 0.1344157159328461 0 0 0 0 0 0.1056026443839073 0 0 0 0.4107843637466431 0 0.7811536118388176 0 0 0 0.09097368270158768 0 0 0.894021674990654 2.539871469140053 0 0 0 0 0 0 0 0.1481727659702301 0.2194577381014824 12.52613036334515 0.2654269933700562 0 0 0 0.1924082338809967 2.188890740275383 1.126361399888992 0.5639708936214447 0.5889123231172562 0 0 0 0 0.9239826500415802 0 0 0.1195591762661934 0.09769925475120544 0 0 4.027807235717773 3.281364664435387 3.431883662939072 488.3938357234001 56.48448556661606 444.7674700915813 96.36737401783466 1297.176753982902 116.1152255088091 19.3077684789896 63.72600209712982 6.465740635991096 3.547811113297939 4.030001781880856 3.88639123737812 3.221058718860149 0.7936774343252182 0.9533397853374481 0.4067105799913406 2.084467470645905 0
684.8274592906237 1212.999652326107 0 18.88877455145121 1099.304775238037 0.286596268415451 45.89700440317392 1619.410627625883 314.9137559682131 18.42235662043095 3381.610936410725 59.30645069479942 35.88473774492741 92.64510875940323 22.90982608497143 15.49497810006142 5.414965763688087 0.3518681973218918 0 0.6011795550584793 2.924181491136551 0 7.165835469961166 3.069006726145744 3.406300127506256 0 0.3684227466583252 0.1835186183452606 0.6500472575426102 0.4058699011802673 6770.395474418998 1291.526521280408 27.71111356467009 9.600150607526302 8.038990035653114 5.220931008458138 5.851582691073418 1.582649245858192 13.63037458062172 7.045724667608738 4.181403160095215 2.266535192728043 5.472684398293495 4.214787282049656 0.4013507217168808 2.305497050285339 25.73227797448635 1.643589675426483 0.1881646066904068 2.140370681881905 5.948834359645844 0.147953599691391 1.101137310266495 2.917324066162109 2.77175560593605 6.856645241379738 84.84076478332281 1137.697871483862 10.55336318910122 10.82650711387396 15.20673783868551 2.811026483774185 21.74134285748005 326.499833188951 3.10219494998455 2.472165323793888 2.438523255288601 8.856459967792034 9.773357205092907 8.748498409986496 56.49080196022987 7.207021936774254 0 103.3926345482469 103.8615468367934 104.3072223737836 52.63984472304583 7.607098825275898 6.080607578158379 154.6301236972213 9.887278445065022 38.77698370069265 9.273337051272392 0.9160275831818581 1.759578712284565 3.439832210540771 2.571342192590237 0.1465605050325394 1.360878944396973 0.175709992647171 1.063168808817863 0.5125287547707558 2.170187890529633 1.711478792130947 0.9578187614679337 115.3955851495266 9.741277635097504 0.662566065788269 15.45569017529488 378.3794800713658 0.6007507741451263 0 0 0.6191697716712952 3.172728955745697 7.634108155965805 0.5376461148262024 0.6471327692270279 5.855562537908554 16.06998041272163 6.260062336921692 20.27330340445042 18.88484072685242 20.65402702987194 8.792496800422668 0.1223450973629951 1.25819456577301 0.1482381969690323 1.11397984623909 0 0 0.1207710951566696 0 0.2063016891479492 0 0.1714032590389252 0 0.4995158016681671 0 0 0 0 0 0.1263037770986557 1.529842555522919 0 0 0.9328697323799133 0.3693339228630066 12.73795790970325 3.711306199431419 8.617564544081688 5.522453188896179 3.22390878200531 0.1283646374940872 0.3068914413452148 0 0 0 1.251220390200615 0.1279912441968918 1.357330590486526 1.01577752828598 0 0 0.1569079905748367 0 0.4463976472616196 0.2777578309178352 0 0 0 0.3902899324893951 0 0.6295852959156036 1.692236840724945 9.202975869178772 0 0 0.3503739535808563 0 0 0.1691840440034866 0.1516036540269852 0 0.5845028609037399 31.92616906762123 1.285088613629341 0 0.1624428927898407 0.4201717525720596 2.450785547494888 2.492007210850716 9.802874058485031 2.170728296041489 0 0 1.874187365174294 1.667242601513863 0 0 0 0 0.1459392458200455 0.1443064510822296 0.1381030976772308 0 7.46938294172287 7.804988145828247 8.877382978796959 184.0138690248132 23.84113265573978 113.099312491715 25.51289734989405 172.4725506007671 24.47873479872942 4.759090408682823 22.72869532555342 14.63138153403997 0.9747117310762405 3.622173897922039 1.471866443753242 5.207288801670074 0.7629279419779778 0.2433242276310921 1.8962342441082 1.036659613251686 0
1984.953773118556 533.8297791257501 18.88877455145121 0 56.68912430852652 402.013649597764 484.3847605213523 1.568252250552177 15.39770603179932 3123.269631743431 4.817371860146523 1186.144219458103 2052.590268440545 37.98823621869087 4.7990527972579 0.4619913175702095 0.1150744929909706 0 0 0 0 0 0 0 0 0 0 0 0 0 256.7405413836241 52.0901450663805 1.283320285379887 0 0 0.3293039500713348 1.028277486562729 0.197913184762001 0.9161472469568253 0.1407803148031235 0 0.09070997685194016 0 0.4422709792852402 0.1930078864097595 0 14.53192868083715 1.275519154965878 0.1264981031417847 0 0 0 0 0 6.268837183713913 9.254070021212101 57.12007828056812 291.5091225132346 11.57435490936041 11.26766315847635 1.562692508101463 0 0 106.9727512076497 4.861946351826191 1.706178605556488 0.4618651792407036 0.2955958917737007 0.6714592352509499 0 1.669162049889565 0.4969789683818817 0 78.26348233968019 36.65490913391113 67.91275584697723 11.98663929849863 0.5052095800638199 0.4776655212044716 1.771724842488766 1.797463662922382 1.727397173643112 8.905580446124077 1.136109694838524 0.8651406913995743 4.060642331838608 1.090784780681133 0.4032199159264565 0.5472102463245392 0.1376351714134216 0 0 0 0.3683083057403564 0 33.19848099350929 0.7882025241851807 0 3.164905421435833 221.474606320262 0 0 0 0 0 1.69205978512764 0 0 11.65613448619843 2.832427173852921 1.297069400548935 2.589312434196472 4.915584594011307 6.388237148523331 1.132157295942307 0 0 0 0 0 0 0 0 0 0 0 0 0 0 0 0 0 0 0 0.4113360345363617 0 0 0 0 0.4839471280574799 0 0.7566601634025574 0 0 0 0 0 0 0 0.2198355495929718 0 0 0 0 0 0 0 0 0.08740192651748657 0.1740410476922989 0 0.2100349366664886 0 0.2005683183670044 0 0 1.283058270812035 0 0 0 0 0 0 0 0 0.1456702202558517 4.465443655848503 0 0 0 0 0.6167617589235306 2.062098771333694 0.5081719309091568 0.08351637423038483 0 0 0 0 0 0.1276161819696426 0 0 0 0 0 0 1.586397022008896 1.030187658965588 1.698815017938614 135.7758894041181 13.82514918595552 115.3090414255857 21.55129290372133 815.084173925221 34.72779508680105 5.999484479427338 13.96588259190321 1.223555028438568 0.5891644433140755 1.798911832273006 0.5540137887001038 0.5757828205823898 0.4041126519441605 0.1248567253351212 0 0.217652291059494 0
592.952777557075 7936.895851753652 1099.304775238037 56.68912430852652 0 40.03022249042988 7035.161109693348 290.4485700502992 6779.967528574169 457.1072011068463 551.2043449431658 79.85208077728748 259.8592519164085 122.2413887381554 88.28660068660975 17.82854902744293 2.625836193561554 0 0 0.9139725714921951 0.2820975109934807 0 0 0 0.2029469907283783 0.3545800969004631 0.1231620013713837 0 0.334614060819149 0 806.0491709560156 206.1792603731155 9.530626632273197 0.1910367161035538 0 0 3.027307569980621 0.5821176543831825 3.046761214733124 0.6060450524091721 0.7382577136158943 0.8082143142819405 0.2015651017427444 2.050705306231976 0.09084714204072952 0.7593056336045265 141.4308162778616 13.77713862061501 0.374027892947197 0.6181401461362839 0.9032357633113861 0.7355664744973183 0.136739507317543 1.64091283082962 13.61208580434322 31.07190514355898 85.76465263217688 544.2589044719934 27.22938301414251 40.52929873764515 4.396297611296177 3.317752301692963 0.372400775551796 314.5436624139547 22.67900263518095 9.685040310025215 1.605759993195534 1.463821269571781 0.8445461839437485 0.3687549978494644 27.395068988204 2.497690454125404 0 194.5178126320243 156.5444973260164 380.3519607782364 105.7418749332428 8.832662232220173 0.362216904759407 4.461482740938663 3.225014880299568 7.308992229402065 37.57515559345484 3.585030615329742 10.56757885962725 19.36672652512789 3.736569464206696 0.9677674472332001 3.241010539233685 1.350734151899815 1.960105299949646 0.5431349202990532 0.4092549681663513 1.034046679735184 2.010686978697777 287.1701053678989 2.905964091420174 0 2.57136282324791 116.2583683058619 3.166148141026497 0.2127326130867004 1.160201415419579 2.782531231641769 7.856176257133484 31.19037219882011 3.592963188886642 2.535159409046173 39.93565022945404 56.24929082393646 7.817193388938904 64.71460036933422 69.94143849611282 76.9562077075243 25.01314021646976 0 0 0 0 0 0 0 0 0 0 0 0.2119821161031723 0 0 0.1601431965827942 0 0 0 0 7.718925222754478 0 0 0 0 13.03193511068821 2.09508690237999 9.151814877986908 2.290752425789833 0.5498952269554138 0 0 0.1587706655263901 0 0 0.5336328893899918 0 1.648185104131699 3.922201305627823 0.2861374318599701 0.2331845760345459 0 0 0 0.1508564129471779 0.3111229836940765 0.07690250873565674 0 2.144482232630253 0 0.5624523162841797 0.8348114788532257 9.159166395664215 0.700895220041275 0.1876696944236755 0.4199874699115753 0 0.1584068536758423 0 0.2515858858823776 0.3336625620722771 0.579347163438797 93.26551620662212 0.251869261264801 0 0 0.1095965504646301 6.888730838894844 2.967664584517479 10.26387301832438 2.24677811563015 1.940490290522575 2.477472379803658 1.114818274974823 0.7215611487627029 0.2193757891654968 0.8286752998828888 0.1927387937903404 0 0.1985701844096184 0 0 0 30.88948677480221 9.824748367071152 10.16059868037701 869.4867215752602 103.530122615397 667.1769634485245 165.3851404637098 495.2785419896245 122.1680226475 29.89935675263405 144.3685909733176 27.01986747980118 4.235545061528683 15.07408686727285 6.690427035093307 14.01395632326603 1.044779516756535 1.537226177752018 2.537078909575939 7.635778412222862 0
146.6098056584597 326.7471927851439 0.286596268415451 402.013649597764 40.03022249042988 0 121.2769056558609 0 56.28036144375801 916.885555356741 5.522285342216492 187.7480511516333 194.3388534486294 33.00169716775417 0.2124708294868469 1.012905120849609 0 0 0 0 0 0 0 0 0.7532407641410828 0 0 0 0 0 8.922793880105019 1.761752963066101 10.69672441482544 0 0 0 1.745901688933372 0.4988516718149185 3.035066038370132 0.8329759389162064 0 0 0 0 0 0 0.6596845090389252 0 0 0 0 0.3612841367721558 0 0 0 0 32.64103463292122 21.68798194825649 1.631039887666702 0 0 3.159068733453751 0 3.84609417617321 0 0 0 0 0.2382799088954926 0 26.28979195654392 79.24915027618408 0.4618840962648392 1.682253278791904 1.235892549157143 0.6512800306081772 1.244138121604919 0 0 2.568908467888832 0.110735684633255 1.345148533582687 0 0 0 0 0 1.724530950188637 0 1.761040642857552 0 0 0 0 0 336.0438609272242 247.1176249682903 6.08859521150589 9.08322286605835 261.6626543402672 0 0 0 0 0 0.1791054159402847 0 0 2.033764481544495 0 0 0.3448773920536041 0 0 0.661855161190033 0 0 0 0 0 0 0 0 0 0 0 0 0 0 0 0 0 0 0 0 0 0 0 0 0 0 0 0.9246587455272675 0.9465924203395844 0 0 0 0 0 0 0 0 0 0 0 0 0 0 0 0 0 0 0 0 0 0 0 0 0 0 0 0 0 0 0 0 0 0 0 0 0 0.3564864099025726 0 0 0 0 0 0 0 0 0 0 0 0 0 0 0 0 0 0.6121136248111725 2.835364401340485 0.4604037031531334 0.8394545614719391 0.7548854872584343 107.3300214037299 2.427712917327881 0 0.6635138988494873 0 0 0 0 0 0 0 0 0 0
308.7826315313578 5333.03234501183 45.89700440317392 484.3847605213523 7035.161109693348 121.2769056558609 0 11.26497951894999 1998.515595808625 2969.803317338228 109.2187461033463 387.4088041037321 2246.811957903206 35.01615864783525 59.77555749565363 10.65283600240946 1.559835091233253 0.5704836994409561 0.1812609881162643 0.3293870911002159 0.1484766900539398 0.1263174265623093 0.3378682285547256 0 0.2910949289798737 0.3120070397853851 0.1325187534093857 0.446479432284832 0.6181546896696091 0 401.7632509693503 168.6679936423898 4.747390396893024 0.2663147449493408 0 0.1550155580043793 2.442853100597858 0.9834568947553635 2.219902478158474 0.9811075702309608 0.6374394595623016 0.6467905268073082 0.08044799417257309 2.37262436747551 0.3091899678111076 0.644100233912468 116.4053296223283 9.881202064454556 0.8864731788635254 0.8263951763510704 0.4598544389009476 0.2592865750193596 0 0.7985475584864616 15.35016380995512 30.23940355330706 85.02093537151814 423.6341213881969 25.85900837182999 43.67352226376534 5.82192125171423 4.889007531106472 0.09933546930551529 285.5900375768542 19.17638291418552 10.77126248925924 2.3864985704422 2.426684163510799 0.9029163271188736 0.09076140075922012 30.41517876833677 6.091932952404022 0 198.8269645273685 124.8487514108419 321.270988702774 75.74856089800596 6.88628164678812 0.4586330726742744 6.198390901088715 3.968625277280807 11.89997647702694 38.14556787908077 4.604078494012356 7.911237061023712 14.98113160580397 3.380193531513214 0.7346884235739708 3.119186624884605 0.4587279483675957 1.328359737992287 1.018296271562576 0 1.154256485402584 2.056894823908806 422.4998333975673 3.257803425192833 0 3.451855093240738 91.6725754365325 5.045806244015694 2.460248157382011 35.01635740697384 30.93047393858433 6.218145504593849 35.99862244725227 8.900197550654411 2.963635131716728 71.29994639754295 58.94346143305302 7.157500416040421 69.39327329397202 87.39208225905895 89.81277383863926 18.75819335877895 0 0.7143711894750595 0.2002396732568741 0 0 0 0 0 0 0.4336202442646027 0 0 0 0 0.1973139941692352 0 0 0 0 12.76567339897156 1.174422696232796 0 0 0.2270277291536331 14.4617874622345 1.582749873399734 11.04205614328384 2.509942144155502 0.7495557442307472 0 0 0 0 0 0 0 2.972225338220596 2.771381959319115 0 0 0 0 0.1398541033267975 0.6097457781434059 0 0 0.241169199347496 6.600785732269287 0 0.5207948982715607 0.5516749322414398 14.71930824220181 1.052249863743782 1.786832645535469 0.7027828544378281 0 0 0.09709173440933228 0 0 0.3076393455266953 94.90472726523876 1.137724980711937 0 0 0 4.658112093806267 4.473216980695724 9.901874259114265 3.275823920965195 3.71367059648037 2.733321249485016 2.992217272520065 2.145872697234154 0.4620285034179688 1.157309368252754 0.4833668991923332 0 0.2871028706431389 0.2345828041434288 0.2097620069980621 0 35.69813506305218 6.089292630553246 10.97556657344103 833.9855196401477 85.12954738736153 638.6743576973677 143.0270007252693 722.9792731329799 125.7259219661355 28.83781368285418 119.1264849156141 16.6230693385005 3.05807501077652 16.04607050865889 5.767497815191746 24.18053787201643 2.528509765863419 2.451376602053642 3.952444463968277 3.987989105284214 0.698166161775589
148.7586523965001 290.3019956126809 1619.410627625883 1.568252250552177 290.4485700502992 0 11.26497951894999 0 491.3803573474288 1.893334217369556 2116.871383279562 33.4143246114254 44.65568383038044 115.6898571401834 57.43668108433485 27.07830674946308 11.1985185816884 0.4980406314134598 0.8430282324552536 4.451995328068733 14.15147294104099 0 20.49593476206064 6.638452097773552 6.650410056114197 0.6942678689956665 3.575415804982185 1.654082722961903 1.622856661677361 1.827998206019402 1330.378098718822 2243.880422592163 31.34100560098886 30.44023679196835 20.06011873483658 15.2825521081686 11.37852528691292 3.503678396344185 35.64346924424171 18.46002449095249 19.76610718667507 8.750785492360592 18.81135337799788 8.66447538882494 2.637000747025013 10.22311121225357 73.95252720266581 2.914518892765045 1.345263212919235 6.780113935470581 17.88861826807261 1.113015614449978 0.9401000440120697 9.943405739963055 4.209390230476856 8.348466359078884 47.68071270734072 384.8076149150729 9.433078922331333 13.87717582285404 95.54176010191441 10.18613255023956 62.19398902356625 380.0211892202497 5.01761332154274 5.296519659459591 9.74592375010252 29.17499380558729 34.42335602641106 26.5838657617569 60.35327479988337 12.94170959293842 0.465524397790432 82.07758235931396 94.80316761136055 180.0001416355371 199.3957424908876 67.48380847275257 254.0624466389418 1723.381025135517 150.1800441741943 703.7262755185366 8.428257204592228 0.8791701048612595 2.998693205416203 8.420452162623405 16.7794052362442 0.6748615726828575 3.300096943974495 0.8742590323090553 6.209164328873158 1.777985781431198 11.27659536898136 4.631813526153564 7.761189751327038 112.9138411432505 9.52928039431572 1.12672358751297 37.82049719244242 39.50353068858385 2.043678104877472 0 0 1.132732659578323 0.2860346436500549 7.773391306400299 0.2762537002563477 0.5178852081298828 10.27996660768986 11.24035982787609 2.753175228834152 14.44755932688713 22.34397615492344 32.31215858459473 10.91722333431244 0.6306377351284027 0.4706298410892487 0.1714521497488022 0.9195367246866226 0.1274557560682297 0 0.3053539395332336 0 0 1.003653183579445 0.3610231876373291 0 0.9088024795055389 0 0 0.9041841626167297 0 0 0 3.261006683111191 2.349554240703583 0.6815993189811707 0.8589192032814026 1.158824861049652 11.11165557801723 4.954543337225914 18.52285762131214 15.72731931507587 9.518039897084236 1.518627986311913 0.5767209902405739 1.069542996585369 0 0.3580453097820282 2.300368949770927 0 0.2287006974220276 2.597297959029675 0 0.1237712576985359 0.5103505998849869 0.3656188696622849 3.166901327669621 0.5198451578617096 0 0 0.2495910376310349 0.122426301240921 0 2.345474608242512 3.585055753588676 7.749091416597366 0.3698960542678833 0 0.4032574817538261 0 0 0.8521874621510506 0.6077884435653687 0.6947142854332924 1.590912841260433 44.4058523774147 0.7842705845832825 0 0 2.499465696513653 3.219814509153366 4.237242117524147 8.182145088911057 1.181996405124664 0.5527693182229996 1.344676300883293 0 0.5774613320827484 0.1210708320140839 0.1005338951945305 0 0 0.1920918822288513 0.6444684863090515 0.2975225448608398 0.6505511701107025 10.93146544694901 7.432462632656097 18.65350928902626 442.9778544977307 56.66779371351004 268.8968666568398 54.6969229131937 144.1601494401693 31.14637853950262 9.523668840527534 59.50067546218634 20.42766839265823 1.727736242115498 9.529510773718357 1.177735388278961 14.28234866261482 0.1391728520393372 0.2058155462145805 0.7632748335599899 2.700618118047714 0.705693781375885
138.7961896583438 1998.943409450352 314.9137559682131 15.39770603179932 6779.967528574169 56.28036144375801 1998.515595808625 491.3803573474288 0 358.8614105805755 3619.299452535808 329.9227370470762 4968.377289608121 3116.271302826703 137.9106215238571 47.8014272749424 8.037013418972492 0.1530830562114716 0 0.7599965110421181 0.3199145942926407 0 1.11174550652504 0.569927990436554 1.526029676198959 0.3572500720620155 0 0.3407195210456848 0.8452868014574051 0.08534445613622665 301.0870413258672 199.3579610735178 69.66725787520409 1.68071237206459 2.268364742398262 2.293515041470528 9.246549464762211 0.7939829975366592 10.40987177938223 0.7648027613759041 0.7842052578926086 0.542359434068203 1.129763662815094 9.202577397227287 0.2152040004730225 0.1113933622837067 129.2935730069876 5.670734666287899 0.3511040285229683 0.5932084545493126 2.154256582260132 0.8137956857681274 0 2.009849779307842 7.39035851508379 16.37026557326317 37.85570066422224 206.3139403611422 11.35984192788601 24.64645726978779 2.161670759320259 2.618552505970001 2.512065544724464 191.1434546411037 13.0117525793612 5.667770631611347 1.70964590460062 2.014766439795494 1.678372777998447 1.165762439370155 92.67928808927536 4.053132630884647 0.1508015841245651 105.4940029904246 70.54013369977474 259.0354026481509 154.7882124856114 21.49692343920469 1.161589905619621 26.08942213654518 4.889309391379356 10.25271951407194 18.87866755574942 1.888864062726498 4.657437242567539 10.00245001167059 3.369708456099033 1.135507568717003 3.253784574568272 0.2083996832370758 1.561936177313328 0.7169613987207413 0.8855419829487801 0.8296840563416481 1.786862626671791 546.4241136536002 7.942875929176807 0 7.84706861525774 33.97974852472544 2.973079115152359 0.6367326676845551 0.8757147938013077 3.389669805765152 8.00174168497324 41.95521606504917 6.222117334604263 5.471889987587929 45.80944229662418 68.47201062738895 9.318804129958153 79.10497270524502 85.10048699378967 108.5380657017231 31.16419872641563 0.469571590423584 0.7322508841753006 0 0 0 0 0.1573550701141357 0 0.1786066889762878 0 0 0 0 0 0 0.3009238243103027 0 0.1943649351596832 0 8.965542778372765 0.1965894550085068 0 0.7440435886383057 0.3430140614509583 17.78045730292797 0.1874356716871262 10.45383566617966 3.022811576724052 1.068284124135971 0.2052998095750809 0 0 0 0 0.6642402112483978 0.1248210296034813 2.324581637978554 4.973938822746277 0.1457645446062088 0.4567822515964508 0.1559497714042664 0 0 0.1112575680017471 0.1660455614328384 0 1.159739956259727 3.680153913795948 0.3996053040027618 1.015819251537323 1.0305565148592 17.79125086963177 1.806564018130302 0.643898144364357 1.148511305451393 0.1984546482563019 0 0.1341246217489243 0.2736920416355133 0.4210027903318405 0.3150479346513748 105.3470348715782 0.5607949495315552 0 0 0.09808452427387238 10.79370651394129 5.017357736825943 7.172669008374214 3.47933054715395 2.269713371992111 2.980972677469254 0.124220184981823 2.86141936480999 0.6386674493551254 0.2018289119005203 0 0 0.7442266345024109 0 0 0 32.74955555796623 9.012483805418015 11.26247041672468 1221.081019744277 84.64171577990055 596.4563136547804 157.0964975878596 441.8328762128949 85.61934747546911 17.78875816613436 173.0808088257909 26.79126784950495 1.887947365641594 15.06747055798769 3.628316819667816 19.14468832314014 1.717310711741447 0.9338570833206177 4.16288810968399 8.594319812953472 0
1907.307761140168 753.1310405656695 18.42235662043095 3123.269631743431 457.1072011068463 916.885555356741 2969.803317338228 1.893334217369556 358.8614105805755 0 31.52150351554155 2743.201201468706 4329.187109261751 525.28152602911 14.02589961886406 2.037523746490479 0.4082315787672997 0 0 0.3055842518806458 0.1384757459163666 0 0 0 0.1444337964057922 0 0 0 0.2708309441804886 0 263.8030559569597 67.04245194792747 2.473620161414146 0 0 0 3.420595228672028 0.1754593700170517 1.179835841059685 0.4569239765405655 0 0.3328129500150681 0 0.6827415153384209 0.1162575706839561 0.4206555783748627 25.88741445541382 2.146163061261177 0 0 0.1033172160387039 0 0 0.2669703662395477 3.475055441260338 9.165583834052086 69.17318724095821 226.1297123506665 11.55851093679667 11.46173880249262 1.736051842570305 0.9172658771276474 0.2352041974663734 131.1653306931257 5.502345286309719 2.456679791212082 0.8404013887047768 0.5848965644836426 0.3490582704544067 0.3235514909029007 13.26524589955807 1.900700867176056 0 85.04921333491802 35.85932739824057 92.03319572657347 16.30505429208279 0.7228848785161972 0.1592467576265335 1.987040482461452 0.8003716617822647 3.181452177464962 9.346454605460167 1.159950658679008 1.864890903234482 4.823650144040585 1.024981588125229 0.1939495652914047 0.4507841691374779 0.384822390973568 0.1438043862581253 0 0 0 0.08959579467773438 602.2702985778451 2.04231883585453 0 2.387738302350044 659.7828441560268 2.384365022182465 0 1.278516888618469 3.978921234607697 1.047178745269775 23.41156786680222 3.55645740032196 2.324920237064362 52.74259126186371 44.91530631482601 2.612088590860367 39.2878907173872 40.26274158805609 48.11312627792358 7.545007809996605 0.3002326190471649 0.1415524482727051 0 0 0 0 0 0 0 0 0 0 0 0 0 0 0 0 0 4.194074153900146 1.345721125602722 0 0 0 7.230729565024376 0.2526936233043671 6.778263613581657 1.888028308749199 0.1790105402469635 0 0 0 0 0 0 0 0 0.9669781625270844 0.1133184656500816 0 0 0 0 0 0.1025341898202896 0 0 3.006310775876045 0 0 0 4.949252098798752 0.8747145384550095 0.2444082051515579 0.2287362366914749 0 0.1871195882558823 0 0 0 0.1223263815045357 33.18085251748562 0 0 0 0 2.482688471674919 2.473036244511604 4.030846685171127 1.656554386019707 1.80942776799202 0.7568624019622803 0.1937895119190216 0.2366328090429306 0.1071850508451462 0.1571139767765999 0 0 0.2094620764255524 0 0 0 16.89204908907413 3.30005669593811 4.117106229066849 259.9985274747014 16.95474725216627 189.5658004134893 35.38252950459719 2026.360184215009 39.99610359221697 9.851722948253155 24.51953672617674 5.450076341629028 1.751235917210579 3.582404389977455 1.801638007164001 6.317756935954094 1.689997129142284 0.117757610976696 2.611566446721554 1.168048352003098 0.3660926818847656
274.5631488785148 1282.962832123041 3381.610936410725 4.817371860146523 551.2043449431658 5.522285342216492 109.2187461033463 2116.871383279562 3619.299452535808 31.52150351554155 0 545.138948969543 2456.089433602989 4321.997406296432 291.9238911420107 183.3067259043455 31.620585039258 1.563326731324196 0.6633197367191315 5.162507779896259 12.78393766283989 1.534964829683304 25.16254034638405 18.29229207336903 53.4068446457386 2.541235357522964 23.12260669469833 1.492166697978973 10.32712361216545 2.649118036031723 1289.984513394535 2048.743618316948 1074.933067187667 23.69286774098873 50.74402330815792 74.10227403044701 246.4674690887332 18.33159447461367 163.3614491522312 48.41406241059303 29.62858152389526 5.381619289517403 9.227971762418747 53.5349167957902 1.221332974731922 6.408037938177586 223.4459703490138 9.875184163451195 0.2658408805727959 3.042171217501163 19.03171429038048 3.112603254616261 6.238647252321243 9.636246263980865 9.972597397863865 20.09007664769888 68.10256912559271 491.6684611141682 21.2215159535408 48.31973428279161 36.04202555119991 26.53595770895481 72.45645497739315 521.6261592060328 14.99482365697622 9.734154045581818 12.46541672199965 21.82173662632704 18.2672081142664 27.71640016138554 579.1577978953719 39.63453829288483 0.145530492067337 167.5159415751696 151.6586771383882 513.7166629508138 423.8838992118835 122.7042457163334 236.5047327950597 649.7551678642631 34.82905396819115 684.0050328373909 29.93733962625265 3.767921514809132 8.143822573125362 17.80794647336006 8.671806372702122 0.8014061078429222 4.581793621182442 1.040829792618752 6.184348344802856 4.336224175989628 5.319029405713081 5.973576404154301 6.811166405677795 743.2140261158347 68.05560745298862 0.8220211714506149 104.126800224185 48.22159606963396 2.388745784759521 0 2.290720537304878 2.084214508533478 4.575346261262894 12.05939334630966 0.5497730374336243 0.3368629515171051 21.09842025488615 17.53933757543564 7.850672021508217 29.43049018085003 33.00150430202484 44.22545576095581 22.05695870518684 1.573619142174721 1.929275557398796 0 0.9787222892045975 0 0 1.014866635203362 0 0 0 0 0 1.441211760044098 1.127732068300247 0.4592254161834717 0.6401823610067368 0.1440695971250534 1.350663155317307 0 4.187655448913574 2.030857890844345 0.6335929185152054 1.759845614433289 0.532444104552269 27.77242910861969 8.54097792506218 37.08278986811638 21.31636272370815 10.27829930186272 1.830722406506538 1.313626036047935 0.4726396501064301 0 0.4039717018604279 5.173202231526375 0.1504797488451004 2.230870246887207 5.77618744969368 0.9505846723914146 0.3214932605624199 0.1108115836977959 1.648826852440834 3.264115177094936 0.1988812312483788 0 0 0.2934964969754219 2.837017513811588 0 5.428748413920403 10.71840031445026 30.27275523543358 0.1519094109535217 0.9517176300287247 0.4060226380825043 0.1909859925508499 0.1592940390110016 0.5705060660839081 0.9212360382080078 0.9824861139059067 1.474175326526165 92.3672851100564 4.391598358750343 0.1409310102462769 0 1.722752071917057 4.999803066253662 9.580665692687035 17.30014619231224 5.627975687384605 4.050178915262222 1.391317650675774 1.068922102451324 2.905764326453209 0.6916657388210297 0.2474826723337173 0 0 0.4858410879969597 0.7173321396112442 1.091860741376877 0 26.18312752246857 28.52089494466782 49.4746216237545 1710.25240059942 158.9008325636387 845.3491906002164 235.7005133032799 376.8750459998846 114.1947618126869 31.12982273846865 281.3097740039229 33.77012657374144 3.097264356911182 23.24907499551773 5.704263754189014 17.14446531236172 2.724430195987225 1.358893349766731 4.426472440361977 20.44401752203703 1.524063497781754
282.6450217962265 67.72262018918991 59.30645069479942 1186.144219458103 79.85208077728748 187.7480511516333 387.4088041037321 33.4143246114254 329.9227370470762 2743.201201468706 545.138948969543 0 2828.039724513888 853.3583766669035 16.77927708625793 14.52157983183861 2.406594157218933 0 0 0.3200767636299133 0.1530483812093735 0 0.1687021255493164 0 3.617565393447876 0 0.879730761051178 0 1.559178873896599 0.260160505771637 25.14732404053211 25.65351098030806 139.9661947190762 0 0.266843855381012 1.241899713873863 52.99652197957039 0.4194253832101822 27.59667678177357 4.657575950026512 0.9759837090969086 0.2318408787250519 0 6.7110595703125 0 0 15.19024284183979 0.2401250749826431 0.1710410565137863 0 0.1816905438899994 1.365447402000427 1.93520587682724 0.4530461728572845 0.2871690019965172 0.9445957317948341 9.452725283801556 22.85510117560625 0.5722300857305527 1.819660402834415 3.288001164793968 5.860549807548523 0.728000819683075 33.69690599292517 0 0.4590464681386948 0.2751177698373795 0.9975157976150513 0.989769771695137 0.5568843483924866 216.7242975980043 9.311443239450455 0 11.29063186794519 7.54747562110424 24.34214645624161 16.79316809773445 7.736337527632713 0.6855689883232117 50.38185238838196 2.605398863554001 13.04890160262585 1.126497752964497 0.169475793838501 0.1848251149058342 0.6253049448132515 0.1884608566761017 0 0 0.3812532424926758 0.324425607919693 0 0.2370383888483047 0.1613458096981049 0.6554422080516815 2167.579171106219 17.58151327073574 0.9270614981651306 34.30870690941811 83.31783233582973 0.7130511105060577 1.062208026647568 1.784909695386887 1.559994503855705 3.969057396054268 30.1211770772934 5.084661364555359 4.475520059466362 30.42918652296066 37.49814635515213 5.1722042709589 51.4137821495533 63.7803159058094 82.53466293215752 21.59927755594254 0.9204910397529602 0.5012155622243881 0 0 0 0 0 0 0 0 0 0 0.2016644030809402 0.3857372105121613 0 0 0 0.7147684991359711 0 6.375717133283615 1.452895984053612 0 0 0 12.11965703964233 0.8346180617809296 6.976432487368584 1.893166095018387 0 0 0 0 0 0 0 0 0.790951743721962 1.982243776321411 0 0 0 0 0 0 0.254639208316803 0 0 2.019932731986046 0 0.4515162706375122 0.3996619880199432 8.699564322829247 0.181181862950325 0.6659553498029709 0.6303388327360153 0 0 0 0.4659717977046967 0 0.1431767344474792 75.0534094274044 0.3768523633480072 0 0 0 7.908652886748314 3.681534320116043 10.97623899579048 3.279843688011169 3.494310542941093 2.614211529493332 0.1675681173801422 1.286549583077431 0.2756962776184082 0 0 0 0 0 0.1532047241926193 0 28.67752262949944 5.432269290089607 6.743591248989105 278.9539698734879 5.045300595462322 63.64804913848639 13.42987897247076 269.6330413818359 7.576149173080921 0.6241468638181686 20.98684789985418 11.27693528681993 0.1628591120243073 8.886017799377441 0.4760193824768066 10.38679811358452 1.164394825696945 0.2357551828026772 2.243313357234001 1.688660979270935 0
327.2903550565243 307.8848945051432 35.88473774492741 2052.590268440545 259.8592519164085 194.3388534486294 2246.811957903206 44.65568383038044 4968.377289608121 4329.187109261751 2456.089433602989 2828.039724513888 0 4502.520418785512 90.05425497889519 64.755705088377 12.63220968842506 0.1144863292574883 0 1.813104890286922 1.364189729094505 6.158857196569443 0.9015833884477615 0.6358361765742302 18.11585658788681 0.6385903358459473 8.957390531897545 4.579784959554672 9.460628435015678 0 63.70594510436058 58.54491582512856 1835.60045542568 0.6473559588193893 1.107202649116516 2.474507600069046 338.8057112172246 6.818420648574829 89.98704747855663 55.07048234343529 4.433348402380943 1.023436710238457 0.3077637404203415 13.97221404314041 0.7588890790939331 1.954011797904968 55.53149415552616 2.308620184659958 0.7225148528814316 0.5134738460183144 1.598370343446732 3.495933666825294 42.90187095105648 2.013108626008034 1.8811080083251 5.488767370581627 17.0651965662837 55.69164981693029 6.202247053384781 9.432537794113159 28.56811331957579 46.90516740083694 2.402471646666527 84.72702470421791 3.88776621222496 1.801952198147774 0.8109264820814133 1.810481958091259 1.250793851912022 1.203180342912674 553.8374055027962 40.51780493557453 0.1285630464553833 41.52621120214462 19.30110605806112 113.0201408863068 92.984698779881 27.79817119240761 4.592659443616867 190.9986334741116 8.39982570707798 112.0751328244805 6.410682842135429 0.4202777892351151 1.919755332171917 3.122355453670025 0.9490702450275421 0.7801836058497429 1.228855475783348 0.6440530121326447 1.215980395674706 2.222514301538467 0.1838998198509216 2.356639131903648 2.154797092080116 2468.810974642634 56.24014121294022 1.821544855833054 53.00648798048496 67.33592044562101 4.357283562421799 1.150921985507011 3.58472403883934 4.030251309275627 7.528461888432503 50.42167927324772 11.25161011517048 4.573639199137688 75.93470188975334 95.92321901023388 13.71012264490128 110.9120868444443 120.6045482456684 135.717978708446 37.46148543059826 2.035459369421005 1.353365123271942 0 0.6644171178340912 0 0 0.4605317860841751 0 0 0 0 0 1.312766760587692 0 0.1609774827957153 0.1495887339115143 0.3561621308326721 0.3183354437351227 0 12.29037237912416 0.2478507161140442 0.3990321904420853 0.797105073928833 1.613078728318214 24.61010429263115 2.269634202122688 21.78510451316833 7.526543140411377 6.414782226085663 0 0.5225625038146973 0 0.5465671271085739 0.2424990087747574 3.484055444598198 0 1.908119797706604 5.358189210295677 0.1445751935243607 0 0 0.7005154937505722 0.8028875440359116 0.3302358910441399 0.2907582148909569 0.20580193400383 0 6.089084021747112 0 1.194411024451256 1.419741868972778 24.1011234074831 2.684936001896858 0 0.2062526941299438 0.1909874230623245 0 0 0.2438686639070511 0 0.4436684027314186 165.1760587096214 1.748750612139702 0 0 0.8905451595783234 9.318636059761047 11.46382987499237 17.75376309454441 5.400187820196152 3.893601886928082 4.201924219727516 1.257475838065147 1.370582029223442 0.4891165792942047 0 0 0 0 0 0 0 60.71878826618195 25.60473860800266 28.59588566422462 929.8829053118825 49.20615357160568 322.9310123100877 78.95308727771044 408.8722859695554 35.77731423825026 10.33656618744135 104.9056941717863 34.35099096596241 1.854907155036926 19.65496532618999 3.451182186603546 26.45196856558323 2.965489603579044 0.5661981105804443 3.577491536736488 6.712924957275391 0.8194720447063446
