0 3411.703176811337 1766.53999504447 2493.228311225772 279.1902691349387 92.87799765169621 614.8123965039849 483.691808886826 174.9307009503245 2203.584214471281 1498.684631086886 46.51379817724228 414.963470377028 603.03628141433 3.299296200275421 0 0 0 0 0 0.1048843562602997 0 0 0 0 0 0 0 0 0 442.0863041952252 5.973087586462498 27.57737845182419 0 0.0883752778172493 0 3.364015221595764 0 0.7557043731212616 0 0 0 0 0.2259851917624474 0 0.1328227669000626 27.57359696179628 1.10341427475214 0 0.1171939745545387 0 0.326994389295578 0 0 0.7809816971421242 5.443377371877432 247.3417865261436 671.9414990544319 17.09743315726519 24.83793142437935 0 1.300099432468414 0 5.627995423972607 3.043705977499485 1.971847556531429 0.371873751282692 0.1664674058556557 0.1087943017482758 0 13.13637559115887 13.86150465905666 0.3953264206647873 111.5266946256161 29.33455039560795 59.91302625089884 6.016540803015232 1.274354502558708 4.840645581483841 185.6407808065414 0 2.975832916796207 11.71433085203171 0.07223737984895706 1.36902616918087 2.873476721346378 0.4812177047133446 0.5135467797517776 0.3433201462030411 1.451732382178307 0 0.4883204698562622 0 0 0 212.5461478829384 5.715507701039314 0.4911561608314514 2.113279685378075 873.7354204952717 0 0 2.976129651069641 0 0 40.07632571458817 4.913238525390625 2.312158092856407 10.44232851266861 7.307240188121796 0.5847333073616028 3.993603155016899 4.354547560214996 2.006813704967499 0 0 0 0 0 0 0 0 0 0 0 0 0 0 0 0 0 0 0 0 0 0 0 0 0 0.1445031464099884 0 0.1988065093755722 0.2381875067949295 0.1028072461485863 0 0 0 0 0 0.09626680612564087 0 0 1.008628606796265 0 0 0 0 0 0 0 0 0 0 0 0 0 0 0 0 0 0 0 0 0 0 0 1.880418032407761 0 0 0 0 0 0 0 0 0 0.8377216458320618 0 0 0 0 0 0 0 0 0 0 0.3404048979282379 0 0.5730214565992355 115.1826205104589 10.7992994710803 39.39682821184397 14.46453304588795 690.6193100363016 19.11237578839064 0.3834165781736374 7.299574166536331 2.244618758559227 0 0 0.2107481956481934 6.049070835113525 0 0 0 0.1112365126609802 0
3411.703176811337 0 499.6247998103499 472.9681110531092 2272.242658726871 85.36860295385122 4934.647646918893 357.9569378644228 2899.574925586581 315.217237316072 4966.440536499023 193.7184676527977 738.0094651579857 1462.235044308007 11.56457500904799 0.1007650271058083 0.2069198489189148 0 0 0.2659019976854324 0 0 0 0 0 0.1136458665132523 0 0.1868492811918259 0 0 2017.481684498489 21.11834938824177 7.419145226478577 0 0 0 0.3347228467464447 0 1.017218418419361 0.1045906320214272 0.1839327663183212 0.1979148387908936 0.2920733690261841 0.5524659752845764 0.1971221417188644 0.1040941402316093 134.5142402350903 5.709025822579861 0.1383055299520493 0.1809036061167717 0.4100851342082024 0.09232761710882187 0 0 1.888513587415218 13.07772237062454 125.6989363208413 751.0403173789382 24.31080578267574 66.603625446558 0.5041607171297073 0.09141050279140472 0 56.30124014616013 9.729199424386024 4.16075199842453 2.007614478468895 1.027389608323574 0.2297211885452271 0.2135081961750984 0 1.504981637001038 0 190.751845754683 104.576313816011 223.0651202052832 32.28380253911018 1.656851232051849 1.476026490330696 75.73124579340219 1.04044384509325 4.244930259883404 25.90912759304047 0.06463780254125595 4.641015484929085 6.165255688130856 5.296775460243225 0 0.5367119237780571 0 0.6078191548585892 0 0.08767960220575333 0.09766872972249985 0.1343720406293869 23.76442922651768 0.6739315390586853 0 0.3456884324550629 892.2407410517335 0.2893876433372498 0 2.017358690500259 0 0.2280770689249039 119.8910455405712 0 3.420488595962524 1.841499760746956 5.551581144332886 0.2534686625003815 4.897272422909737 7.097252577543259 3.514477416872978 1.405802488327026 0 0 0 1.355860620737076 0 0 0 0 0 0 0 0 0 0 0 0 0.6969342529773712 0 0 0.5820860862731934 0.3480506241321564 0 0 0 0.6301338076591492 0 6.297806724905968 2.090965993702412 0 0 0 0 0 0.7333404421806335 0 0 1.302042916417122 1.391317754983902 0 0 0 0 0 0 0 0 0 0.604319155216217 0 0.3026693165302277 0 0 0 0 0 0 0.2344357818365097 0 0 0 0 3.527283489704132 0.5592497587203979 0 0 0 0 0 0 0.9793875515460968 0.346478283405304 0.2448283135890961 1.142358660697937 0 0 0 0 0 0 0 0 0 1.200550153851509 0.5723661780357361 3.489427238702774 96.53197512030602 35.70355494320393 173.3033498004079 52.28719102591276 568.9204655587673 43.57693106681108 1.818500943481922 31.73053377121687 2.243850842118263 0.2675347998738289 2.790497556328773 0.6486929655075073 1.800055116415024 0 0 0.6344989538192749 0.7484552040696144 0
1766.53999504447 499.6247998103499 0 89.67887550592422 306.7527939528227 1.963268756866455 199.8049677535892 3975.070628225803 261.0517530962825 50.77392981946468 2598.28006503731 4.239939868450165 154.4958255216479 907.9965271875262 16.29142569750547 1.567114435136318 0.3679168969392776 0 0.1186202764511108 1.132438443601131 0 0.1465258598327637 1.120354406535625 1.120515547692776 4.730994358658791 0 4.883642613887787 0.3517294675111771 0.5514341071248055 0.2233226671814919 3735.357162214816 245.3881796747446 154.9027467370033 0.6707500442862511 1.971636272966862 9.792595595121384 11.80695529282093 4.640927255153656 6.68568903952837 2.6270562261343 2.574319772422314 1.052416495978832 1.821825578808784 3.680571541190147 0 0 51.90650876611471 2.903460800647736 0.2680043280124664 0.9091898798942566 0.6749081611633301 0.6011656373739243 0.4490813165903091 0.3350396156311035 0.548150822520256 5.489806905388832 97.37811306864023 667.8054125905037 14.91554039716721 33.31193386763334 13.2227656468749 51.51609720289707 2.384401120245457 407.3370159640908 4.15962115675211 1.750801905989647 0.878513976931572 0.9780190736055374 5.910877123475075 2.939114861190319 11.43149825185537 3.538428336381912 0 140.3900364711881 219.3360143005848 139.8854856938124 52.5201281607151 6.70768216997385 390.4744842648506 2146.599136687815 10.93164253234863 1178.440547809005 11.04201282560825 0.1566287577152252 2.548704594373703 3.995618410408497 3.130172438919544 0 0.07747033983469009 0 0 0.4080339297652245 0.7901817634701729 0.1720225661993027 1.863246157765388 10.33057431876659 10.17214012145996 0 4.260870665311813 731.9799753725529 0 0 0.6098821759223938 0 0.3865874707698822 3.284914061427116 0 1.108433812856674 0 2.560429990291595 0.514060914516449 1.186424523591995 1.349920243024826 0.1492787003517151 0.357608437538147 0.311153456568718 1.736877843737602 0 1.786325871944427 0 0 0 0 0 0 0 0.1931573450565338 0.2118652760982513 0.1404460072517395 0.203892320394516 0 0.7040989995002747 0 0 0 0 0 0 0 1.623133897781372 0 5.151396334171295 7.84526851773262 0.6298890113830566 0 0 0 0 0.2638068497180939 1.182131692767143 0 0 0.8448373675346375 0 0 0 0 0 0.08181022107601166 0 0 0 0 0 0.3863101974129677 0 0 0.1674229502677917 0 0 0 0.1241921782493591 0 0 0 0 0.5408665537834167 0.7720493227243423 0.1424910724163055 0 0.2461916208267212 0.3749302178621292 0.5618865936994553 0.1843266189098358 0.4634993374347687 0.09715853631496429 0 0 0.5704065561294556 0.4230073094367981 0 0 0 0 0 0 0 0.7324513643980026 0 4.790769807994366 32.91347894817591 20.11996491253376 62.73691640794277 24.78001642227173 71.48534316569567 16.65478035062551 1.086493857204914 15.98283915221691 1.913654118776321 0.9375255554914474 0.989220142364502 0 1.904015943408012 0.3549854457378387 0 0.8250512480735779 0.7857299521565437 0
2493.228311225772 472.9681110531092 89.67887550592422 0 133.4250472709537 417.1014070808887 451.2276210188866 119.1782849654555 254.5725436508656 834.6183003932238 525.9948466569185 847.3936413377523 1609.015390686691 288.3787394315004 7.216338962316513 0 0 0 0 0 0.1110227108001709 0 0 0 0 0 0.08471516519784927 0 0 0 144.721914537251 1.414713740348816 1.618260338902473 0 0 0 0.1748620271682739 0 0 0 0.1286400854587555 0 0 0 0 0.1983117237687111 84.39364379644394 3.627094596624374 0 0 0 0 0 0 0.8103939965367317 7.441225279122591 62.76596481353045 232.0504932329059 10.37737175822258 44.31861840933561 0 0.1226740330457687 0 14.71973919123411 5.860894381999969 2.188506476581097 0.9930101931095123 0.6450521498918533 0 0 0.3320257514715195 1.611212968826294 0 98.65097823739052 38.84914112091064 121.6513419151306 10.25998201221228 0.3067456483840942 0 10.44037353992462 0.6409637629985809 0.5953574776649475 17.70238593965769 0.08821424096822739 4.539610154926777 4.429695658385754 1.834712646901608 0 0.08505916595458984 0 0 0 0 0 0.09610285609960556 90.99822553992271 0 0 0.1409792006015778 420.2897243350744 0 0 0.7185035198926926 0 0.5311643183231354 16.07049441337585 3.714889109134674 1.813385516405106 2.711431249976158 4.771808475255966 0 5.741985112428665 3.974575772881508 6.0968998670578 0.4257021993398666 0.7378551363945007 0 0 0 0 0 0 0 0 0 0 0 0 0.666279673576355 0 0 0 0 0 1.037125587463379 0 0 0 0 0.4849702119827271 0 1.173507362604141 1.026673793792725 0 0 0 0 0 0 0 0 0 0.4050102531909943 0 0 0 0 0 0 0 0 0 0 0 0 0 0 0.1369057595729828 0.1861297786235809 0 0 0 0 0 0 0 1.042271196842194 0 0 0 0 0 0 0 0.6957695782184601 0 0.9822258949279785 0 0 0 0 0 0 0 0 0 0 0.9007669240236282 0.1596477478742599 0.4749339520931244 68.54707796126604 21.94233796000481 89.35581822693348 23.62292438000441 531.5422340258956 26.08188785612583 0.7900372892618179 10.22959613800049 2.393478184938431 0.08461813628673553 2.579034775495529 0 2.081319332122803 0 0 0 0 0
279.1902691349387 2272.242658726871 306.7527939528227 133.4250472709537 0 15.756861358881 387.7000989988446 256.5407382100821 2277.813348740339 453.6836293712258 3577.29146912694 461.9431463107467 885.0199968889356 1775.623062476516 51.2880340591073 1.261120572686195 0.08685173094272614 0.1333787739276886 0 0.5825538784265518 1.051438689231873 0.1063126400113106 0.1474521309137344 0 0 0.4576814398169518 0 1.29460372030735 0.4272959679365158 0.08553458005189896 174.1699493378401 46.88518097251654 1.560412280261517 0 0 0.139116108417511 0.4612011834979057 0.2093020901083946 2.896007522940636 0.477902315557003 0.1184531524777412 0 0.4160311445593834 1.354725867509842 0.08127272874116898 0.5266973450779915 290.6581223085523 5.60136241465807 0.1772114932537079 0.2971399426460266 1.278215259313583 0.7141434922814369 0.304408848285675 1.212880216538906 1.670113161206245 13.31502229720354 38.43105109035969 92.78500523418188 14.14194636791945 65.50125171244144 0.899999588727951 0.4227263703942299 0 107.6544310376048 7.622622556984425 4.082715824246407 1.827611863613129 1.651483632624149 0.3051608800888062 0.7068688422441483 5.02627994120121 6.44340106844902 0 100.2922656089067 126.8893792033195 266.6176014393568 106.1595567315817 5.124131426215172 3.155810199677944 16.65168578177691 2.759143203496933 5.023973055183887 22.06437969207764 0.1192971840500832 5.781429931521416 7.539576426148415 4.550125882029533 0 0.4768581539392471 0 0.5567624866962433 0.5175043344497681 0.3923782184720039 0.1265109479427338 1.165399447083473 101.5865031927824 7.346364416182041 0 2.762012392282486 36.33750065416098 2.649482503533363 10.87178502976894 5.457758724689484 0 8.828834712505341 31.27890132367611 11.11851608753204 26.40045067667961 20.91276216506958 55.57735002040863 7.519958093762398 66.19004441797733 47.77158787101507 36.83131982386112 11.59720538556576 0 3.274124175310135 0 2.902502313256264 0 0 0.3282834887504578 0 0 0 0 0 0 0 0.351688951253891 0 0.2286708801984787 0 0 3.859812930226326 2.627722412347794 0 0 0.3666844367980957 10.75078140199184 0.4559283554553986 35.48844450712204 9.344072610139847 4.599966868758202 0 0 0 0.7139687836170197 4.429529547691345 1.85987776517868 0 3.841669455170631 15.07028022408485 0 0 0 0.4704300761222839 0.1959738582372665 0 0.2946613729000092 0.5050961375236511 0.4536218494176865 2.467421516776085 0 0 0 3.711732104420662 0.6955902725458145 1.699367552995682 0.7437405437231064 0 0.2554210424423218 0 0 0 0 24.17751425504684 0.8379126787185669 0 0 0 0.304191380739212 0.9625761806964874 0 4.55217932164669 4.310043662786484 4.629474401473999 2.808495193719864 0.4781794548034668 0.4969173520803452 0 0 0 0.08112067729234695 0 0 0 19.83963312208652 4.419537901878357 14.80968065559864 395.2574812620878 71.19623767584562 382.8402839750051 154.3968753889203 252.7128130272031 121.2600809261203 3.401114150881767 150.2402101457119 19.82040816545486 1.634612090885639 24.13390432298183 0 26.84987364709377 1.546633034944534 0.07593660056591034 5.026945829391479 2.81615000218153 0
92.87799765169621 85.36860295385122 1.963268756866455 417.1014070808887 15.756861358881 0 132.7672932744026 0.6460103988647461 22.96764993667603 968.275867447257 3.084140554070473 354.6228722929955 475.8631236553192 24.5502450466156 1.122109100222588 0.3569976389408112 0 0 0 0 0 0.207377701997757 0 0 0 0 0 0 0 0 7.421439334750175 0 16.22315579652786 0 0 0.4757354855537415 49.30162270367146 0 8.372416734695435 1.499024644494057 0 0 0 0.1549000144004822 0 0 3.326540499925613 0 0.1582905650138855 0 0.8952165544033051 10.0374193713069 0 0 0 0.4019740298390388 158.206022799015 61.42560495436192 1.640595123171806 2.012696921825409 0 3.121656641364098 0 0 0.3120048865675926 0 0.8304410353302956 0 0.2270183265209198 0 234.4830313771963 291.0799782574177 11.16088420152664 3.620974846184254 1.240425676107407 4.385792478919029 0.3790576457977295 0.1613504737615585 0 5.099598452448845 0 4.392035260796547 0.2438703924417496 1.503029108047485 0 2.534373179078102 0 17.89213820546865 6.987800911068916 29.38080801069736 2.82806108891964 7.959297746419907 0 0.254547506570816 0.5229646414518356 466.0202004611492 172.9479491859674 17.88855300843716 20.27470614016056 567.1447111070156 0 0 1.200749635696411 0 0 10.98245026171207 0.4797899127006531 0 0.8466109931468964 0 0.3965117037296295 0.5132753849029541 0.3539872765541077 0.7692421078681946 0.3008105754852295 0 0.3486394733190536 0 0.8565402179956436 0 0 0 0 0 0 0 0 0.1293698847293854 0 0.38005430996418 0 0.3351916968822479 0 0.1477634310722351 0 0 0 0 0 0 0 1.092745952308178 3.852798461914062 0.5122161209583282 0.1571169197559357 0 0 0 0.1353604793548584 0.4416249543428421 0 0 0.4267311692237854 0 0 0 0 0 0 0 0 0 0 0 0 0 0 0 0 0 0 0 0 0 0 0.3569746017456055 0 4.065409630537033 0 0 0 0 1.334861934185028 0.1384611874818802 0 0 0 0.4965635538101196 0.3941310197114944 0 0 0 0 0 0 0 0 0 0.2208894044160843 4.697030812501907 15.36430251598358 2.272585161030293 3.671367973089218 1.348413191735744 275.7235267609358 1.658053152263165 0.4506126716732979 1.736258551478386 0.9676005095243454 0 0.1665468215942383 0 0.5876729488372803 0 0 0 0 0
614.8123965039849 4934.647646918893 199.8049677535892 451.2276210188866 387.7000989988446 132.7672932744026 0 21.37423072755337 780.4131541326642 1106.183930456638 444.9697998985648 468.1519500911236 3397.959376052022 1592.086729332805 53.51003056764603 1.186978302896023 0 1.021692536771297 0 1.027465961873531 1.179324969649315 0.1901307702064514 0.08897898346185684 0 0.8170738592743874 0.9362053126096725 0.3780788332223892 0.8893694803118706 0.7059630006551743 0 216.6749006435275 48.30997782945633 1.691493958234787 0 0 0.1046898141503334 1.335462853312492 0.09315275400876999 1.38815163820982 0.4440605565905571 0.193984217941761 0.1077089980244637 0.2655615732073784 2.223612383008003 0.166123628616333 0.2123473808169365 375.8487151563168 12.42904821783304 0 0.4403118491172791 1.215609364211559 0.2879719883203506 0.0930367037653923 1.186608053743839 2.780858300626278 27.59125123172998 85.46145452558994 238.929319165647 24.11288837343454 129.613981500268 1.269688345491886 0.07407302409410477 0.2994780540466309 132.1455541476607 18.28357603400946 9.022855333983898 4.304911248385906 2.110671676695347 0.8638570755720139 0.3463655710220337 4.193759612739086 2.38041740655899 0 207.0740926712751 187.2764091417193 449.4529778882861 100.5312595814466 8.013560622930527 2.251549184322357 4.452132791280746 2.063072539865971 4.86773370206356 50.07979512959719 0.345786064863205 10.77039846032858 15.9218282699585 6.43796980381012 0.1235135421156883 0.9217965230345726 0.08679239451885223 0.506737120449543 0.4178120270371437 0.4925447404384613 0.2124746441841125 1.428510218858719 155.3734022825956 3.639398872852325 0 4.192919529974461 156.503270611167 2.199159443378448 4.339935705065727 3.458312764763832 1.349659234285355 5.045869916677475 29.68423271179199 6.187756776809692 20.1433092802763 19.52903881669044 35.64430218935013 4.194771066308022 33.39636096358299 39.59561161696911 29.71981884539127 8.097784981131554 1.60540372133255 0.5910064578056335 0 0.5955676436424255 0 0 0 0 0 0 0 0 0 0 1.021240025758743 0 0.2240327298641205 0 0 3.925903476774693 2.771775960922241 0 0 0 6.564766421914101 0 18.42502643167973 8.374621517956257 3.063936606049538 0 0 0 0 0.9367383718490601 0.7459536641836166 0 1.250818952918053 5.527519166469574 0 0 0 0 0.2197979390621185 0.2858484238386154 0 0.06988920271396637 0 1.661003567278385 0 0.8378471732139587 0 0.6771412044763565 1.724893927574158 0.2463406175374985 0.6955783367156982 0 0.2696940302848816 0 0 0 0.1572833359241486 16.32204049825668 0.9709745496511459 0 0 0 2.132677391171455 2.634349018335342 1.552380681037903 0.3583147376775742 1.726428672671318 4.145877569913864 1.026572063565254 0 0 0.09001406282186508 0 0 0 0.1085168719291687 0 0 10.72341658174992 7.209765791893005 6.707538172602654 331.154904961586 103.1903566196561 431.5731076970696 149.421062797308 587.5340830311179 136.8783820793033 5.46756362169981 111.3975519090891 14.43302477896214 2.145945459604263 10.05144960433245 1.89661905169487 20.43267166614532 0.9498122781515121 0 5.350047960877419 2.09518788009882 0
483.691808886826 357.9569378644228 3975.070628225803 119.1782849654555 256.5407382100821 0.6460103988647461 21.37423072755337 0 211.8950185999274 13.26310914754868 1057.587639093399 0 184.2511512264609 1040.229736857116 29.84212987869978 3.532758124172688 0.8641680926084518 1.367164082825184 0 2.538565687835217 1.386315196752548 0.09918078780174255 2.378056913614273 2.415413081645966 3.173773862421513 0 3.175133503973484 0.8205597624182701 0.4127279222011566 0.3319242000579834 1606.47618355602 777.4156303107738 177.7746433988214 1.559284999966621 5.092434138059616 6.943283788859844 21.45160955190659 6.798192709684372 9.719256319105625 2.198723703622818 2.021863341331482 1.345922231674194 2.386648528277874 14.9945901632309 0 5.463231325149536 161.5403966009617 5.273504227399826 0.7121563032269478 6.483063921332359 2.274542197585106 1.603090442717075 0.3054989278316498 1.681533083319664 0.5076615810394287 9.142408236861229 63.25500756502151 177.4197210744023 11.17904217541218 39.5648096203804 142.9226024076343 23.26828081160784 8.038411945104599 511.5444564521313 4.299644827842712 2.485513284802437 1.530684545636177 2.572654202580452 12.7351326867938 3.216734491288662 14.93765065073967 7.270799696445465 0 96.50503700971603 216.2888436168432 219.9241405203938 391.4599662274122 56.67314924299717 367.5188050791621 1967.328566484153 509.6732641682029 1828.953751683235 13.92482603341341 0.1080023869872093 2.608563721179962 3.246961940079927 10.29030709713697 0.500404417514801 0 0.08503516018390656 0.67380740493536 0.5363840460777283 0.4517413452267647 0.5073948502540588 2.121496170759201 15.24682638049126 6.91203036159277 0 3.812690801918507 58.27065785974264 0 0 0 0 0 0.5936385989189148 0 0.761238306760788 0.9158253371715546 3.335054963827133 0.3154583275318146 1.413252055644989 1.102307349443436 0 0 0.1514284014701843 0.2731287479400635 0 0.6001548618078232 0 0 0 0 0 0 0.1728792041540146 0 0 0 0.8016177266836166 0 0.146197572350502 0 0 0 0 0 0 0 0 0 2.794086642563343 2.282877251505852 0.5585688650608063 0.5545049458742142 0.3151628375053406 0 0 0.5135019272565842 0.1219180002808571 0 0.8830163478851318 0 0 0 0 0.8536134362220764 0 0 0 0 0 0 0 0.4091209173202515 0 0 0 0 0 0 0 0 0.1898475140333176 0 0.2634336352348328 0.256226122379303 0.9432399868965149 0 0 0 0.315580815076828 0 0.5698562860488892 0.2543516159057617 0 0.3957192301750183 0 0.5480065941810608 0 0.1081946417689323 0 0 0 0.1262602955102921 0 0 0.3486312031745911 0.5303045064210892 2.13565319776535 148.0656468719244 21.888438180089 177.5623711496592 56.51553955674171 68.71272157877684 41.43124378472567 0.858503632247448 51.70267736911774 1.584611132740974 0.0988365039229393 0.8197729736566544 0 0 0.4294989109039307 0 0.1557855606079102 11.47109851241112 0
174.9307009503245 2899.574925586581 261.0517530962825 254.5725436508656 2277.813348740339 22.96764993667603 780.4131541326642 211.8950185999274 0 365.4747137352824 1622.36726526916 358.9342084303498 1807.082548759878 1902.360953509808 76.65222913771868 0.9683554619550705 0.2283964976668358 0.3144226968288422 0 1.693176969885826 1.382283240556717 0 0 0 0.3009976670145988 0.792787529528141 0.5325136408209801 0.7655641734600067 0.5121495425701141 0 98.37468952685595 28.01070716977119 4.672832436859608 0.1801106408238411 0 0.1020199060440063 1.369987227022648 0.3892524689435959 1.416278466582298 0.5578353703022003 0.2160315811634064 0.4761532917618752 0.2814455926418304 1.548256486654282 0 0.4810772091150284 269.6316126286983 2.851651057600975 0.2176761254668236 0 0.2734838277101517 1.216953217983246 0 1.124795816838741 0.9268960878252983 5.79342308267951 20.32394158095121 39.24338936805725 6.783556260168552 38.92400649935007 0.3072736635804176 0.3004049137234688 0.2499548718333244 63.52523080259562 4.652418084442616 2.002482384443283 1.095972090959549 1.77144581079483 0.08415279537439346 0.3039878904819489 9.886619739234447 11.75329373776913 0 53.46828334033489 74.39250158518553 195.5868577435613 127.2389893531799 11.15324940532446 1.569847829639912 9.497313618659973 1.223068460822105 3.195570714771748 8.851569011807442 0.06749827414751053 4.004439383745193 4.65004150941968 2.638194300234318 0.06858114898204803 0.4836200252175331 0 0.917365550994873 0.5711276158690453 0.3268678113818169 0.3201975300908089 0.9516863971948624 207.0162303596735 4.122423946857452 0.1802150011062622 0.981234110891819 19.7931877374649 2.407461069524288 2.706493824720383 12.71452593803406 2.137208133935928 6.030927166342735 59.19905645400286 10.04781471192837 48.76775646209717 40.39711864292622 92.53070470690727 9.354588344693184 80.45380564033985 76.83760294318199 67.56514243781567 17.6699755564332 0.6514342948794365 0.720680296421051 0 0.9395927786827087 0 0 0 0 0 0 0 0.2520503103733063 0 0 2.009727165102959 0.2129492312669754 0 0.143901526927948 0 5.857655875384808 3.805856183171272 0.6929147839546204 0 0 14.88720810413361 0.8498886227607727 43.33073338866234 21.37016020715237 5.919147312641144 0.7457005381584167 0 0 0.620546817779541 1.050217673182487 0.9579761028289795 0 3.355022445321083 16.04307395219803 0 0 0 1.086344480514526 0 0 0 0.7118830233812332 1.203859999775887 4.292484164237976 0 0.6205855011940002 1.650151312351227 2.201787620782852 1.192103743553162 1.703970097005367 0.8008144795894623 0.2753283530473709 0.2108573615550995 0.2610975801944733 0 0 0.1946479827165604 37.5718249976635 1.061578452587128 0 0 0 4.113859325647354 1.141051784157753 2.30462509393692 5.343486525118351 3.655835799872875 13.00648783892393 6.983455926179886 4.01304766535759 1.346824645996094 0 0 0 0.2544479966163635 0 0 0 31.75157763063908 4.610851064324379 26.38867394626141 463.6715674176812 64.81508409231901 390.5875270888209 184.583342127502 134.7242446318269 113.9652374237776 3.761712677776814 188.8031575158238 27.56337910145521 2.210462845861912 25.38926104456186 4.000470206141472 57.06930333375931 3.839909121394157 0 6.360383659601212 7.926688186824322 1.009885713458061
2203.584214471281 315.217237316072 50.77392981946468 834.6183003932238 453.6836293712258 968.275867447257 1106.183930456638 13.26310914754868 365.4747137352824 0 87.77687614411116 1400.420034058392 3612.481789134443 195.2875813767314 23.16277681291103 0.1329075992107391 0 0 0 0.6170750707387924 0.5669792592525482 0.1367916315793991 0 0 0.1575824022293091 0.1517206877470016 0 0.7477069646120071 0.2388601005077362 0 114.3229378461838 11.47515492141247 0.6458918228745461 0 0 0 2.616690956056118 0 3.142198383808136 1.100306443870068 0 0 0.3375158533453941 0.2478767186403275 0 0.1183166280388832 255.5530944466591 6.998378537595272 0 0 0.5869715586304665 0.3240178599953651 0.110129103064537 0.4862822443246841 2.700025290250778 17.34493346884847 100.6506859436631 268.1641140654683 18.82475687563419 89.71075682342052 0.1830662116408348 0.1125877052545547 0 49.03011503070593 10.29434739053249 6.769219391047955 1.838668085634708 2.521695204079151 0.4509886875748634 0.2704885974526405 21.67812269926071 15.99885950982571 0.1537935137748718 170.60011369735 95.74556332826614 282.8647730499506 39.06330803781748 1.891886688768864 1.27246417850256 6.528156988322735 1.760738782584667 2.251659505069256 35.5904585942626 0.07900253683328629 6.754957318305969 11.31886005029082 5.73860377073288 0.6069023758172989 0.4662025421857834 0.2004133611917496 0.5998867079615593 0.1219974234700203 0.09265359491109848 0.09507883340120316 0.6195947825908661 761.304211422801 25.79629015922546 0 4.088157340884209 539.8717004209757 2.689446792006493 5.316750138998032 15.15365454554558 5.227233856916428 3.876235038042068 75.35768311470747 18.26942551136017 32.48588034510612 25.45014993846416 83.6775441467762 9.40248703956604 56.51728299260139 65.78991338610649 62.54306434094906 11.45459087193012 0.441033810377121 1.072534114122391 0 3.557078063488007 0 0 0 0 0 0 0 0 0.9138445854187012 0 0.6412557363510132 0 0 0 0 6.868196859955788 2.089759975671768 1.280317544937134 0 0 11.89598400890827 0 42.86446787416935 19.46477834880352 6.957035705447197 0 0 0 0 4.619375199079514 3.646697044372559 0 2.954285800457001 16.76878483593464 0.5724725723266602 0 0 0 0.1417221426963806 0 0.09746624529361725 0.5597177445888519 0.2372068017721176 3.840677604079247 0 1.652900397777557 0 1.364503011107445 1.556659296154976 1.084662318229675 0 0 0.1312539875507355 0 0 0 0.2667558789253235 18.66017285734415 0 0 0 0 3.853035166859627 1.55913645029068 2.008354663848877 2.760795682668686 3.823446348309517 11.85249856114388 2.703438624739647 4.937505841255188 0 0 0 0 0.3425532877445221 0 0 0 22.20847164094448 5.50440326333046 22.54872857034206 446.3505455926061 57.18833270668983 317.9754463285208 104.5276492387056 1474.341759629548 109.8612799048424 3.441278710961342 114.5774190500379 28.27142951637506 3.419982708990574 24.00685241818428 4.299670189619064 60.03233247995377 1.718737304210663 0.2942299246788025 9.411560535430908 0.7130998522043228 0.3945837318897247
1498.684631086886 4966.440536499023 2598.28006503731 525.9948466569185 3577.29146912694 3.084140554070473 444.9697998985648 1057.587639093399 1622.36726526916 87.77687614411116 0 24.84125488996506 1663.18691021204 4104.441008970141 26.06576826423407 1.191415920853615 0.2718608975410461 0.2237215116620064 0 0 0.4088495075702667 0 0 0 0.6623347401618958 0 0.8353695496916771 0.1375471353530884 0.4149172753095627 0 791.2714549526572 57.48997119814157 175.1690953820944 0 0.3707403540611267 5.398038879036903 14.0673440694809 6.688599526882172 2.840858772397041 3.138620615005493 0 0.6297309547662735 0 2.768156833946705 0.1330398470163345 0.219026006758213 87.77582774311304 1.179281733930111 0 0.1178733482956886 0.3723150044679642 0 0.1690983027219772 0.2258469983935356 0.5060305744409561 4.297034688293934 25.15071708709002 86.58090855926275 4.571148425340652 23.23393487930298 0.1843357160687447 3.933174334466457 0 53.22433436661959 3.175557844340801 1.843902982771397 0.6067423969507217 0.5087162554264069 0.09935068339109421 0.2476223185658455 17.97934605926275 3.137308269739151 0 43.47400144487619 57.56569517403841 102.1139224842191 55.36383928358555 7.307673126459122 47.71447668224573 1731.406623013318 1.647507444024086 26.39026875793934 7.009237520396709 0 1.723032608628273 2.075177684426308 1.271723240613937 0.07870010286569595 0.4015369191765785 0 0 0.2224611341953278 0.2023200243711472 0.2817358672618866 0.1087913438677788 28.88989818096161 3.704529866576195 0 1.517466574907303 79.11444659531116 0.6375015079975128 0 2.382167518138885 0 0.170415386557579 7.539075285196304 0 4.178642377257347 1.184328258037567 7.012545377016068 0.2062285840511322 5.534290015697479 4.192369222640991 4.165885120630264 2.073413714766502 0 0.6002606749534607 0 0 0 0 0 0 0 0 0 0 0.6146638989448547 0 0 0 0.1025688499212265 0 0 0.7395422905683517 0.6014897525310516 0 0 0 1.192209288477898 0 4.853140473365784 1.751235723495483 0.2931841090321541 0 0 0 0 1.280977547168732 0.5608062148094177 0 0.4431556463241577 0.5380722880363464 0 0 0 0 0 0 0 0.188836008310318 0 0.7606423944234848 0 0 0 0.7712235748767853 0 0 0 0 0 0 0 0 0 3.823121458292007 0 0 0 0 0 0.3477696776390076 1.072063833475113 0 0 0.7215340137481689 0.2965536713600159 0 0 0 0 0 0 0 0 0 1.013162195682526 1.401759207248688 1.503681853413582 83.19199364632368 20.70577950030565 102.7856562659144 42.8978566378355 42.85742895305157 28.56196046620607 0.9849158078432083 33.28488907217979 0.5255502834916115 0.6874704658985138 2.27216899394989 0.4291144013404846 2.784957364201546 0.1398860961198807 0.09331024438142776 0.2755934596061707 25.29663777351379 0
46.51379817724228 193.7184676527977 4.239939868450165 847.3936413377523 461.9431463107467 354.6228722929955 468.1519500911236 0 358.9342084303498 1400.420034058392 24.84125488996506 0 4539.837052196264 50.36202476918697 16.69639702141285 2.204895049333572 0.4096461534500122 0 0 0.1423709988594055 0 0 0 0 1.389132499694824 0 0.1302644908428192 0 0 0 1.985050432384014 1.364474222064018 15.25518809258938 0 0 0 36.78296619653702 6.609101057052612 8.363321051001549 26.29706445336342 0 0 0 2.994255170226097 0 0 31.59603010863066 0.09335518628358841 0 0 0.09163806587457657 0.1205031424760818 0.4581506252288818 0.170381635427475 0 0.2457120642066002 9.918179005384445 4.552838400006294 0.2742260694503784 3.780179902911186 0 0 0 1.168055780231953 0.3392712846398354 0.1682767942547798 0 0.09016668796539307 0 0 30.40861999988556 22.78253166377544 0 3.270177982747555 3.821262367069721 17.31699141860008 12.19384649395943 6.757967874407768 0.1035587042570114 5.638431765139103 0.4277657866477966 1.175605356693268 1.610861033201218 0 0.3653905615210533 0.08484616875648499 0.2875581458210945 0 0.4165683835744858 0.1489880532026291 0 0.3651240170001984 0.2147316038608551 0 0.2642848715186119 2548.965158551931 68.59934550523758 0 2.17215858399868 101.0146407783031 5.716127753257751 20.7173557728529 36.38456276059151 10.12351426482201 28.06167460978031 96.53960859775543 32.47514224052429 94.0050779953599 61.17026789486408 190.613619863987 21.55455929040909 165.7026360332966 168.9025037735701 169.5926640257239 27.16289235651493 4.325096756219864 4.429175242781639 0 4.673339784145355 0 0 0.1754119247198105 0 0 0 0 0.6855111867189407 2.204828441143036 0 2.331250131130219 0 2.313731491565704 0 0 12.88042587041855 6.281776204705238 0 0 0 35.73446353524923 0.5846138596534729 80.13078039884567 36.65237334370613 13.80748531222343 0 0 0 0 7.345646038651466 2.74160835146904 0 7.910161688923836 33.79341246932745 0.4299295395612717 0 0 0 0 0.6405082121491432 0.2707981169223785 1.013273403048515 2.285194635391235 5.045394256711006 0 6.68167307972908 0.4735186696052551 3.774905815720558 1.737380340695381 0.7983928620815277 2.313820071518421 0.7970517501235008 0.3118600845336914 0 0.7069293707609177 0 0 65.56547337770462 0.238617867231369 0 0 0 4.084611669182777 1.945790529251099 1.987188309431076 6.568281598389149 12.49365831166506 20.91343605518341 9.765747368335724 1.610209554433823 2.711980886757374 0 0 0 0.5413119420409203 0 0 0 66.64230141043663 10.55669273436069 28.78826940059662 137.5355233997107 7.074749603867531 58.28652022778988 27.80579710751772 303.7994660809636 13.04168387502432 0.6168948113918304 42.02624764293432 51.93043626844883 1.115810573101044 45.77209839969873 8.080287382006645 123.8847749382257 3.46158142387867 0 12.86574155092239 1.635469272732735 0
414.963470377028 738.0094651579857 154.4958255216479 1609.015390686691 885.0199968889356 475.8631236553192 3397.959376052022 184.2511512264609 1807.082548759878 3612.481789134443 1663.18691021204 4539.837052196264 0 5778.635919712484 272.8734582662582 19.07250817120075 1.855275884270668 0.2442640662193298 0 1.762593567371368 2.516948029398918 0.4278458505868912 0.0792897641658783 0 44.00591450929642 0.9144750460982323 0.5314293876290321 3.446145758032799 1.696478694677353 0.2366662472486496 71.4652156829834 25.694346614182 554.6765512004495 0 0.1225287169218063 18.0846009850502 123.3325129300356 136.8739798665047 175.6932374536991 1185.931607037783 0.5202442184090614 0.8432046920061111 0.4558360278606415 22.65299275517464 0 1.310808047652245 431.1350192353129 3.606101393699646 1.244173489511013 0.5386859327554703 1.400372460484505 2.296752914786339 3.397979855537415 1.815091170370579 1.224257998168468 11.29944034665823 35.42492460459471 58.87621632963419 9.673660606145859 51.22032082080841 5.237864181399345 23.72424094378948 1.081783160567284 60.57580761611462 6.167177714407444 3.413851588964462 1.914792791008949 1.18511588126421 0.4740233272314072 0.2641843855381012 277.0389367341995 42.21114608645439 0.5067223459482193 58.778923176229 69.72271809726954 292.2777367457747 276.6824205741286 91.47351495176554 3.700166247785091 463.3604661002755 3.197655774652958 34.51252506673336 12.31152238696814 0.09137406200170517 2.508651249110699 6.04563669487834 4.202536255121231 0.3221452534198761 0.754142202436924 0.9260431230068207 1.319840729236603 1.230775028467178 0.8208175227046013 0.4218791499733925 2.024256877601147 6325.752425044775 97.29052731394768 0 8.97821868956089 215.3826605454087 12.20745845139027 27.59447221457958 44.24816685914993 3.874542117118835 34.53965771198273 182.9582931101322 32.1044265627861 153.3283173590899 119.5294088423252 270.3972667008638 35.09507486224174 300.1228653043509 259.7223065793514 237.3096417933702 72.20307301729918 6.794177696108818 6.226305589079857 0.3615036606788635 5.78608475625515 0 0 0 0 0 0 0.4426643848419189 0 0.5385538339614868 0 2.022981569170952 0.2692619562149048 1.020751118659973 0 0 22.56366377323866 11.11489003896713 0 0 0.8336295932531357 56.54116696119308 1.642325282096863 107.3839510977268 42.21191385388374 11.95358608663082 0 0 0 0.5209130197763443 5.827382177114487 1.295714288949966 0 10.53395289182663 39.41926427185535 0.462911456823349 0 0 0.666975125670433 0.3606666252017021 0.2127965241670609 1.042045682668686 1.258076518774033 0.8042919710278511 5.812644429504871 0 4.252661883831024 0.2177084386348724 9.273022018373013 2.78568808734417 3.289484262466431 0.302839919924736 1.433569312095642 0.8183948248624802 0 0.1193864420056343 0 0 144.7728588283062 3.394616633653641 0 0 0 6.619052469730377 4.589608699083328 2.164186015725136 8.084091708064079 9.314810171723366 30.21149998158216 13.97987735271454 5.446734420955181 0.9873063862323761 0.1872304975986481 0 0 0.7596437409520149 0 0 0 130.3639697507024 14.99723812937737 45.49560299515724 829.6541672646999 93.48443707078695 666.9157426021993 335.1583053916693 521.4021738022566 163.6150876134634 5.868166126310825 383.9915285259485 66.52466706186533 4.547416366636753 61.89924669265747 8.509564816951752 110.7781783491373 6.040742442011833 0.236041858792305 19.53571540117264 14.84644817560911 1.551724761724472
603.03628141433 1462.235044308007 907.9965271875262 288.3787394315004 1775.623062476516 24.5502450466156 1592.086729332805 1040.229736857116 1902.360953509808 195.2875813767314 4104.441008970141 50.36202476918697 5778.635919712484 0 132.6892605721951 9.504481293261051 0.4640667736530304 0.5984034612774849 0 1.217159196734428 0 0.2443960681557655 0 0.09560230374336243 8.163437351584435 1.218583688139915 2.785371750593185 0.6692418530583382 0.8629182651638985 0 285.9631530344486 37.22917131334543 314.0515813678503 0.09569313377141953 0 6.247778326272964 158.1686220169067 34.65844529867172 45.22573183476925 434.5057083666325 0.2892565429210663 0.4210234582424164 0.3401588872075081 8.077802218496799 0.1480818837881088 1.231492087244987 254.116870559752 3.157786913216114 0 0 1.291751839220524 0.8254414275288582 2.975550532341003 0.4644626379013062 0.8886109888553619 5.832679089158773 24.67567553371191 66.62306489050388 5.40055987983942 35.04068453609943 1.876347810029984 6.895998567342758 0.1917390078306198 73.27652833610773 3.567951753735542 1.409348525106907 1.597548805177212 0.9574658498167992 0.07595376670360565 0.1960267275571823 85.83526794612408 14.42957988381386 0 48.29250118136406 78.00216399878263 224.6508914604783 194.5187404900789 41.39462453871965 5.638831220567226 595.7009804844856 1.886150017380714 31.64074941724539 9.285281054675579 0.08521512150764465 1.628359235823154 3.53865734860301 2.400699429214001 0 0.4325168952345848 0 0.4036691710352898 0.1018603444099426 0.2522546127438545 0 1.069456204771996 271.9210786372423 4.848194263875484 0 2.186503566801548 54.96663273870945 1.878665924072266 3.599256426095963 5.40465584397316 0.1357055902481079 5.521623358130455 32.04602345824242 2.3119046241045 19.56337055563927 17.86438801884651 35.47781616449356 4.296595096588135 35.65828600525856 38.41868004947901 37.1601430028677 8.262106761336327 0.7086055874824524 1.505650341510773 0 0 0 0 0 0 0 0 0 0 0 0 0.6275584325194359 0 0 0 0 4.039682105183601 1.295314848423004 0 0 0.8345259130001068 10.18810242414474 0 25.19707502424717 6.389852583408356 1.672174513339996 0 0 0 0.3146238029003143 0.6612476110458374 0.50141641497612 0 3.579914979636669 14.93174035102129 0 0 0 0 0 0 0 0 0.3374073803424835 2.757548347115517 0.5973729193210602 0 0.2472597360610962 1.500154227018356 0.3893231749534607 0.2153246998786926 0.2493002563714981 0.2238646969199181 0 0 0.1534890234470367 0 0.3889108598232269 22.89298225939274 0.6879642009735107 0 0 0.1521605402231216 1.31235483288765 0.6701293736696243 0 2.037059232592583 3.315243646502495 4.487649902701378 1.429474398493767 1.100839555263519 0.1109880283474922 0.07769180089235306 0 0 0 0 0 0 15.56588503718376 5.384267151355743 14.26936852931976 384.6571656167507 46.58660744875669 365.5112150758505 177.5074702128768 61.10716273635626 83.62109086662531 2.205204173922539 169.4249971583486 11.88404064625502 1.616233862936497 14.10357686877251 1.977452114224434 23.5464486181736 3.090775579214096 0.9483004510402679 2.207215078175068 6.811364464461803 0.5544333010911942
