0 3157.604564607143 708.3257911354303 868.8155844509602 359.5334880203009 267.5563073605299 2973.937609918416 105.7537719756365 56.30297036468983 1431.498112395406 688.7058359980583 37.27380585670471 171.6441994011402 15.62379724532366 2.061849504709244 1.075840085744858 0 0 0 0 0 0 0 0 0 0 0 0 0.1358810812234879 0 310.0135825574398 0.4260081499814987 0.2637163400650024 0 0.1096421182155609 0 0 0 0.8198882937431335 0 0.1143073067069054 0 0 0.2885080650448799 0 0 9.727122485637665 1.020732723176479 0 0 0.3584937006235123 0 0 0.1168890595436096 13.53704226016998 21.64355516433716 303.6944132596254 906.69286878407 46.00555441528559 6.984075054526329 0 0 0 4.231381319463253 9.341397844254971 4.039925180375576 0.8957585990428925 1.070911794900894 0.3447687774896622 0.5239645838737488 2.26165384054184 2.516506671905518 0 222.0480802133679 30.7152987793088 9.770318150520325 4.812416210770607 1.316944822669029 0.1056133806705475 25.02030643820763 0.2775222286581993 1.569106355309486 25.37346978485584 0.6786200106143951 3.5750717446208 4.703706704080105 2.42491851747036 0 0 0 0 0 0 0 0 10.26933154463768 0.44970703125 0 0.9567506164312363 1112.847663387656 0 0 0 0 0 0 0 0.8803452253341675 0 1.043375432491302 0 1.614957317709923 2.370338961482048 4.422763779759407 1.920381009578705 0 0 0 0 0 0 0 0 0 0 0 0 0 0 0 0 0 0 0 0 0 0 0 0 1.568458810448647 0 1.522435903549194 1.167343139648438 0 0 0 0 0 0 0 0 0 0 0 0 0 0 0 0 0 0 0 0 0 0 0 0.6011288166046143 0 0 0 0 0 0 0 0 0 1.578798845410347 0 0 0 0 0 0 0 0 0 0.7269251346588135 0 0 0 0 0 0 0 0 0 0 0 0 0.7633107602596283 21.48604244738817 7.002533964812756 74.42259594798088 16.86854389309883 362.587558567524 8.43615585565567 4.57856222987175 5.910067908465862 1.526603296399117 0 0.7515150159597397 0.2524723634123802 0 0 0.4330400228500366 0 0 0
3157.604564607143 0 1488.889432758093 132.2290967106819 4421.426482498646 286.7085011303425 4667.459229230881 263.9606835246086 2603.374647162855 100.9575245082378 3696.990530617535 25.25537051260471 410.8564432486892 446.2579615563154 6.043007157742977 1.847833544015884 0.3142133355140686 0.2057592272758484 0 0 0 0 0 0 0.4904734119772911 0 0 0 0 0 2059.888329587877 9.105954021215439 0.7784876823425293 0 0 0 4.604220107197762 0 0 0 0.1051520183682442 0.2854774668812752 0.1110585331916809 0.1816653311252594 0 0.1720694899559021 63.59005511552095 6.604052752256393 0.1487953662872314 0.4226569160819054 0.1312042772769928 0 0 0.1476581990718842 35.20874740928411 71.12476100027561 179.2468340024352 785.2535122260451 52.89163724333048 39.03618796914816 0 0.1703526228666306 0.1778780370950699 49.31662931293249 33.35339982062578 19.76382507383823 4.694226443767548 1.542116083204746 0.1474034488201141 1.668996639549732 4.972698748111725 3.830463230609894 0 366.686592720449 92.09892789274454 38.3745426312089 23.22855230420828 4.348529510200024 0.6324257254600525 20.63469754159451 0.4723595231771469 4.439211376011372 88.47369757294655 1.122832581400871 13.64779052883387 16.71356835216284 2.456467233598232 0.171782374382019 0 0 0 0.1318621188402176 0 0 0 0 0 0 0.2509708404541016 1258.682496204972 0 0 0.1754525303840637 0 1.971828699111938 1.331234976649284 0 3.053011983633041 0 1.782146394252777 0.7986992746591568 3.360018908977509 7.670236617326736 5.820895314216614 7.577666461467743 0 0 0 0 0 0 0 0 0 0 0 0 0 0 0 0 0 0 0 0 0 0 0 0 1.672168254852295 0 4.343490898609161 0.455269992351532 0 0 0 0 0 0 0 0 0 0 0 0 0 0 0 0 0 0 0 0 0 0 0 2.597035333514214 0 0 0 0.1009459495544434 0 0 0 0 0 3.007182657718658 0 0 0 0 0 0 0 0 0 0 0 0 0 0 0 0 0 0 0 0 1.387316837906837 0.2389159053564072 2.848572343587875 61.56188799440861 43.35950818657875 337.3719843327999 66.36216968297958 271.0370958596468 22.85904021561146 12.01060378551483 19.90687879174948 4.982963815331459 0.1690119206905365 4.261360354721546 3.579288817942142 0 0 0.8703439980745316 0 0.6315294355154037 0.3143962919712067
708.3257911354303 1488.889432758093 0 0 261.4320420920849 0.6482683122158051 70.81086537241936 2252.916541829705 569.1355382651091 0 3333.041871257126 0 44.40898504853249 127.9340595602989 15.15289051085711 9.904711373150349 1.515095584094524 4.583163313567638 0 7.079181104898453 1.781373806297779 0 0.330427348613739 0 0.2876701503992081 0.3021745830774307 0.1239743307232857 0.2230088040232658 0.4239824041724205 0 4318.839208595455 115.5002466365695 3.833594024181366 0.3044359982013702 0 0.8907584846019745 0.1679215580224991 0.4209436923265457 0 0.08725972473621368 4.801802895963192 0.9321293830871582 7.107223249971867 2.470496140420437 1.155389547348022 2.621133998036385 41.33611195534468 3.808799296617508 0.4910321459174156 6.963156051933765 1.42486809939146 0 0 1.026489526033401 12.05203801393509 25.25366193056107 73.94590009003878 552.6261285841465 24.39172700792551 18.42406367510557 5.088080063462257 4.172909930348396 2.159117855131626 140.6375846862793 12.22753518074751 6.775260791182518 2.558426640927792 10.76386981457472 28.16826821118593 37.66712123900652 1.479893267154694 0 0 147.0460263490677 59.73274099826813 36.44410611689091 38.83674191683531 14.40678022801876 22.46964983642101 548.1585844680667 5.731059446930885 226.5819334760308 32.39474232494831 0.219029426574707 5.274084910750389 4.487403959035873 15.27097769826651 0 0.2135985642671585 0 0 0.1235319599509239 8.166329249739647 0.2287521436810493 0.6762334853410721 0 0 0 0 386.6808732375503 0 0 0 0 0 0 0 0.351437896490097 0 0 0 0.1608362048864365 0 0 1.050103202462196 0 0 0 0 0 0 0 0 0 0 0 0 0 0 0 0 0 0 0 0 0 0 0 0.1639439612627029 0.2151853889226913 0 0.406832754611969 0 0 0 0 0 0 0 0 0 0 0 0 0 0 0 0 0 0 0 0 0 0 0 0 0 0 0 0 0 0 0 0 0 0 0 0 0 0 0 0 0 0 0 0 0 0 0 0 0 0 0 0 0 0 0 0 0 0 38.45618113875389 15.96237786114216 151.8462471291423 24.47801472246647 32.73650102317333 8.63796953111887 2.773610070347786 16.9361060783267 1.918135739862919 0 1.482269130647182 0.8026094660162926 0 0 0.2033385634422302 0.1302229166030884 0 0.1629089117050171
868.8155844509602 132.2290967106819 0 0 17.44010947644711 681.6141092181206 3213.177879542112 0.2831850051879883 62.09237143397331 780.8372869640589 0.5111492574214935 125.8942857980728 681.4347496926785 12.64954003691673 0 0.2024274170398712 0 0 0 0 0 0 0 0 0 0 0 0 0 0 2.882747709751129 0 0 0 0 0 4.668501704931259 1.993225455284119 1.325611978769302 0 0 0 0 0 0 0 2.416240349411964 0.2562734633684158 0 0.2070987373590469 0 0 0 0 2.134659379720688 2.871625915169716 26.52500972151756 35.65254113078117 5.32812725007534 0.7592504322528839 0 3.896421432495117 0 1.295799970626831 2.411613345146179 0.7500081807374954 0.09381943196058273 0 0 0 2.773678332567215 0.9520630836486816 0 20.64521031081676 3.184543609619141 1.7510836571455 0.5966738611459732 0 0 0 0 0 4.764586821198463 0 0.9393928647041321 1.07073625177145 0 0 0 0 0 0 0 0 0 4.495568439364433 0 0 1.46776157617569 383.0679039359093 0 0 2.13042776286602 0 0 1.778618812561035 0 0.6120675802230835 0 1.186327517032623 1.242051169276237 3.928272098302841 3.913325026631355 7.346054762601852 4.972608968615532 0 0 0 0 0 0 0 0 0 0 0 0 0 0 0 0 0 0 0 0 0 0 0 0 2.235937029123306 0 2.242017477750778 0.55941241979599 0 0 0 0 0 0 0 0 0 0 0 0 0 0 0 0 0 0 0 0 0 0 0 2.978577449917793 0 0 0 0 0 0 0 0 0 1.55985401570797 0 0 0 0 0 0.5204133987426758 0 0 0 0 0 0 0 0 0 0 0 0 0 0 0.6632431149482727 0 0.9846508204936981 11.04258109629154 2.658375114202499 19.33080065250397 4.815730251371861 212.3337163627148 1.455235421657562 0 1.58428318798542 0.4081209823489189 0 1.049015045166016 0.4691902473568916 0.6338074207305908 0 0 0 0 0
359.5334880203009 4421.426482498646 261.4320420920849 17.44010947644711 0 18.37442348152399 295.2061263769865 67.79816767573357 7526.455280005932 298.9122619181871 848.2176969870925 210.2140624970198 634.9770700931549 360.9414371177554 6.323298618197441 2.152700379490852 0 0 0 0.1337924897670746 0.6407036334276199 0 0 0 0 0.2110008746385574 0 0 0 0.2962231934070587 264.7309335544705 11.27925615012646 6.451569467782974 0 0 0 12.25125841796398 1.086257204413414 0.6870018541812897 0 0.1834962218999863 0.1169010028243065 0.1486067920923233 0 0 0 76.2754245325923 5.109212882816792 0.2864126712083817 0.7057011276483536 0.1047569736838341 0 0 0 18.24259392172098 47.46042611449957 51.74909726530313 172.0599261447787 25.3579740896821 46.66893303394318 0.1146971732378006 1.696323126554489 0.1534949541091919 86.0637351796031 28.00538450479507 16.35698865354061 3.729270726442337 2.230073787271976 0.4545206278562546 0.5844645500183105 23.36351802945137 2.089475244283676 0 196.6740328967571 75.0857161283493 45.40911503881216 31.86248682439327 5.618562318384647 1.290423735976219 2.340825192630291 1.21844270825386 2.795999556779861 63.23238861560822 1.171544224023819 13.83840775489807 13.97828869521618 2.382930487394333 0 0.7989122495055199 0 0 0 0.1264021843671799 0 0 6.617392435669899 1.446933791041374 0 2.654426246881485 113.5582253485918 0.5029567182064056 0 5.44361025094986 0 1.647239625453949 6.77496924251318 0.2793189287185669 17.28255747258663 0.6837448477745056 6.414410203695297 4.784219101071358 37.02913554012775 33.23544655740261 57.15451554208994 54.85517951846123 0.5122070908546448 0 0 0 0 0 0 0 0 0 0 0 0 0 0 0 0 0 0 0.8151813149452209 0 0 0 0 19.40695622563362 1.546963274478912 16.61472576856613 3.025459468364716 0 0 0 0 0 0 0 0 0 1.726950347423553 0 0 0 0 0 0 0.4964162111282349 0 0 0.8622953295707703 0 0 2.837970077991486 16.54184339940548 0 0 0.3005565404891968 0 0 0 0 0 0 19.11635741591454 0 0 0 0 2.410687774419785 0 0 1.948186248540878 0 1.111920058727264 0 0.5592846274375916 0.7208582162857056 0 0 0 0 0 0 0 8.458127900958061 5.339950904250145 4.40575248003006 94.70028430223465 45.03296563774347 394.221366032958 106.8346717432141 138.1108281984925 22.38230769336224 11.72168184071779 35.36933103948832 8.537238627672195 0.1455158740282059 5.477868609130383 5.323530599474907 1.379896759986877 0 1.460358045995235 0.7587156966328621 5.995200350880623 0.6222189664840698
267.5563073605299 286.7085011303425 0.6482683122158051 681.6141092181206 18.37442348152399 0 514.9075310081244 0 25.13996254652739 2161.173306494951 0.7642237544059753 180.1099169850349 167.8932384327054 41.28983354568481 0 0.1271237134933472 0 0 0 0 0 4.86465348303318 0 0 0 0 0 0 0 0 6.121450379490852 0 16.12824992835522 0 0 0 35.25039471685886 2.017771631479263 9.056673809885979 0 0 0 0 0 0 0 0.7287067547440529 0 0 0 0.2516023516654968 14.07933193445206 0.8008412718772888 1.529293447732925 0 0.4753021821379662 83.10276135802269 74.36381433904171 5.922728948295116 0 0 1.970953240990639 0 0 0.5001809895038605 0.08433564752340317 0.9056774973869324 0 0.2549881339073181 0 156.9668920636177 109.8459217101336 3.715712532401085 4.234372928738594 3.055374518036842 0 0.1113331243395805 0 0 5.542195379734039 0 1.049290910363197 0.5854471623897552 0.24732506275177 0.1266312450170517 0.1185469850897789 0 4.277534931898117 2.709498926997185 10.82870608568192 1.378640800714493 1.792863667011261 0.3409667909145355 0 0.7275123298168182 258.7940365374088 86.78104437887669 7.360445261001587 20.86013594269753 277.7773586064577 0 0 0 0 0 0.25597083568573 0 0.7768939137458801 0 1.596519112586975 0 1.782791987061501 2.680255800485611 0.9384268969297409 1.239198803901672 0 0 0 0 0 0 0 0 0 0 0 0 0.1799334585666656 0 0.4460244923830032 0 0.3921267539262772 0 0 0 0 0 0.2764792442321777 0 0.4347571283578873 0.8579288423061371 3.854966327548027 4.869976535439491 2.208383291959763 0 0 0 0 0 0.8695645332336426 0 0 0 0 0 0 1.563428059220314 0 0 0 0 0 0 0 0.928169846534729 0.7740775346755981 0.3916746377944946 0 0 0 0 0 0 0 0 0 0.8911705613136292 1.487256407737732 0 0 0 0 0 0 0 0 0 0 0 0 0 0 0 0 0 0 0.4458906948566437 1.104720279574394 0.53262959420681 1.197194665670395 1.299790695309639 0 3.177032276988029 0.7233600318431854 165.3173359334469 1.6581199914217 0.6408097371459007 0.608204573392868 0.3998610973358154 0.1428450047969818 0.3783214390277863 0 0 0 0 0 0 0
2973.937609918416 4667.459229230881 70.81086537241936 3213.177879542112 295.2061263769865 514.9075310081244 0 21.25129953026772 710.3570050150156 1608.072586141527 38.22428978234529 363.0811184793711 3546.310790747404 746.7819928303361 17.36831619590521 2.621677614748478 0.8400676846504211 1.007097482681274 0 0 0.4571309089660645 0 0 0 0 0.2243553400039673 0.2903601825237274 1.11793776601553 0.142763152718544 0 355.851712025702 24.19572491943836 26.30636528134346 0.1993742883205414 0 0 70.64083023369312 3.984864473342896 4.845678627490997 3.011269733309746 0.1121106147766113 0.9671252071857452 0 1.149288512766361 0.7562888264656067 0.7649116814136505 228.8424782902002 19.11633462458849 0.3864366859197617 1.346596218645573 0.870934009552002 0 0 0.5857147127389908 88.48105756193399 189.0179589018226 296.4739381745458 713.0599283799529 121.6608584225178 119.6030977070332 0.5987268388271332 2.193710744380951 0 168.3542084544897 95.57084038853645 50.97471570968628 13.48491875827312 5.863074444234371 1.52349528670311 2.528551399707794 110.5910172984004 17.27818210422993 0 794.5164202749729 216.2216215059161 126.7802870646119 63.38252186775208 7.074220009148121 1.915253296494484 3.815853372216225 1.712139785289764 13.48061852157116 247.8448943346739 4.057022228837013 52.69936480373144 43.89650075137615 8.62969659268856 0.9688738435506821 1.559426836669445 0 0.3881909251213074 0.1960221976041794 0.703061431646347 0.2154209315776825 0.3427249491214752 30.53053925186396 12.90595708042383 0 6.449149951338768 687.8188490271568 0.6574934422969818 1.899059653282166 26.14837369322777 0 9.912228271365166 21.07081651687622 2.471183136105537 66.63950327038765 7.630060091614723 34.94956164062023 14.32775378227234 131.3118353933096 131.5301661491394 169.150722168386 209.4652245044708 0 0.7875337600708008 0 0 0 0 0 0 0 0 0 0 0.3658421635627747 0 0 0 0 0 0 2.471311926841736 0.7919902503490448 0 1.532765865325928 0 75.46833465248346 2.019018605351448 53.46711613237858 24.0779225975275 0.9606345742940903 0 0 0 0 1.715021371841431 0.6877875328063965 0 1.326875030994415 5.3636714220047 0.651073157787323 0 0 0.3597699403762817 0.1259822696447372 0.8776767328381538 1.454710766673088 0.6127716898918152 0.291654497385025 0 0 0 0.9256075620651245 88.86272585391998 0 2.374359667301178 1.348903477191925 0.1975837871432304 0 0 0 0 0 77.94960027933121 0 0 0 0 8.925344601273537 0 1.090107843279839 3.462974324822426 1.108404859900475 1.188448265194893 0 0.1214841157197952 0.8656716197729111 0 0 0 0 0 0 0 31.28281238675117 25.69224011898041 25.40323261916637 305.2416005432606 135.7063122466207 1302.163415424526 319.8669489622116 758.0469882786274 89.6634494587779 42.49211382865906 113.8095166087151 31.70401885360479 0.355015404522419 32.72260455787182 13.07941088825464 0 0.3131084144115448 3.071693398058414 2.279320642352104 1.429846286773682 2.719157934188843
105.7537719756365 263.9606835246086 2252.916541829705 0.2831850051879883 67.79816767573357 0 21.25129953026772 0 179.4363280460238 0 1644.185230992734 0.7123758941888809 43.75883980095387 231.6573880761862 24.14869707077742 14.06226997822523 6.021290011703968 30.40999146550894 1.03836265206337 27.98205619305372 7.034525692462921 0 0.8932889401912689 0 1.608104646205902 0.2548036575317383 0 1.779711164534092 0.2464632242918015 0 1851.788727901876 1638.908579006791 9.585827395319939 1.027844771742821 0.469614565372467 1.409072659909725 4.412790939211845 0.3502040356397629 0.3514776825904846 0 5.490826480090618 2.524346232414246 17.20936530083418 4.42074853926897 4.607715517282486 14.30937251448631 85.39626476913691 7.118600599467754 13.33254355937243 42.44812183082104 4.06325402110815 0.1875606030225754 0 2.272658407688141 10.94646470248699 25.73688940703869 48.1705467030406 292.3276193067431 28.00324443727732 40.00883144140244 57.25164294987917 7.88217294216156 3.376674115657806 295.3034084141254 13.91085230559111 14.66646598279476 3.843720681965351 34.17754153907299 76.23827064037323 90.80809463560581 5.474133931100368 0 0 162.8240608721972 130.2241734936833 77.04367313534021 189.05574041605 147.5919469371438 318.829622797668 590.7352194190025 102.9513504132628 1039.158738598228 37.91908571124077 0.3806974962353706 12.2414136454463 9.167143873870373 79.84565550833941 0 0.1196928769350052 0 0 0 14.5886006206274 0.687662273645401 3.454597301781178 0.4097235798835754 0 0 0 135.564039260149 0 0 0 0 0.1526391953229904 0 0 0.8289604783058167 0 0.1533606797456741 0 1.869661331176758 0.5853436440229416 2.459720641374588 2.469904646277428 0.8512372970581055 0 0 0 0 0 0 0 0 0 0 0 0 0 0 0 0.2667790055274963 0 0 0 0 0 0 0 3.663783594965935 0 1.853289738297462 0.3299663662910461 0.1800029873847961 0 0 0 0 0 0 0 0.248038187623024 0 0 0 0 0 0.2357421591877937 0 0 0 0 0 0 0 0 0.652621328830719 0 0 0 0 0 0 0 0.1349120438098907 0 2.948115736246109 0 0 0 0 0 0 0 0 0 0 0 0 0 0 0 0 0 0 0 0 0 0.8057907819747925 0.9873417615890503 69.78074410557747 16.6692508533597 289.2498011887074 49.20991293340921 35.45695303380489 11.28245047479868 3.432901136577129 36.74590317159891 3.302369505167007 0.09427668899297714 3.313115760684013 2.103902228176594 0 0 0.2540759295225143 0 1.549862891435623 0.7992617934942245
56.30297036468983 2603.374647162855 569.1355382651091 62.09237143397331 7526.455280005932 25.13996254652739 710.3570050150156 179.4363280460238 0 263.4931737706065 2440.707840315998 317.3508444651961 2908.3102369681 2040.831163093448 71.46580639481544 34.61951752007008 0.7074752002954483 0.3263731151819229 0 0.963392086327076 0.7323901206254959 0 0.251738004386425 0 0.2726318836212158 0.6399933695793152 0 1.195790261030197 0.5593041628599167 0 110.9466174244881 14.84841600805521 48.84487721323967 0.1229850649833679 0 0.2657646834850311 73.75719294697046 6.418929859995842 3.70599277317524 0.7098037153482437 1.435805343091488 1.247789017856121 1.972457997500896 3.919779345393181 0 0.5165770798921585 201.1822524741292 5.649670094251633 0.2301756516098976 1.77937164157629 1.504855453968048 0 0 1.144732266664505 16.72243157029152 43.06261439993978 62.92556911706924 72.62876773625612 41.68471863865852 68.60074812173843 1.062196403741837 5.495838053524494 0.3649988695979118 89.96707314252853 25.82933683693409 17.53688590973616 3.974961243569851 6.459134206175804 7.772260494530201 7.611553661525249 102.9100646525621 13.08538535237312 0 155.9833120554686 40.41251181066036 178.7189231440425 124.8442356660962 33.93512310832739 2.368880540132523 29.19178512692451 2.75523366779089 11.27246940881014 53.0322709903121 2.206495486199856 19.30046132206917 11.09912418574095 8.760368250310421 0 0.6758207306265831 0 0.2022488713264465 0.1393059492111206 4.409278534352779 0.1117989867925644 0.3831911087036133 38.3247042670846 5.722802951931953 0 5.809972807765007 33.84519702196121 0.7328325286507607 0 29.5663620904088 0.5118520855903625 14.5755532681942 22.69754531979561 2.19524909555912 78.52401326596737 3.077967345714569 39.10781445354223 25.95290528982878 142.0820176005363 142.4747849926353 213.6805120781064 227.323315128684 0.5479081347584724 0.1757015734910965 0 0 0 0 0 0 0 0 0 0 0.3806973397731781 0.981456995010376 0 0.1295269578695297 0 0 0 1.455806255340576 0.3388558030128479 0 1.549671709537506 0 87.48106464743614 4.352534338831902 60.71503496170044 20.67961958050728 1.071115225553513 0 0 0 1.674572765827179 0 1.086036264896393 0 0.7089009284973145 1.80753093957901 0 0.4262628257274628 0 0 0 1.255250096321106 0.6329578012228012 0.1390619874000549 1.174659997224808 1.577167727053165 0 1.89982533454895 0.6296146512031555 109.8419333100319 0 0.8256484270095825 1.697437569499016 0.3978966474533081 0 0 0 0 0 84.81450097262859 1.460808217525482 0 0 0.2552800327539444 6.928869545459747 0 1.039516553282738 2.613191485404968 0.7665320634841919 1.165725968778133 0 0.7878989577293396 0.9948365986347198 0.1835680305957794 0 0 0 0 0 0 44.28949020057917 24.16191746294498 26.05555956065655 523.6342679858208 63.60478544235229 822.6713026538491 286.8306297361851 225.0312137305737 60.82289396226406 14.82232653349638 243.6025410741568 39.09657626599073 0.3050695732235909 24.39459276199341 12.39859399199486 4.273054338991642 0 2.602351725101471 1.73066870868206 9.020136758685112 0.8797070980072021
1431.498112395406 100.9575245082378 0 780.8372869640589 298.9122619181871 2161.173306494951 1608.072586141527 0 263.4931737706065 0 13.21397219598293 2724.668711960316 5219.963322944939 258.1731225401163 0 0.9309799894690514 0 0 0 0 0 0 0 0 0 0 0 0 0 0 6.279323935508728 0 18.19718471169472 0 0 0 86.28235170245171 7.539948284626007 15.57044753432274 0.9516072869300842 0 0 0 0 0 0 2.653030410408974 0.4829965084791183 0 0 0 0.2192104607820511 0 0 2.771778210997581 3.982157669961452 91.49952746927738 43.04512503743172 8.051719561219215 5.050657287240028 0 12.77294111251831 0 0.5209141671657562 2.136085167527199 0.5952348932623863 0.1516444534063339 0 0 0.1543372720479965 159.9896215498447 66.88245967030525 0 23.7982759475708 5.106325969099998 0.9949541389942169 1.932971701025963 0.1573458909988403 0 10.5197876393795 0 14.27886891365051 2.956595532596111 0.1145216450095177 1.863326579332352 0.7872055098414421 0.3609628975391388 0 0 0.1698908507823944 0 0 0 0 0 128.8780473917723 46.18816965818405 0 24.33489885926247 1337.941916264594 1.115736827254295 0 15.95161002874374 0 10.94919776916504 19.43472498655319 9.005898833274841 67.45021299272776 7.577940508723259 55.42649836838245 16.78713646531105 130.1673748344183 130.961890026927 182.0102003514767 138.4162518829107 2.262382507324219 0.9589580297470093 0 0 0 0 0 0 0 0 0 0 0.6847950220108032 0 0 0 0 0 0 3.427087187767029 0.1651313155889511 0 0 0 57.74088098108768 8.429764568805695 53.68534588813782 28.07349172234535 3.182611078023911 0 0 0 0 0 0 0 5.233945652842522 2.504481911659241 0 0 0 0 0 1.05492827296257 1.831707775592804 0.7299616932868958 0 1.622577548027039 0 0.9786952137947083 0 92.79863168299198 0 2.259696185588837 0.4218577742576599 0 0 0 0 0 0 50.42066679894924 0 0 0 0 6.291001066565514 0 0 4.418242961168289 0.4813934564590454 0.6768772080540657 0.2113754898309708 0.5533169507980347 0 4.665559411048889 0 0 0 0 0 0 34.64457219839096 23.62427891790867 30.31363454461098 289.7899538502097 3.892673648893833 33.80909644812346 6.886288642883301 1391.261830657721 2.011984884738922 1.159249350428581 4.091059386730194 9.115789569914341 0 15.52530579268932 1.36649489402771 5.554308652877808 0 0 2.724021047353745 0.366905689239502 0
688.7058359980583 3696.990530617535 3333.041871257126 0.5111492574214935 848.2176969870925 0.7642237544059753 38.22428978234529 1644.185230992734 2440.707840315998 13.21397219598293 0 50.03420992195606 1062.95935279876 3984.769350573421 117.7128158435225 79.73457949608564 3.743349798023701 3.881748080253601 0.1907740533351898 10.16804432868958 5.790733173489571 0 0.4386439248919487 0 9.079893365502357 1.171640202403069 0.09787773340940475 1.465212404727936 0.9358006045222282 0.1036580502986908 2703.999182909727 749.8305881246924 665.2972055003047 2.318416833877563 0.7430970519781113 15.63353758305311 171.6768647134304 70.11471026390791 3.717494681477547 14.10528199374676 9.494946993887424 1.78797547519207 7.807819001376629 15.55453972518444 1.467821598052979 3.356161281466484 293.0072973445058 12.40812990814447 1.734197944402695 10.87032704800367 9.083166666328907 0 0 1.311426013708115 40.09826174378395 80.00951943546534 104.0361364260316 493.6614878922701 55.10775668919086 109.9263932108879 3.006260231137276 18.46256260573864 8.545958310365677 267.4677920937538 39.99617163836956 30.72316260635853 10.0531108751893 36.17027355730534 54.59220593422651 67.61874062567949 70.46289567649364 8.233994394540787 0 362.2634043321013 154.7109214439988 256.8159651681781 245.5684404671192 90.31053767353296 44.47175151854753 216.5623793005943 9.659061193466187 158.8392841666937 106.5925451889634 2.049132578074932 30.90770767629147 19.86736226826906 28.00196244567633 0.1197515800595284 0.8679124712944031 0.1597663164138794 0.7266115173697472 0 35.7795090302825 2.369546122848988 1.784520208835602 19.05200424790382 1.954410538077354 0 3.478242479264736 337.2517902925611 1.342180997133255 0 4.028679221868515 0 2.614242017269135 3.071159780025482 0.6078476309776306 13.5351637750864 1.708487823605537 3.07984721660614 3.235921368002892 24.32508853077888 13.91919893026352 29.72583374381065 44.45442639291286 0.5980616956949234 0 0 0 0 0 0 0 0 0 0 0 0 0 0 0 0 0 0 0 0.3075163662433624 0 0 0 20.18283644318581 0.6246711015701294 18.64866854250431 4.804880708456039 0.7403462827205658 0 0 0 0 0 0 0 2.210716187953949 0 0 0.915229320526123 0.5715385973453522 0 0 0.205092266201973 0 0 0 0.2601919770240784 0 0.1756820231676102 0.8585658073425293 24.43708476424217 0 0.8905999660491943 0 0 0 0 0 0.1285584419965744 0 15.66388338804245 0 0 0 0.2930877357721329 3.081277668476105 1.122146666049957 0 0.7223023176193237 0 0.5570009872317314 0 0 0 0 0 0 0 0 0 0 3.959066048264503 9.115617454051971 6.769607231020927 424.9819153472781 79.03246788680553 950.3870426565409 243.6393914148211 139.7435669973493 52.98571582883596 16.19340800493956 251.853849247098 22.34341442584991 0.1841268688440323 13.01026833057404 11.56529353559017 1.28829151391983 0.8526140451431274 2.190522313117981 1.201902009546757 8.264043405652046 1.877498000860214
37.27380585670471 25.25537051260471 0 125.8942857980728 210.2140624970198 180.1099169850349 363.0811184793711 0.7123758941888809 317.3508444651961 2724.668711960316 50.03420992195606 0 1866.89028596133 311.4434776753187 16.14128272980452 13.10735940933228 0.4214929342269897 0 0 0.171977236866951 0 0 0 0 0.6800193786621094 0 0 0 0.177919328212738 0 1.455711200833321 0 77.37370499968529 0 0 0 183.0695910304785 12.59506553411484 7.856467306613922 1.319381237030029 0 0 0.2822910249233246 4.111333832144737 0 0.441937580704689 19.48329021036625 0 0.906303346157074 0.9769548028707504 0.3201217353343964 0 0 0 1.51927425712347 3.950716495513916 9.673974275588989 6.266107842326164 2.896383002400398 2.846042662858963 0 19.59065237641335 0 2.082019552588463 0.5314567163586617 1.187547706067562 0.2403945624828339 1.919073522090912 1.53622217476368 0.9504009336233139 86.52222844958305 31.57519792020321 0 10.9336052685976 1.872738137841225 13.51829300075769 8.979065798223019 9.11048074811697 0.2766240239143372 57.39912369847298 1.037535846233368 8.22308024764061 2.14228630810976 0 0.08591504395008087 0.9470064267516136 1.427559077739716 0 0 0 0 0 0.7761073857545853 0 0 746.5637644380331 32.46593527495861 0.1910620629787445 10.28456272184849 75.22601380944252 1.25069722533226 1.126720786094666 26.47322089970112 0 25.86731731891632 34.61280679702759 3.097907170653343 89.63026483356953 8.421600371599197 64.85895225405693 23.63104639947414 188.6387753486633 189.5234856978059 314.3819318562746 245.630607932806 0.3351503908634186 0.9351718574762344 0 0 0 0 0.6794281601905823 0 0 0 0 0 0 0 0 0 0.1978859007358551 0 0 1.424022361636162 1.248034954071045 0 0 0 93.9812788516283 1.047051787376404 54.78649762272835 17.97817611694336 2.228538930416107 0 0 0 0 0.7332616448402405 0 0 1.500052437186241 2.980791032314301 0 0 0 0 0 1.150024265050888 0 0 0.5144971609115601 0 0 0.642753392457962 2.774033963680267 96.694496139884 1.614786148071289 0.9413359612226486 1.111171886324883 0.3182159960269928 0 0 0 0 0 83.28912059962749 0 0.5454906821250916 0 0 9.311850756406784 0 0.7146621644496918 2.439712859690189 1.100291132926941 2.602800965309143 0.9062506258487701 0.385231152176857 0 0 0 0 0 0 0 0 58.30791223049164 39.53503201901913 18.45211386680603 186.8626349717379 5.085439682006836 66.43084610253572 14.85912976413965 268.3681043460965 4.371324762701988 0.4096236824989319 41.46430144459009 12.43575596064329 0.1227581799030304 11.79540998488665 0.7636594623327255 7.919970884919167 0 0.143299475312233 0.3168557286262512 1.290111139416695 0
171.6441994011402 410.8564432486892 44.40898504853249 681.4347496926785 634.9770700931549 167.8932384327054 3546.310790747404 43.75883980095387 2908.3102369681 5219.963322944939 1062.95935279876 1866.89028596133 0 3004.22714406997 107.2102953568101 63.75395574420691 2.192930638790131 0.2431221380829811 0 1.989148020744324 0.343544527888298 0.2080603688955307 0.1658205538988113 0 0.1485550403594971 1.049512878060341 0.09991729259490967 0.9833075404167175 0.6270102337002754 0.1455394178628922 20.32951159775257 4.540670275688171 127.0511944293976 0.2615183889865875 0 0.2397899180650711 128.2582780718803 3.727820515632629 8.00098617374897 1.485673606395721 2.110609270632267 0.6353908404707909 0.8354617431759834 10.50228606909513 0.6338116526603699 0.5454405471682549 174.6128826737404 2.69063226878643 0.4952377453446388 1.339407317340374 1.626273952424526 0.3596152663230896 2.326006054878235 1.171619944274426 9.678120702505112 25.31222677975893 44.54117851704359 32.22358690202236 22.49689633399248 47.52149411290884 0.632154755294323 13.28687806427479 0.9987283647060394 38.44730863720179 12.78410722315311 11.86064671725035 3.471380308270454 9.176660485565662 13.01280744373798 8.490813873708248 183.2950125411153 43.53520995378494 0 84.17088538408279 24.78555627912283 167.7154490202665 129.0020940676332 64.63171561807394 1.580797173082829 73.01900467276573 6.13479907810688 21.43429784476757 27.27464895695448 4.435780137777328 8.904044590890408 7.790407866239548 8.038420654833317 0.24188082665205 0.8026569336652756 0.1361439675092697 0.1106374338269234 0 6.040142998099327 0.6367512792348862 0.6795790567994118 1011.956716507673 23.73144532740116 0 10.6138314306736 84.36237986385822 3.426745533943176 0.5528652220964432 61.36185839772224 0 40.64832320809364 59.87132055312395 9.125529393553734 177.1760970056057 8.963013991713524 134.4448545724154 45.56792050600052 372.4762258008122 378.0258856117725 501.7280840799212 562.2118888348341 1.368900999426842 1.308172821998596 0.7425202131271362 0 0 0 0 0 0 0 0 0 0 0 0 0 0 0 0 4.324016526341438 1.13346891105175 0 4.141512215137482 0 180.0409162044525 9.209991648793221 98.0968554764986 34.74606435000896 3.114715352654457 0 0 0 0.9551687836647034 0 0 0 2.728896111249924 1.249637484550476 0.4188544750213623 0 0 0 0.2684994041919708 0 0.7368512749671936 0 2.85002775490284 3.25276218354702 0 1.759240627288818 0 214.174686819315 1.270727261900902 3.344295531511307 0.6304274201393127 0 0 0 0 0 0 238.9889791756868 1.913981109857559 0.5558933019638062 0 0.1146605387330055 13.46709406375885 1.00116865336895 1.43830569088459 5.762878775596619 4.46632419526577 3.535453826189041 0.3200482875108719 3.070193111896515 0 0.1077373921871185 0.122033067047596 0 0 0 0 0 124.8670564889908 66.05845725536346 49.65654268860817 667.7837415412068 49.90472585707903 617.3362023383379 217.6310679018497 322.3057603165507 42.87759621441364 7.364578939974308 321.0869446396828 34.80991600453854 1.779065243899822 26.3036522641778 10.27874484658241 14.42966665327549 0.5594974160194397 1.56218970566988 3.655881620943546 9.940942779183388 0.2115769684314728
15.62379724532366 446.2579615563154 127.9340595602989 12.64954003691673 360.9414371177554 41.28983354568481 746.7819928303361 231.6573880761862 2040.831163093448 258.1731225401163 3984.769350573421 311.4434776753187 3004.22714406997 0 220.2815690636635 166.926191650331 4.53412664681673 1.576642006635666 0.5052701681852341 4.409074880182743 2.662097707390785 0 0.8907105848193169 0 16.74596784263849 3.508578941226006 0 1.157199211418629 0.6183582097291946 0.4304092451930046 44.55729334056377 9.533036403357983 1563.203621119261 1.230244942009449 1.094943597912788 29.47090695053339 1291.087699651718 359.0014537572861 10.40010023862123 66.24522799998522 13.75032793730497 4.811476610600948 5.972761616110802 32.74248784035444 1.230934374034405 1.491279274225235 269.8298023119569 5.984959609806538 1.80948081612587 7.924545511603355 17.02764234691858 0.1278093308210373 0 2.156754046678543 7.826673448085785 20.11134970933199 28.06825394183397 25.13153613358736 17.75456322729588 63.64082317054272 4.720002576708794 132.7831522226334 5.771709084510803 58.08371941000223 13.07859635353088 16.70755004882812 8.775847986340523 60.03177517652512 86.52088189125061 69.3566795065999 391.5373939350247 22.04564732313156 0 89.93667478114367 30.40374929457903 263.7528694793582 204.4319940730929 143.1245432123542 8.097409255802631 615.2899769991636 14.13667276501656 83.60447277128696 30.44145419448614 1.182223349809647 11.819172129035 6.809750512242317 29.13715475052595 0.5218508690595627 0.8486377894878387 0 1.109674759209156 0.1991356015205383 76.19747168570757 3.424422115087509 1.900283858180046 805.8892944529653 11.30220940709114 0 7.632746905088425 30.73013269901276 1.701443456113338 0 38.08294533938169 0 26.89610707759857 38.64511916041374 3.4403385668993 121.5833441466093 8.059723794460297 57.94303900748491 34.06233797222376 233.0962461382151 211.6571290940046 330.7920165359974 428.1681985110044 2.352012902498245 0.6191429793834686 0.1815397441387177 0 0 0 0 0 0 0 0 0 0.6734970808029175 0 0 0.3617542088031769 0.3700894117355347 0 0 3.424335733056068 2.422962546348572 0 1.006955057382584 0 167.0462192296982 6.016411125659943 90.00419847667217 30.12734399735928 3.612827137112617 0 0 0 0 0.4585970044136047 0.873628556728363 0 1.14861536771059 1.391338765621185 0 0 0.4725496023893356 0.6930870115756989 0 1.708417601883411 0 0.7468265891075134 0.3122798502445221 1.436796620488167 0 1.3491370677948 1.698665857315063 166.7694950848818 1.574585273861885 2.711089305579662 0.8240640759468079 0 0 0 0 0.3442800492048264 0.6974681466817856 184.8835660666227 0 0.6654951274394989 0 0.748743362724781 10.37644183635712 2.280993640422821 0.3289883136749268 4.300080388784409 0.12679623067379 1.695587560534477 0.3546758741140366 0.6942842379212379 0.6206216216087341 0.3802380487322807 0.3508949875831604 0 0.8322304934263229 0.895686075091362 0 0 69.73886984586716 54.35446065664291 57.07551567256451 844.6043406575918 62.22941666841507 813.3326224461198 252.0087470412254 167.5786466449499 40.09872158616781 5.979194805026054 521.5398005247116 35.6919247508049 0.3526083379983902 19.94607641547918 8.682437308132648 5.409997701644897 0 1.910903096199036 3.636941537261009 16.77334157377481 1.903465405106544
2.061849504709244 6.043007157742977 15.15289051085711 0 6.323298618197441 0 17.36831619590521 24.14869707077742 71.46580639481544 0 117.7128158435225 16.14128272980452 107.2102953568101 220.2815690636635 0 2111.055616751313 417.0373555868864 19.40114407241344 55.52546251565218 1.922782927751541 0.6217117682099342 0 0 0 42.99091871827841 0.3487786948680878 0 0 0 0 30.03690761327744 26.96922354400158 74.1722495034337 0.7665390968322754 0.8185787498950958 62.15908748656511 263.1288303956389 319.6969088464975 48.90778163820505 78.50408183783293 1.016190811991692 0.6013667806982994 1.085434958338737 967.2338013797998 158.8618509322405 173.6064039990306 281.3687741830945 28.40178041160107 51.45977539569139 35.25896963477135 0.5679712295532227 0 0.6531451940536499 0.2681540548801422 0.6575953513383865 0.924821138381958 1.185812696814537 7.684316746890545 2.002245202660561 351.6063723340631 218.846143476665 68.32867080718279 0.8135251104831696 8.964271880686283 0.8923459351062775 2.317034721374512 0.6422967240214348 4.580822497606277 7.709797874093056 4.993245974183083 148.9273820593953 6.615082897245884 0 129.8394005149603 5.73602332919836 1495.964111238718 499.8897023573518 498.04235650599 21.56460497528315 242.688520938158 141.8153456375003 221.0091467499733 6.531308017671108 0 4.133075684309006 0.5150079354643822 56.23850045353174 0 0 0.1842921525239944 0 0 1.595182381570339 0.2190216258168221 0.7529529333114624 3.831068940460682 9.652328372001648 1.868001833558083 23.56783690303564 2.718828953802586 0 0 0 0 0 0.1285833567380905 0 0 0 0.1185586526989937 0 0.1900110393762589 0 1.254553020000458 1.5251854211092 0.1679786145687103 0 0.1651893705129623 0 0 0 0 0 0 0 0 0 0.6679259762167931 0 0 0 0.517522931098938 0.2507280111312866 0 0.4560994803905487 0 0 0 0 2.674056053161621 0.8874297738075256 5.790804460644722 4.34210878610611 2.244008764624596 0 0 0 0 0.2497765570878983 0.7832116931676865 0 0 0 0 0 0 0.7771157398819923 0 0 0 0 0 0 0 0.4747495651245117 1.123178094625473 2.591256305575371 0 0 0.1399024873971939 0 0 0 0 0 0 1.105120196938515 0.4104363620281219 0 0 0 0.1457607448101044 1.18773428350687 0 0 0.2479327023029327 0 0 0 0 0 0 0 0 0 0 0 0.181243896484375 0.9701328426599503 1.5554009526968 7.528812140226364 6.076546706259251 52.00048094987869 2.633919447660446 1.698943167924881 0.6674178242683411 0 2.64452288299799 0.8505337461829185 0 1.582111574709415 0.4794751107692719 0 0 0 0.111441433429718 0 0
1.075840085744858 1.847833544015884 9.904711373150349 0.2024274170398712 2.152700379490852 0.1271237134933472 2.621677614748478 14.06226997822523 34.61951752007008 0.9309799894690514 79.73457949608564 13.10735940933228 63.75395574420691 166.926191650331 2111.055616751313 0 1276.533693619072 84.61601427197456 294.48410705477 2.837232954800129 2.036044515669346 0 0.1354340612888336 0 24.44292921572924 0.1260737925767899 0.1039465442299843 1.528590865433216 0.2813477069139481 0 27.39463926851749 24.37119200080633 77.8982575237751 0.1552555859088898 0.2062042653560638 46.96137856692076 252.0585427060723 307.869732439518 49.32020492851734 55.35081142932177 2.33818182349205 4.4372563585639 6.290155842900276 3624.879367120564 636.958808645606 531.5350869819522 194.7152813971043 232.0694842562079 291.9358386173844 212.9616782590747 1.577362887561321 0 1.345574781298637 2.346518382430077 0.515790693461895 1.040071375668049 1.077239990234375 5.629529803991318 1.345731429755688 71.10102813690901 194.186878927052 77.66446931660175 1.093007594347 19.08931647241116 1.202762112021446 11.98859912157059 1.54198581725359 29.347761541605 26.61783733963966 10.59848465770483 147.8727547824383 11.54781419038773 0 23.4031925573945 8.191129364073277 1362.51444080472 566.7733561173081 1414.554963991046 44.28543445467949 241.8466721698642 603.8076600134373 191.635791875422 31.88685568422079 0 33.37832459062338 0.6259682551026344 375.4772463068366 0.1436645686626434 2.6844482421875 0.2268678396940231 1.082294829189777 0.1700781732797623 1.344727449119091 0.4109711050987244 1.410791233181953 2.040654487907887 6.047799736261368 0.5277779251337051 22.74668949097395 1.102557629346848 0 0 0.3936792016029358 0 0 0 0 0 0 0 0 0.4493561089038849 0.6556356400251389 0.8081818521022797 1.748253673315048 0.3004360198974609 0 0 0.3965219110250473 0 0 0 0 0.5665696859359741 0 0 0 4.488599702715874 0 2.851584538817406 0 4.580240964889526 1.301421493291855 1.083369046449661 0 0 0 1.26325660943985 0.3777191042900085 2.890438556671143 2.395331144332886 13.93552997708321 7.300296112895012 15.45800590515137 0 0 0 0 0.5823495388031006 4.35377924144268 0 0 0.1589047759771347 0 0 0 1.05862221121788 0 0 0 0.1322426944971085 0 1.40164041519165 0 2.898227825760841 2.23896062374115 3.921339064836502 0.9598717093467712 0 0.3883830606937408 0 0 0 0 0 0 0.2672172486782074 0.4718708842992783 0 0 0 0 1.391710698604584 0.9173615574836731 0 0.3628052473068237 0 0 2.506228536367416 0 0 0 0 0 0 0 0 0.2631030976772308 1.257285624742508 3.055038794875145 16.76522143185139 33.60708494484425 237.6791981980205 3.935316972434521 1.090637102723122 0.5182514637708664 0.1677158325910568 4.287247367203236 4.923991061747074 0 0.5741427764296532 0.2150768041610718 0 0 0 1.224565297365189 0 0
