0 3848.598337732255 753.7699195221066 1171.907531224191 285.7987259179354 125.3496663570404 451.1479461342096 77.37392209470272 53.74437386542559 992.2292750775814 88.13988481462002 41.27003259956837 135.0966816693544 18.84144248813391 3.556889288127422 1.692368015646935 0 0 0 0.2109810933470726 0.2231140807271004 0 0 0.1793163269758224 0.6267907693982124 0.09752395749092102 0.4154362082481384 0.2178185284137726 0 0.1085128411650658 106.1295486167073 0.6624223962426186 20.11311685293913 0 0 0 20.80618612468243 0.3893274515867233 0.1194534078240395 0.09715975821018219 0.4262690842151642 0.1413174867630005 0 0.872379757463932 0 0 11.89151279628277 2.023511946201324 0.1263837963342667 0.1256488114595413 0.1040435284376144 0 0 0.4450778439640999 1.961796499788761 2.724128402769566 246.5507839992642 390.1343858167529 37.59676346927881 7.568229146301746 0 0.2301132306456566 0 1.854951672255993 5.148282930254936 2.181611008942127 1.308264881372452 1.62831000238657 0.3224921375513077 0.5123504176735878 40.13894841074944 4.743609637022018 0 158.1639733240008 3.368585348129272 7.819373533129692 8.853094860911369 4.129819720983505 2.12101236730814 92.38849288225174 0.2062096372246742 5.217623353004456 8.902635768055916 0 2.993029028177261 2.873307600617409 0.841565266251564 0.4882594496011734 0.7097419425845146 0.4220895171165466 0.1436835676431656 0.58004991710186 1.209532968699932 0.1038796529173851 0.09229110926389694 69.37726572155952 2.087772697210312 0.8807409107685089 0.2964204698801041 869.694154009223 0.1255474388599396 0 2.005573377013206 0.1619854867458344 0.7709411233663559 6.753153726458549 1.207689180970192 3.526931062340736 54.3103790730238 6.772695779800415 0.4123778492212296 4.484436944127083 1.431632593274117 3.295087814331055 3.23180865496397 0 0 0 0 0 0 0 0 0 0.1160415858030319 0.09686444699764252 0 0 0 0 0 0 0 0 2.229433372616768 1.347950600087643 0 0 0 2.125560700893402 0.4835966974496841 1.011792927980423 0.09723130613565445 0 0 0 0 0 0 0 0 0 0.1220357865095139 0.1408539414405823 0 0.194001242518425 0 0 0 0.2790690660476685 0.09394937753677368 0 0 0 0 0.1283477246761322 2.309037283062935 0 0 0 0 0 0 0 0 0 8.201626770198345 0 0 0 0 2.448143735527992 0 2.162630051374435 0.421641081571579 0 0 0 0.1844321638345718 0 0 0 0 0 0 0 0 0 0.482017770409584 0.1492309123277664 21.445636741817 4.83830051869154 50.92646318674088 8.118870817124844 712.7053429037333 10.92232249677181 0.359983429312706 7.635009080171585 1.478239551186562 0 1.420071847736835 0 0.7640708088874817 0 0 0 0.4411705136299133 0.4441235512495041
3848.598337732255 0 2293.143799826503 1749.257992327213 4750.728375047445 621.0752883702517 2795.989517822862 691.0587910860777 957.7061969935894 1318.890503704548 1101.057079844177 229.9266700148582 990.883693151176 1244.51222949475 21.80125028640032 10.17227179557085 0.5602548122406006 1.548314265906811 0.4212283566594124 1.521997027099133 0.7845877781510353 0.2252461090683937 0.4328474625945091 0.180534303188324 5.814108692109585 1.108836106956005 0.9806134402751923 1.289537772536278 0.7904168367385864 0.5042445734143257 1427.108617700636 8.585552617907524 136.2482940927148 0 0 2.263579770922661 117.2835938036442 1.964879877865314 10.40984885394573 3.753031708300114 2.689821854233742 1.713767699897289 1.46739786863327 2.327243320643902 1.181532837450504 0.3145907744765282 221.2089814543724 29.87370880693197 3.64007006585598 3.025658644735813 2.404321871697903 0.4374456405639648 0.3182917237281799 2.019337974488735 22.42349939793348 21.13727003335953 259.9787262007594 755.4172442033887 67.64822281897068 107.3393096029758 1.042934380471706 17.64687030762434 0.3994641602039337 36.47250063717365 44.95471528917551 25.75354348123074 15.2919904962182 10.17254262417555 3.01107993721962 5.256825149059296 184.3766497671604 116.5439491271973 0.2637197524309158 757.5237138047814 87.51609738916159 133.8407697752118 101.0119164735079 32.50259061902761 16.7937738224864 763.4934042394161 1.275340512394905 43.57284041494131 79.27009478956461 0.09787977486848831 22.48247303068638 34.69795128703117 17.71394526958466 0.3326862975955009 5.501380801200867 0.375905878841877 3.319186486303806 1.854660555720329 5.598798252642155 2.376121409237385 2.838151544332504 192.4219360426068 18.32919876277447 0 1.340569451451302 1640.087124325335 10.89264584332705 5.485406950116158 30.29712747037411 4.431018367409706 43.64608202129602 77.96345521509647 7.509097278118134 79.430504322052 79.16617096960545 89.66501043736935 17.54236321151257 49.86204953491688 41.45140282809734 115.2120958417654 103.2536148577929 1.312649384140968 1.057206809520721 0 0 0 0 0 0 0 0.2489720284938812 0 0 0 0 0.1096570193767548 0.08284088224172592 0 0 0 55.56365831196308 31.32928462326527 0 0 0 53.38411548733711 3.275202639400959 19.27419562637806 7.666626423597336 0.2536263912916183 0 0 0.4244181215763092 0 0.6744887381792068 0 0.1023988798260689 1.478038057684898 4.576278388500214 0 0.1146291643381119 0.1027580201625824 0 0.5416351482272148 0 1.409084022045135 0 0.1927731037139893 7.882061876356602 0 0.1720226258039474 0.4612370729446411 52.39013539254665 5.403162226080894 0.9156212508678436 0.3473477587103844 0.1164593026041985 0 0.09996911138296127 0 0 0 99.20660015940666 10.22736611962318 0 0.1384733021259308 0.3720922023057938 46.9809922799468 1.854278281331062 10.17200022935867 5.160851329565048 3.814331792294979 3.475501976907253 0.5767384469509125 3.702315479516983 0.0976506769657135 0 0 0 0.5864758417010307 0.1514612585306168 0 0 21.0450710952282 4.36826965212822 5.790791645646095 330.7761521264911 71.65681730955839 758.6251059323549 105.9160501658916 1809.418591417372 107.9345368221402 8.331613697111607 104.4325528889894 17.96319435536861 2.660094790160656 20.50589829683304 2.319887429475784 10.02180743217468 4.270838335156441 0.874176412820816 3.140059947967529 1.603278890252113 0.7429485023021698
753.7699195221066 2293.143799826503 0 18.21220192313194 1431.980425134301 10.96272379159927 29.22285714000463 3137.76344935596 59.50493092834949 13.82194600999355 2343.127717919648 7.189882025122643 148.4605395942926 306.5501107797027 43.59525661915541 29.43493426591158 3.064653426408768 8.476755239069462 0.7228771150112152 28.20862719416618 46.22045677900314 0.2517708241939545 10.4651856943965 6.949891552329063 78.03442145138979 6.133263431489468 25.92110223323107 5.210183255374432 1.045224562287331 1.332122199237347 5137.807645894587 637.4367803782225 245.5148543864489 1.527838639914989 11.74988053739071 25.11836935579777 161.3676784262061 8.060403786599636 3.047015629708767 8.788144081830978 49.9973808825016 5.760121919214725 38.90389586240053 9.344127044081688 1.473127618432045 0.8017798289656639 212.6072784885764 25.48035396635532 2.908112458884716 42.84934405982494 18.32781592011452 1.792763441801071 0.3771387860178947 4.686702892184258 16.374187245965 15.16185466945171 191.2590785324574 1275.412922024727 46.85595378279686 82.66138607263565 36.01695796102285 38.8914452791214 43.74838870763779 160.2357278615236 32.17297281324863 32.75112087279558 20.49632250517607 67.70713555812836 81.69165263324976 196.6657868996263 88.97297344356775 33.71464619040489 0.4374682158231735 630.2193572372198 167.2568142414093 150.6749330982566 138.1925188004971 69.01534033566713 708.2442705780268 2566.113101191819 27.16488621383905 1083.741112306714 52.35735329240561 0.4362769424915314 20.56358912587166 26.38828267902136 66.25051200389862 0.1087815463542938 4.399173185229301 0.08537593483924866 6.652505181729794 4.367001064121723 196.0551677122712 10.00015864521265 5.71088195592165 45.32197474688292 4.250433072447777 0 0 289.9194764122367 2.772847518324852 0.8317660018801689 4.982228070497513 1.090592235326767 6.054647400975227 6.603222697973251 0.5208309590816498 14.07959197461605 3.684643819928169 21.74242781102657 4.695243798196316 8.355102933943272 7.450094327330589 28.13565713167191 21.33261069655418 0.2806102782487869 0.139165997505188 0 0 0 0 0.158630445599556 0 0 0.5666254609823227 1.368967331945896 0 0 0 0 0.2146356850862503 0.1291019767522812 0.886562205851078 0 15.07856795191765 6.283848345279694 0 0.368383914232254 0 9.570499397814274 1.048075385391712 8.860072866082191 3.044330328702927 0.2215426787734032 0.6674124896526337 0.2894871905446053 1.030792996287346 0 0.2993381023406982 0 0.6022323668003082 0.2719523459672928 0.9369543269276619 0 0.1580905467271805 1.564349837601185 0.1288807392120361 3.797489538788795 0 1.169919297099113 0.08638787269592285 0.3800634667277336 1.836859181523323 0 0 0.7562902867794037 8.551954813301563 2.62785866856575 0.1415068209171295 0 0.09367517381906509 0 0.1013497784733772 0.08642325550317764 0.0890977531671524 0.6551559790968895 26.06147372722626 3.169705539941788 0.257099874317646 0.5676606148481369 0.6163147911429405 9.527901634573936 0.4297779574990273 1.756508491933346 0.9585794508457184 1.327317997813225 1.643707349896431 0 0.3387394845485687 0.6184823140501976 0 0 0 0.3086038380861282 0.8423521593213081 0.4209342300891876 0 3.80578750371933 1.360844597220421 1.022664614021778 279.6047191172838 65.89936195313931 560.171546690166 97.27280722558498 439.338814266026 74.49372358620167 3.942629881203175 82.96712794154882 13.49961195886135 1.084164790809155 5.132161773741245 0.8343584835529327 2.397518038749695 0.3061616718769073 0 1.926946543157101 1.864927381277084 0.3705418407917023
1171.907531224191 1749.257992327213 18.21220192313194 0 478.0564065426588 468.9566230475903 1298.952757835388 2.3047054708004 548.6387851834297 3413.561279028654 5.020617850124836 375.7952056080103 1240.210390001535 58.80191488564014 0.6747966185212135 0.9375128820538521 0 0 0 0.1530186384916306 0 0 0 0 0 0.1349921375513077 0 0 0 0.1890983432531357 13.61272388696671 0.2657646536827087 1.98074409365654 0 0 0 3.279166996479034 0.2809697687625885 0.5302103161811829 0 0.1304236948490143 0 0 0 0 0 13.40190593898296 1.742605417966843 0 0 0.2026440501213074 0 0 0.1663176119327545 2.35616385191679 0.5364462658762932 19.89306010305882 36.17646337300539 3.222098678350449 4.53581215441227 0.1628184765577316 1.497835516929626 0 0.9144900143146515 2.401245675981045 2.119935609400272 1.042670674622059 0.56730617582798 0 0 200.1685689985752 4.811740562319756 0 45.30987314879894 4.189257226884365 5.494357906281948 3.651926301419735 1.024090595543385 0.1938513070344925 3.026338346302509 0 1.31155851483345 5.415610060095787 0 1.330239117145538 1.893249683082104 0.508196696639061 0 0.4675218090415001 0 0.1350969225168228 0 0.3128247857093811 0 0 84.94717979431152 6.606147944927216 0 0 235.1850012093782 1.30000576376915 0.6847564652562141 3.51260532438755 1.558028519153595 2.959111034870148 29.17492808401585 1.323067605495453 8.362257763743401 167.6415265351534 14.62142062187195 2.150823600590229 10.16604816913605 6.437982678413391 15.26332612335682 7.675202012062073 0 0 0 0 0 0 0 0 0 0.139006495475769 0 0 0 0 0 0 0 0 0 4.516741126775742 4.145079910755157 0 0.1820480078458786 0 4.719668738543987 0 1.554618716239929 1.402930870652199 0 0 0 0 0 0 0 0 0 0.450249508023262 0 0 0 0 0 0.09680680185556412 0 0.1829467713832855 0 1.372328370809555 0 0 0 2.476662956178188 0.7811773121356964 0.5895631313323975 0 0 0 0 0 0 0 12.19614446163177 0.4479600787162781 0 0 0.2051173150539398 3.762892216444016 0 1.358168184757233 0.3384007513523102 0.7355682551860809 0.3586787581443787 0 0 0 0 0 0 0 0 0 0 3.768339276313782 0.4071707427501678 0.326738178730011 13.58326596021652 3.159974865615368 44.6270515024662 5.252271756529808 355.6246624514461 3.651205413043499 0.872585192322731 4.148936323821545 0.5727556645870209 0 2.240753084421158 0.3085744678974152 0 0 0 0.1596983969211578 0 0
285.7987259179354 4750.728375047445 1431.980425134301 478.0564065426588 0 47.31344889104366 1153.653158485889 2723.789579235017 3662.380394130945 559.894433490932 4859.429460309446 371.4343181401491 996.3440867215395 4522.394035048783 20.84886340796947 8.758888252079487 0.5025855600833893 2.038155794143677 0.128110945224762 0.8331074938178062 0.5484679192304611 0 0.1349308490753174 0.1720363646745682 2.659305669367313 1.603131212294102 0.7564113959670067 1.587178640067577 0.934989407658577 0.08597500622272491 141.0797946602106 8.929719217121601 48.68915718793869 0 0 2.840220004320145 68.15114524960518 5.305146172642708 12.92045100033283 5.43441054224968 0.6807078123092651 0.5465417504310608 1.098531067371368 2.164652667939663 0.3726425021886826 0.1195606514811516 198.705431163311 18.42724341154099 1.42148695141077 2.163864068686962 0.9177816435694695 0.5444182977080345 0.0956781730055809 2.732709646224976 9.769494116306305 9.057016022503376 37.47924766689539 129.8010897040367 11.81414189189672 70.00631123781204 1.203695751726627 32.49934351444244 0.527547650039196 45.51642350852489 19.57076881080866 10.79852998629212 8.889065243303776 6.382514417171478 1.230068862438202 2.487058646976948 167.4984695762396 109.3607905432582 0 255.5284787192941 64.28872713446617 146.9820150211453 136.8939037844539 36.51887931674719 4.663790859282017 743.2144830599427 1.101078696548939 24.41241935640574 32.53336119651794 0.3343514055013657 12.02319242805243 17.77205406874418 6.952263973653316 0.1039993613958359 3.730307899415493 0.4585414081811905 1.28881036490202 0.6767976209521294 2.937137886881828 0.7209295406937599 1.989423647522926 172.8581711947918 25.53257021307945 0 2.062406465411186 70.11809326708317 15.43779946118593 5.544687293469906 44.56476321816444 7.844093546271324 57.46552433818579 58.18502081930637 7.561954751610756 92.17753431200981 31.00226975977421 165.6409948021173 24.50307305157185 67.42749854922295 53.24498526751995 139.611083291471 144.8096561655402 0.9553907215595245 2.392337292432785 0.3104903995990753 0 0 0 0 0 0 0 0.1917577087879181 0 0 0 0 0 0.2294915318489075 0 0 82.93905077129602 43.5963097512722 0 0 0 55.18592590093613 2.799938336014748 33.90976293385029 14.79960814863443 0.1368087977170944 0.200269028544426 0 0.166656419634819 0.2679881751537323 1.194213509559631 0.3280501067638397 0.4865626394748688 4.845735274255276 5.501051500439644 0.2570402920246124 1.214064687490463 0 0 0.4840172529220581 0 0.1528485715389252 0 1.411006078124046 8.099392622709274 0 0 0.1124934479594231 72.53055377304554 10.90981315076351 1.362419933080673 0.3148879408836365 0.08854586631059647 0 0.2465767338871956 0.1014658361673355 0 0 133.013239108026 6.866133242845535 0.2046138644218445 0 0.5417468100786209 74.15534121543169 2.099471747875214 17.93030499666929 4.801362529397011 9.911391958594322 6.205957397818565 5.753168508410454 3.73843714594841 0.5784538239240646 0 0 0 0.12691630423069 0.2582408413290977 0 0 24.34359829127789 9.485765740275383 6.814373627305031 298.1854638010263 60.79759346693754 502.864808447659 88.87724088877439 480.9243605434895 100.4514431506395 4.619189001619816 97.46523164212704 23.73888153582811 5.216225527226925 20.5504352003336 3.541731245815754 7.959649845957756 3.387289263308048 0.4795823767781258 4.625696562230587 2.991178520023823 0.9288588464260101
125.3496663570404 621.0752883702517 10.96272379159927 468.9566230475903 47.31344889104366 0 169.1776086241007 2.186801239848137 60.74288035929203 902.7067423462868 10.18960049748421 145.1081438660622 214.1741498485208 13.41826273500919 1.005410477519035 0.7765293270349503 0 0 0 0 0 2.010674819350243 0 0 0 0 0 0 0 0 1.418694838881493 0 19.79147957265377 0 0 0.6939325928688049 55.35318875312805 2.083536319434643 9.432800456881523 1.741675585508347 0 0 0 0.4088300168514252 0 0 1.785745620727539 0 0 0 0.2156019508838654 9.761592969298363 6.786780536174774 0.3695513755083084 0 1.096968904137611 237.9326907023787 26.9926643371582 5.519601687788963 0.2857661694288254 0 2.443106323480606 0 0.1320403069257736 0 0.1078395545482635 0 0 0 0 449.8440971672535 92.41477328538895 5.776032283902168 3.038279846310616 0 0.2397808432579041 0.6411202177405357 0.4430902898311615 0 9.638729780912399 0 2.104093916714191 0.2258844375610352 0.2162572592496872 0 0.1890730410814285 0 12.67313075065613 2.678471297025681 13.49976013600826 0.7458382397890091 6.891703084111214 0 0 3.83290208876133 472.7444754391909 23.67157119512558 13.11106961965561 4.299363970756531 380.608402043581 0 0 2.300164014101028 0.260838121175766 2.71381051838398 4.277994632720947 0.4506458938121796 4.71001560240984 19.68886998295784 10.34189243614674 0.8833952248096466 6.35682575404644 2.305491626262665 4.731976337730885 1.042639553546906 0 0 0 0 0 0 0 0 0 0 0 0 0 0 0 0 0 0 0 0.4049398973584175 0 0 0 0 0.9146375209093094 0 0.55201156437397 2.082549154758453 0 0 0 0 0 0 0.2953563332557678 0 0 0.430545337498188 0 0 0 0 0.1802778095006943 0 0 0 0 0.1276657730340958 0 0 0.1756371855735779 1.080869793891907 0 0 0 0 0 0 0 0 0 2.166849255561829 1.947867006063461 0 0 0 0.9157689213752747 0 0 0 0.2823487818241119 0 0 0 0 0 0 0 0 0 0 0 1.266269952058792 0 0 5.76417101919651 0.8725069835782051 2.564195960760117 1.114505782723427 111.095316439867 1.230374976992607 0.213815301656723 0.7954209744930267 0.9986840188503265 0 0.1743890196084976 0 0 0 0 0.1508278399705887 0 0
451.1479461342096 2795.989517822862 29.22285714000463 1298.952757835388 1153.653158485889 169.1776086241007 0 9.314398087561131 611.3712067082524 1770.5560246557 64.60354936867952 297.4084091335535 2084.600023403764 342.2722572609782 5.389736711978912 0.8140519112348557 0.6022192090749741 0.9840839207172394 0.1349342912435532 0 0.2621156722307205 0 0 0 0.150349497795105 0.10475192964077 0.4069437384605408 0.6103090867400169 0.4663074612617493 0.273025281727314 64.65529503673315 4.951340183615685 5.128498062491417 0 0 1.602815002202988 13.68154329806566 2.798939555883408 8.867127113044262 2.263253718614578 0.4521016031503677 0.1141406297683716 0.9078055620193481 0.8741522952914238 0.2274426072835922 0.3280256167054176 91.54835012555122 11.25232873111963 0.678513377904892 0.2145474478602409 0.5935799106955528 0 0 0.6015822887420654 8.477981425821781 7.394870363175869 36.85369262844324 104.3464933782816 11.50657736510038 45.75259180366993 0.7007913589477539 23.62923485785723 0.2822903171181679 18.26125031709671 16.68939080089331 10.14079962670803 5.248136550188065 2.871322020888329 0 0.635828785598278 194.4790214002132 36.00622929632664 0 207.7071757540107 37.43572967499495 57.6043688878417 34.03221217542887 7.34652092307806 0.854762926697731 34.64332285523415 0.9789461866021156 11.3061608672142 27.27576504647732 0.394481286406517 9.513035871088505 13.90815844386816 5.70413975417614 0.2353452667593956 2.106774635612965 0.2480843290686607 1.569172136485577 0.9848577678203583 0.4563364759087563 0.6492258757352829 0.9802620187401772 94.45262505114079 18.87218341231346 0.1892713457345963 0.2640791237354279 114.0403240099549 6.705429010093212 1.054965898394585 16.94518701732159 2.40952567756176 19.80503006279469 32.12885504961014 3.033724159002304 35.05639391392469 31.48436519503593 51.83693295717239 11.66671451181173 27.34722678363323 23.46456997841597 41.11883967369795 42.98680092394352 1.182824566960335 0 0 0 0 0 0.1702779233455658 0 0 0 0 0 0 0 0 0 0 0 0 28.31776908040047 17.13299317657948 0 0 0 19.98198942095041 3.076910078525543 13.99978715181351 6.832864180207253 0.9661739692091942 0 0.2441171705722809 0 0 0.8583828955888748 0.3424313068389893 0 3.587830506265163 2.64251734316349 0 0.4437876343727112 0.1397966742515564 0.1098993495106697 0.6734685003757477 0 0.5955763906240463 0 0.4539986550807953 6.542630642652512 0 0 0.8709560632705688 29.73741893470287 4.547637611627579 0.1134583279490471 0.3854937106370926 0 0 0 0.1736418753862381 0 0.1224609389901161 41.103485673666 1.389284282922745 0 0 0.3368402272462845 26.55062486976385 0.3098700642585754 6.553731232881546 1.306778743863106 6.599887564778328 1.324051335453987 4.428938627243042 1.617271617054939 0 0 0 0 0 0 0 0 5.850164756178856 1.191119939088821 2.911748990416527 113.2467004060745 39.54792930185795 313.0398905947804 38.92684468626976 492.6403309851885 43.40345277637243 2.728392533957958 38.76934057474136 10.3198799341917 1.253699697554111 6.84590058773756 2.579138547182083 4.470414444804192 1.057560533285141 0.7786486893892288 1.14741376042366 0.4887925535440445 1.575362667441368
77.37392209470272 691.0587910860777 3137.76344935596 2.3047054708004 2723.789579235017 2.186801239848137 9.314398087561131 0 397.3030093088746 9.612190894782543 1404.300306342542 3.539558351039886 148.120409399271 266.3756756857038 26.26119320094585 17.26126000285149 1.917597129940987 2.379436008632183 0.2965191975235939 16.90805558115244 15.92514959722757 0.1546696275472641 0.8574207872152328 2.617124103009701 25.92261696606874 2.873760737478733 9.630537502467632 0.9160734564065933 0.7186826169490814 0.3662800192832947 893.4877275377512 1730.024602562189 145.9755598604679 1.33268853276968 2.280898943543434 9.003510348498821 125.2196082770824 3.547815799713135 2.628128878772259 4.133386239409447 13.96625827997923 2.014260359108448 7.032674856483936 4.539215475320816 1.449121318757534 0.4984348192811012 174.8450910225511 14.63932921737432 2.837894216179848 7.225004225969315 4.150911748409271 0.4494482055306435 0.07586877048015594 3.701108537614346 9.89826862514019 6.875573933124542 50.72029806673527 317.6351630687714 15.49232379347086 57.68604069203138 31.73977231234312 14.04024481773376 11.86981767416 177.1472230255604 16.81181522458792 13.36911953240633 8.034613631665707 18.83478426933289 13.51373403519392 45.72666691988707 91.06710473448038 39.05359347164631 0.2971531748771667 298.0318677648902 135.4669973552227 119.2240989282727 173.8235805854201 95.96117720007896 659.2909464240074 1506.820234060287 94.14948520064354 812.5572564154863 29.0303442850709 0.2865224108099937 10.22949343547225 16.15473242104053 12.21683620661497 0.3504641428589821 4.146557755768299 0.2225909382104874 3.014091342687607 1.384785033762455 49.60174702107906 2.915518894791603 2.509460233151913 48.36348551511765 5.888984598219395 0.1390976905822754 0 29.73103215545416 4.674520052969456 1.184495605528355 6.815568715333939 1.285160213708878 11.0663480758667 14.03572157025337 0.5528263002634048 18.92749767005444 4.759883306920528 19.44175511598587 5.466194532811642 12.19412820786238 11.24974296241999 25.74399048089981 27.33732648193836 0.1144890934228897 0.9137050807476044 0 0 0 0 0 0 0 0 0.2040663212537766 0 0 0 0 0.3731338754296303 0 0.2642151117324829 0 15.72975401580334 4.07037465274334 0 0.2740864381194115 0 11.88612829148769 0.758930116891861 6.15678421407938 2.23945489525795 0 0.3467977941036224 0.3656461909413338 0 0 0.3632845729589462 0 0 0.9211727678775787 0.7355109304189682 0 0 0.4363206326961517 0.1096350103616714 1.617447547614574 0 0.6571599245071411 0.08802001178264618 0 3.984926283359528 0 0 0.1975665092468262 17.34465202689171 1.988126754760742 0.5686759501695633 0.13148532807827 0 0 0 0.09972186386585236 0 0.1225630640983582 32.90821339935064 1.634742572903633 0.4847990721464157 0.1597947031259537 0.4601668938994408 13.15581637620926 0.1699576675891876 3.171724870800972 1.864676378667355 0.5562126934528351 0.6819593906402588 0.8927720487117767 0.7255309298634529 0.7553877532482147 0.09742292761802673 0 0 0.2294599935412407 0 0.1040853038430214 0 3.471444770693779 3.300914391875267 1.91711014509201 230.4913917332888 44.11451703310013 410.9440626204014 70.1242211535573 188.6729569733143 56.22729698568583 3.179967164993286 67.21380069851875 13.29573730379343 0.1200342997908592 9.089170791208744 1.883381299674511 2.689651146531105 0.9590161368250847 0.1215099692344666 2.005977228283882 3.512097679078579 0
53.74437386542559 957.7061969935894 59.50493092834949 548.6387851834297 3662.380394130945 60.74288035929203 611.3712067082524 397.3030093088746 0 955.8416560143232 1108.113738954067 805.1117443144321 4586.126099213958 2654.68851608783 23.3687564432621 10.75116838514805 1.028343170881271 0.9061087444424629 0.2031510919332504 0.7215648144483566 0.668746642768383 0 0 0.1113133504986763 1.205482505261898 1.436478666961193 0.4391547664999962 0.3773048669099808 0.1352398842573166 0 36.46190121024847 5.114757679402828 20.37122613936663 0.1116479784250259 0 2.250191509723663 37.63753875344992 3.192061841487885 14.96699379384518 6.669268049299717 1.320500239729881 0.5978007018566132 0.7880758568644524 1.640174828469753 0.1141206324100494 0 161.4542496278882 9.212206743657589 1.290085695683956 1.569939807057381 1.095193788409233 0.1556116342544556 0 1.741014786064625 5.617482282221317 7.022959113121033 16.70045360177755 43.68636284768581 7.799140751361847 42.62633657455444 0.4186117574572563 29.12356750667095 0.2728101313114166 31.36107685416937 12.96843569725752 7.914957270026207 6.227293856441975 2.722761496901512 0.8096147552132607 1.431316189467907 468.7395466119051 121.2209340855479 0 133.251155950129 37.26951972395182 114.7440715357661 128.4067714288831 42.02629339694977 2.413051053881645 939.1227162480354 1.454866878688335 11.50124788284302 16.71017353236675 1.781010083854198 4.877848125994205 10.89561124891043 4.833446472883224 0.1697507575154305 1.348844178020954 1.032368957996368 1.272438786923885 0.6656748875975609 3.187257066369057 0.5643108636140823 1.108356863260269 411.9646785855293 40.96553444862366 0 4.279125139117241 35.22087962925434 15.33409747481346 5.323959924280643 52.62237249314785 7.178082436323166 64.32939331233501 91.64374289661646 7.733328863978386 139.8583427220583 50.35384911298752 188.2397884577513 33.59498866647482 92.78509447723627 76.05121991038322 195.2538927197456 164.3950230330229 0.9737354665994644 3.715182952582836 0 0.4331609010696411 0 0 0 0 0 0 0.1043840125203133 0 0.2069081366062164 0 0 0 0 0 0 89.79530449956656 54.76326883584261 0 0 0 72.03837727755308 7.802762433886528 26.91553977131844 10.08930745720863 0.5533084198832512 0 0 0 0 1.308832064270973 0.5962440595030785 0 4.027678713202477 5.997601948678493 0 0.5413991510868073 0 0 0.2228939309716225 0 0.9270696938037872 0 5.274278402328491 11.11668335646391 0.5842157602310181 0 1.749758698046207 76.9757596552372 11.95187616348267 1.967266485095024 1.286090955138206 0 0.1707152724266052 0 0.2737523764371872 0.1014255359768867 0 171.7849206626415 10.46796496212482 0.3371855691075325 0 0.1014092266559601 79.42682847380638 2.462773866951466 14.14096737653017 5.970129497349262 14.3760049790144 9.396088734269142 3.032516896724701 4.40313421189785 1.308256775140762 0 0 0 0 0 0.113831989467144 0 37.8948770314455 10.3846677467227 8.760762929916382 280.8428446054459 45.49993315339088 356.4501125440001 89.0871285200119 265.8656447678804 78.46732277423143 4.25016426295042 88.34057372063398 23.96741616725922 3.962633945047855 24.92373722046614 4.314678758382797 14.06939660012722 4.98160582780838 0.9661237075924873 4.322435565292835 2.53083860129118 0.1614847928285599
992.2292750775814 1318.890503704548 13.82194600999355 3413.561279028654 559.894433490932 902.7067423462868 1770.5560246557 9.612190894782543 955.8416560143232 0 41.39970127493143 1820.700682669878 1950.604782648385 113.6343559548259 3.502771377563477 1.819124966859818 0.8506145775318146 0.5314214304089546 0 0.2462811470031738 0 0.72556471824646 0 0.4367175996303558 0.3741470649838448 0.247798003256321 0.2446350604295731 0.3255337327718735 0.1058323457837105 0 11.60364759713411 0.7532122731208801 48.66611944139004 0 0 8.303581789135933 105.9706674516201 21.82047513872385 59.39637269079685 11.33359715342522 0 0 0.1214646548032761 1.202861025929451 0 0 36.89625456184149 4.987617306411266 0.6246470361948013 0.5957159921526909 0.7396916374564171 14.76161010563374 10.76647962629795 0.240784153342247 4.756228439509869 4.718400627374649 50.76361478865147 33.61888243257999 4.352997668087482 17.26242987066507 0.8892515301704407 77.76247018575668 0.2624962031841278 3.075332924723625 4.61512815207243 3.977638378739357 2.605432450771332 1.688622489571571 0 0.1218093633651733 1733.267841354012 256.9983953535557 8.564448460936546 69.54823750257492 12.24216636270285 17.26143805682659 10.56863915920258 4.081840306520462 0.4662456214427948 15.71352349221706 1.073165133595467 27.73021403700113 10.63111977279186 2.176623791456223 2.477731361985207 4.837572395801544 2.052837118506432 4.109370991587639 2.117616213858128 13.15592344105244 1.23048496991396 1.835793033242226 0.3678724616765976 0.1068842560052872 1.952640913426876 2199.772601336241 206.3621453642845 46.368537530303 37.21745604276657 498.1443099081516 31.12471008300781 7.392786458134651 80.02536244690418 23.1075866818428 91.75758157670498 130.78487624228 55.96959993243217 169.8248552232981 237.2813818603754 375.8714670911431 35.43478147685528 143.2658560574055 121.5432190299034 215.5058860704303 187.5992651879787 2.334653675556183 5.040030226111412 0 0.5512288212776184 0 0 0 0 0 0 0 0 0 0 0 0 0.2554500102996826 0 0 123.2033582255244 70.85034826397896 0 0 0 102.9973647892475 13.8531910777092 62.72514018416405 26.99435084313154 0.2867417931556702 0 0 0 0 0.3734623789787292 0 0.5546898245811462 3.932160064578056 19.53315491229296 0 0.262021005153656 0 1.163071572780609 0.7849710583686829 1.035613559186459 1.884677469730377 2.101019352674484 3.463385209441185 20.30369268357754 0.4724492281675339 0 2.356900781393051 176.3176794424653 16.68296279013157 1.25399461388588 1.322157144546509 1.425852134823799 0.08918498456478119 0.2663876116275787 0 0 0.2562830150127411 190.3533268421888 16.39399898052216 0 0 0 134.8318098187447 4.420067802071571 41.21424563229084 10.13551744073629 20.53354351222515 7.446620628237724 7.159592390060425 7.707855075597763 1.102173775434494 0.09114842861890793 0 0 0 0 0 0 34.36546546220779 9.670672357082367 13.56770086288452 54.98568291217089 13.04573390632868 112.7564027756453 18.12557861208916 1233.229289487004 18.29179332405329 10.1536513492465 24.777319483459 24.9592202603817 5.376364968717098 43.66934306919575 6.766111008822918 58.53610120713711 5.507523283362389 1.457067385315895 10.90419010818005 0.5338030159473419 1.908587336540222
88.13988481462002 1101.057079844177 2343.127717919648 5.020617850124836 4859.429460309446 10.18960049748421 64.60354936867952 1404.300306342542 1108.113738954067 41.39970127493143 0 85.94060542434454 1219.380740255117 3743.267031058669 31.19754463434219 18.48038377612829 1.057044722139835 0.9500336274504662 0 0.6577461287379265 0.2702599316835403 0 0.1140631660819054 0.3074600696563721 7.036965362727642 1.015826851129532 3.548658825457096 0.765302911400795 0.4691243469715118 0 217.5780054107308 29.01012380421162 630.0777912735939 0.3099765852093697 0.3789634257555008 3.140902191400528 345.4247891306877 6.480898663401604 4.81765304505825 3.724462017416954 3.326829344034195 1.364503644406796 0.6511146202683449 3.623884566128254 0.4181792736053467 0 127.4688723087311 6.5868134573102 0.8836387619376183 2.444258183240891 1.741115286946297 0.1185102313756943 0 1.4766725897789 2.936352677643299 5.433061704039574 22.39878749102354 79.61664695292711 7.413958065211773 34.8170455917716 1.067200280725956 7.46321064978838 1.889077551662922 31.97312816977501 8.942768380045891 5.395154729485512 3.763468913733959 7.022447071969509 4.888273894786835 6.727250806987286 285.829942971468 131.6390560269356 0.8278676718473434 123.4472668915987 39.77594070881605 96.58245600759983 104.7122583463788 41.02662851661444 95.70565246790648 1587.99875921756 0.7974648699164391 82.5618052110076 12.42544211447239 0.2717013582587242 5.16824185103178 9.008196108043194 6.427621446549892 0 1.050275377929211 0.0955548882484436 1.108939707279205 0.8882268071174622 10.56922099739313 0.8523359000682831 0.8230935782194138 195.002149052918 12.46840396523476 0 0 36.81210624426603 13.10500665009022 1.948991775512695 22.79650065302849 4.400182411074638 27.17104950547218 40.72087220847607 2.494979366660118 68.81551176309586 15.6933661699295 72.0261538028717 19.71738577634096 50.44641307741404 40.43542782962322 128.4878620356321 98.1055868268013 0.8964312523603439 2.100644193589687 0 0.9952076375484467 0 0 0.1369763761758804 0 0 0 0 0 0 0 0 0 0 0.2088285088539124 0 50.07838647067547 22.12633530795574 0 0 0 54.09627467393875 0.6416263803839684 15.8382061868906 8.009603016078472 0 0.2761891633272171 0 0.1874386370182037 0.3241831362247467 0.5612025111913681 0 0.1183757036924362 1.653743870556355 4.424751773476601 0 0.3361231982707977 0 0.1147787719964981 0.3750969544053078 0 1.840536415576935 0.8033177480101585 0.5603913217782974 5.511113151907921 0 0 0.2831060886383057 47.52467015385628 5.075472131371498 1.826582193374634 0.9997773915529251 0.4235840141773224 0 0.09680292010307312 0.1056790873408318 0 0 103.2782393991947 1.656061485409737 0 0.4218842834234238 0.522796742618084 50.57551011443138 0.6875147223472595 7.246929347515106 4.78956962376833 7.44834703207016 1.009642869234085 1.614546924829483 1.817597910761833 0.5365568250417709 0 0 0 0 0 0 0 16.85463263094425 5.896462231874466 4.233989700675011 305.0679927691817 32.43780905008316 334.8915866389871 78.49623024463654 178.9367650225759 53.67495386302471 2.0788818821311 81.14775780588388 14.88422594964504 2.981656529009342 15.70750882476568 4.633461661636829 6.097290731966496 0.6362279653549194 0.1488869339227676 1.740905612707138 2.537946969270706 0.8376863598823547
41.27003259956837 229.9266700148582 7.189882025122643 375.7952056080103 371.4343181401491 145.1081438660622 297.4084091335535 3.539558351039886 805.1117443144321 1820.700682669878 85.94060542434454 0 811.6264887750149 65.03104734420776 1.320402055978775 0.4962462708353996 0 0 0 0 0 0 0 0 0.3706294298171997 0.1423912346363068 0 0 0 0 0.7436201572418213 0 1.264209747314453 0 0 0 16.52975244820118 0.5348071455955505 2.552066594362259 2.402756109833717 0 0 0 0.1605571657419205 0 1.191861920058727 5.606897622346878 0.2516083419322968 0 0 0.3174964785575867 0 0 0 0 1.338936321437359 6.133310377597809 2.437587469816208 0.5827154219150543 1.343662798404694 0.2085788547992706 6.469162791967392 0 0.5747140049934387 0.09902796149253845 0.1921537593007088 0 0 0.6321067214012146 0.2089396566152573 1171.138260468841 51.18023306131363 0 3.831279627978802 0.7033185288310051 3.278433062136173 1.737450905144215 0.5355430319905281 0 7.082772880792618 0.385421484708786 1.407005660235882 1.143649138510227 0 0.09972453862428665 0.4063083007931709 0 0 0.2657286822795868 0 0 0 0 0 0 1063.005124524236 175.354109197855 0 0.7758176922798157 108.2194108515978 16.76794076710939 2.15744386613369 67.41322295367718 14.9981984347105 62.02669852972031 104.1949713230133 23.90327115356922 166.2880365997553 67.31089636683464 263.1154040247202 27.4291974902153 143.3421959802508 114.858510568738 217.6569318622351 92.70804831385612 0.9911440685391426 1.348959654569626 0.2104784548282623 0 0 0 0 0 0 0 0 0 0 0 0 0 0 0 0 78.69502133876085 37.04986001551151 0 0 0 75.44452805817127 2.821013674139977 25.89481781423092 7.136545598506927 0 0 0 0.254503071308136 0 1.239291876554489 0 0 5.173066914081573 9.669732287526131 0 0.5611634254455566 0 0 0 0 0.8061117008328438 1.010284543037415 2.905127756297588 13.87212572991848 0 0 0 64.54804140329361 8.27143794298172 1.867939755320549 1.79977697879076 0.6538204029202461 0.3607673048973083 0 0 0 0 161.2619613111019 4.841241240501404 0 0 0 57.7117685675621 3.27675324678421 27.20285673439503 6.566953055560589 6.875209420919418 6.994205579161644 6.562934458255768 2.981563195586205 0.3350040763616562 0 0 0 0 0 0 0 49.4626566618681 6.560148909687996 6.367567867040634 14.16484468430281 0.3932124525308609 13.37470172345638 3.22348889708519 183.0388757660985 2.661883987486362 0.293843001127243 5.626521229743958 12.52462901175022 3.14389955997467 21.18102757632732 4.394807636737823 17.02501852810383 2.211436912417412 2.543460436165333 2.104509606957436 0.2096314877271652 0.3044864237308502
135.0966816693544 990.883693151176 148.4605395942926 1240.210390001535 996.3440867215395 214.1741498485208 2084.600023403764 148.120409399271 4586.126099213958 1950.604782648385 1219.380740255117 811.6264887750149 0 1616.140097536147 43.71065047383308 21.96215388923883 1.324799701571465 0.1517865508794785 0.1112296655774117 0.9292178973555565 0.281541533768177 0 0.4721689522266388 0.2743043303489685 5.321275442838669 1.049625098705292 0.8520496040582657 0.7824317440390587 1.307818152010441 0.5136817917227745 16.65930284559727 1.893772952258587 190.0335696563125 0.1189907938241959 0.9454153031110764 3.700022630393505 108.7643389478326 16.3621120005846 3.365553021430969 10.4862859249115 2.130810782313347 0.4142997264862061 0.9684048146009445 5.502384722232819 0.759896382689476 0.9899263679981232 100.2867602929473 3.989427633583546 0.7146891951560974 3.221046611666679 1.458737038075924 0 0 0.9350322633981705 1.681876488029957 2.838913455605507 22.4526169449091 17.19393225759268 3.572601899504662 19.78962952643633 0.5583314448595047 4.761692441999912 1.044751614332199 11.26721443235874 3.981633640825748 2.770342141389847 1.813280306756496 3.37226141244173 4.34743145853281 4.771219402551651 2474.144495584071 119.1203347295523 0 50.36030249297619 14.97814373672009 83.79686935245991 82.58495535701513 50.16443725675344 0.6870887503027916 223.213036172092 0.7517311722040176 4.043111249804497 6.430740877985954 0.07776638120412827 2.975981079041958 3.860123947262764 2.347709223628044 0 0.5786219611763954 0 1.756337903439999 0.1558815240859985 8.905400961637497 1.048235803842545 1.207698084414005 1910.390822388232 105.2074332684278 0 1.681901574134827 133.4379776343703 15.28543642908335 6.124600902199745 66.26183209568262 17.93848539888859 58.03845617175102 120.367410607636 27.00487028062344 175.5360980331898 101.2344641536474 192.2980104535818 28.19295187294483 370.1594101339579 146.8284929990768 341.5961135625839 124.5789705142379 0.9214089438319206 1.122554257512093 0.1624761074781418 0 0 0 0 0 0 0 0 0 0 0.7321568727493286 0 0 0 0 0 56.70240280032158 28.74396400153637 0 0 0 95.43080538511276 1.239432446658611 12.19861192256212 4.844008356332779 0.1153503507375717 0.1036190539598465 0.1351286917924881 0 0 0.44306880235672 0 0 2.989527836441994 5.689512625336647 0 0 0 0 0.2988205626606941 0.460955835878849 0.8346704766154289 0.1093640774488449 0.8225540071725845 10.06932308524847 0 0.1225452646613121 0 34.49305355548859 6.150498598814011 0.6379536092281342 1.001982092857361 0.3011246770620346 0.1954388171434402 0 0 0 0 243.0859536752105 4.071733757853508 0.6263490319252014 0 0 54.12341783940792 0.5050689876079559 6.818984314799309 4.052362978458405 7.670950576663017 6.737695291638374 2.085172176361084 2.249201729893684 0.4869307279586792 0 0 0 0.1050501018762589 0 0 0.1332821846008301 72.83910419046879 13.32188728451729 6.432109922170639 268.7295830622315 32.84573461860418 220.1920058578253 75.63328670710325 355.5572675094008 44.67120292037725 1.51480483263731 89.47820643335581 18.51985855400562 3.567431278526783 16.65606980770826 4.381897538900375 9.903788559138775 3.030100457370281 0.2181329354643822 2.631300121545792 4.347081013023853 1.407191880047321
