0 5726.93257176131 1132.506542347372 1691.94617073983 565.1651759520173 784.3554413020611 1061.724706925452 168.2315921410918 57.5294521227479 1297.2776895836 644.8917326107621 138.9157959371805 291.268245048821 87.61177291721106 5.043311655521393 5.631719060242176 0.2987847030162811 0.3636011481285095 0 0.3267291337251663 1.669408887624741 0 0 0.1202544793486595 0 0.3805855810642242 0 0 0.1446768641471863 0 705.7719368338585 1.50283732265234 49.59346857666969 0 0 0.216493621468544 18.3064306601882 6.066070362925529 0.3680413067340851 0.7901726067066193 2.144566379487514 0.2923488318920135 0.9054840207099915 2.445285864174366 0.3163148462772369 2.453036740422249 21.1529653146863 2.239796847105026 0.2543570697307587 1.463258169591427 0.633101150393486 0.1982223242521286 0 0.6284382194280624 6.613268554210663 8.257955834269524 110.69420684129 1436.057371802628 4.244694381952286 5.855631627142429 2.634741306304932 10.37906124442816 0.4264480173587799 26.53702361881733 5.707311347126961 2.825208894908428 1.642264910042286 1.738734394311905 0.3947062790393829 0.6032333374023438 31.64394575357437 10.14545734226704 0.1915281116962433 162.4982175529003 64.20701022446156 44.85274567455053 10.64028963446617 8.784990981221199 0.78778275847435 83.60769772529602 6.210578918457031 26.29743095487356 16.71969015151262 0.7033902257680893 5.145947493612766 2.980279237031937 3.317245289683342 0.1941049546003342 1.054867714643478 0 0.1369123756885529 0.1306208372116089 1.064566761255264 0 0.8842496275901794 162.2085856199265 2.825710400938988 0 6.197799786925316 2594.833213187754 0.1762329041957855 0.4261614978313446 0.660503163933754 1.394525527954102 1.032055139541626 8.181732252240181 0.6666544079780579 2.71167528629303 71.03656661510468 9.054111257195473 0.6773416101932526 12.33379006385803 9.059731647372246 16.26701087504625 6.393822148442268 0 0.3966278731822968 0 0 0 0 0 0 0 0 0 0 0 0 0 0 0.573008120059967 0 0.3555198609828949 1.01728530228138 0.4224615544080734 0 1.221520781517029 0 9.065806344151497 0 8.167507961392403 1.178806632757187 1.760087698698044 0 0 0 0 1.18432754278183 0.3218804597854614 0 1.554066121578217 0 0 0 0 0 0 0.1137642785906792 0 0 0 0.2559051215648651 0 0 0.5593856573104858 11.02740865945816 0.9639553874731064 0.3159178495407104 0.7607198506593704 0 0 0 0 0 0.4537861198186874 14.35318006575108 0.5542321801185608 0 0 0 0.20571169257164 0 1.572887152433395 3.20157764852047 2.179426431655884 1.319670766592026 0 0 0.105174757540226 0 0 0 0 0 0 0.5427364706993103 2.56244595348835 0.2840995937585831 3.157821446657181 156.5998850464821 14.04927233606577 123.6748079434037 20.03421080857515 1861.673529170454 73.64301870018244 2.551571018993855 38.87841799110174 10.0875174254179 0.1541107147932053 3.825175866484642 2.201054342091084 14.44757585227489 0.8022850826382637 0.1511124968528748 0.4477722123265266 0.643261507153511 1.105223715305328
5726.93257176131 0 1773.235173694789 420.8150860443711 5176.434600450099 217.6883924752474 2987.278828576207 336.596167601645 1185.244515709579 769.370053127408 2279.76268646121 49.01352985203266 1315.379498459399 537.3862342983484 36.4806762561202 24.56247202306986 0.8381082713603973 0.5470508337020874 0 1.412028104066849 2.33246523141861 0.6470760852098465 0.1695619821548462 1.03752039372921 0.8763793930411339 2.853894487023354 0.3329707086086273 2.110305771231651 1.238541811704636 0.1524580121040344 4051.289356417954 12.18261224776506 90.12872614711523 0.9350501149892807 0 1.005778849124908 37.6815772652626 6.332396447658539 0.9137111604213715 0.9886510521173477 4.005128815770149 0.4019136130809784 6.52204816788435 5.264739237725735 1.458489805459976 7.126634165644646 133.6515207439661 14.80084487050772 0.5828890204429626 2.693971917033195 3.316716656088829 0.4827290326356888 0 1.475101262331009 21.29952555149794 37.70333527773619 85.79466357082129 1654.937426656485 18.48111554980278 30.43142104148865 5.900863140821457 10.17066042125225 1.535933502018452 120.3315232917666 24.67022642493248 17.25669772177935 8.641246199607849 7.501320518553257 2.153329916298389 10.09491407126188 64.9694571942091 3.037402160465717 0 292.5372107326984 162.7571801394224 252.2159826904535 67.08905836194754 31.97107942402363 2.902573369443417 193.3295192942023 6.522619113326073 24.53118325024843 55.63975968956947 0.3256889060139656 23.62345841526985 14.08599921315908 15.2352851331234 0.4436834752559662 7.790810234844685 0.5465893149375916 0.257110059261322 0.7877834811806679 2.514567792415619 1.017581172287464 1.044983878731728 170.2630964517593 1.534537002444267 0.5611463189125061 1.296507596969604 614.9362391754985 0.82314133644104 4.647346645593643 4.295853167772293 8.156723104417324 1.827655702829361 39.06056819111109 5.062113955616951 16.62341341376305 116.7580614089966 37.82358025759459 1.901969090104103 39.01620806008577 49.48953761160374 89.64773986488581 36.42960525304079 0.3090364933013916 0.8140285685658455 0 0 0 0 0 0 0 0 0 0 0 0 0 0 0.4408566951751709 0 0 1.007087029516697 2.150089144706726 0 0.7752882838249207 0 19.09217632561922 0.3969724327325821 13.85507584363222 1.943056777119637 0 0 0.4306340366601944 0 0 0 0.1841928511857986 0 5.303194060921669 2.934692919254303 1.104782924056053 0 0 0.198387011885643 0 0.7054741308093071 1.087964788079262 0.1753746569156647 0.6365179568529129 5.514734841883183 0 0 0 17.44809949398041 1.249811232089996 2.376611948013306 1.982899710536003 0 0.528281107544899 0.3206615000963211 0 0 0.2124813795089722 42.38508299738169 0.6422084122896194 0 0 0 3.04081429541111 1.098938643932343 3.109551176428795 10.22266184538603 10.25368748605251 3.500588364899158 1.526280969381332 0.8258172869682312 1.556867465376854 0.6858944818377495 0.1192919537425041 0 0.5321523398160934 0 0.1825238168239594 0 11.85624600946903 5.851907700300217 6.289932653307915 589.8425559699535 67.40853554755449 631.3440791592002 82.15991178900003 1261.703657187521 149.6705766990781 9.826495282351971 200.1190299019217 25.33848315477371 1.268697515130043 16.71307030320168 4.897652804851532 56.31319588422775 4.296840704977512 0.6424806714057922 4.792158737778664 5.264267921447754 1.593795090913773
1132.506542347372 1773.235173694789 0 26.29162281751633 361.7299284413457 10.69326822459698 154.7026019692421 5666.322635531425 402.0433720350266 43.67756044119596 5698.906990759075 24.0214391797781 273.9104802832007 774.8497291430831 29.70653523504734 53.11935918033123 1.06547637283802 4.409961178898811 0.2913618236780167 13.52796103805304 20.48596359789371 0.4665121734142303 0 0 1.017073586583138 0.6955494731664658 0.7804987728595734 1.460097774863243 0.9100154638290405 0.1394796520471573 5556.224904112518 38.28405750542879 155.3903702422976 5.30726870149374 0.1632666736841202 1.036845624446869 62.37344674021006 12.54241415858269 4.718974784016609 2.017254784703255 19.1712574660778 7.185630410909653 37.95951075851917 10.78274889290333 1.624289080500603 6.978710606694221 76.01642002910376 6.90794499963522 2.155986472964287 23.98689199239016 2.307582885026932 1.308262497186661 0 3.821968525648117 3.685185290873051 8.289759233593941 21.72038361430168 862.6349312290549 4.101191952824593 9.485104888677597 15.04981637746096 15.24565364420414 13.14054661989212 142.8792253211141 4.318669378757477 3.939325124025345 1.616382278501987 6.907269723713398 9.981322564184666 40.48500166833401 59.15346394479275 3.192394003272057 0.4823538661003113 74.51672177761793 45.3926862180233 80.63827597349882 55.11628331243992 49.48139948397875 66.66092613339424 2285.032969981432 43.40037755668163 414.2647712826729 10.70950365066528 0 4.737560227513313 1.975108087062836 11.90061319619417 0.2634918913245201 2.048887133598328 0.2660687267780304 0 0.7016132473945618 11.25190171599388 1.26269406080246 4.168704122304916 55.49602903425694 1.508605554699898 0 2.571849197149277 214.2640827223659 0 1.120500773191452 0.7545931935310364 2.02973261475563 0.681035190820694 10.50413256883621 0.8508948385715485 3.285504579544067 5.538156524300575 8.580269955098629 0.1343946158885956 14.51231770217419 13.92028688639402 29.37350320070982 13.17906548082829 0 0.1294735670089722 0 0 0 0 0.1346878260374069 0 0 0 0.1489196121692657 0 0 0 0.1538352370262146 0.5278136283159256 0 0.2075099498033524 0 0.594086617231369 0.5653839260339737 0 0 0 11.34160386025906 0.4750876575708389 4.478891588747501 1.521577969193459 0 0.5023342072963715 1.012922823429108 0.3704999685287476 0 0 0 0 2.486635908484459 2.168415412306786 0 0.2373056411743164 1.832928478717804 0.1308086067438126 2.420238867402077 0.3902039676904678 0 0 0 1.498684883117676 0 0 0 6.673750050365925 0 0.5284183174371719 0.3503312617540359 0.1660337448120117 0.1179219707846642 0.2491381764411926 0 0.1140324622392654 1.702590450644493 17.23860792070627 0 0 0 1.094704687595367 1.126104220747948 0 1.596087604761124 4.429106041789055 3.027239203453064 1.240933611989021 0 0.3160606026649475 0.8245999366044998 0 0 0 0.4082200229167938 0.3264424055814743 0 0 5.114180915057659 1.404803350567818 3.925220154225826 242.5363247543573 63.31083057075739 220.1322448328137 28.38523576408625 178.3324450850487 41.47580130398273 2.307392425835133 79.71688326448202 5.388210013508797 1.590559452772141 6.995289534330368 0.8459950909018517 16.45925015211105 1.6278410628438 0 0.6376238688826561 4.448100984096527 0.5749630182981491
1691.94617073983 420.8150860443711 26.29162281751633 0 20.41803247481585 446.6460180878639 572.1384120211005 0.7151451036334038 33.29964639991522 2701.811571508646 8.52977891266346 157.9196169376373 1102.828795343637 4.510591238737106 2.170412078499794 0.110916443169117 0 0 0 0.2141867876052856 0.1360830962657928 0 0 0 0 0 0 0.2709284722805023 0 0 93.13316372781992 0.1435465067625046 3.269569605588913 0 0 0 2.802125245332718 0 0 0 0 0.1017711237072945 0.1327321529388428 0 0.2954337447881699 0.311597116291523 17.69183823466301 1.752097181975842 0 0.1332645118236542 0 0 0 0 3.895885862410069 3.312827505171299 18.74184938520193 167.9586664661765 0.9612406194210052 3.077926859259605 2.936814025044441 1.256679564714432 0 8.55861197412014 2.532621040940285 1.614519782364368 0.8003167361021042 2.064113587141037 0.4447378143668175 0.2025167346000671 1.584306061267853 2.489118352532387 0 45.16680242866278 22.88558096438646 30.13477711379528 4.316452354192734 0.2669101804494858 0.3167230188846588 1.490588508546352 0.9187828153371811 2.179236397147179 6.8465970531106 0.100743442773819 3.294205024838448 1.71743743121624 1.540017396211624 0.1176472157239914 0.4708426967263222 0.29530268907547 0 0 0.1308243870735168 0 0 156.9785199612379 0 0 0.1330556273460388 257.6187717169523 0 0.8200356364250183 1.503151118755341 0.6056382209062576 0.4009908735752106 7.62236599624157 0.6069945394992828 4.226332001388073 43.24958728253841 11.19309191405773 0.3682831227779388 9.33126625418663 11.61978921294212 14.18983371555805 4.774553686380386 0.3222362697124481 0 0 0.3330023288726807 0 0 0 0 0 0 0 0 0 0 0 0 0 0 0 0.2747347056865692 0.3141965568065643 0 0 0 2.256078869104385 0 3.557328402996063 0.6295316964387894 0 0 0 0 0 0 0 0 0.2182958126068115 0.3551549911499023 0 0.1291889846324921 0 0 0 0 0.617010772228241 0 0 0 0 0 0 3.41083399951458 0 0.2033922374248505 0.2737982571125031 0 0 0 0 0 0 6.255852848291397 0 0 0 0 0.8357387036085129 0 0 2.312587052583694 0.8271020501852036 0.4146695286035538 0 0.133540466427803 0.6217791587114334 0 0.1308874487876892 0 0 0 0.1794385015964508 0 2.261353820562363 0 0.3590781688690186 98.19517453759909 6.484546229243279 84.62265184521675 5.824069075286388 752.8935685828328 21.34958201646805 0.2907914072275162 22.80608743429184 3.65809753537178 0.250616729259491 3.503373742103577 0.1316433846950531 14.38757617771626 0.4536547809839249 0 0 0.2732872664928436 0
565.1651759520173 5176.434600450099 361.7299284413457 20.41803247481585 0 20.33601653575897 1997.914517484605 25.37289354205132 6268.98472327739 515.8503104373813 1706.714079372585 54.25721377134323 767.7502988651395 439.1984280720353 34.61491469293833 22.37836168706417 0.144342377781868 0.2213480919599533 0 0.6828951314091682 1.321391418576241 0 0.3969563841819763 0.4668369144201279 0.5742676109075546 3.302214689552784 0.2666707411408424 0.9905813485383987 1.184389308094978 0.1185751035809517 397.4667052403092 13.58286993950605 44.73797434568405 0.1349003314971924 0.36109259724617 0 24.30615228414536 2.26755665242672 0 0.4477772116661072 0.8494043201208115 0.309499055147171 0.1120277047157288 3.139209643006325 0.1579340845346451 1.828890800476074 127.9802969247103 8.561890356242657 0.2734614163637161 1.583354294300079 2.179157815873623 0.439145565032959 0 1.241473168134689 10.39564500004053 14.23341375589371 22.88434530794621 196.0156738236547 8.723875299096107 20.96078168600798 2.783205129206181 4.522816732525826 0.566981166601181 81.74004383385181 10.5268617644906 5.89696529507637 3.703206211328506 5.336523376405239 2.01679590344429 2.140524357557297 39.76967971026897 3.317476913332939 0 78.56376662105322 54.19327190518379 146.4982202500105 68.69446520507336 30.81454383581877 1.317602269351482 33.68725730478764 2.700365401804447 8.522317916154861 21.04575667530298 0.09591083973646164 11.5049064680934 6.112717904150486 7.819883316755295 0.5214782953262329 2.296544916927814 0.3163811862468719 0.4146347045898438 0.2312866449356079 0.980940505862236 1.131177544593811 1.747626438736916 245.9476282671094 2.443123951554298 0 1.119704648852348 32.54887691885233 1.768600568175316 4.293814204633236 7.622470945119858 14.73165403306484 4.795674070715904 72.10992427170277 10.33879658579826 31.7516048848629 50.91848695278168 86.63782511651516 3.937721416354179 85.40287090837955 91.02178498357534 134.344410225749 69.12732802331448 0.3862013816833496 0.207117035984993 0 0 0 0 0 0 0.3277515769004822 0 0 0.455042839050293 0 0 0.7114175856113434 0 0 0 0 3.012944407761097 2.960262566804886 0 0 0 33.20483959466219 0.6269527226686478 22.70626795291901 1.940011285245419 0 0 0.189423531293869 0 0.4749237298965454 0.7555942535400391 0 0.1243441179394722 9.140210062265396 3.190281666815281 1.347088798880577 0.5136429816484451 0 0 0 0.8698671162128448 0.4479318410158157 0.238442450761795 0.3064175248146057 5.711521148681641 0 0.860454797744751 0.4982164055109024 25.44678192585707 3.466806471347809 1.217287257313728 3.498746454715729 0.5235942900180817 0.3594086021184921 0.4715730026364326 0 0.394204318523407 0.2457186132669449 92.76592667400837 0 0 0.244365006685257 0.2193906903266907 6.821909800171852 0.7989390641450882 4.338725730776787 9.867451369762421 13.70790056884289 7.150819450616837 2.02024981379509 1.623053170740604 3.428218603134155 0 0 0 0.2274907156825066 0 0 0 29.357904702425 8.060969948768616 8.782680511474609 525.4346651360393 56.48873299360275 438.7714936509728 62.39816027879715 365.6423259675503 81.65693444758654 5.31560642272234 149.7785577625036 28.84195379912853 0.9821735695004463 17.8712369799614 4.825346879661083 64.76519770920277 3.438736915588379 0.1353771239519119 5.427260488271713 5.409417897462845 2.029369041323662
784.3554413020611 217.6883924752474 10.69326822459698 446.6460180878639 20.33601653575897 0 204.2181041687727 4.818324342370033 29.10742020606995 694.7172205746174 7.325066834688187 201.8097317814827 216.2269520461559 20.8126138523221 0.9909178167581558 4.152086161077023 0 0.4260751605033875 0 0 0 0.3905147761106491 0 0 1.630518592894077 0 0 0 0 0 32.122019931674 0 71.37779293954372 0 0 0.3811695873737335 93.26947624981403 15.29888594150543 18.20712931454182 4.659362584352493 0.1312174499034882 0.1552533209323883 0 0.891610786318779 0.1850722283124924 1.681362375617027 6.807527974247932 0.5238589346408844 0 0.4496291950345039 0 8.428397655487061 0.2094624936580658 0 2.26154600083828 5.777159869670868 35.96296387165785 94.9251791909337 0.5066282600164413 0.7352558374404907 4.867069855332375 14.82078921794891 0 4.526485584676266 0.6512003839015961 0.5233991071581841 0.3001090958714485 0.2591682970523834 0.1757409125566483 0 242.2567152529955 137.3146136701107 13.23097661137581 22.50643097609282 13.77281426638365 8.346980631351471 2.490251667797565 1.893125884234905 0.1821878552436829 8.863586559891701 2.40325602889061 11.93313917517662 1.954039245843887 10.78665420413017 0.8668619245290756 1.798997029662132 0.4699047356843948 25.87278163433075 6.032296180725098 15.57545465230942 0 0.4480406641960144 0 0 0 313.8615979552269 128.8381482809782 14.64218483865261 46.14288099110126 440.273387029767 0 0 0 1.050675541162491 0 0.6614075899124146 0 0.8542715907096863 6.753567948937416 0.4281061589717865 0 0.4486593306064606 0.426098495721817 1.428816944360733 0.6386248767375946 0 0.500544548034668 0 0 0 0 0 0 0 0 0 0 0.177205890417099 0 0.1426638662815094 0 0.9608469009399414 0 0.2061282098293304 0 0 0 0 0 1.729063674807549 0 2.335280060768127 1.115159213542938 0.14494489133358 0 0 0 0 0 0 0 0 0.3912732601165771 0 0 0 0.1908508837223053 0 0 0 0 0 0 0 0 0.1902416944503784 0.6732132583856583 0 0 0.30065056681633 0 0.639958918094635 0 0 0 0 2.214157022535801 3.683393493294716 0 0 0.1761987656354904 0 0 0 0 0.8416162133216858 0 0 0 0 0 0 0 0.179335355758667 0 0 0 0.3716663420200348 2.686521217226982 2.551210597157478 25.37312957644463 4.341546922922134 27.21620846539736 2.374825052917004 189.0309371054173 7.984827511012554 0.551082581281662 9.718947261571884 0.8911290466785431 0 2.087277486920357 0.234830379486084 2.984819263219833 0 0 0.2891824543476105 0.3280183225870132 0
1061.724706925452 2987.278828576207 154.7026019692421 572.1384120211005 1997.914517484605 204.2181041687727 0 24.92937212437391 1830.147251561284 1946.549369849265 326.8140837177634 96.07698433846235 3641.688605837524 202.1327201798558 33.26513926684856 20.36837229132652 0.7259799838066101 0.5164753496646881 0.3236830234527588 1.068555176258087 2.200207307934761 0 0 0.445280484855175 2.749135568737984 2.825805813074112 0 2.394508920609951 0.8784346133470535 0.646429568529129 432.2208161950111 10.10897735506296 34.44869467616081 0.1969129294157028 0 0.2309257984161377 17.08625754714012 1.243544057011604 0.8078813552856445 0.2574109360575676 1.48899507522583 0.6221442371606827 0.6199472993612289 2.985440485179424 0.746794655919075 2.695464693009853 120.5617104247212 10.37898111343384 0.4216598868370056 0.7936063334345818 2.109522797167301 0 0.1056119576096535 0.7031836956739426 13.68578692525625 24.84212204813957 40.27701971679926 371.6754904016852 12.04709800332785 25.95989305526018 4.287210866808891 2.387451462447643 0 85.67102604359388 14.57780633866787 9.697421751916409 4.068275883793831 5.055451132357121 1.341344475746155 0.446153424680233 38.78804668784142 5.107007063925266 0.2650444209575653 134.7296843379736 78.16606913506985 186.4721996337175 65.54060319811106 31.34585367888212 1.876937828958035 20.49469636380672 3.437891036272049 11.34897388517857 38.54264003038406 0.6142399236559868 17.30088279396296 8.256612844765186 10.25936332345009 0.1341757625341415 4.965734593570232 0.2421111315488815 0.3361509293317795 0 0.6223047599196434 0.2727649956941605 0.3708448931574821 374.5298053622246 0.8492420315742493 0 0.3983196616172791 139.4738629460335 0.9616291299462318 5.9092887789011 7.447925806045532 8.972108408808708 5.113752037286758 69.18239560723305 9.925245970487595 29.29072807729244 62.17483392357826 82.31444319337606 3.934490531682968 80.65029267221689 91.42820722609758 145.3552866876125 57.63655689358711 0.1396017223596573 1.496103294193745 0 0 0 0 0.1532579511404037 0.2706869840621948 0 0 0 0 0.3417148292064667 0 0.6492336094379425 0 0 0 0 3.127575621008873 2.777391374111176 0 0 0 31.14662811160088 0.3458608686923981 23.41579896956682 2.607976540923119 0.2898371815681458 0 0 0 0.2858894467353821 0.4542007744312286 0 0 6.679897040128708 3.972428001463413 1.200870960950851 0.8882283866405487 0 0 0 0.4792996346950531 0.7901166379451752 0.8876812681555748 0 5.561283722519875 0.3179067075252533 0 0.3603966683149338 24.28308470547199 1.472226411104202 2.368997767567635 3.226361468434334 0.3969081491231918 0 0.56856369972229 0 0 0.5954906493425369 86.88187135010958 0 0 0 0.1862764060497284 5.939562514424324 0.7970560342073441 3.742243617773056 15.34570766240358 14.18085123598576 5.199221707880497 3.546162664890289 1.350143656134605 3.818188562989235 0 0 0 0.4186336547136307 0 0.20014289021492 0 33.04821355640888 8.889994740486145 7.783372804522514 595.6851877123117 64.72264997661114 523.6779673099518 65.27188284695148 989.4068100750446 97.76845394074917 5.191919259727001 178.3479317128658 27.38416177779436 1.479439929127693 19.84768344461918 5.473792128264904 74.54073886573315 3.404002472758293 0.1133811846375465 5.254496790468693 5.710972562432289 2.190289244055748
168.2315921410918 336.596167601645 5666.322635531425 0.7151451036334038 25.37289354205132 4.818324342370033 24.92937212437391 0 655.5795066729188 6.670937590301037 3437.468884319067 15.91276352107525 277.0004869177938 627.6203605234623 24.06854907423258 24.63568279147148 1.377118244767189 1.939604669809341 0.4238618314266205 7.97490893304348 5.141071796417236 0 0 0.261759378015995 1.310818955302238 0.562128871679306 0.1797124594449997 0.7551310062408447 0.5017944425344467 0.2537144720554352 1212.425952166319 572.7555110603571 94.7672253549099 0.7375888675451279 0 0.2915855273604393 34.82515709102154 7.005974523723125 2.260070204734802 3.241056144237518 6.388198912143707 1.136169925332069 11.54990357160568 4.832360126078129 0.3168345987796783 8.122747011482716 90.64039059728384 3.629035234451294 0.7961447909474373 10.8936253786087 0.5188246220350266 0.4190836399793625 0 0.9803740903735161 3.049459829926491 7.394132293760777 14.57896987348795 280.7302378937602 5.001092538237572 11.71514566987753 19.40638547390699 6.029473282396793 3.424898415803909 177.1424084380269 5.830364316701889 4.356925711035728 2.487863048911095 3.295099809765816 5.485181748867035 8.236864224076271 37.28313851356506 0 0 48.24412778764963 49.2204759567976 85.52283912152052 86.7937583476305 362.1845251992345 513.9322726279497 1193.397919073701 97.36907929927111 605.8464269265532 11.74449191242456 0.3778666704893112 7.354684881865978 2.212354503571987 9.585217677056789 0.1047199293971062 2.037147827446461 0.1443975269794464 0.5975413918495178 0 3.333315923810005 1.051362201571465 2.859608888626099 21.44403225183487 1.608150452375412 0 2.378751441836357 31.2553031668067 0.1327886134386063 0.2742773294448853 0.1194233521819115 0.796861857175827 0 3.457130655646324 0 2.281194254755974 2.578663975000381 3.02800378203392 0 4.817224189639091 4.571658447384834 10.13462699949741 5.350943148136139 0 0.9640365242958069 0 0 0 0 0.1605775058269501 0 0 0 0 0 0.2344808429479599 0 0 0.2183277606964111 0 0 0.1665764003992081 0.3952984139323235 0 0 0 0 2.763451591134071 0 4.171832181513309 0.6196762323379517 0 0 0.1948170810937881 0 0 0 0 0 0.265216737985611 0.2875185310840607 0 0 0.2433569580316544 0.3707375824451447 0.2474532723426819 0.1309394538402557 0 0.1375008076429367 0 0.2533381879329681 0.3132086098194122 0 0 1.743448078632355 0 0 0.2781928479671478 0.166637048125267 0 0 0.1500074416399002 0 1.118247717618942 4.391003385186195 0 0 0 0.4505314528942108 0.3093958497047424 0 0 2.082905650138855 0.3737178444862366 1.071246579289436 0 0.1628132611513138 0 0.1186366006731987 0 0 0 0 0 0 0.9288652390241623 1.447014570236206 1.006577186286449 251.1484802961349 30.55580442398787 266.3438382968307 31.20677034556866 95.87638047337532 38.30484640598297 1.573281638324261 89.23666895180941 5.412035971879959 0.6598193496465683 2.605897724628448 0.4890273883938789 4.900020882487297 0.117374412715435 0.1512021273374557 0.856987252831459 2.96348625421524 0.5295222103595734
57.5294521227479 1185.244515709579 402.0433720350266 33.29964639991522 6268.98472327739 29.10742020606995 1830.147251561284 655.5795066729188 0 596.5072110071778 4656.772094853222 91.59077198803425 2050.559351086617 1132.781235381961 64.24422682076693 40.06087064743042 0.6036659777164459 0.1060313656926155 0.228415846824646 0.3268150985240936 1.142669379711151 0.2350045293569565 0.1392098367214203 0.3534052670001984 0.9356865510344505 2.698308497667313 0 3.356097608804703 1.515814065933228 0.4982075840234756 120.1202387809753 15.17326728254557 93.34102739393711 0.4064541906118393 0 0 42.52310481667519 2.671152926981449 0.4749656394124031 0.1136903837323189 1.439398586750031 0.7858550027012825 1.292348936200142 7.151882320642471 1.07493083178997 5.373155511915684 154.0188567042351 4.877582751214504 0.1205141395330429 1.244266346096992 0.5651546493172646 0 0 0.1313179433345795 5.731584683060646 9.062438286840916 14.21752065420151 98.56641831248999 7.316971607506275 18.0658223927021 4.041492320597172 3.949302606284618 0.7943249195814133 102.5015321746469 6.768441423773766 6.146279193460941 3.154881678521633 3.71698173135519 2.342926800251007 0.8350821733474731 57.90275976061821 4.56402924656868 0 55.8711920902133 54.23323137313128 131.7735155448318 119.5483994036913 73.53193581849337 3.942470751702785 25.63715339452028 5.81936926394701 6.861513748764992 12.0550155043602 0.345695398747921 7.470655508339405 5.025705628097057 6.752255730330944 0.234145849943161 3.804084897041321 0.2345197051763535 0.8956770971417427 0.4875300824642181 1.335656128823757 0.9824695736169815 1.273854926228523 401.9120311886072 1.217163577675819 0 0.9440873637795448 18.88151947408915 1.920208401978016 4.916078880429268 8.345631957054138 9.14739778637886 4.413829103112221 65.52930489182472 9.713882252573967 26.72188526391983 41.45534321665764 73.72993632405996 3.21879917383194 80.06317133456469 90.59703681617975 142.5455442816019 63.14492220431566 0.2817221879959106 1.180190846323967 0 0 0 0 0 0 0 0 0 0 0 0 0 0 0 0 0 4.533331908285618 3.374554857611656 0 0 0 27.93862238526344 0.1636884808540344 24.76985554397106 1.724993377923965 1.04037344455719 0 0 0.1623674482107162 0 0.4041918963193893 0.4282485544681549 0 9.699898585677147 4.715299539268017 1.423597872257233 0.3974817097187042 0 0 0.2229021489620209 0.268530584871769 2.541095465421677 0.3176562488079071 0.9253970086574554 10.88333708792925 0.8390830755233765 0 0.2971276342868805 22.41815677285194 0.9755601063370705 1.386039793491364 2.770927175879478 0.1184496581554413 0.3919997066259384 0 0 0 0.1418919116258621 99.86117000877857 0.6329628527164459 0 0 0 7.278155833482742 2.094485625624657 2.952909640967846 13.72150743752718 13.61862552165985 9.841658674180508 4.504939198493958 2.058757439255714 2.718036405742168 0.1243357956409454 0 0 0.2105422765016556 0.1577631831169128 0 0 39.24251808226109 7.452744320034981 12.76584772765636 668.5459539741278 78.58227550238371 419.9021144360304 68.99265971034765 204.9165053144097 77.83734994381666 3.984538927674294 208.2960484847426 31.3432209789753 1.243403345346451 21.78719601780176 6.086883664131165 54.53247057646513 1.901943057775497 0.104845829308033 3.085385963320732 7.121670365333557 4.075689703226089
1297.2776895836 769.370053127408 43.67756044119596 2701.811571508646 515.8503104373813 694.7172205746174 1946.549369849265 6.670937590301037 596.5072110071778 0 72.47146208584309 2178.564312919974 5330.493910700083 102.2142430841923 4.779168576002121 3.517839752137661 0.5813312083482742 0.3082700967788696 0 0.3188766911625862 0.1365241557359695 0.1673599928617477 0.1318128407001495 0 0 0.2796937748789787 0 0 0.1259546428918839 0 122.1591293290257 1.233747459948063 75.22329339385033 0 0 0.1212835907936096 61.43979544937611 1.394862368702888 0.8420642912387848 0 0 0 0 0.8166715651750565 0 0.2183572798967361 27.5878604799509 1.775492802262306 0.1162249594926834 0.5222278162837029 0.3387468829751015 0.8882172703742981 0 0.1221460327506065 2.828268975019455 6.29665295779705 23.39586379379034 190.4507724568248 4.085969500243664 4.663077667355537 0.8223461136221886 1.767392136156559 0 16.33855190873146 5.087281763553619 1.751672759652138 0.7106936350464821 1.112291611731052 0.6244345456361771 0.1487361788749695 214.0272206217051 6.038501650094986 0 45.56236770004034 25.27601426839828 36.72367216646671 14.2807180210948 6.791507042944431 0.3143494576215744 5.635971061885357 2.640726648271084 3.399672016501427 10.50001960247755 0.1871998757123947 4.924964554607868 3.320720605552197 2.148414216935635 0.9856982231140137 0.3080118745565414 0.7223964333534241 0 0.1813991218805313 0 0 0.1545030623674393 1429.732187457383 10.01721432805061 0 1.48113976418972 478.4735263437033 1.99674890935421 6.685886017978191 8.26510614156723 15.60376490652561 4.602239847183228 100.8751397654414 17.89859887957573 43.85781367123127 85.66437225788832 119.846849642694 3.837219014763832 115.8964158147573 128.6340214982629 184.8800730258226 55.2173108831048 0 1.088467106223106 0 0 0.2431751787662506 0 0 0 0 0 0 0.6443929672241211 0.1741539090871811 0 0.2022612988948822 0 0 0 0 3.149007610976696 1.536844849586487 0 0 0 21.99527177959681 0.3817746788263321 17.62841027230024 1.711606204509735 0.1394145786762238 0.1972077637910843 0 0 0.5418785810470581 1.134970605373383 0.4451387822628021 0 9.700664781033993 5.06364268809557 0.9700730741024017 0 0 0 0.5456923842430115 1.35924556106329 2.646015048027039 0.6782020404934883 1.079169020056725 7.743338890373707 0.2706064879894257 0.6160430312156677 0.2113556712865829 16.49350102245808 0 4.208795338869095 3.759586282074451 0 0.2778411507606506 0.8607799112796783 0 0.1724394708871841 0.4577785283327103 70.51068402826786 0.460557758808136 0 0 0.3147810697555542 6.678848698735237 0.9748505800962448 4.94245120882988 19.6433722525835 19.71147110313177 9.009530924260616 1.85334675014019 2.882992625236511 3.275922574102879 0.2767837196588516 0.3197062313556671 0 0.2037954926490784 0 0 0.2260530143976212 34.03044112026691 4.351675599813461 4.635848388075829 337.1139062419534 12.93377790600061 143.1921810433269 13.39796243607998 1512.854004710913 26.82382826507092 0.5235653445124626 60.90702001005411 53.49112829566002 1.301205649971962 25.62868572771549 4.067605011165142 139.8266617804766 4.956431142985821 0.7304296791553497 6.623381793498993 2.178859263658524 0
644.8917326107621 2279.76268646121 5698.906990759075 8.52977891266346 1706.714079372585 7.325066834688187 326.8140837177634 3437.468884319067 4656.772094853222 72.47146208584309 0 116.0467450618744 3139.991952702403 4668.892719425261 56.92998448759317 91.22378142178059 1.759120754897594 4.119169965386391 0.8542998433113098 10.25466088950634 11.17119693756104 0 0.1621569693088531 0.9883188083767891 3.651943773031235 4.038198947906494 0.4248958677053452 1.438641607761383 0.9932840466499329 0.120825931429863 1149.308145552874 165.8667776063085 1107.036435753107 1.932802528142929 0 0.8501713275909424 285.0600539594889 41.47120167315006 10.56611865758896 7.426475934684277 21.16318898648024 4.107478521764278 16.12205471098423 17.19783614575863 0.8244285434484482 6.247861951589584 166.2716957479715 6.139680154621601 0.7864193990826607 8.32053566724062 1.314090974628925 0.7490467876195908 0.6027467846870422 3.746099889278412 5.950527615845203 9.729961484670639 20.51684874296188 312.182091973722 8.575920969247818 18.25930912047625 3.565942384302616 63.1956782117486 2.935605525970459 139.4461235031486 7.675350181758404 5.85938123613596 2.440612383186817 5.078695125877857 9.909729972481728 33.0637643635273 254.3919079229236 4.029173523187637 0 71.40080612897873 67.8313158378005 132.8835339918733 117.669135466218 98.6356021091342 23.56183075159788 895.5340901464224 6.95495992898941 77.3405978307128 15.75915581732988 0.2340016290545464 6.751943789422512 3.467245444655418 8.092701084911823 0.112994059920311 3.596221029758453 0 1.084616616368294 1.248178690671921 14.15962897241116 1.146238818764687 3.75641143321991 143.0406051054597 14.91984313726425 0 9.130264073610306 52.28053034096956 0.4064194709062576 2.102488622069359 3.76096299290657 2.055609613656998 1.29786528646946 27.34028092026711 2.016248971223831 9.473761707544327 11.62076304852962 22.50511141121387 1.223679780960083 21.3057791441679 26.67499767243862 57.62489335238934 25.27275770902634 0.4739428162574768 0.7199332863092422 0 0.4727872014045715 0 0 0 0 0 0 0.1177330315113068 0 0.3628166913986206 0 0 0 0 0 0 1.471887551248074 0.5745109915733337 0 0 0.268528938293457 15.16144753992558 0 13.7743429094553 1.871619932353497 0.1056105569005013 0 0.305086076259613 0 0 0.6120014786720276 0 0 2.91540589928627 1.810022830963135 0.6052151471376419 0.2533372342586517 0.6859664916992188 0 0.1623484194278717 0.1440520584583282 0.2427565306425095 0 0 2.699128046631813 0 0 0.1172399595379829 12.29968041181564 0.7522385567426682 1.215643972158432 0.3999502584338188 0.4552161172032356 0.09939304739236832 0.9466222077608109 0 0 0.2417161464691162 40.14902013540268 0.2712934613227844 0 0 0.7492789030075073 4.318690523505211 0.1410088539123535 1.870695352554321 5.885650634765625 7.632634401321411 0.5095224529504776 1.394850462675095 0.8040248304605484 1.882779181003571 0 0 0 0 0 0.1395570039749146 0 8.116347089409828 4.279712021350861 4.593372106552124 588.1025511622429 60.22581477463245 404.8698685094714 62.85630510747433 186.1983815655112 70.46219622343779 2.22233484685421 196.8457044363022 18.04839232563972 2.03724330663681 14.48424211144447 2.415383204817772 20.05993735790253 2.459751024842262 0.6163343787193298 2.36149749904871 6.665869131684303 1.59478622674942
138.9157959371805 49.01352985203266 24.0214391797781 157.9196169376373 54.25721377134323 201.8097317814827 96.07698433846235 15.91276352107525 91.59077198803425 2178.564312919974 116.0467450618744 0 2833.947424486279 128.4186202138662 5.871602661907673 9.838793270289898 0.270465224981308 0.1510254591703415 0 0 0.8894329071044922 0 0 0.1289413422346115 0 0 0 0 0 0 7.558390915393829 0.6317188888788223 94.31190989911556 0 0 0 132.6506138443947 0.1619240343570709 0 0 0 0 0.2049990743398666 1.811933569610119 0 0.4410542845726013 10.35968866199255 0.329485222697258 0 0 0 0.6850563287734985 0.1175716519355774 0 0.115423209965229 0.4336997047066689 5.22138274461031 8.201779887080193 0.2218504399061203 0.9761358499526978 0.1448665112257004 0.7241388037800789 0 2.186438001692295 0.231123112142086 0.3117711693048477 0 0.2697910964488983 0.4862937927246094 0 267.7051957398653 3.060104355216026 0 2.06620416790247 1.488259807229042 9.972681142389774 5.702269122004509 5.55727744102478 0 3.710272774100304 0.3670673072338104 1.359343841671944 0.37141203135252 0 0.1845045164227486 0.22166857868433 0.3191322982311249 0 0.2739642411470413 0.1737407296895981 0 0 0 0 0 1826.252873629332 16.35287538170815 0 5.737101897597313 71.6942223161459 1.303797975182533 1.632326409220695 3.619450181722641 4.394050672650337 3.504424542188644 37.42865990102291 5.556908905506134 15.66503225266933 24.56711285561323 30.28532819449902 1.928367912769318 42.22509850561619 58.00851710140705 97.82186317443848 35.54857040941715 0 0 0 0 0 0 0 0 0 0 0 0.1298906356096268 0.3507593125104904 0 0.1787174493074417 0 0 0 0 1.116941317915916 1.149615675210953 0 0 0.2284820824861526 17.46234649419785 0 7.127208322286606 0.5616222023963928 0.1398697346448898 0 0 0 0 0 0 0 4.381124183535576 0.449281170964241 0 0 0 0 0 0.1151576191186905 1.140343964099884 0.6013746932148933 0 3.79211913049221 0 0 0.757162019610405 10.28712606430054 0.3744575977325439 1.814891032874584 0.6348131075501442 0 0.3178413882851601 0.2678682208061218 0 0 0.195756122469902 50.24073231220245 0 0 0 0.2599640190601349 3.164698839187622 0.2921460866928101 1.277165934443474 6.198506817221642 7.829633995890617 2.451048702001572 0.2589099705219269 0.6979726403951645 1.669722631573677 0 0 0 0 0 0.1347046196460724 0 25.28884565830231 1.575594276189804 4.395844548940659 91.89798450469971 4.463235773146152 29.76133140176535 4.582292549312115 280.8792209848762 5.696728393435478 0 26.07667078822851 11.36094300448895 0.1574987769126892 8.585503533482552 2.109055876731873 28.32533559203148 0.6765236258506775 0 1.891181573271751 1.040995940566063 0
291.268245048821 1315.379498459399 273.9104802832007 1102.828795343637 767.7502988651395 216.2269520461559 3641.688605837524 277.0004869177938 2050.559351086617 5330.493910700083 3139.991952702403 2833.947424486279 0 2671.977660894394 96.12776829302311 134.2950622811913 0.7826279997825623 1.203554347157478 0.1986579149961472 1.373272761702538 2.121671855449677 0 0.1102679520845413 0.8363061845302582 1.827988222241402 3.242067880928516 0.4312492311000824 3.069259874522686 0.8571206033229828 0.1480326652526855 115.569783449173 19.28695453703403 330.8642441704869 0.1190309152007103 0.2877792567014694 0.6112860217690468 92.88821970671415 6.785399906337261 2.587232045829296 0.8363797292113304 1.593011826276779 0.6677323952317238 2.023372679948807 22.42650587111712 1.633239068090916 7.391234040260315 186.2652471587062 4.141373954713345 0.768700048327446 2.07065237313509 1.361411526799202 0 0 1.151314489543438 3.002705879509449 9.672504678368568 16.99149262905121 100.1063640266657 7.318897254765034 19.28756192326546 6.823479123413563 8.316177122294903 0.1714302897453308 90.86545062810183 5.860724583268166 4.744389064610004 3.391117431223392 5.109988041222095 2.255627885460854 6.181770503520966 379.0064015462995 10.02787417173386 0.2090939432382584 58.26859822124243 50.32136595249176 154.9498780220747 154.9889918491244 124.1346229091287 5.181340791285038 53.88107751309872 9.049334622919559 9.191544495522976 14.91413827985525 0.3294841423630714 6.585107535123825 4.100315161049366 6.37052670866251 0.2295104116201401 3.16175127774477 0.4842375814914703 0.2227317988872528 0.4847945272922516 3.490337215363979 0.5100265368819237 1.761327087879181 3233.635284475982 10.01205477118492 0 3.608509555459023 108.7011058852077 3.08326468616724 7.726040348410606 10.55548799037933 15.02556290477514 5.075179792940617 111.2154478281736 18.18880075216293 51.30613398551941 81.03411977738142 121.993143953383 3.698104798793793 129.8440596610308 171.0806419327855 257.8062554448843 103.3998439759016 1.302274890244007 0.4770854264497757 0 0.2536273598670959 0 0 0 0.4207067489624023 0 0 0 0.2788836658000946 0.2976016700267792 0.2726749777793884 0.3435435444116592 0 0 0 0 4.651825502514839 4.05292434990406 0 0.5220347344875336 0 46.47372303903103 0.872087687253952 33.53521405160427 2.262363955378532 0.8284021764993668 0 0.1230820044875145 0 0 0.9228425920009613 0 0 14.57780113816261 6.365759678184986 0.3466357886791229 0.4878733605146408 0.3360400497913361 0 0.2221858352422714 0.8602973967790604 3.167526893317699 0.6795737221837044 0.230722039937973 12.55719467997551 0.581410825252533 0 0.2694536745548248 37.46600694954395 1.903537772595882 5.749706476926804 3.074447557330132 0.1281480938196182 0.9944450631737709 1.841085217893124 0 0.4889427423477173 0.4294072836637497 207.3747597709298 0.1851736009120941 0 0 0.2837758660316467 7.968181028962135 0.6244931519031525 6.270457342267036 21.78973964601755 24.20820571482182 6.729326382279396 2.843023106455803 2.382847212255001 3.662374600768089 0 0.168569415807724 0 0.4473986923694611 0 0.1717174500226974 0 87.14408145099878 20.37437708675861 18.02897743880749 794.4021519497037 93.13297768682241 407.2856748104095 81.98798757791519 527.7923078760505 86.4539373293519 3.459571354091167 233.9648340344429 30.51205410063267 0.7453077808022499 22.62991500645876 5.068951681256294 71.40753503143787 2.996232055127621 0.488302156329155 3.987362436950207 12.65776658058167 1.333683222532272
