0 3811.961076617241 67.29842037707567 697.0663832128048 384.6289600208402 153.5206004083157 1204.961596027017 0.9417827650904655 367.1355914548039 547.4217975735664 191.7571792155504 40.85008388757706 250.5571981593966 221.5645986869931 1.037003397941589 0.3785120993852615 0.3253679275512695 0 0 0.2106696963310242 0 1.583177179098129 0 0 0 0 0 0 0.4177894592285156 0 369.8725776225328 1.923097014427185 1.057357609272003 0 0 0 1.902180805802345 0 4.106746301054955 0 0 0 0.1412580609321594 0 0 0 15.89161470532417 1.10720706731081 0 0 0.1437602788209915 1.850956588983536 0.4719152301549911 0.383861631155014 2.354225501418114 2.895770139992237 294.47211804986 828.9849034175277 10.72269061207771 1.198200613260269 0.1478854864835739 0 0 5.753910601139069 1.557163655757904 0 0.2758336663246155 0.1345262080430984 0.134509414434433 0 18.08673203736544 45.8993771225214 1.311725288629532 69.90967605262995 42.48177351057529 31.48244727402925 8.854100212454796 0.716048926115036 0.6077862083911896 1.488870292901993 0 0 3.360601775348186 0.07494496554136276 0.4161170572042465 0.749373123049736 0.3467549532651901 1.327571138739586 0.704326406121254 2.952924981713295 0.2567649856209755 0 0.4352021366357803 0 0.3873788267374039 228.9383153021336 38.82777617871761 8.448866531252861 12.00169087946415 1221.502961285412 0 0 0.178220734000206 0.2147931754589081 0.2020687460899353 13.75727462768555 0 3.213842958211899 4.511934518814087 2.01524905115366 0.6534769535064697 13.69247785210609 7.947693504393101 6.219225153326988 3.431617982685566 0 0 0 0 0 0 0 0 0.2344391793012619 0 0.2417370975017548 0 0 0 0 0 0.2314386516809464 0 0 0 0 0 0 0 0.8472641706466675 0 1.377635329961777 0.1916616410017014 0 0 0 0 0 0 0.5958883762359619 0 0 0.3714833557605743 0 0 0 0 0 0 0 0 0 1.190758585929871 0 0 0.6758384704589844 0.805392861366272 0 0 0 0 0 0 0 0 0 3.830572977662086 0 0 0 0 1.38077212870121 0.3801948726177216 0.8598897010087967 0 0 0.4493512213230133 0 0 0 0 0 0 0.141464039683342 0 0.1525830626487732 0 2.461171478033066 0.3392045795917511 0.9060631096363068 31.60708348453045 3.596999689936638 42.82821856439114 17.72713950276375 1940.571622818708 14.64603027701378 0.2316627353429794 8.670495435595512 4.732323482632637 0 0.3114832937717438 0 9.121008187532425 0 0 0 0 0.6080064177513123
3811.961076617241 0 402.047379039228 573.7007867544889 7443.362195201218 328.9181597083807 5788.252657406032 11.87577042728662 8589.514491379261 588.8208062797785 2858.023759156466 59.44261778891087 1625.131801642478 2905.787721522152 7.98458394408226 4.066754445433617 0.818577378988266 0.1720531135797501 0 0.7697268724441528 0.1225573197007179 0 0 0 0 0 0 0.2627741992473602 0 0 4595.76940805465 17.83071736246347 7.548580080270767 0 0 0 7.378808900713921 0.4814939796924591 6.283904686570168 2.097156897187233 1.102064117789268 1.024202324450016 0.3307177275419235 1.751836068928242 0 0 86.89728908240795 2.754739172756672 0.8272807151079178 0.9854569882154465 0 0 0.4335901737213135 0 14.67616543918848 15.74788545817137 60.95282899588346 1163.394968733191 17.96347373723984 11.59450627863407 1.2502281665802 2.011955380439758 0 81.15000130236149 7.333508782088757 1.72676894068718 0.2572498545050621 0.275300033390522 0.6698434203863144 0.5247130542993546 15.18447917699814 0.6942265331745148 0.1059707552194595 285.0090199932456 132.359624825418 149.8909343406558 65.4192733168602 6.282728105783463 0.8831207081675529 21.26070132106543 2.243864208459854 2.743649549782276 21.6414296105504 0.1923842653632164 4.227530643343925 4.510003156960011 2.526818111538887 0.239881843328476 0.5737040638923645 0 0.2466395422816277 0.1360729336738586 0.5215742811560631 0.3441618978977203 0.7988712340593338 187.6292169839144 0.5587774813175201 0 0.4945226758718491 1810.433459095657 0.426890105009079 0 0.7773667424917221 0.8372819721698761 0.1970010250806808 18.05407336354256 0.1279106140136719 7.58917598426342 6.121346235275269 5.121560275554657 6.778028309345245 49.21740736067295 29.15639634430408 22.28803787380457 14.93181569129229 0.1103749424219131 0.6638558059930801 0 0 0 0 0 0 0 0 0 0 0 0 0 0 0 0 0.3423481583595276 1.160601995885372 0.5993777513504028 0.1450997740030289 0.3188459277153015 0 3.28431910276413 0 3.576492585241795 2.721027046442032 1.280407071113586 0 0 0.1397545039653778 0 0.566162571310997 0 0 0 0.1558301448822021 0.7477468848228455 0 0 0 0 0.1751578897237778 0.1664990782737732 0 0 0.2684898376464844 0 0.7711654603481293 0.9161425083875656 1.377774760127068 0.2073733508586884 0 0 0 0 0 0 0 0 15.84816865622997 0 0 0 0 2.895928993821144 2.197743088006973 1.549030140042305 0.1474632024765015 0.8521859347820282 0 0.1894555389881134 0.6022437065839767 0.1225695312023163 0.1974080950021744 0 0 0.3191007077693939 0.1290990710258484 0.1615946292877197 0 10.77218136191368 1.754260033369064 4.764290601015091 129.1139450147748 28.93549488484859 229.9372044876218 74.38600165396929 1815.141593374312 59.89251451939344 2.429182104766369 51.12331070005894 7.519952081143856 0.110639713704586 0.2844816744327545 0 31.48592494428158 0.8074757754802704 0 0.5929973423480988 3.522331282496452 1.716619595885277
67.29842037707567 402.047379039228 0 0.3082927763462067 492.1402881518006 2.598057985305786 40.4056823477149 867.6652692332864 212.3396604284644 0.7142888605594635 2807.992257885635 5.548295766115189 41.13452488183975 501.7311804294586 52.64601419121027 53.11933448910713 50.73372787982225 23.15715334564447 3.500829055905342 15.08422338217497 3.060811027884483 0 0.1167491748929024 0 6.20306634157896 0.3918184638023376 0.6407995522022247 1.938549794256687 0.4648985117673874 0 5455.180603966117 377.5697167292237 8.572687640786171 0.4073116630315781 0.1159015297889709 5.004591882228851 16.51043026894331 40.67888685315847 20.58850608766079 18.47558207809925 3.14157148450613 3.477519862353802 25.71508934348822 73.74389415979385 13.7774756103754 14.66463615000248 141.5503984838724 103.9999520629644 32.18165789544582 55.49722971022129 18.04076853394508 0.7033095508813858 1.37284891307354 2.273142069578171 7.093732044100761 8.722744710743427 23.5579102486372 1114.764215059578 4.634584836661816 8.494906544685364 135.7546360939741 6.611698538064957 2.351300686597824 1533.750428840518 14.13107717782259 42.88198202103376 21.07280156761408 76.5170040205121 61.06946730613708 21.39214052259922 5.181783519685268 1.130536451935768 0 103.0889383330941 199.9946251958609 108.9808189570904 270.1073199510574 102.8152114003897 354.5463190376759 1084.282790333033 418.1741567254066 863.7919898554683 14.52452469617128 0.7712503895163536 38.26341073215008 10.23927084356546 173.5835643485188 0.4542301595211029 7.284197762608528 0 5.857977010309696 0.922550804913044 27.66947203874588 4.553651884198189 1.91421165317297 0.5658107995986938 0.7345223724842072 0 5.291763447225094 123.8970987647772 0 0 0 0 0 0.4639748632907867 0 0 0 0 1.012906074523926 0 0.9361821413040161 0.3754159808158875 1.016078129410744 0.2733619213104248 0.3786217868328094 0 0.485642671585083 0.22697813808918 0 0 0 0 0 0 0 0.2367560416460037 0 0.3933529704809189 0 0.5922106355428696 0 0.7531081140041351 0 0.4537220895290375 0.1046030297875404 0.6424251049757004 0 0.3011891096830368 0 1.395050428807735 1.620791733264923 0.8750167340040207 0 0.7172700613737106 0 0 0.7961456179618835 4.048542223870754 0 0 0.1912697404623032 0.1813637167215347 0.2747963964939117 0 0.6652094274759293 0.7293927520513535 0 0 0 0 0 0 1.259733416140079 1.405768975615501 1.096107542514801 0 0.1221602782607079 0 0.3792711347341537 0.1658449172973633 0 0 0 0.153210312128067 1.18244181573391 0 0 0 0.1943147331476212 0.1435656100511551 0.3263061940670013 0.8409512042999268 1.041742518544197 0 0.3661356866359711 0.6722064763307571 0.3426159918308258 1.126360461115837 0.1612067669630051 0 0 2.190027847886086 0.806184396147728 0 0.2999124825000763 0 0.7736461162567139 2.452752850949764 176.2553348764777 43.13225764781237 278.3064532354474 71.20226554572582 53.9520732909441 27.18791349232197 2.286076247692108 41.59017858654261 5.593193858861923 0.09768830239772797 3.075563840568066 0.2650378048419952 0.3044399321079254 0.8935490250587463 0 0.1841472834348679 4.493461340665817 1.226051390171051
697.0663832128048 573.7007867544889 0.3082927763462067 0 79.04765611886978 310.3062240332365 1723.93130479753 0 157.2692488729954 1901.10876186192 6.948308125138283 565.6005457490683 2175.328084245324 105.4001508802176 1.056112736463547 0 0.2864093631505966 0 0 0 0 0 0 0 0 0 0 0 0 0 20.43932871520519 0.5991659164428711 1.862447023391724 0 0 0 2.834452837705612 0.10978914052248 0.7275750488042831 0 0.1532747596502304 0.5266651213169098 0 0 0 0 7.475395530462265 0.1946664452552795 0 0 0.5067606717348099 0 0 0.1965857744216919 0.7385366335511208 0.6652917861938477 7.836072281002998 32.96862144768238 0.4573580324649811 0.2145610451698303 0 0 0 3.808832004666328 0.1403884142637253 0 0.1060353443026543 0 0 0 9.31438609957695 2.43425740301609 0.1554355174303055 12.50929611176252 6.568500727415085 4.405914723873138 4.167969405651093 0.8853187710046768 0 1.50740522146225 0.1510699987411499 0 0.9806366860866547 0 0.1234915852546692 0.2953153997659683 0.1517460495233536 0 0.1619545966386795 0.2194329351186752 0 0 0.1405075043439865 0.1091577261686325 0 451.8247585743666 1.487075239419937 0 1.751361757516861 68.75699657201767 0 0 0.5847096890211105 0.8024735748767853 0.7913704216480255 53.81331649422646 0.2723947763442993 9.698632076382637 25.41588614881039 5.589047580957413 9.517430931329727 57.95315495878458 31.85174863040447 33.87944608181715 12.60643970966339 0.6079925000667572 0.2983784377574921 0 0.1275245845317841 0 0 0 0 0 0 0 0 0 0 0 0.1906206011772156 0 0 0 0.4406829997897148 0.5721295773983002 0 0.1614303588867188 0 4.096631661057472 0 2.6634142100811 0 0 0 0 0 0 0 0 0 0.5644799321889877 0.3860594034194946 0 0 0 0.1618482768535614 0 0 0 0 0.178439661860466 0 0 0 0 2.974404707551003 0.3029696047306061 0.3401802629232407 0 0 0 0 0 0 0 14.84655149281025 0 0 0 0 3.328437402844429 3.318126037716866 1.99393492937088 0 0.7673451751470566 0 0.256706565618515 0.1566080003976822 0 0 0 0 0 0 0 0 11.59188963472843 1.30775511264801 2.536514595150948 69.09859367460012 3.741605758666992 18.99932946264744 8.139024898409843 1050.750441983342 5.250504538416862 0.3102614283561707 8.250157721340656 12.44152575731277 0 1.33473115414381 0 54.481625020504 0.159593477845192 0 0.872266098856926 1.244869232177734 0.2964115142822266
384.6289600208402 7443.362195201218 492.1402881518006 79.04765611886978 0 16.76098830997944 4427.535618141294 29.75484532862902 13121.46193031967 165.0000555515289 1009.038374900818 49.73928484320641 648.159405708313 2429.147681750357 19.52810123562813 9.704633295536041 1.308548882603645 0.4419308304786682 0 1.55113185942173 0.3202796578407288 0 0.2377678155899048 0 0.1997859179973602 0 0 0.5529238134622574 0 0 1100.949391335249 29.82851914316416 8.702876627445221 0 0 0.5700094699859619 8.645333990454674 1.11077119410038 2.161157250404358 0.4564706087112427 0.701968714594841 0.538106881082058 2.476783648133278 2.368286572396755 0.4160381108522415 0 126.9707440137863 10.79947387427092 1.086376890540123 2.440141767263412 2.837998479604721 0.2497012168169022 0.1324472278356552 0.1982131749391556 22.78315096348524 19.02468539774418 26.20577619969845 517.8780088350177 12.86532893031836 13.9773952588439 5.330976091325283 0.1789201200008392 0 98.63542246073484 7.320406712591648 2.742992378771305 3.022218972444534 6.410545438528061 1.354643568396568 3.133131682872772 20.81375814974308 1.691252186894417 0 200.0056692957878 100.6544207558036 158.3693278133869 92.66481897234917 12.79944261163473 2.522301353514194 79.3562924861908 5.927656091749668 16.09290098398924 28.72365935891867 0.191797748208046 7.981706567108631 6.031709581613541 8.12218800932169 0 1.216747671365738 0.1344832330942154 0.9362318739295006 0.1422191560268402 3.281201243400574 1.078062638640404 0.7754454016685486 92.3869691118598 0.7163856625556946 0 0.5355219542980194 186.5989686027169 0 0 0 0.8892295658588409 0.4270642697811127 4.197494626045227 0.2893999516963959 7.31907856464386 5.783271685242653 5.534650690853596 7.228195205330849 43.76158155500889 24.48019108176231 19.65433426201344 14.45209713280201 0.6253853589296341 0.1576042026281357 0 0 0 0 0 0 0.4807709753513336 0 0 0 0.1099793687462807 0 0.599114716053009 0 0 0 0.1483625471591949 0.4561390578746796 0 0.1175729408860207 0 0.3096387684345245 4.416750252246857 0 4.530509859323502 1.537286892533302 0 0 0 0 0 1.028041511774063 2.138659402728081 0 0 2.625653892755508 0 0 0 0.2762792408466339 0 0.2958579212427139 0 0.1064297556877136 0 0 0 1.012990459799767 0.4605491012334824 5.279694177210331 0.2565169334411621 0.116029255092144 0 0 0 0 0 0 0.5057970881462097 15.04898075759411 0 0 0 0 4.589075438678265 3.567309275269508 1.495863720774651 0 0.8631877303123474 0.3097217977046967 0.6029471606016159 0 0 0.1933005303144455 0 0 0.5035194829106331 0.1107587069272995 0 0 9.191001310944557 0.5567271560430527 4.540334448218346 175.0639996528625 52.8594536036253 291.2109465450048 95.338414542377 333.9530122131109 65.94267605245113 3.025525115430355 66.47467622160912 13.29641523212194 0.3307774588465691 1.694076724350452 0.336132824420929 37.51188163459301 0 0.09437099099159241 0 3.32308828830719 1.346511662006378
153.5206004083157 328.9181597083807 2.598057985305786 310.3062240332365 16.76098830997944 0 228.5831744521856 0 14.8785158097744 244.1415934115648 0.4388186931610107 29.2044153958559 65.30584885179996 10.04057645797729 0 0 0 0 0 0 0 3.878460243344307 0 0 0 0 0 0.2303331643342972 0 0 16.14268681406975 0 1.735277891159058 0 0 0 4.770044133067131 0 4.445150822401047 0.2436438798904419 0 0 0 0 0 0 0.5510522425174713 0 0 0 0 15.44055776298046 0.5681958943605423 4.511027261614799 0 0 203.8321007788181 45.34735770523548 6.730424210429192 0.3183433413505554 0 0 0 1.412947706878185 0.1513970047235489 0 0 0 0 0 42.06344550848007 202.7473565638065 4.554678484797478 4.165020376443863 0.1609276086091995 1.225574523210526 0.7686464190483093 0.2031035721302032 0 0.1497383564710617 0 0 0 0.5859532654285431 0 0 0 5.691373348236084 1.407619029283524 12.51754003763199 0.2378731220960617 0.8270715624094009 0 0 0.9195639193058014 228.596602037549 82.60034087300301 11.23095579445362 19.98962800204754 457.8243576735258 0 0 0 0 0 7.415341466665268 0 0.6876676380634308 1.791510552167892 0.1989813596010208 0.1611415445804596 1.736782863736153 1.680337063968182 0.7710565626621246 0.1449990570545197 0 0 0 0 0 0 0 0 0 0 0 0 0 0 0 0 0 0.550789475440979 0 0 0.137517049908638 0 0 0 0.1270678341388702 0 0.4717297703027725 0.1873788386583328 0 0 0 0 0 0 0 0 0 0 0 0 0 0 0 0 0 0 0 0 0 0 0.5436720848083496 0.2813453078269958 0 0 0 0 0 0 0 0 0 0.9252446591854095 0 0 0 0 0.1680769026279449 0 0 0 0 0 0 0 0 0 0 0 0 0 0 0 0.6213919967412949 0 0.2220540046691895 3.817193828523159 0.250714898109436 2.174643769860268 1.291051954030991 219.1700446456671 1.517204031348228 0 1.352012380957603 1.437016725540161 0 0 0 3.077682375907898 0 0 0 0 0
1204.961596027017 5788.252657406032 40.4056823477149 1723.93130479753 4427.535618141294 228.5831744521856 0 4.040903761982918 3775.149096369743 1950.760299280286 58.6914424970746 428.5114759355783 12919.92740925401 521.5032422840595 17.65481911599636 3.028497949242592 1.305749744176865 0.8050739467144012 0 0.1594312340021133 0.3236596882343292 0 0 0 0.1821499168872833 0.3813349008560181 0 0.5149048864841461 0.1598561406135559 0 386.9475491121411 24.76972413808107 8.050431713461876 0 0 0 11.93555480241776 1.806013748049736 5.276917308568954 2.728559277951717 1.385076120495796 0.7288899272680283 0 2.227930456399918 0.1403437107801437 0.2544379755854607 183.4879796728492 7.667288526892662 1.780538752675056 0.6214219182729721 0.4109133929014206 0 0.1654118150472641 0.5092068165540695 32.98052770644426 24.43728121370077 35.45134834200144 532.2520319521427 21.06557878851891 15.89751461148262 0.9016816467046738 0 0 104.3591981455684 13.1596240028739 2.37305798381567 1.995949320495129 0.7203438654541969 0.1376288235187531 0.4211540073156357 26.33907383680344 4.512602493166924 0.182195633649826 272.8892449140549 154.8201929181814 236.0691084414721 124.6156199350953 9.194329351186752 2.755841471254826 11.22612465918064 3.151622071862221 4.754059962928295 44.74883385747671 0.9568459987640381 6.759734213352203 8.027451664209366 2.578852623701096 0.1618228852748871 1.778839446604252 0.4193606823682785 0.6127917394042015 0 0.8498452827334404 0.4539657756686211 1.593534722924232 741.5887817144394 2.128899648785591 0.1495528817176819 0.4506709724664688 239.7253700196743 0.6934407278895378 0.2156737595796585 1.719274893403053 1.750806346535683 1.135909825563431 147.8326169624925 0.4537608921527863 30.44642446935177 52.871706828475 16.90232785791159 11.17395575344563 177.0086687654257 85.10738755762577 69.14888206869364 41.84872580319643 0.9685112684965134 0.2722323089838028 0 0 0 0.1561813503503799 0 0 0 0 0 0 0 0 0 0 0 0 0 1.782641723752022 3.129526376724243 0.9764391183853149 0 0 12.0266809463501 0.5300946831703186 7.958643674850464 1.255741938948631 0 0 0.138376384973526 0 0 1.262576445937157 1.522421732544899 0 0.3746991455554962 2.214582547545433 0 0.2375599145889282 0 0.139461025595665 0.2639816999435425 0.4210072755813599 0.1389034986495972 0.3729154095053673 0 0.9221891313791275 0 0.8317205160856247 1.66194786131382 9.280358031392097 0 0.2916176468133926 0.1685972660779953 0 0 0 0.1635996848344803 0 0 38.9943128824234 0 0 0 0 8.773612953722477 6.51599209010601 3.79411918669939 0.3616770356893539 2.464992344379425 1.923152908682823 2.459476187825203 0.7129964977502823 0.1586002111434937 0.3440457358956337 0 0.1725372076034546 0.2795926257967949 0 0 0 28.34730876237154 3.641552150249481 7.714355185627937 296.3727828636765 69.3337646573782 390.7272984907031 131.4849547222257 1633.41955498606 95.89169533550739 7.582937352359295 89.32715684175491 24.70740223675966 0.7529711872339249 4.404658183455467 0 89.35012249648571 0.4165850579738617 0 1.083984829485416 4.429198123514652 0.7765621691942215
0.9417827650904655 11.87577042728662 867.6652692332864 0 29.75484532862902 0 4.040903761982918 0 32.66587021201849 0.9903646111488342 2492.543641895056 1.807071208953857 16.53616808354855 394.0865581184626 29.02395251393318 37.34200251102448 50.5721121057868 25.11472740769386 4.706395596265793 21.82679694890976 2.07677985727787 0 0.2850115522742271 0.2293139696121216 6.913750320672989 0.7148484736680984 0 2.397563740611076 1.70098677277565 0 574.5799030661583 1036.178307265043 2.958432711660862 0.1543108522891998 0.6676497459411621 3.477235585451126 10.36774986982346 29.9161704480648 15.94046389311552 17.22029935568571 4.440720498561859 2.007921904325485 33.77422365546227 78.73072852194309 17.95105297118425 20.32704378664494 99.45412030816078 91.43105787783861 39.64295965433121 64.25344637781382 12.95259771496058 0.1452471166849136 1.582931905984879 2.224316909909248 2.841338127851486 4.321603626012802 7.474298857152462 173.740898437798 1.597060978412628 2.903939507901669 194.8714255839586 3.192255795001984 0.9145520031452179 305.7705563381314 8.037216052412987 40.50566984713078 18.53099594265223 69.16155924648046 63.34604164958 26.59104287624359 6.991565033793449 1.004518583416939 0.8238405287265778 44.11139988154173 72.55694897472858 65.09035011380911 196.097367554903 439.2165009379387 1982.230350703001 1814.114222422242 983.6795988082886 2410.965767264366 12.90222898125648 0 41.6776517778635 9.432386294007301 188.6831144914031 0.1848155558109283 4.489929899573326 0.6111002564430237 5.83459198474884 0.246585950255394 33.9471332654357 6.336796030402184 2.897057801485062 0.6296528577804565 0 0 2.505616724491119 6.660679489374161 0 0 0 0 0 0.2937115132808685 0 0 0 0 0 0 0 0.1852940022945404 0 0.1993877440690994 0 0 0 0 0 0.6125652641057968 0 0.5047939419746399 0 0.2569926679134369 0 0.4079563915729523 0 0 0 0.7899356186389923 1.224522948265076 0.4044512510299683 0 0 0 1.06188976764679 0 0.6510576903820038 0.4994177520275116 1.495785214006901 2.211621753871441 0.3270704448223114 0 0.4523950517177582 0 0 0 2.464278429746628 0 0 0.4309577345848083 0.1872582286596298 0 0 0.2758823037147522 1.275922223925591 0 0 0.3802323937416077 0 0 0 0.5501476377248764 0.4476817399263382 0.3155715018510818 0 0 0.3693066388368607 0 0 0 0.1464339941740036 0 0 0.9006013721227646 0.7750548720359802 0 0 0.1641450822353363 0.1649351119995117 0.9484464526176453 2.118853777647018 0 0 0 0 0 0.5880316197872162 0.1286876797676086 0.4944100603461266 0 2.115485228598118 0.5104860067367554 0.58967524766922 0 0 0.9046278595924377 1.65433806180954 120.5549694672227 26.48372719436884 221.8738018497825 41.98667157441378 9.268243528902531 10.17589176446199 2.172748476266861 25.76388341933489 3.656167522072792 0 0.2038442641496658 0 0.8282741159200668 0.136934757232666 0 0 0.7883519679307938 2.393854796886444
367.1355914548039 8589.514491379261 212.3396604284644 157.2692488729954 13121.46193031967 14.8785158097744 3775.149096369743 32.66587021201849 0 345.7527542412281 2184.654950596392 93.98299542069435 2518.567613482475 3408.127476871014 32.07354962825775 11.24048939347267 2.889932468533516 0.7403431087732315 0.1170319616794586 0.3175102770328522 0.2778703272342682 0 0 0 0.2181002199649811 0.2912324666976929 0 0.9678299948573112 0.1098597273230553 0 655.9943204149604 45.75076002627611 19.58132186532021 0.2874269187450409 0 0 30.89195884019136 1.826020076870918 4.238319620490074 2.548033483326435 2.398416019976139 1.240377895534039 0.8108711987733841 4.595022812485695 0 0.1329780668020248 183.5570480301976 9.051215834915638 2.11261460185051 3.060082495212555 2.604044236242771 0.1345677524805069 0.3603141456842422 0.795406699180603 23.51767135411501 24.85458601266146 27.73213688284159 414.4976062178612 16.68457977473736 15.05265677720308 3.670952960848808 1.130851328372955 0.2018477469682693 109.2614723667502 10.67861565947533 2.463116616010666 2.565616331994534 3.913590162992477 3.300846606492996 1.542335540056229 39.1864308565855 5.911298304796219 0 206.0220571383834 112.6833136826754 183.7997579500079 127.3071271106601 17.40304134041071 2.328184232115746 57.92730270326138 6.252658292651176 13.48107177019119 33.28566589206457 0.6196608990430832 7.973486095666885 7.256964206695557 8.354899294674397 0.370873749256134 2.208032727241516 0.1747810691595078 0.7954771965742111 0.3006755411624908 2.14134381711483 0.2710728198289871 1.660853683948517 574.5943722128868 2.286847859621048 0.2543268501758575 0.3137599378824234 150.4967844709754 1.022378727793694 0 2.009784415364265 2.058257192373276 1.145753145217896 32.13414431363344 0.5190003216266632 42.72247032821178 12.89881329238415 21.41768814623356 18.04658344388008 203.7213608175516 124.8307227492332 92.13721203804016 58.53864935040474 0.9022812694311142 1.825959958136082 0.178857609629631 0.1818977892398834 0 0 0.2025968879461288 0 0 0 0 0 0 0 0 0 0.2703183889389038 0 0 1.442663766443729 3.286108985543251 0 0.7347012609243393 0 21.55151085555553 0.1248746961355209 12.71692457795143 3.157964691519737 0 0 0.1438366621732712 0.1637175977230072 0 1.748553916811943 0.731690376996994 0 0.6289875730872154 0.8760478347539902 0.1383149921894073 0 0 0 0.1460879743099213 0.4866008907556534 0 0.1192215159535408 0.3942252695560455 0.8708254992961884 0 3.748774141073227 1.375528544187546 22.80892734229565 1.276691570878029 0.539953887462616 0.5931070446968079 0 0 0 0 0 0.8885039389133453 67.22588765621185 0 0 0 0 17.30294343829155 13.70105743408203 6.569515541195869 2.160218149423599 1.819822981953621 1.678708538413048 1.779332458972931 2.00541440397501 0 0.5398995652794838 0.1245564073324203 0 0.2239070311188698 0 0 0 45.99268148839474 5.526780813932419 9.080881930887699 447.1469147130847 70.81151607632637 488.4174684509635 155.7048481106758 489.4039920121431 87.56263247877359 4.02296493947506 119.2095942571759 45.12659464031458 1.725295588374138 5.959611251950264 0.6979391425848007 144.4882883131504 2.045041978359222 0 1.845043376088142 4.612608134746552 2.870360821485519
547.4217975735664 588.8208062797785 0.7142888605594635 1901.10876186192 165.0000555515289 244.1415934115648 1950.760299280286 0.9903646111488342 345.7527542412281 0 13.45549775660038 2026.902049183846 7181.760380402207 234.2873537987471 2.80845158547163 2.419953070580959 0.1252610385417938 0.1842471212148666 0 0 0.1893072575330734 4.29525437951088 0 0 0 0 0 1.433442190289497 0.3335733115673065 0 7.234898611903191 1.732689276337624 4.745007440447807 0.2890184819698334 0 0 81.89757473766804 0 21.54153846204281 0.2402610033750534 6.701634213328362 4.763782292604446 0 0.3347403109073639 0.2731302976608276 0.3030006885528564 7.568623602390289 0 0.5913231670856476 0.5263368189334869 0.435054823756218 19.24159532785416 3.337692439556122 4.454553201794624 1.027857445180416 0.135022833943367 11.38441900908947 21.70592033863068 1.130858264863491 0.6744081825017929 1.651482656598091 0 0 2.851036489009857 0.3666380494832993 0.3729428052902222 0 0.2720379233360291 0.3578156232833862 0.8240312337875366 512.2653858363628 154.8677503615618 4.008119478821754 10.08021485060453 3.757583126425743 5.972116701304913 2.979084171354771 0.85692048817873 0 4.730669721961021 2.524012476205826 0 0.8607229441404343 1.719105586409569 0.4745765179395676 0.7760737985372543 0.4501444101333618 8.775861531496048 1.584663361310959 16.2788769453764 0.5900858938694 1.294598981738091 1.728396028280258 0.3295393139123917 2.29906302690506 1593.011998683214 162.000948548317 18.43458005785942 42.962158203125 82.84163312613964 0.887004479765892 1.603721469640732 2.306018128991127 7.956475868821144 1.50957265496254 108.0628482997417 3.399824798107147 26.16312789916992 69.13150735199451 17.18511839210987 12.54426136612892 154.3073965758085 80.95348633825779 78.60185831785202 41.51631501317024 0.147500604391098 0.6662903726100922 0 0 0 0 0 0 0 0 0 0 0 0 0 0 0.8878823667764664 0 0 1.404142424464226 1.324189126491547 0 0.22764652967453 0 9.656543791294098 0 11.02417698502541 4.589087635278702 0 0 0 0.335171565413475 0 1.358700841665268 0.5829534083604813 0 0.6586382910609245 1.098284348845482 0 0 0 0.6903119087219238 0 0.1062628850340843 0.4988517910242081 0 0 0.8739376664161682 0 3.057448118925095 2.496134474873543 13.97416169941425 0 0.2456887811422348 0 0 0 0 0 0 0 46.70173846185207 0.9069219529628754 0 0 0 11.93557646125555 9.658603310585022 5.854804590344429 0.7574275508522987 1.517603114247322 2.570177376270294 1.321432426571846 1.16098053753376 0.4094372093677521 0 0 0 0 0 0.1997209042310715 0 24.41972775757313 9.01847817003727 15.0499471873045 218.3835858404636 3.758013091981411 26.93757776916027 6.188879124820232 1309.514937907457 4.86711511015892 0 11.62300484627485 26.48099908232689 0.2059331387281418 3.786497049033642 2.076954387128353 110.6642812937498 1.279721677303314 0 1.666507259011269 0.6999661177396774 0.8106168806552887
191.7571792155504 2858.023759156466 2807.992257885635 6.948308125138283 1009.038374900818 0.4388186931610107 58.6914424970746 2492.543641895056 2184.654950596392 13.45549775660038 0 14.4207618534565 1252.051418691874 5007.562571398914 99.79138334840536 125.2577953413129 27.46504452824593 18.26155145466328 1.684055894613266 33.03473768383265 6.777548491954803 0 1.680366516113281 0.09922777861356735 3.680352509021759 0.9470285177230835 0.2364708781242371 7.787333145737648 0.6341782435774803 0 1478.534972213209 1096.052129656076 44.09808921813965 2.555553704500198 0.3475454300642014 15.88809692114592 37.44644076377153 20.66273692250252 17.69603342562914 9.074076548218727 33.99143547564745 18.00616665929556 73.71140004694462 20.7430033609271 4.343394853174686 7.903037868440151 260.3441702276468 79.34368847310543 22.64226424694061 81.9065099209547 71.2591036260128 0.3514069467782974 1.935676634311676 6.151438511908054 20.15796625614166 22.22648181021214 22.85103362053633 440.1409484222531 9.628320746123791 17.27812269330025 152.2094226628542 20.40148714184761 5.897052302956581 244.7386589869857 26.90014991164207 52.71681356430054 43.36315593123436 119.370852984488 126.9866974875331 106.4288791194558 21.24580810964108 4.430987864732742 0.1619114577770233 155.4573879465461 121.3610808923841 209.8715775310993 250.7559003308415 103.2543787062168 270.4440131559968 3087.203150972724 168.1019409671426 1228.075840517879 34.63884247094393 0.9027947708964348 39.36967447400093 18.67898767441511 187.8841830864549 1.369049727916718 5.504338324069977 0.4117004573345184 13.30879572033882 0.982143796980381 112.0904852375388 18.71147608757019 5.834175772964954 16.63150109350681 0.6092813611030579 0.1692565530538559 5.315768644213676 107.161703877151 0.1498579382896423 0 0.1711501628160477 0.1989680230617523 0.4560565650463104 3.786673232913017 0 4.189520820975304 1.534599497914314 1.833471179008484 5.087333232164383 27.02994757145643 14.29986856877804 14.10385647416115 11.93197338283062 0.3493159115314484 0.7665276527404785 0 1.113524436950684 0.3397636115550995 0.178028792142868 1.150861963629723 0 0.2338213622570038 0 0 0 0.2694369852542877 0.4483532905578613 0.1282119899988174 0.1780734360218048 1.249093577265739 0.9349396675825119 0.1993412971496582 0.7068597376346588 1.932236820459366 2.797721609473228 2.644016146659851 0.1974026709794998 9.092089734971523 0.6978165507316589 9.50749297440052 12.37977015227079 1.71550478041172 0.1611514538526535 1.096749499440193 0.6089373528957367 0 5.718353524804115 15.16450375318527 0 0.3518389761447906 0.5012067556381226 0.5655901432037354 0.7253264263272285 0 1.546585977077484 2.182582810521126 0.619151346385479 0 0.3082573935389519 0.9530935883522034 0.8264715224504471 0 8.742802739143372 9.255461014807224 11.58046178519726 0.2005763053894043 0.1428868621587753 0.3265021368861198 1.784182548522949 0.2358316332101822 0.5055904239416122 0.3819035887718201 0 0.968881294131279 17.13415905088186 0.285582035779953 0 0 2.537961371243 7.230599626898766 12.45527882128954 7.949089571833611 1.454642161726952 1.682346507906914 1.406403481960297 0.4022315740585327 1.309723846614361 2.616171434521675 0.1005432903766632 0.4379603788256645 0.5129388421773911 1.994878627359867 0.2887177467346191 0.4781993925571442 0.9580560475587845 6.280911065638065 6.1961889564991 21.36462592333555 512.913805782795 93.61796587705612 651.5330778434873 192.5253779217601 141.1192639246583 92.21198728680611 3.87665818631649 148.3698126077652 29.75882701575756 0.3381329476833344 7.476515486836433 1.067623227834702 22.22440779209137 0.3142926096916199 0.189194530248642 4.667205415666103 7.988622829318047 7.767838552594185
40.85008388757706 59.44261778891087 5.548295766115189 565.6005457490683 49.73928484320641 29.2044153958559 428.5114759355783 1.807071208953857 93.98299542069435 2026.902049183846 14.4207618534565 0 1700.381324328482 169.7339586094022 8.594821371138096 12.25541032105684 3.561309300363064 5.047142036259174 1.077656537294388 1.090511709451675 1.13407789170742 0.3053715229034424 0 1.044945478439331 0.1661102622747421 3.130204990506172 0 10.0624953135848 3.333554193377495 0 3.40010878443718 2.841087937355042 43.2124058008194 0.4471824616193771 0.1041930615901947 0.3805898427963257 204.6207960098982 6.159615263342857 22.0011330395937 4.095195189118385 42.64914809167385 21.21381501853466 1.043312281370163 5.732743941247463 1.502528324723244 2.202929005026817 20.77481069415808 1.254990309476852 1.087403565645218 4.018602691590786 2.049993753433228 2.190208092331886 1.928657032549381 6.721528574824333 0.9345627576112747 0.9731006547808647 2.103487372398376 10.41294764727354 2.71942600607872 0.8198285400867462 5.072204858064651 2.022619977593422 0.9799202084541321 2.35998860001564 0.5546536073088646 0.2469740957021713 0.3780959025025368 1.442465923726559 1.8132209405303 6.852104127407074 835.362675383687 137.3981049060822 0 13.05741780251265 8.537215188145638 13.58222108334303 14.71079728752375 5.867629714310169 2.548104658722878 19.4422352463007 6.612615361809731 6.279467463493347 1.54158553481102 0 1.15840233117342 1.362106405198574 3.245950035750866 0.1582602113485336 1.456556014716625 0.858677476644516 0.6889194771647453 0 10.28905293345451 4.493537902832031 2.795733004808426 2494.75491335988 143.2017276585102 2.356050878763199 9.466870695352554 17.53199860453606 2.871093362569809 0.2543235421180725 2.510000079870224 2.166968375444412 1.994276776909828 28.27070508897305 0 33.14586848765612 50.11826181411743 20.31524603813887 33.08560117334127 225.4785176664591 150.2835984677076 115.4365414604545 98.77585086971521 1.546981021761894 2.990776389837265 0.1228280588984489 1.128714442253113 0.86653071641922 0 0.485455796122551 0.1615592539310455 0 0.3155335783958435 0.9273288398981094 0 0.3461262285709381 0 1.359287664294243 0.9285576492547989 0.5795454978942871 0.6420089602470398 0.4605510532855988 5.335955381393433 7.103628993034363 0.6157407909631729 3.70945543050766 0 49.38474614173174 2.169385075569153 48.06436839699745 21.6184249445796 2.014285683631897 0.1653082966804504 0.1967370808124542 0.474729984998703 0 5.92408487200737 8.948263972997665 0 2.59172535687685 5.565094567835331 0.4260366559028625 0.3162037432193756 0 3.982966065406799 2.740457653999329 0.5298740118741989 0.6425133347511292 0.1101276054978371 0.7977847382426262 3.894316114485264 0 14.92184244096279 12.29446728527546 44.5353497415781 2.146969690918922 0.6356965750455856 0.3519779667258263 0 0 0.1269621402025223 0 0 1.815309628844261 137.7833121195436 2.439374923706055 0.3591630905866623 0.1301736235618591 0.5137742310762405 30.17373534291983 47.62698554992676 22.32975198328495 6.258965536952019 2.496102057397366 3.842590272426605 4.097074866294861 4.35627643018961 0.7652741372585297 0 0 0 0.6572690010070801 0 0.2689088881015778 0 67.21564137935638 27.36013112962246 61.43398018181324 196.0562817305326 22.00334019213915 72.43995197117329 31.20693459361792 282.3096969947219 12.44193322211504 0.1926359832286835 34.21749905496836 46.77847815304995 1.411062143743038 18.9134167060256 2.201908871531487 76.53619930148125 1.121374510228634 0.1912619024515152 4.115815825760365 6.085518255829811 1.171774908900261
250.5571981593966 1625.131801642478 41.13452488183975 2175.328084245324 648.159405708313 65.30584885179996 12919.92740925401 16.53616808354855 2518.567613482475 7181.760380402207 1252.051418691874 1700.381324328482 0 5006.278600610793 67.36758168041706 52.60284680873156 11.53130279481411 5.724315255880356 1.169304177165031 2.365976631641388 4.452554374933243 1.339442953467369 0.4627512693405151 3.357357129454613 2.63976526260376 7.21851497143507 0.3949397578835487 23.37389152497053 7.974857747554779 1.728060066699982 173.8438720926642 29.20670457929373 516.7189581990242 0.2873445600271225 0.2295893505215645 2.370366826653481 692.1075024753809 17.12377162277699 95.6004051938653 37.28621205687523 99.86547822505236 47.77180530875921 7.790232621133327 19.50234685838223 3.522290520370007 2.924281373620033 174.3494776561856 9.329227633774281 5.246899843215942 13.25437961518764 13.19072273373604 2.10368300974369 4.157536491751671 10.84079413115978 19.15256782621145 21.18829306215048 17.17091748863459 185.8709521070123 13.18239427357912 12.94015596061945 19.47491452097893 8.002574592828751 1.51637127995491 66.89787350594997 11.43247812986374 6.522661648690701 3.92449925839901 10.95016565173864 11.53066999465227 18.80459799617529 700.7367115169764 143.1490023136139 1.81192572414875 120.7918156012893 73.66624662280083 154.3639592081308 150.3923365399241 46.65245266258717 9.966234661638737 97.10549128800631 24.69503083825111 23.35676061362028 31.87139045447111 0.9020335078239441 12.28108460456133 9.175569854676723 16.78632228821516 1.100783661007881 3.288412518799305 1.943251013755798 2.705377571284771 1.789178356528282 28.50847133249044 10.07714081555605 7.3998207077384 2972.552664935589 63.61740925908089 3.397406473755836 9.529900506138802 65.13380791246891 7.908773876726627 1.26640909910202 8.311383359134197 11.45475406944752 4.86067533493042 272.9411481395364 2.563464611768723 92.83494465053082 373.494769230485 69.26534457504749 54.8996345475316 496.4505487158895 337.562781393528 248.5891341269016 195.222081027925 6.686264015734196 8.384645611047745 0.4708910584449768 4.449863910675049 0.662831038236618 0.621303379535675 1.280006170272827 0.1596812754869461 0.2646870911121368 0.5502011775970459 2.043027326464653 0 0.9103610217571259 0 2.042222067713737 0.7114338427782059 1.966990664601326 0.8911728262901306 1.853243976831436 8.582513011991978 11.52283997833729 3.083174377679825 10.30257590860128 0.7664230912923813 86.65256398916245 4.037460342049599 77.97926487028599 42.95101610571146 2.893783077597618 0.6235078722238541 0.7381198853254318 2.59757274389267 0.4302006661891937 15.89854518324137 22.56461477279663 0.87289659678936 3.486581526696682 11.66045060753822 0.800417885184288 0.495792031288147 0 9.905358776450157 1.763403683900833 1.114564269781113 2.586138837039471 0.2895669192075729 1.821163594722748 10.80741329491138 0 35.6286743581295 30.32608270645142 96.55619542300701 3.328949712216854 3.481357559561729 0.8588583990931511 0.3386701047420502 0 1.504898928105831 0 0 3.453479498624802 275.6669099107385 5.866063877940178 0.2890696227550507 0.5724758058786392 1.019022211432457 55.0089074447751 92.34721491485834 38.20549799501896 10.22213318198919 11.18374118208885 10.4240790605545 14.33843360096216 6.338041409850121 2.268121398985386 0.1939451470971107 0 0 0.8531708419322968 0 0.7156358510255814 0.4213766008615494 140.6372646614909 62.64893988519907 109.6965832039714 1074.005048446357 131.2393444478512 637.6623948290944 252.55247502774 861.6381142437458 113.291053943336 5.314509555697441 268.4072607159615 116.3810802698135 2.775224424898624 40.89972902089357 3.564175233244896 249.5288982093334 4.097338445484638 0 11.04280204325914 22.25717510282993 9.306037694215775
