0 4954.506933808327 943.0451024100184 1288.595424547791 743.0044054985046 158.1042024642229 363.4960350766778 36.89351834356785 85.46249620616436 723.9009736403823 180.0726114138961 26.58284627646208 44.72651463001966 70.06272172927856 17.78460712730885 1.42768357694149 0.6695069149136543 0.6718790084123611 0.2383991628885269 0.2581315711140633 0.690006285905838 0 0.1551169604063034 0 0.3622702807188034 0.781050942838192 0.7336963191628456 0.1044758632779121 0.3063549920916557 0 275.9872990176082 7.947603233158588 37.58109326660633 0.08443529158830643 0.4275639280676842 0.2074221596121788 1.724255137145519 0.3647564128041267 0.3508559241890907 0 0 0.18978201597929 0.2768080830574036 0.4896771982312202 0.487241193652153 0.5223675221204758 42.1886800006032 8.17046233266592 0.2030356228351593 0.3930791839957237 1.142385601997375 0.6426154747605324 0 0.1095602735877037 14.15185691416264 5.721470385789871 444.2013577371836 853.8716860115528 32.87921617925167 23.48850704729557 1.602827399969101 2.284876368939877 0.3109235316514969 9.80235531181097 6.360842041671276 2.793765597045422 5.928672961890697 3.138893648982048 1.099908322095871 0.9099495708942413 18.02636430412531 4.443737059831619 0.2018217891454697 526.6211614236236 56.86368651688099 220.429091848433 10.40427811443806 2.015642702579498 0.9191280826926231 61.69877586513758 0.5276941731572151 34.2493901476264 33.09402676671743 0.3173160254955292 11.02812241017818 5.636887930333614 1.896497845649719 0 1.144780315458775 0.1422030925750732 0.1991099640727043 0.2354017943143845 1.014773301780224 0.1616887152194977 0 173.8127470314503 18.63914857804775 0 0.3767918944358826 1731.110201396048 0.6799261569976807 1.045426696538925 0.6778485924005508 0.8708260953426361 1.327202305197716 2.069820620119572 5.915652751922607 0.8482031226158142 7.283998042345047 8.241950869560242 1.797344148159027 12.4526574909687 16.79791738837957 14.42084712535143 9.379543714225292 0.3155973106622696 0.1732077747583389 0 0.113537959754467 0 0 0 0 0 0 0 0 0 0 0 0 0 0 0 4.268835097551346 0.1537577509880066 0 0 0 1.881240516901016 0 2.204557195305824 0.5853689685463905 0 0 0 0 0.771097868680954 2.047093763947487 0.8250778540968895 0 0 0.509549044072628 0.1037993654608727 0.1977315247058868 0 0 0 0 0.129568487405777 0 0.2439477443695068 0.7733517736196518 0 0 0.1215212717652321 4.485607020556927 1.365909419953823 0.1144827082753181 0 0 0 0 0 0 0 10.19084601849318 0.4493070915341377 0 0 0 1.035129979252815 0.3159319162368774 0 0.1962568014860153 0.8765834495425224 1.442833967506886 0.7932743057608604 0.8034749776124954 0 0 0 0 0 0 0 0 6.543159112334251 3.400032304227352 2.244605787098408 362.3831336423755 18.53468252718449 256.9117261841893 33.35295036435127 1173.383930653334 70.03956769406796 4.106836348772049 63.50416328758001 12.5214713960886 1.142922528088093 5.283490613102913 0.9572495520114899 8.622880071401596 0.6884792000055313 0 0.5046219304203987 0.4564954116940498 0
4954.506933808327 0 839.234196908772 1059.318044967949 4352.726059995592 237.9934790506959 1422.330213934183 22.40522395819426 2089.614961467683 766.1103769317269 512.2834684699774 53.24910721182823 153.7961672842503 747.7738516926765 75.595214150846 4.814649447798729 3.773699767887592 2.600813537836075 1.536394998431206 1.70484384149313 0.7924272269010544 0.1813595294952393 0.6734000220894814 0.5619569346308708 1.048947617411613 1.142851769924164 1.169965416193008 1.079134091734886 0.4149145185947418 0 2818.886374801397 47.88003271818161 150.6082406044006 0.3367299288511276 0.8793913051486015 1.03305222094059 5.603774778544903 0.3885310515761375 0.7233202233910561 0.5051747411489487 0.4886225163936615 0.2827098295092583 0.1745045334100723 0.7682343646883965 1.206451296806335 1.854780629277229 131.1575353741646 15.21794458478689 0.5198348984122276 0.5326779931783676 2.383035235106945 0.1460726261138916 0 0.7807030603289604 13.54375244677067 7.622555054724216 110.9132494777441 1278.525913402438 33.56909159570932 60.67356741428375 3.541131764650345 9.07237720489502 0.1411815732717514 171.717670917511 8.434386849403381 6.107800081372261 11.05403411388397 6.884856633841991 1.091156743466854 2.806269988417625 19.12177734822035 4.934040658175945 0.08176445215940475 666.5330770537257 250.9000446051359 577.4374398365617 97.41391908377409 6.236990243196487 6.238086573779583 284.3444024547935 3.250188022851944 71.56171745061874 52.10542825609446 0.5977494195103645 14.24269497394562 10.11897178739309 4.164065048098564 0 2.599635526537895 0.1090870648622513 0.3568383231759071 0.2654001414775848 0.5225586444139481 0.7054742053151131 1.30123969912529 230.4398111030459 1.854934759438038 0 0.7276997268199921 892.1214636713266 1.017113819718361 0.7783191502094269 0.5496745556592941 0.837200403213501 4.195923760533333 2.054695919156075 2.963015154004097 3.047158524394035 13.41727898269892 8.195129051804543 3.728897094726562 19.63360330462456 27.98936399072409 34.67327831685543 21.80641573667526 1.654967792332172 1.268842115998268 0.1622827053070068 0.7914403229951859 0 0 0.1338171809911728 0 0 0.07475635409355164 0 0 0.3341568112373352 0 0 0.14696404337883 0 0 0 5.787881948053837 2.819373555481434 0 0 0 2.464889839291573 0.2208506464958191 6.247759111225605 1.631355933845043 0.3007804900407791 0 0 0 1.121447339653969 4.281142473220825 0.5545329600572586 0 1.080042019486427 3.03630505502224 0.2626083269715309 0 0.1150543615221977 0 0 0 0 0 0.3125691711902618 2.333160556852818 0.8719009459018707 0.9632958248257637 0.2094399482011795 13.60399628430605 2.610927671194077 0.1370908617973328 0 0 0.1235632970929146 0 0.404546856880188 0 0 26.12099526822567 0.5334941297769547 0 0 0.108339287340641 3.036204263567924 0.710980661213398 0.6597989872097969 2.467764168977737 2.233194850385189 5.120473310351372 2.390869535505772 4.096646867692471 0.2186504155397415 0.1213277950882912 0 0 0.08966769278049469 0 0 0 13.246243275702 9.283792845904827 11.16381449997425 424.6891735568643 32.9666711166501 448.9073839485645 58.81687145680189 898.4818970263004 99.52597726136446 10.32620143145323 107.0707696005702 11.69541922211647 0.4229779317975044 6.174667589366436 1.458017386496067 7.34110814332962 2.319559894502163 1.682839080691338 3.382028259336948 6.190067745745182 0
943.0451024100184 839.234196908772 0 14.45411305129528 1150.012608535588 7.004885986447334 187.5040817633271 2842.064724035561 1738.745353274047 28.34946162253618 2622.859207749367 26.42392008006573 124.2114422544837 832.7165109440684 44.89366891980171 8.161448292434216 0.9950060844421387 2.818130001425743 1.173176288604736 7.933116853237152 6.678236231207848 0.1303580105304718 6.017974197864532 1.818991884589195 7.71470220386982 0.1047610491514206 9.750877514481544 1.960710689425468 0.6562424749135971 1.125436261296272 3050.831469461322 272.9257670417428 733.7530772909522 3.054786823689938 5.796541184186935 9.061169274151325 35.26164887845516 1.208389595150948 0.9874734953045845 1.296354569494724 6.333629570901394 0.1419444382190704 3.80132894217968 5.961386978626251 2.209392413496971 20.2613502368331 47.73079857975245 2.602668046951294 0.5246242582798004 4.154207229614258 0.5883610993623734 0 1.257061697542667 1.320259064435959 3.256111972033978 1.069892585277557 37.83374249190092 1141.970678262413 10.80821131914854 13.99382140487432 157.9708462506533 78.19961759448051 3.608134150505066 630.9933211803436 1.913539730012417 0.9038068056106567 2.820007555186749 1.758976206183434 0.9827627316117287 46.39875098317862 47.08492720127106 13.25043603777885 0 176.2113247141242 190.9648044556379 137.7043786868453 155.3024153858423 42.01236302405596 622.4807729050517 1784.071773827076 307.1630026251078 1963.40638268739 9.002390682697296 0 3.2210528627038 1.973417416214943 3.156318143010139 0 0.2615655362606049 0 0.09283458441495895 0 5.346499890089035 0.822091355919838 0.4572152271866798 120.9422652572393 4.16815534979105 0.1383696049451828 1.29847340285778 259.8078637495637 1.530198477208614 1.620906859636307 0.9048260003328323 0.8283033072948456 3.725476734340191 2.403704352676868 1.446351259946823 1.651515975594521 3.56520314514637 6.668596014380455 1.771501801908016 16.96363732218742 26.43125998228788 27.90816159546375 22.41186203062534 1.927321881055832 3.072117187082767 0.2026100754737854 1.315444000065327 0 0 0 0 0 0.278498113155365 0.2742116302251816 0 0.3285892158746719 0 0 0.1946823745965958 1.110017091035843 0.4240094125270844 0 4.929848738014698 3.481719128787518 0 0.2477673143148422 0.6997321546077728 7.111739009618759 0 10.32040666043758 8.033252343535423 2.411544643342495 0.4138365089893341 0.2268093675374985 0.3386784940958023 0.7582829371094704 4.664020173251629 3.47327396273613 0 0.5433917120099068 2.95830337703228 0.1313845813274384 0.47291299700737 0.1324867010116577 0.8601324334740639 0.1114408299326897 0 0 0 0.3461660966277122 1.906557850539684 0 2.666919603943825 0.9661936312913895 17.67121510952711 2.482775241136551 0.3185827806591988 0 0 0.1112511828541756 0.2964612916111946 0.3177631497383118 0 0 29.4227611720562 2.870431572198868 0 0 0.1137338206171989 5.421375453472137 3.45162907242775 2.661504350602627 0.6524658650159836 2.708280682563782 3.559174105525017 2.167000487446785 6.662984408438206 0.3855750113725662 0 0 0 0.1779218912124634 0.1125009059906006 0 0 9.91083025187254 15.19719915837049 22.59555631130934 108.6779649816453 11.17563415318727 118.3128529414535 17.48474330455065 91.07619375735521 31.11332999914885 2.459102250635624 42.77188731729984 9.563472658395767 0.4310317188501358 10.31882031261921 1.933940432965755 5.956801012158394 0.6654518693685532 0 4.297184787690639 2.411860935389996 0.6741300672292709
1288.595424547791 1059.318044967949 14.45411305129528 0 406.8675255104899 388.165495082736 1531.940242685378 1.472776144742966 224.9803270027041 2249.871824376285 15.86387449502945 586.5851354151964 443.0236443430185 773.4562513753772 12.66010583937168 0.2367170602083206 0 0 0.2329036965966225 0.1634804159402847 0.1543535143136978 0 0.3627812713384628 0.1329298466444016 0 0.4307524487376213 0.09776030480861664 0.287897601723671 0.1339952051639557 0.09850435703992844 42.31116566807032 4.168969616293907 4.460750184953213 0.2049900889396667 0.1059395223855972 0.1523981839418411 0.3739514872431755 0 0 0 0.2122285217046738 0.1055100634694099 0.1145157068967819 0.2258459106087685 0.1002416908740997 0.0920630469918251 27.48081763833761 2.811633884906769 0.1006362363696098 0.09436685591936111 0.3377403318881989 0.1275157034397125 0 0 3.485791049897671 0.6290447264909744 25.30594635009766 157.3725356087089 6.64587377011776 17.60117998719215 0.3775143399834633 0.7661226689815521 0 28.47751062363386 2.143327660858631 1.893917337059975 2.757246218621731 1.65081075578928 0.1698807552456856 0.4322439208626747 7.6596809476614 0 0 159.3495875447989 48.21850993484259 155.7345491200686 13.59771316498518 0.843186616897583 0.2699966952204704 62.74496784061193 0.5674162283539772 3.065510146319866 11.36266139894724 0.09568380564451218 3.948200106620789 2.915376551449299 1.43416291475296 0 0.3892192393541336 0 0.1996838450431824 0.1042509078979492 0.09535684436559677 0.09909926354885101 0.5892230942845345 135.2019284442067 0.1872439831495285 0 0.2870697677135468 196.1134103238583 0.1464526504278183 0.5129455924034119 0.3942086696624756 0.2397821992635727 0.3566492646932602 0.6137538701295853 1.305259525775909 0.559093713760376 11.22624589502811 2.002017810940742 0.1830270439386368 3.576984480023384 8.681302562355995 7.534616351127625 5.679059892892838 0.3180410116910934 0.3815363347530365 0 0 0 0 0 0 0 0 0 0 0 0 0 0 0 0 0 0.8435945510864258 0.4579056650400162 0 0 0 0.9584050327539444 0 0.2706615030765533 0.1098043695092201 0.09810881316661835 0 0 0 0 0.4031234979629517 0 0 0 0.7574143409729004 0 0.1355073750019073 0 0 0 0 0 0 0.1158429086208344 0.8157971799373627 0 0.08396559953689575 0 1.852701544761658 1.186264455318451 0 0 0 0 0 0 0 0.1083441972732544 5.030643418431282 0 0 0 0 1.03526283800602 0.32799132168293 0.2704028785228729 0.8242635130882263 1.34552063792944 1.688937604427338 0.543279804289341 1.078664280474186 0 0 0 0 0 0 0 0 6.861703529953957 1.273908212780952 1.708858147263527 161.1092346906662 7.986264355480671 131.8291079699993 12.85284371674061 861.9744558334351 23.05668040364981 1.242490909993649 32.17124084383249 3.744442351162434 0.08403471112251282 1.953581780195236 0.5483909323811531 3.232532992959023 0.2426640763878822 0 0 2.013370536267757 0
743.0044054985046 4352.726059995592 1150.012608535588 406.8675255104899 0 41.37911199778318 2961.301749542356 32.38240242004395 5979.43706984818 442.6275788471103 532.8991204276681 41.57740740478039 509.8065146133304 581.9640536233783 76.10316224396229 3.467595174908638 3.522018902003765 1.330471940338612 1.400029174983501 0.9712916389107704 0.9633512198925018 0.1548558175563812 0.4219350293278694 0.6123619228601456 0.1898097023367882 1.262526802718639 0.1588847488164902 1.257877916097641 0.5181797370314598 0.08918992429971695 447.8837131261826 67.3123164921999 40.11960262805223 0.186356395483017 0.5415344834327698 0 1.222903788089752 0.7277065962553024 1.033495277166367 0.6090139821171761 0.6408251523971558 0.5525190383195877 0.5815336480736732 0.7069331854581833 1.363022431731224 1.432190738618374 131.6730787828565 8.408983401954174 0.3850820139050484 0.3930466249585152 1.095706671476364 0.180790588259697 0 0.1596174091100693 5.70370339602232 4.36335352063179 24.50609089434147 232.2690441459417 13.63030578196049 55.95957421511412 1.420106396079063 2.282896995544434 0.2902719601988792 141.3689096793532 3.747875794768333 3.095896780490875 5.089586906135082 3.784427918493748 0.839621439576149 1.383729457855225 8.007409356534481 4.577767804265022 0 200.5232051983476 125.8074746057391 393.5869559794664 96.32695877552032 6.953846506774426 2.663921378552914 92.45118065178394 1.39786171913147 21.48329918086529 19.51952300220728 0 4.798770882189274 4.236858680844307 1.547088816761971 0 0.6505305171012878 0.08520789444446564 0.3982329145073891 0.2867542952299118 0.5116707682609558 0.1239271834492683 0.6402185633778572 144.8131251707673 1.538226842880249 0 1.072484195232391 78.18428128957748 2.07108037173748 0 2.23652458190918 0 4.519966505467892 2.595527276396751 1.281754568219185 0.301836371421814 6.433776035904884 4.492524191737175 1.302337601780891 11.65114472806454 16.13641384243965 17.5536617487669 12.04067879915237 0.3437571376562119 1.447073563933372 0.1288907825946808 0.2419386506080627 0 0 0.2198601514101028 0 0 0 0 0 0 0 0 0 0 0 0 1.775514155626297 0.5534949004650116 0 0 0 2.788246937096119 0 2.748758867383003 0.5758686065673828 0 0 0 0 0 2.665322542190552 0.8912188783288002 0 0 1.654719486832619 0 0 0 0 0 0 0 0 0.1804413720965385 1.534276850521564 0 0.734846368432045 0 8.535269536077976 0.9909870848059654 0 0 0 0 0 0 0 0 14.03687121719122 0.08783581107854843 0 0 0 0.7282610982656479 1.35266250371933 1.11193722486496 0.5148640796542168 0.8517790883779526 3.250668190419674 1.189292825758457 1.940157398581505 0 0 0 0 0 0 0 0 3.830559849739075 4.804232284426689 4.815254211425781 335.1260669231415 28.24364247918129 311.6960058733821 44.42678675800562 273.8898402228951 73.03227742016315 6.242195919156075 98.56951646506786 5.156494565308094 0.6517941653728485 6.117490105330944 1.025814548134804 7.10756254196167 0.1065755859017372 0.6994646042585373 0.2420173436403275 5.066361702978611 0
158.1042024642229 237.9934790506959 7.004885986447334 388.165495082736 41.37911199778318 0 170.6065528094769 1.156854920089245 39.96702532470226 648.1024012863636 2.517573192715645 213.9435511603951 119.652453944087 76.78086557984352 3.129267461597919 1.155834786593914 0.1415578424930573 0 0.1870123296976089 0 0 4.695577099919319 0.2969730794429779 0 0 0 0 0 0 0 2.196830876171589 0.8763998746871948 13.4429117590189 0 0.3405210375785828 0.1607141047716141 2.494566731154919 0.2830817028880119 0.4560792148113251 0 0 0 0.1450592279434204 0.5425697565078735 0.1102226376533508 0.1470981985330582 3.213367812335491 0.6202141493558884 0 0 0 8.980706319212914 1.475894019007683 0 1.501435726881027 0.7571810036897659 73.83574743568897 18.35738586634398 0.8690927624702454 4.088809944689274 0.6355845183134079 1.556584566831589 0 1.299791999161243 0.1041717827320099 0.1293934732675552 0.1047583892941475 0.1093253940343857 0 0.1198603510856628 105.6282624900341 140.1973183751106 10.35731233656406 16.66115559637547 3.564788483083248 14.7680521979928 1.544019356369972 0.1230484843254089 0.4148107171058655 36.43518302589655 0.196430429816246 10.52095206081867 0.8091339319944382 0.7958791851997375 0.5242955163121223 0.5457048043608665 0 12.4334153085947 0.8023799955844879 12.56174617260695 0.2905341982841492 1.371648788452148 0 0.1835366040468216 0 588.7666752040386 195.0161841511726 20.75425426661968 3.826285198330879 239.5735144764185 0.4830199033021927 0 0.2625603675842285 0 0.3267899453639984 1.007748156785965 0 0 1.727618053555489 4.039382815361023 0.3116616606712341 2.064544200897217 5.056967332959175 1.575231432914734 1.948694378137589 0 0 0 0.2912469804286957 0 0 0 0 0 0 0 0 0 0 0 0 0 0 0 0.2272170037031174 0.3193105161190033 0 0 0 0.163025364279747 0 0.361524373292923 0.1758854538202286 0.1135121211409569 0 0 0 0 0 0.2480065673589706 0 0.1238812506198883 0 0 0 0 0.1711481660604477 0 0 0 0 0 0.2657701671123505 0 0 0 0.6275453343987465 0 0 0 0 0 0 0 0 0 1.461457490921021 0.1807841658592224 0 0 0 0.3401006758213043 0 0 0 0.6030378863215446 0.1263124495744705 0 0 0 0 0 0 0 0 0 0 2.705447018146515 0.8659546226263046 1.603563025593758 81.73117478936911 0.9376397132873535 14.42339798808098 2.861566379666328 180.7681204974651 2.801672518253326 0.3452138453722 3.21347301453352 2.491527557373047 0 0.1719533801078796 0 2.430463835597038 0 0 0.222082793712616 0 0
363.4960350766778 1422.330213934183 187.5040817633271 1531.940242685378 2961.301749542356 170.6065528094769 0 13.44425009936094 1521.759091079235 2524.730145454407 12.85858105123043 327.6669724136591 1364.147372171283 362.7704277038574 118.903223387897 6.777334503829479 4.190820783376694 1.705091498792171 1.271273575723171 1.933441407978535 1.181977860629559 0.2226531729102135 0.7551378458738327 0.4603292420506477 0.573307067155838 2.526478961110115 1.101356588304043 1.75972393900156 1.085491560399532 0.5012218877673149 198.4207825511694 64.82542241364717 8.927054889500141 0.5659310817718506 0.3732393234968185 0.3806829154491425 1.546857722103596 1.579568713903427 0.8671300411224365 0.125307023525238 0.9232892692089081 0.7376028746366501 0.5194818377494812 0.5306247994303703 0.9358050748705864 0.980578251183033 202.7418835535645 14.04969821870327 1.278516188263893 0.6086434945464134 2.736584365367889 0.3358518183231354 0 0.7409730032086372 8.616936564445496 6.451024748384953 36.83231017738581 237.0681906417012 23.33467779308558 91.34677474200726 2.752187505364418 2.759374968707561 0.303540825843811 164.3309875503182 6.949963629245758 6.803154826164246 10.93133328482509 7.726736381649971 1.86460092663765 1.819787748157978 14.07827536016703 5.432865239679813 0 317.3310492932796 169.0024804621935 617.4776253923774 131.5727714076638 7.374311193823814 4.642373234033585 64.96053943783045 3.006591446697712 19.18212554603815 34.4757681787014 0.3769726455211639 11.33726487308741 7.245924055576324 2.554675862193108 0 1.263897366821766 0.09204427897930145 0.4628150090575218 0.5144230872392654 0.368810661137104 0.4273254126310349 1.905846484005451 304.5791521072388 2.262515090405941 0 1.836774572730064 88.61515156179667 4.771191656589508 2.298441514372826 93.20416294783354 6.043408334255219 3.535086214542389 15.05085000395775 6.095267325639725 7.082943394780159 34.74475114792585 22.00621089339256 3.89778159558773 30.62950818985701 37.14054302126169 42.41416688263416 19.73023323714733 1.031596213579178 1.7461022362113 0.1399705111980438 0.7396731674671173 0.09203387796878815 0 0.1533776521682739 0 0 0 0 0 0.1566804051399231 0 0.2775683999061584 0 0.1111930534243584 0 0 7.495551951229572 3.285534285008907 0 0 0 3.555781207978725 0 5.367745004594326 1.533365592360497 1.317855909466743 0 0 0 1.478049851953983 2.198680758476257 0.8114020377397537 0 1.132650189101696 3.626176804304123 0.1024518683552742 0.9649522006511688 0.1759604513645172 0.09510528296232224 0.2385694682598114 0 0.1007147878408432 0 0.9124164432287216 4.325921222567558 0 0.5656806230545044 0.9608281403779984 13.24095838516951 7.629818715155125 0.5713189393281937 0.07928507775068283 0.1875956058502197 0.2040947824716568 0 0 0 0 29.53579201549292 0.6780070811510086 0 0.2523734271526337 0 4.81312408298254 2.150465302169323 2.929062314331532 3.253743931651115 9.947516538202763 4.987964771687984 4.345852635800838 7.962192140519619 0.2979959100484848 0 0 0 0 0 0 0 19.46218866854906 6.641306355595589 6.286141321063042 463.7835734188557 41.89271368831396 485.3839672729373 70.37778807431459 558.2599585056305 110.7703880742192 8.17898415774107 129.9872498735785 12.25797384977341 0.9788117930293083 12.03910049051046 2.152893044054508 14.25171428918839 0.9428692311048508 1.243679113686085 2.593972317874432 7.640316404402256 0
36.89351834356785 22.40522395819426 2842.064724035561 1.472776144742966 32.38240242004395 1.156854920089245 13.44425009936094 0 484.6360093578696 2.88871867954731 3103.769512496889 7.752383656799793 30.40214552730322 300.2902389317751 41.54071588814259 5.683461971580982 1.308282814919949 1.17449676990509 0.5049808323383331 3.628257997334003 4.528127230703831 0.2836809754371643 5.50215008854866 1.904147863388062 4.148134268820286 0.2378484234213829 8.665144845843315 0.9522409364581108 0.2662797272205353 0.1503962874412537 393.2958607152104 844.0672775804996 513.3371202722192 1.738441184163094 3.059352278709412 3.959266394376755 24.15056732296944 0.6771044358611107 1.166646376252174 1.132390737533569 2.405607707798481 0.1693333238363266 0.8300431966781616 6.382117405533791 1.426966615021229 19.28647299110889 52.78802934288979 1.453842513263226 0.1183604523539543 1.816167414188385 0.1714000999927521 0 0 0.6148196086287498 1.317381098866463 0.3148579597473145 13.4034993276 185.0738037526608 2.317835107445717 16.52344994992018 107.2373454421759 56.99401197582483 3.050481840968132 418.7777191922069 1.106394790112972 0.299896813929081 0.913856528699398 1.441590584814548 0.1202694550156593 24.3596018999815 22.23970407992601 6.315964296460152 0 68.97354596853256 119.1861064061522 167.5577702447772 166.7536356896162 427.0500060096383 1168.869161084294 1241.472814396024 406.4829019680619 2056.213162235916 2.751305148005486 0 0.7447631135582924 0.4221013560891151 1.702854476869106 0 0.0776413157582283 0 0.1217388957738876 0 0.7781413272023201 0.3066901862621307 0.09817128628492355 22.54191289842129 0.9971505999565125 0 0.3416159898042679 5.664791494607925 0 0.2032466977834702 0 0 0.1260243058204651 0.5752069056034088 0.4294510632753372 0.1690236628055573 0 0 0.1420968621969223 2.005631774663925 4.277589201927185 5.178422644734383 3.588595688343048 1.27471911162138 1.247039243578911 0 0.5377124696969986 0.09966333210468292 0 0 0 0 0 0 0 0 0 0.1703415066003799 0.1224049478769302 0.3413896262645721 0 0 0.6593146696686745 0.5154800564050674 0 0.1087003871798515 0 2.211096048355103 0 4.928926795721054 3.241136610507965 1.432996310293674 0 0 0 0.3856906592845917 1.364737577736378 1.348971955478191 0 0.5112252235412598 1.382274746894836 0 0 0 0.1235727816820145 0.2698291093111038 0 0 0 0 0 0 0.7427344545722008 0 3.582465536892414 0.8627171814441681 0.2615148723125458 0 0 0 0 0 0 0 5.719347037374973 2.274531632661819 0 0 0 0.5851757377386093 1.004150912165642 0.7505823522806168 0.6821567192673683 0.8864518329501152 1.134378746151924 0.224475771188736 1.205536678433418 0.08212548494338989 0 0 0 0 0 0 0 1.801766440272331 3.73949184268713 5.438941732048988 122.3685217648745 6.750255763530731 122.7098291814327 13.78157399594784 27.42381829768419 21.36318559199572 0.7321715727448463 44.00461262464523 5.797122329473495 0.1209696307778358 2.935956455767155 0.1091980189085007 1.262745559215546 0.6842171847820282 0.1323294043540955 0.8388892784714699 0.8716093972325325 0
85.46249620616436 2089.614961467683 1738.745353274047 224.9803270027041 5979.43706984818 39.96702532470226 1521.759091079235 484.6360093578696 0 428.9483023807406 1088.899128608406 151.4283638969064 302.1115869954228 1444.012151941657 92.09921193122864 8.777789257466793 4.408285155892372 1.014304310083389 0.8697588741779327 0.9300421848893166 0.2859488055109978 0 1.710021682083607 0.3684478402137756 0.3231610581278801 0.7267988994717598 0.3624730408191681 0.7234786078333855 1.022669591009617 0.7619574964046478 146.4783720001578 48.95035018026829 57.2437564060092 0.1768763363361359 0.8769481480121613 1.445464462041855 1.990338485687971 0.3693889304995537 0.7432023584842682 0 0.407384879887104 0.4307597726583481 0.6302878260612488 0.8384130001068115 0.5073916837573051 1.087829798460007 124.4152196347713 4.286797724664211 0.9174151867628098 0.4689701199531555 0.2609323859214783 0.1508456021547318 0 0.3795109614729881 3.728668108582497 2.038103394210339 10.08705920726061 86.15501792728901 7.556629553437233 41.24370881170034 4.604083992540836 2.785729244351387 0.3409561961889267 93.91425064951181 2.168424777686596 1.250173360109329 2.662998586893082 1.864976845681667 0.884073980152607 3.532345496118069 14.48971623182297 2.261586152017117 0 82.5957743152976 62.30175042897463 268.5280562788248 98.94380654394627 12.82233086228371 16.36215643584728 239.8519762307405 3.863207876682281 62.97742184251547 10.59125323593616 0.1069761663675308 2.758045345544815 2.08575489372015 1.185054376721382 0.1305733323097229 0.7457989603281021 0 0.2037617862224579 0.2609917894005775 0.9238280802965164 0 0.3347794935107231 360.0433286875486 1.068757712841034 0 0.2633315175771713 22.5960409194231 2.603896953165531 1.136199936270714 1.046124815940857 1.267449632287025 4.990540094673634 4.917006880044937 4.282554939389229 0.1379462778568268 14.91364128142595 17.22564490139484 3.82161982357502 27.61186274886131 45.99295370280743 50.39072553068399 34.9463437795639 1.532079488039017 2.219682358205318 0.2665722966194153 0.6844552978873253 0 0 0.2293576896190643 0 0 0 0.1932637691497803 0 0.100053034722805 0 0.2870959341526031 0 0.2594698667526245 0 0 10.54543773084879 2.805195704102516 0 0.421596497297287 0 5.349617041647434 0 8.225719682872295 1.793375626206398 0.4822426289319992 0 0 0.2148425430059433 0.6486192047595978 2.852983921766281 0.09881697595119476 0 0.1844316869974136 3.792399913072586 0.2409182339906693 1.212368883192539 0 0 0 0 0 0.1027857586741447 0.2468341588973999 1.987559862434864 0 0.8721219599246979 0.364214226603508 22.21094040572643 3.996435917913914 0 0 0 0 0.1821812689304352 0 0 0 40.15258864313364 0 0 0 0 5.067064002156258 2.117296576499939 1.264115944504738 0.5306833609938622 6.478866681456566 4.760241940617561 3.243442215025425 7.461887925863266 0 0 0 0 0 0 0 0 21.07234402000904 14.11553946882486 19.57883611321449 239.8653553798795 16.21810395270586 227.4599108695984 34.05316659063101 108.1041594073176 59.29206378012896 4.983250990509987 86.97355072945356 15.52026054263115 0.8058454766869545 10.68133559823036 0.9607772305607796 11.44630524516106 1.618653401732445 1.124415516853333 2.220680728554726 5.597192011773586 0
723.9009736403823 766.1103769317269 28.34946162253618 2249.871824376285 442.6275788471103 648.1024012863636 2524.730145454407 2.88871867954731 428.9483023807406 0 17.09461828321218 1845.172744497657 2614.623525008559 4161.267839454114 35.02230423688889 3.497873723506927 0.08600945025682449 0.3033476620912552 0.3012918010354042 0.1131529062986374 0.6326534673571587 0 0 0 0 0.2790723145008087 0 0.3221165239810944 0 0.08295390754938126 19.18513333052397 7.226422816514969 28.70858616381884 0 0 0.2790374904870987 1.72434264421463 0 0 0 0.1575392037630081 0.1321212947368622 0 0.2127749770879745 0 0.1064603328704834 51.72178526967764 1.421608030796051 0.1503560990095139 0.1038099154829979 0.4774108231067657 0 0 0.07272195816040039 1.360448889434338 1.325046330690384 19.74578986316919 49.07613765448332 6.726422689855099 19.95717944949865 1.197862446308136 1.757546290755272 0 18.91112025827169 0.7775760442018509 0.9622713103890419 0.6013590171933174 0.8029641136527061 0.1324909627437592 0.7074733376502991 49.99893491715193 7.813830204308033 0 87.09654074907303 23.13772690296173 136.0673005580902 22.18428858369589 1.723201632499695 0.8561826050281525 578.1864538863301 0.6187318488955498 14.0113048478961 8.53450720012188 0 2.707056999206543 1.105560183525085 0.5426860302686691 0 0.2966489046812057 0.1646231710910797 0 0.37527135014534 0.2340328171849251 0.2035281285643578 0.2889151275157928 958.7245425730944 4.773717358708382 0.1182292699813843 0 287.4336468949914 4.461610361933708 7.09167106449604 23.63366243243217 17.22169043123722 9.231268614530563 11.16564429551363 7.61162856221199 2.381195411086082 32.54393589496613 25.94192536175251 5.995303571224213 54.51623102277517 66.62708610296249 78.66625797748566 35.99241818487644 0.3117243051528931 1.177227504551411 0 0.6895171999931335 0 0 0.2129762321710587 0 0.1192187890410423 0 0 0 0.1736127734184265 0 0 0 0.1278840601444244 0.2201333492994308 0 11.83441007882357 2.91143324971199 0 0 0 2.390389040112495 0 5.657952055335045 1.56232875585556 0.3888744711875916 0.7582762241363525 0 0.1263206303119659 0.2601373419165611 1.91634176671505 0.1577716171741486 0 0.277667373418808 2.746578805148602 0 0.6424063220620155 0 0 0.123966783285141 0 0 0.1583636403083801 0.2355289310216904 3.265303716063499 0 0.649357832968235 0.2358206585049629 15.47436226159334 3.681462503969669 0.3254487067461014 0 0 0 0.1226946488022804 0 0 0 45.03104420006275 0 0 0 0 8.123535849153996 2.449839934706688 3.590721786022186 2.427837498486042 6.403821729123592 4.492710150778294 2.595072373747826 5.679659612476826 0.3268341049551964 0 0 0 0 0 0 0 26.85669435560703 11.60117630660534 11.49018393456936 466.770733512938 9.914106301963329 176.7379591092467 21.18279521167278 911.4363445788622 38.78349959105253 4.646236278116703 98.1188298240304 24.95994553714991 0.2311107069253922 10.57347327470779 0.3329870253801346 28.32131671905518 0.9347565323114395 0.7931843400001526 4.294230774044991 2.360698536038399 0.2087037563323975
180.0726114138961 512.2834684699774 2622.859207749367 15.86387449502945 532.8991204276681 2.517573192715645 12.85858105123043 3103.769512496889 1088.899128608406 17.09461828321218 0 19.76549694687128 51.14497477561235 1150.267986759543 18.48401585966349 3.24715531617403 0.2337577342987061 0 0.07811857759952545 0.6698688641190529 0.5234907120466232 0 0.5643007457256317 0.118822269141674 1.224844999611378 0.281985878944397 0.8592097759246826 0.2961486354470253 0.1859580352902412 0.3786226809024811 229.6835839524865 47.7349241450429 1062.230720944703 0.4983315616846085 1.045777581632137 2.260696247220039 18.33671902120113 0.2744049057364464 1.083755940198898 0.420917309820652 0.5672606229782104 0 0.132619708776474 1.056243471801281 0 0.422139897942543 19.52189122140408 1.221994340419769 0.1267271339893341 0 0.2682413756847382 0 0 0 0.8128066137433052 0.8678155466914177 6.221545234322548 127.8972995057702 0.8568112030625343 6.687980815768242 3.72321642190218 27.85698430985212 0.3008323311805725 62.34243812412024 0.1845155283808708 0.7287929877638817 1.104513309895992 0.3903233855962753 0.1529651135206223 4.359871059656143 28.29965680092573 2.58009247481823 0 33.48487708717585 32.58117884397507 51.42144165188074 22.51555941998959 11.19306071847677 32.66797667741776 1028.520273081958 5.48634747415781 162.7764027491212 2.366321802139282 0.08216115087270737 0.7119665220379829 0.7599439918994904 0.1423883438110352 0 0.08692920207977295 0 0 0.08116652071475983 1.00722398608923 0 0.0893625020980835 42.33314356207848 0.5904192253947258 0 1.070096731185913 22.7796243801713 0.2206470221281052 0.2695706784725189 0 0 0.7645235359668732 0.1230452805757523 0.7069897651672363 0.9828889667987823 0.5637422800064087 2.178124621510506 1.885246023535728 4.385995104908943 6.134319134056568 8.907710038125515 6.296257294714451 0.1254596263170242 0.7230391129851341 0.134030669927597 0.2204997465014458 0 0 0 0 0 0 0 0 0 0 0 0.109734982252121 0.1924430578947067 0.381197452545166 0 1.982015676796436 0.7288060635328293 0 0.174356147646904 0 0.759914442896843 0 4.225709445774555 0.2958270758390427 0.3011143654584885 0 0 0 0.1466933190822601 0.764908492565155 0.6331485509872437 0 0.2323753833770752 1.628350213170052 0 0.3631578683853149 0.1188986897468567 0 0 0 0 0 0 1.262055963277817 0 1.22312942892313 0.2667841166257858 5.414054676890373 0.8812822997570038 0 0 0 0 0 0.1093883886933327 0 0 8.864594832062721 0.6508363261818886 0 0 0 0.9231759011745453 0.6058701798319817 2.401467882096767 0.08435900509357452 0.4533964917063713 0.6775091513991356 0.1139073446393013 1.00153486430645 0 0 0 0 0 0 0 0 2.10933718085289 2.90549111366272 4.725017406046391 47.98991341888905 3.082692511379719 49.97653231024742 4.510599575936794 25.01524918526411 8.988434106111526 0.7424093633890152 15.05597899854183 2.415919072926044 0.4786139279603958 2.371070757508278 0.4338802397251129 1.321555972099304 0.3502302020788193 0 1.002122417092323 1.887432225048542 0
26.58284627646208 53.24910721182823 26.42392008006573 586.5851354151964 41.57740740478039 213.9435511603951 327.6669724136591 7.752383656799793 151.4283638969064 1845.172744497657 19.76549694687128 0 1455.768767639995 2080.668712832034 24.45544835180044 8.060371711850166 1.079055562615395 0.2296207770705223 0.2114752903580666 0.2306967452168465 0 0 0 0 0.2058138474822044 0.2462039217352867 0.440589003264904 0 0 0 11.41707619279623 9.774193674325943 98.47406266629696 0.08652912080287933 0 0.2439835444092751 13.7740041911602 0.4254969581961632 1.087775677442551 0 0.1105333417654037 0 0 2.067324228584766 0.2633301839232445 1.015053272247314 23.93564534187317 0.2992043197154999 0 0.2206078767776489 0 0 0.7254312634468079 0 0.2803966253995895 0.09845272451639175 2.418374449014664 7.851774118840694 1.719782128930092 5.44199426472187 1.251839764416218 11.84778259694576 0.2951750606298447 11.30984245985746 0.08024996519088745 0.07266546785831451 0.1654447093605995 0.272463470697403 0.08872797340154648 0.5821234285831451 31.57888857275248 10.18631809949875 0 16.31269532442093 7.62654872238636 41.7654252871871 18.63733880221844 5.383943885564804 1.891769520938396 1087.415748633444 1.698838196694851 53.74779015034437 1.255394995212555 0 0.2335981652140617 0.1035804525017738 0.4429686963558197 0 0 0 0 0 0.1601409912109375 0 0.4791643470525742 1528.205799333751 49.24347800016403 0.3501174300909042 6.025236919522285 32.54853686690331 3.645886071026325 2.954937845468521 2.313936486840248 0.4036789536476135 4.713599033653736 6.440306812524796 3.097738116979599 3.111571535468102 12.99086932092905 20.48299327492714 7.108101695775986 42.25235007703304 76.17075998336077 76.50892331451178 46.85774634033442 1.69610770046711 3.713596500456333 0 0.6736270934343338 0 0 0.1436068415641785 0 0 0 0 0 0.2697192132472992 0 0.1726131588220596 0 0 0 0 13.39047963917255 3.524535059928894 0.1107682734727859 0 0 6.804538071155548 0 14.50322169065475 1.617582954466343 0.3539098650217056 0 0 0.118307538330555 1.772462576627731 3.993037529289722 1.278029419481754 0 0.8357118219137192 5.468305945396423 0.4776679649949074 0.7221404239535332 0 0.1394837200641632 0 0.1010720506310463 0 0 0.1017787456512451 2.91499400138855 0 2.151136554777622 0 27.10087924450636 6.919412821531296 0.1050626784563065 0 0.07048332691192627 0 0 0 0 0.1230627447366714 64.91187078505754 1.539918303489685 0 0 0 11.75739952176809 5.682167991995811 5.76889880746603 1.715525336563587 6.552833519876003 8.071427546441555 3.918182544410229 12.1973757520318 0.1003604531288147 0 0 0 0 0 0.0989912822842598 0 23.94562960416079 23.79600736498833 33.02930627018213 94.75403240323067 1.859324738383293 56.69672883301973 6.796167112886906 128.3590991273522 15.39107684791088 0.4249400198459625 19.78461081534624 15.13314945995808 0.9419759809970856 18.08079675585032 2.345516189932823 24.04240552335978 2.668914951384068 1.364837050437927 6.888337105512619 1.842602163553238 0.1795843690633774
44.72651463001966 153.7961672842503 124.2114422544837 443.0236443430185 509.8065146133304 119.652453944087 1364.147372171283 30.40214552730322 302.1115869954228 2614.623525008559 51.14497477561235 1455.768767639995 0 1150.491475433111 148.3247229680419 50.48527131974697 7.061361394822598 2.195658221840858 2.136041864752769 1.70704298466444 1.35258013010025 0.5701957046985626 0.8389883786439896 0.1230156719684601 3.997087247669697 1.966229632496834 2.283032312989235 1.345842853188515 0.2488446682691574 0.3078996688127518 50.38986752182245 38.48853003978729 856.1588593646884 0.6758489385247231 0.6938550025224686 5.534970000386238 501.2411941438913 8.117530919611454 38.33329773694277 14.05609408020973 1.922885492444038 0.1825073286890984 0.8929188475012779 20.13853543251753 2.889180853962898 7.590883955359459 133.0707878768444 3.613973833620548 0.3039563894271851 1.470844373106956 0.684213325381279 1.598687633872032 14.80685696005821 0.4801527261734009 2.924158059060574 2.225408397614956 8.35076692700386 41.53304214775562 7.685582853853703 36.19304674863815 12.63539499044418 113.6898960843682 1.712102398276329 71.04065635055304 1.343390762805939 0.9046599864959717 2.857697069644928 1.783092796802521 1.13780215382576 4.382461979985237 353.5056920573115 122.5285659581423 0.6486559063196182 73.8190141171217 42.26974702626467 246.4908536970615 109.4723178967834 34.20541793853045 13.89297607541084 534.6054162085056 8.816080249845982 380.951570905745 8.027004182338715 0 3.082811951637268 1.297247961163521 0.7355722412467003 0 0.1003314927220345 0.5667211711406708 0.3221072927117348 0 0.5230434462428093 0.0919344574213028 0.1104166209697723 1920.151428960264 179.2921049967408 6.094316989183426 222.3963978737593 38.00034264475107 4.700281828641891 0.8882376849651337 2.171460881829262 4.657568566501141 7.47735308110714 7.296451695263386 4.366766318678856 5.636426538228989 18.20688286423683 41.6527880653739 6.964532658457756 57.81542529165745 82.12687882035971 102.174657702446 77.78062234818935 6.282883368432522 14.23573734611273 0.5808186531066895 4.708987131714821 0 0.09022747725248337 0.5591258555650711 0 0.4181657880544662 0 0 0 0.6422571390867233 0 0.4119606465101242 0 0.8949440717697144 0 0.1184130162000656 14.08175650238991 5.257988907396793 0.3438675552606583 0.1828553974628448 0.2785095572471619 23.71441885083914 0 39.83856346458197 10.84872836619616 3.763240166008472 0.1577160656452179 0 0 4.533454470336437 13.70342887938023 3.977743811905384 0 2.23738955706358 14.9850585013628 0.5378174558281898 0.9859674349427223 0 1.245124399662018 0 0 0 0.2362507209181786 0.3692601472139359 4.007480032742023 0 7.152058757841587 1.686724156141281 75.62639802694321 8.248226664960384 0.4017748311161995 0.3196214064955711 0.1063277274370193 0.3115954920649529 0.4277103990316391 0.09146099537611008 0 0.3357091546058655 100.1052690669894 9.323014043271542 0.1028092205524445 0 0.2223144173622131 18.63734230399132 12.32006301730871 10.73121955990791 4.270842291414738 12.94981353729963 16.43865755945444 9.085160985589027 24.8038821592927 0.8404607027769089 0 0 0 0.2129826545715332 0 0.1706368178129196 0 35.84296092391014 50.71756851673126 91.10888992249966 303.2185131236911 19.88892158865929 266.6091216728091 47.11579882353544 182.0503392219543 61.38688329607248 2.652147576212883 120.6097594201565 28.87531658262014 3.020360074937344 28.6685052588582 3.352796077728271 21.28903705626726 6.864338174462318 0.1251677572727203 10.4878473430872 8.300460532307625 1.266820654273033
