0 6012.002446867526 1561.444740585983 1171.220087617636 1502.703607909381 134.0029251128435 380.9414613395929 1179.060156770051 426.7384101450443 1401.033065333962 1309.802902340889 223.8610705956817 956.0015602186322 607.0777382031083 1.745584823191166 1.753574706614017 0.5269453078508377 0 0 0.4509046971797943 4.971305176615715 0.8769323080778122 0.2879308313131332 0 0.1264943778514862 0.8011928573250771 0 0 0 0 169.5187100619078 4.725790455937386 4.953009694814682 0.2849802672863007 0.1996736526489258 0.243914470076561 4.68810461461544 0.8806726336479187 0.8185457736253738 0 1.976406760513783 0.1356552392244339 0 0.3366357833147049 0.1527162790298462 0 10.67851858586073 1.979722887277603 0.4278554245829582 0.4855795428156853 2.539829596877098 0.9467616379261017 0 0 2.690086536109447 4.650957845151424 295.4266442358494 1959.540379106998 18.68460068106651 7.169333137571812 0.8518949076533318 2.413793362677097 0.2141163498163223 19.47273853421211 3.987686097621918 1.695044085383415 1.179777666926384 2.11743450909853 4.102633282542229 4.761684499680996 3.610180169343948 40.1151337325573 0.3896975740790367 288.5536611825228 144.6727471202612 34.82900502532721 18.90193993598223 1.763579539954662 2.212618507444859 101.2395353764296 0 4.470905773341656 15.29205682128668 0.8570590168237686 2.867545649409294 4.391501285135746 1.97870772331953 2.136191591620445 1.234594501554966 1.168776676058769 0.2391499504446983 0.4900335669517517 9.612030625343323 2.268390670418739 0.6825738102197647 107.3630495965481 16.54663848876953 9.418375045061111 0.479453980922699 1526.623321518302 0 0 0.4136132150888443 0 0 0 0.2950006723403931 0 11.3067484498024 1.933604001998901 0.5466508269309998 0.7742205709218979 3.41979293525219 2.992887064814568 0 0 0 0 0.3393653333187103 0 0 0 0 0 0.1746983528137207 0 0 0.3429109156131744 0 0 0 0 0 0 0 0 0 0 0 0.6867184787988663 0 0 0.1833188384771347 0 0 0.1341710090637207 0 0 0 0 0 0 0 0 0 0 0.1592094749212265 0.1180883273482323 0 0 0 0 0 0 0 0 0.2861965000629425 0 0 0 0 0 0 0 0 0 1.085420355200768 0 0 0 0.08614742755889893 0 0 0 0 0 0 0 0 0 0 0 0 0 0 0 0 1.568977609276772 0.6898796558380127 0 40.25598333775997 10.98112092912197 138.3716041594744 11.90948660671711 1425.069315284491 55.73052672296762 3.602815315127373 12.9895843192935 0.4145515561103821 0 0.467967264354229 0 0.2178627699613571 0.5872377753257751 0 0 0.450035497546196 0
6012.002446867526 0 1164.578062281013 2993.003447316587 3548.256196908653 189.3818838000298 838.9834755137563 758.4195496961474 3915.15979424119 2041.805692352355 1548.55016579479 77.59466046094894 967.7850424125791 1776.910914845765 9.219343245029449 2.829943791031837 1.145977556705475 0.3290051370859146 0.3479698598384857 0.6925971060991287 3.81149872392416 0 0 0.1717862188816071 0.1208589226007462 1.278658904135227 0.2861123383045197 0.744310274720192 0.2351951897144318 0 1003.15128659457 13.98004534840584 3.165204659104347 0.2288032025098801 0.1249270364642143 0.6904436647891998 3.42336667329073 0.9181488677859306 0.2619685903191566 0.1050944626331329 1.321547195315361 0 0.1496209353208542 0.4574241936206818 0.4895992577075958 0 79.03588774055243 13.82612411677837 0.9166611954569817 0.9082955494523048 5.805395990610123 0.3173135221004486 0 0.176318883895874 15.33009225875139 17.76929344981909 79.7287499755621 1382.013401120901 51.57426276803017 52.35750571638346 0.8557712286710739 2.123103566467762 0.4723189473152161 119.3696071580052 18.39164106547832 10.86501456052065 9.101888924837112 4.837261810898781 6.117712430655956 6.260329760611057 1.35698938369751 0.1203173771500587 0 613.2714047580957 448.6507394164801 233.3788860887289 97.89912509173155 5.642784006893635 4.288088344037533 87.55180502682924 0.8927768915891647 6.314273856580257 71.1912335306406 0.09115494042634964 15.58415327221155 25.14671085774899 9.1786899715662 0 6.521896988153458 0.3015410900115967 2.428802356123924 0.9804088994860649 7.374345973134041 0.7612759694457054 0.3576803430914879 20.34141837060452 0 0 0 670.8672658279538 0 0.9740694761276245 1.05835734307766 0 1.033455371856689 1.705312371253967 1.861976325511932 2.386757761240005 9.352403283119202 6.776575818657875 1.419275343418121 4.414209797978401 10.03160977363586 9.681437313556671 3.535196766257286 0 0.146781712770462 0 0 0 0 0 0 0 0 0 0 0 0 0 0 0 0.1481330543756485 0 0.2972120046615601 0.3438532948493958 0 0 0 3.358951047062874 0 2.901598259806633 2.136162623763084 0 0 0 0 0.1640629470348358 0 0.4419212639331818 0 0.5462749153375626 1.870586782693863 0 0 0.1344167292118073 0 0 0 0.2058009207248688 0.3855721652507782 0.1431569159030914 0 0 0 0 1.089834690093994 0 0.4227334558963776 0 0.1576566994190216 0 0.1557558923959732 0 0 0 6.457361102104187 0 0 0 0.1287864446640015 0.3212278187274933 0 0.446953684091568 0.5173194408416748 0 0.769543930888176 0.4820878207683563 1.294928342103958 0.5133867710828781 0 0 0 0.2329599633812904 0.3804236352443695 0 0 5.098291754722595 0 1.656695365905762 570.8052075579762 70.6267429292202 1094.696497991681 96.34121847897768 1752.517138503492 268.4948282688856 17.96342355757952 177.4488848075271 6.160509720444679 0.5389799773693085 1.733223423361778 0.4507463723421097 3.063219577074051 0 0.1465482711791992 1.419089287519455 2.194351762533188 0
1561.444740585983 1164.578062281013 0 35.11250621825457 839.3983609378338 92.08800953626633 98.76837555319071 5717.772886119783 1119.612191259861 174.9354152083397 3995.068899638951 38.09429605305195 97.24333506822586 796.0690089836717 15.18316439539194 20.0641605257988 7.400604695081711 3.977634601294994 0.6364160776138306 21.08115028589964 100.2842151299119 0 4.404647842049599 2.506114065647125 4.053905144333839 20.69682574272156 1.176731683313847 0.5162578448653221 0.6970907002687454 0 2783.138330042362 1120.275888055563 39.31516981124878 5.109680533409119 5.436500735580921 15.83520068228245 8.655516564846039 8.921806663274765 2.941494576632977 0.3546702712774277 46.01098255068064 4.111237160861492 3.296906851232052 3.30601841211319 6.400862783193588 2.030603416264057 40.09319564700127 4.448891490697861 1.997740432620049 9.123602628707886 39.10338664799929 1.82852528244257 0 0.3851267099380493 3.563333064317703 5.501058839261532 22.82707798480988 1025.003336548805 10.77452402561903 17.48496659100056 48.85296982526779 60.52372521162033 8.887075990438461 596.36943205446 4.159414179623127 3.4618069678545 4.65844864398241 11.51314876228571 111.0891297087073 163.5879518911242 1.059822611510754 0 0.2042896300554276 178.3692685216665 308.9913962632418 72.99049320816994 72.81864779442549 29.51316096633673 215.2006138786674 1243.649947591126 46.49173922091722 371.0085941627622 18.56051620095968 0.3624996021389961 4.581592693924904 6.15140812844038 23.16285632550716 0 2.281872466206551 0 2.293930694460869 2.282378330826759 204.0664424598217 20.84091526269913 7.44294910877943 13.35231050103903 0 0 0 702.9958493113518 0.2239781320095062 0 0 0 0.2525500953197479 0.3386640250682831 0 0.9812235236167908 0.2498562783002853 3.968377739191055 0 1.92941977083683 2.970467552542686 5.420315787196159 0.5785627365112305 0 0 0 1.020354837179184 0 0 0 0.1226327642798424 0 0.6954234838485718 0.7986476793885231 0 0.1047078296542168 0.2161895334720612 0 0.2604499608278275 0.2501813098788261 0.7041363120079041 0.09329471737146378 0.8026496171951294 0.1335021257400513 0 0 0.1267601251602173 2.067523412406445 0 0.3795339465141296 0.3199319988489151 0.1030910834670067 0.387014776468277 0.7382416129112244 0.2329767942428589 0.6162331104278564 0 0.6970210820436478 0 0.7614722847938538 0.3887112140655518 0 0.1643938720226288 0.6617409735918045 0.1792573481798172 2.828281387686729 0 0 0 0 0.529910996556282 0 0 0 0.9598918855190277 0 0.3694212734699249 0 0 0.1012327745556831 0 0.182776004076004 0 2.413679108023643 4.530571058392525 0 0 0.1330424547195435 1.853453196585178 0 0 0 0 0 0 0 0 0.5959220826625824 0 0 0 0 0 0 0.5419561937451363 3.090299189090729 1.652597308158875 0.4759924337267876 151.8791429325938 28.33102210611105 300.4411744251847 28.396364107728 375.1156802326441 55.18619450926781 4.312702096998692 45.09640719741583 3.484771840274334 0.5219264030456543 2.493014261126518 0.1074039563536644 1.7696493268013 0.9853790998458862 0.1493014097213745 0.3840787410736084 1.119698233902454 0
1171.220087617636 2993.003447316587 35.11250621825457 0 328.5390685498714 139.812852665782 1477.696277484298 4.087814018130302 178.7499868944287 2257.898666739464 20.2964131757617 885.6054390966892 7767.567221172154 302.9137159511447 1.306394413113594 0.2749498784542084 0 0 0 0 0 0 0 0 0 0.11543208360672 0 0 0 0 14.22127513587475 1.331867098808289 0.3207558020949364 0 0 0 0.5779698416590691 0 0 0 0.1053419038653374 0 0 0 0.1797963380813599 0 8.331520535051823 1.951479144394398 0.1582669019699097 0.1728679984807968 0.7331445589661598 0 0 0.1217771023511887 2.633335411548615 3.249229528009892 12.76889447122812 187.2721879333258 6.547081843018532 7.89960078895092 0 0 0 8.130405724048615 3.686901912093163 1.040089413523674 0.7277340069413185 0.5252058580517769 0.492937795817852 0.1399180889129639 0 0 0 70.86124615371227 47.87405951321125 28.87822531908751 13.50872565805912 0 0.1794296652078629 3.215154856443405 0 0.2470078393816948 8.666220232844353 0.6526934206485748 2.348718494176865 3.371258243918419 1.365907475352287 0 0.7074669823050499 0 0.1264937222003937 0 0.09643992036581039 0 0 29.34177322685719 0 0 0 163.2284365296364 0 0.2307403683662415 0 0 0 0.6453472226858139 1.461510360240936 1.079399213194847 3.286211907863617 2.667885974049568 0.3841512203216553 3.927735224366188 5.72843562066555 8.075186803936958 0.4476345479488373 0 0 0 0 0 0 0 0 0 0 0 0 0 0 0 0 0 0 0 0 0 0 0 0 0.9840782135725021 0.650897204875946 0.5285603404045105 1.386745274066925 0 0 0 0 0 0 0 0 0.8918736577033997 0 0 0 0 0 0 0 0 0 0 0 0 0 0 0.8637262582778931 0 0 0 0 0 0 0 0 0.1798346936702728 2.866371728479862 0 0 0 0 0.4549029767513275 0 0 0 0.4929475784301758 0.4443791210651398 0 0 0 0 0 0 0 0 0 0 3.808856934309006 0 0.7246135771274567 72.59285790473223 12.62310653924942 141.8893908262253 13.57735733687878 717.2063031718135 43.19044930487871 2.613776698708534 22.37878257036209 0.9319698512554169 0.1895468831062317 0.3835071921348572 0.1296296566724777 0.9661897420883179 0 0 0.8341295719146729 0.4654573202133179 0.3597210645675659
1502.703607909381 3548.256196908653 839.3983609378338 328.5390685498714 0 60.12016984820366 836.5198034495115 272.679078809917 6180.793756268919 1324.348345771432 1311.149383760989 187.7000838071108 473.6308990269899 882.6807629689574 9.335077688097954 1.979114629328251 0 0 0 0.6113183796405792 0.1948090717196465 0 0 0 0 0.5328156650066376 0.1136889234185219 0.1214769780635834 0.309537947177887 0.3495032414793968 192.5759194195271 5.379946105182171 1.068266160786152 0 0 0 0.4252578169107437 0.2045198306441307 0.4760012254118919 0.3270875513553619 0 0.106211818754673 0.3783443570137024 0.1166094914078712 0 0 58.04887732863426 5.264478594064713 0 0.2555160820484161 2.640619479119778 0.2809414118528366 0 0.2333350777626038 2.404674850404263 7.833602860569954 15.91566088050604 183.1223227828741 15.600555755198 27.28850609064102 0.2551493346691132 0.3621141389012337 0 62.59015243500471 8.625777930021286 4.744717046618462 4.886867955327034 2.362881489098072 0.8403900936245918 0.9690090045332909 0.7066436409950256 0 0 123.8395304307342 129.9229095056653 103.1893712952733 57.13016378134489 0.7469939589500427 0 8.656705304980278 0.6684773936867714 0.7012689933180809 19.21360465884209 0.3535247892141342 5.133965656161308 9.108165673911572 3.741860762238503 0.1624511331319809 2.827866569161415 0.1320146322250366 0.9253893718123436 0.604980394244194 0.3866656869649887 0.5090323984622955 0.352120503783226 48.90562090277672 0 0 0 77.52111123502254 0 1.19445875287056 2.150338754057884 0 1.911166325211525 4.823551699519157 7.835670843720436 4.346234142780304 2.423813626170158 31.41839849948883 0.5901057124137878 21.87195923924446 53.37470003962517 31.70456936210394 7.838279202580452 0.7132515460252762 0.3422886282205582 0 0 0 0 0 0 0 0 0 0 0 0 0 0 0 0 0 1.166102409362793 0.941582202911377 0 0 0.4445068538188934 12.07074955105782 0.8696320354938507 2.668948352336884 3.578291788697243 1.358663529157639 0 0 0 0 0 0 0 1.964759856462479 4.67918473482132 0.2476122230291367 0 0 0.2514872252941132 0 0 0 0 0.7316040843725204 0.868871845304966 0 0.986056923866272 0.2456218153238297 1.946915790438652 0.8346808105707169 0.7641380727291107 0 0 0.2009825706481934 0 0 0 0 31.31008256971836 0 0.1280962228775024 0 0 2.457412093877792 0 0 2.965612724423409 1.114693701267242 2.336169719696045 0.6530380845069885 3.518778026103973 0.2642751261591911 0 0 0 0.1071798875927925 0 0 0.2527638971805573 12.7754619717598 3.889699533581734 4.965780332684517 365.2185228019953 49.29241123795509 443.3796112760901 70.64997310191393 358.9182175844908 123.2040240764618 11.92923751473427 111.8333639129996 10.53272353112698 0.522138774394989 7.279977381229401 1.56835351139307 6.03225277364254 0 0.1456287652254105 3.923659905791283 3.320256218314171 0.1866573840379715
134.0029251128435 189.3818838000298 92.08800953626633 139.812852665782 60.12016984820366 0 89.01042675971985 39.36222150921822 54.36019667983055 1189.945140361786 41.18254211544991 431.0888074636459 402.1169157475233 179.5584613382816 0 0.2293033003807068 0 0 0 0 0 4.552185073494911 0 0 0 0 0 0 0.2235579490661621 0 1.144896417856216 2.044187068939209 23.98284620046616 0 0 0 27.86813333630562 0 6.276709750294685 0 0 0.1633626967668533 0 0 0 0 0.1545961797237396 0 0 0 0.1967991143465042 8.290790662169456 1.058928698301315 2.074327453970909 0 0.5871694684028625 92.06454356014729 43.42583096772432 1.359278187155724 0.1782346069812775 0.195714920759201 0 0 0.3525208681821823 0.2731899172067642 0 0.1075295135378838 0.1226508691906929 0 0 43.73916278779507 440.50318557024 9.4571872651577 4.095803089439869 1.873441450297832 0.5911699831485748 0.1901676803827286 0 0 51.88922019302845 0.349198579788208 3.43090894818306 0.1140673384070396 3.90439560264349 0 2.718220084905624 0 23.99017160385847 12.51290679723024 19.98069652915001 1.189646512269974 6.774377256631851 0.5243867784738541 0.31784687936306 0.6639772653579712 374.5736791044474 134.4624099731445 142.8127405494452 5.243200987577438 511.5317256003618 0 0 0.5152636915445328 0 0 0.302117258310318 0.4426046013832092 0 0 0.6542354673147202 0 0.1663354933261871 0 1.257090717554092 0 0 0 0 2.393422454595566 0 0 0 0 0.2561222016811371 0 0 0 0.3974808305501938 0 0.2394276410341263 0 1.19194820523262 1.389902472496033 0.3737097978591919 0.3456601202487946 0.4663121998310089 0.5389304757118225 0 0 0.9823261052370071 0.1736676394939423 0.1347089409828186 5.348216727375984 1.705071158707142 0 0 0 0 0 5.198851376771927 0 0 0 0 0.1255973279476166 0 1.85797743499279 0.1679053008556366 0 0 0 0 0 0 0.727179154753685 0.5141036808490753 0 0.2536798417568207 0 0 0.2502642869949341 0.1475964337587357 0.1796002686023712 0 0 0 0.6784111559391022 4.254451647400856 0 0 0.139834925532341 0 0 0 0 0 0 0 0.5709493458271027 0 0 0 0 0 0 0 0 1.408389747142792 3.618053272366524 3.665352076292038 3.138991877436638 0.8365302011370659 4.185674741864204 0.4985321015119553 155.720026627183 0.5974327623844147 0 0.495176374912262 1.484818518161774 1.064215391874313 0.5758930593729019 0 0 0 0 0.4731352925300598 0 0
380.9414613395929 838.9834755137563 98.76837555319071 1477.696277484298 836.5198034495115 89.01042675971985 0 8.185603007674217 2948.980077244341 3647.536403633654 92.69032873213291 571.2967175394297 4312.762375369668 939.6517549008131 13.83725858479738 2.06909554451704 0.5129351913928986 0.2516111135482788 0 0 1.047174334526062 0 0 0.3114572763442993 0 0 0.2819285541772842 0.645425871014595 0.3853075206279755 0 53.24094901233912 3.435733020305634 2.800549782812595 0 0 0 3.074005857110023 0 0.5630869790911674 0 0 0.3639497756958008 0 0.6147287636995316 0 0 70.07252215594053 4.839685313403606 0.1388309001922607 0 2.3649797514081 0 0 0 4.208596669137478 9.16971293091774 20.04760915786028 163.3421106189489 15.06489158421755 26.01948989927769 0.117996446788311 0.1333512365818024 0.09535132348537445 55.74186706542969 7.871618218719959 4.083998523652554 4.851162828505039 1.833931989967823 1.002496957778931 0.5545042306184769 4.608489900827408 0.5059530884027481 0 144.3913390114903 131.928528688848 109.6659413054585 65.8504880592227 1.278198152780533 0 3.067102618515491 0 0.7382232919335365 26.6411145851016 0.7758734226226807 5.609400436282158 9.35917891561985 3.777419246733189 0.3899692595005035 4.697546407580376 0 1.953260585665703 0.4846086800098419 0.9438877329230309 0.8204496800899506 1.139951571822166 231.8800651729107 1.172022938728333 0 0 41.08086881786585 1.010439246892929 2.892630413174629 9.898135468363762 2.050452157855034 3.047328650951385 12.29257816076279 22.52368798851967 27.4051408469677 26.85174283385277 79.66456849873066 1.644173830747604 62.29897658526897 122.927816927433 105.46319411695 20.23344567418098 1.023160353302956 0.9988793283700943 0 1.430748224258423 0 0 0 0 0 0 0.1708386689424515 0 0.9327188283205032 0 0 0 0 0 0.2240595817565918 2.568722561001778 1.976591274142265 0.4236690402030945 1.28909820318222 1.303076684474945 25.70154865086079 2.143459632992744 7.235474586486816 7.201038211584091 1.844066917896271 0 0 0 0.1715371310710907 0.2881837487220764 3.218719094991684 0 2.383881404995918 8.837265953421593 1.072484001517296 0 0 0.8592334985733032 0.1467268764972687 0 0 0.2903323471546173 0.8095615357160568 2.38514056801796 0.2155706733465195 0.8250943720340729 0.8952683806419373 6.774093419313431 1.6885986328125 0.5664095431566238 0.2493163049221039 0.5261727273464203 0.6275020465254784 0 0.1506079584360123 0 0.167293980717659 69.31968507170677 1.445326596498489 0 0 0.6570294350385666 4.700648799538612 1.216150641441345 0 1.171526283025742 2.685621082782745 5.815196752548218 3.155845142900944 4.307772479951382 1.644842080771923 0 0 0 0.1503115743398666 0 0 0.1928342431783676 40.9607921987772 7.319339081645012 8.407999917864799 603.6316388845444 52.17203479260206 576.4767424985766 89.41164005547762 638.5186392217875 143.4115943238139 10.56951642036438 181.0462786927819 26.93024070560932 1.503785595297813 16.19015137851238 0.4749619513750076 21.78387235105038 1.522304058074951 0.2100548148155212 3.248144939541817 3.77753846347332 0.3357177674770355
1179.060156770051 758.4195496961474 5717.772886119783 4.087814018130302 272.679078809917 39.36222150921822 8.185603007674217 0 364.0853549838066 9.441367104649544 937.6045986786485 20.17289946973324 156.5877879709005 659.0933416485786 25.60782177001238 10.26381856948137 8.334959037601948 18.47665393352509 1.273547783493996 85.46410210430622 129.2821258753538 0 3.338498175144196 0.2872565984725952 2.733290679752827 14.97230763733387 0.7567892670631409 1.091450475156307 0.2946642935276031 0 1343.323496118188 1417.206829681993 35.36019080877304 11.15586559474468 8.015978418290615 7.571916788816452 25.46524892002344 3.587659798562527 6.03721471875906 0.2137633860111237 22.47334633022547 8.677219301462173 24.73617675900459 12.39511279016733 5.943527147173882 18.22653029859066 106.7387050688267 12.13730365782976 7.551127038896084 60.48419485986233 60.05943316966295 2.9746168628335 0 1.45473163574934 4.861446231603622 6.196844860911369 16.76295670121908 437.6512064263225 10.81089197099209 26.66312424093485 194.9520687758923 25.23590590804815 8.674532257020473 511.7803218215704 7.041001029312611 6.70713559538126 10.16154322773218 27.67913077026606 251.9562453255057 221.1466448605061 28.21162188798189 0.3271912932395935 0.6401719748973846 153.6987592354417 287.8824356198311 139.0886922478676 194.8910498321056 40.95693171024323 150.1771337091923 628.6752364709973 251.8268631994724 531.1647789627314 26.08855930715799 0.5925156399607658 6.127366133034229 11.31203816831112 112.9669864624739 0 3.915719754993916 0.2408835887908936 3.109634727239609 1.46378156542778 132.6116040125489 7.787729285657406 16.67444441467524 180.8982876837254 0 0 0 272.1165918409824 0.8768743276596069 0 4.483193755149841 1.332166641950607 0.9753694236278534 2.391948997974396 6.033582255244255 4.611057281494141 2.829391211271286 19.73139372467995 0.382741391658783 14.67772337794304 27.78345394134521 33.04490455985069 9.257171347737312 0.3512558937072754 0 0 0.5680873990058899 0 0 0 0 0 0.1783122569322586 0.1745672821998596 0 1.455331355333328 0 0.1167949736118317 0 0.7526559829711914 1.389177918434143 0 0.2944746464490891 0.2133585810661316 0 0 0 10.52149912714958 0 7.205131277441978 5.617025002837181 1.35617108643055 0.1431607455015182 0.8744102343916893 0.7062092423439026 0.2870300114154816 0 0.8912049680948257 0 1.525219559669495 1.921491742134094 0 0 1.764920756220818 0.432178869843483 3.324719749391079 0 0 0 0 1.66155931353569 0 0.7250882387161255 0 2.425077259540558 0 1.015815138816833 0.1460335105657578 0.4724881798028946 0.7283285856246948 0 0 0 2.556153252720833 23.96525145322084 0 0 0.203306570649147 1.40366218984127 0.963690310716629 0 0.7800157070159912 0.1260490268468857 0.8518803119659424 1.528439581394196 0 1.834808245301247 0.5756373703479767 0 0 0 1.169826418161392 0.3498329818248749 0.3602004647254944 1.263243846595287 11.47972942888737 1.679057747125626 9.108988329768181 392.1620891913772 48.37148838490248 529.0624699443579 74.99053856730461 193.5312835648656 87.63989201188087 8.70091500133276 125.443692676723 23.89279951155186 0.3656845092773438 8.371332533657551 0.3710269033908844 7.43158683180809 1.198247238993645 0 5.684976786375046 2.709037527441978 0.3210436403751373
426.7384101450443 3915.15979424119 1119.612191259861 178.7499868944287 6180.793756268919 54.36019667983055 2948.980077244341 364.0853549838066 0 959.1163182407618 1842.500191092491 399.5284694433212 790.6827510669827 783.949922464788 33.96721234172583 9.497449524700642 0.8819343149662018 0.3076100647449493 0 0.1199197247624397 0.9427966773509979 0 0 0.1093155592679977 0.3631269857287407 0.6273581609129906 0.5724657401442528 0.4983177185058594 0.1586757451295853 0 73.89254101365805 5.001776739954948 6.957759872078896 0.1666968911886215 0 0 10.57150983065367 1.016516968607903 2.397003069519997 0 0.5231871753931046 0.6453023552894592 0 0.1924765259027481 0 0.1247012689709663 120.1250439286232 7.214966587722301 0.2108838558197021 0.1242724284529686 5.031721621751785 0.1316428631544113 0.2249723225831985 0.235727570950985 3.160729005932808 8.91489764302969 9.221157103776932 99.61521768569946 10.45063545554876 26.63658650964499 0.5676280111074448 1.058376587927341 0.1155296713113785 65.80705206096172 6.977164089679718 4.441663093864918 5.964344546198845 2.562863498926163 0.8381863981485367 0.3543982431292534 9.194049969315529 0.2906285524368286 0 92.38225995749235 110.3998793363571 125.4072718694806 102.3666125461459 4.937809072434902 0.1426918804645538 84.07140576839447 0 0.8288426399230957 19.02448590099812 0.6421170234680176 4.97676357626915 8.072516046464443 1.937366634607315 0 3.372277654707432 0 2.112028166651726 0.9412567242980003 3.524879597127438 0.8191839531064034 0.8756067380309105 299.210632160306 0.2466468662023544 0 0 36.64323257654905 0.9275060743093491 2.29513643682003 8.964038521051407 6.594168424606323 5.622711062431335 16.42065104842186 26.07342351973057 33.15703992545605 13.24384191632271 120.2995148524642 5.629305154085159 92.78853830695152 187.347723916173 147.035516358912 23.18316847831011 1.387587383389473 0.7662368267774582 0 1.186359390616417 0.5120062828063965 0 0 0 0.4288965165615082 0.1300184279680252 0 0 0.3700194507837296 0 0 0 0.2177092581987381 0 0.2473567426204681 4.450416788458824 1.596839621663094 0 0.4384823739528656 0 32.36296290159225 1.49484983086586 13.81693078577518 12.56295247375965 2.141057640314102 0 0 0 0.6292217373847961 0.6991376876831055 0.6453231126070023 0 7.712455078959465 12.94905201345682 0.9512880742549896 0 0 0.4595310539007187 0.2417228296399117 0 0.4052305519580841 0.385982908308506 0.662972703576088 0.9772210568189621 0.7302211225032806 1.530530214309692 1.029660552740097 12.73073270916939 0.9960687309503555 1.048386804759502 0.6342850774526596 0 0.1355295777320862 0 0 0 0 93.39037638157606 0.4916622191667557 0 0 0.2188966497778893 4.393991202116013 0.323904275894165 0.3817722201347351 4.831391975283623 1.531045705080032 6.464206323027611 4.430942460894585 7.043709203600883 1.076258182525635 0 0 0 0.2794925421476364 0.2778792381286621 0 0 54.69982901960611 6.786353021860123 11.10248588770628 790.5255856662989 65.46984715759754 611.550850532949 125.1238674968481 341.5288143083453 144.0590567663312 11.15849953889847 230.1951365247369 36.31628987938166 1.127316802740097 20.01922588795424 1.992178082466125 24.41252325475216 5.609346717596054 0.307805173099041 8.016231387853622 6.236763492226601 1.095968343317509
1401.033065333962 2041.805692352355 174.9354152083397 2257.898666739464 1324.348345771432 1189.945140361786 3647.536403633654 9.441367104649544 959.1163182407618 0 168.7569039016962 1902.800765797496 6593.059083089232 962.8170538544655 2.211611859500408 0.1445843875408173 0 0.3333090245723724 0 0 0 0 0.5845283269882202 0 0 0.472421407699585 0.1656572222709656 0 0 0 7.523434281349182 0 41.74264441430569 0 0 0 98.47209730744362 0 0.8099404126405716 0 0.1124632656574249 0 0 0 0 0 13.37143227458 1.910053700208664 0 0.8872033059597015 0.8885097429156303 0 0 0 2.769803740084171 3.410528093576431 37.90612508356571 256.3759709745646 8.973456725478172 8.405308023095131 0 0.2524781227111816 0 5.714819043874741 2.380440980195999 1.11288757622242 1.291683807969093 0.5245922654867172 0.4054967388510704 0.2732659131288528 26.30274169147015 0.7338963449001312 0 99.28280816972256 49.47883459180593 25.1385043412447 10.29578851163387 0.2061251103878021 0.3160721212625504 294.6636185795069 0 0.2396007403731346 8.421186476945877 0.4738510251045227 1.499702900648117 2.851338118314743 2.21907427161932 0 1.177095957100391 0.1360826641321182 0.4869694411754608 0.2722977846860886 0.09513238072395325 0 0.1711536198854446 413.5216929912567 2.840746283531189 3.749829828739166 0.6491810977458954 916.8570047020912 0 4.761692687869072 6.092572420835495 2.182603657245636 2.532367266714573 7.835898533463478 12.57112747430801 20.56471900641918 9.940269902348518 64.78619886934757 1.246741473674774 50.09226308763027 90.10057611763477 84.53967170417309 6.820977881550789 0.3375850319862366 0.3536313325166702 0 0.1898684054613113 0 0 0 0 0 0 0 0 0.2361206114292145 0 0 0 0 0 0 1.561870113015175 2.312068969011307 0 1.194371819496155 0 12.4910690933466 0.3075530230998993 7.344294309616089 5.974127113819122 1.398267954587936 0 0 0 0.2233969271183014 0 0.3808558583259583 0 0.8729007244110107 6.189152374863625 0.2624703347682953 0 0.2140457630157471 0 0.6023028492927551 0 0.1433195322751999 0 0.407075047492981 1.584743022918701 0 0 0.4013576209545135 3.815498918294907 1.427482783794403 0.225598931312561 0.2338450849056244 0 0.3501740097999573 0 0 0 0 27.38481561839581 1.220233082771301 0 0 0 2.299610868096352 0.5207638740539551 0 1.868809327483177 0 1.799694210290909 0.5576593726873398 1.335279747843742 1.330602169036865 0 0 0 0.2492431104183197 0 0 0 28.12928228080273 2.128448620438576 3.205502554774284 228.7080108821392 11.215073145926 154.5797664597631 15.29071200639009 1971.522129662335 50.04975827038288 3.525862649083138 48.15166369825602 16.22269943356514 0.1323954164981842 7.219681292772293 0.1137129068374634 14.62542669475079 1.290656052529812 0.1711278855800629 5.421748995780945 0.7780099809169769 0
1309.802902340889 1548.55016579479 3995.068899638951 20.2964131757617 1311.149383760989 41.18254211544991 92.69032873213291 937.6045986786485 1842.500191092491 168.7569039016962 0 263.6155656576157 825.2446982562542 3992.517940163612 100.3518628031015 65.41049415618181 7.588634110987186 0.3334872722625732 0 1.769036322832108 5.72217109054327 1.059155508875847 0.6592903956770897 0.1206223592162132 0.6051048785448074 4.390428975224495 0.4195005595684052 1.346317060291767 2.110943354666233 0.6501313522458076 608.6263377964497 131.6256630346179 478.7276692315936 0.1096763610839844 0.4175947606563568 0.3968105912208557 146.3518507182598 13.12736721336842 50.86381655186415 1.829128116369247 9.895374782383442 2.502394437789917 0 7.912982665002346 0.9036316871643066 0.1319948583841324 236.5366680175066 9.823066681623459 0.5789230465888977 0.3281129896640778 20.86629449576139 1.889894172549248 0.3047396540641785 0.576566681265831 6.576770097017288 12.64225836843252 18.42664068192244 316.7514640986919 16.13467226177454 47.25153570622206 1.382902167737484 23.82089896500111 0.3270959854125977 197.9711769595742 12.59584740549326 6.179803930222988 9.58950474858284 12.31082325428724 16.74437282979488 17.03962448239326 49.33116485178471 7.689771942794323 0 159.2001086696982 252.7856478840113 246.8837418407202 305.8390538692474 32.05889585614204 19.73259948194027 855.6223159208894 0.5693212896585464 13.61812058836222 27.64717045426369 2.016852632164955 7.365041077136993 14.76295457035303 7.319390289485455 0.1175464615225792 6.148213915526867 0.7377681583166122 3.461011953651905 2.734373241662979 50.4601531624794 9.938570022583008 4.181127026677132 136.6488122195005 1.168964400887489 0 0 174.0350168272853 0.1832777559757233 1.257465437054634 4.339741870760918 1.830780729651451 1.663136079907417 1.68716599047184 7.773848667740822 7.034948796033859 4.364849522709846 26.12602366507053 0.7355049848556519 18.93216028809547 40.55989906191826 32.94869872927666 5.997134983539581 0.197175607085228 0.5663330256938934 0 0.6122280359268188 0 0 0 0.4423822313547134 0.1294455975294113 0 0 0 0 0 0.2807917892932892 0.1154814437031746 0.2248105406761169 0.1231274753808975 0 3.29202438890934 0.3427315652370453 0.101125180721283 0 0.2452667579054832 8.096178442239761 0.1498912572860718 5.362121149897575 4.338900044560432 1.282520987093449 0.5496550500392914 0 0 1.030494093894958 0 1.709390074014664 0 2.226074114441872 4.305423244833946 0.2425193041563034 0 0.7814548015594482 1.079615451395512 0.6569454818964005 0 0 0.2706024944782257 0.1789890080690384 0.3005435764789581 0.1657227724790573 0.1346766352653503 0.9276580363512039 2.790835157036781 0 0.5047588348388672 0.477177232503891 0 0 0 0.1224442720413208 0 0.9518946185708046 24.81183973699808 0.1134369745850563 0.1314060986042023 0.4589250385761261 1.607472263276577 1.679289788007736 0 0.314797431230545 0.648012638092041 0.8659355044364929 1.593175753951073 0.2345997542142868 1.158218219876289 0.4401777535676956 0 0 0 0.09567253291606903 0.1031420081853867 0 0.2258130759000778 14.52072593569756 5.731220006942749 5.160405516624451 806.5991482511163 97.09840210527182 863.7762699052691 186.0496059805155 263.9942318722606 163.5920586660504 18.35196751356125 280.7956545576453 16.60533222556114 1.024739451706409 6.836766704916954 2.255297794938087 6.856619745492935 0.6349999085068703 0 4.965494111180305 11.66086650639772 2.012746244668961
223.8610705956817 77.59466046094894 38.09429605305195 885.6054390966892 187.7000838071108 431.0888074636459 571.2967175394297 20.17289946973324 399.5284694433212 1902.800765797496 263.6155656576157 0 2810.473280996084 639.0165083259344 19.94492373615503 16.19856983423233 2.254337593913078 0 0.284528523683548 0.3155133724212646 0.4934875667095184 0 0.2861690372228622 0 0.5400788187980652 0.5587060451507568 0 0.1364360451698303 0.4140335321426392 0 1.482651092112064 10.49966698884964 59.35814860463142 0 0.3003493845462799 0 540.4236452206969 0.1395842880010605 20.74563331902027 0.3084883242845535 0.3291066586971283 0.2516513019800186 0 2.531406700611115 0 0.6290852278470993 27.37227630615234 0.9636770933866501 0.2025521099567413 0 0.679024375975132 0 0.5947036594152451 0.7484713345766068 0.9187888205051422 1.696848347783089 7.466174937784672 31.13615189492702 1.503314211964607 2.65055450797081 0.2736665010452271 0 0 6.326121598482132 1.259366400539875 0.5406417325139046 0.2541797906160355 1.885533779859543 0.2230618074536324 0.4165026396512985 203.6681006550789 36.66542007029057 1.477375984191895 19.06352669745684 14.73357006907463 18.91925700008869 27.36773869395256 9.161946669220924 0.588343545794487 453.7335978299379 1.596401542425156 1.99193699657917 2.849635936319828 0 0.6230206042528152 1.299302950501442 0.8592741191387177 0.3590006083250046 0.5474906414747238 0.2817134410142899 0.1113738641142845 0.4127248972654343 0.622293546795845 0.8635967001318932 0.3962286412715912 2665.186539828777 155.4404466152191 4.394122496247292 5.885068655014038 101.1647233366966 0.9724770784378052 3.237232595682144 6.955871164798737 3.630189910531044 3.257749825716019 13.50346775352955 18.33878676593304 22.07159171998501 9.713436052203178 75.65296885371208 4.248413935303688 75.57666112482548 135.3156469464302 142.0143309980631 15.99299332499504 1.130459025502205 1.653131619095802 0 0.3366711288690567 0 0 0 0 0 0 0 0 0.2712047696113586 0 0 0 0.4319148361682892 0.2448523491621017 0 4.422924876213074 1.321502536535263 0.4424215853214264 0 0.5081992894411087 33.42643210291862 2.244757473468781 9.734835848212242 7.823473736643791 0.775955356657505 0 0 0 0 0 1.634929239749908 0 3.527454718947411 9.763147309422493 1.287248983979225 0 0 0.1886799931526184 0.1975501477718353 0 0 0.115503765642643 1.588271304965019 1.629329562187195 0.7244081497192383 0.5322239398956299 0.9552874565124512 4.788207769393921 1.72551167011261 0.3502931594848633 1.055612415075302 0 0.4160810261964798 0.3841312527656555 0 0 0.7937526404857635 73.77200938761234 0.5204781591892242 0 0 0.2898326814174652 3.505528122186661 0.9512234032154083 0.4548694789409637 2.371767222881317 4.267617553472519 1.747113674879074 1.619076386094093 2.842808112502098 1.266276150941849 0 0 0 0.4678657054901123 0 0 0 48.40291327238083 4.555084973573685 11.15021023154259 419.6301159486175 14.90868306905031 139.5150297805667 32.15119507163763 582.565159201622 26.83620730787516 4.199995413422585 80.51168037950993 21.1504627391696 1.781717859208584 18.14807014912367 0.4331865757703781 21.89985257387161 2.067057251930237 0 7.333983346819878 1.931104466319084 0.2652603685855865
956.0015602186322 967.7850424125791 97.24333506822586 7767.567221172154 473.6308990269899 402.1169157475233 4312.762375369668 156.5877879709005 790.6827510669827 6593.059083089232 825.2446982562542 2810.473280996084 0 1603.865061409771 74.38393414765596 30.55721536278725 3.150170043110847 0.3198460638523102 0.1501494795084 0.5636294633150101 1.407090216875076 0 0 0 0 0.5779642909765244 0.1284463852643967 0.6476427167654037 0.9965688362717628 0.1156103014945984 15.08793515712023 7.516712136566639 28.63240321725607 0.2146719843149185 0.2605949640274048 0.127937838435173 27.61304450780153 0.4029586240649223 10.6317501142621 0.1372764110565186 0.6925045847892761 0 0 2.307787299156189 0.5087763071060181 0 145.9190638586879 3.954455055296421 0.2275928184390068 0.5292170643806458 4.869562983512878 1.055803745985031 0.389579713344574 0.9144305288791656 1.744289889931679 4.995666965842247 11.16311559081078 101.824333243072 10.00272896140814 26.57315082848072 0.8503404632210732 1.823832303285599 0 41.9178754389286 4.27589725703001 2.644575111567974 2.924954913556576 2.660842768847942 1.887934058904648 2.040138140320778 37.33067892491817 23.48490254580975 0 68.40483102202415 65.86051440238953 121.9744666665792 133.8636788278818 20.62958968430758 0.7174158096313477 58.89479246735573 0.4732950329780579 1.6235626116395 11.38535337895155 0.5140211880207062 5.955764010548592 6.774631351232529 2.749846681952477 0.2166338413953781 2.776655085384846 0.9526825994253159 2.17783710360527 1.074204929172993 4.008891053497791 1.466328613460064 1.44567958265543 2167.194599941373 55.93535608053207 1.949621751904488 3.926216915249825 101.652719065547 1.495357275009155 6.325163826346397 12.92899431288242 8.054548993706703 7.662346884608269 17.99470782279968 45.90330827236176 43.75398798286915 25.67563091218472 185.8720875680447 5.802597686648369 127.3133484572172 283.3772839158773 211.3364524543285 33.80181376636028 1.75668965280056 1.63975927978754 0 0.5316657423973083 0 0 0 0 0 0 0.3920634835958481 0 0 0 0.182418093085289 0 0.1400804817676544 0.414497435092926 0 3.882689341902733 2.22737555205822 0 0 0.2491642832756042 41.32395946234465 2.498289301991463 20.75335586071014 10.57615557312965 2.869168519973755 0.187689021229744 0.533921867609024 0.4627712666988373 0 0 1.523934662342072 0 6.031928427517414 16.39235655218363 0.2575073540210724 0 0 1.42796678841114 0.2980116903781891 0 0 0.1507176458835602 1.045722961425781 2.797481060028076 0.8792320787906647 1.670922428369522 0.1618773937225342 11.63209430873394 2.990238279104233 0.8220789581537247 0.4574925303459167 0.2351585030555725 0.7555957138538361 0 0.1285446584224701 0 0 151.526249781251 0.716869056224823 0 0 0.4355518370866776 2.297699183225632 0 1.062329411506653 2.932370863854885 5.267901480197906 9.486342862248421 3.614590883255005 7.319040238857269 1.79035896062851 0 0 0 0.3232184499502182 0 0.2471333295106888 0 87.14876642823219 12.73893097043037 17.00471137464046 1110.847198911011 55.12436544150114 561.2192104011774 148.9485214054585 737.1050624996424 87.1649881452322 8.740287587046623 274.3240230977535 38.7924774736166 2.796503275632858 26.79234416782856 0.9243981093168259 35.63171392679214 4.618089452385902 0.1160261109471321 9.597379624843597 8.849955044686794 2.134133607149124
