0 6229.712216198444 841.1934253200889 1240.321411460638 2459.261938519776 177.7912508100271 832.8314735889435 124.5112757533789 421.2255137786269 1502.879751227796 261.3931131958961 205.3722981587052 242.3185597807169 316.5260634794831 9.047137461602688 0.9466256350278854 0.4501724913716316 0.1006071791052818 0 0.3524078503251076 0.1669088453054428 0 0 0 0.4826465845108032 0.5333443731069565 0.2177654802799225 0.1358359605073929 0 0.08364749699831009 496.3953464701772 5.181287296116352 24.38418859243393 0.1333152949810028 0.1167211532592773 0.8770154342055321 16.9012930765748 0.3685171604156494 0.8381323888897896 0.573430098593235 2.551862798631191 2.180399283766747 0.324396625161171 0.4256177470088005 0.2487448528409004 0.2389065399765968 10.81244120001793 0.09844859689474106 0 0.3160255774855614 0.2462344244122505 0.1295041292905807 0.1001887992024422 0 1.650452271103859 4.768401019275188 469.1576204150915 838.3644349128008 44.91467156261206 5.024178713560104 0.5227818861603737 3.119865901768208 0.134421318769455 19.11749033629894 1.078027285635471 0.6658608466386795 0.5725542083382607 0.5612045004963875 1.320464044809341 2.444686748087406 19.08921129256487 11.96982818096876 0.1993995606899261 84.13165866583586 24.69860393553972 19.95672691613436 6.369027107954025 3.469116032123566 11.08461583405733 194.1399852707982 2.783626042306423 28.34974842518568 2.006669044494629 0.4776006266474724 0.4439330548048019 1.6277234852314 0.5330115109682083 0 0.1151651814579964 0 0.1093521863222122 0 2.493341498076916 1.24027144908905 0.9935806319117546 325.8977577611804 37.48618809133768 0.9612388536334038 1.63349024951458 2381.050029970706 0.3848087787628174 0 1.573213458061218 1.754156708717346 0 11.26696357131004 4.904219388961792 2.458184882998466 6.892923176288605 19.86743792891502 0.3698553144931793 12.80070628970861 7.405970595777035 9.264313787221909 1.544933512806892 0 0 0 0 0 0 0 0 0 0 0 0 0 0 0 0 0 0 0 0 0 0 0 0 1.002700909972191 0 0 2.930364981293678 0 0.08771644532680511 0.09369471669197083 0.09357838332653046 0 0 0 0 0 0 0 0 0 0 0.1317659765481949 0 0 0 0 0 0 0 0 1.076010562479496 0.4342708885669708 0 0 0 0 0 0 0 0 10.77998314797878 0 0 0 0 0.2944660037755966 0 0.1578863561153412 0 0.2910189628601074 0 0.3922802209854126 0 0 0 0 0 0 0 0 0 3.551487922668457 1.249968849122524 1.354211091995239 51.43255080282688 4.751594990491867 60.99058852344751 16.10116446763277 1207.517719209194 20.51444591581821 0.9755169972777367 10.60766971111298 2.662914924323559 0 1.67707471549511 0 0 0 0 0 0.1032332852482796 0
6229.712216198444 0 1066.466725260019 1433.947565659881 10373.55256324261 296.5930580273271 3662.953505240381 199.2794844657183 2671.754425019026 924.5528878569603 664.3055258765817 147.4498503133655 896.023388504982 1652.612336881459 42.01953813433647 3.038435831665993 1.609918035566807 0.1177653074264526 0 0.2899053916335106 1.563558965921402 0.1174472719430923 0 0.1031702682375908 1.238358289003372 1.630370430648327 0.1029218211770058 1.555583953857422 0 0.09748921543359756 2628.200200662017 34.67102568596601 57.38047678768635 0.4436706453561783 0.2169908136129379 1.098627656698227 39.24051702767611 2.205060206353664 6.933809503912926 1.4627755433321 5.285131372511387 4.249606840312481 0.8556142225861549 3.222601749002934 0.2444351240992546 0.852026030421257 82.14893838018179 3.005791395902634 0.8036332055926323 0.9777608513832092 0.9629478603601456 0.599438838660717 0.1268013566732407 0.7848432585597038 8.835067242383957 27.37678596377373 164.8006013855338 1170.093671321869 67.50667456537485 42.21012961119413 1.681082665920258 7.66706944257021 0.4160712659358978 94.32660754024982 11.99631272256374 2.969185903668404 5.805873461067677 2.78215778619051 2.158942081034184 4.409328781068325 49.51128264516592 12.31916815787554 0 226.7364325150847 125.5685508698225 133.7650826126337 29.57381431758404 10.77660680562258 26.83939000964165 392.7082838341594 8.046166494488716 38.24740496277809 30.34549871832132 3.617163799703121 3.141553461551666 9.234376609325409 1.662462919950485 0.2278962284326553 1.352852657437325 0.310479074716568 0.3530843257904053 0.651561513543129 3.023941941559315 3.464453026652336 2.220992393791676 232.1062997356057 7.257163770496845 0 3.460703253746033 1389.279390826821 0.2398031204938889 1.59252142906189 4.256754174828529 3.16109299659729 1.643583208322525 32.38152907788754 9.536171033978462 19.12218242883682 23.13341648876667 36.4570420011878 1.996935561299324 35.38077702373266 37.49732428044081 37.23671741783619 25.6568488329649 0 0 0 0 0 0 0 0 0 0 0.2900528013706207 0 0.1128181964159012 0 0 0 0 0.2802302539348602 0 0.7396488785743713 0.2102848887443542 0 0 0 15.51280039548874 0.1303139477968216 7.505127668380737 1.090063951909542 0.1482888013124466 0 0.1352269798517227 0 0 0 0.2125736027956009 0 0.358571469783783 2.422522097826004 0 0 0 0 0.1795449256896973 0 0 0 0 0 0 0.1046551913022995 0 6.929516650736332 1.374791204929352 0 0 0 0 0.1235767379403114 0 0 0 67.48603394627571 0.3844393789768219 0 0 0.4808303564786911 2.49640192091465 0 0.6248297542333603 0.5837329626083374 0.2443650811910629 2.020401023328304 0.161800429224968 0.7550117373466492 0 0.120904378592968 0 0 0.08730421960353851 0 0 0 19.66080188006163 9.123650439083576 6.455641813576221 351.0674024298787 33.38951178640127 387.7027442827821 71.05824474990368 998.0251451060176 74.51990450173616 8.636400818824768 66.2609421685338 12.76464725285769 1.115870140492916 2.265370808541775 0.1472161859273911 10.63269805908203 0.4219991862773895 0 0.3332097381353378 1.432081036269665 0.6002150624990463
841.1934253200889 1066.466725260019 0 1.468654461205006 804.15763913095 6.947822146117687 12.33199749141932 1413.276003204286 494.6234616488218 0.7803847566246986 1353.375001974404 7.227330192923546 70.572081156075 370.7472026646137 39.58272955566645 10.04680767655373 1.784285649657249 0.4076011553406715 0 1.277500495314598 6.022929653525352 0.1468848437070847 0.843972384929657 1.395894929766655 6.860486224293709 6.974280528724194 1.075282528996468 1.168464072048664 0.1108794212341309 0.1199158653616905 5157.065011769533 499.3662652373314 44.95499078929424 1.012028612196445 0.9742707088589668 7.499718740582466 24.1148423999548 2.609629668295383 4.076311200857162 3.374182596802711 22.05879317224026 15.43202114850283 1.838382378220558 5.942772090435028 0 1.504025727510452 40.16651735454798 0.4532947018742561 0.5936505123972893 2.166782341897488 3.403097122907639 2.439395502209663 0.08455777168273926 1.456530503928661 2.555624946951866 10.07995720952749 50.02693546563387 610.4867663383484 19.49467050284147 11.79394037276506 12.19753955304623 4.980535760521889 2.17700582742691 448.1761268153787 3.079672262072563 0.7301340997219086 1.659751981496811 3.413757801055908 7.6722631752491 22.96228387206793 15.08854818344116 5.350216738879681 0.257534347474575 72.73923687636852 84.02671791613102 48.09580832719803 22.46979515999556 21.19571293890476 327.5495004653931 1329.79238089174 29.02756858617067 563.7676048800349 7.836128644645214 0.3371424749493599 0.9409919306635857 5.175381787121296 2.455136887729168 0.2774408534169197 0.7471394166350365 1.060194998979568 0.5536547675728798 1.388790808618069 21.81219243258238 16.64292991161346 6.047721959650517 23.04993353039026 3.207653656601906 0 0.1072965562343597 398.157697275281 0 0 0.7585935294628143 0 0.4932584762573242 7.365209504961967 0 3.021281383931637 3.282199546694756 2.030074909329414 0.2267478853464127 1.414270341396332 3.328035742044449 4.801823116838932 2.304030373692513 0 0 0 0 0.1335425525903702 0 0 0 0 0.1513231247663498 0.4279526695609093 0 0 0 0 0 0.2375793308019638 0.456128217279911 0 1.773174524307251 0 0 0 0 0.4897429347038269 0 1.581052929162979 0.4574115127325058 0 0.3060480952262878 1.26450303196907 0.3979849964380264 0 0 0.1477386802434921 0.1120351478457451 0.1059576496481895 1.145274549722672 0 0 0.274522066116333 0.765263132750988 1.506908774375916 0 0.2935317158699036 0 0 0 0 0 0 1.315060302615166 0.417264997959137 0 0 0.08674057573080063 0 0.482787549495697 0 0 0.4621520340442657 9.207865059375763 0.2736650705337524 0.5346899703145027 0 0.355969250202179 0.8564696833491325 0 0 0.3764778077602386 0 0 0.4276583790779114 0 0 0 0 0 0 0 0.1420995444059372 0 3.23187567293644 1.071190990507603 1.470753505825996 163.2400593087077 20.0066599547863 125.4019664414227 30.94172935187817 139.6700701937079 20.53079557418823 4.186695374548435 25.70883172005415 4.106832511723042 0.7597268894314766 1.191312581300735 0 0.5391321182250977 0 0 0.4157141372561455 1.280422516167164 0
1240.321411460638 1433.947565659881 1.468654461205006 0 271.5576686486602 133.5402453392744 1389.188347153366 0.4845079630613327 235.8995221704245 1985.909563526511 0.1697731912136078 383.8154378384352 672.5358263403177 199.8713232576847 1.322144284844398 0.1790984645485878 0 0.10409015417099 0 0 0 0 0 0.09929851442575455 0 0 0 0 0 0 22.08092452585697 1.952304504811764 0 0 0 0 0 0 0.09077470004558563 0 0 0.3842687681317329 0.1077355146408081 0 0 0 4.044534176588058 0.09809689968824387 0.1360469460487366 0 0 0 0 0 0.9811502695083618 2.237749189138412 12.81751864403486 66.64051861315966 3.690695442259312 2.41517186164856 0.145979031920433 0.1059712618589401 0 3.608442068099976 0.9098925665020943 0.1775638088583946 0.3767933994531631 0.09046811610460281 0 0 0.8983860909938812 0 0 17.18415202200413 9.854031421244144 9.36925145983696 0.8197354078292847 0.1054789051413536 0 0.0923168957233429 0.3251290619373322 1.19074746966362 1.310716383159161 0.4365202412009239 0.2280258238315582 0.5057879313826561 0 0 0.2041609138250351 0 0 0 0 0.1025641113519669 0 112.0590074211359 0.7323775589466095 0 0 56.66775190830231 0 0 1.955691158771515 0 0 5.54041151702404 2.694207787513733 1.592936336994171 1.050004839897156 7.38050651550293 0.6812343895435333 10.35455258190632 7.079700231552124 5.824862346053123 1.177544966340065 0 0 0 0 0 0 0 0 0 0 0 0 0 0 0 0 0 0 0 0 0 0 0 0 0.1236095428466797 0 0.2809050381183624 0.1362046152353287 0 0 0 0 0 0 0 0 0 0.3207696676254272 0 0 0 0 0 0 0 0 0 0 0 0 0 1.153224945068359 0.3027856647968292 0 0 0 0 0 0 0 0 2.531194597482681 0 0 0 0 0 0 0 0 0 0 0 0 0 0 0 0 0 0 0 0 4.20685188472271 0.7749481350183487 0 15.48858095705509 1.984177127480507 20.98604139685631 4.005768954753876 138.7211395278573 4.618776835501194 0.9903416484594345 2.084162682294846 0.1072392240166664 0 0 0 0 0 0 0 0 0
2459.261938519776 10373.55256324261 804.15763913095 271.5576686486602 0 20.43482884764671 1228.938149154186 397.2605911418796 4335.817852787673 90.50333769619465 575.8098755031824 9.857997491955757 215.8386994451284 2040.737845525146 46.42674718797207 2.572911746799946 1.681026302278042 0.1166363209486008 0.1088590323925018 0 1.012862965464592 0 0 0 0.4500226452946663 0.8355904594063759 0.233965277671814 1.050154246389866 0.1205791085958481 0 721.4554351717234 32.90042713284492 29.26015985757113 0.08721906691789627 0.1300823241472244 0.8774807825684547 49.77757738530636 0.5970168486237526 2.925652727484703 0.7770502865314484 2.693788357079029 2.579548969864845 0.5855316892266273 0.9116490557789803 0 0.3801721706986427 83.50591279566288 3.24359105527401 0.8432687520980835 0.383171834051609 0.4322079420089722 0.2546570524573326 0 0.2193211689591408 7.191860102117062 25.06620763987303 48.84421338886023 268.7188237383962 27.50217814743519 33.56787174940109 1.399437807500362 4.841671764850616 0.2727506309747696 58.48662034422159 13.36004270985723 4.410675056278706 4.901306085288525 2.331915341317654 0.6621367931365967 1.224174983799458 53.49232536554337 15.40904506295919 0.1148042157292366 89.68245536834002 69.33460078388453 90.40899965167046 33.89252535253763 10.52748076617718 5.450760118663311 119.5999885201454 5.761725548654795 18.89178620278835 22.97110787779093 3.066903576254845 3.332339316606522 10.04827308654785 0.7494247704744339 0 1.316174205392599 0.0866449847817421 0.1989653930068016 0.7443365007638931 1.394496500492096 1.015807434916496 1.353026948869228 49.93290915340185 11.21306350082159 0 7.529806390404701 150.540938615799 0.2631096243858337 0 9.988078013062477 8.587891697883606 2.025052234530449 73.61621543765068 3.512605592608452 36.90813095867634 45.99876350164413 22.74413625895977 4.721663028001785 74.1459333896637 60.46827013045549 53.63034735620022 33.29982008039951 0 0.3487070798873901 0 0 0.1158351227641106 0 0 0 0 0 0 0 0 0 0 0 0 0.09739536792039871 0 1.507719203829765 3.098491221666336 0 0 0 14.24204072356224 0.2926263809204102 10.93289382755756 2.817911326885223 1.805942937731743 0 0 0 0 0.1610516160726547 0 0 2.096582353115082 2.131191737949848 0.206531435251236 0 0 0 0.4159916192293167 0 0 0 0 0.3384285569190979 0 0 0.5653204917907715 12.70244140923023 2.194778978824615 0 0.1248601377010345 0.08166441321372986 0 0 0 0 0.1216132342815399 117.1068650707603 0.3299110382795334 0 0 0 7.830021604895592 0 0.6711037755012512 2.624168246984482 1.691924065351486 2.911389410495758 1.735709100961685 2.404406540095806 0 0 0 0 0 0 0 0 33.19388968497515 16.67610254138708 17.84119047224522 280.6761120259762 39.37596280872822 279.5123342201114 67.99516638368368 356.0755561888218 58.20986017584801 7.469182282686234 58.78249941021204 22.43161724507809 0.4397599995136261 8.719638042151928 0.4344820380210876 4.974122762680054 0.242221862077713 0 0.6869476735591888 0.9931006729602814 0.1793825775384903
177.7912508100271 296.5930580273271 6.947822146117687 133.5402453392744 20.43482884764671 0 172.6227702349424 2.945334047079086 75.56312074512243 792.2957019805908 11.81205347180367 300.5467792898417 194.3856163546443 93.77071207761765 0.3958975225687027 0.1159307137131691 0 0 0 0 0 0 0 0 0 0 0 0 0 0 8.085674934089184 0.1687978655099869 17.91964073479176 0 0 0 63.47846237570047 0.6339694410562515 9.080992765724659 0 0 0 0 0 0 0 0.793897807598114 0 0 0 0 4.419368043541908 0 0 0 0 39.74742808938026 13.80623154342175 1.52511677891016 0.9310484156012535 0 3.449457854032516 0 0.574123926460743 0 0 0 0.2702488005161285 0 0 161.9291555210948 137.56273239851 11.70438338816166 1.23873907327652 1.600352190434933 0.4890156909823418 0.1327515244483948 0 0 24.91182149201632 0 5.885333344340324 0.2179249003529549 0 0 0.3389347642660141 0 3.666199043393135 1.290979161858559 7.968565762042999 0 0.6612359881401062 0 0 0 743.9950370937586 233.3723725825548 15.17708757519722 11.54117964208126 190.5132709294558 0 0 0 0 0 0 0 0 0.1685735881328583 0 0 0.2506026551127434 0.2728149592876434 0 0.1431740820407867 0 0 0 0 0 0 0 0 0 0 0 0 0 0 0 0.3404858708381653 0 0 0 0 0 0 0 0 0 0 0 0.549031674861908 0 0 0 0 0 0 0 0 0 0 0 0 0 0 0 0 0 0 0 0 0 0 0 0.1331343352794647 0.7836506962776184 0 0 0 0 0 0 0 0 0.6622331738471985 0 0 0 0 0 0 0 0 0 0 0 0 0 0 0 0 0 0 0 0 0 0 0.2054568529129028 3.120035372674465 0.159121498465538 1.540832221508026 0.8126414492726326 58.62892568856478 0.6911413371562958 0 0.7467617616057396 1.633055031299591 0 0 0 0 0 0 0 0 0
832.8314735889435 3662.953505240381 12.33199749141932 1389.188347153366 1228.938149154186 172.6227702349424 0 4.772617727518082 1667.244312696159 2545.419009231031 5.849604330956936 356.5037522017956 1697.710375152528 1043.367805525661 25.82455413788557 1.12288811057806 0.4310148879885674 0 0 0.8226101770997047 0.4783454388380051 0 0 0 0.7442879229784012 0.4867445528507233 0.0850079357624054 0.6292188316583633 0.09202896803617477 0 106.407062292099 12.88039652258158 16.733254134655 0 0 0 50.43242708593607 0 9.042479455471039 0 1.023334473371506 1.431533858180046 0.6594018712639809 0.7606629878282547 0 0.4834266752004623 60.53650385141373 1.459473803639412 0.2844400405883789 0.2305181473493576 0.08263594657182693 0 0.2331607490777969 0.4483899921178818 4.07130078971386 13.93395029753447 39.03689017146826 185.1686239689589 20.63362818956375 22.17510653287172 0.3799042850732803 1.556520149111748 0 34.69940730929375 5.737859353423119 2.330226860940456 2.912171423435211 1.194658942520618 0.315846361219883 0.8912354111671448 55.53381172567606 20.24471578001976 0.2082581371068954 74.81472973525524 46.91979733854532 59.41415729373693 19.7188583984971 3.854111075401306 2.784364365041256 17.83872353285551 3.394280649721622 12.87733633071184 12.36715093255043 1.678595595061779 2.29057988524437 5.168112307786942 0.7382617145776749 0 0.73141098767519 0.301466204226017 0.104224719107151 0 0.1040158793330193 0.6107326820492744 0.4000869244337082 425.2058166190982 10.24877463281155 0 5.465235479176044 81.51147846877575 0 1.861117213964462 18.7073972672224 5.593578979372978 3.652925565838814 192.1659037321806 19.36834160983562 85.32468821853399 87.36481714248657 101.7885359674692 7.822617635130882 189.7836808040738 178.0097935423255 166.5482390448451 58.74454475194216 0 0.2412052154541016 0.1205010414123535 0 0 0 0 0 0 0 0.1071857661008835 0 0.1835846900939941 0 0 0 0 0 0 5.250353842973709 2.449775919318199 0 0 0 24.93221564590931 1.849730104207993 14.05447460711002 6.818674243986607 1.510235488414764 0.507293701171875 0.195090651512146 0.1002028286457062 0.6031069457530975 0 0.1203995272517204 0 2.610640749335289 10.43754859268665 0 0 0.2700541615486145 0 0.08922068029642105 0 0.4831301271915436 0 0.280381053686142 0.4924112260341644 0 0 0 15.71698215603828 2.687387377023697 0.6038345843553543 0 0 0.1751917973160744 0 0 0 0 195.8943310156465 0.5680329948663712 0 0 0.1453898847103119 7.021881274878979 0 0.7993330806493759 0.6316782236099243 2.72868187725544 6.503399774432182 2.325402021408081 1.694512315094471 0 0 0 0 0 0 0 0 86.84838072955608 20.85589587688446 22.28714080154896 249.9358792304993 23.54799949377775 217.2782049626112 48.80273915082216 426.7711377292871 45.2977284938097 4.090749464929104 54.74663524329662 22.74998016655445 1.34551066160202 10.00698925554752 0.4837075620889664 10.20410633832216 1.26676719635725 0 1.159478157758713 1.520796678960323 0.4458515644073486
124.5112757533789 199.2794844657183 1413.276003204286 0.4845079630613327 397.2605911418796 2.945334047079086 4.772617727518082 0 1046.42641524598 0.886758416891098 1048.979528859258 9.58307047188282 97.04579349607229 579.8508816584945 63.14107429981232 10.74298118799925 2.485264904797077 0.9305110722780228 0.09904249012470245 4.389987021684647 20.67134116590023 0.2872216105461121 2.151345394551754 1.024902418255806 7.982403300702572 12.23267026245594 1.761761173605919 2.768361695110798 0 0 754.0215159878135 1888.635653026402 38.57201255857944 2.421428173780441 0.6009926348924637 8.600278340280056 26.18708419054747 3.471403762698174 3.587965577840805 4.715054295957088 37.46305472403765 24.08687702566385 12.53119719028473 9.031224243342876 0.1521514654159546 10.83516889810562 90.20943617075682 1.995150215923786 0.2333160489797592 7.186895720660686 4.828775741159916 1.766766704618931 0.6122419759631157 3.115960717201233 2.640024952590466 11.55253179371357 20.98045359551907 181.4866178408265 14.01635932177305 19.51344291865826 34.27284554392099 13.2038451731205 4.872881077229977 254.4634273871779 3.623861767351627 2.431847132742405 2.761229194700718 8.516667686402798 22.6482941955328 51.82876506447792 14.24443327635527 10.35975822806358 0.2937407195568085 48.66640841215849 83.65919073671103 65.0803794413805 58.40010098367929 322.7187388986349 1366.662215419114 2428.339492365718 241.2856954932213 1134.09419195354 13.11820796132088 1.311337493360043 1.449821759015322 4.811994675546885 11.6343839764595 0.9396289885044098 1.751703806221485 0.2194725796580315 2.394193559885025 3.114051096141338 28.48828655481339 18.73701055347919 13.89685013145208 32.95674834400415 4.560267068445683 0 0.5079368054866791 33.37749101221561 0 0 1.693505100905895 0.5618612915277481 0 8.152963437139988 0.529479518532753 4.375947222113609 5.868493348360062 1.570928275585175 1.129640161991119 4.043276071548462 8.081125698983669 9.141054920852184 4.720292210578918 0 0 0 0.1275124251842499 0.2029692083597183 0 0.1801713854074478 0 0 0.7073068767786026 1.106339648365974 0 0.1322878003120422 0.1610259264707565 0 0.9341130778193474 0.263513408601284 1.516262650489807 0 0.1282365471124649 0.1637094020843506 0.1670143157243729 0 0 2.972157292068005 0.3301321864128113 0.5659727603197098 3.698451444506645 0.3652551025152206 0.5444246828556061 1.490864612162113 1.077845722436905 0 0 0 0.3120508193969727 0.4173817038536072 1.95418781042099 0 0.1969314813613892 0.1949865967035294 0.282513789832592 2.91868194937706 0 0 0 0 0 0 0 0 2.121509209275246 0.6093911230564117 0 0 0 0 0.9748743623495102 0 0 3.160370096564293 20.96075499802828 0 0.4959897100925446 0.1917719841003418 1.224940657615662 1.16150738298893 0 0 0 0 0.7419030070304871 0 0.2049426436424255 0.1398078799247742 0 0 0 0.2776749432086945 0 0 0 2.499143607914448 3.077853940427303 2.219940558075905 308.3486496135592 34.86203284561634 243.0926025360823 49.80704145878553 95.46046677976847 32.52777717262506 3.158957481384277 58.60976671427488 10.16431745141745 0.1177307218313217 1.073174357414246 0.1109173074364662 1.275338411331177 0 0 0.4305313378572464 1.365220807492733 0
421.2255137786269 2671.754425019026 494.6234616488218 235.8995221704245 4335.817852787673 75.56312074512243 1667.244312696159 1046.42641524598 0 1107.047162801027 2014.212752304971 86.5364298671484 355.7919803783298 2245.67964630574 91.59268174320459 8.431260474026203 2.3661028444767 0.263241171836853 0.1005400717258453 1.056486465036869 1.484277121722698 0 0.08643168210983276 0.9288870394229889 1.14930398017168 3.050743147730827 0.5590879395604134 4.742814816534519 0.08997277915477753 0.3889413923025131 280.7410301119089 53.75687018409371 46.35400558263063 0.4796695858240128 0.2633752748370171 0.6315225288271904 114.5143655613065 1.733210518956184 5.241841331124306 1.19168659299612 8.746288798749447 6.081075295805931 1.590158082544804 4.100460596382618 0.08409480005502701 1.679377011954784 145.6610506623983 2.999094143509865 1.290647558867931 1.59819284081459 1.188194207847118 1.273560658097267 0.4479110240936279 1.442365109920502 4.522348970174789 25.54373383522034 38.5579269528389 154.6944214850664 28.82255054265261 39.49665855616331 2.28149189800024 6.212258234620094 0.1389818340539932 62.21429893374443 11.45875645428896 3.052411068230867 4.431525379419327 4.362331554293633 3.078026689589024 7.614398546516895 155.6390277668834 38.72374268621206 0.6472148597240448 84.5792783498764 71.037114597857 115.7465090826154 59.9893612191081 22.41743482649326 14.02048077434301 269.1510918885469 12.36689402908087 43.05769188329577 24.46282661706209 2.940942510962486 4.956810485571623 9.754711393266916 1.776283010840416 0.2984360828995705 1.957718092948198 0.1977871209383011 0.5998623743653297 0.9706988111138344 5.816154517233372 5.02536016702652 3.390404224395752 556.3344895169139 22.06511580944061 0 9.819103270769119 48.49539364874363 3.031076408922672 1.025610476732254 60.05882668495178 17.92976029217243 13.74517809599638 457.5485119149089 32.62698905915022 240.8045013397932 250.3566049188375 179.9169846326113 20.92491920292377 503.0249260514975 436.8178958818316 450.7852723523974 188.4148824363947 2.802735537290573 1.009226977825165 0.0935119092464447 0.6405793428421021 0 0 0 0.1988298147916794 0 0.2193374410271645 0.2230743542313576 0.2038732618093491 0.4846258386969566 0.5748748779296875 0.7683951258659363 0.7765193432569504 0.181926816701889 0.3541960567235947 0 21.40809620916843 14.2333831936121 0 0 0.1533200293779373 93.28966388106346 2.186495698988438 45.11577481031418 14.05188953131437 3.118667870759964 0 0.3305239230394363 0.1035798117518425 0.7222362458705902 0.09283969551324844 0 0 6.277968287467957 19.86669477820396 0 0.1148928329348564 0.1834745407104492 0.1401333659887314 1.330253653228283 0 0.9779296815395355 0.1455728262662888 0.3904697597026825 4.777986042201519 0.3387906849384308 0 0.7797229886054993 59.50607576966286 6.633334413170815 0.5798166692256927 0.7114330902695656 0.072242371737957 0 0 0 0 0.7554299831390381 564.6383677199483 4.277994737029076 0.63024041056633 0.254470556974411 0.3415906056761742 32.32926128059626 1.15026929974556 2.795051477849483 6.23430897295475 6.019674025475979 20.27299982309341 7.705825999379158 6.30993577837944 0.1156569197773933 0 0 0 0.08401006460189819 0.07498835772275925 0 0 216.1363104134798 57.43033141642809 41.3287230655551 849.0281067192554 63.10647440701723 487.1908234730363 125.767681106925 387.5246982648969 96.63572493940592 7.763411991298199 137.1969312950969 68.87397377938032 0.5340196490287781 23.81333066523075 2.186374686658382 28.8940307199955 1.161443665623665 0 4.608034163713455 4.501316048204899 0
1502.879751227796 924.5528878569603 0.7803847566246986 1985.909563526511 90.50333769619465 792.2957019805908 2545.419009231031 0.886758416891098 1107.047162801027 0 2.310377694666386 2699.106072664261 5252.602222979069 1925.781544946134 1.528137475252151 0.2031964659690857 0.1390665918588638 0 0 0 0.1389543414115906 0 0 0 0 0.1813290417194366 0 0.1153803393244743 0 0 17.21691631525755 0.6306309327483177 0.6231044232845306 0 0 0.1493634283542633 3.275048576295376 0 0 0 0.3844265341758728 0 0.1261938661336899 0.09953676909208298 0 0 4.77962688356638 0.1095496565103531 0.1594346761703491 0.2349666506052017 0 0 0 0.1151749268174171 0.3867014050483704 1.707939572632313 19.39578013122082 56.0646873190999 4.845893301069736 2.585601300001144 0.4076834172010422 0.174816682934761 0 5.132158696651459 0.5755344778299332 0.1342414170503616 0.3345703184604645 0 0.2252411618828773 0.3099155947566032 14.00026327371597 0.6962738633155823 0 16.50206040591002 8.007955886423588 8.342509113252163 1.356030240654945 0.6898756548762321 0.8712023422122002 1.132618948817253 0.3502257913351059 0.689255878329277 1.032527968287468 0 0.4140093922615051 1.026069484651089 0 0 0.08950833976268768 0 0 0.3133186399936676 0 0 0 983.1825356334448 5.268556669354439 0 0.2027931809425354 404.3526201397181 0 3.749933615326881 12.36204025149345 7.297741368412971 1.49902606010437 87.19212399423122 54.24267484247684 28.07846285402775 46.87777492403984 142.5018960833549 1.792892813682556 105.2474510669708 114.9282177910209 87.8835521414876 12.58533477783203 0.1797884106636047 0 0 0 0 0 0 0 0 0 0 0 0 0 0 0 0 0 0 0.3076242208480835 0.6948592066764832 0 0 0 3.61304035037756 0 1.169280037283897 0 0.2957331240177155 0 0 0 0 0 0 0 0 0.1408069729804993 0 0 0 0 0.5439717769622803 0 0 0 0 0.1193775534629822 0 0 0 1.678296193480492 0 0 0 0 0 0 0 0 0 57.69256880134344 1.8451267182827 1.280667126178741 0 0 1.581646710634232 0 0.1469560563564301 0.1196041405200958 0.1086176484823227 1.682074457406998 0 0.3109078109264374 0 0 0 0 0 0 0 0 73.00507398694754 3.774857014417648 0 23.67835222929716 1.460539966821671 23.08290584385395 4.311340600252151 391.0839351117611 3.524123698472977 0.5389924123883247 5.074705697596073 2.115848392248154 0 1.341963738203049 0 16.91363054513931 0 0 0 0 0
261.3931131958961 664.3055258765817 1353.375001974404 0.1697731912136078 575.8098755031824 11.81205347180367 5.849604330956936 1048.979528859258 2014.212752304971 2.310377694666386 0 73.40491112321615 1039.820494160056 4370.746558003128 66.34600988030434 13.34127627313137 2.954182758927345 0.221293680369854 0.1149350181221962 0.5348234698176384 1.997576661407948 0.3458527624607086 0.3069146573543549 0.4367523789405823 6.71890652179718 5.347890980541706 0.5176315903663635 1.998443186283112 0.1534247100353241 0 345.6086131706834 124.4833084493876 323.2440896555781 0.4074433073401451 0.7552757188677788 4.781318135559559 127.5512850508094 6.827092841267586 4.981207191944122 5.985131904482841 8.931708052754402 16.19523110985756 0.6921532899141312 8.652361363172531 0 2.259683020412922 65.88101441413164 1.11784040927887 0.6786107271909714 1.361494556069374 1.736713342368603 2.069478914141655 0 2.281651005148888 1.847839616239071 8.479150183498859 16.11661871522665 84.50175356119871 10.15015062689781 13.92148405313492 3.187135204672813 3.502346724271774 0.1189038082957268 37.62587027996778 2.71028795838356 1.839325558394194 1.868331827223301 2.786168448626995 2.347481459379196 9.981251686811447 86.48677714169025 24.39831606298685 1.731782145798206 33.75192607939243 31.91982479393482 41.13416913896799 30.15583873540163 25.39864733070135 271.3164372444153 1361.101097501814 13.24630450457335 92.52512637525797 8.152844414114952 1.027546748518944 1.571662165224552 4.271829176694155 0.89161017537117 0.1280249506235123 0.4607737138867378 0.4471878260374069 0.4684001132845879 1.066110260784626 6.986468233168125 9.532827220857143 6.813489362597466 159.1814041510224 26.67069014161825 0.4198266118764877 2.492981106042862 35.95090635865927 0 0.5007934421300888 3.181846708059311 1.908409476280212 2.282390005886555 34.52890095114708 1.908679366111755 26.66250715404749 18.66035164892673 4.373621039092541 5.219551376998425 31.26222366094589 31.92569426447153 37.47555481642485 22.02730596810579 0.6436597183346748 0.5184877514839172 0 0 0 0 0 0.1410935670137405 0 0.1098965480923653 0.2107286304235458 0 0.1709855794906616 0.2707222923636436 0.1836687326431274 0.2852620035409927 0.2150333523750305 0.624163419008255 0 4.275149062275887 1.416085854172707 0 0 0 13.42519253492355 0.179686039686203 5.586139783263206 3.019165903329849 2.543515928089619 0.2414798960089684 1.32712047547102 0 0 0.1862571090459824 0 0 0 3.888116024434566 0 0.3306519985198975 0.5710115134716034 0.4409592002630234 1.02414371073246 0 0 0 0 1.881135523319244 0 0 0 12.13616956025362 1.630504220724106 0 0 0 0 0.4601014107465744 0 0.2362353950738907 0.4605440497398376 69.0760036110878 1.289595678448677 0.1992990225553513 0.4704802334308624 0.1498812586069107 3.454787984490395 0 0.5646777600049973 0.1082900613546371 0.7636499553918839 4.664684921503067 0.7767524719238281 1.150679059326649 0 0 0 0 0.09883631020784378 0 0 0.186244323849678 11.6326322928071 11.11316710710526 11.35692416131496 377.8102441653609 31.53552537411451 191.9690290726721 52.38145593553782 114.4646095782518 31.12716623395681 3.028546839952469 60.12456344813108 17.21856362372637 0.08564714342355728 4.497485660016537 0.334621325135231 2.267978131771088 0 0 0.5340839028358459 3.441043764352798 0.2810486555099487
205.3722981587052 147.4498503133655 7.227330192923546 383.8154378384352 9.857997491955757 300.5467792898417 356.5037522017956 9.58307047188282 86.5364298671484 2699.106072664261 73.40491112321615 0 1271.242022275925 253.158851608634 19.09785814583302 3.727172173559666 0.4884229823946953 0 0 0 0 0.1535030156373978 0 0.1333101987838745 0 0.2468223869800568 0.1499888598918915 0.5075677037239075 0 0 7.86391207575798 2.734105966985226 16.30483064055443 0 0 0.345207005739212 35.47642883658409 0.3214124143123627 0.2668017148971558 0.2732116430997849 2.697641462087631 1.635801367461681 0.1188403815031052 1.308041967451572 0 0.3465509712696075 15.3527120873332 0.1665609031915665 0.2942601889371872 0.3136692568659782 0.2821831628680229 1.044279135763645 0 0.4169252142310143 0.1844559460878372 1.31034192442894 2.865270085632801 7.681773774325848 1.716179177165031 1.66720674932003 1.742234915494919 1.036317013204098 0 3.037089973688126 0.6690131798386574 0 0.09251566231250763 0.4413444027304649 0.9600573256611824 2.098504081368446 98.57550814002752 32.45481541752815 0.8018194288015366 5.247438192367554 4.467876337468624 6.307698540389538 7.35782279074192 6.529771372675896 0.5735359564423561 51.74926629662514 1.824029177427292 8.827456444501877 1.503519028425217 0 0.2510017305612564 0.3684742823243141 0.2546123340725899 0.5641489326953888 0.3880592733621597 1.475511506199837 0 0.5025117844343185 3.298245124518871 2.794482909142971 1.048443585634232 2695.729166217148 166.4037335515022 7.286381021142006 2.055711671710014 52.86069785058498 0.7778845280408859 0.7414428144693375 18.96040464192629 7.849680155515671 1.798263803124428 148.8824123889208 26.42571580410004 69.24613443017006 65.86675265431404 96.92300322651863 6.197616018354893 198.8352352455258 191.5274051055312 190.662649281323 49.93369887024164 0.3274659737944603 0 0.1294979006052017 0 0 0 0 0 0 0.1492743343114853 0 0 0.1478163152933121 0 0.4225799441337585 0.3851871863007545 0.1453008353710175 0 0 6.828641891479492 2.502896755933762 0 0 0 16.14108876883984 0.9458218216896057 4.635029405355453 1.796943619847298 0.5115127861499786 0 0.3152602836489677 0.1378550380468369 0.2172920107841492 0.1093368530273438 0.1983569413423538 0 2.035117238759995 4.195924788713455 0 0 0 0 0.2496538162231445 0 0 0 0 0.2660665735602379 0 0 0 13.03462195396423 1.73577893525362 0.5008051693439484 0.3243175745010376 0 0 0 0.2472379207611084 0 0.4933663606643677 192.8716258108616 2.061809405684471 0.2136206477880478 0 0 7.695918619632721 0.1621846407651901 1.498293057084084 1.672591388225555 1.4452960267663 2.368501029908657 2.259166568517685 1.858935013413429 0 0.3719597160816193 0 0 0 0 0 0.1639653295278549 110.1817489340901 22.42615177482367 5.270668178796768 105.6129788830876 5.961055308580399 48.76968514919281 10.57375877350569 133.52758987993 6.196459211409092 0.4213111698627472 15.46902513504028 13.78365525603294 0 3.002901539206505 0.09722361713647842 10.38318064808846 0.1421615928411484 0 1.177236557006836 0.785202756524086 0
242.3185597807169 896.023388504982 70.572081156075 672.5358263403177 215.8386994451284 194.3856163546443 1697.710375152528 97.04579349607229 355.7919803783298 5252.602222979069 1039.820494160056 1271.242022275925 0 2857.045889787376 107.5830174013972 25.29462375491858 4.649888746440411 0.1091814264655113 0.09378872066736221 0.6380059272050858 4.44474671036005 0.1664841026067734 0.6647363752126694 0.3681470155715942 4.575139343738556 3.188621304929256 0.7718609720468521 4.285192579030991 0.4885711818933487 0.1216687262058258 44.22931895405054 24.18366991728544 627.8085075467825 0.3006349056959152 0.8565697148442268 26.24032940715551 215.8036316856742 15.89838954806328 12.69974809885025 15.84323208034039 16.28534872084856 11.67353903502226 1.560580864548683 10.07600490003824 0 2.360768690705299 90.52742567658424 2.38626329600811 0.2711617648601532 2.015759527683258 2.734070979058743 6.323916837573051 0.5164700150489807 3.351006679236889 0.8938728123903275 7.788574546575546 9.196261830627918 32.94754271954298 9.804953187704086 13.04664388298988 4.735761575400829 36.88522613048553 0.2515534311532974 27.23038927465677 2.965682134032249 1.241695180535316 1.827185526490211 2.221496254205704 6.660109728574753 14.08475128561258 175.3703948259354 81.43625553697348 2.552080169320107 24.02625502645969 17.92852486670017 41.05912042409182 38.65267614275217 40.39517819881439 6.420091167092323 680.8233777284622 13.48290731012821 42.44784284383059 7.05279940366745 0.7554271221160889 1.390813171863556 3.29028968885541 2.531088210642338 0.6743052825331688 0.7921604812145233 2.626636609435081 0.6317312121391296 2.502997495234013 12.54334043711424 9.203513793647289 6.159319095313549 3731.096517257392 185.71660528332 4.775143221020699 6.100425332784653 39.4863662570715 0.928655132651329 2.17769256234169 19.8079664260149 11.87477914988995 5.298443704843521 195.9220166057348 21.8066880106926 93.09218724817038 102.7172818630934 93.01129717379808 12.39748375117779 235.0577850267291 239.7574996873736 232.6275609582663 87.48478722572327 0.7368033975362778 0.2071628570556641 0 0.1637095063924789 0 0 0.104804202914238 0 0 0.1732897162437439 0 0.1219440102577209 0.3196520507335663 0 0.3515011146664619 0.09611749649047852 0.2627119421958923 0.8267741873860359 0 8.815284542739391 3.257935732603073 0.1669611781835556 0 0 32.41713462769985 0.7878199815750122 15.82434898614883 8.90303111076355 0.6729860603809357 0.7668889388442039 0.5101119875907898 0.4080474972724915 0.3888126611709595 0.1169509664177895 0.2976920902729034 0 1.650104112923145 8.582996383309364 0 0 0.814826712012291 1.006497628986835 2.158357672393322 0 0.3997177481651306 0 0 1.468608096241951 0 0.1667623966932297 0 32.47182225435972 5.818480812013149 0 0.1929796487092972 0 0.1725512892007828 0 0.2081439346075058 0.1632228791713715 1.473910003900528 327.6245381832123 3.293766051530838 0.4772679954767227 0 0.443392850458622 10.79539266973734 0.1350611746311188 0.7805780917406082 2.99153995513916 1.677450075745583 5.824651576578617 3.039055019617081 3.872001625597477 0.1759092509746552 0 0 0 0.1600485295057297 0 0.1822055727243423 0 153.5956022590399 46.08508513867855 21.41530754417181 481.370465554297 47.39611203223467 230.4134576246142 75.32996697723866 190.6597532853484 39.39458391815424 3.091644950211048 93.03268182277679 28.01920449733734 0.5722050368785858 10.82396268099546 0.5269685685634613 16.21955408155918 0.5471863597631454 0 1.915208339691162 3.93506832420826 0
