0 5780.648574441671 1555.552394419909 1965.601968765259 805.335170827806 222.7353536337614 470.5466379001737 57.94878976792097 60.96317039430141 1330.462524846196 284.0501800701022 334.0667276829481 154.3836595267057 75.12891929596663 1.292927607893944 0.7766519635915756 0.1146970614790916 0.1022616103291512 0 0.1126867681741714 0 0 0 0 0 0.1820903569459915 0 0.1759781241416931 0 0 628.4185058772564 0.7724578827619553 5.904108285903931 0 0 0 2.072929367423058 0.3920288383960724 1.962162397801876 0.0992690771818161 0 0.159060999751091 0 0.224319227039814 0 0 40.95702362060547 0.5845929905772209 0 0.31744334846735 0 0.409287765622139 0.5906922668218613 0.08946638554334641 8.385347910225391 5.080152377486229 598.5254899635911 778.8947098329663 74.47954536229372 16.03425472229719 0.4438505917787552 1.347531482577324 0 2.204545587301254 2.531295895576477 1.632385395467281 0.2097325399518013 0.1925056129693985 0.2346210032701492 0.3684750571846962 29.24640004336834 7.946994662284851 0.7894428968429565 220.2600008696318 18.18858756870031 29.08061307668686 2.63855005800724 0.5651269629597664 0.09045495837926865 15.3528236374259 0.4998252466320992 1.996386736631393 14.42895835638046 0.1848479807376862 0.304466225206852 4.181089043617249 0.186877578496933 0 0 0.3444215059280396 0 0.1434348523616791 0.3916595876216888 0 0.1459296196699142 224.3357224315405 11.97811388969421 0 2.24349819123745 2272.139840841293 0 0 0 0 0.1977762877941132 14.56569221615791 0.4378376305103302 0 1.778319031000137 5.539322972297668 0 8.745180010795593 3.747572243213654 0.1706991493701935 0 0 0 0 0 0 0 0 0 0 0 0 0 0 0 0 0 0 0 0 0.3505172431468964 0 0 0 0 0.1818356215953827 0 0.6969660967588425 0.2096068114042282 0 0 0 0 0 0 0 0 0.1765826046466827 0.1209740787744522 0 0 0 0.1371373683214188 0 0 0 0 0 0 0 0 0 0.1960854679346085 0.1724483966827393 0 0 0 0 0 0 0 0 0.8182505220174789 0 0 0 0 0 0 0 0 0.2093779742717743 0.3327982425689697 0 0 0 0 0 0 0 0 0 0 7.071692109107971 0 0.6377658098936081 54.30993869155645 5.543911188840866 83.85120020806789 32.92896439135075 1679.134525857866 28.83217247575521 0.2172344475984573 7.183564864099026 2.693865209817886 0 0.3073832243680954 0.6497897207736969 8.237424895167351 0 0 0.1276112049818039 0.4789396524429321 0
5780.648574441671 0 1835.718372456729 1683.477099344134 5837.270283803344 212.4534904807806 1709.590764507651 175.2146314680576 553.1812680587173 1791.351040564477 1168.485170722008 131.6949258744717 457.679157577455 419.3769942224026 10.63974642008543 6.782617583870888 0.5812490731477737 0.442423090338707 0 0.5596112236380577 0.4611487910151482 0.1341389417648315 0.1897417455911636 0 0.6082257553935051 0.5326983779668808 0.3269279003143311 1.535196244716644 2.948836453258991 0.4039570912718773 2054.367864876986 2.826871782541275 20.15502016246319 0 0 0.3031583279371262 9.033873915672302 3.242394283413887 3.99891222268343 1.823894985020161 0.09191972762346268 0.7834661677479744 0 1.114800699055195 0.1331561356782913 0 228.0875982642174 6.926509104669094 0.1651662737131119 1.137895070016384 0.2224317714571953 0.3389264941215515 0.5302102565765381 1.269598461687565 24.69084218889475 19.31176846474409 415.650588221848 1101.479963034391 133.4541575461626 71.47408419847488 0.9955239072442055 1.349298700690269 0.1144406870007515 30.90297038853168 12.09466549754143 6.183277271687984 0.588827021420002 0.7542701736092567 0.4534472823143005 1.092319041490555 39.29810022562742 1.73432831466198 0 507.7763747945428 179.7407448962331 254.8076972812414 53.11288303881884 3.694208398461342 0.4125619381666183 61.00596109777689 0.9944229647517204 5.412143476307392 74.04306434839964 2.004092633724213 4.50575664639473 13.4227541461587 2.293292656540871 0.07252056151628494 0 0 0.2330879718065262 0.4485976174473763 0.543521486222744 0.3322055339813232 2.326508030295372 75.76977444440126 2.39631299674511 0.1191455200314522 1.765715263783932 1439.553745679557 0.216083824634552 1.101446896791458 0.236429288983345 0.2584054470062256 3.010355085134506 80.33640031516552 1.408442810177803 5.176513373851776 5.360683605074883 16.59693838655949 0.3722932636737823 17.62087722122669 15.66405412554741 6.838312461972237 1.641632579267025 0.2327771335840225 0 0 0 0 0 0 0 0 0 0.1703590899705887 0 0 0 0 0 0 0 0 2.200098931789398 0 0 0.1279406845569611 0 2.992272064089775 0 2.574809789657593 0.758899100124836 0 0 0 0 0 0.2105240970849991 0 0 0 1.339787513017654 0 0 0 0 0.1558895707130432 0 0.6999756097793579 0 0 0 0 0.4803513437509537 0 0.5347464233636856 0.4436340034008026 0 0 0.2077585458755493 0 0 0 0 0.3886769413948059 6.551978439092636 0 0 0 0 1.009479627013206 1.26223486661911 0.139457106590271 0.3643684685230255 0 0.6709514856338501 0 0.1319762170314789 0 0.08636420965194702 0 0 0 0 0 0 10.79529242217541 0.2048493623733521 1.094336949288845 380.3052813112736 46.15000189095736 454.3985700309277 112.5526858866215 1154.558206021786 98.34789542853832 3.617523320019245 60.8649338632822 9.314730122685432 0 3.930720165371895 1.568785816431046 14.62280610203743 1.202841758728027 0 0.7123832702636719 2.931996196508408 0.1121426597237587
1555.552394419909 1835.718372456729 0 14.77072989940643 826.1449636220932 4.249386698007584 35.00203493982553 4496.575289927423 233.1090208664536 1.248894736170769 6145.910754814744 75.71689838171005 169.8024997264147 524.7999481484294 52.37295514345169 85.92898105084896 15.14576754719019 7.498964726924896 0.5879832729697227 60.14436269551516 45.01940465718508 0.7102479711174965 2.184343732893467 0.4661277905106544 9.167931288480759 2.794534675776958 4.817073792219162 8.446432806551456 2.739609815180302 0.5370839238166809 3958.474893510342 131.2239385023713 90.8834021165967 2.067098625004292 2.229175090789795 2.686511017382145 19.13609840720892 13.65172596275806 6.654339529573917 6.599985726177692 12.62109423428774 12.81027025729418 16.77432942390442 9.811807878315449 0.8491246402263641 3.767235204577446 123.3815841451287 6.945850640535355 6.676056399941444 26.40681750327349 3.834690161049366 1.55997309833765 3.322744533419609 10.53725901991129 5.937459878623486 6.222202457487583 147.2745860889554 990.7423023879528 36.59499149769545 25.62642373144627 69.58775109797716 36.05158306658268 3.383815824985504 435.5586925670505 4.424214728176594 5.354842811822891 2.512626633048058 26.68157231807709 56.41072499752045 123.4733649641275 54.95543401688337 6.328625477850437 0 205.125021584332 184.3301692083478 178.5306117460132 120.5646088719368 44.88444912433624 274.4146490618587 3016.071601472795 204.6979125291109 1164.108279399574 17.57222748547792 0.9570443257689476 2.695611387491226 4.053611129522324 40.76129333674908 0 0.7824280112981796 0.4987525567412376 2.404926650226116 1.01554898917675 53.23140025883913 3.722646974027157 5.64846283942461 14.60071282833815 2.042864099144936 0.4619756489992142 1.048041164875031 348.9604732841253 0 0 0 0 0 2.106347665190697 0.3569733649492264 0.7936964854598045 1.073700159788132 0.8592610657215118 0.5723723173141479 4.796187333762646 3.050366714596748 2.353502690792084 1.851027883589268 0.2861097902059555 0.3941331431269646 0.5134385675191879 0 0 0 0 0 0 0 0.7564074993133545 0 0.3670890182256699 0 0.5587666928768158 0.2761924266815186 0.1377473324537277 0.1487995386123657 0 2.494846507906914 0.2724258154630661 0 0.1775162369012833 0 3.086156345903873 0.3188691139221191 4.713901124894619 5.311104007065296 0.460432693362236 0.5429756045341492 1.180709809064865 0.4973581731319427 0.6698198318481445 0.3848256170749664 1.134295463562012 0.2725632190704346 0 0.6638891100883484 0 0.1792496293783188 0.5691603273153305 0.5906714498996735 1.220474064350128 0 0.2980425655841827 0 0 0.8651443123817444 0 0.1990380734205246 0.1273588240146637 1.467381373047829 0.358436644077301 0 0 0 0 0 0 0.1120218709111214 2.239817522466183 4.762368500232697 0.754856750369072 0 0 1.627646505832672 0.4464777261018753 0.70364098995924 1.379586100578308 0 0.6182743310928345 0.2339548990130424 0.7419446855783463 0 0.1163736134767532 0 0 0 0.1143134087324142 0 0.8844360858201981 0.2158749923110008 1.605510488152504 1.344370737671852 3.786602213978767 272.7368973940611 46.04007657617331 235.8003471270204 77.78160949796438 143.9203129187226 39.39018379151821 2.378262981772423 70.6547791659832 10.72817008197308 0.115291066467762 3.401972249150276 1.152481280267239 1.336424395442009 0.1824540048837662 0.1382354646921158 1.647708065807819 4.691540159285069 1.409552536904812
1965.601968765259 1683.477099344134 14.77072989940643 0 245.5733730345964 315.6063288152218 635.5307203158736 0.6167328357696533 70.0167924836278 3457.417593359947 2.699868150055408 2251.078355766833 1627.396424241364 142.4583379253745 0.3328212946653366 0.1308472156524658 0 0 0 0 0 0 0 0 0.1004504486918449 0 0.3392530828714371 0 0 0 44.6345499381423 0 0.1382868438959122 0 0 0 0.8754950016736984 0.4417222365736961 0.2361041828989983 0.1104015335440636 0 0.2404488548636436 0 0.1182816401124001 0 0.09076783061027527 27.1827225536108 1.69329296797514 0 0.3119083344936371 0 0 0.331902414560318 0.1398409307003021 4.669505037367344 2.489577122032642 68.08438279479742 99.17693462222815 21.15739004313946 8.960682526230812 0 0.1036126837134361 0 0.6514234244823456 1.687003247439861 1.65916121006012 0.1648368090391159 0.08598526567220688 0.1510499864816666 0.07290691882371902 1.23571989685297 0 0 73.53202733397484 15.72062619775534 26.27302077412605 4.308762095868587 0.1223023235797882 0 1.151603825390339 0.2039095982909203 0.1050793007016182 10.98900444805622 0.3765311390161514 0.6665402948856354 1.286906808614731 0.3109814748167992 0 0 0.1550363600254059 0 0 0.08957792073488235 0 0 106.0993512272835 0.2664214074611664 0 0 247.0144647434354 0 1.256841719150543 2.123046159744263 0.8530007302761078 1.727437496185303 15.99718335270882 4.367190420627594 5.657909795641899 5.49155692756176 20.47899425029755 0.1747996062040329 14.05970810353756 10.33220866322517 1.937136724591255 0.2076487094163895 0 0 0 0 0 0 0 0 0 0 0 0 0 0 0 0 0 0 0 0.4783720970153809 0 0 0 0 0 0 0.4501280635595322 0.1412173956632614 0 0 0 0 0 0 0 0 0 0 0 0 0 0 0 0 0 0 0.1508090198040009 0 0 0 0 0 0 0 0 0 0 0 0 0 0 1.088252037763596 0.3172778189182281 0 0 0 0 0 0 0 0 0 0 0 0 0 0 0 0 0 0 0 4.748274564743042 0.210575744509697 0.5864502266049385 59.46079332381487 4.616585791110992 64.85012713819742 14.06619587540627 550.3004691526294 12.08844720572233 0 10.83008633553982 0.9476268365979195 0 0.4965985119342804 0.1240493878722191 8.303878247737885 0 0 0 0 0.1233976185321808
805.335170827806 5837.270283803344 826.1449636220932 245.5733730345964 0 30.78575551509857 1331.91175775975 50.09845633804798 7803.636566922069 285.331899754703 1186.939741611481 79.00946827232838 509.5723136216402 763.1115355566144 44.87808334082365 12.21844168752432 0.9535451382398605 0.2819119319319725 0 0.776303343474865 1.614224076271057 0.2429762110114098 0 0 0.3764635398983955 2.482900768518448 0.1075699627399445 3.478972546756268 3.163541562855244 0.5632094219326973 406.4223771318793 3.852546706795692 16.29395810514688 0.2183142900466919 0 0.2628676816821098 24.96249423921108 3.275051325559616 9.479784525930882 2.053910456597805 0.1143456548452377 2.780637241899967 0.4052456617355347 1.551849447190762 0 0.110687643289566 328.0249646753073 6.743144690990448 0.2180675715208054 0.6730170100927353 0.4748828411102295 0.3711848184466362 1.325316101312637 3.29700443893671 23.02943155169487 18.07242546230555 166.2635008841753 340.6881292238832 84.67691374570131 88.39044672250748 1.058228082954884 2.433116264641285 0 42.63989886641502 12.04650668799877 8.720146052539349 0.9855331256985664 1.08982177823782 1.302073739469051 0.7454244494438171 160.0311955884099 4.622327886521816 0 373.6587933525443 223.6746081113815 424.3819236531854 165.2711447551847 10.77285163104534 0.6769272536039352 17.07391198724508 1.02346121519804 4.416678123176098 65.28243510425091 1.038298070430756 5.161804087460041 15.27185178548098 3.334430143237114 0 0.8773715198040009 0 1.660286903381348 1.297395527362823 1.00145647674799 1.584417894482613 4.178713589906693 188.7297155931592 6.631232760846615 0 6.439738236367702 117.8492468819022 0.6027627885341644 1.220971405506134 14.92132163047791 11.54502771794796 10.58996540307999 91.85706678032875 11.66448165476322 38.14472480118275 24.97761523723602 70.99786470085382 5.313872158527374 144.2588634938002 122.526296377182 45.65688589215279 15.61526528000832 0.7851030603051186 2.020863577723503 0 0 0 0 0 0 0 0 0 0 0.331002950668335 0 0.1976895183324814 0 0 0 0 16.33659346401691 4.038028284907341 0 0 0 19.16558661311865 0 11.00718811154366 5.363209590315819 1.138111412525177 0 0 0 0 1.127913132309914 0.7123569622635841 0 2.477053225040436 8.308366924524307 0.123278833925724 0 0 0 0.3350009024143219 0.4490741640329361 1.92547881603241 0 1.586604163050652 4.057179816067219 0.7096343040466309 0.8628125563263893 0.4110856503248215 16.08207777142525 3.91280672699213 0.8123981803655624 0 0 0 0 0 0 0 87.3019755333662 0.5830993205308914 0 0 0.1231482028961182 6.583578713238239 1.783943653106689 2.828368276357651 2.151520967483521 6.75013267993927 6.537660583853722 1.589493691921234 1.583499275147915 0.1624635756015778 0 0 0 0 0 0 0 57.28961081802845 7.803974293172359 9.788441173732281 700.5186045393348 98.99459172785282 685.3025466874242 169.7397931292653 663.1873432248831 176.354553334415 6.055737219750881 139.774230979383 42.3900238648057 0.6297468021512032 29.15929456800222 4.515709452331066 50.90566520392895 2.326947346329689 0.09990628063678741 1.606682404875755 4.588975071907043 1.788094334304333
222.7353536337614 212.4534904807806 4.249386698007584 315.6063288152218 30.78575551509857 0 139.597463876009 0.2883402183651924 38.58927138149738 494.3200554549694 4.989766970276833 350.6884377300739 203.281026892364 88.76640803366899 1.047293409705162 1.309528857469559 0 0 0 0 0 3.669588983058929 0 0 0 0 0 0 0 0 1.825781941413879 0 38.64827042818069 0 0 0 10.36050081253052 2.423579588532448 25.10118135809898 0.5999023616313934 0 0 0 0 0 0 1.783212400972843 0 0 0.1492702811956406 0.7640320658683777 15.48720270395279 5.678330287337303 0 0 0.08183769881725311 28.67246782779694 14.24330703169107 1.849881418049335 0.7956872805953026 0 4.338517084717751 0 0 0.2894666120409966 0.1892239153385162 0.174994170665741 0 0 0.2252213656902313 311.2318152785301 232.1645181626081 7.765043675899506 7.506251521408558 1.276200607419014 2.292342640459538 0.4089152067899704 0.1982325315475464 0 15.72108443081379 0 2.603433102369308 1.311837196350098 0.9300108700990677 0.08858805149793625 0.1743773967027664 0 9.858060374855995 1.597083285450935 8.953041285276413 1.08509773015976 3.750045642256737 0 0 0.9459848999977112 820.8199941813946 225.6026991456747 13.26947817206383 57.71154156327248 129.0536505281925 0 0 0.398057222366333 0.472263902425766 0 2.24017471075058 0.5201437920331955 0 0 1.783163994550705 0.1264145523309708 1.047281235456467 0.3686459064483643 0 0 0.4684227555990219 0 0 0 0 0 0 0 0 0 0 0 0 0 0 0 0 0.1736399233341217 0 0 0 0.2266629636287689 0 0 0 0 0.3360952287912369 1.298677310347557 0 0 0 0 0 0 0.2737522423267365 0 0.7309154868125916 0.3603868186473846 0 0 0 0.4380788207054138 0 0 0 0 0 0 0 0 0 0.2007011324167252 0 0 0 0 0 0 0 0 0 1.673353970050812 0 0.1633057296276093 0 0.1548772603273392 0 0 0 0 0 0.3526086658239365 0 0 0 0 0 0 0 0 0 0 1.610418230295181 1.078934550285339 2.568149641156197 11.04498237371445 1.83123917132616 9.360861539840698 1.276693783700466 105.23436640203 3.019479222595692 0 2.179415225982666 1.140409857034683 0 0.9540145099163055 0.220089852809906 1.764500856399536 0 0 0.2830121517181396 0.4656054675579071 0
470.5466379001737 1709.590764507651 35.00203493982553 635.5307203158736 1331.91175775975 139.597463876009 0 2.967032454907894 2719.225810542703 2365.957342661917 14.89955930411816 151.6447020098567 2752.514097027481 2546.082543492317 22.80433800071478 6.797385290265083 0.9801058545708656 0 0 0.8587613627314568 1.084371596574783 0.3159083425998688 0 0 0 1.50226092338562 0.2890229150652885 1.603865496814251 1.282626107335091 0.1944505572319031 106.0818155184388 1.783232696354389 10.5657267048955 0 0 0.7203359156847 14.97584857046604 0.6010950207710266 4.419510141015053 0.9590932354331017 0 0.8497728407382965 0.3246290758252144 0.8541539758443832 0.1777910441160202 0.1936713382601738 186.9871823266149 4.868375010788441 0.549432560801506 0 0.2386648580431938 0.8510883003473282 0.1660782247781754 1.672790721058846 16.25629584491253 14.2835653051734 129.4010469689965 188.5580721870065 56.37635967135429 47.92326545715332 0.7794168144464493 0.7989696636795998 0 12.57217887789011 6.782658971846104 4.467046178877354 0.5058006122708321 0.9385804906487465 0.7707943320274353 0.341666080057621 94.51996247470379 3.654650345444679 0 221.8415917828679 90.43087150901556 205.6393069177866 76.77806949615479 6.822240076959133 0.457462340593338 7.703180178999901 0.5787877961993217 1.624479852616787 41.77100632339716 1.303865619003773 3.115292757749557 8.930606886744499 1.090026006102562 0.2006220370531082 0.2873236909508705 0 0.3858810663223267 0.9282493516802788 0.6643142849206924 0.8105099201202393 1.913005366921425 295.8937556892633 5.347999848425388 0 3.447083823382854 149.1112012267113 1.364911764860153 1.353269666433334 9.582268118858337 4.909350469708443 3.393840745091438 87.85758499801159 14.51524794101715 35.94500805437565 26.10695308446884 80.68442861735821 6.333478480577469 137.0417037010193 109.4512378424406 38.66594011336565 13.79836337268353 0.5282434821128845 0.6829460561275482 0.6334760189056396 0 0 0 0 0 0 0 0 0 0 0 0 0 0 0 0 13.71215295046568 1.755306303501129 0 0 0 12.41033133864403 0 7.393350996077061 4.130361184477806 0.9042485058307648 0 0 0 0 0.7307976484298706 0 0 2.410190880298615 5.044146865606308 0 0 0 0 0.277534157037735 0.2608113586902618 0.9758003950119019 0 1.077636227011681 2.656631343066692 0 0.6884719729423523 0 8.309337005019188 3.628907516598701 0.4062866419553757 0 0 0 0 0 0 0 77.10019072890282 1.201206400990486 0 0 0.1280271857976913 4.941981568932533 1.856115758419037 2.497131958603859 7.18573834002018 4.079435959458351 4.805341958999634 0.7536169290542603 0.9849254041910172 0 0 0 0.1491500288248062 0.14519302546978 0 0 0 58.62436160445213 5.146117493510246 9.477428436279297 473.7365169599652 51.98014088720083 448.4118913263083 103.6410945951939 789.3000290691853 101.9973791986704 2.7911411896348 95.73260118812323 26.62628883868456 1.768640279769897 14.13624341785908 1.344855308532715 45.44518235325813 1.627533689141273 0.2840978801250458 3.209719225764275 1.89274300634861 0.526024341583252
57.94878976792097 175.2146314680576 4496.575289927423 0.6167328357696533 50.09845633804798 0.2883402183651924 2.967032454907894 0 19.451316639781 0.287083275616169 1055.088357634842 36.75933269411325 76.59675525873899 155.2690589651465 19.24700942635536 23.28320663422346 6.328907199203968 8.208494558930397 0.3349869400262833 41.3396201133728 27.17156924307346 0 3.052319571375847 0.2053057551383972 3.686915576457977 0.9646498560905457 1.035458669066429 5.765182666480541 0.4556975066661835 0.2218693867325783 922.2460369169712 576.2644137367606 15.32780234515667 0.7045455276966095 1.75895968079567 0.7713959366083145 6.863128855824471 4.630655705928802 2.847818911075592 2.21035723388195 4.172935366630554 7.570164874196053 11.84436221420765 6.532255247235298 0.6296465843915939 3.842806272208691 82.58816836774349 1.368432641029358 4.440879300236702 20.33320336043835 1.502470456063747 1.82855810970068 0.8736851513385773 7.030942879617214 3.656854405999184 3.493113733828068 52.24624723941088 178.5484433844686 15.69757410138845 15.57521986216307 92.76152162998915 14.91752408444881 2.968042626976967 69.31801354885101 1.017265938222408 3.437504507601261 1.256341271102428 10.38928980380297 32.09279747307301 56.61593773961067 14.66637920588255 0.8249772638082504 0.3573275804519653 86.29068513214588 104.0962249338627 140.4350229129195 85.55363491922617 70.60083427280188 329.2944334149361 1235.643862642348 275.8816603496671 1235.817710578442 11.98111494630575 0.4384261891245842 1.05432104319334 2.185901306569576 24.09834130108356 0 0.3647815585136414 0 1.659332655370235 0.9231643527746201 25.47670335322618 2.046851672232151 2.191230423748493 5.405228979885578 1.59289014339447 0 0.854588121175766 22.9044538512826 0 0 0 0 0.4818679392337799 1.56076318025589 0.1695834100246429 0.1804860532283783 0 0.7814644277095795 0.8485210090875626 0.8355414420366287 0.3255940079689026 0.6569892913103104 0 0.2908987998962402 0 0 0.1743953227996826 0.2175957858562469 0 0 0 0 0 1.0923752784729 0 0 0 0.5040871202945709 0 0.2677035927772522 0 0 0 0 0 0 0 1.901903361082077 0 0.3640604466199875 4.549354553222656 0.4387665390968323 0 1.125957280397415 0 0 0 0 0 0.1428943127393723 0.8537207245826721 0 0.3066331148147583 0 0.285064309835434 1.539505429565907 0 0 0 0 0 0 0.1445946097373962 0 0.8171210065484047 0 0 0 0 0 0 0.1028945595026016 0.1345870047807693 0.1533583849668503 1.70656330883503 0.4964017868041992 0 0.4796548634767532 0.6577825248241425 0 0.3121025562286377 0.1848174035549164 0.3726545572280884 0 0 0 0.1381336152553558 0.1472896337509155 0 0 0 0.0956282913684845 0 0 0 0.5224958211183548 0.2545364499092102 2.583144724369049 174.9426219537854 16.60771944373846 185.2101222425699 38.73348713666201 55.06167627871037 31.44575878977776 0.6013091430068016 44.94948664307594 3.856272362172604 0 0.09919494390487671 0.1287524104118347 2.996126532554626 0.2146780639886856 0 0.2743320465087891 0.9172303229570389 0.6295903921127319
60.96317039430141 553.1812680587173 233.1090208664536 70.0167924836278 7803.636566922069 38.58927138149738 2719.225810542703 19.451316639781 0 292.3832963034511 2253.846182122827 62.46653273701668 919.3531907722354 1426.657924026251 74.53761225193739 43.01694677770138 2.940353073179722 0.2449709922075272 0 2.142446398735046 3.401128746569157 0 0 0 0.5731058418750763 3.138069897890091 0.1480033099651337 3.355203114449978 5.515591867268085 0.3250148519873619 122.7939409762621 10.1392957046628 32.10548051446676 0.1228176429867744 0.1018865182995796 0.3111449033021927 27.73382206261158 2.664245411753654 7.705217652022839 1.202700555324554 0.14244644343853 1.657169014215469 0.1346141397953033 3.433826923370361 0.1349604576826096 0.1178236454725266 185.2621392458677 2.524855509400368 0.6849567219614983 1.341537058353424 0.3687241598963737 0.1651921421289444 0.4988050758838654 3.380081802606583 6.577966578304768 7.962088227272034 55.62932206690311 82.83646699041128 29.35248000919819 29.95885235071182 0.706419050693512 2.03179008513689 0 23.86972375959158 5.357676424086094 4.495380811393261 0.5458240583539009 2.326236508786678 2.81602568179369 3.203976482152939 190.5092206895351 9.661317974328995 0 115.2450962513685 90.07170989364386 279.3954732641578 198.1477070972323 35.17280083149672 0.5020548477768898 22.98186035454273 0.9643576517701149 6.742282532155514 23.12403250485659 0.5905940607190132 2.42007540166378 4.237771913409233 2.92259443551302 0.3745610788464546 0.4372082054615021 0.1248738840222359 0.7144141346216202 0.8697373867034912 3.580850213766098 0.9387957900762558 3.969063438475132 430.5754473283887 7.890952475368977 0 3.844015672802925 22.74484387040138 5.398341931402683 2.910872414708138 16.36283524334431 13.18394483625889 11.15011915564537 141.361421905458 22.61581352353096 65.64511010050774 45.58317360281944 131.8504840433598 13.85367578268051 249.8479282855988 227.474040158093 88.08756756782532 32.69958884268999 3.248388737440109 2.774992890655994 0 0.8260577470064163 0 0 0 0 0 0 0 0 0.2421148121356964 0 0 0 0 0 0 38.19828052073717 5.716639772057533 0.1737474948167801 0 0 28.19828576594591 0.3785041570663452 19.69626853615046 7.229463219642639 2.055414408445358 0 0.406187117099762 0.1122071444988251 0.3186841905117035 0.9479480087757111 0.969608336687088 0 5.268777117133141 15.25271102786064 0 0 0 0 0.2679517939686775 0.4255727380514145 2.017659932374954 0 2.032990008592606 5.40118570625782 1.011369824409485 0.5349181890487671 0.1983264833688736 19.56358893215656 5.153015792369843 4.199535384774208 0.3113301917910576 0 0.1258526593446732 0.110762432217598 0.1059946864843369 0 0.2951315343379974 136.1548549309373 0.6777660101652145 0 0 0 11.36148279160261 2.587862998247147 3.987796872854233 4.644295856356621 7.127745881676674 14.22775880247355 3.163032718002796 3.050738669931889 0.2565875649452209 0.3463407009840012 0 0 0 0 0 0 102.7971512377262 9.5795578956604 16.02883113920689 771.9822094365954 80.32377172261477 452.7562227249146 136.7287132441998 350.8345600664616 113.3560543060303 3.671775832772255 177.1197780221701 80.51550457626581 1.344374492764473 50.25662302225828 3.667631275951862 83.00889165699482 3.836326435208321 0.7625358775258064 6.868451088666916 5.690196380019188 1.609628915786743
1330.462524846196 1791.351040564477 1.248894736170769 3457.417593359947 285.331899754703 494.3200554549694 2365.957342661917 0.287083275616169 292.3832963034511 0 1.261886313557625 3126.85611282289 3645.396208323538 610.1457843780518 1.64580611884594 0.6262185871601105 0.1279175132513046 0 0 0 0.09763535857200623 0 0 0 0 0 0 0.3401755020022392 0.276275098323822 0 21.04852025210857 0 2.083951562643051 0 0 0 2.83431226760149 0.3772315382957458 0.6008644625544548 0.2379827499389648 0 0 0 0.108994334936142 0 0 31.63652394711971 0.753237321972847 0 0 0 0 0 0 4.004193395376205 1.778516747057438 81.80487727373838 78.76484639942646 21.03145496547222 10.65992884337902 0 1.083568684756756 0 0.840972363948822 2.507658466696739 0.6918383836746216 0 0.1430936455726624 0.2472089529037476 0.08965091407299042 15.65722430497408 0.7982415705919266 0 71.38326068967581 16.4291829764843 31.54856889694929 6.640127904713154 0.2724189013242722 0 1.365300908684731 0 0.7154368460178375 13.94760973751545 0.1789155155420303 0.4922516644001007 1.915154673159122 0.3043832331895828 0 0 0.1842255592346191 0 0 0 0 0.1464005261659622 711.5913431048393 3.808305040001869 0 1.060323446989059 516.5630068928003 0.2908168137073517 3.652304857969284 14.50451569259167 8.417964518070221 1.518788710236549 120.3981277570128 27.88742795586586 25.86971665918827 30.14949285984039 111.9253250211477 2.341642484068871 107.4962146282196 77.63358701765537 30.23863112926483 3.953823655843735 0 0.1298462599515915 0 0 0 0 0 0 0 0 0 0 0 0 0 0 0 0 0 4.786678977310658 0.2119782865047455 0 0 0 1.64643968641758 0 1.329973891377449 0 0.3259271085262299 0 0 0 0 0 0 0 1.464793682098389 2.759155452251434 0 0 0 0 0 0 0.6232433319091797 0.09720915555953979 0.5602835267782211 2.043072313070297 0 0 0 0.6507696956396103 0.5849189013242722 0.4979816973209381 0 0 0 0 0 0 0 14.7341649979353 0 0 0 0 0.9477466642856598 0 0.3150868266820908 1.296956196427345 1.388431251049042 1.741892449557781 0.4709766507148743 1.030253663659096 0 0 0 0 0.1304855644702911 0 0 0 56.02566114068031 0.6189164519309998 0.6225171685218811 83.01323029398918 5.501522824168205 80.45198169350624 18.79621660709381 774.0745024904609 19.20635502040386 0.842066153883934 15.10128392279148 3.522846437990665 0.3238457143306732 8.082407578825951 0.417344756424427 75.59054565429688 0.2025730162858963 0 0.6339907571673393 0.1168265864253044 0
284.0501800701022 1168.485170722008 6145.910754814744 2.699868150055408 1186.939741611481 4.989766970276833 14.89955930411816 1055.088357634842 2253.846182122827 1.261886313557625 0 544.9334187656641 1767.571744650602 3575.889922693372 105.9855869784951 102.3854238688946 12.20719238370657 1.661394141614437 0.1807342767715454 6.019873730838299 7.393720746040344 0.1407985091209412 1.696560814976692 0.2622877657413483 9.144275590777397 3.832528084516525 4.974624291062355 5.616060055792332 5.019983284175396 0.6405100524425507 833.9253837540746 175.5544268190861 331.3795435354114 0 0.7721147462725639 3.737897947430611 91.7781208306551 36.25909805297852 20.4260207042098 15.40978553146124 3.739528603851795 4.892156697809696 1.746080599725246 12.225201562047 0 1.46054670214653 240.9452862665057 4.281938798725605 2.143948547542095 6.166360445320606 4.960008382797241 2.042253851890564 0.9399274587631226 4.373284876346588 10.97328739613295 7.826174102723598 94.06174817681313 263.9075991362333 34.20053139328957 46.53386937826872 4.3154516518116 19.14136820286512 0.9369757473468781 75.88111034035683 6.37853217124939 6.93039146065712 2.085172079503536 16.54239416867495 13.1848881021142 35.36218475550413 260.6031188815832 17.34467172622681 0 185.8396928980947 182.3261803984642 405.4293594136834 290.9691278934479 60.40578519552946 105.8747762963176 694.6904173493385 5.284556999802589 131.5909516513348 27.07675667852163 0.764087401330471 2.795067392289639 4.939576126635075 11.3249928727746 0.1091374680399895 0.6440843939781189 0 2.477367118000984 1.057132914662361 27.18255323916674 3.660634279251099 4.659511603415012 84.79810293018818 4.86900332570076 0.3104669749736786 4.084093973040581 49.77082578837872 0.1848370432853699 0 0.1828150749206543 1.141627073287964 1.03197006136179 15.84103328734636 1.318374648690224 4.289686977863312 4.724317699670792 3.971360072493553 2.070146560668945 15.4104829877615 11.68007193505764 6.390747576951981 2.645473152399063 1.197051554918289 1.583820268511772 0.1183125898241997 0 0 0 0 0 0 0.2028574645519257 0.1338755786418915 0 0.197602778673172 0 0.3266591876745224 0 0.4626299887895584 0 0 3.449548527598381 1.473291859030724 0 0.1753153800964355 0 6.655168123543262 0.165401503443718 6.119764789938927 6.160795822739601 1.236808434128761 0 0.8602057099342346 0 0 0.2671550959348679 0.140552893280983 0 0.2163637727499008 2.047069162130356 0 0 0.3057664632797241 0.5285199880599976 0.4698913395404816 0 0 0.1044395491480827 0.5084890872240067 0.8431728482246399 0 0.3245402723550797 1.376348853111267 4.946769744157791 0.392971508204937 0 0 0 0 0 0 0 0.4965285062789917 22.51026628166437 1.464868322014809 0.2255133390426636 0 0.89739690721035 1.338852822780609 1.359992280602455 0.8123445510864258 0.646106630563736 0.985244944691658 2.355457291007042 0.5971713066101074 0.7809646725654602 0.1511372923851013 0 0 0 0 0 0.4779594242572784 0.3473576605319977 6.357705026865005 4.000863187015057 5.861736111342907 780.3384405896068 79.92853254079819 552.3568255007267 155.8897047638893 209.8758714199066 115.4973153695464 3.35261232405901 210.3438660204411 27.09575161337852 1.324003346264362 8.053494229912758 1.963890865445137 11.69035029411316 0.3761216849088669 0.3227581977844238 3.935003966093063 6.770191565155983 2.666097030043602
334.0667276829481 131.6949258744717 75.71689838171005 2251.078355766833 79.00946827232838 350.6884377300739 151.6447020098567 36.75933269411325 62.46653273701668 3126.85611282289 544.9334187656641 0 1323.492922477424 336.8875327557325 16.36588107049465 22.37449759989977 2.525819398462772 0 0 0.1582738608121872 0 0 0 0 0 0.2714463770389557 0 0.4860427379608154 0.6285192370414734 0 13.4690525457263 1.399575792253017 56.60134696960449 0 0 0.2062217444181442 100.5065970942378 3.31831181794405 6.877171397209167 1.353445440530777 0.2635340392589569 0.1282055079936981 0.2355011701583862 2.654320493340492 0 0.5796199887990952 24.85692427307367 0 0 0.3516250923275948 0.4164336174726486 1.029835596680641 0.3940979838371277 0.449876181781292 2.006781317293644 0.5215855613350868 10.69098813086748 10.603560552001 3.257238201797009 2.289009056985378 0 0.9098518043756485 0.1386338025331497 1.547060430049896 0.3725163713097572 0.4172682538628578 0.0863274559378624 0.3866401240229607 0.5075372904539108 1.051936224102974 359.1233431398869 13.6646381765604 0 9.736628912389278 7.944092027842999 28.01250507682562 25.25595989823341 10.21851876378059 0 53.23782112449408 0.1321896463632584 2.173957318067551 2.314914554357529 0.2989128977060318 0.1723828017711639 0.6300849318504333 0.2239294052124023 0 0 0 0.1991988271474838 0.1250664293766022 1.591091938316822 0.2759921848773956 0.3643232733011246 2323.425195850432 37.43421076238155 0.5541255474090576 7.328624099493027 98.81853602826595 2.103777632117271 6.029906630516052 13.12537183612585 8.382826313376427 8.636717036366463 109.3085246682167 19.57862813770771 45.15510782599449 27.93078392744064 106.0168348103762 8.240334585309029 178.3420889526606 132.5455766767263 57.44801159203053 12.2182869836688 0.7015499621629715 0.8530377447605133 0 0 0 0 0 0 0 0.3604272603988647 0 0 0 0 0 0 0.2366643100976944 0 0 20.74664424359798 3.410023257136345 0 0 0 15.58644506335258 0.1616793870925903 7.748130023479462 2.905373446643353 0.1327250450849533 0 0.4365479648113251 0 0 0 0 0 2.63482777774334 7.363051190972328 0.2692262530326843 0.2753764688968658 0 0 0.1125106662511826 0.5688791275024414 1.250509485602379 0 0.3945134729146957 4.380822695791721 0 0.2930824235081673 0.2030687183141708 13.30999305844307 4.08624205738306 0.4588857889175415 0.5420011729001999 0 0 0 0 0 0 91.29582579433918 1.438200399279594 0 0 0 11.61720216274261 0.828632079064846 2.626692906022072 4.167136624455452 5.526365235447884 7.66382709145546 0.8765228092670441 1.111530303955078 0.1502093076705933 0 0 0 0.1381077617406845 0 0.1512075662612915 0 77.58779926598072 7.970724686980247 9.285278871655464 140.1104447469115 16.19660647213459 65.13715995103121 18.29395884275436 218.2257340997458 11.20758569985628 0.5636234283447266 36.4557436555624 38.18375541269779 0.5568571537733078 17.36925028264523 0.4058781862258911 71.25730945169926 1.217245258390903 0.4873363077640533 1.869514092803001 1.490589648485184 0
154.3836595267057 457.679157577455 169.8024997264147 1627.396424241364 509.5723136216402 203.281026892364 2752.514097027481 76.59675525873899 919.3531907722354 3645.396208323538 1767.571744650602 1323.492922477424 0 1907.187672413886 61.38700936734676 87.56824863702059 10.16690570861101 1.401239134371281 0.1986884623765945 0.7830583155155182 1.745513796806335 0 0.2908525317907333 0 0.8323669135570526 1.741978190839291 0.4594641253352165 1.896382942795753 2.640528723597527 0.206453338265419 52.68375398218632 6.304158143699169 760.0211955457926 0 0 4.059718087315559 273.3674805164337 27.89504414796829 21.11674571037292 8.056830190122128 0 1.641255386173725 0.533853717148304 10.56945084780455 0 0.4548812210559845 99.94740752875805 1.438538707792759 0.1661717891693115 1.386117599904537 1.108827695250511 0.5365739613771439 1.096486166119576 2.21200654655695 1.511174455285072 1.902304731309414 25.2513637393713 32.21528121083975 9.256608672440052 11.76837895065546 1.574165016412735 11.19751062244177 0.2052284628152847 10.76946265995502 1.167538151144981 1.851324737071991 0.8342931121587753 4.392608799040318 2.081837631762028 4.955212898552418 675.0466452762485 23.40571796894073 0 37.85738959163427 30.27846679091454 135.7412162944674 109.3431502431631 42.01971978694201 0.5016816407442093 202.7787851542234 1.931839838624001 9.215792424976826 7.656663954257965 0.19728784263134 1.323146112263203 1.442377038300037 2.488249748945236 0 0 0 0.4340373054146767 0.1993319541215897 4.547353737056255 1.098994731903076 3.067268937826157 2246.107967302203 16.59817813336849 1.336259886622429 6.825423955917358 56.80013170093298 2.524635151028633 4.436727523803711 18.62639258801937 10.69409090280533 15.20639894902706 167.2149548977613 25.14734520018101 65.38023881614208 46.29421608150005 147.3524205386639 12.3803689032793 235.6480550915003 208.2087466567755 68.4550249427557 25.65904234349728 1.526935815811157 1.750726990401745 0.1289569586515427 0 0 0 0 0 0 0 0.211765393614769 0 0 0 0 0 0.370603010058403 0.389455646276474 0 29.00982317328453 5.468474075198174 0 0.1949871927499771 0 27.94785089790821 0.5766140669584274 22.13519371300936 7.717798255383968 0.310523733496666 0.3339745700359344 0.9211319759488106 0 0.5926876962184906 1.161303818225861 0 0 5.701540075242519 12.40211671590805 0 0 0.3614321947097778 0 0.1147662103176117 0.594152420759201 2.991627618670464 0.1233386024832726 1.300870642066002 5.690289452672005 0 1.030498370528221 0.5939452201128006 21.62116277217865 4.239238783717155 1.423094049096107 0.7526367083191872 0 0 0 0 0.1060560196638107 0 181.7955568134785 1.569900363683701 0 0 0.1404329985380173 11.69782138615847 2.189232870936394 5.389271199703217 6.569380939006805 11.87074638158083 14.0059999153018 2.237916946411133 1.761739023029804 0.2057899534702301 0 0 0 0 0.2290925085544586 0 0 147.2479999363422 15.42378361523151 15.19722060114145 474.405425131321 48.55275937914848 225.1111126616597 78.48506612330675 241.4285434857011 55.89423190057278 1.550301752984524 119.5548075586557 50.35884963721037 0.5483363568782806 28.57799935340881 3.336419723927975 74.11866945028305 2.454591080546379 0.4452357143163681 4.593776971101761 7.634653985500336 0.1548881381750107
