0 2934.998228281736 497.4352239146829 1956.481382787228 702.9823502972722 311.8732944577932 486.3989709615707 503.5264499783516 28.39266093075275 2117.73575925827 400.3395116105676 143.2336597442627 170.644570723176 98.93711820989847 2.678705781698227 2.057186886668205 0.3463406264781952 0 0 0 0 0.5441714227199554 0.2149022817611694 0 3.825457997620106 0 0.1561266928911209 0.6536057591438293 0.4021835699677467 0 912.6852250546217 27.09219495207071 18.80621499568224 0 1.340209633111954 1.451787054538727 14.60429568588734 1.380033046007156 1.746429041028023 0.1127088516950607 0.7336290329694748 0.3896582573652267 0 0.2103344798088074 0 0.1230239644646645 9.544395267963409 0.1253938525915146 0 0 0 0.6089731305837631 0 0.228963240981102 2.269482009112835 2.888961531221867 331.2825959473848 2165.503432586789 40.64825631678104 8.745438992977142 0.3453153669834137 3.33127823472023 0.3182776868343353 13.60098234564066 1.616375662386417 0.8947227746248245 0 0.1900260895490646 0.345835268497467 1.731494940817356 12.68543408811092 8.771898955106735 1.050813287496567 193.1258078664541 121.205907933414 35.94000101089478 6.500442028045654 2.248976074159145 0.127017468214035 125.3060545474291 1.111815422773361 16.21194745600224 3.95587494969368 0.4092509299516678 2.170557491481304 2.055768921971321 0.1694288849830627 0 0.08773963153362274 0 0 0.4445229470729828 0.4648812264204025 0.204110324382782 0.6044978499412537 153.8327072411776 48.87374119460583 1.26406455039978 2.915648989379406 1782.56040802598 0 0 0.8178889751434326 0 0.4436169564723969 5.754072666168213 0 1.730412110686302 77.92514838278294 2.514140218496323 0.8629186451435089 9.949100688099861 3.511123165488243 1.570661693811417 2.183507218956947 0.1512766629457474 0 0 0 0 0 0 0 0 0 0 0 0 0 0 0 0 0 0 1.698432266712189 0.2975519746541977 0 0.2192722260951996 0 1.320669859647751 0 0.8399301096796989 0.2302942723035812 0 0 0 0 0 0 0 0 0.3151459395885468 0.1201875656843185 0 0 0 0 0 0.1788084954023361 0 0 0 0 0 0 0 1.200966045260429 0 0 0 0 0 0 0 0 0 3.224395826458931 0.7948524951934814 0 0 0 0.4135704636573792 0 0 0 1.570578843355179 0.3518656119704247 0 0 0 0 0 0 0 0 0 0 2.545949339866638 1.196422785520554 1.526845529675484 125.6585446819663 4.337912887334824 83.30585656315088 48.16786086559296 2072.982528418303 48.4822634011507 1.725861266255379 9.290953636169434 0.731996163725853 0 1.09259194880724 0 9.873638987541199 0.09012075513601303 0 0.2986445128917694 0.3884041979908943 0
2934.998228281736 0 587.3535581454635 1334.552463755012 3543.18482298404 610.8682651221752 3078.782871060073 1546.767738513649 406.7410207390785 1823.517074510455 2794.569800399244 181.4699997678399 696.1768994182348 1489.547711215913 13.05509567260742 3.114494889974594 0.1600862592458725 0 0 0.1082821786403656 0.3712584525346756 0.1420018076896667 0.4655384719371796 0.1193822622299194 4.777568161487579 0.6131259277462959 0 0 0 0.09616970270872116 1979.44688320905 28.55787229537964 45.22196125984192 0 0.4400578290224075 1.564013659954071 19.74958879500628 1.744746088981628 2.66977721452713 1.510244593024254 1.12913466989994 0.1491767317056656 0 1.501142784953117 0.1173250526189804 0.1041181161999702 45.97536686807871 4.312212884426117 0 0.1371642053127289 0.4937759265303612 0 0 0.1962461024522781 5.390349417924881 12.52855339646339 73.99712679535151 1054.702252432704 29.332175783813 30.68176878243685 0.6301621571183205 6.059661716222763 0.1842390894889832 165.4221908301115 8.250739358365536 8.231225393712521 1.538249231874943 0.7524615302681923 0 1.911795370280743 7.794685624539852 4.989503554999828 0 245.0173269584775 368.3363208174706 129.5305527746677 39.0643590092659 6.273100517690182 3.327940665185452 221.203175149858 2.053652212023735 21.47053031623363 31.39369485527277 1.526623137295246 11.06675882637501 8.380171664059162 2.98422459512949 0.4249585792422295 1.389629602432251 0 0.1281227022409439 0 1.037782043218613 0.1710852682590485 0.3452694788575172 243.0495570451021 2.132413521409035 0 1.28286112844944 727.774011477828 1.120966881513596 0.3703950047492981 9.446428135037422 3.3084616959095 10.60808947682381 43.24028624594212 1.241954147815704 16.31922233849764 355.8677789866924 7.343470916152 10.42499960958958 78.54389177262783 47.56782603263855 33.69748316705227 6.410489931702614 0.297221764922142 0.7015770673751831 0 0 0 0 0 0 0 0 0 0 0 0 0 0 0 0 0 14.43166908621788 5.831645756959915 0 0 0 8.135168686509132 0.2023442834615707 4.624380871653557 0.2908970490098 0 0 0 0 0 0 0 0.3638167977333069 0.08355450630187988 3.03187395632267 0 0 0 0 0 0 0 0 0 0.9764985889196396 0 0.3152095675468445 0 5.461463883519173 0 0 0 0 0 0 0 0 0 30.06744489073753 0 0 0 0 4.110752820968628 0.4069522097706795 0.3603723645210266 0.4722428917884827 1.408821910619736 2.847924895584583 0.7765280976891518 3.899322137236595 0.1356871724128723 0 0 0 0.3002718612551689 0 0 0 16.7686675786972 5.629737861454487 7.14929137378931 299.3612209483981 30.88677278161049 340.6249314546585 109.7463442385197 1238.079093284905 65.12949232012033 5.92457327246666 53.82476138323545 3.933008104562759 0 5.21063906699419 0.2596845328807831 44.98863206803799 0 0 0.7076859474182129 4.010582268238068 0
497.4352239146829 587.3535581454635 0 4.365501180291176 1423.902849711478 11.48520391434431 37.11889988183975 5037.557408452034 463.9011433795094 4.515740059316158 4841.117626562715 2.286351390182972 96.04807048290968 799.3452127426863 38.02044511586428 27.47097493708134 4.67620737105608 2.509168431162834 0.1762571781873703 2.072908356785774 7.776882588863373 0.4118483811616898 9.68969789147377 1.569128766655922 41.12049628049135 2.881755657494068 4.889498077332973 6.183960154652596 1.053742319345474 0.773363396525383 6195.51828930527 639.4336285144091 168.5028307884932 1.471470132470131 24.40769289433956 8.033669576048851 76.52802397310734 12.08005712926388 7.733109168708324 4.404443010687828 54.98967011272907 9.317788869142532 8.640443578362465 10.44674389064312 1.392705604434013 1.290607422590256 48.88994486629963 1.820931784808636 2.649543628096581 4.30378382652998 10.47821813076735 1.519720003008842 0.1751207560300827 2.620104864239693 0.5016680359840393 2.433285482227802 14.80491968989372 539.829917691648 5.055327318608761 14.17670108377934 20.64075741171837 32.46005783230066 10.36141109466553 225.5164229646325 3.159851863980293 3.631864152848721 0.7192094326019287 8.950248032808304 13.43421030044556 101.9342353790998 16.1695719435811 2.558085270226002 0.7077898681163788 47.19316339492798 151.7384153306484 70.28984743356705 85.56215477734804 34.19174489378929 83.84749399125576 864.6519895792007 134.5247599482536 718.0224973633885 9.097942531108856 0.4827743247151375 2.877027332782745 2.139313586056232 7.673566058278084 0.1402043551206589 0.4930084422230721 0.2330196499824524 0.3745837658643723 0.7780472189188004 47.01072175055742 2.415842786431313 2.532249309122562 14.49080570787191 2.795580074191093 0 0.6422186940908432 350.9251395016909 0.3911966979503632 0 1.123308673501015 0.1839342415332794 0.8076254352927208 4.57100385427475 0 1.589488513767719 4.131546065211296 0.1503936946392059 0.7644671201705933 9.426498472690582 6.48614427447319 3.528903976082802 1.107394605875015 0 0.3774246349930763 0 0 0 0 0 0.3544703274965286 0 0.1638562381267548 0.9075134247541428 0 0 0.1896384060382843 0 1.141242995858192 0 2.641778767108917 0 1.807419583201408 0.658727765083313 0 0 0.1030528768897057 3.112919464707375 0 0.8930212631821632 1.018619321286678 0.5782327502965927 1.122478842735291 0.3030331134796143 0 0 0.645527645945549 0.1584723293781281 0.4313655942678452 0.1478568613529205 0.8367124423384666 0 0 0.519771620631218 0.248120129108429 2.747888192534447 0 0 0 0 0 0 0.1705955862998962 0.2575694248080254 1.707189723849297 0.4074316769838333 0 0 0 0 0 0 0 1.493153184652328 8.475833214819431 0.8152297586202621 0.3798112869262695 0 1.426176689565182 0.9004194736480713 0.09843262284994125 0.3998846858739853 0 0 0.7261742874979973 0 1.06156088411808 0.3025644719600677 0 0 0 0.09400894492864609 0 0 0.1519810110330582 5.214221581816673 2.016260884702206 4.826458603143692 129.3309378549457 20.18629435449839 125.2442677691579 34.02127584815025 78.17991112917662 20.11899988353252 1.781474083662033 25.21951646357775 0.6632383763790131 0.1517290621995926 1.579965658485889 0 3.841558881103992 0.1350551247596741 0 0.2730898410081863 3.83109674602747 0.1406583189964294
1956.481382787228 1334.552463755012 4.365501180291176 0 63.93420299887657 845.6367351263762 622.8352644145489 3.203197345137596 5.078875079751015 2281.92920011282 5.722778677940369 1257.767435707152 848.8905153349042 36.31006598472595 0.6988197341561317 0.8901046812534332 0 0 0 0 0 0 0 0 0 0 0 0 0.1393569558858871 0 81.8464383482933 0.4912626668810844 1.748318135738373 0 0 0 4.026821255683899 0 0 0 0.2498800605535507 0 0 0 0 0 3.868296585977077 0.137068122625351 0 0 0 0 0 0 0.24663046002388 1.18159981071949 11.40600786358118 107.1510000377893 2.694979704916477 1.892911076545715 0 0 0.1251070648431778 8.780053839087486 0.7543376535177231 0.6041552498936653 0 0 0 0.1175402626395226 8.078376397490501 0.5475087910890579 0 27.15058941394091 29.2447861135006 11.42891207337379 2.215338304638863 0.3662472665309906 0 3.451020836830139 0 0.1092599704861641 3.869459263980389 0.1481175124645233 0.6380244046449661 0.4961582496762276 0.2749637812376022 0 0.1143270954489708 0 0 0 0 0 0 289.7240879535675 0.4059533327817917 0 0 143.1403447687626 1.751553580164909 0.5860867202281952 2.622965916991234 0.7327703684568405 5.051818057894707 23.36650663614273 0.1773703992366791 8.290933161973953 123.4971910268068 4.643263190984726 3.034384801983833 40.94237877428532 21.92036044597626 13.56576630473137 2.796590894460678 0 0.9280272275209427 0 0 0 0 0 0 0 0 0 0 0 0.6714369654655457 0 0 0 0 0 2.942367196083069 3.432506516575813 0 0 0 0.5998030453920364 0 0.1890556663274765 0 0 0 0 0 0.6548004597425461 0.4196049273014069 0 0 0.2763676047325134 0.645523376762867 0 0 0 0 0 0 0 0 0.2071546912193298 0.5302393436431885 0 0 0 0.296390563249588 0 0 0.08328098803758621 0 0.2141799181699753 0 0 0 0 8.498603954911232 0 0 0 0 1.165293365716934 0 0 0 0 0.2941397279500961 1.129481673240662 0.5424282029271126 0 0 0 0 0 0 0 0 5.070724636316299 1.176295042037964 0.2381809055805206 49.96542663872242 1.491948358714581 31.93096951395273 8.298613697290421 458.8460764437914 5.232757173478603 0.4254120886325836 3.88743856549263 0.4792951643466949 0 0.1303424090147018 0 24.37298411875963 0 0 0 0.1491419821977615 0
702.9823502972722 3543.18482298404 1423.902849711478 63.93420299887657 0 39.98534248769283 1967.550853535533 496.2380521222949 10716.16889042407 191.6063091680408 2090.175265319645 58.53705956041813 3848.11581467092 5565.73329821229 25.76633360236883 2.587718121707439 0.3555029332637787 0 0 0.2368344664573669 0 0 0.1319269388914108 0.3204093277454376 0.5463979691267014 0.2588258311152458 0.1394076347351074 0.2236438989639282 0.5945473909378052 0.4664187133312225 1281.174031257629 22.1583551838994 11.08401554077864 0 0 0 18.13116121292114 0.8696885481476784 1.316274456679821 0.3089756444096565 0.5351937264204025 0.8174434751272202 0 0.521061472594738 0 0.09682081639766693 104.9568589478731 6.012133412063122 0.879642628133297 0 1.449921153485775 0.5828991457819939 0 0.3478515818715096 4.065719194710255 13.71169167757034 21.02237855643034 418.95794352144 8.698794022202492 46.81791529804468 1.476458311080933 2.0843910202384 0.1132494807243347 322.274790763855 11.53213170915842 12.84733083099127 1.756069354712963 2.320528775453568 0.3221330195665359 0.6842854768037796 48.48390939831734 9.913829408586025 0 159.2066304683685 368.4747275337577 168.8910355716944 113.0802548006177 5.582957901060581 1.313557416200638 18.72685762494802 1.29319205135107 8.945243276655674 44.05078428983688 2.351296186447144 13.32570857554674 10.92378472536802 3.349404938519001 0.2654135599732399 2.33354214578867 0 0.6353154927492142 0.5545639619231224 0.5562713220715523 0.2605419605970383 0.942028820514679 222.9222204387188 5.592510759830475 0 2.53592412173748 58.6026895493269 5.194328233599663 0.5788088887929916 14.22604215145111 5.248933672904968 30.3235776424408 60.4776676595211 0.5546920597553253 29.9197490811348 51.49359624087811 19.73087355494499 20.33245454728603 151.6698931455612 141.6366289034486 73.76651672273874 38.07462664693594 1.104614913463593 1.179591417312622 0 0.1424962729215622 0 0 0 0 0 0.1617966145277023 0 0 0 0 0 0 0 0 0 57.09891492128372 26.69309770315886 0 0.1008712574839592 0.2092353403568268 44.34356344491243 2.027543544769287 12.51599438488483 2.004987068474293 0.1762507483363152 0 0 0 1.863379538059235 0 0 0 3.387719541788101 7.573237501084805 0.4346708804368973 0 0 0 0.2020190060138702 0.2936563789844513 0.134226530790329 0 0.255908340215683 2.296535164117813 0.2844767272472382 0.2549970149993896 0 18.63544690608978 2.777564987540245 1.156472578644753 0.6845264360308647 0 0 0 0.1490142345428467 0 0 169.9956199303269 0.9838033989071846 0 0 0.1161677464842796 29.53233076632023 2.68216073513031 5.524786755442619 3.942338548600674 2.017364501953125 13.03476037085056 2.523655846714973 9.345222733914852 0 0 0.1023422032594681 0 0 0.1072405949234962 0 0 90.415990665555 39.82488433271646 40.69128210842609 465.3466110154986 69.74254241585732 497.4268829077482 120.0288524702191 218.7684583812952 72.3161860704422 7.327247463166714 84.78571143746376 11.6852523162961 0.721748560667038 14.3073296174407 0.1280376613140106 37.90286407619715 1.063472896814346 0.1309222429990768 2.039739698171616 10.37420096248388 0.8998721092939377
311.8732944577932 610.8682651221752 11.48520391434431 845.6367351263762 39.98534248769283 0 346.7997223138809 1.570481151342392 14.87789538502693 1247.792034581304 8.490828529000282 116.2730137854815 150.1076085865498 16.21756289899349 0.1429682523012161 0 0.3573504388332367 0 0 0 0.1530607938766479 24.31238158047199 0 0 0 0 0.1258946061134338 0 1.004064291715622 0 44.61493799090385 0 3.198014780879021 0 0 0 17.79609240591526 0 1.268692716956139 0 0 1.047955513000488 0 0.1360511928796768 0 0 0.2638979628682137 0 0.2981767952442169 0 0.4963652789592743 96.32001599669456 2.191392868757248 1.277841672301292 0.2854233086109161 0 148.9734155982733 27.1163403019309 4.022475823760033 0.130224734544754 0 0 0 0.4305261969566345 0 0.1947342604398727 0 0 0.2484166026115417 0 137.5026335120201 339.8893470466137 11.50626209378242 5.235871605575085 4.325423948466778 2.723019570112228 0.1863641738891602 0 0 0.5955456644296646 0 0.8248729780316353 0.2029043436050415 0.1039176285266876 0.1022048220038414 0.09109142422676086 1.351715117692947 3.405903339385986 0.9274033308029175 14.19409456849098 1.592477321624756 5.296066954731941 0 0 11.5894713550806 775.6256996691227 805.2719933539629 86.93996009230614 13.44388152658939 308.40151925385 0 0 0 0 0 2.647699058055878 0 0 20.94037076830864 1.193125501275063 0 1.025575250387192 1.252091906964779 0.3306813985109329 0 0 0 0 0 0 0 0 0 0 0 0.2024464905261993 0 0 0 0 0 0 0 0 0 0.2526600062847137 0 0 0 0 0 0.2455504685640335 0.3447339683771133 0 0 0 0 0.2005569338798523 0 0 0 0 0 0 0 0.1845305860042572 0.2457608282566071 0 0 0 0 0 0 0 0 0 0.282957911491394 0 0 0 0 0.3940692842006683 0 0 0 0 2.041290484368801 0 0.1901583820581436 0.4771937429904938 0.2234663665294647 0 0 0 0 0 0 0 0 0 0 0 0 0 0 0 0 0.6172606498003006 0.1298699975013733 0.1589293330907822 4.065666534006596 0 1.452821388840675 1.907963663339615 284.0293612703681 2.52251274138689 0 0.8895045965909958 0 0 0.2663590312004089 0 0 0 0 0.3389306142926216 0 0
486.3989709615707 3078.782871060073 37.11889988183975 622.8352644145489 1967.550853535533 346.7997223138809 0 69.38877709954977 572.4773053973913 3276.398322105408 184.4996912777424 915.5000604465604 8075.611369423568 2908.989627107978 31.32802023738623 6.864091157913208 1.135995671153069 0.3119049295783043 0 0.1393327265977859 0.1399905681610107 0 0 0 1.671674214303493 0.6546664088964462 0.1371215581893921 0.3209492862224579 0.6264523267745972 0.104359433054924 496.7206341028214 10.51437492668629 17.45634783059359 0.2068547755479813 0.6193933561444283 0 37.44347207993269 1.907755434513092 1.754981338977814 0.3630016595125198 1.872353814542294 0.6325814574956894 0 1.885267302393913 0.1050765067338943 0 88.5128485262394 3.049590140581131 0.09073113650083542 1.294875010848045 1.23191374540329 0.4618515074253082 0 0.2776989564299583 5.501569747924805 11.46713428199291 30.76868001371622 403.3432906270027 14.8427449464798 34.4296435341239 0.2164757922291756 2.863082446157932 0.6893783062696457 198.7663045078516 8.054961301386356 10.01332138478756 2.418586589396 2.295973815023899 0.1216360181570053 1.711481779813766 65.84056717157364 25.55367118865252 0 163.1343304812908 310.3564893603325 130.5177044570446 96.45013061910868 16.4493956938386 1.118685558438301 24.83992417156696 1.331741116940975 14.18893219530582 37.20490157604218 2.924875810742378 12.81016530096531 5.84596724063158 3.226930148899555 0.6910310536623001 1.421997658908367 0.2449475154280663 0.3979020044207573 0.3362196236848831 2.302518084645271 0 2.585750982165337 1719.120918229222 16.79032362252474 0.1301040798425674 2.927313834428787 99.91348346322775 9.17424564063549 4.035160630941391 45.2382470369339 19.98297448456287 77.99748861789703 313.0964150726795 6.095818698406219 113.0227481722832 220.1973876804113 69.71000416576862 62.84676496684551 560.7705527916551 423.6239917129278 238.1891209557652 75.26932667195797 1.883566230535507 2.250100694596767 0 0 0 0 0.225957453250885 0 0 0 0 0 0.103116899728775 0 0 0 0 0.2977902293205261 0.1159819662570953 134.233057051897 42.53600399196148 0 0.09966647624969482 0.09181150794029236 74.74109760671854 1.715125165879726 14.88481881469488 0.9661503732204437 0 0.1991759389638901 0 0.1228765696287155 1.449813932180405 0.2873972356319427 0.1649073362350464 0 4.062422402203083 15.10788583755493 0.4411682933568954 0 0 0.303228497505188 0.1262755393981934 0 0.1920379549264908 0.09150376915931702 0.1157433390617371 3.44890521466732 0 0 0 34.37954436987638 5.200032189488411 1.427594624459743 1.122913777828217 0.1749436110258102 0 0 0.1283217817544937 0 0 366.5020965486765 3.642257124185562 0 0 0 36.09710174798965 3.168429389595985 9.143655404448509 7.382811792194843 6.677584789693356 20.16472680866718 6.563656829297543 21.73379830271006 0.6615736484527588 0.4683267176151276 0 0 0 0 0.1601861268281937 0 220.5861162766814 66.17868327349424 51.89074537158012 567.800694398582 41.82229587435722 481.2696994170547 116.5772421136498 491.4996050447226 64.93134143948555 7.049612246453762 93.300651691854 26.31543170660734 1.661138489842415 25.79439704865217 1.216142803430557 156.9717806726694 1.635075092315674 0.1420342922210693 4.493707567453384 9.173850126564503 1.06511677801609
503.5264499783516 1546.767738513649 5037.557408452034 3.203197345137596 496.2380521222949 1.570481151342392 69.38877709954977 0 104.9058401733637 5.922585636377335 1225.435794070363 29.02487015724182 279.4640502408147 956.7230046540499 36.53272525221109 25.63393057137728 1.687786638736725 3.333209589123726 0.3564579039812088 2.463649593293667 7.391363680362701 0 4.082618042826653 0.4840401262044907 42.31005291640759 2.385061010718346 6.324212782084942 3.963262178003788 0.1880032569169998 0.2739896327257156 3088.047120310366 1335.807414390147 324.884999781847 0.9828609377145767 17.13499307632446 9.993854448199272 203.3125861138105 17.31756519526243 11.08086206763983 6.909162290394306 48.09817656129599 7.753363564610481 3.116043195128441 6.97138212621212 1.454973012208939 0.7015191912651062 60.52366852015257 1.932621829211712 1.2694146707654 8.28344064950943 6.717184230685234 0.270884670317173 0 3.055451564490795 0.9141433238983154 2.294971324503422 9.505367539823055 167.1141573339701 4.363566987216473 12.91466058790684 8.130985215306282 72.66727197170258 9.431580811738968 185.0548338741064 2.137731403112411 3.56948260217905 1.892736628651619 5.46582043915987 9.533218279480934 67.67012662440538 38.18448500335217 7.850278399884701 0.5696934461593628 37.02352732419968 91.82245400547981 62.20481341332197 107.2527272105217 74.10958140343428 607.3124582767487 1778.01082637161 84.54363702237606 1087.986529864371 10.08415908366442 0.5659858137369156 4.365223348140717 2.093895778059959 5.953048273921013 0 0.6175474375486374 0.1206716373562813 0.4258294105529785 0.4024266451597214 48.11489598453045 3.132420226931572 1.529246583580971 32.37145289778709 0.3000100255012512 0.3337789177894592 1.316809065639973 137.8026305884123 0 0 0.6388554871082306 0.1670448929071426 2.569857209920883 2.967475056648254 0 1.58300943672657 1.677960842847824 0.6718794256448746 1.442186504602432 7.437685593962669 6.80693893134594 5.912786111235619 1.496984593570232 0.1463891118764877 0 0 0 0 0 0 0.2686213403940201 0 0.163953885436058 1.392400801181793 0 0 0.2035441398620605 0 1.212241560220718 0 1.595556318759918 0 6.416058629751205 1.245845094323158 0 0 0 6.147688187658787 0.6564747020602226 1.611640132963657 1.241750344634056 0 1.179828181862831 0.1487453579902649 0 0.09015975892543793 0.3395276516675949 0 0 0.7848020642995834 1.859521776437759 0 0.1984421163797379 0 0.8556895405054092 2.379289388656616 0 0.2355607599020004 0 0 0.2506678104400635 0 0 0 3.132837578654289 0 0 0 0 0 0 0 0 0.9982360750436783 9.160777479410172 0.5742801800370216 0.1520261764526367 0 0.6478552371263504 1.360377997159958 0.1772110313177109 1.529148161411285 0.9683873951435089 0 1.237850591540337 0.9911851435899734 0.7455990165472031 0 0 0 0 0.08566621690988541 0 0 0.5087666064500809 4.325869277119637 2.217510551214218 5.346264563500881 258.7902938947082 21.51573110371828 195.1492610350251 40.87535601109266 56.31418237835169 22.45854682475328 0.5756760835647583 34.7014486566186 2.348890446126461 0 2.641575790941715 0.144704669713974 1.795367851853371 0 0 0.3493497595191002 3.657853029668331 0.5068060010671616
28.39266093075275 406.7410207390785 463.9011433795094 5.078875079751015 10716.16889042407 14.87789538502693 572.4773053973913 104.9058401733637 0 84.45705311000347 1356.717531211674 51.67253784835339 1895.050050295889 3991.65276274085 21.37444673478603 4.003764376044273 0.1787617206573486 0.1459051072597504 0.1651710718870163 0.1240218356251717 0.1436846554279327 0 0 0 0.256138876080513 0.6181164532899857 0 0 0.8865354433655739 0 232.2241701185703 9.957887522876263 13.70908709615469 0 0.1266206949949265 0.1908933594822884 22.62813935428858 0.1070230752229691 1.456514753401279 0 0.457994319498539 0.7045406401157379 0.09727539867162704 0.9807695597410202 0 0.1252890974283218 71.71006092429161 2.956454880535603 0.1319043934345245 0 0.1863763779401779 0.1732941120862961 0 0.537679485976696 3.579221710562706 5.261597171425819 4.984677471220493 79.12029104679823 4.63575991243124 19.163021735847 0 0.887751929461956 0.1491864770650864 121.2801035270095 5.19227410107851 6.384895488619804 0.8910853043198586 0.9913957267999649 0.1029940918087959 1.293982982635498 42.77039194107056 12.67519517242908 0 51.81616447865963 112.390145085752 78.7692939043045 80.64389482140541 6.327239394187927 0.7666388601064682 12.12146686762571 0.4980860501527786 4.370226502418518 25.56610206514597 1.718114323914051 8.125225231051445 4.300830915570259 2.573813952505589 0.09058600664138794 1.661710225045681 0 0.494270995259285 0.120292492210865 0.5496592223644257 0 0.5214016959071159 290.5559870675206 5.754058636724949 0 1.595980800688267 7.801018744707108 3.529744923114777 1.76892601698637 19.48507092893124 6.939248383045197 50.5834544673562 81.46085917204618 2.935644149780273 52.06092402338982 51.99548867344856 24.35187688469887 27.28422054648399 222.7926690727472 176.4025449976325 116.1637926474214 43.88392378389835 0.3186875656247139 2.166414253413677 0 0.1979119330644608 0 0 0.1299976259469986 0 0 0 0 0 0 0.1946998834609985 0 0 0 0.1310349106788635 0 65.1442109271884 24.92005988955498 0 0 0.2041318267583847 45.71629251539707 3.04924687743187 12.54345322400331 0.4243419989943504 0 0.1812274158000946 0 0 1.953550726175308 0.5434269458055496 0 0 1.1621910110116 9.360669501125813 0 0 0 0 0.3522253781557083 0 0 0.08415831625461578 0 1.891255155205727 0 0.1932463496923447 0 25.81422944366932 4.423329584300518 0.2083216533064842 0.4138725697994232 0 0.09316056966781616 0 0 0 0 204.6294330134988 0.8419419676065445 0 0.1000223085284233 0 22.07511605322361 1.358797550201416 6.023969322443008 4.039705872535706 9.189999148249626 14.86305824667215 4.480064876377583 12.79711807519197 0.5662054270505905 0.1039267405867577 0.08658430725336075 0 0 0 0 0 106.6174245849252 43.26575321704149 35.85206194221973 316.7786279097199 30.32403637468815 282.7742379233241 62.27867036312819 76.3385016694665 33.90780336409807 4.017968893051147 64.48521755635738 9.014776833355427 0.3718871921300888 11.98202672600746 0.5287192761898041 43.29303584992886 0.6854454427957535 0 4.73144269734621 9.119137935340405 0.753412701189518
2117.73575925827 1823.517074510455 4.515740059316158 2281.92920011282 191.6063091680408 1247.792034581304 3276.398322105408 5.922585636377335 84.45705311000347 0 44.55223872512579 2212.948342993855 5093.683603130281 539.1936691775918 6.589531987905502 2.349517278373241 0 0 0 0 0 0 0.1821515709161758 0 2.235677346587181 0.09917912632226944 0 0 0 0 73.80008105933666 0.340123362839222 78.70964475721121 0 0.2034967988729477 0 138.5952092856169 0 0.212424099445343 0.1951144188642502 0.6007957756519318 0.3613133355975151 0 1.493685021996498 0 0 14.04037698358297 0.5788595601916313 0 0 0.1219787448644638 0 0 0 1.31944801658392 2.181405812501907 16.45306739956141 103.7884348928928 3.456316575407982 3.661076739430428 0 0.5763511210680008 0.3472637236118317 15.62570281326771 0.9113671854138374 1.388845853507519 0.2760967463254929 0.2230526879429817 0 0.2993222624063492 147.794204570353 26.18590231984854 0 34.92936597019434 41.68809399753809 18.00473879277706 15.89046829938889 7.114682123064995 0 44.46606897562742 0 1.212965093553066 4.945484653115273 0.3989356383681297 0.8145209103822708 0.8187824487686157 0.7053201869130135 0.1083944439888 0.2992057651281357 0 0 0 0.3585345596075058 0 0 2312.403885230422 25.60307928919792 0 0.7812575250864029 184.6368996798992 4.948329582810402 5.479219943284988 63.87979918718338 103.9651293456554 22.22459521889687 189.3259151875973 7.693791851401329 67.24248590320349 305.9695998132229 78.87753663957119 35.69185495376587 347.2548416629434 304.1594818383455 214.7420820295811 22.28672121465206 0.2899046987295151 1.207359552383423 0 0 0 0 0 0 0 0 0 0 0 0.1383272856473923 0 0 0 0 0 34.49229075014591 17.39849105477333 0 0 0 22.35952691733837 0 6.94683351367712 0.5616875290870667 0.1215610429644585 0 0 0 0.1870381087064743 0 0 0.1388835310935974 2.100630350410938 3.267745040357113 0.2269002348184586 0 0 0 0 0.1977627575397491 0.2435181140899658 0.102637991309166 0.3206194937229156 0.8273403123021126 0 0 0.2288460582494736 8.103885188698769 2.446701988577843 0.2231324017047882 0.2724715396761894 0 0 0 0 0 0 109.0734819769859 0.386691614985466 0 0 0 11.45520570874214 1.524325340986252 0.876495286822319 2.115057937800884 3.306681290268898 6.916267894208431 4.753331199288368 5.855849675834179 0.5016774162650108 0 0 0 0 0 0 0 94.41149365156889 20.89042518287897 10.76954272389412 174.8294480293989 3.389158628880978 82.10393349081278 17.97352503240108 784.0256333276629 15.68234056979418 0.8354222923517227 17.20393896102905 7.477475948631763 0 7.761599682271481 0.421832762658596 161.2733635082841 0.456503689289093 0.1609369963407516 2.260013625025749 1.34170938283205 0.1897768378257751
400.3395116105676 2794.569800399244 4841.117626562715 5.722778677940369 2090.175265319645 8.490828529000282 184.4996912777424 1225.435794070363 1356.717531211674 44.55223872512579 0 224.7678233683109 1254.245220988989 3201.385800540447 38.67717446386814 14.20593222230673 1.319758802652359 0.1755738705396652 0.1692408472299576 0 0.1545311659574509 0 0.7287666797637939 0 3.443466782569885 0.2406059056520462 0.3707681372761726 0.3272381275892258 1.095016062259674 0.1018324047327042 1306.33000908047 96.01453156769276 524.3603570610285 0 0.4694328606128693 1.857923731207848 235.5778404921293 2.630766123533249 8.605239778757095 1.532340914011002 1.024530440568924 0.6693095117807388 0 1.770600080490112 0.176742285490036 0 101.2435542941093 3.795409627258778 0 0.1928863823413849 0.8133886456489563 0.153011828660965 1.375070989131927 0.8899044990539551 3.284452646970749 3.280057705938816 4.695554681122303 103.0436129122972 4.903602197766304 27.03452710807323 0.781262494623661 15.68277820944786 0.8523094952106476 147.120992384851 3.847704529762268 7.736248053610325 0.9710144475102425 0.9953336715698242 0.2993004024028778 3.213335603475571 133.4950412511826 19.7394991517067 0 40.40057948231697 107.42514552176 109.2816352546215 136.6651119291782 20.30425083637238 4.194337524473667 150.1035290211439 0.4949209988117218 25.55636335164309 18.26583991199732 1.625453308224678 6.15167910605669 3.338434942066669 2.472156569361687 0.1640723347663879 1.483506463468075 0 0.1234009861946106 0.6990025043487549 0.808273658156395 0.5995413586497307 0.6740069091320038 175.774492919445 7.120791077613831 0 2.643396839499474 44.70090556889772 2.534558147192001 0.4044523984193802 1.217115759849548 2.059040576219559 15.3476143181324 22.5891937315464 0 12.84285050630569 9.840977102518082 8.348556339740753 7.18675372004509 53.64576653391123 49.18454900383949 41.80548900365829 11.89907774329185 0.2374141588807106 1.010056003928185 0 0 0 0 0 0 0 0 0 0 0.3009473979473114 0 0 0.2820672690868378 0 0 0 17.9435767531395 6.179341301321983 0 0 0 18.5159879475832 0.2517065033316612 5.899692043662071 1.122603580355644 0 0.3038336336612701 0 0 0.5620054602622986 0.4801995009183884 0 0 2.194513484835625 2.104682259261608 0 0 0.1332465410232544 0.4462542533874512 0.1413010060787201 0 0 0.09204607456922531 0 0.3506333231925964 0 0 0 14.1850241497159 1.342559888958931 0.5610500425100327 0.33080093562603 0.1876169443130493 0 0.165277287364006 0 0 0 62.91652391850948 0.4427821040153503 0 0 0 7.346599787473679 1.26815539598465 2.329708963632584 3.089289486408234 3.144408456981182 5.4874666929245 2.100531607866287 5.073034256696701 0.1909370049834251 0 0 0 0.1585275679826736 0 0 0 34.11889524757862 20.89879734814167 18.16348491609097 451.0581781044602 31.24450147151947 313.7034544795752 67.34802455455065 74.11360988765955 41.30999404191971 2.829731434583664 66.45945223420858 6.662626132369041 0.186945304274559 5.908695138990879 0.256352998316288 11.67636397480965 0.511845588684082 0 0.4729201942682266 6.91219874471426 0.1627967357635498
143.2336597442627 181.4699997678399 2.286351390182972 1257.767435707152 58.53705956041813 116.2730137854815 915.5000604465604 29.02487015724182 51.67253784835339 2212.948342993855 224.7678233683109 0 2026.985815323889 529.6995560973883 22.14842467010021 22.33494422584772 1.037801146507263 0 0 0 0.3508221358060837 0.1642251014709473 0 0 11.97532178461552 0 0.3225067704916 0.3363738059997559 0.6526518911123276 0 12.51669538766146 1.914241373538971 139.0563886761665 0 0.2642790377140045 0.8493024855852127 314.4448324516416 2.826104953885078 3.436224102973938 0.5811650604009628 2.193969205021858 0 0 4.296735599637032 0 0.368396669626236 41.20809398591518 1.287010446190834 0 0.4666258096694946 0.2660121023654938 0.347276508808136 0 0 0.7620693445205688 1.306006036698818 1.966033473610878 24.47036710381508 0.8052502274513245 5.881956100463867 0.1260467320680618 1.296181455254555 0.5422681272029877 25.39128173142672 1.618907868862152 1.930377908051014 0.1815808489918709 0.225152924656868 0 2.064724490046501 176.6223913580179 70.86511582136154 0 22.12072881311178 26.06193488836288 34.20415300130844 50.59698648005724 25.56530847400427 0.3605086207389832 322.2857064306736 0.4757851809263229 7.113117963075638 7.847376130521297 0.5201746076345444 2.675039239227772 1.360969856381416 0.2332465052604675 0 0.08048961311578751 0 0 0 0.1288914531469345 0.4056853652000427 0.3116927295923233 1527.359326466918 112.4941049143672 0 0.5013414546847343 12.36712646484375 2.543262302875519 0.3730631172657013 8.778236091136932 4.789893701672554 16.70867900550365 60.90994118154049 1.627567201852798 22.17472010850906 101.1865737736225 14.55772452056408 10.37936633825302 98.57700233161449 95.66395342350006 85.47032801806927 20.57608370482922 0.51828832924366 1.029846474528313 0 0 0 0 0 0 0 0 0 0 0 0 0 0 0 0 0 33.24934027343988 15.29018246382475 0 0.1308446675539017 0 29.8516529276967 0.2410552352666855 3.830047585070133 0.8518807739019394 0.1189158111810684 0 0 0 0.2714412063360214 0.4843323975801468 0 0 2.280012212693691 2.537028789520264 0 0 0 0 0 0.2356361076235771 0 0 0 0.4963230788707733 0 0 0.1257018595933914 15.05020754784346 1.327761188149452 0.2944606840610504 0.07707402855157852 0 0 0 0.24729123711586 0 0 97.99448390305042 0.5296089798212051 0 0 0.1368441432714462 10.25671607255936 0.1839202046394348 0.7829902023077011 1.263941764831543 3.468592688441277 6.787573508918285 0.5254096686840057 6.805474288761616 0 0 0 0 0 0 0 0 75.8534230440855 39.48087333887815 16.4458127245307 356.7548756748438 8.141353435814381 187.3170719072223 32.06359834969044 108.6486449763179 26.74693237990141 0.5950470790266991 46.09723665565252 6.423759147524834 0.2789719849824905 7.299835011363029 0.2794476076960564 17.05557391047478 0.2811323702335358 0 1.498308420181274 2.739025577902794 1.273052081465721
170.644570723176 696.1768994182348 96.04807048290968 848.8905153349042 3848.11581467092 150.1076085865498 8075.611369423568 279.4640502408147 1895.050050295889 5093.683603130281 1254.245220988989 2026.985815323889 0 6779.698937654495 137.8471851348877 86.4680548235774 15.38614141196012 1.08018870651722 0 0.4705089032649994 1.33993011713028 5.152528464794159 1.624075770378113 0.5406198352575302 23.22400591522455 1.321981452405453 1.526986546814442 2.938995771110058 2.302422434091568 0.149092361330986 100.2215687409043 25.11279859393835 650.3255404233932 0.1521625369787216 3.94474034011364 6.207703933119774 390.1698553711176 9.93817675113678 31.23957175761461 5.678309634327888 10.09283844381571 2.624092422425747 0.607376366853714 24.17591912299395 0.8174637332558632 4.571436606347561 192.0630871355534 4.088596731424332 1.135000094771385 1.078742399811745 1.780735112726688 3.505879558622837 24.90926675498486 2.973683275282383 4.240703769028187 6.75042200088501 6.27143606543541 66.0393685400486 5.355681851506233 29.75187749415636 2.146161146461964 42.60305298119783 2.686431959271431 148.0359506234527 5.07732879370451 6.580376446247101 1.273513123393059 1.722689621150494 1.016736954450607 8.592548064887524 392.3272060602903 310.6526795178652 1.153701409697533 67.58038808405399 127.095982991159 143.9552570283413 260.7796331718564 99.15949091315269 8.548232436180115 641.4633046984673 9.228140741586685 57.3980568125844 26.50897648185492 1.143066085875034 9.424350075423717 5.216998971998692 3.643781445920467 0.09573143720626831 0.763446569442749 0.2688364088535309 0.6229485645890236 0.5390343219041824 9.061562344431877 1.662422381341457 2.221348583698273 2839.989522777498 158.1049848720431 4.7202128469944 21.25276279449463 23.79903399199247 11.21733748912811 1.414802238345146 36.11388581991196 33.96222142875195 65.16729652881622 279.1902135014534 6.602207466959953 81.55095243453979 218.8310558348894 64.293521925807 59.80096184462309 434.3668543472886 346.2742883935571 250.8611363172531 92.25455778092146 5.166460007429123 7.636426649987698 0 0.2694971337914467 0 0 0 0 0 0.4123381301760674 0.3502171635627747 0 0.3872931748628616 0.5114921778440475 0 0 0.1273864358663559 1.008656933903694 0 109.2755011841655 45.19738139212132 0 1.511143878102303 0.4517406076192856 142.4773799702525 5.121204756200314 45.43400671333075 10.74392095953226 0.3783460855484009 0 0.3583775162696838 0 3.681743815541267 4.168823510408401 0.3289379477500916 0.5210718512535095 10.17450806498528 20.83121904730797 0 0 0 0.2358370572328568 0.567564494907856 0.431831382215023 0.9622953236103058 0 0.2211555391550064 4.352995209395885 0 3.126475788652897 1.220817409455776 60.28088753670454 9.703948020935059 2.488632768392563 0.5656953081488609 0.2115682065486908 0 0 0 0 0.2204279750585556 454.0731528699398 24.10739935934544 0 0 0.3411815166473389 46.11282398551702 19.14433294534683 18.07459093630314 7.691302880644798 11.26289848983288 31.85393889248371 14.66209945827723 31.52718994766474 0.9251227378845215 0.1419815123081207 0 0 0.3130208551883698 0 0 0.1499675065279007 256.0729841068387 153.0097102448344 161.3966949060559 1094.941593289375 63.43329956382513 640.6114622876048 114.8449301570654 217.7211168706417 85.1077134013176 4.632773913443089 146.1783014759421 38.36749159544706 1.293694578111172 47.7192762568593 2.339341782033443 99.54344409704208 2.649580739438534 0.2176225483417511 7.8193199634552 21.07053976505995 2.256219044327736
