0 2830.887407340109 1522.52860699594 2501.256942331791 748.7360292375088 160.2650645524263 405.5577679350972 199.2233624756336 116.4897972345352 1082.056141659617 607.7605762034655 40.63811477273703 69.83931707590818 109.2047184929252 1.795085027813911 0.920416884124279 0.4392040446400642 0.1288840919733047 0.1773336827754974 0.1633407026529312 2.50959350913763 0.3653101027011871 0.2879022061824799 0.9579262584447861 0 0 0.2368539720773697 0.2283092513680458 0 0 953.5672756582499 25.3510378152132 13.46394848823547 0 0.2423437312245369 0 11.01726102828979 0.5472992062568665 1.332500569522381 0.7697299122810364 2.09985575824976 0.7218954190611839 0.4477182924747467 0.2560495883226395 0 0 23.95550049096346 8.739827401936054 0.9852326288819313 0.2415493577718735 2.911536142230034 1.953649431467056 0 0.5659585148096085 7.660846695303917 6.737400032579899 346.8593811690807 1642.054543174803 46.68286568671465 9.811886064708233 0.2593637034296989 1.901687100529671 0 24.41385496407747 5.208795085549355 3.950823992490768 4.784460298717022 2.446521289646626 0.3305379301309586 3.194144427776337 26.89109916985035 10.66728852689266 0.9473911449313164 221.0084306672215 14.74780245870352 18.21186549961567 11.51440177857876 3.351409457623959 2.713861837983131 27.25298168510199 0.9623607769608498 9.429410703480244 29.21294748038054 0.7540244609117508 2.102009758353233 4.589595973491669 1.718000002205372 0.2518244683742523 2.223201014101505 1.052231356501579 1.158949874341488 0.3390337824821472 0.122546873986721 0.1310714334249496 0.3771842271089554 305.0320235192776 5.337085865437984 3.717349603772163 0.2763857543468475 1468.603465124965 0.309713751077652 0 0.481538325548172 0 0.5725595355033875 8.826908819377422 0 2.692411258816719 3.136095583438873 2.294903874397278 0.9108535721898079 3.360478542745113 5.6937335729599 4.872222930192947 1.926961988210678 0 0.4349027052521706 0 0.1172966659069061 0 0 0 0 0 0 0 0 0 0 0 0 0 0 0 0.5826715230941772 0.465098112821579 0 0 0 0.231297992169857 0 0.8031347617506981 0.6242626458406448 0.3870614394545555 0 0 0 0 0.1504738926887512 0.1167126893997192 0 0 0 0 0.103081502020359 0 0 0 0 0 0 0 0.2169415503740311 0 0 0 0.8680466860532761 0.3409686535596848 0 0 0 0 0 0 0 0.2307394221425056 3.673629269003868 0.1189478114247322 0 0 0 0.3067500591278076 0 0.1793121248483658 0.2397429496049881 1.022608429193497 0.4064153879880905 0.4838331341743469 0 0.09577827900648117 0 0 0 0 0.168575793504715 0.09503930062055588 0 0.705724261701107 0.3728728592395782 0.5058481246232986 30.49168365448713 5.35163202881813 92.72412817925215 13.56062684208155 1702.87716177851 37.19663389027119 2.232051178812981 9.369268223643303 3.341278553009033 0 2.004521682858467 0.3054201006889343 6.780551165342331 0 0 0.2450836151838303 0.7764913439750671 0.2312167286872864
2830.887407340109 0 1083.485482849181 1600.954374678433 1816.159180819988 149.2106066644192 6999.985409788787 621.5550434216857 848.2610626444221 500.1505032554269 713.2299139872193 171.7995727136731 789.7595707476139 1225.294507354498 13.1094718426466 3.317036353051662 0.7078545689582825 0.3051936328411102 0.1007436662912369 0.3410603702068329 4.710671693086624 0 0.2487222328782082 1.264807373285294 0.2676775753498077 1.099259227514267 0.1055663675069809 0.8122886344790459 0.3795267716050148 0 1987.453105144203 115.1810957863927 47.57882307469845 0.2186595648527145 0.8165208697319031 0 30.26024748384953 0.5038925856351852 2.379834398627281 0.4385929852724075 3.504497699439526 1.95913914591074 0.903777539730072 0.3502821922302246 0.2908572554588318 0.8467095494270325 123.5928764045238 28.4697173088789 2.751540310680866 0.3941344022750854 11.32885700464249 0.2018257156014442 0.3502181172370911 0.619868591427803 14.90561291575432 25.7802731320262 84.9086033180356 773.2279747128487 51.2828946262598 27.67772764712572 0.5792152136564255 3.584515318274498 0 143.6014764308929 14.4394164159894 12.70302639901638 16.54432970285416 12.20339559018612 0.8428762853145599 3.726663187146187 60.83811447769403 4.850301191210747 0.5387397706508636 218.7463901787996 38.82764039933681 80.42530469596386 48.40514028072357 9.100688494741917 10.74668101221323 41.26105282455683 3.647483207285404 15.75742047280073 71.4433161392808 2.943345673382282 9.006108701229095 17.00889746844769 8.012205012142658 0.337897039949894 7.198359645903111 0.2648215666413307 3.858253583312035 0.9497583135962486 1.600005067884922 1.672097884118557 3.089167252182961 170.8204474002123 5.212803170084953 0.1459575891494751 1.5057532787323 441.8506626114249 1.770763605833054 0.6984285116195679 6.050953432917595 6.461772188544273 3.481707967817783 258.7346310466528 4.068805426359177 6.907094992697239 8.773455247282982 21.44479574263096 4.548155307769775 30.17020203918219 23.15648493170738 23.05517803877592 13.09408552199602 0.7151889950037003 3.360704183578491 0 0.2716340571641922 0 0 0 0.1673261970281601 0 0 0 0 0 0.1602562218904495 0 0 0 0.107457622885704 0 4.095754310488701 2.385637730360031 0 0 0 8.011308372020721 1.037548691034317 3.602307587862015 2.829988710582256 0.6689416691660881 0 0 0 0 0.4270736128091812 2.492681428790092 0 1.443825021386147 4.565119579434395 0 0 0.1268868148326874 0.1131618842482567 0 0 0 0.1972354203462601 0.8445960283279419 1.054251998662949 0 0 0.2279067412018776 5.414579674601555 1.996735975146294 0.1889218389987946 0 0 0.1237895116209984 0.1557920724153519 0.09751725941896439 0 0.1480106860399246 37.61369028687477 0.982872486114502 0 0 0.3172850161790848 2.565782487392426 2.01125605404377 0 0.4221533238887787 5.906214959919453 2.934276290237904 1.368675857782364 4.420767039060593 0 0 0 0 0 0.0917314887046814 0.4135162532329559 0 12.83253318071365 10.72278445214033 10.14000286906958 298.9228308796883 48.66273424774408 525.653312690556 75.00075235962868 1570.183668673038 100.9988791123033 12.38565910607576 100.5850195214152 16.82034739851952 1.696040324866772 12.85326542705297 3.205006584525108 7.096652388572693 2.065539181232452 0 4.794611051678658 5.754597447812557 0.1996707767248154
1522.52860699594 1083.485482849181 0 37.97192403674126 254.6584073081613 19.79919943213463 89.35621071606874 2872.641076847911 453.2889122888446 40.6620391830802 1473.551870919764 263.1845882833004 474.5758015885949 1681.187008626759 38.62714222818613 36.34931718558073 4.334202669560909 2.098286002874374 0.4521004557609558 33.10538207739592 197.2862958684564 0.8470544964075089 21.04566489905119 29.95771618932486 1.516795948147774 5.892189770936966 4.356697887182236 8.10936027765274 1.186374440789223 0.2001036107540131 2391.002511538565 1243.694529041648 212.41665648669 13.02333977073431 28.55241960287094 0.7664837762713432 165.5051579773426 13.23916973173618 23.34153269976377 12.18807854503393 70.1262729242444 22.35878356546164 53.61813043057919 5.030430138111115 5.236964531242847 1.571416392922401 133.7113892659545 15.73833949118853 10.07176154851913 9.079681426286697 13.49389662593603 5.006666652858257 0.6863972917199135 10.87505619227886 3.610188506543636 7.300706617534161 22.41523265093565 386.8144737780094 15.48653831332922 15.97316256910563 5.39449467509985 22.59723811596632 0.1837203204631805 301.3533291965723 4.78704185038805 6.31330431997776 12.04012299329042 11.82750374078751 28.88374235481024 217.8137319236994 172.2589946091175 17.5379194766283 1.484240427613258 82.14847750961781 22.56999053061008 62.40709513425827 163.8358503878117 181.1948333457112 1074.980301640928 975.0076636523008 52.36637035757303 1035.050849847496 25.11560671031475 0.6548840925097466 4.954807661473751 7.477323956787586 6.954664371907711 0.6196885779500008 2.858937278389931 1.409320339560509 2.395039200782776 1.823772586882114 27.44710505753756 2.324019201099873 12.86331349611282 258.006728708744 10.720628246665 1.172708481550217 9.018632560968399 180.5779695808887 2.148689560592175 0 5.572495356202126 6.373525828123093 2.082894116640091 9.767111673951149 4.053657084703445 9.040636152029037 4.415021777153015 20.28975506126881 4.60366528481245 31.58121122419834 19.75584848970175 25.05948857963085 20.57824093848467 4.020694516599178 7.748137220740318 0.3613651096820831 8.249609537422657 0 0.7522059082984924 0.4408438056707382 0.2621839046478271 0.5867328345775604 0 0.2952010631561279 0.1668008118867874 0.30415990203619 0 0.9505315944552422 0.2773881554603577 2.611365400254726 1.05891876667738 0 3.135565273463726 1.251471325755119 1.509076215326786 0 0.8531017526984215 7.876793377101421 0.6005799621343613 6.837989434599876 11.79822394251823 4.03321735560894 0.1444504261016846 1.00652639567852 2.047153860330582 1.354544632136822 1.442199312150478 6.92089968174696 0.3288813680410385 1.10916593670845 6.328998886048794 0 1.633833423256874 1.194686330854893 5.085884504020214 3.620299138128757 0 1.20749531686306 0.2697340548038483 0 0.1987733989953995 0 0.9985306859016418 0.3729705438017845 6.761857278645039 0.9955659359693527 0 0 0.1143627464771271 0 1.02981299161911 0 0 4.977850541472435 48.87538243085146 2.404069937765598 0.5245676934719086 0.1578830629587173 3.281640112400055 2.608715727925301 0.4847657755017281 1.411056570708752 0.3066141307353973 2.685220614075661 5.651181228458881 1.005789071321487 6.176879912614822 0.6323435455560684 0 0 0 0.09828028827905655 0.4777733534574509 0.5738441497087479 0.484418049454689 9.875441662967205 9.795254580676556 17.71011897176504 394.2410533949733 59.45687078684568 343.3215427026153 93.5134002789855 373.7518167421222 37.14874556660652 8.599420852959156 126.1529607176781 19.67014823108912 1.602522313594818 17.90428118407726 2.717953145503998 10.71383631229401 1.562647558748722 0 2.919467344880104 12.26475778967142 1.504322558641434
2501.256942331791 1600.954374678433 37.97192403674126 0 383.3638925403357 600.3509372323751 911.7847009524703 2.987840592861176 99.25581803172827 1251.05800434947 7.981461897492409 3.406595706939697 182.4830592870712 15.1953456401825 2.884198643267155 0.3523140549659729 0.3390142843127251 0 0 0 0.1452576667070389 0 0.1076372712850571 0.1570821553468704 0 0.1287943869829178 0 0 0 0 321.224506303668 20.69157448410988 1.201673448085785 0 0 0 2.194651767611504 0 0 0.1249063685536385 0.1019017174839973 0.22904122620821 0.2656465470790863 0 0 0 30.84123031049967 8.542615920305252 1.412439361214638 0.1983324587345123 4.279164843261242 0 0.2139465659856796 0.09393765032291412 7.044531084597111 8.707116074860096 43.81206987053156 291.6157212853432 23.7657148167491 8.258108012378216 0.1079917848110199 0 0 43.60331847518682 5.847560741007328 4.184690959751606 5.637962341308594 4.471050024032593 0 0.2578565999865532 3.282397173345089 3.144282311201096 0 92.24142718315125 15.49609079957008 25.0446071177721 8.825893819332123 0.5668568462133408 0.6398204267024994 0.9109372422099113 0 1.045729175209999 28.30514708906412 0.2652008831501007 3.900049678981304 5.738003827631474 2.296686090528965 0.3547144681215286 3.048556245863438 0.1026752069592476 1.697444662451744 0.561809740960598 0.1344227492809296 0.3242232277989388 0.4482977539300919 154.9329328238964 0.6606015413999557 0 0.1344157159328461 226.4586941003799 0.6978821158409119 0 0 2.728206962347031 0.7776607573032379 10.89336946606636 0.6058237552642822 1.449908956885338 0.3113715350627899 1.746153399348259 0 4.007451787590981 3.920940309762955 2.584823220968246 0.8306710422039032 0.2093716859817505 0.2241922616958618 0 0 0 0 0 0 0 0 0 0 0 0 0 0 0 0 0 0.990300714969635 0 0 0 0 1.7744170576334 0 0.5505109876394272 0.1223176643252373 0 0 0 0.2934189140796661 0 0 0.1193016842007637 0 0 2.120642453432083 0 0 0 0.2597225904464722 0 0 0 0 0 0 0 0 0 0.2643671035766602 0 0 0 0 0 0 0.1225351467728615 0 0 2.644265443086624 0 0 0 0.09002333879470825 0.2988354414701462 0 0 0 0 0 0 0.8118591010570526 0 0 0 0 0 0.1140353679656982 0 0 1.395896896719933 0.4180925935506821 0.8575412780046463 66.21269323676825 14.89225079119205 155.7858043462038 18.94096713513136 1270.938943758607 35.69559992104769 3.690827876329422 23.8303364366293 3.550035372376442 0 1.606130808591843 0 3.959940552711487 0 0 0 0.8457853943109512 0
748.7360292375088 1816.159180819988 254.6584073081613 383.3638925403357 0 11.55524063110352 2571.989459887147 72.90745924413204 3850.106998898089 517.4183139652014 246.0714364647865 89.90585128962994 1590.291951969266 3159.371668227017 10.34532945603132 1.790829256176949 1.364135339856148 0.1997491046786308 0.09112536162137985 0.3567562699317932 0.3074057102203369 0 0 0.1427324712276459 0 1.093826413154602 0.1039867177605629 0.8219040706753731 1.410243920981884 0.2793100625276566 414.7374470084906 61.92760946601629 12.29169160872698 0 0.1457251608371735 0 16.8993247076869 0.2705161944031715 0 0.1217624545097351 0.5680846348404884 0.8790562450885773 0.2953351885080338 0.4644728749990463 0.4726531207561493 0 125.0918503031135 15.74195232242346 0.8230120688676834 0.2208501398563385 8.673817485570908 0.3100426644086838 0 0.1138629987835884 10.1495358273387 16.93595477193594 29.40176500380039 152.6003841981292 26.79989942163229 20.44957087188959 0.2784174680709839 0.7153287529945374 0 92.57053714245558 11.42130152881145 8.370977722108364 11.8137185126543 9.621255345642567 0.3564171493053436 2.499872468411922 59.47891054302454 10.93528318405151 0.4110019728541374 91.18419506400824 20.86768618226051 66.19988889992237 62.84465898573399 5.901641987264156 2.401209384202957 7.461205929517746 0.9206493347883224 4.444819025695324 37.38116037845612 0.8670496493577957 4.851345181465149 10.26761163771152 5.05432552844286 0.406832292675972 4.910439535975456 0.6381185799837112 2.926457829773426 0.6175079643726349 1.005200982093811 1.356520526111126 1.612787880003452 127.7757560387254 5.146236911416054 0 0.5299063697457314 24.08164702355862 2.015565149486065 1.040617123246193 14.1803312972188 8.960526883602142 5.187930375337601 52.05088570713997 3.83680060505867 21.31553500890732 17.05613897740841 42.81951884925365 8.238611474633217 59.34154838323593 48.34337363392115 43.87835425883532 23.27427734434605 3.296217814087868 9.206898361444473 0.1193031370639801 2.000107243657112 0 0 0 0 0 0 0 0 0 0 0 0 0 0.2573699355125427 0 7.006988666951656 3.312536619603634 0 0 0 14.48501458019018 0 10.07132633775473 3.528720259666443 0.839307501912117 0 0 0 0.6783693134784698 4.467926472425461 0.41835717856884 0 4.087118901312351 7.728187903761864 0.1593751758337021 0.2730606198310852 0.2171539142727852 0.2431398555636406 0.846267357468605 0.4180120080709457 1.962397426366806 0 0.6376307010650635 4.379922360181808 0 1.114688545465469 0 6.281870268285275 2.488067612051964 0 0 0.145056813955307 0 0 0 0 0 68.19138030707836 1.365675806999207 0 0 0.2487934529781342 2.804666712880135 0.4786674752831459 0 1.126859687268734 3.799700573086739 6.304303489625454 3.936345599591732 6.870064899325371 0.1077994853258133 0.09880896657705307 0 0 0.2215202674269676 0.1713031828403473 0 0 19.10890911519527 12.47745576500893 12.05472588539124 407.3530780151486 48.16728273779154 477.1513896510005 87.75169634819031 474.488007709384 85.20623318105936 10.40335159003735 138.4955621361732 32.10643725842237 1.600844591856003 23.07451677322388 1.284387618303299 23.96429898589849 4.503123328089714 0 3.425621345639229 3.95501359552145 0.9014074504375458
160.2650645524263 149.2106066644192 19.79919943213463 600.3509372323751 11.55524063110352 0 47.09673888981342 4.037807255983353 2.345577493309975 561.4171408861876 14.50275750458241 57.40432123839855 46.45176777243614 5.570109188556671 0.1528158783912659 0 0 0 0 0.1206667646765709 0 0.6878087371587753 0 0 0 0 0 0 0.2397624850273132 0 28.54048636555672 0.1752171218395233 9.457750424742699 0 0 0 8.979476928710938 0 0.4464745372533798 0 0.1916419416666031 0 0 0 0 0 0.1227511614561081 0 0 0 0 13.66857747733593 0.4104529917240143 0 0 0.6060914248228073 51.60222989320755 27.68933153152466 2.375149726867676 0 0 0 0 0 0 0.08484819531440735 0 0 0 0 101.2992628961802 134.0466328263283 6.924277797341347 1.792295008897781 1.283681869506836 0.1168635413050652 0 0.2871431410312653 0 13.92792445421219 0 3.108429193496704 0.1257735341787338 0.8400868773460388 0 0.1460924446582794 0.1268380880355835 5.946523830294609 1.758900731801987 6.875801719725132 0.310643270611763 1.103900328278542 0 0.1709190160036087 0.2099130153656006 498.4824753552675 60.29293005168438 28.22038492560387 4.134694069623947 580.372550830245 0 0 0 0 0 1.102174699306488 0.8604787588119507 0.1895345747470856 0.3378780484199524 0.5782480686903 0.1477866619825363 2.060335278511047 1.846772477030754 1.892483830451965 0 0 0.1236098036170006 0.2111768573522568 0 0 0 0 0 0 0 0 0 0 0 0 0 0.1901930868625641 0.1694826483726501 0 0 0.1364382058382034 0 0 0 0 0 0 0 0 0 0 0 0 0 0 0 0 0 0 0 0 0 0 0 0 0 0 0 0 0 0 0 0 0 0 0 0 0 0 0 0 0.3392654359340668 0 0 0 0 0 0 0 0 0 0 0 0 0 0 0 0 0 0 0 0 0.231382817029953 0 0.8297741264104843 3.842460677027702 0.2746514454483986 0.8183386847376823 0.6765808463096619 197.1094149574637 0 0 0 0 0 0 0 1.816273868083954 0 0 0 0 0
405.5577679350972 6999.985409788787 89.35621071606874 911.7847009524703 2571.989459887147 47.09673888981342 0 10.13653534650803 838.3093514889479 1096.782320141792 40.19424571096897 28.19799692928791 1317.286075145006 545.7557089775801 12.32184351980686 3.064128540456295 1.005090937018394 0.102863721549511 0 0.151178851723671 1.674598567187786 0 0.5301764607429504 0.7579904794692993 0.2391597554087639 1.426243044435978 0.6463252604007721 0.5886598005890846 0.1498820036649704 0.1011719927191734 292.1783004328609 50.81530167907476 7.820724241435528 0 0.6034110933542252 0 16.84023944288492 0.4683725088834763 1.020636528730392 0.1058791279792786 0.9257184192538261 0.4089453965425491 0.1056177169084549 0.3237831592559814 0.2615589499473572 0 102.9415674433112 16.00493425130844 1.579424902796745 0.9080586209893227 6.964424081146717 0.1954923719167709 0 0.606865294277668 9.092463031411171 16.77341593056917 33.87333605438471 179.1143895089626 28.95152639597654 19.51664817333221 0.1185790672898293 0.8311111852526665 0 81.28796379268169 9.234626598656178 6.736074417829514 9.795574016869068 6.676170378923416 0.6025737524032593 1.848081544041634 53.41486325114965 5.679349586367607 0 89.89961392432451 20.06886237114668 54.20900701731443 52.31229268014431 7.626523151993752 1.957372292876244 6.447064086794853 0.5451280698180199 3.898172460496426 36.92187439650297 1.0241978764534 4.462944306433201 8.62567251175642 2.77961478382349 0.3905649334192276 3.790067456662655 0.570483386516571 2.340876027941704 0.6544982269406319 1.596331186592579 0.7585534155368805 1.454983443021774 248.580632314086 5.630057841539383 0 1.137499675154686 36.89493256807327 0.851248674094677 1.550829410552979 13.15500895678997 7.674392446875572 3.663094267249107 12.81505086272955 3.907496675848961 22.06354603916407 13.3843757212162 36.09350511431694 7.300086207687855 52.5483807772398 54.17407583445311 46.69628249853849 22.95956291258335 2.137802511453629 7.115092203021049 0 0.3731890618801117 0 0 0 0 0 0 0.1586416065692902 0 0 0 0 0 0 0 0 7.557687520980835 3.893299698829651 0 0 0 12.09832546114922 0.1577697694301605 6.433577485382557 3.604872904717922 0.8743163272738457 0 0 0 1.895339772105217 4.457706838846207 1.415323078632355 0 0.3760546743869781 7.853280290961266 0 0.476950615644455 0.109755240380764 0.2316105514764786 0.1042891517281532 0.2647721767425537 0.6716486811637878 0 0 1.510975450277328 0 0.292171835899353 0 7.21979720890522 2.078818194568157 0.1615855991840363 0.5310245156288147 0 0 0.2133752107620239 0 0 0 57.00725036859512 1.377720713615417 0.1449145525693893 0.09562282264232635 0 2.052680343389511 0.8339886665344238 0.2551895380020142 2.134685382246971 6.123677134513855 5.816803827881813 2.802712805569172 6.320582747459412 0.2468673437833786 0 0 0 0 0 0.317400187253952 0 19.34054660797119 10.39517034590244 10.78541096299887 396.3029422685504 41.32527522742748 428.0711328834295 82.44806353002787 638.5264303386211 78.98134961724281 11.70902809500694 144.1513077840209 18.88236646354198 1.703785926103592 15.12772116810083 0.4191248267889023 15.85441838204861 1.075289338827133 0.1934991925954819 8.178739756345749 6.892071016132832 0.809079110622406
199.2233624756336 621.5550434216857 2872.641076847911 2.987840592861176 72.90745924413204 4.037807255983353 10.13653534650803 0 125.331797786057 7.41105954349041 3881.555382028222 80.33495449274778 249.1860085576773 1450.424159772694 59.97800047695637 37.21077158302069 5.868324607610703 1.482670098543167 0.2110379263758659 19.73907143622637 156.4268920347095 0.1418362408876419 26.89349868893623 29.76081735640764 1.91096992790699 9.538937166333199 5.565402172505856 4.561390593647957 1.077777497470379 0.2070542126893997 1155.049458883703 1105.374625474215 416.9253053963184 6.161699369549751 36.11449028551579 0.6414870470762253 303.5064347684383 9.299506299197674 24.28110930323601 12.23005091398954 54.41373856365681 11.80534136295319 25.84402185678482 2.733247727155685 4.861824698746204 1.700430788099766 229.0908206105232 16.64626731723547 5.186900615692139 5.486415885388851 10.18071860820055 2.2004424482584 1.015348270535469 4.544914975762367 6.420790947973728 10.70372778922319 17.84218646585941 118.6783775314689 15.62801913917065 25.9177373945713 6.031911417841911 24.36940232664347 0.3532686233520508 211.9389106929302 5.938232079148293 6.675849407911301 10.72992324829102 7.66491761058569 14.27337482571602 118.6300209090114 183.0476980134845 15.35239822417498 0.2895045578479767 67.05241561681032 28.28984275460243 114.4234244078398 273.3304079771042 111.5314083099365 1503.513577155769 2652.364696383476 73.55366145819426 1892.695290006697 25.22731206566095 1.414594739675522 3.200616471469402 7.398267395794392 4.971444614231586 0.7787525206804276 3.979913219809532 1.153762750327587 3.371631823480129 0.9243076145648956 17.67097174376249 2.965696379542351 11.1980007365346 235.3434146940708 11.95521154999733 2.058489233255386 10.80015169084072 33.1999419927597 3.058034747838974 0 2.011351823806763 0 1.428147166967392 7.726785749197006 0.5641286969184875 5.170949131250381 4.120198935270309 14.59600791335106 3.019731663167477 16.52716363966465 14.0476541146636 17.37039187550545 11.67647299170494 2.726251468062401 7.2717160359025 0 4.964079014956951 0 0.1444358825683594 0.6454899981617928 0.1748546063899994 0.6817141845822334 0 0.6966338604688644 0 0.3376821279525757 0 1.367716491222382 0.4315560460090637 1.958037704229355 0.9436715319752693 0.1514921933412552 0.7347281575202942 0.9530760422348976 1.470809526741505 0 0.2445203587412834 6.138123132288456 1.609982036054134 4.255933359265327 5.846395947039127 2.567733518779278 0 0.2511613890528679 0.1299508064985275 1.120748072862625 1.343876555562019 6.086570858955383 0 1.076669186353683 5.189511358737946 0 0.3960168734192848 1.792247101664543 1.968263112008572 1.36406834423542 0 0 0 0.4873537123203278 0.3922452032566071 0 0.6047409623861313 0.5584377571940422 2.276622049510479 0.9727787226438522 0.3015470206737518 0.2468138411641121 0.1313230842351913 0.320375420153141 0.517243281006813 0.2353752255439758 0.3060159832239151 2.898107297718525 30.23375689983368 4.053835064172745 0.2466502487659454 0 1.629231229424477 1.613095849752426 0.1379866451025009 0 1.008640423417091 2.113589391112328 2.423864997923374 0.3357724994421005 3.131437361240387 0 0 0 0 0 0 0.4652691259980202 0.6738595813512802 6.489392384886742 6.736035212874413 13.4821001291275 441.1549191698432 68.7494657933712 524.6489944308996 125.2554471418262 177.5113415420055 61.05589711666107 12.53930912911892 151.9799547865987 23.18466758728027 1.634701021015644 8.577667854726315 2.056797318160534 7.919739916920662 1.08708555996418 0 3.117107465863228 15.65282876044512 1.887058585882187
116.4897972345352 848.2610626444221 453.2889122888446 99.25581803172827 3850.106998898089 2.345577493309975 838.3093514889479 125.331797786057 0 301.1162497997284 654.149222008884 78.58853243291378 2585.410823270679 2345.432921461761 13.60079269856215 1.349447824060917 0.5501707643270493 0.09602948278188705 0 0.1332163214683533 0.9148435294628143 0 0.1481503993272781 0.4112923666834831 0 0.8166353851556778 0.2211719751358032 0.276372492313385 1.277494437992573 0 187.1894903331995 33.29835100471973 13.79775239527225 0.1161510869860649 0.2548824548721313 0 12.22514123469591 0.5444478467106819 0.467667430639267 0.1363974213600159 0.9022433385252953 1.346408180892467 0 0.3793031722307205 0.2541933506727219 0.1761763095855713 111.4589115008712 9.97756440192461 1.17510986328125 0 6.08798236399889 0.3009297922253609 0 0.4309241995215416 4.742814108729362 9.690689027309418 19.66219551861286 62.25577545911074 17.26664020121098 15.36729589104652 0.2091319933533669 0.7557089403271675 0.152428612112999 55.48178297281265 6.710647590458393 5.203999504446983 7.134472049772739 4.485325112938881 0.2273648679256439 0.8192325457930565 56.82481076568365 7.577118709683418 0.2976136803627014 50.95955014973879 12.12331685423851 46.52883860468864 62.86719033867121 5.376413404941559 1.719055660068989 6.506126679480076 0.724603570997715 3.842386975884438 21.01292309165001 0.6091314554214478 4.923400342464447 6.452246807515621 2.393145024776459 0.0925668403506279 4.270342126488686 0.1144186854362488 1.826526828110218 1.170812897384167 0.4408595040440559 0.8628058806061745 1.408310450613499 133.5777885317802 1.770663693547249 0.1072824895381927 0.5377856642007828 6.080889068543911 2.691744513809681 0.1920653283596039 10.76685034483671 7.256182387471199 7.041110381484032 21.1828965395689 5.285967826843262 27.69659534841776 9.098980307579041 30.41886341571808 5.478780806064606 58.59636685997248 46.01257725059986 43.7367749363184 25.49363670498133 2.674864903092384 5.58225005120039 0 1.647507220506668 0 0 0 0.3215466737747192 0 0 0 0 0 0 0 0 0.09367775917053223 0 0 5.461415864527225 3.833659417927265 0.1404055058956146 0 0 9.683641701936722 1.41498888283968 8.309219107031822 3.37266843020916 1.24736050516367 0 0 0 2.151827320456505 3.047519840300083 3.117627166211605 0 0.6423234045505524 7.452202796936035 0.7027445435523987 0.1281404495239258 0 0.244266152381897 0.1090282201766968 0 0.5572444498538971 0.1504314690828323 0.2643191814422607 2.690759770572186 0 0.8421223238110542 0 3.832773812115192 3.45593585819006 0.1147878766059875 0.7291047498583794 0 0.4728912711143494 0 0.1998332068324089 0 0.2337373718619347 67.18693029880524 1.108183830976486 0 0 0 2.851756677031517 0.7301576435565948 0.4506445080041885 1.590001627802849 8.230231270194054 3.488265044987202 0.9770328402519226 6.782045103609562 0.3121691048145294 0 0 0 0 0.08259730786085129 0 0 15.34785395115614 7.091641828417778 8.704718068242073 394.4217867404222 34.09830433875322 369.0383508503437 85.18734937161207 249.4767618626356 54.92387962341309 6.702031403779984 152.3502137809992 29.59803588688374 0.9964373409748077 17.54647922515869 2.531690582633018 15.46638888120651 3.13409186154604 0 3.457026548683643 7.011425204575062 1.600533202290535
1082.056141659617 500.1505032554269 40.6620391830802 1251.05800434947 517.4183139652014 561.4171408861876 1096.782320141792 7.41105954349041 301.1162497997284 0 20.27889454364777 1940.009570889175 4538.312485203147 476.8304965496063 5.460071809589863 0.9063553661108017 0.3282075971364975 0.2365428954362869 0 0.1963612586259842 2.158525072038174 0 0 0.1778594106435776 0 0 0.1301757842302322 0.3204394280910492 0 0 145.4809808656573 12.58007564395666 14.4555329978466 0 0.2755277454853058 0 22.51447416841984 0.2554266452789307 0.6092599928379059 0.1266283541917801 1.526311039924622 0.6594864726066589 0 0.3785101473331451 0 0 38.5379069596529 7.271541684865952 0.681690588593483 0.2689778804779053 2.450760081410408 0.1355862766504288 0 0 4.126604713499546 5.815453559160233 33.82249617576599 146.7870912253857 13.62322092801332 5.361703835427761 0 0.1745959967374802 0 23.07062665373087 2.810111001133919 2.326941847801208 2.891620077192783 1.971394434571266 0.2369330152869225 1.940006978809834 122.9787293002009 52.4094660282135 0.4146803915500641 44.82502828538418 5.226707741618156 22.83789775520563 21.75802730768919 3.99629719555378 2.435169838368893 6.414481148123741 0.282946839928627 5.26056282222271 13.28128546476364 1.355178691446781 1.983192168176174 3.629852429032326 1.108300998806953 0 1.621184393763542 0.9193423092365265 0.6684149354696274 0 0.395555704832077 0.4323171377182007 0.5326369777321815 1895.449571177363 9.816310331225395 0 1.067625224590302 462.1157004386187 4.942313395440578 4.621023893356323 38.46119700372219 31.59300166368484 19.73418188095093 70.5344900265336 31.96323537826538 90.83299450576305 58.61200402677059 142.136345282197 18.36639808863401 220.4085208624601 200.7945904061198 150.7592276185751 68.69891893863678 4.581504464149475 18.48966692388058 0 0.9433566629886627 0 0 0.2188268899917603 0 0 0 0 0 0 0 0 0 0.1068760827183723 0 0 19.04139509797096 10.27063063532114 0 0 0 22.06041605770588 2.162480711936951 16.14377072453499 10.02464908361435 3.652196794748306 0.5844297558069229 0 0 1.329588800668716 7.145937286317348 8.165332853794098 0 4.345680966973305 20.58388011157513 0 0.5303837060928345 0 1.265302255749702 0 0 0.518637090921402 0 1.195639312267303 4.606789477169514 0 0.2108516097068787 0 13.25868034362793 6.914601400494576 1.352337032556534 0.2973195910453796 0.5270263254642487 0.6243570148944855 0 0.1934076398611069 0.1336264163255692 0.146840825676918 156.9047910645604 4.54705648124218 0 0.4261833429336548 0.1143328100442886 8.42622034996748 1.665251106023788 1.611632823944092 2.000416815280914 9.500470697879791 14.2977542579174 6.648569494485855 13.15725690871477 1.193571075797081 0.2103193998336792 0.1156525537371635 0 0.09019237756729126 0.1598117351531982 0.134366363286972 0 77.37695904076099 22.01719458401203 26.07387022674084 185.4129135087132 17.21523902565241 140.815160676837 33.11136566847563 1756.183568000793 29.43686579912901 2.271302066743374 60.52944472432137 63.15906485915184 2.162449918687344 60.90766660869122 5.82345012575388 51.64393247663975 8.528696194291115 0 15.226139575243 3.947928443551064 0.5595206618309021
607.7605762034655 713.2299139872193 1473.551870919764 7.981461897492409 246.0714364647865 14.50275750458241 40.19424571096897 3881.555382028222 654.149222008884 20.27889454364777 0 728.6590643972158 1413.101924754679 4329.904926046729 11.11255745589733 5.82043382525444 0.9524891674518585 0 0 0.1214423179626465 5.074060589075089 0.4137823581695557 0.6623709052801132 0.7799333035945892 0 0.8191457688808441 1.207580253481865 1.180222444236279 0.3126298636198044 0 518.4650693908334 111.1582808345556 959.3627699166536 0 1.984524235129356 0 392.1704193428159 8.767131134867668 14.44491086900234 8.322533532977104 4.89863133430481 0.7498299926519394 0.6977679580450058 0.2573698759078979 0 0.1586595326662064 55.94991809129715 6.249548710882664 0.8689024820923805 0.1016212776303291 3.587091326713562 1.177432894706726 0.5940059423446655 0.5720549002289772 2.699279829859734 6.220817402005196 11.09658621251583 67.0882998034358 7.254755534231663 9.584414131939411 0.8741933256387711 25.99192543327808 0.1402841657400131 61.72845605015755 3.595380514860153 2.499974876642227 3.791353680193424 3.128794685006142 0.5031751021742821 4.498208805918694 288.7975742220879 11.00442363321781 0.1149136647582054 34.857635833323 10.50750376284122 27.44745282828808 46.05936799943447 12.05189768970013 42.31942968070507 291.0027779340744 7.002812840044498 79.70813278853893 17.10976903885603 0.3513253554701805 2.02396397292614 4.006731137633324 1.117952138185501 0.1058892458677292 2.054983049631119 0.4049599766731262 1.046648807823658 0.3773112893104553 1.826031923294067 0.2246433794498444 0.6301222294569016 395.213687106967 4.881250768899918 0.3455003201961517 5.546656236052513 27.90641018748283 0.1499986797571182 0.9056679010391235 2.597143471240997 1.450331956148148 1.761259138584137 4.768070757389069 3.171750694513321 5.179771907627583 4.183377757668495 10.57296547293663 1.728330835700035 19.08297207206488 14.88537341356277 15.88058748841286 6.990533664822578 0.1618388891220093 2.827290415763855 0 0.4136952757835388 0 0 0 0 0 0 0 0 0.1524794548749924 0 0 0 0.35328758507967 0.5132305175065994 0 0.511727586388588 1.086090072989464 0 0 0 2.762017831206322 0.1507115960121155 3.066126555204391 0.7071606069803238 0.2553626522421837 0 0 0.1315964013338089 0.3838478624820709 0.2398961186408997 0.6772642731666565 0 0.174308717250824 2.493503570556641 0 0.7573035955429077 0 0 0 0 0 0.07580707222223282 0 0.8120167553424835 0 0.5169352740049362 0 1.19366829097271 0.4854656159877777 0.1177597939968109 0.3578750714659691 0.1042818203568459 0 0.1126743331551552 0 0 0.1461470127105713 27.69851641356945 0.1157573834061623 0 0 0 2.09666133671999 0.1222915053367615 0 0.708241194486618 1.135845929384232 1.318656876683235 1.077360510826111 1.26728418469429 0.5243328809738159 0 0 0 0 0 0 0 8.471705406904221 2.666400030255318 3.967856861650944 177.2740861400962 13.79481402784586 183.692834764719 32.86468268185854 168.1666310280561 27.79945263266563 4.455715104937553 57.92059246450663 8.563074916601181 0 5.676194839179516 0 5.411746203899384 1.616515338420868 0 1.718934834003448 5.815844923257828 0
40.63811477273703 171.7995727136731 263.1845882833004 3.406595706939697 89.90585128962994 57.40432123839855 28.19799692928791 80.33495449274778 78.58853243291378 1940.009570889175 728.6590643972158 0 1365.825323402882 781.9579907059669 11.56350138038397 8.346736416220665 0.2171784192323685 0 0 1.018565401434898 10.03101877123117 0 0.9865528717637062 0.9252434745430946 0.545182466506958 1.514056220650673 0.4690613001585007 1.233242698013783 0.4662816971540451 0 23.96006170660257 15.08926022052765 17.49244454503059 0.1591028869152069 1.106098279356956 0.3532441109418869 43.54700246453285 1.280771806836128 0.5714948922395706 0.8720055371522903 4.563001252710819 0.2715877816081047 0.6165015250444412 0.7169880419969559 0.1996600776910782 0.1776530742645264 54.6710219681263 1.975861221551895 0.3169735446572304 0 1.781774878501892 0.120869055390358 0 0.1327987015247345 0.8057451620697975 2.032930128276348 8.095421105623245 14.03323835879564 3.575506240129471 3.953400686383247 0.3148585259914398 1.997682146728039 0 13.58500737696886 1.541069068014622 0.4505022093653679 1.704795829951763 0.7194764092564583 1.271826937794685 6.719119727611542 173.4837861657143 15.29598595201969 0 11.36128962785006 1.262809120118618 17.48491040617228 43.6181927099824 11.2974833920598 6.616260774433613 27.37638308852911 1.872108563780785 15.59263673424721 4.754090949892998 0 1.13775447756052 1.142047218978405 0.5664591416716576 0 0.4769230559468269 0 0.1876128166913986 0.3379593789577484 1.310153469443321 0.3396307528018951 1.793192349374294 2202.550407677889 8.540633723139763 0 1.480855390429497 34.72691941261292 1.366988360881805 3.621244996786118 11.70050662755966 13.17497512698174 9.432940170168877 21.42962695658207 12.1490376740694 30.90033945441246 21.97918690741062 56.92576803267002 7.427806362509727 93.92574815452099 72.83186982572079 74.56074066460133 26.95478329062462 0.6758950874209404 4.459192201495171 0 0.5509892180562019 0 0 0.3458786308765411 0.1229112297296524 0 0 0 0.1440106481313705 0 0 0 0.209642231464386 0.2776690721511841 0.1910752207040787 0 7.415998302400112 3.652935966849327 0 0 0 7.448032006621361 0.1114756762981415 4.972838573157787 1.96240459382534 0.3998859226703644 0.1342767179012299 0 0 0.6488457322120667 2.987697094678879 2.318585902452469 0 3.689571805298328 6.741438828408718 0 0 0.1791967451572418 0 0.5173063725233078 0.1481059938669205 1.175594985485077 0 0 3.649567253887653 0 0 0.2442481368780136 5.955545037984848 3.406554624438286 0 0.08775363117456436 0.3651372119784355 0.2301299721002579 0 0.227756105363369 0 0.231405109167099 65.95283691585064 0.7814023196697235 0 0 0.3173626661300659 4.672753363847733 0.2891728729009628 0.1712673753499985 1.994676887989044 6.706484779715538 3.219907686114311 2.950231581926346 3.236426785588264 0 0 0 0 0.2856920436024666 0 0 0.1036095395684242 35.02949811518192 6.939501836895943 7.929052710533142 320.7383652478456 12.67825511097908 148.0185770392418 54.57714360952377 209.3366790115833 22.1296930834651 3.497200556099415 96.03519892692566 27.89903245121241 0.9883381873369217 14.27522083371878 0.6474669501185417 15.75168578326702 5.244216769933701 0.2466948181390762 4.459096699953079 6.333342432975769 0.7397277355194092
69.83931707590818 789.7595707476139 474.5758015885949 182.4830592870712 1590.291951969266 46.45176777243614 1317.286075145006 249.1860085576773 2585.410823270679 4538.312485203147 1413.101924754679 1365.825323402882 0 1716.505312584341 50.547761939466 24.53279308974743 2.041919842362404 0 0.3315942734479904 1.172274932265282 12.56642750650644 16.46313288807869 2.478631071746349 1.621089622378349 3.100914821028709 5.043530613183975 1.709802523255348 10.61540875583887 4.377779558300972 0.2086237221956253 77.25866154581308 46.00710461288691 467.8337082713842 0.2704306095838547 4.217903487384319 0.4213034808635712 75.13906348496675 52.06637113541365 10.66863716393709 17.84031190723181 15.35130316019058 3.817218221724033 0.6124970465898514 4.889140479266644 1.646864518523216 3.048402681946754 187.441769875586 8.494270838797092 2.117289997637272 0.753450371325016 7.809510096907616 5.978916473686695 24.16947340965271 4.97770918160677 3.601106055080891 9.890450835227966 17.04167105257511 31.34219142049551 14.80398938804865 18.4780231565237 5.467600770294666 10.08998109400272 1.520289614796638 37.33310005068779 5.347337827086449 4.464438192546368 6.896639347076416 5.055256746709347 1.279725208878517 12.74256448447704 271.124067671597 47.82715303450823 0.6918147876858711 38.70261869579554 6.858013927936554 67.6601348221302 160.6128647476435 41.82665450870991 27.77665682137012 340.1054183170199 24.22528122365475 41.08144062757492 13.92612010240555 0.4179167598485947 3.094668976962566 6.318764790892601 3.57480001449585 0.4443672671914101 2.453494191169739 1.031376786530018 1.820255398750305 0.8594103902578354 2.614243999123573 1.242595881223679 3.12446628510952 4131.779936902225 25.78815643489361 12.4632927775383 7.536929979920387 36.95182894915342 6.356692939996719 4.04487532377243 30.69041935354471 23.17767938971519 23.83635748922825 64.95126489549875 17.76036931574345 65.2063258215785 47.10079200565815 140.2907400131226 18.88981290906668 211.7350274175406 204.7283956557512 168.160507582128 79.87526155263186 4.76795669645071 14.61878045648336 0.251643143594265 4.886637650430202 0 0 0.2349045276641846 0.4771536439657211 0 0 0.2214886620640755 0 0.1718437746167183 0 0.191454216837883 0.1836759746074677 0.7025239616632462 0.7358649149537086 0 19.1203611344099 9.267403326928616 0.4743685126304626 0.4153861999511719 0 23.931979842484 0.9799384474754333 15.98858167976141 7.90235485881567 3.205886915326118 0 0 0.5114326179027557 1.695109754800797 5.302183493971825 8.636117421090603 0 5.643379539251328 23.56963230669498 0.1224683970212936 0.6314041763544083 0.4920301288366318 2.789390623569489 1.088157370686531 0.1418095380067825 0.9008847028017044 0 0.6171650737524033 6.884955316781998 0.2715422809123993 0.5056032538414001 0.7579861506819725 15.44578023254871 4.684958226978779 1.440127186477184 1.358756572008133 0.5901072695851326 0.4915823563933372 0.1628034636378288 0.5720693543553352 0 0.6326235756278038 200.1868315860629 2.933458611369133 0 0 0.4429669603705406 11.08186224102974 0.842853881418705 0.3995921313762665 5.273085311055183 7.924957491457462 11.592414021492 8.508948512375355 15.7879351451993 0.7159705832600594 0 0 0 0.1249693557620049 0.2622863352298737 0.2448590770363808 0.3157036602497101 81.25682058930397 28.75127621740103 29.9087653234601 835.5474981963634 73.18845580518246 550.9872256740928 193.9734526574612 372.8453650772572 78.53763235360384 18.45198006927967 349.0746473893523 52.96964880079031 4.109619788825512 44.82350223511457 6.85859165340662 49.65174601227045 11.00686023384333 0.1774526089429855 11.11379402130842 28.16203754395247 1.741129755973816
