0 5109.639076404274 906.7199132218957 1283.706473484635 884.3672191128135 233.5572426915169 1606.47956354171 154.623245485127 151.2990078851581 1334.398617327213 611.6337391808629 18.38386120647192 335.1672485172749 46.04035627841949 0.7404326424002647 0.1181333512067795 0.1442812532186508 0 0 0.3492411896586418 0 0 0.1253746598958969 0.1953978538513184 0.08769914507865906 0.1151470690965652 0.2461804449558258 0.1902485340833664 0.1094695553183556 0 897.3402972519398 6.174783155322075 1.731378152966499 0 0.2983627319335938 0.2428723722696304 2.362452365458012 0.2865445166826248 0 0 0 0.1526132822036743 0.1327128559350967 0.1093039587140083 0.1076777577400208 0.2286441400647163 42.10523161292076 1.351793684065342 0 0.2370323687791824 0.1216868460178375 0 0 0 1.721137903630733 2.334458842873573 293.8504872396588 1491.296852096915 40.10338390618563 20.51520345360041 0 0 0.1005366295576096 13.57709606736898 1.197555713355541 1.092235013842583 0 0.4155121073126793 0.4524682015180588 0.9915671721100807 0 0 0 175.1868437379599 67.30394086241722 14.58650340884924 3.604879692196846 0.4971889555454254 1.971144869923592 24.99450611323118 0.2744330316781998 1.789500072598457 9.174638882279396 0.2012974917888641 1.018693760037422 1.251757651567459 1.403038181364536 0 0 0 0.114213839173317 0 0.3291580677032471 0.9290212392807007 0.1755707561969757 63.61299875378609 0 0 1.546607971191406 1171.165881156921 0 4.641667947173119 1.394564896821976 4.415046945214272 2.402929037809372 8.853819772601128 6.137100517749786 8.230539560317993 561.2137525081635 21.3972050845623 0.5366062968969345 10.20473350584507 21.47272455692291 12.98536483943462 2.752611622214317 0 0 0 0 0 0 0 0 0 0 0 0 0 0 0 0 0 0 0 1.270781740546227 0.1715983301401138 0 0 0 0.632047712802887 0.3522642254829407 0.6069639474153519 0 0 0 0 0 0 0 0 0 0.2047762870788574 1.929041087627411 0 0 0 0 0 0 0 0 0 0.8055980056524277 0 0 0 3.528684556484222 0.2767089903354645 0.1834134757518768 0 0 0 0 0 0 0 1.975353926420212 0 0 0 0 2.474782004952431 3.16568224132061 1.788008540868759 0.5644105225801468 1.17659829556942 0.1290213763713837 0 0.2536940574645996 0.09679564833641052 0.2465935349464417 0 0 0 0 0 0 3.346375584602356 0 0 113.0200665667653 4.434392616152763 112.164840862155 16.05755981057882 1047.933356955647 17.17594417184591 0.4385170638561249 11.73261694610119 0.4493438303470612 0 0.581357404589653 0 6.109052076935768 0 0 0.2434992343187332 0 0
5109.639076404274 0 496.1519500166178 1318.890392631292 6210.793945290148 455.1800688058138 6308.150686331093 189.2740286812186 1360.422297395766 1563.430656626821 957.2310504689813 17.3176232278347 742.2512308955193 127.6240956261754 3.0662811845541 1.288402929902077 1.095402561128139 0.2490886449813843 0.8267041817307472 0 0 0 0 0 1.092876389622688 0.2846323922276497 0.4619113877415657 0.3866643235087395 0.7935930266976357 0.1081356778740883 1763.837238155305 54.49580010771751 30.63380675017834 0.2114013656973839 0.273536741733551 2.408720105886459 5.885455526411533 2.021535262465477 0.2580192312598228 1.096515476703644 1.723828732967377 0.367639847099781 0.2753609418869019 0.9294061958789825 0.3181422725319862 0.2274589464068413 79.95293916761875 3.269019566476345 0.559090718626976 0.825227826833725 0.2337354272603989 0 0 0 3.399980522692204 4.148549906909466 199.8790432736278 1145.288988947868 44.44558767229319 38.71590749919415 0 24.84901165962219 1.632944956421852 52.99966360628605 2.347118049860001 2.827694155275822 0.8475703299045563 3.803434148430824 1.414895765483379 7.490866079926491 11.3453716635704 0.4017302393913269 0 214.2570588365197 177.8490432724357 49.98677972704172 6.210864260792732 0.7618150040507317 6.63322027027607 54.75479681789875 2.931111581623554 24.78603905439377 19.76428820937872 0.6441136002540588 2.981370657682419 3.454757258296013 2.495804905891418 0.252829372882843 0.5380086228251457 0 0.5069229751825333 0.2819825410842896 1.424638390541077 1.52224875241518 0.4837083220481873 85.474679261446 26.71667685359716 0 0.812988355755806 1295.632860690355 0.5936561822891235 1.921006575226784 3.065498858690262 1.176309376955032 1.852121591567993 19.56692770123482 2.837032422423363 13.95843648910522 615.6436964720488 65.76231893897057 1.505202919244766 23.99136236310005 52.99399593472481 17.80327209830284 14.64860606193542 0 0 0 0 0 0 0.1256314367055893 0 0 0 0 0 0 0 0 0 0 0 0 3.534318789839745 0.3373143970966339 0 0.2941714525222778 0 3.318572595715523 2.136460050940514 4.872260794043541 0.170248419046402 0 0 0 0 0.7840254604816437 0.3435344696044922 0 0 3.975663617253304 1.281207054853439 0 1.751044929027557 0 0 0 0 0.2858927249908447 0 0.5682640075683594 1.637536838650703 0.3152461051940918 0 0.7608944773674011 8.764851585030556 0 0.6719387471675873 0.3957556039094925 0.07968971878290176 0 0 0 0 0 10.72272057831287 0.6581735610961914 0 0 0.1511438935995102 10.84388945996761 7.193696707487106 7.853271722793579 1.806231006979942 3.266952961683273 0.5921645909547806 0 0 0 0 0 0 0 0 0 0 29.91557097434998 5.264236509799957 0.5488197803497314 189.3487313836813 16.28816007822752 197.1541706249118 28.08883003890514 1554.190443187952 26.67530824244022 2.864977397024632 29.45243222266436 5.359058059751987 0.2335186153650284 1.103245697915554 0 11.1830723285675 0.4182515740394592 0 0.7867046594619751 0.5940548330545425 0.1816861778497696
906.7199132218957 496.1519500166178 0 53.21545948088169 849.6448134258389 38.04991763830185 68.32345149666071 2417.737077631056 517.2624211460352 137.7344738766551 3054.346784316003 16.17241188883781 115.6173160970211 331.5707870870829 13.68184784054756 6.598580375313759 2.82865634560585 1.401115462183952 0.3207211047410965 2.213363096117973 6.449426293373108 0 1.724240228533745 0.9202687442302704 28.51800137758255 5.002980023622513 2.036097683012486 2.341987535357475 1.483456894755363 0 3619.012933239341 1399.884534180164 125.6522942334414 0 4.853817239403725 64.38182671368122 24.51452672481537 37.41302222758532 0.9153615012764931 5.401335649192333 35.68106682598591 8.904671959578991 1.209484934806824 1.900410152971745 0.328442394733429 0.4906006902456284 169.0173969715834 10.93880143016577 1.316533893346786 2.491929098963737 5.813605546951294 0.2395211458206177 0 2.416295357048512 5.223643198609352 6.725496582686901 171.5115905627608 1247.907143130898 42.101478561759 84.06394174695015 9.028668403625488 84.35226166248322 25.54261565208435 491.587772578001 5.887786962091923 6.192291244864464 5.547728523612022 16.54900305718184 23.71021850407124 103.1157316192985 11.2525562942028 1.969543933868408 0 299.6799893304706 540.4811052754521 159.6041314974427 54.98179454356432 7.365005902945995 174.7640905380249 904.7129872590303 5.5490677729249 206.3333747461438 40.4553974121809 1.971708759665489 6.376915015280247 7.372102633118629 9.546482153236866 0 2.083768881857395 0.1962210088968277 4.03261587023735 0.6325681209564209 49.51885576546192 26.06601067632437 4.24388176202774 203.9950429350138 73.25604327023029 0 4.095946818590164 485.5773944705725 0.8891231715679169 0.7866840064525604 8.29220649600029 1.252675279974937 4.910891711711884 29.01351544260979 2.796958684921265 40.2385697811842 41.15242689847946 71.27720518410206 7.123812615871429 36.13739433884621 98.32849005609751 27.94406601041555 33.87436167150736 0 0 0 0 0 0 1.006267711520195 0 0.8452032208442688 1.153678610920906 1.055357456207275 0 0.1313833296298981 2.451760739088058 0 0.7398071736097336 0 0.7489829659461975 0 3.247440204024315 0 0 0 0.6757429838180542 10.76020614057779 1.172975122928619 13.40238244831562 0.1087777018547058 1.083387851715088 0 0.1099723950028419 0 1.353232264518738 0.3451898694038391 0.4902297556400299 0.1488020271062851 2.223945558071136 2.110146790742874 0.8760599792003632 0.758068636059761 0.1497406512498856 0.1501510888338089 0.5562062114477158 0.1788051575422287 0 0 0 5.355380281805992 0 0 0.5902149379253387 38.4576913267374 0 0.3730731904506683 0.5730582550168037 0.3827498704195023 0.5172291025519371 0 0 0 1.151549473404884 31.35369173437357 1.55846144258976 0 0.1061625778675079 0.4373489618301392 24.27583782374859 20.77609564363956 20.45133512467146 2.787508696317673 8.942271947860718 3.770299583673477 0.9606316089630127 0.568798840045929 0.2807606756687164 0.2442861497402191 0 0 0.1880244240164757 0.1475254148244858 0 0.807794064283371 53.74338939785957 20.87040840089321 5.543413400650024 387.5007530525327 43.14143962413073 451.8816467374563 55.67121133208275 403.8427393808961 36.16115380823612 7.216003276407719 90.56667433679104 7.908988922834396 0.6780487895011902 11.49001117050648 0.3854179680347443 11.53402999043465 0 0.1567588448524475 1.161557912826538 3.759666942059994 1.040545344352722
1283.706473484635 1318.890392631292 53.21545948088169 0 283.3955469876528 479.5145508795977 599.82930983603 4.780085012316704 97.74581331759691 1523.22050255537 72.33492256700993 38.94500027596951 465.8614455610514 9.472338370978832 0.135361909866333 0 0 0 0 0 0 0 0 0 0 0.1219935193657875 0 0 0 0.1058937534689903 78.85956631600857 1.035148873925209 0 0 0 0 1.035020485520363 0 0 0 0 0 0 0 0 0 9.237014152109623 0.2913212552666664 0 0 0.2669118493795395 0 0 0 0.4730818197131157 0.7115188091993332 52.54654689878225 165.5902083516121 8.401944473385811 6.262113757431507 0 1.896658390760422 0 1.261750727891922 0.5392471104860306 0.500984214246273 0 0.09784726053476334 0.1885124295949936 0 0.6877768188714981 0 0 39.86792991310358 14.57262333482504 2.770577609539032 0 0 0 0 0 1.561336398124695 3.0022197291255 0 0.3470406532287598 0.3077292293310165 0 0 0 0 0 0 0 0 0 21.89621832221746 4.778315424919128 0 1.897037982940674 393.066508769989 0 0.3812727928161621 0.9249362945556641 0.2269236594438553 0.325602799654007 4.598624885082245 1.686277717351913 7.255051955580711 354.7760869711637 14.33332504332066 0 5.104169130325317 15.96844124794006 7.686390176415443 1.773798763751984 0 0 0 0 0 0 0 0 0 0 0 0 0 0 0 0 0 0 0 0.2385327070951462 0 0 0 0 1.045239448547363 0 1.156855046749115 0 0 0.4267580211162567 0 0 0 0 0 0 0.5501462817192078 0 0.6324427127838135 0 0 0 0 0 0 0 0 0.9922226965427399 0 0 0 4.468416959047318 0 0 0 0.1781405210494995 0 0 0 0 0 2.148600280284882 0 0 0 0 2.13162899017334 1.741525083780289 1.136647209525108 0.2759213447570801 0.6859708577394485 0.7990190237760544 0 0 0 0.1092720627784729 0 0 0 0 0 0 1.697556242346764 0.6279310584068298 0.8169531524181366 41.89763726294041 0.6981038302183151 33.96122935414314 4.627961553633213 731.4193848967552 2.373704969882965 0.4433622360229492 0.6785022169351578 1.503144174814224 0 2.137074202299118 0 1.443661034107208 0 0 0 0 0
884.3672191128135 6210.793945290148 849.6448134258389 283.3955469876528 0 54.75347663462162 5837.245004944503 94.8927273452282 3310.12235917151 700.0270270779729 1488.485636346042 49.46639992296696 1135.016804903746 227.1585629582405 9.344995871186256 1.346724107861519 0.6341097876429558 0 0.1147570386528969 0.139569103717804 0.1805380433797836 0 0.09315675497055054 0 0.1946683675050735 0.6805224269628525 0.1010609939694405 1.249939978122711 0.3836508095264435 0 315.6019036248326 26.14127700775862 10.55693912506104 0 0 0.1226427555084229 5.474198639392853 0.8474442362785339 0.0875694528222084 0.08043454587459564 0 0.7777764350175858 0.1593115478754044 1.05772315710783 0.5336476415395737 0.2249871045351028 78.19071882963181 6.205320067703724 0.409311830997467 0.4648983925580978 0.7351311296224594 0 0.09961505234241486 0.7109260708093643 3.363311864435673 4.736378788948059 45.77666563540697 184.1560403853655 14.9661960080266 34.69205401092768 0.9675151109695435 4.5187978297472 0.4020758867263794 43.29621779918671 2.232213653624058 2.998875342309475 0.4137208685278893 3.400496266782284 0.6644990965723991 0.9799015522003174 2.356682121753693 0.9628329873085022 0 113.6675451621413 107.1515442803502 65.85154150426388 14.61820078641176 2.242392107844353 3.622004106640816 23.96478961408138 0.2687750905752182 7.772732764482498 21.20592719316483 0.7667819932103157 3.481588914990425 4.988738097250462 3.705689512193203 0 0.9176401197910309 0 1.365607716143131 0.4167619049549103 0.5550652891397476 0.6826983988285065 0.5991356372833252 129.3209584951401 20.36216862499714 0 1.520734861493111 96.72370932996273 0.4939281940460205 2.621829569339752 3.762959152460098 2.972585663199425 1.101166591048241 21.98695058375597 2.171756729483604 27.10786136984825 32.22549085319042 60.70388261973858 5.045486643910408 24.94758319854736 68.5481534153223 23.35005629062653 15.30286598205566 0.1445056349039078 0 0 0 0 0 0 0 0.3756794184446335 0.576767235994339 0 0 0 0 0 0 0 0 0 1.725671380758286 0.209590271115303 0 0 0 3.522590398788452 0.2954716682434082 3.024522662162781 0 0 0 0 0 0 0 0 0 2.542184963822365 3.524868369102478 0 0.3480915725231171 0 0 0 0 0.4735348373651505 0 0.372710794210434 3.105727896094322 0.2891881465911865 0 0 16.71927914023399 1.020842790603638 0.1464141458272934 0.2258016765117645 0 0 0 0 0 0.4596003592014313 10.67884100973606 1.042762041091919 0 0 0 11.35509085655212 7.571402758359909 8.342117220163345 3.013442263007164 3.079975232481956 2.369060710072517 0.1983549892902374 0.1743128448724747 0 0.1025050207972527 0 0 0 0.2811926901340485 0 0 27.65621812641621 9.506631284952164 1.656982004642487 214.4688760340214 22.61107262969017 236.7176599502563 30.32771787047386 268.8557713031769 20.4150233194232 4.935233145952225 52.41311418265104 8.047550275921822 0.2267822474241257 4.901004806160927 0 8.552117720246315 0 0 0.4681430459022522 2.144823871552944 0.749183177947998
233.5572426915169 455.1800688058138 38.04991763830185 479.5145508795977 54.75347663462162 0 328.2349991798401 9.552795723080635 79.76286196708679 1124.796144023538 44.64012216031551 320.6287364065647 431.6398075520992 46.37773187458515 0.8115332871675491 0.168354332447052 0 0 0 0 0.3892213702201843 1.910635948181152 0 0 0 0 0 0 0 0 65.91857102513313 11.17767019569874 17.65061135590076 0 0 0.8399903178215027 24.01302196085453 5.535596877336502 2.359625726938248 0.1070301607251167 0 0 0 0 0 0 3.875984460115433 0.2926736772060394 0 0 0 14.02705091238022 0.8321448862552643 0 0 0.544159322977066 186.8599454388022 183.3525292053819 7.193195335566998 1.858199045062065 0.2717224061489105 11.34655943512917 0 2.597989439964294 0.2349788174033165 0 0.1021040454506874 0.6287558004260063 0 0 62.0330173522234 149.7226051390171 16.83130860328674 16.93016495555639 3.742647588253021 2.100341483950615 0.2339999824762344 0.3104349821805954 0.3716169893741608 24.27535828948021 0 19.60741236805916 0.8722464963793755 4.328987583518028 0.2425114065408707 0.8224798142910004 0.1045649573206902 17.59595902264118 3.889527857303619 11.17579428851604 0.9945672303438187 1.945731520652771 0.1179652586579323 0.3588589131832123 0 325.5780793428421 58.31297837197781 21.85666225850582 32.30199532210827 654.2780332714319 0 1.547193348407745 0.3539416790008545 0.6918345391750336 0.9907750934362411 2.53258940577507 1.353442773222923 1.776735797524452 65.27329345047474 7.182976379990578 0.4009993672370911 7.682688027620316 7.68065357208252 5.139600157737732 1.380384504795074 0 0 0 0 0 0 0 0 0 0 0 0 0 0 0 0 0.6319666355848312 0.1880813986063004 0 0 0 0 0 0 0.1877191662788391 0 1.239202722907066 0.8852343410253525 0 0 0 0 0 0 0 0 0.3294188380241394 0.5641392320394516 0 0 0 0.6064840704202652 0 0 0 0 0 2.026090979576111 0.4092991650104523 0 0 1.403842955827713 0 0 0 0 0.1146707236766815 0 0 0 0 1.024410605430603 3.025111824274063 0 0 0 1.40149188041687 0.3371772468090057 1.038733676075935 0.43270343542099 0.5292152613401413 0.5487303733825684 0 0 0 0 0 0 0 0 0 0 3.784319475293159 0.2413895130157471 0.7665085718035698 26.82702568173409 0.8360661715269089 13.53310959041119 2.045922011137009 691.6502650976181 3.472147330641747 1.08618351817131 0.5998056083917618 1.087580442428589 0 0.1516220569610596 0 5.977047219872475 0 0 0 0 0
1606.47956354171 6308.150686331093 68.32345149666071 599.82930983603 5837.245004944503 328.2349991798401 0 14.60056489706039 2419.34068800509 921.8750389665365 196.5226548165083 16.74488894641399 1728.251434832811 234.9024439752102 7.535815067589283 2.758264787495136 1.314381830394268 0.5796969532966614 0.16295126080513 0.2798018008470535 0.3152489066123962 0 0 0 0 0.9425053298473358 0.1994043663144112 0.580517366528511 1.326387278735638 0.2011954188346863 211.0273370966315 18.98352146148682 27.68177630007267 0.1065723672509193 0 0.4515375792980194 5.952425435185432 3.133255012333393 0 0.234885536134243 0.1585862636566162 0.6119667440652847 0.1427403390407562 1.206732794642448 0.4104296490550041 0.7051259279251099 126.4187040477991 8.948564283549786 0.7141355723142624 0.6347001269459724 1.373954527080059 0.3948730528354645 0 0.9027092307806015 5.270990192890167 6.407258294522762 115.1462342739105 432.0121184140444 32.45586916804314 68.46745279431343 0.945514015853405 16.10134410858154 0.3705896437168121 49.12321604788303 6.894648984074593 4.195308141410351 2.14428823441267 4.89416292309761 2.293368391692638 2.080596223473549 9.017412319779396 0.5068891048431396 0 244.5693847537041 208.4333285912871 101.2977506071329 16.41263494640589 1.449721142649651 0.8793380334973335 19.24606867879629 2.31635344773531 21.06703333556652 40.28990076482296 1.320068165659904 6.637611836194992 6.946897588670254 5.756838031113148 0.09843429923057556 0.6330108717083931 0 1.331772491335869 1.156641855835915 0.6803047582507133 2.518577679991722 2.077606901526451 151.5335934832692 22.92987441271544 0 0.5097059458494186 261.2954248934984 1.618842542171478 3.852605998516083 12.32020863890648 6.273420736193657 4.669935062527657 31.99854180216789 8.079911217093468 30.92285962402821 67.82132537662983 83.35082778334618 7.337418809533119 32.48258730769157 86.82441867887974 28.52245138585567 18.0395804643631 0 0.4951573014259338 0.5721135139465332 0 0 0 1.156620472669601 0 0 1.095981776714325 0 0.8184945583343506 0 0 0 0.7083368897438049 0 0 0 2.112752959132195 0.20030477643013 0 0.8742093443870544 0 7.615524053573608 1.328929364681244 3.474881142377853 0.1820851266384125 0 0 0 0 0 0 0 0 3.764309644699097 4.871672496199608 0 0.321575254201889 0 0.8002102971076965 0 0.3898696377873421 0.3344907835125923 0.756936252117157 0.5974498689174652 4.835021629929543 0 0 0.3406007289886475 22.55515192449093 0 0.5837681889533997 0.2425813525915146 0.6342336535453796 0.3052330315113068 0.9155770242214203 0 0 0.3505053222179413 24.1614385843277 0 0 0 0 24.82063110172749 12.16660569608212 16.45981377363205 2.36297582089901 4.374663531780243 3.243385955691338 0.389289379119873 0.6874377429485321 0.1116059198975563 0.2372875362634659 0 0 0 0 0 0 43.65703102946281 11.67615808546543 2.369307562708855 352.7053268998861 34.91707824915648 401.127465441823 53.68718183040619 1088.386806085706 43.87501604855061 6.309937231242657 80.56931181997061 3.033203139901161 0.4792908057570457 8.994413889944553 0.1240896731615067 17.09061931073666 0.3314186036586761 0 0.6994828581809998 1.605893842875957 0.4255937337875366
154.623245485127 189.2740286812186 2417.737077631056 4.780085012316704 94.8927273452282 9.552795723080635 14.60056489706039 0 266.3969603776932 39.17340284585953 3683.827509239316 6.199942998588085 203.2443514466286 1020.39595837146 78.49361231178045 41.142213948071 1.402786359190941 1.748450964689255 0.2980387210845947 4.647667184472084 25.42709508538246 0 6.556075632572174 2.584256440401077 85.86944831907749 9.258863352239132 3.521834202110767 9.216650731861591 0.845518060028553 0.1027190014719963 1752.795154094696 3257.442364007235 54.97859624773264 3.726128578186035 14.79030680656433 166.5962373316288 47.64319682866335 126.0677453428507 2.852406919002533 18.05667272210121 88.76622562855482 16.95690246671438 2.547526456415653 16.09003835171461 0.2514049187302589 0.5524029359221458 342.3588687628508 14.64524022489786 1.222363106906414 2.53047700971365 7.826878443360329 0.1547283977270126 0 1.738739669322968 3.550492100417614 8.469717681407928 69.25792476534843 418.2848096936941 30.61487202346325 112.4374635070562 50.43032271414995 125.4922349750996 49.93622044473886 334.1147381812334 6.413336075842381 4.591697350144386 4.835570640861988 13.12806863337755 17.30469632893801 129.0158173441887 6.906115353107452 2.972639545798302 0 246.1383084282279 330.2487551569939 334.515240162611 238.0254844501615 151.2285768911242 633.8494882062078 3406.948888339102 81.408003680408 1023.07549495995 49.61151029169559 1.532126046717167 8.319567956030369 8.90093033015728 11.8169232904911 0.1133718565106392 3.045078352093697 0 4.84414429217577 2.324671022593975 59.24416475743055 54.94057992100716 5.312188319861889 109.8296674340963 38.4532792121172 0 5.021076299250126 106.0718038231134 0.4945343881845474 0.4269883334636688 2.884613260626793 2.617891028523445 1.210286945104599 13.46822625398636 1.548261135816574 13.08042384684086 23.57791202515364 34.68752773106098 3.869524747133255 14.61164718866348 42.35463564097881 14.69614973664284 7.67376971244812 0 0 0 0 0 0.4301400184631348 0.3393555879592896 0.3171949535608292 0 0.9128235876560211 1.415677547454834 0 0 0.6417487859725952 0 1.27051354944706 0.303475983440876 2.271528258919716 0 4.179720386862755 0.3021743595600128 0 0.1244691982865334 0 3.522884525358677 1.261994227766991 4.723871134221554 0.2045380771160126 0 0 0.1758433282375336 0.2471746057271957 0 0.1674497127532959 0 0 0.9078935086727142 0.2178452759981155 0.2911167740821838 0 0.1221133470535278 0.3225016295909882 0.7765954583883286 0.1152224093675613 0 0.1137187853455544 0 3.542241960763931 0 0 0.1078167632222176 16.04602495580912 0 0 0 0.1329846233129501 0 0.1104633510112762 0.4766005277633667 0 0.6705875247716904 11.72983604669571 2.632489860057831 0 0.1894742846488953 0.4952659904956818 8.868675947189331 6.629236221313477 7.594893239438534 1.331727504730225 0.8873745203018188 0.5696811079978943 0.804317444562912 0.2331414669752121 0.1216813027858734 0.08044189959764481 0 0 0 0.6829605549573898 0 0.1307753026485443 23.60414402186871 3.275185145437717 2.665582217276096 634.5762774646282 74.73941466957331 839.6583818718791 99.12773022800684 161.8042481020093 65.35983194410801 5.580542013049126 199.5163394361734 8.62002982199192 0.6300814598798752 6.237909927964211 0 4.86238506436348 0 0 0.6241238415241241 6.329605802893639 0.6408433318138123
151.2990078851581 1360.422297395766 517.2624211460352 97.74581331759691 3310.12235917151 79.76286196708679 2419.34068800509 266.3969603776932 0 984.9407084956765 4002.807063810527 56.64565569907427 5356.03587641567 2307.610362686217 44.28719490766525 8.555633738636971 0.6358621120452881 0.5956853628158569 0 0.2849911153316498 0 0 0 0.229641355574131 0.2702101469039917 0.2520902827382088 0.1789447441697121 1.163254410028458 0.4988759234547615 0.1534501910209656 146.8224371224642 116.5754190087318 36.06328509747982 0 0 1.864592358469963 145.1619825288653 3.224901601672173 0.5939611122012138 1.294720344245434 1.922461315989494 1.665307819843292 0.10818862169981 1.26319882273674 0.4925192818045616 0.6789776980876923 223.0299357026815 8.953100278973579 0.8411437720060349 0.6232458874583244 3.445126205682755 0.1162339597940445 0 1.825087890028954 2.685416482388973 5.959042213857174 44.48257104307413 117.3924216106534 25.68931206315756 75.58194325119257 2.695872351527214 17.35105763375759 1.606158100068569 52.69037372618914 4.849925421178341 5.909217700362206 2.514445595443249 8.57917021214962 0.9448474422097206 1.971909284591675 8.004805505275726 2.621618077158928 0 169.8782289549708 128.5908049941063 175.9941303730011 70.92050393670797 9.578411921858788 2.885256133973598 100.4906677007675 1.869715631008148 22.77177605777979 31.36356513947248 0.8240275755524635 7.325306482613087 8.915780603885651 10.54774501919746 0 2.189420893788338 0 1.529338389635086 2.08577799052 3.162542454898357 5.38519099354744 3.181261785328388 613.7109338343143 56.82542506605387 0 5.408158630132675 65.76572831720114 2.050324030220509 9.88858737051487 11.70430585741997 9.463126733899117 18.94924186170101 98.1076688170433 20.43481761217117 111.176263064146 147.8048446327448 266.442735761404 15.82036608457565 119.7685274481773 291.3060232251883 113.2045344263315 56.79227341711521 0.2326708287000656 0.4166593849658966 0 0 0 0 0.1733064353466034 0 0.3580434620380402 0.2299498170614243 0 0 0 0.2328369915485382 0 0.2974145412445068 0 0.1637980043888092 0 9.228412188589573 1.792838230729103 0 0.1705031543970108 1.091176226735115 14.72601260244846 5.368944957852364 14.7994654327631 0.4465243369340897 0 0.7316170930862427 0 0 1.076469391584396 0.1316720843315125 0.2821933925151825 0.301392525434494 9.277472004294395 6.575756162405014 2.163481459021568 1.736653044819832 0 0 0.6437728852033615 0.2166566178202629 0 0.2323474138975143 1.238580942153931 6.718298405408859 0.2886764109134674 0.5871196389198303 0.4696210473775864 55.71731384843588 0.9125873297452927 1.875890612602234 0.8817490935325623 0 0.2827621251344681 0.9137444198131561 0.1141144931316376 0.621994823217392 0.8362594097852707 48.62605212628841 0.8881474733352661 0 0 0.3906944170594215 40.11877366900444 21.73661236464977 32.52025210857391 8.245507471263409 10.28422650694847 4.363709986209869 2.926026739180088 0.7382627427577972 0.6276621669530869 0.2200810164213181 0 0 0.3002990186214447 0.2713698595762253 0 0.1009313091635704 161.3493279516697 23.28914016485214 5.03188344091177 947.613797172904 79.07427113503218 728.3660476505756 117.1657035574317 309.9708793237805 66.61001140624285 6.741411060094833 218.3874344006181 16.5865536108613 0.8376352563500404 22.56480598449707 1.810408338904381 28.39493124186993 0 0 2.291817396879196 7.918705180287361 0.1425496339797974
1334.398617327213 1563.430656626821 137.7344738766551 1523.22050255537 700.0270270779729 1124.796144023538 921.8750389665365 39.17340284585953 984.9407084956765 0 465.9587339088321 1988.894454330206 7245.940399639308 227.5627010390162 3.782274641096592 0.8951737433671951 0.2502541467547417 0 0 0 0 1.084833890199661 0 0 0.6551950871944427 0 0 0.0962740033864975 0.1698474884033203 0 145.4015475660563 11.41716906428337 26.03511407971382 0.09965398162603378 0 0.9906304329633713 25.36631954461336 3.989609226584435 1.195534534752369 0.2262084409594536 0 0 0 0.3971541523933411 0.1023469194769859 0.3640947639942169 52.85768114775419 2.189784146845341 0 0.498491644859314 0.1128436699509621 2.575547337532043 0.608159065246582 0.1513281017541885 2.188770845532417 1.243476457893848 100.7986251562834 203.7797611877322 17.32933797687292 17.83355306088924 0.3046689927577972 20.01403218507767 0.1432397961616516 16.22626299411058 1.873799346387386 1.49334317445755 0.1045380309224129 1.308782964944839 0.1326858997344971 0.1317020058631897 110.3976644799113 22.36290128529072 2.573395222425461 85.92578041553497 56.32929718494415 26.46340171992779 8.452692948281765 0.9538739770650864 0.9403358697891235 16.11012487858534 0.6599187478423119 25.40942579507828 12.1727901995182 1.036288812756538 1.47934628278017 1.739191509783268 2.024188153445721 3.175839871168137 0.9361667037010193 3.156732842326164 0.412157341837883 0.1569878458976746 1.089008808135986 0.7548849284648895 0.2450708299875259 652.1268299669027 73.78515586256981 4.439333394169807 11.78636512160301 1078.959300860763 3.230802893638611 21.62753766775131 14.7465840280056 17.52480857074261 9.073067680001259 76.94924594461918 34.0632978528738 79.20928129553795 492.2916716262698 250.5534534752369 8.365357354283333 110.1197129487991 228.8084869384766 92.93561768531799 37.08853651583195 0 0.1651691794395447 0 0 0 0 0 0 0.2311728596687317 1.761190056800842 0 0 0 0.5053326487541199 0 0 0 0 0 8.641934856772423 1.362367033958435 0.2112155556678772 0 0 11.3033846616745 3.235109329223633 11.52212619781494 0.6216790527105331 0.1556130200624466 0.3635245263576508 0 0 0.7862326502799988 0.9577644169330597 0 0.4801569581031799 12.10109832137823 7.745681673288345 1.36087441444397 0.8056556135416031 0 0.1995622962713242 0 0 0.3115604221820831 0 1.870002210140228 6.87179471552372 0.2001935541629791 0 0.916561558842659 60.99610725045204 1.735353767871857 0.8363603129982948 1.859791599214077 0 0.3359796404838562 0 0.1860416829586029 0 1.984153360128403 24.37352882325649 0.6451802253723145 0 0 0 40.24356879293919 19.54112255573273 35.57135690748692 10.45855633169413 8.759887054562569 2.45108500123024 0.6785323172807693 1.197252050042152 0.1145287454128265 0 0 0 0 0.1078469827771187 0 0 96.82170963287354 21.91138665378094 6.282284542918205 381.2387030124664 14.70544372498989 184.2299819141626 24.50577452778816 2275.058282501996 16.60115541517735 2.220323845744133 54.82143981009722 13.40072581171989 0 15.65361838042736 0.5742852091789246 49.51342612504959 0.2105309516191483 0 2.898610457777977 0.8695708960294724 0
611.6337391808629 957.2310504689813 3054.346784316003 72.33492256700993 1488.485636346042 44.64012216031551 196.5226548165083 3683.827509239316 4002.807063810527 465.9587339088321 0 55.20046647638083 1760.445138193667 5828.692010268569 74.7993728145957 38.30412368476391 0.8530584797263145 0.9868841022253036 0.14234858751297 0.3433984965085983 1.230022758245468 0 0.3940761089324951 0.172011986374855 21.55296017974615 2.308887891471386 0.7625387161970139 4.211381696164608 0.9863446354866028 0.4204158931970596 777.6395533457398 690.1669629216194 142.8882124274969 0.2275331169366837 0.7168152332305908 68.14068907499313 159.4198558181524 65.70554710179567 0.582118071615696 6.894754834473133 17.87955736368895 8.746164076030254 0.2259608507156372 0.9546963721513748 0.6061158180236816 0.5701991468667984 251.6252975612879 8.76864517480135 1.247253760695457 2.440449111163616 5.424648761749268 0 0.3085259795188904 2.474111318588257 3.561608418822289 4.067245572805405 45.2297178953886 247.1449248790741 22.09824944287539 74.85101695358753 3.404576525092125 42.61981169134378 16.45475289225578 87.32230246067047 4.046491198241711 5.085682079195976 3.402529262006283 7.374914728105068 1.954852059483528 16.78644235432148 29.19767591357231 1.151975274085999 0 163.9191475063562 161.3115995377302 240.2985358685255 157.194031573832 37.09924490004778 162.9341247603297 1449.817734226584 1.49861628562212 61.39446064829826 28.60928045213223 1.104746945202351 6.095833234488964 9.56843551248312 8.55237752944231 0 1.995338827371597 0.2559360563755035 3.52749940007925 2.487136080861092 15.7579218223691 21.01684673130512 4.958719819784164 289.6294335946441 32.65420979261398 0 1.450491443276405 112.3563841208816 1.535143539309502 2.941398113965988 6.999784022569656 5.775940135121346 7.277708038687706 48.50578583776951 6.696098059415817 48.0878866314888 60.76176714897156 104.5592789053917 6.858462572097778 58.12339453399181 133.8136393129826 53.48388729989529 21.13244038820267 0 0.3006706535816193 0 0 0 0 0 0.1831291764974594 0.4075043201446533 0.9560980498790741 0.5847296118736267 0 0 0.8663260638713837 0 0.4450336545705795 0 1.38243904709816 0 5.538488358259201 0.2471631020307541 0.411367267370224 0.1453897655010223 0.2239179313182831 5.113151594996452 0.8523169755935669 5.359723709523678 0 0 0.6824716329574585 0 0 0 0 0 0 3.334196254611015 2.157047465443611 0.3102448880672455 0.3091205656528473 0.2367351502180099 0.3060486316680908 0.1792872101068497 0 0 0 0.9936348497867584 3.771316051483154 0.2334206253290176 1.130237400531769 0 25.49994724988937 0.2724630236625671 0.3014880642294884 0.272884301841259 0.1879903078079224 0.3142673075199127 0.2773688733577728 0.4013831913471222 0 0 17.90476559102535 0 0 0.1230480372905731 0.1318396627902985 20.78272186219692 11.57379251718521 17.08443513512611 3.28453303873539 5.511728532612324 3.124381870031357 1.201904028654099 1.783350721001625 0.1162571310997009 0.2964674979448318 0 0 0.2279798910021782 0.4216779619455338 0 0.2594971358776093 54.79302430152893 6.729297757148743 2.336876302957535 614.7267645671964 68.3580080345273 642.9138134941459 101.2329039499164 212.317985214293 47.41837405413389 4.858527384698391 142.2378721237183 9.891709975898266 0.515051007270813 15.97896505892277 0.4550574123859406 13.4510490000248 0.9698038101196289 0.6483475416898727 0.5533402264118195 4.603984206914902 0.1836232393980026
18.38386120647192 17.3176232278347 16.17241188883781 38.94500027596951 49.46639992296696 320.6287364065647 16.74488894641399 6.199942998588085 56.64565569907427 1988.894454330206 55.20046647638083 0 489.2610765695572 58.6846559047699 25.58022188395262 20.83179422467947 1.32072326540947 0.1362392455339432 0 0 0.3176762759685516 0 0 0 2.169643670320511 0.1299030184745789 0 0.1516390293836594 0 0.1476573646068573 6.618148043751717 7.208063244819641 152.266354970634 0 0 3.081238985061646 88.58422856032848 12.37199342995882 2.253536388278008 0.8151384294033051 0.3378558754920959 0.8755444586277008 0 1.666994161903858 0.5478178858757019 0.2875949889421463 43.30513560026884 0.6245280131697655 0.1149064525961876 0.1298965662717819 0.2178818061947823 0.6995226740837097 0 0.1200504526495934 0.6468142867088318 0.3646845743060112 10.23750024288893 12.72649027407169 3.087823264300823 5.732618302106857 0.3173736184835434 6.014960661530495 0.8189433813095093 23.6504670009017 0.4828319698572159 0.3896064385771751 0.5496695637702942 0.977668434381485 0.4659803882241249 1.65899758040905 209.224173553288 3.140391647815704 0.4234988987445831 21.38253374397755 22.95410091429949 28.77840448915958 57.41920349001884 18.38295715302229 0 46.91177912056446 0.2873401939868927 16.39417292922735 3.30506844073534 0.3629420697689056 0.09138783812522888 1.210690900683403 0.9256637543439865 0.08968355506658554 0.6736770495772362 0 0.2459124475717545 1.389747686684132 3.005874879658222 4.169575348496437 0.1131155416369438 2858.424389615655 97.97580897808075 0 19.5939757078886 102.9009145945311 1.159244857728481 6.963639125227928 3.24244499206543 7.496259614825249 2.803902894258499 38.28679257631302 17.11246724426746 30.58160892128944 54.47118872404099 113.6298756301403 4.111113108694553 51.6509208381176 114.7481935024261 56.59316162019968 9.433800622820854 0.202119380235672 0 0 0 0 0 0 0 0 0 0 0 0 0 0 0 0 0 0 1.798240214586258 0 0 0 0 2.116062670946121 0 2.128288850188255 0 0 0 0 0 0 0.2728376090526581 0 0 1.316043958067894 1.458420768380165 0.323815792798996 0 0 0 0 0.1132088825106621 0 0 0.1239702105522156 2.767701387405396 0.7673416435718536 0 0 11.29243983328342 0.4549670517444611 0 0.1784595549106598 0.2573513984680176 0 0.2326242476701736 0 0 0 7.392255321145058 1.533625185489655 0 0 0 7.415857568383217 4.275740146636963 3.227079451084137 1.733314216136932 3.659116856753826 0.9420750364661217 0.9798417985439301 0 0.1312691420316696 0 0 0 0 0 0 0 74.27461016178131 1.389702066779137 1.962224021553993 311.7690135240555 12.85432779788971 160.602314800024 23.91714279353619 336.1151067391038 6.909255117177963 1.231497794389725 35.20532564073801 3.197273656725883 0 4.914605259895325 0.1682797819375992 15.99316307902336 0 0 0.2561353445053101 1.559762805700302 0
335.1672485172749 742.2512308955193 115.6173160970211 465.8614455610514 1135.016804903746 431.6398075520992 1728.251434832811 203.2443514466286 5356.03587641567 7245.940399639308 1760.445138193667 489.2610765695572 0 1148.009432040155 130.1139278337359 72.19458884745836 0.8181493207812309 0.1317034512758255 0.2324346676468849 0.2774891406297684 0.5411633253097534 0 0 0 3.028558328747749 1.93539621680975 0 1.19997863471508 1.683679789304733 0.2594736441969872 63.86006043851376 60.34866884350777 121.678869985044 0.1061916127800941 0.1559314131736755 11.264868080616 53.64043617993593 23.67702476680279 2.801169686019421 2.769024044275284 2.641834273934364 4.43668720126152 0.1301288306713104 1.797750413417816 0.2701058015227318 0.7211769372224808 279.2753585129976 7.720010094344616 0.6114717423915863 1.737420715391636 3.906629249453545 0.1172386482357979 0.1603338420391083 2.154300451278687 3.672387026250362 6.498584344983101 48.48088776320219 122.1730319038033 35.29376588016748 68.7550078779459 3.60985292494297 15.56178510934114 4.586285695433617 45.34621542692184 4.647535726428032 6.664608307182789 2.699712231755257 10.47852296382189 1.984500423073769 5.624869801104069 211.8801681026816 5.191926822066307 0 151.1510912925005 102.8908710703254 232.398747690022 217.18834002316 58.59990227967501 5.570714354515076 71.25829860568047 2.355767861008644 14.84008125960827 29.28554633259773 0.9158965572714806 10.03720387071371 11.57110720127821 11.18713781237602 0.1380308717489243 3.41297809779644 0.1573211848735809 3.688121028244495 3.488188698887825 7.861705958843231 15.86035094410181 5.905392073094845 3303.630702123046 73.2503854110837 0 5.166826829314232 175.8677596896887 5.92616630345583 17.46384151279926 16.0234557390213 22.39405989646912 22.55295190215111 140.2632593885064 43.79528288543224 156.3373676687479 275.9019782692194 493.552179813385 22.9860982298851 191.300277069211 522.4259769320488 172.198716789484 63.20935732126236 0.1902956962585449 0 0.2177615314722061 0.1457410156726837 0 0.1576642096042633 0.7054636627435684 0 0.1741528958082199 0.8640761375427246 0.186288058757782 0 0 0.1956375688314438 0 0.1569192558526993 0 0.1935382187366486 0 8.762319266796112 1.150652572512627 0 1.335886463522911 0 11.43288018554449 2.423914968967438 11.92291958630085 0.2350818514823914 0.4229592084884644 0.4359215348958969 0 0.7940386831760406 0.2068456411361694 0 0 0.383663684129715 10.11503982543945 9.825551070272923 0.5129637271165848 1.501986034214497 0.1560629904270172 0 0 0 1.142247706651688 0.4167872965335846 0.9719981998205185 9.391752764582634 0.749505952000618 0 0.2213741987943649 63.30402495712042 1.699403792619705 1.538364127278328 0.60218595713377 0.281129352748394 0.8221213519573212 1.142172455787659 0.08338165283203125 0 0.5668587684631348 46.54795041680336 1.808510690927505 0 0 0.1080039963126183 40.85850813984871 19.94268964231014 25.63348418474197 9.258882865309715 15.24849633872509 6.187270246446133 3.975516855716705 0.3348967880010605 0.1461677998304367 0.3606787845492363 0 0 0.1106987074017525 0.1625570803880692 0.1558563113212585 0.173223003745079 290.3567472845316 20.94994187355042 4.784365065395832 1196.844648808241 116.0474343746901 885.3608724698424 191.7693180516362 741.0867730304599 62.8245158419013 6.378268212080002 223.1303792670369 18.39536466449499 1.003249898552895 17.61782084405422 1.073938354849815 54.35883478820324 1.282900616526604 0.3648459911346436 2.972689867019653 7.675218753516674 1.009064227342606
