0 4307.729452364147 742.6408937573433 2158.714449226856 45.2545053511858 154.555158212781 1429.249837934971 396.9086877778172 29.5961766242981 1958.4510461092 179.9029932022095 131.8782837688923 328.9590561613441 96.19680166244507 2.99866446852684 0.7590134888887405 0.2584432363510132 0.6931772455573082 0.4814195781946182 3.740067064762115 7.76479484140873 0 0.1210126131772995 0 0 0 0.5622832030057907 0.4212646037340164 0 0 1094.965708583593 7.568725869059563 2.579847052693367 0.7621390521526337 0 0 1.903807446360588 0 0.6448936313390732 0 1.576821088790894 0.437490701675415 2.90764756500721 0.6654069721698761 0.8643210828304291 0.535590723156929 17.50524827837944 3.905658826231956 0 1.565230533480644 0.6671000644564629 0.545787587761879 0.106938548386097 0.1691484749317169 3.162142984569073 8.603466548025608 538.8156631290913 1490.525386787951 46.32769176363945 9.49686910957098 0 0.4680632054805756 0 11.14005741477013 8.050757013261318 7.142408542335033 4.426046125590801 2.084926545619965 13.26516220718622 8.968075521290302 13.59139233827591 5.260012120008469 0 222.7567071169615 126.5719222426414 24.111283659935 3.186246410012245 1.791863217949867 15.35076090693474 22.74908669292927 0.8056149929761887 15.04470726102591 10.92475801706314 0.9630060568451881 9.473375707864761 13.87849581986666 7.34289526194334 0 2.77452402561903 0 0.2124469131231308 0 0.695637509226799 0.3389371484518051 0.7831337451934814 76.69262567162514 14.18470348417759 0.811166524887085 0.1417592316865921 1855.689226716757 0 0 0 0 0 19.98136599361897 0.6161547303199768 0 88.65765407681465 0.7718636989593506 0 0 5.411550179123878 4.907759353518486 0 0 0 0 0 0 0 0 0 0 0 0 0 0 0 0 0.1347810178995132 0 0 0 0 0 0 0 0 0.4717408716678619 0 0 0.6446166634559631 0 0 0 0 0 0 0 0 0 0 0 0 0 0 0 0 0 0 0 0 0 0 0 1.207464933395386 0 0 0 0 0.1240755543112755 0 0.2047832235693932 0 0.1505708694458008 1.210979282855988 0 0 0 0.157825842499733 0 0 0 0 0 0 0 0 0 0 0.1067226082086563 0 0.2126365900039673 0 0 0 0 0.2852174341678619 3.701363071799278 171.4780968204141 17.13021671026945 151.3349103033543 51.53590925037861 2864.845157593489 10.26682544499636 1.879828743636608 7.532126747071743 9.570486962795258 0.1267382055521011 0.2028751820325851 0 1.621939182281494 0 0 0 0.294705405831337 0
4307.729452364147 0 4717.205511853099 1196.745117470622 7031.495438747108 54.8640574067831 3735.774117156863 2090.156756468117 6799.035300187767 177.0642661899328 2863.65808570385 84.41745697706938 1425.535485908389 1943.400363959372 40.96353088319302 5.972700692713261 2.304929226636887 2.491233490407467 1.421450980007648 5.568318948149681 14.52426747977734 0 0.4333671480417252 0 0 1.141659952700138 0.9613135606050491 0.847788080573082 1.735918432474136 0.9696015939116478 3667.209192402661 28.74659810960293 9.76049830019474 0.3747420310974121 0 0 7.134488590061665 0.6189295649528503 2.122032538056374 1.059358045458794 3.971946731209755 1.236698344349861 7.433980338275433 2.990141987800598 1.631672032177448 1.531751446425915 276.3326816037297 27.79200963675976 1.455006390810013 9.370877973735332 1.74214144796133 0 0 2.123705796897411 12.02907113730907 25.80092170834541 157.2909166365862 1399.192259982228 27.92224855720997 99.26988274604082 1.197938412427902 2.660002917051315 0 120.0928916037083 24.81055237352848 30.28810602426529 18.12531325221062 13.48249503970146 35.85893814265728 31.13654434680939 23.21985953301191 0.4782542735338211 0.1276746541261673 609.7644100040197 564.0986416339874 327.129216350615 40.3443778604269 7.417078487575054 48.01108258962631 94.47434322535992 2.068407468497753 32.22335176169872 49.50332836806774 1.720480352640152 43.34803507477045 56.30333451926708 40.98476085811853 0.4344483986496925 14.89235790073872 0.6765618994832039 2.736146360635757 1.924850590527058 1.774968668818474 0.5598486512899399 1.783904246985912 45.49236881732941 1.023968428373337 0 4.373418539762497 1112.50450758636 0 0 0 1.430647045373917 0.2100024372339249 19.32629762589931 0 0.7468361556529999 38.54147890210152 5.156235888600349 0 13.63559579849243 16.86380998790264 11.37618573009968 1.072735771536827 0 0 0 0 0 0 0 0 0 0 0 0 0 0 0 0 0.1325110048055649 0 0 0.7042893767356873 0 0 0 0 5.457290410995483 0 2.554591864347458 0.3511621356010437 0 0.5754985213279724 0.1078671962022781 0 0 0 0 0.1710382401943207 0 0.1829175800085068 0 0 0 0 0.3644125089049339 0 0 0 0 0 1.037669777870178 0 0 0 0 0 0.1017079427838326 0.08240758627653122 0.2006809711456299 0 0 0 0.3272577971220016 9.467251241207123 0 0 0.09218518435955048 0.316538006067276 0 0 3.106044977903366 0.8413954377174377 0 0.5846541076898575 0 0.8116515278816223 0 0 0.1323324143886566 0 0.6812799796462059 0 0 0 10.25630225241184 3.209507882595062 6.13849338889122 333.8403140455484 89.46938496828079 948.8704053610563 246.7266118824482 767.3111436292529 35.58072661608458 10.23779679089785 62.17633408308029 8.175987280905247 1.346970163285732 1.582700051367283 0.6914388537406921 2.781901717185974 0 0 1.158448219299316 2.759834632277489 0
742.6408937573433 4717.205511853099 0 2.853049978613853 533.9768049865961 0.4786817729473114 155.1586022824049 4925.263387493789 595.0453078821301 4.471268877387047 2342.059994213283 40.50837314873934 930.2437452673912 1327.86549461633 14.21254648268223 6.910894282162189 12.01394860446453 106.6289242431521 38.11736096441746 254.0442546159029 289.9786570370197 0 6.580126062035561 0 0.5496337562799454 0.149716854095459 0.8045642226934433 2.647446639835835 1.284907966852188 0.2613813206553459 9942.723689839244 553.1164515465498 19.16163009405136 28.61378498375416 1.868162348866463 0.60061214864254 11.10866692662239 2.057356044650078 4.042791932821274 2.090753927826881 77.02204610407352 3.950933955609798 191.7908512204885 80.60812632739544 107.5180721879005 152.6076961457729 84.72972191125154 10.66888751834631 7.313671946525574 203.8404579237103 3.737801276147366 0.3803869932889938 0.2528305053710938 6.66266355663538 4.922998443245888 12.06943144649267 107.5101342722774 1933.533365949988 11.04592191427946 39.0074163749814 31.83582472801208 20.0323192179203 2.86697444319725 302.4695807620883 9.771833442151546 11.86149763315916 11.12540735304356 31.50576858222485 459.0908927991986 478.844921708107 15.661132350564 1.485068529844284 0.3483624011278152 272.3824774622917 386.8467077165842 129.3242090567946 46.49799108505249 17.89445597678423 829.1433118134737 488.5320586562157 62.99588969349861 486.7353955432773 17.16279269009829 1.221694000065327 15.82699085026979 19.92457470297813 211.0391336679459 0 3.676223486661911 0.2352983430027962 3.053584136068821 2.403830967843533 13.90730652213097 1.200432389974594 4.760512962937355 2.376119896769524 0 0 3.337775349617004 449.2088552862406 0 0 0 0 0 0.9770906120538712 0 0 0 0 0 0.4165694117546082 0.2656538486480713 0 0 0 0 0 0 0.217344306409359 0.123787134885788 0.5408322066068649 0 0.549563467502594 0.3239138871431351 2.330939143896103 0 0 0.2923016250133514 0 1.695878982543945 0.5589268207550049 1.161686107516289 0 0 0 0 0 0.2934911251068115 0.7690872251987457 0 2.16202849149704 0.9402129948139191 0.1494967490434647 5.943192839622498 0.5784215554594994 1.279527463018894 0 0 0.1270976364612579 3.488480761647224 0 0 0.1032227501273155 0.1217287629842758 0.2717742919921875 0.1530920565128326 8.795366950333118 0 0 0 0 0 0 0 0.1105545684695244 0.1605930775403976 0 0 0 0.1037127077579498 0 0.1430563926696777 0.1320878267288208 0 5.753552936017513 0.9016941487789154 0 0 0.278794102370739 0.6545480787754059 0 0 0.1043919697403908 0 0 0.6899906694889069 0 0.1441241353750229 0 0 0 0 0.4728638157248497 0.1503052264451981 0 0 0.7415576428174973 0.7434068918228149 1.483029276132584 77.93196719139814 67.74184702336788 236.6945713534951 57.92656622081995 110.6424593701959 12.12933354824781 5.693638794124126 12.99187754839659 2.281378321349621 0.1625360250473022 1.444031409919262 0.2537418976426125 0.3994888812303543 0 0.2446420937776566 0.5024617314338684 1.60020699352026 0
2158.714449226856 1196.745117470622 2.853049978613853 0 8.8979846611619 394.1467930078506 2837.448077082634 3.256220951676369 1.694753758609295 4018.123295217752 1.103303149342537 210.6707044392824 1597.534560114145 42.0596678853035 5.617621958255768 0.7904079407453537 0 0.1733966022729874 0 0 0 0 0 0 0 0 0 0 0.2667777463793755 0 33.7361456900835 0 0 0 0 0 0.3278871774673462 0 0 0 0.2067875266075134 1.046977996826172 0.1307623088359833 0.627250149846077 0.1666443943977356 0 19.16402263939381 1.609597958624363 0.1219334155321121 0 0 0 0 0.1169397160410881 1.189621224999428 3.497868970036507 42.73814372718334 156.8468575775623 6.497991815209389 8.457214757800102 0 0 0 4.310844168066978 2.740827567875385 2.535474881529808 1.864303305745125 1.028799302875996 0.160563200712204 0.4477682113647461 3.606616348028183 0 0 66.85003901273012 59.83595532178879 24.05706796050072 4.542872220277786 0.8124389350414276 0.3245449215173721 0.8810094147920609 0.2208112329244614 0.7207293510437012 4.483906082808971 0 4.780250549316406 4.637602299451828 3.791110657155514 0.1869966685771942 1.211592510342598 0 0.1313093155622482 0.1700169146060944 0 0 0 19.67569252848625 0.3873420655727386 0 0.8989467769861221 226.5256576240063 0 0 0.3106874227523804 0.8880474865436554 0 42.53412491083145 0 0 218.7967977821827 1.162454873323441 0 2.766517877578735 6.145212575793266 3.558227613568306 0 0 0.6880542039871216 0 0 0 0 0 0 0 0 0 0 0 0 0 0 0 0 0 0 0 0 0 0 1.731087520718575 0 1.245736360549927 0 0 0 0 0 0 0 0 0 0 0 0 0 0 0 0 0 0 0 0 0 0 0 0 0 0 0 0 0 0 0 0 0 0 2.493431583046913 0 0 0 0 0 0 0 1.18410661816597 0 0.615077018737793 0 0 0 0 0 0 0 0 0 0 3.439751178026199 0 0 87.39129212498665 6.226569198071957 88.60393536090851 22.34090834110975 827.5603515207767 3.088497206568718 0.7019094228744507 4.542195625603199 1.710276529192924 0 0.197855532169342 0 1.558382749557495 0 0 0 0.6721461415290833 0
45.2545053511858 7031.495438747108 533.9768049865961 8.8979846611619 0 4.182767808437347 375.9663522392511 152.9223838299513 13082.97900035977 41.38156954944134 506.2652300149202 46.8999267667532 161.5383971109986 1115.346473552287 46.10812672972679 6.153329402208328 0.4398625195026398 0.9603963494300842 0.2512123510241508 1.985187068581581 3.703481212258339 0 0.1459813117980957 0.1530730277299881 0 0.2635734900832176 0.2917725145816803 3.012001469731331 0.9066997766494751 0.09895622730255127 252.2905814647675 13.07953153550625 3.706253543496132 0.2842449247837067 0.1432993113994598 0 1.844649732112885 0 1.347717858850956 0 1.175182297825813 1.659458145499229 3.594841614365578 1.693297497928143 1.104874134063721 0.3848425224423409 292.3149806261063 20.65474615246058 1.186556667089462 3.402064457535744 0.9800995066761971 0.1461666375398636 0.1256285756826401 0.8798901736736298 4.191031143069267 13.16066624969244 29.64377351105213 236.5625257045031 9.043367117643356 90.20619191974401 0.1899562180042267 0 0 83.94045225530863 12.65669061988592 15.8241982832551 8.481190420687199 6.7688113078475 11.16855500638485 6.811231970787048 28.50260822474957 1.66751766204834 0 175.9786506816745 251.0897464454174 276.0096137672663 51.13950915634632 4.553974360227585 7.25165082514286 14.2662433758378 1.727312169969082 11.19721170514822 21.36072976887226 1.459785729646683 23.99065546691418 25.05639545619488 24.76836047321558 0.1014989018440247 8.742145135998726 0.4789677336812019 1.22349338978529 0.9844542518258095 0.7780697718262672 0.2849484384059906 2.190976776182652 95.1738662570715 1.691198468208313 0 1.600353017449379 18.72242815792561 0 0 0.6106553673744202 0.767885148525238 0 1.714736089110374 0.89145427942276 0 2.112112998962402 8.855062246322632 0 6.495160058140755 27.98234517872334 22.63948661088943 3.551928877830505 0 0 0 0 0 0.1229482367634773 0 0 0 0 0.284916564822197 0 0 0 0.3070123493671417 0 0 2.009276628494263 0 0 0 0.3880082070827484 0.2531849443912506 0 9.095318108797073 0 5.755723029375076 2.066796660423279 0 0.3662948906421661 0 0 0.1540340930223465 0 0 0.1210615113377571 0.4567484855651855 0.9168042540550232 0 0 0 0 0.1483535468578339 0 0 0 0.6807201504707336 0 0 1.795471549034119 0 5.420967236161232 0 0.09308775514364243 0 0 0 0 0 0 0.6683140993118286 23.39050182700157 0 0 0 0 0 0 0 0.1670987159013748 0 1.291899353265762 0 0 0.08836526423692703 0 0 0.1645658165216446 0.1034224480390549 0 0 0 12.59281781315804 1.979790538549423 10.26475304365158 247.6315861344337 97.39229674637318 706.8757883906364 184.9156950190663 64.45929569005966 28.68848787993193 8.497719407081604 66.10246282070875 3.73057858645916 0.09770268946886063 1.073815122246742 0.7748137190937996 7.866869628429413 0.4129751324653625 0.2703424021601677 1.892164885997772 1.671707153320312 0.1670598238706589
154.555158212781 54.8640574067831 0.4786817729473114 394.1467930078506 4.182767808437347 0 105.4954934865236 0 1.074818670749664 1365.725404664874 1.213522434234619 268.2085875272751 185.6204887628555 8.078726157546043 0.1925498098134995 0 0 0 0 0 0 1.134859323501587 0 0 0 0 0 0 0 0 1.442718654870987 0.4755082875490189 1.424239844083786 0 0 0 18.07955212891102 0.4080710411071777 0 0 0.627470076084137 0 0 0 0 0 0.379067987203598 0 0 0.5859405994415283 0 7.183204412460327 0 0 0 0 392.2019059509039 64.48907665908337 15.893714889884 0 0 5.188225477933884 0 0 0 0 0 0 0.3305692970752716 0 186.8573551177979 470.1097404956818 4.571224004030228 1.572135105729103 0.6329600811004639 0.4158219695091248 0.2533307671546936 0 0 4.681869119405746 0 1.739600986242294 0 0 0 1.129386432468891 0 3.992252349853516 4.13659331202507 12.90549463033676 0.7805614471435547 3.500704288482666 0.9131686985492706 0.6195011734962463 2.717122316360474 613.1487240642309 378.2294329702854 22.4832347035408 8.661733403801918 499.7366824895144 1.900650382041931 0 0 2.545748233795166 0 0 0 0 8.647132635116577 0 0 1.722315549850464 0.7372447848320007 0 0 0 0 0 0 0 0 0 0 0 0 0 0 0 0 0 0 1.089148998260498 0 0.5613306760787964 0 0 0 0 0.2973515391349792 0.4066659510135651 0 1.095587432384491 1.098226994276047 1.164025843143463 0 0 0.2258474826812744 0 0 0 0 0 0.4951381683349609 0 0 0.2051268070936203 0.512997567653656 0 0 0 0 0 0 0 0 0 0.9632514119148254 0 0 0 0 0 0 0 0 0 2.09578663110733 4.3060662150383 0 0 0 0 0 0.3184987008571625 0 0 0.3607908487319946 0 0 0 0 0 0 0 0 0 0 0 2.506540268659592 1.750985562801361 47.71753078699112 0.9860977828502655 2.569677606225014 0.9561040103435516 410.6955171972513 1.643559455871582 0 0 2.979208782315254 0 0.1790881752967834 0 0 0 0 0 0 0
1429.249837934971 3735.774117156863 155.1586022824049 2837.448077082634 375.9663522392511 105.4954934865236 0 148.1671665981412 6359.291732177138 1848.203962668777 470.0728739947081 223.8677090704441 6241.796014890075 3247.63074824959 104.0842135176063 27.26403768360615 1.7457624822855 4.00208105891943 1.735284984111786 4.047767609357834 12.47687218338251 0 0.5073706209659576 0.4742487221956253 0.3147753179073334 0.7891357839107513 0.7409381717443466 3.558435134589672 4.462347589433193 0.8479715585708618 285.7523545473814 22.3207231760025 0.5878295749425888 0.1224071457982063 0.5695955157279968 0.7680364847183228 7.15798656642437 1.615659594535828 2.562148049473763 0 5.830040983855724 2.066307611763477 7.858435161411762 4.229772351682186 3.520246744155884 1.432248391211033 535.1290288567543 31.03006473183632 2.174944169819355 10.6390071734786 3.033573091030121 0.1319271624088287 0 3.559007905423641 8.440249904990196 24.22551468014717 72.55663070827723 540.1454773023725 16.61884701997042 141.2368942797184 0.5734916925430298 3.22071635723114 0.176279217004776 160.0020006150007 22.75982808321714 25.72361747175455 21.70524869114161 15.06971903890371 44.54599832743406 35.54308806359768 88.63582673668861 0.3057032525539398 0.1487676799297333 408.173192858696 464.5253751650453 534.4788489788771 108.5605856329203 13.33505269140005 22.58628574758768 27.44430509954691 2.467689588665962 36.31347674876451 44.00945225358009 1.529113493859768 38.20948557555676 46.45159823447466 45.93586246669292 0.6500095054507256 16.63680248707533 0.7182004973292351 4.088534221053123 3.026273407042027 4.20668401569128 0.8836356401443481 7.472190730273724 516.5009433925152 3.638792470097542 0 3.173796728253365 134.8662527948618 3.062241315841675 3.839511156082153 48.00303316116333 48.20248636603355 0 86.54680117964745 5.889707416296005 8.742554277181625 172.5124223232269 56.32044693827629 1.140186160802841 84.33295282721519 200.9220224171877 142.9135300219059 22.05526868999004 0.4826731979846954 1.47166945040226 0 0 0 0 0 0 0 0.3253700733184814 0.2378839775919914 0 1.449962139129639 0.212478443980217 0.510000467300415 0.183021143078804 0 1.929978370666504 0 4.547142297029495 0.369670182466507 0 0 2.228013038635254 44.34988433122635 0 26.31628519296646 10.3762344121933 3.061239778995514 1.124576039612293 0 0.1081769987940788 0 0 0 1.46319055557251 4.745077878236771 8.003967151045799 0 0 0.8493202924728394 0 2.988825991749763 0 0.5660820379853249 0.2892829924821854 2.049695700407028 1.843265578150749 1.112531214952469 0.9659066200256348 0 11.45843191444874 0.5169681757688522 0.7707123309373856 1.143568627536297 0.3179553672671318 0 0 0.1048054173588753 0 0.998851865530014 98.55413010716438 0 0 0 0.4808455258607864 10.34467047452927 0 1.533912420272827 15.22327316552401 4.391348764300346 4.039569869637489 0.9693668782711029 2.898356944322586 0.205603152513504 0.2804854735732079 0.2246882915496826 0 0.4540528208017349 0 0 0 82.25441254675388 20.58472168445587 46.18900391459465 677.8756659477949 186.4765689745545 1384.301459170878 382.5096691995859 648.8216102197766 64.12813741713762 13.59191498160362 171.7650561109185 27.37199460715055 1.331766568124294 28.64145618677139 2.520247250795364 21.87596632540226 1.795201361179352 0.4666740596294403 7.222547382116318 8.954879716038704 0.4920816123485565
396.9086877778172 2090.156756468117 4925.263387493789 3.256220951676369 152.9223838299513 0 148.1671665981412 0 1196.87367040664 2.875576436519623 3956.757343493402 39.51640601456165 1494.290643416345 4162.912448577583 11.11555822938681 13.75515939295292 2.418980434536934 32.78610898554325 5.733203932642937 118.7182184159756 234.316869482398 0 9.978534296154976 0.3633054494857788 0.7242417335510254 2.37651652097702 0.3719491362571716 0.3650030270218849 0.1524404287338257 0.206769272685051 1545.112702280283 3551.011311501265 27.33143281936646 27.60485619306564 5.039549604058266 0.4030898958444595 19.94671520590782 1.013957872986794 5.418897874653339 1.863025456666946 76.46877863258123 1.275093734264374 65.87552215158939 40.47801440954208 37.46954131871462 71.8760868832469 49.21864785254002 3.869264200329781 1.956377848982811 51.58061955869198 4.71846491843462 0 0 3.008843779563904 2.243477374315262 3.444549314677715 19.35166282951832 281.0873656272888 2.403497904539108 16.56314390152693 40.30708773434162 15.37294183671474 2.779643461108208 256.5158801004291 1.924012780189514 4.487388990819454 3.841219745576382 19.12672166526318 246.8966281563044 398.2824645414948 16.10519628226757 1.382646754384041 1.010658413171768 78.58366283774376 144.9887935519218 69.80166473984718 334.0696384683251 649.4117930680513 2873.3197889328 1912.470479160547 205.9943343549967 1992.187515221536 6.176379144191742 0.2769053280353546 4.505589976906776 7.937314875423908 56.64308816194534 0 2.206119164824486 0.2208298146724701 2.097584828734398 1.83343543112278 18.98363515734673 2.882083848118782 2.879845596849918 6.096135437488556 0.9943201690912247 0 0.9669526964426041 121.0960535556078 0 0 0 0 0 0.5763525068759918 0 0.3963480293750763 0 0 0 2.578034341335297 1.730078086256981 2.702172040939331 0 0 0 0 0 0 0 1.228685304522514 0 0 0.1280484050512314 1.083429992198944 0.1976940780878067 0 0 0 0.9617547243833542 0.2107218503952026 0.5375218912959099 0 0 0 0 0 0 3.039061829447746 0 0.2552971243858337 0 0.5071949362754822 3.076905891299248 1.521191358566284 0.5169808119535446 0 0 0 1.599245510995388 0.2951296269893646 0 0 0 0.3389899730682373 0 6.432605370879173 0 0 0 0 0 0 0 0 1.077517703175545 0 0.1501594334840775 0 0 0 0.1743448674678802 0 0 4.661763548851013 2.090940475463867 0.4676604270935059 0.3278993964195251 0 1.087760403752327 0 0 0 0 0 0.863907516002655 0 0 0.1871906816959381 0 0 0 0.2706574201583862 0 0 0 0.8569843024015427 1.62292218208313 1.978294253349304 36.23070777207613 24.25981251895428 106.8804049789906 21.69021698087454 31.09175848960876 3.518201790750027 1.546633422374725 6.280558682978153 2.34001450240612 0.1154136285185814 0.4038416966795921 0 0 0 0.1379801779985428 0 0.7800146639347076 0
29.5961766242981 6799.035300187767 595.0453078821301 1.694753758609295 13082.97900035977 1.074818670749664 6359.291732177138 1196.87367040664 0 22.08244700729847 4971.08597022295 22.38996566832066 580.0547318607569 2003.781921416521 31.35824745893478 6.499260023236275 0.7817773669958115 1.027648389339447 0 1.79412929713726 6.4953488484025 0 0.1537519842386246 0 0.3707462847232819 0.1338340044021606 0.1234539523720741 1.734596848487854 0.243786633014679 0 102.955115750432 13.10643178969622 0.7988670766353607 0.2952790409326553 0 0 2.783106222748756 0.1491667926311493 0.4464499056339264 0.417631596326828 3.024528443813324 0.3618176281452179 2.576153174042702 0.7962338402867317 0.9271696805953979 1.494788877665997 169.9868623763323 8.087940193712711 0.2611785382032394 4.228712297976017 0.6321304515004158 0 0 1.210182569921017 0.8097394332289696 3.732616424560547 14.89383797347546 79.4674189016223 2.991284087300301 39.20439874380827 0.1633495688438416 0.3107976317405701 0 60.65138047933578 3.338104888796806 7.031588949263096 6.019335396587849 4.272383354604244 18.27109098434448 16.07193803787231 25.25975893437862 0 0 69.15693879872561 109.3600588291883 166.396680444479 38.28884848952293 4.760315909981728 13.93017438054085 16.4127791300416 0.7914851307868958 15.57909964025021 10.34534990042448 0.5263135805726051 9.569933250546455 9.849849857389927 13.99465925991535 0.1290656924247742 3.534649595618248 0.1076507866382599 0.5832460001111031 0.9458171427249908 0.6142435967922211 0.2212786376476288 1.563652455806732 73.61917831003666 0 0 0.721654012799263 4.053348809480667 0 0.2595747411251068 0 1.478996276855469 0.4342517256736755 7.990787371993065 0.8493748903274536 1.987546294927597 2.567696064710617 3.30429396033287 0.4103484451770782 11.60899057984352 20.99770066142082 12.9806162416935 0 1.865952014923096 0 0 0 0 0 0 0 0 0 0.2477960586547852 0 0 0 0 0.1062003523111343 0 0 0 0 0 0 1.267139911651611 0 4.918903291225433 0 4.060505270957947 1.299042701721191 2.616879642009735 0.2413160502910614 0 0.1241532936692238 0 0 0 0 1.359105095267296 1.793333500623703 0 0 0.1637399047613144 0 1.179566837847233 0 0 0 0 0 0 0.8113592863082886 0 3.656176224350929 0 0.2805842161178589 0 0 0 0 0 0 0.3103714436292648 7.930594384670258 0 0 0 0.2451516315340996 0.238230973482132 0 2.709846615791321 3.027710646390915 0 1.194027364253998 0 1.297767400741577 0 0 0.1270264089107513 0.09823006391525269 0.230828545987606 0 0 0 5.415358811616898 4.663445472717285 8.3625508248806 175.1548173725605 53.91337770223618 395.7418995276093 104.6011581867933 23.56195576488972 16.74600576609373 4.979948133230209 45.97918802499771 7.064957730472088 0.1096074655652046 3.723161712288857 0.4623406529426575 0 0 0 0 1.843301489949226 0
1958.4510461092 177.0642661899328 4.471268877387047 4018.123295217752 41.38156954944134 1365.725404664874 1848.203962668777 2.875576436519623 22.08244700729847 0 5.080915182828903 3209.824165567756 7829.677641063929 104.3103732466698 10.06224159151316 6.019592925906181 0.4450726732611656 0.2769268155097961 0 0.486702024936676 0.9371523559093475 0 0.132853090763092 0 0 0 0 1.279315188527107 0.5984642058610916 0 21.06146252155304 0.945224404335022 0 0 0 0.3374402821063995 4.960932105779648 0 0.9080766290426254 0.2719997763633728 1.086453169584274 0.3411820083856583 0.6580587923526764 0.4687392860651016 0.1277087330818176 0.2647803723812103 27.31527917087078 1.728828229010105 0 0.8916233330965042 0 0.4189342558383942 0.5647838264703751 2.392225757241249 0.4416228979825974 1.066717356443405 186.8888527750969 140.0255019962788 15.24473534524441 5.83955156058073 0 0.4087927043437958 0 4.450382441282272 2.409119881689548 1.47265362739563 0.5014307126402855 1.000821873545647 3.35450379550457 4.346258573234081 47.01988206803799 0.4570356011390686 0 46.17454465478659 27.67558133602142 25.53571812063456 6.110775217413902 0.8708229213953018 0.8416712731122971 5.405510947108269 0 3.370066419243813 3.067226745188236 0 2.194465413689613 2.718848653137684 3.63501188904047 0.1838535666465759 0.5123327672481537 0 0.4795019775629044 0.6781329065561295 1.098095193505287 0.4801083207130432 1.543256491422653 1726.844015002251 3.002368032932281 0 1.999596297740936 579.2791356891394 4.441515654325485 11.47858202457428 47.23716734349728 164.7720012962818 0.8601868152618408 47.33368313312531 15.18041968345642 8.15326264500618 204.9366488903761 115.1659214198589 5.462992072105408 144.0400038063526 357.950061827898 227.7428452670574 17.97268517315388 0.5471895337104797 1.097178816795349 0 0.7590835094451904 0 0 0.4383654296398163 0 0 0 0.3244761377573013 0 0 0 0.5233585238456726 0 0 3.011345744132996 0 6.990267023444176 0 0 0 0 37.67696711421013 0 17.52762657403946 3.970982283353806 0 0 0 0.9025654792785645 0 0 0 0 8.561831429600716 4.540526196360588 0 0 0 0 1.215467572212219 0.1057361662387848 1.14431980997324 0.1031614318490028 2.194260999560356 4.234891146421432 0.3171808421611786 1.651467561721802 0 12.6096710562706 0.479155957698822 0.688113622367382 0.8504898622632027 0 0.1482774466276169 0 0.08676834404468536 0 0.2841556817293167 74.90825311839581 0.9028565287590027 0 0 0 2.925357773900032 0 3.438810586929321 9.430008679628372 1.875192582607269 6.980782940983772 1.321391731500626 1.272082269191742 0.1510416120290756 0 0 0 0.9756718277931213 0 0 0 98.52346509695053 20.12563394010067 28.94662533700466 466.6048502326012 14.98267529904842 84.430664293468 26.3208935931325 2608.235805884004 4.712039694190025 0.1266707181930542 16.03503227233887 31.54428197443485 2.615310914814472 19.62854540348053 0.6318780481815338 37.54831402003765 2.117777407169342 0.8242089748382568 3.671754062175751 2.7261773198843 0
179.9029932022095 2863.65808570385 2342.059994213283 1.103303149342537 506.2652300149202 1.213522434234619 470.0728739947081 3956.757343493402 4971.08597022295 5.080915182828903 0 42.50814211368561 2116.032523110509 7321.132868796587 32.07920925319195 46.96349595487118 2.950401097536087 3.437233909964561 0.4720203876495361 8.564500324428082 46.7580528408289 0 2.272261470556259 0.3323934674263 7.69562603533268 6.399386413395405 10.41846273839474 0.3896984457969666 1.136067278683186 1.874660953879356 419.7426659315825 214.5426815897226 35.10668760538101 3.806398183107376 0.6507657766342163 11.08445812761784 51.15477928519249 16.73691576719284 13.80743286013603 26.80770675837994 42.86109036207199 4.110294096171856 12.91822241991758 1.879030212759972 2.762468062341213 3.121842838823795 78.05352000892162 3.189330004155636 0.518576480448246 15.56135732680559 14.60482813417912 0 0.654598593711853 0.3226316571235657 0.4514248371124268 3.02203843742609 9.443855255842209 117.2694265171885 1.586835667490959 16.85906315594912 0.6639469712972641 11.02076159417629 0.1877709478139877 52.26661173254251 2.686815060675144 4.585148118436337 7.822170004248619 30.97053066641092 164.4039319306612 204.9634167030454 44.30083104968071 3.172108471393585 0.1480768173933029 41.87839271128178 61.68393103033304 84.04584712535143 37.72809902578592 7.430644169449806 421.0927480310202 334.4964410886168 0.8949479609727859 96.13271209597588 5.085553050041199 0.1139989048242569 4.129874423146248 6.013582102954388 22.84983630478382 0 2.109788358211517 0 7.477766960859299 2.375222325325012 47.30144512653351 13.92392414808273 3.396814435720444 29.60389521718025 3.965860977768898 0 3.119235426187515 38.54649007320404 0 0 0 0.2295247167348862 0 3.39272628724575 0 2.105725690722466 0.5422106683254242 0.431409478187561 0 2.813681423664093 6.28830674290657 4.3230160176754 1.125632464885712 0 0 0 0 0 0 0.2770359963178635 0 0 0.2236666977405548 0.4603781700134277 0 0 0 0 0.5218169987201691 0.1549600660800934 0.7164361178874969 0 0 0 0 0.2082479596138 0 3.715908080339432 0 3.092921316623688 0.7397967576980591 0 0.746890053153038 0.7554600387811661 0.3587180227041245 0 0 0 1.241628997027874 0 0 0 0 0 0 4.134333610534668 0 0 0 0 0 0 0 0 0.285490095615387 0 0 0 0 0 0 0.09818870574235916 0 1.503526881337166 3.756028085947037 0.7674029469490051 0 0.5585610270500183 1.773923814296722 0.4395615756511688 0 0 0 0 0 0 0 0.6410732269287109 0 0 0 0 0.3909322917461395 0 0.1611277461051941 1.604398667812347 2.117312580347061 0.7078197300434113 61.06802314519882 24.70376518368721 137.3762353211641 29.38017404824495 20.45428475737572 4.177428066730499 1.024145185947418 13.87844759225845 0.5059041380882263 0.1633826345205307 0 0 1.670477330684662 0 0 1.885825872421265 1.356691971421242 0
131.8782837688923 84.41745697706938 40.50837314873934 210.6707044392824 46.8999267667532 268.2085875272751 223.8677090704441 39.51640601456165 22.38996566832066 3209.824165567756 42.50814211368561 0 3784.908604390919 62.24997232854366 132.8523621112108 112.7225473076105 10.56939055025578 1.43739128112793 0.5099589675664902 2.344865746796131 6.006759025156498 0.4069663286209106 0 0 3.291890367865562 1.328785352408886 3.083838030695915 3.53674690425396 1.8227169662714 0.1853024363517761 14.91426641494036 5.192684076726437 22.52076202630997 0.4600119888782501 0 1.243700191378593 100.9114898592234 9.684478044509888 5.831435546278954 14.62742288410664 10.3519135043025 3.734349086880684 4.820911444723606 1.788071118295193 0.6126334220170975 0.5884493142366409 194.7768833115697 2.291192002594471 0.2763439416885376 8.459873110055923 11.57208159565926 0.523723840713501 0.1893828809261322 1.760983645915985 0.6312438547611237 1.683741338551044 17.76778630167246 28.57470958679914 4.040492855012417 26.15258053690195 0.1519319117069244 18.61740070581436 0 10.74254135787487 1.109860457479954 2.200005657970905 4.318400233983994 14.10074622929096 81.35171163827181 54.00226905196905 304.7629273682833 4.134038865566254 0.9700268507003784 34.76817408949137 39.83417502790689 185.0122265294194 60.4256107583642 11.55653002858162 7.487283185124397 37.4128056615591 0.344673678278923 21.63897719979286 6.374921880662441 0 3.562300771474838 2.926958382129669 19.68217168003321 0 1.20643874257803 0.1033513993024826 7.103826016187668 1.377943351864815 16.62409643828869 11.82710672914982 8.334654159843922 2896.591896086931 102.239480227232 0.8515670895576477 2.802230462431908 39.47688081860542 1.09935474395752 1.630567669868469 2.729004234075546 8.915863305330276 2.083639368414879 28.57563830912113 8.094772800803185 20.85850231349468 53.77087867259979 90.04056638479233 3.462858691811562 173.1297688484192 314.6213169693947 295.110925540328 35.32417786121368 0.5785246342420578 1.36433008313179 0 0 0 0.1228485256433487 1.152554154396057 0 1.900065660476685 0.1304035037755966 0.1909180134534836 0 0 0 1.00213360786438 0.3992047533392906 0 0.1354357600212097 0 2.085561811923981 0 0 0 0 84.80223070085049 0 32.38572332262993 9.294256776571274 2.704523891210556 0.5994055867195129 0.3054389357566833 0.1674805581569672 0 0.7035428881645203 0 0 7.511393994092941 7.575810685753822 0.5010327100753784 0 0.7387880086898804 0 2.243576698005199 0.2430049329996109 0.8756403923034668 0.4151505455374718 0.5641104578971863 2.019056916236877 0.2134665548801422 0 0 22.56897462904453 0.5944827198982239 0.1384363919496536 0.585442528128624 0.2623499035835266 0.2362710386514664 0 0 0.3296701908111572 0.9125980883836746 165.9258404821157 0 0 0.4656879156827927 1.627403810620308 8.725453272461891 1.419752299785614 7.580959275364876 10.97880022227764 10.62812814116478 11.09180714190006 3.877817720174789 3.895403027534485 0.6576107740402222 0 0 0 0 0 0 0 135.8934336751699 40.64289340376854 54.75667870044708 582.4119550585747 70.51612740755081 404.0358822718263 122.6316323727369 272.3647921979427 19.11031589657068 1.798046827316284 111.3188053965569 39.34985496848822 0.5391108989715576 31.33293747901917 2.790886908769608 37.03936320543289 0.8586011528968811 0.8794169425964355 5.632587596774101 13.51833759248257 0.8156562745571136
328.9590561613441 1425.535485908389 930.2437452673912 1597.534560114145 161.5383971109986 185.6204887628555 6241.796014890075 1494.290643416345 580.0547318607569 7829.677641063929 2116.032523110509 3784.908604390919 0 2577.256032332778 376.4613621979952 365.1383771151304 24.37544108182192 9.722936347126961 1.979764640331268 19.14255025982857 70.35230503976345 0 2.423358052968979 1.256311386823654 20.21757186949253 13.67068790644407 18.3637876957655 9.421281307935715 11.62321677803993 4.757418483495712 278.505275003612 79.03025188297033 209.729942753911 5.424363434314728 1.537632748484612 14.97169683873653 771.2401615008712 61.41324380040169 25.28125514090061 76.80073934793472 83.28038232028484 16.87793129682541 44.84602923691273 11.61083704978228 7.300667725503445 6.132714338600636 702.0598492473364 17.73271200060844 6.15772070735693 65.26889801025391 29.25164826214314 0.772361159324646 1.313028648495674 10.75644628703594 2.166761614382267 10.11670645326376 38.92003854364157 168.2053544670343 13.64268492162228 126.4190963208675 2.764147035777569 125.8751334100962 0.2887215912342072 145.331646412611 6.610999621450901 17.0761239901185 19.62662327289581 76.19908387213945 458.4815186336637 374.2591422647238 591.1796742081642 29.36354704201221 3.305189155042171 156.6440457031131 217.8160387799144 772.2366393357515 280.3887755125761 55.61074527353048 137.0068896487355 232.6013165712357 3.067038528621197 158.8738696351647 21.67990093678236 0.6649936959147453 22.24646817147732 20.48240258544683 107.3352497071028 0.09850922226905823 9.667518198490143 1.35711008310318 16.82647332549095 5.341134265065193 96.93743427097797 41.9196844175458 29.00306241959333 2578.967659808695 148.3334561735392 2.013967394828796 15.30860707163811 76.40697269886732 2.036357276141644 6.449031352996826 10.14481621980667 42.08697180449963 1.736804232001305 190.2883259952068 10.79409798979759 20.30842341482639 206.9825530201197 148.195499971509 3.886489570140839 259.2034400999546 481.7765598744154 344.6735228747129 47.33614775538445 1.109093517065048 3.118447512388229 0 1.779097855091095 0.136422872543335 0.1689701229333878 1.306864000856876 0 0.8279163986444473 0.4807673990726471 2.994968071579933 0 0 0.3569425642490387 0.4564466774463654 1.194316387176514 0.1701675653457642 1.611084818840027 0 5.831909418106079 0.9575419127941132 1.124171018600464 3.014337837696075 2.670922756195068 107.957071647048 3.592441976070404 48.41658030450344 10.64866705238819 4.216410607099533 4.273372806608677 2.388774663209915 0.5525773614645004 0 1.192665457725525 0.6375321745872498 3.480009496212006 13.67219690978527 12.94520485401154 0.1487274020910263 0 2.587554156780243 0 10.87624312192202 0.6273451969027519 0.3751350045204163 0.09603744000196457 3.251215398311615 3.82756519317627 0.5773990303277969 0 2.096071183681488 34.29031772911549 1.939192026853561 2.158903256058693 1.05069400370121 0 0.1220713928341866 0 0.1572037041187286 0.1623507738113403 7.7952004596591 234.9847932904959 3.664383202791214 0.4639764130115509 0.6951944977045059 6.365031257271767 14.82133728265762 1.541901558637619 4.108450680971146 16.98008970171213 16.32186556607485 10.18877364695072 3.512017622590065 3.672382287681103 0.1011710986495018 0.1226142272353172 0 0.1820517033338547 0.08632957190275192 0.177123174071312 0 0.1807930916547775 224.4241593331099 71.69760946929455 110.5328249186277 1219.934635289013 311.1901686191559 1292.488302566111 391.0703723579645 404.7263558655977 73.01477242261171 11.53382670879364 236.9596489965916 59.93465320765972 7.000653669238091 41.65628015249968 6.697298556566238 42.18616439402103 1.527492538094521 1.503128111362457 7.720402613282204 40.67572744190693 1.462530419230461
96.19680166244507 1943.400363959372 1327.86549461633 42.0596678853035 1115.346473552287 8.078726157546043 3247.63074824959 4162.912448577583 2003.781921416521 104.3103732466698 7321.132868796587 62.24997232854366 2577.256032332778 0 135.6396286934614 137.0729971677065 12.34835275262594 8.667028583586216 0.5924177020788193 13.08108701556921 48.29257448017597 0 1.596128240227699 0.6673552393913269 43.42007276415825 15.42523212730885 28.48516424000263 4.207647822797298 4.059488892555237 7.372658759355545 253.1551681086421 161.8589760437608 505.4090973883867 2.388942137360573 1.659890040755272 32.80449648201466 861.847990617156 162.7318156659603 64.59947553277016 112.7039901539683 88.21226562559605 18.24058756232262 13.96154293417931 4.256073400378227 3.61012627184391 4.29768256098032 196.6102569177747 7.605565384030342 1.677391961216927 22.32109609991312 23.57040594518185 0.1724300682544708 0.9577176868915558 5.871404848992825 1.437629245221615 3.229248650372028 11.97503885626793 95.69752634316683 2.085934042930603 37.39447294175625 10.81483390927315 344.4114278256893 2.132989525794983 67.76989621669054 2.930843003094196 5.607814982533455 12.35278571397066 52.80752509832382 259.1527920812368 315.6583867147565 401.9988881498575 10.25386781990528 0.6288351267576218 61.10927571356297 88.34031888097525 229.8543209955096 86.57931693643332 24.81419211626053 112.101810619235 422.5118459388614 1.449955627322197 153.1904505640268 4.624554246664047 0.2829203456640244 8.458970621228218 7.645816035568714 45.88354230672121 0 4.863222107291222 0 17.54937832802534 2.98306867480278 100.7145769149065 45.97182770073414 14.9454549998045 278.4607303291559 53.44433116912842 0.3548120856285095 3.574345991015434 24.67307931184769 0 0 0 2.380482494831085 0 40.38231621682644 1.215625941753387 5.575166955590248 3.26057642698288 14.32525408267975 2.09526002407074 20.87472094595432 40.69166621565819 32.54742529988289 9.213785439729691 0.4798864424228668 0 0 0 0 0 0.4892250671982765 0.2233702093362808 0.5041080117225647 0 2.93616659194231 0 0 0 0 0.3062849640846252 0.214372456073761 1.54796888679266 0 0.6800385117530823 0 0.5730354785919189 0.2096277624368668 0.5282168388366699 14.77077808976173 1.083096504211426 5.744968935847282 3.182832732796669 0.4145121872425079 1.977449409663677 0.9295722097158432 0.3651486337184906 0 0 0.2764370143413544 2.134433917701244 1.415965616703033 2.01850700378418 0 0 1.315956898033619 0 5.237349018454552 0 0 0 1.011142030358315 0 0 0 0 5.430460393428802 0 0 0.3969502747058868 0 0 0 0.2647101879119873 0.1487767845392227 4.1502296179533 37.40328791737556 1.533046394586563 0 0.7986283451318741 2.777308195829391 4.502422869205475 0 2.906909257173538 0.6781440377235413 0.83265021443367 2.192493245005608 0.3322640657424927 0 0.1119512990117073 0 0 0 0.2313126400113106 0 0 0 19.25157560408115 7.321243047714233 21.1000619083643 288.4006899669766 74.81545466184616 388.7779377326369 102.9583982080221 48.15034732222557 14.76945540308952 3.723257035017014 61.53225572407246 14.01268383860588 0.4004810154438019 6.043968573212624 0.4502428025007248 4.992851734161377 0.170717716217041 0.5000914931297302 2.466360807418823 8.705514624714851 0.8006327152252197
