0 4855.847974330187 994.8792424350977 2480.879677630961 739.0738726481795 65.59495933353901 841.4821759238839 130.8671086281538 30.62161084264517 4569.933662198484 357.8499946817756 210.5455771163106 250.3932532668114 98.53824416548014 0.3189843595027924 0.6875773817300797 0 0.2261320352554321 0 0 0 0.9013501852750778 0 0 0 0 0 0.268371194601059 0.570273756980896 0 1053.715791299939 0.8763927295804024 7.025107026100159 0 0 0 13.40095117688179 2.197126567363739 14.42331109941006 1.25737002491951 0 0 0 0 0 0.3720209673047066 17.25762438029051 2.853382095694542 0.1624792814254761 0 0.09554849565029144 3.546611577272415 3.122016713023186 0 9.251073934137821 8.192588090896606 464.8739601299167 1367.928794518113 68.8761480525136 19.90298656374216 0.2340303435921669 3.068100467324257 0 21.69793739914894 11.65907955169678 3.715805679559708 1.392199836671352 1.992095813155174 0.1778234243392944 0.2077448591589928 34.61529453098774 29.56985451281071 4.066330775618553 176.3038764894009 13.77561392635107 3.395305030047894 0.6442184001207352 0.1360424757003784 10.21720819175243 67.49061132222414 1.776342429220676 12.42860420793295 25.52017097175121 0.9027785807847977 4.000596828758717 6.349745772778988 2.491369418799877 2.850757792592049 0.8571458756923676 4.569583714008331 0 0.09745480865240097 0 0.315863810479641 0.2156907618045807 226.7861888706684 28.42487899959087 7.800309166312218 11.7383014857769 1390.89983329922 1.325268149375916 0 0 0 0 3.472902357578278 0 0.7630418613553047 52.41930849850178 0.1571255773305893 0 1.080986149609089 2.139658778905869 3.771044850349426 2.74459844827652 1.413572505116463 1.194901347160339 0.4583649337291718 1.214953750371933 0 0 0.1284547001123428 0 0 0 0 0 0.351646363735199 0 0.2776090502738953 0 0.7752377688884735 0 0 2.859157741069794 0 0 0 0 3.91475310921669 3.130140706896782 8.218301013112068 1.684995159506798 0.5665884613990784 0 0 0 0.4203904867172241 1.39966231584549 1.135581851005554 0 1.887909978628159 1.285149395465851 0.3088026642799377 0 0 0.2068222910165787 0 0.07486732304096222 0.134312704205513 0.126990333199501 0.2201538607478142 0.3948054239153862 0 0 0.3617695569992065 1.478157997131348 0.8899481892585754 0 0.1541777700185776 0 0 0 0 0 0 6.714210733771324 1.376029476523399 0 0 0 0.6440516710281372 0.4662230014801025 0.5086193084716797 2.919930726289749 3.300268843770027 3.163457304239273 0 0.51576828956604 0.2289275079965591 0.1763473004102707 0 0 0.1976324170827866 0.1171426549553871 0 0 1.387813419103622 4.375746250152588 4.737061724066734 46.11688032746315 21.45366315543652 99.69278242439032 25.34666001051664 1018.454718016088 31.47021375596523 8.453763194382191 14.72461120784283 3.078128673136234 2.081589058041573 6.244258590042591 1.116526156663895 2.00016662478447 3.087963782250881 0.5330561101436615 0.7000407129526138 0 0
4855.847974330187 0 1562.681275084615 1184.165324278176 4524.820940941572 169.6542479395866 1704.870274931192 610.0187607184052 492.5147930979729 960.9336722567677 1668.246605373919 164.2962965369225 644.9856331720948 762.9259434193373 16.40794173628092 3.648272022604942 0.21647809445858 0.4257337227463722 0 2.636624991893768 1.411041811108589 0.5160369426012039 0 0 0.1357046663761139 1.146965593099594 0.2079856023192406 2.483833655714989 1.214527823030949 0 2313.877870284021 29.25752502679825 16.97718577831984 0 0 0.2152702808380127 52.21829029917717 1.047338366508484 20.09285944700241 1.424651302397251 0.4736525863409042 1.898513838648796 0.1402410417795181 1.554230265319347 0.5085605457425117 0.508451372385025 214.6931526809931 9.801865570247173 0.2507239207625389 0.4572931602597237 5.066180869936943 0.1323216706514359 0.3574236482381821 2.365163080394268 13.85133004933596 21.45824664831161 134.6516962349415 1066.119212396443 145.2542494088411 135.5552930757403 0.5615833625197411 3.977037496864796 1.417308337986469 317.2957279905677 39.16175075247884 14.37712801247835 8.046593174338341 13.14154179394245 0.8575287908315659 0.8592401370406151 110.1770199015737 10.94729326665401 0 345.3245259821415 105.1044259294868 119.4123289436102 75.61688718944788 3.840402640402317 21.62466737627983 201.1864167079329 5.865619078278542 18.47621608525515 73.35069336742163 1.991717435419559 14.35196398198605 26.96718021482229 9.024875864386559 0.1652854159474373 3.769815236330032 0.3326555490493774 0.7212084904313087 1.133387476205826 0.4048918187618256 1.131756089627743 3.193850889801979 123.9441708400846 6.698284551501274 0.415982723236084 3.500389352440834 852.1671381369233 3.441503867506981 0.2577926069498062 16.0425068885088 1.202269554138184 9.436988204717636 51.80332469940186 0.1324007511138916 22.77977711707354 30.13692455738783 6.190038606524467 2.400723606348038 43.31553117185831 75.45516213029623 51.06781531125307 48.13421933352947 1.546711415052414 1.544202640652657 0.1533980220556259 0.9609865099191666 0 0 0 0 0 0 0 0.3157892227172852 0.104593887925148 0 0.1198564767837524 0 0.3673877567052841 0 0 43.58436666429043 5.990724071860313 0 0.1538632214069366 0 19.50989872217178 2.091854363679886 18.31934502720833 1.899775736033916 1.004249051213264 0 0 0.150077223777771 0.2153716087341309 1.382109075784683 0.4212428629398346 0 7.72349289059639 8.3980782777071 1.18269457668066 0 0 0 0 1.120008893311024 2.687981724739075 1.124730907380581 7.60644593089819 14.8806109726429 0 0.5049667507410049 0.7512941658496857 15.07344488799572 21.87424916028976 4.153459995985031 2.913719743490219 1.184055969119072 1.711534596979618 0.3619165271520615 1.540986724197865 0.1199382096529007 0 65.16446344554424 4.683240160346031 0 0 0 6.222500279545784 2.902353584766388 4.098552659153938 17.11051838099957 24.8809180110693 19.93000393360853 7.177960276603699 2.642063841223717 0.977350614964962 0.6718552783131599 0.1869384720921516 0 0.7198645249009132 0.3886609822511673 0.119601808488369 0 12.74798756837845 9.989973492920399 21.30300172418356 648.0904733464122 121.8360804542899 521.8821655958891 83.17917191237211 815.6207725852728 109.5762964263558 21.55228836834431 72.83073933422565 27.32153711467981 6.201108373701572 38.8490242511034 7.147357642650604 20.00549657642841 3.409753851592541 1.031302057206631 8.917400494217873 5.652956984937191 1.06985867023468
994.8792424350977 1562.681275084615 0 74.27107260376215 377.3889919891953 8.340069696307182 109.3478472307324 2643.078800931573 175.0180296748877 91.29933648556471 2592.228790678084 103.7050699293613 533.3871043398976 1108.587415739894 10.25384134799242 9.862098224461079 6.196143507957458 6.293340347707272 0.3317216783761978 27.92618378251791 12.65200755000114 0 2.516636356711388 1.291899740695953 0.5508277416229248 2.284589417278767 0.6611493974924088 0.588515043258667 0.5247245952486992 0.09897900372743607 4930.39856852591 181.1430311575532 148.2367171570659 2.146240636706352 4.704630300402641 4.995365858078003 184.6936134919524 9.018324330449104 82.46649996936321 3.271134324371815 6.539748653769493 1.187000848352909 4.327493205666542 7.477782070636749 2.34930719435215 3.092660583555698 55.51266148686409 3.016946859657764 4.845992662012577 12.31455729156733 2.018680863082409 0.1600707024335861 0.34147609770298 0.5849778354167938 3.472548946738243 6.370706923305988 63.91320776194334 1514.093970522285 51.35721537470818 37.65494135022163 7.862432591617107 106.3416343405843 1.795416995882988 620.9643477797508 12.63212133944035 4.875435814261436 3.589525036513805 4.472306996583939 3.137304373085499 8.882470302283764 351.3798751309514 31.28270576894283 0.1472122371196747 129.2843348160386 153.4083027616143 31.00305937230587 41.58424898982048 9.519665837287903 795.1926457732916 1064.527405768633 356.9443737491965 1496.557500332594 19.60528484731913 0.4104292243719101 3.723911873996258 7.697590693831444 5.40957123786211 0.432130940258503 1.25285892188549 0.1136694103479385 0.5076474398374557 0.2715197801589966 2.447211369872093 0.2492687404155731 0.4985504597425461 178.2037984505296 38.46845759451389 0.1751759201288223 35.58631001412868 299.2034167349339 17.33365918695927 4.623944580554962 23.41121461987495 0.3574343919754028 12.93764765560627 43.22038415074348 0 21.53125633299351 25.66781920194626 3.084083050489426 2.307775855064392 32.25961089879274 81.67603544145823 72.28927674889565 71.17519848048687 5.891640536487103 7.918571352958679 0.1561247706413269 1.440216429531574 0 0.2405395954847336 0 0.3005158603191376 0 0.2099539339542389 0 0 0.2147640287876129 0 1.372034221887589 0.5250495374202728 0.4360514655709267 0 0 73.34965382516384 3.790680512785912 0.1280627995729446 0.6877680271863937 0.2695964127779007 55.47502969950438 14.66591820120811 67.83219374716282 12.54944235086441 4.522459961473942 0 0 0 0.5433429628610611 4.997092515230179 3.339997172355652 0.2570717036724091 33.81285053491592 22.25369572639465 2.348215326666832 0 0.2509168684482574 0.8107771873474121 0.3715095221996307 2.033701434731483 5.41849473118782 1.5115752145648 12.26266692578793 21.19984667003155 0.6420122385025024 0.5484982430934906 2.420819975435734 27.40526270866394 39.70948034524918 5.11528230458498 6.537249334156513 1.070752799510956 1.275120735168457 0.6430386751890182 0.624825194478035 0 0.965091660618782 141.3009903728962 16.88792705535889 0 0 0.2489725947380066 14.89955458045006 20.21596606075764 12.20398227125406 43.02105601131916 52.31222984194756 57.49072715640068 15.17062212526798 9.850151658058167 4.731685772538185 0.7145726233720779 0.4188174307346344 0.1523669213056564 1.465942367911339 0 0.2219553142786026 0.1243647336959839 17.1350060403347 48.82438552379608 74.99621759355068 116.5463664010167 37.42904979735613 120.1894772574306 21.57642716169357 104.7887386754155 24.34451691806316 5.834173232316971 19.30846560746431 56.41119226813316 8.806081399321556 58.59904488921165 10.28036736696959 70.36755871772766 10.55738098919392 1.13333822786808 15.97924655675888 0.9944991022348404 1.814474001526833
2480.879677630961 1184.165324278176 74.27107260376215 0 194.324231185019 379.1217758655548 706.3414200544357 1.656374759972095 41.41376447677612 1581.736891582608 35.70970693230629 804.579019099474 562.113967448473 5.204543523490429 1.041690140962601 0 0 0 0 0.1031888946890831 0 0 0 0 0 0 0 0.1677901148796082 0 0 172.3699593916535 2.233445957303047 0 0 0 0.1798599809408188 0.1242867931723595 0.1249154061079025 1.116475574672222 0.2127808183431625 0 0 0 0.5231356993317604 0.1631094813346863 0.1512359231710434 30.12156301736832 1.545336350798607 0 0 0.560515396296978 0 0 0.3500991463661194 3.355130389332771 3.958931297063828 44.59874723851681 369.9119546115398 35.62624778598547 19.46685060858727 0.2493839636445045 0.4241979718208313 0.197741910815239 38.74066691845655 10.62101612985134 2.402532316744328 1.1019082441926 2.577991239726543 0.5963935405015945 0.1356139332056046 0.4145142436027527 0 0 91.80509865283966 13.76319815963507 10.06419889628887 6.575256861746311 0.4443126916885376 0.4130863696336746 1.042889729142189 1.275465600192547 0.8930154293775558 16.40308890491724 0.6227825805544853 2.053720586001873 5.851296670734882 0.7939928621053696 0.2407759949564934 0.7302118539810181 0.1457658261060715 0.3388486355543137 0.1614619344472885 0 0.635438859462738 0 32.30189968645573 0.5150280147790909 0 0 420.7003291249275 1.051405712962151 0 0.497944250702858 0 0.2779846489429474 3.798594035208225 0 1.501242190599442 24.95379510521889 0.7641578763723373 0 3.306093364953995 3.90470814704895 2.531146064400673 0.8328523635864258 0 0 0 0 0 0 0 0 0 0 0 0 0 0 0 0 0 0 0 1.455077975988388 0 0 0 0 0.3503761142492294 0 0.7594350874423981 0.3658873438835144 0.199026420712471 0 0 0 0 0 0 0 1.114849507808685 0.348642885684967 0 0 0 0 0 0 0 0.09276003390550613 0.2393310815095901 0.245624765753746 0 0.1380262821912766 0 0 0.5588030219078064 0.1075554490089417 0.35999995470047 0.1238291412591934 0.1061243489384651 0 0.1369655430316925 0 0 1.559117719531059 0.5192370563745499 0 0 0 1.166334003210068 0 0.1945322453975677 0 1.168942332267761 1.046248078346252 0 0 0 0.1159939616918564 0 0 0.1817011386156082 0 0 0 0.1779135316610336 0.2628040313720703 1.539425224065781 121.5031220018864 19.75614620745182 94.70368301123381 13.0955948010087 693.8231675773859 20.59426286816597 3.48411975055933 12.70638121664524 0.6797158271074295 0.7850544303655624 1.398247189819813 1.707350812852383 1.830924272537231 0.2294097542762756 0.07896188646554947 0 0.8389166593551636 0.3179688006639481
739.0738726481795 4524.820940941572 377.3889919891953 194.324231185019 0 6.678509101271629 1541.015590190887 196.5035987272859 2786.506082087755 912.2015944123268 2396.841726124287 100.4490513950586 976.6961853951216 2051.423578187823 30.51501373201609 6.824215590953827 0.5668231621384621 0.6904576644301414 0.1630963236093521 1.033250711858273 0.6593479141592979 0.3625927865505219 0.2647524252533913 0 0 0.8936991021037102 0.1179348528385162 3.555097423493862 1.729076765477657 0 279.7683876827359 18.8108903542161 1.59337130188942 0.2239498421549797 0 0.6669517308473587 8.726687721908092 0.3862053602933884 2.666059322655201 0 0.8607603013515472 1.302947491407394 0.1160333156585693 2.32330958545208 0.116248793900013 0.4478892609477043 186.9453061372042 6.285539515316486 0.255651444196701 0.2084226682782173 3.537493497133255 0.4565548896789551 0.2157234773039818 3.060711719095707 6.001945108175278 9.67013119161129 40.0043842419982 171.9390581548214 68.52226784080267 90.93359984457493 0.6571512818336487 2.371440961956978 0.5813261121511459 178.2881603986025 21.05925444513559 9.69481748342514 5.537570372223854 8.933033287525177 0.3802697658538818 0.4040104746818542 16.41880146414042 1.848330184817314 0 156.9590597823262 62.22727432101965 141.5817103013396 80.22566337138414 7.407911092042923 4.598267011344433 7.00425835698843 1.999606318771839 4.092195384204388 34.81833692640066 0.6174010410904884 7.879917316138744 16.23993007838726 4.901626884937286 0.1834697872400284 2.511650368571281 0.5330670699477196 1.521140515804291 1.011794447898865 0.891584224998951 0.6481292545795441 3.005360916256905 86.63197714090347 1.894166901707649 0 1.59550616890192 40.52725021541119 1.200886309146881 0.1630686521530151 15.1368453502655 0.1654964089393616 7.471826612949371 46.02818405628204 1.014908045530319 28.33325332403183 26.98274830728769 4.609590873122215 3.855343148112297 48.48791312426329 74.3550978526473 43.96904692053795 24.57960464805365 1.513007134199142 1.454275071620941 0 0.2442737966775894 0 0 0 0 0 0 0 0 0 0 0 0 0.2021487504243851 0 0 24.41672639548779 4.373292312026024 0 0 0 8.650503635406494 1.430189535021782 5.717882744967937 0.9286885112524033 0.6538780480623245 0.1312177926301956 0 0 0 0.1729663163423538 0.124631255865097 0 10.00518570095301 1.664639092981815 0.7329561412334442 0.2996038794517517 0 0.1222750768065453 0 0.1524072736501694 1.373570717871189 1.119911931455135 2.199912570416927 5.526852026581764 0 0.3532471209764481 0.4903072118759155 11.21333266794682 16.25754338502884 2.960521571338177 2.234551414847374 0.4536340162158012 0.4636865705251694 0 0.5235084071755409 0 0 46.62787325680256 2.085699900984764 0 0 0 3.45830237865448 2.884375497698784 4.109486594796181 10.2155232578516 12.28949527442455 12.59894917905331 5.528749644756317 1.13348463177681 1.051688894629478 0.2513482347130775 0.1845061630010605 0 0.6393080204725266 0 0 0 12.93085610866547 3.374498903751373 6.458666108548641 402.8482910692692 110.0228425636888 387.9367744848132 79.65858883410692 117.4236841052771 95.44991610944271 14.84143950790167 45.82768785953522 21.24227079004049 2.222388401627541 12.00287403166294 1.865449376404285 17.48054356127977 3.338624939322472 0.6797445639967918 3.314820535480976 5.462556511163712 0.6811744421720505
65.59495933353901 169.6542479395866 8.340069696307182 379.1217758655548 6.678509101271629 0 88.55855676531792 0.2783758044242859 21.78642646968365 1104.892406061292 3.645076334476471 179.1679454743862 199.9824344664812 24.09918276965618 0.5714824348688126 1.242674365639687 0 0 0 0 0 3.417024567723274 0 0 0 0 0 0 0 0 37.31852975487709 0 7.95869742333889 0 0 1.203048437833786 35.6330800652504 0.9741233736276627 13.62867318093777 0 0 0 0 0 0 0 0.6177775636315346 0.2742326632142067 0 0 0 11.20681530237198 4.398033559322357 0 0 0.2483152523636818 80.65354465693235 49.47815474122763 1.274866215884686 0.7426944971084595 0.5895130932331085 3.078264743089676 0 1.226047247648239 0.0723194032907486 0.07554115355014801 0 0 0 0 73.18817140161991 271.0092856734991 17.59959097206593 2.697011709213257 0 0.3859742879867554 0.2274165749549866 0 0 5.769202351570129 0.4529257118701935 1.858408123254776 0.1411461383104324 0.3078619539737701 0.1789204925298691 0 0 12.02869446575642 1.277650430798531 22.67773096263409 0 0.7185462713241577 0 0 0 457.0892129689455 73.06730419397354 49.81385983526707 14.17613264918327 257.6854906380177 0.2911875247955322 0 0.1694015562534332 0 0 0.1323003023862839 0 0 5.97270792722702 0 0 0 0.1776280850172043 0 0 0.2857511341571808 0 0 0.2074786424636841 0 0 0 0 0 0 0 0 0 0 0.2096191644668579 0 0 0 0 0 0 0 0 0 0.478745624423027 0 0.5784874707460403 0.2063764929771423 0.1937192678451538 0 0 0 0 0 0 0 0 0 0 0 0 0 0 0 0 0 0 0 0 0 0.3737267553806305 0 0 0 0 0 0 0 0 0 0 0 0 0 0 0 0 0 0 0 0 0.2557705938816071 0 0 0 0 0 0 0 0 0 0 0 0 0.3333250433206558 2.596788838505745 0.6923661977052689 3.682244189083576 0.2651592567563057 143.6804278790951 0.6222641691565514 0 0 0 0 0.09698054939508438 0 0 0 0 0.2197200208902359 0 0
841.4821759238839 1704.870274931192 109.3478472307324 706.3414200544357 1541.015590190887 88.55855676531792 0 30.73123563826084 1384.394965216517 2366.441458828747 326.6673040539026 562.5930614024401 2564.635959543288 1543.077540487051 29.68050397187471 7.473479524254799 0.4581076726317406 0.7047939598560333 0 1.322332233190536 0.2971865236759186 0 0.3675872832536697 0.3252535164356232 0 0.2184286564588547 0.1202569231390953 2.610848486423492 1.277466721832752 0.2976389452815056 194.4986191987991 10.76550091058016 4.751152910292149 0 0.1596810817718506 0.5029063820838928 12.06300667673349 0.1149545833468437 2.248286299407482 0.8794462382793427 0.1191484779119492 1.84276357293129 0.2409150823950768 2.024342760443687 0.1003155782818794 0.4547438248991966 183.1686486303806 6.3098960891366 0.2262152507901192 0.476933978497982 2.636080056428909 0.267190121114254 0.2301893308758736 1.668060280382633 6.372410759329796 11.54629054665565 53.2306410446763 251.6221188753843 70.92333919554949 89.22383249551058 1.204539090394974 1.643134094774723 0.1239529922604561 136.2463483959436 19.67836163192987 6.588328145444393 4.724546127021313 7.487946748733521 0.6912969797849655 0.8638519644737244 26.0668331310153 3.501511588692665 0 162.9096056595445 47.26154393702745 112.5057957470417 62.20308193564415 4.613436572253704 3.053015761077404 5.449540920555592 1.742998749017715 4.365159772336483 37.00989606231451 1.004128858447075 8.631668142974377 14.65621715784073 6.70418681204319 0.2348497211933136 2.474459297955036 0.4129788056015968 1.744349956512451 0.7476177588105202 0.1673575341701508 0.6378310322761536 1.999740712344646 332.3501941636205 1.152883902192116 0 1.369688406586647 112.8399466946721 4.948311895132065 1.864117182791233 30.65330973267555 2.219774812459946 18.79178623855114 142.852850034833 1.734951332211494 76.27604232728481 78.25002495199442 18.28948438167572 7.508368790149689 135.6622798889875 183.2445600256324 88.3783436268568 51.65590949356556 0.921501636505127 0.6366704031825066 0 0.6200880780816078 0 0 0 0 0.1713420748710632 0 0 0 0.2029751986265182 0 0.09701666235923767 0.1480745673179626 0.1526435911655426 0 0 70.03221607208252 5.712471231818199 0 0.1543645709753036 0 18.27263421565294 0.5084526985883713 10.28838437795639 2.625755876302719 0.6081653758883476 0 0 0 0.1363838762044907 0.8840789794921875 0.1781877130270004 0 15.48402202129364 9.363125301897526 0.9583613947033882 0 0.1116165593266487 0 0.2360112816095352 0.6588147208094597 2.437896005809307 1.546042129397392 5.145169593393803 13.42012676596642 0 0.162811353802681 0.1289297491312027 17.34637208282948 24.51977432519197 3.952292300760746 3.467035315930843 0.2597190588712692 0.5773137956857681 0.2209755182266235 0.469877116382122 0 0 79.68170562386513 2.470648854970932 0 0 0 10.22848395258188 4.363627746701241 5.733629941940308 23.18304383009672 32.16165080666542 26.88342762738466 11.72695723176003 4.585226908326149 2.373638816177845 0.4077861532568932 0.530261754989624 0 1.319947637617588 0 0 0.4750674962997437 34.61949174106121 8.596025764942169 15.78720243275166 518.6840005591512 99.12414905428886 397.0972293168306 78.166558817029 350.1306088790298 96.90996750444174 13.27845124900341 71.82152605056763 35.49176790565252 5.677226647734642 27.56997751444578 5.204075239598751 32.15663939714432 6.167723312973976 0.9140818864107132 7.81553953140974 5.882832154631615 1.75039803981781
130.8671086281538 610.0187607184052 2643.078800931573 1.656374759972095 196.5035987272859 0.2783758044242859 30.73123563826084 0 163.5668869689107 11.39762619137764 1526.63817859441 29.16054011136293 301.978381164372 746.2351249977946 39.51638667285442 25.07284969091415 1.418658040463924 2.187307089567184 0.1628051698207855 5.803604438900948 6.788027033209801 0 1.584047704935074 1.326606750488281 0.1600949615240097 0.6247006058692932 0.7041855901479721 0.6908915787935257 1.263616554439068 0.1356553733348846 829.708402954042 289.6403886303306 130.5861391499639 0.4926429390907288 3.925993472337723 1.558195367455482 74.55206187069416 2.259801909327507 27.68395338207483 2.235268518328667 4.223951146006584 0.2021811753511429 1.547322183847427 12.42615949362516 0.8904511481523514 1.214854724705219 181.2457621321082 1.63774735480547 3.62063866853714 5.858251579105854 2.252359256148338 0.1505879610776901 0 1.178716816008091 3.498232133686543 2.863986201584339 23.90926853567362 149.6503746733069 34.27084654569626 61.16649150103331 2.895939476788044 88.1000599116087 0.4266615509986877 259.8390689194202 7.023763738572598 2.35274400562048 1.487977787852287 3.365886382758617 3.821940712630749 5.430996716022491 90.63039934635162 23.17401342093945 0.2074503898620605 115.7268729284406 60.53359285742044 131.5230492129922 111.3954620212317 26.89595607668161 932.0642002299428 1947.988341107965 499.0453793033957 2191.529759794474 18.91062816232443 0.5796910747885704 2.731172174215317 5.33781074732542 1.773461438715458 0.1206764280796051 1.274465940892696 0.1501516848802567 0.8378154039382935 0.4516198188066483 2.772799655795097 0.4790813624858856 0.7004121690988541 34.52743509411812 9.972563490271568 0 15.18408422917128 42.12857128679752 2.862147375941277 0 0.872242659330368 0.5723944902420044 5.138779699802399 10.41680194437504 0 3.051593393087387 3.63860422372818 0.5467075705528259 0.513072669506073 6.725113242864609 16.27664010226727 18.43109315633774 11.78017625212669 2.722699090838432 1.04889789223671 0 1.211761154234409 0 0 0 0 0 0 0 0 0.1534276157617569 0.9880515933036804 0.2680790722370148 0 0 0.6544303596019745 0 11.3497180044651 1.692116439342499 0 0.1541973650455475 0 16.37701547145844 6.104053854942322 16.9255495518446 4.871297098696232 1.466553747653961 0 0 0 0.1394792348146439 2.155195027589798 0.3107502460479736 0 6.692587316036224 2.88513457775116 0 0 0 0.4295592457056046 0 0.2734932899475098 0.4130549132823944 0.8201884329319 1.903258591890335 5.46783410012722 0 0.3372085094451904 0.4445787966251373 4.628885418176651 9.629948198795319 0.9580362588167191 1.848848700523376 0.1845029145479202 0 0 0.1873470991849899 0 0.7893892526626587 11.4521753937006 4.786863893270493 0 0 0.2580892443656921 4.506230130791664 0.8348770290613174 1.6656204611063 11.79462830722332 8.196186348795891 10.83280254900455 5.412224590778351 0.3970486521720886 0.5924778431653976 0 0 0.1672727167606354 0.3304320275783539 0 0 0 2.396452724933624 12.17054241895676 13.08799116313457 533.2411425039172 39.2763766720891 278.3864613696933 38.32448178529739 48.59416534006596 54.48681192100048 5.470500119030476 86.84743233025074 28.51815536618233 0.5020053684711456 15.92310830205679 2.549949787557125 7.969756275415421 4.745700880885124 0 2.456406384706497 3.029205143451691 0.761395275592804
30.62161084264517 492.5147930979729 175.0180296748877 41.41376447677612 2786.506082087755 21.78642646968365 1384.394965216517 163.5668869689107 0 836.1148678138852 985.8794994279742 152.6984003782272 2260.850002594292 3153.356737986207 32.54962266981602 11.31263913959265 0 0.9772638753056526 0 1.039114944636822 1.703434839844704 0.2096450179815292 0.1107375249266624 0.4577816277742386 0.118870884180069 1.311322085559368 0.1107057183980942 1.608607076108456 1.314068116247654 0.1633781492710114 43.99435873329639 6.22013408690691 3.229647882282734 0 0.4310161918401718 0 13.44503159821033 0.7228094190359116 1.468315437436104 0 0.4952093362808228 0.6062904074788094 0.2302968055009842 1.416554875671864 0.1865913569927216 0.2465222552418709 167.9105029925704 4.49801903963089 0 0.2561935186386108 1.478777006268501 0.101774275302887 0.2372556179761887 1.962608702480793 3.238943085074425 6.006269328296185 17.05034367740154 39.38091606646776 31.98725370317698 52.31000143289566 0.5844400674104691 1.027706541121006 0 50.15914262086153 10.51335086673498 3.473034471273422 2.174618013203144 5.200093612074852 0.7756267935037613 0.1792060732841492 19.75680446624756 6.06072224676609 0.3500099778175354 77.61490117758512 25.08290854841471 108.2094875946641 60.15179739892483 4.604432068765163 5.520342171192169 2.105495907366276 0.4264566823840141 1.423235848546028 15.03194662928581 0.9442920908331871 3.331722818315029 8.182497844099998 2.187551081180573 0 2.025508545339108 0 0.8824924677610397 0.5293443351984024 0.244658499956131 0.7137732207775116 1.697520077228546 306.8347015827894 1.234650745987892 0 1.559792444109917 11.70572805404663 6.246485501527786 1.780776023864746 24.74705726653337 2.485682629048824 21.64988039433956 127.3403882905841 1.727933883666992 67.87900663167238 66.48723355680704 13.36469876766205 9.403890401124954 127.7359774708748 164.9669337421656 99.03061464428902 65.49490968883038 0.5706498324871063 0.7363301962614059 0 0 0 0 0 0 0 0.1334059983491898 0 0 0.2415566891431808 0 0 0.2038140892982483 0 0.2549029588699341 0 50.92578022181988 7.430683299899101 0 0.2872222363948822 0 19.75430797040462 0.3789069056510925 11.45599986612797 1.225006997585297 0.2871478050947189 0 0 0 0.2111949622631073 0.984356164932251 0.1737251281738281 0 15.1230413466692 9.293266348540783 1.242081917822361 0 0 0.1050528138875961 0 0.8949766904115677 2.321489065885544 0.9191533029079437 4.352112621068954 7.662835039198399 0 0.1576492190361023 0.8606514781713486 23.9177907705307 25.96496638655663 2.425876706838608 4.050226457417011 1.278440698981285 0.6955640017986298 0.2874307110905647 0 0 0.2647997140884399 82.95112239569426 2.840203374624252 0 0 0.126613050699234 8.842651873826981 3.984794676303864 4.710773974657059 21.20538088679314 34.83025762438774 26.76080065965652 13.89001838862896 0.4825593084096909 1.11758179217577 0.07796777784824371 0.2747268229722977 0 0.5274952128529549 0.3480244576931 0.09795026481151581 0 32.11252710223198 7.918754518032074 10.50955993682146 392.9825601801276 68.18286219239235 302.0091040059924 67.11364803463221 93.06939561665058 79.26747976243496 6.693647861480713 48.14703944325447 35.09284574538469 2.659000970423222 30.19330904632807 3.801203824579716 31.86513608694077 5.336112417280674 0.5132514983415604 7.41172743588686 4.829793132841587 1.388163819909096
4569.933662198484 960.9336722567677 91.29933648556471 1581.736891582608 912.2015944123268 1104.892406061292 2366.441458828747 11.39762619137764 836.1148678138852 0 128.4760422408581 2477.349961288273 5029.714161351323 179.0125125870109 8.330733068287373 2.054862901568413 0.09907732158899307 0.09128395467996597 0 0.4159580618143082 0.1269377321004868 1.075170204043388 0 0 0 0 0 0.5125367864966393 0.244517058134079 0 334.376737229526 4.989732481539249 3.566422902047634 0 0.122039720416069 0 15.22975713014603 0.8463608771562576 6.503745086491108 0.5903703644871712 0 0.1075430288910866 0 0.9057548269629478 0.2202190756797791 0.465281181037426 83.18475963175297 3.103830337524414 0.3018442839384079 0.2038617432117462 1.895952969789505 0.9150699079036713 4.981525138020515 0.7783295661211014 7.528309851884842 11.74348843842745 101.5633388981223 628.0012999624014 75.19233858585358 50.67369328439236 0.7768004462122917 1.54327592253685 0.188060536980629 76.66490888595581 16.64621676504612 5.880628019571304 3.476326711475849 6.259449526667595 0.2949432730674744 0 42.35471899807453 8.04244676232338 0.3414469957351685 184.8284986242652 28.2428440824151 39.67204995453358 20.70646730065346 2.687457010149956 0.4481974542140961 3.255834303796291 1.270914122462273 2.843671083450317 36.91363557428122 0.5257722809910774 7.946069568395615 11.18033155798912 3.782636925578117 2.325233608484268 1.417021311819553 2.140482984483242 0.1557048857212067 0.3736887127161026 0 0.1461817920207977 0.9304659962654114 1043.963023006916 7.744365096092224 2.57506999373436 5.228130333125591 772.2150123864412 3.975801974534988 7.287334740161896 35.82159218937159 13.02384807169437 31.89276948571205 188.4613296091557 8.364249229431152 93.60612705349922 132.3265733420849 106.9595502614975 7.872691512107849 163.5560989379883 191.9491088613868 107.530195325613 57.14032696187496 0.6367208883166313 1.001250356435776 0 0.1378113776445389 0.2586146295070648 0 0 0 0 0 0 0.2061388343572617 0 0 0 0 0 0 0 52.00699547678232 7.111813142895699 0 0 0 19.04384886473417 0.3296489417552948 10.22484972327948 1.665202535688877 0.2241860032081604 0 0 0 0 0.1995718330144882 0.9452241510152817 0 10.39770067483187 9.264926061034203 1.770953275263309 0 0 0.1206456571817398 0 0.7525219395756721 2.376060754060745 0.8764905855059624 6.796274162828922 12.87183727324009 0 0.1006065756082535 0.2017885446548462 16.11026901006699 33.32935732603073 3.571779258549213 3.268661618232727 0.8696503415703773 1.108491770923138 0 0.406358428299427 0.2560571730136871 0 57.9783281981945 2.138988837599754 0 0.1139950975775719 0 6.920078665018082 3.785901129245758 3.976879492402077 21.39119451493025 31.94258143007755 27.21870315819979 12.45912380516529 1.765755772590637 1.185438737273216 0.2745042443275452 0.2003708109259605 0 1.314391933381557 0.2298623025417328 0 0 43.74062372744083 14.35586935281754 12.11839686334133 749.9539017677307 52.25066119432449 252.0730812251568 44.47335977107286 2435.942442454398 59.03041208535433 11.87042120099068 39.37760363519192 40.85513760894537 2.90979927033186 29.07434079051018 4.596744909882545 60.96201968193054 6.586259327828884 1.007943332195282 8.579598531126976 1.663843259215355 0.8535146564245224
357.8499946817756 1668.246605373919 2592.228790678084 35.70970693230629 2396.841726124287 3.645076334476471 326.6673040539026 1526.63817859441 985.8794994279742 128.4760422408581 0 69.63728459179401 2136.807545728981 6236.366891413927 30.05394799262285 19.52922787517309 0.6968165561556816 0.1150881052017212 0 0.9941433444619179 1.154253676533699 0 0.1432420611381531 0 0 0.5490493178367615 0.2250196039676666 0.8779003024101257 0.3882714211940765 0 564.8881138041615 36.7773515060544 90.33591777086258 0 0 5.100519865751266 73.89409004151821 2.136392280459404 2.607641130685806 0.08449210971593857 0.3536708205938339 0.3194838762283325 0 6.402199223637581 0 0.394352987408638 116.9008923694491 2.284440979361534 0.5819011181592941 0.2594087794423103 1.305840641260147 0 0.1990717202425003 0.2444822862744331 1.525468021631241 2.619748122990131 14.10097498446703 79.52718009799719 21.9189603254199 34.86643189191818 0.7325522154569626 4.350678853690624 0 65.4249769449234 6.219901859760284 2.751187108457088 1.635529778897762 3.642356470227242 0.2470652684569359 0.9253928437829018 34.24400247633457 7.747998207807541 0 57.4953153654933 22.70887843519449 67.99150165170431 46.98167765140533 17.29403847455978 60.33379921317101 237.6919563114643 26.43439427018166 100.9079780578613 10.55051250755787 0.2532244697213173 2.599525645375252 3.346979536116123 1.19911590218544 0.09088628739118576 0.486958421766758 0.2587471455335617 0.1167737692594528 0.1070681437849998 0 0.2556408047676086 0.8871321901679039 44.83453297615051 0.2397641316056252 0 0 40.47223408520222 1.148250550031662 1.14580437541008 2.00751231610775 0 2.938810706138611 17.68424281477928 0.3804321438074112 7.499354794621468 8.058224111795425 1.654678791761398 1.089626103639603 15.51943385601044 20.61438943445683 17.24377845227718 11.48063482344151 0 1.341181710362434 0 0 0 0 0 0 0 0 0.256002277135849 0 0.1161361262202263 0 0 0.259620189666748 0 0 0 12.71774849295616 0.8815889060497284 0 0 0.1264734715223312 6.5765241086483 0 2.684985563158989 0.4394409880042076 0.1595761179924011 0 0 0 0 0.1143575757741928 0.1532358974218369 0 1.627570152282715 3.127845704555511 0.1665344834327698 0 0 0 0 0.1189347580075264 0.6256142854690552 0.7366565838456154 1.762534335255623 2.557032071053982 0 0.2023741006851196 0.1671714931726456 2.895388603210449 7.367693811655045 0.5891637206077576 1.254444777965546 0.3140839189291 0.1217888444662094 0 0 0 0 17.98997758328915 1.196969151496887 0 0 0.1032263338565826 2.759841002523899 0.8481714725494385 0.1304717361927032 4.796438798308372 6.985435277223587 11.09885376691818 1.969537377357483 0 0.5318398773670197 0 0 0.5129232853651047 0.1049274429678917 0.1145293563604355 0 0 3.138373553752899 4.250733084976673 6.166820704936981 285.698364123702 34.20752622932196 200.2135872319341 39.80202151834965 36.25952446460724 45.02826146781445 4.054844439029694 44.41486389189959 10.70062454044819 0.6289708167314529 8.393653929233551 1.359333999454975 5.004500269889832 0 0.5429239720106125 3.292155250906944 2.626425847411156 0.5795841068029404
210.5455771163106 164.2962965369225 103.7050699293613 804.579019099474 100.4490513950586 179.1679454743862 562.5930614024401 29.16054011136293 152.6984003782272 2477.349961288273 69.63728459179401 0 1818.43586204946 76.09586513787508 27.27176924794912 24.25290013849735 1.059257701039314 0 0 0.1302420347929001 0 0.2531740367412567 0.1619933545589447 0 0 0 0 0.5427945256233215 0 0 38.24358020722866 20.48151538521051 6.402920246124268 0 0 0 96.49812918901443 0.1944088786840439 4.858551479876041 0.8639954030513763 0 0.1012459769845009 0 12.35673287510872 0 0.1225585117936134 65.08016524463892 0.7847006916999817 1.679132491350174 0 0.333082303404808 0 0 0.2988294959068298 0.8464861884713173 1.112977772951126 11.42947947233915 25.1296384036541 9.230334378778934 9.173349775373936 0.3487270399928093 1.338400900363922 0.109856516122818 11.59611438959837 2.018809877336025 0.5131319910287857 0.1115038469433784 1.209770634770393 0.2938271164894104 0 106.2592326402664 94.47233730554581 0 18.95581537485123 2.933584742248058 33.34542651474476 16.06173442304134 10.72156056016684 2.149814158678055 11.85458525270224 0.6557777747511864 3.01756789535284 2.990833640098572 0 0.8592092022299767 1.830717317759991 0.7094777673482895 0 0.7003440484404564 0 0 0 0 0 0.5096006989479065 2157.500882431865 64.2658284753561 0 5.763939842581749 126.0919849574566 7.1819738894701 2.214085452258587 21.94436033070087 1.754465788602829 26.19819313287735 145.4217238500714 0.898152619600296 59.27134722471237 51.42332461476326 14.49485948681831 9.72731252014637 128.0587252080441 202.0734569132328 174.3345659673214 89.99831006675959 0.7177433669567108 0.375432014465332 0 0.1738091558218002 0 0 0 0 0 0 0 0 0 0 0.2060004621744156 0.5732457041740417 0 0.1271027773618698 0 63.17722977697849 10.91084586083889 0 0.2036745101213455 0 40.70093657076359 1.629051804542542 24.67613835632801 1.247084364295006 0.3997430950403214 0 0 0 0 2.783092573285103 1.306265816092491 0 20.46937538683414 12.32242351770401 2.319074168801308 0 0 0 0.1292405873537064 1.460553005337715 3.591595336794853 1.62654310464859 6.092244230210781 15.92626701295376 0.2054406106472015 0 0.8763056173920631 28.34380693733692 37.58510486781597 6.120120085775852 5.627465404570103 1.425512574613094 0.8007999137043953 0 0.3895257040858269 0 0 147.4172887355089 15.5584264844656 0 0 0 16.16785173118114 6.309376135468483 7.998377904295921 28.55967481434345 50.71140855550766 30.35025404393673 13.18626867234707 1.78723967820406 2.564771056175232 0.4880582839250565 0 0 1.452434912323952 0 0 0 53.38418826460838 34.72246915102005 34.71544152498245 293.9600847437978 15.93980367481709 128.5835562720895 23.81797926127911 262.0819260403514 29.19279514253139 2.971638239920139 48.614089012146 41.7985272705555 3.219217859208584 28.23143658041954 4.686637133359909 30.95159533619881 6.026108533143997 0.5268861800432205 8.396565198898315 2.54828467965126 0.9789083376526833
