0 3656.32763055712 81.09927820414305 461.9745923727751 66.25272251665592 15.18310102820396 716.9467378258705 87.12821001559496 33.04028403759003 516.6639736443758 240.2686189487576 14.50569587945938 135.5156834423542 17.51614481955767 0 0.2086224257946014 0.07757335156202316 0 0 0 0 0.1650699824094772 0 0 0 0 0.4518548250198364 0 0 0 520.8654293417931 0 0.9757002592086792 0 0 0 0.4154841303825378 0 0.5145877003669739 0 0.3689281940460205 0 0 0 0 0 6.731863245368004 0.9194764345884323 0 0 0.6627281457185745 0.1861496567726135 0 0 0.339563399553299 1.640441551804543 390.241082623601 376.4616909995675 7.433967940509319 2.531717970967293 0 0.2005390673875809 0 0.259136825799942 1.626124352216721 1.813517078757286 1.461709305644035 0.1106782406568527 0.08270864188671112 0.126484751701355 3.11645869910717 39.64535650610924 2.578403234481812 108.0030952095985 10.40412646532059 4.52351875603199 0.9529897198081017 0.1097066476941109 0 19.33286310732365 0 0.2749825119972229 4.177024461328983 0.271242767572403 0.5715218335390091 2.10676546394825 0.1934585422277451 0.7629013955593109 0.3640066683292389 0.6826625317335129 0.08532557636499405 0.07137788832187653 0 0 0 83.53368581831455 37.56506963074207 1.496469780802727 0.7213267087936401 1001.420498296618 0 0 0 0 0 0 0 0 0 0 0 0 0 0.2840556651353836 0 0 0 0 0 0 0 0 0 0 0 0 0 0 0 0 0 0 0 0 0 0 0 0 0 0.1507167518138885 0.2665639519691467 0 0 0 0 0 0 0 0 0 0 0 0 0 0 0 0 0 0 0 0 0 0 0 0 0 1.201820880174637 0 0 0 0 0 0 0 0 0 0.3966962546110153 0 0 0 0 0 0 0 0 0 0 0 0 0 0 0 0 0 0 0 0 0.2348647862672806 0.2927776873111725 0 1.113978654146194 4.543240375816822 25.60656460374594 3.143081471323967 185.5174846500158 13.02174333482981 1.201716579496861 0.1997022926807404 0 0 0.2306309342384338 0 0 0 0 0 0 0.4704377055168152
3656.32763055712 0 608.2101072743535 277.0940765887499 988.3808735534549 156.069367364049 2899.615793660283 1125.161027044058 2676.837644480169 466.9664185792208 5302.790269933641 8.515760540962219 919.7939491868019 508.1510346978903 3.527736321091652 0.8933571502566338 0.700030505657196 0.1886912435293198 0 0.2277411222457886 2.745726719498634 0.3625405132770538 0 0.396801084280014 0 0.8972089514136314 1.123588636517525 0.1288220137357712 0.1512624621391296 0.09699170291423798 3262.095939263701 4.058861404657364 3.629773713648319 0 0.3559931814670563 0.571546882390976 1.522564396262169 0.283334992825985 0 0 1.552197024226189 0.6543656811118126 0.09177564084529877 0 0 0 111.9384818375111 9.696585617959499 1.063334845006466 0.8156079277396202 5.61386326700449 0.62492536008358 0 0.08843434602022171 3.647606573998928 13.56621197983623 242.4065332114697 673.4962990581989 29.94061984121799 52.11443788558245 0.5005202442407608 0.9138977602124214 0.2892804443836212 43.58997435122728 15.47897613793612 19.30311715975404 11.2234863974154 4.744611859321594 1.374699428677559 2.81475654989481 1.497426852583885 12.06267350167036 0.1045823395252228 407.0240531340241 146.7657923623919 107.1765979528427 49.76829963922501 0.9742729589343071 5.036393284797668 444.7828552052379 0 6.247123025357723 29.09062156826258 1.431464016437531 2.37836953997612 18.13899032026529 2.640865124762058 0.3729069977998734 8.965444177389145 0 2.760018028318882 1.720851711928844 1.287587784230709 1.266287207603455 0.9321565479040146 142.862293176353 0 0 0.3647137880325317 1455.985278472304 0 0 2.489251926541328 0 0.9329705685377121 5.543972954154015 0 18.81898754835129 3.181469187140465 1.7074855864048 0.6076411604881287 14.93506470322609 16.43119522929192 25.50851851701736 30.78046433627605 0 0 0 0 0 0 0 0 0 0 0 0 0 0.3278229832649231 0 0 0 0.3649287819862366 0 0.8051847815513611 7.575358957052231 0 0 0 3.299287527799606 0.2856139540672302 3.238668620586395 1.199041567742825 0 0 0 0 0 0 0 0 0.414478987455368 2.36182028055191 0 0 0 0 0 0 0 0 0 1.132872343063354 0 0 0 8.679841101169586 0 0 0.1820119619369507 0.2906180918216705 0 0 0.1928819864988327 0.1082052811980247 0.1289495229721069 22.70225460827351 0 0 0 0 3.600328519940376 0 0.4527855515480042 0.50539630651474 0 1.740500807762146 0 0.8082968294620514 0 0 0 0 0 0.1238419339060783 0 0 10.28856167197227 3.386417895555496 1.995456039905548 21.2747099250555 60.36391544342041 427.0834114998579 52.04540517926216 132.221996627748 76.54136773943901 15.99249418824911 17.83856757730246 0.5822774842381477 0.769022710621357 6.029404610395432 0.2643363773822784 0 0.5643176436424255 0 1.002497389912605 2.712757870554924 0.1223399415612221
81.09927820414305 608.2101072743535 0 0 67.84005782008171 0 30.73544810712337 1673.816737242043 124.2800196483731 0.1620250791311264 1204.231285899878 0 7.598696060478687 68.95556914806366 39.90499057620764 21.75588879734278 49.05638600885868 26.53300200402737 4.339712716639042 249.304014146328 319.3647731915116 1.656814940273762 19.81786593049765 22.8064593821764 11.42277611047029 36.90381319075823 40.3753392919898 17.81725890189409 5.942245826125145 7.768101841211319 3234.994410634041 127.9146953523159 119.9018810093403 9.959863945841789 78.51680813729763 34.95897410809994 4.723576761782169 14.19845709204674 3.308172136545181 1.308717705309391 376.5558734610677 71.71677398681641 74.55292746424675 7.294909618794918 18.70248301327229 4.368023380637169 156.0170098245144 11.10642679035664 52.09386071562767 64.63726156204939 14.15530525147915 9.904380038380623 0.2532367408275604 25.28211889415979 1.395720601081848 5.26504785567522 30.37732373178005 600.1184655800462 6.315755121409893 34.90620551258326 71.95608440041542 114.558485083282 33.29248201847076 1317.465251147747 7.956162787973881 10.19185157120228 8.316624075174332 25.45336961746216 95.06209427118301 532.7452581375837 1.745908856391907 5.595492772758007 4.110630184412003 116.9475701972842 349.2654658854008 108.8894170895219 137.804848946631 45.85829705744982 1137.409053303301 2217.410836540163 142.667391680181 1507.706904366612 11.49639757722616 0.9111952632665634 1.949266739189625 8.278165657073259 19.18263123184443 0.4825295060873032 5.751902677118778 0.7030879929661751 18.13333776593208 19.03722604364157 161.7834810689092 73.1615200266242 100.6460931673646 1.041445814073086 1.923828288912773 0.6875981837511063 2.69809714704752 44.27133523672819 0 0 0 0 0 0 0 0 0 0 0.2507900893688202 0.6469809412956238 0 2.095814749598503 5.260348692536354 1.034476935863495 0.7932739928364754 0.1288746744394302 0.8031047284603119 0 0 1.219596713781357 0 0 5.247303411364555 3.52518518269062 0.6906130313873291 1.397073738276958 5.005357317626476 0 7.492389604449272 1.118751488626003 7.070402644574642 0.1373558044433594 0.0998694971203804 4.898030050098896 0.2782250270247459 1.229412123560905 0.9108063876628876 1.897494375705719 4.873478256165981 3.427510052919388 5.324265703558922 4.101026616990566 3.63372203707695 2.304523073136806 2.125968582928181 0.2145144492387772 1.220086514949799 0.7364999875426292 0.2015003561973572 0.1206905543804169 0.7610758021473885 0.202637642621994 2.043911404907703 5.876533389091492 2.607646442949772 13.17883035540581 0.0739210844039917 0 0 0.2087834626436234 0 0 1.87477070838213 1.954657912254333 9.557325258851051 0 0 0 0 0.3098037540912628 3.418304540216923 0.4477579444646835 0.2695508897304535 18.6777561083436 3.433688335120678 4.395620547235012 0.4351563528180122 1.891337715089321 12.13555861264467 2.455680355429649 2.514987610280514 2.588908933103085 0 0.6374279856681824 0.3640056475996971 0 0.730162188410759 0 0 0 0 0.5587339103221893 3.505810424685478 0.6004464998841286 2.932268433272839 0.2296579033136368 2.394935980439186 4.67060212790966 203.018771879375 161.2577062547207 498.6023770794272 104.9159612953663 16.09567788243294 28.96919182687998 10.95309022068977 34.50087348371744 5.62962856143713 2.417443610727787 5.43815079331398 0.1469225734472275 1.930761002004147 0.515154168009758 0.08201934397220612 1.121646597981453 7.498134598135948 1.490048848092556
461.9745923727751 277.0940765887499 0 0 163.5800722837448 147.9879401251674 1701.926469027996 0 96.09699542820454 1018.421128481627 5.020727530121803 103.0469314306974 1046.102797180414 29.64256529510021 0 0 0 0 0 0 0 0 0 0 0 0 0 0 0 0 41.82853220403194 0 0 0 0 0 0 0 0 0 0 0 0 0 0 0 3.990923166275024 0.2738413214683533 0 0 0.09483280032873154 0 0 0 0.4520614817738533 0.7376914098858833 18.77889101952314 33.05333926528692 1.933958552777767 2.418225161731243 0 0 0 1.504455953836441 0.9935062825679779 0.9133652374148369 0.1400374323129654 0.2437850534915924 0 0 0 0 0 22.68761656433344 4.985434517264366 4.547847919166088 0.6011448949575424 0 0 0.9719305038452148 0 0 1.333039365708828 0.3686339482665062 0.6770533844828606 0.9537024199962616 0.2168100997805595 0 0.2433564737439156 0 0.09154856204986572 0 0 0 0.2331868410110474 112.9560131132603 0 0 0 98.4085773602128 0 0 0 0 0 1.297040969133377 0 2.3810795545578 0 0.3151007294654846 0 1.964534044265747 1.08523990213871 0.44078528881073 1.313682079315186 0 0 0 0 0 0 0 0 0 0 0 0 0 0 0 0 0 0 0 0 0 0 0 0 0 0 0 0 0 0 0 0 0 0 0 0 0 0 0 0 0 0 0 0 0 0 0 0 0 0 0 0 0 0 0 0 0 0 0 0 0 0.6993741542100906 0 0 0 0 0.8742005228996277 0 0 0 0 0 0 0 0 0 0 0 0 0 0 0 1.63024640083313 0 0.2232860922813416 0.5663290619850159 1.775976747274399 18.50446536391973 2.266075611114502 64.84735123813152 2.824118196964264 0.5501126125454903 0.9612009674310684 0.1571933478116989 0.3191427886486053 0 0 0 0 0 0 0.3853302448987961 0
66.25272251665592 988.3808735534549 67.84005782008171 163.5800722837448 0 20.29289855062962 1188.597137048841 32.90273299813271 7523.465772487223 42.53563524782658 1876.426230721176 0.8715368509292603 543.5259979516268 2637.589657582343 3.342035315930843 0.2220496535301208 0.2855739668011665 0 0 0.08898891508579254 0.1393774151802063 0 0 0 0 0 0 0.1777701899409294 0.0854656994342804 0 247.2148701399565 7.388870663940907 0.7105441018939018 0 0 0 3.554751105606556 0 0.8630484715104103 0 0 0 0 0 0 0 138.1552274525166 5.267823919653893 0.2991539612412453 0.1133356317877769 4.419491551816463 0 0 0 1.514263302087784 8.00527061522007 33.93973052501678 128.0905273333192 18.19960007071495 49.9643370360136 0 0.1873904317617416 0 39.24048022180796 9.384840864688158 9.533706642687321 6.191946197301149 3.227760545909405 0.6415983587503433 0.1052001565694809 4.48090997338295 60.27896594256163 0.6228119730949402 126.9295022264123 102.9286154583097 106.2526924982667 76.55047693103552 2.105608351528645 0 29.06184699386358 0.2031036540865898 0.1840849667787552 12.14875600486994 0.7929577231407166 2.030500449240208 9.349970854818821 1.592200271785259 0.5229914709925652 5.654422760009766 0.1883761584758759 2.337773248553276 1.007422715425491 0.1006267964839935 0.5327541753649712 0.4540223777294159 157.3345134854317 3.650084242224693 0 0.6490317285060883 33.40959838777781 0 0 6.848917789757252 0.3678749203681946 7.980473011732101 48.97284004092216 2.26833900809288 70.39798518270254 8.559197932481766 7.921264991164207 10.25278958678246 108.9132989346981 62.58522535860538 122.5375345796347 151.8089823946357 1.177229061722755 0 0 0 0 0 0 0 0 0 0 0 0 0 0 0 0 0 0 7.970369338989258 28.42511470615864 0 0 0 16.39314946532249 2.893128111958504 34.06078976392746 3.930381298065186 0 0 0.1953615844249725 0 0 0 0 0 4.915282115340233 11.7662500590086 0.4319845885038376 0 0 0 0 0 0 0 1.217393159866333 2.114925473928452 0.890566885471344 0 0 66.4958827495575 0.7947229444980621 0.8363580703735352 0 0.9542661011219025 0.191098153591156 0 0 0 0 93.01766068488359 0.9450892210006714 0 0 0 47.03046561777592 8.283387064933777 7.950040519237518 3.380499869585037 2.665861785411835 5.444678761065006 0 1.728841386735439 0.701658621430397 0.08256080746650696 0 0.08180470019578934 0.5182704925537109 0.07114896923303604 0 0.1012006253004074 65.75227574259043 7.749340876936913 11.63298128545284 29.95432376116514 56.55985879153013 458.9917348362505 69.61272940784693 38.49133591353893 75.33979056030512 12.9351919516921 32.89271584898233 1.754386939108372 0.5775691866874695 17.34776497632265 5.18860699981451 1.562245219945908 2.398387275636196 0 3.915584467351437 5.820874869823456 0.6828381717205048
15.18310102820396 156.069367364049 0 147.9879401251674 20.29289855062962 0 634.4409129321575 0 139.2531015574932 666.6841439381242 18.91497853398323 204.0012051314116 396.3636320382357 68.24961798638105 0 0 0 0.2828709483146667 0 0 0 0.7259509563446045 0 0 0 0 0 0 0.2959755957126617 0 5.615607857704163 0 25.4150215536356 0 0 0 8.996001198887825 0.3943338394165039 6.68403522670269 0 0 0 0 0 0 0 0.3393455147743225 0 0 0 0.1032465323805809 4.33169350028038 0.551238551735878 0 0 0 287.1297575831413 4.831887163221836 0 0 0 2.851988062262535 0 0 0 0 0 0.09806817024946213 0 0 82.24230173230171 637.0997000187635 17.9302743524313 0.9345884695649147 0.1228488087654114 0.1100950688123703 0.3474816083908081 0 0 7.1412313580513 0 0.877771720290184 0 1.345769762992859 0 0.5688233375549316 0 3.949078187346458 2.700034454464912 5.897095166146755 0 2.060570150613785 0 0 0.3239805698394775 365.8844059333205 573.6058031320572 21.88433228433132 23.28720350563526 915.2777153998613 0 0 0 0 0 0.6334802508354187 0 0.1890112906694412 0.2060635983943939 0 0 0.1733466982841492 0.7346392050385475 1.258185535669327 0.6900010630488396 0 0 0 0 0 0 0 0 0 0 0 0 0 0 0 0 0 0 0 0 0 0 0 0 0 0.9701660871505737 1.310497224330902 0.6431368738412857 0.37100850045681 0 0 0 0 0 0 0 0 0.7880923748016357 0 0 0 0.2299495786428452 0 0 0 0 0 0 0 0 0 1.216014117002487 0 0 0 0 0 0 0 0 0 1.165981367230415 2.837557286024094 0 0 0 0.5001130700111389 0 0 0 0 0 0 0 0 0 0 0 0 0 0 0 0.3111550360918045 0.3764142394065857 2.02277672290802 0.5544536262750626 0 1.25009249150753 0 308.0892816856503 0.7774678990244865 0.1043978631496429 0.3703660517930984 0 0 0.1196965426206589 0.1044548377394676 0 0 0 0 0.1425593346357346 0
716.9467378258705 2899.615793660283 30.73544810712337 1701.926469027996 1188.597137048841 634.4409129321575 0 1.007111988961697 1865.915832586586 2790.831066273153 289.9824223965406 89.29005378484726 9057.919127009809 3785.429855681956 4.168443121016026 0.9821844696998596 0.1778644919395447 0.1573082655668259 0 0.203196294605732 0.2144896239042282 0 0 0 0 0.4571889415383339 0 0.09201879799365997 0.114496722817421 0.208132378757 527.6890041157603 5.879921168088913 0.4075796976685524 0 0.4956756681203842 0.08803751319646835 1.733228139579296 0 0.07493174076080322 0.1047903075814247 0.5755254775285721 0 0.1655914485454559 0 0 0 142.6583135128021 9.783567190170288 0.7365835681557655 0.2914642095565796 7.18210781365633 0 0 0.09790123999118805 3.41922152787447 12.52025533467531 110.0548934862018 357.719559520483 28.28672336041927 62.66780402511358 0 0.1706537902355194 0 53.97356966882944 16.36936742812395 14.35609373822808 10.33848701044917 3.651617504656315 0.4640329703688622 0.685066781938076 4.55668293684721 43.27264200150967 0 268.5538974776864 147.3993481323123 123.0339298099279 71.31043276190758 2.608509466052055 0.759993739426136 6.181612432003021 0.1693081110715866 0.6925936713814735 26.92858725786209 0.9220129773020744 3.640906289219856 15.67884603887796 2.506604872643948 0.3516933247447014 7.04659865796566 0.2448339462280273 1.843000032007694 1.264841176569462 0.4694546386599541 1.596560440957546 0.2405823618173599 1398.714818410575 7.863287314772606 0.1567460596561432 0.5074895769357681 446.522406630218 0.526409924030304 0 11.76436842978001 2.5827297270298 4.133779391646385 62.71611531078815 2.033220142126083 115.4176326692104 10.1291555762291 18.20910188555717 14.06719712913036 166.2059727013111 90.6978338509798 130.0100107491016 135.28374645859 0.1377438753843307 0 0 0 0 0 0.2251092344522476 0 0 0 0 0 0 0 0.2469775974750519 0 0 0 0 6.343793928623199 23.44164063036442 0 0 0 13.00753730535507 0.385414332151413 18.23156987130642 0.1923146098852158 0 0 0 0 0 0 0 0 2.667340517044067 4.435586325824261 0.9821765571832657 0 0 0 0 0 0 0.09945870935916901 1.919965252280235 2.82834230363369 0 0 0 50.29035480320454 0 0 0.5965544730424881 0 1.05996772646904 0.3099591434001923 0.4026414677500725 0 0 104.3742627426982 1.464430242776871 0 0 0.1802856773138046 28.42391389608383 4.834903329610825 2.887913167476654 4.494246602058411 5.55223436653614 2.898833900690079 0 0.3939962834119797 0.4253187775611877 0 0 0.09246722608804703 0.2209013253450394 0 0.1463763266801834 0 93.85354909300804 12.53744529187679 9.995878964662552 38.49912228435278 75.2399138584733 462.4504745230079 71.89654848724604 316.281316280365 87.80449372529984 17.1240871399641 27.27415432780981 1.65655904263258 0.2867357730865479 12.59420138597488 0.4907330647110939 1.108946412801743 1.071381568908691 0 1.68002325296402 2.932994797825813 1.253470867872238
87.12821001559496 1125.161027044058 1673.816737242043 0 32.90273299813271 0 1.007111988961697 0 112.9079720452428 0 1664.019713819027 0 2.62993960082531 89.13837870210409 33.50780456513166 21.69924303144217 17.45271530002356 8.091934755444527 3.994660668075085 74.1153005734086 90.82434724271297 1.143537811934948 11.05116017907858 19.07573772966862 10.72848829627037 33.50999067723751 41.84504059702158 10.00620625913143 3.756593078374863 8.17202078551054 563.8324699923396 793.243748344481 147.7583035081625 4.555518284440041 35.2602810561657 24.60997149348259 1.403678566217422 8.153374470770359 0.588117390871048 2.232930295169353 139.273355089128 20.96033369749784 15.9974726587534 2.908234782516956 9.924535773694515 0.620555505156517 204.333268776536 4.806836649775505 14.93680484592915 14.19704119861126 5.286545760929585 3.226568773388863 0.7404393926262856 8.10612940043211 0.8560821264982224 4.427218444645405 18.99013113975525 145.978440374136 8.940023250877857 43.06281580775976 59.87086043506861 64.85190735012293 16.85158397257328 169.8554379865527 5.354930609464645 7.354184649884701 4.784632101655006 5.165657699108124 19.56842095404863 129.53532320261 0 13.79140616208315 0.5319519564509392 83.92751628905535 124.7473829686642 118.5639637410641 194.8540573865175 75.88886252045631 728.0575667247176 3215.820717610419 115.2457516044378 1933.958809413016 9.659303233027458 0.674819752573967 0.6208477690815926 6.814095828682184 5.515493646264076 0.5002329722046852 3.832859016954899 0 5.747609414160252 5.715326011180878 46.56728933006525 35.74618133157492 34.68393915146589 5.028861418366432 0 0 0.416990801692009 29.51659400761127 0 0 0 0 0 3.321578502655029 0 2.770913124084473 0 0 0 3.612674459815025 1.09594339132309 6.320419535040855 13.19745432585478 0.9314126223325729 0.4107874110341072 0.4392461031675339 0.1614022552967072 0 0 0.5267489701509476 0.1387219578027725 0 3.294025503098965 0.9808616861701012 0 0.277018740773201 2.127833604812622 0.321466475725174 4.075954273343086 0.5009607821702957 5.463580831885338 0 0 3.826570451259613 0 0.4130096882581711 0.5622419714927673 0.558948241174221 2.648022703826427 7.126217238605022 2.38103573769331 3.006442300975323 2.577591523528099 1.53779935836792 0.3466040939092636 0 0 0.722131073474884 0.1790742576122284 0 0.1357478350400925 0 0.5901641696691513 1.647235162556171 1.574204832315445 5.515479795634747 0 0 0 0.4142737686634064 0 0 1.039642512798309 0.7000064700841904 10.15012731403112 0.2215429991483688 0.222160592675209 0 0.2939271926879883 0.28021439909935 0 0.09400558471679688 0 6.33220025151968 7.031384453177452 3.166457623243332 0.1429625898599625 0.266407422721386 6.175179362297058 2.887834914028645 1.708072245121002 3.311535030603409 0 0 0.2104873359203339 0.405769556760788 0.3655814304947853 0.3955338522791862 0 0 0 0.2679480984807014 0.6356823965907097 0.2836773917078972 1.203855566680431 1.782003954052925 2.623933374881744 5.196596823632717 116.5889256224036 72.36471991986036 457.3633355423808 78.54977393895388 18.90249412506819 41.41311913728714 8.664104521274567 46.13354334235191 4.134362772107124 1.047687478363514 2.398425504565239 0.6489903926849365 3.054998017847538 0.127641350030899 0.07775351405143738 0.9252514839172363 4.247943103313446 0.4435930475592613
33.04028403759003 2676.837644480169 124.2800196483731 96.09699542820454 7523.465772487223 139.2531015574932 1865.915832586586 112.9079720452428 0 349.1175862848759 2811.831445269287 40.43405717611313 2743.846632525325 2336.045048639178 49.4676653444767 13.81993491202593 3.858327656984329 1.06487687677145 0.6874314695596695 0.4597686529159546 1.291577361524105 1.893142640590668 0.7704921364784241 0.93864606320858 0.292643129825592 2.489136852324009 3.029887795448303 1.651214525103569 1.988065905869007 0.8463726192712784 122.887994132936 8.806527622044086 111.8339833542705 0.1009782329201698 3.28006736189127 0.7263525724411011 3.8764538615942 1.164925433695316 0.344351552426815 0.860038697719574 5.247027672827244 1.934835240244865 0 0.2192261964082718 0 0.3987922593951225 438.0118081122637 4.817204706370831 0.5010899379849434 0.2707607746124268 5.205767229199409 1.204998381435871 1.98835963010788 0.4807460904121399 1.600763231515884 7.522495612502098 24.73365797847509 84.28780492395163 33.64443266391754 75.62960624694824 0 0.1549906507134438 0 36.87596090137959 7.45717104896903 8.856580127030611 6.878910258412361 2.965327959507704 0.6104988977313042 2.805313758552074 26.70795711874962 214.4640522003174 0.9956182688474655 137.4942751899362 74.58290864527225 187.5173751413822 238.2764685824513 22.43176911026239 0.4046390354633331 235.8508455529809 0.6067016422748566 0.700070284307003 12.64607562124729 0.646220400929451 2.174402572214603 7.642020087689161 1.357999429106712 0.7416337952017784 6.228723168373108 0.2908718883991241 3.44020377472043 1.042919777333736 3.06438697129488 2.513888455927372 3.145563453435898 1456.413200616837 17.43471285700798 0.2549840211868286 0.1583207994699478 34.03450705856085 2.824785679578781 1.662290632724762 36.1397589892149 3.05148757994175 10.55907207727432 171.3594431206584 4.308104902505875 314.3451360911131 24.99451366066933 42.42302125692368 42.45702552050352 379.8163180500269 209.1115433350205 372.059467419982 402.3439832702279 1.013179510831833 1.424530699849129 0 0.1985950469970703 0 0 0 0 0.1487426161766052 1.581638276576996 0.600057527422905 0.148011788725853 0 0.2040572762489319 0.313417375087738 0.1447140872478485 0.1161419674754143 1.255381390452385 0.1045086085796356 17.48265373706818 90.60754922032356 0 0 0 37.74628513306379 5.659664317965508 62.51326248794794 5.436752237379551 0 0 0.3359408974647522 0 0 0 0 0 17.16193965822458 26.58133585751057 0.7241515219211578 0 0 0.1707709431648254 0.3695029616355896 0.2094643712043762 0 0 1.653332620859146 6.373234428465366 0 0 0.1884837448596954 140.002304315567 1.206677079200745 0.7583716064691544 1.558254539966583 0.3592758476734161 1.139287255704403 0.8420116305351257 0.257697194814682 0 1.056472599506378 290.4661153554916 6.225068807601929 0 0 0.5861907601356506 95.97136367857456 7.55062535405159 6.195055536925793 8.015732027590275 15.69027794897556 13.84634679555893 0 0.9245683699846268 0.2862331345677376 0 0 0 0.4053492248058319 0.5364498272538185 0 0.400290846824646 229.4600792527199 30.23814786970615 32.37091436237097 310.4098262637854 102.052056260407 1150.908806011081 210.7291096448898 136.8220401257277 198.3419350087643 25.36638618260622 207.6831249296665 10.03601241856813 2.430600628256798 40.75787195563316 2.98297893255949 8.222432628273964 4.358868718147278 0 2.080333441495895 33.60804574936628 6.417984820902348
516.6639736443758 466.9664185792208 0.1620250791311264 1018.421128481627 42.53563524782658 666.6841439381242 2790.831066273153 0 349.1175862848759 0 21.54599906504154 1576.482791498303 7664.073198184371 218.552276968956 0.7912583574652672 0.5874847769737244 0.1943347454071045 0 0 0 0 0.260380893945694 0 0 0 0 0.1529784351587296 0.1546281725168228 0.4365716874599457 0 66.00039222836494 0 42.65551753342152 0 0 0 1.992352247238159 0 0.6805840730667114 0.3747928738594055 0 0 0 0 0 0 8.077980034053326 0.2845746204257011 0 0 0.4210578128695488 0.1251865327358246 0 0 0.3328194171190262 0.8577003628015518 61.80118182301521 52.70969891548157 2.187854684889317 3.045743331313133 1.60287481546402 0 0 0.7647442221641541 0.8155715093016624 0.1642849370837212 0.8741820827126503 0.2014397233724594 0 0 137.1894431859255 15.41882556676865 0.4574258774518967 44.79958762228489 6.111260749399662 4.154272973537445 3.12901022285223 0.6759133785963058 0 0.6307439282536507 0 0.08573299646377563 2.067386873066425 0.1918392702937126 0.1964954286813736 0.8748609498143196 0.3575301989912987 0 0.2439388185739517 0.1196516901254654 0.09215846657752991 0 0 0.08011482656002045 0.1797122806310654 1697.786467909813 25.73157578706741 1.467773422598839 1.796417832374573 506.2343755960464 2.463724434375763 9.862702906131744 51.68379598855972 129.9573048651218 3.192129373550415 54.52974444627762 69.36374397575855 61.71981836855412 41.24812123179436 34.1735335290432 3.864461854100227 208.3072254806757 268.0877183675766 268.7076081782579 21.57286734879017 0.171532154083252 0.2041949182748795 0 0 0 0 0 0 0 0 0 0 0 0 0 0 0 0.3525924682617188 0 2.894962042570114 6.187877237796783 0 0 0.250854879617691 1.943906918168068 0.161170557141304 1.615545719861984 0.7781582474708557 0.1278176754713058 0 0 0 0 0 0 0 1.12545108795166 3.945933490991592 0.1453976035118103 0.3558692336082458 0 0.2217647582292557 0 0.1000348106026649 0 0 0.2190533056855202 1.729197487235069 0 0 0 3.386869892477989 0 0.2273250222206116 0.09438531100749969 0 0.3893161118030548 0 0.3017104789614677 0.1054670363664627 0.1786367744207382 142.7432056367397 0.5220642685890198 0 0 0 6.333662495017052 0.8413455486297607 0.3272388875484467 1.738119274377823 1.045902758836746 1.147869355976582 0 0.139831081032753 0 0 0 0 0 0 0 0 48.94663238525391 2.667587652802467 1.224615857005119 5.991760827600956 5.295417450368404 25.08452696353197 3.708613850176334 259.8606447353959 9.287605948746204 0.09849098324775696 4.100074872374535 0.1004056334495544 0.1829615980386734 2.096106082201004 0.09568048268556595 7.079324811697006 0 0 0.438952699303627 0.1437125653028488 0
240.2686189487576 5302.790269933641 1204.231285899878 5.020727530121803 1876.426230721176 18.91497853398323 289.9824223965406 1664.019713819027 2811.831445269287 21.54599906504154 0 25.79419143497944 1554.232818931341 1614.325032442808 71.92962048202753 20.86703334748745 6.03033435344696 0.7231153920292854 0.4545993804931641 0.7947967946529388 8.551857531070709 3.394668072462082 2.288790583610535 3.131115794181824 5.175998732447624 12.28713697195053 11.54471573233604 4.137643277645111 2.715958416461945 8.608603574335575 646.0960200205445 36.13927929848433 160.7227835804224 0 6.351345784962177 5.544012255966663 9.972280688583851 2.049678325653076 3.003800839185715 1.765846356749535 26.55994889885187 2.946469649672508 0.3022441565990448 0.6943341493606567 0.1296465396881104 0.370421975851059 567.833113104105 10.00008655339479 1.747469492256641 0.7110095247626305 8.469194546341896 4.490263104438782 1.49328588694334 1.298367068171501 3.305336326360703 10.20709790661931 44.53514224290848 223.2328699603677 38.31893292069435 115.8988092839718 0.5099955871701241 4.160074725747108 2.163792505860329 103.736323364079 14.19041435420513 16.69943828508258 12.41789840534329 5.563595063984394 1.995856650173664 10.80140064656734 31.74715831875801 116.0536170005798 1.100601941347122 199.8769233599305 173.39959769696 296.0740154013038 371.7166243344545 38.24486973136663 68.93020954728127 1267.913330502808 0.6673635989427567 41.54982098191977 19.16748971492052 1.457311742007732 2.994946099817753 15.2019134759903 3.017940618097782 0.6983724758028984 8.728099919855595 0.7196353003382683 4.918280530720949 4.838343381881714 7.127083167433739 9.805549331009388 7.626086913049221 277.7792652249336 11.01265909522772 0.9794558435678482 2.612278781831264 59.60261948406696 1.446628332138062 0 5.163217693567276 1.120995193719864 2.592470914125443 45.53268629312515 1.186320766806602 65.21847465634346 6.044823616743088 4.416309669613838 8.793543294072151 76.81463612616062 36.58598390221596 88.67823906242847 114.9013200998306 0.8629300147294998 0 0.1418613493442535 0 0 0 0 0.1423947960138321 0.3089199662208557 2.59260156750679 0.5073187053203583 0 1.136865846812725 1.419994205236435 0.3203427121043205 2.922649070620537 0 4.796139858663082 0.1192402914166451 2.839695751667023 22.5193675160408 0 0.1364792585372925 0.3270457461476326 15.94572597742081 2.62189107388258 19.36169475317001 3.047219723463058 0.8295007348060608 0.4212938398122787 0 0.2347404062747955 0 0 0.1224041357636452 0 3.622223436832428 8.990261286497116 1.006435476243496 0 0 0.5936813950538635 1.011399678885937 0 0.9824584722518921 0.07217670232057571 2.423708379268646 1.878064423799515 0 0 0 43.99020706862211 0.2176933437585831 0.3953647464513779 0.7200168967247009 0.3058734238147736 0.2951852977275848 0.3455406427383423 0 0.09065103530883789 1.339963063597679 68.49383656680584 2.996822461485863 0 0.225344106554985 0.7809051498770714 24.79779879748821 1.395259857177734 2.533510088920593 3.20563742518425 2.36051532626152 3.695022135972977 0 0.1544921398162842 0.5532969832420349 0.0776951014995575 0 0 0.5948190093040466 0.4310832396149635 0 0.1309325695037842 42.74883496761322 10.69285397231579 11.61341010779142 302.6526783406734 131.5179994925857 1198.622125081718 213.655146420002 93.92196132987738 189.9145225659013 26.76461517810822 208.6510531827807 7.993325255811214 0.3272847831249237 16.36087456345558 0.3406872898340225 3.197672873735428 3.57195045799017 0 1.33278102427721 24.81524407863617 6.411442384123802
14.50569587945938 8.515760540962219 0 103.0469314306974 0.8715368509292603 204.0012051314116 89.29005378484726 0 40.43405717611313 1576.482791498303 25.79419143497944 0 1515.719104900956 50.35400454699993 3.985798239707947 0.5748030468821526 0.5661448091268539 0 0 0.2369829565286636 0 1.27238455414772 0 0 0 0.4753076732158661 0 0.2953170537948608 0 0 0.9195090681314468 0.2313558161258698 17.79708008468151 0 0 0 4.103724032640457 0 0.8870590925216675 0 0 0.1164186522364616 0 0 0 0 14.25733936578035 0.2236708104610443 0 0 0 0.5240128040313721 0.6074528992176056 0 0 0 1.401330880820751 1.774487160146236 0.6076559349894524 0.95735814422369 0 0 0 1.632710725069046 0 0 0.08721989393234253 0.1656897366046906 0 0.6642458289861679 54.83552170544863 53.72197543084621 1.178830444812775 2.537354417145252 0.590732529759407 3.947190836071968 4.055770337581635 2.008000880479813 0 0 0.5898293256759644 0.3877116143703461 0.07257793843746185 0 0 0 0 0 0.1274751871824265 0.2262783199548721 0.1031183004379272 0.850852757692337 0.1756693571805954 0.1469452530145645 0 1633.925041243434 89.31882168352604 2.907604411244392 5.8700070977211 29.16838309168816 0 0 6.414447858929634 0.3955163061618805 0.8845168352127075 35.73716133832932 0.5932988077402115 54.77870623767376 4.273217618465424 9.954592749476433 5.510402217507362 66.69712300598621 26.72894862294197 65.11830966919661 44.52996604144573 0.1759566068649292 0 0 0 0 0 0 0 0 0.1657603085041046 0 0 0 0.2478113770484924 0 0.1577194631099701 0 0.2754748463630676 0 0.8659448176622391 6.189173609018326 0 0 0.2676322162151337 3.791254088282585 0.4454760178923607 1.913601845502853 0.1319192945957184 0 0 0 0 0 0 0.1360010653734207 0 2.271945610642433 2.238238826394081 0 0 0 0 0 0 0 0 1.023398399353027 0.2197072803974152 0 0 0 6.289867952466011 0.7363001108169556 0.1979300081729889 0.1106842085719109 0.1636965125799179 0 0 0 0 0 29.80588498711586 0.2078117579221725 0 0 0 8.220708087086678 0.4888640344142914 0 0.1758645325899124 0.7761390209197998 0.2760877013206482 0 0.4526001214981079 0 0 0 0 0 0 0 0 42.74019108712673 2.020036399364471 3.908825576305389 24.23967848718166 1.432275414466858 30.44682311266661 4.92022355645895 39.48862839490175 2.341358058154583 0.2144450545310974 8.947764657437801 0.9088824093341827 0 3.45252350717783 0 1.065614119172096 0 0 0.1124686151742935 1.226629227399826 0.1506034731864929
135.5156834423542 919.7939491868019 7.598696060478687 1046.102797180414 543.5259979516268 396.3636320382357 9057.919127009809 2.62993960082531 2743.846632525325 7664.073198184371 1554.232818931341 1515.719104900956 0 3383.787081740797 78.16293615847826 33.40698351711035 10.58565839380026 0 0 0.4146090298891068 0.8028270155191422 21.3212081193924 0.6251769512891769 2.280287146568298 1.835138931870461 6.194819986820221 9.753698073327541 6.591484442353249 8.40922623872757 3.390015318989754 25.62886434048414 4.166468501091003 675.7835040688515 0 3.662597678601742 4.681959934532642 48.89707687497139 2.566997438669205 16.37739203870296 8.685244709253311 10.7846777588129 2.372870549559593 0 1.106961816549301 0 0.7905357480049133 221.4243582338095 0.7844813391566277 0.7152239829301834 0.2341594099998474 1.903382889926434 17.70893558114767 18.46927170455456 3.548097908496857 0.2985594794154167 2.346718430519104 13.54880334436893 28.59998867660761 11.26788302510977 27.50658939778805 0.5592134296894073 1.332840450108051 0 14.22303967177868 1.94397297501564 2.595690377056599 2.304244600236416 1.375846154987812 1.510464146733284 3.764502167701721 288.6380333453417 309.0794192478061 4.523744583129883 46.77236016839743 28.09915162622929 79.62460553646088 130.8301643654704 51.0820652320981 1.915295124053955 69.8319543749094 0.2486562579870224 1.563123144209385 3.110818356275558 0.2995326668024063 0.7148250639438629 1.549899816513062 0.4732861667871475 2.595732413232327 2.186043590307236 4.394761465489864 2.797359086573124 3.819842681288719 2.079002127051353 4.509921051561832 6.090332120656967 6181.290667660534 185.2045066505671 29.03499621897936 13.42289063334465 78.5776804164052 0.6894538402557373 0.5846705287694931 27.34961600601673 2.890525907278061 7.984210550785065 134.4782539755106 4.356378868222237 233.3706923127174 24.41401608288288 36.76477754116058 26.49008892476559 322.5040490329266 176.2615922093391 293.6795059368014 273.7792438268661 0.1388726681470871 0.2040687650442123 0.1733746826648712 0 0.4059061408042908 0 0.1672228276729584 0.1672957241535187 1.000716388225555 1.493539959192276 0.9099084436893463 0.4924855083227158 1.40945341438055 1.911322519183159 0.9507336542010307 0.8514724522829056 0.6783221065998077 4.195310845971107 1.34844334423542 8.76650483161211 69.88292920589447 0.1413718163967133 0.1872174590826035 1.143407806754112 24.23926478624344 3.211907386779785 34.99425797909498 5.335140228271484 2.912180416285992 0 0 0 0 0.9860489964485168 0.8132044970989227 0 10.91053748130798 8.005226626992226 0.5712679475545883 0 0.1247766837477684 3.09362156689167 0.6739444434642792 0 0.259601354598999 0.2034029066562653 1.408425956964493 2.179626129567623 0 0 0.1506850570440292 70.91404063254595 0 1.012706428766251 0.8046110346913338 0.3725143373012543 0.3554680645465851 0 0.115886963903904 0 0.5525086224079132 239.552315056324 10.43700158596039 0.2038342356681824 0 0.4408180043101311 71.97588342428207 5.008519053459167 6.932112127542496 5.100062280893326 4.401835158467293 5.919653713703156 0.4226860553026199 1.695346280932426 0.6672965586185455 0 0 0 0 0.4319740682840347 0.4341940730810165 0.3790553361177444 199.1853027194738 27.9007952362299 19.4617568179965 291.7366699501872 71.58241990208626 454.847006931901 104.0007418766618 126.252643443644 81.59701709449291 8.955834187567234 121.478173866868 6.949590720236301 1.581080511212349 14.53040152043104 1.754225976765156 4.019025236368179 2.032413840293884 0 3.536709867417812 27.51830519735813 7.054136842489243
17.51614481955767 508.1510346978903 68.95556914806366 29.64256529510021 2637.589657582343 68.24961798638105 3785.429855681956 89.13837870210409 2336.045048639178 218.552276968956 1614.325032442808 50.35400454699993 3383.787081740797 0 93.89773334562778 41.26762874424458 15.68094169348478 1.836786180734634 0.1511310636997223 3.204153887927532 4.409722656011581 31.05527824163437 1.270274683833122 4.133960887789726 4.265467688441277 22.55624637007713 31.29533956199884 14.0562532171607 14.55887769162655 9.728917554020882 36.81867626309395 7.986884497106075 526.9090406149626 0 5.975298620760441 8.078343220055103 126.5517358481884 7.306141145527363 32.33466272801161 12.1481010094285 30.4150747358799 4.718758121132851 0.2370729967951775 2.168814703822136 0.2275608032941818 1.366669237613678 345.0958557799459 2.803641304373741 1.447958640754223 1.379504479467869 2.52481310069561 26.17263247817755 21.49418646097183 6.388681761920452 1.157778479158878 2.028390407562256 12.87940533459187 20.79886212199926 13.85512524843216 39.84832052141428 0.1290486752986908 1.745399281382561 1.276877582073212 16.6414360255003 2.62092836946249 2.635159887373447 2.601825449615717 1.359635904431343 1.348933711647987 13.0194151327014 178.7375912964344 233.2513694539666 4.058081835508347 45.87902187556028 33.19968654215336 117.9651379585266 199.1466576978564 63.58806199580431 17.24350194633007 186.7324438616633 0.1723529696464539 2.540557354688644 4.192954070866108 0.3257036805152893 0.3394377082586288 3.314694870263338 0.5713727995753288 3.690763406455517 3.265215411782265 5.189191408455372 4.367305852472782 6.285627037286758 7.808909811079502 10.32541155815125 15.82382875680923 1073.411948412657 72.06512898206711 20.89281113445759 8.324866384267807 12.24234732240438 1.68335548043251 0 15.1444079130888 1.40429413318634 4.773176938295364 60.51643426716328 1.219042837619781 86.06573912501335 5.604119971394539 13.23750786483288 14.853764988482 116.5864454656839 56.26425320655107 140.5826055556536 168.063741505146 0.4316228032112122 0.5265062749385834 0.719358429312706 0.290945865213871 0 0 0.4640172123908997 0.4320645183324814 0.2897623479366302 2.085746347904205 0.9318730682134628 0.2080301940441132 1.098507650196552 5.100361384451389 1.998955711722374 3.697869658470154 1.254144690930843 11.56352959573269 1.191879287362099 6.872677326202393 35.83028368651867 0.4088121205568314 1.024319142103195 2.309832870960236 21.30341263115406 3.176115490496159 30.59493502229452 6.14666149020195 4.241428025066853 1.514662176370621 1.198840394616127 0.1202249303460121 0 0.519224688410759 1.114771202206612 0 4.572163052856922 6.971805579960346 0 0 0.4530136287212372 3.60786210000515 1.318185061216354 0 0 0 2.053703263401985 0.7737060189247131 0 0.2814205586910248 0.1719133108854294 44.29037979990244 0 0.3312627971172333 0.7530247867107391 0.2461275905370712 0.3521434366703033 0 0.1435661911964417 0 1.651481792330742 115.7590344548225 10.84697739034891 0 0 1.162853330373764 38.64878463745117 3.700064688920975 2.694602459669113 4.088894404470921 4.394298180937767 4.86850867420435 0 0.9033065885305405 0 0 0 0 0 0.4370861649513245 0 0.4470293074846268 77.4224835857749 16.28235529363155 13.18490962684155 405.9520996361971 73.75702907890081 648.9866501167417 140.1151614487171 68.34621106088161 108.6490751355886 9.677716009318829 182.8324879482388 7.648108221590519 0.1520160287618637 11.49172290414572 1.121670737862587 5.729757949709892 1.320409625768661 0.08722477406263351 2.922161154448986 31.25320734828711 4.470941722393036
