0 2605.670182198286 1413.697498634458 1676.319541834295 704.1338647753 299.2226578444242 999.7496636360884 63.12690026313066 346.7329558208585 2017.695653215051 426.7165616601706 69.13100546598434 414.9787600189447 438.4561082199216 1.571855075657368 0.2589033022522926 0 0 0 0 0.2489748150110245 0 0.2128837108612061 0 0 0 0 0 0 0.3633657991886139 912.4893242865801 2.714726082980633 20.88491513580084 0.1194186732172966 0.4061974883079529 0 47.36135683208704 0.4529062509536743 0.1402851492166519 0 0 0 0.09050293266773224 0.3030903488397598 0 0 19.42435520142317 5.207408674061298 0 0 0.09969891607761383 0.1949659734964371 0.1555130481719971 0 1.194673933088779 7.032021209597588 357.640504732728 936.9734383821487 92.27599478513002 12.84018860012293 0 2.60024505853653 0 3.319505617022514 5.793280698359013 5.035856291651726 4.031025305390358 0.4950732290744781 0 0.2154460251331329 109.8625600039959 5.589645840227604 0.8325577825307846 234.834014415741 9.421429201960564 10.04887319356203 1.298366390168667 0.1071724370121956 3.472166195511818 45.33549366891384 0.2392848879098892 2.34353119134903 14.22557590901852 0.4487888216972351 3.776237018406391 7.134580723941326 1.82844752818346 0.2361225187778473 0.3933828994631767 0.1358507722616196 0.2214960753917694 0 0.1134927943348885 0 0 110.3950555920601 7.967693269252777 3.582512408494949 1.624081388115883 880.0318774282932 1.153728246688843 0 2.201743796467781 1.471962094306946 2.354593306779861 6.229045167565346 1.52528578042984 13.36100703477859 229.3742652535439 12.20466028153896 1.544215857982635 26.42708168923855 21.19954980909824 11.81639388203621 3.551411002874374 0 0 0 0 0 0 0 0 0 0 0 0 0 0 0 0 0 0 0 0.9968282431364059 0.47882941365242 0 0 0 4.039481952786446 0 1.542934693396091 1.863056167960167 0 0 0 0 0 1.178827047348022 0 0 2.57489176094532 1.500189051032066 0.4268486797809601 0 0 0 0 0 0 0 0 0.5976611971855164 0 0.471411406993866 0.5847253203392029 1.427620485424995 1.375023037195206 0.7181651890277863 0.6064666211605072 0.1338116973638535 0 0 0 0 0 8.858387231826782 0 0 0 0 3.049309149384499 3.18915930390358 2.235743582248688 0.8122954964637756 0 0 0 0 0.1594037413597107 0 0 0 0.1476167738437653 0 0 0 7.214372783899307 3.640336789190769 6.108488768339157 38.20714110136032 10.9821427538991 107.7844061851501 46.07399850338697 921.1727545633912 10.5064702257514 5.454768598079681 13.33716576546431 8.831525549292564 0.7261717468500137 8.185440190136433 1.702844172716141 32.09830658137798 0.1609596014022827 0.5106683224439621 3.163497470319271 3.48134146630764 0.4653853178024292
2605.670182198286 0 1139.584660455585 1488.516827568412 3511.266352362931 435.1106972396374 3491.528831861913 50.51275914907455 1453.925384625793 810.0694096982479 535.4500283300877 233.1356438398361 862.1717882752419 631.8138079717755 3.051467031240463 0.7967851907014847 0 0 0 0 0.3762438893318176 0 0 0.1248935833573341 0 0 0 0 0 0 1526.736967362463 15.21924220025539 6.332175970077515 0.1479948461055756 0.132703885436058 0 19.98100555688143 0 0.8654105067253113 0.1121861338615417 0.3275451958179474 0.2888035774230957 0.3132235631346703 0 0 0 64.57591088861227 12.05071666836739 0.2860574200749397 0 0.7394014894962311 0 0 0 1.3283496722579 7.22611228749156 63.18990090489388 331.6135945022106 22.32418289780617 24.35281533747911 0 0.154130220413208 0 20.66559811681509 8.352965943515301 11.05242507904768 7.948723159730434 2.768942564725876 0.1427585184574127 0.3825880363583565 90.11596371978521 5.767643839120865 0 156.8922650367022 26.77700623124838 38.8190763220191 6.022348016500473 0 1.748860999941826 20.65050811320543 0 1.233047686517239 19.21835076063871 0.5954517498612404 9.033305309712887 12.80054480582476 4.561661928892136 0 1.219297148287296 0 0.2509157136082649 0.2389453947544098 0.4977362528443336 1.160517886281013 0.1216345727443695 124.8213817626238 3.304301112890244 0 0 642.6089604869485 0.567824199795723 0 7.306414023041725 1.113891959190369 1.827441871166229 5.369855746626854 2.384738981723785 13.6839502453804 40.33138184249401 13.84270337224007 2.940698876976967 30.89035850763321 29.42849388718605 13.65201397240162 5.377621963620186 0 0.430560827255249 0 0 0 0 0 0 0 0 0 0 0 0 0 0 0 0 0 2.034635663032532 0 0 0 0 4.687596842646599 0 1.909202352166176 2.470455139875412 0 0 0 0 0 1.055665358901024 0 0 2.298711866140366 1.244139820337296 0 0 0 0 0 0.2691425681114197 0 0.1664853394031525 0.9607723355293274 0.83649031072855 0 0.9064636826515198 0.7234412133693695 4.041995733976364 0 0.5012116134166718 0.5332132428884506 0 0 0 0 0 0 5.280245497822762 0 0 0 0.1647674590349197 2.808521509170532 0.7373982071876526 3.922050803899765 1.197234660387039 0.2688977122306824 0.4812396466732025 0 0.2753695249557495 0 0 0 0.1149443238973618 0.1397182047367096 0 0 0.2372537702322006 8.847203746438026 4.385929808020592 6.696876794099808 115.7647294104099 22.34023074805737 241.9206115230918 67.14313963800669 967.9398262649775 22.33785929530859 8.183051846921444 27.49746345728636 16.51364070177078 0.6505660116672516 14.90670621395111 3.136780679225922 32.35122673213482 1.495047301054001 0.1976198330521584 2.796059243381023 40.66186474263668 3.825209990143776
1413.697498634458 1139.584660455585 0 221.542763851583 1191.719135820866 165.854932077229 90.57831331342459 1696.476680196822 707.9055170118809 67.70146802067757 3538.125254578888 25.59683971107006 555.0186846852303 1624.298316977918 15.17785953730345 4.601363025605679 0.4218757301568985 1.272888235747814 0 3.782412260770798 9.654190056025982 0 14.23611827194691 2.655280344188213 0.8314399123191833 2.020936109125614 5.999319829046726 0.4673732444643974 0 0 5572.686307750642 761.6445269286633 202.6464782655239 3.097789004445076 10.47013911604881 0.4642442762851715 168.9940168112516 9.358808808028698 1.089979007840157 0.7593476697802544 6.066613055765629 2.068016797304153 3.909565784037113 1.524882189929485 0.7894714549183846 0.2227404564619064 93.49887449294329 15.47902251780033 0.4053852558135986 2.224327713251114 4.156311899423599 0.2128279060125351 0 0.3459172546863556 1.380413517355919 14.59468574821949 91.85933703929186 848.503574244678 36.94004048407078 33.52208422124386 1.195895344018936 47.99818468093872 0.529890388250351 172.1123895943165 10.35993638634682 12.72558365017176 12.07655521482229 4.272059664130211 5.217566624283791 17.72474449127913 162.846444055438 8.754803970456123 0 248.7664233669639 71.02595536410809 72.59947716444731 32.04964560270309 6.476784877479076 178.7414396032691 499.2208878770471 3.538845181465149 151.3588762059808 27.67388994246721 0.702353909611702 10.82156487554312 16.33021412417293 11.31455174088478 0 2.432482421398163 0 0.9119769185781479 0.2085629627108574 4.912695184350014 9.088195465505123 1.099578067660332 105.8098238185048 9.792822666466236 0 3.388254500925541 566.6419862285256 0.1989365518093109 0 1.892438337206841 0 0.9397810697555542 3.73057459294796 0.6693471670150757 6.431632116436958 5.687020495533943 4.836260169744492 0.7565116286277771 18.09735586494207 15.17798365652561 9.70855587720871 3.88339813798666 0.9237489104270935 0.9732211828231812 0 0 0 0 0 0 0 0 0.264313668012619 0 0 0 0 0 0 0.26954385638237 0 0.9481914639472961 0.9490517750382423 0 0 0 6.467189848423004 0 2.621143601834774 3.647595763206482 0 0 0 0 0 1.385458946228027 0 0 3.355452567338943 0.6872592270374298 0 0 0.3616145551204681 0 0.4045221358537674 0 0 0.1050211042165756 0 0.439882218837738 0 0.3491411805152893 0 1.177000433206558 0.9150193333625793 0.5908578038215637 0.1396104693412781 0 0.176288515329361 0 0 0.08809788525104523 0 5.238435715436935 0.1108977794647217 0 0.2306641191244125 0 2.586973637342453 3.121101975440979 0 0.3205989599227905 0 0.8560153990983963 0.731753945350647 0.1480366587638855 0 0.08409102261066437 0.1110133454203606 0 0.3051260188221931 0.387540303170681 0 0 6.759379647672176 5.55183133482933 7.776548206806183 90.64586590975523 31.25692155957222 250.3936124593019 73.26631617546082 421.8051000833511 22.41141248494387 12.89910607039928 37.45080840587616 7.812908425927162 0.3045090958476067 8.355926707386971 4.593620322644711 17.99572666734457 1.527512334287167 0.5785978138446808 3.345288060605526 6.399163663387299 0
1676.319541834295 1488.516827568412 221.542763851583 0 407.3357133641839 433.051841288805 1299.320012331009 18.1396576911211 226.542498588562 1929.414347112179 180.863049030304 1426.383802160621 1699.365126691759 68.84390132129192 3.564480409026146 0.1154820472002029 0 0 0 0 0 0 0.2479633092880249 0 0 0 0.2455416619777679 0 0 0 194.0546451956034 3.345263406634331 0.6773629486560822 0.08723780512809753 0.1770036965608597 0 2.98252809047699 0 0.2006411999464035 0 0 0.15768001973629 0.366217203438282 0 0 0 39.801514364779 7.025012373924255 0 0.3120096623897552 0.5295880883932114 0 0 0 0.6161519959568977 6.087116457521915 24.85802349448204 105.3396467268467 12.23790109157562 9.296831145882607 0 0 0 12.1950227022171 5.379951633512974 5.742275416851044 5.563790313899517 1.156422734260559 0.3350948393344879 0 890.4466184154153 6.489164859056473 0 78.20220427215099 12.8645228818059 21.00598233193159 3.667656786739826 0.2128748297691345 0.3300914168357849 1.80180399864912 0 0.5410762503743172 10.90515411645174 0.5803195536136627 4.850077874958515 7.934677988290787 2.25233568251133 0 0.8496256843209267 0 0 0 0 0.2997654676437378 0 233.5268146246672 56.84484249353409 0 1.447104245424271 235.4220861643553 0.6542080640792847 0 4.203646838665009 1.107034057378769 3.616046547889709 8.126748904585838 1.868212223052979 12.76404191553593 45.86019849777222 18.7116851657629 2.503880456089973 26.69810396432877 26.89105631411076 12.28723020851612 3.809276968240738 0 1.105988025665283 0 0 0 0 0 0 0 0 0 0 0 0 0 0 0 0 0 3.233672633767128 0 0 0 0 0.5050596594810486 1.037486672401428 1.660171508789062 1.200459331274033 0.2113416194915771 0 0 0 2.353471755981445 1.053215235471725 0 0 3.195876270532608 0.5020573735237122 0 0 0 0.8416033387184143 0 0 0.5021883249282837 0 1.310225635766983 0 0 0 0 3.265950858592987 0 0 0.2289867252111435 0.100307509303093 0 0 0 0.139206200838089 0 3.923224896192551 0 0 0 0 0.5941693782806396 1.702062785625458 0.3072556555271149 0 0 0.3630315959453583 0 0 0.09778226166963577 0 0 0 0.2497088015079498 0 0 0 8.356598258018494 0.1608295738697052 1.64347368478775 81.55426242947578 10.68348909914494 140.5408460572362 36.31870543956757 718.9634968787432 15.56226786971092 5.491958379745483 22.7844078540802 6.413528010249138 0.24661785364151 3.75171572715044 1.034944333136082 30.19543282687664 0.5947872400283813 0.2455479800701141 1.216148912906647 0 0
704.1338647753 3511.266352362931 1191.719135820866 407.3357133641839 0 63.09992910176516 1500.768537096679 18.30112411081791 3447.74156600982 241.3956941962242 391.8012336567044 362.4086249023676 1782.936839438975 2823.098594322801 12.05494564026594 0.163075715303421 0 0.115555964410305 0 0.1249702647328377 0 0 0 0 0 0 0 0.1086542755365372 0 0 1069.608965344727 28.3681695908308 0.8316942974925041 0 0 0 4.624802850186825 0.09824191033840179 1.020539328455925 0.320354089140892 0.1068289428949356 0.1078115105628967 0.3945147693157196 0.1074049323797226 0 0 78.52593123912811 8.780849851667881 0.1579121500253677 0 0.5402847602963448 0 0 0 0.7816681489348412 5.790228292346001 9.412196420133114 93.51536374539137 6.965943083167076 17.52211508154869 0 0.2203995287418365 0 38.14491023123264 5.692260146141052 5.99808794260025 6.534795679152012 0.8993942886590958 0.09348969161510468 0.1124702394008636 129.3405762985349 4.664274491369724 0 75.43097425252199 22.94942828267813 50.98414073139429 17.31285566091537 0.5109724104404449 0.3622908592224121 3.062625907361507 0.1287456005811691 0.5440761372447014 11.56315342336893 0.2403595298528671 4.915183238685131 8.830887906253338 4.247270986437798 0 0.6971181407570839 0 0.3444441631436348 0.2501872032880783 0 0.2104827985167503 0.1260603964328766 108.9672753214836 7.090440280735493 0 0.2308101654052734 75.86841059476137 0.48602694272995 1.337751626968384 5.781312733888626 0.3900658935308456 3.802493214607239 7.439886569976807 0.4731310456991196 16.87913071364164 6.555431202054024 10.23107199370861 2.220148995518684 32.23834081739187 28.24365989863873 19.56524251401424 9.385822087526321 0.2163359820842743 0 0 0 0 0 0 0 0 0 0 0 0 0 0 0 0 0 0 2.923379510641098 1.209180742502213 0 0 0 6.267882466316223 0 3.529433652758598 3.692421793937683 0.4474073946475983 0 0.1600500047206879 0 0.2660105228424072 1.479476243257523 0 0 1.820401787757874 2.086944624781609 0 0 0 0 0 0 0.2370011508464813 0.1914919912815094 0.5545051097869873 0.7257098257541656 0 0.474959135055542 2.340300410985947 9.759678825736046 1.102465510368347 1.850784406065941 0.2805589139461517 0.1248222813010216 0.09054835885763168 0.121767058968544 0 0 0 16.68483918905258 1.261003375053406 0 0 0.1177764609456062 6.483245894312859 2.987383261322975 3.809012144804001 1.437438309192657 0.4155369102954865 0.9872997552156448 0.5496411323547363 0 0.311235636472702 0 0 0 0.2472810745239258 0.1320033073425293 0 0 11.5199825912714 5.282739266753197 8.842838868498802 117.0886848568916 14.01193161308765 180.9215102121234 47.14619026333094 123.6599886193871 30.43946381658316 4.329640358686447 38.4201128333807 11.88039889931679 0.6642329394817352 11.60652646422386 4.368825227022171 26.37740701436996 1.428551286458969 0.1939708888530731 6.168377280235291 1.92994686961174 1.117095723748207
299.2226578444242 435.1106972396374 165.854932077229 433.051841288805 63.09992910176516 0 155.3169628232718 11.19702287018299 49.43327730894089 734.0285319685936 76.42535941302776 154.9756226092577 207.9500820711255 65.33470503985882 1.525469802320004 0.734284907579422 0 0 0 0 0 3.248183771967888 0 0 0 0 0 0 0.5178588628768921 0 179.7819408476353 1.270453661680222 75.72028678655624 0 0.3902158141136169 0 85.35943929851055 4.093869976699352 25.52357191592455 1.327753461897373 0 0 0 0.2296556085348129 0 0 2.381841108202934 0.2175406664609909 0 0 0.2372584789991379 17.35926678776741 0.7671359032392502 0.166847288608551 0.190449133515358 0.1220900937914848 84.11287993937731 65.11518684774637 3.946072138845921 1.817966252565384 0.2526646852493286 13.17392589151859 0 1.552245892584324 0.5483331903815269 0.4828914850950241 0.1031429693102837 0.3321216553449631 0 0 353.6762811020017 236.6602692902088 27.69309102743864 11.62267868965864 1.752981908619404 1.953485995531082 1.959153406322002 0.9923350885510445 0.1639420390129089 60.53385827690363 0.1855419278144836 17.57248258590698 1.597406975924969 0.1311899572610855 0 1.549446187913418 0.2565223872661591 8.524064965546131 8.082477100193501 36.45510507375002 5.953360602259636 5.9443319439888 0 1.240461677312851 0 389.7024757564068 106.3200353384018 59.09213089942932 85.15487856417894 526.727873519063 0.4747897684574127 0 4.044108316302299 0.4722144901752472 0.9043136537075043 4.936776518821716 0 8.082709640264511 43.48877266049385 7.134569361805916 0.4034082442522049 17.23178021609783 10.89830330014229 6.616490453481674 1.703543365001678 0 0 0.1634543240070343 0.1290365904569626 0 0 0 0 0 0 0 0 0 0.1733386069536209 0.1505487859249115 0 0.2460988014936447 0.1791585385799408 0.371660515666008 0 0 0 0 0 0 0 0 0.5943667739629745 0.1376530528068542 0 0 0 0 0.4827229976654053 0.2029711753129959 0 0.3729189932346344 1.129984676837921 0 0 0 0.9655406922101974 0.2061304301023483 0.3300593793392181 0 0 0 0 0 0 0 0 0 0.2807021662592888 0 0 0 0 0 0 0 0.6757989525794983 1.431135237216949 0 0 0 0.5801904499530792 0 0 0.2641324102878571 0 0.3068873584270477 0 0 0 0 0.2731355726718903 0 0.324518695473671 0.1101963371038437 0 0 2.520487993955612 1.16310627758503 0.9345190972089767 9.788557067513466 1.336943827569485 9.240675568580627 4.575291864573956 223.3252134695649 2.37258093059063 0.1304893344640732 0.9046862870454788 0.7717570066452026 0.1105274856090546 2.399255812168121 0.3083072602748871 17.89948830008507 0 0 0.7726781964302063 1.066192030906677 0
999.7496636360884 3491.528831861913 90.57831331342459 1299.320012331009 1500.768537096679 155.3169628232718 0 8.527040682733059 402.962397582829 842.1298483163118 84.81898421049118 105.9517029672861 2118.615521460772 246.9698325693607 31.3057122156024 0.6227754354476929 0.1457102745771408 0 0 0.4705972597002983 0.9439008980989456 0 0 0 0 0.3129304945468903 0 0.117063507437706 0.1551102697849274 0 405.0950157865882 53.04829970002174 1.463616773486137 0.3082960993051529 0 0 2.09966366738081 0.3128413707017899 0.3582665845751762 0.1219204068183899 0.09631887078285217 0.8888624757528305 0.3213065266609192 0.9205946773290634 0.3878117054700851 0.1160984113812447 275.0426519289613 39.56679951399565 0.2098284214735031 0.7295932695269585 3.040494374930859 0.2883749604225159 0 0.3880322203040123 2.549582920968533 25.59851660579443 32.1018028408289 273.064774081111 33.36163657158613 77.80320796370506 0.7439149245619774 0.5010738670825958 0 108.5594973191619 20.13646825402975 28.36909308284521 25.76612865924835 6.594534367322922 0.125289112329483 0.8006021901965141 115.3918592408299 3.323445461690426 0 292.2352121770382 76.55144236236811 161.854884147644 43.19493199139833 1.611220568418503 1.356240123510361 1.490392878651619 1.192987635731697 1.305722735822201 51.32626056671143 1.149713709950447 22.58013924211264 33.53525979816914 14.38557444512844 0 2.569469653069973 0.4860077947378159 1.723506517708302 0.6483854800462723 0.417896494269371 1.66343379765749 0.224357545375824 99.42746778577566 4.938059687614441 0 1.037372924387455 134.6972082182765 0.6779427230358124 0 4.965594336390495 1.400196492671967 1.327821314334869 2.074256390333176 0 9.245303303003311 8.096138074994087 9.656694009900093 2.287982553243637 19.18241391330957 14.83543951809406 9.918917119503021 3.418302908539772 0.7350907325744629 0 0 0 0 0 0 0 0 0 0 0 0 0 0 0 0.3384757786989212 0 0 1.080839395523071 0.8700065314769745 0 0 0 2.442630961537361 0 1.456794768571854 3.278127133846283 0.3118199706077576 0 0 0 0 0.6964073777198792 0.7545085251331329 0 0.3357405066490173 1.061213284730911 0 0 0.3482434749603271 0 0 0 0 0.3663885742425919 0 0 0 0.2507786452770233 1.231530785560608 3.156427502632141 0.5276597738265991 0 0.3203204572200775 0.09857889264822006 0.2752940356731415 0.5831096842885017 0.145304799079895 0.1249895766377449 0.1816661059856415 7.772089093923569 0 0 0.2521191239356995 0.1098290309309959 0 1.805221021175385 1.996556341648102 0.4098353385925293 0.1444348245859146 0 0 0 0.2208412811160088 0.08002112805843353 0.1279397457838058 0 0.4860471040010452 0 0 0.1469844877719879 4.593305557966232 1.463236227631569 5.526494398713112 456.9407685920596 64.85841780900955 812.970706179738 210.7078479751945 608.3403823077679 103.5696095302701 21.12873669713736 156.4680010154843 8.566885903477669 0.2076567858457565 9.01809050142765 7.039929665625095 21.16398737579584 2.251078009605408 1.159044302999973 4.252229236066341 3.525646790862083 2.092038691043854
63.12690026313066 50.51275914907455 1696.476680196822 18.1396576911211 18.30112411081791 11.19702287018299 8.527040682733059 0 163.8309261053801 4.239075124263763 1631.152617923915 1.71873664855957 193.9826908782125 1009.197318404913 60.85700458288193 15.16294280439615 3.855624198913574 4.588748328387737 0.5168835893273354 17.69622930884361 33.26297093182802 0 51.04745519161224 10.63357748091221 2.390194222331047 5.143124803900719 17.75766045600176 0.3082327842712402 0 0.484066978096962 1280.816561855376 2515.475000753999 242.0453216657043 15.54678022116423 36.44971845299006 2.343680202960968 147.1241455003619 30.96738933026791 3.112501546740532 0.7620900571346283 22.57367696613073 6.279277950525284 13.29993008077145 5.558791473507881 6.380464270710945 5.232595555484295 107.4922520145774 7.113698951900005 0 5.111972495913506 19.71442180871964 1.543629348278046 0 0.1422686725854874 0.4731304198503494 3.465292073786259 15.93579811602831 218.6024595722556 9.49266279488802 24.56277609616518 16.75293403118849 145.1237516328692 2.695482909679413 270.7837947979569 3.063271678984165 4.166137918829918 5.304204054176807 7.215228877961636 12.02600065618753 61.10194507986307 102.3280810043216 19.5333498865366 0 83.17301534116268 71.69593408703804 91.18218591809273 128.0561699196696 116.1371090859175 824.4518961459398 996.8204867765307 77.97961449623108 1362.455912128091 8.738609716296196 0.3145986422896385 4.456474974751472 4.903185687959194 13.38982158154249 0 0.3344296589493752 0 0.4588661193847656 0.1014087498188019 15.13256407529116 25.96048217266798 2.040302388370037 96.71760879456997 30.85657754540443 0 9.935757428407669 72.953284047544 0 0 0.1550181359052658 0 0.6493780165910721 1.642579391598701 0 1.591752678155899 0.2377716600894928 1.017223656177521 0.6724652349948883 5.148225463926792 3.92034986615181 4.464991524815559 2.502678215503693 0 0.3237083554267883 0 0 0 0 0 0 0 0 0.2174603193998337 0 0 0 0 0 0 0 0 0.5468810200691223 0.1525117158889771 0 0 0 2.477991983294487 0 1.5757871940732 2.541590742766857 0 0 0.5156002342700958 0.1267754882574081 0 0.3738909512758255 0.5182103514671326 0 0.4288000613451004 0.1760210543870926 0 0 0.6796094179153442 0 1.884330496191978 0.4036816358566284 0 0.08499912917613983 0.1127243936061859 0.1194099560379982 0 0.3630190491676331 0 0.9410286396741867 0.1645147204399109 0.2153202146291733 0 0.1768678277730942 0 0.3307192325592041 0 0 0.2232107073068619 8.559514738619328 0.3000605851411819 0 0 0.3293159455060959 0.1323237270116806 1.795114129781723 0.4494935721158981 0 0 0.6624754667282104 0.2010101079940796 0 0.3585777282714844 0 0 0.1100412383675575 0.2953290343284607 0.1313549280166626 0.4542230665683746 0.6278387904167175 6.661116480827332 2.920166373252869 6.951890029013157 210.2942358776927 17.90517240762711 192.1750830039382 47.70473782718182 46.00882524251938 33.43076951056719 3.306403040885925 88.39082166552544 2.963865026831627 1.771500319242477 5.519192777574062 1.145939387381077 4.317168772220612 0.4998577237129211 0.6357459425926208 0.144910454750061 4.392511039972305 1.840448498725891
346.7329558208585 1453.925384625793 707.9055170118809 226.542498588562 3447.74156600982 49.43327730894089 402.962397582829 163.8309261053801 0 300.8608488440514 2521.920098423958 222.5811439156532 4151.387686446309 5778.62416883558 32.02077692002058 2.105892241001129 0.08797711879014969 0.3650956451892853 0 0.5471101254224777 0.1190957352519035 0 0 0 0.1343919038772583 0.1270559281110764 0 0.2000347077846527 0.1790508329868317 0 464.43000254035 47.256896302104 6.609161525964737 0 0 0.1024603620171547 14.66564981639385 0 0.3303427398204803 0.3410675302147865 0.2396779656410217 0.619154766201973 0.296691045165062 0.7633946388959885 0 0 170.624113149941 12.70700405538082 0.5898902118206024 0.4274539798498154 1.154842525720596 0 0 0 0.3299976512789726 6.654160127043724 13.64780487120152 123.4671802148223 11.31609957665205 35.55149260908365 0.3777943849563599 0.1028549298644066 0.125975489616394 72.92719427496195 6.639637991786003 8.789973117411137 9.755672283470631 2.439778476953506 0.3608216196298599 0.8802420794963837 183.4913225322962 20.50990900397301 0 116.7861526459455 45.36474727094173 102.0874201878905 67.24069029092789 4.912862032651901 4.352026924490929 9.802058778703213 0.9615873843431473 1.178504675626755 17.40151439607143 0.2998018935322762 8.241468988358974 10.23740724474192 8.674899511039257 0 1.070749014616013 0 0.297515943646431 0.1652921140193939 0.2054148465394974 0.9253157153725624 0.3782245516777039 178.6699325740337 8.456133402884007 0 0 80.76151625812054 0.8219893425703049 0 7.754633858799934 0.3960380554199219 6.201680108904839 11.46895009279251 1.257674545049667 23.80045239627361 7.017085507512093 17.81955286860466 3.062945336103439 63.55263786017895 52.10877713561058 39.90436322242022 22.15421865880489 0 1.121423274278641 0.176528736948967 0 0 0 0 0 0 0 0 0 0 0 0.7066185474395752 0 0 0 0 7.406697571277618 0.8224034905433655 0 0 0 15.11270723491907 2.288153022527695 9.961495250463486 4.234278202056885 0.1291488111019135 0 0 0 0 6.984296143054962 0.3947047144174576 0 5.893061578273773 4.634107336401939 0.2298851162195206 0 0 0 0 0 1.254779428243637 0.3318263441324234 0.8098980784416199 0.7197416126728058 0 2.004170477390289 3.861788481473923 7.797472566366196 2.56045800447464 0.8853068277239799 1.525743693113327 0.1021026074886322 0.4715067893266678 0 0 0.09398479759693146 0 33.93936797976494 0 0 0 0.1131137683987617 4.176937565207481 8.918782591819763 9.634978890419006 2.094251722097397 0.9935483932495117 0.3513457030057907 1.446388602256775 0.8402373865246773 1.27448446303606 0 0 0 0 0 0 0 21.3586120903492 12.21515984833241 17.92285422980785 353.7408119216561 17.94256821274757 383.2449076101184 96.17285721004009 153.0575100630522 70.47022606432438 5.578634098172188 131.578845962882 25.39050324261189 0.7776178196072578 18.37648210674524 8.130568102002144 58.53897893428802 4.959512636065483 0.8307463899254799 11.68446587026119 4.556129634380341 1.556809693574905
2017.695653215051 810.0694096982479 67.70146802067757 1929.414347112179 241.3956941962242 734.0285319685936 842.1298483163118 4.239075124263763 300.8608488440514 0 125.2124507650733 2094.830079570413 4193.528060548007 92.36480803787708 15.95819994062185 0.4221466779708862 0 0.3933505117893219 0 0.2225258201360703 0.2098676115274429 0 0.196669414639473 0 0.1556882709264755 0.2259422540664673 0 0.2397539168596268 0 0 252.5063320398331 16.08698237687349 6.034119471907616 0 0.1414982527494431 0 48.00099566578865 0.1113765984773636 0.9719805419445038 0.3588488698005676 0 0.4227523878216743 0.5050994977355003 0.1825862377882004 0 0 134.0841962844133 16.57417253404856 0.2473991438746452 0.2595863416790962 0.7242609038949013 0.405008353292942 0.1345013380050659 0.2974994853138924 0.7510644048452377 9.544185288250446 90.20253203064203 237.1815522313118 27.02187933027744 33.95713318884373 0.1190795749425888 1.13182669878006 0.5183205902576447 32.08353304117918 9.036850184202194 12.59376484900713 11.75919453054667 1.835142068564892 0.1585280895233154 0.4755125641822815 3568.600327372551 51.07673069834709 0.6616789847612381 149.5661279633641 37.16913270950317 68.23399905860424 21.61992660909891 1.721440896391869 0.1396760493516922 3.594728894531727 0.1348004192113876 1.492025449872017 23.02940830588341 0.9564453959465027 9.379128701984882 13.3779394775629 7.302893295884132 0.2115204334259033 2.78628347069025 0.5094979107379913 1.077287413179874 0.3045270591974258 0.234460361301899 0.485754705965519 0 1410.482198506594 153.4063951522112 1.03503429889679 4.554857403039932 617.7160635367036 2.60672527551651 0 44.51116076111794 10.68305443227291 19.21023572981358 52.26097942888737 9.178951576352119 106.0355795025826 224.4445026367903 115.4478432536125 18.6210910230875 219.4178736805916 160.4874058961868 117.0360546559095 50.75405986607075 2.105915248394012 3.388716474175453 0 3.800176680088043 0 0 1.10359799861908 0 0 0 0 0 0 0 0.1550659388303757 0 0.1584364920854568 0 0.227466881275177 8.815880581736565 5.340423777699471 0 0 0 28.68906878679991 0.9295555651187897 15.2979888767004 13.04029893130064 1.672289103269577 0 0 0 0.7241842746734619 9.313993781805038 0.5157955288887024 0 14.91926276683807 11.40766189992428 1.199392229318619 0.3294995129108429 0 0 0 2.889612853527069 0.9984782189130783 1.485034756362438 1.945230975747108 1.983173176646233 0 4.048525333404541 3.950738847255707 19.07837902009487 4.218219384551048 4.554183334112167 3.790535137057304 0.3666776120662689 0.659371130168438 0.195061482489109 0 0 0 57.41336132586002 4.740288496017456 0 0.199310764670372 0 6.098562568426132 33.86661098897457 8.22091281414032 6.655478417873383 5.375801876187325 4.217977985739708 0.8848679065704346 1.320603772997856 0.3251361846923828 0 0.2216282486915588 0 0.3914008736610413 0.1044278144836426 0 0 60.52550528943539 21.99500997364521 42.31198714673519 465.2137916982174 29.83105440437794 476.098865352571 112.0611345097423 1683.784151181579 74.62232376635075 9.195953726768494 202.8826612606645 55.86192193627357 1.663188315927982 58.08655206114054 7.823979251086712 262.6784642413259 9.482811458408833 0.1894629523158073 39.11788206547499 3.296480149030685 4.852284207940102
426.7165616601706 535.4500283300877 3538.125254578888 180.863049030304 391.8012336567044 76.42535941302776 84.81898421049118 1631.152617923915 2521.920098423958 125.2124507650733 0 114.466939419508 1620.952356129885 4896.774920597672 74.4218672066927 24.58783730864525 2.342373512685299 0.7739203944802284 0.1189130544662476 2.428328968584538 12.77340227365494 0 23.62118304520845 5.232248649001122 2.18447382748127 3.059216499328613 6.562009781599045 0.5808244794607162 0 0 1120.08350495249 294.4229647144675 616.7633072584867 1.135928809642792 15.71239349246025 0.4713377952575684 330.3157376274467 28.64953145384789 2.007300332188606 0.6898467540740967 13.83442431688309 2.912454336881638 2.783944457769394 4.357220962643623 0.433676041662693 0.6836762577295303 147.9719063937664 8.922935873270035 0.1691949218511581 0.9364270716905594 4.334712028503418 0.5911727100610733 0 0.1145835593342781 0.3721824213862419 4.363377079367638 18.4217499345541 147.7964320108294 9.749620519578457 29.52123307436705 0.858227513730526 179.1594861149788 0.308964878320694 89.7363290861249 4.926975131034851 7.724423758685589 6.192674927413464 2.603319108486176 3.254361934959888 14.38122603297234 362.5634679719806 86.39768896251917 0 99.08710495382547 43.9254247918725 105.5849657654762 117.087163746357 25.33030495047569 19.83109532296658 780.0849459394813 0.8285109326243401 91.47167950123549 11.51775650680065 1.049000911414623 4.413978204131126 7.421912021934986 4.764263868331909 0 1.064808763563633 0 1.224943421781063 0.09303957223892212 2.414769373834133 9.599750898778439 0.479156881570816 635.7873060256243 49.31366555392742 0 14.03788651525974 135.4195066764951 1.235896587371826 0 11.2559307962656 0.5900859087705612 7.874847918748856 21.55414538085461 3.788546800613403 48.01585410535336 17.23718819022179 32.0671326816082 14.19683833420277 106.9301569238305 99.18082916736603 69.70548114180565 40.25345709174871 3.181929394602776 1.862607181072235 0.2222530990839005 0.8343467116355896 0 0 0 0 0 0 0.5736333876848221 0 0 0 0 0.3188404440879822 0 0 0.1073945760726929 15.86036677658558 4.466679915785789 0 0 0 32.79843834042549 1.471558213233948 22.37895473092794 16.85186336189508 0.7934936285018921 0 0 0.384509801864624 0 3.971974723041058 2.35226958990097 0 10.20906722545624 8.037473119795322 0.6585917621850967 0 0 0.1631530225276947 0.1232460141181946 0.6885005608201027 1.246560305356979 0.9228106439113617 1.610827133059502 7.352026715874672 0 5.653291121125221 8.372824236750603 19.931480884552 6.312407329678535 3.9003926217556 2.414130806922913 0.693793460726738 0.3115677982568741 0.2627916634082794 0 0 0 64.0858586281538 2.351255536079407 0 0.3028516247868538 0.2650061249732971 9.522504031658173 17.83004908263683 16.36230888962746 4.074564293026924 2.968183398246765 2.74415984749794 1.257537603378296 0.4906418770551682 2.486434042453766 0 0.09952466934919357 0 0.1686973124742508 0.22450852394104 0 0 53.56002521514893 29.23686483502388 51.33352031558752 561.5835904330015 23.86616442352533 317.8396656364202 87.67961118370295 157.9631631225348 66.73733866214752 4.218092538416386 185.117616020143 51.04661387205124 1.269392877817154 61.06830368936062 7.993943020701408 131.5274396389723 10.64611631631851 0.9721868932247162 22.1878469735384 12.1792724058032 1.411759212613106
69.13100546598434 233.1356438398361 25.59683971107006 1426.383802160621 362.4086249023676 154.9756226092577 105.9517029672861 1.71873664855957 222.5811439156532 2094.830079570413 114.466939419508 0 708.365263171494 39.30452001094818 10.92345999181271 1.508911341428757 0.1801712810993195 0 0 0.1703504920005798 0.2444145157933235 0 0 0 0 0 0 0.3626743480563164 0 0 25.02449163794518 2.420940510928631 15.11590990424156 0 0.4822723865509033 0 77.04177403450012 0 0.5834608674049377 0 0.2767803221940994 0.1156385466456413 0 0.3587692826986313 0 0 27.52178639918566 1.369261883199215 0.1191866546869278 0 0.1972364783287048 0 0 0.142185777425766 0 0.6641663089394569 6.685476861894131 15.60953788459301 1.991702258586884 3.276983626186848 0.4837382137775421 4.577949032187462 0 10.32835577428341 1.197612002491951 1.337263278663158 0.9761983305215836 0.4296671152114868 0.5779736489057541 0.2893387377262115 1776.825904861093 35.59887720644474 0 17.12832336872816 4.627658024430275 12.83964169025421 13.65206979960203 3.270765237510204 0.1719816476106644 10.44862401485443 0.2441505938768387 0 3.036064282059669 0.1521926671266556 0.9047966077923775 1.575053624808788 0.2189129963517189 0 0.1645150035619736 0 0.2402012869715691 0 0.1091060936450958 0.2311514765024185 0 1591.813715822995 63.22427867352962 0 6.886098176240921 76.57646863162518 1.348439291119576 0.7177981734275818 20.27236016094685 0.2490327209234238 10.31550753116608 27.58644135296345 2.168631047010422 62.84655229747295 41.95261000096798 52.13904091715813 13.31198421120644 146.3791997879744 92.72959424555302 83.22838903963566 41.91676975786686 2.313539505004883 0.6061623394489288 0 0.406301885843277 0 0 0.7204404473304749 0 0 0 0 0 0 0 0 0 0 0 0 10.39788421988487 7.226159542798996 0 0 0 28.52953904867172 1.59545162320137 12.54248014092445 8.390860751271248 0.6069322228431702 0 0 0 0 5.158673673868179 1.244460463523865 0 12.7602486461401 7.030426114797592 1.552095510065556 0 0 0 0.2018109112977982 0.5637773051857948 0 0.7939807623624802 2.271332636475563 1.764597058296204 0 1.508163943886757 6.75538070499897 16.56244783103466 0.7481749653816223 5.027853354811668 1.521805733442307 0.4283769130706787 0 0 0 0 0 57.55394311249256 1.860595405101776 0 0 0 12.05986392498016 13.9670008867979 10.10360305011272 4.32464961707592 0.9804041534662247 0.5547966808080673 1.168286889791489 1.58963880687952 1.656051158905029 0 0 0 0.1049601659178734 0 0 0 54.48263105750084 18.65432508289814 35.7681752666831 128.1740661337972 3.872789807617664 90.7748007401824 17.25123732537031 113.9557892605662 15.05375152081251 0.9287199676036835 56.62428204715252 42.45963090658188 0 38.83634442090988 3.29692704975605 119.385305069387 3.436304479837418 0.1947881728410721 19.24235013127327 1.019344955682755 0.4582498967647552
414.9787600189447 862.1717882752419 555.0186846852303 1699.365126691759 1782.936839438975 207.9500820711255 2118.615521460772 193.9826908782125 4151.387686446309 4193.528060548007 1620.952356129885 708.365263171494 0 2976.283394873142 223.2260362505913 35.7862199395895 0.9737007096409798 0.7297392040491104 0.3274909108877182 3.112836472690105 3.951839797198772 0 3.705271579325199 0.4659184366464615 0.5049596652388573 1.50013692677021 0.2668837457895279 1.167887300252914 0.1431186646223068 0 589.2692704498768 97.02271319180727 36.79779924452305 0.4668528735637665 2.651099346578121 0 24.07634554803371 0.3087240979075432 1.040463015437126 0.8384910151362419 1.987641356885433 2.203379489481449 1.128460377454758 6.985069662332535 0.5374156832695007 1.068557903170586 514.3136815652251 38.81040931493044 0.8772973492741585 2.078030936419964 4.481706351041794 0.3515131920576096 0 0.1768998950719833 2.162850350141525 20.01558815687895 29.52650256454945 249.5228627100587 31.15644484758377 113.5453391000628 2.156594641506672 2.306854441761971 0.790739044547081 202.2647724822164 17.57322858273983 26.22554334253073 27.45060350000858 6.537483043968678 2.300577938556671 5.311701722443104 469.6609555929899 62.46607329696417 0.220353364944458 290.3579627200961 119.3584267869592 370.5727859288454 348.9007714986801 42.03118233382702 3.344576552510262 37.3408504575491 1.836921371519566 6.903051473200321 48.49697486311197 0.6724297553300858 19.46032705157995 31.4387925863266 20.6313479244709 0 3.782619684934616 0.5501027703285217 1.308911986649036 0.5155365839600563 1.271794743835926 5.528927147388458 2.099809087812901 1908.32846441865 17.79278419911861 0 3.554765820503235 197.1306722462177 6.949303060770035 1.619462862610817 40.56674652546644 4.019704848527908 36.98071137070656 49.22300399839878 4.818063318729401 112.9669282138348 69.86609598994255 99.91494151204824 29.91662834584713 248.5088734179735 257.24460311234 138.863648481667 83.29954972118139 3.020263001322746 2.652129322290421 0 1.929710626602173 0 0 0 0 0 0 0 0 0 0 0 0 0 0.1220518127083778 0 22.90866070240736 7.904871329665184 0 0 0 43.37835647165775 1.320727810263634 25.01200051605701 22.0467080026865 0.3954034596681595 0 0 0 0.3684805929660797 12.59385155141354 2.2096798568964 0 11.88787958025932 10.00476251542568 1.57842344045639 0 0.117228701710701 0 0.09837978333234787 1.020232826471329 1.203321434557438 0.5891723483800888 2.596154473721981 3.276530310511589 1.55534890294075 8.015687763690948 6.576493620872498 37.5803057923913 8.783285357058048 4.692388236522675 4.721179977059364 1.296797566115856 2.006425082683563 0 0 0.1122262552380562 0 150.4913437142968 3.782503008842468 0 0.5786904841661453 0.9241952151060104 22.94199988245964 24.2576340585947 20.05558356642723 4.284788705408573 2.18235619366169 4.256808005273342 2.524892553687096 0.9679594039916992 2.879963375627995 0 0 0 0.6328759342432022 0.2931865230202675 0 0 154.6268546953797 58.77402906864882 88.26023986190557 971.5469195023179 78.22879043221474 1058.837204955518 362.6675578728318 474.8832758963108 241.071943603456 21.90495103597641 424.2290963977575 50.54813133180141 5.46453445404768 71.84164058417082 22.59733898937702 124.4821921959519 9.267610877752304 2.883265949785709 33.20092666149139 24.64647743105888 4.855344787240028
