0 2295.201294891536 196.6706309244037 1040.966517180204 316.8006556332111 140.139426112175 755.5525071173906 2.024926230311394 176.7075514867902 1053.636779896915 46.96573255211115 118.0593789294362 509.247910477221 72.67560062557459 5.744315765798092 0.502126045525074 0 0 0 0 0.10697291046381 0 0 0 0.1037621572613716 0.1363737732172012 0 0 0 0 748.260045722127 0.6858105883002281 0.3624268025159836 0 0 0 1.075831696391106 0.2053508907556534 0.2796871215105057 0.08851660788059235 0 0.09505952149629593 0 0 0 0 25.10142807662487 0.1955012604594231 0 0.201947994530201 0 0 0 0 0.7040102928876877 1.027316860854626 211.8831900060177 2083.969824887812 18.14806120097637 8.728152647614479 0 0 0 11.85220133513212 0.7998218610882759 0.2387132346630096 0.06458334624767303 0.4041420295834541 0 0 14.05132701992989 3.06300350278616 0 265.8626066148281 132.2742290198803 48.17608619853854 7.661824747920036 0.3249068781733513 0.1866175979375839 0.4957650229334831 0.0888933464884758 0.4510862752795219 2.956248939037323 0 0.4184688031673431 0.8969811946153641 0.1077233925461769 0 0 0 0 0 0.09261639416217804 0 0.2017585709691048 61.20591481029987 4.592189371585846 0.1361081302165985 0.910281628370285 967.1198713034391 0 0 0 0.7716031670570374 0 0.3481439054012299 0.3299785256385803 0.2865997180342674 1.068324163556099 0 0 1.836613833904266 3.112717643380165 1.829078383743763 1.691953785717487 0 0 0 0 0 0 0 0 0 0 0 0 0 0 0 0 0 0 0 0 0.2620991766452789 0 0 0 0.2809437215328217 0 2.039621822535992 0 0.1161153465509415 0 0 0 0 0 0 0 0 0 0 0 0 0.3667832314968109 0 0 0 0 0 0.09896496683359146 0 0 0 0.6396267116069794 0 0 0 0 0 0 0 0 0 1.953626051545143 0.2718043327331543 0 0 0 0.3333980292081833 2.325529500842094 0.2497751712799072 0.1377195864915848 0 0 0 0 0 0 0 0 0 0 0 0 0.9418562054634094 1.349438056349754 0.3425751030445099 94.63349305838346 3.505478031933308 62.41100854426622 9.440390512347221 911.9343357384205 8.451932914555073 2.425260670483112 3.800532780587673 0.3189608827233315 0 0.7906229346990585 0 7.823024034500122 0 0 0 1.371341347694397 0
2295.201294891536 0 2062.313124164939 728.3285133168101 3858.039892613888 491.8733512088656 4499.325118411332 62.46558467298746 1902.398296751082 671.7114932015538 779.3084909245372 87.85464386641979 1012.096890866756 638.269355237484 41.61938318610191 11.04765224456787 0.3483087122440338 0 0 0.2378940656781197 0.4370080530643463 0 0 0 0 0.2665627598762512 0.1341288238763809 0.1551982760429382 0.6938197836279869 0.1282806843519211 2264.902277871966 14.48766165226698 1.582558020949364 0 0 0 1.492408633232117 0.4833509474992752 1.507416523993015 0.6108871400356293 0.09190204739570618 0.4525144994258881 0.09166017174720764 1.16689782589674 0.3047300204634666 0.2415774315595627 172.9150472134352 2.191354885697365 0.1353225708007812 0.5621957257390022 0.2278928458690643 0.8090337514877319 0 1.063423909246922 1.932077385485172 3.22258672490716 116.3366988003254 1501.194592006505 21.63764317333698 32.68044888228178 0.3529424443840981 0.7361694276332855 0.1369955986738205 119.9840064570308 2.447231635451317 0.8033552914857864 0.3180607855319977 1.080165237188339 0.4112269431352615 0.3855183720588684 5.817627087235451 2.378675945103168 0 379.2557229995728 335.9091115221381 244.9257863461971 63.43050089478493 6.023669473826885 0.4225587919354439 4.668176487088203 0.1774898543953896 0.9968432858586311 13.56419491767883 0.3864770084619522 2.205160330981016 2.92041390016675 0.7980999797582626 0 0.3782680109143257 0 0 0 0.5023205131292343 0.2232009023427963 0.2305682227015495 53.48213046789169 2.200814642012119 0 1.152298048138618 695.3880465254188 0 0 0.5029169917106628 0 0 0.6492364406585693 0.6858558058738708 0.9166591763496399 0.4181040376424789 1.85326711833477 0.6697767078876495 7.578427501022816 11.41077842563391 7.147476859390736 4.788097202777863 0.6870123147964478 0 0 0 0 0 0 0 0.1912914365530014 0 0 0 0 0 0 0 0 0 0 0 1.252239391207695 0 0 0 1.075847931206226 0.7805750221014023 2.276447080075741 0 0.2723432555794716 0 0 0 0 0.2769134342670441 0 0 0.1306760758161545 0.2927937507629395 0 0.1360740810632706 0 0 0 0 0 0 0 0.613321989774704 0 0 0.1160210743546486 1.187944650650024 0.191476583480835 0 0 0 0 0 0.07357553392648697 0 0 5.005892142653465 0 0 0 0 2.33558627218008 4.648719981312752 1.597511127591133 0.3928873986005783 0 0 0 0 0 0 0 0 0 0 0 0 3.231124699115753 3.647048614919186 1.046830549836159 192.707897901535 15.63406113535166 207.2354530319571 27.1835624948144 1028.766154941171 27.38593821972609 5.884355999529362 20.6739069595933 2.844088800251484 0.141641691327095 0.2146375849843025 0.1031039357185364 9.109597697854042 0 0 0.4157799631357193 0.3031785637140274 0
196.6706309244037 2062.313124164939 0 27.41260313242674 1502.068006642163 10.76596634089947 653.1546941921115 1229.610384590924 1715.561472550035 67.64359124004841 3195.609603263438 61.58823610842228 702.311817266047 1041.913279175758 32.39721771329641 24.22233419120312 6.674252808094025 5.611763097345829 1.077721692621708 6.313042543828487 25.83871626853943 0.4081529751420021 2.003926113247871 0.463499441742897 1.026163667440414 0.5275178849697113 0.2678283601999283 0.7796171009540558 0.2654718086123466 0.1370359808206558 5111.567220240831 891.8442949354649 21.16998369246721 6.060527086257935 0.9374008178710938 2.819445751607418 18.41486871987581 2.770168416202068 1.231452211737633 1.620696246623993 26.1098590567708 10.88506709039211 15.89610894024372 12.25963564962149 5.155660890042782 8.510854698717594 57.3344856724143 2.22975630313158 2.674177475273609 12.18558638542891 1.311304241418839 0.3384125083684921 0.3409394919872284 4.200573787093163 0.7535795569419861 1.144937083125114 32.90616927295923 1052.824501618743 7.670092187821865 8.594422243535519 34.24811585247517 20.51625198125839 3.229402907192707 810.3525169044733 0.5089597254991531 0.3814740553498268 0.138879805803299 2.741654276847839 26.26928616315126 53.56166084855795 23.9348751232028 12.15665207803249 0.1341728121042252 120.5796747133136 264.4014429375529 101.3361823186278 85.45206551998854 30.10931602120399 583.5509487837553 392.8369229659438 140.1181178241968 313.9039080366492 3.038223080337048 0 0.1988234668970108 1.029171027243137 9.130183912813663 0.08038940280675888 0 0.1321213841438293 0.4922910630702972 0.3497392386198044 22.28379245102406 0.2959259077906609 4.562874317169189 39.19455825537443 8.372635424137115 1.317145153880119 2.73833005875349 79.97349370270967 0 0.5820834636688232 0 0.4866838455200195 0 1.00115279853344 0.7756935656070709 0 0.9079368710517883 1.30337330698967 1.506531849503517 6.704446576535702 8.836649991571903 8.363749049603939 7.173438005149364 0 0 0 0 0 0 0.1085832417011261 0.132826030254364 0 0.1238986998796463 0.1974655985832214 0 0.499236173927784 0.2452698945999146 0.3706232756376266 0 0.2784073948860168 0.3210956901311874 0 0.5749469250440598 0.7346838861703873 0.104764387011528 0.3863443732261658 0 1.994175158441067 2.003035873174667 5.784012719988823 1.201891854405403 1.991989590227604 0 0 0 0 0.1057895496487617 0.1494113206863403 0 0.1702692657709122 0.7334785461425781 0 0 0 0.5767815187573433 0.5953492820262909 0 0 0 0 0 0 0.2237473577260971 0.600775808095932 2.874634012579918 0.1320489794015884 0.1755903661251068 0 0 0 0 0 0.1155546978116035 0 6.306237772107124 1.754053674638271 0 0 0 3.336446590721607 5.592636331915855 2.314718306064606 0.4345961138606071 0.1795369237661362 0.234330989420414 0 0 0 0 0 0 0 0 0.2492671310901642 0 2.392161667346954 8.385489962995052 3.133227579295635 79.63509404659271 7.796045489609241 77.11007250100374 11.35441912710667 90.78989393264055 7.46455829590559 1.479058630764484 14.28361417353153 3.967900902032852 0.1144543215632439 1.442161828279495 0.1774675771594048 3.144166395068169 0.09615232795476913 0 0.388963557779789 0.7222321704030037 0
1040.966517180204 728.3285133168101 27.41260313242674 0 37.19339103996754 547.1575124263763 645.7430054247379 0.7232599779963493 76.86956844478846 1799.983391977847 6.039990775287151 295.8183040544391 2183.628990389407 107.8645797893405 11.26667024940252 2.315090365707874 0 0.1020025983452797 0 0.134996771812439 0 0 0 0 0 0.2238109111785889 0 0 0.113299660384655 0 63.67881305515766 1.853704087436199 0.3691966533660889 0 0 0.1893184334039688 0.08729314804077148 0.09360356628894806 0.2128638401627541 0 0.1642022430896759 0.1050871014595032 0 0.1423391103744507 0 0 45.09288897365332 0.6962562277913094 0.1177771538496017 0.08421160280704498 0 0 0 0.2970513552427292 0.6946396678686142 0.6556356996297836 22.56781064718962 205.429342739284 5.644223563373089 8.484517857432365 0 0 0 23.36969170719385 0.5424948036670685 0.3138527497649193 0 0.07891467213630676 0 0 4.898186758160591 0 0.1292766183614731 84.73331097513437 58.63201344758272 58.86077957600355 14.90921066701412 0.5545726269483566 0.1196659132838249 0.2465084865689278 0 0.2157566547393799 4.32783655077219 0 0.2837508469820023 0.5839981287717819 0.2308252453804016 0 0 0 0.09261126071214676 0 0 0 0.1184577569365501 30.52401858568192 0.3007422089576721 0 0.3466939181089401 133.9445204213262 0.2742636799812317 0 0 0 0 0 0 0.1506265699863434 0 0.8042529225349426 0 1.256864354014397 1.853223249316216 3.500850632786751 1.104023702442646 0 0 0 0 0 0 0 0 0 0 0 0 0 0 0 0 0 0 0 0 0 0 0 0.08470083028078079 0.4406149387359619 0.2713720202445984 0.1137410402297974 0 0 0 0 0 0 0.1035273969173431 0 0 0 0.6085820943117142 0 0 0 0 0 0 0 0 0 0 0 0.3060036897659302 0 1.152907401323318 0 0 0 0 0 0 0 0 0 1.319308988749981 0.5040273070335388 0 0 0 0.7526411116123199 1.190415009856224 0.6584341675043106 0.3951248228549957 0 0 0 0 0 0 0 0 0 0 0 0 0.9859838038682938 0 0.1131405830383301 75.05199725180864 3.717770755290985 56.42520488798618 5.097971610724926 697.1494567021728 6.909124299883842 1.111717537045479 6.097083747386932 0.2645946815609932 0 0 0 6.806615993380547 0 0 0.2407137602567673 0.4866434931755066 0
316.8006556332111 3858.039892613888 1502.068006642163 37.19339103996754 0 23.58621218055487 3055.203168079257 49.03941188752651 3706.915003683418 71.07691865414381 874.6904420405626 39.13176988065243 439.8146658241749 687.9299897551537 17.57043498754501 6.56158072501421 0.09650071710348129 0.3197295889258385 0 0 0.2444912865757942 0 0 0 0 0.23216562718153 0 0.09682463854551315 0.204086072742939 0 316.6092084571719 10.06878148764372 1.3635109141469 0 0 0.08667729049921036 0.3002634048461914 0.4718035608530045 0.5188531801104546 0.07126016914844513 0 0.2694985419511795 0.1062556430697441 0.4223178699612617 0 0.2927522510290146 63.91906460374594 0.5505402386188507 0.1140314713120461 0.2109353393316269 0.06385834515094757 0 0.2301045134663582 0.5098152309656143 0.4590144604444504 1.479651898145676 14.6532948166132 193.9169608354568 3.440278299152851 12.29201599210501 0.4344745501875877 0.7030541002750397 0.08222616463899612 52.06207967549562 1.099931202828884 0.4661819413304329 0.05719559639692307 0.6662340760231018 0.2422610521316528 0.1236710995435715 2.940133415162563 1.727536156773567 0 81.76179494708776 87.91692271083593 93.10873906314373 31.7951004691422 3.108310505747795 0.5202093347907066 1.154121167957783 0.1008544266223907 0.3987480998039246 3.844571515917778 0.2818609476089478 0.6632258743047714 0.6943845599889755 0.6636102348566055 0 0.08717835694551468 0 0.07689704746007919 0 0.09830909967422485 0 0.2093430608510971 17.74954781681299 0.6418326050043106 0 0.9110173732042313 31.0403261706233 0 0 0 0 0.2678508013486862 0.3382634222507477 0.2130724638700485 0.191548079252243 0.1766833961009979 1.438901647925377 0.4072264581918716 2.002975828945637 3.183152616024017 4.401951968669891 2.928401358425617 0 0 0 0 0 0 0 0 0 0 0 0 0.1131291911005974 0 0 0 0 0 0 0.1354794949293137 0.4027110412716866 0 0 0 0.1356607228517532 0.4978162571787834 1.337233603000641 0 0 0 0 0 0 0 0 0 0 0.1425543874502182 0 0.1384562402963638 0 0 0 0 0 0 0.1957918554544449 0 0 0 0.1020103022456169 1.168573707342148 0 0 0.1753711849451065 0 0 0 0 0 0 3.063464514911175 0 0 0 0 0.9944426193833351 2.229753874242306 0.3607962280511856 0 0 0.1828408539295197 0 0 0 0 0 0 0 0 0 0 1.030329868197441 2.621794946491718 0.3688962385058403 57.10191802680492 7.570115812122822 67.03495707735419 9.103432446718216 83.79247757047415 11.67200127989054 2.270202100276947 8.680271863937378 1.332525238394737 0 0.2057496011257172 0 3.099681340157986 0 0.1050631627440453 0 0.8087598532438278 0
140.139426112175 491.8733512088656 10.76596634089947 547.1575124263763 23.58621218055487 0 173.7561775222421 1.555566936731339 15.72256594896317 639.532815232873 5.037486724555492 156.6135752946138 208.5563166737556 26.25681033730507 0.962444856762886 0 0 0 0 0 0 0 0 0 0 0 0 0 0 0 10.95111414790154 0.1296467483043671 4.020581297576427 0 0 0 6.572606444358826 0.2876612842082977 1.730718374252319 0 0 0 0 0 0 0 3.730741389095783 0.08521590381860733 0 0 0 2.046242699027061 0 0 0 0 154.4760113805532 56.65100954473019 0 0.5169557854533195 0 0.8703816533088684 0 0.3128970265388489 0 0 0 0 0 0 132.4172697216272 35.34359273314476 1.231458991765976 18.16923893243074 12.7898683026433 4.642488591372967 0.4021782800555229 0.09414589405059814 0 0.598967120051384 0 0 0.08713747560977936 0 0 0.291619136929512 0 0.7164043635129929 0.5655120760202408 2.702369198203087 0.2994225323200226 0.4027407020330429 0 0 0 161.6733973622322 61.02480240166187 8.31886950135231 11.96284756064415 463.507075458765 0 0 0 0 0 0 0 0.1818515360355377 0.3484469056129456 0.259071558713913 0 0.3865846991539001 1.22845296561718 1.297916531562805 0.8668881803750992 0 0 0 0 0 0 0 0 0 0 0 0 0 0 0 0 0 0 0 0 0.4377790987491608 0 0 0 0.3107109665870667 0 0 0.2197165191173553 0.1913165003061295 0 0 0 0 0 0 0 0 0 0 0 0 0 0 0 0 0 0 0 0 0 0 0 0 0 0 0 0 0 0 0 0 0.1605180203914642 0.8879155516624451 0 0 0 0 0.7246837615966797 0.2606094181537628 0 0 0 0 0.2496665120124817 0 0 0 0 0 0 0 0 0 0.9912225306034088 0 16.59675563126802 0.4938338175415993 7.479280531406403 1.015397511422634 357.1982586309314 0.8788908869028091 0 0.4730193465948105 1.370824038982391 0 0 0 0.8723723888397217 0 0 0 0 0
755.5525071173906 4499.325118411332 653.1546941921115 645.7430054247379 3055.203168079257 173.7561775222421 0 70.72463149577379 3395.570216950029 1554.378505341709 690.0518220439553 248.2163827121258 1951.520806699991 365.7581291720271 107.7276518717408 28.82573953270912 0.6484536901116371 0.44175024330616 0.2501447126269341 0.09622076898813248 0.3576866760849953 0.09256868809461594 0 0.0745544508099556 0.2952428758144379 0.9609706774353981 0.1571943014860153 0.3550218492746353 1.70638419687748 0.2496071830391884 494.6348699331284 30.64534442871809 2.339775487780571 0.5626925304532051 0.2267028391361237 0.431015707552433 5.118744939565659 0.998764380812645 0.7809982150793076 1.699576564133167 0.8541902005672455 1.449438244104385 0.2445419952273369 3.537513628602028 0.5149096697568893 0.9357649013400078 376.0032843351364 4.166781432926655 0.5290398970246315 0.829864464700222 1.209564164280891 0.1814314126968384 0.1860415786504745 1.21758721768856 3.493303775787354 6.182461693882942 62.78226637095213 589.1303013786674 18.53933256864548 62.59980237483978 1.17169451713562 1.364961855113506 0.2873153388500214 266.2880427911878 3.995085034519434 1.838923878967762 0.8683423101902008 1.284975156188011 0.5833723619580269 1.075780540704727 8.687906436622143 5.359914667904377 0 371.652141712606 384.0802616328001 494.7222981825471 163.8415667340159 13.6267051845789 1.098364651203156 4.105486042797565 0.7385640889406204 3.96320153772831 21.96555490791798 0.7498404458165169 2.069880522787571 5.423276994377375 2.489275507628918 0.1828800216317177 0.573831282556057 0.08807636797428131 0 0.08718637377023697 0.8099473863840103 0.1167259886860847 2.198927238583565 81.8313467875123 4.687735229730606 0.1116733849048615 2.980894885957241 61.77453415840864 0.5664517283439636 0.1160390749573708 5.279999017715454 2.950128048658371 0.5046383887529373 4.161020323634148 1.668922379612923 1.752791345119476 15.54495470225811 3.815974846482277 0.8582503497600555 7.905137553811073 11.58602070063353 12.69043760001659 6.360468380153179 0 0 0 0 0 0 0 0 0 0 0 0 0.1231692135334015 0 0 0 0.09927146881818771 0 0 0.4779349640011787 1.78168497979641 0 0.186760738492012 0 1.491245850920677 1.220464110374451 3.346416749060154 0.1133673191070557 0 0 0 0 0.1293594986200333 0 0.2069300562143326 0 0.2692484110593796 1.49652586877346 0 0 0 0 0.2857941687107086 0 0 0 0.5585211887955666 0.3613292127847672 0 0.101337306201458 0.4869731962680817 4.245704792439938 0.3343692719936371 0 0 0 0.08311951160430908 0 0 0 0 7.939090639352798 0.0896291509270668 0 0 0.09636060148477554 2.498622007668018 4.859945029020309 1.449777401983738 0.4069833680987358 0.4851674661040306 0.5790879428386688 0.162032887339592 0 0 0 0 0 0 0 0 0 4.005696922540665 3.059271492063999 1.298672504723072 367.0174472182989 35.48063012212515 374.1219483911991 49.99512815475464 477.5614609494805 44.25101986527443 8.653947368264198 52.49229864031076 6.325521737337112 0 1.732232309877872 0.3459613770246506 12.91838482022285 0 0.08551862835884094 0.380882129073143 1.582898385822773 0
2.024926230311394 62.46558467298746 1229.610384590924 0.7232599779963493 49.03941188752651 1.555566936731339 70.72463149577379 0 453.9290956109762 26.18748941272497 3750.210959814489 21.9987987279892 730.9673300459981 2007.398205935955 47.39813429117203 42.39437452703714 5.945740208029747 4.229454800486565 1.539384745061398 12.11478316038847 42.10571935027838 0.1205696910619736 2.094603642821312 2.248666971921921 1.517257332801819 0.8696258813142776 1.331048168241978 2.028711408376694 0.6531148999929428 0.3279408812522888 939.8577576950192 826.7771805599332 88.45752512663603 8.686223678290844 2.324873864650726 15.33353853225708 41.74737519770861 7.933633036911488 5.157113239169121 3.39643644541502 42.33494148403406 9.558158919215202 20.33068916201591 23.76132865995169 7.69284063577652 16.4185943081975 82.14834366738796 1.55111475288868 4.462393760681152 14.93928779661655 3.163403436541557 0.6159550622105598 0.5897554457187653 5.626271352171898 0.1941287070512772 0.2772233262658119 7.956437990069389 207.5170219168067 2.56911513209343 5.707978203892708 104.9667032957077 59.8183266222477 6.54298510402441 296.3847521916032 0.3421957716345787 0.1629998311400414 0 3.333159267902374 35.16888559609652 93.13759659230709 48.87671100348234 31.90549510717392 0.5781536176800728 45.6647616699338 113.4699514806271 97.99556086212397 135.9460158273578 86.83369935303926 1230.538307078183 1384.256761029363 424.13461471349 755.0888431221247 2.274890162050724 0.1188206449151039 0 0.550209604203701 11.59539516270161 0 0 0.1148800179362297 0.1180720925331116 0.1129615604877472 34.45774611830711 0.548708900809288 6.041259065270424 63.3372930213809 26.49567120522261 0.885808065533638 2.820297561585903 6.68693034350872 0.2945917546749115 0 0 0 0 0.1377119868993759 0 0.6210903227329254 1.127972364425659 1.731950759887695 1.368087023496628 8.321173690259457 9.84269043058157 12.24558413028717 9.784968629479408 0 0.1040779575705528 0 0 0 0 0.1305140554904938 0 0 0 0 0.1782329976558685 1.641459435224533 0.3571434319019318 0.1340904086828232 0.5987234115600586 0.2226587161421776 0.1779197305440903 0 0.2125246971845627 2.712322369217873 0 0 0 3.302806034684181 5.248791567981243 9.581292413175106 1.168188877403736 2.036908723413944 0 0 0.4516580700874329 0 0.2211561650037766 0.297211155295372 0 0.2901858687400818 1.161818712949753 0.1717933267354965 0 0 0.5418741405010223 0.3833861947059631 0 0 0.1323801577091217 0.113711766898632 0 0.5674991607666016 0.6977322846651077 2.250681914389133 6.809831023216248 0.1197306364774704 0 0 0 0 0.3246777057647705 0 0.1190824061632156 0.9581703618168831 8.266047075390816 3.564322479069233 0.1402921229600906 0 0 5.244649931788445 10.54189740866423 4.64362421631813 1.668733954429626 0.282297670841217 0.5413547456264496 0 0.09940369427204132 0 0 0 0 0 0 0.1205778121948242 0 2.914166256785393 6.482530727982521 4.342526033520699 149.6007974073291 12.14312184602022 96.31273777037859 12.21728713810444 39.65533586591482 8.648702189326286 1.141739793121815 21.91388658434153 4.826033197343349 0 3.237145863473415 0.3331439346075058 10.17644680291414 0.1233217269182205 0.9718460738658905 0.5455252528190613 0.7152075469493866 0.09343880414962769
176.7075514867902 1902.398296751082 1715.561472550035 76.86956844478846 3706.915003683418 15.72256594896317 3395.570216950029 453.9290956109762 0 215.4985428750515 2634.309329725802 140.825543962419 2177.707377038896 1835.946472153068 67.06401090323925 21.28102250397205 0.365931048989296 0.3042999505996704 0.09103544056415558 0.1971916258335114 0.7840367779135704 0 0 0.1101451590657234 0 1.063375368714333 0 0.2080227732658386 0.4685527086257935 0.1243603155016899 418.7675784304738 30.32199091464281 3.26694580167532 0.1263117045164108 0.09648596495389938 0.1756143271923065 3.690215140581131 0.2082105353474617 0.7508434504270554 0.4594141766428947 0.1845458894968033 0.9328764081001282 0.2461508363485336 2.425985909998417 0.1770682036876678 0.1152588576078415 164.3683767355978 1.352702118456364 0.2497406378388405 0.557120718061924 0.7125339582562447 0.4080336764454842 0.1861502751708031 0.7373387068510056 1.537904635071754 2.470249272882938 20.96000372618437 264.1744617819786 6.001683793962002 22.48437237739563 0.8707806393504143 0.3091004341840744 0.1824671477079391 115.6843995153904 1.321982681751251 0.7571768239140511 0.1076966226100922 0.6161471903324127 0.698001816868782 1.698395803570747 11.92920250445604 5.21653264015913 0 119.3435668461025 138.7536777630448 198.8286106139421 89.45230101794004 16.41275504976511 2.906789220869541 9.852028802037239 0.5515254810452461 1.337921515107155 8.806108824908733 0.5382770448923111 0.9216072931885719 1.632880415767431 1.146496064960957 0 0.06991297006607056 0 0.1075247898697853 0.2344421595335007 0.8968836292624474 0.1296119689941406 1.576798625290394 81.34979204833508 5.683453924953938 0.1320491880178452 1.252946116030216 30.56367863714695 0 0 0.2851200103759766 0.3219099342823029 0 1.094417601823807 1.08008685708046 0.6364721357822418 2.75129297375679 5.755230352282524 1.589081764221191 11.18065739423037 14.57043915241957 14.15981780737638 11.57496793568134 0 0 0 0 0 0 0 0 0 0 0 0 0.09726965427398682 0 0 0 0 0 0 0.4851703941822052 2.972562417387962 0 0.4215404093265533 0 2.689794801175594 0.8145500645041466 6.169847697019577 0 0.355260081589222 0 0 0 0 0 0 0 0.1499629318714142 0.4039251357316971 0 0 0 0 0 0 0 0 0.4235325008630753 0.2914891839027405 0 0.09646459668874741 0.2174677103757858 2.561733826994896 0 0 0 0 0 0 0 0 0 12.30813303589821 0.4628166854381561 0 0 0.190528079867363 6.138612799346447 8.80128762871027 3.398878164589405 1.120456576347351 0 1.070266634225845 0.1406685560941696 0 0 0 0 0 0 0 0 0 6.914340168237686 7.176606826484203 0.4284560456871986 164.4782037436962 17.52171455696225 151.7292771488428 24.75036314129829 123.8260333314538 20.28827165812254 3.603683963418007 30.9481855481863 2.208106502890587 0.1992150172591209 0.7322805970907211 0.5855760872364044 8.511715367436409 0 0 0.1366573572158813 0.8785739466547966 0
1053.636779896915 671.7114932015538 67.64359124004841 1799.983391977847 71.07691865414381 639.532815232873 1554.378505341709 26.18748941272497 215.4985428750515 0 59.72385607659817 729.0182511508465 6158.10998403281 253.013099424541 48.07392007857561 13.73866706341505 0.2996221482753754 0 0 0.1439003646373749 0.3922661393880844 1.508777618408203 0 0 0.2797868102788925 0.2114349007606506 0 0 0.07820820808410645 0 81.19008405506611 15.52515668421984 10.1334835588932 0 0 0.2062501162290573 12.41215436160564 0.2070504948496819 0.8466136455535889 0.3087996542453766 0.1572436094284058 0.6348669677972794 0.1951981708407402 0.473825216293335 0.2136558815836906 0.4639804512262344 147.7747874483466 0.2732450217008591 0.5243844091892242 0.2129569575190544 0.24273432046175 0.2252655625343323 0 0 0.3977568969130516 1.481594480574131 41.72266882658005 187.2386211901903 5.680161699652672 18.4124484360218 0.2942004352807999 0.08505980670452118 0.2847618758678436 65.92233923077583 1.149754706770182 0.3085483834147453 0 0.08647869527339935 0.5461001545190811 0.5078092813491821 228.346283197403 25.34531843662262 0.3497985899448395 129.4664321541786 107.5693775862455 158.1119439378381 54.0044401884079 7.319465398788452 0.4551141262054443 1.29425223171711 0.2108530849218369 0.2244182154536247 7.7332898452878 0 0.5778734982013702 1.486683692783117 0.7040175795555115 0 0.156228207051754 0 0 0 0.07894361019134521 0 0.6718097329139709 369.0317352861166 153.3346602022648 2.734522238373756 27.77340078353882 305.0468760207295 5.076127141714096 15.53320819139481 38.92706298828125 25.52868804335594 0.399512842297554 10.32477401942015 18.23195534944534 1.818702936172485 16.07424311339855 33.19837022572756 4.204027459025383 47.31126867979765 59.02405804395676 43.76921109855175 23.6729522049427 0 0 0 0 0 0 0 0 0 0 0 0 0.3804788589477539 0 0 0 0 0 0 0.515960231423378 5.044399559497833 0 0.4170080125331879 0.2180395722389221 3.2872349396348 1.239801116287708 10.25686069577932 0.3988319784402847 0.5119929611682892 0 0 0.1331524699926376 0.7167761474847794 0 0 0 0.4690273404121399 3.460392817854881 0 0.2088997215032578 0 0.5450500249862671 0 0 0.1119546517729759 0.1699276864528656 1.330326922237873 2.942591346800327 0 0 0.6369012445211411 10.37995788455009 0.4366611987352371 0.1889923065900803 0.115588404238224 0 0 0 0 0 0.2549723982810974 18.89380089938641 0.2781053185462952 0 0 0 9.986355654895306 14.48933298885822 6.379306234419346 2.189959302544594 0.5193802863359451 1.330414697527885 0.4030675292015076 0.7436890602111816 0 0 0 0 0 0 0 0 24.98892682790756 8.791403785347939 1.707658782601357 374.8833208233118 11.1153896972537 177.11191739887 18.22481054067612 1190.198049120605 16.80456944555044 1.329182632267475 32.76974809169769 7.292321369051933 0.3662528991699219 4.826742649078369 0.7577793598175049 86.35992690175772 0.863669216632843 0 0.690394252538681 15.55781674385071 0.173162117600441
46.96573255211115 779.3084909245372 3195.609603263438 6.039990775287151 874.6904420405626 5.037486724555492 690.0518220439553 3750.210959814489 2634.309329725802 59.72385607659817 0 88.89844069629908 2031.827832140028 5686.284523993731 111.5577763542533 80.91997881233692 5.755386412143707 1.218790426850319 0.2989446222782135 3.167391799390316 8.478458061814308 0 0.7075478434562683 0.4441593065857887 1.214232191443443 0.5354843363165855 0.4314198046922684 0.5569657161831856 1.067194387316704 0.1032642722129822 822.5848184898496 453.6214562281966 1769.448514029384 1.886702798306942 0.31966183334589 9.743297629058361 245.9240554273129 8.842295631766319 10.91622573137283 5.034390769898891 18.07696297764778 3.677860766649246 6.696061499416828 21.58612012118101 1.948075547814369 3.309156477451324 162.527521930635 1.379751116037369 1.503187708556652 4.071664154529572 1.443061172962189 0.8095118477940559 0.7805535867810249 2.411328732967377 1.214340634644032 1.933092050254345 17.71704550087452 318.2282094210386 5.151062123477459 17.39426444470882 10.79258655011654 192.1567105129361 2.463583126664162 240.6975333690643 0.6554399579763412 1.090941555798054 0.1334984302520752 1.922851800918579 16.2129670381546 30.45804092288017 328.3479159623384 11.68126821517944 0 96.21232087910175 165.9341408833861 204.9522459730506 148.8464819192886 80.77653076499701 395.6205129176378 550.5436219200492 9.501919835805893 99.64030426740646 7.404763951897621 0 1.231142848730087 1.107743453234434 3.46764799207449 0.2365333139896393 0.1662231832742691 0 0.08819703757762909 0.1128860861063004 11.88403934985399 0 3.717388167977333 33.96247582137585 11.58619303256273 0.3213558420538902 6.994590140879154 18.96527347713709 0 0 0 0 0.1948979645967484 1.231721132993698 0 0 0.7168736383318901 1.012607276439667 0.161151334643364 3.191598407924175 5.698664173483849 7.384426072239876 5.727007709443569 0.2260050401091576 0 0 0 0.09182274341583252 0 0 0 0 0.1884813457727432 0 0.1427532136440277 0.9963168054819107 0 0 0.4482675194740295 0.2216369658708572 0 0 0.1515162140130997 0.2125093787908554 0 0.1980705410242081 0.2379204258322716 2.835603594779968 1.076436586678028 5.01293071359396 0.9516827538609505 1.276065513491631 0 0 0 0 0.1348988711833954 0.1119262501597404 0 0 0.3955992683768272 0 0 0 0.2281757146120071 0.514729879796505 0 0 0 0.1262579560279846 0.1229006201028824 0 0.09510575234889984 0.6712882667779922 1.88867212831974 0 0 0 0 0 0 0.1906254291534424 0 0 5.638723164796829 1.68972323089838 0 0 0 1.074564777314663 5.104352951049805 2.068692922592163 0.3828494772315025 0 0 0 0.1080829203128815 0 0 0 0 0 0 0 0 3.629098072648048 4.188279196619987 2.782358594238758 240.8254795819521 19.13788115978241 184.4562439322472 36.29049410670996 77.03834612667561 19.07887727022171 5.139244094491005 47.18872293829918 1.958890400826931 0 1.289864398539066 0.1776957362890244 6.241491086781025 0.280899316072464 0 0.9108504205942154 1.379097007215023 0.1833752989768982
118.0593789294362 87.85464386641979 61.58823610842228 295.8183040544391 39.13176988065243 156.6135752946138 248.2163827121258 21.9987987279892 140.825543962419 729.0182511508465 88.89844069629908 0 3608.010205291212 175.3775959536433 73.22272501140833 51.84255417436361 3.697645090520382 0.6291490718722343 0.13217893242836 0.5606700778007507 0.5856333896517754 0 0 0 0.344173863530159 0.6220492422580719 0.1743028312921524 0.1011623814702034 0 0.1281241178512573 38.42869161814451 20.92984122782946 33.80289253592491 0 0 0.5107881426811218 150.8197841048241 1.457301937043667 4.074209205806255 1.637878522276878 1.750916957855225 1.280846834182739 0.9421658217906952 15.99000097066164 0.4438027963042259 1.924662314355373 133.7367285713553 0.5692653432488441 0.1276888698339462 0.8802019581198692 0.5612755492329597 0.6189400553703308 0.1239223033189774 1.053442254662514 1.027990639209747 0.6884424313902855 5.40263406932354 32.00915276259184 0.8622640445828438 8.616031296551228 4.55880481004715 9.255549743771553 0.2374416887760162 47.25910079479218 0.4737019762396812 0.7542167976498604 0.3891724199056625 0.2361726984381676 1.970392629504204 4.740733571350574 225.6030618324876 66.9642186909914 0 37.54102721065283 33.27515417337418 103.6376170739532 66.96263034641743 46.12415581941605 2.065384805202484 19.19696166366339 3.071567364037037 5.593085579574108 4.658826254308224 0 0.2872808054089546 0.5691844895482063 0.528847761452198 0.3248557671904564 0.4032453447580338 0.7730142176151276 0.08552463352680206 0 2.76702219247818 0.3693649247288704 0.6538958624005318 2161.162631750107 71.17512594908476 3.105685442686081 9.253601633012295 39.71130545437336 1.174169465899467 3.9742231965065 1.543231561779976 1.701583012938499 3.673895388841629 11.06078457832336 17.61940045654774 8.055251091718674 21.22336353361607 37.00373052060604 17.39033994078636 128.7720209509134 160.7591885104775 192.6269615367055 84.91267316788435 0.6265207156538963 0.2264027148485184 0 0.7915015071630478 0 0 0.2140036225318909 0 0.1956831961870193 0 0 0.2262063324451447 1.002128571271896 0 0.5371962189674377 0 0.1466753929853439 0.2543269097805023 0.4508026838302612 3.487505540251732 16.74748586863279 0 0.1590807735919952 0 21.04938874393702 5.403372518718243 34.73625083267689 0.7580408751964569 1.164173878729343 0 0 0 1.121219903230667 1.172561764717102 0 0 2.397309079766273 6.912190236151218 0 0 0 0.2436394840478897 0.1789416521787643 0.2362334802746773 0.1512976884841919 0.1311350017786026 1.793517507612705 6.249837100505829 0 0.1184973567724228 3.617784790694714 33.20571970939636 0.7513940036296844 0.1046079695224762 0.4703573733568192 0.09854324162006378 0 0.1354022920131683 0 0 0.5713158771395683 81.82975581288338 3.792231976985931 0 0 0 35.40257972478867 53.2239376604557 20.03770881146193 9.952499866485596 5.105351850390434 5.753867849707603 1.73180179297924 2.488335728645325 0 0.2953053414821625 0 0 0.1890395358204842 0 0.1231377422809601 0 69.23728191107512 45.49051842093468 7.411865718662739 307.4766678214073 14.14150215685368 166.159195676446 25.17963314056396 396.6871190518141 17.08466057479382 3.530542895197868 48.37005219608545 32.37125841528177 1.343676678836346 15.96511835604906 1.819335974752903 171.844844147563 1.368978321552277 1.782423257827759 2.780577205121517 6.746012918651104 0.2541407346725464
509.247910477221 1012.096890866756 702.311817266047 2183.628990389407 439.8146658241749 208.5563166737556 1951.520806699991 730.9673300459981 2177.707377038896 6158.10998403281 2031.827832140028 3608.010205291212 0 2982.406832549721 329.2840143963695 235.8250999748707 12.44121568650007 2.163544610142708 0.5351495891809464 2.56772780418396 4.393646828830242 2.342192322015762 0 0.2380623742938042 0.3656534850597382 2.327233992516994 0.3966841995716095 2.89503238350153 4.752332866191864 0.5192013084888458 335.4561719745398 108.1102327331901 742.1893233731389 1.570975780487061 0.3524020910263062 5.212515644729137 451.128095433116 4.810390420258045 37.9647848084569 7.303868800401688 11.17753675580025 5.9166359603405 4.150816045701504 62.11024525016546 1.663681276142597 6.150116086006165 471.1583675965667 1.687992230057716 1.115738183259964 4.609813138842583 0.934481292963028 1.165612071752548 5.778095185756683 3.808950781822205 2.039910480380058 5.515715539455414 20.04441291093826 203.4834877029061 8.660989679396152 40.53908371180296 14.36461575329304 63.18338212370872 2.839239671826363 257.4536482542753 3.208547361195087 2.652943983674049 0.3978297412395477 1.774002656340599 10.12018027901649 15.38430195301771 549.8753060847521 93.27464224398136 0 162.7833300456405 181.9474074542522 453.3949600383639 310.800276748836 224.391715310514 17.26425392925739 172.2334328368306 11.61024331301451 38.08846412599087 19.36160721629858 0.7384062930941582 2.034533873200417 3.728222247213125 6.735369302332401 0.3090198487043381 0.3796434551477432 1.080456048250198 0.5483781173825264 0.3687484487891197 7.067392125725746 1.164035372436047 4.240332663059235 1956.849423989654 130.9075919538736 2.113779991865158 39.36454632133245 37.63096559792757 2.799938447773457 1.371802732348442 7.775712661445141 15.32894405722618 7.090719200670719 73.57753701508045 14.77084857225418 57.81577527523041 49.47269672900438 92.9068291708827 20.93796475976706 229.4900714084506 216.9193746447563 213.0562605783343 146.2214696034789 2.028306163847446 0.6672979816794395 0 0.1210264191031456 0 0 0.2371295839548111 0 0.1310051381587982 0.6609557569026947 0.7634775042533875 0.1436041295528412 0.4921939522027969 0 0 0.1438646912574768 0 0 0 6.42718006670475 21.20144820958376 0 0.1322180330753326 0.4761948734521866 29.56748999655247 7.923971869051456 47.22843324393034 1.974272385239601 1.829915277659893 0.4723444283008575 0.3792317658662796 0.7177928388118744 2.149835392832756 0.6507320404052734 0.2842496857047081 0 2.50972181558609 12.56073378026485 0 0 0 0.404478944838047 0.6063480526208878 0.2546093910932541 0.2480906918644905 0.1323750019073486 2.252812996506691 8.980208173394203 0 0.2224403396248817 2.444924227893353 43.1772482842207 0.9623949974775314 1.322747983038425 0.4400933235883713 0.2037955150008202 0.09738276898860931 0.1383370161056519 0.0753793865442276 0 0.5750328153371811 130.7059559747577 6.771605022251606 0 0 0.1115632951259613 57.58770567178726 86.00652998685837 30.58197946101427 9.40576283633709 5.580761328339577 10.01809742301702 1.622112601995468 3.4518788382411 0.1481469720602036 0.1383969038724899 0 0 0.1238236427307129 0 0.3570674955844879 0 99.35014922916889 78.51070576906204 13.08311868458986 808.8664114177227 81.94368348270655 562.1983251832426 121.4641977697611 385.268871858716 67.16957730054855 15.19722459465265 183.134597197175 34.37130094319582 3.067024081945419 18.27010614424944 2.277146689593792 130.870296895504 1.985531978309155 0.577977366745472 2.874738454818726 18.5691190212965 1.139346659183502
72.67560062557459 638.269355237484 1041.913279175758 107.8645797893405 687.9299897551537 26.25681033730507 365.7581291720271 2007.398205935955 1835.946472153068 253.013099424541 5686.284523993731 175.3775959536433 2982.406832549721 0 178.7836267650127 128.395100466907 8.14181887358427 2.059723913669586 0.3776629269123077 1.611312471330166 5.00750257819891 0 0.1145878210663795 0.5650902390480042 0.8163471296429634 1.383468896150589 0.4937946796417236 0.4943379908800125 3.410033598542213 0.1098620966076851 336.8321912959218 124.4237562790513 1423.645600326359 0.3434532806277275 0.09239848703145981 5.246038749814034 1083.753218099475 6.622391492128372 23.99122512340546 4.708884261548519 12.69457755982876 4.435823701322079 4.854907795786858 36.55907030403614 1.655403807759285 3.694410786032677 261.0066857933998 2.106323190033436 1.144465081393719 4.883102811872959 2.145195633172989 0.9669996425509453 3.402760103344917 2.097484700381756 0.9426305517554283 3.265001803636551 14.45957136899233 162.6251892000437 5.589456923305988 23.10432071983814 8.497517593204975 210.7386057004333 0.8909804075956345 190.8757154718041 1.273198969662189 0.6875377520918846 0.07985421270132065 2.068844348192215 10.77583134919405 22.77514532953501 889.5142285749316 30.41016052663326 0.1695694774389267 95.02088280767202 121.3222237750888 261.1663487106562 180.8199808821082 127.4655166119337 35.35122882574797 390.9912072941661 9.14338556677103 65.29077103734016 10.05412495136261 0.5122964531183243 1.341681815683842 1.348282713443041 4.096945106983185 0 0.4070643857121468 0 0 0.2446079179644585 10.44014869630337 1.093133680522442 3.792500346899033 283.573020234704 39.88828229904175 0.7128866761922836 11.39216749370098 13.76504671573639 0.3222198262810707 1.584932938218117 0.8233163356781006 1.925922274589539 0.8986630588769913 2.157303705811501 2.549494802951813 2.093375019729137 5.118709094822407 7.242113381624222 4.422032482922077 35.46388986706734 39.27119829505682 49.07678151875734 32.51517982780933 0.3471419513225555 0 0.2716154083609581 0 0 0 0 0 0.08821917325258255 0 0 0 0.3077182248234749 0 0 0.7141725867986679 0 0.2498066574335098 0 0.3673988878726959 4.948036514222622 0 0.3681441843509674 0 8.335284069180489 4.373213551938534 17.98240822553635 1.002358056604862 0.864694245159626 0.2919028550386429 0 0.3066065013408661 0.2321116402745247 0.2651104778051376 0 0 1.050691232085228 2.167670376598835 0.1871456503868103 0 0 0.2616090625524521 0.2885814756155014 0 0 0.08782097697257996 1.230912655591965 1.64036750048399 0 0.1115737780928612 1.656786933541298 12.73298052698374 0.2450191825628281 0 0.1054881885647774 0 0 0.3410712406039238 0 0 0.09299338608980179 26.24194123595953 2.814726985991001 0 0 0 11.40693917125463 18.59284938126802 9.491502165794373 2.175741322338581 0.8549354821443558 1.58723446726799 0.1384705156087875 1.023097708821297 0 0 0 0 0.128326803445816 0 0.4642898142337799 0 21.13818097114563 18.65827669948339 4.663810893893242 458.2697350308299 37.50534957647324 308.631796143949 60.04321740567684 122.7524751350284 36.27320384979248 5.081492751836777 89.38617681711912 9.11420151591301 0.7477423772215843 5.370237216353416 1.496876604855061 32.59784583747387 0.5493115112185478 0.2181864082813263 1.305966198444366 6.679277092218399 0.5963848233222961
