0 3597.519124537706 469.2142539769411 2191.647045969963 443.2191471606493 123.5731708407402 1037.312328666449 225.5596815347672 265.6531994640827 1546.520235568285 476.415508620441 271.3869389891624 910.3415066823363 269.9379108920693 7.038604542613029 0.8703863769769669 0 0 0.1486900299787521 0.5490463078022003 0.428859531879425 0 0.1787614226341248 0.1396386325359344 0.4074635058641434 0 0.3877095282077789 0.09657878428697586 0.2057368904352188 0.1276861727237701 1231.77641479671 7.206929385662079 4.244825124740601 0 0.258398212492466 0.3309578150510788 5.351851522922516 1.483565472066402 0.4916639551520348 0.8636450543999672 0.4381720572710037 0.462144136428833 0.3999672755599022 0.1388188004493713 0.2186071053147316 0 19.58381268382072 2.204488791525364 0 0.4798154309391975 0.1422942876815796 0 0 0.3995503336191177 2.039823099970818 5.591865174472332 430.6785668358207 1390.873332493007 66.07203166931868 29.47004383057356 0.3603201657533646 1.268134124577045 0 25.82289389520884 4.168386712670326 2.104368261992931 0.5499540418386459 0.7665257081389427 3.163477942347527 4.335655488073826 6.444670453667641 7.64169043302536 0 134.0974188521504 96.63574504107237 40.5025228485465 17.43080712109804 1.375813566148281 0.8184796422719955 24.46536088734865 1.31725737452507 4.406517140567303 16.07616170495749 0.4492293149232864 2.687928937375546 3.215086780488491 1.540275678038597 0.1146299466490746 1.090006835758686 0.1735939830541611 0.1953232735395432 0 1.429235048592091 0.3058329522609711 0.1172023266553879 78.38083224743605 5.935436099767685 0.7216014266014099 2.451825127005577 1536.828965775669 0 0 1.415970534086227 0.3272378444671631 0 41.68348400294781 0 5.182501271367073 64.6676372140646 0.4643596261739731 0 8.49372960627079 1.209766924381256 2.36927056312561 1.34009425342083 0 0 0 0 0 0 0 0 0 0 0 0 0 0 0 0 0 0 0 0 0 0 0 0 0.3022796511650085 0 0.5362511351704597 0.127176433801651 0.1357495933771133 0 0 0 0 0.1744117140769958 0.1903941929340363 0 0 0.6051058173179626 0 0 0.1965736150741577 0 0 0 0 0 0 0 0 0 0 0.773051381111145 0 0 0.09442442655563354 0 0 0 0 0 0 4.896988108754158 0 0 0 0.2968850433826447 0.6187418103218079 0 0 0 0 0.1178597658872604 0 0 0 0 0 0 0 0 0 0 2.592334792017937 1.705694749951363 0 86.22142887860537 6.616279952228069 124.7579853236675 16.65308890491724 1083.307085521519 9.257333718240261 1.888914652168751 13.36075115203857 0.9230224788188934 0 1.245481505990028 0.2690414413809776 0.5192930102348328 0.4193733781576157 0 0.9451558291912079 1.777283951640129 0
3597.519124537706 0 2635.319377824664 1339.343918681145 4682.722703851759 87.30682437121868 4280.989133521914 796.214599609375 3526.477327145636 265.560804747045 1437.62374804914 42.02151471376419 852.9214966893196 857.217158511281 29.2542869746685 1.592644959688187 0.3798948228359222 1.004328288137913 0.2102896720170975 1.201642453670502 1.448104314506054 0 0.1569211035966873 0.8579183369874954 1.901757813990116 1.61002990603447 1.856254249811172 1.713657148182392 1.444171167910099 0.5028466954827309 2986.965443946421 32.35218435525894 33.1784378811717 0.1987071335315704 1.076399549841881 0.4672546163201332 17.67279047518969 4.935330078005791 4.653594352304935 2.888309113681316 2.10333825647831 0.9942003563046455 1.332189373672009 1.611006841063499 0.603171318769455 0.4907081127166748 106.2689918801188 12.97041688114405 2.169576242566109 2.272476978600025 0.5332557484507561 0.4413205683231354 1.063236095011234 1.016491904854774 8.983659662306309 22.65942294150591 288.2676813602448 1724.838579781353 82.12843543291092 137.7500177174807 1.629066981375217 9.539016805589199 0.9269087538123131 130.8899394646287 15.19688937813044 12.66871993243694 2.794872544705868 3.592820428311825 8.151536196470261 11.55246113985777 62.76562920957804 7.886952936649323 0 339.8445977047086 294.6788922548294 199.2681555524468 71.52752524614334 4.351635821163654 3.189395636320114 118.1021261736751 4.412622071802616 28.65889408439398 64.97475961595774 2.026384077966213 12.16952877491713 13.30385155975819 7.62087182700634 0.5099653527140617 2.029648594558239 0 0.819853886961937 0 3.799664013087749 1.008718185126781 1.335322827100754 64.30377840995789 3.476683408021927 0.404625415802002 12.08353887498379 670.2992706745863 0.1407216787338257 0 2.547171652317047 1.448098719120026 0.6053869724273682 96.58892227709293 1.150364130735397 51.74961590766907 17.85679093003273 4.079316228628159 2.181787997484207 55.04575358331203 19.59538498520851 18.70772361010313 12.35252299904823 0 0.1372746825218201 0 0 0 0 0 0 0 0 0.3035373687744141 0 0.3367285430431366 0 0 0 0 0.7295840382575989 0 0 0 0 0 0 4.344609215855598 1.625201493501663 11.11340423673391 3.539751306176186 0.3762655407190323 0 0 0 0.3538280427455902 0 0.2329675257205963 0 1.851720303297043 2.331622838973999 0.2651273906230927 0 0 0.9901176989078522 0 0 0.4682068824768066 0 0.6171153783798218 0.1915948092937469 0 0 0.3804181814193726 21.15532030165195 0 0.1629287600517273 0 0.1092496961355209 0.14761021733284 0 0 0 0 50.19383899867535 0.7142884135246277 0 0 0.1594857573509216 3.052913457155228 1.097593426704407 0.9240681827068329 3.440732300281525 0.5377514362335205 0.3715627491474152 0.6115885972976685 0.3197084367275238 0.1613951623439789 0.08412028849124908 0 0 0.1033613532781601 0 0 0 14.94822630286217 18.67141872644424 7.177629724144936 387.014038041234 44.02112667262554 519.379684381187 49.16637267172337 626.6902904063463 37.52402985095978 5.575101681053638 65.69749638438225 18.07421363145113 1.139153495430946 14.58285343647003 0.7618008553981781 18.07610957324505 1.805332235991955 0 2.311208948493004 3.158110842108727 0
469.2142539769411 2635.319377824664 0 13.7161920145154 1154.97331366688 0.5351631790399551 62.13400062173605 3398.506140969694 1407.331927753985 1.18051715195179 3370.320837393403 14.63369407504797 269.254016906023 589.7978720963001 20.6776061207056 4.306680053472519 1.669844917953014 4.334400437772274 0.7930189073085785 17.51347868144512 24.77079281210899 0 2.115286208689213 0.4622242897748947 8.52881246060133 1.124354623258114 6.467464551329613 7.186265893280506 0.3713828697800636 0.2623036280274391 5850.638291105628 1221.22642621398 20.62146612256765 0.9765193462371826 3.700764581561089 3.595617137849331 5.651694610714912 4.710880123078823 2.182536110281944 3.868364930152893 7.09637787938118 7.691523931920528 40.2770614400506 3.936739109456539 0.2666797935962677 1.360618256032467 47.61417682468891 4.597812876105309 3.254061438143253 31.56895558536053 2.238989725708961 0.1363843828439713 0.4012941047549248 8.245511032640934 2.910275131464005 8.518462769687176 130.6933173686266 1872.026748657227 35.21065260469913 49.58461923152208 24.85710389912128 18.21696309745312 7.257718689739704 326.4516162648797 4.124807111918926 6.468268305063248 1.290348306298256 9.372633509337902 93.0533174648881 150.3481633216143 22.80830833315849 0.9329326897859573 0 132.4615933969617 234.7360480353236 67.72346160560846 58.3326318487525 7.37975737452507 128.3472661599517 989.8290261104703 158.4775351136923 630.5178675204515 19.58079686760902 1.124999135732651 3.285390354692936 4.905572839081287 17.81329499185085 0 1.970242023468018 0 1.761644959449768 0.7794261500239372 22.61737531423569 5.046476490795612 4.101140663027763 19.20663442462683 1.124041333794594 0.1981167048215866 3.507163658738136 93.51435033977032 0 0 0.9427651017904282 0.4314257204532623 0 5.643560975790024 1.086168885231018 6.373233132064342 0 0.262368232011795 0 8.709308758378029 4.98929625749588 6.974444985389709 3.649536937475204 0.1359725445508957 0.1714914441108704 0 0 0 0 0 0.7414447665214539 0 0 0.1582570970058441 0 0.1107162535190582 0 0 0.2244970053434372 0.283118337392807 0.337017148733139 0 0 0 0 0 0 0.8588437438011169 0.169938787817955 2.583913132548332 1.383324176073074 0.6786482483148575 0.3014266937971115 0.8005570322275162 0 0 0 0.2795144468545914 0 0 1.359986275434494 0 0 0 0.5480071008205414 1.712855830788612 0.1109510213136673 0 0 0 0 0 0.1612610369920731 0.3114198297262192 5.025739878416061 0 0.3767663538455963 0 0 0 0 0.1850951164960861 0 1.156432956457138 9.197832122445107 0 0 0 1.420932963490486 1.982162863016129 0.1816569566726685 0.2705279067158699 0.2400906383991241 0.626570463180542 0.2806504368782043 0.6102023720741272 0.1499649435281754 0 0 0 0 0 0.2933692336082458 0 0.9211853742599487 5.153158456087112 2.419798985123634 0.8184735178947449 168.7979281246662 29.99704111367464 265.5684069544077 21.24564579874277 90.70816089212894 25.42485240846872 1.488225147128105 41.61020401865244 6.876805171370506 0.5175546184182167 1.081245578825474 0 5.192498087882996 0.7707472890615463 0 2.994144774973392 2.685873925685883 0.5653113126754761
2191.647045969963 1339.343918681145 13.7161920145154 0 77.16508457064629 389.0260529071093 2302.031952604651 2.756318494677544 140.9295432418585 1853.799709200859 7.037969700992107 1294.122526749969 4186.18107894063 222.7169276848435 7.977930754423141 0 0.2141493260860443 0.1249285116791725 0.2436328083276749 0 0 0 0.1056181862950325 0 0 0.5577214360237122 0.1217125654220581 0.1262005418539047 0.1808391660451889 0 183.0369128659368 1.701491862535477 2.023100659251213 0 0.09590765833854675 0.1508084535598755 0.6602360606193542 0.1154856011271477 0 0 0 0.2877090871334076 0.6301399767398834 0.1287491172552109 0 0.152580738067627 21.86111941933632 1.533479630947113 0.1788377612829208 0.3754522502422333 0.2352990731596947 0 0.1671765148639679 0.1577477008104324 2.173521690070629 6.563207924365997 91.42685880511999 375.1662977412343 19.67214794456959 36.49916116893291 0 0.9464321583509445 0.1002954244613647 27.48681449890137 4.217629797756672 2.098200768232346 0.5481784790754318 0.6460475474596024 0.9743620306253433 0.7186196148395538 11.19034792482853 0.348939061164856 0 95.8769134953618 80.43557113409042 46.47793197631836 10.14877410233021 0.4369753077626228 0.1470116674900055 2.409063421189785 0.923785388469696 2.766952767968178 14.95003388077021 0.9838066026568413 2.813529565930367 2.827545963227749 1.74187970161438 0.1235929355025291 0.7833492308855057 0 0 0.1295741200447083 0.1182637810707092 0.1768867522478104 0 39.7706693559885 2.656487241387367 0 0.7049644589424133 494.8376907706261 0 0 0 0.966235876083374 0 68.65876059234142 0.2407748252153397 2.506606325507164 69.02716352045536 2.637653782963753 0.3583239912986755 9.010376662015915 8.165007695555687 1.797371730208397 1.32259626686573 0 0 0 0 0 0 0 0 0 0 0 0 0 0 0 0 0 0 0 0 0 0 0 0 0.685819685459137 0 1.884798869490623 0.7525738626718521 0 0 0 0 0 0 0 0 0 0.3536129295825958 0 0 0 0 0 0 0.2975078821182251 0 0 0 0 0 0 1.010897606611252 0 0 0.1280628591775894 0 0 0.5261479616165161 0 0 0 4.465315848588943 0 0 0 0 1.672204717993736 0 0.455310195684433 0.2664225995540619 0 0.3004550635814667 0 0 0 0 0 0 0 0 0 0 4.288388162851334 0.8088069707155228 1.407055974006653 159.592841334641 10.31386011093855 110.5668571814895 11.43509916961193 883.5647432208061 6.011582121253014 1.829529650509357 9.422761902213097 3.754408344626427 0 1.375264719128609 0 2.279493272304535 0.1464038789272308 0 0.4595158994197845 0 0
443.2191471606493 4682.722703851759 1154.97331366688 77.16508457064629 0 24.72744995355606 4682.120503537357 134.7678846567869 10384.40399868041 43.63491740822792 770.4239472672343 57.85157170891762 475.5871877223253 1177.860646672547 18.7548486739397 0.7585227787494659 0.2622095942497253 0 0.2512656673789024 0.2917942404747009 1.098417520523071 0 0 0.2234291434288025 1.015541158616543 1.034550324082375 0.63546422123909 0.6805854439735413 2.382347851991653 0.3845500126481056 510.2210201323032 18.02900699526072 49.43177141994238 0 0 0.3919916525483131 20.52651179581881 1.175352856516838 4.918554365634918 0.9200052097439766 0.1397436410188675 0.7950094938278198 0.7456279471516609 1.577393099665642 0.5469648987054825 0.5387002825737 71.64245708286762 8.859532870352268 0.967826634645462 1.692681767046452 1.392201326787472 0 0 0.9515843093395233 3.825745575129986 11.0893872231245 66.87669041752815 323.5932315662503 33.99119680374861 81.41473109275103 1.570693448185921 8.312915854156017 0.1471406221389771 81.2765236645937 6.79171758890152 7.169515110552311 1.00189857929945 2.894977986812592 1.875961452722549 2.317787662148476 116.375537879765 5.486593067646027 0 116.4119937419891 102.5637397915125 104.1129454523325 54.42631470412016 1.39288917183876 0.5819831043481827 55.66832139343023 3.18624921888113 18.06359060108662 31.95377913117409 1.337590299546719 7.029890283942223 7.017875947058201 5.846558265388012 0.3653577566146851 0.9502364546060562 0 0.2946154177188873 0.5690762996673584 1.31127443164587 0.5520276352763176 1.010941863059998 143.9670459926128 9.457804627716541 0 10.50767553597689 65.03057578206062 0 0.4535576701164246 6.049866750836372 0.2590144872665405 0.4108147025108337 82.13111114501953 1.491778522729874 73.84465856850147 0.2326832860708237 9.787372529506683 2.514347195625305 103.2955417782068 42.30436091125011 37.60012000799179 26.218106508255 1.696828126907349 0.5245132446289062 0 0 0 0 0 0 0 0 0 0 0 0.9344853162765503 1.134122431278229 0 0 0.8800191283226013 0 0.5957551002502441 0.2182344198226929 0 0.6288386583328247 0 7.176014646887779 1.850682973861694 14.14348623156548 5.805222243070602 0.8347089290618896 0 0 0 0 0.4559182822704315 0.4311935007572174 0 0.8962417840957642 4.645441457629204 0 0.1920563280582428 0 0.4059134423732758 0 0 0 0 1.212600998580456 0 0 0 0 26.17815846204758 1.049690559506416 0.3327320218086243 0.124637745320797 0.1645178645849228 0 0 0 0 0 86.29706698656082 1.205191850662231 0 0 0 8.952600598335266 1.162852913141251 4.994227908551693 3.273139864206314 0.8307002186775208 5.886801034212112 0.4015379846096039 1.036805883049965 0 0 0 0 0 0 0 0 45.44682785868645 32.62643803656101 10.1826780512929 342.8514472022653 44.49648328125477 317.5162875279784 25.15434221923351 230.1822820305824 35.9812143445015 3.110951021313667 60.75818789750338 40.59137139469385 1.919636085629463 23.50728537142277 0.8398468196392059 31.45717726647854 1.814964719116688 0 4.153943598270416 1.854906737804413 0.6584959030151367
123.5731708407402 87.30682437121868 0.5351631790399551 389.0260529071093 24.72744995355606 0 273.3579974323511 1.444425582885742 84.05769698321819 508.826318398118 8.470903292298317 383.7745231539011 514.6639991700649 116.7849941551685 0.7003960162401199 0 0 0 0 0 0 0.6682102084159851 0 0 0 0 0 0 0 0 28.18280151486397 0.4558976739645004 11.01538480818272 0 0 0 5.714066103100777 0 2.256923839449883 0 0 0.3395707011222839 0 0.2313344329595566 0 0 1.453172817826271 0 0 0 0 10.71251806616783 0.1543029695749283 1.327697902917862 0 0.3863978087902069 61.0230907574296 36.97126823663712 2.400937087833881 0.4956247061491013 0 2.231145292520523 0 0.6474949866533279 0 0 0.2578006088733673 0.1271285265684128 0.1484006196260452 0 155.7042903453112 235.3154713064432 6.096251130104065 2.282550804316998 4.853926151990891 0.4494195133447647 0.5186672359704971 0 0 9.025794416666031 0 7.495465651154518 0.5990704745054245 0.8109491169452667 0 0.4214780479669571 0 9.187542632222176 2.909747660160065 7.258936107158661 0.6883899867534637 5.359657928347588 0.2055732160806656 0 3.823574006557465 619.3264719992876 149.0250482559204 24.03725878894329 22.67814138531685 312.1100872606039 0 0 0 0 0 5.288653552532196 0 0.8565768152475357 14.63885213434696 0 0 1.703862577676773 0.5378288179636002 0.1745176166296005 0 0.2151840031147003 0 0 0 0 0 0 0 0.1875796169042587 0 0 0 0.7442671805620193 0 0.4300943613052368 0 0.5685181766748428 0.2131272852420807 0.3877573311328888 0 0 0 0 0 0 0 0.6332931220531464 1.788786679506302 1.413313508033752 0 0 0 0 0 0.18646439909935 0 0 0 0 0 0 1.206695973873138 0 0 0 0.2896568179130554 0 0 0 0 0 0 0 0 0 0 0 0 0 0 0.2139706313610077 0.9247340559959412 1.728006035089493 0.4467158317565918 0 0 0.4583270251750946 0 0 0 0 0.3770506083965302 0 0 0 0.1541448533535004 0 0 0.1690486371517181 0 0 0 0 0 0 3.458407491445541 1.192793034017086 3.496505089104176 0.4832892417907715 145.8387511372566 0.1998512893915176 0 0.4867703169584274 0.67280013859272 0 0.2071914374828339 0 0 0 0 0 0 0
1037.312328666449 4280.989133521914 62.13400062173605 2302.031952604651 4682.120503537357 273.3579974323511 0 19.64442598074675 7352.118933469057 2552.624670438468 37.01067452132702 143.6284150779247 7328.796169325709 464.2557462230325 21.08409422636032 0.2804483771324158 1.33597619831562 0.135690301656723 0.1267950534820557 0.6136464923620224 0.9169279336929321 0 0.1431890726089478 0.09572972357273102 0.7420524060726166 1.194391444325447 0.4589604139328003 0.1758473962545395 0.836258128285408 0 217.443071320653 12.09835014492273 48.87669119238853 0 0.1084321960806847 0.2768478989601135 21.88475754857063 3.422067411243916 4.658422864973545 2.650652177631855 0.33397576212883 0.985009104013443 0.833988755941391 0.9519460797309875 0.3988124579191208 0.4338101893663406 70.70584762096405 7.699620068073273 0.9852824956178665 1.073556989431381 0.5607542246580124 0 0.2502323091030121 0.55152777582407 4.429892785847187 12.82520246505737 101.4968389943242 389.6500406861305 34.99618846923113 80.79393382370472 2.210818506777287 8.549442559480667 0 64.31183715909719 8.090887293219566 6.530414134263992 1.76360684633255 1.754464536905289 0.8149667158722878 0.943135067820549 144.6219526976347 6.26502588391304 0 145.8699607849121 132.6186350733042 111.0472595840693 51.62740017473698 3.908213555812836 1.140801161527634 53.4063628539443 3.433038592338562 19.18604911118746 39.91319071501493 1.21367821097374 8.079582288861275 6.707104593515396 5.349825106561184 0.1903283894062042 1.398048937320709 0 0.2540328279137611 0.1377516686916351 1.009050577878952 0.3360588252544403 0.2677298784255981 441.1313989460468 8.813624605536461 0 11.17782635986805 279.9041428864002 0.2189168483018875 0.5816626995801926 22.37911665439606 7.064131528139114 4.113996520638466 229.7949458658695 11.56631095707417 158.3691738396883 120.2938162386417 33.62453661859035 5.505802780389786 238.2277243435383 111.8487890660763 82.0306870341301 45.66788476705551 2.396033555269241 1.004821509122849 0 0.4352716058492661 0 0 0 0 0 0 0 0 0 0 0 0 0 0.3922276496887207 0 0.1790358573198318 0 0 0 0 13.29551202058792 1.749217838048935 25.01598311960697 9.268727108836174 2.454612031579018 0.3192130327224731 0.1369581073522568 0 0 0 0 0 1.500057250261307 10.62259316444397 0.4388269484043121 0 0 0.8567451983690262 0 0 1.130183100700378 0 1.617084413766861 1.448611795902252 0 0 0.8201903700828552 41.00981618463993 0 0.4998573064804077 0.1566993445158005 0 0 0 0 0 0 156.1067280620337 2.108858689665794 0 0 0 15.77820092439651 2.504128843545914 5.120858818292618 2.48692724108696 1.625643506646156 4.164705537259579 1.959747821092606 1.806716173887253 0 0.1236360222101212 0 0 0.1321097314357758 0.178213432431221 0 0 103.867348536849 38.32398615777493 18.00093345344067 548.4421544745564 41.77741651982069 303.1837088167667 25.46762687712908 827.148450165987 42.88460882753134 4.261941216886044 52.00021804124117 77.53536328673363 0.5259419530630112 35.92855675518513 0.3549253791570663 74.91723480820656 2.832134604454041 0 5.200490310788155 2.852160841226578 0.5279091596603394
225.5596815347672 796.214599609375 3398.506140969694 2.756318494677544 134.7678846567869 1.444425582885742 19.64442598074675 0 659.3791616559029 0.9044131338596344 2959.910063073039 7.231364987790585 109.6879629716277 315.7646116912365 26.41346532851458 1.923919007182121 1.398176901042461 5.059514991939068 0.3834370225667953 29.68159251660109 33.12304663658142 0.1128247156739235 1.606175720691681 0.1475735008716583 9.774257265031338 2.320627763867378 10.09065746515989 9.385256506502628 0.888618029654026 0.1413620859384537 1377.936644405127 2974.280946925282 24.63819838315248 3.087614849209785 5.140943266451359 5.224042400717735 7.631332576274872 6.084231905639172 1.451871253550053 2.079928822815418 8.436575450003147 6.065368548035622 49.97032894939184 14.79755169898272 0.644347295165062 1.227107845246792 70.58992142230272 6.52749402821064 3.50824873894453 26.0527119487524 1.959896020591259 0.3964053094387054 0.3451971560716629 10.26773696392775 2.098370581865311 6.610191978514194 74.18726670742035 601.8972124680877 26.09301693737507 48.2723583355546 35.63386814296246 33.70546513050795 9.669841222465038 495.58932736516 6.077955916523933 4.082569181919098 1.811737790703773 8.012769736349583 90.60987670719624 191.4257698506117 7.221400409936905 2.438942849636078 0 105.6218966543674 127.5169513002038 87.46114388108253 185.3571293801069 58.07348638772964 775.9739027023315 2722.480646066368 370.470520041883 2241.390417359769 19.13668853789568 0.7992396652698517 5.289185881614685 3.762819744646549 16.13882075250149 0.3324674218893051 0.7197439447045326 0 1.861047595739365 0.399944543838501 21.12312322109938 2.953903160989285 3.452635020017624 11.04388658702374 0.5168838948011398 0.1903838962316513 1.804974883794785 31.24176628887653 0 0 0 0 0 3.184466779232025 0 1.278614372014999 0 0 0 2.133203566074371 0.4335074126720428 1.036197289824486 2.080532386898994 0 0.1288442313671112 0 0 0 0 0 0 0 0 0.1380335837602615 0 0.5864366292953491 0 0.247466966509819 0.168149471282959 0.4161941707134247 0 0 0 0 0 0 0 0.6338976919651031 0.5162799656391144 0.566774845123291 0.8723808079957962 0.8702283501625061 0.5447534918785095 0.9608723372220993 0 0 0 0 0.2413452565670013 0 0.4180114716291428 0 0 0 0.6508621126413345 2.004290044307709 0 0 0 0.0919889509677887 0 0 0 0.1406253129243851 0.9186185151338577 0 0 0 0.1156155616044998 0 0 0 0 1.361545622348785 1.860816523432732 0 0.1831626147031784 0 0.6434485614299774 0 0 0 0 0 0.4051185548305511 0 0.1674878299236298 0 0 0 0 0 0 0 0.6947079598903656 2.13811556994915 0.8622875511646271 0.5829773098230362 175.9282188937068 31.9260718151927 284.1418905928731 20.88480626046658 48.85400760173798 25.83454433083534 1.975272998213768 48.22419945150614 1.18481433391571 0.5898997411131859 1.327306792140007 0.3772996962070465 0.5633254796266556 0.2815330177545547 0 0.1623954474925995 3.083049595355988 0
265.6531994640827 3526.477327145636 1407.331927753985 140.9295432418585 10384.40399868041 84.05769698321819 7352.118933469057 659.3791616559029 0 612.4481931775808 3282.712767377496 133.781399384141 1757.328144386411 2320.545895457268 46.06108365207911 2.944660827517509 0.3621863722801208 0.1624805629253387 0.1606845110654831 1.335767433047295 5.416471868753433 0 0.694050095975399 0.3409223556518555 5.672665879130363 1.893361195921898 6.313522212207317 2.782140612602234 1.491010829806328 0.2545090466737747 271.2955171242356 32.1162957623601 57.28970764577389 1.010306149721146 1.946564838290215 2.31957733631134 32.05757840722799 4.936094544827938 6.732155457139015 5.09857289493084 2.60373629629612 2.645374037325382 1.710665091872215 2.37905640900135 0.8980178683996201 0.4845584779977798 146.5511320084333 8.699761472642422 1.853142470121384 1.488054499030113 1.175251610577106 0.1209085136651993 0.4674622267484665 1.418039858341217 2.083236888051033 10.54547290503979 75.66728490591049 173.6726777032018 47.96751318126917 74.42035491019487 4.869086682796478 10.21416122466326 1.815454915165901 96.28674774616957 8.65949509292841 8.471179716289043 2.047452136874199 6.059657737612724 15.66371941566467 23.65306446701288 161.6469125077128 15.07536443322897 0 114.2900951579213 86.84717290848494 111.7129833698273 119.7403061762452 8.966475814580917 1.460793241858482 84.41756714135408 5.968665011227131 32.97325243800879 32.7518582046032 0.8158999234437943 6.428902670741081 7.687913917005062 6.654196880757809 0.1926647871732712 1.434635885059834 0.1660151034593582 0.6146780252456665 0.3901260569691658 6.712501145899296 1.54213023930788 0.7977645173668861 499.9521803706884 6.834592223167419 1.254308179020882 11.47475281357765 101.8697229474783 0.4431405067443848 0.6714718639850616 23.89864233136177 7.307887583971024 2.684941500425339 210.7549368590117 9.628891199827194 197.5180911272764 8.254554152488708 44.62626478075981 6.423578396439552 289.1146617159247 133.9551866650581 105.8533827066422 49.82747808843851 1.857521012425423 0.4912773966789246 0 1.122565746307373 0 0 0.3075175285339355 0 0 0 0 0 0 0 0.7794699668884277 0 0.2019563913345337 0 0 0 0.319732666015625 0 0 0 10.59636509418488 0.1279532909393311 25.88222798705101 7.313536785542965 1.395679861307144 0.3695478141307831 0 0 0.6161376237869263 0.2188433259725571 0 0 1.40286061167717 9.608285501599312 0 0 0.5887772738933563 1.648639775812626 0.5846920162439346 0 0 0 3.215386018157005 0.3226907998323441 0.140052542090416 1.111742123961449 1.048718839883804 42.35772877186537 0.4313521981239319 0 0.1274284720420837 0 0 0.2911483719944954 0 0 1.037750124931335 181.1702777296305 0.4526380300521851 0 0.1440688073635101 0.7227261662483215 13.17327004671097 1.572351790964603 3.543703712522984 6.410798534750938 2.592723160982132 4.748025730252266 2.222643494606018 1.563615009188652 0 0.1509382575750351 0 0 0 0.1010941416025162 0.5864069759845734 0 124.7890398353338 45.8858281224966 13.07736726105213 849.1073346883059 68.28995824605227 681.1612671241164 49.03430569171906 430.1978712230921 110.3501451984048 1.833532869815826 186.5540866106749 87.47201850265265 0.7132693603634834 32.39495339244604 1.846662484109402 79.98203386366367 2.793086633086205 0 8.906613036990166 8.09568926692009 0.9719735085964203
1546.520235568285 265.560804747045 1.18051715195179 1853.799709200859 43.63491740822792 508.826318398118 2552.624670438468 0.9044131338596344 612.4481931775808 0 6.208670787513256 2061.104163751006 10963.0671633929 879.5076326951385 1.745053254067898 0 0 0 0 0 0 0 0 0 0 0 0 0 0 0 40.8664178699255 0.6962624117732048 0.8735413551330566 0 0 0 3.310205489397049 0.1603121906518936 0.4907519146800041 0.1249924078583717 0 0.3828240036964417 0 0 0.1064921244978905 0.3407904505729675 5.856375187635422 0.6149226427078247 0 0.2563736885786057 0.4702830761671066 0.2545179426670074 0 0.2075975239276886 0.3811305239796638 1.444454804062843 92.991873241961 152.8477272465825 8.542075924575329 9.303966753184795 0.1618537604808807 0.251204252243042 0 7.196518450975418 0.6546885669231415 0.6939868628978729 0.2206934988498688 0.2607392221689224 0.1183522418141365 0.1613979041576385 20.42941680550575 3.664465874433517 0 24.23036804050207 20.55232621729374 11.92944274097681 5.506263576447964 0.2776966094970703 0.1950790882110596 3.133151687681675 0.4079523831605911 0.323664978146553 3.817936345934868 0.2233588248491287 0.7902220860123634 0.4590794593095779 0.497168742120266 0 0.3805221915245056 0 0 0 0 0 0 319.7409792840481 5.411397308111191 0 0.1321386098861694 1177.20758678019 0 1.234946042299271 7.997038319706917 27.71679842472076 0 123.5558270961046 4.301962897181511 32.31275381147861 141.6228753179312 13.08675073087215 1.755085170269012 65.45583628118038 30.73378920555115 17.4365571141243 4.613370910286903 0 0 0 0 0 0 0 0 0 0 0 0 0.1631504148244858 0 0 0 0 0 0 0 0.1781762838363647 0 0 0 0.6534417569637299 0 0.6623424738645554 0 0 0 0 0 0 0.129060685634613 0 0 0.2403716146945953 1.242663204669952 0 0 0 0 0 0 0 0 0 0 0 0 0 3.440469950437546 0 0 0.4184873998165131 0 0 0 0 0 0 11.61574096977711 0 0 0 0 0.5084348767995834 0 0.5453423261642456 0.1743465960025787 0 0 0 0.1535448879003525 0 0 0 0 0 0 0 0 13.33958755433559 1.328958332538605 0.5841774046421051 379.9035266637802 3.394957728683949 37.7899180278182 4.000430881977081 1154.875614881516 2.201653361320496 0.4566536247730255 4.884717911481857 12.95179834961891 0 2.642683036625385 0.2312089800834656 18.46921776235104 0.4710116386413574 0 0.6189382523298264 0 0
476.415508620441 1437.62374804914 3370.320837393403 7.037969700992107 770.4239472672343 8.470903292298317 37.01067452132702 2959.910063073039 3282.712767377496 6.208670787513256 0 131.7304860800505 2439.142435885966 4045.831220462918 81.212477222085 8.686896592378616 2.293580666184425 3.5091253221035 0.1378582566976547 20.1253512725234 39.60629681497812 0.2612345814704895 8.99118833988905 4.688162177801132 65.02720695734024 12.99142390489578 50.62505833059549 5.670029766857624 4.80115021020174 1.163688115775585 1188.01191919297 1111.238201238215 115.6584269031882 4.614131107926369 16.64433625340462 25.81764850765467 79.71980173885822 41.2577426508069 19.79807664453983 34.94088672101498 29.76330290734768 15.61628505587578 24.80405603349209 7.555172584950924 1.034273900091648 1.721899509429932 214.5730731040239 12.05484391003847 4.345457285642624 14.43219412118196 11.02434641867876 0.1292679607868195 3.382398791611195 6.899897523224354 5.490221001207829 12.98496475815773 98.91454764455557 591.6049865111709 54.74573041498661 110.1041175723076 16.70944732427597 45.83897413313389 23.10472683608532 222.8396779745817 10.48833087831736 10.66811000555754 3.415931358933449 12.23828966170549 95.501030780375 232.8178379312158 90.3339759260416 13.21495914459229 0.1622557640075684 184.3306327238679 154.4873797819018 191.2713583037257 232.8947094082832 37.84913318604231 222.5727971196175 2174.018089286983 61.8015853613615 626.6437718272209 49.58382394909859 2.49065013229847 10.81444550305605 10.31582244485617 16.14640816301107 0.8695235177874565 2.838024497032166 0.4693726152181625 2.173089943826199 0.3129288554191589 45.2395254150033 6.869976446032524 5.386573612689972 146.4811718761921 10.78637470304966 1.012334883213043 13.98618765920401 59.78529640287161 0.5348556041717529 0 3.473001047968864 0.3937203288078308 1.073813736438751 23.79849317669868 0.8357930183410645 25.74751488864422 0.459293931722641 4.035929143428802 0.3173677325248718 37.02402467280626 15.94518686830997 18.30029687285423 7.569270595908165 0.2942046895623207 0.1349823921918869 0.2051816433668137 0.1209096238017082 0 0 0.2905142605304718 0 0 0 0.9666063785552979 0 0.4583625048398972 0.7493868917226791 0.1866117566823959 1.150353938341141 0.22039395570755 0.9370302855968475 0 0 0.1461900174617767 0 0 0 1.585821315646172 0 5.965196557343006 1.437323167920113 1.60615237057209 2.009995818138123 0.637229710817337 0.5106716006994247 0.1543271839618683 0 0.1746131926774979 0 0.3786787539720535 2.983916573226452 0 0.4962637573480606 0.1455788910388947 0.5965197533369064 3.135874539613724 0.08874498307704926 0 0 0.8337181955575943 0.1770859509706497 0 0.1667628586292267 0 8.984918303787708 0 0 0.3040147423744202 0 0 0 0.1051977053284645 0.129947617650032 1.134511291980743 35.41878298670053 1.069557443261147 0.5525367259979248 0 0.8403696417808533 1.572028771042824 0.1032590344548225 1.18694594502449 0 0 1.15518282353878 0.5588628500699997 0.4164232239127159 0.318814180791378 0 0 0 0 0 0.1399589031934738 0.9900666624307632 18.63983300328255 13.48144210875034 6.522282876074314 607.9246949329972 67.85956665873528 812.77708786726 58.30015590786934 190.4670604839921 94.82235862314701 5.38482640683651 189.4202085658908 12.13786594569683 0.9374324902892113 9.078519940376282 2.579429052770138 11.87492885440588 0.1358126103878021 0.7996862307190895 2.295090198516846 14.34847648441792 0.7755634486675262
271.3869389891624 42.02151471376419 14.63369407504797 1294.122526749969 57.85157170891762 383.7745231539011 143.6284150779247 7.231364987790585 133.781399384141 2061.104163751006 131.7304860800505 0 2614.724385730922 321.2594783753157 19.71712920069695 4.292241901159286 0.5939961671829224 0.4699527770280838 0 0.227496013045311 0.7991378158330917 0 0.8440700024366379 0 5.037615559995174 0.3389522433280945 4.485889233648777 0.756018154323101 0.7694800943136215 0.8611161261796951 10.76940044760704 5.186608329415321 34.15822788327932 0 0.6104082316160202 2.350436054170132 49.38532511144876 13.05016895383596 29.3357517644763 20.80072171986103 4.155912816524506 1.264082409441471 1.80547022819519 2.909364998340607 0 0 23.19629333168268 1.370680458843708 0.9430248513817787 1.493527442216873 2.072595819830894 1.297565877437592 3.571274742484093 1.047631338238716 0.09112413227558136 2.697751931846142 21.21923045814037 32.35678930580616 6.044622197747231 7.00397365540266 0 11.12365645170212 0.1500072777271271 11.13968376070261 0.689861387014389 0.6042511090636253 0.1317427307367325 0.6720230132341385 6.444372102618217 13.46563421189785 184.0963930934668 51.08483669161797 0 20.29511410742998 15.72427459061146 12.97627103328705 19.24048785120249 13.04779858887196 3.840936794877052 11.93800334632397 1.917345076799393 5.188799858093262 3.685994073748589 0.2190057188272476 0.9507550075650215 0.8553124144673347 1.219683326780796 0.9306537508964539 1.069588772952557 0.7191586345434189 1.133985251188278 1.180763334035873 5.251502484083176 0.4401985108852386 1.852272175252438 2270.662398666143 49.17360770702362 9.823890954256058 11.58592790365219 328.265914440155 0.1740060597658157 0.9110038578510284 8.035243332386017 3.822397664189339 0.2168382704257965 112.2066582590342 11.28873583674431 125.414458796382 26.69870264828205 33.74241244792938 3.275983601808548 215.6879288852215 96.24757990241051 83.12181402742863 26.40869292616844 0.2832586169242859 0.302491769194603 0 0 0 0 0.2016938626766205 0 0 0 0.2469678819179535 0 0.7910755276679993 0 0.2845974415540695 0.2303639948368073 0 0.4553898274898529 0 0 0 0 0 0 4.3698750436306 0.4165710806846619 5.591150686144829 2.174344345927238 1.746016338467598 0 0 0 0.3554975390434265 0.3226023763418198 0 0.4541764110326767 1.088653013110161 3.291076108813286 0.1572428196668625 0 0 1.45842045545578 0 0 0 0 0.8480187058448792 0.6805090606212616 0 0 0 13.54603686928749 0 0 0.145915299654007 0.197834774851799 0 0 0 0 0.1654402613639832 101.5726144164801 2.820054531097412 0 0 0 6.707950979471207 0 1.460475623607635 4.514560163021088 1.132625788450241 3.486276298761368 1.082712143659592 0.878714457154274 0.5990177989006042 0 0 0 0.1039977893233299 0 0 0 93.30450394749641 19.51508940756321 4.521225899457932 207.8488036766648 4.56883829832077 100.0300684571266 7.395344458520412 478.4565617144108 11.29496365785599 0 34.580551892519 31.67146047949791 0.6026826053857803 9.835826471447945 0.1466079503297806 31.27864895761013 1.817663103342056 0 1.350804775953293 2.021981596946716 0.2339922338724136
910.3415066823363 852.9214966893196 269.254016906023 4186.18107894063 475.5871877223253 514.6639991700649 7328.796169325709 109.6879629716277 1757.328144386411 10963.0671633929 2439.142435885966 2614.724385730922 0 2521.177455827594 102.9187702313066 21.82631569355726 4.403297252953053 2.337309375405312 0.2709359526634216 2.710804596543312 7.728359639644623 4.212691366672516 0.6317080855369568 1.071734398603439 54.52644219994545 8.561710566282272 32.91473274677992 3.016161650419235 4.22866865247488 1.627187483012676 131.778258562088 27.55096077919006 1104.693363413215 0.1911349147558212 3.416109874844551 36.38657087832689 863.1055937409401 195.1247634217143 404.8922717645764 162.7349790856242 14.61596208810806 6.61559484899044 7.363641545176506 16.20628546178341 0.684041403234005 1.391080647706985 176.0863617584109 6.122556157410145 1.490583278238773 7.981514684855938 6.547234021127224 2.419280931353569 22.11269994825125 3.251959353685379 2.759281292557716 7.393459439277649 84.95110991597176 165.8196069449186 39.97017358243465 65.64076005667448 5.424647942185402 175.6231561750174 4.074057728052139 75.83226554095745 6.90622766315937 5.526222743093967 3.361272238194942 6.012065805494785 45.90714558213949 75.02890475839376 679.0977761670947 131.6291659921408 0.9040188640356064 110.0258141607046 65.67367403954268 111.1553642377257 151.3508985638618 54.71767361462116 10.96951515972614 170.715881228447 9.649603590369225 93.61473508179188 27.88186746835709 0.7888700664043427 7.124356210231781 5.386046968400478 9.159775398671627 1.199929758906364 1.842401668429375 0.4933987855911255 2.268007338047028 0.8150919377803802 22.27157368510962 5.453986473381519 3.479012683033943 3482.688031047583 63.3016452640295 22.82448001205921 48.12095034867525 428.0923461765051 1.244510784745216 1.232807189226151 28.13097356259823 10.58031778037548 2.275011956691742 448.3647399246693 19.11106844246387 298.54601085186 209.7724485844374 74.73919996619225 15.45654413104057 486.6247450038791 256.3083010315895 170.9947905093431 88.55430196225643 1.704176910221577 3.440830022096634 0 0.4265546798706055 0 0 0 0 0 0 0.8403032720088959 0.2474433332681656 1.142929121851921 0.2819907367229462 2.297072619199753 2.010215759277344 1.137769460678101 1.303484603762627 0.469066709280014 0.9945402443408966 0.4646842703223228 0.4964586496353149 0 0.2650872468948364 21.46731616556644 2.166947558522224 41.68473583459854 17.98472810536623 5.438531339168549 1.112828508019447 0.8563756495714188 0 0.222021609544754 0.4318793267011642 1.425089627504349 0.8819421231746674 2.729380205273628 14.61657728254795 0.3784939423203468 0 0.4927001595497131 4.523682855069637 1.208246648311615 0 0.2976716756820679 0.4506237804889679 3.040332153439522 1.749764636158943 0.1991736590862274 1.242989972233772 0.8270056247711182 59.79213679581881 0.5645159482955933 0.7908464968204498 1.23631926625967 0 0.09291412681341171 0 0 0 0.8548511862754822 343.6917927786708 14.16120672225952 0 0 0.4949399083852768 21.70797201991081 2.010628804564476 11.3028688877821 7.469265922904015 1.640302211046219 8.727460272610188 4.127664379775524 3.02183660119772 1.612852074205875 0.09108055382966995 0 0 0.1240553706884384 0 0.1706207990646362 0.2898642718791962 264.9152752161026 91.5708192139864 30.00643229484558 955.3351260200143 62.32440988719463 685.3530072048306 54.39819993078709 1063.363294430077 102.5016521960497 5.630131669342518 193.8228150382638 103.6756485551596 2.659510776400566 39.17309328168631 2.310755759477615 93.15760886669159 6.488709218800068 0 11.57838805019855 16.01787094026804 1.407968133687973
