0 5520.770394533873 281.0695834159851 3427.543001696467 179.7530649751425 91.85043996572495 368.0127786844969 34.18895713984966 103.8199560716748 1471.437874823809 219.8283262848854 104.1558656096458 219.819358304143 57.58694233000278 0.8551858738064766 0.1801140755414963 0 0 0 0.116327315568924 0.2482653707265854 1.148641526699066 0.5540318489074707 0 0.2290907800197601 0 0 0.1159365624189377 0 0 303.4831926301122 0.7155840843915939 5.256665244698524 0 0 0 2.489086896181107 0 0.720192015171051 0.550535075366497 0.2911886870861053 0.1681832522153854 0 0.2994662523269653 0 0.1321527659893036 3.034717977046967 0.3092325180768967 0 0 0.4022348150610924 12.56245358288288 0.2327750027179718 0.218922421336174 5.01659269630909 2.805362112820148 225.284227669239 714.7081197723746 86.64619302004576 25.95913241058588 0 0.3116330504417419 0 3.527318432927132 1.461659200489521 0.6477451175451279 0 0.1207825019955635 0 0.7288995087146759 52.30064243078232 239.8784811347723 11.12021259963512 111.7207063287497 16.02073200792074 12.06589989364147 5.243210338056087 0.6227534115314484 0 8.79752641916275 0.4793078601360321 0.5054359883069992 5.230272687971592 1.502756476402283 0.7463057935237885 0.4001109898090363 0.6831295266747475 13.8792679309845 1.930478543043137 8.721934378147125 1.653374969959259 4.664292871952057 0.7329318076372147 0 0.2239791303873062 548.8893145769835 441.955444008112 12.91209056973457 5.419927164912224 1077.778152778745 0 0 0 0 0 0 0 0 25.90838623046875 0 0 0 0 0 1.254358977079391 0.6239761710166931 0 0 0 0 0 0 0 0 0 0 0 0 0 0 0 0 0 0 0 0 0 0 0 0.6248303949832916 0 0.373996764421463 0 0 0 0 0 0 0 0 0 0 0 0 0 0 0 0 0 0 0 0 0 0 0 0 0 0 0 0 0 0 0.2896158695220947 0 0 0 0.489734411239624 0.6914471387863159 0 0 0 0 0 0.4718966484069824 0 0 0.2041243761777878 0 0 0 0 0 0 0.2309479117393494 0 0 0 0.9348371922969818 3.381942510604858 1.433801338076591 46.33346435427666 5.870864510536194 49.12410070747137 3.945884354412556 383.7718323171139 38.36048818379641 2.434559881687164 8.911102250218391 0 0 0.1264256685972214 0.2243433147668839 0 0 0 0 0 0
5520.770394533873 0 1616.218472152948 1062.530129723251 2335.362312436104 65.93046273291111 2489.82750479877 565.5372105538845 1880.757535926998 92.52882131934166 2067.18243663013 1.467193841934204 357.4465465396643 465.8700866252184 18.19819828122854 7.056557156145573 1.743186950683594 0.4559574276208878 0.1453522890806198 1.232941716909409 2.268419027328491 0 4.011675998568535 0.3870827853679657 1.937096938490868 0.7521086782217026 0.9632488340139389 0.1542807668447495 0.5957525968551636 0.1960698664188385 6065.06265566498 67.09298364818096 7.283648148179054 0.4871536046266556 2.435243472456932 3.892923325300217 4.139250107109547 1.554519653320312 1.831581026315689 0.9291674047708511 7.951837226748466 0.2940955460071564 0.5024907290935516 2.074098736047745 0.985869973897934 1.472547352313995 49.7469861805439 7.351267613470554 0 1.099827378988266 2.70049224793911 0 0 0 30.90862067043781 21.31188785284758 195.6364992633462 1836.338156498969 163.6590773463249 217.8352492824197 1.629140302538872 1.530149377882481 6.206320285797119 108.1564998403192 28.56421960145235 6.582652173936367 0.4578753933310509 3.115165181457996 1.609262861311436 11.06543608009815 12.54585083574057 0.3589621782302856 0 463.6364966854453 167.3809115737677 182.0572974160314 183.7317263185978 6.562270544469357 16.09121739864349 336.496086589992 5.935454800724983 36.68200670927763 44.38085734844208 1.010997101664543 14.64110161364079 6.538079261779785 6.518220365047455 0 2.167282968759537 0.1694127172231674 1.964251324534416 0.4095239341259003 6.291604146361351 0.4177611023187637 0.6814246028661728 39.59140423685312 3.274147748947144 0 0.3254753053188324 1513.951895147562 0 0 0 0 0.9209055006504059 0 0 0 11.42464405298233 0 2.773577779531479 3.568099141120911 1.404622092843056 1.017623245716095 5.899518817663193 0.5836414396762848 0 0 0 0 0 0 0 0 0 0 0 0 0 0 0 0.1420580297708511 0 0 0.5230928659439087 2.098624467849731 0 0.5211219787597656 0.1170981824398041 4.229890249669552 1.704400986433029 3.839052751660347 1.655202433466911 3.103308036923409 0 0.1834466606378555 0 0 0 0.6452114582061768 0 0 1.897974967956543 0 0 0 0.7660056203603745 0 0 0 0 0.1548459231853485 0 0 0 1.740337342023849 0.7701596319675446 1.164418756961823 0 0 0 0 0 0.1282657086849213 0.1276765912771225 0 6.041613340377808 0 0 0 0 2.156568676233292 0.3571968972682953 0 0.5920573472976685 0.4159934967756271 1.049518823623657 0 0.1446446776390076 0 0 0 0 0 0 0 0 9.042593941092491 2.654340192675591 9.63729327917099 232.2512500360608 56.70455698668957 660.2706162557006 51.83606106042862 493.7313587963581 215.6683631017804 6.705930568277836 99.69581674039364 5.385454937815666 1.628965049982071 7.748178839683533 5.736100941896439 1.987028241157532 0.2278212010860443 0 1.388570696115494 6.546209678053856 2.165303558111191
281.0695834159851 1616.218472152948 0 11.75302850455046 196.2648975253105 0 106.0161985605955 3358.928494431078 598.2001514807343 7.017775759100914 1585.575768515468 0.2083721160888672 108.776494808495 305.815952911973 54.54822196811438 43.99940864741802 9.148544579744339 29.29154311865568 2.743371278047562 122.6694650277495 61.70452938228846 0 39.01137257367373 5.064385145902634 5.230992503464222 1.393256433308125 1.238953560590744 5.769732959568501 0.7000706642866135 0.1731033325195312 5374.258034333587 2838.496521472931 7.535516023635864 28.3781666085124 45.03908429294825 10.69302025437355 7.81310248374939 6.592066645622253 8.488435707986355 8.866102322936058 60.60927306860685 15.38099552690983 69.21931691467762 30.18709500133991 11.44097858667374 54.74723026156425 67.11605539172888 31.93279711902142 10.2708723321557 59.0940472856164 3.284403026103973 0.120782308280468 0.2972839027643204 1.050071939826012 11.62179633975029 8.596057303249836 72.85649572312832 2156.525600790977 51.42955639958382 95.12303396314383 242.4709362313151 4.539787001907825 25.2734629586339 751.9667402878404 10.23155141621828 13.75270910561085 4.454445257782936 52.17240244150162 72.87933946400881 376.7352689430118 0.5957997888326645 1.890452489256859 0.2579097747802734 202.2925059571862 145.922990180552 122.2306956574321 244.6108591780066 40.6220089495182 984.2375439554453 1006.200015731156 546.5437640398741 1499.830363310874 19.16571170091629 0.2769919484853745 18.64885061979294 3.028219267725945 105.323616348207 0 1.454498559236526 0 2.04019695520401 0.6751096099615097 116.9497943818569 4.490955352783203 4.151976808905602 0.323949471116066 1.60287319123745 0 1.556642711162567 160.3005938977003 0 0 0 0 0.2063748389482498 0 0 0 0.2090104073286057 0 0 0 0 0 1.51961761713028 0.6795445829629898 0.4122588932514191 0 0 0 0 0.372135192155838 0.1222668215632439 1.575385004281998 0 0 0 0.5219960510730743 0 1.029200106859207 0 0.4694865196943283 0.6703461855649948 0.6576989889144897 0 0 0.2087962180376053 2.035822078585625 0.7742270827293396 6.058106914162636 3.007441312074661 7.549871847033501 10.26678435504436 5.848619848489761 0 2.265201106667519 0.1361753046512604 0 0 2.288075894117355 0 0 0.3443379998207092 0 0 0.6834118664264679 2.846780180931091 0.9951745718717575 0 0 0 0 0 0 2.647646367549896 2.775645151734352 1.215505957603455 0 0.8760785609483719 0.1200414896011353 0 0.5425950512290001 0 1.660289466381073 0.3158720731735229 1.468229621648788 0.8821995258331299 0.498852014541626 0.1458646506071091 0.1499692797660828 3.151025906205177 0 0.8530247211456299 0 0.6690130829811096 0 1.024714156985283 0.2454871088266373 0 0.3625499457120895 0 0 0 0.2901096194982529 1.274794802069664 0.9639688581228256 1.735254570841789 0.6719877272844315 0.981324702501297 4.328604534268379 163.0482700318098 62.97684764117002 335.3646074458957 37.86138758808374 39.91149090230465 80.53695419430733 4.174423731863499 44.15699664503336 14.37171331048012 0.4945380538702011 5.246864810585976 0.131884440779686 0 0 1.072088003158569 2.19526070356369 6.787518098950386 2.51872281730175
3427.543001696467 1062.530129723251 11.75302850455046 0 269.7783134430647 543.9253583848476 1445.203236475587 1.257896527647972 69.37252222746611 4246.634750917554 19.66500896215439 244.7597448378801 2067.326216898859 93.95680017769337 1.825213268399239 0 0 0.328630268573761 0 0 0 0 0 0 0 0.165816143155098 0 0 0.3716184198856354 0 156.4798004329205 1.29547518491745 0.9352933168411255 0 0 0 0.5106176137924194 0.1591327637434006 0.1625266671180725 0.1400481313467026 0.09967117011547089 0 0.1068159118294716 0.4646562337875366 0 0 8.339357607066631 2.098085321485996 0 0.3363578841090202 1.138934351503849 0 0 0 10.47336222231388 4.579844288527966 76.31659358739853 509.667776606977 60.96491622924805 72.13753360509872 0.391191303730011 0 0 21.78606831282377 8.635439775884151 1.792160086333752 0 0.5786603316664696 0.2818265184760094 1.000675052404404 1.043552041053772 0.2756596207618713 0.5075370073318481 178.4373164102435 43.19731725007296 51.09615138918161 31.1258651688695 1.655067920684814 0.461760014295578 1.366328217089176 1.609571665525436 1.448634043335915 17.56087063997984 0 5.117393516004086 2.598359063267708 1.910286299884319 0.1351162046194077 0.5753137543797493 0 0.2482590228319168 0 0.1500914543867111 0 0 106.8334265053272 2.049804538488388 0 0.6673366278409958 385.5643735826015 0 0 0 0 0.3811852931976318 0 0 0.6782686114311218 162.2502400130033 0.4415832757949829 0.4822527915239334 1.740898683667183 2.851081281900406 2.813289374113083 2.117403730750084 0 0 0 0 0 0 0 0 0 0 0 0 0 0 0.3816269636154175 0 0 0 0 0 0 0 0 0 0.9208841621875763 1.106555536389351 1.476841568946838 1.355101764202118 0 0 0 0 0 0 0 0 0.4325476288795471 0.2623088955879211 0 0 0 0.6260496377944946 0 0 0 0 0 0 0 0 0 0 0.4366770088672638 0 0 0 0 0 0 0 0 2.606457188725471 0 0 0 0 0 0 0 1.086564660072327 0 0.3786668181419373 0.2076432555913925 0 0 0 0 0 0 0 0 0 4.845166862010956 1.320643723011017 0.1476460248231888 108.0706696286798 15.28798983991146 188.0955078974366 11.20869048684835 858.6254770606756 69.97446762025356 2.732683643698692 23.71222367882729 0.417329415678978 0.1531940102577209 1.255563154816628 0 0 0 0 1.069504737854004 0 0
179.7530649751425 2335.362312436104 196.2648975253105 269.7783134430647 0 7.551203563809395 1370.761301472783 50.36682362854481 5068.387754060328 162.7809545844793 937.3589691147208 5.067379921674728 369.4473822116852 626.5378822237253 9.299103960394859 0.2965475022792816 0 0.5612300634384155 0.4391542077064514 0 0.3768293857574463 0 0.1561630219221115 0.1416959762573242 0.1726537495851517 0 0 0 0.5718688517808914 0 207.4397833272815 31.25011217594147 1.506519548594952 0.1806439757347107 0.2714676260948181 0.1606611907482147 2.399470433592796 0 2.119629263877869 0.7483112812042236 0.8540591076016426 0.6645426154136658 0.8774110227823257 0.6369427591562271 0 0.6794326901435852 46.14592806249857 4.080035746097565 0 0.3879312127828598 3.51365353167057 0.4848387539386749 0 0 12.69477155804634 9.086940929293633 15.15318666398525 247.8296670094132 32.0761978328228 101.4391276463866 0 0.1244400888681412 0.332349419593811 67.61060385406017 12.44590897858143 2.862293303012848 0 1.126407481729984 0.7030080929398537 1.624528385698795 39.72203654050827 0 0 116.1273552626371 62.13652800023556 100.7207615599036 146.3725895658135 4.10024431347847 2.240074157714844 7.073999390006065 1.152432903647423 3.704310745000839 18.20686704665422 1.355475664138794 7.791660457849503 2.79843208193779 3.741801396012306 0.0877438485622406 1.590206608176231 0 0.3367602303624153 0.3947129100561142 1.785900391638279 0.8198325783014297 0.9798184037208557 130.969905719161 9.8087397813797 0 0.1200615614652634 26.13965074717999 0.7152193486690521 0 0 0 3.529181450605392 0 0 1.573863178491592 7.380978018045425 3.209890380501747 12.77047307789326 14.26554404199123 15.35982644557953 14.30454580485821 33.35738830268383 0.9055235236883163 0.3170415610074997 0 0 0 0 0 0 0 0 0 0 0 0 0 0 0 0.2962879538536072 0 4.777714878320694 2.194988071918488 0.5204057693481445 0 0 14.94720083475113 0.5552988201379776 4.526456832885742 1.777654469013214 0 0 0 0 0.1481155604124069 0.1919912099838257 0 0 3.541706368327141 4.58002296090126 0 0 0 0 0 0 1.111780792474747 0 0.6168190091848373 0.7898844629526138 0.702730655670166 0.6337540745735168 0 4.664020031690598 2.058206498622894 0 0.5450811386108398 0 0 0 0 0 0 31.39612057805061 0 0 0 0 12.38949289917946 0.7982997894287109 0 0.9325218051671982 2.407092079520226 3.293236471712589 0.9141871482133865 1.221880868077278 0 0 0 0 0.3853379637002945 0 0 0 40.12449225783348 23.15775273740292 13.91100822389126 281.8649480044842 41.69409275054932 477.4628376960754 59.39626904577017 185.6417241841555 123.1898313984275 4.254981458187103 151.1329969912767 23.42190845310688 1.885181024670601 13.77262135595083 0.852910652756691 3.526678174734116 0 0 1.154394403100014 6.811760067939758 2.786655157804489
91.85043996572495 65.93046273291111 0 543.9253583848476 7.551203563809395 0 105.1694725602865 0 6.101649254560471 997.8222724050283 1.461129367351532 51.15907570719719 128.335333108902 39.61786033213139 0 0 0 0 0 0 0 0.6012067049741745 0 0 0 0 0 0 0 0 0 0 5.093289226293564 0 0 0 7.253159210085869 0 0.8919714093208313 0 0 0 0 0 0 0 0 0 0 0 0.2451557517051697 29.27605819702148 1.065590023994446 0.4635928124189377 0.6204841136932373 1.234847545623779 181.7193025648594 10.97445945441723 1.547605693340302 0.7543403506278992 0 0 0 0.2523352205753326 0 0 0 0 0 0 62.54799357056618 440.237086057663 17.74118706583977 0.8914567083120346 0.3343112170696259 0.1276065558195114 0 0 0 2.149277612566948 0 0.8849808871746063 0 3.500432193279266 0.1544129401445389 0.2036651372909546 0.2838064432144165 20.92261004447937 4.122310176491737 18.96436914801598 3.791498154401779 7.39633221924305 0 0.7789889574050903 1.251869589090347 340.5375886708498 430.7090357989073 34.57203209400177 15.20479060709476 228.2838273644447 0 0 0 0 0 0 0 0 5.980965256690979 0 0 1.434916496276855 0.1726268231868744 0.427796795964241 2.982778578996658 0 0 0 0 0 0 0 0 0 0 0 0 0 0 0.2241164445877075 0 0 0 0 0 0 0 0 0 3.17047230899334 0.4650793820619583 0.2561470866203308 0.4233423173427582 0.1428698003292084 0 0 0 0 0 0.215859055519104 0 0 0 0 0 0 0 0 0 0 0 0 0 0 0.5262314677238464 0 0 0 0 0 0 0 0 0 0.1525410264730453 0 0.7636060267686844 1.717400372028351 0 0 0.3611504733562469 0.3800628185272217 0 0 0 0.3920610845088959 0 0 0 0 0 0 0 0 0 0 0 3.072429731488228 5.437207296490669 3.033402055501938 5.070316478610039 1.714746385812759 0.9443952888250351 0.2617538273334503 236.2602230012417 4.209066316485405 1.033747330307961 0 0.1724389642477036 0.3637637495994568 0.6444237530231476 0 0 0 0 0 0 0
368.0127786844969 2489.82750479877 106.0161985605955 1445.203236475587 1370.761301472783 105.1694725602865 0 39.09889812767506 2776.055991820991 959.8756796866655 264.2877557352185 22.03709761798382 7100.540448658168 1485.880533911288 18.0107262134552 2.48628193885088 0.2820708155632019 0.8168392032384872 0 0.2603165581822395 0.4854879379272461 0 0.191796287894249 0.3606547862291336 0 0.6366403698921204 0 0.8859598934650421 0.8023592606186867 0 207.347578547895 33.37874592840672 12.89741335809231 0.490142896771431 0.511173278093338 0.3367356285452843 3.579771533608437 0.1907539814710617 0.8476732224225998 1.175865769386292 1.357393905520439 0.5765215456485748 0.1479132622480392 1.878608867526054 0.1595944911241531 0.6667073518037796 86.25327157229185 10.21611170470715 0.4506440833210945 0.6138880848884583 3.198889926075935 0.1468955278396606 0.1292579621076584 0.3316762149333954 17.84349104762077 14.3834825232625 48.36002470552921 464.506473004818 60.69365935027599 175.4057864844799 0.9435167461633682 0.52634596824646 0.4980864673852921 91.48491869866848 18.13993076980114 5.438795134425163 0.2339225634932518 1.613134957849979 0.3976440280675888 1.914464935660362 61.89807823300362 11.29650144279003 0 242.5994836390018 105.3697973191738 146.5277561843395 188.6129202544689 2.924029275774956 3.55286967754364 14.74893747270107 1.606529295444489 3.449073553085327 33.40962760895491 1.422724083065987 11.71091864258051 5.193338118493557 5.464996546506882 0 1.528826214373112 0 2.431900717318058 1.284921184182167 1.719331182539463 1.108448728919029 2.343533158302307 572.6418574750423 45.82041749358177 0 7.517899468541145 91.28250147402287 5.725537419319153 0.5518543869256973 4.619947463274002 4.952330946922302 14.79929374158382 7.453639969229698 0 8.464602470397949 33.44059453904629 11.80915774405003 32.7167631983757 47.79173888266087 59.72609758377075 40.72791646420956 89.51509743928909 1.677128344774246 0.7903748452663422 0.1726807951927185 0 0 0 0 0 0.4643974304199219 0 0 0 0 0 0 0 0 0 0.2177587300539017 14.76781110465527 10.46442338824272 0 0 0 41.56518742442131 2.087418913841248 5.712901711463928 1.087602943181992 0.7415341883897781 0 0 0 0 0 0 0 9.274922177195549 11.49602323025465 0.121969610452652 0 0.1252889335155487 0.7862105444073677 0 0 0.2776007354259491 0.1215151026844978 0.40627521276474 1.679894328117371 0 0 0.6596468091011047 13.50289238989353 2.73602893948555 1.594495624303818 0.2861509546637535 0 0 0 0.1266821622848511 0 0.2307514548301697 88.02707686275244 0.79680335521698 0 0.1817971616983414 0.1305848360061646 13.29368056356907 0.6414404958486557 1.437256827950478 3.351092614233494 5.304287746548653 10.20256735384464 2.443826153874397 3.842999562621117 0.6632208824157715 0 0.2306453287601471 0 0 0 0.3485292196273804 0 142.1415615975857 90.86498267948627 31.54227900505066 547.0197333171964 81.7302213087678 858.4106585532427 89.61513771861792 473.2497997581959 213.1985709816217 12.11420573294163 258.4786443710327 38.32478615641594 4.35510741174221 38.63024345785379 4.307967819273472 1.792851760983467 1.385109722614288 0 8.964882016181946 15.61702741682529 6.536325126886368
34.18895713984966 565.5372105538845 3358.928494431078 1.257896527647972 50.36682362854481 0 39.09889812767506 0 1283.91390170157 2.880831301212311 4497.143472447991 0.5288002043962479 196.2711635753512 768.9374813959002 73.82743862271309 40.38224344700575 5.5501499325037 8.645384386181831 0.5411098152399063 47.88621781021357 45.77740843594074 0 50.41050940752029 8.493732988834381 14.2585873156786 3.468499772250652 2.154803767800331 3.124051906168461 0.8600037172436714 0 862.3656801581383 2195.696808420122 22.79906184971333 25.90929791331291 50.77877673506737 26.98659248650074 15.24029083549976 5.833954900503159 6.657914698123932 5.927017495036125 73.46536006778479 6.815755032002926 29.66250570118427 18.79759315401316 7.961531981825829 16.56447939574718 88.22961232811213 7.939506381750107 2.522537991404533 12.56412310153246 4.015625536441803 0 0.2590377628803253 0.5862275660037994 6.236493200063705 4.680896192789078 15.9395649060607 323.2480299696326 16.07242583483458 74.31658650189638 146.7447260990739 9.045937389135361 39.75326201319695 187.8324733227491 6.691793277859688 8.92791622877121 3.761305093765259 22.3955409526825 35.07964415848255 272.3519979864359 2.530138202011585 1.146695792675018 0 85.48832973837852 61.45721052587032 138.2927943691611 276.8868892118335 37.96880508959293 2826.192291922867 3647.483142964542 670.2239728048444 1667.937462002039 11.99268268048763 0.3568187355995178 7.585515052080154 2.402464926242828 29.09849090129137 0 0.6198713555932045 0 1.214160032570362 1.118625365197659 122.6501875296235 4.38894184678793 2.142043516039848 0.6635957658290863 1.108306542038918 0 3.017249673604965 37.24512033164501 0.1326664686203003 0 0 0 0 0 0 0 0.3898201584815979 0 0.4002845138311386 0.1926178485155106 0 0.6015957593917847 0.7019501477479935 1.418116688728333 0.4070989042520523 0 0 0 0 0.3701322078704834 0.1543659120798111 2.496468275785446 0 0.1561162024736404 0 3.02187967300415 0 1.005529046058655 0 1.614765018224716 0.4399566352367401 0.3203272819519043 1.374364674091339 0.4507648050785065 0 1.565396025776863 1.234563633799553 12.21175619959831 7.4172323346138 14.80553545057774 15.34924875199795 6.833230599761009 0 1.070859342813492 0.3869419544935226 0 0 1.243830859661102 0 1.299354508519173 3.222961202263832 0 0 0.3358402699232101 3.149499326944351 0.8236183375120163 0 0 0 0 0 0 2.173993110656738 5.202603161334991 4.24516923725605 0 0.2492093294858932 0.3035334944725037 0.1270693838596344 0.1203645244240761 0.1368368119001389 0.2885509580373764 0.439394399523735 1.2900160998106 3.213674321770668 0.3474696278572083 0 0.1033789068460464 4.688224732875824 0.3779489398002625 1.798787385225296 0 0.9198917150497437 1.041345432400703 1.451806843280792 0 0.342621311545372 0.1739426106214523 0 0 0 0.5362551063299179 1.108945101499557 0.5117844939231873 1.340796247124672 0.6811393052339554 2.28552870452404 10.05811797082424 184.772393502295 51.15487789362669 373.8845944628119 42.73477127403021 23.66833375394344 52.72475898265839 1.990615837275982 68.13364721089602 19.20991738140583 1.507009536027908 9.755990520119667 1.206953763961792 0.8258698880672455 1.51048669219017 0 4.155522182583809 6.593039877712727 2.11501969397068
103.8199560716748 1880.757535926998 598.2001514807343 69.37252222746611 5068.387754060328 6.101649254560471 2776.055991820991 1283.91390170157 0 42.10784484446049 10012.49741304666 4.958503842353821 865.204919680953 1798.843549840152 28.90518897771835 8.104369275271893 0.4130080789327621 0.4475569128990173 0.1294264942407608 0.9811534136533737 1.382508724927902 0 2.060813188552856 0.7073880136013031 4.094838529825211 1.921345107257366 0.1383980065584183 0.8271310105919838 1.538136973977089 0 203.1246620491147 45.03761128336191 42.93991227447987 0.1345461159944534 2.782766036689281 5.178404003381729 26.27987937629223 2.652504995465279 2.369225457310677 1.206037156283855 8.529973454773426 0.5284832939505577 1.125109851360321 3.440156191587448 0.6749206781387329 1.311721086502075 81.42972955852747 5.431795544922352 0.6504935845732689 2.365794122219086 1.859939247369766 0 0 0 11.41931706666946 9.922293975949287 14.49372183531523 206.9057612493634 22.51800122112036 90.44903492182493 1.460435017943382 1.384861290454865 3.804511360824108 62.98633790761232 11.20596692711115 4.796600811183453 0.620635025203228 2.861269198358059 2.974564708769321 9.32707741856575 47.55915500223637 1.598962485790253 0.1660052984952927 103.5627088993788 57.97549765557051 119.2516726404428 156.6888123750687 7.873847164213657 3.984049364924431 69.73334594070911 3.651377141475677 17.00959680974483 17.8870879560709 0.4858256578445435 7.699576675891876 3.32523387670517 5.670457676053047 0.6355031728744507 1.24544819444418 0.1277629137039185 2.185996621847153 0.5238597169518471 9.132589466869831 0.5450350716710091 2.440394580364227 131.0559565275908 19.41228744387627 0 1.30492590367794 19.45148353278637 1.298308506608009 0.9309939742088318 0.3315456807613373 0 8.564081624150276 2.661649644374847 0.5286690592765808 3.636868596076965 5.794726669788361 5.036374047398567 20.66346009075642 21.36540739238262 19.99621573090553 14.36536867916584 40.66491115093231 1.712862446904182 1.371210470795631 0 0 0 0 0 0 0.5800908356904984 0 0.3204736709594727 0 0.1560900807380676 0 0.2953782230615616 0 0.602217048406601 0 0 4.37860444188118 3.161619946360588 0 0.3938514143228531 0.1757447272539139 25.51087506115437 4.560952141880989 8.138676390051842 4.059292785823345 1.924653559923172 0 0.3255624026060104 0.161491334438324 0 0.2192426919937134 0 0 2.641288161277771 6.053403794765472 0 0 0.3404423296451569 0.4411734044551849 0 0.1881625205278397 0.361469492316246 0 0.2622818574309349 1.204890117049217 0 0 2.41994509100914 5.741636916995049 3.004274502396584 1.065368510782719 0 0 0.2069466114044189 0 0 0 0.1476117372512817 39.69847187399864 0.3829037547111511 0 0 0.3024198710918427 5.053378283977509 0 0.2166701853275299 0.4798859506845474 0.9402758479118347 6.498947769403458 1.558219037950039 1.49867782741785 0 0 0 0 0.3074714988470078 0 0 0 59.50975041091442 46.59175243973732 13.36058066785336 401.4755440875888 62.59477492421865 588.5230462029576 69.63523446023464 118.246765345335 116.89066054672 4.188325293362141 169.0866254121065 20.21916416287422 5.167599618434906 17.36657226085663 3.620663933455944 1.832141757011414 0 0 5.017638698220253 13.38654711097479 3.9991155564785
1471.437874823809 92.52882131934166 7.017775759100914 4246.634750917554 162.7809545844793 997.8222724050283 959.8756796866655 2.880831301212311 42.10784484446049 0 11.7995128184557 3162.032201886177 8036.841933839023 1378.991724058986 7.900031343102455 1.749534837901592 0 0 0 0 0.1805240511894226 0 0.2323721051216125 0.1357897371053696 0 0.1611111611127853 0.2404884099960327 0 0.532365620136261 0 34.14305175840855 1.912288293242455 20.86645685136318 0 0 0 5.88775722682476 0.7112078219652176 0 0.3044105917215347 0.2958793193101883 0 0 0.4664407223463058 0.394915446639061 0 14.22128609567881 1.625650636851788 0 1.152792662382126 0.5386420711874962 0.4185303300619125 0 0.2616901695728302 5.974963322281837 3.385319173336029 28.30960293859243 152.2829386740923 20.28211598843336 40.80265686661005 0 0 0 10.78051486611366 4.916725136339664 0.6670841202139854 0 1.156624153256416 0.1681000143289566 0.4894534945487976 366.5556870996952 26.46614147722721 0.8428522199392319 62.41528089344501 21.3052064627409 32.24278773367405 22.52450086176395 0.7125307023525238 0.245259553194046 2.319464549422264 0.4701533168554306 0.2844025641679764 8.427064143121243 0.1376577466726303 2.812741190195084 0.7923109158873558 1.203937597572803 1.291271910071373 0.4960418865084648 1.102671563625336 1.412895932793617 1.167403370141983 1.887741670012474 0.81180140376091 0.2009031921625137 2182.307237803936 37.83913277089596 1.145839899778366 5.369039535522461 273.4924857914448 2.715986721217632 0.54398413002491 0.8937122225761414 3.122719556093216 11.25159293413162 5.753362208604813 1.360671743750572 10.79301419854164 135.8092465400696 21.24074359238148 31.57084019482136 65.23197236657143 86.25180657207966 54.57749047875404 84.06579853594303 1.088638983666897 1.849908664822578 0 0.2431183457374573 0 0 0 0 0 0 0 0 0 0 0 0.2547637522220612 0.1640636920928955 0.1590588241815567 0 4.474308416247368 7.25575889647007 0 0 0 25.84446541965008 1.236942529678345 3.666933238506317 2.994906961917877 0 0 0.2117954939603806 0 0 0 0 0 3.676214307546616 9.187485545873642 0 0.178142786026001 0 1.475061520934105 0 0 0.2697067558765411 0 0.534402146935463 2.639886282384396 0.2416701316833496 0.789586216211319 0 10.63867221027613 2.261597499251366 1.620250590145588 0.8435544371604919 0.1204331964254379 0.2296185940504074 0 0.4408475309610367 0 0.4086219370365143 96.82601964473724 0 0 0 0 12.59432588517666 0 2.020325005054474 4.32019992172718 3.437667720019817 8.436784997582436 1.9929358959198 3.435224585235119 0.1258610337972641 0 0 0 0 0 0 0 162.8174525350332 84.34545664489269 23.33824929594994 268.7464040219784 14.90110471844673 157.7226926609874 14.84375832229853 1165.406110823154 54.150027371943 2.50399224460125 50.57146900892258 22.44926454126835 2.34409387409687 18.43177260458469 2.196445614099503 4.604011118412018 3.426688581705093 0.8937810659408569 8.34268493950367 2.611836835741997 0.6440548598766327
219.8283262848854 2067.18243663013 1585.575768515468 19.66500896215439 937.3589691147208 1.461129367351532 264.2877557352185 4497.143472447991 10012.49741304666 11.7995128184557 0 6.775772497057915 905.0092967003584 2966.329530663788 116.6945195794106 58.67927447706461 7.071566633880138 2.128864452242851 0.5962476879358292 4.257031172513962 17.72766046226025 0 16.39592529833317 3.613561883568764 61.22853875905275 6.175021231174469 7.327339038252831 1.343078471720219 1.900595612823963 0.5213032066822052 578.1565948426723 221.7260617762804 540.9019016623497 5.498104199767113 19.92651893943548 72.32312892377377 255.9971617162228 52.64113096892834 32.77700379490852 45.1804923415184 57.24632559716702 2.125449828803539 2.59651654958725 16.87069269269705 7.293608292937279 12.70884339511395 158.8683118596673 6.638837918639183 0.5400570631027222 2.389171868562698 6.652096323668957 0 0 1.093242913484573 7.822979189455509 8.522966802120209 17.75136313587427 309.6027312129736 32.38724582642317 108.3737415149808 9.819900572299957 21.31642472743988 37.86580301821232 101.1660497188568 9.952311523258686 6.743014045059681 2.941511914134026 6.952124401926994 8.16639781743288 88.38304652273655 73.46162174642086 6.946575790643692 0 95.38587747514248 67.03539188951254 198.23331297189 276.8322180509567 29.54123301804066 336.103950381279 1590.182925179601 24.15253385901451 186.7973179295659 15.28684254735708 0.9070714712142944 8.913959659636021 2.932890966534615 14.6329894438386 0.32594895362854 1.96245751529932 0 1.490658797323704 3.247014090418816 59.73866818845272 4.447852522134781 2.324855551123619 20.26206134259701 6.897726371884346 0.0896281823515892 6.492196619510651 47.59379331767559 0.4812303185462952 0.267831414937973 0 0 2.002896368503571 0 0 1.383289635181427 3.679100960493088 0.1563940942287445 2.965750157833099 5.594613820314407 2.545670673251152 2.157320991158485 17.26086185872555 2.081910595297813 1.087153106927872 0.1496412605047226 0.2603320181369781 0 0 0.1331395953893661 0.1583968997001648 0.5691055208444595 0 0.7890847027301788 0.478870302438736 2.034502133727074 0.505079984664917 0.8143609166145325 0.448526069521904 2.373240575194359 0.9939982742071152 0.3300033807754517 2.512480586767197 2.370038017630577 0.1380411386489868 1.215102866292 0.9290963411331177 21.45860379934311 10.65632539987564 24.28942689299583 22.14758105576038 5.886698082089424 0 0.1312977969646454 0 0.177872508764267 0.338317483663559 1.997521072626114 0 3.269623711705208 7.577309921383858 0 0.3941226601600647 1.111452385783195 4.542425885796547 0.7921153604984283 0.1240858733654022 0.1572741717100143 0 0 0 0 3.4818065315485 6.168477937579155 7.07233989238739 0 0.4889666587114334 0.9499926865100861 0 0 0.1931587308645248 0 0.2149613052606583 0.1283157616853714 14.29673646390438 2.190206304192543 0 0 0.5833690762519836 2.957583576440811 0.7415880858898163 2.261553540825844 1.694187879562378 0 3.083941623568535 0.3742774873971939 0.864700585603714 0.8136684894561768 0 0 0 0.4031074494123459 1.199738338589668 0 0.3109149932861328 8.506254911422729 23.9999660551548 27.85002338886261 507.9239794611931 96.4444226026535 653.51596236974 97.74717648327351 70.5588254481554 123.8676848709583 4.300549201667309 195.4324087649584 39.13714301586151 4.785522148013115 14.36839726567268 3.999034255743027 1.447297424077988 1.712507680058479 0 5.755906134843826 20.21008856594563 5.369256570935249
104.1558656096458 1.467193841934204 0.2083721160888672 244.7597448378801 5.067379921674728 51.15907570719719 22.03709761798382 0.5288002043962479 4.958503842353821 3162.032201886177 6.775772497057915 0 3091.463022001088 1104.325054332614 21.27229514718056 8.270629197359085 0.1258051097393036 0 0.4832222312688828 0 0 0 0 0 1.155754745006561 0 0.09552177786827087 0.1659460961818695 0 0 1.23022498190403 0.1612555980682373 103.6025040149689 0 0 0 27.47060878574848 0.4420007765293121 0 0.1463532745838165 0 0.1824219524860382 0 1.810368835926056 0.2529222667217255 0.1787427812814713 18.96884134411812 0.1408134251832962 0 0.210313469171524 0.5606953725218773 1.016712218523026 0 0.1749526411294937 0.7434226050972939 0.4282558113336563 0.9695951640605927 4.81142695993185 1.706238776445389 9.127924628555775 0 4.02252434194088 0 1.150661811232567 0.3321356177330017 0.4935280680656433 0 0.08450006693601608 0 0.2784157544374466 287.762733310461 25.43640942871571 1.615569293498993 8.643072582781315 4.166761830449104 21.23240370303392 21.4579199925065 7.470264345407486 0.1345267593860626 31.00408901274204 0.2939030081033707 4.649950034916401 1.221257798373699 0 0 0.3264717683196068 0.6541846096515656 0.2206631451845169 0 0.4838986545801163 0 0.5615518838167191 1.208413653075695 0.2437224239110947 0 1715.388836190104 13.98594790697098 0.6365438103675842 1.503935962915421 10.3894711881876 3.400287710130215 0.3324744701385498 1.46591392159462 1.905439496040344 6.975976020097733 3.859907001256943 0.5796552747488022 7.960599407553673 7.20505478978157 7.574375629425049 29.38901604712009 38.87432456016541 41.59481057524681 34.85395902395248 67.98946568369865 2.058724321424961 2.54347787797451 0 0 0.2020012587308884 0 0 0 0.5735024362802505 0 0.1597587466239929 0 0.3470648229122162 0 0 0 0 0 0 7.508143790066242 8.150456517934799 0 0 0 40.25921855866909 2.225019544363022 4.614883124828339 4.284109696745872 0.5751264244318008 0 0.1261402070522308 0 0 0.3234884142875671 0.1743244379758835 0 4.297650501132011 6.1014653891325 0 0 0 0.5303986072540283 0 0 1.666661292314529 0 0.1926348805427551 2.701700329780579 0 0.29023128002882 0 8.367205694317818 3.801083490252495 1.144746191799641 0.8600100055336952 0 0 0 0 0 0.3450942933559418 75.37920953333378 1.671029612421989 0 0.2765001654624939 0 12.01494190096855 0.8175051808357239 0.7391244769096375 5.094878844916821 6.006925739347935 5.861274674534798 4.622908383607864 3.350246466696262 0.2260579764842987 0 0 0 0 0 0 0.4276018142700195 123.9503668546677 82.59896260499954 20.67417357861996 128.3424145281315 8.91363950073719 92.76205024123192 18.47706100344658 32.50547504425049 13.00972504913807 0.1810466051101685 31.13800606131554 25.95392265170813 1.963769257068634 19.12944561243057 1.57326240837574 2.356275722384453 1.216428861021996 0 4.983821161091328 1.786158457398415 1.312934994697571
219.819358304143 357.4465465396643 108.776494808495 2067.326216898859 369.4473822116852 128.335333108902 7100.540448658168 196.2711635753512 865.204919680953 8036.841933839023 905.0092967003584 3091.463022001088 0 2520.987385675311 92.28032627701759 31.7523151487112 2.447907626628876 1.559165924787521 0.4803584218025208 1.087249532341957 2.895968370139599 0 1.632463991641998 0.9259096086025238 6.024596013128757 2.545571252703667 1.470394514501095 1.547132879495621 3.922781065106392 0.4224740192294121 80.59192608296871 29.20143289864063 259.3931818529963 1.366789370775223 3.368558637797832 10.35895588994026 85.55095089972019 6.457783639431 10.19210465252399 5.949132442474365 9.46481242030859 1.405279487371445 0.9271832183003426 4.34159991145134 1.773958124220371 2.850827090442181 148.8871699944139 6.38063321262598 0.6164049133658409 1.995755463838577 6.869284018874168 0.5137398689985275 0 0.8241113871335983 12.7442824319005 10.39692584425211 19.4569718837738 169.5962913259864 32.83629049360752 115.4830691441894 1.125342711806297 7.31541583687067 3.410875558853149 66.60991240292788 12.85777557641268 8.317703239619732 0.7228944450616837 4.768672905862331 3.332633174955845 10.87017704546452 417.9006114825606 31.37350465357304 1.00413703918457 127.5304073393345 57.80387882143259 171.2693565413356 207.7576364055276 21.60880145430565 1.635381743311882 63.10856197029352 1.649062179028988 13.53884928673506 17.73352120816708 1.365224920213223 9.394040264189243 6.802904941141605 10.66125483065844 0.3190813213586807 4.666235357522964 0.848374217748642 4.655273504555225 3.075022518634796 12.79534957557917 3.751976601779461 2.23609384149313 2465.268162712455 43.97214519232512 1.457204341888428 12.38219384104013 43.10847900807858 10.57898336648941 6.616816714406013 14.91049195826054 32.31992043554783 53.76354594528675 24.18576860427856 4.675728246569633 25.58889779448509 232.9213133901358 35.00936675071716 94.74521502107382 363.6167319566011 169.1217488497496 119.0476728528738 285.3653455078602 7.544116735458374 5.773963138461113 0 0.4341671466827393 0 0 0.5249140858650208 0.2780864536762238 0.929100513458252 0 0 0.2104078084230423 1.438068851828575 0.1763840466737747 1.482172667980194 0.8239979892969131 0.4821644723415375 0.4441940188407898 0 38.20792108029127 32.27250172197819 0 0.7121123373508453 0.185856819152832 94.83444264531136 9.171211212873459 22.85731621831656 7.081060692667961 0.7777136415243149 0 0.1484111994504929 0.2231907993555069 2.549766600131989 0.7936360836029053 1.723618626594543 0 14.48196539282799 30.2034921720624 0.3253745883703232 0.4248388111591339 0.878400057554245 2.406734347343445 0.4984907805919647 0.383789986371994 1.587824672460556 0.579806923866272 0.9958812743425369 5.123192012310028 0 0.4059218168258667 0.6490460336208344 40.74551635980606 12.31831061840057 5.045723356306553 1.817343816161156 0.1467264592647552 0.9685342013835907 0.3897473067045212 0.6317025423049927 0.2638362944126129 0.3667206168174744 269.0455833375454 3.542265966534615 0 0 0.9711555540561676 41.89079533517361 1.640450730919838 5.566460877656937 13.35138189047575 22.41877578943968 27.97427959740162 7.838477902114391 12.82080660015345 1.387281984090805 0.1876375526189804 0 0 0.5839047729969025 0.8681941777467728 0.6311820298433304 0.3569898009300232 505.3193308264017 306.7605111002922 73.98210071027279 807.362240627408 148.8041118830442 800.6688100546598 138.9894410669804 298.5332655087113 200.471800878644 6.503961056470871 304.4577873125672 99.84829017519951 9.160270422697067 70.10369784384966 13.09826812893152 8.993716061115265 4.737728126347065 0.136695384979248 17.37343661487103 28.51421249657869 10.51809769868851
