0 4663.080465808511 473.7554571703076 771.6355769187212 151.077072776854 145.0992613136768 291.9729811400175 1.123797602951527 22.162274338305 812.9653616994619 22.01007124036551 239.0160552561283 302.7121824547648 28.46408328413963 1.252459034323692 0.1086898371577263 0 0.3552651703357697 0 0.2060054466128349 0.2090160176157951 0.162064865231514 0 0.1050259545445442 0 0 0.1085615381598473 0 0 0.08996639400720596 696.8196983709931 0.1165415048599243 1.806292235851288 0 0 0 3.421025454998016 0 1.336790978908539 0.09167304635047913 0 0 0.09174650907516479 0.2217495888471603 0 0.2331523299217224 8.468270152807236 1.232181176543236 0 0.2441514059901237 0.5867363065481186 0.3488726615905762 0.2726614773273468 0.1987009197473526 6.041431456804276 7.785593673586845 311.0974640548229 1032.698773786426 15.04483334720135 5.155035115778446 0 0.3259652182459831 0.07663356512784958 1.646325342357159 7.715449325740337 2.328062169253826 1.813040547072887 2.302081450819969 0.4417257234454155 0.5073620676994324 31.26689970493317 13.82390350103378 0.4547375589609146 193.0995972603559 103.0581447333097 27.34995229542255 2.218391835689545 0.372735470533371 0 0.8058118596673012 0 0.214191660284996 10.95777489989996 1.11847073584795 3.197398751974106 7.44668684899807 1.987985692918301 0.6580914556980133 1.209213107824326 0.7982807457447052 0.5898586958646774 1.023254796862602 0.3873410895466805 0 0 186.6979075148702 42.89892944693565 0.2234956622123718 3.827023953199387 2219.974931769073 0 0.3554616272449493 2.571023434400558 0.9047103375196457 0 3.46793021261692 0 0.9291152656078339 2.529930591583252 1.408998548984528 0 4.30493076145649 3.680186033248901 1.443336755037308 0.4617521613836288 0 0 0 0 0 0 0 0 0 0 0.1136769726872444 0 0 0 0 0 0 0 0 0 0 0 0 0 0.5791924893856049 0 1.089807987213135 0 0 0 0 0 0 0 0 0.2821897268295288 0 0 0 0 0 0 0 0 0 0 0 0.3875374794006348 0 0 0 0.7893612831830978 0.1566080302000046 0 0 0 0 0 0 0 0 1.443133138120174 0.8879969716072083 0 0 0 0.1352604478597641 0 0 0 0 0.5598180890083313 0 0 0 0 0 0 0.1030724793672562 0 0 0 3.181009411811829 0 0.7052479237318039 156.7650653794408 8.059265822172165 98.83873923867941 18.71386654675007 778.8111078515649 22.70757097005844 5.09228041023016 16.75003436952829 0.1740992218255997 0 0.8786464631557465 0 0 0 0 0 6.279076367616653 0
4663.080465808511 0 1364.596848033369 2582.840056799352 4329.370074018836 550.9515634253621 4097.63428004086 65.60897894203663 1068.821218423545 1770.016470618546 911.3554280698299 94.62199046462774 1075.607217416167 445.3989726081491 29.72348539531231 0.8199978396296501 1.208615936338902 0.2659586891531944 0.1083694100379944 0.7528634816408157 1.041679233312607 0.1475624889135361 0.2918070554733276 0 0.08490632474422455 0.7474490851163864 0 0.811101920902729 0.1907584443688393 0.1947148889303207 3011.197066783905 12.01501477509737 13.80283288657665 0 0.09359971433877945 0.3500646352767944 7.449760742485523 1.148825518786907 3.296948336064816 0.9453793615102768 0.6005385145545006 0.5014893412590027 0.8977920785546303 2.181446023285389 0 0.9101929217576981 104.8324942961335 7.638565242290497 0.4849736243486404 0.8921269103884697 3.720392465591431 0.774699941277504 0.4602977931499481 1.283047668635845 24.82538934797049 29.83888524770737 201.9793515950441 1604.412184588611 21.30153791606426 65.86061222851276 0.363170400261879 5.051336996257305 0.2672470286488533 83.56985711306334 28.86343798786402 13.16508015245199 8.074533842504025 18.99311849474907 0.9422290474176407 1.776039861142635 20.27359621226788 0.5035200715065002 0 340.1371644362807 667.3360335752368 377.4526230171323 100.2466726303101 2.26763604581356 0.1253619492053986 32.53513866662979 0 3.183022946119308 55.9506001546979 4.873869828879833 20.33595697581768 24.21830826997757 6.192613892257214 1.562857650220394 5.038615703582764 0.1054150089621544 2.685475811362267 0.9159524068236351 1.497219942510128 0.2505469620227814 0.478872112929821 199.6080559641123 29.50074230879545 0 1.814826980233192 1448.911721587181 0 0.1848172098398209 3.54752305150032 3.346511498093605 0.6381876468658447 48.17236979305744 2.946899652481079 14.51032556593418 221.583477601409 18.75135292112827 2.126767158508301 41.10188218206167 37.43561443686485 15.29878653585911 6.992462754249573 0 0 0.4339243769645691 0 0 0 0 0 0 0.3399277627468109 0.1057479903101921 0 0 0 0.3115754425525665 0 0 0 0 0.8469076901674271 0 0 0 0 2.375771462917328 1.847574830055237 5.353673823177814 0.3163579478859901 0.1944078356027603 0 0.4717459678649902 0.1027676314115524 0 0 0 0 0.3848927021026611 2.716760516166687 0 0 0 0 0 0.09006570279598236 0 0.4107356145977974 0.7673183083534241 1.731479346752167 0 0 0 13.18129422515631 0.5900461077690125 0.4699485599994659 0.1250515580177307 0.09994389861822128 0 0 0.1121148616075516 0 0 15.80754129588604 0.2331430315971375 0 0 0 2.073746487498283 0 0 1.001005291938782 1.665858373045921 0.9542662799358368 1.337156176567078 0.6333309412002563 0 0.2568735107779503 0.2053810805082321 0 0.3451066538691521 0 0 0 14.53063298761845 0.2708317935466766 1.4847472012043 604.4989046305418 45.00576067715883 519.022669352591 50.03851000219584 882.1394314393401 93.26201728731394 16.0245663523674 82.56134735047817 2.010682091116905 0.2699186950922012 1.507133364677429 0 3.578341946005821 0 0.18153365701437 1.309020414948463 34.40989875048399 0.344265878200531
473.7554571703076 1364.596848033369 0 5.497839920222759 1128.771892204881 3.719652034342289 169.7075310945511 1934.900850906968 635.8965964987874 4.446195386350155 4264.428861699998 4.525897830724716 492.740318082273 829.4793414473534 40.91948819160461 10.87039356678724 13.82296767830849 37.14014004170895 4.769283160567284 142.8542557880282 366.2062992826104 0.1253746151924133 5.602623991668224 2.86796960234642 17.6905899271369 41.21164481341839 26.44008836150169 5.294352769851685 2.657306388020515 3.751354090869427 7370.452511005104 764.5700227543712 159.9028087630868 15.66945875436068 2.875569678843021 15.87394514679909 23.28761091828346 6.544873401522636 3.805962160229683 5.270963944494724 63.9537161514163 7.603340588510036 76.21551342308521 6.556659393012524 13.44856701791286 21.57329220324755 95.82066504657269 5.098321475088596 11.15965691953897 34.36397481709719 33.69684517383575 1.542488262057304 0.2362433969974518 1.17993089556694 13.40072346478701 24.50946243852377 133.4558926895261 2596.834180727601 10.98749168217182 39.87160955369473 30.37605845928192 103.7527404129505 29.41960019618273 766.2116198688745 22.63866373896599 8.356831021606922 8.258249521255493 32.20231641829014 144.8331904113293 320.6287428215146 14.46035687625408 0.1330691874027252 0 209.4890094846487 639.3740483000875 271.6535487622023 141.4669841453433 21.56758289039135 198.6973791271448 2829.300688058138 1.970660321414471 549.5110655501485 33.52373212575912 3.518100865185261 16.2291357666254 19.97669894248247 35.51348225027323 0.7745624333620071 3.790337383747101 0.1172450929880142 2.814345419406891 0.6373594775795937 98.2384909465909 17.18399918079376 2.873594753444195 1.172808617353439 0.5485815554857254 0 0.8830244839191437 615.6225422471762 0 0 0 0 0 0.6708613038063049 0.1327598989009857 0.7633904963731766 0 0.5424182787537575 0 1.285505890846252 1.701421558856964 0.8141738325357437 1.217959865927696 0.1504752933979034 0 0 0 0 0 0.1006976738572121 0 0 0.1345398724079132 0.1165090203285217 0 0 0 0 0.09634298086166382 0 0.1207507401704788 0 0 0 0 0 0 1.212499693036079 1.387110665440559 3.640249133110046 0.3993397951126099 0.3328704535961151 0.125858873128891 0.2378313839435577 0 0 0 0 0.1121301129460335 0.3797084987163544 0.9481079280376434 0 0.3590140640735626 0.1343924105167389 0 0 0.1262813061475754 0.1221327260136604 0.1036599352955818 0 0 0 0 0 2.39505760371685 0 0.2357641905546188 0 0.3688891381025314 0.1114597246050835 0 0.2379535436630249 0.2581937983632088 0.2536450326442719 0.4298194646835327 0.566333681344986 0 0 0 0.31020388007164 0 0 0.2811371088027954 0 0 0.2545911595225334 0.111657090485096 0 0.3414392024278641 0.09557885676622391 0.1542858481407166 0 0.2254909574985504 0 0 0.2198557108640671 0 1.774756491184235 188.0254267156124 30.56796756386757 325.0234805047512 36.22024560719728 68.38118556886911 48.65945642441511 10.08724349737167 39.44844157248735 1.607919678092003 0.2519335746765137 0.5707726702094078 0.1221383139491081 0.4751513600349426 0 0.1334912329912186 0.385978028178215 5.927333749830723 0.400555357336998
771.6355769187212 2582.840056799352 5.497839920222759 0 66.04796809703112 300.7875890433788 1329.858594104648 0.3252623975276947 19.6486855968833 1938.339213326573 1.296042941510677 1022.098490953445 1599.101934954524 113.377733707428 5.927481442689896 0.2881958782672882 0.1852620393037796 0.1496923416852951 0 0.3909951373934746 0.4637293070554733 0 0 0 0.5795728713274002 0 0.4260759353637695 0 0.1186028942465782 0 46.1289095506072 0.5472144186496735 3.020400628447533 0 0 0 4.675361126661301 0.08809142559766769 0.1728251725435257 0.1255697906017303 0.4355616569519043 0 0.2337876707315445 0.2940666377544403 0 0 17.8861233368516 0.6744436174631119 0 0 1.089792594313622 0.3224845081567764 0 0 3.255221121013165 4.100458741188049 24.74893725663424 125.1009950190783 1.728658683598042 8.871941290795803 0 0.5141537040472031 0 7.406821295619011 2.697641558945179 1.228020213544369 1.511225782334805 3.052113085985184 0.540659062564373 1.265672072768211 43.88200781494379 0.5299819111824036 0 35.08835615217686 75.22285481542349 46.18954507261515 13.67698009312153 0.1265415847301483 0.1222471371293068 1.099201127886772 0 0.3246854469180107 6.857963010668755 0.2876593023538589 2.858946837484837 3.853728480637074 0.3359330743551254 0.2104879692196846 0.4291809871792793 0 0.2680838108062744 0.1277153789997101 0.1381301283836365 0 0.1312867105007172 161.4288493990898 110.6693817973137 0 0.8751798421144485 168.8179024234414 0 0.7421873658895493 5.014946401119232 2.420007422566414 1.400918662548065 23.5382672175765 1.079164534807205 11.75656425952911 65.1524498462677 20.88481166958809 2.564460754394531 33.57934214174747 32.59112903475761 10.69236977398396 5.850036650896072 0 0 0 0 0 0 0 0 0 0 0 0 0 0.1693465709686279 0.2694729566574097 0 0 0 0 0.5601148009300232 0 0 0 0 1.256613209843636 0.9681121781468391 3.718911662697792 0 0 0 0.1533663123846054 0 0 0 0 0 0.1276422590017319 0.873834952712059 0 0 0.2252000421285629 0 0 0 0 0 0 0 0 0 0 2.115392468869686 0 0 0.6856074333190918 0.1015206202864647 0 0 0 0.125893622636795 0 8.028705634176731 0 0 0 0 1.962542027235031 0.161304846405983 0 0 0.8856101036071777 0 0.9169093072414398 0.1339869946241379 0 0 0 0 0 0 0 0 17.48704768717289 0.364934504032135 0.5569602102041245 90.912672534585 7.739424474537373 67.84568607062101 9.006257258355618 197.1119031086564 11.92048581689596 2.58226553350687 16.52899095416069 0.8078439086675644 0.1024091392755508 1.070034578442574 0 2.189296737313271 0.5034217834472656 0 2.637629151344299 118.1922832131386 3.036346197128296
151.077072776854 4329.370074018836 1128.771892204881 66.04796809703112 0 63.986925303936 3097.970787011087 228.5886650383472 5641.882254317403 226.0151313692331 602.4345374703407 76.26432887464762 1386.22538844496 968.9510795399547 42.11230403929949 1.12178111076355 0.2541450038552284 1.258365117013454 0.6786281019449234 0.2559554204344749 0.3861166164278984 0.1503716856241226 0 0 0.2249435856938362 0.2437925785779953 0.1908001005649567 1.715012937784195 2.778227500617504 0 342.696511939168 15.51035350561142 18.66075026243925 0 0 0.1221079975366592 8.200722903013229 1.207423351705074 2.399133205413818 0.9225342199206352 0.7365821078419685 1.568905919790268 0.6471153795719147 1.843017101287842 0.1671779826283455 0.4415673911571503 145.9793833941221 6.229804083704948 0.8004737943410873 0.575774222612381 4.996735692024231 2.344868309795856 0.733599066734314 2.584807224571705 10.15128511190414 15.88537470251322 34.19973378628492 300.8693321347237 3.356703653931618 70.67540237307549 0.6835056841373444 4.913135260343552 0.3310240134596825 107.591243006289 12.6590269356966 7.416472688317299 7.26820270717144 10.36031882464886 0.9443947896361351 4.072056457400322 58.63627128303051 3.37437991797924 0 102.6519309282303 320.8762743994594 377.659691169858 202.6813816651702 4.292128458619118 0 16.41474561393261 0 4.447267554700375 27.1191810593009 1.423843815922737 11.47377298027277 14.81300915777683 6.172216646373272 0.08122491091489792 2.407281070947647 0.7121199369430542 2.855107635259628 2.50418595969677 1.375659100711346 1.927383281290531 1.769619382917881 205.4356045871973 2.546444527804852 0 1.73788420855999 66.41490609943867 0.8252375870943069 3.871301725506783 15.06810048222542 12.99016194045544 5.492122307419777 133.2773806750774 6.274005554616451 59.45191214233637 21.15594564378262 66.01028160750866 6.174640223383904 170.0713411346078 177.3943832740188 69.58265417814255 47.29204206168652 0.454680010676384 1.292705342173576 0 0 0 0 0 0 0.484405443072319 0.5150867849588394 0.2640377283096313 0.6740690767765045 0.1844362616539001 0.4056375175714493 0.6964527815580368 0.6157996654510498 0 1.144794926047325 0.8372447043657303 8.048752307891846 0.3509346395730972 0 0 0 7.68670117855072 8.182933136820793 25.72355312108994 0.3143100589513779 0.4158721417188644 1.310082882642746 0.5863848924636841 0 0 0.2206033170223236 0.8800492286682129 0 0 7.167664229869843 0 0.1098111644387245 0 0 0.2783426642417908 0 2.303126454353333 0 0.2489024847745895 1.227082222700119 0 0 0 42.26982472836971 4.926020056009293 1.70309354364872 0.6997846364974976 0.102858267724514 0.1658587604761124 0.4072464853525162 0 0 1.621823683381081 94.92737822234631 0.8305533826351166 0 0.1330907940864563 0 3.341881677508354 0 1.364650592207909 6.280640453100204 5.826283261179924 4.175887532532215 1.539151847362518 5.047409161925316 0.3463819622993469 0.1888220831751823 0.2010940536856651 0 0 0.3818767741322517 0.6785449981689453 0.7609452605247498 86.21574877202511 4.495942011475563 9.218739449977875 640.0209638625383 65.53136824071407 622.2848731055856 78.35870557278395 113.8601656556129 132.4651421830058 17.81560971587896 164.1760379374027 5.908343255519867 2.663955099880695 9.721663229167461 2.011550709605217 7.603820934891701 0 0 0.9342701733112335 13.18135134130716 0.4550546258687973
145.0992613136768 550.9515634253621 3.719652034342289 300.7875890433788 63.986925303936 0 286.1440805196762 0 30.68388412892818 430.3628493100405 0.1436789482831955 201.6651638448238 252.2980642095208 15.60008262842894 0.5669211149215698 0 0 0 0 0 0 1.064173892140388 0 0 0 0 0 0 0 0 26.13584795594215 0.2116495370864868 3.067052930593491 0 0 0 5.075928255915642 0.2727413773536682 2.340736612677574 0 0 0 0 0 0 0 2.089349657297134 0 0 0.1001089513301849 0 3.237547487020493 0.7249581515789032 0 1.002875432372093 1.402142994105816 64.02479759603739 59.46788558363914 3.468086540699005 0.5126931667327881 0 0 0 0.2230882346630096 1.088319785892963 0 0 0.08729434758424759 0 0 114.7272388041019 75.8328130543232 1.243852466344833 12.93800899386406 8.580715693533421 2.905155092477798 1.214326605200768 0 0 1.184030324220657 0 0.8326191306114197 0.3868354707956314 0 0.3853133991360664 1.442977368831635 0.3404080346226692 3.878389671444893 1.183963388204575 12.04004833102226 0 0.8641150891780853 0 0 0 445.1497246772051 121.942902982235 5.139413744211197 17.18022665381432 397.8049514070153 0 0 0 0 0 1.480692461133003 0 0.9786126315593719 2.936946168541908 0.982554703950882 0 1.463505551218987 0.6012623012065887 0.9369976818561554 0.4628100991249084 0 0 0 0 0 0 0 0 0 0 0 0 0 0 0 0 0 0 0 0.1360686868429184 0 0 0 0 0 0.133356973528862 0.3800569176673889 0 0 0 0 0 0 0 0 0 0 0 0 0 0 0 0 0 0 0 0 0 0 0 0 0.4963332563638687 0 0 0 0 0 0 0 0 0 0.777814045548439 0 0 0 0 0 0 0 0 0 0 0 0.1519817113876343 0 0 0 0 0 0 0 0 0.3381025642156601 0 0 9.535275742411613 1.271147601306438 7.213918186724186 0.9543629139661789 101.5337647423148 2.499463096261024 1.035077266395092 2.564229406416416 0.5490797162055969 0.1172292828559875 0 0 0 0 0 0 0.8140637427568436 0
291.9729811400175 4097.63428004086 169.7075310945511 1329.858594104648 3097.970787011087 286.1440805196762 0 3.105386704206467 1267.014285996556 2631.685151465237 90.54801496863365 329.8475719764829 2627.000103130937 464.2163579389453 36.29697053879499 0.7379894480109215 0.2467203810811043 0.3435066565871239 0.4447434842586517 0.7134677618741989 0.8854290619492531 0 0 0 0 1.507475972175598 0 1.294036462903023 2.726596407592297 0.4658315181732178 100.8870235159993 11.29204311966896 16.43333648145199 0.1081437170505524 0 0.1893574520945549 8.493462346494198 0.5430381372570992 4.193038120865822 1.036193050444126 0 0.8577807024121284 0.6256081908941269 0.7520726174116135 0.2100766599178314 0.4316025748848915 133.4340509772301 4.583691835403442 0.4222753345966339 0.2142808139324188 4.160749390721321 1.79133515805006 0.2876201272010803 1.166858419775963 9.252087317407131 16.19571253657341 50.19977860897779 296.8852648884058 3.491101384162903 67.60902027785778 0.2829485610127449 3.565844230353832 0.4652755782008171 70.15559352934361 16.26073560118675 6.078708827495575 5.527806431055069 10.63412395864725 1.531535990536213 2.228495627641678 68.29818477481604 1.879385828971863 0 119.0293038785458 325.2964637875557 342.6720905303955 162.9793641716242 1.581846430897713 0 14.36958445608616 0.2803561016917229 6.431392885744572 26.61731893569231 1.829125627875328 14.0244235470891 15.697026476264 6.051175430417061 0.1074672415852547 3.314870834350586 0 3.096653647720814 1.308376602828503 1.427026174962521 2.506586857140064 3.254146553575993 753.354870736599 65.05383592844009 0 1.76041205227375 198.9884675219655 2.938064746558666 5.497877523303032 24.90364941954613 22.6628302782774 10.44139259308577 248.4859540686011 10.98760177195072 124.2636333927512 80.44453307986259 123.6276125311852 14.37048634886742 326.3648219704628 282.3747090548277 134.1442947387695 70.41021947562695 0.7804318219423294 1.144356817007065 0.1524069309234619 0 0 0 0.1319817155599594 0 0.7599812746047974 0.8746525794267654 0 1.252014115452766 0.2519424855709076 0.6197555214166641 2.884570702910423 0.8711398243904114 0 0 1.555789351463318 9.44324754178524 0.6863723248243332 0 0 0.3795194327831268 13.11877004802227 8.857263311743736 29.97267479449511 1.008371904492378 0.395853653550148 0.4105890914797783 0 0.4671662151813507 0 0.2910872399806976 0 0 1.233212113380432 6.944695152342319 0 0 0.2524753212928772 0.4361149370670319 0 0.1634967178106308 1.433224856853485 0.09997808933258057 1.294948443770409 1.764585047960281 0.6454967260360718 0 0 48.96767084300518 6.358440041542053 0.789516493678093 0.1462049335241318 0.2477883547544479 0 0 0.4910482168197632 0.431830495595932 1.688573151826859 139.3243857249618 0.6329527050256729 0 0 0.1385593861341476 7.441173493862152 0 0.6156337261199951 2.692337900400162 6.17788702249527 5.983555518090725 3.236266419291496 2.148172087967396 0.1360795050859451 0.0948072224855423 0 0 0 0.2703246176242828 0 0.3987886011600494 166.5340884253383 7.000397101044655 9.818562336266041 617.3206771612167 75.0047797113657 543.9899192526937 68.96871744096279 296.1625039801002 127.591150701046 12.85641741752625 175.9496064707637 13.87287724763155 3.330730013549328 13.02862097322941 1.705661714076996 15.01739698648453 1.407021433115005 0 1.953285709023476 19.70326152443886 0.5999970659613609
1.123797602951527 65.60897894203663 1934.900850906968 0.3252623975276947 228.5886650383472 0 3.105386704206467 0 74.67076364904642 0.3701483160257339 3156.538854047656 0 45.19376973062754 325.0542713776231 14.15831214189529 5.018499031662941 13.04372628778219 27.53081134706736 6.864199295639992 136.6350951045752 359.3542762026191 0 11.14833492785692 5.413957476615906 15.0793476626277 44.10589991509914 30.48087137937546 4.480353988707066 1.575211711227894 4.862351961433887 510.880331248045 1549.031083025038 81.8723571151495 30.38032725453377 2.452622257173061 29.10314790159464 13.86216329783201 5.008278824388981 1.131552338600159 7.785229980945587 49.31635215878487 1.769462987780571 63.78810192644596 8.857639402151108 17.48564568161964 27.99865151196718 43.92727470397949 2.494164817035198 7.60519028455019 28.74185630679131 17.38955318927765 0.7213129848241806 0.2534808963537216 0.2240466848015785 2.129612989723682 1.784105785191059 6.753118023276329 137.2859677150846 0.9313251748681068 10.34986464679241 74.17819378525019 165.0044601559639 39.00763435661793 163.0984480902553 1.801284857094288 1.573594518005848 0.787357434630394 11.37835180014372 76.96632052958012 246.193255007267 1.926969632506371 0 0.1254749298095703 17.50826010853052 99.54476518929005 74.90665829181671 175.7591410726309 222.8989881277084 1067.746062934399 5734.86995408684 61.36722704023123 2608.70127171278 3.171044923365116 0.1553657576441765 2.077389389276505 2.296168722212315 23.90870988368988 0.2136432379484177 0.4136128276586533 0 0.787386491894722 0.2004247158765793 70.38390210270882 8.825970135629177 2.18616347014904 0 0 0 0 6.436008922755718 0 0 0 0 0 0.4191888868808746 0 0 0 0 0 0.2197839915752411 0 0.1666678637266159 0.8823164105415344 0 0 0.2952531278133392 0 0.1447569876909256 0 0.1087995618581772 0 0 0 0 0.1352924704551697 0 0 0.1091078072786331 0.112230010330677 0 0.1248630955815315 0 0 0 0 0 0 0.1740175485610962 0.1287201941013336 0.5794790610671043 0 0 0 0 0.1206252947449684 0 0 0 0 0 0 0 0 0 0.1514241695404053 0 0 0 0 0 0 0 0 0 1.00273135304451 0.1322905570268631 0 0 0 0 0 0.1463478356599808 0 0.1125347018241882 0.7655802145600319 0 0 0 0 0 0 0 0.472138911485672 0 0.3813908398151398 0.1941917985677719 0 0 0 0 0 0 0 0 0.2285684049129486 0.1333471536636353 0.1537890434265137 0.377574197947979 63.43191865086555 5.357525110244751 157.3039803877473 16.08064996451139 6.284248441457748 12.8347156047821 0.4033540561795235 20.42183505743742 1.403955981135368 0.1270973533391953 0 0 0 0 0 0.2982905209064484 0.6412526667118073 0.145805835723877
22.162274338305 1068.821218423545 635.8965964987874 19.6486855968833 5641.882254317403 30.68388412892818 1267.014285996556 74.67076364904642 0 137.1639324426651 2365.817531347275 103.1762152835727 2921.930591665208 818.4492191523314 28.35425923019648 1.780296124517918 0.3297871127724648 0.2201638147234917 0.1018083840608597 0.5863309800624847 6.567630052566528 0.3433801233768463 0 0 0.5127492919564247 1.945264756679535 1.144903309643269 0.5673712491989136 1.182800486683846 0.5682642459869385 126.7528656423092 6.731049723923206 71.16183168441057 0 0 0.1326678395271301 30.61244078725576 2.743136741220951 3.862651146948338 1.324793271720409 3.152867905795574 0.6593291386961937 0.7165120989084244 1.047173239290714 0.2312934696674347 0.3496593534946442 76.44360997527838 1.342334888875484 0.3265510201454163 0.3546866923570633 4.43085902184248 1.034524068236351 0.383172944188118 1.628644861280918 2.923272892832756 4.492417000234127 8.122214987874031 82.5848293825984 1.167064540088177 24.24950662255287 0.2506609186530113 8.606951609253883 0.494237557053566 38.83055894821882 4.299225375056267 2.557925686240196 2.53196582198143 5.598531268537045 2.48671966791153 8.17342372238636 64.07770545035601 1.168046370148659 0 29.41684712469578 90.03161992132664 150.1768597066402 115.3598526194692 5.319883517920971 0.1403191834688187 29.81645952165127 0 3.709630198776722 8.548269130289555 0.5429996252059937 2.890002474188805 5.416769213974476 2.983544282615185 0.1120951250195503 1.606995038688183 0 1.10458517819643 0.5996628105640411 4.181201368570328 2.489150658249855 0.8579777851700783 158.997560992837 0.2774081081151962 0 1.114220380783081 21.72991727292538 0 1.758329272270203 7.324809476733208 4.277247875928879 3.856734320521355 74.91211891174316 1.970223620533943 35.95110121369362 11.68395064026117 34.3536294773221 2.912968009710312 94.08179063349962 94.36197295039892 43.38910034298897 19.9023427516222 0 0.2968567311763763 0 0 0 0 0 0.4059173464775085 0 1.004285931587219 0 0.4119701832532883 0 0 0.3896216452121735 0.3009597808122635 0.3327648043632507 0.1323764026165009 0.3993473052978516 2.746572189033031 0 0 0 0 2.554342612624168 3.724892690777779 10.52522767335176 0.3825672268867493 0.4467780143022537 0.1689842045307159 0.2730609700083733 0.2209020853042603 0 0 0 0 0.5883637070655823 1.741814166307449 0 0 0 0.336726501584053 0 0 0.2595565915107727 0.1495775133371353 0.1042559817433357 0.9312745034694672 0 0 0 26.46811996400356 2.501554280519485 0.6133219003677368 0 0 0 0.7241554483771324 0.3517529666423798 0.2746494710445404 0.4840308055281639 46.33879478275776 0.3724572658538818 0 0 0 2.374032869935036 0 0 2.744313791394234 2.085381358861923 1.567259505391121 1.004495173692703 1.051796957850456 0 0.2121785283088684 0 0 0.1622385382652283 0 0.4422211945056915 0 53.35227531939745 1.852953553199768 3.874029815196991 302.6889301612973 30.92666459083557 304.1220067590475 41.43743121623993 48.87178067117929 68.50528670102358 3.823901265859604 99.28623207658529 5.379013776779175 0.1191967725753784 5.245141491293907 0.9315803498029709 5.698258295655251 0 0 0.1016065329313278 4.524729311466217 0.5957684814929962
812.9653616994619 1770.016470618546 4.446195386350155 1938.339213326573 226.0151313692331 430.3628493100405 2631.685151465237 0.3701483160257339 137.1639324426651 0 1.955598838627338 2021.101914703846 5276.665588147938 329.3455274105072 8.212090775370598 1.952905543148518 0.164366602897644 0 0.1717322766780853 0.1326008588075638 1.224158689379692 0 0 0 0 1.000295609235764 1.07197567820549 0.201916292309761 0.7610046714544296 0 51.13010711967945 1.28182564675808 14.68947147578001 0 0 0 19.43324573338032 0.9914754927158356 2.119635105133057 0.1533853262662888 1.375579975545406 0.2765321433544159 0.1323435008525848 0.1087652593851089 0 0 20.74435692280531 0.3631478995084763 0.3424259722232819 0 0.7529686391353607 0 0 0 1.516681954264641 2.539428874850273 58.96184531599283 153.5654366835952 2.265184745192528 6.645778983831406 0 0.5662896931171417 0 3.574833497405052 1.894841715693474 1.045872464776039 0.322574071586132 1.528816521167755 1.495235085487366 1.234907597303391 158.8793340474367 1.801736980676651 0 41.21390518546104 45.33350053429604 41.04634442925453 19.07554235309362 1.975418090820312 0 3.511113360524178 0 0 4.835054941475391 0.1099781766533852 1.756838843226433 2.072153016924858 0.3782121390104294 0 0.2323176041245461 0.1143881902098656 0.2544944658875465 0.3239341974258423 1.781100034713745 0.4109742939472198 0 733.5004726201296 190.916565567255 0 0.8237723857164383 760.6775854825974 0.1493047624826431 5.49895378947258 14.89546048641205 10.50621826946735 1.769765436649323 103.5198939815164 3.737714231014252 46.89894481003284 51.791051030159 51.68124262243509 5.296444602310658 131.9390459209681 97.29803512990475 49.72358936071396 17.92280250042677 0.1371442675590515 0 0 0 0 0 0 0 0 0.3713573515415192 0 0 0 0.762572318315506 0.1458810418844223 0 0.2795372307300568 0 0 1.399191558361053 0.5323277711868286 0 0 0 4.502817884087563 1.349570125341415 6.811193235218525 0.2447127178311348 0 0.3445340842008591 0 0 0 0.1756535023450851 0 0 0.3044395744800568 2.10679042339325 0 0.2582781910896301 0 0 0 0 0.4218535125255585 0.2070474475622177 0 3.625967994332314 0 0 0 8.767951473593712 1.398889243602753 0.3454807102680206 0.2410714328289032 0.9707600474357605 0 0 0 0 0.9403687417507172 39.40549672394991 0 0 0 0 2.664513602852821 0 0 0.4158555865287781 1.3547652810812 0.6762801483273506 0.6456669867038727 2.444629028439522 0.2050979435443878 0.2010723650455475 0 0 0 0 0 0.1890769302845001 68.21866275370121 2.354079127311707 2.977814421057701 165.1104418709874 5.135647594928741 99.87261987477541 13.82106839120388 447.7550033479929 17.24922888725996 0.6782867684960365 30.22585893422365 0 0 4.181842513382435 0.4989681020379066 13.72905601561069 0.3457110226154327 0 1.034773200750351 9.232630521059036 0
22.01007124036551 911.3554280698299 4264.428861699998 1.296042941510677 602.4345374703407 0.1436789482831955 90.54801496863365 3156.538854047656 2365.817531347275 1.955598838627338 0 13.63645809143782 1510.529025629163 1623.63004437834 65.00951565057039 14.94805926084518 2.35269820690155 2.051858767867088 0 3.531889215111732 46.76935510337353 0 0.556844636797905 0.5077699199318886 6.35102878510952 14.76520122587681 11.99338191747665 2.943318754434586 3.29326069355011 3.583917744457722 669.0214357301593 182.0303259342909 383.1423522308469 0.8090567886829376 0.4508400112390518 3.365498520433903 107.9632616639137 8.749684944748878 11.70110082626343 5.672521188855171 17.47031988203526 1.699195422232151 3.399827130138874 2.164479553699493 0.9262045696377754 0.9614235758781433 153.4498673453927 3.210896924138069 1.763500571250916 3.734132066369057 18.21981451660395 2.006721809506416 0.5926952511072159 1.822837546467781 7.006182730197906 11.04813112318516 23.8167051076889 235.9226809069514 2.32257754355669 57.69449134916067 1.029867008328438 60.06127007305622 1.348543547093868 129.4197299107909 9.493811495602131 5.491439200937748 2.42053759098053 11.00552252680063 11.877551227808 40.925980232656 109.5041673257947 1.459475837647915 0.3872253596782684 61.48877457529306 252.1761072874069 336.5805918723345 291.6274347677827 20.97471775114536 10.51003387570381 789.036490701139 0.1872967034578323 41.30397825688124 16.32553388923407 1.575782030820847 10.00952618569136 10.91865227371454 6.648968927562237 0.2994590178132057 2.763678304851055 0 2.419504076242447 0.7554062083363533 20.79385513067245 11.67828650027514 2.494736567139626 9.736454024910927 0.3193916752934456 0 2.773288279771805 19.73154348880053 0 0 0.3761299401521683 1.01182958483696 1.734914481639862 5.347339764237404 0.7768028825521469 4.277905821800232 0.3297326862812042 4.471375212073326 0.7755812704563141 10.56989964097738 10.12352685630322 5.854466408491135 7.682842992246151 0.09906160831451416 0.5382542610168457 0 0 0 0 0 0 0 0.106108196079731 0.1490014344453812 0 0.2993912994861603 0 0.542189285159111 0.271357923746109 0 0.2872304618358612 0 0.4654614329338074 0 0 0 0 2.522688843309879 1.884513966739178 5.32252112030983 0.2986734509468079 0.1318782567977905 0 0 0.3289003968238831 0.2326401174068451 0 0 0 0.3616876304149628 1.894191816449165 0 0 0 0.2311662808060646 0 0.1920266002416611 0 0 0 0.2866089940071106 0 0 0 9.020897902548313 0.3715877830982208 0 0.2684021890163422 0.111613355576992 0 0.1239135190844536 0.1452059745788574 0 0.4556074738502502 11.54231800884008 0.705466017127037 0 0 0 1.675489142537117 0 0.1605789065361023 0 1.548849999904633 0.1405880451202393 0.5635721534490585 0.5880601853132248 0 0.10073421895504 0 0.1132845059037209 0 0.1014387309551239 0 0.2975261956453323 9.570661351084709 1.260220691561699 3.449561908841133 424.2379206717014 42.38159915059805 526.3696997761726 60.06407154351473 34.86792377382517 96.9299663901329 9.017837531864643 133.2051338627934 4.698127418756485 1.420938558876514 1.117716677486897 0.3429877609014511 0.182886004447937 0.273050531744957 0.08414479345083237 2.741036608815193 5.857146970927715 0.1684028953313828
239.0160552561283 94.62199046462774 4.525897830724716 1022.098490953445 76.26432887464762 201.6651638448238 329.8475719764829 0 103.1762152835727 2021.101914703846 13.63645809143782 0 4922.294276989996 259.0225915014744 16.13515435904264 5.460489965975285 0 0 0 0.2493503466248512 5.093311622738838 0.1563662588596344 0 0.1794112920761108 1.684845179319382 1.581060647964478 1.861823365092278 0 1.531884506344795 1.191186606884003 5.840405717492104 0.7873274236917496 62.75945237278938 0 0 0 131.4940792769194 4.467220053076744 18.04864147305489 2.685688138008118 3.625626131892204 0 0.2403048127889633 0.2982989251613617 0.1586280167102814 0.1195825040340424 34.11533832550049 0.4156821370124817 0.3612425923347473 0.5426609516143799 2.867068603634834 0 0 0 1.11747981607914 2.417589396238327 13.15450387448072 33.16689287126064 1.955625712871552 7.633551895618439 0 4.524207577109337 0 2.766638390719891 0.1013802140951157 0.5791414976119995 0.1252062022686005 1.522770695388317 2.028312295675278 6.011487618088722 628.4434444159269 3.066896922886372 0 17.82539723813534 24.2553303539753 36.22293867915869 22.9509954303503 4.964219622313976 0.1071133092045784 8.915046267211437 0 2.61380223929882 2.314661435782909 0.1329066753387451 0.6700359359383583 1.03515625 1.192969352006912 0 0.2294358536601067 0 0.2304748892784119 0 6.100339107215405 3.290897622704506 0 1249.92476503551 93.54706478118896 0 17.2898236811161 124.0122625380754 1.268157124519348 3.907730206847191 13.43595597147942 19.03179731965065 4.508413098752499 160.2941880449653 7.563157260417938 67.14054176956415 20.82156872749329 82.26477844268084 9.534449405968189 238.7860795781016 179.946897931397 114.0269401744008 41.68992498517036 0.3680260330438614 0.5043094754219055 0.2036119103431702 0 0 0 0 0 0.3361753523349762 0.1488471925258636 0 0.5211942046880722 0 0.1639924496412277 1.346493065357208 0.17330501973629 0.26653653383255 0.2906276136636734 0.3772342205047607 4.787963405251503 0.1525867581367493 0 0 0.5580497682094574 9.499910205602646 3.52625086158514 16.36947257071733 0.7479309216141701 0.1555869877338409 0.2763182371854782 0 0 0.4388197958469391 0 0 0 1.013696081936359 6.484365858137608 0.7104582786560059 0.2437290549278259 0 0.14529187977314 0 0.4350102841854095 0.5675007402896881 0.3614987134933472 0.2725972831249237 1.341843985021114 0.6331008672714233 0 0 20.429065361619 2.554064601659775 0.8281323909759521 0 0.3430333137512207 0 0 0 0 0.2947707325220108 104.1649920195341 0.8890879899263382 0 0 0.1014423817396164 1.426885575056076 0 0 1.754320286214352 7.340977370738983 2.857371218502522 2.468280032277107 1.970627836883068 0.6694201231002808 0.2492581829428673 0 0 0.305961549282074 0.1084655523300171 0 0 180.0755222141743 6.842168837785721 7.579761289060116 179.9498474746943 8.561724156141281 139.9348848983645 18.03196659684181 110.8031246811152 21.13908268511295 3.075372695922852 49.63178273290396 3.847225069999695 1.612049341201782 7.601166233420372 0.7661489546298981 11.65415802598 0 0 1.239157363772392 1.798165991902351 0
302.7121824547648 1075.607217416167 492.740318082273 1599.101934954524 1386.22538844496 252.2980642095208 2627.000103130937 45.19376973062754 2921.930591665208 5276.665588147938 1510.529025629163 4922.294276989996 0 3755.443630941212 165.7680665329099 49.71149824559689 2.241390869021416 2.0085409283638 0.1750113964080811 4.294651724398136 54.92287991940975 2.718692764639854 0.2660718858242035 0.3651918768882751 5.905176892876625 17.2143969386816 12.88380882889032 6.11578480899334 9.783671043813229 8.39581273496151 127.679565101862 12.00539945811033 1104.719975188375 0.5391090288758278 0 1.695374041795731 596.6119528785348 34.09168072044849 53.96451438218355 12.64974033087492 37.73600098490715 4.163943834602833 4.818408235907555 3.714090712368488 0.7253444418311119 0.7882817089557648 323.5669006332755 4.129434555768967 1.859435126185417 3.140392772853374 41.75909767299891 3.143525771796703 1.942031413316727 4.138693898916245 9.256248757243156 11.17354869097471 34.20609982311726 128.6557395160198 4.734539441764355 78.14343547075987 1.736822113394737 56.12569351494312 2.499065190553665 82.92200416326523 13.53105287253857 6.43993066996336 7.634630665183067 14.55448534339666 23.94269596785307 65.6714154779911 1497.012590639293 7.115840628743172 0.3430295586585999 77.38787019997835 186.5503643974662 467.8506393060088 389.5016826093197 55.53049519658089 0.4178319349884987 86.8134742975235 0 18.84357589483261 22.37728279083967 1.715983174741268 12.5705102160573 14.20277995616198 7.381333962082863 0.2408393025398254 3.790449693799019 0.1314677745103836 5.862175956368446 2.073993556201458 41.06303183734417 25.39091790467501 4.326808288693428 1981.505360029638 280.1338724344969 0 25.86744968593121 147.1339216977358 1.146003842353821 9.791816122829914 30.52731122076511 28.67112451046705 11.22596424818039 276.5909011289477 11.52407797425985 143.4552516639233 47.17763974517584 165.5959994196892 21.6474634706974 411.1756661385298 395.2551189735532 166.7060853019357 119.309180252254 2.938626140356064 3.110816553235054 0.1566950678825378 0 0 0 0 0 1.018108084797859 1.18654964864254 0 2.658733993768692 0.5401360467076302 1.564729779958725 5.614021733403206 0.23424132168293 1.551328420639038 0.6613018363714218 1.476339757442474 16.69488284736872 0.868692584335804 0.2060521245002747 0.2256856560707092 0.984466165304184 26.73714129626751 15.69269543141127 58.40500493347645 1.957280032336712 0.6685374081134796 2.631553895771503 0.4211275056004524 0.6997392997145653 0.6875534504652023 0.3135962784290314 0 0.2869566231966019 4.372258454561234 11.6343329846859 0.1150421053171158 0 0.4624155163764954 2.36991873383522 0.3174100667238235 0.8670075759291649 0.8198232650756836 0.1213539466261864 1.881330378353596 3.19363871216774 0 0 0.1733046919107437 74.27140285819769 8.794932201504707 0.8562072217464447 0.2139993160963058 0.412085548043251 0.7133527100086212 0.1135895028710365 0.8463302403688431 0.1449172794818878 1.647900745272636 254.4962774738669 4.225551262497902 0 0 0.3360965698957443 12.6302876919508 0 1.550836503505707 4.482743322849274 17.2536241337657 8.576592855155468 4.995832771062851 7.380485862493515 0.09729965031147003 0.2915963232517242 0 0.1364875882863998 0.8250234127044678 0.294047087430954 0.3311295211315155 0.7271131426095963 354.7146375402808 14.15195493400097 21.43388349562883 891.3903857320547 115.7057500034571 1013.837045885623 159.3888008743525 227.4912201240659 221.3767058327794 8.161208376288414 313.0382628962398 18.57394929230213 6.608769416809082 19.58009062707424 2.151210017502308 18.45520999282598 2.753871411085129 0 4.602100849151611 20.17028865963221 3.46981155872345
