0 4540.005345873535 222.612240113318 2741.718994989991 333.4403204247355 7.565715149044991 902.8946407660842 22.03130064159632 86.91725350171328 2484.447340093553 407.0954884663224 417.9376354515553 695.1978560388088 155.707371763885 5.618979282677174 5.135554999113083 0.2599127292633057 0 0.1432662755250931 0 0.1506437361240387 0 0 0 0.1083805859088898 0.1887898743152618 0.1094962805509567 0 0.1368365883827209 0 660.4604614898562 2.251912891864777 16.13695532083511 0 0 0 7.700054302811623 0.1843387335538864 1.904916919767857 0 0 0.1344631463289261 0.09787803888320923 0.9780436828732491 0.125390037894249 0 18.32889933884144 14.13044427335262 0.7654283344745636 0.3089749366044998 0.2281662225723267 1.958087265491486 0 0.2448893338441849 7.408137574791908 24.93534752726555 515.6503593400121 2022.71494217217 126.6650292649865 64.50858846306801 0.1257621943950653 0.1790750175714493 0 4.849095374345779 10.43974915891886 3.963313825428486 1.083109855651855 2.675766214728355 0.2029454037547112 0.745101310312748 49.96012775599957 50.33989807963371 0.8063796162605286 195.7767996937037 30.30374546349049 56.12539093196392 2.839174851775169 1.435857273638248 1.204579561948776 52.83737616240978 0.2211992889642715 5.074734598398209 41.10482090711594 0.71791011095047 6.698069177567959 6.300874970853329 4.169899687170982 0.7093967944383621 1.115160889923573 1.937193632125854 0.346561074256897 0.8496490269899368 0.4267784729599953 0 0 370.3721618503332 113.036149032414 2.832419157028198 1.617985129356384 1283.064255878329 0 2.248351573944092 0.9388587474822998 0 0 4.130778923630714 1.303054481744766 2.357036635279655 3.038435503840446 3.933342918753624 0.2012978941202164 5.760758638381958 8.711001008749008 3.359279289841652 2.275881722569466 0.3947538733482361 0 0 0 0 0 0 0 0 0 0 0 0 0 0 0 0 0 0 0 0 0 0 0 0.7857828438282013 0 1.387531876564026 0.4633270353078842 0 0 0 0 0 0 0 0 0 0 0 0 0 0 0 0 0.4001209735870361 0 0 0 0 0 0 0.3978951275348663 0.2335442304611206 0 0 0 0 0 0 0 0.1378722190856934 5.503060571849346 0 0 0 0 1.287630587816238 1.165549248456955 0.5830769836902618 0 0 0 0 0.6492229104042053 0 0.106698639690876 0 0 0.09226974099874496 0 0 0 1.126809388399124 0.3280649781227112 0.6543402373790741 295.4118732586503 9.20181106030941 114.4211771413684 16.41166368871927 922.7177516818047 66.75339755415916 2.670553877949715 23.04088905453682 2.55147659778595 0 1.165156662464142 0.149057999253273 4.469947725534439 0.2535296976566315 0 1.271787464618683 0.3326632529497147 0
4540.005345873535 0 1387.723534576595 239.9367290660739 1990.523731805384 65.10518054664135 2854.629951991141 125.5882747471333 1610.583372071385 495.4507616758347 2577.372052654624 276.7650857269764 1482.547995433211 745.2108502089977 53.02543800324202 29.20223547518253 1.125857815146446 0.3965119943022728 0 0.2576385512948036 0.4165578261017799 0.1547704339027405 0.5202991664409637 0 0.3699744790792465 0.7391131371259689 0.5814104750752449 0.8817139491438866 0.5022784546017647 0 3646.176853016019 12.04044257104397 12.59680449962616 0 0.3559478521347046 0.181014358997345 9.971042074263096 0.8622593879699707 1.119990810751915 0.6406474858522415 0 0.1767966598272324 0.3399343118071556 2.559961900115013 0 0.7139628008008003 151.1166771575809 62.25554171204567 2.214962892234325 0.1134498938918114 2.809902384877205 0 0 0.4770800322294235 17.84167258441448 59.22493986785412 283.9391512423754 2262.730133622885 110.7390527501702 221.6447862610221 1.076852045953274 0.5722372606396675 0 114.0364959388971 29.88917252421379 19.15160005539656 4.410076878964901 9.738343372941017 1.602312698960304 0.7721075639128685 40.76339112967253 2.341812163591385 0 368.1567739024758 218.9630054086447 304.9829651266336 40.04663501679897 8.295676805078983 0.9287959858775139 119.3119489401579 1.591546185314655 6.876504123210907 121.1419922560453 2.507149912416935 27.55492395162582 24.13256756961346 11.51280594617128 0.8950634971261024 4.020191229879856 0 1.002190954983234 0.8818090558052063 0.7159955874085426 0 0.6543656662106514 150.4874878972769 8.278028473258018 0.08248060196638107 2.259719230234623 1842.151101924479 0 2.235118985176086 0.2909069657325745 0.6825715601444244 0.3051797747612 3.65250164270401 1.832176253199577 2.45689782500267 4.275387480854988 3.372295543551445 0.4040452390909195 10.29588045179844 8.825783312320709 10.20555411279202 1.565439984202385 0 0.6177777945995331 0 0 0 0 0 0 0 0 0 0 0 0 0 0.1856872737407684 0 0 0 0.1953061372041702 0.5047783851623535 0 0 0 1.265851259231567 0 3.852437540888786 0.8155563920736313 0 0 0 0 0.4391752779483795 0 0 0.166996493935585 0 0.8347444534301758 0 0 0 0 0 0 0 0 0 0.9371415674686432 0 0 0 1.790806069970131 0.2948484420776367 0.1946202218532562 0.398688942193985 0 0 0.10269795358181 0 0.1086979806423187 0 11.91009372472763 0.4475441575050354 0 0 0 4.618156030774117 0.8330493867397308 0.165616512298584 0 0 0.1738156974315643 0 0.5212282538414001 0.2308056205511093 0 0 0 0.3743372708559036 0 0 0 2.570846423506737 2.564674705266953 3.746931038796902 305.3365952819586 47.4907051846385 454.5098982006311 61.66187337785959 995.0536616966128 167.049554772675 4.701906271278858 71.2837086468935 5.057621099054813 0.5001528710126877 3.449636973440647 0.7188223600387573 1.567129105329514 0.3804549276828766 0 1.921605870127678 1.480959914624691 0
222.612240113318 1387.723534576595 0 2.847111888229847 1366.508717902005 0 679.1221886053681 2157.388341985643 552.8817138299346 15.1172169521451 6734.417050302029 31.10850256681442 543.2407879456878 445.4764895960689 43.86310870945454 118.5565705448389 2.3323715031147 0 0 3.071699559688568 37.77398874610662 0 12.79664450883865 2.272530734539032 3.637677818536758 2.130888417363167 6.572076052427292 0.5230223909020424 0 0.2539113089442253 3339.007117062807 862.970763579011 145.6944553777575 2.483230516314507 22.24463876336813 2.622387051582336 62.65044006705284 3.441693276166916 2.802988111972809 1.729053370654583 9.673423059284687 1.550384074449539 11.22474609315395 11.49374018609524 0.5640265718102455 2.085776247084141 74.28448623418808 17.15317126363516 0.20435930788517 2.138996429741383 9.360246695578098 0.3036348670721054 0.2107304036617279 0.8690012320876122 5.855436898767948 18.34693183004856 114.9920233488083 1403.72908116132 33.35041397064924 62.78993778675795 9.283658429980278 22.04093687236309 0.4517111480236053 1315.884158454835 8.98930012434721 7.891119182109833 3.637008406221867 23.21049762517214 53.3575114607811 82.95579743385315 36.87797592580318 1.651495814323425 0 132.684939622879 101.011226721108 92.32743775844574 51.20203021913767 38.94165132939816 70.55232109129429 1876.769435480237 15.33628341555595 449.1684021428227 34.66974359750748 0.5468323081731796 6.267988368868828 7.378024652600288 23.07835280895233 0 2.599319070577621 0.1567657440900803 1.627626739442348 0.8161419108510017 54.42390760779381 1.680062018334866 1.513844706118107 11.08665515482426 4.32762660831213 0 2.442040860652924 297.9882750734687 0 0 0 0 0 0.8764012902975082 0 0.4789412319660187 0.1351392865180969 0 0 0.4854797124862671 2.928126737475395 2.850008919835091 2.096537426114082 0.1465380936861038 0 0 0.5293832346796989 0 0 0 0 0 0 0.3884357511997223 0 0 0 0 0 0 0.1503759324550629 0 0 0.7148415893316269 0 0 0 0.9371444433927536 0 1.8966214209795 1.235753335058689 0.1593245714902878 0.1316171437501907 0.5639651119709015 0.1469638049602509 0 0 0.1669596433639526 0 0 0 0 0.1927310228347778 0 0 0.1524480581283569 0 0 0 0 0 0 0.3334068059921265 0 1.098290711641312 0.6504795253276825 0 0.3078210353851318 0 0 0 0.1281437277793884 0 0 7.099709928035736 0.1771297454833984 0.1300864964723587 0.1448679268360138 0 1.901605561375618 2.023452281951904 0.9791219234466553 0 0.7805855274200439 1.013752534985542 0.2903116345405579 0.2464462071657181 0 0 0.2032443135976791 0 0.2095228210091591 0 0.1973085999488831 0 0.8622940331697464 3.067343398928642 1.941042609512806 96.80479494482279 16.74308820813894 156.5854326710105 46.72524408251047 91.62586608529091 55.61126127839088 3.139149084687233 46.27276827394962 3.050055265426636 0.1321645826101303 1.724231317639351 0.4247587919235229 0.4210813641548157 0.1191936805844307 0 0 1.844129115343094 0
2741.718994989991 239.9367290660739 2.847111888229847 0 67.48132643848658 635.3232361227274 400.351674541831 0.3311889246106148 124.13949983567 1744.637756258249 4.05403820425272 1636.783824242651 1366.601896092296 66.40630608052015 8.435552462935448 2.332844696938992 0 0.1047569215297699 0 0 0.1130997687578201 0 0 0.5255788564682007 0.2926243245601654 0 0 0.2024731785058975 0 0 13.82558948546648 0.5552894473075867 4.467445112764835 0 0 0 2.769800752401352 1.036373734474182 0.5262045413255692 0.6751930713653564 0 0 0 0.1335424780845642 0.1414598077535629 0.107712484896183 19.21002016961575 8.601595386862755 0.2813979834318161 0.1651310175657272 0.5593725219368935 0 0 0.2195774465799332 3.106104768812656 10.54037794470787 57.25531807541847 171.827856041491 22.38803224265575 31.9286340624094 0 0.3656555414199829 0 8.023584425449371 3.947080910205841 3.15132524818182 0.6468042135238647 1.571951508522034 0.09508858621120453 0.1278723031282425 6.183870017528534 5.426285147666931 0 51.34539592266083 25.6060816347599 33.09503821283579 4.04727378487587 0.6247950419783592 0 0.7919117510318756 0.3544962033629417 0.28951745480299 20.85337198525667 0.4090487360954285 3.955001913011074 3.389387503266335 1.619070157408714 0.142125129699707 1.019551143050194 0.131557896733284 0 0.3118683844804764 0 0.3332523703575134 0 272.9009677022696 7.04056803882122 0 0.8850161135196686 206.0287386029959 0 1.076604843139648 0 0.8073433041572571 0 5.306797966361046 0 4.959218874573708 1.813749134540558 7.434543609619141 1.127776235342026 9.768562644720078 11.58211430907249 10.47419890761375 0.9426407963037491 0 0 0 0 0 0 0 0 0 0 0 0 0 0 0 0 0 0 0 0.1507019102573395 0.6346462965011597 0 0 0 1.413894191384315 0 1.547904223203659 1.645780950784683 0 0 0 0 0 0 0 0 0 0 0 0 0 0 0 0 0.2336013466119766 0 0.1730330586433411 0.9836171716451645 0 0 0 1.339408740401268 0 0 0 0 0 0 0 0 0 8.80604587495327 0 0 0 0 1.082038640975952 2.10192596912384 0 0.5299230813980103 0 0 0 0 0 0 0 0 0.1450042277574539 0.1314483284950256 0 0 3.398112267255783 0.5383079051971436 1.562668949365616 77.0671187415719 4.012124173343182 87.23252713680267 11.33589840680361 429.7469820156693 29.16728739440441 3.248558685183525 14.27911742031574 0.1987424045801163 0 0.8556216806173325 0 7.487806648015976 0 0 1.118651062250137 0.2875064760446548 0
333.4403204247355 1990.523731805384 1366.508717902005 67.48132643848658 0 6.202042654156685 5807.44907335937 72.06279236078262 6677.02318816632 216.0614303275943 2794.322763979435 70.62641117721796 1434.569811925292 1210.945118077099 59.36308836936951 57.15768630802631 1.012334786355495 0.1178798004984856 0 0.1162774935364723 0.41001196205616 0.1216300502419472 0.1929741650819778 0.1474773436784744 0.4750526547431946 1.140350550413132 0.4490753188729286 0.2482660561800003 1.084800727665424 0.2442744001746178 527.3407213762403 26.93496734648943 13.1812767162919 0.437903568148613 0 0.242535300552845 8.551989823579788 0.647302657365799 1.842594765126705 0.7801801338791847 0.3528752028942108 0.2588382959365845 0.1087578758597374 3.100082866847515 0.3820652291178703 0.2360701262950897 155.8443961814046 28.194913610816 1.136332593858242 0.9485156908631325 2.144544869661331 0 0 0.2817294150590897 7.992665112018585 26.46347643435001 56.62697438150644 431.7680692598224 35.07986234128475 99.81924510747194 0.880074180662632 1.473623998463154 0.1325992047786713 114.5776437446475 12.61777418851852 10.37520987540483 2.967152439057827 5.810746319591999 0.2506647557020187 0.5381095558404922 35.48711703717709 0.7897835522890091 0 131.1057045832276 128.9663687869906 183.8310414552689 58.78352739661932 17.33468835800886 2.11838635802269 36.50055988132954 1.536675974726677 4.597361043095589 45.56253229081631 1.833536684513092 11.67491021007299 9.6537891253829 6.995362624526024 0.2825888022780418 2.423959814012051 0 2.689909040927887 0.8739828392863274 0.2609343305230141 1.117374807596207 1.384973302483559 96.44234825670719 10.74262553453445 0 2.646857589483261 146.30555100739 0.1372872740030289 1.601881384849548 0.8033798933029175 0.8400008678436279 0.2676654756069183 19.95250125229359 1.794165372848511 17.22281409800053 9.644875735044479 11.24598994851112 3.856528371572495 17.99234659969807 34.90822210907936 23.38182524591684 9.502502009272575 0.722748652100563 0.7860137075185776 0 0.8937479853630066 0 0 0 0 0 0 0 0 0 0 0 0.1229261159896851 0 0 0 0.8707779943943024 1.29571732878685 0 0 0 4.710572324693203 0 9.329990670084953 1.674598768353462 0 0 0 0 0 0.5218802690505981 0 0 1.349078446626663 3.340185716748238 0 0 0 0 0 0 1.139684543013573 0.200690820813179 0.2280977666378021 1.287669405341148 0.3903127610683441 0.3654634356498718 0.7307059690356255 10.18773907423019 0.1400768458843231 0 0.3157292902469635 0 0 0 0 0 0 44.34345330297947 0.9146751165390015 0 0 0 9.990471974015236 2.337863750755787 5.645265325903893 0.9026791304349899 1.261459976434708 0.538458988070488 0 0.4365963637828827 0 0 0 0 0 0 0 0 14.00469222664833 7.425930768251419 7.016082242131233 197.3169192150235 34.3825393691659 333.1993646621704 68.09151308983564 152.1768730208278 116.5094991847873 6.630491092801094 80.37889265269041 8.93889781832695 1.015449404716492 6.08514416217804 0.6805214881896973 10.14376562833786 0.9190096706151962 0 1.180203273892403 5.270546890795231 1.025662362575531
7.565715149044991 65.10518054664135 0 635.3232361227274 6.202042654156685 0 92.48721759021282 0 11.20496262609959 661.5772225111723 8.09721964597702 137.5001450330019 155.4221651703119 27.66679702699184 0.464876800775528 0.2909972816705704 0 0 0 0 0 9.249627023935318 0 0 0 0 0 0.5460243076086044 0.7508387565612793 0 3.820469200611115 0 44.25796145200729 0 0 0 26.37810896337032 2.87466736137867 9.148747518658638 0 0 0 0 0 0 0.1551128178834915 0.142361119389534 0 0 0 0 35.25580197572708 2.797149389982224 0.2725747525691986 0 1.125486344099045 169.5747935771942 40.54841250181198 14.18558797240257 0 0 2.042905941605568 0 0 0.107525460422039 0.5497810542583466 0 0.1076511144638062 0 0 156.7030471712351 225.9451906085014 6.800332546234131 1.055828854441643 0 0.1228847727179527 0.1685294210910797 0 0 14.51842471957207 0 0.5844419449567795 0 3.750679448246956 0 1.270778924226761 0 13.89664687216282 3.854887083172798 23.23383948206902 0.2031924724578857 7.362401232123375 0 0.2911183536052704 1.888059988617897 408.4556815028191 369.1792866140604 62.89624509215355 31.28975069522858 258.6572948247194 0 0 0 0.2422381341457367 0 0.1457610726356506 0 1.670361384749413 0.2349308133125305 0.8887740671634674 0 0 2.148922652006149 1.68237592279911 0.5720960944890976 0 0 0 0 0 0 0 0 0.1929546892642975 0 0 0 0 0 0.1454145759344101 0 0.3887790143489838 0 0 0 0 0 0 0 0.7358184456825256 0 1.477706059813499 1.234024941921234 1.915453627705574 0 0 0 0 0 0 0 0 0 0 0 0 1.10198600590229 0.3197686076164246 0 0 0 0 0 0 0 0 0.1937418580055237 0.2057726234197617 0 0 0 0 0 0 0 0 0.4340505748987198 1.449437528848648 0 0 0.1481060683727264 0 0 0 0 0 0.2102278769016266 0 0 0 0 0 0 0 0 0 0 0.5527021288871765 0.7278584539890289 0.5672814548015594 2.165184363722801 0.2422977685928345 1.524151235818863 0 111.837145999074 2.67439042031765 0 0.6953083723783493 0.8533444702625275 0 0.2777979522943497 0 0 0 0 0 0 0
902.8946407660842 2854.629951991141 679.1221886053681 400.351674541831 5807.44907335937 92.48721759021282 0 10.66189305484295 1846.433668650687 1155.54654558748 544.5864359140396 163.8938042372465 2175.839606061578 355.9990298897028 78.51296758651733 62.41364549100399 1.268588617444038 0.4116960242390633 0.1237465888261795 0.1560359299182892 0.8486330509185791 0.1406227201223373 0.5543382540345192 0.2568128556013107 0.2541879117488861 1.875323444604874 0.1061980053782463 0.3975781202316284 1.239871814846992 0.606426328420639 253.2401723191142 19.5803884267807 13.76809506118298 0.6322759091854095 0.1840352714061737 0 8.528534688055515 1.148311696946621 2.271727815270424 1.743558958172798 0.4172245860099792 0.5195526108145714 0.2465314269065857 2.767419651150703 0.09402032196521759 0.6391846984624863 217.4888851046562 52.2833297252655 1.880528405308723 1.425695613026619 2.358184695243835 0.4369131922721863 0 0.2907687351107597 13.43574994057417 44.48855154961348 107.8426723331213 570.9568476080894 63.18478114157915 176.307730987668 1.355911158025265 2.350143745541573 0 135.2227232828736 24.02697735279799 15.16193407028913 4.714680731296539 8.712725631892681 1.104752361774445 0.225011982023716 34.92631175369024 2.844913214445114 0 226.6858066245914 207.2359340712428 282.0991687774658 69.4726527929306 19.39276411384344 1.342925556004047 10.17203758656979 2.783411234617233 1.546924494206905 84.46632853150368 2.015214718878269 21.30097439885139 17.72535039484501 14.29696366935968 0.8247340768575668 3.734934605658054 0.2711463943123817 2.333951756358147 1.391991928219795 0.9649299532175064 0.7177377715706825 0.7328253164887428 343.6673204377294 12.80218639224768 0 5.590709373354912 222.9712130501866 0.9565947353839874 1.461804896593094 0.777608722448349 1.021077528595924 0.7197203636169434 21.0384156703949 3.132770657539368 26.66735357791185 16.887356325984 13.80574354529381 4.692008823156357 35.35081698000431 52.84979458153248 52.52854104340076 10.71208202838898 0.7149668186903 1.766070544719696 0 0 0 0 0 0 0 0 0 0 0 0 0 0 0 0 0 0.872041180729866 1.124347418546677 0 0 0 8.451755061745644 0.2834931612014771 13.32141746580601 3.692162647843361 0 0 1.120662778615952 0 0 0.4306675493717194 0.6240633726119995 0 2.973132431507111 2.663471251726151 0 0 0 0 0 0 0.5207753926515579 0.231169231235981 1.418435007333755 1.660623490810394 0.2251396477222443 0.7187416702508926 0 11.97242343425751 0 0.5560484975576401 1.122249975800514 0 0.166155070066452 0 0 0 0 47.77498115599155 1.010031938552856 0.1762312799692154 0.1063423529267311 0.1234523355960846 10.99314498901367 5.396855413913727 4.799074590206146 0.765999048948288 1.104427203536034 0.1997654438018799 0.6329508423805237 0 0 0.1030536368489265 0.1103483363986015 0 0.2406469285488129 0 0 0 19.91332274675369 8.423961520195007 9.242481201887131 293.9730395302176 47.86067267507315 497.116598367691 89.11619190126657 524.6209268793464 183.6300089135766 9.919270165264606 113.1577535048127 14.00041016936302 0.6904900446534157 11.74233157932758 0.6767032444477081 16.54581363499165 1.45635524392128 0 4.528097435832024 5.275030069053173 0.8937886357307434
22.03130064159632 125.5882747471333 2157.388341985643 0.3311889246106148 72.06279236078262 0 10.66189305484295 0 104.3313522338867 4.182365372776985 2512.944349326193 17.00031774491072 414.2852004468441 350.0162756741047 81.32205181568861 221.2486713752151 3.861289829015732 2.358555287122726 0 22.00241187214851 160.179196588695 0 58.74305446445942 4.786568135023117 6.105968534946442 4.471866741776466 17.7221847474575 0.3069149255752563 0.2977077066898346 1.0804203748703 1132.652174524963 1790.642525747418 137.3713805675507 37.70911754667759 83.02755485475063 6.719028860330582 172.8839672207832 4.859753727912903 3.161227002739906 3.30744219571352 58.58303422480822 5.268299899995327 65.11853076517582 18.01657678186893 6.7348373234272 22.49666011333466 187.2291907891631 21.96280415356159 2.841632343828678 20.19641873240471 25.63248626887798 0.9141946583986282 0 4.06276561319828 4.262890577316284 11.94237644970417 45.09922207891941 443.9420523270965 17.21914374083281 52.00993806123734 66.80341994017363 117.3810088187456 10.07393810153008 872.3701778650284 6.222248196601868 11.27278324216604 5.017090328037739 86.44256563484669 274.5137144103646 259.2898962646723 26.58212485909462 1.243633940815926 0 77.49409550428391 174.300076417625 139.0897452756763 172.0675410181284 130.4453905150294 1275.283758074045 3219.366484776139 166.0270012542605 2995.580526143312 21.8941668048501 0.5610423386096954 6.238749653100967 4.695367254316807 104.3090282827616 0.07578407227993011 2.505049988627434 0 4.012260265648365 2.173291824758053 162.1530492454767 8.118677966296673 5.119134679436684 2.166537955403328 1.459674693644047 0 0.7450230494141579 16.45716104656458 0 0 0 0 0 0 0 0 0 0 0 0.3111134767532349 0.3753909766674042 0.4866058379411697 0.5761239975690842 0.1257643103599548 0 0 0 0 0 0.197863906621933 0 0 0 0.4133711904287338 0 0 0 0 0 0 0 0 0 0 0 0 0 0.3882176652550697 0 2.34261865913868 1.398159705102444 0.1484273225069046 0.8519962579011917 0.6510157585144043 0 0 0.1565985679626465 0.1403972059488297 0.2753095626831055 0 0 0 0.1107120513916016 0 0 0.3474097102880478 0 0 0 0 0 0 0 0.1765023767948151 1.394566923379898 0.4551564455032349 0 0 0 0.1501478254795074 0 0 0.3474375605583191 0.2202678024768829 3.125877112150192 0 0 0.2726551443338394 0.144704207777977 0.4973437339067459 0 0.5283686220645905 0 0.6745056509971619 0.4018468260765076 0 0 0 0 0 0 0.4057874232530594 0.3376753777265549 0.1104986071586609 0 0.4005845487117767 1.598421722650528 1.986370414495468 141.0152391046286 27.46123424917459 275.4592332318425 59.7555123642087 34.25927466154099 64.19093485176563 3.996095038950443 59.34787332266569 2.530404485762119 0.2543235570192337 1.293950662016869 0.2502480298280716 1.430422455072403 0 0 0.6814321279525757 3.760682694613934 0
86.91725350171328 1610.583372071385 552.8817138299346 124.13949983567 6677.02318816632 11.20496262609959 1846.433668650687 104.3313522338867 0 359.8894093260169 1640.017376288772 36.74262788146734 2098.634322352707 1099.374030120671 99.48870688676834 146.4265955016017 1.310942232608795 0.583396278321743 0 0.4882059544324875 1.563199542462826 0.2808586955070496 1.538266450166702 0 0.19044029712677 1.386681348085403 0.9829681292176247 1.255897834897041 0.6355671733617783 0.531452015042305 199.9922889396548 39.06141840666533 19.71173162013292 0.4285985082387924 0.3044951558113098 0 13.13897337764502 1.053164809942245 3.598033122718334 1.582253813743591 0.5427050143480301 0.1358271837234497 0.4874401167035103 6.833281263709068 0.3634852170944214 0.9288498908281326 242.9701711311936 23.01232802122831 1.05132782459259 0.1725207716226578 1.970836848020554 0.7603738233447075 0.1152662560343742 0.7478307113051414 6.328254900872707 19.39358679205179 43.14248500019312 239.0282969400287 27.93352860212326 70.3382585272193 2.357184521853924 1.528340607881546 0.1385476589202881 130.22774964571 10.49095959216356 8.123393140733242 1.747106984257698 5.803025253117085 1.970315612852573 4.081499800086021 77.65594326704741 4.626897811889648 0 87.0508391186595 125.141402669251 177.4819247275591 95.13661041110754 33.33267813175917 2.20722121745348 27.62097383290529 4.595457598567009 4.632774755358696 33.48508138209581 0.2442376837134361 10.41476637870073 9.535438813269138 8.047627359628677 0.07516568899154663 2.020236618816853 0 1.819893382489681 0.8700963407754898 4.438724413514137 0.4755724221467972 0.9417125135660172 342.8490173965693 23.1786237731576 0 7.024710237979889 29.26775670796633 1.292178466916084 2.345365047454834 5.442559212446213 3.96287228167057 1.857174828648567 55.26041544228792 5.481202453374863 64.09133169054985 36.67502936720848 27.38705395162106 10.69204816222191 74.30449314415455 116.2806424945593 108.46427167207 31.14815367758274 3.050003066658974 3.268317669630051 0.2522167861461639 0.3783435523509979 0 0 0 0 0 0 0 0 0 0 0 0 0 0 0 3.483786791563034 3.917268484830856 0 0 0 17.11977078765631 0 21.48753960430622 3.373441807925701 0.5169905424118042 0 0 0 0.8677170276641846 0.6695887297391891 0.3208121061325073 0 2.500855758786201 8.590650573372841 0.1781503558158875 0 0 0 0.1989957839250565 0 3.793985843658447 0.4268752932548523 0.9002571403980255 2.845268465578556 0.1833266317844391 0.3803807944059372 0.304631695151329 26.40948637574911 1.689297139644623 1.287490800023079 1.274997971951962 0 0 0 0 0 0 116.5886958017945 0.4942628443241119 0 0 0.1898970007896423 34.52055768668652 16.12727683037519 10.64277914911509 3.889133371412754 2.528597250580788 1.545202940702438 0.7591822743415833 0.729266345500946 0.4220395386219025 0 0 0 0.1654299646615982 0 0 0 41.22983328998089 25.32499951124191 22.1655907779932 375.1065691187978 40.78077599406242 461.5380820333958 115.771083727479 155.3842611536384 153.50871617347 8.785718150436878 173.3516905158758 25.24452669918537 1.209308944642544 21.98952654749155 2.861183241009712 34.89503914117813 4.932589963078499 0 6.203703753650188 7.412145905196667 0.2497171759605408
2484.447340093553 495.4507616758347 15.1172169521451 1744.637756258249 216.0614303275943 661.5772225111723 1155.54654558748 4.182365372776985 359.8894093260169 0 14.04821491986513 2879.592952989042 6613.239356391132 378.8246325850487 22.48810540139675 24.61810624599457 0.1424369961023331 0.2074045687913895 0.1054054349660873 0.3808235675096512 0.2664488255977631 2.434444755315781 0.1102654561400414 0 0 1.503241196274757 0.08833736181259155 0 0.1728681623935699 0.1141790002584457 22.03399312496185 5.444546841084957 36.09779937565327 0 0 0 68.59101660549641 6.856362015008926 22.47620023787022 0.9989398419857025 0.1299720406532288 0 0.2599544823169708 0.6118857190012932 0.1207726076245308 0.9123107120394707 85.10735079646111 18.14922352135181 0.3904198557138443 0.9079891443252563 0.6768606975674629 2.572620905935764 0 0.185100719332695 8.268299274146557 22.15044116228819 112.4253223910928 265.5243202000856 46.13151074945927 60.6633550748229 0.1148939952254295 3.252606011927128 0 26.05058492720127 7.885868571698666 5.120541803538799 1.476663842797279 2.022766046226025 0.7013518437743187 0.4350333362817764 234.8324744179845 42.68722265958786 0.8975814580917358 93.89743167161942 60.29539779573679 76.69272594153881 13.89086052775383 5.912604615092278 0.7105152979493141 11.42210184782743 0.2955575510859489 4.130401939153671 35.87678074091673 1.335299871861935 7.544319413602352 5.9102848097682 4.571379825472832 1.548538073897362 1.007728226482868 0.8798985183238983 0.3154937326908112 0.7972587049007416 0.8502767458558083 0.4154056087136269 0.1454558819532394 1512.859157890081 442.9636443555355 7.829474896192551 79.10047492384911 489.8368357867002 2.720694497227669 3.906314820051193 4.041510194540024 6.59304341673851 3.112890422344208 54.75825099647045 8.136253982782364 40.06891773641109 26.92223425209522 27.01813457906246 12.41237162053585 59.88906471431255 77.40332280099392 94.00411130487919 16.22345131635666 0.1272653788328171 0.2526901960372925 0 0.3423075377941132 0 0 0 0 0 0 0 0 0 0 0 0 0.272536426782608 0 0 2.46017449349165 4.513574704527855 0 0 0 12.45025797188282 0.3374253213405609 20.84758841991425 3.242465078830719 0 0 0 0 0.4888013303279877 0 0.1788620799779892 0 2.319787800312042 2.983003005385399 0.425635039806366 0 0 0.7124653458595276 0 0 2.601068064570427 0.2325122579932213 0 1.95368555188179 0.2761582434177399 0 0 14.46152223646641 0.572289377450943 0.8231626451015472 0.9846107587218285 0.3134982883930206 0 0 0 0 0 64.96444435417652 1.201267123222351 0 0 0 19.77087463438511 12.76977097988129 10.07571646571159 1.710901170969009 3.721901595592499 0.2436758875846863 0.6603711545467377 0.4686713516712189 0.7901626825332642 0 0 0 0 0 0 0 19.27803863584995 14.13851761817932 14.33577361702919 339.5112771391869 11.65256892889738 307.1934160068631 38.58152992278337 1175.168486148119 103.7118155881763 5.27719147503376 108.6038776934147 17.43895660340786 1.068422235548496 20.4376954510808 0.647571012377739 34.43262401223183 3.947025969624519 0.6710196137428284 10.21252332627773 0.6745205819606781 0.2895041704177856
407.0954884663224 2577.372052654624 6734.417050302029 4.05403820425272 2794.322763979435 8.09721964597702 544.5864359140396 2512.944349326193 1640.017376288772 14.04821491986513 0 124.230820313096 3985.007672131062 2554.516328193247 84.06844547390938 203.6020136550069 1.50090679526329 0.4094320237636566 0.2369714751839638 0.1445778012275696 6.374416574835777 0.2442187368869781 3.448389254510403 0 1.327119171619415 1.459084704518318 1.992561504244804 0.1910966783761978 0.4496854543685913 0.7610132172703743 1106.278487764299 113.7141910344362 318.0232789441943 0 4.60239215195179 2.173937827348709 67.75235233455896 4.782539285719395 14.5297180339694 1.194611802697182 1.524146258831024 0.5196425020694733 2.788980409502983 14.4133645221591 0.8671021312475204 2.683426789939404 163.9664152413607 18.38944064825773 0.8867485523223877 1.231093123555183 3.567994967103004 0 0.8340287506580353 0.5983464047312737 3.586398720741272 18.00569132715464 52.44931548088789 477.6453870236874 22.49937583506107 61.52436324208975 1.448483124375343 11.06421336531639 0 139.2194176986814 8.08708630502224 7.647933885455132 2.290263712406158 9.823434360325336 12.54368620365858 24.73051311075687 235.7158852443099 4.84556482732296 0 87.81749744713306 98.95454145222902 134.072301350534 77.08589284867048 51.93516682833433 71.71243166178465 566.1628962010145 8.307944007217884 76.16915176808834 33.59357456117868 0.3630829602479935 8.555881351232529 7.163153104484081 8.300152204930782 0.2000525966286659 1.413856275379658 0 0.464019738137722 1.531505033373833 12.05583731085062 1.87686076015234 0.2894311547279358 90.55580452084541 10.76272279769182 1.483916819095612 4.227570369839668 193.2047316431999 0.1123766079545021 0.4169960618019104 0.1716724187135696 0.6838985532522202 0.8818647265434265 7.19377176463604 0.8917658179998398 7.875467032194138 6.407100364565849 5.534616738557816 2.040868669748306 10.93722708523273 25.25852210819721 18.84807644784451 15.00447283685207 1.972127556800842 1.547331154346466 0 0.3643561601638794 0 0 0 0 0 0 0.1536997109651566 0 0 0.262789785861969 0 0 0 0 0 1.247526526451111 1.197784319519997 0 0 0 7.769426554441452 0 6.285806678235531 1.755150467157364 0 0.134709969162941 0.2014836072921753 0 0.2949532270431519 0 0 0 0 0.9030907154083252 0 0 0 0 0 0 0.888258770108223 0 0 0.1983593702316284 0 1.029254987835884 0.2161854207515717 11.21708199381828 0.1918845474720001 0.1335568875074387 0 0 0 0 0 0 0 54.48395439237356 0.1721943914890289 0.1982502937316895 0 0.1321513205766678 9.599697560071945 3.562219485640526 5.740015506744385 0 1.321526430547237 0.2713338434696198 0.4480277597904205 0.3033109307289124 0.362244576215744 0 0 0.1230997666716576 0 0 0 0 13.45792235434055 14.68952360749245 10.82059378921986 261.6341585591435 34.34733058512211 303.8926912099123 96.05659377574921 135.8638483732939 106.137630559504 6.552315153181553 131.6790696159005 10.69148840010166 0.6925528347492218 6.762350305914879 0.2081494927406311 4.875757366418839 0.4809811115264893 0 1.748145826160908 7.386823065578938 0.8411283493041992
417.9376354515553 276.7650857269764 31.10850256681442 1636.783824242651 70.62641117721796 137.5001450330019 163.8938042372465 17.00031774491072 36.74262788146734 2879.592952989042 124.230820313096 0 2934.432518728077 62.6501248255372 19.20009994506836 44.04508190602064 1.189453616738319 0 0 0 0.5225275605916977 0 0.3809131681919098 0 0 0.1113728135824203 0.4407909959554672 0.1416569948196411 0.1755411475896835 0 22.8964119553566 4.389768943190575 35.21415916830301 0.1751729249954224 0.1438077390193939 0 47.49016823619604 1.621669143438339 21.50213721394539 0.3990015015006065 1.553911820054054 0 0.1488145291805267 3.270980805158615 0.1691952496767044 1.231267713010311 65.42758822441101 8.512087225914001 0.226501390337944 0.368858814239502 0.2545972168445587 0.7457906454801559 0.1868062317371368 0.7570693343877792 2.879773944616318 7.425228968262672 31.0840373262763 66.45016141980886 17.35274563729763 19.16965709626675 0.7746975719928741 1.24874946475029 0 22.98969828337431 3.019256748259068 2.385165207087994 0.4394789487123489 1.56420474499464 1.351463973522186 3.020985558629036 79.44571588933468 9.409834519028664 0 30.44510243833065 28.04869840294123 39.46858499199152 19.21464376151562 10.10705634951591 0.6968568712472916 8.773423656821251 1.402374058961868 0.8596009537577629 11.51339091360569 0.3825842440128326 2.859393291175365 2.644648738205433 3.26678255200386 0.4672624096274376 0.4648811519145966 0.3983676433563232 0.2157483994960785 0.1109400615096092 2.164466753602028 0.5789026245474815 0.14089335501194 1795.527574822307 53.03829595446587 3.129082351922989 12.47817596793175 115.2968888282776 1.695829220116138 2.083649292588234 1.930137455463409 7.437974333763123 2.317256167531013 60.11128722131252 6.722797632217407 58.94421501457691 26.06434850394726 24.25583425164223 12.89252558350563 85.37070140242577 118.9341455996037 114.4018953070045 27.37700907886028 1.850045740604401 2.869119346141815 0.5552079975605011 0.8918304443359375 0 0 0 0 0 0 0 0 0 0 0 0 0 0 0 3.001141875982285 4.712089896202087 0 0 0 13.08660014718771 0.341031402349472 17.18041787296534 5.179379150271416 0.5926756411790848 0 0.1586297601461411 0 0 1.034790441393852 0.563887894153595 0 3.880607828497887 7.78859169781208 0 0 0 0 0 0.1828450411558151 2.325772896409035 0.3387847691774368 1.219249606132507 4.659114018082619 0.1648646891117096 0.867935836315155 0.2970475554466248 24.94277730584145 1.329458609223366 0.8587090820074081 0.7023626714944839 0.3957151174545288 0 0 0 0 0 109.2931015044451 0.7541832029819489 0 0.1949585527181625 0 37.30914805829525 6.989959686994553 11.58490706980228 3.918362565338612 1.069810926914215 1.695840872824192 0 0.8432392328977585 0.5666504800319672 0 0 0 0.2191969826817513 0 0 0 36.73525683581829 16.18947692215443 12.95074532926083 241.0924432724714 6.025640994310379 174.0183637216687 37.53676342219114 311.4889808893204 53.11028007417917 2.112480655312538 88.42975679785013 22.42834100872278 1.019518539309502 26.04116221517324 0.1122610419988632 36.89358430355787 3.637579433619976 0 8.052390210330486 2.411652266979218 1.178377747535706
695.1978560388088 1482.547995433211 543.2407879456878 1366.601896092296 1434.569811925292 155.4221651703119 2175.839606061578 414.2852004468441 2098.634322352707 6613.239356391132 3985.007672131062 2934.432518728077 0 3306.862972907722 132.0595397055149 309.2116736844182 1.71320453286171 0.228193424642086 0.3235717490315437 1.027920998632908 4.630652740597725 0.4729170501232147 1.870053336024284 0.1434279680252075 0.4717045873403549 2.703631475567818 0.7828355729579926 1.391639485955238 1.425271220505238 0.8733768165111542 216.5383907184005 40.81876504421234 882.7077300548553 0.9245475828647614 2.443155482411385 0.3845916837453842 402.5085825026035 6.797061786055565 121.9004570618272 2.536845937371254 3.35272753238678 0.2326971590518951 2.495133496820927 20.24034418165684 0.4415231719613075 3.84532380849123 265.5378506556153 21.95689118653536 1.637606836855412 0.7256948202848434 2.831103727221489 0.9362343996763229 2.955773770809174 0.6303960904479027 4.478463396430016 21.28795944154263 62.85357280820608 235.9135908186436 31.53379306197166 67.70795906335115 6.639168687164783 14.95678666234016 0.7609777897596359 119.6909903809428 7.697382234036922 5.895625613629818 2.164845980703831 10.40830886363983 8.179709576070309 15.26682402938604 509.9407378435135 18.84295889735222 0.8860284090042114 84.77335743606091 98.57670886814594 166.3027532249689 127.1011609733105 76.82487096637487 5.955739289522171 114.2185501903296 11.23473472893238 11.2541040033102 32.71245705336332 1.035754486918449 9.316985949873924 7.474467672407627 10.62268817424774 2.844377785921097 2.151570849120617 0.5381962209939957 1.104956857860088 2.209690697491169 9.012790866196156 2.48019777983427 0.728277400135994 4741.902839645743 142.7743340805173 3.997342601418495 61.59205287694931 210.3242421448231 4.938780426979065 5.647113189101219 4.778179869055748 10.54274486005306 6.017207816243172 149.4754817038774 13.57076400518417 162.5680720731616 94.30791255831718 69.87546254694462 25.32040582597256 221.9043261110783 356.7848932668567 280.1247870773077 91.32168558984995 7.779864326119423 5.478159867227077 0.2886661291122437 1.334605947136879 0 0 0.2827891409397125 0 0 0 0 0 0.2395428419113159 0 0.1583682149648666 0 0 0 0.1253733783960342 10.44210100919008 9.946882247924805 0 0.157072439789772 0 52.97876947373152 2.296812668442726 66.45224995911121 13.65803486853838 1.072376728057861 0.1034784018993378 0 0.1398685276508331 0.4281622469425201 2.13620288670063 0.882329598069191 0 8.651536740362644 16.47439505904913 0.1342390179634094 0 0 0.8041606917977333 0 0.1605857014656067 10.53171616047621 0.7986552640795708 2.483146168291569 11.99264737218618 0.2131486982107162 4.252914756536484 2.27451154589653 84.60512234270573 2.417568370699883 2.208760231733322 1.423234432935715 0.1697620451450348 0.1479572355747223 0.3398698717355728 0.341955877840519 0 0 383.3539289012551 5.182320535182953 0 0 0.5288482904434204 91.45937501639128 29.99030488729477 28.09069898724556 7.528545588254929 9.603719122707844 6.88840152323246 2.147684141993523 3.807788759469986 1.249644488096237 0.2613600492477417 0 0 0.6603230461478233 0.1385330557823181 0 0 149.9161646962166 91.13044866174459 59.73790556937456 646.3108912482858 43.25849068909883 567.5812685713172 183.6126491874456 476.8755397200584 191.4051042869687 12.3792587891221 284.7325264066458 61.29662057757378 4.529979318380356 71.51583579182625 4.370214156806469 68.13876262307167 9.36538191139698 0.7769730240106583 16.23275281488895 11.7552612349391 2.212120532989502
