0 4426.967461705208 738.8669569417834 1648.961735755205 351.702636167407 63.55960243940353 637.8158876374364 218.6215648427606 229.087496727705 1996.764266073704 386.3814783468843 201.096045948565 349.0665166452527 253.5390133187175 2.495491556823254 0.4443167597055435 0 0.3519188016653061 0 0.1424029916524887 0.3769937604665756 0 0 0.3864834606647491 0.3409308642148972 0 0.114250048995018 0 0.1049229726195335 0 353.4394758045673 1.222746133804321 7.947570756077766 0 0.1098460853099823 0.1523146480321884 36.86616738140583 0.1484633982181549 0.4668401330709457 0.5940470397472382 0 0 0 0.7484569549560547 0.3434911668300629 0.7259668633341789 20.43431369960308 0.971280537545681 0.7687308937311172 0.4238773882389069 0.2013701796531677 0 0 0 6.863568171858788 5.33061071485281 443.1671877279878 1249.160179942846 19.45421149581671 29.06906175613403 0.6634272187948227 0.2161959409713745 0 7.398365646600723 2.394489511847496 1.068894766271114 0.6177089959383011 0.3150925412774086 0.2379755154252052 0.6829505935311317 20.96762884408236 6.8419029712677 0 285.6714599058032 45.40074909478426 16.30907960236073 2.888871386647224 1.800329081714153 3.579091168940067 41.65710257738829 0.6179144531488419 0.953979030251503 11.38427220284939 0.1095926240086555 1.676663406193256 3.075773447751999 0.5052003711462021 0.2171188741922379 1.239126138389111 0.4246567785739899 0.4659427851438522 0 1.302324540913105 0 0.2495123520493507 57.46984966099262 9.272689610719681 0.4793192446231842 0.189385786652565 1138.268444389105 0 0 0.4124975800514221 0 0 0.4589125514030457 1.064509987831116 1.156772255897522 0.608651265501976 2.734602734446526 0.6054245233535767 4.921697393059731 4.042909234762192 12.10662838816643 4.555804714560509 0 0 0 0 0 0 0 0 0 0 0 0 0 0 0 0.2520712614059448 0 0 0 0 0 0.984794557094574 0 0 4.032451674342155 0 1.036132216453552 0.521103173494339 0 0 0 0 0 0 0.8020793199539185 0 0.3119064569473267 0 0 0 0 0.7506046891212463 0 0 0 0 0 0.5485833287239075 0 0 0 2.044729478657246 0 0 0 0 0 0 0 0 0 2.37072765827179 0 0 0 0 4.334277287125587 1.664685294032097 0.2505599558353424 0.7282734513282776 0.3055650889873505 0.5780376195907593 0 0.9984831809997559 0 0 0 0 0 0 0 0 6.794209480285645 0.3309552669525146 0.1501474231481552 79.02331436425447 7.591169662773609 42.53779263049364 7.64573360979557 1580.434980459511 14.1191072165966 2.287111267447472 7.901008792221546 6.244579344987869 0 1.219831675291061 0 8.601350411772728 0 0 0 0.3100183308124542 0
4426.967461705208 0 1936.471728093922 2150.88912447542 7069.091704443097 26.6918914988637 3996.639154061675 628.4718630611897 4587.336869671941 424.7699624672532 2206.493394717574 55.87965362519026 846.5743717104197 985.1213520020247 12.42863760888577 0.672762431204319 1.143913917243481 1.906600624322891 0.7597455531358719 4.369597904384136 1.953881092369556 0 0 0 0.3663018047809601 0.4911206215620041 0.1294295340776443 0.1655974388122559 0.1236234754323959 0.2642379850149155 1809.706492714584 4.61877179145813 14.4107078909874 0.09603875130414963 0.1757090389728546 0.7777937352657318 117.3800219967961 0 0.8965357914566994 0.5893473625183105 1.327132269740105 0.2440594732761383 0.735577329993248 1.489984579384327 0.3574607521295547 2.063824273645878 142.5489712581038 9.227271378040314 0.5704150944948196 1.154234334826469 3.085891038179398 0 0 0.2328938618302345 26.64439323544502 19.35282410681248 224.5108389109373 1033.289744272828 32.77742648124695 87.02738669514656 1.962294436991215 0.8642916157841682 0.8447950258851051 22.65071727335453 9.204763256013393 7.24281620234251 4.358873903751373 1.737625785171986 1.886630646884441 2.327204436063766 56.44033158570528 1.313612394034863 0 447.0051595941186 170.8999381139874 104.5241626799107 28.87763857841492 8.3729163184762 7.875406958162785 89.13340724259615 3.479579128324986 2.508587814867496 59.13787811994553 0.541649155318737 7.332704447209835 13.80870074033737 3.997805379331112 0.09695976227521896 4.972068451344967 0 0.405056394636631 0.09714670479297638 4.240110255777836 0.2598310932517052 0 30.88856621086597 2.039071470499039 0.1451208889484406 0.5780767053365707 421.7678851112723 0 0 0 0 0.4401392340660095 0.6933469325304031 0 1.334498822689056 1.16233503818512 1.522959694266319 0 7.431956082582474 6.370674774050713 4.419618010520935 3.439584702253342 0 0 0 0 0 0 0 0 0 0 0 0 0.2451475113630295 0 0 0 0.4092866182327271 0 0 0 0.8795204758644104 0 0 0 2.759244069457054 0 0.6388176083564758 0 0 0 0 0 0 0.3883661031723022 0 0 0 0 0 0 0 0 0 0 0 0 0 0 0 0 0 2.757089719176292 0 0 0 0 0 0 0 0 0 5.424396082758904 0 0 0.2912821471691132 0 2.245172172784805 0.8992353528738022 0.58438441157341 0 0 0 0 0 0 0 0 0 0.134460911154747 0 0 0 3.727370172739029 0.5260264575481415 1.216379955410957 214.2012514844537 26.77394086122513 377.4106513336301 66.6846052184701 928.350784547627 53.85095146298409 7.21855640411377 75.54697478562593 5.948390901088715 0 2.109932065010071 0 9.300359100103378 0.3976994454860687 0 0.2925455272197723 3.21678951382637 0.965826690196991
738.8669569417834 1936.471728093922 0 20.21706848591566 268.9076246321201 0.5080858767032623 80.10284485667944 4567.684157766402 784.7548165619373 6.414957217872143 2783.009497225285 18.88129204511642 302.8134995400906 866.5864881053567 21.66214325278997 8.359389580786228 5.783079192042351 8.128513760864735 2.799234472215176 125.2280293628573 214.7916680946946 0 44.37306118011475 30.57292208075523 23.30597267299891 29.32821541279554 18.69738180935383 1.437821105122566 1.377397865056992 5.404070757329464 5030.473629795015 104.7154607623816 22.74909529089928 16.11402722448111 107.9837950468063 32.04335964471102 101.2981877401471 8.107220202684402 6.759172387421131 11.84203276783228 117.2988626286387 7.78782657533884 14.08893048763275 2.725678898394108 4.254211604595184 11.57840301841497 65.14614224433899 4.748245470225811 1.412015721201897 10.92829076945782 3.213872827589512 0.6066550761461258 0.2757885754108429 1.73921249806881 6.700877264142036 6.181191921234131 159.8816344365478 1253.462940171361 10.96600476652384 32.96589025855064 26.69935347884893 29.95935057103634 5.504409670829773 130.069962464273 3.191806584596634 2.779806487262249 2.890588849782944 9.409907259047031 30.04049099236727 252.5628625750542 42.49675916880369 1.331013739109039 0 205.9867437705398 168.9124751612544 64.69955306500196 38.7887255474925 14.8870797380805 498.4369202405214 1323.007839381695 11.90308621525764 429.2025287523866 16.12119969725609 0.65510044246912 2.422802589833736 4.095092743635178 8.592489801347256 0 2.355930872261524 0.08611970394849777 1.1592782959342 0.6456190124154091 255.307968556881 13.18113996833563 4.491564080119133 12.67228100448847 7.354134738445282 0.2651381641626358 5.627108670771122 225.9276775717735 0 0 0 0 0.1902163326740265 0 0 0.2519645094871521 0.1763380020856857 0.3646829724311829 0.2578309774398804 1.343713492155075 2.682442605495453 3.955840319395065 1.568670988082886 0 0.5571815967559814 0 0 0 0 0 0 0.4541050791740417 0 0 0 0 0.179712638258934 0 0 0 1.210981622338295 0 0.3909986987709999 0 0 0 0 1.154351145029068 0 1.656518027186394 0.3874800205230713 0.6275133490562439 0 0 0 0 0 0.3160234689712524 0 0 0.488189697265625 0 0.5421460270881653 0.1797239780426025 1.664538949728012 0.2441291064023972 0 0 0 0 0 0 0 0 3.534036725759506 0 0 0 0 0 0 0 0.08440810441970825 0.5782330334186554 3.196574218571186 0.2366645336151123 0 0.2710888683795929 0.5366437137126923 1.286059379577637 0 0.1404780000448227 0 0.1723882257938385 0 0 0 0 0 0 0 0 0.1273457258939743 0 0 0.9902581572532654 1.040580958127975 1.419413149356842 107.451573073864 23.9544935375452 148.756515391171 34.57399116456509 114.4297555312514 14.53968247771263 3.510647788643837 30.86549605429173 3.678355932235718 0 1.055167376995087 0 1.711173534393311 0 0 0.2312963902950287 4.183624409139156 0.494602382183075
1648.961735755205 2150.88912447542 20.21706848591566 0 244.5053682923317 117.3394308239222 2310.754565581679 2.568061470985413 271.0036678016186 5229.892058245838 13.55065926909447 710.225727558136 1674.995683342218 84.89466904103756 3.656620390713215 0.324421338737011 0.2184907644987106 0.2613720521330833 0.2454182356595993 0.2561620324850082 0.2874207571148872 0 0 0 0.1622029840946198 0 0 0 0 0 51.46412397921085 0.4915012717247009 0 0 0 0 3.328379273414612 0.1339385956525803 0 0 0 0.4798111319541931 0 0.2301171272993088 0 1.21078996360302 24.91142051666975 2.084879584610462 0.1251224279403687 0.2441611140966415 0.4172768890857697 0 0 0 3.642080679535866 2.234076417982578 48.87457805126905 251.6900476142764 8.164436735212803 15.94967805594206 0.5183737725019455 1.405783250927925 0 3.291792593896389 1.411571562290192 1.066877409815788 0.1665927171707153 0.1027763932943344 0 0.4133070111274719 2.594138413667679 0 0 99.54079320281744 31.568937279284 17.86819025874138 6.273841448128223 1.273118659853935 0.3068965971469879 3.385577201843262 0.8475624993443489 0.5103052631020546 10.80890090018511 0.1286816298961639 2.081562601029873 2.166675180196762 0.4591302648186684 0.1023924052715302 0.9485044926404953 0 0.1080008521676064 0 0 0 0 100.1427957713604 2.242853313684464 0 0.2389435470104218 172.8938700258732 0 0 1.877033174037933 0.4583314657211304 0 2.679205894470215 1.48741203546524 6.15551283955574 1.164584279060364 4.464203611016273 0.8402810096740723 24.612035125494 21.42936246097088 26.79985456168652 9.096172779798508 0 0 0 0 0 0 0 0 0.5536245107650757 0 0 0 0 0 0 0 0 0.310320109128952 0 0.3527120053768158 1.479690134525299 0.4185975790023804 0.7658860683441162 0 4.927113443613052 0.5737556219100952 1.913714066147804 1.058771699666977 0 0 0 0 0 0 0 0 0.6190856099128723 0.7921773195266724 0 0 0 0 0 0 0 0 0 0 0 0 0 7.711136773228645 0.7060437202453613 0 0 0 0 0 0 0 0 14.68121102452278 0.2439967840909958 0 0 0 11.74605324864388 2.108297228813171 2.507213115692139 0.4474774450063705 0 0.2159168273210526 0 0 0 0 0 0 0 0 0 0 16.2734554708004 1.752088963985443 2.301802277565002 116.8980378210545 9.525344371795654 65.77959771454334 14.93180998414755 1237.000123053789 11.27300313860178 2.296533592045307 20.35753234475851 6.65478889644146 0 2.449346080422401 0 10.16044782102108 0 0 0.1330694407224655 0 0
351.702636167407 7069.091704443097 268.9076246321201 244.5053682923317 0 17.89704768359661 2008.110681571066 27.44994880259037 8465.612562961876 231.3888797312975 923.7035221755505 54.30082280188799 269.498540610075 169.4392174035311 18.16918588429689 1.300153739750385 0.6736119240522385 1.555275350809097 1.31102978438139 1.719311736524105 1.833513304591179 0 0 0.1203120872378349 0.1665608435869217 0.6145008429884911 0.1020988598465919 0.2940911501646042 0.8009174466133118 0 217.8017550632358 3.058920450508595 1.081116735935211 0.1166792139410973 0.1010713502764702 0.1262231469154358 9.040011845529079 0.1735682934522629 0.2171015590429306 0.1638447344303131 0.5156792625784874 0.4567267000675201 0.725302666425705 2.146953232586384 0.5742429196834564 1.639725357294083 158.1172574684024 8.183278508484364 0.3520827516913414 0.6443640366196632 1.527751080691814 0 0 0.2964964359998703 17.16857376694679 19.08273685723543 72.90340187400579 256.8580763190985 27.13529305160046 71.84038613736629 1.296040877699852 1.043973311781883 0 30.21979447454214 9.793746918439865 7.330714136362076 3.368077926337719 1.5597934871912 0.4680042788386345 1.733067698776722 3.474873103201389 0 0 219.3798604980111 140.3059877082705 115.5390708371997 46.96650118380785 8.000142388045788 2.545892246067524 6.306274645030499 1.398234955966473 1.469059236347675 44.0066772326827 0.3531462177634239 7.075076594948769 10.51999425888062 5.1429328545928 0 3.811780102550983 0 0.9371162429451942 0 0.6646905839443207 0.7178677693009377 0.3132787346839905 86.14117074012756 1.800439484417439 0 0.2392593771219254 26.4503383859992 0.2367241978645325 0 1.29395005106926 0 0.9553031921386719 4.57003428041935 0.4484269767999649 1.775115072727203 0.2240816950798035 6.792832970619202 0 20.58712935447693 20.36467570066452 27.83913414180279 12.92610102891922 0 0 0 0 0 0 0 0 0.4608373939990997 0.5438551306724548 0 0 0.1471509784460068 0 0 0 0 1.004976540803909 0 0.819495677947998 1.891880720853806 0 0 0 7.771247893571854 0.499483048915863 3.400820568203926 0.8754938989877701 0.9825695753097534 0 0 0 0 0.1551752686500549 0 0 0.4776292145252228 0.7510232031345367 0 0 0 0 0 0 0.6748116761445999 0 0.4988690316677094 0 0 0 0 4.989263042807579 0 0 0 0 0 0 0 0 0 12.99178355932236 0.3480183184146881 0 0 0 11.68807764351368 1.641787886619568 1.127626433968544 0.3433088958263397 0 0.2918578386306763 0.1803761571645737 0 0 0 0 0 0 0.9573222398757935 0 0 15.62056440114975 1.454973727464676 3.795186921954155 348.0123145356774 31.1974136158824 460.8908251300454 107.7183472886682 244.1101435497403 69.64515607059002 11.42337851971388 115.9450992196798 13.81504279375076 0 2.118786528706551 0.2813923358917236 11.38689759373665 0.5920899510383606 0 2.298632621765137 4.033407807350159 0.6070516407489777
63.55960243940353 26.6918914988637 0.5080858767032623 117.3394308239222 17.89704768359661 0 42.98200611770153 0 23.96782290935516 498.4560948163271 1.312414512038231 169.4740879684687 89.1695169955492 12.24012190103531 0 0 0 0 0 0 0 1.778609871864319 0 0 0 0 0 0 0 0 1.706014320254326 0 4.626279905438423 0 0 0 11.00378891825676 0.180709034204483 1.992731288075447 0.1737428307533264 0 0 0 0 0 0.4227539300918579 0.2578017264604568 0 0 0 0.4247521758079529 3.057482033967972 0.394991934299469 0.4558528363704681 0 0.4595491588115692 125.0113354176283 71.76221118867397 3.574954524636269 1.039298996329308 0.6977054476737976 4.052203953266144 0 0.2103390693664551 0 0 0 0.0910765528678894 0 0 41.90644316375256 83.39305783808231 1.769633203744888 11.91210907697678 0.3641299307346344 0 0 0.1548893004655838 0 12.4949294924736 0 0.8787442743778229 0.3761519491672516 2.727312624454498 0.305685430765152 1.182999595999718 0 4.426953285932541 4.466129571199417 6.562329322099686 0.8383823186159134 3.085236221551895 0 0 0.6235271096229553 243.1980117633939 30.95904411375523 8.772858336567879 14.58411435782909 990.1461766660213 0 0 0 0 0 0.6153132915496826 0 0 0 0 0.2722558975219727 2.265195071697235 0.8031065762042999 4.008882939815521 0.5185300409793854 0 0 0 0 0 0 0 0 0 0 0 0 0 0 0.3835151493549347 0 0.7189989238977432 0 0 0 0.5075144171714783 0.2584755122661591 0 0.3097849488258362 0.2567454278469086 0 0.7481840699911118 2.366184055805206 1.381853565573692 0 0 0 0 0 0 0 0.5306428074836731 0 0 0 0 0.9617547243833542 0 0 0 0 0 0 0 0.1730960756540298 0 1.366727605462074 0 0.2511738836765289 0 0 0 0 0 0 0 1.748613119125366 2.617321163415909 0 0 0 0.9201217591762543 1.970399439334869 0 0 0 0 0 0 0 0 0 0 0 0 0 0 0.4730775654315948 0 0.8759154677391052 10.56329862773418 0.3177827447652817 0.9468810930848122 0.4510812759399414 843.0789280980825 0.7706751823425293 1.032337456941605 2.561280801892281 5.038618937134743 0 1.403337121009827 0 1.254010647535324 0 0 2.552716016769409 0 0
637.8158876374364 3996.639154061675 80.10284485667944 2310.754565581679 2008.110681571066 42.98200611770153 0 13.22532020509243 2057.991352446377 1170.099158443511 112.2345190942287 176.2006458491087 5728.599142462015 588.648278683424 20.69404905289412 3.326513394713402 0.7834160104393959 1.459076002240181 0.9590817987918854 1.733874514698982 1.48990123718977 0 0 0.2393224760890007 0.7231269925832748 1.187546439468861 0.2763266637921333 0.8109833374619484 1.226237282156944 0 140.5951569229364 6.176601111888885 0.4719251245260239 0.1861998587846756 0.128397598862648 0.2013720273971558 11.96632872521877 0 0.2309792339801788 0.33847975730896 1.514859072864056 0.3723004311323166 0.1443940848112106 1.433912858366966 0.2624253630638123 2.392660826444626 181.3047419264913 8.668558679521084 0.7746955901384354 1.843125857412815 2.273153014481068 0 0 0.4123679473996162 20.52801777422428 19.15960405021906 75.00277870893478 275.7739940732718 29.4351200312376 77.16970159858465 2.120376259088516 0.9647855460643768 0.1931888982653618 27.50254561752081 7.353753283619881 6.880254127085209 4.790244020521641 2.167097985744476 1.348957881331444 1.961103677749634 8.683157920837402 0.6539240926504135 0.2005318850278854 252.6882388517261 134.0627916902304 126.3780572414398 50.23924265056849 6.165421985089779 2.616962261497974 8.96316222846508 2.918673723936081 3.307196564972401 56.01527641713619 0.5914005562663078 7.087079301476479 12.18343745917082 5.586327582597733 0.2798360660672188 5.590576186776161 0.1756813749670982 1.163349784910679 0.5876083448529243 3.056294180452824 0.5319664850831032 0.7274352088570595 252.9267796576023 4.668611630797386 0.153536930680275 0.855481892824173 39.00391155481339 0.1797999292612076 0 2.700563549995422 0 0.214823380112648 6.950701475143433 0.7136171758174896 5.393079176545143 1.215654015541077 10.60909955203533 0 44.36203971505165 48.07463765144348 56.34440018981695 21.06336170434952 0.4928673207759857 0 0 0 0 0 0 0 0 0 0 0 0 0 0 0 0 0 0 0.8411828577518463 2.70587757229805 0 0 0.4644864201545715 17.30755938589573 0 4.479431852698326 2.808513820171356 0 0 0 0 0 0 0 0 1.273178786039352 1.70868407189846 0 0 0 0.4634017050266266 0 0 0 0 0.1132613569498062 0 0 0 0 14.76321905851364 0 0.3328554034233093 0 0 0 0.1424755752086639 0 0 0.1644843518733978 42.59500925242901 0.1901308000087738 0 0 0 20.56607167422771 4.594913363456726 5.797692060470581 0.7249742448329926 0.9219479262828827 0.3263426423072815 0 0.6160115003585815 0 0 0 0 0 0.09956612437963486 0 0 24.27194233238697 3.735891759395599 5.710082337260246 406.8915390148759 41.2257177233696 475.3883067369461 109.4324440658092 570.3139775544405 66.95439806580544 12.88511891663074 140.7409975454211 22.51215042918921 0.543177604675293 4.926724351942539 0 29.48541323840618 0.5428916960954666 0 1.29003569483757 6.752298705279827 0
218.6215648427606 628.4718630611897 4567.684157766402 2.568061470985413 27.44994880259037 0 13.22532020509243 0 332.8574567586184 3.002915449440479 2476.334405682981 15.13006450235844 226.554366081953 1232.187281832099 20.27471040189266 6.0186368227005 0.8313433825969696 3.596436128020287 1.898187458515167 14.98404225707054 28.40840904414654 0 9.444337487220764 3.552935779094696 6.892546840012074 4.738041654229164 3.781497240066528 0.1477600634098053 1.293284900486469 1.586155980825424 1545.992000684142 3513.451841242611 32.29514471441507 5.05976927280426 25.54972574859858 17.07283499091864 88.99112574756145 4.739100188016891 5.123411402106285 3.329142227768898 13.74151407182217 0.9277020171284676 2.067139193415642 0.9567550346255302 2.584976196289062 6.749389298260212 137.0877560153604 5.738482721149921 0.9737512394785881 1.184298284351826 2.464886352419853 0.2775130867958069 0 0.7092178910970688 13.09978738427162 9.708241373300552 62.3078388273716 347.3226551041007 16.93332526832819 49.93764481693506 107.5380697548389 64.81762551516294 1.642052844166756 125.7511313334107 5.636593036353588 3.831903360784054 1.991610571742058 1.566857993602753 3.105570718646049 24.08973353356123 40.94694354385138 0.6522856205701828 0 163.372914262116 160.4385021701455 120.9614834859967 79.52289070188999 114.3811101987958 748.1042891591787 1574.214581727982 152.5752609595656 1599.747202649713 24.05860817432404 0.1845400258898735 3.609984263777733 6.674459755420685 2.609052754938602 0 3.458747394382954 0.1252671629190445 1.05147173255682 0 32.52242369949818 2.232410095632076 0.6127300560474396 5.237435787916183 6.609859690070152 0.1341254711151123 2.966927729547024 49.79067270457745 0 0 0 0 0 0.3562131822109222 0 0 0 0 0 0.2328914999961853 1.329205900430679 0.6448417901992798 1.363256677985191 0 0 0 0 0 0 0 0 0 0 0 0 0 0 0 0 0 0.1877200603485107 0 0 0.3494793772697449 0 0 0 0.6173322796821594 0.3890553712844849 1.140952467918396 0.794297456741333 0 0 0 0 0 0 0.2165295779705048 0 0 0 0 0 0 0.1689181923866272 0 0 0 0 0 0 0 0 0 1.704732835292816 0 0 0 0 0 0 0 0 0 1.877695515751839 0 0 0 0 2.024713426828384 0.4597730338573456 0 0 0 0.2021384835243225 0.2791958749294281 0 0 0 0 0 0 0 0 0 0 0.493613213300705 0.3910930454730988 179.2600500434637 28.55241975188255 243.3947599679232 57.39661732316017 68.49622853845358 31.82254174351692 4.911765538156033 62.38707304000854 3.232771649956703 0.1052477955818176 0.5261740386486053 0 0.5155684351921082 0 0 0.4437908232212067 1.631556749343872 0
229.087496727705 4587.336869671941 784.7548165619373 271.0036678016186 8465.612562961876 23.96782290935516 2057.991352446377 332.8574567586184 0 332.9228947237134 5465.326992094517 109.9454626664519 3127.765162058175 2344.332348674536 33.38077036291361 6.676189444959164 1.403817765414715 1.372452199459076 0.6429909914731979 1.804736912250519 1.532315798103809 0 0.1325825452804565 0 0.2915185242891312 1.0104154124856 0 0.6600098982453346 1.518917419016361 0.4230940937995911 208.8992083519697 10.09999267756939 40.30671408027411 0.1155420690774918 0 0.2943082004785538 327.7962822020054 0.7202844098210335 1.579807795584202 0.3814598917961121 0.3779333829879761 0.7576906681060791 0.3698420599102974 1.461350999772549 0.2341177240014076 1.368089869618416 209.9695725813508 9.182510487735271 0.3293177485466003 1.66813662648201 2.110178969800472 0.2452125772833824 0 1.888607658445835 18.60682591050863 17.21204092353582 51.81017461419106 158.4790490493178 27.29744933545589 71.50483667105436 1.827217943966389 0.9110396653413773 0 31.11333487182856 10.0560018569231 8.572104513645172 5.498877301812172 2.02897060662508 1.054739445447922 2.297863818705082 129.696915589273 1.332093864679337 0 177.9523065537214 121.9063761159778 153.028719983995 89.13447489589453 8.63428620249033 2.170860849320889 19.97526245564222 2.210400596261024 2.915866002440453 39.55821714550257 0.3519301638007164 7.894724853336811 12.15881379693747 4.685149170458317 0 4.463774763047695 0.07162255048751831 1.936764448881149 0.4934764876961708 2.885867089033127 0.9827521145343781 0.8441901654005051 365.8214759379625 11.5356627330184 0.291940912604332 3.516103535890579 22.28225448727608 0.9061744958162308 0 2.31521287560463 0.8284457176923752 1.650378093123436 12.23662625253201 2.102557063102722 9.272663712501526 2.139951393008232 20.77550642192364 2.411769345402718 75.8024253770709 60.3181521743536 100.4212090671062 38.99673479795456 0 0.5309757590293884 0 0 0 0.22561314702034 0 0 0 0 0 0 0.8735442161560059 0 0.8399355709552765 0 0 0.7954557240009308 0.2926233410835266 1.425683751702309 4.3972447514534 0 0 0.8998966217041016 25.95298412442207 0 9.059129327535629 3.04920220375061 0.3186298608779907 0.3306088447570801 0 0 0.2811411917209625 1.144170522689819 0.7368364036083221 0 2.794909715652466 3.413893520832062 0 0 0 0.9480581879615784 0.1388729810714722 0.1699220240116119 0.1585845649242401 0 0 0 0 0 0.5268962979316711 23.855079844594 0.1687543988227844 0 0 0 0 0 0 0 0 60.03448462486267 0.409269243478775 0 0 0 40.81059823185205 11.81569720804691 9.578770443797112 1.389574341475964 1.089719206094742 0 0.5081375241279602 0.196776956319809 0 0 0 0 0 0 0 0 52.18940408527851 7.768489956855774 14.61689998209476 650.5274636074901 58.74863564968109 573.5585675984621 155.9677366837859 282.015171982348 85.89910482615232 15.19073166698217 197.1567739397287 35.23878487199545 1.068388804793358 8.901232846081257 0.9596034735441208 51.59948593378067 2.640810057520866 0.6102094650268555 2.170745179057121 8.680549830198288 0.8237243741750717
1996.764266073704 424.7699624672532 6.414957217872143 5229.892058245838 231.3888797312975 498.4560948163271 1170.099158443511 3.002915449440479 332.9228947237134 0 9.457645207643509 3916.29071855545 5180.851284481585 141.6435724794865 6.857616379857063 0.1906364560127258 0.1732040643692017 0.4833408519625664 0.220338262617588 0.6039054840803146 1.237323954701424 0.1753687858581543 0 0 0.1551853567361832 0.151558130979538 0 0.2098520547151566 0.7325778603553772 0 32.55440208315849 0.6734637469053268 3.882461875677109 0 0 0 56.63117572665215 0.134243980050087 1.735334381461143 0.5321951359510422 0.1603003889322281 0.1774207949638367 0 0 0 0.256828173995018 64.2634916305542 1.739619605243206 0.0954405814409256 0.4455027431249619 0.4859319180250168 0.3427460938692093 0 0 9.432024203240871 4.396790191531181 59.60753906518221 169.8977675661445 12.82864298671484 25.99677324295044 0.2543149441480637 0.488805741071701 0 4.382137626409531 3.338347867131233 2.023555748164654 1.264241904020309 0.5705927386879921 0.2260052710771561 0.9399810954928398 138.4383318126202 8.332951962947845 0.3371741771697998 118.3990737572312 48.31270784139633 24.85024192929268 8.850159637629986 1.759024053812027 0.8377331122756004 5.78370064496994 1.304594472050667 0.5466509461402893 14.44885299354792 0 2.130606576800346 2.912534587085247 1.128994598984718 0.3946845903992653 1.351718232035637 0.1795035749673843 0 0 0.4867324531078339 0.341292530298233 0 554.7082794606686 31.77700059115887 1.061442375183105 8.195429861545563 323.7196684628725 0.4051999598741531 10.49803613126278 55.78661032021046 63.08428084850311 0.7041948884725571 49.72780682146549 8.187269821763039 9.301419764757156 78.45353329181671 25.76432044804096 1.777446433901787 75.36889480054379 84.50548852980137 98.86416558921337 31.67032758891582 0.9253206849098206 0 0 0.8638828992843628 0 0 0 0 0 0 0.8464695811271667 0 0 0 0 0.2104417234659195 0.5826665163040161 0 0 1.108988761901855 1.991733267903328 0 0 0 22.38863979279995 0 7.292164653539658 0.1454739719629288 0.7149856388568878 0 0 0 0 1.327712744474411 0 0 1.552236869931221 1.379037514328957 0 0 0 1.003928154706955 1.319063395261765 0 1.056745305657387 0 0 0.5919997096061707 0 1.802350223064423 0 19.4105948805809 0 0 0.530994713306427 0.1269456595182419 0 0 0.2089350521564484 0.112980805337429 0.8958379626274109 36.21383360028267 0.6954359412193298 0 0 0 23.53584145009518 5.518077626824379 8.818544939160347 0.8300867527723312 2.19368040561676 0.6886000633239746 0 0.4521100223064423 0 0 0 0 0 0 0 0 39.02988493442535 6.971396461129189 5.071709275245667 446.6515481323004 13.295380204916 166.1135060787201 33.05730313062668 3005.86748495698 29.33346673846245 5.708619251847267 64.67587669193745 30.11920419335365 0.1096994131803513 8.26637627184391 0.2021132707595825 65.89561721682549 2.126410037279129 0 2.961237594485283 1.98605777323246 1.09264925122261
386.3814783468843 2206.493394717574 2783.009497225285 13.55065926909447 923.7035221755505 1.312414512038231 112.2345190942287 2476.334405682981 5465.326992094517 9.457645207643509 0 83.8335715085268 1632.152347907424 4392.087489530444 41.25870584696531 15.80079267174006 4.464359410107136 1.776819832623005 0.4248379692435265 2.330194421112537 2.032549917697906 1.594580367207527 0.342065155506134 0.4784034043550491 5.010574825108051 2.444741353392601 1.831879794597626 0.2080732733011246 1.640896886587143 0.2810251265764236 659.7505621686578 113.064823590219 161.1215940117836 0.2662114202976227 0.3651458024978638 7.91010744869709 486.4303450360894 4.337426096200943 6.989603206515312 5.419401362538338 2.469154417514801 0.6828559935092926 0.3961203992366791 2.005986981093884 0 1.711870260536671 186.0267063081264 5.772536158561707 0.3971734941005707 0.8277694880962372 1.268009647727013 0.4502501785755157 1.142264366149902 1.344739764928818 12.80540781468153 10.35891085118055 48.01986938714981 230.9640648514032 18.91010716557503 53.56610941141844 3.204933114349842 7.157871581614017 1.716265842318535 48.12959132343531 6.566153526306152 4.170861460268497 3.246358696371317 3.045533299446106 0.9894855916500092 4.542815312743187 336.7521859258413 5.814171552658081 0.1313634812831879 139.0358471870422 114.617693118751 128.8797021657228 100.4063473567367 13.13688506931067 223.7152626588941 1081.598018802702 1.178698062896729 39.57484836876392 33.13361996412277 0.3374487310647964 3.977320231497288 9.140844225883484 3.893393248319626 0.1092757806181908 4.532603144645691 0.08333276957273483 0.8777152672410011 0.6672054901719093 19.78784656524658 1.905775010585785 0.3136783093214035 51.09423012286425 8.72410574555397 1.562421768903732 8.178852058947086 56.45005898177624 0 0 0 0 0 1.226097375154495 0 0.2341154217720032 1.02060329914093 1.774723738431931 0 5.419568121433258 7.083299055695534 7.583892181515694 6.717930480837822 0 0 0 0 0 0 0 0 0 0 1.3306804895401 0 0 0.3560761511325836 0 0 0 0.8007814139127731 0 0 0.7340559214353561 0 0 0 3.168568424880505 0 3.304016351699829 1.915394864976406 0.6263682097196579 0 0 0 0 0 0.1677704155445099 0 0 0.4227862060070038 0 0 0 0.1592219173908234 0.3500244915485382 0 0 0 0 0 0 0 0 8.317936643958092 0 0 0 0.1008874550461769 0 0 0 0 0 8.610769152641296 0.1565942317247391 0 0 0 4.389043733477592 0.8636085838079453 4.373812258243561 0 0 0 0 0.2373785227537155 0.1005778536200523 0 0 0 0 0 0.6120337843894958 0 2.757484093308449 1.231905996799469 2.493691995739937 438.4557614549994 43.96799603849649 371.0122598111629 100.7828999459743 96.85605224967003 47.44698603451252 11.18481632322073 130.0158451497555 5.82476232200861 0 2.988828592002392 0 4.469476640224457 0.5945521593093872 0 1.840370684862137 9.81243871152401 0
201.096045948565 55.87965362519026 18.88129204511642 710.225727558136 54.30082280188799 169.4740879684687 176.2006458491087 15.13006450235844 109.9454626664519 3916.29071855545 83.8335715085268 0 2963.100169941783 176.0781337097287 21.11602709442377 12.93723322451115 3.085469804704189 0.1718096882104874 0.1567702889442444 0 0.4179051220417023 0.8925186395645142 0 0 0.6609179377555847 0.5575995370745659 0.3352955877780914 0.2787424176931381 0 0.1581609845161438 12.63214513659477 0.6413761004805565 54.96873039007187 0.1485025584697723 0 2.749933525919914 365.2534404098988 7.78094670176506 14.487603738904 3.331025645136833 0.5192531794309616 1.184761680662632 0 0.3601164370775223 0.2512025237083435 0.911674976348877 65.15222615748644 1.126404367387295 0.8901484906673431 0 0.6586710289120674 0.8148070499300957 1.32904078066349 0.626264750957489 3.131390571594238 2.047890096902847 9.365458801388741 20.5214667096734 5.201557047665119 13.78225772827864 1.491539098322392 7.690261140465736 0 3.172952562570572 1.190754733979702 1.041158504784107 0.8288057744503021 0.5943721085786819 0.3351408988237381 1.089242652058601 376.9772630184889 29.50666874647141 0.4465274810791016 32.08965366333723 18.93942348659039 32.05124646425247 18.87549247592688 2.717001870274544 0.4107008799910545 61.98980724811554 0.6859701946377754 4.888610780239105 7.028603725135326 0.4095080345869064 0.9848710894584656 1.834835380315781 1.201512239873409 0.7533556669950485 1.693961545825005 0.8268276453018188 0.299086332321167 0.4588727951049805 4.155417464673519 0.09995607286691666 0.2581723183393478 2553.276890739799 111.8572351634502 5.800011724233627 90.30624915659428 32.13754288107157 0 0.488451674580574 2.480456337332726 0.2388105839490891 1.42625880241394 22.58925014734268 3.647348210215569 18.4268649071455 4.952626198530197 34.23201054334641 4.591384395956993 124.5049176365137 106.515268445015 182.8407730683684 85.43912049382925 0 0.3158281147480011 0 0 0 0 0 0.1653918772935867 0 0.7342596650123596 0 0 0 0 0.1587160527706146 0 1.187022641301155 0.2841588854789734 0.6404722929000854 1.734178349375725 8.879079729318619 0.5818991661071777 0 1.649612069129944 58.92353685200214 1.454190641641617 23.43109749257565 8.443914256989956 1.535896956920624 0 0 0 0 0.7389367073774338 0.7388060241937637 0 2.000150054693222 4.304382234811783 0.2566913664340973 0 0.5563130229711533 1.389187961816788 0.1593810170888901 0.1050512045621872 0.7144398838281631 0.1032225415110588 0.1955734938383102 0.3931193351745605 0 0.6568456441164017 0.3725676983594894 58.16108428686857 0.4165070652961731 0.6510732397437096 0.4234699010848999 0 0 0 0 0 0 128.3201317340136 4.206976011395454 0.1120910421013832 0 0 76.0700736194849 15.63738152384758 18.93327522277832 3.761285357177258 1.972036764025688 2.641149401664734 0.3833395838737488 0.7851734906435013 0.09891469031572342 0 0 0 0.3010688424110413 0 0 0 95.6481976211071 25.92675511538982 29.09427723288536 531.532348074019 15.27478051930666 177.6653349921107 45.83104083687067 819.5859381631017 23.32418224960566 6.253732219338417 81.96497512608767 50.68277648091316 0.1966360509395599 20.26984848082066 0.6541874706745148 89.44924314320087 2.607242330908775 0.2540828585624695 8.450897395610809 4.587661147117615 1.200745075941086
349.0665166452527 846.5743717104197 302.8134995400906 1674.995683342218 269.498540610075 89.1695169955492 5728.599142462015 226.554366081953 3127.765162058175 5180.851284481585 1632.152347907424 2963.100169941783 0 2512.569746524096 72.91673500835896 25.87638258188963 6.751075707376003 0.982215479016304 1.064700283110142 1.6457215026021 1.261335819959641 1.658324837684631 0 0.5511827170848846 3.817786276340485 1.852375060319901 0.117081880569458 1.94616661965847 2.98739843070507 0.1609745621681213 102.7574455291033 8.196504913270473 330.4467399194837 1.09238275885582 0 2.983335435390472 378.1284135878086 13.80319195985794 49.60353293269873 6.456267043948174 1.695861339569092 1.439271964132786 0.2757522761821747 2.476586438715458 0.1711006313562393 1.476806946098804 218.2110058814287 5.099133476614952 0 0.9822603538632393 3.061239823698997 1.580611050128937 5.910630866885185 2.285905495285988 9.697232373058796 10.02886419743299 26.86137840896845 86.24727263301611 13.51379211992025 41.17578368633986 4.889450527727604 55.24322539567947 0.3141679465770721 13.45923874527216 5.307745970785618 4.258475445210934 2.581060230731964 2.846866838634014 1.362317241728306 2.505984395742416 318.133984066546 27.55197946727276 0.9647002071142197 88.83664513379335 49.02834291756153 133.194255515933 94.27082270383835 13.67527113109827 2.195459850132465 181.320670209825 1.441495850682259 6.009928621351719 22.03601951897144 0.1225796937942505 3.991959951817989 7.000704243779182 3.973389975726604 1.66928493231535 4.261978007853031 0.6793192178010941 1.548081256449223 0 9.804215110838413 2.412624694406986 2.832339592278004 1868.142403930426 76.5767260491848 8.091069623827934 148.7491969615221 42.06503735482693 0.5894441306591034 0.4443073272705078 5.919893130660057 1.198862493038177 3.200155377388 24.97103761136532 5.439171984791756 17.27268382906914 4.039105951786041 33.49145793914795 3.277388036251068 153.3512970358133 157.4763408452272 209.0537975803018 110.3262260556221 1.267270490527153 1.360038362443447 0 0 0 0 0 0 0 0 0 0 0 0 0 0.5327079296112061 0.398904949426651 0.6223888993263245 0.4081802368164062 2.827146157622337 5.499045163393021 0 0 0 57.59568352997303 0.2022259533405304 30.98115655034781 8.877363584935665 2.205185003578663 0.4052961766719818 0 0.2290945649147034 0.2861401438713074 0.1534831821918488 0.4202311635017395 0 1.483383879065514 5.800404101610184 0 0 0 0 0.8402659744024277 0 0.456014558672905 0 0.7340543270111084 0.8291923999786377 0 0.2149975895881653 1.14164212346077 65.2931572496891 0 0.9780232012271881 0.5900509059429169 0 0 0 0 0.1742097735404968 0 170.6964580565691 2.880792036652565 0.1597936749458313 0.1965128183364868 0.1603968143463135 93.83406388759613 27.16431786119938 22.22142946720123 1.931548088788986 1.511649876832962 2.569053918123245 0.3602078706026077 0.7626437246799469 0 0 0 0 0.1722921878099442 0.1849570274353027 0 0 121.8346323668957 31.73883989453316 32.82295297831297 1042.917416229844 79.2549032792449 534.3084309622645 186.7570412307978 646.5070132687688 70.42779510468245 17.03894038498402 289.6099011078477 57.96937175095081 0.7641094624996185 28.92769605666399 0.7590160667896271 112.2404771149158 2.871993035078049 0 9.484303243458271 27.77653215825558 2.551928594708443
253.5390133187175 985.1213520020247 866.5864881053567 84.89466904103756 169.4392174035311 12.24012190103531 588.648278683424 1232.187281832099 2344.332348674536 141.6435724794865 4392.087489530444 176.0781337097287 2512.569746524096 0 52.30092094093561 19.34774784743786 4.930270776152611 1.615264311432838 0.8965068683028221 0.9828748479485512 0.8612354099750519 0.1555084586143494 0 0.5441495478153229 3.241656489670277 1.359660133719444 0.7722196578979492 0.1592643857002258 1.673585996031761 0.2617306262254715 240.0814179629087 11.79738486558199 1012.120960563421 0.4344430416822433 0 4.288112118840218 1626.075009740889 2.545857653021812 17.33206741511822 6.737939767539501 4.869632929563522 0.9961747676134109 0.5796653553843498 1.045235186815262 0 0.9541155025362968 152.1221890747547 2.824581868946552 0.5946707129478455 0.6353419274091721 1.667352050542831 1.115484163165092 2.594640851020813 1.653502374887466 8.129099853336811 7.353896804153919 29.91291715204716 118.1793796941638 11.11921110004187 34.31390748172998 1.725259557366371 39.12053669244051 1.935891330242157 15.71837522089481 3.643667489290237 3.757617123425007 1.967329934239388 1.467462792992592 1.293090827763081 3.939209185540676 1140.084270484746 19.2020817399025 0.27405945956707 82.37784414738417 53.51654080301523 104.0391354039311 71.52395928651094 10.64290678501129 9.323761023581028 666.1938005015254 0.9746046215295792 6.633634552359581 16.26829694211483 0.3855587691068649 2.30805666744709 6.042297162115574 2.797574788331985 1.155620574951172 2.177507735788822 1.032006621360779 1.022962175309658 0.2423486560583115 12.69947046041489 4.276160165667534 0.9393926486372948 380.848929926753 52.84597788006067 5.486745327711105 46.09934511035681 34.18568628281355 0.2553126141428947 0.172010138630867 0.7302741408348083 0 0.9351645410060883 9.807015299797058 0.8910894095897675 6.208146467804909 1.08710128068924 12.4125083386898 2.001507684588432 41.97803749144077 47.68326735496521 63.05198693275452 35.68820137530565 0.1739309430122375 0.9159496277570724 0 0 0 0 0 0 0 0 0 0 0 0 0 0 0.4758874922990799 0.911369800567627 0.2740915715694427 1.652170300483704 3.743121966719627 0 0.6241531372070312 0.1769994497299194 18.2281564027071 0.7915235310792923 14.53602480888367 6.404557228088379 0.7929612845182419 0 0 0 0 1.529565751552582 0 0 0.2949647605419159 0.9786821603775024 0 0.3205040767788887 0 0 0.1807155609130859 0.1485078781843185 0.1836227774620056 0 1.396519362926483 0 0 0.3850675672292709 0.2173124998807907 25.93603427708149 0.2373885065317154 0.9817294031381607 0 0 0 0 0 0 0.3321889042854309 58.77167009562254 1.60655203461647 0 0 0 35.13286192715168 13.08198064565659 8.354195192456245 1.176080614328384 0.8022093325853348 0.7476823329925537 0.249382346868515 0.9392547458410263 0 0 0 0 0.1857533901929855 0 0.2407767027616501 0 31.88970926403999 13.42668771743774 15.64165571331978 606.5202990248799 51.34888329356909 370.0757686421275 121.4948535189033 162.0771226584911 48.321787327528 9.864975914359093 183.3626394495368 21.18086037039757 0.8245362639427185 8.261647067964077 0 30.21490629017353 1.814193710684776 0 1.64624385535717 14.53624159097672 1.79400172829628
