0 4543.991164885461 29.26664622873068 516.0136375427246 1190.578972250223 38.72651879489422 1198.589703120291 49.51226276159286 323.8353725373745 779.7187871709466 424.9220120310783 125.9280759841204 312.0759578049183 194.2372451126575 4.204714931547642 1.414190910756588 0 0.1166468933224678 0.1326152086257935 0 0.1460746824741364 0 0 0.08546719700098038 0 0 0 0.1406562924385071 0 0.1307860165834427 278.317296333611 0.7916523814201355 4.590887814760208 0 0 0 11.09657004475594 0.3260706663131714 0 0 0.1590566337108612 0.2336762845516205 0 0.2688776627182961 0 0 9.156098999083042 1.040120467543602 0 0 0 0.3015267252922058 0 0 0.3754889294505119 5.488622069358826 167.6862393841147 706.6365844160318 18.38077968358994 7.575308486819267 0.4111003875732422 0.282599538564682 0 2.673208549618721 0.4338042140007019 0.4487543478608131 0.440785825252533 0.2809213250875473 0.5530511736869812 0.2640631943941116 91.90153507143259 8.32621842622757 0.3386332094669342 90.07779680192471 38.81966701894999 16.13941749185324 3.237350910902023 1.616083964705467 1.121829010546207 13.03454928845167 0.2270443737506866 2.965269103646278 10.28657168895006 0.5515640079975128 0.596441462635994 2.981242090463638 0.832135297358036 0 0.08656758069992065 0.725662887096405 0.2245009317994118 0.4391822516918182 0.3922165185213089 0.1191920042037964 0.4836237728595734 256.4781590253115 4.748335003852844 0 0.8297574818134308 518.4440905898809 0.2917453646659851 0 1.111406922340393 0.7952038645744324 0 7.109110251069069 1.170914977788925 1.088747531175613 14.94716069102287 8.904645726084709 0 16.79753178358078 13.32982516288757 8.55516816675663 2.076740011572838 0.20362588763237 0.9789235293865204 0 0.8630374073982239 0 0 0 0 0 0 0 0 0 1.12146121263504 0.193952888250351 0 0.6330153346061707 0.5275735855102539 0 0.1400704383850098 0 0 0 0 1.747523337602615 1.62095120549202 3.898073866963387 0.1966749280691147 0 0 0 0 0 1.615209847688675 0 0 0.1815530061721802 0.836205005645752 0 0 0 0 0 0.3449768722057343 0 0 0.6941749453544617 0.1379561424255371 0 0 0 6.696172341704369 0 0 0 0 0 0 0 0 0.1116386502981186 6.950390040874481 0 0 0 0.3790382593870163 0.5209226012229919 0 0 1.826726317405701 0.3927041888237 0 0 0 0 0 0 0 0 0 0.181602731347084 0 7.116539046168327 0.5669642984867096 1.870225548744202 130.8649237528443 8.875249825417995 49.13356720656157 13.92628907412291 382.2527668699622 9.942779846489429 2.144657053053379 10.50029984116554 7.547442324459553 2.903254196047783 6.213733352720737 0.7026691809296608 7.963773861527443 0 0.1151189282536507 0.1185666769742966 0 0.1921307742595673
4543.991164885461 0 175.8454970940948 1284.354623757303 5633.310667723417 184.6908420473337 5846.512320257723 295.2391722425818 2007.03748510778 1147.337629437447 1524.715817183256 227.4818974286318 1982.121110416949 354.5819996967912 22.19764363020658 1.130589760839939 0.1206975728273392 1.429763823747635 0 0.7623506784439087 0 0 0.1353513896465302 0.1108954325318336 0 0.1698839664459229 0.1433965265750885 0.8323947042226791 0.3295460194349289 0.1134822890162468 2895.81275614351 3.112282991409302 4.322194784879684 0 0 0.1209272667765617 11.48385911434889 0.4764979332685471 1.560834340751171 0.9453737735748291 0.7222017049789429 0.24647057056427 0 1.129580564796925 0.5565380454063416 0.8410270735621452 94.32765574753284 12.37524803727865 1.221230000257492 0 1.640401087701321 0 0 0.1599042117595673 3.243340365588665 28.76922526955605 174.225093588233 1025.092650361359 29.91131856292486 46.24839430302382 3.965345703065395 1.206768527626991 0.2425349354743958 71.90141326934099 6.721639715135098 3.020904809236526 3.052028223872185 1.699540503323078 0.8875605314970016 0 139.7175731360912 1.247897736728191 0 259.3814333081245 239.1102416217327 137.0893156826496 46.60533710569143 4.254855088889599 2.662788733839989 29.64471317082644 1.046583332121372 7.229818567633629 71.62332056462765 2.562464661896229 9.950914725661278 13.68593112379313 5.083490297198296 0 1.889337241649628 0 0.7140442803502083 0 0.6497541815042496 0.3100782334804535 0.2860396653413773 70.62722928822041 2.334928050637245 0 0.7043695598840714 410.3013603761792 0.4008329212665558 0 0 0 0 4.887873575091362 5.103739038109779 0.8617714494466782 28.17329116165638 7.357774674892426 0 20.40925487875938 23.86890061199665 16.66747197508812 5.781187549233437 0.1254034489393234 0.3431593179702759 0 0 0 0 0 0 0 0 0.138132318854332 0 0 0 0 0 0 0.8118240535259247 0 0.4320822358131409 0 0.4138961434364319 1.591925382614136 0.2323273122310638 5.177328035235405 3.903608433902264 5.689318254590034 2.333911277353764 0.9249138981103897 0 0.1155558452010155 0 0 0.1470424234867096 0.5416097044944763 0 0.2674611508846283 2.54753315448761 0 0 0 0.5322961509227753 0 0.4108344614505768 0.4697370827198029 0.2276146411895752 0.98636145144701 0.8043103218078613 0 1.062276870012283 0.5758263468742371 13.32733929157257 1.082133635878563 0.1666622906923294 0.121041402220726 0.0878291130065918 0.7472402900457382 0.09740927070379257 0.2504771053791046 0 0.1339620053768158 16.94045250117779 0.5925530791282654 0 0 0 4.070902392268181 1.076956614851952 2.611054331064224 0.6018738225102425 1.059268802404404 0.689213439822197 0.3504679501056671 0.2250509709119797 0 0.1108523905277252 0 0 0 0 0 0 8.17462483048439 2.56401002407074 3.150983795523643 189.2600198164582 21.15319620072842 439.2087704390287 66.70849225670099 1042.436540335417 49.2760673314333 10.34361695498228 16.55574876070023 11.69830033928156 0.2158580794930458 9.101069793105125 4.326904930174351 13.28141947090626 1.248663797974586 0.6529566794633865 2.75303565710783 0.9040926098823547 0.2027813345193863
29.26664622873068 175.8454970940948 0 0 469.3636046722531 1.620287925004959 54.16228570789099 4168.446631416678 332.3083211407065 1.032850675284863 3792.15198430419 3.766815304756165 67.72939312458038 383.5277067050338 19.289745002985 8.407097406685352 2.522696398198605 2.190558098256588 0.1556967943906784 2.274143002927303 0.743573933839798 0 0.3724687546491623 0 0 0.2378591448068619 0.3630914688110352 0.1385365724563599 0 0 4152.548659682274 224.8699166104198 28.35317587852478 0.6687459871172905 0 0.4482692778110504 13.49467302858829 0.4905060678720474 0.08547979593276978 0.5045192390680313 0.2887181341648102 1.322990790009499 4.165579319000244 1.745371177792549 2.661546260118484 2.545399211347103 37.78024415671825 2.37532851845026 1.086977101862431 1.23312059044838 4.942055605351925 0 0 0.9823287129402161 0.529946580529213 4.964505597949028 76.33116941899061 762.305828012526 9.875267706811428 13.35835564136505 30.51482436060905 20.23435548692942 0.762981042265892 258.8741413503885 1.256666116416454 1.516645856201649 1.516422249376774 11.31840270757675 30.00136539340019 3.2224156036973 4.000055611133575 1.916004568338394 0 95.89413968473673 140.2321135550737 51.77693625539541 33.07196871936321 7.406281806528568 404.6684092208743 1143.917914874852 18.7539979070425 390.5918591246009 12.58632811903954 0.3133914768695831 2.152414746582508 2.499615646898746 14.94265895336866 0 0.7392709702253342 0 1.811320632696152 0 13.86785028129816 2.9907041862607 2.253106646239758 13.1905879676342 5.388295739889145 0 0.6254653185606003 18.94836324453354 0 0 0 0 0 1.084556102752686 0 0.2557327747344971 0 0 0 0.6115497797727585 0.7119385153055191 1.501190081238747 0.2004184722900391 0.1348077356815338 0.2959928810596466 0 0 0 0 0 0 0 0 0 0 0.128643125295639 0 0 0 0.2624801024794579 0 0 0.3229588568210602 0 0 0.2795424163341522 0.1111302971839905 0.5883674323558807 2.338103085756302 1.479735113680363 1.157372534275055 0.2400381341576576 0 0 0.2290376201272011 0 0.1470278203487396 0.3177226632833481 0 0 0.8750832378864288 0.163491815328598 0.1248475611209869 0.12896429002285 0.10563924908638 0.1251171976327896 0 0 0 0.08843604475259781 0 0 0.2328947633504868 0.2333611100912094 2.314418956637383 0 0 0 0 0 0.1782510131597519 0.3300382047891617 0.3412283807992935 0.2457491755485535 3.914924964308739 0 0 0.1402365118265152 0.7335513830184937 0.8334926068782806 0.513132780790329 0.1725001037120819 0 0.490733802318573 0 0 0 0 0 0 0 0.1170822605490685 0.1349081844091415 0 0 0.5768948793411255 0.5365405380725861 0.6253272444009781 85.72693227976561 8.12878081202507 110.2267060652375 24.28627390414476 34.78131305426359 10.66992791742086 1.743740275502205 14.3974622040987 3.923379451036453 0.5190580114722252 2.703340716660023 0.7833148762583733 1.466734677553177 0.4899354577064514 0 0.1564916223287582 0.6013374775648117 0.5318364202976227
516.0136375427246 1284.354623757303 0 0 176.936729170382 70.20265170931816 1183.252464666963 0.523687057197094 10.8165587335825 1199.80250634253 7.283671371638775 263.0455138832331 525.4938348382711 8.13373775780201 0.280905969440937 0 0 0 0 0 0 0 0 0 0.1104058101773262 0 0 0.138930544257164 0 0 39.8511558175087 0 0 0 0 0 8.310992062091827 0 0 0 0 0 0 0 0 0 6.316842049360275 1.078654900193214 0 0 0 0 0 0 0.326291486620903 1.275419369339943 12.14118344336748 61.16036782413721 1.666270449757576 3.831344820559025 0.419832780957222 0.3750829547643661 0 2.924941435456276 0.425198070704937 0.1951858177781105 0.2013209387660027 0 0 0 96.92714117467403 4.356893062591553 0 17.84836363792419 21.1535812318325 8.729698494076729 1.678284540772438 0.2666552662849426 0.1446362733840942 1.122628025710583 0 0.3008105456829071 5.219404727220535 0 0.2082177326083183 1.027922138571739 0 0 0 0 0 0 0 0.1881029158830643 0 38.23662525415421 2.158676996827126 0 0 26.85189297795296 0 0.9133493304252625 0.4931164383888245 0 0 2.457802265882492 1.084798231720924 1.000884085893631 8.217460125684738 2.615985080599785 0 10.32568165659904 12.02764958143234 14.79357145726681 6.767735332250595 0.5274382829666138 0.2762976884841919 0 0.1886822730302811 0 0 0 0 0 0 0 0 0 0 0 0 0 0 0 0.134904220700264 0 0 0.3261921405792236 0 3.062756568193436 1.73441618680954 8.859196677803993 0.5240135341882706 0.8933115303516388 0 0 0 0 0.7494758367538452 0 0 0 2.593877270817757 0 0 0 0.2107509523630142 0 0 0 0.151639461517334 0.164600670337677 0.5562471300363541 0 1.073674708604813 1.349643111228943 14.42972134053707 1.671359077095985 0 0.4610049724578857 0 0 0 0 0 0 13.18481063842773 0 0 0 0 2.822773873806 0 3.139570832252502 0 2.638961553573608 0.8566664457321167 0 0.5775656700134277 0.1545202434062958 0 0 0 0 0 0 0 7.589387461543083 1.32480263710022 2.238461852073669 47.71094583719969 0.598170630633831 38.10693606734276 6.748342700302601 273.2794674038887 3.447887696325779 1.60524320602417 1.918044432997704 11.46438103914261 0.3814016878604889 13.9835347533226 1.223368480801582 6.271124288439751 0.9616129994392395 0.2613685131072998 1.895228564739227 0.1428268402814865 0
1190.578972250223 5633.310667723417 469.3636046722531 176.936729170382 0 48.59514471888542 1468.727421678603 570.5267067849636 9876.590746276081 727.441007040441 1640.485292486846 193.6817131340504 323.3338937163353 302.6512082666159 53.58535785973072 2.253914847970009 0.6351506486535072 2.954151473939419 0 1.252563238143921 0.1163434237241745 0 0 0.11377864331007 0.1118511706590652 0.1413334161043167 0 2.53631803393364 0.1222905442118645 0 803.4828057289124 13.99780642986298 2.953428581357002 0 0 0.5532195568084717 23.98750486969948 0.7945215478539467 4.681002490222454 1.136895023286343 1.067444905638695 1.023090556263924 0.3120446503162384 1.248544409871101 0.6732838898897171 1.071095943450928 209.2261376678944 20.12232407182455 0.9496038779616356 0.6351333260536194 3.536381743848324 0 0.2214159965515137 1.014242023229599 5.303437866270542 35.42215596139431 78.25789598375559 426.5254257917404 14.78610315173864 76.21505679190159 3.416767001152039 3.140321925282478 0.1965807154774666 125.8295845761895 9.772115767002106 9.989944279193878 8.309793345630169 2.314956024289131 1.160257026553154 0 80.09179155528545 5.16925822198391 0 190.3422457501292 266.5948058366776 202.1296604126692 140.9375933557749 9.226552478969097 2.695434302091599 17.65038546919823 0.7960036024451256 12.72476372122765 93.73735348880291 2.195341840386391 11.58000075817108 19.58632651716471 10.18268699944019 0 2.958138518035412 0 1.891278445720673 0 0.5288680270314217 0.5965571105480194 1.334191389381886 51.67279250919819 3.744863674044609 0 3.868519470095634 95.49150577932596 0 0 2.525528162717819 0.2685745358467102 0 8.7022754997015 4.741368606686592 8.159394383430481 9.662128537893295 13.2658983618021 0.5076150000095367 40.59889380633831 54.61816965043545 38.20390456914902 15.77753415703773 1.744475245475769 5.083705648779869 0 1.398807615041733 0.1634051203727722 0 0 0 0 0.3640857338905334 0 0 0.2985754907131195 0 0 0 0.3583441078662872 0.9865397810935974 0 0 0.393706813454628 0 5.840226024389267 0.8559659123420715 17.28738960623741 14.19809634238482 26.00397647917271 4.96017099916935 3.611482426524162 0 0 0.2308699041604996 0 5.763017609715462 3.090953484177589 0 1.201724201440811 6.048902273178101 0.5408462285995483 0.2408964186906815 0 2.05835272371769 0 0 0.6328960955142975 0 0.1212091743946075 1.808439522981644 0 2.743733078241348 4.879196882247925 50.52179737389088 2.531733736395836 1.168784432113171 0.4612941220402718 0.1780490130186081 0.3552576676011086 0.4600083604454994 0.1377545595169067 0 0.6624420881271362 42.89942379295826 0 0.3533475399017334 0 0 6.429788164794445 1.914125770330429 6.459764197468758 2.986191138625145 2.646714225411415 3.559657737612724 1.14764729142189 0.3051857352256775 0.2815047949552536 0.1082234084606171 0 0 0.5677852556109428 0 0 0 24.94079513847828 8.511604249477386 8.44614639878273 438.4928084313869 40.59316229820251 929.6541363447905 177.557940043509 630.4893380403519 98.70203690975904 18.95488411933184 55.03771077096462 29.97693670541048 3.113781645894051 24.76995415985584 7.201991237699986 22.43831488490105 2.962782189249992 0.5634771063923836 5.203859761357307 2.818000957369804 3.054108455777168
38.72651879489422 184.6908420473337 1.620287925004959 70.20265170931816 48.59514471888542 0 217.4124812781811 2.230560049414635 7.853831827640533 150.0985569059849 11.75888784229755 123.4444773048162 163.1009099930525 30.39000071585178 0 0.4753221720457077 0.1580740958452225 0.2346182465553284 0 0 0 0.7767617255449295 0 0 0 0 0 0 0 0 22.34673638641834 0 10.16406713426113 0 0 0 33.80536715686321 0 2.92916576564312 0 0 0 0 0.148754894733429 0 0 0.7962877452373505 0.2260050848126411 0 0 0 1.829628273844719 0.4910442531108856 0 0 0.8537324741482735 92.54883421212435 65.56575763225555 3.950555726885796 0.921130582690239 0 4.886594727635384 0 0 0.3008948788046837 0 0.1131427884101868 0.1532919704914093 0 0 216.1025799810886 84.20340169966221 7.306286349892616 8.022792100906372 5.962214268743992 2.591388076543808 0 0 0 5.818255431950092 0 9.065507024526596 0.3400678783655167 4.491735011339188 0.1105359792709351 0.1599637120962143 0.1086263954639435 3.102365881204605 1.489081770181656 14.04514175653458 0.9697914272546768 3.555885434150696 0.5071998089551926 0 0.2979168295860291 393.5774414539337 77.68766590952873 17.88786669075489 14.41659210622311 469.7557544708252 0 0 0 0 0 1.108453378081322 4.522913634777069 1.34477037191391 1.020196795463562 6.370738849043846 0.1610399335622787 10.40855650603771 14.55547968298197 9.172453731298447 0.4995541870594025 0 0 0 0 0 0 0 0.225757822394371 0 0 0 0 0 0 0 0 0 0 0 0 0 0 0.502692699432373 0 0 0.168073758482933 0.375849261879921 0.2153725475072861 0.2902944087982178 0 0 0 0 0.413845419883728 0 0 0 0 0 0 0 0 0 0 0 0 0 0 0 0 0 1.329844012856483 0.3454026579856873 0.5950530767440796 0 0 0 0 0 0 0 2.393943250179291 0 0 0 0 0.1501679867506027 0 0 0 0 0 0 0 0 0 0 0 0 0 0 0 3.864219784736633 0 0 8.089541040360928 0.5484694913029671 3.75215133279562 1.717483341693878 78.61168068647385 7.213729113340378 0.6883573830127716 0.6830225437879562 0.7778241783380508 0 0.9066091626882553 0 0.5607290267944336 0 0 0 0 0.1937488913536072
1198.589703120291 5846.512320257723 54.16228570789099 1183.252464666963 1468.727421678603 217.4124812781811 0 31.86698075383902 1706.472987920046 4557.312467008829 141.0667364224792 1069.453343316913 7989.973933674395 824.0581110045314 47.82711186259985 4.249232545495033 0.3661113530397415 1.952520318329334 0.2549355551600456 1.283113598823547 0.1513508260250092 0 0.09381828457117081 0.1179029569029808 0.3615506589412689 0.9912430047988892 0.2587157338857651 1.401152461767197 0.4998216778039932 0.3466103076934814 363.9929663985968 9.370897755026817 4.668474599719048 0 0 0.4158292859792709 27.32811440527439 2.026877596974373 4.732916139066219 1.094488605856895 1.82719249278307 1.286256045103073 0.8144287467002869 3.082779131829739 0.3663938269019127 1.182650491595268 218.1743825227022 25.36068686842918 1.974285662174225 0.4309370070695877 3.176387250423431 0 0.171588197350502 0.5278032571077347 4.086258411407471 46.98443809896708 113.126178175211 483.1968553960323 19.29372846335173 70.76465566456318 4.598700568079948 3.912477917969227 0 101.4094379991293 9.205263562500477 9.977666914463043 7.674176663160324 1.990524150431156 1.714718170464039 0 418.739139996469 8.188194423913956 0.3275609314441681 237.4262889325619 290.044626571238 210.8293556571007 120.1085853502154 10.30257233977318 1.935697488486767 16.67041939496994 1.403276272118092 15.68226001411676 103.6018181070685 2.295895352959633 11.69959247112274 20.89965064078569 7.021428979933262 0.117554783821106 2.025126688182354 0 1.222388997673988 0 1.85274900496006 0.8706811890006065 1.211502313613892 334.2755993902683 6.195992708206177 0 3.38072544336319 104.225295946002 3.941746972501278 0.2544208467006683 3.439655005931854 0 0.3467702716588974 39.96792820096016 17.82607331871986 16.5465809777379 46.8752648383379 46.82037112116814 2.644746586680412 126.9671164751053 164.5391888990998 117.0242809057236 49.46361762285233 2.628917276859283 8.657635726034641 0 2.59275771677494 0 0.5548481345176697 0.378140926361084 0 0.3734259903430939 0.2253001630306244 0 0 0.7275861501693726 0.2828445732593536 0 0.8813885003328323 3.250486344099045 0.8540623039007187 0.7160463333129883 3.378863826394081 0.2393298745155334 0 9.594984367489815 0.4360010921955109 45.5536792948842 29.1256760507822 58.46775011718273 9.258465111255646 4.331617429852486 0.5513146668672562 0.1090512871742249 0 1.178990364074707 13.36815270781517 5.707631170749664 0 4.804377093911171 16.28059004247189 0.4754999130964279 0 0 3.60017341375351 0.8588502109050751 3.196179755032063 2.045842513442039 0.7835809141397476 1.518427655100822 3.418615981936455 0 10.84564357995987 8.000920951366425 121.2688705921173 7.792499795556068 3.711483314633369 2.540044292807579 0.1458469778299332 0.2114783376455307 0.4455876499414444 0 0 0.1623199731111526 103.1592044979334 1.171184122562408 0 0 0.1497717350721359 19.25629215687513 4.915930807590485 13.65817846357822 8.030231058597565 11.8939857929945 7.05556133389473 5.394553437829018 2.697038844227791 3.28182565420866 0.1251210719347 0 0 0.234626829624176 0.4203908145427704 0 0.1554678827524185 52.36670452356339 18.85718023777008 22.48738460242748 554.0211861282587 43.24009027332067 940.056520447135 181.9714503288269 1394.770893394947 98.10278137028217 21.30326079577208 70.69318978488445 76.68346555531025 3.153573714196682 69.89504427462816 11.18318363279104 73.57094799727201 5.501531593501568 1.636399611830711 13.51125814020634 1.033204019069672 3.447294801473618
49.51226276159286 295.2391722425818 4168.446631416678 0.523687057197094 570.5267067849636 2.230560049414635 31.86698075383902 0 550.4746706932783 1.461516819894314 1936.886399328709 6.020738273859024 92.77997026592493 450.4445722252131 59.81449977308512 23.45674806088209 8.247571349143982 6.850254997611046 0.8261189684271812 2.853721879422665 0.6364047676324844 0 0.5232106447219849 0.2399803549051285 1.054075852036476 0.8558800667524338 0.5950018018484116 1.093490570783615 0.1031979247927666 0.2212130799889565 2654.136392831802 3728.381697714329 45.61682280153036 2.647267162799835 0.2127923667430878 1.593995228409767 24.52148852497339 1.62802842259407 1.364211685955524 1.977381207048893 0.8494294285774231 2.02101132273674 6.70725978910923 20.41067430377007 9.234883219003677 23.41462822258472 176.7199611514807 10.58804724365473 3.114928059279919 3.383687138557434 8.992540329694748 0 0 1.888144314289093 1.939117655158043 16.19211953878403 82.91021779179573 587.5937801524997 13.1090546771884 40.33150123804808 95.93820403516293 26.75429573655128 0.69278734177351 653.5621544420719 3.154737412929535 4.749601796269417 3.998626910150051 17.09749560803175 42.8010216653347 5.401570521295071 11.5163259729743 5.097816899418831 0.1265800595283508 139.6837657690048 249.3788208141923 145.8480947613716 948.2657058686018 512.1522501558065 835.7661876156926 1263.314020343125 322.581672847271 1749.547464519739 41.81847594678402 1.09746427834034 6.139201402664185 7.386002331972122 22.30620576441288 0 1.916393369436264 0 2.586191453039646 0.1038635969161987 24.47907976806164 4.459266304969788 2.998582020401955 25.6071342676878 12.22944008558989 0 3.359892584383488 39.45015142858028 0.1956039667129517 0 0 0 0 1.404198914766312 0.4380943924188614 0.7141439318656921 0 1.909992679953575 0 2.193574115633965 1.596941411495209 2.558441862463951 1.421994060277939 0.3831651732325554 0.3920904695987701 0 0 0 0 0 0 0 0 0 0.1412686407566071 0.13466976583004 0 0 0 0 0.183960884809494 0 0 0 0 0.5068318769335747 0 0.7366931810975075 0.9842331111431122 1.665356531739235 1.321912109851837 0.493356004357338 0 0 0.166778951883316 0 0.6088098734617233 1.250533327460289 0 0.2991332113742828 0.7396595925092697 0 0 0.1487358808517456 0.4429660812020302 0 0.1109426319599152 0 0.1605836749076843 0 0 0 0.3136371225118637 0.3064067214727402 5.570337623357773 0 0 0 0.153727799654007 0.4840912967920303 0.1188899129629135 0.7106947749853134 0 0.3699034750461578 6.999761186540127 0 0.1701389849185944 0 1.10428798943758 0.5217667669057846 0.336629182100296 0.8059811890125275 0.2443816661834717 0.1880643367767334 0.2609648853540421 0 0 0 0 0 0 0.2697561830282211 0.6275178045034409 0.4236606955528259 0 1.700705572962761 2.185268580913544 2.287845693528652 204.2006523236632 21.76486618071795 448.7679199203849 72.79939757287502 79.77375110983849 31.31963742524385 8.236387155950069 33.58074463903904 7.273241028189659 0.4580652266740799 4.993020199239254 2.139169819653034 4.068187117576599 0.4063787236809731 0.3886182233691216 1.876254715025425 1.411918453872204 0.8583941161632538
323.8353725373745 2007.03748510778 332.3083211407065 10.8165587335825 9876.590746276081 7.853831827640533 1706.472987920046 550.4746706932783 0 296.180595934391 3434.488603591919 156.2554007619619 857.0790833681822 1375.076352268457 51.97656623274088 14.60757724940777 0.3189271539449692 2.295665845274925 0 1.486278966069221 0.5942134857177734 0 0.1022442281246185 0 0.4701743647456169 0.7038460150361061 0.1101641952991486 1.80196575075388 0 0.2365327849984169 289.4894305318594 19.35255566984415 45.30491564422846 0.3500171154737473 0 0.3966751396656036 61.84584665298462 1.313522979617119 2.0602747797966 1.42535849660635 1.012087754905224 1.367160566151142 0.4867022186517715 3.270443141460419 0.2172871232032776 0.4932714402675629 191.9708044752479 10.50089118629694 0.7781918793916702 0.2912461459636688 3.201579369604588 0 0 0.1241064816713333 1.705605767667294 14.90984604507685 21.77116564661264 123.6643706038594 6.040605060756207 27.06719134747982 1.701332204043865 2.136852465569973 0 47.98771020770073 3.895521059632301 3.037679858505726 4.320600748062134 2.688134245574474 2.71638748049736 0.9795824214816093 81.84977515786886 6.333992302417755 0.1226827204227448 62.77595121413469 78.94815454632044 97.55270725488663 82.84609232097864 17.67909369617701 1.47569490224123 65.70298128575087 1.481520183384418 8.883687533438206 38.79489314556122 1.188460730016232 6.167557157576084 6.69920963793993 6.632736198604107 0 1.925012908875942 0 1.916165299713612 0 3.713965326547623 1.497644275426865 1.882647946476936 87.32019448280334 6.908478677272797 0 3.192484468221664 25.86482197791338 1.01749575138092 0.2491645663976669 1.368799805641174 0 0 10.95505692064762 4.077247321605682 5.773553475737572 4.053734198212624 14.02968409657478 3.170788004994392 44.74680429697037 63.23037742078304 49.37202115356922 24.05938324332237 2.599898286163807 2.829094514250755 0.1242922469973564 1.523022502660751 0 0 0 0 0.2144969999790192 0 0.08922801166772842 0 1.082960247993469 0.6899430006742477 0 0.198190838098526 1.107301115989685 0.2803572118282318 0 0.4845342636108398 0 0 4.647072404623032 0.3494000434875488 25.94951647520065 16.8422387689352 30.54944063723087 5.592062920331955 2.936880126595497 0 0 0.4263338148593903 0.9392886459827423 9.341149806976318 0.1611057072877884 0 1.589910060167313 5.755257442593575 0 0.1410183161497116 0 0.367800310254097 0 1.951608397066593 1.109390705823898 0.5828129500150681 0.4290421903133392 2.902858182787895 0 3.708560943603516 5.118342280387878 59.93385395407677 3.452835023403168 1.349911607801914 2.126645788550377 0.2366664409637451 0 0 0.3606255650520325 0.1178437173366547 0.347926527261734 54.54267401993275 0.7166056632995605 0 0.2532051801681519 0.7372178733348846 11.38050511479378 3.476547911763191 7.265565976500511 3.496919952332973 4.188681229948997 3.633293315768242 0.8401995152235031 0.7648918628692627 1.137110382318497 0 0 0 0.3125957995653152 0.5937763750553131 0 0 26.78248001635075 12.09436605870724 12.44896131753922 566.3758709058166 30.35375586152077 626.2261954396963 171.0867323502898 174.3778967410326 56.10760431736708 13.63190903514624 99.4502163156867 51.49049259722233 1.334340311586857 45.51308254152536 5.151995249092579 43.55082843452692 4.55630250275135 1.540384151041508 6.140270069241524 3.731886446475983 4.411448016762733
779.7187871709466 1147.337629437447 1.032850675284863 1199.80250634253 727.441007040441 150.0985569059849 4557.312467008829 1.461516819894314 296.180595934391 0 9.163731344044209 2340.12308485806 4327.23084243387 151.5373894944787 6.191749855875969 0.3513911664485931 0 0 0 0 0 0 0 0 0.1194470301270485 0 0 0.4832244515419006 0 0.1718272864818573 29.12811358273029 0.1544098705053329 7.347637742757797 0 0 0 61.48657904565334 0.3995361626148224 8.346450135111809 0.5831823348999023 0 0.8089180588722229 0.1970958411693573 0.2113930135965347 0 0.0885477289557457 22.55458806455135 1.577388525009155 0 0 0.9245578274130821 0 0.2156006246805191 0.3498713672161102 0.1151809990406036 4.188388079404831 21.98635169863701 83.20016548037529 2.377155460417271 4.440574891865253 0 3.33795839548111 0 4.046038031578064 0.6588482186198235 0.6129967048764229 0.1800234019756317 0.3168403282761574 0 0.1357100456953049 1897.215369045734 19.77430441975594 0 28.61199009418488 25.02429266273975 15.57894707471132 5.320385791361332 0.9096710830926895 0.378225103020668 15.23796139657497 0.1018252447247505 8.647484704852104 11.52308017760515 0 1.51064183562994 2.136435002088547 0.5876353532075882 0 0.1816404387354851 0 0.6831507682800293 0 1.092750936746597 0 0 618.2143390625715 24.26100081205368 0 8.350497871637344 54.94645631313324 7.652517378330231 1.8739854991436 5.915091589093208 2.354820996522903 2.069464176893234 62.03691543638706 71.63013285398483 30.36689820885658 56.57859119772911 105.9223331511021 3.078820914030075 210.7491294890642 250.2258890494704 186.8654697462916 53.46403716504574 3.239036962389946 6.298489764332771 0.3569085001945496 3.314695760607719 0 0 0.1945344060659409 0 1.582546830177307 0 0 0 0.8244748711585999 0 0.4115764498710632 0 2.925181940197945 1.945570766925812 0.683692991733551 1.062769040465355 1.015012890100479 0 8.005516022443771 0.8627078086137772 52.93220782279968 48.92926305532455 79.11005403101444 12.7595616132021 5.554314181208611 0 0 0 0.8758161962032318 17.54886178672314 5.510414883494377 0 5.863153889775276 19.03126803785563 0.2911078929901123 0 0 1.441075444221497 0.5206536650657654 2.514629445970058 3.064442604780197 1.044755160808563 0.4671161472797394 3.19739094376564 0.2037701010704041 9.264772102236748 9.382960975170135 119.2272302359343 4.15479876101017 4.249036334455013 3.157317161560059 0 0 0 0.5639834851026535 0 0.1617750823497772 131.044872879982 5.148575693368912 0 0 0 23.20889048278332 3.736537918448448 14.12389129400253 8.391806736588478 14.45284043252468 8.925992235541344 5.845296412706375 3.765393853187561 1.589117534458637 0 0 0 0.3805810064077377 0.1317770928144455 0 0 81.08989906311035 33.11561830341816 20.56233265995979 203.098454169929 3.908722385764122 119.195791952312 16.84016308933496 740.7288505882025 8.162705287337303 3.320609658956528 13.87226516008377 91.39156762510538 3.696286633610725 82.35138948261738 2.732120998203754 119.202018879354 4.523020930588245 1.303087562322617 17.37330088019371 0 1.215730845928192
424.9220120310783 1524.715817183256 3792.15198430419 7.283671371638775 1640.485292486846 11.75888784229755 141.0667364224792 1936.886399328709 3434.488603591919 9.163731344044209 0 59.57904253900051 1162.505439162254 5022.437151275575 163.586811080575 76.35014123469591 5.356556877493858 3.648094318807125 0.8000071346759796 4.970271170139313 3.01136240363121 0 0.8631645292043686 1.574341543018818 7.135722383856773 2.473191127181053 1.552987046539783 3.581528104841709 0.7170608788728714 0 2339.115491323173 247.1549328267574 635.3828260377049 1.289609484374523 0.8686137795448303 11.21728923916817 413.179438278079 23.18055899441242 7.872836925089359 13.70015685260296 6.043492823839188 6.833988629281521 9.924604684114456 26.70886575430632 1.523798257112503 5.13571210205555 303.5672952905297 16.54345411062241 3.784248076379299 3.071398712694645 24.4320013448596 0.291510283946991 0.5135117024183273 1.382665947079659 2.456281334161758 27.47330116480589 75.5973439887166 533.6117589101195 12.66187826544046 48.07407008856535 14.21785696595907 13.19196100533009 0.1011504977941513 138.089569978416 6.482505910098553 7.066728457808495 8.075135722756386 28.99070595949888 73.58138208091259 18.27551801502705 98.8158470839262 20.6508607417345 0 161.7029163092375 215.2756571248174 177.6768633648753 175.8203078359365 62.28957852721214 135.2798063084483 397.0670540928841 6.485344469547272 30.60333038121462 60.06153956800699 1.49458722025156 7.64807491004467 12.86393576860428 20.7052221596241 0 3.437290906906128 0 4.595692075788975 0.5396235585212708 56.63487689197063 22.10636107623577 3.489166989922523 178.2749767452478 62.80383943021297 0.169200137257576 13.5978022813797 110.3471434637904 0.1755007654428482 0 0.2775258123874664 0 0.2484404295682907 1.736492916941643 0.5073020309209824 3.075274467468262 2.026687368750572 2.608722969889641 0.8541997075080872 11.36408710479736 18.15212201327085 15.18804843723774 7.940500691533089 0.5014662221074104 1.889231711626053 0 0.4565446078777313 0 0 0 0 0 0 0 0 0 0 0.1503856778144836 0 0 0 0.3606023639440536 0.4826986566185951 0.6514191329479218 0 0.3362387865781784 0 12.0086432993412 8.191925942897797 12.6544615700841 3.514107331633568 0.5702081024646759 0 0.2593488991260529 0.5011624693870544 0 4.190547153353691 0.6560978591442108 0 0.9276339113712311 3.219888381659985 0.2143612653017044 0 0.1569700986146927 0.4473302066326141 0.7956243827939034 0.3403306603431702 0 0.4317087382078171 0.3964905440807343 0.1442409157752991 0 2.241725996136665 0.9662577658891678 32.45754346251488 1.727008670568466 0.6382880657911301 0.4838474541902542 0.1204896122217178 0.1680468320846558 0.2125440090894699 0.6145277768373489 0.3147644549608231 1.060232661664486 30.52388643473387 1.100379601120949 0.4861557632684708 0 3.243137866258621 5.024975180625916 1.827663987874985 5.187321543693542 1.531692840158939 1.581578105688095 0.5160378813743591 0.8107569515705109 0.1825680881738663 0.1250355094671249 0 0 0 0.974425733089447 0.9224766194820404 0.5963854044675827 0.1105192825198174 13.76700074970722 16.66141203045845 8.250940568745136 541.1021474525332 53.42706516385078 797.0417903885245 190.4514881297946 167.0491842776537 46.54674620181322 16.34936995059252 112.6385814025998 40.9187144562602 2.220193147659302 18.39304883778095 5.502843976020813 8.001186773180962 2.433705441653728 1.345179185271263 4.117376759648323 9.952005319297314 5.142469719052315
125.9280759841204 227.4818974286318 3.766815304756165 263.0455138832331 193.6817131340504 123.4444773048162 1069.453343316913 6.020738273859024 156.2554007619619 2340.12308485806 59.57904253900051 0 2138.587602704763 150.8786387741566 9.919743381440639 3.60756142437458 0.2930929362773895 0.4170985966920853 0 0.4945862293243408 0.3784102946519852 0 0.1342464834451675 0 0.5227076411247253 0.752193495631218 0 1.240339919924736 0 0 12.98027396947145 0.2557939440011978 42.81959170103073 0 0.1703405231237411 3.190688282251358 111.891998976469 22.50816160440445 18.59711372852325 18.80734691023827 1.843648329377174 1.443011999130249 0.3534331768751144 1.015485882759094 0 0.135145515203476 23.67767391353846 0.4825684949755669 0.1370612680912018 0.4688296914100647 2.028035506606102 0 0 0 0 0.6232340559363365 6.409840978682041 30.03395017236471 0.8313215523958206 1.573689959943295 1.335359513759613 10.23741459846497 0.3112681806087494 3.695217877626419 0.3005738332867622 0.4710890799760818 0.331167496740818 0.655140608549118 2.310378640890121 2.170703172683716 837.9392091482878 10.18053230643272 0 11.71868580579758 11.7013284265995 8.492096431553364 4.199756227433681 2.783142313361168 0.4238295555114746 9.697265729308128 0.3033279776573181 17.38540969789028 4.979433596134186 0.1556781828403473 0.3822867572307587 0.3989832475781441 0.4745593518018723 0 0 0 0 0 5.700272336602211 4.973156899213791 0 1514.024649247527 132.9815471917391 0 12.29925563931465 63.33142144232988 1.928757973015308 0.7470471858978271 2.950348913669586 0.7248404622077942 0.2954896688461304 36.90155586600304 12.79466353356838 13.66126172244549 14.18491308391094 40.12418927252293 1.661260545253754 113.8869515359402 154.5266980081797 135.6333764344454 51.02480672299862 2.857855804264545 4.957167267799377 0 0.7717713713645935 0 0 0 0 0.3617159128189087 0 0.1350560337305069 0 1.532199144363403 0 0 0 0.4736863672733307 0 0.1852523982524872 1.563373923301697 0.4847292900085449 0.8386365473270416 7.118953347206116 1.370864674448967 38.90785144269466 23.61207415163517 35.95599991828203 4.009897232055664 1.59417650103569 0.1625597774982452 0 0 0.2111227959394455 5.80635167658329 3.545856803655624 0 2.340220406651497 11.93094711750746 0.3779620677232742 0 0 0.7770655751228333 0.1937953531742096 1.21276143938303 3.162327513098717 2.285334333777428 0.369543269276619 4.209833726286888 0 1.861286371946335 2.601057082414627 80.60088945925236 5.669962391257286 4.195805370807648 2.588504828512669 0.1246123388409615 0.2216235250234604 0 0 0 0.3566422462463379 90.18356716632843 1.82139840722084 0 0 0.5643627345561981 20.41063040494919 3.503562420606613 9.387521341443062 8.500884272158146 12.02266949415207 4.15116922557354 3.993623897433281 0 1.002957686781883 0.1765198558568954 0 0 0.3621431142091751 0 0.6450907438993454 0.1824294924736023 70.99883136153221 20.64630825817585 11.6539274007082 141.800624743104 3.742021195590496 83.82311451435089 19.48783598095179 179.5925662666559 4.011895373463631 1.896795406937599 15.37790961563587 55.38258384168148 0.8430046439170837 52.70650021731853 2.785904087126255 48.34783136844635 3.288500249385834 0.1761113852262497 3.711127951741219 0.9771635681390762 1.088926941156387
312.0759578049183 1982.121110416949 67.72939312458038 525.4938348382711 323.3338937163353 163.1009099930525 7989.973933674395 92.77997026592493 857.0790833681822 4327.23084243387 1162.505439162254 2138.587602704763 0 2958.310886487365 122.6623630002141 50.35742694884539 2.882950395345688 3.347901657223701 0.6144729405641556 1.067309945821762 2.28677225112915 0 0.3145231604576111 1.012540757656097 9.741286277770996 5.23255854845047 2.184580028057098 4.587838672101498 0.3328278660774231 0 93.31993737816811 7.186737313866615 564.5580976158381 0.1339595913887024 0.6176616847515106 60.71759009361267 1454.876552581787 170.2730097025633 156.2064806371927 193.1612975224853 13.49822743982077 5.665996462106705 2.144840568304062 13.75771103799343 0.1314148753881454 1.548346504569054 221.6120923981071 7.718036584556103 1.77304694801569 1.583220317959785 15.90626300871372 0.2295439094305038 1.279388934373856 2.157078556716442 1.342979244887829 11.16942899674177 25.98464637994766 110.2459107935429 7.357819654047489 22.62914860993624 5.11553817242384 26.86407306790352 0.3042105138301849 29.37889994680882 4.134605936706066 4.399525836110115 4.380052022635937 11.15542919933796 21.80611148476601 13.29888720810413 1564.94466919452 40.69346249103546 0.5237199068069458 52.09793490171432 64.75873646885157 77.06570661067963 72.71112827956676 29.0547366887331 1.228976368904114 86.9100469276309 1.536757841706276 34.95314843952656 30.59528341144323 0.298688031733036 4.476773507893085 6.06728944927454 10.16694409400225 0 1.695268772542477 0 3.425888054072857 0 32.41787308454514 33.96886500716209 4.724355205893517 3100.145087182522 220.6988649815321 0.5633297264575958 43.94831295311451 102.4270842894912 4.984388783574104 0.6868396624922752 6.329698368906975 0.5132911801338196 0.3880470991134644 78.21592473983765 34.42599402368069 38.40192867815495 41.08819445967674 77.24534407258034 5.618602067232132 254.9091387465596 382.1598217636347 295.9592509865761 135.2053362429142 10.1252740547061 14.0157900378108 0.5119656920433044 5.58096419274807 0 0 0 0 0 0 0.4489544034004211 0.1513026207685471 1.092684149742126 0 0.909868448972702 0.2325132787227631 3.537911415100098 1.079467266798019 0 8.150531247258186 2.151496261358261 0.310156375169754 14.35155698657036 2.086275577545166 107.3204127028584 69.28049473464489 101.4443672299385 17.4421559125185 10.48421879857779 0.3441368788480759 0.5258943289518356 0.6290165930986404 1.487302795052528 18.63846158981323 6.161561653017998 0.3844397962093353 8.284852579236031 29.84940583258867 1.478428468108177 0.3259464502334595 1.172131046652794 3.179736495018005 1.068059697747231 6.296361766755581 7.766567498445511 3.816682212054729 4.039247781038284 10.76358638703823 0 16.85032448172569 13.85344073176384 276.0954132080078 12.88500525057316 6.909184254705906 6.200469017028809 0.2448301985859871 1.05531519651413 0.1654214859008789 1.014912433922291 0.155220553278923 0.9288336485624313 300.1189015954733 4.424163296818733 0.8270898461341858 0.4111052453517914 2.757458686828613 57.11352267116308 6.779310524463654 39.64281812310219 16.07482110708952 34.90765286982059 13.7920558527112 5.162584319710732 3.777345925569534 4.118761330842972 0.5214667171239853 0 0 0.9813423678278923 1.305181965231895 0.3000799715518951 0.1166850700974464 180.1827190816402 63.56743755936623 51.28875036537647 1035.008198313415 58.2938317656517 722.2563068792224 198.6773721128702 489.1799067854881 43.768913641572 13.37689374387264 163.7685279995203 183.4654565900564 9.987575374543667 160.0096513256431 15.96029196679592 132.4856832548976 13.87646719068289 5.367919027805328 29.05652628839016 6.752249404788017 9.083109587430954
