0 5874.811821579933 1368.456731088459 2094.460181109607 515.7484967261553 391.3354521542788 608.9351598024368 433.3065478354692 84.1771482527256 1276.361378408968 749.0277254357934 82.01782754063606 114.9593752250075 132.3511815741658 2.882241249084473 2.776352137327194 0.2067272737622261 0 0 0 0.1214856579899788 0 0.4198252260684967 0.4122606515884399 1.73547986894846 0.6436022594571114 1.03811726719141 0.3228704780340195 0.09874940663576126 0 626.7116553485394 2.445095747709274 6.35923533141613 0 0.1086981073021889 3.29744665324688 2.488111950457096 1.790154337882996 0.6647888347506523 1.73634672164917 0.6273859068751335 0.2678113877773285 0.1703355610370636 0.2429955527186394 0 0.4424832761287689 16.55775129795074 4.481164939701557 0.09123358875513077 0.182837963104248 0.1948666647076607 0.3201724737882614 0 0 1.928022317588329 2.593587934970856 472.2133700102568 486.2994484528899 97.81326255202293 8.60786759108305 0.8795285373926163 0.3139717876911163 0 17.08010132610798 4.64770669490099 4.729864686727524 0.8670485317707062 1.793621115386486 1.844605274498463 1.178649879992008 3.721092879772186 39.32999397814274 1.463295251131058 622.5978275835514 70.68777855485678 19.91363535821438 3.45521092414856 0.602292612195015 3.364556655287743 57.45001400262117 0.8065726161003113 3.856909804046154 23.15582609921694 0.6611227616667747 3.144615136086941 5.861989125609398 2.355395495891571 0.3494607359170914 0.5920303761959076 0 0.1937405318021774 0 0.6483191624283791 0.2984683066606522 0.2776870280504227 181.8128531649709 88.2550792992115 1.724877133965492 0 3230.616112716496 0 0 0.3409011363983154 0.1747278869152069 0 15.49979677796364 0.941341370344162 1.284516155719757 46.22618439793587 5.581831485033035 0.5497312992811203 1.919246539473534 2.403061538934708 2.167518198490143 1.320449471473694 0 0 0 0 0 0 0 0 0 0 0 0 0 0 0 0 0.4843820855021477 0.1307466477155685 0 0 0 0 0 0.8532340973615646 0.614604078233242 0.172305703163147 1.579960860311985 0.1702896058559418 0.2012719810009003 0 0 0 0 0 0 0 0 0 0 0 0 0 0 0 0 0 0 0 0 0 0 0.4386252760887146 0 0 0 0 0 0 0 0 0 3.924602255225182 1.372053287923336 0 0 0 0 0 0 0.1566635370254517 0 0.2772836089134216 0 0 0 0 0 0 0 0 0 0 1.072081118822098 1.432997465133667 1.522958129644394 154.8267049491405 15.06472729891539 202.8328819349408 43.57245886325836 2224.879043325782 48.07011398673058 1.616324327886105 18.67619606107473 1.371104061603546 0.08666851371526718 0.2876482903957367 0 1.102228820323944 0 0 0.7003712058067322 1.213408090174198 0.2506614029407501
5874.811821579933 0 2598.474112018943 651.875820197165 5683.756376765668 50.52492873370647 3224.672130003572 440.1288065612316 797.4599372372031 838.2447747513652 1191.335588753223 6.868021070957184 260.7061548084021 317.8792249783874 5.213178381323814 3.576650984585285 0.5828871950507164 0.4485505148768425 0.5077353343367577 0.4157339334487915 1.028566420078278 0.111511766910553 0.8492883592844009 0.5016835182905197 1.413834661245346 0.5517180487513542 0.4924318119883537 0.6482372209429741 0.7413246035575867 0.3396828025579453 2055.838742561638 16.3365301862359 9.02725837379694 0 0.5539602190256119 5.432146012783051 4.913487836718559 1.334483474493027 0.6352000385522842 2.253710150718689 1.507400758564472 0.3528681173920631 1.379446633160114 2.464299015700817 0.2140978127717972 0.6623337045311928 67.29656509310007 9.405256666243076 0.6112363561987877 1.724715374410152 2.433342017233372 0.1806993335485458 0 0.7653898969292641 4.32083835452795 3.954001039266586 92.31548115611076 380.8748574405909 52.7155374288559 23.3871712833643 2.826840482652187 1.477720931172371 1.009103670716286 88.89222311973572 6.421610169112682 7.196218378841877 1.607486553490162 2.064037516713142 2.334544003009796 3.551539108157158 9.583183795213699 3.193045303225517 0 664.376875847578 302.1364355310798 94.25331929326057 24.1385160908103 3.36041533946991 24.61952235549688 84.0959695354104 3.749196082353592 14.30188971757889 31.75849757343531 0.0833008661866188 6.597539156675339 7.955236583948135 5.49080428481102 0.09836436808109283 1.407584212720394 0.3234941065311432 0.4078175723552704 0.1186953112483025 2.15236883610487 0.8827114254236221 0.8192526772618294 34.78157936781645 1.720534481108189 0 0.2869136929512024 778.1402165144682 0.1026879027485847 0 0.1373234838247299 0.3294335305690765 0.2836418002843857 36.27519298344851 0 3.967458494007587 25.34811868518591 6.090662397444248 0.8391297459602356 8.927498862147331 5.477806426584721 16.59993615746498 14.10128483176231 0 0 0 0 0 0 0 0 0 0 0.1468077003955841 0 0.1602659374475479 0 0 0 0 0.1198439002037048 0 0.1724436730146408 0.2149684354662895 0 0 0.1346526145935059 1.989237017929554 1.512910127639771 1.197061702609062 0.2478038519620895 0 0 0 0 0 0.1357293725013733 0 0 0.386340543627739 0.1512574702501297 0 0.1199150010943413 0 0.1788008585572243 0 0 0 0 0 0 0 0 0.3931491076946259 0.8584541231393814 0 0 0 0 0 0 0 0 0 20.95390720665455 0.6398100852966309 0 0 0.09524166584014893 0.3762575313448906 0 0 0.8275000005960464 0 0.3934729769825935 0 0 0 0 0 0 0.2744759619235992 0 0 0 7.088029235601425 2.538162171840668 1.689019732177258 401.7453003749251 38.21930624544621 440.0120034143329 126.3450548350811 611.3051071241498 63.47775108367205 3.558694653213024 114.4690218493342 3.494231715798378 0.3502357602119446 1.653967410326004 0.3605645596981049 4.32994095236063 0.2743320241570473 0 0.7027426660060883 4.018306575715542 1.384390786290169
1368.456731088459 2598.474112018943 0 12.23556787520647 1493.010975144804 0.2846394330263138 193.5020387396216 4493.356452681124 1183.284409739077 8.197244592010975 2795.312499895692 1.587699241936207 81.06740170717239 437.6432616487145 21.72838068753481 32.33834736049175 2.069481089711189 4.133684955537319 0.6213703900575638 8.523382425308228 28.83633179217577 0.2767304331064224 14.7717774361372 6.629629150032997 24.56455814093351 6.786087341606617 8.920889243483543 5.300445877015591 1.528466358780861 1.30696801841259 3249.461979456246 479.501929178834 21.89789921790361 7.927921786904335 20.24551764130592 51.44580112397671 9.923711217939854 10.65090209245682 1.308563128113747 5.237060487270355 34.75137377530336 4.152103394269943 21.98770582675934 8.695701740682125 3.910336837172508 11.6456458941102 56.6316067352891 11.35869435220957 4.56869088858366 28.13570746779442 3.278538517653942 0 0 3.817580871284008 2.340018905699253 3.039791233837605 56.66031876206398 816.4645317271352 26.28544121235609 20.48135808110237 110.9430782496929 21.22130267322063 25.61242704838514 205.604011118412 4.117815919220448 5.853420905768871 2.247300274670124 8.899700790643692 55.33714321255684 135.2915985062718 7.637854926288128 0.5771766304969788 0 475.8355602696538 327.2462935224175 107.8335915133357 56.65114080905914 10.97769483178854 688.8101985529065 1306.058992825449 74.5843550413847 745.3333480209112 19.82508194446564 0 4.111641637980938 5.619172051548958 31.60628305375576 0.08883547782897949 0.8264915868639946 0 0.5532775074243546 0.1058386862277985 40.67300731688738 2.869042664766312 0.7874613031744957 2.963838905096054 0.5475686565041542 0 0.5914847254753113 469.3506990373135 0 0 0.1467085480690002 0.1687786877155304 0 0.767260305583477 0 0.6521632075309753 0.7147918492555618 1.193169578909874 0.1404713839292526 1.007439203560352 0.891418069601059 1.666619010269642 2.286688268184662 0 0.1136753484606743 0 0 0 0 0 0 0 0.1250405460596085 0.2425873205065727 0 0 0 0 0.1155019924044609 0.1155265048146248 0.7078524604439735 0 0 0 0 0 0 1.116975888609886 0.3695737421512604 0.9193739593029022 0.2553263381123543 0.07968144863843918 0.2476288974285126 0 0.1221673563122749 0 0 0 0 0 0 0.1363146901130676 0.1088877618312836 0.1245271191000938 0 1.027391336858273 0 0 0.1003125309944153 0.2259297594428062 0 0 0 0 0 0 0 0 0 0 0 0 0 0.2403310462832451 4.046747341752052 0 0 0 0.1295281797647476 0.3958114683628082 0.1982961744070053 0 0 0.2337706685066223 0.1318083852529526 0 0 0 0 0 0 0 0 0 0.1517154723405838 0.6971587091684341 0.1615277379751205 0.4294645041227341 225.8629160746932 35.0918560475111 306.1738726347685 82.5248546525836 101.7132079452276 28.40309799462557 2.160891383886337 69.15892507880926 0.506030946969986 0.1768882051110268 0.3754871040582657 0 0.3264097422361374 0 0 0.930469274520874 6.791659146547318 2.05631410330534
2094.460181109607 651.875820197165 12.23556787520647 0 234.3887603506446 367.9578887820244 1656.189097598195 3.025281377136707 154.2481795102358 3394.714441113174 4.617440313100815 364.714681327343 1059.827458463609 142.7380747720599 0.3237201943993568 0.3069533184170723 0 0.2274273037910461 0 0 0 0 0 0 0 0 0.1105591729283333 0 0.1389354169368744 0 90.95165066421032 1.537451654672623 1.588459111750126 0 0 0.08695762604475021 0.1921491175889969 0 0.9933856129646301 0.6198930442333221 0 0 0.2711875438690186 0.8733982890844345 0 0.2510593608021736 22.67078525573015 3.797998771071434 0.2396533340215683 0.2216337621212006 0.7105242162942886 0 0 0.1595854759216309 1.732364550232887 1.668041095137596 38.98890560865402 90.86952318251133 21.4244946166873 8.393313519656658 0 0.1613447666168213 0 24.00533457100391 2.347224682569504 2.586475923657417 0.8433501571416855 0.9164873361587524 0.3211714699864388 0.8846469596028328 3.789994396269321 0 0 230.3359871730208 91.84685865789652 21.70826376974583 5.283796332776546 0.6483910381793976 0.6436958163976669 1.741416044533253 0.6039621159434319 1.361166946589947 13.63761056959629 0.2117887735366821 2.700405791401863 3.23759301006794 0.927133746445179 0 0.4694349095225334 0.1361348032951355 0.08377993851900101 0 0.6794715076684952 0.1987837180495262 0.09964550286531448 79.74761006236076 0.09825208783149719 0 0.1067589670419693 418.9505261033773 0.1501251608133316 0 0.6784827560186386 0 0 27.18678151071072 0.6520643383264542 3.314761236310005 27.98195472359657 4.932648301124573 0 4.529839426279068 4.407175943255424 6.545834593474865 5.287644132971764 0 0 0 0 0 0 0 0 0 0 0 0 0 0 0 0 0 0 0 0.1194750517606735 0.1279547214508057 0 0 0 0.6333940923213959 0.1142211705446243 0.2478402554988861 0 0.1956519931554794 0.3005641996860504 0 0 0 0 0 0 0 0 0 0 0 0.2817823588848114 0 0 0 0 0 0 0 0 0 0.5496869087219238 0 0 0 0 0 0 0 0 0 7.400046199560165 0 0 0 0 0.5305105745792389 0.1612406522035599 0 0.09655745327472687 0 0.5375553742051125 0.1141227781772614 0 0 0 0 0 0 0 0 0 2.099276952445507 0.7303203493356705 0.4922904297709465 114.4483917504549 12.99003122746944 141.1298811286688 35.24472559988499 784.3824714645743 22.80575738847256 2.203527480363846 24.68213874846697 0.2400617152452469 0.1853478327393532 0.1317367851734161 0 1.758674100041389 0 0 0.3426534831523895 1.471597261726856 0.1018012911081314
515.7484967261553 5683.756376765668 1493.010975144804 234.3887603506446 0 7.4735167324543 1163.289955638349 51.18982591480017 3153.459827758372 626.8164144232869 972.4493207484484 12.35160622000694 629.2325468435884 1411.138560459018 10.4119466394186 11.07850555330515 0.4915333092212677 0.2562571540474892 0.0900312140583992 0.09031574428081512 1.216422244906425 0 0 0.4324703067541122 2.12760553508997 1.095233164727688 0.2149025499820709 0.8765122890472412 1.948388867080212 0.4969363808631897 178.8413163423538 18.15954747796059 20.31244484335184 0.1985306441783905 0.2512848004698753 0.9628936201334 9.922073200345039 1.009479746222496 1.689912207424641 0.2111722826957703 0.2686456292867661 0.8684158027172089 0.3585962131619453 1.05648010969162 0.3130284175276756 0.5819397047162056 74.42022748291492 6.868358954787254 0.5168501958250999 0.4956045001745224 1.328634038567543 0.1599383801221848 0 0.5216674953699112 1.997812204062939 2.28423172980547 9.598822914063931 65.92730128020048 11.3584993109107 21.96568611264229 0.8971136659383774 0.7996303364634514 0.6104435101151466 56.72386911511421 2.850138209760189 5.144556172192097 0.9474958032369614 2.677185848355293 2.31257850676775 2.368109457194805 43.83658619970083 3.723798811435699 0 219.5550520941615 206.6616787910461 117.3972017094493 38.32115787267685 5.276099540293217 2.724107600748539 26.16486242413521 1.694117926061153 5.903186596930027 18.51430435478687 0.1862966120243073 4.221826635301113 4.966384716331959 2.291743122041225 0 0.8145908191800117 0 0.8848413527011871 0.1276464313268661 0.4730868712067604 0.5743322148919106 1.147128529846668 139.3039558902383 0.8839205503463745 0 0.2884679213166237 46.30233627557755 0.2647753432393074 0.8018623441457748 6.97043488919735 6.311252370476723 3.54685765504837 43.43577015399933 3.670769646763802 31.93587926775217 23.77440998703241 34.51538948714733 6.19527355581522 56.19004864245653 37.23935058712959 94.07296497374773 69.21310117095709 0.5601882338523865 0 0 0 0 0 0 0 0 0 0 0 0.4424967169761658 0 0.1374102383852005 0 0 0.1888024210929871 0 1.017443239688873 1.758306719362736 0 0 0.1308667063713074 17.71534678339958 2.007832676172256 7.301043607294559 0.5814593434333801 0.3310796171426773 0.1481387913227081 0.1079622358083725 0 0.1041135191917419 0 0 0 0.9265802204608917 0.6341271698474884 0.631004236638546 0 0 0.5237462818622589 0 0 0.1700948178768158 0 1.188951790332794 0.1328602135181427 0 0 0 5.522871792316437 0 0.2154541909694672 0 0 0 0.122168131172657 0 0 0 116.0963883846998 0.4752849936485291 0 0 0 2.067577429115772 0 0.9190079420804977 1.509453602135181 1.013343527913094 1.941445536911488 0.642566055059433 0.1497419774532318 0 0 0 0 0 0 0 0 41.42349497973919 10.24752366542816 6.414192244410515 555.4772921130061 60.86650321632624 390.9684576094151 129.8262972012162 152.4167086258531 44.826874114573 3.559572272002697 176.7016590982676 9.874703966081142 0.7566059082746506 7.725628174841404 0.853859007358551 12.76125152409077 1.053825750946999 0 3.165524907410145 14.28370633721352 2.323023431003094
391.3354521542788 50.52492873370647 0.2846394330263138 367.9578887820244 7.4735167324543 0 58.38930788636208 0 6.275265097618103 443.2127510458231 1.139182850718498 110.2973740249872 91.37476600706577 23.37708610296249 0 0.6172667294740677 0 0 0 0 0 1.392517074942589 0 0 0 0.3119017779827118 0 0 0 0 1.612928718328476 0.09591241180896759 4.003776028752327 0 0 0 9.591972470283508 0 3.08992737531662 0 0 0 0 0 0 1.073718249797821 0.4082510322332382 0 0 0 0.08785779774188995 2.023155555129051 0.35978102684021 0.189227357506752 0 0.6702456772327423 104.9275581017137 11.833904966712 2.759634159505367 0 2.097978465259075 0.7438409328460693 0 1.089588150382042 0 0.0927315279841423 0 0 0 0 83.74934567511082 340.8346464633942 6.393422901630402 7.469613894820213 1.61831134557724 0.708343468606472 0.1779196858406067 0 0 4.857576996088028 0.7921623587608337 0.9041004776954651 0.8486908450722694 0.4749210923910141 0 0.3482435494661331 0 5.280747473239899 2.815580353140831 7.159523233771324 0.6324813663959503 1.474757000803947 0 0.2220814973115921 0 495.2877962589264 219.5053947269917 38.45989900827408 8.643726989626884 488.2880013734102 0 0 0 0 0 1.161327421665192 0 0.8445843458175659 2.766352266073227 0 0.2498611956834793 0.3511496633291245 0.2995215207338333 0.826015830039978 2.560448840260506 0.3847116231918335 0 0 0 0 0 0 0 0.2427917420864105 0 0 0 0.1234790235757828 0 0.4940269738435745 0 0.7767551019787788 0.1410987973213196 0.5193171501159668 0 0 0 0 0.3411171287298203 4.432162664830685 0.1478061228990555 2.453058242797852 1.128517389297485 1.582684136927128 0 0 0 0 0 0.2523813545703888 0 0 0.1262291371822357 0.1078790575265884 0.1053494662046432 0 1.456207819283009 0 0 0 0 0.1587323993444443 0 0 0 0 1.155221030116081 0.3025413453578949 0 0 0 0 0 0 0 0 10.40637340396643 3.369378298521042 0 0 0 0.111213892698288 0.1698711961507797 0 0 0.1992682963609695 0.522003561258316 0 0 0 0 0 0 0.1078978478908539 0 0 0 7.444889038801193 5.116365537047386 4.259891048073769 7.924093186855316 0.9741295874118805 4.963074430823326 0.8710635453462601 174.3801961541176 4.485522240400314 0.2922488301992416 0.180484801530838 2.874884463846684 0 0.3858920261263847 0.1135367453098297 1.227966636419296 0.2106804251670837 0 0.4467774927616119 0 0
608.9351598024368 3224.672130003572 193.5020387396216 1656.189097598195 1163.289955638349 58.38930788636208 0 19.41712564975023 1163.629570320249 2293.253923691809 230.2658775597811 61.77366594970226 2003.640054136515 1178.780653201044 11.70805967599154 7.772468090057373 0.4734789803624153 0.5314052402973175 0.1363728493452072 0.4524576291441917 0.2192724049091339 0 0 0.0916520357131958 0.487300381064415 1.279426068067551 0.2555856332182884 0.5806846767663956 0.589355431497097 0.1146937012672424 111.7662422433496 10.25845780223608 18.43430990725756 0 0.16976597905159 1.58602999150753 9.323050320148468 0.3921297416090965 1.601403743028641 0.6177030056715012 0.4960015788674355 1.150671876966953 0.2990800961852074 2.004063382744789 0.1059857830405235 1.160161688923836 80.16773828864098 7.355120651423931 0.6281117796897888 1.41770277172327 2.03714906424284 0 0 0.5393785834312439 2.934618309140205 3.681047469377518 25.06863791495562 79.80618326365948 21.45206309854984 26.55065321922302 0.3389843255281448 0.7738890573382378 0.1861908435821533 65.66475720703602 4.293579176068306 6.173607334494591 3.45261611789465 1.663713201880455 1.335988536477089 1.151916719973087 41.87217018008232 3.557112902402878 0 308.6470752283931 249.1618832200766 115.9638238027692 40.16444831341505 4.286705188453197 3.876113392412663 15.19687552005053 3.550196848809719 6.276574485003948 22.84805862605572 0.1702452600002289 4.625798813998699 6.812278687953949 3.912484653294086 0 0.9088692143559456 0.1919254958629608 1.146112732589245 0 1.883228182792664 1.812666855752468 0.9087473377585411 208.1857042685151 1.664204254746437 0 0.4049488455057144 124.0997451543808 0.09104010462760925 1.552721485495567 7.762522123754025 6.444979324936867 3.860150121152401 63.55263387411833 5.584566980600357 35.53024757653475 21.22191341966391 44.3447604700923 6.57159686088562 73.92591287940741 55.23227040469646 113.0912961289287 78.43886318802834 0 0 0 0 0 0 0 0 0.2340234369039536 0 0.2027414888143539 0 0 0 0 0 0 0.1572564989328384 0 0.8845784440636635 0.8586305379867554 0 0.375403106212616 0 17.47859451174736 2.164442658424377 4.5480792298913 1.065117254853249 0.170767068862915 0.1183168143033981 0 0 0 0 0 0 0.7901244685053825 0.5027963891625404 0.2420358061790466 0 0 0.95405013859272 0 0 0.3447338044643402 0.08757971972227097 1.692558795213699 0.4492511451244354 0 0.2142704725265503 0 6.732767686247826 0.1718111038208008 0.4771853685379028 0 0 0.1404327601194382 0 0 0 0 127.9964171200991 0.6378193721175194 0 0 0 2.348100855946541 0 0.2923935651779175 2.071595817804337 1.468031257390976 1.124242700636387 0.2502469122409821 0 0 0.1016330569982529 0 0 0 0 0.2616958245635033 0 43.9082212895155 8.346624903380871 5.126454718410969 495.3847172856331 68.78835382312536 388.6327652931213 131.5385197103024 428.4186934009194 53.7404059022665 3.290355078876019 154.5746203809977 12.35108964890242 0.4635443463921547 6.69473671913147 0.7280004024505615 17.63297514617443 1.601025588810444 0.4081173837184906 5.133932135999203 10.74134267866611 3.664148762822151
433.3065478354692 440.1288065612316 4493.356452681124 3.025281377136707 51.18982591480017 0 19.41712564975023 0 549.5598731786013 2.602159149944782 2114.814589031041 2.504459045827389 34.66226211935282 302.1362896710634 27.93934598565102 33.55745105445385 2.112771943211555 4.790952958166599 2.730056717991829 9.517625041306019 14.45368573814631 0 15.80057226121426 2.924954988062382 24.87580037117004 7.507003992795944 8.879587590694427 1.710379466414452 0.7794224917888641 1.330471850931644 1430.591607250273 3475.016712248325 48.62564187496901 12.31078010797501 17.01387467980385 54.34612452238798 21.46614130586386 14.59065814316273 4.512706398963928 11.6960883140564 19.37035224586725 1.722455866634846 16.70128232240677 25.08427111804485 5.698692724108696 20.29624515771866 89.06379394233227 8.565395899116993 4.222406819462776 20.49046941101551 2.435636110603809 0.1374424397945404 0 1.525313287973404 2.042440645396709 1.900071978569031 14.46034583449364 183.0357236042619 12.39882372319698 28.65469235926867 167.7463585957885 25.73212376236916 21.6718634814024 365.2125223278999 2.444664932787418 5.064082838594913 0.7955165505409241 2.751375779509544 28.81451204419136 80.01676694303751 12.41395302861929 0.4129290133714676 0.1568066030740738 287.2278013899922 364.1366191729903 187.3272106051445 287.2092453017831 162.0908245816827 601.8473229557276 1112.797722667456 303.0085016563535 1209.53478653729 14.96914065629244 0.08733294904232025 3.465162493288517 3.62202762067318 21.972815297544 0.09243997186422348 0.1880849450826645 0 0.798834852874279 0.107357919216156 20.66982174664736 1.689400985836983 1.365320041775703 3.711305491626263 0.9740747511386871 0.09301874041557312 0.5934765264391899 83.41903767734766 0 0 0 0 0 0.8470043689012527 0.1723132878541946 0.3565608412027359 0.5431689471006393 0.2650827467441559 0 1.356828436255455 0.1663070023059845 1.414890706539154 1.51820370554924 0 0 0 0 0 0 0 0 0 0 0 0 0 0 0 0 0 0.3911751210689545 0 0 0.1511603444814682 0 0 0.4714927598834038 0.4699137210845947 0 0.3462243154644966 0.09144368767738342 0.1938719749450684 0 0.17326420545578 0 0 0 0 0 0 0 0 0 0.4644280970096588 0 0.1429570317268372 0 0 0 0 0 0 0 0 0.3712833523750305 0 0 0 0 0 0 0 0 0 4.567841455340385 0.1032456010580063 0 0 0 0.109759196639061 0 0 0.1463601440191269 0 0 0 0 0 0.09395480901002884 0.1086974665522575 0 0 0.09487315267324448 0 0 0.6512830033898354 1.538578428328037 0.8328907266259193 333.5274103730917 44.68523772060871 389.7244658619165 112.4434008672833 59.32897448539734 33.50034317374229 2.238337568938732 117.5003557130694 2.851149909198284 0.4672195315361023 0.5573203787207603 0 0.4337288588285446 0.09332951158285141 0 0.6333154365420341 8.199907004833221 1.269698195159435
84.1771482527256 797.4599372372031 1183.284409739077 154.2481795102358 3153.459827758372 6.275265097618103 1163.629570320249 549.5598731786013 0 429.993873745203 4206.458168692887 26.70854254066944 1133.946880273521 3027.197380527854 16.96498808264732 20.71699982881546 0.4911727011203766 0 0 0 0.7902617007493973 0 0.2671655118465424 0 3.845160007476807 1.732145451009274 1.206666253507137 1.298911154270172 0.8525428399443626 0.1711290627717972 56.11314214766026 10.52778675407171 69.87318000197411 0.3921424895524979 0.2678900584578514 8.002032525837421 45.93307146430016 4.172019101679325 3.197182431817055 4.092713326215744 1.213139824569225 0.8858096301555634 0.9928453117609024 2.252301283180714 0.2323103174567223 0.7650474011898041 49.5030774474144 2.908049993216991 0.54473777115345 0.8823036774992943 0.7637167051434517 0.2430576533079147 0.3539548516273499 0.6898440197110176 1.247662201523781 0.6483349278569221 3.400306165218353 14.72215244174004 6.291283182799816 16.37226960808039 0.9396890625357628 2.061436921358109 1.032946474850178 27.17756009846926 1.505008108913898 2.97684683650732 1.231962025165558 1.568451702594757 2.69461365789175 3.438310459256172 68.61413829028606 6.532802775502205 0 98.34248378127813 92.5826218277216 95.2477602660656 36.7889069467783 7.537044987082481 2.388569459319115 57.90044750273228 1.125906452536583 4.357817284762859 7.991403967142105 0 2.415142148733139 2.214272528886795 2.873265720903873 0 0.6063213720917702 0 0.926907017827034 0.1192652657628059 3.168529786169529 0.6421495527029037 0.6052021980285645 150.6729050725698 1.020196013152599 0 1.176842004060745 11.4992226138711 0 1.218782886862755 4.866007603704929 3.976902507245541 1.512480579316616 32.22271906584501 3.319914624094963 21.76592855155468 14.6201805844903 27.06878901273012 5.117366187274456 50.23607809841633 31.03584702312946 80.84136255830526 59.9086075052619 0.3429089337587357 0 0 0 0 0 0 0 0 0 0 0 0.3022863864898682 0 0.1495596468448639 0 0 0 0 0.6319007948040962 0.497876912355423 0 0.1691562682390213 0 8.170454226434231 0.6869763433933258 4.454875476658344 0.2955323681235313 0.5600461959838867 0 0 0 0 0 0 0 0.271770179271698 0.840608075261116 0 0.3003250062465668 0 0.4421355128288269 0.3449459075927734 0 0.4285603612661362 0 0.903773345053196 0.85075843334198 0.2922845780849457 0 0 3.391314044594765 0 0 0 0 0 0 0 0 0 100.7202403023839 0 0 0 0 1.731714986264706 0 0.3206230998039246 1.343819916248322 1.207538612186909 1.058466225862503 0.6713899150490761 0 0 0 0 0 0 0 0 0 39.60559643059969 6.552218832075596 6.888051427900791 494.0122106894851 55.70173472911119 288.2458052784204 93.34778691083193 72.41581372916698 30.14800806343555 1.07615627348423 131.5444740355015 12.11254897713661 0.204609140753746 4.975501455366611 0.9625294283032417 13.23146475851536 1.984945923089981 0 2.114255972206593 10.94905576109886 1.983837425708771
1276.361378408968 838.2447747513652 8.197244592010975 3394.714441113174 626.8164144232869 443.2127510458231 2293.253923691809 2.602159149944782 429.993873745203 0 14.15769547969103 2658.671984225512 7103.644246779382 665.0394698306918 0.7174386456608772 1.016535185277462 0.2673726007342339 0 0 0 0 0 0 0 0.157362088561058 0.5490619987249374 0.169791579246521 0.3246844336390495 0.3164500817656517 0 36.57985086739063 3.610000006854534 15.76529022306204 0 0.07630439102649689 0.3001928925514221 21.53801760822535 0.2816688790917397 0.1115949228405952 0.3388838171958923 0.1185795143246651 0.2990056797862053 0.2158046960830688 0.4393771886825562 0 0.2257062643766403 20.77101516723633 2.250012598931789 0.3395616412162781 0.221012182533741 0.6712803468108177 0 0 0.3800867423415184 1.821760147809982 1.09086961299181 68.17861530184746 42.41549824923277 11.85534115880728 5.835277281701565 0.2178363278508186 0 0 15.10110519826412 1.248238511383533 1.241759993135929 0.609271727502346 0.4100689738988876 0.9570107981562614 0.4629263207316399 245.4960949793458 7.140581950545311 0 135.0666658058763 78.69804730266333 28.31432475149632 5.439811117947102 0.2286393269896507 0.8502897843718529 45.31762183457613 0.6156560182571411 1.811309307813644 8.292794577777386 0.3935601860284805 1.841023728251457 1.984556950628757 0.9374197497963905 0.3519722819328308 0.233814150094986 0.1555468440055847 0.2609923556447029 0 0.3438544422388077 0 0.404729925096035 511.7999331355095 5.789147078990936 1.476884007453918 0.290990799665451 628.3932748287916 0 2.403368771076202 6.119130715727806 7.703304380178452 1.363248072564602 68.47189538180828 4.668679103255272 28.53756771981716 97.78323569893837 53.93941070139408 2.782255850732327 60.02579733729362 53.75225131958723 98.33157986402512 47.93127604573965 0.1689332127571106 0 0 0 0 0 0 0 0 0 0 0 0 0 0 0 0 0 0 0.4179065674543381 0.7881379947066307 0 0.1373976916074753 0 4.274690955877304 0.6492278575897217 0.8439645692706108 0.1439756900072098 0 0 0 0 0 0 0 0 0.5940441638231277 1.037569746375084 0 0 0 0.1134080812335014 0 0.2004786282777786 0 0 0.2405489236116409 0.3335948958992958 0 0 0.1463326662778854 1.072908110916615 0 0.2387062758207321 0 0 0 0 0 0 0 68.72702900320292 0.1344213932752609 0 0 0 1.435479156672955 0 0.2795925438404083 1.421844393014908 0.4949103444814682 1.394791714847088 0.2855973690748215 0 0 0 0 0 0 0 0 0 31.61090008914471 2.564620442688465 1.721312195062637 165.1938259452581 14.55906172096729 126.5910690948367 37.66071371734142 1006.254364974797 22.66488553583622 0.5952870547771454 49.20809882134199 5.461062461137772 0.3934991210699081 3.455468043684959 0.3255074843764305 19.86860501766205 0.7671922221779823 0 2.813687033951283 1.603987149894238 0
749.0277254357934 1191.335588753223 2795.312499895692 4.617440313100815 972.4493207484484 1.139182850718498 230.2658775597811 2114.814589031041 4206.458168692887 14.15769547969103 0 45.8563334941864 760.2254272326827 4224.751500368118 54.54142680764198 71.46896229684353 2.428553238511086 0.8090812489390373 0.1442176848649979 0.8872367665171623 11.4976806640625 0 5.708229281008244 4.632394015789032 52.57004927843809 12.7794406414032 10.460828602314 5.457389362156391 3.384015448391438 2.51387994736433 512.0888616815209 63.9808648750186 1191.821823246777 3.122987359762192 8.637500569224358 101.3296917304397 352.6321194916964 68.16558872163296 41.2364524975419 68.88753767311573 10.07821846008301 1.451339267194271 2.140938468277454 7.272000387310982 0.9587810933589935 5.908945858478546 139.7197528779507 9.369044095277786 4.819370537996292 6.545994572341442 4.010321855545044 0.1281607747077942 0.7625026851892471 2.971869438886642 2.435609921813011 2.059589937329292 10.05335447192192 80.22904267907143 13.85053057223558 35.65811688452959 14.48525796830654 38.51816135644913 16.23145459592342 74.09308290481567 3.643146857619286 6.026955679059029 1.598981328308582 6.617879629135132 15.18811564147472 20.57099464535713 229.6907954514027 4.21137361228466 0 228.765515871346 227.1126047968864 226.222691655159 102.0567878633738 25.51868970692158 68.47607433795929 870.6820064038038 9.426358431577682 81.93746273219585 20.79533624649048 0 4.238702178001404 5.936295665800571 11.42725991457701 0 1.237204350531101 0 1.688334219157696 0.4679959043860435 15.36571023613214 3.152403496205807 1.92294941842556 64.89011069387197 2.389467537403107 0 4.013270825147629 60.34209977835417 0 0.120867908000946 0.5132477134466171 0.5260221734642982 0.4874158129096031 6.567657582461834 0.4092992097139359 6.588425524532795 3.147740297019482 4.425191670656204 1.894445896148682 7.446925938129425 6.462412931025028 18.10824324190617 16.41222044080496 0.8825105801224709 0 0 0 0 0 0.1078993156552315 0.1115254387259483 0 0.3319697380065918 0.961373895406723 0 0.09659596532583237 0 0.2709465324878693 0.1541252434253693 0 0.9205653667449951 0 0.3680793344974518 0.2202246785163879 0 0.221968024969101 0.8727023005485535 5.504567816853523 0.4533221647143364 2.593110971152782 0.8678595349192619 0.491963155567646 0 0.1424064636230469 0.3028083443641663 0 0 0 0.1130557134747505 0.1496804356575012 1.00828842818737 0 0 0.2635926306247711 0.7661432325839996 0.1619672328233719 0 0 0.1113503724336624 0 0.1714540719985962 0 0 0 1.637441426515579 0 0 0.2476886063814163 0 0 0 0 0 0.1144305989146233 29.92186173051596 1.052202589809895 0.1820894330739975 0 0 0.3363982290029526 0 0.142222136259079 0.6973527669906616 0.3682103753089905 0.2371514886617661 0 0 0 0 0 0 0 0 0 0 12.37213645130396 3.12900984287262 4.301753640174866 773.6532028689981 111.1449916213751 592.8324260041118 198.9049438089132 95.67188382148743 54.5073641166091 5.427747294306755 215.5909411609173 7.802190199494362 0.0805269330739975 1.643382713198662 0.3766610249876976 2.466740466654301 0.6342693269252777 0 1.647748008370399 26.0121845304966 3.100716702640057
82.01782754063606 6.868021070957184 1.587699241936207 364.714681327343 12.35160622000694 110.2973740249872 61.77366594970226 2.504459045827389 26.70854254066944 2658.671984225512 45.8563334941864 0 3194.381540372968 216.1965635567904 2.740320324897766 1.450677983462811 0 0 0 0 0 0 0 0 1.0319744348526 0.4190275073051453 0 0 0.9905503690242767 0 0.6704714819788933 0 48.4539642110467 0 0 0.1394644677639008 79.34999747574329 0.5725051760673523 1.751408003270626 0.5040256530046463 0 0.6160401999950409 0 0.2828260213136673 0 0.2643144130706787 5.711200624704361 0.5956795588135719 0 0 0 0 0 0.2094614952802658 0.1057513579726219 0 4.648257397115231 2.24715206772089 0.3534880131483078 1.189365521073341 0.6194337457418442 5.651557624340057 0 0.5530175939202309 0.1080315113067627 0 0.1975421905517578 0.2939908802509308 0.1303188651800156 0.1094300001859665 626.6050101071596 8.383752070367336 0.616356372833252 7.033652104437351 6.338073872029781 8.024554774165154 1.414986252784729 0.9535445123910904 0.216830313205719 131.3841538205743 0 0.09848541021347046 0.6701343953609467 0 0.1252790242433548 0.3969304785132408 0.2372424453496933 0 0 0 0 0 0.3029905259609222 0.4788809716701508 0 1078.150637872517 3.756187170743942 0 0.2676582932472229 66.28087775409222 0.0952400341629982 1.232448510825634 7.312580108642578 6.128734119236469 2.156533502042294 48.2235371991992 5.882813028991222 35.70357502996922 30.15493034571409 48.23554982990026 4.196254208683968 70.88084679841995 50.40555163472891 133.3140773996711 71.45638885349035 0.2244530767202377 0 0 0 0 0 0 0 0 0 0 0 0 0 0 0 0 0 0 0.3437954932451248 0.5009412541985512 0 0.2177859991788864 0.1709574460983276 8.469542220234871 0.2073056697845459 2.75352543592453 0.1162567436695099 0.1466159969568253 0 0 0 0 0 0 0 0.1132558360695839 0.6248301342129707 0.1003857776522636 0 0 0 0 0 0.1687610894441605 0.1406740248203278 0.4330372586846352 0.1567432135343552 0 0 0 4.838821336627007 0.3291050642728806 0.2436443939805031 0.09009566903114319 0.09565240889787674 0 0 0 0 0 117.5047099143267 0 0 0 0 1.415895082056522 0 0.4546678960323334 2.044646024703979 0.6514035612344742 0.9646312743425369 0.332220695912838 0.09841269254684448 0.4095185399055481 0 0 0 0 0 0 0 64.43313603848219 5.232079580426216 3.080292604863644 103.762685418129 7.338028185069561 36.41247554123402 9.319630317389965 140.7080226168036 4.496063739061356 0.3361716419458389 20.54987679421902 9.460514478385448 0.4340651333332062 6.077763944864273 0.3917596414685249 10.12093906104565 1.724774643778801 0 3.015881143510342 0.7914551049470901 0.583573043346405
114.9593752250075 260.7061548084021 81.06740170717239 1059.827458463609 629.2325468435884 91.37476600706577 2003.640054136515 34.66226211935282 1133.946880273521 7103.644246779382 760.2254272326827 3194.381540372968 0 2724.036061279476 13.05695427954197 16.60592330992222 0.09154447168111801 0 0 0 0.5002731680870056 0 0.3731694519519806 0.7255867272615433 2.099366009235382 0.4665615558624268 0.3239738345146179 0.5651959404349327 0.5818533897399902 0.5051846951246262 7.352117940783501 1.070812247693539 152.1198082715273 0 0.8974668234586716 2.038830734789371 77.1777638271451 2.320164285600185 8.640747353434563 3.75801707804203 1.314336195588112 0.332068458199501 0 1.150427468121052 0.3429052233695984 0.1561356484889984 30.87998031824827 2.097024969756603 0.529786579310894 0.2369551509618759 1.754193373024464 0 0.4422694146633148 0.5680435001850128 0.6467247679829597 0.5281286761164665 6.303301572799683 5.19651698321104 3.233313046395779 6.922420918941498 0.7463574558496475 6.546436153352261 0.6945818960666656 7.834519535303116 0.5766604021191597 1.609492510557175 0.7066928669810295 0.2752232849597931 1.248324632644653 1.500219434499741 294.5906668528914 16.36192667484283 0 40.62477504462004 35.23785674571991 47.83275160193443 17.82455623149872 4.809956751763821 0.486931212246418 80.79280666261911 0.4067523926496506 2.40475220233202 3.666142553091049 0 1.668840028345585 1.367106385529041 2.14891554415226 0 0.3456247299909592 0 0.5316309854388237 0 1.888278745114803 0.7689008265733719 0.2661043256521225 1456.148067615926 6.384343266487122 0 2.170289196074009 52.92901530861855 0.5663794130086899 4.379976011812687 10.24441931396723 11.21595568954945 5.864546790719032 103.1519948914647 8.596052244305611 53.62649717926979 40.74095190316439 92.24251958727837 13.69017768651247 122.0241398960352 93.9889185205102 223.4800875484943 146.3843122720718 0.7585002034902573 0 0 0 0 0 0 0 0 0 0 0.1171994805335999 0 0 0 0 0 0.1284061670303345 0 2.936968177556992 1.731922499835491 0 0.1544175744056702 0 17.11998146772385 2.333631068468094 8.347784422338009 0.1974741667509079 0.3641301691532135 0 0 0 0 0 0 0 0.3060597032308578 2.195111267268658 0.3261241316795349 0 0 0 0.1712932735681534 0 0.1452130377292633 0.07744918018579483 1.913913942873478 0.6174324080348015 0 0 0 8.559051722288132 0 1.170877359807491 0.1155785620212555 0.1934190690517426 0 0 0 0 0 249.0737060829997 1.130704000592232 0 0 0 3.198556423187256 0.6350474059581757 0.1660964339971542 4.998959735035896 1.732083588838577 3.291029118001461 0.641186036169529 0.1192363277077675 0 0 0 0 0 0 0 0 111.3905920982361 16.23965626209974 7.880658909678459 366.3970548287034 44.16180044412613 165.015127658844 55.58895842730999 169.074541978538 14.40117871016264 1.669070638716221 79.63539867848158 11.0584459155798 0.7510818690061569 10.70846460014582 0.6690509393811226 32.05974008142948 2.847508132457733 1.939534410834312 3.855019979178905 6.434244282543659 2.029116466641426
132.3511815741658 317.8792249783874 437.6432616487145 142.7380747720599 1411.138560459018 23.37708610296249 1178.780653201044 302.1362896710634 3027.197380527854 665.0394698306918 4224.751500368118 216.1965635567904 2724.036061279476 0 44.84371598064899 55.79703907668591 0.6146158874034882 0.7788664102554321 0.09568384289741516 0.3164808750152588 2.730988740921021 0.103276215493679 0.4576617330312729 0.8301713168621063 27.60287803411484 6.823846183717251 4.691528156399727 2.64433292299509 3.913365989923477 2.106460601091385 41.94946633279324 5.814687520265579 1229.389099441469 0.9946582019329071 1.066396832466125 34.38199640065432 956.3512116894126 36.9373647198081 53.57412004470825 54.05045808851719 3.800455033779144 0.9828668832778931 1.452998250722885 5.097790822386742 0.9681510925292969 3.796066835522652 86.64764635264874 3.212089747190475 1.481575578451157 3.226916179060936 2.008242808282375 0 0.7914592102169991 1.228646770119667 1.469170697033405 0.9136393815279007 4.016790851950645 9.073167882859707 5.028107300400734 18.13167874515057 6.861997686326504 61.19169039279222 3.998601481318474 19.09454362094402 2.062840409576893 1.995561026036739 1.527384638786316 3.492454670369625 6.255221307277679 8.052598915994167 579.0410195812583 13.1689168214798 0 79.42674259841442 84.7233566865325 139.67682210356 55.06466291844845 15.34637090563774 1.454452075064182 701.3256860375404 4.232433013617992 12.92919892817736 8.899849772453308 0 2.225512452423573 1.799059152603149 4.869139656424522 0.2700637355446815 0.8688142895698547 0 1.574006341397762 0.2969968318939209 6.41923151910305 2.003983981907368 1.515298195183277 710.542619869113 6.203455097973347 0 7.006850875914097 29.55688355863094 0.316135436296463 1.635263979434967 9.176263801753521 8.665520437061787 4.122686326503754 72.33980933576822 6.563498124480247 40.86921899020672 25.16504903882742 52.55722773075104 9.370652385056019 91.89615634083748 68.82127118110657 179.0315833836794 116.6362037286162 0.6145312562584877 0 0 0 0 0 0 0 0.3445894718170166 0 0.3809335678815842 0 0 0 0.4964427947998047 0 0 0.5328336656093597 0 1.733907267451286 1.999656811356544 0 0.1243074536323547 0.392772912979126 23.01300124078989 3.590790793299675 8.838334359228611 1.410140782594681 0.7070674002170563 0.1451778411865234 0 0 0 0 0 0 0.7580870687961578 1.94158624112606 0.3265122324228287 0.1593330353498459 0 0.1157439053058624 0.3797311037778854 0.3219714239239693 0 0.1005822047591209 1.393334783613682 1.295377522706985 0.5152508765459061 0.1606047749519348 0.1155037954449654 8.754016682505608 0.5577906370162964 0.7659759074449539 0.1919285878539085 0.1224646270275116 0.175044059753418 0 0 0 0 215.0708011239767 0.9457008391618729 0 0 0.1007941216230392 3.086996547877789 0.2636912167072296 0 4.151949249207973 1.342259101569653 2.289302907884121 0.6348793804645538 0.1470727175474167 0.7586693540215492 0 0 0 0 0 0 0 93.11110298335552 14.69383474439383 8.346581816673279 981.8891712874174 92.53093677014112 482.1515218093991 151.2547916248441 112.3474778160453 37.63295614719391 4.460573308169842 204.5806375443935 18.76630678027868 1.037778124213219 16.29545168578625 1.392807759344578 20.69256766885519 2.482233241200447 0.2706023827195168 3.822074703872204 20.41700222343206 4.453665606677532
