0 3552.903908424079 284.8475573882461 491.7217471823096 1033.795952476561 11.10017377138138 844.9078907445073 65.92261714488268 227.3205704391003 766.4553863629699 466.9239016920328 146.3270427659154 267.9102220758796 142.3507228791714 6.069077022373676 2.620125740766525 0.211983822286129 0 0 0 0 0 0 0 0.1244348213076591 0 0.09019450098276138 0 0 0 206.0605207309127 2.534270510077477 10.74320048093796 0 0 0.1000427156686783 11.86761400103569 3.255950473248959 5.855592384934425 0.4114138036966324 0.1039891988039017 0.1369110643863678 0.3142084851861 0.285846084356308 0 0 33.49056774377823 3.000120729207993 0.4254184439778328 0.1284446269273758 0.3257743343710899 0 0 0 3.407800637185574 2.449429370462894 215.7455770373344 283.5613877400756 21.09930435568094 26.33677067607641 0.3455012440681458 4.480793371796608 0 4.996144026517868 2.020748294889927 0.9108254611492157 0.3058313056826591 0.1650394201278687 0.1812675148248672 0.2005294039845467 18.93899190425873 5.270245380699635 0 73.21977283060551 10.33685182034969 11.82946038246155 4.958685383200645 1.672062315046787 2.133940756320953 25.69063005596399 0.394427165389061 2.343693397939205 18.30756928771734 1.989210724830627 1.766124129295349 1.049496546387672 0.5293595343828201 0 0.3989358991384506 0 0.09285511076450348 0 0.09416738152503967 0 0 100.3385725989938 1.71125066280365 0 3.450761452317238 1428.241416029632 0 1.909143812954426 0.3124427497386932 0 0.1706576645374298 5.738246783614159 3.462562270462513 1.329855792224407 19.71436738222837 1.896383292973042 0.6983453556895256 9.283529549837112 7.4344227835536 6.745667070150375 0.2338106036186218 0 0 0 0 0 0 0 0 0 0 0 0 0 0.5828498005867004 0 0.1517941355705261 0 0 0 0 0 0 0 0 2.705929286777973 0.3257248401641846 4.318425849080086 0.6947639435529709 0.2258806973695755 0 0 0 0 0 0 0 0.4886030852794647 0.9059660583734512 0.1570183634757996 0 0 0.4283805191516876 0.1224944815039635 0 0 0 0 0 0.3881301879882812 1.955196671187878 1.01063671708107 1.656436547636986 0 0.1746725738048553 0 0 0 0 0 0.08428275585174561 0 12.8507783934474 0.6722307652235031 0 0 0 0.4706915766000748 0.2551744356751442 0.9034904390573502 0 0.2493114769458771 0.2014558613300323 0 0 0 0 0 0 0 0 0 0.1472155749797821 5.409090228378773 2.290254034101963 3.143405489623547 77.7927628532052 6.037999257445335 105.4117809161544 21.65584041923285 535.5444679409266 16.4173489511013 1.504628732800484 6.913537748157978 1.083870843052864 0 1.381425008177757 0.4284642338752747 6.001491598784924 0.3012121394276619 0 0 0.2257137447595596 0
3552.903908424079 0 1198.919249154627 742.9273409247398 4962.8841426 103.5869951397181 1497.832147687674 437.1933430582285 4033.189917460084 522.0569904372096 2928.208852261305 68.54979958385229 195.697733707726 504.5542811229825 39.52544338256121 10.60910341143608 0.4346896409988403 0 0.2168041318655014 0.9028828367590904 0.2395243048667908 0 0 0 0.6443246006965637 0.2729752138257027 0.2621266692876816 0.1942017450928688 0 0 2080.265751831234 28.54008337110281 35.99509236961603 0.1176374852657318 0 0.207313172519207 29.41479410231113 5.961059585213661 5.935644097626209 1.295107014477253 0.1684097051620483 0.5945293679833412 0.2927185371518135 2.964477010071278 0 0.1200957670807838 237.6537234559655 10.86058031767607 0.1999578177928925 1.201959371566772 1.188258901238441 0.2103591188788414 0 0.7469760701060295 14.92207050323486 8.453516520559788 150.1253377646208 551.3450887650251 62.52703429758549 114.83889413625 0.230446845293045 10.68070884048939 0.3429970741271973 26.06046116352081 8.576906859874725 3.453656144440174 2.030882455408573 3.669442221522331 2.025307767093182 2.140597350895405 13.62610839307308 11.68007358908653 0 240.1022988408804 74.10741852968931 74.30640611797571 55.48924372345209 3.702160537242889 21.81171683222055 111.3765021115541 1.180182933807373 11.58974734693766 66.2328549772501 1.345621481537819 7.393726363778114 5.873726211488247 4.983051039278507 0.474145732820034 1.060321196913719 0.09698345512151718 0.4141736030578613 0 1.137313336133957 0.08382812142372131 0.08837726712226868 87.86229582130909 2.9189832508564 0 4.991729229688644 2170.763620622456 0.7525952681899071 0.1835207492113113 0.6737302914261818 0.3804380297660828 0 11.70689847320318 2.901141777634621 0.9965694695711136 14.49373991042376 4.865514144301414 1.032827489078045 16.01546049118042 14.37614262104034 19.50871901214123 5.527568474411964 0.8290426433086395 0 0 0.3065944910049438 0 0 0 0 0 0 0.1598812341690063 0 0.3622876107692719 0 0 0 0 0.306957870721817 0 0.1155783906579018 0.151948407292366 0 0.3410027027130127 0 8.265620462596416 0.4419459104537964 11.42580511420965 2.532869845628738 0.2443871051073074 0 0 0 0 0 0 0 0.4255012273788452 1.642475426197052 0 0 0.0919523611664772 0.4606925249099731 0.2987838983535767 0 0 0 0 0 0 1.302957862615585 1.152968943119049 1.340080551803112 0.5089879035949707 0.1895689368247986 0 0 0 0 0.2484904900193214 0 0 33.17770353704691 1.172501385211945 0 0 0 1.277150064706802 2.162138551473618 4.192417949438095 0.4648435637354851 0.1343982070684433 0 0 0.4079524278640747 0 0 0 0 0.1925055757164955 0 0 0 7.364933826029301 8.044625513255596 8.383318856358528 354.6796592399478 39.21225029975176 654.1656241565943 112.9803389534354 981.2751464322209 63.19265639036894 8.256660170853138 81.25452525913715 5.023378744721413 0.4631344377994537 5.682038225233555 1.281138367950916 9.32180043309927 0.555658295750618 0 0.4562168717384338 0.9480121061205864 0
284.8475573882461 1198.919249154627 0 6.961615301668644 1163.149077214301 0 56.29514842480421 1668.139152429998 345.0938207358122 3.233016297221184 1460.211250275373 3.997588917613029 30.00530205667019 84.78068414330482 35.30357954651117 24.72556844353676 4.747791454195976 4.743182577192783 0.5085811540484428 14.2974136993289 12.46386813372374 0 1.039087638258934 0 4.731824785470963 0.5504336282610893 1.201979108154774 4.493818789720535 1.303598612546921 0.1315850466489792 4665.769514888525 295.9889609590173 25.71061947196722 0.9242165684700012 0.6721066609025002 0.7002969682216644 14.87257193773985 10.69059251248837 4.970514096319675 1.466337852180004 10.22500319033861 7.059247672557831 21.12731259316206 7.203158222138882 0.5196504294872284 9.871668934822083 131.3573110848665 22.72113955020905 14.62324565649033 24.51093089580536 4.319656990468502 0.3634974658489227 0 7.642138600349426 6.21506180614233 5.499904990196228 167.1648584455252 898.3708324432373 51.12351208925247 64.93985279649496 39.00626135617495 15.68292528390884 2.216120719909668 878.6591646596789 3.797725215554237 7.773983493447304 2.88498467952013 29.30932659655809 37.64353320002556 35.53871972858906 3.338779382407665 1.859877273440361 0 241.833191588521 135.4983751773834 70.49708640575409 131.4479101896286 19.27105710655451 381.1881141588092 865.9298474267125 53.06729269772768 604.8917517140508 32.56827782839537 0.2018793001770973 4.843009360134602 2.309208258986473 23.28392548859119 0.1632400527596474 1.127928830683231 0.125572457909584 0.9823460355401039 0.4523072093725204 28.39843128621578 3.049692958593369 2.84589995443821 4.96133304387331 0.336721271276474 0 0.5845773965120316 731.2604247182608 0.2721892595291138 0 0 0 0 0.1422509700059891 0.1277463734149933 0 0 0.6919033527374268 0 1.162518575787544 1.464421480894089 3.088086135685444 0.4687378704547882 0 0 0 0 0 0 0 0 0 0 0.102323941886425 0.1447876840829849 0 0 0 0.1495050191879272 0 0 0 0 0 0 0 0 0.7307607978582382 0.176444411277771 1.803253993391991 0.7113883942365646 0.7066849172115326 0.2115818709135056 0.440774567425251 0 0 0.1876738369464874 0 0 0 0 0 0 0 0.5312429443001747 0.6562196090817451 0.1168638244271278 0 0 0 0 0 0.4364935010671616 0 0.1292101144790649 0 0 0 0 0 0.1506815254688263 0.5030187666416168 0.5698908418416977 1.321599788963795 3.352599963545799 0.6091836467385292 0 0 0.3700879588723183 0 0 0.3401985764503479 0.3942948877811432 0 0 0 0 0 0 0 0 0.3580353036522865 0.1589411944150925 0.1008022502064705 0 0.3779072165489197 0.8112847208976746 1.528643555939198 128.9989852458239 23.51688566803932 299.1211395710707 56.75126620382071 111.9660132005811 29.28476297855377 5.056753650307655 41.51643409579992 1.462550297379494 0.1184185519814491 0.3297449350357056 0 0.2128732353448868 0 0 0.1853544265031815 1.426128424704075 0
491.7217471823096 742.9273409247398 6.961615301668644 0 668.4299027994275 110.4351466298103 1738.248088464141 2.148727774620056 73.39256367087364 1217.914071500301 63.91326421499252 282.7660422027111 681.079540297389 132.8321670517325 5.543591529130936 0.3482528254389763 0.08970146626234055 0 0 0 0 0 0 0 0 0 0 0.1084887087345123 0 0 28.39805252850056 0.4072715118527412 2.996198542416096 0 0 0 6.823742970824242 1.720146685838699 2.765095137059689 0.3355628252029419 0 0 0 0 0 0 39.21696131676435 1.532367788255215 0.09780543297529221 0.1185182258486748 0.1016090586781502 0 0 0.07489552348852158 1.461663462221622 1.277435965836048 12.7329365760088 20.68575472384691 4.668355278670788 16.62372321635485 0.2697226405143738 1.602756530046463 0 3.6179558634758 0.8697787448763847 0.7979065105319023 0.2236851304769516 0.8863070532679558 0 0 8.383448600769043 4.092590942978859 0 24.54380194842815 11.68671166151762 11.71072787046432 9.322414413094521 0.620498389005661 0.7373638898134232 4.501008585095406 0.2245263904333115 0.8550563156604767 9.258567929267883 0.1628272011876106 0.8746164813637733 0.7589809074997902 0.4758444279432297 0 0.2320406213402748 0.1080646440386772 0.09935858100652695 0 0.1038523018360138 0 0.116190604865551 139.8241418376565 0.5694484710693359 0 1.050959199666977 165.4230402559042 0 0.8528558760881424 0.2730875909328461 0 0 22.47605377435684 2.553876727819443 0.8851877748966217 33.60216230154037 2.558293715119362 2.674368597567081 13.81020322442055 8.956117436289787 11.8798716366291 3.73530301451683 0.4405853301286697 0 0 0 0 0 0 0 0 0 0 0 0 0 0 0 0 0 0 0.4064136892557144 0.5075216293334961 0 0 0 6.598243236541748 0.7157166004180908 7.702367253601551 1.707572907209396 0 0 0 0 0 0.5212812423706055 0 0 0.6993236541748047 0.8219167739152908 0 0 0 0.296611875295639 0 0 0 0.09875977784395218 0 0 0 1.08730947971344 0.7780148237943649 2.106467381119728 0 0 0 0 0 0 0 0 0 17.32451627403498 0.8313229382038116 0 0 0 0.3407299965620041 0.4794968366622925 0.870675653219223 0.1924272477626801 0 0.505452498793602 0 0 0 0 0 0 0 0 0 0 6.945030882954597 3.295365124940872 5.226912081241608 66.93403423577547 6.084225311875343 91.79526853561401 15.2881548255682 365.2232749909163 8.953307203948498 2.195431418716908 9.226626470685005 3.523491427302361 0 1.866184711456299 1.608084827661514 7.213317692279816 0.1560634076595306 0 0.5812022089958191 0.4720551818609238 0
1033.795952476561 4962.8841426 1163.149077214301 668.4299027994275 0 24.71874285489321 4918.751426137984 1382.671879686415 5732.80409103632 807.6039723306894 2252.563200064003 111.3241859227419 1778.950688913465 1071.755859464407 60.35047543793917 19.50520938634872 1.182417467236519 0.2899739965796471 0.1295764446258545 0.7121333628892899 0.5461259633302689 0.1210212782025337 0.1124242469668388 0 0.5661417692899704 0.5719821229577065 0 0.3845619112253189 0.2505809292197227 0.1428139209747314 543.9703549966216 62.24808960407972 51.26755085587502 0 0.272556483745575 0.771815337240696 51.04209059476852 8.900283209979534 12.90074177831411 2.39357528090477 0.5494552999734879 2.003995396196842 0.636590301990509 6.449774332344532 0.1818582266569138 0.5383022874593735 269.8111345842481 14.42103394120932 1.155349291861057 0.9170209541916847 1.863732345402241 0.1039160117506981 0 1.17932652682066 13.9282059147954 11.73247548192739 74.50962340831757 184.9758471772075 49.90010022372007 115.2290155440569 1.209983311593533 21.01999527215958 0.3817119225859642 31.48472008109093 10.19479327648878 6.985065378248692 3.116154782474041 6.830537229776382 4.237686701118946 2.968230307102203 41.44372494518757 35.54997641593218 0 196.8698416352272 66.273392342031 89.99263267219067 71.85269869118929 12.8453498929739 50.94371120631695 289.2429417222738 3.69517295062542 36.76864960044622 63.98674591630697 1.499447479844093 8.921228550374508 6.436663798987865 7.829286716878414 0.5089019015431404 1.429417498409748 0.2765386179089546 0.3864205405116081 0.3797260001301765 2.031167708337307 0.4706161916255951 1.454032368957996 257.0178288370371 2.699281357228756 0 11.33930987864733 591.2382420152426 1.641057930886745 4.611100628972054 3.642434261739254 1.57874758541584 0.9659230411052704 38.3864007294178 11.16291265934706 14.38849563151598 29.7215134203434 33.04533479362726 12.34323845803738 109.0774750486016 84.21580334752798 115.5870865732431 31.76888544112444 1.104680605232716 1.432094976305962 0.4064784049987793 1.90529141575098 0.3969758152961731 0 0.2337470948696136 0 0 0 0 0 0.2783019244670868 0.423482745885849 0.4804114103317261 0 1.132202222943306 1.069997787475586 0 2.3780397772789 1.431027121841908 0 0.4381227493286133 0.9841748178005219 37.9898691996932 2.571654617786407 57.04088430851698 12.36585707962513 4.34296703338623 0 0.112578958272934 0 0.3929010033607483 1.514773592352867 0.1917357742786407 0 2.605195179581642 10.58973877876997 0.2507156804203987 0 0 1.464076668024063 0.1013609021902084 0 0.6082206070423126 0 0.340151347219944 0.1787192225456238 0.32960045337677 6.924518555402756 6.515823289752007 13.81565431505442 0.5827011317014694 1.213150598108768 0.4171142727136612 0.08282840251922607 0.3585948199033737 0.09528882056474686 0 0.4242813885211945 0.1233454272150993 182.0166776701808 8.2561429515481 0 0 0 4.994581677019596 7.873187094926834 10.35619574785233 1.159294240176678 1.558332234621048 1.177686646580696 1.064872920513153 1.154480114579201 0.09252887219190598 0 0 0 0.09744484722614288 0 0 0 47.58810836821795 34.81692274659872 33.35587923973799 648.7976173684001 60.47928360104561 847.5451887696981 206.574650593102 746.7151070013642 98.19314369559288 17.74699803441763 152.1507463753223 26.21928810328245 0.9837182909250259 18.07393264770508 3.118924997746944 38.45998195558786 3.999765738844872 0.333394855260849 3.491568021476269 4.847544759511948 0
11.10017377138138 103.5869951397181 0 110.4351466298103 24.71874285489321 0 115.4364196285605 0.796107605099678 16.19105680286884 531.5466179326177 4.25368295609951 81.70405605435371 137.4298397004604 53.45870696008205 0.2971371412277222 0.1850723326206207 0 0 0 0 0 0 0 0 0 0 0 0 0 0 0.1600593626499176 0 7.009450122714043 0 0 0 18.85039694607258 0.3523419201374054 7.823207728564739 0.6766535341739655 0 0 0 0 0 0 0.737195111811161 0.1976883858442307 0 0 0 1.487855061888695 1.212197870016098 0 0 0 33.00798729807138 0.8515453040599823 0.2310957759618759 0.6741033717989922 0 1.76444174349308 0 0 0.1095323488116264 0 0 0 0 0 167.8574052676558 77.55901332199574 0.8169814795255661 0.08751878142356873 0 0.390786238014698 0.2153284102678299 0.2008692622184753 0 1.900188967585564 0 0.2597949355840683 0.1932858750224113 0 0 0 0 1.79616679251194 0 1.870606638491154 0 0.274755597114563 0 0 0.2048196196556091 217.2231887429953 30.4297700971365 1.444343358278275 23.90120477229357 126.4965284466743 0 0 0 0 0 0.4445026814937592 0.2304110676050186 0.5197445303201675 1.958457544445992 0.3545197695493698 0 0.4452030211687088 1.481533378362656 0.5106562227010727 0.2456643655896187 0 0 0 0 0 0 0 0 0 0 0 0 0 0 0 0 0 0 0 0 0 0 0 0 0.7377423942089081 0.6136034727096558 1.039273522794247 1.553565755486488 0.205608993768692 0 0 0 0 0.7059628963470459 0 0 0 0 0 0 0 0.474561870098114 0 0 0 0 0 0 0 0 0.7055499851703644 0.1382735371589661 0 0 0 0 0 0 0 0 0.2461659163236618 3.598375000059605 1.14101454615593 0 0 0 0 0 0 0 0 0 0 0 0 0 0 0 0 0 0 0 0.9798407256603241 0.6633017659187317 2.06210420280695 1.465393126010895 0.2440448701381683 3.063422076404095 0.6199951097369194 14.11977425962687 0.7768339216709137 0.1434393376111984 0.1339243948459625 0.3283284902572632 0 0.3085509091615677 0.1855812221765518 0.7089428752660751 0 0 0.2376244217157364 0 0
844.9078907445073 1497.832147687674 56.29514842480421 1738.248088464141 4918.751426137984 115.4364196285605 0 28.75949232280254 2191.769765809178 3272.398197218776 203.955556422472 350.8106467723846 5051.683879226446 587.8306623250246 38.12594024091959 10.91536936163902 0.1698692291975021 0 0 0.2191498950123787 0.7074331194162369 0 0.1071581542491913 0 0.2839588671922684 0.09945902973413467 0.1764964759349823 0.523382693529129 0.8926948979496956 0 95.14447741955519 12.60822877287865 21.08572409301996 0 0 0 49.89833483099937 8.794498182833195 12.57486926019192 0.6787995472550392 1.173113539814949 0.7137697413563728 0.3999048322439194 3.04372401535511 0 0.3306321278214455 248.5484587699175 11.034658677876 0.3545666560530663 0.4577615782618523 1.001938477158546 0 0 0.0941978245973587 12.25804000347853 9.534440785646439 68.16354991495609 99.25161105394363 40.43900783360004 90.37608849257231 0.807194210588932 8.691223487257957 0.2192601710557938 23.76680939644575 7.315425265580416 5.632198393344879 3.043973326683044 4.361041508615017 2.107737131416798 1.829555079340935 46.98544213920832 49.95577885955572 0.1912858635187149 164.8677688613534 59.7996869161725 63.33369519561529 55.1701779961586 8.224203802645206 5.825515940785408 33.25827788561583 2.029072962701321 12.45292311906815 61.45867889374495 1.198263056576252 7.970583014190197 5.441414438188076 5.369291990995407 0.1574885845184326 2.096316605806351 0.1585514396429062 0.83122818171978 0.2000886499881744 1.548596791923046 0.09124380350112915 0.8176274746656418 496.9757373929024 2.588236622512341 0 10.98657675087452 298.508267685771 0.6472628563642502 7.915730223059654 4.712601363658905 2.861105486750603 1.704062432050705 91.4193341806531 18.01415916532278 21.84828616678715 213.5812275707722 40.92477583885193 18.14063037931919 145.3080314919353 109.9828030392528 142.4151813164353 40.32484149932861 1.641651719808578 2.085838586091995 0 0.9648963510990143 0 0 0 0 0.1165016889572144 0 0 0 1.01829993724823 0 0.5164340734481812 0.1607648432254791 1.291888773441315 0.9372750818729401 0 3.79268292337656 4.194376766681671 0 1.751996353268623 0.4385573714971542 49.8799915984273 3.394718900322914 82.61871280521154 20.04040323197842 5.64481346309185 0 0 0.4770849794149399 0.1654316484928131 1.885989770293236 1.003627687692642 0 3.300554066896439 11.41597054898739 0.1583941876888275 0 0 3.454457938671112 0.1531675010919571 0.4034651070833206 1.327736288309097 0 0.4456789195537567 0.7809212803840637 0.9924076944589615 7.663763821125031 9.379335567355156 18.83193979412317 1.725543156266212 1.455960750579834 0.2971496880054474 0 0.09818930923938751 0.1224185228347778 0.1377169191837311 0.09409943222999573 0.3054991364479065 221.4317571818829 6.222903542220592 0 0 0 6.236287370324135 13.30668422579765 8.025550082325935 1.759286776185036 2.484743744134903 2.614783145487309 0.2434491366147995 1.728696659207344 0.3191321343183517 0 0 0 0.0923638790845871 0.2399383783340454 0 0 72.60526575893164 40.87686698883772 49.38111020624638 600.354846842587 47.17853202670813 778.2424257323146 163.3429009392858 1114.090591393411 78.45995484292507 11.28479242324829 123.344459682703 37.7840606123209 0.9268538504838943 27.10179030895233 2.846278935670853 63.73574610054493 2.822439022362232 0.5024473369121552 7.972903721034527 4.476792499423027 0
65.92261714488268 437.1933430582285 1668.139152429998 2.148727774620056 1382.671879686415 0.796107605099678 28.75949232280254 0 539.9038171395659 9.917795553803444 2658.069405145943 4.722273081541061 30.14961416274309 94.08334177732468 61.06622069329023 48.73756366968155 10.79491030424833 10.89705579727888 1.385054804384708 27.18869452923536 19.35957809537649 0.1238068416714668 0.8273617252707481 0 6.261176116764545 0.9094042629003525 1.126994848251343 5.484694950282574 0.9373381733894348 0.1600358933210373 800.9665580615401 747.4627987071872 46.0437930226326 0.8729959428310394 2.591963097453117 5.386970929801464 57.98741356283426 28.06048683822155 13.65993091464043 4.200092501938343 12.31890108436346 13.6996580734849 31.71210095286369 21.02199923992157 1.990095712244511 17.65383670479059 160.9517814442515 28.41480656713247 17.72819551825523 39.83263301104307 5.493897028267384 0 0 8.180348463356495 4.367110908031464 2.364704497158527 50.46790596842766 177.343248590827 19.28955471515656 52.53748843073845 82.13016054034233 50.33374648541212 5.59325885027647 162.0693041160703 2.72488459944725 8.376170329749584 3.242536149919033 34.71247687190771 45.1384801492095 47.01256427913904 10.01693516969681 5.856494151055813 0 96.28011287003756 62.14685977995396 63.73428905755281 113.5667107701302 49.15728630870581 1619.754648141563 1982.724242314696 268.1749304383993 1323.364829815924 23.70736370235682 0.6487006694078445 4.018321268260479 2.46716083586216 30.36208725720644 0.08279932290315628 0.8736415877938271 0.4318741485476494 0.5879520401358604 0.7659662961959839 25.44743794947863 2.397874854505062 3.907018318772316 14.56248657405376 0.204818919301033 0 1.755943700671196 73.55225793272257 0 0.1757792234420776 0 0 0.1388309746980667 2.060216002166271 0.1987009346485138 0.1447837799787521 0.4918102473020554 0.680266797542572 0.9591148421168327 4.272976659238338 2.135560750961304 4.880877666175365 1.470053926110268 0.1615429818630219 0 0 0 0 0 0 0 0 0 0.3715962246060371 0 0.1727149188518524 0 0 0.1119192913174629 0 0.671278327703476 0 0.1410676091909409 0.150197759270668 0 0.2211989015340805 0 2.853154979646206 0 3.194145478308201 0.8811166435480118 0.4339037090539932 0 0.7447642087936401 0 0 0.1607233583927155 0 0 0.1483917087316513 0.136015921831131 0 0.2399284690618515 0.1307206749916077 0 0.9434418380260468 0 0 0 0 0 0 0.2829459980130196 0 0.5664043426513672 0 0 0 0.1490482538938522 0.1073125675320625 0.1189395487308502 0.6995121836662292 0.4103574454784393 0.3660463318228722 8.586790189146996 1.114654362201691 0 0.2425698414444923 0.5679162591695786 0.1774266213178635 0.2121737003326416 0.1367458701133728 0.2472614720463753 0.12466961145401 0.1646988242864609 0.325951486825943 0 0.1071564704179764 0 0 0.09082426130771637 0.2065877318382263 0.4867368191480637 0 0 1.799400888383389 1.926013447344303 4.194428503513336 240.0614235028625 22.47675885260105 403.4721712470055 86.55741055309772 80.39171066880226 26.3850284293294 4.209529273211956 73.73139183968306 4.25561697781086 0.1207757890224457 1.138781994581223 0.143952265381813 2.635220751166344 0 0 0 5.126074530184269 0
227.3205704391003 4033.189917460084 345.0938207358122 73.39256367087364 5732.80409103632 16.19105680286884 2191.769765809178 539.9038171395659 0 201.2501754909754 2536.111633598804 139.3784835189581 3624.648036725819 4065.776497274637 45.21701108664274 34.48890040069818 2.206310153007507 0.5458672046661377 0 0.9561695083975792 1.364098347723484 0.2408657968044281 0.09877864271402359 0 1.996954344213009 0.3654129952192307 0.4429294019937515 0.7748255804181099 0.2794682458043098 0 186.315338820219 51.12800334393978 204.1896791532636 0 0.3787311241030693 1.400368221104145 123.400480620563 30.3943103402853 27.90136981010437 7.940220057964325 1.981106318533421 1.829160831868649 1.070307560265064 10.61190558224916 0 0.8463425263762474 138.4906862154603 5.096455231308937 0.7029549777507782 1.481716766953468 0.7664290815591812 0 0 1.244395337998867 3.679738186299801 2.891058780252934 29.15598991513252 69.56085356324911 15.60138753056526 35.75682818889618 0.6760775297880173 41.61261873692274 0.403750516474247 14.48970809578896 2.777549386024475 2.624161072075367 1.543607369065285 3.347693741321564 3.878371611237526 5.5914511308074 50.50760333240032 36.23455518484116 0.1387121975421906 61.89365126937628 23.25334905833006 35.98742304742336 37.49244464188814 16.47163655608892 86.51703985035419 607.51903039217 4.902821183204651 60.99294294416904 22.91410610824823 0.8997285142540932 3.924747541546822 2.587986156344414 3.06811947375536 0.0936661958694458 0.7969978079199791 0.08637131005525589 0.3759132027626038 0.2952804863452911 4.163604356348515 0.3530230224132538 0.9064247459173203 265.0394753590226 1.408161334693432 0 9.281134039163589 115.1305537596345 0.7071339786052704 3.800192877650261 3.420781023800373 1.576748684048653 1.717517301440239 26.15085859596729 9.056453049182892 13.65730150789022 12.79677761346102 22.29872284084558 15.55985197424889 92.26267594844103 64.50702195614576 96.16826774179935 26.50046610087156 0.492645651102066 1.135713972151279 0 0.1697278171777725 0 0 0 0 0 0.195198267698288 0 0 0 0 0.3509796559810638 0 0 0.2113062888383865 0 2.76946696639061 1.974400594830513 0.1710357964038849 1.306147873401642 0.5402425974607468 30.73426830768585 0.4966544359922409 50.88354239612818 12.52755749970675 3.265425369143486 0 0 0 0 1.701101765036583 0.7616037279367447 0 3.197839222848415 8.32565301656723 0 0.2676551938056946 0 0.6451623141765594 0.2466609701514244 0.1729809194803238 0.6463772729039192 0 0.3178219348192215 1.272270403802395 0.6404987871646881 3.559051431715488 2.716352343559265 12.6042515411973 0.7764566540718079 0.8597566038370132 0.3012395426630974 0 0 0 0 0.2866467833518982 0.3107557222247124 134.8481734767556 6.673035345971584 0 0.1192263290286064 0 4.326758898794651 7.131563976407051 8.36948050558567 2.195326313376427 1.89656537771225 1.503836289048195 0.8347507417201996 0 0.09719840437173843 0 0 0 0 0 0 0 41.84657583385706 32.91857215762138 26.09771235287189 471.8049214631319 22.58118270337582 447.5574352443218 123.6013140305877 233.0532517358661 45.80662896484137 8.777942843735218 119.0369306281209 21.9779436737299 0.1906308233737946 16.62724557518959 3.213865116238594 35.00247843563557 1.911574125289917 0 5.332318663597107 3.53945592045784 0.5709563791751862
766.4553863629699 522.0569904372096 3.233016297221184 1217.914071500301 807.6039723306894 531.5466179326177 3272.398197218776 9.917795553803444 201.2501754909754 0 44.26225762069225 2348.159426346421 5399.583053849638 1505.454580046237 3.38865902274847 1.369536027312279 0 0 0 0 0 0.4186829626560211 0 0 0 0 0 0.205147996544838 0 0 7.33405365049839 0.9924888461828232 34.01480450481176 0 0 0.1063183397054672 73.85151882469654 8.256980538368225 26.14226827770472 2.636552020907402 0 0 0 0.4502293318510056 0 0 23.88003718852997 1.224729098379612 0.2278590947389603 0.1080243960022926 0.2952992096543312 0.3093741983175278 1.413387313485146 0.1335414350032806 2.148452520370483 1.23372882604599 48.88795821368694 11.76119282841682 5.413987182080746 10.10807549953461 0.4050647616386414 17.89410404860973 0 3.632033988833427 0.7844942286610603 0.5136511251330376 0.1538915708661079 0.2357939332723618 0.2068617418408394 0 142.1326711922884 58.96788465976715 0.7484716773033142 21.74049786478281 5.928389877080917 8.425449587404728 4.426738560199738 0.8274156153202057 1.47905183583498 14.77476855367422 0.2479963004589081 4.065246224403381 6.086586639285088 0.2428472340106964 1.13030131906271 0.7100909575819969 0.4468892440199852 0.8669158965349197 0.3026865497231483 0.7400323748588562 0.1514721214771271 0.2824497073888779 0.1068515852093697 0 0.4458201229572296 760.4290025755763 21.81797558069229 3.195761397480965 21.9795196801424 637.3169661015272 0.507856011390686 5.601011402904987 4.311177507042885 45.20162029564381 1.114749953150749 68.50969585031271 48.08231388032436 18.52878847718239 93.48353265225887 124.8540594130754 18.51565638184547 154.9554053023458 127.4750937223434 126.6807857900858 33.91573286056519 1.045138314366341 0.6705531477928162 0 1.759455487132072 0 0 0 0 0 0 0 0.6968837976455688 0.1461056768894196 0.9887944310903549 0.4685696065425873 0 0.4405888319015503 0.3888828754425049 0 3.311572417616844 2.231070891022682 0.4334935247898102 1.127352356910706 1.845494449138641 37.59051178395748 2.566597521305084 60.96047613024712 16.92415438592434 8.786919429898262 0 0 0 0.3964486420154572 3.956994861364365 1.287542402744293 0 4.132854729890823 18.07772612571716 0.369097039103508 0 0 2.546803191304207 0.1528168320655823 0.1200270131230354 0.4546995013952255 0 0.2377921044826508 0.4355642646551132 1.095245614647865 6.452395439147949 11.82291978597641 16.05667391419411 1.683070808649063 1.769789211452007 1.031646691262722 0 0.1206680089235306 0 0 0 0.2868915498256683 165.9137781560421 11.6705918610096 0 0 0 6.03698556125164 6.089268922805786 7.048992350697517 2.847703821957111 1.762113496661186 1.259488739073277 0.139946311712265 0.6346947252750397 0.583000585436821 0.2628766745328903 0 0 0 0 0 0 65.52501424401999 27.61481340974569 34.68812921643257 420.8566690757871 4.374390311539173 65.78190986067057 12.70146130770445 1023.855701968074 5.96167117357254 2.749414704740047 11.27619908004999 30.92145707458258 0.5359006524085999 21.74798237532377 5.239426806569099 89.2474016174674 3.684223890304565 0.1179702430963516 11.53812497854233 0 0.3426621556282043
466.9239016920328 2928.208852261305 1460.211250275373 63.91326421499252 2252.563200064003 4.25368295609951 203.955556422472 2658.069405145943 2536.111633598804 44.26225762069225 0 88.42723450064659 760.7541733384132 4103.509961843491 80.31744640320539 75.9318173378706 5.166944071650505 0.8829395323991776 1.202132701873779 2.545999690890312 3.401119567453861 0 0.374287448823452 0.08544403314590454 8.457279667258263 0.4337447807192802 0.662430465221405 1.665301978588104 0.5275212377309799 0 548.0544870346785 252.9200981110334 724.8375433534384 0 1.965667344629765 4.499473907053471 564.555915042758 133.2710302099586 94.23355822265148 19.37612096965313 5.662136726081371 7.288208246231079 3.950321987271309 20.22483877837658 0.2324865758419037 2.106335669755936 155.6706350073218 7.910437658429146 2.343902081251144 7.045758478343487 2.24527857452631 0.09311850368976593 0.2285169214010239 1.902044907212257 5.583261296153069 4.397613249719143 49.60011515021324 142.6852280646563 23.0495822802186 51.6277287080884 2.349325396120548 230.3848043754697 3.673406481742859 36.25140393525362 3.919350884854794 3.490383300930262 1.205651320517063 9.967290073633194 10.57488449662924 12.53201461583376 91.02790058404207 27.41168009489775 0 105.0641225501895 43.14484530687332 52.54278559982777 62.48188078403473 25.88334316015244 503.1242223158479 1556.331511840224 15.46333537995815 257.3101978525519 27.17065703868866 0.9016081392765045 4.757728785276413 3.02074658870697 6.07802364975214 0.1809760928153992 1.342064332216978 0.0733441486954689 0.2519508674740791 0.2725013792514801 10.22160653024912 1.181288719177246 2.138441137969494 130.4763533249497 0.7561031579971313 0 12.15204236656427 240.6426398605108 0.5097562521696091 0.5205618590116501 1.276658587157726 0.2764913439750671 0.3332345485687256 8.021199613809586 2.132936641573906 3.678090259432793 3.580219149589539 6.937226712703705 7.039330497384071 27.15767957270145 21.12711118161678 45.70530095696449 8.224298670887947 0.3091651499271393 0 0 0.5445228964090347 0 0 0 0 0 0 0 0 0 0 0 0.6164980828762054 0.1397403180599213 0 0 0.7754890918731689 0.3094268143177032 0 0.1625719517469406 0 14.26075142621994 0.2658225893974304 23.97916257381439 3.62226278334856 1.885840944945812 0.2132443487644196 0.1548642516136169 0.1366560906171799 0 1.351717174053192 0.8303178399801254 0 0.6402614265680313 1.951364517211914 0 0 0 0.254475012421608 0.4644347503781319 0 0.1412787735462189 0 0 0.1713600605726242 0.2872826606035233 1.594499483704567 0.9176939874887466 4.548587143421173 0.1563482880592346 0.2867647409439087 0 0.08271940797567368 0.2626841217279434 0.3293440714478493 0 0 0.6432195901870728 62.13377542793751 4.315892919898033 0 0.1173791810870171 0.1441819369792938 1.675307989120483 2.172000244259834 4.157539300620556 0.7434644848108292 0.6873714253306389 0.3640438541769981 0 0 0.4783109426498413 0 0 0 0.1629866063594818 0.09797302633523941 0 0 15.10290922224522 11.48649688065052 12.88812547922134 410.1731872260571 29.85842008888721 471.6078750863671 119.76815187186 181.5221912637353 45.87885534763336 9.297497592866421 122.2243280634284 9.798214949667454 0 8.117614939808846 1.889988720417023 8.598826192319393 1.31688641756773 0 1.372463323175907 4.052587933838367 0.2045498192310333
146.3270427659154 68.54979958385229 3.997588917613029 282.7660422027111 111.3241859227419 81.70405605435371 350.8106467723846 4.722273081541061 139.3784835189581 2348.159426346421 88.42723450064659 0 3366.120255231857 714.8850426226854 5.523453630506992 4.08167403191328 0.3561027869582176 0 0 0 0.1510119885206223 0 0 0 0.3203626275062561 0 0 0 0 0 4.43563786149025 1.126060381531715 43.83846506476402 0 0 2.685961052775383 209.2331806942821 43.64160262048244 65.36185554414988 20.14704671502113 0.243184931576252 0.3617516607046127 0 0.6691956371068954 0 0 20.54448303580284 0.6549482122063637 0 0 0.3851240873336792 0 0 0.2525312304496765 1.331582084298134 0.862237736582756 10.02245189994574 8.914743468165398 3.578999564051628 7.600472994148731 0.1302981972694397 9.659995838999748 0 0.5859770327806473 0.546138122677803 0.2686171233654022 0 0.2264540195465088 0.1044480726122856 0 85.66665556281805 39.61717776954174 0 15.35471280664206 3.664320655167103 4.641430653631687 4.085637092590332 1.804481655359268 1.561428904533386 23.35860414803028 0.7423000335693359 1.975481256842613 5.684191204607487 0 0.66752078384161 0.331447646021843 0.3380835056304932 0.4508470967411995 0.07007720321416855 0 0 0 0.1988845616579056 0.1269392669200897 0 1638.271822892129 2.515322104096413 0 14.37514925003052 154.0643125623465 1.891907960176468 4.669722735881805 1.879035249352455 1.553566992282867 2.116808190941811 37.70807065814734 12.91159931570292 13.27076084911823 18.32640732079744 29.41412254422903 17.21546896547079 104.4529987648129 84.01498408615589 119.2570850178599 29.69824776798487 0.7230878621339798 0 0 0 0 0 0 0 0.4112425446510315 0 0 0 0.6457827091217041 0 0.7412784397602081 0 0.5386092066764832 0.2715524137020111 0 4.313984587788582 1.762791603803635 0.1634008586406708 1.324221834540367 0.8664744645357132 31.15627034008503 1.618995621800423 40.6641895249486 10.69255289435387 5.24403503537178 0 0 0 0.276317298412323 2.774393364787102 1.221718564629555 0 1.728978626430035 8.387051917612553 0 0 0 0.4320792704820633 0 0.3213311582803726 0.9447313025593758 0 0.4688535779714584 0.6176733300089836 0.4267041981220245 4.067700445652008 5.669028356671333 12.94811147451401 0.3311969488859177 1.423278942704201 0.4668791592121124 0.1917825490236282 0 0.2768575176596642 0 0 0 149.3460005000234 8.69798769056797 0 0 0 4.462615638971329 6.012218907475471 7.207804627716541 1.501401022076607 0.8679785877466202 1.501992851495743 0.2488130182027817 0.1214183941483498 0.7698906138539314 0 0 0 0 0 0 0 60.11792981624603 33.30628302693367 25.63246140629053 118.2005650624633 2.911998607218266 60.62637811154127 13.00796101242304 453.9548882842064 5.852603442966938 1.902293108403683 16.22477789223194 17.44972798973322 0.3721994161605835 17.86979085952044 2.231583632528782 45.82539718598127 1.368971660733223 0.2399822324514389 4.219757527112961 0.9857795983552933 0.2923850417137146
267.9102220758796 195.697733707726 30.00530205667019 681.079540297389 1778.950688913465 137.4298397004604 5051.683879226446 30.14961416274309 3624.648036725819 5399.583053849638 760.7541733384132 3366.120255231857 0 2307.6939977929 33.2767590880394 25.2262381836772 2.397861503064632 0.1188902854919434 0 0.2803588807582855 0.3849480226635933 0 0.4696874022483826 0 0.6787931397557259 0 0.1357874870300293 0 0 0 28.04481270909309 8.988770961761475 626.8734379038215 0.418126106262207 0 4.339121654629707 1210.470678955317 146.915059030056 330.6415191665292 30.98641137033701 0.7950041964650154 1.116873793303967 0.5505579486489296 8.367229707539082 0 0.4425807744264603 72.07659243792295 2.297872826457024 0.798740565776825 0.361699752509594 0.1760125011205673 0.1607864648103714 0.9639083743095398 0.162157341837883 2.972601152956486 1.403201416134834 15.96074496209621 16.81055203825235 8.530091494321823 15.3378713876009 0.7168180644512177 37.99193641543388 0.254272423684597 5.928660288453102 1.129357524216175 1.307169482111931 0.5485047474503517 1.880919553339481 1.764848031103611 1.705692000687122 291.0916261002421 105.7426335439086 0.1305536031723022 32.69574394077063 9.422079563140869 17.43404590338469 17.45052772015333 9.609245792031288 7.093911290168762 134.108086116612 2.123149871826172 12.19922532886267 10.20657047629356 0.4560156315565109 1.383330911397934 1.134808778762817 2.058005355298519 0 0.3773223459720612 0.1502753347158432 0.1865033432841301 0.09273325651884079 1.097999006509781 0.3711281791329384 0.444742776453495 2166.48323366046 4.591293215751648 0 21.75519962608814 127.7265725284815 2.83642765134573 7.251252338290215 6.094841882586479 4.153459057211876 2.549582108855247 79.01906483620405 22.47723767906427 27.45918615907431 47.24894745647907 56.32744063436985 35.23632304370403 227.7737475410104 159.3902629613876 243.8685501590371 59.56207107007504 2.930239044129848 1.798130914568901 0.55918188393116 2.008789569139481 0 0 0 0 0.7875927090644836 0 0.5029211044311523 0 1.766761630773544 0.4973190426826477 0.5642841458320618 0 0.8646813631057739 0.6146018505096436 0 6.573108553886414 5.010406509041786 0 1.642348095774651 0.1446543186903 73.24368756264448 2.516017816960812 113.6717693060637 18.39285990595818 6.168276228010654 0.1706908792257309 0 0 0.1858763098716736 3.706037536263466 0.8653962910175323 0 3.445338413119316 19.05183207988739 0.1773981600999832 0 0 1.226425752043724 0 0.2361254394054413 0.9652957692742348 0 0.7885904163122177 1.289886005222797 1.029845148324966 7.47516243159771 9.029346540570259 26.32442726194859 1.281854063272476 2.005744740366936 0.5946863889694214 0 0.2216905802488327 0.2687506824731827 0 0.3825943768024445 0 323.3188734129071 15.85204370319843 0 0 0 12.72743029147387 14.32734799385071 15.68959406763315 4.153505384922028 2.919026106595993 2.277451120316982 0.2206601724028587 0.440997838973999 0.5583592429757118 0.1055217012763023 0 0 0 0 0 0 102.3379912897944 72.81621350347996 69.7036996409297 335.7390312850475 15.6331035271287 264.7258733212948 74.95740757882595 452.623193629086 21.92127455025911 5.836089074611664 70.36546465009451 35.18173830956221 0.9687290862202644 30.85464685410261 5.334295980632305 78.74368722736835 5.904140047729015 0.4731807634234428 6.984860323369503 1.839706644415855 0.6378218829631805
