0 3116.870023854077 491.5916838645935 1202.057289645076 91.39154697954655 259.25570499897 2823.218641556799 22.17337936162949 69.61512905359268 863.9451864808798 28.63947306573391 106.9488768577576 616.8256761580706 11.16868333518505 0.636692613363266 0.4601467847824097 0.1831043511629105 0 0 0.2699931263923645 0.1807197034358978 0 0 0 0.09888903051614761 0 0 0 0 0 486.0164074450731 7.413216359913349 1.137608274817467 0 0 0.6779719740152359 4.049139276146889 0 0 0 0 0.1718544661998749 0 0.202494204044342 0 0 21.01674047857523 5.615929417312145 0 0 0.3851784691214561 0.5928689986467361 0 0 1.222014181315899 2.629220433533192 722.6855497732759 1898.180019721389 64.24747114628553 9.854049876332283 0.5368319153785706 0.4223531931638718 0 12.7190202921629 5.138013236224651 3.269473612308502 2.032307058572769 1.462794378399849 0.2947169840335846 0.5084488093852997 34.70642897486687 12.43163019418716 0.5368784666061401 281.3709117844701 42.98020528256893 21.08471782505512 2.367601804435253 1.640512198209763 2.56462462246418 25.32722914218903 0.725520133972168 4.982829354703426 28.07466267049313 0.4488291889429092 6.667976506054401 4.864376939833164 1.068224593997002 0 1.071307852864265 1.361175142228603 0.6572947278618813 0.3057287782430649 1.306869506835938 0.1936393529176712 0 97.22168225049973 23.1605588644743 0.3544650673866272 1.676538616418839 1629.601389199495 0 0 7.783803820610046 3.899298250675201 2.338277459144592 19.24537761509418 0.1577620506286621 15.78630203008652 9.970506608486176 7.341906815767288 1.958866477012634 31.02191431820393 4.434506192803383 14.98313583433628 5.912750273942947 0 0 0 0 0 0 0 0 0 0 0 0 0 0 0 0 0.2097190320491791 0 0 0.2988972067832947 0 0 0 0 0 0 0 0.3485000133514404 0 0 0 0 0 0 0 0 0.10875204205513 0 0 0 0 0.2294644862413406 0 0 0 0 0 0 0 2.150822728872299 0 1.588760375976562 0 0 0 0 0 0 0 0 0.2342161387205124 0.7985755801200867 1.39618507027626 0 0 0 8.756735801696777 0 0.3850003033876419 0.1510533690452576 0 0 0 0 0 0.08589491248130798 0 0 0 0.1813363432884216 0 0 3.229662358760834 0 1.117492139339447 33.889294706285 6.351730711758137 125.8621951192617 67.81766743212938 2386.659663014114 79.14090246707201 4.394373558461666 2.492433898150921 1.130907811224461 0.2242997586727142 2.185307070612907 1.55706263333559 0.1937854439020157 0 0.2199158817529678 0.4628021046519279 0.2372184246778488 0
3116.870023854077 0 1030.063229426742 167.69560110569 2331.769845813513 682.7778388783336 3498.993252716959 230.9390287026763 716.8501780927181 206.1093385517597 1894.468977063894 43.19299274682999 892.9520206898451 1086.008967205882 22.44165440648794 3.333197973668575 1.830781243741512 0.3660371005535126 0.1634238809347153 0.624895304441452 1.194748356938362 0 0 0 1.112661860883236 0.3951229229569435 0.1658763885498047 0.5017949342727661 0.3312207013368607 0 4725.035697519779 141.3473225906491 9.797198824584484 0.1273494809865952 1.527131393551826 1.285472966730595 6.060112774372101 1.183949515223503 2.115569069981575 0.4473132342100143 0.7931811213493347 1.69003838300705 0 2.092038825154305 0.1318362206220627 0.7004774659872055 270.5967280417681 27.01279336214066 0.1160325929522514 0.9097976014018059 1.685804598033428 0.5554930046200752 0.09558337926864624 0.6927616521716118 2.748537056148052 12.62185398489237 272.0331954658031 1484.305479161441 59.3117003813386 78.33811508864164 0.8871504366397858 3.934648543596268 0 183.0687391161919 18.23004359006882 13.71789080649614 10.25697355717421 8.819787003099918 0.7970327660441399 3.756057515740395 25.34565363079309 6.665749289095402 0 414.3405420333147 262.840379178524 248.8012662008405 117.6009359359741 22.64542837440968 20.39816764742136 667.0213496610522 3.272605374455452 27.39505619555712 88.01642344892025 0.8315467536449432 23.71307138353586 19.21373691409826 6.218443147838116 0.09504492580890656 5.257919952273369 0.2100056037306786 2.365188486874104 0.4763865396380424 5.222933642566204 1.834870271384716 0.4290819391608238 187.4702061638236 6.57990687340498 0 4.050383023917675 937.4844341129065 0.6465545892715454 0.6852795481681824 19.81723310053349 7.324554666876793 6.433749973773956 53.53947027027607 0.6419080197811127 76.48826275765896 28.73584491014481 22.32889865338802 4.899359554052353 109.189960449934 26.55534243583679 41.01249314844608 14.75617309659719 0.1975830644369125 0 0 0 0 0 0 0 0 0 0 0 0 0.1445113271474838 0 0 0 0 0 1.767396345734596 1.746468558907509 0 0 0 5.052248612046242 0 3.241322599351406 0.6332712695002556 0.1451878249645233 0 0 0 0.221675381064415 0.1640441864728928 0.1316049993038177 0 0 0.8926642090082169 0 0 0 0 0 0 0 0 0 0 0 0.4029296040534973 0 11.03393452614546 0 0 0.1723439246416092 0 0.1022699028253555 0.09811590611934662 0.1109891533851624 0 0.1204652711749077 12.75455839931965 0.7308214753866196 0 0 0 22.04637872427702 0.2938430905342102 2.510914012789726 0.9154421389102936 0.7550468444824219 0.5303698480129242 0 1.010914742946625 0.6385790184140205 0 0.2331593409180641 0 0.3144219219684601 0 0 0 5.566596195101738 1.704176440834999 2.647870913147926 363.6875315159559 44.32503467798233 527.2498543858528 150.3444949537516 2087.512267552316 75.18525236099958 8.348745413124561 36.37870732694864 14.02824241667986 1.385613448917866 7.576006762683392 5.281713835895061 4.315791398286819 0.2860099300742149 0.4623930975794792 0.6025502681732178 2.635792195796967 0
491.5916838645935 1030.063229426742 0 6.14652718603611 598.9977296218276 31.67103460431099 286.1810895353556 1375.972514621913 288.0144883543253 7.197114549577236 3043.728660643101 23.44918958842754 187.4867547750473 733.0677658393979 54.0739229619503 20.07706329971552 2.943243615329266 0.7619907706975937 0 5.088548451662064 8.817498996853828 0 1.009757980704308 0.7089208364486694 2.963453345000744 1.17547557502985 0.8006545752286911 1.183380529284477 0.3911888748407364 0.08113137632608414 3462.146716460586 1306.874571748078 23.76137188822031 1.672998636960983 5.955909088253975 4.361167907714844 4.828191958367825 4.136878989636898 2.797849901020527 1.39983157813549 7.266103431582451 4.969333253800869 0.6387639492750168 11.30658076703548 0.4177025258541107 1.713109225034714 259.7900664806366 15.93504209071398 1.374226436018944 2.169665090739727 3.416697822511196 1.360564321279526 0 0.665585495531559 2.014080330729485 6.722649417817593 113.9089880809188 686.6810759827495 28.91005996614695 59.42795764654875 7.180629014968872 20.05159673094749 0.5559350997209549 273.4617795795202 10.01778333634138 9.843900613486767 5.881517224013805 15.85102783888578 5.111706405878067 32.78210455179214 23.67294275760651 11.25948147475719 0 225.333438128233 190.5282260477543 219.2695901021361 162.2165358290076 82.63511854410172 279.8723724111915 2571.99580091238 18.80213119834661 445.2544073015451 46.20879009366035 0.5459698513150215 14.08419987559319 10.472889713943 9.852919675409794 0.1449963301420212 4.774973884224892 0 1.731539480388165 1.085985250771046 61.77900535613298 7.014252595603466 1.98363134264946 17.32914027571678 8.600552946329117 0.3041194081306458 2.994107775390148 225.38750077039 0.113762803375721 0 1.890452638268471 0 1.069876998662949 6.556979477405548 0 6.448179200291634 3.604853704571724 0.9183577001094818 2.089723527431488 13.50488714873791 1.809748440980911 7.167818695306778 9.791364140808582 0.4330592229962349 0 0 0 0 0 0 0 0 0 0.2019016891717911 0 0 0.1679530739784241 0 0.145531490445137 0.1274172812700272 0.5323824882507324 0.1607279926538467 1.165525704622269 0.1163030788302422 0 0.5845682919025421 0 4.304597914218903 0.2167985886335373 6.904534205794334 2.990375958383083 0 0.1284393817186356 0 0 0 0.5630191564559937 0.3741756826639175 0 0.5226392522454262 0.3948497921228409 0 0 0 0.1738669127225876 0.7437148094177246 0 0 0 0 0.09777374565601349 0 1.808923408389091 0.6398451030254364 14.41836431622505 0 0 0.2524561882019043 0 0 0 0 0 0.3220648169517517 9.666712060570717 1.095714539289474 0 0 0.2863034158945084 7.550859227776527 0.3097679316997528 1.211191281676292 1.211219251155853 0 1.078636154532433 0.2434403151273727 0 0.2105052620172501 0 0.1849891692399979 0 0.2696369588375092 0 0.5404621213674545 0 0.7981552481651306 3.376174479722977 6.119879677891731 309.0002082139254 34.29235740751028 398.5783976837993 121.6128688156605 199.2442156821489 50.188531935215 4.346149578690529 46.43910590559244 14.221645437181 0.743038147687912 5.680131293833256 3.460024043917656 3.64452950656414 0.1257960051298141 1.607447549700737 3.288881540298462 3.971835352480412 0
1202.057289645076 167.69560110569 6.14652718603611 0 4.341836549341679 481.0658957958221 691.4750566929579 0 104.5217505097389 380.9133025556803 1.033960729837418 203.766142308712 1337.84011785686 7.034629598259926 0 0 0 0 0 0 0 0 0 0 0 0 0 0.4333975911140442 0 0 13.35501094907522 0.1628672629594803 0 0 0 0 0 0 0 0 0 0 0 0 0 0 3.37056977301836 0.8051009923219681 0 0 0 0 0 0 0.2541848495602608 0.0908600240945816 19.34639427065849 48.27918220311403 2.223924361169338 0.9954341202974319 0 0 0 1.009551763534546 0.7812700420618057 0.8170551210641861 0 0.1037546172738075 0 0 63.62283533811569 0.251889169216156 0 14.33455562591553 5.36741080135107 4.008680105209351 0.5175272524356842 0.6010244935750961 0 1.104960173368454 0 0.09638794511556625 3.31565584987402 0 0.3235406875610352 0.3206974640488625 0.2895931005477905 0 0 0 0.1084052994847298 0 0 0 0 172.0450066179037 6.383317887783051 0 0 167.0029579848051 0.3364084661006927 0 8.722641885280609 2.590527549386024 1.705514281988144 32.18576353788376 0.2304024547338486 26.58743722736835 5.440735295414925 5.193648532032967 4.934455335140228 26.96519373357296 4.819319188594818 10.95700544118881 1.682210132479668 0 0 0 0 0 0 0 0 0 0 0 0 0 0 0 0 0 0 0 0.5175047367811203 0 0 0 0 0.1902963221073151 0 0 0.2212120741605759 0 0 0 0 0 0 0 0 0 0 0 0 0 0 0 0 0 0 0 0 0 0 0 2.185185298323631 0 0 0 0 0 0 0 0 0 0 0 0 0 0 3.498342335224152 0 0 0.1203760653734207 1.3729567527771 0.475711315870285 0 0 0.2256651967763901 0 0 0 0 0 0 0 2.790688276290894 0.2170969694852829 0 8.700412333011627 0.3108852282166481 14.76088432222605 4.527048423886299 517.1364251226187 5.016517445445061 0.1168919205665588 0.9224448576569557 0.8074663430452347 0 0.5468923449516296 0.5326975435018539 0.7280871272087097 0 0 0 0 0
91.39154697954655 2331.769845813513 598.9977296218276 4.341836549341679 0 32.55347648262978 6674.480551175773 219.7193639501929 3348.11668009311 35.57428531348705 2680.989478580654 14.16184067726135 887.896384768188 1576.583264224231 14.09704376757145 0.8756212368607521 0.3104068785905838 0.1866905093193054 0 0 0.1245006546378136 0 0 0 0.2294084280729294 0 0 0.6249551475048065 0.8965019881725311 0 146.8753631934524 87.12632081657648 3.04373437166214 0 0.1477436274290085 0 8.360883295536041 0.1106991618871689 1.993143312633038 0.4557483196258545 0 0.5964039489626884 0 0.4482309520244598 0 0.1310990750789642 168.8103478625417 10.48980341106653 0 0 0.7224227339029312 0.6624238342046738 0 0.1912863999605179 2.037869147956371 3.749211736023426 16.96875883638859 60.63015834242105 10.51837050169706 36.72483030706644 0.1156252399086952 1.237842053174973 0.2229720801115036 69.62112058699131 6.271566614508629 4.833697646856308 3.255551964044571 3.241913482546806 0.4178825169801712 0.1536205559968948 147.0590416565537 15.70464557409286 0.436712771654129 77.10738006979227 72.8310210481286 111.2811368703842 64.08363551646471 7.103283859789371 1.971630237996578 31.00348953902721 0.4436408802866936 3.184200040996075 20.87253171205521 0.3502204641699791 7.792579658329487 6.351687237620354 1.545228630304337 0.2104224637150764 1.902712911367416 0.190223217010498 0.9289304688572884 1.223478451371193 0.7298605144023895 0.932372011244297 0.8419663831591606 102.9500091001391 34.78038397431374 0.4755649864673615 2.545405343174934 17.77476241439581 0.4354914724826813 0.3823626190423965 13.29458034038544 3.574425563216209 10.41313923895359 55.70977529883385 1.215407699346542 80.43860290944576 8.235729992389679 14.65966403484344 13.29342829436064 120.1725494861603 39.7709892988205 52.32752145826817 70.81996424496174 0 0.1366165578365326 0 0 0 0 0 0 0 0 0 0 0 0 0 0 0 0 0 4.53349632024765 2.184709951281548 0 0 0 11.7232273966074 0 9.459588900208473 0.137497141957283 0.3972605466842651 0 0 0 0 0.1246175542473793 0.2637218981981277 0 0.5339615941047668 3.955373093485832 0.1280359178781509 0.2498867213726044 0 0.1315278708934784 0 0 0 0.3579981625080109 1.199113726615906 0.526730477809906 0 0 0.4506547749042511 61.6737924516201 0.5638327598571777 0.6065708994865417 0.215229220688343 0.4957336187362671 0.1041902527213097 0 0 0 0 37.59487923979759 0.5558286309242249 0 0.1131435185670853 0.1475926786661148 78.67475252598524 3.464248478412628 15.52467557787895 3.956233590841293 1.719585403800011 4.296202212572098 0.3508046269416809 0.7395129948854446 0.4371064305305481 2.844511806964874 0 0 0.2114388793706894 0.1036469042301178 0 0 10.23305221647024 4.794744566082954 6.963185176253319 282.9178468585014 26.36904690414667 259.1377968043089 82.21514371037483 99.21113337576389 30.62812758982182 4.03960532695055 28.07382994890213 22.18958079814911 0.855680026113987 22.57822625339031 4.594776079058647 7.555723652243614 1.386046059429646 0.739038310945034 3.055290088057518 2.177955716848373 0
259.25570499897 682.7778388783336 31.67103460431099 481.0658957958221 32.55347648262978 0 826.2324567586184 1.958806097507477 137.9268781095743 706.7051305100322 22.20875790715218 244.6767839342356 517.0956645458937 77.33449245989323 0.1911803483963013 0 0 0 0 0 0 3.086313501000404 0 0 0 0 0 0 0.1987517476081848 0 16.43524371087551 0 17.10343632102013 0 0 0 22.97858036309481 0.1395419985055923 1.613643884658813 0 0 0 0 0 0 0 1.869877584278584 0.2631205469369888 0 0 0 9.718577906489372 4.573015630245209 0 0.2898277342319489 0.3278024047613144 214.8481049537659 113.2229466885328 3.519686006009579 0.6631482616066933 0 0 0 1.001062601804733 0.3413248211145401 0.3747001737356186 0.3237912282347679 0.1098597496747971 0 0 175.7139694392681 403.9235753118992 10.13948954641819 10.13857857882977 3.547908276319504 2.440306670963764 0.2802486345171928 0.7189328968524933 0 32.10527409613132 0.1338831782341003 0 2.431701503694057 3.617377951741219 0.8306129947304726 0.5239468216896057 0.1158000379800797 5.595664069056511 0.4733864292502403 15.1497315466404 0 0 0 0 0 329.7319093793631 262.5670804679394 9.449264228343964 9.045301526784897 702.8385299891233 0 0 1.324332147836685 0.4145552515983582 0.5035977363586426 2.981964886188507 0 3.413492858409882 0 0.3042677938938141 0.6228695958852768 4.729357272386551 1.693765208125114 2.286469176411629 2.745736762881279 0 0 0 0 0 0 0 0 0 0 0 0 0 0 0 0 0.5076809525489807 0 0 2.212244987487793 0.1461960971355438 0 0 0 4.629038125276566 0 4.262695670127869 1.924872696399689 0 0 0 0 0 0 0 0 0.1186062544584274 0.7171581089496613 0.1521463394165039 0 0 0.2234979420900345 0 0 0 0 0 0 0 0 0 5.326596364378929 0 0 0 0 0 0 0 0 0 2.282145977020264 6.729573607444763 0 0 0 1.296662330627441 0 2.068699881434441 0 0 0 0 0 0 0 0 0 0 0 0 0 3.721959143877029 3.282008558511734 4.478244140744209 12.73179849237204 0 10.10416476428509 3.563248045742512 316.5389801710844 3.180403739213943 0.1498522162437439 0.7305053025484085 3.033750370144844 0.6432653069496155 0.7539322674274445 1.303428769111633 0.8912061452865601 0 0 0.289273589849472 0.2247565686702728 0
2823.218641556799 3498.993252716959 286.1810895353556 691.4750566929579 6674.480551175773 826.2324567586184 0 81.063736140728 3096.544471181929 2174.333741888404 1168.150312080979 232.779797770083 12552.53986149281 1725.2890554443 37.30012995004654 1.185449689626694 0.2512572705745697 0.1736225932836533 0 0.2937506511807442 0.4664626270532608 0 0 0 0.386768713593483 1.367272473871708 0.1491846144199371 2.027159370481968 0.7651400417089462 0 358.0991999432445 153.5402815565467 8.446864664554596 0 0 0 23.35021524131298 2.063346721231937 1.627860270440578 0.8821854740381241 0.188681572675705 0.7597851306200027 0 0.7836297824978828 0 0 406.9068077728152 24.94530966877937 0.4513876512646675 0 2.796154260635376 0.4080714732408524 0 0.6271211057901382 3.207818143069744 12.93589659035206 86.78998872637749 284.4840077161789 38.62283663451672 103.1512144058943 0.2425316870212555 4.260696463286877 0 177.3204773589969 18.25122229009867 15.26636377722025 11.37851305305958 11.71163924783468 1.065240636467934 1.119097962975502 376.7763174921274 38.29561941325665 0 281.9247549399734 201.1768513247371 322.9346742555499 163.3103798627853 13.92350327968597 2.363888576626778 27.68823795765638 1.762754268944263 5.328309610486031 67.33317151665688 1.186124473810196 24.51485554873943 18.88398480787873 7.212061867117882 0 6.973778821527958 0.3491131514310837 3.208120793104172 2.754240334033966 1.053529612720013 0.9534305781126022 2.119064763188362 1742.113939508796 73.53132677078247 0 6.676175840198994 242.7183023095131 2.153243705630302 2.183422029018402 69.96478648483753 34.15086761116982 40.65597222745419 247.0532533079386 10.45861582458019 382.0777661204338 88.50297018885612 95.66430409252644 61.4779300391674 675.9295238703489 174.8587927818298 269.0040567368269 236.632338270545 0.6809317767620087 0.3186619132757187 0.2048113346099854 0 0 0 0 0 0 0 0 0 0 0 0 0 0 0 0 9.861799404025078 14.65239505469799 0 0 0 24.8477596193552 0 23.15372228622437 1.28155654668808 0.3209750950336456 0.2497992962598801 0.1831649988889694 0 0 0.1878556907176971 0.4335238635540009 0 0.3811333775520325 5.022842928767204 1.232306376099586 0 0 0.1569745689630508 0.2949604988098145 0.2051128000020981 0 0.4561956897377968 1.553885132074356 0.5403360724449158 0 0.3379004895687103 1.067678391933441 169.6937639638782 0.4333260506391525 0.7809088081121445 0.7527475208044052 0.220117375254631 0.09306567907333374 0 0 0 0.4333851188421249 103.694877885282 2.397542983293533 0 0.6865435838699341 0.1562764346599579 245.3038015961647 2.817235574126244 26.49812866747379 4.828240253031254 2.393405824899673 5.372523456811905 1.174069717526436 1.091886647045612 0.9399163424968719 0.1078588217496872 0.1982640400528908 0 0.7923538312315941 0 0 0 64.23426274955273 19.77438946068287 13.52317327260971 662.0727591514587 83.9064075127244 663.8463114500046 213.2541322261095 1129.692024111748 75.40272414684296 12.69286124408245 70.85116782039404 41.72882138937712 2.816925585269928 52.89351916313171 13.19423812627792 24.18916643410921 2.503092557191849 1.955824010074139 8.981395095586777 3.518591374158859 0
22.17337936162949 230.9390287026763 1375.972514621913 0 219.7193639501929 1.958806097507477 81.063736140728 0 217.4504803344607 0 2620.895894370973 14.94500030577183 143.0970730781555 361.4591475948691 89.24489719420671 31.79043340682983 8.192127831280231 6.312368869781494 0 58.66496959328651 50.3956325724721 0 3.578311383724213 0.9608063548803329 9.545068107545376 1.491688258945942 2.606457814574242 0.7568262442946434 0.5590513348579407 0.1402509212493896 442.5452115908265 1386.611886933446 32.47075578570366 5.352621451020241 26.29355482757092 11.65743811428547 6.795862793922424 7.793430663645267 5.99875894933939 5.039262004196644 23.19065863639116 24.32743073254824 4.404923781752586 20.3263873681426 1.847956523299217 3.71649556607008 288.8417919352651 25.24031496793032 4.611462101340294 26.76968914270401 6.492106817662716 2.059335812926292 0.3887631669640541 3.700600199401379 0.6831939294934273 2.446625009179115 20.64719323813915 92.95852870494127 8.985163629055023 36.43465680629015 52.61216914653778 32.10837163031101 3.687153443694115 242.629088409245 8.358433030545712 8.791482724249363 7.095296859741211 48.79912265390158 55.65922667086124 147.4388484507799 40.5437927544117 11.39831659942865 0 86.51389265060425 121.6857479140162 214.6664517745376 258.3910959586501 431.5033572912216 712.1096604093909 3177.450535774231 352.4801299273968 2564.19349386543 19.74818117171526 0.4710232317447662 7.688216619193554 5.96240422129631 33.82632973790169 0 2.473423399031162 0.3076246976852417 2.911997437477112 1.385982006788254 166.0098843947053 17.22135526686907 10.68859328329563 25.18819998204708 18.78074081242085 0 7.404637642204762 10.27069562673569 0 0 1.952357620000839 0.266404002904892 2.865628808736801 4.153870388865471 0 7.609083533287048 0.8376111835241318 0.7353388667106628 2.106474295258522 9.509772002696991 4.033624872565269 9.861686289310455 18.24141646921635 0.8294852674007416 0.1292805224657059 0 0 0 0 0 0 0 0 0 0 0 0 0.1389955133199692 0.5793346464633942 0.1470724195241928 0 0 0 2.74907723069191 0 0.6204871088266373 0 9.243841573596001 0.1953270882368088 12.45899126678705 5.119900956749916 0.288153737783432 0.5055930614471436 0.5539673119783401 0.4758895039558411 0.5522002726793289 0 1.491722866892815 0 0.3360304236412048 3.203074172139168 0 0.3881442546844482 0 0 0.9755140990018845 0.09134400635957718 0.4112261980772018 0.1104266047477722 0.1303974092006683 0.595314621925354 0 2.850906804203987 0.7755867540836334 21.72108852863312 0.2447594702243805 0.1844738125801086 0.7628207206726074 0 0.2534023076295853 0.1620858758687973 0.2184350937604904 0 1.678377956151962 11.0410632789135 1.625714853405952 0.3937356472015381 0 0.9839892387390137 16.02844943106174 0.5679201632738113 6.477557823061943 0.3772435784339905 0.9478871524333954 1.728221535682678 0 0 0.8901146352291107 0 0 0 0.40316391736269 0.4801955372095108 0 0.7473090142011642 0.7935281991958618 4.451924055814743 7.922742441296577 348.4992310106754 28.74086535722017 373.2596286088228 114.926987119019 40.33043202012777 36.26230389624834 2.686056852340698 66.9628935828805 20.54183099418879 0 14.04988786578178 4.778316594660282 8.413165494799614 0.9711407274007797 0.4652183726429939 1.866358444094658 3.595982000231743 0
69.61512905359268 716.8501780927181 288.0144883543253 104.5217505097389 3348.11668009311 137.9268781095743 3096.544471181929 217.4504803344607 0 831.6554248631001 3339.83599293977 118.2572316974401 4355.827255636454 3204.412241764367 36.45064028352499 2.499080322682858 0 0 0.1168385669589043 0.152455061674118 0.1270843595266342 0 0 0 0.1321014910936356 1.332882881164551 0 1.089517511427402 0.5966516733169556 0.1166454702615738 83.38845247775316 87.07050396502018 8.856111750006676 0.1554770469665527 0.1381894797086716 0.1158462911844254 22.4979499951005 1.256751701235771 0.4001951441168785 0.5500708520412445 0.2192658111453056 0.8689046427607536 0 1.993326365947723 0 0.08944693207740784 232.9796855151653 10.73187343776226 0 0.3298816606402397 0.820702351629734 0.1461707204580307 0 0.2663912996649742 1.098887883126736 3.796050027012825 21.87366768717766 41.0014423429966 8.95514752715826 37.15706166625023 0.2450884133577347 0.9769173711538315 0.09509062767028809 45.63138891756535 5.305824734270573 2.997933991253376 4.073203086853027 2.598493903875351 0.1181883290410042 1.96717880666256 344.9813574254513 63.0081413090229 0 68.64498542994261 54.83645344525576 137.8223093748093 117.6016765981913 28.96316886693239 1.633459627628326 37.42673631757498 1.54241718351841 3.540502160787582 23.29523707926273 0.651671476662159 7.88705662637949 5.399538330733776 2.048636257648468 0.3644918948411942 3.001840859651566 0.700906828045845 2.200010120868683 0.6247150748968124 1.594971433281898 0.6648691594600677 0.871473953127861 1114.892371013761 71.13106119632721 0 6.229766115546227 41.37347274273634 3.759126499295235 2.132749304175377 87.39486034214497 21.6348472237587 47.35413009673357 249.2799027189612 8.54976199567318 448.8592582866549 69.19196143746376 73.82247597724199 83.38492602109909 725.211942769587 208.3628051429987 372.0367925018072 336.9349559992552 0.432396836578846 1.013041995465755 0 0.1604800224304199 0 0 0 0 0 0 0 0 0 0 0 0.1178053244948387 0 0 0 10.75445910543203 15.83329375088215 0 0 0 46.13037382811308 0 21.52802486717701 2.178916059434414 0 0 0 0.2521997392177582 0 0 0.1268444359302521 0 2.657307617366314 13.43385041505098 1.055018566548824 0.1634102165699005 0.1686316728591919 0 0 0.1151989996433258 0.8146026432514191 0.7290763705968857 1.617242678999901 2.293515712022781 0 1.831062003970146 1.421501398086548 258.0854078158736 2.6977578997612 1.414461888372898 3.331596396863461 0.4615786597132683 0.1608503013849258 0 0 0 0.4448286294937134 163.6907262355089 1.649675950407982 0 0 0 336.2249811440706 3.500464648008347 36.73222622275352 13.25536004453897 2.71970808506012 14.74557116627693 0.6753641963005066 0.7511499002575874 0.7038803994655609 0.07788015156984329 0 0 0.3534398600459099 0 0 0 73.29582971334457 23.80913551151752 25.82261142134666 568.1624663546681 34.52789752930403 434.1150728538632 156.8621548041701 147.1548785790801 53.97665458917618 4.277388028800488 97.14095487445593 61.84210296720266 1.540362447500229 93.76322484761477 15.2411911636591 28.57149007916451 5.811954684555531 1.038815632462502 14.62598749995232 5.284062802791595 0.4890362024307251
863.9451864808798 206.1093385517597 7.197114549577236 380.9133025556803 35.57428531348705 706.7051305100322 2174.333741888404 0 831.6554248631001 0 22.18721188604832 316.14072945714 5694.477722659707 76.85581818223 1.924223124980927 0.7227260619401932 0 0 0 0 0 0 0 0 0 0 0 0 0 0 13.23570127785206 0.4559702575206757 3.900587409734726 0 0 0 13.08442336320877 0 0 0 0 0 0 0 0 0.1275907307863235 10.58700700104237 1.474471166729927 0 0 0 0 0 0 0.3678233921527863 0.2508336529135704 48.07928951084614 72.10632511973381 3.143459849059582 2.19805596023798 0 0.1330055147409439 0 4.716671593487263 0.5800353661179543 0.1347137242555618 0.2307132929563522 0.2974772229790688 0 0 185.8202164322138 8.800124123692513 0 17.88660170137882 6.874773904681206 6.190465815365314 1.980050049722195 1.276729121804237 0 4.665107063949108 0 0.3534701466560364 4.250951558351517 0 0.9292778596282005 0.1688117012381554 0 0 0.1421477049589157 0 0 0 0 0 0 962.9756754040718 105.8364392220974 0 1.755090951919556 357.6447225958109 0.8135599493980408 0.6011223345994949 17.64446084201336 16.4307998418808 11.78473280370235 77.89744099974632 0.1726770997047424 111.9267030656338 21.21853496134281 18.56593349575996 10.39572215080261 157.3688728660345 50.2056819498539 87.96190528571606 18.43631063401699 0 0 0 0 0 0 0 0 0 0 0 0 0 0 0 0 0 0 0 2.240750879049301 0.2254596948623657 0 0 0 1.634291142225266 0 0.5716109871864319 0 0 0 0 0 0 0 0 0 0.2693852931261063 0.9289052784442902 0 0 0 0 0 0 0 0 0 0.2321334481239319 0 0 0 11.82911863923073 0 0 0 0 0 0 0 0 0 5.958003133535385 0.2057019025087357 0 0 0 24.55302445590496 0 0.6569811701774597 0.8653060644865036 0 0.8718286156654358 0 0 0 0 0 0 0 0 0 0 20.29790216684341 0.9666434228420258 0.203825056552887 20.45154234021902 1.515862949192524 25.492156855762 8.564332276582718 647.919016122818 4.336239039897919 0.6073673069477081 2.884576812386513 1.905559927225113 0 2.65379748493433 0.5127518549561501 5.965800344944 0 0.1475820541381836 0.5264422744512558 0.7251837700605392 0
28.63947306573391 1894.468977063894 3043.728660643101 1.033960729837418 2680.989478580654 22.20875790715218 1168.150312080979 2620.895894370973 3339.83599293977 22.18721188604832 0 184.7403072789311 5018.406984291971 2769.874021358788 112.546503663063 17.69714247435331 3.518434017896652 0.4572548717260361 0 2.001040875911713 3.974747642874718 0.1411030143499374 0.1802603751420975 0.8338768631219864 4.956972792744637 1.251702874898911 0.2946678698062897 1.941140361130238 2.361980758607388 0 274.2536490559578 462.9368444085121 77.42597977072001 0.6375033408403397 5.488213628530502 1.654616430401802 36.54262261092663 9.170347094535828 4.233226887881756 3.158473119139671 4.098330497741699 5.670821703970432 0.5252130180597305 8.96087558567524 0 1.51875426620245 518.2503988593817 17.25682647526264 1.135787211358547 1.135676026344299 3.013527147471905 2.825985193252563 0.383924774825573 0.3234198987483978 1.769833579659462 7.385548412799835 33.04931753873825 74.24847175180912 16.04699650406837 69.34937512874603 2.113338306546211 16.19769091159105 0 148.2066758722067 8.4519407376647 7.721911489963531 6.424025416374207 10.14852606505156 3.380781605839729 13.6454466432333 349.007820777595 99.21247336268425 0.6409288644790649 129.7748739719391 115.301216557622 325.6530224308372 323.7249766290188 155.9334546104074 226.6451512351632 990.1858052313328 5.750769406557083 59.74816507101059 38.49461350589991 0.9128055945038795 14.62050554901361 9.577036842703819 5.630696155130863 0.8875204473733902 3.230190247297287 1.512311287224293 2.208253666758537 1.289268761873245 31.21119493991137 7.899751603603363 2.664985097944736 254.4900185465813 123.7471930384636 0.400333046913147 14.80373881757259 9.556310512125492 0.9900887608528137 1.218445256352425 29.62721462547779 5.915151178836823 30.35874053835869 82.98857127130032 1.103327915072441 216.8923890292645 13.49347224831581 16.75115515291691 40.48830594867468 243.1330329030752 64.03521539270878 158.5664340257645 211.1948823705316 1.249785155057907 0.3133155778050423 0 0.2726065814495087 0 0 0 0 0 0.5758978724479675 0 0 0 0.7587892562150955 0.1339615881443024 0 0.1065705046057701 0.1714598685503006 0 3.797250166535378 4.109243780374527 0 0.1476824134588242 0 46.55323878675699 0 34.16444833576679 5.086782105267048 0.2970632910728455 0.6539808660745621 0 0 0.2561829090118408 0.2208138257265091 0.8028887957334518 0 5.205021575093269 14.39121652394533 0.2976339906454086 0.1854387670755386 0 0 0.4999046921730042 0.4503173828125 0.9201773405075073 0.5199418738484383 1.621622659265995 1.213228821754456 0 3.37724258005619 2.76509178429842 193.7456709593534 1.789667725563049 0.7953594997525215 2.29557927697897 0.2674024924635887 0.534114882349968 0 0 0 0.4676600396633148 117.4465830475092 5.279463171958923 0 0.2820107638835907 0.135085254907608 239.481410972774 3.660618305206299 40.27465668320656 12.44940139353275 4.561134427785873 12.69034694880247 0.2840045467019081 2.534942075610161 0.5674849227070808 0.5867897272109985 0 0 0.9619527533650398 0.08948194980621338 0 0 16.45196290314198 18.33832964301109 30.84085194766521 1156.990205720067 62.97225268185139 835.608862772584 308.5374577045441 106.2730739563704 88.36810313910246 7.703228652477264 195.0586739182472 89.36356135457754 2.752184920012951 108.4031580090523 17.75077816843987 23.82116602361202 9.55395033210516 2.125951454043388 15.64996032416821 12.52765447646379 0.6239241063594818
106.9488768577576 43.19299274682999 23.44918958842754 203.766142308712 14.16184067726135 244.6767839342356 232.779797770083 14.94500030577183 118.2572316974401 316.14072945714 184.7403072789311 0 471.3251258730888 101.4826066792011 10.85931182652712 1.869427479803562 0 0 0 0.1877329051494598 0 0 0 0 0.1604790240526199 0 0 0 0 0.1227398440241814 1.112368315458298 1.759182453155518 7.398100540041924 0 0 0 15.69116943329573 1.324132740497589 4.801827952265739 0.7747304141521454 0.437810868024826 0.4193020761013031 0 1.139675095677376 0 0.5808304399251938 36.50492437928915 0.9829145446419716 0.1363090425729752 0.6466322988271713 0.1936697214841843 0.4224428236484528 0 0.1117452755570412 0.1279170662164688 0.3228524103760719 8.950547285377979 9.051972739398479 1.056751988828182 2.562701508402824 0 0 0 2.334710478782654 0.2722131758928299 0.5420507714152336 0.1525580137968063 0.3518470823764801 0.2435234189033508 0.1342286914587021 153.152257502079 82.06609605252743 0 8.218933276832104 5.188391357660294 17.87625406682491 19.23240654170513 13.26440989971161 0.1255760788917542 32.23666157573462 0.567928820848465 0.778619222342968 3.22714326530695 0 0.4948832765221596 0.3456826880574226 0.5041925385594368 0 0.4253766164183617 1.087200716137886 0.6613149046897888 0 0.3955652713775635 0.2807438373565674 0 1505.747651189566 324.419976234436 0 1.025590896606445 50.12043713033199 0.678947851061821 0.7635116130113602 12.27612897753716 5.25492388010025 8.279001370072365 57.54649809002876 2.585822224617004 102.7765694856644 8.461288303136826 20.04273070394993 18.59560279548168 157.4322377890348 48.92344076931477 119.3414641022682 76.29941587150097 0.1565724164247513 0 0 0 0 0 0 0 0 0 0 0 0 0 0 0 0 0 0 1.56250487267971 1.693490087985992 0 0 0 11.74683357775211 0 4.102316558361053 0.5198385268449783 0 0 0 0 0 0.1587120145559311 0.3641778081655502 0 1.039517685770988 1.900537237524986 0 0 0 0 0 0 0.2902742326259613 0.4432206302881241 0.4399205297231674 0.2993654161691666 0 0 0.313520610332489 53.98067450523376 0.280083179473877 0.1749771982431412 0.550768569111824 0 0.1517645269632339 0.1133313179016113 0 0 0 48.62165652215481 0.7199046015739441 0 0 0 71.30486407876015 1.162925869226456 7.954396605491638 2.575873136520386 0.5715884268283844 2.51357863843441 0 0.5316266566514969 0.2186138331890106 0.08901068568229675 0 0 0.3048204481601715 0 0 0.1270166337490082 19.13178622722626 7.11167773604393 4.387241020798683 139.6451614797115 4.5794762596488 67.99068962037563 21.0805025473237 136.3463569059968 7.261704467236996 0.6824309304356575 23.77734106779099 13.10727077722549 0.3889344781637192 16.53600811213255 1.77560830116272 2.874870032072067 0.8731395602226257 0.2723463475704193 5.254069954156876 0.5450265556573868 0
616.8256761580706 892.9520206898451 187.4867547750473 1337.84011785686 887.896384768188 517.0956645458937 12552.53986149281 143.0970730781555 4355.827255636454 5694.477722659707 5018.406984291971 471.3251258730888 0 3680.312365539372 151.8517978563905 31.22265399992466 6.18522335588932 1.769424706697464 1.380380176007748 2.255593381822109 1.543669894337654 2.130432903766632 0.2993392199277878 0 3.748910821974277 4.893661424517632 0.7227199971675873 6.248901531100273 4.022452533245087 0.6045169830322266 18.83369743078947 21.58911661803722 1001.499457456172 0.359330952167511 0.1248973160982132 5.300104111433029 173.3532600998878 57.43770822882652 143.7698852270842 23.75086645781994 5.917402535676956 12.77519463002682 0.7267927676439285 14.32690889388323 2.372471764683723 9.694511756300926 370.2790544107556 7.9710972905159 4.784872949123383 1.112621031701565 2.73541559278965 5.370966255664825 2.031763270497322 1.840811237692833 0.8354372680187225 3.809158772230148 29.18924885243177 48.49370504915714 10.61764872819185 41.72685351967812 1.524215847253799 23.35138948261738 1.20764933526516 34.7468051686883 3.718746528029442 4.227421306073666 3.793994128704071 5.621974624693394 0.6000743880867958 3.477472640573978 298.3137532770634 261.4576762020588 0.785826101899147 62.20345906168222 41.16613006591797 210.6411711424589 255.2586323395371 185.4640344753861 1.58296587318182 481.4483366683125 6.421075165271759 10.08106984198093 20.10491362959146 0.5857331901788712 6.746901296079159 4.868916191160679 3.016920000314713 1.111915096640587 4.836674436926842 2.700986415147781 2.348758079111576 2.756159201264381 7.322857446968555 7.67954957485199 2.626415401697159 4358.760650485754 261.7115042507648 1.353185504674911 7.511714212596416 128.7456732466817 1.869473576545715 2.668883845210075 46.4108854085207 15.28315056860447 34.85546465218067 168.0208678692579 3.358482211828232 295.3947936147451 49.67297264933586 54.26738718152046 57.90265040099621 521.4759297296405 178.2007223218679 290.4937139153481 326.3511663004756 0.4996852949261665 0.5997665822505951 0 0.4738641381263733 0 0.2504622340202332 0.2116385400295258 0 0 0 0.2173812240362167 0 0.3563222736120224 0.2881892323493958 0.1236944571137428 0 1.448161482810974 0.5828661322593689 0.5305643826723099 10.26246552169323 11.86416906118393 0.9750880151987076 1.039178714156151 0.2101718187332153 41.35416271537542 0.3917545974254608 27.15152835845947 7.96842972189188 1.116598874330521 0.8264073729515076 0.162360891699791 0.5474580973386765 0.46507827937603 0 2.705484926700592 0 1.433693513274193 9.265933208167553 0.7288087904453278 0.1031685993075371 0.1817141026258469 1.462356135249138 1.914327070116997 0.3612397164106369 0.1191307678818703 0.8012860044836998 3.695643246173859 1.39749064296484 0 5.288756012916565 4.247591406106949 207.1789126321673 1.927558101713657 1.415983609855175 1.53246758878231 0.184282511472702 0.5137122571468353 0.1476238965988159 0.2342115491628647 0 1.062235593795776 207.8834144771099 3.758422568440437 0 0.2025597617030144 0.5691777467727661 245.8722462952137 5.607861682772636 25.35099118947983 8.236975334584713 2.526545956730843 9.71222361177206 0.8246635496616364 1.345719486474991 1.443881057202816 0.07396178692579269 0 0 0.660390593111515 0 0 0.1775008887052536 79.7843221873045 42.43303091824055 31.75142595916986 942.3048202320933 75.69037728756666 603.7114811390638 279.8885841593146 443.4406731128693 71.45725686103106 5.944667831063271 156.2772856578231 47.67641911655664 3.604656346142292 54.84011992067099 14.47725854068995 16.28953033685684 5.558678016066551 0.4838387221097946 12.55543711781502 19.21766717731953 0.3594447374343872
