0 1854.757997483015 923.1525214836001 621.8780503869057 588.6145114824176 103.5554784089327 755.0762278810143 97.35690341889858 79.48280234634876 1018.270287506282 205.7000725269318 22.36198664456606 278.9592640921474 153.1188804805279 2.063704244792461 0.1132612451910973 0.2659172341227531 0.08187322318553925 0 0.08816266059875488 0 0.3271133452653885 0 0.08264665305614471 0 0.1010724902153015 0 0 0.33871129155159 0 507.8542618602514 8.094497308135033 4.575486123561859 0 0 0.3497583866119385 20.37617944926023 0.3475998044013977 0.1716038584709167 0.08185496181249619 0 0.09937532991170883 0 0.3955798670649529 0 0 25.86271813511848 2.255766846239567 0.2995103001594543 0.5281675159931183 0.09886959940195084 0.2592709958553314 0 0 2.183344967663288 0.7372597679495811 86.62866286933422 1486.92189013958 9.825226336717606 13.6054505482316 0.158583290874958 0 0 19.46598116308451 0.8945206105709076 0.6961153298616409 0.08848509937524796 0.2198197692632675 0.2832225784659386 0.1226857751607895 14.07367166876793 11.6824691221118 0 105.6231535747647 34.07621259242296 33.90754090249538 10.79078911244869 1.82157027721405 2.186365112662315 7.585797004401684 0.5081220343708992 1.561408460140228 13.93922164291143 0.07008223235607147 1.456280283629894 0.5592666938900948 0.6930964887142181 0 0.171538770198822 0 0.08303055167198181 0 0 0 0 120.8160033971071 8.768349006772041 0 1.936889320611954 539.7179306223989 0 0 0.1484975516796112 0 0.3203475475311279 0.5523663461208344 0.4008820056915283 0 74.07858984172344 2.484526693820953 0.9185732081532478 3.436552695930004 3.261286497116089 5.958978310227394 6.499473959207535 0 0 0 0 0 0 0 0 0 0 0 0 0 0.2363608628511429 0 0 0 0 0 2.090611048042774 0 0 0 0 1.280747152864933 3.366175547242165 1.298174425959587 0 0 0 0 0 0.2266325056552887 0 0 0 0 0 0 0 0 0 0 0 0 0 0 0.1671196222305298 0 0.5320099294185638 0.1841316372156143 5.5402707234025 3.932697013020515 0 0.131647452712059 0.1140674501657486 0 0 0 0 0 5.291548050940037 0 0 0 0 2.154773883521557 0.7998390793800354 0.563902921974659 0.1932546049356461 1.049898222088814 0.9110673666000366 0.6991803348064423 0.6959350407123566 0 0 0 0 0 0 0 0 5.699244856834412 0.7005209848284721 1.263235837221146 61.61031840741634 9.213311493396759 156.1676088199019 49.30618862062693 1000.970316529274 41.66502047330141 1.361394509673119 2.164900466799736 0 0 1.164325550198555 0 1.930094912648201 0 0 0 0 0
1854.757997483015 0 1451.212161064148 856.6393278390169 4376.090995140374 181.9659448638558 3698.390517808497 530.0310561656952 1152.140304677188 649.8836802616715 1236.668645255268 21.59149459004402 758.2419689372182 482.5653946399689 9.233675420284271 0.5903013497591019 0.1295618861913681 0.2574976682662964 0.2741541862487793 0.08477083593606949 0 0 0.1813581436872482 0.1073392406105995 0 0.1695850491523743 0 0 0.175376683473587 0 1574.117885686457 135.4227537363768 12.55546367168427 0.1815843060612679 0 0.363140195608139 35.44706080108881 0.09659788757562637 0.09006461501121521 0.1298841536045074 0 0 0.0851176455616951 0.7111086323857307 0.2995948567986488 0.2371468469500542 67.24971243739128 3.096498072147369 0.2545140460133553 0.7954284250736237 0.3387692645192146 0.09940579533576965 0.09240016341209412 0.2171490490436554 2.20898661762476 1.17752156406641 12.99430880695581 1222.47802002728 9.540518075227737 28.40006936341524 0.3459778353571892 1.311217918992043 0 46.75726010650396 3.343923192471266 1.81835088506341 0.4830621480941772 0.7727223634719849 0.7172763347625732 0 15.01575876772404 1.234121710062027 0 117.1706889569759 35.13308392465115 93.13998723775148 45.8256523385644 3.294319704174995 9.082695513963699 28.65362820774317 1.055721767246723 3.254236467182636 15.89134495705366 0.1429570540785789 2.871866308152676 0.5523430518805981 2.17106893658638 0 0.149971067905426 0 0.08272002637386322 0.1128721758723259 0.3401505127549171 0 0.1092340275645256 44.92567403614521 1.019635237753391 0 0.9851601496338844 126.5481181442738 0.1292327046394348 0 0.2070482075214386 0 0.2845079451799393 1.597632884979248 0 0.1069062203168869 178.3596092909575 1.116861134767532 1.158604323863983 2.626902848482132 2.104079008102417 4.312127724289894 3.687985628843307 0 0 0 0 0 0 0 0 0 0 0 0 0 0 0 0 0 0 0 0.4854799062013626 0.5046888887882233 0 0.2708742916584015 0 0.4150566086173058 2.232759065926075 0.4871520772576332 0 0 0 0 0 0.5410842299461365 0 0 0 0.288554310798645 0 0 0 0 0.1125807240605354 0 0 0 0 0 0.3956156224012375 0 0.07971074432134628 0.1570169031620026 4.885130189359188 1.07409080862999 0 0 0 0 0 0.07595369964838028 0 0 4.931914366781712 0 0 0 0 2.12112533301115 0.502290703356266 0.5963924750685692 0 0.4563819691538811 0 0.7094654440879822 0.089084692299366 0 0 0 0 0 0 0 0 4.66644199192524 1.543976873159409 0.238070473074913 107.8446635007858 17.26191966235638 267.8492772430182 70.36844835802913 869.3424237444997 46.63257312774658 3.281552545726299 19.63530855625868 0.6573206335306168 0 0.6782337352633476 0.08155898004770279 0.8844799697399139 0 0 0 0 0
923.1525214836001 1451.212161064148 0 89.84029568731785 1046.317123323679 70.14512691646814 224.4975773543119 1395.316032446921 244.1503848209977 194.2736401036382 2352.509889028966 19.22894969582558 254.9516617581248 411.7000571861863 8.466181538999081 2.239405557513237 1.292963571846485 0.9795411452651024 0.09619142860174179 1.023637756705284 0.3338979929685593 0 0.09446865320205688 0.1192978918552399 0.08801984786987305 0.2076533809304237 0 0.3381800800561905 0.501131609082222 0.08519291877746582 3318.086029201746 170.9721816256642 100.1788996458054 1.065883681178093 0 0.445053368806839 89.65950745344162 0.224236935377121 0.7118112444877625 0 0.4586578607559204 0.4982637465000153 1.403929591178894 2.367438904941082 0.4802644997835159 0.9648809507489204 29.21844611316919 3.234568785876036 0.969643734395504 4.861756704747677 0.2654084712266922 0.117234580218792 0 0.2626438811421394 0.7144216299057007 0.2886086665093899 6.687770679593086 759.4474122598767 2.548425324261189 11.58029765635729 0.6407226100564003 18.24311514943838 0.2489549741148949 32.85104294121265 0.7022041492164135 0.8617032952606678 0.4839786812663078 0.5914416238665581 3.257355660200119 0.7560266926884651 39.55338775366545 3.381120607256889 0 44.94427434355021 16.25694907456636 42.48215942084789 41.73394897580147 11.54907778650522 62.46189112961292 506.0363061130047 3.206766955554485 49.75849163532257 6.850608818233013 0 1.231476046144962 0.3974905982613564 2.565638683736324 0 0.1339437812566757 0 0.1360130310058594 0.4783166721463203 0.379689909517765 0.3186969831585884 0 30.28644707798958 0.9185007810592651 0 1.046783715486526 126.4215495809913 0.7821600288152695 0 0.1077061891555786 0 0.07436709105968475 0.9588300660252571 0.1548463553190231 0.195803128182888 1.928635343909264 0.7445612698793411 0.9071913436055183 2.226200275123119 1.811964750289917 3.206412054598331 3.924107126891613 0 0 0.1734943687915802 0 0 0 0 0 0 0 0 0 0 0 0 0 0 0 0 1.859940312802792 0.1966584399342537 0 0 0 1.132731832563877 1.755848839879036 2.028535418212414 0 0.2544391751289368 0 0 0 0 0 0 0 0.08088482171297073 0.08473822474479675 0.09272351115942001 0 0 0 0 0 0 0 0 0 0 0.1461141258478165 0 6.568875543773174 1.082796260714531 0.1488432884216309 0 0 0 0.1152715012431145 0 0 0 4.55231299996376 0 0 0 0.08985495567321777 1.707254014909267 0.6291304081678391 0.2164178639650345 0.2820255979895592 0.3858430907130241 0.8107059672474861 0 0.2541313022375107 0 0 0 0 0 0 0 0 4.542184703052044 1.148713208734989 0.6297969594597816 66.64677047729492 9.758533947169781 103.4529831409454 32.17365095764399 261.0072280615568 17.79919992387295 1.797116741538048 16.56642708182335 0.6830756068229675 0 0 0.1232408508658409 1.072517096996307 0 0 0 0 0
621.8780503869057 856.6393278390169 89.84029568731785 0 386.9801522195339 288.1166055202484 982.3157469928265 14.5342915058136 189.5814834907651 994.1169668734074 36.36283857375383 71.48385539650917 1111.405147112906 404.7169862315059 1.280994392931461 0 0.07912091910839081 0.1028947830200195 0 0.07790368795394897 0 0 0 0 0 0 0 0 0 0 92.71459417045116 2.514163911342621 0.5798462852835655 0 0 0 7.34129673242569 0 0 0 0 0 0 0 0 0 11.22258446365595 1.132318370044231 0 0.2263595536351204 0 0 0 0 0.1952736973762512 0 3.494350656867027 137.7576204836369 1.897469513118267 3.062638230621815 0.08105485886335373 0.3073458969593048 0 6.876845128834248 0.2721858024597168 0.07390991598367691 0 0.2643406614661217 0 0 2.665690630674362 0.2375565022230148 0 18.16582116484642 5.851235866546631 11.73994193226099 4.808762185275555 0.3273788541555405 0.08127632737159729 0.4638072922825813 0.08582080155611038 0 2.66460245102644 0.0862836018204689 0.2547698989510536 0 0.08008657395839691 0 0 0 0 0 0.2780096530914307 0 0 11.99988321959972 1.774572819471359 0 0 30.25840057432652 0.3217545747756958 0 0 0 0 0.5420147627592087 0 0 55.82296702265739 0.4458888173103333 0 0.1656738966703415 0.6165176182985306 0.3269535228610039 0.148629754781723 0 0 0 0 0 0 0 0 0 0 0 0 0 0 0 0 0 0 0 0 0 0 0 0 0.1291396915912628 0.1720264852046967 0.07154271751642227 0 0 0 0 0 0 0 0 0 0 0 0 0 0 0 0 0 0 0 0 0 0 0 0 0.4204074293375015 0 0 0 0 0 0 0 0 0 0.5852872431278229 0 0 0 0 0.3363578617572784 0 0 0 0 0 0 0 0 0 0 0 0 0 0 0 0.2554921805858612 0.2354398369789124 0 11.84947008639574 1.58530880510807 43.17050022631884 14.71942468732595 491.5962904691696 7.51560790091753 0.4471985027194023 3.420435324311256 0.3075361400842667 0 0 0 0 0 0 0 0 0
588.6145114824176 4376.090995140374 1046.317123323679 386.9801522195339 0 30.55234801769257 2493.985307753086 446.6127486750484 2688.048690639436 243.8655399754643 1233.846951216459 12.43550702929497 310.2690614387393 486.7064712792635 13.88007267564535 1.158039852976799 0.7741295546293259 0.3861696794629097 0.1751637980341911 0.5954067632555962 0.4255737662315369 0.1494861245155334 0.08609621226787567 0 0 0.376209981739521 0 0.2695149183273315 0 0.0927945077419281 738.3812480121851 49.09848603606224 11.43291699141264 0.2779385671019554 0 0.08243869990110397 28.70116431266069 0 1.008982360363007 0.3935866132378578 0 0.1099660992622375 0 0.4679706767201424 0.2432963326573372 0.1838018298149109 78.8301889821887 4.191727355122566 0.1764604672789574 0.560918927192688 0.6296566054224968 0.1040996313095093 0 0.1404946446418762 1.849965661764145 1.466965302824974 4.351283498108387 222.6569586321712 4.105067737400532 26.93733111023903 0 0.8057498410344124 0 36.21041306108236 1.457312162965536 1.811221819370985 0.620769090950489 0.6656767800450325 0.1089069321751595 0 15.66081041842699 2.470416188240051 0 72.37645582854748 18.69375490397215 82.7549559995532 59.13150391727686 5.860089734196663 2.557131841778755 8.684313207864761 0.9776449054479599 3.099155075848103 10.97512253373861 0.1910476982593536 2.82685573771596 0.8285029418766499 1.944609925150871 0 0.06480460613965988 0.1580956876277924 0.1569560170173645 0.2831304892897606 0 0.5343848243355751 0.2313160225749016 87.48774576932192 1.245476558804512 0.1081495061516762 0.1134824678301811 20.23925706744194 0.882824532687664 0.4384596943855286 0.1445363909006119 0 0.9649492353200912 1.286421492695808 0.1792482733726501 0.5427322089672089 11.58030595630407 2.554286457598209 1.601117208600044 4.48313944041729 5.966375783085823 6.097016334533691 8.516167685389519 0 0 0 0 0 0 0 0 0 0 0 0 0.09390142560005188 0 0 0 0 0 0.1281175315380096 2.150627769529819 0.4824196100234985 0 0.1718605160713196 0 2.077767923474312 1.200095638632774 1.857837535440922 0 0 0 0 0 0.1901454105973244 0 0 0 0 1.035622097551823 0 0 0 0 0 0 0 0 0.1408906877040863 0 0 0.193226158618927 0 5.489106774330139 1.099256776273251 0 0.1204565390944481 0 0 0 0 0 0 6.895351089537144 0.1109191700816154 0 0 0 3.159984409809113 0.8117014467716217 1.574745237827301 0 0.6175482124090195 0.2128773182630539 0.604821689426899 0.1414908021688461 0 0 0 0 0 0.07263744622468948 0 0 11.82151130586863 1.362976878881454 0.2293140590190887 160.8128831237555 28.4068034812808 219.4056827649474 83.05811963230371 518.1276038363576 46.31879609078169 3.719613440334797 44.50373560190201 1.025594502687454 0 1.015538811683655 0.336292952299118 3.173700720071793 0 0 0 0.321304589509964 0
103.5554784089327 181.9659448638558 70.14512691646814 288.1166055202484 30.55234801769257 0 78.16722135990858 4.367426440119743 13.38522436469793 411.0068832933903 18.23707170039415 41.80846348404884 64.79389888048172 28.50730083882809 0.131014809012413 0.4155920147895813 0.1642361581325531 0 0 0 0 1.657664895057678 0 0 0 0.1419625580310822 0 0 0 0 47.94098310172558 0.8388229385018349 26.00615994632244 0 0 1.006712943315506 56.22936580330133 0.6446044445037842 2.292110979557037 1.54375222325325 0 0 0 0 0 0 1.723112381994724 0.1126443594694138 0 0 0 3.06086340546608 0.4698596745729446 0.2564265429973602 0 0 22.24316120147705 63.07461243867874 3.059714950621128 1.091688677668571 0 3.122660130262375 0 0.09107881039381027 0.09040392935276031 0.07149827480316162 0 0.09943478554487228 0.3658624291419983 0.7336523532867432 209.2162600159645 43.41868276894093 3.296326398849487 2.492761500179768 1.720504820346832 1.868489362299442 1.722908467054367 0.41917684674263 1.567843720316887 10.93346882611513 0.1964377611875534 1.671959049999714 0.444273367524147 0 0.09824589639902115 0.2368431314826012 0 3.24073226749897 0.6058319658041 4.581912159919739 0 0.8435523360967636 0 0.2508622407913208 0 501.0570314154029 173.9971052408218 1.854043632745743 29.35886766016483 102.3004322052002 0 0 0 0 0 0 0 0 2.943087682127953 0 0 0.7617170214653015 0 0 0 0 0 0 0 0 0 0 0 0 0 0 0 0 0 0 0 0 0 0 0 0 0 0 0 0.1354153454303741 0.1239596232771873 0 0 0 0 0 0 0 0 0 0 0 0 0 0 0 0.1208823472261429 0 0 0 0 0 0 0 0 0 0.4250320568680763 0 0 0 0 0 0 0 0 0 0.1175881922245026 0 0 0 0 0.1130369231104851 0 0 0 0 0.1655217111110687 0 0 0 0 0 0 0 0 0 0 1.510180845856667 0 0 9.726547598838806 1.453566215932369 5.206346891820431 0.6072187125682831 94.7843104377389 0.5312008485198021 0 0.129230260848999 0 0 0 0 0 0 0 0 0 0
755.0762278810143 3698.390517808497 224.4975773543119 982.3157469928265 2493.985307753086 78.16722135990858 0 62.72848296165466 2118.30934677273 1051.624442473054 374.6062982827425 13.71134012937546 970.3608945310116 736.577765263617 12.0268275141716 0.9494447931647301 0.4164895713329315 0.4646074548363686 0.2738757878541946 0.3798521161079407 0.1188536137342453 0 0.09078849852085114 0 0 0 0 0.1420931220054626 0.9707049652934074 0 237.8475142121315 31.3040604069829 2.096551515161991 0 0 0.119489423930645 10.38204509019852 0.1149849146604538 0.3053118288516998 0.6082109659910202 0 0.2026538699865341 0.1160470619797707 0.9057322144508362 0.2042735293507576 0.1760479360818863 76.97353918105364 5.008637599647045 0.1921970173716545 0.8088241741061211 0.6651860475540161 0.1351539045572281 0.08207385241985321 0 2.925741344690323 1.471087541431189 3.989329166710377 211.8213687613606 4.718194529414177 27.56500805914402 0.347260944545269 0.8218541741371155 0 36.02114681899548 2.036454927176237 1.857352863997221 0.2998842000961304 0.7151143401861191 1.04800733923912 0 6.370330758392811 6.754917487502098 0 67.14057741314173 19.37735141068697 80.11056732386351 54.51284998655319 3.213409304618835 2.042699918150902 2.539506778120995 0.9876269996166229 1.762002125382423 12.68744193017483 0.08308468759059906 1.428578373044729 1.197522014379501 1.095514662563801 0 0.2694024071097374 0 0.09601869434118271 0.1474803388118744 0.3730263039469719 0.2852696999907494 0 232.3361675813794 1.997593127191067 0 1.722603797912598 14.54500471055508 1.581089474260807 0.2040616348385811 2.952911704778671 0.1942758709192276 5.758637994527817 3.257027730345726 2.777019947767258 1.324259124696255 82.34587297588587 6.336972869932652 1.943579599261284 12.26488890498877 13.62180665880442 16.93592648208141 20.2992804273963 0 0.1281056106090546 0 0 0 0 0.1163643151521683 0 0 0 0 0 0.07599040120840073 0 0 0 0 0 0 4.570292741060257 1.20636573433876 0 0.4553407579660416 0 3.207083225250244 3.176472797989845 2.14122574031353 0 0 0 0 0 1.18875478208065 0 0 0 0.0826483815908432 0.5594016015529633 0 0 0 0 0.1091033220291138 0 0 0 0 0.7305482923984528 0 0.1822321861982346 1.011288546025753 16.1706595942378 3.246051870286465 0 0.2582079395651817 0 0.133051410317421 0 0 0 0 15.77679540216923 0.09226091951131821 0 0 0 5.675229363143444 3.066159829497337 1.991644337773323 0.9803045392036438 2.319791689515114 0.4904098212718964 0.4045953154563904 0.898866668343544 0 0 0 0 0 0 0 0 22.20717007666826 1.428260825574398 2.009474486112595 190.4612967669964 29.73859106749296 219.4367962144315 85.74382744729519 661.0919304341078 48.38186576962471 2.295077830553055 51.69215923547745 1.443409435451031 0.4632413387298584 2.072992883622646 0.2726947218179703 7.408780917525291 0.3385246396064758 0 0.6434450224041939 0.1771413087844849 0
97.35690341889858 530.0310561656952 1395.316032446921 14.5342915058136 446.6127486750484 4.367426440119743 62.72848296165466 0 782.8012557625771 24.10183158516884 1450.05748219043 47.34689671546221 607.7738199308515 893.362932421267 34.11285801231861 12.56915491819382 19.56400018930435 17.89519122242928 1.285827279090881 14.74749675393105 2.357308261096478 0 1.294943779706955 0.9172908365726471 0.7581348866224289 0.787925012409687 0.1108525320887566 0.50876834243536 0.334941953420639 0.520405039191246 1188.288089886308 1851.317190289497 195.7506270036101 5.72734173387289 0.8094504848122597 1.528220131993294 252.0224077105522 4.580655001103878 4.006870836019516 1.864544674754143 0.5898691415786743 3.935282908380032 12.09769371151924 16.54340580105782 3.82591687887907 13.27603565901518 125.7823304161429 15.28449483960867 22.17537420988083 61.75996448099613 0.3264441341161728 0.9950006753206253 0.1199616864323616 1.656628385186195 2.023343473672867 1.489306021481752 6.098346449434757 404.0116563290358 7.514234364032745 34.21224766969681 21.76035206019878 121.2323890551925 1.606332339346409 262.0329029783607 1.899175263941288 2.011754084378481 0.4963137954473495 3.192427195608616 32.84324828535318 2.288375072181225 120.1604633852839 18.56099146604538 0 92.79973260313272 33.62973961234093 134.4823169149458 324.7544285878539 243.4359736815095 895.7312306016684 1294.437267392874 90.63038388639688 969.4314757660031 13.91572454571724 0.1439354419708252 3.694437094032764 0.7753592357039452 20.63496867567301 0 0.2685055658221245 0 1.052039742469788 1.147606633603573 2.28565575927496 1.976428151130676 2.260048016905785 54.92314823716879 6.284868121147156 0 4.433942526578903 28.69762322306633 0.8388037458062172 0.2537495493888855 0.3921132460236549 0 0.9101288169622421 1.433145694434643 0 1.111574694514275 0.6884303092956543 2.755592346191406 1.533847995102406 4.210066989064217 4.276553273200989 7.395924411714077 8.774954810738564 0 0.1273461729288101 0 0 0 0 0 0 0 0 0 0 0.2816501706838608 0 0 0 0 0 0 1.345935307443142 1.259292334318161 0 0.1830393970012665 0 3.109531708061695 4.717723794281483 3.912545502185822 0.4697434604167938 0 0 0 0 0.1176716536283493 0.1748085469007492 0.1078448221087456 0 0 0.6365191861987114 0.1019077152013779 0 0 0 0.4202975332736969 0 0 0.07389950007200241 0.1011062115430832 0 0 0.3180556669831276 0.5045925006270409 13.14125715196133 3.777175895869732 0 0 0 0 0 0 0 0.1507156491279602 10.07067178189754 0.5004523992538452 0.1041791662573814 0 0.2481943145394325 2.018315330147743 3.582762934267521 1.543606229126453 0.6187871471047401 0.8489235639572144 0.7476291880011559 0.2226130813360214 0.438933826982975 0 0 0 0 0 0 0 0 7.711727567017078 1.276331074535847 0.9810139760375023 199.3235586881638 25.161785364151 313.9101928919554 96.77624671161175 264.567924618721 50.13462122529745 3.641744554042816 61.96583671122789 2.308700710535049 0 0.7538214772939682 0.08729030191898346 2.598089925944805 0.1259726881980896 0 0 0.3301442116498947 0.2087013572454453
79.48280234634876 1152.140304677188 244.1503848209977 189.5814834907651 2688.048690639436 13.38522436469793 2118.30934677273 782.8012557625771 0 608.1501082405448 5518.277603313327 28.43285994231701 1716.193424582481 925.7082972377539 14.41843545436859 1.011505141854286 0.5221025943756104 0.4162855967879295 0.09825541824102402 0.1685621291399002 0 0 0 0.08695793896913528 0 0.08291188627481461 0 0 0.1832097992300987 0.1420237421989441 121.1956643313169 30.60647451877594 12.3350645750761 0.2536008805036545 0 0 41.57174317538738 0 0.3107826337218285 0 0.1210597008466721 0.1415398567914963 0 1.230651438236237 0.07452739775180817 0.3071590811014175 76.74406933039427 2.329346887767315 0.6709772348403931 1.124420374631882 0.4650923833250999 0 0 0.08340112864971161 1.027312085032463 1.202490858733654 2.616720736026764 67.3985807672143 3.137567989528179 19.41774454712868 0.403601199388504 1.138182006776333 0.105451837182045 29.5316953882575 1.537718214094639 1.828514095395803 0.2557462900876999 0.2628665119409561 0.5453893691301346 0 16.49733792990446 6.238697826862335 0 34.3839690759778 7.990230493247509 59.94776852428913 53.8154708892107 4.422573916614056 2.328891031444073 4.131808809936047 2.051547408103943 3.278636582195759 5.523567110300064 0.08954548835754395 1.176319718360901 0.5487413331866264 1.560404025018215 0 0.2552851513028145 0.1164075061678886 0.197983093559742 0.4895530939102173 0.1863528713583946 0.08758389949798584 0.4933495223522186 223.7508588731289 1.983161702752113 0 1.187429718673229 3.352747976779938 1.481429114937782 0.8985409289598465 0.8840111941099167 0.5426044762134552 3.648950226604939 3.108985081315041 1.556654408574104 0.4544815197587013 27.98079065233469 6.009620822966099 4.681179575622082 12.88648550212383 13.57221306115389 18.02777167409658 24.47775401175022 0 0.1416341960430145 0.2771194279193878 0 0 0 0 0 0 0 0 0 0 0 0 0 0 0 0 3.979454711079597 1.006405733525753 0 0 0 4.133877411484718 2.196664586663246 2.169258020818233 0 0 0 0.2278251200914383 0 0.3736342862248421 0 0 0 0.3767534792423248 0.925928570330143 0 0.2886036932468414 0 0 0 0 0 0 0.9834799692034721 0.12300955504179 0 0.2305451482534409 0.2803520858287811 17.06491369009018 3.289832077920437 0.1209260150790215 0.1037461161613464 0 0 0 0 0 0 18.61178858578205 0 0 0 0 6.405317097902298 3.073067687451839 2.663193941116333 0.4215221256017685 1.851258456707001 1.365302518010139 1.492406614124775 0.8852192014455795 0 0 0 0 0 0 0 0 23.0999099612236 2.856331750750542 1.229957103729248 247.4612670689821 21.89461670815945 204.9365480095148 88.6374197602272 382.4292283132672 43.88092947006226 3.351973541080952 78.20779004693031 1.873932793736458 0.07985158264636993 0.8562275767326355 0.2181384861469269 5.228700511157513 0 0 0 0.1744702756404877 0.5346855670213699
1018.270287506282 649.8836802616715 194.2736401036382 994.1169668734074 243.8655399754643 411.0068832933903 1051.624442473054 24.10183158516884 608.1501082405448 0 128.1798042654991 929.2405753657222 5982.171734429896 1318.210689164698 5.049340695142746 0.5607231110334396 0 0.09706955403089523 0 0 0.1184319332242012 0 0 0.1132204532623291 0 0 0 0 0.0973430722951889 0.1059905514121056 121.3707255646586 5.668401479721069 18.01437051594257 0 0 0 403.4017208814621 0 0.3722392916679382 0 0 0 0 0.2886108979582787 0 0.07722087949514389 24.70536038279533 0.8809050768613815 0.1763630360364914 0.1140890344977379 0 0 0 0 0.657432921230793 0.4480037838220596 5.662488348782063 168.0100031793118 1.827122695744038 7.032509543001652 0.2084056288003922 0.8116511702537537 0.1170850247144699 10.29106601327658 0.29196847230196 0.1361579820513725 0.207476332783699 0.2756646648049355 0.2662149518728256 0 269.3941064253449 6.875113420188427 0 28.03338938951492 7.444216951727867 21.28720349818468 12.93633189052343 0.7684450075030327 0.5056151822209358 2.35529637336731 0.08855238556861877 0.553561620414257 3.964187040925026 0 0.2980479821562767 0.3034024834632874 0.3122078403830528 0 0.06566023081541061 0.1449567079544067 0.1280844658613205 0.1212426275014877 0.1468426957726479 0 0 397.0956929326057 1.092340998351574 0 0 98.62559580802917 1.551035590469837 0.9345778077840805 1.023682191967964 0 1.136558674275875 3.250188879668713 2.01002936065197 0.8120625913143158 41.05225306749344 4.582279786467552 3.355841025710106 15.37381189316511 13.54140953719616 13.0685790553689 14.90923643857241 0 0 0 0 0 0 0 0 0 0 0 0.3011703789234161 0 0 0 0 0 0 0 3.350926287472248 0.5400666072964668 0 0 0 2.05636952072382 0.8688812404870987 0.5514955967664719 0 0 0 0 0 0.1316914558410645 0 0 0 0 0.9283598586916924 0 0 0 0 0 0 0 0 0.9530478939414024 0.3249254748225212 0 0 0.1165441870689392 9.209193907678127 2.235587477684021 0 0 0 0 0 0 0 0 11.1233828663826 0 0 0 0 4.492910668253899 2.205471143126488 1.16865448653698 0.1920621395111084 1.714809760451317 0.1910653710365295 0 1.257982805371284 0.1101935133337975 0 0 0 0 0 0 0 15.17237470299006 1.567316457629204 0.6399443224072456 154.7139199152589 12.75389228016138 81.76399322226644 26.30266005545855 1225.684866666794 15.5105687379837 2.241923421621323 22.25637688487768 1.037376284599304 0 1.595640279352665 0.2426387593150139 3.744008876383305 0.3433905690908432 0 0 0.1226096227765083 0.1483400911092758
205.7000725269318 1236.668645255268 2352.509889028966 36.36283857375383 1233.846951216459 18.23707170039415 374.6062982827425 1450.05748219043 5518.277603313327 128.1798042654991 0 116.2374561801553 2344.528978213668 4768.866464406252 68.91590602695942 25.69633463770151 11.96877586096525 6.434920988976955 0.9242199435830116 7.457887232303619 10.77045414596796 0.2023592740297318 2.680135667324066 1.588283851742744 0.9253029227256775 3.249129734933376 0.3598697185516357 0.6327326372265816 1.298906214535236 0.1648148894309998 914.5333418995142 409.5888495892286 820.644670419395 5.558078117668629 2.937346778810024 9.544338695704937 927.725899733603 5.557622514665127 9.082755699753761 4.352997191250324 2.717896744608879 4.410284489393234 9.402306608855724 17.75310259312391 1.645367585122585 3.060041606426239 210.5187000110745 13.14774915575981 9.760888263583183 27.88725604861975 1.119923487305641 0.80980134755373 0.2879611626267433 2.16739085316658 3.097790367901325 3.173201382160187 5.64033880084753 208.8581349924207 6.183753646910191 49.10196702182293 4.129504196345806 46.25157861411572 1.574964806437492 97.27957221865654 4.993701305240393 3.483343604952097 0.9939929768443108 3.711602278053761 28.6650505438447 7.993107780814171 455.1758151203394 21.27716544270515 0 92.00888267159462 22.12038670480251 188.0685132853687 275.3621654510498 71.4099146053195 312.9482359327376 353.6073495447636 19.01797623187304 105.9798982515931 15.71771181374788 0.5980564504861832 3.64709048345685 1.825392216444016 13.86975880712271 0 0.4744231849908829 0.07845158874988556 0.9018318429589272 1.932004667818546 4.202966064214706 3.174215279519558 2.721797578036785 270.9521636068821 16.88985938578844 0 10.91637430340052 12.15396912395954 1.498523995280266 0.7665915191173553 3.087555833160877 0.3062247335910797 4.650788828730583 3.542633160948753 1.203090369701385 2.630581349134445 4.788043089210987 3.522705413401127 5.638314485549927 15.6034257337451 16.15249495208263 19.75690463930368 46.81861294060946 0 0 0 0 0 0 0 0 0 0.1941051036119461 0 0.1846837401390076 0 0 0 0 0 0 0 9.489904373884201 3.769628942012787 0.1098616272211075 0.4210653081536293 0 10.93589940667152 8.561645165085793 6.218686163425446 0.0833931639790535 0.1578555852174759 0.1115804389119148 0.1423369199037552 0 0.4941760301589966 0.3267487436532974 0 0 0 0.8766882717609406 0.0967167392373085 0.2723601311445236 0.09105971455574036 0 0.1415619552135468 0.1629713624715805 0.06574635207653046 0 0.5982795208692551 0.7871526479721069 0 0.4640720710158348 2.054308198392391 36.82375033199787 4.36286211758852 0.2256370782852173 0 0 0 0 0 0 0.1414667665958405 44.01358991116285 0.1170492321252823 0 0 0.1296827048063278 9.776119872927666 8.227908447384834 4.689986735582352 0.7025283798575401 2.527277454733849 1.090888738632202 1.871907830238342 0.6532083079218864 0.2571191377937794 0 0 0.1248476430773735 0.09232534468173981 0.2674113884568214 0 0 38.24332281202078 7.684716358780861 3.406902141869068 444.2535879313946 80.17929232865572 451.8391871936619 210.3902418389916 412.555661700666 105.6471897512674 9.096608690917492 169.0740014314651 4.106326870620251 0 2.072721049189568 0.356850191950798 7.517610445618629 0.20786052942276 0 0.8601517751812935 1.030297368764877 1.083763249218464
22.36198664456606 21.59149459004402 19.22894969582558 71.48385539650917 12.43550702929497 41.80846348404884 13.71134012937546 47.34689671546221 28.43285994231701 929.2405753657222 116.2374561801553 0 1528.517635807395 108.3373922631145 5.761335983872414 1.254218220710754 0.4638241156935692 0 0 0 0 0 0 0 0.3988283276557922 0 0 0 0 0 6.056809850037098 2.015535891056061 8.712891332805157 0.2850339859724045 0 0.4100583046674728 423.1484318226576 0.1824841350317001 3.312892347574234 0.1584626585245132 0 0.1051373183727264 0.1172140091657639 0.2407387420535088 0.2632962986826897 0.09153304249048233 12.60386477410793 0.2838898971676826 0.2986016795039177 0.796989381313324 0.06900806725025177 0 0.1600019186735153 0.2137651965022087 0.227694496512413 0.1893479451537132 0.2028586268424988 4.619447156786919 0.3226756528019905 1.596889942884445 0 1.78067421913147 0 2.273557260632515 0.5957158356904984 0.2096361145377159 0 0.1946763098239899 0.5047692432999611 0.1914888620376587 100.9469803497195 3.217850208282471 0 2.303253635764122 0.5394902005791664 8.911601491272449 11.39667852222919 3.115341864526272 0.5493653565645218 5.699199698865414 0.1920298039913177 1.501404449343681 0.5899156481027603 0 0.3639809265732765 0.07238204777240753 0.4134770482778549 0 0.195121243596077 0 0.08018683642148972 0 0.3640304803848267 0 0.233791895210743 835.4089941084385 2.664426274597645 0 1.081936478614807 4.229751288890839 2.129813797771931 1.475932240486145 1.709808751940727 0 1.522869430482388 4.249674215912819 1.376459717750549 1.216884911060333 2.291372135281563 5.368299424648285 3.720215156674385 15.41580322384834 13.64609238505363 13.86072762310505 17.23131788522005 0 0 0 0 0 0 0 0 0 0 0 0 0 0 0 0 0 0 0 2.735995583236217 1.283484943211079 0 0 0 4.397275529801846 1.017702713608742 1.000813916325569 0 0 0 0 0 0.8426341414451599 0.1096790060400963 0 0 0 0.2327928841114044 0.1139236018061638 0 0 0 0 0 0 0 0.3807031214237213 0.3282844424247742 0 0 0 11.25193762034178 1.650897569954395 0.1615880578756332 0 0 0 0 0 0 0 15.77794970571995 0.100513830780983 0 0 0 3.854222796857357 1.625229619443417 1.113793775439262 0.1880706325173378 1.019779719412327 0.8345731869339943 1.049864374101162 0.4723480567336082 0 0 0 0 0 0 0 0 23.97577111423016 1.744129590690136 0.5163004174828529 78.09127230942249 4.320718035101891 28.11860121414065 10.24739176034927 164.5022538974881 6.706469163298607 0.7564228847622871 14.93100628256798 0.2193732038140297 0 1.097088918089867 0.4139993935823441 2.587957099080086 0.1018239259719849 0 0.1154758781194687 0.1054513305425644 0
278.9592640921474 758.2419689372182 254.9516617581248 1111.405147112906 310.2690614387393 64.79389888048172 970.3608945310116 607.7738199308515 1716.193424582481 5982.171734429896 2344.528978213668 1528.517635807395 0 1824.621257901192 37.3846924751997 12.05970579385757 2.627261765301228 0.9676950052380562 0 0.4726954475045204 1.290022633969784 0 0.1182115748524666 0 0.6995079144835472 1.316839337348938 0.232569694519043 0.4215668439865112 0.4054631963372231 0 118.8118296787143 25.84992629289627 113.7310500070453 0.4513486847281456 0 1.314675480127335 398.4192923307419 0.4438595473766327 3.400734305381775 1.762515723705292 0.3996985405683517 0.9173617139458656 1.471681214869022 4.821578145027161 0.4916141107678413 0.6791787520051003 103.8260671496391 3.394825726747513 1.3364312723279 5.57571917027235 1.00460022315383 0.1168517619371414 0.1136204153299332 0.6945463642477989 1.958283223211765 1.213017303496599 1.418424442410469 61.53955268114805 2.385501079261303 19.71575058996677 0.968134231865406 11.04916441440582 0.208550363779068 27.92486715316772 1.058517623692751 1.812429338693619 0.06993435323238373 1.416469015181065 4.135568141937256 2.046070218086243 204.2864196747541 15.8373356834054 0 34.8670252263546 7.739970795810223 78.02779760584235 102.5173327475786 23.78681982308626 8.024308614432812 77.57959205657244 3.32016346603632 12.67518699169159 7.536557644605637 0.1657995730638504 2.095688410103321 0.7873412221670151 4.028612785041332 0 0.7020237594842911 0.1629145741462708 0.1136572360992432 0.5632837116718292 0.7799120545387268 0.410458467900753 0.5698635280132294 2320.18324316293 8.965267270803452 0 8.277480915188789 11.20115297287703 5.803730361163616 2.355474404990673 3.229664541780949 1.358889579772949 6.872678034007549 11.38479395955801 4.638066284358501 4.233170568943024 69.38824301213026 16.00441884249449 10.57228960841894 34.45756813138723 34.48294970393181 43.63847210258245 73.24131280183792 0 0.08094695955514908 0 0 0 0 0 0 0 0.1539314538240433 0 0 0.1001026630401611 0 0 0 0 0 0 13.00756264477968 6.886644840240479 0 0.2027557715773582 0.1971542537212372 14.14079251885414 7.214735776185989 5.602920472621918 0.1938160210847855 0 0 0 0 0.7230667769908905 0.1847673654556274 0.2566439509391785 0 0.919352151453495 2.092348843812943 0.198602095246315 0 0 0 0 0.0698111429810524 0.2161751240491867 0 1.530902728438377 0.6842103078961372 0 0.5530781298875809 0.8058930933475494 48.81408508867025 11.17596635967493 0.6144064590334892 0.4409211687743664 0 0 0 0 0 0 57.62778249382973 0.1844925880432129 0 0 0 17.02670691907406 6.145368494093418 5.425022728741169 1.1247304007411 4.535051234066486 3.821412786841393 2.213679924607277 1.940124273300171 0 0 0 0 0.1209901198744774 0 0.1439160257577896 0 73.64384150505066 9.827280551195145 3.936290211975574 372.1571632325649 47.98965509235859 245.0881803780794 113.7741803228855 431.5800521597266 50.35809613019228 3.506528951227665 115.0597549080849 4.477253787219524 0.1133706942200661 3.736374318599701 1.250936642289162 13.70701832324266 0.7083930671215057 0 0 0.7621553763747215 0.4981157258152962
153.1188804805279 482.5653946399689 411.7000571861863 404.7169862315059 486.7064712792635 28.50730083882809 736.577765263617 893.362932421267 925.7082972377539 1318.210689164698 4768.866464406252 108.3373922631145 1824.621257901192 0 48.13626810908318 14.07757887989283 5.729701071977615 4.074779473245144 0.0904536098241806 2.909312970936298 7.548808731138706 0 0.1403767317533493 0 1.920952335000038 1.417138539254665 0.3383099734783173 0.6734371334314346 1.142987854778767 0.2871582359075546 171.0483853518963 90.48697943240404 477.8620269522071 4.201160967350006 1.051259346306324 13.47069665789604 1859.233350068331 3.42878583073616 7.084694191813469 5.038186304271221 1.421347409486771 3.089610904455185 4.908550590276718 7.624713741242886 0.622384324669838 0.7030814364552498 128.6220572516322 8.408809006214142 3.601197421550751 18.12976963818073 0.4913803562521935 0.5204467549920082 0.07888041436672211 0.7992497012019157 0.8222668319940567 1.617345318198204 2.284862644970417 63.38198482245207 3.644330859184265 25.8346388861537 2.535150639712811 46.35773976892233 0.6543096601963043 41.47699995338917 1.73869352415204 2.374680005013943 0.3860509023070335 2.075157999992371 20.82341606914997 5.440795429050922 237.6813534237444 24.69399726390839 0 43.78382398933172 8.795757353305817 100.2760736718774 135.8761523887515 33.50791680812836 127.4680021256208 318.0886400192976 8.684060901403427 120.3623542785645 7.737429141998291 0 2.141420222818851 1.279485858976841 10.89518228918314 0 0.2652391269803047 0 0.6522880792617798 2.162587195634842 3.038458026945591 1.296462990343571 1.520703710615635 770.6650155186653 12.2784471064806 0 8.307337552309036 7.04580832272768 4.832752473652363 1.865962460637093 2.034292049705982 0.3454835563898087 5.143363438546658 8.137159384787083 2.366992183029652 1.83672371506691 26.79769705981016 8.221052378416061 10.14300958067179 32.34827606379986 22.73679783940315 33.99950809031725 54.94433651119471 0.08706103265285492 0.1270520836114883 0 0 0 0 0.3202184736728668 0 0 0 0 0.2566405832767487 0 0 0 0 0 0 0 9.938944883644581 5.911038681864738 0 0.7256726697087288 0.09176670014858246 12.31534991413355 7.846487812697887 7.13013057410717 0.2978609949350357 0.1937007904052734 0 0 0.08346088975667953 0.4845156371593475 0.08979036659002304 0 0 1.529086410999298 1.253632389008999 0 0 0 0 0.2329654693603516 0 0.2161559015512466 0 1.386770404875278 1.401281207799911 0 1.048694230616093 0.5339073538780212 48.21150796115398 7.616027928888798 0.3231355547904968 0.1609528660774231 0.3595145046710968 0 0 0 0 0.1239166259765625 48.97894781827927 0.5695938169956207 0 0 0 15.6600299552083 6.368175327777863 4.521159209311008 1.199382461607456 2.249027885496616 3.237564526498318 1.242755971848965 1.644155509769917 0.2222087532281876 0 0.1831437945365906 0 0.07479670643806458 0 0 0 56.03036511689425 6.582421585917473 4.256909631192684 423.5074860304594 42.7925271615386 307.5340731181204 130.3916355296969 329.3818141967058 62.26085644960403 8.186732791364193 136.9740112423897 2.245911367237568 0.2777422964572906 2.933824732899666 1.292197905480862 13.18420498818159 0.4592147991061211 0 0.7115531116724014 0.1864057779312134 0.3007236421108246
