0 3420.758893914521 726.9051942527294 1139.271039567888 38.37405636161566 124.119629919529 345.1402289792895 45.04089526087046 22.10883641988039 1146.715722553432 44.88995549827814 26.72519488632679 217.5379396826029 11.98483030498028 0 0.4871338307857513 0.08051962405443192 0 0 0.1938842684030533 0.2500659227371216 0 0 0 0 0.1229652762413025 0 0 0 0 577.9851556941867 14.16912070661783 6.793840661644936 0 0 0 12.68859924376011 0 1.168148189783096 0.1181333586573601 0.1102958098053932 0.08817585557699203 0 0.1028685048222542 0 0 34.83579039573669 1.220165267586708 0.1568901389837265 0 0.1014974787831306 0.2002413123846054 0 0 0.1076558157801628 1.707747377455235 258.2812637835741 1085.952792033553 11.23487347364426 8.17170350253582 0.3367820903658867 2.132551573216915 0 51.7347784563899 1.386681348085403 0.870417520403862 0.7317948788404465 0.523509755730629 0.1260774880647659 0.4673117399215698 21.74446640908718 27.2814634218812 0.7787291407585144 118.150224648416 34.45113005489111 10.12590252608061 3.647006057202816 1.038193382322788 2.344634108245373 40.76123867928982 0.3476422727108002 8.382824800908566 8.113769084215164 1.427916564047337 0.865137130022049 0.9275062680244446 0.5946047902107239 1.140011757612228 0 0.3747057318687439 0.1875924691557884 0 0 0 0 221.4041805714369 14.70346032083035 2.043805792927742 2.627098828554153 1288.143461726606 0 0.5126639604568481 0.3198440670967102 0 0 4.330259785056114 0.6078076958656311 4.171222075819969 8.879308551549911 7.962314769625664 0 1.791262418031693 5.341626510024071 2.595664650201797 0.9397004395723343 0.2044684886932373 0 0 0 0 0 0 0 0 0 0 0 0 0.2884007692337036 0.4699223339557648 0 0.1806828826665878 0.1824100613594055 0 0 0.2171441912651062 0 0 0 0.7107841596007347 0 1.246381387114525 0 0 0.1425868719816208 0 0 0 0 0 0 0 0 0 0 0 0 0 0.08138787746429443 0 0 0 0.4396189451217651 0 0 0.1589941680431366 1.899541348218918 0 0 0.1929711401462555 0 0 0 0.1335742771625519 0 0 3.863625541329384 0.5291928648948669 0 0 0 0 0 1.213160902261734 0 1.292388439178467 0.7245834022760391 0 0 0 0 0 0 0 0 0 0 0.5082288235425949 1.231267899274826 2.20261961966753 35.91191950440407 11.37107982486486 41.15262094140053 31.80354596674442 1618.082299120724 18.00154409557581 4.737875662744045 7.385541222989559 0.5675701349973679 0.5350909233093262 0.8919942229986191 0 2.146186590194702 0 0 0 0.214445486664772 0
3420.758893914521 0 2832.882753171027 309.2186148613691 1552.370646491647 86.8813359439373 3153.875120282173 293.9779243692756 1008.934571869671 540.9752412587404 2216.465106837451 66.52883689105511 907.5222725793719 123.7353736236691 5.621478736400604 1.273863725364208 0.7656723409891129 0 0 0.5391193181276321 1.876503385603428 0.151564821600914 0.1708837896585464 0.4406276643276215 0.3019687235355377 0.8178624361753464 0.2198944240808487 0.1037923246622086 0.5444014817476273 0.4454195946455002 2243.173365831375 79.08121719956398 9.503861010074615 0.4715125858783722 0.7153909057378769 0.3711622953414917 4.329065583646297 0.4574954211711884 1.221859015524387 1.001270622014999 1.307520285248756 1.519288897514343 0.2068044394254684 1.646305292844772 0.1412605792284012 1.227682195603848 335.9906858801842 6.4971594363451 0.4165490195155144 0.3597792536020279 2.224426306784153 0.1073291078209877 0.1350779384374619 0.5499403327703476 2.702545009553432 20.72226717323065 135.5592126175761 1173.903321348131 18.66930989921093 61.13934108614922 2.183164656162262 2.498055227100849 0.502184696495533 384.8789591491222 17.43764431774616 9.819711782038212 4.450744293630123 2.013727895915508 0.2264627665281296 3.557960718870163 4.084265775978565 12.02073658257723 0 359.2751449495554 199.6033177301288 152.1102371737361 67.53566259145737 5.386282362043858 12.46419507265091 545.9565747976303 7.308651976287365 35.42615048587322 55.62815731018782 1.412301532924175 9.140738844871521 13.5133348107338 2.598915323615074 0.5322252213954926 2.955135747790337 0.2177356407046318 0.4865892603993416 0.4527260512113571 0.109740674495697 0.4121546894311905 1.242215059697628 205.9004697650671 2.088810056447983 0 1.006153769791126 631.5949443727732 0 1.197660088539124 2.190043166279793 4.314238518476486 2.812399059534073 28.69779127836227 0.9101705998182297 13.25568994879723 54.71101522445679 23.54073216021061 4.738043174147606 20.54801801592112 29.00871914625168 31.12286825478077 14.49076379835606 0.2865602150559425 0.2874859869480133 0 0 0 0 0 0 0.1041547432541847 0 0 0 0.1254896819591522 0 0.4137045741081238 0 0.2626591324806213 0 0.340781182050705 2.239802487194538 0.9485102891921997 0 0.1827883869409561 0 11.61343267560005 0.1924807131290436 7.593324840068817 1.214888349175453 0.1856877058744431 0 0 0.1233560517430305 0 0.1213714554905891 0 0.1667109727859497 2.259390264749527 5.036578789353371 0 0 0.1059626117348671 0.2348137944936752 0.1636572033166885 0 0 0 0 0.7946590185165405 0 0 0.2635307610034943 9.798952043056488 4.333384901285172 0.972948282957077 0.1194981262087822 0 0.1201417520642281 0 0 0 0.2447220906615257 41.36106824874878 0.4480249583721161 0 0.102063849568367 0.3691826313734055 6.511329516768456 0.8620712757110596 2.649619176983833 2.702486351132393 1.591717392206192 5.242756672203541 1.783733680844307 1.66392719745636 0.65960893034935 0 0 0.1176794096827507 0.1104521900415421 0.09842143207788467 0 0 22.6520549505949 7.250152796506882 5.762527942657471 181.3909380808473 64.55850153416395 309.6590017750859 95.08992964029312 662.7811323329806 79.10657279193401 22.58568739145994 67.07152115553617 3.36253660172224 0 5.618711225688457 0.3607722669839859 1.90884368121624 0.8147337585687637 0.4955689907073975 0.7459557577967644 1.752874478697777 0.4333796352148056
726.9051942527294 2832.882753171027 0 15.74659395217896 803.1993106603622 8.365970820188522 523.5826850086451 1270.858224786818 231.3961338922381 33.59527723491192 2857.60473959893 3.13715535402298 72.04843796789646 79.63890164345503 13.98132982850075 7.183348380029202 3.350733615458012 0.7877076268196106 0 2.349979050457478 10.54977279901505 0.3975295871496201 2.329521991312504 0.9443011879920959 0.5174490809440613 0.7560346126556396 1.402413226664066 0.5685618370771408 0.5690876096487045 0.8256267905235291 4002.623967751861 232.4644307345152 25.6438582316041 0.4067103564739227 3.016737028956413 2.109471388161182 1.193741373717785 0.5934039652347565 1.08686800301075 2.080704011023045 6.309815660119057 6.347896717488766 0.09055434912443161 3.037584237754345 0 2.937072359025478 68.64417061954737 1.92869234085083 0.6619895920157433 0.9431213214993477 5.876859180629253 0.8400247991085052 0.2189773246645927 0.8620722144842148 0.2858452871441841 3.878683030605316 60.04754134267569 832.6430366635323 5.546226195991039 10.43236075341702 6.216448962688446 13.66985246539116 0.5471912547945976 787.2160542830825 3.094449549913406 2.119711130857468 1.193513914942741 7.878407470881939 2.564643532037735 14.44288010150194 0.4017685577273369 5.60507844388485 0.1136069297790527 100.0248353853822 59.12784752994776 40.12806122750044 43.27133695781231 11.43053983896971 94.72250007092953 1769.718619726598 20.62404890358448 383.59878025949 7.73244222253561 0.3345566168427467 2.201913714408875 2.383544817566872 2.003796204924583 0 0.3816862106323242 0 0.8669339567422867 0.5757013484835625 2.241394490003586 2.592782206833363 3.752439454197884 19.27100324630737 0.1874545812606812 0 0.8972809463739395 223.6497680619359 0.2203542292118073 0.6708948016166687 1.750619769096375 0.4625427722930908 0.1276689767837524 3.977544441819191 1.522319972515106 4.598706364631653 8.99009895324707 5.772444076836109 1.034386046230793 5.570232748985291 9.877113819122314 7.051518678665161 4.819704055786133 0.09206721186637878 0.4567696154117584 0 0.4077776968479156 0 0 0 0 0.1432455778121948 0 0.2053971290588379 0 0.3869690895080566 0 0.5901462137699127 0 0.3324282988905907 0 0.1354983747005463 0.7324908375740051 0.4081325083971024 0.3607341647148132 0 0.3342478275299072 3.758056476712227 0.2303500324487686 5.296777099370956 2.181109875440598 0.1460021883249283 0.3265703022480011 0.1203598901629448 0.09544194489717484 0.7074743509292603 0 0.1341707557439804 0.1167756915092468 0.1653721928596497 1.436163187026978 0 0.2082200050354004 0.3492366224527359 0.8890418186783791 0.7937845066189766 0.09557749330997467 0 0 0 0 0 0 0.1118481233716011 4.480873927474022 0.6558991372585297 0 0.2895090281963348 0 0 0.135839968919754 0.1283004581928253 0 0 17.08721189200878 0.4016953557729721 0 0.40566585958004 0.5636236518621445 0.9018062278628349 0.239370234310627 0.5337866619229317 0.3333086222410202 0.3342733383178711 2.775669671595097 1.212681785225868 0 0.2926051989197731 0 0 0 0.2341645956039429 0.1151597499847412 0.3437933623790741 0 8.287278369069099 3.866515800356865 3.869855299592018 91.22965783625841 30.75823503732681 126.7809909284115 37.6926498785615 124.4953506290913 27.12029110640287 5.985120236873627 34.31354437768459 1.764526873826981 0.2500053867697716 0.8035479113459587 0.1090496703982353 0.2909612357616425 0.1367011964321136 0 1.359858624637127 2.349437952041626 0
1139.271039567888 309.2186148613691 15.74659395217896 0 40.74626859277487 197.2266840189695 938.319340094924 0.7520795315504074 133.2420565858483 1463.723265171051 6.687069393694401 72.13244454562664 1749.546640843153 34.30900956690311 0.9218098521232605 0 0.0948808342218399 0 0 0 0 0 0 0 0 0 0 0 0.1202962473034859 0 115.0347474291921 4.819700621068478 1.777852803468704 0.1045984625816345 0 0 0.9400072246789932 0 0 0 0 0.1514856219291687 0 0.1233003586530685 0 0 66.1747971996665 1.795844256877899 0 0 0.7110516726970673 0 0 0 0.2957756519317627 3.739237129688263 23.67968357354403 158.4336000159383 2.784879289567471 11.80068600922823 0 0.2398215085268021 0 56.78001122921705 2.734921537339687 2.028313435614109 1.363428235054016 0.1201220229268074 0 0.09524624794721603 0.1104923188686371 2.294788211584091 0 70.86286601424217 35.15121722221375 28.21929823607206 7.780674539506435 0.6564634516835213 0.9272282645106316 1.970536932349205 0.4580501392483711 1.587817713618279 11.90880740433931 0.2301780879497528 1.861205548048019 3.401184916496277 0.7065453454852104 0 1.096006594598293 0 0.4469886422157288 0 0 0.1811215877532959 0.3324781358242035 212.2546235024929 0.352612167596817 0 0 76.09991122037172 0 0 0.6356430351734161 1.222280725836754 0.1495787054300308 9.039511308073997 0.2965344786643982 7.435753032565117 46.91881455481052 11.89197710156441 1.229539647698402 7.882442563772202 8.994686186313629 6.136337041854858 2.512223049998283 0 0.1552751660346985 0 0 0 0 0 0 0 0 0 0 0 0 0 0 0 0.1623559892177582 0 0.2889188528060913 0.1471035182476044 0 0 0 2.330330267548561 0 0.4634128510951996 0 0.1127611547708511 0 0 0 0 0 0 0 0.2397759407758713 1.245396956801414 0 0 0 0 0 0 0 0 0 0.5478873252868652 0 0 0 3.107294648885727 0.7194306403398514 0 0 0 0 0.1949272006750107 0 0 0 7.711523301899433 0.1927528381347656 0 0 0 1.35462948679924 0 0.3571066856384277 0 1.054500922560692 0.4116371273994446 0 0.2641556411981583 0 0 0 0 0 0 0 0 6.028723865747452 0.3059044480323792 1.558546662330627 42.13698764145374 11.49928130209446 71.37132295966148 17.90105388313532 284.9427675232291 20.31194865703583 2.678080856800079 13.84513281285763 0 0 1.0680832862854 0 0.1283391714096069 0.1276301443576813 0 0 0.1021827533841133 0
38.37405636161566 1552.370646491647 803.1993106603622 40.74626859277487 0 8.149360001087189 2403.076810792089 171.1716447323561 3495.565080009401 260.3314267918468 3166.013052880764 50.64194448292255 1478.679692775011 137.9813781455159 3.800525724887848 0.0808662474155426 0.3653827607631683 0 0 0.2702225372195244 0.3112416863441467 0 0.1472661048173904 0 0 0.1003784686326981 0.1762933880090714 0.1881910264492035 0 0 74.03205931186676 34.35502795130014 2.054737493395805 0.1562525779008865 0.1012993827462196 0.1307360082864761 3.210897721350193 0 0.3988851010799408 0.1492089629173279 0.2616373747587204 0.3603549674153328 0 0.2115407735109329 0 0.8521277755498886 99.5540694668889 2.237920172512531 0.08917388319969177 0.1346721798181534 1.286748863756657 0 0 0 0.7924005910754204 4.912308998405933 6.834093816578388 31.38800960034132 2.462134584784508 19.44315893948078 2.277596913278103 0.6048552915453911 0.1314647942781448 83.30005335062742 5.74792156368494 1.739638060331345 1.377993546426296 0.8659322708845139 0.1277500540018082 1.565946526825428 2.125999495387077 13.43497096002102 0 47.12211265414953 41.90920999646187 43.88649102300406 38.79877023398876 2.811237908899784 8.148193754255772 114.2866702601314 5.226546928286552 11.32257311791182 11.24439496546984 0.5931583121418953 1.933985069394112 3.319358147680759 1.818688772618771 0.1327433884143829 0.5619344711303711 0 0.3866839855909348 0.2770094498991966 0.3020045533776283 0.8888168707489967 0.946550190448761 97.25970408320427 0.5831576883792877 0 0.3473993837833405 5.444658033549786 0 0.8010636568069458 3.082793280482292 4.495621651411057 2.008551329374313 31.327013887465 0 16.00962656736374 30.36047400534153 22.83106535673141 6.132451131939888 18.70410148799419 34.54172687977552 26.94672663509846 18.39023701101542 0.1493706554174423 0 0 0.1603120118379593 0 0 0 0 0 0 0 0 0 0.1391574740409851 0 0 0 0 0 1.175000801682472 2.533693224191666 0 0 0 8.322807304561138 0 11.50945040583611 0.1557552069425583 0 0 0 0 0 0 0 0 2.211152985692024 5.346834629774094 0.3341017514467239 0 0 0 0 0.4605629742145538 0.2473423331975937 0 0 0.3894824981689453 0 0 0 10.97123485803604 0.8507604897022247 0.2359699606895447 0.1668545752763748 0 0 0.1011001244187355 0 0 0.1271454989910126 54.91110768169165 3.517207399010658 0 0 0 4.513170436024666 2.163493886590004 2.708232387900352 1.921678155660629 3.374436624348164 5.870799757540226 0.7340871095657349 1.181835390627384 0 0 0 0 0 0 0 0 26.84467365592718 9.177662551403046 6.101429186761379 91.47992585599422 30.64455234259367 126.3419767618179 25.14189693331718 75.45753002166748 31.87008742243052 6.863269530236721 34.34484981000423 1.143554389476776 0.5622950941324234 6.488796666264534 0.09493064880371094 0 0 0 0 0.7166141271591187 0
124.119629919529 86.8813359439373 8.365970820188522 197.2266840189695 8.149360001087189 0 53.70515856146812 0.1778889000415802 31.66900172829628 649.4050130546093 3.73934717476368 231.6585886627436 241.8726203143597 25.27610196173191 0.5203111246228218 0.292839951813221 0.1561076492071152 0 0 0 0 1.739252850413322 0 0 0 0 0 0 0.1501327157020569 0 13.35300064086914 0 57.6507523804903 0 0 2.377561271190643 90.94694235920906 0 12.20927404612303 0.5347198396921158 0 0 0 0.1808472722768784 0 0 3.199353069067001 0.1048484668135643 0 0 0 7.266251809895039 0.1740006655454636 0 0 1.117286704480648 242.6001602932811 26.45323912799358 0 0.3769552633166313 4.909360229969025 12.72766488790512 1.224508479237556 4.156316444277763 0 0 0 0 0 0 172.5442124158144 357.8821655660868 4.179418869316578 3.518359251320362 1.280873283743858 2.349380508065224 1.376364134252071 0 0.1849200278520584 7.634394265711308 0 3.553095057606697 0.4328180253505707 5.526586122810841 0 0.4189784228801727 0.148236945271492 2.413789242506027 1.32493431866169 12.74395975470543 0.1498899608850479 0.175902470946312 0 0 0.125813364982605 366.4597843438387 143.950528755784 39.71541217714548 44.52050393819809 1031.346315741539 0 0 1.096482276916504 0 0 0.7499363869428635 0 0.1486621797084808 2.578550636768341 0.8451997637748718 0.5112236142158508 0 0.3887990266084671 0.8851673230528831 0.6362792998552322 0 0 0 0.3356848061084747 0 0 0 0 0 0 0 0 0.1171860918402672 1.132133200764656 0 0 0.7773711085319519 1.747926726937294 0 0.1271084994077682 0 0 0 0 1.496395714581013 0.1348121762275696 2.395293354988098 2.074725165963173 0.9650649502873421 0 0 0 0 0 0.2279647439718246 0 0 0.2812151908874512 0 0 0 1.602280259132385 0 0.08967985212802887 0 0.09159101545810699 0 0 0 0.1883663982152939 0.2967635095119476 1.005800113081932 0.3556626737117767 0 0 0 0 0 0 0 0 1.743798658251762 2.424237415194511 0 0 0 0.3990608155727386 0.3319730162620544 0 0 0.1707065552473068 0 0 0.2283216416835785 0 0 0 0 0 0 0 0 0.1585569232702255 1.360549435019493 2.924040250480175 7.892307497560978 0.5078130960464478 3.602799914777279 1.839298285543919 353.9554033055902 1.915550202131271 0.7299665957689285 1.253972291946411 0.5431800484657288 0.2047615051269531 0.4309429526329041 0 0.8233460336923599 0 0 0.1902681142091751 0.1359441429376602 0.3633721321821213
345.1402289792895 3153.875120282173 523.5826850086451 938.319340094924 2403.076810792089 53.70515856146812 0 29.69783645123243 1279.684843070805 948.843163728714 227.932728715241 121.6961306482553 3489.727019418031 1118.768520474434 10.50498446077108 1.339329153299332 0.5495692044496536 0.702575147151947 0 0.543354757130146 0.2387172877788544 0 0.2415361553430557 0.5034382566809654 0.1032942607998848 0.2908143624663353 0.09958929568529129 0.1271462589502335 1.805061489343643 0.2537248432636261 370.623047247529 70.23270601034164 10.7757850587368 0 0.170123964548111 0.4138732850551605 3.531692683696747 0 1.072995990514755 0.2469572424888611 1.465075634419918 1.17196810990572 0 2.902767673134804 0 1.651234805583954 430.477818980813 9.63611002266407 0.7662558183073997 0.2884729951620102 4.154573731124401 0 0.1363790929317474 0.5947336927056313 2.55444997549057 27.67520123720169 53.31055668741465 289.3437951803207 14.89821725338697 73.00880071520805 4.960555344820023 2.017972931265831 0.2057569250464439 312.3901076689363 22.54062509536743 14.82732573896646 5.691180542111397 3.520557157695293 1.045892834663391 3.05983978509903 2.475672870874405 32.43140384554863 0.2335211113095284 268.521666906774 181.7660611644387 212.3212713524699 114.2479661554098 7.983535930514336 12.60916884988546 36.40130239725113 10.00270140916109 28.04659789800644 63.35188812017441 2.48128542304039 13.53865331411362 20.86417161673307 6.03764683753252 0.4010393619537354 5.887761257588863 0.2409666627645493 1.108393132686615 0.9034942984580994 0.3228802680969238 0.9548808038234711 2.385640986263752 326.4033555388451 4.345399618148804 0 0.4597983136773109 52.11714503914118 1.810678482055664 0.5824748575687408 15.52613930404186 19.45919501781464 12.01309619098902 92.71218848228455 1.564712963998318 40.72162657976151 135.7230553925037 71.93379655480385 20.14566321671009 58.7431066185236 102.6381608843803 73.88356176763773 62.74097381532192 1.398841850459576 1.423396870493889 0 0 0 0 0.2850557789206505 0 0.2166024446487427 0 0 0 0 0.1982136070728302 0 0 0 0 0.2793553471565247 5.255526922643185 6.626269593834877 0 0 0 21.98612197488546 0.2206337451934814 24.73286610841751 1.619273692369461 0.1068068146705627 0 0 0 0.7599649429321289 0.2203667312860489 0 0 4.219093263149261 11.41574482619762 0.09550955891609192 0.2952720522880554 0 0.09576041996479034 0 0.09534657746553421 0.3640891313552856 0.2770171761512756 0.1404674798250198 3.405256450176239 0.4585154205560684 0 1.615546703338623 43.13184072077274 6.574239857494831 0.9002993851900101 1.294709488749504 0.3803086504340172 0.50128223747015 0.220578521490097 0 0 0.1663558185100555 168.4420495927334 5.286510705947876 0 0.1321445107460022 0.2890392541885376 11.45810373872519 3.437152549624443 4.62629134953022 5.10451602935791 9.705853655934334 15.09508465975523 6.248086646199226 4.497152797877789 0.637001745402813 0 0 0 0.1683174967765808 0 0 0 71.89740924537182 24.86202528327703 19.43543054908514 254.7883662283421 116.2146314904094 474.3067379742861 115.1820066869259 461.9710659086704 108.3384881690145 31.96831975132227 98.29160053282976 9.330856285989285 4.078319370746613 10.84923687577248 1.594988107681274 3.353668510913849 0.429101899266243 0.1380563974380493 2.978233866393566 3.76846531778574 1.972482845187187
45.04089526087046 293.9779243692756 1270.858224786818 0.7520795315504074 171.1716447323561 0.1778889000415802 29.69783645123243 0 157.0507968813181 4.173886932432652 2206.011750869453 0.7370537221431732 20.98525989800692 27.07134293019772 16.14388047158718 9.556629650294781 4.885489583015442 1.555703371763229 0.3109278455376625 6.796001389622688 22.61698734760284 0.2846767455339432 1.348202928900719 1.080852009356022 0.4201265126466751 0.9879765957593918 0.6535320356488228 0.7107596769928932 0.1420478671789169 1.189954549074173 1257.155901879072 977.7349141165614 18.8774766176939 1.72391664236784 3.662934400141239 3.859051413834095 0.8411598429083824 1.120310932397842 1.411125250160694 2.058581463992596 13.07667708396912 12.65452767163515 1.375132545828819 5.764381907880306 0.8090310096740723 16.4911085665226 145.6927260905504 4.995871655642986 1.327732376754284 5.201971761882305 13.74296825379133 1.321554683148861 0.2319281995296478 2.618293911218643 0.5515940338373184 4.860693581402302 14.67886163294315 148.1694935932755 3.328039959073067 17.26763954758644 32.5178832039237 35.17798610776663 1.762644045054913 526.8624490424991 3.811381250619888 6.346367977559566 4.811906985938549 18.62192312628031 6.425311960279942 41.41438263654709 1.782539419829845 4.400374382734299 0 62.30763458460569 75.73187696188688 75.35574322193861 110.0205871686339 144.0826430395246 1043.636948660016 2486.740062758327 162.8282823935151 1953.147460140288 14.07751005142927 0.388910211622715 2.945669271051884 4.075206138193607 9.991551131010056 0 2.052479423582554 0.1868778467178345 2.457547508180141 2.644658595323563 8.013231419026852 7.565764345228672 12.44708630442619 1.633780427277088 0 0 0.2644070833921432 21.781424023211 0 0 0 0.3104255199432373 0.1255539208650589 0.6134989112615585 0 2.76605998724699 1.569402575492859 3.514380648732185 0 2.400875061750412 4.262635588645935 1.92872616648674 2.621219880878925 0.1512899845838547 0 0 0 0 0 0 0 0.1582919657230377 0 0.274216465651989 0 0 0 0.302749902009964 0 0.4062025174498558 0.1702436953783035 0 0 0.9033061265945435 0 0 0.5481045246124268 3.425420701503754 0.2708752453327179 2.097468815743923 0.8363791778683662 0.3653917834162712 0.149192601442337 0.1345012784004211 0.6469366028904915 0 0 0 0 0.6210014820098877 0.9706122726202011 0.1750544607639313 0.3895046189427376 0.3526522666215897 1.189485967159271 0.7084238678216934 0 0.2567292749881744 0 0 0 0 0 0.4624185711145401 3.72537837177515 1.085377901792526 0 0.4213277995586395 0 0 1.099441669881344 0.101065032184124 0.1013048738241196 0 5.748965136706829 0.894633874297142 0.1501001864671707 0.5937153697013855 2.279451444745064 0.3037596493959427 0.1072035357356071 0.6018009781837463 0 0 0.3522498309612274 0 0 0 0 0 0 0.4379290789365768 0.3243947625160217 0.2284657135605812 0.7356084734201431 2.871973931789398 2.262162551283836 4.185267336666584 145.7717724889517 32.5417143329978 215.8379639834166 42.7834273353219 61.7411594837904 35.35890731215477 5.846668310463428 57.35383665561676 1.974785156548023 0.2680118680000305 0.9676646068692207 0.245616689324379 0.3470983505249023 0 0 1.973281681537628 2.223201528191566 0
22.10883641988039 1008.934571869671 231.3961338922381 133.2420565858483 3495.565080009401 31.66900172829628 1279.684843070805 157.0507968813181 0 551.7491059750319 3792.729838885367 155.171462610364 4577.937336727977 1148.900829002261 22.58146973699331 8.174409009516239 3.585349477827549 0.5093512311577797 0 3.238608464598656 5.182574108242989 0.6907353326678276 0.9456310868263245 0.5492239519953728 0.5444651320576668 2.568583130836487 0.5462973415851593 1.856903038918972 1.34909413009882 0.4597582444548607 53.09527800232172 95.89067970216274 20.60046991705894 0.4435452520847321 0.8969366326928139 1.39114710688591 9.853721506893635 0.1379862427711487 2.326530247926712 0.874754324555397 7.351574547588825 5.687427900731564 0.7150227203965187 3.556392818689346 0.3931994438171387 5.875647433102131 281.7660055980086 6.272739715874195 1.335739649832249 1.818430118262768 7.846675217151642 1.232786811888218 0.530704565346241 2.201692402362823 1.26662103831768 12.11289037019014 13.54088710993528 48.56460039317608 6.031194619834423 35.20524014532566 17.23579621315002 3.197953388094902 0.9572392776608467 144.0909204632044 11.14135160297155 7.276807561516762 4.237010627985001 8.892028301954269 3.641830004751682 16.0557242333889 12.75064732134342 62.39484161138535 0 86.22876094281673 82.00235667079687 123.190607227385 145.4112488999963 15.93884310126305 56.3580109924078 108.7623009607196 46.49294079095125 123.0036425516009 29.44041561335325 0.7765733301639557 6.663558520376682 9.820889338850975 6.048707388341427 0.2701662331819534 3.843819178640842 0.09461109340190887 1.987698338925838 1.185158856213093 1.971909277141094 3.702680014073849 6.559617809951305 496.0472823157907 7.915228277444839 0 0.4999328926205635 15.21562130004168 1.187680527567863 0.3496184051036835 13.09844237565994 25.86777509748936 11.9674309939146 114.5963349789381 1.911505058407784 62.94655358791351 123.6086158156395 111.7935818731785 27.92046017944813 85.57969589531422 142.3472509533167 118.025189332664 81.37686635553837 2.382451094686985 1.295493766665459 0 0 0 0 0 0 0.1376387923955917 0.3122058063745499 0 0.2156773209571838 0.3294672444462776 0 0.3272562772035599 0 0 0.1103826314210892 0 4.782475255429745 8.470682196319103 0.1503214985132217 0.1337650567293167 0 37.63408320397139 1.850856214761734 38.9181419685483 2.331974633038044 0.1061820089817047 0.6016277223825455 0.130641296505928 0.1546192765235901 0.5517683625221252 0.1468751281499863 0.5893299281597137 0.117482103407383 5.896213285624981 9.741006933152676 0.8204754143953323 0.3996851444244385 0.2896286100149155 0.3564617782831192 0.5447711870074272 0.2353775799274445 0.7480737417936325 0.1014175415039062 0.250874251127243 2.368121236562729 0.1066386625170708 0.2547556310892105 0.6165004074573517 60.83257936686277 14.43836718797684 1.857798725366592 0.491032749414444 0.5240232944488525 1.013468682765961 0.5738027915358543 0 0 0.3884410187602043 271.0894052535295 6.381644077599049 0 0.2845418006181717 0.9303101226687431 19.44156516343355 4.550738781690598 5.702125489711761 5.456901893019676 9.786568388342857 18.48982682079077 7.071398004889488 2.652905330061913 1.157725527882576 0.1347555816173553 0 0 0.4790991023182869 0.5526997745037079 0 0.1689772456884384 129.1090199872851 47.41359361261129 44.00213769823313 500.1621838063002 121.6841697767377 564.2984797134995 133.1969394162297 239.2466235458851 123.3053215816617 16.80169485509396 182.0678937360644 10.2804628610611 2.81837897002697 15.12321443110704 2.011918671429157 5.896377794444561 2.290672302246094 0.6651560515165329 6.083005055785179 10.99050226807594 1.442650884389877
1146.715722553432 540.9752412587404 33.59527723491192 1463.723265171051 260.3314267918468 649.4050130546093 948.843163728714 4.173886932432652 551.7491059750319 0 44.88778242468834 642.3796160072088 4296.018628820777 90.29469069838524 3.369222104549408 1.240768477320671 0.1428182274103165 0 0 0.1267437338829041 0.5013091787695885 0.4472090303897858 0.1191917136311531 0 0 0 0 0 0.1247385069727898 0.1758740693330765 80.39416375756264 10.38305211812258 23.30409120768309 0 0.1658940613269806 0.2480326145887375 16.61120189726353 0 0.6650745123624802 0.2671481668949127 0.4214282780885696 0.777293398976326 0.1873111426830292 0.2280924096703529 0 0.1199715211987495 116.2063751891255 2.435757927596569 0.1857627257704735 0.2066002637147903 1.140743806958199 0 0 0.3334857970476151 0.694305494427681 6.002251118421555 39.40989881008863 112.9582461863756 4.920356191694736 18.10593572258949 0.4186195731163025 0.4780923575162888 0.1044262796640396 70.9065700173378 6.006275303661823 2.53857658803463 1.328783072531223 0.4973974749445915 0.2234688550233841 0.824031189084053 48.43243470788002 47.81104296445847 0 78.97481342405081 46.37460356205702 53.49630255997181 23.3264289945364 2.438056625425816 1.773891411721706 10.00250941514969 2.606904678046703 7.072282359004021 15.32346279919147 0.7768876403570175 3.664241634309292 4.208319120109081 1.811906903982162 0.09045916795730591 1.243371404707432 0.3033869713544846 0.4980733841657639 0.2532861307263374 0.2474835366010666 0.109397865831852 0.9861291274428368 1995.648053482175 20.82197707891464 0.8551749289035797 3.679931178689003 590.9024424627423 1.173866257071495 1.398702397942543 14.95199707150459 55.75505405664444 14.20009262114763 180.420642092824 4.258641131222248 98.60659978538752 262.3197224885225 158.7025821805 35.96565585583448 110.6921213939786 186.2288306877017 171.7717123031616 53.7600147947669 0 0.5813010856509209 0 0 0 0 0 0 0 0.2508861273527145 0 0 0 0 0 0 0 0 0 2.972839765250683 4.936669938266277 0 0 0.2408106774091721 23.10103582590818 0.304555207490921 16.93001516163349 0.148298516869545 0.6317562982439995 0.1766310185194016 0.1065970212221146 0 1.064397424459457 0.2720346748828888 0 0.2442828714847565 3.174627915024757 11.29484269768 0 0 0 0 0 0 0.4867278635501862 0 0.6036517322063446 6.038535952568054 0.3122964799404144 0.148476168513298 2.159083649516106 25.62196560204029 11.61978840827942 0.6631218269467354 0.396501287817955 0.5573547407984734 0.3272250890731812 0.09729228913784027 0 0 0.1445896476507187 129.2187210768461 4.201109200716019 0 0 0 12.32737183570862 0.5866051316261292 2.888152658939362 4.624105334281921 14.89065807312727 17.46904690563679 5.226884350180626 5.286623388528824 0.9557621106505394 0 0 0 0 0 0 0 126.534398958087 16.75058445334435 11.43946935236454 99.14232960343361 23.33658006042242 151.2991009280086 30.1625994592905 956.4847878292203 38.67500667273998 6.968629337847233 46.29946595430374 5.078035898506641 1.112649112939835 11.69774608314037 0.7136821523308754 6.675932794809341 1.477161228656769 0.294145941734314 1.829636193811893 0.8456940278410912 0
44.88995549827814 2216.465106837451 2857.60473959893 6.687069393694401 3166.013052880764 3.73934717476368 227.932728715241 2206.011750869453 3792.729838885367 44.88778242468834 0 46.91512337327003 2600.417498923838 1285.630844414234 17.06996578723192 10.54936766624451 5.275066487491131 0.6969644576311111 0.1841309070587158 1.660685054957867 7.794928781688213 1.270705610513687 1.93153915554285 1.383906967937946 0.6933628171682358 1.169587440788746 0.7628681287169456 1.382238186895847 1.151797577738762 1.558525890111923 337.5380608811975 146.8700960874557 123.3494387120008 0.6000707671046257 2.04215195775032 2.197857409715652 21.48377105593681 0.1541620641946793 3.39381331205368 3.076098375022411 8.526235237717628 7.121946051716805 0.3829292207956314 3.29812391102314 0.2981545329093933 3.561209134757519 152.6892527118325 2.853878408670425 0.7527432069182396 1.315044090151787 6.51619265973568 2.126219026744366 0.9311724007129669 2.296299993991852 0.506777323782444 4.916041143238544 5.886415980756283 44.46470805257559 2.204855255782604 20.00866071879864 12.59912505745888 6.251083351671696 0.6440400332212448 104.6548189520836 4.160010509192944 4.315740942955017 2.287158466875553 6.526018239557743 1.969922050833702 13.15882432460785 29.31386659294367 22.82848582416773 0.127475917339325 40.92986238747835 44.49975816905499 68.29666254669428 81.69053611159325 16.29572058469057 141.8932614922523 541.7084737122059 25.65503715723753 132.6485565155745 12.26815835386515 0.4471400380134583 3.790517635643482 2.585618391633034 2.54318979382515 0 1.601716935634613 0.3463866040110588 0.8878782093524933 1.244564384222031 1.311652436852455 3.378785908222198 4.716253630816936 63.38461793959141 3.816854387521744 0 0 11.05593994259834 0.1172769665718079 0 1.432358369231224 0.5802888572216034 0.5960433930158615 6.029886946082115 0.4409088790416718 3.064729824662209 7.424304738640785 5.576787948608398 1.102140359580517 5.495802775025368 9.679202407598495 12.826485671103 9.264339178800583 0.1579035818576813 0.246469259262085 0 0 0 0 0.1535325646400452 0 0 0 0.2020707726478577 0 0.4217328503727913 0.3379434049129486 0.3867322951555252 0 0.294375017285347 0.2212617546319962 0.354510173201561 0.9135641157627106 0.3538232147693634 0.763919860124588 0.7654157429933548 0 10.80472977459431 0.8192937821149826 10.06506023555994 1.941268935799599 1.332127831876278 0 0.1297221928834915 0.3061200454831123 0.1904461830854416 0 0.3653323352336884 0 0.9160596430301666 1.823389910161495 0.1636231690645218 0.1067956015467644 0.1119591072201729 1.358963757753372 0.6956678777933121 0 0.4164971858263016 0.08514367789030075 0 0 0 0.5421536713838577 0 11.20251878350973 1.805078878998756 0.1152264550328255 0 0.0753849521279335 0.4078889191150665 0.2087216824293137 0 0.1117402017116547 0.2319187074899673 28.49556008726358 1.196313798427582 0 0.625207431614399 1.524124771356583 1.289643779397011 0.5051503032445908 2.973072752356529 0.6828221082687378 1.738915979862213 2.134213089942932 1.090941086411476 1.378933936357498 0.09911341220140457 0 0 0 0.7033967226743698 0.1345813423395157 0 0.2259165793657303 5.161795727908611 5.48297443985939 7.057601913809776 254.3788466379046 38.60335177928209 274.4110797569156 56.01298069953918 83.28029301017523 56.41688665002584 6.112906530499458 87.4008129760623 4.814174741506577 0.5229780673980713 3.454458020627499 0.6926940456032753 0.1134969890117645 0.3413937613368034 0 2.500838980078697 2.169993661344051 0.9027314186096191
26.72519488632679 66.52883689105511 3.13715535402298 72.13244454562664 50.64194448292255 231.6585886627436 121.6961306482553 0.7370537221431732 155.171462610364 642.3796160072088 46.91512337327003 0 1889.987145259976 110.8490893393755 6.46000762283802 3.749426998198032 0.4895165786147118 0 0.1191432774066925 0.3613752275705338 1.183338522911072 1.180841699242592 0.4747523441910744 0.7590829133987427 0.1252922862768173 0.3450066521763802 0.4885171726346016 0.5916368961334229 0.8186064660549164 0.6326002180576324 2.990183770656586 3.613128654658794 57.53190612047911 0 0.4031465798616409 2.751936331391335 35.78630827367306 0 2.22466254979372 1.056481093168259 1.166014231741428 1.565550096333027 0 0.3834679871797562 0 0.2883268892765045 24.99277819693089 0.1025735139846802 0 0 1.089939698576927 2.32696682959795 0.1290635615587234 0.7515986263751984 0 0.54361941665411 4.026868879795074 4.837311297655106 0.176772803068161 0.6801948770880699 1.015132956206799 0.4324735701084137 0.202154815196991 7.54524327814579 0.4509769976139069 0.2717571705579758 0.1280152350664139 0.4190268963575363 0.7603193745017052 2.889707840979099 44.29324367642403 121.6504521071911 0 5.648293271660805 6.330100640654564 10.8500871360302 12.22442907840014 3.419198028743267 0.5427255630493164 44.31591009348631 1.078168235719204 9.846970789134502 0.9416323974728584 0.1222019270062447 0.1059422120451927 0.08465655148029327 0.1070957779884338 0.864213839173317 0.09199757874011993 0.3355133086442947 0.2926913648843765 0.1154025495052338 0.3551164716482162 0.10204017162323 1.013041362166405 2010.371411077678 78.98089304566383 0.9276754856109619 4.192629635334015 59.99635779857635 0.9051497653126717 0 7.192061886191368 12.62428052723408 4.762331172823906 69.57759882509708 0.9552683383226395 36.79880556464195 67.62920984625816 42.18609280884266 10.92468504607677 50.29854061454535 81.94458609819412 83.32326383143663 42.78348071873188 1.172561757266521 0.8255141973495483 0 0.2299375310540199 0 0 0.1569335162639618 0 0.1678497642278671 0 0 0.3287423253059387 0.2864995896816254 0 0.3796598315238953 0.1243064999580383 0.3912053555250168 0.3584470599889755 0.3758968412876129 4.916406244039536 5.233767278492451 0.1935210824012756 0.6072374880313873 0.4429753720760345 24.47020543366671 1.275887295603752 17.9257507994771 2.040424540638924 0.4680750742554665 0.1205251291394234 0 0 0.4039898365736008 0.2490326836705208 1.019467175006866 0 3.496324062347412 10.30612832307816 0.6349770426750183 0.3729867860674858 0 1.310937806963921 0.2640011385083199 0 0.1461361199617386 0.09181714802980423 0.6678796708583832 2.039768323302269 0 0.1014022082090378 0.8121194243431091 33.68392926454544 8.844037018716335 1.531713642179966 0.7456210106611252 0.1157704815268517 0.1042424216866493 0.1592018306255341 0.09181100875139236 0 0 142.9900570213795 5.711145587265491 0 0 0.2405193299055099 10.04875414073467 0.9399057328701019 4.979481868445873 4.54736702889204 6.843958958983421 10.96819624304771 6.281024426221848 3.129369929432869 0.3414396196603775 0 0 0 0.1632766723632812 0 0.1162800192832947 0 75.66601924598217 32.18662881106138 18.95195680856705 68.7476325109601 10.23614552617073 53.06723114103079 14.77989120036364 113.9659144133329 9.475445672869682 1.026521123945713 22.06854713708162 6.03638594597578 3.180352292954922 11.30536364018917 1.927252203226089 4.063915111124516 0.5315676480531693 0 3.216783456504345 2.17689722776413 0
