0 3014.129210203886 613.3436164781451 3511.171853110194 428.1595074310899 198.0597572624683 584.0630344748497 47.35436596721411 129.8973517268896 2824.922668561339 564.5494400858879 38.94387556612492 189.0928249880672 61.57682141661644 1.795853309333324 0.6492762491106987 0 0.129811093211174 0 0.1896916329860687 0.1577393561601639 0.4878610670566559 0 0 0.3403211683034897 0.8060838729143143 0 0 0.1301209628582001 0 499.1702591180801 2.511677831411362 5.111554384231567 0 0 0 8.733140245079994 0.1059972792863846 3.678341031074524 0 0 0 0.1186429858207703 0.1526237577199936 0 0 13.34089270979166 6.585088230669498 0.1410638839006424 0.1582774370908737 0.318932980298996 7.521197810769081 0.4260265827178955 1.295129328966141 6.640681281685829 7.726898334920406 479.4933246970177 1144.407673597336 53.41653516888618 9.385255664587021 0 0.2695097625255585 0 1.559714041650295 3.649853207170963 1.021273709833622 0.5242457985877991 0.4226638823747635 0 0 38.50376373529434 10.72427362203598 1.001526594161987 283.6361402496696 23.94387077540159 18.25317435711622 2.046266987919807 0.1173843294382095 0.6052893102169037 5.628589659929276 0 0 34.46494192630053 2.044405497610569 4.020806603133678 2.489089287817478 1.22603739798069 5.222405478358269 1.936932265758514 6.052235245704651 0.3072637021541595 1.454551964998245 0 0 0.3121812045574188 281.6145668923855 22.77495118975639 0.9847276508808136 1.483712449669838 1674.138813361526 0 0 0 0 0 5.647589862346649 0 0 238.9515110105276 0.2198994159698486 1.542702078819275 6.478340893983841 4.856438755989075 8.925070017576218 2.160253450274467 0 0.2056085467338562 0 0 0 0 0 0 0 0 0 0 0 0.1384906768798828 0 0 0 0 0 0 0 0 0 0 1.000180602073669 0 0.2885318025946617 0.2178232967853546 0 0 0 0 0 0.5568883717060089 0 0 1.426984906196594 0.6011569052934647 0 0 0 0 0.3775516152381897 0 0 0 0 0 0 0 0 2.064925238490105 0 0 0 0 0.2262578159570694 0 0 0 0 1.816975444555283 0 0 0 0 1.397149085998535 0 0 0 0.3972153067588806 0 0 0 0 0 0 0 0.1771128624677658 0 0 0 0 0 1.373871922492981 105.7651052027941 10.32003205269575 106.3602998629212 17.16836483031511 980.5551592707634 70.58316772431135 2.141797974705696 12.56446711719036 2.868041545152664 0 1.92177951335907 0 0 0 0 0.4253208637237549 0.7469219565391541 0
3014.129210203886 0 1274.281092852354 1310.011787861586 5016.974572345614 256.7068634778261 1957.085394397378 82.46637105196714 937.7405868843198 215.2482887133956 2270.389485761523 9.514838680624962 494.5441715121269 163.9199047088623 27.56778260320425 0.109528049826622 0 0.2154913246631622 0 0.1760032624006271 0.3142297565937042 0 0.129386231303215 0 0.1186696365475655 0.4112945944070816 0 0.1385231167078018 0.1205509006977081 0 2848.3503812626 31.69507969915867 1.647796005010605 0 0.123590961098671 0 3.906174585223198 0 0 0.1154698729515076 0.2687423601746559 0.1099148318171501 0 0 0 0 174.5640016943216 18.47493655234575 0.1232656463980675 0.5085061192512512 0.2518951818346977 0 0 0.2742460370063782 13.46570829302073 16.4200593829155 189.6977550163865 1224.610907748342 42.00831116735935 56.38772842288017 0.2926556766033173 0 0 76.80550101399422 11.17385879158974 3.294398561120033 0.4996280297636986 1.939092457294464 0.7654810398817062 0.9755046963691711 2.334882229566574 0.2251833528280258 0 467.5867879241705 137.2073406428099 228.9644744098186 68.95138807594776 0.8308455795049667 0.2510392367839813 6.223911754786968 1.46954345703125 0.9389492720365524 74.06415609270334 0.4775337055325508 15.85379243642092 7.430098749697208 7.393840327858925 0 1.108038522303104 0.1425794512033463 1.40421487390995 1.492765992879868 0 0.332212895154953 0.6135179027915001 12.42180879414082 0.122755266726017 0 0.1358166486024857 1569.678535103798 0 0 0 0 0 3.252686485648155 0 0 35.48247092962265 0.416501522064209 0 4.742412179708481 7.524912938475609 7.719425901770592 2.911110371351242 0 0 0 0 0 0 0 0 0 0 0 0 0 0 0 0 0 0 0 0 0 0 0 0 0.9489707872271538 0 0.9847663268446922 0.3808176517486572 0.1793578267097473 0 0 0 0 0 0.3034564554691315 0 0 0 0 0 0 0 0 0 0 0 0.5104976892471313 0 0 0 0.2542180418968201 2.187940523028374 0.5019018650054932 0 0.1955575495958328 0.1558629721403122 0 0 0 0 0 4.347531378269196 0 0 0 0.3066071569919586 0.2395292818546295 0 0.5671058297157288 0 0 0.2034340053796768 0 0 0 0 0 0 0.2660141140222549 0 0 0 1.170288890600204 0.3197092711925507 0.3836129903793335 279.9013627842069 49.14218185842037 542.495697543025 73.67874334007502 876.3176093026996 145.0788025334477 12.04109723120928 55.56288723647594 6.247868835926056 0 0.7873928397893906 0.1949929594993591 1.101831316947937 0.193606898188591 0 0.1954393535852432 3.167974650859833 0
613.3436164781451 1274.281092852354 0 44.33622651547194 222.975911423564 69.90011645853519 325.5943410620093 3047.034577444196 264.7958303168416 15.93817415088415 3782.094894319773 6.350916795432568 208.8522493168712 218.6955469697714 52.33743084967136 12.39128237962723 0.5656505301594734 4.902254559099674 0.2437636256217957 12.97595603764057 95.32421867549419 3.003959029912949 3.930125266313553 11.60451754927635 35.54178880155087 214.6567394435406 8.565917603671551 45.00163248926401 24.62009991705418 5.778330989181995 4383.478582017124 1022.036011084914 91.75902159512043 1.306800834834576 5.616399563848972 18.93704422563314 60.3675297126174 70.019530788064 14.21705912798643 58.08304930478334 170.0613957345486 46.68943680822849 5.0986043587327 2.943849094212055 0.1466718167066574 0.2994502037763596 105.7117980569601 5.834299214184284 0 5.226647518575191 51.02770444005728 1.059280440211296 0.5619514212012291 14.96960995346308 4.186466217041016 4.645710200071335 90.66933577507734 805.8789244219661 22.33497247099876 17.38067651540041 0.8477679938077927 96.16910704225302 0.9896396324038506 98.68789853900671 3.099029302597046 2.260225139558315 1.767342910170555 11.68100632727146 45.9046323671937 79.103715531528 18.77409866452217 7.476017482578754 0.1775274723768234 187.584636695683 66.56129886955023 152.1361656710505 81.115583345294 18.16474237293005 519.671147339046 2165.061237640679 0.6775906980037689 795.2401770725846 22.58485780656338 0.4093789532780647 5.551999032497406 2.834485314786434 11.17906259000301 0 4.092349089682102 0 13.63423378765583 6.324820294976234 39.68336790800095 23.08708526939154 11.06701139360666 23.86331870406866 2.464708149433136 0.2187442183494568 0.9491206854581833 259.1979243829846 0 2.846029281616211 1.73866081237793 0 0.9318310022354126 5.644194290041924 0 0.4726517796516418 4.093630611896515 1.979500770568848 1.966104865074158 3.983122900128365 10.2275305390358 15.40394026041031 14.48744763433933 0.5167958289384842 0.09518172591924667 0 0 0.1636840999126434 0 0 0 0.1640880554914474 0 1.424592405557632 0 0 0.2885342538356781 0.2978794723749161 1.240233540534973 0.244323156774044 1.841554082930088 0 0.5404455065727234 0.1664039343595505 0 0 0 1.795055538415909 0.6890145093202591 3.497252896428108 0.3108851388096809 0.1536910980939865 0.3516039252281189 0.1169696971774101 0.3220528364181519 0 0 0.1124601364135742 0.4637701660394669 0.9043508470058441 0.1043314039707184 0 0.2195873409509659 0.1627774983644485 0.08337412029504776 3.474433213472366 0 0 0.09269122779369354 0.3294634521007538 0 0 0.07950178533792496 0.181085430085659 10.14087925851345 0.2468195557594299 0.5655215978622437 0 0 0.1400320082902908 0 0 0.1587634235620499 1.016912721097469 12.68635849654675 0.3071956634521484 0 0.526912197470665 0.5188346728682518 0.4268173277378082 0.5613215267658234 0.9427633211016655 0 0 0.1493467092514038 0.09919346123933792 0.2639506757259369 0.542664110660553 0 0 0 0.138030081987381 0.3307865113019943 0 0 5.96352531015873 5.507885783910751 1.535316243767738 188.1152783334255 21.27703660726547 268.4100769683719 46.21958661824465 274.7816385552287 55.16277666389942 3.064976342022419 50.23897117376328 5.1767817735672 0 4.268017038702965 0 2.564756169915199 0 0 2.266517728567123 2.243104442954063 1.250346668064594
3511.171853110194 1310.011787861586 44.33622651547194 0 164.16997461766 471.0483899712563 1889.399419181049 7.509337462484837 55.47367102652788 1397.600890636444 55.1437264457345 130.8465615957975 1240.052359104156 13.29779977351427 13.57189045101404 0.3899058178067207 0.5101975798606873 0.5622798651456833 0 0.2639228105545044 0.9745028018951416 0 0 0.1586523205041885 0.1175874620676041 0 0.2509116530418396 0.1588687598705292 0 0 134.2823945134878 10.45612331479788 1.065360978245735 0.1496762931346893 0 0 0.5378557294607162 0.1304694414138794 0 0 0.4902791678905487 0.2597631514072418 0.1818546056747437 0 0 0 146.9505038335919 20.68549013882875 0 0.5545080900192261 0.8893662318587303 0 0 0.1538336724042892 15.0844657048583 20.37298530340195 200.9751343280077 636.9871278554201 47.76644970476627 53.90085217356682 0.1623964607715607 0.6527936160564423 0 31.91601991653442 9.192476280033588 5.218991994857788 0.9935417696833611 2.127003230154514 0.112541951239109 1.412816569209099 1.765221282839775 0.4385629147291183 0 548.1047383248806 101.2779876738787 195.6648637354374 34.65732289850712 0 0.3825670778751373 2.403906352818012 0 1.034465983510017 90.69931280612946 0.7276322171092033 17.84990186989307 7.736971534788609 7.139064155519009 0 0.486180454492569 0 1.380532465875149 0.405681774020195 0.6730113625526428 0.2093102633953094 0.6285704895853996 61.62479786574841 0.1546774059534073 0 0.2448753714561462 468.3900062143803 0 0 0.5481560230255127 0 1.6039959192276 5.829044133424759 0.6031621098518372 0 204.6118219047785 1.453264623880386 1.656612038612366 7.648758322000504 5.782221406698227 4.130634725093842 6.389372557401657 0.3637956827878952 0 0 0 0 0 0 0 0 0 0 0 0 0 0 0 0 0 0 0 0 0 0 0 1.210160844027996 0.3333587944507599 0.7922979742288589 0.9181180149316788 0.3450833857059479 0 0 0 0 0 0.654187947511673 0 0 0.1197970062494278 0 0 0 0 0 0 0 0.1291193962097168 0 0 0 0.2440756261348724 0 3.565685592591763 0 0 0 0 0.2007602602243423 0 0 0 0 4.503752395510674 0 0 0 0 0.5474329888820648 0 0.2377901375293732 0 0 0 0.1312343031167984 0.6420385837554932 0.346641793847084 0 0.1312844902276993 0 0 0 0 0 2.469804376363754 1.901632308959961 1.308364316821098 296.4118955209851 51.73420905321836 491.6061498448253 74.28832569718361 601.834287956357 139.2539703920484 11.6659699678421 54.9633890837431 4.170166879892349 0 0.7646005153656006 0.3866609334945679 3.370592355728149 0.9567709565162659 0 0 1.962830364704132 0
428.1595074310899 5016.974572345614 222.975911423564 164.16997461766 0 27.44489270448685 2928.077263467014 134.2390493303537 4924.862782165408 46.95140659809113 2626.329389259219 4.80116081237793 89.81344406306744 435.6309670507908 17.34401000291109 0.1242253109812737 0 0.1769194602966309 0 0.1870384961366653 0 0 0 0.177087590098381 0 0.2246021628379822 0.261753037571907 0.1487703025341034 0.3092401623725891 0.2755206823348999 305.0837932899594 28.56073526293039 0.4492495432496071 0 0 0 1.998451367020607 0.1106261312961578 0.2456339076161385 0 0 0 0 0 0.1927101314067841 0 85.80052021890879 5.12594985216856 0 0 0.2251296043395996 0 0 0.2862734347581863 4.744700565934181 4.216009706258774 27.06371363997459 153.8192783519626 14.22284395247698 18.67141780257225 0.1992795616388321 0.9310756623744965 0 36.94431897252798 3.972111262381077 0.9454542696475983 0.3612549379467964 0.3688814267516136 0.3919419050216675 0.9143294245004654 1.578580930829048 0.1906226277351379 0 113.2118300795555 45.28363051265478 106.7570951879025 39.58603031933308 0 0.2617763578891754 1.34940592199564 0 0.1292599886655807 20.98427174240351 0.7429276555776596 6.499647423624992 2.480641894042492 2.671617530286312 0 0.645340196788311 0 0.477447509765625 0.5096317082643509 0 0.1640158444643021 0.322464644908905 19.46492655575275 0 0 0 57.45017175376415 0 0 1.905662357807159 1.319122552871704 1.557668089866638 8.63561324775219 1.219094157218933 0.212660163640976 8.585253432393074 5.551871463656425 1.508828490972519 10.06614497303963 14.32654069364071 11.03257912397385 9.797204464673996 0 0 0 0 0 0 0 0 0 0 0 0 0 0 0 0 0 0 0 0 0 0 0 0 1.672878056764603 0 0.7773581445217133 0 0 0 0 0 0 0.4843367859721184 0 0 0 1.158871948719025 0 0 0 0.09314720332622528 0.1903092414140701 0 0 0 0 0 0 0 0 7.301874786615372 0 0 0 0 0 0 0 0.1390691250562668 0 10.07821476459503 0 0 0 0.2205879241228104 1.264587640762329 0 0.5591090992093086 0.2635857462882996 0 0.3174135982990265 0 0 0 0 0 0 0 0 0 0.3142989277839661 7.051621243357658 3.058987259864807 0.4669993445277214 122.6016771942377 21.35489206016064 231.6951765790582 37.27581742405891 97.51715827733278 67.48995610326529 5.021590940654278 31.28275588899851 6.523589015007019 0 1.84400962293148 0 1.490860819816589 0.204170748591423 0 1.289201751351357 1.123226314783096 0.284911185503006
198.0597572624683 256.7068634778261 69.90011645853519 471.0483899712563 27.44489270448685 0 166.5145387798548 17.26357144117355 43.73238164186478 697.6527969837189 54.34224238991737 270.568054497242 392.439361512661 20.53593163192272 1.742272898554802 0.601041167974472 0 0.2221855819225311 0 0.1428629457950592 0 8.869316950440407 0 0 0 0 0 0.1893557012081146 0.3836351037025452 0 11.68683065474033 1.357385009527206 16.08841551840305 0 0 0 51.31254622340202 0.7750235199928284 7.957829192280769 0.1801313012838364 0 0 0 0.4750087410211563 0 0 2.724658504128456 0.64939945936203 0 0 0 79.67133225500584 3.903970941901207 0.6075024008750916 0.8117590695619583 3.735903099179268 80.58162832260132 32.16807699203491 2.179590478539467 0 0.296193927526474 3.487745121121407 0 0.4461754187941551 0.6274307817220688 0.2348328083753586 0.2891154289245605 0 0.1243851855397224 0 319.6043856739998 281.5478005707264 24.14375425875187 12.64155124127865 1.410890907049179 2.44707515835762 2.121081650257111 1.174878776073456 0 22.32537388801575 0.7252663671970367 2.093447729945183 1.680223613977432 22.51284928619862 0.5258417874574661 12.53452904522419 0.4435611069202423 58.40653331577778 12.86805009841919 61.99782952666283 2.819846481084824 18.60010446608067 0 0 2.461761921644211 965.6235828995705 199.7917862832546 25.27000893652439 17.53810434043407 246.9191610962152 0 0 0 0 0 0.8708384931087494 0 0 27.82985372841358 5.187649726867676 0 0.6014077067375183 1.148960947990417 2.725061744451523 0 0 0 0 0 0 0 0 0 0 0 0 0 0 0 0 0 0 0.6261096894741058 0.4587462544441223 0 0 0 0 0 0 0 0 0 0 0 0 0 0 0 0 0 0 0 0 0 0 0 0 0 0 0 0 0 0 0 0 0.420460969209671 0 0 0 0 0 0 0 0 0 0.402061402797699 0 0 0.2607885599136353 0 1.110026925802231 0 0 0 0 0 0 0 0.3767759799957275 0 0 0 0 0 0 0 0 0 0 6.493030786514282 0.256172388792038 10.0292787104845 3.306656830012798 115.6553130745888 8.822698369622231 1.89924518764019 0.4724502265453339 1.161279112100601 0 0.746814489364624 0 0 0.3176562488079071 0 0 0 0
584.0630344748497 1957.085394397378 325.5943410620093 1889.399419181049 2928.077263467014 166.5145387798548 0 104.0006351917982 2998.323629751801 2612.682351626456 1255.688968971372 177.9402327090502 2294.150775946677 1930.497109681368 124.7837110906839 2.868757165968418 0.3391511142253876 2.884223856031895 0 1.633910074830055 1.442599311470985 0.2925275266170502 0.1264255493879318 0.1512378305196762 0.1166804507374763 4.449543327093124 0.1428456008434296 1.496895872056484 1.691088408231735 0.4866045787930489 348.6362815275788 90.88869643956423 3.818962186574936 0 0 0.09896194934844971 7.286138810217381 0.8505726680159569 0.8966427221894264 0.6147349327802658 2.010770112276077 2.24172368645668 0.6016424000263214 0.3574721142649651 0 0 440.1264393553138 28.04527679085732 0.3871991559863091 0.8144476935267448 1.744245484471321 0.4745457619428635 0 1.747398108243942 17.29430022090673 24.41398268938065 109.3138857707381 401.8309791833162 51.07295974344015 90.04612369090319 1.767886012792587 3.318329870700836 0 153.2156124413013 16.58036855608225 6.361815631389618 1.876547299325466 4.246965043246746 1.508908711373806 1.46036496758461 18.00028572231531 1.750522181391716 0.3143298029899597 442.6737621873617 173.6309985220432 494.8201217353344 150.6207649260759 2.220370963215828 1.69022136926651 10.59882094711065 0.3756788522005081 1.328682385385036 85.0164168253541 1.914421007037163 22.38200560957193 11.72719306498766 13.80599338561296 0.1390934586524963 3.011023834347725 0.2928553372621536 2.604444019496441 2.540710009634495 0.5756226181983948 1.405789457261562 4.494729518890381 453.6542304754257 0.537927158176899 0 1.126258559525013 137.1455982774496 1.269266247749329 1.380289524793625 11.08364793658257 2.934368997812271 13.21880759298801 110.7362059652805 4.208873450756073 11.14670507609844 166.6503417938948 63.72644102573395 31.92148134112358 125.384899482131 188.5058744251728 195.6710850447416 129.9812115579844 0.9218188524246216 0.1864951848983765 0 0 0 0 0 0 0 0.2359833419322968 0 0.153027206659317 0 0 0 0 0 0.8408647477626801 0 1.622268944978714 0 0 0.1581127643585205 0 3.045436002314091 0.1228430271148682 5.842459484934807 0.7796440720558167 0.5363778546452522 0 0.254556804895401 0 0.3883847147226334 1.28684951364994 0 0 0.9196792840957642 4.466942712664604 0.1829086542129517 0.2825121283531189 0.2967480421066284 0 0.4891789853572845 0.1379772573709488 0 0.1535497009754181 1.465363621711731 0 0 1.003228634595871 0.3526271060109138 67.31349714845419 0.2745766937732697 0.412120521068573 0.4117022752761841 0 0.3539896309375763 0.1666471660137177 0.3487957268953323 0 0.2353509664535522 134.3805589973927 0.4120149612426758 0 0.1476560235023499 1.539550051093102 22.52897384762764 1.089927524328232 2.930616483092308 3.481941416859627 0 2.939874306321144 0.4373670518398285 1.927832446992397 0.3707275688648224 0.1167885214090347 0 0 0.4843768924474716 0.2169924974441528 0 0 84.26871675252914 32.20781394839287 7.881280675530434 660.6381638944149 122.126616537571 1133.185573711991 258.4400008395314 456.7426953166723 350.9454168006778 25.37924113124609 177.3289122357965 45.61239765584469 3.361417010426521 25.59941367059946 2.715489372611046 22.78603973984718 2.784207046031952 0.8504221886396408 11.31275108456612 11.28110964596272 4.475743651390076
47.35436596721411 82.46637105196714 3047.034577444196 7.509337462484837 134.2390493303537 17.26357144117355 104.0006351917982 0 393.3831813931465 5.398816354572773 2616.150794707239 7.412531509995461 307.8366037532687 431.7856090590358 69.39870013296604 8.651864372193813 0 10.8412362113595 1.977936714887619 34.09864965081215 68.29342889785767 4.770237535238266 3.301884263753891 5.348280519247055 12.72463162243366 53.8301966637373 1.737846679985523 16.36244908720255 11.45341140776873 0.8258402347564697 1300.428809970617 1132.895932145417 74.10187548398972 0.4014417380094528 3.149334900081158 4.374493293464184 53.69975752383471 22.51428338885307 6.803341090679169 25.65641170740128 55.05356147885323 12.95878526568413 4.436936557292938 2.837544620037079 0.9750841706991196 0.2778778970241547 154.2407953739166 5.18251371383667 0.8213025629520416 7.076577454805374 19.48994079232216 0.3888074606657028 0.8594869375228882 8.385757356882095 3.793365061283112 6.257130816578865 62.77279087156057 392.9080381393433 16.35145197063684 24.68825999647379 5.812684252858162 76.90291852504015 0.3170770406723022 345.7430367544293 3.412618584930897 2.189022250473499 0.1378545016050339 3.881241165101528 13.63111999630928 59.29890741407871 33.343486584723 6.726855546236038 0 168.3463704809546 90.46109780669212 203.7965792044997 251.1910195499659 34.73860957473516 192.8627204596996 849.8599669709802 36.47183238714933 820.0046856552362 21.02861689776182 0.1952347159385681 5.737322069704533 2.94027229398489 5.695015035569668 0 3.535625375807285 0.4795381873846054 9.786901734769344 3.151885643601418 10.38831961154938 7.839176937937737 2.17053060978651 38.98962789773941 0 0 0.7073792070150375 32.02842873334885 0 0 2.197323366999626 0 0.7512120604515076 17.78803095221519 0 1.393933236598969 5.602256789803505 2.584380030632019 0.5923657268285751 10.17888982594013 16.14546546339989 29.49886664748192 19.90543065220118 0.261831633746624 0.1209117323160172 0.1347645372152328 0 0 0 0 0 0 0 0.2400098443031311 0 0 0 0 0.3995412737131119 0.2343702614307404 0.2369987741112709 0.1109826192259789 0 0 0 0 0 1.86324942111969 0 3.26157420873642 0.4502357244491577 0.292942225933075 0.5741743445396423 0.4205548465251923 0 0 0.4044414907693863 0.2411438077688217 0.2329358607530594 0.4533024728298187 3.17923404276371 0 0 0 0 1.247066900134087 0 0 0 0 0 0 0 0.1060107350349426 10.40673343837261 0 0 0 0 0 0 0 0 0.5355097651481628 20.29282957315445 1.373635739088058 0 0 0.1857371777296066 2.750234700739384 0 0.9158345013856888 0.8799546882510185 0 0.2892428785562515 0.5488157868385315 0.8418137729167938 0 0 0 0 0 0.1526253372430801 0 0.75108602643013 7.584827855229378 9.24566924571991 2.751074351370335 268.8825108483434 26.948322057724 395.2581469118595 73.68333229422569 83.62350526452065 89.18865994364023 4.115175053477287 86.08121920377016 11.88002005964518 0.3604991137981415 6.065553687512875 0.4696338176727295 4.071714907884598 0.4023765176534653 0.2171940058469772 3.010431095957756 7.448821686208248 2.666974201798439
129.8973517268896 937.7405868843198 264.7958303168416 55.47367102652788 4924.862782165408 43.73238164186478 2998.323629751801 393.3831813931465 0 209.9349885359406 6057.596208460629 22.76218220591545 546.4013339206576 1443.570948474109 64.2371184155345 2.681157030165195 0.1569969207048416 0.9331527203321457 0 0.7747789770364761 0.927727535367012 0 0 0 0.1798626258969307 2.472495511174202 0 0.708250381052494 0.2702326849102974 0.3018525242805481 201.7283845990896 59.18619824945927 2.802557408809662 0 0 0 7.212411254644394 0.6241883486509323 0.3443185016512871 0.9396454766392708 0.8111334666609764 1.600523464381695 0.3836889564990997 0.2825990319252014 0.1455554962158203 0 170.6675225868821 6.229945614933968 0.09839265048503876 0 0.8113697692751884 0 0 0.6583251059055328 6.874123521149158 7.753769643604755 38.42481800168753 143.0882249101996 16.78613997250795 29.71010966598988 0.1755163222551346 0.6122425645589828 0 61.07121173292398 3.959419086575508 2.114288039505482 0.4956564083695412 1.357136256992817 0.5287590995430946 0.7248980402946472 12.00128810107708 3.08796589076519 0 133.8607599437237 44.79262109100819 182.1428326666355 81.73285219073296 1.593635983765125 0.9221642091870308 23.12378310412169 0.2358769699931145 1.048928409814835 22.81464017182589 0.4216742515563965 5.949564248323441 2.816694922745228 2.521164856851101 0 1.026988670229912 0.3565687090158463 2.488129541277885 1.534305207431316 0.3776060193777084 0.4684038609266281 2.882595986127853 190.7692544460297 0.5420177578926086 0 0.3159824013710022 40.13030085712671 0 0 3.223460167646408 2.001735255122185 5.371315509080887 53.39888107776642 3.135248929262161 4.846758782863617 40.78342394530773 23.43082924187183 9.774040743708611 55.90864178538322 90.04850949347019 104.2310670912266 62.22012443840504 0.2453396320343018 0.6899772882461548 0 0 0 0 0 0 0 0 0 0 0 0 0 0 0.1149646118283272 0 0 0.7870253920555115 0.211473286151886 0 0 0 1.937438480556011 0 2.566481411457062 0.46131332218647 0 0 0.1911674588918686 0 0.378493033349514 0.1972597688436508 0.3451726734638214 0 1.728644981980324 5.143410049378872 0 0 0 0.2418312430381775 0 0 0.1308225989341736 0.4369281157851219 0.3450261950492859 0.5037872344255447 0 0.4000798389315605 0 38.75370900332928 0 1.226525649428368 0.353048250079155 0 0 0.1773220747709274 0 0 0 65.16151629388332 0 0 0.1885882616043091 0 9.379257343709469 0.5309519171714783 1.392638474702835 0.2173157781362534 0.4677578508853912 2.085163548588753 0.297715038061142 0.545503556728363 0.1005045026540756 0 0 0 0 0 0 0 41.36728820204735 17.48702639341354 1.720111086964607 334.9710435196757 42.6030068770051 536.5455924496055 109.9534568414092 130.5963697880507 140.6111513227224 5.432040981948376 104.2812938392162 25.99581596255302 2.515929639339447 14.81200964748859 1.85657325387001 19.36354653537273 3.51404595375061 0 2.116392195224762 5.256122395396233 1.440601736307144
2824.922668561339 215.2482887133956 15.93817415088415 1397.600890636444 46.95140659809113 697.6527969837189 2612.682351626456 5.398816354572773 209.9349885359406 0 68.22949785739183 2371.513318493962 6066.954815305769 52.19209099560976 13.38340723514557 3.007650472223759 0 0.4081297814846039 0 0.2439257353544235 0.4943639189004898 0 0 0 0 0.5833486616611481 0 0.5787906050682068 0 0 36.20690340548754 2.632225707173347 1.218593433499336 0 0 0.2714381515979767 17.89166266471148 0.09517873823642731 3.038529090583324 0.3579748719930649 0.1504717320203781 0.5583147779107094 0.1309325248003006 0.5929844900965691 0 0 84.95529729872942 9.397705592215061 0 0.6011914610862732 0.5344345569610596 0 0 0.3235936760902405 8.597149416804314 7.998366564512253 104.1933909580112 231.1765969991684 25.70427714288235 22.80710081011057 0 1.520356938242912 0 20.05557534843683 5.635666832327843 2.339892402291298 0.5466008931398392 1.138083197176456 0.4299691542983055 0.3390828371047974 62.62174974381924 1.782383918762207 0 247.6088421791792 49.48805100470781 93.11342781037092 22.22648990154266 3.090143248438835 0.6404284611344337 3.190284557640553 0 0.1095471307635307 48.46049966663122 0.9093738719820976 7.071125395596027 3.756929695606232 3.967154152691364 0 1.477146938443184 0.1239424794912338 0.5827381983399391 0 0.206965908408165 0.1789971441030502 0.6917602717876434 729.4282855987549 0 0 0 518.6183641701937 0 0.2656365633010864 55.40623751282692 27.2701695561409 10.03464910387993 82.53000478446484 11.10631281137466 9.305853649973869 293.5180957317352 71.79413944482803 10.79437312483788 59.42691475152969 160.5841190963984 151.0880414545536 34.70727241039276 0.5393454283475876 0.3661202788352966 0 0 0 0 0 0 0 0 0 0 0 0 0 0 0 0 0 1.494538277387619 0 0 0 0 1.569574072957039 0 2.155671656131744 0 0 0 0 0 0.1308897882699966 0.3240102678537369 0 0 0.769216924905777 2.29148792475462 0 0 0 0 0 0.09856601804494858 0 0 0.344156414270401 0.3806433826684952 1.570600748062134 0 0.4848476052284241 16.79186295717955 0.3564576506614685 1.085843205451965 0.1098789051175117 0 0 0 0 0 0 40.75385619699955 0 0 0 0 9.842146456241608 0 0.9284011721611023 1.347730845212936 0.257562667131424 1.112032875418663 0.8937774300575256 0 0.1541433930397034 0 0 0 0.2782245948910713 0 0 0 49.32135148346424 6.682703524827957 3.00140692293644 274.5820122584701 23.60012343525887 267.0924906730652 47.67704400420189 785.2057832479477 84.00435236096382 7.621826738119125 45.49192791432142 27.14758299291134 0.1416033953428268 11.85773906111717 0.713234543800354 10.73233181238174 0.9226211756467819 0 3.515702620148659 3.007906079292297 0.7763419151306152
564.5494400858879 2270.389485761523 3782.094894319773 55.1437264457345 2626.329389259219 54.34224238991737 1255.688968971372 2616.150794707239 6057.596208460629 68.22949785739183 0 75.0093831717968 3944.721661627293 4802.910725042224 98.24689058959484 13.60210524499416 0.4590270146727562 2.681557737290859 0 4.887399010360241 5.961939066648483 2.514216780662537 0 0.6886300295591354 6.628574475646019 19.01396621018648 0.3958422020077705 8.555839866399765 7.866387218236923 1.592548206448555 1276.13080792129 158.9846084341407 384.7855125963688 0.1171102970838547 0 1.757170185446739 319.5085356682539 8.413285784423351 9.99826904386282 17.26842781156301 27.72031876444817 7.188146062195301 1.949994191527367 2.135383568704128 0 0.3488511592149734 182.1376985609531 4.730390973389149 0.1684477925300598 1.919509537518024 11.83636736869812 1.177258990705013 0.7631713598966599 5.133173808455467 4.417064972221851 5.048501878976822 58.10975509881973 349.3430952131748 19.61208177357912 30.36571828275919 0.2613174468278885 0.4810838773846626 0 92.89855867624283 5.035487204790115 2.168332770466805 1.318620204925537 3.465274035930634 6.045020125806332 3.493731305003166 147.7638613581657 11.74611803144217 0 159.7081548646092 70.57326520979404 226.6084591597319 141.8880906775594 27.53780914098024 34.57963033020496 211.9324956536293 1.138556353747845 12.05773141980171 27.56676774471998 1.49915923923254 6.233804605901241 2.605764165520668 3.779534786939621 0 3.942030496895313 0.3586693704128265 6.237466536462307 3.160262063145638 5.773381412029266 4.626184329390526 4.298732839524746 100.0480968803167 1.061390310525894 0.4793681055307388 1.281574115157127 118.9756366834044 0.4328469336032867 2.560279846191406 2.620139479637146 0.8154927492141724 2.884638160467148 27.58734965324402 0.8520083427429199 3.535357818007469 12.74821120500565 16.11914630234241 6.386753886938095 25.27367244660854 35.97614857554436 59.41527324914932 44.68708823621273 0.2364672794938087 0.5634553879499435 0 0 0 0 0 0 0.1254954785108566 0.2720177471637726 0.8228093087673187 0 0.15207439661026 0 0.1003825888037682 0.3240040838718414 0.3937116786837578 0.5001667812466621 0.143403023481369 0 0.1596754789352417 0.1092816516757011 0 0 4.767107471823692 0.3249153345823288 4.036342062056065 0.4101856797933578 0.1918572187423706 0 0 0 0 0.141788437962532 0.2652855888009071 0.2989147901535034 0 0.3285847902297974 0 0 0 0 0.4136430323123932 0.1057083234190941 0 0 0 0 0 0.3666776120662689 0 28.6053114682436 0 0.2863152921199799 0 0 0.1552774459123611 0 0 0 1.265219211578369 57.95229276269674 0.5929591506719589 0 0 0.5895824879407883 5.492620050907135 0.3163670897483826 0.4251323714852333 0.8715443462133408 0 0.1356592774391174 0 1.005994230508804 0 0 0 0 0.2692025452852249 0 0 0 19.59029953181744 21.01267608255148 6.165122546255589 347.5572582781315 34.07451550662518 462.8826674968004 109.9150514751673 176.5687014237046 112.8567924648523 7.652906216681004 100.6241950020194 13.43389940261841 1.653468206524849 11.88222080469131 1.926253154873848 4.326041847467422 1.236529752612114 0 4.647438257932663 6.262744933366776 1.241554468870163
38.94387556612492 9.514838680624962 6.350916795432568 130.8465615957975 4.80116081237793 270.568054497242 177.9402327090502 7.412531509995461 22.76218220591545 2371.513318493962 75.0093831717968 0 2551.75343503058 41.23485872149467 18.74669978022575 3.661001585423946 0 0.86110919713974 0 0.1486555188894272 0.1848137527704239 0.2346427589654922 0 0 0.5160757303237915 0.7642274349927902 0 0.2879310995340347 0.1472902148962021 0 7.109578333795071 1.872601203620434 1.844416432082653 0 0 0 45.94361637532711 0 2.14561128616333 0 0.9174757599830627 0.466911569237709 0.1479581743478775 0.9416515380144119 0 0 23.44524753838778 0.3873542919754982 0 0 0.1743761152029037 0 0 0 0.6549919620156288 1.260574594140053 3.086361244320869 3.312150999903679 0.6606743186712265 1.690742306411266 0 0 0 10.33860620856285 0.2392439097166061 0.09054716676473618 0.1073807328939438 0.3663467690348625 0.1609481275081635 0 76.05902270972729 1.903723329305649 0 7.348264135420322 5.813525691628456 28.63637831062078 26.84788191318512 8.273432821035385 2.248433664441109 22.29310407489538 0.5948614925146103 0.1685306578874588 2.909492336213589 0 0.1317833364009857 0.1380055993795395 0.4574892073869705 0 0 0 0.3669285625219345 0 0 0 0 1001.583327308297 0 0 0 73.99794690310955 0 1.131742358207703 6.419947236776352 2.720058977603912 4.817092642188072 55.94665440917015 2.509841620922089 3.303963586688042 34.38497212529182 23.62834134697914 5.736935451626778 53.39773562550545 80.30260889232159 120.3838374316692 55.31341667473316 0.1475365906953812 0.3460165709257126 0 0 0 0 0 0 0 0 0 0 0 0 0 0 0 0 0 0.4072053134441376 0 0 0 0 1.784348979592323 0 1.450425803661346 0 0 0 0 0 0 0.1602047830820084 0 0 0.9912962764501572 2.709195770323277 0 0 0 0 0 0 0 0 0 0 0 0 0 28.67376236617565 0 0.2424759864807129 0.4521609246730804 0 0 0 0 0 0 48.74442809820175 0 0 0 0 6.748925119638443 0 0 1.017401665449142 0.2343000471591949 0.4426228702068329 0.9026136994361877 0.1213191300630569 0.1134663745760918 0 0 0 0 0 0 0 37.8513690084219 20.05225345492363 1.932849809527397 112.1519745215774 8.12462991476059 91.48446593433619 25.75102343410254 112.015124194324 23.84501398354769 0.43056670576334 49.33982490748167 13.70283135771751 0.7640634179115295 9.146011307835579 2.009191304445267 12.72626991569996 0.839784637093544 0 5.769054293632507 0.9906105399131775 0.9156330227851868
189.0928249880672 494.5441715121269 208.8522493168712 1240.052359104156 89.81344406306744 392.439361512661 2294.150775946677 307.8366037532687 546.4013339206576 6066.954815305769 3944.721661627293 2551.75343503058 0 6929.386446774006 258.8760226815939 35.98217693716288 0.2395172491669655 7.843267597258091 0.309847429394722 2.225640535354614 4.832165345549583 2.104572638869286 0.1839284896850586 0.1341191679239273 1.860225945711136 7.834611169993877 0.3700884059071541 6.095264479517937 4.316817484796047 0.1370808929204941 182.0001228973269 46.1700981631875 127.903321787715 0.2764163464307785 0 0.1288391500711441 42.24469942599535 2.568624205887318 3.478942058980465 3.104129314422607 7.796207144856453 3.281176835298538 0.1813472360372543 5.289408586919308 0.2619510218501091 0.8244977444410324 388.9517870172858 5.686742648482323 0.2315776720643044 1.247173383831978 5.412832789123058 0.507655918598175 0.2441286444664001 2.62730260938406 6.910312831401825 9.088249586522579 36.08078096807003 118.6645746454597 19.32891976833344 46.58524675667286 0.259169913828373 0.7434448525309563 0 136.3115872070193 5.349689416587353 2.876156829297543 0.6616937220096588 2.560716360807419 3.491631589829922 3.28575024753809 38.67455154657364 12.44054391235113 0 137.4290462955832 78.46632014960051 375.9253550097346 340.0049523562193 98.54848526418209 17.46668228507042 387.4424881413579 3.452963896095753 3.736526317894459 22.32304757833481 0.945999912917614 8.503686152398586 3.968404024839401 7.610189527273178 0 2.079149588942528 0 3.547684587538242 3.115870259702206 3.654011718928814 2.662007004022598 7.178753174841404 2299.792892567813 1.18170553445816 0 0.6971302032470703 143.5889789909124 2.684927612543106 1.24570694565773 16.90384039282799 7.660068869590759 15.89059943705797 188.7380443960428 10.60613210499287 19.76554282009602 317.1719499975443 80.92932139337063 36.78915819525719 193.8620138466358 275.3425485938787 374.6800417751074 197.8061474263668 1.876145616173744 1.451938308775425 0 0 0 0 0 0 0 0 0.2377553731203079 0 0 0 0 0.4583605825901031 0.1171388477087021 0 0.1707418262958527 1.756262347102165 1.945741072297096 0 0 0 12.66858164966106 0.3970845937728882 10.62129710614681 0.1882709264755249 0 0 0.3702816367149353 0.1394124776124954 0.3243754506111145 2.166703417897224 0.3169111832976341 0 3.74686648696661 16.03209992498159 0 0.5279661118984222 0 0.1199259236454964 1.203745819628239 0.1065201535820961 0 0.3908502161502838 1.536245532333851 0.3321415781974792 0 0.4967339187860489 0.1324490159749985 113.042757384479 0.3247028663754463 0.5300905853509903 0.6043250188231468 0 0 0 0 0.5838267207145691 0.7489181458950043 224.2686414346099 0.8402965813875198 0 0.1083378419280052 0.6874593496322632 33.16170732676983 0.8475007712841034 3.029754035174847 2.50912418961525 0.4833366423845291 5.225286178290844 0.6875172257423401 3.57506524771452 0.2251890599727631 0.254680909216404 0 0 0.5871580094099045 0 0 0 149.7979707866907 70.56120623648167 8.91232418268919 830.336868815124 80.56207858026028 990.2308974862099 303.7056679651141 321.2708027362823 231.7247929126024 13.68139822781086 272.2843210101128 65.9755776450038 5.529255330562592 51.92083612829447 6.676169358193874 39.64075542986393 3.77833117544651 0.8015492558479309 20.99727842211723 22.83134943991899 5.209234520792961
61.57682141661644 163.9199047088623 218.6955469697714 13.29779977351427 435.6309670507908 20.53593163192272 1930.497109681368 431.7856090590358 1443.570948474109 52.19209099560976 4802.910725042224 41.23485872149467 6929.386446774006 0 72.82244644314051 13.46379441767931 0 2.494723372161388 0 1.955763414502144 2.929899498820305 4.782033532857895 0 0.2987034618854523 2.690971992909908 9.737577669322491 0.118087999522686 6.599869310855865 4.891805469989777 0.3793005496263504 157.1873713135719 27.01543454825878 748.9153154045343 0 0 0.5167186856269836 1064.803541719913 3.890309631824493 25.08407218754292 10.90652059018612 13.75205055624247 2.762336939573288 0.5118428096175194 3.138428680598736 0.1579371839761734 0.1505361795425415 110.3244924843311 2.729691505432129 0.1134272664785385 0.4173909947276115 4.487539723515511 2.44770222902298 0.9138644933700562 5.17845918238163 2.309856586158276 1.548539973795414 11.93796931952238 52.52953918278217 5.342686429619789 13.26597294211388 0 0 0.3240634649991989 47.17816609144211 1.357114434242249 0.9877516999840736 0.3044751435518265 1.049106329679489 3.902578637003899 2.499677002429962 269.9809050709009 8.572988770902157 0 49.99234026670456 25.66251777112484 127.637920498848 98.84860523790121 25.88502877950668 4.951951377093792 387.3214067816734 1.760689832270145 6.149010255932808 7.822344817221165 0.2097218856215477 1.985840924084187 1.37364000082016 1.895855844020844 0 1.239790834486485 0.4693066328763962 6.15565051138401 3.880324847996235 2.277534782886505 7.420401096343994 3.156927175819874 92.17060540616512 0.4349274188280106 0.5172039419412613 7.368581339716911 21.2041609287262 0 0.2703494727611542 0.8636501282453537 2.799996703863144 0.3029827773571014 11.22782801091671 0.2071919292211533 1.807524845004082 9.185034438967705 7.074419051408768 2.665035471320152 15.21008297801018 23.01904585212469 41.81623192131519 29.60373536497355 0.1205262690782547 0.1195573583245277 0 0 0 0 0 0 0 0 0 0 0 0 0 0 0.2661073505878448 0.4478410631418228 0.1713145822286606 0 0 0 0 0 4.323713175952435 0.08585728704929352 3.736096367239952 0.4012178853154182 0.1526117622852325 0 0 0.1212362721562386 0 0.876238539814949 0 0.8297411501407623 0.5307090878486633 1.940715327858925 0 0 0 0.1136882901191711 0.5763286277651787 0 0.1329991072416306 0.1370595395565033 0.4563560858368874 0.2471757084131241 0 0.290640264749527 0.3175812959671021 20.87457302957773 0.3575126379728317 0.5127282440662384 0.4233628660440445 0 0 0 0 0 0.1906489282846451 34.65764497965574 0.7184029221534729 0 0.3249752819538116 0.1173449903726578 5.246211990714073 0 0.423862412571907 0.8053121864795685 0 0.916042871773243 0.3774462640285492 0.9129740297794342 0.4518475085496902 0 0.2163142710924149 0 0.1117016598582268 0 0 0 16.06530910730362 15.43223927170038 2.960743747651577 200.0694486573339 23.3574016019702 290.4684536233544 79.31131730973721 55.61921527981758 62.00160010904074 3.527908697724342 66.14395266771317 8.889081612229347 1.090184062719345 8.932101145386696 0.3925464153289795 3.822437554597855 0.5315491110086441 0 1.173044756054878 7.571366854012012 0
