0 3852.355369709432 376.2154513597488 1941.743315011263 288.9154732301831 154.2452840358019 826.9386084750295 160.1211086288095 35.32732106745243 360.5301787555218 88.84107390791178 26.12472099810839 126.711140923202 50.43793544918299 2.011062055826187 0.2838473916053772 0 0 0 0 0 0 0 0 0 0 0 0.1261954307556152 0.1610904484987259 0 1745.736838310957 4.710268102586269 2.019667662680149 0 0 0 0.2955365478992462 0 0 0 0 0 0 0.3341281339526176 0 0.3865108415484428 11.22579985111952 0.8268914446234703 0.1755124479532242 0 0.3335420936346054 0.1128501072525978 0 0 3.049480654299259 7.792227245867252 311.9997237324715 940.2432523146272 45.53728383034468 9.629684753715992 0.3489010259509087 0.2509867250919342 0 4.209639266133308 2.507661879062653 0.9832487106323242 1.019276797771454 0.2262240126729012 0.1263453811407089 0 4.130853429436684 2.120589852333069 0 88.49896182119846 30.55554360151291 9.550916701555252 1.076445937156677 0.2118174433708191 10.82994528114796 13.77424285560846 0 2.1550312936306 9.040331147611141 0.5823025703430176 0.8518416509032249 1.781944453716278 0.3837332427501678 0 0.4370410665869713 0 0 0 0 0 0.2886393070220947 56.44270308315754 0 0 0.6509096622467041 1600.260767921805 0 0 0 0 0 0.6665469408035278 2.688496887683868 0 4.337420478463173 0 0.2731232345104218 0.1437322348356247 2.529798269271851 0 0 0 0 0 0 0 0 0 0 0 0 0 0 0 0 0 0 0 0 0 0.20102459192276 0 0 0 0 0 0 0 0.2807719111442566 0 0 0 0 0 0 0 0 0 0 0 0 0 0 0 0 0 0 0 0 0 0.1155279129743576 0 0 0 0 0 0 0 0 0 0 0 0.9632160291075706 0.2059187591075897 0 0 0 0.1864848285913467 0 0.1261350512504578 0 0 0.5486910939216614 0 0 0 0 0 0 0 0 0 0 2.482920467853546 0 0 40.08251063525677 5.983242638409138 42.02206730097532 8.530712336301804 427.9599859267473 12.06601575016975 3.073201529681683 7.312600046396255 0.8551340699195862 0 0.4378445148468018 0 6.91835018247366 0.4611362218856812 0 0 0 0
3852.355369709432 0 1487.571146316826 709.6572532951832 3045.336900934577 142.4631013870239 3111.763876318932 333.1329716295004 1218.069060333073 850.7198312357068 337.0547612830997 33.1132135912776 716.3601834103465 513.1573724076152 45.69849607348442 2.330297492444515 0.417609266936779 0.5343689471483231 0.1064139679074287 0.3243025913834572 0 0 0 0.1001810356974602 0.1562854647636414 0.2039595991373062 0.4421211183071136 0.5506546497344971 0.3349486738443375 0 2492.976570129395 38.11281847953796 11.73578338325024 0 0.09537763893604279 0 2.51947408169508 0.2567351385951042 1.627948008477688 0 0.6658450365066528 0.6485335230827332 0 1.350088655948639 0.1749010160565376 1.096534363925457 159.5498328506947 3.723577037453651 1.224483199417591 0.4162069410085678 4.499647684395313 0.116267129778862 0.8983326852321625 0 9.019883386790752 27.17388973385096 218.7368905469775 517.1494532376528 91.6561399102211 66.64445229619741 4.436566293239594 2.148795209825039 0.3300898969173431 28.44565548747778 24.5127938836813 9.588107138872147 6.82048923522234 2.109200708568096 0.2196552231907845 0.6254809871315956 2.423562064766884 7.046547219157219 0 281.8858264759183 218.9608479589224 174.7855548709631 52.57037645578384 3.842119716107845 19.31612404435873 28.33848927170038 1.984711527824402 13.96767792105675 42.62293092161417 3.690563805401325 6.656801708042622 9.416656330227852 2.767002135515213 0.07607297599315643 2.515505686402321 0.2112575173377991 0.2935861498117447 0.1255072504281998 1.299038589000702 0.6198349744081497 1.1611033603549 77.01061348617077 0.441216878592968 0 0.3879081383347511 510.9264869615436 0.1745685040950775 0.796483114361763 1.096482157707214 0.3203371465206146 1.704845353960991 3.087533697485924 4.225895047187805 0.7183076143264771 16.00827924162149 6.47391352057457 0.3189482390880585 7.624819561839104 6.56697329133749 5.70123178511858 2.444621779024601 0 0 0 0.3414982557296753 0 0 0 0 0 0 0 0 0 0 0 0 0.3929498791694641 0 0 0.8472542464733124 0.605161689221859 0 0 0 2.519919723272324 0.6616156250238419 4.624797075986862 0.2120003551244736 0.1186295002698898 0 0 0 0 0 0 0 0.4827388823032379 1.035701751708984 0 0 0 0 0 0 0 0 0 0.5804295167326927 0 2.35633584856987 0.8792902529239655 3.266448780894279 0 0 0 0 0 0 0.1394705176353455 0 0 19.3921929821372 0.999904066324234 0 0 0 1.199266880750656 1.842985689640045 2.032379820942879 0.308088481426239 0.3235703706741333 0 0 0.108300969004631 0 0 0 0 0 0 0 0 10.31176311522722 2.269687086343765 4.838913656771183 309.8455914333463 35.99137837439775 346.2493723779917 64.22782903164625 353.1043955981731 62.51399074494839 16.08335883170366 73.58691588044167 13.0068411231041 0.2549234330654144 1.971762157976627 0.5418401062488556 8.682790711522102 0.1002325639128685 0.2944325506687164 0.4899130910634995 0.9832632094621658 1.04945270717144
376.2154513597488 1487.571146316826 0 11.20952361822128 1318.883316449821 21.90244939923286 418.3717568069696 4338.848182231188 1096.216691233218 3.750738605856895 1716.06793410331 8.05681300163269 153.8657250031829 806.6485969275236 37.22275367379189 7.653711408376694 6.66986508667469 2.692361138761044 1.861068680882454 4.78453404456377 1.327656097710133 0.4620734453201294 0.4744915366172791 1.026789411902428 0.2497661337256432 0.1949668526649475 0.3012095168232918 1.056419111788273 0.4360366389155388 0.1606827676296234 4476.633220553398 675.4971364215016 21.27779180556536 1.335596993565559 0.4582566916942596 0 2.006514392793179 0.4373744800686836 0.8251452147960663 0.8446364030241966 1.120670855045319 2.59305664896965 3.166085571050644 12.04186472296715 3.732491791248322 13.59541348367929 110.0175282880664 8.12792481482029 2.032774604856968 7.038683339953423 2.803255438804626 0.2100230380892754 0.4170896932482719 0.7484863325953484 4.98550196737051 15.18178244307637 87.31409160792828 334.0287802666426 40.51565130800009 33.68779399245977 47.44833088666201 1.764590241014957 0.4925332218408585 387.452187217772 14.1896539144218 5.890927229076624 3.059800431132317 3.051917761564255 14.91906130313873 4.154002450406551 1.119464695453644 6.95205245912075 0.1686494201421738 153.8678316995502 229.1594538241625 111.0318500250578 53.99977404624224 7.051192179322243 502.8809011951089 553.8316293135285 109.3007213249803 304.4612779095769 23.15175547450781 1.215756490826607 3.814178995788097 4.584354314953089 6.765979245305061 0 1.663080543279648 0 0.6095256730914116 0.3821682408452034 3.225911572575569 0.9915738254785538 1.552995018661022 4.397583305835724 0.7075647711753845 0 1.734697259962559 175.5828249752522 0 0 0 0 0.2992571741342545 1.017339825630188 0.6403285264968872 0.4252158850431442 0.1874382495880127 0.4535887837409973 0 3.035013668239117 1.296313524246216 0.681416854262352 0.5884320139884949 0 0 0 0 0 0 0 0 0 0 0.205096609890461 0 0 0 0.2517022788524628 0 0 0 0 0.4536547064781189 0 0 0.2196753025054932 0.1050275638699532 1.701551288366318 0.6351618617773056 4.672066897153854 0.6159135550260544 0.3377369120717049 0.2010836601257324 0.1526768952608109 0.159643828868866 0 0 0.5517778545618057 0 0.2440902590751648 0.3481725752353668 0 0 0.1636189520359039 0.1361787468194962 0.3326248526573181 0 0 0 0 0 0 0.3502528816461563 0.8065786063671112 0.9799370393157005 0 0.3546613156795502 0 0 0 0 0.1157675385475159 0 0.155796155333519 6.836073897778988 0.1999847441911697 0 0 0.1316502243280411 0.7506088614463806 1.024146527051926 2.000332251191139 0 0 0 0 0 0 0 0 0 0.07433374226093292 0 0.2098212242126465 0.2468599677085876 1.466756775975227 0.9526305645704269 2.951516896486282 199.6638639718294 25.64561332017183 217.7959819734097 44.97954390197992 80.14824484288692 37.13509726524353 7.317976869642735 61.30093798786402 4.044155426323414 0.240740530192852 1.436781398952007 0.2202596217393875 3.249854199588299 0 0 0.1529622226953506 1.574506267905235 0.5269282162189484
1941.743315011263 709.6572532951832 11.20952361822128 0 56.0580550134182 460.8442181125283 2058.508039847016 4.98493953794241 98.52402728050947 2966.722248181701 6.935566268861294 768.0357426181436 2983.278806306422 39.2885884270072 1.533352516591549 0 0 0.08271750807762146 0 0 0 0 0 0 0.2502364814281464 0.1773734241724014 0.09439951181411743 0.4058905839920044 0.1930434107780457 0 151.4812612831593 1.51748975366354 1.379219532012939 0 0 0 0.6000759527087212 0.1852040737867355 0.8226353526115417 0.1064728125929832 0 0 0 0 0.09568411111831665 0 15.57422661036253 0.7004562392830849 0 0 0.6423099637031555 0.1257244497537613 0.178699716925621 0 1.697583697736263 5.348046399652958 83.55973728746176 143.0999350249767 24.49549195170403 8.114288136363029 0.1830051988363266 0.1335822343826294 0 1.867185786366463 4.754802353680134 1.298076935112476 0.8756782189011574 0.3321176767349243 0.07494793832302094 0 7.740306705236435 1.608368068933487 0 57.87526959180832 27.11656119674444 13.55738758295774 2.409353569149971 0.2173340767621994 0.147358313202858 1.112846560776234 0.2910653352737427 0.8096641600131989 7.452072292566299 0.1023100912570953 1.196492820978165 1.898713059723377 0.2953946441411972 0 0.2635515034198761 0.1171152219176292 0.6647615283727646 0.2488356679677963 0.6233419179916382 0 0.08322859555482864 296.2245175167918 3.387223437428474 0.7394896745681763 0.154482290148735 389.5413306951523 0.2987886816263199 2.214929580688477 0.7376356422901154 0.2130675911903381 1.014241255819798 1.692654103040695 10.7142568230629 1.368569627404213 43.24916732311249 9.651198536157608 0.4947267398238182 13.30687477439642 8.823685623705387 5.160473994910717 0.8606904074549675 0 0.3371245563030243 0 0 0 0 0 0 0 0 0 0 0 0 0 0 0 0 0 0.6671639531850815 0.6933881789445877 0 0 0 0.4270299673080444 0.1099709868431091 1.146499499678612 0 0 0 0 0 0 0.1582691669464111 0 0 0.1009104922413826 0.1688355803489685 0 0 0 0 0 0 0 0 0 0.1646219491958618 0 0 0 0.2000410705804825 0.1744213253259659 0 0 0 0 0 0 0 0.1289707571268082 11.52320875972509 0 0 0 0 0.90181964635849 0 0.5087635368108749 0 0 0.2322434186935425 0 0.1478989720344543 0 0 0 0 0 0 0 0 14.15869828313589 0.4333392158150673 0.6623428165912628 80.84679887443781 6.716455101966858 35.78394309431314 7.10671154409647 390.7377997115254 8.039550058543682 2.32768402248621 4.36773943156004 11.34306864440441 0 0.5834460780024529 0.1178553104400635 18.77627202868462 0 0 0 0 0
288.9154732301831 3045.336900934577 1318.883316449821 56.0580550134182 0 4.288994655013084 5738.017291143537 131.2914907708764 3855.477748505771 17.33309638500214 312.7598868235946 9.839055851101875 396.0360922589898 633.674064964056 38.63916144520044 5.497016221284866 0.1347217559814453 0.5351648107171059 0 0 0.4415992796421051 0 0 0 0.08420325070619583 0.1128758117556572 0 0.3758213520050049 0.9402477145195007 0 464.9017237648368 32.79432272166014 19.36790222674608 0.1777424812316895 0 0.5615793317556381 3.565746642649174 0.6866316720843315 2.429173678159714 0.327658399939537 0.2784945368766785 0.1685277819633484 0.2600897550582886 1.051592387259007 0.521642379462719 1.011451102793217 89.94183848053217 1.736245237290859 0.3082547634840012 0.117906741797924 1.875083975493908 0.2738487422466278 0.3244617283344269 0.2171473056077957 2.41999576985836 8.487749524414539 28.72490598261356 65.34499832987785 21.98449774831533 21.98478832840919 3.046200409531593 1.476100780069828 0.186782494187355 23.58461131155491 7.900632418692112 3.732098326086998 1.475846223533154 0.4135425537824631 0.3184169679880142 0.4775474295020103 4.498463869094849 16.70318089425564 0 71.38711999356747 70.28216855973005 81.17170077562332 54.41463194042444 6.247274920344353 3.544998705387115 25.22116707265377 2.573346130549908 13.61364781111479 11.57218141853809 1.419894084334373 3.069099515676498 4.043288521468639 0.9264965504407883 0.08943575620651245 0.8693308383226395 0 0.4106240496039391 0.07597128301858902 0.4185473322868347 0.1282638609409332 0.4402230978012085 62.8421053737402 0 0 0.3680302202701569 20.38463576883078 0.7102448716759682 0.6469442844390869 0.1144165173172951 0.3543700873851776 1.346718013286591 2.935398191213608 5.330656766891479 1.176493123173714 0.9301036894321442 8.919647723436356 1.841267071664333 20.16218183934689 8.935657396912575 8.582724675536156 9.513696819543839 0 0 0 0 0 0 0 0 0.1485190689563751 0 0 0 0.8349736332893372 0 0 0 0 0 0 1.780020087957382 1.68827947974205 0 0.3546538949012756 0 3.715700760483742 3.608304485678673 11.83600577712059 1.600787803530693 0.827609971165657 0.1093074157834053 0 0 0 0 0 0 0 2.090101838111877 0 0 0 0.7372266054153442 0 0 0 0 0.197411522269249 0 0 0.09375277906656265 1.557979255914688 6.403333514928818 0.1630294770002365 0.2533968389034271 0 0 0 0 0 0 0 37.64103027433157 0 0 0 0 2.718230038881302 3.859214827418327 6.101637221872807 0.2342076599597931 0.2040293961763382 0 0.2649767994880676 0.9113596528768539 0 0 0 0 0 0 0 0 16.20062673091888 6.434886395931244 11.73705613613129 210.2863128036261 33.6167622692883 168.4241499826312 44.77874609455466 68.74550361186266 37.1638952717185 6.540288276970387 61.39049305766821 13.41790191829205 0.9652907326817513 2.579311028122902 0.7267459332942963 10.57684177160263 0.5183091759681702 0.1547071039676666 0.9242602437734604 1.049631625413895 0.8234808221459389
154.2452840358019 142.4631013870239 21.90244939923286 460.8442181125283 4.288994655013084 0 192.995324909687 3.465427547693253 9.307504549622536 414.7610815539956 1.353106871247292 108.9397596046329 147.318835221231 22.70645844191313 0 0.1593212336301804 0 0 0 0 0 0 0 0 0 0 0 0 0 0 114.3031934574246 0.123053252696991 18.76393195986748 0 0 0 11.08751276135445 0.6595081686973572 6.288033589720726 0 0 0 0 0 0 0 0 0 0 0 0 4.517747193574905 0 0 0 0 171.5842667520046 18.42420417070389 2.943400472402573 0 0 2.249376535415649 0 0 0 0 0 0 0 0 79.31414161622524 77.30629415810108 1.879096418619156 0.4436413496732712 0 0 0.1752938330173492 0 0 9.489591732621193 0 4.658940479159355 0 0.8424396365880966 0 0.2991748154163361 0 2.518966630101204 0.9003310203552246 4.603326559066772 0.2054370194673538 0.1434402316808701 0 0 0.2767118811607361 283.8505849987268 55.33503171801567 15.77504333853722 6.93895611166954 324.8149980977178 0 0 0 1.26504385471344 0 0 2.317968249320984 0 2.089639663696289 0 0 0.1966610103845596 0 0 0.1134654954075813 0 0 0 0.214405745267868 0 0 0 0 0 0 0 0.284963458776474 0 0 0.2939767837524414 0 0.3402588665485382 0 0 0 0 0 0 0 0.4262882322072983 0.1412390321493149 0.3436501324176788 0.1202917620539665 0 0 0 0 0 0 0 0 0 0 0 0 0 0 0 0 0 0 0 0.09433484077453613 0 0 0.5167011022567749 0 0 0 0 0 0 0 0 0 0 0.9770874828100204 0.5696265995502472 0 0 0 0 0.2986754775047302 0 0 0 0 0 0 0 0 0 0 0 0 0 0 1.030407786369324 0.2914606928825378 0.2430466860532761 1.30449140816927 0.1206292733550072 0.4644465893507004 0.6876678690314293 80.8984063565731 0.9745604991912842 0 0 0 0 0 0 2.149388074874878 0 0 0 0 0
826.9386084750295 3111.763876318932 418.3717568069696 2058.508039847016 5738.017291143537 192.995324909687 0 39.67998973280191 2064.164922900498 1549.150302633643 71.40678537636995 50.6902479082346 4311.3399297297 1137.19044149667 70.9053271189332 9.473905675113201 1.272991187870502 0.2703557312488556 0 0.169214740395546 1.055384032428265 0 0.2648095786571503 0 0 0.4564056769013405 0 0.8260153979063034 1.349350646138191 0.2898105382919312 398.7536799684167 51.27431251853704 36.81958524137735 0.2645324170589447 0.1584890484809875 0 7.527599729597569 1.548029027879238 3.151277467608452 0.7887753695249557 0.2258800566196442 1.94373394548893 1.172014512121677 2.925350315868855 0.4376904889941216 3.018441721796989 197.2880481183529 4.193263195455074 0.7279175892472267 0.7159485667943954 4.043988563120365 0.1886619031429291 0.3353821039199829 1.392988935112953 6.915360234677792 20.79496742039919 137.5101324766874 229.5618236809969 64.3623454272747 54.05052562057972 5.611641757190228 5.908428214490414 0.2211405485868454 42.23076895624399 17.0966083034873 7.655190944671631 4.607667021453381 1.134404994547367 1.021395109593868 1.479993864893913 9.517070926725864 35.27940136939287 0 211.0969042405486 168.8929846435785 176.8867115005851 91.77737103402615 11.94699078798294 4.454802624881268 43.70761044323444 4.809378892183304 39.04782605171204 28.87797220051289 2.62665606290102 6.957132987678051 9.544813126325607 2.876354523003101 0.08328285813331604 1.841029830276966 0 0.831873245537281 0.5359748154878616 0.7452711164951324 0.239337183535099 1.03573901951313 517.9010320976377 6.889909006655216 0.3268140777945518 2.283553197979927 217.479476749897 1.267139434814453 4.424392402172089 2.724182985723019 2.428479567170143 5.925188854336739 16.3044855967164 20.76324284076691 5.76070374250412 16.23491610586643 49.00963352620602 5.876944564282894 69.32948771864176 49.94691403955221 29.52180922031403 16.97915652394295 0.4350772649049759 0 0 0 0 0 0 0 0 0 0 0 0 0 0.1681766211986542 0 0 0 0.1272289752960205 4.173908799886703 4.553489245474339 0 0.1854120790958405 0 13.78368698060513 3.429723754525185 34.44599302858114 2.959606744349003 0.2618393152952194 0 0 0 0.2794844210147858 0 0 0 0 2.131130248308182 0 0 0 0.3086939752101898 0 0 0 0 1.603437125682831 1.696791581809521 0 4.061031386256218 1.709375306963921 23.6573022454977 0.4092567712068558 0.234569251537323 0.08291611075401306 0 0 0 0 0 0.1190532520413399 117.0162823945284 0.8534161821007729 0.1837453842163086 0 0.1183902770280838 8.824619024991989 8.963646449148655 25.40760815143585 2.099742241203785 0.8997281491756439 2.739520579576492 0 0 0 0 0 0 0 0 0 0 61.38838124275208 11.07764742523432 28.13240336626768 514.1860895305872 55.94999148324132 415.761998385191 95.85641398280859 441.9266745820642 85.19198001176119 17.13629998266697 161.8419215679169 33.25185103714466 1.274711042642593 2.810602575540543 0.3154050037264824 45.83027000725269 0 0.3668318688869476 2.395134121179581 2.69260148704052 1.620045036077499
160.1211086288095 333.1329716295004 4338.848182231188 4.98493953794241 131.2914907708764 3.465427547693253 39.67998973280191 0 643.9578254297376 3.268027015030384 1030.535202212632 24.20058487355709 278.1173018366098 1546.099024966359 91.97644701600075 21.75116527080536 10.80279755592346 4.678172178566456 1.308441020548344 5.168998703360558 4.632390037178993 0.1163946688175201 0.669205442070961 0.4077145308256149 0 0.3787659928202629 0.51962511241436 3.140707239508629 0.420150138437748 0.07178761065006256 2017.175931453705 1014.088166408241 34.15147381275892 1.648721620440483 1.179106280207634 0.3122089430689812 5.248997874557972 1.332150265574455 2.106913283467293 0.5884133204817772 2.405879467725754 3.808051563799381 9.938952624797821 22.58854050934315 4.745857328176498 26.53452254086733 179.2948313653469 12.37359073758125 5.439609311521053 12.58198355138302 4.393274769186974 0.2575891986489296 0.508759617805481 2.300563327968121 4.306838996708393 14.82419405505061 58.51627893745899 169.3617044240236 32.83746361732483 41.97804769128561 129.1475837081671 3.845053359866142 0.612612172961235 170.2030332013965 13.87550688162446 8.275376353412867 4.482306025922298 6.565443485975266 25.6860433742404 7.739041343331337 2.426617592573166 7.605836175382137 0.2798006758093834 139.2302151545882 203.7709545791149 163.7428430020809 142.9769235551357 39.91397155076265 883.6131478175521 775.2107742875814 527.7144296839833 1164.816916443408 20.60020750015974 2.387826912105083 5.12170884013176 8.055985320359468 13.49145188182592 0 1.738250441849232 0.3494256734848022 0.5268582627177238 1.733699925243855 4.711299777030945 0.6140316650271416 2.514429040253162 7.485069006681442 0.5902163833379745 0 1.364038415253162 49.62095015496016 0 0 0 0 0.5773758739233017 0.3266092538833618 0.7581726312637329 0.5142488777637482 0.4816954135894775 0.5480340719223022 0.4802999347448349 3.016095668077469 3.483880758285522 2.587613582611084 1.348886400461197 0 0 0 0 0 0 0.4866281151771545 0 0 0 0.1574860513210297 0 0 0.1354757994413376 0 0.1184971034526825 0 0.2245856821537018 0.09312281012535095 0.1040528789162636 0.8092041015625 0 0 0 2.698334842920303 0.6518962681293488 3.233019962906837 0.8823865801095963 0 0.1820101290941238 0.1387487053871155 0 0 0 0.6116998493671417 0 0 0.4105899333953857 0 0 0.1907443404197693 0.2139024585485458 0.6334223598241806 0 0 0 0.4325739741325378 0 0 1.220576092600822 0.3775141537189484 4.609064750373363 0 0 0 0 0 0.5102702379226685 0.1320628672838211 0 0.384545125067234 7.226405709981918 0.5195003747940063 0 0 1.249536238610744 0.7931739091873169 0.9188811630010605 1.528630629181862 0.3252657353878021 0.2328885048627853 0 0 0 0.1222977042198181 0 0 0 0.1713541299104691 0 0 0 2.079519733786583 0.6670213788747787 2.416120626032352 317.3467059656978 44.73977573215961 335.9782674014568 82.23947308212519 71.86500155180693 60.82688042521477 10.32496777921915 100.5123358219862 10.22093804180622 0.7559296935796738 0.827691875398159 0.1515824198722839 2.20562968403101 0 0 1.085136458277702 2.944708779454231 0.6780049800872803
35.32732106745243 1218.069060333073 1096.216691233218 98.52402728050947 3855.477748505771 9.307504549622536 2064.164922900498 643.9578254297376 0 213.2724452242255 1889.871087744832 49.53099004924297 2252.396053873003 1763.025897987187 50.25826299190521 11.80168776959181 1.591479949653149 0 0 0.2836560308933258 0.4235280305147171 0 0.1648676693439484 0 0 0.1049535050988197 0.5997247323393822 0.09401987493038177 0.1380494832992554 0 129.0288631618023 46.13551324605942 40.7758209630847 0 0 0.3010559156537056 3.287877552211285 1.193903565406799 4.107371561229229 0.9662447348237038 0 0.8548061922192574 0.2601277828216553 4.16855052113533 0.3683837354183197 1.284224726259708 72.76751807332039 0.9310767278075218 0.5426794141530991 0.8530418053269386 0.9446730986237526 0.8090406283736229 0.5049361512064934 0.4362979456782341 1.543022446334362 6.832221634685993 16.13552601635456 23.20139937847853 13.43971086293459 14.71107288450003 7.258952647447586 5.197408609092236 0.2420317158102989 29.73421166092157 3.630343273282051 2.265513729304075 2.277524307370186 0.5345003828406334 2.888596594333649 1.854015551507473 11.30982043594122 32.38104080408812 0.1492595821619034 35.3254970908165 37.55709245800972 57.96058622002602 58.514976747334 16.16812966763973 8.909182228147984 47.33087231218815 6.787067070603371 62.50554017722607 6.521635636687279 1.052041821181774 1.454251244664192 2.607361402362585 1.494366094470024 0.2034555599093437 0.3796364143490791 0.2580512166023254 0.3488211706280708 0.5217792242765427 1.137687116861343 0.1569801270961761 0.9310173839330673 290.8729482889175 1.863536700606346 0 2.669582203030586 8.046423360705376 1.501386612653732 2.490403018891811 2.99015299975872 2.662211149930954 1.872396625578403 7.210921943187714 13.78511306643486 6.414004489779472 5.321799613535404 27.63277603685856 6.57751190662384 68.29980723559856 38.98178362846375 27.00764864683151 23.44499507546425 0.1514860689640045 0.2204538732767105 0 0 0 0 0 0.2903299927711487 0 0 0 0 0 0 0.3876879215240479 0 0 0 0 3.181014962494373 2.372589655220509 0 0 0 13.51598792523146 4.269505672156811 37.20051155984402 3.488943591713905 0.36173415184021 0 0.3447899892926216 0.1069567054510117 0.536466121673584 0.4420963525772095 0.4799514412879944 0 0.2909400761127472 2.077334076166153 0 0 0 0.2683778405189514 0.1062342599034309 0 0 0 0.8574072048068047 1.119046792387962 0.44405797123909 5.470769308507442 3.622190870344639 25.42154394090176 0.4272503852844238 0.2083581835031509 0.1158028244972229 0 0 0.298498660326004 0 0 0.2144549116492271 114.997779764235 4.551892697811127 0 0 0.1787433475255966 11.33559290319681 14.0721487775445 23.62000524252653 2.138899758458138 0.3157255798578262 0.8892417028546333 0 0.1157585605978966 0 0 0 0 0 0 0 0 44.60919088870287 10.86985450237989 28.34669972211123 304.6677844896913 32.72869564220309 190.4151425734162 52.96629402786493 55.92730985581875 38.45097639411688 3.524353340268135 93.24679639935493 28.89026510715485 1.568341873586178 7.868441976606846 0.2124070003628731 33.56073793768883 1.82706443965435 1.849950611591339 1.888276979327202 2.825538702309132 1.544836223125458
360.5301787555218 850.7198312357068 3.750738605856895 2966.722248181701 17.33309638500214 414.7610815539956 1549.150302633643 3.268027015030384 213.2724452242255 0 7.603700637817383 2267.001468852162 5524.303076125681 462.261217482388 2.156224600970745 1.290775299072266 0.1437215209007263 0 0 0 0 0 0.1146004721522331 0 0 0 0 0 0.3937883675098419 0 44.56871802359819 1.48389994353056 7.499469272792339 0 0 0 4.154806524515152 0 1.988150417804718 0.1578598171472549 0.1147969141602516 0 0 0.4066329449415207 0 0 3.708314523100853 0.3676983416080475 0 0.1141517609357834 0.2479454278945923 1.724314585328102 0 1.203682377934456 0.4550683125853539 0.954926460981369 42.28785216808319 31.88419035077095 3.63576977699995 1.338418208062649 0 0 0 0.8576779961585999 0.8014051541686058 0.7399102821946144 0.06666793674230576 0.07578831166028976 0.2514197304844856 0.3291154354810715 36.27650272846222 31.20718555152416 1.826559484004974 12.72552765160799 6.511966377496719 3.467583507299423 1.386236913502216 0.8437647521495819 0.3478566408157349 3.506164729595184 0.2167008295655251 2.384974002838135 1.156805597245693 0.5605879947543144 0.08597715944051743 0.330239936709404 0.4958668500185013 0.9597200751304626 0.1740916892886162 1.321800582110882 0.1562069058418274 0.593829944729805 0.7013371363282204 0.7316182032227516 1.30164523422718 1989.365404441953 37.34712854027748 3.457994043827057 4.551284365355968 625.123017065227 2.804166421294212 18.72150123119354 10.20895332098007 16.78921286761761 8.171325266361237 38.76351637393236 159.4461825639009 12.14016980677843 105.0398687273264 105.3443251699209 7.661277808248997 176.8747397586703 146.8681633472443 82.82282084971666 18.72368719428778 0.1981596872210503 0.1233304142951965 0 0 0 0 0 0 0 0 0 0.456086665391922 0 0 0 0 0 0 0 7.957612968981266 4.32609198987484 0 0 0 7.525876924395561 0.8055549114942551 12.30741243809462 1.162622280418873 0 0 0.1199830770492554 0 0 0 0.2523391246795654 0 0.4032149761915207 1.535588681697845 0 0 0 0.1373422890901566 0 0 0.257399782538414 0 0.1045425236225128 2.11592373996973 1.968446880578995 0.973818451166153 0.679718017578125 9.557024821639061 0.08567635715007782 0.168330579996109 0 0 0 0 0 0 0 150.065233103931 0 0 0 0 10.83685889840126 2.280648902058601 10.9556353315711 1.838431179523468 0.602673664689064 1.136086359620094 0.6221402734518051 0.5823383182287216 0 0 0 0 0 0 0 0 178.1076407879591 5.88469322770834 14.82097235321999 227.1784266680479 7.709914684295654 14.86162301898003 2.344946496188641 375.5226001739502 2.379478357732296 0.2981027066707611 6.569753557443619 131.0023942142725 0.6221408694982529 5.57427342236042 0.6217205449938774 162.3425563722849 1.004032991826534 0.5553562790155411 0.7441440224647522 0 0.2194467186927795
88.84107390791178 337.0547612830997 1716.06793410331 6.935566268861294 312.7598868235946 1.353106871247292 71.40678537636995 1030.535202212632 1889.871087744832 7.603700637817383 0 191.9478208273649 1028.407524824142 5998.158551566303 110.7536236792803 88.38226429373026 13.63062082231045 1.494350001215935 0.4529930502176285 5.545047946274281 10.7744452804327 0.6493451595306396 9.016250044107437 4.204349502921104 2.456407122313976 0.8948605209589005 5.71449276059866 4.633533708751202 1.472249358892441 0.5979801416397095 514.2428089082241 217.1227507665753 321.9192360267043 0.9156999662518501 5.323768503963947 0.9104678928852081 11.39912147819996 4.382331930100918 7.105843022465706 1.703700751066208 5.425734981894493 5.853203900158405 11.38100152462721 24.42453353852034 1.940358653664589 4.214550979435444 143.6714724376798 5.535808071494102 2.363822042942047 5.145619295537472 7.277873918414116 2.514902330935001 0.2271944433450699 2.755244232714176 3.517613515257835 11.12391708791256 34.58965700864792 63.75272450596094 25.15107873827219 26.56712505221367 17.11376012861729 9.501257121562958 0.7704800143837929 80.23876859992743 11.27640154585242 7.119611579924822 4.907074332237244 7.762814022600651 24.05143161118031 26.65840969234705 17.01833628863096 27.73413977771997 1.124243319034576 68.21276393532753 98.16582924127579 117.2885237783194 126.4398286491632 49.97740593552589 502.3339725360274 569.4129653349519 57.398178845644 612.9756523147225 15.75460682064295 1.865063972771168 3.173527613282204 5.696099299937487 7.649792224168777 0.1456204876303673 1.634329505264759 0.5224034339189529 2.034821011126041 1.387046881020069 10.8385591506958 2.29474101215601 1.890463896095753 67.43226066231728 8.24896378070116 0 4.246039897203445 17.2463520988822 0.7920396625995636 1.614573985338211 2.145054548978806 0.8727825433015823 1.089484386146069 3.565675035119057 3.414895907044411 0.9240120351314545 1.432279884815216 6.755575686693192 1.51216596364975 22.31435550749302 10.56022900342941 11.93008974939585 13.13216869533062 0.3185205981135368 0 0 0.1319356262683868 0 0 0 0 0 0 1.555122375488281 0 0 0 0.223545990884304 0 0 0.812463253736496 0 1.39539809525013 1.24340195953846 0 0 0 9.185907617211342 2.873102337121964 21.77651946991682 2.89865255355835 0.6711923331022263 0.6195168495178223 0.4396394118666649 0 0.1188805177807808 0 0 0.193784087896347 0.3768530935049057 0.5242103412747383 0 0 1.404105588793755 0 2.853163406252861 0 0 0.09076449275016785 0.2025800496339798 0.8186654672026634 0 2.371082343161106 1.69895838201046 15.22957608103752 0 0 0 0 0 0 0 0 1.756345555186272 52.99831476062536 2.356453381478786 0 0.3065687417984009 1.598967768251896 4.484673105180264 6.251329176127911 17.46116007864475 0.5020120888948441 0.7660666704177856 1.241790361702442 0.349384993314743 0.9326809495687485 0.1066561415791512 0 0 0 0.1902542114257812 0.3985574468970299 0.1112901344895363 0.1154888197779655 13.02692849189043 4.347855493426323 16.43196420371532 424.861228980124 76.44276598468423 337.5923610702157 108.9748396426439 81.0264273956418 54.98553168773651 11.43140598386526 146.6806837916374 15.80697745084763 1.106422632932663 3.458973772823811 1.18885925412178 10.79312668740749 1.046731978654861 0.3943462669849396 1.771183960139751 7.870514571666718 2.38099180161953
26.12472099810839 33.1132135912776 8.05681300163269 768.0357426181436 9.839055851101875 108.9397596046329 50.6902479082346 24.20058487355709 49.53099004924297 2267.001468852162 191.9478208273649 0 1807.566600501537 1079.801994793117 23.39751054346561 35.93110382556915 5.516868606209755 0.1075951233506203 0.2294220775365829 0.2559252679347992 0.5514214485883713 9.260781556367874 0.8409014493227005 0.7615020573139191 0.9350786954164505 0.3492853939533234 2.034360989928246 4.91503668576479 5.1063392162323 1.308737307786942 8.55108368396759 13.62810929119587 228.5812689214945 0.1621995866298676 0.6270565837621689 0.1624485403299332 108.1075465008616 5.595222689211369 65.61413145065308 3.156887903809547 4.216217570006847 2.238939471542835 0.7992563843727112 7.438777141273022 0.09383051097393036 1.058834172785282 30.58447573333979 1.833070546388626 0.4763731434941292 1.265305005013943 1.533149480819702 5.065701149404049 16.12955550849438 0.8404563516378403 0.9151870831847191 1.302463680505753 13.10514418780804 7.529957376420498 6.191844642162323 1.943378277122974 5.523969560861588 24.36562403291464 1.502953305840492 13.36640026420355 1.158729963004589 1.444537214934826 0.6976649612188339 3.275614984333515 3.180027194321156 8.661217890679836 605.5047601982951 308.4155161976814 2.267170786857605 10.70631231367588 8.352153658866882 14.58925683051348 22.19844401627779 16.37431299686432 5.415370404720306 128.6052802354097 2.175523035228252 66.95572675019503 1.715392254292965 0.4083036109805107 0.6155940666794777 0.3307335004210472 2.825102597475052 1.844087615609169 0.5269917175173759 1.175342068076134 0.1411013007164001 0.7288468927145004 4.319093808531761 1.401595294475555 1.728652812540531 3846.066213548183 401.4155714660883 1.197380915284157 89.55104761570692 65.21738816052675 3.830672346055508 16.50291662663221 7.323816999793053 5.275509648025036 8.588496200740337 37.56919107586145 62.46311131864786 17.63649800419807 28.23254124820232 101.0134613066912 15.78240119665861 197.9810374081135 115.4093669056892 115.7316945642233 52.84036928415298 0.5683760866522789 0.1975387036800385 0 0.1798009276390076 0 0 0.6504423022270203 0 0.2640478909015656 0.2864666283130646 0.5427361130714417 0.4619442895054817 0 0.3396691083908081 0.9572657570242882 0.6732677817344666 0.5421746969223022 2.737183287739754 0.1388777941465378 17.4907982647419 8.292704299092293 0.2837861478328705 0.1409860551357269 0.5241512358188629 37.56910011172295 5.299797989428043 72.03395348787308 4.458273604512215 1.037604689598083 0.7208442911505699 0.3935216963291168 0.1013394221663475 0.5000224635004997 0 0.7572069838643074 0 1.925937503576279 8.364767469465733 0.1209828704595566 0 0.2989974915981293 2.962924361228943 0.7925463616847992 0 0.4809576272964478 0.07525769621133804 0.9807508438825607 4.445049807429314 1.119437426328659 6.794286631047726 4.799749098718166 60.37021405249834 0.2202611789107323 0.1030202358961105 0.3801707327365875 0 0.1444783359766006 0 0 0 1.752071738243103 307.4321674033999 9.844622708857059 0 0.1474094837903976 0.3991765677928925 28.74212610721588 20.72067282348871 43.22619816660881 5.382165856659412 2.083086058497429 4.117614448070526 0.2816538140177727 2.794740155339241 0.09828723222017288 0 0 0 0.1401348263025284 0.1124948188662529 0.505005419254303 0 138.3297282457352 29.68432751297951 66.64435099810362 297.1514362171292 17.42358623445034 103.4840070009232 27.58947367966175 116.9627989009023 13.09011264145374 1.194423899054527 61.39234745502472 91.06219632178545 0.5495786294341087 16.35260581970215 1.783679008483887 104.3045763373375 2.005611799657345 0.5838615521788597 3.394924037158489 3.166267104446888 1.232780605554581
126.711140923202 716.3601834103465 153.8657250031829 2983.278806306422 396.0360922589898 147.318835221231 4311.3399297297 278.1173018366098 2252.396053873003 5524.303076125681 1028.407524824142 1807.566600501537 0 3256.725842356682 57.50509788841009 59.10697359591722 13.15708838403225 0.3983410447835922 0.2300894930958748 2.303640976548195 2.572627745568752 34.93519921600819 1.883550807833672 0.4167004004120827 5.211407653987408 11.33200307935476 8.553631350398064 24.85717941075563 51.43453074991703 2.88734644651413 45.31756648421288 50.41075870394707 2228.954458206892 0 1.018299296498299 1.048043958842754 627.0539064481854 15.33480805903673 375.3264160081744 25.65426841378212 5.209961116313934 3.637038789689541 2.090806759893894 14.34927499294281 0.3654391020536423 3.591817393898964 73.26184382289648 3.18354144692421 0.8532375767827034 2.056999363005161 2.152394391596317 11.55161248892546 105.0572339519858 8.144857831299305 2.182540945708752 4.050636984407902 24.84536223858595 25.38896300643682 10.18551087379456 11.78510342538357 23.33598423749208 171.160171084106 3.795143932104111 35.6255299821496 3.563319075852633 3.879511848092079 2.45444018766284 3.650695748627186 6.528796188533306 9.537391565740108 1113.20076701045 333.583243727684 1.150710433721542 32.05462297797203 25.68754572421312 46.31076780706644 59.04328791052103 34.51390108466148 15.73915894329548 305.7950908616185 14.25587709248066 227.8228912428021 4.032348535954952 0.5954738259315491 2.215988025069237 2.574333377182484 3.778576083481312 2.751776628196239 1.091076724231243 4.627427086234093 1.540838412940502 1.483292490243912 7.84437558054924 0.6472181081771851 2.482524394989014 3968.236236907542 396.9539775699377 2.967890724539757 74.97266314923763 92.12197551131248 4.388902969658375 9.315580047667027 10.71207455545664 5.74022800475359 11.54239857941866 29.37412530183792 60.03406190872192 16.47023489326239 139.2372864708304 86.05672159045935 15.18233159184456 207.0863003134727 125.5664043426514 110.5756880864501 65.1522047072649 1.607598930597305 1.086154282093048 0.4172702953219414 0.2694135904312134 0 0 0.2539325654506683 0 1.439860925078392 0.4251430630683899 0.876888170838356 0.748619869351387 0 1.407723024487495 4.286024168133736 1.246148586273193 0.8645593822002411 7.21373163163662 2.078442171216011 14.88802805542946 11.27901843190193 0.5407996028661728 0.7854423001408577 1.440361805260181 52.40909925103188 13.03840587288141 106.4398359134793 15.12451862543821 2.003633692860603 0.3480986580252647 0.7897062227129936 0 0.2184711396694183 0.3892548233270645 1.16628959774971 0 1.343574024736881 8.960975773632526 0 0.1072806715965271 0.1865924149751663 8.264925912022591 0.9040605947375298 0 0.3343754783272743 0 0.833587646484375 6.338680543005466 0.4965774714946747 15.47325117141008 10.13250853121281 78.760757163167 0.3889851197600365 0.5362041220068932 0.1945958137512207 0 0.1140794008970261 0.3524077162146568 0.103110209107399 0 1.144084125757217 372.2823295667768 26.01930010318756 0.3188442587852478 0.5993260145187378 0.6975138857960701 33.01578661054373 40.86459871381521 67.46001677960157 4.099748186767101 2.782033830881119 4.022731013596058 0.3280487060546875 1.950729921460152 0 0 0 0 0 0.3386783301830292 0 0.1435572504997253 161.1204705312848 43.52506846934557 100.2251161709428 426.218649789691 55.08237036317587 205.679118104279 71.5141186863184 190.2433502674103 29.86314914375544 7.00830989331007 114.2842642441392 91.30237166583538 1.371987476944923 19.32320333272219 1.750398196280003 89.12454564124346 1.876470401883125 0.9429840296506882 5.904816865921021 7.83014152944088 2.076761543750763
