0 6591.166388951242 1119.369740106165 2454.190661638975 329.8667552322149 72.11147570610046 1687.409184858203 40.05206827074289 81.79408023506403 3131.095376387239 148.7490432113409 182.5330500751734 340.3962479233742 90.42663130164146 2.460045650601387 1.504959315061569 0.3402755409479141 0.141657218337059 0 0 0 0.9150933772325516 0 0 0.1016681268811226 0 0.112746387720108 0 0 0 373.9939837306738 2.382589414715767 14.75179222226143 0 0 0 22.6095340102911 0.8876179754734039 1.118990793824196 0.3097649961709976 0.2785270214080811 0 0 0.4687603265047073 0.1043252572417259 0 10.68167946487665 2.377137660980225 0.1355585753917694 0.1530708819627762 0.7465066760778427 6.524238280951977 0.7256490290164948 0.1537221968173981 0.1057365983724594 1.252568453550339 532.0506545081735 854.3028869479895 19.00838355720043 3.597392931580544 0.1371939331293106 0.8722914457321167 0 3.904693223536015 2.209766440093517 2.217048801481724 0.8253749459981918 1.495618507266045 0 0 83.80176137387753 15.64155687391758 3.787392094731331 70.46330595016479 9.306328907608986 9.596845045685768 1.504699133336544 1.137377813458443 0.948283426463604 4.678892351686954 0 2.423119969666004 6.957150861620903 0.472123995423317 1.64174322783947 1.454920202493668 1.383710265159607 1.644789710640907 0.6640955880284309 6.373888075351715 1.171066664159298 3.244754515588284 0 0.1183062195777893 0.2296757400035858 414.6496026664972 101.6762575954199 4.31362047791481 3.06328172981739 990.1182428449392 0 0 0 0 0 21.6563218832016 0.5620860457420349 0.7988971471786499 146.7460134476423 1.761853486299515 0.7688409090042114 4.884707346558571 3.583152085542679 3.236150234937668 3.143698751926422 0.1104258075356483 0 0 0 0 0 0 0 0 0 0 0 0 0 0 0 0 0 0 0 0.7229494452476501 0 0 0 0.2382089197635651 0.1056632027029991 0 0 0 0 0 0 0 0 0 0 0.5154359340667725 0 0 0 0 0.1999838203191757 0 0 0.2834938764572144 0 0.2264058291912079 0 0 0 0.2625132650136948 2.86052842438221 0 0 0 0 0 0 0 0 0 0.24297796189785 0 0 0 0.1402726918458939 0 0 0 0 0.8456375896930695 0 0 0 0 0 0 0 0 0 0 0 0.3775677978992462 0 0 14.15685743093491 7.381165273487568 59.9275123924017 25.20268058031797 850.8741044029593 58.71397566795349 3.002532832324505 14.04495270550251 0 0 1.414381623268127 2.294573381543159 0.8129521012306213 0.1404773741960526 0 0.244619183242321 0.1794388145208359 0
6591.166388951242 0 1500.952053412795 141.4199543297291 3002.865854971111 647.8436661213636 5858.084628991783 98.9669558852911 1646.728361703455 838.1604042127728 427.9111863747239 58.1544758528471 702.2083579972386 783.7084123343229 18.56388202309608 1.492453403770924 0.713258258998394 0.5065847933292389 0.184043675661087 0.1934560462832451 0.1258702725172043 0 0.4098127856850624 0.2174083366990089 0.675536721944809 0.4673510119318962 0.6125734448432922 0.251437284052372 0.4282729625701904 0.3212999701499939 4279.183851189911 22.10848431289196 7.702921807765961 0.2368115186691284 0 0 6.971032112836838 0.6140148937702179 0 1.232033461332321 1.301960505545139 1.243954472243786 0 1.201606087386608 0 0.5994261205196381 215.2226994782686 13.27879918366671 0.2775422334671021 0.3033610880374908 7.711576819419861 0.3494567647576332 0.1932896375656128 0.8008220717310905 2.108148016035557 4.170058354735374 180.1459161713719 1172.957886360586 33.43104839324951 48.10593763738871 0.6050653010606766 0.5416365563869476 1.162555553019047 61.89399300515652 19.65387592464685 15.67475311458111 7.065367795526981 7.752960905432701 0.6942765116691589 0.4745863080024719 31.44837126135826 23.65218007564545 0 293.8315987586975 87.51709721982479 142.5641462951899 36.60246507078409 1.871640793979168 7.737099327147007 9.845140039920807 1.586059458553791 2.370727628469467 49.2897100970149 0.3294303119182587 14.1166041046381 14.10444350540638 9.096639275550842 0.08217840641736984 9.62544047087431 0.747374065220356 7.441861279308796 1.233184970915318 0.692422479391098 1.607597768306732 2.255055770277977 92.48983174562454 7.320037931203842 0 0 1633.353226661682 3.465051382780075 0.6225344985723495 6.117915779352188 0.5409924387931824 2.615053907036781 45.45864333212376 2.290943384170532 17.37139509618282 74.78649920225143 16.45238500833511 7.875308841466904 79.9172089099884 57.04024195671082 59.17956411838531 25.54619029164314 0.1057761013507843 0.259839802980423 0 0 0 0 0 0 0 0 0 0 0.7087804079055786 0 0 0 0 0 0 1.034279584884644 10.51198834180832 0 1.236996710300446 0 2.180064953863621 4.034628123044968 11.31668244302273 0.1418776959180832 0.5383913964033127 0 0 0 0 0 0 0 1.112942039966583 0.5234075337648392 0 0 0 0 0 0 0.1393794417381287 0 1.807624354958534 2.009801402688026 0 0.5621063113212585 0.455119714140892 23.91355772316456 0 0.9808188080787659 0.9627469256520271 0.1535430401563644 0 0 0 0.1373395025730133 0 16.06242446601391 0.9954144060611725 0 0.1914069503545761 0 3.432546526193619 1.589060217142105 7.44087553024292 4.542059391736984 1.10697814822197 0.1609985083341599 0 0 0.5447333231568336 0 0 0 0 0.115280844271183 0 0 18.47493287920952 2.839703187346458 1.709303319454193 174.9763614535332 66.00515023618937 540.8949997648597 149.698054432869 618.2312386110425 232.0361169725657 20.82109443098307 118.9522988796234 10.14403282105923 1.884008027613163 14.11444311589003 6.467480413615704 3.555863246321678 6.884943157434464 0 2.681165546178818 3.161143273115158 0
1119.369740106165 1500.952053412795 0 5.94498685002327 869.5692435652018 271.7810767889023 451.5524313747883 3893.938366375864 507.0618512108922 49.61787506937981 3245.011942721903 38.10686239600182 145.5527033358812 734.4680224061012 18.46293190121651 5.444285005331039 0.9825667291879654 0.9740122407674789 0 0.3632686883211136 2.738573543727398 0 2.806016348302364 0.4659428298473358 1.148964948952198 0.5456991270184517 1.469897866249084 0.4731573462486267 0.3735849261283875 0.3672873601317406 5136.029671572149 70.87431153655052 17.41352772712708 4.311166316270828 2.084995158016682 0.8233230113983154 13.51659412682056 2.099598959088326 0.387909397482872 1.519022159278393 2.93690937012434 1.737643234431744 2.206292495131493 4.625907629728317 0.4554301276803017 1.663565807044506 123.1843206733465 11.1104855760932 0.9968753680586815 0.2873201072216034 8.15024983137846 0.1828730255365372 0.1064226701855659 0.4422551617026329 2.315598532557487 3.529831275343895 112.4794150218368 953.0505937635899 23.96291895955801 26.39036493003368 22.27550533413887 6.778133064508438 3.718660354614258 122.8081067875028 13.29246874153614 11.13667020946741 6.100058414041996 11.20859022438526 3.859757661819458 1.599907718598843 10.52279904484749 6.219384156167507 0 217.9655178412795 69.76608791202307 98.5339392721653 25.3667144626379 6.146529085934162 620.9158125817776 958.7296339869499 52.53044300526381 211.3383465111256 30.13866978883743 0.1806721463799477 9.559657000005245 10.78742033988237 9.435146801173687 0.07847903668880463 7.355794787406921 0.479634054005146 5.560736611485481 1.504314802587032 2.017140470445156 1.374922901391983 2.095006331801414 26.69544625282288 1.618624657392502 0 0.302100196480751 611.7500393763185 1.249920725822449 0 1.984630897641182 0.5223347544670105 1.13894122838974 6.990807458758354 0.4239349365234375 7.328763946890831 4.188497394323349 5.135406166315079 1.864499382674694 23.24850398302078 19.85315647721291 18.24314440786839 7.12397900223732 0.3446227386593819 0 0 0.08276829123497009 0 0 0 0 0 0 0 0 0.3799480646848679 0 0 0 0 0 0 0.6414215117692947 4.541428565979004 0 0.2921913713216782 0 1.599262863397598 1.705650076270103 6.712774887681007 1.362444870173931 1.259894624352455 0.3992751836776733 0 0 0 0 0.1114960312843323 0 0.8856090903282166 0.5645405501127243 0.175239235162735 0 0 0.1001091375946999 0.2761406600475311 0.2906581461429596 0.2477695345878601 0 0.6278748065233231 0.4783468246459961 0.3833393752574921 0 1.394919894635677 15.24981373548508 0 0 0 0 0.1066824346780777 0 0 0 0 4.210710197687149 0.109559528529644 0 0 0.1309119760990143 2.099581405520439 3.453592285513878 3.973712258040905 3.056571163237095 0.2239738255739212 0 0.540246307849884 0.1118917614221573 0.1784835010766983 0 0 0 0.0917702242732048 0.09500370174646378 0 0.2169518619775772 10.52414679527283 1.184976518154144 1.609650708734989 86.6171310544014 50.48154333978891 273.2251829430461 96.6513583958149 297.9370084553957 130.2300549298525 10.95610804110765 61.49955469369888 9.693022720515728 1.707028359174728 7.882432989776134 4.395578183233738 0.9645755589008331 2.885034196078777 0.6362529620528221 1.724542051553726 2.671444199979305 0
2454.190661638975 141.4199543297291 5.94498685002327 0 24.37029221653938 195.6212737858295 381.4482794329524 3.000643350183964 35.13735446333885 1373.527949094772 0.9918746203184128 521.878704726696 517.370046377182 18.2739330008626 0.6029374599456787 0 0 0.1354242116212845 0.1396877765655518 0 0 0 0 0 0.5812695622444153 0 0 0 0.1143746823072433 0 36.66773598641157 0.2204164117574692 2.839506804943085 0 0 0 1.552424669265747 0 0 0.165933683514595 0.1188949272036552 0.1275812089443207 0 0.1518271565437317 0.1245444566011429 0 7.92576502263546 1.254267081618309 0 0 0.3144763261079788 0 0 0 0.2598957270383835 0.2721191793680191 49.32028672844172 220.8624971657991 5.559672504663467 2.863415621221066 0 0 0 0.4600931704044342 2.712661258876324 1.62843582034111 0.1790411099791527 0.965255469083786 0 0 1.687012434005737 0 0 39.15708260238171 4.913759768009186 4.522455886006355 0.5706844851374626 0.1937937885522842 0 0.09143983572721481 0.09091401845216751 0.1078175231814384 6.78359167277813 0 1.231451213359833 1.38790987432003 0.6635679304599762 0.09766492992639542 1.436897560954094 0 0.1989419385790825 0.1971030607819557 0 0 0 90.21180066466331 0 0 0 242.1032490357757 0 0 0 0 0 7.146574258804321 1.682697534561157 0 79.26299856603146 1.121342897415161 0.4386998414993286 3.079131811857224 1.666262537240982 1.684366315603256 1.449818089604378 0 0 0 0 0 0 0 0 0 0 0 0 0 0 0 0 0 0 0 0 0.6685214042663574 0 0 0 0 0 0.6474165618419647 0 0 0 0 0 0 0 0 0 0 0 0 0 0 0 0 0 0 0 0 0.5767775774002075 0 0 0 1.722607120871544 0 0 0 0 0.198214128613472 0 0 0 0 0 0.2377132028341293 0 0 0 0 0 0.7064325138926506 0 0 0 0 0 0 0 0 0 0 0 0 0 3.013053774833679 1.16632354259491 0 21.02381202578545 6.747701480984688 38.97380077838898 14.66356990486383 161.2746475636959 25.04450917243958 1.879437580704689 7.003274969756603 0.6999194324016571 0 1.955884963274002 0.9407780170440674 0 0 0 0.2251893058419228 0 0
329.8667552322149 3002.865854971111 869.5692435652018 24.37029221653938 0 57.42406959831715 2825.052429936826 353.6352788954973 6990.802062653005 641.2939273267984 1060.916571751237 94.20213922858238 947.7886577174067 3066.84088358283 21.80809534341097 2.288320370018482 0.6697309836745262 0.1296962648630142 0 0.3999860659241676 0.150708869099617 0 0.1642556488513947 0 0.2190044075250626 0.5185384675860405 0.2466351166367531 0.1170901134610176 0 0.1449495106935501 135.338577106595 15.83787636458874 12.31183670461178 0.09780386835336685 0 0.1427810341119766 17.322510227561 0.2743958532810211 0.3306189030408859 0.7969305217266083 0.4354443922638893 1.006816834211349 0.1335436105728149 1.3774284273386 0.2871123552322388 0 119.892287530005 2.489097319543362 0.2102791890501976 0 2.820612259209156 0 0.2269317060709 0.4698289930820465 1.006562568247318 1.014624081552029 9.451020941138268 69.84644138067961 6.297680705785751 14.78366258740425 1.017706997692585 0.1731677800416946 0 33.58652576804161 8.519865699112415 5.48072674870491 2.8429946154356 4.01856654882431 0.2915060222148895 0 39.60158357024193 20.20768794417381 0 56.18896096944809 29.3069081902504 66.96752557903528 23.58832430839539 4.120917543768883 42.08981537818909 25.24118880927563 1.540665000677109 2.867888376116753 9.711603052914143 0.1129764690995216 3.180052943527699 4.636441685259342 3.193877078592777 0 4.331853605806828 0 2.583012670278549 1.067517176270485 0.3970222026109695 0.7906732633709908 1.404733777046204 78.90773962438107 11.61472588777542 0 0 41.84024079144001 1.481369033455849 0.6879043579101562 11.23298323154449 0.4659061133861542 8.841340824961662 31.6069371253252 4.347047224640846 29.33754570782185 19.83023442327976 35.83168272674084 8.48503278195858 117.9916561692953 74.60628545284271 99.4739748686552 41.62233774363995 0.1153821125626564 0.5709463208913803 0 0 0 0 0 0 0 0 0 0 0 0 0 0 0 0 0 0.2078487277030945 21.26491257548332 0 0 0 3.916985206305981 2.32941260933876 11.03534937649965 0.8855735063552856 3.136308684945107 0 0 0.2124628573656082 0 0.2072081863880157 0.2375607937574387 0 1.499231666326523 1.182556658983231 0 0.1554531455039978 0 0 0.2631591558456421 0.1232089325785637 0.2892909944057465 0 5.218715935945511 5.255915105342865 0.4528585374355316 0 1.307958498597145 35.63226516544819 0.2570835947990417 1.213201701641083 0.873180165886879 0.3385872021317482 0.4477036818861961 0.1108793541789055 0.2326110228896141 0 0 29.55888897180557 0.8116021007299423 0 0 0.1416104584932327 4.795446619391441 3.419026046991348 9.982994988560677 6.816015228629112 1.568887054920197 0.3116845488548279 0.1986453533172607 0.3134378790855408 0.5910859256982803 0 0 0 0 0 0 0 38.43942327797413 3.195541553199291 0.80919049680233 101.5712306424975 36.46364300698042 236.5650224834681 84.86148479580879 69.78410079330206 99.32212244719267 7.5551523193717 88.59034951031208 15.69912295788527 1.961708746850491 30.45005143433809 8.914215944707394 11.63683286309242 5.534112773835659 0.2089697122573853 4.629167951643467 1.507483392953873 0
72.11147570610046 647.8436661213636 271.7810767889023 195.6212737858295 57.42406959831715 0 251.9737735614181 13.33895894885063 20.45093764364719 512.8392222970724 34.56136345863342 254.391104221344 310.108525633812 56.64412173628807 1.965152196586132 3.559381417930126 0.6756180673837662 0 0 0 0 3.456909835338593 0 0 0 0 0 0 0 0 15.83132654428482 0.1688713878393173 37.0510241240263 0 0 0 53.55630446970463 2.524612873792648 9.224368378520012 2.284915573894978 0 0 0 1.057127743959427 0 0 3.050994008779526 0.3885986804962158 0 0.1282742768526077 0 21.45911060273647 0.97625333070755 0.6036303639411926 0 1.488763928413391 70.06156945228577 18.19948728382587 0 0.1158917993307114 0.1553258895874023 2.033241644501686 0 0.2652699649333954 0.08091601729393005 0 0 0 0 0 226.7445770055056 71.43280558288097 19.90811593830585 1.264833465218544 0.2409772351384163 1.698011070489883 0.3641668632626534 0.945572167634964 0 4.820731937885284 0.467126727104187 0.8388061225414276 0.2195064425468445 2.858143106102943 0 0.1641683578491211 0.1340367645025253 7.706908866763115 1.229072332382202 23.11150021851063 1.216375425457954 10.95911140739918 0 0 1.387191668152809 582.0669449269772 190.9240321964025 17.38420997560024 9.660013124346733 288.3903077542782 0 0 0 0 0 1.201630890369415 0 0.3230840861797333 9.737697660923004 0.7102211713790894 0 3.350244477391243 1.411296486854553 1.56958170235157 0.1532270014286041 0 0 0 0 0 0 0 0 0 0 0 0 0 0 0 0 0 0 0 0.2434663772583008 0 0 0 0 0 0.1464575976133347 0.1075414195656776 0 0.3165825307369232 0 0 0 0 0 0 0 0 0.08279602229595184 0 0 0 0 0 0 0 0 0 0 0 0 0 0.431943267583847 0 0 0 0 0 0 0 0 0 1.85625433921814 0 0 0 1.218850314617157 1.082675099372864 0 0.6142820715904236 0.3655310869216919 0 0 0 0 0 0 0 0 0 0 0 0 0 0.8807044327259064 0 5.45614056289196 2.371180474758148 7.8817508071661 1.816828273236752 95.2097025513649 4.107996344566345 0.426033690571785 2.404017843306065 2.701447695493698 0.2050184160470963 0 0 0 0.3844936490058899 0 0 0.1431712657213211 0
1687.409184858203 5858.084628991783 451.5524313747883 381.4482794329524 2825.052429936826 251.9737735614181 0 76.38260941952467 1489.12898555398 3158.383554674685 202.1363278105855 134.2052751332521 8842.798820205033 1952.078543514013 38.1231313124299 5.972581923007965 0.8899158984422684 1.132651217281818 0 1.475939132273197 0.6258452534675598 0 0.3624644577503204 0.4606886059045792 0.670410692691803 1.471935115754604 0.1553803235292435 0.7425565719604492 0.3941757082939148 0.4950069561600685 334.5298429876566 41.54640217870474 21.74747644364834 0.584915891289711 0.1415660530328751 0 16.36415477097034 0.8097177520394325 0.4895716980099678 2.961896494030952 2.274060569703579 2.572151988744736 0 2.028778098523617 0.3205790817737579 0.8716703057289124 321.9799895063043 17.77016565203667 1.197308465838432 0 8.68489520996809 0 0.1625640541315079 1.530110351741314 3.313750602304935 4.457379020750523 74.00178024917841 330.4095670059323 27.03968292474747 50.51381411403418 1.967412620782852 0.8122025281190872 0.1066036149859428 83.44820939749479 21.0079942420125 15.8106734007597 11.27400866150856 12.38501331955194 0.5315096974372864 1.046696424484253 37.42222371697426 18.90099662542343 0 210.5048221647739 84.26965637505054 190.8481919318438 68.45202282071114 4.277034886181355 3.208835460245609 7.511424854397774 1.773619271814823 6.061203613877296 45.35389655828476 0.5592065155506134 17.15440222620964 17.73737262934446 14.6334730014205 0.09820038825273514 13.26423168182373 0.6840257793664932 6.097107082605362 4.627410694956779 2.422349110245705 1.793807186186314 4.241290785372257 319.2142181694508 13.71007893979549 0 0.3550898209214211 154.0079717189074 13.39543736726046 4.674872785806656 162.7558632493019 9.365737408399582 7.792227983474731 62.66002623736858 12.09253039956093 35.063108086586 32.51391071081161 53.75268594920635 10.38455253839493 163.9371838271618 124.1726812720299 120.8487118333578 54.4265538007021 0.4137748181819916 0.3134789168834686 0 0 0 0 0 0 0 0 0 0 0 0 0 0 0 0 0 4.642708331346512 18.55712974071503 0 1.709315940737724 0 5.311695545911789 5.0264628008008 14.48322397470474 2.100697375833988 3.288290023803711 0.1353480964899063 0 0 0 0.4600228518247604 0 0 1.784248754382133 2.235153689980507 1.01331852376461 0.2220936566591263 0 0 0 0.4261615872383118 0 0.0841447114944458 4.008460499346256 9.904944747686386 0 0 1.096394613385201 41.86145547777414 0.2256995886564255 1.210232511162758 1.316064864397049 0.2247291803359985 0 0 0.4886030927300453 0 0 33.51145649701357 1.486729994416237 0 0.09966365993022919 0 5.585945308208466 4.974879220128059 9.69956848025322 9.444617129862309 2.568076312541962 0.7054510116577148 1.307952731847763 0.8815955966711044 1.784196428954601 0 0 0 0.2132003903388977 0.6185921803116798 0 0 42.46899755299091 2.815781489014626 3.453654423356056 213.09064643085 103.3974589705467 669.5078138262033 195.8716600164771 255.3044448494911 289.3128546699882 23.52261396497488 186.7800416946411 19.46455020457506 2.177622921764851 43.75192401558161 12.96725979447365 11.65627157688141 3.779298067092896 0.3982256054878235 3.762817569077015 6.075888305902481 0.5539756417274475
40.05206827074289 98.9669558852911 3893.938366375864 3.000643350183964 353.6352788954973 13.33895894885063 76.38260941952467 0 425.3299026712775 3.525557793676853 3530.945169888437 254.024608835578 413.3503135591745 1268.015643022954 49.77320396155119 7.849536381661892 1.127829827368259 1.500078469514847 0 0.6541166603565216 2.027646385133266 0 1.781552605330944 1.001344509422779 0.5029784291982651 0.6848113462328911 1.116588070988655 1.085332676768303 0.2825189232826233 0.1164281740784645 1057.53320517391 815.7133189737797 23.30970799922943 3.820938795804977 1.930851846933365 0.9140190482139587 10.72866463661194 1.188831552863121 0.3243207409977913 1.891369991004467 3.505726613104343 0.9958236888051033 4.243399903178215 9.69907096773386 0.6190990060567856 3.908408924937248 218.8246739730239 6.596930436789989 1.134704269468784 1.673372529447079 6.775162592530251 0.08742181211709976 0 2.267885357141495 0.9137553721666336 2.667326681315899 33.1205111593008 213.2987602353096 12.16905481368303 24.67239094525576 44.58225110173225 8.526398286223412 2.588287651538849 165.5176602303982 8.549136765301228 7.028989993035793 4.460322342813015 7.61197704821825 5.158814087510109 2.467317901551723 25.23953783512115 11.56103291362524 0 119.136617064476 72.70137400925159 139.4592277631164 76.52428542077541 62.94304414093494 829.7903704717755 760.5475582107902 198.7275072857738 689.9012972488999 16.7049252986908 0.08785581588745117 7.398786388337612 5.937525205314159 7.551197528839111 0.07831936329603195 4.066319454461336 0.3487551659345627 3.516780003905296 1.850748181343079 2.145497195422649 0.8733755201101303 2.606585636734962 41.20992031693459 7.889922678470612 0 0.2923182547092438 33.50449530035257 0.5630317404866219 0 2.341948360204697 0 1.863988846540451 11.34530052542686 0.4525481164455414 8.074805334210396 2.078892484307289 9.710617929697037 4.631874397397041 33.20300525426865 22.71164928376675 29.23688288033009 12.06610143184662 0.4244779497385025 0 0 0 0 0 0 0 0 0 0 0.7295853495597839 0.8667341470718384 0 0 0 0 0 0 0.2600199282169342 4.335644423961639 0.165425181388855 0.2765339910984039 0 2.397394865751266 2.412514612078667 3.656486451625824 0.5957446396350861 0.9919607564806938 0 0 0 0 0 0.1912430375814438 0 0.1622843444347382 0.7309722825884819 0.5246224924921989 0 0.2945040762424469 0 0.2733592987060547 0 0.6389471441507339 0.2687580138444901 0.9525558724999428 1.203621566295624 0.2865215539932251 0 1.698611602187157 20.82978450506926 0.1980824172496796 0 0.2499422281980515 0.2224202081561089 0.124875046312809 0 0 0 0 8.364312879741192 0.7961082309484482 0 0 0 3.630695939064026 0 7.594158411026001 2.225378230214119 1.002995014190674 0.876617968082428 0 0.3108653277158737 0.2079619616270065 0 0 0 0.4299066141247749 0.8107410669326782 0 0 11.56719736754894 1.912389904260635 1.991869561374187 192.1454622223973 44.57323353737593 449.8158929869533 115.1300990432501 57.21866514533758 155.6661704257131 8.103784047067165 182.5601224973798 13.11241568624973 0.9157045409083366 18.24341254681349 3.325790047645569 2.891009628772736 2.99316268414259 0.08612377196550369 3.248336359858513 3.048909023404121 0
81.79408023506403 1646.728361703455 507.0618512108922 35.13735446333885 6990.802062653005 20.45093764364719 1489.12898555398 425.3299026712775 0 546.4361500293016 1393.192616917193 127.8713023662567 2671.266207829118 3428.511421754956 27.56433210521936 4.079756438732147 0.3405632004141808 0 0 0.1530439555644989 0.6962407007813454 0 0.3419011533260345 0 0 0.6711326539516449 0.4763289391994476 0.3227071613073349 0.5175417214632034 0.2675463482737541 73.45810202509165 16.20588976889849 28.5523360222578 0 0 0 19.3087359815836 0.976745218038559 0 0.6270380616188049 1.142730697989464 0.9732475131750107 0 2.246771596372128 0.118926614522934 0.3803864568471909 105.1503073647618 3.126431949436665 0.246292844414711 0.1170865520834923 1.773337721824646 0 0 0.1352666020393372 0.3889317214488983 0.7954661399126053 8.258820399641991 38.09047961235046 4.478549659252167 6.83555680513382 0.8468786999583244 1.598804488778114 0.5011013448238373 20.92144800722599 3.212231785058975 3.238504387438297 2.789707779884338 1.334532462060452 0.110069215297699 0.2190170288085938 35.19817422330379 16.77781695127487 0 31.07795096933842 15.8894624710083 53.41944693773985 25.79614578932524 4.327138744294643 8.516611099243164 4.835669122636318 1.758687078952789 2.65599724650383 6.752726726233959 0.1872397214174271 2.522206723690033 2.314160332083702 1.690155737102032 0 1.885701827704906 0.1982242539525032 0.7639725208282471 0.4795565456151962 0.4544883146882057 0.1995256245136261 1.021047383546829 124.6003815531731 11.3669026196003 0 0 18.48493900150061 1.088449835777283 1.256451115012169 13.10044169425964 0 6.964398369193077 40.31431494653225 6.468419000506401 37.29816094040871 20.07662196457386 38.37653809785843 6.453349620103836 141.4635798335075 111.4714303314686 109.8989931046963 42.32229468226433 0.3809470608830452 0.4788219779729843 0 0 0 0 0 0 0 0 0 0 0.5048738121986389 0 0 0 0 0.149661660194397 0 1.806857332587242 19.69077879190445 0 0 0 5.977799579501152 4.755059167742729 17.4511332437396 0.6740800589323044 1.849390283226967 0 0 0 0 0.1735765337944031 0 0 0.9067413210868835 2.172624930739403 1.048540726304054 0.781792938709259 0 0 0 0 0.293928898870945 0.09439457952976227 3.249126695096493 10.70484139025211 0 0.5525063872337341 3.378591790795326 34.85718688368797 0.2623939216136932 0.1735039055347443 0.8334060907363892 0.7820923030376434 0.47703817486763 0 0 0 0.2300491333007812 34.20050714164972 1.330579221248627 0 0 0 9.892468348145485 1.425775349140167 11.30294166505337 8.364817582070827 4.487626403570175 0.5628863871097565 0.5932915359735489 1.160363376140594 0.384116604924202 0 0 0 0.4023945778608322 0.08186645805835724 0.7040349841117859 0 50.91171324253082 2.829152718186378 1.798051804304123 118.2996310293674 30.05772087723017 217.5044390782714 68.26654149591923 42.66201463341713 87.72176405787468 2.938995257019997 101.0444540828466 14.51915339380503 1.223257750272751 25.44567798823118 9.170498222112656 7.482047870755196 6.970557913184166 0.2785541489720345 3.678476952016354 5.367831781506538 1.615792989730835
3131.095376387239 838.1604042127728 49.61787506937981 1373.527949094772 641.2939273267984 512.8392222970724 3158.383554674685 3.525557793676853 546.4361500293016 0 33.99332121014595 2650.123287811875 9831.306270614266 331.8062691316009 7.945527367293835 0.897293284535408 0.2587092518806458 0.1026656925678253 0 0.09791256487369537 0.2264325246214867 0 0 0.1719220876693726 0.1594827473163605 0.1689982712268829 0 0 0 0.1073982119560242 90.59873117506504 4.273698732256889 29.88063460588455 0.2245801538228989 0 0.1705774217844009 29.90607529878616 0.139240950345993 0.3725837469100952 1.35725075006485 0.6132131814956665 0.2418533265590668 0 0.4251676201820374 0.1076745539903641 0.2590946555137634 84.88530844449997 4.721797093749046 0.1168584376573563 0.3073451593518257 2.595080256462097 0 0.1797582507133484 0.8672617748379707 0.4280398339033127 2.101276539266109 128.13004976511 433.4802240207791 19.18773493915796 16.33998586982489 0.4382823407649994 0 0 13.14467447251081 7.468532428145409 5.133736945688725 3.611557111144066 2.605402648448944 0.471381239593029 0.4159688726067543 65.27618546783924 44.61587925255299 0 136.1348519325256 26.12057749181986 52.99944690614939 11.02593688666821 1.729550071060658 0.4085254967212677 2.728719003498554 0.3295620828866959 0.9045306742191315 21.22627127170563 0.1469121873378754 5.341770499944687 5.665309466421604 5.769346974790096 0.07833937555551529 2.679541990160942 0.3835154920816422 2.162454202771187 1.290742889046669 0.3584468215703964 0.1088362112641335 0.9484393894672394 983.3877770155668 15.65391932427883 0 0 575.6194858402014 10.18982864916325 4.767167702317238 18.61013753712177 0.6680883765220642 10.60075591504574 96.51129403710365 27.73736482858658 65.07325056195259 113.2966886162758 115.4413340091705 18.8709752112627 291.7578238099813 287.5931984782219 265.0176713019609 64.5760617852211 0.20125712454319 0.660076230764389 0 0 0 0 0 0 0 0 0 0 0.5354278087615967 0 0 0 0 0 0 4.998278498649597 27.23634850978851 0 0 0 4.021916583180428 4.417817622423172 12.9318046271801 0.758488304913044 1.52853836119175 0 0.3141308426856995 0.7021133899688721 0 0.2047282755374908 0.356844425201416 0 1.592169046401978 2.53221133351326 0.2294252514839172 0 0 0 0 0 0.1162791103124619 0.3695422932505608 6.282447621226311 7.369120135903358 0.6975215524435043 0 3.418990850448608 48.85778370499611 0 1.808578915894032 4.073748685419559 0.2670887559652328 0 0 0 0 0 30.21040779352188 1.642531365156174 0 0.3192616403102875 0 6.412648007273674 5.497735589742661 7.938127025961876 8.519557565450668 3.313842386007309 1.002343311905861 0 1.362702369689941 1.236628204584122 0 0 0 0.08404935896396637 0 0 0 56.20388042926788 1.045359686017036 2.74260501563549 162.2404731363058 27.79418893903494 268.6526100039482 81.26466421037912 591.3864032924175 136.6488725841045 7.87968735396862 107.8828099966049 27.10511295497417 1.595930583775043 49.03049120306969 12.28814408928156 27.08096292614937 6.025045923888683 0.9088061898946762 9.715164199471474 0.4282806515693665 0
148.7490432113409 427.9111863747239 3245.011942721903 0.9918746203184128 1060.916571751237 34.56136345863342 202.1363278105855 3530.945169888437 1393.192616917193 33.99332121014595 0 914.026354432106 2332.421932689846 5214.569365531206 215.7514081969857 80.64523401111364 5.973372124135494 2.048233188688755 0.09111692011356354 0.5972560420632362 5.077657982707024 0 4.154238969087601 0.4154394492506981 5.302628695964813 1.531898573040962 4.797782853245735 2.72268071770668 0.5995438694953918 2.034934975206852 641.12943867594 331.9210689291358 989.4267862215638 3.092851288616657 2.974808976054192 2.019538857042789 450.9930884689093 72.57368849217892 10.60400248318911 22.44627556204796 5.597871147096157 7.821692191064358 1.449728034436703 39.82071487605572 0.1794737055897713 2.16096905618906 459.0447700619698 11.53128812462091 0.6098490729928017 2.645778819918633 11.71138981729746 0 0.1405386030673981 3.885085731744766 1.336136043071747 3.32193798571825 39.3763045668602 191.3960127457976 14.9636248499155 37.98332750052214 12.86352610588074 30.23016268014908 2.430062867701054 144.8176917657256 12.03967829793692 12.83735836669803 6.085011795163155 9.751474998891354 5.065071307122707 3.557372219860554 171.208678945899 46.43238455802202 0 135.0485341995955 76.21435344964266 255.1016320064664 136.0740549266338 72.74641666561365 178.4280822500587 554.3598280698061 29.30591063946486 386.5759857520461 26.5548514649272 0.498731717467308 10.90683806687593 9.006292760372162 12.82923550158739 0.3083476051688194 6.98097737878561 0.4311854690313339 6.585588574409485 4.181690417230129 6.137929543852806 6.55121049284935 5.619038127362728 177.7406014353037 28.80972018837929 0.477016419172287 4.366833508014679 60.1628193333745 1.980373024940491 0.8868012428283691 7.081772536039352 0 6.842495024204254 29.51259680092335 2.20854015648365 27.18209122121334 9.054056242108345 18.11677485704422 8.749697655439377 104.2475484758615 64.79295495152473 109.3786965832114 42.31354085355997 1.284127756953239 0.87006975710392 0 0 0.2086078822612762 0 0 0 0 0 0 0.2045619189739227 2.648384727537632 0 0 0 0.2658014297485352 0 0 2.910595335066319 11.51903301477432 0 1.636949680745602 0.1759034246206284 6.983368612825871 8.532082796096802 25.77352917939425 4.245737724006176 5.184859745204449 0.1266919672489166 0 0.1673894226551056 0 0.4443080723285675 0 0.1254553645849228 1.561021104454994 1.782304853200912 0.7568310797214508 0.08781851083040237 0 0.09804336726665497 0 0.2010675892233849 0.3178381025791168 0.1296639889478683 5.770964920520782 7.603890642523766 0.8265522122383118 0.1814660429954529 3.952345706522465 52.47354847937822 0 0.5664423406124115 1.120221972465515 0.2350877970457077 0.2081760317087173 0.406797856092453 0.3310480415821075 0 0.3055752813816071 30.95952490717173 1.710201695561409 0 0 0.227092057466507 9.054348476231098 5.291659004986286 17.3533601090312 8.119989901781082 2.153138488531113 1.218277551233768 0.3580999672412872 0.2181516215205193 0.9250365644693375 0 0 0 0.3077541068196297 0 0.1053064540028572 0 42.61149509251118 4.578109472990036 8.009770505130291 553.5737728998065 140.4079048335552 849.7739366069436 283.6463943347335 112.8155215457082 294.8791624009609 16.02046719938517 415.4148796722293 23.57701738923788 2.939518742263317 36.54409261792898 10.83335937559605 13.31227542459965 5.104382045567036 1.838422775268555 10.24015562236309 22.54947711527348 0
182.5330500751734 58.1544758528471 38.10686239600182 521.878704726696 94.20213922858238 254.391104221344 134.2052751332521 254.024608835578 127.8713023662567 2650.123287811875 914.026354432106 0 1876.640480928123 648.7457954287529 17.27399086207151 8.697963170707226 2.034940138459206 0.1935626417398453 0 0 0.2836725264787674 0 0 0 0 0 0.1562100499868393 0.1449000686407089 0 0 4.202752165496349 5.636074729263783 60.20460700243711 0 0.1709315776824951 0 140.1770604550838 0.9100474119186401 0 0.3792970031499863 0.3844775781035423 0.2761799097061157 0.1931244134902954 4.674750275909901 0 0.293162077665329 30.20289843529463 0.1801846027374268 0 0 0.1494079530239105 0 0 0.1513080149888992 0 0 7.15366892516613 10.23998402804136 0.1245032697916031 1.395480372011662 0.8959040641784668 1.070959597826004 0 6.839408814907074 0.3249533399939537 0.269213579595089 0.1982582211494446 0.1313660591840744 0 0 70.24301238358021 47.00555226206779 0 8.174633078277111 2.702950164675713 11.92852208018303 6.168297529220581 8.166152976453304 0.4722738415002823 11.25063851475716 1.271324276924133 5.536974638700485 0.8599723353981972 0 0.3929921686649323 0.08450654149055481 0.5561605989933014 0 0.08116310834884644 0 0 0 0.1596276611089706 0 0.6734672784805298 1143.371985077858 22.0226929038763 0 0.2961273789405823 51.91191557049751 2.983819909393787 0.454637885093689 8.73555614054203 0.6311483681201935 9.303588524460793 56.06860591471195 15.44680793583393 46.76923979818821 35.69340282678604 60.47437456250191 6.737907618284225 221.6118615716696 141.1260722726583 159.6185053437948 41.40650688111782 0 0 0 0 0 0.284015566110611 0 0 0.4193305671215057 0 0 0 0 0 0 0 0 0 0 3.860452488064766 16.07406069338322 0 0 0 2.789803102612495 2.460429735481739 5.311291068792343 0.09383337944746017 0.6340199559926987 0 0 0 0 0 0 0 1.837909162044525 0.1405963450670242 0.1432001739740372 0 0 0 0 0 0.1550892144441605 0.2147447243332863 6.168863981962204 8.008389204740524 0.1597433835268021 0 0.264689177274704 23.401283249259 0.1940159201622009 0.4930877611041069 2.103062726557255 0.2262641489505768 0.4817463010549545 0 0.1551845073699951 0 0 22.27843297272921 0.3435358703136444 0.3308374881744385 0 0 4.040808796882629 0.8994101285934448 4.448256738483906 3.770459562540054 2.051200777292252 1.118200600147247 0.1297300606966019 0.1387279033660889 1.420674070715904 0 0 0 0.10801612585783 0 0 0 56.10759095847607 5.47533543407917 0.763792559504509 98.95790880173445 8.892004862427711 81.89357097446918 19.2204205840826 46.06996431201696 20.77678914368153 1.293028451502323 56.11958811432123 10.70819169282913 2.367351435124874 18.31335923820734 5.804630465805531 21.55658608675003 5.010098248720169 0.09558378159999847 3.81219370663166 2.059210047125816 0
340.3962479233742 702.2083579972386 145.5527033358812 517.370046377182 947.7886577174067 310.108525633812 8842.798820205033 413.3503135591745 2671.266207829118 9831.306270614266 2332.421932689846 1876.640480928123 0 5440.103700742126 146.5269360542297 85.17875323444605 11.35150118172169 0.5802440866827965 0 0.1218011677265167 1.540173731744289 11.29964154958725 0.9075106382369995 0.1901160031557083 1.051751464605331 1.583473734557629 0.4111640527844429 3.33884584903717 0.832180917263031 0.428215965628624 51.12684702128172 32.58572115749121 1019.489804893732 1.181311726570129 0 0.420519158244133 650.6364450007677 40.62199203670025 251.2603929191828 28.77012317627668 2.6303720921278 2.574941158294678 0.5063310265541077 34.46273309737444 0.1571235954761505 1.114208444952965 207.9825482070446 4.437770240008831 0.5426131635904312 0.1674702167510986 2.234829768538475 16.92554067820311 17.97073228657246 1.28179357200861 0.4606248885393143 0.9524552077054977 28.71627377718687 58.89647598564625 5.09312292188406 14.20100156962872 5.060711033642292 18.39974126219749 0.7158610373735428 29.39942818880081 3.228793330490589 4.015442691743374 2.332785628736019 4.400512926280499 0.7047407031059265 0.7373230904340744 582.3351091295481 293.7389230579138 5.304197520017624 47.81058102101088 18.25644186884165 100.1877736225724 52.86021172255278 43.95518706738949 2.513961933553219 118.8051696866751 8.180013090372086 48.14675471186638 13.26093569397926 0.3734157010912895 3.417603142559528 4.039582669734955 2.660572059452534 2.42079108953476 3.197662211954594 8.280722104012966 3.457435078918934 7.039153277873993 1.671740382909775 1.086566396057606 5.090374007821083 4278.4789686203 542.8615232557058 56.21662610769272 82.3219159245491 113.1003919243813 14.22065059095621 5.202170431613922 47.04500809311867 3.170662850141525 19.99733090400696 179.3973575755954 31.90862792730331 139.6345638483763 259.1624626219273 184.6839426159859 38.5370018184185 628.5743841379881 474.2502069622278 465.6288109496236 175.3014017641544 1.430397816002369 2.969809919595718 0.3140466809272766 0.1326154917478561 0 0 0.5488527119159698 0 0 0 0 0 4.625067017972469 0 0 0 0.1243457049131393 0 0 9.658373057842255 60.75366689264774 0 0.596481516957283 0.254329539835453 28.53707342594862 21.95011505484581 74.1274700537324 6.213805586099625 13.4661271199584 0 0.215063750743866 0 0 1.383797653019428 0.8400426954030991 0 5.55517715960741 6.578956693410873 2.837886996567249 0.7865372747182846 0.1843937933444977 0.4335130900144577 0 1.847340613603592 1.707578964531422 0.2946505174040794 16.95054010301828 22.95543958246708 1.996904641389847 0.3645981922745705 9.023360759019852 152.0171926692128 0.4515737146139145 2.931568250060081 5.13363616168499 1.240978553891182 0.9974562004208565 0.8192434906959534 0.8708251416683197 0 0.5453943014144897 148.5915358141065 7.037333503365517 0.3889162242412567 0.2483528405427933 0.6415262371301651 17.70497159659863 11.02488637715578 40.98383263498545 18.44388132542372 6.932755291461945 5.229862757027149 2.090348929166794 2.154024615883827 4.225198805332184 0.1754974126815796 0 0 0.3455863371491432 0.3358628377318382 0.1246750876307487 0.1881006360054016 260.1273804605007 24.57161875814199 19.77825293689966 363.6879393607378 98.15976137667894 459.6804822608829 156.5559500455856 153.9939507618546 146.4242524430156 9.371535532176495 245.2460801377892 50.99123504012823 7.489302322268486 87.47761733829975 24.83400618284941 40.27259438484907 16.02405411750078 1.831235378980637 16.67182300239801 17.3508698195219 0.1905149072408676
