0 2032.762266531587 749.9103001430631 1244.457608297467 269.2564822584391 312.9848693460226 503.3725626915693 81.92264135926962 391.5512492507696 1835.912962667644 533.3496435061097 155.9812992960215 249.9749950394034 154.4973285347223 3.372481971979141 0.4083011820912361 0 0.1419691890478134 0 0.2463118657469749 0.3281473070383072 0 0 0 0 0 0 0 0 0 289.124394595623 3.618334151804447 23.09383618831635 0 0 0.1574268490076065 11.04820925742388 0.1799676716327667 0.3423231989145279 0 0.09644489735364914 0 0 0 0 0.1340015679597855 20.77852627635002 3.959572546184063 0 0 1.378423489630222 1.503790736198425 0 0 6.59530396014452 33.88445153087378 594.6857158988714 1337.130616784096 54.45879599452019 17.60401414334774 0.1161019876599312 11.07428822666407 0.1523823887109756 21.75215202569962 23.31351039558649 15.84038572758436 14.88133280724287 4.776436679065228 0.1291186809539795 0.1682179421186447 25.03383454680443 49.87107485532761 2.525057315826416 217.8302559182048 26.23071181029081 43.88050322234631 7.060083605349064 0.469583585858345 0.3971035480499268 31.13062841445208 0.3946269825100899 6.228532359004021 33.480064637959 0.2428292334079742 3.058387443423271 11.62310185283422 2.18722677975893 5.214140728116035 3.085538938641548 5.461815886199474 0.434990331530571 0.1177791729569435 0.2176994308829308 0 0.1248500049114227 300.8503001183271 20.28424403071404 4.366377830505371 0.4111494272947311 1991.767529033124 0 0 0.4628699570894241 0.2962514162063599 0 10.07036051154137 0 2.262736037373543 161.6289478987455 5.590070948004723 2.219547346234322 6.944995813071728 8.117030888795853 2.836819462478161 3.941587209701538 0 0 0 0 0 0 0 0 0.2505898773670197 0 0 0 0 0 0 0 0.2749583423137665 0.1522323191165924 0 0 0 0 0 0 0.7882633358240128 0 2.378928415477276 0.6274585127830505 0 0 0 0 0 0 0 0 0 0.3694657385349274 0 0 0 0 0.4146280288696289 0.1075237840414047 0 0 0.2754347622394562 0 0 0 0 3.787286818027496 0 0 0.3077261447906494 0.1268031597137451 0 0 0.1136683374643326 0 0 3.157975189387798 0.3812053799629211 0 0 0.2141370922327042 1.3068967461586 0.3767355680465698 0 0.2664581537246704 0 0.4721693694591522 0 0 0 0.1262958496809006 0 0 0 0.2526098340749741 0 0 3.978474259376526 1.684290006756783 0.2110847234725952 79.17581973969936 16.54093142598867 121.3626365214586 12.70490004867315 2317.171895071864 5.450971782207489 3.43646739423275 8.008986964821815 2.814771935343742 0.169276624917984 2.366772390902042 0.7820050567388535 1.964349538087845 0.6883185505867004 0 0.1705437153577805 0.181853175163269 0
2032.762266531587 0 1486.062329351902 1116.970504321158 6300.964622542262 78.9416332244873 3547.79501285404 142.1408818885684 2404.637086331844 541.7666544765234 1619.141282945871 68.37370786070824 436.6283337175846 720.0501459687948 14.30311415344477 1.129708722233772 0 0.2728379368782043 0.1734970360994339 0.3761827200651169 0.2958311885595322 0.246962696313858 0 0 0 0 0 0.1766994744539261 0.2039069384336472 0 1150.544983699918 11.8522916957736 7.013714253902435 0 0 0 0.9982202872633934 0 0.2892753779888153 0 0.2725367620587349 0.1494456231594086 0 0.248110443353653 0 0.2327195256948471 124.280507594347 9.476997151970863 0 0.3253913819789886 4.190509423613548 0 0.1226943284273148 0.3900464698672295 9.749543681740761 52.11625096946955 111.702002890408 748.2852987498045 25.37072391808033 44.77958231419325 1.723100163042545 1.3873680382967 0 92.54946222156286 38.70559463649988 30.42706773430109 30.93163002282381 14.68930985033512 0.2745383232831955 0.7101494669914246 2.64889420568943 3.246869534254074 0 190.848068036139 68.84062837064266 102.1305483803153 35.66523884236813 1.015562057495117 1.021856643259525 33.16115645319223 1.942210994660854 5.533709794282913 46.61389324069023 0.8979098424315453 8.841103985905647 24.6733782812953 4.219559639692307 0.234357088804245 5.749364376068115 1.087077617645264 1.226667299866676 0.5593630373477936 0.2510744333267212 0.3940275013446808 0.6339900493621826 11.96670372784138 0 0 0 902.2114747017622 0 0 0.4331331253051758 0.441675141453743 0.8279902040958405 11.74620059132576 0.2463289201259613 7.830632410943508 154.5439133346081 4.37846664339304 4.382441557943821 16.38242923468351 18.40876943618059 11.46474426984787 9.363613128662109 0.4078488051891327 0.3797203451395035 0 0 0 0 0 0 0 0 0 0.141585573554039 0 0 0 0 0 0 0 0.5407761335372925 0.1340114027261734 0 0 0 2.036465004086494 0.1299739480018616 2.617222815752029 0 0 0 0.3021302372217178 0 0 0 0 0 0.2231541126966476 1.065167859196663 0 0 0 0 0 0.3478623107075691 0 0.1126253381371498 0 0.3317433893680573 0 0 0.6149459481239319 7.4467453956604 0 0.1667992770671844 0.5324874371290207 0.6695597395300865 0.2849302291870117 0 0.1238760054111481 0.1250808537006378 0.4739426672458649 8.454605653882027 0 0 0 0.379769928753376 2.711062885820866 1.158471643924713 1.240545891225338 0.2474043518304825 0.4179608374834061 0.979251816868782 0.5347891449928284 0.4930151402950287 0.1324757933616638 0 0 0 1.197034515440464 0.2068144306540489 0 0 4.339684896171093 2.578672081232071 0 272.3344994485378 41.66356854140759 396.5453503876925 60.18255233764648 784.3918622136116 14.98483914136887 6.553480699658394 65.79910927265882 11.2526705339551 0.5694689899682999 3.702490605413914 1.747504904866219 4.840298786759377 0 0.1626295447349548 1.128272265195847 4.743230178952217 0.2244907915592194
749.9103001430631 1486.062329351902 0 22.42189958691597 1896.911491170526 13.72329339385033 145.4510120600462 2945.082512013614 738.7544528320432 61.22035932540894 4366.167856797576 14.84972302615643 36.81404662132263 131.4483847022057 29.71132991462946 19.17556107789278 1.611909843981266 1.16575214266777 0.499244898557663 12.4178164228797 40.67614362388849 0.4459185898303986 13.1955696567893 3.921828307211399 5.565714612603188 5.548510760068893 1.270105838775635 1.716013133525848 0.2910803258419037 0 4248.840109877288 348.6678164675832 19.33788165450096 1.734847605228424 5.460678383708 15.61631924659014 9.429906457662582 0.8827460184693336 0.6496467888355255 1.39688715338707 40.26282459497452 6.585702747106552 5.585812896490097 6.791882112622261 1.792629465460777 7.678526043891907 143.1630674302578 9.231784924864769 0.5776452273130417 9.576604649424553 4.624338120222092 0.233314260840416 0 1.177756182849407 10.06351794302464 40.04007095843554 116.6325365453959 1271.019309282303 21.66073957830667 53.17523990571499 69.6420189961791 28.64973708242178 15.91841282695532 478.8421917110682 32.62430379539728 31.25212836265564 29.65235505253077 17.11165147274733 10.02042502909899 63.46213924884796 10.78317557275295 4.318090736865997 0.4038712978363037 190.5433175563812 158.1484548524022 142.3862267434597 85.2046704813838 15.57667727023363 76.23431184142828 1433.784348778427 16.40590839833021 437.3423950746655 44.477140404284 0.3623116016387939 7.063265345990658 25.04366181045771 9.254717402160168 0.452873058617115 6.931245364248753 0.9299776405096054 1.235898964107037 0.8273421972990036 8.052318014204502 1.268042415380478 0.8205049633979797 21.13143231719732 0.9455918669700623 0.1669167578220367 0.1917758285999298 871.597274325788 0 0 0 0 0.6622299551963806 17.59438955783844 0.7787235379219055 4.798739895224571 5.022656798362732 8.451333940029144 3.169788062572479 17.59870280325413 15.70167043805122 11.1175899207592 12.56938429176807 0.3447657823562622 0 0 0 0 0 0 0 0.3494702577590942 0.1539811044931412 0.3142465502023697 0 0 0 0.1226269230246544 0 0 0.1691537499427795 0 0.2953886389732361 0.1354730427265167 0 0 0 3.743821062147617 0.5990287438035011 3.234302677214146 0.0957251712679863 0.1099114716053009 0 0 0 0 0 0 0 0.6076663434505463 0.6129913777112961 0 0.1355260461568832 0 0 0 0.3251523151993752 0.1693067103624344 0.3576940596103668 0 0 0 0.1102761328220367 0.5988166034221649 14.7188394293189 0 0.487591952085495 0.4870247691869736 1.089298970997334 0.445838488638401 0 0.1358458399772644 0 0 9.853881970047951 0.3045793920755386 0 0.1137043312191963 0.8816005811095238 4.165642343461514 0.419307678937912 3.759904213249683 0.2221340388059616 0 0.1247748583555222 0.3277332186698914 0.3105328381061554 0 0 0 0 0.374844141304493 0.3288474678993225 0 0.1309656351804733 8.088240399956703 2.250902064144611 0.6127690374851227 232.8019684404135 44.44789211452007 366.9726518243551 64.01214827597141 566.1305751428008 16.12237687408924 6.167323485016823 61.09404876083136 15.71905820071697 0.5448477938771248 7.754531070590019 2.515322588384151 4.542275175452232 0.728852167725563 1.017431616783142 2.752040281891823 3.608105584979057 0.5958263576030731
1244.457608297467 1116.970504321158 22.42189958691597 0 49.6293575912714 535.3380546271801 1028.266397342086 0.9552040249109268 323.8529826700687 2121.257883951068 5.367722243070602 391.6645522415638 1801.165762200952 177.3196418732405 3.331281237304211 0.3310469761490822 0.1605200916528702 0 0 0 0.1921423822641373 0 0.1278905272483826 0 0 0.2166873514652252 0 0.1375530660152435 0 0 61.92685258388519 0.5946792513132095 0.2809668183326721 0.1146165430545807 0 0 0.2464045286178589 0 0 0 0 0.1163032650947571 0 0.1044875904917717 0 0 27.3805029541254 1.820711687207222 0 0 0.9447561651468277 0.1784718781709671 0 0 2.188012883067131 14.32357487827539 34.80500416457653 151.8989021778107 6.122635774314404 11.10421774536371 0.462585985660553 0.3204542696475983 0 18.34555007517338 10.58634485304356 9.109945222735405 8.96098193526268 4.100838176906109 0 0.3900725245475769 0.3382834196090698 0 0 52.48301309347153 21.41854415088892 26.72564183175564 5.970635086297989 0.4517154693603516 0 1.298510313034058 0 0.7705590799450874 15.32079838216305 0.1799796670675278 1.673065349459648 7.992749214172363 1.225629031658173 0.1146747022867203 1.295575276017189 0 0.3195424228906631 0.439337745308876 0.1281265616416931 0.2830742448568344 0 49.77547492086887 0 0 0 247.1159848570824 0 0.9737689644098282 2.845377177000046 1.222185149788857 0.5095720291137695 11.61085231602192 0.6279589086771011 6.353786140680313 76.56478461623192 6.785798668861389 3.393590420484543 22.97734628617764 16.9193831384182 8.63718468695879 7.165848284959793 0 0 0 0 0 0 0 0 0.2026378214359283 0 0 0 0 0 0 0 0 0 0 0.2208170145750046 0 0 0 0 0.3793384730815887 0 0.3811655789613724 0 0 0 0 0 0 0 0 0 0.3465002179145813 0.4029443114995956 0 0 0 0 0 0 0 0 0 0.1223324239253998 0 0 0.210720494389534 2.501516476273537 0 0 0.1440699100494385 0 0.09341717511415482 0.2541207000613213 0 0.1184427440166473 0 4.144771873950958 0 0 0 0.1527409553527832 0.3770712614059448 0 1.126057267189026 0.194478839635849 0 0.2870544791221619 0 0 0 0 0 0 0.2311152964830399 0.1018519178032875 0 0 3.786005735397339 0 0 100.2283837273717 14.77730970829725 87.82936673611403 14.70009921491146 1038.265800252557 4.373741149902344 3.979934550821781 9.041041389107704 3.500522971153259 0.928196907043457 1.459881506860256 0.8260886371135712 4.152888730168343 0.2278433442115784 0 0.4399332702159882 1.12435907125473 0
269.2564822584391 6300.964622542262 1896.911491170526 49.6293575912714 0 8.896586492657661 1069.518442474306 78.98004142940044 4694.267367340624 435.0986610203981 438.0700470879674 125.1460707336664 173.0934465155005 568.8827146217227 17.21145829558372 2.455604560673237 0 0.141548365354538 0 0.5109903141856194 0.1128848418593407 0 0 0 0 0.2481296434998512 0.09741080552339554 0.466338187456131 0.1503625959157944 0 208.4330571219325 6.90966659039259 1.88563222438097 0.1971791684627533 0 0 2.994747065007687 0 0.3944658637046814 0 0.1762412488460541 0.9276265352964401 0.4901199340820312 0 0 0.1088501065969467 105.9661049768329 4.354132510721684 0.2114318758249283 0.249314472079277 3.062801696360111 0.1685630530118942 0 0.3129734098911285 3.634762309491634 18.19709909707308 21.28195178508759 107.9533528313041 11.47664427012205 25.09256219863892 1.687306560575962 1.749892503023148 0.1265801191329956 51.29957026988268 23.00865648686886 15.73212853074074 21.5494928881526 8.890033192932606 1.089474305510521 0.727414608001709 3.771147653460503 2.150032043457031 0 61.62664899975061 26.51825749129057 54.69572142511606 44.9813445135951 2.39764166623354 0.7878910675644875 10.43536154925823 1.279512345790863 2.371242068707943 18.32569572329521 0 3.163488432765007 15.47156493365765 2.778904959559441 0.2550437077879906 3.208362765610218 0.5310132429003716 1.351156637072563 0.2521981447935104 0.6570100635290146 0.2644256725907326 1.178310565650463 34.82281881570816 0 0 0 65.80000957846642 0 1.256305128335953 1.593353018164635 0.8538839370012283 1.071943402290344 43.79697598516941 0.2561969459056854 23.54003608226776 15.09700012207031 24.28826479613781 11.54237618297338 68.03713002800941 48.7750403881073 29.9780985340476 28.13419054448605 0.3983820527791977 0.7245041131973267 0 0.1803120821714401 0 0 0 0 0 0 0 0 0 0 0 0 0 0.3529591858386993 0 0.2508784234523773 0.8980607837438583 0 0 0 2.172073155641556 1.222981363534927 4.530433565378189 0 0 0 0 0 0 0.1504867225885391 0 0 0.9783082604408264 1.634445481002331 0.3761078119277954 0 0 0 0.1211413517594337 0.2376995608210564 1.37492336332798 0.1021187230944633 0.618970662355423 0.8217634558677673 0.4076048284769058 0.856046736240387 0.654910534620285 18.99123632907867 0 1.068138167262077 0.522051140666008 0.1517268270254135 0.5928550064563751 0 0 0.1542709767818451 0.1900175958871841 19.03044053912163 0 0.115061067044735 0.1242830604314804 0.2941781729459763 7.13517639040947 1.515730395913124 3.75383222848177 1.612919449806213 0.5147822648286819 1.919001325964928 0.6788512468338013 0 0 0 0 0 0.2479424998164177 0 0 0 23.1935193836689 2.770648762583733 0.7170014232397079 254.2264927625656 60.03058551251888 278.0493830963969 73.17637015134096 135.7853152304888 23.18651663511992 5.064372889697552 74.59700801223516 22.99515690654516 1.593341276049614 9.734041973948479 2.729980289936066 9.979907393455505 0 0 2.655639126896858 5.094645574688911 0.3184916079044342
312.9848693460226 78.9416332244873 13.72329339385033 535.3380546271801 8.896586492657661 0 65.0987930893898 0.690022736787796 41.85182131826878 949.0927671790123 16.40368612110615 376.1428702324629 218.5546505451202 82.90061463415623 0.7050539925694466 0.2283758670091629 0.5231974720954895 0.13541279733181 0 0 0 3.449504882097244 0 0 0 0 0 0 0 0 6.647731959819794 0 97.93243986368179 0 0 1.637495368719101 43.52200469374657 1.939084812998772 4.813997447490692 0 0.4723592400550842 0.2691842019557953 0 0.254062831401825 0 0 1.810150668025017 0 0 0 0 24.77968309819698 0.6705168485641479 0.3438939154148102 0.1766937673091888 2.005855068564415 186.2195154502988 35.2415442019701 0.2582225501537323 1.40983122587204 0.1918748319149017 45.48383672535419 1.374620676040649 0.2448292821645737 0.6776216253638268 0.5808100700378418 0.8762303069233894 0 0 0.4970921128988266 96.01122163236141 385.7602249979973 23.07094012200832 2.80921046435833 0.8141756951808929 0.861108735203743 0.6694451868534088 0.7292389720678329 0 69.85029902309179 0 21.91587918996811 0.8665216639637947 2.675924256443977 0 1.508265256881714 0 21.89524468779564 4.190557688474655 29.04928976297379 0 0.1933616101741791 0.1255837082862854 0 1.55299474298954 460.7478449940681 95.97408707439899 28.44419726729393 2.829059824347496 322.4642570316792 0 0 0 0 0 0.8031672388315201 0 1.705532923340797 31.35454887151718 0.4037018716335297 0 1.662054046988487 1.171775296330452 1.394025221467018 1.186645075678825 0.1216394528746605 0 0 0 0 0 0.2767819762229919 0 0 0 0 0 0 0.2479696869850159 0 0 0.9545468091964722 0.1961163431406021 0 0 0 0 0 0 1.410007618367672 0.3217059820890427 4.285606101155281 1.071083888411522 0.235348105430603 0 0 0 0 0 0 0 0 0 0 0 0 0.4675020277500153 0 0.09891980141401291 0 0 0 0 0 0 0 2.482749983668327 0 0 0 0 0 0 0 0 0 5.360892303287983 5.219664514064789 0.4357704222202301 0 0 0 0 0.6784864515066147 0.5128435045480728 0 0 0 0 0.3838863670825958 0 0.2555953860282898 0 0.3868719637393951 0 0 0 3.755529776215553 2.217531487345695 1.673695914447308 11.68115723133087 1.459892362356186 6.450575910508633 2.100197710096836 155.7523046284914 0.3127348124980927 1.889492183923721 1.618851527571678 1.273405462503433 0.3064154982566833 1.477985836565495 0.2124580144882202 0.9572329521179199 0 0 0 1.385393857955933 0
503.3725626915693 3547.79501285404 145.4510120600462 1028.266397342086 1069.518442474306 65.0987930893898 0 6.865937314927578 906.9941971749067 887.6930754855275 43.74261472374201 275.7573910653591 1209.612881928682 274.1963421106339 24.52721683681011 6.078759334981441 0.2330540269613266 0 0.1326767951250076 0.6347964629530907 1.308344937860966 0.1360954940319061 0 0.1360527276992798 0.1092600524425507 0.7052158415317535 0 0.7505433857440948 0.9282382056117058 0 178.1250476911664 11.40209723263979 4.065060980618 0.1294597536325455 0 0 2.714929930865765 0.2304104492068291 0 0 0.2592739835381508 0.891563393175602 0.1081736907362938 0.6442923918366432 0 0.4724244475364685 205.4790850654244 10.14164435863495 0.1232151389122009 0.1984040588140488 6.86344450712204 0 0 0.7105851247906685 8.664338961243629 53.68325117975473 52.47758182138205 195.994419246912 22.84030310064554 56.33887270092964 2.796752884984016 1.892029874026775 0.3869877755641937 87.6743046939373 41.80420134961605 38.68566550314426 42.58025571703911 17.77124512195587 1.714447319507599 1.707842499017715 1.958308205008507 3.728517279028893 0.1307712644338608 147.9135289341211 58.22650360316038 119.4508475288749 73.93424554169178 3.468935824930668 1.746102318167686 7.07907197624445 2.107079982757568 4.946606837213039 43.47451950609684 1.343602634966373 9.923584952950478 36.20826099812984 5.28034632652998 0.3880813717842102 6.662819050252438 1.351140365004539 2.715945586562157 1.615925282239914 0.826439693570137 0.3549600467085838 1.112613692879677 92.25493066012859 0.09789374470710754 0 0 103.8842169195414 0.2063655108213425 0.4919953569769859 3.608170330524445 3.321367397904396 4.293476849794388 84.88621145486832 1.962476328015327 43.49002757668495 78.61718693375587 42.14166742563248 18.92026617377996 117.2059198692441 103.1806122362614 62.07762844860554 42.77632493525743 2.087076783180237 0.9076579511165619 0 0.1410487741231918 0 0 0 0 0 0.3905781209468842 0 0.1674373149871826 0 0 0 0 0 0 0 0.3518943339586258 1.063746303319931 0 0 0 6.071784362196922 0.6117683276534081 6.739840708673 0.140361100435257 0.3864442110061646 0 0 0 0 0.1596403121948242 0 0 5.775257781147957 3.130464136600494 0.1306113451719284 0.1868542581796646 0 0 0.1312549561262131 1.150597169995308 0.1876431256532669 0.3009336963295937 0.3203374743461609 0.7590121775865555 0 0.1919485479593277 2.036668598651886 31.07074750959873 0 0.5773445963859558 1.519149325788021 0.4008269235491753 1.222878910601139 0.1287423074245453 0.1116721779108047 0.111527718603611 0 33.57586384564638 1.185909286141396 0.2582973539829254 0 0.4009878858923912 10.71349208801985 1.148025557398796 6.693523794412613 3.731834053993225 4.486872211098671 3.503919154405594 1.274026483297348 0.4856672137975693 0.5523606687784195 0 0.3952923268079758 0 0.9953749775886536 0.3292068392038345 0 0 39.46746271848679 4.412804946303368 1.447725921869278 515.113940782845 101.5197533816099 589.8739137277007 136.9267238751054 455.6012063398957 38.62057807296515 11.04870032519102 128.5508175566792 36.7370683401823 2.924105808138847 18.60451896488667 2.75330675393343 21.18059113621712 0 1.808995395898819 4.319696821272373 7.097098626196384 0.7199350148439407
81.92264135926962 142.1408818885684 2945.082512013614 0.9552040249109268 78.98004142940044 0.690022736787796 6.865937314927578 0 281.2957047894597 2.771750509738922 1860.645198054612 1.46606333553791 3.817720770835876 31.18342921882868 68.75005456805229 43.00191968679428 1.617708832025528 1.195442631840706 1.323320776224136 15.65401194244623 63.75969602912664 0.1013545840978622 24.74435406178236 6.765478499233723 12.35334149748087 17.86316677927971 5.247995883226395 2.601257875561714 0.1823637634515762 0 1025.624429471791 1980.416607409716 11.98044402897358 5.220731444656849 10.23163396120071 29.73791336268187 3.604043066501617 5.908468827605247 0.3957431763410568 1.122547544538975 71.61892475187778 11.40856117755175 11.66969113796949 15.02286966145039 3.242233514785767 16.59451946616173 205.1046393662691 6.593629240989685 0.94962989538908 9.342078730463982 5.134059526026249 0.8662261888384819 0 2.773125872015953 4.647303074598312 20.56588430702686 35.50251293927431 239.0503939762712 13.85903777182102 36.71607335656881 200.8462485596538 74.14404123276472 27.57926005870104 411.7878629416227 15.25021826475859 21.48510759323835 20.66669081151485 11.60985431075096 13.55855073034763 99.84761624038219 3.303260572254658 3.870604313910007 0.274212583899498 89.74635648727417 63.95354108512402 116.0516999959946 319.9645319730043 116.493358515203 589.392602995038 1656.984025061131 112.7499629184604 2306.46949402988 19.14298269152641 0.1879282966256142 5.994557835161686 15.33526986837387 8.808364309370518 0.2566050887107849 2.999604508280754 1.226442717015743 2.245555244386196 0.7771463468670845 12.98692937940359 1.961874715983868 1.630190961062908 10.95129837095737 1.156840831041336 0 0.1405233293771744 126.1111177504063 0 0 0 0 0.5060983896255493 11.26672711968422 0 3.236142888665199 1.785265743732452 4.697546258568764 2.382670000195503 13.03481730818748 9.26455269753933 9.449273236095905 8.979259833693504 0.4795755594968796 0.2213107347488403 0.1319076269865036 0.1334951519966125 0 0 0.1782626509666443 0 0 1.028554975986481 0.3492042571306229 0 0.1302196383476257 0 0 0.1746475994586945 0 0.4546056836843491 0 0 0.1108634322881699 0 0 0 3.890664607286453 1.738875634968281 7.93216560035944 0.6508350297808647 0.4198708236217499 0.159700408577919 0.2465060129761696 0 0.1031458377838135 0.1392230838537216 0 0.5634016692638397 0.13095423579216 1.253689751029015 0 0 0 0 0.6516401842236519 0.219156414270401 0 0.1090924888849258 0.3225190043449402 0.2159674912691116 0 0 0.374777227640152 9.327730290591717 0 0.4036127626895905 0.515960767865181 0 0.1162343770265579 0.1255563199520111 0 0 0 14.03043309599161 1.248938456177711 0 0 0.3384466543793678 3.123255170881748 0.787248894572258 2.199064277112484 1.417176574468613 0.5189502239227295 0.6308736354112625 0.3831705152988434 0 0.09211266040802002 0 0 0 0.5564898326992989 0.2639874070882797 0.2753583192825317 0 9.481567688286304 2.460349313914776 1.710365124046803 333.3587279096246 49.26398824155331 431.6709121987224 101.2796467617154 88.68593937903643 27.80659411847591 5.598542839288712 105.4868850260973 16.34557313472033 0.2622579783201218 4.752889774739742 1.57929290831089 2.730590775609016 0.4807029590010643 0 0.725072979927063 8.104738757014275 1.006407380104065
391.5512492507696 2404.637086331844 738.7544528320432 323.8529826700687 4694.267367340624 41.85182131826878 906.9941971749067 281.2957047894597 0 1177.397243067622 1689.187747448683 711.479679659009 2226.045501716435 2825.021420404315 47.85020977258682 26.58807504177094 0.1190818771719933 0.1123259887099266 0.1284030824899673 0.7244577780365944 1.599436931312084 0 0.2791716381907463 0.350939154624939 0.1979453414678574 2.074430786073208 0 0.3946430161595345 0.1619230061769485 0 147.3133555874228 7.129487328231335 46.26265226304531 0.2010347992181778 0 0.9845357015728951 9.707656234502792 1.029305845499039 0.4039283767342567 0.3120133504271507 2.191218093037605 0.7859295457601547 0.332099586725235 1.146974191069603 0 0.4800417348742485 119.9240064397454 2.574806377291679 0.3884039744734764 0.6927091553807259 2.59973718971014 0.110099621117115 0 0.6634163036942482 2.465513437986374 13.13919392973185 26.32835519313812 85.22728224098682 13.55873606353998 21.80804137885571 2.813332535326481 7.597266763448715 0.9995313435792923 29.87175369262695 11.02769105881453 10.4368653818965 12.45566292107105 6.35153416544199 0.3971806690096855 1.979387439787388 24.75336362421513 12.52725955843925 0 54.16944321990013 15.92505522817373 56.90227223187685 63.6707980632782 10.88846570253372 1.588215105235577 114.7114178463817 1.201873265206814 4.066856883466244 12.0652732104063 0.2819659262895584 3.202793173491955 12.931884996593 1.55208258330822 0.2185313254594803 1.969431728124619 0.590170755982399 0.8310034349560738 0.5326077193021774 1.246061712503433 1.148643389344215 1.111898258328438 423.34888933599 0.7778236716985703 0 0.180780291557312 100.9381322339177 1.004601612687111 5.747926712036133 7.127398431301117 5.938079625368118 5.78205718100071 222.2569953352213 4.588239446282387 111.2489238381386 82.24769964814186 117.4717408716679 52.87786196172237 368.3722038567066 276.3935794308782 190.5847495347261 124.6246156990528 2.531782545149326 1.758751027286053 0 0 0 0 0 0 0 0 0 0 0.3289197385311127 0.216446116566658 0.121669739484787 0 0 0 0 1.946514099836349 5.426820710301399 0 0.1377261877059937 0 17.2133981063962 2.307663761079311 12.49214898794889 0 0.4391256719827652 0 0 0 0.2046525329351425 1.290771469473839 0.1566182374954224 0 7.773123100399971 6.512941986322403 0.6713642925024033 0 0 0.2963528633117676 0.1914493888616562 3.014330625534058 3.30146811902523 0.6676561683416367 2.468675427138805 2.255309194326401 0 0.9759278297424316 0.9174312055110931 73.95841965079308 1.076138228178024 2.216729924082756 4.286330133676529 1.183400951325893 0.3945761248469353 0 0 0 0.1757381558418274 99.78990685194731 0.573815144598484 0 0.2962077707052231 0.1463927626609802 40.65945649147034 4.437019899487495 14.12886797636747 9.608991958200932 2.28525310754776 4.018402151763439 4.037749990820885 1.0622533634305 0.7991543486714363 0.09471596777439117 0 0 0.4233553186058998 0.249320961534977 0 0 141.5080242156982 11.6877691373229 2.402292519807816 569.0950568914413 65.25699612498283 340.0241835862398 109.0215901359916 169.5042958110571 31.78166723996401 5.267019256949425 147.2822908237576 47.44432300329208 3.529247492551804 38.07710813730955 7.47307263314724 42.98362165689468 2.887774303555489 0 3.701501756906509 8.012559935450554 0.8356121629476547
1835.912962667644 541.7666544765234 61.22035932540894 2121.257883951068 435.0986610203981 949.0927671790123 887.6930754855275 2.771750509738922 1177.397243067622 0 116.6121540144086 2790.234133526683 6596.345064900815 548.2643057331443 4.992025949060917 1.602151237428188 0 0 0.1583998501300812 0 0.2554574906826019 0 0 0 0.1481155157089233 0.2870614230632782 0.1647806316614151 0.8189259469509125 0.8092804104089737 0 69.70899647474289 2.025171473622322 5.262268453836441 0 0 0 3.591443426907063 0 1.023146256804466 0 0 0.3718144148588181 0 0.1586225628852844 0 0.1177317872643471 53.59128439426422 2.25509774684906 0 0 2.017071202397346 0.1638114154338837 0 0.1375492364168167 3.745310798287392 21.78095591813326 114.6373376101255 225.7593828961253 12.99318039417267 19.63822160661221 0.6628518253564835 2.650276020169258 0 19.10071222484112 15.59631112217903 12.37134082615376 11.941187299788 3.75686252117157 0 0.2635349035263062 5.232614040374756 3.452403321862221 0 88.59962831437588 17.54920215904713 30.07648156583309 10.82539474219084 0.1240020617842674 0 30.63207540661097 0.4201215952634811 1.551142103970051 18.67755620926619 0.1215174794197083 3.64920961856842 9.681714735925198 0.9091770276427269 0 1.783390000462532 0 0.5070641785860062 0.6130438596010208 0.3682661280035973 0 0.3012890815734863 364.9271546453238 2.306119918823242 0 1.388551831245422 955.1034362986684 0.9548641890287399 4.073530986905098 17.62446844577789 12.43754951655865 6.958320364356041 245.4293950796127 14.85835900902748 131.0013768523932 201.629905924201 190.4488854110241 44.34372165799141 403.8047053441405 286.3717860803008 158.1612589806318 79.09257439523935 2.076250851154327 1.020220145583153 0.3187246918678284 0.3112187683582306 0 0 0 0 0 0 0 0 0 0.2638681530952454 0.3384833633899689 0 0 0 0 1.457218006253242 3.657334834337234 0.7018510699272156 0 0 10.69185824692249 2.828583545982838 11.26437968015671 0.692132830619812 0 0 0 0 0.4695773422718048 1.059450507164001 0.4681720733642578 0 4.350620746612549 8.499252915382385 0 0.142336517572403 0 0 0 2.618122294545174 2.526483595371246 0.515711210668087 1.467155143618584 1.403388530015945 0 0.1696175187826157 0.4562449008226395 53.19808431714773 0 2.066841185092926 3.887905091047287 1.84976913779974 1.804416626691818 0.1705585718154907 0.218086950480938 0 0.7408744841814041 53.3724160939455 1.157609447836876 0 0 0 31.11936008185148 5.704660728573799 11.26239757239819 3.494800597429276 4.722789108753204 4.690782710909843 1.493140518665314 1.469729334115982 0.9958702027797699 0 0 0 0.8738773763179779 0.3643772229552269 0 0.4488797634840012 94.52813394367695 5.078867226839066 3.244561150670052 829.9161013886333 29.80197022110224 173.9131899476051 31.1734925955534 2463.458297640085 12.66105452924967 4.504717245697975 44.61533605307341 69.22511492669582 3.646806009113789 28.26332475244999 4.221427693963051 68.76561003923416 2.578137427568436 1.205484554171562 1.257139921188354 11.48526155948639 0
533.3496435061097 1619.141282945871 4366.167856797576 5.367722243070602 438.0700470879674 16.40368612110615 43.74261472374201 1860.645198054612 1689.187747448683 116.6121540144086 0 196.7160941362381 881.1832852810621 1818.30265828222 204.5462088808417 141.5518784150481 1.855147801339626 0.3462022542953491 0.1361486613750458 4.029807917773724 15.13732200860977 0 5.430013343691826 2.882276758551598 6.89852237701416 8.416080266237259 1.327028438448906 1.972404628992081 1.043399296700954 0.3585752844810486 682.1297634691 81.8509566783905 210.9170758873224 0.1904813200235367 1.76115545630455 17.86913540959358 51.34394319355488 6.141851387917995 2.533092275261879 7.870896898210049 28.67099016159773 8.451981879770756 3.088317543268204 10.47154480218887 0 2.299328699707985 433.1500123590231 8.926250375807285 0.8752032667398453 2.750515997409821 6.589198656380177 1.268444888293743 0.3425771072506905 1.768754504621029 5.160667046904564 31.65159434080124 50.99848726391792 234.3273731693625 38.04049145430326 57.2301144823432 14.11943067610264 26.06450732797384 10.78796525299549 119.156994767487 27.13616523891687 28.49117428809404 33.51053332537413 19.02748829871416 9.337749965488911 22.78277146816254 89.24783262610435 27.33892210572958 0.2688615992665291 140.8440298214555 61.48036310821772 195.5254862606525 275.447945818305 60.54361150413752 12.26027523726225 520.0542210415006 4.185737289488316 39.71954922378063 28.96357613056898 1.558956623077393 8.350803270936012 27.12447856366634 6.8645294085145 0.4825166761875153 5.834586352109909 1.400203831493855 3.373777538537979 2.192431949079037 6.935853019356728 3.287119701504707 3.469821467995644 262.0351247191429 9.129029989242554 0.127026155591011 0.7925896495580673 235.5272187367082 0.7291974574327469 0.568586066365242 6.210803315043449 3.434122994542122 3.429288923740387 123.0554694235325 1.951472878456116 62.20499658584595 30.08080081641674 66.8331993073225 37.82256104052067 185.4733667448163 158.3896168172359 110.7065522447228 106.8884184360504 2.525439165532589 2.115007452666759 0.2545059025287628 0.2301108688116074 0 0 0 0 0 0 0.6380502730607986 0 0.1504670679569244 0.3084257245063782 0 0.2203292697668076 0.3336989879608154 0.3829344213008881 0 0.4641593545675278 1.453686326742172 0 0.2982111573219299 0 16.53516721725464 1.469457201659679 13.81243278831244 1.036044977605343 0.115709125995636 0 0.293912947177887 0 0 0.5750163346529007 0 0.1411007791757584 5.076397620141506 7.960562266409397 0.2448848336935043 0.693407416343689 0 0 0 2.119206167757511 3.160728357732296 0.8724505677819252 2.876468747854233 0.871069073677063 0 0.4486421793699265 0.3386923372745514 69.33540746569633 1.524956271052361 2.39115110039711 5.250090263783932 2.775612391531467 1.134104929864407 0.2214119136333466 0.5811023935675621 0.2371537461876869 0 94.33509554713964 2.748733356595039 0 0.1307949423789978 0.378193587064743 31.81457863748074 3.94854311645031 13.65060883015394 5.793632835149765 4.257341980934143 5.645054116845131 1.556123316287994 1.328280344605446 0 0.1680813282728195 0 0 1.811975702643394 0.2640047520399094 0.1093394532799721 0.2022121399641037 107.8316073715687 15.8948256149888 2.526071935892105 1461.344741508365 179.4176236093044 975.6533740535378 351.5178389027715 230.5037538856268 104.1827100589871 11.98716018348932 448.8179025873542 80.13880200684071 5.922017954289913 35.23107112199068 9.036664023995399 26.65221467614174 4.863857075572014 0.5581235736608505 7.172688141465187 42.90997367352247 2.960219711065292
155.9812992960215 68.37370786070824 14.84972302615643 391.6645522415638 125.1460707336664 376.1428702324629 275.7573910653591 1.46606333553791 711.479679659009 2790.234133526683 196.7160941362381 0 2433.552728921175 487.4284528717399 13.80968559533358 13.71402826905251 0.875602200627327 0 0 0 1.163475468754768 0.451951652765274 0.1325428336858749 0.1917807906866074 0.281904548406601 1.210835352540016 0.2092960327863693 0.2921717166900635 1.565609335899353 0 13.97982930392027 0.4803187847137451 93.4247834533453 0 0 1.930530823767185 107.253949932754 2.903843194246292 6.446800380945206 0.8817918598651886 1.217611387372017 0.4825566858053207 0.1516402959823608 3.104347482323647 0 0.4594681113958359 28.29419527947903 0.1384552121162415 0.4693431854248047 0.6141273975372314 0.2440554052591324 0.4889739155769348 0.419209361076355 1.315650671720505 1.639608815312386 4.764875657856464 15.64869571477175 40.11605970561504 3.00794630497694 4.964731149375439 5.789018750190735 93.6172166466713 0 4.301110401749611 6.5749341994524 3.187226362526417 2.999231778085232 1.698133334517479 0.165083572268486 2.886646017432213 172.0610733181238 147.7261284887791 0.3778604418039322 23.44025318324566 5.372390687465668 11.79537001997232 7.531155295670033 5.403679877519608 2.853736281394958 176.3287703841925 1.34677928686142 21.93814341723919 3.319648332893848 0.6976916342973709 0.5702075362205505 3.4710353910923 0.8345671743154526 1.713984996080399 0.301606148481369 0.9128840118646622 0.3260542303323746 0.2505086958408356 0.6777196079492569 0.8608332350850105 0.4627473205327988 3076.704256877303 136.5180233865976 9.4471715092659 1.784331426024437 184.3558299690485 0.4332580417394638 2.760644063353539 7.112592086195946 6.63947419822216 5.006752133369446 159.2478580772877 6.938513949513435 76.78966088593006 50.48611146211624 100.8026500940323 28.8267505094409 293.2191554605961 235.2419603019953 159.0395713150501 88.254369571805 2.291675351560116 1.714481547474861 0 0.4535242915153503 0 0 0 0 0 0 0.3557820618152618 0 0 0 0.483198955655098 0 0.243303507566452 0 0 1.630465567111969 2.508124753832817 0 0 0.2540546655654907 19.69695701450109 1.858603291213512 21.02928406745195 1.426922723650932 0.3319317102432251 0 0.3015910983085632 0 0.5586927384138107 0.8075420185923576 0.3438532501459122 0.1741588860750198 3.953170247375965 7.646927490830421 0 0.2251135110855103 0.6397596448659897 0.9112003743648529 0 1.675272598862648 1.050580538809299 0.905316986143589 0.8198879584670067 2.00666344165802 0 0.1134600713849068 0.7657959312200546 72.72675640136003 0.1280970275402069 0.8315813094377518 2.53600600361824 1.071305371820927 1.191365651786327 0 0.1556294113397598 0 0.1709582358598709 108.3849617913365 12.36416204273701 0 0 0.2504412829875946 24.93875461816788 2.485195726156235 11.97034024447203 5.803595654666424 2.849370963871479 4.780109122395515 1.095240093767643 0.3685363009572029 0.5308775082230568 0.3799199834465981 0 0 0.7136310413479805 0 0 0 160.0487128794193 26.81340934336185 8.379332296550274 216.6045427918434 15.93093121051788 94.7065205052495 26.041846960783 371.5776321291924 5.04430028796196 2.038762971758842 36.45985328406096 27.00780144333839 2.70247046649456 24.2547839358449 5.046795971691608 34.98029701411724 1.331073835492134 0.748524010181427 3.265887349843979 5.277771070599556 0
249.9749950394034 436.6283337175846 36.81404662132263 1801.165762200952 173.0934465155005 218.5546505451202 1209.612881928682 3.817720770835876 2226.045501716435 6596.345064900815 881.1832852810621 2433.552728921175 0 2698.413171604276 44.95864734053612 44.57030541449785 0.6759330928325653 0 0 0.7789340913295746 4.75977785885334 1.269336178898811 0.7901883274316788 0 0.8270833492279053 1.322841644287109 0 0.646008774638176 1.041427582502365 0 34.52630527317524 3.267340451478958 223.1902520507574 0 0.1277771443128586 2.750351816415787 89.14057025313377 11.02230970561504 6.317990869283676 0.4771903529763222 7.345672033727169 1.795267879962921 0.9477561414241791 4.872678071260452 0.8015864193439484 0.838698536157608 85.11405562609434 2.490025065839291 0.2512262165546417 0.7483723312616348 3.456405997276306 0.8680736050009727 0.8872437477111816 1.043467432260513 1.726576045155525 10.40225015580654 28.81441060453653 56.9344334602356 12.39240122586489 11.45026515424252 3.270702004432678 129.2847379669547 1.568452149629593 14.76872587203979 7.686660453677177 8.429757907986641 9.495831921696663 4.428550124168396 1.934708945453167 4.721443220973015 135.2355082780123 81.1289898455143 0.3332220613956451 40.18510756641626 10.8932029530406 40.45067489892244 36.26341534405947 15.44662963598967 3.551811084151268 55.74002157151699 2.343156546354294 18.97073086351156 7.979151241481304 0.1635642945766449 1.724843084812164 8.250164106488228 1.205578945577145 0 2.019693098962307 0.3786914944648743 1.522622898221016 0.6219165325164795 1.325718119740486 0.731266587972641 0.6100856512784958 2347.070741638541 62.51002881675959 5.305767893791199 4.842289641499519 137.4896926656365 1.229404240846634 2.677591785788536 12.04510726034641 6.758091390132904 6.678622588515282 237.4050461053848 8.776868581771851 118.0886102169752 148.8877274096012 147.7683999687433 48.35771477967501 421.9350358396769 340.0870445519686 209.7723335325718 138.9288444370031 2.268408887088299 1.802787810564041 0 0.3458051458001137 0 0 0.2783279418945312 0 0 0 0 0 0 0 0.1912462413311005 0.1775777041912079 0.7385331690311432 0.5294586718082428 0.2230629771947861 1.7529017329216 3.174762293696404 0 0 0 24.63632035255432 4.024743907153606 24.55009169131517 1.687523908913136 0.8868464305996895 0 0 0 0.1873274445533752 0.3290157169103622 0.1676870882511139 0 5.683551713824272 7.449745424091816 0.4391682744026184 0 0 0.2180696129798889 0.2051549553871155 1.645479992032051 1.004783034324646 0.5088605955243111 1.517543718218803 2.733763679862022 0 0.1455235630273819 0.6805693209171295 102.5924246683717 0.23891581594944 1.010667636990547 3.321196101605892 1.489447914063931 0.4800768494606018 0 0 0.1763201206922531 0.1559760421514511 136.8964297100902 8.09906268119812 0 0 0.1772616505622864 44.16019417345524 5.138518244028091 13.71612302958965 9.236562386155128 5.901873558759689 5.808359250426292 2.459186464548111 0.8336071446537971 1.072647511959076 0 0 0 0.4563145264983177 0.1362132877111435 0 0.2914484590291977 204.8180053681135 29.52421620488167 3.81040695309639 475.675974458456 58.78134048730135 248.7112861573696 86.22948308289051 407.5018250495195 26.91534814238548 4.564552836120129 112.2694870308042 47.53538108617067 3.465385533869267 32.83894896507263 7.072046674787998 45.89760319888592 1.276754193007946 1.659325242042542 4.877202048897743 13.73693478107452 1.247970744967461
