0 3271.647168308496 605.5884493589401 1279.38313049078 207.0579707399011 85.77147179841995 1076.157835863531 170.0675947666168 120.3156419321895 528.9311874955893 214.7206543236971 49.30841355025768 142.2023385092616 114.1404742896557 1.924188368022442 0.1052879840135574 0 0 0 0 0.1593964397907257 0 0.2413228303194046 0 0.6964227855205536 0 0.3120101988315582 0.1573729664087296 0 0.3102718591690063 727.912803158164 5.068003796041012 11.10360677540302 0 0.3233505636453629 0.2255950197577477 5.751436308026314 0.140780970454216 0 0 1.251389905810356 0 0 0.1601962000131607 0 0 35.75429667532444 5.12506877630949 0.1836441159248352 0 3.101460091769695 0.185851514339447 0 0.1972659677267075 7.719767682254314 2.067640893161297 465.9305507317185 1209.963577754796 33.17385710775852 42.98134338855743 0.4213358759880066 3.431594930589199 0.4897532612085342 18.8761272802949 3.172188691794872 1.369255632162094 4.904630437493324 0.5393949449062347 0.1327951848506927 0.2570986151695251 16.65862223505974 69.12574326992035 2.931417793035507 306.256686501205 21.70484106987715 14.64916757494211 2.801785975694656 0.8611388057470322 66.35654599964619 489.6669184267521 0 88.16464438289404 27.82814414799213 0.653471827507019 1.47299662232399 2.497834108769894 1.648763045668602 0 1.310405686497688 2.873585164546967 0.4221880957484245 0.1272308975458145 0.1163780614733696 0 0 142.1662902832031 13.80619326233864 1.834279119968414 0 1165.987923055887 0 0 0 0.5623515844345093 0 15.58554036915302 6.826660245656967 0.742351770401001 7.9213897138834 13.02659179270267 0 1.287226632237434 9.228302419185638 7.306712687015533 0.868761345744133 0.6848936676979065 0.2125385105609894 0 0 0 0 0 0 0.2094096094369888 0 0 0 0 0 0 0 0.4289243519306183 0 0 0 0.8400015830993652 0 0 0.1950953751802444 2.996196389198303 2.843040764331818 2.470422029495239 0.4193964600563049 0.6841525435447693 0 0 0 0 2.792450472712517 1.105253055691719 0.2805990874767303 1.263269782066345 0.5265383124351501 0 0 0 0 0 0 0.3022994101047516 0 0 0 0 0.9950594007968903 0.2371125817298889 7.98166449368 0 0 0 0 0 0 0.1305212527513504 0 0 7.545236647129059 0 0 0 0 1.71320578455925 3.983484521508217 2.840932607650757 0 0.2055835872888565 0 0 0.2896894216537476 0 0 0 0 0.4048896729946136 0 0 0 5.522840857505798 0 1.752610340714455 346.0429802313447 5.517815425992012 95.53474026173353 9.954968892037868 894.2320044115186 65.70162357389927 2.082779467105865 11.52402994781733 5.711884468793869 0 1.056607522070408 0 25.47113548219204 0 0 0.5844406485557556 0.162330150604248 0
3271.647168308496 0 961.8689544275403 525.6433946192265 1508.820184066892 195.2892933189869 1842.59661795944 360.2770265564322 758.1860573664308 447.5946171805263 728.1663660630584 77.54328972101212 498.8258024230599 671.3540589734912 8.928398832678795 0.5681844875216484 0.5283938050270081 0.1413758546113968 0.1100482419133186 0.5249859094619751 0.9382359758019447 0.4656792804598808 0.6234978064894676 1.280133157968521 6.715934753417969 0.6487816423177719 3.064340956509113 0.5331747606396675 0.6972074508666992 0 2282.765456914902 39.64354441314936 25.71227141469717 0 1.35109519213438 9.912653207778931 6.979037091135979 1.202113397419453 0.5409020036458969 1.198109179735184 1.454816028475761 1.360204219818115 0.1804439723491669 0.5868236422538757 0 0.5661064982414246 208.9901621192694 21.40150890499353 0.7377927526831627 0.493464969098568 10.32177799195051 0.5591104626655579 0.5766790360212326 0.4381811544299126 13.24697106331587 4.277458250522614 124.7078155353665 655.4923515766859 36.07052056491375 167.5174580290914 1.442991390824318 11.78139113634825 6.076644547283649 120.9367610514164 10.08840537816286 4.087396882474422 13.19935248792171 2.945205695927143 0.2304182797670364 3.145203031599522 10.71161219477654 3.896908074617386 0 484.2897608727217 106.8306171223521 89.58932799845934 16.29603115469217 1.14851289242506 227.6554608866572 706.8300203159451 0.8327233791351318 287.9226126968861 59.27931965142488 0.1432864964008331 7.089564502239227 9.992121882736683 3.581369414925575 0.1319302469491959 5.545914076268673 0.6771393045783043 1.617405273020267 0.7975390702486038 1.70800119638443 1.873006939888 0.5040787160396576 21.53727561235428 3.711674273014069 0 0.2614821344614029 1362.787939757109 0 0 0 0 0 55.26916971802711 1.040385842323303 0.4020864367485046 7.891519024968147 10.8747954890132 0 3.413783207535744 12.04573756456375 14.10267561674118 4.587194442749023 0 2.121675357222557 0 1.004960775375366 0 0 0.2616642937064171 0 0 0 0 0 0.2145459726452827 0.3569048345088959 0.2829336449503899 0 0 0 0 0.4890826791524887 3.06065034866333 0 0 0 4.937726624310017 3.856737315654755 1.549397803843021 0.2096607536077499 0.558369055390358 0 0.1711591482162476 0 0 2.861412093043327 0 0 2.132543966174126 1.770381480455399 0 0 0 0 0.1106852516531944 0 0 0 0 0.3519579768180847 0 0 1.184250012040138 16.06184905767441 0 1.072470933198929 0 0.1808661967515945 0 0 0 0 0 16.69893236458302 0.5081025362014771 0 0 0.1298379600048065 3.70384443551302 8.146384805440903 5.507760152220726 0.2173388004302979 0.6984112411737442 0.203951358795166 0 0.4911916851997375 0 0 0 0 0 0 0 0 4.861498683691025 0 1.586416617035866 357.1194251328707 37.23731079697609 426.5193424299359 37.76082094758749 1758.865208767354 142.7146323248744 7.559917472302914 112.3584517017007 5.458929255604744 0.3144365251064301 3.234490133821964 0 10.22899699211121 0.2742249071598053 0 1.472617104649544 3.770860016345978 1.410982772707939
605.5884493589401 961.8689544275403 0 37.43108738958836 106.9433037340641 12.47904253005981 101.3981118574739 1635.446007467806 204.4149707257748 20.73412795364857 1871.242476679385 24.75906065106392 298.7008457630873 415.9095199927688 11.52320978790522 3.406371660530567 0.4474206417798996 1.279593870043755 0.4143379330635071 11.79369840025902 72.05080623924732 2.683050274848938 24.02236884087324 11.00260513275862 64.82609894871712 6.700497269630432 34.5474956408143 6.840909272432327 0.3693923205137253 0.964158371090889 1230.118256278336 279.3729061037302 40.3411423265934 2.041971378028393 29.41685833781958 86.22587744146585 14.79336058348417 10.94107623398304 1.184835083782673 6.370668075978756 49.31834141910076 19.0744359716773 4.082309976220131 4.886273264884949 2.236924909055233 16.89241702109575 86.41631514579058 5.546094469726086 2.190956801176071 2.177937462925911 69.45906379073858 3.451611250638962 0.2923287004232407 8.789080560207367 2.000457622110844 1.309763789176941 28.68272656947374 261.190603390336 7.67033763974905 43.30790814757347 63.48912099003792 83.12991440296173 64.58366694301367 84.31520343571901 3.396617710590363 5.240787699818611 13.60376457870007 15.98167859017849 4.436080433428288 59.61638314276934 11.4475521594286 16.59039767831564 0.3657464757561684 130.1968028917909 59.11529286950827 43.19555203616619 26.37846478819847 11.10884480178356 1153.062406301498 2835.767412751913 27.94970868527889 2222.932397671044 11.84845054894686 0 2.442503526806831 3.683666676282883 4.423521861433983 0.1077871099114418 6.411348640918732 2.83351681381464 14.98073246330023 3.209586940705776 32.39231237769127 21.73385132104158 3.210538625717163 9.599750511348248 7.267868049442768 0.1214986592531204 1.504797384142876 276.8761638104916 0 0 0 0 0 0.6954848766326904 0.3866781294345856 0 1.232302829623222 6.425300940871239 0.1342257559299469 0.9465642422437668 4.540076047182083 5.696836695075035 3.118921928107738 1.01575606316328 1.594744719564915 0.2504904195666313 1.127142883837223 0.3866879343986511 0 0.6124825924634933 1.704598128795624 0.2190610095858574 0.152818888425827 2.056086778640747 0 0.1938925385475159 0.5497268214821815 0.5834984853863716 1.273297227919102 0.086429163813591 1.122257143259048 0 0.1447343975305557 0 0 0 0.1494775786995888 7.122277058660984 4.030025593936443 5.995192348957062 0.9110597595572472 1.951051712036133 2.597748532891273 0.3060409426689148 1.206347487866879 0.4016524404287338 2.167946018278599 0.4519078359007835 0.9932261556386948 1.527476623654366 2.339552320539951 0 0.5624161064624786 0.9725048094987869 0.1427891999483109 1.969694882631302 0 0 0 0.1253953129053116 0.2588740289211273 0 0.2036285698413849 1.32372859865427 13.20692546665668 0.1362805515527725 0 0 0.08111391216516495 0 0.4841257631778717 0.5011671483516693 0.6601356714963913 1.185320124030113 12.05377565324306 0.9196047633886337 0.875952422618866 0.5160628706216812 0.4550338685512543 0.7093878984451294 6.322469264268875 5.60440619289875 1.276343539357185 1.059303872287273 1.801020048558712 0 0.8157607764005661 0 0 0 0 0.4056978821754456 0.4265485256910324 0.1396672874689102 0 7.00595585256815 1.820308193564415 4.052306659519672 153.8010523691773 29.18984086811543 182.1074230968952 26.2754688039422 221.3847040310502 48.96017933636904 1.513249769806862 63.54870644956827 6.313027620315552 0.8563157841563225 7.236481226980686 0.2586636543273926 4.843697771430016 0.6192687898874283 0 2.336417369544506 6.170815244317055 2.50096733123064
1279.38313049078 525.6433946192265 37.43108738958836 0 185.703261628747 197.899796679616 1674.058640316129 17.74306119978428 400.2964684888721 428.6504199802876 26.34169065952301 94.34695842862129 383.3295643925667 64.9993399977684 0.4101070016622543 0 0 0 0.1375688016414642 0 0 0 0 0 0 0 0 0 0 0 68.63786309957504 2.032656311988831 1.080502599477768 0 0 0 0 0 0 0 0 0 0 0 0 0 11.68030712753534 1.601026490330696 0.1235432699322701 0 0.5151307731866837 0 0 0 1.791998513042927 0.3461384773254395 15.55171908438206 66.34474814683199 3.524938307702541 15.86209373921156 0.3541131615638733 0.1144845187664032 0.2935783863067627 8.418994024395943 0.8589209765195847 0.6213342472910881 0.8591643422842026 0 0 0 2.725353419780731 0.8380969166755676 0 48.21931878477335 7.931333892047405 5.482957258820534 0.813527911901474 0 0.155578687787056 6.188676625490189 0.4447510242462158 1.990864165127277 5.793632216751575 0.1498163640499115 0.652866818010807 0.9717239141464233 0.1141746267676353 0 0.5206446200609207 0 0.1199237778782845 0 0 0 0 47.03689889609814 0 0.4712733626365662 0.1763182878494263 301.0753533542156 0 0 0 0.6976749747991562 0 47.05536584556103 0.9309465885162354 0 1.597976565361023 5.837639227509499 0 2.580172136425972 3.690074592828751 4.68404920399189 0.3856066316366196 0.1099840998649597 0 0 0 0 0 0 0 0 0 0 0 0 0 0 0 0 0 0 0 0 0 0 0 1.229995802044868 0.6724938154220581 0 0 0 0 0 0 0 0 0 0 0.6943002641201019 0.3154703080654144 0 0 0 0 0 0 0 0 0 0 0 0 0 4.123540818691254 0 0 0 0 0 0 0 0 0 2.532324567437172 0 0 0 0 0 0.2154419273138046 0.1853417754173279 0 0 0.8864732384681702 0 0 0 0 0 0 0.09073726832866669 0 0 0 1.602674677968025 0.1782287508249283 0 68.63838779181242 3.031306676566601 37.44881547242403 4.15923386067152 728.1021867394447 10.77679742872715 0 7.329038679599762 2.117010235786438 0 2.37199217826128 0 1.573023736476898 0 0 0 0 0
207.0579707399011 1508.820184066892 106.9433037340641 185.703261628747 0 5.814629808068275 944.6900685578585 203.3250319510698 4368.803894661367 360.2372697666287 1959.36980587244 130.472841784358 757.8355235159397 2223.202310159802 6.011169075965881 0.1857631504535675 0 0.1063675284385681 0 0 0.3673325330018997 0 0 0.1548246443271637 0.1476823538541794 0.2748949825763702 0.2586381882429123 0.1533720344305038 0 0 157.4583746418357 19.85152366757393 9.10071237385273 0 0 0.2123778536915779 0.8781829178333282 0 0 0 0.3198070228099823 0 0 0.3375092446804047 0.129064679145813 0 102.6190999448299 6.503602012991905 0 0 2.621071398258209 0 0 0.264796182513237 3.445587337017059 1.925726130604744 17.34399933367968 63.70595637708902 8.169278599321842 68.9133397936821 0.3603377640247345 0.5525943115353584 0.2047427296638489 54.60542233288288 2.204492062330246 0.4255459755659103 3.828575685620308 0.6329455822706223 0.2532734572887421 0.4210959002375603 19.75486344099045 2.005605474114418 0 122.8135961890221 42.95961717516184 46.23470525443554 9.518860533833504 0.8074743300676346 6.907820902764797 124.056711062789 0 12.17586366832256 18.51990658044815 0 1.860821835696697 4.618184521794319 0.928298182785511 0 0.797217845916748 0 0.2311493828892708 0 0 0.1133080720901489 0 31.27161933481693 0.6413042098283768 0 0.2245638966560364 21.18321226537228 0 0.5189206600189209 0.2011774182319641 0 0.55500328540802 9.780974611639977 1.159740746021271 0.3906339406967163 9.271310970187187 7.561450719833374 0.123065747320652 6.614563256502151 15.16799612343311 14.37172210216522 5.14655876159668 0 0 0 0 0 0 0 0 0 0 0 0 0 0.2728869915008545 0.1082330942153931 0 0 0 0 0.2571027129888535 0.7697802186012268 0 0.1127418577671051 0 2.088323093950748 1.629660546779633 1.557397529482841 0 0.5611187219619751 0 0 0 0.325189471244812 0.2180226445198059 0 0 0.7339209765195847 1.876902163028717 0.185680165886879 0 0 0 0.2398279905319214 0 0 0 0 0 0 0 0 7.410579435527325 0 0 0.2444109618663788 0 0 0 0 0 0 12.57706113159657 0.3917078077793121 0 0 0 1.177264764904976 0.7236617058515549 2.343743905425072 2.816458240151405 0.8731584846973419 2.791501715779305 0 1.013736248016357 0.2454238086938858 0 0 0 0 0 0 0 4.638915508985519 0.3837568163871765 0.6200707703828812 226.3242721706629 18.68564514070749 222.2418407946825 25.67604975402355 438.6351433247328 65.59721507877111 3.222657762467861 69.40500777959824 5.465027377009392 0 3.299394823610783 0.456913560628891 6.281443729996681 0.6453004479408264 0 0.51692134141922 2.08190681040287 0.4474048465490341
85.77147179841995 195.2892933189869 12.47904253005981 197.899796679616 5.814629808068275 0 86.04388561844826 2.732679188251495 11.41641122102737 190.9599234759808 2.575077533721924 147.8705717772245 81.68698532879353 3.997522622346878 0.2546253800392151 0.5295577049255371 0 0 0 0 0 0.5657271146774292 0 0 1.431055784225464 0 0 0 0 0 10.01493033766747 0.5315510928630829 34.90553407371044 0 0 2.566648781299591 17.8803705573082 1.547814786434174 1.486637234687805 2.348579257726669 0 0 0 0.2300706803798676 0 1.275960713624954 1.733155369758606 0 0 0 0 0.3365942239761353 1.792880222201347 0 0.2729451060295105 0 75.97614987194538 11.1729059368372 2.924309253692627 0.2853517830371857 2.76713028550148 25.17143580317497 0.5490568280220032 1.590716630220413 0 0 0.110842376947403 0 0 0 93.1530120074749 364.6959080696106 39.53542651236057 2.596449129283428 0 0.4596012234687805 0.2616215348243713 0.7797145843505859 2.918658226728439 17.27949498593807 0 21.52225023508072 0.370399683713913 4.455371707677841 0 0 0 3.737582623958588 0.6377175450325012 11.73260419070721 0 0 0 0 0 185.1157451421022 19.69481128454208 43.33745895326138 0.7743588387966156 332.4040551185608 0 0 0.2207762449979782 0 0 2.142933040857315 0 0 1.62016798555851 1.030304744839668 0 0.5723982900381088 1.012237682938576 4.531645506620407 0 0 0 0 0.1826610267162323 0 0 0 0 0 0.499866247177124 0.4088762998580933 0 0 0 0 0 0.390655592083931 1.13108716905117 0.2768550515174866 0 0 0 0 0 0.317768931388855 0.2445162832736969 0.3738386780023575 0.596147432923317 0.3193100988864899 0 0 0 0 0.1899042576551437 1.520774841308594 0 0 0.1918754130601883 0 0.1288136094808578 0 0 0 0 0 0 0 0.1884875744581223 0 0 0.1473347097635269 0 0 0 0 0 0 0 0 0 0 1.053088650107384 0.372537225484848 0 0 0 0 0 0 0 0 0.4480682909488678 0 0 0 0 0 0 0 0 0 0 2.13414266705513 0.8013550937175751 0 56.44379867613316 0.347544938325882 2.420307621359825 0.2559922933578491 90.08146654069424 1.974405288696289 0 0.9397173225879669 2.954894185066223 0.1349596083164215 0.3193638026714325 0 3.165802538394928 0 0 0 0.279569149017334 0
1076.157835863531 1842.59661795944 101.3981118574739 1674.058640316129 944.6900685578585 86.04388561844826 0 53.23666647821665 898.3983993753791 1925.041735209525 793.7417705506086 521.9252570644021 5742.245846286416 1614.358809612691 15.78136176615953 0.3681320771574974 0.5792875215411186 0.09815093129873276 0 0 0.5256197452545166 0 0.2269634827971458 0.1714480966329575 0 0.4622377827763557 0.657606229186058 1.55574793368578 0.7029182314872742 0.3105375170707703 297.1955010220408 29.68812540173531 10.12459701299667 0.1500073671340942 0 0.2367730885744095 0.1367491185665131 0 0.3102439343929291 0 0 0.4611221998929977 0.1371068507432938 1.464485056698322 0 0.8086868077516556 211.9518922194839 14.33823412656784 0.9206233248114586 0.2942530587315559 5.611591249704361 0.1071393489837646 0 0.5757002085447311 5.07049073278904 2.827339917421341 53.42041192948818 166.0667716786265 18.46417073905468 129.3516920879483 1.360113985836506 1.486622661352158 0.2006339654326439 107.4372400790453 8.820964649319649 2.095543757081032 8.660597033798695 1.868876405060291 0.4971029236912727 0.2248824685811996 64.14622360467911 19.68582275509834 0 278.8103054016829 78.87473747134209 94.95507600903511 32.49638896435499 5.162247158586979 9.753273628652096 156.9607261419296 0.4975637495517731 19.58828567713499 37.06615471839905 0.1048664003610611 4.624911859631538 8.661861732602119 2.661223359405994 0 5.247179865837097 0.670698843896389 0.6328486651182175 0.6485558599233627 0.2320525497198105 0.2720650881528854 0.2737834453582764 301.5330470651388 2.105447873473167 0 0.2023437023162842 161.7408686354756 0.8218189030885696 0.6438984274864197 0.1334696114063263 2.780690371990204 1.058281421661377 26.100605905056 8.285352140665054 3.160712793469429 51.48467224836349 59.81068451702595 0.6823352426290512 42.58419349044561 100.56773801893 90.31874515861273 23.71175961196423 0.4531989246606827 2.876892648637295 0 0 0 0 0 0 0 0 0 0 0.6164661645889282 0 0 0 0 0.296695202589035 0 3.506393171846867 3.36006098985672 0 0 0 15.13405144959688 6.989583611488342 6.511787384748459 0.7373165264725685 1.04158179461956 0 0 0 0.1672046929597855 2.797512374818325 1.006700992584229 0 8.389824196696281 8.008308865129948 0 0 0.1794548183679581 0 0 0 0.2139825075864792 0 0.5459797978401184 1.236464872956276 0.135479599237442 0 2.882860451936722 61.99382554739714 1.352609768509865 0.4900756478309631 0.982633002102375 0 0 0 0 0 0 77.39887838810682 0.3061237633228302 0 0 0 8.417331695556641 9.502179682254791 17.89180011302233 5.868984639644623 5.261861443519592 8.630196258425713 0.2042423039674759 3.751262120902538 0 0 0 0 0 0.1062391102313995 0 0 45.71720366179943 1.855238541960716 4.065700709819794 732.0627244263887 56.11885014176369 505.7210342213511 63.82594540715218 1490.375439979136 169.4495946839452 5.401505246758461 234.996326982975 16.0907893255353 1.387687757611275 15.67156488448381 2.952327579259872 54.75180032849312 2.467112615704536 0 5.285803020000458 8.946205653250217 4.672313429415226
170.0675947666168 360.2770265564322 1635.446007467806 17.74306119978428 203.3250319510698 2.732679188251495 53.23666647821665 0 139.6730081140995 18.53889808058739 1071.312252908945 15.80001917481422 238.4908710196614 667.1319677084684 13.12521880865097 1.724196724593639 1.155458524823189 2.024724163115025 1.156926438212395 12.13427501916885 82.27883447706699 1.6458590477705 26.55411014705896 7.556674540042877 72.90673484653234 10.95136217027903 32.53031757473946 4.14658460021019 0.6662967652082443 0.8320063650608063 695.6369372010231 1037.112316451967 29.4969161003828 4.278752692043781 33.11840312927961 107.9816702976823 11.63435277342796 11.20814964920282 0.7571255937218666 7.281635880470276 46.57120689749718 21.53148309886456 8.624160647392273 22.36824958026409 2.507786206901073 56.74282828718424 102.8047648146749 5.039202392101288 1.157720774412155 3.00047180056572 41.14104370772839 3.113309003412724 0.334493100643158 8.295227348804474 4.572947591543198 1.041934572160244 20.38463493436575 90.77482555061579 5.872182905673981 54.53807184100151 219.2523827701807 67.00884188711643 71.04447521269321 168.3474629223347 3.360348530113697 3.622820951044559 11.0206268876791 12.47184482961893 5.700048878788948 64.49737721681595 5.747811637818813 13.82485722750425 0.2679630666971207 115.1450205147266 81.12823588401079 56.09685902297497 75.12386236339808 137.5293073281646 1418.730618134141 1963.339282169938 282.8861294984818 3109.932744912803 11.24689072370529 0 1.76203665882349 3.25317956507206 3.573837853968143 0.1210001036524773 5.709124259650707 2.63759645819664 9.347680561244488 3.229206874966621 23.88633842766285 15.89686219394207 2.961068637669086 16.62130479514599 6.202930338680744 0 1.351286642253399 54.13878194242716 0.1324095129966736 0.156906321644783 0 0 0 0.7014294564723969 0 0 1.441354632377625 3.371769994497299 0 0.4546907916665077 4.104702457785606 2.863744951784611 1.651451140642166 0.1968083083629608 1.63166755437851 0.08933959901332855 0.1530430465936661 0.6373952403664589 0 0.2431484907865524 0.9018725529313087 0.08856018632650375 0.3004226386547089 1.584755972027779 0 0.09102451056241989 0.6085762977600098 0.5611020550131798 0.7886237129569054 0.1139498502016068 1.347724348306656 0 0.2546721994876862 0.5803294107317924 0 0.2333825454115868 0.3205156996846199 3.760908961296082 2.645312733948231 2.918660365045071 0.573495514690876 1.50036982446909 2.407777696847916 0.1377198696136475 1.016294069588184 0.64382703602314 1.888426303863525 1.357029937207699 0.8627787530422211 0.1952685564756393 0.9582653045654297 0 0.3517531231045723 1.222016252577305 0.1849983632564545 1.826745420694351 0 0 0 0 0 0 0 0.4597911536693573 10.47642488777637 0 0 0 0 0.1345613747835159 0.1028722822666168 0.2504792585968971 0.1079429760575294 1.315775722265244 9.363504014909267 0.5170962512493134 0.5044126808643341 0.2661973834037781 0.3983601555228233 1.019840970635414 2.73458593338728 2.620687440037727 0.2741598188877106 0.2380958199501038 0.6998276934027672 0.1565520614385605 1.081023387610912 0 0 0 0.1572506576776505 0 0.1241635382175446 0.1365293860435486 0 1.958958476781845 1.378912419080734 3.720459029078484 160.9594536274672 24.10817686468363 214.2390910312533 21.92322235554457 151.5122097283602 55.85519848018885 1.655676782131195 76.74879597872496 3.468330524861813 0.2491914033889771 2.708263762295246 0.9915767014026642 5.048146866261959 0.716511145234108 0 1.077282264828682 5.460387639701366 1.345376670360565
120.3156419321895 758.1860573664308 204.4149707257748 400.2964684888721 4368.803894661367 11.41641122102737 898.3983993753791 139.6730081140995 0 700.684193380177 3481.795568905771 384.1809899434447 1415.4272133708 3225.603476516902 24.62951827049255 1.402368441224098 0 0 0 0.5353181585669518 0.1380852907896042 0 0.1085813418030739 0 0.3312560319900513 2.331780642271042 0.281064510345459 0.291649341583252 0.5550036281347275 0.274742990732193 142.1545792371035 22.05041466653347 8.337460696697235 0.1100641340017319 0.1981945559382439 0.4053470268845558 0.7741863131523132 0.3468941152095795 0.3287358433008194 0 0.4421382248401642 0.2303871214389801 0.2979620099067688 1.74608838558197 0 1.259056597948074 173.7075512707233 5.060315378010273 0.6724280714988708 0.1178741008043289 2.159280970692635 0.6202714294195175 0 0.5020935535430908 4.087113030254841 2.270751953125 14.42073176056147 49.56094110757113 8.379685215651989 70.05418558418751 0.1460519134998322 1.692858211696148 0.6789034008979797 67.98834670335054 4.527936391532421 1.248156189918518 4.376666247844696 0.6508721113204956 0.1468283981084824 0.7405185475945473 13.0751630961895 35.04703082889318 0.3680692613124847 109.1207116767764 48.61365217715502 95.75371345132589 55.57535302639008 7.495775498449802 40.40490330755711 172.4583748206496 0.2413278520107269 41.17081964761019 13.54400823265314 0 2.001686736941338 4.116307027637959 1.688142031431198 0.2019793838262558 2.504126153886318 0.8278661668300629 1.306206479668617 0.4848064035177231 0.6959706246852875 0.1670070290565491 0.3309720754623413 207.1583334356546 2.626298993825912 0.1477157473564148 0.1992311775684357 24.73438064754009 3.633853867650032 0.8806460797786713 1.584157139062881 7.209470674395561 2.689940109848976 24.3656048476696 9.105650886893272 6.047230765223503 77.29698796570301 89.16425697505474 3.208643242716789 73.45633807778358 146.6081239804626 150.7394237294793 44.06736643612385 1.806887626647949 4.752414301037788 0 0.6444901823997498 0 0 0 0 0 0 0.3576784133911133 0 0 1.048355385661125 0 0 0 0.2592608034610748 0.3051031827926636 11.26348638534546 4.392032146453857 0 0.3441497385501862 0 35.68185140192509 13.53877897560596 20.51641186326742 1.022583037614822 1.638218745589256 0 0 0 1.741167172789574 4.338187642395496 1.344410538673401 0.2344131320714951 15.87023723125458 20.68037765473127 0.5023777112364769 0 0 0 0.4554100632667542 0 0.1588732302188873 0.1030963063240051 0.4055554866790771 1.497577480971813 0 0.1615513265132904 1.315617993474007 113.5506882444024 1.211965873837471 2.691469289362431 1.664486452937126 0.4021351337432861 0.2153026461601257 0 0.1188475638628006 0.8680123537778854 0.2387342303991318 159.7806957885623 0.9595218300819397 0 0 1.152004167437553 18.77295713871717 17.36171674728394 32.80021330714226 7.491381511092186 12.6387749761343 15.81056809425354 2.815837025642395 3.340884648263454 0.3525805324316025 0 0 0 0.1857379674911499 0.1273427158594131 0 0 78.03061081469059 5.283241108059883 12.18553060293198 1012.861465975642 72.5372666940093 591.2653544545174 99.12426129728556 524.4240676760674 176.8947997391224 7.674914576113224 368.5308944880962 31.61122310161591 1.360814616084099 29.94672035425901 3.264364615082741 96.56802698224783 5.612149089574814 0 8.00695538520813 21.17246103286743 5.164481863379478
528.9311874955893 447.5946171805263 20.73412795364857 428.6504199802876 360.2372697666287 190.9599234759808 1925.041735209525 18.53889808058739 700.684193380177 0 143.3608369380236 801.8909586817026 2003.301593452692 166.0895247608423 5.388055488467216 0.1104121208190918 0 0 0 0.1098647564649582 0.4563341587781906 0 0 0.4548501372337341 0 0.5507615804672241 0.1225720718502998 0.3179991394281387 0.9704227223992348 0.3966741561889648 121.8431506454945 4.269451767206192 9.483299002051353 0.2455595880746841 0 0.538683295249939 14.21621464192867 0 0.4520619064569473 0.7297120541334152 0 0.1875791847705841 0 1.142456889152527 0.5803366303443909 0.6452997177839279 87.74006373435259 5.434981025755405 0.2550663724541664 0 2.028749838471413 0 0.3451208174228668 0.4286556243896484 3.902173042297363 1.014587819576263 41.29516492038965 112.6799567639828 10.34784719347954 48.91513491421938 0.7919939607381821 5.631138794124126 0.12416061013937 40.50396093726158 2.75961834192276 0.9760400205850601 2.901118718087673 0.7991333231329918 0.133990153670311 0.2385278642177582 347.2925294041634 36.11900550127029 4.856486141681671 125.0671359226108 25.01246386021376 26.83708992600441 9.267999820411205 1.090158812701702 1.278614602982998 62.90325303375721 0 9.090851604938507 17.46004391461611 1.97004346549511 1.270240090787411 2.761654362082481 1.273446656763554 0.2746018171310425 0.5652346014976501 0.2074876874685287 0.1051440238952637 0.373588353395462 0.2044979184865952 0.1364174336194992 0.1536358445882797 596.0107150375843 2.740080878138542 8.005978092551231 0 519.192092679441 1.534721374511719 2.967844516038895 2.142678141593933 6.815211087465286 1.566539987921715 45.0046281516552 29.68736012279987 2.940739154815674 128.9373456537724 150.1956638097763 0.623065173625946 57.763526648283 139.9626650810242 120.0049018263817 16.27801492810249 0.7099007964134216 3.672489523887634 0.1871948391199112 0.3071877956390381 0 0 0 0 0 0 0 0 0.1030459776520729 0 0 0 0 0 0 4.320347934961319 2.052717417478561 0 0 0 7.034162044525146 3.601039409637451 2.735847309231758 1.592506125569344 0 0 0 0 0.8358248472213745 2.779552757740021 0 0 5.747075587511063 12.53398901224136 0.2549866735935211 0 0 0.1271515935659409 0.6862226128578186 0 0.2628686130046844 0 2.163815945386887 1.031637489795685 0 0 1.31258288025856 32.78597497940063 0 0.7782657444477081 0 0 0 0.1904372125864029 0.1751315593719482 0 0 62.10947078466415 0.8760945498943329 0 0 0.1601459383964539 4.40088877081871 4.237345397472382 9.415556713938713 2.737875796854496 5.438343957066536 8.599243357777596 0.3583821803331375 2.46098293364048 0 0 0 0 0 0.2032804489135742 0 0.1594741642475128 52.70217548310757 0 3.684644445776939 1239.490447796881 22.86884022504091 225.4569687992334 26.39258938282728 2318.659026555717 97.55915927886963 3.718667104840279 210.1614242196083 38.72438390552998 0.4078959226608276 16.43169263750315 2.169511288404465 85.79340976476669 1.623040705919266 0 4.191745236515999 5.454351380467415 0.7627702206373215
214.7206543236971 728.1663660630584 1871.242476679385 26.34169065952301 1959.36980587244 2.575077533721924 793.7417705506086 1071.312252908945 3481.795568905771 143.3608369380236 0 138.0841818749905 1804.504856497049 5787.114587210119 4.007455363869667 0.1847056746482849 0 0 0 0 0 0 0.09822363406419754 0 0 0 0.09720440208911896 0 0 0.1441724002361298 161.7931720167398 11.45099273324013 74.82088699936867 0 0 0.4817032143473625 24.51758924126625 0.1951849758625031 0 0 0 0 0.2351608723402023 0.3074635416269302 0 0.2592242136597633 35.63083083927631 1.477524600923061 0 0.2059997618198395 0.8504212126135826 0 0 0 0.7645810693502426 0.9419463500380516 7.569317534565926 30.85296701639891 1.00983589887619 17.92781992256641 0.1540802419185638 0.581306017935276 0.1755595356225967 24.33895619213581 0.8915931060910225 0.3177834004163742 0.8587273582816124 0.4203227758407593 0 0 32.58868278563023 3.645851612091064 0 44.65645329654217 16.33033874630928 20.44485375285149 10.87235303223133 2.64861149340868 136.0382738262415 1598.49218481034 0 101.2954801023006 3.502191215753555 0.1136887222528458 0.1856763511896133 1.083316631615162 0.2585276439785957 0 0.542238637804985 0 0 0.4459994435310364 0 0 0 12.79432761669159 0 0 0 27.66190308332443 0 0.6140574812889099 0.132206916809082 0.2027240395545959 0 1.217727407813072 1.402426242828369 0.6496648639440536 1.835469096899033 1.109277814626694 0 3.884368166327477 3.411045357584953 6.29369480907917 2.365741163492203 0 0 0 0 0 0 0 0 0 0 0.4284408688545227 0 0 0.1976563036441803 0 0 0 0 0 0.1744233369827271 0.152379497885704 0 0 0 0.7199354097247124 0.5411662012338638 0.9120565056800842 0 0 0 0 0 0 0.229504331946373 0 0 0.2800811529159546 0.7801365256309509 0.1966522783041 0 0 0 0 0 0 0 0 0.1423176527023315 0 0 0 4.860177606344223 0 0 0 0 0 0 0 0 0 5.844946175813675 0 0 0 0 0.49139703810215 1.0434929728508 0.6163979023694992 0.396035224199295 0.3149323463439941 0.7095698416233063 0 0.1529321074485779 0.1054848060011864 0 0 0 0 0 0 0 3.441372856497765 0.1564228534698486 0.3722120076417923 154.7787538915873 7.108429290354252 101.267944842577 15.85522289574146 83.47564944624901 25.47869481891394 0.8435065671801567 71.54108326137066 1.381003394722939 0.2969799041748047 1.649059407413006 0 3.816284537315369 0 0 1.491356730461121 1.882946476340294 0.1883775293827057
49.30841355025768 77.54328972101212 24.75906065106392 94.34695842862129 130.472841784358 147.8705717772245 521.9252570644021 15.80001917481422 384.1809899434447 801.8909586817026 138.0841818749905 0 918.18892069906 108.9482453018427 8.046919927000999 0.4704128429293633 0 0 0 0 0 1.218264356255531 0.1361818611621857 0 0 0.2190229594707489 0 0.4721902310848236 0.5051831305027008 0.3492152690887451 6.051824025809765 3.402935899794102 20.46518412232399 0 0 0.1674785912036896 28.18842539191246 0.1300453245639801 0.1613671779632568 0.2443389147520065 0 0.1395266205072403 0 1.577851824462414 0.4400977194309235 0.1244999319314957 17.30608109384775 0.1415152102708817 0 0 0.2517816200852394 0.3106245249509811 1.17434523999691 0 0.3999684602022171 0.1985909938812256 2.163081169128418 2.131014294922352 0.2685671523213387 4.686367571353912 0.6352448239922523 0.4430736228823662 0 8.395064376294613 0.3481286317110062 0.2590254470705986 0.2803536802530289 0 0.2715815901756287 0.2004042267799377 162.5886672139168 65.1420121639967 1.719152383506298 8.199554957449436 5.361644245684147 8.408649913966656 13.34680942445993 7.539144940674305 0.3308540731668472 229.8642239868641 0 8.243058897554874 0.5324683785438538 0.1403547376394272 0.245938777923584 0.1991459876298904 0.3233990669250488 0 0 1.1303870677948 0.4574253112077713 0.3259133100509644 0 0.1221908926963806 0.1132061183452606 2926.540043704212 30.54770903289318 0.3252752423286438 0.2707909047603607 51.85861511528492 3.776454366743565 0.5649626702070236 3.628926500678062 5.168582677841187 3.122217103838921 61.13185165822506 48.89472031593323 12.41683982312679 166.6825085729361 191.1369857043028 2.242285639047623 139.2176262065768 279.4598298445344 282.8669762089849 66.80368844419718 2.288786724209785 5.076179683208466 0 0 0 0 0.1466771215200424 0 0 0 0 0 0 0.7678721845149994 0.1881314814090729 0 0 0 0 10.20594230294228 8.638715758919716 0.1174976453185081 1.413809418678284 0 42.88346376270056 17.72315846383572 19.75030878931284 0.7462405785918236 2.430916726589203 0.396894246339798 0 0 1.273357883095741 3.746568709611893 1.069763138890266 0 22.23429428040981 38.13794412463903 1.066641330718994 0.443939745426178 0 0.2781924903392792 0 0 1.290219768881798 0.1435974687337875 2.149542205035686 3.130966417491436 0 0.105142667889595 3.558050751686096 115.0040306523442 0.6435782760381699 1.926815643906593 0.9261732250452042 0.5505964010953903 1.114679515361786 0 0.1081424355506897 0 0 219.5711828395724 0.3783789575099945 0 0 0 20.07575796544552 21.77901024371386 41.91398020833731 15.04813382774591 15.24066587537527 25.35165022313595 2.086532235145569 4.909069083631039 0.6876008063554764 0 0 0 0.6586481183767319 0 0 0.1546179950237274 133.135644286871 6.457398563623428 8.225035592913628 423.7933917045593 12.10285145044327 89.19134401530027 14.45441694557667 259.9343230202794 17.40195766836405 1.48126557469368 93.99685298651457 72.23448316752911 1.772365339100361 45.46570201963186 1.951164126396179 170.3077947795391 12.33805821835995 0 13.71425988525152 7.437092944979668 2.846192017197609
142.2023385092616 498.8258024230599 298.7008457630873 383.3295643925667 757.8355235159397 81.68698532879353 5742.245846286416 238.4908710196614 1415.4272133708 2003.301593452692 1804.504856497049 918.18892069906 0 2951.436071783304 51.38892269134521 12.3692486807704 0.9043955281376839 0.2685371041297913 0.09790553152561188 0.5921364799141884 0.500267505645752 9.905386790633202 0.3346179649233818 0.4826011955738068 3.854245156049728 2.470693290233612 2.258849337697029 2.274719223380089 4.184032626450062 0.6524939984083176 58.65004891902208 24.58181565254927 907.4340942054987 0.28653384745121 0.9816694259643555 27.40127152204514 22.39821039140224 39.66586664319038 4.481940470635891 18.25232689827681 1.270804658532143 0.7183360010385513 0 13.71075387299061 1.494484074413776 3.008244179189205 109.5389485657215 2.874887555837631 0.8773811385035515 0 2.222280509769917 6.111985832452774 12.67763501405716 1.97952201962471 1.416479147970676 1.076694697141647 5.307221278548241 19.91819629073143 1.623049229383469 32.91349326074123 5.318735770881176 35.10230198502541 1.649469897150993 45.15849340707064 1.067188255488873 0.4804920256137848 1.144065000116825 0.9060091152787209 0.1319206357002258 2.036272920668125 243.1986170932651 159.1950634941459 4.482759259641171 60.97431095689535 37.75674697756767 70.75985446572304 103.2930969670415 52.61647085100412 5.007502183318138 3262.694509491324 1.477132722735405 63.72477263957262 4.989472799003124 0.1323624849319458 0.3640343770384789 1.615079022943974 0.2569815963506699 0.6682040989398956 2.550656720995903 10.03483848273754 1.942479446530342 3.771218918263912 0.9736272394657135 0.7234107553958893 0.7229074612259865 3752.604563780129 85.09097382426262 5.27236895263195 2.508467942476273 40.63809096068144 5.449582681059837 0.9541411697864532 2.670647755265236 8.740371078252792 3.692564353346825 64.22788303345442 33.29991641640663 14.74965790659189 197.186947196722 179.7487584799528 4.307859271764755 163.1624626219273 336.8252331987023 369.381645411253 87.66596378386021 3.120893016457558 6.088490635156631 0.4343577101826668 0.7308752909302711 0 0 0.1331184953451157 0 0.4600147306919098 0.1097255945205688 0.4055422469973564 0.1331928372383118 0.1706863194704056 2.050032414495945 0.5671841502189636 0.4184890240430832 0.7219690531492233 0.6857380121946335 0.2480758652091026 14.70012403279543 10.91870043426752 0 1.045576348900795 0.2340551689267159 64.33249319344759 28.01895163208246 27.77388899773359 1.809984132647514 4.368232935667038 0 0 0 2.179766431450844 9.782502137124538 1.902509644627571 0 26.93867394328117 33.47688381373882 0.8335938081145287 0.6798054501414299 0.1465894877910614 0.7588082924485207 0.3235934600234032 0.09563136100769043 0.9909130036830902 0.1136255189776421 2.71179636567831 5.148511417210102 0.6882611066102982 0.1046314090490341 2.353023014962673 164.5850513130426 2.566672414541245 3.312847949564457 2.605593830347061 0.1150617823004723 0.8910412639379501 0.7243691235780716 1.328311674296856 0.368366539478302 0.5755206793546677 319.1699686422944 1.564939551055431 0.4141794443130493 0 0.1451467722654343 33.68398972600698 29.97153548896313 50.24933932721615 19.55557877570391 19.19980677217245 30.43725494295359 1.62433847784996 10.08567133545876 1.045343972742558 0 0 0 0.278218001127243 0.08948128670454025 0.4842773228883743 0.1409545391798019 190.7520486116409 14.48406310379505 19.37395705282688 897.7985678464174 92.32223162055016 432.1635292544961 85.51488752663136 180.2027363181114 65.52346310019493 5.612074725329876 295.8187977001071 54.17196215689182 3.353214353322983 57.93503519147635 6.60996812582016 150.7449185103178 11.53863266855478 0 17.66947404295206 31.77007250487804 7.331254422664642
