0 4248.110900461674 98.77503138780594 1388.963364079595 420.344967186451 60.54861481487751 655.0161783620715 2.434272654354572 161.812597669661 1691.550875395536 132.3136071562767 162.3137237951159 468.5860349237919 337.5554642230272 2.999076567590237 0.3023016303777695 0 0.5837606936693192 0 0 0.1291381567716599 0 0 0 0 0.1292295306921005 0 0 0 0 279.9188064560294 1.362207427620888 1.128946788609028 0 0 0 15.34572050720453 0.1218926012516022 0.1253175288438797 0.4558677226305008 0.3251765295863152 0 0.1190917119383812 0 0 0.1165920272469521 40.81942324340343 7.065547026693821 0 0.2822577953338623 0.8710642978549004 0 0 0 3.979322031140327 14.4070285782218 171.2350865826011 1243.824075825512 98.72742727398872 48.51334138959646 0.4899404644966125 1.017089903354645 0.2773782312870026 8.948667459189892 8.478253185749054 3.1979890614748 1.118006527423859 3.154696755111217 0.2514988481998444 0.2269638180732727 25.67767375707626 30.58217078447342 0.3264558613300323 402.9445783346891 65.81983882933855 51.973468773067 0.6226401627063751 0 0.2991245090961456 11.70277586579323 0.1282572746276855 0.2417741641402245 29.68478476256132 0 4.651589244604111 5.23925719410181 3.002907752990723 0.3411425054073334 1.967089489102364 0.3981253951787949 0.1077756062150002 0.1181059032678604 0 0.6485984623432159 0.4168342798948288 103.4422309994698 19.72219282388687 0 0.3465692400932312 1387.913249544799 0 0 0 0 0 0 0 0 0.1865103840827942 0 0.1738139241933823 0.3701778501272202 0.4155223369598389 0.5888841450214386 0 0 0.1451054811477661 0 0 0 0 0 0 0 0 0 0 0 0 0 0 0 0 0 0 0 0 0 0 0.5176912248134613 0 0 0.2585863769054413 0 0 0 0 0 0 0 0 0.9394482970237732 0 0 0 0 0 0 0 0.24497389793396 0 0 0 0 0 0 0 0 0 0 0 0 0 0 0 0 1.004394352436066 0.361270010471344 0 0 0 0.2756145298480988 0 0.4463408887386322 0 0 0 0 0 0 0 0 0 0.09268175810575485 0 0 0 0.3987216949462891 0 3.20219886302948 61.37672305107117 6.089516714215279 67.16185303032398 11.24409190565348 290.7982842773199 16.53095273673534 2.001532077789307 4.434797883033752 0.8174926340579987 0 0.2317163795232773 0 1.266505032777786 0 0 0 0.1474247872829437 0.6124905943870544
4248.110900461674 0 663.0807352215052 2324.438311256468 5750.946890100837 178.4712944328785 2887.764761008322 63.93316971510649 2783.856334649026 556.7184869721532 1138.467049956322 24.70466973632574 912.4120438918471 1874.861141741276 20.69600799679756 1.051273956894875 0.2562784180045128 0.4049017205834389 0 1.304801665246487 0.1145051494240761 0 0.1657591611146927 0.1137622818350792 0.1531278043985367 0.3573869094252586 0 0.4066827297210693 0.3519990146160126 0.1219399645924568 4011.115717664361 51.99483072012663 2.168277710676193 0.143509566783905 0 0.3390856087207794 64.67876313626766 0.2181621417403221 1.955165535211563 0.9027969986200333 0 0.972184382379055 0.9089537709951401 0 0 0.42153500020504 132.4084902182221 17.74105725437403 0.4095157161355019 1.906313419342041 3.327782772481441 0 0 0.8559398651123047 9.362543947994709 29.12079129368067 117.400455199182 1975.611656650901 106.3249501362443 114.2805788740516 1.715410590171814 1.46657982468605 0.1634256541728973 99.25320956856012 21.49684850871563 6.234958425164223 3.194795422255993 6.289245367050171 0.7523902431130409 1.91857585310936 15.5567671507597 0.1587565839290619 0.1116343662142754 670.9531990736723 232.5365310758352 208.5204386711121 18.07748873531818 2.331576064229012 0.5907745957374573 80.32962872087955 1.356612265110016 3.062662906944752 56.80177529156208 0.4836225509643555 12.94962097704411 11.42329903692007 4.856076650321484 0.2107214704155922 2.526453591883183 0.7244901955127716 1.896387048065662 0.3676136285066605 0.7086555883288383 1.794325359165668 2.611269928514957 27.60435232520103 0 0 0 2029.860206872225 0 0.9305758476257324 0 0.2193684428930283 0 0.5324628353118896 0.6946704089641571 0.1963923871517181 1.176523014903069 0.523503914475441 0.4167842864990234 4.288442835211754 2.826007261872292 0.7957775294780731 0.7838360369205475 0.1062653213739395 0.8295069932937622 0 0 0 0 0 0 0 0 0 0 0 0 0 0 0 0.1994867324829102 0 0 0.8522914052009583 0 0 0 2.795949354767799 0 2.29178811609745 0.6839194893836975 0 0 0.1533068418502808 0 0 0.3334822058677673 0 0.2900080978870392 0.2539835572242737 0.7318991124629974 0 0 0 0.4626327753067017 0.71460922062397 0 0 0 0.4150160551071167 0 0 0 0 1.261737048625946 0 0 0 0 0.1792099326848984 0 0.1019436568021774 0 0 4.056802988052368 0 0 0.2344931364059448 0.2748269066214561 2.428961426019669 0 0 0 1.03177672624588 0 0 0.8868906050920486 0.1408248990774155 0 0 0 0.6871455162763596 0 0 0 2.511770442128181 0.6141655445098877 3.021589413285255 235.6300614923239 28.92421051859856 265.8727394044399 34.17347056418657 631.1835110262036 36.52346669137478 6.325312279164791 20.96530533581972 3.538933716714382 0.1152727082371712 0.466022752225399 0.259946882724762 11.74204543232918 0.5987185835838318 0 0.2739611640572548 1.377342201769352 0
98.77503138780594 663.0807352215052 0 15.04004748165607 433.8526526987553 1.185376584529877 124.4787972867489 2787.58640550077 400.5053433850408 7.295807249844074 4402.160018481314 10.63427467644215 328.5035202503204 1180.23914450407 16.15383153408766 12.41676551103592 4.726542189717293 10.5276392698288 1.716363854706287 68.66150322556496 30.29266417771578 0 2.677387461066246 0.2651738077402115 0.143546849489212 0.7928613424301147 0.799982950091362 0.7291046157479286 0.1754555106163025 0.08808416128158569 4252.435633637011 1695.636726900935 11.93071638047695 1.915902569890022 3.309966877102852 0.3461012095212936 81.82279276847839 0.8438909947872162 0.2491176798939705 0.2396107763051987 8.100587859749794 1.909914515912533 38.15687170624733 2.493480280041695 7.855822294950485 7.645146250724792 41.59198911488056 11.40845514088869 5.704391695559025 38.442891292274 1.266737923026085 0.2436064407229424 0 0.2958291321992874 1.203614540398121 7.325557313859463 37.66944341361523 1168.967696897686 31.69774936139584 29.17936208844185 59.93994942307472 7.725063636898994 5.122872427105904 502.6019690930843 3.63887794315815 2.673345871269703 0.7054005339741707 17.4402973279357 34.34115271270275 81.11258334666491 4.995638310909271 0 0 283.8081329092383 190.8130154758692 84.47749978303909 183.6083826124668 132.3535402566195 109.9671800881624 933.9471850991249 73.3032398968935 209.593380510807 15.38561056554317 0 2.875613540410995 2.858909875154495 25.84205558151007 0 0.2405073195695877 0.501092828810215 0.2401115819811821 0.1723385602235794 12.57365344464779 2.115937553346157 1.696838088333607 0 0 0 0 333.5348328128457 0 0 0 0 0 0 0 0 0 0 0 0 0.1883664727210999 0 0.3738953769207001 0 0.2247683256864548 0 0 0 0 0 0 0 0 0 0 0 0 0 0 0 0 0 0 0 0 0 0 0 0 0 0 0 0 0 0 0 0.8055137395858765 0.2465906590223312 0 0 0 0 0 0 0 0 0 0 0 0 0 0 0 0 0.2019484639167786 0 0 0 0 0.1823720633983612 0.1454381197690964 0 0 0 0.3636677861213684 0 0 0 0.6652571111917496 0 0 0 0 0 0 0 0 0 0 0 0 0.09381143003702164 0 0 0 0 0 0.1997288912534714 37.08221117407084 8.259001351892948 67.40091801434755 11.98885808140039 19.30504152923822 7.163344420492649 0.7944225445389748 9.116110578179359 0.9476237744092941 0.1746216267347336 0.1174870803952217 0 0 0 0 0 0.6339156478643417 0.2069802135229111
1388.963364079595 2324.438311256468 15.04004748165607 0 541.4412551596761 308.0625218451023 1917.982178755105 1.447459638118744 75.23441859334707 1844.198560848832 36.66530510038137 1252.421123847365 2226.743050731719 40.754065528512 6.888167403638363 2.370813511312008 0 0.487113744020462 0 0.81444201618433 0.4305583387613297 0 0.1402014791965485 0 0 0 0 0.1029594764113426 0.1493882536888123 0 79.39561013132334 6.391492672264576 0.6126222014427185 0 0 0 1.99722021818161 0.4100504368543625 0.3870245516300201 0.1185766980051994 0.7855454683303833 0.4349787160754204 0 0.1713948994874954 0.1118623167276382 0 42.49948466569185 7.199947625398636 0.2691262885928154 0.1342427432537079 0.8778094425797462 0.2063033729791641 0 0.2118504494428635 1.573206461966038 11.66323354095221 27.23017910122871 251.6613425910473 30.87874663621187 35.75782915204763 0.2213781625032425 0.2054488509893417 0 25.20016880333424 7.718868553638458 2.355998121201992 1.668821938335896 2.286451056599617 0.2522938176989555 0.1595795601606369 50.98878163099289 0.5173921883106232 0.433894544839859 203.974577113986 75.1705462411046 61.11420385539532 4.382655031979084 0.3297963589429855 0 2.610836245119572 0.2366038262844086 0.6091925799846649 23.82169106602669 0 3.699422992765903 4.667717322707176 1.806024484336376 0.3309628814458847 0.6598166450858116 0.1333404630422592 0.3247494697570801 0 0.1215931698679924 0.7052802667021751 0.8704536631703377 49.76352496445179 26.94912302494049 0.09796294569969177 0 561.1692227199674 0 0 0 0 0.47233846783638 0.6501570194959641 1.450948446989059 0 0.8780283629894257 0.3863426893949509 1.434146702289581 3.575023457407951 5.153263077139854 2.614560216665268 1.953242793679237 0 0.4433861076831818 0 0 0 0 0 0 0 0 0 0 0 0 0 0 0 0 0 0.2391272336244583 0 0 0 0 2.162602752447128 0 0.1728807687759399 0.3473532199859619 0 0 0 0 0 0 0 0 0 0 0 0 0 0 0 0 0 0 0 0 0 0 0 2.578950449824333 0 0 0 0 0 0 0.1163082718849182 0 0 6.254466280341148 0.7886625081300735 0 0 0.2204998135566711 0.4341700673103333 0 0 0.1293308287858963 0.7798859477043152 0 0 0.2347425520420074 0 0 0 0.1899512261152267 0.3462241962552071 0 0 0 0 0.6780124306678772 0.5177983343601227 105.0430200174451 9.432540707290173 97.98363434523344 13.98211970925331 1124.804773360491 14.10494052618742 2.701076708734035 9.369321390986443 3.658368714153767 0 1.311063587665558 0 4.118387520313263 0 0 0 0.1143555790185928 0
420.344967186451 5750.946890100837 433.8526526987553 541.4412551596761 0 18.11138507723808 2818.912995286286 32.3862012848258 3428.937805168331 137.5291326567531 1862.467617854476 15.48389649391174 568.9957384392619 498.5030595138669 50.95661368966103 6.685749523341656 0.3600904047489166 0.7549857348203659 0 1.581266961991787 1.697844952344894 0.1702699959278107 0 0.256752997636795 0.1290839463472366 0.6576854065060616 0 0.6232542097568512 0.2618300467729568 0.1320966482162476 412.7440433129668 46.27313643693924 0.670764796435833 0 0.113069124519825 0 14.68147393316031 1.191655114293098 0.4297557696700096 0.1140827015042305 0.2201985567808151 2.029307745397091 0.5024776309728622 0.4896554052829742 0.1435538828372955 0.3473937064409256 157.982021510601 12.03881604969501 0.2991623282432556 2.290217064321041 2.71261253207922 0.3668070137500763 0 2.337618358433247 4.332834921777248 16.2197849676013 17.81559014320374 233.5222855955362 21.82118047773838 68.67203465849161 1.209310106933117 0.4231621772050858 0.3471586778759956 75.0577924028039 13.29587115347385 4.438990131020546 2.967795737087727 4.907898686826229 1.924157038331032 2.119097530841827 12.92752772569656 5.260530322790146 0 203.4207616224885 143.6468588113785 191.376861050725 43.68406511843204 5.631378173828125 2.273256823420525 20.06328205764294 1.538558080792427 2.703122772276402 24.64195241779089 0.7599398493766785 8.609197683632374 7.800457425415516 4.263523824512959 0.1254388093948364 1.061104744672775 0.4950236678123474 1.453085012733936 0.4604774415493011 1.114979408681393 1.198569007217884 5.292843528091908 60.36064802110195 0.156201183795929 0 0.596228301525116 109.1958096027374 0.589918851852417 0.1711990386247635 0 0.6681140065193176 1.48792976140976 4.677415251731873 5.494541332125664 1.420525565743446 13.45236188173294 4.572691261768341 2.602184638381004 21.17186984419823 21.31131979823112 10.19274251163006 9.17328080534935 0.2275911867618561 2.195380359888077 0 0.2584545910358429 0 0 0 0 0 0 0.278082087635994 0 0 0 0 0 0 0.309079684317112 0 2.440474480390549 2.910823345184326 0 0.2102002501487732 0 15.81388355791569 1.400720655918121 7.824888631701469 2.17544487118721 0 0 0.1549565345048904 0.2737371325492859 0 1.089918911457062 0.2279815971851349 0 0 1.813768669962883 0 0.1407179534435272 0 0.4750198125839233 0.7571144700050354 0 0.1547068357467651 0 0.2166075557470322 0.658985823392868 0 0.3997726142406464 0 8.286544144153595 0.9945799708366394 0.9272974878549576 0 0 0 0 0.2165585234761238 0 0 23.04042283445597 0.7342633903026581 0 0 0.2638133466243744 10.08875304460526 1.248522236943245 3.02465845644474 2.513522639870644 2.445421874523163 2.080793529748917 0.7228496074676514 1.824912704527378 0 0 0 0 0.3017552122473717 0 0 0 9.961893647909164 1.45908223092556 11.31290947645903 289.690451644361 36.8592744320631 269.8137714862823 49.37841449677944 143.5965356528759 42.15560726076365 2.713307529687881 38.33138746768236 13.09178421646357 0.1237944290041924 6.466032713651657 0.3735328614711761 20.98029818385839 0.1589483022689819 0 0.1218204125761986 3.745359241962433 0.3363907635211945
60.54861481487751 178.4712944328785 1.185376584529877 308.0625218451023 18.11138507723808 0 192.8593257665634 0 10.01794174313545 613.0051709860563 3.518133372068405 215.8642733842134 225.976933375001 8.959468871355057 0.3783205449581146 0.1824417263269424 0 0 0 0 0.1302694231271744 0 0 0 0 0 0 0 0 0 2.393332123756409 0 0 0 0 0 4.868984684348106 0 0.8096626549959183 0 0 0 0 0 0 0 2.455482065677643 0.1791043430566788 0 0 0 2.12654572725296 0 0 0.1260703951120377 0.09370609372854233 0.9587154313921928 7.108491487801075 1.248760163784027 0.3073852807283401 0 0 0 0.1822270154953003 0.3826327249407768 0.8143220618367195 0.1822493821382523 0 0 0 70.60092429816723 163.4790466427803 7.621977657079697 5.020308881998062 1.125268071889877 1.251359768211842 0 0 0 0.2362923920154572 0 0.391316294670105 0.6193688213825226 1.047981828451157 0 0.6340245008468628 0.2202225923538208 4.296014115214348 3.092323869466782 4.836837738752365 0.7412695586681366 1.021031424403191 0 0 0 312.4464909434319 79.82400472462177 2.931981563568115 2.453185096383095 58.57352349162102 0 0 0 0 0 0 0.2792776823043823 0 0.9566177129745483 0 1.829581320285797 0.5639868080615997 0.6606028228998184 0 2.115742325782776 0 0 0 0 0 0 0 0 0 0 0 0 0 0 0 0 0 0 0 0 1.352110683917999 0 0 0 1.591749429702759 0 0.638960987329483 0.3924450874328613 0 0 0 0 0 0.6218591332435608 0 0 0 0 0 0 0 0 0 0 0 0 0 0 0 0.4168085753917694 0 0.8724933266639709 0 0 0 0 0 0 0 0 0 2.62183553725481 4.83942037820816 0 0 0 0.8599513173103333 0 0.3468305170536041 0.4560106992721558 0 0.4147851467132568 0 0 0 0 0 0 0.12024986743927 0 0 0 1.386332973837852 1.212172746658325 2.759687751531601 39.59522986412048 2.01635667681694 2.654646471142769 0.1287376135587692 22.27027328312397 0.1273882389068604 0.6313831806182861 0 0 0 0 0 1.261783331632614 0 0 0 0 0
655.0161783620715 2887.764761008322 124.4787972867489 1917.982178755105 2818.912995286286 192.8593257665634 0 8.752386026084423 3494.99565590173 3720.373526208103 169.7182818502188 82.33755160868168 2796.031981922686 206.9488618001342 143.0218600481749 23.6610160022974 1.067935593426228 2.724598005414009 0.5452932566404343 7.261893548071384 2.47106022387743 0.2031373977661133 0.499082624912262 0.1412228047847748 0.1221890673041344 4.645052447915077 1.232730314135551 4.006583489477634 2.499048635363579 0.3723276406526566 346.3827730566263 66.7545128390193 7.552050545811653 0 0.2944125384092331 0 25.42408623546362 1.093492031097412 2.631536066532135 1.579999223351479 1.18287131935358 6.357087165117264 1.334735512733459 1.53056001663208 0.5825219973921776 0.7954538241028786 414.4533436968923 33.8358312100172 1.628468923270702 3.211803033947945 7.908103674650192 0.3506022542715073 0.2570146918296814 6.027995005249977 11.11642701178789 48.42747043073177 36.37496534734964 329.2676742002368 59.99732328951359 179.3944363370538 4.169377014040947 1.435442917048931 0.8942511603236198 169.3250532373786 35.79688195884228 14.67458901554346 6.532938033342361 13.27045414596796 3.486312098801136 3.072189778089523 81.45781975239515 9.2718825340271 0 510.2210281193256 349.6142502352595 518.8816560059786 115.4501559436321 12.84326319396496 7.142006956040859 13.44447863101959 3.627438925206661 6.940611191093922 76.29685251414776 0.7133684903383255 19.9764007255435 22.83627976477146 11.16085041314363 0.5967839583754539 5.614559181034565 1.192969307303429 3.722511850297451 1.225654050707817 2.929194994270802 5.894494019448757 12.52317056804895 378.9128712564707 8.61865921318531 0 2.951944977045059 214.8895962834358 0.4917526692152023 1.416772782802582 2.40274116396904 2.304808214306831 7.976643219590187 15.25445142388344 26.2819486707449 6.058653444051743 58.91504226624966 38.48758597671986 21.27451092004776 93.28716622292995 111.6906615197659 61.07696028053761 42.35880646109581 2.297198116779327 6.061599560081959 0 0.3095639944076538 0 0 0 0.1222542226314545 0 0.2255089282989502 0.3969118148088455 0 0 0.126174584031105 0 0.5159264728426933 1.063815832138062 1.17077063024044 0 7.281269431114197 16.9264752715826 0 0.351808100938797 0.2335851341485977 77.2766365557909 2.909701377153397 36.10715237259865 18.72960192710161 0 0.692911833524704 0 0.3220007196068764 0.3309049904346466 3.685053750872612 0 0.1767952442169189 2.766282796859741 6.34386670589447 0 0 0.1410496681928635 1.09649433195591 2.086438447237015 0 0.928989589214325 0 0.8571450710296631 3.679424911737442 0 0.2094860672950745 0.3819146156311035 33.65888720750809 4.679442301392555 1.321112424135208 0.5518693253397942 0.090577132999897 0 0.0955854058265686 0.1014750152826309 0 0.7581007108092308 118.4571298733354 1.973824143409729 0 0.1425935477018356 1.401014886796474 35.58968660235405 4.814868196845055 4.831672221422195 7.187542870640755 11.53162528574467 6.74983011931181 3.466995134949684 6.479192093014717 0 0 0 0 0.6697470471262932 0.1048248037695885 0 0.2249657809734344 40.32851438224316 12.6001218110323 41.56231360137463 784.0359098389745 121.1079906746745 750.0900290384889 128.4352899417281 740.593208797276 111.4288301765919 14.94877438992262 110.2686791196465 58.51610453426838 1.072637021541595 20.72223569452763 1.345979429781437 110.9126485139132 4.889295130968094 0.4001007154583931 2.857775554060936 12.37085412442684 3.047497317194939
2.434272654354572 63.93316971510649 2787.58640550077 1.447459638118744 32.3862012848258 0 8.752386026084423 0 167.2010018229485 2.451233349740505 977.9138846546412 2.99525959789753 89.45802891999483 262.3347611576319 63.23115716129541 52.15292607247829 21.4552024975419 50.15270605683327 8.097481958568096 349.8585949391127 200.5347289592028 0 25.09015081822872 3.033522546291351 6.557608291506767 6.186327703297138 9.963403955101967 1.362158343195915 1.35600420832634 1.319207437336445 973.4111895337701 2121.00807775557 18.71925242245197 14.25074756145477 38.82756667584181 3.133034095168114 12.49336186796427 6.197706192731857 0.6902202591300011 1.283642180263996 52.83682398498058 6.881474778056145 138.5458709076047 7.465807095170021 23.09333745390177 32.92136570811272 148.9629636406898 25.90168704092503 17.01727188378572 130.7642809152603 10.5537479147315 0.2401929795742035 0 3.752419643104076 3.145600825548172 7.828597262501717 12.97470139712095 214.5003773644567 15.10787669569254 44.73619315773249 383.8049934431911 91.05849134922028 16.97625908255577 630.3891102224588 7.028614975512028 8.782418720424175 2.915077798068523 66.59374947845936 133.4555008709431 367.8083841875196 1.243585653603077 0 0 208.611491099 296.8233894631267 249.1880786716938 580.9775090441108 1720.015853844583 2247.865158617496 3667.339568480849 934.6577128693461 3057.681129217148 15.06842841953039 0.08174451440572739 8.429813720285892 4.985095977783203 79.72761784493923 0 0.9830645471811295 0.9026144221425056 2.347850024700165 1.438760310411453 88.01817093044519 10.80348875373602 7.527872927486897 0 0 0 0.2778249979019165 5.969849839806557 0 0 0 0 0 0 0 0 0 0 0 0 0 0 0 0 0.162893071770668 0 0.1478808969259262 0 0 0 0 0 0.1725450903177261 0 0 0 0.172420009970665 0 0 0.1083870828151703 0.2531249672174454 0.2407202944159508 0 0 0 0 0.1694321185350418 0 0 0.8598598167300224 0.1118758469820023 0.1148541793227196 0 0.2419843077659607 0.1132756769657135 0 0 0 0 0 0 0 0 1.143440917134285 0 1.024754576385021 0 0 0 0 0 0 0 0 0.1092346608638763 0 0 0 0 0 0.150489330291748 0.1370842009782791 0.1894956976175308 0.7852462083101273 0 0 0 0.4577670395374298 2.324290931224823 0 0 0 0 0.3158272504806519 0.1263581663370132 0 0.5813615322113037 0 0 0 0 0.4813147336244583 0.4860532432794571 0.2281794399023056 0 0 0 0 113.9472637176514 27.81394249200821 224.4151346087456 43.41527935862541 18.3853315860033 16.62303931266069 2.110320441424847 29.60697299987078 4.015169396996498 0.2591612190008163 0.9432116150856018 0.3849712088704109 0 0 0 1.034213073551655 3.942645236849785 0.855833038687706
161.812597669661 2783.856334649026 400.5053433850408 75.23441859334707 3428.937805168331 10.01794174313545 3494.99565590173 167.2010018229485 0 133.4393665194511 5685.141961656511 15.09607027471066 3207.664798617363 1462.752972431481 66.33924718946218 19.39892527461052 0.3340156078338623 1.225744470953941 0.468997910618782 2.896874316036701 1.655165642499924 0 0.2720020860433578 0 0.1418793499469757 1.804997757077217 0.4348587840795517 1.426012516021729 0.3708676472306252 0 192.1395759731531 22.44913765788078 4.013300478458405 0.3716597780585289 0.1974874436855316 0.3054236620664597 7.025313638150692 0.2870636880397797 0 1.704090945422649 1.143165439367294 2.91191677749157 1.629395850002766 0.8656649440526962 0.2596343010663986 0.6606461256742477 144.1507407948375 8.740253366529942 0.5167348384857178 2.015607945621014 3.531845323741436 0.1990745514631271 0.1519855558872223 1.468791820108891 2.817357212305069 11.33131797611713 8.789351277053356 110.4390540793538 14.61806563287973 48.61379958689213 1.440693624317646 0 0.2360860779881477 52.2684914842248 7.737240664660931 3.124558433890343 3.107484519481659 6.297659695148468 2.539980463683605 5.120309002697468 22.70275168120861 3.82572329044342 0.1333216279745102 118.6794998794794 97.77731877565384 164.172618791461 57.9515638127923 10.01406627893448 3.116589114069939 17.41404101997614 2.696657620370388 4.362140513956547 18.25837672501802 0.1481481492519379 5.35761720687151 4.867451250553131 4.490723833441734 0 0.9717298597097397 0.2136347070336342 0.4354179129004478 0.5778692960739136 2.892111040651798 0.9375902563333511 5.369702957570553 76.90970826148987 0.6127498745918274 0 0.699513852596283 57.3825446665287 0 0 0.7995409667491913 0.7817859649658203 1.816883832216263 5.581874653697014 3.950598493218422 0.7536496818065643 22.47849999368191 8.475340142846107 2.528958633542061 25.39486175775528 21.41614906489849 14.71603243052959 8.302937597036362 0 2.34580160677433 0 0.5017770677804947 0 0 0 0 0 0 0 0 0 0 0 0 0 0.1927510648965836 0 2.565513327717781 3.187919542193413 0 0 0 19.46567252278328 0.760716587305069 11.15434886515141 4.24398647993803 0.3981947302818298 0 0.2075530886650085 0 0.2202766239643097 0 0.3036490380764008 0 0.4029817432165146 2.39876988530159 0 0 0 0 0.1851468533277512 0 0.4535002708435059 0 0.2439140528440475 0.9741657823324203 0 0.4040995091199875 0.1722692549228668 8.419073984026909 0.4549589455127716 0.6561868190765381 0 0.1053392589092255 0 0 0.2140098586678505 0 0 24.5953753516078 1.838394403457642 0 0 0 7.981678634881973 1.692326009273529 0.2049581706523895 0.4758766144514084 5.016363605856895 2.999721609055996 1.169749051332474 2.376206606626511 0 0 0 0 0.1411072015762329 0 0 0 8.988876178860664 4.617239996790886 11.00738605856895 292.307985059917 40.25707902759314 256.5096011981368 45.10345850884914 88.56202670186758 35.68799518793821 3.050765119493008 43.80710674077272 14.77343402057886 0 5.703469574451447 0.6318179816007614 28.0675044208765 0.3909561485052109 0 0.8132941126823425 4.431777149438858 1.08085273206234
1691.550875395536 556.7184869721532 7.295807249844074 1844.198560848832 137.5291326567531 613.0051709860563 3720.373526208103 2.451233349740505 133.4393665194511 0 13.74494361132383 2867.635999709368 7754.589716814458 136.6238393709064 20.59945476800203 12.29539034515619 0.6528532132506371 0.1201665475964546 0 0.8821134492754936 1.965699188411236 0 0.2046588361263275 0 0.3262060880661011 0.1505627036094666 0 0 0.1291406154632568 0 52.1967071518302 0.8214891254901886 2.405857622623444 0 0.1221227794885635 0 77.34386675059795 0.6271156966686249 0.603402853012085 1.516784250736237 1.10071911662817 0.5109720751643181 0.3488708883523941 1.739341720938683 0.1222049742937088 0.1544978022575378 57.46664543449879 6.861177489161491 0.4581985622644424 0.9679078310728073 1.739067912101746 0 0 0.993753582239151 2.699834436178207 9.776927538216114 28.42069146037102 163.0140422806144 27.6386603564024 33.81125508248806 0.2346523627638817 0 0 22.6987439841032 6.514618746936321 2.650928802788258 0.6163748502731323 4.18508293479681 1.251756355166435 4.434992864727974 137.8656202852726 6.078043341636658 0.3563855886459351 173.7228546589613 57.31238147616386 72.54018614441156 14.8426990956068 4.054100722074509 0.1565654873847961 3.036563009023666 0.121481291949749 1.311535783112049 20.57761047035456 0.3149124085903168 4.063096769154072 5.632992945611477 2.732461601495743 0.09828055649995804 0.8863531276583672 0.3753755167126656 0.5062119215726852 0 0.3523752987384796 1.027712941169739 1.191406719386578 624.3974734544754 40.67691853642464 0 2.18007704615593 1297.5578847453 0.5075573921203613 0.8995837271213531 4.227674081921577 1.779384687542915 3.974965043365955 8.109478160738945 30.47671784460545 2.133295074105263 38.81305998563766 56.17787523567677 11.47333106398582 66.96215637028217 62.34946192800999 40.53067581355572 24.86748039722443 0.6909535974264145 1.825599104166031 0 0 0 0 0 0.126963272690773 0 0 0.1678279638290405 0 0 0 0 0 0.8408155292272568 0.5679384469985962 0 4.788328692317009 6.314319401979446 0 0 0 38.28014914691448 0.7620632648468018 12.20771950483322 5.308833748102188 0 0 0.43455570936203 0 0.8721506595611572 2.212780117988586 0.8471708446741104 0 0 4.678768262267113 0.1455918550491333 0 0 0.8332135081291199 0 0.1373913288116455 0.1086286380887032 0 0.7602324038743973 1.727446109056473 0 0 0 14.93579815328121 1.756188690662384 0.4564053118228912 0.2659226953983307 0 0 0 0.1477130055427551 0 0 49.83986139297485 2.472957074642181 0 0 0.1486181169748306 11.33692862093449 1.602915942668915 1.217893242835999 2.209173284471035 4.460668414831161 4.999661073088646 0.8845820128917694 2.231020033359528 0 0 0 0 0.1480631679296494 0 0 0 29.46022193133831 4.497034400701523 17.72311481833458 383.2825311124325 13.02472076565027 129.2217733114958 19.76225749403238 1737.42536894232 16.6008242815733 3.510856322944164 23.12202773988247 29.9657645970583 0.2122357487678528 10.85971353203058 0 87.63577219098806 1.218781523406506 0.7489632964134216 0.6716587245464325 1.548093788325787 0.6292718052864075
132.3136071562767 1138.467049956322 4402.160018481314 36.66530510038137 1862.467617854476 3.518133372068405 169.7182818502188 977.9138846546412 5685.141961656511 13.74494361132383 0 24.73055060207844 1554.133992411196 5760.85279558599 133.9544136151671 97.88001163303852 12.42643015831709 6.002936765551567 2.773206405341625 61.20034047216177 78.21796001493931 0 14.7206996679306 2.305867493152618 3.088019534945488 6.932489730417728 12.35541857779026 1.878807216882706 1.027160778641701 0.7860838249325752 814.2450162917376 304.7837070897222 20.05393895506859 2.630779407918453 20.58102571964264 4.235965549945831 120.6333645060658 6.394250705838203 0.7999127209186554 2.97087911516428 45.61972561478615 3.709295526146889 26.27947813272476 9.527305319905281 6.323534026741982 5.368952624499798 212.6651734933257 24.64419530332088 11.08526879549026 25.86929093301296 9.710089862346649 0.3482527956366539 0 1.952195577323437 4.04448776692152 12.60348869860172 15.35935889184475 271.4924493730068 22.13465014100075 68.17543213069439 22.91067013889551 30.29613772034645 2.467028364539146 150.2952356338501 11.05236104875803 8.084337040781975 3.320029713213444 43.70437525957823 58.32547871768475 154.3173371478915 12.45295757055283 0.5343740284442902 0 218.1890051662922 199.568136960268 283.5053462311625 144.0999309122562 64.11230389028788 366.0276098996401 2053.409890346229 75.61208146810532 254.2106309458613 22.56264710426331 0 6.679548896849155 5.949620574712753 26.28005861490965 0.1168757006525993 1.60993155092001 0.4326600059866905 2.062328651547432 0.8519888892769814 46.88024641573429 7.123674340546131 7.607507981359959 2.841922670602798 0.8975809365510941 0 0.1233820840716362 90.31469836086035 0 0 0 0 0 0 0 0 0.8088877201080322 0.3895548582077026 0 0.1692102551460266 0.3522592335939407 0.3044328391551971 1.298211552202702 0.3785959482192993 0.300164133310318 0 0.1580132991075516 0.1351575404405594 0 0 0 0.2597835808992386 0.8286686390638351 0.2159124314785004 0 0.2032470405101776 0.1331610679626465 0 0 0.2540820017457008 0.2785945385694504 0 0 0.4695122838020325 0 0 0 1.062676921486855 0 0.356264129281044 1.872959911823273 0 0.2430371642112732 0 0 0 0 0 0 0.2948868572711945 0 0 0 0.1368193328380585 0.1418704688549042 1.101198121905327 0 0 0 0 0 0 0 0 0.4149765074253082 0 0 0 0 0.1970158517360687 0 0.09237606823444366 0.1154565885663033 0.2627434879541397 1.117118835449219 0.2150951772928238 0 0.253391832113266 0.2540397346019745 0.5856364518404007 0 0.1644662171602249 0.1669327169656754 0 0.5623220205307007 0 0.171240895986557 0 0 0 0.1893284991383553 0.7189850881695747 0 0.1170130670070648 0.1316027045249939 0.775506004691124 0 1.000598669052124 249.7504747882485 46.71510410308838 321.3420353978872 68.05343861877918 49.38705737143755 35.65512505173683 3.428831912577152 56.10954042524099 4.373089261353016 0.4561576694250107 0.4989708364009857 0.180321142077446 2.689989998936653 0 0 1.434796378016472 8.274100698530674 2.750082328915596
162.3137237951159 24.70466973632574 10.63427467644215 1252.421123847365 15.48389649391174 215.8642733842134 82.33755160868168 2.99525959789753 15.09607027471066 2867.635999709368 24.73055060207844 0 3892.902381807566 107.0014778599143 67.59049436450005 60.59949694573879 3.560057088732719 1.281833797693253 0.1725572943687439 2.486050575971603 4.460625365376472 0.4997541755437851 0.6205544918775558 0 0.4110247790813446 0.8622282147407532 0 0.948695570230484 0.7410394698381424 0 16.25630259513855 1.230077654123306 20.32159772515297 0 0.4667574018239975 0.4227816015481949 356.3096866607666 3.133761778473854 3.621331378817558 2.721401140093803 3.657178483903408 2.600615203380585 2.39975206553936 6.355439215898514 0.3265039175748825 0.8734308332204819 72.56251338124275 5.819743491709232 1.483058869838715 1.362023368477821 4.742493815720081 0.5686262995004654 0.3354697823524475 1.479578271508217 1.361548490822315 4.380795933306217 7.686219520866871 50.56779968738556 8.519230596721172 12.51931498199701 1.839871600270271 2.03383494913578 0.7242740988731384 5.143270812928677 3.355230450630188 2.178929336369038 0.7622600942850113 7.469514891505241 5.847522497177124 11.14956218004227 242.8066954761744 77.55188111960888 0.4334034025669098 67.69987240433693 28.74396176636219 73.02970317751169 27.41708363592625 9.657452583312988 0.9936696290969849 38.4327806532383 2.220716089010239 4.321601763367653 7.780354328453541 0.08299084007740021 2.285436227917671 2.358395472168922 3.963195770978928 0.8529631346464157 0.9271007925271988 1.175680160522461 0.4941855669021606 0.591274157166481 6.930064499378204 2.741335578262806 5.121558681130409 2899.319171950221 79.92417198419571 0 5.057844996452332 123.0464429706335 1.532675385475159 1.492333814501762 3.423110246658325 2.624604262411594 15.62070398032665 28.91888442635536 35.91844475269318 7.665262416005135 76.67575679719448 49.60435207188129 24.42554096877575 132.077249288559 151.7538338154554 105.4246986955404 66.37256610393524 2.162747979164124 4.621996030211449 0 1.246263265609741 0 0 0 0 0 0 0.8268032968044281 0 0 0 0 0.1541579365730286 1.041435718536377 0.4835511445999146 0.2074478566646576 10.35133610665798 18.14764273166656 0.1803822666406631 0.243357926607132 0.3523620367050171 120.4327092766762 2.995509788393974 38.5791881531477 16.00722289085388 0.7784589231014252 0.153900533914566 0 0 1.913121342658997 4.213332310318947 0.9296275526285172 0 0.5256790816783905 9.647351801395416 0.4842924475669861 0.3777762353420258 0.1608858108520508 1.315579026937485 0 0 1.112132094800472 0.107862576842308 0.8361892551183701 4.499632686376572 0.7794460654258728 1.81301087141037 1.58914615213871 45.50428971648216 2.876947343349457 0.9825199842453003 0.1213965639472008 0 0 0 0 0 0.170468658208847 186.2995019555092 15.62756554782391 0 0 0.3981460630893707 43.88401556015015 4.259294375777245 7.915603116154671 10.58489380776882 16.96058090776205 14.30027092993259 1.854908972978592 4.921187475323677 0 0 0 0 0.291132427752018 0.1655220538377762 0 0 74.31546878814697 24.42285951972008 58.07188202440739 357.4749025776982 20.19021619856358 164.8755263537169 40.20033431053162 509.7168738618493 16.92388240993023 1.968888431787491 66.84286569058895 45.70069354772568 1.669921085238457 20.81952844560146 1.274986892938614 127.083091057837 2.559024587273598 0.2483189851045609 4.710985392332077 4.514243721961975 0.7558156400918961
468.5860349237919 912.4120438918471 328.5035202503204 2226.743050731719 568.9957384392619 225.976933375001 2796.031981922686 89.45802891999483 3207.664798617363 7754.589716814458 1554.133992411196 3892.902381807566 0 3258.806752622128 451.8363595828414 293.1439702734351 19.93984843045473 8.464713245630264 3.808600008487701 31.44533411413431 35.96091206371784 0.3437334299087524 3.786226011812687 0.8537312597036362 1.630376972258091 9.359543114900589 3.473977766931057 7.707113452255726 2.443637020885944 0.5887512266635895 193.972247928381 37.61841003596783 913.2612425982952 2.638744547963142 8.841585896909237 0.826651930809021 883.552056401968 45.97868478298187 25.0927612259984 100.8988186940551 32.74453396350145 18.34986022859812 15.31185356527567 31.25806546956301 7.252639435231686 7.930744767189026 502.3612475022674 30.22383496910334 7.346482016146183 20.29221384972334 19.49521973729134 1.870619848370552 0.3387548327445984 10.01579084247351 6.527486473321915 26.1376416310668 22.34325427561998 182.684140868485 38.6837360560894 102.8191379308701 18.12052564322948 43.10056354105473 5.902302153408527 90.15505596250296 19.46836424618959 12.99008034169674 6.39622687548399 46.43611058592796 45.63003814965487 95.44120266288519 508.8897259682417 86.24763911962509 0.544809490442276 243.4664541557431 174.5951128304005 515.6422691270709 302.3889043703675 87.90588840842247 30.86809024959803 604.7795821875334 24.57952282577753 84.79118030518293 36.23950596153736 0.3019778206944466 13.50977056473494 12.29730253666639 25.83734183758497 0.6163850128650665 5.305610708892345 1.441219888627529 6.497831180691719 3.163160040974617 36.91089955717325 17.78514380007982 26.53786282986403 2878.151353687048 52.71963092684746 0.2888108789920807 5.130677908658981 198.8897884637117 3.333094745874405 3.746429786086082 1.463578134775162 3.18752546608448 15.75272189080715 39.68603800237179 54.35644619166851 14.114089012146 160.3718334808946 97.51515209674835 42.33476667106152 249.6130907312036 255.0292574465275 174.0739120543003 107.1960190832615 7.327948614954948 12.89161437004805 0 1.855643406510353 0 0 0.2063009142875671 0.8892601728439331 0 0.3118198812007904 0.5282230973243713 0.4451790750026703 0.414158046245575 0.2872307300567627 2.139003351330757 0.3123250752687454 6.323091611266136 1.378567926585674 0.1994475871324539 14.71639551967382 34.90864551067352 0.6124581396579742 1.475536480545998 0.5360318720340729 207.8348030745983 6.063549101352692 88.15951027721167 33.68966998159885 3.125051736831665 0 0.4973680078983307 0.6629832535982132 2.205961465835571 9.190430864691734 1.094376251101494 0.1883674263954163 12.21200799942017 22.56170155107975 1.574677087366581 0.4768510758876801 1.368664741516113 5.966273739933968 3.749649710953236 0 0.6085000485181808 0.2829404771327972 1.394392520189285 6.759797535836697 0 2.325692147016525 3.68582609295845 81.12692382931709 5.419713899493217 1.509634904563427 0.8069577664136887 0 0.19155652821064 0.172493651509285 0 0.1254316419363022 2.118892937898636 340.9939312636852 27.54542547464371 0 1.0333286896348 2.528981633484364 79.08067417144775 9.929718911647797 15.29535952210426 14.83774296194315 24.99177681654692 26.45444653183222 5.660290867090225 15.97561549395323 0.4166761338710785 0 0.2875176072120667 0 0.672638326883316 0.2904690951108932 0.1279178410768509 0.2096589356660843 129.5847372412682 38.01937687397003 127.0372395440936 1432.84678953886 166.4867100790143 915.3645493462682 241.3966931402683 725.8767322599888 123.8142782077193 10.81702025234699 277.7171312198043 111.5397146046162 2.571768701076508 41.24529279023409 3.064758501946926 239.3774264827371 6.324297897517681 0 9.651324242353439 30.38632503896952 9.602961242198944
