0 2427.549983404577 261.0789360255003 769.1967096179724 195.4011747911572 260.5712458342314 2228.156892061234 45.02753309160471 109.9888959154487 587.2414012104273 94.57612278312445 22.38383577764034 106.0794593095779 148.0080664232373 4.236730597913265 0.5140072628855705 0.2633459568023682 0 0 0 0.178285151720047 0.2104968726634979 0 0 0 0 0 0 0 0 402.256479844451 6.146924614906311 23.99344904720783 0.297198161482811 0 0 18.60864642262459 1.489079400897026 2.343176186084747 0 0.09225156158208847 0 0 0.2556844651699066 0 0.1341558694839478 20.77127184718847 0.8406203538179398 0 0.1049364730715752 0.1073693558573723 0 0 0.2100856751203537 1.23618371784687 2.757456503808498 153.4633275270462 1201.916619777679 45.00743474811316 23.37204209715128 0 7.158669531345367 0.1614374220371246 37.63865683227777 1.662602618336678 1.208175919950008 0.0708329975605011 0.1826369687914848 0.8524988666176796 0.2621993720531464 23.04100894927979 6.422479152679443 0 97.49211414158344 89.02812733501196 65.73347770422697 8.310201771557331 0.5173099860548973 3.579064697027206 50.95466010272503 0.8839519843459129 12.97562233358622 7.156580425798893 0.2602873370051384 0.7357400134205818 1.635723233222961 0 0 0.2636494040489197 0 0 0 0.07045754790306091 0 0 101.8898605108261 12.03948085010052 0 3.847305297851562 707.0734791010618 2.643547862768173 0.3270931541919708 0.9225266575813293 0.2163685113191605 1.056406319141388 6.053863286972046 0 2.873061165213585 37.99557976424694 2.737210229039192 0.693973183631897 9.209640756249428 3.655023023486137 4.559427663683891 3.051904618740082 0.4048738777637482 0.1576074212789536 0.6910143494606018 0 0 0 0 0 0 0 0 0 0 0 0 0 0 0 0 1.186995312571526 0.7946746349334717 0 0 0 1.960940852761269 0 2.99430276453495 1.146337494254112 0 0 0 0 0 0 0 0 0.9463177174329758 2.124952420592308 0 0 0 0 0 0 0 0 0.2468539774417877 2.623432993888855 0 0 0.8314713835716248 5.33775295317173 1.591345876455307 0 0 0 0 0 0 0 0 9.050228282809258 0 0 0 0 1.564728394150734 2.066150486469269 0.3746168911457062 0.8431853502988815 2.195755615830421 0.1639232188463211 1.786789029836655 0 0 0.09663574397563934 0 0 0 0 0 0 2.299653977155685 0.3769100904464722 3.807654812932014 82.57658302038908 5.868086248636246 71.74707499146461 14.59591110795736 1087.390481770039 104.7317775785923 4.118735194206238 63.24836730211973 4.299892768263817 0 5.938556008040905 0.2637890800833702 1.600983962416649 1.051917180418968 0.1375892609357834 1.410041436553001 0.1702899932861328 0
2427.549983404577 0 3181.95484495908 237.1192169189453 5236.891887806356 256.9212445020676 4885.221859380603 607.5345685258508 3492.314869508147 423.5798094347119 2193.050181254745 20.59689151495695 221.8173092529178 660.5683950483799 17.07400120049715 9.458131402730942 0.09651444107294083 0.1066167801618576 0.1047589629888535 0.4054323136806488 0 0 1.661051735281944 0.434110164642334 0.5983709245920181 0.9843440651893616 0.1599113643169403 0 0 0 3159.408536575735 103.9263711720705 120.322831094265 3.40046252310276 2.858905106782913 3.485647544264793 18.3290022611618 0.5407557189464569 3.337133795022964 2.191866844892502 0.3862888962030411 0.497512087225914 0.6958523392677307 2.698729023337364 0.3146785944700241 1.751144208014011 55.4414242580533 0.7868869602680206 0 0.1176910847425461 0.2976347729563713 0 0.1886507421731949 0 1.407529518008232 2.673351846635342 55.0987496227026 924.2276388928294 27.82923913002014 21.61784905940294 2.297824703156948 8.306683458387852 3.234190240502357 112.9894073158503 1.289198063313961 1.092519126832485 0.6075171679258347 0.5901247039437294 2.41581155359745 3.511089630424976 10.73706617951393 0.6493731290102005 0 63.89638338238001 131.7610138133168 62.73588342219591 56.75616490840912 14.09524440765381 67.55712807178497 368.2023938819766 10.07880651950836 105.1991469189525 7.045899137854576 0.1569925099611282 0.9216057732701302 1.87029242515564 0.3632651045918465 0 0.06867732107639313 0 0 0 0.6061720848083496 0.6604460328817368 0 81.08407767117023 4.272164225578308 0 0.8665634095668793 705.0009836927056 0.5401535406708717 0.3487200886011124 2.164552301168442 0 0.8924946784973145 4.768269598484039 0 3.653523430228233 75.94970632344484 3.577670738101006 1.72142705321312 12.91546422243118 5.609986834228039 3.777223266661167 1.984364256262779 0 0 0 0 0 0 0 0 0 0 0 0 0 0 0 0 0 0 0 1.212018609046936 0.1222229450941086 0 0.153230145573616 0 1.204370632767677 0 0.568587563931942 0.6772930771112442 0.1828790903091431 0 0 0.4166097044944763 0 0.2900363206863403 0 0 0.4539443552494049 1.506791986525059 0 0 0 0 0 0 0 0.07936342060565948 0.4171389937400818 0.3595676571130753 0 0 0.1971681267023087 2.792541190981865 0.4629210084676743 0.09174488484859467 0 0 0 0 0 0 0 2.335433565080166 0.2438745349645615 0 0.1307761967182159 0 0.2824051976203918 1.408037163317204 0.2095218002796173 0.7882889732718468 2.739992842078209 0.9195942953228951 0.2368665039539337 0.1427379101514816 0 0 0 0 0.08318822830915451 0 0 0 2.384835556149483 0.6941408812999725 1.390133365988731 158.1097706705332 9.510460242629051 91.38565416634083 26.38744466006756 440.3973829895258 80.99691785871983 5.29052546620369 100.7207116410136 3.720980480313301 0 5.695748969912529 0.3185049220919609 0.9539841860532761 0.5015372335910797 0.2850326150655746 4.244497463107109 2.739645540714264 0.6336947679519653
261.0789360255003 3181.95484495908 0 0.3891366273164749 1389.449428647757 5.699613183736801 272.910379961133 1162.540573954582 1911.329705953598 40.28880832344294 2900.850380539894 54.38307863473892 69.23785912245512 441.1860100701451 12.4448114708066 8.861246757209301 4.446916788816452 0.2365741431713104 0.4144679978489876 2.411285862326622 1.707567438483238 0 3.750854849815369 0.5868905186653137 2.129500642418861 0.7640699446201324 0.2687586098909378 0.1784200817346573 0.2654519081115723 0 3225.756259433925 1064.637439489365 130.5423875004053 15.36401582509279 8.658674493432045 7.753782086074352 22.65697069466114 2.846036478877068 5.554496377706528 4.516381293535233 1.036985531449318 2.344630807638168 5.636190257966518 15.93801954388618 1.812249526381493 14.78655254840851 38.85774233192205 3.056351386010647 2.227907761931419 2.089072622358799 0.5937383696436882 0 0 0.3704081326723099 0.110586129128933 1.02153255045414 12.4827074855566 443.738627627492 5.725065343081951 5.732131399214268 9.980356946587563 28.34112741053104 8.035637326538563 332.7942173406482 0.4589524120092392 0.5701930001378059 0.8070855364203453 2.11275839060545 20.73430518060923 22.47811774909496 10.72711990773678 0.5646388232707977 0 12.5595670118928 62.36356370151043 27.94536799192429 63.61092559248209 50.01021333783865 487.0812058076262 915.5590228587389 143.6293195560575 988.7204031348228 2.368864513933659 0 0.3139194697141647 1.08310566842556 4.02950181812048 0 0.4037900120019913 0.1452965438365936 0.1091502904891968 0.1394474804401398 4.523064985871315 0.5323334634304047 0.1704978793859482 67.5380402803421 3.070455595850945 0.2239483445882797 2.982238993048668 103.5838305801153 1.49325455725193 0.1740265041589737 0 0.7388171553611755 1.639627188444138 2.437377162277699 0.3606351613998413 3.471557885408401 5.122873932123184 2.265278071165085 1.252299323678017 13.36303193867207 5.115484789013863 6.623829305171967 2.656552210450172 0.2028789967298508 0 0 0 0 0 0 0 0 0 0.2486075311899185 0 0 0 0 0.5038729757070541 0 0 0 1.008608378469944 0.4842291176319122 0 0.6219631880521774 0 0.8758485913276672 0.1452571153640747 0.1218937933444977 1.915844023227692 0.112790159881115 0 0.2607965618371964 0 0 0 0 0 0.1255578398704529 2.042364880442619 0 0.1183805465698242 0 0 0.2007458955049515 0 0 0 0.5220042318105698 0.7326547428965569 0 0 0.1316936910152435 1.2282904535532 0.3914443552494049 0.2095671147108078 0 0 0 0 0 0 0 3.321448273956776 0 0 0 0 0.2989671677350998 0.335705429315567 0.9021903872489929 0.7718269899487495 3.041375987231731 0.8395938128232956 0 0.4848167449235916 0.1047123074531555 0 0 0 0 0 0 0 2.614288955926895 0.1789277493953705 1.867348961532116 161.7397899180651 7.054937317967415 53.02459564805031 17.38564871996641 75.13709539175034 30.12261990457773 2.439738787710667 67.068752810359 3.28807620704174 0 4.691070437431335 0.244589664041996 1.097326755523682 0 0 4.62518022954464 3.685810729861259 0.2400572896003723
769.1967096179724 237.1192169189453 0.3891366273164749 0 26.23768076300621 134.0593299269676 2048.898226082325 1.913322553038597 210.104716911912 739.3139252364635 3.623799785971642 41.63894946873188 600.1387546807528 571.5070203989744 0.8212208226323128 0.526009127497673 0 0 0 0 0 0 0 0 0 0 0 0 0.3225061595439911 0 51.29408536106348 2.315252363681793 2.329717606306076 0 0 0 0.1300128847360611 0 0.684412956237793 0 0 0 0 0 0 0 5.693660244345665 0.1821900308132172 0 0 0 0 0 0 0 0 1.785976983606815 32.09419595450163 1.920504420995712 1.431473776698112 0 0 0 7.512371145188808 0 0.09350544959306717 0 0 0 0 1.577481508255005 0 0 2.677985116839409 9.38604212552309 3.379783563315868 5.037991940975189 0 0.2515506148338318 1.410786002874374 0 0.2648659199476242 0.4316032379865646 0.08626799285411835 0 0.2313025593757629 0 0 0 0 0 0 0 0 0 73.84560550749302 0 0 0 19.14848552644253 0 0 1.076109692454338 0 0.6493574380874634 2.014604568481445 0.4428174197673798 3.262333780527115 37.75379818677902 1.014318972826004 0.3554191887378693 7.836328566074371 4.892152324318886 1.644012033939362 0.973431184887886 0 0 0 0 0 0 0 0 0 0 0 0 0 0 0 0 0 0 0 0.1189323961734772 0 0.1795009970664978 0 0 0 0 0 0 0 0 0 0 0 0 0 0 0 0.9040185064077377 0 0 0 0 0 0 0 0 0 0.1035870164632797 0 0 0 0 0 0 0.09236888587474823 0 0 0 0 0 0 0.3812733292579651 0 0 0 0 0 0 0 0.5686332061886787 0.7757079154253006 0.1499365866184235 0 0 0 0 0 0 0 0 0 0 2.931652396917343 0 0 35.77588627487421 1.293686524033546 10.81961713731289 3.019761145114899 139.4694148823619 8.378246463835239 0.552189014852047 10.94525162875652 0.401184469461441 0 1.110795803368092 0 0.1770332008600235 0 0 0.5077535510063171 0 0
195.4011747911572 5236.891887806356 1389.449428647757 26.23768076300621 0 12.65227696299553 6744.195794887841 164.0903563722968 6796.371955573559 144.3223001584411 1076.252386301756 17.08136818557978 40.68672781437635 160.28621083498 37.97739428281784 13.67279229313135 0.2514895051717758 0.1061333194375038 0 0.4111633449792862 0.9263782575726509 0 0.2539471089839935 0.3748089149594307 0.3889896050095558 1.114428848028183 0.3194621354341507 0 0.1580817699432373 0 833.7343564629555 197.1720734834671 23.88934788107872 0 0.8262470886111259 1.131910443305969 2.988438673317432 0.4285771995782852 1.433088280260563 1.16856861114502 0.1117631569504738 0.4354845434427261 0 2.166669502854347 0.09895574301481247 0.9781538844108582 136.0638205036521 3.85645055770874 0.2850740626454353 0.1601272821426392 0.6820253729820251 0 0 0.1350105404853821 1.942551136016846 4.692327819764614 8.921370327472687 193.7394059002399 16.21648076176643 25.83237414062023 1.444484703242779 2.747743055224419 0.244959220290184 184.441263101995 3.452973403036594 1.837640594691038 2.067790389060974 0.7925963178277016 0.6500780805945396 0.7413878813385963 1.332064837217331 0.3500974327325821 0 30.20489210635424 112.7825241312385 85.92628979682922 125.387894615531 27.56746818125248 12.22089312970638 35.8858942091465 2.94443853199482 10.19337475299835 13.1214432194829 0.395561546087265 1.74546966701746 3.311493098735809 0.5476726666092873 0 0.2646684274077415 0 0 0 0.1254701465368271 0.1385957002639771 0.2149212062358856 63.68232864886522 0 0 0.4798967391252518 30.82003443688154 0.128854900598526 0.3223441541194916 0.9805383086204529 0.519625186920166 1.41593562066555 3.345291003584862 0 6.075055845081806 6.035491138696671 4.004545591771603 1.666678607463837 18.90794664621353 6.877620287239552 6.258360601961613 1.102631293237209 0 0 0 0 0 0 0 0 0 0 0 0 0 0 0 0 0 0 0 1.505064249038696 0.3784123584628105 0 0 0 0.8242178559303284 0 1.330361045897007 0.2337796166539192 0 0 0 0 0 0 0 0 0.5144031420350075 1.754099868237972 0 0 0 0 0 0.2162356600165367 0 0 0 0.5098589956760406 0 0.1895656883716583 0 0.1185116469860077 0.2778395637869835 0.2979731112718582 0 0 0 0 0 0.134815514087677 0 3.527317851781845 0.1593083590269089 0 0 0 0.7278000861406326 0 0.1292721629142761 1.519614115357399 2.482277929782867 0.493505097925663 0.09690558910369873 0.3133288323879242 0 0.06541033834218979 0 0 0 0.07740569859743118 0 0 2.895219638943672 0.1976924985647202 0.1857119500637054 308.7435349673033 15.69931207597256 199.2320112027228 63.77548085898161 346.7952353060246 119.4094685390592 10.40712326020002 174.2965745180845 5.634012974798679 0.3089228644967079 3.271104782819748 0.3245778679847717 0 0.4872405976057053 0.500849649310112 7.21224744617939 6.697558626532555 0.5382330417633057
260.5712458342314 256.9212445020676 5.699613183736801 134.0593299269676 12.65227696299553 0 216.1525193825364 3.780811548233032 21.71796528995037 549.4937272965908 6.003642335534096 95.0634647756815 113.16080917418 48.03010354936123 0 0.1649584472179413 0 0 0 0 0 0.7881148606538773 0 0 0 0 0 0 0 0 70.45202221721411 0.4209627658128738 14.40643405914307 0 0 0 12.59577529132366 0.4909931123256683 0.1785570532083511 0.6163893938064575 0 0 0 0 0 0 0.9387936145067215 0.1081802845001221 0 0 0 1.595484107732773 0.2325085997581482 0 0 0 31.17174927145243 33.47759706526995 0.7101348116993904 1.49401056021452 0 1.524625778198242 0 2.585466250777245 0 0 0 0 0 0 127.490695387125 77.87728202342987 0.6385263651609421 2.881721444427967 4.051840305328369 2.089799799025059 1.170699775218964 0 0 3.567470163106918 0.1565931141376495 1.388956934213638 0 0 0 0.09938706457614899 0 0.1688876450061798 0 1.208696499466896 0 0 0 0 0 284.8961665928364 44.2826866209507 2.661406517028809 7.720125794410706 509.2282542586327 0.3071489036083221 0 0 0 0.2647935450077057 1.370094627141953 0 1.601836740970612 7.110310047864914 2.177850261330605 1.466462373733521 4.611076295375824 1.25766783952713 0.8644797205924988 0 0 0 0 0 0 0 0 0 0 0.541008472442627 0 0.5518178343772888 0 0.2601324021816254 0.1859650909900665 0.2456563264131546 0 1.144544750452042 0 0.1698345839977264 0 0 0 0 0 0 0.4537096917629242 0.232829824090004 0 0.2601838111877441 0 0 0 0 0 0 0 0 0 0 0 0 0 0 0 0 0.3242888748645782 0 0 0 0 0.1370759308338165 0.2005974948406219 0 0 0 0 0 0 0 0 0 1.183379977941513 0 0 0 0 0 0 0.4674493968486786 0.6741166263818741 0 0 0 0 0 0 0 0 0 0 0 0 0 0 2.24324244260788 0 2.478488117456436 0.4907857179641724 299.5108817070723 3.307277403771877 0.1428920775651932 3.970982193946838 0 0 0.1761898249387741 0 1.415313601493835 0 0 0 0 0
2228.156892061234 4885.221859380603 272.910379961133 2048.898226082325 6744.195794887841 216.1525193825364 0 186.6323020160198 5481.310515522957 2142.410779751837 527.0593581572175 79.03894425928593 2074.178252466023 2513.487815827131 75.73209317028522 28.3566365018487 0.6739648804068565 0.2371748462319374 0 0.4382820874452591 0.9803618043661118 0 0.3275883868336678 0.1341916620731354 0.3484883978962898 2.397393867373466 0.09859158098697662 0.2835674285888672 1.481470003724098 0.1361601799726486 1558.64353838563 230.6352729797363 47.36616879701614 0.3409275040030479 0.2084772139787674 1.575632467865944 11.16894888132811 1.783702000975609 1.404513277113438 2.810142368078232 0.6510375514626503 0.5628755763173103 0.2574422508478165 4.651064537465572 0.7393038496375084 3.35592182725668 258.0346664190292 5.225613921880722 1.243002586066723 0.1047128885984421 0.4566785618662834 0.08741268515586853 0.1332663148641586 0.3713931888341904 3.253564946353436 10.49537940695882 32.69438093155622 647.8796546682715 40.6756442040205 61.08195329457521 2.088546678423882 4.896080389618874 1.173150010406971 343.7536535039544 7.093277297914028 3.688908811658621 1.954706959426403 2.345924705266953 1.513033926486969 2.687774889171124 17.68236765265465 1.295974314212799 0 95.17199365049601 286.8223067000508 178.3667167648673 261.079687140882 43.26935165375471 15.36759109050035 30.03825487941504 5.501526109874249 19.85477842390537 29.3363022506237 1.094654969871044 2.860706508159637 8.41522466391325 0.930973656475544 0.2295987978577614 0.4093647971749306 0 0.08360870182514191 0.2753217816352844 1.44991322606802 0.1386670172214508 0.5155125334858894 510.8835562616587 2.475465312600136 0 1.842742592096329 107.5546209588647 3.884228721261024 1.833908647298813 7.785508200526237 1.031478621065617 8.104314669966698 31.11946637183428 0.8590087443590164 32.37369121611118 35.92447652667761 19.11631542444229 7.934833072125912 96.98649334162474 34.34501773864031 28.96122556179762 6.36126084625721 0.8618743792176247 0 0 0.08226391673088074 0 0 0 0 0.2218200266361237 0.3381525278091431 0 0 0.2424649894237518 0.5034912377595901 0.251873791217804 0 0 0 0 5.937716044485569 0.811070553958416 0 0 0 1.495031900703907 0 3.425746314227581 0.5068386495113373 0.2880382910370827 0.3301924467086792 0 0 0.1607605963945389 0 0.1442854404449463 0.183692991733551 2.472704768180847 7.403641022741795 0 0 0 0 0.2535506784915924 0.1229367032647133 0 0 1.334588408470154 2.966494090855122 0 0 0.8951911330223083 3.673550501465797 3.253481023013592 0.6421323493123055 0.2858449518680573 0 0 0 0.302425242960453 0 0.1856778413057327 8.143421426415443 0 0 0 0.1446932405233383 1.632163882255554 1.032741777598858 0.5125736743211746 3.004857063293457 9.72307226806879 4.156403556466103 0.7279414013028145 1.020184874534607 0 0.1794997230172157 0 0 0 0 0 0 15.34726136922836 3.035981133580208 1.65622141957283 760.1735369861126 38.09568188339472 403.8022990375757 127.1991937831044 1115.270888961852 270.6464509516954 20.52424205094576 417.74405284971 15.2900567650795 1.761411771178246 14.71492732316256 2.678037509322166 3.964020028710365 2.384023644030094 1.031876929104328 19.43943705409765 17.83798702806234 4.65706405043602
45.02753309160471 607.5345685258508 1162.540573954582 1.913322553038597 164.0903563722968 3.780811548233032 186.6323020160198 0 1394.270129442215 42.59355200827122 2777.539617404342 85.22601207345724 126.8114406242967 426.162496753037 16.69874503463507 15.00865869224072 5.984883733093739 0.536630779504776 0.2181590795516968 1.565425232052803 0.9978639110922813 0 9.111737340688705 2.385142631828785 1.829760998487473 0.4555869400501251 0.1808347702026367 0.2642121016979218 0.1536632776260376 0 535.1611711159348 964.9407417699695 149.7038770094514 19.71931707113981 11.63571065664291 8.796512417495251 24.0884238705039 3.589665099978447 6.079487234354019 7.917281404137611 3.286995507776737 2.666311785578728 6.844883598387241 27.22767244279385 3.344810202717781 22.27433332055807 45.59692692756653 3.188148513436317 3.176500514149666 4.159510873258114 1.474580213427544 0 0.3042677342891693 0.7811306416988373 0.2681146711111069 0.6736626699566841 3.603585846722126 57.68934976309538 4.579396069049835 5.432307437062263 17.40329990535975 46.19741686433554 13.13839050382376 70.94096703082323 0.32625437900424 0.765055924654007 0.2655322775244713 3.624930679798126 29.09055735170841 27.99546853452921 12.74799881130457 0.2078798413276672 0 8.727348476648331 28.92815963178873 27.19874978065491 105.2598659023643 460.1889661327004 1703.880913637578 1541.166794851422 301.3528204113245 1546.309309080243 2.729054071009159 0.1687566936016083 0.3363569751381874 0.9132325723767281 4.342126928269863 0.08265074342489243 0.2201296091079712 0.6122438907623291 0.151554137468338 0.3637491390109062 7.519883587956429 0.1996507346630096 0.4149044156074524 158.0778262391686 4.521639466285706 0 3.672858864068985 18.34908472001553 2.651652559638023 0.703789085149765 2.319217279553413 0 1.32502056658268 7.167793497443199 0 10.17583911120892 3.769843980669975 4.025271266698837 3.810563832521439 28.79408023506403 10.00689241290092 12.87469203770161 4.013962671160698 0.2843455374240875 0 0 0 0 0 0 0 0 0 0 0 0 0 0 0 0 0 0 1.70822486281395 0.2311550080776215 0 0.647787056863308 0 1.260322272777557 0.2925112918019295 1.103944912552834 2.183538317680359 0.2910077497363091 0 0.2019728422164917 0.1159365177154541 0 0 0 0 0.5469581186771393 2.649828568100929 0.1389603614807129 0 0.2184337228536606 0 0.4075909554958344 0 0 0 0 0.5879372507333755 0 0 0.6560880690813065 3.752720460295677 1.50128373503685 0.1798241883516312 0 0 0 0 0 0 0 3.904908962547779 0.5595484524965286 0 0.1107464805245399 0 0.6895378455519676 0.5838524252176285 0.5785597413778305 1.856846697628498 4.270862363278866 1.667653501033783 0.1834970861673355 0 0.2076751515269279 0 0 0 0 0 0 0 3.862797483801842 0.4784130305051804 2.077000938355923 281.9190953597426 9.696870349347591 72.83299104124308 28.64478313177824 93.21222433447838 36.91786976158619 3.417376160621643 90.69826958328485 6.083163060247898 0.1003296002745628 9.818614527583122 0.4927184656262398 1.168309018015862 0.5032413750886917 0 3.626018494367599 6.699204176664352 1.47284884750843
109.9888959154487 3492.314869508147 1911.329705953598 210.104716911912 6796.371955573559 21.71796528995037 5481.310515522957 1394.270129442215 0 781.6719034165144 4863.041913181543 149.4122550934553 1956.521281816065 2081.772268734872 39.91773962974548 27.52742930501699 0.6276119202375412 0.2574715316295624 0 0.493558406829834 0.2557279542088509 0 0 0.161524698138237 0.7585199028253555 0.8843316584825516 0.2037261575460434 0.2948324382305145 0.7733890414237976 0 283.6197841987014 175.0091130509973 186.6442929506302 1.401633717119694 2.658705353736877 2.417687892913818 24.90258860588074 0.7150738388299942 1.610404789447784 1.879672609269619 0.2464537024497986 0.2673609033226967 0.3000618070363998 1.699927821755409 0.2611338496208191 2.347315087914467 122.6240593492985 1.972155466675758 0.397982157766819 0 0.678185373544693 0 0.1605987101793289 0 0.9710020273923874 3.293976724147797 4.120179265737534 63.55763305723667 7.776604890823364 18.62552943080664 1.281576745212078 5.821591503918171 2.255409151315689 121.2540835365653 1.826476309448481 0.7557177282869816 1.528698153793812 0.5980708971619606 1.07767865806818 1.828319527208805 23.06897570192814 0.6174392998218536 0 19.92536017298698 69.4790918380022 74.7830957993865 153.6837526634336 31.40068623423576 23.97092135995626 188.0238404124975 5.031629882752895 34.3570828139782 9.092950694262981 0.2268531322479248 0.9600632861256599 2.527318380773067 0.3207990154623985 0.2581889778375626 0.2525152564048767 0 0 0 0.1522394269704819 0.4750079289078712 0.3245299011468887 332.7659962549806 2.529947265982628 0 0.1667417734861374 7.65895102918148 3.033147640526295 0.7913641706109047 2.473715953528881 0.1226157024502754 4.253046952188015 15.65329524129629 0.2694372534751892 19.89705194532871 42.20562697947025 12.47716782987118 5.373752519488335 69.74414903670549 19.4107711315155 21.75209621340036 8.224970556795597 0.1443061083555222 0 0 0 0 0 0 0 0 0 0 0 0 0 0 0 0 0 0 6.134172812104225 1.185639023780823 0 0 0 0 0 0.4652636051177979 0.2746052816510201 0 0 0 0.2789232730865479 0 0 0 0 0.656983494758606 5.173298984766006 0 0 0 0 0 0 0 0 0.1243516653776169 2.797391273081303 0 0 0.1616651713848114 3.428820572793484 2.624899327754974 0.3380304798483849 0.1643474847078323 0.1278035640716553 0.108382448554039 0.1142492368817329 0.1176523491740227 0 0 6.990205973386765 0.4142963141202927 0 0 0 0.8778528869152069 0.1858704090118408 0.4124036133289337 2.604891017079353 8.30564983189106 1.07523400336504 0.1727243065834045 0.595551036298275 0.09539299458265305 0 0 0 0 0 0 0 8.990838915109634 0.9987954944372177 0.8369037508964539 416.870569974184 14.85839207470417 164.0750181823969 49.474544018507 218.583794772625 95.57527223974466 5.935725301504135 178.7270572856069 9.440620377659798 0.5257673412561417 13.32908792048693 1.562737658619881 2.476334318518639 0.9634386971592903 0.6078971847891808 9.427684500813484 8.628986544907093 0.9284113496541977
587.2414012104273 423.5798094347119 40.28880832344294 739.3139252364635 144.3223001584411 549.4937272965908 2142.410779751837 42.59355200827122 781.6719034165144 0 60.06402680277824 908.892353951931 5939.492533445358 4305.639479376376 6.188509456813335 3.286580517888069 0.382551908493042 0 0 0 0 0 0 0.1482361406087875 0 0.562524750828743 0 0.5184898525476456 0 0 176.3683157861233 31.80192078649998 45.04108323156834 0 0.3007086217403412 0 15.29753644764423 1.082486867904663 2.59938183426857 0 0 0 0 0.4142922610044479 0 0.4137458503246307 26.12979719042778 0.2153373807668686 0 0 0 0 0 0 0.6206237152218819 0.4767330661416054 7.874993108212948 139.6999855488539 8.331572204828262 6.659880839288235 0.2632479965686798 6.972635641694069 0 41.51905766129494 0.6619458422064781 0.2470816001296043 0.2593737542629242 0.4061627089977264 0.4461694210767746 0.3085021078586578 39.13271988928318 2.970731735229492 0 18.06380389630795 49.44538626074791 19.47276182472706 29.74699679017067 4.174898527562618 2.757366716861725 18.40212246775627 1.375277169048786 3.96172721683979 2.348536401987076 0 0.1769833713769913 0.4211345613002777 0.2473898231983185 0 0 0 0 0 0 0 0 1443.220092892647 20.66799794137478 0 0.8454923033714294 268.2967808991671 13.20467507094145 7.183219060301781 11.85491573810577 1.902604550123215 14.83397221565247 55.29407674819231 0.936077356338501 66.30915728956461 118.4014907702804 43.0169510692358 14.66331428289413 199.8908548280597 55.30338299274445 70.49158637225628 20.43552175164223 1.422357708215714 0 0 0 0 0 0 0 0 0 0 0 0 0 0 0 0 0 0 13.28994269669056 2.869059443473816 0 0.5285504460334778 0 0.9541497975587845 0.4101225137710571 3.224720232188702 0 0 0 0 0 0.5429118871688843 0 0 0 4.728312760591507 20.32653203606606 0 0 0 0 0 0.1889240965247154 0.2074182108044624 0.1057708188891411 1.594120889902115 7.275640554726124 0.3083887994289398 0 0 9.489840716123581 6.608506217598915 0.7741432711482048 0.5009076371788979 0 0 0.3088162541389465 0.09678877890110016 0 0 9.884347498416901 0 0 0 0 5.467353507876396 2.641269952058792 1.157612681388855 5.488085836172104 21.68805767595768 7.574727945029736 2.100564882159233 2.353996336460114 0.2020619437098503 0.1964499950408936 0 0 0.08448086678981781 0.08141914010047913 0 0 24.33992348611355 2.574275463819504 1.651223212480545 405.5613339990377 2.587827540934086 68.0459403693676 15.92980939149857 1049.798056319356 46.98938233405352 0.7148432657122612 109.5414480790496 19.11681744456291 0.8555487915873528 37.11591570079327 3.441816568374634 10.08540567755699 1.066078409552574 0.1163110285997391 9.874157652258873 3.561855599284172 0
94.57612278312445 2193.050181254745 2900.850380539894 3.623799785971642 1076.252386301756 6.003642335534096 527.0593581572175 2777.539617404342 4863.041913181543 60.06402680277824 0 148.0063777118921 666.0705012828112 2367.532584041357 28.65950706601143 25.89657116681337 0.7015600204467773 0.3701231330633163 0 0.2832988649606705 1.92078210413456 0 6.282630145549774 1.364960938692093 2.181973822414875 0.4998353272676468 0 0 0.2291599959135056 0 523.5983774811029 804.1249936372042 735.7799105793238 11.80173654854298 8.722345724701881 12.61485756933689 96.33242163062096 11.5806718096137 9.11967521905899 5.437787264585495 1.118525326251984 0.4044957906007767 2.980789572000504 5.37404128909111 1.973320692777634 6.98675636947155 58.32422091811895 2.051570080220699 0.4368730187416077 0.7943776696920395 0.2599637284874916 0 0.3681085854768753 0.1753726601600647 0.7506263330578804 1.235684484243393 2.819476626813412 72.23020105063915 2.645113348960876 8.745520792901516 7.329052284359932 49.99998308718204 11.07235205173492 91.07674685120583 1.005994595587254 0.4134652502834797 0.5607557818293571 1.088990584015846 7.465266175568104 7.851881101727486 36.38028682023287 5.5932687073946 0 10.87705710530281 42.34036641567945 42.24984829127789 108.4936378449202 77.84291008114815 856.9679775461555 1562.958753474057 73.95308861136436 518.5815040618181 4.532241255044937 0.08001638948917389 0.5168887451291084 0.8583729416131973 0.9813773930072784 0.07728572189807892 0.09722205251455307 0.1731964498758316 0.135041743516922 0 1.640901014208794 0.4511817693710327 0.2266308218240738 276.372166454792 6.22381716966629 0 3.104825720191002 18.06514722853899 5.91705460101366 1.082257300615311 5.045051991939545 0 3.819494679570198 13.50319253653288 0.5490281581878662 17.43616164475679 9.465567596256733 10.37740859389305 5.318263038992882 55.75252994894981 24.4819879680872 25.4049814119935 5.322153672575951 0.9122214466333389 0.1153446808457375 0 0 0 0 0 0 0 0 0 0 0 0 0.2000923454761505 0 0 0 0 5.179184809327126 1.248841837048531 0 0 0 1.741684883832932 0 2.229860723018646 1.096559822559357 0.7505787760019302 0.1742934584617615 0 0 0.1231914758682251 0 0 0 2.290113680064678 6.81906496733427 0 0 0 0 0.1587949395179749 0.1883648559451103 0 0 0.3282597810029984 2.588007591664791 0 0 0.3517400771379471 3.787397414445877 2.096855141222477 0.3972950354218483 0.1100621968507767 0.1827495247125626 0.09833010286092758 0 0 0 0 9.550696939229965 0.1832132786512375 0 0 0 1.092950165271759 1.125779308378696 0.7219559699296951 4.024152524769306 7.973295129835606 3.067345574498177 1.043923169374466 1.436356201767921 0.1953907981514931 0 0 0 0 0 0 0 10.49929490685463 1.750521764159203 3.335738301277161 313.6620936244726 7.602166637778282 94.06586341559887 31.67233362793922 111.6094396933913 49.05377689003944 3.320577800273895 114.7139435559511 5.333144567906857 0.4416657537221909 13.80048600584269 1.121560648083687 3.911900080740452 2.032437868416309 0 6.424699425697327 5.416229099035263 1.920109301805496
22.38383577764034 20.59689151495695 54.38307863473892 41.63894946873188 17.08136818557978 95.0634647756815 79.03894425928593 85.22601207345724 149.4122550934553 908.892353951931 148.0063777118921 0 980.4213668853045 608.8120930790901 10.93897040933371 15.64899422228336 1.945388920605183 0 0 1.340815022587776 1.466794580221176 0.1838079839944839 3.355814516544342 1.673610329627991 1.639511495828629 0.3233636319637299 0.4141100645065308 0.3138371855020523 0 0 39.26480805873871 40.63372303545475 165.5885216668248 16.32870505750179 5.915285766124725 10.09530878067017 118.7179385125637 5.804116412997246 36.91140039265156 5.049710690975189 1.128148332238197 1.01173160970211 3.675031393766403 6.090694412589073 0.6922602206468582 7.771641224622726 23.49704147875309 0.1714772880077362 0 0.8691387623548508 0.3844072893261909 0.1904073655605316 1.050971955060959 0.4020008593797684 0.2726824805140495 0.9677261486649513 2.243909202516079 38.74668380618095 3.414649769663811 3.371207699179649 9.664255358278751 21.1326787173748 9.771525546908379 29.14636667072773 0.07355252653360367 0.2044758759438992 0.1151397079229355 0.5777095630764961 10.6811211630702 8.154982961714268 232.9516297131777 87.29715502262115 0 5.755919046700001 21.56437624245882 15.41387575864792 45.30709140747786 15.70901032537222 5.14061550796032 74.21380580961704 58.92037262767553 115.3889408558607 1.964612707495689 0.1014414429664612 0.1828671917319298 0.4202349483966827 1.042032554745674 0 0.1438957005739212 0 0.09696919471025467 0 2.446872606873512 0.6235507726669312 0.1146697178483009 1689.461146503687 195.7411527484655 0 9.471334427595139 5.613324090838432 10.1334817185998 2.042977601289749 7.652358494699001 0.9414902329444885 12.2628660351038 30.53338643908501 0.2716819643974304 37.12602535635233 30.38630226999521 23.00972014665604 13.66883387416601 146.9451451674104 63.94353076070547 70.94450934231281 33.53689578175545 2.720424547791481 0.215528205037117 0 0 0 0 0 0 0 0 0 0 0 0.1543420404195786 0 0 0 0 0 7.254030011594296 4.568172946572304 0 0.7830698564648628 0 8.020533680915833 0.2034416794776917 9.357975594699383 1.719206176698208 0.382154643535614 0 0 0 0.1957820504903793 0 0 0 6.450528793036938 21.40149068832397 0.2150615975260735 0 0 0 0 0.1229847222566605 0.1467838138341904 0.07867395132780075 2.018095038831234 7.850752666592598 0 0 0.5197698473930359 13.52805454283953 3.984165392816067 0.7486458122730255 0.3693438246846199 0.0848177969455719 0 0 0 0 0 52.23347467929125 1.47914020717144 0 0 0 4.026470772922039 2.269933834671974 2.724871039390564 8.312157712876797 19.8474672883749 4.876580260694027 1.131807178258896 2.44875455647707 0.2888543754816055 0.1745062917470932 0 0 0.416808694601059 0 0 0.08330830186605453 28.71154175698757 12.55045138299465 6.692263670265675 226.1115256100893 6.298688426613808 58.00668556243181 18.17682358622551 124.3794560357928 22.00909547507763 1.551703862845898 70.4947464466095 15.46538919955492 0.7284662425518036 40.06180570274591 1.606439732015133 8.02161405980587 3.119316212832928 0.1876598447561264 7.814029917120934 2.21550926566124 0
106.0794593095779 221.8173092529178 69.23785912245512 600.1387546807528 40.68672781437635 113.16080917418 2074.178252466023 126.8114406242967 1956.521281816065 5939.492533445358 666.0705012828112 980.4213668853045 0 6993.186606198549 27.27721582353115 27.44903790950775 2.67854929715395 1.22732388228178 0.4548190236091614 1.547011226415634 3.386483922600746 0.7911169975996017 5.947133108973503 2.025391906499863 25.49241914600134 2.687629558146 0.7381210625171661 1.22280815243721 0.1343193054199219 0 81.26901615411043 64.88196540623903 1892.572492584586 19.29204270243645 11.93709030747414 52.92828518152237 1206.476508066058 209.3655818104744 137.0148647204041 101.9811014682055 1.283327691257 0.3958803862333298 3.569270178675652 11.77067528665066 2.979879409074783 14.96895068138838 65.33316613733768 0.7840778455138206 1.156178504228592 1.871194750070572 0.4166231378912926 0.2783830314874649 3.528564497828484 0 0.4743901044130325 1.497881971299648 3.385475963354111 49.71830364316702 6.327989533543587 7.838375456631184 17.65293404459953 130.9977121427655 23.74789526313543 65.03762483596802 0.3254658952355385 0.3870667517185211 0.7558133378624916 0.6687591820955276 11.13517056405544 12.68566985428333 775.1852967664599 115.2900335490704 0 11.82836549729109 41.50296149402857 43.51066847145557 101.8041943460703 22.57333778589964 19.35121730715036 337.8316067531705 70.56526759266853 189.0883734300733 5.555645689368248 0.2544710710644722 0.1629432588815689 1.507058270275593 2.68817999958992 0 0 0.2276381403207779 0 0 2.701655231416225 0 0.4942984730005264 3005.805843621492 171.1244346797466 1.055280685424805 13.82697579264641 13.02163901925087 12.45241296291351 4.616466350853443 12.17700687050819 0.5097483992576599 16.54879663139582 43.63249735534191 1.981433287262917 53.6231561973691 98.99247269332409 31.38004671037197 21.91615904867649 194.317719630897 77.27295080572367 86.68415598571301 36.15588119626045 2.881582632660866 0.3699622005224228 0 0.2141301408410072 0 0 0 0 0.2368940263986588 0.407886415719986 0 0 0.197954073548317 0.2459585964679718 0.7903870940208435 0 0.1364772021770477 0 0.2373869717121124 14.00458662956953 6.258161842823029 0 1.379038795828819 0.1563435941934586 11.71955473721027 0 15.48999570310116 3.646353326737881 2.530418656766415 0 0 0 0.258679062128067 0.2576442435383797 0.1837619990110397 0.147158220410347 5.715508475899696 23.36634200811386 0.1804355680942535 0 0 1.513452872633934 0.3502737730741501 0.2775878086686134 0.2083232924342155 0.172137975692749 1.648665890097618 8.858334243297577 0.1565609574317932 0 0.8848062455654144 25.01862170547247 7.19150584936142 0.8919807896018028 0.8415731564164162 0 0 0 0 0 0.4598009958863258 76.12711383402348 3.796394243836403 0 0 0.6171949505805969 7.242525964975357 7.894969768822193 3.764201916754246 9.328730948269367 25.76552233099937 7.02007008343935 3.614027246832848 3.44008157402277 0.5099413692951202 0.1852531582117081 0 0 0.1092009693384171 0 0 0 47.41557366400957 23.1368228495121 11.18485363572836 439.7448762506247 9.793378733098507 102.4560213685036 35.65664806216955 216.8965094983578 56.51157356053591 4.017970003187656 147.6683923006058 17.49154625833035 2.205410927534103 48.3398484364152 3.72446683049202 8.151089914143085 1.768618933856487 0.453897550702095 12.59670072793961 8.196353048086166 0.4803272187709808
148.0080664232373 660.5683950483799 441.1860100701451 571.5070203989744 160.28621083498 48.03010354936123 2513.487815827131 426.162496753037 2081.772268734872 4305.639479376376 2367.532584041357 608.8120930790901 6993.186606198549 0 34.41034249216318 31.64720561355352 2.343956083059311 0.5143004059791565 0.2146641463041306 0.9477576315402985 0.8463679105043411 0 3.641269609332085 1.253773778676987 9.748529151082039 0.6863177716732025 0.4872665405273438 0.5786199271678925 0.3241402357816696 0 200.7946028858423 157.2971643805504 1813.225924819708 13.34659251570702 9.530042454600334 36.70987504720688 537.9505356028676 24.51129125058651 28.85101737827063 11.89299966394901 1.868470966815948 0.4261651560664177 1.732472985982895 6.881724163889885 1.680794507265091 8.209395758807659 77.85728937387466 2.277502655982971 0.8682327121496201 0.3120439648628235 0.3381935060024261 0 0.4782261475920677 0.1042902022600174 0.6164206713438034 1.298167660832405 4.677371889352798 75.29072895646095 5.804833427071571 12.68479973077774 13.19587732851505 127.7796078398824 12.72324056923389 88.93838889151812 0.5363472178578377 0.5633884891867638 0.4478508159518242 0.5443812757730484 7.070567265152931 10.15475654602051 257.0384915843606 18.91895757615566 0 10.96943078190088 52.41531099379063 49.7379255220294 122.0350809246302 34.27492964267731 123.7304315343499 723.5148115232587 65.36114867031574 917.0428175330162 5.771552331745625 0.245490588247776 0.4519558101892471 1.12879928201437 0.380698174238205 0 0.1027237474918365 0.07869610190391541 0 0.1775782853364944 1.93744207918644 0 0.3636812716722488 979.0135613679886 41.37855426967144 0 3.817503154277802 11.00073266029358 10.12930183857679 4.057053163647652 6.63095173984766 0 10.01888272166252 32.6768948957324 0.4691227972507477 44.23702889680862 169.9483294785023 24.83103217184544 13.05047880113125 138.6351640224457 53.01928395032883 64.17980370670557 24.08786472678185 1.422877445816994 0.6634113267064095 0 0 0 0.1202468127012253 0.1905108839273453 0 0 0.1583062261343002 0 0 0 0 0.09369184821844101 0 0 0.3658552467823029 0 11.17496138811111 3.098407573997974 0.2509807348251343 0.964382492005825 0 6.376756303012371 0.5172040462493896 10.40609855949879 2.677164100110531 0.3905093520879745 0 0 0.1615198701620102 0.2624646425247192 0.3876651674509048 0 0 4.833585664629936 13.63218795508146 0.08747655898332596 0 0 0 0 0.1141384392976761 0.5291159525513649 0 1.669366084039211 8.098540730774403 0 0.1380927413702011 0.6589460074901581 18.36449246108532 6.253010906279087 0.8224453255534172 0.25010896474123 0.2598979771137238 0.107461117208004 0 0 0 0.2793170511722565 43.59448524564505 1.243418723344803 0 0 0 10.14210271090269 5.913041368126869 2.942516773939133 8.414328418672085 19.68517557531595 5.695242643356323 1.555852994322777 1.830561973154545 0.569964811205864 0 0 0 0.08223403990268707 0 0 0 26.6353989765048 10.25570058077574 10.08958707004786 521.4978619292378 11.40813461691141 137.8917642831802 42.07938867807388 229.2102315947413 65.33831898868084 7.15942545235157 185.3126509785652 17.13627379387617 1.146305099129677 40.95465885102749 2.03101596981287 9.070969939231873 2.905003480613232 0.09180499613285065 8.260883659124374 9.586030632257462 1.788325577974319
