0 2026.650280728936 524.8054023310542 2203.296502262354 744.8483326658607 123.6709960848093 1471.386106625199 144.1606000438333 466.0323996469378 1702.518195331097 689.7432522177696 17.61354087293148 107.2633644863963 128.2385634258389 13.94145640730858 2.55141806602478 0.5810270830988884 0 0.1133362054824829 0 0.7808331698179245 1.487543538212776 0 0.1015564352273941 0.3414843827486038 0.2762180343270302 1.064082928001881 0.09515582025051117 0.1178516149520874 0 796.6966322138906 4.733830988407135 8.527211911976337 0 0.2135572135448456 0.6570269837975502 8.120561167597771 0.2823289856314659 1.903076760470867 0.93967504799366 0.5617035701870918 0.4512835368514061 0.102923795580864 0 0 0.2750089839100838 35.2009062319994 3.317550979554653 0.5909540727734566 0.3457526639103889 0.50181894749403 6.36279833316803 0.9200989156961441 0.09859386086463928 4.193903669714928 7.237420246005058 318.1123888120055 782.0453779473901 25.15609399974346 25.15049432963133 0 1.300325930118561 0.1082840412855148 30.51464493572712 3.58794542402029 0.6513548567891121 2.288696222007275 1.093055002391338 0.7159641087055206 1.231900230050087 15.41815906763077 44.90919731557369 1.881610304117203 259.4920852556825 168.7902262434363 78.26056257635355 16.06637182086706 2.386475548148155 0.1157383546233177 13.5010375007987 0.5626912787556648 1.80918961763382 24.25294720381498 1.976370058953762 1.660051539540291 5.802668184041977 1.23260623216629 3.664352804422379 2.424846045672894 5.004543513059616 0.9159653931856155 0.4089348167181015 0.559598982334137 0.3377708494663239 0.2044486999511719 109.6367894858122 51.893902733922 10.17028979957104 1.982357949018478 1274.353373728693 0 0.2045576125383377 0 0 0.3567520380020142 5.534959748387337 0.6603913754224777 0 133.2020941823721 1.393621519207954 0.1840149313211441 1.022436201572418 5.268571510910988 1.744770601391792 0.9551739096641541 0 0 0.241748571395874 0 0 0 0 0 0 0 0 0 0 0 0 0 0.1592661291360855 0.4063591063022614 0 0 0 0 0 0 2.015125453472137 0 2.105796031653881 0 0.5798278748989105 0 0 0 0 0 0 0 0 0 0 0 0.09388894587755203 0.1409085988998413 0 0 0 0 0 0 0 0.1600711196660995 0.1139412149786949 1.84282498061657 0.119309775531292 0 0 0 0 0 0 0 0 3.248006395995617 0.4820103198289871 0 0 0 1.315977856516838 1.796166516840458 0.5600905567407608 0.3858362138271332 0.1013147532939911 0 0 0 0 0 0 0 0.1231864765286446 0 0 0 1.838479235768318 1.662678696215153 1.814849764108658 98.43336386233568 6.997004970908165 139.3038380518556 21.75313644111156 973.6709877848625 19.66207491606474 5.481143966317177 19.28764270246029 1.55050927400589 0.184191957116127 0.9247065484523773 0.2021627128124237 7.291661411523819 0.1095695942640305 0 0.2475926727056503 1.404970273375511 0
2026.650280728936 0 1635.140656039119 2561.095840036869 5587.880445033312 30.37409066408873 6594.112976275384 280.0480540543795 4146.466556616127 489.1920521706343 1806.865917906165 10.85496607422829 531.401177726686 328.3216264620423 51.33381668478251 5.76199284940958 0.9787467420101166 0.5890107452869415 0.163722038269043 0.412671335041523 1.738261878490448 0 0.1295773833990097 0.1045027375221252 1.252684205770493 0.9549016952514648 0.8586127087473869 0.4650577083230019 0.2836356088519096 0.4619125798344612 1626.348129108548 41.02834370732307 15.80997753143311 0 0.5334576070308685 0.8526395782828331 5.084080338478088 0.945483960211277 1.672662429511547 1.387937858700752 1.040144488215446 0.9828327745199203 0.4250752478837967 0.7896000742912292 0.1032884195446968 0 118.3342294469476 6.877927102148533 0.7546764016151428 1.085085839033127 1.262000128626823 0 0.1353345215320587 0.1541861295700073 6.191616803407669 9.941665217280388 107.5299958512187 689.9947109743953 21.84538512676954 57.34894708544016 1.200827643275261 1.953340455889702 0.4364213719964027 151.1312717050314 7.376176886260509 0.7401555255055428 2.235963180661201 1.887443944811821 1.821093335747719 2.557132571935654 6.510373800992966 5.483561918139458 0 294.2452034801245 327.0305139645934 188.0069685354829 75.86514662951231 3.498495422303677 1.111148282885551 22.91890767216682 3.06817227602005 4.89318435639143 29.86020962148905 0.5485481098294258 2.097811155021191 5.838714279234409 2.308369196951389 0 0.3224443048238754 0.09470231086015701 0 0.3886354342103004 1.720693752169609 0.4744214788079262 0.338935025036335 7.985555373132229 2.120640769600868 0 0.2705342769622803 748.6203962787986 0 0.4346529394388199 0 0 0.4185525476932526 22.15442560613155 0 0 61.24991335719824 0.7263139709830284 0 1.568670198321342 3.336248964071274 3.728698082268238 2.172677963972092 0.1285389512777328 0.09311017394065857 0 0.1857296675443649 0 0 0 0 0 0 0 0 0 0.1461620479822159 0.103895865380764 0 0 0.2762746512889862 0.1710454076528549 0 0.1557374447584152 0.1194332763552666 0 0 4.915546335279942 0 3.461809128522873 0.8154501989483833 0.8365268856287003 0 0 0 0.1463698148727417 0 0.1052591651678085 0 0.1178569048643112 0.6847578138113022 0 0 0 0 0.117097981274128 0 0 0 0 0.1056438013911247 0 0 0.129272997379303 2.30875937640667 0.1631437838077545 0 0 0 0 0.0865292102098465 0.07224907726049423 0 0.1787409037351608 8.080401420593262 2.059566974639893 0 0 0.146443784236908 0.5917031466960907 2.885565668344498 0.8129451423883438 0.1304944306612015 0.5551953464746475 0.1439837068319321 0 0.2807019948959351 0 0 0 0 0 0 0.1148975193500519 0 4.57075272500515 0.9368178844451904 2.768874272704124 194.5013417899609 15.50013799220324 271.1182548180223 47.38993929326534 267.2429489120841 23.48830290138721 7.868231914937496 42.87996423244476 4.437399908900261 0.4411699026823044 1.309709846973419 0.9976877942681313 3.370854735374451 0.3766981363296509 0 0.4300065189599991 2.315746821463108 0
524.8054023310542 1635.140656039119 0 53.07950591295958 532.330480016768 3.381863132119179 160.062154777348 3947.520486883819 922.5623792260885 24.44906458258629 4998.87114238739 1.786759756505489 68.31709384918213 161.9098636657 21.56711447238922 9.150800727307796 0.6047412380576134 1.154274664819241 0.1082574650645256 12.13621383905411 59.79684118926525 0.2671579718589783 7.005086496472359 2.901402696967125 18.18204083293676 4.088940016925335 9.196845196187496 1.001685112714767 0.3856026157736778 1.093591548502445 3612.396816469729 1608.12110029161 60.15694625675678 4.323454327881336 20.1675116121769 18.87559253722429 4.94109308719635 6.887269034981728 1.398204356431961 4.16020730137825 13.4447106346488 5.058278605341911 3.992174953222275 1.262124240398407 0.4546894431114197 0.6525105312466621 26.7264656573534 1.595912754535675 1.587219543755054 9.237149275839329 4.307288274168968 0.367196798324585 0 0.5530076995491982 1.793264776468277 1.57879438996315 48.24242045730352 650.700295932591 6.118814140558243 6.468033723533154 15.36464710533619 11.559165969491 11.95015090703964 195.2680632099509 1.100070640444756 0.1101961955428123 0.5989407896995544 2.359882794320583 17.08167459070683 63.56963654607534 2.577035240828991 1.165752321481705 0 94.31077890098095 170.2998891100287 40.14294542372227 47.00679004192352 9.831612318754196 99.63059896975756 727.0050418451428 25.31031738966703 468.7301915287971 6.403716176748276 0.1159568801522255 1.081359401345253 1.739525631070137 5.258415311574936 0 0.1098897606134415 0.1006894186139107 0.08879945427179337 0 18.2720864340663 3.384197905659676 1.151539646089077 1.55022144317627 2.599274128675461 0 0.1109043657779694 546.9754905030131 0 0 0 0 0 0.1024536862969398 0 0 0.6799146234989166 0 0 0 0.8357369005680084 0.141238734126091 0.1532423198223114 0 0 0 0 0 0 0 0.1211809292435646 0 0 0.1118294671177864 0 0 0 0 0.244192436337471 0.1203354969620705 0 0.1220669150352478 0 0 0 0 0.1128759011626244 1.036604464054108 0.09257209300994873 0.9957196637988091 0.3752863332629204 0.3588500246405602 0.1152404174208641 0 0.2411772012710571 0 0 0 0.1049933657050133 0 0.2737566828727722 0 0.1012220084667206 0.5243029743432999 0 1.011443734169006 0 0 0 0 0 0 0 0 0.4893446266651154 0.2015300393104553 0 0 0 0 0 0.2052943259477615 0.3054854422807693 0.1002370119094849 0.592952087521553 0.2418100386857986 0 0.3662751391530037 3.674419410526752 0 0.2466456890106201 0.08423137664794922 0 0.1174291521310806 0 0 0 0.1170728132128716 0 0 0 0.1229189187288284 0.1672652959823608 0.5661156997084618 0.4521236568689346 0.7079866379499435 0.3264808282256126 0.8622130900621414 46.23463548719883 9.638912200927734 58.95327754318714 11.29890547692776 124.579438239336 6.090839862823486 1.755332499742508 9.199833564460278 0.5421606376767159 0.3505220636725426 0.7135907709598541 0.2250262945890427 0.3373594954609871 0.09981424361467361 0 0 0.5372894108295441 0
2203.296502262354 2561.095840036869 53.07950591295958 0 514.0021741017699 332.5258184820414 2100.856823273003 4.285617783665657 123.5555114597082 1360.815117992461 9.140649639070034 24.97235727310181 164.1673783361912 11.78790320456028 29.34370463341475 1.762312844395638 0.8525561019778252 0.1985581517219543 0 0.4849438369274139 0.2643405199050903 0.2904126942157745 0.1218730136752129 0.0980050340294838 0 1.068349339067936 0.1284193396568298 0.1165600121021271 0 0 138.9829625561833 6.411318317055702 2.358741000294685 0.1969162076711655 0.103606179356575 0 2.120830282568932 0.4692219197750092 2.849746584892273 0.2467137426137924 0.6219345182180405 0.9640707150101662 0.4501842558383942 1.159088134765625 0 0.1636344492435455 92.3146626278758 4.244886115193367 0.3290693014860153 0.3508747518062592 0.455458328127861 0.5022931322455406 0 0.6324812769889832 3.707538112998009 7.707103222608566 52.61289874464273 271.3306300267577 8.392369300127029 39.64205827564001 0.4438149556517601 0.1914811432361603 0 68.76512445509434 4.074769511818886 0.8514900058507919 1.835917934775352 0.7378804683685303 0.9139790460467339 0.6346250846982002 5.032228514552116 8.348952636122704 0 200.6628154888749 212.8552431389689 125.6090422943234 39.53810100257397 1.116342857480049 0.3238979279994965 1.152415595948696 1.087303780019283 1.977526165544987 26.02626264840364 0.9142871722579002 1.873624935746193 6.088517762720585 1.216678522527218 0.2948199510574341 0.4867816790938377 0 0.5758824273943901 0.672329805791378 0.09394850581884384 0.8831290528178215 0.2366278991103172 14.44092217087746 3.089223116636276 0.4833319932222366 1.017168343067169 512.2774979323149 0 0.113452672958374 0.09692987054586411 0 0 11.44234859198332 0.1429255604743958 0.3503619730472565 99.61578330397606 1.620660625398159 0.4510867595672607 1.471604272723198 4.833403326570988 1.131743773818016 1.986752659082413 0.176815465092659 0.3850300163030624 0 0 0 0 0 0 0 0 0 0 0 0 0 0 0.1382019817829132 0 0 0.1289922595024109 0.2938988953828812 0.1672238558530807 0 0.3803911805152893 3.699943542480469 0.6555821746587753 6.225384004414082 0.7400941103696823 0.6419948041439056 0 0 0 0 0 0.1770446747541428 0 0.3795973062515259 0.9345944449305534 0 0 0 0 0 0 0 0 0 0.7080637067556381 0 0.2266338169574738 0.506943866610527 2.369454383850098 0 0 0 0 0 0 0 0 0 8.759177170693874 0.7977820709347725 0 0 0.2172396332025528 1.819237813353539 2.233816549181938 2.414315164089203 0.1297125965356827 0 0.1451350003480911 0.1700294613838196 0.174051895737648 0 0 0 0 0 0 0 0 3.08767694234848 1.027889810502529 2.680656619369984 133.9155451506376 10.96887249499559 196.1182656511664 27.47519440203905 785.5766327530146 15.71199353039265 5.755368046462536 31.73867024481297 2.859920285642147 0 1.126370921730995 0.539642907679081 3.200984939932823 0.8040629774332047 0 0.6066452637314796 1.58189158141613 0
744.8483326658607 5587.880445033312 532.330480016768 514.0021741017699 0 5.272034116089344 3628.998961418867 727.291257403791 10368.16368640214 216.2784892097116 1527.342647537589 10.86509307473898 682.3885536715388 231.0295897349715 53.44707531481981 6.253931514918804 1.034896709024906 0.918063148856163 0.2492931559681892 0.3411373272538185 0.7072136923670769 0 0.09239321947097778 0.2028897255659103 0.6730153039097786 2.376234859228134 0.8132199645042419 0.8638499528169632 0.7333982512354851 0.09938086569309235 549.2686039879918 51.99923726916313 10.11134358495474 0 0.1890131086111069 0.4805763885378838 4.414959572255611 0.6794789358973503 1.476534247398376 0.467536635696888 0.7592913061380386 1.840094529092312 0.2068171724677086 0.5152736157178879 0 0.2118113934993744 93.71354070305824 5.136786498129368 0.796954870223999 0.5228976905345917 0.9414125755429268 0 0.2861152365803719 0 3.075936451554298 6.249193869531155 28.53612430393696 236.9478925541043 9.197614662349224 40.96919593960047 1.419707268476486 0.7491770535707474 0 111.0750706195831 3.953136499971151 0.8250419124960899 1.110243141651154 0.9252024814486504 0.809691846370697 1.214821130037308 6.878163889050484 4.246223717927933 0 137.0434951633215 192.2411001101136 134.2742743715644 71.22523918002844 3.867084227502346 0.9728107750415802 13.23958805203438 1.821337983012199 3.545365445315838 20.04854293912649 0.5187083631753922 1.399869158864021 4.576276913285255 1.643900446593761 0 0.5465454682707787 0 0 0 0.3855933398008347 0.2533185705542564 0.7312613874673843 10.39551558345556 0.2222151905298233 0 0.299481637775898 150.4397957772017 0 0.4241890013217926 0.2309074848890305 0 0.2524430453777313 1.403964996337891 0.3673016577959061 0 2.089838996529579 0.9307381063699722 0.5429657697677612 3.281629852950573 6.26838681101799 2.890681333839893 4.16829627007246 0.3242805227637291 0.1069283708930016 0 0 0 0 0.1135679334402084 0 0 0 0 0 0 0 0.1146646291017532 0 0.4289674162864685 0.08617956191301346 0 0.2291245758533478 0.4487296938896179 0 0.1268005073070526 0.1163372248411179 4.374329544603825 0.1470310539007187 3.911935932934284 1.217334881424904 0.9891892373561859 0 0 0 0 0.3486103415489197 0.2655726596713066 0 0.1573040932416916 1.613401725888252 0 0.1398647576570511 0.1531607806682587 0.2891629859805107 0.1382577419281006 0 0 0 0 0.1022135689854622 0 0 0.271851934492588 4.110483855009079 0.2966364324092865 0.09669694304466248 0 0 0 0 0 0 0 8.928271874785423 0.6757302284240723 0 0 0 0.9549944475293159 3.373299635946751 1.299465879797935 0.3895199149847031 0.555396094918251 0.1204760819673538 0.297283947467804 0 0 0 0 0 0 0 0 0 5.812521561980247 1.528561748564243 3.3470339179039 153.9720575138927 12.4098075479269 180.2759283781052 39.68133685737848 83.00361471623182 19.13949507474899 7.697577781975269 40.84978833049536 4.812781758606434 0 1.369600124657154 0.4889293387532234 3.660182476043701 0.5227164477109909 0 0.989230751991272 4.154350966215134 0.5936581045389175
123.6709960848093 30.37409066408873 3.381863132119179 332.5258184820414 5.272034116089344 0 65.17020270973444 0.2255479767918587 8.897174261510372 666.3311094492674 2.584415405988693 269.6786706894636 112.3200376331806 18.70452509820461 0.7253551632165909 0 0 0 0 0 0.2061613351106644 8.472112238407135 0 0 0 0 0.208738848567009 0 0 0 20.06781458854675 0 2.92297825217247 0 0 0 14.16924697160721 0.4016034305095673 7.633040085434914 0.4550524055957794 0.3731996715068817 0.1210768297314644 0 0 0 0 5.966072924435139 0.1135772466659546 0 0 0.8749461770057678 14.0712127238512 3.468871876597404 0 0.2597112432122231 0.8493909388780594 175.8339144811034 102.21675670892 3.683328583836555 2.419570438563824 0 0 0 2.031578555703163 0.3881379812955856 0.1106643527746201 0.2176705598831177 0 0.170932725071907 0 113.2356148660183 235.73535554111 14.38653761148453 20.85686042159796 15.31724301725626 8.528284147381783 3.366565555334091 0.2094381600618362 0 0.1849347352981567 0.1499803215265274 0.3199314102530479 2.534890830516815 3.437986455857754 0.308190181851387 1.519564904272556 0.1769164949655533 21.00329883396626 11.33691938221455 36.14664330333471 2.600872844457626 3.126414984464645 0 0.3006031513214111 0 97.52510529011488 199.5126919150352 57.87982846796513 15.39435185492039 707.5865238010883 0 0 0 0 0 0.6818513125181198 1.597220003604889 0 7.548725172877312 1.509813398122787 0 1.276337563991547 3.005913630127907 2.619127616286278 0.9556045532226562 0 0 0 0 0 0 0 0 0 0 0 0.1815139651298523 0 0 0.3854072242975235 0 0.6639772057533264 0 0 0 0.4052495658397675 0 0.17269067466259 0.1523723900318146 1.548047222197056 0 1.859141230583191 0.4931606650352478 0.3098756670951843 0 0 0 0 0 0 0 0 0.2810790240764618 0 0 0 0.4035825207829475 0.2531086206436157 0 0 0 0 0.1095560193061829 0 0.1418087482452393 0.1546566337347031 1.065568313002586 0 0 0 0 0 0 0 0 0 1.646258562803268 0 0 0 0 0.1401773542165756 0.126035064458847 0.3835585117340088 0 0 0 0 0 0 0 0.1247585862874985 0 0 0 0 0 1.935745432972908 0.6758073270320892 0.980432853102684 23.22161573171616 3.058667123317719 9.64116533100605 1.569259904325008 405.059886276722 9.005076766014099 2.544726252555847 2.154395259916782 2.295320585370064 0 0 0.1272579431533813 4.611140429973602 0 0 0 0.2112534940242767 0
1471.386106625199 6594.112976275384 160.062154777348 2100.856823273003 3628.998961418867 65.17020270973444 0 10.86616014689207 5810.405880331993 2299.754451096058 147.412188924849 136.8593996092677 4132.724619448185 398.9960347190499 209.172187961638 25.73251116275787 3.017070397734642 1.663250371813774 1.019753359258175 1.204136505723 4.141284063458443 0.1544037908315659 0.2972347736358643 1.099188163876534 2.374200694262981 6.536304727196693 1.533708140254021 3.952228426933289 2.302501440048218 1.46996708214283 472.9915274456143 116.6491178870201 12.21670999377966 0 0.9308135360479355 1.045785337686539 27.79364819824696 2.344813041388988 10.83770117908716 2.577878221869469 2.06115810573101 5.118837587535381 0.708691418170929 1.910225763916969 0.09388136118650436 0.9479282721877098 417.3820751830935 18.09097361564636 1.87095607817173 2.445607252418995 2.379780910909176 1.365420334041119 0.6968760937452316 1.178721584379673 8.68124582618475 19.96520856022835 90.73005820810795 445.1582188382745 39.22578852623701 134.7152573391795 2.017247244715691 3.393317401409149 0.4448987916111946 303.9936558380723 11.60053899884224 2.359812304377556 4.739372409880161 2.520470984280109 3.294620484113693 5.213246151804924 78.50401797145605 35.34223362058401 0 428.870848596096 562.6291347444057 477.7940453290939 272.2805473282933 12.84880299121141 3.367556765675545 15.75350748747587 6.570619270205498 6.407397106289864 59.81447283923626 1.74636947363615 6.613841898739338 16.94666200876236 4.678702168166637 0.07824216037988663 1.008713185787201 0.4397958219051361 0.5525326952338219 0.6519192159175873 2.317323014140129 1.364550784230232 2.781809844076633 136.8803557381034 11.43828117102385 1.358921006321907 5.549331158399582 166.8181398585439 3.326733492314816 7.789210878312588 361.0145999416709 59.12858156859875 7.078437127172947 44.97165238112211 8.573395125567913 6.447835810482502 92.72739489376545 38.80690212547779 2.548706971108913 144.449072048068 89.94361770153046 57.55322781950235 44.73394140601158 5.081650093197823 2.623687922954559 0.3210090100765228 0.2864197567105293 0 0 0 0 0.1265575289726257 0.1233131512999535 0 0 0.5120840594172478 0.1291311681270599 0.5576319620013237 0.09344129264354706 0.9743209183216095 0.3257423788309097 0.3481987044215202 11.66665855050087 4.790716029703617 0.2606747001409531 0.5463920682668686 0 50.88106622546911 1.55656561255455 51.57591278851032 7.133616343140602 8.389009423553944 0 0.2236958220601082 0 1.093774616718292 1.196856364607811 0.1455256640911102 0 6.664783120155334 18.10728733986616 0.2410962209105492 0.1784518659114838 0 1.185429483652115 0.6580831333994865 0.1943937838077545 0.2591625452041626 0.1943174600601196 2.971605449914932 9.458108834922314 0 1.045800119638443 1.174409106373787 37.05711677670479 8.354413591325283 1.951969683170319 1.151859328150749 0.2983430474996567 0.1999829635024071 0.1559532433748245 0.5112863332033157 0 0 97.7028126642108 9.516512870788574 0.2049278169870377 0 0.5997690632939339 17.29056087136269 29.95887162536383 11.24079333245754 11.19299556314945 24.56192027032375 17.99533641338348 8.536006145179272 6.131571829319 0.3346685990691185 0 0 0 0.18495774269104 0 0.2953832373023033 0.1186990067362785 85.36604101210833 16.47828433662653 37.38937301933765 880.8336765766144 75.37445256859064 846.7323600649834 181.3812517076731 406.0631571859121 96.20941622555256 21.87744218856096 253.5640646368265 33.91003312915564 2.862617377191782 24.43435011059046 5.680010259151459 45.27578791230917 2.499361723661423 0.575455479323864 7.85348604619503 18.3533812686801 1.156978666782379
144.1606000438333 280.0480540543795 3947.520486883819 4.285617783665657 727.291257403791 0.2255479767918587 10.86616014689207 0 105.3919564858079 4.493324518203735 1419.615128368139 2.416367530822754 14.5000961497426 104.5068391636014 20.97612539678812 15.46911746263504 13.19880443066359 11.50477207452059 0.2415471822023392 50.73852027207613 129.2139077335596 0 13.87187003344297 5.991654753684998 15.73553518950939 3.519258193671703 7.979792475700378 0.3626890555024147 0 0.3012871295213699 1286.726363405585 2526.642829075456 39.26405347883701 9.845105573534966 24.01086115837097 14.38729294389486 4.043473318219185 4.779139004647732 2.430096410214901 3.313067741692066 16.34805493801832 6.411532253026962 22.63189936429262 47.27961899340153 4.770888842642307 4.532991178333759 37.06599771231413 2.860101632773876 15.57608357816935 42.63403790444136 2.550420470535755 0.3718787208199501 0.3726467490196228 0.3684033751487732 1.110256999731064 1.943553455173969 27.57562335580587 272.917982570827 3.043937146663666 12.0459820702672 81.23633400350809 8.718520060181618 19.45336160808802 350.1883248314261 1.094519138336182 0.8177153617143631 0.7916577905416489 4.069946862757206 33.37578021734953 98.91493229568005 1.533943846821785 0.4739871621131897 0 70.31448472291231 179.7816886901855 61.81373592466116 192.2790579348803 80.15613642334938 545.1734600514174 1813.157335393131 377.0298937559128 1991.379088930786 5.372256517410278 0.07668670266866684 0.4780493900179863 1.439575411379337 15.20480541884899 0 0.3557088077068329 0 0.1212044730782509 0.4677643552422523 12.11259282380342 2.535271637141705 2.224884763360023 0.1305637210607529 0.4961689859628677 0 0.4728315025568008 85.14331696927547 0 0 0 0 0 0.0868392288684845 0 0 0 0 0 0 0 0 0 0 0 0 0 0 0 0.2294941246509552 0 0 0 0.5835994035005569 0 0 0.2949527502059937 0.1266382336616516 0.0922737643122673 0 0.4274113029241562 0.2392208129167557 0 0.122528001666069 0 0.1613053828477859 0.1547490805387497 0.8783749043941498 0.09870785474777222 0.4085448831319809 0 0 0.3243940472602844 0.1338199377059937 0 0 0 0 0.1410417109727859 0 0 0 0.1756536513566971 0.793916828930378 0 0.7562882155179977 0 0 0 0 0 0 0 0.1357820928096771 0 0 0 0 0 0.1120942085981369 0 0.3706354945898056 0.4839724898338318 0.09909334778785706 0.1313102692365646 0 0 0.2483384907245636 1.60230128467083 0 0.3661962747573853 0.343118354678154 0 0 0 0 0 0.1154348626732826 0 0 0 0.110848031938076 0 0.4395391270518303 0.136955052614212 0 0.1143429800868034 0.7339232712984085 51.20390366017818 9.252845495939255 65.99489523470402 10.67223946005106 29.52657782286406 3.495593823492527 1.530403777956963 9.499229311943054 0.6853720173239708 0.4600670486688614 0 0 0 0 0 0 1.425366580486298 0.417719841003418
466.0323996469378 4146.466556616127 922.5623792260885 123.5555114597082 10368.16368640214 8.897174261510372 5810.405880331993 105.3919564858079 0 308.7342155426741 2201.775984346867 44.84239448606968 3872.669799298048 1064.24127946049 111.2800898328424 21.72422756999731 1.395887270569801 0.3702368289232254 0 0.5839640349149704 2.325116463005543 0 0.6829439327120781 0.09248575568199158 3.828981526196003 3.987506680190563 2.179770350456238 1.749577715992928 1.149041317403316 0.3428791537880898 458.4831055849791 97.65473771840334 60.72829303890467 0.1328579187393188 0.4305598512291908 3.015461400151253 56.37556128948927 4.023243434727192 6.031375542283058 4.123913489282131 2.590603969991207 3.892177388072014 0.6396808847784996 1.836834378540516 0.2445935904979706 0 174.860065124929 4.306270875036716 0.4631654247641563 0.9465639740228653 1.110953912138939 0.6793506070971489 0.4127332270145416 1.147983223199844 2.253194846212864 6.01627042144537 36.09403014183044 224.5810252279043 17.96487604081631 41.80047754943371 1.780893869698048 5.120187640190125 0.8984506204724312 144.7594549506903 3.071158081293106 0.4618015512824059 1.823672831058502 1.14075867831707 3.024438701570034 5.863918863236904 48.09646537899971 14.23375762999058 0 142.471445068717 188.4433903247118 181.8135527223349 151.310543179512 13.27388945221901 2.680502600967884 19.69864154607058 2.51477900147438 5.324033319950104 20.21331381052732 0.3539451360702515 1.604025162756443 4.382664665579796 1.935951471328735 0 0.6206836178898811 0.1068553403019905 0.182950496673584 0.7672052830457687 3.361356854438782 0.7679210901260376 1.592935599386692 79.70444405078888 4.578044392168522 0 1.656680099666119 103.9325484260917 0.6377510353922844 2.412413217127323 0.6903194338083267 0.2055449187755585 1.403387136757374 11.58481375128031 1.712318778038025 0.7989243716001511 9.675166629254818 8.83380851149559 1.152664393186569 13.61083088815212 42.02908529341221 20.04920584708452 20.62858866155148 1.716591373085976 0.9273790568113327 0 0 0 0 0.1450508683919907 0 0 0 0 0 0.09196662902832031 0 0.1373903304338455 0 0 0.1842090487480164 0 1.972635298967361 1.082286506891251 0 0.2940536737442017 0.08290974050760269 21.73157582432032 0.3903528153896332 22.65534498542547 3.746891722083092 2.895169906318188 0 0 0 0.261917382478714 0.3886927142739296 0.7296359017491341 0 0.2654105573892593 3.513111397624016 0 0 0.2571572810411453 0 0 0 0 0 0.2691645473241806 1.456637628376484 0.455160528421402 0.3443574458360672 1.452745981514454 13.70616406947374 1.013468779623508 0 0.1896106451749802 0.120999239385128 0 0 0.1141915172338486 0.09415999799966812 0 45.00491694360971 4.018011212348938 0 0 0.3853434398770332 5.326386570930481 11.88326069712639 4.820253536105156 2.799842014908791 2.09155910462141 2.090151727199554 0.786747120320797 0.4489330947399139 0 0 0 0 0 0.1914750188589096 0.311305820941925 0 35.6251223385334 9.192597486078739 13.140949241817 385.6753303408623 29.99495270103216 339.6174838542938 74.58733749389648 111.0421751961112 41.83236180990934 7.36018405854702 103.577393963933 14.36450984328985 1.129931248724461 9.563546299934387 2.195611149072647 18.36341044306755 1.296899907290936 0 4.255254298448563 8.916067153215408 0.5873309969902039
1702.518195331097 489.1920521706343 24.44906458258629 1360.815117992461 216.2784892097116 666.3311094492674 2299.754451096058 4.493324518203735 308.7342155426741 0 28.81898190826178 850.3023049905896 2665.385866053402 176.3763981312513 46.77146825194359 4.860649973154068 0.2597612887620926 0.1393465548753738 0 0.4144245386123657 1.398352220654488 1.176360577344894 0 0.2521974816918373 0.5861306861042976 0.8310299143195152 0.3274241760373116 1.06877438724041 0.3477492183446884 0.3508295342326164 64.86613095551729 12.06843952089548 7.64728270471096 0 0.2555984631180763 0.9923074617981911 29.06832278519869 2.525957331061363 12.44423975050449 1.658770866692066 1.537042699754238 3.619150601327419 0.09855012595653534 0.6392412930727005 0 0.2954379618167877 135.6588505879045 5.882471688091755 0.1050144657492638 0.9952229782938957 2.087742082774639 5.963795229792595 0.5873023867607117 0.4005358666181564 5.214025817811489 7.689758032560349 82.85121523588896 193.4434145390987 12.68026616424322 38.60261364281178 1.400924116373062 3.004819884896278 0.2307713329792023 51.03142394125462 4.588832676410675 1.107420772314072 1.770172968506813 2.675890237092972 0.8152833357453346 2.41946242749691 151.855812959373 92.07939141988754 0.3453666567802429 196.6015051975846 176.7986828535795 138.9062046781182 51.91954770684242 3.519204296171665 0.7302652299404144 3.678878083825111 1.274364829063416 2.363485559821129 25.69373881816864 1.791449122130871 2.247322708368301 5.754394859075546 2.690582916140556 3.363916523754597 2.357602909207344 5.69420824944973 0.3787562251091003 2.083251811563969 1.483959831297398 0.8890784606337547 1.6733638048172 556.1910963281989 64.40650314092636 13.56523351371288 9.057624116539955 1216.002379097044 3.872753709554672 77.82904069125652 249.6534649729729 37.34615942835808 5.827689714729786 32.959566809237 35.81128160655499 4.75574504584074 91.48830191791058 112.6038008853793 4.088039994239807 78.90458010882139 200.2531196177006 92.13981572538614 73.39489572495222 5.643964387476444 2.151070401072502 0.3456247746944427 0.09547004103660583 0 0 0.1628322601318359 0 0.3707395046949387 0.2968780696392059 0 0.3306069076061249 0.9848833680152893 0 0.5024222359061241 0 2.216198042035103 0.333539754152298 0.2958497405052185 7.99420277774334 5.088003158569336 0 1.047799035906792 0 68.13550734519958 0.5377557277679443 68.42522808909416 10.03793606162071 10.74603039771318 0.2117311656475067 0.4240751266479492 0 0.2820171117782593 0.5319502130150795 1.473515577614307 0 3.600243434309959 14.60118495672941 0.3444311991333961 0 0 1.562247663736343 0 0.1151439249515533 0.8209730088710785 0.133124440908432 2.162665642797947 11.98745062202215 1.163166254758835 0.9885945916175842 3.443945698440075 54.03322596848011 2.547866232693195 0.5655613243579865 0.4417157247662544 0.0954035222530365 0 0 0 0 0.3580281138420105 142.355213239789 12.78110229969025 0 0.1530778408050537 0.3546904027462006 23.16591913253069 35.1838641166687 15.34861163794994 12.77573654055595 16.49208059161901 5.9818000420928 1.586561687290668 2.024788901209831 0.1036837920546532 0 0 0 0.1053187921643257 0.2369413673877716 0.2056935876607895 0 208.9271512702107 16.30030760914087 41.0609592795372 689.6943693161011 68.31248465925455 356.173409409821 57.9337470009923 1821.149650327861 46.62465003877878 16.21522438526154 131.3352336063981 37.30564776808023 1.963810168206692 31.06872931867838 2.099181979894638 151.154014967382 3.797459378838539 0 8.570866405963898 6.042611986398697 0.5666499435901642
689.7432522177696 1806.865917906165 4998.87114238739 9.140649639070034 1527.342647537589 2.584415405988693 147.412188924849 1419.615128368139 2201.775984346867 28.81898190826178 0 106.8580582886934 1944.073950223625 4333.204088002443 129.7179615497589 49.63219609856606 3.903595611453056 1.525514580309391 0.7385667562484741 2.059340320527554 17.81947442889214 1.484783463180065 4.452298007905483 1.435861550271511 41.86701953411102 8.210474707186222 21.08154843002558 2.130621924996376 2.954785548150539 5.40346398204565 1821.336121082306 802.7899379879236 1153.81311815232 0.7439877390861511 8.020410276949406 39.60743433982134 186.4266199022532 40.05586507916451 4.489836648106575 35.7570619136095 20.58762665092945 23.59881737083197 3.149721443653107 5.827309392392635 0.4730574414134026 1.60132922232151 151.00873285532 5.225995615124702 0.9307617545127869 4.190610073506832 5.670677326619625 1.33601139485836 0.7003181502223015 2.128155529499054 2.98319748789072 6.622465923428535 60.20871290564537 522.2527427375317 11.39501278847456 41.74934110790491 13.78395470231771 123.795946881175 5.478633567690849 294.6126007661223 4.201547928154469 1.183877378702164 2.796637341380119 2.033561408519745 22.72039107978344 43.97583498060703 56.19273319840431 11.18522986769676 0 180.1166484951973 302.4346972331405 196.2082761079073 237.7441170290112 33.21126045286655 41.87111438810825 1102.191550865769 10.5716812685132 150.4402275383472 18.12854518741369 0.5647106096148491 1.917358905076981 4.99790907278657 4.201478645205498 0.09717260301113129 0.5862177237868309 0 0.2214474603533745 0.7254187241196632 26.49277038127184 8.238107576966286 2.032503388822079 44.54512564837933 1.140152297914028 0.2258744090795517 0.4373896792531013 330.3221285641193 0 0 0 0 0.1279242783784866 0.1347136050462723 0 0 0.1373503506183624 0.1138802617788315 0.197530597448349 0.1239681616425514 2.454085484147072 0.7081410959362984 2.126838952302933 0.3658705949783325 0.2129050940275192 0 0.117942251265049 0 0 0.2927225008606911 0 0 0.1559457331895828 0.3702351599931717 0 0.1061709895730019 0 0 0.1108607426285744 0.2596610710024834 0 0.2815005034208298 0 0.2293147668242455 0.1839082837104797 0.3423352017998695 0.2126867696642876 2.545851223170757 0.2765039429068565 2.410221830010414 1.027405507862568 1.215405128896236 0.1245561242103577 0 0.09095822274684906 0 0 0 0.09456251561641693 0.2208405584096909 0.7696106880903244 0.1375087946653366 0.1258759498596191 2.54672022163868 0.2189012318849564 1.054788783192635 0 0 0 0.1392959952354431 0.1149795055389404 0 0.3156419843435287 1.104505233466625 2.890850156545639 0.1038516536355019 0 0 0 0 0.2152108922600746 0.5434845313429832 0.8818372189998627 0.617892287671566 6.319401472806931 2.19326539337635 0 0.5170128643512726 1.270201787352562 0.5845977813005447 1.186814337968826 0.6648886501789093 0.4415604770183563 0.09650272130966187 0.3327924013137817 0 0 0.2226330414414406 0 0 0 0.1692352071404457 0.2044254541397095 1.014526009559631 0.4041850045323372 3.132154248654842 2.035435825586319 4.669551901519299 178.9307751730084 24.25061628222466 249.0112683027983 60.93723395466805 105.4619788452983 20.81905490159988 5.447341196238995 63.53499544411898 4.521386049687862 0.3557018116116524 2.451308354735374 0.8745737969875336 2.271222189068794 0.1829234808683395 0.1602992117404938 1.515461720526218 8.812366642057896 0.7050364166498184
17.61354087293148 10.85496607422829 1.786759756505489 24.97235727310181 10.86509307473898 269.6786706894636 136.8593996092677 2.416367530822754 44.84239448606968 850.3023049905896 106.8580582886934 0 1916.675484374166 419.2133645713329 104.7651685923338 46.04323315620422 3.526958234608173 0.7218620106577873 0.5575693249702454 1.204232141375542 4.268815904855728 1.966516830027103 0.6933926790952682 0.8226016759872437 18.99953950941563 2.906256884336472 6.573965489864349 2.482493110001087 6.386033922433853 1.640787951648235 5.325419202446938 3.208527438342571 118.038547180593 0.1646235287189484 2.12468284368515 6.998680107295513 200.1397225111723 13.09088357537985 19.92657757550478 44.7881542891264 9.087587676942348 16.67451866716146 0.6059236750006676 5.9699397534132 0.3311067447066307 1.623898267745972 117.1203421130776 1.161861509084702 1.261471427977085 1.488549642264843 5.156283862888813 2.952203691005707 9.558444395661354 3.373233631253242 0.9946926906704903 2.780393853783607 13.35393197089434 10.16362655162811 6.477198407053947 14.06664311885834 9.046722717583179 17.30479983240366 2.80625855922699 11.95338266342878 0.5490363016724586 0.308551698923111 0.3505654409527779 1.794087424874306 11.94974832236767 21.25420328229666 329.6605982929468 113.5969288498163 0.13394396007061 27.66642615199089 29.75945415347815 69.7101343870163 80.40833868831396 18.83914223313332 1.190606169402599 28.20192496478558 4.81474431604147 11.09189404547215 5.580373898148537 0.1606640517711639 0.6775769367814064 1.121434472501278 2.266343861818314 0.4499624967575073 0.8400305360555649 1.952505819499493 0.1448751240968704 0.1168926134705544 17.17165902256966 4.752126537263393 0.9435920268297195 2585.226367980242 30.57205528020859 3.177420511841774 11.26024635881186 55.57157585024834 2.372546665370464 11.49407230317593 4.825355969369411 0.9063812047243118 10.36016965657473 13.66269883513451 17.00469699501991 4.62853892147541 39.11568910628557 61.91909573227167 6.121105663478374 103.3412424474955 269.3581729978323 136.0667873620987 122.4258490651846 5.625815443694592 2.321629248559475 0.8598552644252777 0.1282587945461273 0 0 0 0.1512497514486313 0 0 0.3703096508979797 0 0.8902678638696671 0.4221958443522453 0.6577825248241425 0.2240092009305954 2.260042764246464 0.1883109360933304 0.2646773755550385 9.609149225056171 7.945174932479858 0.309302031993866 0.8112223744392395 0.4143737629055977 131.8234805837274 1.491220869123936 115.9388795420527 13.2414126098156 10.33453011512756 0.2717884480953217 0 0.1091045588254929 0.9140327572822571 1.1796550527215 0.2668469250202179 0 4.85523085296154 14.5311381816864 0 0.3488688319921494 0.75252665579319 1.646960467100143 0.721805565059185 0 0.5362631604075432 0.2185715213418007 3.657347850501537 8.246073998510838 0.2017103135585785 0.7375797629356384 2.339583083987236 90.82147800922394 4.011128395795822 0.4862259104847908 0.4762919768691063 0.1628208607435226 0.09144478291273117 0.5592248886823654 0 0.1484121829271317 0.8031043484807014 248.7007003575563 12.82772406190634 0.2797893881797791 0 1.56478351354599 32.08221562206745 55.90457053482533 20.76295781880617 13.87348132580519 12.60580862313509 8.81276173889637 1.373902812600136 2.378305621445179 0.09645500034093857 0 0 0 0.4146258682012558 0.4911389276385307 0.3980957046151161 0.6042256429791451 326.5814482346177 31.24586965888739 57.27221845090389 546.3713620752096 39.70840656757355 291.1158933714032 66.09551720321178 476.0379710942507 40.58927182108164 5.50483775138855 165.5578544735909 37.15322554856539 1.477641507983208 34.50837064534426 5.469493582844734 127.9535853788257 5.190566912293434 0 10.66861271858215 12.79862558841705 1.934639975428581
