0 2574.970547124743 690.1980108469725 840.172844208777 286.4855254516006 260.7224017605186 739.7265113815665 131.4691823348403 44.61590275168419 1933.38559088856 188.7431017383933 17.10544718801975 37.44586274027824 61.10947024822235 1.012024991214275 0.2241812571883202 0.4666561931371689 0.1266504228115082 0 0.09831013530492783 0 0 0.09730102121829987 0 0.2119435295462608 0.1196247935295105 0.1947848051786423 0 0.1179404258728027 0 551.0865064933896 6.774824500083923 4.640161395072937 0 0.1300099194049835 0 0.2517440021038055 0 0.1031689569354057 0.08812166005373001 0.1008899658918381 0 0 0.7348432913422585 0.3984546214342117 0.2376500591635704 29.58449682593346 4.271684646606445 0.08675974607467651 0.09315935522317886 1.27930860221386 0 0.2625455036759377 0.09468279778957367 10.54327561706305 11.07329788058996 275.733708627522 2349.26296774298 101.2467293813825 20.70518316328526 0.4895223081111908 0.978947639465332 0 37.34969310462475 5.877439230680466 0.3748244270682335 1.163289904594421 1.976481787860394 0.5487028732895851 0.1207683607935905 1.098516598343849 0.1031923666596413 0 482.1996798664331 192.9157750457525 65.49951408803463 18.92682854831219 1.090690180659294 0.4336904957890511 28.27488446980715 0.9132846817374229 1.560350604355335 22.80640652030706 0 1.112399086356163 2.663678389042616 0.7631299123167992 0 0.166291631758213 0.1740452796220779 0.2541748061776161 0.2008772343397141 0.2266639024019241 0 0 23.92050768435001 0.1874607354402542 0 0.2791841328144073 1477.22404859215 0 0 0 0 0.1306879371404648 1.825451716780663 0 0 0.1583544313907623 2.117355108261108 0 3.214002430438995 1.905233964323997 0.3208069801330566 1.14524507522583 0 0 0 0 0 0 0 0 0 0 0 0 0 0 0 0 0 0 0 0 0 0 0 0 0.3424083590507507 0 0.3623241111636162 0 0 0 0 0 0 0 0.1295012980699539 0 0 0 0 0 0 0 0 0 0 0 0 0 0 0 0 0.5276482552289963 0 0 0 0 0 0 0 0 0 1.383306726813316 0 0 0 0 0 0.2932020649313927 0.1274354308843613 0.2009010314941406 0 0.3345564901828766 0 0 0.07900992780923843 0 0 0 0 0 0 0 0.1790381520986557 0.5590367913246155 0.20114466547966 66.79011558741331 19.01971842348576 208.3499500080943 23.76024751365185 1385.722331002355 172.0805855244398 4.918504662811756 4.985778957605362 0.2463152259588242 0 0.1257122009992599 0.1149668768048286 0 0 0 0 0.4344052895903587 0
2574.970547124743 0 1283.458160765469 664.161072678864 3316.624270409346 188.3874180614948 4964.202176027 784.4189009070396 2305.07981582731 915.4638765752316 1564.815059609711 27.38441035151482 1032.797972038388 745.3015184849501 8.11842854321003 1.621877782046795 0.1197536811232567 0 0.1398028135299683 0.3148757517337799 0 0 0.1818779408931732 0 0 0.1207808256149292 0.08840485662221909 0.1219665110111237 0.08891171962022781 0 2912.903617680073 131.9431466311216 17.07825724035501 0.300011157989502 0 0 0 0.134366512298584 0.0986180379986763 0 0.2106169983744621 0.3045864701271057 0 0.47714514285326 0 0.1354156583547592 97.5375841408968 5.288171492516994 0 0.1384280920028687 0.8037884682416916 0 0 0 10.45641247928143 8.767653770744801 77.00863063335419 1029.125876322389 53.48353077471256 35.77502277493477 0.5831760540604591 0.6612406373023987 0 177.991326071322 8.419404190033674 0.4624601677060127 2.999287463724613 3.289014749228954 0.202551357448101 0.180364266037941 1.222173631191254 0.1992092579603195 0 285.7087387964129 171.581004679203 131.0270143598318 101.1258379295468 6.754863224923611 10.40442303568125 111.006683729589 1.904694125056267 3.649114549160004 27.49891243129969 0.5141446590423584 1.350281618535519 2.952753707766533 1.524125397205353 0 0.3244346901774406 0.3886638060212135 0.317242868244648 0.4634416028857231 0.5832084715366364 0 0.2776347249746323 16.14878033101559 0.8447341322898865 0 0.2766363024711609 688.4381128922105 0 0 0 0 0 1.590952888131142 1.186074316501617 0.1887203902006149 0.83845454454422 2.58757521212101 0 1.480688378214836 1.576683148741722 0.9152268320322037 1.281659834086895 0 0 0 0 0 0 0 0 0 0 0 0 0 0 0 0 0 0 0 0 0 0 0.1157798692584038 0 0 0 0 0.08313511312007904 0 0 0 0 0.1554765701293945 0 0 0 0 0 0 0 0 0 0 0 0 0 0 0 0 0 0.2009081840515137 0.5693042129278183 0 0.3532656729221344 0 0 0 0 0.09855032712221146 0 0 0.344194158911705 0 0 0 0.08664537966251373 0.6486729755997658 0.0831822007894516 0.6984740272164345 0 0 0.3614045381546021 0 0.1350720226764679 0 0 0 0 0 0 0 0 0.6354830712080002 0 0.2066620886325836 52.23793367296457 31.71467950195074 276.1189971268177 25.18371415883303 716.9076605141163 102.982686676085 5.135664761066437 35.47794719785452 1.434772074222565 0.1525753736495972 0.2300519049167633 0 0.2775626182556152 0 0 0.2477931976318359 0.9520660489797592 0
690.1980108469725 1283.458160765469 0 55.82514989376068 850.7419098168612 11.62440566718578 471.8095195889473 4046.522380590439 1056.78971131146 74.07643113285303 1869.0560798347 3.37947615981102 116.4980463683605 503.7400112375617 10.03455575555563 7.344727829098701 2.500353656709194 1.587627023458481 0.2569578737020493 1.968896955251694 0.3832409232854843 0 0.4373719394207001 0 0 0.225988395512104 0 0.1430284976959229 0 0.08714378625154495 3426.906647972763 559.6460952535272 48.8448746278882 0.4601335898041725 0.5227628126740456 0.3405366390943527 1.02465682476759 0.5158933401107788 0.1485404372215271 0 0 0 1.68723813444376 4.052755787968636 0.322734571993351 2.796949870884418 35.05305268615484 1.88977187871933 3.593499757349491 2.599511049687862 0.4236644804477692 0 0 0.2101963087916374 3.078089818358421 1.211490947753191 34.36113915592432 695.5196628794074 22.15262098610401 11.42233175784349 13.61755158007145 12.02567988634109 0.1643082648515701 275.8507641404867 2.51685556396842 0.4048972800374031 1.45211186259985 1.697841435670853 0.9649541154503822 1.079656861722469 0.607610747218132 0.2774932682514191 0.09243620187044144 128.4984047487378 112.7051227390766 46.94759742170572 56.40487464517355 32.75449518859386 956.5944289788604 1130.985184282064 57.5287116765976 374.7597182765603 9.682810559868813 0.2066223174333572 0.70156529545784 1.205697610974312 0.9231442734599113 0.08163793385028839 0.07661236822605133 0 0.0842696949839592 0.3855371102690697 0.5392536669969559 0.3385312706232071 0 2.107178099453449 0.5263992100954056 0.1637269109487534 0.605651929974556 296.2543679699302 0 0 0 0 0 1.794273734092712 0 0 0.653139740228653 0.1010114029049873 0 1.300294145941734 0.2118051946163177 0.4658032059669495 0.5516249537467957 0 0 0 0 0 0 0 0 0 0 0 0 0 0 0 0 0 0 0 0 0 0 0 0 0 0 0.08510228991508484 0.1003914624452591 0 0 0 0 0 0.1209970638155937 0 0 0 0.3376219570636749 0 0 0 0 0.1624167263507843 0.06548397988080978 0 0 0 0 0 0 0 0.2197884619235992 0 0 0 0 0 0 0 0 0 0.3263203501701355 0 0 0 0.1240695789456367 0.1928385570645332 0.3514261469244957 0.251350998878479 0 0 0 0 0 0 0 0 0 0 0 0 0 0 0 0 45.97042546421289 15.24856485426426 80.72656720876694 11.30310758203268 124.1033788844943 33.96005744487047 1.481604136526585 14.63377353549004 0.6247816979885101 0 0.1044168621301651 0 0.3579513132572174 0 0 0.2961296439170837 0.8016955256462097 0
840.172844208777 664.161072678864 55.82514989376068 0 98.67224621027708 540.1284839659929 515.8778052479029 1.902556031942368 84.94146236032248 1856.936967790127 14.60232538729906 140.1607126295567 846.120183840394 177.1941408514977 4.110250562429428 1.183425486087799 0 0 0 0.1086264848709106 0.09232226759195328 0 0 0 0 0.08381398022174835 0 0.1099116504192352 0 0 145.6406417191029 16.53734736144543 5.143943466246128 0 0 0 0.5671716928482056 0 0.14260633289814 0 0 0.2307382375001907 0 0.1101053953170776 0.08652190864086151 0.09915490448474884 47.51564452052116 3.383499793708324 0.1237516403198242 0 1.008273057639599 0.1164931207895279 0 0.2411122769117355 4.08559999614954 4.913546185940504 23.51489634811878 165.9717608988285 22.9307758435607 17.62170385569334 0 0.324416920542717 0 59.24282719939947 3.185557208955288 0 1.913516886532307 1.297644726932049 0.3334218487143517 0.1130135431885719 1.018925026059151 0.4775079339742661 0.1493056416511536 117.7704729959369 62.8474580720067 61.35039541870356 40.43828102201223 0.9387343898415565 0.2879834547638893 1.842688009142876 0.7567902356386185 1.078186832368374 12.34432636201382 0.06670728325843811 0.2919629290699959 1.731197081506252 0.6508044302463531 0 0.3653220906853676 0.08659686893224716 0 0.1348428726196289 0.08816643059253693 0 0.3103997558355331 50.25709755718708 1.522127702832222 0 1.040424138307571 92.72305843234062 0 0 0 0 0 2.568919375538826 1.041977792978287 0.6484115868806839 0.1979952752590179 4.421143352985382 0 5.478843882679939 2.555995792150497 2.339357882738113 3.625605717301369 0.1782156676054001 0 0 0 0 0 0 0 0 0 0 0 0 0 0 0 0 0 0 0 0 0 0 0 0.8472212553024292 0 0.1992138773202896 0 0 0 0 0 0 0 0 0 0 0.4592592716217041 0 0 0 0 0 0 0 0 0 0 0 0 0 2.229357101023197 0 0.2498130202293396 0 0.08105930685997009 0 0 0 0 0 1.607431218028069 0 0 0 0 1.154148206114769 0.5935859233140945 2.741739347577095 0 0 0 0 0.09249070286750793 0.3045602738857269 0 0 0 0 0 0 0 0.475979208946228 0.2960357069969177 0.1498738676309586 29.49076045304537 14.05992309004068 148.0808249562979 13.01815073937178 653.7433404102921 46.25005732476711 2.669087156653404 20.10144631564617 0.1791277080774307 0.08476231247186661 0.6025102883577347 0 3.965970799326897 0 0 0.2178502380847931 0.267173707485199 0
286.4855254516006 3316.624270409346 850.7419098168612 98.67224621027708 0 4.815815821290016 1790.866617038846 276.0594159290195 6438.625634297729 157.090857245028 2644.088685415685 0.4457506537437439 130.7915837168694 145.3069922402501 8.609187349677086 1.948362350463867 0.1654142141342163 0.09277480095624924 0 0.09365325421094894 0.1475594639778137 0 0 0 0.1413036286830902 0.1779358237981796 0.2621774598956108 0.07812955975532532 0.1548615694046021 0 272.3704136759043 60.83511862903833 3.081675879657269 0 0.09336043894290924 0 0.2512238919734955 0.08326844871044159 0 0.08055578917264938 0.3114129155874252 0.08949580043554306 0 0 0.09881933033466339 0.08639807999134064 55.65224223583937 1.709954380989075 0.1816929578781128 0 0.6222695484757423 0 0 0 2.63867399841547 2.657991826534271 8.470732182264328 81.59908536076546 9.364624127745628 20.58091325312853 0 0 0.09512989968061447 67.09834814816713 2.509306568652391 0.5724157392978668 1.511272288858891 1.486730143427849 0.4862154573202133 0.180586539208889 0.6304643899202347 0.1826220601797104 0 52.91438575834036 35.36063733696938 60.27347456663847 62.43297848105431 3.59106507152319 7.499547719955444 15.65737127512693 0.1908627972006798 1.433941408991814 9.074007526040077 0.07757803052663803 0.3697075024247169 1.538445476442575 0.1935977935791016 0 0.07623422145843506 0.1136704459786415 0.0849333181977272 0.5349846258759499 0.1408925950527191 0.2849123626947403 0.1368582546710968 6.057918712496758 0.3927159458398819 0 0 16.85905760526657 0 0 0.2580695152282715 0 0 3.902236729860306 0 0.2875994443893433 1.375878244638443 1.202434226870537 0.1659789383411407 1.521007031202316 1.171748116612434 1.645791888237 2.438110828399658 0 0.2345361113548279 0.1095246225595474 0 0 0 0 0 0 0 0 0 0 0 0 0 0 0 0 0 0.1559644341468811 0 0 0 0.1726982295513153 0 0.9749927073717117 0 0 0 0 0 0 0.4219662100076675 0.1798646003007889 0 0.2101993262767792 0.6683473587036133 0 0 0 0 0 0 0 0.1731801927089691 0 0 0 0 0 2.896206945180893 0 0 0 0 0 0 0 0 0 0.6289577484130859 0.3281472399830818 0 0 0 1.533890947699547 0.6119945496320724 1.31923034787178 0 0 0 0 0 0.08430943638086319 0 0 0 0 0 0 0 0.4334207475185394 0.1229988634586334 1.043005809187889 33.57828924804926 18.5636750087142 124.8459572345018 15.8581725731492 87.63339076936245 28.92911514639854 1.855823330581188 29.71759106218815 0.3776433169841766 0.2894780039787292 0.9419200494885445 0.2705077826976776 0.8608352541923523 0 0 0.5129596143960953 1.278976202011108 0
260.7224017605186 188.3874180614948 11.62440566718578 540.1284839659929 4.815815821290016 0 107.7928155213594 0.7397449463605881 3.612163871526718 841.3998947888613 2.434559553861618 148.0663149654865 71.92781068384647 17.56923803687096 0.9684633985161781 0.488258957862854 0.1903229653835297 0 0 0 0 1.008785247802734 0 0 0 0 0.4111835658550262 0 0 0 11.87148665636778 0.3034455925226212 81.1294659525156 0 0 2.219209790229797 23.99415677785873 2.265922635793686 6.706929698586464 0.241899773478508 0 0 0 0.1108121126890182 0 0 1.803613230586052 0.1301931589841843 0.1424601972103119 0 0.1090266108512878 0.7255375534296036 0.3292239606380463 0 0.4200962856411934 0.4127446040511131 93.50572527945042 200.7703875005245 4.375503852963448 1.8366769105196 0.319303035736084 14.33697609603405 0.7846571207046509 1.998498551547527 0.1166937127709389 0 0.3011248335242271 0.1045056954026222 0 0.274204894900322 69.4473812431097 229.7557865679264 4.567792102694511 16.84942954033613 4.302556723356247 2.604223862290382 0.6530398726463318 0.507573589682579 0 10.27805598080158 0.09513898193836212 3.627147540450096 1.0535594150424 0.7961118817329407 0 0.07723214477300644 0.103957787156105 0.790885791182518 1.669597424566746 2.484134778380394 0.3439960777759552 0.1839166581630707 0 0 0.1619393825531006 451.9091994911432 68.77488048374653 61.47712495923042 21.74964085221291 451.7481847405434 0 0 0 0 0 1.764024376869202 0 0.5301432013511658 0 2.982315629720688 0 0.8581266924738884 0.8774698972702026 1.795449644327164 0.4217697083950043 0.2846291586756706 0 0 0.1341313719749451 0 0 0 0 0 0 0 0 0 0 0 0 0 0 0 0 0 0 0.1076741963624954 0 1.002635255455971 0 1.422762557864189 0.2572460472583771 0 0 0 0 0 0 0.5324547365307808 0 0.5149658173322678 0.1381193995475769 0 0 0.3418211936950684 0 0 0 0 0 0 0.1066471263766289 0 0 0.3549103960394859 2.257686354219913 0 0 0 0 0 0 0 0 0 0.3926214128732681 5.545132458209991 0 0 0 0.4119544476270676 1.503921210765839 3.802149660885334 0.4045021533966064 0 0 0 0.1154201477766037 0 0 0 0 0 0 0 0 0.5677821934223175 2.227527976036072 1.801461383700371 5.47009964287281 0.3144459575414658 6.604397103190422 0.9982620775699615 290.731534153223 5.777587376534939 0.1355953961610794 0.8056828826665878 0.7468880042433739 0 0.8720966354012489 0 0.2918018847703934 0 0 0.2461875677108765 0 0
739.7265113815665 4964.202176027 471.8095195889473 515.8778052479029 1790.866617038846 107.7928155213594 0 91.46216969192028 2925.252952575684 1325.510351322591 1277.300041735172 61.01114432513714 1979.938749492168 1088.265277676284 30.9837686792016 7.204870797693729 0.4477838799357414 0.3480390682816505 0.09139860421419144 0.3958147689700127 0.4690471291542053 0 0.08516620844602585 0.2085375264286995 0.2917857393622398 1.423957705497742 0.2265766933560371 0.3829375952482224 0.7750039324164391 0.1710948497056961 410.1821761280298 111.0100678279996 13.21551343798637 0.4660654962062836 0.2680033221840858 0 2.728401988744736 0.08854061365127563 0 0.16103595495224 0.1913421899080276 1.362609297037125 0.1068241000175476 0.9492448344826698 0.1914683803915977 0.7900065779685974 157.4547976180911 4.465826131403446 0.5554441064596176 0.1050076112151146 2.771851651370525 0.1113882213830948 0 0.8641600459814072 8.760008916258812 8.425900612026453 22.34759003669024 172.5838082134724 23.70183761417866 54.86199725419283 0.9545024931430817 0.6521495953202248 0.105455256998539 140.342961139977 5.068326577544212 0.1601794362068176 4.011584527790546 3.256588943302631 1.770929113030434 0.5788234993815422 9.342831447720528 3.551788099110126 0 131.0153433829546 80.74517667293549 177.3487786129117 177.7460309043527 8.934876479208469 17.21613854169846 3.745660103857517 4.391852252185345 7.745365127921104 23.85697996616364 0.2408021315932274 1.410950064659119 4.148179844021797 0.300573393702507 0.09256209433078766 0.4153966456651688 0.6129467710852623 0.3159293383359909 0.5246244743466377 0.8187870159745216 0.568844698369503 0.6543314382433891 55.348582431674 4.927853539586067 0 0.8656574562191963 33.25619987398386 0.4179346561431885 0.2180046737194061 0.1747821569442749 1.429419592022896 0 10.61969119310379 0.296303004026413 3.307673312723637 9.477071180939674 9.740936808288097 1.59604100883007 25.38764478266239 10.29735368490219 13.02598422765732 14.10427442193031 0.5119001939892769 0.3167750313878059 0 0.708114005625248 0 0 0 0 0 0 0.1224613934755325 0 0 0 0 0.2292461097240448 0 0 0 0.2554176300764084 0.1476822942495346 0 0 0 1.257781729102135 0 5.0171192958951 0.6188405305147171 0 0 0.9543481767177582 0 0 0.1500551849603653 0.293314054608345 0 0.3474920392036438 1.364863552153111 0 0 0 0 0.4352587014436722 0.07383235543966293 0 0.2020189315080643 0 0 0 0 0.2403835728764534 12.87854501605034 0 0.4134548604488373 0.242583841085434 0 0.2314886748790741 0 0 0 0 5.79400797188282 0.4930852502584457 0.1884059309959412 0.07275228202342987 0.1229298189282417 6.377449385821819 8.024781666696072 10.07817130535841 1.037718966603279 0.700355052947998 2.474286556243896 0.1337368786334991 0.1622251719236374 0.1889086365699768 0 0 0 0.1667443439364433 0 0 0 3.492605715990067 2.380211196839809 2.590747073292732 120.4833730980754 60.30994673073292 312.4637148007751 40.53719512373209 309.4390674605966 77.09284912794828 5.879202641546726 71.28018967062235 3.480560317635536 0.5415312796831131 6.414852894842625 0.8509946241974831 5.229325950145721 0.665028914809227 0.1395641714334488 1.258775174617767 4.062134690582752 0.2308167219161987
131.4691823348403 784.4189009070396 4046.522380590439 1.902556031942368 276.0594159290195 0.7397449463605881 91.46216969192028 0 1221.520505718887 16.1808653101325 2933.771707646549 4.43716037273407 154.3362938314676 1279.250695034862 9.770111255347729 3.506840363144875 1.72576966881752 1.145893663167953 0.872276097536087 1.316309168934822 0 0 0 0 0 0.1203130483627319 0 0.08757923543453217 0 0 1042.660995125771 824.5707048997283 99.19202579557896 0.9398592263460159 0.7450359016656876 0.1103995963931084 1.241202265024185 0.841795414686203 0 0 0 0.652906209230423 1.599340200424194 3.465501986443996 0.506648913025856 4.237399786710739 42.91485335677862 1.490684099495411 3.459638737142086 2.783835478127003 0.4497565925121307 0 0 0 0.8992486521601677 1.02394450828433 5.752745926380157 70.00583510100842 5.184991240501404 11.49269135296345 20.01226896047592 7.750825636088848 0 215.339398920536 1.517388083040714 0 0.4226740896701813 1.254537463188171 1.262862905859947 1.233445599675179 0.9613233581185341 0 0 30.52369338274002 29.01592417061329 40.29931635409594 127.3984692618251 110.0152363330126 780.4985766336322 1367.64500913769 129.5808041989803 402.6576978713274 4.659932814538479 0 0.3934531509876251 0.9539084248244762 0.3688465282320976 0 0 0 0 0.1149048507213593 0.3252173587679863 0.6325833201408386 0.5502800270915031 1.864391982555389 0.2967225313186646 0 0.332504004240036 13.6617357134819 0 0 0 0 0 0 0 0 0 0.2423707395792007 0 0.2290446162223816 0.3223428428173065 0 0 0 0 0 0 0 0 0 0 0 0 0 0 0 0 0 0 0 0 0 0 0 0 0 0 0.1238153204321861 0 0 0 0 0 0 0 0 0 0.112145222723484 0 0 0 0 0 0.1160211563110352 0 0 0 0 0 0 0 0 0 0 0.6893664598464966 0 0 0 0 0 0 0 0 0 0.3250287473201752 0 0 0 0 0.1189884319901466 0 0 0 0 0 0 0.09864344447851181 0 0 0 0 0 0 0 0 0 0 0.1008598580956459 34.41979272663593 8.042209036648273 83.07838550209999 9.988456003367901 27.65997706353664 14.73317197710276 0.9736444279551506 18.63958945870399 0 0 0.1143064722418785 0 0 0 0 0 1.489261120557785 0
44.61590275168419 2305.07981582731 1056.78971131146 84.94146236032248 6438.625634297729 3.612163871526718 2925.252952575684 1221.520505718887 0 374.0078865587711 3187.875237837434 40.49234091490507 1130.277893729508 1100.390374913812 52.4366973862052 13.80960890650749 0.4425880312919617 0.6067554950714111 0.1708106398582458 0.8902803137898445 1.026514708995819 0 0 0.3961551934480667 0 0.2476664781570435 0.3455042541027069 0.9856946021318436 0.8596880733966827 0.1963967755436897 239.979239217937 151.4147730022669 19.9304965287447 0.2932975292205811 0.1140876859426498 0.09341305494308472 1.486061565577984 0.09868760406970978 0.242671899497509 0.3119114339351654 0.5111692249774933 1.161900661885738 0.4070391282439232 1.105238936841488 0.3077149391174316 0.4887247532606125 192.7454323470592 3.83174429833889 0.7426713779568672 0.4985601082444191 1.634204119443893 0.2087724581360817 0 0.53034458309412 6.270373299717903 5.903637554496527 9.818235523998737 67.9293704405427 13.04138553887606 48.16383943706751 2.675643622875214 0.8501560762524605 0.1144652143120766 100.7781662791967 5.427658896893263 0.3540634363889694 4.116518337279558 4.358198463916779 1.207210622727871 0.2684632763266563 17.58693703263998 10.5725370272994 0 73.12685711681843 43.42494961619377 147.1833626553416 206.8300940319896 17.66573882102966 62.83667094260454 30.86697315424681 9.291413553059101 18.59703926742077 18.93709134310484 0.3172626495361328 1.031125895678997 3.47765626758337 1.218503020703793 0.1716483980417252 0.7953496053814888 0.4142760783433914 0.2346495985984802 0.2400346696376801 0.6229365393519402 0.8688646256923676 1.173285186290741 78.06991317123175 8.072600282728672 0 2.482747003436089 5.084845751523972 0 1.759330078959465 0.8838963806629181 1.740097776055336 0 25.85781067609787 0.6586652100086212 3.607751980423927 12.07640697062016 15.45665282011032 3.245814800262451 37.52203597128391 14.269202709198 16.0553230419755 19.29493921995163 0.7177470996975899 0.3411984443664551 0.2330271229147911 0.4709887430071831 0 0 0.2108557373285294 0 0 0 0.4509562849998474 0 0 0 0 0 0 0 0 0 0.7632560580968857 0 0 0 3.170123606920242 0.1535741239786148 7.248011507093906 0 0 0 0 0.08628852665424347 0 1.366511419415474 0.6305732876062393 0 2.768244698643684 2.16811814904213 0.1068542748689651 0.3399507999420166 0.1273176670074463 0.1491312086582184 0.6420947015285492 0 0.1448755711317062 0 0.09645383805036545 0.2556167542934418 0 0.2364068254828453 0.7310178950428963 19.87481208890676 0 0.5632820576429367 0.09123900532722473 0 0 0 0 0 0.1280068606138229 11.82189165055752 0.5382302403450012 0 0 0.2003264725208282 8.162174299359322 9.720455676317215 16.18622895330191 1.954348266124725 1.360086672008038 3.164062827825546 0 0.2535377964377403 0.2321882173418999 0 0 0 0 0 0 0 5.214995563030243 4.017268173396587 4.144588507711887 237.9919259548187 52.68455603718758 356.6584549099207 56.27832803875208 186.2359028682113 66.42871560156345 4.305575363337994 114.4769717007875 7.287935495376587 1.210111610591412 8.851135760545731 3.215162366628647 6.404518559575081 3.450455978512764 0 1.572850838303566 6.533761389553547 0
1933.38559088856 915.4638765752316 74.07643113285303 1856.936967790127 157.090857245028 841.3998947888613 1325.510351322591 16.1808653101325 374.0078865587711 0 59.03305071592331 884.3716969192028 5732.317492112517 1103.701550059021 28.93253681063652 11.7502513974905 0.08062728494405746 0.1005086526274681 0.2813004329800606 0.2456114962697029 0 0.1697867065668106 0.1135593354701996 0.109300509095192 0 0.6735592931509018 0.1883811354637146 0.3348338380455971 0.1938778683543205 0.169240690767765 193.5918716043234 34.10639169067144 84.26629311591387 0 0 0 43.89306236803532 0 2.552678197622299 0.1228654757142067 0 1.664362885057926 0.2464035600423813 1.084994070231915 0.09103155881166458 0.3275758698582649 180.468225389719 4.775033861398697 0.6035430803894997 0.3290260210633278 1.241844043135643 0.3762063086032867 0 0.1093068271875381 8.506068613380194 8.693120844662189 47.93399303406477 213.9839345961809 36.80307973176241 37.63194493204355 1.359707795083523 2.321836933493614 0.800894021987915 117.2358071953058 5.943490337580442 0.1852575987577438 2.709115080535412 4.065232954919338 1.545629993081093 0.7697267383337021 111.7625047042966 50.22204339504242 0 174.0342920199037 94.49693277478218 132.8418377563357 123.0248178318143 7.500725544989109 4.78950609266758 18.75587063282728 4.499801352620125 11.49532034993172 27.31049070507288 0.3995433002710342 1.24381460994482 4.23433830216527 0.7683946713805199 0 0.8764274343848228 0.08904377371072769 0.09252887219190598 0.8469899073243141 0.6593317613005638 0.1546331644058228 0.8375685587525368 1137.147064000368 38.96955820918083 2.973070979118347 10.11522454768419 370.5385057628155 0.3660232126712799 24.8907518684864 7.588681936264038 7.096600785851479 0.3948679119348526 141.4267835244536 16.56873545050621 21.99640160799026 70.6968864351511 117.2088449299335 9.025821283459663 222.2406028881669 79.30357466638088 97.8149020075798 81.29933787882328 4.259159907698631 1.026964902877808 1.387905731797218 1.721690900623798 0 0.2624857425689697 0 0 0 0 0.08126740157604218 0 0 0 0 0 0 0 0 0 0.6792900115251541 0 0 0 7.390777960419655 1.184381514787674 21.25125116109848 0.1320769935846329 0 0 0.1226630881428719 0 0.3244631886482239 4.038445703685284 0.4616459086537361 0 6.460499212145805 12.63745977729559 0 0.9879976212978363 0.2622562125325203 0 0.2504611909389496 0.2170048356056213 0 0.1261106431484222 0.2600620090961456 2.140187844634056 1.177602887153625 0.1342885941267014 1.199521169066429 64.73600405454636 0 2.446943029761314 0.3784963935613632 0.1169635131955147 0.3264268189668655 0 0 0 0 42.31075106561184 1.826410576701164 0 0.1288046985864639 0 29.16226124763489 28.1509226411581 50.50397896766663 6.142397880554199 1.375994712114334 7.289744794368744 0 1.198207661509514 0.1555615663528442 0 0 0 0.1813607066869736 0 0 0 35.16463057696819 20.3601900935173 8.208277687430382 375.3238402530551 55.06131365150213 382.0192358195782 58.61406607180834 1468.854865469038 111.6753003075719 5.667023353278637 157.9391636997461 21.8886564001441 4.01187290251255 29.0594392567873 0.8614460825920105 61.74113389849663 4.227914482355118 0.8460219129920006 7.842577248811722 6.257233917713165 0.7648354768753052
188.7431017383933 1564.815059609711 1869.0560798347 14.60232538729906 2644.088685415685 2.434559553861618 1277.300041735172 2933.771707646549 3187.875237837434 59.03305071592331 0 46.70106615126133 746.2007656618953 1195.122579261661 18.16375576704741 8.17167904227972 0.3349383845925331 0.1096795424818993 0 0.3949360400438309 0.571982741355896 0 0 0 0.3180835098028183 0 0.4666088968515396 0.0939847007393837 0.5028125643730164 0 491.1657411009073 89.5163556933403 84.66166854649782 0.1064125746488571 0.2158248871564865 0.4300654530525208 18.42560052126646 0.5493332594633102 0.9849610403180122 0 0.1149277314543724 0.1139416620135307 0.5666819214820862 1.629985623061657 0.3237673193216324 0.4847447425127029 67.37759789079428 0.55735894292593 1.139901638031006 0.6198678836226463 0.3814214468002319 0 0.09027495235204697 0 2.284007273614407 0.9290890730917454 4.921215713024139 48.04084173589945 5.257832810282707 13.45863069593906 3.508673816919327 2.591124139726162 0.2662182450294495 48.77353969216347 1.352071523666382 0.385722927749157 0.9727472141385078 1.542382188141346 0.678348034620285 0.7560559660196304 17.41712936758995 3.873378306627274 0 31.04163197427988 19.26621324568987 47.19787965714931 76.14125424623489 11.07026332616806 83.8878983259201 344.7692473083735 6.151868894696236 91.64468852430582 5.536774698644876 0.1929082125425339 0.2519576773047447 1.035034909844398 0.567988857626915 0 0.1778289675712585 0 0.2249516397714615 0.2742505297064781 0.3806260004639626 0.7399890720844269 0 19.02981439232826 2.320628985762596 0.2878578901290894 2.09253167361021 14.33060980588198 0 0 0 0 0 4.299926571547985 0 0.9334505796432495 1.332828119397163 0.3498076796531677 0 4.509381294250488 2.631400778889656 2.259388208389282 4.309320017695427 0.215852327644825 0.5024241060018539 0 0 0 0 0 0 0 0 0 0 0 0 0 0 0 0 0 0.1094874441623688 0.3854120969772339 0.1130198687314987 0 0 0.4355603456497192 0.2498095780611038 2.358500480651855 0 0 0 0 0.1172111704945564 0 0.2931145131587982 0 0 0.3071621656417847 0.4867580533027649 0 0 0 0 0 0 0 0 0 0 0 0.4877080321311951 0 2.477687641978264 0 0 0 0 0 0 0 0 0 1.043522402644157 0 0 0 0.1045262143015862 0.8318505436182022 1.86932235956192 3.587633542716503 0 0 1.013826847076416 0 0 0 0 0 0 0 0.2085291296243668 0 0.1374782472848892 1.16147069633007 1.276611641049385 0.7709040343761444 99.54462522268295 16.97804670780897 115.6628670692444 19.35189525783062 56.00720155984163 20.61585982888937 0.4385098144412041 40.50177969783545 3.075557067990303 0.1224811673164368 2.063016414642334 0.198207676410675 3.045086100697517 0 0 0.1172677800059319 1.6999831199646 0.1342599987983704
17.10544718801975 27.38441035151482 3.37947615981102 140.1607126295567 0.4457506537437439 148.0663149654865 61.01114432513714 4.43716037273407 40.49234091490507 884.3716969192028 46.70106615126133 0 1110.561287239194 217.9897018000484 15.9414916113019 10.9553636983037 0.2297902330756187 0.2388561144471169 0 0 0.1256482303142548 0 0.2521735280752182 0 0.1022222265601158 0.1527670174837112 0.4621319174766541 0 0 0 5.923103019595146 1.894783653318882 63.51137306541204 0.1130784377455711 0.2523386776447296 3.587505608797073 37.71038554608822 0.25876185297966 1.298460423946381 0.5354692935943604 0.3558982536196709 1.24940986931324 0.2143648862838745 4.04890152066946 0 0.183982327580452 45.29489958286285 0.5630374699831009 0.9565640464425087 1.071910664439201 0.8196159824728966 0 0 0 0.6460187509655952 0.9037810303270817 2.99506188929081 6.512716308236122 1.750210240483284 5.221897892653942 1.565106362104416 8.449753865599632 0.11732417345047 13.53622677922249 0.5775084421038628 0 0.8811277225613594 1.235783502459526 0.4278180673718452 2.5901929885149 69.40646283328533 40.07924388349056 0.2785608172416687 8.503597974777222 4.658997304737568 15.86666405200958 34.05972193181515 9.472050592303276 1.676005400717258 79.17521434277296 2.163015581667423 6.245305791497231 1.722349934279919 0 0.2245722934603691 0.6101722791790962 0.4396381229162216 0 0.09625022858381271 0 0.1051805168390274 0.1910198256373405 0.7553749680519104 0.1935723870992661 0.8608487918972969 1782.63609008491 50.06580530107021 0.2717818021774292 5.505984805524349 63.93269115686417 0 2.63673859834671 2.728806190192699 3.497850775718689 1.487116411328316 80.76744102686644 8.319057792425156 14.51403714716434 41.54816737771034 54.98762506246567 7.686781115829945 138.0508991405368 45.78219282627106 74.070083335042 53.25836206972599 0.7368293255567551 0.9931432232260704 0 0.3456212133169174 0 0 0 0 0.4138036370277405 0 0 0 0 0 0.1474663317203522 0 0.1125855594873428 0 0 0 0.4756499975919724 0 0 0 3.714511513710022 0 8.834675721824169 0 0 0 0 0.7674657851457596 0.3310285806655884 0.3861341029405594 0.4256028234958649 0 3.193530693650246 6.770573727786541 0 0 0.1227377876639366 0.1179121136665344 0.4349228739738464 0 0 0.65013238042593 0.1989063024520874 0.5778133720159531 0 0.1765096634626389 1.178837716579437 34.16624833643436 0 0.6623351201415062 0.1083178892731667 0 0.1810131669044495 0 0 0 0 27.21755204349756 3.815667703747749 0.334300309419632 0 0 24.75321039557457 14.60571136325598 24.30845578759909 4.207523822784424 1.480718553066254 1.511077776551247 0.1754046380519867 0.9154718443751335 0 0 0.1185102686285973 0 0.362480916082859 0 0 0 26.43076901137829 13.50041572749615 3.351879857480526 125.1182067841291 11.86302726715803 72.38821706920862 20.25323564559221 238.5714054405689 13.49971590191126 0.144269585609436 34.37867867946625 9.371849775314331 0.9992606639862061 20.0956302061677 0.9427175521850586 23.23257493972778 3.716536089777946 0.1130798757076263 5.158109001815319 2.683307737112045 0.569133348762989
37.44586274027824 1032.797972038388 116.4980463683605 846.120183840394 130.7915837168694 71.92781068384647 1979.938749492168 154.3362938314676 1130.277893729508 5732.317492112517 746.2007656618953 1110.561287239194 0 6022.890051998198 71.69293974339962 35.52712903171778 2.693726763129234 1.43939184397459 0.2740167677402496 1.227552577853203 0.9616018608212471 0.09727524220943451 0.6005474850535393 0.3187128752470016 0.6297137662768364 1.346915081143379 1.161905445158482 2.775197483599186 0.6158388257026672 0.1136279702186584 46.0292989090085 40.10401831567287 370.4366110265255 1.2978700324893 0.8441598042845726 2.180656760931015 36.86957031488419 1.297740891575813 5.760182715952396 0.8884088918566704 0.5048212856054306 1.503926537930965 0.5447622537612915 7.985032580792904 0.2236486375331879 1.62168063223362 175.8027217015624 1.519006110727787 2.008164122700691 0.882694810628891 1.607101179659367 0 0 0.24590053409338 3.148508541285992 4.864004921168089 7.384770095348358 26.11244782060385 6.875293076038361 25.60021036118269 7.491674162447453 27.29984047263861 0.9392159283161163 51.0912476554513 3.09784172102809 0.1530735120177269 3.986428029835224 3.211832411587238 2.699823699891567 2.092232473194599 105.3939457908273 45.43089285492897 0.6721898764371872 37.16655272245407 18.13569603860378 92.35708949714899 157.1341758146882 29.53171319514513 29.51995706558228 250.3233624249697 16.70261112600565 48.26484848558903 8.397028028964996 0 0.6409907415509224 1.753481306135654 1.716824740171432 0.114403672516346 0.1800687983632088 0.2907647415995598 0.7447261437773705 1.148723155260086 2.034002274274826 0.5736496597528458 1.366753682494164 1546.661645062268 44.50417250394821 0.2996065020561218 6.272666305303574 32.26539094001055 0.1286651939153671 1.712378725409508 3.035669237375259 5.992275714874268 0.8772830367088318 88.30242159962654 10.5867770165205 11.19719670712948 58.99257342517376 56.55617502331734 10.44544130563736 177.2801985442638 71.04135640710592 90.81623198091984 81.23534620553255 2.301747389137745 2.673195853829384 0.3917548060417175 0.3754240572452545 0 0 0.1084016859531403 0 0 0 0.1354546248912811 0.2806553021073341 0.3370508253574371 0.1081829443573952 0.3282154202461243 0 0 0.1838891804218292 0 0 2.39520925283432 0 0 0 7.254322819411755 0.1616902500391006 19.55085625499487 0.4234912171959877 0.2215785384178162 0 0.2970516607165337 0.2224023044109344 0.1247775927186012 2.792575649917126 1.001204803586006 0 5.527749136090279 7.767604105174541 0.10738555341959 0.941701278090477 0 0 0.2016844898462296 0 0.4318487793207169 0.278332531452179 1.139541812241077 0.259600818157196 0.2700331807136536 0.7927130907773972 2.415269173681736 69.01805557310581 0 0.7228831574320793 0.5907435193657875 0.3007275238633156 0.709387868642807 0.2419577464461327 0 0.5770000815391541 0 39.83142703026533 3.659031122922897 0 0 0.3610503599047661 35.29853564500809 29.74851881712675 49.6497498601675 6.136032924056053 0.8092100322246552 4.627817712724209 0.5142516270279884 1.355317488312721 0.2265424430370331 0.09931531548500061 0 0 0.0743517279624939 0 0 0.1095779836177826 30.44536401331425 21.64570344984531 7.095810748636723 357.8072506338358 51.13145942240953 282.1439291089773 66.20521169900894 254.314076423645 47.69064189493656 2.507661581039429 116.0109539404511 12.97202693670988 5.126607812941074 19.85547609627247 2.524188324809074 44.62492503225803 1.527424663305283 0.1472718417644501 8.330860488116741 11.25953309237957 0.7684269770979881
61.10947024822235 745.3015184849501 503.7400112375617 177.1941408514977 145.3069922402501 17.56923803687096 1088.265277676284 1279.250695034862 1100.390374913812 1103.701550059021 1195.122579261661 217.9897018000484 6022.890051998198 0 95.85109963268042 53.58241171389818 3.808155179023743 1.113292969763279 0.103626511991024 2.752491816878319 0.6438797861337662 0 1.324609518051147 0.2631110772490501 1.550779618322849 0.6437166258692741 1.832357376813889 0.9116745814681053 1.510191313922405 0.6014744639396667 157.625678576529 74.32574831694365 522.7716842964292 0.9572096168994904 5.305009819567204 7.920369848608971 206.3665022104979 2.675053209066391 8.629311613738537 3.908698506653309 1.428875610232353 3.439718954265118 1.381278656423092 13.25713034719229 0.9335505664348602 1.974417254328728 234.4280873015523 1.810657806694508 5.116005025804043 4.858925990760326 1.210946835577488 0 0.9998591691255569 0.6460904106497765 4.690338887274265 5.347035594284534 8.051615126430988 35.19715473800898 8.497633263468742 30.56017658114433 13.19302267581224 30.81875449419022 2.323275454342365 71.98483318835497 2.84155835583806 0.09851852059364319 3.88162475079298 4.249486148357391 4.773950755596161 6.590266205370426 228.4177869260311 43.23769287019968 0.1175668016076088 41.22961634397507 26.29449100792408 123.6025384664536 234.3655014485121 44.88324499130249 64.68461047858 434.2927908673882 30.15453752875328 121.1807733699679 12.78331989049911 0 0.5777583196759224 2.249493878334761 2.187001928687096 0.4657571166753769 0.1945948451757431 0.309269592165947 0.742185577750206 1.026397548615932 2.836260244250298 2.601065032184124 3.14550444483757 516.879446670413 35.20370558649302 0 17.51374136656523 10.33607321977615 0.2449461370706558 0.9269536137580872 1.935565814375877 1.703282669186592 0.1117952466011047 52.69597711414099 3.794758081436157 8.389720626175404 23.48462769389153 27.25986306369305 4.813184827566147 90.80741745978594 37.56894393265247 47.90532778948545 42.92710466682911 2.218746982514858 1.490972600877285 0.1621736288070679 0.5211687237024307 0 0.1241120174527168 0.246578112244606 0 0 0 0.1643573045730591 0 0 0 0 0 0 0 0 0.1092363968491554 0.7855454459786415 0 0.217503122985363 0 3.117805488407612 0.239933967590332 14.74883496016264 0 0 0.1240081787109375 0 0.2782148122787476 0.1190106049180031 1.739826746284962 0.2196309193968773 0 3.655854091048241 4.834851324558258 0.09021560102701187 1.003554493188858 0.1008607968688011 0.104817159473896 0.4188962876796722 0 1.132117442786694 0.1057434678077698 0 0.7011624276638031 0 0.5631429776549339 1.529489412903786 43.97354815155268 0 0.1382336467504501 0.1250724047422409 0 0.3842017501592636 0.254470556974411 0.1106724739074707 0 0.3256564736366272 26.26175688952208 3.654709279537201 0 0.1585709899663925 0 20.75550004839897 14.16323209553957 34.3963175714016 3.274928204715252 2.482492104172707 6.160823158919811 0 1.807644546031952 0.7050329744815826 0.2357444167137146 0 0.1035274267196655 0 0.1004443094134331 0 0.1144065037369728 13.83836568146944 17.50542571395636 5.845405869185925 546.7454740256071 59.78113034367561 393.9560194611549 89.42658417671919 172.4556849077344 61.84414365887642 3.284215748310089 169.5438190028071 13.53656420856714 1.007069773972034 18.77089273929596 1.336293786764145 20.60037323832512 2.722904749214649 0.9767801463603973 7.23840506374836 7.422117814421654 0.65790094435215
