0 4351.232979074121 1847.759632371366 805.5418484658003 633.7140951678157 20.46343944966793 2619.015442669392 290.0462829917669 265.4248740673065 1431.648146122694 631.0153214484453 74.49483487010002 263.2004167586565 331.1722585037351 4.939802102744579 2.842930443584919 0.139309823513031 0 0 0.1129792481660843 0.2794107496738434 0 0 0 0.2400379627943039 0 0 0 0 0.1334031820297241 40.17917392402887 2.603182829916477 28.49799755215645 0 0 0.1193023324012756 5.394317895174026 0.1256097853183746 0.4342020452022552 0.1027668714523315 0 0.3428222984075546 0 0.6371027007699013 0 0 34.16942283511162 6.824181631207466 0.2514300420880318 0 0.1038829758763313 0 0.1106298044323921 0 5.707949951291084 3.712012656033039 423.9344176948071 427.4096053242683 137.8669308498502 10.93251197785139 0 0 0 2.315949633717537 9.583386972546577 2.77224013209343 0.8453779816627502 1.785913206636906 0.3422715365886688 2.022642590105534 14.16140887141228 5.300193779170513 0 115.4587293863297 15.31746549904346 32.68716845661402 8.479907736182213 1.362960577011108 3.215584516525269 167.7081546857953 0.4530736356973648 17.83232201635838 22.98137678951025 0 10.83674135804176 2.358638055622578 3.738729491829872 0 0.2251210957765579 0.1395686566829681 0.382465660572052 0 0.7398286238312721 0.5118048414587975 0.1044756770133972 73.39652692526579 15.46881622076035 0 0 620.3976697176695 0 0 0.6160649061203003 0 1.415375113487244 0 0.8499390482902527 1.404627323150635 3.718823090195656 4.732345461845398 0.5403558760881424 5.775918766856194 4.700458079576492 12.24363592267036 3.503003016114235 0.2637461721897125 0.1301428079605103 0 0 0 0 0 0 0 0 0 0 0 0 0 0 0 0 0 0 0.4482043236494064 0 0 0 0.1417762786149979 0 1.125578045845032 0.2024800330400467 0 0 0 0 0 0 0.1425434499979019 0 0 0.3802899122238159 0 0.1581425070762634 0.1125965714454651 0 0 0 0 0 0.09613253176212311 0 0 0 0.1485802233219147 1.115970388054848 0 0 0 0 0 0 0 0 0 2.518719702959061 0.8594328165054321 0 0 0 0.9979188591241837 0.3727889358997345 0.189943253993988 0 0.8294017314910889 0 0.2328852117061615 0.1430238485336304 0 0 0 0 0.2308429777622223 0 0 0 0.5138169974088669 0.3287350833415985 0 12.15439084917307 10.91817018389702 54.54707341641188 8.699920564889908 354.1347454339266 17.13567342609167 1.115738846361637 6.558849453926086 1.274083778262138 0.1428836435079575 1.538638673722744 0.09319682419300079 1.68536388874054 0.3893527090549469 0 0 0.3955712839961052 0
4351.232979074121 0 227.5723758414388 83.28743509948254 807.1365270987153 89.61018861830235 2160.515592396259 774.4154991284013 404.1026553586125 152.3925667330623 2640.482130646706 56.38289035856724 427.8754627108574 1151.242146670818 12.8569079041481 4.298652790486813 0.1237276121973991 0.2423980757594109 0 0.6547744572162628 0.228512354195118 0 0.1278098374605179 0 2.584798090159893 0.4272846728563309 0.8147470951080322 0 0.7362410202622414 0.343275211751461 536.3941721618176 6.564822144806385 60.09280529618263 0 0 1.316285952925682 3.72072596102953 0.6750849708914757 0.1440032720565796 0.1084549501538277 2.652222000062466 0.3923975229263306 0.2408275157213211 0.991094172000885 0.1198302805423737 0.2643277123570442 100.9494159594178 15.20512153953314 0.6562851816415787 0.9267200529575348 0.4107319712638855 0.3025359213352203 0 0 5.457039661705494 4.851826310157776 202.5598223432899 358.6171834394336 100.4543835818768 28.51635739207268 0.7631718665361404 0.8400098830461502 0.2665051892399788 19.13404715061188 17.3701089322567 5.440406605601311 1.708644524216652 6.569417640566826 6.206736363470554 12.00623385608196 10.21550205349922 7.006923511624336 0 161.943799585104 87.02610319852829 129.6598560139537 31.26519095152617 5.467393599450588 54.49896297603846 457.8798993080854 1.444518759846687 111.9899237602949 46.97017654776573 0 19.55814425647259 6.104140669107437 11.01938535273075 0 0.6576819196343422 0 0.9111879095435143 0.3272875621914864 3.997087173163891 0.9110146462917328 2.361639402806759 21.7750580906868 1.02905049175024 0 1.141997523605824 680.1418467536569 0 0 0 0 1.574237778782845 0.4991962909698486 0.4014829397201538 1.238670632243156 6.744420722126961 7.727946370840073 4.694919019937515 13.11336463689804 8.492581218481064 22.65519213676453 8.351569592952728 1.542744785547256 0 0 0 0 0 0 0 0 0 0.1120047718286514 0 0 0 0 0 0 0 0 0.3111729323863983 0.9129820913076401 0 0.229641005396843 0 1.610429331660271 0 0.7788102477788925 0 0 0.1321317553520203 0 0 0 0.7268246412277222 0 0 0.1008051931858063 0.4179543405771255 0 0 0 0 0.3950037658214569 0 0 0 0.848079115152359 0 0 0 0.1381468772888184 4.995579332113266 0 0 0 0 0 0 0.1450784653425217 0 0.151388868689537 5.447541996836662 1.879020035266876 0 0.2556891739368439 0.1905010044574738 6.9417574852705 1.459568053483963 1.591072008013725 1.684592425823212 0.3628398180007935 0.7765799090266228 0 0.2486832588911057 0.4000484645366669 0 0 0 0.1093884184956551 0.1224967911839485 0 0 0.9385123401880264 0.6237364709377289 0.1344750225543976 53.26008024066687 27.95103874057531 177.3329062387347 39.75286451727152 357.720673725009 34.37871377170086 1.121693454682827 21.34895464777946 2.600389838218689 0.5651198625564575 3.717342413961887 1.756040513515472 3.877170100808144 0 0 1.352500878274441 0.3347270786762238 0
1847.759632371366 227.5723758414388 0 0.5705801099538803 154.3850848525763 90.45699782669544 40.53872358798981 2972.269286967814 251.6973575279117 16.54710196703672 1423.576701581478 6.124186396598816 104.0397801101208 316.3702743053436 4.775060638785362 3.474070727825165 0.7768150717020035 1.367743216454983 0.1222992241382599 4.219796434044838 13.04196479171515 0 2.109054781496525 2.241850145161152 35.57445640861988 7.894868321716785 16.83626719564199 1.855390764772892 1.142052367329597 2.091596432030201 5110.363897688687 474.8047043681145 179.040853574872 0.2318799421191216 12.84520950913429 22.17936467379332 9.559457086026669 2.435376346111298 2.257187612354755 4.409785076975822 42.59847747534513 2.354152984917164 1.5257802978158 1.083961099386215 0.3975834921002388 0.6873219534754753 63.91177004575729 21.77668347209692 2.476129435002804 2.905188120901585 2.32489537447691 0.2677939981222153 0 0.9718079268932343 3.535917714238167 3.052949756383896 332.441824644804 1707.080931216478 126.2018473744392 27.34853003919125 5.038580127060413 49.69764628261328 6.721063889563084 257.046473942697 16.25471357256174 6.727311260998249 2.349443055689335 8.159641616046429 60.04296001046896 233.2821703255177 11.42061848938465 19.61708457767963 0 229.4792120680213 244.6570251658559 103.3653303608298 20.09861442446709 3.853439494967461 477.2165477722883 2015.231507591903 5.646473348140717 1390.013939701021 49.35550411045551 0.102640189230442 21.60171671956778 7.381584212183952 17.96711575239897 0 1.41608052700758 0 2.213906265795231 1.413422144949436 59.03696049749851 3.875937014818192 2.52205753326416 8.123690865933895 2.743016347289085 0 1.226332530379295 1443.498202525079 0.1303066164255142 0 0 0 0.8976640701293945 0.5457391142845154 0.1326146274805069 0 0.4498760104179382 5.121720656752586 1.089872509241104 8.842165783047676 2.230447620153427 9.228803850710392 4.453577488660812 1.368659853935242 0.119782529771328 0 0 0.1238508000969887 0 0 0 0 0 0.1636219471693039 0 0 0 0 0.4580415189266205 0 0 0 1.170070961117744 0 0 0 0 1.728100001811981 0 3.285631664097309 0 0 0.1294664591550827 0.4251893684267998 0 0 0 0 0.1055419147014618 0 0.9436937868595123 0 0 0.4959758818149567 0 1.91294239461422 0 0 0 0 1.034507989883423 0 0.2586547136306763 0 2.727356925606728 0 0 0 0.122971385717392 0 0 0.102337159216404 0 0.6700472682714462 2.221594542264938 2.764124788343906 0 0.5149405896663666 0 6.391921520233154 0.8024438768625259 3.686639323830605 2.60112090408802 2.972529649734497 0 0.6642987728118896 0 0 0 0 0 0.2293451130390167 0.1220389753580093 0.112636499106884 0 0 0.7396084666252136 1.375030547380447 14.99748852849007 29.8942608833313 108.7251540347934 11.89223518967628 304.7297223880887 16.73554935306311 0.15288245677948 7.045192003250122 1.037078998982906 0.6882768273353577 4.019528493285179 0.5202887505292892 1.722029328346252 1.892352819442749 0 1.454545676708221 0.2921731472015381 0
805.5418484658003 83.28743509948254 0.5705801099538803 0 107.2118861675262 271.5238738209009 566.7245153039694 0.1043620184063911 77.04221172630787 985.8347098976374 40.38178412616253 45.35074788331985 283.8968181610107 91.21220818161964 1.28659900277853 0.1753289699554443 0 0.09200941771268845 0 0 0 0 0 0 0 0.1211870163679123 0 0 0 0 6.560468956828117 0.160164088010788 0.1384168267250061 0 0 0 0 0 0 0 0 0 0 0.2026702612638474 0 0.1622095108032227 33.11770376563072 8.047439821064472 0 0 0.1037249118089676 0 0 0 2.879318214952946 1.698994681239128 75.79696921259165 69.44835991412401 44.57720410823822 10.27649191021919 0 0 0 3.206016138195992 7.353867053985596 1.232247143983841 0.5318818539381027 1.935163855552673 0.5175460800528526 0 5.94792065769434 0.4666726142168045 0 58.52741795033216 15.77693270146847 30.95662240684032 3.025809273123741 0 0 0.6118446812033653 0 0.1398277878761292 21.09839185327291 0 9.532060228288174 1.564640030264854 2.854051396250725 0 0.1964714825153351 0 0.4458004757761955 0.1070449873805046 0.1577679812908173 0.4031087532639503 0.4765045866370201 30.95430241525173 1.026683926582336 0 0 83.21643593907356 0 0 0 0 0 0 0 0 1.759170860052109 0 0.3574245572090149 2.083686351776123 1.954952865839005 3.929276689887047 0.6825640350580215 0 0 0 0 0 0 0 0 0 0 0 0 0 0 0 0 0 0 0 1.016573905944824 0.2277953773736954 0 0 0 0.5873148590326309 0 0 0 0 0 0 0 0 0 0 0 0 0 0 0 0 0 0 0.08178291469812393 0 0 0 0 0 0 0 0 0 0 0 0 0 0 0.1109351441264153 0 0 0.2609825730323792 0 0 0 0 0.3394579291343689 0 0 0.1337308138608932 0.6427795886993408 0 0 0 0 0 0 0 0 0 0 0 0 0 0 12.4168047606945 5.531177349388599 56.23367182910442 2.599609233438969 383.7218153774738 9.146866373717785 0.1655128598213196 1.906742587685585 1.676437139511108 0 0.107569508254528 0 0 0 0 0 0.3987460434436798 0
633.7140951678157 807.1365270987153 154.3850848525763 107.2118861675262 0 1.460737705230713 508.2845446914434 39.35677359253168 3936.669636853039 445.7593428045511 594.4329379945993 195.9307442009449 417.022189989686 1302.275092564523 18.47609429061413 1.26589697599411 0.321365624666214 0.3745967522263527 0.1546262800693512 0.8504418581724167 0.7281756848096848 0 0 0.1002989709377289 0.2110282555222511 0.1056603044271469 0 0.8210795968770981 0.1283049434423447 0.1901097223162651 150.9472471028566 12.69115450978279 10.80738430470228 0 0 0.3549345806241035 2.149779289960861 0.2563566341996193 0.5689555630087852 0 0.4306347668170929 0.4483542740345001 0.1177294850349426 0.4511366039514542 0 0 173.9887999892235 14.61019694060087 0.2384447827935219 1.346276484429836 0.6896507441997528 0.242646835744381 0 0.1010136902332306 4.044753834605217 4.41960995644331 76.35367797315121 105.2574537619948 51.78954660147429 44.21271539479494 0.2370122000575066 0.1330395340919495 0 44.48729103803635 18.0123153179884 5.30285582691431 1.268066637217999 6.45601636916399 4.519132114946842 3.128565244376659 11.90475875139236 7.347327366471291 0 141.4677130356431 125.2749780938029 202.175932250917 63.64325881749392 2.49763111770153 0.9346788376569748 51.968325920403 1.835192017257214 4.58821913599968 32.19815029203892 0.1363596618175507 17.185446806252 5.359583102166653 10.20816200226545 0.1359646618366241 1.734104409813881 0.2951705455780029 1.944153115153313 1.519895538687706 1.626626722514629 1.120148375630379 3.794481858611107 13.43457496911287 3.372105240821838 0.1187838613986969 1.464787423610687 52.12748524546623 0 0 1.812562584877014 0 2.077851295471191 0 0 0.7409322261810303 4.534337252378464 2.073369741439819 2.435205534100533 16.52776566147804 4.379461601376534 14.82807451486588 5.775293201208115 0.4550556540489197 0 0 0 0 0 0 0 0 0 0 0 0 0 0 0 0 0 0 0 0.2422279268503189 0 0 0 2.249990731477737 0 1.935074396431446 0 0 0 0 0 0 0 0 0 1.977060317993164 2.960780918598175 0 0 0 0 0 0 0 0 0 0.5864450931549072 0 0.6591486185789108 0.6441293507814407 3.041345253586769 0 0 0 0 0 0 0 0 0 4.079927235841751 1.661086581647396 0 0 0 1.871285125613213 2.232429891824722 1.466086484491825 0 0 0 0 0.4225022569298744 0 0 0.1291540563106537 0 0.1060444936156273 0 0 0 0.4534207731485367 2.429675459861755 0.8201894760131836 91.93900688737631 39.46126633137465 285.8321659117937 80.35358329862356 74.57386460900307 56.38409113883972 1.465586103498936 30.26606070995331 6.144524186849594 0.4641356468200684 4.512977086007595 0 2.111188113689423 0 0 0.9011105895042419 1.650424465537071 0.4344203472137451
20.46343944966793 89.61018861830235 90.45699782669544 271.5238738209009 1.460737705230713 0 152.5561538785696 0.2012029737234116 13.52359677106142 700.5474706143141 3.023777887225151 165.9590922445059 255.1323568671942 58.67686493694782 0.3606122434139252 0.697565957903862 0 0 0 0 0 0 0 0 0 0 0 0 0 0 0.5106534138321877 0.1183136403560638 18.47762326896191 0 0 0 22.78897090256214 0 2.500944197177887 0 0 0 0 0.1150188073515892 0 0 1.552721992135048 0.1104794815182686 0 0 0.4566437602043152 1.001967787742615 0 0 0 0 70.20912923663855 4.67876523733139 0.1483549177646637 0.8054622933268547 0.1692969053983688 0.5630718469619751 0 0.1428212523460388 0 0.1068133488297462 0 0 0 0.1199829205870628 259.1041527539492 18.39281886816025 1.27070078253746 0.2359051704406738 0.5438381433486938 0.2249258831143379 0.8493926599621773 0.295712873339653 0.156839981675148 2.782692402601242 0.9886923581361771 0.2040910869836807 0 0 0 0 0 2.43257611989975 0.6103003919124603 1.761962115764618 0.8201703578233719 1.729968041181564 0.09314406663179398 0 0.4503459185361862 613.8389953672886 360.2128881067038 16.3180820941925 8.535550460219383 504.5298192799091 0 0 0.2066559791564941 0 0.3395080268383026 0 0 0 0.6441265344619751 0.8430666923522949 0.2415094375610352 2.050252750515938 3.412433862686157 2.434684678912163 0.8934891223907471 0 0 0 0 0 0 0 0 0 0 0 0 0 0 0 0 0 0 0 0 0.5426514148712158 0 0 0 0 0 0 0 0 0 0 0 0 0 0 0 0 0 0 0 0 0 0 0 0 0.4019303917884827 0 0 0 0 0 0 0 0 0 0 0 0 0 0 0 0.5310681015253067 0 0 0 0 0.331746518611908 0 0 0 0 0 0 0 0 0 0 0 0 0 0 0 0 0 0 1.783433705568314 0.1151665076613426 2.472072616219521 0.7499538138508797 64.73739323019981 0.6222473978996277 0 0.3045469895005226 0 0 0 0 0 0 0 0 0 0
2619.015442669392 2160.515592396259 40.53872358798981 566.7245153039694 508.2845446914434 152.5561538785696 0 7.33450786024332 484.7094828933477 1079.541052743793 300.6970170661807 767.1233195960522 1840.009297668934 785.2350195944309 37.03320534527302 4.357197694480419 0.6876501590013504 0.2967079281806946 0.09918849915266037 2.033093564212322 0.1566135287284851 0 0 0 0.09726158529520035 0.6889006868004799 0.2328694686293602 0.3943356946110725 0.3035582602024078 0.2131642550230026 145.2474023997784 14.54652310907841 3.610063351690769 0 0.1003996729850769 0 1.88825960457325 0 0.1121349334716797 0.1039103642106056 0.553797222673893 0.9006857350468636 0.466218575835228 1.485518299043179 0 0.1322264522314072 320.7765736952424 33.31012982875109 0.9403411820530891 1.107993490993977 1.285697340965271 1.011267766356468 0 0.5832723379135132 8.26947757601738 14.58039249479771 153.5057757198811 190.071729823947 122.9893273860216 88.81652085483074 0.544294998049736 0.5857993215322495 0.1843903511762619 60.65154016017914 39.91769018024206 10.95351277291775 3.08789487183094 10.91938559710979 7.2729277536273 7.482005819678307 21.01583846658468 12.64197028428316 0 274.1847407147288 206.826865747571 373.3468938246369 102.064011618495 4.482144400477409 2.73525358736515 7.655466698110104 2.025829829275608 7.091944843530655 68.37123546749353 0.4967745095491409 39.6875918507576 13.12618293613195 24.02540461719036 0 1.532799303531647 0.343595027923584 2.358176298439503 2.035101309418678 3.544254899024963 3.202298544347286 3.977598696947098 87.6508087143302 2.151057407259941 0.2893198654055595 1.042987212538719 93.37670861184597 2.613603219389915 0 2.409763798117638 0.13971146941185 2.893041804432869 0.8712194561958313 0.4436383247375488 4.684940814971924 7.551907286047935 23.55412024259567 5.790622785687447 34.87981513142586 12.40784420073032 33.73544892668724 16.85751657187939 1.703461572527885 0.7005392760038376 0 0 0 0 0 0 0 0 0.1051506176590919 0 0 0 0 0 0 0 0 2.54472017288208 3.728270918130875 0 0 0 4.892633676528931 0 7.764210775494576 1.798592150211334 0 0.5470139980316162 0.1400698274374008 0 0 0.253727912902832 0.5453390032052994 0 0.3062099516391754 3.077414229512215 0.3100660741329193 0 0 0 0.1731051504611969 0 0.408102810382843 0 2.851264625787735 0 0 0.1361586451530457 0.811882421374321 9.857194870710373 0 0 0.1095128431916237 0 0 0 0.3385821580886841 0.1458786576986313 0.1245454624295235 6.159900888800621 4.893849045038223 0 0.1402817666530609 0.2799839004874229 5.832210674881935 1.433096297085285 2.574613340198994 5.438673228025436 3.12379252910614 0.2973331660032272 0.7914564609527588 1.062517821788788 0.6317325234413147 0 0.1346742361783981 0 0.420571431517601 0 0 0 3.142393246293068 1.006383866071701 1.497653692960739 182.2536765635014 73.69180581718683 526.9769077971578 143.9409024640918 367.6357396095991 111.6904571801424 5.266714178025723 83.80274606496096 9.021556727588177 0.4581203162670135 13.67092801630497 0.971051849424839 7.682582378387451 0.9548229277133942 0 2.239482574164867 2.441326230764389 0.9910980612039566
290.0462829917669 774.4154991284013 2972.269286967814 0.1043620184063911 39.35677359253168 0.2012029737234116 7.33450786024332 0 40.59995783120394 1.11774305999279 677.6948752626777 5.159412376582623 147.7169668674469 857.5445524901152 6.099012114107609 1.525154501199722 0.2770489007234573 1.134333923459053 0.2523957341909409 7.412293955683708 12.12986967712641 0 2.242106728255749 1.015498600900173 29.81375835090876 5.263059876859188 16.70722103863955 0.7243472784757614 0.3093678206205368 1.243728958070278 1154.322964437306 1340.835141196847 132.2215587496758 0.4333207011222839 10.98611444979906 19.88540507853031 14.87382982671261 1.272468417882919 0.2796876430511475 3.035339377820492 36.11272118240595 1.380514331161976 1.057980112731457 0.5488876700401306 0.3440382033586502 0.1273366510868073 73.54985177516937 12.57636354118586 0.8709127753973007 2.036835454404354 1.287764437496662 0 0.1216803342103958 0.3418921381235123 1.59003072232008 2.290676705539227 78.64005188643932 169.886629037559 38.47251892089844 19.64641916006804 10.56152512133121 79.59380003809929 4.243131622672081 333.3480106964707 9.048222258687019 3.824726030230522 0.8485478907823563 4.125237569212914 39.15628320723772 159.6465682014823 9.210562638938427 13.4668912962079 0 94.75146608799696 132.0528957545757 102.6175355687737 100.3967254087329 28.98489848524332 736.1449670344591 1420.259598791599 27.99399394541979 2021.676697298884 19.79539340734482 0.1780326515436172 11.78613821417093 3.366939328610897 9.869728207588196 0 0.2136449366807938 0 1.848544515669346 1.002901241183281 44.37923756241798 1.739214204251766 1.778659515082836 2.698713764548302 0.577399343252182 0 1.992718458175659 123.2264882922173 0 0 0 0 0 0 0 0 0 0.189037024974823 0.3197631239891052 5.112267166376114 1.209400400519371 2.909037433564663 1.812022030353546 0.6886405348777771 0 0 0 0 0 0.12441735714674 0 0 0 0.1240277588367462 0 0 0 0.7399386763572693 0.1266635060310364 0 0.144268810749054 0 0 0 0 0.08580612391233444 0 2.344248950481415 0 1.097151294350624 0 0 0.3331362456083298 0.1383957266807556 0 0 0 0 0 0 0.233832411468029 0 0 0.1544484496116638 0 0.7916667461395264 0 0 0 0 0 0 0 0.1001408472657204 1.060224741697311 0 0 0 0 0 0 0 0.353590726852417 0.1197527348995209 1.129680544137955 0 0 0.1466907858848572 0.5425278693437576 0 0.2344856262207031 1.191017583012581 1.100283741950989 0 0.2744767367839813 0 0 0 0 0 0 0.2179794907569885 0 0 0 0.1879284381866455 0.1986691355705261 0 23.13722877949476 15.35099013149738 117.0423163473606 18.62492405623198 23.76436795294285 12.7135273963213 0.4923226311802864 8.810451678931713 0.8235970884561539 0 2.514879494905472 0 4.173698663711548 1.317212224006653 0 0.3099092245101929 0.2105010151863098 0
265.4248740673065 404.1026553586125 251.6973575279117 77.04221172630787 3936.669636853039 13.52359677106142 484.7094828933477 40.59995783120394 0 278.7179667726159 1576.148929640651 959.1417462676764 2023.861840941012 2580.691330827773 94.32069856673479 13.75186362117529 0.9610941335558891 0.6297206729650497 0.1254370659589767 1.365216217935085 1.30260843038559 0 0.2189907506108284 0.1608029305934906 0.09445644170045853 0.4884079992771149 0.2707754373550415 0.4632807224988937 0.4599897637963295 0.4283858984708786 375.5891344696283 75.2152498960495 16.09149483591318 0.1087353229522705 0 0.08978184312582016 1.925414614379406 0 2.307616919279099 0.3431770503520966 0.8952535018324852 2.260269112884998 0.6392170712351799 4.964395679533482 0.1448373198509216 0.2280642613768578 501.4117890223861 24.37759102135897 0.9638988152146339 1.224817179143429 1.547635048627853 0.1066208928823471 0 0.7185811325907707 6.935643680393696 14.20757955312729 121.6107468605042 150.5433492064476 92.10449473559856 120.8791409730911 1.100159823894501 0.5575881227850914 0 169.3408482596278 30.849908657372 9.461542963981628 2.052599713206291 10.76709985733032 7.788053192198277 6.401509389281273 80.35446224361658 45.98433568328619 0 287.4594641178846 309.6766913086176 569.8542525395751 280.0096527561545 14.60605442523956 3.661839358508587 64.46566350013018 4.722785606980324 14.1925049200654 49.44883577525616 0 34.06100540608168 10.35712657123804 18.97429589927197 0.1147016957402229 1.101526230573654 0.5445573851466179 1.915335804224014 2.103412635624409 3.709371812641621 1.849206909537315 4.89231450855732 148.6217276081443 12.42632058262825 0 2.8714854195714 56.4471400231123 3.967413246631622 1.372372388839722 10.5703994333744 0.1492946892976761 9.534851223230362 7.858580589294434 0.824577122926712 19.57472862303257 23.61972028017044 88.54927192628384 36.05401216447353 142.6975486427546 54.48232601583004 149.4050597846508 61.08571210503578 5.668414376676083 1.138188153505325 0 0.4821980521082878 0 0 0 0 0 0 0.1891368627548218 0 0.5510853007435799 0 0.1383126676082611 0 0 0 0 7.040202602744102 4.828656449913979 0 0 0.3749646246433258 15.22813136130571 0 18.48814142495394 1.210816442966461 0.09773287177085876 0.5155872106552124 0 0 0.6001185178756714 1.030353121459484 0.15432208776474 0 3.393119364976883 14.35323783755302 0.5002774596214294 0 0 0 0.1008937805891037 0 0 0.847082644701004 8.986941576004028 1.475310444831848 0.574932336807251 1.447784148156643 0.6632296964526176 27.22179891169071 1.492151841521263 1.907601356506348 0.925522193312645 0.7448013871908188 0.7939880788326263 0 0.2748514786362648 0 0.3285738974809647 31.62784300744534 22.39791872352362 0 0.1038153618574142 0.1117952987551689 32.74731624126434 7.503650456666946 14.88904191553593 9.433666117489338 8.67184790968895 4.027682423591614 4.338401220738888 3.622068881988525 1.242123275995255 0 0.08148157596588135 0 1.245486855506897 0 0 0 8.833391383290291 7.866244688630104 3.142151735723019 394.9469602182508 81.9187328517437 842.2374089062214 332.7591347172856 185.5657355934381 178.360572040081 12.44740287214518 190.1504574269056 43.65876592695713 3.919377692043781 42.61198516190052 4.476960748434067 34.05427248775959 6.734466373920441 0 7.190515585243702 7.051305592060089 2.265680685639381
1431.648146122694 152.3925667330623 16.54710196703672 985.8347098976374 445.7593428045511 700.5474706143141 1079.541052743793 1.11774305999279 278.7179667726159 0 50.91077578812838 411.1716985851526 2027.070901185274 633.0150854736567 7.62349846214056 1.675523646175861 0.1232186928391457 0 0 0.2730718776583672 0 0 0 0 0.1154847294092178 0.2620127499103546 0 0.1280428022146225 0.2764599546790123 0.4757245108485222 24.50821644812822 1.627316668629646 24.39514182507992 0 0 0 34.49723347276449 0 15.9152492582798 0.1021159365773201 1.936318166553974 0.1343466341495514 0 0.8301187306642532 0 0.2193811982870102 115.0965623632073 13.45197321474552 0.2954245209693909 0 0.8141665533185005 0 0.1634970903396606 0 4.9062315300107 5.701851785182953 112.8741672113538 91.18159864097834 67.25689119845629 26.86908464878798 0.5116379335522652 0 0 10.37028643488884 16.07641314715147 3.988679207861423 1.314625799655914 5.363068416714668 2.134565860033035 2.052561305463314 552.1165902689099 60.97896563261747 0 109.3500899448991 59.39676469564438 124.8283484578133 24.15702578425407 0.7067807167768478 0 3.339873865246773 0.2880399376153946 3.36784166097641 34.6631797850132 0.2295438647270203 14.86929322779179 3.889827892184258 7.261006712913513 0 0.8735073208808899 0.1168417558073997 1.018194235861301 0.7107727080583572 1.360333971679211 0.8917094394564629 1.514339610934258 449.5314023792744 45.5187723338604 0 18.68555278331041 377.6086946502328 2.661910265684128 0.800895631313324 43.00401571393013 7.102462440729141 13.32047075033188 5.744573622941971 2.10036289691925 12.63095653057098 9.968804135918617 76.99065437912941 23.89049062132835 120.976106479764 59.56732311844826 158.9733742028475 40.16127623617649 4.811413779854774 4.989382520318031 0 0 0 0 0.3627647459506989 0 0 0 0 0 0 0 0 0 0 0 0 7.899466291069984 1.571053072810173 0 0 0 28.95868903398514 0.8159979432821274 33.144391015172 0.528631329536438 0 0.4525108337402344 0 0.3289037942886353 0.2735334932804108 4.028872489929199 0.7148934602737427 0 7.69061878323555 17.98379571735859 4.079592734575272 0.6132563352584839 0 0 0 0 0 0.2260955721139908 18.43191030621529 2.993400141596794 1.613625168800354 2.797644317150116 2.739357054233551 37.31610280275345 3.464819967746735 2.219546541571617 2.392093203961849 0.09309860318899155 0.7016191482543945 0 0 0 1.179557822644711 24.41652261465788 21.76690828800201 0 0.197529211640358 0 30.31474427878857 13.30234831571579 34.80492475628853 14.48296396434307 11.50533635914326 11.05115832388401 3.273999035358429 7.905541926622391 1.937930598855019 0 0 0 2.083453983068466 0.09379833191633224 0 0 7.233206525444984 4.376404762268066 8.477408051490784 138.3504100143909 26.02511478215456 208.0304884836078 51.20233577489853 851.1928802505136 54.0451186299324 1.016669452190399 71.69772660732269 66.26938140392303 0.872177965939045 64.87089794874191 10.71313460171223 29.37974220514297 5.492222487926483 1.153708934783936 12.70092590153217 1.392056673765182 0.2613673210144043
631.0153214484453 2640.482130646706 1423.576701581478 40.38178412616253 594.4329379945993 3.023777887225151 300.6970170661807 677.6948752626777 1576.148929640651 50.91077578812838 0 87.37772315740585 1580.632665120065 6991.370218761265 23.00807075202465 5.628387540578842 0.220945917069912 0.2160124704241753 0 0.5899766385555267 0.2442384660243988 0 0 0.1724870800971985 1.885632112622261 0.1602220982313156 1.638218238949776 0.2649739980697632 0 0 437.8585839942098 116.1877533942461 183.4314884468913 0.2570720463991165 0 3.166901133954525 17.66395897418261 1.127561114728451 0.4891205877065659 1.277497060596943 1.973143868148327 0.3324615210294724 0.3334499374032021 2.613725230097771 0.1509581655263901 1.243860587477684 117.7201624363661 9.39326585829258 0.3606732711195946 0.7084434181451797 0.7696086540818214 0.1195657253265381 0 0.3453027904033661 2.286512695252895 3.033419169485569 66.70073179900646 131.3922063410282 40.03734111040831 26.14200880378485 0.2277313470840454 1.023296564817429 0.304650142788887 79.17197422683239 10.99249978363514 2.936680853366852 0.9611873775720596 3.854275338351727 4.404755018651485 8.86806309223175 44.93885540962219 18.53210084140301 0.1096629649400711 101.7328503280878 129.4645723700523 144.5375854074955 77.3801117092371 7.19289542734623 64.75782534480095 1314.399092443287 3.153180472552776 35.51223342120647 19.19221149384975 0.1217605844140053 11.35053016245365 3.610539503395557 8.097405843436718 0 0.4995671063661575 0 0.8253351077437401 0.3251775503158569 5.340490497648716 1.978407353162766 0.7134775668382645 26.72962400317192 6.171885088086128 0 0.3869157135486603 103.3974462524056 1.879278182983398 0 1.078016012907028 0 3.258981913328171 0.2391472905874252 0 1.613151401281357 7.692665830254555 21.22676646709442 4.100687354803085 37.55542998015881 15.0805352628231 51.38905754685402 13.99593362212181 0.8895742446184158 0.1799509525299072 0 0 0 0 0 0 0 0 0 0 0 0 0 0 0 0 0 1.078537315130234 0.4007023870944977 0 0 0 3.880835130810738 0 1.692293673753738 0 0 0 0 0 0 1.16659227013588 0 0 1.395380079746246 2.15876804292202 0 0.6970013380050659 0 0 0.2727163732051849 0 0 0.1847810596227646 2.188009291887283 0 0 0 0 4.62270313501358 0 0 0 0.1158658340573311 0 0 0 0.1600944846868515 0.1458346098661423 6.177596345543861 6.579469203948975 0 0.118597038090229 0.1168791055679321 5.968985289335251 1.163180738687515 2.271459817886353 1.664985373616219 0.3301160931587219 1.600505895912647 1.269581466913223 0 0.5741499066352844 0 0 0 0 0.1003483459353447 0 0 2.319240212440491 2.496520459651947 0 83.61149756610394 17.24296363443136 185.4924720302224 60.47137987613678 44.69507549703121 28.61129885911942 1.558874525129795 34.59979945421219 10.83694376051426 1.448488831520081 11.17189276963472 0.5302066206932068 7.915050134062767 1.115639209747314 0.1006594523787498 0.7984788119792938 0.7101317942142487 1.128781408071518
74.49483487010002 56.38289035856724 6.124186396598816 45.35074788331985 195.9307442009449 165.9590922445059 767.1233195960522 5.159412376582623 959.1417462676764 411.1716985851526 87.37772315740585 0 3638.786602981389 899.3238131180406 25.04567301273346 10.23042549192905 0 0.1258937418460846 0 0 0 0 0 0 0 0 0.1384765654802322 0.4533239454030991 0.3805339336395264 0 17.41856284439564 6.488385245203972 54.01745025068521 0 0 0.1513451486825943 90.36882326006889 0 10.43711584061384 0.2512780651450157 0.2532891482114792 0.3189291805028915 0 3.131435617804527 0 0.2044539749622345 94.59423418343067 2.565815202891827 0 0.1405829787254333 0.2673398852348328 0 0 0.1168211102485657 0.5831920728087425 2.063605964183807 13.06095631420612 15.29603826999664 11.64923156797886 15.37711840122938 0.1382790207862854 0.1768031120300293 0 20.74801095575094 2.970156840980053 0.9780789539217949 0.2030044794082642 0.7100746035575867 1.451027065515518 1.37050212174654 205.1855730339885 128.0102397352457 0 27.37340212613344 26.89296674728394 85.84229163080454 57.87121994793415 8.620482251048088 1.285728633403778 28.46649996191263 2.338117480278015 3.317206285893917 5.2334353774786 0 3.862452574074268 1.816393874585629 1.525150582194328 0 0.1970555558800697 0 0.1362598538398743 0 1.992492713034153 0.7215475291013718 1.411166675388813 1501.032382577658 37.49079521745443 0 15.51970076560974 41.20869612693787 6.282372623682022 0 19.485734552145 2.101419225335121 21.5516844689846 8.48833966255188 3.628271952271461 45.88870096206665 53.99772077798843 199.8468700647354 68.15348927676678 404.0750294625759 143.4321296215057 486.7815053611994 150.0964832901955 9.935765966773033 5.746113672852516 0 0 0 0 0.284798800945282 0 0 0.1786503940820694 0 0 0 0.2729194462299347 0 0 0 0 0 15.63183972239494 17.24908548593521 0 0 0 47.42302018404007 2.475094795227051 43.28477960824966 2.883269339799881 0 0 0 0.5191164612770081 0 0.3071280121803284 0.9664915502071381 0 9.827597364783287 34.86277291923761 2.398522570729256 0.1088250055909157 0 0 0.08416632562875748 0 0.4005036652088165 0 16.61441181600094 12.81433037668467 0.7963328957557678 0.9745528697967529 1.470685601234436 63.53136247396469 6.478051081299782 1.928287282586098 3.174522310495377 1.014200031757355 0.7874936014413834 0.1196663305163383 0.4668434858322144 0.11174526065588 1.141953349113464 66.18860572576523 32.0105781853199 0 0 0.3102602362632751 63.4981439858675 13.78948132693768 40.19601494073868 24.52186386287212 17.37651064991951 11.61992298066616 4.229930371046066 8.972993865609169 1.732589483261108 1.010078400373459 0 0 1.805029548704624 0 0 0 25.10457417368889 16.03303977847099 4.46065990626812 213.1026388257742 18.8979759439826 156.6505658775568 86.88868746906519 156.1418629810214 48.24040697515011 3.163862325251102 98.47790556401014 83.39721620827913 2.59094462543726 94.56371109932661 18.62884676456451 47.48753942549229 10.6427089869976 0.5897564291954041 15.45418499410152 1.883801773190498 0.7734499871730804
263.2004167586565 427.8754627108574 104.0397801101208 283.8968181610107 417.022189989686 255.1323568671942 1840.009297668934 147.7169668674469 2023.861840941012 2027.070901185274 1580.632665120065 3638.786602981389 0 3692.865935258567 121.9442100450397 62.87309019267559 3.357398949563503 0.6971470639109612 0.2997783273458481 1.290321290493011 0.7377037703990936 0.19279944896698 0 0.2507827058434486 4.174930207431316 0.2687700092792511 0.5771931558847427 0.9621701017022133 1.337828859686852 0.4666300415992737 138.4644288420677 54.72573086619377 496.8417822495103 0.5824489444494247 0 2.814738929271698 30.7069351375103 0.6282630115747452 1.785948731005192 2.571625657379627 3.29723983258009 0.9449025765061378 0.4508404657244682 17.2207617983222 1.379254944622517 2.142750330269337 307.0761883184314 11.98276122659445 1.308401197195053 1.345310471951962 1.13070934265852 0 0 0.4075629860162735 3.418631702661514 5.008986942470074 48.13404726237059 62.79176215827465 37.37201714515686 61.22427078336477 1.198358796536922 1.097443543374538 0.6586349904537201 90.13672284036875 13.66796413809061 5.852199196815491 1.958155862987041 4.766301102936268 9.273370981216431 24.59265059232712 375.3448302596807 130.7969308719039 0.1578343212604523 114.2128186523914 110.4661744534969 313.069632306695 215.3275387883186 55.64526326209307 19.03854654729366 354.1568602994084 14.27303823828697 43.40733700245619 20.20059721171856 0.2211774587631226 13.27906733006239 4.988323479890823 8.460003145039082 0.205405205488205 0.591141976416111 0.1211143583059311 1.87291906774044 1.286153621971607 8.586945615708828 4.083687052130699 3.143978573381901 5066.230982065201 180.6337753236294 0 2.876037783920765 86.63156580924988 5.151615008711815 2.737424105405807 26.90002255141735 1.317879974842072 25.81631611287594 12.6008270829916 4.369024306535721 43.05202534794807 67.45298378169537 168.9196995049715 82.667326182127 348.4697725921869 187.3946661502123 515.7894567102194 188.4419084042311 7.395442895591259 3.841699957847595 0 0.3177659809589386 0 0 0 0 0 0 0 0 0 0.3152304887771606 0 0.1345657259225845 0.3723217099905014 0 0 19.40066987276077 14.00012718141079 0 0.1105832830071449 0 37.7680199444294 0 13.00354423373938 1.763799428939819 0 0 0 0 0.3990021944046021 2.539565548300743 0.9479663670063019 0 7.154527097940445 30.36160130798817 0.2860574722290039 0 0.2020812332630157 0.2395838350057602 0.1769486516714096 0.3259839415550232 0.7546098232269287 0 14.72287164628506 4.818291217088699 1.354673027992249 1.055172234773636 1.230622947216034 52.53940739482641 2.451549008488655 1.636573769152164 0.9455834627151489 0.3749735057353973 0.3162031173706055 0 0.618479497730732 0 0.135755330324173 89.64532871544361 22.4329731836915 0 0 1.272024378180504 69.72738733887672 5.721358612179756 16.8557512909174 11.62930028885603 7.576083295047283 13.72491523623466 3.375846475362778 3.814393527805805 1.22599783539772 0.2227970212697983 0 0 1.681298524141312 0.2201970964670181 0 0.1569940000772476 46.23486644029617 14.2983373105526 0.9941449761390686 319.1563841700554 44.62292060256004 470.780804283917 254.0125367715955 214.9644875973463 92.00330863147974 9.149382673203945 163.1229799836874 52.70580549538136 7.359805934131145 55.51925341039896 14.84438156336546 37.96374940872192 4.610150068998337 0.7571654319763184 10.60790680348873 8.799307323992252 2.860540971159935
331.1722585037351 1151.242146670818 316.3702743053436 91.21220818161964 1302.275092564523 58.67686493694782 785.2350195944309 857.5445524901152 2580.691330827773 633.0150854736567 6991.370218761265 899.3238131180406 3692.865935258567 0 104.9619682654738 43.81641136854887 2.595982544124126 0.6449132710695267 0.1990833431482315 1.213303446769714 0.8901846930384636 0 0.2962521910667419 0 5.554542168974876 0 0.6186142936348915 0.5132330656051636 0.7459690570831299 0.6130888983607292 256.96437843889 78.0557571426034 446.8365396484733 0.2949163317680359 0.4478864818811417 2.75136336684227 222.8795851096511 1.950463622808456 4.290471494197845 3.326675310730934 5.133866749703884 0.8085122853517532 0.3274981677532196 17.16655639559031 0.526327982544899 2.946368984878063 292.9807325452566 8.261900618672371 0.8856907784938812 1.571282126009464 1.203844681382179 0 0.1392070055007935 0.6785762682557106 2.738619662821293 5.841215908527374 73.33465832471848 109.0211512073874 48.64976258575916 48.17034969478846 1.959608353674412 0.8489676341414452 0.8263511061668396 120.6037917286158 13.01250315457582 3.192894779145718 1.387836180627346 5.798348315060139 9.136599481105804 27.30413199961185 297.9652174562216 123.726683691144 0.2573826611042023 123.0371788069606 165.1648821160197 320.5806973800063 234.7690516337752 42.70673439651728 33.28499756008387 1932.868943326175 11.25659507513046 183.5252916961908 24.85369949787855 0 14.90517922490835 3.031480990350246 9.084713600575924 0 0.3984696492552757 0 2.605198964476585 0.6297453343868256 15.21479675173759 3.220436774194241 2.311558179557323 894.0581282675266 90.69194399565458 0.2715300768613815 1.814415149390697 84.9175077304244 5.860051915049553 1.010284438729286 13.26603046059608 1.214506462216377 16.77066548168659 7.489274501800537 4.540733367204666 20.53435674309731 26.74971367418766 85.02683958411217 41.07522420585155 199.8989032506943 89.33550725877285 300.5925412774086 101.369988232851 7.297339856624603 3.421084247529507 0 0.1255782395601273 0 0 0 0 0 0.611651599407196 0 0 0 0 0 0.3040922880172729 0 0 0 12.8129189312458 10.52897910773754 0 0 0 21.96710392832756 0 11.06142970174551 0.2190591394901276 0 0.2216279357671738 0 0 0.3607918620109558 1.129337072372437 0.3118233680725098 0 5.860664919018745 15.68098662793636 0.2483336925506592 1.998651653528214 0.1395521759986877 0 0 0.5081976130604744 0 0.3049016892910004 7.699867397546768 2.89227506518364 0.5953879952430725 0.9540723040699959 0.745335191488266 32.99856922775507 5.33141703158617 0.449606329202652 0.2478297427296638 0 0.1213600337505341 0 0.2485488802194595 0 0.5944795310497284 50.64272801578045 16.65195746719837 0 0.4219850972294807 0.8685800209641457 45.10537321120501 6.016861841082573 13.12613479048014 11.88661833107471 7.879737585783005 9.354384519159794 4.570767059922218 2.974862448871136 0.233449324965477 0 0 0 1.435820803046227 0.1884164065122604 0.6131627410650253 0 20.42455795407295 12.56779189407825 4.098730944097042 310.9461603462696 35.42267036437988 469.6543731689453 225.7625007405877 121.5512517169118 87.58088989555836 6.239153057336807 179.5310893282294 33.47171777486801 2.755996659398079 44.16393176466227 7.669072233140469 15.43237788975239 2.051297284662724 0 7.322168111801147 7.720358029007912 2.48754620552063
