0 3867.197988696396 415.8987640440464 595.4433142393827 667.7437264695764 327.2350109964609 531.9656109958887 277.9291485846043 74.71658293157816 677.5509330779314 270.6090572401881 19.35106814652681 37.69547614455223 11.8618818372488 3.635431572794914 0 0 0.1007016226649284 0 0 0 0 0 0 0.2299393638968468 0.1475354731082916 0 0.2000754773616791 0.1251655071973801 0 262.2251010015607 0 1.108807936310768 0 0 0.1071165278553963 0.6962691023945808 0.2514047771692276 0.2386870607733727 0.3718395009636879 0.1913864612579346 0.3932954221963882 0.09770727902650833 0 0.1422437727451324 0 8.590895943343639 3.362208060920238 0.5105262249708176 0 1.357401080429554 0 0.2523640096187592 0 4.398482851684093 9.253723494708538 385.3360980376601 731.2790420949459 22.84783770889044 14.894930370152 0.2052525281906128 0 0 1.041980981826782 1.832993999123573 1.983199737966061 1.383741267025471 1.183654494583607 0.3850588351488113 0.8470972254872322 3.143521137535572 3.098874807357788 0 194.0496040284634 47.78234869986773 6.575407415628433 0.1848084777593613 0 0 0.5754994302988052 0 0.2949104532599449 16.13737309724092 0.1197565644979477 1.966386914253235 2.724321916699409 2.151890560984612 0.6400336027145386 1.317850559949875 0.1063099652528763 0.4077141657471657 0.2150794565677643 1.392951883375645 0 0.2119452953338623 10.16364574432373 3.758022010326385 0 0.07894506305456161 1267.884495213628 0 0.531831681728363 0 0 0 0.8518999814987183 0.807271420955658 0 2.399448275566101 0.7528399080038071 0 1.276635967195034 0.8760465160012245 0.116231381893158 0 0 0 0 0 0 0 0 0 0 0 0 0 0 0 0 0 0 0 0 0 0 0 0.3015703558921814 0 0 0 1.07649102807045 0 0 0 0 0 0 0 0 0 0 0 0 0 0 0 0 0 0 0 0.1765230447053909 0 0 0 0 0.9256111979484558 0 0 0 0 0 0 0 0 0 1.5934669226408 0 0 0 0 0 0 0.2218129485845566 0 0 0 0 0 0 0 0 0 0 0 0 0 1.510871820151806 0.191871702671051 0.8695912957191467 45.85963652282953 7.134130112826824 173.7626344934106 27.73809511214495 783.7800280451775 8.699193358421326 8.354301393032074 10.54392146319151 0.5661846697330475 0 0 0 1.245305955410004 0 0 0 0.1597716957330704 0
3867.197988696396 0 1746.017638519406 959.0818584188819 4024.759589657187 418.2358347028494 3124.673519395292 724.2683219388127 1150.646946825087 434.6281979754567 687.9800262749195 27.24966980516911 126.8654700815678 194.671546317637 26.68208369612694 0.4485716447234154 2.130392730236053 0.7714399918913841 0.6702202931046486 0.8200397416949272 0.606039471924305 0 0.418159157037735 0.4222535490989685 2.453129693865776 3.595094241201878 1.450749956071377 1.867065966129303 3.345520704984665 0.4339490607380867 2375.868196107447 33.48033194988966 17.23714280128479 0 0.315175473690033 0.3745527490973473 5.257915265858173 1.123523198068142 0.9790025874972343 2.605548121035099 2.590938605368137 5.665737450122833 0.5283296704292297 0.342709556221962 1.018395662307739 0 168.7226862609386 30.08766859769821 4.225800380110741 0.3513652458786964 13.01880284398794 0.5789766013622284 0.2452326193451881 1.917247220873833 17.32923809438944 49.52898463606834 319.1589122489095 1386.289052575827 25.25023786723614 106.8210357278585 0.4681489318609238 0.6770680844783783 0.1101680919528008 32.41887944191694 17.46661188453436 10.57146266102791 14.12000151723623 12.09494161605835 3.396761976182461 5.426830559968948 16.36855858564377 18.62665110081434 0 434.6212034747005 442.5531075522304 110.5324665307999 3.016519643366337 0.2584006637334824 0.162245124578476 9.963712573051453 0.639744333922863 3.725013308227062 83.19703297317028 2.789824850857258 14.42438628524542 17.61695432662964 20.95907701551914 0.6220806241035461 8.322508692741394 0.6793407648801804 3.33256571739912 1.118032574653625 4.605552971363068 3.37867945432663 4.629015974700451 44.97687648236752 9.55704739689827 0 1.260985933244228 1999.680232308805 0 0.8621725142002106 0.8813752979040146 0.4917376339435577 0.2877185046672821 20.92040041834116 1.174766600131989 9.422731816768646 10.13807193934917 4.384635210037231 0.4611372202634811 19.01859486103058 11.53800474852324 13.01712734997272 1.375227436423302 0 0 0 0 0.3337412476539612 0 0 0.296683132648468 0 0 0.3361477851867676 0 0 0 0 0.6035402864217758 0 0.2926190793514252 0 0.1232564747333527 0 0 0 0.1610598564147949 5.231952786445618 0 5.920476526021957 0.4814924895763397 0.8870370835065842 0 0.3198312222957611 0 0 0 0 0 0.2412836253643036 0.7437307685613632 0 0 0 0.3105631768703461 0.4313143789768219 0 0 0 0 1.427731990814209 0.3030644357204437 0.1304584741592407 1.003114491701126 12.11499706655741 0 0 0 0 0 0.1512025892734528 0 0 0 23.12416377663612 5.397449687123299 0 0 0.3312472701072693 2.23976393789053 1.178402870893478 7.133810564875603 0.7822266221046448 0.2738907188177109 0.2764641791582108 0 0 0 0 0 0 0 0 0 0 4.957570552825928 3.412280544638634 6.387032382190228 444.8597855046391 66.36171080172062 1099.700612038374 136.6630481109023 902.3613966703415 46.70122936367989 48.37219779193401 108.17985393852 6.175523653626442 0.5719313398003578 3.896924488246441 0.2694554626941681 10.05431884527206 0 0.09842865914106369 1.495767138898373 5.639389842748642 2.275125093758106
415.8987640440464 1746.017638519406 0 4.420267023146152 1358.503081530333 9.854264363646507 12.1354104578495 966.991134442389 268.1907575801015 1.427479632198811 2126.843080058694 5.540524028241634 18.07048753648996 150.4341997504234 15.2412400841713 1.040047071874142 0.9370226338505745 0.4548414722084999 0 0.1374113410711288 8.888913780450821 0.3875733315944672 0.210027739405632 0.5366593971848488 8.315490514039993 2.916328527033329 2.760387390851974 2.814117580652237 1.182604759931564 0.4279542863368988 6344.078941710293 1424.336556054652 23.66157311201096 0 0.3029449507594109 8.852102644741535 11.91712986677885 15.14749988913536 3.306243412196636 7.087990090250969 19.96707652509212 7.226320959627628 1.610724113881588 0 0.4422452300786972 0.09570807963609695 65.68069349974394 14.93270674347878 1.531197041273117 1.656553484499454 12.12098854035139 0.4270600378513336 0 1.652915589511395 12.20440789312124 27.61962401866913 148.370250582695 2065.910562850535 15.06179308891296 61.36144781112671 0.474185474216938 6.254456989467144 1.378028929233551 46.84184866398573 10.1480158418417 5.304697535932064 7.180424906313419 10.0004877820611 11.20358710736036 69.32924397289753 10.99031241238117 0.4220814555883408 0 265.4309059530497 265.5841885060072 52.6010454595089 6.947369605302811 4.959310688078403 38.91608092188835 325.3763813301921 3.812985107302666 56.20753379911184 39.02436421066523 1.298830166459084 6.734271861612797 8.208267822861671 10.96205917745829 0.3383423984050751 3.261305019259453 0.5038251504302025 2.131770879030228 0.602336511015892 30.20277246832848 7.468106105923653 1.716866798698902 1.523243471980095 1.756572172045708 0 2.080102056264877 464.1845104545355 0 0 0 0 0 0.1646261364221573 0.1687320470809937 0.2006259709596634 0 0 0 0 0.1368333697319031 0.2038079649209976 0 0 0 0 0 0 0 0 0.1134812831878662 0 0.464903250336647 0 0 0 0.1461205929517746 0 0 0 0.2690519317984581 0 0 0 0 0 0 0.1617141664028168 0 0.8414968624711037 0.123965822160244 0.1600348651409149 0.1314266175031662 0 0 0 0 0 0.1405716687440872 0 0.1066986471414566 0 0 0.1009908318519592 0.1233749017119408 0.2359643802046776 0.07457193732261658 0 0 0 0 0 0 0 0.3559183552861214 0 0 0 0 0 0 0 0 0 1.157374255359173 0.4015771001577377 0 0 0.1414796262979507 0 0.1203122735023499 0.3734025284647942 0 0 0 0 0 0 0 0 0.1147014051675797 0.1688644364476204 0.2872670590877533 0.1019795462489128 0.1056890711188316 0.137176901102066 0 0.3593701794743538 103.5274566784501 30.92032305896282 394.3275769352913 48.58377360552549 57.56790955364704 12.89040297269821 21.23975889384747 23.38548749685287 0.2808282524347305 0.150986984372139 0.2231248319149017 0 0.1270119994878769 0 0 0.31779845058918 1.740105018019676 0.556663379073143
595.4433142393827 959.0818584188819 4.420267023146152 0 411.1991447657347 465.7309928536415 3738.2277065292 1.921711698174477 60.60968129336834 2318.258723005652 1.237459346652031 246.3371070176363 542.9337488561869 21.68278511613607 1.730633936822414 0 0 0 0.2251570969820023 0.2397481575608253 0.1008400470018387 0 0 0 0 0.2493401318788528 0.4197290241718292 0.148720845580101 0.3912640511989594 0.1146095395088196 17.91738612949848 0.3947786465287209 4.114382445812225 0 0 0.3171001002192497 0.7757308855652809 0.2348435297608376 0 0.4584088623523712 0.09697159379720688 0.1271277815103531 0.1071063429117203 0 0 0.1299115866422653 16.7986896187067 2.584858968853951 0 0 0.8488220795989037 0 0 0.2247914373874664 2.096883937716484 4.916480094194412 37.33500121533871 116.1268917918205 2.745809949934483 9.922553323209286 0 0 0 1.250178582966328 1.350154764950275 0.8609777018427849 0.9068563282489777 0.9316530674695969 0.2181079387664795 0.2156056463718414 5.961999133229256 13.94126917421818 0 43.66471643000841 36.65595773607492 8.551254399120808 0.2468418553471565 0.121456116437912 0 3.046826124191284 0.1178768277168274 0.4442517906427383 8.679353728890419 0.1146567165851593 2.196182996034622 1.229572959244251 1.638746403157711 0 0.6991795003414154 0 0.2879512086510658 0 0.5770150572061539 0.1011354699730873 0.6849989891052246 59.14497673511505 2.999947190284729 0 0.4298379123210907 321.8648217469454 0 0.1578713804483414 0.7486234456300735 0.5033564865589142 0 22.52743335068226 1.409967690706253 4.174212217330933 25.90338419377804 4.120015859603882 0.3045673966407776 14.53543099761009 10.79669775813818 9.083507299423218 1.075049296021461 0 0 0 0 0.1040321215987206 0 0 0 0 0 0 0 0 0 0 0 0 0 0 0 0 0 0 0 4.17601566016674 0 5.42697337269783 0 0 0 0 0 0 0 0 0 0 0.5105472654104233 0 0 0 0 0 0 0 0 0.1208037286996841 0 0 0 0 6.22484989464283 0 0 0 0 0 0 0 0 0 9.683894954621792 1.90358567237854 0 0 0 1.683478936553001 0.7041163891553879 3.756018504500389 0.6649420559406281 0.3840923756361008 0.345567874610424 0 0 0 0 0 0 0 0 0 0 6.694626428186893 2.080050215125084 3.183524042367935 72.08750978857279 6.148240581154823 118.0604535192251 15.69353445619345 497.7369460389018 2.941509939730167 5.197522960603237 12.53402324765921 3.992086827754974 0 2.092797696590424 0.341994047164917 10.32109580934048 0 0 0.7076824903488159 0.1233896613121033 0
667.7437264695764 4024.759589657187 1358.503081530333 411.1991447657347 0 42.99696263670921 883.5579310953617 1360.419441886246 4749.651100538671 432.86517072469 537.3619630783796 99.27427580207586 304.235067807138 834.3251473456621 27.03354948759079 1.215684533119202 1.936419382691383 0.7786014676094055 1.109134033322334 0.9025063216686249 2.212165310978889 0.1073671355843544 0.4298712313175201 0.4244679883122444 2.54551886767149 3.510108292102814 3.863370701670647 3.259560391306877 4.714423604309559 1.229753270745277 761.4888495057821 80.36784660816193 34.71464496105909 0.1060054376721382 0.2314785495400429 0.5767058506608009 9.981252685189247 2.503114871680737 2.36469254642725 3.734103724360466 3.34905219078064 7.270585797727108 0.7012643069028854 0.7209087163209915 1.251435860991478 0.0868135541677475 216.1465108767152 31.39703557640314 4.114941827952862 1.700098216533661 12.11461775004864 0.3952336460351944 0.4554068893194199 3.558385528624058 13.23963722586632 36.94025380909443 118.6212914213538 614.4742998257279 12.20777376741171 97.07776277512312 0.3932146355509758 1.117198340594769 0.09284814447164536 74.82220425456762 11.75138150900602 9.42370181530714 10.21450063586235 12.23921079933643 3.893854267895222 12.03291086107492 32.60055077075958 34.89726082980633 0 250.6220912337303 456.6437997445464 138.9134453237057 12.05698807537556 0.5179378986358643 0.71052286028862 15.7439316213131 0.1379534602165222 4.156525403261185 62.55250026285648 0.6504567638039589 11.69685784727335 12.4347407668829 19.75037860125303 0.2728409096598625 7.328343704342842 0.2036642804741859 3.470687240362167 0.8339618146419525 6.078965879976749 5.616514921188354 5.364630378782749 98.25668618083 23.53743188083172 0 4.998511545360088 222.388538338244 0.1024214178323746 1.126741141080856 4.597568042576313 0.604906901717186 0.1520059555768967 21.16605114191771 3.249215871095657 22.90966960042715 9.843937672674656 15.02250180393457 2.04921492934227 44.4175573438406 39.46371591091156 40.7004182189703 4.146671928465366 0 0 0 0 0 0 0.5012830495834351 0 0.4540379345417023 0 0 0 0 0 0 0.2765751481056213 0 0 0 0.4624091386795044 0 0 1.116557464003563 0.1227374821901321 12.28269239515066 0.9801587909460068 18.00010818988085 1.105462849140167 0 0 0.1689926981925964 0 0 0 0 0 0.4562029540538788 1.755143649876118 0 0 0 0 0 0 0 0 0 0.1023670062422752 0.3567261397838593 0.554619625210762 0.5077517181634903 25.86071903258562 0 0.315609335899353 0 0.08834430575370789 0 0 0 0 0 56.59014207869768 12.26407605409622 0 0 0.1487112939357758 4.685087837278843 4.475816361606121 17.32153212279081 2.326889976859093 1.052080303430557 0.7914106696844101 0 0.1157828345894814 0 0 0 0 0 0 0 0 22.35878997296095 14.33877919614315 11.57062855362892 566.2648877203465 77.21672017127275 1010.07514847815 133.5148530304432 223.6366954669356 61.95279632508755 34.38695052266121 133.315669670701 15.22746083140373 0 10.03813718259335 1.302405416965485 33.97044704854488 0.5298153460025787 0 2.372310757637024 7.675073623657227 2.937821716070175
327.2350109964609 418.2358347028494 9.854264363646507 465.7309928536415 42.99696263670921 0 204.6158289462328 2.581830203533173 13.81339359283447 591.6228909045458 6.009390562772751 154.5917080193758 58.25022544711828 26.23320783674717 0 0 0 0 0 0 0 13.61420974135399 0 0 0 0 0 0.283147394657135 0.9818219244480133 0 5.444025978446007 0 13.65799467265606 0 0 0 5.742547199130058 0 0.2145543098449707 0 0.6929873824119568 1.536431491374969 0 0 0 0 0.4788800328969955 0.1723866164684296 0 0 0.933077871799469 35.19714792072773 0.8921138048171997 3.840454265475273 0.09652488678693771 0.5490082427859306 100.668963752687 20.10900489240885 1.997382327914238 1.32511343061924 0 0.3416363298892975 0 0 0 0 0.1172758936882019 0 0 0 64.07275326550007 121.044203966856 10.06696291267872 4.178870484232903 1.164445176720619 0.133489266037941 0 0 0 10.41901780664921 0 0 0 3.370043605566025 0.2495853304862976 1.536454908549786 0 6.301948741078377 4.64640112221241 15.46985511481762 0.6636915951967239 6.349236130714417 0 0.1736693978309631 5.041140377521515 165.9305409342051 73.72720350325108 28.18152943253517 6.039396569132805 167.2090695798397 0 0 0.5140957683324814 0 0 1.158950388431549 0.1419811546802521 0 0.1704163551330566 1.515420690178871 0 1.802290618419647 1.052951812744141 0.5918472409248352 0 0 0 0 0 0 0 0 0 0 0 0 0 0 0 0 0 0 0 0 0 0 0 0 0 0.3131766021251678 0 0.1455587148666382 0 0 0 0 0 0 0 0 0 0 0 0 0 0 0 0 0 0 0 0 0 0 0 0 0.1198793575167656 0 0 0 0 0 0 0 0.1847780495882034 0 0.5255592167377472 1.76219230890274 0 0 0 0 0 0.3748476505279541 0 0.4746916592121124 0 0 0 0 0 0 0 0 0 0 0 0.4357829988002777 3.389612600207329 0 19.79227764159441 0.5787687748670578 7.102204397320747 1.013576485216618 140.8236465454102 0 0.2098590657114983 0.8274046629667282 0 0.163893923163414 0 0 0.7757638692855835 0 0 0.1534740030765533 0 0.1804346889257431
531.9656109958887 3124.673519395292 12.1354104578495 3738.2277065292 883.5579310953617 204.6158289462328 0 6.393567807972431 2481.343585968018 5133.285786047578 86.1375394910574 854.6511124894023 5537.116393938661 5100.799217261374 21.35070483386517 1.261698514223099 2.196411237120628 0.6351415067911148 0.7472008094191551 0.771654911339283 0.8819529488682747 0.08498817682266235 0.4089434295892715 0.7418803796172142 3.081633843481541 3.677949421107769 3.030302673578262 3.749032966792583 5.202468149363995 1.399661175906658 85.79872922599316 17.54108136147261 42.48582514375448 0 0.1174774095416069 1.172321125864983 16.93172837793827 2.858907774090767 3.928663536906242 4.420336030423641 4.604669965803623 5.582395642995834 0.2115381211042404 0.4920683652162552 1.201271481812 0.2591809928417206 166.1222873702645 23.54952746629715 1.459540151059628 0.7893769294023514 9.683665715157986 0.5872648060321808 0.2566713020205498 1.696157976984978 10.626051671803 25.41431442648172 96.16683684289455 303.3063390851021 9.152020066976547 75.20127099007368 0.3370258361101151 1.828439526259899 0.1179822161793709 41.95354231446981 6.862942434847355 4.923585072159767 8.117536559700966 10.03959309309721 4.728554584085941 16.77096255868673 57.62318348139524 84.97699403017759 0.3421640694141388 203.3019710034132 293.2769632488489 105.5039940103889 13.22015184909105 1.849694609642029 0.3274393007159233 83.54210156202316 0.44502142816782 3.680672563612461 44.29906462877989 0.4284433200955391 7.350043885409832 9.832328736782074 12.37470817565918 0.2895521745085716 5.342344157397747 0.2448127418756485 2.833833761513233 1.545134536921978 9.097923591732979 3.908539317548275 7.24406872689724 427.1627566069365 37.38324070721865 0 6.996253445744514 198.1544716656208 0.4511576220393181 4.750650867819786 15.19312424212694 7.326760247349739 0.9514844045042992 90.38736722618341 10.01978619396687 72.50970377773046 76.3540795519948 52.27720358967781 3.055903814733028 158.2935410961509 110.5127841159701 133.857803709805 8.51851249486208 1.006029829382896 0.2934924960136414 0 0 0 0 0 0 0 0 0.109689399600029 0 1.263222843408585 1.464161202311516 0.4082034826278687 0.6447773873806 0 1.403748691082001 0 1.592690341174603 0.3440964370965958 0.1992479115724564 0.4316733181476593 0 34.10816545784473 1.712543219327927 37.18502099066973 3.303137123584747 3.122410245239735 0.6567110568284988 0.5110523849725723 0.1876190751791 0 0 0.3146240413188934 0 1.692967377603054 6.538455903530121 0.11750478297472 0.1195481419563293 0.13905930519104 0.1004559323191643 0 0 0.1245601177215576 0.106562040746212 0.9398442208766937 0.2886289805173874 0.2664263248443604 0.4844608306884766 2.684995636343956 60.11991520226002 0.2189928144216537 1.307605348527431 0.3774295747280121 0.3466212227940559 0.1336483508348465 0.6321563944220543 0 0 0.2016987651586533 147.7897677496076 22.61414016038179 0 0 0 11.61772025376558 7.745577625930309 50.31848598271608 4.170852996408939 2.991162091493607 4.327903486788273 0.464447557926178 0.2946673929691315 0.2502412125468254 0 0 0 0 0 0 0.4028165638446808 74.77016343176365 29.02593202888966 30.62595858424902 572.7904864624143 63.63998598605394 836.0075467526913 122.3529356718063 445.4121099710464 59.35073494166136 25.34974698722363 130.3074461296201 37.43410325795412 1.122076623141766 25.45747066289186 2.143681615591049 116.9018463343382 3.035691782832146 0.1387497037649155 9.263726800680161 7.661983154714108 2.697336196899414
277.9291485846043 724.2683219388127 966.991134442389 1.921711698174477 1360.419441886246 2.581830203533173 6.393567807972431 0 672.5828261449933 0.7032334357500076 3755.583398796618 12.32217366248369 25.23562071472406 315.2223770171404 10.94407982379198 1.119543708860874 0.9413217231631279 0.8767552524805069 0.2432236224412918 3.47944351285696 17.58787942677736 0.1034362241625786 0.4102622345089912 0.3780601099133492 10.60655415058136 3.896947361528873 3.150028347969055 2.237500250339508 2.381285682320595 0.2627819553017616 551.7395350188017 1504.180739231408 46.81687163561583 0 0.1636554524302483 12.1989446207881 17.908592030406 26.14004287868738 3.95518309623003 7.869582392275333 32.22161701321602 8.780535079538822 7.23093943297863 1.506597176194191 0.5495087280869484 0.1655644625425339 61.99235548824072 7.931156016886234 0.6154020875692368 6.188827186822891 9.147963732481003 0.1442733556032181 0 2.002680256962776 3.079302743077278 8.299272157251835 34.72614225745201 319.9525044858456 5.097833812236786 28.79940373450518 2.200833342969418 11.20309483259916 0.8136691749095917 150.4286571741104 2.942392639815807 3.064971476793289 4.332027405500412 10.30583801865578 26.11973692476749 119.0358102694154 19.19824121892452 3.579368367791176 0.1516527533531189 82.22173906117678 206.0155593007803 50.98466742038727 39.20349409431219 73.30168423801661 644.7595386132598 952.3285956680775 67.40898398309946 515.1057647541165 13.69378312677145 0 2.997459970414639 3.661172784864902 10.71845097094774 0 1.175162047147751 0.2098115086555481 1.878432363271713 0.4495187550783157 44.27969259768724 10.53059171885252 2.071797244250774 2.325592748820782 1.18417826294899 0 1.628961145877838 87.79768757522106 0 0 0 0 0 0.4638203084468842 0 0.1960301697254181 0 0 0 1.03463751077652 0.703619971871376 0.4556504264473915 0 0 0 0 0 0 0 0 0 0 0 0.6635536849498749 0 0 0 0 0.6071651801466942 0 0.1265661418437958 0 0 0 0 0.4188111424446106 0 1.237899512052536 0.4001543819904327 0.4632149189710617 0.1429907232522964 0 0.1005089282989502 0 0 0 0 0 0 0 0.1339383572340012 0 0.1088335290551186 0 0 0 0 0 0 0 0 0 0 0 0.5126670300960541 0 0 0 0 0 0.3912751376628876 0 0 0.2627865895628929 0.9176401793956757 0 0 0 0.1375154852867126 0.09215902537107468 0 0.3843302503228188 0 0 0 0.1176627278327942 0 0 0 0 0 0.1053994223475456 0.1020937711000443 0 0 0.257079154253006 0.1103000268340111 1.260104306042194 104.0749737024307 12.07384188473225 247.2241194099188 27.90767443180084 32.51113720983267 14.30023971199989 5.718332432210445 29.94615400582552 0 0.09581237286329269 0.2067301943898201 0 0 0 0 0.4137459695339203 2.541408456861973 0.42928346991539
74.71658293157816 1150.646946825087 268.1907575801015 60.60968129336834 4749.651100538671 13.81339359283447 2481.343585968018 672.5828261449933 0 387.1231781616807 2965.456974856555 163.4233942404389 452.7561034336686 2345.657494708896 28.41150952130556 2.01570338010788 1.477719850838184 1.194001957774162 0.5007924288511276 0.5282743200659752 2.798040419816971 0.2221029251813889 0.4777518734335899 0.4579469934105873 5.399912878870964 2.97597498446703 2.546968169510365 2.512143425643444 5.285382315516472 0.5323573797941208 117.4062031656504 58.15470445901155 68.16432657837868 0 0.3347398266196251 2.236950099468231 22.60485336184502 6.670315556228161 4.193250775337219 5.211741425096989 14.40307268500328 7.23908856511116 0.6751026138663292 0.08218363672494888 0.6413755416870117 0.4492280930280685 166.4557901620865 14.66626618802547 1.913900345563889 1.631116196513176 8.274427369236946 0.1725292801856995 0 2.366173088550568 4.763231858611107 12.48595275729895 37.70550057291985 175.752702742815 4.682125426828861 57.51258143782616 0 3.671376168727875 0.3995021879673004 79.19558093696833 3.974675811827183 4.393093630671501 5.331460997462273 9.089211277663708 6.61428739875555 43.04525549709797 51.33463707566261 62.92314241826534 0 115.0660120770335 289.3181590437889 104.3851016014814 19.56934558600187 1.673025853931904 1.919284261763096 98.91958840191364 0.6473788693547249 5.258363708853722 25.35456030070782 0.6883448585867882 3.127125680446625 4.829536754637957 7.273149199783802 0.3015319257974625 3.696563802659512 0.09292994439601898 2.662051849067211 0.3307379335165024 18.5622344315052 5.504490680992603 3.04254188388586 166.4201306477189 31.02852699905634 0 5.704219594597816 25.5301064029336 0.5158680975437164 1.174025416374207 7.874420158565044 1.506811618804932 1.749227464199066 31.09805999696255 6.281822271645069 31.05621039122343 12.84601849317551 27.49867124855518 1.241466000676155 79.81583534181118 56.59196940809488 64.71585646271706 5.612064406275749 0.3000777065753937 0.4528792053461075 0 0 0 0 0 0 0 0.1172903999686241 0 0 0.5864236503839493 0.1162308678030968 0 0.4272219240665436 0 0.1992737948894501 0 0.7501185312867165 0 0 0.9882779866456985 0.1586174517869949 22.0994887650013 1.349433287978172 18.26741707324982 1.669145956635475 1.474878668785095 0.09273812919855118 0 0.6865302175283432 0 0 0 0.1177730336785316 0.7461867332458496 1.880410224199295 0.1157354712486267 0.3012917935848236 0 0 0 0.08179520815610886 0 0 0 1.21758234500885 0.4845144301652908 0 2.476273596286774 38.71271109580994 0.2023317068815231 0.5388211384415627 0.438787430524826 0 0 0 0.09082844853401184 0 0 82.17821384221315 14.24847394227982 0 0.3250519037246704 0 5.167772524058819 3.933899030089378 26.11102151125669 1.726933129131794 0.6020955666899681 1.955480426549911 0.1393685936927795 0 0 0 0.1207590699195862 0 0 0 0 0 35.14634947478771 21.49823793023825 18.02409501373768 510.5781323462725 44.20753563195467 645.4879577606916 99.45736207813025 108.640913374722 54.31904031336308 11.85170336812735 124.5635979920626 16.57523881644011 0.7015039473772049 13.94918394088745 3.05876299738884 58.51524914801121 1.773421369493008 0 4.325990550220013 7.860771410167217 2.463169634342194
677.5509330779314 434.6281979754567 1.427479632198811 2318.258723005652 432.86517072469 591.6228909045458 5133.285786047578 0.7032334357500076 387.1231781616807 0 7.469794236123562 3257.165741890669 7454.733620099723 463.2357341051102 1.732541553676128 0.2919647991657257 0 0.09548842906951904 0 0 0 0 0 0 0.1005905792117119 0.1811200827360153 0.296466588973999 0.6346629858016968 0.1668215095996857 0 6.757946223020554 0.3848487287759781 9.215812981128693 0 0 0.2617051899433136 2.115185394883156 0.326691746711731 0.2614724412560463 0.2469930350780487 0.3667914420366287 0.2815303057432175 0 0 0 0 8.412886098027229 1.120401978492737 0.1291844546794891 0 0.9789870381355286 0.5859843790531158 0 0.3090761452913284 0.6318252980709076 2.104326769709587 48.31079512089491 54.73993853479624 4.879586771130562 4.564229503273964 0.09965416789054871 0 0 1.610079273581505 0.9615446031093597 0.2616673856973648 0.09681903570890427 0.4916767627000809 0.1538989692926407 1.372464947402477 13.21104195713997 22.4888651072979 0 24.58034456521273 17.08507232367992 4.044591121375561 1.252812564373016 0 0.1080660223960876 65.91229471564293 0 0.1747562438249588 3.102028131484985 0.1503920406103134 0.6085963696241379 0.4919517040252686 0.5159739404916763 0 0.0932798832654953 0 0.4007407426834106 0.1571671068668365 1.413154982030392 0.2730546966195107 0 469.1110827475786 8.173404261469841 0 0.1543048322200775 515.9431087225676 0.3639074638485909 4.934428587555885 9.726097002625465 4.92179000377655 0.6187871843576431 46.34835769236088 12.71100334823132 29.21971467882395 33.12572665512562 37.30208702385426 1.782917253673077 74.00253465026617 46.47821556776762 63.25581551343203 3.294499397277832 0 0.6099926233291626 0 0 0 0 0.1750146597623825 0 0 0 0 0 0 0 0 0.126107469201088 0 0 0 0.4144223034381866 0 0 0.4770759642124176 0 7.715770959854126 1.397349536418915 9.734804965555668 2.123437896370888 0.8519009649753571 0 0.1141565665602684 0 0 0 0 0 0.2143726795911789 3.438626006245613 0 0 0 0 0 0 0 0 0 0.3820462748408318 0.5342623591423035 0 0.7439216673374176 19.17921390384436 0 0.3072501122951508 0 0 0.1059804111719131 0 0 0 0 40.9085705280304 3.284072726964951 0 0 0 3.922627814114094 3.531194686889648 10.38348639011383 1.741455994546413 1.359026864171028 0.483209416270256 0.2983773946762085 0 0.1145354956388474 0 0 0 0 0.102882407605648 0 0 33.07444351166487 6.458606019616127 7.91441123187542 229.7835122942924 5.223320655524731 66.44264042377472 8.198175996541977 1049.781413495541 4.705770291388035 1.363018400967121 9.640742465853691 27.20563060045242 0.9020941555500031 7.610513046383858 0.2909208536148071 73.35883794724941 1.182571113109589 0 4.263655081391335 0 0
270.6090572401881 687.9800262749195 2126.843080058694 1.237459346652031 537.3619630783796 6.009390562772751 86.1375394910574 3755.583398796618 2965.456974856555 7.469794236123562 0 165.1585747525096 585.7856393754482 4042.43520347774 52.18118651211262 9.02681528031826 3.365713603794575 2.33134476095438 0.4670354053378105 2.787314459681511 26.5952335819602 2.152752853929996 0.7531028464436531 1.446596592664719 45.87867001444101 13.59506440907717 11.80315278470516 18.94389494508505 12.55784484744072 1.834456086158752 723.568777769804 1230.37501116842 1188.238324411213 0 0.9421426579356194 63.03697589784861 254.2124474495649 207.6090196296573 54.93557414412498 94.49127194285393 195.0621973276138 64.67755427211523 3.847354546189308 0.43251983076334 1.873494230210781 0.4456186667084694 230.4303077086806 19.34729408472776 4.760717317461967 6.438450917601585 41.57321604341269 1.30754266679287 0.9119660630822182 7.253310516476631 6.01459239423275 16.26333787292242 50.67272098362446 469.8014085441828 5.454833023250103 80.10334289819002 2.011156775057316 100.6936793327332 2.527631588280201 240.555987380445 6.432543635368347 8.123579066246748 11.17990050464869 28.29228448867798 43.02283773571253 378.0185508430004 180.964123673737 24.04658664762974 0 161.4579280391335 488.5372322797775 196.4031006619334 78.1122735068202 20.79653383046389 300.1833915561438 833.4594005420804 9.520065255463123 138.2001874148846 28.2200271114707 1.040600791573524 5.53697595000267 7.446325659751892 18.47148308157921 0.7426811009645462 4.499325141310692 0 8.434087462723255 0.541119709610939 167.8968181684613 56.30160997062922 11.73657114803791 60.08301611989737 15.5810534954071 0.1710378229618073 11.85769647359848 68.34065172076225 0 0 0.5019432306289673 0.1331318765878677 0 5.914673462510109 0.1112787276506424 4.953693903982639 2.550938688218594 2.678091667592525 0.2766487896442413 10.26150967180729 8.043324954807758 8.50616642087698 1.021673075854778 0.39005346596241 0 0 0 0 0 0 0 0 0.2749846652150154 0.169835090637207 0 0 0.6580765843391418 0 0.4489142298698425 0 0.2892896234989166 0 0 0 0.1867318898439407 0 0.2930437624454498 3.799870125949383 0.6475696861743927 4.79945269972086 0.2846094220876694 0.9368185251951218 0.7041258364915848 0.578570082783699 0 0 0 0 0.1700791269540787 0.2903246730566025 0.3000068366527557 0 0 0.1596033424139023 0.2324022501707077 0.1418218016624451 0 0 0 0 0 0 0 0.1462245732545853 7.95369291305542 0.09796936810016632 0.09815625846385956 0 0.1386704444885254 0 0.9179472178220749 0.4043133184313774 0 0.8710148930549622 18.94944024831057 3.738508902490139 0 0.1360931396484375 0.4738222509622574 1.386675044894218 1.767914272844791 6.97094164788723 0.09884491562843323 0.7055986598134041 0.1470111608505249 0.3872181177139282 0 0.2196528762578964 0 0 0 0.09759080410003662 0.4471924677491188 0.2579879686236382 0.1078398078680038 7.516237884759903 4.061980009078979 5.236886210739613 402.8518672883511 60.88374055176973 652.4397102221847 102.4320653676987 67.19801116734743 45.43295612931252 15.39531837403774 123.9959176704288 4.39473669230938 0.4582746475934982 3.094628497958183 0.9525683224201202 3.945212945342064 0.6944586336612701 0 0.8852018564939499 9.107309021055698 3.012000575661659
19.35106814652681 27.24966980516911 5.540524028241634 246.3371070176363 99.27427580207586 154.5917080193758 854.6511124894023 12.32217366248369 163.4233942404389 3257.165741890669 165.1585747525096 0 3992.463923066854 807.3721302524209 18.88791870325804 4.247267730534077 1.681636109948158 0.2353764027357101 0 0.2400858998298645 0.9047954231500626 3.637726038694382 0.09836239367723465 0.1248794719576836 0.3173473477363586 0.4991906583309174 0.7084714993834496 2.453472301363945 7.530949622392654 0.5548549517989159 5.349700063467026 6.713858537375927 143.965984672308 0 0.1173327788710594 0.7123897671699524 78.04466745257378 11.82547208666801 34.42855205386877 15.90684353560209 12.6086982190609 8.365322418510914 0.1219522058963776 0 0.339485265314579 1.311095610260963 56.69447073340416 1.367536827921867 1.526799380779266 0.4559707790613174 3.275430977344513 2.556154496967793 7.859862625598907 2.342227637767792 0.4253377169370651 2.103591166436672 20.89170818775892 31.04519464075565 3.117759883403778 15.73790441453457 0 6.366352498531342 0 19.09606337547302 0.2245125696063042 1.150159917771816 0.696511410176754 1.177929610013962 2.343104735016823 10.21226071566343 100.5642384663224 145.777102380991 0.8381474763154984 29.95445290952921 70.11462731659412 46.73473977297544 20.05023264884949 5.515093505382538 1.788345277309418 320.0838441252708 1.276057079434395 1.994263514876366 4.174183033406734 0.5276316851377487 0.7340627238154411 0.6126112341880798 1.923550650477409 0.4418590664863586 0.5979184508323669 1.09241671860218 0.4985633939504623 0.5895807296037674 10.47210611402988 4.409399852156639 1.738855943083763 2852.661487549543 392.1073544174433 8.627432227134705 19.83482079207897 161.1495312452316 1.031101532280445 6.947213768959045 15.9579551294446 5.508395448327065 1.07113566249609 97.25483099371195 20.794363245368 81.53442230075598 33.36412167549133 79.79004663228989 3.766863070428371 173.9875683933496 138.9563290178776 170.4352323785424 11.57179974019527 0.6145423352718353 0.8153783231973648 0 0 0.6935831308364868 0 0.09553007036447525 0 0 0 0 0 0.2430837154388428 0.3339381963014603 0 0.6231296956539154 0.4025125205516815 0.404154896736145 0 1.367311745882034 0.5493515580892563 0 0.8788022100925446 0 23.95207713544369 1.277968138456345 22.85510484874249 2.024432383477688 1.597166508436203 0 0.1274091005325317 0 0 0 0 0 0.5135548412799835 4.813736818730831 0.1179304495453835 0.1009991616010666 0 0 0.1567434668540955 0.2455725818872452 0.2002700567245483 0.3543531745672226 1.09121810644865 0.8119112104177475 0.5815697461366653 0 2.494263023138046 49.27900948375463 0 0.4294005259871483 0.2567450776696205 0.6645653173327446 0 0.1292734593153 0.2258588895201683 0 0.1548087596893311 128.8136539831758 17.063187494874 0.2475092262029648 0 0.1640672832727432 11.75635467469692 4.560521960258484 34.51311625540257 4.343382753431797 2.089363344013691 1.981787897646427 0.7286749184131622 0.2600475624203682 0.5632049143314362 0.08825787156820297 0 0 0.204770527780056 0 0 0 96.55675751715899 33.54754517972469 23.99391920864582 404.8811492323875 16.83752446621656 211.5401583313942 37.39657831192017 333.0844051018357 24.63855300843716 4.315800361335278 84.45678025484085 41.35366193950176 0.8068518340587616 23.52089682221413 3.838372260332108 129.5673905164003 1.865907192230225 0 13.31584411859512 3.768639594316483 0.8126106262207031
37.69547614455223 126.8654700815678 18.07048753648996 542.9337488561869 304.235067807138 58.25022544711828 5537.116393938661 25.23562071472406 452.7561034336686 7454.733620099723 585.7856393754482 3992.463923066854 0 2050.411922805011 37.23552469164133 8.642805024981499 2.722439281642437 0.2551374211907387 0.6859349459409714 1.17350522428751 4.540040358901024 12.50311689078808 0.3519330099225044 0.4870987609028816 2.675768278539181 2.453510195016861 1.857708513736725 6.809708587825298 13.82147651165724 1.399445243179798 21.83782508224249 19.04509444534779 659.9049092531204 0.1538276225328445 0.2022623643279076 1.483924508094788 97.47133661806583 46.64492328464985 45.51377113163471 33.34779258072376 28.38168013095856 16.91016675531864 0.8653918653726578 0.22612464427948 0.3189502507448196 0.6864964067935944 134.413496978581 8.495984628796577 0.7621502131223679 1.105058461427689 8.553992904722691 6.004896387457848 19.80611472576857 4.67381276935339 2.169359646737576 5.874481037259102 21.50875088572502 51.93538354337215 4.112956449389458 32.02189099788666 0.3696777820587158 29.21240631490946 0.3832715079188347 62.01668725907803 2.574245981872082 2.484877482056618 1.91328002512455 6.015473835170269 9.867616906762123 48.31133858114481 244.6812639534473 146.9270196184516 0.6335155814886093 55.32708413898945 171.3330513387918 106.7954240441322 47.65523318201303 8.251375645399094 1.899381637573242 263.1348579823971 1.311810337007046 13.8136320412159 11.2400103956461 0.7002920657396317 2.338160209357738 2.702975302934647 6.486485294997692 0.7916961833834648 1.715688824653625 0.9968928918242455 2.212522722780704 1.846705585718155 29.58435590565205 12.68968110531569 5.071083769202232 1477.069737955928 174.1788157820702 9.32544107735157 16.05778859555721 56.24391318112612 0.8711617738008499 6.255564332008362 25.37343637645245 4.056546047329903 1.459250494837761 105.8412852361798 16.34494757652283 80.21505681425333 36.583481349051 69.06987293064594 3.576650626957417 190.3353791087866 139.475381501019 152.2203876301646 11.68316520750523 1.626336827874184 1.158945418894291 0 0 0 0 0 0 0 0 0 0 2.034276083111763 0.8920594900846481 0.3090392351150513 0.7463828697800636 0 2.053057938814163 0 1.040401212871075 0.8748378157615662 0 0.524295836687088 0.2935201674699783 27.37399716675282 1.778681799769402 28.03971318155527 2.819018758833408 4.220721751451492 0 0.4466091617941856 0.1552089303731918 0 0 0.1339991390705109 0 0.5780698210000992 5.628967978060246 0.3406354337930679 0.2501814588904381 0.5033275187015533 0.9767637103796005 0 0 0.08750694245100021 0 3.141733683645725 1.145285688340664 0 1.140728458762169 2.995685800909996 64.25855606794357 0.1251342296600342 0.1853590458631516 0.09018488973379135 0 0 0.1327164024114609 0 0 0.3792049959301949 163.2573818042874 20.29879675805569 0 0 0.173103928565979 12.46388620138168 9.244378112256527 42.66077161580324 4.681473724544048 1.966639921069145 1.809248559176922 0.4797849357128143 0.3109945207834244 0.4168344587087631 0 0.1578863114118576 0 0.3504610061645508 0.1065858155488968 0 0.1730926781892776 97.54498609900475 42.13645090162754 34.31387877464294 469.701453357935 46.62990937381983 362.5129744336009 74.87139465659857 175.64823269099 40.05904857814312 6.282972455024719 114.1744090020657 37.49350539594889 0.9089262783527374 27.36743738502264 3.739128470420837 120.7801130115986 1.409933358430862 0 11.43779391795397 7.695514559745789 1.355808734893799
