0 2959.146658249199 543.2863507792354 1706.848852433264 172.7864955738187 80.4761114269495 261.1070698872209 32.58362436294556 158.3554116412997 1100.628244139254 529.4371897503734 229.5917270183563 189.5168204680085 70.32530441135168 2.270894810557365 0.4509611874818802 0.1015125066041946 0.1385463029146194 0 0 0 3.625057265162468 0.2179771810770035 0 0 0.1358972042798996 0.6548912227153778 0 0.3152232319116592 0 511.4379587471485 1.41260876506567 9.178236417472363 0 0 0.1216218769550323 4.224713616073132 0.5044240579009056 0.2693161368370056 0.2401270419359207 0.3960148990154266 0.1586483418941498 0.1014022156596184 0.1409184485673904 0 0 17.97078946232796 2.421222150325775 0.1386216580867767 0 1.042130269110203 5.12561109662056 1.955242149531841 0 9.032227396965027 13.6935017183423 206.2443267032504 1064.167687676847 15.88609001040459 18.08246193081141 0 0.1027025282382965 0 10.0246173068881 7.565180607140064 2.609037198126316 1.906329207122326 0.5174448117613792 0 0.3349599912762642 28.92311614751816 12.52643352746964 1.072323650121689 199.656905002892 45.88655188679695 11.53011701256037 7.878460973501205 0.8018628060817719 0.128336563706398 98.02354937791824 0.09948612004518509 0.6249992847442627 19.36589328199625 2.051909767091274 4.253239072859287 4.360053636133671 1.423304811120033 2.405551604926586 2.243610732257366 3.799368113279343 0.7546723037958145 1.580851055681705 0.7342537492513657 0.2129596620798111 0.7048576921224594 357.9463634192944 42.59554703533649 2.16165554523468 1.296792298555374 890.6684300601482 0 0 0.436136469244957 1.248674854636192 0 15.16748258471489 0.6715984791517258 1.689184382557869 11.66187319159508 9.836848586797714 0.3782631754875183 4.418796703219414 3.897034212946892 3.954027116298676 0.9945022165775299 0 0 0 0 0 0 0 0 0 0 0 0 0 0 0 0 0 0.1918127685785294 0 0 0.445996031165123 0 0 0 0.1760382652282715 0 0.8280071318149567 0 0.1934933513402939 0 0 0 0 0 0 0 0 0 0 0 0 0 0 0 0 0 0 0 0 0 0 0.6254428625106812 0 0 0 0.1163908019661903 0 0 0 0 0 1.791286692023277 0 0 0 0 0 0 0.3394345939159393 0 0 0.1970539093017578 0 0.1527075320482254 0 0 0 0 0.1046978160738945 0 0 0 0.7467639148235321 0 0.8547239303588867 158.6470897048712 20.60629706084728 161.4656604528427 16.06184776872396 801.2881148830056 3.8337112814188 6.40230343490839 10.64661298692226 7.292801298201084 0.3009213954210281 0.4581735879182816 0 13.47511890530586 0 0 0 0.1416438072919846 0
2959.146658249199 0 1852.118110887706 1574.142679199576 1628.640155225992 285.5710423886776 4947.201883286238 156.0367161184549 4241.352146558464 1133.719564937055 4334.568210929632 8.880913123488426 615.7448309212923 756.8646779432893 18.97050672769547 2.799870125949383 0.2851927131414413 0.9320990815758705 0.1167027428746223 0.8409316316246986 0.4917556792497635 0.3316140472888947 0 0.4351711422204971 1.156770013272762 0.3628243505954742 1.592131078243256 0.5928648859262466 1.754725351929665 0.09123268723487854 2008.508812062442 28.43977619707584 24.18947814404964 0 0.1070286557078362 0.4712031036615372 5.347973093390465 0.9432827606797218 1.269648812711239 0.899669349193573 1.466102428734303 1.422475516796112 0.6307002454996109 0.715101569890976 0.1332642883062363 1.148645795881748 134.582624681294 13.43206261098385 0.6563979163765907 1.649481609463692 7.04445093870163 0.2746775150299072 0.3649642691016197 1.021176643669605 25.36346542835236 39.51071778684855 186.2822025120258 1228.529698647559 28.20308927446604 119.9820800274611 2.024408109486103 1.530924633145332 0.1062728464603424 136.84126329422 29.08573170006275 14.49205745756626 10.21810389310122 4.444558374583721 2.291326440870762 2.334224984049797 7.126808270812035 0.8903353214263916 0 591.1868131235242 228.368069909513 95.43971756100655 100.6551673784852 8.394847929477692 3.721030168235302 275.2085849195719 2.486077778041363 6.93427199870348 68.47112952172756 3.704279497265816 15.48783553391695 22.47927457839251 9.420783922076225 0 8.170976877212524 0.09978658705949783 1.627100415527821 1.348973117768764 2.663890451192856 0.7617590203881264 2.573874741792679 126.4585994035006 0.8962278142571449 0 0.6029563397169113 1187.614270865917 0 0.5742829740047455 0.9397083967924118 1.317415028810501 0.7081596106290817 250.3197945356369 1.848819613456726 8.65385602414608 128.5780819952488 16.2384584993124 0.6621819585561752 13.29643729329109 9.813191473484039 9.900352299213409 4.813075870275497 0 0 0 0 0 0 0 0 0 0.1989905834197998 0 0 0.6833540499210358 0 0 0 0.1246838569641113 0 0 0 0.2933174073696136 0.2533057928085327 0.1335681527853012 0.148562490940094 2.567373521625996 0.2702016532421112 1.191586688160896 0.7202307283878326 0.2905893921852112 0 0 0 0 0 0 0 0 0.8264694511890411 0 0 0 0 0 0.3174117729067802 0 0.08310247212648392 0 0.5861009582877159 0 0 0 2.697065502405167 0.1249729841947556 0 0.08441478759050369 0 0 0 0.1083277761936188 0 0.142056792974472 6.670994997024536 0 0 0 0 0.8760051727294922 0.2304492741823196 0.4079752564430237 0.1614592224359512 0.2242213040590286 0.4842234030365944 0 0 0.1288191080093384 0.2114610448479652 0.09244344383478165 0 0.1393468528985977 0 0.1128980219364166 0 2.867797754704952 0.1609653681516647 1.567179262638092 504.2264297306538 91.17070914059877 764.1905740723014 98.79041068255901 1431.59813284874 24.60920237004757 23.34897648543119 89.24690029770136 12.70788735896349 2.530364513397217 2.366519525647163 0.1223459765315056 16.91500447690487 0 0.1696831583976746 0.5115681439638138 4.393859446048737 1.187053948640823
543.2863507792354 1852.118110887706 0 19.42090204358101 205.6232967153192 13.9167427867651 124.2969325333834 1957.870477966964 554.132142432034 16.31438015401363 5858.185726732016 5.309137105941772 77.69293510913849 301.1981892734766 16.28707189112902 8.308766134083271 0.957225002348423 0.4312943518161774 0.516114205121994 1.904834315180779 6.922614820301533 0 1.584284327924252 2.123297967016697 23.52217934280634 6.360925562679768 8.527496516704559 0.7830020412802696 0.3556687384843826 0.5304442569613457 3444.221251912415 402.0634626224637 56.54627124965191 0.5255022495985031 4.774871192872524 6.688421815633774 7.020412139594555 5.515029601752758 1.33202301710844 5.493769451975822 21.77384290844202 3.446105979382992 2.1842021048069 1.807290561497211 0 0.6076551377773285 35.04741680622101 3.726699061691761 1.171457409858704 4.376576319336891 2.539196684956551 0.1200773045420647 0.4485489204525948 0.3244786038994789 5.512420304119587 8.529046952724457 59.04445517808199 1048.911984220147 7.776926271617413 17.82991252839565 5.363853581249714 7.995996423065662 3.255549974739552 442.8455774709582 7.204986102879047 3.946954153478146 2.298154421150684 2.878599710762501 10.93144732713699 42.59436082094908 2.982261218130589 0.3503704965114594 0 162.068521477282 85.22345481067896 27.26807019114494 53.90274772047997 14.09367401897907 63.07306083291769 1820.448415443301 4.306236527860165 96.89969199895859 15.14387880265713 0.8480279073119164 3.890075325965881 4.998562887310982 5.57983709871769 0 1.603143021464348 0 0.4752953499555588 0.7685138583183289 27.00146597623825 6.771173804998398 2.537103585898876 7.478907570242882 0.4053105935454369 0 0.2206673696637154 223.0468671619892 0 0 0 0 0 0.4465498253703117 0 0.5385524928569794 0.2933248803019524 0.7585593611001968 0 0.9946691319346428 1.707316473126411 2.859775640070438 0.3778688237071037 0 0 0 0 0 0 0.1477613151073456 0 0.1698237955570221 0.2501505017280579 0.1546588093042374 0 0 0 0 0.2784627750515938 0 0.3777693510055542 0 0 0 0 0 0 0.9461689442396164 0 1.48243835568428 0.6161028146743774 0 0 0 0.2101939767599106 0 0 0 0 0 0 0 0 0.1265856623649597 0 0 0.1144139543175697 0 0 0 0 0 0 0 0.6692448705434799 0 0 0 0.08143395930528641 0 0 0 0.1394771635532379 0 1.426390990614891 0 0.2077350914478302 0 0.1191767081618309 0 0 0.2654701173305511 0 0 0 0 0 0 0 0.1047374308109283 0 0.116609551012516 0 0 0 0.4513250738382339 0.5988128110766411 0.1433534324169159 75.89888239651918 24.122050113976 132.6486069485545 16.28103155642748 143.6222288832068 4.56657687574625 4.334684491157532 19.1638605967164 1.978568278253078 0.1854141056537628 0.6062275171279907 0 1.41316094994545 0 0 0 1.519263744354248 0.195896327495575
1706.848852433264 1574.142679199576 19.42090204358101 0 20.93480849266052 433.8083192408085 564.1500716879964 1.440071083605289 17.47548914700747 3133.637241154909 15.01595698297024 35.7356353700161 172.1752699613571 9.984791480004787 2.208564877510071 0.4361780434846878 0 0 0 0 0 0 0 0 0 0 0.1346530467271805 0.1341693699359894 0.3555852919816971 0 45.55361183732748 3.075023628771305 1.215425796806812 0 0 0 0.1278949379920959 0.1503365635871887 0.1937270984053612 0 0.1002104729413986 0.5279944092035294 0.09466957300901413 0 0.2646566778421402 0.216224730014801 36.83331175148487 3.741420663893223 0.3122341632843018 0.3085572719573975 1.699553787708282 0 0.1301552504301071 0.2283364683389664 5.724430248141289 8.883028328418732 60.16196843981743 207.9642418771982 7.667831487953663 29.03236788511276 0.2660385891795158 0 0 27.28568607568741 6.113244295120239 2.89858715236187 3.252883568406105 0.9281878471374512 0.3086372390389442 0.3559875041246414 0.8261436894536018 0.5419620275497437 0 146.4425380006433 54.14617440104485 20.16058550775051 17.8487192466855 0.4450170397758484 0.4319017827510834 4.550296299159527 0.2429655641317368 1.259226694703102 17.26886503398418 1.150224938988686 3.225093260407448 5.191776238381863 1.413935355842113 0 1.946224384009838 0.2174795866012573 0.1070806086063385 0.2523105964064598 0.4788245037198067 0.1106055304408073 0.3947942554950714 275.704269528389 0.2704361975193024 0.9722114205360413 0.2814130485057831 553.7138580977917 0 2.226541742682457 0 2.839545384049416 0 31.47685176134109 3.39081409573555 4.737141206860542 73.23904424905777 15.78735300898552 0.2158196121454239 10.14111471176147 11.63957124948502 6.329735413193703 0.7378778159618378 0 0 0 0 0 0 0 0 0 0 0 0 0.3983973860740662 0 0 0 0 0 0 0 0 0 0 0 0.6166734099388123 0.3763961493968964 2.532879024744034 1.055311873555183 0 0 0 0 0 0 0 0 0 0 0 0 0 0 0 0 0 0.08953170478343964 0 0 0 0 0 0.8388320207595825 0 0.1834934502840042 0 0 0.1127108410000801 0 0 0 0 2.49883696436882 0 0 0 0 0.2522406280040741 0 0 0.1461870670318604 0 0.2157940417528152 0 0.143105536699295 0 0 0 0 0 0 0 0 1.130583681166172 0.1606403589248657 0.4905532449483871 189.3398308604956 20.36081466078758 216.8600929826498 22.55386933684349 1035.983323767781 6.780147023499012 5.665150500833988 23.41513894498348 6.238029345870018 0.6296905726194382 0.5983159393072128 0 15.17349320650101 0 0 0 0.3881914764642715 0
172.7864955738187 1628.640155225992 205.6232967153192 20.93480849266052 0 3.592759430408478 3331.424563832581 72.31770757585764 7276.310716122389 28.59279561787844 2246.841617032886 1.876117452979088 299.1583455130458 525.0471789687872 8.915813788771629 1.370406530797482 0.5109921768307686 0.4321898743510246 0 0.2146762832999229 0 0 0 0 0.3049757182598114 0.4591773748397827 0.1180654019117355 0.7203829512000084 0.4258309751749039 0 161.6833371073008 14.77566054463387 5.573345668613911 0 0.09481591731309891 0 1.521862179040909 0 0 0 0.3919853121042252 0.6425069123506546 0.3811702281236649 0.2349096462130547 0.1034021824598312 0.3798850551247597 37.00787553191185 2.565208777785301 0 0.509765051305294 2.035793833434582 0.3875406980514526 0.1375481188297272 0.237712636590004 2.30996535718441 5.553015097975731 14.93418872356415 94.56957449018955 2.873084872961044 27.70053179562092 0.2111046388745308 0 0 47.43361029773951 5.08181457221508 2.152716189622879 2.036980852484703 1.06672640889883 0.153119221329689 1.264226175844669 2.450929328799248 0 0 81.94090850651264 39.68787993490696 33.08224323391914 52.92563021928072 2.146199300885201 0.7946234568953514 24.63424802571535 0.6354371011257172 1.842034175992012 11.34219468384981 0.5156177133321762 3.676796488463879 3.601187810301781 1.983254157006741 0 1.298580519855022 0.09930935502052307 0.1667047142982483 0.2255496680736542 0.7228446751832962 0.1399505287408829 1.626683168113232 20.11499251425266 0 0 0.604494646191597 32.27012644708157 0 0.2508949935436249 0.6771373748779297 0 0.6346960514783859 19.81090762466192 1.930719956755638 5.514660775661469 14.81586695462465 11.18924686312675 0.9101016223430634 16.34312275052071 17.52960777282715 11.68156780302525 5.566752955317497 0 0 0 0.1168140843510628 0 0 0 0 0 0 0 0 0 0 0 0 0 0 0 0.1431275308132172 0 0 0.6527604460716248 0 4.630444444715977 0 2.373655244708061 0.5794664919376373 0.7110232710838318 0 0 0.09451869130134583 0 0 0 0 0.2623225152492523 0.4289777278900146 0 0 0 0 0 0 0 0.09473513066768646 0 0.3134525120258331 0 0 0 1.992919877171516 0.1260558217763901 0.1857093274593353 0 0.07895311713218689 0 0.1649172455072403 0 0 0.1295598149299622 9.50216830521822 0 0 0 0 0.3398981541395187 0.1845650970935822 0.9035206288099289 0 0 0.4580625742673874 0 0 0 0 0 0 0.1052704006433487 0 0 0 7.605682604014874 0.6554382890462875 0.9333601519465446 129.6758378893137 24.1937498524785 158.572575211525 31.08978813141584 66.61130054295063 10.85322327166796 4.411812052130699 34.47361727058887 6.810006201267242 0.238362543284893 1.251479849219322 0.2696491405367851 10.24644664674997 0 0 1.268573381006718 1.219893723726273 0.3322148621082306
80.4761114269495 285.5710423886776 13.9167427867651 433.8083192408085 3.592759430408478 0 48.14939965307713 0 4.635527819395065 635.2595289945602 7.360878452658653 201.4294661581516 161.4601836204529 20.66216734051704 0.2474337443709373 0.325163409113884 0 0 0 0 0 19.93507859110832 0 0 0 0 0 0 0.2430346459150314 0 13.9925502538681 0 23.51096642017365 0 0 0 33.14581650495529 0 7.910166516900063 0 0 0 0 0 0 0 0.6107770800590515 0 0 0 0 57.158906057477 13.47668381035328 0.9810435175895691 0.1380807757377625 2.836362048983574 75.78617220371962 42.59312151372433 2.091904670000076 0.2295226156711578 0 0.488007053732872 0 0.1651675254106522 0 0.2968794032931328 0 0.3316887617111206 0 0 174.73498724401 174.3744580596685 5.755889713764191 2.439919039607048 0.1821635365486145 0 0.1544239819049835 0 0 8.774669796228409 0.1338021159172058 0.7792526036500931 0.399479404091835 2.571601003408432 0.2704615592956543 1.676291167736053 0 29.38162322342396 15.58923789858818 66.20895583927631 3.154899433255196 17.41088213026524 0 0 0.2176309376955032 632.4541560560465 178.6467206329107 52.06837232410908 13.48916703462601 375.272344827652 0 0 0.4338857531547546 0 0 1.200547084212303 0.3892763555049896 0.6223016977310181 1.808074206113815 1.21283333003521 0 0 1.680942013859749 0.3467591255903244 0.4748883992433548 0 0 0 0 0 0 0 0 0.1322865039110184 0 0 0 0 0 0 0 0 0 0 0 0 0 0 0 0 0 0 0 0.1929663270711899 0 0 0 0 0 0 0 0 0 0 0 0 0 0 0 0 0.2214059382677078 0 0 0 0 0 0.476123034954071 0 0 0 0.1565520316362381 0 0 0 0 0.2225196957588196 0.1363258510828018 0.8488156199455261 0 0 0 0 0 0 0 0 0 0 0 0 0 0 0 0 0.1619198173284531 0.2332937866449356 0 0.6906354576349258 0.3296439051628113 0.2526362538337708 8.482183516025543 1.016799926757812 1.585203431546688 0.5344034284353256 93.95404490828514 0.6660165190696716 0.4325174987316132 1.687263578176498 0.2631145119667053 0.3309039175510406 0 0 4.3628990650177 0 0 0.1397507339715958 1.01946485042572 0
261.1070698872209 4947.201883286238 124.2969325333834 564.1500716879964 3331.424563832581 48.14939965307713 0 23.0224082544446 2858.301915518939 1826.648908503354 235.422446668148 38.42354173213243 2413.176286160946 1377.335750550032 58.97246474772692 6.79593076556921 1.859857901930809 2.175081551074982 0.8047319576144218 0.8898754194378853 1.269402593374252 0.148367241024971 0 0.4341829940676689 0.7051597982645035 2.302026055753231 0.6556754037737846 0.6014947295188904 2.772409297525883 0.1444097310304642 432.4251384958625 50.26980904489756 23.09350818395615 0.1052269861102104 0.2798957675695419 0 5.068290397524834 0.9520253166556358 0.9343941733241081 0.5453772321343422 0.8402249440550804 3.003482863306999 0.9953871369361877 1.311773002147675 0.6473181992769241 1.475089706480503 262.5496733784676 17.07190020382404 1.726844117045403 2.058585114777088 7.634808830916882 0.08821495622396469 0.1445029377937317 2.299850180745125 21.02955636382103 33.34488600492477 87.09379656612873 412.7436845898628 24.82991843670607 153.1032467186451 3.405292741954327 1.931520000100136 0.6198728010058403 219.2715076655149 25.08268797397614 13.38104722648859 9.671736091375351 6.715649962425232 2.769608668982983 3.846711203455925 28.99514013528824 1.573751911520958 0 474.4810727387667 231.2277409955859 191.9817723631859 280.9426145106554 15.94929867982864 3.748545572161674 33.17939792573452 3.773207239806652 9.503983065485954 53.48791461437941 3.059109002351761 16.04840865731239 18.86772410571575 10.59988860785961 0.3865276277065277 9.213989309966564 0.1780388802289963 1.473839491605759 1.234850019216537 2.353755943477154 0.1561288833618164 3.472679458558559 366.5188556313515 0.1112828403711319 0 0.2664091065526009 74.99352865666151 0.4708468914031982 6.36779522895813 26.54273484647274 13.27852307260036 4.938834249973297 197.2574423104525 15.70751988142729 62.84868014603853 147.6748348101974 150.5018034428358 9.194173738360405 188.9885137975216 185.7593484893441 155.927724942565 55.88323941081762 0.4388109371066093 0.9855334609746933 0.1199942082166672 0 0 0 0 0 0.9720242619514465 0 0 0 0.7113340198993683 0 0 0 0 0 0 1.521896921098232 1.421892508864403 0 1.495204597711563 0.3882518112659454 28.95630595088005 0.5334487706422806 19.66284473240376 3.146499350667 1.5613933801651 0.2346274107694626 0 0.1814437657594681 0 0 0.1894956827163696 0 2.573575630784035 8.055873386561871 0.4104520156979561 0.1814856976270676 0.1469706743955612 0 0.2014909461140633 0.4494816809892654 0.2877334803342819 0.5228224545717239 1.406320795416832 2.148562878370285 0.1936845332384109 0 0.1589085608720779 33.80966167896986 0.5507538095116615 0.8534864038228989 0.1511130779981613 0.08826693892478943 0 0 0 0 0.1226488798856735 104.7446118742228 0.9271009266376495 0 0.08769591152667999 0.1923703402280807 5.539917513728142 1.429893396794796 4.182209841907024 7.202404960989952 2.434921778738499 6.217082835733891 1.416911646723747 0.6327817440032959 0.6385477259755135 0.5884795263409615 0 0.08199764788150787 0.4022565707564354 0.09679095447063446 0 0 74.51818230003119 4.918291464447975 7.351312264800072 1023.266051642597 125.6675964221358 1074.08423435688 165.5311556756496 440.5804686993361 72.25107890367508 19.82216916233301 244.029658228159 71.99667629599571 2.398416630923748 22.57544445246458 0.2449369132518768 82.19111932814121 1.593901500105858 0.8921256959438324 7.752420283854008 15.89332105219364 1.893861368298531
32.58362436294556 156.0367161184549 1957.870477966964 1.440071083605289 72.31770757585764 0 23.0224082544446 0 249.9186583831906 1.662715241312981 2885.677073679864 0.6934055611491203 31.43242237716913 185.0037151873112 24.86438294500113 17.45293252915144 2.246446140110493 3.662202119827271 0.5415700376033783 11.08657433837652 43.98092639446259 0 5.399468928575516 7.578927621245384 69.49492220580578 30.99824327975512 24.9949883967638 0.8455471992492676 1.444951556622982 1.677087143063545 1082.20210570842 1382.017065837979 53.52102157473564 5.736559897661209 19.09662811458111 32.75083793699741 8.041030533611774 12.44234900176525 1.54387391358614 19.06285900622606 88.37708630412817 12.53349877893925 4.646866627037525 4.837645851075649 2.280141793191433 3.520410820841789 54.49005571007729 3.775895483791828 1.408670961856842 11.8312371224165 4.674770399928093 0 0.9673026874661446 0.3684560656547546 3.322864860296249 4.867890730500221 27.23967876285315 328.7291495278478 4.149270512163639 27.08838322013617 33.13963183760643 29.31523146480322 12.81249868869781 374.531285263598 7.332269944250584 3.559786707162857 3.360831283032894 7.121978804469109 30.9051157310605 176.8666203469038 2.362781703472137 0.4037298858165741 0 119.1029543876648 90.66510540246964 49.72046243399382 214.9411784335971 129.6054189503193 906.0988614857197 3473.414626099169 71.4858765527606 1638.783173844218 11.27376092225313 1.117696233093739 2.750028006732464 3.750895567238331 12.78825580328703 0 1.653845310211182 0.08526578545570374 0.6271378323435783 0.9244997203350067 107.8141843155026 19.68283773958683 4.739014163613319 2.618615433573723 0.3953340426087379 0 0.1505855321884155 28.18617931008339 0 0 0 0 0 0.6801562160253525 0 0 0.6706877499818802 0.560867577791214 0 2.280135504901409 0.5666078925132751 1.780554920434952 1.066825777292252 0 0.101720966398716 0 0 0 0 0.1423720121383667 0.118025466799736 0 0.5413658618927002 0.166028305888176 0.1201237514615059 0 0.1171747446060181 0 1.158795118331909 0 0.5530789569020271 0 0 0.1649831533432007 0 0 0 0.698695957660675 0 0 0.7365822792053223 0.2548030912876129 0.2796621471643448 0.2333940714597702 0 0 0 0 0 0 0 0 0 0.2743275240063667 0.1292755603790283 0.2508917525410652 0 0 0.08694316446781158 0 0 0 0 0.1730294674634933 0.3137498199939728 0 0 0 0.1824836730957031 0.2742782682180405 0 0 0.4444870725274086 0.5338317602872849 2.691595584154129 0.1688042134046555 0.1183292791247368 0.1174799278378487 0.3942229151725769 0.1350886970758438 0.1519390046596527 0 0 0.1334815621376038 0.1055703610181808 0 0 0.1503701657056808 0 0 0 0 0 0.2375042885541916 0 0.3894042819738388 0.4897467419505119 0.7631427198648453 118.9433778598905 18.87056795507669 195.6837575435638 23.04232095927 34.45161974430084 8.177904292941093 3.628361858427525 23.00051159411669 1.441026359796524 0.730096310377121 0.2263066917657852 0.1517110913991928 0.6233806014060974 0 0.1277060955762863 0 0.8812110796570778 0
158.3554116412997 4241.352146558464 554.132142432034 17.47548914700747 7276.310716122389 4.635527819395065 2858.301915518939 249.9186583831906 0 115.8668262884021 3730.032462999225 46.59737506508827 3332.870800159872 2732.654283508658 62.89521995186806 8.727222859859467 2.033029370009899 0.7876721620559692 0.1123224422335625 0.9036041796207428 0.5731256082653999 0 0 0.1136380434036255 1.799947716295719 2.065581195056438 1.122658871114254 1.031563013792038 0.7226234748959541 0.09359904378652573 222.4140890911222 61.56426183134317 68.95335599780083 0.1157523542642593 0 0.2246603965759277 16.08451029658318 0.6577343791723251 1.654858686029911 0.9617948681116104 0.7003639861941338 2.743969716131687 0.5000435337424278 2.384501099586487 0 0.8360825628042221 161.8824203237891 6.22176817804575 0.2394894436001778 1.159720450639725 5.232164308428764 0.3164343759417534 0 2.004913449287415 6.843987450003624 8.597383812069893 30.45397049933672 142.1978889405727 13.48665285855532 73.1265589222312 1.336821831762791 0.6496190503239632 0 123.0314928889275 8.872704744338989 4.980047151446342 3.464626476168633 2.633338049054146 1.513260513544083 3.081034198403358 41.31610766798258 1.788676306605339 0 181.5043799951673 96.44133652746677 141.1670246645808 244.2098725140095 18.99193695932627 3.815205901861191 126.7655491158366 1.440990500152111 7.792084865272045 17.48568753153086 1.833292931318283 6.317568153142929 6.556903295218945 5.662605158984661 0 2.705847062170506 0 0.296357773244381 0.2690636217594147 1.688404649496078 0.1133636608719826 2.892245344817638 183.4437231197953 1.618754491209984 0 1.032882511615753 30.56249426305294 0.2606331929564476 3.104766249656677 6.331222049891949 5.060553193092346 2.830039970576763 74.01104166358709 6.822238132357597 28.08373423665762 72.19617037475109 75.51493664830923 4.44256155192852 96.91332196444273 117.2644075527787 95.22918007522821 35.2643178999424 0 0.8541502058506012 0 0 0 0 0 0 0 0 0 0.121652752161026 0.4944222271442413 0 0.4503983557224274 0 0 0 0 0.311917707324028 2.107784330844879 0 0 0 12.61147819459438 0.2473681569099426 12.90053394436836 1.878681555390358 0.4001499712467194 0 0.1188221201300621 0.1606187373399734 0 0.2268463969230652 0 0 0.9689287841320038 2.310703456401825 0 0 0 0 0.3381142169237137 0.2481524497270584 0.2323904484510422 0.2199238538742065 0.6100771427154541 1.316437914967537 0 0 0.2095968872308731 15.59057447314262 0.2458317950367928 2.302569597959518 0.6501273512840271 0.09352462738752365 0.1684512048959732 0.1315058022737503 0 0 0.1389604508876801 63.56440422683954 0.1757619827985764 0 0 0 4.717267282307148 0.138605609536171 2.637694031000137 3.427392370998859 0.2908134758472443 1.886905372142792 0.4843810573220253 0.1261033415794373 0.4095698446035385 0.09162124246358871 0 0 0.0993630513548851 0 0 0 48.56287218630314 5.066870093345642 5.765431828796864 606.8986325785518 76.61638702452183 526.2771607935429 104.9295168071985 84.2320711016655 48.45594834536314 10.38044413179159 174.676182076335 37.97287584096193 1.017647325992584 12.36624078452587 0.8941442221403122 48.41677933931351 0.1467101573944092 0.4203820154070854 4.076598934829235 15.57160855084658 0.8669293969869614
1100.628244139254 1133.719564937055 16.31438015401363 3133.637241154909 28.59279561787844 635.2595289945602 1826.648908503354 1.662715241312981 115.8668262884021 0 36.52862472832203 4342.899228781462 5760.616100341082 211.6688886731863 9.651757508516312 1.715096265077591 0.3171506822109222 0.2894468680024147 0.1703356951475143 0 0.4590351283550262 0.2046215534210205 0 0 0.3724294602870941 0.5699550956487656 0 0.5950713008642197 0.1267077624797821 0 36.23556822538376 2.825813613831997 14.67790681868792 0 0.1010924726724625 0 13.39741995185614 0.2220933735370636 0.4648254290223122 0 0.1103538274765015 1.000597409904003 0 0.2244948446750641 0.1445985436439514 0 39.90520617365837 1.520122416317463 0.2180603444576263 0 1.345484465360641 0.512208953499794 0.2281999737024307 0.3999458700418472 3.301165089011192 7.57306744158268 51.32268115878105 143.819990888238 6.335244864225388 23.79274071007967 0 1.412034921348095 0 22.15692304819822 4.795470677316189 2.094364121556282 1.269767090678215 0.6558163240551949 0.2519898414611816 0.2199359908699989 55.2725838124752 6.617611244320869 0 93.36016851663589 36.5005037561059 23.08673062175512 32.56678061187267 2.122416064143181 0.4722742587327957 14.70288810133934 0.2302379906177521 1.360397145152092 10.87112227827311 0.7221584320068359 2.916703902184963 3.511662818491459 1.117593944072723 0.4145479500293732 1.560782454907894 0.5273850709199905 0.1374415457248688 0.3782664835453033 0.09105368703603745 0.1458310335874557 0.5791141837835312 1274.044658660889 6.953417539596558 0.2525140643119812 0.6182025671005249 817.8274630606174 0.1326163858175278 6.98582948744297 8.506706982851028 13.49835349619389 3.131631776690483 145.8437630534172 17.12126998603344 44.70068533718586 210.881246984005 145.8310458436608 5.314198300242424 141.2930217757821 128.5882857590914 108.8006025627255 30.74584228545427 0.124567523598671 0.1389206498861313 0 0 0 0 0 0 0 0 0 0 0.3017960786819458 0 0 0 0 0 0 1.241773888468742 1.13873553276062 0 0.9849867224693298 0 11.92061856389046 0.5375702381134033 11.24469561874866 0.7342631220817566 0.5691317319869995 0 0 0 0.1391974836587906 0 0 0 1.193198159337044 4.270630165934563 0 0.1171959266066551 0 0 0 1.317874997854233 0.6447136700153351 0.1190852150321007 0.2863799408078194 2.365362800657749 0.2338267713785172 0 0.4123029708862305 16.20322538912296 0.5436347275972366 0.2191110998392105 0.4644758254289627 0 0 0 0 0 0 43.27892799675465 0 0 0 0 2.390787087380886 1.152318462729454 1.553651332855225 2.931710943579674 1.36763059347868 2.740032367408276 0 0.4042230844497681 0.5953330844640732 0 0 0 0 0 0 0 38.12955512851477 5.397593662142754 2.406986638903618 295.7362333312631 18.85075636208057 223.697395272553 28.16060857474804 1028.031791336834 14.84805998951197 3.605086430907249 46.71000303328037 44.95234322547913 0.2164891883730888 15.55729273706675 1.290956601500511 121.6722612082958 1.724450662732124 0.3002063482999802 2.593738280236721 2.13374263048172 0
529.4371897503734 4334.568210929632 5858.185726732016 15.01595698297024 2246.841617032886 7.360878452658653 235.422446668148 2885.677073679864 3730.032462999225 36.52862472832203 0 78.44375977665186 1229.671942584217 1791.480937942863 71.4676317051053 15.51045718789101 2.387568525969982 1.981516644358635 0.117886483669281 1.316631481051445 0.8540096580982208 0 0.1346494257450104 0.2886480391025543 7.961248688399792 2.159276805818081 4.014955177903175 0.3826490044593811 1.620697699487209 0.7175693660974503 1303.874681740999 497.4551071599126 303.5442311912775 0.2444685027003288 0.6324016228318214 1.617895998060703 37.29609803855419 2.13420819491148 3.250731684267521 4.684899300336838 7.726052768528461 1.650068983435631 0.913127675652504 4.643422730267048 0.3316092193126678 1.874315619468689 166.2522094473243 6.715643621981144 1.046818390488625 2.00623793900013 4.034744873642921 0.09337162971496582 0.715625561773777 1.892961233854294 8.515587843954563 19.50260688364506 61.03345393389463 478.9620405510068 12.83962526917458 92.16214596480131 1.769079640507698 3.580141440033913 0.5426123067736626 233.6481645256281 18.98923508822918 7.830084107816219 6.18073171377182 4.608642943203449 4.136120870709419 9.536156415939331 55.43404318392277 1.980529680848122 0 297.4844811037183 170.3049047216773 152.9238261431456 315.7397008836269 30.06052394211292 97.94047344475985 433.1128897368908 4.707915730774403 19.19604152441025 29.13607078045607 1.854522436857224 8.922369055449963 10.50124517828226 6.370657049119473 0.1022397354245186 4.606726095080376 0.09789780527353287 0.3091582134366035 0.6960597187280655 6.836811237037182 1.883880324661732 4.64155962318182 118.4320655763149 2.618158042430878 0 1.554615952074528 145.4924590960145 0.1423474699258804 0.5203862637281418 1.051300540566444 0.9399453699588776 0.2739560008049011 16.26483650505543 0.7369850873947144 4.509242460131645 14.48267315328121 13.25334285199642 0.1772362738847733 16.33489259332418 26.56764294207096 28.12017032504082 9.86695908755064 0 0 0 0 0 0.1495876461267471 0 0 0 0.1284793317317963 0 0 0 0 0 0 0 0 0 0.4772943109273911 0 0 0.1877845972776413 0 3.804494798183441 0.3296017646789551 5.393436886370182 0.587756022810936 0.9740684852004051 0.1656726598739624 0.2401713579893112 0 0 0 0.537798285484314 0 0 1.728533864021301 0 0 0.1703679412603378 0 0.6868875846266747 0.5149175375699997 0 0 0 0 0 0 0.105672724545002 4.373220562934875 0.1192679330706596 0 0.4409147724509239 0.09024400264024734 0.09804841130971909 0.1260816007852554 0.199115976691246 0 0.1103549227118492 21.9816811606288 0 0 0 0.3334474563598633 2.547500893473625 0.332826592028141 0.2463983744382858 1.981179289519787 1.301493979990482 0.3163132444024086 0.5909150242805481 0.125395655632019 0.1975053250789642 0 0 0 0.09037888795137405 0 0 0 14.59134777635336 1.789941057562828 3.865317426621914 469.1340258941054 69.3616923391819 551.9055792316794 90.72676688432693 143.1242233589292 36.70986353605986 14.70094467699528 122.2830412909389 14.28482165187597 1.727736055850983 5.745456963777542 0.250853419303894 10.24252171814442 0.241565078496933 0.1537863165140152 1.669008269906044 9.034393712878227 0
229.5917270183563 8.880913123488426 5.309137105941772 35.7356353700161 1.876117452979088 201.4294661581516 38.42354173213243 0.6934055611491203 46.59737506508827 4342.899228781462 78.44375977665186 0 4166.604383863509 287.0929864421487 33.48113982379436 12.87627752870321 0.8735315501689911 0.1139611676335335 0.09248426556587219 0.1251926124095917 0 0 0 0 1.45503006875515 0.6508094891905785 1.065692521631718 0 0.727748841047287 0 3.331604473292828 1.315396390855312 41.48700354993343 0 0.1183479279279709 0.1109578981995583 31.71825109422207 0.6069675981998444 2.002582639455795 0.4478929340839386 0.8414956480264664 0.4364541843533516 0.1037047654390335 2.562016479671001 0 0.16021429002285 25.74582558125257 0.6445884257555008 0.130621537566185 0.114154115319252 0.3493938744068146 0 0 0.6643446311354637 0.2362481206655502 0.5257318317890167 4.339460089802742 6.675435297191143 1.351270511746407 6.46499889343977 0.5500205606222153 0.2562029659748077 0.1305968761444092 10.32962186634541 0.2570917382836342 0.6982674971222878 0.1051802933216095 0.2624887526035309 0.5907856598496437 0.5048240423202515 189.4529251083732 21.4247000515461 0 14.24765446782112 8.742710262537003 27.2470376342535 51.43085907399654 8.375985220074654 0.397299736738205 30.43190487474203 0.8848387002944946 0.1645840406417847 1.128026127815247 0.1358625739812851 0.2998673021793365 0.116453193128109 0.9545368850231171 0 0.2007841542363167 0 0.1197519972920418 0.2385976612567902 0.770964041352272 0.6321759447455406 0.3769804760813713 2803.356566950679 30.21602122485638 0 0.4741851985454559 129.5453459173441 0.2940690219402313 3.917922481894493 6.702018782496452 5.968538090586662 3.026158049702644 87.40184623748064 11.53247104585171 29.22817462682724 88.89486193656921 96.1208330988884 4.248766742646694 122.8958686739206 126.6945817694068 125.5328353494406 29.61975914239883 0.2738123461604118 0 0 0 0 0 0 0 0 0 0 0 0 0 0 0 0 0 0 0.6287770569324493 1.042954429984093 0 0.6171533465385437 0 13.36808951199055 0 7.555549368262291 0.8688653036952019 0.3269361406564713 0.1155383661389351 0 0 0 0 0.3165386319160461 0 0.3145748674869537 1.58573817461729 0.3566979169845581 0 0 0.1923621147871017 0.1165042966604233 0.7221527472138405 0.1470870673656464 0.1149551942944527 0.3719580471515656 0.7506222277879715 0.169801265001297 0 0.9915413558483124 13.35179793089628 0.6393138021230698 0.2462692335247993 0.2245899885892868 0 0 0 0.09473666548728943 0 0.2079488411545753 47.96843035519123 0.6849572062492371 0 0 0 3.711754158139229 0.1334376931190491 1.072382628917694 1.760534629225731 0.3005539327859879 2.10414033383131 1.374547757208347 0.698010541498661 0.3745110481977463 0 0 0 0 0 0 0 67.14841687679291 5.294977009296417 4.50844918191433 192.3184707537293 14.74187098443508 111.5936108902097 15.5430214330554 63.98158113658428 10.19459595531225 0.4436234086751938 44.91139905899763 21.07311779260635 0.2836748212575912 9.499799869954586 0 43.16609588265419 0.9113937318325043 0.1319297403097153 1.895830169320107 2.616650342941284 0
189.5168204680085 615.7448309212923 77.69293510913849 172.1752699613571 299.1583455130458 161.4601836204529 2413.176286160946 31.43242237716913 3332.870800159872 5760.616100341082 1229.671942584217 4166.604383863509 0 3081.828250855207 261.7842985019088 75.47438146919012 7.509858384728432 2.311346523463726 0.7429477721452713 0.4632306471467018 1.753125309944153 0.7918527573347092 0.4913163706660271 1.309663362801075 14.90953557938337 5.707585044205189 5.515706144273281 3.000241033732891 6.673238106071949 0.483250617980957 74.66824954003096 27.92287085205317 572.7570845484734 0.2436334043741226 1.662616983056068 2.194235689938068 109.7477585151792 15.19716359674931 12.29721283912659 13.4872916713357 10.94501771777868 6.02229306101799 0.4822850152850151 11.0031830817461 0.8856799826025963 2.86878464370966 266.975967630744 5.623436078429222 0.8120793327689171 3.865255981683731 3.747685171663761 1.180248662829399 1.036877378821373 5.30628864467144 4.19391255825758 8.552872516214848 37.71871510148048 63.74396584928036 21.85573796182871 88.31660912185907 5.260355733335018 9.036042466759682 1.261721231043339 115.780489988625 7.395618826150894 4.453675508499146 4.045200690627098 2.692413434386253 4.863134250044823 12.66837536543608 428.0607592985034 37.16196738183498 0 187.9480572342873 90.70689433813095 273.1687990874052 461.3855283632874 66.00002229213715 5.617548368871212 316.2629403546453 5.659726604819298 9.761760950088501 16.64838437736034 0.87753976136446 4.911801733076572 4.168335743248463 8.052283331751823 0 2.778196312487125 0 3.525330692529678 1.263334386050701 9.816916339099407 3.488256797194481 7.680906221270561 4224.903850436211 18.09054446220398 0 6.206861175596714 112.2117126360536 0.9647631049156189 4.746758945286274 15.52164474129677 14.63319146633148 9.448857218027115 206.5635549202561 21.37460248917341 89.11471129208803 276.4405544400215 237.8106545433402 10.56378740817308 343.7341862991452 388.1611854359508 297.8042991086841 103.0236386358738 1.667994029819965 2.514781631529331 0.1390097439289093 0.2508424147963524 0.1509090065956116 0 0 0 0.9707126021385193 0 0 0 0.1615089923143387 0 0.2771792858839035 0.1317249089479446 0.1396226584911346 0.187876284122467 0 2.948337242007256 4.067258015275002 0 1.55628664046526 0.9689477309584618 51.73450856655836 2.240752667188644 26.74082141369581 8.526662051677704 3.309721261262894 0.3585273325443268 0.6300471797585487 0.289899580180645 0.5128517001867294 0.4118143171072006 0.1074729338288307 0.2786337435245514 1.769087195396423 6.745405457913876 0.6143408566713333 0 0 0 0.432201936841011 0.701837494969368 0.4033878594636917 0.4342469051480293 0.8950849249958992 1.717679835855961 1.11727537214756 0.1121246665716171 1.727880731225014 47.03511148691177 0.3636904284358025 1.358786441385746 1.101221226155758 0 0 0 0 0 0.3840805739164352 228.1350460126996 2.059948772192001 0 0 0.37770976126194 9.395873069763184 2.859358072280884 5.263221338391304 7.270589478313923 2.663049139082432 4.842605523765087 1.356641516089439 0.7766105830669403 2.49804300069809 0 0 0 0.1768209785223007 0 0.1602560877799988 0.2281510680913925 206.9775597676635 19.78470087051392 25.00736476480961 1104.410185158253 135.7978596836329 883.3819521218538 180.8163530826569 148.2272977754474 110.1733926534653 16.3436965495348 402.5614605844021 70.17790896445513 1.588454492390156 34.62123823910952 1.921380534768105 114.0512379556894 3.763398788869381 1.002888731658459 11.40356304496527 29.49835719168186 2.092615991830826
