0 4676.953241407871 1701.933140128851 1131.453553184867 719.0404071286321 166.5764929503202 836.9106817096472 205.6930544897914 208.707111492753 2981.425888128579 1056.856910258532 211.7567576244473 193.7641757801175 356.463691458106 1.102641947567463 0.2290520742535591 0.1404167711734772 0 0 0 0.1020151376724243 0 0 0 0 0 0 0 0 0 1026.59530685842 64.16737322509289 15.43153473734856 0 0 0 20.13970716297626 0 0.3797737807035446 0 0 0 0 0.3149794563651085 0.3493683934211731 0 6.271314069628716 1.432971157133579 0.2195944860577583 0.2150016278028488 0.2074995636940002 0 0.2762260064482689 0 2.050947479903698 5.661637954413891 375.8787600398064 1564.131694920361 30.32855507731438 2.017359390854836 0.1291900426149368 7.583251722157001 0 3.952829942107201 4.442587807774544 2.034212023019791 0.396669864654541 0.6070359945297241 0 0 122.508337944746 6.743826642632484 1.366558536887169 118.44870287925 27.62761559337378 12.08254889398813 2.234607838094234 0.444041982293129 0.2779497876763344 33.42980727553368 0 1.453816473484039 6.573205292224884 0.5757841989398003 1.966116838157177 1.290493667125702 1.429035179316998 0.2938972264528275 0.248985581099987 0.1415217667818069 0.4168687164783478 0 0.09878229349851608 0 0 237.9677184447646 15.90607024729252 1.710277825593948 0.9526042938232422 950.5635528191924 0 0 1.906214594841003 0 1.135192856192589 2.863440573215485 8.085293740034103 2.473082661628723 9.01184706389904 11.96584364771843 2.521080389618874 8.399198457598686 18.46777938306332 8.169502228498459 6.579911895096302 1.060356736183167 0.3154220804572105 0 0.09014131128787994 0 0 0 0 0 0 0 0 0 0 0 0 0 0 0 0.6775690093636513 0.994255393743515 0 0 0 0.2937308251857758 0.5807892084121704 2.253136858344078 0 0.178917795419693 0 0 0 0 0.1419145613908768 0 0 0.8484141528606415 2.408542402088642 0 0 0 0 0 0 0 0 0 0 0 0.15215103328228 0 4.399549096822739 0.6826448291540146 0 0 0 0 0 0 0 0 10.63785567134619 0 0 0 0 0.7844142913818359 0 0.3867095038294792 0 0.4216223359107971 2.236408092081547 0.4733770787715912 0.9303217381238937 0 0 0 0 0 0 0 0 12.50055564939976 0.2552257403731346 1.129289150238037 77.94543538987637 2.422269240021706 64.54322361946106 4.03595820069313 1016.131399199367 6.251891002058983 0.6156322732567787 5.659482948482037 4.825845301151276 0 1.663945838809013 0 6.57377290725708 0 0 0.3078843057155609 0 0
4676.953241407871 0 2228.270803034306 502.4208850041032 4873.716756142676 41.43488883972168 2331.838296204805 136.4376609176397 966.709608219564 594.9977981895208 1457.455157011747 23.8869004547596 152.6705623269081 407.4377665370703 1.103145033121109 0 0 0 0 0 0 0 0 0.1057295948266983 0 0.09303656965494156 0 0 0.1206416934728622 0 1200.614430233836 31.09171056002378 0.3884084224700928 0 0.1981268376111984 0.1180085465312004 1.207250326871872 0 0 0 0 0 0 0.1053157150745392 0 0 13.40920584648848 4.718552455306053 0 0 0.2191835418343544 0.1254012733697891 0 0 1.479168362915516 6.570129886269569 74.06727954000235 628.0945761352777 11.48402448743582 6.414830736815929 0.0966024175286293 0.6249293088912964 0 13.74609414488077 3.941390573978424 2.743417292833328 0.7945586889982224 1.145320989191532 0.08156707137823105 0.09923407435417175 3.799543261528015 0.6965523213148117 0 106.8053260222077 59.61855214834213 31.7849398329854 2.332905501127243 0.2302254512906075 0.1107527762651443 2.560652375221252 0.1101367548108101 0.3937202095985413 12.60621403902769 0.09522441774606705 2.804102554917336 1.279053308069706 1.566251613199711 0 0.6070956066250801 0 0 0 0.1049430891871452 0.1129819229245186 0.1978286951780319 2.449559688568115 0 0 0.1226957961916924 318.1271771043539 0 0 0 0 0.5853502750396729 0.9675522446632385 0 0 0.722996711730957 0.6241965293884277 0.5266239047050476 0.1638514697551727 1.850986465811729 1.000968545675278 2.700295567512512 0.2539752721786499 0.2523736953735352 0 0.1431836485862732 0 0 0 0 0 0 0 0 0 0 0 0 0 0 0 0 0.3324088007211685 0 0 0 0.1419300585985184 0 1.097139835357666 0 0 0 0 0 0 0.6241021156311035 0 0 0 0.6548834964632988 0 0 0 0 0 0 0 0 0 0 0 0.1498843133449554 0 1.696018055081367 0.6529691070318222 0 0 0 0 0 0.103377565741539 0 0 2.425361782312393 0 0 0 0 0 0 0.1881691366434097 0 0 1.190705999732018 0 0.1446242481470108 0.1976494044065475 0 0 0 0 0 0 0 0.6329872906208038 0 0.7270091995596886 32.98348820954561 6.962200082838535 125.0427448004484 8.767845951020718 276.6803308725357 14.5154702141881 1.275592342019081 10.87523842602968 0.7509625032544136 0 1.35763330757618 0 0 0.2063641101121902 0.5677310079336166 0.7589989602565765 0.3743211627006531 0
1701.933140128851 2228.270803034306 0 22.58602893352509 1004.022218309343 3.942213490605354 178.1963140442967 1684.161226853728 563.6205760911107 34.12415416538715 2751.516701132059 8.904727019369602 188.9678440541029 633.7679148837924 5.097306683659554 1.864449292421341 0.7837992906570435 0.2298696115612984 0 0.4095034375786781 0.1431685537099838 0 2.769709050655365 1.179674968123436 6.012456014752388 0.2890241146087646 3.379511401057243 0.1044312939047813 0.2423839494585991 0.6341677308082581 6104.692735739052 285.4738249108195 21.06938093155622 0.1445392519235611 4.865180768072605 5.451939105987549 19.2741562128067 5.401394262909889 2.147493422031403 0.6413865014910698 0.1186477690935135 0.7112213522195816 0.5943445861339569 1.429174482822418 0.1034931093454361 0.2073191404342651 25.29217153042555 7.978114798665047 0.7525489628314972 0.788762629032135 2.957261100411415 0.1217203959822655 0 0.2352984398603439 3.697828643023968 9.393613025546074 183.2715603858232 2379.302135571837 21.01618981361389 10.87007227540016 17.10122248530388 51.64813885837793 3.391516231000423 128.8719426542521 5.837981283664703 4.496198110282421 3.319876246154308 3.671968415379524 2.98528815060854 2.392796747386456 6.310906760394573 7.977195397019386 0.3762343525886536 263.9777544364333 288.9684149995446 62.6028960570693 7.132256582379341 1.404840536415577 214.1104174777865 721.1493107900023 7.036248154938221 251.057993195951 19.03833611309528 0.3606054708361626 5.012502327561378 2.656459279358387 6.998647250235081 0.1030718982219696 1.075639337301254 0 0.235836535692215 0.3097538352012634 2.536808416247368 1.086853444576263 0.338016115128994 11.72204426676035 1.533254988491535 0 0.09317804127931595 210.6298304051161 0 0 0.7077143490314484 0 4.383852124214172 0.4496354758739471 0.8334729969501495 3.932931870222092 1.572504878044128 3.545152127742767 3.185497581958771 4.720438539981842 8.668792799115181 4.42541928589344 12.46660017967224 3.003412529826164 2.086047500371933 0 0.1843883097171783 0 0 0 0 0 0 0 0 0 0 0 0 0 0 0 2.471204742789268 3.853477582335472 0 0 0.09436406940221786 5.626694686710835 1.501201130449772 16.75575963407755 0.9628996700048447 0.460180789232254 0 0 0 0.3438753485679626 0.1003032326698303 0.2997012287378311 0 1.283831626176834 6.053748115897179 0 0 0 0 0 0 0 0 0 0.169132724404335 0 1.844727486371994 0.1122268512845039 16.72777542471886 0.8417334407567978 0.2113592326641083 0 0 0 0.1151866540312767 0 0 0 23.73392572253942 1.435523077845573 0 0 0 2.104833692312241 1.220575407147408 5.140902459621429 1.247409701347351 1.320664510130882 6.609863795340061 3.181569963693619 2.42734844237566 0 0 0 0 0 0 0 0 3.244854360818863 0.5577536448836327 10.42972131073475 41.54783360660076 9.651329532265663 145.2696480378509 12.5321581363678 210.269001044333 19.66404325515032 2.030487731099129 16.94100769609213 4.934022523462772 0.7110689282417297 6.134623900055885 0.952300488948822 2.233408182859421 1.598731100559235 0.1900755316019058 1.651186987757683 0.8191026449203491 0
1131.453553184867 502.4208850041032 22.58602893352509 0 243.1871921494603 613.817718654871 569.8000180497766 6.206777192652225 84.01534928381443 5324.612441435456 31.45555338263512 557.3091773986816 229.5578807592392 9.648598358035088 0.4346703886985779 0 0 0 0 0 0 0 0 0 0 0.1034898683428764 0.1021173074841499 0.153765395283699 0 0 28.25875472277403 1.34852047264576 0 0 0 0 2.085667282342911 0 0 0 0.1338539719581604 0 0 0 0 0 16.24459118396044 3.789977334439754 0 0 0 0 0 0.1597618460655212 1.496762551367283 5.393085509538651 28.4048008993268 129.1362463906407 5.617305442690849 5.003852635622025 0.1081902012228966 0.1142188161611557 0 9.947434023022652 2.530431903898716 1.559576109051704 1.157653480768204 0.4124475941061974 0.1486775428056717 0 422.8200289458036 0.1999795436859131 0 78.34488516300917 36.95653568953276 21.79799161106348 1.867396049201488 0 0 1.743484877049923 0.1573008149862289 0.3690145164728165 13.2733161225915 0.4282369613647461 1.62635362893343 1.075379259884357 1.352456651628017 0 0.0953952819108963 0 0 0.11338921636343 0 0.136991024017334 0.3174498677253723 133.0462550222874 58.63182318210602 0 0.1078227832913399 56.6938451975584 0 0 0.8949283361434937 0 0 0 0.8479740619659424 0 0.6352436095476151 0 0 0.2867695093154907 1.947473585605621 1.01888969540596 1.073215216398239 0 0 0 0 0 0 0 0 0 0 0 0 0 0 0 0 0 0 0 0 0 0 0 0 0 0 0.9418724477291107 0 0 0 0 0 0 0 0 0 0 0 0 0 0 0 0 0 0 0 0 0 0 0 0 0.3759418427944183 0 0 0 0 0 0 0 0 0 1.097330212593079 0 0 0 0 0 0 0 0 0 0 0 0 0 0 0 0 0 0 0 0 1.144710898399353 0 0.10431057959795 36.26650051772594 1.95166902244091 142.9059641286731 6.765566363930702 557.4369511008263 21.89927665889263 1.190076239407063 11.522421002388 0.7118354141712189 0 0 0 0 0 0 0 0 0
719.0404071286321 4873.716756142676 1004.022218309343 243.1871921494603 0 12.02169375121593 1297.428364314139 127.4205172806978 1604.486265748739 576.2454425320029 895.675711736083 145.4633567780256 766.098226852715 519.8358336910605 1.267371371388435 0 0.5568446815013885 0.2485452890396118 0 0 0 0 0 0.117372140288353 0 0.2872709408402443 0.1973233446478844 0.1098340749740601 0.2503277659416199 0.1041892096400261 121.6068528369069 29.29592574387789 0.3808156922459602 0.3075105249881744 0 0.0927233099937439 0.4541332125663757 0 0 0 0.1074939966201782 0 0.255620151758194 0 0.1986605823040009 0 52.78540276736021 9.377682454884052 0 0.1987547352910042 0.4836794883012772 0 0 0.1275902837514877 2.368272714316845 9.546195887029171 43.53580701351166 185.0405846759677 9.156506061553955 22.50019974261522 0.546244703233242 0.3522855266928673 0 46.82436595112085 6.852160260081291 3.37002482265234 2.810035511851311 1.89603728055954 0.2117614150047302 0 22.3340233117342 0.1866182237863541 0 115.5818083509803 109.371938817203 72.60268940031528 6.988864488899708 0.1316531598567963 1.371369704604149 3.189923219382763 0.3107623904943466 0.9846509397029877 17.58551612496376 0.8022962883114815 5.121684797108173 2.822700768709183 3.531962998211384 0 0.705345593392849 0 0.1120102927088737 0.1164328753948212 0 0.110333152115345 0.1038365811109543 28.63594415783882 0.3554221987724304 0 0.3091863989830017 29.96848887205124 0.1507768481969833 0 0.5317570567131042 0 3.212059259414673 1.44622939825058 0.1987508088350296 1.71112459897995 4.109226867556572 3.793966174125671 9.508339956402779 7.010218597948551 15.4286617860198 7.353582240641117 19.96799685806036 0.986659437417984 0.9259887337684631 0 0.2339314669370651 0 0 0 0 0 0 0 0 0 0 0 0 0 0 0 1.644614174962044 5.611776135861874 0 0 0 2.785742074251175 0.1466436982154846 15.71629539132118 0.595708541572094 0 0 0 0 0 0.1359785497188568 0 0 0.6362840533256531 5.58071032166481 0 0 0 0 0 0 0 0 0.1372372061014175 0.132364422082901 0 0.2047819197177887 0 15.06814059615135 2.028304427862167 0 0 0 0 0 0 0 0.3031641840934753 24.30037328600883 0.3251988589763641 0 0 0 3.986314468085766 0.4287767112255096 3.49353201687336 0.5429691672325134 2.623124420642853 5.892339497804642 0.3832592815160751 4.850874692201614 0 0 0 0 0 0 0 0 8.409085318446159 0.7458610832691193 1.182228550314903 79.7107284963131 14.1878259703517 246.9405582249165 18.44370562583208 285.9024923145771 57.0809043571353 4.6518589630723 35.46101851761341 4.667734757065773 0.1342014670372009 9.37333320081234 0.3419478833675385 3.237029492855072 1.00530281662941 0 1.522065833210945 0.1445748507976532 0
166.5764929503202 41.43488883972168 3.942213490605354 613.817718654871 12.02169375121593 0 114.6459818929434 12.04725176095963 29.69259023666382 2262.964771583676 28.40165677666664 549.5614332705736 154.257545158267 63.97563959658146 2.741386286914349 2.143094398081303 0 0 0 0 0 0.1992149651050568 0 0 0 0 0 0 0 0 1.275081217288971 0.5527853146195412 110.3293551951647 0 0 0 83.87139463424683 0.1694277673959732 12.38350316882133 0.3166671097278595 0 0 0 0.9217546731233597 0 0.09365890920162201 4.518024891614914 0.3024396374821663 0.694070503115654 0 0.4733570963144302 3.987579219043255 1.098677769303322 0 0.09106568992137909 2.258827395737171 64.72351505607367 114.8917916491628 1.905014932155609 1.640924826264381 1.394317820668221 40.36071213334799 0 1.450521439313889 0.2462848797440529 0.1242385432124138 0 0 0 0 332.6568903923035 200.4134759306908 14.15094545483589 10.05731954425573 3.710637025535107 4.055360347032547 1.767829932272434 1.102164909243584 0.1536930799484253 88.51808013767004 1.090472370386124 15.45718046277761 0.3318122774362564 4.036681547760963 0.2957785055041313 0.5332940071821213 0.3966633155941963 7.998103953897953 3.320921987295151 7.875545583665371 1.953743614256382 2.395438760519028 0 0.4157377183437347 0 698.4106102436781 55.80123695731163 14.81647132337093 14.61449266970158 286.8564840704203 0 0 0 0 0 0.4669691026210785 0.3156042397022247 0 0.4911235570907593 0.3508973121643066 0 0 1.308950915932655 0.8066595494747162 0 0 0.1321978271007538 0 0.2907612323760986 0 0 0 0 0 0 0 0 0 0 0 0 0 0 0 0 0.2743227630853653 0 0 0 0.2475049495697021 0 0.2775855958461761 0.6736830472946167 0.3985806256532669 0 0 0 0 0 0.2428231835365295 0 0 0.6549234464764595 0 0 0.1642807275056839 0 0 0 0 0 0 0 0 0.1531425416469574 0 0.5575186610221863 0 0 0.1280879378318787 0 0 0 0 0 0 1.174495384097099 0.2761468291282654 0 0 0 0.2331034243106842 0 0.6967024505138397 0.1390975117683411 0 0 0.2213474959135056 0.1673186123371124 0 0 0 0 0 0 0 0 0 0 1.116475537419319 13.21636644750834 1.894990026950836 21.73873198032379 2.171795934438705 444.235516436398 6.173476494848728 1.787517748773098 6.777336902916431 0.8658817559480667 0 0 0 0 0 0.1381597071886063 0 0.1320652961730957 0
836.9106817096472 2331.838296204805 178.1963140442967 569.8000180497766 1297.428364314139 114.6459818929434 0 109.6232048124075 673.4629200771451 2199.142382115126 257.5565424188972 525.2576633989811 1357.896228477359 2387.590042859316 5.403560608625412 0.127074807882309 1.370351895689964 0 0 0 0.1360720843076706 0.1457073539495468 0 0.1148312389850616 0.1026302427053452 0.1568678468465805 0 0 0.4139006435871124 0.094149149954319 129.9531963244081 38.40408788621426 0.4285572618246078 0 0.2279877364635468 0.109250009059906 1.083469457924366 0 0.2793848067522049 0.2267734110355377 0 0.1114786267280579 0.1711070090532303 0 0 0 89.00010783225298 14.50350074470043 1.087646916508675 0 0.3944143950939178 0 0 0.665954127907753 5.758180722594261 14.07561046630144 83.31903965771198 296.6716240048409 17.1046325340867 28.91280919313431 1.116437889635563 0.9345843568444252 0.1669122874736786 61.30581011623144 13.6612136811018 5.33712162822485 3.770817495882511 3.50292544066906 0.3666901439428329 0.2273560166358948 100.1654729396105 1.477583289146423 0 210.2545658573508 167.4350563287735 122.5838829427958 13.49956165254116 1.0774050578475 1.450872048735619 4.214557662606239 0.3865352645516396 2.798275262117386 29.76198870688677 0.7350212782621384 7.461313262581825 3.934147477149963 4.494508728384972 0 0.9910257384181023 0 0.08940900862216949 0.4091498702764511 0.3645910918712616 0 0.211946502327919 120.87073456496 9.348110251128674 0 0.1283487975597382 52.25310003012419 0.9425905495882034 0 2.194621741771698 0 3.148538678884506 1.02757166326046 6.765651196241379 4.707340374588966 13.54588942974806 7.581165179610252 11.19262097030878 19.80783487856388 28.84830604493618 22.51927989721298 27.7219291254878 3.790794357657433 3.373100496828556 0 0.2172123789787292 0 0 0 0 0 0 0 0 0 0 0 0.5514295697212219 0 0 0 3.997884422540665 4.530636608600616 0 0 0 6.169719971716404 1.502861872315407 24.74902085214853 0.7061916142702103 0 0 0 0 0.1983927637338638 0.8670997023582458 0.1603262722492218 0 0.333644300699234 13.65822503715754 0.3193917870521545 0 0 0 0 0.5651274919509888 0 0 0 0.2216115593910217 0 0.9794501513242722 0 25.52155116200447 4.966542460024357 0.1323178559541702 0 0.1109609305858612 0 0 0 0 0 48.35951197147369 1.148658275604248 0 0 0 8.58635701239109 0.7851091325283051 5.105818241834641 0 3.350949376821518 11.18771211802959 5.141758620738983 4.157835982739925 0.366674929857254 0 0 0 0 0 0 0 18.05883576720953 2.753421977162361 10.08441772311926 117.0680412724614 24.44251707196236 391.7944119870663 32.21857652068138 588.1999186500907 76.80159346014261 8.07876618206501 47.71205914020538 13.96097330749035 2.285663917660713 8.604307018220425 0.8544993549585342 3.395742774009705 2.021965488791466 0 1.439914181828499 1.357625484466553 0.9837453365325928
205.6930544897914 136.4376609176397 1684.161226853728 6.206777192652225 127.4205172806978 12.04725176095963 109.6232048124075 0 1064.742300137877 31.9301249012351 5034.336763478816 10.88541847467422 368.2947261855006 1679.642762355506 22.30733476579189 4.960554793477058 3.754091717302799 1.840418383479118 0 2.543388612568378 0.5804134756326675 0 8.963576287031174 6.883545123040676 14.20533715933561 0.5953327789902687 9.289967104792595 0.09349946677684784 0.2793252244591713 1.412934981286526 951.1557677611709 2073.632417365909 85.37755943089724 0.6424145996570587 13.35542191565037 10.8297323435545 77.97345132380724 8.171356961131096 9.008368439972401 1.17198646068573 0.6299000084400177 1.0776372179389 3.88593415915966 2.986160524189472 0.3882849365472794 1.079322271049023 115.6674784198403 15.99083053320646 1.259939722716808 4.460348643362522 6.670557245612144 0 0.6328811496496201 0.3466682583093643 5.0613709166646 12.88273529708385 108.9837410673499 752.0304294154048 15.65236937254667 35.47793344408274 155.0034593045712 178.1269776299596 8.34312230348587 356.659045137465 9.31290428340435 4.264431290328503 4.671172969043255 8.571351498365402 14.56289424002171 11.70492177456617 17.37956330180168 13.57853148877621 0 234.8952816054225 361.798743866384 144.45950422436 123.9284208863974 266.0830332115293 928.6990487501025 2767.175115548074 186.6101066097617 1427.975076556206 27.30764179676771 0.9009585082530975 7.310195483267307 4.035613112151623 20.48404819518328 0.1115337759256363 1.323951631784439 0.09837806969881058 0.5436793342232704 0.4568134769797325 7.414191372692585 3.105630159378052 0.6788754388689995 54.08789278566837 3.197590500116348 0 1.539488635957241 34.7467465698719 0 1.02759051322937 0.8681669235229492 0 0.6414522230625153 0.9969418495893478 3.599291101098061 1.915976226329803 7.942431539297104 1.472907930612564 10.64756216853857 21.64737395942211 27.90528036653996 18.7925578802824 26.33811275660992 5.49220447987318 7.943295523524284 0.1377769261598587 2.792157597839832 0 0 0.1546608805656433 0 0.1609708964824677 0 0 0 0.1008895635604858 0 0 0 0 0 0 4.588330663740635 4.49041997641325 0 0.1498602777719498 0 12.60704742372036 1.849575594067574 33.24282547086477 7.121093958616257 1.347951598465443 0 0 0 0 0.5673084259033203 0.5009560361504555 0 1.869696900248528 23.20806311070919 0 0.1627398282289505 0.3930852711200714 0.337325356900692 0.4745021611452103 0 0.4005813300609589 0 0.7585695087909698 1.091622769832611 0 0.7549998909235001 1.206423044204712 46.76478146761656 6.552846096456051 0 0.672897033393383 0.1376439183950424 0.1700291782617569 0.1493192762136459 0 0 0 57.91994030028582 2.298036947846413 0 0.7492124438285828 0 8.915003597736359 3.239932984113693 14.00991520285606 2.707025602459908 4.916735030710697 18.4937821701169 4.18182310461998 6.52531722933054 0.7020483613014221 0 0 0 0 0.2711263597011566 0 0 14.7906696498394 5.622613444924355 21.39676453918219 292.2046556472778 23.98391845077276 492.9907018765807 34.48957277089357 309.4841053336859 100.1044767573476 6.236534588038921 118.9099005311728 27.08131442219019 1.385926485061646 20.92815809696913 1.420067891478539 3.083811163902283 3.851607605814934 0.1348064988851547 5.503260806202888 4.418138951063156 0.8922979831695557
208.707111492753 966.709608219564 563.6205760911107 84.01534928381443 1604.486265748739 29.69259023666382 673.4629200771451 1064.742300137877 0 503.2147511988878 2324.457041829824 367.9319313392043 2162.984883718193 2200.749313391745 8.864742003381252 0.6737464815378189 1.155962273478508 0.1079186126589775 0 0 0.1202689781785011 0 0 0.3609512448310852 0.08118471503257751 0.1474716365337372 0.3410021662712097 0 0.1743229627609253 0.09096864610910416 110.3465728536248 76.69662124663591 2.453944154083729 0.344348169863224 0.08805089443922043 0 5.877815447747707 0.114273339509964 0.5383122116327286 0.3336354047060013 0.1479020118713379 0.1195056214928627 0 0.4866706728935242 0.1021834537386894 0 100.197138428688 9.259114764630795 0.9971879199147224 0.1116593405604362 0.5529121235013008 0.132239893078804 0 0.22203179448843 3.703384913504124 13.5069163814187 57.29919706285 189.9902727976441 13.09899900108576 29.78461342304945 1.167504765093327 1.085080593824387 0 67.22935438901186 9.309486903250217 5.611306443810463 2.358334958553314 3.155600532889366 0.1816665828227997 0 126.5989499986172 2.810557760298252 0 145.3052778020501 144.8121346384287 103.7604936808348 19.36814411729574 1.373371787369251 4.498895265161991 17.93651628494263 0.5839120596647263 2.282267153263092 23.06940558552742 0.09206979721784592 5.099428586661816 3.600989140570164 5.812806144356728 0.1044984832406044 0.7568653374910355 0 0.07552596926689148 0.2332290709018707 0.5142811834812164 0 0.9071937277913094 155.9303452223539 8.131869420409203 0 0.3384171649813652 25.44807389378548 1.758225508034229 0.6997394561767578 1.971976175904274 1.156455934047699 6.931165263056755 5.387762047350407 12.50526709854603 12.82412533462048 23.84922691434622 23.42991179227829 19.55420381575823 32.93132168799639 70.72402345389128 49.74858619272709 67.67815694212914 8.253843612968922 8.60397993773222 0 0.6924003660678864 0 0 0.2544218003749847 0 0 0 0 0 0 0 0 0 0 0.4636691808700562 0 13.15853257477283 11.49584999680519 0.1998086869716644 0 0 13.94839513301849 2.540912270545959 62.82259422540665 2.139320552349091 0 0 0 0.9649532437324524 0.5369405373930931 0.9563624411821365 1.228597968816757 0 3.699081152677536 41.05580040812492 0.9183462038636208 0.1248109564185143 0.1806719154119492 0 0 0 0 0 2.33354115486145 2.72564123570919 0 0 0.2455951869487762 66.88226306438446 12.74950730800629 0.1529980301856995 0.5939684063196182 0 0 0.3152053952217102 0 0 0 117.9194597899914 1.668919712305069 0 0 0 13.29328493773937 2.447050124406815 15.34215268492699 1.720430046319962 8.29775495827198 35.09381277859211 9.927996933460236 12.43981002271175 0.8408556059002876 0 0 0 0 0 0 0 43.91285453736782 5.002512283623219 21.84402107447386 177.916341766715 20.38952012360096 390.4570420086384 31.50794307887554 364.5220628753304 91.38858671486378 7.480375334620476 69.62058836966753 19.55658615380526 1.580202743411064 37.88014553487301 2.013931147754192 5.30576828122139 2.804979875683784 0.6364268064498901 6.269326880574226 1.627950020134449 0.9641984105110168
2981.425888128579 594.9977981895208 34.12415416538715 5324.612441435456 576.2454425320029 2262.964771583676 2199.142382115126 31.9301249012351 503.2147511988878 0 72.4388222694397 1469.816342696548 2144.249789364636 205.4445538520813 1.483482234179974 0.1808677390217781 0.6052101254463196 0 0 0 0.2925674766302109 0 0 0 0.9251124486327171 0.3207725360989571 0.1017391681671143 0 0 0 148.9148473218083 11.534409314394 20.32863198965788 0 0 0 173.0507011860609 0.1804018169641495 0.09288946539163589 0 0 0.1085081323981285 0 0 0 0 70.67646306753159 18.4003586769104 0 0.2676167786121368 0.09751860052347183 0.2617568597197533 0 0.7036262154579163 10.1560288593173 22.04299041628838 180.1412061825395 612.940262272954 29.36958336830139 28.33615639805794 0.6058829873800278 11.31568273901939 0 41.83831248432398 16.61066823452711 10.08154331147671 3.816066473722458 4.079897947609425 0.7959310114383698 0.2895386517047882 1379.651296667755 1.399868205189705 0 357.900946341455 158.7530633732677 96.02650758624077 7.020343512296677 0.4704853966832161 0.4880284368991852 86.86959134787321 0.5263552963733673 2.997997179627419 50.09064240008593 0.2605219632387161 9.058455504477024 6.764621250331402 10.99575667828321 0 1.046890839934349 0 0.4037465304136276 0.1224519461393356 0.1771730035543442 0.2274905443191528 0.1429400444030762 508.8920147195458 112.3656819909811 0 0 269.0723791569471 0.2668849527835846 0 0.2462925165891647 0 0.7213106751441956 2.274143517017365 6.031477615237236 1.838827520608902 8.034811213612556 5.931281611323357 4.681929767131805 12.14782147854567 17.24763019382954 12.32069381326437 12.83415526151657 1.981882587075233 1.392471924424171 0 0.1764927357435226 0 0 0 0 0 0 0 0 0 0 0 0 0 0 0 2.467641413211823 3.326684571802616 0 0 0 1.643098324537277 0 6.810021966695786 0 0 0 0 0 0.1603220999240875 0 0 0 2.659029617905617 2.962225720286369 0.2766176760196686 0.5328755378723145 0 0 0 0 0.2736439779400826 0 0.1177772656083107 0.6082297936081886 0 0 0.273335874080658 9.613588951528072 4.256951913237572 0 0 0 0 0 0 0 0 21.81860367208719 0 0 0 0 1.842184916138649 0 2.922254294157028 0 1.458395883440971 4.03245148062706 0.5382986068725586 0.7693895697593689 0 0 0 0 0 0 0 0 11.08899706602097 1.396462514996529 7.107768833637238 139.1170085892081 15.53283772617579 594.890934586525 43.00606234371662 2546.532512046397 91.75617937743664 6.450191788375378 58.58972230553627 3.954356521368027 0.4736736714839935 3.785098358988762 0 0.9675305187702179 0.5120701193809509 0 1.942773059010506 1.407078355550766 0.7686862349510193
1056.856910258532 1457.455157011747 2751.516701132059 31.45555338263512 895.675711736083 28.40165677666664 257.5565424188972 5034.336763478816 2324.457041829824 72.4388222694397 0 30.61770945042372 664.7622762396932 2598.378625877202 92.21313723176718 21.98339511454105 7.214064262807369 0.4129533544182777 0.2577201649546623 0.1056472286581993 0.2703449055552483 0 0.1993196159601212 0.1825797334313393 2.430813074111938 0.3794387504458427 1.128786690533161 0.8220157697796822 1.127264656126499 0.2989133223891258 563.0396256372333 613.5491633787751 564.8162978067994 0 0.4430747702717781 2.254995785653591 213.3691675141454 11.30099899321795 25.39702670276165 2.097902290523052 0.8515408933162689 1.368538796901703 0.08535657823085785 4.302930757403374 0 0.7381455972790718 224.6600225195289 18.54732209444046 2.724633149802685 0.9913117811083794 1.495073474943638 0.1153021827340126 0 0.6290957257151604 4.738414637744427 15.22629623115063 97.53477799892426 531.6764346137643 20.9052614197135 62.21918551623821 2.790239214897156 118.3790156394243 0.6268047615885735 161.0987908095121 13.40642537921667 8.157189451158047 4.742893941700459 6.016537301242352 0.9035873636603355 1.315078221261501 48.64224783331156 12.46787790954113 0 248.3016449138522 303.5001005232334 240.2936695739627 104.504190698266 21.22447387874126 137.1338696926832 725.7951973751187 3.347642578184605 79.95551764219999 29.64596726000309 0.8769093677401543 10.49330082535744 5.879926674067974 10.42232804000378 0 1.877787970006466 0.1525824368000031 0.4844348356127739 0.2013610303401947 0.5911244973540306 1.852983318269253 1.235031776130199 161.7447454854846 13.35145957767963 0 3.995318084955215 79.2443358451128 1.319952256977558 0 0.1301153898239136 0 4.325153887271881 4.503768801689148 5.208228081464767 6.988802149891853 11.11331338435411 8.665123879909515 13.87240328639746 19.71889337152243 37.99008141458035 28.76290387660265 45.21511114388704 8.978324368596077 8.623734250664711 0 0.8585516139864922 0 0 0.3448187708854675 0 0 0 0 0 0 0 0 0.1821210533380508 0 0 0 12.61793091893196 11.20427319407463 0 0 0 13.69182849675417 2.233387425541878 53.13062660396099 3.386436775326729 0.1231471002101898 0 0 0 0.2810001075267792 1.060013204813004 0 0 2.269043065607548 25.23553552478552 0.2991842776536942 0.4321756586432457 0.09382880479097366 0 0 0 0 0 1.339968301355839 3.157659359276295 0 0.333007238805294 0.4182523414492607 51.24193985015154 12.96132392436266 1.449471801519394 0.5957438498735428 0 0.1130582690238953 0.1063476577401161 0 0 0 90.30204870551825 2.080745473504066 0 0 0 11.27313633263111 2.544921875 16.18622779101133 3.012134931981564 8.372309789061546 22.71663741022348 5.535570994019508 6.636551901698112 1.129852443933487 0 0 0 0 0 0 0.2630264759063721 24.88964749127626 6.795474752783775 28.57988696545362 441.2859209403396 47.45595765858889 653.5123603343964 81.05596924945712 344.5292707160115 151.4558102563024 10.54688116908073 190.1308951601386 32.04500979185104 0.802061140537262 28.17949940264225 2.287598699331284 10.51012178510427 5.680348172783852 0 7.895154178142548 10.46539478749037 3.590625680983067
211.7567576244473 23.8869004547596 8.904727019369602 557.3091773986816 145.4633567780256 549.5614332705736 525.2576633989811 10.88541847467422 367.9319313392043 1469.816342696548 30.61770945042372 0 2019.356665864587 164.8210180625319 14.41138321906328 6.014777630567551 1.252425275743008 0.1190256103873253 0 0 0 0.1514510214328766 0 0 0 0 0 0 0 0 3.525699384510517 1.921141110360622 24.84872187674046 0 0 0 341.9540480673313 0.942025899887085 1.060560390353203 0 0 0 0 1.467623107135296 0 0.9383015036582947 14.017697237432 1.067551247775555 0.2590551450848579 0 0.2638567760586739 2.671719618141651 1.979250907897949 0 0.5944179818034172 1.220547057688236 6.092307016253471 12.75901672244072 0.9973455518484116 3.370103791356087 0.4243751168251038 38.04967061430216 0 5.83036645501852 0.1847118437290192 0.2565901130437851 0.1817747950553894 0.2554940581321716 0 0 794.8781304508448 18.38373395800591 3.420312710106373 8.229897044599056 6.243401244282722 12.35584004223347 7.610110856592655 3.335913084447384 0 128.1780750602484 1.035517193377018 12.67396771162748 1.070363990962505 0.1471308916807175 0.3644946813583374 0.1770870834589005 0.1791795939207077 2.596895717084408 0.4709616750478745 1.65238893032074 0.1248874664306641 0 0 0 0.1335200667381287 1581.66867724061 82.65778475999832 17.88663944602013 3.929402127861977 60.79844134300947 0.1293537765741348 0 1.065219432115555 1.344164609909058 2.651054501533508 4.773389607667923 9.781680524349213 4.458344325423241 13.06886868923903 9.701551616191864 8.739245273172855 19.32385275512934 33.9102676436305 39.46047852188349 27.24676253646612 2.010435961186886 2.292983189225197 0.1106971800327301 0.4130989909172058 0.1194641292095184 0 0.134465366601944 0 0 0 0 0 0 0 0 0 0 0 0 5.840060293674469 3.206857912242413 0 0 0 5.875816524028778 0.9346357807517052 19.64828003942966 0.8728665858507156 0.1279676705598831 0 0 0.1876116842031479 0.1604426205158234 0.6131104528903961 0.2748748660087585 0 1.511886395514011 9.170731209218502 0.3013322353363037 0 0 0.4581696540117264 0 0.1102007552981377 0 0 0.5242936834692955 0.3782869875431061 0 0.6584562882781029 0 25.29747372120619 5.692108288407326 0 0.324868768453598 0 0.1413651257753372 0.1224449574947357 0 0 0 46.81134740263224 1.589884236454964 0.213448703289032 0 0 3.083729982376099 0.3982416242361069 9.589013434946537 1.311198592185974 4.559119321405888 7.048433654010296 3.488135434687138 2.432290345430374 0.3734038695693016 0 0 0 0 0 0 0 23.41704289615154 4.913656622171402 13.17831891775131 47.72843154519796 3.028983786702156 48.56051321327686 7.39398780465126 421.8150820657611 9.431168213486671 0.6412233859300613 16.88318026810884 11.45269387215376 0.1557164341211319 13.1378585472703 0 3.975930273532867 2.437347486615181 0.1774525493383408 4.28022475540638 0.7138733416795731 0.2113086879253387
193.7641757801175 152.6705623269081 188.9678440541029 229.5578807592392 766.098226852715 154.257545158267 1357.896228477359 368.2947261855006 2162.984883718193 2144.249789364636 664.7622762396932 2019.356665864587 0 2954.312712006271 36.17186367511749 9.426740765571594 2.289539679884911 0.1025960072875023 0 0.129301518201828 0.1165050864219666 0.1510355174541473 0 0 0.2632733732461929 0.1065195724368095 0.08274836093187332 0.0865032896399498 0.2187632173299789 0 76.14605702459812 43.85378567129374 19.18198256194592 0 0.1573294252157211 0.09275109320878983 16.98606586456299 0.2789000868797302 0.4189232289791107 0 0.09163872897624969 0.3518694266676903 0 2.840392574667931 0 0.2139967009425163 84.05291272699833 5.458828024566174 1.029903501272202 0.2584427893161774 0.4401781931519508 0.5289626717567444 0 0.3244267031550407 2.715175926685333 5.449018523097038 32.4774853438139 120.6965552642941 6.923853665590286 17.87577870488167 0.8411808833479881 8.323866866528988 0 36.52748101949692 4.409516349434853 1.503007121384144 1.051714636385441 0.7609260007739067 0.191448837518692 0.08694181591272354 1751.294760622084 15.39696015417576 0.7004271298646927 71.79914479702711 64.93809735774994 66.25520457327366 32.24819913506508 5.629149831831455 2.294913783669472 41.05751297622919 1.008781395852566 8.433283686637878 8.32685611397028 0.2041844874620438 2.05678129196167 2.559288188815117 3.023282364010811 1.080849140882492 1.06550994515419 1.556243121623993 0.2814882099628448 0 0.3707606270909309 0.2322991639375687 0.09457923471927643 2366.225010506809 116.4903921186924 10.5254054069519 3.064807757735252 70.40362919867039 1.32791743427515 1.102228045463562 2.785020738840103 0 12.47753342986107 11.83643504977226 23.83849287033081 19.53402838110924 40.53423053771257 32.27447606623173 31.17943505197763 58.76400724053383 119.1612958982587 119.2599902451038 125.1588603928685 11.30065418034792 13.63896913081408 0.2286090329289436 1.061479903757572 0 0 0 0 0 0 0 0 0.1766357123851776 0 0.1286822408437729 0 0 0.09265705943107605 0 23.8617690205574 21.91691951453686 0 0 0.1270653754472733 29.20571307837963 3.544279038906097 104.4964467734098 4.628425814211369 0.380246639251709 0 0 0.3530822694301605 0.9492967426776886 1.573818609118462 1.78212283551693 0 8.522409096360207 62.22819948196411 0.8931937515735626 0.3045952767133713 0.1519382297992706 0.1328423470258713 0.2349435538053513 0.3418740928173065 0.1615232676267624 0.1775818467140198 0.4456411600112915 7.155138969421387 0.6798170208930969 1.075183719396591 0.7916939258575439 102.8258284553885 21.17454705387354 0.3795054405927658 0.4779732525348663 0 0.3173032775521278 0.499088242650032 0 0 0.3033333495259285 214.5590553805232 4.420435316860676 0.3197029531002045 0.1773964017629623 0 19.27603469789028 3.48211145401001 21.75663168728352 4.807586997747421 18.59762695431709 50.28780110180378 13.6740930378437 13.89704146236181 1.152955263853073 0.1084850877523422 0 0 0 0 0 0 80.96616891771555 13.72372708469629 41.63905551284552 203.4835840538144 16.60164728760719 251.9271157979965 31.51842375099659 250.1851500347257 49.2610013410449 3.193170577287674 78.89337676763535 40.84719997644424 0.5074038803577423 49.75863862037659 4.915924482047558 20.59964669495821 9.459844782948494 0.3538384735584259 10.3020121306181 4.847982071340084 1.369598522782326
356.463691458106 407.4377665370703 633.7679148837924 9.648598358035088 519.8358336910605 63.97563959658146 2387.590042859316 1679.642762355506 2200.749313391745 205.4445538520813 2598.378625877202 164.8210180625319 2954.312712006271 0 63.36842074990273 16.19568141549826 5.550268284976482 0.1050566658377647 0 0.2657680436968803 0.1131729185581207 0 0.401126854121685 0 1.448448248207569 0.3159249648451805 0.9755856916308403 0.1171197071671486 0 0.09994719922542572 201.4548895582557 116.360914118588 752.5889468863606 0 0 0.3808030262589455 489.5397176221013 6.488378614187241 17.57007367908955 1.201172709465027 0.3746096268296242 0.4042885303497314 0 3.997962467372417 0.1071534529328346 0.2477486059069633 130.8961526453495 8.92390314489603 2.210950076580048 0.4437360987067223 0.67282634973526 0 0 0.7190169841051102 2.793725967407227 9.836240217089653 53.87718147039413 246.7553993910551 13.06349370628595 33.70220464468002 1.118776388466358 324.8154115006328 0.6490331962704659 66.32875618338585 5.315737098455429 4.797096326947212 2.410030923783779 2.811078146100044 0.399145744740963 0.1337442696094513 189.4483459591866 14.26764596998692 0 126.9513655155897 119.5716813728213 118.3515358269215 55.47743031382561 12.25057549774647 16.24540776014328 1388.800305448472 1.962561659514904 40.2205142006278 15.49045681208372 0.5351457223296165 6.262184455990791 2.421803563833237 3.871639363467693 0 0.676630973815918 0 0.44257453083992 0 0.4112851694226265 0.4427576065063477 0 794.3900980949402 23.38900148868561 0.7966165542602539 2.088922165334225 58.53240655362606 0.9134426265954971 1.542925715446472 0.8813832700252533 0 6.166406720876694 6.128739915788174 12.11662828922272 9.848058730363846 26.76500224322081 20.6744133234024 18.31618803739548 39.5164615213871 63.80670721828938 56.78398594260216 65.46889254450798 9.709178663790226 10.30099897831678 0.4033076837658882 0.3707914426922798 0 0 0 0 0 0 0 0 0 0 0 0 0 0 0 15.24270996451378 16.99637164920568 0 0 0 20.62457044422626 1.793270625174046 62.39995110034943 3.34995099157095 0.8184023499488831 0 0 0.283392958343029 0 1.505850970745087 0.1083150878548622 0 2.659455604851246 35.51711796224117 0.7201224863529205 1.0814144089818 0.1396691054105759 0 0 0.250993125140667 0.665684849023819 0 1.289155535399914 3.930582702159882 0.960413932800293 1.259952649474144 0.1877637654542923 76.27695623040199 11.25855631381273 1.421271301805973 0.4470643177628517 0 0.3838721588253975 0.116863526403904 0 0 0 138.2456446141005 3.675858408212662 0 0.2852822840213776 0.2986989915370941 17.17320994287729 1.983261980116367 18.65411695837975 2.978422246873379 13.10324011743069 38.78314389288425 8.492004953324795 12.1272194609046 0.598580002784729 0 0.2664820551872253 0.3400597274303436 0.2135251238942146 0.3023171126842499 0 0 45.39047825336456 13.67826944589615 33.72664779424667 281.5061115399003 26.18008054047823 376.1075138226151 46.69638644903898 221.3255130201578 79.73889770358801 6.312137544155121 118.1790490224957 26.32037258893251 1.107080399990082 27.27277687191963 3.412433199584484 8.936550796031952 7.25128735601902 0.6254509538412094 12.73687951266766 7.318603187799454 2.468484237790108
