0 3257.418961387128 340.9911615997553 912.088090851903 87.66278693079948 75.95363384485245 707.5850013047457 4.403068520128727 17.23482375591993 1702.501723237336 4.639280423521996 212.1341298818588 184.7818964123726 27.80339135229588 1.181090824306011 0.3214721530675888 0 0 0 0 0 0 0 0 0 0.1657388582825661 0 0.1926520243287086 0 0 1622.336218558252 6.749043628573418 2.271770775318146 0.1991311982274055 0 0.2347669154405594 2.641162917017937 0 0 0 0 0.184572234749794 0 0.3630233556032181 0 0.07302384078502655 14.94307389855385 2.617651127278805 0.1997726261615753 0 0.06984640657901764 0 0 0 1.937833145260811 0.6964610144495964 54.26160091906786 2195.723990984261 176.1748574227095 11.66660173237324 0 0 0 16.42071580141783 1.186061717569828 0.860601082444191 0 0.2314072102308273 0.06671780347824097 0 0.5928457379341125 1.639278799295425 0 344.6731651574373 123.1242515742779 82.61905553936958 1.899740345776081 0.2692351937294006 0.7869482189416885 2.958245918154716 0.4066140279173851 0.6399536207318306 11.23230307549238 0.9870833493769169 0.121247474104166 0.6909830570220947 0.5804566368460655 0.1839161068201065 0 0 0 0.07622359693050385 0 0 0.2462798058986664 79.10509224236012 1.160437822341919 0 0 579.6353567093611 0 0.2336840033531189 0 0.4071801006793976 0 2.231335751712322 0.9203173816204071 3.129660040140152 56.24194315075874 3.831798940896988 0.1405529975891113 0.6408161446452141 0.7495828866958618 0.6595163196325302 0.8923069089651108 0 0 0 0 0 0 0 0 0 0 0 0 0 0 0 0 0 0 0 0.6764802485704422 0 0 0 0 0 0.2717299461364746 0 0.3086163103580475 0 0 0 0 0 0 0 0 0 0 0 0 0 0 0 0 0 0.08557561784982681 0 0 0 0 0 0 0 0 0 0 0 0 0 0 0 0.6264744400978088 0 0 0 0.09701383113861084 0 0 0.266987144947052 0 0 0.3381134867668152 0 0 0 0 0 0 0 0 0 0 5.180653274059296 0 0.477748841047287 90.61276079714298 11.43287891894579 161.0443178415298 17.71974308788776 1065.338886097074 146.763222001493 1.532374389469624 3.238415338099003 0.4657703787088394 0.1023652851581573 0.531131885945797 0 5.737156763672829 0 0 0 104.5172525048256 0
3257.418961387128 0 3811.934725694358 1410.036326922476 3073.905107341707 355.1365657448769 6593.644583463669 465.6896014660597 967.6670047268271 2970.991179406643 1101.579443953931 298.7780581116676 2201.63818334043 775.2739693298936 18.60137635469437 19.23401859402657 0.9337872192263603 0.0930078849196434 0.1047324985265732 0.3547367081046104 0.3308381140232086 0 0 0.2958898320794106 0.2109150737524033 0.6344839930534363 0.1170606166124344 0.8922183811664581 0.1372936367988586 0.267230898141861 5282.141166821122 118.5185865387321 16.00354838371277 0.1314205527305603 0.3055360242724419 0.2834244519472122 8.242488630115986 0 0 0.1601589471101761 0.2816778346896172 1.362574562430382 0.1220363453030586 1.215268462896347 0.2155545130372047 0.7801076620817184 72.8476571328938 7.000064216554165 0.8790194168686867 0.1823630779981613 0.1622788310050964 0.4155952334403992 0 0.1718552559614182 3.43009752035141 1.533999115228653 45.40469043701887 889.9216655045748 126.7897711358964 15.26526749879122 1.817690119147301 0.9447235316038132 0.2624796852469444 92.40215984731913 2.762737702578306 4.564017612487078 0.46040178835392 2.178247556090355 0.702056385576725 0.1223725602030754 9.425114393234253 10.59655106067657 0 278.5873412974179 265.2247021272779 268.8104400262237 59.48446061462164 14.7753853276372 40.93241784721613 18.99041254818439 3.882334385067225 9.687899835407734 23.96364962682128 1.945344652980566 1.095321699976921 0.5430545881390572 1.750857435166836 0.3997899368405342 0.142130434513092 0 0.3467565774917603 0.4948375448584557 0.3820786103606224 0.3949328660964966 0.3214330300688744 136.7731082066894 1.291690051555634 0 0 584.6949881538749 0 0 0.8863301798701286 0.1563578248023987 1.903097808361053 3.684700518846512 0.9220414310693741 10.64318285137415 183.8341263905168 13.07040607184172 3.201584435999393 6.281687341630459 3.901807814836502 1.830754548311234 5.533193372189999 0.1161922290921211 0 0 0 0 0 0.1862256675958633 0 0 0 0 0 0 0.4708727896213531 0 0.1447062492370605 0 0 0 4.075568243861198 1.70525735616684 0 0 0 0.6045444458723068 0.3557061851024628 0.2449593544006348 0 0 0 0 0.0901217982172966 0.2970060110092163 0.4788522571325302 0 0 0 0.2871560454368591 0 0 0 0.6629740595817566 0.1110007539391518 0 0 0 0 0.7086696028709412 0 0 0 0.580263078212738 0 0.1452932804822922 0.08377266675233841 0 0 0 0 0 0 4.976749017834663 0.9311846792697906 0 0 0.3052631616592407 0.9044047594070435 0.8167323023080826 0.1146248504519463 0 0.2750748321413994 0.1276746541261673 0.4413271546363831 0.140668049454689 0 0 0 0 0.08331932872533798 0 0 0 16.55666176229715 0.3632346093654633 0.4477384835481644 293.5897397622466 33.24278302490711 380.805266417563 33.0282388702035 1775.132562026381 224.2783389538527 4.944898165762424 179.6654926463962 3.247703745961189 0.886758416891098 0.5690792575478554 0.09110905230045319 4.879464522004128 0 0.2411076426506042 0.4864316582679749 178.6948577836156 1.854657098650932
340.9911615997553 3811.934725694358 0 18.16864412277937 2084.785976298153 4.424675345420837 864.0208821967244 2022.905110917985 1530.184084407985 44.85311298072338 1367.311450622976 42.9087622910738 250.3467690423131 1070.668126381934 14.76426687091589 22.6079298183322 6.037735596299171 0.7262802645564079 3.267975606024265 13.31974352151155 14.45723544061184 0.1649360954761505 0.3486034497618675 0.8212021440267563 2.368417613208294 2.104850813746452 1.004419147968292 1.80643068253994 0 0 4215.224055677652 926.475588105619 53.37438128143549 7.679360687732697 4.006830997765064 5.638666875660419 4.187767989933491 0.8774300664663315 0.5727818012237549 0.2347084656357765 6.437326468527317 1.673238143324852 1.179990015923977 106.9605340361595 5.032254628837109 36.4969492033124 36.59602368250489 3.751440659165382 2.322633642703295 4.335039667785168 0.1719940006732941 1.032050415873528 0 1.329969935119152 1.677816540002823 0.485701896250248 16.61095637083054 315.8062983974814 43.67739916592836 6.397008083760738 98.43876728415489 4.135042011737823 11.85830333083868 939.4865085855126 0.7901426181197166 1.54070109128952 0.3490505218505859 1.190985545516014 2.285446546971798 12.28900279849768 8.021743670105934 9.602370493113995 0.09940870106220245 104.7864950075746 242.4833659678698 145.2203414067626 109.8642364144325 503.4562746658921 745.9304845705628 367.7035130411386 270.276245906949 281.87325514853 10.63555903732777 1.18876151740551 0.621427197009325 0.697496484965086 3.71555433422327 0.3340841010212898 0 0 0 0.1577260792255402 4.809635855257511 1.247882470488548 0.2459519878029823 104.4970756843686 0 0 0.266815572977066 70.18135952204466 0 0 0.3461454957723618 0.375436007976532 0 2.236388057470322 0.443399652838707 3.082837760448456 3.320246390998363 2.043923228979111 0.9601375907659531 2.008585281670094 1.557784467935562 0.4880982637405396 3.702960848808289 0.1396628618240356 0.1075794920325279 0 0 0 0 0.386041983962059 0.1344126760959625 0 0.134575366973877 0.5647003352642059 0 0 0.1280678063631058 0 0 0 0.3657724857330322 0 0.3153411448001862 0.7360240817070007 0 0 0 0.7407378852367401 0.4059707596898079 0.2731107100844383 0.1242598444223404 0.4080303758382797 0.1044285148382187 0.7582127973437309 0.1103286296129227 0 0 0 0 0 0 0 0.1036224216222763 0.3646950796246529 0.1366991251707077 0.4082498103380203 0 0 0 0 0 0 0 0.1250660717487335 0.2906541228294373 0.1134510934352875 0 0 0 0 0 0.1006385535001755 0 0.1503613740205765 2.056990422308445 0.4824024438858032 0 0 0 0 0 0 0 0.3037376999855042 0.2307504266500473 0.5029760599136353 0.1031936705112457 0 0 0 0 0 0 0 0 6.17770129442215 0.9038622006773949 1.111040249466896 81.24423421919346 20.33334517851472 177.1403543278575 18.7969337105751 355.9854187294841 79.72051138430834 1.895658478140831 55.96189264208078 0.5469224750995636 0 0.5846647918224335 0.3310925662517548 0.5065806210041046 0.1165523529052734 0 0 131.4142264425755 0.4701114371418953
912.088090851903 1410.036326922476 18.16864412277937 0 237.5533250644803 264.3138797432184 843.0603810697794 0 7.391535520553589 2860.68038970232 1.62757283449173 1352.476939201355 730.8751947432756 42.57359832525253 0.74289670586586 0.580299437046051 0 0 0 0 0 0 0 0 0 0 0 0 0 0 41.36064120382071 1.140158280730247 3.256613373756409 0 0 0 3.264278292655945 0 0 0 0 0 0 0 0 0 2.119523905217648 0.1829650178551674 0 0 0 0 0 0 0 0.07863535732030869 1.646535336971283 20.57006774097681 3.227416783571243 0.3070334121584892 0 1.820760369300842 0 0.9282601773738861 0.1556806638836861 0.06242412328720093 0 0 0 0 0.2816861271858215 3.600961089134216 0 8.835960127413273 7.447307527065277 7.9758061170578 1.758164279162884 0 0 0 0 2.541427433490753 0.7835405841469765 0 0.07161395251750946 0.1655788794159889 0 0 0 0 0 0 0 0 0 65.59624041616917 0 0 0 116.7587448209524 0 0 0.2825912237167358 0.4469277411699295 0.526152491569519 2.939147241413593 1.170493610203266 5.130383171141148 32.48607806116343 5.500295244157314 0.4114178866147995 2.273814558982849 1.319902002811432 0.6441217958927155 1.675702691078186 0 0 0 0 0 0 0 0 0 0 0 0 0 0 0 0 0 0 0 0 0 0 0 0 0 0.1585779935121536 0 0 0 0 0 0 0 0 0 0 0 0 0 0 0 0 0 0 0 0 0 0 0 0 0 0 0 0 0 0 0 0 0 0 0 1.567806497216225 0 0 0 0 0.1107797473669052 1.200361728668213 0 0 0 0 0.2568841278553009 0 0 0 0 0 0 0 0 0 6.214187026023865 0.8964545130729675 0.4368841648101807 48.0469992980361 0.7983392328023911 16.55261873453856 1.699216544628143 933.390180632472 9.906664788722992 0.1078520119190216 7.061761699616909 1.31311097741127 0 0 0 4.214677587151527 0 0 0 0 0
87.66278693079948 3073.905107341707 2084.785976298153 237.5533250644803 0 2.842425644397736 4869.845606923103 1393.424805186689 5611.056877925992 523.0298048704863 8164.273167558014 155.092806302011 515.1176443919539 315.2176913619041 20.15263970941305 31.61937379837036 0.8358846008777618 0.373401902616024 0.3832686543464661 0.1934839338064194 1.126048117876053 0 0 0.2510258331894875 0.6136791855096817 0.8010908141732216 0.3476777970790863 1.272133216261864 0.6473553329706192 0.3060325980186462 390.7956348508596 72.67779018729925 10.06932210922241 0.4828816875815392 0.4964947998523712 1.5669020190835 4.514443889260292 1.126074075698853 1.12056827545166 0 0.6242711693048477 1.177049316465855 0 1.32027643173933 0.4624252319335938 0.8703287318348885 50.39423456788063 1.691882632672787 0.2824526056647301 0.1412892043590546 0.1041049808263779 0.9356218054890633 0 0.3082879707217216 0.9794049486517906 0.4496766068041325 2.785390436649323 38.44744006171823 6.809607557952404 2.157981432974339 5.074774853885174 0.7088721469044685 1.132338620722294 27.5448844358325 1.08115891367197 1.64740864560008 0.06536557525396347 1.203553896397352 0.8866470605134964 0.6489175781607628 6.075108006596565 4.322195522487164 0.2088235095143318 14.94124337285757 46.38598783314228 101.4762471318245 45.113853931427 7.675073027610779 93.46934282034636 67.74476056545973 8.188035815954208 15.3355482891202 6.588110972195864 0.7416849955916405 0.2484149448573589 0.1229461058974266 1.213963966816664 0.147471621632576 0.06574718654155731 0 0.2596721202135086 0.5019510239362717 0.195330336689949 0.4282712042331696 0.5437997430562973 74.92746969312429 0.4765183925628662 0.2003280818462372 0 8.950361169874668 0 0 1.604150138795376 0.5474814251065254 2.964467145502567 3.321585357189178 0.4073061048984528 12.99076370894909 11.91585781425238 10.15780139714479 2.572913095355034 5.823823779821396 3.436849229037762 0.9140077829360962 6.126151844859123 0.4572054147720337 0 0 0 0 0.2320946753025055 0.4647917449474335 0 0 0 0 0 0 0 0 0 0 0.8051742613315582 0 4.616647303104401 3.314707040786743 0.0959748700261116 0 0 0.2333609089255333 1.748888269066811 0 0.1837818622589111 0 0 0 0.1342679411172867 0.2316783517599106 0.4904951751232147 0 0 0.1323671787977219 0.2976998090744019 0 0 0.09050589799880981 0.1526443511247635 0 0 0 0 0 0.8529186844825745 0 0 0 0.9743308126926422 0.1303573995828629 0 0 0 0 0.1370483040809631 0 0 0 5.27986554056406 0.1772323548793793 0 0 0.1251434683799744 0.4569441676139832 0.2616736888885498 0.2129976451396942 0 0.3283582925796509 0.4610039293766022 0.3768955171108246 0.9517563059926033 0 0 0 0 0 0 0 0.1380018293857574 22.20671101659536 1.655817165970802 1.19826378673315 253.3724839985371 21.98019910603762 91.49971609190106 11.52174606174231 249.7972095012665 49.28365201503038 1.070957913994789 140.7773554101586 2.022230111062527 0.2826677337288857 0.5422403886914253 0.122459851205349 4.363916099071503 1.014554783701897 0 0 11.75167524069548 0.6428453326225281
75.95363384485245 355.1365657448769 4.424675345420837 264.3138797432184 2.842425644397736 0 163.8473732471466 0 9.086333945393562 572.9489747583866 0.7156051397323608 72.56637324392796 79.18507019430399 6.491383627057076 0 0 0 0 0 0 0 1.083224549889565 0 0 0 0 0 0 0 0 13.89182988554239 0 0.7055381089448929 0 0 0 1.945892855525017 0 0 0 0 0 0 0 0 0 0.09729420393705368 0 0 0 0 3.095619656145573 0.3661478906869888 0 0.09165898710489273 0 5.580656863749027 43.53368237614632 2.937409393489361 0.1206821501255035 1.513400912284851 0 0 0 0 0 0 0 0.1412224769592285 0.3991923928260803 31.33856083452702 60.77624310553074 7.758422695100307 8.122800476849079 2.101898588240147 1.49106203764677 0 0 0.3932560980319977 1.767043203115463 0 2.613581940531731 0.4406759440898895 0 0 0 0 0 0 1.270647548139095 0 0.1509640663862228 0 0 0 90.452765583992 100.1752135008574 13.93715693056583 6.246177241206169 86.8418081253767 0 0 0.3547643721103668 0.1690622419118881 0 0.4595582336187363 0.5057037770748138 1.310739666223526 11.27698747813702 7.888968229293823 0.4783723950386047 1.415257781744003 0.7781749218702316 0 0.2936445772647858 0 0 0 0 0 0 0 0 0 0 0 0 0 0 0 0 0 0.1885364651679993 0 0.5588083863258362 0 0 0 0 0 0 0 0 0 0 0.11005499958992 0 0 0 0 0 0 0 0 0 0 0.1309336125850677 0 0 0 0 0 0 0 0 0 0 0 0 0 0 0 0 0 0 0 0 0 0 0 0 0 0 0 0 0 0 0.3186171650886536 0 0 0 0 0 0 0 0 0 2.263081558048725 0 0 70.67738349735737 0.07879337668418884 4.238580465316772 0.1191837415099144 427.2080438360572 4.37043634057045 0 0.6164675801992416 0.4235418885946274 0 0 0 4.794983580708504 0 0 0.2693039178848267 0 0
707.5850013047457 6593.644583463669 864.0208821967244 843.0603810697794 4869.845606923103 163.8473732471466 0 350.4031113013625 3049.279223382473 5251.031369205564 2453.27241243422 2753.034730799496 4292.885158292949 2044.650794811547 38.87143605202436 59.46099252253771 2.489864617586136 0.4836199358105659 0 0.7610841318964958 1.63434636592865 0.5037176609039307 0 0.4942051097750664 1.354873403906822 1.102284386754036 1.108049243688583 2.686390429735184 0.4663823395967484 0.126444086432457 396.9780894368887 46.11357762664557 86.4393233731389 3.762968547642231 0.6542453244328499 8.822837524116039 35.08340695500374 4.498459316790104 3.900562688708305 2.419489622116089 2.156985945999622 5.272580772638321 0 2.32867119461298 0.1268200278282166 5.467315159738064 87.75816871225834 3.86025620624423 0.378851518034935 0.6997611075639725 0.3467184379696846 1.69174138456583 0.8123311996459961 1.428268283605576 1.285781338810921 1.071901340037584 5.725809916853905 77.71432353556156 14.78845988959074 4.905327439308167 14.65210405737162 8.642549268901348 4.111450612545013 32.8111959695816 1.483574662357569 1.597177188843489 0.633605495095253 1.914043381810188 1.535332001745701 1.813154071569443 82.39528879523277 34.20724782347679 0.4598734080791473 29.19551650062203 74.54383469372988 188.422937721014 68.44171612709761 11.53878765553236 85.226865850389 60.80951382219791 9.291361063718796 44.13229171186686 8.632108226418495 1.708993546664715 0.7428441159427166 0.3268744014203548 1.515552215278149 0 0 0.744783453643322 0.7706212475895882 1.295308984816074 0.4460549429059029 0.9765549078583717 2.159364856779575 1171.077722869813 4.781820312142372 0.3744532763957977 1.409767776727676 26.96035495400429 1.002597123384476 1.901268184185028 12.12530825287104 4.488596335053444 21.52194976806641 45.16177753359079 8.120799548923969 134.0291392058134 68.98912700265646 131.978662841022 27.5669174566865 74.16289251297712 43.47257321327925 11.95217975974083 63.24660237878561 1.926880583167076 1.741373971104622 0 0.2997668981552124 0.207246333360672 0 0.1199951991438866 0 0 0 0.3298125565052032 0 0 0.5819373726844788 0 0.6015563607215881 0 4.582406967878342 1.237977355718613 30.75425861775875 13.97535280138254 0 0 0 4.643999867141247 3.17571447789669 2.518496930599213 1.661735497415066 1.160569161176682 0 0 0 3.526242166757584 4.281089767813683 1.745621532201767 0 0 2.646366320550442 0.1015764176845551 0 0 1.358871072530746 0.2081968784332275 0.1209424883127213 0 0 0 3.970186240971088 0.1294354498386383 0.2497755587100983 0 4.679538503289223 3.351879075169563 0 0 0 0.2604652345180511 0 0 0 0 47.24333941191435 0.7028504908084869 0.2185023725032806 0 0.2022352889180183 2.491927482187748 3.964034833014011 0.1459087431430817 0 6.286862351000309 5.052739456295967 3.656706109642982 3.481903403997421 0.1319292783737183 0 0 0 0 0.2879465073347092 0 0.1455091238021851 253.6707647517323 18.48232047259808 9.771807268261909 766.9603094905615 45.83398850262165 207.7545461468399 23.66481836140156 872.6566506326199 110.110732652247 3.115118272602558 351.8432749584317 22.52043993026018 1.206422716379166 4.598106525838375 1.411588735878468 41.20520109683275 1.071360394358635 0.4522409960627556 1.819597259163857 8.121229417622089 2.446554616093636
4.403068520128727 465.6896014660597 2022.905110917985 0 1393.424805186689 0 350.4031113013625 0 3153.137559764087 8.57175200432539 3435.463912576437 8.755242049694061 346.3590581268072 1171.041130721569 26.45342694967985 77.03102883696556 10.26852324604988 0.8444075956940651 3.934725403785706 24.32604651898146 35.83414293825626 1.42866212874651 2.705855660140514 1.60635606944561 9.394917130470276 5.608665347099304 5.991361275315285 4.823253370821476 0 0.4415898621082306 377.268289975822 826.9591997414827 157.3779635727406 20.40375760942698 11.16391085833311 17.61355526000261 2.952992796897888 0.7124014794826508 1.396704249083996 1.162098027765751 11.3891764357686 1.298916064202785 0.848797082901001 1240.750068172812 54.54885425418615 181.4537502080202 50.14092030003667 1.874856218695641 2.278335407376289 4.526743829250336 0.1868347451090813 0 0 1.479581750929356 0.5284000933170319 0.4590115509927273 3.253092363476753 40.98179349303246 7.347381815314293 1.851585052907467 222.2804797142744 15.59094502031803 40.079325504601 253.2825567126274 1.091919027268887 0.735787209123373 0.2346606403589249 1.014896150678396 4.17904956638813 24.79174797981977 2.082084789872169 5.423020459711552 0.4288599044084549 16.84727067127824 79.52246644347906 109.4063149765134 248.1278309822083 1576.044475361705 3279.159056849778 1736.600687906146 1805.015698611736 976.1048288345337 4.919368788599968 0.8009465411305428 0.1296845935285091 0 4.775202270597219 0.718896821141243 0.07530404627323151 0.2731065005064011 0 0.5625691562891006 9.983878031373024 3.234168700873852 0.3994822129607201 14.35858827829361 0.5566476881504059 0.2071758955717087 0 0.1709007024765015 0 0 0 0 0.4511494040489197 0.1310616135597229 0 0.5897048935294151 0.4021156430244446 0.1397594958543777 0.2931252419948578 0.2394673526287079 0 0.1359105110168457 1.780427880585194 0.1278679966926575 0.2665656507015228 0 0 0 0 0.1167339086532593 0.5983151793479919 0 0 0 0 0 0 0 0.4187016114592552 0 0 0 0.3543334752321243 0.3125898391008377 0.1297301054000854 0 0 0.7482276856899261 1.106973998248577 0.5345379486680031 0.3077893257141113 0.5172411575913429 0.4114537462592125 0.5654838085174561 0.8277148008346558 0 0.7060131281614304 0 0 0 0.2623364701867104 0 0.1945546716451645 0.6360939666628838 0.7368464767932892 1.163716346025467 0 0 0 0 0.1189775392413139 0 0 0 0.1258596181869507 0 0.1056406795978546 0 0 0 0 0 0 0.1441318988800049 1.323653914034367 0.4690830111503601 0 0 0.2598210722208023 0 0.67032191157341 0 0 0.3030377775430679 0 0 0 0 0 0 0 0.2872281074523926 0 0.1067797243595123 0.1054163426160812 1.202980980277061 1.584510661661625 1.636131659150124 154.3433624356985 22.3880507349968 108.1607057154179 19.43218465894461 101.8524452894926 30.1817227602005 1.539004303514957 82.07554771006107 1.936536572873592 0.129293292760849 0.7029104381799698 0 0.9761942923069 0 0 0.2597616910934448 2.613973207771778 0.5284220278263092
17.23482375591993 967.6670047268271 1530.184084407985 7.391535520553589 5611.056877925992 9.086333945393562 3049.279223382473 3153.137559764087 0 171.9759095162153 14887.27483360469 178.2206322923303 2127.744440637529 2050.902677677572 46.73116444796324 81.38207468390465 1.662855729460716 0.2492277398705482 0.3523697480559349 4.708352372050285 5.750503294169903 0.5108352154493332 0.5263421088457108 0.5330285727977753 3.803671285510063 2.529413744807243 2.565960459411144 2.707296349108219 0.5886315703392029 0 242.2726135849953 118.3987583145499 56.68102475255728 2.76257848739624 1.678176008164883 6.245643064379692 7.682350009679794 1.439286909997463 2.412642434239388 0.7499083653092384 3.015525884926319 2.478702321648598 0.2049062848091125 6.403294526040554 1.089247725903988 3.100190989673138 83.78784669935703 2.392249383032322 0.4620977193117142 0.5797929540276527 0.5006542578339577 1.515344753861427 0 0.5128560140728951 1.01974268257618 0.3530132658779621 3.694446630775928 30.20365059375763 5.563091836869717 2.917440854012966 12.53627277165651 2.583643801510334 4.884054690599442 42.35925307869911 0.7391946911811829 2.09039543941617 0.2512620277702808 1.61475083604455 1.003800466656685 6.182982943952084 76.36749479174614 11.14597549289465 0.5397646427154541 12.76943316310644 54.36921657621861 150.0485206618905 64.07347183674574 21.62791853398085 304.3097000271082 567.0324967205524 28.40224646031857 101.2577547952533 5.443580389022827 0.9431662298738956 0.2631831355392933 0.05881068482995033 1.997819058597088 0.1407789066433907 0.1410885453224182 0 0.5174900889396667 0.8882110044360161 2.478649400174618 1.425006009638309 1.26080596446991 459.6561806872487 1.823701471090317 0.35257887840271 3.390249848365784 3.264782086014748 0.5964510440826416 0 5.15037889033556 1.670267581939697 8.814038403332233 21.61818873137236 4.028606399893761 61.93206264078617 23.87393197417259 55.13374589383602 15.36946076899767 29.7981920465827 18.66253615915775 5.185086362063885 27.29617515206337 1.034498453140259 0.1591970771551132 0 0 0 0 0.3332338482141495 0.2010715454816818 0 0.244384765625 0.06497322767972946 0 0 0.9935796856880188 0 0.09246379882097244 0.2163732647895813 1.243292570114136 0.2051340341567993 17.07868216186762 4.454388245940208 0 0 0 1.970495648682117 2.471580028533936 1.725293904542923 0.8753026127815247 0.1277917176485062 0 0 0 0.6860043406486511 1.775000184774399 2.257391095161438 0 0 1.023382127285004 0 0 0 1.606280609965324 0.4315591752529144 0 0 0 0 1.259842738509178 0.236532062292099 0 0 1.92814563959837 1.443372458219528 0.2993374168872833 0 0 0 0.1331683099269867 0 0 0.3067796230316162 19.61899508535862 0.9045206308364868 0.102050706744194 0 0.1237657219171524 0.9106686040759087 2.308876127004623 0.332807332277298 0 2.806449815630913 1.342868536710739 1.020271152257919 1.406179741024971 0 0 0.1026628687977791 0 0 0 0 0 114.1161878928542 5.81537252664566 3.30544838309288 567.8943147435784 36.84254540503025 128.5153502039611 20.31096325069666 265.2517605274916 57.99243323504925 1.448219165205956 266.634998768568 9.464876852929592 0.1027175858616829 2.359658002853394 0.8779773190617561 14.26966066658497 0.7532112076878548 0.3995463699102402 0.6563465595245361 6.093766629695892 2.55936137586832
1702.501723237336 2970.991179406643 44.85311298072338 2860.68038970232 523.0298048704863 572.9489747583866 5251.031369205564 8.57175200432539 171.9759095162153 0 8.513514198362827 2974.808165982366 6795.522745318711 375.6931850016117 3.420638754963875 1.619494915008545 0 0.09206224977970123 0 0.08439334481954575 0 0 0 0 3.1800387352705 0 0.1215711683034897 0.2291819751262665 0 0 60.02804938703775 1.498837023973465 91.0458797365427 0.9357088208198547 1.046436309814453 14.94806110858917 43.11163852363825 2.93229877948761 6.212681397795677 0.8141058683395386 0.4498568177223206 0 0 0.1140396445989609 0 2.605625554919243 5.092673078179359 0.5248128920793533 0 0 0.1128638982772827 0.5964286327362061 0 0.1145214438438416 0.2127651050686836 0 2.29588858038187 34.31862652301788 4.768620148301125 1.365575917065144 15.67182219028473 11.64377081394196 3.825048208236694 1.876333549618721 0.07261508703231812 0.05513988435268402 0.1418436393141747 0.1403599381446838 0.1713611483573914 0.2597562968730927 122.2282456606627 62.45601986348629 0.7291768193244934 10.21692618727684 8.835444904863834 20.95574306696653 4.345814161002636 0.3955205902457237 4.250395320355892 8.911893248558044 0.4041365012526512 34.31137309968472 1.090646103024483 0.1549248397350311 0 0 0 0 0.07601805031299591 0 0 0 0 0.137346163392067 0 957.0193430632353 14.16017964482307 3.063171431422234 3.133180618286133 151.4059889316559 0.3348042964935303 5.632604464888573 12.99241445958614 4.744862824678421 10.7426455616951 43.4524547085166 22.89146450161934 117.5376111865044 107.6741700395942 210.6436482816935 23.68858764320612 65.83374950289726 29.85003405809402 8.041169568896294 33.15700004249811 0.2569876313209534 0.4175463914871216 0 0.7493378520011902 0 0 0.116855189204216 0.3733963966369629 0.4718429148197174 0 0 0 0.2822508215904236 0 0.763963520526886 0 0 0.8009743094444275 0 20.83697324991226 4.265796758234501 0.2758421897888184 0 0 3.875656053423882 5.505289152264595 2.034297406673431 1.501400470733643 0.3846176788210869 0 0 0 0.8117872178554535 1.27313494682312 1.11213681101799 0 0.09905759990215302 1.229027539491653 0 0 0.11576759070158 1.607335552573204 0 0 0 0.1023415625095367 0 1.010305635631084 0 0 0.2403918951749802 3.284094765782356 2.368300706148148 0 0 0 0 0 0 0 0 21.24824815243483 1.697567254304886 0 0 0 1.323442786931992 4.352467566728592 1.360289126634598 0 2.219993926584721 5.057327926158905 1.11183425784111 1.766269721090794 0 0 0 0 0 0 0 0 224.2313749864697 4.894950240850449 11.51839609444141 623.6910052150488 7.754937626421452 32.3852491080761 4.25538681447506 1821.269607298076 16.95431887358427 0.1042042523622513 59.88113857805729 35.41586948186159 0.1239536702632904 2.892717882990837 0.9868809953331947 65.7562356069684 0.8469823002815247 0.4181059449911118 1.412843987345695 0.2800514698028564 0.1967416703701019
4.639280423521996 1101.579443953931 1367.311450622976 1.62757283449173 8164.273167558014 0.7156051397323608 2453.27241243422 3435.463912576437 14887.27483360469 8.513514198362827 0 7.560270525515079 933.4939336180687 3346.930473715067 18.23591066151857 50.70866136997938 1.865553587675095 0 0 4.019514746963978 10.20518138259649 1.378682315349579 0.4642883092164993 0.7260057032108307 8.654278956353664 3.614707931876183 4.751439034938812 1.619124129414558 0.2758046686649323 0.41228948533535 148.212671674788 203.2464549839497 73.86528893560171 3.26551328599453 7.407093346118927 13.7176853120327 5.537582643330097 3.617807053029537 3.824837446212769 1.18219019472599 3.878227241337299 1.112213730812073 1.005740165710449 22.36620493978262 1.271823853254318 7.386300146579742 31.87579706311226 1.213252075016499 0.2228492274880409 0.209423691034317 0.1681838482618332 2.206420928239822 0.2204134613275528 0 0.3803954571485519 0.1233094073832035 1.050771430134773 17.10646926611662 2.985202424228191 1.637413337826729 39.54360045492649 20.80250209569931 14.089469820261 27.67679629474878 0.6902142651379108 0.5242565795779228 0.06296508759260178 0.4342689327895641 2.291398875415325 12.22174545377493 35.24492353945971 8.686888948082924 0.3761360794305801 5.514300867915154 30.24506112188101 56.08964161574841 22.97924377769232 71.69833534955978 1035.114492245018 663.8732206374407 316.1133742555976 1024.973788030446 2.700083769857883 0.3862984515726566 0.2753300219774246 0.1421396359801292 0.7721534259617329 0.1459123492240906 0.09667135030031204 0.1236346289515495 0 0.4129679054021835 5.039689943194389 1.9346604347229 0.28666090965271 65.96576346457005 3.167789563536644 0.3839295953512192 1.271089091897011 0.8456291183829308 0 0.1186380237340927 0.6800135672092438 0.2322210371494293 0.1634881794452667 0.7603431195020676 0 1.981190919876099 0.8217365220189095 1.007497675716877 0.4811079502105713 1.884253956377506 0.5631913989782333 0 3.245634019374847 0 0 0 0.2799091339111328 0 0 0 0 0 0.189006045460701 0 0 0 0 0 0.1080182045698166 0 0.1383440643548965 0 0.9370622783899307 0.5041912570595741 0 0 0 0.4806734919548035 0.4347418621182442 0.6185182631015778 0 0 0 0 0 0.4854739308357239 0.5151998400688171 0 0 0 0.3079460114240646 0 0 0.7902789860963821 0 0.3187943994998932 0 0 0 0 0.4314878880977631 0 0 0 0.6117943376302719 0.2056134045124054 0 0 0 0 0 0 0 0.2959743142127991 1.911902077496052 0.3481568247079849 0 0 0.6489147990942001 0 0.4299379140138626 0 0 0.169581800699234 0.4491068422794342 0.1157030761241913 0.1459116041660309 0 0 0 0 0 0 0 0.1137571856379509 3.423848420381546 0.3004436045885086 1.724605396389961 140.7718895897269 16.29507108032703 53.07027404010296 10.96289336681366 78.64653453975916 18.92993781715631 0.6170736476778984 73.28788420557976 0.6066005155444145 0 0.2805877476930618 0 0.7913225740194321 0 0.1541964784264565 0 2.740203626453876 0.154668927192688
212.1341298818588 298.7780581116676 42.9087622910738 1352.476939201355 155.092806302011 72.56637324392796 2753.034730799496 8.755242049694061 178.2206322923303 2974.808165982366 7.560270525515079 0 4593.990186564624 543.2986892312765 21.60782581567764 53.47471522539854 1.547872483730316 0 0 1.477362237870693 5.116931080818176 6.686717554926872 0 0.3937132656574249 5.68180775642395 0.6799449473619461 1.24995918571949 4.752538040280342 0.2826791852712631 0.2748226225376129 35.76669009029865 4.461171500384808 186.5923956930637 0 0.207991361618042 19.85727013647556 80.82880678027868 11.6429465264082 45.99384921044111 6.246799305081367 3.756296165287495 1.456192806363106 0 7.573617741465569 0.09947938472032547 1.193821772933006 44.11468636989594 0.2236068621277809 0 0.2424205616116524 0 10.83173253387213 5.651604235172272 3.331320583820343 0.3376115038990974 0 2.252502918243408 14.09399273991585 5.612561963498592 0.7174675613641739 11.65792467445135 43.78658531606197 1.107906453311443 4.409701339900494 0.1818355992436409 0.4280229955911636 0.2234312295913696 0.109435185790062 2.855297937989235 16.30077110230923 192.431847423315 52.31702806055546 0.1519098281860352 7.959422625601292 11.444221816957 34.14406725764275 12.26371203362942 2.321068480610847 8.975720226764679 24.89075566828251 1.884749941527843 35.20790179818869 0.5724568888545036 0.06623421609401703 0.1957293525338173 0 0.06545712053775787 0 0 0.3154715299606323 0 1.23111629486084 7.743411459028721 2.111238986253738 1.277921430766582 2166.379133656621 14.87597589194775 5.316384240984917 104.3762560635805 7.365584149956703 0.2672317996621132 1.307690836489201 6.261570259928703 2.094801127910614 7.792412765324116 29.23910127580166 6.414664477109909 94.38365153968334 36.54139589518309 74.06377034634352 19.03363231569529 49.2932453379035 20.00410142540932 7.896461181342602 47.88358104974031 0.3907628953456879 1.566868737339973 0 0.8142548128962517 0 0.2254197895526886 0.7075219452381134 0.5033027231693268 0 0.1639636904001236 1.218829169869423 0 0 0.2154412567615509 0 1.440632022917271 0.6101898550987244 2.906904831528664 0.1700555980205536 21.11715523153543 6.5765281021595 0 0 0 4.167878411710262 3.790379837155342 3.759937986731529 1.115162402391434 0.8326260596513748 0.1122250035405159 0.5140180438756943 0 0.5046971589326859 2.275122240185738 0.5706773549318314 0 0.1114611551165581 0.5700869783759117 0.1183719485998154 0 0 1.46263188123703 0.8731494247913361 0.07276444882154465 0 0.06705567240715027 0 1.169181324541569 0 0 0.4604442715644836 1.566429510712624 1.567233704030514 0.08948926627635956 0.1091391667723656 0 0 0 0 0 0 26.80703666806221 1.926308140158653 0.5307120978832245 0 0.1447989940643311 2.853304602205753 2.994705066084862 0.3073515594005585 0 4.839822679758072 2.896314345300198 1.572006985545158 2.026602312922478 0 0 0 0 0 0 0 0.3194952607154846 161.5530506372452 12.26614514738321 7.265396326780319 417.7546667605639 11.5568069294095 91.4037561789155 9.644145235419273 323.0239566192031 31.76264145225286 0.6775206327438354 151.4444980919361 8.594954758882523 0.8023612722754478 5.361849039793015 1.330396756529808 22.53227723389864 1.251838691532612 0 1.679713495075703 3.334697738289833 0.8734450787305832
184.7818964123726 2201.63818334043 250.3467690423131 730.8751947432756 515.1176443919539 79.18507019430399 4292.885158292949 346.3590581268072 2127.744440637529 6795.522745318711 933.4939336180687 4593.990186564624 0 3041.574374258518 64.5341469720006 153.2177806720138 2.912487715482712 0.2593007907271385 0.1153931319713593 5.570690631866455 8.419727839529514 2.924723729491234 0.3996780067682266 1.027351722121239 8.818222880363464 4.002478711307049 1.937968052923679 4.044611521065235 0.442008450627327 0.4434215873479843 142.3551670312881 45.80332895368338 642.9270689114928 1.944891899824142 3.638438612222672 49.72814185917377 232.853250131011 18.53163333237171 11.98105461895466 2.751039601862431 6.570739932358265 4.986779324710369 0.2018840312957764 9.488896198570728 2.011693567037582 7.223874807357788 90.57455100491643 2.149779252707958 1.064204372465611 0.5669322460889816 0.1346820145845413 5.443568080663681 1.386975631117821 3.688721708953381 1.273873075842857 0.2601495273411274 3.109407886862755 35.18423247337341 5.98379847407341 3.228262402117252 27.45562659204006 94.16914397478104 8.819591894745827 28.93908932805061 1.084214493632317 1.479761134833097 0.366577036678791 1.051630970090628 3.865651518106461 12.54223193228245 710.1409707069397 48.36529589444399 0.7869069874286652 15.24945774674416 39.42987426370382 124.4746838659048 51.33307006955147 27.06201381981373 245.6325484365225 177.1874678656459 17.6811240836978 100.0945536121726 5.442152254283428 0.9172956794500351 0 0.1737291365861893 0.9938133582472801 0.1017350107431412 0 1.177056491374969 0.4279163181781769 2.042605005204678 6.108295686542988 2.361834973096848 3.747538104653358 3046.182710953057 15.32088552415371 1.006436914205551 19.52148765325546 11.11299854516983 0.5443366318941116 1.454570442438126 14.49518962204456 6.176391385495663 24.46467431634665 51.326162584126 11.40159638226032 141.6628536060452 62.82400992512703 119.6134655922651 39.19562068581581 84.33914554864168 43.59811110794544 12.41164545714855 62.032898619771 0.4258370921015739 1.365249663591385 0 0.3833771347999573 0 0 0.3849573656916618 0.202471911907196 0 0 0.975346066057682 0 0.5605232268571854 0 0.1328757405281067 0.1080598831176758 0.2347017824649811 0.7620669305324554 1.246648818254471 38.30100747942924 16.89717691391706 0.3011184334754944 0.3775336593389511 0.857827216386795 4.194221958518028 5.677350908517838 2.901232302188873 2.856305629014969 0.6929253116250038 0 0.2689410150051117 0.1094449758529663 1.157520771026611 5.285148844122887 0.7119866609573364 0.1350719481706619 0.5296800881624222 1.590197876095772 0.1248739361763 0 0.5940408408641815 2.519554957747459 1.257279485464096 0.06869049370288849 0 0.1546275764703751 0 2.538835614919662 0 0.1369454115629196 0.372196763753891 3.56980212032795 4.053789682686329 0.08392433822154999 0.3411413282155991 0.1172127276659012 0 0 0.200507789850235 0 0.1095163226127625 45.31977101415396 2.637250691652298 0 0 0.2952481806278229 2.523343466222286 4.145756736397743 1.034445449709892 0.1305171251296997 3.968181736767292 5.127086266875267 2.619456864893436 4.036190673708916 0 0.1815782785415649 0 0 0 0.4204399436712265 0 0 255.5963680297136 18.46417646110058 10.64843402802944 735.9920787811279 43.16670768335462 134.8095293343067 22.08473099768162 449.2771537899971 55.86065392941236 0.8324431404471397 311.854964338243 9.642678551375866 0.6250595673918724 4.768477737903595 2.058746449649334 31.646529071033 1.17227541655302 0.2795785218477249 1.696270599961281 4.950865991413593 1.754670321941376
27.80339135229588 775.2739693298936 1070.668126381934 42.57359832525253 315.2176913619041 6.491383627057076 2044.650794811547 1171.041130721569 2050.902677677572 375.6931850016117 3346.930473715067 543.2986892312765 3041.574374258518 0 125.7771821096539 354.1533884704113 9.102638281881809 1.043865337967873 1.07599463313818 15.97669590264559 49.84250519424677 16.75430134683847 3.194106802344322 7.175952196121216 63.89764509350061 23.74878668040037 30.80309350788593 25.50898125767708 1.702371433377266 1.428827524185181 323.8655470013618 137.1302031651139 1750.537117958069 9.452594988048077 16.36648255586624 166.1994869634509 436.9241152331233 60.23059110343456 91.23299318552017 24.7242583334446 24.23927187919617 5.812343560159206 1.885345809161663 37.04949048161507 3.465614497661591 16.72011401504278 196.2526034191251 5.790818735957146 0.9034551903605461 2.771069467067719 0.5924178436398506 28.76909226179123 6.556481376290321 12.74958158284426 2.435444325208664 0.8602758906781673 10.76337098330259 66.50594364106655 13.74036479741335 6.869356662034988 62.53233575820923 356.4742805585265 28.52937216311693 71.35020254552364 1.949376903474331 3.125556357204914 0.5742361880838871 2.496759533882141 14.748047105968 72.24428498744965 1371.386549957097 103.8669696748257 1.645921282470226 34.88660761713982 96.30805610865355 250.2855962142348 103.9612046703696 61.37256353348494 578.9960936754942 2416.376106597483 80.95430660992861 1263.630656152964 12.05538433045149 1.311911150813103 0.5872525759041309 0.4704751670360565 3.603308130055666 0.2594016492366791 0.3486885577440262 0.3240573704242706 1.364769704639912 6.048051923513412 33.76439800858498 8.988837413489819 6.123287498950958 1732.403564609587 20.68556421250105 7.58781361579895 94.00413922965527 4.651097893714905 0.5249617099761963 0.1763710528612137 8.112703874707222 2.405262932181358 16.86410818248987 29.64106422662735 5.606810711324215 91.62653367966413 33.49226293712854 56.28918022662401 18.34030479192734 55.55378169566393 23.95723053067923 9.051909498870373 63.00792800635099 2.632592841982841 2.615770302712917 0.3505760431289673 1.081656500697136 0.3200220018625259 0 1.407917566597462 0.4864471107721329 0 0.3125739693641663 1.894302628934383 0 0.5078379213809967 1.541668072342873 0.315732404589653 1.995163910090923 0.5049926489591599 2.650478146970272 0.4619153663516045 30.6177643686533 9.453245110809803 0.5246749967336655 0 0.7281386852264404 5.809213079512119 6.356454409658909 2.775963813066483 4.001741729676723 1.299777127802372 0.6439657211303711 1.600485093891621 0.7638407349586487 1.68965195864439 3.017554208636284 1.427213564515114 0 0.2785629332065582 2.45208016782999 0.09880807250738144 0 1.189285382628441 5.818171925842762 1.46528172492981 0.08928705006837845 0 0 0.1816570460796356 1.740901254117489 0 0.482111394405365 0.9385047107934952 5.022306233644485 4.518111489713192 0 0.09748194366693497 0 0 0.2704293429851532 0 0 0.5884563252329826 55.9819899648428 5.006204128265381 0.5140839591622353 0 0.779470682144165 3.047160588204861 8.282141953706741 1.493100762367249 0.1563265770673752 5.724546700716019 6.007182084023952 2.976159147918224 2.787082761526108 0 0 0.0788770467042923 0 0 0 0 0.225562646985054 153.5477653816342 17.66336018592119 18.07011403888464 1400.707444958389 84.94767953455448 325.1415578722954 64.16784912347794 596.8223414123058 113.0029661282897 3.961103722453117 626.4649764150381 17.18242376297712 0.6211034283041954 8.724873267114162 1.387112490832806 27.71305570006371 1.307448588311672 0.7900361716747284 2.329232916235924 9.502389475703239 5.426174178719521
