0 3885.183197930455 148.6104955002666 700.6785219535232 773.3276820331812 365.4745982438326 869.9769230559468 36.70872503519058 233.9581923186779 922.9929507896304 325.4011029452085 117.4522074386477 189.9150111302733 184.6498493552208 4.030447334051132 1.509429819881916 0.1800087839365005 0.2475177943706512 0 0 0.2273937836289406 0 0 0 0 0.3068977892398834 0 0.2321289330720901 0 0 868.1933950036764 7.986826218664646 14.76448768377304 0 0 0.240918293595314 75.0932270437479 0.2786178886890411 15.26395413279533 0.5629330277442932 0 0.2461614906787872 0.1685916185379028 0.09144654870033264 0.1152525469660759 0.3976709768176079 46.94829223304987 7.473235368728638 0.3639066740870476 0.189135730266571 0.5407505258917809 2.412276327610016 0.1122146546840668 1.031088069081306 8.053745187819004 8.208510257303715 377.6554961800575 841.4169762134552 76.33159061521292 19.8483129888773 0.1463587731122971 4.691067576408386 0.6018582284450531 23.51507233083248 10.2317361831665 2.939850077033043 1.65638230741024 1.262306772172451 1.471569024026394 0.4243649765849113 174.9141784533858 69.29242748022079 0 137.8034404739738 54.44127754122019 30.27918160706758 13.71735073626041 1.699512504041195 1.169434547424316 106.9029309079051 0.4248891398310661 7.049857147037983 42.41611251980066 0.3582165390253067 5.354908019304276 4.465066909790039 3.530882120132446 0.7183328866958618 1.936972007155418 0.09376715868711472 1.083988524973392 1.082649916410446 0.5469793230295181 0.2163300663232803 0.8755228519439697 891.9386606067419 115.3197474628687 14.28798535466194 21.74442627280951 1448.576053924859 2.074864290654659 7.138048022985458 6.926767900586128 1.282222107052803 1.356126353144646 11.41035508364439 3.065634220838547 2.553806573152542 26.40988631546497 13.02335684001446 3.773344576358795 23.27892388403416 11.07918241620064 17.21229078620672 7.096650093793869 0 0 0 0.5893593430519104 0 0 0 0 0 0 0 0 0 0 0.2052799761295319 0 0.119734562933445 0 0 9.63501001894474 0 0 0.1507784277200699 0 4.058408215641975 1.687774032354355 5.543296404182911 1.575122475624084 0.8925876617431641 0 0 0 0 0 0.1714185625314713 0 0.4139934480190277 0.9373330771923065 0 0 0 0.1715993285179138 0 0.1569008827209473 0.2407224327325821 0 0.3705964386463165 0.1308950930833817 0 0 0 0.4231804385781288 0.4053226411342621 0 0.2092575281858444 0 0 0 0 0 0 5.620328053832054 0 0 0 0 2.56952278316021 0 0.3351781070232391 0.790694534778595 0.7594845592975616 0.5700220316648483 0.1541707962751389 0.8930189162492752 0 0 0 0 0.2806063294410706 0.1472712606191635 0 0 4.53236062079668 0.2719092220067978 2.471039563417435 131.639693595469 16.00187205523252 130.9681905508041 14.22032186388969 1810.654939308763 42.94598504155874 1.712342828512192 22.03444362431765 5.248819127678871 0 0.9773526340723038 0 65.99706390500069 0.119861476123333 0 0.9312711656093597 0.4869701564311981 0
3885.183197930455 0 409.9397931620479 262.5303258597851 2120.216807089746 619.0534950643778 4868.037671819329 170.2232021763921 1705.784406401217 1044.022724032402 970.4069325625896 134.6503468230367 2204.889844462276 1575.375347703695 21.06821408867836 8.533389672636986 1.513391494750977 0.2301377058029175 0 0.5611334517598152 0.2507295310497284 0.1201930195093155 0 0.1804697439074516 0.7041226997971535 0.6417113915085793 0.3504231944680214 0.977338619530201 0.223210871219635 0.1019494906067848 4853.771862752736 28.68039204180241 30.82922208309174 0 0.1193599477410316 0.7204229980707169 184.6009764894843 0.6662657260894775 24.22159065306187 1.840507850050926 0.3239350467920303 0.7248781248927116 0.7086843773722649 1.12107552587986 0.2615376859903336 0.4799240455031395 151.3562133833766 19.8101487159729 0.7268295288085938 1.514013826847076 0.794372983276844 0.2408632189035416 0.3133510798215866 0.4346308559179306 14.16779425740242 17.22311402112246 63.39390927553177 1019.108201570809 85.59113176912069 51.53154591470957 0.6488976627588272 2.321943953633308 0.7429751679301262 87.96722865104675 19.29710000008345 6.84384423494339 5.5373560115695 3.223996445536613 3.986395880579948 1.289043202996254 330.4919945672154 32.28229278326035 0 215.7733837515116 95.44676940888166 100.5149464085698 61.1932273209095 6.593188889324665 11.29156452417374 379.8783781081438 1.122415862977505 28.78045603632927 97.91142766177654 0.448710523545742 11.02547539770603 10.29958321154118 8.695096969604492 0.1064101979136467 2.04954095184803 0.325457289814949 2.213890746235847 1.866496220231056 0.3229011744260788 0.9302534684538841 1.621195986866951 283.1148314103484 73.20002020895481 0 39.06553721427917 1220.289594307542 2.819926269352436 3.234055042266846 5.166991114616394 1.499804973602295 6.357270322740078 14.79642901569605 2.456317737698555 10.13078287243843 18.5681881159544 16.00929499417543 3.113323986530304 52.45141534507275 23.60823934525251 31.49844605475664 24.80444698035717 0.3073945641517639 2.100950442254543 0.2677595615386963 0.23157899081707 0 0 0 0 0 0 0.1006895676255226 0 2.758799947798252 0.1650011390447617 0.1312663406133652 0 0 0 0 20.78556757420301 2.134888850152493 0 0 0 32.84353950619698 21.98511147499084 48.96480633318424 21.87816558033228 7.74024698138237 0 0.1331490129232407 0 0 0 1.861518949270248 0 1.038348227739334 4.950774863362312 0 0 0 0 0.5017313361167908 0.1914236396551132 0.1333301514387131 0.1059910878539085 1.169353425502777 1.996829263865948 0.5018893480300903 0 0.5181605219841003 6.682753920555115 4.707271069288254 0.968073271214962 0.185514509677887 0.2002210766077042 0 0 0 0 0.1898555606603622 40.44821767508984 0.2766592502593994 0 0 0.1310996115207672 7.075916931033134 2.805439710617065 3.166630730032921 3.106645584106445 3.155023910105228 3.082321032881737 1.089488625526428 2.983189523220062 0 0.1100501790642738 0.08288411796092987 0 0.09191326051950455 0.1196259707212448 0.1120867431163788 0 9.983191788196564 9.446147456765175 23.30917321145535 184.8124041333795 51.71196641027927 388.2094616219401 36.6654100716114 1261.693604193628 82.71027778089046 6.215311147272587 78.94399356842041 14.13229251652956 1.816602736711502 14.98463571816683 0.5883569940924644 39.00181067734957 1.206823438405991 0.1583349704742432 2.756713435053825 2.912685632705688 0.4687730222940445
148.6104955002666 409.9397931620479 0 7.187390118837357 196.1220263242722 15.62462268769741 394.2635611891747 1071.325603716075 340.2004329487681 49.61417596042156 3389.413620449603 13.31111710518599 274.3671989664435 984.6988525614142 17.26410406827927 29.01101389527321 6.169281132519245 4.399407848715782 0.285899929702282 17.50844915956259 24.36702102422714 0 0.8529319614171982 0.1556577533483505 12.031324647367 0.7155059576034546 3.858263045549393 0.096748948097229 0.4790563508868217 0.635921411216259 3663.97567845881 156.3064234405756 69.30418116599321 4.118821114301682 2.177592925727367 19.89789669960737 202.3291062042117 12.45337800681591 93.69619482010603 22.34575986862183 1.941623859107494 3.782353669404984 26.59475942701101 6.84012495726347 3.839083887636662 14.44576278328896 65.27114897966385 15.45152172446251 6.620702177286148 41.12685966491699 1.466356195509434 0.5215962305665016 3.159633323550224 0.346258170902729 2.364641010761261 2.621527545154095 19.44340091943741 639.3842507377267 16.40961151570082 14.59441175311804 35.32600104063749 46.98814134299755 27.99710681289434 584.7828131914139 2.5828672721982 4.379199862480164 1.733383029699326 23.0889722853899 120.0462293475866 51.19836917519569 170.784630574286 84.56068018078804 0 57.74718468636274 112.1832892075181 38.58513994514942 45.28833331167698 15.53806168586016 216.0183898583055 2297.752519384027 37.75506367534399 1089.927088916302 18.95720283687115 0.1650039702653885 4.52449357509613 2.583796173334122 43.08758824318647 0 1.199047714471817 0.08853365480899811 3.131557948887348 1.70440997928381 11.28908261656761 3.724150076508522 6.303796984255314 53.93367883563042 174.9568032622337 1.988528415560722 115.0077922791243 176.2700491473079 7.863043576478958 1.080750674009323 3.666948154568672 0.6010339260101318 9.637102633714676 15.016491740942 1.971140190958977 6.777944348752499 9.816752769052982 7.576777502894402 6.401815846562386 37.63164839148521 21.47384334355593 28.4898077622056 31.05335827171803 1.5247882604599 1.956817366182804 0.4238587766885757 0 0 0.4568748474121094 0 0 0.1688886284828186 0.2041123658418655 0 0 6.813064835965633 0 3.325021915137768 0 2.660229153931141 0.1833209693431854 0.4732015132904053 21.34170959144831 2.659018851816654 1.144580215215683 1.619646586477757 0 41.86809080839157 34.29655104875565 85.97608388960361 44.528579197824 22.1333924010396 0 0 0 0.7462269216775894 0.6077474057674408 0.9485413283109665 0 0.9305680766701698 11.11570157855749 0 0.2473715990781784 0.8394274413585663 1.677298702299595 1.213716417551041 0.1506166160106659 0.2147147655487061 0 0.9511988908052444 2.701024651527405 0.3646364212036133 2.298187926411629 0.9506981819868088 12.21820433437824 2.361452877521515 0.4307214021682739 0.4155231416225433 0.2428870126605034 0.3715503439307213 0.5523377656936646 0 0.5156986117362976 0 51.35588232427835 1.002888977527618 0.1177984550595284 0.6794959083199501 0.3124898672103882 12.33888279646635 6.526118755340576 0 3.122369654476643 5.188522279262543 4.960363402962685 2.545957460999489 4.083084315061569 0.7419572323560715 0 0 0 0.1450447887182236 0.1125773340463638 0.936522975564003 0.3467060476541519 11.60624199360609 17.25284016132355 44.97291005402803 77.61392822116613 16.88892298936844 121.1514535099268 14.74889202415943 193.3656092584133 20.54748468101025 1.650998048484325 34.62687603384256 32.75621165335178 0.2567909434437752 19.55021569877863 2.198194980621338 31.77723987400532 4.274342954158783 0 6.22141582518816 2.313487008213997 0.5705422312021255
700.6785219535232 262.5303258597851 7.187390118837357 0 13.87052430212498 961.7114849686623 421.5418480634689 1.453228488564491 44.88489791750908 2077.828899145126 3.430564984679222 1265.282934978604 1196.064731806517 17.99070781469345 5.779946126043797 1.740186519920826 0.5706768184900284 0.1067229360342026 0 0 0 0 0 0 0 0.09968821704387665 0.1613330841064453 0.2089670673012733 0 0.2350866943597794 99.10435784608126 4.242789722979069 1.354390844702721 0 0 0.2352859973907471 21.63663429021835 0 2.657641470432281 0.1063433513045311 0 0 0 0 0 0.3747274577617645 36.61195442080498 3.792447112500668 0.2271114513278008 0.4408754706382751 0.3012493625283241 0 0.09756196290254593 0.1193199455738068 3.661281459033489 3.468601562082767 8.948748245835304 72.4109803289175 12.99048986285925 13.60894284397364 0 0 0.1089456751942635 20.71040821820498 4.089614860713482 1.256319083273411 0.7569499909877777 0.5521003305912018 1.064281843602657 0 597.6942113190889 4.848603412508965 0 37.47476115077734 14.82515458762646 18.64329291135073 12.80404797941446 0.949568971991539 0 18.64373857527971 0 2.126126877963543 21.17868162691593 0.1003972440958023 2.4974744617939 1.748548910021782 1.545206107199192 0.158464714884758 0.760970875620842 0 0.7928967252373695 0.2707104161381721 0.1055615916848183 0.1028351336717606 0.2413676679134369 324.1966306269169 43.16616965830326 0 4.363046139478683 40.36050628125668 2.498277172446251 1.253147579729557 3.416492700576782 1.258807569742203 5.204599842429161 12.46497556567192 0.3428494036197662 4.130532205104828 22.17286895215511 12.6239632666111 1.927217453718185 30.70382205396891 13.24395061284304 20.72404360771179 8.645550101995468 0.1512892842292786 0.226766511797905 0 0 0 0 0 0 0 0 0 0 0.6636121273040771 0 0 0 0 0 0 6.016217574477196 1.533785030245781 0 0.2156340926885605 0 7.966254502534866 2.482646435499191 10.28401000797749 1.341092512011528 0.9617854058742523 0.1689954847097397 0 0 0 0 0.1485360115766525 0 0.5523111969232559 2.625668883323669 0 0 0 0 0.145966574549675 0 0 0 0.1510134488344193 0.2696012854576111 0 0 0 4.018620148301125 1.595196127891541 0 0.3926914930343628 0 0 0 0.08395309746265411 0 0 10.74306600540876 0 0 0 0.121998243033886 1.22138948738575 0.7898399233818054 0.1310262680053711 1.808861404657364 2.002574175596237 0.7630303949117661 0 0 0 0 0.1287693679332733 0 0.1613090634346008 0 0 0 4.288999110460281 2.799043700098991 3.706142410635948 60.97547823935747 10.71061955392361 112.458233460784 9.000994719564915 244.4072729051113 29.56896368414164 2.540274977684021 21.50551244616508 4.747016400098801 0 3.107909806072712 0.6112591475248337 21.7987804710865 0 0 1.124714970588684 1.00625641644001 0
773.3276820331812 2120.216807089746 196.1220263242722 13.87052430212498 0 19.43864722549915 2849.449162088335 440.3952139467001 4820.200815968215 70.30315291136503 1600.679953694344 69.48666755855083 1525.425862647593 1972.443586334586 9.585655987262726 5.863253086805344 0.3254446536302567 0.1308977901935577 0 0 0.2992060631513596 0 0 0 0 0.2153178378939629 0.2077247872948647 0.2812183201313019 0.1180612370371819 0.2276413142681122 516.7069121599197 9.811575628817081 6.95215979963541 0 0 0.2692925631999969 85.71033140271902 0.1577478051185608 4.017595916986465 0.3981883674860001 0.2021873369812965 0.1920598149299622 0.1239712610840797 0.1240594014525414 0 0 48.18980450928211 4.062891118228436 0.1034480929374695 0.3475323617458344 0.07893574237823486 0 0 0.2371680662035942 2.891706243157387 3.029167219996452 8.734801359474659 120.7782477810979 13.22267374396324 14.0208877697587 0 0.5218828171491623 0.0970175713300705 30.99005158245564 4.003527127206326 0.8994013145565987 0.8626047968864441 0.9358640760183334 0.7357745096087456 0.2038971111178398 197.1686231642962 7.082861959934235 0 41.22193326056004 20.01823590695858 33.9735497161746 27.8378736898303 1.612921565771103 0.2326284423470497 79.48832256346941 0.1137200370430946 2.380448840558529 19.08581457287073 0.09329645335674286 2.060025922954082 1.391445517539978 1.525268346071243 0 0.2855965793132782 0.1095569729804993 0.6919873431324959 0.34160465747118 0.3559290543198586 0 1.042204827070236 26.91357992589474 10.26860702037811 0 6.082744523882866 109.0236013829708 0 0.4299550354480743 2.110468134284019 0.2240065634250641 2.688096433877945 9.790822610259056 0.5827395468950272 2.570271030068398 2.986645847558975 3.041068211197853 1.97439943253994 18.14176641404629 6.358298756182194 11.21896662563086 7.472215637564659 0 0.5383368954062462 0 0 0 0 0 0 0 0 0 0 0.5839434862136841 0 0 0.1539318561553955 0 0 0 7.964994326233864 0.7830205261707306 0 0.1418013721704483 0 6.809605814516544 4.180603533983231 13.44618929922581 3.63322763890028 1.257897302508354 0 0 0 0 0 0 0 0.1830545961856842 2.319107964634895 0 0 0 0.1003615334630013 0 0 0 0 0 1.055784925818443 0 0 0.4283674359321594 3.689014047384262 0.7731810659170151 0 0 0 0 0 0 0 0 12.1731840968132 0 0 0 0 2.034281127154827 0.5035169124603271 0.1956492066383362 1.263443537056446 0.1298404037952423 0.6279642879962921 0 0.5598418712615967 0 0 0 0 0.1331658959388733 0 0 0 2.459801182150841 2.323538556694984 3.748016014695168 70.50584264099598 13.62273791432381 119.3292872235179 13.91399555653334 109.6083583682775 22.00140622258186 1.205483473837376 33.32945787161589 9.963694483041763 0.2018789798021317 4.572968773543835 0.8284569382667542 6.052147269248962 1.596971035003662 0 2.138768583536148 1.152770951390266 0
365.4745982438326 619.0534950643778 15.62462268769741 961.7114849686623 19.43864722549915 0 146.4303459823132 2.084970906376839 5.056396782398224 804.2292467206717 23.94649800658226 121.2758646905422 84.55812229961157 15.29029554128647 1.353510230779648 0.1588262915611267 0.2199518531560898 0 0 0 0.1915820986032486 2.893398404121399 0 0 0.1072375923395157 0 0 0 0 0 52.57861399650574 1.224595934152603 12.63188037276268 0 0 1.562815144658089 75.53809759020805 0 36.84153385460377 0.6926018595695496 0 0.1231826543807983 0 0.1467492133378983 0 0 7.191074766218662 0.281158372759819 0 0 0.2524384260177612 16.22451168298721 0.3909364640712738 0.3301802277565002 0.5276359915733337 0.4083073362708092 61.04549726843834 32.6363710090518 2.649367272853851 2.072317078709602 0 9.070096999406815 0.1281361132860184 1.714372128248215 0.7880984768271446 0.1211313605308533 0.2231086045503616 0 0 0 249.4435206055641 154.2314101010561 0.6013634204864502 5.463380463421345 2.371187806129456 0.6989395692944527 1.01822217553854 0.2864512205123901 0 31.94881501793861 0 5.671985924243927 3.29984562844038 0.1223906353116035 0.3155893832445145 0.12248545140028 0.2853652834892273 2.631362795829773 1.004654765129089 6.331544682383537 3.783289834856987 4.736419707536697 0 0 2.731055811047554 666.7120899707079 171.429219558835 46.47111892700195 44.9989238679409 386.1705222576857 0 0 0.6685225367546082 0 0.5570512413978577 2.445954069495201 0.3167117834091187 0.3070317059755325 15.15345242619514 3.008499354124069 0.1823058277368546 2.311201646924019 1.52301249653101 1.840436905622482 1.161804661154747 0 0 0.1756707280874252 0 0 0 0 0 0.3104226887226105 0 0 0 0.3711482286453247 0 0 0 1.259086415171623 0.5708303451538086 0.156028151512146 0.4911190271377563 0.2430393546819687 0.5012783408164978 0 0 0 0.3623180240392685 0 2.180733136832714 0.6646160185337067 0 0 0 0 0 0.8314777836203575 0 0 0.1578584909439087 0 0 0 0.9905257150530815 0 0 0 0 0 0 0.3480051755905151 0 0 0 0 0 0 0 0 0 0 0 0 1.40057073533535 1.412013113498688 0 0.2754181027412415 0.1502505540847778 0.3044696301221848 0.5103031396865845 0 0.514538899064064 0 0.4785528481006622 0 0 0 0 0 0 0 0 0 0 0.4477347731590271 0.1632098406553268 0.6516526117920876 5.984796345233917 1.516290038824081 13.16585418581963 1.623953931033611 153.7088409885764 3.585402391850948 0 2.229702308773994 0.5237975046038628 0.4471963942050934 0.2441006526350975 0 7.748714506626129 0 0 0 0 0
869.9769230559468 4868.037671819329 394.2635611891747 421.5418480634689 2849.449162088335 146.4303459823132 0 369.0646448135376 6642.025564104319 1380.545197345316 1984.329750694335 425.3667108863592 6668.113382957876 2610.985151834786 67.75503639131784 18.0327645689249 2.331335157155991 1.96613235026598 0.2739529609680176 1.854657515883446 0.7281232923269272 0 0.4356048628687859 0.08512929826974869 1.42222722619772 2.34776496887207 0.6808769032359123 3.879002965986729 1.240205943584442 1.068755306303501 1155.944717779756 88.75078597664833 7.133864894509315 0 0.7334743812680244 0.8975134193897247 31.37116523832083 2.072492472827435 16.57922285795212 4.551250100135803 0.5644381418824196 3.240742683410645 0.5361791476607323 3.004809483885765 0.2123516052961349 0.9117122888565063 420.6994724422693 33.81097436696291 3.535287603735924 2.469791457056999 1.910710215568542 0 0.4049137011170387 2.308942876756191 18.18361154943705 24.63513325154781 46.56707367300987 469.8131859973073 86.25524915754795 141.1479646861553 1.48580164462328 1.272569105029106 0.3986515626311302 267.6110063865781 36.43660021573305 10.04964438825846 7.948382019996643 5.257099397480488 5.710190258920193 1.239039041101933 384.1425022855401 21.9560305327177 0 305.7454149127007 155.7467179968953 296.4652791693807 244.394529953599 18.10868039727211 3.487051196396351 83.72399804741144 2.762444674968719 7.865873217582703 147.4178448319435 1.453186973929405 20.81271521002054 14.94457194954157 14.27119733393192 0.1955292150378227 5.060664124786854 0.3187524676322937 4.919514633715153 5.140407755970955 1.045734353363514 3.297494076192379 5.896867111325264 291.5904229879379 34.00836701691151 0.1802130788564682 15.5206955075264 119.5578815490007 4.936426274478436 3.238799750804901 8.31537438929081 4.190283223986626 12.97935960441828 28.72320361435413 4.992903888225555 10.30239495635033 26.20069489628077 23.286032512784 5.873487710952759 85.76846441626549 41.48582818359137 56.76012172549963 36.9490437284112 0.4131101965904236 0.7611562162637711 0 0.1406783908605576 0 0 0.1378960758447647 0 0 0 0 0.1229954585433006 1.879701107740402 0 0.5700620114803314 0.2638087719678879 0.2081077396869659 0 0 22.45128339529037 0.8987725824117661 0.135911151766777 0.2987527921795845 0 32.95050289481878 16.43339176476002 41.39526011794806 11.65197480469942 6.36047238111496 0 0.3565046340227127 0.2163091152906418 0.461971789598465 0 0.0812661275267601 0.1791519075632095 1.793080344796181 3.216942667961121 0 0 0 0.5541119128465652 0.84095848351717 0 0.3635755777359009 0.269211433827877 1.294779315590858 2.954103209078312 0 1.381812080740929 0 7.154940463602543 2.038261100649834 0.6105113476514816 0.6368419229984283 0.0979669988155365 0.6196016147732735 0.2298901230096817 0.1186962127685547 0 0 49.25110799819231 0 0 0.2871038019657135 0 7.121444620192051 1.970985546708107 1.082791030406952 5.14671229571104 6.011851668357849 1.626955844461918 1.045392572879791 0.9418473839759827 0.1915202885866165 0 0.2678131684660912 0 0.7012914270162582 0.1112396121025085 0 0 13.13125848770142 5.260442540049553 15.56152334809303 477.3558382093906 125.469056867063 967.7131510078907 108.150959469378 498.2202497124672 228.2205405980349 14.7099878564477 207.638599820435 34.69666364789009 1.89060415327549 13.21054290235043 0.7325493395328522 47.99308483302593 2.556300714612007 0.2506534159183502 5.572777308523655 12.4119701385498 2.427625842392445
36.70872503519058 170.2232021763921 1071.325603716075 1.453228488564491 440.3952139467001 2.084970906376839 369.0646448135376 0 698.5696278065443 9.443433046340942 3732.345624141395 6.192794322967529 136.5607385858893 714.1256314665079 14.33200050145388 18.57880173623562 4.739811591804028 10.62676980346441 0.6658997535705566 34.98362121731043 35.00993124395609 0 1.438193097710609 0.3378250002861023 12.00865871459246 1.378987781703472 3.461198732256889 0 0 0.5777916833758354 717.7402375414968 772.1347515955567 54.47547376155853 6.104499846696854 4.83434583991766 24.65647722780704 111.4817542731762 11.62072376906872 34.17609944194555 21.49509327113628 2.77292488515377 3.366358436644077 38.18795229494572 12.52615791559219 6.676067590713501 37.58066058903933 54.76480486243963 10.72507580369711 7.1661361977458 55.60787161439657 2.317393369972706 0.1664267629384995 5.013653971254826 0.5933519005775452 1.366377934813499 1.271880507469177 7.519927561283112 120.1281955689192 5.740506060421467 12.90607008337975 140.2508286088705 138.7334451973438 33.55250082165003 647.7122532725334 1.99720711261034 3.186059534549713 1.557355992496014 24.51876159757376 130.762191593647 51.079201169312 80.26847532391548 17.22459326684475 0.1283708214759827 42.77747413516045 70.35765147954226 51.85486315190792 395.9145430549979 358.1349254027009 1497.828090332448 3024.051805354655 265.5466479733586 5689.642065219581 9.641782268881798 0 2.806181564927101 1.121896363794804 55.7179001942277 0 2.629833482205868 0.4768878519535065 1.101312182843685 1.76826936006546 12.80590949207544 1.367237120866776 3.871130004525185 7.880179926753044 31.33942048251629 0.2951181828975677 28.25866267830133 25.50703268498182 0.8745249211788177 0 0.7728342115879059 0 3.101955235004425 2.514788299798965 0 1.174501866102219 0.646039605140686 3.149210557341576 0.8236349076032639 7.0293934866786 4.233211740851402 5.83683705329895 6.578417420387268 0.9601772874593735 0.2784591019153595 0.1067449823021889 0.2130524888634682 0 0.1495213061571121 0 0 0 0 0.1542185842990875 0 2.172649577260017 0.5361777544021606 1.9557935744524 0.2891695573925972 1.080948285758495 0.542208343744278 0.3620502799749374 6.219945967197418 0.4780084490776062 2.097164571285248 0.4588008224964142 0.7618624418973923 5.427258141338825 5.941038995981216 17.10645566135645 8.541110239923 6.044566631317139 0 0 0 0.3383575603365898 0 1.25835345685482 0 1.728047996759415 2.718111135065556 0 0 0.2240002900362015 1.133555628359318 0 0 0.2430365234613419 0 0 0.8023787438869476 0 0.4174875319004059 0.1132251992821693 1.079884067177773 1.255163788795471 0 0.1159002706408501 0 0 0 0.2025251090526581 0.2433601766824722 0 7.903380163013935 1.174466162919998 0 0 1.227296426892281 0.9287767708301544 0.9715104997158051 0.4477995485067368 1.194527484476566 1.193675935268402 1.153358571231365 0.3461358845233917 0.2567147612571716 0.3774996250867844 0 0 0 0 0 0 0 2.23594231903553 3.641485899686813 7.95256020128727 59.25668404996395 12.85672987252474 109.891226105392 9.303742915391922 35.03807437419891 13.15263447910547 0.5861414149403572 28.97829636931419 19.50574880093336 0.2818089500069618 4.979197330772877 1.788029253482819 8.856969140470028 0.8466271162033081 0 1.708754174411297 2.031960465013981 0
233.9581923186779 1705.784406401217 340.2004329487681 44.88489791750908 4820.200815968215 5.056396782398224 6642.025564104319 698.5696278065443 0 167.6660134941339 3263.015746995807 81.34374246746302 3263.518507063389 3039.876402772963 34.09412359446287 17.98172580450773 0.4808194115757942 0 0 0.09683079272508621 0 0 0 0 0.4697904586791992 0.7123119831085205 0.2706716880202293 0.9435659572482109 0.3557087779045105 0.1032756119966507 286.9311547204852 20.37093269824982 6.943381488323212 0 0.1010335609316826 0.2534788250923157 205.1283855065703 0.1287403553724289 8.717831157147884 0.8597713336348534 0.1797985956072807 0.5478746816515923 0.2077780738472939 0.8930803090333939 0 0.1214428022503853 119.8529332205653 6.751224495470524 0.8139301240444183 0.6673802733421326 0.6304888799786568 0.09284612536430359 0.5840427130460739 0.5433614924550056 3.233975641429424 3.675183035433292 7.566592618823051 83.76980178058147 13.99587174504995 26.76262762397528 0.2401488646864891 1.10358501970768 0.2945404574275017 52.07696882635355 5.256556414067745 1.454829454421997 0.9571209475398064 1.136790081858635 0.7162034511566162 0.1253815293312073 456.0092917084694 22.15916529297829 0.1777002513408661 57.70378462970257 24.01291099190712 74.66247587651014 79.05755563080311 10.51912488788366 4.028904035687447 128.159706518054 0.2454018965363503 4.400954462587833 23.52418133616447 0.1864030212163925 2.205874301493168 1.315924242138863 2.440745338797569 0.1068430319428444 0.4991352036595345 0.1192831620573997 1.31338657438755 0.6736782416701317 0.3339657932519913 0.1149145364761353 0.6604873612523079 81.09517642855644 18.5095639526844 0 11.73684093356133 35.0693868175149 3.666113577783108 0.5270417928695679 2.384683653712273 1.845754355192184 10.77531513571739 22.57923804223537 1.402760967612267 7.640349261462688 15.10814841836691 14.07284699380398 4.207685574889183 52.70202464610338 25.36189036816359 38.02745108306408 22.52350650727749 0.5252468585968018 1.184255160391331 0.1128805354237556 0 0 0 0 0 0 0.1524791568517685 0 0 0.5340320691466331 0.139384388923645 0 0.1349555999040604 0 0 0 18.65825872868299 0.5502263456583023 0.09202197939157486 0.2324993014335632 0 24.38020291179419 11.70652355253696 29.98910652846098 7.653711035847664 4.653847441077232 0 0 0.1127075925469398 0 0 0 0 1.40773318707943 3.607441827654839 0 0 0 0.2167125642299652 0.227764368057251 0 0.2482580095529556 0 0.4934358969330788 1.484541743993759 0.3809079825878143 0.3133145868778229 0.2148781269788742 6.123224556446075 1.08724519610405 0.1026838943362236 0.1135715320706367 0 0 0.1302512884140015 0 0 0 27.99291677772999 0 0 0 0 5.593666963279247 0.1867358237504959 0.907673567533493 4.032345972955227 2.958171248435974 3.002549484372139 0 2.317740567028522 0 0 0 0 0 0 0.1011878475546837 0 11.48261531442404 6.267846286296844 10.25809292495251 203.8416256830096 26.16697328537703 258.9103405550122 37.17121370136738 96.3955265134573 58.5987893268466 4.569700203835964 103.4460763558745 16.9529917538166 0.5654870420694351 11.93339282274246 2.368132524192333 24.52141012251377 1.233198955655098 0 4.906995922327042 8.174709111452103 0.9080858826637268
922.9929507896304 1044.022724032402 49.61417596042156 2077.828899145126 70.30315291136503 804.2292467206717 1380.545197345316 9.443433046340942 167.6660134941339 0 46.31535190343857 2246.708868056536 4607.371130466461 92.1804590523243 21.80799990147352 7.279718279838562 0.4165475070476532 0.5700205713510513 0 0.4561543241143227 0.1063259020447731 0 0.108956404030323 0 0.1078853011131287 0.1360415071249008 0.1123479753732681 0.6725988686084747 0.6263833045959473 0 292.0658411979675 21.97120431065559 5.177417255938053 0 0 0.3936379179358482 379.8528558835387 0.3283340334892273 25.49212630093098 1.739014379680157 0 1.30687839537859 0.2179005667567253 0.8399090021848679 0 0.4447360411286354 167.118647441268 15.19802466779947 0.4145969450473785 0.6137078031897545 0.5759968981146812 1.909410059452057 0.315028965473175 1.290369287133217 6.212461180984974 10.74853572994471 26.62613126635551 155.9802653044462 40.94256147742271 44.64118693768978 0.349276676774025 3.338703155517578 0.2875583618879318 74.72111815959215 12.13481613248587 5.262945756316185 3.829184792935848 1.338887110352516 1.837317794561386 0.3172274529933929 4085.070439077914 41.95421026647091 0 123.4065832048655 50.29626323282719 101.3637910634279 74.15424524247646 5.872700937092304 1.079041749238968 40.38201905041933 0.337545819580555 3.212297491729259 56.55838484317064 0.4466110616922379 6.275716692209244 5.161226399242878 4.772454522550106 0.5771495699882507 1.593614354729652 0.3779330551624298 1.41474973410368 0.9346658885478973 0.5769499540328979 0.2217204421758652 1.451970987021923 1163.3834720999 181.1961486786604 10.33695957064629 53.027398429811 191.6609134525061 11.3913848772645 20.07214885950089 32.09816844761372 7.147970229387283 14.82424493134022 67.1392136067152 9.456067278981209 17.39375501871109 90.40066573023796 50.53221227228642 10.43855544924736 142.4951900690794 67.37392000108957 106.822335883975 47.93786564469337 0.3186866492033005 0.9902417659759521 0.3827739059925079 0 0 0 0 0 0 0 0.1483591347932816 0 3.017298772931099 0 0.1723359078168869 0.1221874877810478 0 0 0.3691842555999756 47.04111970961094 3.405778586864471 0 0.5278858542442322 0 50.35242018848658 15.39921442419291 47.61056747287512 11.66708251088858 4.692677594721317 0 0 0 0 0 0.7129214406013489 0 0.3268325328826904 9.310511156916618 0 0 0.1429531872272491 0 0 0.3906305208802223 0.3733905926346779 0.1350396275520325 0.7685908079147339 3.338363260030746 0.2808427959680557 0.7569448351860046 0 12.61766385287046 4.445637196302414 1.215114966034889 0.1079396456480026 0 0.1180362924933434 0.1220287159085274 0 0 0 54.83524142205715 0 0.1274229139089584 0 0.3868884816765785 10.67180396616459 2.836512014269829 0.6667757928371429 7.552972681820393 6.587398394942284 2.323529966175556 2.298947095870972 4.303890258073807 0.2815802395343781 0.1798619851469994 0 0 0.3830698728561401 0 0 0 22.7792049497366 2.583499252796173 16.23151985555887 265.8861523270607 41.16741662472486 411.1657040417194 36.80323892831802 606.9127039015293 96.04604279249907 5.713965609669685 137.1442952230573 28.36643477529287 0.2570006847381592 20.81076854467392 4.472699597477913 179.4596640467644 0.5894304141402245 0 16.48951610922813 6.438343033194542 0.9150181859731674
325.4011029452085 970.4069325625896 3389.413620449603 3.430564984679222 1600.679953694344 23.94649800658226 1984.329750694335 3732.345624141395 3263.015746995807 46.31535190343857 0 43.34983812272549 1155.912867434323 5516.122721545398 38.82209891825914 22.50948297232389 1.140641279518604 0.206645242869854 0.1799451261758804 0.8026274442672729 0 0 0.09117984771728516 0 0.891255147755146 0 0.5204509571194649 0.5326099321246147 0 0.08360202610492706 901.2941622808576 110.0460281670094 180.8254414051771 0 0 1.105846486985683 699.2819535508752 1.383823722600937 17.93932727724314 1.953039444983006 0.6926765292882919 0.7234715893864632 0.8159034550189972 1.582664161920547 0.3051019906997681 0.3263871595263481 122.1533048823476 5.002591952681541 0.6642150357365608 1.09946133941412 0.1087933555245399 0 0.2449877858161926 0.2642065659165382 1.92703291028738 3.37799796462059 6.863494239747524 140.5969904065132 13.30934429168701 27.96661188453436 0.6364114806056023 4.467377059161663 1.370844714343548 88.56480265408754 6.02368987351656 2.755156949162483 1.495791152119637 0.8364017680287361 1.911967188119888 1.352190613746643 573.2621063515544 27.66592517495155 0.1786058247089386 64.98819277435541 33.66445582360029 85.19243714213371 107.1318338960409 18.45202492177486 122.7462782859802 3558.06555569917 0.5926428139209747 224.6351625099778 19.61113360524178 0 2.585766315460205 2.168762214481831 2.077040068805218 0 0.3773224502801895 0.09459936618804932 0.7174617052078247 0.6226196736097336 0.8709655478596687 0.2690249532461166 0.4966107755899429 45.82151134312153 35.26387973129749 0 22.98516184091568 67.38854147493839 4.398513905704021 0.1222611144185066 1.146543174982071 0.3274154216051102 5.209193825721741 12.71376879513264 0.5978375822305679 2.85268285125494 4.881220430135727 4.939991742372513 2.474374637007713 32.13767115026712 12.71797430515289 25.142926864326 16.84663128107786 1.24557401239872 0.9101106077432632 0.1570991724729538 0 0 0 0 0 0 0 0 0 0.7166409641504288 0.1409691274166107 0 0 0 0 0 9.751108534634113 1.021613746881485 0 0 0 22.40726426243782 12.35366651415825 30.12497113645077 8.630544081330299 4.15388435870409 0 0 0 0 0 0 0 2.708901256322861 6.250119909644127 0 0 0 0.1238187551498413 0 0.1292832493782043 0.108416348695755 0 0.1242606416344643 3.85227819532156 0 0 0 3.533809766173363 1.387144796550274 0.3038977086544037 0.1599664837121964 0.09817594289779663 0 0 0.1544458717107773 0 0 19.15438865870237 0 0 0.1014438793063164 0.1278323233127594 4.905893236398697 0.7196247577667236 1.337376922369003 5.295130603015423 3.400248467922211 1.715536817908287 0.714766800403595 2.603023700416088 0 0 0 0 0 0 0 0.3854072690010071 5.779294572770596 3.516626693308353 13.46750323474407 190.8610047027469 20.72389444708824 235.6153785288334 25.68223362416029 105.8275342807174 48.98889118432999 2.937618680298328 94.53651867806911 15.22093339264393 0 7.066708467900753 0.7125094830989838 21.93254327774048 2.489436089992523 1.398803874850273 4.129588350653648 6.144367605447769 1.04699794948101
117.4522074386477 134.6503468230367 13.31111710518599 1265.282934978604 69.48666755855083 121.2758646905422 425.3667108863592 6.192794322967529 81.34374246746302 2246.708868056536 43.34983812272549 0 921.0149852931499 34.97922248393297 9.156144939363003 5.348182559013367 0 0.1751874387264252 0 0 0.1232522875070572 0 0 0 0.227345883846283 0 0.1044729351997375 0.2645663097500801 0.1474810689687729 0 25.21209210902452 3.091766506433487 0.159834012389183 0 0 0 541.3101417943835 0.1233256310224533 19.47516743093729 0.5138982832431793 0.128667950630188 0.1435236781835556 0 0.2471357062458992 0.1122606843709946 0.09864302724599838 27.58669859170914 0.8679614961147308 0.2348960638046265 0.3754008337855339 0.202034592628479 0 0 0.108732670545578 0.7018812969326973 1.082783617079258 3.94586243480444 11.47275544703007 4.422429516911507 5.537811599671841 0 0.4824272692203522 0.2552712485194206 9.711177088320255 0.6693971902132034 0.2779486253857613 0.4413445740938187 0.1765661761164665 0 0 1652.906503535807 20.04674090445042 0 11.27832224965096 5.098463036119938 19.27162496745586 15.07320197671652 2.165332838892937 0.3157539889216423 2.167178936302662 0 0.8042239919304848 4.427057377994061 0 0.403813548386097 0.4433314874768257 0.691332720220089 0 0.4282792285084724 0 0.211260013282299 0.2361481338739395 0 0 0 643.1879109144211 43.87414821982384 0 39.75096902251244 23.21520957350731 9.09118739515543 7.746348887681961 11.89883372932673 1.673841401934624 16.33386693894863 43.77528855204582 1.554508194327354 14.48445653915405 43.09799465537071 33.3993588835001 9.797790750861168 102.1591125279665 41.64658832550049 65.77300298959017 34.42954427748919 0.8440164923667908 0.4742860794067383 0.1470201760530472 0.2287951856851578 0 0 0 0 0 0 0 0 1.489081770181656 0 0 0 0 0 0 31.20215644687414 1.668338671326637 0.6962005496025085 0 0 33.36495719105005 11.96481687575579 36.15413399785757 10.29257740080357 4.674765810370445 0 0 0 0 0 0 0 2.261644318699837 4.315829008817673 0.2146497815847397 0 0.9117265939712524 0.1833742707967758 0 0 0.3137222677469254 0 1.054837584495544 2.99179869145155 0 0.396641343832016 0.6965964734554291 9.927435792982578 1.613578155636787 1.414324089884758 0.2552754729986191 0 0 0 0 0 0 39.95568338036537 0 0 0 0.219461515545845 12.88318564742804 1.006588041782379 0.3365945518016815 5.088861204683781 4.008088275790215 3.00473166257143 1.019818067550659 2.01029521971941 0.2320758625864983 0 0 0 0 0 0 0 14.78015884757042 4.102189540863037 11.58627454191446 91.90785381942987 7.720712319016457 74.39545911550522 10.70985861867666 77.51004242151976 18.40063810348511 1.225834913551807 44.83370837569237 23.33089658617973 0.3564881831407547 18.40310975164175 2.090662747621536 70.92173779010773 2.477467358112335 0.1254236102104187 13.45326156914234 1.534847989678383 0
