0 3400.724773399532 492.9311270862818 2238.03688249737 66.11267446726561 29.30734680593014 1531.635099470615 1.532767102122307 47.20079301297665 1419.185727827251 5.720756307244301 35.5799264088273 93.41568842530251 11.42280380427837 0.6026676967740059 0.2096315175294876 0 0 0 0 0 3.983104020357132 0 0 0 0 0 0 0 0 339.9740537703037 7.855498015880585 0.202521950006485 0.08531913906335831 0 0 0.8302855342626572 0 0.4693826287984848 0 0 0 0 0 0 0 0.7861329093575478 0 0 0 0 1.262746468186378 0.6412701606750488 0 0.09939476102590561 0.4848953187465668 218.1583579331636 474.5472835078835 5.110271200537682 1.381050325930119 0 0 0 1.976926885545254 0 0.09319786727428436 0.08607155829668045 0 0 0 15.77251151204109 0.8124547451734543 0.8542181700468063 11.32933902740479 1.596010692417622 3.474891103804111 1.404296636581421 0 0 0.1071409359574318 0 0 0.1174707114696503 0 0 0.1593861281871796 0 0 0.1579437106847763 1.464410543441772 0 0.1920301616191864 0 0 0.4434262812137604 178.8720039874315 25.93553970754147 1.845284625887871 3.674412623047829 799.2591488659382 0 0 0 0 0 0.3510600030422211 0 0 27.69967174530029 0 0 0 0.1056563630700111 0.3055672496557236 0.2734587118029594 0 0 0 0 0 0 0 0 0 0 0 0 0 0 0 0 0 0 0 0 0 0 0 0 0 0 0 0 0 0 0 0 0 0 0 0 0 0 0 0 0 0 0 0 0 0.07940707355737686 0 0 0 0 0 0 0 0 0 0 0 0 0 0 0 0 0 0 0 0 0 0 0 0 0 0 0 0 0 0 0 0 0.09295254200696945 0 0 0 0.1297300159931183 0 0 3.091895587742329 0.117779403924942 1.978845164179802 0.8007951229810715 626.8079054504633 0.5846923068165779 0.2353654205799103 0.2336783409118652 0.1235442981123924 0 0 0 0 0 0 0 0 0.7666524350643158
3400.724773399532 0 4740.253582723439 3103.126619301736 9576.160942599177 268.1469817534089 7856.502861011773 170.0654698312283 5784.55769328028 325.236815802753 1126.042929574847 18.51874026656151 323.268779411912 431.8047603182495 127.3931778743863 15.76121830195189 0.6077497079968452 0.5883822217583656 0 0.8937868401408195 1.04503607749939 0 1.541186921298504 0.9063862711191177 0.482941135764122 2.527799256145954 0.6083524227142334 1.962600134313107 2.989714041352272 0.2180130556225777 3901.583897709846 100.5028239190578 7.353057481348515 0.7824534401297569 0 0 7.106102682650089 0.4376068711280823 4.646581724286079 3.31664203107357 1.433951266109943 1.12403267621994 0.1003210917115211 1.447689577937126 0 0.6271187737584114 162.866718120873 4.671980202198029 0.2761236354708672 1.255314372479916 2.721657440066338 0.1789044886827469 0 1.314073421061039 8.37199317663908 19.81428344920278 390.9927688390017 1918.056490302086 28.73528943955898 79.2961436137557 0.6404409557580948 0.8655647486448288 0.9290666952729225 428.1912560835481 10.1736407391727 8.072849582880735 3.916372250765562 8.777128402143717 0.8680749908089638 6.136993370950222 11.38832730054855 0.07392089068889618 0.2321923971176147 463.8379558026791 261.6833245456219 767.2966546416283 402.1466566994786 35.57741532102227 11.04336206614971 31.25722941756248 1.553526028990746 3.259075589478016 27.09808406233788 0 14.24606148898602 13.94979490339756 4.721637088805437 0.3474264927208424 4.729491345584393 0.5519033968448639 1.954906046390533 2.637154869735241 1.038465477526188 1.124841369688511 2.258344173431396 38.48573049902916 0.4244590699672699 0.06504290550947189 1.300427064299583 831.6087630316615 0 0 0.107970766723156 0.7012163996696472 0 0.4373738393187523 0.3189131021499634 0.4877258613705635 14.61066523194313 1.086618468165398 0 3.381509773433208 1.713071011006832 4.038871079683304 2.135742776095867 0 0 0 0 0.1226760074496269 0 0 0 0 0 0 0 0 0 0 0 0 0.1372541487216949 0 0 0 0 0 0 1.274192236363888 0.08515629917383194 0.9443554580211639 0.2072837203741074 0.08352378010749817 0 0.07967670261859894 0 0 0 0 0 0 0 0.099440798163414 0 0.275103285908699 0 0 0.07469865679740906 0 0.356026716530323 0.3327199444174767 0 0 0 0.1102030947804451 1.884796731173992 0 0 0.2524410113692284 0.1819610372185707 0.5597189366817474 0 0.4611277431249619 0 0 3.477141425013542 0 0 0.1606959849596024 0.5317488312721252 0.3789015784859657 0.09989678114652634 0.5712151154875755 0 0.07594380527734756 0 0 0 0.07650607079267502 0.09244687110185623 0.2307563126087189 0.2139117047190666 0.8061117455363274 0.4570114761590958 0.2059491127729416 0.1894841194152832 2.124889686703682 0.1253111511468887 0 216.6073583588004 57.34786509722471 326.7246970310807 80.15865964442492 865.7066426500678 28.60822007060051 14.72636272013187 29.73157788068056 8.198317132890224 1.003541275858879 4.788077153265476 4.94003052636981 0.7500293999910355 0.1247474849224091 0.7737117111682892 0.4522849693894386 0 12.57815873622894
492.9311270862818 4740.253582723439 0 22.55855267494917 1605.759054146707 7.848126739263535 312.2901536673307 1400.620846219361 806.8628774508834 5.946744672954082 2230.956470601261 3.082467399537563 65.11672748625278 130.5596778541803 80.09035809338093 70.15522251278162 6.944228284060955 4.575428478419781 1.809377960860729 38.79697120934725 55.39114879816771 0.2285101637244225 53.00107227265835 22.16941048204899 6.993907436728477 5.257082231342793 13.14332722127438 2.785074047744274 1.171819977462292 1.475764386355877 6570.89890652895 666.6805940195918 29.9276115745306 46.63017491996288 8.060325652360916 3.24632166326046 6.382585898041725 3.815655574202538 3.724719002842903 7.345358431339264 12.15856289118528 4.443349063396454 6.381989374756813 13.98321378231049 9.329864665865898 16.19832270592451 73.85198406130075 0.7419475317001343 0.9004672318696976 9.747277095913887 0.5992706567049026 0.7031331136822701 0.2314399182796478 4.871888726949692 1.606395810842514 3.092265337705612 133.4487978518009 1581.945057831705 6.808424293994904 12.60015083104372 33.0503139719367 20.0454229041934 33.94148678332567 751.8422227501869 1.721320651471615 1.834353059530258 0.6078362390398979 2.545550689101219 9.944831922650337 143.4475684985518 6.299495153129101 0.4219617173075676 0.1049463972449303 117.3385922983289 94.86197523027658 217.2583226487041 317.4032264873385 111.2451725676656 97.62956650555134 399.281920582056 42.89141195267439 135.2346062883735 6.339976370334625 0.09499023109674454 2.616418167948723 1.762420348823071 4.655687585473061 0.2297468632459641 0.6894771307706833 0 0.3844974115490913 0.9056155979633331 14.83264922350645 0.3138237297534943 4.810308672487736 3.458780243992805 0 0 0.1332678347826004 249.8857000619173 0.2800683975219727 0 0 0 0 0.1341999769210815 0 0 0 0 0 0.4691716507077217 0.507009781897068 0.5534650385379791 0.08049860596656799 0 0 0 0 0.08473441004753113 0 0 0 0 0 0 0 0 0 0 0.3884302154183388 0 0.1027451902627945 0 0 0 0 0 0 1.039044052362442 0.1082851961255074 1.205440275371075 0.300850473344326 0.08994778245687485 0 0.3927531018853188 0.1255503445863724 0 0 0 0 0 0 0 0.1346973925828934 0.1029468774795532 0 1.023380026221275 0.1161410063505173 0 0.21027871966362 0.1948483511805534 0.07437499612569809 0 0 0 1.221559919416904 0 0 0 0 0.121387742459774 0.1179180443286896 0.08412381261587143 0.2197473049163818 1.055777065455914 0.8585301488637924 0.1755447387695312 0 0 0.9351006746292114 0.09893583506345749 0 0.8175339475274086 0 0 0 0 0 0.1139075309038162 0.07129783183336258 0 0 0.1631840690970421 0.2730039432644844 0.1225357875227928 0.3096756935119629 0.4107953980565071 0 0.4309644028544426 74.44355294108391 13.98400335013866 100.7848932109773 22.1704701371491 229.4576849341393 11.47675790637732 2.814007982611656 21.97569338977337 3.495289832353592 0.4808889329433441 1.096644803881645 1.136534981429577 0 0 0.08601120859384537 0.1768172532320023 1.243583887815475 0.8813574314117432
2238.03688249737 3103.126619301736 22.55855267494917 0 378.9414219483733 575.0224194824696 2455.269162744284 0.3874614015221596 301.1363662555814 1652.139662355185 51.37266077101231 392.0683125928044 829.9231218136847 100.3050994575024 26.54366471618414 2.480309270322323 0.1107916310429573 0 0 0.159114383161068 0 0.1743418648838997 0 0 0 0.1669472754001617 0.1094150692224503 0.3817230090498924 0.5311127156019211 0.08788543194532394 161.2545556649566 1.596077539026737 1.267236791551113 0.08871445059776306 0 0 1.252117067575455 0.2865935489535332 1.316126927733421 0.6751537621021271 0 0.1753730177879333 0 0.2133642286062241 0 0.09720832109451294 31.50636351108551 0.3691084012389183 0 0 0.371214896440506 0 0 0.1629869490861893 2.347350284457207 4.014246270060539 78.00296849012375 233.6331925839186 5.55413468927145 17.76548773795366 0 0 0.07966870069503784 59.50317537039518 2.548085432499647 1.644908934831619 0.9525877386331558 1.483623161911964 0.2517963349819183 0.3893675208091736 5.923955596983433 0 0.08391247689723969 99.37129451334476 40.32496369630098 141.5913285762072 52.19489455223083 2.365623533725739 0.06299644708633423 1.004258058965206 0.2040974050760269 0.2660659924149513 7.813133984804153 0 3.255397256463766 3.959445454180241 0.9044019356369972 0.3347437307238579 0.7242691069841385 0.08547334372997284 0.3769405111670494 0.6342409178614616 0 0.3635201975703239 0 166.2443192824721 0.1266828775405884 0 0.1889302134513855 165.0220138281584 0 0.1032848954200745 0 0.1823051869869232 0 3.445586375892162 0 0.6194631904363632 18.58732233196497 1.156020738184452 0 5.640752524137497 3.191268503665924 5.612905107438564 1.764639161527157 0 0 0 0 0 0 0 0 0 0 0 0 0 0 0 0 0 0 0 0 0 0 0 0 0.9384892806410789 0.08926550298929214 0.08667521178722382 0 0 0 0 0 0 0 0 0 0 0 0 0 0 0 0.2370106279850006 0 0 0.0873677060008049 0 0.132886528968811 0 0 0 0.298184797167778 0.1118192747235298 0 0.0840550884604454 0 0 0 0.09971530735492706 0 0 3.713241308927536 0 0 0 0.2980928346514702 0.3073800876736641 0 0.5897247791290283 0 0.2004209160804749 0 0 0 0.08113034069538116 0.06890234351158142 0.1540243774652481 0 0.1564294323325157 0.07318340241909027 0 0 1.918281927704811 0.230554960668087 0.09054329246282578 49.75126400962472 12.33198947831988 76.93671207129955 19.37620811164379 313.0812229588628 6.192731589078903 3.89904261380434 5.703965082764626 1.76794321089983 0.1520452126860619 0.7425319254398346 1.271681241691113 0.2049214243888855 0 0.08385025709867477 0 0.1001598164439201 2.580629944801331
66.11267446726561 9576.160942599177 1605.759054146707 378.9414219483733 0 21.51213745772839 4451.174891807139 467.2332625463605 10765.21322401613 118.1670073419809 1866.606863647699 19.7519014030695 276.6023395806551 501.6203896477818 106.8870903626084 25.65817546844482 2.342888727784157 0.4014768525958061 0.1284826248884201 0.9203207492828369 5.252673543989658 0.08008524030447006 2.112167038023472 2.001493848860264 1.132943883538246 5.07582475990057 3.772472441196442 1.295372076332569 1.523670814931393 0.4013422280550003 396.114752613008 73.23234443366528 24.21847249567509 1.446986936032772 0.2468536123633385 0.2465991377830505 8.509049981832504 2.644924096763134 3.901439696550369 7.477262303233147 3.138568595051765 1.203436508774757 0.2504731640219688 2.928176186978817 0.1297062188386917 0.7424231097102165 129.8449784629047 2.048342786729336 0.08776277303695679 0.8366967514157295 0.9722282215952873 0.3233908638358116 0 1.733354918658733 3.445668503642082 7.465997152030468 64.08531987667084 316.192405231297 10.37831815332174 35.42765197902918 0.7938409820199013 2.256182923913002 0.9560674950480461 167.2815633788705 4.139935936778784 4.18562662974 1.650104448199272 2.864447850733995 0.8065055534243584 9.641094565391541 19.54560544341803 0 0.2236164957284927 141.4974331706762 97.72588550299406 301.9989922456443 250.2931443676353 39.21867040544748 26.48529857397079 68.71695704758167 0.8314907550811768 5.338313288986683 9.874184221029282 0 5.818437188863754 5.774474382400513 1.545559406280518 0.06603157520294189 2.771407913416624 0.4092239364981651 1.361300945281982 1.357533201575279 2.288583286106586 1.285904318094254 2.278051592409611 53.34228750318289 0.09572452306747437 0 0.5175706818699837 15.37701012194157 0.06967529654502869 0 0.1281318217515945 0.4572228416800499 0 3.683756299316883 0.2626009956002235 1.004338875412941 4.356524646282196 2.053723894059658 0 5.60655377805233 4.316589586436749 5.640982836484909 2.343030653893948 0 0 0 0 0 0 0 0 0 0 0 0 0 0 0 0.2313528433442116 0 0 0 0.1131803542375565 0 0 0 0 1.212416127324104 0 0.321469821035862 0 0 0 0 0 0 0 0 0 0 0 0 0 0 0 0 0.05880730599164963 0 0.07074687629938126 0 0.2380126342177391 0 0 0 2.358152620494366 0 0 0 0 0.1516526788473129 0 0 0 0.2391345202922821 6.529098518192768 0 0.1234905123710632 0.106110468506813 0.7530525922775269 0.5046379119157791 0.2836461663246155 0.3556321486830711 0.07905468344688416 0.07281656563282013 0.08617520332336426 0.09927124530076981 0 0.3739402666687965 0.08000937849283218 0 0.07687385380268097 0.5583265274763107 0 0 0.1061509922146797 2.264299750328064 0.3066770732402802 0.1988952904939651 176.0433601737022 33.90015196800232 198.8759065121412 51.18381951749325 64.96689440310001 23.7438325881958 5.010689921677113 46.23185412585735 5.822709456086159 0.3432494774460793 2.309617757797241 2.795451387763023 0.506923496723175 0 0.7758885398507118 0.09240639209747314 0.967308022081852 4.472285270690918
29.30734680593014 268.1469817534089 7.848126739263535 575.0224194824696 21.51213745772839 0 635.7763912156224 0.1179956793785095 38.14675965160131 868.3825064599514 1.227647840976715 138.1611902713776 198.1987549066544 31.62762235850096 0.3011072129011154 0.09984719008207321 0 0 0 0 0.08916892856359482 32.22351248562336 0 0 0.1390285789966583 0 0 0 0 0 1.379615195095539 0 1.993544861674309 0 0 0 7.909852683544159 0 7.317796766757965 0 0 0 0 0.09856931865215302 0 0 0.6041094362735748 0 0 0 0.1219129413366318 24.58867652714252 8.335853546857834 0.6399917453527451 0 0 145.5568408444524 30.97378542274237 1.557645261287689 0.08469104766845703 0 0 0 0.2026398703455925 0 0 0 0.1364742964506149 0 0 239.8694335967302 44.75631108880043 9.965130746364594 1.319235220551491 0.3880128264427185 0.5382459536194801 0.5691549107432365 0.1029527932405472 0 1.131260007619858 0 0 0 0 0 0.3478791043162346 0 3.884904257953167 3.602962538599968 10.61671993136406 0.6887110769748688 2.83166977763176 0 0 0.2439366579055786 624.4264308735728 335.8714841604233 28.93220935761929 38.75170902907848 290.3876605704427 0 0 0 0 0 0.6054169684648514 0 0 5.544949397444725 0.1008732616901398 0 0.3408444225788116 0.1257028579711914 0.6466470286250114 0.1383383572101593 0 0 0 0 0 0 0 0 0 0 0 0 0 0 0 0 0 0 0 0 0 0 0 0 0 0 0 0 0 0 0 0 0 0 0 0 0 0 0 0 0 0 0 0 0 0 0 0 0 0 0 0 0 0 0 0 0 0 0 0 0 0.1085866317152977 0 0 0.261593759059906 0 0 0 0 0 0 0 0 0 0 0 0 0 0 0 0 0 0.2266334742307663 0 0 1.370156846940517 0.2106464058160782 0.9532506614923477 0 118.528560295701 0.3987775892019272 0.1649091765284538 0.282960057258606 0 0 0 0 0 0 0 0 0.121750071644783 0.7753232717514038
1531.635099470615 7856.502861011773 312.2901536673307 2455.269162744284 4451.174891807139 635.7763912156224 0 136.9705671295524 8874.208458766341 4306.748632766306 280.9189019203186 415.0603053048253 3084.259065248072 728.8791462630033 363.8020710647106 51.795340962708 1.988986738026142 1.027243465185165 0 2.206506654620171 5.812011316418648 0.2773853540420532 2.707200028002262 1.197654291987419 1.553810440003872 4.668559886515141 4.586919859051704 3.695557340979576 3.332716792821884 1.220027074217796 409.2281470298767 38.56009243428707 23.74013534933329 2.580921247601509 0.4571945145726204 0.5666419640183449 12.29919896274805 0.938681498169899 8.467800535261631 3.246743775904179 2.634816855192184 1.698942437767982 0.4624892920255661 3.326383650302887 0.4854266121983528 0.6045438349246979 481.1036882251501 6.834915533661842 0.9779132008552551 1.277069270610809 4.752903528511524 0.5368005409836769 0.1518266201019287 4.253077991306782 16.51046298444271 32.13702852651477 286.7345954030752 736.697525523603 45.11039920151234 145.4273001253605 1.434211067855358 2.86731531471014 1.077766828238964 371.9345812946558 20.70757205784321 16.76742631196976 7.775259710848331 13.9542162977159 2.187924824655056 12.52054940909147 88.44951598346233 1.011233314871788 0.1938865259289742 577.2489918544888 253.9956297725439 1024.883748851717 637.7230265438557 60.34160231053829 25.77033622562885 66.06249982118607 1.08024886995554 8.168116010725498 46.64890021458268 0.1501137390732765 24.20038065314293 24.83696760237217 9.094075620174408 0.9551321379840374 9.304978553205729 0.6828339397907257 5.298331595957279 5.250133544206619 3.396536707878113 3.319624282419682 6.113196790218353 1062.092751830816 0.5378037616610527 0.06509868055582047 4.183458030223846 341.5535826161504 1.126749984920025 0.880503810942173 1.465979367494583 2.271130055189133 0.4120307490229607 61.89918680489063 2.041784763336182 9.82159012556076 94.88563404977322 29.05208102613688 1.305425681173801 87.0054254680872 51.20272606611252 82.56677832454443 35.26297911256552 0.3829566165804863 0.2042707428336143 0 0 0 0 0 0 0 0 0 0.1292697787284851 0 0 0.1854275912046432 0.3877921774983406 0 0.09411619603633881 0 0.8476047664880753 0.1285797357559204 0 0 0 7.168442852795124 0.4720617085695267 1.475811950862408 0.2788589596748352 0.2070117890834808 0 0.1279077380895615 0 0 0 0 0 0 1.069484896957874 0 0 0 0 0.3091783598065376 0.247532419860363 0 0.1873409897089005 0.5241004824638367 0.8558437824249268 0 0 0 11.25961022824049 0.1545940488576889 0 0.2418623864650726 0.1295472234487534 0.2286705300211906 0.06999759376049042 0.06701214611530304 1.007724307477474 0.6465777158737183 61.77184589207172 0.5067042857408524 0 0.1722791343927383 0.836302638053894 4.322110548615456 0.4041372910141945 4.770534917712212 0.9126586765050888 0.3565177246928215 1.064022377133369 0 0.09905967861413956 0.3132656142115593 0.1558113917708397 0.169775478541851 0.1681549549102783 0.9926478639245033 0.6755193397402763 0.2505640387535095 0 48.0613169297576 1.164895638823509 1.13709481805563 766.9955185204744 136.5334940180182 839.1127534583211 207.921345770359 866.0413468405604 107.3382254764438 27.2669225409627 181.797688767314 30.41584593057632 2.251123040914536 9.559008590877056 9.704203441739082 3.452634498476982 0.2411089166998863 1.93799963593483 2.272056631743908 2.541568748652935 8.861872315406799
1.532767102122307 170.0654698312283 1400.620846219361 0.3874614015221596 467.2332625463605 0.1179956793785095 136.9705671295524 0 386.0395548045635 4.776722587645054 5205.934549864382 9.451872937381268 129.2848440334201 310.7319576069713 134.5818803980947 153.2763364464045 19.33345107734203 15.18508057296276 3.930240146815777 100.1534858047962 173.5964082926512 0.4487825036048889 188.3405480608344 84.7038976624608 27.71091502159834 28.96553408354521 56.68505954742432 8.254686184227467 4.082834959030151 3.258066602051258 1260.449782893062 1673.762647531927 181.6433619856834 133.7498194649816 34.19989394396544 18.68365972489119 16.49867852032185 20.15983591228724 7.965792015194893 27.05326198786497 40.47584144026041 11.41643432527781 8.18099757283926 48.16692653298378 18.03138101100922 45.48486317694187 81.59978355467319 0.3405140936374664 3.777791909873486 17.52607552707195 1.140025831758976 1.749209828674793 0.4639185890555382 10.68057590723038 0.4028285145759583 2.012651726603508 27.67139289528131 282.7587315142155 2.349458016455173 9.049946747720242 176.8092150464654 119.9729969874024 158.3532320633531 667.0340468287468 0.6168474070727825 0.8599577620625496 0.821660965681076 4.736220009624958 21.74740945547819 460.4007486253977 14.25575126707554 1.031914070248604 0.09815811365842819 50.63850850984454 79.96587473154068 142.213136587292 671.8898587971926 962.5272320359945 1153.978423245251 4921.059026110917 544.0353143140674 1653.187407813966 2.290914595127106 0 0.846319243311882 0.7609237544238567 7.785483255982399 0.09214288741350174 0.4616198167204857 0.07332063466310501 0.4501729533076286 1.319577567279339 56.51846225559711 7.391172774136066 14.5646578669548 1.623906120657921 0.2628558352589607 0 1.080498605966568 0.7851007580757141 0.1076381504535675 0 0 0.1240596547722816 0 0.3553070873022079 0 0.1486314386129379 0.3467226773500443 0 0.1102274209260941 1.229248724877834 0.8005444258451462 1.996139198541641 2.761062942445278 0.3064625337719917 0.09927874058485031 0 0 0 0 0 0 0 0 0.2448438555002213 0 0 0 0 1.241270564496517 0 0.3661877363920212 0 0.1850201487541199 0 0 0 0 1.978952787816525 0.4790678322315216 6.522677518427372 0.3799757733941078 0.6207174137234688 0 1.135710045695305 0.572334498167038 0 0 0 0 0 0.1121233925223351 0 0.2228708490729332 0.699471153318882 0 3.422335639595985 0 0 0.06973812729120255 0.1197727769613266 0.2621707618236542 0 0 0 4.378544643521309 0 0.1034470573067665 0 0 0.1058287024497986 0 0.2429968416690826 0 1.676154434680939 3.747873291373253 0.1010652929544449 0.1431798785924911 0.1264550536870956 2.574136637151241 0.4530973508954048 0 2.475907057523727 0.0980646014213562 0 0 0 0.2569300383329391 0.2464231178164482 0.08983210474252701 0 0 0.2094537690281868 0.23125209659338 0 1.137809038162231 0.5089693441987038 0.1946502551436424 0.5143322348594666 103.9644634649158 10.88282627612352 111.9623626247048 24.01199441403151 6.625217877328396 9.6256944835186 1.798213101923466 32.44472192972898 3.813880704343319 0.1704073771834373 1.291843920946121 0.5028475970029831 0.3684261441230774 0.1273841261863708 0.1880708485841751 0 2.912619858980179 0.0892949178814888
47.20079301297665 5784.55769328028 806.8628774508834 301.1363662555814 10765.21322401613 38.14675965160131 8874.208458766341 386.0395548045635 0 239.0753600746393 2877.83449242264 119.6375596001744 3654.704461209476 3490.839454978704 139.5525941550732 48.20629299432039 2.278089344501495 0.977403812110424 0 1.659586519002914 3.784356765449047 1.43386909365654 3.382727243006229 3.102579422295094 5.049622446298599 5.171635657548904 4.404605515301228 1.949087612330914 3.072223104536533 0.4175098761916161 207.4553362354636 38.76542274653912 100.2811983898282 1.0709098726511 0.9560240209102631 0.6517835557460785 22.000389136374 3.706323899328709 6.002149365842342 10.10248082876205 2.495013125240803 1.689325153827667 0.4495035633444786 5.246350213885307 0.3574826568365097 1.921231091022491 160.7624821737409 1.041874811053276 0.4839586466550827 0.4037782549858093 1.144104845821857 0.1601343899965286 0 1.882952846586704 4.426315419375896 7.014500230550766 44.1062021702528 156.2624567896128 11.36330024152994 26.83647814393044 0.8733534142374992 2.980670645833015 0.9196627661585808 95.55966591089964 4.01526540890336 2.436930313706398 1.357817091047764 3.519220568239689 0.8047671839594841 11.47543727606535 48.8475331813097 0.808980330824852 0.07532279193401337 101.2339776679873 56.12787620723248 233.738727658987 236.5656414926052 38.29570516198874 38.38366124033928 101.2884501293302 3.201341040432453 7.124950155615807 9.970886997878551 0.2752760350704193 4.854689192026854 5.507095418870449 2.098086602985859 0.266371376812458 1.699337217956781 0.6232097446918488 0.9072679802775383 1.607456706464291 3.927007898688316 1.710396699607372 2.506445504724979 217.1791370511055 0.5088828057050705 0 0.6122957468032837 18.5862742215395 0.2216731905937195 0.1053755283355713 0.4851560741662979 0.5757641643285751 0 34.20923779159784 0.3481852561235428 2.913616441190243 11.22319057583809 9.198218084871769 0.3596600145101547 27.32931239157915 14.37294859439135 23.42006351053715 10.17978281527758 0.09308572858572006 0 0 0 0 0 0 0 0 0 0 0 0 0 0 0.2406632155179977 0 0 0 0.1869933977723122 0 0 0 0 2.51399202644825 0 0.8813838362693787 0 0 0 0.3555587232112885 0 0 0 0 0 0.08591940999031067 0.0956612303853035 0 0 0 0 0.111725278198719 0 0 0 0.1111820489168167 0.4258513674139977 0 0 0 4.291341125965118 0 0.09250922501087189 0.07249937951564789 0 0 0 0.2728315219283104 0.1330346614122391 0.2413949072360992 17.67991700768471 0.2196789085865021 0.08308734744787216 0.1026909649372101 0.08206910640001297 2.052325583994389 0 1.731543846428394 0.4923248738050461 0.1296201646327972 0 0 0 0.1414180397987366 0 0.08545746654272079 0 0 0.08901645243167877 0.08723858743906021 0.5430163443088531 15.42001528292894 0.2708763480186462 0.2345337346196175 286.9882161542773 39.12280139327049 273.992472935468 69.41052944213152 57.668791487813 40.97694957256317 4.838500298559666 88.14990401268005 10.12537702172995 0.419685110449791 2.989434838294983 3.621891625225544 0.2790077030658722 0.07424905151128769 0.5095031559467316 0.2320492565631866 2.038808986544609 12.92958498001099
1419.185727827251 325.236815802753 5.946744672954082 1652.139662355185 118.1670073419809 868.3825064599514 4306.748632766306 4.776722587645054 239.0753600746393 0 35.48223891854286 2678.566268287599 6590.113856054842 897.1969015002251 26.7893516048789 11.16016264259815 0.5344320684671402 0 0 0.1090313121676445 0.8380059078335762 0 0.1746571660041809 0 0 0.401213638484478 0 0.2240510731935501 0.4492210298776627 0 13.6337685957551 0.6180680841207504 5.375141836702824 0.1001061797142029 0.1211571916937828 0 0.9783032909035683 0.6808938086032867 0.6643159165978432 0.9149670228362083 0.7864513248205185 0.08893211930990219 0 0.8488136008381844 0.1306914091110229 0.3443067073822021 35.74828781187534 0.4120606034994125 0 0 0.2415025308728218 0.1027041971683502 0 0.3276546895503998 0.5763266980648041 0.7245272099971771 71.62904745340347 65.33240729570389 4.018770344555378 6.717369988560677 0 0.1162429004907608 0 11.00352545827627 0.8220130279660225 0.5595223233103752 0.07172942161560059 0.6489759609103203 0 0.9333388209342957 38.32203524559736 1.222809970378876 0 30.87513697892427 6.17571784555912 46.29943652451038 35.69349803030491 4.228415928781033 2.721790634095669 7.258683688938618 0.1266987323760986 0.9041759967803955 2.65635808557272 0.07011919468641281 0.895762212574482 1.284649379551411 0.6011689454317093 0 0.5082176849246025 0 0.5393544062972069 0.2257200479507446 0.5828913003206253 0.07990622520446777 1.022247642278671 825.3163117542863 1.144782915711403 0.2715320587158203 0.3532486259937286 454.9355426058173 0.8036795035004616 1.543264582753181 4.135615482926369 0.6561148315668106 0.4909912347793579 29.82618457823992 2.949348323047161 4.441677369177341 39.6137218028307 13.27365556359291 0.3578144237399101 48.7615347802639 22.95386496186256 42.52619145065546 17.68618723005056 0 0 0 0 0 0 0 0 0 0 0 0 0 0 0 0.2187460958957672 0 0 0 0.6284253746271133 0.2216643095016479 0 0 0 1.929471738636494 0 0.3519743904471397 0.1226572245359421 0 0 0 0 0 0 0 0 0.2826395630836487 0.4599992632865906 0.3279727771878242 0.08766406774520874 0 0 0 0 0 0 0.09603022038936615 0.7045955210924149 0 0 0 5.135818757116795 0 0 0.1563938483595848 0 0.07964222133159637 0 0 0 0 24.73563235998154 0 0 0 0 3.470427662134171 0.1901345103979111 1.127741925418377 0.5155584737658501 0.3833270370960236 0.4401002898812294 0.3404567837715149 0.08866041153669357 0 0 0.07753152400255203 0 0.1503292098641396 0.08962906152009964 0 0 19.29769340157509 0.2840904593467712 0 86.40824984014034 6.000500984489918 68.2972357198596 17.53004475682974 477.2481406703591 8.45216216146946 1.254273779690266 19.2571610212326 3.625588580965996 0.1535478681325912 1.571656681597233 0.9082205146551132 1.146823212504387 0 0.1075720712542534 0.193196564912796 0.51365577429533 2.247093975543976
5.720756307244301 1126.042929574847 2230.956470601261 51.37266077101231 1866.606863647699 1.227647840976715 280.9189019203186 5205.934549864382 2877.83449242264 35.48223891854286 0 182.930168196559 2329.223962232471 4945.662429250777 276.3414256758988 238.1219131499529 18.78959964960814 3.681667745113373 0.8393014818429947 13.48791116476059 56.86620462685823 2.430416464805603 35.42193400859833 31.55626991391182 77.61146233230829 75.003368511796 58.95095542818308 12.34694008529186 20.03985771536827 8.399214617908001 777.0538740232587 665.0065890178084 1032.037353128195 13.40489631146193 10.16695579141378 21.85029657185078 289.241172015667 85.58626798540354 51.73633865267038 156.9590155109763 38.34709838032722 8.923852398991585 1.798391088843346 28.4365164488554 3.993595212697983 8.206737987697124 220.2861851602793 0.4918960928916931 1.583756320178509 5.525029629468918 1.820324242115021 1.761828683316708 1.251226752996445 3.64254330098629 3.249616555869579 6.112732294946909 48.31136756390333 319.1473236083984 8.67430467158556 18.65270902216434 12.97052911669016 43.17607764899731 16.67064063251019 280.1874053031206 4.265673588961363 2.532753080129623 1.260576315224171 3.79734155908227 4.214151576161385 119.7589532211423 288.7808612510562 8.251502975821495 0.212719202041626 112.8455974012613 85.55026311427355 313.8552110418677 468.95215934515 120.4428308755159 1549.575660683215 2484.965866796672 16.34883294254541 126.1778016239405 8.584360875189304 0.3143192902207375 2.898451779037714 3.819948997348547 2.097983114421368 0.0665038675069809 1.111995577812195 0.5935378447175026 1.435370646417141 1.685538955032825 36.19234421104193 6.421995468437672 6.581088848412037 37.99644205719233 0.7437774538993835 0 0.9823270887136459 1.898469142615795 0 0.4058397561311722 0.1174812465906143 0.1055828556418419 0 1.338197834789753 0.2418612390756607 0.5381542146205902 1.528643913567066 1.548072099685669 0.271110400557518 6.146220602095127 5.350644208490849 11.4042137786746 8.320798933506012 0.2261607646942139 0.2566777095198631 0 0 0 0.2513588070869446 0 0 0 0 0.2918551340699196 0 0.09830550104379654 0.8287905305624008 0 1.747808195650578 0.1155183538794518 1.206957720220089 0 0 0.1259654760360718 0 0 0.1104690730571747 4.297229014337063 0.2610661685466766 2.807900302112103 0.3422539532184601 0 0.2399482727050781 0.5149146094918251 0.3700067922472954 0 0 0 0 0 0.4226491004228592 0.1099304109811783 0.1049175187945366 0.2980062663555145 0 2.462559372186661 0 0 0.08606843650341034 0.1069895252585411 0.1595879569649696 0 0 0 5.948429055511951 0 0.1224789246916771 0.1664026752114296 0.2166601046919823 0 0 0.2579095512628555 0.1267364174127579 1.608799956738949 18.2563408985734 1.314203001558781 0 0 0.3808692023158073 1.622578658163548 0 2.814357496798038 0.398972399532795 0 0.3001944273710251 0 0.2050168216228485 0.2183274328708649 0.06913626194000244 0 0 0.4151809960603714 0.3521290794014931 0 0.2532610595226288 5.715088538825512 1.467206008732319 0.3315506130456924 313.1590479314327 42.39053616672754 334.4750295877457 84.80677935481071 25.8349000737071 44.79890927672386 4.198482640087605 121.2926421016455 8.846120990812778 0.4046332985162735 2.142158664762974 2.993014864623547 0.4556629955768585 0 0 0.2680065333843231 7.108146116137505 0.1695400029420853
35.5799264088273 18.51874026656151 3.082467399537563 392.0683125928044 19.7519014030695 138.1611902713776 415.0603053048253 9.451872937381268 119.6375596001744 2678.566268287599 182.930168196559 0 5589.644974023104 828.4709288105369 72.9031196385622 50.66492158174515 2.965103946626186 0.1990383714437485 0 0.4868309423327446 1.16573142260313 2.994501143693924 0 1.740739896893501 3.19821597635746 8.207223385572433 3.36370350420475 2.438419543206692 5.585871443152428 1.380361579358578 2.656664110720158 0.9615213647484779 38.79201047867537 0.4361353293061256 0 0.5916570723056793 35.28186194598675 4.249586850404739 12.23408678174019 17.93347646296024 4.633039116859436 1.577545337378979 0 3.576814904808998 0.3881185725331306 0.9832759946584702 78.1840628311038 0.1613120213150978 0.2143900170922279 0.6375044286251068 0.6179830059409142 0.2857871353626251 1.07156990468502 0.8800590708851814 0.8482784405350685 2.441071435809135 28.01360956579447 27.60931523144245 3.237235121428967 8.655019491910934 1.032642491161823 0.8250885158777237 0.1034153550863266 4.756801910698414 1.346394173800945 1.098530121147633 0.1351756826043129 1.000609837472439 0 2.658971726894379 222.1413473114371 19.0326142758131 0 41.42714002728462 8.06958993524313 56.39384327083826 49.72080610692501 12.80175242573023 2.609242208302021 14.83558221161366 1.253203473985195 1.713936202228069 3.036196038126945 0 0.7022563144564629 1.413011290132999 0.1709118634462357 0.373310960829258 0.5471436008810997 0.8209788501262665 0.3030360788106918 0.8898068070411682 1.142182946205139 1.113509811460972 1.287096574902534 1412.1939021945 12.49348801374435 0 0.8635169044137001 33.31778584420681 2.047361716628075 0.6043756157159805 0.5195650309324265 3.473926939070225 0.8204109743237495 28.27613601833582 1.493895560503006 9.387273818254471 31.70732901990414 30.19959568977356 1.166093125939369 103.1604777351022 56.39602405577898 125.3388740941882 63.25177650153637 0.319661907851696 0.1260004192590714 0 0 0 0 0 0 0 0 0.2704873457551003 0 0 0 0.1073208376765251 0.8262840360403061 0 0 0 1.042422384023666 0.1136019378900528 0 0 0 11.55881658941507 0.1097616627812386 3.503402516245842 0.1187219619750977 0.4305496737360954 0 0.2410749644041061 0 0 0.1190797910094261 0 0 0.1286273747682571 1.202258013188839 0.3594372496008873 0.2896859049797058 0 0 0 0 0 0 0.4420276209712029 1.899811588227749 0.1106428131461143 0 0 19.35478346049786 0 0.1917674243450165 0.09964259713888168 0 0 0 0 0 0 86.8354694917798 0.4740722700953484 0 0 0.2914217635989189 11.07124657928944 1.023491345345974 5.194702416658401 1.584576688706875 0.1257628500461578 0.6870533972978592 0.1936486884951591 0.4371459484100342 0.2662840783596039 0 0 0 0.2960026934742928 0 0 0.321193739771843 49.96228283643723 3.265429422259331 0.9990059956908226 199.2683701962233 13.05691872537136 150.2164244875312 33.34883488714695 81.86040331423283 16.76405193656683 1.050892196595669 49.25382094085217 9.771597258746624 0.08922897279262543 4.390016101300716 1.140400089323521 5.177006334066391 0 0 0.6917498335242271 1.548679016530514 0
93.41568842530251 323.268779411912 65.11672748625278 829.9231218136847 276.6023395806551 198.1987549066544 3084.259065248072 129.2848440334201 3654.704461209476 6590.113856054842 2329.223962232471 5589.644974023104 0 8826.01034040004 317.1017959266901 201.2045885622501 17.44218099117279 1.774544030427933 0.2221001610159874 1.7708380818367 6.215607285499573 5.010650366544724 1.485115706920624 4.073366917669773 13.6159580796957 29.56244096159935 8.713498339056969 14.57078018039465 24.29460227489471 3.527427412569523 21.79155188053846 4.508045442402363 1524.970462635159 1.452163897454739 0.2470515370368958 3.657070025801659 647.3234366029501 33.04456169903278 104.1910336464643 128.6760928109288 17.79531419277191 5.733457982540131 0.3751390427350998 26.19228138029575 0.7054933831095695 3.402064859867096 311.7299593687057 1.238573059439659 1.651857443153858 2.157843261957169 1.221095070242882 4.380174249410629 5.93325962126255 5.746993064880371 4.687109671533108 7.599301233887672 56.29572750627995 54.78392071276903 15.57864969223738 27.80150772631168 6.148073501884937 45.46133041381836 1.300236448645592 39.83480608463287 5.036164969205856 3.349179983139038 2.042019501328468 4.012824580073357 0.6624657288193703 11.41092446446419 1250.127278491855 84.82549535483122 0 117.2360396832228 30.86701684445143 241.3560553789139 273.2542982921004 61.65681580454111 39.57214394956827 183.7991023436189 6.264872550964355 16.56052934378386 14.27192846685648 0.4136769324541092 5.2615572437644 5.337590359151363 2.481024295091629 0.173793688416481 2.754429168999195 1.057664260268211 2.276236571371555 4.001241900026798 6.492985434830189 3.095312498509884 6.101601824164391 2923.951870925725 21.88039676100016 0.4618356078863144 20.88305750489235 49.04466180503368 2.797460004687309 1.295013837516308 1.018375754356384 3.118089124560356 1.218869566917419 32.59826627373695 2.293389528989792 8.312314957380295 50.40690819174051 39.95472998172045 3.186138562858105 126.976877130568 89.9826547652483 165.1773918867111 89.47597291320562 0.7450881078839302 0.5141509026288986 0 0 0 0 0 0 0 0 0.131955623626709 0 0.3220015838742256 0.3573070913553238 0.7638731598854065 1.1922302916646 0.123478390276432 0.4024764746427536 0 1.714871481060982 0.2608342096209526 0 0.2974999994039536 0.1828875094652176 35.97677787393332 1.190118968486786 14.73137823492289 1.635804325342178 1.022625088691711 0.4345176666975021 0.3276342079043388 0 0.1146862506866455 0 0.2375264763832092 0.1206922233104706 0.3337757736444473 2.138620644807816 0.09984839707612991 0.5253753066062927 0.1124381572008133 0.1636676341295242 0.8642717376351357 0 0.1129374131560326 0.0914963036775589 0.5560677275061607 2.830083325505257 0.1122093424201012 0 0.4719005897641182 48.51374343037605 0.3339117094874382 0.1888433173298836 0.6112694442272186 0.2528381273150444 0.4359227642416954 0.1762292385101318 0.15586868673563 0.2201893329620361 0.1630430817604065 191.3535574153066 5.065298512578011 0 0.2090110778808594 0.6029311791062355 17.46872316300869 1.332092769443989 17.03122729808092 1.744872026145458 1.326310932636261 1.389330878853798 0.3091231510043144 0.6495408564805984 0.9974971637129784 0.1717636957764626 0.09922410547733307 0.08895814418792725 0.4595980942249298 0.438816100358963 0.1793409287929535 0.9569813832640648 92.38657121360302 8.581043571233749 6.222410373389721 611.4157481715083 73.51566509902477 536.7729041613638 138.5221207812428 152.5247329846025 80.96645008772612 7.07447175681591 267.762665361166 18.28042043745518 1.164334326982498 9.12652225792408 6.174932561814785 6.852183885872364 0.1694239526987076 0.7411869168281555 2.6616141051054 11.48112630099058 0
