0 1690.792627442628 295.2941121831536 73.44056151807308 956.7686042785645 0 147.202238894999 2.58334743976593 73.24276974052191 37.48159615695477 103.2176638618112 0 21.8671986758709 164.673509426415 0.4632172435522079 0.4539329186081886 0 0 0 0 0.07383572310209274 0 0.1408937647938728 0.08602137118577957 0.09325011819601059 0 0 0 0 0 27.58928141742945 0.2819427251815796 0.2707333713769913 0.1401090621948242 0.3391803093254566 0 0 0 0 0 0.1528268456459045 0 0.08815613389015198 0 0 0 2.717475328594446 0.5559948608279228 0.1186016760766506 0.06314633786678314 0.05783793330192566 0 0 0 0 0.05709391459822655 62.70345934852958 343.0408902987838 0.1428098753094673 0.5703133419156075 0.3025379776954651 0.1147974878549576 0.1945906803011894 0.1748303100466728 0.124998677521944 0.05882111936807632 0.11865508928895 0.1746778674423695 0.1511878147721291 0.2137027829885483 1.037447214126587 2.255410879850388 0 4.755909878760576 0.3637021593749523 2.450560852885246 1.368734281510115 1.071410953998566 1.002511106431484 2.351939626038074 0 0.8138467967510223 0.3247784860432148 0 0.06173012033104897 0.07022877782583237 0 0 0 0 0 0 0 0 0.08599452674388885 7.171389624476433 8.172559790313244 0 0 111.6548271588981 0 0 0.604221984744072 0 0 0.3044430837035179 0 3.190160311758518 0 0.1096051335334778 0 0.5599056780338287 0.2143116518855095 0.288158692419529 0 0 0 0 0 0 0 0 0 0 0 0 0 0 0 0 0 0 0 0 0 0 0 0 0 0 0 0 0 0 0 0 0 0 0 0 0 0.4215722680091858 0 0 0 0 0 0 0 0 0 0.1741565316915512 0 0 0 0 0.5203714370727539 0 0 0 0 0 0 0 0 0 0 0 0 0 0 0.5424717962741852 0 0.7295697033405304 0 0.1955971047282219 0 0 0 0 0 0 0 0 0 0 0 0.1034636646509171 0 0 4.214043736457825 1.938973471522331 4.672581363469362 1.543532490730286 26.1725292801857 8.380014959722757 0.05783895775675774 1.055476538836956 0.08185937255620956 0 0 0 0 0.3026072084903717 0 0.1063619181513786 0.08176649361848831 0
1690.792627442628 0 307.6148697286844 28.1623842716217 421.3155863210559 6.114556327462196 412.0797024443746 2.631862640380859 54.60273104906082 340.1513773575425 111.6872876882553 0 51.30506055057049 105.5893078669906 1.245623886585236 0.5311436802148819 0 0 0 0 0.07434407621622086 0 0 0 0 0.08166036754846573 0 0 0 0 367.0319532006979 0.7352084890007973 0 0.08483122289180756 0 0 0 0 0 0 0 0 0 0 0 0.06913483887910843 38.98329373821616 1.825064238160849 0.1586989611387253 0 0.1450800225138664 0 0 0 2.366695050150156 0.5955329835414886 21.17613122612238 602.7526648901403 4.589554131031036 6.499513771384954 0 0 0.1115193068981171 1.581887137144804 1.280491810292006 0.2148754596710205 0.1344281733036041 0.06740384548902512 0 0.07872346788644791 0.136306494474411 4.663122080266476 0 105.7688425779343 4.926556725054979 25.53984395042062 2.502988174557686 0.9781415238976479 0.4288220927119255 0.4106279909610748 0 0.1398546993732452 9.338382884860039 0 0.1280677802860737 0.3661212809383869 0.0687260627746582 0.0553262010216713 0.2095633372664452 0 0.08947136253118515 0.08252335339784622 0 0 0 17.11756952852011 1.538019515573978 0 0 253.6211181655526 0 0 0 0 0 0.6966746002435684 0 2.409226849675179 0 0.1363741159439087 0.7624484822154045 1.447853058576584 0.2770083993673325 0.4451330676674843 0.1014053523540497 0 0 0 0 0 0 0 0 0 0 0 0 0 0 0 0 0 0 0 0 0 0 0 0 0.2074127793312073 0 0 0 0 0 0 0 0 0 0 0 0.2003077417612076 0 0 0 0 0 0 0 0 0 0 0.226498156785965 0 0 0 0 0 0 0 0 0 0 0 0 0 0 0 0 0 0 0.1979387253522873 0 0.7806397080421448 0.556263267993927 0.6014529168605804 0.3621564134955406 0 0 0 0 0 0 0 0 0 0 0 0 0 16.62697270512581 7.307399488985538 67.92557014152408 18.69539343938231 102.7619706764817 106.8230749890208 2.617034241557121 5.255546610802412 0.4571782499551773 0 1.591236710548401 0 0 0 0 0 0 0
295.2941121831536 307.6148697286844 0 1.739397585391998 232.4202480837703 0 74.46746599674225 1016.317160777748 143.504161208868 1.19612567871809 533.8178201839328 0.0859847366809845 13.72082912921906 125.0066351518035 1.422676205635071 6.654909268021584 7.973522119224072 3.786622568964958 0.783703088760376 10.52684899419546 15.47709996625781 0 14.22709373384714 2.419163510203362 0.6445310190320015 0 0.5210732370615005 0 0 0.09685537964105606 2502.78867912665 327.4595854692161 36.87393074482679 9.571583643555641 16.37074794620275 2.539243184030056 0 0 0 1.333334445953369 4.170312404632568 1.773335568606853 1.799217291176319 14.04178639501333 2.644653297960758 70.23269549757242 13.66414824873209 23.41171619668603 14.40096437931061 11.3169989362359 0.07077068835496902 0.855872206389904 0 0.07102029770612717 0.7541566491127014 0.08215585350990295 5.778279073536396 526.3310977853835 1.369038701057434 2.572972744703293 72.97723539173603 9.978228263556957 13.72733300924301 26.97591994702816 0.7657790593802929 3.052461463958025 1.559310633689165 9.241380870342255 2.655156329274178 9.561356239020824 0.152912013232708 78.1454109698534 0 34.28291520103812 3.151787493377924 7.351215451955795 5.103502776473761 10.5091535076499 214.9613949805498 347.1048871129751 52.97253104299307 209.0575017035007 4.021583292633295 0 1.241069413721561 0.1697595566511154 5.867108926177025 0 0.08302596211433411 0 0.2893069088459015 0.7899038940668106 1.040288962423801 2.667356431484222 1.649800330400467 0.5176161453127861 6.93395709246397 2.825124025344849 5.361306428909302 439.0089549198747 0.9352215826511383 0 3.746682524681091 0 0 7.606534510850906 0 24.89912673085928 0 0 2.375250935554504 19.05574255436659 3.674638353288174 6.989955902099609 1.326627135276794 0 0 0 0 0 0 0 0 0 0 0 0 0 0 0 0 0 0 0.1290863752365112 0 0 0 0 0 14.73937201499939 0 14.65110051631927 5.896349549293518 0 0 0 0.06214772537350655 0 0 0 0 3.328351855278015 8.245196461677551 0.4365173578262329 0 0.3255809172987938 0.08273110538721085 0 0 0 0 1.916148632764816 7.985886603593826 0 0 0 28.94340300559998 0 0.2572616636753082 0 0.3091824948787689 0 0 0 0 0 18.85137279331684 33.81926888227463 0 0 0.09825386852025986 41.68962752819061 1.476273417472839 50.89766669273376 4.349888682365417 11.44592654705048 10.68897721171379 0 0 0 0 0.07823298871517181 0 0 0 0 0 0 13.78721818327904 12.49691668152809 5.615820083767176 4.097003266215324 33.06778214871883 5.897151980549097 13.15614459291101 35.13694197684526 0.3445549681782722 1.619030553847551 2.453695744276047 1.378003358840942 6.500497549772263 2.249666690826416 18.62751811742783 4.045157909393311 0 0 2.885994270443916 0
73.44056151807308 28.1623842716217 1.739397585391998 0 2.353779733181 76.44652396440506 58.81089310348034 0 4.287109375 443.8740976452827 0.07358740270137787 32.11935913562775 609.9764244928956 0 0.4836115688085556 0.07953719049692154 0.1066931560635567 0 0 0 0 0 0 0 0 0 0 0 0 0 32.77256163954735 0.1724003478884697 0 0 0 0 0 0 0 0 0 0 0 0 0 0 14.62932233884931 2.013344451785088 0.09044495970010757 0 0 0 0 0 0.3643398731946945 0.1265186555683613 8.006946071982384 85.91448360681534 1.533220395445824 3.554650872945786 0 0 0 0.4629790335893631 0.696212362498045 0.08320930600166321 0.304439514875412 0.06244093552231789 0 0 0 0 0 36.24268438667059 1.849667087197304 11.04047362133861 1.09748962149024 0 0.06051317229866982 0 0 0 3.562983274459839 0 0.1169422157108784 0.1762084849178791 0 0 0.177281629294157 0 0.07696495205163956 0 0 0 0 233.3029389604926 0 0 0 15.90065969526768 0 0 0 0 0 0.4891626611351967 0 5.453381665050983 0 0 0.3042874932289124 1.946583814918995 0 0.1346572637557983 0 0 0 0 0 0 0 0 0 0 0 0 0 0 0 0 0 0 0 0 0 0 0 0 0 0 0 0.5208827257156372 0 0 0 0 0 0 0 0 0 0 0 0 0 0 0 0 0 0 0 0 0 0 0 0 0.9424179792404175 0 0 0 0 0 0 0 0 0 0 0 0 0 0 0.7170054316520691 0 0 0 0.413126677274704 0 0 0 0 0 0 0 0 0 0 0 0 0 0 5.023480981588364 4.448487684130669 22.66154476627707 8.218449521809816 227.722340285778 32.59934863820672 0.4777823314070702 1.419335268437862 0 0 0 0.3467574715614319 0 0 0 0 0 0
956.7686042785645 421.3155863210559 232.4202480837703 2.353779733181 0 1.803847275674343 1164.293150048703 4.90861564129591 1593.465579826385 287.7870073728263 74.53431172668934 14.64443988353014 265.2020217403769 808.388151049614 13.87132076174021 15.68256855756044 0.1785445511341095 0.4466787278652191 0 0 0.2129575163125992 0 0 0 0 0.3728092536330223 0.08036129921674728 0.2036329247057438 0 0 349.0718322470784 17.72575514018536 0.0695120245218277 0.1226170286536217 0.08869341015815735 0 0.4794270992279053 0.1107014641165733 0.3020972236990929 0 0.7426499128341675 1.317390635609627 0 2.087265968322754 0 0.06618707627058029 161.5739943534136 8.287035074084997 0.4626516774296761 0.08410251885652542 1.123864412307739 0.2682105675339699 0 1.137186236679554 3.839047078043222 1.807230468839407 47.30725535005331 357.9361047074199 7.420433446764946 30.61118080839515 0.0843619629740715 0 0 20.36952612921596 7.165279977023602 0.6196466609835625 2.15494017675519 1.032204337418079 0.07736899703741074 0.1975306272506714 5.323448896408081 167.6405891403556 0 196.2967421784997 17.87655299529433 125.6330789737403 66.09065652638674 38.35856073349714 0.2818241268396378 0.08775962889194489 0.3574611842632294 0 27.1338453181088 0 1.740867748856544 1.466938458383083 0.7598308920860291 0.2605197988450527 0.3566873818635941 0.08513692766427994 0.2690669298171997 0.06468333303928375 0.59641233086586 0.4751080572605133 1.095643751323223 442.8662271648645 43.06802267581224 0 0.6496332362294197 43.4306733943522 1.019294023513794 0 22.36560817807913 0 0.4461715221405029 68.90086963027716 0 230.1717580854893 3.228076249361038 7.363340973854065 7.169409364461899 89.47457835823298 16.09317097812891 28.82880856096745 4.545689046382904 0.1050802916288376 0 0 0 0 0 0 0 0 0 0.09493634849786758 0 0 0 0 0 0 0 0 0 0 0 0 0 5.497771501541138 1.216674745082855 2.52656689286232 0.8991670683026314 0 0 0 0.1020765900611877 0 0 0 0 2.110326685011387 3.93505547940731 0.06736056506633759 0 0 0 0 0 0.2076065391302109 0 1.8045524507761 10.37211466580629 0 0 0 18.76879490166903 0 0.8173888549208641 0.4533970132470131 0 0 0.1513466238975525 0.08349543809890747 0 0 14.62640252709389 18.0447516515851 0 0 0 39.61635269969702 5.846568524837494 36.14129839092493 16.66791001707315 26.02867808938026 14.53616197407246 0 0 0 0 0 0 0 0 0 0 4.929506577551365 6.158229008316994 2.939476490020752 248.9119748547673 101.7933240793645 274.4728771187365 113.949000056833 187.644482832402 201.5342282429338 4.311424359679222 55.97330248728395 4.6691734790802 1.642540663480759 8.226335950195789 5.789186842739582 15.88850675523281 7.252879180014133 0.1490360349416733 1.546055182814598 9.788108795881271 0
0 6.114556327462196 0 76.44652396440506 1.803847275674343 0 112.4851631075144 0 0 52.32162415236235 0 0.5783211588859558 8.442084230482578 0.7512504979968071 0 0 0 0 0 0 0 0 0 0 0 0 0 0 0 0 0 0 0 0 0 0 0.3134061098098755 0 0.774118959903717 0 0 0 0 0 0 0 0 0 0 0 0 0 0.5748077630996704 0 0 0 98.58942827582359 55.32151544094086 0 0 0 0 0 0 0 0 0 0 0 0 12.29217554628849 3.256149053573608 0 0 0 0 0 0 0 0 0 0 0 0 0 0 0 0.2261565923690796 0.1228011101484299 0.355302095413208 0 0 0 0 0 14.38832712173462 3.347746834158897 1.729276537895203 1.805812954902649 143.755185842514 0 0 0 0 0 0 0 0 0 0 0 0 0 0 0 0 0 0 0 0 0 0 0 0 0 0 0 0 0 0 0 0 0 0 0 0 0 0 0 0 0 0 0 0 0 0 0 0 0 0 0 0 0 0 0 0 0 0 0 0 0 0 0 0 0 0 0 0 0 0 0 0 0 0 0 0 0 0 0 0 0 0 0 0 0 0 0 0 0 0 0 0 0 0 0 0 0 0 0 0 0.196423664689064 0.443342000246048 0 0 22.40130266547203 0.0979512557387352 0.098441481590271 0 0 0 0 0 0 0 0 0 0 0
147.202238894999 412.0797024443746 74.46746599674225 58.81089310348034 1164.293150048703 112.4851631075144 0 6.435702070593834 335.1443946659565 2082.506033241749 91.07614406570792 86.13911030814052 3428.539173662663 596.3888905867934 23.13933536410332 34.9354203119874 0.3556064739823341 0.09099524468183517 0 0.6084279492497444 2.342786252498627 0.2099381983280182 1.261840015649796 0.3731550350785255 0 0.4178051874041557 0.2352999895811081 0.9756172746419907 0.08490010350942612 0.393422469496727 230.9329355172813 15.02554179728031 0 0.67341248691082 1.9314004778862 0 0 0 0.4135061427950859 0.1529742553830147 1.442186646163464 2.019481286406517 0.09135054796934128 5.185835503041744 0 0.4431209489703178 197.7845412902534 13.30790225416422 0.6056767143309116 0.08382546156644821 0.6697421371936798 0.2797978892922401 0 0.1265198290348053 6.411247760057449 2.984751682728529 67.3127759359777 349.6560148075223 10.08925817161798 40.72923386469483 0.2221691831946373 0 0.2171897813677788 16.78180491924286 8.377935145050287 0.9801229313015938 3.133292846381664 1.496532067656517 0.152434915304184 0.6304687559604645 4.453920491039753 162.5294476374984 0 264.3702363334596 16.42508393526077 151.9725260473788 81.72541192546487 63.28519792854786 0.1474176831543446 0 0.3824257180094719 0.1616201102733612 34.09058896452188 0.05898037925362587 2.290313109755516 3.42996409907937 1.378689132630825 0.2081236615777016 1.135136991739273 0.4450477734208107 0.7216449230909348 0 0.2150514349341393 0.9425791651010513 1.152378253638744 2656.213824130595 74.88887487351894 0 1.263029828667641 30.1676382869482 3.116757914423943 0 47.15550761669874 0.4351232647895813 0.8266478851437569 134.0971278697252 0.2092404812574387 463.7480355426669 5.736213758587837 17.80879614502192 14.74493539333344 189.3790998160839 26.46287476271391 54.45311465859413 8.940911404788494 1.352548249065876 0 0 0 0 0 0 0 0 0 0.1785264387726784 0 0 0 0 0 0 0 0 0 0 0 0 0 6.005158387124538 1.508815705776215 2.991898715496063 1.487517811357975 0.2670324742794037 0.2706386148929596 0 0 0 0 0 0 4.841474406421185 9.839543350040913 0.2745028585195541 0 0.161351203918457 0 0 0 0.4248062074184418 0.07275587320327759 2.033174194395542 13.89722085744143 0.2739607691764832 0 0 38.60604912787676 0 1.22469612210989 0.0947435274720192 0 0.2129748538136482 0 0 0 0 12.24446034431458 14.33297266811132 0 0.06957308202981949 0.1671068668365479 59.8452947884798 7.480560801923275 56.52404428273439 23.7886408790946 43.04028524458408 19.95435530692339 1.05499017983675 0.3553665280342102 0.09031078964471817 0 0 0 0.1433970257639885 0 0 0 25.3466285392642 11.77500361204147 3.634407848119736 289.5261510945857 122.6523513421416 343.7746494784951 152.508063390851 591.2599345520139 254.4856937453151 7.432043075561523 81.91055515781045 13.25566481798887 3.089751340448856 16.00091179460287 5.336450777947903 30.97856242209673 7.896031580865383 0.517184741795063 3.825104385614395 1.25494197756052 0
2.58334743976593 2.631862640380859 1016.317160777748 0 4.90861564129591 0 6.435702070593834 0 38.63581010699272 0 353.4517924487591 0 13.12345370650291 141.4156481847167 0.7247295677661896 3.373737834393978 27.60424976795912 13.276118285954 0.299143023788929 48.08568495512009 45.07111999392509 0 24.87911192327738 2.763929940760136 1.93379207700491 0.09473654627799988 0.9134264066815376 0 0.1583419293165207 0.1569772660732269 1134.298105854541 1653.166613951325 52.42846980690956 19.18764651566744 23.06106170266867 8.966867119073868 0 0 0.2954568266868591 0.1432519853115082 11.06033183634281 4.691549092531204 10.91355926543474 25.99145554751158 8.367087885737419 431.2290583252907 8.183603636920452 78.92303337156773 68.7871816419065 47.51747030764818 1.283743128180504 2.479748249053955 0 0.09402298182249069 0.08667122572660446 0.06022149324417114 2.287587981671095 86.9991197809577 0.729026660323143 1.298808716237545 533.8307807594538 39.17861829698086 56.18726414442062 222.7980474084616 2.717357784509659 12.21638824790716 3.859297942370176 35.9822483509779 9.46102000772953 42.59844163060188 0 0.185650110244751 0 13.92220827192068 10.03543698787689 5.887249570339918 27.64409980922937 811.2711307555437 1045.252602696419 1935.839124195278 474.4813550785184 1771.032962501049 1.776275895535946 0 4.926252625882626 0.3286330290138721 19.55535525456071 0.1585520505905151 0.0848165825009346 0 0.5976312160491943 1.252923406660557 3.537214547395706 7.195357099175453 6.135907098650932 0.5356915444135666 0.3701123371720314 0 0 3.36772807687521 0 0 0 0 0 0 0 0 0 0 0 0 0 0 0 0 0 0 0 0 0 0 0 0 0 0 0 0.09238918125629425 0 0 0 0.1923568397760391 0.143523707985878 0.1812722161412239 0 0 0 0 0 0 0 0.09389986097812653 0 0.2788348123431206 0 0.08836272358894348 0.1070065125823021 0 0 0 0 0 0 0 0.07870303839445114 0.4536045119166374 0 0 0 0 0 0 0 0 0 0 0 0 0 0 0 0 0.3289353549480438 0 0 0.407524585723877 0 0.1091700121760368 0 0.2684541717171669 0.634968101978302 0 0 0 0 0 0 0 0 0 0 0.07240354269742966 0 0 0.2918360158801079 0 0 0 0 0 15.4132326617837 7.516570918262005 48.62268446758389 5.858957886695862 3.716534618288279 7.312212962657213 0.1922598481178284 1.06759312748909 0 0 0 0 0 0 0 0 0 0
73.24276974052191 54.60273104906082 143.504161208868 4.287109375 1593.465579826385 0 335.1443946659565 38.63581010699272 0 51.46295317262411 445.3369645550847 7.314107961952686 401.2358434870839 1489.643037825823 11.9414240270853 30.81178590655327 0.4501002281904221 0.1021994724869728 0 0.3152686879038811 1.965358808636665 0.2519727349281311 1.088373638689518 0.3705856651067734 0 0.3236113712191582 0.3098551630973816 0.3118711188435555 0.1646739095449448 0.1023382544517517 123.2901058122516 21.14733879268169 0.06647570431232452 0.7713069319725037 1.438022829592228 0.22055334597826 0.2028368636965752 0 0 0.07652675360441208 0.2426975667476654 1.833142392337322 0.2416527792811394 6.594131805002689 0.2874303162097931 0.8153708577156067 89.82428494095802 5.48983009532094 0.8471544235944748 0.5716875940561295 0.3693478405475616 0.2565357759594917 0 0.3663805723190308 2.693687472492456 1.316706836223602 15.2071831934154 81.27205685526133 2.584113940596581 10.62902274727821 0.9014275372028351 0.1611851304769516 0.3249633088707924 20.21967896074057 3.946861781179905 0.9501752629876137 1.020052324980497 1.691432006657124 0.3255198001861572 1.28048761934042 12.68730086088181 119.7749923840165 0 61.44197667017579 6.652772281318903 66.125462859869 68.22731561213732 70.70540170371532 0.8437632098793983 4.107956178486347 0.8501401394605637 0.6584858074784279 10.6220672801137 0 1.154344126582146 1.551862180233002 0.98227509111166 0 0.7308884859085083 0 0.06994917243719101 0.1731067299842834 0 0.4330861195921898 0.8390108719468117 394.2896217033267 46.88039390742779 0 0.7162069380283356 7.236735418438911 1.463570296764374 0 10.30140691995621 0.2500944435596466 0.1154050454497337 45.67413913458586 0 141.6371835097671 1.967165663838387 3.887193322181702 3.10465944558382 54.8914362937212 7.961310766637325 19.97038431465626 3.181600980460644 0.6968118250370026 0 0 0 0 0 0 0 0 0 0 0 0 0 0 0 0 0 0 0.09982145577669144 0 0 0 0 3.818037092685699 0 1.476072803139687 0.9705433249473572 0 0 0 0 0 0 0 0 2.185626246035099 4.918700695037842 0 0 0.1883943527936935 0 0 0 0.3128861784934998 0 0.4797733500599861 5.774242371320724 0 0 0 11.23136894404888 0 0.6259570568799973 0.3449805974960327 0.0799558088183403 0 0 0 0 0 4.594964019954205 5.91835955530405 0.104853130877018 0 0.196576327085495 27.83899165689945 1.371320396661758 13.45913706719875 15.35062261670828 20.09501622617245 10.64450163394213 0.548298105597496 0 0.08832455426454544 0 0 0 0 0 0 0 7.033448874950409 1.846069626510143 0 279.3881416358054 67.44585959240794 196.0260882489383 110.3532222732902 91.34158408641815 100.0615188218653 2.737634763121605 72.3286514095962 4.54710341989994 0.6121051982045174 10.16230599582195 1.872693181037903 12.25966960191727 4.182204633951187 1.692186892032623 2.8255455493927 13.55394653230906 0
37.48159615695477 340.1513773575425 1.19612567871809 443.8740976452827 287.7870073728263 52.32162415236235 2082.506033241749 0 51.46295317262411 0 1.093415725976229 29.67492310702801 1588.673368580639 11.50011747330427 0.7099092081189156 0.1675390675663948 0.06805051118135452 0 0 0 0 0 0 0 0 0.07260318100452423 0 0 0 0 48.13775049895048 0.08780877292156219 0 0 0 0 0 0 0 0 0 0 0 0.1240094900131226 0 0 26.93538245558739 1.364486992359161 0 0 0.1534055024385452 0 0 0 1.075552269816399 0.4806772395968437 23.2751561626792 381.9166949316859 4.350799150764942 5.367197707295418 0 0 0 0.261216014623642 1.077138487249613 0.2067075148224831 0.4629766717553139 0.1056429147720337 0.06976291537284851 0 0 4.36730532348156 0 87.98026634007692 2.347636878490448 15.33923484012485 1.323990628123283 0.4954080209136009 0 0 0 0 7.681157540529966 0 0.4037888497114182 0.4339230172336102 0.06527635455131531 0 0.06241676211357117 0 0 0 0 0.08648794144392014 0 665.471991635859 3.332690805196762 0 0 68.5918135792017 0 0 8.42680262029171 0 0 35.36297699809074 0.3890874087810516 112.9701392278075 1.847409181296825 4.829226896166801 2.103092893958092 30.39068858325481 3.418250650167465 7.176567941904068 0.5415241420269012 0 0 0 0 0 0 0 0 0 0 0 0 0 0 0 0 0 0 0 0.3236891031265259 0 0 0 0 0 0 0 0 0 0 0 0 0 0 0 0 0.0854727029800415 2.510361135005951 0 0 0 0 0 0.0767965167760849 0 0.08623676002025604 0 2.640071675181389 0 0 0 2.127648144960403 0 0.2887977957725525 0 0 0 0 0 0 0 1.784441202878952 0.6994049698114395 0 0 0 3.850725844502449 1.341167941689491 7.343291930854321 2.311168506741524 5.151798695325851 2.830061033368111 0.3323825299739838 0 0 0 0 0 0.06194651126861572 0 0 0 11.62163683772087 0.6486043930053711 0 8.36016970872879 7.748521748930216 52.83743507415056 14.60176681727171 239.1491758711636 116.968565415591 2.908012188971043 2.575567498803139 3.631139807403088 0 3.453074783086777 0.6321402415633202 3.848013371229172 1.354273617267609 0 0 0 0
103.2176638618112 111.6872876882553 533.8178201839328 0.07358740270137787 74.53431172668934 0 91.07614406570792 353.4517924487591 445.3369645550847 1.093415725976229 0 0.8645162284374237 337.4258575439453 2454.990011774004 22.71115276217461 59.7650445997715 3.311465747654438 1.899566143751144 0.4020367860794067 3.946485683321953 13.57251285761595 0 16.71799214929342 2.697851628065109 0.2783607691526413 0.6843536347150803 1.590162433683872 0.5307464227080345 0.3828272223472595 0.6516786515712738 409.4447617083788 62.47279375046492 15.789227232337 8.809043020009995 20.41977620869875 2.604599885642529 4.24414798617363 1.156042098999023 0 0 3.814038477838039 2.261103048920631 1.330797895789146 9.248877421021461 2.127756744623184 11.76402673125267 165.2446032501757 17.04973942786455 6.960080750286579 4.385202996432781 1.128023751080036 0.5015941336750984 0.07474502176046371 0.4807362928986549 4.947200175374746 2.759046047925949 31.14311536774039 189.3560024648905 5.736902549862862 22.45965099707246 16.34718266874552 4.031045347452164 14.84418347477913 50.98923607170582 5.60135680809617 2.182334654033184 1.959074880927801 6.273065980523825 1.423657990992069 7.44379547983408 9.126250974833965 45.11156076937914 0 137.7705793604255 16.07799487188458 127.8608842641115 120.4005849398673 129.8672242127359 57.31670863181353 115.7261226251721 6.086307309567928 31.14678838849068 21.83855653181672 0 1.361163519322872 1.908522460609674 3.535121876746416 0 0.8744891434907913 0.1998940855264664 0.09541335701942444 0.2354344129562378 0.3424637019634247 2.180073879659176 2.239715568721294 48.53581797331572 14.46458666026592 0 0 15.2519618421793 0.9616851061582565 0 2.005387924611568 0 0.4304321110248566 11.60496599972248 0 28.66401787102222 0.3516309931874275 1.325646385550499 1.755419075489044 14.53609649091959 2.345609873533249 7.233649224042892 0.7283779755234718 0.2337938547134399 0 0 0 0 0 0 0 0 0 0 0 0 0.1205762848258018 0 0 0 0 0 0 0 0 0 0 1.646078497171402 0 2.015583992004395 0.5441092401742935 0 0 0 0 0 0 0 0 0.177186444401741 0.7252888232469559 0 0 0 0 0 0 0 0 0.6534265875816345 2.042728453874588 0 0 0 5.523451209068298 0 0.1079940423369408 0 0 0 0 0 0 0 3.454765319824219 3.019979700446129 0 0 0.2058925852179527 5.03513253480196 0.5570655316114426 7.22853247821331 1.741310857236385 4.03439661860466 1.827038884162903 0 0 0 0 0 0 0.07562369108200073 0 0 0 0.8552350103855133 1.676082968711853 0.1817599534988403 316.325385350734 97.5492729768157 291.7859139665961 136.7815675809979 114.0363987386227 153.3650548383594 5.680866535753012 73.58480777218938 1.385061554610729 0.4657368287444115 3.225904151797295 0.4139021039009094 4.244023144245148 0.4623748362064362 0 0.1739839315414429 0.3484665900468826 0.106541134417057
0 0 0.0859847366809845 32.11935913562775 14.64443988353014 0.5783211588859558 86.13911030814052 0 7.314107961952686 29.67492310702801 0.8645162284374237 0 555.4191581383348 1.346067309379578 5.664513133466244 20.3433465436101 0.4855435267090797 0 0 0.1885281950235367 3.220866322517395 0 2.403005287051201 0.9131061434745789 0.1887561827898026 0 0.6228631362318993 0.2381922006607056 0 0.1960647255182266 0.5988282188773155 0.07110075652599335 0 1.001916997134686 3.866440795361996 0.7365577518939972 5.204042196273804 0.6108738780021667 0 1.194251216948032 0.3467397317290306 0.09835388511419296 0.09304095059633255 2.62128371745348 0 0.4153562411665916 12.11406547948718 0.6317353285849094 0.1475987136363983 0.3697492778301239 0.07461327314376831 0 0 0.1341149359941483 0.3993978425860405 0.2537192665040493 0.6750565320253372 0.4222978353500366 0.1075599640607834 0.489649124443531 0.2717545107007027 0 0 1.110132198780775 0.6711322925984859 0.1360189691185951 0.1334787234663963 0.3675482273101807 0.267906628549099 0.5474566370248795 1.175052836537361 28.4204042032361 0 2.432494062930346 0.1327126324176788 6.911377120763063 14.93687657266855 16.71805032715201 0.1514237895607948 0 0.2471107393503189 0 1.095473293215036 0 0.06081147491931915 0.1265244036912918 0.09101012349128723 0.06643754988908768 0.2257698178291321 0 0 0 0.09340803325176239 0.1469543129205704 0.3020141124725342 635.8325338587165 49.86157841980457 0 0 0.1037662029266357 0 0 1.556683339178562 0 0 7.35087713599205 0 25.28839007765055 0.6356455534696579 0.4570026099681854 1.579772472381592 10.42172908037901 1.453636668622494 3.970192298293114 0.3604541718959808 0 0 0 0 0 0 0 0 0 0 0.07744616270065308 0 0 0 0 0 0.1368510723114014 0 0 0 0 0 0 0 0.212627187371254 0 0 0.1243981420993805 0 0 0 0 0 0 0 0 0.0888836607336998 0.1221273615956306 0 0 0 0 0 0 0.1144697815179825 0 0.09410098940134048 1.156666338443756 0 0 0 0.4095557034015656 0 0 0.08067870140075684 0 0 0 0 0 0 0.4604678452014923 1.133531972765923 0 0 0 2.626010715961456 0.3636354506015778 1.206975072622299 1.087457276880741 2.36539101600647 1.727890059351921 0 0 0 0 0 0 0 0 0 0 2.723879113793373 0 0 68.50695184245706 9.471912525594234 31.59110717475414 18.68779715895653 5.962618470191956 10.69858209043741 0.3860861249268055 24.69194979220629 0.6582136750221252 0 0.6255140751600266 0.1271173655986786 1.719079479575157 0.2315178364515305 0 0.1279726475477219 0.2683636248111725 0
21.8671986758709 51.30506055057049 13.72082912921906 609.9764244928956 265.2020217403769 8.442084230482578 3428.539173662663 13.12345370650291 401.2358434870839 1588.673368580639 337.4258575439453 555.4191581383348 0 564.9307055398822 59.09762202203274 222.5389723703265 7.340672980993986 1.945056051015854 0.1160859689116478 1.28617387264967 48.58999387174845 0.09621947258710861 37.31318157166243 13.38943082839251 7.238912962377071 3.297500044107437 18.87357688695192 0.9906415790319443 0.3402658402919769 3.556646853685379 38.6674562394619 12.03519485145807 525.6212740167975 18.09997857362032 80.21494207531214 31.21692702174187 185.7808375954628 24.35829804092646 2.462973050773144 24.46624768525362 9.168291866779327 3.869246810674667 1.036679320037365 36.64017073065042 0.863190159201622 1.486624822020531 121.4365465380251 12.85921466350555 4.935183342546225 3.048913106322289 0.308362677693367 1.256045237183571 0.09613367170095444 0.9760911166667938 3.607691157609224 1.994358368217945 8.56064511090517 32.91204971075058 2.527205429971218 8.200319297611713 1.997952848672867 6.341645494103432 2.499448321759701 14.28020772337914 7.992698844522238 1.580476772040129 3.566614165902138 5.916293509304523 1.838953033089638 7.012496016919613 124.6276001036167 132.6160898208618 0 36.89477960392833 5.804322604089975 80.91859383508563 153.6821164637804 210.8457118868828 1.744210444390774 25.4293881803751 2.341094844043255 4.55829805880785 15.0189009308815 0 1.562307257205248 1.619060449302197 3.097795628011227 0.1078486889600754 0.3575835600495338 0.07010472565889359 0.3401653692126274 0.5130452439188957 1.283703006803989 3.22388619184494 2.374250963330269 4055.5036848858 139.764768704772 0 14.6351551041007 4.070522300899029 0.2768426239490509 0 14.94343128800392 0 0.3090069442987442 43.79178141057491 0 154.2915023714304 2.519236624240875 3.491477318108082 5.521764412522316 66.13516984879971 12.70222710072994 25.19379138946533 5.097478851675987 0 0 0 0 0 0 0 0 0 0 0.1845503225922585 0 0.1242019683122635 0 0.1647288948297501 0 0 0 0 0 0 0 0 0 2.255743727087975 0.1125175803899765 0.4517297148704529 2.308527663350105 0.5407035946846008 0 0 0 0 0 0 0 1.283284641802311 2.828942999243736 0 0 0.8856325373053551 0.1175538301467896 0.4002393931150436 0 0 0.06964313238859177 1.282550312578678 3.589982114732265 0 0 0 9.047402776777744 0 0.1834938377141953 0.2390448600053787 0 0 0 0 0 0 5.402554422616959 8.41853903234005 0.09929502755403519 0.2488339766860008 0.2589315325021744 18.31342668831348 1.444123454391956 16.13701116293669 7.228856056928635 15.32222377508879 3.805174320936203 0.2011550962924957 0 0.119651086628437 0 0 0 0 0.1608541384339333 0 0 11.11414539813995 4.715952835977077 0.8196548521518707 411.2692649140954 127.4829586930573 311.4352664165199 153.8315625339746 83.13469179719687 113.1398531273007 6.784788429737091 181.2660759054124 4.965628743171692 0.3545963987708092 6.159118019044399 1.346307553350925 9.440165817737579 1.378375366330147 0.5064720064401627 0.8836333304643631 1.550089627504349 0
164.673509426415 105.5893078669906 125.0066351518035 0 808.388151049614 0.7512504979968071 596.3888905867934 141.4156481847167 1489.643037825823 11.50011747330427 2454.990011774004 1.346067309379578 564.9307055398822 0 38.707470305264 140.333477832377 6.503764525055885 2.023063085973263 0 7.102038003504276 71.82735322415829 0 63.55473920702934 14.45357113331556 5.713541060686111 2.768791411072016 23.79549249261618 0.7611803263425827 0.1619229167699814 3.34229151904583 173.250453338027 23.73587413877249 276.6720306500793 25.90705036371946 95.46502812206745 25.14038415253162 74.98173098266125 15.70386401563883 2.6121676415205 6.577264554798603 14.09493427723646 4.081303827464581 2.113217629492283 28.08699323982 1.2239845469594 11.14103637635708 121.0687741190195 24.24248944222927 9.404971715062857 6.021764367818832 0.7527704462409019 1.430717870593071 0 0.1002370566129684 3.358208145946264 1.232609175145626 17.59804046526551 120.3457933589816 2.215795785188675 12.13681273907423 14.32957796752453 6.119929380714893 19.92838681489229 32.77874805778265 4.750912696123123 3.983283132314682 3.166766982525587 11.26628343015909 4.58770727366209 14.30009164661169 31.49219582974911 39.65169189125299 0 71.71826755255461 10.97964219376445 88.87555110454559 131.9356084018946 157.5633469633758 20.7282816618681 45.97016965597868 1.734582379460335 11.69927238672972 13.67427381128073 0 2.587998513132334 1.767847452312708 6.173535540699959 0.2023163512349129 0.6632451564073563 0.2780149579048157 0.2392084002494812 1.015543460845947 1.892988979816437 5.262914478778839 2.567784577608109 226.6018876209855 27.47561733424664 0 3.070225931704044 15.15875390172005 0.1688332557678223 0 0.9246677607297897 0 0 6.778262697160244 0 25.61403002589941 0.09390126168727875 0.1090244799852371 0.2634086981415749 9.731272704899311 1.08374984562397 6.201942898333073 0.6787060052156448 0 0 0 0 0 0 0 0 0 0 0 0 0.07804370671510696 0 0.0864156186580658 0 0.07804405689239502 0 0 0 0 0 0 0 1.368605673313141 0 0.1332542896270752 0 0 0 0.08800818771123886 0 0 0 0 0 0 1.534845799207687 0 0.0900098904967308 0.3551577031612396 0 0.2461284399032593 0 0 0 0.1928004771471024 1.086977675557137 0 0 0 1.476805225014687 0 0 0 0 0 0 0 0 0.2999143078923225 1.771508231759071 0.70866359770298 0 0.07705340534448624 0.5429249331355095 5.54631495475769 0.6160626113414764 1.314470931887627 2.667500555515289 2.658987656235695 1.189064666628838 0.5415050983428955 0 0.07578558474779129 0 0 0 0 0.1501990109682083 0 0 1.543672025203705 0.5988621935248375 0.1067056953907013 410.3427619375288 79.06730775162578 319.9410430490971 139.3526608906686 91.29132825136185 124.7940309755504 3.559672400355339 142.7210760340095 2.22487199306488 0.5656081959605217 2.304613493382931 0.2991785109043121 2.248103827238083 0.3481653928756714 0 0.1348121613264084 1.534235678613186 0
0.4632172435522079 1.245623886585236 1.422676205635071 0.4836115688085556 13.87132076174021 0 23.13933536410332 0.7247295677661896 11.9414240270853 0.7099092081189156 22.71115276217461 5.664513133466244 59.09762202203274 38.707470305264 0 321.8559321686625 668.6728751137853 0.4477688893675804 34.52642401307821 0.7749648690223694 2.195016749203205 0 0.8890417516231537 0.1022030562162399 8.199613884091377 0.1139325425028801 1.268957205116749 0 1.42655885964632 0 1.669582471251488 0.284872442483902 36.49647256359458 3.459013044834137 3.090918563306332 8.289423570036888 28.27015910297632 35.42815387994051 15.60881561785936 23.18558073788881 1.175267897546291 0.3875194266438484 0.2881391644477844 113.89020036906 57.87075712531805 42.04613906890154 172.9978161714971 11.60817227512598 21.32622234895825 3.6263637393713 0.1183204799890518 0.143068328499794 1.731372244656086 0 1.830918960273266 0.2026528865098953 2.958472788333893 1.375144816935062 5.892090767621994 73.8672402203083 4.35763143748045 0.2617982923984528 0.7477496936917305 1.392400965094566 0.5393853932619095 0.6901707723736763 0.558915875852108 1.866882093250751 0.1610488221049309 0.9079877808690071 58.56189889460802 1.991036504507065 0 164.2658845894039 1.413275957107544 811.9264899529517 140.4008230268955 86.04815523326397 3.681865058839321 16.03085938096046 10.97520177811384 4.092086367309093 8.337171733379364 0 0.1492737345397472 0.2669162899255753 1.849378116428852 0 0 0 0 0.1062138900160789 0.1752157881855965 0.767357736825943 0.2291818410158157 2.341083027422428 1.86667525023222 0 6.959999032318592 0.2251026928424835 0 0 0 0 0 0.2107953131198883 0 1.377276457846165 0 0 0 0 0 0.1163714155554771 0 0 0 0 0 0 0 0 0 0 0 0 0 1.007218219339848 0 0 0 0.5856509581208229 0 0 0 0 0 0 0 1.04070707410574 0 0.1717238128185272 0.5810139402747154 0.3805618807673454 0 0 0 0 0 0 0 0 0.3902585506439209 0 0 0.08093909174203873 0.1705818399786949 0 0 0 0 0 0 0 0 0 0 0 0 0 0 0 0 0 0 0 0.5590329319238663 0.4801560640335083 0 0 0.08548244088888168 0 0 0.1308006197214127 0.4717991650104523 0 0 0 0 0 0 0 0 0 0 0 0 0 0.2212469950318336 2.105110973119736 6.081395339220762 4.555398482829332 147.5280931740999 14.09156800806522 1.010276190936565 8.211415249854326 0 4.407212249934673 0 0 0.07811516523361206 0 0.344975471496582 0 0 0 0 0
0.4539329186081886 0.5311436802148819 6.654909268021584 0.07953719049692154 15.68256855756044 0 34.9354203119874 3.373737834393978 30.81178590655327 0.1675390675663948 59.7650445997715 20.3433465436101 222.5389723703265 140.333477832377 321.8559321686625 0 2382.400175426155 33.66632881760597 171.0856541544199 23.9994830712676 2.839491210877895 0 3.16629446297884 0.3380710855126381 14.35178823024035 0.3197197988629341 1.96124430000782 0 2.250654451549053 0.4302935153245926 6.213094815611839 2.062035761773586 148.3772899806499 13.76734122633934 2.308813624083996 33.07504739612341 118.6821300089359 107.1606228649616 55.70350580662489 89.86238843202591 2.458303689956665 3.888293236494064 3.361507743597031 1903.881402425468 637.1827052682638 484.8280525505543 230.4073484651744 175.4997499659657 401.0680783800781 102.9329427629709 1.051643043756485 1.641455136239529 8.732598140835762 0.1728620529174805 0.3402154445648193 0.0787995308637619 0.9037687182426453 4.14487898349762 0.3181320577859879 6.669670935720205 26.6432368978858 1.351013384759426 0.7261362671852112 4.172113507986069 3.407169781625271 7.877084001898766 3.232698328793049 23.57309392467141 3.625317834317684 13.30975160002708 197.420820787549 2.521279715001583 0 11.66326423361897 1.745210412889719 1572.997465290129 501.7287289611995 1104.166040271521 166.1285957917571 53.16515977680683 152.1008733734488 10.47505099326372 4.154788982123137 0 2.650909479707479 0.5088897161185741 23.41382867842913 0.1793992295861244 0.4705749228596687 0.2487058565020561 2.51961013674736 1.023176170885563 1.459942907094955 6.27091321349144 3.36518470197916 5.544630356132984 3.711975820362568 0 20.64271777123213 0.06779064983129501 0 0 0 0 0 0 0 0 0 0 0 0.07716677337884903 0 0.3448824286460876 0 0 0 0 0 0 0 0 0 0 0 0.1150244921445847 0 0.19947449862957 0 1.045816697180271 0 1.012209564447403 0.1144541352987289 0.4829002320766449 0 0 0.1109919548034668 0 0.1656714230775833 0.4925870671868324 0 0.7815501093864441 1.463755548000336 0.4980680719017982 0 0 0 0 0 0 0 0 0 0 0.08714860677719116 0.1148573607206345 0.3358025699853897 0 0 0 0 0 0 0 0 1.465710163116455 0 0 0 0 0 0 0 0 0 0 0 0.6529619768261909 0.1979768872261047 0.5018796995282173 0.3156999200582504 0 0 0 0.3747301921248436 0.1046998128294945 0 0 0 0 0 0 0 0.1787868812680244 0 0.1222942396998405 0.2203524112701416 0 0.4121328964829445 0.896378867328167 45.6047557592392 13.85027299076319 538.5341926850379 47.86324040964246 4.674282260239124 9.223576340824366 0.5203563868999481 11.00141096115112 0.2223520129919052 0 0.3099213652312756 0 0.6399690210819244 0.1245185434818268 0 0.08185563981533051 0.1108872815966606 0
