0 2766.330460295081 803.4803679361939 1369.609019674361 1739.097925513983 105.0245551764965 1195.03678227216 109.9628825411201 521.3634162396193 1134.615916974843 557.0452831462026 102.3474761918187 239.446021206677 292.5201214402914 11.99945783615112 1.25983303040266 0.1312703788280487 0 0.1014499068260193 0.1181848272681236 0.1085622683167458 0 0.1052998378872871 0.1316961050033569 0.09847015887498856 0 0 0 0 0 309.5088798701763 8.936230421066284 28.19190208613873 0 0 0.1041174232959747 52.64966836571693 0 0.3231087625026703 0 0 0 0 0.1341089010238647 0 0 55.86721398681402 7.416633412241936 0.160326674580574 0 0.8559138476848602 0 0 0.1191487386822701 17.00610797852278 14.58976652473211 173.413580916822 1614.425206437707 25.85553096234798 48.17702659964561 0.1111759170889854 0 0 4.487417310476303 5.889139927923679 1.069748662412167 4.00717432051897 1.594743557274342 0.3006574660539627 0 83.94076337665319 3.170376598834991 0 195.268588796258 4.764935590326786 23.0488922521472 8.842251963913441 2.061427317559719 1.02544641494751 51.97855721414089 0.117021270096302 1.310669086873531 20.78573589771986 0.9579209610819817 10.14111100882292 4.389249555766582 1.038967855274677 0 1.356441237032413 0 0 0 0.08374634385108948 0.1117324531078339 0.1196824014186859 39.21560718119144 2.958616629242897 0 1.78133861720562 781.8775460124016 0.141635462641716 0 1.735457956790924 0 0.5380645394325256 0 0.7082729935646057 0 0.1830292344093323 2.909094244241714 0 3.492296576499939 9.290314629673958 12.28163599967957 8.671849727630615 0.1828173100948334 0 0.4680834412574768 0.2883667945861816 0 0 0 0 0 0 0 0 0 0 0 0 0 0 0 0 0.7722036689519882 0 0 0 3.401661492884159 0.4779241681098938 1.739181533455849 0.1347610354423523 0 0 0 0 0 0.4621880054473877 0 0 0.2262005209922791 0.3999196290969849 0.2718087434768677 0 0 0.6152982711791992 0 0 0.3974656462669373 0.1814324632287025 0.1048763170838356 0.3773808777332306 0 0.7460972666740417 0 2.28460881114006 0.5160745978355408 0 0 0 0 0 0 0 0 12.91040512919426 0 0 0 0 0.8663546144962311 0 0 0.3256851732730865 0 1.111935719847679 0.2179303169250488 0 0 0 0 0 0 0 0 0 5.781735703349113 1.637886568903923 1.312661364674568 36.06954821944237 15.85754871368408 137.6582527905703 18.0521355420351 1132.66494640708 19.00334814190865 3.024645462632179 7.664263412356377 2.448393583297729 1.048664093017578 2.239152908325195 0.9090334624052048 2.860192984342575 0.5949785113334656 0 0.8448668867349625 0 0
2766.330460295081 0 1480.627562001348 536.0158192291856 3767.14048011601 308.5436557531357 3984.345071226358 214.2459375783801 3479.388886764646 2012.813174545765 1616.880873531103 677.7584858834743 1267.229419954121 1159.660440243781 52.42058277875185 3.747881889343262 0.3236301988363266 0.4407017529010773 0 0.1411661356687546 0 0 0.1543693691492081 0 0.1221917644143105 0.3466495051980019 0.2586364597082138 0.2754417508840561 0.1158774495124817 0 881.9778278619051 34.9753193706274 20.13419890403748 0 0 0 50.64714186638594 0 0.9025806933641434 0.5123945698142052 0.1208688765764236 0.5404848232865334 0.08541662991046906 0.1739726513624191 0 0 199.0714458823204 15.89174835383892 0.3130608052015305 0.1930433213710785 3.296513736248016 0.6317951530218124 0 0.457399845123291 19.17931762337685 19.68410091847181 66.6097753494978 840.6347034424543 16.20043032616377 86.06530014425516 0.8196401372551918 0.3092079758644104 0 32.1758092418313 8.660017356276512 3.163767330348492 7.059086009860039 2.654357455670834 0.5134497582912445 0 169.3695363104343 2.672672733664513 0 181.7432190254331 17.23822529613972 81.63517277687788 33.73778627812862 5.196376591920853 4.98515160381794 48.33377169817686 0.5431046336889267 2.067616254091263 36.0133171826601 1.110473334789276 20.23014950752258 8.588557794690132 2.747156947851181 0.1293047964572906 1.865227557718754 0 0.338571310043335 0.3797596096992493 0.2498369589447975 0 0.5490786880254745 61.14536871761084 1.840890854597092 0 1.476759970188141 461.9046367630363 0 0 0.4500905573368073 0.3907385468482971 0.6118351668119431 1.096568077802658 2.940444603562355 2.625251591205597 1.779133975505829 8.58196759223938 0.9454609900712967 6.71632431447506 25.73768426477909 25.0926411524415 19.16014821082354 0.1705393940210342 1.083204969763756 0 0 0 0 0 0 0 0 0 0 0 0 0 0 0 0 0 2.342941254377365 1.311048716306686 0 0 0 16.31126725673676 1.818589106202126 4.472364202141762 2.1411172747612 0.5047253966331482 0 0 0 0 0.972486138343811 0 0 0.890248104929924 0.3936086893081665 0.1281004697084427 0 0 0 0 0 1.095533132553101 0 0 1.500786915421486 0 2.306634843349457 0 6.775612711906433 1.049483418464661 0 0 0 0 0 0 0 0 20.26386630535126 1.109551668167114 0 0 0 2.9021887332201 0 0 1.255299597978592 0.7643083482980728 2.286831542849541 0 0.4842730015516281 0 0.1247928440570831 0 0 0 0 0 0 17.2095725685358 3.324716076254845 3.989305272698402 118.9961064532399 43.14637184143066 352.1373625397682 36.96414779126644 821.1393665522337 38.35786500573158 6.250946417450905 32.54784845560789 6.379575960338116 0.5717759877443314 6.281675048172474 2.046823561191559 10.03315517306328 0.3621832132339478 0 2.044798731803894 0.4821908473968506 0
803.4803679361939 1480.627562001348 0 9.532408267259598 2033.166150651872 7.784486040472984 188.0652316957712 1645.868643648922 736.3836096897721 50.22560270875692 2818.392947614193 72.31164111196995 288.9477357044816 713.8174047395587 27.56661511957645 14.20658038556576 14.27418695390224 2.973447978496552 0 8.610676348209381 1.866292826831341 0 0.3204128444194794 0.2304462566971779 0 0.1443158388137817 0.422156035900116 0.8603273704648018 0.12723208963871 0 3211.591968283057 340.7773135751486 170.1203880980611 0.3109403848648071 0.1120596304535866 0.9662975817918777 151.0501703172922 0.5008156597614288 6.128407292068005 1.199838355183601 1.036777555942535 4.210372485220432 4.879760019481182 2.422023490071297 0.5900546908378601 2.191958397626877 66.37120608240366 21.52430713921785 6.605066165328026 6.616271086037159 5.464320220053196 0.430663950741291 0.2136217355728149 3.229229092597961 10.33253226429224 9.606217421591282 49.03959429264069 1290.641341216862 5.95384032279253 48.76357843726873 11.96762239187956 12.93236435204744 0.1113827377557755 283.9993326440454 5.996956944465637 2.068940013647079 6.541321076452732 4.357643879950047 17.880026653409 2.642841637134552 127.2300565466285 36.21417973935604 0 133.5260036587715 55.25322779268026 58.0540828704834 28.38155192136765 16.4786528646946 978.9041417315602 945.9620925113559 104.3627280890942 556.3012450784445 13.74179034680128 0.4256184995174408 11.73819120973349 4.302486956119537 21.83134371042252 0 1.896371401846409 0.1073070466518402 1.272057913243771 0.4412313848733902 4.088714934885502 0.9907213598489761 3.142306670546532 82.06884703040123 10.33672471344471 0 19.93538382649422 228.594576254487 0 0 0 0 0.6045615077018738 2.452303946018219 0.8045471906661987 0.8359033167362213 1.976605802774429 7.762890979647636 0 5.781543523073196 25.3960155248642 29.62251044809818 22.20090186595917 2.039532676339149 4.14744870364666 0 1.894515007734299 0 0 0 0 0 0 0 0 0 0 0.4076144993305206 0 0.8934459090232849 0 0 6.234321087598801 3.814522162079811 0 0 0 27.65188786387444 2.976155906915665 16.30724631249905 4.055017039179802 1.22114285826683 0 0.2888214737176895 0 0 3.981752336025238 0 0 0.9515804052352905 6.622062057256699 0 0 0 1.09787905216217 0.09970655292272568 0 0.6361027956008911 0 0 0.9712343961000443 0 1.154713585972786 0.194849818944931 16.09016458690166 1.336860135197639 0 0.2399717271327972 0.1070863977074623 0 0 0.174436628818512 0 0 46.17498123645782 0.8625240325927734 0 0 0 3.576396077871323 0.964088648557663 0.6112902164459229 0.4363130033016205 0.1622648686170578 2.394009307026863 0.5048668384552002 1.064743503928185 0.4707592129707336 0.137697771191597 0 0 0.2358049750328064 0.1162275373935699 0 0 21.32482707500458 7.997884780168533 14.35473628342152 57.95003183186054 21.2554163262248 137.1321301087737 21.24167858064175 131.9344347119331 9.599106281995773 2.469482935965061 19.37751039862633 6.50810806453228 2.303317092359066 15.00839361548424 4.238020345568657 12.77468714118004 1.588515400886536 0.6252230107784271 6.798016548156738 0 0
1369.609019674361 536.0158192291856 9.532408267259598 0 133.2247100025415 898.6314057707787 213.8882027119398 0.9706911444664001 64.44183997064829 1403.758871272206 31.63629944622517 12.98944044113159 87.57947412133217 5.694598272442818 6.26926189661026 0 0 0.1802171617746353 0 0 0 0 0 0 0 0 0 0 0.1560035198926926 0 10.64441449940205 1.299464203417301 1.513553597033024 0 0 0 3.374119594693184 0 0.4291442334651947 0 0 0.2557192146778107 0 0 0 0 31.00131426751614 2.399830274283886 0.1502112001180649 0 0.5317209661006927 0.2236858010292053 0 0 5.983914591372013 4.360714606940746 30.78824189305305 160.6890926063061 4.714771442115307 23.50957591831684 0 0.8960457444190979 0 1.082377202808857 3.256240867078304 0.8431066647171974 1.998564459383488 0.4789661839604378 0.1728972643613815 0 3.070649713277817 0.7780401706695557 0 51.74869807064533 1.24469818174839 13.52441194653511 0.8447055667638779 0 0.4008138477802277 1.323796674609184 0 0.4056130051612854 12.20440881699324 0.3219415172934532 4.474643021821976 2.4409374371171 1.054655805230141 0 0.5790978670120239 0 0.1032801494002342 0 0 0 0 16.26981765031815 0.7951677888631821 0 0 311.4163865894079 0 0 0 0 0 0 0.2434334456920624 0 0 0 0 0.2246123105287552 0.1985813230276108 3.672226890921593 0.1878039091825485 0 0 0 0 0 0 0 0 0 0 0 0 0 0 0 0 0 0 0 0 0 0 0 0 0.8093518316745758 0 0.2227084934711456 0 0 0 0 0 0 0 0 0 0 0.2619511485099792 0 0 0 0 0 0 0 0 0 0 0 0 0 0.3063004314899445 0 0 0 0 0 0 0 0 0 0 0 0 0 0 0 0 0 0.233844593167305 0 0 0 0 0 0 0 0 0 0 0 0 0.6283443868160248 0 0.1540726572275162 19.74799190461636 7.064361453056335 70.01632532477379 5.01871420443058 755.5831149220467 6.459990493953228 1.109350107610226 1.646009638905525 0 0 0 0 0.6834568977355957 0 0 0.6873549818992615 0 0
1739.097925513983 3767.14048011601 2033.166150651872 133.2247100025415 0 63.87625847756863 2975.898242197931 207.5759058073163 5707.653364874423 312.1038463488221 1519.548867166042 257.122166544199 857.0570260286331 870.2863180786371 37.32641194015741 2.26117368042469 0.3100282400846481 0 0 0.1720837205648422 0.1090115085244179 0 0 0.2446297854185104 0 0 0.3903539031744003 0.6897665709257126 0.1032079979777336 0.1932919770479202 619.662589147687 61.95547857880592 5.032896757125854 0 0 0.1456285715103149 19.52387617528439 0.2844821661710739 0.7541722506284714 0.385427214205265 0.3059930354356766 0.7473375052213669 0 0.1414467990398407 0 0 180.6435171812773 9.198489561676979 0.1232491284608841 0.31463423371315 1.740618750452995 0.2450227290391922 0.1420733481645584 0.3081123828887939 9.263301186263561 13.84543923288584 22.27965161949396 210.1053695902228 7.958288758993149 51.39244045317173 0.2022289484739304 0.733181320130825 0 45.60753162205219 4.956337340176105 1.613747842609882 6.182354189455509 1.72381416708231 0 0 82.87814609706402 0.9233997017145157 0 86.90474549680948 10.27801308780909 54.85577604174614 42.42602428793907 4.164320684969425 5.024739570915699 23.21629665791988 1.726199753582478 2.128534644842148 17.47436979413033 0.679961659014225 9.024574145674706 6.315359570086002 1.487329646945 0 2.094632782042027 0 0 0.126170426607132 0.1480638980865479 0 0.1066957786679268 35.22476130723953 0.2479568123817444 0 1.828007340431213 74.52684401720762 0.6568708419799805 0 0.6973215341567993 0 0 0 0.4015523791313171 0 0.7830931842327118 4.019072756171227 0 5.952798441052437 13.47041197121143 11.31613050401211 11.41519652307034 0.17317034304142 0 0 0 0 0 0 0 0 0 0 0 0 0 0 0 0 0 0 1.852069303393364 0.5562986135482788 0 0 0 7.303307734429836 0.7210738658905029 0.427619993686676 2.638384029269218 0 0 0 0 0 0.3203988969326019 0.5790047645568848 0 1.273329243063927 0.8942036628723145 0 0 0 0 0.1980858594179153 0 0 0 0 0.1872235685586929 0 0.2716906070709229 0 3.835964068770409 1.517234295606613 0.6857064515352249 0 0 0 0 0 0 0 8.119140200316906 0 0 0 0 2.058418691158295 0 0 0.1411096751689911 0.4849640130996704 0.1835787445306778 0.4207909405231476 0 0 0.08457842469215393 0 0 0 0 0 0 6.696363359689713 0 1.089616134762764 110.3745317980647 35.76327452808619 274.212775349617 40.0013080239296 374.4842578843236 28.07679357379675 4.451388202607632 36.1555020660162 2.767343193292618 0.6139063835144043 1.452071905136108 0 3.490593433380127 0.5065692067146301 0 2.514482825994492 0.5790519416332245 0
105.0245551764965 308.5436557531357 7.784486040472984 898.6314057707787 63.87625847756863 0 331.3803951665759 7.466143429279327 35.49805752933025 1176.863783210516 23.6752612888813 139.0081038326025 96.56825353205204 15.06027386337519 0.7582362294197083 0.3585476279258728 0.1193667724728584 0 0 0 0 0 0 0 0 0 0 0 0 0 2.129424691200256 1.780353754758835 20.71701307594776 0 0 0 128.972837895155 0.2537918984889984 9.870326071977615 0.50320203602314 0 0 0 0 0 0 12.47440075129271 1.67528672516346 0 0.1353957206010818 0.2920593842864037 2.810095742344856 0.1519000977277756 0 2.167926661670208 1.4330048635602 108.2749942839146 97.99328934401274 5.892696060240269 6.471142999827862 0 5.190164461731911 0 0.7117750197649002 1.290348798036575 0.09617207199335098 0.5377208143472672 0.3078116625547409 0.1060862168669701 0 173.7420373558998 41.68762081861496 2.132645100355148 19.18879467248917 0 3.657922983169556 0.3159779906272888 0.1194311082363129 0 12.10327577590942 0.3261381983757019 2.253642953932285 2.244190365076065 0.682690441608429 1.234178632497787 1.768111400306225 0.2311464995145798 1.02367727458477 0.59784235060215 1.722778648138046 0 0.4620977342128754 0 0 0.1226731836795807 241.2660483419895 74.86032043397427 4.819319278001785 32.56893712282181 851.6800522059202 0 0 0.5098003149032593 0 0 1.110726177692413 0.593480110168457 0 0.4087007343769073 1.038444593548775 0 2.963812530040741 8.788600713014603 7.45635262131691 4.982288867235184 0 0.3300656974315643 0 0 0 0 0 0 0 0 0 0 0 0 0 0 0 0 0 0 0.6706806421279907 0 0 0 1.40455786883831 1.265204548835754 0 0.8012753129005432 0.343598484992981 0 0 0 0 0.1103753000497818 0.2063100636005402 0 0.1424331516027451 0 0 0 0 0 0.3652034103870392 0 0 0 0 0 0 0 0 0.7358304262161255 0 0 0 0 0 0 0 0 0 2.951686874032021 0 0 0 0 1.148735702037811 0 0 0.491677388548851 0 0.5841032862663269 0 1.124919056892395 0 0 0 0 0.1082092151045799 0 0 0 6.512636959552765 2.982589572668076 1.649535849690437 6.200342960655689 3.724220179021358 21.1519402936101 2.984755344688892 832.8856472447515 4.398823916912079 0.8610877320170403 2.661170154809952 0 0 1.388490229845047 0.4552473723888397 3.515279531478882 0.5845499932765961 0 0.4508049488067627 0 0
1195.03678227216 3984.345071226358 188.0652316957712 213.8882027119398 2975.898242197931 331.3803951665759 0 80.29381227493286 3291.070479236543 2077.927938431501 545.6027197316289 605.1114349067211 3003.072512649 426.518810518086 141.9695880115032 4.984221316874027 0.8216598629951477 0.1180692762136459 0.3654733896255493 0.6684470474720001 0.6006419509649277 0 0.2982458025217056 0.1242282539606094 0.1190286129713058 0.6141680777072906 0.3691989779472351 0.9595979675650597 0.3180112540721893 0 216.084967635572 143.9258145466447 4.439273685216904 0.260515533387661 0.1408668905496597 0.5092294365167618 14.22469321638346 0.2755260616540909 1.98860102891922 0.3862198516726494 0.287431612610817 1.263009682297707 0.400795504450798 1.133034937083721 0 0.3306540846824646 692.3559675589204 37.97079503536224 0.6635961905121803 0.1286321133375168 9.271807722747326 0.8762600421905518 0 0.6374242901802063 46.49595962464809 51.34150969237089 77.73967991769314 483.8366930559278 31.31720044463873 200.0598787069321 1.120363213121891 1.162590935826302 0 128.9225474596024 23.25142925232649 7.685947172343731 23.5628272742033 4.048812367022038 1.24846001714468 0.6910877972841263 110.5134639367461 6.174865692853928 0 303.4935214221478 29.96404459327459 205.7579468116164 107.5494946241379 10.94886792451143 4.392755605280399 11.84778285771608 2.438839085400105 5.830853298306465 73.98660477995872 2.891683913767338 41.07916852831841 24.35770926252007 10.15250573307276 0.246092177927494 6.504376791417599 0 0.6602041721343994 1.051481887698174 1.161789163947105 0.6912733316421509 1.888916052877903 241.5024432763457 2.733130604028702 0 3.922110840678215 127.1073817759752 0.8781256452202797 0 0.2810803353786469 0 1.111459881067276 2.737170577049255 4.592652171850204 3.189952403306961 5.270839720964432 9.954810738563538 0.2269987612962723 18.6015707552433 50.73763999342918 56.55139376223087 23.94415913522243 0.4623147547245026 0.6980329602956772 0 0.7201909571886063 0 0 0 0 0 0 0 0 0 0 0 0 0 0 0 3.475779518485069 2.572906464338303 0 0 0 19.59681289643049 1.28904116153717 6.630465760827065 3.62528920173645 0 0 0 0 0 2.511946439743042 0.6494377851486206 0 1.858732521533966 4.799695745110512 0 0 0 0.8623599708080292 0 0 0.2540430724620819 0.1023535206913948 0.2616155743598938 1.144758284091949 0 0.5452079921960831 0.4580165147781372 15.05419084429741 0.6107595562934875 0.4402770921587944 0.1849323660135269 0 0 0 0 0 0 33.02537558227777 0.3250028192996979 0 0 0 4.304495543241501 1.112422257661819 0 2.788084805011749 3.177401572465897 4.15122064948082 1.160709232091904 1.463437423110008 0 0.08789742738008499 0 0 0.2953674122691154 0 0 0 21.47979076206684 4.426095545291901 7.663377121090889 385.1521659418941 136.8740979209542 1056.500866666436 160.6925548240542 1847.163920298219 109.1466202884912 18.67652310431004 114.7827234789729 13.88401690125465 0.7369806617498398 8.218252800405025 0.1909635663032532 13.07897786796093 3.634382233023643 0 4.662021853029728 0.9596494436264038 1.187560826539993
109.9628825411201 214.2459375783801 1645.868643648922 0.9706911444664001 207.5759058073163 7.466143429279327 80.29381227493286 0 414.8556507751346 17.45865622907877 3578.34689579159 79.50789229571819 588.984699383378 1801.05090392381 82.21258522570133 53.39536919444799 15.16901223361492 4.410540543496609 0 11.38989165425301 1.975236736238003 0 0.2670010179281235 0.2715761661529541 0.2713431715965271 0.7241135463118553 0.3750793412327766 0.5627417340874672 0 0 440.1978401243687 691.7632537633181 628.9214306399226 0.621686726808548 0 1.351896457374096 464.9657511413097 2.25246948748827 6.858253069221973 2.295823380351067 1.492722660303116 7.05091105401516 5.859038069844246 10.94720365852118 1.292855426669121 4.090552799403667 206.782830029726 24.08187736570835 9.527385540306568 12.2017015889287 9.732600577175617 1.457235284149647 0.1328893899917603 5.071744590997696 5.349581472575665 12.42164202779531 15.12763842940331 155.1040833741426 4.666683070361614 33.3048340305686 14.31074895709753 9.767218947410583 0.7122993022203445 227.0537787526846 3.684816978871822 2.387661904096603 8.977146193385124 8.021733552217484 27.34106522798538 4.256824322044849 306.166417337954 13.91526713967323 0 53.88409266620874 17.50538126379251 66.70321537554264 207.8964688777924 112.7548518702388 417.2263697832823 1583.969476483762 104.3090624436736 793.1364181488752 11.94688732922077 0.5684192776679993 9.695746645331383 4.111728899180889 34.90689397603273 0 1.993257761001587 0.1006149426102638 2.100990384817123 1.353352554142475 7.709499970078468 0.378840908408165 4.465830609202385 55.42045021057129 6.837079487740993 0 8.957832843065262 20.58798404037952 0.3763806819915771 0 0.505218505859375 0.3098974823951721 0.4277511537075043 0.7370019853115082 1.188361331820488 0.5593866258859634 0 2.514321774244308 0 4.957895070314407 8.195498943328857 16.38579764962196 14.1249577999115 1.019973054528236 0.09811647981405258 0.433332234621048 0.90727898478508 0 0 0 0 0 0 0 0 0 0 0 0 0 0 0 2.823986940085888 0.8761175870895386 0 0 0 20.47381728887558 0.1409679800271988 3.927297741174698 1.618853762745857 0 0 0.1155896633863449 0 0 1.859975978732109 0.1513459831476212 0 2.182461589574814 1.115961998701096 0 0 0.2441986426711082 0 0 0 0 0 0.46389240026474 0.3014943599700928 0 0.1526466757059097 0 8.008409276604652 0.9047522693872452 0.1808862835168839 0 0 0 0.2309698164463043 0.2785899713635445 0.3633463382720947 0 21.90767733007669 0 0 0 0.254277341067791 0.3978898525238037 0.1235757097601891 0.3896744549274445 1.944322690367699 0.581983208656311 3.765490055084229 1.543232440948486 0.8127470463514328 0.1087465584278107 0 0 0 0.5809322148561478 0.3429180532693863 0 0.1243476793169975 9.843449279665947 1.89337819814682 5.658387571573257 250.3559432327747 36.64814629405737 314.2191049903631 61.00650592148304 151.4972263649106 31.23638010025024 3.760924525558949 91.73398325592279 9.748980768024921 1.589740663766861 7.170769587159157 1.070402085781097 3.800398603081703 1.586005315184593 0 3.81286846101284 1.249463811516762 0.4038342237472534
521.3634162396193 3479.388886764646 736.3836096897721 64.44183997064829 5707.653364874423 35.49805752933025 3291.070479236543 414.8556507751346 0 542.462871722877 1864.044118881226 389.1790036410093 3199.03700645268 1221.431469544768 52.11299117654562 4.682312540709972 0.1934526413679123 0 0 0.4603066965937614 0.2181258350610733 0 0 0.1067932546138763 0.1106275394558907 0.7101934477686882 0 0.2235415652394295 0.199860468506813 0.09969352185726166 198.1130849123001 88.73095238953829 5.847142979502678 0 0 0.3750832229852676 30.81317166239023 0.1000998243689537 1.140112847089767 0.3617322519421577 0.1347560286521912 0.3643985688686371 0 0.29937344789505 0 0.2408322617411613 227.5512061193585 9.600272916257381 0.09932723641395569 0.3089924827218056 2.561677739024162 0.233168751001358 0 0.4421322122216225 9.051017560064793 11.77258900552988 21.29228422045708 145.4101160988212 9.000892840325832 49.75833086669445 0.4178571626543999 0.8966091424226761 0 64.96330269426107 4.932762391865253 1.948335371911526 6.039026148617268 0.962027333676815 0.2001809924840927 0.1008796691894531 301.4641585126519 5.46102836728096 0 81.34290110319853 10.21249863505363 62.61366204172373 67.83034735172987 6.871658697724342 2.089179448783398 27.07680826634169 2.165475934743881 3.793792523443699 17.50092270225286 0.6854166314005852 10.73154792189598 6.355602964758873 2.401834338903427 0.101503498852253 1.69854824244976 0.1906328946352005 0.7815118879079819 0.277828261256218 0.1560576856136322 0.1575750857591629 0.7168386876583099 116.909768268466 1.976413458585739 0 2.003230147063732 31.32211034744978 1.446191877126694 0.7582402229309082 0.8322345912456512 0 0.6930829286575317 2.628105863928795 6.098447054624557 1.715289995074272 1.120754852890968 12.93379881978035 0 12.65863953530788 40.28516244888306 44.4355511367321 26.35129900276661 0.7766539603471756 0.7031456232070923 0 0 0 0 0 0 0 0 0 0 0 0 0.1023826971650124 0 0 0 0 1.029833018779755 1.594691783189774 0 0 0 14.84003853797913 0.839756965637207 4.719293341040611 5.274796813726425 0.3438796401023865 0 0 0 0 2.30378133058548 0 0 1.547074005007744 3.877153337001801 0 0 0 0.6294320225715637 0 0 0 0.08681424707174301 0.8995030671358109 0 0 0.5706557333469391 0 10.91629895567894 2.436465337872505 0.8225289806723595 0.1734385639429092 0 0.1605397462844849 0 0 0 0 24.05207911133766 0 0 0 0 2.356824621558189 0.2066022306680679 0 1.353901095688343 0.4683619141578674 2.00650280714035 0 1.708613216876984 0 0.1830407977104187 0 0 0 0 0 0 21.60336616635323 2.558622404932976 4.539950609207153 181.5654203519225 47.05983047932386 372.8046104460955 63.48701928555965 441.9151397421956 39.69563196599483 3.150846496224403 61.72877506911755 13.93583913892508 1.079033091664314 8.085762932896614 2.562714755535126 6.317673146724701 0.3956895023584366 0.612263411283493 0.7064031511545181 0.4550058990716934 0
1134.615916974843 2012.813174545765 50.22560270875692 1403.758871272206 312.1038463488221 1176.863783210516 2077.927938431501 17.45865622907877 542.462871722877 0 42.3524239808321 1297.536861658096 3020.316429361701 56.38957385718822 37.84388916939497 1.518809378147125 0.1807584762573242 0 0 0 0.1716153025627136 0 0.1351873427629471 0 0 0 0 0 0.1646271347999573 0 28.18441791832447 18.8084439560771 5.095828078687191 0 0 0.7529333233833313 108.3875641226768 0.3712266385555267 12.08865900337696 0.4444442763924599 0.3926134705543518 0 0 0 0 0.1166093274950981 178.5979634001851 11.13957172632217 0.4180846661329269 0.1872524917125702 2.496886238455772 0.5633589625358582 0 0.3546203151345253 17.2785489782691 17.93238387256861 71.52450093626976 279.8680787608027 18.63574619591236 58.73626006394625 0.6835954710841179 0.7848900705575943 0.1229919269680977 21.9413530677557 7.774312242865562 2.900303721427917 6.746400102972984 1.146968707442284 0.3608507812023163 0 265.6896970719099 18.71308690309525 0 134.8249046877027 7.932441219687462 54.55415544658899 19.23755277693272 2.731845125555992 0.3971969187259674 5.211868360638618 0.7884465977549553 1.854559399187565 27.27636793255806 0.7504677101969719 14.75358830392361 8.089718103408813 1.922789633274078 0 1.20485508441925 0 0.4075573906302452 0 0.1417126953601837 0 0.4513979256153107 453.0835856646299 15.20915098488331 0 12.96125675737858 574.4007200598717 1.058561623096466 0.2869663536548615 3.271079570055008 0.4181249737739563 5.270486682653427 7.45439413189888 13.64873510599136 4.270065069198608 1.042512595653534 15.99547050893307 0 31.57383368909359 79.82995852828026 94.27762049436569 44.06623016297817 0 1.521788865327835 0 0 0 0 0 0 0 0 0 0 0.9079921841621399 0 0 0 0 0 0 6.405704915523529 2.909142374992371 0 0 0 33.82092297077179 1.190086752176285 10.96587453782558 5.611425846815109 0 0 0 0 0 4.251321792602539 0 0 4.223071068525314 7.276451542973518 0.4240749180316925 0.7039755582809448 0 0.268207848072052 0 0 0.7036128640174866 0 0.202889084815979 1.172838062047958 0 0.4087032973766327 0.9884325861930847 29.18730202317238 5.570405721664429 1.124465294182301 0 0 0 0 0 0 0 54.09117661416531 1.833192527294159 0 0 0 4.602363020181656 0 1.845469415187836 5.195691742002964 2.931849077343941 5.189242735505104 1.422767549753189 3.251786485314369 0 0 0.1642811596393585 0 0 0 0 0 49.26144002377987 4.046730443835258 9.105472907423973 199.5249044597149 31.25385867059231 332.4097445979714 35.74435353279114 2319.737601220608 28.46858368068933 2.78631903976202 48.82036068290472 20.79955253005028 2.291258931159973 17.60895158350468 2.295905858278275 32.06545329093933 1.79230260848999 0 3.744221612811089 1.983981937170029 0
557.0452831462026 1616.880873531103 2818.392947614193 31.63629944622517 1519.548867166042 23.6752612888813 545.6027197316289 3578.34689579159 1864.044118881226 42.3524239808321 0 119.5037286803126 1902.5676901564 3063.245550140738 155.5868223085999 114.0715541318059 8.427510298788548 3.401486240327358 0.2677056416869164 4.026826672255993 1.24723007529974 0.1205991208553314 0.1174463555216789 0 2.72935114055872 0.9708336666226387 0 1.02898333221674 0.4238394349813461 0 730.8292141705751 320.1920516714454 624.4144414663315 0 0.08821810781955719 26.07250105589628 575.9082873165607 17.9352742433548 43.58306118100882 20.46857880055904 1.38976689428091 3.583167940378189 1.264037534594536 16.23429601639509 0 0.4865069314837456 335.8961292430758 17.78409871459007 2.924055255949497 4.35014920681715 7.993551671504974 0.7144820764660835 0.4655416756868362 2.253513395786285 11.87408675253391 18.36625672876835 24.04617300629616 260.8934114575386 8.063068807125092 67.51241955906153 1.549810618162155 28.50512681901455 0.1172066554427147 126.7006920948625 8.909730613231659 3.289773158729076 10.51546346396208 4.100972287356853 13.29028712958097 3.186042554676533 558.0101853534579 40.14019374549389 0 97.79413736611605 17.59741353988647 98.51957181841135 248.0044430792332 97.47614727914333 99.50365937501192 674.9456049650908 5.594189859926701 117.8637527152896 20.43824134021997 1.796724215149879 14.13451780378819 9.424608871340752 12.5540200099349 0 2.094616316258907 0.1152132749557495 2.297718070447445 0.6000933051109314 5.33241631090641 1.232302740216255 3.416695617139339 157.3269209936261 15.1835987791419 0 37.04423596709967 62.03053133934736 0.6565870046615601 0 1.163260236382484 0 2.731469750404358 0.3578732460737228 1.342134058475494 0.4741014838218689 0.803795725107193 9.372839629650116 0.1962603032588959 10.56247392296791 28.90297368913889 39.19115591049194 34.60270517319441 0.8880732208490372 2.176811255514622 0 2.288976162672043 0 0 0 0.5021459460258484 0 0 0.2772436439990997 0 0 0 0 0.1537685990333557 0.112200915813446 0 0 3.758542224764824 2.916270934045315 0 0 0 30.00179296731949 0.7515271753072739 12.46024332940578 4.204111710190773 0 0 0.2635143399238586 0.1452916860580444 0 6.582807898521423 0.8488949611783028 0.2923829853534698 1.777935087680817 7.773573979735374 0.4510753750801086 0.145524725317955 0.4613430127501488 1.012372896075249 0.2309435904026031 0 0.4433525204658508 0 0.1150643527507782 0.7642026096582413 0 0.3967417776584625 0 18.24034948647022 3.760864123702049 0.9780831336975098 0.232162244617939 0.4038800895214081 0 0 0.1151175498962402 0 0 57.73941197991371 0.9372995346784592 0 0 0.9081457778811455 6.937852412462234 1.099011555314064 0.6821611374616623 2.037961445748806 1.91262723505497 4.75113133341074 0.1759608238935471 4.884836614131927 0.3093559443950653 0.1050497516989708 0 0 0.341441847383976 0 0 0.1655536442995071 26.02366153895855 6.596813395619392 18.97060119360685 408.7494565844536 77.88028176128864 547.070916518569 125.7260650321841 321.7782279849052 66.1628800034523 7.440003238618374 156.4128322452307 22.0088819488883 2.067119404673576 13.22122718393803 2.462430238723755 8.126197695732117 2.3214156255126 0.1382928341627121 5.141458325088024 3.192138716578484 0.7136016041040421
102.3474761918187 677.7584858834743 72.31164111196995 12.98944044113159 257.122166544199 139.0081038326025 605.1114349067211 79.50789229571819 389.1790036410093 1297.536861658096 119.5037286803126 0 932.2329350039363 39.34427673369646 26.04192534834146 14.37851566821337 0.2486888766288757 0 0 0 0.1356164366006851 0 0 0 0 0 0 0.3724992126226425 0.1675160378217697 0 35.9090351909399 31.32051507383585 3.299276903271675 0 0 0 114.8478586748242 0 2.657944411039352 0.542471706867218 0 0 0 2.814463123679161 0 0 77.33247827738523 2.113760605454445 0 0 0.4588550999760628 0.4285506829619408 0 0 2.304072201251984 2.833559483289719 9.647670723497868 28.85976753383875 1.596746310591698 10.24730625748634 0 0.882400780916214 0.3589812517166138 20.83369538933039 0.7691893354058266 0.5339157357811928 1.077146738767624 0.5544683039188385 0.07223473489284515 0 349.6395759135485 17.89858344197273 0 22.28330739587545 3.142834514379501 15.35186689347029 39.30073791742325 11.58025367558002 1.941316276788712 3.464101254940033 0.1327527761459351 1.80991081148386 5.735519573092461 0 3.50007101893425 0.6007826402783394 0.3281501531600952 0 0.6927979737520218 0 0 0.09945650398731232 0.3037763610482216 0 0.5168873220682144 1533.010359972715 3.73831944167614 0 2.454575344920158 102.5167834311724 2.203395217657089 0.4526930451393127 4.53273618221283 0.4859370589256287 8.173997178673744 13.22381781041622 21.06139485538006 8.131391406059265 4.902974873781204 47.85657380521297 2.70295637845993 79.86767540872097 189.5896358788013 240.5448610335588 128.8783875778317 0.4750556796789169 4.0417620241642 0 4.79042512178421 0 0 0 0 0 0 0 0 0.7475191950798035 0 0 0 0 0 0 13.09239782392979 3.74698743224144 0 0 0 77.05245858430862 1.597404584288597 19.2814903408289 10.80886614322662 0.5158458352088928 0 0 0 0.7711056768894196 10.27973540127277 1.540281593799591 0 9.04245924949646 16.17844070494175 1.609081700444221 0.6539662107825279 0 2.233090378344059 0 0.1362010687589645 0.3976443707942963 0.369067907333374 1.057930514216423 3.140651889145374 0.241819754242897 2.161945179104805 0.5442847013473511 47.07055750489235 8.599793151021004 2.345955774188042 0.6893861219286919 0.1036040484905243 0.2759690210223198 0 0 0 0 132.6194501593709 2.033153921365738 0 0 0 14.70556303858757 1.495547249913216 0.8828391134738922 6.908425658941269 3.450729712843895 12.84985610097647 1.899005621671677 4.553877912461758 0.4983068555593491 0 0 0 0 0 0 0 103.0241439342499 8.101012781262398 17.56608760356903 158.7468412518501 11.11667662113905 142.4262470677495 27.34440732747316 815.93486353755 17.47478786110878 2.872279278934002 54.02020166814327 50.39104995876551 2.921355962753296 32.60631607472897 4.257459715008736 40.14453741908073 3.25358946621418 0 10.88022824376822 0.5009750723838806 0.2480263262987137
239.446021206677 1267.229419954121 288.9477357044816 87.57947412133217 857.0570260286331 96.56825353205204 3003.072512649 588.984699383378 3199.03700645268 3020.316429361701 1902.5676901564 932.2329350039363 0 2064.646561980247 61.5485382527113 23.11170453578234 1.146924391388893 0.1040002405643463 0 0.4581308215856552 0.1412537097930908 0 0.4363923147320747 0.1921384856104851 0.5178214907646179 0.1519675105810165 0 0.4008843153715134 0 0 135.7724764794111 103.0740919932723 8.091560743749142 0 0 0 25.61189243197441 0.1021275967359543 2.246953196823597 0.1268401741981506 0 0.4760355725884438 0.1553395390510559 2.441427782177925 0 0.1121560409665108 198.0155391693115 7.570023261010647 0.2631880342960358 0.1421246081590652 2.641950778663158 0.3063240796327591 0 0.4894465357065201 5.804007142782211 12.89579508453608 15.9919139072299 109.7973859980702 7.449112199246883 41.55382017046213 0.4402969479560852 1.495875522494316 0 54.97971300780773 5.051033765077591 0.8108704388141632 5.978932932019234 1.473462611436844 0.2983178496360779 0 182.1623021811247 16.89487606287003 0 56.84747709333897 7.855280965566635 53.23998253047466 108.2421605736017 31.39595357328653 2.509042166173458 18.26260857284069 1.168552614748478 4.066797807812691 13.84945888072252 0.662127248942852 6.419884920120239 5.088621854782104 1.884644158184528 0.1128855422139168 0.7825367450714111 0 0.2550864070653915 0.1646752208471298 0.2503860592842102 0.1231799274682999 1.16686874628067 1179.617182135582 2.767466187477112 0 6.821758091449738 66.85341514647007 2.330288827419281 3.77775502204895 6.933917790651321 0.7085765302181244 5.808861061930656 10.76967097818851 14.37105223536491 4.087390556931496 9.881609499454498 59.41786809265614 1.869720667600632 67.87703305482864 219.519821614027 192.7347633987665 129.3195322751999 2.223577991127968 4.541394859552383 0 3.732280313968658 0 0 0 0 0 0 0 0 0 0 0 0 0.2748907506465912 0 0 11.69004338979721 6.407267272472382 0 0 0 83.19288711249828 2.400082767009735 23.74105367064476 10.21661123633385 2.051159635186195 0 0 0.3125651180744171 0.1153840571641922 6.409654371440411 1.340944796800613 0 11.9304009526968 14.96960744261742 0.102433368563652 0.8560889959335327 0 5.611258819699287 0.3963572978973389 0.3926529884338379 2.451140373945236 0.319362461566925 3.29940964281559 2.992523647844791 0 2.091749593615532 0.2333551049232483 45.06829784810543 6.475866496562958 3.50939404964447 0.7608914375305176 0 0.2476206123828888 0 0 0 0 141.0598173961043 0 0 0 0 17.64386889338493 0.7002808302640915 1.813828825950623 5.487182676792145 2.484059378504753 9.911282263696194 3.65129579603672 9.480142839252949 0 0 0.2942257523536682 0 0.3217941224575043 0 0 0 109.8325404673815 11.14335285127163 19.85595232248306 224.5036086514592 41.29673533886671 320.014300480485 67.10885039716959 615.1468200236559 44.31135892868042 4.050913862884045 81.06626059114933 45.03000450879335 3.955571472644806 37.6445933803916 3.883886866271496 42.64322176575661 6.498432591557503 0.4220875799655914 12.52607615292072 0.4738630652427673 0.3792136311531067
292.5201214402914 1159.660440243781 713.8174047395587 5.694598272442818 870.2863180786371 15.06027386337519 426.518810518086 1801.05090392381 1221.431469544768 56.38957385718822 3063.245550140738 39.34427673369646 2064.646561980247 0 45.8944046497345 24.66167901456356 1.187873966991901 0.5664881095290184 0 0.1195047050714493 0.4346678107976913 0.1824785768985748 0 0 0.6898314654827118 0 0.2200102433562279 0.6990089938044548 0 0 280.28514303267 70.06297859549522 87.6391499042511 0 0 8.210695758461952 311.0271435528994 3.821811467409134 21.39472511410713 4.567433036863804 0.2552466616034508 0.4707026258111 0.1007511168718338 1.79940377920866 0 0.2074006795883179 137.1161325275898 6.578475527465343 0.09991209208965302 0.56684260815382 2.904035456478596 0.1382549107074738 0 0.2124156504869461 6.122153870761395 8.481490336358547 15.6106188967824 148.1206424981356 3.736585855484009 31.37472798675299 0 5.432170830667019 0 39.26127916574478 3.209736920893192 1.50167079269886 3.967658445239067 1.815487071871758 1.226822353899479 0.3618491441011429 801.2790317460895 14.20152904838324 0 60.28521245718002 7.260238967835903 39.55869138985872 62.67078061401844 21.27098625153303 5.604763858020306 44.53921117633581 1.62321574985981 3.830008842051029 9.901099346578121 0.4673031866550446 6.858835749328136 4.750842347741127 2.788561657071114 0 1.665033139288425 0 0.7576489150524139 0.1340245455503464 0.9080176800489426 0.351777970790863 0.0939003974199295 111.4768746942282 5.10989598184824 0.1901149302721024 15.42929115146399 36.05517934262753 1.241013184189796 0.1535776853561401 0.7610605955123901 0.3018366396427155 1.790673524141312 1.166806124150753 1.593764446675777 0.3274758160114288 0.9602892696857452 9.043041035532951 0 10.38693087548018 30.53827232122421 32.47077961266041 24.05125726759434 0.7725712731480598 0.8959964886307716 0 0 0 0 0 0 0 0 0 0 0 0 0 0 0 0 0 4.082160696387291 1.031694144010544 0 0 0 21.36784147471189 0.3592195808887482 4.275518201291561 3.038440987467766 0.3441768288612366 0 0 0 0 2.702173590660095 0 0 0.9888637214899063 3.316926926374435 0 0 0 0.4150305390357971 0.08568141609430313 0 1.171521812677383 0 0.1235731691122055 1.185497909784317 0 1.697628617286682 1.082921743392944 11.85103407502174 2.642153918743134 0.1084640920162201 0.6244750469923019 0 0 0 0.1523827314376831 0 0 39.02547723799944 0.5037945657968521 0 0 0 3.65997625887394 0.4493270218372345 0.1552339792251587 1.954904615879059 1.127919480204582 2.281447052955627 0.3264253735542297 1.554852597415447 0.330729141831398 0 0 0 0 0 0 0 20.15699984133244 2.209002368152142 6.63495771586895 144.4111759364605 31.53684116899967 220.4818623363972 40.43051963299513 199.4864524081349 26.80145338922739 3.635506436228752 52.50554083287716 13.51913195848465 1.234145894646645 10.28064028918743 1.057355165481567 4.690988838672638 1.272887527942657 0.3438837379217148 4.233418256044388 0.4084696620702744 0.516666978597641
