0 3376.698101893067 693.6679661870003 255.4975245445967 86.30569783598185 261.6033820062876 464.9325908944011 91.55962514877319 16.08535053580999 222.3196774572134 101.5834921449423 139.2384565919638 101.9603675976396 14.29091462492943 1.874560728669167 0 0 0 0 0 0 0.4120737314224243 0 0 0 0.2612012475728989 0.1277031749486923 0.1196527406573296 0.4094633311033249 0 862.9660443365574 18.70495548844337 10.64344672858715 0 0 0 1.208860911428928 0.1622022241353989 1.192585729062557 0.1620878726243973 0 0.1544894278049469 0 0.3500713855028152 0 0 6.88098581880331 1.14179739356041 0 0.3017559349536896 0.6869214102625847 0.8148409873247147 0.1298866719007492 0.2699032425880432 2.063357889652252 3.29023801535368 349.2895470708609 1142.930771455169 86.67528283596039 15.33899369090796 0.1878549009561539 1.235448762774467 0 6.444173417985439 1.833983778953552 1.320832297205925 0.6506919041275978 0.5103056579828262 0.3447458148002625 0.3243220746517181 18.67331339418888 112.3924924135208 0.5089516639709473 363.9712059944868 4.990790724754333 26.10045336931944 2.377758353948593 0.3204092085361481 2.033338069915771 12.0974927842617 0.6293377429246902 1.944240815937519 6.038610585033894 0.2845585495233536 1.023966118693352 1.942238345742226 0.2120537757873535 0.1624572724103928 2.38623271137476 1.839534491300583 0.3971956148743629 2.028799474239349 0 0 0.6384486556053162 150.9372609108686 54.50974532961845 2.453162491321564 0.9336310401558876 1347.11952893436 0 0 0.6112498790025711 0.667329415678978 0.5214309841394424 16.53151443600655 0 3.205598250031471 8.166354194283485 1.229387536644936 0.4912464022636414 3.99255496263504 1.864289417862892 4.908579543232918 1.104531243443489 0.4895915538072586 0 0 0 0 0 0 0 0 0 0 0 0 0 0 0 0.1783532053232193 0 0.2773374319076538 0 0 0 0 0 0.4890634343028069 0 2.503659635782242 2.008667722344398 0.144241526722908 0 0 0 0 0 0 0 0.4690359830856323 0 0 0 0.1206538155674934 0.1982284933328629 0 0 0 0.1360267996788025 0 0 0 0.317906528711319 0.8769371211528778 2.619983643293381 0 0 0 0 0 0 0 0 0 0.2986129522323608 2.765230089426041 0 0 0 0 0.3769201189279556 0.9100875109434128 0 0 0 0 0.2649265229701996 0 0 0 0 0 0 0 0 0 0.4530245363712311 2.664495065808296 38.93644634634256 13.3682464286685 65.79391398280859 13.27060898393393 807.5265923440456 46.73773087561131 9.47443749755621 1.585322111845016 1.467405751347542 0.1015975698828697 1.363076701760292 0.1198201477527618 0 0 0 1.562644198536873 0 0
3376.698101893067 0 3232.776699535549 526.413418777287 3652.610431924462 1540.980462193489 1348.795255787671 2592.905770868063 824.9635965451598 405.671791061759 6154.631295628846 134.9175852686167 413.360896512866 1146.871276319027 81.69495060294867 10.98143122345209 2.482903130352497 0.6372738480567932 0.2090388014912605 0.6948584914207458 1.003802016377449 0.5668584629893303 0.5871977657079697 1.065662540495396 1.092893183231354 4.9939019754529 2.066371738910675 3.318374320864677 2.940531119704247 1.782917201519012 2274.068442061543 127.7117032781243 49.90605686604977 0.3228309005498886 0.1029211729764938 0.4046616181731224 11.62478689104319 0.5172997117042542 11.26034300029278 1.630694702267647 1.848787471652031 2.59368397295475 0.3417109251022339 2.061543807387352 0 0.9902527704834938 436.907498806715 16.18991281092167 1.716760590672493 0.7464871257543564 6.184389159083366 0.535391092300415 0.415288932621479 2.788571640849113 13.69517041742802 46.01230350881815 442.4300237074494 1153.953824028373 196.2711809575558 170.574123442173 3.717413857579231 3.539735965430737 0.2909037321805954 320.3244714215398 22.83953468501568 17.09987757354975 10.83343698829412 10.99293365329504 3.02806705981493 1.656081557273865 13.36923121660948 5.320813298225403 0 1362.969881616533 136.8321203589439 418.7096607014537 129.333706073463 12.57991781830788 7.379972584545612 246.9871340543032 1.900884538888931 28.48589846491814 85.32767144590616 3.9563098102808 11.2711193561554 23.11400385200977 7.635258376598358 0.3117820024490356 4.754435293376446 0.4226658269762993 2.881161630153656 2.343051008880138 2.504835322499275 1.812902040779591 5.398346193134785 1068.140100307763 3.136422038078308 0 0.4941387176513672 1256.903629414737 0.9275601506233215 1.060377478599548 14.71718482673168 2.461092203855515 16.30961632728577 65.11136522889137 1.882414892315865 59.90612828731537 36.13871513307095 14.70014563202858 7.632158681750298 113.9363180398941 74.65083509683609 120.6626283824444 13.51674593985081 1.174521163105965 0.1339374631643295 0 0 0 0 0 0 0.3910970091819763 0 0 0 0 0 0.3280381560325623 0 0 0 0 1.585116282105446 0.4905301928520203 0.3133344054222107 0.1443341672420502 0 6.973020777106285 0.3954142481088638 13.07415846735239 4.57047700881958 0.4459540247917175 0 0 0 0 0.778344452381134 0.9613815769553185 0 1.985732883214951 2.961054369807243 0 0 0.1973727345466614 0.7134052738547325 0 0 0 0.07353302836418152 0 0.1754814088344574 0 0.401221290230751 4.252636730670929 20.82173524051905 0 0.2820553779602051 0.3699571788311005 0.0759233757853508 0 0 0.09328838437795639 0 0 17.91236690431833 0.721766784787178 0 0 0.102547824382782 2.994147852063179 1.332411259412766 6.958137407898903 2.01733373850584 1.494730919599533 1.738669738173485 0.5055083334445953 0.8871248289942741 0 0.1065836399793625 0 0 0 0.1055104285478592 0 0 8.204107269644737 1.402992203831673 2.742715023458004 302.3043673932552 172.8838839754462 936.7318498939276 168.3059042319655 1647.810747943819 271.4210752770305 87.17445176839828 71.44891130924225 5.806940607726574 0.2469881027936935 12.77772943675518 4.665795207023621 3.516650207340717 1.951310984790325 0.8849876150488853 2.044969752430916 1.908065043389797 0
693.6679661870003 3232.776699535549 0 6.827595174312592 243.0025543421507 224.6016548573971 107.7363380119205 2553.175705865026 135.9416933059692 11.05622515082359 1233.016488306224 0.09873245656490326 0.6606627106666565 110.221685141325 108.0791009813547 37.84901832789183 14.66176795959473 5.830148503184319 0.1422623544931412 13.90155284106731 124.6241136193275 1.511087253689766 17.17638862133026 16.44762512296438 27.74300803989172 24.77813263237476 11.5815991833806 2.82197704911232 1.176752753555775 1.096193566918373 3777.043381564319 119.1090910509229 79.19052864611149 2.016938403248787 11.38730795681477 25.87201011925936 60.03191664814949 12.30856628715992 67.0105102583766 19.34261091798544 79.1894963234663 15.51086530834436 24.56622927635908 21.42657469213009 2.324492052197456 17.86077700555325 131.7710667848587 5.605198249220848 3.938533671200275 6.76691247522831 11.97359322756529 3.48934879899025 0.3046811670064926 3.577287048101425 4.728850513696671 7.152116097509861 97.46921506524086 582.5728412568569 41.56823051720858 39.50367157906294 88.21479862928391 19.5817616134882 9.594715058803558 585.6463116630912 5.131582744419575 3.701518908143044 3.077628791332245 8.216718338429928 72.48692758381367 81.96027985215187 38.87419320642948 20.63989098370075 0 382.5865768641233 62.64029573649168 139.8445338979363 146.2959304973483 58.57466670125723 714.326073050499 1194.195088662207 357.2733512595296 1945.346823580563 18.66324561089277 1.769908875226974 4.388093642890453 4.778174243867397 21.99251584708691 0 2.095651522278786 0.7291763722896576 6.622581072151661 1.942344203591347 45.12299925833941 26.39152144640684 11.16975045949221 93.02775421738625 9.318947583436966 0.3096551895141602 3.773170627653599 595.0176787078381 0 0 0.9560181498527527 0.1854133307933807 0.8871767669916153 7.529661387205124 0 8.366552606225014 3.461511388421059 1.778140261769295 0.1991079896688461 28.12529906630516 11.95020204782486 25.6856751292944 19.32520569115877 4.684486396610737 3.969055362045765 0 0.5552976727485657 0 0 0.5837515145540237 0.4468511343002319 2.17117440700531 0 0.3315008580684662 0 0.2812581211328506 0.1777590364217758 0.5686555504798889 0.5286665707826614 0.2000838369131088 0.3872755914926529 0 0.1194281205534935 1.750886812806129 0 3.985912650823593 0.1290823519229889 23.58775918185711 8.520963236689568 73.84779266268015 28.18194922059774 0.94691301882267 0.5773281753063202 0.8013927042484283 0 0 4.004367500543594 1.439210079610348 0 2.812738731503487 11.95871683210135 0.8953734636306763 0.2756286859512329 1.019304066896439 1.710810482501984 2.086073204874992 0 0.8261893838644028 0.7697087451815605 0.9890073835849762 0.5762929320335388 0 2.370327889919281 13.34407715499401 96.41297876089811 0 1.889282613992691 2.038359850645065 0.2566463947296143 0 0 0.324234277009964 0 0 40.64259672909975 13.24050679802895 0 0 4.307896763086319 8.506880253553391 4.051432311534882 51.30728662014008 6.314025282859802 0.4464555680751801 6.796122699975967 0.5798251032829285 3.768655382096767 1.018112018704414 0 0 0 0 0.5082992389798164 0 0.4740515500307083 0.9575160890817642 23.80734590440989 56.03755137324333 162.3892584070563 62.52683045715094 242.0006193593144 75.5626719892025 592.1003626510501 62.17789257317781 19.67309045791626 51.0564696714282 10.31770377606153 5.919395804405212 26.66558201611042 7.018449239432812 1.075778275728226 5.707178749144077 0.1486386209726334 3.650528237223625 6.079233847558498 1.195214189589024
255.4975245445967 526.413418777287 6.827595174312592 0 3.704901665449142 195.3113139718771 335.226423561573 0 5.182598426938057 254.957533672452 0 194.4010326266289 142.1965524852276 6.177682667970657 0.1353717744350433 0.1790100336074829 0 0 0 0 0 0 0 0 0 0 0 0 0 0 7.178320288658142 1.374191105365753 0 0 0 0 0 0 0 0.1082398593425751 0.1465575098991394 0 0 0 0 0 1.898229070007801 0 0 0 0 0.1763875782489777 0 0 0 0.2416645586490631 4.712314873933792 10.25093975663185 2.075508944690228 1.125225313007832 0 0 0 0 0.1139578223228455 0.1994160041213036 0 0.1919698119163513 0 0 4.594152808189392 0.4013622999191284 0 9.180481173098087 0.5851281136274338 1.917918890714645 0.4929323941469193 0 0 0 0 0 0.4994558542966843 0 0.1077020764350891 0 0.2048360109329224 0 0 0 0 0 0 0 0.1134855002164841 257.5715767890215 0 0 0 24.53144459426403 0 0.2483184486627579 1.689353629946709 0.2022552490234375 1.039260998368263 19.63673575222492 1.261836290359497 9.571636125445366 11.08690237998962 2.501337200403214 0 22.15190987288952 13.55290363729 19.32759001851082 0 0 0 0 0 0 0 0 0 0 0 0 0 0 0 0 0 0 0 0 0 0 0 0 0 0.6177011579275131 0 0 0 0 0 0 0 0 0 0 0 0 0.3630122542381287 0 0 0 0 0 0 0 0 0 0 0 0 0 0.2816760838031769 0 0 0 0 0 0 0 0 0 0.8080560714006424 0 0 0 0 0.3520994484424591 0 0 0 0 0 0 0 0 0 0 0 0 0 0 0 1.053807497024536 0 0 1.70810355246067 1.228898167610168 8.069448746740818 0.8605998754501343 63.57970468699932 2.003983207046986 0.4842937663197517 0.4827101528644562 0 0.1214930936694145 0 0 1.066947519779205 0 0 0 0 0
86.30569783598185 3652.610431924462 243.0025543421507 3.704901665449142 0 24.8699709624052 591.7244379520416 249.6811847612262 4752.787000782788 65.3358217254281 1557.456362508237 25.35142610222101 403.0401831790805 4058.577927812934 88.51083463430405 18.39242830872536 1.349595427513123 0.7387061938643456 0.1231752783060074 0.1302996575832367 0.6617891043424606 0.1133394315838814 0.3540703728795052 0.2815271392464638 0.3670466765761375 3.019777677953243 1.643630832433701 2.039341010153294 2.266935788094997 0.3346289992332458 206.3987342044711 40.72765368968248 9.502980470657349 0 0 0.3407454937696457 2.58223919570446 0 1.384116590023041 1.164237320423126 1.034663423895836 1.152655325829983 0.1998720243573189 1.725165247917175 0.488691583275795 0.2189456224441528 378.9517182856798 8.572901107370853 1.108351208269596 0.4656373038887978 1.642486296594143 0.4561221152544022 0.1024091094732285 1.745819985866547 6.904016457498074 13.02007188647985 56.8294278010726 93.78529512137175 37.09789107739925 83.79022595286369 0.9679872393608093 0.6686926782131195 0.1066075637936592 254.2484784945846 7.404623180627823 8.437320798635483 6.136307872831821 4.539288505911827 1.565951220691204 1.070350468158722 5.424038842320442 7.73069030046463 0.07922270894050598 257.0641869157553 84.55578409135342 251.6694532483816 180.2386884242296 21.20811755955219 4.412305623292923 30.05482501536608 0.8522396013140678 5.699758589267731 27.91729318350554 1.319636397063732 3.882147364318371 9.019772358238697 5.253968603909016 0 1.514768585562706 0.3321954682469368 2.442098386585712 1.024933159351349 1.635654419660568 1.499385967850685 2.771737553179264 139.4771507233381 0.3445059657096863 0 0 30.4395007789135 0 0 22.32259611785412 1.571065172553062 19.15599058568478 49.37593233585358 1.837036356329918 77.14478374272585 12.79995764046907 20.98918958008289 7.633287623524666 163.6582464575768 122.8232412189245 213.3935791403055 54.47331275045872 1.485300213098526 2.466597750782967 0 0.4890072047710419 0 0 0 0 0.6991900056600571 0 0.1352985799312592 0.1502290815114975 0.5006917715072632 0 0.3105414211750031 0 0 0 0 7.922638848423958 2.728544518351555 0 0.3342255651950836 0.5205976665019989 18.89346969127655 3.042558073997498 43.04633660614491 6.612846054136753 0.1395614892244339 0.4547132551670074 0.1390821784734726 0 0.1071377471089363 1.096841990947723 0.7033946290612221 0 3.407849982380867 11.07007244974375 0.2329787909984589 0 0 0.8029256761074066 0 0 1.296204775571823 0.3355509862303734 1.364196479320526 2.322314128279686 0 0.7264507114887238 3.838510558009148 99.46298621594906 1.817886002361774 0.4142673164606094 0.6708029359579086 0.2120218873023987 0.1461166888475418 0.1439227908849716 0 0 0 65.12360782176256 0.9058782607316971 0 0 0.1289575397968292 14.70287927985191 2.487263560295105 28.56655059754848 7.054042033851147 3.945793084800243 7.752503335475922 1.032002121210098 2.1375377997756 1.46970334649086 0 0 0 0 0 0 0 18.31470197439194 4.698571220040321 13.12713760882616 444.5930525660515 94.15167924016714 683.898055292666 153.9133065789938 195.5995400473475 167.5195184573531 37.86964570730925 121.0929686874151 14.79106748104095 2.874634653329849 34.67655718326569 7.22077239304781 3.913901567459106 5.489795237779617 1.409558393061161 6.560600191354752 3.341406747698784 0.1609079837799072
261.6033820062876 1540.980462193489 224.6016548573971 195.3113139718771 24.8699709624052 0 421.7793553471565 10.15049637854099 21.36368548125029 336.9654801934958 16.59496462345123 165.5075189769268 146.4419142156839 53.04326874017715 2.521794237196445 1.121721118688583 0 0 0 0 0 2.398896902799606 0 0 0 0.1890420913696289 0 0 0.5409474223852158 0 204.332774117589 16.94211307168007 55.15847662836313 0 0 0 20.8469016700983 0.3395591080188751 2.264600858092308 0.1374319493770599 0.1190620884299278 0 0 0.1552118510007858 0 0 2.57577508687973 0 0 0 0.4808879122138023 11.7386839389801 0.9363275766372681 0.29453244805336 0.7325580418109894 0.4662037566304207 115.3583397567272 69.34974385797977 15.81486940383911 3.409148313105106 0 20.9059472233057 0 6.968255713582039 0.246060848236084 0 0.1052498519420624 0 0 0 143.7423412203789 1011.788191765547 8.176720663905144 24.41436917334795 0.8471042811870575 2.153950572013855 0.6606650203466415 0.4280112236738205 0.1766439378261566 28.55132504552603 0.2604655027389526 17.00996336340904 0.6698400378227234 1.488799020648003 0.3791942447423935 1.327578410506248 0 9.810658246278763 5.7891890630126 31.85065639019012 0.9700390100479126 9.608961835503578 0 0.2174147516489029 1.792932152748108 576.2988617271185 488.6881705895066 30.2728099822998 10.91541902720928 386.2014252394438 0 0 0.1557655036449432 0 0.1911598443984985 7.595874339342117 0 0 6.903774067759514 0.752767875790596 0 0 3.146929562091827 0.3198445439338684 4.680374026298523 1.172085985541344 0.5457266718149185 0 1.342041075229645 0 0 0.3880070298910141 0.1809066385030746 0.4096529930830002 0 0 0.2706486582756042 0 0.1535003632307053 0.2585819959640503 0 1.098840847611427 0.1935828328132629 0.1828779578208923 0 0 0.2293061763048172 1.35774277150631 0.5745899975299835 5.741211637854576 2.051111698150635 14.65148329734802 14.69473749399185 1.359979540109634 0 0 0 0 2.11711174249649 2.062989920377731 0 0.3668483793735504 1.727242365479469 0 0 0 2.814576357603073 0 0 0.3564054071903229 0.1435820162296295 0.2965314388275146 0 0 0.4553193002939224 5.557837665081024 8.997075751423836 0 0.5169687271118164 0 0 0 0 0 0 0 10.27248779684305 18.20223870873451 0 0 0.3638414740562439 0.3309509754180908 1.224491998553276 4.239429250359535 0.8791763186454773 0 1.096072763204575 0 1.80574394762516 0 0 0 0 0.1807578504085541 0.1283722817897797 0 0 0.3986863195896149 14.3727235943079 21.7921090722084 7.955772697925568 3.375165238976479 8.7855519130826 2.606121778488159 170.6262583583593 7.046919569373131 1.043576493859291 0.6877555400133133 2.692447349429131 0.4988365024328232 4.205735594034195 0.6970624923706055 0.7376459538936615 0 0 1.803474456071854 0 0
464.9325908944011 1348.795255787671 107.7363380119205 335.226423561573 591.7244379520416 421.7793553471565 0 4.81882344186306 761.1182864978909 2036.494998186827 230.1244526877999 587.6372372880578 7294.395799204707 741.9683116674423 65.50133556872606 12.29444795846939 2.54307546466589 0.1003355905413628 0.1003370136022568 0.1203256249427795 0.2011160254478455 0.1077334806323051 0.3274047672748566 0.3737766295671463 0.2750831916928291 2.123204089701176 0.6969427764415741 1.867287278175354 0.7395338118076324 0.6521601974964142 177.6158702671528 64.56057069450617 9.658992908895016 0 0.09170035272836685 0.3958029448986053 4.83529806137085 0.4160818308591843 1.586289368569851 1.330172389745712 0.8596357852220535 1.067788861691952 0.2389884516596794 1.60196241736412 0.1239869967103004 0.2974860966205597 303.6016112342477 4.954401575028896 0.3816625252366066 0.2233554869890213 1.926015630364418 0.3377457857131958 0.2571883127093315 1.202545277774334 7.054866515100002 16.0789844840765 69.20410343259573 111.5857641175389 36.1878304630518 70.27678129822016 1.513371095061302 2.255768112838268 0.7011996805667877 154.8666753172874 9.562865756452084 6.641275696456432 4.182574734091759 3.668343484401703 1.863251850008965 0.8131157755851746 43.00321129709482 22.74387852102518 0 256.3619091361761 63.21138962358236 189.8145959824324 104.5955903232098 12.80319956690073 2.520695865154266 11.39551389217377 0.6346281245350838 4.288363918662071 28.46595604717731 1.855338260531425 5.943814635276794 9.331637367606163 3.317915327847004 0.3498146459460258 2.237773880362511 1.236131884157658 2.29031141102314 0.9635437503457069 1.734897464513779 1.16870254278183 3.070019140839577 1482.845945119858 13.74656771123409 0 0.6214319467544556 86.52006817609072 1.556318283081055 0.9826821535825729 46.82292810082436 5.234097898006439 35.72752320766449 130.7888652682304 5.633746936917305 177.2206189185381 84.22897138446569 52.91464652121067 18.3051393777132 351.8328782990575 244.7871358543634 367.9256851896644 69.07393740862608 2.036505274474621 3.922601625323296 0 0.2282011657953262 0 0 0 0.7271560728549957 0.605078250169754 0 0 0 0.1805013120174408 0.1687220185995102 0.444482296705246 0 0 0 0 5.728748127818108 2.925050005316734 0 0.4991369843482971 0.2689142897725105 31.47763599455357 3.129730865359306 44.48522816598415 6.089531287550926 0.855531632900238 0.231321707367897 0 0 0.1801761090755463 0.3567426204681396 0.8954237550497055 0.3944954872131348 2.854492053389549 16.05475671589375 0.6360230445861816 0 0.1514938771724701 0.1234031766653061 0.5111219882965088 0.08572530001401901 0 0 0.6290333867073059 2.032943181693554 0.3590082079172134 1.223105818033218 6.389968574047089 101.9942490756512 2.691342815756798 1.582201167941093 0.6822256296873093 0.1100047454237938 0.1345070898532867 0.5513748154044151 0 0.2810156345367432 0 87.4194727614522 1.200315862894058 0.2713215202093124 0.2126868516206741 0.6203573942184448 18.02254767715931 2.838964879512787 31.97260707616806 4.640326932072639 5.60876452922821 8.729634933173656 1.591929882764816 1.913693264126778 0.7805128395557404 0 0 0 0 0.1499688476324081 0 0 35.38837219029665 5.022277757525444 12.2764035910368 323.845024921 81.30792943388224 571.4534655734897 125.0753487944603 389.0584748908877 151.4196296557784 36.59103026241064 90.7021404504776 13.71229738742113 2.489374853670597 23.05432721227407 5.929444059729576 10.10422902554274 2.283833786845207 0.3880480751395226 4.838610708713531 5.169403418898582 0.1491475701332092
91.55962514877319 2592.905770868063 2553.175705865026 0 249.6811847612262 10.15049637854099 4.81882344186306 0 719.6421792060137 1.722613409161568 1614.262737713754 0.4318411946296692 5.952081054449081 744.0910529196262 118.6338104009628 31.09800250083208 6.58693578094244 3.922624006867409 0.4030895605683327 8.565611220896244 65.37655368447304 0.581072524189949 5.012703865766525 5.901074983179569 19.39299508184195 10.47129411250353 6.392131775617599 2.313427343964577 0.6288979202508926 0.4315533563494682 1078.857779540122 538.9471050798893 137.4184338524938 0.642811693251133 5.672276198863983 14.18969658017159 59.80808028578758 8.81341353058815 54.76359398663044 14.98624990135431 39.64710799604654 11.57075694948435 10.28493238985538 17.95282968878746 1.028228990733624 21.28099922090769 262.6296575590968 4.172336593270302 1.899898551404476 4.342520289123058 10.50977577269077 1.924264326691628 0.1973751559853554 3.9445626065135 3.253550969064236 6.973452135920525 38.60461171716452 161.7452616915107 18.59383774548769 44.99746722728014 157.1266890838742 23.3920379281044 9.344807922840118 600.048235476017 3.71513570100069 3.46514006704092 3.343178935348988 3.080052852630615 27.03834564983845 39.63719153404236 44.13214112818241 34.48264007270336 0 230.0208128467202 98.53929322212934 211.1992340832949 321.2890587747097 146.7843225449324 1454.613581523299 1797.309950098395 725.759641431272 2468.21508140862 16.04026356339455 0.8684881553053856 4.095391973853111 4.251472197473049 8.987664572894573 0.1600197702646255 1.251292325556278 0 6.470092870295048 2.240992471575737 29.41140644997358 18.57356537878513 13.25852996110916 77.29024914652109 12.7918862849474 0 4.15321646630764 30.42760547995567 1.855188697576523 0 10.73852190375328 0.4478120505809784 13.85301940143108 29.67069126665592 0 56.95473067462444 4.493957817554474 11.24189478158951 5.350647315382957 109.6579217165709 74.69880595803261 174.7078105956316 69.61748251318932 2.915586829185486 1.641030631959438 0 0 0.1226088181138039 0 0 0 0.8484451621770859 0 0.2354801446199417 0.3177499175071716 0.5036854594945908 0.5816205143928528 1.074382722377777 0 0 0.4937709271907806 0 3.273214496672153 3.173492982983589 0.8084308505058289 1.979477941989899 1.171264454722404 32.65485568344593 4.92289911210537 77.93613559752703 18.02976600825787 1.078094370663166 0 0 0.4829802662134171 0 3.109238862991333 2.540940642356873 0 6.791068509221077 22.19352105259895 0 0.6619615405797958 0.2470774427056313 0.4382074847817421 1.492087855935097 0 0.8162221163511276 0.2743536829948425 1.243317648768425 8.281740218400955 0 0.7572846114635468 6.963524341583252 161.4364648535848 1.251821741461754 2.503593116998672 1.556557863950729 0.4337918758392334 0.2887401133775711 0.1795427054166794 0.2370124757289886 0.1594760119915009 0.3080934584140778 67.87672831118107 4.218847900629044 0.1757487058639526 0 3.147822111845016 17.28295090794563 2.399382993578911 54.24360652267933 16.8715061545372 8.295865140855312 10.11836588382721 0.5731288865208626 2.400810860097408 0.3881165236234665 0 0 0 0.3968084082007408 0.1391786336898804 0 1.22920449078083 23.82549458742142 7.915104746818542 24.2120396271348 361.1846246048808 64.99697859585285 451.2385701090097 88.58937057107687 78.43039271235466 75.38074963539839 16.85484635084867 97.38181138783693 15.75720275193453 3.111541144549847 53.80798970162868 7.346464373171329 1.902408763766289 6.250763908028603 0.8449115976691246 7.574785619974136 7.55584242194891 0.7775785550475121
16.08535053580999 824.9635965451598 135.9416933059692 5.182598426938057 4752.787000782788 21.36368548125029 761.1182864978909 719.6421792060137 0 181.0188252776861 1030.377499558032 91.1853915899992 1160.936575435102 5241.450589947402 121.1910668611526 25.94865223765373 1.283918373286724 0.2450448051095009 0 0.400287501513958 0.7066641971468925 0.2357430830597878 0.7620860189199448 0.1640607714653015 0.5889429450035095 1.968050688505173 0.3864721059799194 1.074504502117634 0.4372993335127831 0.4736483171582222 93.8391524553299 30.23177933692932 8.870935805141926 0.1012001931667328 0.08241329342126846 0 3.335814021527767 0.3386003449559212 1.906424127519131 0.9317424669861794 1.032418467104435 0.5389943271875381 0.08413175493478775 2.9661900177598 0.3243614286184311 0.8496688827872276 329.4320259988308 4.18826387822628 0.7546235322952271 0.4918140396475792 1.724737897515297 0.5358803570270538 0.3485549762845039 1.038127779960632 3.08614681661129 9.56596739590168 33.7232621461153 41.36767296493053 19.51493802666664 52.15625033527613 1.88589333742857 0.2577790915966034 0 170.1021090745926 5.430477514863014 3.697163708508015 3.582610085606575 1.572443269193172 1.709354139864445 0.603113517165184 12.41163912415504 27.38670224696398 0.3085390329360962 142.0140811949968 62.48035421222448 201.3445673435926 211.2936355397105 29.62211315333843 15.57376395910978 179.7859488502145 2.696069985628128 12.6449771374464 16.68097331374884 0.4068482741713524 3.173135302960873 5.123314619064331 2.822015754878521 0.4426583871245384 1.217164985835552 0.6730351746082306 2.201642513275146 2.095967411994934 2.380103066563606 0.8965669795870781 4.34664611518383 465.1873139441013 6.068171143531799 0.2713662683963776 1.450646072626114 18.70505594462156 1.807628244161606 1.596585169434547 50.28147211670876 3.9707982391119 34.55419588834047 120.4550823196769 7.234853439033031 196.8344896733761 37.99960781633854 57.26853123307228 22.2433360517025 403.9473639801145 308.7840438559651 535.0868963077664 141.8682323843241 2.956899397075176 3.19065910577774 0 0.444965198636055 0 0 0.319375216960907 0.9084871858358383 1.161153420805931 0 0.1548628807067871 0 0.6175439953804016 0 1.18009951710701 0 0 0 0 9.151601620018482 8.336360365152359 0.1108398884534836 1.948329105973244 0.9624011069536209 43.99953029304743 0.9736179858446121 81.83855485916138 12.11699113249779 0.1295527070760727 0.1532695591449738 0.856968991458416 0 0.1259426921606064 2.715292111039162 0.719870999455452 0 8.034253686666489 25.33875817060471 0.4667851477861404 0 0.36856409907341 0.6302164644002914 0.1612538397312164 1.355116844177246 1.05414092540741 0.2088343650102615 1.030412390828133 5.171624228358269 0.5201592147350311 0.3730482161045074 6.824985235929489 197.2610079199076 2.942999616265297 2.9848587885499 2.145054005086422 0.2899287939071655 0 0 0 0 0.1798053681850433 139.5654981136322 1.559116967022419 0 0.1310817450284958 0.3955467790365219 25.12296259403229 2.916875578463078 59.4860243499279 16.31888999044895 12.58901581913233 14.86342769116163 0.4645837694406509 3.473326206207275 0.7143208310008049 0 0 0 0.09865841269493103 0.207731768488884 0 0.6642241626977921 57.84572471678257 7.645167350769043 20.93376050144434 649.6306734681129 74.80869002640247 731.2742013931274 179.4381564930081 167.6948612630367 185.3853284195065 29.42504188418388 186.0020685195923 26.08561253547668 5.626405134797096 47.64756757766008 10.43849490582943 10.06715600937605 7.103217892348766 0.1134892478585243 7.899565003812313 8.325939685106277 1.654170379042625
222.3196774572134 405.671791061759 11.05622515082359 254.957533672452 65.3358217254281 336.9654801934958 2036.494998186827 1.722613409161568 181.0188252776861 0 4.405875384807587 721.7434665709734 5102.278394177556 206.5963634103537 8.804289273917675 2.56706365942955 0.4529667496681213 0 0 0 0.7827698439359665 0.3703666478395462 0 0 0 0.2588323056697845 0 0 0 0 4.739170610904694 1.545247584581375 21.93834307789803 0 0 0 4.360443741083145 0 1.966827660799026 0 0 0.2668431103229523 0 1.707835219800472 0.1727006286382675 0.116597443819046 10.59461014717817 0.1170503720641136 0 0 0 1.144227489829063 0 0 0 0.1211379766464233 5.655019469559193 4.447270527482033 1.115329138934612 0.9236239418387413 0 3.199587449431419 0 3.112437829375267 0.1704977750778198 0.1714232563972473 0.1297365576028824 0.2089283764362335 0.2671859338879585 0 240.8163030743599 65.74416643381119 0.1895869672298431 7.983136229217052 1.305416129529476 3.498378358781338 8.315048739314079 3.855451017618179 0 14.00515051186085 0.1384950280189514 3.741075709462166 0.3351857736706734 0.08721021562814713 0.1034287437796593 0.1255922913551331 0.09248657524585724 0.9228169471025467 1.559723302721977 3.780428387224674 0.09792141616344452 0.6612815707921982 0 0 1.307440176606178 1419.024128109217 66.96807113289833 4.537380948662758 1.939175918698311 129.5362243652344 0 0.4403970241546631 15.95536701381207 10.74868024885654 6.815665885806084 111.3486654013395 8.944357797503471 50.52335678040981 49.80063326656818 20.80121695995331 2.856856390833855 104.0009214431047 75.10262204706669 145.6706167310476 13.85961149632931 0 0.1353729069232941 0.2837852835655212 0.125568762421608 0 0.2082948982715607 0 0 0 0 0 0 0 0 0.2906619906425476 0 0.1439680904150009 0.222745954990387 0 0.199533149600029 1.622917622327805 0 0 0 9.11721646040678 0 7.938549563288689 1.122023537755013 0 0 0 0 0 0.5179783999919891 0.3306190967559814 0 0.4046535640954971 2.602184064686298 0.2107498347759247 0 0.203988641500473 0.6169205605983734 0.2274633795022964 0 0 0 0.2259325385093689 1.072946935892105 0 0.1599434316158295 0.4784766882658005 16.16000007092953 0.7172552943229675 0 0 0 0 0 0 0 0 20.24582956731319 2.078702628612518 0 0 0 3.055637836456299 0.2753249704837799 4.060334891080856 1.093659251928329 0.7858336120843887 0.9733588099479675 0 0.5319621935486794 0.297825463116169 0 0 0 0 0 0 0 22.33283318579197 1.215350329875946 2.886618889868259 31.20677122473717 2.627623997628689 21.59126545488834 5.538409724831581 60.04600229859352 3.795836292207241 0.8128494843840599 11.14356821775436 0.5785721987485886 0.4159848541021347 3.444241344928741 0.4349763691425323 4.443375810980797 0.5982247814536095 0 0.8839854598045349 0.6691074818372726 0
101.5834921449423 6154.631295628846 1233.016488306224 0 1557.456362508237 16.59496462345123 230.1244526877999 1614.262737713754 1030.377499558032 4.405875384807587 0 20.02238187193871 282.8906262665987 8357.642710380256 69.23136711865664 17.17885362356901 3.612948566675186 0.5898853540420532 0.2703509926795959 0.08217924833297729 1.723330959677696 0.4203338027000427 0.1003699973225594 0.6957578957080841 1.102114722132683 2.874922312796116 1.729690738022327 1.000785812735558 1.59356214851141 0.1738424673676491 519.2922681421041 75.10189680755138 521.2211273759604 0 0 6.965398460626602 136.528866559267 3.308196648955345 66.88450159132481 4.456059858202934 2.920632839202881 1.352655008435249 0.6697734892368317 4.520741984248161 0 0.3171217292547226 155.4430282190442 3.672515772283077 0.1288173645734787 0.8751950785517693 2.693897277116776 0.7126744017004967 0 1.387880936264992 1.78733878582716 6.290281549096107 26.15419647842646 107.6037687808275 13.40677835792303 37.55719450861216 0.5116414129734039 4.523212023079395 0.2357548996806145 215.038111820817 4.104699850082397 3.110020682215691 2.612611971795559 2.934799559414387 1.102827250957489 0.3945641070604324 77.55848789215088 42.1466131657362 0 142.892387971282 40.66333967447281 126.0407414212823 109.8059208765626 25.16014600545168 71.33355440199375 802.8761656731367 1.804282411932945 166.3963262587786 11.97141124308109 0.4714762195944786 2.072826534509659 3.846110925078392 3.378692172467709 0 1.578220099210739 0.09360369294881821 1.424417473375797 1.768242195248604 1.342295363545418 2.034511104226112 5.674786172807217 206.4148389473557 14.06887552142143 0 3.941917166113853 32.41301183402538 0.4041363596916199 0 15.77231711149216 0 12.71233519911766 30.57759679853916 0.77748142182827 58.01116508245468 7.325278669595718 10.09491245448589 4.122612312436104 111.5967516303062 69.22285243868828 201.5107909366488 59.15114651620388 0.7424428164958954 1.060704275965691 0.1542111337184906 0.2294736206531525 0 0 0 0 0.4328962862491608 0 0 0.2353373169898987 0.6755507588386536 0 0 0 0 0 0 5.975028641521931 2.686799243092537 0.4379559457302094 2.029921650886536 0.2837192118167877 29.53412864357233 3.596949934959412 44.74807810783386 6.643548808991909 0.5891795605421066 0 0.2621608078479767 0 0 0.766542837023735 1.193080708384514 0 4.394668787717819 14.38625580817461 0.1532259434461594 0.1946138441562653 0 0.1765322536230087 0 0 0.3974473774433136 0.387476734817028 4.645929366350174 4.371336862444878 0 0.6784360632300377 2.620656296610832 99.7619251459837 0.1324938833713531 2.042583912611008 0.8058813065290451 0 0.1822223365306854 0.3942836374044418 0 0 0 54.70106606185436 2.824027091264725 0 0 0.4450047165155411 16.20004178583622 0.8957314491271973 33.43426460027695 7.311589725315571 3.66879565268755 11.39494210481644 1.99215704202652 2.213545069098473 1.155488178133965 0 0 0 0 0 0.147834911942482 1.070089593529701 15.84022311866283 7.760943487286568 8.278383135795593 264.1597640439868 38.27721005678177 282.9161968305707 59.2715712338686 51.14483455568552 51.81832978874445 14.34202820062637 63.15808088332415 5.358439013361931 0.6654423698782921 35.07754900306463 4.371797159314156 3.125439628958702 2.52533183991909 0.5119966492056847 4.06601220369339 3.103409796953201 0
139.2384565919638 134.9175852686167 0.09873245656490326 194.4010326266289 25.35142610222101 165.5075189769268 587.6372372880578 0.4318411946296692 91.1853915899992 721.7434665709734 20.02238187193871 0 1811.18257612735 223.0223685577512 46.19878716766834 15.46277768164873 2.432747945189476 0 0 0 0 0.8636352717876434 0 0 0 0.3030733987689018 0.3834981247782707 0 0 0 1.02732264995575 3.333765059709549 34.70993788540363 0 0 0 26.55442966520786 0 6.618497930467129 0 0.1588215678930283 0.6019246429204941 0.4210838973522186 5.669204443693161 0 1.219929099082947 34.08105228841305 0.1930241733789444 0 0 0.4450766295194626 0.4800787568092346 0.2107127606868744 0.8527297228574753 0 0.2760949954390526 1.272013418376446 1.682670161128044 0.207272469997406 4.076419942080975 0.550033375620842 4.019227355718613 0.1085720956325531 15.23409527540207 0.08781109005212784 0.2777662724256516 0.3040200471878052 0.4891038686037064 1.228967770934105 1.903171554207802 166.7982710152864 84.36840988695621 0.3222841173410416 6.829409018158913 4.644839264452457 18.87840788811445 33.39838898181915 12.24707019329071 0.3010923266410828 50.10172569006681 0.2500981241464615 2.24813024699688 1.235647261142731 0.1966267675161362 0.09687870740890503 0.538600891828537 0.2955496832728386 0.9248484969139099 0.7266578525304794 1.79796463996172 0 0.9540507346391678 0.3786751329898834 0.4817991480231285 1.287115603685379 1787.332220032811 76.35025532543659 3.643323466181755 3.907276958227158 31.17405611276627 0.6652491688728333 0.393961489200592 12.11677820980549 1.285475105047226 10.82538674771786 54.1837537586689 3.208622470498085 63.81137771904469 52.83024202287197 26.21150071918964 5.733034655451775 144.5173732340336 108.4946603477001 206.8805064186454 45.0260441377759 1.478413946926594 1.801315277814865 0 0.2785838842391968 0 0 0 0 0.1507478654384613 0 0 0 0.3886039555072784 0 0.473429799079895 0 0 0.3973715305328369 0 4.085108362138271 1.622294194996357 0 0.4848889410495758 0 21.02739259600639 0.2928323298692703 29.78477121144533 6.786118723452091 0.9482434242963791 0 0 0 0 0.6805913001298904 0.3862716928124428 0 1.132773473858833 5.793177098035812 0 0 0 0.724900558590889 0.2218892723321915 0 0.2169814258813858 0.1137621775269508 0.8105923980474472 0.4239603877067566 0 0.1331034600734711 1.006147846579552 53.22549089044333 1.332422375679016 0.622167244553566 0.2852495387196541 0.0920792892575264 0.1176833733916283 0.1163013353943825 0 0 0 59.35508459806442 3.100221633911133 0 0 0.1895674914121628 8.136318996548653 0.7402681261301041 12.6778497248888 3.622848033905029 0.5761166289448738 3.047336466610432 1.002265848219395 1.42950464040041 0.09604022651910782 0.1073249652981758 0 0 0 0 0 0 37.06816802918911 4.820617705583572 10.16145642846823 76.021654099226 9.836872786283493 62.20865384489298 22.56380128115416 23.25376646220684 6.225148364901543 2.464731752872467 25.44827859848738 4.328591056168079 1.415254458785057 13.84263605624437 1.354763478040695 3.581911697983742 1.334087267518044 0 2.590985521674156 1.879075095057487 0
101.9603675976396 413.360896512866 0.6606627106666565 142.1965524852276 403.0401831790805 146.4419142156839 7294.395799204707 5.952081054449081 1160.936575435102 5102.278394177556 282.8906262665987 1811.18257612735 0 4349.263893060386 167.8352643623948 50.52565351128578 9.109473817050457 0.622153103351593 0.1576275825500488 0.15245221555233 1.645867109298706 0.1197009235620499 0 0.1381528228521347 0.5289918184280396 1.205537147819996 0.1985746249556541 0.6561315134167671 1.116220712661743 0 8.794036388397217 16.00651047378778 348.9189835488796 0 0.9280957579612732 0 50.01367063820362 0.2216285765171051 16.72821237891912 1.918174937367439 1.682527422904968 1.0778773650527 1.208523780107498 12.23673185706139 0.2760187909007072 0.8998824059963226 170.2686304301023 2.02308926731348 0.1835956647992134 0.5823193266987801 1.120819419622421 2.101405426859856 0.4527197927236557 0.6934088543057442 0.642781101167202 2.274000011384487 7.228113561868668 7.16850633919239 4.256025478243828 19.75141587853432 0.4959886744618416 4.301256820559502 0.7155975550413132 69.1848907917738 1.95015374571085 1.872874066233635 1.575361520051956 2.161068961024284 2.793294057250023 1.73302486538887 385.5447879135609 101.8067152947187 0.9376872032880783 38.88123499602079 20.78599692136049 86.04886186122894 150.7774120345712 58.81035840511322 0.9943126887083054 290.7044008374214 2.33528183400631 21.07989883422852 6.893668808043003 0.1982258781790733 2.024346932768822 2.160410717129707 2.150571510195732 0.4065541476011276 1.846078805625439 2.358702249825001 2.090545102953911 1.647601149976254 1.998055852949619 2.710702128708363 3.649709701538086 4152.466179743409 51.20809084177017 1.3196961581707 4.579442098736763 38.75688551366329 1.012265831232071 1.991460531949997 67.09425728023052 7.79006389528513 48.20013505965471 257.4728376194835 16.10277952253819 275.3091800808907 102.3189041391015 111.4188035577536 32.65665248036385 607.7164282202721 472.7915611565113 721.7728902250528 143.2944236323237 3.741446428000927 6.183777898550034 0.4744422137737274 0.1499022990465164 0 0 0.1557687669992447 0.1314713209867477 1.653246521949768 0 0.1523552536964417 0.5079111605882645 1.296047940850258 0 1.376789927482605 0 0.2094768583774567 0.396194189786911 0 10.13733148574829 6.596912153065205 0.1520991623401642 1.661307737231255 0.6736968457698822 63.16986362636089 2.928123846650124 88.56159240007401 18.02695892751217 1.850057259202003 0 0 0 0 2.226707920432091 0.5508977025747299 0 6.995371453464031 27.05678511410952 1.751993723213673 0 0.2831346988677979 0.6277062296867371 0.4343924522399902 0.09964168816804886 0.7405140101909637 0.3350079208612442 1.621618270874023 6.470793679356575 0 0.7182710915803909 7.611722230911255 190.1879672929645 2.474046446382999 2.59050078690052 2.248411111533642 0.5170026943087578 0.2201629504561424 0 0 0 0 216.9231941401958 6.761546857655048 0 0.2099651694297791 0.6565736383199692 32.07519395649433 4.338808618485928 56.08947363495827 10.24466150999069 8.855607740581036 15.77227847278118 1.574189953505993 4.846471726894379 1.818815849721432 0.256242424249649 0 0 0.2563782557845116 0.3246144205331802 0 0.2952159941196442 111.7481037974358 21.11179593205452 34.38970073312521 420.0809420049191 70.24464350193739 334.5987381786108 130.8804869428277 55.18939124792814 74.5665393397212 17.18493291735649 160.479394517839 18.18910020589828 5.232621654868126 41.84146937727928 7.698268286883831 17.38688765466213 6.38411919772625 0.6711310744285583 10.46660945564508 12.91176943480968 0.156265914440155
