0 3539.690688200295 330.7936197891831 542.6147687733173 932.2999973967671 86.72404120862484 1289.780963644385 266.6991697698832 122.352314516902 725.0069780126214 343.1253523677588 87.97290087491274 483.654405541718 474.6076399981976 26.36280278116465 18.65901624411345 0 0.1716694831848145 0 0.2367471009492874 0 0.2721730172634125 0.261402353644371 0 0.8105167001485825 0.2706233859062195 0.1627420336008072 0.1363706588745117 0.1268190145492554 0 273.073162689805 5.082796946167946 418.4527617320418 0 0.1821026057004929 0.1682510077953339 95.29325202852488 3.10638365149498 1.648666426539421 0 1.503575995564461 0.2049671560525894 0 1.347980163991451 0 0.2343178316950798 28.81446880102158 2.72314215451479 0 0.5056535750627518 2.200661882758141 2.193388238549232 0 0.6442001909017563 1.595866464078426 3.010751508176327 907.8145926222205 1009.439376093447 152.3695769533515 11.69380658864975 0.121947206556797 72.98248316347599 1.267196103930473 3.178630374372005 9.482112966477871 9.418977200984955 3.447688519954681 2.454622440040112 0.321447066962719 2.918288335204124 91.98969912528992 5.521177597343922 0.4840229600667953 117.8564150556922 27.79401867836714 31.9964063167572 6.139289706945419 2.22818186879158 6.49691154062748 358.4868062660098 1.594880595803261 36.53655214607716 11.4858548566699 0.4277655854821205 5.725398257374763 5.095662713050842 3.380395852029324 1.482591941952705 3.044338740408421 1.517149329185486 2.632711440324783 0.8239786624908447 3.598643377423286 0.7197525203227997 0.2253807559609413 203.1032115221024 10.65475912392139 0 2.740877956151962 1132.923477396369 0 0 1.181786403059959 0.2361855208873749 0.4046395719051361 3.810750037431717 3.627568975090981 2.481773778796196 7.585251644253731 7.583504527807236 0.6870109289884567 5.48266912996769 9.791908532381058 8.602758675813675 0.731261670589447 0 0 0 0.2911820709705353 0 0 0 0 0 0 0 0 0 0 0 0 0 0.1450208127498627 0.09120180457830429 0.8478533923625946 0 0.1066031828522682 0 0 2.820204466581345 0 0.9708447009325027 0.3293943554162979 0.1103774085640907 0 0 0 0 0 0.3289009183645248 0 0.1315373033285141 1.504153326153755 0 0 0 0.5615196824073792 0.4749913364648819 0 0 0.1979436278343201 0 0.4673985987901688 0.187637597322464 0 0.1968159526586533 1.218578487634659 0 0.1253789216279984 0.1151196360588074 0 0 0 0.4157485812902451 0 0 5.171957731246948 1.050452500581741 0 0 0 0.5323590561747551 0 0.4768760502338409 0.1357108056545258 0.5468410402536392 0.1335396766662598 0 0 0.1361452639102936 0 0 0 0 0 0 0 4.809764385223389 0.8040848448872566 2.008154734969139 146.6204468160868 15.75537847727537 181.8936257660389 57.66569453477859 1162.555744506419 14.96023375540972 3.032574087381363 24.25788172334433 20.35341546684504 0.6590639650821686 2.298843011260033 0.1427226960659027 12.53808715939522 0.7135975956916809 0 0 3.827578127384186 0.9309116005897522
3539.690688200295 0 749.5447704643011 234.5989972651005 4174.521135672927 509.7474150359631 3790.012004978955 435.4339490309358 490.4809660613537 238.0856031477451 449.4032023251057 167.8215863406658 1441.419599376619 1024.847624115646 25.46485617756844 6.448679901659489 0.5038521662354469 0.319838210940361 0 0.2550361528992653 0 0 0.2436111122369766 0 0 0.2889662832021713 0.1335221081972122 0.4841553121805191 0 0 1500.556140422821 10.02995639294386 256.1469930261374 0.1926109194755554 0 0.797253280878067 36.00188747048378 0.1219271942973137 0.4305461943149567 0.5128254592418671 1.506938114762306 1.748374730348587 0 0.5371668115258217 0.1863347887992859 0.8021111562848091 111.6553959622979 8.959767013788223 0.2817502990365028 0.4953489974141121 4.274991177022457 0 0 1.205713577568531 6.985687844455242 11.0204117000103 597.6896864697337 833.632839165628 145.2903366833925 54.53428138047457 1.082348719239235 15.89117536693811 0.4025516659021378 15.58971749991179 24.15047538280487 20.02455043047667 9.289244592189789 5.894629344344139 1.724242895841599 3.235561937093735 23.59129470586777 5.248226642608643 0.1139446198940277 263.5564973726869 98.35301245748997 99.13434765487909 9.998072609305382 2.538978077471256 3.578929141163826 320.7395539134741 1.765585370361805 18.90890944004059 33.27886520326138 0.7936869338154793 14.60012406110764 19.56154138594866 11.72899666428566 0.8647199869155884 7.498765371739864 0.8368108123540878 8.536118231713772 3.911717019975185 1.725265026092529 1.210147611796856 1.764307878911495 37.49893582612276 2.046328991651535 0 0 924.8328396379948 1.050760850310326 0.5404065251350403 0.6211559772491455 0.4700028300285339 0.5885307490825653 4.105078756809235 2.540268689393997 2.034141108393669 15.99556383490562 18.23921051621437 0.9654799401760101 9.682558044791222 20.00860050320625 10.82365021109581 1.457213833928108 0 0.4452759921550751 0 0.855701208114624 0 0 0 0 0 0 0 0 0 0 0 0 0.1155470684170723 0.1624935269355774 0 0 0.3166183531284332 0 0 0 3.026702031493187 0 2.227286413311958 1.223695114254951 0.1545383930206299 0 0 0 0 0.623922124505043 2.991796255111694 0 0 0.6438913196325302 0.1281418800354004 0 0 0 0 0 0 0.09476271271705627 0 0.5411199927330017 0 0.4838252514600754 0.6375090181827545 1.818872392177582 0.2143463641405106 0 0 0 0.5822863206267357 0.134849950671196 0.1679074615240097 0 0 5.221928507089615 0 0 0.2081584483385086 0.1242552697658539 0 0 0 1.161808550357819 0.5579916536808014 0 0 0.7333380877971649 0.1061915084719658 0 0 0 0.7559058368206024 0 0 0 6.062231078743935 1.621023543179035 2.979189962148666 225.7631906718016 31.5389206930995 535.2644428238273 108.9927451610565 1212.492853693664 31.72398008406162 9.656207136809826 23.91604809463024 33.34920856356621 0.4565975964069366 3.673812806606293 0.5348868370056152 27.24507559835911 0 0 1.476106584072113 2.334726125001907 0
330.7936197891831 749.5447704643011 0 1.521398693323135 1228.883664228022 2.514910787343979 62.16378858685493 2509.659194149077 82.97441244125366 0.3755303174257278 1050.498159796 3.002460151910782 44.53963376581669 264.0195032507181 11.7954899892211 12.01441072672606 0.1527110636234283 0.1795822232961655 0 0.3307934105396271 0.9521053433418274 0 0.1731639206409454 0.1789850443601608 0.7058059573173523 1.603402301669121 0 0 0 0 2892.551469184458 419.0540727823973 330.0488928928971 0.9230811148881912 0.6470162272453308 1.707609951496124 28.21722193062305 1.7207350730896 0.1932626515626907 0.8749065101146698 8.798492036759853 3.175211250782013 0.4475186169147491 0.321275994181633 0.3164859339594841 1.114599317312241 15.8672044351697 3.356933780014515 0.1509946584701538 0.4385205954313278 4.985609605908394 0 0 0.3276512026786804 0.4864478781819344 1.32708116620779 129.1245012134314 734.33712695539 19.88461365550756 6.338699035346508 3.277266472578049 56.13240348547697 5.755519777536392 28.78518271446228 2.352764949202538 5.09841937571764 6.188959158957005 13.92666728049517 9.418727919459343 27.9845267534256 8.023110747337341 1.444911822676659 0 40.30824235081673 50.72891621291637 17.06280638277531 6.397985026240349 1.952531963586807 57.3289846777916 482.7892928048968 37.56960697472095 197.7337857931852 4.101766489446163 0 1.844706989824772 2.630830638110638 7.749638594686985 0.1570834368467331 0.9192989021539688 0.1215135827660561 1.367996871471405 0.2779126316308975 21.04114928841591 3.041127294301987 1.239389181137085 1.332043066620827 0 0 0 211.1283545643091 0.3100481927394867 0.2681411504745483 0.5276054739952087 0 0 0.2652886807918549 0 0.1633733659982681 0.2837167084217072 0 0 0.1981460303068161 0.1763855814933777 0.1777078807353973 0.3751794099807739 0 0 0 0 0 0 0 0 0 0 0 0 0 0 0 0 0.1413148194551468 0.4666569530963898 0 0 0 0 0 0 0.5774110332131386 0 0.2138199955224991 0 0 0.2653779089450836 0 0 0 0 0.1827676892280579 0.1677665710449219 0 0 0 0 0 0.240432471036911 0.2454646676778793 0 0 0 0 0 0 0 0 0.1713947802782059 0 0 0.1120099201798439 0 0.1066752821207047 0 0 0 0.1348693519830704 1.231574475765228 0 0 0 0 0 0 0 0 0 0 0 0 0 0 0 0 0.1318321228027344 0.1677880138158798 0.1823682636022568 0 0.2377515733242035 0.279779352247715 0.5197960287332535 25.66709984093904 3.622352451086044 57.77193831652403 15.74066754430532 13.53791625797749 3.578276887536049 0.8676253706216812 8.544932626187801 1.921839937567711 0.1204867511987686 0.6983800828456879 0.3666239231824875 1.214962691068649 0 0 0 1.070718377828598 0
542.6147687733173 234.5989972651005 1.521398693323135 0 18.47673007845879 294.6737563461065 1037.126047790051 0.3154546618461609 64.81696718931198 1930.799862012267 2.026888087391853 286.2940565645695 2577.850608125329 85.21046613901854 3.378725722432137 0.2996336072683334 0 0 0 0 0 0 0 0 0 1.450117707252502 0 0 0.1700201034545898 0 7.45087343454361 1.804354518651962 2.353578969836235 0 0 0 7.217615872621536 0 0 0 0 0 0 0 0 0 10.16479985415936 0.5770163610577583 0 0 0.6012007147073746 0 0 0 0.4047360122203827 1.044587299227715 59.70430303364992 41.82205022126436 13.4890331029892 3.081372320652008 0 0.8403659015893936 0 0.8246967196464539 1.47062224149704 2.026471555233002 0.7854033783078194 0.5332306995987892 0.1668712496757507 0.09979870915412903 36.59977033734322 0.4028802812099457 0 26.0032901018858 7.900174103677273 9.330307312309742 1.616792410612106 0.5031523853540421 0 2.721896417438984 0 0.2776496484875679 3.046684458851814 0.4504505842924118 1.246409103274345 1.591715097427368 0.9076621532440186 0.3955628275871277 0.5946291238069534 0.1479181051254272 1.032505936920643 0.2574060782790184 0 0.294346958398819 0.2580517828464508 58.4400912374258 9.524363994598389 0 0 133.4150641709566 0.4049278050661087 0 0.5147402882575989 0.5525370538234711 0.5032654404640198 2.62731309235096 1.923499435186386 2.94016307592392 6.522055700421333 7.336514264345169 0 9.294772669672966 11.44700682163239 11.49519780278206 0.9917800426483154 0 0 0 0 0 0 0 0 0 0 0 0.8499478697776794 0 0 0 0 0 0 0 0.399999588727951 0 0.7534503936767578 0 0 0.6653150320053101 0 2.393592149019241 0.738893523812294 0 0 0 0 0 0 0 0 0 0.8162494599819183 0 0 0 0 0 0 0 0 0.1377774626016617 0 0.4535630643367767 0 0 1.20774033665657 0 0 0 0 0 0.2368617355823517 0 0 0 4.411064520478249 0 0 0 0.2190360426902771 0 0 0.2079288810491562 0.9615946710109711 0 0.3375236093997955 0 0 0.1574041694402695 0 0 0 0 0 0 0 4.982641577720642 0 0 87.01882963627577 6.806248642504215 54.4462877586484 13.96915427595377 805.8206131905317 3.650834277272224 0 7.938013099133968 24.0858995616436 0 3.051189839839935 0.8693396747112274 27.06207472085953 0 0 0 1.332000821828842 0
932.2999973967671 4174.521135672927 1228.883664228022 18.47673007845879 0 48.84946674108505 601.7985083013773 1947.958003535867 1648.973430678248 107.3553418517113 2705.417622238398 200.4789637178183 630.6677014827728 5547.601635739207 59.36286216974258 6.711385294795036 0.639922246336937 0.5103331431746483 0 0.3966027051210403 0.1000547856092453 0 0 0.6674819588661194 0.1190138533711433 0.6729097366333008 0 0.4916424751281738 1.19714716821909 0 508.2026846855879 17.72076483815908 109.6451950073242 0 0 0 11.11752711236477 1.258246570825577 0.9790257215499878 0.3831955343484879 0 1.073569998145103 0.191322386264801 0.3973647505044937 0.7338922694325447 0 211.5872891172767 8.068586073815823 0.475711926817894 1.025299116969109 4.320069268345833 0.2176913917064667 0.4706781059503555 0.7695115879178047 3.831851445138454 6.217190682888031 145.1815947070718 259.337694235146 47.73426827788353 81.26420683413744 0.3241951614618301 2.296849645674229 0 29.25115861743689 15.42251440882683 13.70321019738913 4.653862953186035 4.25882925838232 0.7025213614106178 0.2184372246265411 12.17910524457693 2.427306368947029 0 189.5613234788179 89.44883354008198 162.5327256023884 26.5733492448926 1.530205361545086 1.910623788833618 392.5985335335135 1.895282790064812 5.267003610730171 22.71873484551907 0.685526467859745 10.23967805504799 10.82342501729727 10.01111499965191 0.8044608384370804 7.503170825541019 0.1298942565917969 6.577359862625599 3.313750863075256 0.4556775093078613 1.141745761036873 3.222669333219528 30.97460572421551 10.00811675190926 0 0.2065350264310837 124.3756670951843 1.249418914318085 0.7832906544208527 3.33699943125248 1.383883729577065 1.112110763788223 8.483723104000092 1.63176266849041 6.258844614028931 20.75823658704758 14.46811018884182 1.491514414548874 18.25964722037315 21.02330186963081 18.82463359832764 5.016367793083191 0.4159044846892357 0.8706533014774323 0 0.2067801803350449 0 0 0 0 0 0 0 0 0 0 0 0 0.4313999116420746 0 0 0.7285230457782745 0 0 0 0 11.50323480367661 0 4.664359465241432 2.613233655691147 0.9040672928094864 0 0.2816679179668427 0 0 0.6589929163455963 0.4966151118278503 0 0.5107818245887756 2.846685439348221 0 0.1092644110321999 0.1226359754800797 0.3346906900405884 0.5183332562446594 0 0 0.1045198515057564 0 1.076779365539551 0 0.4825631976127625 0.4397272169589996 7.228512123227119 0 0 0.1738186925649643 0 0.2246650755405426 0 0.5607365295290947 0 0.1201695129275322 14.6349922567606 0.7445292174816132 0 0 0.26603963971138 1.54640606045723 0.3897662162780762 1.547332257032394 2.104821607470512 1.377271056175232 1.595113098621368 0 0 0.3869692087173462 0 0 0 0.1314035058021545 0 0 0 5.33417534828186 4.793702304363251 6.842831432819366 255.5595838874578 49.17774000763893 446.4136109352112 94.46452829241753 210.5655642151833 54.3736532330513 9.612841039896011 53.38374130427837 31.70209105312824 0.9974228143692017 4.974580138921738 0.5949732214212418 38.43602685630322 0 0 2.169428825378418 8.401750892400742 0.8665642738342285
86.72404120862484 509.7474150359631 2.514910787343979 294.6737563461065 48.84946674108505 0 330.4208568781614 1.546648442745209 14.56094780564308 678.3653743565083 9.454937189817429 109.3974308818579 146.6528104096651 13.67417149245739 0.9096622914075851 0.3699049577116966 0 0 0 0 0 3.254121825098991 0 0 0 0 0 0 0 0 20.03120495378971 0 34.89265725016594 0 0 0 70.23034690320492 2.151107117533684 7.728729128837585 1.04175141453743 0 0.1736087054014206 0 0 0 0 1.010580569505692 0 0 0 0.5524537414312363 24.98097108304501 0.2082608044147491 1.089858487248421 0 1.141373172402382 269.9404831379652 21.23420897126198 5.857357792556286 0.1271221786737442 0 7.588834017515182 0 0.1226131394505501 0.358709841966629 0.2970937415957451 0.252861499786377 0 0 0 193.0662226229906 188.5568324923515 15.09110471606255 5.646653898060322 0.33649742603302 1.545638971030712 0.1310144662857056 0 0.6933099627494812 18.15880781412125 0.4059391468763351 4.446592599153519 0.2486726492643356 3.111864283680916 0 1.312184140086174 0.2550477236509323 15.9433359503746 5.803722381591797 17.13909820467234 2.338677331805229 2.524700433015823 0 1.721703827381134 2.267087057232857 197.6403878480196 85.2564494907856 16.0348584651947 29.60055336356163 319.8997713774443 0 0.4123702347278595 0.3458139598369598 0 0.449572741985321 0.2658862471580505 0.7230673730373383 0 3.01315301656723 1.624091640114784 0 3.148511692881584 2.145707443356514 1.233409643173218 0.3570642471313477 0 0 0 0 0 0 0.1779721826314926 0 0 0 0 0 0 0.8162290006875992 0 0 0.3390858620405197 1.116895735263824 0 0 0 0 0 0 0 0 0 0 0 0 0 0 0 0.1169655323028564 0.3194283246994019 0 0 0.6848086714744568 0 0 0 0.2105785757303238 0 0 0 0 0 0.3093855381011963 0 0 0 0 0 0 0 0 0 0 0 0.1110096424818039 0 0.1746470183134079 0 0 0 0.1733524203300476 0.4193366467952728 0 0 0 0.3499718010425568 0 0 0 0 0 0 0 0.389081671833992 0 0 0.2224676609039307 1.217171549797058 0 0.5766698122024536 18.72696815431118 0.7595388442277908 5.917077541351318 1.597175359725952 320.0166647434235 0 0.8183876425027847 0.3798597455024719 5.484345033764839 0 0.1605552434921265 0 4.559735223650932 0 0 0 0 0
1289.780963644385 3790.012004978955 62.16378858685493 1037.126047790051 601.7985083013773 330.4208568781614 0 102.8568117767572 1091.782209984958 1294.238698042929 627.7994299829006 571.0845936387777 3651.019895225763 1271.614933885634 86.65203077346087 11.8364562317729 0.9354265481233597 1.10282675921917 0 1.117401696741581 0.2261904776096344 0 0.4140028432011604 0 0.2348473370075226 2.004544697701931 0.2962372899055481 1.810485079884529 1.910327300429344 0 152.1635693758726 16.49409051984549 25.73857692629099 0.1973300576210022 0 0 21.88575932383537 2.376985222101212 0.4011140763759613 1.08733181655407 1.21782211214304 1.62194000929594 0.351784884929657 0.5909873694181442 0 0 364.7873088493943 16.43475177139044 0.6001038178801537 1.741729602217674 6.928987495601177 0 0.619181901216507 1.717227339744568 7.038165785372257 14.74559099972248 363.4049991369247 442.6692738085985 119.3063887357712 159.4062743112445 0.4994204342365265 4.781700953841209 0.1383784264326096 45.4034231826663 31.87032213807106 29.16522435098886 12.58459778130054 9.630953267216682 2.021021090447903 1.683816358447075 28.74497632682323 25.52629026025534 0.1200631558895111 391.7972519248724 169.488364726305 274.2046123594046 36.91210889816284 2.600291781127453 2.214515805244446 43.25126346200705 1.490523144602776 6.103466756641865 40.16131802648306 1.595846198499203 20.27908427268267 21.81565015763044 18.45746970921755 2.479727163910866 15.0494886264205 1.583924606442451 14.12349630892277 5.195186793804169 1.069134943187237 1.98017506301403 4.953338384628296 119.7432014793158 12.73909902572632 0 0.8226831555366516 241.6038240641356 0.2606328129768372 2.050196051597595 8.244232252240181 3.527715802192688 2.059933334589005 22.49716050922871 7.741677835583687 10.89706405997276 53.08061616122723 60.26104190945625 1.922825828194618 53.61359962821007 82.10358411073685 53.54659506678581 7.411778539419174 0.5718982517719269 1.131421834230423 0.4985758364200592 0.6520320475101471 0 0 0.4306235462427139 0 0 0 0 0 0 0 0 0.2324095219373703 1.552499413490295 1.112782657146454 0 4.532350063323975 0.1604411005973816 0 1.217207670211792 0 27.11828625202179 0.3909765481948853 14.67646151781082 6.753758490085602 1.482321381568909 0.1387884318828583 0 0 0 0.8017214834690094 3.431834697723389 0 0.3661383390426636 7.831350564956665 0 0 0 0 0 0 0 0.1042175441980362 0.1579675674438477 4.946563482284546 0 0 2.009587153792381 11.45718750357628 0 0 0.8661983981728554 0.4036068320274353 0.8638143241405487 0 0.7763526737689972 0 0 45.5984683483839 3.572471469640732 0 0 0.2925513684749603 2.152464002370834 1.744338884949684 2.816987007856369 3.461860418319702 2.469243720173836 3.849856093525887 1.53122878074646 0.6086075305938721 0.1922003924846649 0 0 0 0.6210592687129974 0.5447274148464203 0 0 27.47346267104149 7.99258229136467 15.86470165848732 544.7948491945863 88.12735795974731 956.3470868840814 196.0484315007925 1021.421703487635 114.166625238955 16.02030847221613 96.87642585486174 103.1317964047194 1.739653825759888 13.57515626400709 3.504843197762966 116.9662146121264 1.024736002087593 0.5840150117874146 1.929624155163765 11.25994944572449 0.2400656342506409
266.6991697698832 435.4339490309358 2509.659194149077 0.3154546618461609 1947.958003535867 1.546648442745209 102.8568117767572 0 851.7486837431788 0.2401979118585587 1911.549338467419 9.69468554854393 105.3390917256474 1227.079445011914 56.93117488175631 32.29597713798285 1.234693430364132 0 0.1685525327920914 0.3182868584990501 3.291701421141624 0.357791006565094 0.5100952386856079 0 2.097613215446472 0.9951562285423279 0.757220447063446 0.5535816997289658 0.8936366438865662 0.1702650487422943 2279.625542573631 1710.32278418541 1282.848289556801 3.262197002768517 0.607921838760376 7.451604291796684 81.21793062239885 4.106435596942902 0.1217255219817162 0.1853006482124329 12.13563564419746 3.640033707022667 4.028969720005989 1.148893460631371 0.1337678730487823 6.192337155342102 100.301324672997 7.609607480466366 0.1389143019914627 1.69450332224369 12.39521038532257 0.3701919913291931 0.14253069460392 0.2986471354961395 1.799686208367348 3.266266100108624 180.1430179998279 792.8798182159662 40.96715879440308 39.55054232478142 7.133982613682747 131.3479029983282 10.95064540207386 105.1193425133824 10.58270711451769 10.13906937092543 11.42280606925488 19.38073872774839 26.19835501909256 57.03883146494627 25.84014964848757 5.608137652277946 0 136.3520717993379 133.1771275997162 122.8671859279275 66.31828609853983 496.7486991733313 456.4965879023075 1195.585121616721 179.6058688014746 511.7844259664416 14.3366716876626 0.9315092265605927 7.820592641830444 7.695746868848801 17.99657203257084 0.404437743127346 4.428302608430386 0.1259739547967911 3.58785641938448 3.037235483527184 28.47036665678024 5.919819682836533 2.827324196696281 10.49793756008148 1.175683259963989 0 0.8393713235855103 244.2928696125746 0 0 0 0 0 0.3731713891029358 0.652893602848053 0.3147670924663544 0 0.4550354182720184 0 1.162179872393608 3.552196055650711 3.07490274310112 1.308117419481277 0 0.3884269297122955 0 0.4519412070512772 0 0 0 0 0 0 0.4808729887008667 0 0 0 0 0 0.4498076736927032 1.230566971004009 0 0 0.2787354290485382 0.1103854775428772 0 0 1.831020168960094 0 0.8779488205909729 0.4779939725995064 0.1566499322652817 0.1405061632394791 0.4022033214569092 0 0 0.2872059941291809 0 0 0.4765989184379578 0.3031045794487 0 0 0.1775085926055908 0 0.4661928117275238 0 0 0 0 0.1436030119657516 0 0 0.2500773370265961 0 0 0 0.09878237545490265 0.1178272292017937 0.2056685760617256 0 0.4457874745130539 0 0 3.514391973614693 0 0 0 0.5601462721824646 0.1929550170898438 0 0 0 0.7545969486236572 0.1271781623363495 0 0.2368100881576538 0.1939772665500641 0 0 0.1196457371115685 0.2382834851741791 0.1209532544016838 0.3450557738542557 0 0.714471697807312 0.8713059276342392 0.8617282584309578 134.9633727893233 28.38700539618731 238.153727196157 54.49819780141115 52.51884376257658 21.37159525603056 3.81830733269453 45.74055863171816 8.745724633336067 0 1.644922569394112 1.321052730083466 2.382222026586533 0 0 0.5307216048240662 5.830034866929054 0.4496635496616364
122.352314516902 490.4809660613537 82.97441244125366 64.81696718931198 1648.973430678248 14.56094780564308 1091.782209984958 851.7486837431788 0 395.9060582667589 1638.944753207266 1242.251745328307 1010.977938748896 3349.674358136952 126.821133941412 28.63254432380199 1.000902272760868 1.1876190751791 0 1.604692243039608 0 0 0.5118756368756294 0 0.2790523320436478 1.956914395093918 0 3.20078419148922 2.316322833299637 0.2196097448468208 108.7340081259608 21.27441471815109 127.0138011425734 0 0 0 35.74791471660137 1.472746178507805 0.1426007300615311 1.011118434369564 0.7063275575637817 2.204865358769894 0.5525593906641006 1.655494228005409 0.118498794734478 0.3954842090606689 279.9037260785699 6.190647341310978 0.4388562589883804 1.820695750415325 5.357314564287663 1.108984805643559 0.5239831954240799 3.203603975474834 1.852220721542835 5.579758919775486 98.99865017086267 136.4948581084609 35.87803663313389 84.82538153231144 0.2370026037096977 6.720284298062325 0.5796172469854355 31.69226044416428 11.46373406052589 12.4165083989501 5.253444239497185 5.580821953713894 0.8977120518684387 0.6373116970062256 77.36990412324667 30.66922573000193 0 163.8601376339793 104.4898850917816 230.9335779175162 42.65119551867247 4.961246877908707 0.4848792403936386 340.9194465354085 0.8981464952230453 3.604921169579029 14.5283241122961 0.551121361553669 8.211776100099087 12.06936858594418 7.922978177666664 0.8516908586025238 6.997673839330673 0.6855197474360466 8.886093482375145 4.292065642774105 1.189500160515308 0.9067068621516228 4.761840149760246 206.9163432866335 58.92272335290909 0 0 33.78704696148634 1.25955705344677 3.288552910089493 11.81905977427959 5.419192314147949 4.674446761608124 43.47735066711903 10.48417693376541 30.28584790229797 99.30653223395348 100.8437502384186 3.580032721161842 100.2805625721812 146.2900681048632 111.5372950136662 13.88871584832668 1.284955427050591 1.961020246148109 0.6150919646024704 1.750777289271355 0 0 0 0 0.2737033069133759 0.4539088606834412 0 0 0 0 0.4877929389476776 0 0.7452652454376221 0.4792917519807816 0 4.983941614627838 0.803627148270607 0.4844124019145966 0.2849023640155792 0 55.85109396278858 0 20.28122614324093 10.54502759128809 1.343487069010735 0 0 0 0 0.5497097596526146 5.31705030798912 0.5151048898696899 3.541861891746521 13.42846141755581 0.1032503992319107 0.3448336720466614 0 0.9618100821971893 0 0.1160618886351585 0 0 1.13933365046978 7.571246966719627 0.5219962000846863 0 1.864740371704102 36.4616174697876 0.7557863295078278 2.226730495691299 1.563990533351898 0 0 0 0.6446623727679253 0 0 87.17099152505398 2.693893745541573 0 0 0.1028219610452652 4.085680827498436 1.318089604377747 6.156803026795387 9.440054476261139 5.878233954310417 6.657588012516499 0.945981040596962 0.4664888381958008 1.298416823148727 0 0.1185398623347282 0.1303072273731232 0.4057986810803413 0.3292815685272217 0 0 67.40162323415279 16.66600033640862 19.84582018852234 618.4182960093021 76.48263785988092 549.3873900696635 174.1850895434618 246.3892318084836 113.4119340106845 14.03696533292532 157.3683117851615 154.6908181756735 3.844991832971573 27.0547124221921 8.008229240775108 157.9819045364857 4.391910657286644 0 7.409368917346001 26.34973840415478 0
725.0069780126214 238.0856031477451 0.3755303174257278 1930.799862012267 107.3553418517113 678.3653743565083 1294.238698042929 0.2401979118585587 395.9060582667589 0 10.54442250728607 551.2271294891834 3395.607395373285 91.96789041161537 7.134454101324081 1.90519742667675 0 0 0 0 0 0 0 0 0 0 0 0.3308255672454834 0 0 6.164461821317673 0.2360492795705795 25.37103441357613 0 0 0 41.36951443552971 2.730949878692627 0.5440416187047958 0.2501558661460876 0 0.1110603809356689 0 0.1327795386314392 0.1287179589271545 0 28.79030374437571 0.3857600316405296 0 0 0.6048751547932625 0.1943677216768265 0 0 0.7370753809809685 1.379639565944672 211.0403629988432 36.10544867813587 16.58048093318939 8.686467878520489 0 1.748280480504036 0 1.300636515021324 2.931184008717537 2.699016012251377 0.7973926812410355 0.3772994428873062 0 0.3189318776130676 1164.45931237936 19.18189539015293 0 31.61682545393705 15.01987850666046 15.41505298763514 3.865742452442646 0.1525704562664032 0 1.863951362669468 0.1262982487678528 1.710017442703247 3.424162209033966 0.343899704515934 2.455491811037064 1.804003097116947 1.78358007222414 0.2332791984081268 1.211248651146889 0.1440166085958481 1.70759890973568 0.2791350930929184 0.1788319647312164 0.4759649559855461 0.2924084067344666 401.5416565239429 60.52599620819092 0 3.339114487171173 394.7324225604534 1.786232203245163 1.182431370019913 3.11554042994976 3.996277272701263 0.7282119691371918 22.15928386151791 7.436534836888313 10.79844145476818 36.89882545173168 46.19546735286713 3.989332109689713 38.94387470185757 96.56472561508417 66.2313876003027 2.945771127939224 0.4637517929077148 0 0 0 0 0 0 0 0 0 0 0 0 0 0 0 0 0 0 2.305975645780563 0 0.2548928558826447 0.5421646237373352 0 11.71868346631527 0.4271061420440674 4.211087137460709 6.293118000030518 1.092880100011826 0 0 0 0 0.8907076716423035 1.11479714512825 0 0.4022740423679352 5.261134266853333 0.2360400855541229 0 0 0.2730098068714142 0 0.243504673242569 0 0.1162837073206902 0 2.049444973468781 0 0 2.00007688999176 8.996664345264435 0 0.5021425932645798 0.976143091917038 0 0 0 0 0 0 22.86828924715519 0 0 0 0 1.822702080011368 1.09008526802063 3.557389318943024 2.573333397507668 1.231890946626663 3.708162397146225 0 0 0 0 0.3368784785270691 0 0.1527827680110931 0 0 0 19.20552748441696 3.639996141195297 5.914078079164028 223.4133484140038 7.176119945943356 87.46922262758017 23.5318550541997 1393.591459751129 7.831678584218025 1.691085144877434 18.43667921423912 95.15227456390858 0.2986835837364197 5.971378773450851 1.307170793414116 83.41674414277077 0.8311448693275452 0 1.897995471954346 2.747491583228111 0
343.1253523677588 449.4032023251057 1050.498159796 2.026888087391853 2705.417622238398 9.454937189817429 627.7994299829006 1911.549338467419 1638.944753207266 10.54442250728607 0 112.3494276553392 426.081398665905 3734.705411933362 159.7639437690377 90.28944034129381 0.2063222825527191 1.787860631942749 0.3675597682595253 2.232391320168972 5.129541769623756 0 0.1883571892976761 0.2286378741264343 0.8079360574483871 2.460241891443729 0 2.684124201536179 0.7541898712515831 0 1059.174132235348 557.0507517158985 1174.312362611294 2.228299140930176 3.314027056097984 4.513350956141949 256.895601965487 8.091934457421303 0.3668549507856369 0.4974607527256012 8.845760941505432 4.55194665491581 0.3913447260856628 3.680139653384686 0.123462937772274 1.494092345237732 237.8673618733883 8.273562364280224 0.3419086337089539 1.551999799907207 10.03049564361572 0 0.4352393969893456 1.767086297273636 2.255683176219463 4.960886992514133 136.6756788566709 412.2046743705869 37.31406154483557 73.9119393825531 2.608290456235409 319.2800073623657 4.149462930858135 83.36649851500988 8.637983076274395 10.22896108031273 12.55117240548134 10.13747528195381 6.989551231265068 19.86040656268597 86.2028489112854 15.99084500968456 0 175.4541615620255 173.1204328611493 257.8789734914899 96.60587756335735 122.1705533638597 530.7984605059028 1278.435964740813 58.58789061754942 397.0030764713883 12.00641088932753 0.4423675984144211 9.23526019603014 10.49383638054132 9.837970457971096 1.088761761784554 5.812290765345097 0.7662378624081612 8.403928011655807 3.413380317389965 29.2262215167284 7.664372950792313 2.162233032286167 48.12181240320206 2.557588398456573 0 0 150.648654922843 0 0 2.564052239060402 0.9920291900634766 0 7.595114290714264 3.248611986637115 5.47534342110157 11.69724890589714 15.63642178475857 0.2951795160770416 16.18198159337044 10.623824223876 17.07046581804752 3.955711871385574 0 0.6021354198455811 0.1897117495536804 0.7258195281028748 0 0 0 0 0.199716329574585 0.3692955076694489 0.169593870639801 0 0.4659813642501831 0.1285129487514496 0 0.1598024219274521 0 1.083574593067169 0 0.2029200345277786 0.3688781261444092 0 0.3068330883979797 0 14.50724165141582 0.9456747770309448 4.410454444587231 0.9888529479503632 0.3257784247398376 0 0.5794227719306946 0.5064935088157654 0 0 1.082560323178768 0 1.392787635326385 3.944020554423332 0 0 0 0 0.1718559712171555 0 0 0.09566036611795425 0.5775671005249023 1.883851587772369 0.2929099500179291 0 0.1326223313808441 5.120228454470634 0 0 0.3510788381099701 0.3564391285181046 0.3212112337350845 0.6703056693077087 0.243004783987999 0.2904898226261139 0 12.13157840073109 0.6780127286911011 0.1853178441524506 0.2340263873338699 0.6142896562814713 0.3000827431678772 0 0.1293778866529465 1.312317714095116 0 1.027340665459633 0.4513002932071686 0 0.3692343607544899 0 0 0 0.09947538375854492 0.1213158667087555 0 0.1400046050548553 5.58139331638813 5.401034355163574 5.374119758605957 496.8095758855343 44.89178338646889 467.43378765136 138.0485505387187 113.886907607317 71.83503193408251 10.758575335145 151.0427803099155 40.26401327550411 0.2355529963970184 12.25020916759968 1.115456998348236 26.95775933563709 0.5600578784942627 0 0.7434471845626831 16.56444707512856 0.4818525314331055
87.97290087491274 167.8215863406658 3.002460151910782 286.2940565645695 200.4789637178183 109.3974308818579 571.0845936387777 9.69468554854393 1242.251745328307 551.2271294891834 112.3494276553392 0 4267.755019694567 493.8183622211218 12.54763954877853 5.05283859372139 0 0.2261485606431961 0 0 0 0 0 0 0 0.7817054390907288 0 0 0.9394006729125977 0 7.544700004160404 1.009791798889637 31.10882475972176 0 0 0 243.8087672516704 1.899778604507446 0.5981820672750473 0 0.4124796688556671 0 0 0.1288570910692215 0 0.2256082519888878 20.30374889075756 0.4555857181549072 0 0 0.328265868127346 0.3716019243001938 0 0 0.3375576958060265 0 96.29277134686708 11.605996504426 3.25677590072155 4.816617257893085 0 5.931336402893066 0 0.7501160353422165 0.8624349236488342 0.1226192861795425 0.4114922285079956 0.9681660383939743 0 0 2884.484599858522 31.92451524734497 0.2449532598257065 9.08297523111105 7.155166693031788 15.8414666056633 3.283556662499905 0.5144832283258438 0 8.750600293278694 0 1.394227661192417 2.484270066022873 0 0.4359199702739716 1.062554039061069 0.719311997294426 0 0.2754043489694595 0.4423534870147705 0.1102501600980759 0.1039850115776062 0 0 0.9118983149528503 1105.644932568073 41.72357359528542 0 5.418059229850769 171.6676038354635 4.472405001521111 4.791784524917603 26.59585955739021 9.585495695471764 3.85380594432354 79.28250402212143 28.48978684842587 55.44038124382496 169.136128038168 186.7802747637033 12.16672509908676 171.3907442092896 257.2745986431837 194.4379042088985 26.01572981476784 2.191696003079414 2.872502192854881 0 0.9501252472400665 0 0 0 0 0 0 0 0 0 0 0.3865044713020325 0 0.9807227551937103 1.048119187355042 0 11.04096761345863 1.681045562028885 0.4560109078884125 0 0 55.69732712209225 1.351312339305878 24.39795553684235 14.69188248366117 1.550538331270218 0 0 0.3516060709953308 0 1.001349836587906 2.428743779659271 0.239185631275177 4.593866094946861 27.31659573316574 0 0.3085525929927826 0 0 0 0.1317944824695587 0.5618793219327927 0.7242523282766342 4.688579365611076 12.82646742463112 1.045916125178337 0.9583787620067596 0.8222543895244598 37.60976153612137 0.1998858153820038 1.390935301780701 1.697334602475166 0.7946002632379532 1.118342638015747 0 0.4059147760272026 0 0 101.5558703243732 0 0 0 0 6.712941199541092 0.552314817905426 11.77399165928364 16.04159111529589 9.660396203398705 9.854712851345539 1.736510083079338 0.7140419185161591 1.267636023461819 0 0 0 0.2899814546108246 0 0 0 123.4090601652861 24.53269869089127 15.99182568490505 279.778906211257 12.69941944628954 54.97842064499855 26.45221344381571 948.8760107010603 9.598908521234989 0.3427804335951805 41.86044801771641 309.4750915169716 2.731400154531002 52.36606257408857 6.553235486149788 285.4811843335629 3.20555005967617 2.455025494098663 3.774609938263893 6.138068571686745 0
483.654405541718 1441.419599376619 44.53963376581669 2577.850608125329 630.6677014827728 146.6528104096651 3651.019895225763 105.3390917256474 1010.977938748896 3395.607395373285 426.081398665905 4267.755019694567 0 3183.405761115253 223.422704204917 105.813634596765 0.97029197961092 1.781127601861954 0.3780145794153214 1.899456672370434 0.517331950366497 0.5498889684677124 0 0.1591966450214386 0.2823967039585114 1.411173149943352 0.4903277009725571 4.326248422265053 5.37339972704649 0 177.0950386151671 11.5189983099699 589.0959437862039 0.1675597429275513 0 0.9480877444148064 618.9141905233264 8.208264455199242 1.41264109313488 0.6729686707258224 1.089244171977043 3.93376524746418 0 4.170242227613926 0.1945402175188065 1.20291568338871 259.5065084993839 6.150894053280354 0.563731387257576 1.550447843968868 2.911546990275383 0.7907185405492783 0.6915801614522934 3.274792447686195 1.615586876869202 3.742993764579296 149.2793368324637 113.9885323867202 32.68026277422905 68.19473792612553 0.6284228041768074 73.72130504995584 0.2854804247617722 14.8511376529932 7.463572412729263 7.518732085824013 3.995193481445312 4.393604189157486 0.2870568111538887 1.413480810821056 846.5425888746977 31.5268217176199 0.6833915561437607 120.0889111161232 65.71336929500103 208.6241385191679 53.36834394931793 5.445161640644073 0.8126063421368599 469.5027669072151 1.084850244224072 12.61681851744652 11.83858244866133 0.5812326148152351 7.303746566176414 7.930014036595821 6.619472831487656 1.662188179790974 4.718171522021294 1.116708941757679 5.232446447014809 3.834342069923878 2.258306309580803 1.133037567138672 7.115625940263271 2323.377569690347 435.780791670084 0 3.485346056520939 207.2665466442704 5.264752939343452 5.282793149352074 28.83833703398705 12.07175783813 8.468888208270073 80.43851958215237 20.3997720181942 55.83406744897366 177.5708740949631 173.4999038875103 10.29893311858177 192.4233804494143 283.2385686784983 193.7906220257282 34.10626903176308 1.236238449811935 3.159600213170052 0 1.519483916461468 0 0.359214186668396 0 0 0.2891677916049957 0 0 0 0 0 0 0.2240322083234787 1.006564646959305 0 0 11.10243777185678 3.29432401061058 0 0 0 60.1751673668623 1.413254156708717 24.77426080405712 8.418749183416367 1.235964149236679 0 0.145610049366951 0.2546344399452209 1.292257115244865 1.849309682846069 5.739650040864944 0 8.171084672212601 19.07395498454571 0 0 0 0.4708523899316788 0.1469547897577286 0 1.087848573923111 0.6680468693375587 3.161630183458328 12.81549075245857 0.8795233815908432 1.731923505663872 3.329504296183586 35.79461726546288 0.7943343073129654 2.513201728463173 2.029765442013741 0.5893123149871826 0.7681398168206215 0.1210925355553627 0.2743613868951797 0 0 126.966879978776 2.846250832080841 0 0.1418518573045731 0.1892368495464325 4.434709921479225 1.296764835715294 7.988781079649925 9.594044618308544 11.55066823959351 13.26053662598133 0.9648783206939697 0.6792955994606018 0.8077820166945457 0 0.1571953296661377 0 0.492443859577179 0 0.164143443107605 0 134.1897469758987 28.71631459891796 25.92417192459106 959.3241451233625 90.37616834789515 545.726462520659 252.0853336676955 1019.675011754036 118.4151410013437 14.1692473962903 306.1461375206709 237.6793140694499 4.277270697057247 45.26334796845913 8.215827129781246 214.2539291828871 3.408732950687408 0.5156422257423401 8.471119701862335 48.6755295842886 3.143707156181335
