0 2291.735839948058 522.0269700363278 351.8789334669709 46.28946343809366 348.5648321062326 298.5286737605929 58.95421993732452 45.3503340408206 1134.149621509016 90.09896533936262 279.7869565784931 315.6913310289383 36.2401090413332 0.6038317456841469 0.5504489466547966 0 0.1280868500471115 0.1773034930229187 0 0.5365401804447174 0 0 0 0.6611567363142967 0.1079388931393623 0 0 0 0 1601.408870019019 37.50689622014761 22.24971999228001 0.1047671958804131 0.1089484617114067 1.101565651595592 40.30975502729416 0.6992241069674492 5.041625954210758 0.940951943397522 0.1012641191482544 0.4365055859088898 0 1.873424649238586 0 0.29148268699646 46.7388124987483 0.8524069860577583 0.1069212257862091 0.6905222833156586 1.107121340930462 2.439634397625923 0 0.1811159402132034 1.018633760511875 1.34931343048811 216.99172732234 864.2233583256602 8.491835534572601 27.53103922307491 3.299971900880337 10.1826758608222 0.1814545691013336 78.04725402593613 2.86257653683424 0.7048079743981361 0.3500619456171989 0.6499731913208961 0.6306315660476685 0.5337846651673317 73.1929457038641 52.98819486796856 0.9913610816001892 368.21613240242 57.11645508185029 61.71408227086067 34.84719017148018 1.737188279628754 2.024824038147926 36.61955851316452 1.703633934259415 16.43338310718536 7.326311998069286 0 0.6385191902518272 0.6584024280309677 0.527635782957077 1.345417454838753 1.326908960938454 0.6595197319984436 0.5948657616972923 0.8205812200903893 0.2127901166677475 0.101728580892086 0.5811159610748291 116.2296768277884 135.5198693275452 0.8194528222084045 5.463332921266556 1918.760717071593 0.4401246607303619 0 2.922116041183472 0 5.701793923974037 10.61790180206299 0 4.64090184867382 2.256054043769836 0.6857390627264977 4.611147835850716 6.106622561812401 5.611080721020699 5.258743494749069 10.68847975879908 1.087962433695793 0.5311472415924072 0 0 0 0 0 0 0 0 0 0 0.5257833003997803 0 0 0 0 0 0 3.890636429190636 0.5182896852493286 0 0 0.134269118309021 4.780997663736343 1.323949307203293 12.70525109767914 1.35180601477623 0.9009399861097336 0 0 0.1238161697983742 0 0 0 0 0.5901500135660172 1.910782381892204 0 0 0 0.4870422184467316 0 0 0.3031258285045624 0 0 2.550144672393799 0 0 1.314150616526604 8.444463565945625 1.597776889801025 0 0 0 0.0992310494184494 0 0 0 0 15.32900910824537 2.237732827663422 0 0 0 1.687519356608391 0.892213761806488 6.973177097737789 0.9449953138828278 1.139423832297325 3.480973273515701 3.55762842297554 0.7212141901254654 0 0 0 0 0 0 0 0.0908476710319519 9.450710855424404 7.087180197238922 4.026528730988503 47.94692512601614 22.56326478719711 117.7381424531341 47.57309847325087 810.9872488901019 34.19454862177372 0.8332777693867683 14.19037563353777 2.475689984858036 0.4105532169342041 2.215687215328217 0.2409286201000214 1.715143263339996 0 0 0.6173720955848694 0.1338568925857544 0.09144993871450424
2291.735839948058 0 1648.943599306047 670.2392574623227 1540.743216238916 512.9005161747336 1863.118447013199 1100.677373588085 1805.221207045019 1380.473337382078 2447.49672858417 197.0363264381886 1320.724524699152 1103.464840598404 10.4455595985055 6.159846886992455 2.116304591298103 0.6405585780739784 0.3760002627968788 1.389498002827168 5.201165542006493 0 0.7717990651726723 0.7179248780012131 1.39078176766634 1.283502392470837 0.08406431972980499 0.6096948683261871 0 0.08488081395626068 2440.393497280777 79.01734110713005 115.2067164257169 0 0.505019873380661 9.050794526934624 36.06882232427597 7.01534316688776 4.270266853272915 3.421241067349911 1.905269585549831 1.502018712460995 0.2200817763805389 2.905457727611065 0.7537789791822433 0.1986190676689148 176.5796355381608 4.284860327839851 0.834636852145195 0.7638660296797752 3.409147627651691 0.5323667079210281 0.304260179400444 0.6444361135363579 1.640729337930679 1.058246590197086 57.69639591872692 323.9649585559964 6.455717846751213 64.04705036431551 6.328474186360836 31.49365980178118 0.154880166053772 142.8711310252547 6.785245306789875 1.920714564621449 2.842385068535805 3.528933838009834 3.309423580765724 3.121625743806362 81.47040042281151 14.58160170912743 0.1084773540496826 240.6858375668526 101.0429870262742 152.2698219865561 181.1122609078884 10.02104394882917 4.578340500593185 231.4305288270116 4.129532866179943 41.60685703903437 11.1913835927844 0 2.719700813293457 2.08385706692934 2.327197171747684 0 3.791799556463957 0 3.267050392925739 1.474496252834797 1.433947160840034 1.096693970263004 2.513733774423599 153.0050762146711 19.41014176607132 0 2.222126007080078 832.764939904213 2.435069277882576 0 1.813923358917236 0 7.97839044034481 40.60306286066771 0 11.50738666951656 4.410331934690475 6.365259237587452 14.38806090503931 30.75548683851957 15.26763615012169 19.30447858572006 31.37552133947611 0.241345651447773 0 0 0 0 0 0 0 0 0 0 0 0.2873620390892029 0 0.3374086171388626 0 0 0 0 10.97710303217173 2.398647412657738 0 0.4303055629134178 0.3769122883677483 8.732770718634129 3.087620712816715 18.07889329642057 1.287238955497742 1.454303488135338 0 0 0 0 0.349946916103363 0 0 2.554150119423866 3.597473978996277 0 0.4078003168106079 0.1095473021268845 0.09454046189785004 0 0 0 0 0 0.8979716226458549 0 0 0 17.99006412178278 0.8485477417707443 0 0.1263006180524826 0 0.1204743534326553 0.528838112950325 0 0.1158268749713898 0 29.08321152627468 1.838475853204727 0 0.1049648001790047 0.5129472687840462 3.111730627715588 0.1713383495807648 7.221165828406811 0.5490729510784149 2.836633384227753 5.212212279438972 3.627768442034721 4.994697779417038 0 0 0 0 0.2130645290017128 0 0.0704495757818222 0.09447802603244781 34.68639402091503 7.188191473484039 4.623365327715874 97.03343790769577 46.4909176453948 238.2040971517563 36.08912444114685 572.7178478091955 43.28894487768412 3.22557358443737 21.8276709318161 2.659747757017612 0.1073083356022835 2.674042940139771 0.5337441116571426 3.884806856513023 0.5764406099915504 0.2138065546751022 0.3959612548351288 0.8688387423753738 1.143477037549019
522.0269700363278 1648.943599306047 0 84.41400813311338 356.3617048189044 33.31411556899548 342.0557162687182 2856.5706660375 697.3625550195575 74.65382274240255 2889.396024480462 14.79822761565447 61.57334470748901 701.9274306595325 18.58474173396826 25.43678911775351 6.974522262811661 4.960869632661343 1.316024728119373 10.35549391061068 22.26541037857533 0 3.551985569298267 2.609604880213737 4.333701521158218 2.72743859142065 0.2215348109602928 0.4343747273087502 0.1049259454011917 0 1245.987626835704 337.9892183989286 314.2075992524624 0.8768721967935562 2.537545271217823 13.95152112841606 109.7650391235948 11.1192516759038 6.256934255361557 2.395847581326962 4.616066358983517 4.054639786481857 2.021964408457279 9.588846981525421 1.878180935978889 8.422256156802177 72.60546615719795 11.87357888370752 6.26266061514616 6.465557925403118 3.411913819611073 0.1941895037889481 0.1721916124224663 0.9820635244250298 0.524310365319252 0.3204153925180435 24.93231876194477 176.4657575935125 2.011172384023666 11.509316816926 84.88445877283812 180.3255104348063 2.451282367110252 101.1555935367942 1.449957616627216 4.641477726399899 1.586613543331623 20.80473616719246 52.70196286588907 16.56295391917229 116.8322743698955 28.81423956900835 0 94.71825082600117 57.07234609127045 41.14251116663218 107.6535126268864 36.73474076390266 130.5671387314796 2048.461832806468 82.70566590130329 1072.038885958493 2.933665089309216 0 1.592188812792301 0.826502151787281 18.28109205514193 0 1.247512329369783 0 4.239298261702061 2.975652061402798 9.724960453808308 2.779437407851219 4.693878449499607 183.498539313674 65.84132677316666 0 7.04328365623951 387.0479040816426 3.607374176383018 0 2.717000804841518 0 9.796062178909779 12.97920868545771 0.125120997428894 13.75043162703514 3.23034656047821 1.759337037801743 16.08165366947651 34.64579015225172 18.71964984387159 15.27428770810366 56.34204125404358 0.8780165165662766 0.758301317691803 0 0.1369529813528061 0 0 0 0 0.2615043520927429 0 0 0.1141415387392044 0.692373976111412 0 0 0 0 0.1908801347017288 0.1086601242423058 13.31361795216799 4.672378182411194 0 0 0.2514580190181732 12.22720436006784 1.635429479181767 19.13013525307178 1.216904930770397 2.860222771763802 0 0 0.1075493320822716 0.5306438282132149 0 0.4949886500835419 0 1.585041128098965 5.944401301443577 0 0.122346967458725 0 0.4053548723459244 0.1920852512121201 0 0.1992493867874146 0 0.582943320274353 2.415390133857727 0 0.1189157962799072 1.137093365192413 31.00888922065496 2.536007031798363 0.3571706563234329 0 0 0.1115838587284088 0.3478066623210907 0 0.1632499545812607 0.309055782854557 42.40543403476477 2.314744248986244 0.189667746424675 0.09501930326223373 0.4282112494111061 6.575403980910778 1.282592505216599 12.31635516136885 1.190262824296951 3.761835962533951 5.538641661405563 6.834973990917206 7.27626745402813 0 0 0 0 0.09539425373077393 0 0 0 33.54807757586241 14.50464926660061 5.776650629937649 56.75761175900698 13.52751771360636 119.094681315124 21.04393595457077 56.35950823128223 18.51876866072416 0.6735140681266785 19.82450767606497 2.304880641400814 0.5625222995877266 7.819619253277779 1.414802201092243 8.971462786197662 0.09907149523496628 0 0.360477514564991 0.5923014581203461 2.216371089220047
351.8789334669709 670.2392574623227 84.41400813311338 0 51.19369938969612 229.7548035383224 484.5577903464437 4.308899432420731 158.4693050980568 638.9798495694995 10.76333168894053 967.2535192072392 2200.530288979411 75.02280893921852 0.7546989470720291 0 0.6560477092862129 0 0.08840029686689377 0 0 0 0 0.1294344812631607 0.3509369269013405 0 0 0 0 0 300.2445663586259 8.160418212413788 0.9176549166440964 0 0 0 8.753104507923126 0 0 0.09949701279401779 0.1194381937384605 0.108035609126091 0 0.24712835252285 0.2377419471740723 0.1027694568037987 22.41949500143528 0.5397553220391273 0 0 0 0 0.09185276180505753 0 0.3744029626250267 0.1183978542685509 13.67108493298292 46.55159039050341 0.1054971367120743 8.714357770979404 0.5902899354696274 1.13435685634613 0 24.77660209685564 1.178057812154293 0.4355571717023849 0.08852437883615494 0.09315228462219238 0.08358088880777359 0 364.7301894426346 0.8342696353793144 0 45.12952000647783 18.48568584024906 21.75494772940874 23.73842253535986 1.576134398579597 0.4349770322442055 0.625204898416996 0.4887201339006424 1.181152053177357 0.9102620258927345 0 0.8096921294927597 0.4189938604831696 0 0 0.5222197771072388 0 0.4034515172243118 0 0 0.0950348898768425 0.1072389110922813 34.08714029937983 0.1555968225002289 0 0 210.3211660459638 0 0 0.5010280609130859 0 3.58499950170517 3.704225391149521 0 3.151786163449287 0.5652410387992859 0.4428775012493134 0.5289380848407745 3.833024382591248 1.048214271664619 1.950883015990257 1.76797928661108 0.3201460540294647 0 0 0 0 0 0 0 0 0 0 0 0 0 0 0 0 0 0 1.507110714912415 0 0 0 0 0.625499814748764 0 0.2336299121379852 0 0.1467110961675644 0 0 0 0 0 0 0 0 0.4797036647796631 0 0 0 0 0.09573870897293091 0 0 0 0 0.2166027575731277 0 0 0 1.366161525249481 0 0 0 0 0 0 0 0.1109158992767334 0 1.034307263791561 0.4662796407938004 0 0 0 0.1448423862457275 0 0.8208817839622498 0 0 0 0.5642401576042175 0 0 0 0 0 0 0 0 0 3.042103782296181 0.4237331449985504 0.2518115937709808 11.49735943228006 6.878781460225582 35.8061988055706 7.216829761862755 290.7419958636165 7.700891591608524 0.2259462997317314 3.571405410766602 0 0 0 0 0.5535588264465332 0.3092356622219086 0 0 0 0.1069139391183853
46.28946343809366 1540.743216238916 356.3617048189044 51.19369938969612 0 3.913290426135063 535.4899639114738 933.6864917576313 2634.647239260375 144.8653062209487 1980.26350709796 43.91906546801329 777.9520915001631 2100.965284734964 4.669116653501987 1.5905392318964 0.5790044441819191 0 0.1012558192014694 0.388670027256012 0.5519526675343513 0 0 0 0 0.5338668003678322 0 0 0 0 170.6967040002346 24.38307959586382 18.95466426759958 0 0.137611135840416 2.211967080831528 10.45792966336012 0.4917282909154892 0.607409879565239 0.3836184591054916 0.2204947173595428 0.3261504098773003 0.0904078409075737 0.4944516122341156 0 0.1528110802173615 84.91684345901012 0.8622014001011848 0.117544911801815 0.3513743206858635 1.165050476789474 0.2481640949845314 0 0 0.3307458534836769 0.4167680889368057 6.378229312598705 19.44591897726059 0.4920460358262062 20.88334536552429 0.5723912492394447 3.298656903207302 0.09338977932929993 34.48550942540169 2.196583412587643 0.4827115759253502 0.6037488877773285 0.64854896068573 0.310917966067791 0.7481093555688858 18.67991440743208 3.510028809309006 0 32.78766370564699 26.8158106058836 43.00659207999706 75.57159566879272 3.155343659222126 4.852751515805721 24.8537088856101 0.9933952689170837 5.589182585477829 4.03597304224968 0 0.3811970204114914 0.7442377954721451 0.09231541305780411 0 0.771588571369648 0 0.3747096136212349 0.4379874244332314 0.1872041821479797 0.2327466383576393 0.3465979844331741 52.15383397042751 3.221370965242386 0 0.3592837154865265 12.04221864044666 0.7135557532310486 0 0.9976889193058014 0 4.186490945518017 6.735663436353207 0.1712581962347031 8.055167257785797 2.662393964827061 4.439187057316303 6.802678644657135 20.48780908435583 9.597049981355667 9.435306340456009 17.47111390531063 0 0 0 0.1138647049665451 0 0 0 0 0.1499243974685669 0 0 0.1545473635196686 0 0 0.09395245462656021 0.09501389414072037 0 0 0 5.936109006404877 1.255232214927673 0 0 0 3.071221925318241 0.3793775737285614 3.987864352762699 0 0.2153097689151764 0 0 0 0.2717824280261993 0 0.1168292239308357 0 0.6782406345009804 1.780695289373398 0 0 0 0 0 0 0 0 0 0.712579607963562 0 0 0 4.866219833493233 1.286247968673706 0.1568408459424973 0 0 0 0.1974690705537796 0 0 0 16.23245425522327 0.2493400871753693 0 0 0.09843201190233231 2.516764126718044 0 3.517546981573105 0.5507210493087769 0.4905490726232529 3.000473476946354 2.183331027626991 0.322058878839016 0 0 0 0 0 0 0 0 19.72764407843351 3.137724950909615 0.8299747183918953 36.85181615501642 13.93554697185755 91.51749385148287 10.19995287805796 35.78291165828705 18.71666538715363 0.3701356276869774 10.20135127007961 0.63835708796978 0.136208102107048 3.1793207898736 0.1885098442435265 1.185640335083008 0.3492451161146164 0 0 0 0
348.5648321062326 512.9005161747336 33.31411556899548 229.7548035383224 3.913290426135063 0 48.86887389421463 1.329175911843777 17.83523255586624 432.0903586447239 3.325326964259148 163.9726215004921 162.620017722249 48.22081249952316 0.2994047552347183 0 0 0 0 0 0 1.413063183426857 0 0 0.3445218801498413 0 0 0 0 0 134.7903777807951 1.076916173100471 10.1243260204792 0 0 0.5695450305938721 26.42060235142708 2.513548731803894 9.127479001879692 0.5956000089645386 0 0.4037081003189087 0 0.420586884021759 0 0 4.514825977385044 0.3438336402177811 0 0 0 7.499095350503922 1.946156486868858 0 0.259462371468544 0 66.88836357742548 29.57009673863649 2.075275741517544 2.602341584861279 0.248758852481842 4.41538479924202 0 7.41420292109251 0.09153485298156738 0 0 0 0 0 39.36499029397964 90.18099853396416 2.391180008649826 19.71586237847805 4.744758479297161 5.262707427144051 4.813540175557137 0.6771392524242401 0 0.6812517940998077 0 0.9958227723836899 0.5008269771933556 0 0 0 0 1.24602147936821 0.09645576030015945 2.436134114861488 0 0 0.128766655921936 0 0 141.6560725867748 134.4141542315483 4.4089595079422 11.92134135961533 663.6380348652601 0.1503383666276932 0 0 0 0 0.8181772530078888 0 0.1495128124952316 0.5752294063568115 0 0.3537882268428802 0 0.1850788593292236 0.5575306415557861 0.1804448068141937 0.448350191116333 0 0 0 0 0 0 0 0 0 0 0 0 0 0 0 0 0 0 0 0 0 0 0 0.2633788287639618 0 0.143912747502327 0.3926085829734802 0.2054319828748703 0 0 0 0 0 0 0 0 0 0 0 0 0 0 0 0 0 0 0 0 0 0 0 0 0 0 0 0 0 0 0 0 0.9533548802137375 0 0 0 0 0 0 0.4202731549739838 0 0 0 0 0 0 0 0 0 0 0 0 0 0.264338493347168 0 0.1734050214290619 0.8752464726567268 1.864577434957027 8.081757754087448 1.869510598480701 278.7304414734244 2.769161708652973 0 0.5892004519701004 0 0 0 0 0 0 0 0 0 0
298.5286737605929 1863.118447013199 342.0557162687182 484.5577903464437 535.4899639114738 48.86887389421463 0 29.12963058054447 428.2222853153944 1827.609868757427 103.8928386569023 614.0175331160426 3279.487584538758 785.8247749358416 6.747494526207447 0.9383026584982872 1.047674536705017 0.0798698365688324 0.1959686055779457 0.3735033795237541 1.015469327569008 0 0.1117837429046631 0.1726249903440475 0.2217507064342499 0.5089026167988777 0.1787096783518791 0.1824382767081261 0 0 453.82178992033 41.76446005702019 25.49146662652493 0 0 0.9951654449105263 15.48316857218742 0.1108436807990074 2.088679693639278 1.016040816903114 0.187267579138279 0.89399553835392 0 0.4926665127277374 0.2753571420907974 0.3176834136247635 159.4421607255936 2.233349718153477 0.2153846696019173 0.1783157140016556 2.275079630315304 0 0.4545892551541328 0.08674577623605728 2.074853539466858 1.777321204543114 22.22194865345955 66.30904930830002 3.137469686567783 45.15642715245485 1.781551636755466 1.945642955601215 0.1163672506809235 88.02364351600409 5.393460314720869 0.6280648186802864 1.741047967225313 1.399371117353439 0.9287510365247726 0.0961662232875824 89.05079347640276 5.173260323703289 0.131038561463356 103.7797817066312 66.41119834035635 115.583902977407 152.8145450204611 5.239373408257961 2.399606928229332 8.254052467644215 2.685830444097519 5.31258999556303 7.746935538947582 0 2.051290735602379 1.4856171682477 0.9543468430638313 0 2.656521957367659 0.195992149412632 1.924081087112427 0.966837577521801 0.3973364904522896 0.301197811961174 1.016992710530758 111.8913108184934 4.927944958209991 0 1.537690311670303 43.32767072319984 2.233890652656555 0.1235713884234428 9.118561431765556 0 6.596804492175579 21.28271994739771 0.2010703533887863 22.71541314572096 9.654645279049873 8.788772910833359 19.88047113269567 45.71971267461777 22.05348428338766 22.01436832547188 41.71319362521172 0.5902485176920891 0.1264670342206955 0 0 0 0 0 0 0 0.09762491285800934 0 0.2111223042011261 0.2209009751677513 0 0 0.1888505965471268 0 0 0 5.059219017624855 4.300584018230438 0 0 0.08633159101009369 6.875487983226776 0.8446254953742027 7.610194347798824 1.047331996262074 1.006427139043808 0 0 0 0 0 0 0 0.8608758747577667 3.807024627923965 0 0 0.1163264811038971 0 0 0 0.2382355034351349 0 0.09475862979888916 1.336476258933544 0 0 0 18.95381100475788 2.503067798912525 0 0 0.1923731341958046 0 0.1338848471641541 0 0 0.1274289488792419 31.03697573393583 0.4763225317001343 0 0 0.365181639790535 5.665996640920639 0.1321021616458893 5.662564374506474 0.7013144716620445 3.750646941363811 2.664046004414558 4.218833483755589 2.930087827146053 0 0 0 0 0 0.1721325069665909 0 0 40.41129530221224 7.138309046626091 2.117048732936382 66.23703940212727 33.10118833184242 181.1227947063744 23.25681261718273 122.4274103492498 33.04639948904514 1.213403224945068 20.67294568568468 3.143772065639496 0.6356315687298775 5.709080256521702 0.2158953845500946 1.512414559721947 0.5280596017837524 0 0.3545492887496948 0.9016203284263611 0.6825338751077652
58.95421993732452 1100.677373588085 2856.5706660375 4.308899432420731 933.6864917576313 1.329175911843777 29.12963058054447 0 584.8595526143909 1.041492506861687 1408.955224089324 7.669957689940929 43.41111613065004 589.8995450660586 22.30322504043579 21.88892342150211 7.765643924474716 7.534227140247822 2.632710881531239 10.43356911838055 20.87434061616659 0 1.922491565346718 2.10790491849184 3.353985980153084 1.67706786096096 0 0.8209735378623009 0 0.08713293820619583 539.0552358701825 597.3832309469581 183.4662604704499 2.901679344475269 1.662337116897106 10.99047616869211 57.61998484283686 9.086019106209278 3.316065609455109 2.484397441148758 4.005468055605888 6.038431495428085 6.035114854574203 16.89602584391832 4.853953525424004 13.48596828430891 192.9474775120616 18.2083870396018 7.029338657855988 10.03819245100021 2.561961188912392 0.7156277596950531 0.08112888783216476 0.5665385648608208 1.055776633322239 0.368546761572361 5.508088193833828 21.70330955088139 1.00764511525631 21.20802481472492 154.9557854384184 249.4861828163266 3.806615188717842 236.0536813512444 1.663535416126251 5.681082010269165 1.913252845406532 32.57929652929306 58.18182720988989 15.27036692947149 45.69616032391787 15.50212100148201 0.1920529752969742 47.69916265457869 58.60526646673679 85.76647996157408 280.1790330559015 137.8982436656952 386.7791358754039 1858.540182948112 218.8310099318624 3052.442245692015 5.562344245612621 0 2.87593300640583 0.5279476642608643 39.75990042835474 0 1.42235691845417 0 4.018143184483051 3.759024672210217 10.97752119600773 3.636458232998848 4.977736420929432 65.22025865316391 28.46031654626131 0 2.621201425790787 53.3240030631423 1.889148727059364 0 0 0 1.55108579993248 1.742012336850166 0 0.7877418845891953 0 0 0.1971096247434616 3.928093567490578 1.10604652017355 2.92037670314312 8.943021222949028 0.8569700568914413 0.587241031229496 0 0.108827643096447 0 0 0.1013371348381042 0 0 0.1261462867259979 0 0 0.5975415632128716 0 0.119292750954628 0 0.09722656756639481 0 0.1158470511436462 1.193296790122986 0.5175141245126724 0 0.2938712239265442 0 5.203353606164455 0.5874397158622742 7.89063273370266 2.206534765660763 2.369870334863663 0 0 0 0 0 0 0 0.4466777145862579 1.236791603267193 0 0.4753002673387527 0.5613300576806068 0.5561520084738731 0.1057977452874184 0 0 0 0 0.8680139482021332 0 0 0.2152046412229538 6.66812352836132 0 0.129074439406395 0 0 0.2164019644260406 0.2260645255446434 0 0 0.1948460787534714 7.412138745188713 1.406914182007313 0 0.2123904004693031 0.4479265585541725 0.4851829335093498 0 3.013417683541775 0 1.020119518041611 2.401816740632057 1.896635994315147 1.490887597203255 0.0831461176276207 0 0 0 0 0.1746622249484062 0.1790037825703621 0.09360505640506744 4.601499833166599 4.111429773271084 2.768521964550018 112.272518068552 18.45787741243839 247.2964928075671 19.38080406934023 57.78106933087111 33.16451371461153 0.3822832554578781 33.3748777359724 0.8806451708078384 0.1203235909342766 2.602146789431572 1.131059162318707 1.042332910001278 1.874091014266014 0 0.7517154663801193 1.054986141622066 0.8311396390199661
45.3503340408206 1805.221207045019 697.3625550195575 158.4693050980568 2634.647239260375 17.83523255586624 428.2222853153944 584.8595526143909 0 588.9728200882673 1651.580524235964 316.6500220671296 2888.338047146797 2846.893929302692 18.7480171918869 7.649648994207382 1.188494592905045 0.5265268310904503 0.1923017576336861 0.2784156501293182 0.8483433499932289 0 0.3415834456682205 0 0.8224228844046593 0.8767960742115974 0.2101080268621445 0.5580548495054245 0 0.1927443295717239 246.518739849329 63.56111827492714 54.90906924009323 0.07523439824581146 0.1129364818334579 1.89804170280695 48.45453193038702 1.298769630491734 1.329837761819363 1.473645150661469 0.5759327113628387 0.8906649723649025 0.1823399439454079 3.122232973575592 0.1486923396587372 0.7086678221821785 257.0640738010406 3.2266561165452 0.08954037725925446 0.7342703565955162 3.549916237592697 0.1290599852800369 0 0.3611125946044922 1.554523482918739 1.306375451385975 13.13721409440041 31.04543244838715 2.24402641505003 54.92474538832903 4.541799403727055 9.379442416131496 0.3325496837496758 79.24978002160788 6.012286446988583 1.182204410433769 1.560759589076042 1.577208824455738 1.120705291628838 1.183580920100212 79.67580957710743 13.67342150211334 0.104132816195488 77.89145795255899 58.39114581793547 121.3552583828568 208.0213773176074 13.68252530694008 4.867629379034042 79.84588447958231 3.577638797461987 13.47227419912815 9.348466902971268 0.107106052339077 2.198115207254887 0.7758666314184666 1.352425396442413 0 3.128319334238768 0.1582693606615067 1.390760719776154 1.815958939492702 0.3064854815602303 0.3959167078137398 1.147945702075958 340.7594777271152 14.49391398578882 0 1.646410576999187 21.03844768553972 4.927343167364597 1.079678349196911 4.919889017939568 0.5410215258598328 18.83441284298897 35.48325423896313 0.1266629844903946 38.70269509404898 11.94429822266102 19.46003609150648 33.01289054751396 94.22384119778872 46.31164863705635 55.42537939548492 72.58210884779692 1.544136829674244 1.558081313967705 0 0.2150892689824104 0 0.2275492995977402 0 0 0 0.0854765772819519 0 0.2317264005541801 0 0 0 0.1852906346321106 0 0 0 16.10369402170181 7.169384852051735 0.1301832795143127 0.4667792618274689 0.2028992474079132 12.70368725806475 0.3340038135647774 14.75911427289248 0.5309563428163528 1.078800991177559 0 0 0 0.5956656038761139 0 0.1234169527888298 0.105085626244545 4.029413931071758 11.44312166422606 0.1007649153470993 0.1055867895483971 0.09640447050333023 0 0.09994024783372879 0 0.3110842704772949 0 0.8669579848647118 1.813300922513008 0 0 0.1119822859764099 31.94766926765442 3.730102486908436 0.7281440496444702 0.08335024863481522 0.2250309139490128 0.2496315017342567 0.1986575648188591 0 0 0.1001178994774818 67.00053355842829 1.323521710932255 0.1512280404567719 0 0.08929173648357391 12.48020465672016 0.2833718955516815 15.1660024523735 1.971043333411217 6.681826800107956 7.546390682458878 6.338121071457863 4.371125362813473 0 0 0 0 0.09622132778167725 0 0 0 95.51686831563711 12.15869445353746 3.113211609423161 152.5573558025062 39.06373604387045 323.0151312462986 31.48969785869122 118.6932465583086 62.63429147750139 1.078395247459412 49.95263155549765 4.669164054095745 0.6742038130760193 7.132894732058048 0.9799493476748466 5.091432422399521 2.164773605763912 0.3391178399324417 0.8089991211891174 1.121837541460991 0.1530728340148926
1134.149621509016 1380.473337382078 74.65382274240255 638.9798495694995 144.8653062209487 432.0903586447239 1827.609868757427 1.041492506861687 588.9728200882673 0 8.561215668916702 1563.489134669304 4349.525441050529 334.5377580374479 1.471277803182602 0.1268303543329239 0.1840851753950119 0.1059786826372147 0 0 0 0.1988256275653839 0 0 0 0.1089896559715271 0 0 0 0 246.3243288248777 7.651255905628204 10.02686592936516 0 0 0 46.83975190669298 0.3771249577403069 1.501496464014053 0.09729581326246262 0.1302337199449539 0 0 0.1637240648269653 0 0 37.48043192923069 0.5008467510342598 0.1697924137115479 0.09415408968925476 0.6265840753912926 0.922637403011322 0.3808745443820953 0 0.5757928416132927 0.1974748969078064 20.73277384787798 60.50142668187618 1.503272399306297 9.577139459550381 0.5417160615324974 1.319276712834835 0 28.21332489699125 0.3326917067170143 0.0804273709654808 0.07186829298734665 0.09228483587503433 0.2284363061189651 0.181201659142971 442.014171525836 4.505993068218231 0 55.01962978392839 18.16816221922636 29.24615959078074 35.29961178451777 0.7518886029720306 0.8528565317392349 1.886367939412594 0.4579697102308273 1.493823684751987 1.59882865101099 0 0.4600506573915482 0 0.5491198971867561 0.4789733737707138 0.3084428086876869 0.2128558158874512 0 0.1029877811670303 0 0 0.2006805986166 236.7088570073247 9.359337791800499 0.4206649959087372 3.718499034643173 280.8459775969386 1.917845606803894 0 6.611348316073418 15.67215815186501 10.1032435297966 37.24758334457874 0.8529586344957352 14.97491277009249 15.60756484419107 18.58914770185947 12.88001230359077 43.01360038667917 35.81657472252846 32.93546542525291 21.18490772694349 0.1337904334068298 0 0 0 0 0 0 0 0 0 0 0.260822206735611 0 0 0 0 0 0 0 8.224279299378395 1.759386762976646 0 0 0 3.876636698842049 0 2.986649006605148 0.2768521904945374 0 0 0 0 0 0 0 0 0.4769725948572159 1.468300834298134 0 0 0 0 0 0 0 0.09427040815353394 0.1566327810287476 1.563834577798843 0 0 0 8.080606944859028 0.171236053109169 0.2022361159324646 0.1870988607406616 0 0 0 0 0 0 21.55886349081993 0 0 0 0.350805938243866 4.347824409604073 0.1809480935335159 3.187717571854591 0.1132703945040703 0.592258632183075 1.08332222700119 1.047615706920624 1.603889480233192 0 0 0 0 0 0 0 0 38.94110676646233 2.126465335488319 0.2179206311702728 18.42864134907722 3.767010994255543 47.9286150559783 8.788237549364567 504.8019090294838 12.26868346333504 0.3007085025310516 6.825534597039223 1.324121676385403 0 2.971464149653912 0.1874646097421646 3.987908452749252 0.1461615115404129 0 0.4191346764564514 0 0.2477217614650726
90.09896533936262 2447.49672858417 2889.396024480462 10.76333168894053 1980.26350709796 3.325326964259148 103.8928386569023 1408.955224089324 1651.580524235964 8.561215668916702 0 34.13543358445168 786.3881539031863 1733.594558738172 30.55997497588396 19.26053217053413 2.100107997655869 0.2365378886461258 0.2514512538909912 1.82421750575304 10.2015615105629 0 1.097355902194977 0.6214267686009407 3.947184361517429 2.085591442883015 0 0.08953216671943665 0.6849209889769554 0.09676948189735413 320.6930075734854 105.0045002996922 187.982385225594 0.4751685634255409 0.9614274352788925 16.755466401577 89.54141304641962 12.32647309452295 1.549008183181286 2.957690745592117 2.267717935144901 2.565210834145546 0.2305970937013626 4.405565969645977 0.5136841386556625 1.204293355345726 266.0294904336333 3.08403418213129 0.9361536875367165 1.134511046111584 2.563978642225266 0.2238424569368362 0.3722287639975548 0.872940719127655 1.311685957014561 0.6176140829920769 10.3915143981576 24.39786467701197 0.8702343851327896 42.20964285731316 10.3316300958395 89.96834436804056 0.7348282858729362 63.37611926347017 4.041572697460651 1.078793905675411 0.9165861308574677 4.525361642241478 6.676108539104462 8.616217121481895 110.4060393869877 10.03557602316141 0 59.96447417140007 54.05011471360922 115.5469702556729 236.8922044634819 26.65729092806578 12.53283756971359 567.4077412039042 4.288920842111111 337.1168165281415 5.321267448365688 0 1.597442381083965 0.2326408475637436 3.180462129414082 0 1.870679475367069 0 1.326781213283539 1.278216347098351 2.200454339385033 2.108810760080814 2.550067760050297 108.9046808630228 8.736663088202477 0 1.088371448218822 36.04846919327974 0.8247100561857224 0 0.3680328652262688 0.1246150955557823 4.955023720860481 10.58084414154291 0.1632211655378342 6.745378196239471 1.655376732349396 2.622125580906868 6.048794381320477 14.91061255335808 8.587437674403191 11.46477726846933 18.96556469798088 0.2725424468517303 0 0 0.1286475360393524 0 0 0 0 0.2242823988199234 0 0 0 0.09293640404939651 0 0.0999874547123909 0 0.1104495003819466 0.1028555557131767 0 4.816093772649765 0.8276803642511368 0 0.4375354200601578 0 4.834210902452469 0.3921417370438576 6.367827668786049 1.440590143203735 1.212870322167873 0 0.1763083785772324 0.09887190163135529 0 0 0.1269611567258835 0 2.112432055175304 2.647544085979462 0 0 0.3930645287036896 0.3868765085935593 0.0918312668800354 0 0.1255108416080475 0 0.07543229311704636 0.6957542151212692 0 0 0 10.65557400882244 0.6054291427135468 0.1458064317703247 0 0 0 0 0 0.1163955181837082 0.118212915956974 16.92221570014954 0.3195798993110657 0 0.1169979646801949 0 3.580265939235687 0.1260946393013 5.469422481954098 0.2882856950163841 1.1512156650424 7.675272330641747 2.23194445669651 1.903428740799427 0 0 0 0 0 0.1060467287898064 0 0 20.46108058094978 4.160330414772034 1.035702548921108 209.689656637609 32.80684483796358 356.8058274313807 29.19357568770647 96.46687360852957 59.77799855172634 2.480699561536312 61.45168581604958 1.635274961590767 0.4109167382121086 5.101315051317215 0.3783438950777054 0.4817920029163361 0.5557433366775513 0 0.5246887803077698 1.79951124638319 0.9487640187144279
279.7869565784931 197.0363264381886 14.79822761565447 967.2535192072392 43.91906546801329 163.9726215004921 614.0175331160426 7.669957689940929 316.6500220671296 1563.489134669304 34.13543358445168 0 1518.160749405622 297.5175105333328 5.587164789438248 6.655168242752552 0.432994432747364 0 0 0.1608246266841888 1.449929401278496 1.066202610731125 0.2499048188328743 0 1.701480776071548 0.2049783617258072 0 0 0 0 19.15834975242615 2.415739864110947 84.19934181123972 0 0 14.4165231436491 855.1970169767737 4.429172873497009 1.356270782649517 3.326117530465126 0.517987884581089 0.09525857865810394 0 2.22794634103775 0 0 28.88239848613739 0.2335760593414307 0.09786776453256607 0.4662584736943245 0.201301634311676 2.187896035611629 0.2081539928913116 0 0.06755412369966507 0.3448143303394318 1.304735608398914 8.712751463055611 0.2748343124985695 3.486969985067844 1.262527316808701 4.76277207583189 0.1070619374513626 5.225972309708595 0.08320315927267075 0.5781292989850044 0.4919622465968132 0.887957938015461 1.381897658109665 1.202494621276855 405.4004443883896 44.94891513139009 0.1385610401630402 7.573126345872879 5.021897383034229 7.101279594004154 18.89076360315084 5.718265004456043 0.2099027782678604 9.11817628890276 1.019434541463852 4.985348120331764 0.7423204854130745 0 0.2145225256681442 0.157659612596035 0.77896399050951 0.4160829484462738 0.5663859993219376 0.7476945519447327 0.284727931022644 0.2062818557024002 0.6608371958136559 0.4047309085726738 0.1928424388170242 1204.978870466352 71.11207044124603 0.9900805056095123 7.249557957053185 20.27753874659538 2.290195107460022 0.272930234670639 3.312840469181538 0 17.39444084465504 23.98791299015284 0.2442701160907745 24.22334913909435 8.979673244059086 15.34312685579062 16.19344747811556 64.1423095613718 32.36874075233936 43.57685095816851 59.63819412142038 0.6691216826438904 0.5526018887758255 0 0 0 0 0.09759750217199326 0 0 0 0 0 0 0 0 0.5063735246658325 0 0 0 17.45640395581722 6.41666329652071 0 0.1373597979545593 0 13.29831037670374 0.8618073239922523 18.33395641297102 0.4179088100790977 0.5055681765079498 0 0 0 0.2368034794926643 0.099651038646698 0 0 2.320062935352325 3.676079481840134 0 0.1207687556743622 0.2061758935451508 0 0 0 0.3571931272745132 0.1962526813149452 0 2.669918715953827 0 0 0 31.66293639689684 4.171942800283432 0 0.3652271628379822 0.07952959835529327 0.09568533301353455 0.3972155302762985 0 0 0.08388478308916092 58.77825771272182 2.496363557875156 0 0 0 9.029582731425762 0.3505625575780869 11.18817765265703 1.635841064155102 5.151016674935818 5.678005717694759 5.195824593305588 3.362951718270779 0.1875602081418037 0 0 0 0 0 0 0 100.0727984532714 14.23796039074659 2.42612062394619 36.73216478526592 4.927021369338036 41.72132025659084 4.339318871498108 151.6256882548332 7.526965171098709 0.1388972699642181 11.94557230174541 1.554381772875786 0.419396236538887 7.645234875380993 0.3261362612247467 4.402457490563393 0.4324245527386665 0.1049361675977707 0.8184295445680618 0.1396360248327255 0.5476182401180267
315.6913310289383 1320.724524699152 61.57334470748901 2200.530288979411 777.9520915001631 162.620017722249 3279.487584538758 43.41111613065004 2888.338047146797 4349.525441050529 786.3881539031863 1518.160749405622 0 3561.703846022487 24.5221489071846 26.77158246189356 3.979051277041435 0.4639739319682121 0.09755239635705948 1.063186764717102 5.777113415300846 0.5827724039554596 0.9925856217741966 1.011951625347137 1.542452409863472 0.5760012865066528 0.2313345968723297 0.1105474978685379 0.1244089007377625 0 51.29235507547855 23.08262441307306 122.368181668222 0.4733267799019814 0.7873953357338905 10.37818786501884 135.5746856033802 6.901482470333576 5.49608600884676 5.323783278465271 1.658699467778206 1.856443248689175 0.3281124383211136 6.317005425691605 0.4920428171753883 0.5270454213023186 165.4875034764409 2.78265643119812 0.2151995003223419 0.9304424151778221 2.762316189706326 2.584313280880451 0.3187436014413834 0.6074843108654022 0.6174725368618965 0.315545417368412 6.112244911491871 11.72669676691294 0.7242096289992332 18.39944390207529 8.254078283905983 18.12940301001072 0.2619673311710358 27.44426978379488 2.924065813422203 1.124556217342615 1.293170928955078 3.308554142713547 6.878549888730049 5.502525217831135 177.5425753071904 48.77999181300402 0.6445063650608063 21.63836240023375 24.15911691635847 57.24929198622704 133.6718873903155 36.08959179371595 2.585873804986477 25.716568171978 4.342176713049412 33.68245186656713 4.364302091300488 0 1.652207523584366 0.7405201122164726 2.116143383085728 0.7368636578321457 1.510018244385719 1.523002408444881 3.370276503264904 2.315244093537331 2.319140858948231 1.375987589359283 2.555961802601814 2462.864672034979 59.43206571042538 0.2746095359325409 2.41512193530798 30.09349178522825 4.542583040893078 1.462113678455353 15.66105795651674 8.467182904481888 41.4348152577877 135.2592819482088 2.212817698717117 79.57735512405634 79.56001468747854 54.28827331960201 64.70358390361071 217.9237008839846 108.8467161133885 118.0638477280736 161.8727224990726 2.005089648067951 1.120353445410728 0 0 0 0 0.2022861316800117 0 0.1291643977165222 0 0 0.09543676674365997 0.3667492121458054 0.1179351881146431 0.104733057320118 0 0 0.4685336723923683 0.4152903258800507 31.20800106972456 8.961521297693253 0 0.5175023972988129 0.3840756863355637 28.12309436500072 2.567186206579208 30.54891834408045 0.9167730361223221 1.724611952900887 0 0 0.08759909123182297 0.6357235312461853 0.1516274511814117 0.1977671533823013 0 5.739881724119186 13.06519163399935 0.1040531769394875 0.08889506757259369 0 0 0.355980210006237 0 0.5368118956685066 0 1.010450400412083 3.380337953567505 0 0 0.8674111068248749 71.62449142336845 6.476393572986126 0.22236567735672 0.5267105251550674 0 0 0 0.1174393817782402 0 0.4260620027780533 148.7505552619696 2.041595794260502 0.08619072288274765 0 0.4061611741781235 21.7068740054965 0.3745001778006554 26.02218962460756 3.669563338160515 12.08479079604149 17.64089185744524 10.98222505301237 12.94977531582117 0 0.1158607602119446 0 0 0.1089092865586281 0 0.3498367741703987 0 244.2578518986702 31.25756910443306 3.922795988619328 162.8649620562792 32.93597605824471 223.1461646929383 26.64471194148064 206.8737824112177 52.39336294680834 1.966551013290882 53.13139925152063 5.389105834066868 0.4022957533597946 16.22204592078924 1.711174204945564 11.29530151188374 2.154470756649971 0.1130304485559464 1.201278418302536 3.575989902019501 1.256233692169189
