0 4628.389276310802 542.2029357627034 1798.361854076385 677.5000885352492 227.4061377122998 1832.031082674861 178.2934793159366 124.7822593301535 2044.807007223368 461.7452833130956 17.67555728554726 116.3372768089175 111.8739047646523 2.545236870646477 1.231725767254829 0.1138638332486153 0 0 0 0 0 0 0 0 0.1461951285600662 0 0.1470150053501129 0.1173983067274094 0 712.7989915236831 6.317538142204285 2.179752916097641 0 0 0.4219197630882263 2.383503682911396 0 0.3926080986857414 0.1411234587430954 0.2440221607685089 0.1904454827308655 0 0.1686343103647232 0 0 25.59195686876774 1.237338595092297 0 0 0.4423827975988388 0.4587334841489792 0 0.4848784804344177 1.098689019680023 2.575001090764999 608.5205259174109 1279.418909147382 89.44929956644773 19.53779953718185 0.3244860023260117 0.6207389235496521 0.2596165165305138 13.21424646675587 1.31309650093317 1.221882894635201 1.762151092290878 1.05072446167469 0.2437713071703911 0 10.52838607132435 4.696685716509819 0 243.4743960276246 51.59258203208447 91.41596162319183 3.06581487506628 0.4044964164495468 11.91523211449385 61.67646691948175 0.4371391013264656 5.455660633742809 5.409982852637768 0.2217642292380333 0.9435881078243256 4.00953633338213 2.806006401777267 0.4142866134643555 0.5616296082735062 0 0.2512078285217285 0.1128992587327957 0.2795645296573639 0.1250950396060944 0.2485170215368271 152.5942389070988 3.144340366125107 0 0.4405502825975418 1159.025231972337 0.08608302474021912 0.6304848492145538 0.8694822043180466 1.424805477261543 0.5006117820739746 3.865331768989563 0 2.175567775964737 6.230910785496235 7.533585786819458 0 6.063181400299072 4.989019051194191 6.207187280058861 1.368479356169701 0 0.123621977865696 0 0 0 0 0 0 0 0 0 0 0.1270766705274582 0 0 0 0 0 0 0 0 0 0 0 2.29462967813015 0.2808338776230812 2.590518668293953 0.7706311941146851 0 0 0 0 0 0.4637612700462341 0 0 0 0 0 0 0 0 0.1091716885566711 0.2264443933963776 0 0.09495509415864944 0.3108985424041748 0.8041108325123787 0 0.3585799932479858 0 5.721875071525574 0 0 0 0 0 0 0 0 0 2.79730349779129 0.9314523339271545 0 0 0 2.626816481351852 0 1.505494639277458 0.09346521645784378 0 0.5908156633377075 0 0.3934886753559113 0 0 0 0 0 0 0 0 0.7818785905838013 0.7587039768695831 2.348989307880402 187.4704616740346 20.33142456412315 297.2010795101523 103.2655552625656 2581.466622032225 154.7525369077921 8.917908273637295 47.53953092545271 3.144770935177803 0.2047850117087364 2.277109526097775 1.492310963571072 4.907170429825783 0.3370163589715958 0.3291345089673996 0.2292018756270409 0.1325238049030304 1.425278767943382
4628.389276310802 0 951.5357432067394 167.2507456690073 2679.55681528151 669.5092308968306 1506.813576288521 695.9094246476889 2836.481381177902 490.9476873651147 2247.133265048265 35.37445345520973 734.8972880095243 1050.460607618093 17.08357524871826 2.954033821821213 0 0 0 0.382085844874382 0.4358550906181335 0 0.1198710799217224 0.1323884874582291 0 0.1242005005478859 0 0.7915725260972977 0 0 2049.078107357025 29.32417288422585 18.40375746786594 0.1551423519849777 0 0.1620775312185287 16.23624347895384 0.4218727201223373 2.791457444429398 2.011435009539127 0.7788306400179863 0.7672407180070877 0.1346533000469208 0.5900423601269722 0 0.4563951566815376 133.0066101774573 4.256519496440887 0.1383390575647354 0.5664959251880646 0.1978486552834511 0.4136991798877716 0 0 1.511798195540905 5.679108321666718 137.3132453709841 872.8080547973514 52.64908862113953 88.65697994828224 2.287685692310333 0.6013674437999725 0.2963293492794037 102.1865846514702 2.75433985888958 1.592482328414917 3.28690043091774 2.686138711869717 1.227744802832603 0.1110979244112968 26.21101670712233 13.30011336505413 0.4226591289043427 253.1610218062997 169.970081590116 313.1337198168039 20.64829817414284 1.303028576076031 30.50923472642899 211.3992629945278 3.475044593214989 11.21307707577944 8.67796640843153 0 1.441667698323727 7.454340718686581 6.909331873059273 0.1046682149171829 0.4360828176140785 0.2717359960079193 0.114427924156189 0.3631972670555115 0.6885616555809975 0.4293818697333336 0.1160027682781219 275.4565057232976 8.919921517372131 0 2.283282265067101 1012.084004200995 0 3.292241811752319 8.292377561330795 2.465141892433167 1.714726462960243 39.58864714950323 1.996324107050896 12.3641372025013 44.10727566480637 44.01691575348377 2.898055121302605 53.8222596347332 50.16678395867348 60.50175626575947 27.03602927923203 0.5459708869457245 2.090792685747147 0 0.9524787962436676 0 0 0 0 0.2277365028858185 0 0 0.1851987540721893 0 0.3495706021785736 0 0 0 0 0 0.556410014629364 0.7389306277036667 0 0 0 13.90848150104284 1.295620083808899 11.34913362562656 1.546115443110466 0.8775773644447327 0 0 0.08907388150691986 0 2.744325324892998 0.8638314604759216 0 1.973301559686661 0.665889248251915 0.453865721821785 0 0 0 0.1131159067153931 0 0 0 0.504477933049202 0.9448539316654205 0 1.358689531683922 0.2369294613599777 42.87622253596783 0.3038156032562256 0 0 0.3249733746051788 0 0 0.1091960892081261 0 0 25.45513772964478 1.467504560947418 0 0 0.4747307449579239 23.15848581492901 3.34611202776432 8.996885806322098 1.417653813958168 0.2304429709911346 0.9311922788619995 0.8798920512199402 0.1633590906858444 0 0 0 0 0.1038383692502975 0 0 0 18.4698331207037 4.343146651983261 5.480550400912762 489.8017625138164 58.09901244938374 580.8520268946886 132.4666999951005 2826.98004680872 273.1407192274928 13.21815278381109 178.9078168645501 22.49418672174215 0.5620273500680923 8.21371978521347 3.407266139984131 27.44022034853697 0.9884150102734566 0.5959498062729836 2.672047898173332 3.793515585362911 4.377202376723289
542.2029357627034 951.5357432067394 0 14.42987537384033 392.1910946518183 53.09497676789761 68.16481422632933 4185.541973389685 305.2397970035672 39.18447236716747 3956.515424840152 32.34837374091148 290.0733627229929 622.8644950464368 27.30637730658054 16.54407556355 0.8094220757484436 0.4203528165817261 0 2.4510737657547 6.221874833106995 0.5407009124755859 0 1.331492766737938 5.119677536189556 3.039210490882397 0 2.967646107077599 0.1663194894790649 0.7181123644113541 3249.033385507762 175.3751392662525 126.7288852930069 0.4514123648405075 1.142147377133369 19.66644037514925 95.47341131418943 8.799745142459869 9.957669876515865 8.579223461449146 18.6070596948266 5.038186252117157 4.129094511270523 4.887051247060299 0 5.35244208574295 104.9576094076037 3.206071227788925 0.1377777308225632 1.173901848495007 4.163930229842663 0.9913678169250488 0.5495075583457947 0.2577488571405411 1.370334133505821 2.233254224061966 68.43717281520367 853.8750536888838 30.53752368688583 58.59236810356379 23.06800422817469 16.94721358269453 10.95921039581299 238.7319580540061 0.9655539318919182 3.002428188920021 4.445124454796314 4.311426900327206 4.024808757007122 8.710250191390514 213.6554621458054 24.86029607057571 0.7385966032743454 151.4006076753139 246.1551352739334 220.659779921174 39.09918642789125 14.15865410119295 810.4667606577277 1959.793684288859 49.71324329823256 367.4054092019796 7.462546825408936 0.5964514091610909 1.234148651361465 4.615434117615223 5.251280307769775 0.1398910135030746 0.7434312254190445 0.4854254722595215 1.128420010209084 1.667988307774067 10.58987119048834 3.64886686205864 0.8079439103603363 102.3786847293377 73.78060153126717 0 36.06326568126678 476.3031464964151 0.3971683382987976 1.008324056863785 6.522253185510635 1.399199873209 6.174103513360023 41.24420221149921 1.348123133182526 12.06908184289932 72.84582691639662 59.08256895840168 2.344973891973495 46.27687378227711 47.08882953226566 57.11934131383896 36.87295825779438 3.364596828818321 4.261449366807938 0.8248753547668457 2.416682332754135 0 0 0 0.1695976704359055 0.1931001245975494 0.1408799588680267 0.1205063164234161 0.1524706780910492 0 0 1.225546889007092 1.307198539376259 0.5684491097927094 0.3554477095603943 0.1377312391996384 2.083423122763634 1.317019082605839 0.1218623146414757 0 0.6718461588025093 34.87005374580622 8.047675959765911 42.30121703445911 3.103544339537621 3.904102548956871 0.5513831526041031 0.8275469392538071 0.3950855880975723 0 20.03896540403366 1.205817684531212 0 3.849092274904251 8.217440024018288 0 0.5863191485404968 0 0.5214816257357597 1.695088990032673 0.3120969533920288 0 0.2880677282810211 0 0 0 3.465061485767365 2.797972477972507 113.6369062289596 0.5856961607933044 0.1689159274101257 0 0.2728765308856964 0 0.8285147473216057 0.402808666229248 0 0.6121030449867249 90.89776246249676 7.617657110095024 0.2493588402867317 0 0.4907016679644585 39.11241897940636 11.03525559604168 26.59151493012905 2.719711042940617 0.6299651563167572 3.639093160629272 0.3935948610305786 2.876894608139992 0.4450481534004211 0.1193715557456017 0 0 0.1090317815542221 0.09833764284849167 0 0 32.25326064229012 10.69527633488178 18.54484917968512 285.6169096007943 48.61755175888538 260.7722186595201 90.67258727550507 681.3481666445732 129.3691809475422 7.369002901017666 107.9819325134158 27.61876511573792 1.57865547388792 16.90453351289034 3.194343887269497 52.05299152433872 4.823245763778687 3.020367868244648 5.651573665440083 5.814232423901558 4.715949788689613
1798.361854076385 167.2507456690073 14.42987537384033 0 197.2810131832957 236.9889779984951 822.9392403662205 0.2411701381206512 211.7925848215818 1654.370070949197 3.968229711055756 151.9519785940647 333.5007627159357 79.49480370432138 0.3206270635128021 0 0 0 0 0 0 0 0 0 0 0 0 0 0 0 16.62886406481266 0.5212369412183762 0 0 0 0 0.1231275275349617 0 0 0 0 0 0 0 0 0 2.574165463447571 0.1398664265871048 0 0 0 0 0 0 0 0 7.828931018710136 5.715748384594917 3.166059620678425 2.453543975949287 0 0 0 1.632247507572174 0.09896430373191833 0 0.2194772586226463 0 0 0 0 0 0 6.706144563853741 3.903416767716408 11.64126696437597 0.1435686498880386 0.09489061683416367 0 0.1089272871613503 0 0.1213098168373108 0.1983286887407303 0 0 0.2233687415719032 0.2107940390706062 0 0 0 0 0 0 0 0 198.2147910743952 0 0 0 50.84370085597038 0 0 0.393253967165947 0.6444488018751144 0 3.431886300444603 0 1.075366497039795 4.053380027413368 3.525783002376556 0 2.970981225371361 2.762655273079872 1.105186030268669 0.2136041671037674 0 0 0 0 0 0 0 0 0 0 0 0 0 0 0 0 0 0 0 0.313463419675827 0.4120808243751526 0 0 0 0 0 0.9290223270654678 0 0 0 0 0 0 0.2044176310300827 0 0 0 0 0 0 0 0 0 0 0 0.1139191165566444 0 0 0 0 0 0.6230063438415527 0 0 0 0 0 0 0 0 0 1.055775821208954 0 0 0 0 0.1799782365560532 0 0 0 0 0 0 0 0 0 0 0 0 0 0 0 1.091454684734344 0 0 53.07074701040983 0.7255084216594696 23.70484112203121 5.128869295120239 474.9161830618978 10.53464028984308 0.4348650127649307 6.323734983801842 1.501725941896439 0 0.3915324509143829 0 3.800544410943985 0 0 0 0 0
677.5000885352492 2679.55681528151 392.1910946518183 197.2810131832957 0 70.61392037570477 472.8805722296238 430.0425301268697 6892.783490046859 858.8914212137461 3252.455949775875 23.92439457774162 796.1650409922004 2111.800682492554 30.95941685885191 1.389959506690502 0.3882777392864227 0.2550983875989914 0 0.6931780725717545 0.2082215696573257 0 0 0.1536082178354263 0.2833764031529427 0.1657004356384277 0.09631863236427307 0.8600815236568451 0.2472967058420181 0 295.4724270999432 24.84984140843153 25.55065315961838 0 0 0.3508986607193947 20.07800743728876 1.429460532963276 2.234196051955223 0.8848348334431648 0.4893303066492081 0.5210482403635979 0 1.121203690767288 0.2332524806261063 0.8486741259694099 199.3493793383241 3.139243580400944 0.09138210862874985 0.6986332088708878 0.1711898669600487 0 0 0 1.311608664691448 2.899168729782104 13.24662335962057 78.0660353153944 21.2780565097928 93.84621886909008 1.639136828482151 0.4887698590755463 0.1496504247188568 74.14312049001455 2.090906135737896 0.5616069510579109 2.371226891875267 1.643978007137775 1.363807447254658 0 42.07688497751951 14.57997816056013 0.386437714099884 106.9266135767102 100.5514102354646 291.7570834904909 33.58529353886843 1.606540277600288 3.576438210904598 51.16748267412186 3.176699452102184 10.9043987840414 4.770636804401875 0.5215405449271202 1.151092931628227 4.854866795241833 5.606662265956402 0 0.9844971299171448 0 0.1200001835823059 0.2430303245782852 0.4537193775177002 0.5949410498142242 0.5438851788640022 240.1360185667872 6.630477085709572 0 4.199086531996727 67.61137425154448 1.533703491091728 3.083762675523758 20.88179215788841 6.896034434437752 4.823437869548798 104.2822228297591 7.29627987742424 22.69614753127098 120.9537963047624 111.0101044774055 5.848045744001865 116.1199532225728 120.3694383203983 98.66910906136036 53.46458484232426 0.5926081091165543 2.350010141730309 0 0.2248110920190811 0 0 0.09996692091226578 0 0 0 0 0 0.2568015456199646 0 0.1118387803435326 0.1636001169681549 0.1925720870494843 0 0 6.164135351777077 3.012881070375443 0 0 0.2522274255752563 24.86664770543575 2.299030035734177 21.84480772912502 2.155928507447243 2.056335456669331 0 0.3521705865859985 0.1081922277808189 0 6.002870082855225 0 0 1.698202684521675 3.121120750904083 1.271149799227715 0 0 0 0.1430156826972961 0.2988132461905479 0 0.1038038730621338 0.5035082325339317 2.599868908524513 0 1.815444618463516 1.243333488702774 89.80506116896868 0.6268354058265686 0.1653561890125275 0 0 0.2769793346524239 0.1024491116404533 0.09338132292032242 0.2702199220657349 0.1774626821279526 80.57054939121008 3.765550285577774 0 0 0 41.32349590212107 9.559141784906387 8.234457358717918 2.57166849821806 0.6325018852949142 2.621173322200775 0.6077578663825989 0.6328492015600204 0.4974310547113419 0 0.1027870923280716 0 0 0.09595023840665817 0 0 59.97757460176945 11.56178712844849 7.041423045098782 505.3926351740956 57.36435285210609 450.6783122122288 81.70544993132353 721.7552770078182 250.0234990492463 6.553469635546207 239.9191354289651 30.90917798876762 1.757329449057579 11.08383071422577 2.957584716379642 37.86684446036816 2.82101172208786 1.1761853992939 6.52128317207098 6.602053381502628 10.73760490119457
227.4061377122998 669.5092308968306 53.09497676789761 236.9889779984951 70.61392037570477 0 306.4311406165361 2.459314614534378 38.613495439291 1019.536092400551 6.468367025256157 113.0293204039335 107.6543204933405 27.09526264667511 0.9435338526964188 0.1394460201263428 0 0 0 0 0 0 0 0 0 0 0 0 0 0 63.61080318689346 0.8290459662675858 6.472526833415031 0 0 0.2543569505214691 12.80614230036736 1.435591384768486 0.693239688873291 0.5154197812080383 0.1091386675834656 0 0 0 0 0 0.8791353181004524 0 0 0 0 5.441391237080097 0.2503581047058105 0 0 0.6967251151800156 302.7170077636838 34.17542059719563 9.987044997513294 1.048712030053139 0 0.1732792407274246 0 0.7425718680024147 0.4783000126481056 0 0.1356971561908722 0.3564028292894363 0 0 83.23442354798317 86.68967007100582 9.427417635917664 7.951746888458729 3.561158910393715 3.481702037155628 0.1381143778562546 0.2252179384231567 0.1519385576248169 5.099908769130707 0 2.6578708589077 0.2085634768009186 0.9657686501741409 0 0.5291500985622406 0.1804036349058151 4.885628469288349 0.899273008108139 4.912836074829102 0 0.4221063405275345 0 0 0 398.9106446802616 44.84213231503963 8.613737553358078 3.880097955465317 1242.756684631109 0 0 0 0.2691255211830139 0 0.455218642950058 0 0 0.2244873642921448 0.2796638607978821 0 0.7791700810194016 0 0.5815352499485016 0 0 0 0 0 0 0 0 0 0 0 0 0 0 0 0.1436122059822083 0.1234528496861458 0 0 0 0 0 0 0 0 0.2842314541339874 0 0.4766039550304413 0 0 0 0 0 0 0.2601242661476135 0 0 0 0.278559684753418 0 0 0 0 0 0 0 0 0 0 0 0 0.1885584592819214 0.9391100630164146 0 0 0 0 0 0 0 0 0 0.656790554523468 0 0.3883552849292755 0 0 0.3742774128913879 0 0 0 0 0 0 0 0 0 0 0 0 0 0 0 0 1.065853238105774 0.5649260878562927 6.880978181958199 0.3380011171102524 12.49971675127745 3.923946522176266 491.7682775110006 6.198349431157112 0.3130028545856476 0.7758350148797035 1.340048938989639 0 0.09063313901424408 0 0 0 0 0 0 0
1832.031082674861 1506.813576288521 68.16481422632933 822.9392403662205 472.8805722296238 306.4311406165361 0 37.85712273418903 955.3543905392289 2493.278481654823 344.6717975065112 74.17632985115051 2538.892497748137 4678.178679838777 10.86048528552055 1.388462759554386 0 0 0 0.2820989787578583 0.1045506745576859 0 0 0 0 0.2851375341415405 0.114972822368145 0.1838113516569138 0 0 96.72816138714552 4.576110988855362 5.533213004469872 0 0 0 7.726188711822033 0.1139618903398514 0.5013563334941864 0.982341431081295 0 0 0.2820258289575577 0.2084912061691284 0.1278818845748901 0 60.37071225047112 1.022939287126064 0.418355904519558 0.2640252485871315 0.09996205568313599 0 0 0 0.8355079591274261 1.868344724178314 19.00921519845724 40.64352233707905 9.394137278199196 32.20355668663979 0.4994273632764816 0.887925311923027 0 21.41735405474901 1.409906417131424 0.6918472275137901 0.9464770257472992 0.9129722788929939 0.5084537863731384 0 17.57106648385525 7.744266077876091 0.1298653781414032 51.32088951021433 35.83233993500471 99.46116149425507 9.955526120960712 0.8867993280291557 0.9800128415226936 17.33536434918642 0.9791696146130562 2.237220235168934 3.675926327705383 0.1263720244169235 0.5336130782961845 2.228404022753239 1.853126272559166 0.1901668608188629 0.3876868039369583 0 0.3060477375984192 0.1679378747940063 0.5399076491594315 0.1684410572052002 0.135684996843338 443.2088155299425 1.332456663250923 0 0 67.97209707647562 0.1634882539510727 2.466528058052063 14.29243764281273 8.778477877378464 5.546552494168282 79.7877479866147 4.72746068239212 19.46838106215 97.15130516141653 87.66452586650848 3.891967847943306 100.7216108441353 94.37510274350643 101.2090363577008 39.2117221057415 0.580735057592392 0.907165601849556 0 0.215211883187294 0 0 0 0 0 0 0 0 0.1754524409770966 0 0 0 0 0.1123998984694481 0 1.851222440600395 0.7423253357410431 0.2983561903238297 0 0 10.28185436874628 3.067285627126694 13.47944873571396 0.8626717999577522 0.2430521100759506 0 0 0 0.2198770344257355 2.296624764800072 0.3677191287279129 0 3.022882789373398 4.494176112115383 0 0.1906832754611969 0 0 0.09761585295200348 0 0.1492567658424377 0 0.1948629468679428 0.4256377518177032 0 0.6948160380125046 0.2691088169813156 49.42137526720762 0 0 0 0 0 0 0 0 0.1191149279475212 46.89159470051527 1.121492803096771 0 0 0.09803445637226105 30.113321185112 2.220142513513565 8.656462028622627 1.193361893296242 1.144070863723755 1.806134052574635 0 0.1531585454940796 0 0 0 0 0 0 0 0 40.4065778106451 6.982713952660561 3.111138224601746 202.0461881756783 21.45889052003622 176.9846157580614 37.78817284852266 814.1192819848657 92.93779684603214 3.008544266223907 83.57194939255714 13.87511557340622 0.3828073889017105 9.847602561116219 0.985481970012188 30.44833665341139 0.5030606836080551 0 3.530108384788036 3.528085388243198 4.422118172049522
178.2934793159366 695.9094246476889 4185.541973389685 0.2411701381206512 430.0425301268697 2.459314614534378 37.85712273418903 0 790.9837106987834 24.85350342094898 1404.675307042897 41.41290801763535 514.4685357064009 1146.015976391733 74.08828456699848 37.35154548287392 2.848675012588501 0.9617580845952034 0 4.267893001437187 24.0682598054409 0.1505128741264343 0.6630247384309769 2.860242068767548 12.51509517431259 10.1670556217432 1.835525199770927 5.466996192932129 2.327545166015625 1.130075141787529 2380.328489527106 2395.924816817045 31.44363754242659 0.3444726318120956 5.72464594244957 40.62086802721024 29.15540232509375 11.94612812995911 6.371215410530567 12.14654240757227 65.95461373031139 14.36607575416565 3.099465414881706 12.7392073571682 0.7736895829439163 17.47064582258463 242.7135832756758 4.438778191804886 0.7282118797302246 2.50085972994566 15.47279424220324 0.8122170865535736 0.809984989464283 4.798139423131943 1.342752389609814 2.52865831553936 22.45611317455769 271.0288957506418 22.14428537338972 85.55035310983658 130.7081947624683 19.01559966802597 30.22152224928141 697.0521121844649 2.617824427783489 3.173594817519188 10.30653419345617 8.370226211845875 9.946229465305805 18.66128820925951 41.44764120876789 9.72106659412384 0.6167251169681549 126.8612846136093 220.9841499328613 349.5382505729795 220.127454020083 292.0890866070986 947.2837512940168 1553.26403657347 327.0752783492208 1813.888420693576 5.660014748573303 0.3876437321305275 2.373523846268654 6.24167924374342 7.223134815692902 0.5583533644676208 0.4748258590698242 0.8539665564894676 3.792817078530788 1.048952370882034 55.78490315377712 15.37054189294577 1.038891822099686 31.68243995308876 10.60547250509262 0.1414819657802582 10.08938944339752 150.0248733088374 0 1.023408502340317 2.78726889193058 0.8752223998308182 1.058469772338867 25.74947839975357 1.56133359670639 3.300605863332748 25.29341661930084 19.38097496330738 2.048610419034958 28.06707388907671 25.82573817670345 34.75996983796358 14.55019284784794 0.6628714203834534 1.653958186507225 0.1464732736349106 1.592188216745853 0 0.1180172190070152 0.581773079931736 0 0.4038376808166504 0.6346984133124352 0.2420953661203384 0.3877207487821579 1.107462137937546 1.63937346637249 2.138896949589252 4.412554830312729 0.6590393558144569 2.356935501098633 0.460076779127121 0.4478658437728882 1.307226821780205 1.061748169362545 0.3185387551784515 0.5684402957558632 9.668425790965557 4.096850298345089 13.78417851030827 6.887107901275158 6.246115274727345 0.6845404356718063 2.337302602827549 0.2298520430922508 0.140792652964592 4.734334796667099 1.984910875558853 0.2528349533677101 2.106464296579361 2.152491010725498 0 0.2934006601572037 0 1.185981757938862 5.528786286711693 0.3382011279463768 0 0.2164616137742996 0.1036154478788376 0.2727953568100929 0 3.353110380470753 2.419852420687675 37.21357169747353 0 0.1666388660669327 0.1209723800420761 0.1149060875177383 0 0.4686024039983749 0.1067781895399094 0 1.818915225565434 29.93450804054737 1.08860157430172 0.2740056812763214 0 1.0468844845891 14.19630981981754 2.401745975017548 9.325884811580181 0.6638101786375046 0.5711612924933434 1.10578241199255 0.1136878728866577 0.2762939482927322 0 0 0 0 0.183243028819561 0.1343934684991837 0 0.224868580698967 14.27643772959709 5.59295828640461 8.254761829972267 601.9698864743114 67.68683578073978 457.4655678570271 110.4929425492883 293.6414240002632 177.6430416926742 8.751929946243763 281.6788533180952 25.9899832457304 1.222698278725147 9.751968123018742 3.028854250907898 19.93645696341991 0.6551065966486931 0.2170689105987549 2.761891059577465 10.41735370457172 11.57471235841513
124.7822593301535 2836.481381177902 305.2397970035672 211.7925848215818 6892.783490046859 38.613495439291 955.3543905392289 790.9837106987834 0 1268.147086948156 3620.383638761938 34.31883832812309 465.2615117058158 2746.827130779624 25.32865307480097 6.717636451125145 0 0.3276742100715637 0 0 0.4806338548660278 0 0 0 1.23494827747345 0 0 0.1752129793167114 0 0.1124487668275833 89.01256997138262 13.28539033979177 19.34549184888601 0 0 1.113372728228569 18.99985735863447 1.511599183082581 2.214763164520264 1.907314173877239 0 0.2402057200670242 0 0.7220568731427193 0.1032233685255051 0.3694320544600487 96.31051165610552 1.218068338930607 0 0.250651940703392 0 0.1259448081254959 0 0 0.5814406871795654 0.7956439629197121 6.741266250610352 21.01649823784828 8.22646439820528 30.53704254329205 1.367509230971336 2.200260534882545 0.7692794799804688 24.86353785544634 0.3081669211387634 0.4013489261269569 1.353581622242928 0.7646070644259453 0.8577551245689392 0 39.70775102078915 26.19041934609413 0.488083153963089 30.94040592759848 31.39679633080959 111.6623476222157 33.37306878715754 3.714815527200699 3.40363746881485 54.33403685688972 2.661628380417824 6.845628134906292 2.492350429296494 0.1396311670541763 1.012516587972641 2.095471598207951 1.768740549683571 0 0 0.1730332374572754 0.2574835270643234 0.3217065036296844 0.7838131785392761 0.3728399276733398 0.6203229501843452 557.6347790062428 8.618995040655136 0 1.212414249777794 13.38014245778322 1.90236458927393 2.47989059984684 29.74958567321301 11.05949224531651 8.674285426735878 199.8875400871038 10.68090990185738 44.16533620655537 195.397444806993 179.316040918231 12.9519212320447 232.7152256667614 220.387678861618 249.7577134594321 94.86929718405008 1.692483007907867 2.7536601126194 0.1325335949659348 0.2558374106884003 0 0 0 0 0 0 0 0 0.3633525669574738 0 0.2432058900594711 0 0 0.1748801469802856 0 7.067417934536934 3.658335752785206 0 0.1567048281431198 0 30.04539968073368 5.672660201787949 33.62428697943687 0.668983593583107 2.130325607955456 0 0 0 0.7960252016782761 5.75786879658699 0.6140385270118713 0 7.585328482091427 7.149130575358868 0.1032557412981987 0.2385804951190948 0 0 0 0.07672365009784698 0.3991898819804192 0 0.3939218148589134 1.683888152241707 0 1.133300065994263 0.9638588279485703 133.0047056227922 0.6792424321174622 0.3033647239208221 0 0.7100621238350868 0.1437868475914001 0.370597131550312 0.2662473991513252 0 0 103.2888565585017 2.709818199276924 0 0 0 61.36555688083172 8.630320452153683 15.41312748193741 2.843434154987335 1.453914403915405 4.133376836776733 0.6921814233064651 0.7864045202732086 0.3855720460414886 0 0 0 0 0.1255180388689041 0 0 105.7942534685135 15.88108469545841 8.065290033817291 506.3494597449899 24.79501491785049 250.5373406708241 49.97206754237413 289.6906996667385 99.56054180860519 3.644505240023136 219.8916650041938 44.02779368311167 0.9513358473777771 19.63371349871159 1.680033653974533 67.50950030982494 3.791837006807327 0.1435630470514297 6.791699633002281 7.694433130323887 7.820653803646564
2044.807007223368 490.9476873651147 39.18447236716747 1654.370070949197 858.8914212137461 1019.536092400551 2493.278481654823 24.85350342094898 1268.147086948156 0 126.9248637706041 2293.006592392921 8533.767128705978 1202.21429592371 2.155399300158024 1.168396025896072 0 0.2773448526859283 0 0 0 0 0 0 0 0 0 0 0 0 58.03829880058765 3.121929958462715 16.42280444502831 0 0 0.2562785670161247 14.5502777993679 0.5428673103451729 0 0 0 0 0 0.1161705255508423 0 0 15.30201005190611 0.2391985356807709 0.150561049580574 0 0 0 0 0 0.3722269833087921 0.1020863950252533 17.81970338523388 10.91734913736582 3.906761668622494 5.80137974023819 0.1238818317651749 0.6603813171386719 0.1293797791004181 4.62738998234272 0 0 0.2481976822018623 0.1025365740060806 0 0 70.30856457352638 14.34762996435165 0.5651396960020065 18.68366907536983 6.98403312265873 24.07723623514175 2.022769078612328 0.139504998922348 0.2452127784490585 12.85073207318783 0.274737149477005 3.688504785299301 1.057701230049133 0 0 0.2214999422430992 0.4247009456157684 0 0.156734436750412 0.1872612237930298 0 0 0.1676284074783325 0.1308068782091141 0 1745.189490929246 7.67899851500988 0.7143149077892303 0 169.5366158783436 0.8782064020633698 4.419626489281654 22.24177578091621 13.31055000424385 2.502288624644279 94.37840173393488 9.571544289588928 23.21444438397884 106.1589218229055 126.1092048585415 3.532630234956741 109.8413163274527 118.6282727718353 92.53100946545601 33.18206311762333 0.4290942475199699 2.367719799280167 0 0 0 0 0 0 0 0 0 0 0 0.1688356250524521 0 0 0 0 0 1.61653870344162 1.669706076383591 0.205521434545517 0 0 11.43378581106663 2.131144940853119 9.054789781570435 0.2164438664913177 0.3586113452911377 0 0 0 0 1.36201449483633 0 0 1.7982097864151 1.809375584125519 0.1427139639854431 0 0 0 0 0 0.2674544751644135 0 0 1.345744997262955 0 0.2547809183597565 0.5448013544082642 49.55848735570908 0 0 0 0.5493366569280624 0 0 0.283404141664505 0 0 27.40339411795139 1.150481373071671 0 0 0 23.90328654646873 0.7813157737255096 5.476860672235489 0.7061911150813103 0.7116477489471436 0.2846363112330437 1.021660804748535 0.2105542570352554 0 0 0 0 0 0 0 0 53.5851711332798 4.764726743102074 3.828512966632843 243.2545176371932 4.427811965346336 93.37589751183987 13.59742252528667 1348.361170895398 34.92497870326042 2.003288313746452 47.27247124910355 14.85897342860699 0.2769375368952751 4.544607564806938 0.7838805615901947 40.00094072520733 1.124614596366882 0 0.8059771806001663 0.4029987752437592 1.269350856542587
461.7452833130956 2247.133265048265 3956.515424840152 3.968229711055756 3252.455949775875 6.468367025256157 344.6717975065112 1404.675307042897 3620.383638761938 126.9248637706041 0 312.7234794050455 2807.333148919046 4606.056319274008 63.93595361709595 23.82940675318241 0.2738867625594139 0.8589731380343437 0.1496675908565521 0.5588120520114899 0.216767430305481 0.3301233053207397 0.2980275452136993 0 1.102834820747375 1.078392267227173 0 0.8035111427307129 0 0 918.079017162323 188.5386930778623 31.15647356957197 0.3990669772028923 0.2923780381679535 2.287069529294968 17.11012581735849 3.441573791205883 0.5616653934121132 1.367631979286671 0.9940332248806953 1.300369501113892 0.1701197177171707 2.644040308892727 0.1182670742273331 0.8588213473558426 208.2323549985886 2.220433115959167 0.222151018679142 0.8791711181402206 0.4647173881530762 0.4104442149400711 0.4936075210571289 0 0.9768654480576515 2.155854649841785 11.97816631942987 110.0616068094969 14.75193765759468 68.5704857930541 2.635005675256252 2.155228048563004 2.61529141664505 91.17678504437208 1.109939776360989 0.9541845768690109 1.719051621854305 2.05491042137146 1.316601596772671 0.7513772547245026 54.93849450349808 8.597244940698147 0 76.48866979032755 85.04270486533642 255.7875038012862 86.92448566108942 10.75744462013245 142.1308368965983 213.2391392812133 6.60737083107233 11.8096564412117 2.888394594192505 0.3699675500392914 1.178287424147129 3.707183763384819 2.188909098505974 0.1015435829758644 0.2675321102142334 0.1619546562433243 0.2360297590494156 0.2609958350658417 0.9920024201273918 0.1108202636241913 0.2580912262201309 60.45833760499954 6.381705418229103 0 5.01810747385025 89.35189629346132 0 2.385688804090023 4.721297830343246 0.9125017523765564 1.541369885206223 27.99220749735832 2.164007738232613 5.598574131727219 22.27810582518578 28.02050784230232 2.126763291656971 29.70864723622799 30.24355197697878 37.86803478002548 19.30120740830898 0.6288540437817574 1.678329393267632 0 0.4478902369737625 0 0 0.1177791282534599 0 0.1390127539634705 0 0 0 0 0.1496444642543793 0.1107196882367134 0.1120996028184891 0 0.1524421870708466 0 0.7470685839653015 0.2439774721860886 0.1211807131767273 0 0 7.76013969630003 2.674950167536736 10.66974230110645 0.117978423833847 1.532550513744354 0 0.4586604982614517 0.1282356828451157 0 4.020477324724197 0.546466588973999 0 0.4135371148586273 1.650874555110931 0.1448444426059723 0 0 0 0.2579610422253609 0.08443918824195862 0 0 0.3685818463563919 0.3211765140295029 0 1.498271465301514 0.5503111034631729 29.1749746799469 0 0.8033774346113205 0.3930359184741974 0.1405261307954788 0 0.2399403899908066 0 0.1371189653873444 0 29.48906364291906 2.156734675168991 0 0 0.1571193039417267 11.79464759677649 1.569408997893333 5.247455313801765 0.6746605932712555 0.8220831304788589 0.230089470744133 0 0.1852081418037415 0.09263397753238678 0.08729922771453857 0 0 0 0.1473844647407532 0 0 22.02060855925083 5.414358109235764 3.948922999203205 600.1536873057485 51.8626891374588 368.5312633663416 98.54717193543911 228.5847846642137 165.9123805835843 5.136984951794147 292.5247081145644 18.47989479452372 0.4432970210909843 5.768093958497047 1.77839008718729 18.59857259690762 0.2367683276534081 0.8601120933890343 3.802830033004284 14.75869901478291 19.23728210479021
17.67555728554726 35.37445345520973 32.34837374091148 151.9519785940647 23.92439457774162 113.0293204039335 74.17632985115051 41.41290801763535 34.31883832812309 2293.006592392921 312.7234794050455 0 2156.292660415173 313.8347506970167 12.14039582759142 7.807756952941418 0 0 0 0 0 1.029568403959274 0 0 0.2619175612926483 0 0.1840214729309082 0 0 0 14.53604626655579 6.401546448469162 48.03280732035637 0 0 0.8123309761285782 21.52320358157158 3.185071617364883 4.420929491519928 6.34740424156189 0.2980608195066452 0.2338815182447433 0 0.6995595395565033 0 0.3932038247585297 15.96340723335743 0 0 0 0 3.01317885518074 3.019606739282608 0 0.1341399550437927 0 4.880086444318295 1.301913768053055 0.8756826743483543 1.878008350729942 2.466989681124687 7.157293200492859 0.5058349519968033 1.524645149707794 0 0 0.09728020429611206 0.107187308371067 0.1537805497646332 0 112.6597071588039 186.2920483350754 5.898935720324516 1.094422988593578 1.840220779180527 9.349803052842617 5.748329371213913 3.178601734340191 1.192470617592335 214.0469593927264 0.8820147886872292 19.7945366948843 0.1857775747776031 0 0.1668753921985626 0.628602147102356 0.2703154683113098 2.932607710361481 0.4444004744291306 3.846464037895203 0 0.3440842479467392 0.6721508055925369 0 0 3168.387832909822 96.63569524884224 5.278557866811752 10.88922783732414 36.24019858241081 0.2108985781669617 3.578127935528755 17.22805933654308 5.578252494335175 5.049258291721344 99.2111759185791 6.081737123429775 21.71107380092144 104.8957077264786 87.04419881105423 5.304891921579838 132.0884021148086 134.4386769235134 148.4490074589849 50.57174476236105 1.655738763511181 2.968357928097248 0 0 0 0 0 0 0 0 0 0 0 0 0.1305312961339951 0.1307209432125092 0 0 0 1.872575238347054 1.131077408790588 0 0.1966229528188705 0 19.42066118866205 1.907180607318878 16.16152721643448 1.375096127390862 1.003422223031521 0 0.1028815135359764 0.2369629591703415 0.2213592380285263 4.256309613585472 0.3155863285064697 0 3.374642886221409 5.313399471342564 0 0.1607719212770462 0 0.1883447021245956 0 0 0 0 0.4287569671869278 1.217416197061539 0 1.884350374341011 0 54.85716110467911 0.1304664760828018 0.2820423692464828 0.1566866636276245 0 0.1326712965965271 0 0 0 0.7247923314571381 67.20432946830988 7.320455893874168 0 0 0 26.18112409114838 3.661282874643803 6.757039755582809 1.797678157687187 0.7125558704137802 2.436080694198608 0.5313484221696854 0.6018028855323792 0 0 0.1110466048121452 0 0 0 0.2086959034204483 0 105.2051115483046 20.23566412180662 5.281296864151955 204.0011551082134 5.922091744840145 31.98673717677593 7.731909163296223 302.864380300045 7.727629080414772 0.6573799401521683 45.34762385487556 14.59512989968061 0.3365041092038155 11.11953663080931 0.7209134250879288 21.51683107018471 1.359581246972084 0 3.310964182019234 2.884272113442421 3.407903403043747
116.3372768089175 734.8972880095243 290.0733627229929 333.5007627159357 796.1650409922004 107.6543204933405 2538.892497748137 514.4685357064009 465.2615117058158 8533.767128705978 2807.333148919046 2156.292660415173 0 6262.321408197284 78.56026901304722 51.18820410221815 1.087306916713715 1.006593883037567 0 1.347711622714996 0.3295460790395737 1.908432364463806 0 0.1374160647392273 3.448126085102558 0.8528017550706863 0 1.090392023324966 2.14690962433815 0 74.36996211111546 14.1521410793066 566.2464978322387 0.3081091344356537 0.899334579706192 13.05232879519463 125.6301799863577 36.78637890517712 16.46199822425842 47.45125393569469 0.9761838316917419 0.6413891911506653 0.2296084016561508 7.163754247128963 0.5669844448566437 2.489094994962215 109.676867030561 0.5704762935638428 0.4376939088106155 0.8921383023262024 0.9605288654565811 4.411444969475269 4.680906489491463 1.207559764385223 0.4516132548451424 1.045902878046036 4.709483399987221 8.208584807813168 2.297043040394783 15.43787885457277 9.18033304810524 59.86115584522486 6.500320374965668 10.77711726725101 0.09563246369361877 0.7333909198641777 0.9143028184771538 0.7116617560386658 3.292539671063423 0 289.8557752519846 212.6871583089232 7.831769183278084 9.432801321148872 7.877077020704746 68.09107340872288 51.95335081964731 25.77261436730623 7.620020940899849 1037.215625144541 8.350649736821651 74.88502772152424 0.9572429805994034 0.1204173862934113 0 1.238464504480362 1.485858947038651 4.077363416552544 0.4281480833888054 2.653354555368423 0.8340859487652779 0.8463420867919922 1.914723552763462 1.207282334566116 1.016137667000294 4042.675744317472 114.2905183061957 4.051333039999008 14.39404997229576 40.90800261497498 1.534210756421089 2.629193000495434 34.62933093309402 8.228390462696552 9.344955682754517 174.9128337949514 16.11847297847271 44.79669237136841 224.9208360537887 178.0637247562408 7.606708995997906 247.020093023777 267.7705796584487 242.1973511278629 97.12160289287567 2.763215251266956 6.699607595801353 0 1.682020902633667 0 0 0.2744517028331757 0.1407008618116379 0 0.1043663695454597 0.1286062002182007 0.480512335896492 1.662101656198502 0.2667541801929474 0.4844830110669136 0.521726593375206 0 0.5006325989961624 0.1022462174296379 8.255424842238426 2.848707690834999 0.2599323093891144 0.9317871555685997 0.3943652585148811 39.68576282262802 6.400367058813572 45.48010160773993 6.346775412559509 4.223392307758331 0.09118827432394028 0.4018839672207832 0 0.4331089109182358 13.08568658679724 1.26588086783886 0 3.731042936444283 10.74041265249252 0 0 0 0.2616993188858032 0.3926117718219757 0 0.6208932846784592 0 0.4523831754922867 2.845499910414219 0.1763410717248917 4.186471343040466 0.4762717634439468 151.3584254309535 0.9041505008935928 0.5210503488779068 0.1109881699085236 1.13653701543808 0.140026643872261 0.3611580282449722 0.2459067702293396 0.1317557543516159 0.1641843020915985 208.6036438420415 14.46330225467682 0 0 0.1301401704549789 61.92864436656237 11.91090316325426 24.62812326103449 4.838726103305817 2.047706112265587 6.003619998693466 0.979816734790802 2.961513832211494 0 0 0 0 0.1102155074477196 0.2757393717765808 0 0.2147786915302277 237.265511713922 42.67916094511747 20.12990317493677 631.9074650332332 60.57408402115107 162.1410485878587 87.54788889735937 320.3247249424458 45.36795756220818 3.122865162789822 176.8272466808558 40.24323807656765 1.063347078859806 19.74612228572369 2.087397165596485 70.92010252177715 3.436500832438469 0.1149997860193253 10.90964311361313 17.19684109836817 19.56414693593979
