0 5091.500515460968 36.00168012827635 1396.491883978248 442.1844174638391 300.4717499986291 733.8048424199224 30.18647113442421 197.7496346980333 1654.570657730103 270.0672512352467 306.7683401405811 241.2839890792966 149.9795684143901 9.471628352999687 3.251297794282436 0.5748475641012192 0.2360516563057899 0 0.08413178473711014 0.1883458569645882 0 0 0 0 0.09189872443675995 0 0 0 0 985.3448832929134 0.756998136639595 11.3528393805027 0 0 0 13.50691767036915 0 2.631151154637337 1.122253879904747 0.1501055657863617 0 0.1793133467435837 1.773587130010128 0 0 38.63888331502676 3.145794726908207 0.4701631218194962 0.1379785686731339 0.2801188603043556 0.3694626912474632 0.1794257014989853 0.09150318056344986 1.402523770928383 1.20449049025774 639.030318915844 1691.988333463669 21.94484659284353 29.99978687614202 1.33608017116785 0.1043685153126717 0 7.362771205604076 2.637010306119919 0.7708683460950851 0.3579659163951874 1.362090431153774 0.5738185495138168 0.9240539446473122 14.3495382592082 4.161388322710991 0 157.4237006306648 28.10095605999231 55.48122447729111 16.44791655987501 5.478148803114891 2.064472816884518 41.22422144562006 0.4419331625103951 0.8948967978358269 14.64788965880871 0 2.791023060679436 3.007964886724949 0.8713386431336403 0 1.325015231966972 0.1692945510149002 0.1021587699651718 0.09614664316177368 0.09957554936408997 0 0.1014464795589447 99.86301963031292 13.08816823363304 0 0.4830693379044533 1432.308491721749 0 0 0 0 0 10.09799361228943 0 0.1254268288612366 0 0.1247074529528618 0 0.1759205237030983 0.6746850609779358 0.280802384018898 0.3657051622867584 0 0 0.09345263987779617 0 0 0 0 0 0 0 0 0 0 0 0 0 0 0 0 0 0 0 0 0 0.315270334482193 0 0.437301903963089 0.1710498332977295 0 0 0 0 0 0 0 0 0 0.1264965236186981 0 0 0 0 0 0 0 0 0 0 0 0 0 0.2202398329973221 0 0 0 0 0 0 0 0 0 2.17817896604538 0.09614382684230804 0 0 0 0.378626748919487 0 0 0.09271309524774551 0 0.2532023340463638 0.08545903116464615 0 0 0 0 0 0 0 0 0 0.4559752494096756 0.7588516175746918 0 56.70948323607445 5.934897422790527 92.71225745975971 3.855044540017843 1234.376816764474 29.96014577895403 1.089809067547321 18.54888594895601 1.397083967924118 0.18417988717556 0.6578896790742874 0.1307952255010605 0.251262903213501 0 0 0 1.128959961235523 0
5091.500515460968 0 88.27190993726254 368.4113666042686 2266.209814615548 209.3000267669559 2115.270771980286 259.8416841030121 1748.358420282602 307.0341113135219 2282.394609607756 124.579152405262 379.6933389976621 847.6346028074622 75.71432422846556 26.60627821087837 2.872055217623711 4.831372790038586 0.8704079240560532 3.323486842215061 2.577582001686096 0 1.030314743518829 0.2074735313653946 0 0.7405934259295464 0.191245324909687 0.6387645900249481 1.229477360844612 0.3863311782479286 1291.331289038062 3.9527348279953 48.02020473778248 0.8191788345575333 1.018321566283703 0.5057941153645515 53.49038879573345 0.7256095856428146 4.705574013292789 4.248332768678665 0.9956577941775322 1.115844883024693 1.073927186429501 7.55142056196928 0.5890313684940338 0.9625493139028549 289.8247017785907 16.76120606809855 0.6607240289449692 3.751632869243622 2.304537899792194 0.1081632599234581 0.1091529279947281 0 4.798130556941032 6.224260367453098 122.316493563354 1555.977026306093 30.41508088260889 107.3115330412984 6.361762404441833 1.724028490483761 1.751999005675316 41.13892413675785 11.60213615745306 2.780993983149529 1.607278078794479 4.539375595748425 3.129100024700165 10.39496560394764 48.22184780985117 5.68677344918251 0 347.557254884392 142.5572474077344 253.3081657066941 141.046892799437 37.53893426060677 42.91365180164576 271.5229444503784 6.193770423531532 26.83225940912962 44.45298770070076 1.048170626163483 10.00934036821127 8.283932983875275 6.729072816669941 0.09098071604967117 3.461008131504059 0.08482169359922409 0.9738703295588493 0.2666285261511803 1.648525349795818 0.5675891861319542 0.7369388118386269 101.7347448170185 2.18850976973772 0.6672086119651794 1.134588144719601 556.2537929713726 0.1532443314790726 0.1176284775137901 0 0.3205228447914124 0.1041217148303986 14.47130000591278 0 0.2181289717555046 0.1652658432722092 0.5871735066175461 1.019686929881573 1.698863416910172 6.050940334796906 1.709117457270622 4.757136017084122 0.7596655488014221 0.2328930720686913 0 0.3586404472589493 0 0 0 0 0 0 0 0 0 0 0 0 0 0 0 0.531685084104538 0 0 0.1452730000019073 0 2.068735733628273 0.9111695885658264 4.304700948297977 0.9636187180876732 0.8797690346837044 0 0 0 0.2435168996453285 0 0.6478494554758072 0 0.3059969246387482 1.858348019421101 0 0 0.1124852150678635 0.4865869581699371 0 0 0 0 0.08273220807313919 0.1545176804065704 0 0.2628554999828339 0.1822689473628998 0.1785852909088135 0.1102055832743645 0 0 0 0 0 0 0 0 15.77688278257847 1.441656023263931 0.09728898853063583 0 0.1618999987840652 0.3545503690838814 0 0 0.0833747535943985 0.3261388465762138 1.183073252439499 0.09092622250318527 0.4683705344796181 0 0 0.1308668404817581 0 0 0 0 0 4.739022791385651 4.376303136348724 3.138396359980106 339.4690016955137 38.96189017593861 542.1768903285265 31.10607909411192 974.7983941882849 105.12077819556 6.925123400986195 114.6713297143579 4.769662037491798 0.9286547377705574 1.538039229810238 0.3760237097740173 0.6181673109531403 0 0.1312001347541809 0.2251242101192474 6.413816139101982 0
36.00168012827635 88.27190993726254 0 1.051102183759212 32.44866795837879 0.2064536437392235 31.64682097733021 790.2248941361904 42.57862837612629 2.546652220189571 599.9430154561996 7.928130730986595 37.90197462588549 58.44210743904114 54.94699513167143 38.04197077453136 31.24713206291199 92.73999055474997 29.66126756370068 113.114889383316 34.94119034707546 0.131517305970192 6.13213749974966 0.6669563204050064 0.09899428486824036 0.9487929940223694 1.638338379561901 0.540789008140564 0.5183187946677208 0.2131701409816742 2577.555905677378 609.0363668352365 10.14482115954161 5.905471913516521 6.71088694781065 0.6376526057720184 4.777218781411648 0.3474097847938538 0.4512581005692482 1.289918564260006 9.537257947027683 5.649448357522488 23.92377991974354 311.2814176380634 17.21600052714348 37.19367273151875 159.9349949732423 14.47330682724714 37.41362023353577 91.78219708800316 1.830893002450466 1.253243319690228 0 2.85012099146843 2.821984238922596 3.025763511657715 44.59475862234831 1642.707110159099 11.13800139725208 56.47356270253658 274.9148615673184 15.36685802042484 32.62967056035995 2166.645071849227 6.257156051695347 1.964432157576084 1.967651128768921 8.104633636772633 45.77869651466608 194.8443508520722 10.10392045974731 1.658802635967731 0.1062264665961266 166.7922739163041 533.6376900225878 184.1747393980622 146.3320856466889 38.21821351349354 603.7596166133881 388.0887688174844 323.0950458571315 720.5545986443758 23.40587472170591 0.5044456273317337 7.491125740110874 4.589839205145836 25.20355622470379 0 1.941888272762299 0 0.9161098524928093 0.6572899520397186 24.97384387999773 2.356169804930687 2.723748996853828 8.952739357948303 0.6282919123768806 0 0.417393833398819 48.80052502453327 0 0 0 0 0 0.3767294883728027 0 0 0.2611139416694641 0.5178353786468506 0.288974404335022 0.09621191769838333 0.4125603288412094 0.7177712917327881 0.77292700111866 0.5380551964044571 0.3456313163042068 0.6500861197710037 0.3909405395388603 0 0 0 0.4545513987541199 0 0 0.4690860360860825 0.1544959992170334 0 0 0.2143820822238922 0 0.2749789953231812 0.1392841637134552 0 0.2622790038585663 0.1306686252355576 0 0.3875538557767868 0 1.048922039568424 0.1276623606681824 1.476844549179077 1.31160594522953 0.827979251742363 0.3021982908248901 0.3597798645496368 0.09247758239507675 0 0.3692911267280579 0.7589850947260857 0.08757727593183517 0.1309634447097778 1.213210761547089 0 0.1080648154020309 1.373165182769299 1.540448606014252 0.7502859309315681 0 0 0 0.1264163106679916 0.2108247578144073 0 0.2311478033661842 0.6281101331114769 0.2330545336008072 0 0 0 0 0.09012471884489059 0.1396828144788742 0.1987297981977463 0 0.4055235683917999 2.460348874330521 0.7945872843265533 0.08775945007801056 0.1000224128365517 0.877434104681015 0.2512421905994415 0 0 0.1192765384912491 0.2751959413290024 0.7515591531991959 0 0.5171251371502876 0 0 0.06739983707666397 0 0.09682540595531464 0 0 0 0.7044747471809387 1.706422105431557 2.613523878157139 151.4382331967354 36.32813433557749 259.9292256310582 22.82907559722662 226.5682549104095 43.81890796869993 4.224268585443497 47.86384055763483 4.688601315021515 0.294161893427372 1.815336145460606 0.148918092250824 1.20220223069191 0 0 0.596038356423378 3.556676499545574 1.028323344886303
1396.491883978248 368.4113666042686 1.051102183759212 0 21.43372709304094 406.3057103604078 671.0678883343935 0.3983052596449852 10.69921657443047 1333.965028122067 1.826065629720688 783.5380752235651 577.0725602954626 63.94910873472691 4.086653724312782 0.1326380968093872 0.1003576219081879 0.6047525480389595 0.07734114676713943 0 0.2669436857104301 0 0 0 0 0 0 0 0 0 20.21544406563044 0 0 0 0 0 2.85764068365097 0 0 0.1407670229673386 0 0 0 0.09606724977493286 0.1219453811645508 0 15.64124186336994 0.8819363862276077 0 0 0.1115658804774284 0.3176537603139877 0 0 0.5573690235614777 0.3969951868057251 14.07435336709023 76.05338677763939 2.189701288938522 6.908935740590096 0.1719378083944321 0.1310377269983292 0.08890028297901154 1.409886576235294 0.5346001982688904 0.2000498548150063 0.1353044807910919 0 0 0.2289310991764069 4.508097261190414 1.09512548148632 0 19.78156996518373 4.641072273254395 12.49947442114353 6.01470984518528 2.144124835729599 0.4752438366413116 1.365619957447052 0.09632295370101929 0.703240767121315 2.956636525690556 0.08915188163518906 0.5643964931368828 0.7983794137835503 0.1285810768604279 0 0.2332545667886734 0 0 0 0.2058140933513641 0 0 51.3404542952776 0 0 0 76.36546231806278 0 0 0 0 0 19.15766328573227 0 0 0.328277975320816 0.2666102647781372 0 0.2579119205474854 0.8194328844547272 1.208969965577126 0.1847730278968811 0 0 0 0 0 0 0 0 0 0 0 0 0 0 0 0 0 0 0 0 0 0 0 0 0.194316104054451 0 0.1169841140508652 0 0 0 0 0 0 0 0 0 0 0 0 0 0 0 0 0 0 0 0 0 0 0 0 0 0 0 0 0 0 0 0 0 0 2.50935897231102 0 0 0 0 0.1347369849681854 0 0 0 0.08743153512477875 0 0 0 0 0 0 0 0 0 0 0 0.2987303137779236 0 0 31.97920016944408 0.8676708191633224 44.66759455949068 1.973800323903561 528.3927471414208 8.808339424431324 0.1353591233491898 7.687316440045834 0.6612265110015869 0.329416498541832 0 0 0.8278010487556458 0 0 0 0.2789280712604523 0
442.1844174638391 2266.209814615548 32.44866795837879 21.43372709304094 0 13.44247639924288 1868.175244890153 46.3603323996067 5878.284785330296 75.36887044459581 255.2498269602656 48.27452722936869 278.1454511135817 397.8882479295135 32.65522790700197 11.20623688399792 1.917708866298199 3.15838798135519 0.67966378480196 3.179764069616795 1.049940012395382 0 0.6145751252770424 0 0 0.3976519554853439 0.4589845910668373 0.4326673001050949 0.8986320868134499 0.2113697305321693 56.66062540560961 0.5193464681506157 12.77440303564072 0 1.141512997448444 0.199190728366375 22.93307188153267 0.2275753170251846 0.7154370695352554 0.9951069504022598 0.514113187789917 0.4492313861846924 0.4220478385686874 4.705388501286507 0.3625180050730705 0.5515542700886726 90.86508382111788 3.884390868246555 0.5131422802805901 2.097956523299217 0.6190693229436874 0.45817581564188 0.3820589184761047 0.1664859056472778 1.197154380381107 1.399882908910513 14.47670439630747 153.9199001342058 4.807621598243713 23.88329260796309 3.821250423789024 1.104170203208923 0.6393077224493027 9.413816452026367 2.23408630490303 0.9307514727115631 0.7143973335623741 1.32453590631485 1.956303477287292 5.123656928539276 27.3132805749774 2.96997258067131 0 54.1541116386652 26.70032770931721 63.96476378291845 49.85738968104124 17.94401120394468 21.99887350946665 50.18079958856106 4.982700251042843 20.48623558133841 12.55503638088703 0.1944215372204781 2.500711560249329 2.282084323465824 0.8920867964625359 0.1006192564964294 0.3124446049332619 0 0.08973982185125351 0.1080427542328835 0.1780456826090813 0.2867473885416985 0.4962934851646423 137.8619846403599 3.293456986546516 0 0.3348253890872002 25.22876706719398 0.4753288924694061 0 0 0.4102687835693359 0.1069489270448685 0.2633617222309113 0.824103906750679 0 0.1418371945619583 2.859017297625542 1.272220194339752 2.269054599106312 6.510852232575417 3.281651943922043 5.68970137834549 0.1084474101662636 0.4798941165208817 0 0 0 0 0 0 0 0 0 0 0 0 0 0 0 0 0 0.6330277174711227 0.5581685602664948 0 0.9775519967079163 0 1.586149975657463 0.7039196789264679 3.380703568458557 0 0.2342755496501923 0.1005665883421898 0 0 0 0.1122476682066917 0.8020966053009033 0 0 0.8634623140096664 0 0 0.1342743039131165 0.1324708610773087 0.1118206977844238 0 0 0 0.08574996143579483 0 0 0 0 0.9334089159965515 0 0 0.1482041329145432 0 0 0.08809250593185425 0 0 0 15.94292294979095 0.3755745589733124 0 0 0 2.14589661359787 0 0 0.3853991031646729 0.9341155290603638 0.8465781584382057 0.2697167545557022 0.9291171878576279 0 0 0.1023761034011841 0 0 0 0 0 8.157388783991337 1.729511260986328 2.15697418898344 125.6032364293933 15.29079479724169 186.2580000758171 13.6687285900116 213.3460825309157 34.37817575037479 1.732625342905521 43.84198916703463 3.144354611635208 0.4804160222411156 0.4442350268363953 0 1.677044630050659 0 0 0.4235743135213852 3.450309634208679 0.4579848498106003
300.4717499986291 209.3000267669559 0.2064536437392235 406.3057103604078 13.44247639924288 0 124.846361592412 0.2975927591323853 10.1640495210886 602.9039902687073 2.740646071732044 90.60121984779835 72.45572364330292 16.87186791747808 0.4505172520875931 0.2562917992472649 0 0 0 0 0 1.004164397716522 0 0 0 0 0 0 0 0 7.89061538875103 0 7.538392603397369 0 0 0 18.69979949295521 0.3206569254398346 4.765646860003471 0.7367024123668671 0 0 0 0 0 0 4.338217236101627 0.2481451630592346 0 0 0.1014104038476944 4.967771977186203 0 0 0 0.7742427587509155 218.900069527328 76.02828162163496 1.294160857796669 2.137132972478867 0 0 0 0.6325023099780083 0 0 0.09649048000574112 0 0 0 101.5404248833656 167.272739470005 4.846264272928238 9.151885323226452 1.227654300630093 4.410716325044632 1.336782515048981 0.7102879360318184 0.1775931417942047 2.157693430781364 0 0 0.5567383989691734 0.9403317868709564 0 0.3075563162565231 0.126809760928154 4.950955450534821 1.108441650867462 4.917588517069817 0 0.4936280101537704 0 0 0 1135.558935150504 339.1096723377705 16.18153077363968 9.796968191862106 287.8741847574711 0 0 0 0 0 0.1467263698577881 0 0 0 0 0 0.3885488510131836 0.1489486247301102 0 0 0.4316726475954056 0 0 0 0 0 0 0 0 0 0 0 0 0 0 0 0.2514677345752716 0 0 0 0 0 0 0 0.4365006536245346 0 0.6531960144639015 0 0.1474844217300415 0 0 0 0 0 0.5187861025333405 0 0 0 0 0 0 0.2535760700702667 0 0 0 0 0 0 0 0 0 0 0 0 0 0 0 0 0 0 0 1.047456011176109 0 0 0 0 0 0 0 0 0 0.2443341389298439 0 0 0 0 0 0 0 0 0 0 0.3167077898979187 0.137845441699028 0.5422211438417435 8.99338137358427 0.1439447402954102 9.793592259287834 0.9682454317808151 187.6400383040309 3.563560739159584 0 0.8111181259155273 0.4757532402873039 0 0.3278774842619896 0 0 0 0 0.4011212587356567 0.4236161410808563 0
733.8048424199224 2115.270771980286 31.64682097733021 671.0678883343935 1868.175244890153 124.846361592412 0 35.76288279145956 2571.242218405008 2237.422093935311 164.5845258012414 1111.900641664863 3600.678284160793 1141.24036731571 59.27900611609221 25.05569341778755 2.86955338716507 2.148190371692181 1.057012565433979 1.547140091657639 0.9412406533956528 0 0.3754842430353165 0.1738140136003494 0 1.49782782793045 0.7683428674936295 1.098040640354156 0.8353826180100441 0.1234376505017281 33.40568666160107 5.609211012721062 26.33692305535078 0.6177407577633858 1.033923894166946 0.4370916485786438 38.46599734574556 0.6646454334259033 2.226715438067913 0.7152951955795288 1.441767007112503 0.6174788549542427 0.782146543264389 3.645550198853016 0.2884449139237404 0 193.0283282920718 6.012605935335159 0.878141388297081 0.8529489412903786 1.309941649436951 0.2700313553214073 0 0.349388062953949 1.627789251506329 2.611831746995449 29.41608458012342 206.475149974227 12.85290072113276 39.64810865372419 2.466654695570469 0.8629311844706535 1.105543226003647 15.56519192457199 3.593590088188648 0.6847197562456131 0.5727118924260139 2.227560445666313 1.85085903853178 4.413665942847729 92.16860193014145 12.16073490679264 0.1485804319381714 80.87233134359121 31.24881655722857 103.8896733894944 87.15735991299152 49.38872443139553 18.12602882087231 74.69295261055231 2.242251731455326 19.60356048494577 19.33359412848949 0.3884314149618149 4.167586036026478 2.794566974043846 2.479485467076302 0 1.175127066671848 0.1573839038610458 0.1046062037348747 0.5259855985641479 1.089725948870182 0.6690523773431778 0.8783213123679161 1236.459930241108 13.40004126727581 0.980000376701355 1.761541396379471 60.71550682932138 0 0.5627106726169586 0 1.388113401830196 1.140717230737209 10.48116225004196 2.431674227118492 1.089163653552532 2.403197795152664 17.75367495417595 5.04582729190588 12.43107290565968 45.11304523050785 19.22831241041422 27.55369864404202 1.334909476339817 1.03917108476162 0 0.5305706560611725 0.1755950450897217 0 0 0 0 0 0 0 0.2512333691120148 0 0.2809482216835022 0 0.4495284855365753 0 0.1341701447963715 1.840334638953209 2.118130423128605 0 0.1455543637275696 0.2503017485141754 10.32423018664122 0.6038231700658798 12.37809546291828 1.182559691369534 0.2911555767059326 0 0 0.1809098944067955 0.4741345047950745 0.5366471856832504 2.126247078180313 0 0.3632266521453857 7.677095033228397 0 0.1136297732591629 0 0 0 0 0 0 0.5277540236711502 1.562053605914116 0 0.3499305695295334 0.2774153798818588 3.777330003678799 1.415637366473675 0 0 0 0 0 0.1426602303981781 0 0.1413309574127197 87.50646929442883 0.9221359044313431 0 0 0.09224372357130051 4.331855192780495 0 0.4266820996999741 1.381898976862431 1.679608695209026 3.389732666313648 0.3644181489944458 3.333416044712067 0.1261737942695618 0 0 0 0 0 0 0 47.25890646129847 12.07132527977228 8.729644365608692 326.3764955475926 29.04016898572445 399.9589054360986 37.76810176670551 674.3025328665972 84.57232788205147 5.488120250403881 122.2603581622243 11.74830999225378 1.314790487289429 9.177488230168819 0.8475606292486191 5.612224638462067 1.210103929042816 0.2449803948402405 3.347582288086414 5.517294771969318 1.092047601938248
30.18647113442421 259.8416841030121 790.2248941361904 0.3983052596449852 46.3603323996067 0.2975927591323853 35.76288279145956 0 86.93467922508717 3.578811377286911 1618.903704203665 18.1373600512743 67.77440203726292 130.4834866598248 54.01175180077553 69.75879035145044 27.10384666919708 93.56584997475147 22.99522818624973 135.2999525815248 60.91972106695175 0 13.21151416748762 0.4281871616840363 0.2179378047585487 0.8965386152267456 2.859516277909279 0.843795470893383 0.8258548825979233 0.1967954933643341 345.9709391221404 557.1068171113729 16.67249345034361 11.7545573413372 15.26600396633148 3.785882264375687 12.19921826571226 0.637534998357296 1.332283690571785 2.48006147891283 15.98311969637871 6.145146727561951 21.85750736296177 283.9602585881948 16.07907782495022 39.55909178406 129.0024050474167 8.57607576996088 33.36870507895947 90.94214985519648 2.106992855668068 1.782320097088814 0.2200034335255623 2.819786183536053 1.087705709040165 1.577326841652393 13.6787596270442 250.6851780042052 6.046289220452309 24.39736580103636 455.506124638021 46.07633925974369 73.55698731541634 258.5872902199626 2.476723983883858 1.82572890073061 1.529349409043789 6.794638477265835 53.71690607815981 245.295335136354 12.53742956370115 8.211694166064262 0.207612045109272 54.53095365315676 126.1567320078611 95.16081576794386 205.9995813220739 247.914074100554 1548.897012732923 1497.344812586904 581.7813562303782 2443.011592008173 11.41221509128809 0.2107585370540619 3.792473882436752 2.596887439489365 26.01349919289351 0.08612731844186783 1.658902361989021 0 1.196914717555046 0.7811700254678726 29.04569495469332 1.746859565377235 1.548135049641132 14.89024544507265 0.9693206548690796 0.3993964865803719 1.163478575646877 3.410281866788864 0 0 0 0 0.119726188480854 0 0 0 0 1.329990424215794 0 0.08613968640565872 0.8407348394393921 1.212418161332607 0.8377929627895355 1.470698289573193 0.8836867213249207 0.643841840326786 2.623783223330975 0 0 0.1284139156341553 0 0.0972302183508873 0 0.3535337001085281 0.1102214455604553 0 0 0.7880697995424271 0 0.9247336015105247 0 0.08890065550804138 0.1255096197128296 0.7820848822593689 0 0.9628074169158936 0.1851328015327454 3.065191455185413 0.752765953540802 3.543254308402538 4.447849124670029 1.697713568806648 0.1112849488854408 0.1327033191919327 0.6654147207736969 0.3513412326574326 0.5243834853172302 3.824363559484482 0 0.3167324662208557 2.328570082783699 0 0.1351710706949234 1.58746812492609 2.827890202403069 1.32649327069521 0 0 0 0.111142560839653 0 0 0.763334833085537 0.5423374846577644 0.7374164462089539 0 0 0 0 0 0.1826522648334503 0 0.1184886768460274 0.6965671926736832 7.678921468555927 0.921212300658226 0 0 1.06384651362896 0.7254225015640259 0 0 0.2508681192994118 0.2342852503061295 0.4122156649827957 0 1.331402033567429 0.2094805389642715 0.08873645961284637 0 0 0 0.09958937019109726 0 0 0.7943678423762321 2.733876161277294 4.717428296804428 209.9724615961313 36.11663662642241 239.0353236347437 30.62302339076996 101.4526882767677 36.15702436864376 3.113852329552174 61.39386693388224 4.896228849887848 1.606673836708069 2.981917552649975 0.5294155925512314 0.4402514100074768 0.3863645642995834 0.4139546304941177 2.307815916836262 5.38782112300396 1.379656344652176
197.7496346980333 1748.358420282602 42.57862837612629 10.69921657443047 5878.284785330296 10.1640495210886 2571.242218405008 86.93467922508717 0 69.39015683531761 852.7540265470743 173.0200586244464 2337.261850163341 1870.557247370481 39.54804391413927 35.75192638486624 2.423380084335804 1.634799383580685 0.1096144989132881 1.692645497620106 1.284604988992214 0.1490597277879715 0.218292199075222 0 0.3751893043518066 1.014997400343418 0.6526485159993172 0.4660955891013145 0.5685749873518944 0 30.20963023602962 2.95605906099081 200.0830555483699 0.1595622152090073 0.4729989543557167 1.021862514317036 250.9221943095326 2.071929477155209 16.79641239345074 9.642491713166237 0.9610733389854431 0.6279342845082283 0.08753535151481628 7.882423967123032 0.2897482514381409 0.4097760021686554 85.42898615449667 1.992412619292736 0.572672575712204 1.427079491317272 0.3863437920808792 0.4044045358896255 0.463796928524971 0.2507306113839149 0.6372006610035896 0.876695491373539 10.81319783627987 84.54102785140276 3.763669744133949 16.15848664194345 0.8909711539745331 0.678988866508007 0.7211866825819016 5.391066059470177 2.680517807602882 0.3394511789083481 0.6633605733513832 0.9102654382586479 1.971477285027504 4.573495037853718 167.6219441443682 15.73749644309282 0 36.09963227063417 16.93556267023087 47.98384867608547 41.93365373462439 51.16226172447205 17.65936279296875 239.257435053587 1.006749965250492 15.05052810907364 6.291293129324913 0.07889244705438614 2.212533250451088 1.400099962949753 0.8530477955937386 0 0.6655742973089218 0.2858740985393524 0.2316977083683014 0.1387006938457489 1.632332921028137 0.104340136051178 0.2534636855125427 408.2565612196922 9.189350306987762 0.5098117515444756 2.614823058247566 17.17649186402559 0.2872302830219269 0 0 0.9739172607660294 0.6370076760649681 0.1542144864797592 1.684979811310768 0.6106978729367256 1.378567956387997 5.967432409524918 3.194874569773674 5.747324854135513 19.7309680134058 6.179664231836796 13.55521331727505 1.012733966112137 1.172829374670982 0 0.2836617827415466 0 0 0 0 0 0 0 0 0 0 0.09346507489681244 0 0.5375198498368263 0.145048514008522 0 1.590196810662746 1.860777594149113 0 0.4451085329055786 0 7.867873400449753 1.087803564965725 8.023624949157238 1.027187883853912 0.4972896054387093 0 0 0 0.5309270769357681 0.09081708639860153 1.302371747791767 0 0.2828402519226074 2.743074558675289 0 0 0 0.4522411078214645 0.09779497981071472 0 0 0 0.4112745821475983 0.5951057225465775 0 0.2038072049617767 0.1073481887578964 2.840514563024044 0.2459572181105614 0.1427056491374969 0 0 0 0 0 0 0 50.29121582955122 0.2219908013939857 0 0 0 3.901262916624546 0.2730399668216705 0.131427600979805 2.315994523465633 1.540171191096306 2.497916407883167 0.3509497940540314 1.794230677187443 0.1050143837928772 0 0 0 0 0 0 0 22.54175798594952 8.813155017793179 9.060677103698254 182.8768996298313 17.23481842130423 183.6590310558677 23.18925706297159 188.794391259551 40.31337787210941 2.919249027967453 64.05418264865875 7.334531038999557 1.197599992156029 5.848058737814426 0.4209095239639282 2.373047560453415 0.7291600555181503 0.3662976250052452 2.616878762841225 4.034006223082542 0.27698864787817
1654.570657730103 307.0341113135219 2.546652220189571 1333.965028122067 75.36887044459581 602.9039902687073 2237.422093935311 3.578811377286911 69.39015683531761 0 7.347361333668232 1079.655426740646 2743.058989264071 167.4953654482961 5.504585407674313 3.84824626147747 0.2359416782855988 0.3798394873738289 0.07814715802669525 0.09903747588396072 0 0 0 0 0 0 0 0 0.1460281759500504 0 8.999413512647152 0.3539829775691032 21.19966833293438 0 0 0 111.4632725566626 0 1.484872490167618 0 0.1011840850114822 0.1917483359575272 0 0.9977966174483299 0 0.07596737891435623 24.69943924248219 0.7362315207719803 0.1034486293792725 0.2085479274392128 0 0.3973199278116226 0.1609015911817551 0.1400602757930756 0.4007672294974327 0.3837352022528648 38.74574935436249 65.50645060837269 2.174798578023911 8.269405871629715 0.5060011520981789 0 0 0.872383825480938 0.3837349936366081 0.08264626562595367 0.2889424338936806 0.421051099896431 0.2536378279328346 0.08924373984336853 169.3062982410192 20.75334264338017 0.9915034174919128 21.0573472827673 5.182828783988953 14.69933797419071 8.057469487190247 4.365424953401089 1.793704256415367 4.630188062787056 0.1865086778998375 0.6692006140947342 3.478759527206421 0.5199467241764069 1.006842613220215 0.6544607430696487 0.2581036314368248 0.1632092446088791 1.176570266485214 1.651969030499458 0 0.4339485615491867 0 0 0 1037.599007681012 42.70796939730644 2.600011840462685 1.735987797379494 223.7399055734277 0 0 0.1701530367136002 0.1830195039510727 0.1616513878107071 56.7899172604084 0.2087986320257187 0.9221407175064087 0.82391157746315 8.988907724618912 2.27860452234745 5.969966240227222 12.40061403810978 4.484885081648827 8.403286971151829 0.9938269257545471 0.5354591235518456 0.1498891115188599 0 0 0 0 0 0 0 0 0 0 0 0 0 0.4234190434217453 0 0 1.252535372972488 0.6880860328674316 0 0 0 1.662592589855194 0.4060772359371185 3.417889907956123 0.1151019856333733 0.1584442704916 0 0 0 0.3118569254875183 0.1453383266925812 0 0 0 1.361878491938114 0 0 0 0 0 0 0 0 0 0 0 0 0.3092597424983978 1.856582030653954 0.7315448075532913 0 0 0 0 0 0 0 0 32.29894786328077 0.5494503974914551 0 0 0 0.9555021822452545 0 0 0.7915243729948997 1.086022779345512 1.615565754473209 0 1.465089365839958 0 0.09676945954561234 0 0 0.1042905896902084 0 0 0 21.84272237122059 1.463801011443138 2.131842777132988 46.0501566156745 3.406354539096355 51.38206865638494 3.341756567358971 734.2414911687374 9.956055827438831 1.051559038460255 15.41804747283459 1.74554842710495 0.6570132821798325 1.147955551743507 0 1.577632308006287 0.1128297075629234 0 0.4755411893129349 0.4268823564052582 0
270.0672512352467 2282.394609607756 599.9430154561996 1.826065629720688 255.2498269602656 2.740646071732044 164.5845258012414 1618.903704203665 852.7540265470743 7.347361333668232 0 71.44254110753536 675.6210523694754 1933.605541057885 98.40085822343826 117.5454346463084 14.98802514374256 19.51298806816339 3.887913897633553 21.28545656055212 13.90362878888845 0.1918909996747971 7.157454021275043 1.039101235568523 2.810001626610756 2.322593592107296 7.005103312432766 1.322348825633526 2.570861883461475 0.7818794921040535 257.2158703356981 35.68610993772745 195.5497021526098 1.7566127628088 11.51371001452208 11.49095375835896 165.0413697957993 18.48755796998739 27.64632558077574 32.23974417895079 6.113702334463596 2.1494235470891 3.003388538956642 47.89099980145693 4.744077175855637 4.266787134110928 168.1662158444524 7.748593755066395 7.902128554880619 18.24325419962406 2.380235500633717 2.155753515660763 1.760598622262478 1.700029529631138 1.854603663086891 2.608089305460453 22.72460713982582 267.1709602326155 7.820078767836094 36.15736527740955 42.62954944372177 10.09361411631107 11.18085134029388 78.12348163872957 2.849502190947533 1.449686110019684 1.6905557513237 4.62729137390852 20.52897975593805 71.4221201017499 87.16645859181881 25.80730493366718 0.1228566989302635 80.35138942301273 66.32571395486593 108.3886093907058 116.2826337069273 163.0452473163605 947.337869182229 1965.344921372831 44.68199801445007 323.5566459596157 12.97467827796936 0 2.963379591703415 3.563131298869848 6.813297964632511 0.0738847628235817 1.365833647549152 0.9540440514683723 0.6322021037340164 0.392684243619442 11.29121055454016 1.283677086234093 2.071780569851398 125.0657221749425 10.77862757444382 0.1310122162103653 4.492027215659618 19.95643872767687 0.1079111099243164 0 0.1055155619978905 0.3841390535235405 0.8565024584531784 0.1303387582302094 0.129666730761528 0.131949245929718 0.3776138350367546 3.901428863406181 2.573576785624027 3.617736913263798 9.345363616943359 3.359852522611618 8.776004739105701 1.896054156124592 1.835845731198788 0.230766698718071 1.828636690974236 0 0 0.1950627788901329 0.3797649592161179 0.1070883125066757 0.09834394603967667 0.3769392967224121 0 0.2517942488193512 0 0.2139145955443382 0.2065665870904922 0.5729868710041046 0.3247311115264893 0.6322645470499992 0.2697312459349632 0.2032196596264839 0.1342712789773941 2.167907029390335 0 7.00897278636694 1.510283872485161 9.482473507523537 5.473471000790596 1.522115632891655 0 0 0.2912580072879791 0.2597351744771004 0.6961972862482071 3.308600589632988 0 0.4818470403552055 5.658260531723499 0 0.1203512847423553 0.4397937580943108 1.432257659733295 0 0 0 0 0.09817339479923248 0 0.1004016771912575 0.4699386209249496 0.8294889852404594 1.560627445578575 0.9445054605603218 0 0 0 0 0.3107190877199173 0 0.1418286114931107 0.3193184211850166 40.16691644489765 2.78386577963829 0 0.1794213503599167 0.1985407993197441 2.346592448651791 0.4367493242025375 0.08982173353433609 0.4472460448741913 0.6889036223292351 2.366260021924973 0.4851116985082626 1.833904258906841 0.09481335431337357 0 0 0 0 0 0 0.1040374860167503 10.16104939579964 11.95477240532637 13.87603294104338 359.8563883081079 49.35390456020832 347.0830071121454 54.81344942003489 224.7752444148064 70.2706967741251 5.794511966407299 118.9283424839377 10.99279245734215 2.150373935699463 8.449903577566147 0.664723739027977 3.51930545270443 1.239398904144764 0 2.722235202789307 9.518854357302189 1.218441531062126
306.7683401405811 124.579152405262 7.928130730986595 783.5380752235651 48.27452722936869 90.60121984779835 1111.900641664863 18.1373600512743 173.0200586244464 1079.655426740646 71.44254110753536 0 3259.271744675934 227.2265947163105 12.95918660610914 15.89050117135048 0.587274044752121 0.6272254064679146 0 0.172993391752243 0.1267635077238083 0.6373902261257172 0 0 0.8834457397460938 0.2102678269147873 0 0.14083132147789 0 0.1258752048015594 3.31122675538063 0.8719530031085014 55.63401755690575 0.2618585377931595 0 0.7529409229755402 689.4017749577761 0.6884152144193649 10.78432054072618 6.264279246330261 0 0.4053803980350494 0 3.346384324133396 0 0 23.23093247413635 0.234119139611721 0.1334742307662964 0 0.2494912296533585 0.5807719603180885 0.4557995349168777 0.1385659426450729 0 0.09955768287181854 5.077964335680008 13.08553574234247 0.4810086488723755 2.006868951022625 0.3747248128056526 0.8435060977935791 0.07799932360649109 1.638165786862373 0.3552350848913193 0 0.09053312987089157 0.218830905854702 0 0.9253624454140663 366.0949359387159 25.90474684536457 0 5.957276917994022 2.442020624876022 6.777610257267952 8.273050509393215 22.45955201983452 1.085272796452045 15.6776384934783 0 0.783421128988266 0.9849646463990211 0 0.09388027340173721 0.08394594490528107 0 0 0 0.3124758377671242 0.08022499829530716 0 0.6010212302207947 0.1491937935352325 0.179365873336792 1504.336704976857 27.74177926778793 0 5.014048919081688 10.49195060878992 0 0.7212315201759338 0.8976159989833832 0.6280414760112762 1.514585621654987 8.940924197435379 0.7251181900501251 1.922342330217361 1.883149325847626 12.317148655653 5.146759644150734 10.56080407649279 27.34103074669838 11.40158928930759 21.77799478918314 1.43763379752636 1.816834948956966 0 0 0 0 0 0 0 0 0 0 0 0 0 0 0.3598438575863838 0 0 0.9540018662810326 2.697635963559151 0.2043477147817612 0 0.1584762185811996 10.07627850025892 0.2610853314399719 11.6603584587574 1.129040971398354 0.3979180455207825 0 0 0 0.5023123621940613 0.1429162621498108 0.6640469133853912 0 0.7126479744911194 5.788120783865452 0 0 0 0 0.1545317471027374 0 0 0 0 0 0 0.6968179941177368 0.1856196969747543 3.247575275599957 0.7837041914463043 0 0 0 0 0 0 0 0 68.29827957600355 1.653610497713089 0 0 0 3.850563004612923 0.1544943600893021 0.7372238039970398 1.571260385215282 1.798085518181324 2.921829253435135 0.3606537282466888 2.651050463318825 0.4105328619480133 0 0 0 0 0 0 0 32.16847750544548 9.523918956518173 9.147078067064285 116.7566301971674 6.348704092204571 57.2415077239275 6.725429214537144 167.1597886905074 12.32533846050501 0.9200285971164703 38.14725678414106 8.429178357124329 0.3945337906479836 6.459295548498631 1.132506757974625 6.923399671912193 1.165264546871185 0 3.554974362254143 1.735828846693039 0
241.2839890792966 379.6933389976621 37.90197462588549 577.0725602954626 278.1454511135817 72.45572364330292 3600.678284160793 67.77440203726292 2337.261850163341 2743.058989264071 675.6210523694754 3259.271744675934 0 707.8580085486174 44.95015214383602 47.22891523689032 1.867279633879662 1.21438779681921 0.09920897334814072 0.8509763777256012 1.711809366941452 0.170737698674202 0.3693056032061577 0 0.1004847511649132 1.007110930979252 0.3802547454833984 0.2685438320040703 0.5010393038392067 0.2018595635890961 12.67984749376774 3.325748808681965 234.8094226717949 0.156796470284462 0.2480355277657509 0.2650403082370758 316.7256097644567 1.419621966779232 17.4437614902854 9.063299164175987 0.2717102766036987 0.9247535839676857 0 6.981144838035107 0.3070053905248642 0.1170069947838783 69.33009747415781 0.8083957210183144 0.7853775471448898 0.402356244623661 0 0.5849801748991013 0.7817175984382629 0 0.6415410116314888 1.170335911214352 7.330301105976105 44.18217841535807 3.640967398881912 9.883929654955864 1.540486499667168 1.281046122312546 0.1002344340085983 4.516330018639565 1.452102825045586 0.2794151529669762 0.2631216421723366 0.8310722187161446 0.8566514104604721 2.76831891387701 447.2586799412966 21.38546139001846 0 19.0526572316885 10.83724446594715 29.81365460157394 37.19921407848597 72.50301797688007 12.62211964279413 92.13270378857851 1.04688137024641 10.97376890480518 3.159305639564991 0.1296046525239944 0.7749790176749229 1.425785660743713 0.4455031231045723 0 0.3883187770843506 0.1238018274307251 0.2783853188157082 0.2451896890997887 1.806630909442902 0.6794159859418869 0.08766711503267288 2049.266647517681 19.52916338294744 0.5590477287769318 3.581508010625839 18.7881637737155 0.3729768022894859 0.2852138429880142 0.6925698891282082 1.256885156035423 1.70563368499279 5.520710647106171 1.908060684800148 2.276803143322468 9.24623803794384 18.82671093940735 7.462890207767487 18.84336177259684 51.81847953051329 14.13400408625603 37.96794736385345 2.682141102850437 1.434095822274685 0.1090858429670334 0.2451912835240364 0.1686563640832901 0 0 0 0 0 0.09807842224836349 0 0.6516192704439163 0.2960871160030365 0 0 0.1471761465072632 0 0 3.334010906517506 2.519500374794006 0 0.6185952872037888 0 13.11774368584156 1.604400813579559 18.14640507847071 1.36782369017601 1.021251015365124 0 0 0.1002709716558456 1.014790087938309 0.1172601655125618 1.955804079771042 0 0.5227073207497597 5.55950789898634 0.1040147170424461 0 0 0.1676631420850754 0 0.1544453799724579 0 0 0.4873626232147217 0.1106816530227661 0 0 1.073497086763382 7.256483487784863 1.467619135975838 0.1556074470281601 0.08487081527709961 0 0 0 0 0 0.09875588119029999 120.3057917058468 0.4667755216360092 0 0 0.4177805036306381 5.94112528860569 0.1663645803928375 0.1236171498894691 2.114278398454189 1.916911214590073 7.744115322828293 1.74982962012291 2.885941207408905 0 0 0 0 0 0 0 0 47.57098590582609 15.83238429576159 13.07278615236282 221.0785535722971 22.16740579158068 164.7955084145069 25.73369646072388 248.2905760556459 39.65004553645849 2.496641732752323 80.67359429597855 11.22780437767506 1.387067914009094 10.83480132371187 0.9509816914796829 7.88257460296154 2.004168294370174 0.2236901372671127 2.614981859922409 5.542693495750427 0.5126363411545753
