0 4275.6366712749 600.3261210620403 1086.20155583322 549.9739351421595 198.4712071716785 1672.575011864305 31.72200717777014 62.03889369219542 1050.24438624084 201.8929556384683 52.27356949448586 427.368613012135 79.97061859816313 2.935061648488045 0.5235254168510437 0 0.09864374250173569 0 0.2551221251487732 0.2915225178003311 0 0 0 0.09589847922325134 0 0 0.1270067691802979 0.1511562764644623 0 776.367564111948 4.87172906845808 1.189098700881004 0 0 0 0.363753005862236 0 0 0 0 0 0 0.265209436416626 0 0.1455613374710083 13.15072321146727 1.163907192647457 0 0.277005136013031 0.2812326401472092 0.6970614343881607 0 0.163331612944603 2.888047344982624 1.787418738007545 479.2995839044452 939.0965622588992 112.8127897381783 11.0534005984664 0 0 0 3.693777203559875 1.559204496443272 0.7260826453566551 0.2049186080694199 0.5491096451878548 0.2105294093489647 0.3009041845798492 4.334926709532738 59.17113454639912 0.5239065289497375 279.2189477011561 41.44987660646439 20.89997310191393 3.19933757185936 0.6544331386685371 5.550697833299637 9.246371559798717 0.5078817531466484 1.554024048149586 5.859122663736343 0 0.833169512450695 0.9597647339105606 0.3989507630467415 0.6651047915220261 0.5253976657986641 0.3231507539749146 0.1971723064780235 0.2520617842674255 0.2344035282731056 0 0.2426887452602386 138.18677932024 115.8799732849002 9.567245721817017 0.2655745446681976 1664.340581327677 0.119107149541378 0.1538495719432831 0 0 0.3020912408828735 6.661491006612778 0.4545960277318954 0.2141791880130768 23.92421069741249 2.556524321436882 0.1806664615869522 5.174518890678883 2.698975324630737 6.029458701610565 0.6236480325460434 0.443228155374527 0 0 0 0 0 0 0 0 0 0 0 0 0 0 0 0 0.181871771812439 0 0 0 0 0 0 2.829989224672318 0.1435323804616928 0 0.4738269597291946 0 0 0 0 0 0.2023833841085434 0 0 0.4283715412020683 0.9914491772651672 0 0 0 0 0 0 0 0 0 0.1840339154005051 0 0 0 1.269632875919342 0 0 0 0 0 0 0 0 0 10.1186731159687 0 0 0 0 0 0 0 0.1324615329504013 0.1243086010217667 0 0 0 0 0 0 0 0 0 0 0 5.029585838317871 1.115351140499115 5.729203149676323 16.00150768458843 6.916512921452522 49.90591283887625 4.906351670622826 1084.447140626609 14.51228341460228 1.260938428342342 2.941699586808681 0.4057507738471031 0.1207913756370544 1.858462758362293 0 0.7406355738639832 0 0 0.7020583748817444 0.1114627048373222 0
4275.6366712749 0 2031.087847754359 963.3124101310968 3884.123867310584 307.4689014256001 5916.584398157895 94.0422191619873 1406.769454866648 338.0572461485863 422.3408276513219 7.720639050006866 110.3961033821106 66.23117416352034 20.15523750334978 0.7224974483251572 0.121647410094738 1.599369332194328 0.1140515878796577 1.07659924775362 0.577612116932869 0 0.1056123524904251 0 0.1378734707832336 1.264282561838627 0.2165781036019325 0.8793144226074219 1.515139132738113 0.09214305877685547 3964.004745021462 43.64418774098158 8.603104628622532 0 0 0.2423539608716965 8.30500964820385 0.3089308440685272 1.927734434604645 0.4110286757349968 0.2143171355128288 0.2923860251903534 1.058014594018459 1.319071024656296 0.2359926477074623 0.5772128254175186 111.4265586957335 9.282267615199089 0.6080275401473045 0.8913312777876854 2.82124300301075 0.1202729791402817 0.108335830271244 0.8737010434269905 21.17910760641098 14.55132758617401 255.207403473556 1118.922631211579 111.8476015180349 71.08261384814978 0.6670577451586723 0.6207870319485664 0 35.32088311761618 17.89326816052198 7.276137955486774 2.703083150088787 2.697076439857483 1.06181313097477 0.9436499327421188 8.023948445916176 5.065278768539429 0.1210188195109367 512.667612425983 184.0853313207626 182.590908460319 45.02785172313452 4.555710077285767 10.46101710945368 31.47806722670794 2.731357701122761 3.750673651695251 41.46067582070827 0.8223193511366844 6.727674759924412 7.022607035934925 5.343106262385845 1.470602087676525 5.265642233192921 0.5613641440868378 1.076991707086563 1.476349107921124 0.784386433660984 1.117834664881229 0.4689105302095413 68.26666966080666 5.966561213135719 0.4159533083438873 1.239394403994083 1446.753792032599 0.180820107460022 0 0 0 0.2951461672782898 41.49143439531326 0.6036078333854675 3.684795677661896 3.359095990657806 6.05509652197361 0 18.63591636717319 8.107130944728851 14.93917872011662 8.974598571658134 0.9868082851171494 0.2151901572942734 0 0 0 0 0 0 0 0 0.1323592066764832 0 0 0 0 0 0 0 0 1.907465249300003 0.9039933532476425 0 0 0 13.73750473558903 2.282479822635651 5.371601670980453 4.526563182473183 0.08922597765922546 0 0 0 0 0 0.4000927805900574 0 2.053950697183609 8.27666874229908 0 0.2855401933193207 0 0.5624476075172424 0.174390897154808 0.1825406551361084 0 0.1083967015147209 0.6295893490314484 0 0 0 0 3.531547605991364 0.1689871400594711 0.2046824842691422 0 0 0.2107404619455338 0 0 0 0 39.17827020585537 0 0.2509437501430511 0 0.1155940890312195 1.07634761929512 0 0 2.923115998506546 0.5850565582513809 4.485685005784035 0.4583296030759811 0.3820432424545288 0.09831872582435608 0 0 0.1242572590708733 0 0 0 0 10.93232257664204 10.907151453197 17.38909596204758 204.1176664605737 64.31152337789536 461.7422797605395 34.23975216597319 888.0861430391669 66.87985104322433 4.387950137257576 33.39639054983854 4.959626995027065 0.2503144666552544 8.021259486675262 0.4432583749294281 1.653211414813995 0.7409484833478928 0.1474303305149078 1.455896437168121 3.680055551230907 0.896142452955246
600.3261210620403 2031.087847754359 0 21.54693461209536 1894.994640633464 13.02213034033775 138.2450074627995 2096.598884560168 877.6120672523975 7.472666800022125 3322.650478199124 1.115547180175781 7.635145857930183 170.4129879623652 25.11196397989988 9.705851525068283 4.397830240428448 10.36128760129213 1.920468978583813 22.85307618230581 5.235252119600773 0 0 0 0.6600360944867134 0.3943437710404396 0.2575830966234207 0.2613173574209213 1.322566017508507 0.192657470703125 4613.812000617385 707.4478135481477 77.09069278091192 0.1511023491621017 0 0.2753360643982887 5.807555146515369 1.538672164082527 3.08442048728466 1.228304885327816 0.5454070791602135 0.6409361809492111 31.35188449174166 6.404060944914818 2.052859112620354 8.675541587173939 73.14080122113228 8.630960762500763 3.510762020945549 21.26256360858679 3.968559622764587 0.117821179330349 0.2015172094106674 0.0939488559961319 9.721828334033489 4.348272107541561 88.35675118863583 1059.183271639049 41.99468419700861 39.44032536447048 9.150181241333485 1.14582097530365 0.6349409893155098 113.8157646209002 7.759987950325012 5.764884121716022 2.091689459979534 2.472151935100555 21.6576875820756 32.8121433109045 4.447461880743504 3.376219674944878 0 287.3158266022801 147.2762807756662 126.9365824460983 58.07026219367981 14.99396003037691 435.2321091145277 914.9657544642687 32.56804311275482 168.095422796905 20.00714123994112 0.2980202436447144 3.733582884073257 3.858542390167713 14.60364451259375 0.9289141893386841 2.345342434942722 0.5685722529888153 1.129509054124355 1.136708907783031 3.887500002980232 1.028325989842415 1.581339798867702 3.938124641776085 2.231608763337135 0 3.121654734015465 351.4165636748075 0.3217015862464905 0 0 0 0.4673943817615509 0.2759599685668945 0 0.2513735890388489 0.7450777888298035 1.283478975296021 0.4141779243946075 1.178618833422661 1.836726367473602 2.536534920334816 1.703234568238258 0 0 0 0 0 0 0 0 0 0 0 0 0 0 0 0 0 0 0 0.439419224858284 0 0 0 0 6.346774823963642 0.1589082181453705 2.511610761284828 2.66160660982132 0.4516636580228806 0 0 0 0 0 0 0 0.5929155051708221 2.161373034119606 0 0 0 0.2345777899026871 0 0 0 0.2128312438726425 0 1.599497407674789 0 0 0 0.9052342176437378 0.1894510835409164 0 0.2151472792029381 0 0 0 0 0.1057886630296707 0 8.731632068753242 0.1676456034183502 0 0 0.1273168325424194 0 0 0 0.8534172177314758 0 1.813682943582535 0 0 0.1770064383745193 0 0 0 0.762337289750576 0 0 0 1.791587367653847 3.524594336748123 9.007397808134556 111.0675911605358 35.29714889079332 270.9022305160761 24.7837400957942 101.0285680443048 31.79811675846577 2.773628138005733 19.10380249470472 2.819707974791527 1.17996871471405 3.614554956555367 0.2071847766637802 1.782545521855354 0 0 0 2.018381603062153 0.4138743132352829
1086.20155583322 963.3124101310968 21.54693461209536 0 134.6949216797948 357.9964053928852 2167.238033622503 0.6993096843361855 40.94564598798752 2744.49256028235 6.621226742863655 184.8588791489601 2216.742706343532 280.9200443774462 3.271189242601395 0.1678222268819809 0 0 0 0.149431899189949 0 0 0 0 0 0.1262613832950592 0 0 0 0 51.84316995739937 2.629231639206409 1.704674631357193 0 0 0 0.7281970381736755 0 0.5289542376995087 0 0 0 0.09911203384399414 0 0 0 11.55716978758574 0.8603898212313652 0.2591123580932617 0.1121516451239586 0.1216503083705902 0.1674642562866211 0 0 2.320824049413204 1.843005463480949 40.68724921345711 166.2729605510831 16.05041573941708 7.075556918978691 0 0 0 2.587532170116901 2.183783665299416 0.8701732978224754 0.5685344412922859 0.2247938886284828 0.1152964755892754 0 4.057631433010101 7.269993245601654 0 80.69369313120842 24.06400907039642 18.61297333240509 3.929389409720898 0.6766346395015717 0.147942453622818 0.5918932259082794 0.1030659228563309 0.91356360912323 4.309993758797646 0.1116167157888412 0.84304329007864 1.309740290045738 0.340121753513813 0.118870235979557 0.2085441052913666 0 0.1361924856901169 0.3478062450885773 0.3759888410568237 0.240723118185997 0 203.74699229002 4.034905806183815 0.3118101060390472 0.3555576503276825 262.2532234191895 2.161811083555222 0.4673096090555191 7.164163082838058 0.7996076047420502 0.5486995279788971 12.85177651047707 1.600384667515755 2.571948796510696 36.53772704303265 9.775197848677635 1.580457523465157 20.92585177719593 16.06881016492844 22.61190274357796 2.708738282322884 0.2574836611747742 0.2993588894605637 0 0 0 0 0 0 0 0 0 0 0 0 0 0 0 0 0 0.9115792214870453 1.133447900414467 0 0 0 12.06922160089016 0.1516616493463516 3.288822561502457 2.395742654800415 0.242981880903244 0 0 0 0 0 0 0 0.9888850599527359 4.70087993144989 0 0 0.2711750268936157 0 0 0 0 0 0 0.1282979398965836 0 0 0 3.449099883437157 0.1644329577684402 0 0 0 0 0 0 0 0 36.97156621515751 0 0 0 0 0 0 0 1.083871319890022 0.7785056233406067 4.289069429039955 0 0 0 0 0 0 0.1681876629590988 0 0 0 20.34254765510559 2.37381811439991 6.218420043587685 56.76050102710724 5.517625547945499 61.59988290071487 4.273677431046963 731.6565007865429 12.87441212683916 0.1619205623865128 5.764890529215336 0.7657666802406311 0.4890983998775482 2.312638767063618 0 2.903954148292542 0 0.4761089682579041 0.2667345404624939 0.1704718619585037 0
549.9739351421595 3884.123867310584 1894.994640633464 134.6949216797948 0 19.28604920208454 3120.020689852536 166.40128518641 8841.688905522227 177.5522448122501 812.9511174038053 35.59589725732803 179.8198775574565 646.7459179461002 38.14732524752617 2.922549188137054 0.5575152114033699 1.013043642044067 0.1381215751171112 0.9129623770713806 0.6382978186011314 0 0.1037723571062088 0 0 1.010667540132999 0.1099895834922791 0.6159197017550468 2.557266533374786 0.5872143879532814 592.9432016685605 44.30159540474415 14.66304317116737 0 0 0 13.30233176797628 0.7274161577224731 4.636933416128159 0.8203260600566864 0.2343734949827194 0.6236416101455688 1.296394824981689 1.474248446524143 0.2378726527094841 0.3990370407700539 157.3375144898891 8.151763252913952 0 1.410939276218414 2.308251477777958 0.1354042738676071 0.1753816604614258 2.412277549505234 15.67834336310625 7.313488826155663 70.87144235521555 318.3642677888274 38.9878591299057 63.04151995480061 0.5479172170162201 1.802688419818878 0 47.07221870869398 15.4045163244009 6.08978758752346 2.697039596736431 3.261426880955696 1.445488177239895 1.885843202471733 29.9038538262248 30.30411303788424 0 270.3398339301348 126.0781517624855 191.4748046696186 78.74615245312452 8.374558210372925 13.89357464760542 49.65210355818272 3.190236449241638 5.265417709946632 31.01315422356129 0.4867384880781174 4.244135931134224 7.818253017961979 5.192329756915569 1.275027088820934 2.404908590018749 0.492657408118248 1.023081324994564 1.660836361348629 1.765094213187695 0.6491766795516014 1.284604772925377 127.1121016144753 14.98899485170841 0 5.051858708262444 87.71314293146133 2.090070381760597 0.3973151445388794 0.1558634489774704 0.9947960674762726 1.282189175486565 4.62670910358429 3.275773167610168 6.025328561663628 11.11384549736977 20.02297501266003 4.816949620842934 31.43054409325123 26.74478271603584 39.63106283545494 19.71365311741829 5.104379892349243 0.2299235910177231 0 1.090752303600311 0 0 0 0 0 0 0 0 1.048710346221924 0.1409864574670792 0 0 0 0 0 4.006504967808723 3.859203696250916 0 0 0 44.92529572546482 0.734980583190918 19.95159143209457 13.47799802571535 0.4481310248374939 0 0 0 0 0.1569736003875732 0.2078201323747635 0.5263371467590332 3.158160552382469 18.61310782283545 0.6696180105209351 1.61523549258709 0 0.2501589059829712 0.1413677185773849 0 0 0 1.208568841218948 1.659773342311382 0 0.5239514112472534 0 14.8629404604435 0 1.217527523636818 0.3677821159362793 0 0.1180846393108368 0 0 0 0 116.5112200528383 0.3678538948297501 0 0.1053839027881622 0.1100860685110092 2.245396584272385 0 0.2919716835021973 7.900464557111263 2.391755804419518 10.59694719314575 1.242654591798782 2.672838807106018 0.5026411712169647 0 0 0 0.2939698547124863 0 0 0 33.28725491464138 31.56158713251352 73.9987950399518 302.0203234478831 70.231191881001 602.7203573361039 52.38213412463665 237.2108819782734 79.05787750333548 3.747246228158474 53.32706104964018 7.839097864925861 2.58933961391449 36.1803660094738 0.5657487511634827 1.047803431749344 2.614908203482628 0 2.952005356550217 7.960202120244503 0.3760957270860672
198.4712071716785 307.4689014256001 13.02213034033775 357.9964053928852 19.28604920208454 0 351.8204730153084 0.2335470169782639 12.8002971559763 617.2222044318914 6.623565144836903 57.97876299917698 227.6384328752756 47.09749908745289 0.9043749794363976 0 0 0.1825389266014099 0 0 0 0 0 0 0 0 0 0 0 0 7.893790781497955 0.1213089898228645 0.5946921557188034 0 0 0 0 0 0 0 0 0 0 0 0 0 1.291491523385048 0 0 0 0.190388023853302 2.73583759367466 0 0 0.7170211151242256 0 195.9423477426171 23.51346500217915 5.87233555316925 0.5242546647787094 0 0 0 0.1505585610866547 0 0.223005548119545 0 0.1241884902119637 0 0 14.66561533510685 247.2077808231115 2.422529026865959 10.63322412222624 1.498120993375778 1.069044694304466 0.3578029274940491 0.1752038896083832 0 0.1582600474357605 0 0 0.104385107755661 0.2007836848497391 0 0.08798030018806458 0 0.6383605450391769 0 2.681350484490395 0.2004869878292084 1.390442416071892 0 0 0.2306326329708099 258.2307523190975 282.922292381525 38.19839814305305 0 469.4169624745846 0 0 0 0 0 4.052266880869865 0 0.5758011192083359 2.62131179869175 1.483105555176735 0.3492135405540466 2.624429658055305 1.604551434516907 1.524268731474876 0.6331208497285843 0 0 0 0 0 0 0 0 0 0 0 0 0 0 0 0 0 0 0 0 0.1234805658459663 0 0 0 1.46851971745491 0 0.1469765454530716 0.9998843371868134 0 0 0 0 0 0.2744077444076538 0 0 0 0.1794433891773224 0 0 0 0 0 0 0 0 0 0 0 0 0 0 0 0.5220007300376892 0 0 0 0 0 0 0 4.415464878082275 0.2913583517074585 0 0.2191380709409714 0 0 0 0 0 0.2044670134782791 1.334907189011574 0.1616459339857101 0 0 0.2348980307579041 0 0 0 0 0 0 2.807564288377762 0.6610214412212372 2.886302381753922 4.205350026488304 0.6376419961452484 3.693429470062256 0.3509849160909653 213.1480516344309 2.676475718617439 0 1.191065683960915 0 0 0.3196855932474136 0 0 0 0 0.2189273685216904 0 0
1672.575011864305 5916.584398157895 138.2450074627995 2167.238033622503 3120.020689852536 351.8204730153084 0 9.203636929392815 7854.976220235229 3444.594481773674 116.5946306437254 288.5893064960837 4458.21351826936 1690.419292829931 54.68480433523655 5.214261993765831 1.112686492502689 1.595538914203644 0.4544673711061478 0.5768144875764847 0.8126960247755051 0 0 0.2120517492294312 0.2765753716230392 1.000019893050194 0.5401215702295303 1.986671485006809 3.393325947225094 0.3884926214814186 333.8855448588729 40.66662804037333 27.33778718113899 0 0 0.3285714536905289 26.54766219854355 1.416322022676468 7.836522571742535 1.791844494640827 0 1.951962724328041 0.9797198995947838 2.889524064958096 0.2154011353850365 0.4544876664876938 235.2130865231156 13.57707838714123 0.1378840953111649 2.32795787602663 4.631163358688354 0.7166035398840904 1.15109571814537 2.699733756482601 26.9177051410079 17.63433282822371 150.3081912100315 658.9491858631372 83.95616398006678 103.5710190013051 1.262994177639484 3.115454822778702 0.1090826392173767 59.67781526595354 24.76823541522026 9.591545462608337 3.51940430700779 4.111364081501961 0.9669468179345131 3.909320414066315 58.44370673596859 36.50548351556063 0 535.2118199244142 205.5238309130073 284.9178350046277 104.749552346766 10.42755757272243 6.968649789690971 35.90831037610769 5.840510316193104 7.695778980851173 53.80310349166393 0.5424345731735229 8.738355174660683 11.41950628906488 8.072167500853539 1.548184461891651 4.94977492839098 1.24180444329977 1.761982269585133 4.128406055271626 3.008257187902927 2.56966145336628 2.444981835782528 571.8972516059875 38.04039524495602 0.4927416145801544 9.237769551575184 253.8616189360619 4.132385969161987 3.480089016258717 7.863063603639603 3.890095368027687 4.108031302690506 20.48661571741104 8.758352160453796 23.96193991601467 52.60390582680702 61.98590582609177 11.32011012732983 149.4848540723324 101.8176102638245 144.0514791607857 48.52747572958469 9.746212288737297 4.190088614821434 0.2460006326436996 0 0 0 0.636283814907074 0.194597914814949 0 0 0 0 0 0 0 0 0 0 0 13.82604660838842 12.64498873800039 0 0 0 111.1048030406237 7.59999868273735 36.6786128282547 24.77353123575449 1.503665208816528 0 0.7215494513511658 0.1351135820150375 0 0.7142930626869202 0.9433490186929703 0 15.25267723947763 45.62853866070509 0.662538543343544 1.913600981235504 0.7923323661088943 1.275617659091949 0.2085644602775574 0.9039439633488655 0.8737345337867737 0.1788357496261597 2.394041910767555 4.966602481901646 0 1.668793022632599 0.3416197001934052 45.46150602400303 3.543526500463486 3.16926471889019 1.037355482578278 0 0 0.1311104297637939 0.5804073959589005 0.1204135194420815 0 378.9642571359873 2.52817764878273 0 0.09704053401947021 0.1455700844526291 2.303579360246658 1.612890630960464 0.8630924820899963 27.10194176435471 13.65304549783468 31.13795663416386 3.691520303487778 1.902736976742744 0.1840173006057739 0 0 0 0.2997328788042068 0.2481307908892632 0.2719363123178482 0 127.4429387450218 73.4197631329298 156.7043749913573 464.2783564329147 110.5287078619003 892.8849972859025 85.61034352332354 1155.972006209195 131.2132533714175 9.068335369229317 74.4995254650712 22.45237512886524 2.050549924373627 57.1265072748065 4.346363425254822 14.72013029456139 2.093734011054039 0.7045892924070358 3.278935506939888 17.24915446341038 0.9804495722055435
31.72200717777014 94.0422191619873 2096.598884560168 0.6993096843361855 166.40128518641 0.2335470169782639 9.203636929392815 0 981.92971444875 0.7150974124670029 2278.567974805832 1.267335809767246 4.587599962949753 352.1418958455324 25.32717550545931 7.322042316198349 3.657372757792473 12.94806671142578 1.147188395261765 25.48401755094528 6.187614925205708 0 0.3562557697296143 0 0 0.405646063387394 0 0.8846784457564354 0.1215759888291359 0.261377364397049 947.0894311890006 5030.722331956029 83.43729721009731 0.2143740355968475 0 1.501926332712173 3.972618103027344 0.9003235399723053 3.103691272437572 1.391028493642807 0.3898629769682884 1.038203731179237 29.11954706162214 10.04195364564657 3.338859707117081 15.11595852673054 88.13173662126064 6.85311421751976 4.557537443935871 18.17619054764509 2.024099729955196 0.1103753969073296 0.1274386644363403 0.4400250986218452 5.749398827552795 3.403605401515961 31.68326625227928 363.4229740723968 15.92963632941246 28.03901363164186 23.8857815861702 2.101091787219048 0.9272587150335312 506.9315330982208 9.049121588468552 3.943823218345642 0.8982753828167915 1.711900122463703 17.08115550130606 22.89189491420984 2.681707687675953 3.860121265053749 0 183.1847938299179 189.8672177791595 139.0539463162422 401.2017540559173 1198.665618464351 1344.515602990985 2116.922433443367 265.5441973730922 1030.067665100098 14.98046893626451 0.4212404265999794 2.52229930460453 2.959768787026405 12.62205295264721 0.2862473428249359 1.562408253550529 0.09846878796815872 0.7349985465407372 1.673746928572655 3.202253617346287 1.061621740460396 1.186901859939098 2.030635088682175 2.184591636061668 0 1.867285616695881 34.85586123168468 0 0 0 0 0 0.4190968573093414 0 0.4139008522033691 0.2994180917739868 0 0 0.6996845602989197 0 0 0 0.4153231829404831 0 0 0 0 0 0 0 0 0 0 0 0 0 0 0 0.09643858671188354 0.3806532323360443 0 0 0 0 0 0 1.510786771774292 0 1.116874068975449 0.6317269206047058 1.062586680054665 0 0 0 0 0 0 0 0 0.719238817691803 0 0 0 0.3354449570178986 0 0 0 0 0.109013743698597 0 0 0 0 0.4020826667547226 0 0 0 0 0.3194729685783386 0 0.3968860954046249 0.1013752445578575 0 0.4476678520441055 0.7551533579826355 0 0 0 0 0 0 0.2513159587979317 0 0.8202770501375198 0 0 0.6238548159599304 0 0 0 0.2517312839627266 0.1110886186361313 0 0 0.2123982310295105 3.378193199634552 2.903848372399807 73.12421750277281 21.91548558324575 245.7179312035441 17.474645011127 34.24133110791445 27.95893573015928 1.406362220644951 16.83933971077204 0.5922781378030777 0.2578588128089905 0.6155747622251511 0.123065248131752 0 0 0.1305447220802307 0 3.236931085586548 0
62.03889369219542 1406.769454866648 877.6120672523975 40.94564598798752 8841.688905522227 12.8002971559763 7854.976220235229 981.92971444875 0 539.2284916937351 2742.628663554788 686.5873393490911 2192.736496463418 5148.127490974963 112.8551277443767 28.66607619822025 2.10157997906208 1.595807433128357 0.2315851300954819 2.691268317401409 0.9878555685281754 0 0.1241081207990646 0 0.2822852432727814 0.8364581316709518 0 1.761327482759953 6.166921064257622 0.5586477071046829 220.3693082481623 78.44910226762295 171.999583221972 0 0.3476687073707581 0.8265720903873444 101.1694160327315 12.30952748656273 21.22312293201685 4.577422954142094 0.984221525490284 1.501230701804161 5.797974482178688 10.21503757685423 0.9001911282539368 0.3982875868678093 317.0963992252946 8.520195461809635 0.6750700175762177 4.557763196527958 4.26773989200592 0.2632390931248665 0.2915977612137794 1.716933101415634 16.22975160181522 9.31341777741909 39.15724740922451 133.934101767838 34.60636618733406 63.16862409561872 2.222611874341965 16.75133416056633 0.3632988929748535 89.70794998854399 14.43331429362297 5.530764564871788 2.963765069842339 3.605126023292542 5.589965477585793 9.721235081553459 239.8107263073325 101.9861673638225 0.3901210129261017 184.1744426563382 108.8626569733024 298.173898100853 222.1882225126028 36.19254024326801 87.04670239984989 384.8075471967459 4.414348594844341 11.89472553133965 24.90216837823391 0.4190384745597839 5.189356721937656 7.235619135200977 7.676898621022701 1.424152798950672 3.20906937867403 0.6552747264504433 0.545375183224678 1.363640286028385 4.984940409660339 1.853580936789513 2.431102998554707 737.2497382611036 121.4261814802885 2.075587466359138 8.245411738753319 26.96431838721037 6.378087691962719 3.490856692194939 7.582355707883835 3.334071919322014 9.282180331647396 9.80920185148716 9.80742247402668 17.06467261910439 39.47744527459145 63.40211318433285 8.538727223873138 143.8091327250004 112.1338262557983 161.0283993333578 56.85005554556847 10.48773285746574 3.830510213971138 0 0 0 0 0 0 0 0 0 0 0.7305150926113129 0 0 0 0.5250430554151535 0 0 12.44484126567841 11.40437003970146 0.3038271069526672 0.1431031972169876 0.4462373405694962 140.0488997474313 4.88456429541111 46.86282602697611 31.30463220924139 0.6205968335270882 0 0.2554746866226196 0 0.1494593471288681 0 0.3088922202587128 0 11.44307208061218 47.29977971315384 1.258295118808746 1.75155933201313 0.2013657689094543 1.908482566475868 0.6496779024600983 2.0132667273283 0.565538763999939 0 3.997102953493595 5.811909899115562 0.5982270091772079 0.1931836903095245 0 43.0100405216217 4.778625816106796 2.338596746325493 1.397735752165318 0 0.1423351764678955 0.1029925942420959 0.0911715105175972 0.4767484217882156 0.8488315790891647 399.8851084709167 1.752697616815567 0 0 0.9344429969787598 4.351084038615227 0.1595841199159622 0.5802552103996277 24.61982748657465 14.93296033143997 36.57967808097601 5.378446437418461 2.664082109928131 0.2181121408939362 0 0.1115013808012009 0.1500043123960495 0.1073806211352348 0 0 0 153.2869868427515 95.83751133084297 174.4888798370957 420.4576810002327 99.85441324114799 922.4732289612293 118.5736165046692 214.18740478158 127.7500948160887 6.065725453197956 104.6950056254864 31.25553111732006 3.207471683621407 63.67642722278833 3.54868733137846 15.37673270702362 2.7390076816082 1.014639921486378 5.340288504958153 13.42299553751945 0.2411934286355972
1050.24438624084 338.0572461485863 7.472666800022125 2744.49256028235 177.5522448122501 617.2222044318914 3444.594481773674 0.7150974124670029 539.2284916937351 0 43.28480149060488 2054.153884276748 10171.6770851016 1458.263208396733 11.3461909070611 7.653787516057491 0.4111800044775009 0 0.2412036955356598 0 0 0.5795577168464661 0.1992707103490829 0 0 0.1022796779870987 0.1313285678625107 0 0.5201182961463928 0 14.0238624215126 0.7794728577136993 15.26073636114597 0 0 0.3560576438903809 15.50106863677502 0.3704888671636581 2.946687713265419 0 0.154001384973526 0.47475865483284 0.1166751086711884 1.160221368074417 0 0 21.26625797152519 0.8133903294801712 0 0 0.1181333363056183 0 3.837368488311768 0.441613495349884 1.518995314836502 0.3556382060050964 62.61769996583462 65.61719138175249 9.710554890334606 3.694960176944733 0 0.7487675547599792 0 1.944035992026329 0.3159462586045265 0.1239685341715813 0 0.3087238669395447 0.5991116762161255 0.1112549975514412 191.9455777481198 137.0043384879827 0 44.9266721829772 6.206582620739937 18.05987616628408 14.21566993743181 3.263032332062721 0.3615114092826843 12.06888777017593 0.33084936439991 1.653759896755219 1.531901471316814 0 0.6355715543031693 0.368549108505249 0.2019733637571335 0.4289547204971313 0.3584771752357483 2.890423864126205 0.2012111842632294 1.261147111654282 0 0.6086613833904266 0.757929652929306 1828.82083261013 443.4196185022593 15.62650646269321 9.25746189057827 364.4003855139017 5.04372326284647 2.531723946332932 12.88403290510178 4.185286268591881 5.863211184740067 21.2992368042469 16.57101108133793 25.72755771875381 88.98481807112694 84.82568497955799 9.653876379132271 166.3143102228642 129.6562265008688 151.7320109456778 30.31368458271027 6.639341600239277 2.41341207921505 0 0.217852920293808 0 0 0 0.3597928583621979 0 0 0 0 0 0 0 0 0 0 0 10.31711329519749 8.229475289583206 0 0 0 83.16522255539894 1.565378159284592 17.3566952496767 10.22200114279985 1.650565803050995 0 0 0 0 0 0.4157159626483917 0.2499773055315018 6.84611639380455 33.36637656390667 0 0.434476912021637 0 0.8947429060935974 0 0.4153304547071457 0.1994007080793381 0 1.556213721632957 3.264120779931545 0 0.3735652267932892 0.4252527058124542 26.74927666783333 1.678671002388 2.773568645119667 0.4714053943753242 0.2227697968482971 0.1007511615753174 0 0 0 0 262.6963326781988 0 0 0.2064907103776932 0 1.835998877882957 0.1952419430017471 0.2361836731433868 14.48332837969065 8.352953463792801 15.12196215987206 2.279439300298691 1.449469983577728 0.6601497605443001 0.1839347779750824 0 0 0 0 0 0 171.5477484464645 26.88318602740765 81.11530473828316 305.1642256602645 10.01302053779364 73.56089275330305 12.36580769717693 1294.304498553276 12.48611697554588 1.064495205879211 12.17638989537954 16.97011463344097 0.453829824924469 32.61196245998144 0.6985602974891663 19.14464876055717 2.209165975451469 0.9555311799049377 2.578646630048752 0.5435786694288254 0
201.8929556384683 422.3408276513219 3322.650478199124 6.621226742863655 812.9511174038053 6.623565144836903 116.5946306437254 2278.567974805832 2742.628663554788 43.28480149060488 0 285.788033105433 205.1473935693502 1372.069131650031 157.7646805867553 46.47768933326006 5.022743940353394 2.818617478013039 0.7640545889735222 6.761228643357754 2.08962095528841 0 0.241643488407135 0 1.165925852954388 1.787636667490005 0.5732230097055435 2.586537383496761 6.34588585793972 0.7812273353338242 996.2591920271516 914.2674154192209 289.9746285974979 0 0 4.816225424408913 144.3481288999319 23.76521526277065 29.97951284796 8.942942202091217 0.6561043560504913 3.327460452914238 16.86242308467627 16.1952241808176 0.5754704028367996 1.404129959642887 381.3534077256918 15.71367465704679 2.351258344948292 7.57374432682991 7.019058160483837 0.4165285229682922 0 3.064369656145573 20.12725905328989 10.4056137278676 56.92908350378275 319.5578086525202 40.64233750104904 89.1621665880084 3.011222489178181 34.13456998020411 0.8872005417943001 180.148401260376 18.853002846241 7.248693317174911 4.114492617547512 5.394847169518471 8.740672029554844 25.56798026710749 269.8180455118418 148.2145433202386 0 283.7014399841428 196.2308357730508 429.6278646737337 322.0898843854666 107.2211821377277 565.0968229398131 1546.444755204022 6.443565376102924 30.78616551309824 39.22728100419044 0.8675359785556793 6.535248227417469 8.958415500819683 11.64259923249483 1.194653764367104 3.977935925126076 1.303846314549446 2.263323128223419 2.545076705515385 4.960138238966465 1.777464546263218 3.663723573088646 301.0564496517181 123.2531195655465 4.865678183734417 22.01966310292482 84.31149777024984 2.97734560072422 0.8492375463247299 1.079427406191826 0 2.228981047868729 1.736016809940338 3.605550765991211 5.418496280908585 9.114675000309944 14.80330742895603 4.869487851858139 35.83153542131186 28.22738645970821 49.80542652308941 28.42537598311901 5.523134291172028 1.373008154332638 0.4975693821907043 0 0.1228916347026825 0.1121855080127716 0 0 0 0.4212003350257874 0 0.3329152166843414 0.1901348680257797 0 0.2022340297698975 0 0 0.816628485918045 0 4.073519989848137 4.209145560860634 0 0 0 60.42528466135263 2.783623829483986 18.43141032010317 23.20534843951464 1.565805032849312 0 0.6080705970525742 0.1752434223890305 0 0.8305814266204834 0.5540591552853584 0 5.171139433979988 30.32927966862917 0.2583134919404984 0.7912097275257111 0.182280644774437 0.8270811438560486 0.5619141906499863 0 0.2225394248962402 0 1.633046671748161 2.712328493595123 0 0 0 21.72562651336193 1.323167249560356 1.703140690922737 0.4213452041149139 0.2014151513576508 0.102580301463604 0 0.095584437251091 0 0.5161091834306717 143.5581065788865 5.829866886138916 0 0.2217727079987526 0.5809755027294159 0.9648366868495941 0 0.1735242605209351 12.33281961083412 6.484078630805016 19.37632878869772 1.541600346565247 0.1292123645544052 0.4939386248588562 0 0 0 1.163920260965824 0.5952863842248917 0 0 44.72139547020197 63.05082741379738 106.0301555544138 400.2465131059289 112.3860947936773 1001.015578120947 124.7074596360326 173.1046081408858 128.0783452689648 8.36932909488678 119.896944321692 19.4200808480382 1.804037310183048 40.53094667196274 2.033344738185406 8.900168612599373 3.148128509521484 0.1161638870835304 2.714588649570942 15.13034079968929 0.2922797128558159
52.27356949448586 7.720639050006866 1.115547180175781 184.8588791489601 35.59589725732803 57.97876299917698 288.5893064960837 1.267335809767246 686.5873393490911 2054.153884276748 285.788033105433 0 2170.235871896148 1247.983887962997 32.82349979877472 25.92250312119722 1.240317992866039 0.1266884505748749 0.1760005205869675 0 0 0 0.2578979134559631 0 0.4389936476945877 0 0.1906115710735321 0.1368909180164337 0.5396252498030663 0 3.251940257847309 1.834689572453499 651.5349458158016 0 0 0.4364168643951416 558.0770961493254 34.37965030968189 49.67149760574102 8.049389950931072 0.233166366815567 0.5723238363862038 0.949395164847374 8.544956639409065 0 0 51.60025248676538 0.3394882678985596 0 0.465801902115345 0.2669526562094688 0.8087796121835709 0.6427565962076187 0.3626393228769302 1.326121300458908 0.8056195303797722 5.285493239760399 11.51989226788282 3.995965726673603 3.54741009324789 0.1074853092432022 41.41924071311951 0 9.910441391170025 0.6365189626812935 0.6361594572663307 0.1306431889533997 0.3312419429421425 0.6750756204128265 2.177500799298286 1156.798954695463 188.9086639881134 0.1889746636152267 18.67614973336458 6.008166745305061 40.5579284876585 38.73217462748289 12.00331983715296 0.9713408127427101 94.76947935670614 0.6770059764385223 0.9731369018554688 1.896383285522461 0 0 0.4591967165470123 0.4839636161923409 0 0 0.4681585729122162 0.5424541234970093 0.6497411802411079 1.702173389494419 0 0.7319805324077606 1873.224043488503 328.0944229215384 9.05110302567482 32.98370849341154 19.03755007684231 3.062716476619244 1.331009954214096 3.248277932405472 2.680891811847687 3.896222025156021 4.949284553527832 7.403026089072227 13.56558163464069 27.38581649959087 35.29023918509483 4.018846735358238 87.03052623569965 57.20817260444164 97.5293205678463 23.63460218906403 7.644661396741867 1.244558155536652 0.1226601079106331 0 0 0 0 0 0.9622506499290466 0 0.2140821218490601 0 0.3922294080257416 0 0 0 0.1874797493219376 0 0.1415908634662628 7.078261084854603 5.251157104969025 0 0 0 77.80333097279072 2.578572347760201 19.34892639517784 18.29544407874346 1.687550410628319 0.1951403915882111 0.1984445303678513 0 0 0 0.1163739413022995 0 4.877359293401241 29.71864029020071 0.3062016665935516 1.06565573066473 0.162213996052742 1.093284264206886 0 0.2433252185583115 0.1889179348945618 0 1.259176909923553 3.09370032697916 0 0 0.2979508638381958 17.66226591169834 1.205137923359871 3.575567193329334 0.8919489234685898 0 0 0 0.1062019318342209 0 0 231.1614509522915 3.609568163752556 0 0 0.2166525572538376 0.9768536388874054 0 0.9293023198843002 10.47288258373737 5.594103135168552 16.45618317276239 2.243149101734161 1.885489866137505 0.1412379890680313 0 0 0 0 0 0 0 116.4437789171934 38.40033949911594 98.3046000674367 106.8322766721249 16.92073108255863 168.3135295212269 26.30393286794424 118.8455847799778 28.51754686236382 0 40.47966250777245 15.32726465165615 0.3496336340904236 32.78174917399883 1.749149672687054 9.111107237637043 1.629183396697044 0 3.008583277463913 1.714857682585716 0.4026886224746704
427.368613012135 110.3961033821106 7.635145857930183 2216.742706343532 179.8198775574565 227.6384328752756 4458.21351826936 4.587599962949753 2192.736496463418 10171.6770851016 205.1473935693502 2170.235871896148 0 3521.185071021318 109.263833142817 94.43992362171412 3.203319385647774 0 0.5829920321702957 0 0 3.007253155112267 0.1039110347628593 0 0.6414027214050293 0.9841890633106232 0.1704056113958359 2.049056157469749 3.327978268265724 0.967076450586319 9.192551650106907 3.592922367155552 368.2118027359247 0 0 0.2742622196674347 848.7466976717114 10.73754931986332 338.3126854151487 4.632192641496658 0.4562978595495224 1.66125875711441 0.7912912145256996 27.9641147851944 0 0.1188543066382408 130.4709821119905 1.266716957092285 0.3805092796683311 1.406812891364098 1.978839844465256 7.418290913105011 15.17576198279858 1.490521349012852 3.952870212495327 2.664288274943829 28.02458941191435 43.10165572911501 12.92412280291319 14.69483021646738 2.657059736549854 34.51211907714605 0 16.96043160557747 3.639701873064041 1.59215509146452 0.3448410928249359 1.124384842813015 0.9864813387393951 2.754985056817532 2793.028776101768 269.1380354762077 1.743027776479721 65.26047030836344 24.99246851354837 108.9981974437833 93.17209695279598 37.54680092632771 1.485483139753342 132.4961871132255 2.908490628004074 18.78371303528547 4.903217226266861 0.07556086033582687 0.7163765504956245 1.673671588301659 1.973541758954525 1.81224924325943 0.4376697391271591 7.25608691573143 0.5009506940841675 1.131222262978554 3.320107072591782 0.9063518643379211 3.857540294528008 5153.555816665292 737.0004812702537 49.74359866976738 756.8258889168501 66.02494636178017 4.120312847197056 3.290353789925575 6.967659711837769 2.200601860880852 11.31666983664036 18.60294879972935 13.2083985209465 25.0909059792757 131.4527529776096 79.40757578611374 9.085550472140312 190.7440368533134 142.6420363485813 201.1088553965092 58.3363574296236 10.78171363472939 2.318505972623825 0 1.568393155932426 0 0 0.1403710842132568 0.3557947427034378 0 0 0.3332179635763168 0 0.7439235299825668 0.7036554366350174 0.3645038455724716 0 1.203567713499069 0.8023403733968735 0.1754707396030426 17.23308131098747 14.88345518708229 0 0.2605613768100739 0.1424735933542252 134.8412175923586 6.250771030783653 42.18662278354168 43.78071574121714 6.309907265007496 0.6294651180505753 0.1395500302314758 0 0 0.9346897602081299 1.434824451804161 0.3706975281238556 12.97087131440639 54.71134836226702 0.3884963840246201 0.9772154241800308 0 6.762333780527115 0.4782877713441849 0.2082542479038239 0.7080633118748665 0.3520032167434692 2.649464294314384 5.499850951135159 0.3342548906803131 0.2120145857334137 1.229770340025425 37.68869386613369 3.573439337313175 2.827877409756184 0.8500764966011047 0.471565380692482 0 0.2494334876537323 0 0 0 446.8114251196384 12.84893168509007 0 0.4738069325685501 0 5.276715397834778 0.5725013166666031 0.4559277594089508 19.50683394819498 14.0346230790019 30.29832867532969 7.914486713707447 2.868796274065971 2.091676101088524 0.1106398850679398 0.1296317428350449 0 0.2989357933402061 0.2270013466477394 0 0 224.4304475933313 95.06098396331072 166.5371901020408 312.267274774611 70.21724728494883 429.3187549635768 85.72581888735294 400.9217275232077 67.51780028641224 4.823984131217003 95.2240401506424 31.70449302345514 3.862394332885742 70.87647500634193 1.219888418912888 25.50827760994434 3.53251738846302 0 10.32125349342823 12.8665614798665 0.7923666834831238
