0 2543.797693006694 500.5215221568942 1853.813111081719 74.75079254806042 78.1869283914566 388.3085722774267 31.03807548433542 40.41091348230839 2163.890580743551 266.962711147964 170.7179200202227 147.4121836423874 94.64361897110939 1.554765224456787 0.3985964804887772 0.1540166586637497 0.4225204959511757 0 0.1366670876741409 0.1470711380243301 0.2085284441709518 0.1415064632892609 0 0 0.1142932325601578 0 0.2488623261451721 0 0 1327.193504430354 0.3506856262683868 1.836811199784279 0 0 0 4.276057109236717 0 2.998042404651642 0 0.268910825252533 0.1009581312537193 0 0.1589448153972626 0 0 28.99963279813528 0.5384545996785164 0 0 0 3.684221744537354 0 0.2078469842672348 3.37763188034296 12.95721736550331 438.2950148656964 840.1881616786122 91.11602054536343 9.492791794240475 0 0.9187780469655991 0 2.157229043543339 2.424198232591152 0.9447177350521088 0.3488786593079567 0.5669760629534721 0.4860586822032928 0 23.11700270324945 22.15461775660515 1.251073256134987 130.9654683992267 6.880678474903107 6.187844328582287 1.163774639368057 0.5346914827823639 0.5990719646215439 4.274486675858498 0 0.4599524736404419 7.437848880887032 1.487289436161518 1.188249938189983 1.678884841501713 1.21343857049942 1.959879457950592 0.485588863492012 0.2358610033988953 0 2.433808296918869 0.123444490134716 0 0.1666996628046036 417.1490757912397 252.8519850075245 11.975625410676 7.974890194833279 1540.181666597724 0.2169899344444275 9.22811484336853 3.543714225292206 1.357759356498718 0.7213006019592285 33.64910693466663 7.476977825164795 1.413312435150146 30.03316104412079 25.60128971934319 0.815316379070282 15.46728424727917 11.14397893846035 5.596171051263809 2.246493235230446 0 0 0 0 0 0 0 0 0 0 0 0 0 0 0 0 0 0 0 0.393792599439621 0.8954081535339355 0.236866369843483 0 0 3.287108287215233 0 0.6314829587936401 0.3040597438812256 0 0 0 0 0 0 0 0 0 0 0 0 0.273398756980896 0.2960572242736816 0 0 0 0 0 0.5359374433755875 0 0 0 0 0 0 0 0 0 0 0 0 0 3.595757395029068 0 0 0 0 0 2.309433698654175 0 0.4672816693782806 0 0 0 0 0 0 0 0 0 0 0 0 5.526498541235924 0 0.1918292790651321 66.41121295839548 6.039208851754665 187.7948367968202 17.66060692071915 1653.338963873684 34.86393725126982 6.5871976390481 10.39905078709126 0.7220796048641205 0 0.1959138959646225 0.2764763236045837 2.074114978313446 0 0 0.4343510866165161 0 0
2543.797693006694 0 1828.208488449454 2354.217549189925 3910.971790581942 540.4858773052692 1627.778888694942 1230.321100287139 3170.900488264859 462.1625386252999 8094.405296303332 57.22241801768541 355.8305953815579 425.183841265738 19.75909902900457 4.180257044732571 0.4117288812994957 0.6295148357748985 0.1121986582875252 1.700151860713959 0.8401163592934608 0.4960914328694344 0.4114655330777168 0.5916109010577202 0.131645455956459 0.3543807938694954 0.2370568290352821 0.1195574775338173 0.3671990036964417 0.1221177354454994 5514.720895685256 36.26642641425133 5.95426794141531 0.1349506676197052 0.2538891136646271 0.1318160593509674 10.70903172343969 0 1.593417249619961 0.3260766789317131 1.146276853978634 0.3546606302261353 0.141026109457016 1.425183147192001 0.3840514197945595 0.3937456011772156 263.2701111286879 8.840058892965317 0.8067502155900002 0.7021768093109131 0.5379484295845032 1.073488876223564 0 0.8091837912797928 15.52048660814762 64.65227063000202 365.1539061293006 1740.319166064262 171.8190412148833 102.3587077260017 0.5915377289056778 0.851053848862648 0.4960102736949921 75.24988654255867 12.90344256907701 9.328623570501804 2.347267791628838 2.366565570235252 1.331851221621037 0.3660780042409897 26.13058707118034 3.367340222001076 0.5547896102070808 476.7450910955667 174.563812494278 140.3640667721629 33.02778859436512 2.475391052663326 3.168659798800945 15.73226244747639 1.132973827421665 4.039450019598007 40.68883140385151 14.40616204589605 7.249305456876755 13.40632675588131 4.834172032773495 0.4255332574248314 1.30004296451807 0.6287281587719917 0 0.6405831277370453 0.4573755264282227 0.1027564033865929 3.132901631295681 191.3251752853394 8.125994384288788 0.6574274450540543 0.972810871899128 1150.016521088779 0.3439198434352875 4.249151110649109 2.984277755022049 1.945546507835388 1.984664618968964 51.46591614186764 1.670356392860413 2.594278365373611 21.67834222316742 12.53331309556961 2.610101893544197 22.7470161691308 20.39048556983471 15.01398706436157 5.306481122970581 0.2597543597221375 0.2333948165178299 0 0.4277448058128357 0 0 0 0 0 0 0 0 1.054431557655334 0 0 0 0.3568717241287231 0 0 1.036913871765137 0 0 0 0 8.941408425569534 0 1.068884193897247 0.7243735566735268 0.2735507488250732 0.1433199346065521 0 0.1409118324518204 0 0 0.8652738630771637 0 0 2.242881163954735 0 0 0 0 0 0 0.3926257491111755 0 0.2134247273206711 0.4289801120758057 0 1.096574679017067 0 3.575475007295609 0 0 0 0 0 0 0.1030254438519478 0.1170355901122093 0 15.76883560419083 0 0 0 0 2.89015243947506 0.7988363206386566 0.7850678563117981 0.6370354890823364 0.8026366382837296 0.1307597011327744 0 0 0 0.186882957816124 0 0 0.4360883980989456 0 0 0 20.41133961081505 8.220660388469696 4.286868810653687 252.539951659739 36.36317748576403 727.654759965837 76.15889531373978 1487.50525791198 91.50589024275541 36.6473149061203 46.24286233633757 5.140386939048767 0.4131626039743423 3.430925279855728 0.5379313826560974 12.59458503127098 0.1571413427591324 0.8761755675077438 1.398414269089699 1.017732441425323 0.354051798582077
500.5215221568942 1828.208488449454 0 17.09398002177477 283.3700928762555 112.0033392906189 310.0711960047483 3182.690274305642 385.6193997189403 29.44730516523123 3114.967176355422 34.95931601524353 296.7397087216377 360.041137598455 47.11679843068123 26.25650776922703 2.044254824519157 1.192800484597683 0.1392374932765961 21.86376590281725 61.990857206285 0 24.74592435359955 3.703143075108528 6.831020168960094 3.565665811300278 1.670806765556335 3.436356738209724 0.2726165279746056 1.441863209009171 4120.669345542789 840.3263389617205 21.89480987936258 6.218095034360886 26.14492259174585 20.00763639062643 33.12614388763905 4.47848354279995 9.27781169116497 3.230942979454994 15.27820751816034 9.624597959220409 4.074306540191174 5.85674462467432 5.220296807587147 4.356829427182674 71.62092746794224 2.134893715381622 0.1539323776960373 2.471323795616627 0.463522233068943 0.1972904354333878 0.4809583947062492 0.783897191286087 2.304940834641457 12.43901567161083 70.0109096840024 898.1129180192947 29.18205659091473 24.49324167519808 32.70234059542418 51.62208415567875 17.37972778826952 153.4325170069933 2.894462332129478 1.713064342737198 0.6070868372917175 0.7080493867397308 2.25737888365984 17.01704626530409 58.20780944824219 9.565732099115849 0 126.0944541245699 89.39007576555014 56.60431054979563 37.36901713162661 13.17240439355373 455.4811013638973 714.3446567729115 45.53966324776411 555.3556858971715 6.00104645639658 2.480962134897709 1.103816747665405 2.756170049309731 2.86554142832756 0.2609418332576752 0.4527081772685051 0 0.6234381347894669 0.8688797056674957 6.897728264331818 2.699408173561096 4.399815522134304 80.32055308669806 5.084860295057297 0.3725067302584648 5.905776232481003 128.1094652116299 1.552162408828735 0.4384211897850037 0.3021261096000671 0 0.6539685130119324 4.445989534258842 0.1787118911743164 1.834746822714806 0.5535391867160797 3.964849069714546 2.508599013090134 9.809836432337761 6.020523682236671 6.448723003268242 6.070763036608696 0.4252558797597885 0 0 0.2328332364559174 0 0 0 0 0 0 0.1190435215830803 0 0.4049326181411743 0.1405310928821564 0 0.4461491778492928 0 0 0 2.069375827908516 0.5851229429244995 0 0.1305530071258545 0 7.178921833634377 0.6598898842930794 4.149330615997314 1.250705868005753 0.115831546485424 0.1206664964556694 0.2546181380748749 0.1314446479082108 0 0 0 0.3452731817960739 0 2.210374124348164 0 0.7285829782485962 0.1169449612498283 0 0.4078571051359177 0 0 0 0 0.649246983230114 0 0 0 4.853525549173355 0 0.1314436197280884 0 0 0 0.3837044239044189 0 0 0.5695209205150604 14.03964950144291 0 0 0 0.1504704356193542 2.884067893028259 0.9911052733659744 2.398809209465981 0.7356614470481873 0.3523144870996475 0.2281058430671692 0.3093127459287643 0.3656807839870453 0.2442829385399818 0 0 0 0.09486749768257141 0.2392143309116364 0 0 9.178827092051506 11.20031864196062 7.392733626067638 70.05599054694176 10.56548260897398 121.907151453197 31.06762720644474 187.2281488925219 21.54409758746624 8.068054884672165 21.20156361907721 6.432339623570442 0.3383938074111938 4.37885344773531 1.206246942281723 0.8114286959171295 0.7954989224672318 0.1262106150388718 0.9979198575019836 1.374302431941032 0.2563069462776184
1853.813111081719 2354.217549189925 17.09398002177477 0 356.3190986141562 580.2112235426903 1770.057991549373 21.77835918217897 58.54744906723499 2029.54509306699 209.6995386406779 443.2951851636171 1562.505750820041 303.1162012964487 6.712705597281456 0.3726710602641106 0.1518719047307968 0.3653222471475601 0 1.015572540462017 0 0 0 0.2980262786149979 0 0.3582104220986366 0.1248175650835037 0.9942444488406181 0 0 311.1845708414912 2.000550948083401 0.1359720677137375 0.2046902775764465 0 0 0.9392931088805199 0 0.7341650873422623 0 0.1204250603914261 0.26491379737854 0.7641636729240417 0.32023985683918 0.1189680173993111 0.1310093253850937 175.4591981470585 4.223615601658821 0.6472279578447342 0.8724817335605621 0.2111817821860313 0.5605203658342361 0 0.3860352337360382 7.432394906878471 28.49626615643501 102.4969266876578 287.1575480997562 62.49355879426003 52.38265573978424 0.1270047873258591 0.13469098508358 0 29.40880554914474 5.675307177007198 3.816567659378052 0.901180163025856 0.8859816715121269 1.065451584756374 0 3.101836286485195 6.714149355888367 0 167.3015480488539 67.78265696018934 55.90008742362261 10.33037514984608 1.176155284047127 0.748043566942215 3.057901084423065 0.4341100007295609 0.9995116740465164 18.25108560174704 7.505804620683193 2.261878035962582 6.000710107386112 3.486411720514297 0.3002309799194336 0.6310631334781647 0.2961670756340027 0.3196057081222534 0.5211202353239059 0.2093557268381119 0.1153193563222885 2.533969007432461 487.9935032278299 18.21965834498405 1.197823688387871 0.8478577882051468 230.8889428526163 1.142300605773926 0.2499685883522034 6.068304568529129 1.725574687123299 0.6763427555561066 50.38231351971626 8.619240909814835 3.807201623916626 12.73924794793129 25.6299059689045 2.041520178318024 41.62874202430248 33.45573869347572 23.30574642121792 4.645066529512405 0 0.1508902013301849 0 0 0 0 0 0 0 0 0 0 0 0 0.3833291828632355 0 0 0 0 0.5431501716375351 0.4473789632320404 0 0 0 4.553263306617737 0.2768496572971344 0.4021483361721039 0 0 0 0 0 0 0 0 0 0 0 0 0 0 0 0 0 0.6745682954788208 0 0 0.1312542259693146 0.8890951871871948 0 0 3.519045352935791 0 0 0 0 0 0 0 0 0 14.56157326698303 0 0 0 0 2.852664649486542 0 0 0.4678675532341003 0.9827426970005035 0.1402723640203476 0.1954445987939835 0 0 0.102033756673336 0 0 0 0 0 0 30.7316610366106 3.881155863404274 1.28122153878212 173.1454163044691 18.85377591848373 435.1205640435219 42.80809516459703 1290.164875946939 47.69964638352394 20.1662328094244 33.76332656294107 2.724796175956726 0.09710812568664551 3.007249891757965 0 9.307033240795135 0.4373751282691956 0.2390492260456085 0.5831630825996399 3.890631467103958 0
74.75079254806042 3910.971790581942 283.3700928762555 356.3190986141562 0 6.192081466317177 1732.387011401355 253.1929494589567 5866.552077330649 34.4386840686202 1364.617930881679 2.878212705254555 558.4379367008805 36.80032521486282 18.80340210348368 1.447948329150677 0.8211948499083519 0.8598049059510231 0 0.6154522821307182 0.4473202750086784 0 0.1943972930312157 0.09116413444280624 0 0.458714060485363 0.28446364402771 0.3807595297694206 0.1920041292905807 0.1908952593803406 276.7918381392956 19.07206885516644 1.275734409689903 0.1426589488983154 0.143609881401062 0.1062588840723038 1.847447521984577 0 0.2464528381824493 0 0 0.1203142255544662 0.1139319315552711 0.4929843842983246 0.3761415258049965 0.3024043440818787 188.4907609000802 3.759381331503391 0.6663192063570023 0.2852595150470734 0.3514362722635269 0 0 0.6518332362174988 5.485869809985161 17.74876026809216 39.79629011452198 187.3295864090323 27.51787923276424 59.70295973867178 0.2278892248868942 0.3913740143179893 0 46.83543017506599 3.69020938873291 2.343446597456932 0.8204280957579613 1.728946194052696 0.8210738748311996 0.4914459064602852 5.510002657771111 2.234583683311939 0 130.0318663567305 96.55706170201302 83.86046992987394 27.33053629845381 3.054448649287224 1.081169486045837 3.032747380435467 1.163667052984238 0.943806067109108 14.14182493835688 4.54611924290657 2.121830515563488 4.447044685482979 3.283149808645248 0.2755440697073936 0.425814613699913 0.1194253787398338 0 0.1198258474469185 0.5298929065465927 0.1003035381436348 1.167936950922012 21.61336049437523 0.4480924010276794 0 0.9912200644612312 22.76291565597057 0 0 0 0.6188146471977234 0.6483509391546249 4.030502691864967 0.3361891210079193 0.3201237916946411 0.3944805562496185 1.876528680324554 1.226948440074921 6.245213180780411 7.575788572430611 6.106163293123245 3.506023854017258 0 0 0 0 0 0 0 0 0 0 0 0 0 0 0 0 0 0 0 0.5299773961305618 0.6147508025169373 0 0.168686643242836 0.5540233850479126 2.929973855614662 0.8711232990026474 0.5648561418056488 0.2837171256542206 0 0 0 0 0 0 0 0 0 1.48650561273098 0 0 0 0.1762082576751709 0.1066047251224518 0 0 0 0.3754687309265137 0.115518681704998 0 0 0 3.987565517425537 0.2786466479301453 0 0 0 0 0 0 0 0 7.003572270274162 0 0 0 0 0.6304143518209457 0.5095171928405762 0.4801355302333832 1.072750687599182 0 0.3759662210941315 0 0 0 0 0 0 0 0 0 0 4.621976137161255 7.221399962902069 5.070311114192009 169.9690805375576 19.53261964768171 311.1857869401574 39.41634052991867 186.1998228356242 40.78286716341972 13.06035039573908 37.63626331835985 2.959993958473206 0 1.776297315955162 0 1.172427117824554 0.142008438706398 0 0 1.527619406580925 0
78.1869283914566 540.4858773052692 112.0033392906189 580.2112235426903 6.192081466317177 0 92.82450065761805 4.450719356536865 3.369986459612846 742.0208077430725 24.97071697562933 73.87482498586178 55.10375452041626 22.18529807031155 1.7390171661973 0.9763558655977249 0 0 0 0.2008949220180511 0 1.814775288105011 0 0 0 0 0 0 0 0 36.62934809178114 0.2235717326402664 4.576509982347488 0 0 0 7.012805208563805 0.2930240631103516 6.903650030493736 0 0 0 0.1769688278436661 0 0 0 10.10736449062824 0.2870154529809952 0 0 0.2100859582424164 12.7489575445652 1.139755368232727 0 1.221370428800583 1.421865195035934 240.4344645440578 50.49727475643158 15.13314427435398 1.616945847868919 0 3.931909248232841 0.1746144890785217 0.2079527229070663 0.2617318034172058 0 0.1609170287847519 0.3688264489173889 0 0 64.66937226057053 135.1561643779278 5.948417410254478 9.512774787843227 0.7730385139584541 1.664638206362724 0.2947528511285782 0 0 10.44029946625233 0.3478693515062332 2.253721609711647 2.190819278359413 0.9642595797777176 0.1489310711622238 0.142197921872139 0.1533279418945312 3.097316950559616 1.863212883472443 8.106330305337906 0.6827780306339264 5.723803356289864 0 0 0.6989359110593796 192.6873237341642 493.6027372032404 25.13715276122093 13.49202820658684 578.9489954262972 0 0 0 0 0 6.464880555868149 0 0 2.953703656792641 0 0 0 0 0 0 0 0 0 0 0 0 0 0 0 0 0 0 0 0 0 0 0 0 0.3117165863513947 0 0 0 0 0 0 0 0 0.6182243674993515 0 0 0 0 0 0 0.5316042602062225 0 0 0 0 0 0 0.3217784315347672 0 0 0 0 0 0 0 0 0 0 0 0 0 0 0 0 0 0 0 0.3393738567829132 0 0 0 0 0 0 0 0.3324303030967712 0 0 0 0.1865591406822205 0 0 0 0 0 0 0 0 0 0.4134048819541931 0.393935039639473 17.56051242351532 0.4637436270713806 30.72761214524508 1.667010307312012 649.4610609263182 5.551537528634071 1.01482592523098 7.275993525981903 0 0.1839415431022644 0 0 0 0 0 0 1.314365148544312 0
388.3085722774267 1627.778888694942 310.0711960047483 1770.057991549373 1732.387011401355 92.82450065761805 0 99.19210956990719 3442.547844193876 1388.132670193911 439.085803501308 48.56723663210869 850.3081514164805 612.4759742245078 100.7310514897108 12.88189077377319 1.260373689234257 0.8798190504312515 0.4912676736712456 3.381077021360397 1.725007489323616 0 0.3493148759007454 0.194740042090416 0 1.754590049386024 0.5799043104052544 3.192148700356483 0.5287739410996437 0.1496536582708359 343.6574522927403 37.96243420243263 9.43304718285799 0.3579990789294243 0 0.1339679360389709 15.17077449709177 0.1917154788970947 3.536084800958633 0.6512492150068283 1.291214793920517 1.350859262049198 0.7368403449654579 4.118858218193054 0.9400007799267769 1.563789859414101 757.2891183644533 11.37681988626719 2.049318566918373 1.431344330310822 0.7038248777389526 0.7140870094299316 0.4754148870706558 1.043231584131718 17.71977885812521 71.00614234805107 107.303056448698 388.4530238136649 96.18966683745384 186.2451056912541 0.4844276160001755 1.050659611821175 0 136.5755337923765 15.92044734954834 10.00564400106668 4.410646446049213 3.605020217597485 4.407982394099236 1.414712108671665 55.00223238021135 25.3743813559413 0.1076127663254738 402.8382569178939 317.5543787777424 342.9562087357044 130.1192734315991 10.61827737092972 8.610815964639187 20.43348780274391 5.235495127737522 8.845646515488625 41.78240142762661 15.62101008743048 8.982335790991783 17.90579055249691 11.18228204548359 0.4042184874415398 2.723983936011791 0.7672176733613014 0.2381920665502548 1.093838661909103 2.520960308611393 0 3.649201489984989 614.1949426978827 9.359300687909126 0.1517588645219803 5.371027544140816 66.62627904117107 2.391034603118896 6.077933683991432 10.10056334733963 2.638842582702637 8.894236132502556 93.34553127735853 8.972931772470474 17.5653018206358 37.09349201619625 66.11701032519341 25.08834527432919 150.7845697700977 121.2551952749491 120.4476538598537 64.07509744167328 3.765614286065102 2.250250712037086 0 1.118297338485718 0 0 0 0 0 0 0 0 0.2523399889469147 0.4471008777618408 0 0 0 0 0 16.13330198079348 6.89259310811758 0.1596409231424332 2.042634963989258 3.206145823001862 77.14307446777821 4.036700069904327 14.42737303674221 10.20861046016216 0.5098078325390816 0 0.2167926877737045 0 0 2.385449536144733 1.211938321590424 0 0.7887358963489532 22.00017224997282 0 0 0.3706652149558067 0.3670957386493683 0.3260011225938797 0 1.438413992524147 0 1.638725757598877 3.502437300980091 0.1836116909980774 1.915153920650482 1.033462315797806 55.87075106799603 1.408028021454811 0.9279265403747559 0 0 0 0 0 0 0.4701887667179108 164.4287063628435 1.527745246887207 0 0 0.4302324503660202 23.277587428689 12.65849807858467 9.963058784604073 4.086737312376499 7.008569583296776 5.908822812139988 4.768306545913219 7.024243369698524 0 0.374919518828392 0 0 0.1303066164255142 0 0 0 112.3946086615324 95.18453591316938 82.96228184551001 779.187876008451 79.73805114626884 1236.063086442649 229.0344354733825 982.1437020078301 189.91069958359 51.78834190964699 187.9407159090042 46.36049618571997 2.338265061378479 41.57649046927691 7.371719986200333 32.37050810456276 9.740957960486412 0.711214542388916 15.49188131093979 5.995628222823143 3.262294352054596
31.03807548433542 1230.321100287139 3182.690274305642 21.77835918217897 253.1929494589567 4.450719356536865 99.19210956990719 0 852.7192208096385 26.52443438023329 2514.352730251849 82.40788973867893 463.7931240648031 775.3734427317977 87.49100638926029 45.38053029030561 2.563588701188564 4.669303499162197 0.5839196741580963 75.76199647039175 144.623996309936 0.2852257043123245 51.37773633748293 7.950955219566822 16.04833444207907 8.796210072934628 4.486419856548309 5.908731430768967 3.109922342002392 3.722565650939941 1675.895489424467 980.1910310462117 54.84853961318731 18.84815091639757 49.11225874722004 29.23380265384912 85.5679823756218 7.733628526329994 22.2097831889987 5.714059419929981 30.53314518928528 19.44212137907743 8.106251612305641 13.93438365310431 14.60543105751276 27.00993175804615 169.3366380855441 2.562850870192051 1.879466876387596 7.608386188745499 1.495276212692261 0.5512670651078224 1.661911159753799 4.037759080529213 3.431916184723377 10.52555497735739 45.47541752457619 466.8346658796072 28.40586856752634 39.77917217463255 130.6181699633598 137.0933432653546 39.44659949094057 319.7447440996766 1.855037815868855 2.194586277008057 1.789729379117489 0.761840894818306 5.140488184988499 46.49112313985825 147.6510726436973 19.31489928811789 0.1093874722719193 127.4495267421007 179.3112638369203 107.739072330296 139.694378271699 84.38274014741182 1176.905558139086 1588.687917999923 355.7630749121308 1829.46387437731 7.771012157201767 2.908188685774803 1.306509271264076 2.743690840899944 3.945371873676777 0 0.5892856642603874 0.4914402514696121 0.5060848891735077 1.559316501021385 20.11926206201315 6.414405062794685 13.1728171184659 172.9838904067874 23.64708421379328 1.06669394671917 9.858632959425449 16.46050647646189 0.4876618236303329 0.2041654288768768 2.252518892288208 0 2.692039474844933 5.05123470723629 0.1683539152145386 2.639884054660797 0.6965360939502716 1.301445037126541 4.013751849532127 10.88977843523026 6.913048803806305 12.73447427153587 9.206807225942612 0.1727719008922577 0.2251555472612381 0 0 0.2940299659967422 0 0.3821841850876808 0 0.1132842302322388 0 0 0 0 0.184484988451004 0.1633845418691635 0 0.213927760720253 0.7742764502763748 0 1.727164231240749 0.6029014736413956 0.1228546351194382 0 0.3643945977091789 9.832279965281487 1.011887475848198 1.007863283157349 1.443960227072239 1.147060327231884 0.2932907193899155 0.1086672022938728 0.478277325630188 0 0.1008289456367493 0.4654034748673439 0 0 1.909866124391556 0 0 0.3340300619602203 0.493429571390152 1.357388332486153 0 0 0.1058673039078712 1.319484859704971 0.6002928093075752 0 0.4835471957921982 0 8.68874254822731 0.2218334525823593 0.1479552835226059 0.2533314004540443 0 0 0.1395357251167297 0 0 1.267877951264381 23.77525620162487 0 0 0 1.112716652452946 4.218289613723755 1.401538088917732 2.820414200425148 0.4353882446885109 1.385917097330093 2.006708465516567 0.839533843100071 0.7427711263298988 0.1801966428756714 0 0 0 0 0.1053047701716423 0.4250743836164474 0 10.2945209145546 17.83814793080091 12.67489642649889 171.2789508402348 18.87937293946743 223.5448133051395 55.80935423076153 76.63776798546314 32.63143765926361 8.922934345901012 43.26837927103043 9.371219612658024 0.3070949465036392 6.382805518805981 0.8677942082285881 3.104801699519157 0.7333386838436127 0.2784121334552765 2.058796927332878 2.052939191460609 0.4089187681674957
40.41091348230839 3170.900488264859 385.6193997189403 58.54744906723499 5866.552077330649 3.369986459612846 3442.547844193876 852.7192208096385 0 143.48123075068 2292.058466434479 16.69690702855587 3044.188487023115 857.4339953735471 65.97018852829933 8.155762739479542 0.4905424565076828 0.2430364042520523 0 0.8195670917630196 0.3588706701993942 0 0.1461351215839386 0.1835749000310898 0.2101745083928108 0.4641541391611099 0.12770114839077 1.715397492051125 1.1249675527215 0.4692561328411102 243.0763895064592 31.79180041700602 6.411503195762634 0.1031997948884964 0 0.114169217646122 5.742995694279671 0.2091250866651535 1.970366671681404 0.1209437102079391 0.4832817018032074 0.1757242679595947 0.5160848051309586 2.019793607294559 0 0.4789030328392982 327.8794116973877 2.447030700743198 0.4055190160870552 0.4031762629747391 0.2135887145996094 0.1949112117290497 0 0.9697526916861534 4.24663282930851 20.24502342194319 30.20104211568832 138.9186122193933 25.88915638625622 72.48775447905064 0.411550834774971 1.108478009700775 0.3237815126776695 61.5782310962677 4.396339885890484 2.805863358080387 0.3757995218038559 0.8082056194543839 1.554508566856384 0.4570126906037331 21.05006901919842 11.6655271500349 0 137.2288690730929 136.374057687819 148.3852613419294 67.09146251529455 5.480340279638767 7.261202149093151 12.99006734788418 1.899441905319691 4.700518481433392 10.93180482834578 4.966973550617695 4.234552912414074 5.481806941330433 3.36464000493288 0.08715659379959106 0.7013483121991158 0 0.1086280941963196 1.138793513178825 0.4487311616539955 0.2859898060560226 0.5492359399795532 116.7581789642572 4.873861610889435 0 2.225445121526718 9.146900609135628 1.109575033187866 0 1.45422126352787 2.303158432245255 1.371420308947563 14.99254232645035 1.862103849649429 4.703809589147568 5.220377847552299 10.9731257557869 8.087158694863319 41.50894175469875 26.41931194067001 31.42985497415066 20.39546799659729 1.661106437444687 0.8158069401979446 0 0 0 0 0 0 0 0 0 0 0 0 0 0 0 0 0 4.449674993753433 1.599181830883026 0 0 0.3666986227035522 17.92066931724548 0.7115747630596161 5.215693220496178 1.550605088472366 0.444867730140686 0 0 0 0 1.619363695383072 0 0.3491548001766205 0 5.843396380543709 0 0 0 0.314260333776474 0 0 0.4636080116033554 0 0 1.805172398686409 0 0.2312175333499908 0.3672652244567871 13.10916098952293 1.794568955898285 0.3959798514842987 0 0 0 0 0 0 0 58.83150285482407 0.73719322681427 0 0 0.1047324761748314 5.095988482236862 2.212890818715096 3.016743510961533 1.366268545389175 2.266090609133244 3.294814981520176 0.5606029629707336 1.102101936936378 0 0 0 0 0 0.09949016571044922 0 0 36.73176021873951 27.47477672994137 29.75484591722488 348.4355427846313 34.48782471567392 472.6224206164479 104.8845551908016 222.6645999252796 82.07721378654242 17.22790322452784 93.06928733736277 15.95653825998306 0.5254205912351608 11.41658599674702 1.430912330746651 8.04657669365406 0.8950187712907791 0.2598473951220512 4.984401881694794 2.916424989700317 1.44831757247448
2163.890580743551 462.1625386252999 29.44730516523123 2029.54509306699 34.4386840686202 742.0208077430725 1388.132670193911 26.52443438023329 143.48123075068 0 68.45911350846291 1571.485718667507 3870.724946938455 749.2175727635622 19.2817804068327 3.756656102836132 0.4397088587284088 0.1002337262034416 0 0.3391904681921005 0.3852643594145775 0.2362824380397797 0.1043525263667107 0.1034747436642647 0 0 0 0.4419019147753716 0.1764795631170273 0 41.02006451785564 2.56476803123951 5.695275157690048 0 0 0 11.7873462960124 0 2.343678615987301 0 0 0 0 0.8779365047812462 0.2854904532432556 0.5167944878339767 145.7958061546087 1.049577184021473 0.5715391337871552 0.08580701798200607 0.3874364420771599 1.951414704322815 0 0.2898479551076889 4.293771460652351 13.87503334879875 43.33644433319569 79.21980285644531 23.60827480256557 27.90804726630449 0.1345432996749878 0.7509992569684982 0 16.76665928959846 2.533062852919102 1.539320074021816 0.5269864723086357 0.3303399160504341 1.434229791164398 0.2463685870170593 117.4806381762028 36.43949422240257 0.3368921875953674 70.9305118098855 42.91908986866474 44.59788037836552 19.08985062688589 0.9454082474112511 0.7624652683734894 7.771014057099819 1.133848577737808 1.895982123911381 7.674491077661514 3.585302725434303 1.398090988397598 3.098364174365997 1.392483502626419 0.4760338515043259 1.199387289583683 0.3323884308338165 0 1.67927847802639 0.2262728661298752 0.2647215574979782 0.9715001508593559 1643.195822015405 68.01611997187138 5.75326757133007 3.002867296338081 223.111918322742 4.829338118433952 6.628466159105301 12.15005092322826 7.280784770846367 6.411202177405357 116.8474489375949 24.45087206363678 15.81814600527287 43.22824420034885 98.18401202559471 14.22588707506657 174.4622888565063 131.9503711014986 122.3013709485531 31.46424278616905 0 0.5351123958826065 0 0 0 0 0 0 0 0.7892699837684631 0.1515645533800125 0 0 0.1598227620124817 0 0 0 0 0.3859740197658539 14.18151642382145 1.363095343112946 0 0.673975944519043 0 50.80847816169262 1.650787115097046 5.616195127367973 3.120739072561264 0 0 0.2556584775447845 0 0 0.1365887671709061 0.1777088046073914 0 2.100960731506348 12.34897273033857 0 0.1274183094501495 0 0 0 0 0.7197277620434761 0 0.7442416399717331 2.323288112878799 0 0.7649613320827484 0.3312049508094788 32.89122053980827 0.1155140846967697 0.3772286772727966 0 0 0.1325191408395767 0 0 0 0 115.6879359334707 0.2788982093334198 0 0 0 9.852041840553284 4.794906556606293 4.143869906663895 5.832077644765377 4.001333273947239 2.947691075503826 1.583919167518616 4.448288932442665 0.5482399091124535 0 0 0 0.12901970744133 0 0 0.1597417891025543 100.0034998059273 45.43164418637753 42.12809758633375 285.7435712441802 12.50112980604172 348.9241131916642 58.67649102956057 1219.943314537406 44.08352357894182 10.4957911670208 76.80298392474651 21.5481296107173 0 22.52114854753017 3.471594765782356 50.11860297620296 4.481765031814575 0 11.45187820494175 21.01848734915257 0
266.962711147964 8094.405296303332 3114.967176355422 209.6995386406779 1364.617930881679 24.97071697562933 439.085803501308 2514.352730251849 2292.058466434479 68.45911350846291 0 270.1069821119308 3369.199257418513 4684.033921703696 119.1471724957228 42.6718805283308 1.274739339947701 0.3864710628986359 0.2161392569541931 2.57390421628952 8.083333104848862 0 3.157409243285656 0.1540818065404892 3.425246462225914 2.039260238409042 0.5145129188895226 1.350308530032635 0.7163142561912537 0.4384317398071289 1124.12516283989 167.6062107458711 714.8758385702968 0.5010916888713837 3.429233491420746 9.452935248613358 565.7293003797531 1.42021419107914 34.36914452165365 1.394909352064133 5.228326767683029 3.900259330868721 0.8731174170970917 10.08495346456766 0.4580776765942574 1.706787042319775 228.6776427552104 3.102850340306759 0.7627416104078293 0.8573189675807953 1.487205468118191 0 0 2.131957858800888 5.133184269070625 24.43272012472153 76.5972555950284 465.8207694888115 42.67487486451864 62.14703814685345 5.268996030092239 6.09842212498188 2.11577557772398 68.64275319129229 4.584400869905949 2.636488452553749 0.6864807903766632 1.586184114217758 0.9782402962446213 1.116633117198944 706.3684908673167 39.28206700086594 0.2136268764734268 191.8073853701353 122.1738763004541 162.1188826262951 94.39296024292707 19.93658822774887 355.9661311879754 481.5498970001936 8.725956209003925 50.20696882903576 14.1657317429781 5.41734379529953 3.019049055874348 6.857058897614479 3.441306300461292 0.343540258705616 0.498749852180481 0.3511286079883575 0.2397555634379387 0.1128517538309097 1.297414995729923 0.1591870486736298 2.891955137252808 389.0676398277283 65.8013780862093 0.871986448764801 7.872804164886475 77.1468246653676 1.525229960680008 0.4793632030487061 0.7519258856773376 0.2605011165142059 3.825904786586761 9.428655236959457 0.2246059030294418 3.290992736816406 2.505608707666397 7.600940614938736 6.088380798697472 23.50350904464722 18.71307450532913 19.51984459161758 15.35982637107372 1.189809702336788 0 0 1.170457571744919 0.1374676823616028 0 0.5633337497711182 0 0 0 0 0 0.4066464900970459 0.2185146510601044 0 0 0.3622537776827812 0.1330590397119522 0 3.042006954550743 3.892028883099556 0.1248679086565971 0 0.2682481706142426 16.58492004871368 0.4012899696826935 5.472968354821205 2.803075656294823 0.12169449031353 0 0 0 0 0 0.6241327375173569 0.1743145734071732 0.1547256261110306 6.487525835633278 0 0 0 0.9898426532745361 0 0 0.1096797958016396 0 0.1511420905590057 0.6150384321808815 0 0 1.068412899971008 17.99726945161819 0.8307049870491028 0.7994174361228943 0 0.09213849902153015 0 0 0 0 0 44.89467746019363 1.125090733170509 0 0 0 7.478265628218651 5.877670243382454 10.69705818593502 1.69685573130846 1.555156245827675 1.43289927393198 0.613677404820919 1.890298038721085 0 0 0 0 0 0 0 0 33.32967767119408 42.8255403637886 27.02352675050497 205.4236012250185 24.6116204932332 304.5693947598338 86.51734424382448 208.3095734640956 51.61153166741133 18.83756703138351 66.05498488247395 17.36023700237274 0.8215739876031876 14.75457043200731 0.8577283173799515 4.739755570888519 1.300135657191277 0.7404197528958321 8.344627022743225 3.322426289319992 0.7435534447431564
170.7179200202227 57.22241801768541 34.95931601524353 443.2951851636171 2.878212705254555 73.87482498586178 48.56723663210869 82.40788973867893 16.69690702855587 1571.485718667507 270.1069821119308 0 1338.468194276094 368.3170500919223 27.6216816753149 6.69905886054039 0 0 0.1109264343976974 0.1999584883451462 0 0 0 0 0 0.2244228720664978 0 0 0.131046935915947 0.1159807294607162 20.39098975807428 5.726804316043854 12.78483471274376 0 0.2896527796983719 0.1228385120630264 8.291855052113533 0 2.918828010559082 0 0.1650358587503433 0.2363764718174934 0.1427830308675766 0.7690244019031525 0 0.1826968789100647 44.42206080257893 0.129621684551239 0 0 0.08261957764625549 0 0 0 1.143353216350079 2.431335359811783 6.432422779500484 12.86776784807444 2.542863085865974 8.737602382898331 0.1567471772432327 0.1438790559768677 0 5.996257483959198 0.2672770395874977 0.4288603737950325 0.2127084657549858 0 0 0.125262439250946 61.89768865704536 27.57083958387375 0.1617294996976852 12.51302985101938 17.79228959232569 25.88148627430201 19.13008635491133 2.399445086717606 2.541482925415039 7.397800713777542 0.8373991623520851 0.5204489454627037 0.8265621811151505 0.7853399887681007 0.112777553498745 0.50278639793396 0.9734183177351952 0.4380751848220825 0 0.1349653005599976 0 0 0 0 0.1278433203697205 1964.989391729236 31.6474427729845 0.2618500292301178 2.993349850177765 38.53943704068661 6.503561317920685 6.799677729606628 5.536296561360359 5.490775749087334 9.040532276034355 80.33430057764053 10.81601457297802 25.47134703397751 24.81414057314396 62.06452429294586 26.7474622130394 173.848711758852 125.7004388570786 127.4541481137276 56.86921624839306 3.620671570301056 0.6240750551223755 0 0.5877725481987 0 0 0 0 0 0 0 0 0.7725692987442017 0.6395699977874756 0 0 0 0 0 10.96088089793921 1.122731983661652 0 0 0.9189383387565613 81.16367557644844 0.583000123500824 6.511311426758766 6.030712485313416 0 0 0 0.4076380431652069 0 0.5931500196456909 0.2983675003051758 0 2.740366615355015 16.68833434581757 0.2214390188455582 0 0.4229739010334015 1.017253533005714 0 0.2469927594065666 0.3713201358914375 0 2.627026759088039 3.972752742469311 0.8073512315750122 0.8950344920158386 1.664689153432846 29.45665796101093 0.5129697918891907 2.812093824148178 0.4196921288967133 0 0 0 0 0 0 164.175901144743 0 0 0 0.1660425662994385 9.586347013711929 4.591430574655533 7.828045889735222 4.871572524309158 5.542817212641239 7.852239578962326 2.937550932168961 3.961641609668732 0.5198963582515717 0.1320346593856812 0 0 0.3258554637432098 0 0 0 121.7465155422688 71.81055349856615 51.31723663210869 115.4441122189164 6.366600878536701 86.10242427885532 26.90293056517839 134.9452371820807 14.48555017262697 3.049669496715069 35.7632313221693 33.72618246078491 0.590696781873703 43.22578825056553 3.834513694047928 37.55489747971296 5.478215843439102 0.7775819897651672 6.832941889762878 0.7830205410718918 0
147.4121836423874 355.8305953815579 296.7397087216377 1562.505750820041 558.4379367008805 55.10375452041626 850.3081514164805 463.7931240648031 3044.188487023115 3870.724946938455 3369.199257418513 1338.468194276094 0 4559.59736455977 158.7050622105598 39.001515224576 0.7204285860061646 0.4283752143383026 0 1.546702422201633 1.884942516684532 0.1702483147382736 0.6430230885744095 0 0.3006492406129837 0.8217769116163254 0.292435884475708 0.905405655503273 0.1172345355153084 0.1883896291255951 155.5357997864485 43.28117606043816 408.2968029528856 0.2417337968945503 0.432142361998558 0.4826500564813614 28.02630251646042 0.6284648180007935 2.79313051700592 0.3086242377758026 1.128537535667419 2.711814388632774 0.6941570714116096 7.369701161980629 0.2582005858421326 0.4479125440120697 395.2564956024289 3.017040967941284 0.6479424759745598 0.7798199281096458 1.29148081690073 0.2018162459135056 0 0.8120641484856606 4.061725467443466 14.96397262811661 28.21086647361517 99.15058111399412 22.89198303967714 80.77178612351418 0.9269990175962448 6.272255800664425 0.1540889292955399 60.84771701693535 3.341825008392334 1.773698747158051 0.6284886300563812 0.3042561635375023 2.150509335100651 0.43777135014534 204.6321029141545 56.39390367269516 0.2611968070268631 120.7004904448986 130.0414727404714 214.2156423032284 123.0746390894055 17.50828740000725 20.31610687822104 157.901932708919 4.617514178156853 7.035652801394463 10.59662225842476 5.039981119334698 2.137654207646847 3.392476804554462 5.123202227056026 0.1965048313140869 0.9865877032279968 0.4265560954809189 0 0.8496915325522423 0.9143360480666161 0.1632239520549774 2.872182160615921 3135.862783923745 48.84281807392836 1.486482799053192 4.989561177790165 31.43067660927773 8.854737646877766 8.703259870409966 12.02591134607792 9.638718947768211 14.9074512720108 135.7026913687587 21.14880394935608 36.69508969783783 56.37893457710743 98.15115001797676 56.31420108675957 274.7382313013077 199.914014518261 220.7597147226334 105.0867023319006 4.624385520815849 3.965631157159805 0 1.225878164172173 0.3886018693447113 0 0.9335789084434509 0 0 0.9248993396759033 0 0 0 0 0 0.3697876632213593 0.1223247423768044 0.1426200270652771 0 19.13100887835026 18.56638304889202 0 0.9194795787334442 3.650405466556549 132.6836514770985 1.097809866070747 23.29578773677349 14.19729439914227 1.493958204984665 0 0.4301767945289612 0 0.5714016109704971 2.839778125286102 2.091769933700562 0.1522576212882996 3.570690393447876 29.13472386449575 0.3900774270296097 0 0 1.993451625108719 0 0.3099225759506226 0.5530326813459396 0 2.743027903139591 6.213366560637951 0.5024923235177994 1.872690781950951 1.44343988597393 86.67846076190472 1.502835787832737 1.272022023797035 0.919114351272583 0 0 0.1623717099428177 0 0 0 340.156500056386 3.374555051326752 0 0 0.1878639757633209 28.46757647395134 16.15322996675968 24.53926853835583 12.38826415687799 11.56919947266579 16.18852566927671 4.235909059643745 8.345602534711361 0.1668691337108612 0.09202083200216293 0.1537916511297226 0 0 0 0 0 225.6097082346678 161.8506060093641 123.6417392790318 598.4007824510336 44.16790543496609 565.3163442984223 185.7610643431544 290.2997432276607 111.2067713439465 20.75329782068729 164.5915941223502 70.2600547298789 3.303839392960072 84.38157860189676 9.006282448768616 53.69662266969681 9.767546236515045 0.7423505336046219 26.66957627236843 4.925239250063896 1.18524032831192
