0 2129.549818575382 289.5331230089068 1172.860639415681 106.5202115476131 75.90188331902027 392.7313969135284 12.77880068123341 131.4219752326608 1563.865499429405 207.7275221049786 86.00182847678661 342.7435032650828 299.7545120045543 3.435570150613785 1.216599985957146 0.1095354780554771 0.3146349117159843 0 0.1108744889497757 0.09332701563835144 0 0 0 0.1490579545497894 0.1006279736757278 0.111220970749855 0.2783465087413788 0.1131742671132088 0 711.903012059629 0 4.465775325894356 0 0 0 0.4698403999209404 0 0.188807800412178 0.1868613734841347 0.2515285015106201 0.5325315371155739 0 0.6398321315646172 0.2943656221032143 0 49.86622334271669 5.966094270348549 0.6856118962168694 0.5669388100504875 0.6548310145735741 0 0.5548986941576004 0 22.90540375560522 30.06658537685871 526.9349713921547 916.5289951860905 51.38498259335756 45.33388436585665 0 0.1838911771774292 0 1.370103791356087 26.24073067307472 3.412148207426071 2.280253350734711 1.894057542085648 0.208113320171833 0 3.665563821792603 1.885589800775051 0 330.8457040265203 62.36072910577059 38.63088186085224 3.096489772200584 1.900280952453613 12.15532766282558 75.37973380088806 0 0.8307194635272026 47.10242740064859 1.616540931165218 5.77475905418396 5.949114479124546 4.181756213307381 0.4132930189371109 2.25546695291996 0.1540044993162155 0.3450919017195702 0.2356575429439545 0 0.102190375328064 0 54.52232953906059 2.337597548961639 0.2571413293480873 0 1630.279365859926 0.6150824427604675 1.716689795255661 0.3339558243751526 0.47885961830616 0.80440753698349 10.97551818192005 0 2.67965529859066 83.25656387209892 1.105251461267471 1.273756876587868 7.735632583498955 6.728796899318695 4.825030878186226 1.174856260418892 0 0.6112279146909714 0.3062989115715027 0 0 0 0 0 0 0 0 0 0.2997530400753021 0 0 0 0 0 0 1.268689930438995 0 0 0.230266347527504 0 1.003143757581711 0.1701826602220535 1.207659214735031 0.09960916638374329 0.3418627679347992 0 0 0 0 0 0.2653141915798187 0 0.1607686579227448 0 0 0.1343221813440323 0 0 0 0 0 0 0 0 0 0.178026482462883 0 2.47527888417244 0 0 0 0 0 0 0 0 0 4.588006474077702 0 0 0 0.1526188850402832 0.1872448027133942 0.2761773467063904 0.4519853442907333 0 0.4618234485387802 0.1691675633192062 0 0.1131089702248573 0 0 0 0 0 0 0 0 1.591886878013611 0.144440546631813 0.5600234568119049 78.38094038516283 38.89984979480505 197.2377954646945 22.8763150125742 1924.195940099657 107.8865369483829 4.106124363839626 28.82552671432495 4.91932238638401 0 0.7763533741235733 0.3824346661567688 11.70513807237148 0.4290242940187454 0 0.7823256254196167 1.073677614331245 0
2129.549818575382 0 1642.062944702804 110.4887420237064 1947.959414623678 83.656250461936 1456.595354281366 168.146567068994 1228.858883462846 302.5850507318974 983.8468375504017 66.2116534113884 795.3150280043483 1239.167069725692 38.65320091694593 5.751658841967583 1.534909576177597 0.4045760631561279 0 0.3342789486050606 0.8185313269495964 0.1686928570270538 0.2042410001158714 0.7362834885716438 2.178415633738041 0.87505242228508 0.1177776008844376 1.171253345906734 0.2435049414634705 0.08193058520555496 3016.868994221091 3.80345107614994 15.13545098155737 0 0.1192460507154465 1.224795900285244 0.6122832000255585 0.8577748686075211 1.783007606863976 0.8582489863038063 0.6338413208723068 2.403075061738491 0 0.7807712554931641 0.2371752485632896 0.6298580542206764 394.1759723350406 19.48368569463491 2.345402650535107 1.542687468230724 0.8074542060494423 1.199169516563416 0.4018988981842995 0.8344210013747215 50.56432225555182 61.58780305832624 96.26004657149315 512.475630030036 20.59868682175875 124.1743215098977 0.6513103544712067 1.835289746522903 0.5518181473016739 6.437059350311756 57.94159830361605 8.713921263813972 6.059625446796417 5.062843903899193 1.403060659766197 0.09794778376817703 18.15906098484993 1.976984575390816 0 328.283817961812 177.7160478308797 256.6522202938795 29.82955387979746 10.16261482983828 57.38108076155186 278.6937643513083 1.574662640690804 16.5648428350687 123.0831647962332 4.522096544504166 19.68240958452225 13.99714489281178 17.08259556442499 0.8069468289613724 2.686815544962883 0.4258528202772141 1.958034358918667 0.9921842142939568 0.2911664545536041 0.9417745769023895 0.7648851349949837 95.08360078930855 1.061746060848236 0.1525598168373108 0.6417109817266464 752.8238397687674 0 1.589435145258904 0.4036834537982941 0 0 16.59763880074024 0.3093300759792328 5.474732041358948 11.77574947476387 1.049564480781555 1.870095759630203 14.37274892628193 18.67555806040764 8.715130671858788 3.416827097535133 0 0.3923764675855637 0 0.3468815684318542 0 0 0 0 0 0 0 0 0 0 0.3863019347190857 0.2286953032016754 0 0 0 0 0.1970986127853394 0 1.387252286076546 0 1.310599803924561 1.971976965665817 2.558106064796448 1.231890112161636 0.7342103272676468 0 0.1838533580303192 0 0.4129539281129837 0.6195201277732849 0 0 0.1392634212970734 0.1184084042906761 0 0 0 0 0 0.1991299986839294 0 0.09860464930534363 0 1.036142125725746 0 0.5746391415596008 0 3.473559394478798 0 0 0 0 0 0 0 0.116233617067337 0 9.522919081151485 0 0.1044802963733673 0.1476439833641052 0.3737815469503403 0.9516563713550568 1.163925275206566 1.364053055644035 0 0.3022471070289612 0 0.4776945412158966 0.5642320364713669 0.1118104681372643 0 0 0 0.1029458269476891 0 0.1635824143886566 0.0993039533495903 4.570744067430496 0.3404511511325836 0.7965783476829529 260.0653718486428 114.4630995169282 996.7604182511568 144.9055993109941 2605.741344496608 201.9615249112248 9.956673450767994 276.2533470392227 11.79094480723143 0.1764853149652481 1.379754737019539 0 17.52119454741478 0 0 0.7236538976430893 5.343412593007088 0.2031870484352112
289.5331230089068 1642.062944702804 0 0.9681256338953972 635.8592919111252 1.176407814025879 61.28426578640938 4960.044377490878 555.3725319430232 2.014780789613724 2814.201231978834 19.40288095921278 271.3865307793021 783.6168215125799 36.31020697951317 41.96219757199287 20.46367210894823 33.2508428171277 18.35035090893507 86.3969177827239 173.0051440224051 0.4714509323239326 13.21649551391602 23.67814067006111 103.8851232603192 27.40639445185661 3.409192748367786 12.70051454007626 3.426132991909981 0.7299645245075226 4286.325770564377 203.0271653160453 36.09623459726572 29.47584060579538 62.74886231124401 127.4214644730091 14.01245597749949 23.30822297185659 15.95206923782825 33.45016305148602 75.15709789097309 7.081635162234306 24.59435096383095 51.35650745034218 86.46320138126612 49.72123801708221 253.4030552282929 24.26864375174046 10.17462525516748 22.89178767055273 3.002980701625347 1.984346084296703 2.148070923984051 2.196064986288548 40.08446729183197 47.78490914404392 104.0676250755787 1930.493557207286 31.43313890695572 145.9942492619157 41.7891603782773 39.07383500039577 72.76092661172152 39.2402632907033 53.04282526671886 12.6853236630559 6.219018153846264 23.79875200241804 48.20416142046452 60.46655477583408 19.07062749564648 11.06968481093645 0.1709512621164322 703.0471618697047 511.2078023329377 280.7917665094137 50.40290036052465 52.96976257860661 1824.050835087895 1908.666734755039 294.4053379744291 1224.157161280513 113.2554444745183 3.137385994195938 22.18701103329659 11.13974752277136 36.90889804065228 0.7135477811098099 3.971043810248375 0.2101443335413933 6.035227790474892 2.42688400298357 17.19385895878077 5.323490627110004 0.9230405688285828 14.10825879126787 12.87484635412693 0.1322604119777679 11.28727355599403 327.0692658349872 0.1629946827888489 0.8994711488485336 0 0 0 2.086469560861588 0.1294584274291992 0.5533157289028168 0 0.277499258518219 2.257547244429588 1.899112060666084 2.803866565227509 4.432775929570198 3.4914485886693 0.1243720054626465 2.999284684658051 0 0.844363272190094 0 0 0 0.4464492946863174 0 0.137376606464386 0.4924992918968201 0 1.683612778782845 2.103870697319508 0.1444758176803589 1.891624957323074 0.1425701677799225 3.619852513074875 0 3.263453103601933 0 0.1323886066675186 3.128026336431503 0.1230827271938324 4.073229551315308 3.593317046761513 7.125644490122795 4.539962083101273 3.650008358061314 0.2422088533639908 0.5744872093200684 0.6771565973758698 0.7720402777194977 1.213705256581306 1.703564807772636 0 0.2735605239868164 0.8661514222621918 0 0.09023997932672501 0.8524323180317879 1.242026619613171 0.7051649689674377 0 0.13343246281147 0 0 1.005627855658531 0 0.3423513621091843 0.9994215965270996 6.429095558822155 0.7922154515981674 0 0 0 0 0.4714832231402397 0.5525058060884476 0.1483429968357086 0 18.76225330680609 1.415312178432941 0 1.123475551605225 0.3802461326122284 0.6595623344182968 3.823136642575264 4.304497934877872 0 1.35623599588871 0.1399970650672913 0 0.7735317647457123 0 0 0 0 0.5181458964943886 0.5668136179447174 0.1256020367145538 0 4.488535538315773 2.733485318720341 6.410839185118675 166.9710314422846 120.5413387864828 518.537047944963 82.8034221380949 481.3383562639356 135.4399885684252 11.27284632623196 88.26187465339899 11.58898044377565 0.2367378622293472 2.810712173581123 0.3447821736335754 4.203416541218758 0.2656406462192535 0.4293190389871597 2.922514915466309 5.816521443426609 0.4203327223658562
1172.860639415681 110.4887420237064 0.9681256338953972 0 36.24342688173056 314.0001291781664 278.8960756137967 0 39.36678720265627 1190.683054387569 0.09147661924362183 408.6944518983364 1060.902467124164 53.49203711748123 1.511421516537666 0.4489744007587433 0 0.4158851206302643 0 0 0 0 0 0 0 0 0 0 0 0 32.01293005794287 0 0 0 0 0 0 0 0 0 0.539333388209343 0.2450189143419266 0 0 0.09255675971508026 0.2405026629567146 25.44584489613771 2.843849249184132 0.7005529478192329 0.4795533418655396 0.151481568813324 0 0 0 11.46446931362152 11.53270074725151 55.60102037340403 120.8870442658663 11.72521583735943 18.81245427578688 0 0 0 0.32514688372612 9.706832766532898 1.380951680243015 0.3721489459276199 0.8139945939183235 0.5974248051643372 0 7.168193221092224 1.891244664788246 0 89.19841589778662 19.15247943997383 19.1631151214242 0.5968149751424789 0 0 0 0.2061084359884262 0.1090447753667831 25.36878773570061 0.3899556845426559 1.642684154212475 2.282587178051472 1.453748300671577 0.08868219703435898 0.6499029621481895 0 0 0.2725313305854797 0 0.4718924462795258 0.106517530977726 265.9069835394621 0.264938622713089 0 0 415.2256249561906 0 1.573950216174126 0.5662100911140442 0.8188170045614243 0 11.71915689110756 0 3.403987914323807 59.5719014108181 1.21698260307312 0.3214434683322906 8.616718575358391 7.664615422487259 4.464795604348183 0.1430239230394363 0 0.4027864634990692 0 0 0 0.1558476090431213 0 0 0 0 0 0 0 0 0 0 0.3570739328861237 0 0 1.157648950815201 0 0 0.2458796799182892 0 0.5675451308488846 0.156905859708786 0.6884203404188156 0.1429403573274612 0 0.1483627259731293 0 0 0 0 0 0 0.1741309314966202 0.1221291199326515 0 0 0 0 0 0 0 0 0 0.2456850558519363 0 0 0 1.830341249704361 0.3859997689723969 0 0 0 0 0 0.1138845235109329 0 0 3.547529391944408 0 0 0 0 0.1861356049776077 0.8828409463167191 1.52857768535614 0 0.4733875840902328 0.1747162193059921 0 0 0 0 0 0 0 0 0 0 1.628193750977516 0 0.772487998008728 40.72711787372828 15.69652046263218 106.3020753636956 14.63400172442198 1225.339867733419 44.03121054172516 2.78335914760828 18.00655428320169 2.909678816795349 0 1.169365420937538 0 5.699166595935822 0 0 0.4822481423616409 0 0
106.5202115476131 1947.959414623678 635.8592919111252 36.24342688173056 0 23.54681308567524 2833.490147814155 36.03888281434774 7721.973548673093 108.7553812265396 433.9853582829237 13.52220842242241 496.2421414852142 784.7624811306596 32.75177122652531 3.45648830384016 2.915888249874115 0.408585324883461 0.466477207839489 0 0.273096427321434 0 0.1283606439828873 0 0.464341826736927 0.4656130969524384 0.120090052485466 0.1592129170894623 0.1063257902860641 0 107.169778354466 2.913308143615723 3.211370527744293 0 0 0.118687629699707 0.2365251481533051 0.1400665044784546 0.2694730088114738 0.5167721807956696 0.6776712909340858 1.106074064970016 0.1532464772462845 0 0.2977969944477081 0.2806909382343292 283.5393123105168 9.43813993036747 0.922120526432991 0.9561627730727196 0.895288959145546 1.079516313970089 0.1546066701412201 0.9349395036697388 14.78815098851919 19.94239240139723 6.399533629417419 57.16119190305471 2.543911926448345 54.87480547279119 0.3951596543192863 0.7738350182771683 0 11.10251765698195 16.88243386149406 3.594194523990154 2.526822529733181 1.990704216063023 0.8906512334942818 0 12.39643910527229 2.368284247815609 0.2006991505622864 92.60012095421553 77.02871952205896 201.2347911521792 40.96581397950649 14.98662783950567 16.18804810941219 32.39677904546261 0.5602726563811302 5.131582617759705 37.23541507869959 0.9976083636283875 8.155156128108501 4.991687752306461 7.366202034056187 0.3158926665782928 0.5551581755280495 0 0.596111387014389 1.026557743549347 0 0.6389821916818619 0.80501639097929 206.512596771121 0.2088614404201508 0 0.7966091930866241 17.82596511393785 1.700778618454933 4.342145532369614 0.4249492138624191 1.028061166405678 0.1872654110193253 58.7997147589922 0 17.93080638349056 10.22576247155666 2.98449344933033 7.913254708051682 51.83938629925251 46.12220250070095 25.36687026917934 13.38836582750082 0.9987205266952515 1.857364803552628 0 0 0 0 0.188262864947319 0 0.140390008687973 0.33962082862854 0 0 1.169352248311043 1.292502254247665 0 0.206336185336113 0.1091400310397148 0 0 3.714863382279873 0.7869125604629517 0 1.70898748934269 0 1.318003460764885 1.729066237807274 3.914311587810516 1.611494481563568 0 0 0.3336567282676697 0.1470292210578918 0.6385442763566971 0.1952507793903351 0.2923214435577393 0 0.698707789182663 0.6238575577735901 0 0 0.2659797668457031 0 0 0 0 0 0 1.705216005444527 0 1.47453148663044 2.278791829943657 11.60954190045595 0 0.1566208153963089 0 0 0.1675122529268265 0.3657911568880081 0 0 0 38.40837693214417 0.1167361661791801 0 0.276094987988472 0.2289293333888054 2.931601330637932 4.057486012578011 7.08898339420557 0.3688205033540726 1.537561178207397 1.275869980454445 0.2155123502016068 1.03646431863308 0 0 0 0 0 0.3059259951114655 0 0 18.59650186449289 1.066739216446877 3.215281546115875 217.4763119891286 70.26658771932125 680.4113709256053 146.2552275583148 425.1597287282348 106.3206619918346 5.664076335728168 240.3220345526934 18.16735020279884 0.07182610780000687 6.549799501895905 0 48.77257341146469 1.940320730209351 0 3.393633782863617 4.799308389425278 0.8637021780014038
75.90188331902027 83.656250461936 1.176407814025879 314.0001291781664 23.54681308567524 0 102.0145531222224 0 18.48175163567066 679.6086405813694 0.2984205186367035 123.6734214872122 176.6355983987451 20.726691827178 0 0 0 0 0 0 0 0.8366245478391647 0 0 0 0 0 0 0 0 1.362982630729675 0 2.281466737389565 0 0 0 0.5493024587631226 0 0.8998133540153503 0 0 0 0 0 0 0 0.2202361300587654 0 0 0 0.3823847770690918 3.274248749017715 0.3048336207866669 0.2980624139308929 0 0.4305294156074524 194.8589826971292 25.5286490470171 3.425500795245171 0.3368933498859406 0 0.1850292086601257 0 0 0.1057134345173836 0 0 0 0 0 42.10440512001514 145.8988195955753 0.7548882365226746 1.709243528544903 0 0.3570132628083229 0.3118938505649567 0 0 3.493911445140839 0 0 0.2227414399385452 0.6062625497579575 0 0 0 0.5692474395036697 0.2356670945882797 2.001133874058723 0.3554184138774872 1.123319908976555 0 0 0 83.43107856810093 9.089127063751221 2.273159950971603 8.10186479985714 508.8353957086802 0 0 0 0 0 1.117105752229691 0 0.3027209639549255 17.60983356833458 0.7758773565292358 0.2847546339035034 1.006777122616768 1.010263249278069 0.5241148173809052 0.5558731853961945 0 0 0 0 0 0 0 0 0 0 0.3009671866893768 0 0.2403589338064194 0 0 0.6421502232551575 0.2933354079723358 0.2357661873102188 0.3882492929697037 1.076621621847153 0 0 0.4051455557346344 0 0.1856888234615326 0 2.706440627574921 2.472600266337395 1.58063593506813 0.7135472893714905 0 0 0 0 0.3068360686302185 0 0 0 0 0 0 0.6744751930236816 0 0 0 0 0 0.3429705500602722 0 0.4063246846199036 0.3653365075588226 0.3143488764762878 0.23688705265522 0 0 0 0 0 0 0 0 3.805295303463936 9.068536192178726 0 0 0 0 0 0.2190935015678406 0 0.4896722137928009 0 0.2383190989494324 0 0.1027631983160973 0 0 0 0 0 0 0 3.523085236549377 2.938498213887215 4.157867625355721 0.191983163356781 0.2611968591809273 0.9002676978707314 0 136.2289782315493 8.854688331484795 0 0.267003983259201 1.163869112730026 0 0 0 0 0 0.2128426432609558 1.560483932495117 0 0
392.7313969135284 1456.595354281366 61.28426578640938 278.8960756137967 2833.490147814155 102.0145531222224 0 3.993925891816616 3307.900579579175 1327.602227762341 36.87343783676624 50.81053556501865 2051.390873096883 448.3776962459087 26.96208377182484 6.166389234364033 3.140027992427349 0.4770084843039513 0.2169080600142479 0.1808940768241882 0.1790110766887665 0 0 0.2885118126869202 0.1092386543750763 1.021795086562634 0 0.2271367907524109 0.3831528574228287 0.1225032731890678 52.35729007422924 1.150873705744743 2.179856836795807 0 0.1872852295637131 0.1058480143547058 0.9138492792844772 0.6977209448814392 0.9803489372134209 0.1248343288898468 0.7765496969223022 0.90214554220438 0 1.017083078622818 0 0.5832735076546669 244.4119255393744 8.95470666885376 1.233458705246449 0.5821510404348373 0.6045792326331139 0.7075818181037903 0 0.2721647620201111 14.76191488653421 19.82571236044168 13.26471224427223 48.5043458044529 2.638341575860977 49.25712975114584 0.3833888024091721 0.2508947849273682 0 9.868450090289116 19.37789206951857 2.190538115799427 2.226936101913452 1.770848296582699 0 0 13.45079129934311 3.356151193380356 0.1278842389583588 70.30183988809586 58.10660743713379 158.2922913506627 34.93999301642179 14.11956786364317 0.7728820443153381 10.74806615710258 0.4667789340019226 1.942982897162437 39.32362908869982 0.9265345856547356 6.481672406196594 6.48566722869873 7.631278492510319 0.0869729146361351 0.7489145919680595 0.09124913066625595 0.8994681015610695 0.7270126789808273 0 1.157142721116543 0.9941907748579979 666.6181368008256 1.903823137283325 0 1.10725075751543 58.32331972569227 1.703095696866512 7.459202349185944 3.042705863714218 3.449028998613358 1.713558256626129 132.0977604389191 2.141105309128761 73.66276723146439 42.08585154265165 11.017448797822 18.99639686942101 149.8436023443937 106.8200602456927 50.39212015271187 20.51853454113007 0.3325031995773315 3.249458491802216 0 0.1713254898786545 0 0.1720675230026245 0.2501675486564636 0 0 0 0 0 0.2389093339443207 0.5329848527908325 0.1895048171281815 0.3155356645584106 0 1.393330454826355 0.4305403232574463 5.312361374497414 1.533462718129158 0 4.607043474912643 0.1582877486944199 7.000815264880657 6.202917531132698 5.92893086373806 1.807829141616821 3.359483480453491 0 0 0 2.205464407801628 0.687904566526413 1.78986930847168 0 1.049183867871761 3.151366092264652 0.2242564111948013 0 0.114996962249279 0.8304882645606995 0.5174848064780235 0 0.3142938911914825 0.1694119051098824 0 2.956867545843124 0.5922587364912033 0.1873412430286407 2.173110157251358 22.86829773336649 0.1747201234102249 0.7114324420690536 0 0 0 0.1592476963996887 0.1252036392688751 0 0 70.47052522003651 0.1693883389234543 0.1338114440441132 0.1563766449689865 0 6.144220367074013 5.435613498091698 7.360748715698719 0.1672358810901642 3.625821337103844 2.894783332943916 0.2859804183244705 0.9569953233003616 0 0 0 0 0 0.1283422112464905 0 0 52.32750875502825 3.134892508387566 3.203774571418762 243.1553924754262 65.84058079123497 621.9412706270814 133.5611114948988 765.8810598924756 112.5952836349607 5.39948383718729 246.6187361031771 36.53286914527416 0.2644127011299133 11.29862692207098 1.11231304705143 78.60272714495659 2.715855211019516 0.4635814726352692 7.747285127639771 4.727204263210297 0
12.77880068123341 168.146567068994 4960.044377490878 0 36.03888281434774 0 3.993925891816616 0 100.5021260529757 0.7664636969566345 2289.042264170945 4.914855562150478 52.71395478397608 251.2571150511503 33.55695870518684 39.34053986519575 8.215229354798794 3.231866724789143 3.000064551830292 11.56766740232706 37.06061072647572 0.3196491003036499 5.426136463880539 6.088084951043129 72.71532247960567 17.73042148351669 2.409312546253204 6.885463118553162 0.8961339592933655 0.6893473118543625 852.2064290344715 1643.922957718372 20.90775436908007 8.925918124616146 24.5997344404459 97.89845891296864 10.91281383484602 21.40909192711115 10.76660521328449 30.08745129406452 26.2513128593564 1.496307283639908 2.950846597552299 23.3215453773737 8.969975620508194 14.17513915896416 206.303221128881 3.756685867905617 1.450804755091667 1.986802235245705 0.3667168170213699 1.405867204070091 1.632138758897781 1.711841270327568 8.56514935195446 8.340076595544815 6.763546735048294 109.6410010680556 2.449622146785259 40.47178506851196 40.49966508895159 36.90846452862024 30.97481054067612 240.8058263808489 10.85184352099895 2.011795669794083 1.468842163681984 3.902454197406769 5.404512256383896 5.490902923047543 14.30268517136574 20.05715571343899 0 91.29397381842136 111.2760862931609 168.6325666904449 88.90922544896603 602.1746932193637 1634.218117199838 889.2745898813009 665.8615858107805 1183.791876241565 21.50203842669725 0.3513666838407516 3.495322421193123 1.447837322950363 4.278371721506119 0.1553011983633041 0.5901107117533684 0.1351055502891541 0.9245767220854759 1.153036884963512 3.45391920208931 1.089356236159801 0.09130709618330002 9.743411734700203 11.24802182614803 0.4281439185142517 9.643743753433228 6.279905967414379 0.2637493908405304 0.7998504042625427 0 0 0 2.484772965312004 0 0.4059782922267914 0 0.2148749977350235 2.484663143754005 2.081301018595695 3.305633664131165 2.836872443556786 2.958703055977821 0 1.133171826601028 0 0 0 0 0.1658994555473328 0.2688518762588501 0 0.5289461314678192 0 0 1.65065298974514 0.6503103673458099 0.1110382303595543 1.180445730686188 0.7490255683660507 2.479518309235573 0.1287534385919571 2.233846634626389 0 0 1.337930649518967 0.1610561311244965 6.028312906622887 6.50717493891716 7.732676073908806 4.038855917751789 2.926931351423264 1.012994021177292 0 0 0.5001733154058456 0.7679626643657684 0.6976540088653564 0 0.3947341740131378 0 0 0 0.4170600771903992 0.5245026275515556 0.3440601378679276 0 0 0 0 1.693345919251442 0 0.8077063113451004 2.387069836258888 5.614943951368332 0.8247009068727493 0 0.1841861605644226 0 0 0.1539782732725143 0.2067551910877228 0 0 15.4384486079216 2.711407989263535 0 0.1374244093894958 0 1.259023174643517 3.142958208918571 3.387961730360985 0 0.8952395766973495 0.4980618208646774 0.7389326244592667 1.827297523617744 0 0 0 0 0.1477456241846085 0.09136200696229935 0 0.1782214641571045 2.471844255924225 3.032164961099625 4.114310637116432 138.9632738307118 32.23457678407431 370.4507550522685 69.35749539732933 77.67749624699354 44.35087973624468 2.350040815770626 87.29781482368708 7.818733178079128 0 1.766503974795341 0 4.11090961098671 0.5625937581062317 0 1.805514395236969 4.320294395089149 0.2261874973773956
131.4219752326608 1228.858883462846 555.3725319430232 39.36678720265627 7721.973548673093 18.48175163567066 3307.900579579175 100.5021260529757 0 414.7279350832105 1986.797884650528 37.26751643419266 1160.822741053998 878.771972283721 28.71336382627487 30.82266217470169 6.339632339775562 0.612868070602417 0.3220533579587936 0.1011537909507751 0 1.05601941049099 0.5508256405591965 0.09897158294916153 0.4541649296879768 0.4618088826537132 0 0.3992492258548737 0.6279805079102516 0.1108415946364403 140.1349190250039 2.358140431344509 106.8899202123284 0 0 0.4783692359924316 5.431359313428402 0.3850467577576637 1.365595541894436 0.2413008138537407 0.2018221244215965 0.8402972295880318 0 2.43410263210535 0.3063676208257675 0.837767481803894 181.983509272337 3.308266587555408 1.793176904320717 0.5790386721491814 0.4250951930880547 1.37660426646471 4.034497551620007 1.069837369024754 7.306900501251221 8.822111278772354 4.939121074974537 41.4742781072855 2.166618704795837 28.3281731531024 0.7022177278995514 5.666941463947296 0.1303456723690033 17.21896417438984 10.263108946383 1.378644444048405 0.9637109488248825 1.269415818154812 0 0.1063885316252708 60.16456097364426 16.37520022690296 0 53.57048094272614 55.46434015035629 130.5176177918911 77.51615513116121 55.05834767967463 3.64358051866293 111.1078770533204 0.6984602883458138 1.734066322445869 19.79759573191404 0.4985985532402992 3.856484919786453 1.902508743107319 4.463582165539265 0.08886974304914474 1.288547746837139 0.2419401556253433 0.6990809515118599 0.8441373705863953 0 1.371090665459633 0.1177852377295494 474.4108150154352 4.138853788375854 1.633234515786171 5.013535998761654 16.46346070617437 1.768735617399216 5.516686126589775 1.4264245480299 1.790580034255981 1.165343910455704 183.7291635870934 1.180882722139359 37.94323540478945 24.08317290246487 9.175318360328674 22.38220483064651 92.8048654794693 117.596436329186 52.96696879714727 26.80726803839207 0.758885532617569 6.180829137563705 0 0.5778081268072128 0 0.1452658623456955 0 0.1982487142086029 0 0.5325306057929993 0 0 1.108298420906067 0.454019770026207 1.047789201140404 0.4064691811800003 0.3268575444817543 1.085690408945084 0.3273059725761414 6.252626575529575 1.032418712973595 0 4.534781903028488 0.3790355622768402 8.833489090204239 7.191586725413799 10.78794538974762 3.256812185049057 3.005131885409355 0 0.1629248559474945 0 1.836081609129906 0 1.538031041622162 0 1.312357410788536 2.887289844453335 0.2039755433797836 0 0 0.3187587410211563 0 0 0.1850937753915787 0 0.1695205420255661 4.927887253463268 0.2247672230005264 0.6189307421445847 3.144692316651344 23.3843222334981 1.273772373795509 0.3102976530790329 0.1133814752101898 0 0.1250551491975784 0 0 0.2178445756435394 0 90.80163536220789 0.8708812594413757 0 0 0.1988261342048645 8.099068008363247 10.65554435551167 11.40758193284273 0.6806155890226364 5.640868455171585 2.400468170642853 1.204349860548973 1.35509917140007 0 0 0 0.1056174486875534 0 0 0 0.138293519616127 46.5729506239295 5.843622669577599 4.455502890050411 260.4026232287288 39.0608643963933 438.0915588736534 124.8306557014585 261.2558990716934 68.22455956786871 3.559834435582161 184.6939977705479 41.15348549187183 0.09717199951410294 9.441281825304031 0.3239081203937531 74.37949366122484 1.16326142847538 0 7.091206699609756 7.322614893317223 0.570650190114975
1563.865499429405 302.5850507318974 2.014780789613724 1190.683054387569 108.7553812265396 679.6086405813694 1327.602227762341 0.7664636969566345 414.7279350832105 0 0.8159696459770203 1457.439257375896 4448.82475938648 581.2993665486574 7.475708588957787 2.089735954999924 0.5115073174238205 0.2071546167135239 0 0.09904929995536804 0.08852796256542206 0.6176212430000305 0 0.1322342455387115 0 0.1884476393461227 0 0.6075555011630058 0 0.101050928235054 29.4277645200491 0.53110221773386 0.2159964144229889 0 0.09882735460996628 0.386157900094986 0.1651069670915604 0 0.9159857258200645 0 0.2291804254055023 0.6698768809437752 0.1081445515155792 0.07794445753097534 0 0 101.9906845539808 8.310089610517025 0.9425379484891891 0.6370383501052856 0.3900483995676041 0.965871088206768 0.6677707135677338 0.1350881457328796 19.57840698957443 22.83887422084808 73.87013532966375 151.4886729568243 15.02785124629736 37.13035579025745 0.3857481181621552 0.1249896958470345 0 0.2194612175226212 21.99102200567722 2.841551288962364 1.547006741166115 2.055459521710873 0.09976696223020554 0 69.31697831302881 18.50657616555691 0 121.8690705299377 36.89584345370531 52.86195380985737 4.510560438036919 3.284759685397148 0 2.195280387997627 0.1878094971179962 0.3344059735536575 37.10260261595249 1.495910510420799 6.736171521246433 4.131103835999966 4.452981650829315 0.6327458098530769 1.258341252803802 0.3623972237110138 0.09804622083902359 0.4946283623576164 0 1.09425862133503 0.0961473286151886 1746.316519550979 11.23534061014652 0.4690823256969452 2.368055425584316 626.7652603983879 1.246201537549496 7.644291177392006 1.585667908191681 1.735593140125275 1.279662951827049 101.7760911807418 2.436763674020767 33.60046988725662 87.5327580794692 4.646448090672493 11.31367411464453 82.13865656405687 81.91423092037439 45.07737588882446 12.5375991538167 0 1.605553090572357 0 0.9342063814401627 0 0.1342359930276871 0 0 0 0.2347894012928009 0 0.2535914853215218 0.3903907835483551 0.4986051917076111 0.2164893299341202 0 0 0.602726936340332 0.2084951400756836 3.874804854393005 0.395285353064537 0 1.460171103477478 0 2.807532548904419 4.14760597795248 2.861351430416107 0.8551419675350189 0.5405229032039642 0 0 0 1.019412472844124 0 0.8241633474826813 0 1.5865877866745 0.9342714995145798 0.1228746026754379 0 0.1021876335144043 0.3257021903991699 0.1741126477718353 0 0 0 0 2.080004274845123 0.6032451689243317 0.2906216084957123 1.273561328649521 8.247235082089901 0.4002273082733154 0.3067349344491959 0 0 0 0 0.1350157111883163 0 0.1322644352912903 36.24579375982285 0.9062521159648895 0 0 0 4.385540880262852 4.222436405718327 4.749870382249355 0.6269323229789734 0.3448965698480606 0.7565086185932159 0.1937592774629593 0.9351257830858231 0.2715285569429398 0.0882817804813385 0 0 0 0 0 0.2096521109342575 28.776252605021 2.770894609391689 1.086475148797035 202.4241792485118 43.23481924831867 335.2053927928209 49.55173242837191 2035.309600733221 92.01686856895685 5.129035755991936 103.9240484163165 18.23638360202312 0.4300806820392609 5.965498894453049 0 59.1202581897378 1.293306604027748 0 3.504025936126709 2.958209574222565 0
207.7275221049786 983.8468375504017 2814.201231978834 0.09147661924362183 433.9853582829237 0.2984205186367035 36.87343783676624 2289.042264170945 1986.797884650528 0.8159696459770203 0 27.59681604802608 891.3142733350396 2236.869958765805 63.16868115961552 91.94601127505302 13.60409118235111 1.139476016163826 0.5778035596013069 1.156226873397827 1.429481320083141 4.699406616389751 0.4418574720621109 0.5516840070486069 8.205073863267899 1.47985877096653 0.6782660409808159 1.650807738304138 2.272823020815849 0.8105545043945312 376.13288769871 41.48100379854441 119.0633574724197 0.5922143310308456 0.7060215845704079 7.926022537052631 43.35808923840523 7.312343940138817 11.33895567804575 8.980646587908268 2.450491011142731 2.961204640567303 0.9097752571105957 15.67009187489748 2.003749825060368 2.535382315516472 343.1904200464487 9.125315740704536 0.9996796548366547 1.258032359182835 0.8437860533595085 4.429295644164085 16.503831833601 1.502240888774395 15.46610355377197 19.04973201453686 8.150481559336185 124.2447836920619 4.846532739698887 68.17237827926874 4.918916448950768 30.27672185748816 1.467176161706448 50.551030613482 19.39698857069016 3.392840787768364 3.025143697857857 2.880094073712826 0.8840470537543297 0.154345914721489 104.4913843944669 40.10618352890015 0.1254939287900925 142.5695816352963 150.7074773982167 289.3737605288625 169.1892246901989 138.4729736149311 465.366334438324 1069.241481617093 17.20632196962833 134.0365632250905 38.02048492431641 1.573509328067303 8.014949984848499 4.148276463150978 9.410096362233162 0.8235228285193443 1.36817716807127 0.4790180847048759 0.5069622024893761 0.9038057178258896 0.6241639703512192 2.957649044692516 1.399968355894089 64.46896463632584 9.268055900931358 2.758903987705708 20.14899995923042 26.07267728447914 1.520048275589943 0.7431041598320007 0.1552002280950546 0.2018761485815048 0.5730104148387909 10.35373437404633 0.1742355674505234 3.912552826106548 1.678924143314362 0.5803729593753815 9.845953166484833 14.55675852298737 23.9660449847579 13.32147090882063 7.707345083355904 0.1533558815717697 2.668580174446106 0 1.105538241565228 0 0 0 0.2046185433864594 0.395262137055397 0.8831009641289711 0 0 1.828237891197205 1.637900225818157 1.1277736723423 0.590877540409565 2.272941820323467 3.57034245878458 0.5170019939541817 4.780794501304626 0.4409488365054131 0 5.73450842499733 0.9513724148273468 6.380082853138447 8.135238468647003 9.694841012358665 6.22519064694643 6.027523010969162 0 0 0.2473263964056969 0.6206756830215454 0.4558947831392288 2.515290014445782 0 0.2271218299865723 1.440533801913261 0 0 0 1.791824407875538 0.4185056686401367 0 0.3148616850376129 0 0 3.334454290568829 0.2657441198825836 0.7802924364805222 3.518956355750561 10.0111368894577 0.4804058447480202 0.1787951588630676 0 0 0.124562531709671 0 0 0.1742502003908157 0.1614259630441666 36.6901363953948 4.128753758966923 0 0.156129315495491 0.2621472701430321 4.041203193366528 4.117587052285671 7.569039046764374 0.4471122100949287 2.206164233386517 0.4751027449965477 0.7779321670532227 1.573597103357315 0 0 0 0 0 0.4673450812697411 0 0 13.71124383807182 3.854994609951973 8.192602314054966 429.9604128524661 78.54690142720938 710.1292709186673 185.6949587166309 300.0875166803598 107.8166486546397 6.053401276469231 234.8658347129822 20.41713365912437 0.1917695552110672 3.321804247796535 0.731616348028183 12.56018814444542 0.8689804971218109 0 3.822622306644917 15.20944925397635 0.5435162037611008
86.00182847678661 66.2116534113884 19.40288095921278 408.6944518983364 13.52220842242241 123.6734214872122 50.81053556501865 4.914855562150478 37.26751643419266 1457.439257375896 27.59681604802608 0 2432.063073351979 534.7490715235472 7.02097449451685 19.02462241798639 2.169918715953827 0 0.2180921286344528 0.1501439809799194 0 3.187042415142059 0 0 0.1415912061929703 0 0 0 0.1902196705341339 0 13.62749227136374 0.8985723704099655 76.11064791679382 0 0 0.3392811566591263 3.67561537027359 0 1.186325147747993 1.099510207772255 0.1400306671857834 0.1305624544620514 0 1.472448199987411 0.2917577847838402 0.9036964774131775 38.1580343618989 1.005272194743156 0 0.3988117650151253 0.2878715544939041 6.924142695963383 11.73516866564751 0.1180816888809204 1.566221512854099 2.08483924716711 3.629310086369514 6.98816455155611 0.8891347199678421 4.338502399623394 1.157838955521584 1.986077755689621 0.1314420253038406 3.706345230340958 1.465301521122456 0.3588516116142273 0 0.4501685351133347 0 0 180.5732125639915 162.2983569055796 0.4264113306999207 9.188644468784332 8.809576824307442 16.20782083272934 22.03368642926216 21.98217608034611 1.039007484912872 44.68985509872437 2.001638278365135 2.714816629886627 4.350938774645329 0 0.6500555574893951 0.5444754585623741 0.6168805286288261 0.764355756342411 0.6572405844926834 2.420510336756706 0 0.6634122282266617 0 0 0.2981659173965454 3617.365126773715 113.9563045650721 7.374391213059425 16.08042737841606 40.07511738687754 3.748570419847965 6.397995889186859 0.9699296653270721 1.618088528513908 1.835973009467125 105.649016186595 1.776923537254333 55.21020276844501 29.18651829659939 6.993573904037476 35.15185351669788 150.1267520040274 156.7535148635507 97.58684837818146 36.82913254201412 0.6265984028577805 3.762508869171143 0 0.60250523686409 0 0 0.1599481701850891 0 0 0.4168521016836166 0 0 2.835207626223564 0.9355111420154572 1.072545804083347 0.1522266715764999 0.9466099292039871 2.096092760562897 0.3682954534888268 13.12692084163427 2.069862708449364 0.6749732196331024 7.315892666578293 0.1352986544370651 14.74601984024048 9.563305780291557 19.10919217020273 6.308508932590485 6.20864088088274 0 0.1821365207433701 0.596904993057251 0.7720587700605392 0.4339933842420578 1.36649914085865 0 2.163185819983482 4.044401213526726 0.3822233825922012 0.1286939829587936 0 0.8401113897562027 0 0.1493471264839172 0.5620814561843872 0.2017444297671318 0.1025488749146461 7.339897707104683 0.5126203447580338 1.717518284916878 5.724140375852585 46.76650710403919 1.986102521419525 1.690438970923424 0.5642992258071899 0 0 0.157304659485817 0 0 0 137.7603978067636 4.345387905836105 0 0 0 12.94309093058109 13.37136649340391 25.15112046152353 1.745209105312824 5.141163900494576 2.912458196282387 1.538749381899834 0.3998321294784546 0.09168235957622528 0 0 0 0.1040109768509865 0.3321686089038849 0 0 59.25923010706902 14.93870705366135 11.20265477895737 262.3708586245775 11.91124299168587 148.2629050239921 32.6766571700573 263.0884663015604 19.41385118663311 0.7375248372554779 100.5655135065317 39.85945914685726 0.2582532465457916 14.27694041281939 0.6623609811067581 88.34955313801765 2.465730510652065 0 19.4273369461298 4.524996176362038 0.170080378651619
342.7435032650828 795.3150280043483 271.3865307793021 1060.902467124164 496.2421414852142 176.6355983987451 2051.390873096883 52.71395478397608 1160.822741053998 4448.82475938648 891.3142733350396 2432.063073351979 0 1784.318261899054 55.04194489866495 106.8186929523945 12.40732360631227 1.457768611609936 2.242644459009171 1.509613230824471 0.7276584208011627 7.161954686045647 0.3375670313835144 0.6040792465209961 1.654562547802925 1.067877896130085 0.4472488462924957 0.416063591837883 0.7260210290551186 0 144.626405082643 4.02669020742178 920.05511841923 0.1743889302015305 0.1317837238311768 6.662586182355881 18.17760810256004 5.730207219719887 7.498453959822655 1.829792328178883 1.397625707089901 1.884138286113739 0.5090189278125763 16.57344058901072 1.069107621908188 2.568328462541103 242.4139153212309 5.828634023666382 1.69602644443512 1.551906988024712 1.344771109521389 8.655500032007694 39.72233292460442 0.8575249910354614 11.74819429218769 12.22253810614347 12.47133609652519 49.80755811184645 3.904868952929974 31.73021560162306 3.774893037974834 10.73267309367657 0.519443467259407 30.91120510548353 12.48502804338932 2.349607177078724 1.893743738532066 2.240586221218109 2.209105938673019 0 478.0261090397835 141.642650231719 0.3379272371530533 69.86137545853853 66.03298120200634 154.9444002583623 168.6730878800154 152.5274878367782 5.49752538651228 378.6277343630791 7.006179787218571 7.309502430260181 20.22381604462862 0.2985609173774719 3.865903452038765 3.723861835896969 4.859194867312908 1.432228595018387 0.9225402846932411 1.769986234605312 0.7511016726493835 2.462344415485859 0 1.832595847547054 1.398062735795975 4036.00046671927 102.2111804783344 11.58143238723278 88.90658489614725 67.84899938106537 7.297469951212406 16.68136022984982 1.969942189753056 5.248277112841606 3.181685611605644 271.7747860476375 4.291651993989944 109.6898179873824 70.92262277007103 28.05186108499765 58.7410650998354 296.1594840213656 352.7828431874514 154.7018227651715 84.0347570553422 2.186576545238495 15.27731113135815 0.2397820800542831 1.260783761739731 0 0.1850735694169998 1.48359539359808 0.1637697815895081 0.2543582692742348 1.595065511763096 0 0.4049249142408371 3.959498390555382 1.546134829521179 1.399626716971397 1.318627297878265 3.008217319846153 2.107671931385994 0.4142386391758919 21.39565954357386 6.923842906951904 0.3273378908634186 17.71060015261173 1.916737198829651 23.3150712326169 19.49121807515621 34.99953883141279 14.19980771094561 10.47483909875154 0.1765289902687073 0.4682708978652954 1.244436256587505 5.867835596203804 5.485120162367821 5.092904180288315 0 1.885962754487991 7.750521212816238 0.1385240256786346 0.6133573651313782 0 2.289632074534893 0.2365000545978546 0.1813546419143677 1.233665272593498 0.326491616666317 0.5736376196146011 15.74777049571276 0.2165912240743637 3.459244430065155 9.620826974511147 73.96490105241537 2.162636086344719 1.244888193905354 0.5128428861498833 0 0 0.3801607191562653 0.1122196763753891 0 0.1601041406393051 292.3831511735916 9.571926534175873 0 0.2157882079482079 0 32.19369817525148 28.9968965575099 46.71993871033192 3.969675242900848 10.87406069040298 7.568786814808846 2.818250000476837 6.524723827838898 0.2221193760633469 0.1352499425411224 0 0 0.5367374792695045 0.1840434968471527 0.1220472455024719 0.2343627661466599 158.2757343202829 26.11464408785105 25.5083147957921 689.5467283576727 86.3028300255537 672.3446554690599 206.3675141707063 690.0779949873686 102.9957748353481 4.622145727276802 333.22641620785 102.1628026887774 1.920205846428871 29.7758291810751 4.023789063096046 182.6337187290192 7.273549571633339 0 22.63066191971302 18.50023320317268 0.9045109301805496
