0 5073.765205360949 815.8247125148773 1047.713015422225 1090.331121861935 354.4172592163086 891.5717778876424 35.59221369773149 172.2741923183203 341.4729827940464 433.5603074356914 29.5010487139225 173.8642220124602 265.0010154172778 4.165629915893078 1.653369925916195 0.1426088809967041 0 0 0.6861450970172882 0 0 0.1631710678339005 0 0.5315077900886536 0 0.1320383846759796 0.2556092068552971 0 0 538.4618565887213 4.3137476593256 7.985238656401634 0 0.2373004928231239 0.3798452988266945 10.38881672918797 0.1503593474626541 2.26148447394371 0.3466707766056061 0.2730998694896698 0.1171742305159569 0.610598511993885 0.105708584189415 0.1938835382461548 0 17.21085151284933 2.67945022881031 0.1323074251413345 0.1031261533498764 0.476598247885704 0 0.7982817739248276 0.1139635741710663 0.5537014603614807 1.044195838272572 486.6318136677146 1348.192100763321 62.32744742184877 5.808987930417061 0.3170987218618393 0.2767888829112053 0.2709123492240906 11.38656567037106 1.666288174688816 1.139547139406204 0.7577090561389923 1.697909198701382 1.561431579291821 0.4676763415336609 14.75306911766529 7.445428013801575 0.2648303806781769 141.3332605212927 81.00602121651173 32.81286814808846 17.23778731375933 3.780142322182655 3.334226548671722 74.58148607611656 0 0.4998887926340103 6.443521410226822 0 0.6520346105098724 1.050932392477989 0.2033904269337654 0 0 0.1639690399169922 0.301323726773262 0 0 0.2068693041801453 0 35.72924709320068 0 0 1.77152693271637 701.851660169661 0.3763933181762695 0 1.116988688707352 0 2.284053638577461 8.505106911063194 0.2224228084087372 3.56167334318161 0 0.1662857979536057 1.246381297707558 3.97701433300972 1.190008461475372 4.569570168852806 3.310355946421623 0.1455602794885635 0 0 0 0 0 0 0 0 0 0 0 0 0 0 0 0 0 0 0.2077370882034302 1.524546384811401 0 0 0 5.768412858247757 0 4.415712296962738 0.9855962991714478 0 0 0 0 0 0 0 0 0 0.1420048773288727 0 0.5359510779380798 0 0 0 0 0 0 0 0.355448991060257 1.170547813177109 0 0 7.099302142858505 0 0 0 0 0.2221966162323952 0 0 0 0.1877669245004654 5.536966055631638 0.6862232685089111 0.4060739278793335 0 0.08738251775503159 1.773567989468575 1.439356178045273 2.99336251616478 0 0.1274847388267517 0 0 0 0.1514171212911606 0 0 0 0.08115847408771515 0 0 0 1.260306268930435 1.037546306848526 0.5063316524028778 39.77657829225063 11.46468631178141 63.18017429113388 13.44090847671032 378.7830279842019 35.92402975261211 1.189250394701958 4.822910957038403 2.550316467881203 0 1.167021930217743 0 1.717829242348671 0 0 0.2080013751983643 4.230525933206081 0
5073.765205360949 0 866.6667411774397 737.5363754481077 3297.736883990467 525.1814338490367 1963.358712777495 33.81418912112713 1503.491634882987 433.6868635639548 466.0025662109256 36.04459093511105 210.3449901044369 251.7856793552637 10.28329054266214 2.113955788314342 0.1444800049066544 0.3307946473360062 0 1.071537151932716 0.1198111698031425 0 0.2981685847043991 0 0.2189809530973434 0.4332653284072876 0 0.2923474311828613 0.2421521916985512 0.09381823986768723 1520.84902510047 22.46488752961159 23.53134087473154 0.1508001685142517 0 1.906051017343998 32.75064466148615 3.659655205905437 6.600897826254368 1.296894192695618 0 0.5704366490244865 0 0 0.1393605470657349 0.4807964339852333 84.20786234736443 16.56163107603788 0 0.6176600754261017 0.8373049944639206 0.2276055365800858 1.732202798128128 0.2404938116669655 1.043636344373226 2.493766628205776 78.34160390496254 853.8150285035372 24.13607885688543 27.65497346222401 0.3623685538768768 2.456570655107498 0 123.5130654126406 10.36369695514441 7.469874002039433 3.242159649729729 7.17622284591198 1.574079349637032 0.9230716973543167 90.6525995656848 8.357044875621796 0.09956701844930649 192.3574786558747 277.998961172998 169.1217985749245 101.1956834122539 11.92811749875546 3.989045433700085 47.36766758561134 0.3904229030013084 4.136757783591747 24.86965322494507 0.1165570691227913 5.331718266010284 4.265201851725578 2.000187948346138 0 0.7039025723934174 0 0.866445429623127 0.778374582529068 0.2120370492339134 0.57436154037714 0.3343929648399353 79.611343100667 0.1978449076414108 1.061556592583656 15.17703302949667 310.9488164260983 0.8598965853452682 0 2.392853587865829 0 7.219658747315407 46.98755417764187 1.085719332098961 24.83784304559231 1.146374121308327 4.50472754240036 6.711203098297119 35.17443831264973 13.13945725560188 24.66440416872501 27.08327962458134 0 0.6082866042852402 0 0 0 0 0 0 0 0 0 0 0 0 0 0 0 0 0 5.684551477432251 1.497328072786331 0 0 0 27.71407251060009 0.3453343510627747 36.99039893597364 2.336800888180733 0.4393759369850159 0 0 0 0 0 0 0 1.833941072225571 3.186972856521606 0.372351348400116 0 0 0.1755742430686951 0 0.09546301513910294 0 0 0.5671195983886719 3.414126753807068 0 0.2164027392864227 1.807373940944672 38.56921195983887 0.1652247160673141 0 0.798760324716568 0.233675554394722 0 0.2395172864198685 0 0 0 44.72424145042896 0.8871181011199951 0 0.458037257194519 0 8.488755777478218 5.122831434011459 20.28045356273651 4.212841376662254 3.407546997070312 2.301864564418793 1.194221705198288 0.3716244697570801 0.5193386822938919 0 0.1640036404132843 0 0 0 0 0 8.484937012195587 4.095771312713623 7.000696495175362 174.9379209056497 50.46352065354586 331.1320122480392 49.3055632635951 443.1135465428233 61.79731108248234 4.230660259723663 18.73210830241442 8.9456767141819 1.251179128885269 5.491528935730457 1.554154053330421 6.888390570878983 0 0.09508104622364044 2.504880875349045 11.51166865229607 0
815.8247125148773 866.6667411774397 0 17.79911364614964 938.3971226513386 151.1764380037785 21.96134901046753 1069.959925897419 118.9930358305573 49.94134891033173 1194.719092406332 19.60697856545448 142.8918701633811 324.8230290263891 23.4495365023613 25.49176229536533 2.526409290730953 4.064133487641811 1.261001385748386 12.12003265321255 3.370274186134338 0.7354919835925102 4.555863827466965 0 3.697910077869892 0.2204350829124451 1.777506448328495 0 0.1552073657512665 0 5565.503673247993 1029.068076752126 87.51067394763231 1.062505640089512 8.238554857671261 2.642629012465477 92.21028834581375 14.11070907115936 27.13784383237362 6.494869716465473 3.288180753588676 1.236116021871567 9.208844415843487 3.190068505704403 8.517518036067486 10.13873335719109 64.24755069613457 11.19043792039156 0.9975973442196846 7.827193073928356 2.238477326929569 0.51145339012146 0.8163839727640152 0.331002488732338 1.170702382922173 5.192906349897385 52.86099569499493 1217.594418354332 14.77550534158945 21.73740749061108 8.503437951207161 24.61886420100927 11.84885983169079 730.700496301055 6.263502582907677 6.482777073979378 2.743974670767784 20.0766896083951 37.62800382822752 15.33563597500324 254.6399543732405 38.84255126863718 0 132.4699906557798 337.1779389157891 146.221830971539 143.8598858267069 53.39593236893415 201.9171264544129 1201.213725350797 3.503241464495659 102.1263584792614 16.81574505567551 0.2419440895318985 5.791678413748741 3.520487148314714 7.868377894163132 0 0.2095849588513374 0 0.4995325282216072 0.8511950969696045 5.198829039931297 1.202044390141964 0.3939936831593513 27.97569926083088 4.569528460502625 0.5621128678321838 28.11694598197937 133.8777841180563 2.039291441440582 0 0.6346107125282288 0 6.831956148147583 12.02677597105503 0.9191991984844208 15.83012068271637 3.245027735829353 1.265304535627365 9.735920108854771 22.16877174377441 6.590037927031517 21.33575901389122 41.2990061044693 0.8507474511861801 0.7530510425567627 0 0 0 0 0.2309495061635971 0 0 0 0 0 0.8187037110328674 0 0 0 0.1988724619150162 0 0 4.728550672531128 1.309017032384872 0 0 0 46.77379011362791 0.9299951195716858 65.85600346326828 6.459119975566864 0.3805865794420242 0 0 0 0 0 0 0 3.449698448181152 3.288193576037884 0 0 0.1590742915868759 0.1089730635285378 1.065606594085693 0.3158832788467407 0.5482997894287109 0 2.348153561353683 4.411580726504326 0 0.1246839538216591 4.674115255475044 66.89219936728477 1.19151782989502 1.452105104923248 1.488070547580719 0 0.1517899036407471 0 0 0 0 58.86370638012886 2.036076471209526 0.1978925317525864 0 0.4447087645530701 21.99652260541916 5.870263963937759 28.63432903587818 10.2668729647994 1.813257530331612 6.918991722166538 0 1.077693358063698 0.3039671778678894 0 0 0 0 0.1413871645927429 0 0.2727814316749573 5.88394358754158 11.25914400815964 18.01141272485256 85.18832797557116 34.68673368543386 198.5126495286822 31.86250632256269 219.5735777243972 36.87046770006418 1.632010199129581 13.8067117407918 13.34272038191557 1.12340884655714 18.85954721271992 3.129471093416214 19.36401579529047 2.969520330429077 0.9718843102455139 2.625317990779877 1.308650381863117 0
1047.713015422225 737.5363754481077 17.79911364614964 0 170.8960791602731 853.0343614220619 2439.551627352834 0.8687492832541466 43.06123503297567 2276.676881916821 5.464390657842159 1432.997538462281 2075.953797094524 76.99736946821213 1.940702877938747 0.3443138003349304 0.2540112659335136 0 0 0.09577366709709167 0 0 0 0 0 0 0 0 0 0 143.8054876625538 4.75173245370388 1.359968617558479 0 0 0 2.87622444331646 0.2220886796712875 1.833972871303558 0.528867706656456 0.08508333563804626 0 0.1229807212948799 0 0 0 21.0742978528142 4.86037977039814 0 0 0 0.101932555437088 0 0 0.4043739587068558 1.089670598506927 34.62012030929327 295.9970129951835 10.24398339539766 9.753889873623848 0.2634745240211487 0.1231185644865036 0.2176058292388916 30.51106015592813 3.991929970681667 2.857027247548103 0.7861581072211266 1.4316680803895 0.5680277571082115 0 11.03978373110294 1.554585099220276 0.1511992663145065 69.03622937202454 101.3535680919886 49.39199479669333 21.97132223844528 1.268567442893982 0.1260754615068436 1.211304239928722 0 0.6069984883069992 8.93128727376461 0 2.594120383262634 1.416617870330811 0.8071034327149391 0 0.07027715444564819 0 0 0.2126183360815048 0.1269301027059555 0.08282306790351868 0.3420054838061333 100.942229822278 0 0.1505956202745438 0 109.3966588303447 0 0.1694143563508987 0.190419927239418 0 3.312756150960922 45.7181526273489 0 3.448248609900475 1.858749985694885 0.6996522694826126 2.073464348912239 10.48849594593048 1.974672839045525 6.355809509754181 9.293478518724442 0.1424669623374939 0 0 0 0 0 0 0 0 0 0 0 0 0 0 0 0 0 0 0.3634019792079926 0 0 0.4802509248256683 0 2.622364416718483 0.2885876297950745 4.257095523178577 1.192783623933792 0.2045998871326447 0 0 0 0 0 0 0 0 0 0 0 0 0 0 0 0 0 0 0 0 0.455931156873703 0 5.808818399906158 0 0 0 0 0 0 0 0 0 5.451239734888077 0 0 0.1179165616631508 0.2031752020120621 0.9235381036996841 0 3.292035490274429 0.7227816879749298 0 0.2307431995868683 0 0.3300409764051437 0.112338550388813 0 0 0 0 0 0 0 2.77887074649334 0.1694595068693161 0.8098025619983673 36.24640541523695 12.37384785711765 105.7239162474871 14.4992331340909 279.6639052182436 21.20637971907854 1.094910003244877 4.766343496739864 1.317909359931946 0 0.5413031876087189 0.2706231772899628 2.74914675951004 0 0 0 163.5817043185234 0
1090.331121861935 3297.736883990467 938.3971226513386 170.8960791602731 0 70.71118534356356 1357.577332556248 53.00848118215799 6653.290954694152 231.3243459314108 963.2441966533661 48.09964464604855 418.0012510493398 427.9208815097809 28.38417495787144 5.99072290211916 0.3604180961847305 0.3499833643436432 0.1898745596408844 1.235174752771854 0.254824660718441 0.1313121914863586 0 0.08866287767887115 0.2614176720380783 0.2081794440746307 0.4289190843701363 0.6245680004358292 0.1405386328697205 0 443.5212925225496 69.2953949123621 20.26033685356379 0 0.2096605747938156 0.0688374936580658 46.51872061192989 3.254624128341675 11.43167317658663 1.799992986023426 0.3792209327220917 0.7547445148229599 0.7697181478142738 0.3664130792021751 0.6057108715176582 0.3378351107239723 136.0252627283335 19.89851824939251 0.4246339350938797 1.132274381816387 1.91821863502264 1.231560155749321 0.4045351594686508 1.735632613301277 1.563817411661148 4.27407193928957 23.17545615881681 261.71345410496 18.32016231864691 41.43723851442337 0.1807941347360611 5.893445663154125 0.1081089377403259 128.8902099579573 12.24347606301308 8.441995516419411 4.270941436290741 9.129196472465992 2.863288260996342 0.917643129825592 162.4763388559222 10.32172587513924 0.2414732873439789 109.8678649440408 200.9593963027 212.0008938759565 182.861605592072 20.12257722765207 4.933122612535954 37.21462715417147 0.1237470582127571 3.923143729567528 21.42922987043858 0.274558924138546 7.483520448207855 7.957665845751762 1.879630170762539 0.2092265784740448 0.6140621230006218 0.2751102671027184 1.341801583766937 1.710465304553509 0.3871788829565048 1.231586076319218 1.321560457348824 192.5935677736998 2.385016083717346 0.3302183896303177 6.9461909532547 35.29826410114765 4.526895143091679 1.23384627699852 7.616856053471565 1.274446919560432 36.95317611098289 72.49074589461088 4.184103086590767 77.94776649028063 12.28478193283081 20.93431378901005 33.9690443649888 139.4715577214956 47.79771725833416 99.80666553229094 76.58529678732157 0.8940210342407227 0.413718581199646 0 0 0 0 0 0 0 0.2206064313650131 0.126025527715683 0 0.4573732316493988 0 0.2278257608413696 0.615170493721962 0.1723384857177734 0 0 4.879612796008587 5.662253178656101 0 0 0 54.47283312678337 1.281403809785843 76.97149012982845 8.3161960542202 0.458774596452713 0 0 0.1828093081712723 0 0 0.2733311653137207 0 2.245896674692631 6.455606266856194 1.400049358606339 0 0 0.7219166308641434 0 0 0.6935663670301437 0 4.923550918698311 7.305930890142918 0 1.992303147912025 4.619416162371635 113.9967215582728 1.259477093815804 0.7477227747440338 2.481700919568539 0.1933780610561371 0 0.112806536257267 0 0 0.3124035000801086 119.7927980571985 2.039608210325241 0.1206686347723007 0 0.4768836423754692 32.74775356054306 6.98802162706852 40.43872871994972 8.20243626832962 7.213023439049721 5.820892214775085 2.057841181755066 1.904845774173737 0.3368105217814445 0 0 0 0 0.2485909685492516 0.169373944401741 0.1165879219770432 37.19986741244793 5.737308651208878 15.5134512335062 284.6014648675919 99.67974211275578 396.2799561694264 107.8153565376997 256.3379472643137 74.81554143130779 5.338759154081345 37.98591741174459 9.726357899606228 1.492224335670471 20.43624027818441 3.299690209329128 25.03498055040836 1.636318519711494 0.7271669059991837 3.642083778977394 2.76661578565836 1.039381504058838
354.4172592163086 525.1814338490367 151.1764380037785 853.0343614220619 70.71118534356356 0 568.7021284252405 1.630232959985733 81.73264742642641 1674.333538964391 13.23925732076168 406.6951250582933 549.5210014134645 67.35734875500202 0.1648218333721161 0.3217971175909042 0 0 0 0.1248813197016716 0 1.100345760583878 0 0 0 0 0 0 0 0 182.0472788065672 0.1778021603822708 4.901130720973015 0 0 0 19.72938565909863 0.6039373874664307 6.876959100365639 0 0 0.2308056950569153 0 0 0 0 0.6514652073383331 1.049017690122128 0 0.09076772630214691 0 7.550165429711342 4.899154707789421 0 0.375110924243927 0.1211778745055199 457.2287221848965 210.9227553904057 41.26430108398199 1.958575181663036 0 1.269116997718811 0 3.688648790121078 0.1214324086904526 0.2855653017759323 0.2252915129065514 0.09230124205350876 0 0 134.8994274437428 55.19707372784615 9.417024210095406 26.79069524258375 30.58933237940073 8.119477860629559 4.153828836977482 0.146188884973526 0 2.908049926161766 0 0.5593735575675964 1.162861451506615 0.6042413711547852 0.2571870386600494 0.281456470489502 0.0817241445183754 7.695229902863503 1.071105435490608 11.73246392607689 0.7477799504995346 1.643165439367294 0 0 0 438.6488298773766 41.62564238905907 10.84489670395851 17.71697914600372 904.5598746091127 0 0 0 0 0.3825424313545227 4.434173345565796 0 2.049934849143028 0 0 0.6880334317684174 1.516444191336632 0.1800129264593124 1.248339131474495 0.943138986825943 0 0 0 0 0 0 0 0 0 0 0 0 0 0 0 0 0 0 0 0 0 0 0 0 0 0 0.8626185059547424 0 0 0 0 0 0 0 0 0 0 0 0 0 0 0 0 0 0 0 0 0.2801782786846161 0 0 0 0.2652207911014557 0.2435971796512604 0 0 0 0 0 0 0 0 1.538734018802643 0 0 0 0 0 0.3853534758090973 0.3250640034675598 0 0 0 0 0 0 0 0 0 0 0.2133770138025284 0 0 0.337216705083847 0.4880143404006958 0.2196849137544632 3.346292898058891 0.7004460096359253 10.0401763767004 2.046326570212841 274.6620059683919 18.30884341150522 0 0.6982318460941315 0 0 0.3613766729831696 0 0 0 0 0 34.76728376746178 0
891.5717778876424 1963.358712777495 21.96134901046753 2439.551627352834 1357.577332556248 568.7021284252405 0 5.53604594618082 2044.79164648056 3974.222089342773 89.71613999456167 288.9226482063532 2056.150777317584 37.30342678725719 23.88914059102535 6.832181841135025 0.2203794717788696 0.2234119921922684 0 1.241311199963093 0.3599304109811783 0.1218481138348579 0 0 0.274962991476059 0.3790937438607216 0.1162172555923462 0.6176322102546692 0.9141853973269463 0.1887140721082687 258.8750021904707 24.14412045478821 21.27598760277033 0 0 0 53.61863327026367 2.814060762524605 10.19052762538195 2.066780015826225 0 0.7038158550858498 0.08545999974012375 0.557786725461483 0.07055297493934631 0.5932322666049004 154.228111423552 22.34374423325062 0.2418450713157654 0.5942854881286621 1.685895465314388 0.7672769352793694 1.372585505247116 1.173305280506611 2.231213249266148 4.676003262400627 58.65771963447332 409.9906943067908 24.34502212703228 45.40591568499804 0.2980182766914368 5.272539250552654 0.2401243820786476 139.9905803576112 17.35611779987812 9.89497485011816 5.416222356259823 11.96143973618746 2.141900628805161 0.1189524456858635 240.3053472340107 11.68073652684689 0 171.1608923822641 277.5401787087321 240.013305708766 173.7002039626241 14.26240696012974 0.4226130172610283 7.552626810967922 0.1123231574892998 4.30357038974762 28.58588848263025 0.1113346964120865 9.542964600026608 8.903241455554962 2.804342098534107 0 0.4380437433719635 0.1006164625287056 0.8978837728500366 1.252774149179459 0.4326397851109505 1.810562811791897 0.8346667811274529 769.811794012785 2.11567497253418 0.5157806724309921 20.60171170532703 96.78253126889467 5.635694287717342 1.191659107804298 12.1219307333231 2.65690590441227 76.23487247526646 138.2379184663296 8.688686162233353 138.1956367194653 20.13108494877815 40.23970001935959 56.74976553022861 258.6846170127392 92.96203903853893 179.1712765619159 152.815935395658 1.306271359324455 1.382167376577854 0 0 0 0 0 0 0 0 0 0 0.202823668718338 0.1592928171157837 0.1932547986507416 0.4019542336463928 0 0 0 10.50173860043287 9.315225630998611 0 0 0.1475945115089417 85.60704288631678 3.255010962486267 115.9339342489839 9.539035677909851 1.014341101050377 0.4070038497447968 0 0.1291200071573257 0 0 0 0 6.678483903408051 9.751321993768215 1.889306150376797 0 0.1885300725698471 0.1113595440983772 0.1706803143024445 0.1556700319051743 1.019090630114079 0.3825267553329468 6.09263963252306 13.46381711214781 0 0.8813033699989319 9.752359613776207 180.489377617836 1.52395686507225 1.68021984398365 0.9938133507966995 0 0 0.1035670563578606 0.1393434256315231 0 0.5834438353776932 182.575336009264 4.278933823108673 0 0.2547461614012718 0 49.86643940210342 18.32897731661797 63.9075670093298 9.641095161437988 7.938856467604637 13.22173274308443 0.7414364814758301 1.538669645786285 1.397190250456333 0 0.1224377006292343 0 0.1640100181102753 0.1126998588442802 0 0 66.86592061072588 7.470594257116318 23.99635932594538 328.9694051295519 111.8010151088238 486.0978154018521 120.276014238596 621.0262818112969 90.73290354758501 8.210204675793648 40.50509639084339 19.83853295445442 0.6877394467592239 27.54732942581177 5.060006983578205 35.76379741728306 4.14716025441885 0 4.312141180038452 92.10580462962389 0
35.59221369773149 33.81418912112713 1069.959925897419 0.8687492832541466 53.00848118215799 1.630232959985733 5.53604594618082 0 56.10354004055262 1.001352220773697 1970.594955347478 14.86599141359329 134.4899783283472 535.185107588768 40.13274528086185 53.14419853687286 7.811619251966476 9.43857666105032 3.203825853765011 36.49211297929287 9.422264590859413 0 5.879334881901741 1.500785663723946 5.521906025707722 0.1732571870088577 2.189541004598141 0.3538829833269119 0.3376894295215607 0.1696596369147301 949.5582272410393 1424.150774635375 127.4344903379679 4.822407953441143 9.850432761013508 6.062658935785294 39.33165097981691 12.36376798152924 12.87281268835068 4.409304447472095 6.45203310251236 3.012457847595215 27.88030467927456 33.36107698082924 29.76966322958469 31.85802291333675 97.16235862672329 8.939090609550476 2.293613255023956 23.82450303435326 6.001537561416626 1.700281791388988 0.4167290925979614 0.9922422543168068 1.160586446523666 1.759291991591454 11.19662746787071 191.6807898059487 7.082081735134125 14.31870651245117 86.22367484867573 39.6684766933322 24.46201009303331 596.3657994940877 4.24615428596735 8.286585047841072 5.185749657452106 55.90062367171049 105.9470482170582 36.0734167098999 64.12067674845457 7.976137012243271 0 44.28787458688021 193.2716338410974 124.308298997581 304.0330694317818 627.8174832239747 657.0714611038566 4154.231250926852 98.65477596223354 812.3864244669676 9.252478078007698 0 4.337317757308483 3.800027005374432 21.57871518284082 0 0.3405922576785088 0 0.3976127579808235 0.7511922642588615 8.425504632294178 0.9972991496324539 1.256776541471481 26.49282702803612 1.260237574577332 0.3894660770893097 11.38947212696075 10.46433452516794 1.271051406860352 0.2218079566955566 1.1769959628582 0 3.533781513571739 6.480603754520416 0.3456896096467972 3.843824192881584 1.020101591944695 0.7391574680805206 2.61322158575058 10.74414627254009 2.276808053255081 19.02298100292683 14.31700876355171 0.5887459814548492 0 0 0 0 0 0 0 0 0 0 0 0 0 0 0 0 0 0 0.8199667185544968 0.248814731836319 0 0 0 26.42448260635138 1.209504008293152 29.51106060296297 4.839785002171993 0 0 0.7201758176088333 0.193929985165596 0 0 0 0 1.474753230810165 1.975161746144295 0 0 0.3181252777576447 0 0.3937244117259979 0.2911019623279572 0 0 1.302691303193569 1.223546400666237 0 0.3785724937915802 0.9349975138902664 23.41849453747272 0.3080472350120544 1.513092517852783 0.0953635573387146 0 0 0 0.1349777281284332 0 0.1609982848167419 23.32526727020741 1.987589120864868 0.2237272560596466 0 0 4.61813659965992 4.934604912996292 10.63676822185516 4.526823759078979 1.387250363826752 2.892700053751469 0.1703439056873322 0.9882150590419769 0 0 0 0 0.4002031683921814 0 0.1706739366054535 0 6.117944911122322 3.579761445522308 7.938746988773346 123.5679280906916 36.25286622345448 198.0445056706667 44.95624117553234 49.6429810449481 28.04798807948828 2.108782760798931 19.41273278743029 7.435335092246532 0.1215532347559929 6.302463017404079 0.2111756354570389 5.181551694869995 1.578193187713623 0 1.613859102129936 0.5721995905041695 0
172.2741923183203 1503.491634882987 118.9930358305573 43.06123503297567 6653.290954694152 81.73264742642641 2044.79164648056 56.10354004055262 0 401.4558905512094 3238.709474854171 52.54810250550508 1054.376619547606 570.7967494055629 34.02781159430742 14.55464795231819 0.31291613727808 0.5188243091106415 0.1321459263563156 1.266691066324711 0 0 0.5721512138843536 0 0.3025224059820175 0.7714929357171059 0.159517839550972 0.1312350332736969 0.820448562502861 0 83.81419067829847 16.92240939289331 48.90613698959351 0 0.08784399926662445 0.4337900578975677 58.07615341991186 1.980540066957474 7.880980335175991 0.7394193410873413 0 0.3092610761523247 1.365197084844112 1.287870623171329 0.9999947920441628 0.9921349063515663 116.9707244336605 9.589980378746986 0.4341556653380394 1.461561717092991 1.144901379942894 0.5414676815271378 0.9434442669153214 0.742557480931282 0.9344942048192024 1.9646280631423 11.7691588550806 56.13709885627031 11.37092052400112 18.85012779384851 0.8481137380003929 1.670389942824841 0.2496159598231316 54.26357018202543 4.103106565773487 4.535244882106781 3.247105784714222 7.513336643576622 9.876170888543129 0.8519176915287971 133.7945908680558 8.447539731860161 0.2085288241505623 38.86338537186384 73.80113308131695 122.2549864724278 158.0302182734013 27.70475137978792 0.9757218807935715 14.26616603881121 0.527929812669754 2.348858468234539 7.408183373510838 0 4.3256551399827 3.304790362715721 2.723535649478436 0 0.108333632349968 0 0.8973496481776237 1.157320886850357 1.174454584717751 0.4612719044089317 0.8332335278391838 519.1922256797552 0.551832914352417 0.9155342280864716 4.822047255933285 21.19883090257645 3.583669915795326 1.31130588054657 11.41638696193695 2.073804542422295 53.97687657177448 122.5297850817442 10.07368305325508 117.9836997836828 22.53046587109566 43.08431054651737 51.99960725754499 246.2955009192228 72.35705117881298 171.4616941064596 122.6135661378503 1.549945488572121 0.8888969421386719 0 0 0 0 0 0 0 0 0 0 0.2115215510129929 0 0.5909669250249863 0 0 0 0 9.078448750078678 5.290961772203445 0.3241654932498932 0 0 58.5922225266695 2.033113390207291 61.52353496849537 5.063841447234154 0.7589026689529419 0 0 0 0.1474446207284927 0.2874239683151245 0.7762847542762756 0 4.52115710824728 7.750025220215321 1.416436932981014 0 0 0 0 0.4665895700454712 1.269751340150833 0.1305679231882095 2.709599152207375 8.390619091689587 0 1.525304153561592 5.387178108096123 123.0275627300143 0 1.1441510617733 1.202686972916126 0.1165843233466148 0 0 0 0 0.7631004452705383 143.1972415670753 1.317475259304047 0 0.1435224562883377 0 27.70367781072855 7.989798247814178 37.97819728404284 11.39479215443134 3.825975969433784 6.923517502844334 0.5182248651981354 1.748061880469322 0.6560300439596176 0 0 0 0.2540037408471107 0 0 0 70.4286518022418 5.278653144836426 14.52890089899302 435.5437996983528 85.4955623075366 334.4852140322328 114.6373830214143 132.0821443349123 68.39396996796131 5.8012765198946 61.37740973383188 14.43952859938145 1.574698783457279 18.21284520626068 2.121246509253979 26.58518911153078 2.250301212072372 0.364060252904892 2.965759977698326 5.143357396125793 0
341.4729827940464 433.6868635639548 49.94134891033173 2276.676881916821 231.3243459314108 1674.333538964391 3974.222089342773 1.001352220773697 401.4558905512094 0 13.10870812088251 2142.840327933431 9710.903039455414 394.3212364017963 2.240544155240059 1.387498661875725 0.2116489410400391 0 0 0 0 0 0 0 0.6262539625167847 0 0 0.178065150976181 0 0 120.6154714003205 1.165601961314678 12.37790815532207 0 0.3595596998929977 0.1978596597909927 16.42853895574808 1.492132417857647 1.662716239690781 0.1470408141613007 0 0.9065828174352646 0.09997494518756866 0.348827064037323 0.2515905424952507 0.1244595721364021 16.96884435415268 2.862640477716923 0 0 0.1028083711862564 0 0.10258449614048 0 0.2083593383431435 0.7117980867624283 56.20640015602112 272.2715501710773 10.95031026005745 5.565680719912052 0 0.4844774007797241 0 16.38939814269543 1.452951565384865 1.39820834249258 0.4893048480153084 1.259964011609554 0.8376302942633629 0.6802569925785065 107.1585412323475 1.090221360325813 0 48.18967329710722 62.90024727582932 26.18467081338167 13.50223565101624 1.952060237526894 0.2199289500713348 1.392885394394398 0 0.09244523197412491 4.54292231798172 0 0.870674230158329 1.009865768253803 0.3140606433153152 0 0 0 0.09471793472766876 0 0.1650036126375198 0 0 750.3872586041689 4.068439483642578 0 1.213358759880066 382.1614980697632 0.5268456339836121 0.5388303846120834 2.974785149097443 0.6337130069732666 10.76504930853844 79.90476080775261 3.910310685634613 32.46302789449692 6.961195975542068 19.49182766675949 13.25874015688896 83.56954254209995 26.55520558357239 42.85134291648865 19.38588991761208 0.1594148278236389 0.6455529034137726 0 0 0 0 0 0 0 0 0 0 0 0 0 0 0 0 0 1.286031663417816 1.310526251792908 0 0 0 10.06749923527241 0 8.646566137671471 1.814002424478531 0 0 0 0 0 0 0 0 0.7025560587644577 1.177443385124207 0.1115151792764664 0 0 0 0 0 0 0 0.4641218632459641 2.341516777873039 0 0 0 11.73720222711563 0 0 0 0 0 0 0 0 0 22.31441566348076 0 0 0 0 5.233228653669357 2.306508675217628 4.924800857901573 2.503084555268288 0.8563703000545502 2.655102618038654 0 0.6995608806610107 0.09597086161375046 0 0 0 0 0 0 0 31.63163118064404 0.7757650017738342 2.744957879185677 40.49119260162115 9.36009469628334 69.42925041168928 11.54009687900543 585.2156004682183 17.03197399526834 0.5343977883458138 6.034204192459583 3.853445947170258 0 5.101099714636803 0.2896408885717392 7.316052094101906 0.4697582051157951 0 0.5857413411140442 422.658463716507 0
433.5603074356914 466.0025662109256 1194.719092406332 5.464390657842159 963.2441966533661 13.23925732076168 89.71613999456167 1970.594955347478 3238.709474854171 13.10870812088251 0 43.53958193957806 2090.588930673897 4667.608931101859 53.92073903232813 38.36392135173082 2.681449227035046 1.240470215678215 0.1243966892361641 8.618897661566734 3.480167344212532 0.1039506569504738 3.643897980451584 0.3330352082848549 7.915630578994751 1.081993393599987 3.237688764929771 1.025931261479855 0.8924425765872002 0 654.9601466357708 154.9567851796746 195.1016025990248 1.222259126603603 6.922621838748455 4.244464702904224 91.78679315745831 7.435636185109615 8.917301699519157 7.982606671750546 3.95116376131773 2.423232339322567 5.089418858289719 6.822559207677841 4.339311800897121 5.255305297672749 166.4295953810215 16.92107580602169 1.211022332310677 5.950683057308197 5.700611621141434 0.9884340837597847 0.6351999044418335 1.572897702455521 1.681114353239536 2.925819896161556 20.67952466756105 229.8290871083736 14.01106588542461 34.38667783886194 5.084107279777527 13.66302807629108 10.40714790672064 184.9411147981882 9.019887529313564 9.33335418254137 5.163161907345057 27.39924317598343 38.6742092743516 16.30811901390553 58.54410015791655 5.185505703091621 0.08207123726606369 92.16037622094154 186.554879643023 218.9522473067045 269.1547962725163 59.41255853325129 167.174849845469 1344.162043899298 8.006546884775162 251.0913317650557 18.71205305308104 0.1086173132061958 5.559128306806087 5.036348022520542 5.622733853757381 0.1091725155711174 0.2439201921224594 0.1389824599027634 1.209101341664791 1.613510333001614 8.130180224776268 1.899502851068974 1.861324459314346 45.84637672454119 0.5058306753635406 0.6719095706939697 2.926317915320396 27.70499481260777 0.3791292756795883 0.2386933714151382 4.896452814340591 0 9.728558748960495 13.31296443939209 0.8297509253025055 16.75949297845364 1.255584090948105 4.062520697712898 9.101004309952259 26.01957543194294 8.602774687111378 22.75603617727757 20.2862943187356 0.1299449354410172 0.976137787103653 0 0 0 0 0 0 0 0 0.5185668468475342 0 0 0 0 0.1387636214494705 0.3210585117340088 0 0 2.587443359196186 1.157890930771828 0 0 0 20.01841072738171 0 19.64288233965635 4.97696591168642 0.4813259094953537 0 0 0.1630443781614304 0.1892148703336716 0 0.1485520154237747 0 2.038235530257225 2.870707340538502 0.1419257372617722 0 0.3732122927904129 0.2480800747871399 0.2170868963003159 0.2159525603055954 0.4635040462017059 0 0.8854178190231323 1.063215672969818 0 0.2866643667221069 1.636443287134171 29.09680104255676 0.1797768920660019 0.2512795329093933 0.344611868262291 0 0 0 0 0 0 34.80252171307802 0.5425684452056885 0 0.1337137073278427 0 7.010042563080788 3.983323603868484 11.8216495513916 2.539868459105492 2.206124871969223 0.7133859843015671 0 0.4420233815908432 0.379549004137516 0 0 0 0.09170881658792496 0.2300430834293365 0 0.1444058418273926 9.487497068941593 3.23166498541832 7.440254732966423 374.6248312965035 100.7243200540543 400.4318495690823 107.8396075293422 143.9327730685472 69.59849628806114 7.078833013772964 54.58185098320246 7.341277740895748 0 9.530867837369442 2.382381044328213 10.94991683959961 0.4910929203033447 0 0.2247109860181808 1.696036256849766 0
29.5010487139225 36.04459093511105 19.60697856545448 1432.997538462281 48.09964464604855 406.6951250582933 288.9226482063532 14.86599141359329 52.54810250550508 2142.840327933431 43.53958193957806 0 3734.950259126723 169.6953326910734 23.72463603317738 29.95620001107454 0.9177309721708298 1.170818030834198 0 0.2525989413261414 0.686108410358429 0 0.3307367861270905 0 5.589496701955795 1.654195532202721 1.71548580378294 0.7463933005928993 0.4898938089609146 0.1944094300270081 9.368483178317547 1.375629104673862 82.5209471732378 0 0.6702266484498978 2.811570212244987 124.2028127908707 6.715749397873878 13.54366625845432 7.492339059710503 0.5700377523899078 2.863740965723991 0.467312827706337 1.238627761602402 0 0.1221786290407181 51.62047293037176 1.278131879866123 0.3082849383354187 0.3306743130087852 1.374162711203098 0.2557471394538879 1.349704697728157 0.3109871596097946 0 0.1218805760145187 5.105834990739822 15.50098165869713 1.853056892752647 2.215725928544998 0 18.44014197587967 1.773606091737747 3.751507833600044 1.240731179714203 0.8629648685455322 1.144970156252384 4.561779007315636 7.12253176420927 7.329279035329819 180.5542863756418 15.76958611607552 0.1432613283395767 6.516112811863422 10.13860911130905 27.68031865358353 29.94619636982679 16.38670093566179 0.5989155471324921 16.00237338244915 0 0.5879374295473099 1.727589264512062 0 1.066831864416599 0.3501257598400116 1.097716398537159 0 0.2869654595851898 0 0.2494295611977577 0 4.918557837605476 2.592820972204208 1.130135059356689 2336.574635863304 6.665482148528099 0.5445700883865356 1.460249781608582 48.70670931041241 2.228435643017292 1.732983589172363 10.73117773234844 1.288388818502426 34.93841907382011 75.58836659044027 11.29692521691322 70.68877778947353 13.08507108688354 33.68281126022339 33.31238851696253 182.4216062352061 66.49339793622494 140.9700864478946 61.43563698232174 0.7527205049991608 0.5349017530679703 0 0 0 0 0 0 0 0.2271805554628372 0 0 0 0 0 0 0 0 0 6.089132338762283 4.531894221901894 0 0 0 30.74915129691362 0 22.3393878787756 2.432516604661942 0 0 0 0 0 0 0 0 2.832893721759319 3.185852445662022 0.6505551561713219 0.2402859479188919 0 0 0 0.09430471807718277 0.1055345758795738 0 0.7473259270191193 2.437632746994495 0.1470541954040527 1.003056645393372 0.9319805502891541 48.75256200134754 1.969026654958725 0.8343584463000298 0.7653479874134064 0 0.3539955615997314 0 0 0 0 107.0500671267509 2.644121155142784 0.3939519822597504 0 0 8.090054497122765 2.332153677940369 11.49049898982048 3.651072338223457 3.26978949457407 3.137241378426552 0.5854391902685165 0.9201483502984047 0.4202591925859451 0 0 0 0.2027935385704041 0 0 0 93.8416198939085 7.085759058594704 5.659364640712738 180.3651926293969 23.05483923107386 106.9151199087501 34.02908783406019 132.3512748852372 17.43956770002842 1.621235221624374 29.85152491927147 4.459066420793533 0.6393565535545349 11.40821177512407 1.00389502197504 10.52714914828539 0.7424862682819366 0.2975443601608276 1.221869543194771 145.8391830027103 0.1438914835453033
173.8642220124602 210.3449901044369 142.8918701633811 2075.953797094524 418.0012510493398 549.5210014134645 2056.150777317584 134.4899783283472 1054.376619547606 9710.903039455414 2090.588930673897 3734.950259126723 0 1619.737885057926 163.0079280212522 158.7057680562139 7.685598142445087 1.691646337509155 0.3796252906322479 7.947373233735561 6.118646986782551 0.7869347706437111 3.476484149694443 1.199315018951893 40.66152942925692 13.003795966506 11.22175136953592 4.714352741837502 3.986289024353027 0.543505422770977 77.72106485068798 11.34028773009777 1528.520022131503 1.384371787309647 6.087755911052227 22.09243545681238 2171.675175279379 61.19647122919559 80.9181801378727 54.93038872629404 8.706730686128139 22.82890286296606 7.943544529378414 14.88967672735453 2.764400236308575 3.045355804264545 275.5612560212612 10.67736489325762 1.63489057123661 7.64288641512394 11.49821136146784 4.448442071676254 14.34708983451128 3.123958460986614 0.2624188661575317 2.79799710214138 22.65966499596834 67.89288647472858 10.26772127300501 25.93099837005138 2.33142427355051 139.8458132743835 5.584793843328953 35.85365321487188 5.257039062678814 6.266441665589809 7.956256523728371 37.34782999753952 47.27820811420679 46.31307777762413 663.1849653869867 84.27462035417557 0.2944083958864212 41.84859830141068 64.9940574541688 204.3978922367096 278.6494636982679 95.32138576358557 8.908087976276875 100.475215755403 0.5176542848348618 10.11675042659044 8.756112910807133 0.3083248436450958 5.599378116428852 3.543248131871223 8.155983552336693 0.3002708405256271 0.8551943972706795 0.09525462985038757 3.085967153310776 2.34269443154335 28.58326745033264 19.58674459159374 11.10541000962257 5206.290915340185 27.72851407527924 15.74181206524372 16.78669808804989 96.86222182959318 10.91508596390486 4.620499163866043 28.24919421225786 5.573712602257729 127.9682855755091 261.7828684970737 25.45772802829742 271.8796647414565 39.64709033071995 116.353299215436 128.6184427961707 593.0456968396902 228.9467884153128 389.902196533978 238.2005459070206 1.968314960598946 1.666092403233051 0.1396324783563614 0 0.2484437227249146 0 0 0 0.3331514596939087 0 0.4780305922031403 0.1444660127162933 0.1473507732152939 0.2641913294792175 0.378617987036705 0.7396236211061478 0.2916969060897827 0.5788113176822662 0.141873300075531 20.75783620029688 14.70598863810301 0.1274834871292114 0.4522416591644287 0.9398239552974701 125.0928909182549 3.647413089871407 122.5127519890666 15.21826865524054 1.48496587574482 0 0.1467174589633942 0.4047124087810516 0.2494073957204819 1.482848778367043 0.9841091185808182 0 10.24787677079439 13.6168430224061 1.176772519946098 0.8850643187761307 1.08104594796896 1.16777540743351 0.8852307349443436 0.3684456646442413 1.091391161084175 0.4166269525885582 6.373241052031517 11.06939060240984 0.1491337865591049 2.124082885682583 10.50728757679462 213.3888615220785 2.769235149025917 3.014233432710171 2.903876274824142 0.6028783991932869 0 0.2887208610773087 0.1489252299070358 0 0.2160673886537552 417.2093803435564 17.80280005931854 0.319165825843811 0.1581947803497314 0.7023865431547165 53.85175457596779 12.43624652177095 63.77031283825636 12.8147786706686 12.81366921961308 11.61411525309086 3.223224565386772 2.080036573112011 0.6917919144034386 0 0 0 0.09953466057777405 0 0.1178438514471054 0.1538317501544952 256.5748115032911 29.94059005379677 46.35872416198254 816.8820017278194 193.5503904446959 622.4777285903692 256.4632709026337 286.8106589540839 119.5988754183054 12.95822079479694 171.0613731071353 25.10304652154446 2.795500017702579 31.98520065099001 6.799475073814392 47.30452460050583 3.702283762395382 0.9521666318178177 4.256554216146469 86.49664196372032 0
