0 3433.18174610287 1132.174004912376 1378.265167184174 440.7493870183825 31.67373467981815 937.6616474092007 262.6959919929504 278.6612437069416 2243.405522324145 681.9533591419458 605.2265065684915 226.0890073180199 273.909330740571 3.06543941795826 0.6974815726280212 0.2493640705943108 0 0 0.09699483215808868 0.5604608878493309 0 0 0.3466008603572845 2.203641980886459 0.2961916923522949 0.623216800391674 0.4443069845438004 0.3075245246291161 0.2025919258594513 442.2883360907435 3.677526220679283 8.542497619986534 0 0 0.683784544467926 2.811282142996788 0.9645938351750374 1.007164463400841 1.75875747948885 0.7035553827881813 0.7099369689822197 0.1748341843485832 0.2121598795056343 0 0.3149059265851974 10.07219444960356 7.185774102807045 0 0.2392707616090775 0.7413370236754417 0.4126030802726746 0 0 5.983590677380562 7.949048973619938 329.8294942677021 738.0598107501864 29.36567091196775 13.33771379292011 0.177953377366066 0.5284892693161964 0.1053309366106987 3.620923265814781 9.00419394671917 5.04463817179203 3.070241771638393 1.220815680921078 1.453016556799412 1.27097337692976 21.72772674262524 14.64519238471985 0 182.0737210288644 21.30727139115334 25.32025584578514 1.733216002583504 0.6457652673125267 5.037525691092014 165.2123072445393 0.3727209344506264 7.849923312664032 31.1080784201622 0.166612908244133 2.385417655110359 11.00955133885145 2.013976015150547 0.6785867810249329 1.354362979531288 0.6424310207366943 0.2798265963792801 0.3124378249049187 0.4944384694099426 0.8214543908834457 0.2342156693339348 281.2556940019131 3.652579247951508 1.899618744850159 0.7840238809585571 1016.830871388316 0.2923036441206932 0 0.3409683406352997 0.2047867774963379 0 4.515571296215057 1.05529311299324 4.798053786158562 38.88832621276379 1.650559023022652 2.761364668607712 13.23157650232315 8.83749420940876 7.72496984899044 10.13755563646555 0 0 0 0 0 0.6359238624572754 0 0 0.3056586682796478 0 0.2006022036075592 0 0 0 0 0 0 0 0 0.3680137097835541 0 0 0.7726163268089294 0 2.021668553352356 0 2.480945117771626 0.9856160283088684 1.122186481952667 0 0 0 0 0 0 0 0 0.4104999899864197 0 0 0 0.3875983655452728 0 0 0.1114851757884026 0 0 0.5495434403419495 0 0 0 0 0 0.2845259308815002 0.09768033772706985 0.09893146157264709 0 0 0 0 0 11.23355190455914 0.942461222410202 0 0 0 0 0 0 0 0 0.1233265250921249 0 0 0 0 0.195551797747612 0 0.4376340433955193 0 0 0 3.960947081446648 1.682493284344673 1.892296575009823 146.7614460289478 7.355206683278084 174.101407840848 35.65815804153681 1221.089123636484 22.23172034323215 2.687834747135639 25.21472209692001 1.172677710652351 0 0.5522513538599014 0 5.418799623847008 0.1735128462314606 0 0.2677245438098907 1.677332729101181 0.193310558795929
3433.18174610287 0 2026.307121239603 1574.689139984548 4578.040257617831 330.7309636771679 6165.652150526643 585.2712325677276 6184.537667438388 1789.022319741547 3922.468325339258 158.4906448572874 1017.087493002415 1073.78425014019 15.65477604418993 0.6646135598421097 0.3355462402105331 0.5828682407736778 0.1070479452610016 0.5966451391577721 1.063640847802162 0.1077426746487617 0 0.1532389372587204 2.354470476508141 1.328038990497589 0.9676632583141327 1.735619589686394 0.3999702036380768 0.5196723490953445 1649.532950431108 11.54077745229006 20.97951984405518 0 0 1.734425105154514 3.855720087885857 6.089115500450134 1.567651107907295 2.052055306732655 1.243167899549007 0.4259583055973053 1.378135405480862 1.450450256466866 0.3149442225694656 1.611402571201324 74.33468389511108 17.73471473157406 0.5120167285203934 1.555280037224293 3.727465860545635 0 0 0 10.71525920927525 10.10889428108931 70.62990327179432 695.2291593551636 34.74882269650698 37.13201633095741 1.0997593998909 0.2735848128795624 0 35.7677016928792 19.73844016343355 11.20280247181654 8.274831309914589 2.363526791334152 2.031592845916748 3.097477614879608 2.366079770028591 0.526241198182106 0 258.4453485235572 73.47196261584759 127.757508829236 11.73324190080166 2.45005539804697 10.09401178359985 288.3336903527379 2.264197945594788 14.06181388348341 57.44032929837704 0.5842148810625076 4.442120738327503 19.14596785604954 3.950526796281338 0.2021222859621048 2.61879550665617 0.3169799000024796 0.5749382302165031 0.09046991169452667 1.242668807506561 0.3522465527057648 0.1944723203778267 29.92102625221014 0.2749685049057007 0 1.462558522820473 1295.657781496644 0.1165815442800522 0.2502442896366119 0.3443531692028046 0.7742248177528381 1.094876423478127 7.262255519628525 0.7031442224979401 2.154731273651123 122.5943795442581 2.59336394071579 1.564262315630913 9.824436880648136 9.85078988224268 8.456724107265472 3.705397978425026 0 0 0 0 0 0 0 0 0 0 0 0 0 0 0 0 0 0 0 0.09905842691659927 0 0 0 0 1.374826706945896 0.1396098881959915 3.701469302177429 0.5833085179328918 0.1482508033514023 0 0 0 0 0 0.1180119439959526 0 0 0.2066958099603653 0 0 0 0.3565783500671387 0 0 0 0 0 0.1223642751574516 0 0 0 0.7186424732208252 0 0 0.1201831921935081 0.3882910534739494 0 0 0 0 0.1144493743777275 8.030635133385658 0.6248023137450218 0 0 0.09583728760480881 0 0 0 0 0 0.1744924634695053 0 0 0.1139607504010201 0.09103135764598846 0.2124596834182739 0.09287647157907486 0.5646543800830841 0 0 0 4.481992900371552 0.7609886676073074 1.194223523139954 301.3451957628131 18.44769115746021 577.89989490062 96.2281424254179 2077.818797290325 45.72473116219044 6.764561556279659 96.89197965711355 0.7781693786382675 0 1.264331579208374 0 2.631151705980301 0.106681264936924 0 0.3166652768850327 3.124205932021141 0.6878058761358261
1132.174004912376 2026.307121239603 0 60.04193160682917 185.0141412839293 79.16571961343288 47.14094957709312 2582.049183145165 741.8613815233111 24.40094643086195 3213.010897547007 6.545923873782158 69.82027891278267 333.1625231206417 16.61617965996265 1.636130429804325 2.743793338537216 3.305905856192112 0.9889542460441589 4.280503883957863 28.17067389190197 0 4.949415154755116 10.00271337479353 36.56637299060822 31.34010196477175 13.38091535121202 4.5457803606987 2.810705274343491 8.459756933152676 6381.805249795318 519.997393541038 56.68818432837725 0.1532051116228104 7.493444852530956 34.90464781224728 30.90112042427063 14.25100038200617 1.326353415846825 16.29532571136951 18.99453745782375 1.795928649604321 10.21316545456648 2.388816498219967 1.420016646385193 4.494487538933754 71.92753636091948 19.32650405168533 1.021450005471706 6.941254742443562 4.01926277577877 0.8526684939861298 0 0.6368061974644661 13.11679111421108 11.43112464994192 91.3557461053133 1725.133164025843 44.05412010103464 47.82560485601425 34.5588995963335 26.18819760531187 9.588436111807823 304.7010482549667 20.10886791348457 11.85822030156851 9.193539656698704 6.106123007833958 19.95920828729868 79.50415977835655 3.941599451005459 0.3064128756523132 0.08569709211587906 434.7992104738951 175.0629133880138 171.7450642362237 57.02904009073973 27.39815747737885 288.0587375685573 1303.023935593665 41.63561677187681 427.0437574237585 71.31772519648075 0.522952526807785 6.824989162385464 21.04854924976826 11.41546330600977 0.3330561444163322 3.092020832002163 0 1.24488191306591 0.7415205016732216 34.25756668299437 3.880879513919353 0.9861655086278915 3.353205099701881 0.4632243812084198 0 1.614912092685699 618.1444736421108 0 0 0 0 0.2643262445926666 1.493173599243164 0 0.8525800257921219 0.4977512508630753 0.6627557128667831 0.3263540118932724 5.661986365914345 3.116852775216103 2.646473444998264 2.755082160234451 0 0.1409709751605988 0 0 0 0 0.1942618042230606 0.18195940554142 0 0 0.134389191865921 0 0.163481205701828 0 0 0.2205357849597931 0 0 0 0 0 0.1820496916770935 0 0 1.261614814400673 0 1.211519204080105 0.7964164242148399 0.4558672979474068 0 0 0 0 0 0.3406063616275787 0 0 0.259927898645401 0 0 0 0.2014469057321548 0.4749576300382614 0 0 0 0 0 0 0 0 0 0 0 0 0 0 0 0.09965585917234421 0 0 2.993852943181992 0.2849545106291771 0 0.09813295304775238 0.1445932686328888 0 0 0 0 0 0 0 0 0 0 0.3190318495035172 0 1.249148346483707 0 0 0 1.1141626983881 0.9795915633440018 1.248175479471684 162.3046330809593 15.90261613577604 438.8731849268079 61.69494576752186 938.8737896457314 30.4272583797574 5.845187395811081 57.66179513931274 1.54418046027422 0 0.1928179413080215 0 0.1993596702814102 0.1421947777271271 0 0.4065164029598236 6.107954762876034 2.970901966094971
1378.265167184174 1574.689139984548 60.04193160682917 0 199.3889288306236 134.3532366901636 1000.287224315107 3.529589094221592 130.6237323135138 2572.844132825732 13.32008666545153 830.1354157477617 603.1093359738588 296.5559522807598 1.002646446228027 0 0 0.1342692673206329 0 0 0 0 0 0 0.2055989801883698 0 0 0 0 0 36.69543527811766 0.1259479075670242 1.250602602958679 0 0 0 0.8144048303365707 0.1126234084367752 0.4445230960845947 0.08299290388822556 0 0 0 0.09916864335536957 0 0 14.39873429387808 4.466006986796856 0 0 0.7368125095963478 0 0 0 2.743485949933529 2.828055001795292 31.89710967242718 97.51912000775337 5.877843715250492 6.628841735422611 0.1055537462234497 0 0 3.845556110143661 4.599752821028233 2.259131327271461 1.189940750598907 0.5192548632621765 0.3183205276727676 0 19.10763619840145 0 0 55.08020278811455 12.66876459121704 18.95698369294405 2.580273948609829 0 0.2719784379005432 2.628775894641876 0.1402419954538345 1.16415361315012 12.84165174514055 0.3147427886724472 1.042076423764229 3.841010950505733 0.2983871623873711 0.09778501093387604 0.530988872051239 0 0 0 0.1924962997436523 0.2137391194701195 0 89.18477569520473 1.422154784202576 0 0 354.5754080787301 0.2974368780851364 0.360087051987648 0.4729816615581512 0 0 6.378611266613007 0.4109225571155548 2.21716246008873 69.22601298987865 2.290765136480331 3.081679746508598 12.3297703564167 10.03555968403816 7.613422758877277 4.996641248464584 0 0 0 0 0 0 0 0 0 0 0 0 0 0 0 0 0.1878242939710617 0 0 0 0 0.4286172688007355 0 0 1.901033222675323 0 2.947361648082733 0.2688939571380615 0.2812511920928955 0 0 0 0 0 1.269173234701157 0 0 0.2729372531175613 0 0 0 0 0 0 0 0 0 0 0 0 0 0.3754972219467163 0.365763396024704 0 0 0 0 0 0 0 0 6.810063898563385 0 0 0.129132404923439 0 0.1549143344163895 0 0 0 0 0.231966570019722 0 0 0 0 0 0 0.2354832962155342 0 0 0 6.443109512329102 0.6877757459878922 0.821945533156395 81.56042715162039 2.392551615834236 86.58431779593229 13.99210328608751 1031.2830837816 8.022989645600319 1.904318794608116 14.51305461674929 0 1.723163843154907 0 0 2.991484984755516 0 0 0 0.4743213206529617 0
440.7493870183825 4578.040257617831 185.0141412839293 199.3889288306236 0 64.10233348608017 2707.035483822227 109.2457731440663 4057.081601247191 2129.717908158898 2753.20538841933 218.7706093266606 234.345645442605 268.5023411437869 35.74426729232073 3.423271171748638 1.430630519986153 0.5717280134558678 0 0.1001076549291611 0.7778031527996063 0 0.092275470495224 0.1783084720373154 1.708903580904007 0.5310558080673218 0 0.5441690757870674 0.3999487012624741 0.7368436306715012 163.3493798524141 6.435171984136105 13.99032860249281 0 0.1453656852245331 0.3914472013711929 8.105447426438332 1.012997835874557 0.892276719212532 1.435777612030506 1.438391551375389 1.265443108975887 1.349430628120899 0.4459115266799927 0.4998631551861763 0.2468536421656609 121.0868440717459 9.314344972372055 0.4190818071365356 0.5443376451730728 2.416521638631821 0.1894919872283936 0 0.5079199075698853 4.680574990808964 5.981350317597389 21.87183787673712 83.72419776767492 22.53914930671453 28.61940045654774 0.6642009615898132 1.66713909804821 0.226696565747261 38.72193422913551 8.652283631265163 4.697603546082973 3.386955060064793 1.592272870242596 1.194228820502758 2.127229191362858 17.59273940324783 3.295101344585419 0 94.10810846835375 44.82148820161819 136.7042782083154 29.75750336050987 4.123044736683369 2.609313778579235 57.25308036804199 0.9276051968336105 4.515972830355167 20.91264478862286 1.342556416988373 3.005997590720654 8.177084155380726 1.259210579097271 0.448434479534626 1.866321213543415 0.4078464582562447 0.9810191467404366 0.8683935701847076 0.6748499870300293 1.197366528213024 0.9053259268403053 133.2859142869711 1.506034649908543 0 1.150728940963745 89.3257542848587 0.5660516321659088 1.633906543254852 4.02806231379509 0.4933104664087296 1.347315952181816 7.784508168697357 1.79751019179821 9.387814655900002 4.273479968309402 10.41288635134697 8.854045957326889 47.50384169816971 37.88511934876442 37.08610475063324 42.39886616170406 0 0 0 0 0 0 0 0 0 0 0.3284178972244263 0 0 0 0 0 0 0 0 1.403371885418892 0 0 0 0 6.701667040586472 0.5107343792915344 16.96668727695942 2.214565023779869 0.286213606595993 0 0 0 0 0.1324301511049271 0 0 0 1.049389354884624 0 0 0 0 0 0 0 0 0.2507936060428619 0.7130704298615456 0 0 0 0.8671544939279556 0.1641283929347992 0 0.1972426995635033 0 0 0 0 0 0 48.55942933261395 1.653932869434357 0 0 0 1.250010773539543 0 0 0.4422475099563599 0 0.1602122634649277 0 0.5518307983875275 0 0 0.08793503791093826 0 0.1138115972280502 0 0 0 37.04907990992069 9.267521157860756 7.096874207258224 617.3953398689628 29.51637308299541 581.8216299340129 204.5896887406707 1177.041699618101 89.50280719995499 9.940049342811108 274.1412013545632 5.056762501597404 0 2.37257232517004 1.246852666139603 12.39855797588825 0.1634770929813385 0 0.7940887659788132 12.04304868727922 2.966251686215401
31.67373467981815 330.7309636771679 79.16571961343288 134.3532366901636 64.10233348608017 0 140.2915926724672 9.178973406553268 23.10062736272812 689.6320279836655 30.75621290504932 106.3412537574768 57.07722322642803 34.09541474282742 0 0 0 0 0 0 0 0 0 0 0.1856075972318649 0 0 0 0 0 5.327543169260025 0 12.39328217506409 0 0 0 2.811537772417068 0 1.419903248548508 0 0 0 0 0 0 0 0.1145954951643944 0.1654449254274368 0 0 0 6.26999694108963 0 0 0.2126761376857758 0.3109137564897537 76.46978108584881 38.35882745683193 0.8927859216928482 0.2440896406769753 0 0.1750530153512955 0 0.2546054720878601 0.3171944543719292 0.1594846248626709 0 0 0 0 43.12647250294685 84.33812668919563 11.14429816603661 1.162374526262283 0.7214692905545235 0.2970898300409317 0 0 0 13.19835942983627 0 0.5559140890836716 0.3580320626497269 3.291645780205727 0 0.09158015996217728 0.1215328052639961 3.205176636576653 0.8887569904327393 5.104233592748642 0 0.3868415504693985 0.1237381994724274 0.129894495010376 0.5085915625095367 191.1176166534424 57.17776098847389 7.410916090011597 6.709867507219315 361.434986487031 0.1494062542915344 0.26032954454422 0.6805733293294907 0 0.3256122171878815 2.860587999224663 0 0.5827966332435608 2.854794442653656 1.00053183734417 0.9051521867513657 8.604474201798439 6.254062816500664 3.556416273117065 4.038699492812157 0 0 0 0 0 0 0 0 0 0 0 0 0 0 0 0 0 0 0 0.4519484639167786 0 0 0 0 0.9031884074211121 0 1.788058429956436 0.2024166136980057 0.3886633515357971 0 0 0 0.2124508768320084 0 0 0 0 0.5245266556739807 0 0 0 0 0 0 0 0 0 0 0 0 0 0.5570454895496368 0 0 0 0 0 0 0 0 0 5.520639717578888 1.396803379058838 0 0.1615030616521835 0 0.41485795378685 0 0 0.1660396456718445 0 0 0 0.111223466694355 0 0 0 0 0 0.5254513919353485 0 0 3.016475066542625 0.5041411817073822 0.1459553241729736 54.55944816023111 0 3.337462104856968 0.8568463549017906 218.0126767605543 1.079855501651764 0.7854014188051224 0.1625480800867081 0.2419626712799072 0 0 0 3.823485285043716 0.1973635852336884 0 0.3031933009624481 0 0
937.6616474092007 6165.652150526643 47.14094957709312 1000.287224315107 2707.035483822227 140.2915926724672 0 4.621008642017841 1194.089193016291 4920.683275923133 136.8878446370363 634.6339152157307 1151.803130403161 115.7632220983505 24.42984579503536 1.311277106404305 1.475336216390133 0.1357079744338989 0 0.3680932447314262 0.4768036082386971 0 0 0 1.298889636993408 0 0.6231053918600082 0.4415293186903 0.3637656196951866 0 104.0768310204148 2.561003483831882 23.88348957896233 0 0.1247224658727646 1.013723306357861 5.608389034867287 0.3310173749923706 0.4530056118965149 1.005905754864216 0.8699959143996239 0.1402703523635864 0.6995730325579643 0.6262014284729958 0 0.4455828219652176 77.31493025273085 7.588637180626392 0.1427237838506699 0.5017639547586441 1.263579495251179 0 0.1326903849840164 0.529705785214901 2.971350610256195 5.689437873661518 15.54810953885317 60.3485751748085 15.86450904607773 20.11064583808184 1.04669988900423 1.241404592990875 0.09568525850772858 30.57137135416269 6.234493784606457 4.264516100287437 2.389031819999218 1.796686254441738 1.702728770673275 2.54890788346529 38.31052435934544 3.040454655885696 0.4096493199467659 78.19111629575491 33.33670191466808 101.2104882076383 20.0979910120368 3.540309466421604 0.8517118692398071 24.66798748075962 0.8675047904253006 4.704236373305321 17.33749803900719 0.6948520913720131 2.481029391288757 8.138521246612072 1.471512585878372 0.2656954750418663 1.832571789622307 0.1752411425113678 0.8086597174406052 0.745536781847477 1.949889205396175 0.8551542535424232 1.069804713129997 359.6765051558614 1.903953403234482 0 3.338531494140625 147.9735884219408 0.8300704658031464 1.945546612143517 9.116322010755539 0.5170884430408478 1.781114548444748 25.02221924066544 4.701102882623672 28.2952977642417 10.53611546754837 17.34622836112976 16.32713837176561 123.7763055339456 102.5818097740412 76.43765841424465 69.72820042818785 0.2254862710833549 0.2849042862653732 0 0.1271431148052216 0 0 0 0 0 0 0.845737099647522 0 0 0 0 0 0 0 0 2.615832686424255 0.3851900696754456 0.1689319163560867 0 0 18.61886081844568 0 32.95803562551737 3.11295311152935 0.2078748494386673 0 0 0 0 0 0 0 0.2794750407338142 3.356938548386097 0 0 0.119961716234684 0.7154388129711151 0.3752127587795258 0 0 0 0.5205236375331879 2.148473404347897 0 0 0 2.069424822926521 0.1381092071533203 0 0 0.1122278496623039 0 0 0 0 0 97.41738251596689 0.9783993065357208 0 0 0 1.509639531373978 0 0 0.6564494222402573 0.290708988904953 0.4137086570262909 0 0.3025559186935425 0 0 0.1220241189002991 0 0.08202286064624786 0.1433165967464447 0 0 72.51124268770218 13.56055062264204 13.84240476042032 480.0618707314134 22.63943887501955 369.2775545716286 128.2843946814537 1148.575122080743 56.07201846688986 8.540666610002518 185.1685436889529 7.14356005191803 0 4.524940833449364 1.579411156475544 19.14290481060743 1.302350305020809 0 1.617449559271336 10.39120887964964 3.454104542732239
262.6959919929504 585.2712325677276 2582.049183145165 3.529589094221592 109.2457731440663 9.178973406553268 4.621008642017841 0 143.1201536133885 5.372243955731392 2154.178690761328 0.9102644175291061 10.280747435987 130.5951479747891 50.6797144934535 8.85703906416893 6.114047765731812 5.483849510550499 1.688566625118256 13.66409670561552 72.8538661673665 0 9.213339455425739 26.98286144435406 92.73342912644148 50.29766358435154 39.50334107130766 7.974836468696594 4.910975314676762 15.92671459913254 1287.331652194262 562.1281426101923 134.3040895611048 0.4764427244663239 16.20370469987392 113.4820747748017 122.7334592789412 43.14468859136105 1.565036088228226 36.10585953295231 39.04941733181477 6.689134083688259 14.22263862192631 28.3407736569643 4.564372681081295 15.37654019147158 110.0550694987178 8.113269977271557 0.8676287084817886 7.703589536249638 3.605210445821285 0.3526574447751045 0.8390805721282959 1.02987203001976 4.422485262155533 5.843723230063915 25.56817345321178 395.6048395335674 16.7225895896554 27.62769386917353 231.5544309616089 137.9838989153504 27.68937815725803 91.05148405581713 7.517810977995396 5.540024511516094 5.01409237831831 6.159912876784801 24.07016491889954 150.6875550895929 4.819429129362106 1.49659276008606 0 143.8171279579401 66.33063573390245 132.2743790745735 70.28905858099461 133.7701496705413 2326.513959817588 2330.67708466202 1304.15650845319 2626.952966734767 26.76696282625198 0.3550829663872719 3.120012938976288 8.563142828643322 9.444337345659733 0.1753377392888069 1.245958171784878 0.2922121584415436 0.5369102135300636 0.1679770201444626 54.36815368384123 11.81453805416822 2.273966051638126 1.558311596512794 0.2984493225812912 0 0.674685999751091 215.3457040339708 0.1201791912317276 0 0 0 0 0.1390089243650436 0 0.5989451557397842 0 0.1624603420495987 0.1677609831094742 0.6906964778900146 1.708527758717537 2.608242683112621 1.50548292696476 0 0 0 0 0 0 0 0 0 0 0 0 0 0 0 0.8342533931136131 0 0.2188900113105774 0 0 0 0 0 0 0.1607391685247421 0.5908297002315521 2.052432589232922 1.400852628052235 0.154449999332428 0.2373345047235489 0 0.1082396507263184 0 0 0 0.2338906526565552 0 0.1531107574701309 0 0 0.3439091742038727 0.1651853322982788 0.9446461647748947 0 0 0.1046639010310173 0 0 0 0 0 0 0 0 0 0 0 0 0.1125471442937851 0 0.1206194832921028 1.865275882184505 1.088590115308762 0 0 0 0 0 0 0 0 0 0 0 0 0 0 0.09091605246067047 0.103973500430584 0.1227365955710411 0 0 1.533535905182362 1.241567522287369 1.138968840241432 210.2900465130806 14.80763413012028 418.3315978273749 89.72906552255154 339.8090592846274 39.58598621189594 7.550432309508324 114.1818011328578 0.8995258286595345 0 0.4375941753387451 0.3276841640472412 0.6506545692682266 0 0 0.5007527470588684 4.452813558280468 3.381797224283218
278.6612437069416 6184.537667438388 741.8613815233111 130.6237323135138 4057.081601247191 23.10062736272812 1194.089193016291 143.1201536133885 0 1584.774848207831 2600.014124006033 529.5938504785299 3099.415698170662 1162.138963215053 47.5161949545145 7.10768773406744 2.783571921288967 1.136189952492714 0.4972511753439903 0.5769263505935669 0.6921366229653358 0.5541159957647324 0.3905109763145447 1.161867864429951 16.57293628156185 2.140695586800575 4.195895008742809 3.936520472168922 1.575569346547127 2.474943935871124 108.5196937322617 9.568313531577587 60.92717938870192 0 0.5442548990249634 7.996166169643402 23.4759188964963 10.00240506231785 7.499833799898624 14.2704114317894 5.416553631424904 1.968617431819439 1.40226986259222 1.020939446985722 0 0.4104300513863564 99.3351568877697 4.355710864067078 0.2547021061182022 1.750991486012936 3.22416777163744 0.1395634412765503 1.442279845476151 0.3578899353742599 2.48976069688797 4.279699809849262 13.90240334719419 48.05882699042559 13.29838085174561 16.37670838832855 0.1066765189170837 6.134608000516891 0.3125615268945694 29.83747513592243 4.430999204516411 3.510883450508118 3.406349904835224 2.94451654702425 3.32997764647007 10.05734223872423 65.46223676204681 9.933074057102203 0 52.53323199599981 27.83138843625784 83.67594186216593 30.62390883266926 8.435916922986507 3.777109727263451 184.7938963249326 1.447826981544495 18.26229960471392 11.63796777278185 1.069280162453651 1.713644780218601 5.036273986101151 2.114194221794605 0.1966481581330299 1.599510967731476 0.3928215727210045 0.7997444793581963 0.5580119863152504 5.709524370729923 4.074643261730671 2.40279021859169 317.4038932025433 11.10539727658033 0 7.778748996555805 56.56683483719826 2.332008227705956 2.517778858542442 4.800563275814056 1.050210490822792 1.652937948703766 27.53854016214609 4.692336544394493 27.03282619267702 9.892034113407135 22.14436805993319 19.2512177452445 135.0150181651115 98.31419021636248 107.7690935954452 82.75250504910946 0.7255083173513412 0.252999059855938 0 0 0 0 0 0.3861102610826492 0 0 0 0 0 0 0 0 0.2924112975597382 0 0 1.167598962783813 0.8039318174123764 0 0 0 26.86824733018875 0.9305369704961777 38.10150271654129 5.54228699952364 0.4362343996763229 0 0 0 0 0 0.4644873142242432 0 0 3.676771901547909 0 0.1559287160634995 0 0.5134739428758621 0 0.3438584506511688 0 0 0.7788569182157516 1.355707816779613 0.4970680177211761 0 0 1.549922496080399 0 0.3056754022836685 0.1318831145763397 0 0 0 0 0 0.1935856938362122 130.0434907823801 2.023850366473198 0 0.1136283203959465 0.5366773009300232 2.489564560353756 0.1477860510349274 0 0.7103159874677658 0.5644387602806091 1.193136163055897 0.679083839058876 0.2642473131418228 0 0 0 0 0 0 0 0 82.78734438866377 25.70121552050114 18.32150659710169 1086.278585538268 26.37812251597643 551.6000317782164 210.2169121876359 639.2181637510657 73.13995709270239 9.513258896768093 372.6033883616328 10.81745994091034 0 7.008178152143955 0.6161830127239227 19.04144763201475 2.467036627233028 0 3.829919934272766 17.08148014545441 5.139396250247955
2243.405522324145 1789.022319741547 24.40094643086195 2572.844132825732 2129.717908158898 689.6320279836655 4920.683275923133 5.372243955731392 1584.774848207831 0 40.39712585508823 3776.784294493496 6426.706738755107 2142.754267767072 6.823773249983788 0.241805762052536 0.4317089319229126 0.1963143199682236 0 0 0.0946565642952919 0 0.3066102266311646 0.1662665903568268 1.002664864063263 0 0.2810902744531631 0.2809855937957764 0.3567695915699005 0 39.46576431393623 0.9146674796938896 24.05980982631445 0 0.185784250497818 0.7895040139555931 11.20640861988068 0.4799699336290359 1.66458111256361 0.812981128692627 0.3557410314679146 0.1301607489585876 0.7337850630283356 0 0 0.1081454530358315 26.01096976548433 3.107685051858425 0 0.09098320454359055 0.744625024497509 4.3254035115242 0.2082547843456268 0 2.698587812483311 2.782437920570374 86.71448449790478 86.52604974061251 9.677513509988785 9.97739851474762 0.5822106972336769 4.093669660389423 0.1097880452871323 8.632546223700047 3.661928445100784 1.808998472988605 1.32534135133028 0 0.32437963783741 0.4837326481938362 183.5008578747511 27.76705473661423 1.425459235906601 55.58044085651636 17.10936924815178 34.19531775265932 6.256799779832363 1.039860308170319 0.6115102469921112 30.51619002968073 0.5047455579042435 9.932008400559425 14.62403281033039 0.8748821169137955 1.277620270848274 5.800499655306339 1.26910524815321 1.33732283115387 0.3971179276704788 1.225176990032196 0 0.535352922976017 0.5894655510783195 0.2680769264698029 0.2778163030743599 934.8359969705343 34.92692265659571 1.949186637997627 7.121661372482777 838.9918533787131 1.148498669266701 5.189134120941162 5.235523000359535 0.8424778282642365 2.036279305815697 28.16728150844574 4.54109288752079 28.53572456538677 37.47648094594479 24.78220854699612 17.45988318324089 116.503066405654 79.33351691067219 83.87561850249767 62.13180574029684 0.6788211688399315 0.5363760590553284 0 0 0 0.1931184530258179 0 0 0 0 0.1547525823116302 0 0 0 0 0 0.2477602511644363 0.2123939245939255 0 1.663800954818726 0.1233524978160858 0.2045193165540695 0 0 13.4635012447834 0.1967548280954361 28.16271666437387 3.670747868716717 0.2216168344020844 0 0 0 0 0 1.77489860355854 0 0.1957982778549194 2.93326859921217 0 0 0 0 0.1435567587614059 0.1405568867921829 0 0.1074561178684235 0.4490032643079758 2.150212787091732 0 0.4370102882385254 0 0.8686404824256897 0 0 0.1146505996584892 0 0 0 0 0 0 84.85241793096066 2.0354393273592 0 0 0.10596564412117 1.093508914113045 0 0 0.4279078841209412 0.1747326254844666 0.88784159719944 0.7936014831066132 0.3271812945604324 0 0 0 0 0.1101043969392776 0 0 0 63.47366520017385 10.70670737326145 10.92683777958155 329.6093525886536 6.547091536223888 193.30946187675 43.49629812687635 2580.979807503521 21.79401506483555 3.053267940878868 73.76135875284672 4.835082270205021 0 4.625746823847294 0.9845738559961319 28.66932624578476 0.5077829509973526 0 1.890558868646622 11.71889659762383 1.515153735876083
681.9533591419458 3922.468325339258 3213.010897547007 13.32008666545153 2753.20538841933 30.75621290504932 136.8878446370363 2154.178690761328 2600.014124006033 40.39712585508823 0 23.90319412946701 528.6839230060577 1370.364485755563 47.63199720531702 7.785440713167191 2.910584278404713 1.836676016449928 0 0.3285563886165619 0.306330032646656 0 0 1.21851958334446 22.63917150348425 4.391808390617371 8.173892363905907 6.328171357512474 5.382886737585068 2.476738452911377 643.7360106632113 24.37041392177343 157.6530945301056 0.1433846354484558 0.5839292332530022 17.45615214854479 94.29791914671659 58.59317784756422 8.754124611616135 35.85844247788191 9.969563357532024 5.30958054959774 2.841281041502953 0.995352029800415 0 0.6207606270909309 91.94759407639503 7.273777812719345 1.10869799554348 0.5273130685091019 4.081019014120102 0.7148646265268326 2.506790265440941 1.231399640440941 4.802226528525352 5.339376032352448 23.02652338147163 186.3459109887481 17.8999005407095 23.17880026251078 2.795234464108944 19.77680616080761 1.193517118692398 48.35898702591658 7.877442225813866 5.341760858893394 3.022604860365391 2.497958831489086 4.938853837549686 9.352475799620152 40.78376575559378 6.382504880428314 0 98.64319813996553 45.27050127834082 115.8115231692791 38.75755166262388 7.606544680893421 27.50839128345251 2770.543940134346 6.998916618525982 218.3804461732507 20.56397196650505 1.236701972782612 1.787403114140034 9.977907881140709 3.785646796226501 0.2405485585331917 3.010820053517818 0.4484150409698486 0.9963922724127769 0.2423001527786255 5.965066127479076 6.86463351547718 2.069390863180161 29.86164502799511 6.538047447800636 0 5.815902218222618 221.861884303391 0 0.215312197804451 1.121066406369209 0 0.158499538898468 0.9019501507282257 0.4215526431798935 1.505981527268887 0.1286551952362061 0.6187463998794556 0.8540956303477287 9.887445941567421 8.413721084594727 10.21867832541466 7.546527713537216 0.533311516046524 0 0 0 0 0 0 0 0 0 0 0 0 0 0 0 0 0 0.2216357737779617 0 0.2383590042591095 0 0 0 3.676028981804848 0.4141601920127869 5.709287524223328 1.980219304561615 0.6620486155152321 0 0 0 0 0 0.1467538177967072 0 0 0.7595307379961014 0 0 0 0.3368918001651764 0.3021782636642456 0 0 0 0.1413475722074509 0 0 0 0 0.6444437056779861 0 0 0 0 0 0 0.1272560358047485 0 0.1519241482019424 13.72591441869736 2.038495972752571 0.1523912101984024 0 0 0.1588406711816788 0.133492037653923 0 0 0.1400579214096069 0.1650181263685226 0 0 0 0 0 0 0.2166538313031197 0 0 0 7.577391773462296 5.696918599307537 2.818268835544586 423.2602305486798 13.49254009127617 427.6180606037378 128.9891076907516 506.8188330605626 45.25407772511244 6.535477072000504 169.4467736035585 4.030529476702213 0 1.172968924045563 0.3334265723824501 2.026472359895706 0.3387835323810577 0 0 10.9261407032609 3.35305480659008
605.2265065684915 158.4906448572874 6.545923873782158 830.1354157477617 218.7706093266606 106.3412537574768 634.6339152157307 0.9102644175291061 529.5938504785299 3776.784294493496 23.90319412946701 0 3222.11203879863 882.3891684412956 5.293003030121326 1.030879847705364 0.7040867060422897 0 0 0.1342784017324448 0 0.7619160413742065 0 0 2.386740118265152 1.212612643837929 0.8681987822055817 0.2427444607019424 2.03068270534277 0.3764230608940125 15.15646523237228 0.5450897514820099 66.50002958625555 0 0.1217580363154411 0.8095933645963669 33.12821215391159 3.159619644284248 56.75416958332062 7.999154828488827 0.583787277340889 0.4109228849411011 0.08313777297735214 0.1280706524848938 0.1368830949068069 0.640507847070694 20.69446558505297 1.0423768684268 0 0.4859523177146912 0.1257991790771484 3.307258389890194 6.899188488721848 0 1.100718431174755 0.3945475444197655 9.178690850734711 14.89524468034506 3.302565336227417 4.277377903461456 0.5804117321968079 0.5091218948364258 0.219469889998436 5.615512944757938 1.645085692405701 1.006020106375217 0.5973509103059769 0.4538130387663841 0.6357561871409416 1.759901240468025 322.7076376229525 35.79630100727081 0.1653265208005905 21.11534351855516 6.862502254545689 22.85342781990767 5.52040009200573 0.9746497720479965 0.4136615842580795 20.16464082896709 0.2270475924015045 1.505838893353939 5.142594769597054 0.2086767256259918 0.591652899980545 1.078812547028065 0.578801117837429 0 0.3717741891741753 0.9143910855054855 0.1449591070413589 0.1587413102388382 0.607170470058918 1.075328275561333 0.5142873078584671 1239.002688720822 68.71532838046551 2.425765797495842 145.7050146386027 91.01858644932508 1.782184794545174 2.043647818267345 5.201084583997726 0.9944911152124405 1.371134594082832 21.80583820492029 4.006372660398483 18.58035384863615 5.692254021763802 10.61872664839029 12.28064417093992 89.86504939943552 79.34138444811106 81.15502980351448 61.73536221683025 0.7952642887830734 0.314947634935379 0 0 0 0 0 0 0 0 0 0 0 0 0.2828895449638367 0 0.4369058459997177 0.5524581074714661 0 1.046302124857903 0.1340514421463013 0.1910400241613388 0 0 16.36668591946363 0.8107190877199173 32.40678735077381 4.468959532678127 1.059816680848598 0 0 0 0 0.1116158813238144 0 0 0.1258449405431747 2.479112669825554 0 0 0.1481782793998718 0.4674819558858871 0 0 0 0 0.5741162374615669 1.189608559012413 0.1957207173109055 0 0 0.7207684069871902 0 0 0.09463095664978027 0.1256458312273026 0.218403622508049 0 0.1666479706764221 0 0 102.7404887005687 5.425911627709866 0.1359182447195053 0.1608141213655472 0 0.9405042976140976 0 0 0.2890528365969658 0.8034135401248932 0.4711930379271507 0.2637489289045334 0 0.1086149364709854 0 0 0.1232045292854309 0 0 0 0 78.54565268009901 23.76289360225201 16.39093490689993 198.4545396715403 4.163033910095692 116.5415515676141 27.01772785931826 602.3218900412321 12.28921051323414 1.174845889210701 52.60196761786938 6.255760982632637 0.3217897415161133 7.418893173336983 0.9334245249629021 18.07588693499565 1.517293579876423 0 3.875119864940643 5.929588139057159 0.8556199669837952
226.0890073180199 1017.087493002415 69.82027891278267 603.1093359738588 234.345645442605 57.07722322642803 1151.803130403161 10.280747435987 3099.415698170662 6426.706738755107 528.6839230060577 3222.11203879863 0 2544.668600283563 46.5408843755722 8.827464431524277 6.922547996044159 0.8501921370625496 0 0.5273090749979019 0.8710567206144333 1.15129791200161 0.3413027077913284 1.608085975050926 23.01135648787022 3.912657633423805 8.074595808982849 8.118428602814674 5.701338686048985 1.640371687710285 30.17550895363092 7.580545626580715 491.5253286883235 0.2934617400169373 0.5458084642887115 8.638043828308582 111.6588265672326 11.96347318589687 142.6146173030138 43.43565712869167 8.012317419052124 4.469227328896523 1.947909638285637 1.509597398340702 0 0 65.48454559594393 3.366580247879028 0.8988257274031639 2.387809880077839 1.935653641819954 5.7452137991786 20.90673284232616 1.440862536430359 2.404594205319881 2.131597593426704 11.07047233730555 20.60887696594 8.614717341959476 8.734513930976391 2.559323593974113 7.006791576743126 2.164767742156982 18.96380500495434 2.668935135006905 0.8474229425191879 1.061066351830959 2.20326179265976 11.69578012824059 8.493474833667278 1539.893277138472 91.52361822128296 0.2634187638759613 23.64270112663507 15.93503306806087 52.90482863783836 23.68277534097433 7.899267442524433 1.514173291623592 136.8150885105133 0.470172718167305 14.85747468471527 7.182751998305321 0.8218749463558197 1.107899725437164 3.347729556262493 3.439948052167892 0.5194777324795723 1.243680648505688 0.8544640764594078 0.6934264674782753 1.376757472753525 5.990754768252373 6.931123353540897 5.268106117844582 2722.745304144919 212.4823664501309 3.907352939248085 569.3625282049179 81.64886040985584 1.857593156397343 4.122679270803928 13.19719521701336 1.839015886187553 4.929943889379501 43.57256685197353 9.223972983658314 48.10356213897467 15.22202970832586 34.43585161119699 36.46337081491947 214.0526766777039 184.9582972303033 213.898056358099 170.2450558915734 0.9289689138531685 0.1470382660627365 0 0 0 0 0 0 0 0 0.1854973435401917 0 0 0 0 0 0.6817480474710464 0.6189639717340469 0.6869428902864456 4.715581066906452 0.4533444046974182 0 0.1419465839862823 0 42.67506565898657 2.881611496210098 85.20935801416636 17.04634143412113 1.24286612868309 0 0.390601359307766 0.1228126510977745 0 0 1.11952917277813 0 0.9039926379919052 5.151888132095337 0 0.1237984597682953 0.2979875802993774 1.836502403020859 0.3229415416717529 0 0.1878679990768433 0 0.4191883504390717 4.24662883579731 0.9372002258896828 0.4621810764074326 0 4.038891889154911 0.1433155685663223 0 0 0 0 0 0 0 0 305.6784587055445 13.94358747452497 0.4728721231222153 0.2143979296088219 0.2485392242670059 2.784616678953171 0 0 1.347960166633129 1.317375123500824 1.871393136680126 0.736820749938488 0.7489406019449234 0 0 0 0 0.1209635958075523 0 0 0 191.4893974512815 66.11376365274191 41.81186129897833 711.8491047173738 22.84487161040306 310.3997483253479 123.1151448488235 500.5636728927493 39.00605289638042 6.817960180342197 220.5554231628776 18.328727401793 0.211383581161499 12.4769771695137 1.781880833208561 35.2384884506464 3.612169206142426 0 5.776864126324654 15.77884869277477 4.15608187019825
273.909330740571 1073.78425014019 333.1625231206417 296.5559522807598 268.5023411437869 34.09541474282742 115.7632220983505 130.5951479747891 1162.138963215053 2142.754267767072 1370.364485755563 882.3891684412956 2544.668600283563 0 52.0222707092762 10.43788527697325 3.302103996276855 0.7342252284288406 0.1582433134317398 2.126514308154583 2.672498375177383 0.2980774939060211 1.059411071240902 0.881626196205616 28.59859411418438 6.989950440824032 10.46367482095957 13.65036404132843 6.983663834631443 4.218380607664585 112.7293429523706 8.504112124443054 501.9022967591882 0 0.3329554945230484 14.39456722140312 205.0700965374708 64.26175306737423 104.3518218621612 65.96060700714588 11.51584063470364 12.43721204996109 2.241183802485466 1.592412196099758 0.2677841335535049 0.4695983976125717 73.01208274811506 3.440032169222832 0.6917803287506104 2.8193129748106 1.612153694033623 4.371223598718643 18.64134165644646 1.381086826324463 2.589343592524529 3.270672298967838 13.64751965552568 43.2149992659688 8.206389337778091 10.70315834134817 1.539605215191841 18.68980546295643 2.43337145447731 28.14261415600777 3.663734219968319 2.716923654079437 1.953244186937809 2.41512756049633 10.71444631367922 10.58661375194788 754.8652354702353 36.19883243739605 0 44.96535866707563 26.90129784494638 71.3625201806426 28.79076314717531 11.71664188802242 5.358766995370388 777.9149264767766 5.010771282017231 78.48903592675924 10.25700901448727 1.135998591780663 1.289635486900806 4.022267065942287 4.084309287369251 0 0.75532566010952 0.2650228589773178 1.114027559757233 0.5732604563236237 12.26651980727911 11.15833056718111 4.96585900336504 628.7921926751733 123.4309242218733 0.5860572308301926 151.4326690733433 82.30847351998091 1.930212281644344 2.114756226539612 4.340826459228992 0.7085575759410858 1.819729804992676 21.19129876047373 2.790135696530342 22.84620867669582 6.733614653348923 17.31707552075386 20.286178201437 99.24958122521639 91.80466607958078 119.0759349390864 78.90408056229353 0.8071547597646713 0.8090128228068352 0 0 0 0.1737539321184158 0 0 0 0 0 0 0 0 0 0.206662192940712 0.8368523269891739 0.4112513363361359 0 1.722725614905357 1.031959712505341 0.1406539082527161 0 0 28.72203085571527 1.038157075643539 43.9978084564209 13.90631186962128 2.55628302693367 0 0.1562507450580597 0 0 0 0.1869698464870453 0 0.5444359853863716 3.759464897215366 0.1346270889043808 0.1032165139913559 0.2671357914805412 1.300401359796524 0 0 0.1072988659143448 0 1.024223633110523 3.187493547797203 0.115361399948597 0.1690014004707336 0.3650944232940674 1.951641783118248 0.2687542736530304 0 0.1062512323260307 0 0 0 0 0 0.2018443644046783 151.056389182806 5.962368428707123 0 0.346723735332489 0.1578388810157776 2.287950992584229 0.2142331749200821 0 1.939452670514584 0.1253616511821747 0.9363769739866257 0.4036548882722855 1.028827339410782 0.216999277472496 0.1068709045648575 0 0 0.1895937323570251 0.1064303517341614 0 0 82.82633572071791 33.10647085309029 24.43512734770775 837.3128633871675 23.31821269541979 418.9439975321293 121.95120742172 457.2810387089849 33.21721491962671 6.90512902289629 224.5185820832849 12.12495417892933 0 10.1825647726655 1.888397522270679 20.63557353615761 1.926936417818069 0 5.250246055424213 11.66662848740816 5.525257438421249
