0 3710.436172388494 642.7156850472093 412.2327619865537 177.6843817681074 360.6255489140749 661.9534755572677 270.3597120419145 32.91201382875443 221.426247574389 351.5294128805399 4.134446948766708 77.61352657526731 100.4417461454868 4.866860918700695 1.87577909976244 0.124281994998455 0.1089129224419594 0.09470261633396149 0.1229516938328743 0.2783098816871643 0 0 0 0 0 0 0.2131466045975685 0 0 613.9943030551076 8.548051685094833 39.88365041464567 0 0.1269306093454361 0 9.499698102474213 0.1418324857950211 0 0.293895810842514 0.1438523381948471 0.2416216507554054 0.2185970991849899 0.3860153555870056 0 0 12.28216492384672 2.426752634346485 0 0 0.2780269756913185 0.2157776057720184 0 0.2493454664945602 0.4225179180502892 1.133533045649529 181.9627170488238 649.0770905837417 17.09561510384083 11.09745690971613 0.1324385404586792 0.1824752390384674 0 2.903483167290688 2.083582453429699 1.521795660257339 0.203983798623085 1.318939208984375 0.09272494912147522 0.1447434723377228 11.87020322680473 4.00494384765625 0.1725301444530487 109.4562020897865 15.95353454351425 14.20337151736021 3.711597450077534 0.48894003033638 0.1169905364513397 22.00630419701338 0.9996269345283508 0.7160517573356628 5.411942839622498 0 2.473771840333939 1.096475392580032 1.001466363668442 0.4849568605422974 0.09307674318552017 0 0.1064541265368462 0.4798476696014404 0.1286749988794327 0.09841517359018326 0.2207504883408546 29.08956487476826 0.1601630747318268 0 0 915.3401333168149 0 0 1.119004935026169 0.5611125528812408 0 3.582748159766197 0.9063023924827576 4.556154645979404 40.10943213105202 0.81504225730896 0.2193347364664078 2.013418078422546 2.804875776171684 3.140926904976368 1.002867236733437 0 0 0 0 0 0 0 0 0 0 0 0 0 0 0 0 0 0 0 0.1339308172464371 0.3119141161441803 0 0 0 0.1332452595233917 0.1202625036239624 0.3347476869821548 0.3278987258672714 0 0 0 0 0 0 0.1143465265631676 0 0 0.5671495795249939 0 0 0 0 0 0 0 0 0 0 0 0 0 0.7632812112569809 0 0.2116825431585312 0 0 0 0 0 0 0 2.175348952412605 0 0 0 0 0.2124348059296608 0 0.6866758167743683 0 1.110670231282711 0.5079617276787758 0 0.5087659955024719 0 0 0 0 0.08454076945781708 0 0 0 1.306826338171959 0.3636220991611481 0.7087172865867615 29.01367408782244 2.509315140545368 42.76302924752235 4.160763651132584 532.2913637012243 12.63985104113817 0.8805871978402138 7.114266648888588 0.3342487663030624 0.1541755497455597 0.9727353155612946 0.347780853509903 1.595763981342316 0 0 1.361479684710503 0.2705848217010498 0
3710.436172388494 0 4341.324760936201 257.8537410795689 2661.434793055058 1389.117313362658 2583.20821018517 388.2763775065541 1471.889749638736 741.4790814965963 2136.044994279742 96.10727109014988 1487.194776847959 954.5233840122819 63.01673197001219 6.406340956687927 0.5664490833878517 0.3557002618908882 1.050463132560253 0.629751943051815 0.638224370777607 0 0.3434817716479301 0 0.1008056700229645 1.479452319443226 0.1761788800358772 1.567021101713181 0.6135762706398964 0 3239.890815421939 121.7376048266888 28.33918178826571 0.1090736016631126 0.104110062122345 0 9.921926908195019 0.3614242374897003 0 0 0.5091236531734467 1.390719845890999 0 1.646460115909576 0.4246280789375305 0.1899055987596512 274.620793685317 21.78037749230862 0.9015861004590988 0.2120231539011002 1.696118853986263 0.3644485771656036 0 0.5955858901143074 3.848053872585297 9.783768013119698 211.461268633604 1039.84241951257 39.72178458422422 98.20909164100885 1.314833424985409 1.279519595205784 0 71.01015900075436 15.80695143342018 14.84124800562859 4.54531042277813 12.40623251348734 0.8966970890760422 0.7216458320617676 10.37303106486797 9.68463034927845 0.4589142352342606 425.0781267881393 139.8018658235669 165.8941586464643 62.51257050037384 5.411865301430225 3.019611708819866 24.46238704770803 1.456266440451145 6.347728103399277 37.73414106667042 0.8608047366142273 18.16142589598894 15.74540937691927 8.605335757136345 0.08622410148382187 2.294209823012352 0.1285957396030426 0.6479441300034523 0.3092156648635864 1.003721587359905 0.5994502678513527 0.356339804828167 190.4889259785414 1.705817252397537 0 0 1770.624707087874 1.563256621360779 6.407785981893539 11.10474988818169 4.471413493156433 3.79379890114069 34.20854901522398 13.0962453186512 45.34395967423916 26.54754127562046 23.49356088042259 5.55775585770607 44.8243166282773 56.62084525823593 46.0014054775238 10.53245516866446 0.3220356702804565 0.1432614773511887 0 0 0 0 0 0 0 0 0 0 0.1135154739022255 0 0 0 0 0 0 2.626285403966904 0.8279699087142944 0 0.3365122973918915 0 5.262759104371071 0.8407294601202011 5.135875634849072 1.172440491616726 0 0 0 0 0 0 0 0 1.689854197204113 2.562104679644108 0.5765700787305832 0 0 0 0.1108236089348793 0 0 0 0.660987377166748 1.315865755081177 0 0 0 7.017362713813782 0 0.2408993169665337 0.2639801204204559 0.1872680485248566 0.1501339375972748 0.1283808052539825 0 0 0.1396342366933823 29.75555817037821 0.3964673578739166 0 0 0 8.622676782310009 0.7020295709371567 3.311359122395515 2.358284153044224 8.331631995737553 11.14256153255701 0.3619016408920288 1.751754626631737 0.8387993723154068 0 0.09251353889703751 0.1017569676041603 0.2708278298377991 0 0 0 15.43462797999382 1.16989578306675 3.399883389472961 121.3668034672737 16.8127610757947 607.7901195064187 23.32006419450045 1010.397753849626 117.8804829865694 7.258051440119743 40.8406884521246 8.90504290163517 0.2220435589551926 10.33049074560404 0.9364570081233978 11.0289282053709 0.4824489504098892 0 0.524051696062088 1.178316131234169 0
642.7156850472093 4341.324760936201 0 7.991957917809486 1057.995193213224 303.4865158498287 200.8075316846371 3886.880514293909 480.5553838312626 23.14672227203846 3564.40217191726 10.0754602253437 229.5371507182717 585.1796906962991 52.49533326923847 19.94996869564056 1.946831911802292 0.3683757334947586 0 0 1.153513729572296 0 0.1017826721072197 0 0.09586191177368164 1.248940393328667 0.1895027458667755 1.087864838540554 0.1666527390480042 0 2369.87596476078 271.3567976504564 185.2042237445712 0.4815690517425537 0.4364453554153442 0.371417760848999 42.27164396643639 3.220516189932823 1.224729523062706 0 0.6037671267986298 1.607405506074429 0.9133885651826859 3.867842465639114 0 0.8788687437772751 127.7259485423565 8.191476576030254 0.7530507370829582 1.351527392864227 0.5897784382104874 0.7930746376514435 0 0.4375204518437386 1.297387480735779 3.998550295829773 114.9808063656092 769.2500167116523 17.97474174201488 39.99952168017626 6.333568289875984 7.636271275579929 0.5485375747084618 119.0068974047899 5.241445906460285 4.883896596729755 2.204450301826 4.745949782431126 1.039316944777966 5.364710308611393 38.32135790586472 4.71321465075016 0.3372643738985062 219.5764985531569 122.358634673059 85.61723710596561 59.89993318915367 11.66422044485807 50.43325214833021 953.4509715363383 6.718977980315685 186.9460515081882 16.65889808535576 0.1901305988430977 7.535029694437981 5.424533270299435 4.556976310908794 0 0.252439558506012 0 0.9229148477315903 0.372900627553463 9.396415412425995 1.382081590592861 0.9473695158958435 24.59700207412243 3.197515726089478 0 0 496.3559169694781 0.5821846127510071 0.1470355838537216 0.1839533597230911 0.5037076473236084 1.821813493967056 4.292112529277802 3.469745218753815 6.639177605509758 5.042313873767853 4.871015995740891 2.464005514979362 9.260684847831726 10.88469752669334 11.28026930987835 3.405184462666512 0 0.2552637755870819 0 0 0 0 0 0 0 0 0.1917851120233536 0 0 0 0 0.1603566557168961 0 0 0 1.847241073846817 1.228676408529282 0 0 0 2.151125267148018 0 1.041691496968269 1.213748291134834 0.3512890338897705 0 0 0.2806681096553802 0 0 0.2675342857837677 0 0.6216820776462555 0.7744745761156082 0.1847136616706848 0 0 0 0.7996739000082016 0 0 0 0.1276027262210846 0.8070301115512848 0 0 0.1744463592767715 3.298903830349445 0 0.1332342773675919 0 0.1245566681027412 0 0 0 0 0 6.33555393666029 0 0 0 0.1484993100166321 2.137873128056526 0.8630275428295135 1.619458317756653 1.063020005822182 4.281067237257957 2.356521502137184 0 0 0.2252463847398758 0 0 0 0 0 0 0 4.438409119844437 0.9548772573471069 0.308991014957428 102.0460716411471 13.55256076157093 245.2199372276664 15.94522049278021 337.7438873201609 39.29247600585222 3.067914187908173 30.40602640807629 3.844202920794487 0 3.834708578884602 0.5796322971582413 1.971183001995087 0.1193963959813118 0 0.4807016104459763 0.6781258434057236 0
412.2327619865537 257.8537410795689 7.991957917809486 0 18.99748063087463 804.535868614912 816.7395901978016 2.164189219474792 35.56655630469322 2082.268557459116 4.311831280589104 182.9260710328817 1271.091504856944 90.18924953043461 4.635283105075359 0.4667612388730049 0 0 0 0 0 0 0 0 0 0.1031349524855614 0 0.1119825839996338 0 0 56.30574943125248 1.100934103131294 0 0 0 0 0.4691264033317566 0 0 0 0 0 0.1675786077976227 0 0 0 15.29801818728447 2.113933779299259 0 0 0.1320370435714722 0 0 0 0.6276544854044914 0.4207463935017586 24.3316947966814 82.19795622676611 3.937607452273369 7.711384788155556 0 0 0 2.967819690704346 1.309115283191204 1.084516018629074 0.3057165518403053 0.9337311983108521 0 0 1.977726370096207 1.88342097401619 0 38.96465212106705 7.758964136242867 10.47658941149712 3.200558334589005 0.529012143611908 0 0.1328043788671494 0 0.2554615288972855 3.263431340456009 0 1.773325823247433 0.9074744954705238 0.5936960950493813 0 0.1130740270018578 0 0 0.2679174244403839 0.09483212232589722 0 0 137.4443270564079 0.8292572200298309 0 0 107.5353490114212 0.5182608962059021 0 4.687074437737465 3.401032701134682 0.6072274446487427 13.18035770952702 3.840571373701096 13.63255229592323 37.20052885264158 9.169828221201897 1.603719055652618 17.34580375254154 21.86885339021683 14.88405816257 2.117040991783142 0.1372410207986832 0 0 0 0 0 0 0 0 0 0 0 0 0 0 0 0 0 0 0.5291069447994232 0 0 0 0 1.395310059189796 0 0.4839546829462051 0.5309340506792068 0 0 0 0 0 0 0 0 0.2474023550748825 1.067197427153587 0 0 0 0 0 0 0 0 0 0.3417425155639648 0 0 0 0.7053467631340027 0 0.1386046707630157 0 0.08693006634712219 0 0 0 0 0 9.055845275521278 0 0 0.1017949730157852 0 1.449239246547222 0.2342397570610046 0.6014085561037064 0.3136736154556274 1.290853291749954 2.953147649765015 0.229706808924675 0.3167464882135391 0.1064610555768013 0 0 0 0 0 0 0 7.466424256563187 0.4246268272399902 0.3689635694026947 12.36775515973568 0.698829174041748 40.27286930382252 1.675297319889069 237.0474535897374 6.990065895020962 0.2996084839105606 1.828530088067055 0.2621377110481262 0 2.220987088978291 0 3.908492743968964 0 0 0 0 0
177.6843817681074 2661.434793055058 1057.995193213224 18.99748063087463 0 69.37462256103754 1548.017862796783 95.45292229950428 4695.890132591128 420.0570729970932 4301.388846546412 165.141926586628 569.6645910516381 962.7640932351351 94.64849331229925 13.27444051206112 0.4660065770149231 0.3166926652193069 0 0.3282180428504944 0.5030021741986275 0 0 0.09972305595874786 0 1.764103941619396 0 1.10620205104351 0.1492411196231842 0 164.323680922389 70.24131920188665 5.824987657368183 0 0.09938628971576691 0.0941971093416214 3.30458477139473 0.8025845140218735 0.4856981635093689 0.1683867275714874 0.809978298842907 1.126721329987049 0.1367504596710205 0.7806428372859955 0 0.3318766877055168 264.1483604684472 10.67833778262138 0.5196699574589729 0.104256309568882 1.804871506989002 0.9002942591905594 0 0.3434147462248802 2.379738517105579 5.729303903877735 45.51470284163952 171.792788438499 10.15323710441589 58.4538091942668 0.8846434950828552 0.7824045568704605 0.1060278341174126 45.72900272905827 9.75208355486393 9.154164649546146 3.003000110387802 6.776957772672176 0.2946660071611404 0.5790760293602943 3.565477550029755 15.65216717123985 0 133.1901617720723 77.29289264976978 113.4522611275315 80.78445621579885 8.723950900137424 2.406549975275993 10.37096460908651 0.8692815601825714 2.881230771541595 16.38983223587275 0.4521015956997871 10.13726212084293 8.710838451981544 4.829340450465679 0 0.6348947361111641 0.1018726974725723 0.2886597141623497 0.2260055020451546 1.059602491557598 0.6443640813231468 0.9885569289326668 186.1465168893337 2.637529253959656 0 0 48.73964533954859 6.407012060284615 6.6529910415411 23.88564692437649 5.472736462950706 13.27270284295082 86.63327815383673 21.42145636677742 111.9042873978615 36.059300750494 48.70928907394409 15.85313371568918 117.7392394095659 147.2026702538133 117.5984125286341 42.44862198829651 1.401918224990368 1.074383035302162 0 0 0 0 0 0 0 0 0 0.1737364232540131 0.3433426916599274 0.3600164949893951 0.1383453011512756 0 0 0 0 11.25849092751741 2.476393654942513 0 0.8226298391819 0 19.31840813159943 1.499074667692184 14.66607800126076 0.8757769912481308 0.3352419659495354 0 0 0.2786591053009033 0 0 0 0 4.248229578137398 6.674035541713238 0.8485385477542877 0.2165980488061905 0 0.3134573698043823 0.4349610805511475 0 0 0.4136875420808792 0.5412289351224899 7.816845536231995 0 0 2.326467245817184 22.06318867206573 1.527621351182461 2.083051964640617 0.6850804537534714 0.2406188398599625 0.863860972225666 0.1282003819942474 0 0 0.5030564367771149 101.3459571152925 0.1244522631168365 0.1181385889649391 0 0.0942297950387001 22.10905788093805 3.853395625948906 12.29563499987125 6.537640258669853 28.29890625923872 32.50734145194292 2.969595268368721 1.291610397398472 2.182585269212723 0 0 0 0.338067315518856 0 0 0 36.9183574616909 7.004932910203934 9.694654688239098 246.8716952055693 31.23564907163382 584.9325602129102 58.93399655073881 275.6218962818384 142.1941587924957 12.44282966852188 83.09988666325808 22.71220392733812 1.425484485924244 31.69931636750698 2.300698317587376 33.36622177064419 1.470640897750854 0 4.462843224406242 3.779568329453468 0
360.6255489140749 1389.117313362658 303.4865158498287 804.535868614912 69.37462256103754 0 628.6482181325555 77.56444679200649 25.69288155436516 1372.465611189604 85.58821864426136 243.1544619053602 255.2852816805243 50.05025125294924 2.909053362905979 0.7242423892021179 0 0 0 0 0.1230815649032593 0.6698667407035828 0 0 0 0 0.1534766852855682 0 0.1238524615764618 0 357.1423479840159 2.268653571605682 20.31699594855309 0 0 0 32.81642560660839 0.9641644358634949 6.051240667700768 0.7255640476942062 0 0 0 0 0.144254133105278 0.2792666256427765 9.05979085713625 2.750074915587902 0 0 0.1828416585922241 17.04417157918215 1.160194039344788 0.5227044522762299 0.2557732239365578 1.756478324532509 308.1219045817852 290.1944654881954 8.370213843882084 7.216027773916721 2.256004631519318 2.85170441865921 0 1.402519538998604 0.5953390672802925 0.9639436677098274 0.1087969020009041 0.6932897642254829 0.147967666387558 0 289.6453787535429 173.7077063322067 46.58880864828825 54.98531120270491 8.341652378439903 10.14009252935648 1.137735217809677 0.2712890729308128 0.1410144865512848 18.17958582937717 0.1565723270177841 4.536918394267559 3.03035131841898 3.445685982704163 1.185960747301579 0.9503206163644791 0.2381215468049049 12.17445230484009 1.321579031646252 13.87739998847246 0 0 0 0 0 453.0757050514221 41.59580166637897 33.66166515648365 18.99697521328926 867.6608736440539 0 1.464677214622498 9.838936477899551 4.201976925134659 1.376853302121162 8.586436346173286 10.230514138937 8.788670688867569 46.87251910567284 16.49728399515152 0.5918917506933212 6.386562988162041 15.58627650141716 4.699362739920616 0.8846069797873497 0 0 0 0 0 0 0 0 0 0 0 0 0 0 0 0 0 0 0 0.7395731955766678 0 0 0 0 0.9460104554891586 0 0.9213285893201828 0.297231137752533 0 0 0 0 0 0 0 0 0 0.1780280619859695 0 0 0 0 0.1487809717655182 0.1261304169893265 0 0 0 0.6413828134536743 1.452466785907745 0 0 1.43912161886692 0.3221338093280792 0 0 0 0 0 0 0 0 4.304402440786362 0 0 0 0 0.4520571529865265 0 0.118401050567627 0.5463014841079712 0.534779965877533 1.031339168548584 0 0 0 0 0.1221671625971794 0 0 0 0 0 6.456014662981033 0.5097592920064926 1.042286105453968 16.39367720484734 0.8264459148049355 20.6003557369113 1.812834404408932 392.0103040784597 6.601775221526623 0.786187469959259 2.440866455435753 0.4946808665990829 0.2957751378417015 0.4781664535403252 0 4.44131974875927 0 0 0 0 0
661.9534755572677 2583.20821018517 200.8075316846371 816.7395901978016 1548.017862796783 628.6482181325555 0 36.25676522403955 2365.409237749875 2743.468681931496 396.358913615346 395.5482852607965 4968.621166482568 1310.735304266214 92.49554272741079 10.18657141923904 1.289087101817131 0.5380692034959793 0.09568759053945541 0.3415906727313995 0.8212504088878632 0 0.4375058114528656 0.09827954322099686 0 2.636776715517044 0.09573338180780411 1.973738811910152 0.5713484212756157 0 273.5255102291703 70.06153175979853 7.954048797488213 0 0 0 7.95802853256464 1.099912643432617 0 0 0.5680732652544975 1.381415873765945 0.09150688350200653 1.747378922998905 0.1198888570070267 0.1614668816328049 335.2616550847888 20.92376160621643 0.6264123320579529 0.6397222802042961 1.398113764822483 0.3871241062879562 0 0.6792508065700531 3.558385834097862 10.16202618926764 98.0049217864871 369.9287563785911 26.16254905611277 105.3256982564926 1.341879822313786 1.551759175956249 0 64.3595317453146 15.51180098950863 17.7180113568902 5.901695884764194 11.69045565277338 1.032405629754066 1.055114515125751 11.31624490022659 29.41527371108532 0 280.7906658872962 112.7924623265862 182.3379564359784 82.22690285742283 10.96606554090977 2.288489952683449 9.63335145264864 1.443602316081524 4.20978506654501 32.5184131115675 0.4018723666667938 16.44192185252905 17.44579889625311 8.446625359356403 0.09101486206054688 1.364366546273232 0 1.159640684723854 0.1995991691946983 1.407736249268055 0.6400627717375755 1.061923980712891 631.2658408731222 2.650713622570038 0 0.4738413840532303 161.180752620101 9.163361050188541 18.13302083313465 60.22446086257696 46.08754727244377 16.2546334117651 137.8627698272467 55.21636332571507 140.1233351007104 102.9663410633802 75.56715452671051 18.75874018669128 231.2670904323459 205.2593037188053 152.6464826539159 60.19483878463507 0.9962176904082298 1.217506051063538 0 0.2919639945030212 0 0 0 0 0 0 0 0 0.3457767069339752 0.2517018616199493 0 0 0 0.1833268254995346 0 19.14707231521606 1.237895160913467 0 0 0 22.53617345541716 0.92148357629776 20.85698391497135 1.974602028727531 0.2052199244499207 0 0 0.270925760269165 1.519108653068542 0.1748912930488586 0 0 6.964032992720604 9.609015800058842 2.349182784557343 0.6438152343034744 0.5480941757559776 0 0 0.08734921365976334 0.1297567486763 0 0.9532125368714333 7.904083572328091 0.5591447353363037 0.3044280633330345 1.359922483563423 26.77790091186762 2.083875887095928 2.713757872581482 1.312036566436291 0.4988561943173409 0.2069340571761131 0.5481309071183205 0.1005717813968658 0 0.6760352328419685 153.3134262263775 0.4686799347400665 0.1500854641199112 0.09053558856248856 0.2859709933400154 23.99419047683477 5.106886804103851 11.15144554525614 8.486603073775768 37.50420743227005 33.95687027275562 4.772806882858276 3.601326033473015 1.935378558933735 0.2947685718536377 0.08697251230478287 0 0.5353218540549278 0.2808624431490898 0 0.1203598603606224 71.84227815270424 7.832189977169037 11.96030196547508 224.5422984436154 39.22759075462818 736.1579037457705 47.47985450178385 695.1093230247498 165.2443894222379 11.83859673142433 74.41081174463034 20.30101442337036 2.10739453881979 36.78465413302183 2.11649577319622 42.32154738903046 1.995598517358303 0.2548052072525024 3.932411342859268 3.207144767045975 0.2095669507980347
270.3597120419145 388.2763775065541 3886.880514293909 2.164189219474792 95.45292229950428 77.56444679200649 36.25676522403955 0 168.4213078394532 4.765941873192787 1471.9109165892 13.64838211238384 345.9769668951631 989.4005377739668 102.6345345005393 38.31209562718868 2.376742139458656 0.4190123900771141 0.1086342111229897 2.491679988801479 5.172766834497452 0.1307219862937927 0 0.3144721761345863 0.3698610663414001 0.6301771104335785 0 0.4586064070463181 0.4833990707993507 0.1928055733442307 787.5712251514196 701.762617431581 294.2638596743345 0.6214138567447662 0.5273197591304779 0.4025277197360992 70.1953147649765 5.355155937373638 2.005971200764179 0.2488147988915443 3.475386366248131 5.058268167078495 3.697947159409523 5.323066778481007 1.076609879732132 1.522458367049694 207.6554087102413 9.795394495129585 1.74820140004158 3.541394770145416 3.936347432434559 2.646463483572006 0 2.049678884446621 0.7743954882025719 2.655419714748859 69.26424472033978 354.6445128172636 10.24271778762341 41.59611038863659 35.33962117135525 17.16911962628365 2.344465970993042 145.6795265376568 5.141965471208096 8.350900322198868 4.245478071272373 8.830475032329559 6.196221143007278 24.96105396002531 54.0306684076786 7.237048581242561 0.2307153344154358 145.1066680848598 107.754710920155 116.5614968910813 117.544024862349 52.37276363372803 290.0810492411256 876.5694846063852 54.45682084560394 1112.22918278724 10.561718352139 0.1894564405083656 5.876753397285938 4.581284262239933 7.951271839439869 0 0.6451347470283508 0.5192346051335335 1.012547738850117 0.9701340049505234 39.67715831845999 5.030085124075413 2.590920962393284 23.95660227537155 9.333144307136536 0 0.2498004287481308 129.9821425005794 0.1059178560972214 0 1.633812129497528 0 0.7982045114040375 4.031436666846275 1.175846368074417 4.322093032300472 0.9416950047016144 2.378501623868942 0.8662235885858536 3.995651982724667 2.953764840960503 7.252268597483635 4.870296061038971 0 0 0 0 0 0 0 0 0 0 0.2265429347753525 0 0 0 0 0.1115684807300568 0.1394267529249191 0 0 0.6027137711644173 0 0 0.1987822204828262 0 2.271364882588387 0.1688002645969391 3.348841421306133 0.8522728011012077 0.4606938883662224 0.1087854206562042 0.1645179092884064 0.1707335561513901 0 0 0.2333188503980637 0 0.3603566437959671 0.9907027333974838 0 0.7415730655193329 0.3577964454889297 0 1.617296308279037 0 0 0 0 0 0 0.9107925295829773 0 3.133189350366592 0 0.728054940700531 0 0 0 0 0.1849010735750198 0 0.4327515214681625 9.63782737404108 0 0 0 1.607846207916737 1.709649577736855 2.200183868408203 3.542252361774445 0.9407585561275482 5.247638687491417 4.66912867128849 0 0.5242924392223358 0.2239339724183083 0.1313719302415848 0 0 0 0 0.1658497005701065 0.381488174200058 1.413564622402191 0.5637364387512207 2.430597633123398 220.2528832554817 17.41320254653692 394.3212459236383 35.86952822655439 130.7655471637845 62.87861158698797 6.94046426564455 67.98548927158117 6.970439732074738 0 1.820673726499081 0.4818150401115417 2.962781399488449 0 0 0.3369101285934448 4.336887091398239 0.8121146857738495
32.91201382875443 1471.889749638736 480.5553838312626 35.56655630469322 4695.890132591128 25.69288155436516 2365.409237749875 168.4213078394532 0 248.1525837481022 3875.257210567594 143.3864685297012 1631.879387423396 1675.565584167838 67.75785949826241 20.80164892971516 0.09119921177625656 0.1552640199661255 0 0.6602719724178314 0.770197682082653 0 0.0811077207326889 0 0.1500111818313599 0.5815500468015671 0.1282425969839096 0.463737390935421 0.5608367323875427 0.2729611098766327 62.27432788908482 30.5044844597578 10.13267683982849 0 0 0.1179845780134201 5.749559462070465 0.1041707396507263 1.146973252296448 0.161398708820343 0.3149250820279121 1.353630088269711 0 0.7827279716730118 0 0 150.9439229518175 3.281756691634655 0.4004325866699219 0 0.5041727051138878 0.1801232248544693 0 0.6082776188850403 0.5811706855893135 2.424021422863007 20.23708733916283 56.17233197391033 4.340633951127529 22.42276351898909 0.3273365423083305 0.67694091796875 0 20.30859314650297 3.09185966104269 3.507340006530285 1.400248445570469 2.47739539295435 0.1881000101566315 0.652756854891777 11.61329698562622 31.97665250301361 0 50.80697000026703 25.58277174830437 54.58361330628395 46.64722281694412 9.358382165431976 0.8267502635717392 16.23915985226631 0.5604336857795715 1.50378206372261 5.137939415872097 0.07954728603363037 2.803113892674446 2.61035331338644 1.034193806350231 0 0.08862514793872833 0 0.3670397475361824 0.1486557424068451 0.6717348620295525 0.0937156155705452 1.008268900215626 332.780437797308 5.494574949145317 0 0.2632333189249039 14.08689787238836 8.088294520974159 8.66189444065094 34.07566989958286 10.7707504183054 13.85190981626511 158.0489800646901 17.53623363375664 183.0650556236506 56.56920429319143 53.80882795155048 21.07882381230593 205.1346966177225 201.1978230625391 187.7515319958329 66.89681850373745 0.8995086997747421 1.063728652894497 0 0 0 0 0 0 0 0 0 0 0.2558726966381073 0 0 0 0 0 0 19.1416702568531 4.610438533127308 0 0.6511301845312119 0 32.08665979653597 0.9060992747545242 25.44239240139723 2.766274183988571 0.5543300360441208 0 0 0.1389902383089066 0.1753786504268646 0.2223387360572815 0 0 9.803379073739052 12.03285942971706 1.373988956212997 0.2404187247157097 0 0.6912704110145569 0.267977386713028 0.1212136819958687 0 0.1120945438742638 1.168200328946114 9.756541326642036 0.2525383234024048 0 2.700249269604683 38.87860712409019 1.797694742679596 3.044805727899075 0.671716183423996 0.3735072761774063 0.5140897035598755 0.6489786207675934 0.1075991913676262 0.144107311964035 0.5580207780003548 167.4436660036445 0.2026554197072983 0 0.269428014755249 0.576329231262207 35.48242610692978 7.325162909924984 15.83883284777403 10.87237133830786 40.66789768636227 40.07998061925173 4.226902715861797 3.355283342301846 4.748914428055286 0 0 0 0.6849785074591637 0 0 0 54.93359610438347 8.514448896050453 15.26116348803043 335.5226091369987 26.50175026059151 373.5453169569373 53.41083838790655 158.687055401504 75.76976548880339 6.709318429231644 87.34551192820072 22.47668478637934 1.668789595365524 52.09874988347292 1.246846958994865 45.76034505665302 1.273455634713173 0 5.280664563179016 3.989623591303825 0.2565402984619141
221.426247574389 741.4790814965963 23.14672227203846 2082.268557459116 420.0570729970932 1372.465611189604 2743.468681931496 4.765941873192787 248.1525837481022 0 28.86663499474525 1449.730392932892 6664.349868997931 262.2294049113989 10.6136592105031 1.516864612698555 0.1048098802566528 0 0 0.1440310031175613 0 0 0 0 0.1332749724388123 0.2240934446454048 0 0 0 0 60.79316862672567 5.837164863944054 4.674216359853745 0 0.1130971163511276 0 6.30705638229847 1.452749952673912 0.4109501242637634 0 0 0.1306140869855881 0 0.3826333731412888 0.1206331998109818 0 40.2805385440588 1.826924026012421 0 0 0.4429017752408981 0 0 0 0.6576697006821632 1.027756467461586 46.24469921737909 87.43375255167484 3.632786825299263 11.33573041856289 0 2.584876462817192 0 5.216641053557396 1.265666618943214 1.316483572125435 0.7707821801304817 0.9058081433176994 0 0.1211566030979156 64.22787465155125 19.45861941576004 0 46.87736833840609 13.07223318517208 16.51892649382353 6.072470471262932 1.802331827580929 0.1430858820676804 4.282229214906693 0.2646678984165192 0.2147086039185524 4.553005658090115 0.09851552546024323 2.024882405996323 1.606451131403446 0.7662080526351929 0 0.1416938602924347 0 0.1141017451882362 0 0 0.1253393590450287 0.130055233836174 759.0897677838802 11.66854195296764 0 0.151137113571167 221.7729019895196 4.498107232153416 20.31665582954884 100.3052052855492 68.26100043952465 12.00118768215179 122.924390591681 111.7422791421413 117.247752673924 512.3600670546293 85.55759926140308 12.93123073875904 146.7155290991068 158.9616509899497 126.6041622385383 32.56106663495302 0.1867601275444031 0.7084957510232925 0.196990579366684 0 0 0 0 0 0 0 0 0 0 0 0 0 0 0 0 10.94947782158852 2.008276328444481 0 1.753702044487 0 10.17982705682516 0.8781386315822601 7.84669429063797 2.745477825403214 1.032516926527023 0 0 0 2.833969116210938 0 0 0 5.88113534450531 5.49641041457653 1.944680951535702 0 0 0.5144811868667603 0 0 0.3035178184509277 0.3307497501373291 0.2681111246347427 7.264750331640244 0 0 1.763302803039551 19.95652842521667 1.773083992302418 1.951484031975269 0.703022725880146 0 1.297539912164211 0.09052310883998871 0 0 0 70.51311826705933 1.574951395392418 0 0 0.1539897471666336 18.13264169543982 4.741082116961479 10.93356423079967 5.94989263266325 21.23463892191648 16.83509834855795 4.925033077597618 1.87083525955677 0.7395732328295708 0 0.1033327728509903 0 0.7756054028868675 0 0 0 97.59687849879265 3.383457526564598 9.188314869999886 71.63577920198441 2.83565779030323 101.6178819388151 6.849159836769104 540.0417709127069 17.06930680572987 0.4332560747861862 10.66375022381544 14.39703778922558 0.214710995554924 31.41534443199635 1.344826959073544 53.86633295565844 1.297084078192711 0 7.224821820855141 0 0
351.5294128805399 2136.044994279742 3564.40217191726 4.311831280589104 4301.388846546412 85.58821864426136 396.358913615346 1471.9109165892 3875.257210567594 28.86663499474525 0 53.29059912264347 2758.733027890325 7832.623589418828 119.0960903018713 45.02234151214361 1.196837529540062 0 0 0.8111369833350182 0.3413247317075729 0.5312992930412292 0.1192656829953194 0 0.6079114824533463 0.6530776098370552 0.2053313553333282 0.8755344450473785 0.263850063085556 0.109385147690773 556.8851765021682 306.0557681322098 799.6213860884309 0 0 0.2582892775535583 220.0886023193598 8.918671287596226 1.70376792550087 0 0.1348117142915726 1.564521446824074 0.5535750091075897 5.433076150715351 0 0 206.3368960544467 5.201014831662178 0.751694418489933 0.4491442292928696 0.5458007082343102 0.2189571335911751 0 0.7879924103617668 1.150807000696659 2.802714675664902 35.13007851690054 220.4921463653445 7.186207979917526 36.69934097677469 2.300379157066345 7.374384887516499 0.4915110245347023 56.04301443696022 5.191314242780209 4.874696455895901 1.707429483532906 4.119520969688892 1.318018637597561 2.085437841713428 125.5562200248241 23.24219016730785 0 91.08917915821075 65.02633386850357 89.45109724998474 91.40351215004921 24.8903825506568 14.2581931874156 239.4855598732829 1.672922410070896 6.75262389332056 6.009688846766949 0.07623390108346939 5.934164255857468 4.293533354997635 4.838357292115688 0.1008347272872925 0.444592110812664 0 0.5302287563681602 0.4316560253500938 4.262113824486732 2.541240394115448 1.0730801820755 98.43171072006226 3.727423384785652 0 0.8424043953418732 117.3087604790926 1.141290053725243 4.285062462091446 7.991538003087044 2.717289462685585 1.957365855574608 20.76565226912498 3.996320486068726 33.18351814895868 7.431909471750259 13.21548143029213 5.440795183181763 40.56160749495029 41.64123730361462 38.94507823139429 25.39845004677773 0.5122677683830261 0.158391535282135 0 0 0 0 0.1673757433891296 0 0 0 0 0 0 0 0 0 0.1766773164272308 0 0 3.837642431259155 1.914212852716446 0 0.6386569291353226 0 14.07036565244198 0.5417568311095238 8.869825072586536 1.919993065297604 0 0 0.1588100045919418 0 0.7537120580673218 0 0 0 3.117985472083092 3.116890832781792 0.8197810351848602 0 0 0.2719684541225433 0.1147899553179741 0.1898685544729233 0 0.1203378960490227 0 1.874112501740456 0 0.9614754468202591 0.4321868121623993 13.40041883289814 1.137700483202934 1.028324380517006 0.2510034739971161 0 0.2068401277065277 0.3777547851204872 0.2447465509176254 0 1.020760305225849 46.67753652483225 0.4444736540317535 0 0 0 11.08449199050665 4.429556779563427 6.340578779578209 1.695028848946095 12.76014343649149 12.76651808619499 1.377807721495628 1.877875708043575 2.606210991740227 0 0 0 0 0 0 0.123924657702446 6.909539759159088 4.20100474357605 9.222626350820065 377.0380732491612 28.649808190763 410.7986558303237 55.06998410075903 183.0033369287848 80.29369656741619 10.11462518572807 104.559700883925 18.170335739851 0.5707358568906784 13.82505422830582 1.04084749519825 12.8715837597847 0 0.2119167596101761 2.210402138531208 3.511296048760414 0
4.134446948766708 96.10727109014988 10.0754602253437 182.9260710328817 165.141926586628 243.1544619053602 395.5482852607965 13.64838211238384 143.3864685297012 1449.730392932892 53.29059912264347 0 1789.487084239721 95.60648272931576 9.99785715341568 3.688701644539833 0 0 0 0 0 0 0 0 0 0 0 0.1804239451885223 0 0 5.400970816612244 0.1554669737815857 33.16174183785915 0 0 0 31.42549988627434 0.4780617579817772 3.712299212813377 0 0 0 0 0.1505408883094788 0 0 26.3682432025671 0.4801156595349312 0 0 0.1319004446268082 0.1671502739191055 0 0 0 0.2397867292165756 9.863860204815865 19.19355203956366 1.882413998246193 3.04428006708622 0.6015914157032967 2.305720306932926 0 0.7938236147165298 1.053890280425549 0.3682233169674873 0.2632705792784691 0.6409701630473137 0 0.1277199536561966 64.5170641541481 70.4510450065136 0.3060852289199829 20.46933188289404 5.089730083942413 7.282144218683243 4.460283748805523 1.459920600056648 0 12.60101121664047 0 2.034119889140129 1.977545812726021 0 1.409840278327465 0.4802231565117836 0.2038037031888962 0 0 0 0 0 0.1625114679336548 0.3307785391807556 0 2347.219278633595 159.5363730639219 0.4171092510223389 6.83772885799408 46.60605142265558 5.201211228966713 12.31801980733871 45.32894299924374 20.6680900156498 17.49118892848492 178.0819571465254 48.45162804424763 190.873566955328 85.18284340202808 78.26772736012936 22.41560308635235 233.5843029022217 220.0865958482027 228.200883038342 63.94323338568211 0.53367068618536 1.060943581163883 0 0 0 0 0 0 0 0 0 0.09546947479248047 0.4671050310134888 0.1274245977401733 0 0 0 0 0 12.59344950318336 1.438444182276726 0 0.6675772964954376 0.2136351466178894 28.11208402365446 0.4660857617855072 20.61289341002703 3.839252904057503 1.127687096595764 0 0 0 1.176770403981209 0 0 0 7.473428577184677 12.29617358744144 0.6280514895915985 0 0 0 0 0 0.3953929245471954 0 1.40434941649437 7.713311217725277 0.3194691240787506 0.2015145719051361 2.442385077476501 28.62192220985889 2.033886887133121 3.194344766438007 0.6843477338552475 0.8830845206975937 0.5969331040978432 0.6607689708471298 0.1160266622900963 0 0.8392726182937622 164.9197687283158 1.443009257316589 0.6239936947822571 0 0.1277394145727158 31.81673159450293 3.958356417715549 15.39403137564659 9.992807053029537 26.14262587577105 38.63182532042265 7.096280463039875 3.292249448597431 3.262762248516083 0 0 0 0.427751436829567 0 0.1120686382055283 0 100.1780768185854 11.24523715674877 11.70088988542557 83.21916084736586 2.657228104770184 69.11260879039764 8.977732449769974 218.8660706654191 15.75579004734755 1.3372533172369 21.83595462888479 15.33347998559475 1.859388932585716 44.23360626399517 1.434985473752022 60.2060324549675 0.9162394553422928 0 5.107496991753578 0.2413245886564255 0
77.61352657526731 1487.194776847959 229.5371507182717 1271.091504856944 569.6645910516381 255.2852816805243 4968.621166482568 345.9769668951631 1631.879387423396 6664.349868997931 2758.733027890325 1789.487084239721 0 1987.862158253789 105.100048750639 60.72267906367779 2.727581113576889 0.1126997992396355 0 1.102652966976166 0.9586737528443336 1.836943626403809 0 0 2.572768166661263 1.990410350263119 0.1598220467567444 1.373122081160545 0.5736335068941116 0.3083202242851257 60.8686293810606 17.05998757481575 1142.435897238553 0 0.2114703208208084 8.061587288975716 681.7894578427076 350.3975234627724 160.0474733710289 29.55808991193771 1.199736073613167 1.44428975135088 0 7.637062460184097 0.3488399386405945 2.190686970949173 157.180048815906 4.758657611906528 0.4562268406152725 0 1.492766074836254 3.910149268805981 0.6638254225254059 0.1752821505069733 0.6754056364297867 2.518110446631908 21.16845688968897 53.30156243592501 3.778102748095989 19.89118372648954 7.437928974628448 87.88210367411375 1.407507121562958 8.814454458653927 2.716745056211948 4.149774506688118 1.553954146802425 2.876627296209335 0.9146138653159142 1.191276252269745 762.5308770984411 196.3248841762543 0.6845552325248718 43.34803730994463 17.32672289013863 46.68819083273411 45.71106076985598 27.0805881023407 0.6202181279659271 177.0395297706127 0.8602386713027954 15.13806091994047 6.029364295303822 0 3.659477889537811 2.778345592319965 2.116210736334324 0 0.8076015487313271 0 0 0.4860792905092239 4.407140977680683 3.879290863871574 0.8775525167584419 4154.379682600498 140.2481675446033 0.2102417647838593 16.1023289039731 77.83982716500759 15.89063314348459 11.41293343901634 60.66542952507734 14.44776155054569 35.87814577668905 274.2960407063365 51.67071782052517 324.9128754362464 251.8272510766983 113.1414904594421 43.42735033482313 459.3370590656996 475.9701826870441 445.5130505040288 167.0757145062089 3.671235240995884 4.315652802586555 0 0.6095339953899384 0 0 0 0 0 0 0 0.8266353458166122 1.726369574666023 0 0.814310647547245 0.3698730766773224 1.107072494924068 0 0 33.22527755796909 5.30582969635725 0 2.331420451402664 0.5254532545804977 70.38209647685289 2.51960588991642 56.98629926145077 17.46509490907192 6.764854550361633 0.8882973939180374 0.5736053586006165 0.1590027064085007 1.587007328867912 1.182700544595718 1.519875377416611 0 12.00612142682076 21.48789971321821 2.140393547713757 1.985513538122177 0.3149758279323578 3.322449572384357 0.5675410628318787 0 0.6023004502058029 0.1512213051319122 1.691061496734619 17.90011838823557 0.8537295162677765 1.820617243647575 5.10781292617321 87.91572601348162 6.228277094662189 5.856413722038269 1.862107612192631 0.8486860543489456 1.95072714984417 1.096495553851128 0.3687842264771461 0.1277661025524139 2.390835210680962 489.1368721276522 3.376840695738792 0 0.4450131356716156 0.26580411195755 73.89857912808657 16.72649243474007 41.52027998864651 18.67811177670956 69.38721092045307 85.27516173571348 10.61972288042307 7.145718671381474 4.69762297719717 0.1970256939530373 0 0 0.6034411936998367 0.1487937718629837 0.2205432802438736 0 156.847351372242 39.84644944220781 56.52401538193226 481.5951968580484 47.11591812968254 400.5752378255129 79.05353533476591 384.3224179521203 77.75978446751833 12.42184436321259 151.8823432400823 47.38291918486357 3.563872665166855 87.35748037695885 4.642875462770462 76.08310204744339 2.938452489674091 0.3931717574596405 17.25509618967772 6.171314559876919 1.039461508393288
