0 4875.075761683285 645.4611856117845 1225.394022420049 415.1893741115928 76.55789262056351 771.4667101800442 13.51659693568945 46.09977535158396 3120.717838294804 137.2016642019153 158.0266468971968 344.5390842109919 46.75938571244478 13.64022522419691 4.064407639205456 0.9174248799681664 0.3635881990194321 0 0 1.848989449441433 0 0.6280242651700974 0 1.516903251409531 0.4902044981718063 0.1218905597925186 0.131748154759407 0.1262272894382477 0 681.3454485312104 2.4453414529562 5.051822394132614 0.6253021061420441 0.5805380493402481 0.6573959141969681 7.158843383193016 1.24697919934988 0.6363480910658836 1.74104056507349 0.7807910740375519 0 0.8523371666669846 0.5096070170402527 0.3205814436078072 0.1364428848028183 26.52959793061018 1.981275744736195 0.2937442287802696 1.163508698344231 0.4159713760018349 0.5544697716832161 0 0.4781346544623375 8.094023816287518 30.47101163119078 364.1893567740917 981.4916572272778 43.80087221413851 18.50981944054365 2.647283725440502 0.7135782986879349 0.7974353730678558 2.346458852291107 11.69299710541964 5.108934849500656 1.659162186086178 2.383662760257721 2.530988372862339 0.8173921927809715 12.67016535997391 6.433214604854584 0 246.2394333258271 74.81889776140451 55.20770098268986 5.383575432002544 0.9098827540874481 1.116696916520596 40.59019945561886 1.509218171238899 8.481088988482952 21.38762088865042 1.222688645124435 2.394361726939678 12.24337876588106 2.644563071429729 0.1169547066092491 1.682562574744225 0.1007047742605209 0.5147051438689232 0.4088683500885963 2.308422848582268 0.4135298654437065 0.720245823264122 268.5688041076064 1.316326543688774 0.5199149250984192 0 1441.131491459906 0.2640754282474518 2.737444341182709 1.462067767977715 3.655874237418175 0.6882573366165161 6.258867025375366 2.157758206129074 7.374589383602142 16.26256835460663 15.23915505409241 1.54305337369442 16.88669230043888 19.50199037790298 14.66341026127338 1.801277756690979 0.1612228602170944 0 0 0 0 0 0 0 0 0.1355028599500656 0.1307208389043808 0 0 0 0 0 0 0 0 1.611530095338821 0 0 0 0 1.263433456420898 0 0.6276074051856995 0.1383196413516998 0.0973966047167778 0 0 0 0 0 0 0 0.1369959861040115 0.8773809224367142 0 0 0 0 0 0 0.1837453097105026 0 0 0 0.4126193672418594 0 0 1.488756641745567 0.942669004201889 0.2346004545688629 0.1022620275616646 0 0 0 0 0 0 4.893500030040741 0.2047219723463058 0 0 0 0.5131290555000305 0 0 0 0.3161013722419739 1.111059173941612 0 0 0 0 0 0 0 0 0 0 5.835629686713219 1.143286854028702 0.8576636761426926 94.51489561796188 22.25685728341341 173.0908844992518 46.8907144293189 2022.639777265489 29.7396425306797 2.42750995606184 16.56388313323259 1.835715666413307 0.2902788817882538 2.017171092331409 0.1846364885568619 15.48696146905422 0 0 0 0.6374233216047287 0.3639453649520874
4875.075761683285 0 1990.887605175376 622.3722259774804 5779.592893779278 43.22712874412537 4423.208151735365 50.62393788993359 504.0059851109982 1092.109725318849 320.5061425790191 58.25921495258808 591.2944002896547 384.9371983334422 103.3938377350569 22.18453499674797 2.763265311717987 0.5168614387512207 0.1503566950559616 4.810166887938976 6.43038409948349 0.4696396589279175 1.689884923398495 0.4888954162597656 2.498550437390804 1.29309394210577 0.8336071074008942 1.06127554923296 1.079922929406166 0.143644392490387 4097.779440812767 11.32487058639526 30.72709082067013 1.688558302819729 1.366109646856785 0.9909215196967125 58.32535938173532 2.425977274775505 6.28464050590992 6.174558863043785 2.930547960102558 4.168825246393681 1.729644030332565 4.740525111556053 0.4625100195407867 0.8112614303827286 237.4097188711166 11.14440856128931 0.7188081815838814 3.11194122582674 6.141787819564342 1.527252472937107 1.013472571969032 2.783793970942497 22.42012826353312 80.03934042900801 181.2123655378819 965.7641825973988 21.17700275033712 88.07731364667416 9.538977891206741 12.70922533422709 7.12649941444397 22.84666775912046 40.79132731631398 17.07039930671453 8.829769879579544 9.985223144292831 9.275645941495895 5.790601432323456 79.42320425063372 49.07278262078762 0 363.219424046576 214.9871199205518 256.3319268226624 50.5711947157979 4.797721043229103 4.493974976241589 92.59100957214832 5.519549541175365 31.62305124104023 62.66994439065456 1.932402342557907 10.18087051808834 49.52516273409128 8.189589038491249 0.1199413537979126 7.214416772127151 0.7972893491387367 1.897709764540195 3.261198453605175 6.06821646541357 1.619127348065376 3.243168793618679 125.2114642336965 11.22365489602089 0 0.6265856474637985 1039.335244968534 2.731015011668205 7.966927826404572 10.90353202074766 9.420941650867462 18.06384602189064 63.23235315084457 7.534113615751266 44.45240955799818 71.15456028282642 70.56861470639706 18.85071265697479 93.68327885866165 108.2333475649357 132.1368672996759 27.73153736442327 0.3824910670518875 0.12858946621418 0 0.3480401933193207 0 0 0.1194003969430923 0 0 0 0.1196509823203087 0 0 0.1822163760662079 0.1524501293897629 0.1239026263356209 0 0 0 3.912320837378502 1.036785736680031 0 0 0.3770394921302795 15.09093704819679 0.8753732144832611 3.700402475893497 2.456175319850445 0.7309702783823013 0.2617872655391693 0 0 0.3646937757730484 0 0 0 1.877307251095772 5.037309601902962 0 0.4499599039554596 0 0 0.3568786606192589 0.1842581704258919 0.7274264842271805 0.09235044568777084 0.804131805896759 1.541332021355629 2.347188040614128 0 0 19.60835392028093 0.6948076188564301 0.5391790866851807 1.394300326704979 0 0.2173584997653961 0 0 0 0.4098691195249557 59.19092832505703 5.30006530880928 0.3426679372787476 0 0.7158753871917725 2.733481869101524 0 2.306346550583839 1.385580211877823 3.977670013904572 2.667978644371033 2.265926346182823 0.6375067234039307 0.1039021760225296 0 0 0 0.1951545104384422 0.1047138199210167 0 0 46.52632719278336 16.6746102720499 5.079723089933395 468.1869528144598 109.0162706635892 650.1034278720617 140.3744078278542 1318.926304012537 62.28307712078094 9.503724582493305 104.0929945632815 13.63987584412098 2.067729733884335 17.24149081856012 0.572302371263504 32.61000507324934 1.067701607942581 0 1.702134519815445 6.371915429830551 0.3561807572841644
645.4611856117845 1990.887605175376 0 16.84987775981426 2998.133515626192 6.945887342095375 159.6362782493234 1415.961111858487 513.4033483862877 110.3825614526868 1570.055625371635 55.36344391107559 428.8667138144374 725.8017403259873 217.5262658894062 108.2402796298265 19.29375796765089 2.187491498887539 1.460984475910664 15.0448110178113 53.25155675411224 0.8233146816492081 13.56767216324806 5.851595126092434 25.04254770278931 8.029481343924999 9.322465822100639 4.996732085943222 2.013500466942787 0.692980021238327 6301.289658598602 141.2361025363207 101.2195630073547 22.20524634420872 25.05028653889894 13.48599469661713 104.8361300304532 18.43138764798641 14.08112353086472 29.83289583027363 24.38606508076191 9.981812387704849 17.7973839789629 20.60186745971441 3.810584485530853 6.066858351230621 312.3806101679802 9.432316415011883 2.69285199791193 13.64372669160366 14.7971096560359 1.480983011424541 0.7197944298386574 8.862390249967575 15.0564583465457 51.33349192887545 117.1243778839707 1265.200447842479 13.82151351124048 79.10682532191277 82.55951470136642 19.85937659442425 62.41281399875879 94.04009755700827 29.23604031652212 21.4051440730691 14.03943062573671 34.9126206189394 77.09115846455097 65.59365617483854 80.69256728887558 54.02477688342333 0 305.378323033452 237.6812088936567 271.5363348051906 101.7309394106269 20.31297288835049 48.48538678139448 1644.368647925556 36.69515945017338 390.9724096059799 44.47817905247211 1.419630140066147 7.266398705542088 34.57974018529058 24.42248956114054 0.4689198583364487 5.128224842250347 0.7822362035512924 2.170348562300205 3.570392228662968 53.7670815885067 11.29644531011581 5.062413945794106 96.50867096334696 9.66332545876503 0 2.069179505109787 260.0223601087928 2.998641610145569 3.774257332086563 9.657341569662094 3.88055744767189 10.45548751950264 38.43812545388937 2.648415103554726 31.49787286669016 46.51218704879284 34.37530882656574 13.57054620236158 58.42339593172073 82.22729408740997 95.31556414067745 18.32485228776932 0.1503597050905228 0.22942915558815 0 0 0 0 0.2520594075322151 0 0.1565370857715607 0.3203854858875275 0.8614213317632675 0 0.3877460062503815 0.1579580307006836 0.5172498524188995 1.951868161559105 0.1724590212106705 0.812006376683712 0 1.013170063495636 0 0 0 0 14.31823991239071 0.3088353723287582 5.637502320110798 4.068498089909554 0.7867723926901817 1.032368652522564 1.157090201973915 0 0 0 0 0.1400682181119919 0.1640987247228622 7.107576489448547 0 0.1652780026197433 0.1151126101613045 0.2856371402740479 2.7273258715868 0.9285437017679214 1.488491699099541 0.2972631230950356 0.593658059835434 0.8443565219640732 0.299056351184845 0 0 13.36110933125019 1.781285285949707 0.3741875141859055 2.04118973761797 0 0 0 0 0 0.5567607954144478 48.56132865697145 5.35380594432354 0.2350224405527115 0 1.26034764945507 2.419405683875084 0 1.073272615671158 1.714162655174732 2.032186836004257 2.032217033207417 0.9720595479011536 0 0.1651468276977539 0 0 0 0.1077521741390228 0 0 0.2963282391428947 37.34465915709734 16.95844859629869 10.38125742971897 637.8371360227466 117.5563074424863 675.3444371372461 182.8619351536036 510.4456294253469 66.48953287303448 8.52347969263792 177.468334004283 13.57165330648422 1.071074828505516 14.99110049754381 1.27032707631588 15.02911698818207 1.453385159373283 0.1184380427002907 3.30133230984211 16.13838439434767 1.441528663039207
1225.394022420049 622.3722259774804 16.84987775981426 0 15.8836519792676 141.9600266963243 480.8430067524314 0.146257609128952 151.5613251999021 2790.978466942906 0.4862609654664993 106.7996633648872 1332.633478946984 136.325233541429 2.828590661287308 0.2280490696430206 0.1240509152412415 0 0 0.3688973933458328 0.2068201825022697 0 0 0 0 0 0 0 0 0.1584362536668777 71.2346531227231 0.8835323601961136 0.1510768681764603 0 0 0 0.1016995161771774 0 0 0.5102712512016296 0 0.5492901802062988 0 0.1261695027351379 0 0 7.961304165422916 0.7638334482908249 0.1639786213636398 0 0.2070862129330635 0 0 0 3.439438216388226 9.072285629808903 37.16023970395327 108.7726213410497 4.34150543063879 4.069669023156166 0.2427824214100838 0.8816787749528885 0.1102930530905724 0.6778620481491089 2.175723247230053 1.261294454336166 0.655261218547821 0.6605745777487755 0 0 9.38588635623455 2.344881176948547 0 47.47987049072981 15.61160437762737 13.26453448832035 0.7792788371443748 0.2662263959646225 0.1151773408055305 1.250208586454391 0.1033582761883736 0.8827944397926331 6.150307916104794 1.135237447917461 0.6458521261811256 3.847438484430313 0.2068226709961891 0.1054762452840805 0.5010613575577736 0 0.2434695884585381 0.09026016294956207 0 0 0.1321665942668915 65.14884607493877 0.538550078868866 0 0 274.5330765396357 0.3080690503120422 2.171052306890488 1.677469626069069 2.399173259735107 0.9169213622808456 5.578696295619011 1.436828345060349 3.484153762459755 16.44342987239361 14.26405596733093 0.8529947102069855 10.68494771420956 14.42207066714764 10.35197475552559 0 0.218626543879509 0 0 0 0 0 0 0 0 0 0 0 0 0 0 0 0 0 0 0.1837415844202042 0 0 0 0 0.560023233294487 0.2192468196153641 0.2343968898057938 0 0 0 0 0 0 0 0 0 0 0 0 0 0 0 0 0 0 0 0 0 0 0 0 1.390004754066467 0 0.240405336022377 0 0 0 0 0 0 0 2.182249642908573 0 0 0 0 0.1297172456979752 0 0.1677519679069519 0.1955152899026871 0.1297395378351212 0.1139994040131569 0 0 0 0 0 0 0 0 0 0.1456542015075684 3.672250658273697 0.9143510460853577 0.4220874309539795 19.63174746185541 5.731065303087234 49.89555481821299 9.908086113631725 656.6862490996718 7.691840626299381 0.4388485923409462 3.510840617120266 0.1851901710033417 0 0.354180634021759 0 9.668025285005569 0 0 0 0.199162483215332 0
415.1893741115928 5779.592893779278 2998.133515626192 15.8836519792676 0 5.247789725661278 2551.631066352129 34.10116323828697 4272.106111437082 475.813753657043 614.5174086168408 124.3468258082867 1528.413741335273 1834.437499679625 111.0140867978334 32.38986010104418 1.095704570412636 0.3759266138076782 0 3.60843126475811 3.822807587683201 0.394507884979248 0.5961757600307465 0 1.743595093488693 1.968772418797016 0.7812962979078293 1.987698256969452 1.575476072728634 0.2278270125389099 173.2556639909744 9.701963067054749 29.71177554130554 1.131882026791573 0.5298255309462547 0.4643112346529961 44.05916054546833 1.994875244796276 5.485325589776039 3.678330793976784 2.06843725591898 1.373264044523239 2.408553123474121 4.369593270123005 1.016575872898102 1.349868908524513 229.8529298081994 5.30805841833353 0.5931685492396355 1.766966186463833 3.944603957235813 0.7700220271945 0 1.603269509971142 11.06946356594563 34.19642230123281 18.59784958511591 86.90491685271263 4.819181986153126 60.23534711450338 6.947572968900204 9.931829608976841 3.089046865701675 23.24343764036894 20.8270850777626 10.91226100176573 6.728261947631836 6.163453347980976 6.299458295106888 3.124671787023544 89.67587796598673 65.72635525465012 0 97.89834926277399 68.73118682950735 181.7598960399628 81.03769606351852 6.875279739499092 1.428030431270599 18.18548170477152 3.877220124006271 14.25824218988419 27.88556890934706 0.9083692654967308 4.167107038199902 25.35743574798107 3.665383562445641 0.1001094132661819 4.240546062588692 0.1337441653013229 1.004638947546482 2.087637275457382 4.315193824470043 1.464996747672558 2.974611274898052 157.2014721781015 7.184809997677803 0 1.319849580526352 42.48449666053057 4.375098794698715 9.480817303061485 21.40034447610378 11.7615759074688 28.3265288323164 100.4274519383907 13.65553242713213 74.17289494723082 107.127668492496 104.8373784050345 32.84266276657581 162.420274682343 204.173216201365 218.7470743283629 35.38162989914417 0.9246664643287659 0.1569695025682449 0.2680357322096825 0.1713008433580399 0 0 0.1256176382303238 0 0.3770727217197418 0 0 0.213192030787468 0 0 0.3327139168977737 0 0 0 0 6.159091517329216 1.325925171375275 0 0 0 17.53522650897503 0.8826332241296768 9.501181535422802 0.1371911317110062 0.7136713415384293 0.1181286349892616 0.1995836198329926 0.1005007922649384 0.4527138918638229 0.3132058531045914 0 0 1.173894599080086 8.082324884831905 0.3225910067558289 0.1165777817368507 0.5626711547374725 0 0.8946204334497452 0.9451257213950157 1.635580323636532 0.08446808159351349 0.1113768517971039 2.785209827125072 1.270425617694855 0.1204679757356644 0.1612141728401184 23.63466160744429 1.268472820520401 1.327745340764523 1.444830134510994 0 0.1541837304830551 0 0 0 0.1090071946382523 107.3449840843678 4.93752720952034 0 0.5723325908184052 0.6090842336416245 4.372861549258232 0 1.287517175078392 3.186277858912945 7.47662166506052 6.530564397573471 3.867957472801208 0.8723501414060593 0.4438027292490005 0 0 0 0 0 0.4345365017652512 0 93.77747604995966 20.19510628283024 5.8537532761693 433.5073880627751 93.68846065551043 498.268170170486 126.0769517794251 286.0980851426721 50.47483383864164 3.638206824660301 106.9429050460458 11.84396826475859 1.418827436864376 20.61403828859329 1.598992243409157 36.38448178768158 2.702221557497978 0 2.985564529895782 5.703014843165874 0.3214777410030365
76.55789262056351 43.22712874412537 6.945887342095375 141.9600266963243 5.247789725661278 0 27.13146728277206 0.5966112464666367 8.099799335002899 639.650936499238 1.635581448674202 320.1364048421383 165.4971660375595 13.81044265627861 0 0.2234262228012085 0 0 0 0 0 3.847916588187218 0 0 0 0 0 0.3133077621459961 0 0 2.98677696287632 0 9.586468204855919 0 0 0 20.87675666809082 0.753716766834259 16.09793581068516 1.350890621542931 0 0 0 0.1159463152289391 0 0 0.6736888736486435 0 0 0 0 24.46038848161697 0.9257126152515411 0 0 0.09024272114038467 144.4821827188134 6.285373866558075 1.225770056247711 0.1306412369012833 0.1215432956814766 1.679446175694466 0 0 0.07924284040927887 0.1110682263970375 0 0 0 0.1282127946615219 103.8709683120251 282.8555341213942 6.070991963148117 1.183135367929935 0.2363186627626419 0 0.1002051681280136 0 0 1.939187243580818 0 1.070929765701294 0 0.9128176420927048 0 0.3133397474884987 0.1398254185914993 6.323065534234047 1.385660395026207 18.30798511207104 1.107823967933655 1.356816276907921 0 0 0.1308363974094391 527.2106441706419 61.18252195417881 20.53450264036655 8.156840637326241 398.2739476263523 0 0.934675857424736 0.176732137799263 0 0 0.1799455285072327 0 0.3407349288463593 0.1931712925434113 1.014232829213142 0 1.136815756559372 1.376307666301727 3.628807812929153 0 0 0.1384383141994476 0 0 0 0 0 0 0 0 0 0 0 0 0 0 0.392354354262352 0.7728675156831741 0 0 0 0 0 0 6.37803915143013 0.3125820755958557 0.5537872165441513 0.5621372759342194 0 0 0 0 0 0 0 0 0 0.6863541603088379 0 0 0 0.165033221244812 0 0 0 0 0 0 0 0 0 2.368883386254311 0 0 0 0 0.196974903345108 0 0 0 0 6.126906305551529 4.868047386407852 0 0 0 0.3447315692901611 0 0.70079705119133 0.4299629926681519 0 0.1774224191904068 0 0 0 0 0 0 0 0.2487170845270157 0 0 0.9459792673587799 3.262221723794937 4.16523976624012 2.32147079706192 0.9442824274301529 1.427825912833214 0.9147135615348816 177.5426054447889 0 0 0 0.7755410522222519 0.2055950313806534 1.805492371320724 0.1680761128664017 0.5728696137666702 0.3100966811180115 0 0 0 0
771.4667101800442 4423.208151735365 159.6362782493234 480.8430067524314 2551.631066352129 27.13146728277206 0 10.34715902805328 742.716219343245 2179.100423745811 29.91045465320349 258.3124550580978 1991.319797240198 300.150949627161 101.5496158599854 15.91681628674269 1.468919612467289 1.265232384204865 0.3789728879928589 3.370438650250435 2.575432002544403 0.09529516845941544 0.2438674122095108 0.2453472912311554 1.319815509021282 0.7762554734945297 0.103534996509552 2.772394768893719 1.703307248651981 0.2682663649320602 217.0388919636607 7.643574699759483 52.43406196683645 0.6423619762063026 0.2066818326711655 0.1616703569889069 75.73475404828787 4.979736596345901 7.162786096334457 6.024861209094524 0.6358128935098648 2.293045237660408 1.992742106318474 4.194412805140018 0.4704080447554588 0.6953687742352486 236.0865032598376 10.19222886115313 1.498025998473167 1.821765244007111 4.700235091149807 1.029626950621605 0.2427089214324951 1.286219641566277 16.74823152273893 56.7444262765348 34.15186566114426 174.0183337330818 5.669167414307594 75.03025794029236 3.554288841784 18.38994333893061 0.6349391713738441 20.34337745606899 27.85377024114132 12.41339522972703 9.125562310218811 7.537449911236763 2.938500188291073 1.511598356068134 195.2139991149306 91.61426229774952 0 164.881919182837 122.9976542145014 224.4747522696853 64.38447839766741 5.573725812137127 2.020797282457352 13.32923202216625 3.302027352154255 18.8217770755291 48.53591059148312 1.768852546811104 8.414228528738022 39.60747809708118 3.171003274619579 0.3857045918703079 4.511824414134026 0.8040619194507599 2.293013326823711 3.038538068532944 1.499851882457733 1.932392343878746 4.362619921565056 206.0643878132105 15.37768799066544 0 2.319704495370388 60.07742226868868 5.409232392907143 16.31743380427361 28.689876049757 14.30212342739105 32.67303586751223 131.6814210042357 14.57076725363731 95.61692383140326 156.1178567036986 143.496161006391 36.25617046654224 205.4533504024148 268.9028809219599 273.944168895483 53.33007871359587 1.581711746752262 1.136799499392509 0 0 0 0 0 0 0 0 0.1218036934733391 0.157471626996994 0.6296984106302261 0 0.830485001206398 0 0 0 0 10.09089411795139 1.549533829092979 0 0 0 28.61782942712307 0.9008463770151138 10.7852353900671 3.649958379566669 0.2081938683986664 0 0.419797845184803 0 0.3718209266662598 0 0 0 2.068290285766125 13.28636714816093 0 0.1457883417606354 0.1643417030572891 0.1954630166292191 0.5798599720001221 0.731402650475502 1.564507476985455 0 1.1551443785429 2.106804735958576 1.891101658344269 0 0 35.55071998387575 2.889286853373051 2.705936402082443 2.664167523384094 0.1518214195966721 0 0.2289572954177856 0 0 0.4809832572937012 139.8758007436991 11.71651928126812 0 0.3093516230583191 1.014537908136845 6.232396170496941 0.8501232266426086 8.588354408740997 2.258274473249912 10.31485803425312 10.7486170604825 5.039130032062531 0.6514469385147095 0.5023628920316696 0.1316017955541611 0.3906961381435394 0 0 0 0 0.1359398663043976 120.7397224977612 32.28875464946032 13.96710097789764 416.3544603064656 103.6971853151917 554.7341160327196 128.811824657023 564.7453347146511 57.22346668690443 7.769108772277832 86.07342341542244 17.61450430005789 3.286311767995358 28.65996629744768 4.244443736970425 48.55055413395166 4.260631754994392 0 3.402930833399296 4.991507597267628 0.2096795439720154
13.51659693568945 50.62393788993359 1415.961111858487 0.146257609128952 34.10116323828697 0.5966112464666367 10.34715902805328 0 76.71787948906422 5.367907054722309 1403.744081884623 11.92124778777361 173.9436273351312 407.7796971648932 229.9761824533343 127.8571929931641 28.4176341816783 18.22454209625721 7.714167311787605 48.09329595416784 104.9200680851936 1.012553095817566 23.42480991780758 6.1405418664217 29.94090635329485 8.212892137467861 10.57947862148285 5.69703708589077 1.79776156693697 0.9270111545920372 2293.525861024857 1350.058049321175 79.83748912066221 38.10260769724846 37.87979816645384 16.5544807612896 70.45536336302757 18.33251626044512 13.67804236710072 30.55548303574324 40.75038731098175 16.21189222484827 68.1602615788579 32.58077651262283 13.36356262117624 39.38684706389904 292.272172011435 10.49742766469717 10.36203575134277 58.28903607279062 20.90668518096209 1.205186754465103 0 14.79364864528179 10.98038938641548 32.97009213641286 42.92066622525454 484.944243490696 4.364719837903976 61.10483615845442 287.448217228055 26.29747492074966 91.31433761864901 380.4069705829024 20.24193902313709 26.01848655194044 20.28711251914501 76.31837863475084 210.9764066040516 149.3931869417429 17.70335555821657 11.15434197336435 0 205.5927174091339 223.2613273486495 269.2214191928506 219.561451792717 293.7331875562668 1378.232517614961 4070.455552004278 396.2343050092459 2221.017472840846 25.67068186402321 0.4106720313429832 7.849916681647301 25.33924566209316 82.67281062155962 0 3.766282379627228 0.2082377076148987 1.987244516611099 3.808915048837662 104.2927416712046 16.6081278771162 7.493194453418255 22.17706874758005 2.21092663705349 0.1430917531251907 0.3766562342643738 14.07487776130438 0.399376168847084 0 0.3644795119762421 0 3.611417800188065 4.248709842562675 0 3.012817457318306 3.386702999472618 2.646574795246124 1.705981031060219 7.552077941596508 6.642956875264645 12.16663441061974 2.671368144452572 0.3631018996238708 0 0 0 0 0 0 0.1868750751018524 0 1.145715363323689 2.056837283074856 0 0.1463166624307632 0.6138738244771957 0.1128755360841751 2.074330195784569 0.3640184998512268 1.031242862343788 0 0.1061155945062637 0.1114968433976173 0 0 0 4.485221855342388 1.270726591348648 2.410417042672634 4.500389955937862 0.6917169168591499 2.142776325345039 1.124259859323502 0.1510310024023056 0 0 0 0.3057131469249725 0.2688431441783905 0.6029816567897797 0 0 0 0.1100546270608902 3.499447539448738 0 0.3808101564645767 0 0 0.2217806875705719 0 0 0 3.304379470646381 0.1634036153554916 0.1174299642443657 0 0 0 0 0.1543297320604324 0 0.8573910742998123 8.391635186970234 2.967216849327087 0.4304413199424744 0 0.7086915448307991 0.2349381148815155 0 0.3129300326108932 0.2397185415029526 0 0 0.171087458729744 0.1789479106664658 0.1306248903274536 0 0 0 0.2512033507227898 0 0 0.2667156383395195 4.060751646757126 2.423746533691883 4.257328771054745 487.8838646188378 80.42637365311384 532.7113699316978 124.1255557462573 134.884485848248 34.92913646250963 4.10588675737381 113.8063629493117 4.452299728989601 0.2067637369036674 3.371955573558807 1.478567406535149 2.865068972110748 0.1309397518634796 0 1.747263506054878 12.40912030637264 1.050441339612007
46.09977535158396 504.0059851109982 513.4033483862877 151.5613251999021 4272.106111437082 8.099799335002899 742.716219343245 76.71787948906422 0 279.1301942318678 1046.141434311867 311.9139835312963 3729.567077279091 2619.651904895902 143.1969568505883 49.93979699909687 2.571365833282471 0.5624240338802338 0.4157577902078629 4.055384397506714 4.604076616466045 0 2.372739478945732 0.9148599058389664 3.331485651433468 1.557673618197441 1.069287449121475 1.692377492785454 0.8348434269428253 0.1917835474014282 42.13463614881039 12.14666916429996 24.62732900679111 2.396601557731628 2.010011531412601 1.277589209377766 32.54794651269913 3.353987149894238 4.876033157110214 4.964508317410946 2.259203687310219 1.5446662530303 1.981379926204681 12.97503767907619 1.106222458183765 1.379884131252766 239.256218329072 3.274134114384651 0.9472260400652885 2.082920059561729 3.694600969552994 0.1911885961890221 0.1248450130224228 3.048169448971748 4.826928444206715 17.74028586596251 10.5566107109189 25.70655220746994 2.611998610198498 34.99613454937935 10.99935398995876 5.752137072384357 5.987739570438862 25.69055148214102 12.96485614031553 6.061712257564068 3.703950256109238 6.474726274609566 9.8743991330266 7.153947003185749 82.31151554733515 69.2545882165432 0 54.70520809292793 42.69224338978529 140.8682083114982 95.95973169058561 13.91334187984467 2.389219373464584 45.58421428501606 7.396898694336414 23.34088559448719 17.10520005971193 1.057617500424385 3.555764362215996 14.74473663419485 6.829086825251579 0.332342728972435 2.224381543695927 0.4297700896859169 1.572900049388409 2.078753262758255 5.164967618882656 2.844009049236774 2.903764367103577 279.3656991198659 2.901545956730843 0 1.899215027689934 13.441157348454 5.675864703953266 15.61279971152544 19.17881520092487 16.95476783812046 37.22540953755379 107.2238127589226 16.85598923265934 85.83390489220619 131.1012742370367 125.8207946941257 31.3782155662775 197.0809190422297 280.1680888682604 293.9477146267891 32.23472864180803 0.4151408895850182 0.2841333746910095 0 0 0.1209502667188644 0 0 0 0 0 0.3425193801522255 0 0.4097400531172752 0 0.3445960730314255 0.5434730127453804 0 0 0 6.698712162673473 2.143077649176121 0 0 0.3899029642343521 10.33771012723446 2.031340390443802 6.73199013620615 0.8757873475551605 0.5702501684427261 0.2862720042467117 0.1492117345333099 0.1199872195720673 0.3144388794898987 0.266521543264389 0 0 0.3617839068174362 8.780149333178997 0 0.3403454571962357 0 0 0.9363435134291649 0.4102075919508934 1.305170215666294 0.2245597317814827 0.2947007045149803 3.680407471954823 1.806988812983036 0.290961891412735 0 17.46084932982922 1.147670969367027 1.725954368710518 0.571989044547081 0 0 0 0 0 0.6231800466775894 106.404315777123 9.036368101835251 0 0 0.1519699096679688 2.809209153056145 0.3442111909389496 3.153534397482872 1.618599809706211 3.870107971131802 4.090692423284054 2.810590006411076 0.1413851082324982 0.9088731855154037 0 0 0 0 0 0 0.1200280636548996 144.8242201283574 25.08990465849638 4.881222680211067 454.6610100716352 70.19355809688568 447.901854775846 130.7364157438278 215.2089017704129 51.46024759858847 5.198617532849312 143.6895777657628 10.54982122778893 0.8212137445807457 21.09401436895132 1.737481161952019 42.47410593926907 1.299859225749969 0 2.099757961928844 12.95666986703873 0.9230320602655411
3120.717838294804 1092.109725318849 110.3825614526868 2790.978466942906 475.813753657043 639.650936499238 2179.100423745811 5.367907054722309 279.1301942318678 0 6.555310726165771 1784.59607796371 2662.710958115757 90.0958663597703 22.64542549848557 3.007021524012089 0.5735726654529572 0 0.1026191040873528 0.5508475750684738 0.7103894576430321 0 0 0 0.4774229824542999 0.451755091547966 0.09063919633626938 0.5647623315453529 0 0.1342292577028275 165.8270911946893 2.40430910885334 35.55072684586048 0 0.23333340883255 0.09374992549419403 64.14651523530483 4.003355622291565 13.06281393021345 9.270431376993656 0.263634018599987 0.2162650600075722 0.2655808627605438 0.2673323154449463 0.2387148961424828 0 52.54813329875469 3.773577108979225 0.2610215842723846 0.3834860399365425 1.654191099107265 0.3732490167021751 0.5551960319280624 0.1903401911258698 8.16582265496254 32.99885807186365 163.1230396479368 229.07145139575 10.46906936168671 25.62780509144068 1.716687455773354 17.75795882940292 0.5967580080032349 4.218356736004353 14.11035653203726 5.838061884045601 3.107735104858875 2.325768329203129 1.275108955800533 0.5026500299572945 303.9860416799784 92.77398702502251 0 119.1588552817702 52.5298238620162 69.23503302037716 10.65281937271357 1.399269714951515 0.616380862891674 11.15455757826567 0.9320406541228294 17.63864562660456 23.97724166512489 1.473710179328918 2.962951324880123 14.59989158064127 1.367689706385136 0 2.403958193957806 0.3419921323657036 0.8283765986561775 1.381227008998394 0.2618504166603088 0.7759447693824768 1.368998341262341 869.465435937047 30.10785971581936 0 4.451656639575958 1336.079219125211 9.491233356297016 54.31530126929283 35.91039104759693 50.15945830196142 42.47848355770111 173.9995090663433 47.7138307094574 139.3609102964401 286.3534270823002 279.5956650972366 41.47431106865406 330.7985794320703 415.2699643224478 362.510896101594 45.04102423787117 1.35659883916378 0.6318727284669876 0.3968377113342285 0 0.146038293838501 0 0 0 0.1590305417776108 0 0 0 0.3266841769218445 0 0.8334904909133911 0 0.2735273540019989 0 0 9.387540444731712 2.267340794205666 0 0 0 42.85299877077341 1.472143426537514 17.13712891191244 6.799019321799278 0.6479424834251404 0 0.6809101104736328 0 0 0 0 0 4.019590839743614 21.08239637315273 0.6684531271457672 0.2208959758281708 0 0 0.1391424089670181 2.214769616723061 6.318178348243237 0.7066542133688927 1.170690290629864 3.717017658054829 5.327056765556335 0 0.3790876567363739 56.46209172904491 2.486621506512165 2.480010494589806 4.23414122313261 0.5017471015453339 0.6545869559049606 0 0.411495715379715 0 0.4865188151597977 129.3959909752011 9.599781364202499 0 0.1524609327316284 0.203515999019146 8.161409378051758 1.580996707081795 6.521682351827621 5.133917957544327 10.05829119682312 7.287097252905369 7.12954843044281 0.4259722083806992 1.665845021605492 0 0 0 0.578171394765377 0 0 0 104.0318409204483 26.55825260281563 20.13763190060854 170.6554724574089 30.06203597038984 211.9363993853331 45.91686966270208 2429.101024098694 25.43142070621252 2.566146090626717 19.24954404681921 35.05436232686043 2.225518465042114 53.13353636860847 4.591018289327621 170.6196011304855 4.474322639405727 0.2794076502323151 6.074323490262032 0.8063793480396271 0.8914510309696198
137.2016642019153 320.5061425790191 1570.055625371635 0.4862609654664993 614.5174086168408 1.635581448674202 29.91045465320349 1403.744081884623 1046.141434311867 6.555310726165771 0 62.8894706889987 1700.66936968267 3104.912315174937 125.3522065803409 73.71890309453011 12.32292896509171 0.6636224463582039 1.073977902531624 8.2054098919034 43.76355058699846 0.2017668187618256 12.26993146538734 2.747046455740929 40.89318836480379 10.73453617095947 17.43384756147861 6.290975674986839 2.471811935305595 0.670517310500145 149.9038200378418 37.61113088577986 402.8487868458033 16.60497180372477 28.69155529141426 18.34274662286043 250.9553604498506 34.1070788949728 24.48886775970459 66.39169175922871 34.68670898675919 10.81115844100714 8.635248810052872 12.65890064835548 1.546924702823162 3.760033220052719 169.0802563205361 2.346001908183098 1.615847744047642 7.39111340045929 7.637870453298092 1.302287012338638 0 7.29259017854929 3.228530548512936 9.816200390458107 7.41586509346962 57.89065355062485 1.545873187482357 21.47445786744356 28.99856792390347 22.65711272507906 60.70235612243414 26.36471454054117 7.423789195716381 5.895489044487476 5.62151812016964 15.9611192420125 36.16590204834938 39.65661406517029 47.9058046117425 29.88024216890335 0 43.54434586316347 36.55181545764208 79.8671553209424 54.46515845507383 13.54760480672121 91.72036415338516 2311.050183169544 13.21356829255819 121.1075088083744 9.668890029191971 0.3195464238524437 2.031005218625069 7.770898304879665 11.50143065303564 0 2.002275250852108 0 0.9125655889511108 1.744422867894173 42.03322634845972 11.17720974236727 2.541995592415333 86.51066298782825 3.415491744875908 0 0.165170282125473 14.59046048671007 0.3528879135847092 1.950701177120209 1.691340461373329 1.264365524053574 5.791050344705582 10.21531912684441 0.6585654020309448 11.3333171159029 13.44812709093094 12.10553413629532 4.13315287232399 23.57064650952816 30.31348660588264 38.50338300317526 5.056995145976543 0 0 0 0 0 0 0 0.2010365426540375 0 0 1.805199094116688 0 0.7095841690897942 0.1339776664972305 0.6014944463968277 1.412727870047092 0.3011721223592758 0.1493713408708572 0 2.236506745219231 0.1386174708604813 0.1077462732791901 0 0 8.010723121464252 0.6493076533079147 5.530025720596313 5.138873748481274 1.924218878149986 1.774160802364349 0.631833404302597 0 0 0 0 0.2714026868343353 0.2344655245542526 1.1666599214077 0 0.1750802099704742 0.1714101433753967 0.7882269620895386 3.604285039007664 0.1107098385691643 0 0 0.3271958231925964 0.3426103442907333 0 0 0 7.354999214410782 0 0.8918229192495346 0.1317031532526016 0.2847172468900681 0 0 0 0 1.022487916052341 25.10515064746141 3.902114629745483 0 0.1527499407529831 0.7533554881811142 0 0.2489391565322876 0.1645463109016418 0.5797690153121948 0.6716197729110718 1.153500467538834 0 0.3333088010549545 0.294731616973877 0 0 0 0 0 0 0 21.30586731433868 5.042530417442322 6.46527461707592 348.927355594933 51.03051330149174 310.805015951395 95.69119842350483 113.0725492164493 23.39544511586428 2.434160761535168 105.4771591499448 4.411370947957039 0 7.167459271848202 0.2398526519536972 4.759584680199623 0.6770999282598495 0 0.4281324446201324 9.718331634998322 0
158.0266468971968 58.25921495258808 55.36344391107559 106.7996633648872 124.3468258082867 320.1364048421383 258.3124550580978 11.92124778777361 311.9139835312963 1784.59607796371 62.8894706889987 0 1069.252066656947 82.96312666684389 29.63880458474159 20.63695162534714 4.126726798713207 0.1324231624603271 0 0.6090944558382034 4.249854192137718 3.480978786945343 1.13879332691431 0 3.237572684884071 0.878759428858757 1.532687738537788 0.5316038727760315 0.4695641994476318 0.2603740692138672 8.937821954488754 1.829661846160889 16.97093823552132 2.773157954216003 2.689469657838345 1.239275023341179 102.6894951239228 4.012437775731087 36.22889629006386 16.20844539254904 4.267171628773212 1.460377030074596 0.742401048541069 3.91786190867424 0.2359945401549339 1.523942962288857 38.51838203519583 0.2710641026496887 0.1442727893590927 0.6805147007107735 0.9805948659777641 0 0.8961380124092102 1.20793953537941 1.177148304879665 2.933096393942833 34.27445604652166 6.804480507969856 2.283090606331825 3.004737690091133 2.748641431331635 1.717995136976242 4.430480822920799 2.607721067965031 1.747723624110222 1.198588855564594 0.6806761845946312 3.432213179767132 5.026708856225014 7.077674254775047 115.4414503723383 132.9964817017317 0.3880997598171234 8.630037575960159 5.022534176707268 9.921235620975494 5.193877041339874 2.266377508640289 0.2679947018623352 6.662257209420204 1.750157259404659 7.364027805626392 4.179246820509434 0 0.4088110104203224 1.864803053438663 2.726477459073067 0 0.2462468147277832 0 0.1325438916683197 0.3225617557764053 7.285706505179405 1.164491429924965 0.6405945718288422 2904.401364207268 63.84638983011246 0.9477640688419342 1.369618982076645 361.9308727830648 6.915123537182808 23.08190453052521 20.07652516663074 27.32344390451908 24.72445698082447 97.03422674536705 31.73132349550724 74.53917564451694 150.0716586560011 186.0895962268114 29.09286476671696 224.9499907791615 351.3498301208019 349.9328492358327 32.76592181622982 0.1464007943868637 0.1568306088447571 0.1386475712060928 0 0 0 0.1610826402902603 0 0 0 0 0 0.6148766726255417 0 0.4790925234556198 0.1201470270752907 0.2903190553188324 0.6087707579135895 0 5.611608743667603 0.8641515076160431 0 0 0 13.32098373770714 0.5499506145715714 5.759972020983696 9.562335103750229 2.861334756016731 0.4110880494117737 0.197676494717598 0 0.1669052839279175 0.3339578211307526 0 0 0.7446538135409355 7.726723685860634 0.2116161435842514 0.2730894386768341 0.2105437368154526 0.202485591173172 0.7869129478931427 0.6003203690052032 0.7256221026182175 0.399750828742981 1.548401869833469 1.7722989320755 3.44523561000824 0 0 17.76508209109306 1.254092335700989 1.829862594604492 0.8352833166718483 0.09572984278202057 0.2149443477392197 0 0.2442968934774399 0 1.022529751062393 80.42726370692253 12.21074020862579 0.2284439653158188 0.3531232476234436 0.5934282243251801 3.217800378799438 0.2791281938552856 1.393549844622612 2.419281259179115 4.453729964792728 5.386439085006714 2.232102453708649 0.4087927639484406 0.1179581731557846 0 0 0 0.4071182161569595 0.1379664838314056 0.146114245057106 0 228.0906365066767 26.63602185249329 7.118722900748253 168.761626727879 8.332831203937531 91.05507842451334 23.2282954826951 659.0384634807706 5.607897087931633 1.099240243434906 27.73379153758287 9.646355330944061 0.8600716963410378 19.1391937956214 1.722013518214226 60.23479091376066 2.731154590845108 1.630630254745483 1.069123923778534 2.522346496582031 0
