0 3672.305713713169 1042.732406035066 761.4295865148306 342.3443053588271 89.12447284162045 1369.482013970613 389.4103049561381 135.8111674636602 1456.348925888538 436.8287363350391 41.12475194036961 200.7256110087037 170.6173358336091 7.525042295455933 0.3780265897512436 0.9718716219067574 0 0 0.3592080622911453 0.8968110755085945 0 0 0.1931425184011459 0 0.1277446448802948 0 0 0 0 493.2235417291522 20.66540295630693 14.99389220774174 0 0 0.8729771375656128 5.868223786354065 0.1165937930345535 0.8319373726844788 0 2.843247346580029 0.1218713372945786 0.4590717405080795 0.2321544587612152 0 0.2361073195934296 29.1833533346653 4.424363598227501 0.3472255766391754 0.3069461509585381 0.2731483355164528 0 0 0.1194176152348518 1.835301071405411 1.154267437756062 222.4443891867995 845.4395219907165 4.260510504245758 9.360135965049267 1.008718386292458 3.045455925166607 0 2.555965557694435 1.278343811631203 1.543269984424114 0.09769921004772186 0.2439966276288033 0.3554212376475334 1.294313810765743 5.684608578681946 1.409495271742344 0 126.5412040874362 45.492207236588 22.53002796322107 2.666071683168411 0.2790935486555099 1.448695965111256 12.46799853444099 0.2612327113747597 8.212897956371307 8.137682370841503 0.269927054643631 0.6515790149569511 0.6924900859594345 1.272127032279968 0.3658326715230942 0.1205989271402359 0 0 0 1.107876293361187 0.7047459855675697 0.1344437450170517 101.351799711585 1.348027378320694 0.1558335721492767 0 1878.443786218762 0 0 0 0 0 0.5551986843347549 0 0.1391353756189346 0.7069850862026215 0.4133347645401955 0.2355144396424294 3.048802144825459 2.161740481853485 1.39345558732748 2.194250024855137 0 0 0 0 0 0 0 0 0 0 0 0 0 0 0 0 0 0 0 0 0 0 0 0 0.4411868378520012 0.1125503331422806 1.482103705406189 0 0 0 0 0 0 0 0 0 0 0.2817345187067986 0 0 0 0 0 0 0 0 0 0 0 0 0 0.5889531672000885 0 0 0 0 0 0 0 0 0 3.733790293335915 0 0 0 0 0.5570252537727356 0 0 0.2668918669223785 0 0.4427288770675659 0 0 0 0 0 0 0.1218940168619156 0 0 0 2.827796675264835 2.913483746349812 0.361367255449295 43.92204879969358 9.843462534248829 81.99439892917871 17.27265160530806 876.1831972673535 15.60961217433214 2.294607892632484 12.17762213200331 0 0 0.5511524677276611 0.2150363475084305 0.3882161974906921 0.1450522541999817 0 0.4009928703308105 1.050415851175785 0.2249687761068344
3672.305713713169 0 1241.216205641627 1283.836756967008 2705.477002181113 293.4505253136158 2315.975942701101 397.5673325136304 4256.447545580566 1554.924952074885 1362.549143083394 23.30770539492369 281.8765333220363 750.718999452889 40.78187704831362 3.433449923992157 2.180495895445347 0.5949476063251495 0.3405460268259048 0.3298839554190636 1.305813759565353 0 0.1251780837774277 0.2079912424087524 0.1081816628575325 0.8031946644186974 0.2552690580487251 0.3063674867153168 0.2900582849979401 0 1902.583172619343 17.9991722330451 24.24628476798534 0 0 0.2751875817775726 4.043291486799717 0.9962110295891762 0.3907665982842445 0.4905265942215919 2.146120056509972 0.8882507309317589 1.293004892766476 0.6072587221860886 0.09992332011461258 0.7066183090209961 192.3675212934613 15.49508949369192 1.041131965816021 1.667072966694832 1.713826008141041 0 0.3239583373069763 0.2623973041772842 3.80556470900774 3.573930218815804 131.4485307782888 604.316009439528 8.222046054899693 43.81004902720451 1.362050585448742 4.390260487794876 0 20.13284250348806 3.132444709539413 4.957537427544594 1.03120844066143 1.188917763531208 0.9811146408319473 2.189157783985138 8.894493877887726 4.194946810603142 0 242.8650368824601 98.86347458511591 111.5148595273495 16.11919196695089 1.717864833772182 1.231055550277233 13.32733320444822 1.46460472792387 7.860475987195969 18.95276240259409 0.1383735984563828 3.060604177415371 2.441863119602203 3.760581359267235 0 0.2982508689165115 0 0 0 1.275568179786205 0.6788615509867668 0.4033804759383202 63.20490384846926 0.3502909168601036 0.1380376517772675 0.1441726833581924 1064.446647413075 0 0 0.4095794558525085 0 0.2385336309671402 1.464569076895714 0.2203535214066505 2.444200955331326 1.2542654722929 2.893275938928127 1.331007264554501 10.43680190294981 10.37886353582144 4.479642920196056 11.16286715120077 0.2904044836759567 0 0 0 0 0 0 0 0 0 0 0 0.1622419804334641 0 0 0 0 0 0 0 0 0 0 0 2.111010178923607 0.1019280180335045 0.8763488307595253 0.2846182733774185 0.5674927905201912 0 0 0 0 0 0 0 0.3099770247936249 1.032456278800964 0 0 0.2095299512147903 0 0 0.09954457730054855 0 0 0 0 0 0 0.7036381959915161 5.743720754981041 0 0 0 0 0 0 0 0 0 8.986138701438904 0.1615810543298721 0 0 0 0.4150951728224754 0 0.2556256353855133 0 0 0.3635498583316803 0.2670457065105438 0 0 0 0 0 0.1018190383911133 0 0 0 9.524984739720821 2.275401346385479 3.074899651110172 196.8453569635749 31.74806373566389 393.9242675751448 72.08065067976713 760.6966124773026 67.89204947650433 8.397515095770359 52.09288337826729 1.619034513831139 0.2490878775715828 1.5916443541646 1.363364316523075 0.2962588369846344 0.1467773020267487 0.1183004453778267 0.7993570268154144 1.670664876699448 0.3248316645622253
1042.732406035066 1241.216205641627 0 21.72137293219566 827.7247372567654 11.47789222002029 32.66640426963568 2812.608184680343 1111.270896434784 7.869384132325649 2742.908628679812 2.896477483212948 47.80130983889103 313.6894387826324 41.48885881155729 9.292683899402618 13.43111750483513 11.44845834374428 1.09088646620512 17.79529185593128 41.28650476783514 0.4548847526311874 0.1573821157217026 1.330774612724781 0.6170616149902344 4.057368919253349 0.4259470105171204 1.760732151567936 0.3820674270391464 0 6101.985027469695 612.0452232956886 29.5722184330225 0.4528392255306244 0.6975631862878799 0.7516328692436218 5.717792935669422 2.118713207542896 0.567067988216877 0.2816079556941986 55.75356839597225 5.489608094096184 27.78995255380869 2.450176388025284 0.2243603616952896 5.896228834986687 149.4287365600467 14.28430815041065 6.394667983055115 29.38233284652233 5.584674522280693 0.3476741835474968 0.2385614886879921 4.536015070974827 1.911323666572571 3.552202515304089 111.6120400950313 1659.436475515366 6.135570347309113 34.87031233310699 62.90217378735542 33.03324200212955 1.434070244431496 1371.852866992354 3.963983207941055 4.853747889399529 1.769416078925133 1.857229456305504 13.83037278801203 54.15252295136452 4.836892426013947 3.451936431229115 0.3109327852725983 233.7482124641538 125.8429775908589 102.4617777019739 28.42978040128946 3.404001526534557 59.36509311199188 247.1202567592263 44.29565779864788 439.898694910109 18.23912170529366 0.4419852644205093 3.68931533396244 3.038894645869732 17.19315603375435 0.234529510140419 0.1045097336173058 0 0.250390850007534 0.4950180202722549 14.86603955924511 2.30285532027483 0.2435356006026268 12.92055312544107 0 0 0.1395668238401413 1246.077053464949 0 0 0 0 0.1856285482645035 0.28156977891922 0 0.2834985256195068 0.533242255449295 0.6533630266785622 0.1430566608905792 4.842709243297577 2.557821936905384 2.265547700226307 1.915386095643044 0 0 0 0 0 0 0 0 0 0 0.4081126749515533 0 0.3498461544513702 0 0 0.1547145545482635 0 0.4023696184158325 0 0 0 0 0 0.1278950273990631 0.5070544704794884 0.7879468202590942 1.674121253192425 0.3507300466299057 0.3286291658878326 0.2074941247701645 0.376579612493515 0 0 0 0 0 0 0.4216345846652985 0 0 0.145268902182579 0 0.9041421487927437 0 0 0 0 0 0 0 0 2.473918326199055 0 0 0 0 0 0 0 0 0.1800903975963593 2.743333615362644 0.377896174788475 0 0 0 0.1055521219968796 0 0 0 0 0 0 0 0 0 0 0 0 0 0.1317261308431625 0 2.641126424074173 0.9005443081259727 2.00321901589632 124.4570141658187 31.28799822181463 261.8886632174253 48.85206504911184 108.6805449649692 44.3604601919651 7.246121644973755 36.81993828713894 2.266237989068031 0.4555168896913528 0.5456660389900208 1.053050443530083 0 0.1106517091393471 0.1550301164388657 0.2680084705352783 2.259387135505676 0.2230953723192215
761.4295865148306 1283.836756967008 21.72137293219566 0 125.7411555051804 231.5834359675646 1305.146632827818 1.773714564740658 35.9561083689332 2621.832040056586 3.150681406259537 134.9955255538225 1065.186458259821 64.98807184398174 1.244997695088387 0 0 0.3078129515051842 0 0 0.113508939743042 0 0 0 0 0 0 0 0 0 6.646570891141891 0.1277611404657364 2.025816842913628 0 0 0 0.644800066947937 0 0 0 0 0 0 0.1773540824651718 0 0.1255684047937393 8.328249581158161 0.8133896514773369 0 0.1514768898487091 0 0 0 0 0.1025893986225128 0 8.492990672588348 32.28626430779696 0.8302667438983917 2.147891990840435 0 0 0 0 0.09112752228975296 0.08794102072715759 0 0 0 0 0.289343923330307 0 0 11.26503926515579 4.157328553497791 3.486232705414295 0.1374061405658722 0 0 0.2588422000408173 0.1840167641639709 0.1490997970104218 0.6776941046118736 0 0.1624375879764557 0 0.09661468863487244 0 0 0 0 0 0 0 0 11.28592744469643 0 0 0 133.6546400338411 0 0 0 0 0 0.1621467471122742 0 0.3308506309986115 4.008969455957413 0.8560759872198105 0.176215872168541 1.018819689750671 0.9124317020177841 0.7321129590272903 1.26318621635437 0 0 0 0 0 0 0 0 0 0 0 0 0 0 0 0 0 0 0 0 0 0 0 0 0.3080279529094696 0 0.3572979867458344 0 0 0 0 0 0 0 0 0 0 0.3594507575035095 0 0 0 0 0 0 0 0 0 0 0 0 0 0 0 0 0 0 0 0 0 0 0 0 0 0 0 0 0.2520945370197296 0 0 0 0 0 0 0 0 0 0 0 0 0 0 0 1.041853442788124 0 0.2817867994308472 7.99857372045517 3.275360934436321 21.91492239385843 1.510801963508129 192.5838930755854 3.331045277416706 0.4223388135433197 2.912935435771942 0.9625412225723267 0 0.134106382727623 0 0 0 0 0.3419627249240875 0 0
342.3443053588271 2705.477002181113 827.7247372567654 125.7411555051804 0 51.90453252196312 3376.143252298236 103.1333706825972 11270.93768808991 1144.765579052269 1206.847351647913 59.62282298505306 463.1131604760885 519.1559231951833 60.82018824666739 5.325661674141884 1.520318627357483 0.2070279344916344 0.0908118337392807 0.5934760943055153 1.496371082961559 0 0.897505134344101 0.0887148305773735 0 1.255216039717197 0 0.3646434023976326 0.6695379242300987 0.1445037871599197 269.5232916995883 6.155152261257172 36.99502188712358 0.402264192700386 0 0 6.250867068767548 0.1187586113810539 0.09105819463729858 0 1.008748032152653 0.4132166057825089 0.3421019166707993 1.953821316361427 0 1.077125988900661 209.5614085048437 7.69834803044796 1.160296626389027 0.8677049204707146 2.19344225525856 0.5160760283470154 0.3798917084932327 0.1055165827274323 1.497085466980934 5.179475158452988 37.97019594907761 154.5363799110055 5.423898249864578 30.4766558483243 1.139131836593151 3.775217473506927 0 19.12531167268753 2.965016543865204 3.435509823262691 0.7317110002040863 1.054054982960224 0.529838465154171 0.7670673206448555 31.99954822659492 15.73173017799854 0 85.00397627800703 48.31619486957788 93.86464730650187 23.19226744771004 3.068053245544434 0.5046558678150177 15.42849069833755 1.054143980145454 5.098300769925117 13.46272817254066 0.6720649525523186 2.520868174731731 1.876100666821003 2.505309961736202 0 0.5534615442156792 0.2177642583847046 0.736617311835289 0.4151726514101028 0.489155687391758 1.116025671362877 1.150061093270779 172.3294039368629 0.1993230581283569 0 0 109.7967288568616 0 0.7099268734455109 2.750534310936928 0.826324999332428 0.1084486842155457 12.30684553086758 0 18.20038568973541 11.09889206290245 37.53848737478256 6.88537061214447 121.8131467923522 73.58443769812584 27.16503447294235 65.99358846992254 0.2808368057012558 0 0 0 0 0 0 0 0 0 0 0 0 0 0.2829046845436096 0 0 0 0 0.3109225183725357 0.3900731652975082 0 0.79740010201931 0 7.700902871787548 0.6077153980731964 7.011915892362595 0.8263841867446899 0.4324416965246201 0 0 0 0 0 0.1345047652721405 0 0.2710705101490021 2.034448273479939 0 0 0.1810985207557678 0 0 0 0 0 0.5169703215360641 0.3547292798757553 0 0.1047496125102043 0 13.93069481104612 0 0 0 0 0 0 0 0 0 57.70288266986609 0.6895996928215027 0 0 0 3.842722661793232 0.2119284421205521 0.9130212515592575 0.7015401795506477 1.860997870564461 0.8140410110354424 0.3774207830429077 0 0 0 0 0 0 0 0 0 78.33565349876881 9.37113731354475 4.783934555947781 262.751135379076 55.36126974225044 366.2939484864473 134.3336024209857 164.3165978491306 90.67131028324366 12.32998968660831 106.6546796783805 8.959051199257374 1.121753416955471 4.517870120704174 1.024320162832737 3.110835000872612 0.7701888084411621 0 1.180245563387871 6.588363453745842 1.256106495857239
89.12447284162045 293.4505253136158 11.47789222002029 231.5834359675646 51.90453252196312 0 279.2683796882629 2.010204508900642 36.53040260076523 677.9632735997438 20.95637978613377 170.9276019185781 216.0889282897115 147.0610979050398 0 0.1404354572296143 0.1197371706366539 0 0 0 0 0.1945560127496719 0 0 0 0 0 0 0 0 13.44865263998508 0 23.94519197940826 0 0 0 2.991300106048584 0 0.7570013254880905 0 0.1375147253274918 0.1300950199365616 0 0 0 0 0.9958744794130325 0.1296055018901825 0 0 0 5.423314899206161 0 0 0 0.2279417216777802 53.91180421411991 26.37190389633179 0 0 0 0.6502823382616043 0 0 0 0 0 0.1170702204108238 0 0 119.3810961544514 61.48711070418358 10.07872778177261 4.858434997498989 0.294594444334507 0.5426509380340576 0.1401456892490387 0 0 4.393056184053421 0 0.3962314426898956 0.1515531539916992 0.3270452618598938 0 0.2408053427934647 0 3.182147458195686 0.7520454004406929 11.83481473475695 0.1647507846355438 0.9349718615412712 0 0 0 605.2850159853697 87.77280722558498 6.755408778786659 1.07673080265522 367.4988133460283 0 0 0 0 0 0 0 0 0 0.2005202770233154 0 0.9661575555801392 0.9271009415388107 0.2539788782596588 1.28628933429718 0 0 0 0 0 0 0 0 0 0 0 0 0 0 0 0 0 0 0 0 0 0 0 0 0.4173576384782791 0.2099251300096512 0 0 0 0 0 0 0 0 0 0 0 0 0 0 0 0 0 0 0 0 0 0 0 0 0 0.4170359820127487 0 0 0 0 0 0 0 0 0 2.064316026866436 0 0 0 0 0.6466744542121887 0 0 0 0 0 0 0 0 0 0.1651027947664261 0 0 0 0 0 0.4235372841358185 0.165424183011055 0.8014509528875351 2.169562935829163 0.9377967864274979 2.849444903433323 0.6623281836509705 95.12497018277645 0 0 0.1924943178892136 0 0 0 0 0 0 0 0 0 0
1369.482013970613 2315.975942701101 32.66640426963568 1305.146632827818 3376.143252298236 279.2683796882629 0 8.526392094790936 3136.556800663471 5063.25402238965 40.58945792168379 268.1824254393578 5113.682339712977 383.1784864589572 45.94915590435266 1.401576288044453 3.023720346391201 0.3544737175107002 0 0.6739762648940086 1.068433456122875 0 0 0.207522988319397 0.1264593750238419 1.576755508780479 0.2496632784605026 0.4077030047774315 0.7026405110955238 0 58.44468116760254 2.986130326986313 28.86468663811684 0.1946934163570404 0 0.1483074575662613 5.31511839479208 0.3671335205435753 0.1080992668867111 0.7336968183517456 0.8881954178214073 0.4792386665940285 0.2363356724381447 0.7785857766866684 0.110349029302597 0.4033257439732552 170.7912158966064 8.956512376666069 0.8615459054708481 0.8157572969794273 1.144220098853111 0 0 0.7465160265564919 1.088930502533913 2.52666400372982 54.08743341267109 191.1848816424608 4.57560995221138 29.54565005749464 1.494163930416107 4.257652811706066 0.1392496079206467 13.83707766979933 2.49832933396101 4.08116839081049 0.7804717496037483 1.129783980548382 0.2383148074150085 1.275154300034046 22.70866928994656 17.9192042350769 0 115.3858346790075 48.87180411815643 84.29854986071587 19.49041742831469 1.587702877819538 0.4718053340911865 12.34541890770197 0.3125656992197037 4.434319950640202 12.77231734246016 0.4363024681806564 3.464553460478783 1.825464218854904 2.469592668116093 0 0.1471583843231201 0 0.336262583732605 0 0.6666108965873718 0.3552512228488922 0 283.394584223628 0.2552990615367889 0 0.4151803553104401 225.3885722458363 0 0.4962928891181946 1.60410999506712 0.6676258742809296 0.9759605526924133 13.81157544255257 0.809140533208847 9.11503728479147 14.63963970541954 33.59510210156441 7.783153161406517 108.1546202898026 68.52449543774128 26.4767043069005 51.3888184428215 0.1276650726795197 0 0 0.1141622588038445 0 0 0 0 0 0 0 0 0 0 0 0 0 0 0 0 0.4167379960417747 0 0.945679247379303 0.4103534519672394 6.682282246649265 0.1496843546628952 3.909255914390087 0.9856536164879799 0 0 0 0 0 0 0 0 0.3316807597875595 3.967147283256054 0.1981951147317886 0 0 0 0 0 0.2106307148933411 0 0 0.6536606699228287 0 0.5191337466239929 0 13.72629083693027 0 0 0 0 0 0 0 0 0.1863993853330612 38.86275095492601 0.3365736901760101 0 0 0 3.269692309200764 0 0.2977620512247086 0.2191223204135895 0.1706562638282776 1.551708683371544 0.3838576078414917 0.5176985487341881 0 0 0.1059694290161133 0 0.09748317301273346 0 0 0 72.61853440105915 8.486226134002209 4.683373235166073 221.1178562343121 42.8388796299696 341.7514161542058 100.2785823047161 487.9947711899877 68.05087610334158 7.695862740278244 77.08734201639891 4.933892667293549 0.4877359420061111 5.769681885838509 0.9849889874458313 2.992399871349335 0.5718572437763214 0.156372606754303 1.365110769867897 3.700717203319073 0
389.4103049561381 397.5673325136304 2812.608184680343 1.773714564740658 103.1333706825972 2.010204508900642 8.526392094790936 0 236.1897196695209 6.183515220880508 2597.591803736985 1.700626380741596 18.15181428194046 163.1638761460781 133.1660503000021 19.03779870271683 15.81833189725876 2.422262765467167 0.5746434777975082 3.249807372689247 50.55635073781013 0.1418735980987549 2.289602726697922 4.932618156075478 1.070878803730011 8.687543116509914 1.080206252634525 1.43816315382719 0.8863815814256668 0 1226.502933815122 2320.012455910444 37.21957672387362 0.6434654891490936 3.114943325519562 2.91757620126009 11.14546278119087 2.933262303471565 0.2459912672638893 1.240683495998383 65.89292616397142 4.323096074163914 9.597288601100445 6.346129044890404 0.5425911024212837 0.5759030804038048 305.4685629084706 11.33101972937584 3.242539368569851 12.31929721683264 5.571614474058151 0.1124516502022743 0.1484745591878891 2.689108848571777 0.923693522810936 4.928712978959084 53.59030655771494 495.5188914164901 4.950950808823109 40.84098603576422 45.67700067907572 88.3064626455307 1.911373600363731 138.1192615702748 1.886536732316017 4.653142295777798 2.03083860874176 1.873204402625561 8.91685102134943 51.17917902767658 2.760345444083214 2.10657424479723 0 162.3226579278708 120.9705391526222 180.0925893038511 148.9092170894146 133.0619505345821 1222.288769200444 2460.840094931424 70.71749567240477 1115.94986705482 14.79858311265707 0.5833974704146385 2.770404033362865 2.285265654325485 11.399568811059 0.1348158866167068 0.1715069860219955 0.1594204604625702 1.392548240721226 0.7265023663640022 22.2585409656167 4.039922960102558 0.3949227854609489 5.431769251823425 0.5061041936278343 0 0.3179255723953247 226.2714674174786 0 0 0 0 0 0.2455011457204819 0 0 0.3470130562782288 0.6976732388138771 0.1283220201730728 2.018561989068985 1.672596171498299 2.035902738571167 2.933667279779911 0 0 0 0 0 0 0 0 0 0 0.3255103826522827 0 0.1244736909866333 0.1884495913982391 0 0.350068986415863 0 0.1723151057958603 0 0 0 0 0.3792096674442291 0 1.488530173897743 0.3617555201053619 1.119625620543957 0.8217049911618233 0.743278369307518 0 0.1422492116689682 0 0 0 0 0 0 0.3585355579853058 0 0 0 0.2968735024333 0.6052659526467323 0.08839146792888641 0 0 0 0 0 0 0.1659763604402542 1.225843153893948 0 0 0 0 0 0 0 0 0 2.749835580587387 0.2696138769388199 0.1887654960155487 0 0 0.1430550664663315 0 0 0 0.1537744700908661 0 0 0.09341999888420105 0 0 0 0 0 0 0 0 2.253782920539379 0.6558863297104836 1.332591407001019 235.1681880801916 43.97213037312031 415.2017888724804 100.8564850613475 54.86662942171097 62.33381669968367 6.587972737848759 71.02492291480303 2.090921387076378 0.1378406286239624 0.7311383485794067 1.066331371665001 0 0 0.3687096610665321 0.4983303099870682 3.014656029641628 0.325109988451004
135.8111674636602 4256.447545580566 1111.270896434784 35.9561083689332 11270.93768808991 36.53040260076523 3136.556800663471 236.1897196695209 0 439.2328314185143 1950.562138162553 82.71788816154003 630.5454141125083 2194.19604999572 171.4885134100914 12.3319453895092 11.08581983298063 0.6039269790053368 0.2280064672231674 0.5237326174974442 3.220649600028992 0.3844415098428726 1.627489127218723 0.7494330853223801 0.4064157158136368 3.453946366906166 0.7080299109220505 1.825787283480167 0.9613176137208939 0.6590999513864517 127.8421427384019 10.99723368883133 78.3892617225647 0.2420272380113602 0.1990700662136078 0 5.930680952966213 1.916874036192894 0.820792093873024 0.1310853958129883 5.346257619559765 2.457116477191448 0.9470851793885231 3.107903584837914 0 0.6769364252686501 368.807414598763 9.929810479283333 1.732682079076767 3.003032982349396 3.093941517174244 0.3919628337025642 0 1.65228358656168 1.324546955525875 4.718790292739868 40.65011811256409 120.2475657761097 6.077479772269726 39.02461937814951 1.659158952534199 8.927754752337933 0.1444236636161804 29.88676040619612 3.237846314907074 5.212033353745937 1.751195684075356 1.860891543328762 1.277403146028519 5.218062646687031 57.84016128629446 30.5706647709012 0 88.24019227921963 56.9959462583065 137.9384848177433 58.60760695487261 5.8774678632617 6.947794109582901 47.92368043214083 1.675252594053745 22.34958120435476 13.35089134424925 0.8375155478715897 2.344043545424938 2.425657577812672 3.324469447135925 0 0.1306993663311005 0.1124913021922112 0.2704924121499062 0.6752379313111305 3.301943056285381 1.735842309892178 0.8028750196099281 314.3793824538589 0.2421170771121979 0 0.6990290433168411 64.99244593828917 0.2186618000268936 0 4.855833433568478 0.3622069358825684 1.632138296961784 26.85856555402279 1.280035391449928 26.93917310237885 18.00814438611269 59.83121684193611 13.72031186521053 209.4909851178527 125.0867525488138 49.10716495662928 105.8323775753379 0.1458707898855209 0 0 0.2790452092885971 0 0 0 0 0 0 0 0 0.2329931259155273 0 0.4108671844005585 0 0 0 0 1.916626900434494 0.4958736598491669 0 0.2178414762020111 0 12.67784942686558 1.976778246462345 8.546591281890869 0.9556828439235687 0.2457804381847382 0 0 0 0.1167953759431839 0.4036439657211304 0 0 0.9644690304994583 3.88812093436718 0 0.6055939346551895 0 0.5992348194122314 0.1436559110879898 0.3931206986308098 0 0 0.3154312372207642 0.8732192814350128 0 0 0.9157762825489044 25.83457592129707 0 0.1134895533323288 0 0 0.1120988056063652 0 0 0 0 87.19135440886021 0.5739978849887848 0 0 0 6.750351876020432 0 0.9258869737386703 0.6505414843559265 0.67081618309021 3.403408832848072 0.1383793503046036 0.1474819481372833 0 0.61180180311203 0 0 0 0 0 0 140.5311982929707 11.85115889459848 11.05721894651651 533.8168411627412 93.97980878502131 648.7750608623028 264.1115806624293 145.731714732945 126.2608386650681 16.71572376787663 232.1533359214664 13.33595342189074 0.2464846298098564 9.673149116337299 1.373443186283112 2.618264265358448 1.293291687965393 0.5267256945371628 3.374631017446518 9.86166238039732 1.619617402553558
1456.348925888538 1554.924952074885 7.869384132325649 2621.832040056586 1144.765579052269 677.9632735997438 5063.25402238965 6.183515220880508 439.2328314185143 0 33.57037115097046 2524.84726908803 8354.358488090336 1964.077256642282 6.573726311326027 0.8598630651831627 0.4031761437654495 0 0 0 0 0 0 0 0 0 0.3680253028869629 0 0 0 9.752599351108074 0.1804459542036057 36.32401469349861 0 0 0.1204983368515968 4.472321510314941 0.1122646927833557 0 0 0 0.1102293580770493 0 0 0 0 30.86332438886166 3.543563842773438 0.218831904232502 0.1092131733894348 0 0 0 0 0.318271204829216 0.4089372754096985 46.35759146511555 62.68470837920904 1.802416160702705 5.299050584435463 0.483542300760746 0.7621990367770195 0 1.53637557476759 0.425172246992588 0.4774231016635895 0.09111364930868149 0.2319204434752464 0.1181524842977524 0.2156408056616783 25.43021941930056 18.87605974078178 0 28.69650974869728 11.15636313706636 12.72812966257334 2.005067929625511 0 0.2905488610267639 12.59918042272329 0.2474996000528336 1.662030406296253 1.761077515780926 0.1648760586977005 0.3732767701148987 0.2701546996831894 0.3922256901860237 0 0 0 0.1892099529504776 0 0 0 0.4021531790494919 590.5984035134315 1.335437715053558 0 0 1180.58604259789 0.2020527273416519 0.2986786067485809 1.68981072306633 16.82790148258209 0 24.43829828500748 2.304445639252663 9.658317893743515 39.88298352062702 58.00117048621178 4.293074741959572 78.51455439627171 178.9441430345178 13.46588876843452 31.82605624943972 0 0 0 0 0 0 0 0.1396933495998383 0 0 0 0 0 0 0 0 0 0 0 0.434052586555481 0.1396468877792358 0 0 0.5354400277137756 3.721121579408646 0.7872810661792755 4.692876294255257 0.5246361941099167 0 0 0 0 0 0 0 0 0.4233035743236542 0.3052609041333199 0 0 0 0 0 0 0 0 0 0 0 0 1.213890433311462 9.256607882678509 0.08744199573993683 0.2971923351287842 0.4134266972541809 0 0 0 0 0 0 20.71959909796715 0 0 0 0 2.429693251848221 0 0 0 0 0.5694776624441147 0 0.3455229103565216 0 0 0 0 0 0 0 0 34.07013083249331 2.195894718170166 4.80107244104147 66.63086733967066 5.224068649113178 71.04423268139362 17.23197547346354 1104.758609868586 11.11980704218149 1.338779106736183 16.97253685444593 1.032446071505547 0.1967713981866837 4.229759827256203 0.8693788796663284 2.857148393988609 0 0 0 0.4888055026531219 0
436.8287363350391 1362.549143083394 2742.908628679812 3.150681406259537 1206.847351647913 20.95637978613377 40.58945792168379 2597.591803736985 1950.562138162553 33.57037115097046 0 83.44378925859928 993.4796901494265 4748.094451755285 420.9013566672802 63.5174507573247 77.7208107188344 3.398706339299679 0.3446974605321884 2.537742301821709 35.48962836712599 0.1317446827888489 7.721259251236916 9.436380319297314 14.7483920827508 23.14654272794724 6.455001264810562 4.094842463731766 1.653116658329964 1.070902213454247 725.3693452328444 537.0851859673858 539.7778360322118 1.075260773301125 6.349478095769882 22.90492167323828 89.99822621047497 25.98827970027924 11.41177438944578 10.86447836458683 113.153168387711 14.00653479248285 5.329164460301399 6.217512801289558 1.100583955645561 1.319135755300522 734.5405794754624 18.69363162666559 6.385067835450172 15.40270927548409 12.20847388356924 0.380699448287487 1.008056066930294 3.986011154949665 1.347220227122307 9.753230363130569 65.73786451667547 378.5449298918247 8.470150656998158 82.77680729329586 9.183228611946106 139.2798129767179 4.761186502873898 99.26109156757593 6.413626872003078 8.487483218312263 3.308429330587387 3.322184003889561 8.564255349338055 67.31416794657707 72.42372544854879 27.92111488431692 0.5496752262115479 201.4957843571901 149.1064921841025 305.5349033996463 158.6670532822609 24.23730883747339 609.504202529788 1190.754956036806 3.153568737208843 411.5948825255036 22.00251287221909 2.409240938723087 5.162178918719292 6.205853424966335 17.40869115293026 0 1.253029152750969 0 2.41562282294035 1.590247988700867 49.47987698763609 15.39081488549709 2.545040912926197 250.8266192302108 4.495692081749439 3.258531719446182 3.926419802010059 181.6508494243026 0.4082213416695595 0.4263608306646347 1.585759676992893 0.3649715557694435 0.3469791412353516 6.362975426018238 0.724323570728302 9.352215796709061 7.600034192204475 20.63170231878757 3.731543131172657 85.56197392940521 58.75294508785009 26.93093171715736 46.87538702785969 0.261248990893364 0 0 0 0 0 0.1356611698865891 0 0 0 0.2132802605628967 0 0.1041203513741493 0 0.3419327810406685 0.1762789487838745 0.128122866153717 0 0 0.2478721663355827 0.9324108809232712 0 0 0.4491672217845917 10.44354752451181 3.975146852433681 16.79495656490326 4.688015468418598 2.875591538846493 0.1762304157018661 0.2633374184370041 0 0 0 0 0.2646027803421021 0.3716664463281631 2.127150736749172 0.3263797163963318 0 0.5088014677166939 0.5054211840033531 1.170129850506783 0 0 0 0 0.09335979074239731 0 0 0.1789109855890274 16.8153892531991 0 0.4344388023018837 0.08766221255064011 0 0 0.3921248316764832 0 0 0 56.71951196342707 2.905220776796341 0 0 0.1258217990398407 5.044969119131565 0.1664199531078339 1.663041740655899 0.6888345927000046 0.257410854101181 1.043273366987705 0.3509382605552673 0 0.2762818783521652 0 0 0 0 0 0 0 75.93572656065226 13.48945730924606 13.56574869900942 954.0724033489823 164.2743817940354 1087.704933956265 397.76314804703 160.3988033086061 177.5920720696449 24.11542385816574 404.0358670428395 14.73316598683596 0.5580668374896049 6.024489104747772 2.482119202613831 1.680325582623482 0.2709391564130783 0 3.216824278235435 17.42196208238602 2.530520290136337
41.12475194036961 23.30770539492369 2.896477483212948 134.9955255538225 59.62282298505306 170.9276019185781 268.1824254393578 1.700626380741596 82.71788816154003 2524.84726908803 83.44378925859928 0 3137.808515205979 1061.301510624588 9.458039164543152 1.253449283540249 3.187097519636154 0.1839197278022766 0 0.1625560373067856 1.023134365677834 0.7111172080039978 0 0 0.5133971273899078 0.327648900449276 0 0.2207217067480087 0 0 2.127940870821476 0 91.86600086092949 0 0 0.4229696393013 15.00815634429455 2.846890509128571 11.28793394565582 3.789044193923473 2.843455798923969 0.8823335468769073 0 0.3141440153121948 0 0 25.25595133751631 0.2263536304235458 0 0.2722855806350708 0.7168357372283936 0.3312652707099915 1.011673212051392 0 0 0 6.180728815495968 12.11800511181355 1.244546055793762 2.143755927681923 0 1.203607901930809 0 0 0 0.0829271525144577 0 0 0.4037161469459534 1.394221268594265 129.7783843502402 49.28043232858181 0 7.710194200277328 2.061589010059834 5.753029555082321 1.431382596492767 0.63226318359375 0 7.236850008368492 0.2802465707063675 0.9548617899417877 2.170085221529007 0 0 0.1812649518251419 0.5214097797870636 0 0 0 0.3292513564229012 0 2.197511903941631 2.075245223939419 0 1338.955750316381 4.722727358341217 0.8330255001783371 4.459775775671005 74.30999292433262 0.3471035733819008 0.1437152773141861 1.237729623913765 0.1634936183691025 1.307718679308891 14.2897257655859 1.362504303455353 18.54951336979866 13.65777391195297 48.54893549531698 6.607152871787548 136.1214265599847 74.75345835834742 34.74494332075119 53.50414696335793 0 0.1703284084796906 0 0 0 0 0 0 0 0 0 0 0.1710926741361618 0 0 0 0 0 0 0.9835693165659904 0.4413083493709564 0 0 0 8.716314010322094 1.883646853268147 5.362472102046013 1.551915064454079 0.2797122895717621 0 0 0 0 0 0 0 0.3112387284636497 2.962956130504608 0.1849546581506729 0.749513566493988 0 0.2652976214885712 0 0 0 0.09969227761030197 0.1668667197227478 0.327979788184166 0.1421911269426346 0 0.2756640017032623 12.34374666959047 0 0.2328554913401604 0.0918426588177681 0 0 0 0 0 0 47.30081722140312 2.317930966615677 0 0 0 3.4438087195158 0 0.231591984629631 0.5018323212862015 0.9187891557812691 0.6865977719426155 0.9414889812469482 0.3663374930620193 0 0 0 0 0 0 0 0 105.896923750639 9.045811757445335 5.907828807830811 63.09967471659184 4.543331950902939 42.41089680045843 13.70047850906849 147.9026101380587 8.942592442035675 0.859391987323761 24.20462766289711 0.7642518281936646 0 2.473501659929752 0.4314603433012962 2.164344787597656 1.24876357614994 0 0.3872905522584915 2.734405286610126 0.2313822507858276
200.7256110087037 281.8765333220363 47.80130983889103 1065.186458259821 463.1131604760885 216.0889282897115 5113.682339712977 18.15181428194046 630.5454141125083 8354.358488090336 993.4796901494265 3137.808515205979 0 1443.679451420903 82.53172857314348 12.34938642382622 16.43614999204874 0.5275807231664658 0 0.3454686999320984 2.389892555773258 2.055224597454071 0.3604535311460495 0.4935183972120285 5.366164289414883 3.649653203785419 1.869702026247978 1.724644564092159 1.259822584688663 0.448706641793251 28.51434218883514 3.437610290944576 750.1219692379236 0 0.2522051557898521 1.572112984955311 227.8657399564981 24.74622464179993 542.0939636081457 42.99579332768917 26.02165533602238 8.418284974992275 0.326015792787075 1.667659312486649 0.3708344772458076 0.2938408553600311 145.3598664104939 3.667859233915806 2.547234527766705 2.341921769082546 4.114251367747784 6.380991965532303 22.58241395652294 1.736064366996288 1.65342915803194 1.258064970374107 24.35925824195147 59.39350288361311 2.339742563664913 15.78034896403551 1.632105514407158 28.78947415947914 0.16935795545578 7.056035175919533 2.018999561667442 3.027970179915428 1.594020642340183 1.905447237193584 2.383275650441647 11.77953404188156 1390.522337853909 449.0112791508436 5.978332415223122 41.32390502095222 20.39597108960152 48.89109013229609 22.65061615407467 3.454204902052879 2.392119571566582 50.09440102428198 1.21680410951376 15.24824395030737 5.125524155795574 0.3083692789077759 0.9075067192316055 0.7144018262624741 3.050757728517056 2.375411801040173 0.6076864376664162 7.165003694593906 1.847424522042274 1.865437030792236 20.17403938621283 11.84612390398979 1.289684377610683 2309.912812404335 191.0941417962313 43.82372765243053 321.5956775769591 111.0519473403692 0.9502630084753036 2.29507851600647 5.255528643727303 1.268080145120621 3.001535579562187 38.12350957840681 3.15711385756731 31.28233529627323 37.01735530048609 113.3471508547664 26.89119257032871 348.2681236863136 236.3320088163018 98.20853109657764 230.5232262462378 1.195730842649937 0.8411429226398468 0.1164778843522072 0.5946718156337738 0 0.2793510556221008 0 0 0.1514787673950195 0 0 0 3.666176959872246 0.1255263388156891 3.044014386832714 0.2593522667884827 0.6403310000896454 0 0.2470516115427017 3.017187498509884 1.036979898810387 0 2.708404049277306 1.283538639545441 48.89497417956591 14.55048989504576 66.66769136488438 16.23421449959278 8.856930688023567 0.1400249451398849 0.1916850507259369 0.1906763464212418 0.121868796646595 0 0.19837586581707 0 1.780170306563377 12.92315029352903 1.099730916321278 0.3859320804476738 0.1844173967838287 5.730572529137135 0.297700434923172 0.2324009016156197 0 0.09735852479934692 0.3822130560874939 2.94366942346096 0 0.5275630205869675 1.458243936300278 73.78047720342875 0.6299398690462112 0.2031625062227249 0.4629545360803604 0.1274762600660324 0.2747614681720734 0 0.235955037176609 0 0.1208316832780838 248.0496375858784 24.72194446623325 0.1367511600255966 0.1537708640098572 0 14.41651647537947 0.2628210484981537 5.928030073642731 2.313860818743706 3.782662957906723 6.785348474979401 0.2522808089852333 0.4083394929766655 0.4383606463670731 0 0 0 0 0 0.1263923197984695 0 298.1864675953984 65.6446055918932 72.753144338727 402.4851205870509 55.46998981386423 286.9887297898531 127.7079686000943 307.0165325552225 61.75286465883255 7.174993008375168 159.6384238377213 16.79218112677336 0.934072270989418 20.12930351495743 2.700321435928345 9.867364510893822 2.942936576902866 0.1260992437601089 5.368424139916897 8.206977739930153 0.6227456629276276
170.6173358336091 750.718999452889 313.6894387826324 64.98807184398174 519.1559231951833 147.0610979050398 383.1784864589572 163.1638761460781 2194.19604999572 1964.077256642282 4748.094451755285 1061.301510624588 1443.679451420903 0 180.3908058851957 31.55982650816441 52.03814573585987 1.368276588618755 0.4178551137447357 1.537385649979115 9.209347896277905 0.6850377023220062 2.51447169482708 3.79402144998312 14.29906073957682 12.65087939798832 5.438067764043808 2.073671922087669 0.7617085501551628 0.2301239892840385 137.8404856771231 27.65488857775927 675.2052437067032 0.7891936972737312 1.935783907771111 16.73933462053537 165.4798664003611 38.75790683925152 35.58452039211988 23.65163633972406 70.69359904527664 13.98154087364674 1.762670412659645 3.555474936962128 0.339661493897438 0.5057809874415398 301.6498512104154 7.422135822474957 3.385918408632278 10.46519510447979 7.7957833558321 1.366827242076397 0.8790994137525558 2.711247928440571 0.5848678722977638 2.775098286569118 40.58334919810295 125.1251543685794 5.514924623072147 23.65055368840694 1.583071380853653 63.72398715466261 1.465432167053223 18.8718543574214 3.249339662492275 2.888884969055653 1.305341824889183 1.895528443157673 5.263704039156437 44.78209426999092 271.1994219943881 95.8940961509943 0.8789622411131859 94.26476552337408 39.83292500674725 94.88431999087334 37.14580457657576 6.624890454113483 47.03493698686361 315.1037474796176 1.265692606568336 120.5215128660202 7.605503499507904 0.8504340052604675 2.316413342952728 2.732702888548374 9.897011145949364 0.1079510226845741 1.469794623553753 1.084509409964085 3.360319659113884 0.473913162946701 47.49205952882767 19.39401329308748 1.591916814446449 1662.437546722591 5.114233002066612 2.509822130203247 20.52933265268803 118.0993644818664 0.5506731867790222 0.9844231903553009 3.097787015140057 3.067302994430065 2.457212865352631 44.2697454765439 3.477457977831364 40.7345822378993 28.27191143482924 104.076123200357 14.66190744936466 319.0999990999699 198.7463436722755 81.88656595349312 164.8503001928329 0.6097101047635078 0.1096634492278099 0 0 0 0 0 0 0 0 0 0 1.692250475287437 0 2.304539129137993 0.1940921097993851 0.4483946412801743 0.308162733912468 0.4460581541061401 2.155134931206703 0.3965691477060318 0 2.457842849195004 0.5839568227529526 28.69737656414509 7.325442604720592 33.37320055812597 10.39849218726158 4.99611809104681 0 0.3376288414001465 0 0.1143737807869911 0.1376461386680603 0.1230050474405289 0 0.1421412080526352 6.56066582351923 0.2529413402080536 0 0.4556206092238426 1.809539012610912 0.709705576300621 0 0.3810817003250122 0 0.7251472473144531 2.091732785105705 0.2405094355344772 0.1636267602443695 1.059395119547844 50.4111609980464 0.1081591919064522 0.7987195551395416 0.09884938597679138 0.08709428459405899 0 0.1582752913236618 0 0 0.3016400039196014 148.8298346325755 5.102414540946484 0 0.1395840495824814 0.1369361281394958 8.255183629691601 0.6465517207980156 2.476407438516617 2.253964893519878 1.941997587680817 2.759130001068115 0.7208575159311295 0.106838583946228 0.09459228813648224 0.1305592656135559 0 0 0 0 0 0 269.3135092183948 30.28396160155535 31.89651820808649 881.9892007857561 83.60061370581388 569.0260752588511 217.7362295463681 252.3402208164334 92.34484507888556 8.681351289153099 268.5104862824082 15.35104269534349 0.7913617342710495 15.68811436742544 2.26755028963089 3.449481189250946 2.779577150940895 0 6.710426561534405 13.69850059598684 1.022855579853058
