0 3973.898868642747 723.1902321651578 590.5700409263372 184.6969730034471 344.2088259607553 273.8565820530057 70.34592175483704 96.15021995455027 807.229117244482 382.8282143995166 246.4267774969339 210.4171037003398 139.2674447372556 3.488804578781128 4.263250172138214 0.4063693135976791 0.454435408115387 0 0.4010543823242188 0 0.6564877033233643 0 0 0.09496483951807022 0.1578171104192734 0.132199615240097 0 0 0 263.4242848083377 8.291643232107162 17.73079557716846 0 0 0 18.19913905858994 1.887413792312145 3.02767264097929 0.5190363526344299 0.3611401915550232 0 0 1.03976184129715 0 0 18.18541303277016 1.605792626738548 0.3010863959789276 0.2363805919885635 0.129013791680336 2.974434047937393 0 0.178553506731987 4.126851730048656 8.287396319210529 391.4578798413277 482.2801030725241 74.19943502545357 12.62164536118507 0.188754677772522 2.306721426546574 0 35.63068809360266 1.518838137388229 2.355653300881386 0 0.6066077500581741 0 0 65.17759162187576 59.95500011742115 0.4301865994930267 392.0263445600867 96.63598781079054 59.2328235283494 15.24371603131294 2.950657680630684 3.05081032961607 113.376489110291 2.270269103348255 3.317971244454384 6.582647152245045 0.9516671448945999 0.5389146506786346 1.588504642248154 0.5362614840269089 2.029968023300171 1.726712249219418 2.224779829382896 0.1265271008014679 0.8740030527114868 0.1385603100061417 0 0 488.1171396672726 70.55700933933258 5.495459109544754 3.151186570525169 862.9908739775419 0.1356875449419022 0 1.125657916069031 0 0.1581955105066299 0.610037237405777 0.1722396165132523 0.5276055335998535 4.454378366470337 4.009292259812355 0 0.1580926775932312 3.458325907588005 1.312849417328835 1.241169765591621 1.044286370277405 1.366273045539856 0 0.1897441744804382 0 0 0 0 0.5976371169090271 0 0 0 0 0 0 0.2991971075534821 0 0 0 0 0 0 0 0 4.617853298783302 0.3746531307697296 5.487551175057888 2.569932855665684 0.9890546202659607 0 0 0 0 0.1281191110610962 0 0.205434113740921 0 1.302862927317619 0 0 0 0.3616420924663544 0.3015434443950653 0 0 0 0 0.8097858130931854 0 0.6223785877227783 0.7916971445083618 5.621770054101944 0.2542907893657684 0 0 0 0 0 0 0 0.2248426228761673 4.697346471250057 0 0 0 0.3988812565803528 1.378249883651733 1.479741491377354 2.488611698150635 0.6970219165086746 0.8646820187568665 0.2090529948472977 0.6137406527996063 0.5678535103797913 0 0.3382180705666542 0 0 0 0 0 0 1.044331178069115 1.485431686043739 6.842902034521103 55.60133327543736 14.31601969152689 93.71936601400375 19.08595354855061 1173.248189255595 51.56768111884594 6.94600223749876 7.346746176481247 2.471200026571751 1.018172740936279 2.950949423015118 2.668158799409866 1.792253524065018 0 0.1841632425785065 0.6604995131492615 0.6488697081804276 0
3973.898868642747 0 2400.656513571739 1948.959240242839 4153.855405211449 413.2841702252626 2288.338339209557 193.311252400279 1445.974156230688 1194.54045534879 1993.812070250511 136.7574889808893 924.2288151979446 600.8245094567537 17.92413704097271 5.426463402807713 0.5057467520236969 0.6556181460618973 0 0.2327903509140015 0 0 0 0 0.3999102115631104 0.4113163650035858 0.2462615817785263 0.3833367824554443 0.4285382628440857 0 1909.468120232224 19.55250164866447 9.226823091506958 0 0.115412101149559 0 9.624442681670189 2.003000095486641 1.016864389181137 0.2555383741855621 0.26185192912817 0 0 0.8348939195275307 0 0 101.7003274708986 2.097530774772167 0.6754551082849503 0.280573770403862 0.9469098448753357 0.8155555725097656 0 0.1315583884716034 6.072816006839275 16.47304777055979 163.8300182297826 669.4382084310055 64.76700799912214 41.69882044941187 0.4445394724607468 3.557453915476799 0 70.949099637568 5.520105957984924 5.327183827757835 0.4681992307305336 0.6668855771422386 0 0.274306982755661 18.91091287881136 13.93984806537628 1.234851181507111 424.8047026097775 206.5114940330386 178.8256869614124 42.16286023706198 6.541908420622349 2.140251740813255 170.276267670095 2.797205179929733 11.42201062291861 12.80484519153833 0.4743896871805191 0.8918975740671158 4.693590715527534 2.18130400031805 0.1547509580850601 1.075148820877075 0 0.7839933186769485 0.4670093506574631 0.9826406836509705 0.3828172758221626 0.6519783213734627 168.8955609500408 9.073191732168198 0 1.081125602126122 1007.394579425454 0.6224900335073471 0.1811699122190475 0 0.1952172070741653 0.609787255525589 3.406401008367538 0.3753368556499481 0.5825127512216568 31.82446093857288 3.228929981589317 1.015018552541733 1.936166882514954 10.77570110559464 4.533310443162918 1.730690330266953 0.7401379495859146 1.065886303782463 0 3.470983147621155 0 0 0 0 0 0 0 0 0 0 0.2780786454677582 0 0 0 0 0.3532836437225342 0 0 0 0 6.023520313203335 0.6631367206573486 7.345218911767006 3.126890026032925 0.7006049752235413 0 0 0.3331719040870667 1.158210389316082 1.029981940984726 0.3643079400062561 0 0.35120490193367 3.623110704123974 0 0 0 0.4308197498321533 0.3068196177482605 0.09288600832223892 0.4871275275945663 0.3440330401062965 0.5229222476482391 0.924948513507843 0 0.8163149356842041 1.673345804214478 8.519547551870346 0.2170591503381729 0 0 0.2001215219497681 0.1461000889539719 0 0 0 0 12.28348524868488 0.8038857132196426 0 0.3923384547233582 0.2820697426795959 1.349090300500393 1.184983059763908 2.418672315776348 1.755471743643284 5.385175116360188 1.764447256922722 0.2825194895267487 1.740589454770088 0.1247552260756493 0.08809628337621689 0 0 0 0.1759483069181442 0 0 1.867362901568413 5.110260665416718 6.723045274615288 176.2617058157921 36.52403377741575 304.6224718168378 44.77478305995464 575.3272166252136 67.48603294044733 13.06029282510281 32.62224252521992 6.065207317471504 3.826142847537994 9.326763898134232 2.876131266355515 4.383244037628174 0.1698265075683594 0.6445385813713074 1.606157474219799 0.4949354231357574 0
723.1902321651578 2400.656513571739 0 23.02040825784206 514.9590554311872 3.408710286021233 194.7573438286781 3237.672158010304 276.6840834319592 56.1587445884943 3766.712325938046 13.47822356969118 151.2424970716238 499.0145295187831 34.69764137268066 32.67836767435074 3.057487644255161 1.470985010266304 0 1.694447547197342 0.7623921185731888 0 0.5317482501268387 0 5.533042177557945 1.389176107943058 1.91201177239418 5.048506639897823 2.076486364006996 0.1547044068574905 3398.375551708043 387.2721013873816 91.22788544744253 0 0.3341139107942581 4.361712217330933 29.85348451137543 18.52688902616501 9.497003965079784 3.029529713094234 11.95224939286709 3.991025134921074 5.666915059089661 4.692328661680222 0.1505840569734573 0.1260081082582474 63.93764363974333 4.738040119409561 0.371721588075161 1.269683882594109 2.406808525323868 0.8960291147232056 0 6.087468042969704 1.246493764221668 2.190543323755264 77.31450606882572 740.6031806245446 21.16294847428799 11.26269493997097 3.532424613833427 36.874297067523 0.1882128119468689 258.043232999742 1.410041779279709 3.166709385812283 0.911296933889389 2.416827477514744 3.015020176768303 7.046923592686653 12.68405762314796 12.92768075317144 0 114.2046536430717 103.8016087338328 101.4449950605631 88.85796946287155 56.82441107928753 171.1500947251916 2438.835889413953 56.93306756019592 562.0693472549319 3.066171996295452 0.1077398434281349 1.601042449474335 1.226924911141396 11.96030829846859 0 3.335087768733501 0 3.825613766908646 3.074291311204433 4.024733230471611 1.202111542224884 3.053360521793365 25.97922024875879 1.185641646385193 0 2.650840401649475 414.9255660325289 0 0.3644470274448395 0 0.217810645699501 1.017189681529999 0.327233225107193 0.5047895014286041 0.8830683827400208 3.021407887339592 1.591309159994125 0 1.373985007405281 5.314317211508751 3.587129592895508 2.68718820810318 0.1276814788579941 0.520999051630497 0 0.1177958995103836 0 0 0.1381325125694275 0 0.1586269736289978 0 0.830168753862381 0.1528106778860092 0.5751328989863396 0 0.1443340480327606 0.5700365304946899 0.2737459018826485 0 0.3609535843133926 0.1584440022706985 1.049056611955166 0.6800818890333176 0.2767521440982819 0 5.49886117875576 0.2653574347496033 6.098840452730656 2.431174956262112 0.3018925487995148 0 0.7880154103040695 0.2101819217205048 0 1.322630867362022 0.3521936386823654 0 0.3967802673578262 1.753718659281731 0 0.1929113268852234 0.2389184385538101 0.7209654971957207 3.056431367993355 0.09878869354724884 0 0 0 0.5529050379991531 0 0.8494864404201508 0.3862957358360291 5.945860557258129 1.308583691716194 0 0 0 0 0.1917813271284103 0 0.1356405466794968 0 8.949932977557182 0.2283324748277664 0 0.4757799357175827 1.570267930626869 1.140974119305611 0.7446722537279129 2.519424974918365 1.429374203085899 1.313258454203606 1.057859912514687 0.8235685750842094 0.2647974938154221 0.4226748794317245 0 0 0 0.311075747013092 0.3926317095756531 0.1473203748464584 0 3.073914334177971 3.439871340990067 5.904764741659164 165.1212921664119 37.76944434642792 134.0982014760375 40.17937514930964 52.74330072104931 32.87143938988447 3.874976597726345 39.12213112413883 9.451869651675224 1.456931948661804 6.36934919655323 0.474445104598999 3.485361978411674 1.300361454486847 0 2.629537582397461 3.259136520326138 0.4577244520187378
590.5700409263372 1948.959240242839 23.02040825784206 0 355.3103997558355 162.9120528101921 1260.069131009281 3.741289973258972 74.8861768245697 2299.171811774373 20.71700524538755 626.5073164105415 2403.304852895439 116.3941163867712 3.182549625635147 0.7344571053981781 0 0 0 0.1215823888778687 0 0 0.1919005513191223 0 0 0.1796790212392807 0 0.6036809086799622 0 0 85.14125454425812 5.984210655093193 1.461589679121971 0 0 0 0.5327463895082474 3.634338423609734 4.375078693032265 0 0 0 0 0.7641799822449684 0 0 34.4777642711997 0.4274654388427734 0 0.09630424529314041 0 0 0 0 3.727268524467945 5.864961050450802 28.44130621105433 105.3766803070903 13.91551833599806 16.39035592228174 0 4.597467914223671 0 21.49484948068857 2.025163717567921 1.45870965719223 0.09782992303371429 0.1438818573951721 0 0 9.020229950547218 7.345691233873367 0 122.2017627432942 66.926399551332 61.22137305140495 10.92534835636616 0.856374092400074 0.7754199206829071 3.133255317807198 1.046430379152298 1.245212405920029 5.325175128877163 0.8450222760438919 0.2014254033565521 1.020507201552391 0.340063102543354 0 0.2815521955490112 0 0.1059422865509987 0 0 0 0 106.4151485562325 5.225503265857697 1.181417286396027 0.6870911717414856 79.10086387395859 0.9019175916910172 1.022607922554016 0 0 0 0 0 0.4600576162338257 6.841527819633484 2.563430607318878 0.1565356999635696 0.6446487605571747 3.455256849527359 3.361870296299458 0.6295449733734131 0.3102625012397766 0.6623795628547668 0 0.447470098733902 0 0 0 0 0 0 0 0 0 0 0 0 0 0 0 0 0 0 0 0 1.87795752286911 0.267958015203476 3.18406268954277 0.1584519296884537 0 0 0 0 0.685478687286377 0 0 0 0 0 0 0 0.1523025631904602 0.6074138879776001 0 0.2674570977687836 0 0 0 0.6211223006248474 0 0 1.125931024551392 4.999541759490967 0 0 0 0 0 0.158801943063736 0 0 0 2.515969261527061 0 0 0 0 0.7604274153709412 0 1.067160606384277 0 0.4388905167579651 0.523978590965271 0 1.267112225294113 0 0 0 0 0 0 0.1616460233926773 0 0.6810368746519089 1.865548342466354 3.273932963609695 54.17759163677692 10.22517557442188 104.7311215251684 12.83822945505381 210.102438300848 22.00317998230457 4.611153617501259 12.29633940756321 2.300191655755043 0.5471848398447037 2.298915602266788 1.515813797712326 1.537811040878296 0.5805160403251648 0.2819074094295502 0.7055651545524597 0.4771525114774704 0
184.6969730034471 4153.855405211449 514.9590554311872 355.3103997558355 0 6.857124835252762 3336.0078734532 42.97340348362923 1988.558618545532 701.1601103022695 749.996272854507 317.536431863904 615.6940723434091 570.3314975947142 21.68675856292248 4.080449312925339 0.3246644288301468 0.7749188244342804 0 0.4501136466860771 0.4940146207809448 0.2384233623743057 0 0 0.2304754033684731 1.019504971802235 0.3189947903156281 0.2667700350284576 2.541920475661755 0.2727227360010147 165.7007574215531 19.69712661206722 3.554056651890278 0.1211853548884392 0.2733548134565353 0 9.617595322430134 0.7896135598421097 1.024110108613968 0 0 0 0.1283172369003296 1.084253802895546 0 0.09547041356563568 105.4493590071797 1.097158685326576 0 0 0.2164247408509254 0 0 0.1984907165169716 1.417910203337669 5.686629720032215 15.23857736587524 89.76350603252649 9.200277626514435 29.87490678578615 0.2366296350955963 2.75170774012804 0.1537349373102188 36.27917571365833 1.829780176281929 2.817196860909462 0.50267593562603 0.2725874185562134 0 0.2805357277393341 23.16042628139257 15.38872490823269 0 86.06843120604753 52.5058396756649 134.3755052834749 43.52045118063688 3.137346282601357 2.449400223791599 45.8002292662859 1.808344192802906 4.099618099629879 5.60734298825264 0.5509118735790253 0.2302795872092247 2.564388088881969 0.6125552281737328 0.332455962896347 0.2284435778856277 0 0.6934358552098274 0.2654821127653122 0 0.2759778946638107 0.5309994369745255 65.82541112601757 2.964877977967262 0.714574933052063 3.455108851194382 39.5118316411972 0 0.4632010757923126 0.1548736989498138 2.335149586200714 1.899655446410179 1.707473948597908 3.404240056872368 3.518946588039398 16.92859874665737 10.33262331783772 2.553966373205185 6.995690800249577 23.37231667339802 13.99987540394068 10.15899375081062 2.620455786585808 3.701704159379005 0 0.6493646577000618 0 0 0 0 0 0 0 0 0 0.3465533554553986 0.3681061565876007 0.2057537287473679 0 0 0 0.8520883694291115 0.4723298996686935 0 0.5386552661657333 0 16.83685346692801 2.801148623228073 23.44099014252424 5.988601624965668 0.79973204433918 0 0.2019592821598053 0.1355023384094238 0.7366258352994919 2.298653990030289 2.120461329817772 0 1.982321158051491 5.827435590326786 0 0 0 0.7079395800828934 0.3967953771352768 0.13545823097229 0.1784150302410126 0.1082223504781723 0 3.403063297271729 0 0.7615143358707428 0.5342978090047836 26.33932481706142 0.9719071984291077 0.5290966629981995 0.1554002314805984 0 0 0 0 0 0.2539152204990387 33.19922859966755 1.459849283099174 0 0.2672273218631744 0.2391406148672104 6.505802944302559 1.988679647445679 10.61721862107515 2.552697904407978 11.08709153532982 9.349262893199921 2.60666262358427 1.955539211630821 0 0.0954674631357193 0 0 0 0 0 0 11.34005402028561 9.256551787257195 19.59464912116528 267.3578119128942 37.72593872994184 212.5895860493183 39.96011010557413 87.83971913903952 52.36363397538662 6.912250027060509 54.18189115822315 15.84074897319078 3.267556734383106 13.74585471302271 2.695634849369526 12.53561756014824 1.159830927848816 0.3522636294364929 3.812732733786106 1.494952514767647 0.2351628839969635
344.2088259607553 413.2841702252626 3.408710286021233 162.9120528101921 6.857124835252762 0 27.55875435471535 1.840165659785271 4.214256778359413 388.8511992692947 8.555106610059738 138.8457991629839 171.2511036843061 32.60318326950073 0.5176611840724945 0.5265405923128128 0.124056376516819 0 0 0 0 1.088528946042061 0 0 0 0 0 0 0 0 5.550347000360489 0.2050184160470963 39.73790603876114 0 0 0 42.25177395343781 1.102194890379906 5.731407940387726 0.3992552757263184 0 0 0 0 0 0 2.579579383134842 0.3173576593399048 0 0 0 8.485999658703804 0.2403608709573746 0 0 1.042458809912205 321.1447602957487 10.27803622186184 11.20497806370258 0.6259595304727554 0 13.92159906029701 0 1.428101062774658 0.2665226459503174 0.7091001570224762 0 0.1886909157037735 0.1949397623538971 0 234.1479915231466 259.3541419804096 10.82980389893055 8.550094045698643 2.745501801371574 1.800797171890736 0.4523469060659409 0.1335003972053528 0 15.91100896894932 0 2.653248012065887 0 7.497620642185211 0 1.046535462141037 0 20.41379761695862 11.68391169607639 23.98412254452705 0 2.068251550197601 0 0 0.1880426704883575 254.7475972771645 242.6873764246702 29.53493599593639 18.96769958734512 449.2289615571499 0 0 0 0 0 0.137543648481369 0.2231563031673431 0 0.8436444997787476 0 0 0 0 0.156309649348259 0 0 0.1380634903907776 0 0 0 0 0 0 0 0 0 0 0 0 0 0 0 1.021923422813416 0 0 0 0 0 0 0 0 0 0 0 0 0 0 0 0 0 0 0 0 0 0 0 0.4104857295751572 0 0 0 0 0 0 0 0 0 0.1505206525325775 0 0 0 0 0 0 0 0 0 0 1.372408628463745 0 0 0 0 0.1863992959260941 0 0 0.572083055973053 0 0 0 0 0.3650023639202118 0 0 0.499113917350769 0 0 0 0 0.1562110483646393 0.2673356831073761 7.930068030953407 0.2325112968683243 7.652595706284046 0.3937315791845322 183.6547597199678 0.8939681500196457 2.559040658175945 2.810683891177177 0 0 0 0 0 0 0 0 0.1567878574132919 0
273.8565820530057 2288.338339209557 194.7573438286781 1260.069131009281 3336.0078734532 27.55875435471535 0 14.74543667584658 1609.410933934152 960.3633626848459 146.4629683867097 634.0919846743345 3734.589402139187 1154.846789821982 31.04625208675861 7.129242464900017 0.9379322230815887 0.7504955604672432 0 1.234032928943634 0.1510759592056274 0 0.1305276155471802 0 0 1.283592090010643 0.5524365082383156 0.7574372515082359 2.760367587208748 0.6794417798519135 263.2827358543873 32.44653089344501 7.1359703540802 0 0 0 13.22896994650364 1.052227146923542 3.104026071727276 0.1244826838374138 0.6740408837795258 0.8989997208118439 0 0.4857314676046371 0.1250893771648407 0.7571481019258499 181.549414396286 1.778937272727489 0.3216873481869698 0 0.6652989387512207 0 0 0.532808318734169 5.022967360913754 21.89626596868038 43.76494223624468 242.1681905537844 24.84583868086338 53.69358222186565 0.2884096801280975 1.720723882317543 0 81.17902274429798 5.902970790863037 6.559573151171207 1.02483818680048 1.017900452017784 0.1457584202289581 0.488232895731926 23.34851825237274 12.94975544512272 0 254.7811950370669 154.0468342378736 274.1986650004983 79.81930104643106 6.477285765111446 2.742983371019363 14.10681494325399 5.391881696879864 7.6172219440341 14.88751196861267 1.391608498990536 0.7569301128387451 5.072920992970467 1.615203961730003 0.1716240495443344 1.234389774501324 0.5244529694318771 0.6630260869860649 0.7471207082271576 0.3639736324548721 0.1945137083530426 1.28021340072155 134.7081807404757 6.144212126731873 0 4.467523008584976 97.37474554032087 1.559532217681408 1.546243980526924 3.542809665203094 7.044072404503822 2.96319243311882 4.384129464626312 5.257476225495338 6.376541137695312 53.36426239460707 20.84598350524902 2.608924269676208 42.20764283835888 38.81088986247778 26.61183623969555 10.44765389710665 1.365178287029266 5.424140483140945 0.1093306690454483 1.020268648862839 0 0 0 0 0 0.703405350446701 0.3557751476764679 0 0 0.6399004012346268 0 0.1686370670795441 0.1646406203508377 0 0 1.296423092484474 1.462029188871384 0 0.141137033700943 0 19.78247753530741 1.657514378428459 23.08767955005169 6.069515340030193 0.2787011712789536 0 0.6501886248588562 0.1924755871295929 1.684844702482224 2.788622573018074 0.9528346657752991 0 1.902304068207741 8.695234969258308 0 0 0 0.2419688552618027 0.1626524031162262 0.3690264225006104 0 0.2327208667993546 0.2146788164973259 2.844058007001877 0 1.325921580195427 0.7267752587795258 36.08878520876169 2.103678092360497 0.5027728602290154 0.5187057554721832 0 0.122761607170105 0 0 0.1365796625614166 0.1843684911727905 53.66208059340715 1.138596341013908 0 0 0.2512218654155731 7.800463132560253 2.550026707351208 14.21192537993193 4.640808112919331 11.87168984115124 11.21559820324183 4.20069682598114 4.562308639287949 0.3740019202232361 0.140361562371254 0 0 0.1524434685707092 0 0 0 18.95942986011505 16.25137674063444 23.12304535508156 360.1067669689655 65.41468863934278 394.9754962846637 78.53163615614176 217.2036299780011 85.87859604507685 18.15128424018621 68.92853774130344 20.98498647660017 6.770273849368095 17.41009489446878 5.871583364903927 13.21295140683651 1.592910692095757 0.2357294857501984 3.941310033202171 5.086150772869587 0.5798307210206985
70.34592175483704 193.311252400279 3237.672158010304 3.741289973258972 42.97340348362923 1.840165659785271 14.74543667584658 0 128.7760944217443 4.199565634131432 2641.381523884833 7.781304031610489 296.5324885398149 795.9719579145312 49.42014192789793 40.91935504227877 5.420729041099548 7.655203312635422 0.3508797287940979 9.074397496879101 8.182504236698151 0.5792736411094666 1.096710532903671 1.018324956297874 6.086049720644951 2.984855160117149 2.78464613109827 17.94435185194016 2.998983949422836 0.7309652864933014 1200.899813272059 1792.170807428658 157.4416472166777 0.2056089341640472 1.44405072927475 4.584304124116898 49.27958780527115 19.62795014679432 17.07159026712179 4.421652868390083 24.44755630195141 9.930131554603577 29.12579913437366 5.677611321210861 1.648146823048592 1.636218592524529 139.2455793693662 15.82403744012117 6.45661798119545 7.419211395084858 15.42480605840683 3.829130187630653 0.3503253161907196 22.55711762607098 1.204403072595596 4.690881080925465 29.24802332371473 264.5963595807552 11.88956082612276 25.40435098111629 7.473138213157654 97.87935969978571 0.7493951618671417 374.5792466551065 2.505774050951004 12.7657630071044 1.360409803688526 7.779754348099232 8.413233175873756 20.48727847635746 24.4043800085783 23.51194897294044 0.4028405547142029 103.5652827844024 155.9151442274451 192.063747368753 417.2618211731315 756.0748625844717 2763.548388682306 3204.867555588484 590.0917193219066 3146.541171878576 5.796391889452934 0.1047731190919876 5.990613907575607 2.737607918679714 41.25519762933254 0.5731667280197144 6.836776949465275 1.843658328056335 12.89652586728334 8.582885339856148 14.70655342936516 3.854878798127174 13.01835840940475 38.24284276366234 4.297231607139111 0 3.437104940414429 63.57932674884796 0.7999740093946457 0.1292955279350281 0 0.257934182882309 1.503616392612457 0.628264531493187 2.22860561311245 2.634913399815559 8.130268082022667 5.59366711974144 0.8720889091491699 4.928300596773624 11.67362996935844 6.281695544719696 2.567963987588882 0.5556294023990631 3.044303953647614 0 2.90554067492485 0 0 0.1328614801168442 0 0.2786497324705124 0 1.798109889030457 0 1.847364343702793 0 0.8801090866327286 0 1.696160413324833 0.4002434015274048 0.6627935469150543 0 0 0.3722286820411682 0.8207231611013412 0 8.162478275597095 0.4120238721370697 10.47018782049417 5.947688035666943 1.43964222073555 0 2.034047245979309 0.4406838715076447 0.1845095157623291 0.8177666664123535 1.984978690743446 0 0.5487050786614418 2.446003340184689 0 0.1759642213582993 1.899801075458527 4.102525733411312 4.255299165844917 0 0 0 0 2.043551973998547 0 0.5954600721597672 1.270158410072327 10.63865326344967 0.4594184160232544 0 0.419959269464016 0.5520518124103546 1.196504555642605 1.310933351516724 0.6539505273103714 0.5402950942516327 1.817303702235222 18.38217446953058 0.7715985476970673 0 1.65274778008461 2.543230906128883 1.512061521410942 1.764503493905067 2.956614509224892 1.607633873820305 2.911137357354164 2.503837287425995 1.129499793052673 1.481988742947578 0.1194287165999413 0 0.3232796788215637 0 2.568176835775375 1.559385254979134 0.3187808394432068 0.2658319622278214 7.607414767146111 5.677434667944908 11.46634639054537 332.4246098250151 77.62067819386721 254.5997217744589 64.48562322556973 55.63711213320494 47.95532505214214 6.464675717055798 76.13692722469568 23.69219746440649 4.032614320516586 6.9245790168643 1.805305607616901 4.278266906738281 1.327234841883183 0 0.8581110239028931 6.409828446805477 0.6722193509340286
96.15021995455027 1445.974156230688 276.6840834319592 74.8861768245697 1988.558618545532 4.214256778359413 1609.410933934152 128.7760944217443 0 144.2830752655864 2991.69287609309 275.0292761027813 4044.42326784879 2284.127022430301 26.98016007244587 7.903903111815453 0.3293240368366241 0.1612630188465118 0.1107237040996552 1.394810751080513 0.3376081585884094 0.3330451846122742 0 0 0.5506294071674347 0.5523838698863983 0.114703081548214 0.7907188236713409 0.4977086782455444 0 107.9937905669212 19.26552511751652 45.33258911967278 0 0 0.1327969580888748 13.75983095914125 1.319511085748672 3.053749173879623 0 0.5620488375425339 0.6511619240045547 0 0.8868339061737061 0 0.2027598991990089 106.9791987091303 1.222226046025753 0.6994869410991669 0.1504805684089661 0.2824823409318924 0.2229787409305573 0 0.4351850152015686 1.369136720895767 4.616563811898232 9.783035434782505 56.00803907215595 6.515630252659321 22.1106806024909 0.2548397779464722 2.587424457073212 0.4482370615005493 29.61369480937719 1.112041734158993 2.305321276187897 0.09150414168834686 0 0.3302093148231506 0.774065688252449 26.85181793570518 26.39736289530993 0 54.91523063927889 50.48296215385199 128.8160383477807 54.01238517463207 4.938680559396744 0.8284139484167099 50.13148653507233 2.89341926574707 4.15371973067522 3.390472896397114 0.7986437678337097 0.4169777855277061 0.862751230597496 0.5948843955993652 0.09617266803979874 0.5457569509744644 0 1.347212634980679 0.7378974258899689 0 0.09876891225576401 0.9293423593044281 121.8354331552982 9.885903939604759 0 3.820775896310806 23.43135683238506 1.152582764625549 1.04897141456604 0.8009105250239372 1.787675976753235 3.565302506089211 3.41971430927515 2.98049533367157 5.201535411179066 29.60678572952747 11.88252711296082 2.803997159004211 17.69371806830168 38.37613531947136 25.35981096327305 15.73190508782864 0.8760863840579987 3.692136362195015 0.1815338879823685 1.169897496700287 0.1402383595705032 0 0 0 0.6487680077552795 0 0 0 0.2923139110207558 0 0 0 0 0 0 1.356195516884327 0.3922616690397263 0 0 0.12874835729599 28.47155302017927 2.670758366584778 31.33005099743605 6.22216722369194 0.7170751988887787 0 0.347506657242775 0 0.5944707989692688 2.040005296468735 2.031602531671524 0 3.15931510925293 10.19238232076168 0 0 0 0.6065022051334381 0.4417725652456284 0.3372375220060349 0.4970248490571976 0.2133558243513107 0.4807208180427551 4.99715881049633 0 2.214810699224472 0.2073058485984802 38.52333882451057 2.765010818839073 0.3837681263685226 0.5087233111262321 0.1501337140798569 0 0.1437469124794006 0 0 0.2667538523674011 48.89122568070889 1.227557137608528 0 0 0.5590190887451172 7.017834961414337 1.935191571712494 12.48745235055685 3.915121555328369 14.94299271702766 13.40058944374323 4.553158730268478 2.614140100777149 0 0 0 0 0 0 0 0 14.88257484138012 15.54869499057531 26.41863830387592 392.0189838260412 38.43019337952137 260.0118879526854 52.87053830176592 82.66208968311548 49.89524503797293 6.372481770813465 73.72774784266949 23.59650742262602 4.060578919947147 22.74109753221273 3.871353521943092 19.47629962861538 3.327378153800964 2.390670239925385 1.218848288059235 2.860840231180191 1.077688783407211
807.229117244482 1194.54045534879 56.1587445884943 2299.171811774373 701.1601103022695 388.8511992692947 960.3633626848459 4.199565634131432 144.2830752655864 0 24.4232432320714 2892.676686011255 5996.796431906521 157.9627633094788 12.29205311089754 1.778387889266014 0.485450841486454 0.3318415880203247 0 0 0 0 0 0.2158474549651146 0 0.2833972722291946 0 0.2091123908758163 1.088558375835419 0.1410095989704132 103.8011294752359 12.27042659372091 12.95277762413025 0 0.2427019625902176 0 50.61416210234165 0.1669676303863525 24.45236034691334 0.1128184348344803 0.1128507182002068 0.118097610771656 0.14906045794487 0.2733371630311012 0.1922728270292282 0 95.42802982032299 0.8870706036686897 0.2256718650460243 0 0.1628569811582565 0.6419760584831238 0 0.1366567015647888 5.64086551964283 12.4905710965395 41.02136050909758 139.8849345520139 21.61216871440411 39.08090951293707 0.6743407994508743 3.030755870044231 0 42.96021208167076 2.973004527390003 3.83554420620203 0.7993358746170998 0.1079868823289871 0 0.1084251925349236 262.1699822545052 77.4014642983675 0.3258222937583923 194.4459450244904 112.8171091154218 138.8651876449585 33.64689882844687 2.382406070828438 0.4722224473953247 4.733280897140503 2.495477445423603 3.217794477939606 10.28521317243576 1.806156814098358 0.6176898553967476 3.640192911028862 0.9653486981987953 2.454031988978386 1.650785773992538 0.1442424356937408 0.3110651299357414 1.235130801796913 0 0.1800056546926498 0.2687252759933472 588.5286830812693 24.25999599695206 1.041682600975037 2.775300741195679 201.387326464057 0.7478282079100609 0 1.235693544149399 2.969438463449478 1.825517743825912 3.019450306892395 0.3335353136062622 5.148336797952652 23.79795862734318 11.54035000503063 1.759658500552177 9.481308713555336 20.83416872471571 12.26419847458601 9.378993093967438 3.006921544671059 4.311619132757187 0 2.634357333183289 0 0 0 0 0 0 0 0 0.7397500872612 0.5654954165220261 0.4661613702774048 0 0 0 0 1.168058052659035 1.921249315142632 0 0.220426931977272 0 26.67960078269243 1.650805220007896 29.14027234911919 15.05401474237442 0.2021953165531158 0 0.4854054898023605 0 2.808888211846352 4.784046232700348 4.229114174842834 0.1554781943559647 2.306164294481277 6.094712182879448 0 0 0 2.209919400513172 0 0.3172918260097504 1.209863230586052 0 0.09556064754724503 3.396911010146141 0 2.784711226820946 1.451103329658508 28.50497049838305 1.038035646080971 0 0 0.1373387426137924 0 0.3610672354698181 0 0 0.204375833272934 24.0261185541749 3.174710400402546 0 0 0 8.587393075227737 6.464507609605789 16.97743812203407 6.760819777846336 11.5671177431941 8.878815203905106 4.007202088832855 3.152848221361637 0 0.5760781615972519 0 0 0.1473921239376068 0 0 0 14.7042588442564 14.05592257529497 37.0676284879446 262.5772953405976 35.17246788740158 237.1799380779266 37.86664606630802 751.6781070381403 52.9150707051158 9.478918015956879 50.74125143140554 21.1437127366662 2.788667932152748 22.80352759361267 1.34120599925518 27.56438100337982 2.653491228818893 0.1102208197116852 4.933120466768742 0.7075664103031158 0
382.8282143995166 1993.812070250511 3766.712325938046 20.71700524538755 749.996272854507 8.555106610059738 146.4629683867097 2641.381523884833 2991.69287609309 24.4232432320714 0 58.06348270177841 2396.450269766152 4008.060144841671 83.11016704142094 57.75866539031267 2.864529229700565 0.894915446639061 0.130096435546875 0.7128184735774994 2.460322916507721 0.1736040264368057 0.1415421366691589 0.8642669916152954 9.115297943353653 2.281345658004284 1.75582317262888 2.839296594262123 2.639934711158276 0.8896247744560242 968.7100708857179 122.4757450595498 750.0901494696736 0.2540555000305176 0 9.032269015908241 188.1513266339898 48.33319149166346 32.93213865160942 5.143231935799122 5.9068463742733 1.882294520735741 3.144702315330505 7.838875778019428 0.3526436537504196 0.6539774760603905 226.844151198864 1.595468364655972 0.1267071664333344 0.2777147814631462 1.270445764064789 1.133345261216164 0.1036328226327896 3.699369356036186 3.931214638054371 11.59616393595934 46.39068947732449 314.5675351023674 20.00873508304358 47.4253102093935 2.018608719110489 54.33859652280807 0.9344218373298645 115.4180155023932 4.120190650224686 5.54949776828289 0.5430960133671761 0.9928918555378914 0.7078413814306259 1.983719184994698 86.85429805517197 55.7237218990922 0 165.7566916197538 136.614124968648 314.6809677556157 140.2456324547529 44.96574302762747 380.4643088430166 1519.572057247162 16.33712674677372 190.5132207125425 7.263422079384327 1.589594557881355 0.6609910875558853 2.970858238637447 4.57710425555706 0 1.301163107156754 0.3715240061283112 1.679075144231319 0.6490611582994461 1.21376970410347 0.1715461611747742 2.442548744380474 166.4752312302589 14.38711009919643 0.4476491510868073 10.08765977621078 134.2242419198155 2.006088018417358 0.4170947074890137 1.77691787481308 3.732344061136246 3.91321562230587 7.448744177818298 6.121725499629974 8.630677491426468 38.27033346891403 17.94612760841846 4.993446484208107 20.25091248750687 57.20868014544249 31.84657700359821 22.36859975755215 1.684314787387848 6.272391021251678 0 1.474422797560692 0 0 0 0 0 0.1200708001852036 0.4398253858089447 0 0 0.3203313797712326 0 0 0 0 0.1317733377218246 2.547108426690102 0.705205425620079 0 0 0 39.77019026875496 2.261231020092964 43.41657792031765 9.009454764425755 0.3786293640732765 0 0.1876870691776276 0.2201856225728989 0.896390974521637 3.877990834414959 3.21564494818449 0 4.090671971440315 11.43304777890444 0.3431070595979691 0.1594253033399582 0 1.171335257589817 2.184562921524048 0.1624601036310196 0.6890570372343063 0.1373322159051895 0.4477514550089836 6.25156357139349 0 1.752449080348015 1.13869521021843 51.1949513182044 0.9627050161361694 0.6703228354454041 0.5762184262275696 0.1546082943677902 0 0.7670608013868332 0 0 1.17447742074728 71.56178431212902 1.807084977626801 0 0.6390799432992935 1.186981245875359 12.96819008141756 4.097469814121723 15.77828726172447 6.682144768536091 18.77767099440098 16.27791681885719 7.238518431782722 5.845501154661179 0.6755818501114845 0.149485319852829 0 0 0.1358002573251724 0 0 0 25.91725789010525 20.28678678721189 33.76068354398012 725.0635537654161 82.80613827705383 487.7814753353596 133.411100268364 149.4615862295032 115.7343740463257 15.44501905143261 162.2147836536169 47.49409399181604 4.474871627986431 35.54774073511362 5.71026785671711 23.07751728594303 3.323997378349304 1.138532467186451 5.485757172107697 10.23933082818985 3.03195720911026
246.4267774969339 136.7574889808893 13.47822356969118 626.5073164105415 317.536431863904 138.8457991629839 634.0919846743345 7.781304031610489 275.0292761027813 2892.676686011255 58.06348270177841 0 6684.149139292538 203.4272809326649 12.30564869195223 4.139981471002102 0.3663888424634933 0 0 0 0.4732701182365417 0 0 0 0 0.3684554696083069 0.3909534811973572 1.032902248203754 0.1787978708744049 0.2953681349754333 20.5783901438117 3.22896995395422 18.52823555469513 0 0.2062206119298935 0.1786834597587585 80.45958767831326 1.137653693556786 3.590757563710213 0.1822007298469543 0.564020574092865 0 0.5247468948364258 0.2848087474703789 0 0 64.04877246916294 0.8438652455806732 0.1218065917491913 0 0 0 0 0.8467975184321404 0.4444918185472488 1.399877965450287 5.602424494922161 14.96150211244822 4.746813610196114 11.73502544313669 0.2696070969104767 6.476232901215553 0 10.73477667570114 1.524226769804955 1.421565666794777 0.1357254981994629 0.6438775211572647 0 0 181.6998420804739 69.36978286504745 0 35.14873701334 18.33880767971277 47.93308877199888 16.02830333262682 2.870739012956619 1.294362500309944 5.393098026514053 1.475366912782192 1.583156153559685 2.064219623804092 0.3375280275940895 0.1137042418122292 0.9806947857141495 0.1275549381971359 0.182732567191124 0.8521525263786316 0.2627802789211273 0.2938325479626656 0.3170384913682938 0.4521717131137848 0 0.3249982893466949 1440.098820373416 14.97973819077015 0.9022882580757141 12.28340643644333 37.68831756711006 4.96830327808857 4.431542105972767 1.935140252113342 9.507996127009392 13.55902920663357 8.707807645201683 10.62915393710136 18.43256375193596 95.6561281234026 67.32111437618732 10.45841723680496 44.65830816328526 111.165325075388 58.2478804141283 31.46868233382702 4.61106513440609 8.313787564635277 0.3435210883617401 3.614795953035355 0 0 0 0 0 0.4345237165689468 0 0 0 0 0 0 0.2713607847690582 0 0 3.559069752693176 1.932626500725746 0.6703653931617737 0.8857683390378952 0.2160650044679642 57.92695147544146 2.090950712561607 70.89900045096874 9.807343393564224 1.569260805845261 0 0.4201529920101166 0.440486416220665 3.601327151060104 7.192728832364082 2.809694543480873 0 6.586124151945114 20.90420451760292 0 0.4228804558515549 0 1.280729681253433 0 0.378424197435379 1.068709999322891 0.5038754045963287 1.251635283231735 9.374490216374397 0.2376208007335663 3.908636838197708 2.064560562372208 84.0013300999999 5.198484495282173 0.8720187842845917 0.1686633080244064 0 0.3500597551465034 0.2848681509494781 0.3865835070610046 0 0 119.2385471016169 0.450362890958786 0 0 0 18.46999172866344 10.38666082918644 29.36523721367121 14.9457239061594 30.11245067417622 24.9223996847868 11.12974172830582 8.096000775694847 0.7607597410678864 0 0 0 0.3379139602184296 0 0 0 68.55334551632404 39.57872478663921 57.43475640565157 310.3604074195027 23.9484818354249 133.4696182310581 23.8995905071497 500.1752789318562 34.34064182639122 3.683578662574291 49.23878408223391 37.71458770334721 2.700771264731884 51.97124409675598 8.223302081227303 87.1450500190258 5.430477023124695 0.2278385311365128 4.395783394575119 3.044173508882523 1.127650499343872
210.4171037003398 924.2288151979446 151.2424970716238 2403.304852895439 615.6940723434091 171.2511036843061 3734.589402139187 296.5324885398149 4044.42326784879 5996.796431906521 2396.450269766152 6684.149139292538 0 4236.134293682873 102.457737877965 74.58577888458967 2.605273678898811 0.5693284645676613 0.1855254769325256 1.41760042309761 1.674946114420891 4.249816879630089 0.5395515188574791 0.1721673607826233 4.142805241048336 1.994687356054783 0.4531675279140472 2.514733113348484 8.592692166566849 0.6409990340471268 133.833512224257 31.76384580880404 877.8769472762942 0.4198179394006729 0 0.3636920973658562 241.6449031084776 15.36378486454487 23.85694851726294 2.819188997149467 1.551500007510185 2.688698261976242 1.103785157203674 6.681674212217331 0.3295953050255775 1.298249788582325 285.5439733043313 3.150625370442867 0.6553789302706718 0.5164638757705688 0.8400830700993538 1.22675234079361 1.16896989941597 3.870882548391819 3.589419223368168 14.90584770590067 29.72645998001099 110.0982118621469 16.5415607765317 53.01271124184132 1.789726257324219 18.83448006957769 0.2592281103134155 62.10165019333363 4.000042915344238 5.139632068574429 0.3122435510158539 1.424026370048523 0.08953230828046799 0.979851633310318 470.8034247085452 78.27637430280447 0.1636103689670563 159.8315636962652 116.3124815821648 348.0634824186563 132.747976668179 47.89165166020393 22.875831566751 289.4920369982719 5.67256311327219 21.90687233954668 8.56835201382637 1.34723811596632 0.9510626643896103 3.278093412518501 1.972631983458996 0.5290191024541855 1.379258990287781 0.6424730271100998 2.970777302980423 2.389268942177296 1.457903638482094 0.2690545618534088 1.653523370623589 4559.749355368316 50.70094692707062 0.1450333744287491 7.886633336544037 90.87522740662098 12.34031023085117 8.288789480924606 6.591127961874008 17.92705218493938 23.40418694913387 15.68639884144068 26.00082998722792 36.86008162051439 217.5269730240107 128.1335625350475 23.21241642534733 90.70150616019964 278.3441745117307 152.5765668600798 93.24365592002869 2.487093567848206 10.16378014534712 0.2950085252523422 1.861441880464554 0 0 0 0 0 0 0.4196931719779968 0.2813186943531036 0.592579647898674 0 0.5356007963418961 0 0.1465516239404678 0.8710854947566986 0 11.15127659589052 4.99232779443264 0.1502929180860519 0.4393282383680344 0.2039793282747269 110.2927522733808 6.131652697920799 106.0568237677217 10.97263956069946 0.564666360616684 0.2024359256029129 1.659640654921532 0 3.589625999331474 5.723397970199585 4.499859392642975 0 10.77733141183853 33.14216323196888 0.6260696202516556 1.16112394630909 0.1622645556926727 1.458802804350853 0.7712730467319489 1.327424392104149 1.213682666420937 0.1393060833215714 0.8166178166866302 13.372066013515 0 2.169448666274548 1.824830807745457 147.2764749452472 9.333971120417118 2.108802303671837 2.339049123227596 0.2475130558013916 0.3910776227712631 1.298912644386292 0.1935700923204422 0 0.4154080003499985 339.61414539814 4.117815107107162 0.1224628239870071 0 1.169158011674881 28.58588190376759 7.76172286272049 40.81610801815987 17.05930156260729 54.41565643996 36.05611222237349 13.70680920779705 6.935460537672043 0.6387558132410049 0.192537397146225 0 0 0 0 0 0.3454579561948776 196.2176988273859 80.62739384174347 66.00931230932474 927.0483264923096 133.9978208318353 608.6324631795287 175.8070761412382 648.2003616243601 136.457315556705 17.98254116624594 192.2609603777528 75.85085061192513 12.93743302673101 58.33877655863762 14.67812225222588 102.5624014660716 6.671790607273579 1.864772349596024 7.055606514215469 13.05834650248289 4.287443310022354
