0 3194.219831079245 643.3987334147096 1051.109781503677 624.578453451395 204.2412611097097 724.3714363574982 138.9364752694964 281.0908536165953 173.0850939303637 399.9241292998195 48.51295415312052 276.0199153721333 139.1867104694247 2.214375257492065 1.711478695273399 0.1406361907720566 0.2903858795762062 0 0 0.5918474718928337 0 0.151051327586174 0 0.2628880888223648 0.3599890619516373 0 0 0 0 294.2562789320946 1.441700004041195 6.702072471380234 0 0.2662126868963242 0 12.75190630555153 3.717758007347584 1.273682169616222 4.456151515245438 0.7530456483364105 0.2325386628508568 0.6395822316408157 0.5034455507993698 0 0 21.96947076171637 2.170567877590656 0.1043531820178032 0 0.4821400791406631 0 0 0 6.023334629833698 9.022954270243645 688.4346590936184 1434.449652798474 199.5482647195458 8.374536089599133 0.1180920973420143 0.5840284451842308 0.1406493037939072 5.682585895061493 6.210171490907669 1.118128806352615 0.5405222848057747 0.8728540986776352 1.239659942686558 2.405408702790737 8.082638218998909 0 0 363.9072170481086 87.23847337067127 26.05122341960669 14.43703562766314 5.316941678524017 0.479050911962986 5.145099207758904 0.1810887455940247 0.4579779207706451 19.73629586398602 0 3.53896775841713 1.917225882411003 0.4438785836100578 0 0.5034226477146149 0 0.105728380382061 0 0.9905870109796524 0.2508679777383804 0 70.867591612041 2.797204077243805 0 1.102870523929596 1216.167899221182 0 2.270937919616699 11.05843889713287 0 0.5825315490365028 7.534721612930298 0 0.63885897397995 0.1530928313732147 9.084435433149338 0.1425625681877136 4.276139564812183 0 6.15984234213829 1.152235254645348 0 0 0 0 0 0 0 0 0 0 0 0 0 0 0 0 0 0 0 0.1393857300281525 0 0 0.1218198016285896 0 0.4716482311487198 0 0.1506315022706985 1.056417599320412 0 0 0 0 0 0 0 0 0 0 0 0 0 0 0 0 0 0 0 0 2.375750303268433 0 0 0 0 0 0 0 0 0 0 0 0 0.5903289318084717 0 0 0 0.1164763793349266 0.2870133817195892 0 0 0 0 0 0 0 0 0 0 0 0.1300381571054459 0 0.1356751173734665 0 1.521068811416626 0 0.1681099086999893 26.08427650481462 6.244778096675873 82.38027862459421 14.1011916026473 877.4594365134835 23.82425214350224 1.780031055212021 1.439761489629745 0.3849447891116142 0 0.4534623101353645 0 11.41457033157349 0 0 0.2023048400878906 0 0
3194.219831079245 0 2624.03311406076 837.0254558324814 6324.964114554226 351.172300927341 2603.523862220347 317.8712670877576 3533.872582100332 160.393462434411 1031.885335102677 10.18737496435642 331.6248070001602 721.3810762465 13.89441525936127 7.330428101122379 1.364329345524311 0.3626673519611359 0 1.62186137586832 1.065763145685196 0 0.7055011987686157 0.8340932726860046 0.5341019183397293 0.7306034043431282 0.3323867097496986 0.1245359405875206 0.2285308018326759 0.2795128375291824 1780.482316270471 14.1287257373333 14.98308452218771 0.1573596596717834 0.5459243357181549 0.3380271941423416 27.02951464056969 7.736971586942673 5.075220122933388 12.88349317014217 4.618395954370499 0.7357735633850098 1.93852112442255 1.819573953747749 0.2838429436087608 0.1933351755142212 157.6734118834138 9.487453937530518 0.7556309774518013 2.437496781349182 0.7919969707727432 0.2384520694613457 0.3791965320706367 0.3244969844818115 14.04721266031265 22.46319124847651 379.9705907180905 1303.16878605634 122.9708148315549 33.68045844882727 1.159490965306759 1.131292700767517 0.2682061791419983 74.29284767061472 17.71264559030533 4.355295173823833 1.662154823541641 2.366545289754868 2.178311459720135 3.808597400784492 14.65119419246912 0 0.1217358559370041 584.5608411356807 313.4830603003502 202.8418442457914 163.7047124505043 21.49413159489632 3.247682876884937 5.130102589726448 0.5967054218053818 1.665550380945206 65.09922940284014 0.08754424005746841 13.5947542488575 6.961426682770252 2.199145287275314 0 2.558238968253136 0 1.555356167256832 0.8972329273819923 3.509471282362938 0.3189828395843506 0.5811840444803238 152.2053320631385 1.7011578977108 0.2656488716602325 2.426664024591446 656.2682592496276 3.693543925881386 3.177926301956177 19.76223161816597 4.334891527891159 2.433388382196426 73.44807147979736 2.43729043006897 15.21951088309288 4.726872682571411 36.13541448116302 6.510618671774864 84.09194871038198 7.474435031414032 40.77985441684723 8.283523440361023 1.863051220774651 0 0 0 0 0 0 0 0 0 0 0 0.3033907637000084 0 0 0 0 0 0.1558917313814163 1.218956097960472 0 0 0 0 23.5377524793148 0 7.537297494709492 5.91975449025631 3.589012578129768 0 0 0 0 0.2329680621623993 1.107911020517349 0 0.7524467706680298 2.439636245369911 0 0.1219244301319122 0.1232170984148979 0.1411232948303223 0 0 0 0 0 1.272859677672386 0 0 0 1.920516699552536 0.3409957885742188 0 0 0 0 0 0 0 0 22.15379539877176 0 0 0 0.4881857633590698 2.74688221514225 0 0 4.261247456073761 0.4706271588802338 2.02558521926403 0.6722853183746338 0 0.1396558731794357 0 0 0 0 0.237310953438282 0.2210287973284721 0 3.241099342703819 0.5459272861480713 11.75064240396023 202.3286210522056 25.41091601550579 389.9607756584883 65.99579083174467 501.7611455395818 55.53217796981335 6.918942168354988 33.9833061248064 10.6024653762579 0 5.876887418329716 1.145851790904999 38.81367939710617 0.2254623174667358 0 4.952233597636223 1.563635729253292 0.9542025625705719
643.3987334147096 2624.03311406076 0 5.02452140301466 1470.439348123968 3.356129564344883 11.615553162992 3029.033603467047 259.0999866276979 1.647784441709518 2742.227871701121 4.458726570010185 98.51092090457678 314.9504490196705 12.21047089248896 16.88513469696045 0.6320083811879158 2.095805913209915 0.971295565366745 4.795236147940159 5.293900325894356 0.1344878226518631 2.938877746462822 0.7305745929479599 1.879697754979134 3.495901130139828 0 0.3820914998650551 0.1861139833927155 0.3806315064430237 5616.748409613967 279.4748928844929 63.02369094640017 3.444081634283066 5.401711285114288 1.033407062292099 68.34609727561474 42.13699885457754 6.13125005364418 32.20687058568001 15.35612650960684 1.077676303684711 10.74429643899202 1.472566723823547 0.5373705476522446 0.6240456104278564 70.4312125518918 3.260099269449711 1.860543198883533 5.348566554486752 2.018677391111851 0 0 0.8071377947926521 2.685764148831367 6.198676884174347 151.9977409094572 1059.062038332224 41.7775145098567 13.11587263643742 2.289629518985748 7.586680121719837 1.349490605294704 284.6443662568927 6.228254541754723 2.170418933033943 1.158050909638405 1.366124086081982 13.00449512898922 32.42831610143185 24.26752901077271 0.1486313492059708 0 154.1818928569555 130.5336344391108 108.0444597005844 115.7517303973436 37.84148624539375 35.10704333335161 391.9652211293578 0.9900708198547363 25.04689604789019 16.01641856133938 0 3.270458295941353 2.477946288883686 3.518371447920799 0 0.4187094569206238 0 0.8769292458891869 0.1201186552643776 16.32974615693092 1.504351429641247 0.585759274661541 8.509217634797096 0.6151045113801956 0 1.079005733132362 616.5053058043122 0.1230475828051567 0 0 0 1.380899831652641 6.044966846704483 0.1906965225934982 1.937007963657379 0.9911583065986633 0.2520953416824341 0.5302009582519531 7.199921503663063 0.7989193052053452 3.600787997245789 1.325319573283195 0 0 0 0 0 0 0 0 0.4303204417228699 0 0 0 0 0 0 0 0 0 0 0.4383004605770111 0 0 0 0 3.747367203235626 0 2.474006921052933 0.9885594919323921 0.3736744150519371 0 0.1823745220899582 0 0 0 0.1702870875597 0 0 0.3373915553092957 0 0 0 0.6154118180274963 0.6131231039762497 0 0 0 0 0.6696785539388657 0 0 0 0 0 0 0 0 0 0.1050639376044273 0 0 0.1178561449050903 4.113193474709988 0 0.1938985288143158 0 0.6831288561224937 0.4105528444051743 0 0 1.549822449684143 0 0 0.477458581328392 0 0 0 0 0 0 0.1893951445817947 0.215739980340004 0 0.1512957960367203 0.2886766493320465 1.346055820584297 82.60526282340288 11.21425270289183 155.0680120885372 31.3103443607688 65.13668683171272 12.18300230056047 2.206105954945087 14.82202648371458 1.476199515163898 0 0.6253619492053986 0 0 0 0 1.065698802471161 0.5338885858654976 0
1051.109781503677 837.0254558324814 5.02452140301466 0 32.71140637993813 559.0388455837965 2086.584728948772 2.109416335821152 88.6238823980093 1628.814209379256 8.594558700919151 1098.741480268538 5357.169421032071 476.600510366261 0.3956255242228508 0.8903786838054657 0.1181607320904732 0 0 0 0 0 0 0 0.1366490721702576 0 0 0.1174213141202927 0 0 51.32065206766129 0.7318130731582642 0 0 0 0 5.71994785964489 0.1315529346466064 0.740518257021904 1.180623136460781 0 0 0.2409273684024811 0 0 0 14.96320836246014 1.297306910157204 0 0 0 0 0 0.1559397876262665 2.151203356683254 5.507826507091522 149.3888999968767 430.1218314468861 36.61782006919384 4.734548695385456 0 0.1157260611653328 0 4.435131080448627 3.278930567204952 0.3795695230364799 0.2854975461959839 0.5381235331296921 0.1217021644115448 0.1330442279577255 55.78486025333405 0 0 141.4251238405704 47.56012842804193 20.19448909908533 10.50040235370398 1.29177501052618 0.1292104423046112 0.4194261729717255 0 0.3848520964384079 13.70195882022381 0 1.885483168065548 1.493594065308571 0.8403628021478653 0 0.2491401359438896 0 0.0870819166302681 0.2232153117656708 0 0 0 143.0980238616467 0.1533674746751785 0 0.1119710579514503 165.1054683476686 0.6719176173210144 6.6025310754776 12.19448885321617 0.317040890455246 0.3866207599639893 14.6060975342989 1.438609510660172 3.200585946440697 3.789214372634888 24.99409526586533 0.1955668330192566 24.16444907337427 4.913315892219543 11.23373743891716 0.6147838234901428 0.32073774933815 0 0 0 0 0 0 0 0 0 0 0 0 0 0.4068179428577423 0 0 0 0 0 0 0 0 0 4.862288191914558 0 0.3958880007266998 1.754719257354736 0.4475141763687134 0 0 0 0 0 0 0 0 0.250537246465683 0 0 0 0 0 0 0 0 0 0 0 0 0 0 0 0 0.121729776263237 0 0 0 0 0 0 6.079670071601868 0.1442071050405502 0 0 0 0.6606130003929138 0 0 0 0 0.1921500563621521 0 0 0 0 0 0 0 0 0 0 2.301972240209579 0 1.153230682015419 17.84782940894365 3.563674099743366 61.07369390875101 10.37292269617319 603.2166063115001 12.32362309098244 1.014418318867683 1.450909718871117 0.2587808594107628 0 0.9007633030414581 0 19.78764122724533 0 0 0 0 0
624.578453451395 6324.964114554226 1470.439348123968 32.71140637993813 0 15.06649953126907 501.7979657351971 265.1968150883913 6163.081033147871 11.59060028195381 781.1245135813951 5.76607783138752 118.1312316805124 632.5607344955206 18.95070648193359 7.4451894313097 0.2437813282012939 0.2553325667977333 0 0.5918639749288559 0.6782444268465042 0 0 0.1908072084188461 0.6784322187304497 0.3111344426870346 0 0.4873491674661636 0.2113606035709381 0.1988306641578674 615.0561101660132 9.679917089641094 3.558783002197742 0 0 0 11.95954375714064 2.400586947798729 3.727616898715496 4.557527221739292 2.062727808952332 0.8427897989749908 0.8823868483304977 1.930110901594162 0.879578560590744 0 193.6977802067995 8.340220667421818 0.685535229742527 0.9666935652494431 2.126895897090435 0.1236465275287628 0.08040915429592133 0.2490031719207764 9.550974510610104 16.38370372354984 133.9310472086072 479.4483261853456 50.87426301836967 37.50233821570873 0.5425503328442574 0.3091364949941635 0.132881373167038 85.2165526971221 12.06548654288054 3.15425781160593 3.130345903337002 4.036925829946995 0.9052402675151825 1.657944843173027 15.82855059206486 2.131937928497791 0.1073722168803215 304.8920718282461 215.1489150077105 243.1063087135553 221.6506823152304 34.5094276368618 4.042278200387955 3.205244123935699 1.211515732109547 2.464148841798306 44.04764148592949 0 10.78709224611521 6.156110927462578 2.216805405914783 0 1.964557357132435 0.09085105359554291 1.904969178140163 0.3903508186340332 1.760929867625237 0.4538106322288513 2.058196268975735 32.06302790343761 1.655640080571175 0.101446844637394 0.7723395824432373 117.8117875158787 5.535798288881779 0.2263991683721542 5.309662684798241 1.195471823215485 6.76318833231926 57.9227195084095 1.750363036990166 24.02734290063381 2.733585044741631 19.26597754657269 10.44137573242188 122.6475989669561 18.353042319417 57.67749990522861 25.47976987063885 1.204262733459473 1.492206737399101 0 0 0 0 0 0 0 0 0 0 0.135638028383255 0 0 0 0.3211570382118225 0.1225363686680794 0 4.753262482583523 0.9612652957439423 0 0.6245912909507751 0 48.55776316672564 0.2297306656837463 19.1098148226738 15.45949774235487 2.789867326617241 0 0 0 0 0.6621440052986145 0.3572678864002228 0 1.936345279216766 8.93173236399889 0 0 0 0.7784292846918106 0 0.2684717178344727 0.8523585796356201 0 2.090966403484344 0.9885006099939346 0 0 0 4.799920618534088 0.7704186886548996 1.514813840389252 0.3370087146759033 0 0 0 0.08940216898918152 0.0927533283829689 0 50.34833525121212 0 0 0 0.2043425887823105 5.009021930396557 0 0 4.076536238193512 2.4685974791646 6.083138860762119 3.473099619150162 0.846423476934433 0.3675009608268738 0 0 0 0 0.09758524596691132 0 0 3.08992013335228 3.348097383975983 17.54761263728142 248.4285171851516 32.2768612280488 416.439779266715 91.64335303753614 108.3867263421416 44.47251917421818 5.265672266483307 44.45237033069134 31.51358138024807 2.041245564818382 21.68747508525848 1.490889847278595 13.64860679209232 3.642955020070076 0.2843258380889893 6.576036378741264 3.405420236289501 0.5566973686218262
204.2412611097097 351.172300927341 3.356129564344883 559.0388455837965 15.06649953126907 0 429.7097642719746 0.9097459018230438 35.3450715020299 302.0575270727277 5.718284703791142 194.2684793546796 485.3730026334524 73.04655723273754 2.539089471101761 4.29762364178896 0.6012448593974113 0 0 0 0 0 0 0 0.4808712154626846 0.1653158664703369 0 0 0 0 16.46974296867847 0 19.8308269828558 0 0 0 34.56677652895451 0.1482126265764236 12.51629315316677 0.1638381332159042 0 0 0 0.2290232926607132 0.1093246340751648 0 3.532695412635803 0.2289708703756332 0 0 0.308360680937767 3.412938177585602 0.7480362057685852 0 0.3143512755632401 0.7552539557218552 93.69040700048208 83.14178621768951 8.264226265251637 0.4226948618888855 0 1.538687273859978 0 0.8051744103431702 0.2272495105862617 0.102712482213974 0 0.1028259322047234 0.8819680958986282 0.1623342484235764 273.397484883666 10.6061989068985 2.628900960087776 25.90867166221142 7.180411823093891 4.889330349862576 4.75401471555233 3.365990608930588 0 11.80506029725075 0.1932303309440613 0.7046586126089096 1.574022457003593 0 0.4832474961876869 0.800916463136673 0.1481640934944153 6.516662448644638 2.376933827996254 7.711578294634819 0.3963693082332611 0.6150993704795837 0.2820264548063278 0 1.189243778586388 320.8169884085655 83.92223501205444 6.6249068826437 54.43498461693525 542.5278189554811 0 3.824785590171814 1.030491590499878 0 0 1.61932273209095 0 0.4391241073608398 0 0 0 2.71007876098156 0.4780020415782928 1.107836022973061 0.1221166476607323 0 0 0 0 0 0 0 0 0 0 0 0 0 0 0 0 0 0 0 0.3576250970363617 0 0 0 0 0.4545853734016418 0 0 0 0 0 0 0 0 0 0 0 0 0 0 0 0 0 0 0 0 0 0 0 0 0 0 0 0 0 0 0 0 0 0 0 0 0.168878436088562 0 0 0 0.09478229284286499 0 0 0 0 0 0 0 0.183852344751358 0 0 0 0 0 0.1368807852268219 0 0 0 0 0.3859349489212036 6.358993105590343 1.146305248141289 9.508749566972256 3.492446444928646 93.13921914249659 2.30584193021059 0.1388478726148605 3.193088181316853 0.1241626292467117 0 0 0 4.261032104492188 0 0 0 0.1866862177848816 0
724.3714363574982 2603.523862220347 11.615553162992 2086.584728948772 501.7979657351971 429.7097642719746 0 13.17663677036762 2589.699994459748 1515.717982046306 26.96429423987865 71.85705365240574 2798.96265322715 446.5669553950429 11.77873313426971 4.886118158698082 0.5281104817986488 0.2672045826911926 0.7843929752707481 0.4876074194908142 0.2163238525390625 0 0 0 1.073409214615822 0.5162556916475296 0.2562134116888046 0.4630126804113388 0.7457704171538353 0.09179528057575226 175.1482361480594 4.216987483203411 0.3853847086429596 0 0 0.1047502458095551 7.20544021576643 0.7681780681014061 2.481328368186951 1.367498300969601 0.1247631087899208 0.3338952660560608 0.9380276948213577 0.882422499358654 0 0.1184324696660042 161.2044574841857 9.067854583263397 0.7151400819420815 0.8510916829109192 0.9529996439814568 0 0.3924742043018341 0 9.815682165324688 18.01323661953211 159.1656916216016 532.7148855775595 55.25635907053947 34.56131318211555 0 0.1990370005369186 0 52.50427417457104 11.57329979538918 4.250958636403084 2.895500771701336 4.724841393530369 0.2853849530220032 0.9590832591056824 20.4435214176774 2.835713624954224 0 348.8765899986029 234.778365559876 218.6457983404398 152.2039130628109 22.72980539500713 2.326826766133308 3.43566670268774 0.6586962044239044 1.890115171670914 42.40521774441004 0 9.998066261410713 7.232689745724201 2.439041897654533 0 2.399647518992424 0 2.407641962170601 0.8093343302607536 1.166420117020607 0.5854490995407104 2.13816025853157 366.0115803480148 1.696578994393349 0 2.931127965450287 106.9705483540893 4.562659718096256 10.92261545360088 46.71610574424267 9.419597595930099 18.8305519670248 174.0132843852043 3.580970346927643 52.71122381836176 18.54019275307655 129.9035579264164 18.03537724912167 275.5591530129313 54.53478981554508 154.0076931267977 36.69156426936388 2.696115747094154 0.4917821288108826 0 0.3411546349525452 0 0 0 0 0 1.237214088439941 0 0 0 0.929966151714325 0.903584748506546 0 0 0 0.7206556797027588 4.493483781814575 1.841628894209862 0 0.3761326670646667 0 86.74725281447172 0.4929976165294647 27.98148663341999 20.59996010363102 5.391899675130844 0.8474993705749512 0.1564752608537674 0 0.668632447719574 0 0 0 0.1515956073999405 13.7703325599432 0 0.8352751135826111 0 1.062604308128357 0 0.3584640249609947 0.3588072955608368 0.5101052820682526 0 0.9094520136713982 0 0.1437702625989914 0 4.73159447312355 1.291037350893021 1.7286257147789 0.5204172134399414 0 0 0 0 0.08997199684381485 0 97.49508287012577 1.188024416565895 0 0 0.1160925775766373 7.961282536387444 0 0.6678739786148071 7.275158129632473 7.5455521941185 14.20720520615578 2.9199558198452 2.845860421657562 0.1000174209475517 0 0 0 0.1456436812877655 0 0 0 16.68462432920933 7.450449228286743 36.01972139626741 193.4545058757067 34.4403058513999 341.4183666110039 78.70038340985775 368.3803157284856 46.73684214055538 4.236692115664482 34.33579403907061 27.78236693888903 4.129489153623581 23.31999613344669 3.029256597161293 67.06032794713974 5.493807941675186 1.896704137325287 5.487604588270187 2.069215685129166 0.5376496911048889
138.9364752694964 317.8712670877576 3029.033603467047 2.109416335821152 265.1968150883913 0.9097459018230438 13.17663677036762 0 719.3207521513104 0.7267516851425171 1355.187161080539 5.447679340839386 249.4434163868427 894.5291983261704 16.856391094625 18.58671971410513 2.933439433574677 8.319953314960003 0.6731462925672531 15.16975936293602 8.942599385976791 0 4.080690056085587 0.5050946474075317 2.064574480056763 3.859124258160591 0.2223159521818161 0.4836124032735825 0.1325510740280151 0 1861.104114934802 3403.324291184545 104.0878288447857 2.196052066981792 3.92215833812952 1.69312210381031 136.4182788804173 58.36169290542603 12.68768835067749 41.65466430783272 17.1618840098381 2.134862951934338 15.08787494897842 22.68326613306999 1.3787936642766 13.25051466375589 68.91942010819912 3.427219070494175 2.672280728816986 12.76319905370474 2.082048758864403 0 0.3490559905767441 1.087194606661797 2.144163437187672 3.378035813570023 83.24725320190191 505.3677755445242 24.8624926880002 13.11607968062162 52.23095624893904 34.34019374102354 2.53109659999609 669.7365940213203 3.416533067822456 0.6760562732815742 1.491071410477161 1.799475215375423 15.33427526801825 31.18725877255201 44.98447700589895 0.6015614569187164 0 110.0984147265553 121.7742294371128 102.5217636153102 239.0501629561186 436.9246664568782 679.6181506365538 2502.807034805417 108.4387454763055 591.3558173179626 8.445965491235256 0 1.995484121143818 0.690205380320549 4.724387943744659 0 0.5603866726160049 0 1.218434706330299 0.3858573883771896 18.67012494802475 1.698968507349491 0.7204019874334335 7.130490362644196 0.2272087186574936 0 0.3388693556189537 132.5815403908491 0.4291883707046509 0.1260471045970917 0 0 0.3972939103841782 4.854883700609207 0.2505951225757599 2.577378056943417 0 1.156235009431839 0.8981082886457443 9.398222245275974 0.976969838142395 5.074389785528183 1.657533660531044 0 0 0 0 0 0 0 0 0 0 0 0 0.2580098807811737 0 0.1388117372989655 0.1269557327032089 0 0 0 0.304656133055687 0.6712976843118668 0 0 0 5.696586117148399 0 1.089416764676571 0.3200164586305618 0.1589234471321106 0 0 0.2688178569078445 0 0.380879819393158 0.7482534050941467 0 0.7939020991325378 0.5620300471782684 0 0 0.1167666018009186 0.8256224393844604 1.023772694170475 0.4713040888309479 0 0 0 0 0 0 0 0.1193762421607971 0 0 0 0 0 0.1170951575040817 0 0 0.3972168862819672 3.940771453082561 0.3902402520179749 0 0 0 0.119853712618351 0 0 0.602727472782135 0 0 0 0 0 0 0 0 0.123087964951992 0.1986628994345665 0 0 0.494568943977356 0.4657558798789978 0.8499091193079948 73.46203813701868 8.689068637788296 123.0986496210098 32.92318825423717 26.14825996756554 11.01769675314426 1.118089571595192 14.89647021889687 6.77719709277153 0.1034961640834808 0.2648309245705605 0 2.891880959272385 0.544989287853241 0 0.5494838356971741 1.607617191970348 0.1574666500091553
281.0908536165953 3533.872582100332 259.0999866276979 88.6238823980093 6163.081033147871 35.3450715020299 2589.699994459748 719.3207521513104 0 247.1593801900744 3635.843112871051 13.55339667201042 646.6199333593249 1523.998195573688 57.07315263897181 32.27782396227121 1.644889041781425 0.3581766933202744 0 0.6264597028493881 0.5280550718307495 0 0 0 1.77998922765255 0.8884289562702179 0.2904722392559052 1.125071443617344 0.4936108589172363 0.5048030316829681 178.2652216255665 8.403290241956711 5.909851662814617 0 0.3413556069135666 0.09815330803394318 42.41995487362146 3.348583690822124 6.333837755024433 10.0106592848897 3.061624556779861 0.5947994664311409 0.9599756896495819 4.050937846302986 0.6302890852093697 0.679213359951973 335.830008842051 7.538272112607956 1.080482125282288 1.619811818003654 1.708650439977646 0.2210198193788528 0.8472572863101959 0.2619219273328781 10.78281993418932 16.17507185041904 109.1455581560731 298.9659231156111 50.78996558487415 51.35620257258415 0.4657479152083397 0.2462065443396568 0.2702594697475433 86.20195295661688 15.74589408189058 3.639232061803341 1.815744273364544 3.53709165006876 1.303230315446854 3.203731723129749 43.13241903483868 1.013652093708515 0.3575899451971054 334.646950609982 236.4593769535422 442.9571918994188 408.5376318842173 114.0097566470504 2.919396333396435 4.831348083913326 0.8447423875331879 2.539605550467968 43.59618539363146 0 10.70518527179956 4.783134408295155 3.06604640185833 0.1661166474223137 2.638695403933525 0.3345343694090843 2.234939157962799 1.570114970207214 3.120475746691227 1.699648357927799 1.305969804525375 241.4413778334856 2.788337543606758 0 8.371107168495655 51.77847919613123 18.37521353363991 3.754592448472977 22.31900262087584 5.325122609734535 25.05385816842318 310.5338577032089 6.151586785912514 101.9156334772706 30.15664575994015 116.9509276151657 38.5257778018713 637.66165895015 106.0050902813673 349.0711136162281 80.20265359431505 3.294310078024864 3.204280808568001 0 0.1746886074542999 0 0 0.2769279479980469 0 0.2107902765274048 0.1488935649394989 0 0 0.1391364485025406 0 0 0.1758474409580231 0.6330926567316055 0 0 16.71632494777441 2.79775632917881 0 0.1365739852190018 0 186.8912546038628 0.445491760969162 65.95052576810122 41.56944615393877 10.82182970643044 0.4467513263225555 1.574023768305779 0 0 0 0.4880343228578568 0 4.833232536911964 34.48294258862734 0 0 0 1.436820521950722 0.5773259997367859 0 0.793980747461319 0.5059522390365601 7.977238647639751 4.738398142158985 0 0 0.7284876704216003 8.711180239915848 2.534480057656765 0.9967377036809921 2.324798539280891 0 0.1181187704205513 0 0.6608525514602661 0.2114275619387627 1.04351070523262 189.8173621743917 0.9944252669811249 0 0.3143226206302643 0.08470035344362259 16.00376492738724 0 0 14.94555702805519 5.502246923744678 35.99062491953373 4.125018373131752 5.216816917061806 1.457502879202366 0.7323052287101746 0 0 0 0.195844404399395 0.1209889799356461 0 36.67985831201077 12.09284196048975 75.62629701197147 489.9679750055075 49.26636727154255 662.0640691816807 190.9862264543772 132.0717838183045 83.18779044598341 9.700491450726986 102.7653237432241 97.98152647912502 8.080497451126575 64.80788746476173 6.691164970397949 32.74686486274004 11.98628012835979 3.097834505140781 21.21441344916821 7.079722352325916 0.6317261010408401
173.0850939303637 160.393462434411 1.647784441709518 1628.814209379256 11.59060028195381 302.0575270727277 1515.717982046306 0.7267516851425171 247.1593801900744 0 3.602307260036469 860.3942155838013 7773.231315873563 949.6441450342536 1.13490042090416 0.8480300530791283 0 0 0 0.2358972430229187 0 0 0 0 0 0 0 0 0 0 4.690780781209469 0 4.067736446857452 0 0 0 112.0262003093958 0.2084230333566666 1.00637149810791 0.2336471676826477 0 0 0.4640950262546539 0.1762402355670929 0 0 3.593741692602634 0 0 0 0 0 0 0.1393148750066757 0.6245031207799911 0.1457908302545547 21.01948893815279 19.37311352044344 3.263872168958187 0.2730945497751236 0 0.7598009705543518 0 1.113521799445152 0.532431349158287 0 0 0 0 0 43.66800232231617 0 0 11.68853493779898 3.442065417766571 3.913823559880257 4.430595323443413 1.99554393440485 0 0.1067462265491486 0 0 1.242503814399242 0 0.09767387062311172 0.1149468570947647 0 0 0 0 0 0 0.3513903468847275 0 0 468.1139116436243 0 0 1.218829035758972 212.9490245804191 4.03960495442152 36.12166391313076 64.48839540779591 18.46133096516132 2.534558817744255 141.1288990676403 3.586837857961655 22.99459780752659 27.10061164200306 193.1750929355621 2.974797829985619 218.2073753997684 60.08234722912312 127.3695561289787 7.667115211486816 0 0 0 0 0 0 0 0 0 0 0 0 0 0 0 0 0 0 0 0.5948242843151093 0 0 0 0.1862830966711044 9.398080803453922 0 0.1792281121015549 1.640339881181717 0 0 0 0 0 0 0 0 0 3.876411646604538 0 0 0 0 0 0.1259798258543015 1.287964820861816 0 0 0.4388813003897667 0 0 0 0.1635248512029648 0 0 0 0 0.1947540789842606 0 0 0 0 19.65492355823517 0 0 0 0 0 0 0 1.004836387932301 1.266994178295135 0.7945797443389893 0 0 0 0 0 0 0 0 0 0 10.12122087180614 0.8816932141780853 1.49661611020565 9.263977445662022 0.2548310533165932 16.04265388846397 3.576139077544212 199.8156338483095 0.4591851830482483 0.1146039664745331 2.081471726298332 2.131427720189095 0 2.987546652555466 1.978687644004822 115.2203545570374 0 0 0.7960247993469238 0.1658134460449219 0
399.9241292998195 1031.885335102677 2742.227871701121 8.594558700919151 781.1245135813951 5.718284703791142 26.96429423987865 1355.187161080539 3635.843112871051 3.602307260036469 0 26.33745820820332 1950.767256371677 7050.039868295193 61.31683822721243 67.0344720184803 6.369373366236687 3.419169433414936 0.3372795581817627 15.79461559653282 18.1101935133338 0 19.85015002638102 7.587237991392612 15.51297757774591 28.30427318066359 1.512116633355618 2.245734132826328 1.393600568175316 0.9076555296778679 2048.729519315064 846.1418507769704 1009.889819413424 14.52464263141155 32.32125567644835 10.44665509462357 658.398960635066 369.4368551373482 32.60907159000635 257.317819789052 89.01604528725147 7.335820145905018 23.78297185897827 7.192100413143635 1.589537791907787 3.603169396519661 235.455498047173 7.668994933366776 3.58713086694479 11.2190789654851 9.093500100076199 0.5630598142743111 1.238289587199688 1.022859767079353 5.506470151245594 11.00607404112816 141.1318281292915 731.5096878260374 44.13936183601618 39.57490206509829 13.99526377767324 29.55744351446629 15.83057450503111 372.4462005719543 8.66687123477459 3.218596629798412 5.798588506877422 8.627018176019192 37.61598465591669 113.9121761843562 180.7455137521029 1.706261537969112 0 253.9363488405943 242.7169058322906 345.8511910364032 455.6758519783616 155.1979497224092 76.94694118946791 188.8486602008343 4.993873693048954 23.55519756674767 29.67517580091953 0.08896991610527039 6.524799481034279 3.892118439078331 10.24066609889269 0.4369376301765442 2.14364418387413 0 2.420791022479534 1.208672016859055 60.21636786311865 4.97367937117815 1.302344799041748 40.2410654425621 0.7684955894947052 0 3.428372785449028 195.2130000814795 4.338647395372391 0.4736624509096146 0.1590784341096878 0.152374804019928 2.570921570062637 13.87497562915087 0 9.116273179650307 0.9802519530057907 3.332590267062187 3.984470188617706 29.86943135410547 5.794929429888725 20.55541417002678 8.274144247174263 0 0 0 0 0 0 0 0 0 0 0.3913706541061401 0 0.1236417219042778 0 0.5004714131355286 0.6013874262571335 0.63509601354599 0.1389909833669662 0.1131040453910828 1.437555924057961 0 0 0 0 20.08043840527534 0.1138770580291748 4.260287158191204 5.817209482192993 3.354456320405006 0.1188574507832527 0.6379658132791519 0.2634619697928429 0 0 0.1189700588583946 0.5820706486701965 1.436171650886536 1.139258287847042 0 0 0.4107320755720139 0.4582307636737823 3.576665237545967 0 0 0 0.3687338829040527 0.6931578889489174 0 0 0.2716591954231262 0.399551048874855 0 0 0 0 0 0.1345847994089127 0.2633260786533356 0.1124656498432159 0 21.74827094376087 0.1020523384213448 0.1343117505311966 0 1.271028883755207 1.607077673077583 0.525595486164093 0 0.6659668833017349 0.9932796657085419 1.948208525776863 0.3109126091003418 0.1467679738998413 0 0 0 0 0 0.2653241157531738 0.2240114286541939 0.4162120670080185 1.451272234320641 1.082018107175827 11.10807368904352 226.9121274724603 38.59830343723297 390.8087422773242 97.42280978709459 70.98862241208553 38.55833051353693 5.870666392147541 55.82204406708479 13.52894691377878 2.296814605593681 7.128587514162064 0.203108161687851 5.350880265235901 0 0 2.12729424238205 3.774508841335773 0
48.51295415312052 10.18737496435642 4.458726570010185 1098.741480268538 5.76607783138752 194.2684793546796 71.85705365240574 5.447679340839386 13.55339667201042 860.3942155838013 26.33745820820332 0 2972.185811057687 100.9869989156723 19.95965071767569 19.75039814412594 0.7306183055043221 0.1478941738605499 0 0.1436703056097031 0.1399806141853333 0 0 0.2615892291069031 0 0.2706682980060577 0.1799428313970566 0 0 0.08922220766544342 4.419338457286358 0 23.88721592724323 0 0.5056998878717422 0.519182063639164 375.7603185921907 2.345958858728409 3.408697538077831 3.454503685235977 1.343423381447792 0 1.389189831912518 2.749993547797203 0 0 29.84138138592243 0.1148028299212456 0.125345453619957 0.7528601139783859 0.128917321562767 0.1408995985984802 0.2566550374031067 0 1.070128306746483 0.3904383555054665 11.12126153707504 14.16587377339602 2.436942502856255 3.01655738055706 0 1.373850911855698 0 9.14885088801384 0.1158654093742371 0.1403805613517761 0.1101761385798454 0.1546802520751953 0.9467036575078964 2.012441746890545 206.9589065909386 1.126896306872368 0 14.88420614600182 9.733494758605957 37.3821012750268 52.20066945254803 31.54843141138554 0.1663266122341156 4.872643075883389 0.1417674720287323 1.026302650570869 1.81097487360239 0 0.407594233751297 0.09529177099466324 0.6909100860357285 0 0.09906383603811264 0 0.2111726328730583 0.1278427839279175 1.559499561786652 0.1190992519259453 0.3333285003900528 980.7544169649482 10.89559550583363 0 4.733032181859016 66.18283958733082 7.333551108837128 4.629090689122677 14.00116622447968 5.317109540104866 9.60986502468586 165.2784162163734 4.724381774663925 46.50346930325031 17.52036751806736 113.6130175888538 13.9580305814743 310.8543017432094 55.74561256170273 207.1960344612598 25.29680121690035 0 0.1260557919740677 0 0 0 0 0 0 0 0 0 0 0 0 0 0 0 0 0 8.740844421088696 0.7054053843021393 0 0 0 43.54950822889805 0 6.407213397324085 2.426893949508667 0.1601405739784241 0 0.1594755053520203 0 0 0 0 0 0.9401742815971375 4.167783446609974 0 0 0 0 0 0 0 0 1.915895342826843 1.416767910122871 0 0 0 0.5063818693161011 0.1783303618431091 0.8630119264125824 0.1563253402709961 0 0.5318563580513 0 0 0.1600006520748138 0 73.98220728337765 0 0 0 0 3.184271886944771 0 0.151614785194397 5.127960897982121 0.7445115447044373 2.978543475270271 0.7446188032627106 0.3812030479311943 0.7194772958755493 0.1451824009418488 0.1987228989601135 0 0 0 0 0 19.21575173735619 3.448164105415344 6.720507442951202 55.00001527369022 7.497967265546322 56.30037987977266 21.98780476301908 101.0181929469109 5.633873946964741 0.99085483700037 18.81969767808914 12.81422671675682 0.5596097335219383 9.98206540197134 0 16.25150942802429 2.16901259124279 0.6897937655448914 5.791369289159775 1.458582952618599 0
276.0199153721333 331.6248070001602 98.51092090457678 5357.169421032071 118.1312316805124 485.3730026334524 2798.96265322715 249.4434163868427 646.6199333593249 7773.231315873563 1950.767256371677 2972.185811057687 0 1287.731903143227 150.6879888549447 142.7271913960576 3.025768555700779 1.556230992078781 0.09671814739704132 4.685487687587738 5.847744062542915 0.6860212683677673 2.921927258372307 0.9071153998374939 2.595359764993191 5.681991167366505 0.1087958887219429 0.8702824339270592 0.5323623716831207 0 56.80846861004829 6.662718385457993 409.9291577115655 2.77824529260397 4.74647082388401 1.237922474741936 645.7854544445872 67.50785949081182 54.3316795155406 84.02949659526348 24.96470785140991 2.482341200113297 7.976987548172474 22.40605846792459 0.8264938592910767 1.819052368402481 245.4820094332099 3.810009144246578 1.921910718083382 6.603557832539082 1.984881997108459 0.1995671838521957 1.2612399533391 0.7711147964000702 4.032533325254917 5.117087863385677 45.4981784671545 115.8922813162208 26.50192745029926 34.45252285897732 2.305251218378544 32.55086208879948 0.8312784731388092 68.34112702310085 4.455710045993328 2.76717920601368 3.27782879024744 2.956817992031574 13.012490876019 26.98197443783283 365.5918344259262 18.42017664760351 0.257779635488987 118.1175154298544 102.2438151463866 291.1231849119067 421.2902740240097 220.2656558826566 2.674803197383881 55.22670736908913 2.682395689189434 11.58054421842098 13.80166342109442 0 4.039600282907486 2.727941237390041 3.58350246399641 0 1.001206874847412 0.1015419661998749 1.701506316661835 1.104435741901398 11.20233188569546 3.496848478913307 2.302206724882126 3008.157418042421 31.38516139239073 0.7026525586843491 12.07167325913906 129.3690924867988 24.92081347107887 20.80669894069433 61.19031155109406 9.65354897081852 40.88035219162703 545.4151196181774 23.70819592475891 172.0233206003904 51.74269805848598 296.2739408835769 59.30602417141199 1060.694939434528 202.0256863683462 619.5308376699686 132.4079122468829 6.654916182160378 2.260891802608967 0 0 0 0 0 0 0 0 0.1325616538524628 0 0.5241065621376038 0 0.2923664152622223 0 0.327871635556221 0.5339175462722778 0.7537024617195129 19.0718846693635 5.682598173618317 0 0 0.1573043167591095 235.60873696208 2.335700631141663 42.05528762191534 25.47211847454309 5.837633952498436 0.5322973430156708 0.9022665321826935 0 0 0.5654884725809097 0.7097981721162796 0.4671413600444794 7.579425312578678 26.07684513181448 0 0 2.226867631077766 0.9476771503686905 2.180948927998543 1.427568979561329 2.079973310232162 0.7748677730560303 6.098071366548538 10.61836626380682 0.1283301264047623 0.1212145388126373 0 6.708325326442719 2.668972916901112 1.801957026124001 2.470641382038593 0.3450527489185333 0.1048354208469391 0.1331456750631332 0.5130298137664795 0.1377214640378952 0.8208165168762207 342.6915089935064 0 0 0.3043370991945267 1.338264480233192 18.65072699636221 0.9641392678022385 0.2315714806318283 18.39133436977863 8.320772759616375 34.32975056767464 7.092445962131023 6.042174212634563 0.5287319421768188 0 0 0.259186327457428 0 0 0.1169144809246063 0.173408716917038 66.85975795984268 30.53981378674507 84.45610358566046 297.3181777670979 54.92788439244032 376.0148989483714 156.2201945260167 297.9970048964024 52.55020458996296 8.613206639885902 89.65366891026497 77.93024359643459 6.530923172831535 63.00232736766338 5.373700365424156 67.08130103349686 12.04372695088387 0.9353554993867874 15.76240158081055 7.406855896115303 2.005220621824265
139.1867104694247 721.3810762465 314.9504490196705 476.600510366261 632.5607344955206 73.04655723273754 446.5669553950429 894.5291983261704 1523.998195573688 949.6441450342536 7050.039868295193 100.9869989156723 1287.731903143227 0 91.1074883043766 103.3139630630612 5.592222772538662 5.766800090670586 0 11.39858370274305 21.0647020637989 0 13.17998038232327 6.218891069293022 11.73733239620924 36.02964217215776 3.745785623788834 2.567027479410172 0.8245452716946602 0.7277062311768532 311.5104977265 85.31904680281878 1215.464287027717 11.03935687988997 28.14774868637323 8.885461501777172 873.2324078902602 513.7173092663288 48.2007320150733 318.6830179020762 77.85495326668024 7.38948892056942 21.35872726887465 12.86167719960213 2.575265310704708 2.903563961386681 234.226499453187 5.54473153501749 5.208940617740154 12.45636655390263 6.520550094544888 0.2980121597647667 2.4364273250103 1.13110762834549 4.058204367756844 6.009257711470127 52.6048296391964 197.8859018236399 25.55372429639101 30.43853420764208 14.88958719372749 82.68494506925344 15.24476317316294 138.2803795263171 5.765715837478638 2.169412717223167 5.118037469685078 5.962809719145298 32.38639302551746 104.4519815817475 272.9933487325907 3.302530139684677 0.1174177005887032 148.5257648080587 130.267980389297 305.0148449987173 407.6762178391218 175.5206341221929 39.73949022591114 68.56306215375662 7.2516830265522 13.25588235259056 16.89996603876352 0.0791877806186676 4.221569754183292 3.37515314668417 12.04976569116116 0 1.420172043144703 0.277454286813736 1.579911187291145 1.420809537172318 65.93354863673449 6.557885654270649 1.87186674028635 503.6842488572001 4.331431120634079 0.5850784778594971 7.271258734166622 49.12764155864716 8.209045276045799 5.732683554291725 23.60318457335234 6.005931749939919 20.1446079313755 221.1528302431107 5.918002143502235 75.33966070413589 20.39377909898758 115.1541664525867 23.00088068842888 483.9527143836021 82.37252613902092 271.5152590423822 50.2699538320303 4.777516402304173 2.314576461911201 0 0.146185114979744 0 0 0 0.6217194795608521 0 0 0.7042783498764038 0 0.2040822207927704 0 0.2314651012420654 0.3500778526067734 0.8370368629693985 0.2888177335262299 0 9.087847724556923 0.9571077674627304 0 0 0 103.9957245662808 0.5295345783233643 30.43198322504759 17.35262567549944 2.265945807099342 0.875782698392868 1.07823534309864 0.1812329441308975 0.2898171097040176 0 0.3846085667610168 0.139318972826004 7.174210764467716 15.67380754649639 0.2115921527147293 0.4031425416469574 0.2726460844278336 0 1.838291309773922 0 0.3202735483646393 0.3239817842841148 5.207476817071438 2.217812657356262 0.3307550251483917 0.2329647392034531 0 4.818392217159271 3.028123505413532 1.316361531615257 0 0 0.5098285302519798 0.1810971647500992 0.1077831536531448 0.1372175067663193 0 144.3161850869656 0.1717043519020081 0.1409109085798264 0.1115704104304314 2.610164269804955 7.69979951530695 0.2313641756772995 0 13.76331358402967 2.766828410327435 18.39910941570997 4.647921234369278 2.424569070339203 0.1827199459075928 0.5362579822540283 0 0 0.8513925895094872 0.506194680929184 0 0.4717650711536407 31.72450448572636 8.343315213918686 44.27862441539764 290.6472014710307 36.12335465848446 384.2585191652179 134.8038033545017 85.0791832357645 45.01755049079657 7.333017364144325 76.29484195262194 44.8579164519906 2.195260345935822 31.7382622435689 2.483368597924709 28.74829139560461 8.668898433446884 3.34905731678009 10.47730582952499 5.72101054340601 0.8223007619380951
