0 2811.377051196992 1097.707656480372 2300.094995498657 637.2693252712488 121.3419287353754 1205.571412026882 215.1544426232576 323.749685369432 3109.435961984098 777.568381935358 217.3640594184399 384.8977450653911 324.1375429853797 4.930700913071632 3.333242289721966 0.2424479871988297 0.1204536333680153 0 0.308555856347084 0.4047235995531082 3.141527622938156 0 0 0.1385755985975266 3.158482268452644 0 1.26386895775795 5.187053725123405 1.37951947748661 1327.14208753407 22.86795902997255 49.87834492325783 0.3198650404810905 0.1488460004329681 1.915950961410999 44.65233327448368 2.502136908471584 3.019412972033024 1.440844103693962 0 0.4128985181450844 0 1.018372870981693 0.2207335233688354 0 18.23607362806797 1.927721194922924 0 0 0.1367797553539276 0 0 1.127846829593182 4.913606770336628 17.94421395659447 630.0506748110056 1406.372257456183 52.86513207107782 18.39974897354841 1.342096082866192 0.5177101045846939 0.325350433588028 115.9470891058445 7.041090905666351 2.350802063941956 1.057628110051155 0.09495300799608231 0 1.220300525426865 34.18606585264206 3.872542440891266 0 295.1684330478311 82.33561562001705 22.15620154887438 19.62290449440479 6.201374381780624 15.70789178460836 214.341998539865 12.36731111258268 42.05802921205759 12.86484228074551 1.591318249702454 2.282502673566341 8.479281418025494 0.6915152966976166 0.1844538971781731 1.107062853872776 0.3920918107032776 0.4303720220923424 0.3852406740188599 0 1.987979210913181 0.1234505400061607 82.45871383696795 4.891188710927963 3.466771870851517 2.007014147937298 1489.923720657825 0.1033796817064285 0.107000820338726 0 0.3916743099689484 0.2289480566978455 3.289390236139297 0 0.1162238791584969 1.042201973497868 1.037649348378181 0 3.509089261293411 3.125975981354713 6.524294205009937 3.102407403290272 0 0 0 0 0 0 0 0 0 0 0 0 0 0 0.4840962290763855 0.1029228940606117 0.1238634213805199 0.1669697910547256 0 0.3165782243013382 1.340586207807064 0 0 0 4.101645730435848 0 1.044881775975227 0.2474152222275734 0.1418598741292953 0 0 0.09374167770147324 0 0 0 0 0.104428306221962 0.5066194087266922 0 0 0 0 0.6259599328041077 0 0.302108496427536 0 0 0 0 0 0 4.290693670511246 0 0.2796882167458534 0 0 0 0 0 0 0 11.16411919891834 0 0 0 0 6.565122067928314 1.932700484991074 5.449466221034527 0.633129671216011 0.3009621798992157 0.486985981464386 0 0.1298379898071289 0 0 0 0 0.09432540088891983 0 0 0.1188351660966873 2.664478227496147 1.432567350566387 5.215928412973881 152.6029542535543 23.31591153144836 274.1354799941182 80.99128144234419 1211.530474886298 104.5681368038058 3.204753510653973 53.45493688434362 4.881291046738625 0.2423557639122009 2.166110917925835 0.1288159936666489 4.599822044372559 0.3224264085292816 0 1.855106540024281 22.52137901633978 0
2811.377051196992 0 1434.032505191863 2315.921782970428 3618.273698627949 408.602895013988 6952.023406863213 339.8643687963486 1987.119719073176 326.9040240719914 1712.203527353704 26.7303718701005 420.8510905355215 612.6059829443693 8.292877323925495 4.60517193377018 0.7326612398028374 0.6628205254673958 0.08251768350601196 0 0.5758893042802811 1.902336955070496 0.4200120270252228 0.297753781080246 0.3446105197072029 3.027895994484425 0.1271762102842331 1.334639206528664 4.831101104617119 1.250331565737724 2626.541720159352 51.81623939424753 46.77015874534845 0.1212745830416679 0 0.589419424533844 35.05327980965376 2.264372482895851 2.316120631992817 1.145580247044563 0.7527211681008339 1.120374612510204 0 1.074273936450481 0.1945119351148605 0.35443414747715 74.08433522284031 5.454045414924622 0.4569413736462593 0.1618286669254303 0.2589631229639053 0.6149787157773972 0 1.04670525342226 4.612270720303059 15.77545591816306 86.3952084556222 369.3249873220921 18.05565766990185 54.75913163274527 0.5107349306344986 1.918393276631832 0 198.9634321331978 7.82090749591589 2.735857523977757 2.359799668192863 0.3739112317562103 0.1812432706356049 0.6728413850069046 33.54824363440275 1.523442931473255 0 132.8235212936997 104.6217610836029 86.8173655718565 60.10225155204535 4.820699565112591 12.72601237893105 208.2599831819534 11.37950550764799 33.74710463732481 16.51009774208069 1.081070594489574 3.624105833470821 8.318428494036198 1.78767254948616 0.07763369381427765 1.974724322557449 0.2124062851071358 2.128693707287312 0.439711257815361 1.478583693504333 2.824221909046173 0.3600316494703293 44.83565931767225 0.9045449048280716 0 1.142014928162098 300.8050227984786 0.1053780913352966 0.2997866570949554 0.1109528988599777 0 0 2.50190082192421 0.564246654510498 0.6095632314682007 2.777469493448734 1.609915360808372 0.3819359093904495 2.956840679049492 5.117053762078285 7.285847283899784 3.777357384562492 0 0 0 0 0 0 0 0 0 0 0 0 0 0.1197204366326332 0.1465693116188049 0 0.2103145867586136 0 0.1058537140488625 0.452505074441433 0.2609599530696869 0 0.5821830630302429 0 5.32064026594162 0 0.4149871021509171 0.571050301194191 0.3261617720127106 0 0.3572779893875122 0 0.1786749213933945 0 0 0 0.4213024526834488 1.490720734000206 0 0 0 0 0 0.1901364624500275 0 0.08573121577501297 0 0.5416223853826523 0 0 0 4.500456787645817 0 0.2165794372558594 0 0 0 0 0 0 0 13.45874448865652 0.6795832067728043 0 0 0.08644471317529678 7.147885210812092 2.066885583102703 5.356120206415653 0.09175331145524979 0 0.5897997692227364 0 0.4321461617946625 0 0 0 0 0.1246718466281891 0.3450793698430061 0 0 4.073342874646187 3.018745116889477 4.405644781887531 271.0808953642845 47.97054274380207 389.5703484192491 119.9806870222092 1086.391962558031 89.78393871337175 7.799483478069305 100.609256118536 6.191408574581146 0.2829550951719284 0.8515690639615059 0.4539673626422882 10.25370769202709 0 0.4596622362732887 1.183579616248608 69.5667444691062 0.2518094927072525
1097.707656480372 1434.032505191863 0 61.60237859934568 536.9759567677975 73.96368079632521 592.8471371680498 1754.020428091288 1876.932788819075 23.17100331187248 2540.049502246082 45.84925279766321 626.5815843120217 1082.598209917545 13.0991290807724 8.185223564505577 1.157647274434566 0.7425495758652687 0.337888777256012 1.834275923669338 1.792263373732567 13.17746233195066 0 0.5722699463367462 0.5759984850883484 25.69181869924068 1.259571477770805 4.438542485237122 15.44551657140255 5.720376022160053 4625.75670529902 570.9883844926953 81.34649048745632 0.4970045685768127 0.1080024167895317 1.278278239071369 83.34309100359678 7.634523883461952 7.252252094447613 3.797757260501385 4.860925629734993 3.12820503115654 3.754156455397606 9.063375443220139 0.2465449646115303 0.9924760907888412 30.74822634458542 6.537366531789303 0.5499844923615456 0.901728555560112 1.135527908802032 1.7872653901577 0.7101797759532928 2.999305561184883 1.436459235846996 6.150219269096851 31.26306379586458 452.6216537207365 5.979086011648178 19.04832743853331 21.01063913851976 16.21988967061043 0.1034459620714188 702.6723813414574 2.960372984409332 2.070604965090752 1.360051207244396 9.981900356709957 17.0330096334219 20.35151153802872 47.46878941357136 6.363867692649364 0.175332710146904 59.85743541270494 79.34832767397165 44.3577386662364 68.67489922046661 29.6169593706727 342.3016033321619 1327.475745081902 238.3501051515341 1145.288050293922 4.34417100995779 0.4740090370178223 3.069721765816212 4.135806269943714 8.297135174274445 0 0.2400026097893715 0 0.8567923232913017 0.6397670358419418 13.17431253194809 10.43196078389883 1.738425403833389 37.3510145097971 3.205633990466595 0 8.57320187240839 367.5314947217703 1.086953334510326 0.278426468372345 0.4298150166869164 0 0 2.018797099590302 1.487844347953796 0 2.653958976268768 0.5333379209041595 0.1331298500299454 5.733032591640949 3.383900105953217 4.696343913674355 2.141295246779919 0.1215696632862091 0.5171069353818893 0 0 0 0 0 0 0 0.1847368329763412 0.8352943062782288 0 0 0 0 0.1369029879570007 0 0.2824956700205803 0.1104318276047707 1.35473744571209 0.9878189861774445 0 0.09801473468542099 0 9.70460919290781 0.1103723645210266 1.695650279521942 2.781256854534149 0.2187792211771011 1.276827305555344 0.6446559429168701 0.1658850461244583 0 0 0 0.4448787868022919 0.2701167464256287 0.6931752264499664 0 0.1733027249574661 0.6799576878547668 0.2308971658349037 0.6514448225498199 0 0 0 0 1.394653290510178 0 0 0.4560002535581589 7.243578389286995 0 0.1000742539763451 0.7535917907953262 0 0 0 0 0 0 15.89146429300308 1.172932714223862 0 0 0.8914277106523514 10.06554228812456 6.645252913236618 8.189660578966141 0.8560818210244179 0.3491750881075859 0.3295122683048248 0.4784989953041077 0.5574962124228477 0 0.07806555181741714 0 0 0.1087862625718117 0 0 0.191151350736618 9.865441679954529 3.534981332719326 9.88955045491457 104.5346879735589 18.55371667444706 134.5649415180087 47.06377391517162 192.4301887303591 30.44848836958408 3.053941756486893 44.04230485856533 5.90852539986372 0.2968190312385559 3.949842132627964 0.1822642832994461 8.153651610016823 0.7549985870718956 0 0.9690234735608101 9.572118654847145 0
2300.094995498657 2315.921782970428 61.60237859934568 0 231.1919684633613 320.5609935075045 1817.874091058969 2.556828662753105 59.93304336071014 1988.114877969027 16.10049145668745 42.2318497300148 1079.489701382816 98.86314238607883 2.711920499801636 0.2775711715221405 0.4883561581373215 0.152827724814415 0 0.1920908540487289 0 0.2288496792316437 0 0 0.1991325318813324 0.8443639799952507 0.4261678159236908 0.1258202642202377 0.1757245063781738 0 442.0470712780952 17.6897766366601 1.311017386615276 0 0 0 2.471422366797924 0 0 0 0 0 0 0.64081971347332 0.2379087507724762 0.1170215085148811 44.11269661039114 3.985421508550644 0.1529833376407623 0.09627006202936172 0.3253592848777771 0.440192237496376 0.09321821480989456 0.2635996341705322 2.780974745750427 14.744185090065 93.06729512661695 283.4794445708394 13.20337084680796 28.73131918162107 0.7035521492362022 0.571024626493454 0 124.6127461716533 5.969106882810593 2.033340454101562 1.54254088550806 0.26280777156353 0.4161971211433411 0 2.623906426131725 1.648520410060883 0 115.7109065875411 76.16134942322969 52.2379991337657 24.11262914538383 1.501002602279186 0.4712569788098335 2.759894035756588 0.6672303527593613 1.3214425817132 11.96903953701258 1.400897778570652 2.779100589454174 5.129092335700989 0.9842002987861633 0.08047575503587723 1.432349242269993 0 1.194895185530186 0.538056805729866 0 0.305722713470459 0.3906535133719444 51.79491472244263 0 0 0 252.2110187336802 0 0.6597265601158142 0.6090217530727386 0 0 0.8608667254447937 0.9616780877113342 0.8560763895511627 2.238669157028198 0.8977392315864563 0 4.609046101570129 2.752280533313751 7.091237023472786 3.29759418964386 0.157060444355011 0 0 0 0 0 0 0 0.1390372663736343 0 0 0 0 0 0 0 0.2981051206588745 0 0 0.1613463014364243 2.025225728750229 0 0 0 1.593675464391708 0 1.001338005065918 0.3212818503379822 0.2986461818218231 0 0 0 0 0 0 0 0 0 0 0 0 0 0 0 0 0.2457699030637741 0 0.5430194735527039 0 0 0 0.8423634320497513 0 0 0 0 0 0 0 0 0 3.381016962230206 0 0 0 0 2.392811208963394 1.525603711605072 0.9840082079172134 0 0 0 0 1.121967494487762 0 0 0 0 0 0 0 0 1.711457505822182 0.4575007259845734 0.7667259871959686 222.5136053040624 28.14364501088858 324.7125288099051 85.44492737203836 490.465779915452 66.32230848819017 4.102483116090298 71.61493111401796 3.065667912364006 0 0.1867201179265976 0 7.649407103657722 0 0 0 23.94592355936766 0
637.2693252712488 3618.273698627949 536.9759567677975 231.1919684633613 0 47.59476471692324 8912.832752265036 141.7242569327354 4493.609169527888 157.7812650799751 876.6890687644482 6.794707052409649 298.2766239494085 217.8283355087042 18.71598359197378 6.443496502935886 1.298593774437904 1.130152925848961 0 0.2726917043328285 0.1847439482808113 0.8095493242144585 0 0 0.8488531783223152 0.8399943634867668 0.3656134307384491 0.4915810003876686 2.019102893769741 0.2752695679664612 544.4039261266589 64.51637794077396 15.79397918283939 0.1357960551977158 0.1070444285869598 0.249035120010376 18.85861400514841 0.3641730546951294 0.8207893297076225 1.200090020895004 0.8302519917488098 0.2204299718141556 0 1.01205562800169 0.62774458527565 0.9878388643264771 124.149501696229 6.193591549992561 1.350265257060528 0 1.231881029903889 0 0.2767130210995674 1.631660729646683 3.168770000338554 12.70277053490281 23.81597235053778 107.7944492101669 8.469366975128651 79.08102548122406 1.132032535970211 0.1131184846162796 0.1946622133255005 157.3662497922778 7.873215176165104 3.612856384366751 2.025787651538849 0.3812549039721489 0.4776336550712585 0.3611973971128464 30.66416361182928 0.5523532703518867 0.1014473736286163 77.54490724951029 114.8547278344631 160.7085360661149 149.8795359358191 7.771325446665287 4.464376732707024 39.65489168465137 6.270343519747257 10.15563649684191 15.65195007622242 1.211672242730856 4.67578649520874 6.860927518457174 1.652864277362823 0.0777544230222702 2.6688397154212 0.2132175341248512 3.129298128187656 1.058112815022469 0 3.394165523350239 2.229491680860519 84.53697134554386 0.3507601842284203 0 1.588265664875507 30.2214187681675 0.2487083151936531 0.7262765169143677 1.535748064517975 0 0 6.48091234266758 3.364630430936813 1.482605129480362 6.785066738724709 2.281778603792191 0.5336920768022537 15.28112927079201 19.19340614974499 18.90436454117298 10.09632905572653 0 0 0 0 0 0 0 0 0 0 0 0 0 0 0.9055503457784653 0.2673182040452957 0.2676691710948944 0.09075212478637695 0 4.582297921180725 0.4377555549144745 0 0 0.1136622428894043 4.43911225348711 0 2.531439065933228 0.4334652721881866 0.7842617034912109 0 0 0.1478278636932373 0 0 0 0 1.098955526947975 0.4154810085892677 0 0 0 0.3116287440061569 0.1446593254804611 0.09402547031641006 0 0 0 0 0 0 0 6.309377685189247 0.1062274798750877 1.215362802147865 0 0 0 0 0 0 0 20.52115622162819 0 0 0 0.1748537570238113 9.945978820323944 5.977410309016705 10.36762928217649 0.8722023218870163 2.466330096125603 0.9781388938426971 0.1227936670184135 0 0.177903950214386 0 0 0 0.2268523573875427 0.1107121333479881 0 0 7.660220101475716 1.719603501260281 5.521353043615818 386.601974979043 83.95357416570187 460.259623978287 189.8806641474366 276.7818884402514 111.1861930936575 16.06678241863847 151.139518506825 15.61538609862328 0.5346428900957108 3.707614868879318 0.4345945715904236 20.98818431794643 0 0.1694420725107193 3.243330582976341 43.46808062493801 0.1153575628995895
121.3419287353754 408.602895013988 73.96368079632521 320.5609935075045 47.59476471692324 0 268.4005725383759 10.71428728103638 24.03312026709318 1158.27444563061 56.02863595634699 165.5268364995718 161.6175938993692 35.36216121912003 0.7639791518449783 0.9001614302396774 0.3559844195842743 0 0 0 0 0 0 0 0 0 0 0.2075076550245285 0 0 44.83500830084085 1.468647494912148 7.669976748526096 0 0 0.4776747897267342 42.12205771356821 0 0.8216367065906525 0.145260289311409 0 0 0 0.877378337085247 0 1.039032071828842 0.9589395970106125 0 0 0 0 3.481373682618141 0 0 0 2.207432746887207 78.13510799407959 26.17067346721888 6.737495481967926 1.262726098299026 2.038876608014107 0.155351996421814 0 2.73798169195652 0.07807879149913788 0.1235512122511864 0.5029345750808716 0 0 0 95.47330417484045 82.60984796285629 9.806592404842377 3.589318566024303 3.101540885865688 0.8456553816795349 1.346229389309883 1.115394130349159 0.5919882208108902 14.44490227103233 5.454933121800423 4.121485285460949 0.4701692759990692 0.7484447509050369 0.1824693828821182 0 0.121631346642971 1.739451885223389 3.534068554639816 8.383025452494621 1.222184747457504 2.651488453149796 0 0 1.082874163985252 243.6832783594728 93.45609816908836 31.58055444061756 24.63113783299923 481.6819524914026 0 0 0 0 0 0 0 0 0.2710645496845245 0 0 0.9070603996515274 0.9022540599107742 1.795079991221428 2.489703416824341 0 0 0 0 0 0 0 0 0 0 0 0 0 0 0 0 0.1187389194965363 0 0 0.5343362241983414 0 0 0 0 0.5888736099004745 0 0 0 0 0 0 0 0 0 0 0 0 0 0 0 0 0.1515982449054718 0 0 0 0 0 0 0 0 0 0.368953138589859 0 0.2191007286310196 0 0 0 0 0 0 0 2.571327537298203 0 0 0 0 0.5691026523709297 0.5247963592410088 0.5400839745998383 0 0 0 0 0 0 0 0 0 0 0 0 0 0.8490587696433067 0 0 1.619331084191799 1.585447266697884 4.961373209953308 0.7337236180901527 286.4741212651134 4.318148732185364 0.1953162848949432 2.692545160651207 0.1816053092479706 0 0 0.4752217531204224 3.688936948776245 0 0 0 0.5374870449304581 0
1205.571412026882 6952.023406863213 592.8471371680498 1817.874091058969 8912.832752265036 268.4005725383759 0 85.1172831133008 4612.693303011358 1273.33127424866 316.4985784739256 14.88006004691124 1234.509322196245 3383.959221936762 58.33228550106287 21.90461112558842 1.324558816850185 1.334332659840584 0.2997137233614922 1.036694519221783 0.4430841058492661 1.222284831106663 0.6945132315158844 0.1143461912870407 0.6974515840411186 1.35859677195549 0.4837848991155624 1.246304713189602 0.9589958637952805 0.1015904247760773 456.9940162077546 111.2635611742735 24.14732158184052 0.08938257396221161 0.2442162930965424 0.1447259336709976 46.42419316619635 0.3410497009754181 2.203912489116192 1.219915896654129 0.3933352679014206 2.323950693011284 0.1593782007694244 3.12122942507267 0.3811737969517708 1.692930944263935 278.083085976541 12.64229713380337 3.02867291867733 0.2336825504899025 1.992421329021454 0.7044970989227295 0.1382196992635727 2.884518392384052 8.79473938792944 27.31414058059454 60.69245208054781 273.4283133372664 28.01003883033991 165.1578619778156 2.109462611377239 1.719056144356728 0.1927202343940735 365.0902772843838 17.45405941456556 7.28540425747633 5.330287724733353 1.633540697395802 1.71557679772377 0.3390977382659912 67.80554627627134 4.251366466283798 0.7757176756858826 193.2714831158519 244.1294884979725 355.947149284184 342.6822690591216 43.64307986944914 8.120303526520729 31.7201686874032 17.09516664594412 31.08604114502668 33.61202434077859 2.577540889382362 10.29907748103142 16.79065760597587 3.876233130693436 0.6065719649195671 6.29071007668972 0.2065843492746353 6.766114249825478 2.117431044578552 0.2384824976325035 5.389334194362164 4.554292373359203 609.9399187490344 9.179484479129314 0 3.844495259225368 95.72811474651098 6.88438231498003 3.158060058951378 3.930164597928524 1.812719136476517 1.53457610309124 29.01560400426388 17.27883540093899 10.74647384881973 53.31395442783833 24.97841732949018 3.382187709212303 89.39189029484987 80.39155489951372 106.9878946095705 33.32583364844322 0.4373407065868378 0.2055640071630478 0 0 0 0 0 0 0.1358450055122375 0.476392075419426 0.2708269655704498 0 0 0.2827012538909912 0.2555741742253304 0 0.2725700289011002 0.3024928495287895 0.1554638892412186 14.70126958191395 4.763551414012909 0 0 0.6112476587295532 24.30043429136276 0 4.439433418214321 3.19744623452425 0.1162312179803848 0 0 0 0 0.4414760321378708 0 0 0.6321223080158234 4.340188771486282 0 0.2034000754356384 0 0.4383751302957535 0.5168195962905884 0.2465986311435699 0.90395388007164 0.1882516443729401 0 5.425722055137157 0.5189080834388733 0 0.3795015066862106 25.37942862510681 1.152691289782524 0.9138994216918945 0.8335896730422974 0 0.09226641058921814 0 0 0 0 108.3415163606405 0.882112979888916 0 0 0.1501021236181259 56.45016418397427 26.59048276394606 32.99935798346996 1.582436382770538 4.890225991606712 4.207922950387001 2.15252810716629 1.883262321352959 0.7260702103376389 0.3048733174800873 0 0 0.1752567067742348 0.6470239162445068 0 0.2711352109909058 46.36722712218761 6.133403860032558 20.94134422391653 898.4102011695504 199.1887761764228 986.5982589535415 393.7724557518959 775.361083611846 239.7484807148576 28.44019959867001 378.0480890870094 39.49019061028957 1.058004595339298 13.16386389732361 2.900190383195877 78.96376758813858 3.344224214553833 0.4125978797674179 6.404412232339382 62.70884467661381 1.389661744236946
215.1544426232576 339.8643687963486 1754.020428091288 2.556828662753105 141.7242569327354 10.71428728103638 85.1172831133008 0 927.0316157490015 8.443992614746094 1111.328669920564 41.75979889929295 741.0362519323826 1534.804925523698 11.75020176917315 8.289954826235771 0.1042882725596428 0.8327690735459328 0 2.275931812822819 3.296287894248962 11.31824826449156 0 0.1521642655134201 0.3101422488689423 50.89542838186026 1.634761929512024 11.82799145579338 28.84194846451283 7.245900236070156 942.914788775146 1067.708947576582 98.53677240014076 0.6661809757351875 0 2.438360810279846 92.17747086286545 11.16790095716715 6.599116995930672 1.76438169926405 8.598582208156586 6.201894231140614 4.833697408437729 8.898690804839134 0.8773310109972954 0.9558190703392029 33.34718649089336 3.143882468342781 0.3478531241416931 1.188186474144459 1.767432525753975 2.16159825026989 0.2894974052906036 6.817921511828899 0.5949788652360439 2.687770381569862 11.35795084387064 92.87262307852507 2.834484994411469 9.395880192518234 13.88767109811306 21.35688944905996 0.43770881742239 179.9929417297244 1.660269387066364 2.367357902228832 0.9971637204289436 9.150817766785622 15.64525619149208 40.13859233260155 48.35940512269735 6.402904227375984 0.08627091348171234 24.87660400569439 37.44089134037495 37.60817470401525 70.53374947607517 46.84668195992708 977.0745175108314 2161.711799293756 389.3147192373872 2105.096121765673 2.796472504734993 0.3322020322084427 1.939287237823009 1.849438585340977 9.849354147911072 0 0.269884005188942 0.1870057880878448 1.598427496850491 0.0890386626124382 22.87978893518448 20.47987309843302 1.957024343311787 23.00024943053722 2.192836374044418 0 4.543401129543781 28.44757337868214 0 0.4605642855167389 1.35975943505764 0.4658234119415283 0 0.6757354140281677 1.182559490203857 0.2649384140968323 0.3859133273363113 0.7948992550373077 0 3.942192330956459 5.674458809196949 3.684710785746574 4.209972180426121 0 0.2043753638863564 0 0 0 0 0 0 0 0.6352901011705399 0.6908721178770065 0 0 0.2947818636894226 0.2300352901220322 1.101890400052071 0 0.6295415610074997 0 1.776944570243359 1.058376237750053 0 0.4400241374969482 0 5.98348331451416 0 1.311686247587204 1.333946108818054 0.4640227928757668 1.297288745641708 0.3271003663539886 0 0.4321575164794922 0 0 0 0.3496928811073303 0.8869498372077942 0 0.2758564352989197 0.3958446979522705 0.6265578046441078 2.956564024090767 0 0 0.217274010181427 0 0.8462685942649841 0 0.2883434221148491 0.399957686662674 5.55504035204649 0.2668182328343391 0.3386406898498535 0.2979362308979034 0 0 0 0 0 0.6155375838279724 10.35476607829332 2.183768689632416 0.6572960019111633 0 0.9553796350955963 6.437958359718323 2.066482082009315 5.774750508368015 0.2416066601872444 0.1261834651231766 0.3966936990618706 0.680276095867157 0.1409374177455902 0 0 0 0 0 0.3131413459777832 0 0 1.680936500430107 3.39005608856678 5.164229989051819 103.5983255282044 10.85856267809868 100.237624540925 31.76136247068644 53.60912473499775 14.89036118984222 2.184770807623863 36.58970853686333 6.99557888507843 0 6.726732715964317 0 11.0833166539669 0 0 1.420558512210846 1.808658182621002 1.436075091362
323.749685369432 1987.119719073176 1876.932788819075 59.93304336071014 4493.609169527888 24.03312026709318 4612.693303011358 927.0316157490015 0 58.85700781643391 4500.386332854629 26.19788612425327 1000.829016648233 1212.718530453742 21.45833403617144 9.452900804579258 0.0940055325627327 0.5006012246012688 0 0.1183076649904251 0 1.9179752394557 0 0.185102105140686 1.761264301836491 0.7214322835206985 0.5194637030363083 1.097921498119831 5.52682838588953 0.8267296329140663 462.3555454686284 135.6746598854661 124.8230050802231 0.4760016947984695 0 3.259724900126457 107.9870052486658 6.533435791730881 4.024033024907112 0.9785334914922714 0 0.9813697561621666 0 1.764387160539627 0.3122534826397896 0.3017163351178169 91.33337323367596 2.955123543739319 1.757542446255684 0.1367215216159821 0.4028765484690666 0.1642109900712967 1.886047542095184 0.373648077249527 1.845345266163349 5.892582047730684 15.10477308183908 70.02309927344322 5.672461330890656 36.37335938215256 1.788752131164074 1.063877120614052 0.399424135684967 92.32730107754469 2.82554791867733 1.769117411226034 1.202082581818104 0.6903251260519028 0.5636817812919617 0 83.70326010137796 3.943091690540314 0.1826160103082657 45.61805525422096 76.60994392633438 109.6288194209337 134.1829643473029 14.73511727154255 14.04336691647768 202.0386124029756 15.94648745656013 26.95770461857319 8.321528360247612 0.2287493050098419 2.817067883908749 3.848980404436588 0.9750314503908157 0.0727623924612999 1.574920881539583 0.1026573851704597 2.481168061494827 0.9318943545222282 0.5137186199426651 3.992130555212498 1.035418406128883 136.4231935739517 1.409795351326466 0 1.50286990404129 14.2254827991128 0.3596826940774918 1.556232929229736 0.8155061006546021 0.4079681932926178 0.6996084451675415 7.481105536222458 2.382691577076912 0.7032153904438019 9.318098068237305 3.979522615671158 0.8045769333839417 19.50088846683502 19.3671891912818 22.54711853712797 12.18818083405495 0.39350825548172 0.8908414840698242 0 0.3068379759788513 0 0 0 0 0 0 0 0 0 0.1978881657123566 0.2304018437862396 0.4018498361110687 0 0 0.487405002117157 4.456312946975231 1.036235764622688 0 0.4975530207157135 0 11.53977061808109 0.138200044631958 0.9030460566282272 1.351723790168762 0.3097093775868416 0 0.2218930572271347 0 0 0 0 0 0.2392657101154327 1.088785380125046 0 0 0 0.6677631586790085 0 0 0.4921136051416397 0.1005535870790482 0.1112014427781105 1.683300025761127 0 0.4944067299365997 0 8.245030872523785 0 0.3890689462423325 0.4008515700697899 0 0 0 0 0 0 26.68140529841185 0.1920324116945267 0 0 0.1215970367193222 18.32826705276966 4.698429815471172 8.579520046710968 0.817007340490818 0.309086836874485 1.630338162183762 0.3727442622184753 0.6423626095056534 0 0 0 0 0 0.1063731387257576 0 0 11.85220183432102 4.878957346081734 7.886207543313503 324.496691852808 46.7317778840661 303.6376373320818 138.0394432619214 152.433581776917 60.88108542561531 6.912467196583748 130.9586937725544 18.0908614769578 0.299187034368515 7.501688584685326 0.1811394095420837 28.88166753947735 1.27279694378376 0 3.318121746182442 5.051583878695965 0.5162749886512756
3109.435961984098 326.9040240719914 23.17100331187248 1988.114877969027 157.7812650799751 1158.27444563061 1273.33127424866 8.443992614746094 58.85700781643391 0 18.66743468493223 1738.382162235677 4514.852624751627 142.6932189688087 5.838332392275333 4.289867259562016 0.2209368273615837 0 0 0 0 0.3536056131124496 0 0.0927145853638649 0 0.3365025222301483 0.08096552640199661 0.2764060795307159 0.4599156752228737 0.1023253872990608 337.854597106576 13.48404646664858 13.35208640247583 0 0 0 40.79719439893961 0 0.6284957826137543 0.2536026835441589 0 0 0 0.7259005755186081 0.2031286433339119 0.3306819424033165 37.67250076681376 4.424835346639156 0.1310479044914246 0 0.5870316922664642 0 0 0.3325866907835007 3.17639522254467 8.616958931088448 72.23496116697788 220.149815313518 16.65591926127672 26.97347690910101 0.6940740793943405 0.3151112496852875 0 99.28215134888887 5.93637028336525 2.005389980971813 0.8573558479547501 0.2159348875284195 0.1293078809976578 0 213.589160695672 5.707662858068943 0 92.09035669267178 52.13420017063618 48.30788838118315 41.57501719892025 8.531520038843155 2.046203561127186 7.384454876184464 3.610730707645416 6.099363304674625 9.811261355876923 0.7399361357092857 2.387954242527485 3.026495464146137 0.4156521931290627 0 1.053124740719795 0 1.264792211353779 0 0.5649531781673431 1.191014774143696 0.7202548161149025 1690.634291425347 28.67296847701073 0 1.210046291351318 399.9719945788383 4.038392335176468 5.827200263738632 7.340505391359329 7.737408369779587 2.363005310297012 41.09314252436161 14.88312351703644 12.29120434820652 45.43836940824986 24.53653606772423 0.1844354122877121 103.73138217628 92.41339857876301 106.1190186589956 29.47827862203121 0.5234804451465607 0.5466517806053162 0 0 0 0 0.2467585057020187 0 0 0 0 0.1616552621126175 0 0 0 0 0.7237001061439514 0 0.1066945940256119 9.516298621892929 3.673364788293839 0 0 0 18.07643599063158 0 2.606172412633896 0.6322385370731354 0.1904628723859787 0 0 0 0 0 0 0 0.5359358787536621 3.738177999854088 0.8907738626003265 0 0 0.1328925639390945 0 1.235727220773697 0 0 0 6.060462087392807 0.7151579856872559 0 0 10.5245743393898 1.318431824445724 0.2310573905706406 0.5744813084602356 0.1083676442503929 0 0.3126870393753052 0 0 0 70.03399838507175 0 0 0 0 38.56275051832199 17.74893952906132 23.71722131967545 1.406309343874454 2.643789723515511 3.655154384672642 0.5829725861549377 0.9551106989383698 0.1763506084680557 0 0.09992440044879913 0 0 0.1626764535903931 0 0 39.24460165202618 7.457689560949802 11.56829474121332 256.0491590425372 32.16285288333893 232.645373865962 77.87179772555828 974.0079605057836 58.65165759623051 5.799569010734558 67.69227483868599 30.42362724244595 0.3769574463367462 12.73797198385 1.148936569690704 106.9172994196415 3.060300946235657 0 6.065034762024879 4.276542000472546 0
777.568381935358 1712.203527353704 2540.049502246082 16.10049145668745 876.6890687644482 56.02863595634699 316.4985784739256 1111.328669920564 4500.386332854629 18.66743468493223 0 79.16530172526836 1278.330510854721 2574.839193575084 6.844071045517921 4.09541604667902 0.6174348294734955 0.1229229494929314 0 0.18730428814888 0 9.393759578466415 0 0.1537683457136154 0.8778798505663872 22.46774260699749 0.7023435831069946 2.664924591779709 18.46799351274967 3.943132549524307 1199.178060278296 234.7427779510617 462.9407637864351 1.155306607484818 0.2387634143233299 16.98749595880508 209.9209887310863 20.97080205380917 14.693778462708 7.765406757593155 2.309053018689156 0.7048528715968132 0 1.066776312887669 0.3902499973773956 0.6170429587364197 18.16234111040831 2.014496169984341 0.3152203112840652 0 0.3621785193681717 4.832210719585419 1.767528206110001 0.9563721939921379 1.141212396323681 3.427598647773266 17.99379500746727 106.8214070871472 3.394249074161053 12.3581665828824 0.7962776124477386 21.50970923900604 0.4048760384321213 68.14631579071283 1.591865673661232 1.372216440737247 0.6180913150310516 1.061822637915611 0.2280472815036774 2.694583728909492 112.7801455631852 3.554959312081337 0.1115562170743942 26.87504265457392 24.93540378659964 26.48810946941376 27.59701646119356 8.478548713028431 47.83873016387224 1412.865171223879 22.04075020551682 67.60077994316816 3.528334677219391 0.1698412820696831 0.6946514844894409 2.470600206404924 0.8457941934466362 0 0.2243996933102608 0.07289454340934753 0.1396016031503677 0 1.824737876653671 2.452958531677723 0.4695672988891602 85.64024487882853 1.446480706334114 0 2.289306588470936 43.79924328625202 0.8739113882184029 2.977517306804657 1.624213218688965 0.7872447371482849 0 2.764548420906067 0.6868576854467392 0.9383008629083633 6.302945256233215 1.724935784935951 0 10.47816613316536 10.609494574368 15.74117162823677 6.176053531467915 0.3794028162956238 0.4417619854211807 0 0 0 0 0 0 0.540022075176239 0 0.1011021211743355 0 0 0 0.5125599652528763 0.1467399597167969 0 0 0.3751165270805359 2.229223020374775 1.210811972618103 0 0 0 9.262188225984573 0 1.628160983324051 0.7802065759897232 0.9843600615859032 0.2442056089639664 0 0 0.2799020707607269 0.2113020569086075 0 0 0 1.908709526062012 0 0 0 0.3045264035463333 0 0 0 0 0 0.685547411441803 0 0 0.5219093561172485 9.595464192330837 0 0 0.1956658810377121 0 0 0 0 0 0 21.42229134589434 1.375984385609627 0 0 0 15.10639678686857 6.832980513572693 9.482693910598755 0.4019016921520233 0.643325537443161 1.110507920384407 0.258271336555481 1.16181356459856 0 0.07853861898183823 0 0 0 0.08766563236713409 0 0 11.47400607168674 5.178189523518085 9.506971597671509 77.31813703104854 10.82522634416819 83.10373087972403 28.59856684505939 112.8544226661325 18.62414662539959 1.85883255302906 32.35786167532206 5.471522033214569 0 5.434173136949539 0.6353622078895569 13.18715649843216 0.2584681957960129 0 2.452734023332596 1.862759135663509 0.4564616680145264
217.3640594184399 26.7303718701005 45.84925279766321 42.2318497300148 6.794707052409649 165.5268364995718 14.88006004691124 41.75979889929295 26.19788612425327 1738.382162235677 79.16530172526836 0 3274.932789936662 123.2928401827812 5.773842550814152 4.667786955833435 0.08445052057504654 0 0 0.1144402921199799 0 0.8574899435043335 0 0 0 0.1027472466230392 0 1.812056064605713 0.3571551740169525 0 20.37775690108538 11.09061428904533 31.91547791659832 0 0 2.076876878738403 290.5933860018849 3.093201667070389 0.2403422892093658 0.4429421424865723 0 0.5788484215736389 0 0.2842526137828827 0 0 15.01142275333405 0.3753941878676414 0.1391830295324326 0 0.2887615710496902 0 0 0 0 0.1427434459328651 2.425913006067276 6.767884694039822 0.7786157727241516 3.447046704590321 3.028690323233604 2.659868657588959 0 15.58558982610703 0.2087877616286278 0.07947827875614166 0.08383341133594513 0 0.6340073943138123 0.1869159936904907 189.3212212473154 9.089237779378891 0.2478280514478683 5.885788112878799 13.71765341609716 16.79311167448759 24.70800907164812 10.57834714651108 6.839496441185474 28.15691505372524 9.866451419889927 13.60587456822395 0.6525980532169342 0 0.331354908645153 0.4118480943143368 0.3543404191732407 0 0.1132470741868019 0.1812578439712524 0.2711268663406372 0 0 0.1418971121311188 0.1131899952888489 1818.745311111212 20.49737146496773 0.5569384694099426 2.664686419069767 28.4609132707119 5.872816793620586 4.40191525220871 6.516654208302498 5.813575088977814 2.67668229341507 47.3827591240406 25.68988451361656 7.646233469247818 39.86516582965851 21.68211975693703 2.694345057010651 105.4636727496982 105.7472292333841 135.0916913077235 46.09991654753685 0.570625975728035 2.369694948196411 0 0.2166218459606171 0 0 0 0 0 0 0 0 0 0 0 0 0 0 0 23.84169074892998 4.479541510343552 0 0 0 33.61308339238167 0 4.287041820585728 0.8512408137321472 0 0 0 0 0.5241951197385788 0 0 0 1.48115111887455 4.920869298279285 0.2051041573286057 0 0 0 0 0.1204662546515465 1.183427520096302 0.271285206079483 0.7391924262046814 9.616406157612801 0 0 1.065478622913361 26.71873231232166 0.4110208600759506 1.916495941579342 0.7442309707403183 0.1128710061311722 0 0.09554235637187958 0 0 0 123.8714173808694 0 0 0 0 80.21406837552786 19.77085585147142 35.89810765534639 3.812467582523823 1.655330985784531 4.622717253863811 1.724345237016678 1.56197726726532 0.1067766025662422 0 0 0 0 0 0 0 73.10198689997196 16.05018588155508 32.79121986031532 106.3572650551796 6.112733043730259 50.00030496716499 25.3996377363801 97.01783362776041 11.75935403257608 1.285528898239136 42.90984678268433 36.02130826562643 0 25.75932581722736 0.7646771818399429 100.6517727524042 4.857451446354389 0 13.89937606453896 2.63480319827795 0.196605771780014
384.8977450653911 420.8510905355215 626.5815843120217 1079.489701382816 298.2766239494085 161.6175938993692 1234.509322196245 741.0362519323826 1000.829016648233 4514.852624751627 1278.330510854721 3274.932789936662 0 3232.011989057064 52.68177291750908 39.40063125640154 1.699106305837631 0.8269679099321365 0.4473115503787994 0.1859642267227173 0.3695999681949615 2.166471004486084 0.3040170297026634 0.3132742494344711 1.048978127539158 2.264665454626083 0.2166997641324997 1.375056996941566 5.724186837673187 0.6988909840583801 203.9867303147912 89.98751121014357 485.7591149806976 0.1124087125062943 0 14.21937620639801 614.5694627389312 21.74507302045822 35.33936263620853 5.920328207314014 1.241108104586601 1.70014363527298 0.1555823981761932 6.694495029747486 0.9953061118721962 1.196285463869572 116.2180757895112 3.564403921365738 1.00982528179884 0.2467728406190872 1.108883149921894 0.3859964162111282 2.304836630821228 1.939578607678413 1.098102524876595 5.31378722935915 13.61124420911074 46.31797216832638 5.721313633024693 51.30440395325422 7.85916355997324 12.75477887690067 0.6199485510587692 122.5723932981491 3.363667689263821 1.366550009697676 2.556059457361698 0.2430291175842285 2.986651569604874 2.243794202804565 230.7910823598504 13.37395966053009 0.2451291754841805 41.09319414198399 85.57961312681437 135.5477220863104 248.0298421904445 80.2408329769969 28.8178605735302 280.3019709587097 52.10479933768511 87.5977201834321 6.533806294202805 0.7351051643490791 2.447985276579857 3.309402551501989 2.689576998353004 0 0.53816968947649 0.2608425691723824 2.413284085690975 0.7035712897777557 0.6535585448145866 2.871347770094872 2.054789133369923 2877.871648922563 20.06401690095663 0 10.03424056619406 44.03286778926849 9.752568125724792 6.18029773235321 9.554288066923618 3.365194395184517 1.959209054708481 51.27403140068054 35.98888598382473 17.28545016050339 64.34836715459824 39.73629188537598 3.947300523519516 166.9527898952365 149.9898201972246 186.2099890634418 87.59486096352339 2.042734205722809 2.229401014745235 0 0.1713229268789291 0 0 0 0 0 0 0 0.1176928132772446 0 0 0.1034061461687088 0 0.1164600402116776 0 0 29.41652112454176 10.12355274707079 0 0 0.3767645061016083 68.71195377409458 1.923839777708054 9.335759647190571 5.183475881814957 1.959359526634216 0.2750294506549835 0.6786572188138962 0 0 0.9077370464801788 0 0.2323979586362839 2.057029873132706 11.00426056236029 1.451588064432144 0 0 0 0 0 1.538202345371246 0 0.4718833118677139 11.80476912111044 0 1.075558632612228 1.302307665348053 58.33682307600975 1.641881674528122 2.095831602811813 1.081826768815517 0 0.4984952881932259 0 0 0.1307328343391418 0.2328610420227051 279.4280154705048 3.570358514785767 0 0.136678159236908 0 126.4566246718168 60.87614546716213 72.00488213449717 7.075732097029686 5.164709165692329 5.987499944865704 2.277479775249958 4.41888340562582 0.1372309476137161 0 0 0 0 0.2493969202041626 0 0.3449868559837341 114.6820715293288 36.47267723828554 63.95070987939835 458.1275931149721 76.71389501541853 280.9185661971569 160.0119837895036 230.1971060410142 61.6233696937561 15.21907472610474 214.0888936966658 34.11315133422613 0.9829282909631729 38.61251732707024 3.732516661286354 133.8618548214436 3.929828256368637 0.2720386981964111 18.58938420563936 11.63011863082647 0.8104978054761887
