0 4927.48308891803 338.3881901502609 2249.737904138863 1491.864760130644 129.4975649267435 1766.33811237663 35.64432516694069 172.7845849916339 1722.443132862449 463.1142491325736 70.81816896051168 329.915985904634 73.89360705763102 17.65608183294535 4.294316336512566 0.3869960084557533 0.2941888868808746 0 0.5507062301039696 0.2955719381570816 0 0.2685913592576981 0.1485739499330521 0 0.4373688474297523 0.2750973254442215 0.2232728004455566 0.5660071894526482 0.2060456946492195 817.5504444614053 18.45620448887348 2.510606989264488 0 0 0 1.586458422243595 0 1.204664796590805 0.2033041268587112 0.2763300091028214 0.1306079030036926 1.29067274928093 0.7927932292222977 0.3296101242303848 0.4745292514562607 42.55513751506805 9.358619958162308 0.07501921057701111 1.604885593056679 0.2167058512568474 0 0 0.2518621683120728 12.71815203130245 9.001311160624027 218.2537432685494 2095.815625078976 20.97114449739456 34.40126693993807 1.079622857272625 0.8594187945127487 0 123.9457797706127 4.153482012450695 4.168537251651287 1.043852299451828 2.287989847362041 1.427317313849926 2.301037594676018 26.74337106198072 24.89922276139259 0 348.4961544573307 151.6533690690994 162.6134711578488 46.99272706359625 2.466131113469601 2.926638469099998 16.75397892296314 1.633139356970787 6.348755553364754 21.90246937423944 1.024680875241756 6.078785739839077 4.487994536757469 4.604145288467407 0 0.729888416826725 0.9687157273292542 0.6822624728083611 0.9516687989234924 0 0.2074631899595261 0.4092430248856544 283.5999189093709 28.8992026373744 3.977175176143646 3.637767463922501 1744.59746735543 0.1675360947847366 0 0 0 0.338752418756485 10.97000499069691 0.9559060335159302 2.296027421951294 13.53228218853474 2.099322810769081 0.3438987880945206 4.48063550889492 3.054000854492188 2.426462084054947 0.2639071643352509 0.9944684058427811 0 0 0 0 0 0 0 0 0 0 0 0 0 0 0 0 0 0 0.2594043910503387 0 0 0 0.2150040864944458 0.9111925959587097 0 3.784361906349659 0.3501702547073364 0.3382394686341286 0 0 0 0 0 0 0 1.034743927419186 2.058654561638832 0 0 0 0 0 0.08686969429254532 0 0 0.5690647959709167 0.4465644210577011 0 0 0 2.09309746325016 0.7555681765079498 0.179851695895195 0 0 0 0 0 0 0 5.730270572006702 0.2720620632171631 0 0 0 1.215964198112488 0.4211250841617584 0.1832799911499023 1.058459118008614 0.593786709010601 0.432739369571209 0 1.554515808820724 0 0 0 0 0 0 0 0 1.529335007071495 0.6023462265729904 2.661756679415703 98.37904243171215 19.61875054240227 151.6808650940657 36.84555768966675 1235.706662863493 15.7392420321703 3.954479224979877 10.84608642756939 1.173813566565514 0 2.489897288382053 0 2.891407787799835 0 0 0.9665634483098984 0.5295758843421936 0
4927.48308891803 0 919.2309314906597 1132.671007215977 6728.31195242703 394.4026579111814 3567.73651073128 101.5455724820495 1225.431869752705 870.0240447893739 1136.780684962869 24.02006994187832 728.7758920565248 229.7527757808566 81.95655269920826 15.61726009845734 2.829216837882996 1.366414166986942 0.6646860688924789 0.5201636850833893 1.454099357128143 0 1.141005396842957 0 0.2884599715471268 2.636367000639439 0.3875193074345589 1.141391284763813 2.169253811240196 0.109717920422554 3061.038627065718 78.36132971197367 3.183935336768627 0.8668896928429604 0 0.1055468842387199 2.585460066795349 0.4355845972895622 1.419324696063995 1.000968292355537 0.5838335603475571 1.3018908649683 3.321553707122803 1.591027937829494 0.4422568827867508 1.116001471877098 169.2853215634823 18.80629508197308 1.815143145620823 5.418433479964733 0.8741126880049706 0 0.09935164451599121 1.309912636876106 16.37428897619247 13.06341545283794 29.43784004449844 1344.124931126833 13.6643231511116 78.18291293829679 1.901971563696861 3.180449619889259 0 522.3706012070179 9.059025198221207 13.25339574366808 1.692418418824673 3.756331078708172 3.631722010672092 3.229270815849304 58.98492957651615 3.322593659162521 0 346.3558226972818 246.3796383067966 527.394680082798 261.1295903027058 6.189728908240795 3.894407123327255 23.24572389572859 2.810670524835587 13.06314150989056 37.17557008564472 1.422895841300488 9.892004802823067 5.232029408216476 11.40451631695032 0.102635346353054 1.083814911544323 0 0.6734698340296745 0.4346604719758034 0.4550525844097137 0.6681281924247742 1.369205981492996 213.5873483344913 8.788160003721714 0.7265776395797729 1.44254445284605 833.1965708360076 0.6826567202806473 0.6784081757068634 1.079136669635773 0 3.866695821285248 55.40115544945002 0.8360094428062439 21.82660543173552 16.20715264976025 20.537972047925 3.540155023336411 53.06029570102692 30.70555119216442 26.68756015598774 15.50181765854359 8.261969096958637 1.756067097187042 0 0.1651305854320526 0 0 0.2147486656904221 0 0 0 0 0 0 0 0 0 0 0 0 8.504671491682529 4.010040983557701 0 0 0 13.39484795928001 0.7939680218696594 14.82268992811441 1.120588593184948 1.052362851798534 0 0 0 2.01607920974493 4.384778216481209 0 0 1.403956174850464 9.885888203978539 0 0 0 0 0.8304811865091324 0 0.3641273081302643 0 0.562295563519001 4.585943415760994 0 0 0.1765508949756622 14.61946088075638 5.572073996067047 0.5996060147881508 0 0 0 0 0 0 0 77.1827729344368 1.179169088602066 0 0 0 6.063368730247021 0.8350546658039093 1.893358021974564 5.959303647279739 6.784354291856289 15.69865345954895 3.848323993384838 11.58588695526123 0 0 0 0 0 0 0 0 10.45869938284159 11.73995642364025 21.03405237197876 540.4856422394514 48.79328995943069 424.1880695298314 93.4891140460968 538.3301752284169 43.25193141400814 5.776949398219585 67.40638814121485 16.31571990251541 1.042656436562538 20.73625716567039 2.93014058470726 12.80027029663324 1.880240976810455 0.5649922490119934 3.778150476515293 2.835397332906723 1.313206925988197
338.3881901502609 919.2309314906597 0 4.390515014529228 1158.938526809216 3.694901347160339 45.79812252521515 1521.835983127356 496.3800339922309 5.466550074517727 3102.212617456913 6.888627834618092 35.84250580519438 356.1018958687782 42.79199364036322 19.83608068525791 5.126127399504185 4.933441251516342 0.2262357622385025 11.79762290418148 9.294034443795681 0 5.049850605428219 1.01186515390873 0 0.488622322678566 0.3133512139320374 0.9957584291696548 0.8557640910148621 0.5591676980257034 5158.87298502773 1329.655451975763 10.38103229552507 3.798302568495274 0.3961794972419739 0.3486442416906357 2.393373653292656 0 0.5242607295513153 0.3703044876456261 6.415656767785549 1.469479858875275 23.2221270725131 2.463988736271858 2.049200415611267 6.257433518767357 72.06133844703436 8.011164791882038 6.652024298906326 24.08168642222881 0.5807538852095604 0 0.09118605405092239 0.9054134488105774 5.245483346283436 4.24737960100174 12.72192470729351 929.7271806523204 6.792947426438332 23.60002713650465 11.14751026779413 2.154579244554043 0.3104775249958038 367.4946553260088 3.484452478587627 4.849094040691853 0.4080688953399658 6.401577353477478 18.95307923853397 32.14967117458582 11.53401895612478 1.644406288862228 0 102.343843318522 69.02638138085604 169.8688996732235 161.3242389187217 18.15068408101797 120.6283328682184 707.5447675213218 39.20516604930162 226.168488226831 9.677089832723141 0.215179480612278 3.983910404145718 1.841726452112198 16.12704184651375 0 0.1859069764614105 0.09534646570682526 0 0.1169083565473557 0.902944304049015 0.2274737432599068 0.2349574938416481 22.96545179188251 3.30810359865427 0 0.517229750752449 325.526617154479 0 0 0 0 0 3.940868198871613 0 2.525919586420059 1.072563201189041 0.3966888934373856 0.3284263908863068 3.747261390089989 3.069404363632202 2.698151826858521 0.9824206233024597 1.086606547236443 0.3664354979991913 0 0.2235148102045059 0 0 0.2215387970209122 0 0 0.1828420460224152 0.3668719977140427 0 0 0 0 0 0 0 0 1.318701572716236 0.859662652015686 0 0 0 3.510781057178974 0 2.90984433889389 0.5855656415224075 0.1479465365409851 0 0 0 0.2423014789819717 0 0 0 0 1.045376658439636 0.1321543902158737 0 0.1154967471957207 0 0 0 0 0 0.4502130150794983 0.8624613881111145 0 0 0.1365770846605301 1.326405897736549 0.2334997653961182 0 0 0 0 0 0 0 0 6.752949424088001 0.3634306490421295 0 0 0 0.166764572262764 0 0.9227831810712814 0.5244419872760773 1.063763253390789 0.2530345916748047 0.3284412622451782 0.9272242784500122 0 0 0.136338472366333 0 0 0 0 0 2.958710864186287 1.703970819711685 4.046189710497856 172.2669105902314 24.3640630543232 151.8859667107463 37.18864504247904 55.0331559330225 14.4052280113101 1.633322350680828 23.46264736354351 3.114634625613689 0.6790656074881554 1.892771661281586 0 4.358405098319054 0.6533435583114624 0 0.1080458536744118 2.605967856943607 1.605680778622627
2249.737904138863 1132.671007215977 4.390515014529228 0 100.8029679358006 443.1726185977459 1719.225282080472 1.654373176395893 51.60242826491594 2930.737560689449 7.448284976184368 195.1165734753013 1290.061849102378 74.67601735889912 6.660554490983486 0.522933766245842 0.4525977671146393 0.2288788631558418 0.1124877035617828 0.1116416826844215 0 0 0 0 0 0.1848075538873672 0 0 0.1315927654504776 0.1105927675962448 33.58683148026466 4.268301703035831 0.385236032307148 0 0 0 0 0 0 0 0 0.1077245697379112 0.09616126120090485 0.3721901103854179 0.1211018562316895 0 16.80779714137316 2.542956367135048 0.5675354823470116 0.3754986003041267 0 0 0 0 2.704694285988808 1.727350056171417 7.219008512794971 254.1552512645721 2.536944456398487 12.98236268013716 0.5265406966209412 0.3471787422895432 0 50.07539077103138 1.186552926898003 1.443734548985958 0.1978043094277382 0.4031910449266434 0 0.3811264112591743 4.47413943707943 1.033476829528809 0 58.25844525545835 42.49343910068274 55.78514080494642 17.5336934030056 0.1421686261892319 0 0.7009040415287018 0.1179021075367928 0.5323519557714462 5.106840990483761 0.08889374881982803 1.682620212435722 0.3819000422954559 1.904227510094643 0.204748198390007 0.3931640759110451 0 0 0.0898972675204277 0 0 0 94.83607588708401 3.972032278776169 0 0.2371095567941666 159.1103523373604 0 0 0 0 0.375207856297493 5.779218435287476 0 0.3298463821411133 51.23393873870373 1.032839626073837 0.1887714862823486 4.326304540038109 3.907913565635681 0.7710530608892441 0.5965064465999603 0.1569362878799438 0 0 0 0 0 0 0 0 0 0 0 0 0 0 0 0 0 0 0.2024257332086563 0 0 0 0 2.320653468370438 0 0.2215656936168671 0.444847971200943 0 0 0 0 0 0 0 0 0 0.4191040098667145 0 0 0 0 0 0 0 0 0 0 0 0 0.2337737083435059 1.226367324590683 0.1534229665994644 0 0 0 0 0 0 0 0 6.622886911034584 0 0 0 0 1.083612710237503 0.2059857100248337 0 0.2033113390207291 0.5255661308765411 0 0.3616935908794403 1.383339837193489 0 0 0 0 0 0 0 0 0.2999024987220764 0.6470287442207336 1.109106153249741 40.21368829160929 6.782584242522717 42.95055951923132 7.899477876722813 302.725513368845 2.696309030056 1.023058228194714 4.013662166893482 1.691269904375076 0.1733185797929764 2.385745942592621 0 2.09509739279747 0.2600057423114777 0 0 0 0
1491.864760130644 6728.31195242703 1158.938526809216 100.8029679358006 0 112.9244933649898 1805.205828763545 589.5635950267315 7705.109940767288 225.1406102702022 2552.917408950627 18.29101660847664 158.7267725542188 270.0230944752693 86.06734920293093 21.45381726324558 2.031727820634842 1.108057767152786 0.1094374358654022 0.7194986790418625 1.435834735631943 0 1.016340382397175 0 0.5623795241117477 1.617444813251495 0.7318534031510353 1.399429328739643 2.269256919622421 0.3343407437205315 1167.41514454782 70.42213664203882 6.820724561810493 0.7377493903040886 0.6390229463577271 0.3454183265566826 4.281329430639744 0.3567636907100677 1.588683016598225 2.253149636089802 0.7128631994128227 1.370464354753494 1.798722453415394 1.5766242146492 0.694086492061615 0.6896048188209534 163.8149861618876 14.36025361716747 1.47711531072855 2.697769932448864 0.5542886033654213 0.1850864589214325 0.2361634522676468 0.5724033713340759 10.79360326379538 10.31737919896841 7.769151993095875 462.4976201653481 11.98475564271212 47.61579422652721 1.080587796866894 1.353297412395477 0 299.887707836926 6.3696333989501 8.390896931290627 1.459776863455772 4.8087108284235 2.059988118708134 3.533157557249069 62.88955491781235 3.95931676030159 0 137.3711480647326 101.2720603346825 368.9986766204238 249.8749219253659 8.767350323498249 4.236959896981716 20.24351297318935 1.382560133934021 11.80646015703678 19.88833111524582 0.6133499145507812 5.093923449516296 4.599979877471924 7.678078189492226 0 0.9558436349034309 0 0 0.793945387005806 0.2908225506544113 0.09540785104036331 0.7245706394314766 393.9154692590237 9.063879556953907 0.7323656678199768 2.176104322075844 147.8618766367435 0.7169834822416306 1.184255480766296 3.263184025883675 0.3245343863964081 8.732034713029861 76.1070621535182 1.725656390190125 33.050223082304 14.29140971601009 31.77633541822433 7.357365682721138 102.8406161367893 70.95928063243628 39.23581419885159 20.92531283944845 8.72392837703228 3.192957982420921 0.1754339188337326 1.409612260758877 0 0 0 0 0 0 0 0 0.08920449763536453 0 0 0 0.7891809940338135 0 0 16.1990137398243 11.91272616386414 0.5527947545051575 0 0 31.91003353148699 1.153558969497681 15.75697589665651 1.91823985427618 1.13162100315094 0 0.2143128514289856 0 5.105765216052532 4.988437488675117 0.2835586667060852 0 2.999140754342079 13.57159996777773 0.2178047969937325 0 0 0.2215709537267685 0.1248112916946411 0.354709804058075 1.161979109048843 0 2.465580523014069 7.252594962716103 0 0.95420902967453 0.7932842820882797 22.27051796764135 9.474370345473289 0.647973507642746 0.8299869894981384 0 0 0.143744945526123 0 0 0 129.3726566955447 1.357212297618389 0 0 0 15.34725530445576 4.061863347887993 8.190450221300125 11.65247797966003 11.59680033475161 16.59626372158527 4.619528330862522 18.35120039433241 0 0 0 0 0 0 0 0 32.86742425709963 19.52697063982487 38.08886973559856 444.8530908077955 56.06007225066423 308.2167599275708 75.23501831293106 199.8504317477345 35.21651507169008 5.532055608928204 65.84410732984543 21.49413818120956 1.466585755348206 31.27319645136595 3.442255340516567 35.31507107615471 2.193443045020103 0 7.697324484586716 2.904862076044083 0.6621275246143341
129.4975649267435 394.4026579111814 3.694901347160339 443.1726185977459 112.9244933649898 0 347.1429198905826 0.5698934197425842 55.53373640030622 1012.655623361468 41.13485787808895 264.9359274208546 233.4822028726339 96.99359156191349 1.669777885079384 3.636657617986202 0.1526678651571274 0 0 0 0 0 0 0 0 0.1556799858808517 0 0 0 0 8.835140652954578 1.265016004443169 16.5650867074728 0 0.1647464632987976 0 7.048630073666573 0.2365944385528564 3.827593490481377 0 0 0 0.1026586219668388 0 0 0.5044235438108444 6.206112533807755 0.3702946826815605 0 0 0 2.335190340876579 0 0 0.8853588402271271 1.29291770607233 26.28019274771214 116.0847775489092 1.989438638091087 2.176247656345367 0.3354257345199585 3.277689918875694 0 3.019770383834839 0.2064394354820251 0.1147834956645966 0.4076966047286987 0 0 0.2162587195634842 221.554733350873 293.4339670240879 4.155477404594421 16.82274988293648 6.230855621397495 10.84792306274176 3.070305109024048 0.8123646229505539 0.130424901843071 14.6175561696291 0.1731533855199814 8.798760578036308 1.743554100394249 0.5654254108667374 0.369824692606926 0 0.4353738203644753 2.417129367589951 2.276486828923225 9.135771602392197 0.3647366464138031 10.52272580564022 0 0.9024598896503448 0.9381067156791687 840.8412085771561 226.7186302989721 28.1095372736454 13.3797565549612 302.0147022306919 0 0 0 0 0 0.2298555225133896 0 0.2273218482732773 0.7626610100269318 0.182913526892662 0 0.2453169822692871 0 0.1311970055103302 0.1951296776533127 0.1570955067873001 0 0 0 0 0 0 0 0 0 0 0 0 0 0 0 0 0 0 0 0 0 0 0 0 0 0.2936597913503647 0.5061843991279602 0.1702616810798645 0 0 0 0 0.1671143025159836 0 0 0 0.3230426609516144 0 0 0 0.2213211804628372 0 0.3427299559116364 0 0 0.3261511325836182 0 0 0 0.1709390878677368 0 0.2120469957590103 0 0 0 0 0 0 0 0 1.301021382212639 0 0 0 0 0 0 0 0.1762747317552567 0 0 0 0 0 0 0 0 0 0 0 0 0.417877659201622 0.2663666009902954 0.7733230292797089 9.917234852910042 2.245512716472149 12.22752096503973 2.162008635699749 196.8581206947565 2.737077116966248 1.704772844910622 1.313435047864914 0.6255349516868591 0 0.4559544622898102 0 1.034689024090767 0 0 0 0 0
1766.33811237663 3567.73651073128 45.79812252521515 1719.225282080472 1805.205828763545 347.1429198905826 0 48.01265194267035 7342.280628167093 2979.70628015697 314.3767114877701 116.2834143340588 6276.803057089448 1068.988775506616 63.40107960999012 29.81197584420443 3.131644032895565 1.407139003276825 0 1.164758093655109 0.9298925697803497 0 0.8745279014110565 0.5265917181968689 0.2161889746785164 1.043572254478931 0.3362343460321426 0.6116238832473755 1.312593296170235 0.4513001143932343 91.56325063109398 42.95246471464634 7.632311768829823 0.525948278605938 0.1348849534988403 0.1086562946438789 2.629932269454002 0.3394890427589417 2.482113882899284 1.020666353404522 1.267426781356335 0.6697783693671227 2.262087218463421 2.373777538537979 0.6864467933773994 0.49921865016222 128.9898586571217 9.272629782557487 0.9827331975102425 3.70238546282053 0.3939232006669044 0.2295878827571869 0 0.8613700643181801 5.320844739675522 6.469279132783413 9.110908441245556 279.2199551388621 8.26747403293848 37.55313137918711 1.789714902639389 0.7744322568178177 0.1112752035260201 185.4829854220152 6.55858950316906 5.555382326245308 0.636624351143837 3.141855642199516 3.582058161497116 6.725351385772228 60.72624556720257 3.918088257312775 0 102.0060802698135 75.86088036745787 253.8066264018416 173.3099622130394 10.55373624712229 3.16114504635334 6.819415777921677 3.042364306747913 11.91000639647245 14.91935626417398 1.112919487059116 5.403858482837677 3.025613903999329 6.885296776890755 0 1.072401881217957 0 0.3897469043731689 0.4807534664869308 0.1325808316469193 0.7535069733858109 0.2551335170865059 1056.830153174698 5.828553721308708 0 2.745090901851654 108.2376179397106 1.195301875472069 1.333524033427238 3.34088060259819 0.2865638136863708 10.4724925160408 147.5710453018546 2.126183480024338 66.04430860280991 78.05043567717075 48.99654898047447 9.965181425213814 156.7976450249553 110.0420019328594 56.80436177551746 30.67895245552063 9.702994346618652 4.782347902655602 0 0.3476936817169189 0 0 0 0 0 0 0.1386485546827316 0 0.2702921628952026 0 0 0 0.4298913478851318 0 0 14.81350179761648 12.71811252832413 0 1.095037937164307 0 35.29628251492977 1.443584457039833 22.63584890961647 2.286753579974174 1.455874934792519 0 0 0 5.216539859771729 4.933666005730629 0.2359147518873215 0 5.75730074942112 23.94984243065119 0.4357848167419434 0 0 0.6141794323921204 0.1178089305758476 0.1890444755554199 0.7510641813278198 0 3.721922934055328 6.650615081191063 0 0.3629093766212463 0.5884538888931274 34.93094009160995 14.70121003687382 1.61077943444252 1.627739533782005 0 0 0.1418124288320541 0 0 0 175.1458641141653 0.8778399080038071 0 0 0 14.08074249327183 2.485355772078037 5.024273172020912 17.0324112996459 18.76448553055525 19.21467531472445 9.430058240890503 25.88059432804585 0.4215854555368423 0.1044862344861031 0 0 0.1012941002845764 0 0 0 39.39714974164963 19.45577578991652 52.88056588917971 334.7541603446007 45.44344907999039 238.3951832279563 60.48899196088314 418.5475882589817 24.60955376178026 3.743892699480057 53.20901893824339 27.58103372901678 0.9551922529935837 39.37562169879675 5.795013897120953 32.56506176292896 2.011447042226791 0 6.433878690004349 2.573113858699799 2.186483204364777
35.64432516694069 101.5455724820495 1521.835983127356 1.654373176395893 589.5635950267315 0.5698934197425842 48.01265194267035 0 967.6247844323516 2.552061975002289 3820.073601730168 3.483311370015144 39.53898175060749 664.2803786993027 54.21463513374329 32.48151620477438 16.70229823887348 25.04527447372675 1.290879800915718 49.19910055398941 40.23421478271484 0.1327526867389679 16.79698842763901 5.649536043405533 0.6745350882411003 1.318177573382854 0.8059990406036377 2.095735773444176 1.085202291607857 0.3627633675932884 826.4892227426171 2043.046632692218 14.52823337167501 13.23429714143276 4.408301651477814 0.9407030791044235 2.119961731135845 0.2196871936321259 0.4995928108692169 1.720128998160362 14.80542688071728 0.703043669462204 102.2035706937313 6.497241176664829 7.976243041455746 28.30812302976847 93.14997883141041 7.50802680850029 19.06872491538525 93.17395298928022 0.5925162360072136 0 0.1423981487751007 1.98641587048769 2.830351769924164 2.911455303430557 2.678900338709354 251.2076535373926 4.464473120868206 16.98459488153458 73.99910812079906 7.26771641522646 1.471373721957207 431.7335495278239 1.427506789565086 2.860961243510246 0.8164019957184792 14.02242084592581 58.09619951248169 93.9121929705143 14.6711322888732 1.881935492157936 0 45.39064259827137 39.18923627585173 154.1570913121104 312.4360328018665 311.2914653271437 1290.171578355134 1403.046668194234 411.5703830495477 1247.405042015016 5.691160649061203 0.357320249080658 2.214250944554806 1.105284102261066 52.56762769818306 0 0.2185662090778351 0 0.4868613034486771 0 3.342159599065781 0.162120521068573 0.2092680037021637 13.78824305534363 1.188388295471668 0 0.3119059130549431 25.92353316396475 0 0 0.112148255109787 0 0 2.254192441701889 0 0.1407014727592468 0.6134369075298309 0.9775334745645523 0 1.742816939949989 1.447081699967384 0.9684008806943893 0.8973426967859268 0.365245595574379 0.1876950412988663 0 0 0 0 0 0 0 0 0 0 0 0 0 0 0.1147319301962852 0 0 0.3614902347326279 0.1242222487926483 0 0 0 0 0 2.0121815726161 0 0 0 0 0 0.1115362942218781 0 0.1957297176122665 0 0 0.4623606503009796 0 0 0 0.1271104365587234 0.9330894723534584 0 0 0 0 0 0 0 0 0.5909866392612457 0.5407342910766602 0 0 0 0 0 0.2853581607341766 0 0.1860581934452057 3.952106401324272 0.2571259737014771 0 0 0 0.7340830117464066 0.3139714971184731 0.1920777857303619 0 0 0.5671822130680084 0.2307172268629074 0.8601638972759247 0 0 0 0 0.1785542517900467 0 0 0.1837449222803116 0.5007950663566589 1.871883124113083 3.596682958304882 159.5703337788582 24.00610952824354 163.6352363973856 32.79026617109776 17.58785766363144 13.91869244724512 0.5577042177319527 27.41032197326422 3.188622325658798 0 2.774560809135437 0.1801649332046509 0.2862418591976166 0 0 0 2.314587041735649 0.3478740155696869
172.7845849916339 1225.431869752705 496.3800339922309 51.60242826491594 7705.109940767288 55.53373640030622 7342.280628167093 967.6247844323516 0 611.2263277545571 5580.804242394865 64.21812610328197 1875.106742158532 3196.293767943978 107.7924917340279 63.54648108035326 7.648423299193382 2.83154358714819 0.09243648499250412 3.984084703028202 4.949955753982067 0 2.023829996585846 1.062452979385853 0.4162624031305313 1.524633206427097 0.9560984820127487 1.667212478816509 3.152723327279091 0.4021855741739273 161.835418023169 83.8488729596138 56.77694970369339 1.631958842277527 1.063117049634457 0 2.672910608351231 0.1418755501508713 0.9839581772685051 0.7948953881859779 4.924073427915573 1.623051337897778 9.870305545628071 5.320165082812309 0.7801719903945923 1.777547739446163 157.7574852928519 7.052665956318378 3.470703311264515 10.7992906421423 1.842285424470901 0 0.3103330135345459 1.738735541701317 5.127843387424946 4.773307129740715 4.947108872234821 125.0795535892248 6.203434593975544 31.0216820910573 2.995423063635826 3.14143518358469 0.2439613714814186 132.6850261986256 3.785091862082481 5.305460453033447 0.8955544158816338 5.42835295945406 10.86479454487562 20.66591090708971 73.27767262607813 4.698625154793262 0 57.31687125563622 42.12551244348288 245.9868128970265 226.4411165490746 23.20758226513863 11.39351240545511 29.13161481171846 10.17322666943073 30.16783881187439 11.62318164110184 0.3057354167103767 4.194833986461163 1.966000355780125 11.51045072078705 0 0.4412986040115356 0 0.3843437805771828 0.5999539569020271 0.6276536285877228 0.4770485684275627 1.222311586141586 527.2573631852865 11.70063709467649 0 0.7623598054051399 37.03177432715893 0.7518875300884247 0.3617661893367767 1.924102947115898 0.749873548746109 10.63015542179346 94.13408499211073 2.520721063017845 42.57662110030651 31.94910510629416 27.24304152280092 7.57423709332943 108.0095710232854 70.4760430008173 42.39938576519489 21.92876192182302 7.666961945593357 2.821966931223869 0 0.4568352997303009 0 0 0 0 0 0 0 0 0.4359777569770813 0.280447393655777 0 0 0 0 0 11.69737051427364 10.25111373513937 0 0.4030295014381409 0.09981732815504074 25.46328683942556 2.212896227836609 17.81477892398834 2.867535814642906 0.3726982623338699 0 0.1642461568117142 0 5.248687028884888 3.967928864061832 0 0 4.130717903375626 17.15179565548897 0 0 0 0.4077948331832886 0.5812051966786385 0 0.1865902245044708 0 1.622066333889961 8.437911309301853 0 0.1926359683275223 1.441909641027451 23.39522228389978 9.539759814739227 1.168920874595642 0.7938529029488564 0 0 0 0.12260752171278 0 0.124946266412735 122.9713349342346 2.091906756162643 0 0 0.1162050142884254 8.901882074773312 5.196990139782429 5.227622076869011 10.53510437905788 10.9130430072546 13.19465661048889 5.634892046451569 17.63867769390345 0.1897096782922745 0.1596202105283737 0 0 0 0 0 0 22.68415852636099 13.22892509400845 36.45487266033888 525.903423152864 49.67663276195526 326.1175705567002 78.73842833191156 127.5907689332962 37.32844541221857 3.557992853224277 83.22768676280975 22.08739460259676 1.960949286818504 30.21089974790812 3.042898923158646 23.07123593986034 1.990344323217869 0 3.383909352123737 4.617407336831093 3.360318765044212
1722.443132862449 870.0240447893739 5.466550074517727 2930.737560689449 225.1406102702022 1012.655623361468 2979.70628015697 2.552061975002289 611.2263277545571 0 94.20553433895111 1376.701412990689 3991.460226655006 907.7617373466492 5.874063298106194 3.825423032045364 0.9192288219928741 0.1495718657970428 0 0.4098141491413116 0.4489437639713287 0 0 0 0 0.4651069343090057 0.08132557570934296 0.3855103254318237 0 0.1001943200826645 15.80117077380419 3.933437488973141 5.63566717505455 0.1758665293455124 0 0 0.3408536463975906 0 0.7952918112277985 0.1590012460947037 0.8439004570245743 0.1859765648841858 1.379248388111591 0.3831712305545807 0.1509691476821899 0.9335926994681358 12.57508979737759 1.409709446132183 0 0.785936214029789 0.1145422384142876 0 0 0 2.280408136546612 0.8664027824997902 18.91696646809578 181.0006840080023 2.168085150420666 4.460842251777649 0 0.2209577113389969 0 28.83186646550894 1.223779529333115 0.6435010805726051 0.3469595611095428 0.6263422966003418 0.3003536462783813 2.354572743177414 34.96950294077396 16.02557164430618 0 51.36938624083996 22.84305207431316 33.83713570982218 9.393756464123726 1.547013826668262 1.096863001585007 3.088813208043575 0.1961577534675598 2.73843340575695 4.540230318903923 0.09002411365509033 1.042641378939152 0.6144200414419174 1.638765260577202 0 0.228860966861248 0 0 0.3880779147148132 0 0 0 957.733438000083 12.94195638597012 4.507185369729996 2.261958390474319 611.4819919019938 0.1752080619335175 1.197851330041885 4.332999616861343 6.753108322620392 2.063228979706764 69.25321990251541 2.68614200502634 24.41390512883663 311.2706517577171 24.38838835060596 4.429038241505623 72.01329651474953 29.31943932175636 19.9065643325448 6.685412555932999 2.419834405183792 0.9685613512992859 0 0.5807414948940277 0 0 0 0 0 0 0 0 0 0 0 0 0 0 0 7.414302237331867 1.353487148880959 0 0 0 7.531994432210922 1.045177266001701 2.878188222646713 0 0 0 0 0 1.411230474710464 1.354919031262398 0.2046744674444199 0 1.544772058725357 5.305938303470612 0 0 0 0.6583641767501831 0 0 0.1522700637578964 0 0.4997972995042801 3.40562641620636 0 0 0.7335898876190186 6.978330984711647 4.199152782559395 0.2692101299762726 0.1266363114118576 0 0 0 0 0 0 38.1759174913168 0 0 0 0 3.155109286308289 0.6988406181335449 1.801554694771767 4.948085963726044 6.349272780120373 2.276729553937912 0.1274769753217697 6.541656829416752 0 0 0 0 0 0 0 0 6.399735048413277 3.617173790931702 8.722300946712494 71.22256595641375 2.518952541053295 46.7165342643857 10.15233537554741 1736.229039527476 3.149127162992954 0.8283194005489349 6.201079398393631 6.304150208830833 0.1237424165010452 13.5389589369297 0.1147870495915413 16.37267245352268 0.8762499690055847 0.6076490879058838 1.426566407084465 0.3775511980056763 0.3257628679275513
463.1142491325736 1136.780684962869 3102.212617456913 7.448284976184368 2552.917408950627 41.13485787808895 314.3767114877701 3820.073601730168 5580.804242394865 94.20553433895111 0 96.740338280797 1160.585618391633 4093.58438397944 239.7818899974227 204.0851198881865 54.77669460326433 12.71258021146059 2.619805827736855 33.68549114465714 65.91908593475819 0.1379183381795883 42.65284209698439 15.63522872328758 8.97839218378067 10.56150963157415 6.755803525447845 2.665899753570557 5.952084876596928 1.607365533709526 1453.388272084296 636.6549458503723 532.7554552555084 18.52243510633707 8.662045784294605 6.284195333719254 20.37354648858309 2.69309451431036 3.002710953354836 11.28419346362352 85.07598695158958 3.288110844790936 66.07043737918139 15.49985188245773 11.08752140402794 29.32966484874487 328.0993901416659 24.49818018823862 15.0201156809926 62.16963509470224 1.924695163965225 0.5643918439745903 1.059445142745972 7.404803469777107 10.59671398997307 10.85451138019562 9.726462163031101 447.0990799665451 16.11798264831305 57.19484832137823 31.90485545247793 12.01370589435101 1.546973124146461 358.9888075366616 6.71086872369051 12.89275472611189 2.696336001157761 29.55257402360439 75.85007022321224 241.1779968589544 155.1740216761827 7.881222248077393 0 130.8850337937474 88.04591576009989 510.3808181509376 564.8746740221977 101.2405955716968 485.9242067933083 1134.582408748567 112.3033137395978 439.8780870363116 22.73449468612671 1.336802251636982 7.899606809020042 5.069797523319721 47.77316977828741 0 2.75283244997263 0.1064937338232994 1.465370327234268 1.831857413053513 13.0160446241498 2.709615126252174 3.117928884923458 386.0918779522181 14.81433550268412 1.732599347829819 3.638919539749622 127.9979407861829 0.5744148418307304 0.6451662480831146 1.001503884792328 0 3.687341585755348 56.69628155231476 1.523671142756939 27.1247388869524 11.672781676054 13.3233856856823 4.356778889894485 56.8193172737956 42.71199554949999 27.8976012095809 11.7826719507575 3.868900068104267 2.433498069643974 0 0.59640783816576 0 0 0.319736659526825 0.1081819087266922 0 0 0.1301213204860687 0.1272105276584625 0.4894180819392204 0 0.5837836191058159 0.1271326094865799 0 0.5806605368852615 0 9.083439916372299 6.962467819452286 0 0.2311760783195496 0 16.30717769265175 1.75964892655611 11.35123784095049 2.316833719611168 1.29712537676096 0.374295212328434 0.6696197167038918 0 3.175969421863556 3.21025063097477 0.4418321177363396 0.3557112962007523 1.845284000039101 12.5275509133935 0 0 0.4981734827160835 0.7267147228121758 2.220594890415668 0.1135146543383598 0.4426353126764297 0 0.3580388873815536 3.436025507748127 0 0.09819470345973969 0.3025121539831161 14.09511563181877 7.572765357792377 0.4133855402469635 0.7713738456368446 0 0.2664406895637512 0 0.1742971837520599 0 0.3288290873169899 90.94015673547983 2.999749466776848 0 0.1028711795806885 0.7740992978215218 10.84942565858364 1.865927159786224 5.592250414192677 9.102167218923569 6.799810796976089 8.831640660762787 3.820483990013599 12.09981864690781 0.7174267023801804 0 0 0 0 0 0 0.3340049982070923 21.9605030938983 14.13210786879063 28.45336323231459 860.7590941265225 113.9160508960485 711.9244320392609 158.0774110630155 106.2452926635742 69.1252394169569 6.598443694412708 159.5195979103446 24.73118978738785 0.5810049250721931 26.93777046352625 2.602830782532692 16.27217909693718 2.07372047752142 0 2.899715505540371 11.14293251186609 4.852051883935928
70.81816896051168 24.02006994187832 6.888627834618092 195.1165734753013 18.29101660847664 264.9359274208546 116.2834143340588 3.483311370015144 64.21812610328197 1376.701412990689 96.740338280797 0 1492.878274708986 494.8776246905327 14.7972387522459 21.77244795113802 5.335466518998146 0.8575902655720711 0.1366395801305771 0 0.8262266218662262 0 0.4425740987062454 0 0.7606034576892853 0.5758112818002701 0.8054115623235703 0 0.1361439675092697 0.4074026718735695 2.301705181598663 14.08370681107044 47.61528687179089 0.3197085112333298 0.8916879147291183 0.4011247605085373 4.476460188627243 0.306932345032692 1.532419919967651 2.291582405567169 3.835273548960686 0.1771131604909897 1.208508767187595 1.394512429833412 0.2509635090827942 6.751858845353127 20.71204467117786 0.3728021681308746 0.4186909273266792 1.997523628175259 0.1571623235940933 0 0.2133538275957108 0.170533075928688 0.3173925280570984 0.4235477074980736 4.201714500784874 15.24432749301195 0.5773087441921234 2.886514246463776 2.910953283309937 1.519265294075012 0.3106747567653656 11.28733119368553 0.3069119304418564 0 0.1616814881563187 1.782899342477322 1.700403794646263 6.303193934261799 54.6700344234705 6.034715116024017 0 3.247236810624599 3.46194639056921 22.2605767250061 19.07768764346838 6.192086204886436 2.408062249422073 23.0607598721981 1.486515611410141 11.08891304582357 1.244211003184319 0 0.09382292628288269 0.3367779403924942 2.211633518338203 0 0 0 0.2340648323297501 0.1505687832832336 0.9312252551317215 0.2226008623838425 0 1754.957621738315 37.68673457205296 0.4438802301883698 4.761642545461655 64.78846178948879 1.174491032958031 0 0.6528246700763702 0.4745722860097885 3.453068032860756 57.7201491817832 0.7361023128032684 23.9569133669138 39.5944212526083 16.53865779936314 2.741265520453453 51.91802211105824 36.66875545680523 29.53394401818514 10.24083605408669 1.366827353835106 1.054282709956169 0 0 0 0 0.1877778768539429 0.1579910218715668 0 0 0 0 0.4247584342956543 0 0.2216567546129227 0 0 0 0 7.14477077126503 4.212475135922432 0 0 0 7.983946770429611 0.2888843715190887 3.044143296778202 1.121944174170494 0.3904162794351578 0 0 0 2.002126909792423 1.331855088472366 0.2175393253564835 0 2.329941876232624 5.622588329017162 0 0 0 0.1075702160596848 0.1263054609298706 0.466623842716217 0 0 0.8504313677549362 3.988983705639839 0 0 0.6203403249382973 7.654881685972214 6.287581413984299 0.240481823682785 0.2187944501638412 0 0 0 0 0 0 56.0666978508234 1.671722874045372 0 0 0 5.410773679614067 1.310752749443054 0.9888606816530228 3.499701477587223 7.654533296823502 8.133516542613506 1.897086597979069 6.342550836503506 0 0.2155616134405136 0 0 0 0 0 0 15.42086164653301 6.722505539655685 12.81672030687332 105.2588001042604 4.65131764113903 54.78391995280981 10.98780801892281 243.6288902834058 6.090909980237484 0.2858034148812294 14.42781470716 10.04084996134043 0.3806906193494797 15.71759053319693 1.031678751111031 11.00621232390404 1.266973316669464 0 2.539494231343269 0.6802220791578293 0.807843804359436
329.915985904634 728.7758920565248 35.84250580519438 1290.061849102378 158.7267725542188 233.4822028726339 6276.803057089448 39.53898175060749 1875.106742158532 3991.460226655006 1160.585618391633 1492.878274708986 0 3125.514296978712 203.5720273628831 281.477169573307 83.89091511815786 5.956438302993774 2.036977708339691 4.196440577507019 12.34128799289465 3.083772629499435 8.902637116611004 1.653215870261192 30.7589949965477 20.12017846107483 14.71198003739119 3.131995558738708 8.937003895640373 1.451628237962723 24.44463793188334 69.2604917511344 2645.925558678806 3.106224946677685 3.410387173295021 11.43519321829081 532.0697568356991 21.45876734703779 349.2509690821171 155.249250382185 47.32342757284641 2.241530396044254 12.23638202250004 26.14599984139204 7.924627080559731 71.27598295360804 161.6072283089161 8.555666275322437 6.866247296333313 20.45837293565273 4.125002667307854 6.19735649228096 40.53030781447887 3.267256632447243 5.174485340714455 5.561766296625137 5.453064188361168 65.88687683641911 7.680478543043137 15.08137055486441 46.94850777834654 133.3589661568403 4.68741711974144 68.18620884418488 3.077321894466877 4.796042300760746 1.765974007546902 16.75576969236135 33.52771256119013 74.08608865737915 858.0226425752044 259.7467320114374 4.016752377152443 45.9864838346839 19.0635631531477 151.039941623807 144.1350655332208 52.52118529379368 14.99420720338821 710.8989582136273 23.92803731560707 276.6227885484695 8.78979367017746 1.110220305621624 2.812458120286465 1.541044399142265 14.76145046204329 1.626125030219555 3.233552932739258 7.141824543476105 0.4336940199136734 3.050891622900963 11.43005338311195 2.351900950074196 2.979428261518478 3137.459332376719 379.7991038560867 22.73279976844788 264.8508071452379 62.22947780042887 1.467782899737358 0.8046734035015106 2.241501197218895 0.775255486369133 9.649723380804062 101.1855993196368 1.212345123291016 35.6258495002985 47.00324454903603 27.13808719813824 9.779561504721642 120.1822412833571 88.75954587012529 69.72286871820688 32.64165011048317 18.65566992014647 7.542446114122868 0.2612254023551941 1.745181538164616 0 0 0.6231755912303925 0 0 0.331159770488739 0 0 0.610378123819828 0 0.1200401335954666 1.115944296121597 1.0953588783741 1.569451741874218 0 16.97176189720631 9.283716082572937 0.3626088351011276 1.679192937910557 0.649952232837677 59.73603028804064 3.647097364068031 41.4668375775218 9.616002440452576 8.020899131894112 0.2679024934768677 0.4605925977230072 0.7446454614400864 8.768191903829575 12.46246419101954 1.561893187463284 0.2072900682687759 9.050214514136314 28.29034031182528 0.4646134078502655 0 0.4945729821920395 1.39814805239439 0.7688888162374496 1.136457972228527 0.1585690528154373 0.5195944756269455 2.951515659689903 12.99582680314779 0 1.425824508070946 3.916235357522964 38.48446752130985 13.59652416408062 3.860542148351669 2.715879254043102 0.1210231631994247 0.3069640696048737 0.5218774527311325 0.2422807589173317 0 0.7835652530193329 272.3623842149973 28.46226581931114 0 0 0.5934722796082497 19.43428425490856 11.14737029373646 10.24649980664253 16.62797687202692 24.55529473721981 27.40339168906212 8.413220211863518 25.59558933973312 0.8594463095068932 0.3085925206542015 0 0 0.1354840397834778 0 0.1781395226716995 0.2292890399694443 57.38221126794815 86.89551753550768 124.257522881031 607.2653850242496 90.10932321846485 469.513420574367 109.3739201799035 219.0423029586673 49.49935355037451 5.272745870053768 140.6114337071776 49.2171141281724 2.351019784808159 50.11834689229727 5.445723950862885 52.61249127238989 5.187950439751148 0.541064977645874 12.69950529187918 15.50579872727394 8.686084173619747
