0 2892.861886970699 481.4763488024473 952.0068638175726 468.0283126011491 135.4814745187759 702.8695679530501 93.47598043084145 207.0906020849943 1358.597775250673 144.8520701155066 198.6941470354795 529.6664577573538 233.0533337146044 5.293233543634415 0.4627131223678589 0 0 0.1199504137039185 0.291778489947319 0.4267866313457489 0 0 0 0 0.2934203743934631 0.3058993369340897 0.1143372654914856 0.3827526271343231 0 606.3283014446497 4.045827783644199 2.938839122653008 0 0 0.7038106918334961 2.442887678742409 1.184930711984634 0 0.4763817712664604 0.2894913777709007 0.517910972237587 0 0 0.1230714172124863 0 16.10878842324018 1.167643129825592 0.1075023412704468 0 0.5651595592498779 0 0 0.1433000117540359 1.12687149643898 1.222937785089016 214.0163250193 731.2557132691145 18.01476654410362 6.581562235951424 0.6682226657867432 0.2990029156208038 0 4.734527766704559 1.143418289721012 1.363917104899883 0.5991667360067368 0.4177106767892838 0.6729332804679871 3.861166089773178 8.081161081790924 0.1658860743045807 0 66.52602399140596 34.75932336598635 32.4869185090065 5.536556214094162 0.9155655279755592 0 4.843409910798073 0.4395523816347122 4.220119789242744 3.064167432487011 0 0.6612524762749672 1.649774484336376 0.4846490696072578 0 0 0 0 0 0.1670281141996384 0 0 119.9437706172466 1.688201040029526 0 0 1282.65357594192 0.7545422911643982 7.902806103229523 7.774383395910263 0.767252504825592 0.4490541219711304 37.64730843901634 3.142100244760513 9.423708647489548 4.751092165708542 17.536721393466 0.6332457810640335 32.48612585663795 12.20860620588064 12.46267022192478 3.009499818086624 0 0 0 0 0 0 0 0 0 0 0 0 0 0 0 0 0 0 0 0.6463222503662109 0 0 0 0 0.4384698271751404 0.3907629922032356 0.1691601127386093 0 0 0 0 0 0 0 0 0 0 0.413714736700058 0 0 0 0 0 0 0 0 0 0 0.2433671504259109 0 0 1.59470234811306 0 0 0 0 0.17095947265625 0 0 0 0 0.6393048316240311 0 0 0 0 1.120793625712395 0 0.3885335177183151 0.5016199499368668 1.324301540851593 0.6581226736307144 0 0 0 0 0 0 0 0 0 0 3.317283228039742 0.8836718052625656 0.2698567509651184 61.75756299495697 4.471575438976288 66.44433125853539 16.04324977844954 1000.976583391428 8.624660834670067 2.791434213519096 5.065298862755299 1.514142364263535 0.1763997226953506 1.09342622756958 0 59.78218212723732 0 0.1245901733636856 0 1.090247958898544 0
2892.861886970699 0 1503.735412940383 154.6191706508398 3077.078385896981 672.3544996678829 2988.197004877031 109.7877804487944 1024.69675578922 328.3047950863838 537.9904912486672 87.56811888515949 2115.608495593071 1014.498095415533 24.63305099308491 0.7818275839090347 0.3451219797134399 0.635088175535202 0 0.1281909197568893 0.6604703590273857 0 0.3079443052411079 0 0 1.582897007465363 0.6174041405320168 0.4481016844511032 0.6933508366346359 0.08778431266546249 2973.866295836866 83.67419964820147 2.16230197250843 0.1161802262067795 0 0 2.456101194024086 0.3785701543092728 0 0.1091752126812935 0.9630431458353996 1.204723946750164 0 0.6012692898511887 0.3477926105260849 0 73.39402306079865 5.246370047330856 1.82151760160923 0.2433930933475494 0.3178498968482018 0 0 0.1225935891270638 1.799066916108131 6.682157576084137 124.6440189406276 857.6761584207416 15.29781787842512 45.46562082320452 0.3152499347925186 0.2517186254262924 0.1015854328870773 20.34637655317783 4.451120048761368 7.984435684978962 3.174541153013706 2.255983524024487 0.2562378421425819 2.326494768261909 2.649253457784653 0.4471078217029572 0 177.5804015770555 120.1116612181067 202.5789085701108 18.27713888883591 0.9127556979656219 0.3984204977750778 2.819714561104774 0.5813820734620094 3.61126621812582 9.213564209640026 0 3.962683245539665 5.665174342691898 3.33637873083353 0 0.1068714410066605 0 0.1031522452831268 0 0.1082757264375687 0.1119662001729012 0.2326797172427177 146.2065792679787 0.4657654762268066 0 0.4304943829774857 1234.226098306477 0.6565737724304199 14.30783270299435 16.39812932908535 0.9507625102996826 0.9943064451217651 83.66692122817039 3.578371927142143 18.89513421058655 22.84145499765873 32.76298636943102 1.734559334814548 63.23908122628927 24.2200188934803 20.09315308183432 5.174370437860489 0 0 0 0 0 0 0 0 0 0 0 0 0 0 0 0 0 0 0 0 0.2623869404196739 0 0 0 1.177466347813606 0.8507025688886642 1.61893717944622 0.5235175639390945 0 0 0 0 0 0 0 0 0.1365627497434616 0.6308161318302155 0 0 0 0 0 0 0.3260404169559479 0 0 0.2427288144826889 0.8258013725280762 0 0 3.322653405368328 0.1045209318399429 0.1433773189783096 0.1305677145719528 0.1392436027526855 0.090430848300457 0 0 0 0 4.041390866041183 0.2171651124954224 0 0 0 2.985708467662334 0 1.773449622094631 0.4990072846412659 2.697182506322861 1.21912494301796 0 0.114066943526268 0 0 0 0 0 0 0 0.1140654236078262 6.653373390436172 0.2664704620838165 0.2476792857050896 85.07710820436478 15.07123731076717 243.5115194097161 40.92911249399185 1347.446750551462 21.80800502002239 7.828310593962669 13.74089921265841 3.394628912210464 0.5148787647485733 2.036934591829777 0.386199414730072 84.7055993527174 0.2007811963558197 0.1010399684309959 0 0.4393858164548874 0
481.4763488024473 1503.735412940383 0 1.299631416797638 705.6842128038406 25.20728814601898 47.18274621665478 3116.031384050846 636.1616479083896 4.485397353768349 3310.948726519942 1.9887335896492 63.90861620754004 807.7733100354671 40.93289963155985 4.791044011712074 1.034889541566372 0.8789579570293427 0.1270260214805603 1.303709074854851 7.751808822154999 0 1.978385090827942 0.1943928152322769 3.396855294704437 2.642239734530449 0 1.095250725746155 0 0 6819.044691495597 1059.403844684362 14.64906720817089 0.4800906777381897 0 4.54381175339222 9.466533094644547 6.755645617842674 1.483932331204414 0.7015093639492989 20.96397372335196 3.514757663011551 2.000116527080536 0.6083686202764511 0.8028227388858795 2.281435325741768 77.17922944575548 2.181024670600891 0.6607510969042778 2.168905511498451 1.128044955432415 0 0 0 1.440923161804676 3.428913608193398 83.85720362514257 674.8013167232275 9.325173810124397 22.44972110539675 5.640617892146111 9.12268328666687 2.490162894129753 272.8629375994205 3.087333984673023 3.966680154204369 1.223211757838726 1.09903110563755 8.051345035433769 26.39601335674524 2.195529937744141 1.081262394785881 0 88.59558779001236 108.7438791319728 153.6027148216963 67.45337722450495 3.739093139767647 50.50320281088352 205.0707557201385 9.802430987358093 153.4551398381591 5.17219989746809 0 2.044441796839237 2.740212544798851 3.982016704976559 0 0.1952115818858147 0 0.1248523965477943 0.08844833076000214 13.07327377796173 0.1085085347294807 0.5404327660799026 9.875088229775429 0.315654844045639 0 0.2889536917209625 434.71864785254 0 0.8311013728380203 3.63205298781395 0.2529322504997253 0.9263880252838135 9.345018528401852 0 2.838528782129288 1.428556129336357 2.172513082623482 0.1417289525270462 12.32414026558399 5.24794302880764 9.390881150960922 6.523513793945312 0 0 0 0 0 0 0 0 0 0 0 0 0 0 0 0 0 0 0 0 0 0 0 0.2208410650491714 0.298270970582962 0.4713229835033417 0.7505686432123184 0.5546342581510544 0.400159478187561 0.7800672501325607 0.1489048600196838 0 0 0 0 0 0 0 0 0 0 0 0.2184980362653732 0 0 0 0 0 0 0 0 4.252292551100254 0.1469233781099319 0 0 0 0 0 0 0 0 2.948382958769798 1.289345353841782 0 0 0 1.763384774327278 0 1.972355350852013 0.1797198951244354 0.6427741050720215 0.2880177199840546 0 0 0.1680880934000015 0 0 0 0 0 0 0 2.622611984610558 1.88342596590519 0.3787673339247704 70.8855003491044 17.53381548076868 236.0192890167236 53.91015461832285 244.8928306102753 21.54032470285892 6.447950348258018 27.69888762384653 0.1756425201892853 0.1827216297388077 1.432730555534363 0.5512331202626228 4.946236968040466 0 0.3302091956138611 0 3.504782661795616 1.365922376513481
952.0068638175726 154.6191706508398 1.299631416797638 0 91.91377414017916 292.6756368130445 542.438366830349 0 255.1822194308043 1130.286491364241 5.542350009083748 507.6324332505465 3094.431341975927 94.71427625417709 1.379997618496418 0.1320881247520447 0 0 0.1860283315181732 0 0 0 0 0 0 0 0 0 0 0 22.20476970076561 0 3.592117100954056 0 0 0 0 0 0 0 0 0 0 0 0 0 4.16583002358675 0.2219569683074951 0.1329387724399567 0 0 0 0 0 0.3421800881624222 0.2114451602101326 5.494428671896458 36.42516220360994 0.7184664607048035 3.631676606833935 0 0 0 0.3820433765649796 0.2291563600301743 0.5080017298460007 0 0.1160532608628273 0 0.3516619503498077 36.88084846735001 0 0 11.56043942272663 5.114326164126396 9.597101010382175 0.3718090951442719 0 0 0.5005817860364914 0 0 0.6300751864910126 0 0.1186158135533333 0.5901816561818123 0 0 0 0 0 0 0 0 0 70.84221424162388 0 0 0 44.08186022937298 0 2.19603368639946 2.379239231348038 0.4458248913288116 0.4895328432321548 28.52303622663021 1.20572417974472 6.177687302231789 4.88113334774971 11.72002337872982 0 26.40118798613548 7.648824095726013 11.97701181471348 3.66255559027195 0 0 0 0 0 0 0 0 0 0 0 0 0 0 0 0 0 0 0 0 0 0 0 0 0.2198055684566498 0 0.2362136393785477 0 0 0 0.1639363467693329 0 0 0 0 0 0 0 0 0 0 0 0 0 0.1910361647605896 0 0 0.3870915621519089 0 0 0 1.15666164457798 0 0 0 0 0 0 0 0 0 0.9651011675596237 0.3563313335180283 0 0 0 1.548752307891846 0 0.2929587215185165 0.3784890174865723 0.3030210733413696 0.3832429498434067 0 0 0 0 0 0 0 0 0 0 4.935267701745033 0.8221683353185654 0 6.594245254993439 0.4751223251223564 12.81308797746897 2.540299654006958 144.7076272070408 0.6154743731021881 0.2246901243925095 0.2960282862186432 1.184410959482193 0 0.2547607719898224 0.1469413489103317 13.15689677000046 0 0 0 0 0
468.0283126011491 3077.078385896981 705.6842128038406 91.91377414017916 0 43.93584254384041 639.0283838510513 238.5159353911877 4628.901880390942 630.1413790658116 2597.4976163432 112.5706627219915 402.0169889852405 4852.022230789065 78.1124012619257 1.760339453816414 0.583150789141655 1.414958946406841 0 0.2587434947490692 0.7310674339532852 0 0 0 0 0.9377804845571518 0.1174301728606224 2.02095165848732 0.2360962703824043 0 475.4172358289361 23.27084814012051 6.28038939088583 0 0 0.1920092701911926 3.416529975831509 0.3726560398936272 0.5595312118530273 0.1118437796831131 0.8677602559328079 0.8126450404524803 0.1023896038532257 0.315332219004631 0.3441903963685036 0.2577167972922325 160.9893104732037 6.87751454859972 1.374933965504169 0.5105458498001099 0.5657876133918762 0.1231317967176437 0 0.3236428126692772 4.792919181287289 6.727050840854645 77.45215553790331 470.113895714283 16.8110918328166 53.6317053809762 0.6903584524989128 0.784548282623291 0 44.86228346079588 5.484775722026825 8.323186405003071 4.241979002952576 3.207035943865776 0.1037877574563026 0.8151221424341202 9.860058590769768 6.584525763988495 0 137.0927446782589 122.9180092513561 324.3558985069394 52.24273895472288 0.6179289370775223 0.787135623395443 5.220658764243126 0.3796976134181023 4.097151629626751 10.42915233969688 0 6.221181310713291 8.383961707353592 3.786872237920761 0.08467711508274078 0.5087583959102631 0 0.3075255900621414 0.1319148987531662 0.2088514044880867 0.6746171116828918 0.7341540157794952 80.31502118706703 3.707062602043152 0 0.1321741491556168 103.6823074296117 1.214327499270439 8.805013582110405 7.595122247934341 1.71264860033989 0.4936174154281616 92.67055224627256 3.301412791013718 31.95734578371048 14.30139765143394 31.64998151361942 3.751511715352535 127.5944960415363 81.64650231599808 82.02364701777697 48.61589597165585 0 0.1174781695008278 0 0 0 0 0 0 0 0 0 0 0 0 0 0 0 0 0 0.4584661424160004 0 0 0 0 5.895447216928005 3.517130203545094 4.974238537251949 1.383954368531704 0 0 0 0 0 0 0 0 0.3194956630468369 2.907152272760868 0.3595424890518188 0 0 0 0 0.3147928640246391 0 0.4669884145259857 0.1138611733913422 1.651084534823895 0.2449561208486557 0 0.379553347826004 24.6409927085042 0 0.2833663672208786 0.6266501098871231 0.1064391583204269 0.09297334402799606 0 0 0 0 26.93595210462809 2.982729211449623 0 0 0.1254839897155762 16.98316311091185 0.6169593334197998 9.390158265829086 2.94058919698 2.996483042836189 2.331329129636288 0.1262407749891281 0 0.4160976633429527 0 0 0 0 0 0 0.3132843673229218 32.30867423117161 7.111942544579506 4.216021433472633 112.1523734405637 39.61453928798437 449.2117557153106 109.4051376730204 360.2959803268313 54.29337989538908 22.84688526391983 53.37447138130665 4.625713765621185 0.326312817633152 6.872708827257156 1.518430054187775 39.07434970140457 0.1919914335012436 0 0 2.744820833206177 0.8354998901486397
135.4814745187759 672.3544996678829 25.20728814601898 292.6756368130445 43.93584254384041 0 275.9399064481258 0 44.00000067055225 694.598050609231 3.615415543317795 171.8164836615324 216.1952033042908 39.58583374321461 0.5396149754524231 0 0 0 0 0 0 0.9603486955165863 0 0 0 0.3844283074140549 0 0 0 0 31.37971371412277 0 2.887109950184822 0 0 0 13.04673439264297 0.1511537879705429 2.342752024531364 0.2671272456645966 0 0 0 0 0 0 0.8618880584836006 0 0 0 0 1.40782667696476 0.2177353948354721 0 0 0.2410826832056046 107.9374236613512 47.38088883459568 2.769509144127369 1.327168419957161 0 0 0 0 0 0.4700684547424316 0.1057076454162598 0 0 0 40.19742630422115 2.406862795352936 0.8473118841648102 4.019248627126217 2.627209037542343 2.260874196887016 0.2878622114658356 0 0 1.220699191093445 0.1275046169757843 0.2778603285551071 0.393110066652298 0.1623312085866928 0 0 0 1.330465212464333 0.9457859247922897 1.914470136165619 0.5716317296028137 0.6139268428087234 0 0 0.6829575598239899 191.4172308146954 29.43036015331745 1.304661974310875 15.38189192116261 535.4088364541531 0 0 2.984234482049942 0.7992653250694275 0 5.781059309840202 1.018366932868958 1.064002349972725 0.1292294859886169 4.08183716237545 0 1.478172078728676 1.153801798820496 2.415930509567261 0.2657945975661278 0 0 0 0 0 0 0 0 0 0 0 0 0 0.3975825905799866 0 0 0 0 0 0 0 0 0 0 0 0 0 0 0 0 0 0 0 0 0 0 0 0.2649688124656677 0 0 0 0 0 0 0 0 0 0 0 0 0 0 0 0 0 0 0 0 0 0 0 0 0 0 0 0 0 0 0 0 0 0.4414524137973785 0 0 0 0 0 0 0 0 0 0 0.7136370539665222 0 0 1.383198261260986 0.240226224064827 3.1409070789814 0.9695232585072517 130.7733247950673 0.9965540990233421 0.5250048562884331 0.2057755589485168 0.3188944756984711 0 0 0 1.727706164121628 0 0 0 0 0
702.8695679530501 2988.197004877031 47.18274621665478 542.438366830349 639.0283838510513 275.9399064481258 0 3.381563991308212 316.1381317228079 1203.635474726558 44.64796819537878 199.2125027775764 3783.859090924263 1149.72264162451 69.25023954361677 2.058282069861889 1.178464725613594 1.188557550311089 0 0.2466551661491394 0.9457890689373016 0 0 0 0 1.613543286919594 0.3778653293848038 0.8322735503315926 0.9818071350455284 0.0984766036272049 308.4890159443021 7.810815311968327 6.287190422415733 0.1009791120886803 0 0 1.759473666548729 0.513873428106308 0.5316197499632835 0.2305105701088905 1.108038537204266 1.176809042692184 0 1.009240932762623 0.7287130206823349 0 150.3501736447215 7.686664447188377 1.133712582290173 0.9700493142008781 0.7322662696242332 0 0 0.1934374272823334 5.766782931983471 10.73438969254494 97.22942935675383 602.1040221825242 18.16509805619717 72.41146147251129 0.62956303358078 0 0 30.15299782156944 6.530549749732018 10.61503411084414 4.599830277264118 3.210169062018394 0.4172887802124023 1.337376341223717 25.90732881426811 6.472386889159679 0 195.5010561794043 159.7247988134623 337.8497269004583 39.11200262606144 1.389465376734734 0.4424152225255966 2.599777966737747 0.2254515886306763 4.039887376129627 13.4866666868329 0.1023591011762619 7.765596821904182 10.19577531516552 4.806098476052284 0 0.7395182773470879 0 0 0 0.9161364883184433 0.1959207504987717 0.4925420731306076 201.0939829647541 0.6000535190105438 0 0.5728835016489029 138.9609851837158 0.8981218785047531 15.72195798158646 15.94328005611897 2.450903296470642 1.604318514466286 147.5050364583731 6.689647629857063 46.47645650804043 24.87056773900986 57.66729575395584 5.853587381541729 196.7770893424749 91.61912684887648 110.5702280029655 44.98299414664507 0.1257620602846146 0.1610187441110611 0 0 0 0 0 0 0 0 0 0 0 0 0 0 0 0 0 0.8758871555328369 0.4438380748033524 0 0 0 5.925543174147606 3.013494402170181 4.367757074534893 1.421086996793747 0 0 0.122462309896946 0.1705817431211472 0 0.2287834733724594 0 0 1.307899072766304 1.708753816783428 0 0 0.1657099425792694 0 0 0 0 0.09080637991428375 0 1.931611254811287 0.3109610974788666 0.3007505238056183 0 24.23578341305256 0.274490088224411 0.4562781453132629 0.7939736247062683 0 0.1248487904667854 0.1304868757724762 0 0 0.4532118290662766 24.22669731080532 2.491105228662491 0 0 0.5421846061944962 17.9272161051631 0.1459956914186478 10.01706856489182 2.292232677340508 6.260235354304314 3.319452911615372 0.6628410518169403 0.1142693981528282 0.6182560548186302 0.1539901047945023 0 0 0.1051014289259911 0 0 0 37.74306312203407 5.504711963236332 4.194849833846092 88.54668264836073 40.38395557552576 457.5131206959486 81.97188311070204 657.3700325414538 48.99608148634434 15.94357207417488 35.30814781039953 5.689161643385887 0.3197735771536827 12.05108043551445 1.526493333280087 89.12005257606506 0.5340190529823303 0.1032656952738762 0.4409758299589157 2.636318847537041 1.066820904612541
93.47598043084145 109.7877804487944 3116.031384050846 0 238.5159353911877 0 3.381563991308212 0 327.7887534871697 0 1426.988933220506 4.011908851563931 37.03057474642992 573.9635413587093 86.7229912057519 15.66255249083042 2.624459996819496 0.822187177836895 0 5.982513077557087 9.455467894673347 0 1.693817213177681 1.076936736702919 8.750582322478294 4.118488669395447 0.1214780285954475 2.617919929325581 0 0.1878847926855087 2423.647827349603 3982.114970117807 96.09105747938156 2.718555569648743 0.8051728457212448 14.7010582536459 38.61026258021593 18.35249423980713 5.880970500409603 6.447701439261436 46.65066477656364 5.564194232225418 5.422063320875168 7.541881516575813 2.968876868486404 5.724279955029488 126.3841417655349 3.131540894508362 1.73458456248045 1.491189047694206 5.062087565660477 0.2531281113624573 0 0.7977275550365448 0.7237147614359856 4.085415616631508 79.29305550456047 605.3298859521747 11.92716566473246 28.75331226736307 21.45247928053141 27.80856144428253 11.3655352294445 948.5161206573248 2.579594165086746 5.084052719175816 1.248370252549648 3.783653445541859 30.75928498804569 59.14708940684795 12.58187972009182 3.887161135673523 0 100.7606039941311 166.5703740790486 243.2115341648459 445.9157136380672 280.3098986670375 366.0377515554428 337.9258208796382 73.97567849606276 408.5370736867189 4.84965156018734 0 2.572008781135082 3.615093313157558 3.694325722754002 0 0.09301541745662689 0.172392338514328 0.6025511100888252 0 25.45641746371984 1.926435388624668 0.6221619099378586 7.963585495948792 2.243942245841026 0 0.8310476690530777 131.5687182098627 0.8377091586589813 0.5752909779548645 0 0 0.5787631869316101 17.15210402756929 0 7.222673505544662 0.4815637171268463 2.477736607193947 2.392416149377823 29.43525791913271 6.121837913990021 16.90860735625029 10.5207441598177 0 0 0 0 0 0 0 0 0.1446623653173447 0.2323026359081268 1.08828404545784 0 0 0 0 0 0.6316492408514023 0.2680245935916901 0 0.9689619243144989 0.3020342513918877 0 0 0 1.755719415843487 1.305035285651684 2.815819919109344 2.989327289164066 0.6519755199551582 0.1643082499504089 0.4933388233184814 0.4847595393657684 0.2585492059588432 0 0.1372939497232437 0 0.4271073788404465 0.8567500710487366 0 0 0 0.7000093013048172 1.659205704927444 0 0.110378809273243 0 0.1422225683927536 0.8346617892384529 0 0 0.1463742107152939 8.807519905269146 0.1013855412602425 0 0 0 0 0 0 0 0 4.733035199344158 1.257777154445648 0 0 0.8628071174025536 4.495458386838436 0.5494910478591919 5.837723642587662 0.7775838524103165 1.572768598794937 0.3781903386116028 0.2476301044225693 0 0 0 0 0 0.1053226068615913 0.1361242532730103 0 0 3.690070874989033 2.01582332700491 2.288117289543152 180.3326250091195 33.37602026760578 406.4783544614911 109.7856383547187 135.5433515906334 37.17666203528643 10.25048787146807 77.90797048807144 1.679229043424129 0 4.52451116591692 0.284699834883213 10.16164244711399 0 0.2267726510763168 1.211906671524048 3.519791409373283 1.631303414702415
207.0906020849943 1024.69675578922 636.1616479083896 255.1822194308043 4628.901880390942 44.00000067055225 316.1381317228079 327.7887534871697 0 1041.626414164901 1732.811102472246 356.7164463475347 1352.583293497562 3782.293659992516 170.7795023396611 17.01531674712896 1.923388220369816 0.2151505276560783 0.1784827411174774 0 1.452996999025345 0 0 0.1715753078460693 0.8294182419776917 2.267153009772301 0.08891850709915161 1.021153643727303 1.380686439573765 0 294.4430372938514 33.1659459322691 42.77089040726423 0.1527942270040512 0.1120531633496284 0 30.6479951813817 1.545306339859962 1.943484582006931 1.48046350479126 7.066196955740452 2.425697766244411 1.341866672039032 0.9440234452486038 0.2239505648612976 0.3607097268104553 246.0051854997873 5.151788115501404 0.9519762769341469 0.9280858188867569 0.7848737835884094 0 0 0.4640131443738937 3.133050784468651 5.729141868650913 61.03896287083626 271.6653727218509 16.99656350165606 48.94180575013161 1.059060804545879 3.770977765321732 0.2671297043561935 52.56260623782873 4.198547959327698 6.623329922556877 3.323095180094242 1.614721789956093 2.813665859401226 3.934415578842163 64.2449798732996 33.74444115161896 0.09446815401315689 114.9817516058683 127.4141606464982 398.0075683370233 109.666472658515 2.361505046486855 0.5006251260638237 18.19987361133099 1.413748823106289 13.85232171416283 8.128255866467953 0.1165896579623222 5.467059656977654 6.795406863093376 2.837274260818958 0 0.6102106869220734 0 0 0 2.502953842282295 0.3643182367086411 1.318248316645622 373.8539034277201 5.059481739997864 0 2.126417890191078 50.14424358308315 5.995471626520157 19.19565983116627 28.14822800457478 5.736855268478394 2.778219304978848 382.8139344602823 11.00502908229828 129.0712979435921 49.00357538461685 152.4481116607785 15.11903217434883 582.3597684726119 314.9671762809157 390.49655854702 181.064682982862 0.2823977842926979 0.1756779849529266 0 0 0 0 0 0 0.6016707122325897 0 0 0 0 0 0.1605823636054993 0 0 0.2763837873935699 0 3.562820330262184 0.8314593285322189 0 0 0 27.61353651434183 9.2859992608428 19.05465529859066 4.314654752612114 0.2217768281698227 0.1167742162942886 0.18921859562397 0 0.3208533227443695 0 0.1849814206361771 0.4134747087955475 4.516729518771172 7.522628143429756 0.4893450438976288 0 0.4085235148668289 0 0 0.6500612124800682 0.163484126329422 0.2666795924305916 1.04191305488348 8.794305689632893 0.3492977470159531 0 0.3013157844543457 84.74813447892666 1.112017028033733 0.3973894268274307 1.871625535190105 0.3512651845812798 0 0 0.07940145581960678 0 0.4616255164146423 101.82400418818 12.4523064494133 0 0.9991738796234131 0.3544922173023224 66.22051621973515 0.813629224896431 39.07322668284178 8.968511991202831 19.03989601880312 9.20333756506443 1.422126360237598 0.2876710891723633 1.842908106744289 0.1891503036022186 0 0 0.2530055940151215 0 0 0 176.4015777036548 44.43691626936197 15.05258266627789 370.8440889716148 70.95827693492174 772.1533427461982 246.745015181601 329.1396418586373 93.61810833960772 26.39971785247326 191.3546330109239 19.67364986240864 1.170106336474419 27.45753975957632 6.162057623267174 120.525652192533 1.666029691696167 0.4932029992341995 2.751507848501205 12.03147165477276 2.542833760380745
1358.597775250673 328.3047950863838 4.485397353768349 1130.286491364241 630.1413790658116 694.598050609231 1203.635474726558 0 1041.626414164901 0 50.88482846319675 1522.721360340714 7291.316825568676 978.4332855641842 2.245996341109276 0.2705778181552887 0 0 0 0 0 0 0 0 0 0.1124622449278831 0 0 0 0 39.64297890663147 0.1405161619186401 105.7859646826982 0 0 0 68.83788758516312 0 0 0.3321360349655151 0 0 0 0 0 0 10.20618452876806 0.1527582854032516 0 0 0 0 0 0 0.281712532043457 0.4356799423694611 31.58757954835892 76.68290660530329 1.519563220441341 3.730364635586739 0 1.509250462055206 0 0.8281408175826073 0.4293229058384895 0.656574621796608 0.09610211104154587 0.09518435597419739 0 0 207.2896497249603 14.38560730218887 0 19.69828207045794 12.50451069325209 22.05228801816702 2.077502392232418 0 0 43.07066413760185 0 0.2735609114170074 0.7601229697465897 0 0.5538610517978668 0.3568422570824623 0.1342270225286484 0 0 0 0 0 0 0 0 722.402606099844 1.365376055240631 0 4.837821781635284 520.7427330315113 6.093201145529747 35.92234873771667 37.66145223379135 7.493879288434982 3.035044029355049 366.3888218253851 25.8047147244215 120.1935710459948 51.12615133821964 217.1205002367496 5.980205535888672 434.1822731643915 206.5318748354912 253.7727030292153 69.66935323178768 0 0 0 0 0 0 0 0.2833839654922485 0 0 0 0 0 0 0 0 0 0 0 1.715704143047333 0.5985078662633896 0 0 0 7.699929237365723 1.515310570597649 2.119019560515881 0.2506417483091354 0 0 0 0 0 0 0 0 1.533887647092342 3.752766966819763 0 0 0 0 0 0.1125909760594368 0.2672931849956512 0.1741489619016647 0.2477113455533981 4.709346562623978 1.520227923989296 0 0 20.53360442072153 0.5506468117237091 0.1895643025636673 0.278416246175766 0 0.1088690459728241 0 0 0 0 29.77353847771883 3.331267416477203 0 0.6089290678501129 0 26.13572666049004 0 11.14523416012526 5.041741952300072 8.930933468043804 3.51477213203907 0.7882132679224014 0 0.8065046742558479 0 0 0 0 0.2536620199680328 0 0 108.1957370340824 11.27942977845669 1.471253708004951 27.17906031757593 2.073560208082199 36.34660695493221 7.262826159596443 554.4076446518302 2.918623723089695 0.7783453390002251 3.168655477464199 9.985323667526245 0.1787234246730804 16.09383834898472 2.06487026065588 231.3234936892986 0.7277558147907257 0.1346991509199142 1.438447378575802 0.6142233163118362 0
144.8520701155066 537.9904912486672 3310.948726519942 5.542350009083748 2597.4976163432 3.615415543317795 44.64796819537878 1426.988933220506 1732.811102472246 50.88482846319675 0 34.62989789992571 438.7469070255756 4879.781134724617 178.114614918828 43.64011576771736 11.15081245452166 1.447085820138454 0.3632700592279434 0.7775887995958328 11.65889652818441 0 1.669565826654434 0.7517110556364059 24.45764870196581 15.1165112182498 0.4320395812392235 6.416528724133968 0.2464926242828369 0.123884879052639 1125.448550410569 568.905179657042 1781.031039878726 0.9198073223233223 0.8220452666282654 54.60614724457264 597.773342512548 123.343394421041 64.95257523655891 53.99054124951363 122.2515484243631 20.59158892929554 4.329285308718681 5.246001049876213 0.8836036324501038 1.778523035347462 234.4170115366578 4.796050734817982 0.9497047588229179 0.6299003809690475 3.804025806486607 0.2121056765317917 0 0.9815812632441521 1.149375051259995 4.933861836791039 62.24436534941196 396.9206821396947 15.36711294949055 38.5670428648591 10.32109422981739 272.2288454994559 20.62941505759954 118.0709533914924 3.408819258213043 4.893421441316605 2.515702843666077 5.467115744948387 15.16165294498205 68.38012627512217 109.0776305124164 16.73183377832174 0 104.9182140901685 133.2635765746236 385.0203239172697 151.6623516529799 16.61342711746693 8.560496456921101 830.2679755687714 4.983713127672672 312.0546546429396 7.725910231471062 0 3.699665665626526 4.27861649543047 3.678827494382858 0 0.5956427305936813 0.1039560437202454 0.7425049915909767 0 26.43071096390486 2.383208341896534 2.625602163374424 76.32713897526264 20.20050084590912 0 8.907904461026192 85.44961220771074 2.061948776245117 4.303262919187546 2.301589369773865 0.6588029861450195 1.317497164011002 73.88993892818689 0 28.51623592525721 5.004380762577057 17.51321724057198 5.502701640129089 117.0864957422018 58.42244523018599 90.90965170413256 58.19875164330006 0.2252114117145538 0.1078525260090828 0 0 0.4549140632152557 0 0 0 0.3646194189786911 0 0.7161625772714615 0.3362111896276474 0.4931627288460732 0 0 0.4850670099258423 0.1203136146068573 1.1756257340312 0.5661095082759857 0.3098835051059723 0.1369627714157104 0.1273393929004669 0.1456021666526794 0 13.32216423749924 9.740342170000076 13.45940420031548 10.57269689440727 1.129909366369247 0.1679966002702713 0 0.186076357960701 0.1196738705039024 0 0.12179334461689 0 1.867785826325417 4.977086693048477 0.1266380250453949 0.1807845830917358 0 0.7159391418099403 1.371462807059288 0.405066542327404 0 0.09142379462718964 0 2.863722749054432 0 0.3627128824591637 0.2797772288322449 52.09330894052982 0.1985408589243889 0.7139923349022865 0.8812396749854088 0.1711305528879166 0 0 0.1803671717643738 0 0.1690554767847061 38.69538997113705 5.710108511149883 0.1865746825933456 0 0.1732185930013657 27.28345359116793 0.3333386778831482 25.51816554367542 2.087729595601559 6.14697003364563 4.57758679240942 0.5232391282916069 0.5543314516544342 0.441962867975235 0 0 0 0.1065320670604706 0 0 0.1197352111339569 24.17974364757538 14.54960037022829 12.24029690027237 434.2796326428652 67.44451219588518 695.5676827579737 219.4395570680499 301.4423583298922 70.95943624526262 23.10122174024582 188.6400430575013 8.200028218328953 1.118572153151035 11.56241758912802 1.436232700943947 23.21168560534716 0 0.2899101823568344 2.203199923038483 11.81322606652975 5.825763314962387
198.6941470354795 87.56811888515949 1.9887335896492 507.6324332505465 112.5706627219915 171.8164836615324 199.2125027775764 4.011908851563931 356.7164463475347 1522.721360340714 34.62989789992571 0 1201.757516928017 810.5766777023673 15.38362989574671 6.984536781907082 0.5794480443000793 0 0.1436309814453125 0 0.2800784111022949 0 0 0 0 0 0 0 0 0 7.55165408551693 0.2250619679689407 156.6870948970318 0 0 0 221.7093816250563 6.778500065207481 0.7154644727706909 0.1741688847541809 0 0 0 1.936240419745445 0 0.3014153614640236 19.95933952182531 0.2411380633711815 0 0 0 0 0 0 0 0.2793944329023361 15.15458700805902 19.93476882576942 2.852017760276794 2.834775820374489 0 1.970816850662231 0 0.6485017165541649 0.4453535526990891 0.2399387955665588 0.09725359827280045 0 0.2918277978897095 0.8905075788497925 142.3264781534672 65.56591689586639 0 11.99018027633429 7.424301669001579 22.41614469140768 5.821157693862915 1.002911731600761 0 84.1668518409133 0 3.596332684159279 0.1592048704624176 0 0.2961116209626198 0 0 0 0 0 0 0 0 0 0.2771034240722656 2147.838134080172 26.83010774850845 0 12.80811497569084 212.3564589768648 0.4161491692066193 7.672044396400452 7.70375457406044 3.713434264063835 0.8128980547189713 126.3085014075041 5.053043588995934 41.46171380579472 12.82626341283321 70.23600621521473 6.299285732209682 211.0991659238935 124.3380510360003 165.8451467305422 78.42711870372295 0 0.1182419508695602 0 0.3051401078701019 0 0 0 0 0 0 0 0 0.1062926799058914 0 0 0 0 0 0 1.049966886639595 0.323139563202858 0 0 0 13.64784333854914 6.017171323299408 9.744768805801868 2.230132430791855 0 0 0 0 0.1190976202487946 0 0 0 0.9714723005890846 1.807237565517426 0.1324645280838013 0.1403735727071762 0 0 0 0.1256179958581924 0 0 0.09273924678564072 3.602510333061218 0 0 0.3120320439338684 42.52075812965631 0 0.2507570311427116 0 0 0.09977570176124573 0 0 0 0 43.49378957599401 9.028292655944824 0 0 0 22.03329339623451 0.1487494260072708 13.59694964438677 2.685894958674908 6.313829205930233 2.86295947432518 0.3868248164653778 0 0.2456393092870712 0 0.1842678785324097 0 0.1227503716945648 0 0 0 133.4180693104863 40.84634828567505 13.91771502792835 39.90270432829857 2.099380321800709 51.96086074411869 12.77578752487898 317.0177077278495 4.813693687319756 0.9913842380046844 13.60950170457363 3.093065343797207 0 7.670919768512249 1.164427854120731 36.98102189600468 0.7168161123991013 0 0.9386924207210541 0 0.1915510594844818
529.6664577573538 2115.608495593071 63.90861620754004 3094.431341975927 402.0169889852405 216.1952033042908 3783.859090924263 37.03057474642992 1352.583293497562 7291.316825568676 438.7469070255756 1201.757516928017 0 1341.915627859533 129.6169437989593 32.46634787321091 4.011848285794258 0.3252821862697601 0.2193325310945511 0 0.4303714036941528 0 1.147837236523628 0 0.2682542502880096 1.326195053756237 0 1.305329084396362 0.2628340870141983 0 121.8950921297073 6.51719019562006 223.8969023227692 0.1764277517795563 0 0 126.4060169681907 12.07068861275911 8.327890418469906 3.32174263894558 4.672265440225601 1.272719644010067 0.9109017252922058 6.484775140881538 0 0.8381977081298828 168.5748390108347 4.588266730308533 0.7710563540458679 0.1797726452350616 0.3729470446705818 0 0.6350333690643311 0.8879861682653427 1.381618112325668 5.518874555826187 57.88072285056114 252.68920468539 10.49657038599253 35.83167341351509 1.167945444583893 11.14833553135395 1.205657154321671 14.78137297928333 5.854009062051773 5.899503022432327 1.583710603415966 2.434066474437714 2.988328963518143 2.730841532349586 126.5638906210661 87.70714592933655 0 92.88319826871157 87.60148748755455 252.7931628152728 60.72718671709299 5.293659761548042 0.6600178182125092 39.63834425806999 1.216725572943687 17.79651626199484 5.419239722192287 0 4.402021862566471 3.540057070553303 1.737510092556477 0 0.4864242896437645 0.113793857395649 0.7196656167507172 0 2.1605054885149 0.2677127793431282 0.3765393793582916 2903.885113462806 36.43122398853302 0.7148061990737915 19.72243345528841 177.4115656539798 4.119365081191063 27.93195649236441 25.49949724972248 4.611332982778549 4.39370784163475 398.6035707071424 13.49685500562191 146.8403022512794 82.14623478055 212.765555806458 15.38767609000206 688.519036218524 444.3615111857653 488.6489531695843 232.3391005769372 0.1223689615726471 0.7056640535593033 0 0 0 0 0 0.1747159361839294 0.1816607117652893 0 0 0.347628653049469 0.3416095227003098 0.1518032997846603 0 0 0.2093470394611359 0 0 1.314192920923233 2.71294629573822 0 0 0 32.43907985836267 17.70508885383606 31.26218694448471 10.80799208581448 0.6095580905675888 0.3308254778385162 0.1758916079998016 0.6635638624429703 0.4263753071427345 0 0.1535358875989914 0 1.442935734987259 8.45828452706337 1.040740139782429 0.3839344084262848 0 0.1802589893341064 0.1490314453840256 0.5044910311698914 1.006313718855381 0.6814657300710678 1.113420121371746 9.068839833140373 0.4764210730791092 0 0.1422677934169769 108.3905709609389 1.090998142957687 0.5210793018341064 3.2680269703269 0.2238754779100418 0 0.387625128030777 0.09847734123468399 0.164103165268898 0.3966353833675385 149.6158830747008 29.84598536789417 0 0.4198548197746277 0.3176867812871933 62.29014026373625 1.244092881679535 43.64167451858521 9.898985922336578 17.57971055060625 9.344625174999237 2.551046125590801 0.3038530349731445 2.099722504615784 0 0 0 0.5388213545084 0.1205514147877693 0 0.2744057029485703 338.6393788233399 90.37820624560118 34.60912438482046 278.3817567005754 45.82385198026896 480.5044725611806 138.9271192699671 649.3838611766696 41.19105938822031 14.24527185410261 127.2682737037539 15.55491260439157 1.72136015444994 30.44306176155806 5.218184880912304 134.6083034574986 1.476418651640415 0.3210017532110214 2.033054083585739 7.860802218317986 1.854885205626488
233.0533337146044 1014.498095415533 807.7733100354671 94.71427625417709 4852.022230789065 39.58583374321461 1149.72264162451 573.9635413587093 3782.293659992516 978.4332855641842 4879.781134724617 810.5766777023673 1341.915627859533 0 339.8085578978062 107.9431670233607 14.82443799078465 0.5005752593278885 0 0.5823521018028259 3.150803580880165 0 0.5315096080303192 0.3347714245319366 10.34135806560516 5.715522557497025 0.2578743398189545 3.49063865840435 1.178345412015915 0.1136941313743591 448.5248130261898 40.30379430949688 1855.441337317228 1.805137075483799 0.1675013303756714 33.4455269575119 879.6023726314306 225.0312452018261 90.8731507062912 176.287747502327 62.36070476472378 8.096410766243935 0 10.40354739129543 0.4778708815574646 1.805105268955231 392.5201956704259 3.697042942047119 1.744236819446087 0.5599720329046249 5.844181522727013 0.431958943605423 0 0.5676187202334404 2.171308510005474 6.759710930287838 68.20474590361118 278.9907702878118 17.20332395285368 50.55359946191311 2.473993085324764 626.627322986722 9.015081241726875 40.58625025302172 5.185163743793964 5.52003812789917 3.225096844136715 3.00480467826128 6.927998140454292 29.08765044808388 265.1675443649292 117.6278948634863 0 134.3409453481436 133.5862470716238 566.435942158103 188.2052066624165 22.55296395719051 4.287347935140133 490.1980689913034 3.694886155426502 298.3377421349287 6.911876454949379 0.2080376967787743 4.682919278740883 5.983719885349274 2.847594328224659 0.2935646772384644 0.4172309637069702 0 0.507676750421524 0 17.27215369790792 1.633647695183754 2.455484591424465 2212.446387179196 55.53868834674358 0 30.00336379557848 117.4762110486627 4.012511909008026 15.7044513374567 17.55356493592262 2.70423236489296 3.633029453456402 320.3643935695291 7.907188579440117 115.4458786398172 35.74816830456257 116.3543108999729 18.01016383618116 536.194502517581 325.958613499999 451.9528102874756 227.3176559582353 0.2668805047869682 0.1622707098722458 0 0.4151505529880524 0 0 0.113170437514782 0.4574046581983566 0.3001422733068466 0.1569042950868607 0.610927551984787 0 0.5197868421673775 0.3110398650169373 0.3109534233808517 0 0.8023970723152161 0.3687387853860855 0 2.383667685091496 2.879357524216175 0 0.1418174505233765 0 43.52725028246641 24.04814821481705 46.86971386522055 14.44974789023399 1.455770559608936 0.4723061472177505 0 0 1.134102284908295 0 0 0.324339896440506 2.380684688687325 8.752704955637455 0.7618866041302681 0.1446277350187302 0.2415786236524582 0.5939897298812866 1.168824687600136 0.8552575707435608 0.425935685634613 0.2893992885947227 0.1361128091812134 6.938099510967731 0.2039345502853394 0 0.7206380143761635 148.8749614804983 2.377961978316307 0.8814671784639359 2.12811690568924 0.3923964276909828 0.2216671779751778 0.1098267287015915 0.2255490496754646 0.1347064077854156 0.6394149661064148 174.8725106865168 35.80393223464489 0.3472327888011932 0.4194223135709763 0.1578343957662582 84.83507642894983 1.211608879268169 66.96246556937695 10.11922264099121 23.54334573447704 8.59990856051445 4.296455390751362 0.6144754141569138 2.519157506525517 0 0 0 0.2522784471511841 0.4488669335842133 0 0 235.8944038450718 99.08424389362335 43.74856140464544 899.3089730516076 118.228156991303 1172.183318808675 350.9443561732769 724.5415715798736 105.87516579777 30.65691515058279 336.0890017822385 21.13453152030706 2.180452093482018 37.18852767348289 4.950085945427418 87.98285137116909 0.7103440538048744 1.256426431238651 2.752207964658737 18.30550412833691 5.251850739121437
