0 5698.773979134858 2486.206373885274 1086.88888143003 903.0793415382504 319.5801749378443 365.7457855716348 119.4172054007649 110.9591951593757 608.4151344671845 508.1629884019494 86.00028051435947 312.8289920166135 131.5236523449421 4.678297489881516 3.286379761993885 0.4288108125329018 0.1201027110219002 0 0.4760967195034027 1.45411704480648 0 0 0.3529970645904541 0.2168691828846931 0.1176633760333061 0.7707206159830093 0.4005515202879906 0.2588602602481842 0.1218338385224342 326.9578948542476 2.313941299915314 13.99882937222719 0.2460711747407913 0.2413072735071182 0.4833878502249718 14.41444582492113 2.160760223865509 1.47097285836935 3.152016296982765 1.534835420548916 0.7235125601291656 0.2258593589067459 0.3973954543471336 0.2181017845869064 0.1047226414084435 29.88756357878447 2.099367335438728 0 0.5014385879039764 0.8252657428383827 0.8469965606927872 0.2752883434295654 0 2.521769747138023 8.620617769658566 630.4956981614232 1493.032865934074 47.52545831352472 16.89618536829948 0.2328060418367386 3.535003907978535 0.09195180982351303 7.550436615943909 3.59632683545351 2.270453684031963 2.184286989271641 1.906024463474751 2.248016752302647 1.026620276272297 13.37678705155849 12.37439607083797 0 238.9429313763976 22.76038953661919 9.000698007643223 9.465207017958164 2.679787784814835 6.230384945869446 147.0278581976891 0 16.83644581586123 9.2716314047575 0.5438693687319756 2.124581709504128 4.1230159252882 1.435874164104462 0.1682314723730087 1.839288622140884 0.4403131604194641 0.3412362784147263 0.9639664217829704 0.5869541168212891 0 0.1191781014204025 210.7826197445393 16.74570491909981 1.039268493652344 5.283536180853844 1798.566313356161 0 0 0 0 0 0.260304182767868 0 0.7962355017662048 18.14827772974968 5.440772145986557 0.17234006524086 6.103682816028595 1.970302909612656 3.353582233190536 4.164739713072777 0.3339172005653381 0.1404438316822052 0 0.4842448532581329 0 0 0 0 0 0 0 0 0.4244949817657471 0 0 0 0 0 0 1.319121390581131 0.4950486123561859 0 0 0 3.398369118571281 0 3.932015918195248 0.9061300754547119 1.094966769218445 0 0 0 0 0 0 0 0.3193684220314026 1.571483701467514 0 0 0 0 0.1622736006975174 0 0 0.1249523311853409 0 0 0 0 0 2.455923706293106 0.3221367299556732 0 0 0 0 0.1349635422229767 0.2088354229927063 0 0 9.592690035700798 0 0 0 0 2.105677850544453 0 0 0.6212870478630066 0 0 1.240232706069946 0.4684344679117203 0 0.1158447340130806 0 0 0.5627443119883537 0 0 0 2.473257578909397 1.57340644299984 2.187077254056931 80.68738986551762 29.34271551668644 148.6545092687011 15.92820917069912 1353.250693023205 78.57660548388958 3.924280993640423 13.83951207995415 1.266546189785004 0.2347083762288094 1.280573606491089 0 0 1.101585626602173 0 0.4644320011138916 0.3540890365839005 0
5698.773979134858 0 1750.680747613311 162.2272434309125 5058.285909056664 401.6894277781248 4097.242315277457 619.9859363362193 351.9539620429277 277.1274268850684 2148.155559450388 30.53075196594 987.6123102158308 179.7504545897245 24.86361169070005 11.77084579318762 1.781016170978546 1.035136438906193 0.2964359819889069 1.825197733938694 7.035171687602997 0 0.5505111068487167 0.7867236062884331 0.6473628208041191 1.884589038789272 1.505318678915501 0.3450066968798637 2.265716910362244 0.8526637405157089 1818.756245166063 57.42286740243435 32.78125289827585 0.755871556699276 0.7908372357487679 1.119017653167248 13.53916331380606 10.22258570790291 2.318021222949028 11.20655958354473 3.468855232000351 1.112227708101273 0.7648471593856812 2.136012963950634 0.136249765753746 0.451423279941082 136.0758974701166 7.032781675457954 0.9379432201385498 1.717721208930016 2.683455146849155 0.5423777103424072 0.3580287396907806 1.385288164019585 6.124491989612579 23.26518111675978 316.5163563042879 1742.63202381134 63.52124087512493 78.48254019767046 0.9781013131141663 8.794695444405079 0.1210317760705948 72.56649676710367 11.39718502759933 8.955433033406734 8.55506394803524 8.48957434296608 5.364024579524994 5.865189209580421 9.5321951135993 1.021493293344975 0 444.7653684318066 104.545407384634 64.30032846331596 65.00318921357393 10.1414852514863 21.62676768004894 521.6815391480923 1.303902484476566 62.29298873990774 31.56145826727152 0.7913777604699135 6.211174346506596 15.00478488951921 6.965673752129078 0.6818814873695374 4.44337172806263 1.384271673858166 1.821381241083145 1.75088132172823 0.561246283352375 1.818145185709 1.408986203372478 97.55111558735371 0.7742659449577332 0 1.829303853213787 1089.679525770247 0 0.5385065078735352 0.3252774775028229 0 1.827498242259026 1.351606771349907 1.603126168251038 1.827555984258652 15.54125690460205 8.423034206032753 0.2939156293869019 11.46723470836878 8.792223505675793 15.15292916446924 13.17717353999615 0.6287717521190643 0.726556807756424 0 0 0 0 0 0 0 0 0 0 0 0 0.3744822144508362 0 0.2708516716957092 0 0 4.311951324343681 1.987213954329491 0 0 0 5.693299695849419 0 9.539359845221043 1.775105744600296 0.4179023131728172 0 0 0 0 0.3108028173446655 0.1396439373493195 0 1.450971975922585 2.338112443685532 0 0 0.2803569138050079 0.09123502671718597 0.1901839971542358 0.4820033982396126 0 1.117340557277203 0.6494548320770264 0.274825893342495 0.1660165041685104 0 0.3524185121059418 5.69309625774622 1.764862939715385 0.09133213013410568 0.5342259854078293 0.62747623026371 0.9849578514695168 0.2112064361572266 0.3217606619000435 0 0 27.40842643380165 1.013362050056458 0 0 0.4480486959218979 1.163673371076584 0.09590291976928711 0.6098794192075729 1.406064748764038 0 2.810637503862381 0.547084778547287 0.858455166220665 0.5630038231611252 0.8007577732205391 0 0 0.507206454873085 0.2255909219384193 0 0 8.449397265911102 5.127467289566994 7.409648790955544 248.2576175406575 115.1132586300373 478.8597135469317 47.415636703372 771.1586777567863 126.0548505038023 11.55332539975643 51.93858463317156 6.162109069526196 0.8262461051344872 5.322117656469345 0.217188224196434 0 1.498722419142723 0.333435982465744 3.024761393666267 1.679007507860661 0
2486.206373885274 1750.680747613311 0 13.03110886365175 427.8433500677347 16.42000730335712 109.1529822871089 1990.092496357858 97.57439877837896 25.16854993253946 2637.759411387146 8.655631713569164 50.07922504842281 111.4153620898724 44.394132129848 37.99298237264156 8.414714723825455 3.635411851108074 0 9.47380967438221 80.83108889311552 0.4994882568717003 7.487646132707596 4.271581389009953 7.166370175778866 13.05957522988319 16.61795585602522 1.952523328363895 2.208009026944637 3.90544506162405 5047.855312563479 686.4620204865932 54.9786257520318 6.94777138531208 10.67650064826012 16.61962328106165 37.19745868444443 41.56657183915377 4.844717606902122 32.63613203167915 38.52153254300356 2.600167915225029 16.6213883087039 3.756257683038712 2.958625614643097 3.580682754516602 116.6419095173478 3.681677795946598 2.598040454089642 6.128717258572578 2.847213812172413 0.847025103867054 0.3058311268687248 0.9357803910970688 1.894761376082897 10.06054630130529 119.0291195139289 1461.35238481313 25.01104664057493 48.33664952218533 8.055934928357601 22.8993866443634 5.965008601546288 176.7285708785057 6.668117582798004 4.060981579124928 3.669929876923561 4.174882367253304 13.86466453224421 73.73616209626198 15.63203615695238 2.76894448697567 0 196.3479432910681 94.95713010430336 61.86653982102871 66.97830995172262 19.49128623306751 113.837478004396 1958.801343291998 5.134071126580238 616.5808188170195 11.46337249130011 0.9323323667049408 3.832189872860909 8.772894330322742 5.077933549880981 0.2769584432244301 2.300393134355545 0.4906953498721123 0.5033378973603249 0.59368497133255 2.410287506878376 1.771445028483868 1.456741005182266 25.36416810750961 1.295114383101463 0 0.3438460528850555 766.2904422730207 0 0 0 0 0.1566545367240906 0.2287873774766922 0.393822193145752 1.500332921743393 1.410756304860115 3.952938005328178 1.504984572529793 5.138866931200027 5.017936788499355 10.52202735096216 9.801261924207211 0 0.3420642465353012 0 0.0973510816693306 0 0 0 0 0 0 0 0.09670760482549667 0.0835588201880455 0.2551812529563904 0 0 0.3594807386398315 0 0.1187225878238678 3.717253744602203 3.688685968518257 0 0.112787052989006 0 6.693813145160675 0.3535298705101013 9.793914347887039 2.579811990261078 0.6785080134868622 0 0 0 0 0.1282568126916885 0.6171746626496315 0 1.716124385595322 1.964548885822296 0 0 0 0.5190143063664436 0.146850124001503 0.1729843094944954 0 0.1745581701397896 0.108973003923893 0.4837749302387238 0 0 0.1177167668938637 5.329827949404716 1.431179404258728 0 0.188212051987648 0.4033626914024353 0.2787496447563171 0.3435331210494041 0.3209856525063515 0 0 22.58290580660105 0 0 0 0.1301606893539429 0.6325265914201736 0.376043863594532 0 0.1024184226989746 0 0.3701012581586838 1.293580956757069 0.3730670288205147 0.4277009814977646 0.0999104380607605 0.1017363592982292 0 1.161117792129517 0 0 0 6.873291805386543 2.924098014831543 6.155127838253975 168.5142065435648 73.38799799233675 332.5966404601932 49.38644706457853 129.3943464308977 77.39006804674864 5.351874314248562 58.0986710190773 5.356625959277153 0.8268034681677818 2.080236829817295 0.2892779856920242 0.3133508563041687 0.1002161502838135 0 1.23779933154583 3.829120740294456 0
1086.88888143003 162.2272434309125 13.03110886365175 0 41.81359463185072 603.355755597353 529.2364545091987 1.77698028832674 130.8238389641047 1732.660560794175 7.891154959797859 241.0648287683725 1170.655216708779 528.2659662365913 1.423915222287178 0.3271410316228867 0 0 0 0 0.1061209514737129 0 0 0 0 0.1280800551176071 0 0 0 0 42.60418993979692 0.6678020805120468 2.10097611695528 0.1236156597733498 0 0 2.805961549282074 0.1144697442650795 0.5343779921531677 0.3215476647019386 0 0 0 0 0 0.1133740395307541 13.71759267896414 0.8694425076246262 0 0.2737200930714607 0.5981229320168495 0 0 0.5585690513253212 1.025496296584606 2.956519775092602 57.01308896392584 183.7439122051001 8.582977265119553 8.926600240170956 0.2597167864441872 1.148691534996033 0 5.244812674820423 2.129430487751961 1.050665229558945 0.9901762083172798 0.6291092559695244 0.4496595337986946 0.08666799962520599 12.4969590306282 5.569390088319778 0 60.02693939954042 11.36758926510811 4.322890497744083 6.27610095590353 0.3457832112908363 0.1203129589557648 1.443010360002518 0.3211049288511276 0.1917479857802391 3.479658894240856 0.4078192934393883 1.121569275856018 2.177517727017403 1.270285986363888 0 0.9554238244891167 0.1197002381086349 0.4835384711623192 0.7042587846517563 0 0.1022367998957634 0.1283396333456039 309.5537783056498 2.10494276881218 0 0.1070690602064133 295.9752097278833 0 0 0.9295186400413513 0.4523678421974182 0.2354075908660889 3.157649099826813 2.894434615969658 1.822524577379227 15.97164526581764 16.27394889295101 1.33408696949482 18.64567674696445 11.47594210505486 16.76835468411446 18.82403396070004 0 0 0 0 0 0 0.4273527264595032 0 0 0 0 0 0 0 0 0.1351101100444794 0 0 0.08972378820180893 4.339972943067551 3.146812424063683 0 0 0 3.801028832793236 0 5.599687367677689 0 0.4644759595394135 0 0 0 0 0 0 0 2.447970032691956 0.6768531948328018 0 0.6117070913314819 0 0 0 0.1131932735443115 0 0.1039067059755325 0 0 0 0 0 5.151467606425285 2.253678858280182 0 0 0 0 0.1321939080953598 0 0 0 25.90786339342594 0 0 0 0 1.054491519927979 0 0.4173851609230042 1.807036548852921 0 1.373415216803551 0.5421595424413681 1.048025503754616 0 0.3269083276391029 0 0 0 0.1027838662266731 0 0 10.62620091438293 0.5846794247627258 4.567730039358139 46.51712742447853 14.87080495804548 72.19541038572788 6.685812100768089 633.2727274596691 20.31073499470949 1.603442043066025 4.475590243935585 2.319579862058163 0.1205989420413971 6.074314005672932 0.1872582286596298 0 0.1830433458089828 0 0.3178442120552063 0 0
903.0793415382504 5058.285909056664 427.8433500677347 41.81359463185072 0 13.82401783764362 4592.170368909836 183.5220001488924 4924.001719616354 266.072896450758 1705.169424489141 322.6159504428506 2346.570075184107 1484.891618229449 37.63990355283022 14.87454563379288 0.7025711089372635 1.546545520424843 0.2951247170567513 0.6647713854908943 1.72505971044302 1.038727000355721 0.2117836326360703 0.2340749949216843 0.7915877997875214 2.407812915742397 0.4758241027593613 1.577392086386681 2.628261245787144 0.706451490521431 320.4671487882733 8.284189470112324 49.9139064848423 0.2788247317075729 0.1258329302072525 0 36.25098805129528 1.554797515273094 1.600562199950218 3.885915793478489 1.793271794915199 1.35566158592701 0.7791818827390671 0.8918887227773666 0 0.09544610977172852 191.6191473901272 2.647811539471149 0.5172970592975616 3.356188051402569 2.936043299734592 2.007313810288906 0.9655326306819916 1.957929939031601 3.410623788833618 13.01355928182602 51.08977191150188 242.2261640354991 24.58945059776306 73.60727339237928 0.6543653979897499 18.9755259975791 0.1081514433026314 88.50022151321173 5.847570672631264 6.082702346146107 4.304907754063606 6.579275101423264 5.294315330684185 3.141275741159916 26.4221413359046 3.129193022847176 0.1624206602573395 165.110964089632 64.10677342116833 90.73652339726686 88.7286244481802 12.21879285573959 3.001206211745739 159.8120621442795 1.542857214808464 3.226084560155869 14.66168743371964 0.9644342064857483 3.643171936273575 10.946084395051 4.914165712893009 0.5323025584220886 3.945181474089622 1.736604571342468 1.537865407764912 2.777056023478508 0.6837944760918617 2.271181344985962 3.635516040027142 141.3458968400955 1.146921373903751 0 1.011048592627048 35.71100924164057 1.585209228098392 1.065192833542824 3.156526863574982 1.115171745419502 3.762666955590248 6.299477517604828 3.445939242839813 10.72227347642183 23.66901807487011 36.68915231525898 3.809203058481216 69.33212794363499 42.0060895010829 57.89805980026722 69.90104958415031 0.802860364317894 0.4210939854383469 0 0 0 0 0 0 0 0 0 0.1104917600750923 0.1445937156677246 0 0 0 0 0 0 11.35564211755991 6.483919575810432 0 0 0 12.87331126630306 0.6650689020752907 21.20433034747839 1.586396276950836 0.4719355851411819 0 0.2564799413084984 0.1173775270581245 0 1.057287216186523 0.1108050271868706 0 2.906354039907455 9.80726482719183 0.4718752503395081 0 0 0 0.493442103266716 0.09175863116979599 0 0.6685704663395882 1.09843747317791 2.616796709597111 0 0.309827983379364 0.5651719570159912 26.31520701944828 5.161035858094692 0 0.3536411300301552 0.4662877768278122 0.2361260950565338 0.5678395479917526 0.09415659308433533 0 0 81.95395532250404 0 0 0.277194082736969 0.8032148629426956 6.094830214977264 0 0.9174330532550812 1.742902889847755 5.579649701714516 6.035184197127819 1.474798940122128 1.661246053874493 0.3676552847027779 0.3140882924199104 0 0 0.7960924953222275 0 0 0.1339776068925858 43.37459758669138 8.92924041301012 8.928643107414246 431.9340672120452 158.7421688884497 552.4502780735493 97.9816952496767 168.504012323916 144.2906153798103 11.84438925981522 106.1501661986113 14.97879200428724 1.275223053991795 8.427907802164555 1.453776270151138 1.514276616275311 1.585762858390808 0.2875292301177979 6.053902737796307 4.381245642900467 0
319.5801749378443 401.6894277781248 16.42000730335712 603.355755597353 13.82401783764362 0 122.8534848690033 0.5353526622056961 17.61283791810274 396.5403102934361 8.640293091535568 102.261045396328 180.2033013775945 62.01210650056601 0.5334163680672646 0.3149530440568924 0.1511018574237823 0 0 0.2018316835165024 0 6.920988395810127 0 0 0.1253586858510971 0 0 0 0 0.1443623453378677 11.39850710332394 0.2960408926010132 22.2362427264452 0 0 0.1012046188116074 35.2003637701273 0 3.280725374817848 0.2788353115320206 0 0.3897251486778259 0 0 0 0 3.536242932081223 0.1399590671062469 0 0 0.1025251671671867 8.141991928219795 1.371860593557358 0 0.2293020859360695 0.3655049577355385 89.03975933790207 41.99069102108479 2.244646191596985 1.755855813622475 0 12.28910861909389 0 1.876562044024467 1.037776000797749 0 0.2849603518843651 0.116254985332489 0.1198020130395889 0 104.8879224658012 259.781583070755 0.1931323409080505 14.03159208595753 3.840862795710564 0.8644620105624199 1.341451421380043 0.5018570274114609 0 29.4269794523716 0.1907182782888412 3.214037522673607 0.3695351183414459 0 0 0.4225883558392525 0.1213480830192566 5.044198125600815 0.9390995800495148 9.606219246983528 0 3.750229448080063 0 0.4560588151216507 0 607.4889804273844 172.7122371941805 15.95715260505676 69.82628341019154 349.8119396269321 0 0 0 0 0 1.027529716491699 0 0 2.581599503755569 0 0 0 0.5348457098007202 1.058300197124481 0 0 0 0 0 0 0 0 0 0 0 0 0 0 0.3794929981231689 0.136209711432457 0 0.1485231071710587 0 0 0 0 0 0 0 1.44938263297081 0 1.76595376431942 0.3761941641569138 0.114270955324173 0 0 0.1979782730340958 0 0 0.3523629978299141 0 0.6044116020202637 0 0 0 0 0.6461406350135803 0 0.1233640387654305 0 0 0 0 0 0 0 0 0 0 0 0 0 0 0 0 0 1.410438105463982 0 0 0 0 0 0 0 0 0 0 0 0 0 0 0 0 0 0 0 0 1.242110416293144 0 0.2773139774799347 8.393004208803177 4.250840984284878 12.16755816340446 0.9639096111059189 173.038409627974 6.106970123946667 0.2350630462169647 3.045389339327812 0.5727880597114563 0 0.2905994951725006 0 0 0 0 0 0 0
365.7457855716348 4097.242315277457 109.1529822871089 529.2364545091987 4592.170368909836 122.8534848690033 0 3.904359132051468 1751.535799250007 1647.005396485329 109.9382451325655 393.015005543828 2841.681013122201 2094.963247694075 25.78404226899147 10.55964571982622 0.1050470918416977 0.6944726929068565 0 1.275279998779297 1.243112459778786 0.5815858244895935 0.1267721801996231 0.4734378457069397 0.1911543011665344 1.195283271372318 0.6041707992553711 0.6489577293395996 2.958241499960423 0.7646986320614815 252.6008913591504 3.527580581605434 22.20437169075012 0 0 0 26.46756765991449 0.7700178027153015 4.4615588337183 1.505751974880695 1.482697948813438 1.087386965751648 0.4852422103285789 1.423945344984531 0.3009222447872162 0.2095134928822517 160.7805085033178 3.491237953305244 0.247563898563385 2.929027877748013 2.096541881561279 2.260228581726551 0.3899513557553291 0.9281888529658318 3.362437479197979 11.03305026143789 80.95943559706211 334.4564252272248 25.33100760728121 55.22239764034748 0.5114258304238319 8.492307648062706 0 67.47290374338627 6.993618570268154 5.484341517090797 4.728843219578266 4.403957217931747 4.213715001940727 2.199317790567875 20.19909458607435 3.322102010250092 0 185.2751533091068 61.23336333036423 59.72064955532551 64.57634048908949 7.431228190660477 1.287137269973755 22.57299379259348 1.300527550280094 2.89779369533062 15.4364690631628 0.3922437131404877 3.389934830367565 9.293598391115665 5.175411753356457 0.3066502213478088 3.211410358548164 0.3537268042564392 2.051059477031231 1.440435320138931 0.7636759802699089 2.225526548922062 2.598107390105724 260.8376229554415 1.355015397071838 0 0.2473563626408577 110.6298382133245 1.806414067745209 0 8.523066639900208 1.620820313692093 5.82861815392971 4.476984143257141 5.161428853869438 11.06298346817493 35.36813823878765 41.81872883439064 3.821723029017448 54.98055606335402 42.70966817438602 65.11025394499302 61.0715004876256 0.7879745364189148 0.7614309936761856 0 0 0 0 0 0 0 0 0 0 0 0 0.3796979784965515 0 0.307117372751236 0 0 11.71888855844736 8.93961114436388 0.8283301591873169 0 0 14.77649677544832 0 33.96477248519659 2.620419681072235 0.5326705574989319 0 0 0.4844298958778381 0 0.3786025047302246 0.3818285465240479 0 5.955017670989037 10.01200038939714 0.4240215122699738 0.1345422118902206 0 0.3244078159332275 0 0.1876500472426414 1.416383862495422 0 0.8515857681632042 5.141727425158024 0 0.4992420077323914 0.1715130209922791 31.77886147797108 6.176932781934738 0.6249915733933449 0.3686541989445686 0.3922777995467186 0.4606129080057144 0.7213130742311478 0.0988137349486351 0.1618729829788208 0 88.9617485627532 0 0 0 0 8.897933095693588 0.2383381873369217 2.613406375050545 4.906346559524536 7.289331443607807 11.39755576848984 2.604624226689339 4.709715858101845 0.4362902864813805 0.1915601119399071 0.14512999355793 0 0.2613695338368416 0.6269055604934692 0 0 35.22633981704712 10.33300456404686 9.958823189139366 397.6316140294075 127.5471664071083 490.2865486815572 79.11877704411745 410.4829041883349 128.4431491866708 11.90449454635382 83.8765677139163 9.072634510695934 2.001774653792381 15.4925439208746 1.435172408819199 1.301757991313934 1.421306580305099 0.8390815854072571 7.778689652681351 4.106701038777828 0.3507753759622574
119.4172054007649 619.9859363362193 1990.092496357858 1.77698028832674 183.5220001488924 0.5353526622056961 3.904359132051468 0 93.78949938714504 4.623285554349422 1683.90671493113 6.168345719575882 42.52458615601063 174.5411544665694 49.1936694085598 35.54235676676035 9.941013477742672 12.21614941209555 1.206816129386425 66.95393038541079 223.9573890641332 0 14.43769424408674 10.33132517337799 9.940749526023865 29.30581053346395 21.12604504823685 2.68347792327404 1.327427268028259 4.486016757786274 911.906454987824 2294.877658747137 73.61205428093672 39.14100369066 27.0914174541831 33.26985560357571 26.25845760852098 36.27159363776445 2.790146812796593 20.29892909526825 59.61845660954714 5.569485858082771 48.25251260399818 14.48635072261095 19.8559932783246 30.67146214097738 138.3095563724637 2.088047839701176 2.334618993103504 21.19837469607592 1.446537889540195 0.3221800401806831 0.2210839167237282 0.3585848957300186 0.1839386746287346 4.08791284263134 24.04223397374153 189.0495337992907 10.14191088825464 37.77484287321568 149.8793232217431 163.7199824750423 36.05318127572536 281.9651267379522 2.744508169591427 2.259789250791073 0.9992248937487602 2.617491200566292 40.61377652734518 172.4172423630953 6.541831277310848 0.7155919373035431 0 94.93422838300467 60.94476810097694 67.56553105264902 247.1265370324254 256.0403622835875 950.5755964741111 1704.965697303414 494.5780106782913 2778.63749140501 5.32083135843277 0.2285700440406799 1.509977117180824 3.482016578316689 7.53318902105093 0.1319614052772522 1.096020005643368 0 0.7850163504481316 0.9140902608633041 5.904792696237564 0.7491109073162079 2.183860644698143 25.36060155183077 1.149346515536308 0 0.2750004827976227 13.65502494573593 0 0 0 0 0.2744830846786499 1.025686368346214 0.3495897203683853 1.920175120234489 0.2971048504114151 2.204622015357018 0 7.72313004732132 5.106943592429161 11.55689945816994 7.210031040012836 0.2914211377501488 0.4642968699336052 0 0 0 0 0 0 0 0 0 0 0.352810762822628 0.1251978576183319 0.09607330709695816 0 0 0 0.1132944151759148 0.8133616298437119 1.114115625619888 0 0 0 2.489591136574745 0 3.320253498852253 1.65863323956728 0.6952545419335365 0 0.1101202517747879 0 0 0 0.342987947165966 0 0.1666756570339203 2.177454367280006 0.3053474128246307 0 0 0.1846553981304169 0 0 0.1323909014463425 0 0.4543405026197433 1.230468243360519 0 0.1347406208515167 0 4.74187459051609 0.7382545173168182 0.3366881310939789 0.08467177301645279 0.194577544927597 0.09560713917016983 0.5160524249076843 0.08460691571235657 0 0 13.70852718502283 0 0 0.1067874059081078 0.2327548712491989 0 0.1259145736694336 0 0 0.2624892592430115 1.001771867275238 0.4408097118139267 0.3797043263912201 0 0.1274475604295731 0.09630897641181946 0 0.1358944475650787 0 0 0 8.065875940024853 2.868209719657898 3.230531759560108 174.2872481197119 46.94753485918045 305.4919661954045 46.93183136731386 44.50469525903463 52.66667926311493 3.321561224758625 70.12726173549891 5.453902140259743 0.2008738368749619 3.414301231503487 0.2864887118339539 1.147655367851257 0.7512179315090179 0.189461275935173 1.415544167160988 1.665608830749989 0.505891427397728
110.9591951593757 351.9539620429277 97.57439877837896 130.8238389641047 4924.001719616354 17.61283791810274 1751.535799250007 93.78949938714504 0 464.2480709701777 2081.442010641098 375.5356463491917 2876.860243521631 2326.002124935389 60.1881298199296 27.04222270101309 1.139275006949902 1.56166110932827 0.2065193206071854 0.6840707138180733 2.452078126370907 0.7420718967914581 0.09899382293224335 0.5629806369543076 0.9414537101984024 0.7326297163963318 2.000540465116501 2.077369019389153 2.941462650895119 0.6229163706302643 85.64043242484331 8.140227362513542 162.1429291069508 0.2180436477065086 0.1201677620410919 0.5781943872570992 90.90966062992811 2.987079955637455 1.097318135201931 6.332088924944401 3.619054712355137 2.038783356547356 1.392241589725018 2.677779078483582 0.0886748880147934 0.3764187321066856 191.3476139381528 1.477244138717651 0.2318742573261261 3.778029218316078 1.946876510977745 1.387104190886021 0.4688319191336632 1.820722736418247 1.467942282557487 6.715347558259964 21.77982149273157 67.99330083280802 12.44885431230068 50.14828749001026 0.600810669362545 39.36189342290163 0.1447993814945221 35.44472005963326 3.07077220082283 3.010522365570068 2.537452340126038 3.841794371604919 4.196715258061886 4.959016315639019 38.29767201095819 5.788272149860859 0 90.13704206049442 29.36131498217583 95.42366482317448 75.28450758755207 15.83389096707106 1.329902842640877 575.9299482554197 1.065728180110455 41.98429842293262 6.607649967074394 0.2042648866772652 2.018259137868881 4.624508671462536 3.821581117808819 0.1669865548610687 2.314827367663383 0.7730074003338814 1.58904854953289 2.319415636360645 0.8360003978013992 1.464851677417755 3.477814301848412 218.4341362714767 2.506880149245262 0 1.775095641613007 13.09992652386427 2.406281769275665 1.12273097038269 1.069809243083 0.8157262802124023 6.798065304756165 11.75092686712742 7.725193023681641 20.06430786848068 42.78840219974518 63.5173306837678 6.158875659108162 101.9058976620436 79.41555367410183 119.1698317229748 109.5688552260399 0.8440348207950592 2.153036288917065 0 0.1798123121261597 0 0 0 0 0 0 0 0 0 0 0 0.2246986478567123 0.2196632921695709 0 0 20.22405211627483 18.88991682976484 0 0 0 19.95988202095032 1.019077852368355 38.28811985254288 0.9941891357302666 0.2925834059715271 0 0.3592014908790588 0.2791098654270172 0.5138140916824341 0.9106586277484894 0.2444041222333908 0 8.314754605293274 16.09765657782555 1.448210701346397 0.6858431696891785 0 0 0 0.1863449439406395 0 0.09453407675027847 0.7769255787134171 6.854136250913143 0.2731459736824036 0.4835592284798622 0 49.54190580546856 11.9601117670536 0.3554391413927078 0.4568801522254944 0.150466114282608 0.3058024048805237 0.122927650809288 0.4996341615915298 0 0.1632717847824097 141.1650349646807 0 0.1838602870702744 0 0.3665989190340042 13.51534703373909 0.4033131897449493 1.326243005692959 3.188818603754044 7.493584327399731 11.42768167704344 5.305259123444557 4.610083803534508 1.206933423876762 0.08315686136484146 0 0 0.609536737203598 0.4304431229829788 0 0.1360296905040741 78.1995714828372 16.36384180933237 15.53543572872877 475.7894308939576 122.7077887654305 541.5140987709165 112.8117571771145 139.6885362491012 130.4347057119012 13.23337388783693 154.0091580748558 18.63794610649347 0.7418468445539474 19.736990198493 1.127779677510262 0.825141429901123 4.37599989771843 1.301299147307873 8.058150693774223 5.835373118519783 0
608.4151344671845 277.1274268850684 25.16854993253946 1732.660560794175 266.072896450758 396.5403102934361 1647.005396485329 4.623285554349422 464.2480709701777 0 43.61096213757992 1239.689617872238 3725.744737781584 761.4612812846899 2.026926785707474 0.6416009142994881 0 0 0 0.09233056753873825 0 0 0 0 0 0.3740846216678619 0.6571965217590332 0.1081869304180145 0 0 69.0909990593791 0.5763354450464249 127.5735970512033 0 0 0 348.2175601124763 3.674155086278915 1.997013986110687 0.6102282702922821 0.139816626906395 0.1240623369812965 0 0 0.2304724156856537 0.1043584868311882 33.04751324653625 1.936265215277672 0 0.5075251087546349 0.7855589762330055 0 0.122490331530571 0.3235207200050354 1.179476343095303 3.938127554953098 59.04962958395481 171.4469099268317 10.2604194432497 14.62534172832966 0.2789939865469933 50.41573405265808 0 13.66478959470987 1.668606482446194 1.878278970718384 1.572798922657967 1.931302607059479 1.076308235526085 0.3122798725962639 149.5953065901995 12.01014113426208 0 83.41027043014765 21.84565947949886 9.82775516808033 12.95359170436859 1.340598233044147 0.351513534784317 106.181225605309 0.4738767892122269 0.4523454084992409 4.681022107601166 0.3026435300707817 0.3016155287623405 1.93924817442894 1.686960004270077 0.103526383638382 0.2822529822587967 0.1035273149609566 0.1833800002932549 0.1150998920202255 0.8045045584440231 0.1251391023397446 0.1027204915881157 748.0930754244328 20.26497177779675 0 5.545828342437744 287.6954637467861 5.316540583968163 2.52475243806839 14.82066044211388 13.18541038036346 3.805547475814819 15.80542328953743 25.38681380450726 21.31125712394714 97.30537769198418 149.2783127576113 4.339021638035774 127.1968994289637 87.77779984474182 155.998045168817 95.4498299062252 0.8184874355792999 1.701457440853119 0 0 0 0 0 0 0 0 0 0 0 0 0 0 0 0 0 31.77370157837868 16.84972248971462 0 0.3667343854904175 0 39.36705692112446 0.7299041152000427 50.50736966729164 3.584193259477615 1.589616760611534 0.1816504597663879 0 0 0 0.9919366836547852 0 0.2530739307403564 5.011884331703186 21.70095782727003 0 0.4284209311008453 0 0 0 0.7726771011948586 0 0.3039533495903015 4.378230899572372 9.576055109500885 0 0.5188546627759933 0 62.34541054069996 10.33587537705898 1.422095447778702 1.455600693821907 1.106666520237923 0.3005284518003464 0 0 0 0 120.1460383087397 0.1380180716514587 0 0 0.139148086309433 5.866514936089516 0.6147351861000061 1.341975927352905 11.89290404319763 11.07950204610825 11.46500177681446 4.349311903119087 4.460242353379726 2.179061882197857 0.09273909032344818 0 0.1247467771172523 0.901805192232132 0.4734435081481934 0 0 60.84757286310196 14.5228236168623 25.29300652444363 150.7088931649923 22.01673546433449 134.0634122937918 15.4886737242341 470.0800430327654 33.13811062276363 2.112993091344833 23.72974541038275 19.51524146646261 0.8028192818164825 31.86409986764193 4.669037818908691 1.102450475096703 3.98771695792675 0.7077299058437347 7.65131402015686 0.3393977284431458 0.9359267950057983
508.1629884019494 2148.155559450388 2637.759411387146 7.891154959797859 1705.169424489141 8.640293091535568 109.9382451325655 1683.90671493113 2081.442010641098 43.61096213757992 0 120.4222573041916 1610.911791458726 3512.406208328903 126.2458356767893 85.03275669366121 10.9626632630825 4.652951620519161 0.2507721856236458 2.787774212658405 29.83025574684143 0.3076230138540268 1.457395799458027 1.935348607599735 9.765951819717884 7.482120469212532 13.11238560080528 2.585047252476215 4.548974722623825 3.718944534659386 489.4048771113157 184.9820460379124 1353.87294562161 1.987403459846973 4.631836049258709 11.00301398336887 289.8044897541404 94.01106739044189 13.79610775411129 85.43342469632626 31.73113664239645 4.046572402119637 3.793111383914948 6.699329018592834 1.487023629248142 0.4613034650683403 327.7454242780805 3.425435051321983 2.47037760913372 5.743645146489143 2.2506492882967 5.34659817814827 0.5634655132889748 2.112137548625469 2.046332992613316 9.110878482460976 27.61261522769928 167.0461678057909 17.45400986820459 87.01383424550295 1.156460121273994 236.7065654844046 2.129840441048145 93.38923226296902 5.677441380918026 4.782865174114704 3.858084820210934 6.846626900136471 7.621042765676975 33.12028124183416 71.12158013135195 10.58144769072533 0 145.1231250837445 61.44314859062433 167.8683927282691 148.602103151381 49.64283014088869 55.90761879086494 2909.362672746181 1.768512137234211 527.3747826516628 8.936973437666893 1.24102421849966 3.064109787344933 7.913529433310032 5.532546170055866 0.3249341174960136 3.360322244465351 1.084035314619541 1.428643234074116 1.926980078220367 4.879846632480621 3.840779326856136 5.03036317974329 299.9748987257481 11.87257215380669 0 1.61639591306448 19.96684873104095 1.849963009357452 0.2169259637594223 0.7597860544919968 0.8490582704544067 4.289878070354462 6.979124799370766 3.120266780257225 13.69962532073259 21.60933144390583 45.36184404045343 4.645492844283581 82.63237676024437 61.67422648519278 99.135731741786 83.76579304039478 1.551191337406635 2.582321472465992 0 0.4690447375178337 0 0 0.1537607908248901 0 0 0 0 0 0.1034805625677109 0.3028197288513184 0.2076206430792809 0 0.5837090313434601 0 0 14.80967406183481 14.74145042151213 0 0.2478439211845398 0.07818393409252167 18.35524078458548 0.08262544125318527 31.29360253363848 2.577614560723305 0.240240678191185 0 0.1249840259552002 0 0.384738489985466 0.9413866251707077 0.1047842875123024 0 1.93338206410408 12.69332326203585 0.8240115121006966 0 0 0.3945055231451988 0 0.3783354908227921 0 0.1000743582844734 2.583109006285667 4.501899197697639 0 0.4422335922718048 0 41.11136323958635 7.202872611582279 0.09191594272851944 0.4758724421262741 0.2071325555443764 0.2231492847204208 0.2152647376060486 0.8119719848036766 0 0 134.8464630395174 1.313238203525543 0 0 0.5497739762067795 7.375493332743645 0.8700769394636154 2.452242165803909 3.998430177569389 8.983511030673981 5.77782966196537 2.640316635370255 2.707796342670918 1.033290289342403 0.3252065479755402 0.1345862001180649 0 0.3859826251864433 0.7282465547323227 0 0.09795331209897995 80.86602915078402 23.02172527462244 16.58795993030071 606.4268111810088 163.8367851525545 811.7425400987267 180.7532961666584 157.6824326068163 170.9764610156417 12.71951016783714 241.1482363864779 14.90090460330248 1.11259625852108 18.81593982875347 3.521016083657742 3.095178797841072 2.370417758822441 0.3950590342283249 11.64930821210146 10.06238782405853 0.1449993103742599
86.00028051435947 30.53075196594 8.655631713569164 241.0648287683725 322.6159504428506 102.261045396328 393.015005543828 6.168345719575882 375.5356463491917 1239.689617872238 120.4222573041916 0 3345.395047724247 379.9703669548035 3.807273723185062 2.260014377534389 0.9067745059728622 0 0 0 0.1170256957411766 0 0 0 0.1180590689182281 0 0 0 0 0 1.927827954292297 0.129540890455246 180.9675281047821 0 0 0 1475.031038090587 0.1408554464578629 0.6946867555379868 0.2208464443683624 0 0 0.2501430511474609 0.631195530295372 0.1459668874740601 0 7.717513166368008 0 0 0.4299939423799515 0 0.1252305954694748 0 0 0 0.134931206703186 2.408158987760544 3.891191177070141 0.2993170619010925 1.149616681039333 0 437.2059752196074 0 1.012569069862366 0.07277297228574753 0.3788919895887375 0 0.4516759812831879 0.1449055969715118 0.5493400394916534 160.8222017139196 5.750383421778679 0 3.773715384304523 0.8102202191948891 2.405952848494053 2.514630161225796 0.4910571202635765 0 455.8820013254881 0 8.707685336470604 0.2446213364601135 0.08610805869102478 0 0.07824108749628067 0.6534101888537407 0 0 0 0 0 0 0 0 1761.098276406527 62.30579577386379 0 1.355648964643478 34.14453935623169 0 0.8827586770057678 1.666375890374184 3.494757473468781 5.422008827328682 14.25955013930798 18.07259337604046 21.60874502360821 49.29885497689247 100.181754603982 3.380517885088921 132.3212751075625 106.2039633542299 182.1824585050344 97.2800639718771 0.4133495837450027 1.44255131483078 0 0 0 0 0 0.1674080938100815 0 0 0 0 0 0 0 0 0 0 0 14.81399641931057 11.97988213598728 0 0 0 11.51029324531555 1.56688779592514 17.85504861176014 0.2253661602735519 0.324104517698288 0 0 0 0.1245607063174248 0 0 0 4.661253780126572 10.77544734627008 0.5600158721208572 1.429109990596771 0 0.9468567371368408 0 0 1.000242710113525 0 1.300161212682724 4.371287375688553 0 0 0.1403278112411499 31.15229451656342 5.812755823135376 0.2864080965518951 0 0 0.4830745458602905 0 0.3231451511383057 0 0 80.48044563829899 0 0 0 0 8.796505510807037 0 1.874699935317039 1.548081412911415 2.754263430833817 2.34129124879837 1.927478179335594 2.852999106049538 0.4879094809293747 0 0 0 0 0 0 0 85.89282539486885 8.136580720543861 4.71715122461319 47.16063995659351 5.544140890240669 27.08651708066463 8.29936495423317 42.56042852252722 4.884508922696114 0.1538077592849731 18.15918734669685 5.457620345056057 1.182214051485062 10.03526917845011 0.4701275229454041 2.255080014467239 2.569915026426315 0 0.620249330997467 0.5116192549467087 0.2168759405612946
312.8289920166135 987.6123102158308 50.07922504842281 1170.655216708779 2346.570075184107 180.2033013775945 2841.681013122201 42.52458615601063 2876.860243521631 3725.744737781584 1610.911791458726 3345.395047724247 0 2903.526254333556 34.56132243573666 20.41141591221094 2.272028550505638 1.173298411071301 0 0.4568870440125465 4.234904147684574 0.5744380205869675 0 0.1384594887495041 0.9313244372606277 1.195876948535442 0.6663942784070969 0.6118535473942757 1.361793756484985 0.2487710565328598 38.31359828263521 0.8416440561413765 186.3572835847735 0.4462471008300781 0.5768653750419617 0.3691002205014229 258.823694832623 6.342097945511341 1.240589663386345 9.845939770340919 3.328326813876629 1.242094077169895 0.7742890790104866 1.34621362388134 0.1277526170015335 0.4147347137331963 87.03047682344913 1.611008822917938 0.2380822524428368 2.855740331113338 1.078386835753918 1.817675359547138 0.1362576931715012 1.235854856669903 0.3192007541656494 3.440470837056637 24.48976121097803 78.41957359761 7.226479761302471 22.75067608803511 0.6442003399133682 237.0337308496237 0.1086729690432549 16.07001850754023 1.412161886692047 1.896981582045555 0.9696524515748024 2.646163575351238 2.846413291990757 5.972179271280766 84.90664758533239 8.33027770370245 0 50.6120612770319 15.4297361522913 39.90425122529268 32.27565142512321 10.48517319560051 0.2107619792222977 573.3591983392835 0.7865609973669052 3.190396264195442 4.713988684117794 0.3111436367034912 0.7657370790839195 2.671577505767345 1.419438347220421 0.3225063309073448 0.599584586918354 0 0.3400140404701233 0.7620148658752441 1.460902869701385 0.5324313193559647 2.469544671475887 2169.897861890495 10.08006526529789 0 3.080707333981991 75.64289327710867 2.008206166327 0 8.111526861786842 2.371370926499367 10.57677102833986 21.92413069307804 28.31133422255516 39.19890406727791 83.41120985150337 163.6653970405459 9.303597703576088 237.7163178101182 177.0909794345498 285.0209423825145 183.2557432726026 0.8703570142388344 2.485646665096283 0 0.1096036434173584 0 0 0 0 0 0 0 0 0 0 0 0 0.4238510578870773 0 0 31.01992581784725 28.59772129356861 0 0 0 23.4782996326685 0.8530831336975098 35.81541578471661 1.082467585802078 0 0 0.1274591535329819 0.1031807065010071 0.2865537852048874 1.023988053202629 0.1171376928687096 0 4.626753561198711 18.373440079391 0 0 0.386307567358017 0 0 0.1510033905506134 0.4001204967498779 0 2.260275073349476 6.185290262103081 0 0 0.1199375241994858 62.0675492733717 13.18868529051542 1.369233511388302 0.5536729246377945 0 0.4627882167696953 0 0.1493266522884369 0 0.2464729994535446 200.4560003131628 0.1651865541934967 0 0 0 23.69907261431217 0 1.944546923041344 4.707131296396255 14.24073022603989 6.907536365091801 2.977799691259861 3.590469196438789 1.227848082780838 0 0 0 0.5150105431675911 0.2647367417812347 0 0 173.8030502945185 19.28550557792187 14.37181986123323 282.4854542016983 62.39778994768858 272.7896881625056 66.64594447612762 234.9014182910323 74.79247581213713 4.471357308328152 84.96585181355476 15.56805258244276 1.269678704440594 24.38797975331545 1.948151931166649 3.229107648134232 2.192720964550972 0 5.656481012701988 3.107529141008854 0.7734605967998505
