0 3897.731203019619 605.6001046597958 707.2656801939011 131.3873511776328 226.1059323400259 721.8224087357521 100.4173460751772 9.87257519364357 409.6955177783966 68.08074580132961 594.0756467059255 839.661003112793 124.2715922743082 0.812945730984211 0.7909284383058548 0 0 0 0 0 0 0 0 0 0 0 0 0 0 1593.762116260827 1.343334317207336 7.180410154163837 0 0 0.128894716501236 10.83576916158199 0.1297319829463959 0.5715221837162971 0.1726724058389664 0 0 0 0.2967509329319 0.2171960473060608 0.288336455821991 8.862933419644833 0.4191868007183075 0.1459405869245529 0 0.09159929305315018 0.5458068698644638 0.4607762694358826 0.1199627742171288 2.945267252624035 5.934708938002586 257.3146989047527 1180.065474674106 4.222947314381599 6.541601948440075 0 0.4413171857595444 0 3.475375026464462 2.792075663805008 0.3278062716126442 0 0 0 0 76.18889872729778 28.05607567727566 0.537051260471344 142.0208268240094 23.67504036426544 13.90987979620695 3.346034981310368 1.208191633224487 0.3025613725185394 17.86555603891611 0 0.988252118229866 7.817033521831036 0.9120629727840424 0.4937414973974228 1.275577805936337 0 0.7239524722099304 0.3882859349250793 0 0.1173878982663155 0.1770282536745071 0 0 0 277.7416511327028 33.36717711389065 0.9748473018407822 2.762627139687538 1464.969200186431 0 0.8627467751502991 2.065399706363678 2.164955660700798 0.6229162812232971 16.11453945934772 0.3778512179851532 9.177121102809906 3.293821573257446 6.444136902689934 0.2891421765089035 12.78410099446774 6.763007268309593 2.857236877083778 1.034247934818268 0 0 0 0 0 0 0 0 0 0 0 0 0 0 0 0 0.2543899118900299 0.1728850305080414 0 0.5857910811901093 0 0 0 0 1.077564597129822 0 0.7536909878253937 0.8423551470041275 0.2938371896743774 0 0 0 0 0 0 0 0 0.2910928726196289 0 0 0 0.240888923406601 0 0 0 0 0 0 0 0 0 0.9128619134426117 0.3277867138385773 0 0 0 0.1047661826014519 0 0.1033439487218857 0 0 5.984723433852196 0 0 0 0 0 0 0 0.2299022227525711 1.831380501389503 0.2170191556215286 0.3996799141168594 0 0 0 0 0 0.09486617892980576 0 0 0 3.117113590240479 0.6478870511054993 1.398929446935654 97.3524774312973 8.216693736612797 57.64202649146318 35.49299186468124 1354.822759374976 18.87761139124632 2.537979438900948 7.98638679087162 3.642324030399323 0.1405317485332489 1.308805719017982 0 5.850009471178055 0 0 0.1359244138002396 0 0
3897.731203019619 0 4570.528091937304 2562.267364002764 5435.937438182533 510.3552977517247 4127.313552044332 2074.672362789512 1064.435288146138 626.8330874666572 1612.880188137293 56.33703885227442 1234.605782620609 354.8526492416859 19.82095684111118 12.49377629905939 0.3804985657334328 0.3027233257889748 0.5237554833292961 0.7340124249458313 1.000279799103737 0 0 0.1919737011194229 0.8990032821893692 0.7275028973817825 0.4385058209300041 0.9214513748884201 1.120632573962212 0.3485048562288284 4456.395255021751 48.04535530507565 43.97463462501764 1.267052240669727 0 2.772918067872524 44.30592799186707 2.973595708608627 3.939242854714394 1.528437577188015 0.8846461623907089 1.992350518703461 0.3629208654165268 1.62160612642765 0.9487017169594765 0.3815444856882095 189.6130534186959 9.766439452767372 0.5646060407161713 0.7494176030158997 0.5518118366599083 0 0.8524651974439621 1.963607668876648 22.7740565687418 68.62371578812599 146.347952015698 1457.640834316611 14.12414248287678 97.30341670662165 0.9341789931058884 6.303921550512314 2.427212223410606 117.2534592971206 24.79170656204224 4.306428611278534 0.465909369289875 4.05877835303545 1.946824289858341 0 36.24253989011049 17.72448029369116 0.540050208568573 664.0927417054772 267.7722626700997 236.0717996954918 81.9898385182023 25.07593128085136 5.636823020875454 312.177449144423 0.6818374246358871 18.5570238083601 86.04142605513334 5.812520913779736 14.20452547073364 12.17487632483244 3.780683979392052 0.08263416588306427 2.660096205770969 0.3739773854613304 0.5320254266262054 0.7359432727098465 0.6453551203012466 0 1.4421526491642 303.069450750947 4.778710871934891 0.958573654294014 1.951571613550186 1163.028060503304 0.5991313010454178 4.704001516103745 13.31989794969559 8.252645283937454 11.75725609064102 110.8692356795073 2.189255252480507 58.38758145272732 33.54817634820938 42.62532003223896 2.392503708600998 85.14826062321663 60.72983226180077 52.80764546245337 16.23152302205563 2.981441587209702 3.688912354409695 0 0.1273077577352524 0 0 0.3627353012561798 0 0.9172807931900024 0 0.1848702281713486 0 0 0 0.5145319998264313 0.2888677418231964 0.5015447288751602 0.3082431703805923 0 1.039674520492554 0.9037643373012543 0 0.1445299535989761 0 35.05996210128069 2.819849610328674 18.12947469204664 7.333850607275963 2.041868552565575 0.1335335820913315 0 0 0.2964217364788055 0 0 0 5.717426896095276 12.0397243052721 0.3753342181444168 0 0 0 0 0 1.232545889914036 0 1.776520200073719 5.061678409576416 0 0.4427406489849091 0.1490991711616516 10.01430274546146 2.297282353043556 0.7602419778704643 1.385620199143887 0.1049122288823128 0.3015811666846275 0.4805719703435898 0.3205687329173088 0 0.7993103787302971 139.778719291091 0.6436052620410919 0 0.1221907213330269 0.3003824427723885 0.5572311133146286 0 0.9123292863368988 5.595391795039177 15.950534760952 5.095892682671547 4.606713458895683 0.9363984540104866 0.8846683874726295 0.1982161700725555 0.1083069145679474 0 1.063997350633144 0 0 0.1952805072069168 28.43179953098297 43.96635277569294 36.71922415494919 767.4881820902228 120.5912062749267 711.9258899316192 259.2561792880297 2769.666325978935 130.0882588550448 22.35978356748819 135.3828808292747 23.42190924286842 2.779364719986916 36.08061946928501 5.571391440927982 66.24786564707756 2.784880608320236 0.533869206905365 7.815689444541931 4.097793482244015 0
605.6001046597958 4570.528091937304 0 222.2122262939811 696.349561855197 69.4182543605566 226.4257690384984 3491.179313346744 1159.719949826598 14.08888828754425 4153.317398749292 4.669326156377792 295.9899929463863 1000.209403760731 61.93928799033165 93.81309618800879 10.18144780397415 10.07600260525942 5.042812258005142 37.96491923928261 16.79976960271597 0 4.410194955766201 0.5306669250130653 6.656941257417202 5.63334034383297 1.813968621194363 19.56298598647118 4.3447335511446 1.036055393517017 4410.873858369887 622.629971653223 86.33107963204384 52.08779393881559 0.5920383781194687 15.92413444072008 83.61717537045479 28.42571873217821 36.79049231857061 32.2651477381587 19.91891358047724 38.46801608800888 17.3540388122201 16.3302515745163 20.61932189762592 45.45779472589493 160.2017582952976 18.47857458889484 9.371449925005436 32.47410521656275 3.552398934960365 3.842983290553093 3.250615142285824 22.51265580207109 7.242802552878857 24.26779633015394 38.64250596612692 744.00071208179 6.191027998924255 49.5589040890336 54.30816917866468 37.87815959006548 20.95319002121687 220.1925480738282 9.379343464970589 13.33154245465994 5.839665651321411 30.13732668012381 71.29306872934103 15.89544671773911 23.96466993540525 18.38904121518135 0 247.6683058291674 136.3146678134799 163.8414420038462 107.5167362838984 72.30546369403601 963.8923379182816 1796.394372604787 388.53540699929 1350.793168917298 30.0894517749548 1.670092448592186 10.12748822569847 4.212775141000748 54.26376655697823 0.2028919011354446 2.313540510833263 1.227842204272747 1.595653422176838 2.233388245105743 15.00721623003483 2.633475974202156 26.09738280624151 60.60268357396126 4.275774925947189 0 7.228945076465607 160.7886296212673 0.9481868147850037 0 1.097343802452087 0.8598466068506241 0 19.97618278861046 0.3808417320251465 5.686308689415455 7.613965749740601 4.375200852751732 0 12.3835481107235 16.62240656465292 13.92788089811802 3.708039492368698 3.224890999495983 0.9591810703277588 0 1.258276432752609 0 0 0 0 0 0.4909855872392654 1.000527635216713 0.9870602339506149 0.4117160886526108 0.3091758191585541 0.8023840188980103 0.3265970125794411 1.599397510290146 3.035430192947388 0 0 0.6525453329086304 0 0 0 15.31241700798273 0.5874415934085846 14.09449897706509 15.61879874020815 6.168958187103271 0.5941373854875565 1.736280485987663 0.6280544102191925 0 0.8617843985557556 0 0.2665480747818947 1.440516516566277 6.123776078224182 0 0.5554783791303635 0.5236975103616714 1.064829260110855 3.626981154084206 0.1014785394072533 0.1479649245738983 0.414216622710228 0.1364679336547852 1.630505412817001 0 0 0.3152934908866882 3.51307201385498 3.250514417886734 0.4115737527608871 0.5273906290531158 0.1130638644099236 0.6570409163832664 0.3002021759748459 0.1263891607522964 0 3.324710562825203 44.46960960328579 1.123738795518875 0.1604520529508591 0.2299130782485008 0.8792267367243767 0.3823231011629105 0 0.2348191291093826 1.820536136627197 4.417414680123329 4.708621986210346 0.7429565489292145 1.678822688758373 0 0.1113063022494316 0 0.1363151222467422 0.9169401600956917 0 0.1495030969381332 0.1060111299157143 8.870784372091293 21.0984483808279 34.83067472279072 592.4120016992092 92.17083135992289 487.9616875573993 147.1136140227318 697.6011018827558 61.99590063095093 10.46154645830393 115.9557716622949 18.66749807447195 3.735963471233845 14.39119865745306 1.054125562310219 14.125324010849 2.926470682024956 0.4283467829227448 3.700219288468361 15.07365427166224 1.864457532763481
707.2656801939011 2562.267364002764 222.2122262939811 0 362.1188015863299 256.7789951264858 1549.965426780283 9.953351236879826 18.64301186800003 717.7096000388265 19.22030851244926 1794.441514641047 3490.134251348674 379.8042170405388 1.305615462362766 0.7943555563688278 0.2309406399726868 0 0 0 0 0 0 0 0 0 0 0.1345808207988739 0 0 87.02046398818493 1.145723327994347 2.417307503521442 0.1179536357522011 0 0 4.431317403912544 0.1376316845417023 0.8580900132656097 0.2147108167409897 0.1163113191723824 0 0.1344315707683563 0.1373777836561203 0 0.213844895362854 11.94533813744783 0.2238169312477112 0 0 0 0.1548454016447067 0 0 2.184423878788948 4.383577615022659 13.49541844427586 89.82779220491648 2.11022076010704 7.360752575099468 0.2355203032493591 0 0 6.855549693107605 2.088026069104671 0.08576823770999908 0 0.2956415116786957 0 0 70.12318575382233 2.35164138674736 0.3918344676494598 44.305055513978 22.39981579780579 13.23539847880602 4.373243659734726 0.8460845947265625 0 1.466381743550301 0.1356363892555237 0.5608300790190697 5.978964574635029 0.5392768159508705 0.5777656063437462 0.9292697980999947 0 0.2861850783228874 0.1074535399675369 0.1201639473438263 0 0 0 0 0.2924020290374756 252.4761336147785 6.502197831869125 0 0.3856442719697952 138.9163007736206 0.1507347673177719 0.172337144613266 3.245309352874756 2.215062975883484 2.337675988674164 18.58624020218849 2.289729833602905 10.61890698969364 6.169552713632584 13.48676331341267 0.1618204116821289 24.88958057761192 17.4679584056139 10.60420189797878 0.7178765386343002 0.8817369788885117 0 0 0 0 0 0 0 0 0 0 0.1549215614795685 0.4251860976219177 0 0 0 0 0 0 0.5668855458498001 0 0 0 0 1.149028569459915 0 3.098052434623241 0.3878213465213776 0 0 0 0 0 0 0 0 0.2093938738107681 0.9807765185832977 0 0 0 0 0 0.2176190912723541 0 0 0 1.671057492494583 0 0 0 2.237391635775566 0 0.2008437067270279 0 0 0.09714118391275406 0 0 0 0 20.53937991708517 0 0 0 0 0 0 0 1.170709937810898 1.156928166747093 0.9652484655380249 1.437918305397034 0.3467395901679993 0 0 0 0 0 0 0 0 4.057037085294724 2.694988951086998 3.522372610867023 109.6356882750988 9.746734276413918 50.62365783751011 18.23992282152176 587.3566420823336 11.20517294108868 1.045526809990406 11.27976334095001 6.396562412381172 0.7368270307779312 2.697418376803398 0.1321661919355392 9.677207142114639 0.2505969703197479 0 1.200787827372551 0.6834145933389664 0
131.3873511776328 5435.937438182533 696.349561855197 362.1188015863299 0 50.36047062277794 2384.439999558032 59.62963902205229 7279.150917060673 138.6122316271067 992.7936051338911 25.61462374776602 724.9837972968817 1606.011625804007 15.72525788098574 7.519170090556145 0.1103483438491821 0.1244075521826744 0 0.6247465386986732 0 0 0.2912787646055222 0.4571036696434021 0.6434212327003479 0.9896881431341171 0.3321379870176315 0 1.188408866524696 0.2508964538574219 187.6626604571939 13.50209157168865 23.40073427557945 0.6517646312713623 0 0 28.61350531131029 0.5063903033733368 2.664644978940487 1.244786858558655 0.6050206571817398 0.1444326192140579 0.2365224361419678 0.6242973953485489 0 0.9954094737768173 120.0310569778085 3.283126436173916 0.1420828849077225 0 0.4617558717727661 0.6206683814525604 0.1579326093196869 0.2241218760609627 7.811863161623478 19.38895124942064 7.730381369590759 87.51845386624336 5.414824672043324 41.84390603005886 0.1888528615236282 4.18458466976881 0.4276487827301025 47.87745194882154 8.173885107040405 1.296267561614513 0 1.462487637996674 1.07600611448288 0 50.76264898478985 25.32237745821476 0 125.2248827889562 55.53855784982443 107.3484288305044 45.78757651895285 11.34462320804596 0.7736113294959068 26.83614715188742 0.6187335401773453 4.006698206067085 26.98968531936407 2.461302630603313 5.939903035759926 4.13948043435812 1.626003481447697 0.1785357594490051 1.215649135410786 0.5612852573394775 0.6284127458930016 1.545133702456951 0.1278282254934311 0.1615837663412094 1.052957467734814 424.2247340604663 6.728930786252022 0 2.682318553328514 30.46707469969988 6.141359001398087 5.524002566933632 23.89044679701328 15.38825838267803 19.52420923113823 166.0366194993258 8.117307543754578 79.51815901696682 45.90240760147572 62.25494588911533 7.177913069725037 150.976189032197 118.7494357451797 87.78002483397722 34.66257636249065 3.459235489368439 4.991885006427765 0 1.277667686343193 0 0 0 0 0.7993865609169006 0 0 0 0 0.1300889551639557 0.641497015953064 0 0 1.644969761371613 0 4.947489939630032 1.002659320831299 0 0 0.1453548669815063 61.07746829837561 2.468102350831032 37.85699262470007 8.119530335068703 2.422129966318607 0 0 0.163053497672081 0.5953175723552704 0.7607134282588959 1.891523063182831 0 11.27907560020685 21.77280189841986 0 0 0 0 0 0.1439077705144882 2.066746860742569 0 1.344917163252831 10.01095551252365 0.16935995221138 1.482714489102364 0 16.91093046963215 5.808724194765091 1.569508969783783 1.464599564671516 0.100907526910305 0.1955092325806618 0.5333961322903633 0.283574640750885 0 0.4836397171020508 302.0588646531105 1.745376661419868 0 0.1085173711180687 0.1182257086038589 2.330522760748863 0 1.094486981630325 15.15373043715954 35.83492229878902 17.13600292801857 10.23058472573757 3.881345480680466 1.074896097183228 0.08627304434776306 0 0.09611986577510834 0.3294552490115166 0 0 0 70.75331518054008 68.73740810155869 79.95305986702442 429.0628953427076 68.90328477323055 397.7206509187818 107.5208550319076 513.9337090626359 55.53238908201456 6.454965874552727 98.39862997829914 31.22720514982939 6.285791844129562 67.28328518569469 5.554320484399796 89.19710777699947 5.992505460977554 0 11.58730328083038 6.020846858620644 0.4825388789176941
226.1059323400259 510.3552977517247 69.4182543605566 256.7789951264858 50.36047062277794 0 307.4281971380115 3.963673979043961 29.29637579619884 263.5641240254045 9.431578233838081 346.3273704051971 353.2238324955106 102.7235029488802 0.2718297243118286 0.8111669570207596 0 0 0.138166144490242 0 0 0.5188246965408325 0 0 0 0 0 0 0 0 44.72047883272171 0 29.1588658541441 0 0 0 55.72627678513527 0.7080834358930588 14.38711208105087 0.6237202137708664 0 0 0 0 0.2779667377471924 0 1.17787778377533 0 0 0 0 1.300756424665451 1.821519926190376 0 0 0.5143232122063637 235.554005369544 60.95864357054234 0 0.5820998027920723 0 2.721254751086235 0 0.4792045801877975 0 0 0 0 0 0 320.2832241654396 422.9945715069771 10.62445583939552 9.328053094446659 0.6101284176111221 0.7540216371417046 0.6307504773139954 0.2043757289648056 0 23.24123650789261 0 2.282941073179245 1.175654157996178 1.656788617372513 0.4755318984389305 0.797619491815567 0.1658685952425003 8.70163169503212 2.348800107836723 9.273316070437431 1.073707744479179 1.250291302800179 0 0.3208291977643967 1.226335406303406 338.863040111959 218.9863297194242 23.89944064617157 29.55452327430248 445.6107010394335 0 0 1.504338681697845 0.1651959121227264 0 6.606408894062042 0 0.9275306761264801 0.2112793773412704 2.312775939702988 0 2.858429566025734 2.830650001764297 4.046169981360435 0.1467977464199066 0 0 0 0.7728559970855713 0.4917900860309601 0 0 0 0 0.3041982054710388 0.1995260268449783 0.4472083747386932 0.5138002336025238 0.2952143251895905 0.4111936092376709 0 3.82262122631073 3.90260636806488 0 0 0 0 0 0 0.4433338195085526 0 0.6389127522706985 4.142551317811012 3.064951047301292 0 0 0 0 0.2484938055276871 0 0 0 0 0 0 0 4.751553937792778 0.3526827543973923 0 0.6272140145301819 0 0 0 0 0 0 0 0 0 0 0 0 0 0 0 0 1.128131955862045 7.186717748641968 0 0 0 0 0 0 0 0.5892098546028137 0 0 0 0 0 0 0 0 0 0 0 0.5498279929161072 1.532558679580688 4.956007361412048 9.016483016312122 0.8384486585855484 5.613609775900841 0.645039364695549 383.4713106825948 1.383081167936325 0 0.7714829817414284 0.8103000819683075 0.1289320886135101 1.793908700346947 0 0.948220431804657 0 0 0 0.2755888700485229 0
721.8224087357521 4127.313552044332 226.4257690384984 1549.965426780283 2384.439999558032 307.4281971380115 0 18.06176710873842 2370.256743647158 2822.484189286828 166.5834144726396 164.8813644200563 3912.901948802173 862.7174359336495 17.98903857171535 9.296928927302361 0.628576397895813 0.09751437604427338 0.1164124011993408 0.9804620072245598 0 0.1733092665672302 0 0 0.6249538138508797 0.5753138959407806 1.138148829340935 1.377766482532024 1.6873434856534 0 270.6884920075536 12.21372672915459 22.71479917317629 0 0.2924997210502625 0.5333245471119881 39.02392243593931 0.6599021404981613 6.105996802449226 0.9440364465117455 0 1.164620071649551 0.1660522073507309 1.19036690145731 0.1003172472119331 0.3934272676706314 134.6964359879494 5.228929497301579 0.3325478211045265 0.334703654050827 0 0.1296045780181885 0 0.3730981945991516 9.80821181088686 33.16602753847837 29.89201185107231 192.4828910455108 4.821525558829308 54.76038398593664 0 5.563514232635498 0 53.99292265623808 11.3545586168766 2.434858150780201 0.5544227287173271 1.764081358909607 0.8328911438584328 0.2017741352319717 67.02414117008448 28.81319493055344 0.1913121491670609 210.8747283220291 72.89913750439882 141.8173756673932 54.74413817375898 15.38254325091839 1.632305100560188 19.35540805757046 1.286678656935692 5.958463788032532 43.55393724143505 3.083648398518562 8.866269201040268 4.565216153860092 2.881769388914108 0.1136054620146751 1.82153794169426 1.152603566646576 0.8741537258028984 0.5758778676390648 0.4183539301156998 0.1505448669195175 1.479262620210648 1061.750616900623 9.24858883023262 0.170050248503685 3.619958482682705 175.4329759329557 4.536513149738312 18.29409182071686 42.65563282370567 34.44732809066772 32.91244810819626 333.3040320724249 15.50672999024391 133.1721921265125 99.4918472096324 124.6629425734282 13.0833931863308 289.0480358675122 207.147592715919 163.4366127327085 46.08439067006111 7.021313101053238 8.182059474289417 0.1294609755277634 1.692294135689735 0 0 0 0 0 0 0.1568547040224075 0.8118460774421692 0.4780490547418594 0 0.555539608001709 0 0.2707306444644928 1.219019889831543 0 6.315243810415268 5.559304013848305 0 0.3178362846374512 0 83.11098323762417 6.851832821965218 53.65100082755089 14.96430833637714 3.711748249828815 0.3872625827789307 0 0 0.5917933434247971 1.162576541304588 1.778085500001907 0 13.80058082193136 37.05397219210863 0.09968508780002594 0.1011684387922287 0 0.3444150388240814 0.4532841295003891 0.4568448811769485 2.323908299207687 0.2830604314804077 3.243862614035606 15.7044451162219 0.3852718472480774 1.224228918552399 0.1933978348970413 25.04492259025574 16.72613415122032 3.108257584273815 0.7744347900152206 0.1181899681687355 1.807907491922379 0.2281040474772453 0.3111155480146408 0 0.4476290941238403 441.8062871620059 3.311480790376663 0 0.3305569887161255 0.473608173429966 1.999673306941986 0.5482685267925262 0.771859273314476 24.78647255897522 50.38107089698315 20.58555897325277 15.56845982372761 5.032376475632191 2.780492193996906 1.012589350342751 0 0 0.9603051021695137 0 0 0 108.8331927210093 114.7990760654211 104.6212760210037 685.5686204135418 92.19344098120928 504.774356521666 164.3428773134947 1413.094538658857 78.67874249070883 13.62228800356388 119.5391408354044 53.48829661309719 7.860604830086231 89.36728395521641 9.192561663687229 187.1362047046423 9.08003406226635 0.3459466099739075 14.56450645625591 4.653059028089046 0
100.4173460751772 2074.672362789512 3491.179313346744 9.953351236879826 59.62963902205229 3.963673979043961 18.06176710873842 0 251.5160104334354 3.138161785900593 2861.073826335371 2.960459634661674 69.03890820592642 511.0914827212691 42.99299724400043 73.75334269553423 7.798207655549049 6.475676745176315 4.160924002528191 21.04217102378607 13.29849080741405 0 1.747768491506577 0.3283097147941589 3.201244369149208 1.313230589032173 2.440936073660851 9.959560327231884 3.04411555826664 0.2595797181129456 1818.183031439781 1119.593813143671 70.5108784660697 26.57967434078455 1.753557607531548 7.568795919418335 64.81076819449663 16.69344539940357 29.93376902490854 19.83304400742054 10.55341403186321 19.16085961461067 9.454795688390732 22.30853813141584 18.47126962244511 24.38487866520882 134.8975716233253 10.01138903200626 4.117812916636467 18.00250870734453 2.010375000536442 0.7424525320529938 2.821418583393097 12.46578653901815 5.569057174026966 15.4575437605381 13.17750465124846 224.9883734509349 2.330205947160721 37.41952250152826 56.54499030858278 31.42955821752548 15.76592104136944 399.101267747581 6.260379523038864 8.352940328419209 1.91716729849577 17.62058442831039 37.94853541254997 10.40372133255005 18.33890335261822 14.29852272570133 0.4968030750751495 148.7851639911532 106.2489958330989 140.3457248732448 328.9579284787178 312.7280162349343 1019.130230560899 2255.184970296919 567.1946850940585 1309.334736950696 21.08547080308199 0.8687850013375282 6.419685915112495 3.829978317022324 28.00868780910969 0.1305828243494034 1.291737489402294 0.7713810056447983 0.3595045432448387 0.5503949820995331 9.274285361170769 0.8945498466491699 11.32563515752554 21.55697068572044 2.516378596425056 0 1.819534182548523 14.22250108420849 0.4265028685331345 0 0.4308132529258728 0 1.1946911662817 2.590744391083717 0 0.867144912481308 0.5470431745052338 0.4071272760629654 0.1569646745920181 5.234089806675911 1.777146086096764 2.232867613434792 0.6586867272853851 2.166555017232895 1.54952272772789 0.2498485893011093 0.8309256583452225 0 0 0.2497673630714417 0 0.1813825964927673 0.3952428996562958 0.1317625045776367 0 1.02816179394722 0 0.878442570567131 0.5753336325287819 1.571960344910622 1.226570621132851 0.2937509119510651 0 0 0 0.4639101326465607 0 8.523501418530941 0.2726229429244995 7.565833024680614 8.356419906020164 4.363823041319847 0.3278381824493408 0.4853960126638412 0.9894929975271225 0 0 0.4273686408996582 0.2005710154771805 0.2893581539392471 1.909716665744781 0.1682088971138 0.1232386231422424 0.4213629215955734 0.3827103674411774 3.028317667543888 0.1039263755083084 0.089917853474617 0 0 0.3621993064880371 0 0 0 1.604846611618996 1.42377707362175 0.1820501536130905 0.1274576038122177 0.1256328970193863 0.4487528800964355 0.5174167603254318 0 0.3209166303277016 0.8278605490922928 17.5551693290472 0.6123844087123871 0 0 0.9515056386590004 0.1425801515579224 0 0.1337152868509293 0.9101825505495071 1.905111625790596 1.86460143327713 0.7214555591344833 0.2894851565361023 0.3731971383094788 0 0 0 0.1154979020357132 0.2064475044608116 0 0 1.553898453712463 5.877413913607597 17.66571939736605 386.1624434664845 50.37660760432482 393.4037089496851 81.468630425632 170.3869150802493 40.0430495813489 3.315700106322765 95.05881389975548 15.69314025342464 0.8357611149549484 10.45878616720438 1.151681810617447 6.419796407222748 1.31113612651825 0.1685996651649475 1.340901926159859 8.196567803621292 0.9682960361242294
9.87257519364357 1064.435288146138 1159.719949826598 18.64301186800003 7279.150917060673 29.29637579619884 2370.256743647158 251.5160104334354 0 91.60605804622173 2279.495922349393 31.45280735194683 1589.817911855876 2003.389050602913 16.53643716871738 15.01865477859974 0.154177263379097 0.1041775569319725 0 1.122031345963478 0.2535111010074615 0 0 0 0.4488521963357925 0.5938068926334381 0.2915742546319962 0.6958402544260025 0.3107197284698486 0.2012543678283691 46.22832461446524 10.10536602884531 45.52769283205271 0.1515268683433533 0 0.6434615403413773 36.46628101170063 0.7892805486917496 1.659695282578468 0.9639739096164703 0.1510208398103714 0.1724843531847 0.1947835683822632 0.789126068353653 0.4601928219199181 0.4539082497358322 68.15929130464792 1.182715401053429 0 0 0.3993389159440994 0.414523109793663 0.09152553230524063 0.249932661652565 3.170082353055477 7.225570596754551 4.461346797645092 18.98157885670662 0.8471170142292976 23.76227606832981 0.4290480613708496 2.769665360450745 0.657703161239624 19.50377449393272 2.624845094978809 1.482355840504169 0.1062527522444725 0.300551250576973 0.3709630370140076 0 32.72111278772354 19.73751876503229 0 46.25794262439013 20.15285858511925 59.98760613799095 30.98241177201271 21.72941628098488 0.5017232224345207 46.15409085154533 0.302201434969902 3.948711551725864 9.439198270440102 1.226225614547729 2.242156431078911 1.718733370304108 0.6038839966058731 0 0.4505574703216553 0.4099784716963768 0.1127733886241913 0.4829234778881073 0 0 1.028317123651505 313.2135507687926 6.746248587965965 0 1.365765184164047 12.12575541436672 3.845996797084808 2.934909448027611 9.929172903299332 10.23198384791613 5.771467819809914 106.2795038372278 5.287194803357124 43.72851233184338 24.84708404541016 39.76524620503187 3.758758082985878 89.57758034020662 78.96105256676674 56.89743733406067 11.73792369663715 0.7855703234672546 1.149689435958862 0 0.6202354356646538 0 0 0 0 0 0 0 0 0 0 0 0 0 0 0 1.811419054865837 0.448824554681778 0.5553742051124573 0 0.1185043975710869 28.24955309927464 1.947962939739227 15.57852211594582 4.586450040340424 0.6227612271904945 0 0 0 0.6072666049003601 0.8924702405929565 1.317815467715263 0 4.342796593904495 15.84111271053553 0 0 0 0 0 0.5296420454978943 0.8372490555047989 0.2632288634777069 0.9061390459537506 5.927076324820518 0 0.1678103059530258 0 11.64982460439205 3.049000039696693 1.026158899068832 1.246688179671764 0 0 0 0 0 0.2033121287822723 157.9211454465985 0.7473859041929245 0 0 0.1326500475406647 2.866615906357765 0 0.1385662406682968 10.35051212459803 14.60734888166189 4.845001958310604 8.062806889414787 1.529147274792194 0.4963240325450897 0 0 0 0.3729440867900848 0 0.1266160905361176 0 42.0472599864006 36.29695816338062 42.83665339648724 279.8623589873314 33.27399799227715 226.4208967983723 63.88122151792049 178.863924048841 32.63769345730543 3.47423879802227 70.04893928021193 18.72535134851933 3.593157023191452 34.59794108569622 2.363697849214077 49.70999510586262 2.567827209830284 0.2456225752830505 8.167619064450264 5.68994614481926 0.1254703253507614
409.6955177783966 626.8330874666572 14.08888828754425 717.7096000388265 138.6122316271067 263.5641240254045 2822.484189286828 3.138161785900593 91.60605804622173 0 8.870329186320305 2550.135472990572 6179.549634575844 510.511689811945 2.702118724584579 2.147773444652557 0 0 0 0 0 0 0 0 0 0 0 0 0 0 14.42834258824587 0.7140071988105774 14.56054511666298 0 0 0 23.31058691442013 0.1138118430972099 1.851701110601425 0.360335499048233 0 0 0 0.5084680765867233 0 0 3.203743904829025 0.1033495292067528 0 0 0.1261497288942337 0 0 0 0.09507733583450317 0.5660610646009445 19.86827440559864 30.59470629692078 0.1692389100790024 1.102774761617184 0 0.3530164957046509 0 1.088741734623909 0 0 0 0.150044783949852 0 0 302.3589827269316 13.52061575651169 0.8959223031997681 8.184305913746357 4.116925068199635 6.490197367966175 3.958196356892586 3.375006347894669 0 16.03081892430782 0 0 0.9474022462964058 0.1861270591616631 0 0.3314999714493752 0.3562396392226219 0.3827305287122726 0.1391797959804535 0.8233704119920731 0.1702073216438293 0.426385834813118 0 0 0 836.8018204569817 42.19156703352928 1.615087226033211 1.432065024971962 216.4649825245142 0.3367637097835541 5.434992998838425 12.04696545004845 26.55695095658302 3.31441031396389 85.76983773708344 4.965599358081818 34.16546489298344 34.10292433202267 36.2522119730711 3.186017394065857 50.56380948424339 40.26133044064045 31.56890188157558 5.755005270242691 0 0.7949259728193283 0 0 0 0 0 0 0.1856065988540649 0 0 0 0 0 0.2033786475658417 0 0.4903806447982788 0.3155307620763779 0 0 0.3499492406845093 0.4546699225902557 0 0 5.707143142819405 0.4438536465167999 3.874381631612778 1.427444830536842 0 0 0 0 0 0.5319232940673828 0 0 1.151248827576637 3.205415308475494 0 0.255788654088974 0 0.2435759902000427 0 0.139111116528511 0.173104539513588 0.1462018936872482 0 2.914161562919617 0.7393816113471985 0.6829280257225037 0 4.62590591609478 0.5128734111785889 0.1984543353319168 0 0 0 0 0 0 0 35.25668912380934 0.6411793828010559 0 0 0 0 0 0 2.800909727811813 7.823893830180168 2.37158191204071 2.317532435059547 0 0.2158118039369583 0.3922624439001083 0 0 0 0 0 0 20.0678343474865 6.881445750594139 5.263209626078606 211.812150657177 2.099911607801914 21.04368676245213 6.403846606612206 577.9928430020809 3.082936778664589 0.5451875701546669 9.867004677653313 9.96177713572979 1.020592302083969 12.07890287041664 0.830676257610321 28.46260713785887 1.209702551364899 0 3.004014313220978 1.519236356019974 0
68.08074580132961 1612.880188137293 4153.317398749292 19.22030851244926 992.7936051338911 9.431578233838081 166.5834144726396 2861.073826335371 2279.495922349393 8.870329186320305 0 13.18108348548412 1457.716872058809 3941.421370461583 67.10185537487268 72.76553172618151 1.041490331292152 0.6694805026054382 0.2390578240156174 4.176987677812576 6.694601759314537 0.22999507188797 1.349541738629341 0 3.882776148617268 1.363792553544044 1.735517866909504 2.378175936639309 1.531877353787422 0 703.5961922779679 289.5608832538128 715.742000631988 8.477482259273529 1.227457165718079 6.760941490530968 370.755429379642 16.83491342514753 20.56669445335865 9.890596330165863 3.066878691315651 4.297009617090225 1.572650521993637 4.472633004188538 2.116006150841713 4.299563273787498 185.4045409113169 4.8023866340518 0.1284450590610504 0.5551723390817642 1.226833179593086 1.481084905564785 0 1.531907677650452 8.875091016292572 19.23245026916265 7.983996458351612 125.2478776276112 3.92544300109148 62.51661397516727 1.453085348010063 140.7333195507526 8.40273343026638 93.33928795158863 8.144565299153328 3.088050462305546 0.3166340515017509 1.732137933373451 5.039568312466145 1.764153823256493 95.01289746910334 32.45592097938061 0.3067618310451508 146.9846710190177 71.34724013507366 195.3676804602146 120.8238734006882 81.35059531778097 60.4331512004137 2645.885039865971 15.22132826596498 251.8294733092189 30.22868376225233 1.814975522458553 5.833098769187927 4.176375076174736 2.65806295722723 0 0.8746875822544098 0 0.2604991942644119 0.4178784415125847 1.106894433498383 1.202189356088638 2.771808534860611 139.856779679656 12.74795791506767 0 2.81853249669075 9.726045683026314 0.8994210362434387 1.180188454687595 1.643235638737679 2.239537000656128 1.491170346736908 23.01940325647593 0.5737976729869843 12.39214038848877 4.486234366893768 9.802275374531746 1.53418256342411 15.19006299972534 20.27959059178829 12.42557407915592 5.12751143425703 1.78300179541111 2.4720673635602 0 0.7309045046567917 0 0 0.128084197640419 0 0 0 0.2318493723869324 0 0.2439164444804192 0 0 0.167002335190773 0.785633772611618 1.722536355257034 0 2.361500948667526 0.9541701078414917 0 0.1731800436973572 0 20.83792874217033 0.9550715759396553 11.17154976725578 5.913182884454727 1.59065393358469 0 0 0 0 0.2204450666904449 0.9286188185214996 0.2041485756635666 1.277852758765221 6.604726776480675 0 0.1087523102760315 0 0.5975095853209496 0.6003223806619644 0.09507298469543457 0.1205964758992195 0.5403526723384857 0.2309891879558563 5.014614939689636 0 0.9270452857017517 0 4.69994094222784 2.699899688363075 0.1358243077993393 0.7835890799760818 0.08626782149076462 0.2893728688359261 0.2987223267555237 0.09294991195201874 0.1063355952501297 0.2403106093406677 72.04278003424406 2.13787554204464 0 0.0995209664106369 0.3185799717903137 1.494012922048569 0.1768819838762283 0 3.674027889966965 10.85861474275589 4.406745590269566 3.155589267611504 1.659802600741386 0.2024320065975189 0.60676009953022 0 0 0.5453478097915649 0.1288294196128845 0.164114847779274 0 16.17363777756691 28.36472947895527 30.64924217015505 561.4862637519836 75.84276584535837 561.8843883797526 125.9950284734368 262.4196479693055 63.70029918849468 7.310482896864414 158.848255738616 17.50537300109863 2.956370815634727 16.55882783234119 2.9279924929142 15.79348181188107 1.31381493806839 0 4.667082935571671 17.0667190477252 0.4464763402938843
594.0756467059255 56.33703885227442 4.669326156377792 1794.441514641047 25.61462374776602 346.3273704051971 164.8813644200563 2.960459634661674 31.45280735194683 2550.135472990572 13.18108348548412 0 1818.272486403584 164.340062700212 3.513828188180923 7.549053467810154 0.1252685636281967 0.4532159268856049 0 0 0 0 0 0 0 0 0.1234836429357529 0 0 0 4.707725182175636 1.015998348593712 16.31234693527222 0 0 0.3578170537948608 59.81376339495182 0 1.170954510569572 0.2948204725980759 0 0.1300957798957825 0 0 0 0.1508193910121918 7.916506960988045 0.1159079074859619 0 0 0 0.1371395438909531 0 0 0.3749513402581215 0.08387162536382675 7.085712626576424 8.922357879579067 0 0.9574437066912651 0 1.632251769304276 0 3.037643477320671 0.3000890910625458 0 0 0 0 0 193.6235688999295 8.545974612236023 0.1438252776861191 3.815045222640038 0.860447883605957 5.604936935007572 5.774540804326534 3.088425382971764 0.3742842972278595 29.83277709782124 0 2.438095912337303 1.069372035562992 0.09099987149238586 0.08989398926496506 0.1002811118960381 0 0.5976863950490952 0 0.3001034259796143 0.1120371893048286 0 0 0 0.3174421191215515 1514.374562546611 40.64196771383286 0.6313166320323944 1.066003113985062 107.1693532168865 0.7716766744852066 2.619356334209442 13.42682743817568 11.78536167740822 1.88267619907856 117.3815682083368 2.296232953667641 48.33036881685257 23.59775784611702 44.3477874994278 1.336378708481789 86.85054993629456 59.73195764422417 55.7784322053194 11.27169078588486 0.1255071014165878 1.587999828159809 0 0 0 0 0 0 0 0 0 0 0 0 0 0 0.2557161748409271 0 0 1.33838751912117 0.1608376801013947 0 0 0 12.92778305709362 0 4.118959650397301 2.443943157792091 0 0 0 0 0 0.4848167896270752 0.4813714325428009 0 3.175349004566669 4.009952694177628 0 0 0 0 0 0 0.4481063336133957 0.1240001395344734 1.345707684755325 2.005976602435112 0.1710503697395325 0 0 6.244421795010567 2.083152920007706 0.263688713312149 0.900421530008316 0 0 0 0 0 1.463897109031677 68.82927082479 0 0 0 0 0.1942684948444366 0 0 5.292512387037277 15.27121998369694 2.661978475749493 1.201429754495621 0.7342721819877625 0.170294389128685 0 0 0 0 0 0 0 33.24914568662643 11.87443514168262 7.801075771450996 189.3243307471275 2.826936908066273 33.60449132323265 6.987758494913578 348.3473380357027 3.986501283943653 0.152969092130661 9.712740182876587 12.809754550457 0.385372593998909 20.16894789785147 1.032382100820541 43.56495296955109 1.515435844659805 0 6.252492472529411 1.504210084676743 0.5242136716842651
839.661003112793 1234.605782620609 295.9899929463863 3490.134251348674 724.9837972968817 353.2238324955106 3912.901948802173 69.03890820592642 1589.817911855876 6179.549634575844 1457.716872058809 1818.272486403584 0 3023.161423541605 42.78816299140453 55.67931525409222 0.7568814903497696 0.2210698798298836 0.5255092531442642 0.7954008430242538 0 0 0 0 1.03245247900486 0.7856409624218941 0.4743278473615646 2.040760219097137 1.780302584171295 0 40.86613361537457 8.97288016974926 264.4994454458356 0.6354787647724152 0.8150752782821655 2.970438025891781 204.1808298453689 11.20339059829712 10.09456048905849 10.39418733865023 0.3008551746606827 1.264561623334885 0.1211046874523163 4.656325817108154 0 0.4338396415114403 98.17193143069744 1.884833835065365 0.2840973734855652 0.4579592794179916 0.6534800082445145 1.12198681384325 0.2158682197332382 0.8872705698013306 2.609859928488731 9.961193822324276 15.22834462672472 34.39010833948851 1.128378570079803 28.98674684017897 0.864207848906517 54.22987402230501 0.3138543963432312 22.89697234332561 2.67535112798214 1.181213110685349 0.2268836721777916 1.56440656632185 0.5783599093556404 0.6103784888982773 479.9447020739317 42.5584904551506 0.3981018513441086 49.81188841164112 20.43630173057318 97.38124506175518 61.79639309644699 60.25592797249556 2.417450174689293 118.364933334291 2.153647892177105 16.18800766766071 11.06310629844666 0.7710266187787056 2.213956780731678 2.059815250337124 0.7512360140681267 0 0.4891509190201759 0.5292578712105751 0.9053638800978661 0.2506275847554207 0.9372133240103722 0 1.557254686951637 2384.636685453355 47.74895183742046 1.222505241632462 11.26706835627556 107.5607669949532 3.6427983045578 9.897827245295048 36.77833826094866 28.19999529421329 14.09632234275341 291.1764885559678 11.64305264502764 119.7143754586577 80.28025035560131 119.0972535163164 8.92502599209547 251.4502930119634 196.6807599961758 140.6796442717314 37.1121559292078 3.869895190000534 5.537345178425312 0 1.316344365477562 0 0 0.2146927565336227 0 0.3322995007038116 0 0 0 0 0 1.197014302015305 0.116921178996563 1.651492089033127 1.20387577265501 0 3.604435443878174 1.76481270045042 0 0.1981149613857269 0 57.53219012916088 4.537476345896721 27.53436762839556 11.43821664899588 1.675811395049095 0 0.2166986614465714 0 0 1.077621832489967 1.513028755784035 0 11.01288402825594 22.88075248897076 0.1574874520301819 0 0.3310539424419403 0 0.6044601500034332 0.1030273213982582 2.610633283853531 0.3169310837984085 2.339422844350338 9.524825066328049 0.1468595266342163 0 0.4416507929563522 22.40343697369099 13.69019982218742 1.549109667539597 1.079584643244743 0.3108250796794891 0.5477580055594444 0.1627167910337448 0.1024963781237602 0 0.188989669084549 353.0342084169388 1.345430850982666 0 0 0.2002114057540894 4.040240719914436 0 0.2432848811149597 15.76933109760284 39.34146939218044 17.80005146563053 13.04575234651566 2.523014910519123 0.7389624863862991 0.216993659734726 0 0 0.1892086192965508 0 0 0 109.5575433447957 72.50370039790869 62.54374972730875 537.5533213764429 49.19313883036375 319.2231751531363 100.5364129841328 606.091094635427 42.40365995466709 6.242108538746834 115.1769240871072 40.57252225279808 6.02553541213274 70.76608178019524 6.36096166074276 100.4558241069317 4.071542724967003 0.1597331315279007 9.021985217928886 12.81057371199131 0.5132809579372406
