0 4829.310196265578 137.2189474850893 2471.801183089614 659.7549150437117 179.1797494888306 685.2836395055056 151.5735773146152 200.025717779994 1409.74108800292 274.2701172232628 186.7930472791195 555.6812067776918 442.366907119751 52.39649351686239 49.04458264261484 0.4124748259782791 0.13980732858181 0 0 9.677029877901077 0.6807945817708969 0.1726293563842773 1.912162303924561 13.00296570360661 17.93348581343889 9.41425496339798 3.213547646999359 3.191882975399494 2.585253149271011 487.0831177383661 1.177278459072113 162.6572133600712 0.8688546121120453 0.2188474982976913 50.78047226369381 96.99582095444202 54.54412341117859 10.18695043027401 18.93888895213604 9.238181382417679 7.598170250654221 0 4.898544162511826 0.2325480133295059 3.568328246474266 35.39549082517624 4.873060621321201 0.9476966261863708 2.106262102723122 18.56596317887306 3.719215914607048 0 0.3664348721504211 3.926768630743027 14.55331484973431 327.2935516834259 1220.883678607643 66.28183834254742 23.3485739454627 24.53427997231483 153.3827705234289 19.91519491374493 14.73961320519447 4.795565500855446 4.173532396554947 1.367614850401878 2.696315474808216 1.782894343137741 16.83751697838306 81.02396088838577 7.601071745157242 0.9219525754451752 173.3331325128675 57.91784024983644 74.70179246366024 27.24903039634228 6.886917248368263 0.6274891495704651 123.4231357574463 0 13.47475332021713 17.08089432865381 2.598652899265289 5.288803912699223 10.98545628786087 1.702517375349998 3.142764806747437 2.23390793800354 3.938250154256821 2.726053550839424 0.8803935199975967 43.38569247722626 39.0198063403368 1.227453149855137 196.2055835425854 10.14902025461197 2.169364362955093 2.332890868186951 1773.964722245932 0.6502131223678589 0 1.039639949798584 0.2887209951877594 0 45.43741811811924 1.338823288679123 8.1307482868433 28.38095006346703 5.606234475970268 0 16.51612138748169 8.940518781542778 13.57436047494411 2.718769729137421 0.3653293550014496 0 0 0.1963963657617569 0 0 0.9614365994930267 0 0 0 0 0 0 0.1346343159675598 0.4965141415596008 0.7897701263427734 0 1.156628310680389 0 0.1549808979034424 0 0 0 0 6.125836133956909 0 6.910197272896767 1.698893293738365 0.6161743253469467 0.7040581107139587 0.25921231508255 0 0 0 0 0 0 0 0.2394973635673523 0 0 0.5330108106136322 0.8854837566614151 0 0 0.1499783098697662 0.1994761079549789 0.2180119901895523 0 0.3741049468517303 0 7.429363444447517 0.4035903513431549 0 0 0 0.3681803345680237 0 0 0 0 19.1497750133276 0.8761856704950333 0 0 0.6068615913391113 0.4300833344459534 2.962547019124031 2.863824293017387 2.297652706503868 0 0 0 0 0 0.121315598487854 0 0 0 0 0 0 13.03336897492409 4.077598124742508 6.406423166394234 219.4428404271603 27.69082243740559 166.648531511426 29.58600587397814 1232.474436938763 35.7180517166853 6.460469134151936 31.64218412339687 5.004696428775787 0.4342160820960999 2.678469739854336 0.4315106868743896 6.815587162971497 1.309769034385681 0 1.975499972701073 122.0424595922232 23.69441992044449
4829.310196265578 0 775.3734806403518 1580.12424402684 7048.899651750922 197.9327566027641 2942.392279669642 925.284393966198 4732.598231784999 331.4117016643286 1235.855295702815 32.15120074152946 2246.666280552745 2150.697021126747 129.4178356677294 81.7599645704031 0.8426471799612045 1.234003454446793 0 1.335335686802864 45.65913747251034 2.063655287027359 1.673497974872589 3.803640261292458 20.20327496528625 53.73883619904518 17.89660602062941 5.744965016841888 8.054709047079086 3.068867921829224 6432.241834931076 8.191246643662453 349.9479734003544 1.136513397097588 0.907352477312088 83.02768445014954 177.8849689289927 95.10694658756256 12.79740522801876 30.18374568223953 28.02235394716263 12.89320773631334 0.6808456480503082 5.275219723582268 0.9222541451454163 6.523406706750393 187.9873326793313 35.74579452723265 2.24496291577816 4.310322970151901 40.43126203864813 1.172366887331009 0.7932211607694626 3.488684207201004 12.07677528262138 54.61329022049904 197.1956447809935 2332.062657512724 114.259467959404 132.078104250133 41.14201337099075 277.7397793084383 40.76640631258488 170.0441383644938 26.87377282232046 31.06782635301352 4.216753415763378 10.614616535604 5.05653291195631 75.62133308500051 79.47416351735592 7.487615332007408 0 530.5805393233895 536.701074115932 422.1525451764464 103.5228454843163 11.54519838839769 10.62242034077644 339.3143575787544 2.104350417852402 32.48936896026134 101.0612093359232 8.113176710903645 34.16849359124899 55.12237231433392 21.40549163520336 0.7107177823781967 4.754168011248112 0.3324997872114182 6.706258155405521 1.601224400103092 150.4215670675039 79.87376041710377 7.102143608033657 107.5849178731441 1.941466920077801 0.3470311239361763 3.830909207463264 2249.183200143278 3.064424008131027 1.545589745044708 3.581055611371994 1.378809854388237 0 158.7970207929611 2.440270304679871 23.27996069192886 39.13669319450855 26.34469422698021 0.2679142355918884 81.92149269580841 36.12987405061722 63.96985574066639 12.22219417989254 0.943670243024826 0.1749423295259476 0 0 0.2217183113098145 0 0 0.1695631295442581 0 0.4588555842638016 1.282460555434227 0 0 0 0.5337920486927032 1.549687072634697 0.6880688369274139 1.560651227831841 0.7221988886594772 2.03084397315979 0.2304186075925827 0.2774983644485474 0.2642884850502014 0 23.3212308883667 0.7770328372716904 23.60073886811733 7.1053536683321 1.73843252658844 0.9618387520313263 1.109870821237564 0.3305011093616486 0 0 0 0.3672250509262085 1.795511960983276 1.44295746088028 0 0 0.9575394988059998 0.4869510233402252 2.527451515197754 0.2233842685818672 0.2359869480133057 0.1065434962511063 1.502379462122917 1.810533881187439 0 0 3.364544183015823 24.74470326304436 1.222557902336121 1.919471055269241 0.7191162109375 0.1318341493606567 0.2320561856031418 0 0 0 0 60.45924930274487 3.814850687980652 0 0 0.7462905645370483 4.688101321458817 9.221143826842308 10.62777997553349 2.378346480429173 0 1.312854051589966 0 0 0.1570688039064407 0.5402050837874413 0 0 0.6034762263298035 0.1783339232206345 0 0 40.15358954668045 12.46512430906296 19.13296753913164 741.6602674424648 155.9593054428697 756.6796683594584 119.5889760553837 719.5432174876332 122.8350240215659 30.63596031814814 125.8454907536507 34.79477841407061 0.5316987112164497 7.814905561506748 0.6305733323097229 24.47673374414444 0.6667300760746002 1.757285743951797 4.84771816432476 10.52078264206648 0.4649479687213898
137.2189474850893 775.3734806403518 0 15.64427790045738 390.1655974164605 1.458210468292236 35.04844779521227 7600.443931818008 984.5300195142627 8.277467645704746 4235.25815628469 4.717030048370361 257.2833781763911 907.2017255797982 53.07406838983297 49.55522231012583 3.306066028773785 19.51842115819454 0 93.11371643841267 1176.620063506067 0 58.30221346020699 56.64681293070316 27.06259542703629 467.1276922523975 26.94901663064957 23.19366141408682 9.416868761181831 3.021316185593605 5211.330469734967 1001.645714089274 543.8020189926028 57.84596265852451 14.2000782340765 258.2652089446783 206.3049521818757 200.127412609756 13.89770015329123 54.46689460426569 276.6732395291328 72.56562453508377 37.08209004998207 13.58375456929207 15.45266573131084 64.99560595303774 42.08418523520231 12.15792036801577 12.83588725328445 65.53878128528595 191.1775044649839 0.8827172219753265 0.1949980109930038 3.513179548084736 2.230188690125942 13.32572258263826 60.78310793638229 1098.085769541562 33.91983479261398 21.98038499802351 236.5406295135617 567.5227247700095 161.1786064952612 64.26955530047417 7.173721812665462 24.17408700287342 26.27802390605211 65.59640262275934 100.1235504597425 1837.819021970034 22.270482622087 2.893711373209953 0 141.2058163136244 151.9861918911338 77.17628634721041 26.28644000738859 6.99763947725296 1534.523590222001 3627.459553442895 58.93871538341045 1675.906661354005 21.04736614227295 1.428054481744766 7.514119237661362 24.7978787869215 35.32097394764423 0.5051289498806 9.7777950912714 0 10.35343308746815 2.26402436196804 1617.373436972499 327.6939858794212 11.58081895858049 11.27368730306625 0.3746829032897949 0 1.692291408777237 443.8568780347705 0 0.1238659918308258 0.5038124918937683 0 0.2487545907497406 7.426338940858841 0 1.299523442983627 0.8626893162727356 2.652725204825401 0 5.456437364220619 2.93918676674366 3.721302449703217 1.604300692677498 0.3377086222171783 0 0 0 0.5409327149391174 0 0 0.482385441660881 0 2.219302535057068 3.764359042048454 0.1582818925380707 0.5729230642318726 0.5954947173595428 0 3.224855840206146 0.4654857814311981 9.369100138545036 0.6172666847705841 0.7189620137214661 0 0 0 0 2.033981710672379 0.3837432265281677 6.744398832321167 1.837945997714996 1.318370446562767 0.5918840020895004 7.693097457289696 2.911865249276161 0 0 0 1.404909431934357 0 0.2389744967222214 0.5289075151085854 1.528540134429932 6.04705773293972 1.396346434950829 23.07497727870941 0 0 0.1970192864537239 0.2091704159975052 0 0 0.5710456669330597 0.7632034718990326 5.907247602939606 0 0 0 0 0.1675799190998077 1.460062384605408 0.1154883950948715 0.9728673100471497 9.266425386071205 6.044449374079704 2.226384356617928 0.6127279698848724 1.155340492725372 14.71772527694702 1.189892277121544 2.601272270083427 3.999320402741432 0.7801309823989868 0 0.2256815731525421 0.201312243938446 0 2.45526397228241 0 0 0 1.046801954507828 1.476531893014908 0.4889888167381287 1.553400933742523 4.289719328284264 3.330069869756699 6.222981527447701 156.5374981611967 108.8525690808892 205.1716910153627 40.09868854284286 116.0291450917721 24.06693647056818 7.281386353075504 20.70297438651323 6.261152327060699 2.550377279520035 2.42918673157692 0.8090355843305588 3.789962127804756 0.240461066365242 0.4086757451295853 0.7199056893587112 4.431502178311348 0.6072245687246323
2471.801183089614 1580.12424402684 15.64427790045738 0 286.7683736607432 696.7401626706123 1425.707525715232 1.447916150093079 53.47899430990219 1593.441094532609 2.344890087842941 1537.778135374188 2073.077960848808 98.42807002365589 9.608640477061272 3.803543165326118 0 0.3750841021537781 0.2157288193702698 0 0 0.3490722179412842 0 0.3028963804244995 0 1.806104719638824 0 1.828149914741516 0.5050575137138367 0 118.9456592798233 0 2.364756673574448 0 0 1.088613033294678 10.08431153744459 1.769654393196106 2.483369782567024 1.285219267010689 0.1997082680463791 0.1406731456518173 0 0.3263834491372108 0 0.105258971452713 28.48779231309891 8.984934285283089 0.36667700111866 0.3834149539470673 0.2794800251722336 0.774019867181778 0.2058450728654861 0.7640500068664551 3.591117665171623 20.38895647227764 80.34401259571314 632.1033968925476 41.50924743711948 37.0771549642086 1.064753010869026 3.638066038489342 1.805007427930832 30.86522987484932 11.21811112016439 9.04484199732542 0.6608427464962006 1.452844232320786 0.2665858566761017 0.2750578820705414 151.218019977212 3.836661905050278 0 191.7601572275162 136.6141427382827 78.87711369991302 9.166495054960251 1.250087738037109 0 7.405691742897034 0 0.4881375133991241 32.92023568600416 3.741044454276562 10.37555579841137 19.23607313632965 3.854292720556259 0.3506031036376953 1.180729515850544 0.7219511568546295 1.507696360349655 0.5943485945463181 0.9061393141746521 1.227373905479908 1.28331508487463 138.4329131543636 1.162817969918251 0 0 682.5616625547409 1.22363868355751 0 0.7652685344219208 0.7354004383087158 0 79.6354209408164 1.045916795730591 7.410985335707664 41.03218221664429 10.55225282907486 0.4794958829879761 22.57929773628712 12.07136690616608 18.85658390820026 2.541216358542442 0.123943105340004 0.284402459859848 0 0 0 0 0 0 0 0 0 0 0.2391152083873749 0 0 0 0 0.3255819976329803 0 0.5736578702926636 0.2172046601772308 0 0 0 4.393457412719727 0 3.718036450445652 0.4857376664876938 0.1542204916477203 0 0 0 0 0 0 0 0.9662661850452423 0 0 0 0 0 0 0 0 0.2183498740196228 0 0 0 0.4142442345619202 0 6.655685275793076 0 0 0 0 0 0 0.1234901323914528 0.1333667039871216 0 14.47939985990524 0 0 0 0 0 1.791953504085541 0.9870466142892838 0 0 0.1582392603158951 0.6201260685920715 0.1822203546762466 0 0.1171222552657127 0.1366749107837677 0 0 0 0 0 11.73244404792786 1.892661720514297 3.88468299806118 300.8729740977287 34.53151722997427 166.2312662974 15.52162444591522 1303.823733478785 22.34432278573513 12.08005268871784 19.28132969886065 10.44512285292149 0.4188767224550247 1.263107113540173 0.2261811196804047 13.20473642647266 0 0.153722420334816 2.683733195066452 32.41031923890114 0.4142121970653534
659.7549150437117 7048.899651750922 390.1655974164605 286.7683736607432 0 19.95651659369469 558.1791768074036 275.3589496165514 7674.426389276981 106.367808803916 526.9904838353395 12.15395525097847 1658.868400350213 2670.884162433445 89.31890588253736 43.26828509569168 0.1451207250356674 0.8480550795793533 0 0.2845561653375626 0.8888223394751549 0 1.081964299082756 0.4444190859794617 2.523200817406178 8.812186606228352 2.288200527429581 2.943654932081699 5.043305777013302 0.5529597550630569 359.9960674792528 0.533570408821106 99.6928409487009 0.2002489268779755 0.5373567640781403 11.89638744294643 57.8128405585885 25.84115606546402 4.634451597929001 5.856922134757042 2.282725758850574 1.844644494354725 0.485584020614624 1.61235810816288 0.9686744958162308 2.399653688073158 140.7669154927135 24.25333055108786 0.2745214700698853 0.8593538403511047 8.003243237733841 0 0.4370314180850983 1.89935028553009 4.65095592290163 21.2583062723279 28.42391861975193 206.8306611031294 25.48424368351698 66.42345111817122 9.480522207915783 52.50882492214441 3.118682004511356 109.8549615591764 15.25150783360004 18.42375460267067 1.520579569041729 5.544422492384911 1.411852672696114 3.883290491998196 52.75279624760151 5.50477859377861 0.6137045174837112 142.7611480802298 195.1586913764477 295.6088225990534 102.2702788636088 8.792401187121868 0.8535330593585968 71.78359319269657 0.3011101707816124 5.158839344978333 59.59194674342871 2.711970828473568 24.98321498185396 22.81019283086061 15.42919909209013 1.027685418725014 3.380773328244686 0.4436600655317307 2.564622394740582 1.144891440868378 11.25277726352215 8.300263524055481 4.077183566987514 166.8465858399868 2.653490498661995 0.3197860717773438 1.297115668654442 108.5311945974827 2.941598743200302 0 6.560724690556526 3.350239306688309 0.9775073528289795 135.7217804789543 4.629034236073494 35.54114879667759 16.33970209956169 42.08122545480728 0.3250360786914825 128.2606488466263 49.39598843455315 83.23636662960052 14.80589127540588 1.187905982136726 0.1561434417963028 0 0 0 0 0 0 0 0 0.5262631475925446 0 0 0.5036444664001465 0 0.1999685168266296 0 0.9884689301252365 0 0 0 0 0 0.2914251089096069 25.90718039870262 0 27.57243265211582 4.996307745575905 1.341076195240021 0 0 0.3253385722637177 0 0 0 0 0.8541589081287384 0.6811343133449554 0 0 0 0.2481520175933838 0.3352334201335907 1.020398527383804 0 0 0.9425777941942215 3.455978006124496 0 0 2.160369962453842 34.63494479656219 1.126504123210907 0 0.5904582440853119 0 0 0 0 0 0.3674062788486481 90.87971380352974 0 0 0 0.4383569359779358 4.118071734905243 5.210046023130417 18.65508988499641 1.454741075634956 1.850044280290604 0.2195646315813065 0.1805593967437744 0.1736542582511902 0.1067797616124153 0.1526239067316055 0 0 0.3804734796285629 0 0 0 54.65002086758614 9.801999494433403 17.22825211286545 472.7023077905178 108.0016195774078 568.62381285429 93.2500518783927 110.8045364320278 102.941981613636 12.84269138425589 94.16145117580891 32.16264951229095 0.7008112668991089 6.986344680190086 0.5479890257120132 38.50441190600395 1.302507102489471 0.1037401705980301 4.939135268330574 10.05235552787781 1.321889638900757
179.1797494888306 197.9327566027641 1.458210468292236 696.7401626706123 19.95651659369469 0 294.692702844739 0.2926288545131683 15.07934749126434 671.0248181819916 3.222554311156273 276.832852602005 331.8694790452719 44.75982895493507 3.673705607652664 5.965436533093452 0 0.1967784464359283 0 0 0 12.04420918226242 0 0 0.3030864596366882 0.2122330665588379 0.5615984201431274 0 0.2576263844966888 0 8.904322475194931 0 6.42420956492424 0 0 0 37.07200902700424 1.919364288449287 5.114335224032402 0.4612148106098175 0 0 0 0.2069867998361588 0.543640673160553 0.4055042266845703 2.8076441437006 0.3553731590509415 0 0 0.5935309082269669 52.74455818533897 0 0.4744133502244949 0.1917419284582138 4.578064888715744 52.8234316110611 218.0476032346487 9.075369708240032 1.710116997361183 0.1398053467273712 10.60321165621281 0.1935182809829712 0 0.9103015810251236 0.7803577780723572 0.1837666779756546 0.6770083904266357 0 0 541.2444203346968 189.5169018805027 29.7534731477499 18.88733720779419 6.582280792295933 5.126283295452595 1.19466145336628 0.8873757421970367 0 6.636353597044945 0 1.732824087142944 1.818988278508186 10.8696947991848 0.6160788089036942 15.54702001065016 0.8227183371782303 54.90822920203209 40.97290100157261 70.49386660009623 7.887063279747963 24.46192310750484 0.1774294078350067 0.3218462765216827 4.430560246109962 679.7472371906042 266.7765976339579 23.40149611234665 24.01513433456421 209.28292144835 1.032423853874207 0 0.181378111243248 1.509968429803848 0.6376087069511414 16.6190205514431 0.4778531789779663 2.590403020381927 6.436790287494659 3.328503668308258 0 7.901759564876556 3.618764832615852 6.333632826805115 0.6268048286437988 0.2202025502920151 0 0.216284453868866 0 0 0 0 0 0.1781968027353287 0 0 0 0 0 0.2054452747106552 0 0 0.3223300278186798 0 0 0 0 0 0 2.797825753688812 0 3.823031708598137 0.6531026512384415 0.2876571714878082 0 0 0 0 0 0 0 0.2264797687530518 0.4532959759235382 0 0 0 0 0 0 0 0.6378634795546532 0 0 0 0 0 6.000570744276047 0 0 0 0 0 0 0 0 0 5.171665892004967 1.46200954914093 0 0 0.5079243034124374 0.1958789676427841 0 2.647218301892281 0.3631279170513153 0 0 0 0 0.2231131196022034 0 0 0 0 0 0 0 2.141501292586327 2.351893231272697 2.628259256482124 84.11119797825813 4.100684508681297 15.65412544459105 3.941497385501862 365.7559914439917 4.174744099378586 1.184190139174461 6.129953369498253 4.33425298333168 0.2786287218332291 2.149198710918427 0 1.149251505732536 0 0 1.165781915187836 1.287339329719543 0
685.2836395055056 2942.392279669642 35.04844779521227 1425.707525715232 558.1791768074036 294.692702844739 0 6.480685710906982 716.4848826676607 1738.593807935715 38.1003534719348 175.5365996211767 6834.984050698578 915.1593073308468 110.6691528484225 34.95213969796896 0.986405685544014 0.4871522933244705 0.1335407048463821 0.6419259160757065 0.9421036913990974 0.7691015005111694 0.5261759459972382 0.5120868533849716 1.047730684280396 6.951324835419655 0.522942066192627 5.460438579320908 4.716065734624863 0.09947159141302109 203.2443467155099 0.9645429998636246 9.947784543037415 0.8099872469902039 0 0.7031145840883255 49.40332305431366 3.585394337773323 8.929475575685501 2.877794951200485 3.392735317349434 1.828351214528084 0.3175333440303802 1.2515929043293 0.6103427931666374 5.710247933864594 214.5718581303954 44.61043755710125 0.3003056198358536 0.4149216786026955 3.051220469176769 2.418286174535751 0.09964383393526077 3.831587880849838 13.81434573233128 54.64190600812435 87.51029316335917 530.3883539736271 70.72860568016768 139.2087251245975 5.486804991960526 10.6037552729249 1.18791951239109 181.0720207095146 36.94713401049376 41.15603688359261 2.255434535443783 11.69189972430468 1.890506476163864 2.462747439742088 108.3004778623581 13.22202524542809 0.6240323707461357 365.7059884369373 461.1697612851858 470.4892230704427 104.8191855549812 7.905536659061909 0.1668583601713181 13.69354735314846 1.705503806471825 4.567511983215809 115.4524829164147 7.108620658516884 47.68774113059044 59.09272642433643 21.65931939333677 2.390269860625267 6.426366865634918 1.426306456327438 3.581541061401367 2.998413674533367 5.096298344433308 1.588321834802628 4.656391814351082 709.9904036968946 6.976031951606274 0 1.980926319956779 177.7173068374395 5.156404480338097 4.492236509919167 26.21917949616909 15.03089171648026 3.140310794115067 485.0091117173433 16.2940549403429 80.26567231118679 88.71695028245449 121.1771713793278 0.4050541520118713 323.06312546134 123.1529785692692 221.7107707560062 33.10083702206612 1.293026939034462 1.234092056751251 0 0 0 0 0 0 0 0 0 0 0.6388271450996399 0.1802736222743988 0.756497859954834 2.024360254406929 0.7407917380332947 0.8478503823280334 0.1490048468112946 5.280595555901527 1.007519543170929 0 0.6477211713790894 0 63.54115472733974 0.3349963426589966 51.93587480485439 9.137352257966995 2.979698598384857 0 0 0.2969446778297424 0 0.1956517249345779 0 0 2.732138633728027 4.346181392669678 0 0.4764948189258575 0.1718964725732803 1.619222909212112 0.7829336822032928 1.579680182039738 1.238417088985443 0.118161253631115 3.344387218356133 4.679977312684059 1.910350769758224 2.103643000125885 2.819290980696678 77.98671621084213 1.06117570400238 0.9383534789085388 0.6133048236370087 0 0 1.309087008237839 0.1171470806002617 0.216831773519516 0.8410325199365616 214.6459388285875 1.829693019390106 0 0.2561993002891541 0.3101085051894188 6.311371594667435 11.92726276814938 27.58412143588066 5.675860896706581 4.428901940584183 1.553056821227074 0.8518560528755188 0 1.200519159436226 0.7300999239087105 0.3478419780731201 0 0.3317701518535614 0 0 0 155.518896818161 24.32656560838223 37.13505508005619 1003.313305556774 203.8196154236794 953.3786313608289 137.1045969575644 550.0363466218114 166.8649905696511 29.16506120562553 165.7021292597055 62.95800974965096 2.255111120641232 20.66157551109791 1.165074728429317 106.7631764262915 4.756779879331589 1.546998307108879 8.673877850174904 11.95917069911957 0.6147582679986954
151.5735773146152 925.284393966198 7600.443931818008 1.447916150093079 275.3589496165514 0.2926288545131683 6.480685710906982 0 1392.742983981967 4.432562544941902 2010.497814759612 1.973349124193192 238.439847573638 1229.553169384599 19.47420814633369 16.21779604256153 0.3756867796182632 0.4887975752353668 0 2.886344105005264 20.62692528963089 0 1.6723592877388 1.437769651412964 9.2508355230093 19.23164032399654 8.92742282897234 6.581696391105652 2.030247449874878 1.105378121137619 720.0512997657061 2541.972435325384 368.1400471031666 1.234723761677742 0.3911715000867844 45.12477706372738 90.14273708313704 52.00787922739983 3.618522837758064 14.19738146662712 12.99238677322865 4.682539701461792 0.4478003680706024 5.860273852944374 0 4.06900218129158 12.65109385550022 1.167283028364182 0.199814036488533 0.8564307987689972 8.162424698472023 1.659686654806137 0 0.6418620645999908 0 0.4857897460460663 5.384459160268307 82.80739034712315 5.376097425818443 3.261366806924343 30.92006300389767 224.1348750144243 21.05059394240379 130.4154856055975 0.7074878588318825 0.7172282710671425 1.075914427638054 1.675368949770927 0.8423575907945633 26.95604185760021 13.17963354289532 1.035111978650093 0.1098676174879074 16.86688408255577 31.88556337356567 25.22188727557659 52.87998612225056 48.0410138219595 812.7970393449068 1273.381708696485 77.78763025999069 552.1770958900452 3.426911137998104 0 1.70121743530035 1.391215458512306 1.086043462157249 0 0.5139858424663544 0 0.2929971963167191 0.6406807899475098 35.20300225913525 22.16821831464767 0.7213414162397385 4.806769743561745 0 0 0 75.46895995736122 0 0 0.4630337059497833 0 0.3736610412597656 3.009440511465073 0 1.327080890536308 1.282346963882446 0.1639437079429626 0 4.156738325953484 1.73512327671051 5.432732030749321 1.004151523113251 0.1680948883295059 0 0 0 0 0 0 0.2174076735973358 0 0.4471751302480698 0.1771415770053864 0 0 0 0 1.059050530195236 0.3387146145105362 0.8493254631757736 0 0 0 0 0 0 1.041794717311859 0 3.211161136627197 1.569713279604912 0 0.5669307559728622 0 0 0 0 0 0.3866051137447357 1.228643894195557 0 0 0 0 0.6444343477487564 0.5945176482200623 0 0.2346065044403076 0 0 0 0 0 0.2972402274608612 3.785184383392334 0 0.3746208548545837 0 0 0 0.6454432606697083 0 0 0 5.254506215453148 0.2162774354219437 0 0 0.6353886127471924 0 0.4912329316139221 1.822585254907608 0.7575009912252426 0 0.1591060608625412 0.6507684588432312 0 0 0 0 0 0 0 0 0 2.971492528915405 0.7001090049743652 1.431495547294617 29.81749638170004 5.829177260398865 47.92031296342611 8.794601947069168 15.25430213660002 5.78664718568325 1.153957799077034 10.73707403242588 2.646211802959442 0 0.297623798251152 0 0.7550929486751556 0 0 0.2096768915653229 0.2940779626369476 0
200.025717779994 4732.598231784999 984.5300195142627 53.47899430990219 7674.426389276981 15.07934749126434 716.4848826676607 1392.742983981967 0 100.0069304257631 6289.733732685447 25.39835375547409 1726.608702644706 2021.49446067214 76.26399389654398 32.94727770239115 0.3066588640213013 0 0 0.137692466378212 0.1469168215990067 0.3866764307022095 0 0.1123733520507812 1.076785251498222 2.702953733503819 0.8848221302032471 1.655850738286972 2.190346047282219 0 137.8396873027086 0 90.83659018576145 0 0 4.117798268795013 115.3464900106192 22.66934943199158 2.468725308775902 6.204346641898155 1.16150663793087 1.14820059388876 0 1.902501702308655 0.1106123402714729 2.025496378540993 82.54528123885393 8.165607541799545 0.2168491631746292 0.155812069773674 1.223336726427078 1.993879854679108 0 0.9826468303799629 2.027586117386818 7.811268493533134 13.09514715522528 74.9545615836978 11.62585689127445 30.28368711471558 4.564055368304253 78.69091816991568 1.539903238415718 45.95240446925163 5.274281099438667 6.787128731608391 0.1959862932562828 3.133993580937386 1.080682806670666 1.618549391627312 49.95489455014467 7.595933809876442 0.9783553779125214 54.49977432191372 86.14434435218573 155.6144893467426 58.45670658349991 7.98999810218811 0 105.6952658891678 0 1.960479065775871 25.63556028157473 1.430953696370125 10.17546505481005 8.889313690364361 5.307932175695896 0.4060404449701309 0.8129843324422836 1.058147728443146 1.226464562118053 1.573457829654217 4.245524019002914 2.045131325721741 3.233971886336803 251.3049318045378 0.3806384801864624 0 0.4128683805465698 39.22946617007256 3.018983542919159 0.7528604865074158 9.424032583832741 7.52680042386055 0.2755104601383209 160.3873043507338 5.042334765195847 32.7617639452219 16.08381918072701 43.53881333768368 0.4137597382068634 159.3311947137117 60.03488738834858 106.3452436774969 16.0618970990181 0.5763207077980042 0.2411536425352097 0.1926500052213669 0 0 0 0 0 0 0 0.27974933385849 0 0 0.2962247431278229 0 0.5300678759813309 0.2136220633983612 0.6675667315721512 0 1.949389323592186 0 0 0 0 31.2494293153286 1.070811837911606 27.80112256109715 8.048552587628365 0.6669045090675354 0 0.2193660289049149 0.3817870020866394 0 0.1556121408939362 0.3950503170490265 0 0.2819653153419495 1.29419170320034 0.1862854510545731 0 0.8723832964897156 0.3920895457267761 0.5347359925508499 0.4026916921138763 0.8718521893024445 0 0.9756368398666382 4.469992980360985 0 0.6649089455604553 0.289189338684082 33.06563822925091 0 0.7798293381929398 0.1504613906145096 0 0 0 0 0 1.166111156344414 96.09035015106201 2.035326361656189 0 0 0 4.858637630939484 3.755623951554298 10.40556399524212 4.795214831829071 2.380065083503723 1.052688330411911 1.866857945919037 0 0 0 0 0 0.09918683767318726 0 0 0 66.88326697051525 14.75316022336483 17.90930563211441 347.971754565835 56.54621164500713 353.7766959443688 62.41991445422173 77.01749067008495 55.43464631587267 4.191118165850639 88.04524543136358 26.70190598070621 0.686360627412796 11.30986014008522 0.1307466328144073 46.78980681300163 3.265367925167084 0.7394149824976921 3.808919757604599 5.453025713562965 0
1409.74108800292 331.4117016643286 8.277467645704746 1593.441094532609 106.367808803916 671.0248181819916 1738.593807935715 4.432562544941902 100.0069304257631 0 25.25332391262054 3000.263963520527 10018.15537700057 530.5585877746344 25.83025431632996 19.03052148222923 0.1774541288614273 0 0 0 1.64593531191349 1.575020045042038 0 0 0.8999675214290619 2.807244062423706 0.8875439763069153 0.5415870547294617 0.2300166115164757 0 60.78403487801552 0.3918675482273102 15.24565748870373 0.6350894123315811 0 3.059053897857666 61.99172686040401 5.20379650592804 2.720072910189629 1.913797713816166 0 1.053000256419182 0 0.4928428381681442 0 1.229311004281044 29.33789899200201 4.494122661650181 0 0 0.3350614607334137 5.991097420454025 0 0.1317853778600693 2.557741455733776 12.61584820598364 65.0599872469902 243.628791347146 25.07981663197279 22.38183259963989 1.681683376431465 18.75312699377537 2.768501579761505 11.83220334351063 5.661908023059368 6.011653743684292 0.09913920611143112 1.142428949475288 0.1263550221920013 0.7307915091514587 1199.796935386956 33.34204834699631 5.59089283645153 94.69362114369869 67.46607803553343 63.42070628702641 12.07981888949871 3.170185133814812 0 30.67770855128765 1.339984729886055 0.520492821931839 20.0677722916007 4.794473700225353 5.393504895269871 12.73285586386919 2.073973909020424 7.950582265853882 5.112495459616184 12.17274782061577 1.457549929618835 4.684361115098 1.973406039178371 1.143654316663742 1.823385998606682 745.0286806672812 19.39376801252365 2.58945968747139 3.315500482916832 561.1871934980154 2.496065944433212 2.238197773694992 9.626127243041992 12.92212857306004 0.2687453031539917 239.2340418845415 8.746181130409241 35.25163587927818 51.94665272533894 60.03913773596287 0.1604681015014648 257.7061782926321 161.1510895341635 171.132526665926 11.50723475217819 1.108240142464638 0 0 0.1450679749250412 0 0 0.2813001871109009 0 0 0 0 0 0.155165895819664 0 0.3785064518451691 0 0 0.4179425835609436 0 0.5100085735321045 0.5672559142112732 0 0 0 27.4831936955452 0.6399481296539307 23.36399926245213 2.347595989704132 0.8907851278781891 0 0 0 0 0 0 0 0 2.272901639342308 0 0 0.1975330114364624 0.2671598494052887 0 0.4768616706132889 0 0.2064607962965965 0.8839174062013626 0.5301417112350464 0.5853869318962097 0.4033153355121613 1.076187193393707 29.57662487030029 0 0.3981145918369293 0.5802844762802124 0 0.1165283694863319 0 0.1848066747188568 0 0 79.12724010646343 0 0 0 0 2.267638713121414 2.307884275913239 6.577823594212532 2.809551805257797 0.8159505426883698 0.2580738663673401 2.010817527770996 0 0.2787352055311203 0 0 0 0.1014471277594566 0 0 0 76.07629780471325 11.09671133756638 13.41538265347481 483.5556263029575 23.77236625552177 166.0494481548667 26.4336908236146 1075.991664513946 29.2940613552928 5.054949648678303 41.03635972738266 20.01106292009354 0.3590115159749985 7.263163492083549 0 51.87861970067024 0.9819083511829376 0.1250140517950058 1.678693041205406 0.464651346206665 0.2923762202262878
274.2701172232628 1235.855295702815 4235.25815628469 2.344890087842941 526.9904838353395 3.222554311156273 38.1003534719348 2010.497814759612 6289.733732685447 25.25332391262054 0 11.24131695926189 977.714710906148 5253.660941138864 48.48443573713303 50.81784699857235 2.080118373036385 1.170624226331711 0 1.119230285286903 50.50205144286156 0.307964950799942 2.355076760053635 9.146955192089081 34.35678324103355 95.40229132771492 46.85424527525902 14.13632254302502 21.17248667776585 8.08409957587719 275.1271226704121 194.2648078352213 3357.146657541394 2.718587189912796 2.125086262822151 283.2966294288635 420.959144257009 280.4834428280592 20.99861325323582 75.3862686008215 38.56876718997955 19.7955007404089 1.507192179560661 14.019416436553 1.04599803686142 10.26745191216469 29.7809199988842 4.494375362992287 2.376463025808334 3.905074715614319 32.35084390640259 5.587216466665268 0.6589877009391785 5.534438416361809 1.124518468976021 3.007323414087296 10.29574602097273 99.28359113633633 6.098628610372543 8.681016892194748 96.9220734834671 1233.076103612781 97.60708718001842 20.18121156841516 0.8199855610728264 3.282371759414673 1.20683416724205 2.476442843675613 3.448781117796898 56.27602171897888 53.93595831096172 4.947786897420883 0 31.80437229573727 34.89213494956493 50.21496165543795 23.72122026979923 12.68617594242096 330.0815106481314 1582.761832684278 7.162846118211746 144.1056266725063 8.189244255423546 0 2.656786076724529 2.417462423443794 2.452068462967873 0 0.9130886271595955 0 4.469087362289429 1.232153430581093 134.7108829766512 90.64519466459751 7.10565272718668 24.66825713217258 0.7353310734033585 0 1.0145243704319 105.2244815379381 0.3516872227191925 0 0 0 0 13.41335034370422 0 3.702956765890121 1.558668434619904 4.333230286836624 0 17.37022468447685 3.890789389610291 8.539514750242233 1.00615718960762 0.435051903128624 0.8217263966798782 0 0 0 0 0.2182176411151886 0 0.3045133352279663 0.8346804827451706 3.468704164028168 0.1880045831203461 0.3585126549005508 0.620865523815155 0.1769485324621201 1.534858614206314 0.4829522669315338 4.094929441809654 0 0 0 0 0.3917669057846069 0 4.738863036036491 0.26905906945467 5.078489974141121 2.485013201832771 1.686369866132736 1.062142789363861 0 0.4474653601646423 0 0 0 0.3633356392383575 0 0.5215633511543274 0 0.355351060628891 0 1.536998882889748 2.501200690865517 0 0 0 0.7814281284809113 1.465357780456543 0 0.2442107051610947 1.409772723913193 4.456835493445396 0.5394614338874817 0 0 0 0 0 0 0 0.8527894020080566 13.44556707143784 1.755625918507576 0 0.166399747133255 1.174838989973068 0.4805574417114258 1.200837820768356 2.831015571951866 0.5562268793582916 0.6010004281997681 0 0 0 0 0.09121159464120865 0 0 0 0 0.2444271743297577 0 7.746806934475899 3.335338905453682 5.719566851854324 93.9389583542943 16.55755203962326 122.8556613922119 28.08888007700443 32.96173388510942 13.75990092009306 1.10906445235014 24.47885666042566 3.075936406850815 0 2.778524324297905 0.2458578944206238 7.495652168989182 1.028731733560562 0 1.469539508223534 2.509194478392601 0
186.7930472791195 32.15120074152946 4.717030048370361 1537.778135374188 12.15395525097847 276.832852602005 175.5365996211767 1.973349124193192 25.39835375547409 3000.263963520527 11.24131695926189 0 4276.617502562702 211.7210405468941 17.58193562924862 14.72855414450169 0.2236067652702332 0 0 0 0 1.574395537376404 0 0 1.086684823036194 0.3669390380382538 0.3590763211250305 0 4.529248654842377 0 19.24063746631145 0 35.53489619493484 0 0 2.080194666981697 206.7901242077351 14.7482338398695 1.438948422670364 3.486026532948017 0 0 0 0.8300640136003494 0.2081404030323029 0.1276107579469681 20.87663967907429 2.104534201323986 0 0.5717438757419586 0.3707778006792068 4.76193305850029 0.1718336939811707 3.592366993427277 0.8571051806211472 4.601025208830833 17.76397475600243 43.28539995849133 7.293415099382401 10.1190670132637 0.3931320607662201 56.02472158521414 0.2973772585391998 7.5754464417696 2.650717921555042 1.901071816682816 0.1627621054649353 0.1079909056425095 0.7614191174507141 0.3907531499862671 888.4867991656065 29.5393435806036 0.80091892182827 34.89020512998104 23.79145082086325 32.35004848241806 10.0881185233593 1.657219111919403 0 114.0203327685595 0 0.4405521154403687 7.772493787109852 0.7815365940332413 3.255187571048737 6.875037729740143 1.153573617339134 3.962985068559647 3.892889603972435 7.481671631336212 0.8540000692009926 3.590038985013962 1.468046501278877 1.276326507329941 0.5671336054801941 1077.085945218801 7.013739749789238 1.338703095912933 2.770321771502495 182.1808083057404 0.1526375859975815 4.773240298032761 14.81971427798271 3.259726598858833 1.754734754562378 169.5968315601349 9.1571114808321 49.25566877424717 14.20047196745872 57.77851349115372 0 164.0881409943104 61.15505202114582 120.8097849488258 19.49699756503105 0.6354638636112213 0.7374079823493958 0 0 0 0 0 0 0 0 0 0 0.2815923392772675 0.4162082076072693 1.053646773099899 0.717921257019043 0 0.440030574798584 0 1.538979232311249 0 0 0 0 36.37708030641079 0 20.41034230589867 5.136181607842445 0 0 0 0 0 0 0 0 2.400894641876221 1.854193150997162 0 0 0 0.3259544670581818 0.2753130495548248 0.5019242763519287 0.7293246686458588 0.1521950215101242 1.371459349989891 0.925761342048645 0 1.298177599906921 0 39.15863445401192 0 0.3934780955314636 0.2253692448139191 0 1.148909881711006 0 0 0.4812192022800446 0 96.15998873859644 0.4526494890451431 0 0 0.1772113740444183 3.23000667989254 2.140716999769211 7.56349615752697 4.936652019619942 1.082733511924744 0.6400362849235535 0 0 0 0 0 0 0.1615687757730484 0 0 0 85.29445534944534 14.75392231345177 18.24511335790157 270.4437630102038 9.734395869076252 126.5900072902441 21.47859130054712 454.6012412160635 17.14910892397165 2.275071620941162 37.66539787501097 16.39145785570145 0.2104410529136658 11.21124675869942 0.5278570502996445 45.33339008688927 2.472416400909424 0.4579160511493683 2.033192098140717 2.259382277727127 0
555.6812067776918 2246.666280552745 257.2833781763911 2073.077960848808 1658.868400350213 331.8694790452719 6834.984050698578 238.439847573638 1726.608702644706 10018.15537700057 977.714710906148 4276.617502562702 0 2368.733305290341 290.7569187507033 196.6892449110746 1.412126243114471 0 0 1.141626909375191 2.345059655606747 4.570294037461281 0.472691610455513 0.7849820852279663 6.166892096400261 13.3062628954649 5.752884954214096 6.516454458236694 14.14332529902458 1.949811726808548 218.1666180044413 1.039457395672798 86.75813226401806 0.3068580850958824 0.3402791619300842 31.8717885389924 238.132506519556 89.34684824943542 11.52766118943691 30.49106837809086 2.787632092833519 3.238738365471363 0 10.52864816784859 0.9350752979516983 5.399281449615955 176.6658283174038 23.25938872992992 0.8697671443223953 2.760167956352234 11.44542711228132 9.073739632964134 0.5662461370229721 4.252845488488674 4.584428340196609 18.62324365973473 46.53814005851746 209.0554847940803 29.38467442244291 61.19641324877739 18.66649226844311 127.3315814957023 11.96025232970715 83.6305088698864 14.44545812159777 20.96844124794006 1.820823319256306 5.19706416875124 2.479703232645988 3.594818726181984 696.3719035685062 46.27055159211159 2.628360107541084 120.2370178177953 148.8602268323302 344.1649386808276 131.2428649961948 32.13866852223873 0 111.1009218916297 0.7322400659322739 7.799574792385101 54.30502267181873 3.224190026521683 24.98645566403866 20.3449150249362 13.25473765283823 10.63216343522072 7.699232503771782 11.10762303322554 4.170557498931885 6.66109099984169 22.28574705868959 22.69558715820312 6.970943436026573 1721.942382365465 10.94288681447506 0.8593345880508423 4.314079567790031 194.8650600761175 10.83112975955009 5.509615823626518 24.53691355884075 10.34554322063923 3.950594902038574 648.2792862653732 13.83671736717224 118.9614481925964 112.4789760261774 163.8351853340864 2.280525356531143 442.0569804906845 206.0084048956633 352.9200203865767 53.4486321657896 3.334261864423752 1.243288978934288 0.1369352638721466 0.1422491073608398 0 0 0 0.2800837457180023 0 0.7290575802326202 0.215792715549469 0 1.733646512031555 0.5590660125017166 1.400228261947632 4.420818537473679 0.255242258310318 5.274107918143272 0.2179113924503326 3.624017953872681 0.2426881641149521 0 0.4214524626731873 0.4652242064476013 125.2228386998177 1.520594209432602 101.8066728711128 17.045334815979 4.844720400869846 0.4620935916900635 0.3921078741550446 0.6302515268325806 1.732634589076042 0.5283773988485336 0.2306701093912125 0.4928090870380402 3.061030149459839 8.473238795995712 0.2625197172164917 0.1870335042476654 0 2.291146516799927 0.9277497529983521 2.799185544252396 2.667624190449715 0.5450524687767029 4.303570330142975 6.417048826813698 0 0.829811304807663 3.521341025829315 138.1504536420107 1.146524205803871 1.765889286994934 4.070865273475647 0 0.509820744395256 0 0 0.1383685618638992 0.4773695468902588 375.9697301089764 1.91586771607399 0 0 0.7184230387210846 13.76909956336021 17.97856758534908 38.9689312428236 4.885254412889481 6.062397390604019 4.351346269249916 3.023903727531433 0 0.9861875474452972 0.08170220255851746 0 0 0.1363894045352936 0.1066492348909378 0 0.6053082346916199 278.6982323527336 57.12152253091335 72.59087532758713 768.529052414 116.5917231813073 789.9609700962901 138.2850083112717 504.9310027360916 128.4497471451759 9.624561443924904 185.847389921546 67.32549269497395 3.415106803178787 33.46272862702608 4.101794853806496 107.8619728684425 7.075716629624367 6.070838391780853 14.10249245166779 15.09063467383385 1.223729655146599
