0 6362.395392477512 980.7807328999043 647.6601990759373 729.9372795596719 453.900877431035 396.6014443263412 28.60704571008682 64.31057398766279 782.4521674737334 245.871138818562 104.9390185177326 211.8201416432858 79.94207138568163 4.280340850353241 5.033166065812111 0.3498970046639442 0 0 0 0.704489640891552 0.7460095882415771 0.4041729867458344 0 3.42058540135622 1.334273897111416 1.267871350049973 0 0 0 820.1574482023716 3.636971235275269 4.506842948496342 0.2453472167253494 0.6256767138838768 2.48912850767374 6.016347289085388 1.672031804919243 0.9219585657119751 1.091771431267262 0.7156969308853149 0.1211982294917107 0 0.1541795283555984 0 0 24.79673361778259 1.052411705255508 0 0.1468676924705505 0.1068522930145264 1.027157515287399 0 0.09708535671234131 2.612642399966717 3.86979454010725 463.1058422476053 1822.682686276734 28.88044632971287 10.69820746034384 1.468317866325378 1.037404716014862 0.5051597282290459 7.858506120741367 5.057003118097782 0.5802014321088791 0.2714223563671112 0.3663232326507568 1.197405830025673 1.322139605879784 5.795350112020969 25.75540194660425 0.127492293715477 381.6368853971362 69.01398909091949 65.41298399120569 13.22020851075649 1.994667910039425 1.470312565565109 32.94689423590899 0.8016338422894478 15.89490576833487 8.55768010020256 0.1048602536320686 0.7114635780453682 3.215530455112457 0.0768480971455574 0.3033204972743988 0.4383721575140953 0.5993171036243439 0 0 3.740727141499519 0.7467435002326965 0 175.0362910628319 20.16446354985237 0.7761646807193756 0 2117.052496366203 0.5595792531967163 0.6515018939971924 3.052511140704155 0.7171868681907654 0 7.047536134719849 1.283385962247849 2.378452576696873 5.558237001299858 5.636086985468864 0.1470606327056885 7.065502360463142 9.034085094928741 4.114035785198212 1.33368806540966 0.1770218908786774 0 0 0 0 0 0 0 0 0 0 0 0 0 0 0 0 0.1563239842653275 0 0.2850340902805328 0 0 0 0 1.034763522446156 0.5626944079995155 1.926828771829605 0.2007178887724876 0 0 0 0 0 0 0.2635418772697449 0 0 0 0 0 0 0.1028456017374992 0.1371919363737106 0 0 0 0 0.8971244245767593 0 0 0 2.732373759150505 0 0 0 0 0 0 0 0 0 6.92673709243536 0.3646684736013412 0 0 0 0 0.8103522658348083 2.048800602555275 0.2139692902565002 0.6812615394592285 0 0 0.116556279361248 0 0 0 0 0 0.1395087987184525 0 0 2.024512901902199 0.7572723031044006 3.083490893244743 62.76477282494307 11.99133195728064 42.6401436701417 8.546585947275162 1477.350948631763 15.53987773507833 2.350114904344082 7.634032472968102 2.304621711373329 0 0 0.2900504022836685 4.447010204195976 0.1354885846376419 0 0.2869460582733154 0 0
6362.395392477512 0 758.4901447221637 2309.872627496719 5367.006765678525 535.5435733944178 3558.843861609697 31.01383308321238 1458.56937969476 1149.827202051878 1284.686957608908 50.41803877800703 2136.864982992411 1384.379814721644 40.00025537610054 17.98246838897467 2.22063447535038 0.4690280482172966 0.2627051994204521 0.2814646437764168 2.047820448875427 0.6269920468330383 0.3283250480890274 0.2258201837539673 10.92979672551155 3.932474032044411 4.903106264770031 0.6679258272051811 0.831567570567131 0.2334988489747047 1648.057656541467 49.67253505438566 17.04543121159077 1.259147681295872 1.932610794901848 7.463458616286516 21.68206229805946 4.750477492809296 2.876790285110474 3.797146946191788 1.010673329234123 0.8905136957764626 0.612379364669323 2.461537405848503 0.9054598435759544 1.000900954008102 216.2785048112273 9.136736199259758 0.2406271398067474 0.3695750832557678 0.9644055441021919 0.1481024920940399 0.2185794115066528 0.4269015938043594 13.38963873684406 18.40039886534214 122.886899523437 1438.385193631053 27.84424474835396 116.6381427645683 5.722579814493656 5.83032537996769 2.723301731050014 116.4913412407041 32.14822875708342 5.993709601461887 2.783166266977787 8.426272690296173 5.934034712612629 3.137452729046345 69.59974505007267 12.08604535460472 0.1411649882793427 1007.241898775101 466.649979814887 597.2353098839521 163.4129029065371 4.315961427986622 2.969050087034702 75.17893935739994 1.918903276324272 31.45262950658798 58.60212256014347 1.193864703178406 9.012560524046421 13.95720049738884 9.137550979852676 1.972257733345032 4.24448436498642 0.1051203981041908 1.330172561109066 1.007777884602547 7.547875352203846 0.7427218183875084 1.403570681810379 184.9901535063982 12.1651107147336 0 3.869555726647377 812.7436910718679 0.9398385584354401 2.763914354145527 11.8719911724329 2.965240150690079 0.4644162654876709 102.9786537438631 5.326037794351578 25.51512610912323 100.0481374338269 38.10933609306812 0.8215106278657913 53.96548937261105 50.51727145910263 43.23561022430658 10.83071319758892 0.6586395278573036 0.1151982396841049 0.2472629770636559 0 0 0 0 0 0.1071809157729149 0 0 0 0.2624591290950775 0.1980330049991608 0.1329247802495956 0.4356917589902878 0.1364816278219223 0.5010333731770515 0 4.15194034576416 0 0 0 0.5850918292999268 8.57075584679842 0.788069523870945 9.050307504832745 1.102718591690063 1.136022977530956 0 0.09659680724143982 0.1421342939138412 0 0 0 0 0.2181379646062851 1.186262100934982 0 0 0 0 0 0.1109801530838013 0.7118349522352219 0.6452120393514633 0.6545106172561646 2.74987681210041 0.394418478012085 0.588848665356636 1.40467680990696 13.52749246358871 0 0 0.1277386695146561 0.8329110965132713 0.5570715293288231 0 0.3859957456588745 0 0 40.07639315724373 1.867133006453514 0.1100644171237946 0.3759250864386559 0.2851613909006119 3.556760221719742 1.017589539289474 5.579726785421371 1.474478974938393 3.71475425362587 1.071563683450222 0.4459477066993713 0 0.7836947590112686 0.1521876603364944 0 0 0.7256628051400185 0.09446258842945099 0 0 15.50259019434452 7.423875570297241 13.04173894971609 238.7955236807466 90.60145322978497 310.6267775967717 54.40251523256302 1228.73272447288 70.26389936357737 8.461544372141361 49.09049674868584 7.530385166406631 0.4725413396954536 7.310964271426201 0.9937563315033913 27.58298087865114 1.714605368673801 0.3382138311862946 1.328409627079964 1.250925809144974 0.1292335540056229
980.7807328999043 758.4901447221637 0 3.143469095230103 1646.962285868824 5.270082533359528 32.36544473469257 976.4471422955394 1156.246179439127 3.923358902335167 5429.807973749936 2.670029819011688 43.74390558153391 555.3129469007254 42.15395288169384 43.21322011202574 2.534277006983757 1.495222575962543 0.5442828834056854 1.998342871665955 11.0191588178277 0 2.679805062711239 0.8275531902909279 54.90408627688885 11.02380197495222 15.56308887153864 1.327093921601772 1.088488288223743 0.7872947752475739 6402.144784517586 532.683616489172 29.99532650411129 4.365521833300591 9.224009796977043 28.04321362823248 36.97179636359215 17.72982478886843 5.827838130295277 15.64677210152149 5.241722911596298 1.038412719964981 4.318893015384674 4.057620719075203 2.172790311276913 2.968350529670715 100.1126109212637 4.482934631407261 0.3825926780700684 2.029949083924294 1.112205378711224 0 0.9125434681773186 0.2755143940448761 2.485927723348141 3.981349967420101 40.50960701704025 1365.154222548008 9.159304067492485 26.80682173371315 44.40045968443155 9.535035043954849 11.18407744914293 135.8474704250693 7.046015657484531 1.894881434738636 0.9498966410756111 9.818629644811153 20.27955015748739 18.15516138076782 32.17212574928999 1.655809059739113 0 287.1675520986319 227.6025138124824 250.002803735435 142.5384712740779 11.13845822960138 33.94768575578928 485.5398704335093 15.40128319710493 244.5254686325788 11.48145437985659 0 3.056654781103134 2.832088433206081 7.634575456380844 0.4084921330213547 1.832238055765629 0.1170436814427376 0.7246871590614319 0.2677968293428421 33.42922423779964 2.330946497619152 1.966160833835602 2.75635789334774 4.416402772068977 0 0.9280101507902145 229.276266567409 0.6014010682702065 0.2526584565639496 1.770861327648163 0.1762812882661819 0 6.578519091010094 0 5.253890156745911 1.450955480337143 6.300573959946632 0 10.78102976083755 13.73260745406151 10.65735353529453 1.759533390402794 0.4438865631818771 0 0 0 0 0 0 0 0.1136130094528198 0.1207844391465187 0.1007179319858551 0 0.3592668697237968 0.2189068645238876 0.3676028102636337 0.3833050131797791 0.1009969785809517 0.717747800052166 0 1.163725942373276 0 0 0.4982649907469749 0.2635785862803459 6.894248858094215 1.707883715629578 4.279564462602139 1.310551017522812 1.38812743127346 0.397430844604969 0 0.1271949857473373 0 0 0.5765718445181847 0.1331487447023392 0.7283567786216736 0 0.294511467218399 0.1294176131486893 0 0.3306773006916046 0.2493892982602119 0 0 0.09595288336277008 0.5662234425544739 0.326242670416832 0 0.9618191346526146 0.4068652018904686 5.203734077513218 0 0.2805123329162598 0.1199144721031189 0.1884172037243843 0.2255748957395554 0 0 0 0.1067786887288094 13.62731476128101 1.461666092276573 0 0.1546838283538818 0.5964115932583809 1.769238173961639 0.1625107228755951 2.999116204679012 1.097935676574707 0.4706491455435753 0.3456616699695587 0 0.1199191957712173 0.1361683756113052 0.1052010208368301 0 0 0.09486214071512222 0 0 0.117717906832695 2.338409103453159 2.068561971187592 4.56236669421196 87.62754829227924 29.61489020287991 137.0475076436996 30.08180285990238 102.8230875059962 29.07989712059498 2.221192099153996 35.21680431813002 1.614152431488037 0.1560008227825165 2.068016290664673 0.2137203887104988 5.630359753966331 0.2154071629047394 0 0.2672437727451324 1.329262152314186 0.1304419934749603
647.6601990759373 2309.872627496719 3.143469095230103 0 69.93556751310825 245.160807043314 820.9313136041164 0 7.194537356495857 1722.525508746505 0.9279915615916252 194.6046336442232 1386.83524890244 78.66968880593777 1.764344371855259 1.521723903715611 0.126879096031189 0 0 0 0 0 0 0 0.5853861123323441 0 0.2154348492622375 0 0 0 3.920887559652328 0 0.7178024649620056 0 0 0.1355778127908707 1.821760147809982 0 0.4124385789036751 0.2552263662219048 0.1369992047548294 0 0 0.135358989238739 0 0 5.457664124667645 0.2961023896932602 0 0 0 0 0 0 0.1154864653944969 0.5058507397770882 8.538078628480434 41.01482872664928 0.9994848072528839 1.115338675677776 0 0.1373964846134186 0.2124990075826645 1.259492449462414 0.3871728181838989 0.2051762044429779 0 0.4179096817970276 0 0.1569650322198868 15.58191874623299 5.826101362705231 0 27.51219920068979 6.647516869008541 14.92145463824272 2.790804974734783 0.1039249449968338 0 1.113560035824776 0 0.8284085988998413 0.7442935928702354 0 0 0.08888491243124008 0.0952356681227684 0 0.1447573453187943 0 0 0.1410444229841232 0.5566800683736801 0 0 212.4154431372881 1.491882413625717 0 1.869322866201401 86.26499901711941 0.6456907689571381 3.65938875079155 5.397229500114918 4.474964767694473 0.5189055800437927 39.5647569745779 2.410476639866829 13.02385145425797 19.96697065979242 18.24405193328857 0.7777726948261261 30.9911263436079 29.94338227808475 18.33312780410051 1.631703779101372 0.1943766623735428 0 0 0 0 0 0 0 0 0 0 0 0 0 0 0 0 0 0 1.007888168096542 0 0 0 0 1.518611818552017 0 1.32068957388401 0 0.1637892872095108 0 0 0 0 0 0.6116319298744202 0 0 0.2314054667949677 0 0 0 0 0 0 0 0 0 1.098783761262894 0 0.286943256855011 0 1.606275424361229 0 0 0 0 0 0 0 0 0 8.253469586372375 0 0 0 0 0.2026437073945999 0.5678032040596008 0.6543066799640656 1.160526975989342 0.9397497475147247 0.1530690789222717 0 0 0 0 0 0 0 0 0 0 10.02655936777592 3.564032405614853 0.9301980435848236 17.1457188129425 1.846016190946102 11.06157045811415 2.143640786409378 206.6099069491029 2.035921700298786 0.2702155411243439 2.619989261031151 1.332771830260754 0 2.162404432892799 0 12.8067654967308 0 0 0.1356108784675598 0 0
729.9372795596719 5367.006765678525 1646.962285868824 69.93556751310825 0 32.91413346678019 4838.028802715242 85.56059566885233 9991.92919318378 271.6968152374029 1992.475232064724 36.01976374536753 1150.145925886929 4044.329826883972 51.88395746052265 16.18888988345861 0.8204017728567123 1.353331461548805 0.2216197848320007 0.7096784263849258 2.191440880298615 0.1251632422208786 0.5111257657408714 1.135212890803814 3.931697241961956 1.499277956783772 1.79350870847702 1.379593782126904 0.9794138669967651 0.1372800767421722 431.3094491288066 71.53111523389816 20.1752754971385 0.7037181034684181 1.270885415375233 2.78465685993433 33.45500265806913 2.389442227780819 1.004921637475491 1.53926020860672 1.07960045337677 0.3476521298289299 0.5826205536723137 1.874891102313995 0.4545216336846352 1.887618809938431 241.3792841434479 9.526433616876602 0.8567813709378242 1.048723824322224 0.8244577944278717 0.2478711903095245 0.1845420598983765 0.6094509586691856 9.636392012238503 11.18050999939442 24.57016872614622 322.93674839288 14.83972578495741 102.0513571798801 7.176426813006401 3.224000304937363 1.180447719991207 151.8543221205473 23.78822936862707 7.464429669082165 2.88040778785944 7.375557407736778 4.974856421351433 3.125983454287052 186.4048736095428 27.35975877195597 0.3521270751953125 435.0912470072508 308.4807805195451 627.4590014219284 252.1813524663448 6.950609125196934 1.008647464215755 39.28263835608959 1.444515980780125 26.48924452066422 44.03841476887465 0.7016957774758339 9.855191990733147 10.59506095945835 10.20329690724611 0.9361359179019928 4.858358956873417 0.4189306274056435 1.425344802439213 1.89311321824789 4.536974124610424 0.5131598189473152 3.901298098266125 155.8266277983785 26.81857800483704 0.2126919031143188 6.808129914104939 41.45810329914093 2.82938888669014 5.081668436527252 22.23848658055067 4.993795067071915 2.916308775544167 101.9997364655137 5.653104610741138 38.36062201857567 30.34578917175531 61.34959438443184 2.938790842890739 111.5661398544908 120.4582585468888 93.03847673535347 26.19602037966251 1.655545227229595 0.5094063133001328 0.2726988270878792 0.1381448358297348 0 0.1546279937028885 0 0 0 0.1229510232806206 0 0 0.1407469660043716 0.19712233543396 0.2116834968328476 0 0 0 0 6.099996447563171 0 0 0.33194500207901 0.1725777685642242 14.30630891025066 3.313936501741409 11.74123976379633 1.143963068723679 0.4453121945261955 0 0 0 0 0.4184851795434952 0.1647280007600784 0 0.6998908817768097 1.375871203839779 0.2170575261116028 0 0 0 0.3629696518182755 0.1742714941501617 1.157188788056374 0.5747663900256157 1.047008939087391 5.109033331274986 0.5807847082614899 0.9898297786712646 0.9084313958883286 25.75712870061398 0.1459266394376755 0 0.9359195753931999 0.6056338548660278 0.4335319921374321 0 0.2061349153518677 0 0 88.28146160393953 3.192937597632408 0 0.1952876448631287 0.9142422303557396 5.959502086043358 2.767694711685181 8.082343339920044 3.405995853245258 6.180635459721088 1.932466723024845 0 0.1165584921836853 0.1766767501831055 0.08755060285329819 0 0 1.35056809335947 0 0 0 38.41030332446098 12.33218587934971 15.96471051126719 286.5025835558772 105.0422578826547 343.9950065538287 75.04641383886337 174.4714825674891 100.3500567153096 11.45780678838491 74.53365764766932 11.06594022363424 1.67548693716526 11.81915798783302 2.743157312273979 30.93874256312847 1.544575683772564 0.0900055393576622 1.517418324947357 2.485600166022778 0.1990481019020081
453.900877431035 535.5435733944178 5.270082533359528 245.160807043314 32.91413346678019 0 171.1606681495905 0 7.525258906185627 955.7419344335794 0.123444065451622 230.0894736051559 196.007740303874 25.96958468854427 0.85397107899189 2.035063616931438 0.6240601241588593 0 0 0 0 5.667384147644043 0 0 0.1457367092370987 0 0 0 0.1697530746459961 0 17.17825776338577 0 11.10873600840569 0 0 0 16.26265858113766 0 0.4122463762760162 0 0 0 0 0 0 0.2537505626678467 4.764442697167397 0 0 0.5416431427001953 0.9380819201469421 26.66782294213772 0.5890595316886902 0 0.4901059046387672 0.1409905254840851 98.03830452263355 98.07289880514145 4.259905889630318 1.289320662617683 0 1.425680071115494 0 0 0.3189903497695923 0 0 0 0.4359067380428314 0 88.36851136386395 817.8124915659428 14.41329406201839 16.8186299353838 3.153564885258675 4.007065571844578 0.8538321182131767 0.3297345042228699 0 3.457891196012497 0.284327507019043 0.2806833982467651 1.512751638889313 2.953147202730179 0 0.1140508875250816 0.1258967220783234 12.48351992666721 3.108620852231979 21.13549320399761 0.1763502508401871 26.84016841650009 0 0 2.527387648820877 273.5620422810316 306.0367996394634 30.73889583349228 6.584874257445335 336.2490514367819 0 0 0 0 0 5.0381228774786 0 1.06918228417635 1.139036178588867 3.235609099268913 0 3.200177013874054 3.20621270686388 3.393026486039162 0.1864776760339737 0.191046729683876 0 0 0 0 0 0 0 0 0 0 0 0 0 0 0 0 0 0 0.787009671330452 0 0 0 0 2.546836376190186 0.1572542637586594 0.819303572177887 0.1314299404621124 0 0 0 0 0 0 0 0 0 0 0 0 0.1557802855968475 0.2002129256725311 0 0 0 0 0.4287824928760529 0 0 0 0 0.7663432061672211 0 0 0 0 0 0 0 0 0 8.060036487877369 11.28079435229301 0 0 0 0 0.3001292049884796 1.415454924106598 0.2736607193946838 0 0 0 0 0 0 0 0 0 0 0 0 3.626566022634506 8.586855530738831 4.34328205883503 11.95041187852621 1.679482012987137 5.891560830175877 1.215934231877327 252.4200414717197 1.59656598418951 0 0.7991095930337906 0.7119191512465477 0 0.4518494755029678 0.6426142901182175 0.8376380205154419 0 0 0.1960228979587555 0.2852508127689362 0
396.6014443263412 3558.843861609697 32.36544473469257 820.9313136041164 4838.028802715242 171.1606681495905 0 2.834878765046597 6562.377145290375 1819.732444927096 32.90358571708202 222.9956293255091 9972.526997998357 2551.482765376568 66.14534940570593 28.80869926512241 1.056485906243324 0.7429018467664719 0 0.2408642694354057 1.785120777785778 0.1962010860443115 1.238151162862778 0.5963621065020561 8.040458254516125 2.3970827460289 1.150080606341362 0.6483091339468956 1.405534245073795 0.1240099892020226 97.71112281084061 29.20656821131706 20.5135807171464 0.3514532446861267 1.597558684647083 4.510615602135658 56.16372565180063 1.565020367503166 3.764606446027756 1.873323507606983 1.199935756623745 0.6144149973988533 1.218919023871422 3.16203648597002 0.1255455911159515 0.5677876994013786 264.2714687138796 8.507119916379452 0.5967678725719452 1.588056668639183 0.7155545130372047 0.6122230142354965 0.4188593998551369 1.278832174837589 8.513882666826248 12.79402931034565 28.11142361164093 213.2797956690192 14.96348490566015 88.24860692769289 6.595866084098816 3.813251063227654 1.072903394699097 94.45248468965292 23.71172514185309 4.937967658042908 2.216958358883858 7.638142190873623 4.217410817742348 3.094802692532539 342.6397437378764 61.5231396779418 0 333.1400056183338 200.10745344311 560.2348652854562 260.0309363827109 10.76464386284351 1.837336167693138 21.68997921794653 1.728536158800125 41.95518968254328 44.73089628666639 0.5334789007902145 9.283868029713631 10.47756163775921 9.012451522052288 1.360390104353428 5.432963766157627 0.2939946874976158 1.212144814431667 1.417403131723404 6.655310787260532 1.676349990069866 3.159704506397247 760.0916200429201 61.91436669230461 0.2998427748680115 15.29048693180084 91.07816594839096 9.106246128678322 21.79256960749626 86.65702704340219 24.64763066917658 8.413171425461769 421.8066877052188 28.6136487647891 138.8461073040962 134.4377196058631 211.0859467610717 5.794132933020592 455.2090449258685 371.5700885429978 257.9207087233663 53.19013191014528 2.450616009533405 0.6578759700059891 0.3602301329374313 0.2919111847877502 0 0 0 0 0 0 0.1289616674184799 0 0.2188665717840195 0.54541876912117 0.208001621067524 1.271427989006042 0 0.5187617242336273 0 25.32391721755266 0 0 0.4411958307027817 0 24.93728879839182 5.93013983219862 25.42182240635157 1.407032392919064 3.385100334882736 0 0.3260509446263313 0.110752135515213 0 0.7287252247333527 0.2525779902935028 0 2.20069994032383 3.35965684056282 0.237279862165451 0 0.370326891541481 0.194649875164032 0.2888522371649742 0.6418406367301941 0.9630380868911743 0.4263613522052765 2.887756578624249 16.26015031337738 1.425149857997894 0.9046325758099556 3.171059586107731 55.15934534370899 1.420742705464363 1.683679305016994 0.3275121673941612 0.09532208740711212 0.5437017008662224 0.09730858355760574 0 0 0 188.4402791559696 5.320320203900337 0 0 0.7828524932265282 9.908545643091202 5.342832162976265 19.8362078294158 10.90800051391125 17.27522973716259 5.828493602573872 1.242876514792442 0.364400789141655 0.251979723572731 0.1865754425525665 0.2066067531704903 0 0.6459452211856842 0.1009742617607117 0 0.3477214872837067 133.9072730094194 35.53639554977417 34.72933469712734 367.9413675963879 112.4002727717161 412.3307856619358 108.8341980054975 364.1229821145535 117.0087294131517 9.456108450889587 110.9321211501956 24.14731277525425 3.284151762723923 17.78696342557669 3.523985095322132 97.82455249875784 5.8586450740695 0.4136199280619621 3.274782806634903 2.788762636482716 0.1545620709657669
28.60704571008682 31.01383308321238 976.4471422955394 0 85.56059566885233 0 2.834878765046597 0 109.5777729824185 0.1444703042507172 2980.774523139 0.2936083450913429 3.021360591053963 60.0343909189105 38.60470040142536 39.74952583014965 6.327394545078278 29.6142663359642 1.62669675052166 24.17515508830547 79.54443999379873 0 19.37338143587112 4.009604223072529 75.99002719670534 22.90167915821075 15.87491400539875 0.3671098053455353 1.012934520840645 1.482395485043526 545.8846157193184 1607.123014107347 22.56527076661587 19.79178883135319 30.89003917574883 49.310287989676 12.84489727765322 20.41069595515728 4.711398392915726 13.45978162437677 10.74705601483583 3.289702162146568 46.31872805953026 6.39859514683485 8.174860574305058 60.02171564102173 68.20176532119513 7.503097966313362 5.765112899243832 29.27197420597076 2.863231815397739 0.3470637798309326 1.168443225324154 0.3904721215367317 0.8022702038288116 1.010262221097946 6.976509563624859 254.2760670408607 2.90836426615715 15.72704172134399 678.1095833182335 18.80590706318617 42.64708133786917 616.4213736504316 2.504575297236443 3.584614247083664 3.217040933668613 47.21063438802958 121.2762846201658 102.7529790699482 2.104619957506657 1.125284522771835 0.1330153793096542 78.82963933050632 170.5373482778668 174.7999077811837 384.8921672776341 322.7907311022282 783.84551666677 1636.083139441907 338.6535674110055 2485.60412286222 5.597887955605984 0.1182131916284561 1.658043123781681 1.596253030002117 41.12565632164478 0.3055110201239586 0.5835039913654327 0 0.8948616534471512 0.7893716841936111 186.1526360064745 7.2028803601861 8.47711106389761 0 0.2596450746059418 0 0.5008548125624657 10.0557721927762 0 0 0 0 0 0 0 0.3987568616867065 0 0 0 0 1.598404109477997 0.7902255803346634 0.7556838393211365 0.1244314014911652 0 0 0 0 0 0.131265327334404 0 0.1115541383624077 0.3938464224338531 0 0 1.263669833540916 0.3811701238155365 0.5734198391437531 0.8198544159531593 0.125767856836319 2.286864653229713 0.1104874685406685 0 0 0 0.6187523454427719 1.214266292750835 2.736965283751488 0.5587178766727448 5.187690064311028 6.177016489207745 2.562689147889614 0.1862504780292511 0.3367972373962402 0 0 0.127880185842514 0.8630000650882721 0.1921593248844147 0 0.1115662902593613 0 0 0.2552561834454536 0.3694409877061844 1.037407636642456 0 0 0 0 0.1030965745449066 0 0.4671287313103676 0.359953373670578 0.6833526417613029 0 0 0.2949939668178558 0 0 0.552275262773037 0 0.1021907851099968 0.3127856776118279 4.244489945471287 1.216005638241768 0 0.377030149102211 1.937866419553757 0 0.3633111715316772 0.2655702829360962 0.1448637694120407 0 0.169730007648468 0.2752838805317879 0.1229224428534508 0.2940771281719208 0 0.1700059622526169 0 0.3161158561706543 0.1166914775967598 0.3727481514215469 0.2595091760158539 0 0.4479632526636124 2.755681954324245 70.65750767290592 18.99424438923597 109.8963513970375 20.2352939248085 10.66842315346003 14.52694388478994 1.248181745409966 23.04985246807337 1.656183205544949 0.4859569668769836 0.7077890560030937 0 0 0 0 0.4489875435829163 1.106278069317341 0
64.31057398766279 1458.56937969476 1156.246179439127 7.194537356495857 9991.92919318378 7.525258906185627 6562.377145290375 109.5777729824185 0 34.30934666842222 2501.857713498175 17.78928810358047 957.4999216198921 3112.937282174826 44.30008529126644 27.54610808193684 0.8094813227653503 0.8470622450113297 0 0.2046694308519363 0.4369362741708755 0 1.337210103869438 0 11.77311205118895 3.101905472576618 2.71701380610466 0.9625667408108711 1.177494786679745 0.3468442857265472 153.0042909160256 36.61403205245733 44.56556861102581 1.251677021384239 1.426686555147171 5.205950886011124 34.92661059647799 2.843552701175213 1.339262217283249 3.120544470846653 1.677086696028709 0.6239099353551865 0.519114077091217 1.785579025745392 0.3332807943224907 0.3999675959348679 122.9892879500985 3.763086944818497 0.5013713538646698 0.3904635161161423 0.413685217499733 0 0.1866374611854553 0.3540588989853859 3.649558059871197 5.113087199628353 5.829414077103138 75.02988234907389 4.480934850871563 36.25580611079931 7.40609186142683 5.626427501440048 2.811292640864849 73.5738588348031 8.172512352466583 2.37282171100378 1.099739126861095 6.212853983044624 4.33491999655962 5.771368160843849 96.35556054115295 17.92939007282257 0.1578985899686813 118.4568409100175 96.81231623142958 269.1045143827796 151.4103621169925 5.108107380568981 0.5640841946005821 93.93236995488405 1.187334582209587 42.5238893777132 15.91337867826223 0.4077145978808403 4.235611505806446 4.118569225072861 4.817483186721802 0.386166088283062 1.231908589601517 0 0.4840846508741379 0.8385885506868362 6.975395478308201 0.6325807347893715 1.960537403821945 131.9653382152319 18.19337487965822 0 3.062696628272533 7.902926094830036 2.44339781999588 3.12013041973114 11.98709744215012 2.831376060843468 0.9914501309394836 73.00215112417936 3.653350844979286 26.89627739042044 18.45092588663101 43.969856351614 1.250817939639091 66.49483200907707 65.63155826181173 51.45457591861486 10.44626062363386 0.5353685393929482 0.7279042676091194 0 0 0 0 0.2244884371757507 0 0 0 0 0 0.4092926159501076 0.1223014071583748 0 0 0 0.2446749806404114 0 4.016280397772789 0 0 0 0.1231390982866287 5.085884228348732 0.9734664261341095 3.631083406507969 1.069768607616425 0.7222337424755096 0 0.416725680232048 0.1119515597820282 0 0 0.1468109935522079 0 0.4540926218032837 0.2309177964925766 0.2607868015766144 0 0 0 0.2643173635005951 0 0.1657471060752869 0 0.4951085895299911 2.32266640663147 0.2166040390729904 0 0.3269566744565964 10.20510116219521 0 0.09894182533025742 0 0.09966886788606644 0 0 0 0 0 36.76107804477215 0.7654062807559967 0 0 0.2310604900121689 2.270531460642815 1.146494403481483 4.891089752316475 1.046292386949062 2.431928023695946 1.166276432573795 0.4333342760801315 0.5150547921657562 0.4127039536833763 0 0 0 0.2089466825127602 0.1040445268154144 0 0 21.75999165326357 7.512956485152245 7.306236140429974 164.9665145277977 50.04312129318714 211.3895723819733 50.77792905271053 43.86587922275066 60.39087297022343 4.094919882714748 60.91483497619629 4.04310716688633 0.1103058382868767 5.127256214618683 0.9343209937214851 19.64468410611153 0.3504905849695206 0.1435551792383194 0.2529219388961792 2.584025219082832 0
782.4521674737334 1149.827202051878 3.923358902335167 1722.525508746505 271.6968152374029 955.7419344335794 1819.732444927096 0.1444703042507172 34.30934666842222 0 1.756076760590076 1220.80713057518 4959.021204784513 437.4728989079595 6.863813251256943 4.601469524204731 0.5089380890130997 0 0 0.1863631308078766 0 0.4102719128131866 0 0 0.5072605758905411 0.5127522349357605 0 0 0 0 5.718421973288059 0.4769456014037132 27.96308449655771 0 0 0 31.31978533416986 0.6843916177749634 1.335666850209236 1.195929065346718 0 0 0 0.1284770369529724 0.329102098941803 0 14.86295966058969 0.5023061186075211 0 0 0 2.880875155329704 0.2762437909841537 0 1.338388085365295 1.283709309995174 57.56786906719208 50.07752989977598 2.552396059036255 5.250084646046162 0.1102977246046066 3.492375358939171 0 2.464038670063019 1.49218612909317 0.205127589404583 0.08525101840496063 0.3311677053570747 0.5140747129917145 0.4724114835262299 197.1683687120676 106.9449736475945 0.6418539881706238 40.35779122263193 12.71100150793791 30.08141848444939 6.11745885014534 0.9479886889457703 0 32.82905544340611 0 0.8762569576501846 2.576522156596184 0.4168055206537247 0.4257703199982643 0.5852557420730591 0.1743636354804039 1.630635261535645 2.184116587042809 4.289724186062813 0.2870051562786102 4.261566683650017 0.9698616862297058 0 1.390877917408943 1647.072380006313 154.8713750094175 2.633810192346573 5.610164098441601 588.3490150570869 5.649671211838722 11.02775995433331 25.94836857914925 16.1055224686861 2.661174848675728 183.6472121030092 14.20702783018351 71.14767026901245 105.8266589790583 127.2530497908592 3.007596984505653 198.141250513494 174.6635187640786 143.6137531548738 25.48765784502029 1.000961720943451 0.1457617282867432 0 0 0 0 0 0.1310617923736572 0 0 0 0 0.1650972068309784 0 0 0 0 0 0 11.16624967753887 0.2742683291435242 0 0.17521932721138 0.1420128047466278 10.95058666169643 2.368464261293411 14.83589425683022 1.122777089476585 0.6592128574848175 0 0 0 0 0 0 0 0.6044134125113487 1.30349762737751 0 0 0 0.1518962532281876 0 0 0.5028306543827057 0 1.445099085569382 6.972126387059689 0.6493840217590332 1.191274806857109 0.6536839604377747 19.66725361347198 1.058895647525787 0.1763898432254791 0.1896682530641556 0 0.1036596447229385 0 0 0 0 76.60350239276886 1.980282366275787 0 0 0 3.279922604560852 0.4507701545953751 11.45064054429531 5.884189762175083 5.97671815007925 2.445681795477867 0.5787095353007317 0.3013375401496887 0.8839607462286949 0.1999603658914566 0 0 0.1136879622936249 0 0 0 58.91763851046562 10.42777749896049 12.00504547357559 72.25487535446882 7.885971590876579 31.80795821547508 5.06453200429678 570.3465732634068 8.819096826016903 0.4758444428443909 12.40954176336527 14.24807900190353 0.9255293905735016 9.76370070874691 1.17322550714016 86.83229590952396 2.412013038992882 0 0.8649170994758606 0.1493950635194778 0
245.871138818562 1284.686957608908 5429.807973749936 0.9279915615916252 1992.475232064724 0.123444065451622 32.90358571708202 2980.774523139 2501.857713498175 1.756076760590076 0 5.904699727892876 146.6536124423146 1877.041599117219 62.63557334989309 47.48696614801884 4.217253237962723 3.584000200033188 0.1472681909799576 2.478713393211365 19.80405826866627 0 3.3758215457201 3.824085101485252 63.33142102509737 16.17338017374277 19.98969983309507 1.688397146761417 1.292853787541389 0.8825753927230835 1264.865224525332 912.8354154601693 78.44943702220917 5.960835978388786 11.96228484809399 39.07915928959846 54.94468605518341 26.32249105721712 5.177205912768841 18.07060366868973 6.593391709029675 2.991646811366081 6.966759212315083 4.4183399528265 3.232772633433342 5.542704671621323 156.6876235753298 4.949364624917507 0.6049240455031395 4.920620419085026 0.5671046301722527 0 1.06177756935358 0.3598318696022034 3.613173678517342 5.543679140508175 15.85313143581152 401.8603235185146 8.542084433138371 44.42442939430475 93.96505151689053 17.25008468329906 16.58782892674208 246.2713702693582 8.712847828865051 2.476704120635986 1.967160798609257 13.46942107379436 27.40629530698061 29.11960681527853 24.16206868737936 2.986860036849976 0.5273009762167931 212.8507736250758 236.7587198317051 415.2065872102976 302.3184390217066 24.57041086256504 417.5440326631069 927.2482632175088 28.5777326375246 540.8804216235876 17.68312107771635 0.08607881516218185 4.265864074230194 5.03509433567524 9.498768284916878 0.8217005357146263 2.085394062101841 0 0.619327001273632 0.5590997338294983 51.11513034999371 2.706119671463966 2.812544733285904 2.045574098825455 3.151510499417782 0 4.136431574821472 46.18011143058538 0 0 0.7983849942684174 0 0 3.205393046140671 0 0.8244957327842712 0.5457982271909714 2.225484117865562 0 3.637296691536903 6.328140869736671 6.397158533334732 1.226045325398445 0.4528244286775589 0 0 0 0 0 0 0 0 0.4691963344812393 0.7438307851552963 0 0.09651470184326172 0 0 0.6628917008638382 0 1.986632488667965 0 0.8209827542304993 0 0 1.00368395447731 0.4337169677019119 2.051378168165684 2.513032838702202 4.208386823534966 1.291726551949978 1.199017457664013 0 0.2863968536257744 0 0 0.2944019436836243 0.1446161717176437 0 0 0.4232828766107559 0 0 0 0.1119932904839516 0.1510284245014191 0 0 0.1109179258346558 0.4447476640343666 0.4423956871032715 0.189699798822403 0.5127341747283936 0.3185874223709106 2.125334322452545 0 0 0.09790720790624619 0.087167888879776 0 0.2486274540424347 0.2425736039876938 0 0 5.837651766836643 1.970432661473751 0 0.1175194755196571 0.3464125096797943 0.2773634493350983 0 1.460632339119911 0.118001326918602 1.139921024441719 0 0 0.2557269409298897 0.09607795625925064 0 0 0 0.2758051753044128 0 0 0 1.21802382171154 2.93799851834774 4.86007035523653 144.0548943579197 41.29518660902977 209.2870893105865 45.55731306970119 44.18978106230497 49.86526834964752 3.462943375110626 48.62663870304823 3.15497138351202 0.5079773962497711 2.261139817535877 0.5475835874676704 2.120083384215832 0.8218082562088966 0 0.1381109356880188 2.157010912895203 1.027020990848541
104.9390185177326 50.41803877800703 2.670029819011688 194.6046336442232 36.01976374536753 230.0894736051559 222.9956293255091 0.2936083450913429 17.78928810358047 1220.80713057518 5.904699727892876 0 1608.854708209634 339.6822264119983 46.0544742718339 37.4285913258791 3.639673352241516 0.4018402174115181 0.2268468588590622 0.2612158432602882 1.569774992763996 0 0.2837478071451187 0.1672468483448029 6.745546497404575 2.100840486586094 1.85551829636097 0.7222694978117943 0.5807157084345818 0.2873329371213913 1.049522891640663 0.2178365439176559 79.58541332185268 1.489517763257027 2.034604124724865 2.97358188778162 175.9609658792615 3.118992254137993 8.001822203397751 5.039694048464298 0.8878476917743683 0.4370697438716888 0.2730094343423843 4.135262884199619 0.5096864998340607 0.4773727431893349 73.8089067786932 2.585029311478138 0.1469326168298721 0.6908506006002426 0.9621038660407066 0 0.4698183164000511 0.1473806798458099 1.089984111487865 0.8543611988425255 5.393122091889381 9.702130243182182 0.9226207658648491 5.051463723182678 0.4510665535926819 15.60676887631416 0.7073620408773422 5.044893577694893 1.503222592175007 0.2152274549007416 0.458999291062355 3.916351541876793 3.778105571866035 2.025010898709297 395.6457554623485 72.40795327723026 0 23.64965900033712 5.784912519156933 64.22997935116291 34.20595113188028 6.487350046634674 0 117.3661678656936 0 3.208823055028915 4.728172108530998 0.2287899702787399 1.000610686838627 0.8858267515897751 2.069582387804985 0.3324389904737473 0.5186101347208023 0.5249969065189362 0.4465821757912636 1.151468731462955 6.389438591897488 0.3951607048511505 0.7142919152975082 1961.576166987419 56.17963197827339 0.7347854524850845 3.463867947459221 39.8196759968996 1.822831511497498 4.120557233691216 19.9087932407856 9.524756088852882 1.439094305038452 132.0752264782786 9.362885341048241 49.74215334653854 39.17117118835449 81.04427836835384 2.865254089236259 155.3223750069737 152.7529139146209 106.3143355548382 16.95845891535282 0.5528856962919235 0.3427945673465729 0 0.2037908136844635 0 0 0 0 0.1776073426008224 0 0 0 0.1364591270685196 0 0.09493611007928848 0.3661113679409027 0.1293967366218567 0 0.4055852442979813 5.728971496224403 0.2583460807800293 0 0 0.4015327841043472 4.618391163647175 0.3771426677703857 4.740430258214474 0.3032777905464172 0.1932250410318375 0 0.1350587159395218 0 0 0 0 0 0.5851803496479988 1.155857563018799 0 0 0 0.131562814116478 0 0 0.2682848051190376 0 0.6801760345697403 3.232526116073132 0.1457738131284714 0.4793945103883743 0 15.14520426094532 0.1688261926174164 0.370200589299202 0.1259005516767502 0 0 0 0.2189045250415802 0 0 62.01761192083359 2.750162020325661 0 0 0 3.58851133286953 0.1820616126060486 3.393710255622864 4.07345275580883 7.057292751967907 2.520966187119484 0.1659852117300034 0.268678605556488 0.1021967828273773 0 0 0 0.1631762087345123 0 0 0 75.5435623973608 20.60855406522751 6.440777212381363 112.9324615448713 15.90466812252998 109.8293950855732 34.07057818770409 64.77810686081648 23.14410323649645 1.000602826476097 62.25725159049034 10.79010343551636 0.5087291896343231 5.493946969509125 1.137156508862972 32.83934069424868 1.788097277283669 0 0.9902573227882385 1.602733507752419 0.675066351890564
211.8201416432858 2136.864982992411 43.74390558153391 1386.83524890244 1150.145925886929 196.007740303874 9972.526997998357 3.021360591053963 957.4999216198921 4959.021204784513 146.6536124423146 1608.854708209634 0 4998.715211443603 136.0110040530562 109.4917471259832 7.022544346749783 1.26863919198513 0 1.474824294447899 5.097498632967472 0 2.461175836622715 1.225680068135262 35.347845479846 7.923005804419518 9.885176077485085 1.003010541200638 2.195730790495872 0.8476319089531898 15.67078629136086 7.610653541982174 240.4656155854464 3.088585764169693 6.529723182320595 18.92254119366407 119.0643867999315 10.48301752656698 14.01218267530203 17.31573132425547 5.107732869684696 1.823432341217995 0.5652735605835915 7.660054638981819 1.92180647701025 3.282766707241535 255.4813720658422 5.05909688025713 2.015095971524715 2.138828545808792 1.389973796904087 0 0.8588669151067734 1.720515713095665 3.424507670104504 5.696248933672905 16.24261543154716 86.87672515958548 6.525844760239124 34.58614585548639 8.596246153116226 20.24300672113895 10.0485627874732 42.8995683863759 9.582310065627098 2.944103837013245 1.967688478529453 9.431168869137764 13.27822554856539 14.29688786715269 361.9618109315634 80.00830318778753 0.3828324824571609 109.7188395932317 63.00892934203148 348.1104314103723 221.4940896853805 21.98254807293415 1.394733749330044 170.240250363946 2.141947738826275 75.80869085341692 23.86776658147573 0.3652346730232239 5.468506872653961 5.181415624916553 8.441583588719368 0.6263212338089943 1.590450271964073 0.6142187118530273 1.127231314778328 1.325574040412903 26.02585855871439 1.600887715816498 3.90907084196806 2155.72919946909 75.20713374018669 0.158638671040535 6.725583493709564 82.4133785367012 4.785193040966988 14.18704219907522 41.80291666835546 18.97112005203962 7.122532583773136 428.3613186776638 19.74397594481707 112.4151360690594 112.8456655144691 186.0191736221313 1.774219706654549 327.6756146475673 321.5361727029085 213.8629675284028 39.55888455361128 1.189595617353916 0.851640060544014 0.1868968680500984 0.2500244975090027 0 0 0 0.2791316658258438 0 0.4683803617954254 0.3091455698013306 0 0.7277404144406319 0.3932236731052399 0.1219438686966896 0.233381524682045 0.2438138723373413 0.3991178572177887 0 15.15144567191601 0 0 0.4958574622869492 0.565499484539032 15.14452071487904 3.697561413049698 11.36108174175024 1.434844166040421 2.04001173377037 0.136954128742218 0 0 0 0.3765057921409607 0.5168454498052597 0 0.303198054432869 2.786959983408451 0.1369746029376984 0.7448981106281281 0.1340621709823608 0.6079197376966476 0.6599423736333847 0.09381906688213348 1.489979580044746 0.2110164165496826 1.967556819319725 9.670237667858601 0.3307129293680191 1.378847420215607 1.080841921269894 27.70062214136124 0.8580028861761093 0.6100537180900574 0.211027666926384 0 0.1083221063017845 0 0 0.08911284804344177 0.135197713971138 142.6867503523827 3.377106472849846 0 0 0.2777738124132156 7.025986894965172 1.174186006188393 11.84250065684319 6.406052954494953 9.244547046720982 4.118036769330502 0.692288875579834 0 0.5277519598603249 0 0 0 0.2217677757143974 0.2411381974816322 0.2867135107517242 0.3234153985977173 140.6621632054448 32.81605498492718 19.7434187233448 350.3847628235817 88.39297465234995 406.4793838635087 124.689859688282 240.9640763178468 100.7669079229236 7.239460356533527 139.4794784784317 15.07009083032608 1.455662675201893 10.9196766987443 1.825363382697105 70.23890695720911 2.214837819337845 0.1514698565006256 1.637471131980419 5.314209267497063 0
