0 3725.225577414036 1645.120790377259 1311.071313820779 130.7522816583514 586.288437306881 915.9970944672823 134.3588393777609 72.24155537039042 2366.894968546927 472.1236828565598 105.8476899862289 419.1223848462105 139.782673612237 7.280612029135227 1.394643500447273 0.2585974708199501 0.6983182728290558 0 0 0.1055183783173561 0 0.1029381304979324 0.1068428307771683 0.4247658848762512 0.3007444813847542 0.3699138611555099 0 0 0 636.3003637865186 15.79159845411777 9.520375169813633 0.2477313205599785 0.1129883080720901 0.460953451693058 2.189603544771671 0.3490592315793037 0 0.23952666670084 0.3165012374520302 0.1610981896519661 0.1114592403173447 0.1294063329696655 0 0 48.24772732704878 4.683151453733444 0 0.09000421315431595 0.7064651027321815 0 0 0 3.880802422761917 4.826339237391949 334.1283818036318 633.8826368376613 21.998137190938 18.5191236436367 0.354783371090889 4.995448812842369 0 7.423903740942478 11.28475573658943 2.754836894571781 2.766939468681812 1.020247653126717 0.3177099674940109 0.3324613943696022 3.318369194865227 11.88974213600159 0 200.8595857396722 34.6895996928215 67.65694472193718 7.270082026720047 3.556779265403748 1.160752773284912 62.24639771878719 0.8827071115374565 7.130896344780922 16.97222889214754 0.7347544580698013 3.794095389544964 5.003759458661079 2.015655465424061 0.4891883432865143 0.323195792734623 0.1338519901037216 0 0.3256483897566795 0 0.1227626875042915 0.1757269278168678 191.220173202455 0 1.275696158409119 0.5649393796920776 2694.694253861904 0 0.1388481706380844 0.4091053605079651 1.179576992988586 0.5149843618273735 5.890012890100479 0.9372297674417496 0.1579597294330597 2.48564624786377 2.341204926371574 0.5858741104602814 3.073273323476315 0.3351103141903877 4.570161692798138 5.066550746560097 0.1624998599290848 0.5348135828971863 0 0 0 0 0.1446128040552139 0 0 0 0 0.7484361529350281 0.6163178235292435 0 0 0 0 0 0 0.4472139030694962 1.176198162138462 0 0 0 0.7020655497908592 1.102467589080334 2.666917517781258 0.6435040235519409 0.6292291283607483 0 0 0 0 0 0 0 0 0.3400881439447403 0 0 0 0 0.4042522013187408 0 0 0 0 0.3787670731544495 0 0 0.9376528263092041 2.13365238904953 0 0 0 0.1408231556415558 0 0 0 0 0 6.557699263095856 0.9104196727275848 0 0 0 4.295375265181065 1.127366870641708 1.515582919120789 0.5520122051239014 1.111469924449921 0 0 0.2208562046289444 0 0 0 0 0 0 0 0 3.373164065182209 2.077802620828152 1.973454661667347 50.55117407441139 9.452432088553905 115.2847405076027 19.23047749698162 1814.724012963474 26.68470574915409 2.184627875685692 11.74195244163275 2.978569239377975 0.1413097381591797 2.341592200100422 1.038859277963638 0.4179045259952545 0 0.1859167814254761 0 0 0
3725.225577414036 0 1857.20287617296 878.9664575010538 2528.021791025996 304.8053557127714 4320.24292177707 129.8081217855215 1432.724282391369 665.6367158591747 1877.541288025677 108.3848103433847 833.5155917704105 649.3726213127375 28.83231816440821 6.284671470522881 0.4120161086320877 1.012402161955833 0 0.1036359742283821 1.540972888469696 0.09453053027391434 0.1540496796369553 0 0.7848194018006325 1.515339612960815 0.4550136774778366 0.1173979043960571 0 0 1546.004970431328 68.65015704184771 9.368079647421837 0.1237449124455452 0.3259591087698936 0.7976388409733772 2.611112870275974 0 0 0.3312172293663025 0.7963701784610748 0.4803044274449348 0.133379265666008 0.08781373500823975 0.210480660200119 0.5127210095524788 200.0420273691416 13.00786041468382 0 0.4446946755051613 1.759583242237568 0.09879445284605026 0 0.2250640541315079 10.18426927924156 11.81843165308237 108.5230764746666 357.5600083991885 12.79930447787046 36.75843781232834 0.5489286705851555 3.903705507516861 0.1525656580924988 35.45782119035721 19.30776566267014 7.888687245547771 7.793784983456135 3.147315599024296 0.6647504642605782 0.5744835808873177 2.955044031143188 1.313106618821621 0 182.0837571099401 67.83890609443188 158.4761129543185 76.55180446058512 10.65030740201473 3.470303267240524 113.6450441256166 1.787238568067551 8.263324305415154 36.23650453984737 1.556470274925232 12.87201204895973 12.4050827473402 4.183064915239811 0.294998437166214 1.564142517745495 0.1564411073923111 0.1098484545946121 0.977635994553566 0.2921999394893646 0 0.2321311458945274 122.5968362390995 0.3205303847789764 0 0.2201371639966965 1004.080535121262 0.7400859147310257 1.232812076807022 1.671930655837059 0.2933302223682404 1.079783692955971 23.62795685231686 3.656238198280334 1.369223102927208 5.239812970161438 10.738261282444 0.9535074904561043 20.65141831338406 18.89532168954611 22.60928545892239 14.08796604722738 0 0.922371044754982 0 0 0 0 0 0 0.2929247617721558 0 0 0 0.5611178949475288 0 0.9759860262274742 0.2043816745281219 0 0 0 1.818815365433693 6.334951832890511 0.1164805963635445 0 0 4.11644185334444 2.234843373298645 10.42668799310923 0.1098003759980202 1.378628127276897 0 0 0 0 0 1.384322956204414 0 1.408773750066757 4.522813513875008 0 0 0 0.2214444428682327 0.1066045314073563 0 0 0 0 1.485257238149643 0 0.5960360020399094 0.9104447066783905 13.42354630678892 0.2327759936451912 0 0.1154198199510574 0.1255754083395004 0 0 0 0 0 40.80948336422443 2.400757811963558 0 0 0 17.6329141035676 5.553924299776554 7.730606496334076 0.3759555220603943 2.131577014923096 0.9129549264907837 1.039286077022552 0.5650827288627625 0 0 0 0 0 0 0 0 21.82711252570152 6.920918196439743 3.638978898525238 133.9374276250601 23.25462201237679 499.9624547511339 66.32849587500095 1063.560173556209 90.29400607198477 5.026483438909054 99.8074963465333 3.991481177508831 0.2728181853890419 7.56189289689064 2.080883175134659 7.821715474128723 0.4715221971273422 0.7817763984203339 2.25645923614502 1.866894096136093 0.5128982663154602
1645.120790377259 1857.20287617296 0 136.5433125793934 871.2314353883266 13.72326397895813 173.5038771554828 1607.093561880291 727.5096072405577 40.22256759554148 3553.890364781022 10.09805829823017 247.3675887063146 653.9162372499704 43.90158538520336 27.49277254194021 8.393170580267906 4.482059754431248 0 1.222942113876343 12.62816675007343 0 1.456818744540215 0.760315053164959 2.426859930157661 5.049138754606247 2.947975739836693 1.453256189823151 0.4098522812128067 0.4407303184270859 4516.436126425862 1055.15735181421 16.69714476913214 1.177903324365616 2.926065817475319 3.255134992301464 4.631030544638634 0.9863886088132858 0.3670807853341103 0.950710266828537 3.416740208864212 1.808630041778088 2.256637223064899 4.246898114681244 1.567250929772854 3.723326459527016 161.7734881639481 13.96160767227411 6.93595065176487 5.534028634428978 1.492075629532337 0.5049916058778763 0.1692997366189957 0.7805285528302193 8.308494545519352 7.709026344120502 123.2239953875542 916.9834131747484 16.1048351675272 32.22058165073395 13.38671562075615 3.937998913228512 1.220651358366013 254.982480622828 17.73115176707506 6.17804829031229 6.037617743015289 1.641010768711567 4.873542837798595 3.622620612382889 4.425128430128098 2.241053983569145 0 220.677400238812 114.9429691284895 169.1981899812818 129.3143500462174 73.98041436821222 121.8157174810767 618.3349521607161 35.82718995213509 209.4663659855723 26.49972094595432 1.723675355315208 10.48673290014267 10.26283147186041 4.748453699052334 0.1035272628068924 1.492064826190472 0 0.4557869657874107 1.099663957953453 1.842751123011112 0.9446031898260117 1.058077953755856 14.26164551824331 0 0 0.4238934367895126 753.0220132023096 0.4265432581305504 0 0.9882456958293915 0 0.6968162357807159 0 0.1670985966920853 0.7988910675048828 0.4040499627590179 1.493257626891136 0.6994267031550407 5.641855105757713 2.907244093716145 5.842776864767075 6.329821206629276 0.2324473559856415 0.466436006128788 0 0.245847076177597 0 0 0.1024204865098 0.1000589579343796 0.1212421953678131 0 0 0.9320487231016159 0.3412066847085953 0.09719657897949219 0.6011613607406616 0.09897749125957489 0.1066526472568512 0.133661150932312 0.0869763195514679 0.3099851235747337 1.442323952913284 0.3924379050731659 0.197101004421711 0.7394104599952698 4.154828362166882 3.321370840072632 8.267933152616024 2.122068472206593 2.825944408774376 0 0 0 0.1890482157468796 0.4061814546585083 1.021009467542171 0 0 1.5233438834548 0 0 0 0.4274388030171394 0.3479193598031998 0 0 0 0 0.09262493997812271 0.2164507359266281 0.8701377138495445 0.4615698605775833 8.004151396453381 0 0.112944208085537 0 0 0 0 0 0 0 14.74146370589733 1.852341622114182 0 0 0 4.988577097654343 2.981356166303158 2.14232974499464 0.8202436938881874 0.3502749800682068 0.987492099404335 0.4945552349090576 0.1533230990171432 0 0 0 0 0 0 0 0.1179204061627388 6.981798954308033 3.676128186285496 5.256868727505207 157.0831286907196 24.12368260324001 306.14735481143 59.43952337652445 278.4255314320326 53.93296402692795 2.931913495063782 71.34728536754847 4.618394173681736 1.009614206850529 4.09157258272171 0.32094906270504 2.694567129015923 0.4288430064916611 0 0.5692692920565605 2.107426144182682 0.9150508940219879
1311.071313820779 878.9664575010538 136.5433125793934 0 127.1147368401289 738.9859799444675 1084.149270795286 3.508270516991615 269.5370314791799 2209.327080264688 128.8256799355149 795.8533638417721 2131.478776842356 468.3472781479359 2.585651949048042 2.139499813318253 0 0.3349248468875885 0.1294832974672318 0 0.3521892577409744 0 0 0 0.1313773989677429 0 0.1969795376062393 0.1997878402471542 0 0 28.89576935768127 4.410251662135124 3.248661935329437 0 0 0.3156175166368484 1.188396006822586 0 0 0.2951676249504089 0.2698247730731964 0 0 0.2115127891302109 0 0 25.96298731863499 2.47518652677536 0 0 0.2146891877055168 0 0 0.1018284782767296 1.547917947173119 1.341599851846695 14.72132128477097 45.42065989971161 1.967567309737206 5.608476407825947 0 0.2482817471027374 0 5.147859357297421 3.369898997247219 1.638869665563107 1.308550141751766 0.6396644040942192 0 0.212736614048481 2.367266938090324 1.22928786277771 0 25.73729907721281 8.885761186480522 22.79858408868313 7.189225271344185 1.275561690330505 0.5766810178756714 5.201369240880013 0 1.383122384548187 5.59022694081068 0.4801631420850754 1.512604311108589 2.051052622497082 0.285388320684433 0 0.1080134361982346 0 0 0.2834984958171844 0 0.0921865776181221 0 333.1489772051573 1.911428928375244 0.4361041784286499 0.2806382477283478 144.7389619648457 0 0.7459432184696198 0.8113989233970642 0.9580882489681244 0.8626391738653183 9.222865164279938 1.061400949954987 0 11.27910700440407 8.789973944425583 1.218858048319817 14.35957240313292 11.53729005157948 14.31586918979883 16.1717921346426 0.1489623934030533 0.1785238832235336 0 0.1290297657251358 0 0 0 0 0 0 0 0 0 0 0 0 0 0 0 0.9634734764695168 5.36271520704031 0 0.2526300847530365 0 3.005500927567482 1.447005718946457 7.000820241868496 0.3608088195323944 0.3229832053184509 0 0 0 0 0 0 0 2.137711584568024 0.9525530934333801 0 0 0 0 0 0 0 0 0 1.19119256734848 0 1.506279349327087 0.1300937533378601 13.36441350728273 0 0.167202964425087 0 0.1212151125073433 0.4863465130329132 0 0.09507035464048386 0 0 28.74836697429419 0.8425916135311127 0 0 0 9.689152583479881 2.738505214452744 2.515968151390553 0.4600507840514183 1.606891855597496 1.462375126779079 1.240461349487305 0 0 0 0 0 0 0 0 0 27.919288828969 3.015635684132576 0.843711331486702 30.06267128139734 4.648584350943565 78.70311533659697 9.495419859886169 706.6801607459784 10.37612363696098 1.210377119481564 9.037433743476868 2.137099325656891 0.9639547988772392 4.117113500833511 0.08456350117921829 3.318379282951355 0.1575687080621719 0 0.290910929441452 0 0
130.7522816583514 2528.021791025996 871.2314353883266 127.1147368401289 0 2.807875841856003 872.6830073669553 27.58861479908228 2356.358942061663 82.01872192323208 1368.811581328511 5.866645619273186 358.1534956395626 247.8104885667562 8.449729830026627 0.5161165222525597 0.4296333491802216 0.1045557409524918 0 0 0.2810010313987732 0 0 0 0.1315759420394897 0.1146073266863823 0 0 0.1236311197280884 0 56.74934699386358 15.10746196657419 1.086958050727844 0 0 0 1.794627383351326 0 0 0 0 0.193926639854908 0.1079523712396622 0.1733981817960739 0 0.0867987722158432 47.35161098837852 1.463129818439484 0 0 0.3453712463378906 0.2741132974624634 0 0 1.382369674742222 1.628472894430161 5.979926623404026 21.1895065009594 1.520558208227158 5.118634834885597 0.3832311779260635 0.6033567190170288 0 4.336551740765572 2.841408111155033 1.431712843477726 1.814722880721092 0 0.1605763286352158 0.1918209716677666 0.1712006479501724 0.1397825926542282 0 16.31236910820007 9.858216598629951 28.03571480512619 14.00138610601425 3.321874856948853 1.028093591332436 20.70485085248947 0.1641145795583725 1.344422280788422 3.346255861222744 0.3636544123291969 2.252713188529015 2.202454566955566 0.1000523120164871 0 0.3271076083183289 0 0 0.1026407033205032 0.1966009587049484 0 0 13.48033007979393 0 0 0 14.31646299362183 0.4871461391448975 0 0 0 0.1493431180715561 0 0 0 0.3499245941638947 3.477950513362885 1.181049898266792 2.253330141305923 1.58488941192627 2.830394133925438 2.181430384516716 0 0.1726027131080627 0 0 0 0 0 0 0.1164106205105782 0 0 0 0 0 0 0 0 0 0 0.3281098604202271 1.114870600402355 0 0 0 0.4466430693864822 0 1.697829708456993 0 0 0 0 0 0 0.3588055968284607 0 0 0.4796276092529297 0 0 0 0 0 0 0 0 0 0 0.1113231778144836 0 0 0 1.333553671836853 0 0 0 0 0 0 0 0 0 8.49481114000082 0 0 0 0 2.339424937963486 2.001811891794205 1.127018198370934 0.5616786777973175 0 0 0 0 0 0 0 0 0 0 0 0 5.703715831041336 1.054022118449211 0.1857432872056961 49.79689528793097 4.80464182049036 106.8947260454297 16.17873325943947 56.78284415602684 21.40735378861427 0.4394217729568481 27.9012531042099 1.33870056271553 0.2324144095182419 1.564399369060993 0.6348098441958427 0.9070980846881866 0 0.1174334287643433 0 0.1353000402450562 0.2157336622476578
586.288437306881 304.8053557127714 13.72326397895813 738.9859799444675 2.807875841856003 0 86.13419991731644 1.770139902830124 15.9142352938652 1059.928080573678 9.916971027851105 126.4814887270331 203.5845291018486 54.40994285047054 0.5561030805110931 0 0 0 0 0 0 0 0 0 0 0.3442714586853981 0 0 0 0 7.149619594216347 0.3461922109127045 1.674191534519196 0 0 0 0.962975338101387 0 0 0 0 0 0 0 0 0 3.567653223872185 1.219552606344223 0 0 0 2.140010237693787 0 0 0.4225260019302368 0.08759351074695587 33.20449864119291 21.39710310846567 1.097044616937637 0.9723206460475922 0 0.6103419661521912 0 0.428480364382267 0.6126078441739082 0.1927505433559418 0.4519672319293022 0 0 0.2097697257995605 19.64929494261742 57.84939869493246 5.447491765022278 9.207431003451347 2.745527423918247 4.276592589914799 1.118068650364876 0.1191500425338745 0 3.679871186614037 0 0 1.211996272206306 0 0.3378632441163063 0.4933449402451515 0 2.159834384918213 0.2717987149953842 1.225996404886246 0 0.2735024988651276 0 0 0 472.4695506542921 8.917252123355865 0.9673470258712769 0.3818783760070801 387.3704714179039 0 0 0 0 0 0 0 0 0 0.1729805916547775 0 0.4338796436786652 0.3944327831268311 0.7678772583603859 0.6517533659934998 0 0 0 0 0 0 0 0 0 0 0 0 0 0 0 0 0 0 0 0 0.1761278063058853 0 0 0 0 0.2953519523143768 0.135128915309906 0 0 0 0 0 0 0 0 0 0 0 0 0 0 0 0 0 0 0 0 0 0 0 0 0.6776148751378059 0 0 0 0 0 0 0 0 0 1.052134245634079 0 0 0 0 0.4481131285429001 0 0.129713237285614 0 0 0 0 0 0 0 0 0 0 0 0 0 1.017076849937439 0.3999200165271759 0.7438547611236572 2.301240190863609 0.3407172709703445 8.440569050610065 1.744089089334011 187.8087536990643 2.699594467878342 0.141713559627533 0.8344516828656197 0 0 0.1143093705177307 0.1198432072997093 0 0.3173069059848785 0 0 0 0
915.9970944672823 4320.24292177707 173.5038771554828 1084.149270795286 872.6830073669553 86.13419991731644 0 12.2048225030303 410.7614798694849 2785.85951115936 206.0361476242542 778.781911380589 6921.195438161492 890.5981109216809 33.12201502174139 8.997150003910065 0.3867142349481583 1.728229641914368 0 0 0.5074818953871727 0 0.277931734919548 0.2602309286594391 0.3152820765972137 0.684971496462822 0.9175072833895683 0 0.288372814655304 0.1753491163253784 191.2886549010873 48.07562801986933 5.683625221252441 0.571065366268158 0.1775635778903961 0.8976111337542534 1.70645634829998 0.8925242722034454 0.1812317818403244 0 1.175487220287323 0.5576592683792114 0 0.5572668612003326 0 0.09207369387149811 218.8089256063104 14.77733681350946 0.5085734128952026 0.08883898705244064 3.175085410475731 0 0 0 6.521883606910706 9.178108435124159 34.13598842918873 114.1919230148196 8.543595992028713 26.35260583460331 1.0123340934515 0.4205525442957878 0.4405495077371597 36.39657256752253 19.9689424559474 6.446449913084507 8.133555568754673 2.266590446233749 1.139755211770535 0.4524181187152863 1.098922446370125 1.37994958460331 0 94.33443298190832 51.0345404446125 143.6073881015182 75.90037079155445 11.21434124559164 3.353260338306427 34.98091409355402 1.696344599127769 14.05677289515734 22.82128379493952 1.558829605579376 10.86373741924763 12.55586002767086 4.615529038012028 0.09737773984670639 1.328165329992771 0 0.7946929186582565 0.3564748018980026 1.171631380915642 0.1311789155006409 0.3538971319794655 242.759078592062 0.1727800369262695 0 0.1863790303468704 119.1231964156032 0.9021917730569839 2.016780063509941 2.716809146106243 2.906519651412964 2.738858677446842 13.38254043459892 7.149657055735588 5.149150684475899 36.76238903403282 30.5255992859602 3.152816787362099 51.76564672589302 41.96466851234436 45.07676035165787 34.20032023638487 0 1.101486869156361 0 0 0 0 0 0 1.247170679271221 0 0 0 0 0 0.3352985382080078 0 0 0 0 4.038703225553036 11.12981412559748 0 0.4365834891796112 0.9662209153175354 7.984924711287022 4.862999111413956 23.96505658328533 0.2293798178434372 1.841503143310547 0 0 0 0.3612623512744904 0.2324692010879517 1.104026719927788 0 3.586703583598137 5.053297810256481 0.2218950167298317 0 0 0 0 0.1777916997671127 0 0.1791908070445061 0.1004517003893852 1.513738244771957 0 0 1.921055912971497 29.11900451779366 1.977870859205723 0.9762024879455566 0 0.2390181571245193 0 0 0.1863861158490181 0 0 66.97710771858692 1.894419819116592 0 0 0.1887243241071701 32.89307424426079 13.8539010733366 13.73659491539001 3.665394306182861 7.30243919044733 9.150060698390007 3.276643753051758 3.147875174880028 0.5417129695415497 0 0 0 0 0 0 0 65.73156084865332 11.92393637448549 4.127268016338348 223.0059965699911 37.72976709157228 550.1130581721663 98.26668880879879 447.2100220397115 126.459161631763 3.94445213675499 121.0180783346295 7.375271797180176 0.8855020999908447 14.41969525068998 1.914339445531368 9.621846348047256 1.078834868967533 1.279499188065529 1.487635791301727 1.667908407747746 0
134.3588393777609 129.8081217855215 1607.093561880291 3.508270516991615 27.58861479908228 1.770139902830124 12.2048225030303 0 272.922592908144 2.125372633337975 2322.377190046012 1.214171126484871 44.72942057996988 266.8380186259747 70.83722433447838 81.49497286230326 7.806434251368046 10.30600252002478 0.4207315444946289 6.702540330588818 58.35701817274094 0.4161963760852814 4.068480670452118 4.262641280889511 7.060589767992496 19.24432876706123 6.948211476206779 2.074734762310982 1.761142365634441 0.1508086919784546 785.3322985768318 1145.158419542015 16.88167485594749 7.913982659578323 11.5285289734602 7.519276730716228 4.111079446971416 0.9192362874746323 0.3770610839128494 1.778597488999367 14.52809233218431 7.356936015188694 12.69110249727964 14.27022092789412 4.461645893752575 11.59561815112829 201.7640725672245 14.94768483936787 11.59848151355982 25.78430410474539 2.794473864138126 1.891092330217361 0 3.207941368222237 2.911840371787548 3.027422703802586 15.894535779953 128.1806693300605 4.257308833301067 15.58865914493799 61.05245745182037 6.506142310798168 9.080550014972687 96.88649303466082 6.701338693499565 3.459893122315407 3.843434810638428 1.796484529972076 12.50757955014706 19.42316097766161 2.638076268136501 3.725123912096024 0 51.25046559423208 44.26696062833071 103.9728152230382 147.2523790299892 292.3196560665965 834.5412646532059 3014.846696764231 129.9138221442699 1844.483108431101 12.28638505190611 0.8021742179989815 5.615008614957333 5.881993301212788 7.603812903165817 0 1.170099101960659 0 0.757854051887989 1.915697604417801 4.758958213031292 1.521950997412205 4.271335445344448 3.435173250734806 0.2761845737695694 0 1.093775928020477 43.62624465674162 0 0.3090481460094452 0.3406397253274918 0 0 0.2388302832841873 0 0.129382848739624 0.3142586946487427 1.509067788720131 0.6743441373109818 2.590538829565048 3.320211566984653 3.072733797132969 6.774729341268539 0.7151319906115532 0.9338198378682137 0 0.4857306927442551 0 0 0.463547520339489 0 2.652886137366295 0 0.5403862148523331 0.9415167272090912 1.461709879338741 0.715977318584919 0.8181406036019325 0.2872842028737068 0.2543937414884567 0.3745183274149895 0.338949516415596 0.5178055614233017 1.524833045899868 0.1854339987039566 0.7170603424310684 2.373148091137409 9.80156496912241 4.204962074756622 15.80909524857998 3.993469230830669 6.625318773090839 0 0.412716269493103 0.1002457067370415 0 1.081794954836369 1.325686953961849 0.4500952064990997 0.1318124979734421 1.455380491912365 0 0.2577188462018967 0.1136063262820244 1.306083634495735 0.3579762727022171 0 0 0 0 0 0 1.821333199739456 0.6043599992990494 6.678036287426949 0.1345503181219101 0 0.1006065681576729 0.08197685331106186 0 0 0.2168757319450378 0 0.3045593425631523 13.82513906061649 2.372218862175941 0 0 1.261739782989025 5.831258490681648 3.73370573669672 3.943454928696156 0.1933742165565491 0.3650609701871872 0.2561531662940979 0.1055679842829704 0 0.1322938203811646 0 0 0 0 0 0.1441827565431595 0.2248989418148994 4.462054714560509 7.523949168622494 12.98581479489803 328.5111081749201 31.99363961815834 402.8115106970072 102.2159005403519 121.2051718682051 56.61753706634045 4.596906989812851 143.5488201528788 9.793957903981209 0.8112429678440094 7.013643324375153 0.9470586106181145 1.860190063714981 0.740457683801651 0.1270303726196289 1.473206073045731 5.485635183751583 1.115479037165642
72.24155537039042 1432.724282391369 727.5096072405577 269.5370314791799 2356.358942061663 15.9142352938652 410.7614798694849 272.922592908144 0 331.1276860907674 5280.767683386803 38.16490899026394 2269.11455424875 2426.61160261184 47.49510230869055 31.04454412311316 1.397572316229343 4.278866425156593 0.3881423622369766 0.2452343925833702 5.408396996557713 0 0.4657680168747902 0.4515543580055237 3.51565121114254 3.427053853869438 4.409527458250523 0.3710639402270317 1.602889955043793 0.6063865572214127 79.51725317537785 55.91612455248833 82.84443636238575 0.2450201660394669 1.930016033351421 5.659994356334209 15.54420176893473 1.303637832403183 0 1.983247332274914 2.830278307199478 1.577172294259071 0.5345146954059601 1.687335632741451 0.4269939810037613 0.6206149756908417 219.4140841662884 5.527686282992363 0.8741972371935844 2.403069011867046 1.904655396938324 0.09095712751150131 0.1241365149617195 0.09305781871080399 2.570996217429638 5.170822001993656 11.51376964151859 37.20188725739717 5.20881387591362 14.70900672674179 3.367575868964195 4.73834366351366 0.2347964271903038 18.80400869995356 8.044084377586842 3.767689317464828 2.066219963133335 1.338177628815174 1.391921304166317 2.803476251661777 12.44695693254471 4.766817286610603 0.2073440253734589 41.19050084799528 18.12063117325306 75.37578494101763 75.14050899446011 34.04922573268414 6.721064858138561 392.5021307393909 4.583547808229923 17.63868586719036 10.82860937714577 0.8212111368775368 5.21984987705946 5.110618688166142 1.993751503527164 0.4486465901136398 0.6156650185585022 0 0.3894108384847641 0.8791256248950958 1.236063577234745 0.464351162314415 0.9696701094508171 108.2810861989856 0.3879229724407196 0 0 16.31374676525593 1.21460285782814 0.5700137242674828 4.256833612918854 1.643577948212624 3.560081958770752 5.978685341775417 2.517129756510258 3.986889451742172 2.204130336642265 18.89676246792078 4.845255292952061 38.70023295283318 24.35881305485964 47.45746675133705 36.24001934379339 0.775522880256176 0.5064386576414108 0 0 0 0 0 0 0 0.1470892131328583 0.09472168982028961 0.2682144939899445 0.409580685198307 0 0.1652795523405075 0.227852039039135 0 0.2162560001015663 0 3.42335157096386 9.260769307613373 0.4105379283428192 0.7949268966913223 1.488154977560043 9.275791361927986 7.575726181268692 25.4088294878602 1.324573390185833 3.013059914112091 0 0 0 0.2920446842908859 0.315762922167778 0.6781579628586769 0 3.704551614820957 5.523991122841835 0.5098813250660896 0 0.1990653723478317 0 0.1292552351951599 0 0 0 0.1392105668783188 0.6997874230146408 0 0.4547647684812546 1.578066751360893 30.91599889099598 0.8694979101419449 0.2586611807346344 0.4549150466918945 0 0 0.1011454537510872 0 0 0 66.30215442925692 1.380298174917698 0 0 0.2491550967097282 31.66276769340038 11.80284601449966 15.53340432047844 1.002883084118366 1.879037275910378 3.771240942180157 0.9322027862071991 1.512252807617188 0.3724576905369759 0 0 0 0 0 0 0 53.19363495707512 8.096643410623074 8.713010653853416 430.8374001905322 29.53615622967482 477.5602531805634 107.3429335951805 233.9409639015794 104.5325045287609 4.22073258459568 235.5093610882759 9.744789995253086 2.256123840808868 11.59293895214796 2.965053960680962 8.308083690702915 1.10809887945652 0.3213878571987152 2.223085075616837 3.034177914261818 0.288119301199913
2366.894968546927 665.6367158591747 40.22256759554148 2209.327080264688 82.01872192323208 1059.928080573678 2785.85951115936 2.125372633337975 331.1276860907674 0 48.02512484788895 1815.460457235575 6100.101305820048 966.943190805614 5.895721107721329 2.090848162770271 0.2690592706203461 0.1314614862203598 0 0 0.2543264776468277 0 0 0 0.1125493794679642 0.6039991229772568 0.3530088663101196 0.3535754084587097 0 0 32.57509481906891 6.428257942199707 6.738734595477581 0 0 1.278197973966599 4.95708441734314 1.345610082149506 0.2383155524730682 0.5161287188529968 0.6575406491756439 0.1197352409362793 0 0.0934811607003212 0 0 56.08582581579685 4.915940336883068 0.1390117108821869 0.277658075094223 0.08503725379705429 0 0 0.1838542222976685 0.8297503069043159 2.352031178772449 29.53620704263449 60.81509774923325 5.327847614884377 8.134886726737022 0.2806041389703751 1.674841269850731 0 8.782604098320007 4.7657700330019 1.199669390916824 2.233948990702629 1.013428620994091 0.2100479975342751 0.1384274661540985 27.58809870481491 3.767528027296066 0 45.14671652764082 16.00192073732615 34.83821575343609 15.20427303016186 3.009873449802399 0.4192591235041618 13.51291215419769 0.3736143410205841 6.557607762515545 8.251849301159382 1.094394691288471 3.416307143867016 2.406758181750774 0.5969450250267982 0.1695834249258041 0.4294721484184265 0 0.1082713901996613 0 0.1055017709732056 0.1073391735553741 0.1268423795700073 802.3713725954294 3.075820058584213 1.050439357757568 0.9503135979175568 665.1955805420876 0.3442274630069733 1.877163082361221 6.206692725419998 6.674791738390923 4.997825480997562 21.04584857821465 16.13620208203793 7.514660030603409 12.78942513465881 40.9030539393425 3.553356103599072 52.53589864820242 51.47322116047144 73.51654855161905 37.96264647692442 0.5181704759597778 0.4043854251503944 0 0 0 0 0 0 0.4558470994234085 0 0 0 0.5760810524225235 0 0.2720040380954742 0 0 0 0 4.049743562936783 15.7910104393959 0 0.6786964684724808 1.033427715301514 6.257464192807674 4.733111456036568 18.73804684728384 0.1392477601766586 0.4984979331493378 0 0 0 0 0 1.022631376981735 0 2.178672268986702 6.936763666570187 0.120396763086319 0 0 0 0 0 0 0 0.09716107696294785 1.61078380048275 0 1.284922331571579 3.105423346161842 30.47087492793798 1.482886180281639 1.228879831731319 0.338914155960083 0.3791245520114899 0.2244038730859756 0 0 0 0 70.30543353408575 1.453157350420952 0 0 0 46.80379290878773 24.66053859889507 15.58800525963306 1.306939341127872 5.434365212917328 5.387547321617603 1.81773416697979 0.8517553433775902 0.5915978625416756 0 0 0 0 0 0 0 62.76759895682335 7.336254805326462 5.708371445536613 95.43101368099451 6.098786205053329 142.0956716686487 18.88390405476093 1424.83141707629 28.00855139642954 1.082740403711796 36.35841180384159 4.981961011886597 0.9404910653829575 16.7063437923789 2.233256213366985 23.61543737351894 1.903397262096405 0 2.618581622838974 0.204017385840416 0
472.1236828565598 1877.541288025677 3553.890364781022 128.8256799355149 1368.811581328511 9.916971027851105 206.0361476242542 2322.377190046012 5280.767683386803 48.02512484788895 0 27.37055279314518 818.7935998290777 2255.315632075071 52.48695948719978 32.69603001326323 2.983041852712631 3.660531587898731 0.1192203834652901 1.150374755263329 8.179105639457703 0.2115692421793938 1.191841088235378 1.007475323975086 7.916576273739338 7.4749970510602 6.250689595937729 1.107621692121029 0.6219203844666481 0.5088134557008743 694.0570039004087 428.1911795139313 83.80784517526627 0.8917928114533424 2.647725284099579 8.271530605852604 30.48901897668839 3.730817437171936 0.4835180193185806 2.913806095719337 5.833495147526264 2.020358398556709 1.063497416675091 3.299943275749683 0.3404060006141663 2.445661850273609 271.0041631013155 14.52454195916653 2.238404728472233 3.097227230668068 2.930797927081585 0.8445659279823303 0.2515305429697037 0.3729311749339104 6.323453821241856 10.0021183565259 31.5213149189949 159.065367244184 7.331712059676647 28.15988191962242 8.890750609338284 8.439488038420677 1.455224126577377 47.2098985388875 16.9774906039238 9.682775378227234 6.536977909505367 3.794835463166237 2.825429357588291 4.130911402404308 16.49256022274494 4.657857805490494 0 93.98343258351088 52.85156621038914 152.4486249238253 120.3153212815523 59.93044959008694 149.0583998262882 1238.396884679794 11.02149757742882 105.8481838703156 24.18124049901962 1.404671877622604 9.729523554444313 12.41666186600924 5.048705235123634 0 1.250551447272301 0 0.3214964270591736 0.5780708938837051 1.757725492119789 1.029276371002197 0.7462735325098038 26.88369429111481 0.2383794039487839 0 0.236286960542202 107.8339909166098 0.7903519570827484 0.7071371227502823 0.8265123143792152 0.1489533931016922 0.1887936517596245 2.536241918802261 1.992136463522911 0.8058001697063446 1.446574687957764 4.144178278744221 1.589815072715282 9.595325611531734 8.270528852939606 13.29297670722008 13.15899928659201 0.5673513039946556 0.8267379552125931 0 0 0.1273225694894791 0 0 0 0.6153162345290184 0.1122986376285553 0.1315150856971741 0.6806669980287552 0.5751812681555748 0 0.7564215734601021 0.2507013753056526 0 0.09834758192300797 0 0.8628147318959236 2.188607908785343 0.3296080231666565 0.1277750432491302 1.297418177127838 5.787888377904892 3.374379597604275 18.15393348783255 0.8928619548678398 2.167956858873367 0.1205517873167992 0.2438548505306244 0 0.2141220420598984 0.4106957837939262 0.4609819278120995 0 1.078617095947266 1.968897841870785 0 0 0 0.262427419424057 0.5227551534771919 0 0 0.1570085734128952 0 0.5455968379974365 0.08165711164474487 0.7566256672143936 0.6667978167533875 14.35020166635513 0.2099513858556747 0 0.2237811237573624 0 0 0 0 0 0 31.11751896888018 2.829741977155209 0 0 0 13.21727761626244 4.114617981016636 5.784146368503571 0.822111614048481 1.743109293282032 2.329377382993698 0.07189968973398209 0.3277488872408867 0.1883612498641014 0 0 0 0 0 0 0 16.95731855928898 8.10603091865778 7.232814647257328 242.023650765419 35.38756284117699 502.734805136919 102.0981530994177 222.3605081215501 92.96502427756786 7.304022938013077 145.9046167358756 7.548350371420383 0.993725448846817 4.655007131397724 1.187679849565029 3.420876458287239 0.2375865131616592 0.3569686263799667 1.053367920219898 2.545909315347672 1.131281495094299
105.8476899862289 108.3848103433847 10.09805829823017 795.8533638417721 5.866645619273186 126.4814887270331 778.781911380589 1.214171126484871 38.16490899026394 1815.460457235575 27.37055279314518 0 1820.779054157436 171.6938055083156 8.899982914328575 7.378023110330105 2.280445590615273 1.695822216570377 0 0.5244194492697716 2.027219183743 0.4166907221078873 0.3178148418664932 2.730749726295471 13.87876106798649 7.942146115005016 11.5573757365346 1.467734485864639 1.087323293089867 1.451195642352104 8.226501680910587 5.136551059782505 54.40748691558838 0.4567555785179138 0.4967506974935532 8.969070509076118 130.3521165549755 15.00072582066059 5.265400715172291 11.79418501257896 6.437665909528732 2.720565900206566 0 0.5775879621505737 0.1220968589186668 0.1495494693517685 35.44162771105766 1.458513684570789 0.2364191561937332 0.3836003467440605 0.2764435634016991 0.6056045144796371 1.077156111598015 1.116833157837391 1.11857083439827 1.82037241756916 7.787135675549507 19.14739084988832 2.039423361420631 2.17094074934721 0.7769369035959244 12.70392754673958 0.146547719836235 3.86141712218523 1.664293617010117 1.179521642625332 0.8941013887524605 0.2810033410787582 0.272476002573967 4.186486676335335 204.7382170632482 114.4264714568853 0.4049737006425858 24.63623625040054 8.884639196097851 21.12256161868572 12.76276478171349 6.321094609797001 0.1357698142528534 35.28351827710867 0.375542126595974 5.665753051638603 3.882934100925922 0.179383784532547 1.714617341756821 1.352399215102196 0.1876856535673141 0.1822256445884705 0.3235128447413445 0.6503540873527527 0.4620551615953445 0 1.32045966386795 0.4636332988739014 0.9248871728777885 2320.270963311195 150.6195869594812 5.992750689387321 8.255811385810375 71.37814578413963 1.878447756171227 3.437991179525852 8.299493998289108 4.343917697668076 7.618550203740597 17.47320501506329 10.86295105516911 7.94703983515501 7.965607792139053 38.52013254910707 15.25265856087208 102.6784061193466 75.3952157869935 178.3659249544144 108.3104510605335 0.9351420551538467 2.743770390748978 0 0.1150110587477684 0 0 0.3099205493927002 0.1391847133636475 1.010045975446701 0.1556818336248398 0 0.8842559158802032 1.00039766728878 0.1032217890024185 0.9000063836574554 0.4823183864355087 0.320563331246376 0 0.7737615555524826 9.013286352157593 27.08958854526281 0.1190856248140335 0.5477844774723053 1.96268604695797 34.98852967470884 13.69256576150656 84.37145257741213 2.622866831719875 3.179554127156734 0.1578661799430847 0.2186813503503799 0 0.8306366801261902 0.9951761215925217 2.271026119589806 0 5.175240904092789 10.52568838745356 0.3190312683582306 0 0 0.6734812706708908 0.4253841862082481 0 0 0.09935949742794037 0.5245155170559883 4.109156616032124 0.6018865779042244 1.872614234685898 4.757088556885719 93.64516470581293 2.655484184622765 1.881014324724674 0.1832819730043411 0.1815050467848778 0.5243891179561615 0.3054283857345581 0.1000059470534325 0 0 251.7528123930097 19.39077886193991 0 0.1733398735523224 0 96.77221801877022 24.54467980563641 42.04029409587383 4.618810124695301 9.786731287837029 8.487579017877579 4.998326994478703 2.4439567476511 0.8469268232584 0 0.1823890060186386 0 0.2046846300363541 0.2072255611419678 0 0 210.404067479074 59.27902244776487 21.83001436293125 105.8426079452038 6.267150290310383 119.0374380126595 24.39890693128109 347.1157876253128 19.23850151896477 0.4498516395688057 50.7815208286047 17.56815082579851 0.2597778514027596 31.44128470122814 2.197458848357201 27.32529690116644 4.526431426405907 0 3.460858575999737 1.196541100740433 0
419.1223848462105 833.5155917704105 247.3675887063146 2131.478776842356 358.1534956395626 203.5845291018486 6921.195438161492 44.72942057996988 2269.11455424875 6100.101305820048 818.7935998290777 1820.779054157436 0 3835.626474000514 63.61112026125193 41.53599386662245 4.709878697991371 6.420864216983318 0 1.290549330413342 10.14354712516069 0.1363681554794312 0.9866795763373375 2.720362201333046 22.01590929925442 12.23987304419279 16.98449094593525 1.869940720498562 1.552418194711208 1.159987717866898 87.87545293569565 53.46636690199375 699.0885309949517 0.6927843689918518 2.182983756065369 28.68711031228304 357.5742460265756 35.90496932715178 5.120697893202305 17.03078179806471 13.28029289096594 5.256387941539288 0.3882639110088348 5.410550080239773 0 1.472050793468952 239.8276395052671 9.836100332438946 0.8868610337376595 2.213433943688869 2.487040802836418 0.7002576366066933 1.306011199951172 0.9546503946185112 5.538857243955135 7.355310067534447 25.95234999805689 83.85391837358475 7.647840574383736 22.70127840340137 3.81870636343956 87.57136628031731 0.4599917754530907 28.89163459837437 10.95172043889761 5.958010762929916 5.698273621499538 1.885279268026352 1.590183027088642 6.927539840340614 529.4140195176005 82.19121443480253 0.1936964839696884 85.47752372175455 35.86177949607372 114.9442026391625 91.67862299829721 44.48579172790051 8.603700235486031 372.9998183399439 5.362392701208591 29.82274842262268 19.35964553058147 1.384289376437664 7.901160225272179 9.312610141932964 4.636687681078911 0.195058286190033 1.003383576869965 0.1671419888734818 1.788257941603661 1.205627039074898 2.762287631630898 0.5906493663787842 1.454802483320236 2399.714241065085 41.66887599229813 3.129391014575958 13.67604607343674 113.6641555204988 4.870122708380222 11.94845463335514 18.93154445290565 81.57347383350134 13.85331354290247 185.0141764432192 30.80175876617432 27.38897085934877 160.9240550845861 136.0728027373552 19.30474697798491 199.8063587397337 167.683486238122 214.1740380451083 194.1727227196097 2.073602989315987 4.76103600859642 0.7579918205738068 0.2155444025993347 0 0.1417042315006256 0.2902977019548416 0 1.649512842297554 0.2891178727149963 0.3934985250234604 1.197630971670151 1.929588280618191 0.6556796357035637 1.426253102719784 0.9960616379976273 0.5773814767599106 0.445000171661377 0.1587137430906296 11.64241487532854 50.3277842476964 0 2.402901716530323 4.694413915276527 49.07091817259789 26.1262119859457 120.5431914255023 4.10845360904932 9.066037543118 0.09867657721042633 0 0.3253548741340637 1.495153293013573 1.629169419407845 3.274774342775345 0.1213140264153481 9.067680492997169 19.94940329343081 2.551935620605946 0.1442230045795441 0.1477216929197311 1.192698404192924 0.1141789704561234 0 0 0.2591359466314316 0.4058702886104584 8.670589379966259 0.3138239830732346 5.510208681225777 10.31356859952211 146.1377614289522 4.402906507253647 2.453222930431366 0.2132055759429932 0.4830000698566437 0.528890922665596 0.3945751339197159 0 0.3070017695426941 0 423.5461518913507 26.64379209280014 0 0 0.1219021528959274 154.4398268908262 57.02319674938917 62.86349733173847 10.56903263181448 20.91297385841608 22.62660041451454 9.378992334008217 8.315355338156223 0.807718962430954 0 0 0 0.1186675131320953 0.1256942003965378 0 0.1095263808965683 350.4662157818675 89.0615872964263 40.37131228297949 523.2251423373818 54.84368440508842 601.1794010475278 134.0649067759514 683.7969930022955 119.5686636045575 6.493379779160023 273.8226508200169 33.49786223471165 0.9849287644028664 53.39688017964363 6.001200161874294 50.96788740158081 8.798111334443092 0.7810540199279785 5.974498845636845 5.93203242868185 0.8438137322664261
