0 3950.269042350352 919.1084504500031 1209.806600920856 315.2009456828237 149.4651019871235 1320.958126507699 90.59001096338034 24.12009897083044 1916.673232279718 202.109637349844 139.0834560021758 55.38440454751253 61.59406909346581 2.336347989737988 2.930795483291149 0.4359789490699768 0 0 0.1197074130177498 0.1638540029525757 0 0 0 1.751250095665455 1.448598265647888 0.2432912439107895 0 0 0 643.4050143659115 17.34286075085402 24.49008025228977 0.1771445199847221 0.2670785337686539 3.483142420649529 3.495590269565582 0.4694910272955894 0.8345838636159897 0.8971749320626259 0.2913006842136383 0.1262758076190948 0.190872460603714 0.7655639052391052 0.09882514178752899 0.2788625434041023 83.07859932631254 13.52571945637465 0.08870916813611984 0.3870335221290588 0.4689292758703232 0.1633500009775162 0.09041191637516022 0.1220198720693588 0.2314579635858536 3.615724742412567 83.3166575729847 986.2518047168851 2.520215407013893 14.96670027822256 0.221797838807106 1.007533341646194 0 75.97639186680317 12.6445425376296 10.78418243676424 2.562604255974293 3.121424853801727 0 0.1495998054742813 5.699398122727871 0.1227808892726898 0 214.9069811478257 102.982090882957 37.84154238551855 24.53645746409893 6.650396630167961 7.697391137480736 130.361806511879 0.1448647528886795 13.72143594920635 27.76469430327415 0.4527075886726379 5.50275194644928 4.875534225255251 2.322411127388477 0.0910441130399704 0.8026324138045311 0.3334818333387375 0.1454955488443375 0.1019861996173859 0 0 0 64.12786869704723 3.246300220489502 0.5891813039779663 0 786.6381443813443 0 0 0 0.4146809875965118 0 31.87175478041172 1.747516274452209 0 2.530771374702454 1.21336530148983 0 2.460332833230495 1.402491837739944 2.00223271548748 2.78607377409935 0 0 0 0 0 0 0 0 0 0 0 0 0 0 0 0 0 0 0 0 0 0 0 0 0.4955441951751709 0.85444176197052 1.766444325447083 1.003760695457458 0 0 0 0 0 0 0 0 0.2029520571231842 0.3516776263713837 0 0 0 0 0 0 0 0 0 0 0 0 0.1271391957998276 0.3220212832093239 0 0 0 0 0 0.08064562082290649 0 0 0 2.181523963809013 0 0 0 0 0.5117694139480591 0.8016625270247459 1.207249402999878 0 0 0 0 0 0 0 0 0 0.1673668026924133 0 0 0 1.54583714902401 1.223346471786499 0.1280643492937088 18.7403417751193 14.64867711812258 172.0089862346649 23.82818061113358 851.82641171664 109.443321749568 1.049906171858311 13.492545761168 0.911719024181366 0 0.7466543018817902 0 1.636156916618347 0.1967060565948486 0 0.3838911950588226 0 0
3950.269042350352 0 1197.260959342122 1590.063301563263 2728.346163913608 575.6510908603668 1366.570780411363 179.7369024902582 850.9978564605117 1122.232446089387 1626.387438058853 219.6125565990806 1902.530671313405 1359.385964401066 44.93845543265343 17.99524130672216 1.023145295679569 1.177716262638569 0.1924109905958176 1.315473049879074 2.06192696839571 0 0 1.600757904350758 2.747888050973415 1.813498325645924 0 0.6528950929641724 0.2845176458358765 0 1401.251781269908 195.6053258851171 68.97853676229715 0 0.21205735206604 4.582459278404713 12.41309589892626 1.399017557501793 0.9537870660424232 2.146210238337517 0.8125638663768768 0.5138160139322281 0.124575100839138 6.479487590491772 0.2408483028411865 0.3856453448534012 728.337403960526 51.35051099956036 0.7089582234621048 1.355243675410748 2.97289527207613 0.1982724517583847 0.4317833036184311 0.304900735616684 2.926440849900246 11.34912757575512 17.96384458988905 442.5083567723632 3.799039728939533 66.65826788544655 0.5258164554834366 2.464590646326542 0.2076019197702408 485.1519261002541 35.97505684942007 34.01707752048969 9.272926472127438 10.64789055287838 0.5589083284139633 0.3272507637739182 37.05649910867214 5.236388146877289 0 301.983220256865 214.2612687647343 231.0872192978859 406.6004751771688 59.4608461484313 17.98304230719805 652.6934564337134 2.555229030549526 28.66682336479425 71.36957473307848 1.229948095977306 21.74263274669647 14.82967605441809 13.27355097979307 0.5687420517206192 3.762706369161606 0.5715614557266235 0 0.566227525472641 0.1081187054514885 0.6965574696660042 0 247.5159062147141 2.310525454580784 0 0.6958719193935394 431.915136449039 0 4.46347539126873 1.175379514694214 1.16547816991806 0.9242453426122665 115.7053886428475 8.964161843061447 19.0549276471138 22.20674274861813 46.50629924237728 3.268294245004654 123.1755441576242 52.88931564241648 71.65836203843355 29.87405649572611 0 0.3382939249277115 0 0 0 0 0 0 0 0 0 0 0.2346362620592117 0 0 0 0.2993437349796295 0 0 0.9424709230661392 1.499363109469414 0 0 0 13.42657557874918 1.714175775647163 8.66597867757082 0 0 0.0881877988576889 0 0 0.1420838683843613 0 0.4412172734737396 0 3.368713527917862 7.230881229043007 0.7832856178283691 0.6088254153728485 0 0 0.4854989051818848 0 0 0.1671131104230881 1.826994925737381 0.4431823790073395 0 0 0 8.715389117598534 0.3398317098617554 0.1766224503517151 0.0958850160241127 0.8443513810634613 0.5137897133827209 0 0.2546161711215973 0 0.186614915728569 33.55325805395842 0.6114545464515686 0 0 0.1389424055814743 6.224607527256012 0 2.194062411785126 0.5421105176210403 0.09694794565439224 1.093688786029816 0.1358293741941452 0.08213818818330765 0.3060121461749077 0 0 0 0 0 0 0 30.7543463781476 4.747453108429909 0.5187461823225021 330.2126498967409 83.1464946269989 1145.078970998526 144.411082521081 1309.911694161594 358.4150610715151 5.386257939040661 230.6503476276994 16.83965725451708 0.618739478290081 14.0903889387846 2.559792585670948 8.214630529284477 2.938916206359863 0 5.592263475060463 2.077605411410332 0
919.1084504500031 1197.260959342122 0 10.52380979061127 375.7962070181966 117.6830809116364 113.0246038734913 4263.993739187717 139.6303237453103 22.74601905047894 1225.060929119587 26.62879684567451 75.4724140688777 177.2479810044169 10.83879394084215 16.32956111431122 3.00567539781332 7.308815233409405 0.8101173266768456 67.90342830121517 164.409102588892 0.1107944771647453 12.53395506739616 67.87304859608412 11.93995939195156 15.74700999259949 3.89762170612812 1.429536744952202 0.2289870902895927 0 5540.053390882909 749.6223974525928 123.6503048166633 20.39422008395195 23.47524507343769 26.2483592107892 18.23906445503235 2.959829799830914 3.258700743317604 6.439724519848824 22.66088259965181 3.951460599899292 25.10126280784607 8.072117500007153 6.885846480727196 10.23401117324829 174.663056358695 22.69407961517572 1.145898729562759 13.64401181787252 1.689745754003525 1.936320647597313 0.4238080382347107 1.060463294386864 1.354967765510082 4.94920651614666 18.93404423445463 1076.412811793387 3.022547259926796 32.25999321788549 4.105711534619331 27.88384937494993 6.007302038371563 635.4252681061625 20.14541741088033 17.33452931791544 5.039096172899008 5.300033122301102 13.32415775209665 40.60029958933592 26.06074195355177 1.737114913761616 0.6106560379266739 351.3972371071577 267.3968545421958 108.3698906302452 149.7707667350769 29.99482405185699 516.7245849519968 764.1338942572474 38.09381973743439 830.5299703925848 44.59813155978918 0.4624045714735985 10.46297822892666 6.534518472850323 7.200583316385746 0.4008869454264641 2.331280276179314 0.07465994358062744 0.0847076028585434 0.3300276696681976 5.485203191637993 1.256134040653706 1.105029977858067 49.10986175388098 0.1661193817853928 0 0.7454629242420197 476.5271980687976 0 2.323191404342651 0 0.7725239992141724 0 2.945167310535908 0 2.235346496105194 1.049970880150795 3.766302153468132 0 3.903055004775524 4.41283743083477 6.580972924828529 5.721005037426949 0 0 0 0.1036796793341637 0 0 0 0 0.1239832118153572 0 0.116263173520565 0 0 0 0 0.1516462415456772 0.09776151180267334 0 0.1444214284420013 0 0.1238732263445854 0.4308931455016136 0.1037130653858185 0 3.38641607016325 0.6477753221988678 1.918201148509979 0.4655486866831779 0 0.1517644673585892 0 1.419795550405979 0 0 0 0.4524603188037872 0.1435967534780502 0 0 0.2365161404013634 0.4423723146319389 0.09388042986392975 0.253329761326313 0 0 0 0 0 0 0 0.2336784452199936 1.17662687599659 0 0 0.1582973450422287 0.07070464640855789 0 0 0.09365852177143097 0.09765635430812836 0.2852075397968292 6.17112448066473 0 0.456571139395237 0 0.3422496169805527 0.6793003529310226 0.09198793768882751 0.3676638752222061 0 0 0.1677308976650238 0 0 0 0 0 0 0.35506921261549 0 0 0.2748815417289734 2.402350954711437 0.6244034022092819 1.427506878972054 36.52946645021439 29.85684663057327 250.7659151852131 41.79048551619053 385.7197175621986 114.7979604676366 2.128609545528889 21.01506709307432 1.54760979861021 0.702060379087925 1.515601523220539 0 1.686535492539406 0 0 0.3697788491845131 0.8145252168178558 0
1209.806600920856 1590.063301563263 10.52380979061127 0 179.4683186560869 205.5981616079807 1652.633905366063 0.2541971653699875 11.52712734043598 2447.366631515324 0.4359412789344788 507.4690803289413 235.6692013442516 0.8936637789011002 1.157238349318504 0.1805736422538757 0 0.1633699983358383 0 0 0.1371007859706879 0 0 0 0 0 0 0 0 0 13.45252846181393 3.263688713312149 0 0 0 0 0 0 0 0 0 0 0 0 0 0 23.23506178706884 2.172228798270226 0 0.1805729269981384 0 0 0 0 0 0.5371592119336128 1.914593636989594 16.72059914469719 0.1208679378032684 2.360880590975285 0 0.2289739549160004 0 10.6037228628993 2.293936192989349 1.29067762196064 0.4583082124590874 0.2406705617904663 0 0 0.174461230635643 0 0 14.12971813231707 5.615116737782955 5.833075888454914 9.141147494316101 0.3024173825979233 0 0.1528340280056 0.1467776596546173 0 4.026254191994667 0.1030814126133919 0.6668607667088509 0.8191550448536873 0.4482409209012985 0 0 0.2036454528570175 0 0 0 0 0 47.28330670297146 0 0 0 38.09436847269535 0 0 0 0 0 69.52913275361061 1.600971519947052 0.2579829096794128 2.817895293235779 4.417399927973747 0 2.884685769677162 1.742563053965569 3.721033647656441 0.4747950881719589 0 0 0 0 0 0 0 0 0 0 0 0 0 0 0 0 0 0 0 0 0 0 0 0 0 0 0 0 0 0 0 0 0 0 0 0 0 0.7609845995903015 0 0.1853143274784088 0 0 0 0 0 0 0 0 0 0 0 0.1958926171064377 0 0 0.1200051084160805 0 0 0 0 0 0 0.6298862844705582 0 0 0 0 0 0 0 0 0 0 0 0 0 0 0 0 0 0 0 0 2.435629963874817 0 0 7.484244823455811 2.652528345584869 33.52622888982296 3.320219792425632 224.1776421517134 13.86505232751369 0 6.916151389479637 0.3042166829109192 0 0.5640958994626999 0.1231998726725578 0 0 0 0.1593134701251984 2.006858587265015 0
315.2009456828237 2728.346163913608 375.7962070181966 179.4683186560869 0 46.76023170351982 453.7778478562832 63.91976706683636 5466.37335050106 357.4356652796268 1456.755592435598 172.0076695382595 1602.56971078366 3031.572574846447 56.85740634799004 20.43168760836124 0.2454420402646065 0.8744459599256516 0 0.4048150926828384 0.8440511077642441 0 0.4913629591464996 0.2768660187721252 0.5845285952091217 0.527402825653553 0.4234845638275146 0 0.5521109104156494 0 153.5698757320642 96.27954240888357 19.35249327123165 0.2097203284502029 0 2.969506651163101 5.942168861627579 0 1.047819331288338 0.5700075626373291 0.3902028948068619 0.899439200758934 0.8348844647407532 13.86252651363611 0.128635585308075 0.3175885900855064 426.8949097543955 13.93975441157818 0 0.4895388036966324 1.176568500697613 0.8914631828665733 0 0 0.5212492942810059 2.695227444171906 3.268275544047356 41.29208498448133 0.746240109205246 23.89834269881248 0.1049758046865463 1.992521055042744 0.4301527291536331 140.0512094274163 12.66105332225561 9.987897932529449 3.676916025578976 4.783396922051907 0.50173120200634 0 25.18308590352535 5.910706251859665 0.3603948950767517 64.81497819721699 54.71322714537382 112.9804623052478 249.6118354275823 112.4320970326662 10.38192995637655 427.2759290337563 1.728140778839588 10.30057691037655 19.7347991168499 0.4267200008034706 6.532698735594749 5.692813292145729 5.613883584737778 0.1168557778000832 1.651393443346024 0.2310473471879959 0.2061037942767143 0.3318798542022705 0.295230358839035 0.2495414838194847 0.7221231460571289 218.2716214060783 2.182214483618736 0 0.2646633312106133 21.56177438050508 0 2.133648365736008 2.075803384184837 1.745649456977844 4.439922779798508 87.61986017972231 10.17036458849907 21.08796110749245 22.73153042793274 54.18674919754267 3.198375761508942 172.8968429416418 70.90468129515648 103.7283577248454 40.34689442813396 0 0 0 0 0 0 0 0 0 0 0.2619815170764923 0 0 0 0 0.198475643992424 0 0 0 0.9345477074384689 3.292888656258583 0 0 0 11.87088573724031 2.353183582425117 15.25270773470402 0.3160407543182373 0 0.1302980333566666 0 0 0 0.4940075725317001 0 0 2.848877474665642 9.317326128482819 0.5387016385793686 0.4238283932209015 0 0 0.4375627934932709 0 0 0 0.5780142396688461 0.8879676833748817 0 0.6118115335702896 0.2673873007297516 10.76605230569839 0 0.6465521156787872 0.1161560639739037 0.2900182455778122 0.1798617392778397 0 0.1213809624314308 0 0.128920316696167 44.53837838768959 0.1114322617650032 0 0 0.1626171618700027 5.408953011035919 0 4.758377872407436 1.103473387658596 0 0.7506346255540848 0.13399837911129 0.08457692712545395 1.1145935729146 0 0 0 0.1074663624167442 0 0.2372654229402542 0.1767788827419281 54.41730684041977 5.853553354740143 1.211951345205307 311.5721737965941 78.45865370333195 648.6384680122137 110.5259450674057 234.329551666975 199.805308625102 3.516139775514603 163.330655708909 13.04164149612188 0.8840005248785019 19.48621881008148 3.678419783711433 13.29703316092491 2.186385035514832 0 5.017945654690266 2.892552241683006 0
149.4651019871235 575.6510908603668 117.6830809116364 205.5981616079807 46.76023170351982 0 376.5124369040132 2.786369010806084 40.73514664173126 1292.705381393433 15.60830339789391 428.0302122980356 194.1589813381433 23.46870873123407 0.3023073971271515 0.9405864030122757 0.1719497889280319 0 0 0 0 2.060730621218681 0 0 0.1324188113212585 0 0 0 0 0 32.18457232415676 0.281562551856041 12.01535978913307 0 0 0.3096035569906235 20.29186823964119 0 4.245913401246071 0.3652919083833694 0 0 0 0 0 0 5.284483090043068 0.4482861906290054 0 0 0 5.319798335433006 2.329722717404366 0 0 0.1863209009170532 62.86768233776093 130.2956021279097 3.123926684260368 0.3197072893381119 0 1.226193822920322 0 4.840709298849106 0.9283777922391891 0.781562365591526 0.09599703550338745 0.2554598152637482 0 0 125.1610583662987 42.51700958609581 6.425200924277306 12.47210580855608 3.807170182466507 1.123855441808701 2.676792629063129 0.2112507224082947 0.697162538766861 10.95465319603682 0.9943287372589111 1.506221130490303 2.292484931647778 0.6468479335308075 0.2303304448723793 0.1417167633771896 0.8394185900688171 2.804892241954803 2.002021223306656 6.027886524796486 0.1617363840341568 0.2974730134010315 0 0 0 979.6864485144615 163.2131508886814 14.82445691525936 16.82933606207371 626.8980846554041 0 1.009565830230713 1.246450066566467 0 0 9.776379004120827 0 0 2.507958948612213 5.499171882867813 0 2.769504368305206 1.56115061044693 0.7904974073171616 0.2102245464920998 0 0 0 0 0 0 0 0 0.2099195271730423 0 0 0 0 0 0 0 0 0 0 0 0 0 0 0.2478632181882858 0 0.1366610676050186 0 0 0 0 0 0 0 0 0 0 0 0 0 0 0 0 0 0 0 0 0 0 0 0 0 0.5012127459049225 0 0 0 0 0 0 0 0 0 0.2743663564324379 0 0 0 0 0 0 0 0 0 0 0 0 0 0 0 0 0 0 0 0 0.5316208600997925 0 0 4.05438195168972 1.047820053994656 10.11853444576263 1.742356926202774 214.3720135614276 10.71225732564926 0 0.9935699701309204 0 0 0 0 0 0 0 0 0 0
1320.958126507699 1366.570780411363 113.0246038734913 1652.633905366063 453.7778478562832 376.5124369040132 0 6.13727830350399 898.2816482484341 3968.170679621398 40.00353116542101 1192.019363492727 7307.712192043662 840.0704516097903 34.37838859111071 26.06883455812931 2.222145460546017 0.5061556994915009 0 0.8948709443211555 0.9272733181715012 0.4403243362903595 0.4952847361564636 1.10173873603344 0.2611778378486633 0.6024467796087265 0.1336743384599686 0.1486595869064331 0.3155993819236755 0.1485443860292435 88.98281110078096 59.60210308432579 8.708302870392799 0.1688741743564606 0.2695068567991257 1.170961476862431 4.124721072614193 0 0.7341591119766235 0.4552521780133247 0.4824255406856537 0.8639319688081741 0.6804808601737022 8.809652872383595 0 0.180872455239296 274.5737898647785 12.06073804199696 0.4454931765794754 0.4881403669714928 1.427019201219082 0.4697749465703964 0 0.5522083565592766 0.642813965678215 2.539194986224174 2.180086322128773 46.33139488101006 0.7867489382624626 19.66332231462002 0.672545313835144 1.335455194115639 0 98.54808846861124 10.52778802812099 10.92520033568144 3.585370652377605 4.057226404547691 0.738902747631073 1.30037098377943 16.30215358734131 3.70110759139061 0.339701235294342 54.06641332060099 43.4539957344532 76.82518635690212 146.3315323069692 62.95751661807299 17.30362822115421 51.29914711415768 2.400554515421391 10.58912618458271 15.03769819438457 0.07527181506156921 5.827740900218487 4.364718802273273 4.826168544590473 0.08272041380405426 0.8507909253239632 0.6000797972083092 0 0.342232272028923 0 0.7876447960734367 0.1211264804005623 490.4819400161505 0.5846161916851997 0.2254591733217239 1.208938241004944 84.8190621137619 1.865909352898598 12.48260353505611 57.23198234289885 24.83274835348129 2.520509161055088 120.4345006197691 27.51937341690063 32.58940407633781 60.58391516655684 136.2724891230464 7.472021661698818 418.6855148896575 433.872792430222 224.780953578651 43.09552607685328 0.7574726417660713 0.9513487741351128 0 0.5453301668167114 0 0 0 0 0 0 0 0 0 0 0 0 0 0 0 5.040545798838139 4.195410780608654 0 0.1884516328573227 0 12.02952443808317 2.270197719335556 9.35345671325922 0.4267150461673737 0 0 0.1389914602041245 0 0 0.4411579668521881 0.6635928153991699 0 4.729111365973949 8.249952107667923 1.738025233149529 0.3734797239303589 0 0.1513330042362213 0 0 0.2735700011253357 0 0.8731310069561005 2.543248154222965 0.1448355466127396 0 0 8.675446189939976 0 0.09890206903219223 0.08047359436750412 0.6086265221238136 0.6925646662712097 0.2918200790882111 0.2581616640090942 0 0.3038836270570755 60.5479978248477 0 0 0 0.1495087444782257 9.942279525101185 0.6821439191699028 3.260193452239037 3.792618870735168 1.136973470449448 1.845084615051746 0.7221420034766197 3.133279725909233 0.7430318892002106 0 0 0 0.0814535990357399 0.1909940987825394 0 0.1907950043678284 116.808321595192 7.982753768563271 2.718388497829437 214.4253147020936 53.88687309622765 447.9231654182076 81.46765321493149 467.5949320718646 152.3462512567639 2.37847051769495 114.4666781425476 19.45097931474447 1.355337865650654 21.74514342099428 7.035410352051258 15.30087040364742 3.836357906460762 0 3.200377687811852 6.233925893902779 0
90.59001096338034 179.7369024902582 4263.993739187717 0.2541971653699875 63.91976706683636 2.786369010806084 6.13727830350399 0 70.75582771748304 4.088253065943718 1622.293224602938 18.15349718928337 71.47688096761703 130.2047288417816 90.073426425457 59.98805250227451 7.759067974984646 8.923731341958046 0.98765529692173 47.29979974776506 119.6036178171635 2.11152371764183 12.79873722791672 51.77085498720407 35.53640948981047 31.6408808901906 8.438033923506737 3.161332651972771 0.2518753409385681 1.864974036812782 492.2608585879207 1527.600872412324 213.8244666159153 15.3288374170661 20.95323264598846 80.1470610499382 18.50090242177248 6.044463388621807 4.610888220369816 11.92106055468321 40.06024988740683 3.194109991192818 17.61254700273275 65.76169603317976 8.136225767433643 9.830627031624317 558.5116244256496 12.17685908824205 0.3486499637365341 12.00291875749826 0.9056028202176094 2.908823139965534 1.291356667876244 6.137375771999359 0.3875343129038811 2.314783498644829 1.619646027684212 68.31379014998674 1.231610827147961 20.93389350920916 6.916438147425652 56.14534240961075 7.912332065403461 314.6530223488808 7.361941024661064 8.514248833060265 3.120879836380482 2.770192295312881 12.77549269795418 30.43390110135078 23.15373154729605 2.949510253965855 0.852822408080101 67.47711501270533 70.24975807219744 138.9739780947566 388.2713879942894 545.9131771698594 1201.136174820364 2022.697711721063 181.3519414886832 2394.037687391043 16.38130899518728 0.1775458157062531 5.854960143566132 3.555913008749485 5.893457755446434 0.1560256481170654 1.328922845423222 0 0.6083663925528526 0.3567404970526695 9.89301385730505 2.092574499547482 3.458225890994072 28.84934896230698 1.182948350906372 0 1.439914338290691 21.48082084208727 0 0 0 0 0.1417893469333649 1.841260597109795 0 0.4844782650470734 0.8355555832386017 0.4210305064916611 0.1933962404727936 3.027333699166775 2.452754929661751 3.207110330462456 2.012564957141876 0 0 0 0 0 0 0.1827592104673386 0 0 0.1799246519804001 0 0 0 0 0 0 0 0.2668000161647797 0 1.091078639030457 0 0 0 0 1.334717392921448 1.346032693982124 3.007571555674076 0.505132332444191 0.1992216259241104 0 0.1465037018060684 0.499054528772831 0 0 0.3732681348919868 0 0.537567600607872 0.7206679582595825 0 0.1496691852807999 0.2425731718540192 0 0.3879915922880173 0 0 0 0 0.3079267740249634 0 0.1871173530817032 0.089250348508358 2.397699594497681 0 0 0 0 0 0.1407109349966049 0 0 0.2953012883663177 3.163813330233097 0.1350313574075699 0 0 0.5751179605722427 0.3436647802591324 0.2598586827516556 0 0 0.5794654488563538 0 0 0 0 0 0 0 0.08629293739795685 0 0 0.304582267999649 1.695123016834259 0.3279816657304764 0.1012724786996841 213.9686994552612 38.34056815505028 550.3112755641341 82.64702974259853 89.34090593457222 113.8074182793498 2.183663882315159 161.899939596653 4.139402084052563 0 1.101350337266922 0 0.3742912709712982 0.8916308879852295 0 0.4984112679958344 2.394386067986488 0
24.12009897083044 850.9978564605117 139.6303237453103 11.52712734043598 5466.37335050106 40.73514664173126 898.2816482484341 70.75582771748304 0 450.3357702642679 969.3110211715102 344.4880023002625 6953.19833125174 3463.671915858984 75.72150307893753 69.23216272890568 2.043915502727032 0.6794599741697311 0.1603730767965317 0.564008966088295 2.133986860513687 0.2274819761514664 0.2435626685619354 0.383516326546669 0.7439390420913696 1.922928661108017 0.09763239324092865 0.9588717818260193 0.4127843528985977 0 25.28492529690266 73.79869271069765 22.53267733752728 0.09416570514440536 0.3611075282096863 2.256085477769375 9.642475500702858 0.2888835296034813 0.7795258611440659 0.3353563100099564 1.632776781916618 1.896061673760414 0.5853737071156502 37.4834355711937 0.3857201486825943 0.1173232719302177 338.5619544610381 4.774294525384903 0.1767724305391312 2.307109676301479 1.646599352359772 2.074344396591187 0.1090309917926788 0.2757119238376617 0.2863184064626694 1.527157552540302 0.8055773675441742 8.63701444119215 0.09264354407787323 9.729523129761219 0.2212118729948997 3.077386021614075 0.5766326487064362 47.68984290957451 5.778076760470867 6.84555296599865 1.285169944167137 2.253396138548851 0.4576618522405624 0.8679301738739014 34.09337583184242 6.969069212675095 0.4471497982740402 24.81623630970716 16.29428299516439 85.83766271173954 197.7441951185465 252.3790523186326 64.5477281883359 470.1012346670032 8.849792659282684 32.47553291916847 9.461094386875629 0.2463990747928619 3.587132640182972 1.880756072700024 3.785066954791546 0.2867211475968361 0.885854110121727 0.1195811256766319 0.1040276885032654 1.145464889705181 0.1465056985616684 1.241994097828865 2.003625452518463 423.8155216276646 5.114812806248665 0 0.2354287579655647 7.881990775465965 0.725521594285965 9.308743044734001 12.1356214210391 3.34264674782753 4.950631409883499 127.8031214922667 22.29178354144096 43.07731849700212 50.78663293272257 118.6080086156726 5.8075927272439 304.060149602592 166.8697233572602 158.0512630194426 63.04129128903151 0.2383310794830322 0.7175041735172272 0 0 0 0 0.2859994471073151 0 0.2942333519458771 0.2118867486715317 0 0 0 0 0 0 0 0 0 4.926204420626163 4.02181663364172 0.1240695863962173 0.1313875168561935 0 16.65284444391727 2.154857516288757 16.42363011091948 0 0.1779145002365112 0 0 0.161713644862175 0 0.1403121501207352 0.2308182716369629 0 4.826328456401825 9.029809072613716 0.2655122801661491 0.4142917990684509 0 0 0 0 0 0 0.5583760738372803 0.7504360675811768 0.3844437599182129 0 0 13.98107170313597 0 0.1366303116083145 0.883237324655056 0.3192775994539261 0.3893004357814789 0 0.4289144724607468 0.1535184979438782 0.2231162488460541 78.91093860566616 0.5396252274513245 0 0 0.1525554060935974 8.836390987038612 0.3105876892805099 1.849001750349998 1.878451846539974 0.9141492620110512 1.405773267149925 0.09466906636953354 1.963197872042656 2.37002507597208 0 0 0 0.09622175991535187 0 0 0 115.9258591085672 13.05275439471006 2.409791901707649 396.1589088141918 92.54694513231516 528.3780727796257 127.9649680331349 135.1069206893444 168.381514556706 1.824768088757992 199.5256436094642 15.33647260814905 0.577429510653019 29.7753976508975 6.572587035596371 16.27529090642929 3.436184644699097 0 4.433375254273415 2.676930695772171 0.6872316896915436
1916.673232279718 1122.232446089387 22.74601905047894 2447.366631515324 357.4356652796268 1292.705381393433 3968.170679621398 4.088253065943718 450.3357702642679 0 17.7043769210577 2418.701765313745 4193.474352329969 100.4334737062454 2.989147149026394 5.383164830505848 1.266616389155388 0 0 0 0.5041006878018379 0 0 0.4898796826601028 0.8159642592072487 0 0 0 0 0 34.64852007478476 7.021511256694794 18.16022606194019 0 0 0.7028659582138062 27.6724124699831 0 0 0.413155734539032 0 0 0 1.880771189928055 0 0.1697366535663605 29.45808051526546 3.110575079917908 0 0.1197792813181877 0.1379228383302689 0 0 0.4887079000473022 0.3835026323795319 0.6491957828402519 5.244748048484325 36.42516305297613 0.1208615228533745 2.258346073329449 0.2045075744390488 1.074250638484955 0 16.34455250948668 2.834704414010048 2.143689513206482 0.09135271608829498 0.6595391109585762 0 0 63.11485283076763 0.4368158876895905 0.3011540472507477 20.84613875299692 9.70898762345314 12.26804480701685 12.92993817478418 9.093357019126415 4.080851808190346 14.33256625384092 0.3083381652832031 2.238806337118149 5.896487027406693 0.1355824023485184 0.735921673476696 0.6868052110075951 0.5682479217648506 0 0.355253629386425 0 0 0.2003663033246994 0 0 0 905.3601363450289 2.342699527740479 0 0.9715030491352081 476.0540975853801 0 14.97627256810665 9.996752038598061 4.670229479670525 1.272309839725494 229.0247478783131 47.06329528987408 28.2054744809866 50.36915552616119 171.9919012337923 4.116826385259628 206.879464097321 277.6544173061848 118.0335933938622 21.28697880357504 0 0 0 0.290855348110199 0 0 0 0 0 0 0 0 0 0 0 0 0 0 0 2.669895529747009 0.7814865559339523 0 0 0 5.095730274915695 0.6048203855752945 2.98698216676712 0.569049283862114 0 0 0.1410553604364395 0 0 0 0 0 5.246148332953453 3.492215156555176 0 0 0 0 0 0 0 0.09357268363237381 0 1.531871005892754 0 0 0 2.567294135689735 0.7536119818687439 0.3042476773262024 0 0.1138392388820648 0.09915867447853088 0 0 0 0.6065542101860046 22.60663598030806 0 0 0 0 3.769621886312962 0.3147484660148621 1.097816869616508 1.077563121914864 0.9099104106426239 1.123222395777702 0 0.1218382269144058 0.2898568361997604 0 0 0 0 0 0 0.09925249218940735 126.7171545922756 1.691644728183746 0 28.88542845100164 3.868561126291752 53.1254086792469 11.43958085775375 733.02638386935 20.85303077846766 0.1518961042165756 13.99121645092964 6.152997061610222 0 12.97828948497772 0.7399543672800064 20.4842673689127 2.236404001712799 0.2578181326389313 3.178916946053505 24.04352074861526 0
202.109637349844 1626.387438058853 1225.060929119587 0.4359412789344788 1456.755592435598 15.60830339789391 40.00353116542101 1622.293224602938 969.3110211715102 17.7043769210577 0 159.2099006101489 913.7308838292956 1732.450514890254 41.50664164125919 35.00755444169044 3.572992168366909 0.3570085912942886 0.3371884897351265 0.8113190904259682 5.830682285130024 0 0.8995745256543159 2.421478547155857 7.446564316749573 2.99547778069973 1.290071934461594 0.4248212873935699 0 0.1009524166584015 191.0625909864902 213.4309557750821 293.2143206000328 0.1220711246132851 1.252269566059113 19.64284244179726 46.26685623824596 2.975584872066975 2.973660103976727 3.902473241090775 1.92201666533947 0.251359649002552 0.9647341668605804 27.7400783970952 0.3210213035345078 0.6093480363488197 212.2571237310767 4.252049908041954 0.5249728113412857 0.6226217746734619 0.4077072963118553 1.148573808372021 0.8180161714553833 0.3326008319854736 0.4113960787653923 0.9654269367456436 0.7131152451038361 26.84026345610619 0.4543447047472 8.608697690069675 0.1233661025762558 7.124626889824867 0 68.53323699533939 3.621634997427464 4.088802121579647 1.027493804693222 1.352295354008675 0.4526854977011681 2.57033783942461 81.93082930147648 3.184841334819794 0 27.989746324718 27.17909448593855 53.25871782004833 125.7546919882298 139.5704868137836 172.9671588018537 2699.841924548149 11.45519252121449 695.1540701016784 6.577374093234539 0 2.837606117129326 0.9455780833959579 1.468396037817001 0.0930103212594986 0.2625983357429504 0 0.4657851606607437 0.3999976962804794 0 0.2545573711395264 0.5710795521736145 136.5741735547781 1.331481963396072 0 1.297757536172867 18.08091653138399 0 0 1.032169863581657 1.114834561944008 0.146154522895813 22.48011466115713 2.716175392270088 8.864184528589249 4.331933557987213 14.91482995450497 2.373949527740479 41.70107144117355 15.14051780104637 29.47621868550777 11.56667448580265 0 0 0 0 0 0 0.1485476642847061 0 0 0 0 0 0 0 0 0.2478517591953278 0 0 0.0980832576751709 1.513059556484222 0.4017870649695396 0 0 0 2.520907804369926 0.4021985530853271 4.67241483181715 0.1295338422060013 0 0 0 0 0 0.2160436660051346 0 0 1.412367925047874 1.348229795694351 0.3901522755622864 0 0 0 0 0 0 0 0.1702053248882294 0.1852438747882843 0 0.09715030342340469 0 2.29393257945776 0 0.1945458352565765 0 0 0.2267888933420181 0 0 0 0 12.47417494654655 0 0 0 0 1.602763161063194 0.629689633846283 0.7792033553123474 0.5176064670085907 0 0.1421159505844116 0 0 0 0 0 0 0 0 0.09177209436893463 0 14.73580441623926 0.2924444675445557 0 248.4211090430617 29.90441147983074 278.2944694682956 57.0377067103982 94.8742461130023 74.06212537735701 1.227872341871262 122.3171282038093 5.690510533750057 0.8158823549747467 4.540823839604855 0.8738198727369308 3.72393487393856 1.311608731746674 0 2.08079320192337 1.163541577756405 0
139.0834560021758 219.6125565990806 26.62879684567451 507.4690803289413 172.0076695382595 428.0302122980356 1192.019363492727 18.15349718928337 344.4880023002625 2418.701765313745 159.2099006101489 0 2137.613946288824 362.978512853384 35.07047795504332 67.48200468719006 9.009650975465775 1.221544571220875 0.1420662552118301 1.124390043318272 5.409934729337692 0.4150377213954926 1.051399737596512 2.392367452383041 18.79684518277645 2.469588786363602 3.101648986339569 2.324972197413445 0.616625189781189 0.59535001963377 9.690850488841534 53.85145968943834 114.9970169886947 0.2764915078878403 1.640848845243454 45.8633706048131 217.2042379528284 9.510982051491737 9.918195895850658 14.70438003540039 14.37164209783077 0.4204561412334442 0.2506915852427483 17.12504640221596 0.970267578959465 0.3838903307914734 116.6861018687487 2.973788268864155 0.1461616158485413 0.5757912397384644 0.1334035247564316 1.548725664615631 1.316290207207203 4.903324112296104 0.0968146026134491 0.2914245948195457 0.51275934278965 8.412809908390045 0 2.917654804885387 0.8712509423494339 30.2993857562542 0.3901277780532837 30.20166854560375 1.147900126874447 1.534786194562912 0.5613067746162415 0.3507989123463631 0.9867456927895546 1.300036355853081 141.3909814655781 37.99640870094299 0 16.9944120272994 6.552668035030365 18.27658169716597 63.69820214062929 64.90314879268408 25.98123061656952 438.0975141599774 3.787457272410393 31.66875154525042 2.264390520751476 0.2673966586589813 0.9729464277625084 0.439456395804882 0.4577228277921677 0 0.2621803879737854 0 0 0.09721403568983078 1.034609034657478 0.6168629229068756 1.10330556333065 2221.843904815614 21.9758360683918 0.7514444291591644 5.74657391756773 46.01768597215414 0 14.8151026815176 8.332037851214409 2.725335270166397 2.993112169206142 126.4736107215285 25.42583593726158 24.34085723012686 33.76175154000521 123.961253926158 5.558722592890263 214.5972409173846 109.0124489963055 139.5163398012519 47.1418885961175 0.1278071701526642 0.363835483789444 0 0 0.3884114921092987 0 0 0 0.2683459222316742 0.1117571219801903 0.447347030043602 0 0.1224810928106308 0.3977179229259491 0 0 0 0 0 2.25157867372036 2.368140242993832 0 0.1571455001831055 0 18.11761423200369 1.97527102380991 19.84388367831707 0.4993695393204689 0 0.2189582139253616 0 0.1489774137735367 0 0 0.1949830055236816 0 4.238406077027321 6.492254003882408 0.3209694772958755 0 0 0 0.6847235709428787 0 0 0 0.2049238830804825 1.750357896089554 0 0.1169537082314491 0.2785832732915878 11.0030210763216 0.5472795441746712 0 0.5148609951138496 0.09264234453439713 0.2203167378902435 0.1416276693344116 0.1174670830368996 0 0.7709649950265884 56.20981673151255 0 0.1396109163761139 0 0 6.305778585374355 0.155218780040741 5.323472753167152 0.7356720268726349 0.9031529128551483 1.000988185405731 0.2219549715518951 0.4879582822322845 0.2391959577798843 0 0 0 0 0 0 0.1606837809085846 136.1669823974371 8.792891040444374 2.60537625849247 156.0616299957037 11.93365063518286 216.453715570271 44.05882749706507 143.8815199881792 57.15832155197859 1.754719734191895 134.0262592956424 11.59559364616871 1.163776472210884 12.3460121229291 2.326762802898884 18.27024115622044 2.594642296433449 0 5.146349854767323 1.899410612881184 0
55.38440454751253 1902.530671313405 75.4724140688777 235.6692013442516 1602.56971078366 194.1589813381433 7307.712192043662 71.47688096761703 6953.19833125174 4193.474352329969 913.7308838292956 2137.613946288824 0 4431.852019168437 95.35134810209274 183.1486786976457 14.55121953040361 1.553677327930927 0.1222564578056335 2.508941441774368 9.669766053557396 1.096054822206497 1.238826297223568 4.529388844966888 22.77358622848988 6.142448432743549 3.841874785721302 1.612233750522137 1.431868024170399 0 29.24995463341475 166.6645400077105 511.7619180008769 0.5180696025490761 2.242604210972786 55.76295953989029 133.9661182016134 5.987294085323811 8.15100334584713 12.03084219992161 8.657400399446487 2.032112248241901 1.019558325409889 62.6444853618741 0.5411844030022621 0.697641909122467 269.4789903238416 5.345816127955914 0.3260668590664864 1.567647725343704 0.9567335918545723 0.7822795808315277 1.48101270198822 2.188366182148457 0.2115188241004944 1.06352923065424 1.617680370807648 15.57328352332115 0.1098964363336563 6.66005927324295 0.3503580391407013 26.16634675860405 0.7135609090328217 99.76849228143692 3.432874575257301 2.9004220739007 1.575700521469116 2.554613932967186 0.5297191888093948 1.493973352015018 158.4259936660528 20.61847563832998 0.1484672427177429 16.77472175657749 17.0351324826479 58.47780530154705 225.2011653631926 251.6538666784763 197.0208541676402 1402.219801314175 12.21631333976984 107.9433589428663 3.967602156102657 0 2.131158158183098 1.583309523761272 2.237184502184391 0.08792759478092194 0.6526012793183327 0 0.5032630935311317 1.077582940459251 0.8745288401842117 1.094954162836075 1.131099537014961 2429.644809231162 11.5009578615427 0 2.369744561612606 28.47210571914911 1.146231830120087 11.10966031253338 12.7604147195816 7.822388455271721 6.083148017525673 223.6434094980359 37.06268788129091 49.20726426690817 64.36801658570766 186.5543496757746 11.11558600515127 401.2549329698086 233.5743270218372 266.0821758955717 75.3735196813941 0.2281079590320587 0.4144153892993927 0 0 0.1891600787639618 0 0.2875518351793289 0 0 0 0 0.1437509953975677 0 0 0 0 0 0.4205305874347687 0 1.99808044731617 5.468501470983028 0.1979830041527748 0 0 22.37104350328445 3.226878076791763 24.12174692749977 1.009416222572327 0.1011679843068123 0 0 0.2318596094846725 0 0.5801980197429657 0.4330269694328308 0.1041102930903435 6.028949424624443 10.03947162628174 0.5631643906235695 0.1928633898496628 0.305366225540638 0 0.1101167649030685 0 0 0 2.149611830711365 1.839613102376461 0 0 0 13.02374441921711 0.1236994564533234 0.3668700456619263 0 0.217839777469635 0.3657227158546448 0 0 0 0.1616135388612747 96.3970315605402 0.1284757703542709 0 0 0.1316736042499542 9.537997327744961 0.771908700466156 2.858728863298893 2.227438800036907 0.7563342079520226 2.428370110690594 0 1.552008204162121 1.437522515654564 0 0 0 0.0891856923699379 0.1466066837310791 0.2870492041110992 0.3408700525760651 225.2903188765049 16.94418934732676 3.628305092453957 423.3050672933459 72.76128854602575 502.1673661693931 154.2432882860303 145.5058472976089 123.5744917243719 2.671592734754086 259.8538445606828 20.40157528221607 1.162191800773144 28.48810835927725 4.814332358539104 19.56107980757952 3.724758327007294 0 6.16851732134819 5.803224988281727 0.1435560435056686
61.59406909346581 1359.385964401066 177.2479810044169 0.8936637789011002 3031.572574846447 23.46870873123407 840.0704516097903 130.2047288417816 3463.671915858984 100.4334737062454 1732.450514890254 362.978512853384 4431.852019168437 0 69.71489465981722 96.69312969595194 8.607453353703022 0.2579060643911362 0.368126854300499 1.723837696015835 6.477704890072346 0.2005041092634201 1.204127013683319 4.346853598952293 16.21722505241632 2.995315000414848 2.131352193653584 2.075924165546894 0.7982237711548805 0.1371665745973587 47.18063981831074 91.69993072748184 301.1397715657949 0.5324432328343391 1.334926038980484 32.53245031088591 473.5905277058482 3.387870937585831 10.69133910536766 8.672885827720165 5.734737023711205 2.416680946946144 0.5247956216335297 49.99212143570185 0.2151598855853081 0.2965930849313736 234.2518142312765 3.047841377556324 0 1.856192827224731 0.7773480787873268 0.4964990168809891 1.136214390397072 2.238534040749073 0.1053497195243835 0.4875243902206421 0.5025645866990089 9.55614472925663 0.1038839593529701 6.086038291454315 0.108660452067852 16.22527080774307 0.8926056623458862 61.19340103119612 2.884592451155186 2.227661058306694 0.5315495282411575 1.596162192523479 0.1030139029026031 2.559708528220654 193.0047631338239 11.52338771522045 1.034007400274277 17.7272377088666 15.64117011427879 51.00293213129044 157.0041737705469 224.5322903096676 179.632313542068 1253.240883328021 12.73281138390303 170.6672907993197 4.413550458848476 0 1.769267536699772 0.5606031566858292 2.067242078483105 0 0.5804501622915268 0 0.1211163476109505 0.2615120336413383 0.2097752392292023 0.4771043658256531 0.8574580699205399 447.2833884954453 7.360068902373314 0 4.673986427485943 5.103512465953827 0.602955162525177 3.052294805645943 3.438318580389023 2.860687807202339 1.144985899329185 60.76151494681835 7.189330324530602 13.16544011235237 16.67965257167816 42.79113999009132 3.470666080713272 115.3189192935824 55.37881809473038 88.62885461002588 30.7069933488965 0 0.1316442340612411 0 0 0 0 0 0 0 0 0 0 0 0 0 0.1840163916349411 0.1227986365556717 0 0 1.418402306735516 3.293916240334511 0 0.1117212325334549 0 9.054308198392391 1.371462091803551 9.705546908080578 0.8162902444601059 0.135129451751709 0.1329160928726196 0 0.5135641098022461 0 0.133610799908638 0.1771060526371002 0 4.066402666270733 5.216628111898899 0.6647655367851257 0 0 0.2573784813284874 0.197088748216629 0 0 0.2805939316749573 0.2789876163005829 0.3414856567978859 0 0 0.1275003105401993 8.043808028101921 0 0.2544189691543579 0.124494656920433 0.2902315258979797 0.2818674221634865 0 0.1945101022720337 0 0 42.56289158016443 0.08972916007041931 0 0 0 3.876438491046429 0.4074089527130127 2.408757105469704 0.2844866812229156 0.5283736363053322 1.054413810372353 0 0.110836036503315 0.669267512857914 0 0 0 0.2392992004752159 0 0 0.8445773422718048 64.37227544933558 4.968587651848793 1.287162408232689 343.9310591369867 52.28321378678083 396.0322836562991 109.1012204885483 94.71831206232309 115.0373497903347 1.574508741497993 195.9754779934883 15.46675442904234 0.2599464654922485 12.80924941599369 2.561463087797165 8.607941791415215 1.699541486799717 0.3285580575466156 5.38289288431406 2.688543111085892 0
