0 2879.630337618291 486.6143214851618 476.7956573665142 134.0023280605674 337.4966913759708 1356.228273898363 163.6064632833004 76.28822964429855 1414.846113115549 123.7574878260493 114.1518543958664 693.9446310251951 115.9401762261987 6.642434865236282 1.012873396277428 0.2566706761717796 0 0 0 0.1483273506164551 1.478226542472839 0.5168783962726593 0.3387786597013474 0.8015681356191635 0 1.780475929379463 0 0.1342750936746597 0.1121753007173538 185.2191592380404 28.4880703613162 44.79939516633749 0 1.346094518899918 0.4634406864643097 12.56606256961823 1.023056864738464 1.430526837706566 0.3086846321821213 0.9148245304822922 0.9800462126731873 0 0.343305230140686 0 0 13.48931692540646 4.740311682224274 0 0 2.579256601631641 5.866095751523972 0 1.087337881326675 0 2.360168196260929 365.9310719668865 696.6031948626041 41.02231293916702 9.463977657258511 0.1908246874809265 6.321364380419254 0 1.498962633311749 4.729429744184017 2.210233122110367 11.68240532279015 5.931304022669792 1.435845986008644 2.696167379617691 27.0743200480938 12.51381440460682 0.1841391324996948 344.6454612389207 32.05973274260759 31.23247019946575 4.441648878157139 3.578693583607674 5.010067962110043 457.2749187499285 0.4766853451728821 39.89322084933519 2.0859105437994 0 1.557248502969742 4.609063789248466 2.057924889028072 1.186063468456268 8.527117520570755 2.011264249682426 4.892932660877705 5.822631388902664 2.310314103960991 8.500600174069405 4.055722787976265 108.3542918860912 7.687558710575104 0 0.6728772521018982 1583.829658120871 0 0 0.3224631398916245 0 0 70.54648119211197 1.091435641050339 3.111191481351852 86.91820801794529 4.264055296778679 0 9.100216060876846 4.210128232836723 4.746991276741028 0.7435940355062485 0 0.137242779135704 0 0 0 0 0.1218566969037056 0 0 0.1640704423189163 0.1761733144521713 0 0 0 0 0 0 0 0 0.3515928536653519 0.8659427165985107 0 0 0 0.5374371036887169 0 0.6850115656852722 0 0 0 0 0 0 0 0 0 0.4102388620376587 0 0 0 0.5091492831707001 0 0.5788220390677452 0 0 0 0 0 0 0.2904641330242157 0 1.772714301943779 0 0 0 0.2914726138114929 0 0 0.2852427065372467 0 0.1844671815633774 3.661935903131962 0.4041590839624405 0 0 0.1725326180458069 0 0.6322308778762817 0.6718129515647888 0 0.2926689684391022 0 0.8251786828041077 0 0.1241664886474609 0 0 0 0.2044223845005035 0 0 0 1.727042734622955 0.1906914561986923 0.1371659189462662 153.8137078285217 11.41524074226618 158.6840934380889 3.350914232432842 1945.636757709086 124.3688039928675 2.089197918772697 10.97584761679173 3.424346745014191 0 1.330473847687244 0 8.437136769294739 0 0.09771587699651718 0 1.397162795066833 0.6366137862205505
2879.630337618291 0 1010.376999117434 188.0254083573818 1386.177628703415 834.3176671117544 3411.243280798197 351.5564062744379 634.5653138682246 476.528418302536 1182.307015568018 68.64774782210588 2347.762662269175 1390.693726047873 38.36370491981506 3.627204038202763 0.4290983825922012 1.286739714443684 0 0.8782815784215927 1.052087999880314 3.26218219101429 0.5703480392694473 0.1487597674131393 1.688891232013702 0.7683315798640251 5.727870896458626 0.1583887934684753 0.7414858192205429 0.8858713880181313 1787.727034121752 213.4122587814927 211.0342793986201 0 2.268459677696228 0.4029521346092224 46.30464967340231 2.500235080718994 3.233432203531265 0.8458195179700851 0.6064393147826195 0.2173727452754974 0.3093137741088867 0.4458089768886566 0.3368128538131714 0.295058898627758 127.0648204386234 15.46929284185171 0 0.8995133265852928 15.50055584311485 12.64697469770908 0.6554538011550903 0.5975342839956284 0.751906655728817 7.296878464519978 237.6580919995904 957.0045056864619 52.25443207472563 52.62191159278154 0.6241156831383705 27.53669515252113 0 16.00416604429483 15.96557705104351 10.37701357156038 39.90524077415466 20.51976571977139 0.8440674841403961 2.102552682161331 157.3207647874951 4.360189020633698 0.9952550977468491 530.0566270872951 159.5634716078639 213.8422832936049 52.71057473868132 9.770263478159904 20.7682690769434 2243.572372816503 0.388550877571106 104.1865246221423 11.08953896164894 0.5940913185477257 5.547508709132671 16.85224851220846 6.368173837661743 0.5266841799020767 28.80829514563084 3.106054574251175 7.831708528101444 5.530790455639362 1.826373502612114 12.34260889142752 6.110345855355263 115.778116196394 3.535768106579781 0 0.3931640833616257 1723.575260668993 0.3782882839441299 1.224103212356567 1.278945274651051 2.350168377161026 0.8891353011131287 56.74739806354046 1.902308508753777 7.523383766412735 28.03644818067551 8.61745585501194 0.3611457943916321 20.59309986233711 17.60311682522297 23.47355102747679 5.531407952308655 0 0 0 0 0 0 0 0 0 0.3724767565727234 0.19493268430233 0 0 0 0 0 0 0 0 0.1120882630348206 0.6924826055765152 0 0 0 4.583058513700962 0 3.813731253147125 0.9240636676549911 0 0 0 0 0 0 0 0.1502242535352707 0.7722447663545609 1.242605306208134 0 0.1975465565919876 0.7086552381515503 0.2090202271938324 0 0 0 0 0 0.3832199275493622 0 0 0 7.275225833058357 0 0 0.1242167577147484 0.09630589932203293 0.1115275919437408 0 0.09903478622436523 0 0.6032822132110596 15.06410802900791 0.645126536488533 0 0 0 5.332121610641479 4.270005524158478 2.102308839559555 0.3525805175304413 0.7211993038654327 1.734231606125832 0 0.8025183230638504 0 0.08505077660083771 0 0 0.3492386043071747 0.09287562966346741 0 0 8.952403277158737 2.414447464048862 0.5185742527246475 404.7385910898447 73.91555593907833 955.7683273404837 31.96590341627598 1986.048620447516 368.6079942137003 13.45961630344391 169.7921245843172 8.780315235257149 0.8779654651880264 3.375597707927227 1.094072610139847 9.020585484802723 0.5793906897306442 1.033745266497135 1.484534688293934 8.140932962298393 2.741473883390427
486.6143214851618 1010.376999117434 0 4.015298776328564 726.4398224800825 33.94172762334347 166.0110406577587 1873.286001525819 370.5222570151091 6.170772656798363 1982.85698004812 2.359364904463291 275.066077567637 765.2899682894349 33.68464195728302 5.581848993897438 1.088377043604851 0.9556883424520493 0 3.12506677955389 14.86000780761242 7.946141704916954 5.414620414376259 5.079715773463249 11.32358156889677 4.156285181641579 25.39537082612514 3.688162222504616 0.9022337943315506 1.872306525707245 2133.811786837876 1252.667532354593 204.0841381475329 0.7455768585205078 16.75225324183702 1.745262876152992 111.1628766134381 3.720301881432533 7.091263175010681 2.087973773479462 15.06993213295937 5.808122023940086 1.330638363957405 3.10072784870863 0.3188368529081345 0.8372869044542313 82.30578910559416 8.792484633624554 1.098452851176262 3.137691207230091 13.48809321969748 27.91250021010637 1.262312605977058 3.838430553674698 0.3468670547008514 4.213538013398647 91.21612565219402 689.900055795908 21.07209894061089 28.62062758207321 3.179039292037487 98.58537242561579 0 49.86450377106667 5.966322682797909 3.659793749451637 22.14287102222443 17.86940839141607 10.60618177056313 41.44499953091145 83.24211625754833 11.35424915701151 1.629631534218788 252.5120903179049 149.8643635362387 133.996274702251 52.41743975132704 26.21985922008753 67.63106614351273 4285.322030901909 6.502287402749062 574.0134699940681 6.249646589159966 0.08290527015924454 3.234381549060345 7.104942783713341 5.101480357348919 0.5534617528319359 16.1112472191453 7.307643234729767 27.38548804819584 25.94557170569897 32.78086420893669 81.07284482568502 37.70522940158844 19.91327282786369 10.46743413060904 0.4787378013134003 1.829452157020569 344.8518351763487 0 0 0.7073210403323174 0.2156711369752884 0.3726880848407745 6.043923154473305 0.4048963636159897 2.947681777179241 4.213548362255096 2.370505630970001 0.3115254789590836 7.354339227080345 7.947856299579144 13.30023927241564 5.070971794426441 0 0.1149124130606651 0 0 0 0.1308737248182297 0.1236270740628242 0 0.7421296387910843 0.1170065104961395 1.402786612510681 0 0 0 0 0.5426586419343948 0.2877313792705536 1.278110407292843 0 0.5044583827257156 0.707437090575695 0 0.1130265444517136 0.3766987696290016 5.568074204027653 0.3060939610004425 5.112649120390415 1.128581427037716 0.801255039870739 0.3885211646556854 0 0.1290879249572754 0.2557528614997864 0.1013019680976868 0 0.6462738066911697 0.5953506752848625 1.464309617877007 0 0 1.938651204109192 0.3722010254859924 1.645036742091179 0 0 0.08544650673866272 0 0.1783844232559204 0 0.3884078562259674 0.7271749004721642 6.957503490149975 0 0.1419618278741837 0.1620689928531647 0 0.5599712282419205 0.3992609828710556 0 0 1.419548720121384 17.5051458850503 2.097991332411766 0.8991610705852509 0 1.213389255106449 1.371153749525547 4.542797856032848 5.032690137624741 1.025918021798134 2.351052232086658 0.8673018291592598 0 0.5032593160867691 0.3792611956596375 0 0 0 0.1191814169287682 0.948461689054966 0 0.4037661552429199 6.486488342285156 0.6246400326490402 1.711434684693813 206.1324689090252 45.97379861027002 479.621630936861 25.69789385050535 343.6390793099999 162.0198155045509 7.015581801533699 86.09835206717253 5.507648721337318 0.4754021465778351 4.88434810936451 0.9111740738153458 9.26802821457386 1.000434920191765 0.5590613186359406 0.7378097176551819 6.034935042262077 1.968647599220276
476.7956573665142 188.0254083573818 4.015298776328564 0 39.71414130926132 493.1380140781403 630.9264260232449 0 198.8003662973642 1248.121151521802 9.751227676868439 191.585189640522 1145.703795850277 104.6991940587759 0 0 0 0 0 0 0 0 0 0.3005956411361694 0 0 0 0 0 0 1.668867528438568 0.492839977145195 0 0 0 0 0 0 0 0 0 0.184283435344696 0 0 0 0 2.909871190786362 0.1271194964647293 0 0 0.2219759970903397 0 0 0 0.3685378804802895 0.4456790909171104 6.355112828314304 10.62785249203444 1.448167011141777 0.8574681133031845 0 0 0 0.3751821219921112 0.2094340026378632 0.3990518674254417 0.8267442211508751 0.3450150340795517 0.2246179431676865 0 19.31782567501068 0.6105117201805115 0 16.73131833225489 2.158689692616463 4.937687404453754 0.5896529257297516 0 0 11.81439086794853 0 0.1533990651369095 0 0 0.5299118384718895 0.2959392592310905 0 0 0.6383104473352432 0 0.1075624451041222 0 0 0.1229851096868515 0 149.4973721653223 0.9615022242069244 0 0 66.83082178235054 0 1.163777112960815 0.5123361349105835 0 0.6247602701187134 16.42181257903576 0 1.908631086349487 15.90553137660027 2.630657017230988 0 5.960584163665771 5.013475641608238 6.98978428542614 0.6683195531368256 0 0 0 0 0 0 0 0 0 0 0 0 0 0 0 0 0 0 0 0 0 0 0 0 0.5620748400688171 0 0.498177781701088 0 0 0 0 0 0 0 0 0 0 0 0 0 0 0 0 0 0 0 0 0.2147505581378937 0 0 0 1.552938714623451 0 0.1631143540143967 0 0 0 0 0 0 0 3.528249353170395 0 0 0 0 0.4226296097040176 0 0.5026372969150543 0 0 0.2356117367744446 0 0.1948966383934021 0 0 0 0 0 0 0 0 3.843745738267899 0.5930376052856445 0 50.56133833527565 2.025606982409954 45.97142953425646 0.3579947054386139 382.2101976200938 15.52044501155615 0.6275861859321594 6.014396280050278 0.5370038151741028 0 0.1915342062711716 0.1258604377508163 3.272768750786781 0.739631712436676 0.1765507906675339 0 0 0
134.0023280605674 1386.177628703415 726.4398224800825 39.71414130926132 0 30.67785719037056 1451.619862109423 262.6279902234674 6966.602190822363 331.8522465378046 5044.508865267038 73.76554464548826 1429.456198595464 2448.329941391945 23.97805509716272 0.7943645119667053 0.2694371342658997 0.8636024296283722 0.4027034640312195 0.1463510394096375 1.997580602765083 0.2056073397397995 0.1262215971946716 0.3162413910031319 0.1164781749248505 0.8469585031270981 1.121563300490379 0.5663139671087265 1.256196171045303 0 101.9570467248559 108.1556025668979 23.49744267761707 0 0.198750376701355 0 3.71799124032259 0.2856405675411224 0.3776185289025307 0 0.5466437935829163 1.586134411394596 0 0.1374895423650742 0.09999136626720428 0 108.6861957460642 4.307769261300564 0.174103781580925 0 4.488688744604588 0.7169608473777771 0.1089044064283371 0.7592832148075104 0.09627548605203629 1.051566131412983 9.246762596070766 57.25922758877277 4.763919718563557 26.71290422230959 0.524254322052002 2.98531199246645 0 13.05329175293446 3.558141365647316 2.666233092546463 12.66127017885447 9.616377599537373 0.6251276880502701 0.8121474161744118 36.09485384076834 2.545999705791473 0 64.01609968394041 39.30801144987345 102.0973651409149 48.44178446382284 3.267174795269966 1.51156098395586 1386.305637031794 0.6489505246281624 4.334200523793697 2.735355459153652 0 1.452102907001972 4.359492778778076 1.934882692992687 0.1376943588256836 10.26058354228735 0.2061150372028351 2.736278496682644 1.451254338026047 1.904184870421886 1.044598311185837 1.298192620277405 146.6367126852274 2.993873700499535 0 0 21.52199500799179 0.1427827924489975 0.3511979281902313 5.297439366579056 3.826282531023026 2.165956221520901 41.55088013410568 2.669356822967529 23.73189026117325 43.51146584749222 37.24337956309319 1.070974245667458 65.10445779561996 66.55007061362267 77.39145167917013 20.55006182193756 0.3481593132019043 0.5137984454631805 0 0 0 0 0 0 0 0 0 0 0 0 0 0.2545523941516876 0 0 0 1.014004692435265 1.639362499117851 0 0.1475250720977783 0.1418284326791763 9.060680575668812 0 4.506114684045315 0.1559786647558212 0.4590329527854919 0 0 0 0 0 0 0 1.612608015537262 2.884619452059269 0.4145580530166626 0 0 0 0.1423148065805435 0.1618305593729019 0 0.1857443004846573 0.4006522744894028 1.160568535327911 0 0.2128222435712814 0 15.15769208967686 0.2028789073228836 0.8461884260177612 0.7533134818077087 0.4285947531461716 0.7097238451242447 0.105664037168026 0.1993327811360359 0 0 56.97679221630096 1.025144875049591 0 0 0.1405803561210632 10.06741371005774 8.060655236244202 7.49582839012146 1.204928860068321 2.938217923045158 4.251965180039406 0.3240519762039185 0 0.4021541327238083 0 0 0 0.1115235239267349 0.09933897107839584 0 0 38.59964147210121 7.379460379481316 1.674314573407173 472.3864973932505 50.57144567370415 557.8620590046048 33.01015032082796 244.1508461758494 162.5177515819669 13.51518027484417 150.4696324616671 11.9717692732811 1.682919844985008 14.46046096086502 0.794047549366951 30.49547630548477 1.320142641663551 0.2016952484846115 1.573930650949478 12.46546150743961 1.894011795520782
337.4966913759708 834.3176671117544 33.94172762334347 493.1380140781403 30.67785719037056 0 427.7139091342688 4.277728021144867 49.18878825008869 1097.545536309481 11.22589989006519 424.8918593674898 525.8088058233261 53.69337227940559 0.9021231234073639 0 0 0 0 0 0 2.546104148030281 0 0 0 0 0 0 0 0 5.639003068208694 0.3510347008705139 24.63644206523895 0 0 0.1827573627233505 28.05205078423023 1.863752990961075 11.54293002188206 0.7260366380214691 0 0 0 0 0 0 0.5129668563604355 0 0 0 0.2189835608005524 7.048624560236931 0.1994775831699371 0 0 1.275909394025803 20.36903113126755 17.20370052754879 1.023045569658279 0.2423367649316788 0.791518896818161 10.26447075605392 0 0 0.115583561360836 0 0.4778745397925377 0.1193106472492218 0 0 157.4399212002754 183.6615048497915 8.296975739300251 10.63647470623255 1.620063081383705 2.843683138489723 0 0.3897369503974915 0 28.69724425673485 0 2.481748461723328 0.12296462059021 2.375702194869518 0 0.4190154224634171 0 5.436844952404499 4.671159081161022 5.777478776872158 2.733791053295135 1.326173380017281 0 0 0 279.006309941411 6.441067308187485 5.479707300662994 6.484122022986412 125.4799155890942 0 0 0 0 0 17.01354709267616 2.105678379535675 2.405084758996964 12.907909527421 2.935628592967987 0 4.100746884942055 3.054511979222298 3.752642586827278 0.151415690779686 0 0 0.2501501142978668 0 0 0.1866201311349869 0 0 0.2590968012809753 0 0 0.4190957397222519 0 0 0 0 0.2531457841396332 0.671708270907402 0.5184400081634521 0 0 0 0 0.1324161440134048 0 0 0.9864669591188431 0.9652893096208572 0.4133137986063957 0 0 0 0 0 0.3835161030292511 0 0 0.173833355307579 0.3625509142875671 0 0 0.1851612329483032 0 0 0 0 0 0.5339334607124329 0 0.4031751751899719 0 0 0 0 0 0 0 0 0 0 0 1.556772708892822 2.361353367567062 0 0 0 0.2641167938709259 0 0.40093132853508 0 0.5670862793922424 0.2604950964450836 0 0 0.2971203625202179 0 0 0 0 0 0 0 1.423089474439621 0 0.3586959391832352 78.20652374625206 2.023063845932484 10.33250897377729 0.8672048449516296 235.1827414035797 11.35498341917992 0.16685451567173 2.018169894814491 1.909241691231728 0 0.1935132443904877 0 8.623633086681366 0 0 0 0 0
1356.228273898363 3411.243280798197 166.0110406577587 630.9264260232449 1451.619862109423 427.7139091342688 0 30.55953117460012 876.9567600786686 1697.778575897217 142.6370918899775 338.1487097889185 4344.639305606484 264.7253800481558 21.5436829701066 1.07710937410593 0.1290833801031113 0.09702026844024658 0 0.8918632492423058 0.3809684738516808 0 0 0.2283413112163544 0 1.335635587573051 0.2476734071969986 0.6518341153860092 1.628085643053055 0.7776083499193192 117.3116712346673 99.32263409346342 5.814331792294979 0 0 0 3.054023593664169 0 0.1254080235958099 0 0.4048905819654465 0.5954510569572449 0 0.1069057062268257 0.09370948374271393 0.4232462868094444 115.788838416338 11.84988439083099 0.1206217631697655 0.9463058337569237 9.564856320619583 1.096083208918571 0 0.9156122431159019 1.295409463346004 4.737234070897102 41.03322607278824 149.3380192518234 20.8032470792532 39.1296546831727 0.7868445664644241 4.271142676472664 0 11.98604559153318 11.18819756060839 6.29579734057188 29.53256334364414 14.77545795589685 0.4974096715450287 0.9447780922055244 38.94674713164568 7.172935977578163 0 214.4899777248502 86.34559242427349 156.1363886967301 29.58054590970278 1.254076741635799 0.4587092399597168 30.11145072430372 1.405398957431316 4.607196107506752 6.363394536077976 0.07840354740619659 3.426099874079227 11.56218115985394 3.825322955846786 0.1174070462584496 19.90881740301847 0.7512542307376862 5.372619390487671 0.7323161363601685 1.485691793262959 1.546146608889103 1.915323369204998 373.4216651767492 4.150002911686897 0 0.4534861445426941 114.1551075205207 1.182202070951462 9.240092366933823 96.82894603908062 27.56859332323074 2.287211790680885 43.03085941076279 18.20931103825569 29.68767809867859 82.40020191669464 53.5103115439415 1.726419806480408 87.10827426612377 76.65732385218143 87.05881948769093 19.83737400174141 0 0.1503137499094009 0 0 0 0 0 0 0.2994704842567444 0 0.1352746039628983 0 0 0.4934240281581879 0 0 0 0 0 4.982171192765236 2.277455136179924 0 0 0 6.820791848003864 0 7.187085926532745 0.6447305530309677 0 0 0 0 0 0.2584485113620758 0 0 2.358793988823891 4.01599994301796 0.304736390709877 0.2340051978826523 0.2270830720663071 0 0.1302746534347534 0 0.1423517912626266 0 0.431509867310524 1.197108119726181 0 0 0.1677333414554596 17.09709189832211 0.2852563560009003 0.651529386639595 0.4559331834316254 0.2958885505795479 1.71481815725565 0.1309409290552139 0.223028689622879 0.102867566049099 0 59.41263324767351 1.475901290774345 0 0 0.3251112848520279 11.66981847584248 8.472152106463909 4.598613299429417 1.740722253918648 4.908229365944862 4.450916603207588 1.196711897850037 0.6417717039585114 0.7962224259972572 0 0 0 0.2002472206950188 0.1120479330420494 0 0 43.30794318020344 7.986041516065598 1.009768709540367 561.1668465957046 76.23918044567108 968.5397835075855 36.82029370963573 1049.82790299505 329.7623785659671 17.3462435901165 182.6255993321538 11.29156997799873 2.992666579782963 16.08895120769739 1.113593332469463 50.17208839952946 1.558975115418434 1.312542654573917 2.444981396198273 8.618042923510075 1.800837323069572
163.6064632833004 351.5564062744379 1873.286001525819 0 262.6279902234674 4.277728021144867 30.55953117460012 0 153.9084181338549 1.492941200733185 1026.694034732878 0.883921705186367 107.6587722077966 292.6160679832101 63.33708526939154 8.98613079637289 1.974667973816395 2.597561918199062 0.6936307549476624 11.91989331692457 61.31683553755283 2.497935831546783 24.53309978544712 12.08862303197384 28.72367129474878 9.909036502242088 80.14047081023455 4.528040319681168 1.909488335251808 3.202851466834545 1054.808052100241 1502.670752622187 78.04118160158396 1.448701307177544 67.28700205683708 4.320171490311623 49.27267415076494 3.278052523732185 1.921057045459747 6.889324985444546 28.39492767304182 13.40624781697989 11.1553149074316 5.039966203272343 0.1613248735666275 0.6112285256385803 125.862651437521 5.185977108776569 0.8213060796260834 4.397469475865364 18.45380324870348 24.60128353536129 0 3.127383410930634 0.09300479292869568 1.619676165282726 19.99378092586994 181.5324768051505 4.255850285291672 17.75457110255957 24.1627127379179 107.3159917965531 0 176.8284249529243 2.180005796253681 3.109629116952419 13.04057101905346 25.64815959334373 41.88367059081793 162.2868544459343 28.40109099447727 5.375265002250671 0.7205159515142441 58.48967356979847 129.6137442737818 128.4876271337271 216.9756039306521 120.5612488538027 424.0462480783463 2500.807127326727 47.65876428037882 4150.200922764838 1.924081034958363 0 1.342387527227402 2.669788241386414 7.086834907531738 0.592851959168911 5.820987433195114 5.169386133551598 57.49345161765814 35.77625013887882 106.8319179788232 164.5143568739295 49.34942084550858 4.817377090454102 3.071704789996147 0 1.679532282054424 74.55619368702173 0 0 0.5464164465665817 0.6984719187021255 0.4764610230922699 3.275625869631767 0.1938866972923279 1.235856704413891 2.706469118595123 1.736659049987793 0 4.112079694867134 3.391552478075027 5.838338010013103 2.213134907186031 0.2427353411912918 0.3865316361188889 0 0 0 0.1587988436222076 0.3604634404182434 0 0.5910139381885529 0.8702069967985153 0.8772929981350899 0.1568253934383392 0 0.5910255461931229 0.5367242991924286 1.203952357172966 0.5410201102495193 2.550434961915016 0.2398778349161148 0 0.5987419337034225 0.1559788882732391 0.3057145625352859 0.7069465294480324 3.422363497316837 0.2344944030046463 6.175068289041519 1.963119506835938 0.4373225271701813 0.7720025926828384 0.6138272508978844 0.5948600023984909 0 0.2213310226798058 0 0.5191833227872849 0.5477634966373444 1.040185622870922 0.3289822936058044 0 2.36546978354454 0.6023126393556595 2.699653878808022 0 0.1957281827926636 0.131809189915657 0.8009310439229012 0.7899098694324493 0 0.1045990139245987 1.023975074291229 6.714877851307392 0.2997203394770622 0 0 0 0.4425128698348999 0.9384090751409531 0.3910415023565292 0.5614226311445236 3.688318312168121 8.581040970981121 1.132252223789692 0.444884181022644 0 1.925561599433422 2.793386459350586 3.830910950899124 3.247015357017517 0.2346323579549789 1.086590513586998 1.589728146791458 0.2375214025378227 0.2178857773542404 1.171454541385174 0 0 0 0.204690583050251 0.4756597578525543 0.1259788870811462 0.2939463704824448 1.043320402503014 1.314595147967339 2.454882442951202 282.944877423346 61.54494675248861 416.5339478477836 46.49769755452871 86.59530028700829 66.35015595704317 7.055980406701565 101.4460020363331 6.040458232164383 0.7466576099395752 7.20915137976408 0.5540314614772797 6.319676741957664 1.56540010124445 0.1980389654636383 0.8169118463993073 6.194732561707497 2.601841807365417
76.28822964429855 634.5653138682246 370.5222570151091 198.8003662973642 6966.602190822363 49.18878825008869 876.9567600786686 153.9084181338549 0 956.7567675858736 3596.489508196712 327.7249587029219 5632.789122089744 1691.089867956936 39.41257255524397 3.755881853401661 0.1435317248106003 0.1783184111118317 0 1.080631852149963 1.611114926636219 0 0 0.2363732382655144 0.1019266396760941 1.03676900267601 0.4025217890739441 1.022009089589119 1.197939820587635 0.4292061477899551 92.0378489792347 79.46324775367975 10.44547642767429 0 0 0 3.483334258198738 0 0 0.339483380317688 0.9179143607616425 1.221525758504868 0.4468009173870087 0.09531544893980026 0 0.6392642557621002 121.0568805932999 5.202769666910172 0.3775970190763474 0.2515574768185616 6.241277188062668 0.5424541383981705 0 0.9708030819892883 0.1170933917164803 1.182081826031208 8.223422721028328 51.60896345973015 6.417814157903194 26.64508891105652 0.8208125829696655 4.660357505083084 0 7.905443102121353 2.618098236620426 3.524042248725891 10.49077180027962 6.923669099807739 0.7152286097407341 0.6901669502258301 56.27158472687006 8.038703471422195 0 57.73242897540331 32.54296505451202 114.3276493251324 63.13648541271687 6.619745276868343 1.898720972239971 1507.672070540488 1.427171722054482 5.280632980167866 2.04783646017313 0.09451020509004593 1.500390961766243 3.480623506009579 1.903021357953548 0 10.07526475936174 0.2553802281618118 2.73719947040081 0.9131573364138603 1.679253578186035 0.7852626144886017 1.155319422483444 454.7781468480825 3.380446523427963 0 0.1948611736297607 24.94261488318443 0.6519311591982841 2.828896135091782 11.07565577328205 7.106945291161537 4.498554296791553 91.98708075284958 15.58591201901436 52.91818440705538 127.446910277009 71.75338935852051 3.185827255249023 145.9930910915136 135.8119612857699 173.8116853907704 42.69125610589981 0.3249410539865494 0.2846614718437195 0.1351267248392105 0 0 0 0 0 0 0.2405794858932495 0 0 0 0.166355237364769 0.9060726165771484 0.584548607468605 0.2755973041057587 0 0 1.609208136796951 3.424017615616322 0 0.1177341639995575 0.2071621268987656 18.3903426900506 0 10.85696533322334 1.165067054331303 0.3191717341542244 0.2248277813196182 0.348448634147644 0 0.1706902682781219 0.1527171432971954 0.2215204387903214 0 3.415394172072411 5.781270779669285 0.7687014490365982 0.6449169218540192 0.187075063586235 0.1895180344581604 0 0 0.5183789432048798 0.1907158568501472 1.758232653141022 4.429837934672832 0 0 1.032560020685196 35.6357464492321 0.6226758658885956 0.3407199531793594 0.9068241789937019 0.7858001068234444 1.83153174072504 0.244986429810524 0.3852314874529839 0 0 116.8939926475286 0.6879132390022278 0 0 0 18.46710429340601 13.03771337866783 11.66605930775404 2.553740113973618 9.519542694091797 9.959416404366493 0.1933741122484207 1.400194481015205 1.726815544068813 0 0 0 0.1380518674850464 0.7268862575292587 0 0 95.57012918591499 11.74098777770996 2.000988513231277 736.7775267660618 52.38161696493626 678.0061673894525 39.46146320551634 252.4868348836899 160.8243687078357 10.15427611023188 232.0421262979507 30.91944335401058 2.246506825089455 24.92786100506783 2.049605950713158 60.7117500603199 2.935094758868217 0.3552071750164032 2.752803727984428 14.75071887671947 2.682132810354233
1414.846113115549 476.528418302536 6.170772656798363 1248.121151521802 331.8522465378046 1097.545536309481 1697.778575897217 1.492941200733185 956.7567675858736 0 132.2517953962088 1312.160875111818 7697.683913677931 614.6988065540791 3.903603009879589 0.4103698059916496 0.1032415628433228 0 0 0 0 0.2789526283740997 0 0 0 0 0 0 0 0.145986869931221 8.364407993853092 3.186675317585468 8.265758067369461 0 0 0 10.60107608139515 0.1898020505905151 0.5171765685081482 0 0 0 0 0 0 0 13.46060747653246 1.062696687877178 0 0 1.191168308258057 0 0 0 0.1742600351572037 0.6224338859319687 12.87102997303009 29.36262679100037 3.451563604176044 4.062264636158943 0.5416943281888962 2.054469168186188 0 1.517249658703804 0.3854595720767975 0.5692370235919952 3.2043801471591 1.135647661983967 0.2177220955491066 0 1091.685999199748 6.41437603533268 0.3894945532083511 36.52073819190264 7.686556167900562 15.85084641724825 4.35514560341835 1.944734752178192 0 205.3221527934074 0.6689850389957428 1.793346256017685 1.348202221095562 0 0.2058517560362816 1.599708266556263 0.2575345188379288 0 1.395946189761162 0 0.2023142948746681 0.3521561622619629 0.1085697039961815 0.7824328988790512 0 1117.363758713007 3.694681420922279 0 0.4946553632616997 332.8022508621216 0.5545303523540497 2.663948833942413 32.93190890550613 44.43268263339996 2.52079813182354 89.76475618779659 41.44904653728008 40.25882233679295 145.6817171126604 304.3448489159346 2.588382005691528 79.84704172611237 113.0447889268398 142.8756944984198 15.04862634837627 0.670582041144371 0.9677325636148453 0 0 0 0 0 0 0 0 0.3384602069854736 0 0 0 0 0 0.1718471497297287 0 0 0.3903623968362808 1.621082291007042 0 0 0 7.852552562952042 0.3494139909744263 2.387310415506363 0.4583613127470016 0 0 0 0 0 0.2371900528669357 0 0 0.9396356642246246 2.579540140926838 0.5582608580589294 0 0 0 0 0 0.166194885969162 0 0.736894428730011 2.069076836109161 0.1921021491289139 0.2571600675582886 0 9.92718631029129 0.2091170996427536 0 0.1217811703681946 0.2286316305398941 0.4179860800504684 0.1573610901832581 0 0 0 48.25183652341366 0.357881024479866 0 0 0.1265375763177872 5.629194401204586 6.015381753444672 2.948217764496803 1.611566446721554 2.717678248882294 5.688823811709881 1.06241375207901 0.8993807286024094 1.177219957113266 0 0 0 0.1270679831504822 0 0 0 110.9356568455696 6.049089699983597 1.138032823801041 247.9867207407951 6.266384646296501 138.4061873331666 3.222884520888329 964.803027652204 42.56625525653362 2.013983771204948 36.83302812278271 11.76254466176033 0.9609697163105011 12.46517972648144 0.4195062220096588 51.53197464346886 1.85993692278862 0 1.647336035966873 0.6443984359502792 0
123.7574878260493 1182.307015568018 1982.85698004812 9.751227676868439 5044.508865267038 11.22589989006519 142.6370918899775 1026.694034732878 3596.489508196712 132.2517953962088 0 35.91005228459835 2712.419389344752 6021.786914467812 45.65904553979635 4.152815364301205 0.8878664076328278 0 0 0.3490890860557556 0.9287244230508804 0.3616983294487 0.4679150432348251 0 0.1147905737161636 1.937999710440636 0.7024006843566895 1.127521030604839 1.362298101186752 1.377806708216667 146.8042476996779 93.65343355387449 107.3628380075097 0 0 0.1400217264890671 21.13102085888386 0.1615329682826996 1.035928539931774 0.1295332014560699 1.177223190665245 0.1638744622468948 0 0.3851971328258514 0 0.2202279791235924 130.1004276797175 3.555154457688332 0.3493347018957138 0.2559743821620941 2.322629310190678 1.141705974936485 0.1565070003271103 1.08891673386097 0.4293805137276649 1.713126674294472 6.612354412674904 40.68077586591244 2.762568488717079 17.66282194107771 1.197850458323956 4.555218398571014 0.2023341059684753 8.092504933476448 1.597461126744747 1.075505398213863 7.536305271089077 4.533260516822338 0 0.7805209159851074 228.2845042943954 2.917677342891693 0 34.63188005238771 25.96054463088512 116.0157320126891 84.40597570687532 10.77790223807096 23.25745022296906 3685.639392793179 1.046340845525265 9.064308024942875 1.520959779620171 0 0.9387899860739708 1.841036505997181 1.271953195333481 0 4.018810547888279 0 2.249542266130447 1.776360653340816 1.721547603607178 1.3372967466712 3.766109734773636 141.7106843218207 2.876941293478012 0.1264645904302597 0 25.70645596086979 0.5093891173601151 0.9148202463984489 5.706107079982758 4.558170095086098 2.630276493728161 37.68905363231897 4.854138731956482 23.6490570679307 40.07724550366402 23.80630044639111 1.336324363946915 55.25871228426695 50.39480090141296 69.77015424519777 17.87256428599358 0 0.3855256289243698 0 0 0 0 0 0 0.1786322444677353 0 0.1379747837781906 0 0 0 0 0.5153539776802063 0.1379363089799881 0 0 1.153978884220123 0.6808543652296066 0 0 0 10.75433476269245 0 6.53245598077774 0.2626120448112488 0 0 0 0 0.1732339113950729 0 0 0 1.68905808031559 1.814372777938843 0.1292360872030258 0.5195632874965668 0 0 0.1300421804189682 0 0.2165277004241943 0.1438086032867432 0.4852566123008728 0.7039509862661362 0 0 0 15.10813158750534 0 0.1680173426866531 0.2278291434049606 0.5844847932457924 0.1045332625508308 0 0.2169197201728821 0 0 46.12039240449667 0.7628013491630554 0 0 0.2705769315361977 7.524156756699085 8.053473472595215 7.093197792768478 0.7819134294986725 5.552732169628143 3.370245955884457 0.5833290368318558 0.3477926999330521 0.5842257887125015 0 0 0 0.488383524119854 0.2526193559169769 0 0 28.77753925323486 8.456978663802147 1.70586870610714 604.1566258743405 49.99271467328072 507.911083675921 37.43246959894896 140.9121919050813 126.2241243124008 10.00165922194719 203.4638020694256 13.05372661352158 0.421163521707058 11.68240151554346 0.7257357835769653 26.70309741795063 1.493023082613945 0.3785334825515747 2.213078707456589 11.10902459919453 1.149402901530266
114.1518543958664 68.64774782210588 2.359364904463291 191.585189640522 73.76554464548826 424.8918593674898 338.1487097889185 0.883921705186367 327.7249587029219 1312.160875111818 35.91005228459835 0 1642.475310653448 193.1077012568712 18.48583817481995 5.044750608503819 0 0 0 0 0 3.595557138323784 0 0 0 0 0.1256268620491028 0.1515935212373734 0.2375917583703995 0 2.750833258032799 1.483759477734566 97.33020314574242 0 0 0 49.9456722587347 0.4078895300626755 5.519431345164776 0 0 0.6005613282322884 0 1.172410152852535 0 0.4540199786424637 14.76841274648905 0.3391390070319176 0 0 0.3600843697786331 4.775372318923473 2.913894817233086 0 0.096373051404953 0 1.528156235814095 1.851793095469475 0.8847491219639778 1.996376067399979 1.229610353708267 4.767035707831383 0.4274807274341583 2.47434076666832 0.1799502074718475 0.2810229510068893 0.4696614742279053 0.7406917288899422 0.1371656358242035 0 778.5343220829964 79.83779514580965 0.7593479156494141 4.617151007056236 2.62471216917038 12.20819154381752 11.64393889158964 11.18720992654562 0.7893180176615715 58.79788392782211 0.3436664938926697 1.449716828763485 0.1169809475541115 0.3189080059528351 0.1058952286839485 0.413314625620842 0.222148485481739 1.133446797728539 2.215855352580547 2.224980659782887 0.985881544649601 1.877465635538101 0.123173899948597 0.9686096757650375 0.4946017414331436 2772.362269163132 126.5746297389269 7.006146490573883 10.28643660247326 105.5881264060736 0.6410129815340042 0.6631269156932831 9.426145866513252 1.813021138310432 2.322049915790558 53.4932704269886 6.983155086636543 33.15144669264555 66.24587227404118 36.25709789991379 2.163628295063972 91.90017434954643 90.27326680719852 128.1504116803408 33.39815509319305 0.5735836997628212 0.5786922872066498 0.1599366068840027 0.2895133271813393 0 0 0 0 0.5398998111486435 0 0 0.3373989462852478 0 0.2816988825798035 0.1254550665616989 0.1735588312149048 0.472267672419548 0.1451642960309982 0.4161819666624069 1.975213587284088 2.558171927928925 0 0.1387481540441513 0.2503089755773544 32.82710011303425 0.2150595039129257 20.6451193317771 3.475425586104393 1.989713087677956 0.1452464461326599 0 0 0 0.4750609993934631 0.5140890702605247 0.1632360368967056 3.454252555966377 3.336307182908058 0.3050035238265991 0.4382306784391403 0 0.1704368740320206 0.1636527925729752 0 0.1794830709695816 0 1.640141531825066 2.71512595564127 0 0.569002702832222 1.074113272130489 41.47213058918715 0.2607905715703964 0.4493701085448265 0.2881659045815468 0.6754946410655975 0.6592498570680618 0 0.5325024724006653 0 0 118.9468648061156 5.878299579024315 0 0 0.1378914415836334 17.39801763743162 14.5943460687995 17.5631562769413 4.843848466873169 6.659592673182487 5.702191181480885 0.4886385500431061 0.8603188246488571 0.4017021805047989 0 0 0 0.8808861598372459 0.5528674721717834 0 0 88.50907742977142 32.83749523758888 7.401370868086815 154.2505624070764 11.51615054160357 73.59065967798233 6.813101015985012 136.3726177886128 16.2247066795826 0.9160328134894371 38.54811424016953 10.56425997614861 2.09624595195055 20.4491975903511 1.317502334713936 34.60948245227337 2.486868888139725 0.6788888424634933 2.394282624125481 4.688597537577152 2.286687657237053
693.9446310251951 2347.762662269175 275.066077567637 1145.703795850277 1429.456198595464 525.8088058233261 4344.639305606484 107.6587722077966 5632.789122089744 7697.683913677931 2712.419389344752 1642.475310653448 0 4988.45140529424 131.9590496346354 26.78101025521755 0.6552924960851669 0.435190461575985 0.1423741430044174 0.9328875541687012 4.251713365316391 7.449210822582245 0.1987400650978088 0.5203613713383675 0.4149145558476448 3.430796608328819 1.171053692698479 2.710954673588276 3.552149660885334 0.4637091532349586 57.13692649453878 42.42723868042231 876.6300899758935 0.1568371653556824 0 0.9983034729957581 150.7418172881007 0.7316205948591232 16.92324636131525 0.8859121426939964 1.59271676838398 3.585434503853321 0.39971823990345 4.057626977562904 0.1079915538430214 2.240711838006973 220.7567641362548 7.746105544269085 0.1530275493860245 0.2761112675070763 6.336712203919888 15.43440079689026 5.923543527722359 3.171354860067368 0.3030671179294586 2.487201191484928 15.07600028812885 60.40290989726782 8.743718974292278 30.66874937713146 3.658159017562866 21.28148099780083 1.385434791445732 18.54616764932871 3.085358954966068 5.240004055202007 14.46606790274382 9.257582969963551 0.9433133825659752 2.16152461618185 1261.293914921582 102.1158307790756 2.863490290939808 93.88838531076908 48.43587977439165 197.689996868372 155.4210847318172 61.11115042865276 3.518260553479195 1190.104997888207 3.563227571547031 9.777966745197773 3.360127151012421 0.3593674153089523 1.363114796578884 4.992533221840858 3.118839539587498 1.851713955402374 11.37716506421566 4.533922508358955 6.619293361902237 7.196001216769218 2.448722429573536 6.483107507228851 9.257149808108807 4336.833656474948 132.6370425075293 14.20974023640156 18.65731144696474 136.415521197021 4.244158074259758 4.85917142033577 29.69765784591436 19.50525911152363 13.24492249637842 202.7559430003166 29.68320408463478 112.1200127527118 291.1794489920139 165.0616836249828 8.462462335824966 327.158265851438 369.6782051101327 461.5017951056361 112.8058887720108 1.602135747671127 1.372293151915073 0 0 0 0 0 0 1.540297381579876 0.5193920433521271 0.7573868781328201 0 0.1347264051437378 0.3553233593702316 0.6805272102355957 0.5564617961645126 1.265113018453121 0.6395889520645142 0.3395362347364426 9.618205048143864 12.08224166929722 0 1.595724359154701 1.586407318711281 70.32668825238943 1.019478596746922 46.95540224760771 6.953913353383541 2.25233756005764 0.457351416349411 0.7173488736152649 0.2503046318888664 0.9074565917253494 0.7618806660175323 0.4322805404663086 0.4910874664783478 7.132084123790264 13.79517805576324 1.892613582313061 0.6591731309890747 0.3495165109634399 0.5881339088082314 0.7215531691908836 0.08716462552547455 1.046012870967388 0.2761246412992477 3.462037585675716 8.364603646099567 0.388494148850441 1.370704978704453 1.804688297212124 124.7103750482202 1.547111257910728 1.895782470703125 0.719116784632206 1.538693144917488 2.880053214728832 0.7935984656214714 1.571482203900814 0 0.6364471763372421 404.435274489224 8.675383508205414 0 0 0.4044642075896263 60.01566541939974 39.35255831480026 47.89110767841339 9.937625929713249 20.43433326482773 22.50697177648544 2.148104161024094 3.971401304006577 1.220395408570766 0 0 0 2.369947105646133 1.257415257394314 0.3038469552993774 0.2428165748715401 293.1457119584084 69.42410858720541 14.4916435033083 1183.220334589481 110.1728038042784 953.5685063749552 81.90564455837011 692.3492732867599 240.70798715204 18.59552178531885 440.174110032618 37.54910026490688 4.672132350504398 58.85104708373547 2.549388557672501 126.3372523188591 8.888321787118912 2.102604910731316 10.11864463984966 42.86646962165833 6.535025931894779
