0 8744.789458148181 631.6524424254894 2129.021241113544 233.034534484148 74.61250683665276 1425.908775560558 265.3304810300469 459.1097257584333 2213.849340900779 704.632059969008 2.145508244633675 114.9093151241541 148.4860378354788 2.480581142008305 0 0 0 0 0 0 0 0 0 0 0 0 0.2416023090481758 0 0 264.8993939459324 18.73344042152166 1.883418753743172 0 0 0 0 0 0.1054143086075783 0.140793576836586 0 0 0 0.4246072769165039 0 0.1309459209442139 28.77548487484455 3.553410895168781 0.4804323613643646 0.1420975923538208 0.181128017604351 0 0 0.1946554481983185 5.757846362888813 3.061724953353405 445.8446197509766 626.4728555381298 8.045259788632393 36.99784901738167 0 0 0 4.279690429568291 2.796408928930759 3.055323109030724 1.21973193436861 1.120314508676529 0 0 0 1.002946242690086 0 223.9563661590219 85.34050863236189 21.60537610203028 4.074764542281628 0.2807401195168495 3.167729191482067 117.211808629334 0.08566892892122269 3.896180868148804 7.882390886545181 0 0.4768952503800392 1.821406334638596 0.4585941135883331 0 0 0 0.1119397431612015 0.2058051824569702 0.1830925196409225 0.1572043895721436 0 25.53638771176338 0.4434029385447502 0 0.1588975936174393 837.4270846247673 0 0 2.144027233123779 0 0 0 0 0.5464895218610764 0.6590909957885742 3.252470523118973 0.3366775214672089 3.858039036393166 0.4292207211256027 2.815402492880821 1.434001125395298 0 0 0 0 0 0 0 0 0 0 0 0 0 0 0 0 0 0 0 0.1587037742137909 0 0 0 0 1.536924198269844 0 0.9957036375999451 0.286393791437149 0 0 0 0 0 0 0 0 0 0.5537063479423523 0 0 0 0 0 0 0 0 0 0 0 0.1272831708192825 0 0.4165186882019043 0 0 0 0 0 0 0 0 0 4.191455334424973 0 0 0 0 1.412763953208923 0.1888851374387741 0 0.7879979014396667 0.5021374821662903 0.4301121234893799 0 0.1923992037773132 0 0 0 0 0 0 0 0 0 0 0 25.83636949956417 6.175554186105728 80.75669214874506 8.556836374104023 587.8511512726545 32.54146762192249 5.777820326387882 8.671097882091999 0.2944666147232056 0 1.276275396347046 0 0 0 0 0 0.1271276324987411 0
8744.789458148181 0 609.0075635462999 1123.211886666715 874.1316890865564 494.5324173867702 1305.323409818113 1154.746820650995 973.2108436822891 2039.17247992754 2292.792402237654 47.33238092809916 1030.472563333809 1198.873038694263 25.73089791834354 1.831218726933002 1.084703885018826 1.636832296848297 0.6074419170618057 0.8735482171177864 0.2458763048052788 0 0.3005865812301636 0.5198871195316315 0.1902160048484802 2.447344332933426 0.6405513659119606 0.7165694907307625 0.9590859413146973 0.6666378751397133 1676.298783227801 65.20510072261095 28.59224052727222 0.1545586287975311 0 0.0939234271645546 0.2377075776457787 0.3779164999723434 1.249342665076256 1.034403622150421 0.3508428186178207 0.7941394448280334 0.2827979996800423 2.186127915978432 1.258932135999203 2.115074098110199 264.3935555592179 29.93879769742489 5.321674227714539 2.396604754030704 2.663709886372089 0.196253813803196 0.10016118735075 0.9177703931927681 39.86342652142048 33.7414812259376 309.5389366149902 544.4854012578726 22.59658306837082 164.0793000459671 1.003732025623322 0.9806490764021873 0.1073090806603432 87.0652212947607 24.91240816935897 23.28143767639995 9.969514410942793 11.59194847941399 1.544682264328003 2.420885294675827 10.67266007512808 6.756684437394142 0.09867682307958603 533.1704960539937 424.4611300453544 308.9796132519841 100.2639736309648 5.980098575353622 96.40892156213522 423.234797373414 2.946296587586403 53.59749250113964 54.2984134554863 3.184557020664215 4.112129732966423 14.39608255401254 6.270903445780277 0 0.6153378561139107 0 0.9107233881950378 1.518820650875568 0.8768074512481689 0.7570720985531807 0.7009513154625893 181.3580856472254 1.929297015070915 0 2.395530261099339 1175.202379256487 0.5008121132850647 0 2.911266908049583 0 17.60656869411469 5.669823423027992 0.5988799333572388 20.63073752820492 8.81368388235569 21.24313572049141 7.511779397726059 33.85525979846716 39.73338824510574 37.39394208043814 63.54606166481972 1.126964680850506 3.957337215542793 0 0.3424797058105469 0 0 0 0 0 0 0 0 0.1804702132940292 0 0.1135756969451904 0 0.3750246316194534 0.09824754297733307 0 7.455294132232666 4.31266662478447 0 0 0.1139703989028931 5.551748402416706 0.7280985191464424 10.11303576081991 0.567184142768383 0.2064198926091194 0 0.3318794593214989 0.2637865468859673 0.09482825547456741 0.6958705708384514 0.2166209742426872 0.1017135754227638 1.6294866502285 13.12768247723579 0 0.08538579195737839 0.3433352038264275 0 0.1985475048422813 0 0 0.2875030189752579 1.031208127737045 1.189167007803917 0 0.1584191918373108 0.08794353157281876 26.99956531077623 4.734323382377625 0 0 0.2179867401719093 0.2980570793151855 0.1704623997211456 0.3989727720618248 0.08055710047483444 0 51.44554547965527 1.744352906942368 0 0.418212316930294 0.3473802134394646 18.73476548492908 2.465454705059528 2.192220896482468 2.847653746604919 1.547004580497742 12.32034649699926 2.391583159565926 10.58167478442192 0.3813281580805779 0.1096973642706871 0.1008513569831848 0 0.2427169382572174 0.07050619274377823 0.1019307002425194 0.09399298578500748 13.12821662425995 7.99477781355381 3.990066565573215 126.7177368476987 50.4328011572361 546.153576489538 64.89897430688143 919.06894171983 113.4997832551599 26.70063306391239 69.59383124113083 5.958535812795162 0.2168916389346123 18.76666140556335 0 11.23317994177341 1.039557009935379 0.0902426540851593 1.78094182908535 1.104413636028767 0.1790849715471268
631.6524424254894 609.0075635462999 0 13.99094749987125 61.15323607623577 135.2180715352297 19.30699361115694 1313.546251021326 192.5593685954809 29.47396883368492 1731.11597187072 22.17752718180418 64.83606954663992 243.0265342071652 4.269059233367443 3.482130020856857 1.143536850810051 2.137965068221092 0.423285499215126 4.658868402242661 6.168807625770569 0 0.4986054301261902 0.4834034070372581 0.09841307252645493 0.277119517326355 0.4617542326450348 0.5720003321766853 0.1260055601596832 0.1198809593915939 2765.616039402783 471.1854885444045 129.908413104713 2.247005373239517 0.5256922692060471 0.2754257321357727 3.309514001011848 0.6406399458646774 0.6333911940455437 0.0999884232878685 0.3881641775369644 0.3009657114744186 4.350408218801022 6.713363789021969 3.827386699616909 3.041795648634434 42.78354173153639 6.991317376494408 1.153020143508911 4.023741088807583 0.6207055374979973 0 0 0.1130573377013206 9.086599111557007 6.059240281581879 155.6340036541224 456.2714710086584 6.505278758704662 46.13860063254833 9.393225453794003 10.73421612381935 1.131178312003613 49.76163978129625 4.333268716931343 3.865933388471603 2.731857381761074 2.448067687451839 1.80405942350626 5.012806877493858 17.50052321702242 4.813180707395077 0 211.9846061393619 198.8815975636244 65.51894614845514 39.04566583037376 8.556853771209717 705.2165105640888 1524.760141842067 28.63559437543154 508.3440222814679 12.22395420074463 0.385316401720047 1.294469580054283 2.701069071888924 2.092748731374741 0 0.1941793635487556 0 0.09178377687931061 0.4370821714401245 0.5769454389810562 0 0 74.60430040955544 3.692837633192539 0 0.9279608279466629 459.4488056749105 0 1.732616424560547 0 0 5.910444125533104 2.239135280251503 0 4.156235307455063 8.135527700185776 6.115403950214386 2.90777051448822 13.66340482234955 14.21352963149548 14.14343106746674 35.84535855054855 2.306978739798069 2.579896867275238 0 0 0 0 0 0 0 0 0 0 0.0917956605553627 0 0 0.09966449439525604 0 0 0 1.0630262196064 2.343571186065674 0 0.1448368430137634 0 8.324822887778282 1.729874402284622 7.967686779797077 0.2779022306203842 0.1032947823405266 0 0.1025268957018852 0 0 0.3074224889278412 0 0 1.255419373512268 6.32988029718399 0.3872869312763214 0.1312273442745209 0 0.1385552883148193 0 0 0 0 0 0.1515104919672012 0 0.1908635497093201 0.1474336534738541 20.13567672669888 0 0 0 0.3589587807655334 0.07773236185312271 0.3293888494372368 0 0 0 39.13334585726261 0.3713697344064713 0 0 0 12.14916227757931 2.742971032857895 2.032634668052197 1.135849297046661 0.180417463183403 5.032911121845245 0.9480994790792465 5.275466576218605 0 0 0 0 0 0 0 0 18.31022015213966 6.824247568845749 1.720531366765499 27.34521291404963 7.537796251475811 89.26907616853714 12.01155342906713 436.0518225580454 22.06390806287527 4.257537335157394 14.40362432599068 4.299151845276356 0 10.84220097213984 0.1220775321125984 11.52433323860168 0 0.4289999306201935 3.89320296049118 0.1487986594438553 0
2129.021241113544 1123.211886666715 13.99094749987125 0 61.37775634229183 107.758964702487 1731.100605323911 2.080537274479866 480.710717625916 765.8296200186014 6.785826362669468 1.540542654693127 224.1108512878418 23.26688072830439 0.8319464325904846 0 0 0 0 0 0 0 0.3635617718100548 0 0 0.09352236986160278 0 0 0 0 27.73345491290092 0.3418781459331512 0.2445588707923889 0 0 0 0 0 0 0 0 0 0.08739836513996124 0.08799829334020615 0.08798658847808838 0 7.484483271837234 1.446423053741455 0.1347583681344986 0 0 0.1481426805257797 0 0 1.413993202149868 1.144274450838566 19.23553308099508 26.55916703492403 0.5234966799616814 5.639433272182941 0 0 0 1.62807073444128 0.6043156310915947 0.8195603340864182 0.266452357172966 0.3934947177767754 0 0 0.2955464124679565 0.1122575178742409 0 26.03300631046295 14.38334245234728 6.206533141434193 1.031062819063663 0.1832390129566193 0 0.4784349650144577 0 0 2.287240408360958 0.08134178072214127 0.2835442125797272 0.5212820172309875 0.2685235515236855 0 0 0 0 0 0 0 0 32.14676222205162 0.3667575269937515 0 0 68.25360971689224 0 0 0 0 0 0 0 0.4619431793689728 1.0501868724823 1.407288193702698 0 1.244053989648819 0 0 0.1595143973827362 0 0.121972993016243 0 0 0 0 0 0 0 0 0 0 0 0 0 0 0 0 0 0 0 0 0 0 0 0 0 0 0 0 0 0.09250842034816742 0 0 0 0 0 0 0 0 0 0 0 0 0 0 0 0 0 0 0 0 0 0 0 0 0 0 0 0 0 0.4518818333745003 0 0 0 0 0 0 0.7404462695121765 0 0 0 0 0 0 0 0 0 0 0 0 0 0.2139142155647278 0 0 3.263602532446384 0.8451195955276489 14.3249102756381 1.798072665929794 116.2159184589982 5.106493353843689 0.8550841137766838 2.409410387277603 0.1992612183094025 0 0.5816115736961365 0 0 0 0 0 0.1801648288965225 0
233.034534484148 874.1316890865564 61.15323607623577 61.37775634229183 0 8.158248513936996 245.2041733115911 476.5131800398231 3465.663782760501 473.1078577041626 1789.006616413593 8.548190630972385 379.9666789397597 825.145281791687 8.675417728722095 0.6831531673669815 0.3680216819047928 0.5234374105930328 0.198337122797966 0.3590343073010445 0.09693349897861481 0 0.2084377855062485 0.08423751592636108 0 0.4327547699213028 0.1696819812059402 0.08261206746101379 0.2028827220201492 0.09047006070613861 80.37217374891043 12.18397325277328 0.4704769998788834 0 0 0 0.07621247321367264 0.2580481693148613 0.3778814002871513 0.4618404358625412 0 0.3500728011131287 0.1872572898864746 0.212199293076992 0.4824698641896248 0.3335612118244171 87.93740347027779 7.561855517327785 1.68091032654047 0.3997724652290344 0.9867714419960976 0 0.09628739207983017 0.3121600449085236 9.996925882995129 7.75782274082303 24.46503191441298 31.05078275501728 4.21684718132019 32.73286376148462 0.4900624677538872 0.4146338626742363 0.08151797205209732 25.25522292405367 6.017344079911709 5.688338283449411 2.546617966145277 2.984572947025299 0.2616593539714813 0.7043467164039612 0.8633046224713326 0.5287179574370384 0 74.18239092081785 79.93320415914059 75.17556120455265 41.92864635586739 0.9909594729542732 0.8892806246876717 8.955923549830914 0.2247314229607582 1.900353103876114 12.45001658052206 0.424129880964756 0.7924680262804031 4.333318572491407 1.671631619334221 0 0.2761062979698181 0 0.2689103782176971 0.2823133915662766 0.174217477440834 0.4464954659342766 0.08823652565479279 24.25667956471443 0.411298543214798 0 0.4174299016594887 24.33723747730255 0 0 1.008792042732239 0 7.184654608368874 3.720581501722336 0 6.268306523561478 3.871988907456398 5.310039356350899 3.40348082780838 18.7957771718502 9.939984515309334 12.31253860890865 22.72834432125092 0.7624044269323349 0.2451871633529663 0 0 0 0.08964391052722931 0 0 0 0 0 0 0 0 0 0 0 0 0 3.895511671900749 1.766229778528214 0 0 0 2.555946372449398 0 2.406466826796532 0 0.1079345569014549 0 0 0 0 0 0 0 0 4.927888214588165 0 0 0 0.649610161781311 0 0 0 0.1534028947353363 0 0.9190933406352997 0 0.08580129593610764 0.08756501972675323 7.224116288125515 0 0.2162089347839355 0 0 0 0 0.1198244094848633 0 0 14.76228922605515 0.3213438987731934 0 0 0.4427929371595383 3.54204486310482 1.866967067122459 2.071033366024494 0.8563283085823059 0.4593968838453293 5.426314175128937 1.591836661100388 2.977143332362175 0 0 0 0 0.09507782757282257 0 0 0 8.801643423736095 0.9985482394695282 2.488543167710304 44.4563993960619 14.14247866719961 174.6182585842907 21.44915391504765 51.70026566833258 31.43157384544611 9.0525136962533 25.29811478406191 6.529148600995541 0.3810125589370728 2.926730237901211 0.2277928590774536 3.173195421695709 0.2860761284828186 0.09558747708797455 1.491223812103271 0.4191029220819473 0
74.61250683665276 494.5324173867702 135.2180715352297 107.758964702487 8.158248513936996 0 44.56083276867867 11.03388266265392 19.59540586918592 521.9670031815767 31.4472034573555 150.1533686071634 113.7217877954245 34.9052387624979 0.2169764786958694 0.1695903241634369 0.8827188313007355 0 0 0 0 0.4755269140005112 0 0 0 0 0 0 1.600839585065842 0 3.665425926446915 0.263702929019928 7.68511013686657 0 0 0 0.4985241889953613 0 0 0 0 0 0 0.3734316676855087 0 0 0.2682271301746368 0 0 0 0.1859026253223419 2.021172314882278 3.022539287805557 0.2735331356525421 0 0 196.1487208604813 0.1917783617973328 0 0 0 0.5834775567054749 0 0.1260876506567001 0 0 0 0 0.6150323748588562 0 32.10901349782944 1.496404260396957 0.6706796884536743 0.3968687355518341 0.2192305624485016 0.4736151099205017 0 0.1544206887483597 0 7.194802060723305 0 1.845328941941261 0 0 0 0 0 0 0.1360120326280594 0.7137362509965897 0.4895507842302322 0.5520879924297333 0 0.4904685914516449 0 626.783505409956 89.49818769097328 1.379986822605133 2.065275222063065 546.1710720062256 0 0 0 0 0 0 0 0 0 0 1.446752548217773 0 0 0.2895895540714264 0 0 0 0 0 0 0 0 0 0 0 0 0 0 0 0 0 0 0 0 0 0 0 0 0 0 0 0 0 0 0 0 0 0 0 0 0 0 0 0 0 0 0 0 0 0 0 0 0 0 0 0 0 0 0 0 0 0 0 0 0 0 0 0 0 0 0 0 0 0 0 0 0 0 0 0 0 0 0 0 0 0 0 0 0 0 0.6564995869994164 0.0973706990480423 0.6209293976426125 0.1418512910604477 260.2567033469677 0.1206370890140533 0.09982798248529434 0.8670846000313759 0 0 0 0 0 0 0 0 0.1430426090955734 0
1425.908775560558 1305.323409818113 19.30699361115694 1731.100605323911 245.2041733115911 44.56083276867867 0 18.18717376887798 771.8709532022476 1833.003617532551 245.8767078965902 199.522626966238 4958.920787975192 1382.99633038044 10.20975621789694 0.7157068252563477 0 0.1836260706186295 0 0.6393058001995087 0 0 0.0882166251540184 0 0.1517805233597755 0.3787462115287781 0.1884892880916595 0.6299118027091026 0.2939031720161438 0.1872641816735268 73.54104578495026 7.297158762812614 0.9012676551938057 0.1041998788714409 0 0 0.1125826984643936 0.5121812671422958 0.7603857666254044 0 0.1018243059515953 0.3208190426230431 0 0.7393368035554886 0 0 80.39156707376242 7.670965485274792 1.240843698382378 0.5619947090744972 0.9675626009702682 0 0 0.6641965210437775 10.640450052917 8.433007851243019 33.06809944659472 45.19444979727268 4.350433580577374 36.97358570247889 0.08954928815364838 0.3254461213946342 0.09957512468099594 23.14036279916763 6.411813996732235 5.384880114346743 1.579112026840448 2.947024047374725 0 0.4072953686118126 1.338319405913353 4.157690025866032 0 86.15617254376411 72.18661210685968 72.82456365972757 40.21024423837662 7.007421813905239 0.9812862128019333 5.152207314968109 0.5136425644159317 2.598011493682861 14.29080545902252 1.027594268321991 0.6211216375231743 3.525929279625416 1.041557118296623 0.1820864751935005 0.3222402036190033 0.1214004084467888 0.162115290760994 0.3523640409111977 0.1767179518938065 0.1901495307683945 0.1080439761281013 62.91869622468948 1.122694358229637 0 0.3166548237204552 73.21022448688745 0.3251863420009613 0 6.627856776118279 1.559538006782532 7.288246303796768 6.915941670536995 0.3286308348178864 15.15630997717381 6.28391395509243 11.23576346039772 3.808093667030334 15.81049947440624 20.01445995271206 14.19217213988304 21.46202006191015 0.383240319788456 0.959701880812645 0 0 0 0 0 0 0 0 0 0 0 0 0 0 0 0.1018075719475746 0 7.371038213372231 2.642017617821693 0 0 0 2.303430125117302 0.0752759575843811 2.335608407855034 0.2828498780727386 0.1242470070719719 0 0 0.2009751722216606 0.7501405775547028 0.09035144001245499 0.1645147651433945 0 0.2922060862183571 9.372253678739071 0 0 0 0.09688582271337509 0.2052438631653786 0.1531731933355331 0 0.07605196535587311 0 0.3856785893440247 0 0.08560680598020554 0.1060033813118935 10.18877001106739 1.797038465738297 0 0.47328020632267 0 0 0.1797303333878517 0 0 0 18.31301847100258 0.191508024930954 0 0 0 3.285578325390816 1.545798346400261 0.1259274184703827 0.4204050377011299 1.643935963511467 1.548631951212883 1.207438960671425 1.943257972598076 0.1783067062497139 0 0 0 0 0.09412809461355209 0 0 6.229523085057735 1.711758658289909 1.125439584255219 52.19947185367346 11.62133128196001 165.3357941918075 23.93795751035213 106.1067279949784 33.41014194488525 6.877692364156246 27.54163865745068 1.913526892662048 0 4.309476681053638 0 4.152625896036625 0.3839172124862671 0 0.9967454224824905 0.39107646048069 0
265.3304810300469 1154.746820650995 1313.546251021326 2.080537274479866 476.5131800398231 11.03388266265392 18.18717376887798 0 1133.331322617829 38.91455049067736 3147.073623672128 4.822019577026367 194.7033768072724 1032.300549536943 23.36492508649826 10.62846582382917 1.603135794401169 7.733218818902969 3.782517924904823 30.36190681904554 26.5435943454504 0 2.903461754322052 0.7790430560708046 0.4545570835471153 1.360798321664333 1.769396476447582 0.4297123476862907 0.1939609795808792 0.5745729133486748 408.7390705496073 1846.485617659986 270.236382573843 10.77023264020681 3.15362673997879 3.740657322108746 0.3204926699399948 0.646718330681324 1.086861185729504 1.201487757265568 0.5079607591032982 0.7694338038563728 26.64641253650188 20.82407437264919 17.53165257722139 18.41762860119343 140.8064933270216 8.456360004842281 1.566067047417164 15.02324069291353 0.4549704492092133 0 0.08625049889087677 0.1759240627288818 8.822399415075779 5.547154188156128 21.86796937137842 54.67682681232691 5.249964095652103 33.33152928948402 45.44598881900311 23.64098745584488 4.659603841602802 248.9634712487459 4.136882659047842 4.634250845760107 2.3310760371387 1.945473022758961 6.473214194178581 23.56584600359201 2.752381280064583 9.18306078016758 0 106.4891086444259 136.0577367171645 141.5537895858288 177.5070966184139 122.2419074773788 404.4267093613744 1482.243173882365 267.466082945466 2071.293034285307 11.55410204082727 0.5135236382484436 1.397611699998379 3.456748262047768 4.801993034780025 0.1590896174311638 0.4627132266759872 0 0.1895227134227753 0.278686061501503 0.1478620320558548 0.2468865960836411 0.1070232838392258 15.18279396742582 4.836761742830276 0 0.9137413948774338 14.29023385047913 0 0 2.126674011349678 0 5.839167460799217 1.019075855612755 0 5.599267929792404 1.29026985168457 2.410388112068176 2.664575770497322 7.920913018286228 4.625099673867226 11.48676987737417 17.02938359230757 1.303736224770546 0.9719457998871803 0 0.3005835115909576 0 0 0 0 0 0 0 0 0.2292239218950272 0 0.8312778994441032 0 0.2398582026362419 0 0.1228980496525764 3.87705197930336 0.5995709151029587 0 0 0 4.336724057793617 1.139395996928215 3.820668928325176 1.26956657320261 1.820677235722542 0 0 0 0 0.2597747445106506 0.2163012772798538 0 0 3.009679056704044 0 0 0 0.4487007707357407 0.178851306438446 0.0805928036570549 0 0 0 0 0 0.1152256950736046 0.138689249753952 5.28514489531517 0.6954997926950455 0 0.2526302561163902 0 0.08345529437065125 0.07745693624019623 0.1613029837608337 0 0 8.808865033090115 1.260025784373283 0 0 0.08769715577363968 3.838022351264954 0 1.392879888415337 0.3587153553962708 0.9004971981048584 3.272022753953934 0.74749356508255 2.085039764642715 0 0 0 0 0.3506147339940071 0 0 0 2.717453077435493 1.129559546709061 1.203307144343853 67.00684174895287 13.93796990811825 256.6903430297971 19.8178777769208 43.09270670264959 26.81444002687931 6.147438414394855 26.1325102224946 4.887586213648319 0.3080868721008301 5.381671071052551 0.1062476336956024 1.357292383909225 0.1114859208464622 0.154432475566864 0.7247875034809113 0.9371532872319221 0
459.1097257584333 973.2108436822891 192.5593685954809 480.710717625916 3465.663782760501 19.59540586918592 771.8709532022476 1133.331322617829 0 817.9099885076284 3438.397644467652 89.21927811205387 2184.965805374086 2333.112935140729 21.03233471512794 3.446054771542549 1.08437092602253 0.1942511722445488 0.1768357157707214 0.5505490452051163 0.4779619574546814 0 0 0.0939629003405571 0.07830034196376801 1.125880032777786 0.3530118763446808 0.4725310802459717 0.386290080845356 0.3876572325825691 112.7332403063774 40.5960807800293 1.606888145208359 0 0.09990084916353226 0 0.2804557308554649 1.45875109732151 0.5952631607651711 0.752471286803484 0 0.3873624131083488 0.3632621467113495 1.452888630330563 0.09588921070098877 0.4360781461000443 207.2106781899929 10.42627169936895 1.4270880818367 0.8769972771406174 1.044480100274086 0 0.08748489618301392 0.6101137474179268 16.18399547785521 9.954935044050217 36.55078737437725 45.13254239410162 6.397296205163002 49.31725295633078 0.09556584060192108 0.1724546700716019 0.06997648626565933 49.25243786722422 7.290480758994818 7.605238825082779 4.043677199631929 3.94535019993782 0.3526607304811478 0.2825296819210052 1.540858007967472 11.2719397097826 0 137.0754690989852 112.3461378663778 165.4034998267889 106.5306924581528 10.05330875515938 6.018549747765064 22.41690676659346 0.4237626194953918 2.79780849814415 17.28927309066057 1.28092809766531 1.377043649554253 5.439059674739838 1.544913753867149 0 0.2646867483854294 0.09274627268314362 0.1744631305336952 0.7106675058603287 0.41836266964674 0.9081499353051186 0.08164951950311661 103.2115487083793 0.9716195166110992 0 0.9314822778105736 27.82085923105478 2.037609159946442 0 3.7456014752388 0.3433459997177124 28.16035154461861 24.71217653155327 2.926845073699951 26.13189885020256 14.14608925580978 31.71212366223335 18.0399404168129 63.95320221781731 45.18313433229923 57.61234492063522 76.66178430616856 2.942960754036903 2.604959435760975 0 0.2610010430216789 0 0 0 0 0 0 0 0 0 0 0.1283202469348907 0 0.1070643737912178 0 0 20.97482304275036 7.802645087242126 0 0 0 5.412408426403999 0.5301401764154434 11.05051182210445 1.043913781642914 0 0 0 0.08883675187826157 0.3727385997772217 1.68417713791132 0.3203230947256088 0 3.323373526334763 13.94926252961159 0 0.09027742594480515 0.08741088956594467 0.1206000968813896 0 0.08693961799144745 0.3474126756191254 0.1093910336494446 0.9064224362373352 1.613122701644897 0 0 0.08301867544651031 40.04653199017048 5.247881144285202 0.4284037500619888 0.337605208158493 0 0 0.3535346612334251 0.2419596165418625 0 0 70.4689402654767 0.8157531246542931 0.09959122538566589 0.09551871567964554 0.0831347331404686 23.76064216345549 6.35795921087265 3.883555091917515 5.791700378060341 1.614561423659325 11.38983891159296 4.284924060106277 13.86532580852509 0.1813038513064384 0 0 0 0.1500310674309731 0.07792973518371582 0.08989351987838745 0 19.03743633627892 2.897103257477283 3.023138426244259 128.0704247802496 23.48290595412254 446.2629034146667 46.71721304953098 114.6478417292237 59.73164559900761 11.87346397340298 56.72489059716463 13.9560703933239 0.3367908000946045 19.47587338835001 0.09176210314035416 13.88133563101292 1.358417600393295 0 9.972228787839413 1.122548215091228 0.7567908763885498
2213.849340900779 2039.17247992754 29.47396883368492 765.8296200186014 473.1078577041626 521.9670031815767 1833.003617532551 38.91455049067736 817.9099885076284 0 191.2275395095348 959.2108678966761 4919.749301865697 364.9967268481851 6.25115529447794 1.953564949333668 0.3906469643115997 0 0 0.09074246138334274 0.08098790794610977 0 0 0 0 0.2679200917482376 0.2290969491004944 0.09761625528335571 1.758083291351795 0.09430675953626633 61.97116232663393 5.419169872999191 0.7453950121998787 0 0 0 0.9999262094497681 0.8256415128707886 0.2895994111895561 0.08177107572555542 0 0.2173867672681808 0.107140988111496 0.9554949700832367 0.1527899354696274 0 41.50404744595289 4.749885268509388 0.8271255567669868 0.1234203949570656 0.1588734909892082 0 0.08998566865921021 0.08261115103960037 5.447362840175629 4.871663361787796 74.32796494662762 62.15116416662931 3.136980153620243 19.36940218508244 0 0 0 7.025042936205864 2.897672042250633 2.329299539327621 0.4020048081874847 0.8417458757758141 0.1859349980950356 0.5902750268578529 5.319662384688854 14.20869577676058 0 83.17414032667875 46.90600262582302 36.18127199262381 18.40234910696745 6.778920844197273 0.2910077571868896 11.95706310123205 0.4093972146511078 1.611819319427013 9.619110055267811 0.1925230175256729 0.8634883910417557 1.79766608402133 0.2106311693787575 0.09688378870487213 0.2050567641854286 0 0 0.09736486524343491 0.2330454438924789 0.1579869985580444 0 880.1261077523232 1.388391934335232 0 0.2217777371406555 387.6593161448836 4.016180768609047 4.24851468205452 23.87960234284401 0.389513224363327 113.1602966189384 60.25368608534336 13.49367901682854 91.52295312285423 72.54785108566284 128.2130321413279 46.84037038683891 227.7230373471975 142.0773893743753 132.1221171915531 150.1513866484165 3.601307235658169 3.480755440890789 0 0.4989013075828552 0 0 0 0 0 0 0 0 0 0 0 0 0 0 0 36.83106826245785 17.35418803989887 0 0 0 10.00682248920202 1.173841744661331 17.93466272950172 0 0 0 0 0 0.1929244101047516 0.5501619577407837 0 0 6.238403737545013 21.40477004647255 0 0 0.1226605102419853 0 0 0 0.3294313549995422 0.2240019142627716 0.4343651831150055 4.032616496086121 0 0.4043641239404678 0 52.15214002132416 6.544141113758087 0.5946817845106125 0.6230534762144089 0 0.3172528743743896 0 0.3106159269809723 0 0.09135563671588898 92.75236830115318 0.7118909955024719 0 0 0.1685620695352554 39.37961329519749 4.841283231973648 4.498638480901718 6.664306610822678 6.90727898478508 33.73553603887558 10.83730864524841 23.34582737088203 0.1922489404678345 0 0 0 0.1074090376496315 0 0 0 45.3072300106287 4.644724205136299 2.506893396377563 38.02328255772591 7.097896724939346 101.3957030102611 10.81998915225267 686.2966156154871 21.76049344986677 3.856256857514381 14.01772356033325 14.38513877987862 0.2608322501182556 34.18840490281582 0.0748504176735878 34.41685025393963 3.226105138659477 0 4.683510556817055 0.1203705593943596 0.4920315146446228
704.632059969008 2292.792402237654 1731.11597187072 6.785826362669468 1789.006616413593 31.4472034573555 245.8767078965902 3147.073623672128 3438.397644467652 191.2275395095348 0 24.54197730869055 1733.575478821993 4463.53134830296 27.60778274387121 6.319294072687626 0.4025144353508949 0.3620670735836029 0.160992220044136 0.4992905929684639 0.5579095780849457 0 0.178784117102623 0 0 0.7324394211173058 0.2671649381518364 0.5204766765236855 0.5161465406417847 0.5168795213103294 278.7883821204305 225.7281239405274 6.301088504493237 0 0.09249737113714218 0 0.1101633980870247 0.2513645961880684 0.7964100688695908 0.795950636267662 0.1294834911823273 1.073065154254436 0.9314532056450844 2.114291653037071 0.5624473467469215 0.2187184542417526 244.5211084261537 13.37598820030689 2.250747263431549 0.4452912881970406 2.23622915148735 0 0 0.2328194379806519 17.86382385343313 14.70884384587407 33.90518972277641 54.74791094660759 9.316114902496338 59.37687058746815 0.9927068203687668 0.9364359602332115 0 97.56197149306536 8.518510438501835 8.457382146269083 5.215630363672972 4.608511887490749 0.7519384548068047 0.2058621942996979 2.345287077128887 7.191766388714314 0.09084032475948334 150.9249419793487 158.0838881358504 219.234102986753 164.4990096986294 21.6068200469017 106.2461215630174 165.39758259058 1.311986483633518 11.06275338679552 19.67059275507927 1.586705066263676 1.604605995118618 6.75425062328577 2.327602945268154 0 0.5865443795919418 0.07238473743200302 0.2536693811416626 0.9657886698842049 0.5843742489814758 1.503696627914906 0.6097145602107048 68.53007732331753 1.743527613580227 0 0.5394846051931381 28.17169535905123 0 0 1.728827342391014 0.4412511885166168 12.50473280251026 8.297582253813744 0.7728896737098694 11.80876490473747 8.37799246609211 13.31980423629284 8.060550287365913 30.42304742336273 21.96447615325451 31.65151108056307 40.1220456212759 2.350165456533432 3.59200282394886 0 0.2211034372448921 0 0 0 0 0 0 0 0.08506686240434647 0.1323787569999695 0 0 0.1176847293972969 0 0 0 6.423940137028694 4.119169853627682 0 0 0.09451329708099365 6.282748192548752 0.3927920535206795 5.05430593341589 0.5863826349377632 0.3272100612521172 0 0.106759712100029 0.09347555041313171 0 0.08509150892496109 0.2104863151907921 0 0 7.637421190738678 0.4799278452992439 0 0.1611452400684357 0 0.08590395003557205 0 0 0 0 0.8837927803397179 0 0.1577167063951492 0.397637851536274 20.03000793606043 1.95085084438324 0.2602205574512482 0.4038159623742104 0 0.2775511518120766 0.2618700265884399 0.1700932532548904 0 0 30.89937300980091 0.6281769871711731 0 0 0.08580115437507629 8.438958123326302 1.118684783577919 2.129376500844955 1.48463998734951 1.514871209859848 10.72945242375135 1.617433547973633 4.621695429086685 0 0 0 0 0 0.07287194579839706 0.1030376628041267 0 11.74489488452673 1.273274451494217 1.592539392411709 143.5533210486174 30.79023280739784 471.0728444904089 53.48754648119211 89.84590798616409 67.04047784954309 13.79178157448769 70.38002168387175 7.797856539487839 0.3979354202747345 11.67940285801888 0 6.166060417890549 0.5782263875007629 0 1.135391436517239 1.043142594397068 0
2.145508244633675 47.33238092809916 22.17752718180418 1.540542654693127 8.548190630972385 150.1533686071634 199.522626966238 4.822019577026367 89.21927811205387 959.2108678966761 24.54197730869055 0 743.7510682269931 85.76298473775387 35.88532858341932 45.25341588258743 1.66779300570488 0 0 0.1729816794395447 0.1159797236323357 0 0 0.2016294449567795 0 0 0 0.217403769493103 0 0 9.76086201518774 11.44135969132185 265.6026142537594 0 0 0 19.37809233367443 7.045038834214211 3.374976128339767 4.236438035964966 0 0.1616794019937515 0.2461504116654396 19.63982769846916 0 0.9549562558531761 70.46055889129639 1.03052569180727 0.1060632020235062 0.0945524275302887 0.1842889934778214 0 0 0.2049855217337608 2.039364196360111 1.577222809195518 9.582331784069538 6.700681269168854 2.141749523580074 7.310371056199074 0.167938694357872 8.846985280513763 0.1311069279909134 20.00066441297531 0.8682073093950748 1.237965404987335 0.5961106643080711 0.5573534071445465 0 0.07510261982679367 143.0848116353154 113.0551014840603 0 22.92379165440798 14.2583544626832 52.34351823478937 55.28492506593466 59.59352792054415 0.5581838861107826 80.35340361297131 2.04545696079731 12.44924395531416 2.519195795059204 0.1650921553373337 0.09860667586326599 0.8193927183747292 0.3856708332896233 0 0.09640110284090042 0 0.1829821765422821 0.1684118956327438 0.3130675554275513 0.167823314666748 0 2147.16527248174 22.39117082953453 0 0.406051903963089 8.563830107450485 0.76387619972229 0 2.841780945658684 0.6844780445098877 16.88295930624008 7.426680520176888 0.7325833141803741 15.40879613161087 10.62869988381863 16.82781387865543 20.23477858304977 51.59850567579269 62.62824185192585 64.76453502476215 97.16812862455845 4.597857341170311 4.715460196137428 0 0.1548431366682053 0 0 0 0 0 0 0 0 0 0 0 0 0 0 0 9.286249205470085 6.892940863966942 0 0 0 14.89416621625423 0.8211636990308762 22.45610857009888 0.8784912303090096 0 0 0 0 1.820698201656342 3.128058090806007 0 0 1.042272239923477 12.77844806015491 0 0.6154272556304932 0 0.3763910681009293 0 0 0.204389363527298 0 0.7193466052412987 1.241848200559616 0 0.1226909011602402 0 50.1947096735239 1.518055617809296 0.8982282429933548 0.1996476054191589 0 0.4375862404704094 0.08444760739803314 0 0 0 138.3804992884398 6.197396263480186 0 0 0.1137670204043388 24.16293400526047 7.940483018755913 7.012752279639244 3.492913424968719 5.363592952489853 18.31462645530701 1.437388390302658 15.32931030541658 0.1029943004250526 0.1967548877000809 0 0 0.18075130879879 0 0 0 51.92917309701443 11.47327686846256 7.001261308789253 162.1941775977612 8.851935759186745 194.7683786004782 27.74506884813309 138.1507750675082 20.12555134296417 3.312303766608238 44.93503607809544 16.86245081573725 1.188601344823837 21.35135222971439 0 13.04968643188477 0.6970941722393036 0 5.886268883943558 1.054511092603207 0.1489047408103943
114.9093151241541 1030.472563333809 64.83606954663992 224.1108512878418 379.9666789397597 113.7217877954245 4958.920787975192 194.7033768072724 2184.965805374086 4919.749301865697 1733.575478821993 743.7510682269931 0 800.3240331932902 45.77932384610176 41.7362712174654 1.105933330953121 0 0.09141629934310913 0.08457364141941071 0.4296459555625916 0 0 0 0 0.4672737941145897 0 0.5093912854790688 0.21617541462183 0.1741250082850456 31.47973450273275 25.8836385011673 42.40087951719761 0 0.08522294461727142 0 1.401044130325317 0.2208671048283577 0.4531912282109261 0.6853979229927063 0.3815031796693802 1.025240764021873 0 7.272018849849701 0.4687404036521912 0.6307050064206123 161.1207402274013 3.977477364242077 0.6458997577428818 0.3793198242783546 1.061187572777271 0.108352318406105 0.08103381097316742 0.45465187728405 6.091654278337955 5.434439785778522 16.02468852698803 13.27972687780857 4.827148623764515 21.39429468661547 0.5391916707158089 0.6394585967063904 0 23.94159971177578 3.427738264203072 2.531042113900185 1.744139485061169 1.494887880980968 0.3887553438544273 0.6073364987969398 5.679589070379734 27.62287140637636 0 50.65879328548908 37.77873758226633 111.3172466233373 126.0299768745899 85.39509847760201 2.866186879575253 394.2433036416769 0.7107307985424995 6.745732635259628 7.412018738687038 0.6469749882817268 0.3367793262004852 3.146398305892944 0.8477842509746552 0.09192977100610733 0.3183929100632668 0 0.3268218189477921 0.5987748578190804 0.5044309347867966 0.3709990158677101 0.9750099405646324 2111.126522272825 4.414894133806229 0 0.5244313850998878 18.55221668630838 2.168945014476776 0.3511265814304352 5.343683496117592 0 46.60426990687847 20.44027400016785 3.850077331066132 47.5023767799139 34.77418021857738 58.48056784272194 25.61585591733456 100.1144187301397 101.2931686341763 76.93612563610077 135.8038817048073 3.468343496322632 7.145757988095284 0 0.4250602424144745 0.1157745346426964 0 0 0 0 0 0.1643925905227661 0 0 0 0 0 0 0 0 27.2456826120615 11.23378948867321 0 0.2487153261899948 0 12.43768079578876 0.6797807812690735 17.68298522382975 0.3645387142896652 0 0 0 0 0.9988332688808441 2.068570673465729 0 0 2.286162152886391 20.61489336937666 0 0 0.08271488547325134 0 0.1385582089424133 0.4227685183286667 0 0.107568234205246 0.3449960723519325 5.294209480285645 0 0.1062562316656113 0 64.69978788495064 7.755708329379559 1.35416904091835 0.5625188499689102 0.4186739549040794 0.7504565864801407 0.09357044100761414 0 0 0 150.4052420929074 1.423016488552094 0 0 0.1089254766702652 46.05648790299892 5.117681860923767 6.14001527428627 4.216106474399567 8.04012592881918 29.11503971368074 8.198242887854576 16.21268307417631 0.1056396290659904 0.09434671700000763 0 0 0 0 0 0 53.04516233503819 7.939047984778881 7.665231302380562 217.4024873450398 28.8024488389492 346.2397670224309 60.20858957618475 133.034796975553 51.61236304044724 9.815878823399544 117.057380862534 13.58362605422735 2.375434532761574 28.71298744529486 0.3079360723495483 20.73931010812521 2.040654599666595 0.1824419647455215 6.727455317974091 2.728337444365025 0.1121322736144066
148.4860378354788 1198.873038694263 243.0265342071652 23.26688072830439 825.145281791687 34.9052387624979 1382.99633038044 1032.300549536943 2333.112935140729 364.9967268481851 4463.53134830296 85.76298473775387 800.3240331932902 0 99.96588645130396 102.7880312949419 4.174023285508156 0.4839317724108696 0.2612988725304604 0.4037113338708878 0.9394437670707703 0 0.3900896906852722 0.09915865212678909 0.09982698410749435 0.220194935798645 0 0.5904650539159775 0.6291083171963692 0.2539526522159576 74.40081657469273 70.85181812942028 554.7923211976886 0 0 0.1991292536258698 23.09821632504463 14.97606159746647 7.024077653884888 1.354122884571552 0.3957442566752434 1.121439084410667 0.2041602060198784 21.44817083328962 1.079465948045254 1.782130606472492 297.8042638227344 5.273373976349831 1.076442085206509 0.7325403839349747 0.8685891032218933 0.1119665876030922 0.263827957212925 0.2035224810242653 7.111369624733925 6.514337703585625 26.0965126119554 22.93472174555063 5.409172728657722 29.04985101521015 0.2439228370785713 11.67807005345821 0 60.60651414841413 3.002956464886665 5.377556495368481 2.267489079385996 2.357538916170597 0.5991045013070107 1.266398459672928 78.53470947593451 98.99165798723698 0 91.62649893760681 66.6709101870656 203.0492947027087 237.6727111190557 178.7678162828088 6.4361207857728 1493.546236172318 1.60117644071579 41.8938727453351 10.10554776340723 1.162822991609573 0.4551112800836563 2.295493565499783 1.557163469493389 0 0.0818551778793335 0 0.1924921199679375 0.3917433992028236 0.5309811383485794 0.754660077393055 0.2358187958598137 1102.094201385975 28.60139210522175 0 2.253092542290688 9.868541225790977 1.711654961109161 0.7285646200180054 3.537710443139076 0 34.50417077541351 9.865532085299492 2.102202713489532 19.96148011088371 15.7325953245163 22.38545995950699 19.95342706143856 71.1447246670723 78.78579026460648 73.41568095237017 142.488410949707 8.661686517298222 8.612896144390106 0 0.1651662737131119 0 0.1080868095159531 0 0 0 0 0 0 0.1150179356336594 0 0.1982407197356224 0 0 0.117491252720356 0 14.41774660348892 10.88535171747208 0 0.2247976064682007 0 18.74119481444359 1.197469756007195 22.83446829020977 1.849898211658001 0.4914933890104294 0 0 0.09173944592475891 0.6446074098348618 1.484743312001228 0 0 5.115471675992012 30.45320349186659 0.3940376937389374 0.3213207423686981 0 0 0.1201992407441139 0 0 0.09238842129707336 0.3306773155927658 1.981168121099472 0 1.082947313785553 0.07221778482198715 82.5798407793045 6.86013163626194 1.025919750332832 0.8581584468483925 0 0.1414097845554352 0 0.3114553689956665 0.09843553602695465 0.1195244193077087 204.1302052512765 5.211350962519646 0 0 0.218109592795372 44.86963723599911 12.08850727975368 9.178550757467747 3.634266287088394 7.867743164300919 24.90482243150473 10.31670036911964 15.82335905730724 0.9830306395888329 0 0 0 0.3125253319740295 0 0 0 54.1429181843996 13.87738256156445 13.99688328057528 423.5440454855561 37.41071828454733 651.9917712882161 90.46115974336863 193.4017913416028 71.13374114781618 13.78733393549919 153.1036439239979 19.32054523378611 0.6280513927340508 38.26198168098927 0.6031821668148041 13.80972400307655 3.593297556042671 0 10.50122257322073 3.664245113730431 0.1498314887285233
