0 4209.621023640037 656.5817856788635 1072.047174945474 260.8374348133802 181.3702701628208 1644.400375552475 305.5461055040359 357.3470638915896 1948.534868881106 373.4413107559085 142.8749200999737 195.0746276602149 178.0537819042802 5.153354115784168 0.8480401188135147 0 0 0 0 0 0 0 0 0.1321190893650055 0.1300838887691498 0 0 0.1149482727050781 0 466.6269215047359 19.87535864114761 5.460512444376945 0 0.3857420086860657 0 12.93118961155415 0.751128651201725 4.863358870148659 2.430865697562695 0.1340447068214417 0.1321816146373749 0 0.4178198873996735 0 0.1371956169605255 35.96017910540104 1.865644372999668 0 0.2053087800741196 0.3872829005122185 0.9230801165103912 0 0 6.58508674800396 5.669554941356182 508.3034109175205 471.4028769731522 57.33658720552921 17.50003031641245 1.54125901311636 2.604404002428055 0 11.24164997041225 1.265986196696758 0.2322990149259567 0.3571210131049156 2.173092819750309 1.46171735227108 1.313010148704052 42.59928511083126 24.58711405098438 1.273477509617805 138.9455594196916 66.81188639253378 36.68344032764435 19.96207468956709 1.229731261730194 0 7.829439200460911 0.2137526571750641 1.5167406052351 10.78201001882553 1.415635704994202 2.408867500722408 1.457196615636349 1.660334140062332 0.3743972182273865 2.297947466373444 1.091142997145653 1.009271554648876 2.440947443246841 0.2415771633386612 0.3932436853647232 0.3614458739757538 147.8572087883949 182.6830937862396 9.761630490422249 19.7427633702755 1846.695955678821 0.675222635269165 0.4412071704864502 4.824546337127686 0.449007660150528 0.9719011336565018 8.799539238214493 0.491316556930542 6.81621778011322 30.76808130741119 3.05465079843998 0.2975912243127823 9.014323368668556 6.017353966832161 4.226111456751823 0.9573218375444412 0 0.406770721077919 0 0 0 0 0 0 0 0 0 0.6342523097991943 0 0 0 0 0 0.230410173535347 0 0.8594664633274078 0.8177133202552795 0 0 0 1.389287814497948 1.228861629962921 0.7041666805744171 0.3309790790081024 0.4778414666652679 0 0 0 0 0 0 0 0 0.7612980306148529 0 0 0 0 0 0 0 0 0 0.3250938951969147 0 0 0 2.361812025308609 0 0 0 0 0 0 0 0 0.2010769098997116 2.261912174522877 0.2198980152606964 0 0 0 0 0 1.244544744491577 0 0 0.1640637516975403 0.3956626057624817 0.3534156382083893 0 0 0 0 0 0 0 0 2.787283718585968 0.3012687861919403 0.6050069332122803 199.5990363284945 21.10626305639744 74.00762882828712 17.76537967473269 1039.006051689386 39.33923400193453 7.290179960429668 13.30619854480028 20.39171628654003 0 5.605256378650665 0.3880408629775047 11.65146154165268 0 0 0.9849135875701904 0.9854211509227753 0
4209.621023640037 0 1142.83047554642 275.5890600457788 7043.854891456664 73.00876408815384 3728.232154890895 425.6670734733343 5118.788795396686 78.05865769088268 1283.88863427937 16.58436533808708 191.839845277369 799.6983956545591 19.95215486735106 3.178511992096901 1.110645800828934 0.1783577352762222 0 0.5645230188965797 0.3749052733182907 0 0.5192050784826279 0.7247432768344879 0.3179745972156525 0.6160164326429367 0 0 0.4420920461416245 0 2580.916294723749 62.33708613365889 30.20535580813885 0.8766210973262787 0.3825569152832031 1.399449586868286 34.0931401476264 4.871722660958767 12.4392164722085 1.267834432423115 0.2336673587560654 0.8332136496901512 0.7100673317909241 2.434882566332817 0.1518931686878204 1.052107281982899 225.1694548428059 6.160925075411797 0.4621051102876663 1.388915181159973 0.7754267379641533 0 0 0 14.87336207926273 16.1170789077878 281.9146318212152 736.8878546208143 81.16663336753845 78.15302706509829 5.482773594558239 5.931538932025433 0.2323260456323624 116.7494179531932 2.429320633411407 3.59708271920681 0.3378423377871513 5.105282746255398 3.933588534593582 1.298182979226112 30.61997386813164 4.287352040410042 0 281.6371167376637 275.956932939589 241.4033726155758 85.32375164330006 5.515950158238411 0.6365972459316254 26.38849619776011 2.134999714791775 8.219944350421429 30.65273041278124 1.865077070891857 5.541640482842922 7.121973402798176 6.714024320244789 0.4194624722003937 2.818513296544552 0 1.932340048253536 0.9829910770058632 1.78657303750515 0.7622105479240417 1.503430895507336 29.18457661569118 5.053435981273651 2.004123151302338 16.63597196340561 2155.862231485546 0.6776173114776611 0.70903480052948 7.081448331475258 4.21690958738327 3.766782805323601 39.65235199034214 0.1673975139856339 24.68005387485027 29.15705023705959 9.375204846262932 0.9795585721731186 34.13571766018867 28.73988159000874 28.36311545222998 12.4626050889492 0 0.7048197388648987 0 0 0 0 0 0 0 0 0 0.3310848921537399 0 0 0 0 0 0 0 18.9553996771574 1.416680485010147 0 0.6693503260612488 0 22.1820352524519 4.14711606502533 9.509326443076134 2.353681713342667 0.7461684197187424 0.2322171628475189 0 0 0 0.7981448173522949 0.1853410303592682 0 0.5923752337694168 2.035699874162674 0 0 0.1044944599270821 0 0 0.2209694534540176 0 0 0 0.7785667330026627 0 0 0 27.08684211969376 1.348262175917625 0.5897223055362701 0.4476464241743088 0 0 0.2181721404194832 0.186549112200737 0 0 27.51812931895256 2.647404745221138 0 0 0.2715080678462982 6.627457156777382 0 1.889134049415588 0.5197878032922745 2.86042845249176 2.399796761572361 0.4799433946609497 0 0.09258875250816345 0 0 0.1696554720401764 0.9253410995006561 0.1927724927663803 0.1543951630592346 0 14.15245553851128 4.334147378802299 20.20767958462238 221.8356434926391 66.26862588524818 339.6525525152683 57.34499502927065 536.1106590256095 102.0506682246923 16.09339197725058 45.2718854919076 18.34492068737745 0.9445830211043358 15.81847801059484 0.9903238713741302 12.60828202217817 1.325007095932961 0 3.157258421182632 4.026820212602615 0
656.5817856788635 1142.83047554642 0 6.701704762876034 189.3302131071687 1.691249251365662 50.21075013279915 1467.951387248933 1014.729912273586 1.052793502807617 1506.432422474027 0.919072225689888 25.94821306318045 349.1768575683236 22.87467498332262 12.67629219591618 0.5129369497299194 0.9034391492605209 0.1352391391992569 5.256844848394394 36.33459101617336 0 27.23241154849529 3.910942107439041 2.742184802889824 0.6674199402332306 0 0 0.1775881350040436 0 6309.225189827383 1962.044027850032 57.7720916941762 0.7170483320951462 12.80315662920475 2.421064749360085 11.0654736533761 3.242547214031219 8.098330974578857 4.13877684623003 14.31968124955893 3.700123652815819 17.09593012183905 3.068956047296524 0.3943109586834908 2.61487740278244 103.0369377285242 3.952029138803482 1.449313454329967 5.310602277517319 4.2121592015028 0 0.9772402942180634 1.049018107354641 9.477106347680092 8.396317079663277 274.8587450608611 1272.847150832415 62.24827592074871 37.06344144046307 21.32662966102362 9.197739019989967 8.050573222339153 246.3269301503897 2.167961649596691 4.97962774336338 0.962950237095356 16.21358823031187 65.35765333473682 75.16622832417488 5.85225921869278 3.524061888456345 0 172.1435863077641 230.1093186363578 142.1948324814439 96.23162294924259 13.57807067036629 86.71859061717987 1047.635206401348 9.697381772100925 200.0477732047439 15.27152360230684 1.548178844153881 3.432996697723866 1.72848854213953 21.64000727236271 0.1326452046632767 2.877932459115982 0 1.435026280581951 0.5835924372076988 16.5764521509409 1.342671185731888 0.8036312535405159 2.939054168760777 4.060156345367432 0 8.18361608684063 747.6485368311405 0 0 3.076798975467682 0 1.484136462211609 5.430460765957832 0 1.376567929983139 1.235565319657326 1.061851248145103 0.2629866302013397 3.748030841350555 2.273595929145813 1.199511036276817 0.5914895534515381 0.3011592030525208 0.9220486730337143 0 0 0 0 0 0 0.4205885976552963 0 0 0.3915699347853661 1.639811724424362 0.1375108510255814 1.021615393459797 0 0 0.2965045273303986 0 1.128772526979446 0 0 0.1760737001895905 1.571293085813522 2.286198794841766 1.944203265011311 3.292808994650841 2.46278328448534 2.155520178377628 0 0 0 0 0.4533662647008896 0.1659577339887619 0 1.232623606920242 0.9244726747274399 0.3991299569606781 0.1306182593107224 0.1294173747301102 0.2428760603070259 0.2145811319351196 0 0 0.1067254841327667 0 0.5669815540313721 0 0 0 1.007998809218407 0 0 0.08612451702356339 0 0.2982270568609238 0 0 0.1220686361193657 0 2.729902796447277 2.051949739456177 0 0 0.6013636440038681 0 0.1417625993490219 0.4618873596191406 0 1.495962619781494 0 0.1471544355154037 0.7266109138727188 0 0.1164431273937225 0 0 0.2486810013651848 0 0.1114256158471107 0 0.8928098380565643 1.804073303937912 5.012288019061089 86.86077334731817 31.45065942406654 148.7502436563373 26.16096252948046 31.95336413383484 52.27405019849539 7.046770311892033 18.02695911377668 2.517284139990807 0.6878821104764938 2.305332697927952 0.253013588488102 1.091100066900253 0 0.09987863153219223 1.13883900642395 2.226421222090721 0
1072.047174945474 275.5890600457788 6.701704762876034 0 109.8090573772788 234.7699708938599 2166.919479578733 2.953392669558525 186.2393481433392 2456.845364779234 9.83869643509388 419.1363877058029 1892.742897152901 53.83345414698124 2.07150687277317 0.4707928374409676 0 0 0 0 0 0 0 0 0 0 0 0 0 0 49.0523889362812 4.322781175374985 7.05645452439785 0 0 0 27.41928359866142 0 0.9492643401026726 0.7244998067617416 0.1117064654827118 0.1145545616745949 0 0 0 0 24.33157368004322 1.089392758905888 0 0.145889550447464 0.1185141578316689 0 0 0.152371883392334 2.476476281881332 3.318206928670406 32.72339276224375 76.99493595212698 9.568391099572182 12.6957898363471 0.271609365940094 2.193482905626297 0.4673731625080109 9.501865610480309 1.071089267730713 0.4075996205210686 0 0.2134248837828636 0.227999821305275 0.4671005606651306 27.665587708354 1.267210632562637 0 44.99153091013432 48.4412384480238 29.98794838786125 10.62170639634132 0.3143786638975143 0.4691139310598373 0.9494253993034363 0.1457883417606354 0.6273484230041504 4.971327811479568 0.5726699680089951 1.044037960469723 0.920884795486927 1.157176867127419 0 0.09780734032392502 0 0.7649498954415321 0 0.4199213981628418 0 0.4077982753515244 44.36236944794655 12.55409376323223 0 5.661832615733147 110.4276365339756 0.7744320034980774 1.639199733734131 4.791032537817955 1.732144802808762 1.395397320389748 18.79123595356941 0.4033093452453613 13.47044378519058 34.91924564540386 6.489131927490234 0.2503232061862946 18.02025146782398 13.64417999982834 9.716464996337891 4.604728281497955 0 0 0 0 0 0 0 0 0 0 0 0 0.1348946243524551 0 0 0 0 0 0 5.496161997318268 1.17055606842041 0 0 0.3975890576839447 8.599697560071945 0 3.447262555360794 0 0 0 0 0 0 1.086815595626831 0 0 0.9072267115116119 1.755706578493118 0 0 0.2124502807855606 0 0 0.1775427609682083 0.2265936434268951 0 0 0 0 0 0 7.879695773124695 0.9545103311538696 0 0 0 0 0 0 0 0 7.049410164356232 0 0 0 0 0.6226321011781693 0 0 0.6382769644260406 0.6328579783439636 0.65196692943573 0.7168325781822205 0.3010708391666412 0 0 0 0 0.132251113653183 0 0 0 3.902557492256165 2.188520580530167 2.961355268955231 68.29809842258692 6.939799703657627 42.49015532433987 6.445730492472649 628.7487229332328 14.53000131249428 2.042119346559048 5.093712732195854 18.85480897128582 0 4.540631227195263 0.9919981807470322 4.81225711107254 0.346596747636795 0 0 0.1844093650579453 0
260.8374348133802 7043.854891456664 189.3302131071687 109.8090573772788 0 35.42985142767429 988.578152641654 18.21507802605629 4001.346429370344 295.1481008976698 67.27531364560127 35.01556400954723 201.1935696974397 140.9349742084742 30.66382037103176 5.54335031658411 0.5338891074061394 0 0 0.559737503528595 0 0 0.1603123247623444 0 0.431219682097435 1.110200487077236 0 0.5041171461343765 0.6905266940593719 0 180.900897398591 47.743886962533 54.13596245646477 0.1779637187719345 0.1473857164382935 1.564395919442177 49.05979322642088 4.056910201907158 22.32948219776154 1.601748540997505 1.522967986762524 1.958726979792118 0.5679564774036407 2.242621138691902 0.144423246383667 0.3807725310325623 309.2694416567683 4.962155848741531 0.7544483691453934 1.607026547193527 0.9813245758414268 0 0 0.1267304718494415 8.315086714923382 14.1891690120101 54.77082104980946 161.3225895613432 32.15798050165176 90.1502243950963 5.588856741786003 8.21772675216198 0.1357100456953049 116.4702700525522 1.628306724131107 3.692661561071873 0.7017742022871971 6.144038528203964 2.656507067382336 0.9635599404573441 90.74425502121449 26.69426715373993 0 132.28814676404 181.6843024641275 276.6703414469957 138.6023135781288 10.68432318419218 2.057091400027275 26.12320318073034 1.152306348085403 7.285908274352551 20.22597377002239 3.427544541656971 4.790479518473148 5.252170838415623 5.043144218623638 0.7083331942558289 4.462143115699291 0.3928021639585495 3.304857067763805 1.184400677680969 1.663541413843632 2.631250374019146 2.928022727370262 112.1554156690836 17.20495954155922 0 35.39185599982738 51.15095268189907 6.711373209953308 4.686303168535233 31.06446444988251 8.837230607867241 14.02560582756996 115.6247916817665 3.783557817339897 69.34696832299232 74.34065064787865 30.18682806193829 6.041254833340645 143.3747892379761 110.0582785755396 78.0711012929678 32.99735070765018 1.220285519957542 2.034118920564651 0 0 0 0 0 0 0 0 0 0.2158853709697723 0 0.2095784246921539 0.6052051782608032 0.1943949460983276 0 0.4080033600330353 0 42.52899962663651 9.371114626526833 0 1.836601465940475 0.6020295023918152 52.10846838355064 7.077024400234222 22.61576166749001 5.611540228128433 0.7043149471282959 0 0 0 0.8605024218559265 2.496141642332077 0 0 5.570602372288704 10.40096463263035 0.9022230952978134 0.2506874203681946 0 0 0.2275053858757019 0.1078596040606499 0.3142715096473694 0 1.238271832466125 6.499852806329727 0 0 2.001921772956848 70.24499866366386 10.00127157568932 0.419343501329422 0.6240332946181297 0 0.3293465226888657 0 0.1408512890338898 0 0 97.91526608914137 3.355561226606369 0 0 0 12.5658722370863 0 6.281423822045326 8.349641174077988 10.23109620809555 11.39320094883442 6.258134141564369 1.520804643630981 0 0 0.2312775850296021 0 0.5816454216837883 0.1165721341967583 0 0 55.73621014505625 22.46588046848774 50.20338673889637 317.5525159537792 85.13165645301342 478.30562107265 93.32030221819878 215.801309324801 138.8488017097116 16.33612988144159 87.59430737048388 84.87142303586006 1.29355750232935 36.47830358147621 1.850714392960072 43.99552918970585 2.666616797447205 0.9121304303407669 4.495849758386612 7.227520994842052 1.408265545964241
181.3702701628208 73.00876408815384 1.691249251365662 234.7699708938599 35.42985142767429 0 266.1207863986492 0.8872712999582291 46.96319878101349 826.6177661418915 2.202288135886192 324.5982151478529 256.1326268911362 28.83560873568058 0.2867771983146667 0 0 0 0 0 0 0 0 0 0 0 0 0 0 0 0.3284572660923004 0.3855253159999847 4.514467626810074 0 0 0 29.12496092915535 0.6442557573318481 14.4896482527256 0 0 0 0 0.2299562096595764 0 0 0.3903169333934784 0 0 0 0.1751803904771805 11.61913269758224 0.6397100389003754 0 0 0.4710507541894913 55.53988394141197 3.871132627129555 2.256758376955986 0.3262183219194412 0 0.66804139316082 0 0.1285292208194733 0.3675876259803772 0 0 0 0 0 216.9727586954832 262.5588245838881 11.27503730356693 0.8244658783078194 0.1567992269992828 1.029561638832092 0.1231822967529297 0.1396365016698837 0 1.062725812196732 0 0 0.1688127517700195 0.6508682817220688 0.116155281662941 0.2128939628601074 0 4.619808375835419 5.624428302049637 14.3164319396019 1.959302231669426 14.92144970595837 0.3034010529518127 0 2.400381073355675 491.5904814898968 429.9564647674561 83.50832138955593 93.4977592676878 151.4056009948254 0 0 0.7927222400903702 0 0 0.4628925174474716 0 0.4431038796901703 4.542040228843689 0.1451397836208344 0.1442945301532745 1.376994341611862 0.3217080533504486 0.969609260559082 0.2474789917469025 0 0 0 0.4013626575469971 0 0 0 0 0 0 0 0 0.3033580482006073 0.4662797749042511 0 0 0 1.071102350950241 0.1517353057861328 0 0 0 0 0 0.8404971212148666 0.5940368175506592 1.170052587985992 0.7712899893522263 0 0 0 0 0 0 0 0 0 0 0 0 0 0 0 0 0 0 0 0.1453953087329865 0 0 0 1.002128168940544 0.7106228470802307 0 0 0 0 0 0 0 0 0.3567416667938232 0.3410474359989166 0 0 0 0 0 0 0 0 0 0 0 0 0 0 0 0.5310913920402527 0 0 0 0.7063140422105789 0 0.73298180103302 3.765703067183495 0.1796381771564484 1.089602269232273 0.7508509904146194 86.30648322403431 1.404228270053864 0.2882863283157349 0 2.10452327132225 0 0.5186096429824829 0.1366338580846786 0.6762477457523346 0 0 0 0 0
1644.400375552475 3728.232154890895 50.21075013279915 2166.919479578733 988.578152641654 266.1207863986492 0 33.57529225945473 4009.407724693418 2607.352475292981 157.827954903245 114.909315764904 3455.547620423138 588.6541012302041 47.91070211678743 8.768226839601994 0.9740543141961098 1.348052725195885 0 0.295435830950737 0.1883513927459717 0.1138260364532471 0.5455904304981232 0.2958897054195404 0.3588098883628845 1.741764888167381 0.1861889809370041 0.2516676187515259 0.1916692852973938 0 385.759211614728 60.2105957865715 81.95243246108294 0.4016247987747192 0 0.8116590976715088 102.0806094631553 13.81228539347649 36.29315319657326 4.636768661439419 0.7907271385192871 4.455275848507881 0.3689661175012589 2.636294186115265 0.653962180018425 0.675102174282074 464.8855795413256 12.21347591280937 1.516935393214226 1.771627135574818 3.27241525053978 0 0 1.523807048797607 16.47438199818134 26.16058598458767 155.325539059937 424.8739407211542 74.40545791387558 152.9497744292021 8.129140436649323 15.42900202423334 1.798595502972603 174.2132985815406 4.705583930015564 6.671963289380074 1.536649599671364 9.101038679480553 7.040988743305206 1.26057231426239 151.5086903274059 35.17106790840626 0 327.9265514612198 383.7290047258139 466.294786542654 162.1070022210479 10.33516788482666 3.230231404304504 29.65116890519857 2.736148558557034 11.80473687499762 45.6547839641571 4.749622404575348 8.707231886684895 10.17638716101646 8.139383390545845 1.171376191079617 5.296730495989323 0.2532612681388855 4.557136669754982 3.4956029728055 3.126260749995708 4.023943208158016 4.097110040485859 427.038158223033 18.60211989283562 1.037933349609375 68.3728900924325 285.2637483999133 14.21771751344204 7.563361808657646 181.4960450604558 68.20951510965824 30.40737859904766 287.8682084232569 9.745318740606308 149.2896753847599 293.7688441574574 72.28376963734627 11.20030863583088 311.7655821591616 222.8301910087466 187.7594565153122 74.80768883228302 2.052705310285091 7.209205761551857 0.08535335958003998 0 0 0 0 0 0 0 0 0 1.209466636180878 0.4792338013648987 0.3261432498693466 0 0 0.3094949424266815 0 84.03718909621239 14.3441903591156 0 4.145722344517708 1.618157804012299 105.6954847127199 21.6783402711153 54.91485430300236 7.331638716161251 2.38797889649868 0.1247264742851257 0 0 0.3461002111434937 3.236951112747192 0.1878610402345657 0 11.22447913885117 22.56528821587563 0.8946393430233002 0.166985034942627 0 0 0 0.3807276785373688 2.003847122192383 0.3494321554899216 1.878334730863571 11.39361280202866 0 0 1.11453565955162 112.662623167038 17.14252637326717 1.686461806297302 1.321653686463833 0.1566917449235916 0.3659210652112961 0.4213622212409973 0.5114855095744133 0.1598250567913055 0 180.6243391484022 4.585465997457504 0.1496928036212921 0.1255953460931778 0.5020816549658775 17.40394705533981 0.9604201316833496 5.870590806007385 12.24363402277231 22.61720182001591 17.70270676910877 7.0500877648592 4.133693523705006 0.3354487419128418 0.1015331298112869 0.1232383400201797 0 0.7820645794272423 0.1660740226507187 0 0.1289600729942322 118.8074502795935 36.83011917769909 107.5739804804325 507.7444848716259 153.812703602016 654.5026476979256 138.5908623486757 1328.061857528985 210.4709128886461 28.18626148253679 113.7389190942049 156.6131957769394 7.8290781006217 56.60384714603424 3.956933744251728 118.5680696666241 4.172075062990189 0.6783248037099838 6.787021562457085 9.07668112963438 0.3336847424507141
305.5461055040359 425.6670734733343 1467.951387248933 2.953392669558525 18.21507802605629 0.8872712999582291 33.57529225945473 0 1113.419651910663 1.396131962537766 2268.659630142152 3.026163503527641 76.81898669153452 894.8155496194959 39.89451310038567 33.09133111685514 3.310245767235756 3.367234885692596 0.8247558921575546 17.33833020180464 107.1821797564626 0 73.92946402728558 17.75490257143974 8.118541970849037 5.056420974433422 0 0.3603284955024719 0.1597413569688797 0 1207.654134303331 2029.93541226536 164.687780790031 8.297016605734825 28.2227568924427 4.544003821909428 32.96883571892977 3.266091540455818 8.659460544586182 1.39738143235445 34.16125763952732 6.067613676190376 35.19615104794502 7.422817505896091 6.676606886088848 10.35781098157167 191.8287159428 3.126549310982227 4.369116358458996 14.29862426221371 9.733656942844391 0.649258628487587 0.6748486831784248 1.633151732385159 4.229748427867889 6.903583072125912 73.20438030362129 326.2190713509917 20.29937483370304 56.60471116006374 128.5295587852597 24.03456258773804 21.88904159516096 317.4690076261759 2.124397084116936 5.567042253911495 1.186701379716396 30.364790789783 125.7748846039176 198.5673699006438 13.0100454390049 5.627624034881592 0.2041407525539398 108.587853051722 196.3251749053597 237.025298602879 280.4247894287109 331.2174655795097 444.1573848426342 5146.030831977725 212.4737192764878 2442.202083416283 10.72045467048883 1.285169214010239 4.50979470461607 3.293089412152767 37.87783831357956 0.3481314927339554 2.603212259709835 0 0.8844036012887955 0.9330984577536583 37.60335622727871 3.17670451849699 3.842538930475712 5.737458929419518 0 0.4731660187244415 2.673918828368187 87.20847969502211 1.499429807066917 0.1292496770620346 1.631580919027328 0.6920723915100098 0.6464188694953918 7.678893879055977 0 3.940154537558556 2.349324434995651 0.8524012118577957 0.6418543308973312 7.392590187489986 4.672840774059296 4.343963012099266 1.911246836185455 0.8171810060739517 0.9644479602575302 0 0 0 0 0 0 0.8434176445007324 0 0 0.5471013784408569 0.6524097099900246 1.285230621695518 0.7166705727577209 0.1386573165655136 0 0.6335623264312744 0.1353112906217575 5.255199685692787 1.028985925018787 0 0 0.2855761796236038 4.795340731739998 2.161458022892475 4.379498042166233 2.209053374826908 1.586417257785797 0 0.1665376275777817 0.1461518257856369 0 0 0 0 0.1999698877334595 1.939662657678127 0 0.3113801777362823 0 0.2819636315107346 0.1303874254226685 0.3340795040130615 0 0.1281888037919998 0 1.212734341621399 0 0 0 7.218709379434586 0.2268941253423691 0 0.2447371035814285 0 0 0 0.3626155778765678 0 0 6.429207488894463 1.148031741380692 0 0 0 0.3758464902639389 0 0.8714725226163864 0.08964847028255463 0.2087509632110596 0.5685602277517319 0.1482056081295013 0.1610028892755508 0.1362041234970093 0 0 0.1116008684039116 0 0.1170811802148819 0 0.1097376570105553 4.038962662220001 2.035593330860138 4.633370958268642 138.8863118961453 41.27897183597088 231.9614461064339 39.77298568934202 16.98755971342325 50.93361116200686 6.079601563513279 45.35852646827698 4.917950913310051 0.2935271263122559 7.366017192602158 0.470792330801487 1.969604559242725 0.128130778670311 0 0.601296454668045 2.216872662305832 0.9417544975876808
357.3470638915896 5118.788795396686 1014.729912273586 186.2393481433392 4001.346429370344 46.96319878101349 4009.407724693418 1113.419651910663 0 547.4292301684618 2362.311388604343 68.13857731223106 1830.067195028067 4805.134471334517 48.70109126716852 14.1516632065177 0.397543728351593 0.43999382853508 0 0 1.973549708724022 0 0.9510543644428253 0 0 0.4631471037864685 0 1.121899008750916 1.102630764245987 0 304.0855190977454 69.09076768904924 53.25540374964476 0 1.024955615401268 0.320939913392067 83.32543135434389 5.266883708536625 8.939357914030552 1.403293043375015 2.553826197981834 1.470796629786491 0.2056852281093597 1.842512741684914 0.3253263682126999 0.9047434851527214 286.7378492951393 4.098839499056339 1.61088465154171 1.119388781487942 1.656809993088245 0 0 1.45574389398098 5.97550168633461 9.451979823410511 37.6695180311799 104.359475903213 21.58729664236307 67.45697911083698 2.300376228988171 5.444093897938728 0.2786276936531067 70.6776060461998 2.180872827768326 3.982412122189999 0.2459544241428375 4.664025396108627 3.244484268128872 3.680891826748848 72.46098398417234 20.87506639957428 0 92.3143824711442 113.1747926399112 228.028421074152 142.4661356881261 15.50355049222708 1.264942213892937 62.13017269968987 0.8681305348873138 6.559069931507111 13.32602006196976 2.472589440643787 4.428055621683598 3.831161685287952 3.933277644217014 1.662708669900894 2.60948371887207 0.1170268729329109 1.599438369274139 1.444071806967258 2.726309739053249 1.098727233707905 2.251614131033421 301.3816312104464 10.7514616549015 0 17.26606757938862 92.67244249582291 6.313779398798943 6.220240235328674 31.86434265971184 11.40396009385586 11.96443293243647 147.3673534691334 3.925975263118744 85.50075772404671 95.41931992769241 43.43321923911572 4.724416300654411 179.2170513570309 137.3274297639728 122.1282504722476 36.01059025526047 0.8582381308078766 2.54881314188242 0 0 0 0 0 0 0.5277908593416214 0 0 0 0.384209930896759 0.3739787936210632 0 0 0.1783673763275146 0.314954936504364 0 38.0351914614439 9.161831766366959 0 1.005565240979195 1.184195876121521 37.01030518114567 8.958523079752922 22.57877571880817 5.141101434826851 0.7422651201486588 0 0.1429751217365265 0 0 0.7096568048000336 0 0 3.220119222998619 10.25825599581003 0 0 0 0 0.1455749571323395 0.316969245672226 0.881305456161499 0.1141569241881371 0.4668116718530655 5.179025873541832 0 0.1654611825942993 0.1860192716121674 53.87955613434315 4.817471504211426 0.5703063234686852 0.4378102198243141 0 0.3332442045211792 0 0 0.5895423889160156 0 92.95368410646915 6.184087589383125 0 0 0 10.02856466174126 0.1547102630138397 4.472741693258286 7.589350298047066 10.56179474294186 8.26249185949564 2.857573315501213 1.612524822354317 0.1552235633134842 0 0 0 0.1439690291881561 0.1006426215171814 0 0 78.0949145257473 16.95295672118664 48.59030441939831 391.1267610639334 86.61704660952091 466.6478660702705 109.642221018672 201.6326827034354 140.2125917449594 12.69452997297049 110.8682779967785 81.91990389674902 1.978504307568073 28.12929127365351 2.186643309891224 60.06497167050838 2.48230941593647 0 4.493507668375969 11.41015093028545 0
1948.534868881106 78.05865769088268 1.052793502807617 2456.845364779234 295.1481008976698 826.6177661418915 2607.352475292981 1.396131962537766 547.4292301684618 0 18.90276817977428 1694.244508191943 11327.40544708073 296.216495603323 1.556020498275757 0.9669820219278336 0 0 0 0 0.1421582251787186 0 0 0 0 0 0 0 0 0 5.84266622364521 1.051869332790375 15.06689541041851 0 0 0 396.8914968520403 0 1.046406954526901 0 0.129171684384346 0.1654115468263626 0 0 0 0 10.92981164157391 0 0 0 0.1536911725997925 0.318171888589859 0 0 0.6871712505817413 0.1048630103468895 30.72721054404974 13.6672433540225 1.730096630752087 4.742009788751602 0 0.8156136274337769 0 1.905588001012802 0 0 0 0.3843562379479408 0.2735795006155968 0.145285502076149 338.4074643850327 4.707358703017235 0 6.515027701854706 4.289751350879669 9.7313027754426 3.694696091115475 0.1516529023647308 0 0.5086204260587692 0 0.119575522840023 0.9600197076797485 0 0.2194370627403259 0.3089665845036507 0.1346074491739273 0 0.2869015336036682 0.5089426040649414 0 0 0.1341581493616104 0.116223119199276 0 643.72160795331 78.87211762368679 0.5473307371139526 4.765874236822128 515.8673022836447 1.526809327304363 15.33904975652695 30.0188252478838 177.0442292541265 8.074784532189369 65.70865744352341 51.13618990778923 32.67919358611107 361.3036366403103 163.3527144491673 5.455561175942421 151.3477145284414 423.9550208747387 336.1705963239074 11.24313801527023 0.8757288008928299 1.053131401538849 0 0 0 0 0 0 0 0 0 0 0 0 0 0 0 0 0 10.06896643340588 0.966434970498085 0 0 0 7.688122004270554 0.6415876746177673 1.90482585132122 0.3920295238494873 0 0 0 0 0.3423148095607758 0 0 0 0.3149068206548691 3.441310375928879 0 0.3209671676158905 0 0 0 0.09122014045715332 0.1092410981655121 0 0.1599404364824295 1.233360424637794 0 0 0 4.415811344981194 1.070959761738777 0.7763592451810837 0 0 0.1213831305503845 0.1756520718336105 0 0 0 25.30680184066296 0 0 0 0 0.6659040153026581 0 0 1.802183493971825 1.535410866141319 2.073881849646568 1.996849119663239 1.686466291546822 0.1493003070354462 0 0.1749256253242493 0 0 0 0 0 58.21272794902325 1.082556933164597 4.463976219296455 120.605379909277 3.344830900430679 23.49223473668098 4.436080522835255 1418.304920047522 8.286778375506401 0.4045540988445282 7.372655108571053 50.76679128408432 0.2954818457365036 8.3296033218503 0.1665096431970596 50.46620513498783 0.7228706330060959 0 2.423252940177917 0.4151942133903503 0.5256010890007019
373.4413107559085 1283.88863427937 1506.432422474027 9.83869643509388 67.27531364560127 2.202288135886192 157.827954903245 2268.659630142152 2362.311388604343 18.90276817977428 0 18.04851157218218 597.7550928220153 5518.655347913504 76.52945064753294 46.11661971360445 1.6284284517169 0.1655638664960861 0 1.076933421194553 18.11652309447527 0 14.88085328042507 2.907052338123322 4.359722793102264 1.816461354494095 0 0.6416496634483337 0.3060182929039001 0 875.401378929615 911.1666362434626 440.6350109949708 0.6823133304715157 7.805111713707447 3.748249121010303 227.2109060361981 14.2613390237093 9.695761792361736 2.660312242805958 22.38639377057552 2.886385545134544 4.316893443465233 5.946943573653698 1.192111983895302 1.219438388943672 368.777630649507 3.61565063893795 0.7404394596815109 2.6756352186203 5.857793606817722 0.1411823034286499 0.7788247913122177 0.8368197157979012 6.212030060589314 8.344436518847942 58.96715302765369 238.1167401373386 23.85980320721865 91.9653720036149 3.47658084332943 34.5685388892889 7.935374885797501 159.6747778952122 1.617698818445206 2.783856056630611 0.221591554582119 10.4222663640976 25.30123945325613 56.67927642166615 79.86367103457451 22.35693673789501 0 105.0543598979712 203.9652848243713 362.4555727988482 298.4401317685843 40.49229118227959 81.72768014669418 1768.174596995115 4.688721559941769 33.75667695701122 15.75510707497597 2.134972892701626 3.684171453118324 4.235497996211052 8.932775996625423 0.3186378329992294 3.838628739118576 0.2198214754462242 1.953883022069931 1.356097511947155 20.15765087306499 4.816752217710018 2.004530444741249 27.3372308909893 4.91399359703064 0.626003086566925 14.75200770795345 90.83045809715986 2.633599139750004 0.394475907087326 8.118993282318115 2.242588922381401 2.036742076277733 27.81219267845154 0.3617658019065857 18.34967084228992 13.53456436097622 4.332156881690025 1.421343564987183 24.87603095173836 22.24793784320354 16.95765203982592 7.380467996001244 0.1306998282670975 1.08254599571228 0 0 0 0 0 0 0.5410774052143097 0 0.1273556053638458 0.1601182520389557 0.9615967869758606 0.3772934675216675 0.4806909635663033 1.156161323189735 0.1819829493761063 1.10158134996891 0 12.66732569783926 1.232559010386467 0 0.7427675724029541 0.6214249357581139 19.94121432304382 7.832592599093914 11.0820786356926 3.65605066716671 1.051722750067711 0.180198535323143 0.5344965308904648 0 0 0.4123225212097168 0 0 0.9785753190517426 4.026338495314121 0 0.2301360815763474 0 0.2290877252817154 0.6335769891738892 0.1773323863744736 0 0 0.6366049945354462 2.475543722510338 0 0.7305843681097031 0 15.90774171054363 0.9041887521743774 0.1361664086580276 0.1314594894647598 0 0 0 0.1186470985412598 0 0.2898853719234467 36.5435840934515 2.916254490613937 0 0 0.1718684136867523 2.841345310211182 0 0.4628539681434631 2.489495098590851 2.457781240344048 3.844353325664997 1.638944774866104 1.130647256970406 0.1264064311981201 0 0 0 0.2458118572831154 0.2811737954616547 0 0.2813607454299927 9.570303440093994 7.934711620211601 23.14250465482473 343.3717760592699 71.88382335007191 495.3722228109837 93.86131156235933 28.84924720227718 129.6241371184587 11.03271190822124 122.2488159537315 24.23669147491455 1.18745893239975 8.537968806922436 2.272710807621479 7.207132413983345 0.9798556715250015 0 2.778389111161232 7.711117401719093 0.1369246989488602
142.8749200999737 16.58436533808708 0.919072225689888 419.1363877058029 35.01556400954723 324.5982151478529 114.909315764904 3.026163503527641 68.13857731223106 1694.244508191943 18.04851157218218 0 2019.027307242155 153.4951276928186 13.00898744910955 10.87327113747597 0.2694625407457352 0 0 0.3008334934711456 0.8994525671005249 0 0.3279552608728409 0.2964857816696167 0 0 0 0.1633541584014893 0 0 2.171394988894463 0.873092919588089 56.51332901418209 0 0.1473957002162933 0.1532159149646759 647.6824063062668 1.168191321194172 3.851832814514637 0.2840677201747894 0.5533896535634995 0.6074749976396561 0 0.9920143932104111 0.1326595991849899 0 40.17172429710627 0.1084857136011124 0 0.4260274767875671 0.4021909311413765 0 0 0.1186917275190353 1.154661633074284 0.4506504386663437 4.837962552905083 3.959017783403397 1.139424405992031 6.738606058061123 0.955715499818325 3.456016331911087 0.4161972105503082 2.227382332086563 0.114324264228344 0.5613217651844025 0.1638220250606537 0.5669030919671059 2.956722132861614 3.720557317137718 345.450892791152 95.48690894246101 0.1759606599807739 6.005629733204842 8.370350115001202 31.26019286364317 26.0694462582469 5.869645699858665 0.2092014402151108 9.080607630312443 0.1010048314929008 0.2056648135185242 1.484037719666958 0.286543071269989 0.2042306959629059 0.2373331114649773 0.5078005194664001 0 0.7456929087638855 0 0.1308747231960297 0 1.255066066980362 0.6561594307422638 0.3199184238910675 1956.580841183662 183.3604473024607 1.223670870065689 12.99587720632553 117.2565186470747 5.659019961953163 2.387244537472725 15.81614999473095 5.840357884764671 7.777008056640625 110.7970590144396 4.989705994725227 56.82187846302986 61.23119786381721 33.16065464913845 7.045726835727692 134.8123892396688 113.4474028795958 102.3204955458641 36.20016381144524 0.574773758649826 1.236802816390991 0 0 0 0 0 0 0 0 0 0 0 0 0.1727577298879623 0.2023654878139496 0 0 0 26.94664454460144 3.370454549789429 0 0 0.1395571380853653 42.52101010084152 3.037253275513649 13.5940346121788 1.708003178238869 0.4511417746543884 0 0 0 0 0.5025685727596283 0 0 0.3329944163560867 6.459867343306541 0.1773509383201599 0 0.5139115452766418 0 0 0.1470382064580917 0.1900531202554703 0.3190847337245941 1.843888342380524 4.147633939981461 0 0 0 31.06721952557564 3.118793189525604 0.8775758445262909 0 0.2352068871259689 0 0 0.1308180540800095 0 0 99.59010049700737 3.684488654136658 0 0 0 6.322121858596802 0 2.188772529363632 2.64048033207655 5.825490698218346 3.87035147100687 1.091358244419098 1.072599276900291 0.3257699608802795 0 0 0 0 0 0 0 88.81788320839405 17.16111175715923 25.51791198551655 112.6437699943781 10.71087590605021 69.90331630408764 17.0879653096199 388.5224616527557 15.51270189881325 0.6818355172872543 27.80388716608286 29.71333526074886 1.045127294957638 12.68602095544338 1.253823913633823 32.74635403603315 0 0 2.5607870221138 1.364376381039619 0
195.0746276602149 191.839845277369 25.94821306318045 1892.742897152901 201.1935696974397 256.1326268911362 3455.547620423138 76.81898669153452 1830.067195028067 11327.40544708073 597.7550928220153 2019.027307242155 0 2654.433177217841 46.66481128334999 25.46530865877867 0.5124185532331467 0 0.1606733798980713 0.7011551707983017 2.575430706143379 0 1.295838430523872 0.1800350546836853 0.2177093178033829 0 0.1802519708871841 0 0 0 36.93119870126247 12.40805105865002 228.0343410372734 0.1516721248626709 1.029719978570938 0.3733880817890167 570.0723326727748 1.766362547874451 5.471890538930893 0.7546011805534363 1.85748778283596 0.5704419910907745 0.6289629116654396 3.192462667822838 0 0.2195750921964645 146.9613175094128 2.010445356369019 0.4093437790870667 0.5296699702739716 0.6427375450730324 0.2943924814462662 0.4233396351337433 1.421315252780914 2.576155997812748 3.38277455419302 8.879580475389957 17.35245504230261 6.776413910090923 26.61561760306358 0.7026593536138535 5.298594310879707 0.8115161955356598 16.75754265487194 0.7026536166667938 0.9301405921578407 0 2.213108271360397 3.102208748459816 7.538456775248051 403.1669251918793 73.56002199649811 0.5846923962235451 28.28357066959143 36.98978018760681 117.353177793324 94.89030862599611 18.28914163261652 0.4372471421957016 24.6510573849082 1.202366426587105 3.108942396938801 4.166763201355934 0.168975442647934 1.230163894593716 1.128632418811321 2.508918777108192 0.1013512760400772 1.135194934904575 0.1255558729171753 0.6335555985569954 0.4691755846142769 1.681886799633503 0.3745735734701157 1.218796439468861 2542.38882304728 104.4838549494743 2.101192310452461 15.59670820832253 105.6924036443233 9.024440139532089 4.849546566605568 46.33721752464771 15.54550586640835 26.40268145501614 226.2828672677279 8.964371785521507 126.5993585735559 276.4351329579949 78.62104745209217 9.823527865111828 338.287594601512 237.0804099887609 193.4302244186401 54.78640319406986 0.8437827751040459 1.070034056901932 0 0 0 0 0 0 0.1197802945971489 0 0.2869507968425751 0.1276699602603912 0.4363965690135956 0.5246761441230774 0.1144607961177826 0.2469312250614166 0 0.1143315955996513 0 45.19958114624023 9.764150530099869 0 1.267040252685547 0.4617867767810822 50.9992890805006 2.580380216240883 17.66369727253914 2.094801902770996 0.4538430422544479 0 0.2539966404438019 0 0.2584247887134552 2.10488149523735 0 0 3.088241592049599 8.467195503413677 0.2083160281181335 0 0 0 0 0.3393364325165749 0.3110062479972839 0 2.375946402549744 5.748709887266159 0 0 0 49.01296770572662 8.522524699568748 0.8367364257574081 0.1199652552604675 0 0 0 0.1220111176371574 0 0 169.5269187241793 3.281032711267471 0 0.2326789051294327 0.2157091647386551 12.70421342551708 0.7712370753288269 4.158963069319725 5.565102308988571 8.204602219164371 8.318541146814823 4.507165461778641 2.622096285223961 0.467062883079052 0 0 0 0.1703095883131027 0.2188740372657776 0 0 194.60218963027 22.69922582805157 35.39523637294769 268.6493987366557 45.90106718987226 256.2220445647836 68.7862980440259 440.9664376676083 69.36254151910543 5.966595202684402 80.13291390240192 88.98196419328451 2.220395624637604 29.82373470813036 1.150749288499355 80.29865419864655 0.9182751178741455 0.1790654063224792 1.548503369092941 3.354639649391174 0.8458590805530548
