0 5335.014843218029 1221.087894111872 2145.451432898641 855.4710724502802 98.89049361646175 1013.957915134728 143.0247069150209 194.9788110405207 1053.014092892408 618.8947031572461 113.2528059706092 203.2680936604738 107.1109078601003 3.422892987728119 1.356415115296841 0.6691921576857567 0.09513738751411438 0 0.9032570198178291 0.1760896891355515 0 0 0 0 0.2565129548311234 0.1052077487111092 0.1587488651275635 0.5068322345614433 0 562.8687549456954 9.277053453028202 3.862478896975517 0.08747687935829163 0.1326804757118225 0 1.982432588934898 0.09174979478120804 0 2.18670243024826 0 0.1792382299900055 0.465596929192543 0 0.4746287316083908 0.3580984324216843 35.00860175490379 6.92766061425209 0.3389809131622314 0.3843310698866844 0.1198817417025566 0.2727429866790771 0.4832234382629395 0.1196737885475159 6.554795429110527 18.28745753318071 384.2874340191483 2196.82820148021 53.2390259206295 8.795279666781425 0.1722428947687149 1.388600066304207 0 24.47818011045456 7.898643888533115 4.109785556793213 0.641760066151619 2.313543021678925 0.5146812275052071 0.8762656301259995 43.99328674376011 24.81385952234268 0 98.72498094290495 63.48759803920984 21.05325607210398 24.96210784465075 3.279826991260052 1.470181562006474 50.04802753031254 0.4257048740983009 4.279486775398254 12.56974045187235 0.976017639040947 5.57230544090271 3.715634748339653 3.976558171212673 0.8472926467657089 0.625345416367054 0 0 0.1081108450889587 0.3246366679668427 0 0.1561030149459839 203.2925601154566 29.54751291871071 2.794528067111969 2.882207751274109 1895.114362426102 0 0.6080654263496399 0 0 0 3.778204575181007 0 0.1696280837059021 12.19808085262775 1.444613754749298 0.2776138857007027 5.031435862183571 6.070892803370953 2.017759785056114 1.97842875123024 0.2058327347040176 0 0 0 0 0 0 0 0 0 0 0 0.1139290109276772 0 0 0 0 0.2446707487106323 0 0 0 0 0 0 0.9010354727506638 0.5815087407827377 4.172735251486301 0.623689316213131 0 0 0 0 0 0 0 0 0.3161133527755737 0.3312325477600098 0 0 0 0.4363753497600555 0.2078206539154053 0 0.5372868776321411 0 0 0 0 0.4300439655780792 1.203198313713074 0.4421011507511139 0 0.1955856680870056 0.3954217880964279 0 0 0 0 0 0 5.630586691200733 0 0.1848480999469757 0 0 0 0 0.8407251834869385 0 0 0.104142889380455 0 0 0 0 0 0 0 0 0 0 2.446263410151005 2.870397001504898 3.254913859069347 176.403998978436 20.77728242427111 193.0679577291012 28.46875711530447 783.1247974485159 17.51938033103943 5.050937280058861 13.87453704327345 1.576857805252075 0.08677026629447937 1.58622345328331 0.1431620121002197 3.733739197254181 0 0 0.1704436987638474 0.4642147794365883 0.3106765449047089
5335.014843218029 0 924.4465841650963 1127.122724667192 6995.298018112779 73.31475679576397 1724.467724882066 440.38180436939 1358.134139791131 130.6362579390407 3239.749226473272 65.40666561573744 331.514232583344 334.9946722611785 14.40199223905802 5.266544461250305 2.722234763205051 2.121873557567596 0.7743212282657623 2.562292486429214 0.09449879825115204 0 0 0 0.398628905415535 0.2000805959105492 0 0.3378949090838432 0.4969488233327866 0 1669.451271951199 55.10665054619312 4.061929099261761 0.2333939298987389 0.08135713636875153 0.1557268053293228 3.161143571138382 0.2853940427303314 2.247719883918762 1.11666251718998 0.741024561226368 0.7637287676334381 1.277238644659519 1.929676599800587 1.924166053533554 1.041418336331844 120.7152315452695 15.86115377396345 0.4868927672505379 1.861382596194744 0.2324222400784492 0.8522573560476303 0 0.3375369906425476 8.354982011020184 31.73643755912781 146.61563488096 968.7848954796791 37.48836277425289 26.20594854652882 0.3515404686331749 0.78767029941082 0.1042623892426491 97.27154815196991 13.45796571671963 8.119879104197025 1.481930918991566 6.16646645963192 3.200643807649612 1.893791101872921 21.74390774965286 0.4048014879226685 0 93.90541705489159 116.3860520720482 73.27875116467476 106.8489015847445 10.96519883722067 4.168574832379818 94.99192202836275 1.895146638154984 6.898028336465359 15.79374947398901 1.271572925150394 9.765766620635986 6.289662197232246 10.07648632675409 0 0.7841637507081032 0.08715914934873581 0.2111815363168716 0.3429988920688629 0.4434837996959686 0 0.5557547211647034 46.58108073472977 4.082689419388771 0 1.415053695440292 1238.937962993979 0.09226598590612411 0 1.113293141126633 0.3874575346708298 0 12.34269829839468 0 1.45099450647831 5.076304890215397 6.276364780962467 0.7987610548734665 13.00528986752033 18.07366152852774 1.709215708076954 3.222841545939445 0.1272961646318436 0 0 0 0 0 0 0 0 0 0 0 0.575961098074913 0 0.1443131417036057 0 0 0.227523535490036 0 0.236689954996109 0.3362803757190704 0.2588199079036713 2.206697627902031 0.358400285243988 2.802656598389149 0.6525156199932098 2.690907135605812 2.223777055740356 0.6679100394248962 0 0.1921781152486801 0 0 0 0 0 0.1962796300649643 0.2851409912109375 0 0 0 0.2906891256570816 0.1520445793867111 0 0 0 0.425432950258255 0.1668916791677475 0 0.2577174305915833 2.02730119228363 1.381717428565025 0.2464341074228287 0.3379327058792114 0.5897139608860016 0 0 0 0 0 0 21.40710031986237 0 0 0.1156304776668549 0 0 1.062873780727386 0.7392100840806961 0 0.7361757755279541 0 0 0.3564170151948929 0 0 0 0 0 0 0 0 8.056563526391983 7.054182656109333 4.144845999777317 303.407422952354 37.90779720246792 404.9039276465774 51.61363038420677 624.1246872395277 23.57480254024267 4.582617685198784 17.95937044918537 1.377915777266026 0.09407444298267365 2.061269849538803 0 10.60909341275692 0.1155628710985184 0 1.065841048955917 0 0.2102077156305313
1221.087894111872 924.4465841650963 0 33.77319882065058 959.7044491916895 6.868900150060654 131.0085153058171 3485.696077346802 696.3237570375204 13.44211354851723 5224.989763632417 49.6510765850544 294.9504464268684 407.8054562434554 26.11696849763393 16.71692750602961 12.0480485111475 21.98833853006363 8.710333533585072 64.99341221898794 4.143694460391998 0 0.7511994987726212 0.0975855216383934 1.178138859570026 0.195100799202919 0.1272134184837341 0.7247160375118256 0.3254009336233139 0 4750.167902439833 1205.637183621526 11.30851693451405 7.569668158888817 2.078525461256504 1.810274362564087 11.56215458363295 0.6250828504562378 0 0.4816873893141747 1.014005273580551 3.260338701307774 15.39460896700621 7.194147370755672 27.24540181457996 31.85842922329903 84.75699144601822 11.83193466067314 4.465004496276379 24.37635263055563 0.3844687268137932 0.2219556495547295 0 4.509517803788185 6.423251390457153 19.16662839800119 98.32008937001228 1464.988277517259 27.27889309823513 26.99036134779453 7.872931599617004 4.35162565112114 2.01714202016592 367.2654870003462 9.952265627682209 7.310870170593262 1.257218256592751 8.697591461241245 14.91167440265417 27.69835164397955 44.4696644321084 1.272640585899353 0 83.18676137924194 184.1517847254872 65.58211562782526 161.4740609154105 101.4423422515392 43.45241250097752 1237.324796423316 3.869581259787083 48.19016535580158 13.87094628065825 0.4088471308350563 7.866042904555798 4.344032667577267 15.04182585328817 0.08977183699607849 0.4260740131139755 0 0.3143118619918823 0.4283903390169144 11.00395564734936 0.471086673438549 2.030819341540337 14.45176348090172 1.848440930247307 0 2.184576347470284 786.5421319007874 0.4557477235794067 0 0 0.1291396468877792 0 6.143688037991524 0.1219903156161308 0.7140254750847816 0.8891673982143402 1.179948069155216 0.5526275411248207 5.826841577887535 9.392452880740166 1.833563342690468 2.053906217217445 0.1338796317577362 0.1526383310556412 0 0 0 0 0 0 0 0 0 0 0.8531023561954498 0 0.5494232177734375 0 0 0 0 0 0.2709361165761948 0 1.304407149553299 0.6186635345220566 0.798585519194603 0.9240130558609962 2.723403736948967 2.385255202651024 0 0 0.2302151769399643 0 0 0 0.3350743055343628 0 0.7387534826993942 0.4892137050628662 0 0 0.4689869061112404 0.4611198753118515 0.3709613755345345 0 0 0 0 0 0 1.604413747787476 1.050438344478607 2.169962674379349 0.1381734907627106 0 0 0 0 0 0 0.2513283416628838 0.1232512444257736 14.03406593203545 1.1241215467453 0 0.3363085240125656 0.2199367806315422 0 0.5474692136049271 0 0 0.3704486787319183 0.7170101851224899 0.5309697389602661 0 0 0 0 0 0 0 0 0 5.8133779540658 4.023294225335121 4.487034633755684 217.8353746086359 34.05588930100203 278.8042125739157 49.09348326176405 277.6710029393435 16.08204348385334 5.550727427005768 19.63120690733194 1.676298789680004 0.3222867622971535 0.5650600120425224 0.5781433060765266 5.682816833257675 0.1240657120943069 0 1.036696642637253 1.177640810608864 0.1420512497425079
2145.451432898641 1127.122724667192 33.77319882065058 0 1612.668656662107 169.6756158322096 2766.682522475719 6.707959428429604 429.918798930943 1910.633743949234 113.0220361500978 969.2270471006632 861.0383056849241 116.5397734940052 2.994999423623085 1.421243786811829 0.5737840756773949 0.1173543110489845 0.1323710978031158 0.7850994244217873 0 0 0 0 0 0.0841519683599472 0 0 0 0 47.05753752589226 11.03119039535522 0.1077664867043495 0.1132673844695091 0 0.09522664546966553 0 0.09581597894430161 0.4973073899745941 0.08546638488769531 0.5650679469108582 0.2417746037244797 0.5811677277088165 0.4767804890871048 0.7231749966740608 0.4268165677785873 35.18969950079918 6.232208363711834 0.2231730669736862 0.5483978390693665 0 0.1418721079826355 0 0.1346828490495682 3.645304940640926 13.08167818933725 64.23209353536367 203.6682410538197 16.90756056457758 9.851058140397072 0.1191642582416534 0.7164527475833893 0 24.33304791897535 4.830072537064552 2.665396809577942 0.2295000404119492 2.01367973536253 0.930426649749279 0.5018827244639397 7.442986279726028 0 0 29.56615286320448 35.85782212764025 20.70772998780012 32.41558570414782 0.8826703131198883 1.470084398984909 4.955975361168385 0.4588978067040443 0.5973853394389153 5.983199790120125 0.2772908359766006 3.832807071506977 1.481911309063435 3.311394095420837 0.08990947157144547 0.1521003693342209 0 0 0.1465345323085785 0.3035822957754135 0 0.2442393377423286 108.4938584342599 0.1901507377624512 0 0 326.5877597928047 0 0 0.7519851922988892 0.3003714382648468 0.1260646134614944 13.12137567251921 0.1465926021337509 3.102599620819092 28.12769258022308 6.169304825365543 0.5600055456161499 8.286841981112957 14.20207425951958 1.670621901750565 2.554325699806213 0 0 0 0 0 0 0 0 0 0 0 0 0.3437237143516541 0 0.6253649592399597 0 0 0 0 0.2824701592326164 0.3410707712173462 0 0.2118142396211624 0 0.5910888165235519 0 0.8903005570173264 0.1127312630414963 0.4140907227993011 0 0 0 0 0 0.2931574285030365 0 0 0.1497665643692017 0 0 0 0.1476981788873672 0 0 0 0 0 0 0 0 0 0.2684953212738037 0 0 0 0 0 0 0 0 0 17.10169269144535 0 0 0 0 0 0 0 0.2261474877595901 0 1.214052617549896 0.1877676248550415 0.1417723149061203 0 0 0 0 0 0 0 0 5.640064962208271 2.451322972774506 2.30287991464138 149.9601885303855 14.18247272819281 150.9613722190261 17.4477531760931 609.4545560255647 5.199086971580982 2.03596305847168 5.777018211781979 1.062022618949413 0.1329580098390579 0.7456751465797424 0.4636873006820679 14.84850817918777 0 0 0 0.1104543656110764 0
855.4710724502802 6995.298018112779 959.7044491916895 1612.668656662107 0 46.63365190476179 2217.632558457553 526.6966050416231 2427.736115567386 412.0689872428775 2146.465651623905 26.71499513834715 115.4959186464548 141.1587605476379 31.87779100239277 3.888121411204338 1.068029142916203 2.508412525057793 1.222500808537006 2.196637205779552 0.1824119240045547 0 0 0.2023711800575256 0 0.8105090707540512 0 0.6747555285692215 0.5601459294557571 0 249.3965077772737 58.39349420368671 6.02818313986063 0.141963854432106 0 0 5.465130984783173 0.7888649478554726 0.9792696461081505 0 0.1448656767606735 0.5279528349637985 0.6310179159045219 2.085556901991367 1.746923722326756 1.708789452910423 186.4697383120656 17.14375199377537 0.6646756753325462 1.251560531556606 0.4305222257971764 0.8510258048772812 0 1.542636878788471 4.953116215765476 19.36379846185446 53.02545443922281 231.7192890867591 26.26183115690947 52.14104069024324 1.179032675921917 2.207812309265137 0.1421347111463547 105.9767782837152 12.3687402382493 8.173060834407806 1.142575636506081 6.877554267644882 2.597257442772388 0.6478946805000305 27.95378496497869 1.450185462832451 0 55.88684059679508 91.5850979834795 114.8415559753776 197.3619676530361 14.66614963114262 8.235081002116203 25.90829531848431 2.072937004268169 9.254062570631504 13.13416341692209 1.805571049451828 7.229038313031197 5.528537392616272 11.9376418069005 0 0.8581544533371925 0 0.07603976875543594 0 1.114291921257973 0.285550057888031 0.7721083387732506 92.62195171415806 4.667641192674637 0 4.1106116771698 119.8166761994362 0 0.1917070150375366 2.078617095947266 0.1889236867427826 0.7042900919914246 34.48208124935627 1.247971773147583 4.883143439888954 13.70670129358768 12.70761484652758 1.994340158998966 31.13352929800749 50.53529464453459 7.608314208686352 8.116646721959114 0.3376203179359436 0 0 0 0 0 0 0 0.3984504342079163 0 0 0 0.5654665231704712 0 0 0 0.1650369465351105 0 0 1.057292699813843 1.171893894672394 0.3675422370433807 1.392307668924332 0.3868119269609451 9.992202676832676 2.405938029289246 10.89932721853256 2.918502673506737 0 0 0 0 0.4050490856170654 0.2533228099346161 0.7052169293165207 0 1.673533350229263 1.640267170965672 0 0.3838463723659515 0.1105464994907379 0 0 0 0 0 0.5250956416130066 0 0 0 3.384373009204865 9.551615014672279 0.4403060674667358 0 0 0 0 0 0 0 0 64.37483754009008 0 0 0 0.1742782294750214 1.237836465239525 1.822082161903381 0.926957905292511 0.2256178110837936 0 1.759850919246674 0.319954439997673 0.154399186372757 0 0.08853048086166382 0 0 0 0 0 0 30.17023234814405 15.24278137087822 18.83575298637152 407.3426625952125 54.52784386277199 507.7210607081652 95.53463392704725 286.1046547368169 40.76061771810055 6.564338564872742 32.56758721917868 7.643191047012806 0.3652069196105003 2.440452739596367 0.8882269114255905 20.51378577202559 0 0 1.543060690164566 3.253068581223488 1.847494840621948
98.89049361646175 73.31475679576397 6.868900150060654 169.6756158322096 46.63365190476179 0 218.2122762724757 0.771610289812088 22.34643287211657 483.3000938221812 9.471805229783058 192.5841212272644 137.6881938800216 29.19767720997334 0.1203751489520073 0.1215805336833 0.14549320936203 0 0 0 0 0 0 0 0 0 0 0 0 0 0.887768030166626 0 3.99732705950737 0 0 0 7.841491788625717 0.2377584874629974 0.701817974448204 0.2595527768135071 0 0 0 0 0 0.5555909276008606 0 0 0 0 0 0.3000219762325287 0 0 0 0 178.6728413999081 82.25338849425316 5.872037634253502 0 0 0.2388701587915421 0 0.5010062456130981 0 0 0 0.1110642552375793 0 0 231.9666277766228 253.1963330805302 0 0.2285285815596581 0 0.136097252368927 0.6007686257362366 0 0 3.183427467942238 0 0 0 0 0 0 0 1.335865214467049 0 0.7178167104721069 0 0 0 0 0 747.0100673288107 182.2098230719566 9.216631829738617 9.116756871342659 211.7019718289375 0 0 0 0 0 0 0 0 2.17302942276001 2.095131814479828 0 0.3237851411104202 0.2179513722658157 0.3098408877849579 0 0 0 0 0 0 0 0 0 0 0 0 0 0 0 0 0 0.3822515606880188 0 0 0 0 0 0 0 0.1240278482437134 0.1436614543199539 0.1874126344919205 0.296567976474762 0.4265245795249939 0 0 0 0 0 0 0 0 0 0 0 0 1.141827315092087 0 0 0 0 0 0 0 0 0 0 0 0 0 0 0 0 0 0 0 2.30239962041378 2.04273647069931 0 0 0 0 0 0.7032809555530548 0 0.5670502781867981 0 0 0 0 0 0 0 0 0 0 0 0.1673916578292847 2.008371099829674 2.502646639943123 5.777242541313171 0 1.200907997786999 0.09772828966379166 78.99597615003586 0.1030882149934769 0 0 0 0 0.4246130585670471 0.3706518411636353 0 0 0 0 0 0
1013.957915134728 1724.467724882066 131.0085153058171 2766.682522475719 2217.632558457553 218.2122762724757 0 64.69987830519676 4085.935858517885 3059.460792958736 937.5308779776096 231.4059516713023 669.0182698220015 661.0299116000533 45.46908644586802 11.91371541470289 1.904580824077129 2.064568549394608 0.7946715950965881 3.38111275434494 0.3165193051099777 0.4134870320558548 0.0841168686747551 0 0.3083213269710541 0.2779581248760223 0.2502520009875298 0.6121001467108727 0.709882527589798 0 123.7741736397147 37.51606448739767 9.690937101840973 0.3205069601535797 0 0.4118329882621765 9.486504048109055 1.079413414001465 0.8914486318826675 0.1037592440843582 0.5440995842218399 1.359420508146286 1.873352840542793 1.568110629916191 2.319589897990227 0.9413773939013481 203.7204251140356 15.5627720952034 0.8408753052353859 1.942294701933861 0.2747189104557037 0.6676215827465057 0 1.70946079492569 8.048859938979149 23.75987094640732 87.21017464995384 250.6776898130774 32.78540904819965 40.38508310168982 1.523980669677258 6.437541671097279 0 72.19035421311855 12.26344083249569 8.328105613589287 0.8159525915980339 7.938109755516052 1.748470962047577 2.050915449857712 54.56806861609221 2.6978799700737 0 66.29486323148012 87.89083028584719 118.5313108935952 167.9571986496449 20.9794697612524 6.681656621396542 30.07941179722548 1.518087260425091 12.120241984725 14.51070994883776 2.108320116996765 7.820901989936829 7.06893827021122 10.52136535942554 0 0.7363225594162941 0 0.3453011512756348 0.0841076523065567 0.3657284006476402 0.7918454632163048 1.737538926303387 395.4526377543807 10.65762715041637 0 5.899094477295876 242.2949954867363 1.030483722686768 0.5244436264038086 3.139807850122452 4.446924015879631 0.983060747385025 104.8301078751683 1.93504287302494 18.91678630560637 59.95111986249685 41.86863629519939 8.807703256607056 112.2402434498072 171.0133310705423 34.60963174700737 39.33566044270992 1.332153901457787 0.295555867254734 0 0.8614180088043213 0 0 0 0 1.746229246258736 0 0 0 0 0 0 0.3191756308078766 0 0.2516883909702301 0.3285592198371887 5.349075444042683 5.183734118938446 1.732453763484955 3.202689602971077 3.144132047891617 31.94547060877085 3.485853746533394 27.46576553583145 8.670633561909199 0.5861102268099785 0 0 0 0.2738653123378754 0.2069514542818069 0.28982213139534 0 1.226835668087006 6.914997130632401 0.7175390422344208 0 0.3369771763682365 1.695939011871815 0 0 0.2346048355102539 0 0.2507210373878479 0.8739889115095139 0 0.1887916177511215 6.722538575530052 24.50091784447432 1.305477201938629 0.140109971165657 0.3232423067092896 0 0 0.2268283292651176 0 0 0 212.6578040719032 2.148421630263329 0 0 0 5.910069689154625 2.671665713191032 12.99735654890537 1.324539892375469 2.163974404335022 5.344375684857368 0.7694046199321747 1.901062123477459 0 0.09018483012914658 0 0 0.2902619242668152 0 0 0 96.59886933863163 45.80138471722603 48.12469044327736 540.7958443015814 59.15762662887573 542.2229283973575 109.1109919473529 805.5316845849156 54.10026928782463 7.810662835836411 58.23072031140327 14.00972349196672 0.7680136114358902 12.5841468423605 2.994222052395344 69.70004120469093 1.530619934201241 0.2107827812433243 1.713386550545692 3.082891300320625 0.7143052592873573
143.0247069150209 440.38180436939 3485.696077346802 6.707959428429604 526.6966050416231 0.771610289812088 64.69987830519676 0 712.4918661862612 6.489101357758045 4525.889874778688 66.93248375505209 405.3039741292596 479.5770241469145 108.2186436504126 56.48497416824102 35.85133256018162 125.1526138037443 59.33695081621408 452.5880562886596 31.18886954337358 0.2162916958332062 8.947569757699966 0.1082540154457092 3.627910010516644 0.8650664389133453 0.6305790990591049 1.071918204426765 1.232996039092541 0.108899749815464 1286.335626482964 1901.323500953615 55.35939219594002 96.67584962397814 14.05291935801506 12.5460782200098 21.5363113284111 1.670620292425156 0.2575627341866493 0.3271492123603821 3.247929789125919 13.4759686589241 78.08296796679497 42.91944789886475 247.9064066186547 430.0623703375459 320.4345347806811 21.0211231559515 21.08949716389179 113.9163188263774 2.195374429225922 2.551543533802032 0.7454917877912521 16.00595057010651 5.562112160027027 16.57914265245199 40.24002185463905 321.6414463371038 23.40549690276384 72.61577527225018 235.4948660582304 54.08242747187614 58.37789258360863 295.7934772670269 11.23999112844467 10.94808974862099 1.754948578774929 28.23037653416395 67.09684408456087 136.354704298079 40.63156012445688 1.704219281673431 0.2494492903351784 58.29184584319592 151.7271171808243 205.6306995600462 770.1066980436444 850.4645086675882 1277.677859403193 3541.858223155141 93.82415194064379 1277.038615271449 13.6672435849905 0.9867871925234795 9.717530682682991 5.049216955900192 46.09942898154259 0 0.4611696600914001 0.3450751230120659 0.9746747761964798 0.5359364748001099 53.34790994971991 2.984714858233929 10.69902277737856 12.29401198774576 2.755623780190945 0 0.5542189329862595 67.65577597916126 0 0 0 0.3962940573692322 0 3.29928869754076 0 0.4433837309479713 1.425135999917984 0.9383349567651749 1.08679074048996 2.384112775325775 5.903158754110336 2.462791971862316 0.6545389294624329 0 0 0 0 0 0 0 0 1.230631142854691 0 0.2198346257209778 0 0.6048512756824493 0 0.4543714374303818 0.1262060552835464 0 0.9590706676244736 0.224409893155098 0.4125695526599884 0.1090767905116081 0 1.119985997676849 0.4138992130756378 1.983675450086594 0 4.199993848800659 2.682176418602467 0.6686724945902824 0.3495972529053688 0.8939342200756073 0.9024472534656525 0 0 0.1215117201209068 0.1071160361170769 0 1.47222013771534 0.2119906395673752 0.2177347242832184 3.016536772251129 1.888663679361343 1.803564056754112 0 0 0.09067215770483017 0 0.6470053195953369 0 0.1934087574481964 0.2264537513256073 0.4734123796224594 0 0 0 0 0.2544281780719757 0.2291991487145424 0.1071170344948769 0.3168758824467659 2.368524119257927 8.168660186231136 0 0.168486163020134 0.4613001048564911 1.584255933761597 0.5184714943170547 0 0.5671260803937912 0.467133641242981 0.1898604333400726 0.8974574431777 0 0.3464697003364563 0.1122192218899727 0.06584004312753677 0 0 0.6893935725092888 0 0 0.4126716107130051 4.080790534615517 4.604855135083199 4.024509318172932 449.4904373139143 53.90237730741501 606.5756561309099 107.8516141399741 55.02743031829596 38.50612027943134 7.638703234493732 47.75623680651188 2.596415556967258 0 1.356651231646538 0.2777742743492126 1.518633022904396 0 0.112301878631115 1.111415863037109 2.210007153451443 1.371591106057167
194.9788110405207 1358.134139791131 696.3237570375204 429.918798930943 2427.736115567386 22.34643287211657 4085.935858517885 712.4918661862612 0 484.6725632101297 6907.309867911041 299.527647562325 2138.928523987532 1521.793278679252 71.93884947896004 24.90155480802059 3.422067701816559 2.954262189567089 0.6923788487911224 2.841520428657532 1.187010034918785 0.148933082818985 0.1266836225986481 0.1284461468458176 0.5111808702349663 1.250358074903488 0 0.4742987453937531 0.7303085848689079 0 163.8630189821124 38.61042188853025 13.83279810100794 0.3752719312906265 0.1419369429349899 1.10394598543644 10.32941722124815 1.277321577072144 2.613294959068298 0.1850729584693909 0.4486820101737976 1.368390426039696 1.515372395515442 2.200289390981197 2.665831238031387 1.247591786086559 226.4914897978306 12.08789994567633 0.3969337716698647 1.742333002388477 0.387502409517765 0.1264826208353043 0.898417741060257 1.092059068381786 5.214494161307812 16.03500033169985 48.75368168205023 135.4542286023498 26.45652567595243 41.89813308417797 0.8841046243906021 2.203191377222538 0.1566202640533447 64.14027265459299 8.367979653179646 5.839505545794964 1.36827414482832 6.816950283944607 3.12416110932827 2.095425702631474 73.51303377747536 6.155481442809105 0 43.10272932052612 65.39771512895823 121.3417564928532 190.9498903676867 26.86099215596914 5.835443623363972 54.7033973634243 2.294975206255913 14.15254916250706 10.69628120958805 1.680155500769615 6.554271824657917 3.335583068430424 8.957020856440067 0.1566856428980827 0.6120805293321609 0 0.2841480076313019 0.1816392540931702 1.58480703830719 0.3661164939403534 1.641544982790947 279.0783293619752 9.217218168079853 0 7.91044045984745 45.60165602713823 2.009237304329872 0 2.982801705598831 2.417191341519356 2.831045687198639 99.37958604097366 1.167588301002979 17.03127819299698 44.21322962641716 32.89065639674664 5.668549984693527 87.23007565736771 166.9870338663459 39.71847537904978 39.07024236768484 0.9166152030229568 1.061694957315922 0 0.4282584488391876 0 0 0.103745698928833 0 0.9107358008623123 0.1401889622211456 0 0 0.1726994663476944 0 1.252446338534355 0 0 0.2859916090965271 0 4.80040118098259 5.577999763190746 0.3049952685832977 5.087294057011604 1.746807143092155 30.76508633047342 5.403559185564518 27.7293274924159 6.089106723666191 1.38121797144413 0.2654356956481934 0.1402475386857986 0 0.4418699443340302 1.118482738733292 2.372369587421417 0 4.292131811380386 11.94699513912201 0.5965218245983124 0 0 2.260798737406731 0.09480908513069153 0 1.14201432466507 0 0.642608642578125 1.13081519305706 0 2.107918441295624 8.384394258260727 21.95842207968235 1.064403496682644 1.662773668766022 0.4673715680837631 0 0 0 0 0 0.1094585657119751 228.8702164664865 0.7533781826496124 0 0 0 5.747097916901112 3.533156171441078 8.042013943195343 3.288821429014206 3.893186442553997 5.180925019085407 2.872496642172337 2.955125898122787 0 0 0.2296335697174072 0 0.1137446016073227 0 0 0 108.5583866164088 55.69628628343344 55.3581290319562 530.3619502112269 56.36805734783411 593.6881247758865 132.9258773699403 202.5525863468647 61.85511440783739 7.132675610482693 61.69277239590883 14.4946474134922 0.6485171243548393 14.78569044917822 2.712414763867855 60.14739015698433 0.6368117853999138 0 1.490097776055336 3.323586970567703 2.023717984557152
1053.014092892408 130.6362579390407 13.44211354851723 1910.633743949234 412.0689872428775 483.3000938221812 3059.460792958736 6.489101357758045 484.6725632101297 0 23.68240556865931 2395.112659588456 5269.803557410836 658.3081793561578 4.993265338242054 3.674708589911461 0.8149545937776566 0.2793336510658264 0 0.3743199855089188 0 0 0 0 0 0 0 0.08363228291273117 0 0 15.62579956650734 1.840986952185631 1.299446105957031 0.2145820409059525 0 0 3.291486233472824 0 1.207954525947571 0.1377374231815338 0 0.09832075238227844 0.3665989264845848 0.2760675102472305 0.1246658116579056 0.1049837023019791 24.41896721720695 2.39538262784481 0 0.2630950063467026 0 0 0 0 0.7817840203642845 4.499523110687733 37.26309980452061 65.64807523787022 7.156196504831314 3.579147003591061 0.08592008054256439 2.419526398181915 0.1425997316837311 6.624978207051754 1.863451331853867 1.531939819455147 0.08891479671001434 1.143086321651936 0.1172570958733559 0.3933545872569084 18.88707593083382 4.160267844796181 0 12.05343267321587 11.80986047536135 13.44353177398443 18.02715392410755 1.708165600895882 0.208103246986866 5.216714546084404 0.1038869842886925 1.357906244695187 2.548537708818913 0.3762242943048477 1.692478954792023 0.4404701739549637 0.9201976358890533 0 0 0 0.1747012734413147 0 0.3603557944297791 0.08032892644405365 0 701.8336717933416 0.8673439025878906 0 0.1140060946345329 332.5616057664156 0.1651687771081924 2.650446802377701 1.591018334031105 13.31343358755112 0.4103645086288452 132.513213083148 4.975654467940331 19.97713062912226 205.984310477972 58.75928577780724 3.996602177619934 171.6643104180694 176.7531805559993 22.39328325539827 17.07441372424364 1.138495221734047 0.1175799146294594 0 0 0 0 0 0 0.9166329652070999 0 0 0 1.199854478240013 0 0.874238520860672 0 0.2104745656251907 0 0 1.169428497552872 3.106061346828938 0 1.553085565567017 0 11.83402094244957 1.006384670734406 8.536161072552204 2.903170719742775 0.4200699925422668 0 0 0.3443927764892578 0 0.7223708033561707 0.7476664781570435 0 2.393065236508846 3.969928607344627 0 0 0 0 0 0 0.1951061338186264 0.08927524834871292 0.4366118386387825 0.3472811579704285 0 0.6210395693778992 0.4314865469932556 11.7497878447175 1.434858031570911 0.2235279083251953 1.261262461543083 0 0 0 0 0 0 102.980693988502 2.600347593426704 0 0 0 3.183463841676712 0 1.390402734279633 2.278164640069008 0.4957901686429977 3.472791314125061 0.7359884083271027 1.358740948140621 1.111299030482769 0 0 0 0 0 0 0 69.52433522045612 11.66427594423294 11.99720887094736 228.6619059368968 5.795749396085739 91.63295996189117 13.55400179326534 621.4497206807137 7.034283749759197 0.9971785247325897 6.595950663089752 14.82955415546894 0.3990696370601654 7.502082861959934 1.177527323365211 106.9663135558367 0.1734697967767715 0 1.041110709309578 0.1195617616176605 0.3093327879905701
618.8947031572461 3239.749226473272 5224.989763632417 113.0220361500978 2146.465651623905 9.471805229783058 937.5308779776096 4525.889874778688 6907.309867911041 23.68240556865931 0 421.1177558526397 3497.000906229019 2920.764183610678 110.5360740497708 63.34254959970713 7.254058092832565 5.676929369568825 3.320579521358013 21.85161332786083 3.026795290410519 0 0.3405084609985352 0 2.073099583387375 1.307516574859619 0 0.753731332719326 0.2578433230519295 0.1156585142016411 714.3279500082135 160.5438518151641 41.84922725707293 4.190221503376961 2.243002235889435 2.419301748275757 46.78936230391264 7.191199667751789 3.810500755906105 2.657462440431118 2.432101786136627 3.059993021190166 3.614211797714233 7.725173808634281 7.506401687860489 10.50376306474209 272.1938916146755 14.75105628371239 1.451174765825272 6.972463846206665 0.7180183008313179 0.6857840716838837 0 1.860878005623817 5.381441578269005 21.56579296290874 57.09790398180485 302.3540710657835 27.59619458019733 53.54842099547386 5.239577651023865 7.468941003084183 2.859671130776405 101.071994818747 11.44767506420612 8.749499067664146 0.9620603621006012 8.614014036953449 5.261819936335087 20.37540280073881 240.0442003086209 4.524981558322906 0 57.13003558665514 98.59490586817265 160.9388394504786 297.4444260671735 59.07127325236797 54.71808831393719 560.7159273400903 3.955624610185623 30.64056478440762 13.82753912359476 1.003421775996685 8.623801320791245 4.567846175283194 11.744703784585 0.08691940456628799 0.6024216264486313 0.1084481179714203 0 0.6389021649956703 8.668877050280571 0.3687014281749725 1.469379350543022 129.150445394218 11.75179982185364 0 1.585205718874931 140.9355101063848 0 0 0.4394787475466728 0.3052352219820023 0.823201909661293 27.04018957912922 0.2960461974143982 6.550490580499172 12.00478058308363 10.89808159321547 2.51740375161171 33.20964993536472 53.89327812194824 15.0350409373641 13.00863134115934 0.990280844271183 0 0 0.6061770915985107 0 0 0.1439308822154999 0 0.1873566210269928 0 0 0.142719179391861 0.6221180856227875 0 0.6487839818000793 0.7956487536430359 0 0 0 1.401295036077499 1.538575261831284 0.1796009391546249 3.580230891704559 2.413381367921829 13.9254762455821 0.9259371608495712 11.77625718712807 3.218652918934822 0.6211845576763153 0 0 0.1504064649343491 0.1381205022335052 0 1.522243693470955 0 1.584742188453674 3.803428903222084 0.3172853887081146 0.1808193773031235 0.86021339148283 1.872613400220871 0.340351976454258 0 0.1592337489128113 0 0.258017510175705 0 0 2.007593974471092 4.584575682878494 11.95886807888746 1.181647427380085 0.6346500366926193 0.4945380836725235 0 0.191913977265358 0 0 0 1.006597079336643 90.59705350548029 0.1423608213663101 0 0 0 0.9770004898309708 1.406422041356564 5.191775694489479 0.4305219054222107 0.9927084594964981 1.673793010413647 1.79749208688736 0.7143945097923279 0.4048166871070862 0 0 0 0.193943053483963 0 0 0 34.35286638885736 23.92480093240738 25.8815081268549 560.3255228996277 58.55861171707511 602.7504570633173 140.8212439343333 157.3725105449557 63.82803472131491 10.46998576819897 73.38073503226042 3.236931174993515 0.3608765006065369 8.570524983108044 0.7754687890410423 13.09355980157852 0.5621838048100471 0.3655624985694885 0.8615106195211411 4.349984124302864 2.764033727347851
113.2528059706092 65.40666561573744 49.6510765850544 969.2270471006632 26.71499513834715 192.5841212272644 231.4059516713023 66.93248375505209 299.527647562325 2395.112659588456 421.1177558526397 0 2358.915979556739 722.1463868841529 31.29322209954262 25.43707371503115 3.265029810369015 0.4387565553188324 0 0.5167248398065567 0.2646545469760895 0 0 0 1.103827431797981 0 0 0 0 0 12.24899731576443 5.641534000635147 5.789576679468155 0 0 0.1360185146331787 19.93569700419903 5.136832736432552 3.692709058523178 6.576392188668251 0.668507993221283 0.5532773360610008 0.3953933343291283 1.046523258090019 0 1.435886010527611 49.4455476179719 2.542506106197834 0 0.3691820278763771 0.08865053206682205 0.8796454071998596 0 0.2698227167129517 0.7184373438358307 2.261620223522186 15.54774713516235 32.20107390731573 7.361674591898918 6.89262230694294 0 1.457731932401657 0.1960294395685196 5.916361846029758 0.8540275692939758 0.5393143817782402 0.108403742313385 1.103622414171696 0.8239154815673828 2.891743406653404 58.17376384884119 19.29331098496914 0 11.07757751643658 15.70324441045523 26.41040617227554 38.26497885584831 10.7584118694067 0.9344044327735901 28.55518832057714 0.1116742342710495 4.626650013029575 2.036285512149334 0 1.432378083467484 0.6508441120386124 1.908119946718216 0 0.06741872429847717 0.1904480904340744 0 0 4.082224890589714 0.120504193007946 0.6771307587623596 1917.789105378091 23.39045049250126 0 2.757044076919556 70.53506225347519 1.365862831473351 0.48023821413517 5.392176911234856 3.93920125067234 3.006390407681465 189.4566801413894 2.639212355017662 32.9845007956028 90.74309925734997 54.363101311028 11.13247760385275 170.6257094666362 256.7840792760253 58.42215042561293 51.58752435445786 2.170771569013596 0.2707751840353012 0.1042217910289764 0.7925986647605896 0 0 0.4435352385044098 0 2.665381640195847 0 0 0 0.5736818015575409 0 0.1547606289386749 0 0 0 0 4.704675987362862 6.086775094270706 0.4808263629674911 2.401672393083572 0.7678159028291702 42.92808768153191 3.687650203704834 31.29826078563929 8.329396165907383 1.586186587810516 0 0.1057757958769798 0 0.502896323800087 0 0.7848883718252182 0 5.076844833791256 11.6235174536705 0 0 0.150245413184166 1.387283638119698 0 0.2436488270759583 0.4242599233984947 0 1.176411211490631 1.014906719326973 0 2.026962593197823 4.443460837006569 22.78329487890005 2.615555934607983 1.290786720812321 1.761282779276371 0 0.2555820047855377 0 0 0 0.3767529353499413 314.4057477787137 2.018935695290565 0 0.3689115345478058 0.2190344333648682 4.71653588116169 2.54938268661499 10.13077229261398 1.997375711798668 6.13204462826252 6.074129082262516 3.792372032999992 3.251569151878357 1.02339393645525 0.1172312572598457 0 0 0.1755615472793579 0 0 0 172.3107481300831 66.06501103937626 58.16574168205261 331.1571190804243 7.729999348521233 133.7335742786527 35.73840065300465 135.7948478013277 23.76115921139717 2.766308486461639 30.26016491651535 18.95070719718933 1.6118308827281 18.92979715764523 2.017736814916134 118.3434785157442 0.705783523619175 0 2.616381198167801 2.611211940646172 1.739371567964554
203.2680936604738 331.514232583344 294.9504464268684 861.0383056849241 115.4959186464548 137.6881938800216 669.0182698220015 405.3039741292596 2138.928523987532 5269.803557410836 3497.000906229019 2358.915979556739 0 7950.396695375443 192.4175351038575 169.8269196227193 39.24029516428709 4.543809913098812 1.324518077075481 25.09992747008801 15.59665384888649 0.4033967554569244 2.458249643445015 1.835339806973934 61.73146181553602 8.180133976042271 0.1414417177438736 1.766119949519634 1.517307303845882 0.393208384513855 68.31463554501534 22.50487774610519 841.901486992836 5.349009282886982 11.26138902455568 33.48764126002789 859.1262873709202 187.3525237441063 47.71669191867113 78.70247295498848 25.71673081815243 3.922796078026295 4.415745697915554 7.359033495187759 4.129655629396439 14.93775502592325 233.0367172062397 8.340149402618408 5.547256544232368 6.85745395720005 3.116349428892136 1.112917274236679 0.530741423368454 3.24554256349802 2.235043115913868 8.051624603569508 43.43383889645338 72.12243856489658 25.74433518946171 27.97320407629013 11.00832241028547 359.0446893721819 9.164174467325211 20.9924172013998 3.487567126750946 3.689545065164566 0.9481156840920448 7.246859923005104 11.67701831459999 108.7141671031713 838.6619167923927 64.32866474986076 0 24.05208016186953 30.97638338804245 120.3957027196884 163.1120726764202 65.30604360997677 54.16206871718168 1160.857072129846 2.015167310833931 215.3045487105846 5.432227894663811 0.5644608214497566 3.974355302751064 1.74008284509182 7.198104724287987 0.223335012793541 0.4179556891322136 0 0.3183876574039459 0.5586477667093277 46.4144045189023 2.522275820374489 1.691336467862129 2250.968899682164 83.30867922306061 0.4586917757987976 14.13657659292221 70.83896458894014 2.184628359973431 0.6531179919838905 3.822970882058144 5.120232775807381 5.564900882542133 198.1526143848896 4.480971604585648 36.34508083760738 129.0518115311861 75.97714713215828 15.92197120934725 195.7951241880655 364.1034324467182 83.36998522281647 93.24779779464006 4.306664682924747 0.6370586901903152 1.044438078999519 0.5569399446249008 0.2678027451038361 0.1154196485877037 0 0.3699423968791962 4.756577327847481 0.1327333003282547 0.6352882087230682 0 3.139832571148872 0 2.795754835009575 0.6474066227674484 0.5763507187366486 0.1172530651092529 0 14.60322821885347 13.14054089039564 1.35744309425354 8.187291286885738 9.857808038592339 72.09096147119999 10.77967544645071 69.34660234302282 22.92257213592529 4.945427864789963 0 1.023912325501442 0.1689269840717316 1.225032195448875 0.2720412313938141 3.704932764172554 0 6.939475953578949 21.45728777348995 0.7696345299482346 0.2919629514217377 0.7950916886329651 6.809608995914459 1.21643690019846 0.1517031490802765 0.3040838837623596 0.09398113191127777 1.275350406765938 1.153463028371334 0 4.88611313700676 19.02615272253752 58.88673619925976 7.336465507745743 2.761869169771671 1.670260950922966 0 0 0 0 0 0.8830931186676025 593.3841074332595 5.808168649673462 0 0 0.5029555335640907 10.75193888694048 13.84721161425114 16.23869566619396 3.857209987938404 5.880044557154179 11.46549087017775 6.257663056254387 5.853954836726189 1.381583772599697 0 0.137662947177887 0 0 0 0.1246399730443954 0 270.158395178616 173.7295507863164 143.4707745462656 1022.492761835456 60.56156800687313 548.5641196370125 168.8172306418419 222.5414634048939 76.97514524310827 7.161714009940624 98.8087115585804 26.87405341118574 3.14227457344532 30.74266293644905 3.674840085208416 114.771670602262 1.721842624247074 0 6.16770513355732 7.931937471032143 6.446575284004211
