0 3198.341195218265 1017.90425363183 957.8264473676682 626.0819443389773 322.3799216076732 1396.857854299247 254.1288241222501 81.85991872102022 1135.159384451807 643.0431738942862 29.27786713838577 122.7235460504889 130.0704026520252 1.629777960479259 0.1406198292970657 0.2790560647845268 0 0 0 0 0 0.1172114759683609 0.2434002012014389 0 0 0 0 0 0 801.2771048173308 1.623903378844261 2.158599629998207 0.1524122059345245 0.1608699411153793 0 0.2985019385814667 0.3881994783878326 0.1237351149320602 0.8919597193598747 0 0 0 0 0.2192199379205704 0.127734899520874 25.34568181633949 2.197850279510021 0 0 0.1755495220422745 0 0 0 7.432610258460045 8.291368141770363 232.3135326355696 562.4999283030629 57.36554163694382 51.15007180720568 0.1282156854867935 0.1505250334739685 0.2343829721212387 5.398475378751755 5.865096852183342 0.6054280400276184 0.5775353536009789 0.2763323113322258 0 0 0.7473082393407822 0.573745921254158 0 206.2014375552535 13.04901148378849 54.50930195301771 1.476133778691292 0.5896827876567841 2.506774090230465 8.88123519718647 0.4566047266125679 4.552600041031837 21.83932822197676 0.123082622885704 1.88413879275322 2.150272086262703 0.589126780629158 0 0.08930036425590515 0.4506769180297852 0 0 0 0.09044398367404938 0 132.8231645673513 0.150353342294693 0 0 1222.545794725418 0 0.4000295698642731 0.7167358100414276 0.532897561788559 0 2.248148262500763 0.4546420872211456 2.063451603055 1.807297348976135 7.912239044904709 0.3793725222349167 4.08180171251297 8.011111587285995 3.429182253777981 0.9677068218588829 0 0 0 0 0 0 0 0 0 0 0 0 0 0 0 0 0 0 0 0 0 0 0 0 0.7949509024620056 0.7371824160218239 0.1483276039361954 0.3776846826076508 0.286341018974781 0 0 0 0 0 0 0 0.173306792974472 0.274885505437851 0 0 0 0 0 0 0.1794727295637131 0 0 0.4577579349279404 0 0 0 0.507670022547245 0 0 0.2044440358877182 0 0 0 0 0 0 1.866502024233341 0 0 0 0 0 0 0 0.2444609329104424 0 0 0 0 0 0 0 0 0 0 0 0 3.440492108464241 0.2585256844758987 0.7593974173069 153.2072517499328 5.780705772340298 38.7053057551384 7.623981066048145 882.0824847593904 96.78454555571079 1.822659030556679 5.887153521180153 0.4299045205116272 0.07671134918928146 0.9673164263367653 0 0.2809231877326965 0 0 0 0.1396301835775375 0
3198.341195218265 0 882.8892063498497 875.3196052908897 2855.369136847556 509.0817950516939 4311.612167298794 372.6904321089387 1364.91016921401 1354.032055154443 1459.267360687256 161.5759397298098 1382.664607718587 1483.587255127728 9.278494440019131 2.179340824484825 0.8270722031593323 0.1061144694685936 0 0.1112313345074654 0.139513835310936 0 0.5490603148937225 0 0.160964697599411 1.014105007052422 0.5178990066051483 0.2901733368635178 0.4359366372227669 0 1140.473756857216 3.110037863254547 8.716273441910744 0.5531201362609863 0.2481068000197411 0.1685517579317093 4.191193133592606 1.728522062301636 1.77434553951025 0.254715621471405 0.258882462978363 0.5720887705683708 0 1.282730579376221 0 0.8441214263439178 121.7930074185133 10.17859867215157 0.5316880941390991 0.1941197291016579 0.9744570404291153 0.3900860995054245 0 0.4718750715255737 17.97601237893105 23.59006340801716 104.1548429578543 353.1215702518821 42.5652679875493 92.50825148075819 0.6309099793434143 0.8864160403609276 0.3280339390039444 76.84037134051323 19.67889040708542 2.488285943865776 3.122810818254948 1.743233293294907 0 0.2272131592035294 3.605739489197731 4.161091670393944 0 213.743051417172 58.28927535563707 153.954792059958 33.25686971843243 2.805683650076389 1.194883674383163 30.2527335062623 0.7639910355210304 8.644183188676834 46.38857245445251 0.08978699147701263 5.751381069421768 6.531381458044052 1.838258177042007 0 1.065470069646835 0 0.5216841027140617 0.1231576800346375 0.1370268315076828 0.592459537088871 1.186710104346275 217.8387694954872 0 0.5417131334543228 0 860.2933257445693 0.990554541349411 1.819356456398964 3.6599260866642 3.827996850013733 0 8.431306719779968 2.762869536876678 11.19746358692646 19.10534003376961 23.14809732139111 6.380294412374496 21.15928391367197 56.96826180815697 18.71845114976168 9.471501648426056 0.3304159343242645 0 0 0 0 0 0 0 0 0 0 0 0.1222203820943832 0 0.1187321171164513 0 0 0 0 0.617727980017662 0.9957987517118454 0 0 0 4.33905615657568 0.9512442350387573 7.541236817836761 1.880318030714989 0 0 0.1340567618608475 0 0 0 0.4486738443374634 0 2.668629430234432 1.293942853808403 0 0 0 0 0.1232561990618706 0.4680596739053726 0.4525115489959717 0 0.4769301936030388 0.4876104146242142 0.3292239904403687 0.3132807314395905 0 8.545974902808666 0.547244019806385 0.5669985711574554 1.839093305170536 0 0 0 0 0 0 28.90189135074615 0.5457005649805069 0 0 0.3360867500305176 3.962644413113594 0.284769132733345 1.007576920092106 2.784542344510555 1.39192821085453 0.3852300047874451 0 0 0 0 0 0 0.07957889884710312 0.1100306436419487 0 0 11.56879840046167 5.50408610701561 4.97465692460537 332.4801635295153 30.32681982219219 260.6160610616207 26.29062546789646 783.0460536330938 188.7855690196157 6.135872557759285 79.30616842210293 3.498312793672085 0.1766361147165298 6.966528818011284 0.6605056449770927 7.338341042399406 0.7364082708954811 0.1794795393943787 0.6003131121397018 1.349858373403549 0
1017.90425363183 882.8892063498497 0 14.26034380495548 513.1843895614147 92.17736957967281 148.1887948811054 1959.364193044603 441.2779227048159 146.1132926717401 1988.474144168198 54.62666817009449 214.0196585580707 606.7184024900198 22.26706769317389 18.55436695367098 3.409764930605888 1.889962881803513 0.5613812506198883 4.357191331684589 1.034742802381516 0.1358401030302048 8.34176030755043 0.836937353014946 4.419987291097641 1.069116242229939 1.291420601308346 0.5821612402796745 0.3946030139923096 0.6517563834786415 4012.911341100931 136.9982320517302 35.88813904672861 15.07473584264517 17.51614669710398 5.871270336210728 15.71563202142715 9.449079416692257 7.438369102776051 10.04481612890959 2.464039601385593 5.969923324882984 4.206536911427975 12.59919531643391 4.292448803782463 9.986041679978371 113.9177088364959 11.14592733979225 1.87894481420517 4.484566919505596 6.255339339375496 1.952300764620304 1.442810952663422 2.433332279324532 13.1624546200037 15.00221859663725 148.723931491375 1234.64913187921 44.29992593824863 110.5024932846427 109.6131576150656 17.81295496970415 11.73223746567965 536.6663088425994 16.39053028821945 6.021829627454281 5.659683145582676 13.46120854467154 8.923250071704388 14.5333840623498 9.18057145178318 11.08586703985929 0 335.6678135544062 202.4980276972055 226.5149391889572 119.7472429424524 29.7687368914485 865.8439955711365 1225.78165152669 203.6707683503628 1149.255382716656 37.44693484157324 0.1971743479371071 5.7361234202981 6.430330075323582 9.475822292268276 0.2186921536922455 2.472279213368893 0 3.62040787935257 1.097948044538498 2.788724765181541 1.885421119630337 6.400845065712929 38.14044232666492 0.2834536731243134 0.1715727597475052 1.985464259982109 635.8886830285192 0 0.4504135996103287 0.5797858089208603 1.314915627241135 0.2710740566253662 0.8690167814493179 0 2.840488448739052 6.432520970702171 8.775041505694389 3.699373118579388 5.288903601467609 14.24735664576292 6.876228272914886 7.563330806791782 0.7673197686672211 1.415746316313744 0.09887161105871201 0.3315324485301971 0 0 0 0 0 0 0.355630949139595 0.1121723651885986 1.106211498379707 0.1702014207839966 1.781541213393211 0.241838775575161 1.562488414347172 0.177556186914444 0.692591018974781 0.3646264150738716 0.7910425961017609 0.148049533367157 0.7111600190401077 0.5746290683746338 5.030159123241901 1.638669922947884 7.546198725700378 9.644364401698112 2.868700809776783 0.4676112905144691 0.4972586929798126 0.1392400860786438 0.1594888120889664 1.341192454099655 2.173078969120979 0 0.8466612547636032 0.7729929685592651 0 0.6076002866029739 0.3442483395338058 3.05750984698534 0.8545310720801353 0.2244061380624771 0 0.1076914221048355 0.1585871130228043 0 0 0.6246540993452072 1.034251637756824 8.228755600750446 0.5017360225319862 0.3038782626390457 0.3727298006415367 0.4714235067367554 0.327069915831089 0 0 0.1294040679931641 0.3703601062297821 23.06850324571133 1.371862828731537 0 0.3479286730289459 0.7324554398655891 2.977281615138054 3.847736999392509 1.397528946399689 0.8501298874616623 0.689098447561264 0.697677843272686 0 1.218370676040649 0 0 0.1138598844408989 0 0.2019842267036438 0.210938923060894 0.1435090005397797 0 4.789738141000271 10.00458534061909 12.189134337008 197.5178202539682 33.05486018955708 233.3902123123407 44.16173733025789 258.3074404299259 139.8250764682889 4.728902466595173 81.58230477571487 4.717002987861633 0 4.952396996319294 2.01124045997858 4.902572274208069 0.796478733420372 0 1.997822389006615 2.097773253917694 0.167451485991478
957.8264473676682 875.3196052908897 14.26034380495548 0 377.4967027306557 629.7732236236334 1478.718985825777 1.075807318091393 175.8284824341536 1788.52036871016 8.029830679297447 54.55222222208977 594.1569536924362 47.92440156638622 1.264726638793945 0 0 0 0 0.2115608751773834 0 0 0 0 0 0 0 0 0 0 30.95025750994682 0.1117807254195213 0.289021223783493 0 0 0.1621309667825699 1.061895847320557 0 0 0 0 0 0 0.14727383852005 0.3590588569641113 0 9.30351272970438 0.2222306281328201 0 0 0 0 0 0 0.8079144284129143 2.144402161240578 16.16407609730959 22.57006584107876 4.008991777896881 7.960881449282169 0 1.887803494930267 0 3.45539678633213 1.509799674153328 0.2307122945785522 0.1796174198389053 0.1208094209432602 0 0 0 2.375147968530655 0 19.48595960438251 3.829055644571781 11.61595828831196 1.555473424494267 0.4567283093929291 0 3.899926148355007 0 1.501843094825745 3.765822738409042 0 0.4040288627147675 0.5658059641718864 0.1063700467348099 0 0 0 0 0 0 0.103771448135376 0 304.2584985494614 0 0 0 167.2218700498343 0.2015959918498993 0.766171395778656 1.627094566822052 0.5824960172176361 0.2430683374404907 4.01287168264389 0.4918508380651474 3.591436550021172 7.659512355923653 10.48638029396534 2.361593782901764 6.51960913836956 12.54461598396301 5.571879014372826 1.709199190139771 0 0 0 0 0 0 0 0 0 0 0 0 0 0 0 0 0 0 0 0.4394300580024719 0.2225734144449234 0 0 0 0.3159842938184738 0 1.044711291790009 0 0 0 0 0 0 0 0 0 0.178011029958725 0.8529932945966721 0 0 0 0 0 0 0 0 0 0 0 0 0 1.379598289728165 0 0 0 0 0 0 0 0 0 3.172540873289108 0 0 0 0 0.3653437197208405 0 0.2158681303262711 0.4307812452316284 0.7017534524202347 0.1803148090839386 0 0 0 0 0 0 0 0 0 0 4.629048004746437 0.5008165240287781 0.6013130396604538 46.24687489122152 1.828287109732628 20.94161731749773 2.134408630430698 229.8506969809532 14.58542247861624 0.471386045217514 5.652409762144089 0.3580061569809914 0 0.8947227820754051 0.6556942164897919 2.017099902033806 0 0 0.4714144170284271 0 0
626.0819443389773 2855.369136847556 513.1843895614147 377.4967027306557 0 36.21254080533981 1373.649867393076 190.3428054898977 5848.069738529623 1031.000758707523 1019.524937026203 154.5570833832026 1548.901234738529 2548.012912407517 8.954195626080036 1.60692523419857 0.2812864258885384 0.3735089674592018 0 0.1041038855910301 0.4108447879552841 0 0.2675976902246475 0 0.3609556406736374 0.3935686051845551 0.2386815100908279 0.5156451910734177 0.3414746075868607 0.3361293524503708 300.3073844909668 4.077994488179684 7.44173126667738 0.8785908743739128 0 0.3910976201295853 3.383937694132328 1.333348676562309 1.040178932249546 0.5150286182761192 0 0.1415068656206131 0 1.241534844040871 0.6002458184957504 1.172154031693935 70.8735371157527 4.271179623901844 0.5583980679512024 0.1637959480285645 0.6934840753674507 0.1048394590616226 0 0.1056585982441902 6.187318250536919 8.415200605988503 21.86801213026047 59.86874055117369 11.01465418934822 38.86926810443401 1.243894532322884 2.528593063354492 0.2801970541477203 59.69373165816069 7.070410460233688 0.687301829457283 1.32561906427145 2.074135735630989 0.3949766159057617 0.2676966562867165 3.91500635445118 5.219180688261986 0 57.2822722569108 27.76419219374657 69.98937839269638 27.29402908682823 3.167874865233898 2.937501087784767 18.38257334381342 1.725155934691429 9.83862329274416 18.65708635747433 0.09211282432079315 2.894838705658913 3.425081670284271 0.336523212492466 0.1004129871726036 1.10794336348772 0 0.218178890645504 0 0 0.1348433792591095 0.6281953155994415 90.68828922510147 0.2965528964996338 0 0.2781278565526009 87.42842977494001 1.953093141317368 0.5456022024154663 3.80548895150423 3.944088786840439 1.641724966466427 16.98230944573879 1.816000536084175 14.70112290978432 30.27160961925983 34.71956577897072 9.235835924744606 22.97877418994904 72.61177895218134 26.30801551789045 16.94831628352404 0.1554080545902252 0 0.1514716893434525 0 0 0 0 0 0 0 0 0 0.1404979974031448 0.7276363968849182 0 0 0 0 0 1.425211526453495 0.754102423787117 0 0 0 5.331189639866352 0.4816669374704361 7.759044714272022 1.257655993103981 0.4526257291436195 0 0.4027122855186462 0.2306395024061203 0 0.1416359543800354 0 0 2.178506746888161 2.27355995029211 0 0 0 0.1092466935515404 0 1.111466661095619 0.4501204341650009 0.1338015496730804 0.7432291954755783 0.3978897035121918 0 0.2416730374097824 0.5974364727735519 13.43933952599764 0.7253402173519135 0.8015192747116089 1.268969334661961 0.08559099584817886 0 0 0.157854899764061 0 0.2535260021686554 44.57884230464697 0.2215463519096375 0 0 0.1751762330532074 4.451071493327618 1.412725508213043 1.699403122067451 2.755471676588058 2.850400865077972 1.000768154859543 0.2705733478069305 0.6497556045651436 0 0 0 0 0 0 0 0 27.42024780809879 8.964584544301033 6.783857487142086 262.6978709772229 30.96044789999723 172.228011533618 28.21510379016399 232.3640552014112 109.7981488928199 3.817580208182335 73.9556125998497 7.877371564507484 0.6196067407727242 7.393092848360538 0.7502720803022385 8.634589843451977 1.399945050477982 0 3.854079335927963 2.778435528278351 0.2521246373653412
322.3799216076732 509.0817950516939 92.17736957967281 629.7732236236334 36.21254080533981 0 293.0546282455325 11.62933446466923 31.61421170830727 930.1702563166618 33.84854731708765 442.4610579013824 272.4512371942401 77.57824450731277 0.3065302073955536 0 0 0 0 0 0 2.820736646652222 0 0 0 0 0 0 0 0 124.5436155796051 0 18.61620320379734 0 0 0 9.266514122486115 0.1918372809886932 1.226334691047668 0.1623692810535431 0 0 0 0 0 0 4.57425194978714 0.2512024194002151 0 0 0 9.079616576433182 1.666264325380325 0.6910504400730133 0.793675921857357 2.21051798760891 122.3886724933982 41.94730240851641 11.97382974624634 7.366659037768841 0.09928470849990845 0.6060110628604889 0 0.3484796732664108 1.036352641880512 0.09507153928279877 0.1971012502908707 0 0 0 102.9541499763727 229.63232652843 8.49473837018013 23.8473295122385 1.457910142838955 12.07015360891819 0.1243941709399223 0 0 12.63426184654236 0 2.395469337701797 2.825782738626003 4.152393728494644 0.09709513187408447 2.778129130601883 0 14.04342675209045 5.65791891515255 19.172024294734 0.6763490289449692 1.26844035089016 0 0 0.4775529503822327 504.9387357383966 50.34941452741623 36.19068565964699 3.262300193309784 333.3269598037004 0.1404166966676712 0 0 1.089518189430237 0 0.2237620204687119 0 0.1417637169361115 0.5273090004920959 0.9557603001594543 0 1.111956015229225 1.833294555544853 0.9091008454561234 0.883048415184021 0.2484177500009537 0 0 0.5326046347618103 0 0 0 0 0 0 0 0 0 0 0.5811352431774139 0 1.025777921080589 0 0.149299293756485 0 0 0 0 0 0.1299677044153214 0 0.3530074805021286 2.67194727063179 0.4282904788851738 0 0 0 0 0 0.2478347718715668 0 0 0 0 0 0 0.8841157406568527 0 0 0 0 0 0 0 0 0 0.3372282832860947 0 0 0 0 0 0 0 0 0 1.295853838324547 0.5563815981149673 0 0 0 0 0 0.1165565177798271 0 0.2103704810142517 0 0 0 0 0 0 0 0 0 0 0 0.5173380821943283 1.259502246975899 2.016154274344444 9.94492806494236 0.3870122507214546 6.282109595835209 0.7072423622012138 175.4096264317632 16.8472231477499 1.283221490681171 0.9239091724157333 0 0.1431910842657089 0.4820826053619385 0 3.565390586853027 0.1186981052160263 0 0 0 0
1396.857854299247 4311.612167298794 148.1887948811054 1478.718985825777 1373.649867393076 293.0546282455325 0 12.45192633569241 1209.887280635536 2617.548987716436 140.9506632834673 153.4187936559319 4549.854553110898 1846.036634340882 16.13755661994219 1.601242184638977 1.011395871639252 0.2370818182826042 0 0.5142643004655838 0.1310790330171585 0 0.2745570540428162 0.758565217256546 0.5883482843637466 0.7754824087023735 0.7642921805381775 0.8802455067634583 1.46620762348175 0.5913473516702652 289.0333391949534 7.390999212861061 16.60730767250061 0.5887938514351845 0 0.8556160479784012 7.481886424124241 3.243538059294224 1.793982923030853 1.410123758018017 0.7016577422618866 1.262612089514732 0.2000086307525635 2.644303970038891 0.5250597223639488 1.42523317784071 165.2001007273793 9.903534404933453 1.162909470498562 0.1315448135137558 2.241305589675903 0.1352196335792542 0 0.4560987055301666 13.00570014119148 21.11910868436098 48.72128515690565 112.2732104063034 23.6344213411212 79.0190362855792 1.933421440422535 7.495664171874523 0.2595817819237709 116.980731792748 17.14437030255795 2.187864355742931 5.234132617712021 2.17715060710907 0.1155635342001915 0.3184490874409676 9.181619003415108 9.724525660276413 0 126.4037672355771 61.73369914293289 148.0327453911304 57.66958578675985 6.407724991440773 2.1562455072999 34.31510081887245 2.964539796113968 14.36869845539331 44.19358461350203 0.5572512447834015 7.272472724318504 10.12328926473856 1.307381615042686 0.1076503545045853 0.8708796128630638 0 0.7672930061817169 0.7382421121001244 0.2213356792926788 0.2843162566423416 1.390933007001877 258.8534427583218 0.9247938990592957 0 0.1818449348211288 184.0298675075173 1.537732183933258 1.667326763272285 9.790120452642441 7.919017434120178 2.153973050415516 24.99559903144836 4.496767774224281 27.56563000380993 53.41830152273178 62.9729273468256 16.01848837733269 50.01130230724812 127.3667916506529 41.48073045164347 30.04402511566877 0.3205289393663406 0.7068011164665222 0 0 0 0 0 0 0 0 0 0.1260706037282944 0 0.2671285718679428 0.1372492611408234 0.1763830333948135 0 0 0 2.893529199063778 2.2746507152915 0.141729399561882 0.2035273909568787 0.1220498904585838 11.8695370182395 0.9470808506011963 15.60217650234699 4.688613787293434 0.1295502334833145 0 0 0 0.3047146797180176 0 1.12508088350296 0 3.641162194311619 3.718351781368256 0 0.09873837977647781 0 0.2643362432718277 0 0.8711444884538651 0.753415159881115 0.3271199390292168 1.064450636506081 0.4816928282380104 0 0 0.8251989483833313 21.24558678269386 0.8934221714735031 0.8925496861338615 2.560283944010735 0.113116666674614 0 0 0 0 0 79.52482200413942 1.274963118135929 0.1901648491621017 0.1354414522647858 0.1257084608078003 5.489254586398602 0.4345870614051819 2.533028602600098 3.796318955719471 2.695503503084183 1.191899977624416 0.5990504771471024 0.3857269138097763 0.1070263311266899 0 0 0 0.1316230297088623 0 0.1272138655185699 0.1742415130138397 43.65831456333399 16.03647662699223 13.25402669608593 493.4240981042385 64.44932003319263 402.9468743428588 56.11481511592865 666.7505119591951 241.9573606103659 13.03375907242298 155.5535142272711 10.98920152336359 2.169417999684811 13.37367787957191 0.9446897357702255 15.35201641172171 2.33577761054039 0 2.811415642499924 3.060719236731529 0.5622690171003342
254.1288241222501 372.6904321089387 1959.364193044603 1.075807318091393 190.3428054898977 11.62933446466923 12.45192633569241 0 212.3424798846245 14.38543348014355 2306.026646852493 23.83343783020973 93.23843155056238 660.7291655093431 27.21060056239367 16.50232695043087 2.505315132439137 0.7077433317899704 0.1532630324363708 2.721735872328281 0.8451152592897415 0 6.29207555949688 2.072032086551189 2.696876399219036 0.4647666811943054 2.259462937712669 0.8004127889871597 0.2605907469987869 0.1525310575962067 1300.522958666086 1159.516552597284 13.47135674953461 6.95097192376852 7.469373442232609 7.352214559912682 9.66989403963089 6.488346830010414 4.718085862696171 4.617714203894138 1.268904373049736 4.658244796097279 1.80002036690712 13.04883228242397 4.57850719243288 23.42868034541607 171.2570530548692 6.615747258067131 2.060054503381252 4.677147902548313 2.882127210497856 0.6076827943325043 0.4089077562093735 3.683334656059742 7.211400404572487 11.08377585560083 29.20716764777899 154.6817393377423 14.85786487907171 45.67172671854496 323.0405641496181 4.09548120200634 12.70926479995251 553.8148115202785 8.368900120258331 2.738505370914936 2.907858572900295 8.203146070241928 4.660135217010975 8.927392967045307 3.867028713226318 7.757422521710396 0 86.90040880441666 90.04822757095098 126.3182242959738 276.1909792423248 218.76428347826 920.8751107528806 1195.430526539683 928.7731325924397 1430.034753382206 18.50569312274456 0.2603842690587044 4.007971309125423 2.902103833854198 4.427176102995872 0 1.187260329723358 0 0.9086126014590263 1.125002980232239 1.818162120878696 0.7937073484063148 4.420939199626446 12.47536116838455 0.8066941797733307 0.2990564703941345 1.491087257862091 158.1167160794139 0 0.4477710127830505 1.419412523508072 0.2454511970281601 0 0.6505212634801865 0 1.041876658797264 1.031088083982468 1.45553420484066 0.4703682065010071 1.740341328084469 4.711646616458893 3.602862998843193 3.818191394209862 0 1.05800861120224 0 0.4818884879350662 0.3341853618621826 0 0 0.1261570155620575 0 0 0.1595077514648438 0.2780356705188751 0.6316236853599548 0 1.295231714844704 0 0.4149629175662994 0.2622788846492767 0.3103062957525253 0.2670615017414093 0.3377815783023834 0.3112494051456451 0.9085624814033508 0.3038099110126495 2.980917446315289 0.898897260427475 5.713222377002239 6.898296713829041 1.069592766463757 0.2857503145933151 0.1654800027608871 0.2070848196744919 0.4345297068357468 0.9977362900972366 2.068723812699318 0 1.173545271158218 0.1727216839790344 0 0 0.9459695070981979 0.8801171705126762 0.2470899075269699 0.3057288825511932 0.1238405108451843 0 0 0.2758166491985321 0 0.2871370315551758 1.086209177970886 4.673833966255188 0 0.09334742277860641 0 0.3261458873748779 0 0.1318715661764145 0.5043404400348663 0 0.2882596999406815 10.08780586719513 1.228730976581573 0 0 0.3722336366772652 0.9925069063901901 1.824290931224823 1.347603112459183 0.5001483410596848 0 0.8487894907593727 0 0 0.5469247996807098 0 0 0.08845027536153793 0.1700785830616951 0.1292576789855957 0 0.111252099275589 2.647981375455856 5.764082953333855 9.261501401662827 489.2875498756766 46.91174112260342 407.3202780038118 72.97023817151785 192.1706193163991 163.0719212964177 8.499131202697754 192.2321055158973 12.51259727030993 1.036136716604233 4.215751066803932 0.6891821771860123 1.418022036552429 0.8398263454437256 0 3.582670316100121 6.008141919970512 0
81.85991872102022 1364.91016921401 441.2779227048159 175.8284824341536 5848.069738529623 31.61421170830727 1209.887280635536 212.3424798846245 0 683.7995422556996 1907.681745648384 205.2697778791189 3706.221427626908 6223.882555447519 7.223577544093132 3.403131663799286 0.9801157861948013 0.1579098105430603 0 0.7842601239681244 0.3539306223392487 0.3006188869476318 0.2512325569987297 0.1798060238361359 0.2359474077820778 0.6525741517543793 0 0.5808925777673721 0.1266381293535233 0 101.2178791165352 3.848932527005672 29.80166795104742 0.1967108696699142 0.1317169666290283 0.4441280663013458 3.673699885606766 1.519949682056904 1.430994063615799 0.3622857257723808 0 0.4070121943950653 0 1.685967653989792 0.2110124230384827 0.3134460970759392 39.43715932220221 1.127977631986141 0 0 0.6251895278692245 0 0 0.3515387773513794 2.289318852126598 2.341519854962826 6.433183185756207 15.92825884371996 4.79912918061018 9.543300285935402 0.8935751244425774 3.752060875296593 0.3701893240213394 13.9392612054944 2.427477017045021 0.577276423573494 0.4720117151737213 0.3859206885099411 0 0.3428821116685867 10.49315495789051 15.20417602360249 0 15.7162346765399 7.069037914276123 16.40149124711752 10.67112217843533 3.965096980333328 3.970726318657398 46.95100700855255 0.4306019321084023 10.88271872699261 5.164238758385181 0.09163099527359009 0.2582418397068977 1.027761295437813 0.249334841966629 0 0 0 0.5062319785356522 0 0.3195020854473114 0.1133807972073555 0.4547835737466812 187.3077147752047 0.8154484927654266 0 0.6594924777746201 28.50146127492189 4.823508128523827 2.91560323536396 6.231102779507637 9.249693259596825 2.593115381896496 24.12339054048061 4.822274312376976 24.4983122497797 45.64913519471884 49.94094921648502 15.8187715113163 49.64395702630281 126.3699525371194 57.66425383836031 29.89837572723627 0 0.3957911729812622 0 0.1281221508979797 0 0 0 0 0 0 0 0 0.1744106560945511 0 0.136339470744133 0 0.1032147109508514 0 0 4.656569145619869 1.103272676467896 0 0 0.1676864326000214 10.94563354551792 0.9239145666360855 13.80697986483574 2.355765230953693 0.8644478768110275 0.142819732427597 0 0 0.3495079725980759 0.2944948673248291 0.1264622956514359 0 2.923351220786572 3.601688675582409 0 0.1388786137104034 0 0.1359478831291199 0 0.4419581070542336 1.121681518852711 0.3394317552447319 1.352106615900993 1.838100753724575 0.178835391998291 0.6633797138929367 0.4089501053094864 19.4794555157423 1.353913955390453 2.725641079246998 1.802763804793358 0.1065737381577492 0 0.2190284430980682 0 0 0 66.05951777100563 1.673741862177849 0 0 0.5252550169825554 8.616194508969784 0.7286198139190674 2.563223019242287 5.026904553174973 1.057980820536613 1.934541143476963 1.362346425652504 1.221894830465317 0.3124798238277435 0.4055752083659172 0 0 0 0 0 0 44.84805034846067 16.98373623937368 12.25330703705549 319.6787868142128 26.43904633074999 142.8897502347827 34.30408992618322 92.24376010149717 58.58173118531704 4.100293733179569 103.6497760489583 5.011765152215958 0.7280693352222443 12.4328286871314 1.296023719012737 15.9170745164156 1.990784890949726 0.2907626926898956 0.8180622011423111 2.449927501380444 0
1135.159384451807 1354.032055154443 146.1132926717401 1788.52036871016 1031.000758707523 930.1702563166618 2617.548987716436 14.38543348014355 683.7995422556996 0 65.72233894467354 1509.261193729937 4126.372372195125 334.0416960045695 3.504142388701439 1.176528319716454 0.1291005611419678 0 0 0 0 0 0 0 0.2453780174255371 0.347405880689621 0.2524872422218323 0.1767899841070175 0.7430347353219986 0 100.9929270595312 1.689182244241238 57.70131707191467 0.364686444401741 0.3146928697824478 0.4629694819450378 18.20671787112951 3.333994582295418 1.856028199195862 2.233153849840164 0 0.246524840593338 0 1.201892584562302 0 0.1307526230812073 54.19450962543488 3.206561245024204 0.2089034616947174 0 0 0 0 0.2447840720415115 6.061426922678947 7.827600538730621 50.61586493253708 38.26916298270226 10.98930541425943 24.44248528033495 2.084695413708687 7.431760266423225 0.4881709963083267 15.10000993311405 5.692905820906162 0.9443289861083031 0.9055932015180588 0.5857710689306259 0 0.5019311904907227 23.30216984450817 31.48700667917728 0 48.8261980265379 12.00678463280201 41.96065539866686 10.83629581332207 1.985620588064194 0.5518782287836075 73.36040815711021 0.7584159076213837 20.86407619714737 19.29389561712742 0.7060784548521042 1.649966195225716 3.004758268594742 0.3658068925142288 0 0.1480213105678558 0 0.1149799972772598 0.2079498916864395 0 0.169794425368309 0.7967730388045311 1363.990423135459 11.21353304386139 0 0.7171616181731224 449.0564772486687 7.268339589238167 6.309031039476395 23.6273690238595 17.24157504737377 3.884750373661518 63.3474253565073 15.88123440742493 73.92041264474392 143.5232514590025 168.6533287465572 37.55912307649851 138.6160734668374 371.6242643222213 127.063944734633 58.12438003718853 0.1183618009090424 0.5034963637590408 0 0.1206611692905426 0 0 0 0 0 0 0 0.1325539648532867 1.076245456933975 0.184036910533905 0 0 0 0 0 8.601996138691902 3.194070681929588 0 1.626285642385483 0.1465177685022354 21.61887457966805 1.024719186127186 33.95709754526615 7.474265493452549 1.981139361858368 0 0 0 0.1434866189956665 0 0.2514967620372772 0 8.292370460927486 8.136512711644173 0.4375894963741302 0.3535828739404678 0 0 0 1.881593115627766 2.585461027920246 1.309371456503868 1.7751769348979 4.918972499668598 0.1361822336912155 0.1837838143110275 0.5328870415687561 42.13868242502213 3.105312027037144 4.663766354322433 4.682025641202927 0.7455990239977837 0.2305134609341621 0 0 0 0 109.4733987376094 3.025968387722969 0 0 0.4088562577962875 17.20994647592306 3.262183241546154 5.709727808833122 9.448612943291664 4.838520057499409 3.462751470506191 2.775085642933846 0.6991941779851913 0.7835501506924629 0.1030879989266396 0 0 0.1023996099829674 0.1113057062029839 0 0 102.0802805572748 30.7691810503602 28.50659725815058 605.4007101729512 27.35439260303974 154.6158090531826 20.54004630446434 739.4573138728738 98.91596657782793 3.422906458377838 110.5232985317707 23.93647816777229 1.073599502444267 33.20364394783974 1.293152831494808 51.28672740608454 6.643817603588104 0 5.055443927645683 1.900262430310249 0.3391702175140381
643.0431738942862 1459.267360687256 1988.474144168198 8.029830679297447 1019.524937026203 33.84854731708765 140.9506632834673 2306.026646852493 1907.681745648384 65.72233894467354 0 138.1151545122266 1190.668974354863 4277.223306104541 65.58157047629356 55.10910678654909 4.324297927320004 1.091559931635857 0.6970166116952896 0.4485093206167221 2.865257263183594 1.09246401488781 11.19049515575171 1.517121464014053 6.594232730567455 3.156310811638832 6.525353506207466 1.684848353266716 1.617831081151962 1.155747771263123 1613.874890655279 128.2182552069426 393.917954094708 3.95913977175951 9.371318288147449 9.908584430813789 198.1176077574492 39.62122070044279 29.23066235333681 18.64767427742481 2.751489862799644 3.576428480446339 0.9774925336241722 33.62986225634813 1.982560396194458 2.893661268055439 257.9601258486509 10.07390674948692 1.663095526397228 1.408732898533344 3.614968992769718 1.0617885440588 1.23504239320755 1.29143264144659 9.706663452088833 15.0731568261981 44.69117609411478 184.608468413353 21.3563995808363 67.97241195291281 9.392975218594074 29.15461383759975 8.516621261835098 152.9277089908719 14.14216202497482 2.762208849191666 5.47594953328371 5.928976088762283 2.574691668152809 3.308381259441376 118.3199169039726 87.38641918450594 0 107.6639310568571 70.17652854323387 157.8120751753449 84.84609212726355 51.4103757366538 125.3705224245787 1031.136438257992 8.518308706581593 370.9866290539503 33.40796842426062 0.3343588411808014 5.718365460634232 5.128389038145542 2.071297690272331 0 1.899462305009365 0.3311140984296799 1.110054954886436 0.9279624372720718 3.314827114343643 2.598458491265774 2.295352250337601 195.7998523116112 16.94680178165436 1.244721487164497 9.60823892056942 233.3431792110205 5.089230619370937 3.170181006193161 7.712164983153343 5.708668932318687 1.06700599193573 19.10166910290718 0 17.41376668959856 23.57061445713043 30.60611726343632 18.07525151222944 24.60337943583727 76.60881143063307 36.49978213757277 37.18272721022367 1.344759367406368 2.193359568715096 0 0.5316380858421326 0 0 0.3259135782718658 0 0 0 0.7391870021820068 0.1678030043840408 1.13624545186758 0.2679193615913391 1.732042334973812 0.3968845307826996 1.577599577605724 0.1294335275888443 0.5021262094378471 4.633725136518478 5.482432797551155 0 2.282862603664398 0.5745837986469269 33.67667925357819 6.087848477065563 46.96745329350233 27.40233095735312 6.615664832293987 0 0.3123037293553352 0 0.5929124355316162 4.662572525441647 2.605611242353916 0 5.989500597119331 6.681401565670967 0.3330769091844559 0.5298504233360291 0.1289505511522293 2.943423978984356 0.1212070062756538 2.462059110403061 3.344069004058838 1.0094163864851 1.536468543112278 3.563830152153969 0 1.73338183760643 3.434035062789917 50.23224810510874 2.717290289700031 2.592182949185371 2.880302734673023 0.5861379951238632 0.2652732506394386 0 0 0 0.2893812954425812 117.5256462693214 5.153463140130043 0 0 0.7684672847390175 17.19600777328014 4.024165220558643 10.49902094900608 8.071929931640625 2.629133634269238 2.844646543264389 1.451767191290855 1.774563580751419 1.520288176834583 0.09794224053621292 0 0 0.9741483926773071 0.09759654104709625 0 0.2228098958730698 38.13056620210409 56.37238664925098 64.47362408041954 1345.329722225666 106.698745585978 770.6885506361723 189.0240713655949 371.9667056798935 282.7835150212049 17.14972624182701 516.3301495164633 36.79459016025066 3.029381856322289 34.01628699153662 5.040483355522156 21.46636011451483 7.122010596096516 0.2270954251289368 8.327286131680012 17.87677431851625 1.012790679931641
29.27786713838577 161.5759397298098 54.62666817009449 54.55222222208977 154.5570833832026 442.4610579013824 153.4187936559319 23.83343783020973 205.2697778791189 1509.261193729937 138.1151545122266 0 1959.31558085978 391.729647487402 5.970767699182034 4.788450546562672 0 0 0 0.2002466320991516 0.2048027962446213 1.405976489186287 0.3434024006128311 0 0.4049913287162781 0.3716917186975479 0 0.2041275948286057 0 0.3716495782136917 27.41327770799398 0.6418955773115158 96.58407411724329 0 0.4322525709867477 0.9540042728185654 98.1318888515234 3.080167412757874 32.29184508323669 1.4489885866642 0.1474665999412537 0 0 4.65394102036953 0 0.4226647764444351 21.36777561157942 1.149142935872078 0 0.3139660060405731 0.1782063096761703 0.1888405084609985 0.8775078952312469 0.5640997439622879 1.143832519650459 1.630272030830383 13.73245736956596 3.918268717825413 1.028003945946693 2.037235140800476 1.833688303828239 1.982652388513088 0.6328417211771011 4.913973718881607 1.586332887411118 0 0.09720678627490997 0.1304696351289749 0 0 396.5947261825204 245.2016592025757 0 6.331377230584621 1.358734294772148 5.753707602620125 3.453101150691509 3.824629932641983 0.7256559282541275 17.39394313097 0 6.2317159101367 3.261617735028267 0 0.5366252064704895 0.6382161751389503 0.1878935694694519 0.1630629450082779 0.1827473938465118 0.1230616718530655 0.1086990982294083 0.1228520795702934 0 0 0.4529609456658363 3337.541722282767 136.9057795256376 0.1418933272361755 32.0417564958334 118.5012547001243 6.684622600674629 4.980936519801617 16.07791263610125 8.679498091340065 3.030166894197464 50.51834170520306 6.162316933274269 51.61531246453524 93.08122266829014 99.06787653267384 35.41555663198233 112.6103869006038 329.460491552949 142.9096217676997 69.66814889013767 1.301628075540066 0.3849367052316666 0.1134244278073311 0.1288010329008102 0 0 0.142167791724205 0 0.1748713701963425 0 0.1523564755916595 0.1645810455083847 0.4102214649319649 0 0.587553858757019 0.5625927746295929 0.6251172125339508 0.1448635160923004 0.2888175770640373 6.395020000636578 3.891418412327766 0 0 0 32.1556149944663 3.904959745705128 43.96211813390255 9.368694357573986 0.9321826249361038 0 0.1439820975065231 0 0.4355012774467468 1.506988182663918 0.2220524698495865 0 6.822377033531666 7.244191914796829 0.2628651410341263 0.5122271627187729 0 1.440826013684273 0 1.458721399307251 1.952701114118099 1.302387729287148 1.893521629273891 5.486444063484669 0.1618022173643112 0.6036382913589478 0.5070424675941467 54.23155128955841 1.010668933391571 1.545529223978519 6.1408806219697 0.6927438452839851 0.08901572972536087 0.196571946144104 0 0 0.36770299077034 211.427813924849 8.554407611489296 0 0 0 21.24070344120264 3.517382137477398 7.028774976730347 9.847124367952347 5.032384112477303 3.880942180752754 1.679868787527084 1.028929218649864 0.6496443673968315 0.2074434161186218 0 0 0.4130294993519783 0 0 0 162.1572773233056 68.23073677718639 43.33768731355667 251.4472920447588 11.47362440079451 66.49834959208965 21.21617577970028 120.9910182654858 21.04977513849735 1.213856630027294 63.76577957719564 14.04179814457893 0.7205819115042686 27.9170413389802 2.366687215864658 29.46708154678345 4.416684374213219 0 3.020230278372765 2.031061932444572 0.1255113333463669
122.7235460504889 1382.664607718587 214.0196585580707 594.1569536924362 1548.901234738529 272.4512371942401 4549.854553110898 93.23843155056238 3706.221427626908 4126.372372195125 1190.668974354863 1959.31558085978 0 3305.501149244606 19.99368838220835 15.29547765851021 1.67730075865984 0.2515179514884949 0 1.297267273068428 0 2.197498574852943 1.862894222140312 0.2174107432365417 1.191342145204544 1.483891472220421 0.9883339032530785 2.368895515799522 0.5112054049968719 0.684058204293251 93.78559529036283 7.194227740168571 426.1066753044724 0.9509008973836899 1.147478863596916 2.956323884427547 295.0614982768893 18.5614153817296 73.3301707431674 139.5199797526002 0.3327595144510269 0.9615118801593781 0 10.62641165405512 0.3939023613929749 0.8664734214544296 70.02053199708462 3.522821880877018 0 0.1121906638145447 0.9823101907968521 0.141938328742981 3.004663273692131 0 4.688592664897442 4.697628192603588 15.10372447967529 18.37698888033628 5.895353026688099 13.46476232260466 1.379121236503124 21.71353349089622 0.3248130828142166 17.8026067763567 3.713206253945827 0.873680092394352 1.238670282065868 0.9499115869402885 0.1153791770339012 0.3840604573488235 906.8941250666976 129.2968470752239 0 22.92318936437368 10.69534952193499 31.61547518521547 16.68885124474764 16.31310087442398 2.578512564301491 68.51614583283663 2.582520619034767 23.30354741215706 9.842809751629829 0 1.420898385345936 0.9876339584589005 0.9446856155991554 0 0.2021530196070671 0.4483777433633804 0.124440498650074 0.380765937268734 0.572081595659256 0.4902123659849167 0.5930630713701248 3263.903939597309 54.5663450807333 2.915416359901428 19.02569788694382 88.11478610336781 9.585928961634636 7.567192658782005 24.81426275521517 18.87255528569221 3.301234059035778 74.18191687762737 10.58477638661861 80.62271218001842 167.2801866084337 168.647124812007 53.33019735664129 149.3663269728422 473.114058688283 159.290161408484 103.2976658344269 1.768254667520523 1.187671266496181 0 0.7677984982728958 0 0 0.1032143756747246 0 0 0 0.4454247206449509 0.1597397923469543 0.4141306430101395 0.6984170824289322 1.032866448163986 0 0.4657234102487564 0 0 10.96467097848654 7.222512170672417 0.15228670835495 0.4763238728046417 0 41.57470423728228 4.396138519048691 52.29584237188101 12.1593045592308 2.134509459137917 0 0 0 0.9285855293273926 1.645927831530571 0.4572294354438782 0 8.979459673166275 11.1744898557663 0.3701861575245857 0 0.1387785226106644 0.7066221535205841 0 2.670818604528904 1.782726265490055 0.8968891873955727 3.355214759707451 6.070933721959591 0.5291363596916199 0.8928722739219666 1.577012360095978 83.06690031290054 1.939416766166687 2.983561709523201 7.208414830267429 0.530572772026062 0.1212881579995155 0.3063243627548218 0 0.123802661895752 0 343.7067042961717 8.754280254244804 0 0.3997000977396965 0.1853540688753128 25.45041656494141 5.524191379547119 7.974193595349789 14.75449274480343 5.471811175346375 2.975297190248966 2.889053754508495 1.588693462312222 0.5266004577279091 0.2159882038831711 0 0 0.1431642472743988 0 0 0.3268866389989853 229.2613340467215 81.08417288213968 49.74286073446274 598.4370761290193 61.67002152651548 248.933194026351 70.61022277921438 204.7047636583447 102.4631623253226 6.175843082368374 215.6664388030767 13.78027413785458 1.65152532607317 31.22347883880138 2.893189281225204 46.26997447758913 6.424255318939686 0.735271230340004 7.93753420561552 11.62650844454765 0.4537224173545837
