0 6243.956570081413 993.2177376747131 2615.278012305498 3117.941014140844 382.6504336595535 2258.655441917479 39.69840095937252 888.5288809239864 2127.269543379545 880.7290907427669 150.0906608253717 391.1669607758522 553.1722230538726 1.216307297348976 0 0 0 0 0.09466035664081573 0.1494233310222626 0 0 0 0.1206556484103203 0 0.6757335066795349 0 0.1126095876097679 0 1310.414680950344 0.2746859788894653 12.32132046669722 0 0 0 6.663015514612198 0.1764998733997345 1.714116618037224 0.2447077259421349 0 0 0 0.1135272905230522 0 0 32.79003071784973 0.498238667845726 0.1324779838323593 0 0.1503283083438873 0.6228987574577332 0.1503863334655762 0 1.324969351291656 5.108145102858543 152.6454539597034 627.8301791399717 21.38339633494616 37.22450692206621 0.2070558816194534 0.1305963695049286 0 0.9216491878032684 0.700799323618412 0.3563113659620285 0.1169278472661972 0.3390652388334274 0.1177574172616005 0 135.4026844203472 7.491970375180244 1.24685962498188 271.4542586058378 8.404459148645401 15.71255760639906 0.2870813608169556 0.1783130168914795 0 3.390225812792778 0 0 11.62654263526201 0.8238591104745865 0.8089530020952225 3.442633748054504 0.6761869788169861 0.5987568944692612 0.2395948097109795 0.7292150259017944 0.1032050624489784 0 0 0 0.2292227745056152 513.4803770035505 52.77091105282307 3.569717064499855 12.66736029088497 1367.421275652945 1.84241384267807 6.541760385036469 3.651360064744949 1.266235649585724 1.013462662696838 1.90808929502964 5.142832159996033 0 224.0991686582565 16.66060712188482 0.3010910451412201 2.240920305252075 15.09305411577225 4.061985552310944 0 0 0 0 0 0 0 0 0 0 0 0 0 0 0 0 0 0 0 0 0 0 0 0 0 0.3094912767410278 0 0.1497178375720978 0.1639750897884369 0.1390350759029388 0 0 0 0 0 0 0 0.2986565828323364 0 0 0 0 0 0 0 0 0 0 0 0.2403476983308792 0 0 0 0 0 0 0 0 0 0 0 0 1.178583905100822 0 0 0 0.1693393290042877 0 0 0 0.4313165843486786 0 0.2040084451436996 0 0 0 0 0 0 0.1077195182442665 0 0 0 5.784609138965607 0.3725651204586029 0.1563049554824829 75.93487241119146 6.003491930663586 49.69464191049337 6.382649183273315 677.3364598825574 28.33215074241161 2.505252286791801 4.392286628484726 0.6627867966890335 0 0 0 9.528484672307968 0 0 0 0 0
6243.956570081413 0 1104.303180217743 555.2186960652471 5106.433871224523 88.41622517257929 4591.68780502677 158.7225486338139 2915.361052803695 126.5352420657873 778.5504399240017 12.19160425662994 310.1205038055778 563.3501746281981 6.619908563792706 0 0.4678015485405922 0 0 0.2356061860918999 0.9399244114756584 0 0.4031242430210114 0.2181753143668175 0.5908033400774002 0.7047850489616394 1.034753233194351 0 0.3774656057357788 0 4301.473618283868 0 6.19885166734457 0 0 0.2121245339512825 1.500037409365177 0.2145065367221832 0.2916980087757111 0.9981108158826828 0 0.6426047831773758 0.3684697151184082 0.133190706372261 0.1217669546604156 0 87.95530261099339 1.997437462210655 0 0 0.209457591176033 0 0.08334807306528091 0.1923230290412903 5.138906814157963 17.95551788806915 87.61705741286278 606.1489947587252 24.63856925070286 73.35663647949696 0 0.5097826644778252 0 3.489256650209427 4.919355757534504 1.49595445394516 0.5359960347414017 0.6700803562998772 0.126350149512291 0.9641591235995293 6.521387055516243 0.4122020155191422 0 402.9077633842826 28.34107784926891 68.8025291711092 1.570105247199535 0.1161089166998863 1.258194327354431 11.59336627274752 0.1808216869831085 0.5560493022203445 36.80645587295294 1.506673261523247 4.257029160857201 10.04367887973785 1.252100184559822 0.344250313937664 0.7010655328631401 0.21999341994524 0.3021215572953224 0.6354727670550346 0 0.4086499139666557 0 44.46241195499897 1.065053656697273 0 0.5916753187775612 1096.512765169144 0 1.913777351379395 0.8507225811481476 0.2191894948482513 0.2563003301620483 2.901765704154968 1.623125925660133 0 57.70521269738674 4.076853543519974 0 0.6097655296325684 4.130404144525528 0.2394738346338272 0.3639477342367172 0 0 0 0 0 0 0 0 0 0 0 0 0 0 0 0 0 0 0 0 0 0 0 0 0.3292696923017502 0 0 0 0 0 0 0 0 0 0 0 0 0 0 0 0 0 0 0 0 0 0.1375143527984619 0.390590488910675 0 0 0 0.1361392736434937 0 0 0 0.1062086373567581 0.1589622646570206 0.1226911097764969 0.2221371904015541 0 0 1.507176034152508 0 0 0.1239137873053551 0 0 0 0 0.1417989283800125 0 0 0 0 0 0 0 0 0.4637922197580338 0.1257176250219345 0 0 1.939459025859833 0.6059927344322205 1.144828990101814 227.2320615947247 20.38598030805588 175.5448870658875 27.5663969963789 436.7999628484249 60.78379301726818 3.345439568161964 25.48525330424309 5.226909533143044 0 0.4818649142980576 0 2.887393668293953 0 0 0 0.4935812503099442 0.3724147379398346
993.2177376747131 1104.303180217743 0 6.387335494160652 1592.548322804272 7.068074971437454 27.01403915882111 1420.941804558039 667.7736527249217 4.148143328726292 3693.048058651388 22.13589961826801 245.3396160528064 1275.771817415953 8.442115873098373 0.1893088966608047 1.357427328824997 0 0 0.3481456190347672 0.0947689488530159 0.09602678567171097 0.453944057226181 1.185939460992813 1.825089663267136 0.5225527286529541 0.9761281460523605 0.5395366549491882 1.537461139261723 0.1437299698591232 4083.506108909845 411.2913981378078 49.5881180241704 0 0 0.5754663944244385 18.34224826842546 2.299007758498192 4.920115113258362 10.58490989357233 0.8718714416027069 0.4962444305419922 0.2368504479527473 0.1201976910233498 0 0 85.09036903083324 2.97890517860651 0 0.1035513952374458 0.6291792020201683 0.2465347647666931 1.044974870979786 0 3.698029860854149 14.03161294013262 95.31838197261095 670.7445167601109 18.02701051533222 69.1249405965209 0.2654687762260437 0.9456791281700134 0 131.6218295022845 3.875805981457233 0.8073073849081993 0.1228868067264557 1.16359531879425 0.3912724256515503 1.592083185911179 17.37936526536942 0.9105642139911652 0 491.2781502529979 61.48019064962864 74.46632574498653 3.231357350945473 0.6130978763103485 40.28938449919224 277.9094779863954 0.5256601423025131 9.457637675106525 29.94430028647184 1.515701115131378 4.051367916166782 8.170840293169022 1.721811696887016 0.1008620113134384 0.3738556727766991 0.4542897939682007 0.8549342080950737 0.2182552888989449 0 0.2388635873794556 0.3286502510309219 13.97040855884552 0.4800092130899429 0.2995964884757996 1.994603469967842 299.9375700205564 0 0 0.4640445411205292 0 0 0 0 0 0.5191556811332703 2.955904476344585 0.1728198528289795 0.9507367610931396 7.140273228287697 1.380019664764404 1.688249848783016 0 0 0 0 0 0 0 0 0 0 0 0 0 0 0.1491879820823669 0 0.2395023554563522 0 0.1626367121934891 0 0.3646164834499359 0 0 0 3.169174343347549 0.1915189623832703 1.736377343535423 1.61393229663372 0.4704352468252182 0 0 0 0 0 0 0 0 0 0 0 0 0 0 0 0 0.1040510982275009 0 0 0 0 0.1885560750961304 3.763599187135696 0 0 0.1177307143807411 0 0.2243198826909065 0 0.1119473278522491 0 0.5873029828071594 4.596539363265038 0 0 0 0.1107212752103806 0 0 0.5064908862113953 0 0 0 0 0 0 0 0 0 0.1024157628417015 0 0 0 3.025177538394928 1.485687285661697 1.739893987774849 78.42276704311371 17.36107656359673 108.2348029240966 14.93174141645432 147.5142700150609 43.1458458378911 1.959344439208508 8.334403559565544 3.575289323925972 0.8317926228046417 0 0 0.4128826260566711 0 0 0 0.7298862636089325 0
2615.278012305498 555.2186960652471 6.387335494160652 0 422.2885344102979 782.6397383213043 1129.861890800297 0.09300753474235535 235.0003428086638 1649.746051222086 87.20275216549635 251.6812139749527 187.0200478807092 47.84814021736383 2.219322636723518 0.3716308176517487 0.1522664427757263 0 0 0 0.123241513967514 0 0 0 0 0 0 0 0 0.1187776550650597 98.25635199993849 0.15494604408741 4.242426082491875 0 0 0 1.620496787130833 0.1699914187192917 0.4195825308561325 0 0 0 0 0 0 0 38.11443357169628 1.166140884160995 0 0 0.3627738878130913 0 0 0 1.125284217298031 4.630584970116615 30.33417161554098 54.18402096629143 6.50364975631237 18.79974838346243 0 0 0 1.7192472666502 1.602602519094944 0.2714734971523285 0.1477275490760803 0.2228075042366982 0 0.09854891151189804 15.127541705966 0.9332976341247559 0 89.15285824239254 4.144277930259705 21.41261072456837 0.7205184996128082 0.1526165902614594 0 0.3891226574778557 0.1329857558012009 0.124446414411068 10.29815080016851 0.2006812319159508 1.497432127594948 3.239432319998741 0.9937872365117073 0.4454288855195045 0.5064173489809036 0 0.2608701139688492 0.6512734740972519 0 0 0.3641221225261688 187.9373297542334 2.779287025332451 0.2195933163166046 0.8577321767807007 278.0005505159497 0.5178514122962952 2.984860450029373 4.735501676797867 3.418591499328613 0.6048131585121155 9.011618494987488 11.78526726365089 0.8529260158538818 94.91321769356728 16.2927485704422 0 4.494095772504807 19.34539936482906 1.535610109567642 0.1834305971860886 0 0 0 0 0 0 0 0 0 0 0 0 0 0 0 0 0 0 0 0 0 0 0 0 0.1539132297039032 0 0 0 0 0 0 0 0 0 0 0 0.4036880135536194 0 0 0 0 0 0 0 0 0 0.4208323359489441 0 0.751296728849411 0 0 0.5884575247764587 0 0 0 0.1158924475312233 0.1691472232341766 0.1169011816382408 0 0 0 1.805541723966599 0 0 0 0.09776341170072556 0 0 0 0.7142244875431061 0.8697299063205719 0.6440142095088959 0 0 0.1774058043956757 0 0 0 0 0 0 0 10.43455940485001 0.4113541543483734 0.1967667043209076 141.7415548413992 7.438966155052185 78.74147779494524 16.04507137089968 420.4269071444869 21.80191456526518 1.037542879581451 17.77748002111912 0.8108170479536057 0 0.6003781259059906 0 12.82349625229836 0 0 0 0 0
3117.941014140844 5106.433871224523 1592.548322804272 422.2885344102979 0 38.80680344998837 3782.497741803527 176.9599758014083 6879.962297052145 830.8555037155747 1030.393914148211 8.088274851441383 405.8271197155118 607.7720998451114 34.57583791017532 0.3280530124902725 0.5106066167354584 0.4235933274030685 0 0.9138354808092117 0.5065067186951637 0 0 0.1982110291719437 0.861816018819809 1.590124361217022 0.1133797317743301 0.949468620121479 3.039664998650551 0.2948792725801468 568.6569909676909 4.43823579698801 1.71881028264761 0 0.5192771255970001 0 0.9297952055931091 0.2608437687158585 0.2510446831583977 0.4666476771235466 0.7470976561307907 0.9557846784591675 0 1.152362279593945 0.6092326641082764 0.271427258849144 382.8100061267614 10.66645733267069 0.467336468398571 0.2743244990706444 2.85235283523798 0.6439243629574776 0.3401005789637566 0.9539830684661865 8.970395117998123 34.01788146048784 46.45424954593182 185.6293729320168 27.28721874952316 164.2359274178743 0 0.8140455856919289 0 33.0676388964057 12.39497858285904 3.406840659677982 1.066367700695992 5.176460981369019 2.249234490096569 2.402970351278782 6.012000903487206 0.1789006590843201 0 487.2964256480336 126.4150807112455 255.7199186235666 9.314420893788338 0.6363758221268654 1.183367855846882 2.864558719098568 0.6972644329071045 1.628977134823799 78.65598382800817 3.341987833380699 17.28559605777264 24.97571839392185 5.884637556970119 1.99087680131197 4.462935835123062 1.53138443082571 2.669611394405365 3.3813461586833 1.164242371916771 0.5321941673755646 4.549091994762421 41.52790325134993 0.1698127835988998 0 0.1274167597293854 234.3966446444392 0 2.796776324510574 0 0 0 1.150651812553406 0.219950944185257 0 28.62530332803726 2.498634800314903 0 0 2.203524619340897 0 0.3523898720741272 0 0 0 0 0 0 0 0 0 0 0 0 0 0 0 0 0 0 0 0 0 0 0 0 0.1762110590934753 0 0.2565482556819916 0.1615731418132782 0 0 0 0 0 0 0 0 0 0 0.2183110415935516 0 0 0 0 0.3803230971097946 0 0 0 0 0 0 0 0 0 0 0.2975229620933533 0.1464470773935318 0.126968190073967 0.3722735047340393 0 0.1876215040683746 0.2111443728208542 0.4259796142578125 0 0 0 0.3278942704200745 0 0 0 0.1589863300323486 0 0 0 0 0.1008156985044479 0 0 0 1.077566154301167 0 0 0 0.9784144461154938 0 0.2214517891407013 965.0306215956807 160.8569167405367 697.6872779801488 157.22639901191 583.562598451972 164.5968093276024 20.03757800906897 134.8469029068947 20.1612286567688 2.66079955548048 0.3665729761123657 0 2.004005372524261 0.5701350569725037 0.9525536298751831 0.9622602462768555 3.425639256834984 1.45807633548975
382.6504336595535 88.41622517257929 7.068074971437454 782.6397383213043 38.80680344998837 0 233.6074506491423 1.550018683075905 8.321277216076851 1565.869047686458 15.42803855240345 248.040532797575 178.2912605255842 48.85742697119713 2.896866224706173 0.4401536881923676 1.820272013545036 0 0.1252689808607101 0 0 0.2132506221532822 0 0 0 0.1406132429838181 0 0.152627170085907 0.2777310609817505 0 91.14702615886927 0.5163218975067139 51.47617325186729 0 0 0.1583435833454132 35.97271694242954 0.2042730301618576 31.34371910989285 0.5189573019742966 0.1522455960512161 0.1852113008499146 0 2.055260948836803 0 0 7.910565532743931 0.329374186694622 0 0 0 8.353511780500412 0 0 1.215866044163704 2.618701301515102 398.0979128405452 63.23826035857201 10.52361955493689 9.965098358690739 0.2081231623888016 0 0 0.1380444169044495 0.212652862071991 2.975642442703247 0.8465200364589691 0.2379661947488785 0.4163059294223785 0.1085249781608582 734.1769240051508 407.0292017310858 43.25877951085567 49.93442436307669 1.928167670965195 4.09264463186264 0.38680749386549 0.125135749578476 0 8.96854256093502 3.991170614957809 0.1272543370723724 2.935605980455875 6.239361107349396 2.011461809277534 4.379879288375378 0 20.25411512702703 4.572858363389969 24.94260733574629 0.3037669211626053 2.409347549080849 0.2110515236854553 0 0.497697114944458 677.7307860553265 933.6261570900679 90.90356086194515 167.8215235471725 518.7783824205399 0 2.592208385467529 0.7555623650550842 0 0 5.86187432706356 1.40760612487793 0 31.92183822393417 3.676360309123993 0 0 8.055586785078049 1.149662002921104 0.1842298805713654 0 0 0.1720543801784515 0 0 0 0 0 0.2875520884990692 0 0 0 0 0 0 0 0 0.1985831707715988 0.1715748310089111 0.5497695803642273 0 0 0 0 3.977932915091515 0.3961131274700165 3.772825613617897 4.174423053860664 0.6088356748223305 0 0 0 0 0 0 0 0 0 0 0 0 0.215295821428299 0 0 0 0 0 0 0 0 0 1.79554058611393 0 0 0 0 0 0.1588331907987595 0 0 0.1613063365221024 0.5758424997329712 2.115738913416862 0 0 0 0 0 0 0 0 0 0 0 0.1233808845281601 0.1240234151482582 0 0 0 0 0 0 2.098684370517731 4.855822846293449 7.600052043795586 19.17841500788927 5.922773458063602 15.4841605424881 3.042395785450935 363.880032941699 7.957210443913937 0.2756968140602112 2.435075126588345 0.2839378789067268 0 0.218448244035244 0 5.232221364974976 0 0 0 0.6626229882240295 1.578477680683136
2258.655441917479 4591.68780502677 27.01403915882111 1129.861890800297 3782.497741803527 233.6074506491423 0 2.189007565379143 2393.918322041631 1493.953377895057 104.6760610416532 6.989090293645859 693.6977828368545 913.169535048306 24.37478139996529 0.3971849083900452 0.9652723670005798 0.1169653236865997 0.3091268241405487 0.966389387845993 0.7084883004426956 0 0 0.2136858105659485 0.1547149419784546 0.3550388589501381 0.3814663365483284 0.7359414026141167 2.124475091695786 0.2440295591950417 174.450727045536 1.342005267739296 5.900995567440987 0 0.1363008320331573 0 2.576317951083183 0.121770828962326 1.272130250930786 0.9343014061450958 0.3202973529696465 0.5008431226015091 0.7454452216625214 0.276557944715023 0.4604106917977333 0 302.0695792213082 7.581947110593319 0.2152585834264755 0.737778328359127 1.935488700866699 0 0.106041431427002 0.3672358244657516 8.528938919305801 33.90824843943119 57.04425800591707 131.1015433520079 25.16973032802343 125.3761078417301 0.3164758086204529 0.7127431184053421 0 16.18363163620234 9.462572164833546 2.948652483522892 0.6081812232732773 2.787553913891315 1.567440539598465 1.132307127118111 19.50470149517059 1.189934968948364 0 382.9010273367167 72.23587718605995 185.2576187103987 4.491193674504757 0.3765998110175133 1.031469628214836 5.378524608910084 0.5443501025438309 1.467993170022964 70.70346662402153 1.736261107027531 11.76581942290068 16.2671482488513 4.757668286561966 1.53331197053194 2.929142937064171 1.011149361729622 1.643065750598907 3.232652470469475 0.5353985801339149 0.3683023750782013 2.482816562056541 221.2532129213214 5.127641342580318 0.301296204328537 1.488551929593086 262.4998534843326 3.011632859706879 3.124414846301079 4.703721672296524 3.581270486116409 1.137204319238663 4.43651294708252 4.171553745865822 0 72.56926573812962 16.87716528773308 0 2.499004542827606 25.60150796175003 4.930527046322823 0.5991381406784058 0 0 0 0 0 0 0 0 0 0 0 0 0 0 0 0 0 0 0 0.9294385015964508 0 0 0 0 1.892384320497513 0 0 0 0 0 0 0 0 0 0 0 0 0.2881607562303543 0 0 0 0 0 0 0 0.1115757897496223 0.1384868174791336 0.8865279406309128 0.5959845185279846 0 0 0.1766820102930069 0 0 0 0.1972095742821693 0 0.2356811389327049 0 0 0 3.900933519005775 0 0 0.1441952437162399 0 0.143564909696579 0 0.8939294219017029 1.146174669265747 0 0.8280988931655884 0.3851899802684784 0 0.2929369062185287 0.1123140677809715 0.1065196990966797 0 1.166118323802948 0.1124849393963814 0 0 7.830100744962692 0 0 983.2122966870666 109.5406421422958 612.5927854701877 123.7299173921347 937.2780080884695 134.4068388789892 11.80754879117012 164.1653698161244 16.83977657556534 2.534464925527573 0.3753913938999176 0 14.081732198596 0.3338522613048553 0.466378465294838 0.6359316408634186 1.513805493712425 1.066680550575256
39.69840095937252 158.7225486338139 1420.941804558039 0.09300753474235535 176.9599758014083 1.550018683075905 2.189007565379143 0 533.9012775793672 2.119083233177662 2844.943826943636 3.277962312102318 85.06756199151278 833.1323411241174 19.58206433802843 0.5485886931419373 1.713306680321693 2.816661685705185 0 7.960698321461678 10.04460024088621 0.1980573534965515 0.7073802351951599 0.6784775406122208 2.089035138487816 5.944786235690117 2.83525350689888 0.3028330653905869 1.040983840823174 0 1145.840826094151 1421.801429435611 77.84995964169502 0.2756430506706238 0.5407162308692932 1.131707422435284 19.59760054200888 3.339064434170723 5.870461903512478 13.32913292199373 2.200620912015438 0 1.941171646118164 0 0 0.4937107861042023 107.205734051764 1.337707832455635 0.3613759577274323 0.5816731750965118 0.6907515227794647 0 1.00296001881361 0 1.545876629650593 6.927832037210464 31.82381941378117 190.2315285876393 4.548877745866776 41.19131916761398 5.166515439748764 12.8502245247364 1.503604426980019 73.18827378749847 2.589440017938614 1.352939605712891 0.1142699271440506 1.524738438427448 1.641493678092957 8.30723275244236 11.73515720665455 0.1646898835897446 0 202.3224060609937 75.29198682308197 104.5467081591487 36.82284568250179 30.53175222873688 400.7437120378017 930.0113993361592 6.809847071766853 213.7712073177099 16.8900047019124 0.6977299600839615 1.706473387777805 4.346937082707882 2.838571891188622 0.09312378615140915 0 0.2922023385763168 0.5151668339967728 0.2439395487308502 0.8659898936748505 0.6918747425079346 0.1642242223024368 2.019969522953033 0 0 1.507448270916939 41.71813147515059 0 0 0 0 0 0 0 0 0.8231454491615295 0.320999413728714 0 0.2139016389846802 1.398813873529434 0.4226100742816925 0.4618864953517914 0 0 0 0 0 0 0 0 0 0 0 0 0 0 0 0 0 0 0 0 0 0 0 0 0.9285349249839783 0.4626258015632629 1.245756328105927 0.4864101856946945 0.5630880892276764 0 0 0 0 0 0 0 0 0 0 0 0 0 0 0 0 0 0 0 0 0 0 0.4198095351457596 0 0 0 0 0 0 0 0.1122635304927826 0 1.648838117718697 0 0 0 0.2957488000392914 0 0 0.2797491848468781 0 0 0 0 0 0 0 0 0 0.2569222524762154 0 0 0 0.6588272601366043 0.6331281512975693 2.813797816634178 75.14644429087639 12.38600315898657 123.1025382578373 21.05563163012266 39.05910843610764 20.39275830984116 1.4572349563241 10.24720358848572 0 0.2991769909858704 0 0 0 0 0 0.490801602602005 0.2145638763904572 0
888.5288809239864 2915.361052803695 667.7736527249217 235.0003428086638 6879.962297052145 8.321277216076851 2393.918322041631 533.9012775793672 0 393.3385932892561 4064.752859301865 30.76741775870323 3861.476403489709 1525.962637670338 42.8453733921051 1.461617201566696 1.962780743837357 0.1486159563064575 0.1116233542561531 1.019031025469303 1.093850456178188 0 0 0 0.8215320184826851 1.135420024394989 0.6396409720182419 1.98916707187891 4.744216248393059 0 280.4080417603254 2.746963292360306 2.230275303125381 0 0 0.1167367026209831 1.097938537597656 0.4213728085160255 0.9141353741288185 1.571790419518948 0.3913884907960892 0.8623081222176552 0.7760386243462563 1.004680670797825 0 0 294.4582746252418 6.511072605848312 0.4673608019948006 0.3164784759283066 1.779590494930744 1.107458382844925 0.09716692566871643 1.471300065517426 7.09879819303751 22.28680543601513 28.82514676451683 117.8381537869573 14.62936601787806 85.51474953442812 0 0.5823649019002914 0.09985366463661194 32.94205631315708 7.292640849947929 3.704706646502018 0.5424486324191093 5.400756947696209 0.9307565689086914 1.457586213946342 3.803538210690022 0 0.1269383281469345 280.9398290961981 89.61810138076544 187.4248727113008 9.769239813089371 0.9300608932971954 0.8024071976542473 4.351869195699692 0.6398954838514328 1.464981533586979 41.99725756794214 2.6921296864748 12.64350040256977 13.35382105410099 6.37658217549324 0.7902149558067322 4.03812013566494 1.09573370963335 2.494532398879528 3.35966718941927 1.163563624024391 0.8574684411287308 2.711029000580311 27.7477595359087 0.2954603731632233 0.1251506507396698 0.1232979372143745 64.15838859975338 0 0 0 0 0 0 0 0 20.82492750883102 5.465301990509033 0.1332754641771317 0.8761589229106903 5.716103792190552 1.130818948149681 1.59244679659605 0 0 0 0 0 0 0 0 0.1522507220506668 0 0 0 0 0 0 0 0 0 0 0 0 0 0 0 0.3845752626657486 0 0 0 0.3010536134243011 0 0 0 0 0 0 0 0 0 0 0 0.5805873870849609 0 0 0 0 0.2234020382165909 0 0 0 0 0 1.486448615789413 0 0 0 0.3221003115177155 0 0 0.2319426462054253 0.2252303063869476 0.1766120046377182 3.222950220108032 0 0 0 0 0.3573530316352844 0 0 0 0 0 0 0 0.3390579670667648 0 0.2931290566921234 0 1.029478453099728 0 0 0 4.805050164461136 0.1055450737476349 1.19055363535881 856.9292573407292 151.4448656663299 609.9758327826858 163.2744204625487 197.8743951320648 124.7824612036347 10.36235367506742 136.0680916160345 12.37026689201593 0.8766390979290009 0.2091391831636429 0.9993058294057846 2.577124938368797 0 0 1.233746737241745 4.111548230051994 3.059657469391823
2127.269543379545 126.5352420657873 4.148143328726292 1649.746051222086 830.8555037155747 1565.869047686458 1493.953377895057 2.119083233177662 393.3385932892561 0 49.19579343497753 5316.612250670791 5547.701401501894 470.7280728146434 9.854594029486179 0.1995431631803513 0.374957799911499 0 0 0 0 0.197024792432785 0 0 0 0.2046983391046524 0.1697171181440353 0.2903501614928246 0.7596351057291031 0 64.84481032192707 0 32.5319194868207 0 0 0 24.92643824964762 0 5.746827498078346 0.7958214432001114 0.2688506543636322 0.4655900895595551 0.0895264595746994 0 0 0 70.05275119841099 1.764702178537846 0.1552449315786362 0.6663291454315186 0.5101222395896912 1.768261164426804 0 0 2.120387189090252 6.397160679101944 34.08554847538471 39.01188837736845 5.562633447349072 24.76983139663935 0.1863142997026443 0.4736284762620926 0 2.871187403798103 1.759698696434498 1.08069259673357 0 1.002941824495792 0 0.6665551066398621 385.7055005580187 19.93785291910172 5.534376233816147 82.86924465000629 10.1182319149375 32.2532754689455 1.105176985263824 0.1677127778530121 0.0959576889872551 5.449763275682926 0.1080737486481667 0.3317257016897202 11.92769305408001 1.076218895614147 1.57405036687851 3.813659310340881 0.8639324903488159 3.089200332760811 1.259227111935616 2.800484143197536 1.014972537755966 1.723295360803604 0.8799695372581482 0 0.3708161264657974 1895.390705406666 88.98467579483986 3.914508670568466 26.97083964943886 265.0396354645491 4.588304258882999 32.90530060231686 33.53866159915924 52.45737726986408 0 13.82453720271587 62.7713571190834 2.455282494425774 151.1986577957869 135.2664468735456 2.659472249448299 25.33689352124929 205.168967679143 75.45888112485409 8.944366410374641 0 0 0 0 0 0 0 0 0 0 0 0 0 0 0 0 0 0.2356949895620346 0 0.7045204788446426 0 0 0 0 10.12017074227333 0 1.586599767208099 0.9021542519330978 0.1380486637353897 0 0 0 0 0 0 0 0 3.471013098955154 0 0 0 0 0 0 0 0.120168574154377 2.22762668132782 1.120768859982491 5.614868000149727 0 0 9.521055296063423 0 0.4124031513929367 0.5354797393083572 0 0 0 0 0 0 40.53981976211071 1.504342913627625 0 0 0 1.703594006597996 0 2.103263705968857 2.932790666818619 0.3156787678599358 1.171349704265594 0 0.141703799366951 0 0 0 0 0.2273997515439987 0.1186814084649086 0 0 131.8176667243242 3.497428894042969 7.461850330233574 357.6019130796194 32.63261582702398 142.2876717820764 34.02268438786268 465.4316559955478 32.79804316908121 5.349708251655102 60.57070904225111 4.802978552877903 0 2.857030361890793 0 80.29156978428364 0.4795040339231491 0 0.5123211741447449 1.868037194013596 0.168310284614563
880.7290907427669 778.5504399240017 3693.048058651388 87.20275216549635 1030.393914148211 15.42803855240345 104.6760610416532 2844.943826943636 4064.752859301865 49.19579343497753 0 154.1578844636679 3538.403288885951 5807.229629293084 90.76200640946627 9.762892104685307 10.51854819059372 1.708750553429127 0 1.793418481945992 8.073007605969906 0.569305956363678 0.4133769571781158 6.561284869909286 16.66756756603718 23.17773462086916 14.72725716233253 2.604345262050629 16.89267639815807 1.922365985810757 1634.387241303921 736.7813131436706 1649.699714533985 0.7300782203674316 0.7359020113945007 11.44872865080833 253.4883965700865 21.5268689841032 89.55154515057802 113.7685730755329 8.938742771744728 1.439512938261032 0.3275517150759697 2.568453595042229 0.2652227133512497 0.7768972516059875 363.7933676242828 6.880228444933891 2.442844554781914 0.8310094848275185 1.943889491260052 3.125110417604446 17.53474493324757 2.332887507975101 5.954253599047661 21.32235760986805 57.29128523916006 331.5091448202729 18.53601957112551 121.1580851227045 2.256251245737076 6.303005546331406 0.1091624647378922 75.05953552573919 7.824284963309765 3.332184046506882 0.5219535380601883 4.861037507653236 1.982473872601986 4.80149657279253 259.5094711557031 7.60889096558094 0.3082379847764969 487.5406790450215 168.1018974930048 281.599885225296 34.7418911755085 4.985799334943295 702.9587084725499 248.0532063096762 2.515116766095161 20.46696586161852 52.55543173104525 3.977718882262707 11.87525664269924 16.00581228733063 6.462629310786724 2.062200136482716 3.16682843118906 2.766493685543537 2.132896155118942 4.284487508237362 0.513334259390831 1.633566915988922 4.677606537938118 51.58500505983829 5.519553944468498 1.736306928098202 27.3321837335825 143.2120235934854 0.1286780834197998 0.206160381436348 0.6676126718521118 0 0.1657669246196747 0.5125488638877869 2.643841728568077 0 5.832279577851295 14.65045455098152 0.6981536895036697 6.812927648425102 50.67051016539335 14.11700780689716 9.647374242544174 0.5745378583669662 0 0.1511332988739014 0.1316166967153549 0.1671361774206161 0 0 0 0.1874034702777863 0 0 0 1.688849449157715 0.319191187620163 0 0.2755075693130493 0.5538710653781891 0.4722829759120941 0.4794155210256577 0.6427219808101654 0.6115312725305557 0 0 0 33.00221296399832 0.3525363206863403 18.95101676881313 16.49969639629126 6.08303527534008 0 0 0 0.7028371393680573 0.6528302431106567 0 0.3956117928028107 0.143531858921051 0.2174611985683441 0 0 0 1.87727715075016 1.086583942174911 0 0 0 0 0.2272275388240814 0.1405708789825439 0 0.6182680726051331 34.64828117191792 0.1715493351221085 0 0 0.1173060610890388 0.5643320977687836 0.2929475158452988 0.1390450149774551 0 0 56.67790113389492 3.289008229970932 0 0.2221338003873825 0.2561280131340027 4.843910411000252 1.631627142429352 17.16349160671234 0 0 0.4620431661605835 0 0.1371758878231049 0.463979110121727 0.307518869638443 0.135923832654953 0 0.5830163732171059 0.1057428047060966 0 0 26.75168734788895 23.32714470475912 32.85662393271923 399.3719669431448 154.0888569205999 465.9060235023499 111.9968921020627 160.519505597651 95.89719676226377 11.74696613848209 80.55370335280895 5.86267577111721 1.237641543149948 0.9607553333044052 0.8901986628770828 0.3488729894161224 0 0.119013600051403 0.6570685058832169 8.442384049296379 1.198168367147446
150.0906608253717 12.19160425662994 22.13589961826801 251.6812139749527 8.088274851441383 248.040532797575 6.989090293645859 3.277962312102318 30.76741775870323 5316.612250670791 154.1578844636679 0 3197.213736392558 259.3919168263674 37.70764854550362 2.014573857188225 2.895375370979309 0.5439249277114868 0 1.216080129146576 1.228393495082855 0.3198781311511993 0.9973704516887665 1.797478139400482 1.829071462154388 2.438379764556885 4.259683430194855 1.122143298387527 2.199890285730362 0 22.16646630316973 1.010985761880875 34.32140143215656 0 0.8590639233589172 0 37.90920427441597 0.74692402780056 13.35748410224915 6.861533753573895 3.041089937090874 0.6523747444152832 0.974581778049469 0.767190009355545 0 0 80.3408437371254 0.9210477918386459 0.2594988644123077 0 0.959224171936512 0.9282817244529724 0.6941527128219604 0.729796975851059 0.4676308110356331 1.460876487195492 24.8886716067791 9.45472015440464 2.753611870110035 8.374547749757767 0.3096618354320526 0 0.2124453336000443 3.582347325980663 0.2995789796113968 1.184489533305168 0.1296146214008331 1.259547665715218 0.138919398188591 0.7101815342903137 343.5518162697554 11.11374005675316 1.367265805602074 24.39690797775984 9.018685542047024 35.56101036071777 4.857856817543507 0.5784908086061478 0.2154060751199722 5.663769498467445 0 0.9385934770107269 2.726167678833008 0.9946218952536583 1.604109808802605 0.7178807854652405 3.067483015358448 0.4454307556152344 0.3298986628651619 1.512105479836464 0.6778328567743301 1.331147022545338 0.7932255864143372 0.3913215845823288 0.9618349820375443 2722.850787967443 78.33126519620419 2.721784695982933 12.53063070774078 156.7657537013292 2.649806067347527 20.58015719056129 17.84632286429405 11.61367669701576 0.6652180999517441 2.457539275288582 55.2371042817831 1.340370297431946 62.05405594408512 145.4049241915345 9.548149541020393 59.71866451203823 396.3043522983789 130.8326180055737 39.235386505723 0 0 0 0.1195171028375626 0 0 0.1336863189935684 0 0 0 0 0 0.1526780724525452 0 0.2865747511386871 0 0 0 0 4.464390084147453 2.440491899847984 0.3687121272087097 0 0.4322948604822159 65.3691663518548 2.353475093841553 19.29752786457539 5.894013971090317 3.174174219369888 0 0 0 0 0 0 0 0.1113529428839684 0.98869389295578 0.2097709476947784 0.1295767575502396 0.2505405247211456 0.9741402417421341 0 0.1073350757360458 0 0 1.081080615520477 0.6341524496674538 3.385111540555954 0.1715495884418488 0 69.3139676451683 0.4008866623044014 0 0 0 0 0 0 0 0 214.9978406280279 1.258316650986671 0.2036849558353424 0 0 12.63293744623661 0 22.97362697124481 2.423358343541622 1.095001019537449 0.5590615123510361 0.6437472254037857 0.4493828415870667 0.16633041203022 0 0.301691085100174 0 0.5719524621963501 0 0.1718086898326874 0 193.731833986938 43.48378193378448 47.1261735111475 443.8193083703518 70.19127057492733 168.5686516612768 56.30628614872694 80.12276288866997 18.70977226644754 2.524242371320724 67.5958429351449 1.208353601396084 0.1116547435522079 1.434919528663158 0 30.42534807324409 0.2158912122249603 0 0.3546790778636932 6.918487966060638 1.431301951408386
391.1669607758522 310.1205038055778 245.3396160528064 187.0200478807092 405.8271197155118 178.2912605255842 693.6977828368545 85.06756199151278 3861.476403489709 5547.701401501894 3538.403288885951 3197.213736392558 0 2250.813378252089 146.3527910634875 7.111029356718063 13.71927965432405 1.544524490833282 0.2840406894683838 2.457030832767487 5.707200326025486 0 0.295547179877758 5.211477480828762 6.525784090161324 17.91597481071949 8.324181534349918 6.405455842614174 17.63355856388807 1.617519304156303 255.0180770009756 3.582473933696747 250.3691013008356 0.2926678359508514 0.6665847301483154 2.384448185563087 139.4448407143354 4.873990446329117 51.01323922723532 25.69933538883924 3.017294153571129 2.442771829664707 1.36564227193594 1.815948322415352 0 1.027605295181274 472.8958846479654 8.078713394701481 2.079571329057217 1.629447728395462 3.155731156468391 5.340401619672775 2.644069731235504 6.706898279488087 5.1063162535429 25.78026978671551 40.78021432459354 90.74710005521774 15.40560778230429 84.78474110364914 1.522799871861935 3.495147302746773 0 35.26999525725842 6.276390239596367 8.830895431339741 1.430974841117859 10.49570371955633 2.007559165358543 7.427760742604733 409.587140865624 16.91119877994061 0.1242702603340149 233.2929416522384 91.79341714084148 260.947699084878 30.25080108642578 2.850170589983463 0.2800372242927551 31.59172361344099 1.20982950180769 2.700673684477806 42.76792109012604 3.207118384540081 14.72971066832542 17.29742550849915 10.23801329731941 1.495730474591255 6.760103784501553 2.937770709395409 5.303215578198433 7.723245747387409 3.116497963666916 3.911170482635498 10.42554954439402 3267.715468212962 43.48918600380421 1.170353144407272 24.02311419695616 176.7566914632916 2.606907621026039 18.60668589174747 14.01429678499699 12.91647183895111 1.87752428650856 5.545112118124962 69.08685088157654 1.88190945982933 106.881099075079 187.3758724555373 8.492498397827148 57.94522420316935 413.4196040034294 108.3060705289245 53.12056502699852 0.7637495249509811 0.6339840590953827 0.2287953644990921 0 0 0 0 0 0 0 0.2646601498126984 0 0.1442208290100098 0.3827120661735535 0.9484221190214157 0.6640056371688843 0.4100387543439865 0.4113846719264984 0.5236542969942093 2.044696770608425 2.290700361132622 0.2356963157653809 0 0.5641163438558578 98.61366750299931 4.070485427975655 22.77834655344486 11.50290870666504 5.299015991389751 0.1708139479160309 0 0 0 0 0 0 0.4356007725000381 1.110747240483761 0.1102403923869133 0.4307229071855545 0 1.196042910218239 0.4563897699117661 0 0.318583071231842 0.3514059334993362 0.6380479633808136 0.9426583498716354 4.417432054877281 0 0 107.5548363253474 0 0 0.2250821441411972 0.1058332100510597 0.3984667658805847 0 0.320590540766716 0.1379793584346771 1.163454473018646 304.1965905502439 3.638176172971725 0 0.3243936598300934 1.048374786973 18.81702397018671 0.3295504152774811 30.52645052969456 1.323797062039375 1.758283361792564 0.7047055140137672 0 0.1211914122104645 0.3215456381440163 0.2183264791965485 0 0 1.112808480858803 0 0 0 261.0401641651988 77.79231678694487 71.0457646921277 1773.174689404666 470.0091289207339 987.4286943227053 322.0761851742864 216.5389508828521 160.5524155721068 23.2886968255043 286.5617609992623 12.4830579534173 1.817191734910011 1.767993308603764 0.3203534334897995 34.87829120457172 0.7817494720220566 0.4189014732837677 2.4775615260005 19.03072905540466 4.666680946946144
553.1722230538726 563.3501746281981 1275.771817415953 47.84814021736383 607.7720998451114 48.85742697119713 913.169535048306 833.1323411241174 1525.962637670338 470.7280728146434 5807.229629293084 259.3919168263674 2250.813378252089 0 168.6207457855344 9.902254082262516 19.56178554147482 2.132518708705902 0 4.095710299909115 13.97757232189178 1.559863418340683 3.626394897699356 4.628672182559967 27.22182822972536 32.93679623305798 29.71169979125261 6.767797939479351 21.16548017412424 1.700780339539051 698.4834931641817 55.68353348970413 1200.786793783307 0 2.073998861014843 5.371659010648727 376.9464121982455 17.33404530584812 111.10007584095 115.9493269994855 10.769475877285 2.370724834501743 0.6253435388207436 2.345811754465103 0.2059338167309761 0.818243220448494 473.3357456624508 7.833952859044075 2.525185078382492 1.130426585674286 1.924599222838879 4.095515862107277 17.58724760264158 5.985171765089035 6.808652684092522 27.32580371201038 42.527648024261 196.8131605163217 16.4015166759491 110.9011301398277 1.863371625542641 6.088395826518536 0.7115352898836136 43.7378077507019 6.950685247778893 5.77925219386816 1.092948503792286 7.399697743356228 4.656086750328541 9.499006576836109 733.8449076712132 21.60320779681206 1.889324717223644 375.3289745524526 131.4304663687944 296.7892925590277 36.66654544323683 4.362350024282932 49.34783051908016 90.77777206152678 5.211137361824512 11.06006067991257 53.16874612122774 3.662124276161194 15.07791709154844 17.25858931988478 9.596833631396294 2.217315703630447 5.902673497796059 3.938070639967918 3.978857830166817 4.831660687923431 4.250275894999504 2.662944629788399 7.129517011344433 812.7314038723707 14.85644474625587 1.756034404039383 45.05015965551138 184.4712602645159 0.8839902281761169 8.499702289700508 5.487444385886192 6.045344859361649 2.129010990262032 1.807217076420784 29.2280667796731 0.6001549512147903 37.44030438363552 91.34090827405453 6.615334741771221 39.23381131887436 254.322581127286 84.26233461499214 39.94957623630762 0.9102891832590103 0.1077989861369133 0.148838147521019 0.291519969701767 0 0 0 0 0.2124255299568176 0 0.2228179723024368 0 1.366826489567757 0.2508131265640259 1.693470746278763 0 1.695473447442055 1.497081384062767 0.2164907902479172 2.627483755350113 1.267124384641647 0 0.2123085856437683 0.4892678409814835 87.73444917798042 2.128907680511475 36.53308626264334 30.31010290235281 13.09861740469933 1.047944068908691 0 0.2413672506809235 0 0.3123830556869507 0 0 0.2948301434516907 0.3938927948474884 0 0 0 0.7762259095907211 0.6782426238059998 0 0 0.8304142653942108 0.4064863920211792 1.476733006536961 2.201863378286362 0 1.47096836566925 100.5624497234821 0.2534234523773193 0 0 0 0.3784841820597649 0 0.3030316382646561 0 0.356255829334259 208.1141311973333 2.563632771372795 0 0.3273987621068954 0.2382809072732925 14.44678455591202 0.3267238736152649 26.23311024904251 1.499212585389614 0.2412162125110626 0.3342044204473495 0.1407918334007263 1.154852166771889 0.5719816759228706 0 0 0 1.756371520459652 0.2604520171880722 0 0 134.3521483689547 58.11688247323036 77.47899787127972 1223.735170789063 324.3839578256011 807.860739916563 246.4218518659472 206.9637551158667 136.6707198247313 18.34650427103043 220.1860520765185 13.47412469983101 2.114056751132011 1.015070028603077 0 15.69278265535831 0 0 0.9619201272726059 16.84067187458277 4.700036019086838
