0 4080.465684048831 341.604035332799 635.5148020386696 612.611531034112 133.6605703532696 661.6009911596775 70.67244644463062 255.6316931396723 1266.762334063649 497.3879140242934 125.4620000645518 328.7801217809319 262.6733015328646 2.827955037355423 1.46408636122942 0.4134283065795898 0.1981034576892853 0 0.3991267085075378 2.012672290205956 0 0.6352128535509109 0.3861999362707138 2.301775008440018 0.2755944132804871 2.392831787467003 0.2471196949481964 0.1232595443725586 0 247.4923466742039 2.310833685100079 55.37866021692753 0 0.5074613690376282 0 45.18080698698759 2.819401934742928 2.547990791499615 1.214055553078651 3.859522566199303 0 1.151785850524902 0.2602208480238914 0 0.3825440406799316 16.36302307248116 0.7432027459144592 0.1333797574043274 1.536193773150444 0.1089486256241798 0.6858165264129639 1.07807669043541 0 3.53965961933136 2.33778864890337 448.4914591386914 888.5415572077036 43.97419625520706 5.34938657283783 0 1.75551825761795 0 7.275976046919823 0.824237659573555 0.5019366294145584 0.1040079891681671 0.1078579649329185 2.26983030885458 2.714728310704231 36.28885880857706 13.91468350589275 0.5521247982978821 247.1181403025985 57.38567011803389 16.89131988584995 16.56596954166889 2.382947631180286 1.100510358810425 29.30012192577124 0.2618776857852936 3.092277817428112 3.023800872266293 0.9209540188312531 0.466982901096344 2.445520855486393 1.390921451151371 1.141543298959732 0.6387136429548264 0.3700081259012222 0.6316462531685829 0 0.4584177881479263 0 0 315.5679116100073 4.22523632645607 1.628588199615479 0.4392504692077637 1328.698608636856 0.3775485008955002 0.9805572330951691 1.913329094648361 0.2574150264263153 0 8.440644636750221 0.8357555866241455 1.490177571773529 21.60976003110409 7.805273026227951 0 7.905966714024544 10.36513517796993 10.61902639269829 1.098992869257927 0 0 0 1.050110936164856 0 0 0 0 0 0 0 0 0 0.1363721489906311 0.2412618845701218 0 0 0.1612146198749542 0.5238433480262756 0.2232344746589661 0.4613559246063232 0 0 0 1.069680124521255 0.5281658917665482 2.490370362997055 1.567665845155716 0.4586959183216095 0 0 0.4039328098297119 0 0 0.3578965067863464 0 0 0 0 0 0 0.3435460031032562 0 0 0 0 0 0 0.626296266913414 0 0 0.1511689871549606 0.3478868901729584 0 0 0 0 0 0 0 0 3.621949955821037 0 0 0 0 0.1368324607610703 0 0.7215326875448227 0 0 0 0 0.4921896457672119 0 0 0 0 0 0.1519303619861603 0 0 6.027760803699493 0 0.130721315741539 36.36543145030737 2.535517692565918 71.35126304626465 12.40847959369421 1160.43911908567 4.379159420728683 2.776435352861881 6.326466165482998 5.052245020866394 0 0.5338396281003952 0.2216349244117737 16.19669927656651 0 0 0 0.4800313711166382 0
4080.465684048831 0 1037.413535259664 1080.628352299333 7014.118902102113 153.7614476531744 4733.535219877958 93.3283389955759 4718.363984912634 499.1954536661506 961.4177769720554 37.39065387099981 1731.305943645537 1532.701393738389 4.673695273697376 2.2746557071805 0.6031547784805298 0.9479857981204987 0 1.89546999335289 3.311026640236378 0 0.2437085658311844 0.97025266289711 0.8406757116317749 1.436187401413918 0.9361758306622505 0.3026166409254074 0.4008912816643715 0.3482523486018181 2093.976488158107 18.41413030028343 79.28686790168285 0 0.4430258721113205 0.7164502292871475 71.88729682564735 1.731843277812004 1.950394034385681 1.486281909048557 4.135577216744423 0.4505570381879807 3.266724288463593 1.149334974586964 0.1691207736730576 1.768506839871407 146.5663990303874 7.003301471471786 2.11832781881094 4.74363686144352 1.499688372015953 0.4426113665103912 0.1043384000658989 0.4882375299930573 26.20466738194227 13.62166121602058 328.3683700412512 1206.362422950566 48.33990678936243 54.21528350561857 0.4273838251829147 2.242751181125641 0 57.66555221378803 8.624334312975407 3.98288381844759 1.435886412858963 2.094357781112194 6.686000160872936 5.971194058656693 30.83990827947855 0.6252266764640808 0 657.8082519322634 518.4188824668527 215.2866660654545 99.55059845745564 7.858250461518764 1.311452314257622 26.99539559334517 1.443191930651665 3.307012163102627 16.74410655349493 0.3650943636894226 3.51825924962759 12.31027981638908 10.91261452436447 0 3.375997744500637 0.5569901317358017 0.9953476414084435 0.601044163107872 1.552020236849785 0.8346304446458817 0.5047517120838165 64.74461048841476 2.343705207109451 0 0.4928449690341949 808.2621239498258 0.7329976707696915 1.700411796569824 4.353305205702782 2.24685962498188 0.2466325610876083 36.33161699771881 2.320132657885551 2.837947815656662 44.18872267007828 6.143313109874725 0.410512387752533 16.37527410686016 20.75702697038651 24.50366665422916 4.15629905462265 0 0 0 0 0 0 0 0 0 0 0 0 0.1374607980251312 0 0 0 0.3870680928230286 0.6307125836610794 0 0.2118620574474335 0 0 0 0 4.642968013882637 0.4987233728170395 2.817241296172142 1.70264333486557 1.298963248729706 0 0 0 0 0 0.4535956680774689 0 0 0.16170933842659 0 0 0 0 0 0 0 0 0.2399792224168777 0 0 0 0 2.60080324113369 0 0 0.1442553102970123 0.1042587086558342 0 0 0.1113604828715324 0 0 10.74679978191853 1.037421688437462 0 0 0 1.375896811485291 0.2033545970916748 0.5616460144519806 0.4754237681627274 0 0 0.1906861811876297 0 0 0 0 0 0 0 0 0 12.25661396980286 0.2376914471387863 0.3148170560598373 245.3732676208019 25.82048106938601 606.7359532937407 120.0810521021485 733.7194971442223 47.65784127265215 6.502880439162254 78.33464372903109 8.555944785475731 0.7682285234332085 2.07831209897995 0.6934261620044708 27.47818636894226 0 0 0.9895407557487488 3.664898633956909 0.4454640299081802
341.604035332799 1037.413535259664 0 4.863436117768288 1159.116258837283 4.795684315264225 51.43059626221657 1735.157565839589 427.0071635618806 7.406361229717731 3134.586438857019 1.786723107099533 186.6504517644644 458.5339606776834 7.885827109217644 6.474866963922977 3.055648967623711 40.88171376287937 12.59202264249325 426.114103846252 512.2843832969666 0 16.14708980917931 11.57256741821766 19.18580345064402 10.48179506510496 42.80151988565922 7.040339536964893 2.361085779964924 2.241791874170303 8855.070258580148 1972.49151866883 96.5526183322072 14.41339648514986 15.93275240063667 4.909278079867363 75.34654259681702 7.404284492135048 4.39731340110302 4.707136683166027 147.839023411274 6.410079568624496 216.8139923512936 19.56142217665911 13.70988744497299 62.04099478572607 87.53670202195644 7.338061988353729 8.923249073326588 103.3753767609596 1.627050809562206 0.6010135412216187 0.1338941305875778 3.831934571266174 12.05756878107786 8.062804736196995 290.4688713923097 3762.693367116153 27.57316613942385 21.79991000145674 67.57986702024937 6.48660771548748 4.482088312506676 938.124945551157 4.551446378231049 4.505881205201149 0.9058079421520233 2.223273158073425 266.918407715857 397.7633758485317 12.71496448665857 1.356325820088387 0 359.5624497532845 480.2887185513973 112.750030092895 133.6242484152317 35.12214820832014 236.2667160406709 1098.170286431909 170.6282081380486 352.972771987319 9.735450565814972 0.7212988585233688 2.151224374771118 7.47299375385046 121.0070136338472 0.1166066452860832 2.679092407226562 0.1634581089019775 1.102806575596333 0.2328332364559174 59.4874959513545 4.707242906093597 0.7915081232786179 2.934198059141636 0.9894208163022995 0 0.8815896883606911 319.2287250831723 0 0 0.1922906488180161 0 0 0.4316307604312897 0 0 0 0.1867692917585373 0 0.1730354726314545 0.6534109562635422 1.25039803981781 0.4800814390182495 0 0 0 0 0 0 0 0 0 0.3445591330528259 2.36078904569149 0 0 0.470821276307106 0.1272453814744949 0.8904051035642624 0.2027067840099335 1.049924969673157 0 0.2904655933380127 0 0 0 0 0.9491317421197891 0.6006872355937958 1.691771559417248 0.4758883863687515 0.1866152286529541 0 0.22087661921978 0 0 0 0 0 0 0 0 0 0.2125275284051895 0 6.690036982297897 0 0 0.09932523220777512 0 0 0 0 0.1421653181314468 0.2709175646305084 0 0 0 0 0 0 0.1156916245818138 0.2214356660842896 0.1370822340250015 1.279548317193985 0.7101179957389832 0.2385667115449905 0.1962847858667374 2.051000639796257 0 0.4188274294137955 0 0.195927232503891 0 0 0 0 0.2137696146965027 0 0 0 0 0.1218565478920937 0 0.1293923407793045 0.6743457615375519 0.2508367002010345 0.2930540442466736 97.30474504828453 38.81121242791414 237.57483843714 42.55142628401518 91.74614273011684 17.29839914292097 2.730256721377373 20.15853074193001 0.4773422479629517 0 0 0 0.7211402505636215 0 0 0.7043806910514832 2.040250033140182 0
635.5148020386696 1080.628352299333 4.863436117768288 0 137.0641495957971 162.195886567235 3325.337599158287 1.124221473932266 140.8851222842932 3652.803366318345 11.85952085256577 947.3187106698751 1314.946884095669 66.71493038535118 0.1089568734169006 0.280488409101963 0 0 0 0.4054827317595482 0 0 0 0 0 0 0.2051976323127747 0 0.1605211645364761 0 7.193174988031387 0.195970356464386 0.9933831393718719 0 0 0 0.5130896419286728 0 0 0 0.1148592531681061 0 0.3943363428115845 0 0 0 12.46891494095325 0.1263253390789032 0.1514428406953812 0.6947287023067474 0.1620716899633408 0.2070249766111374 0 0 1.744407244026661 0.5448904260993004 64.41903632879257 156.6900224611163 9.372615799307823 2.716323532164097 0.4289318919181824 0 0 1.39934828877449 0.3229372054338455 0.5222495719790459 0.09281548112630844 0.3060003817081451 0.6289419233798981 0 15.40135876834393 1.933182641863823 0 80.10550514608622 33.80003148317337 12.9120356887579 3.679830461740494 0.5358548909425735 0 2.676086217164993 0 0 1.917216278612614 0.1828059405088425 0 0.7041092291474342 0.2949739992618561 0 0.2190410420298576 0 0 0 0 0 0 101.4457402080297 0 0 0 389.1398155242205 0 0.4975386112928391 1.616364926099777 1.811373770236969 0.3859654366970062 26.93437439203262 1.240583479404449 1.11553655564785 57.50436885654926 8.136837244033813 0.9000225365161896 12.59786535799503 18.01560565829277 21.33049874007702 3.45573116838932 0 0 0 0 0 0 0 0 0 0 0 0 0 0 0 0 0 0.4620357155799866 0 0.6226926147937775 0.7617993056774139 0 0 0 1.692792773246765 0.6166395545005798 0.3100471794605255 0.8471851199865341 0 0 0 0 0 0 0 0 0 0.531417191028595 0 0 0 0 0 0 0 0 0 0 0 0 0 1.141253679990768 0 0 0 0 0 0 0 0 0 6.188046976923943 0 0 0 0 0.4694883525371552 0 1.026968106627464 0 0 0 0 0 0 0 0 0 0 0 0 0 7.13379268348217 1.198907613754272 1.197821348905563 29.01921829581261 3.976870618760586 47.10133975744247 12.20006505399942 560.6304299682379 5.446273371577263 1.351424604654312 8.483809590339661 7.536860734224319 0 1.871395200490952 0 19.71823452413082 0.2856389284133911 0 0 0.6076770424842834 0
612.611531034112 7014.118902102113 1159.116258837283 137.0641495957971 0 18.99695710837841 2571.369645409286 91.31379809230566 8552.704586200416 259.9710396975279 677.4965680465102 50.3070188164711 713.2039969563484 584.1096350923181 7.559505708515644 2.59933740645647 0.9364839941263199 0.7824330180883408 0 2.776338592171669 4.930592142045498 0 0.4909606575965881 0.1092857271432877 1.534268721938133 0.837304450571537 0.4222355484962463 0.2110143452882767 1.483936652541161 0.3717372864484787 440.2376652434468 23.79021935164928 34.39419498294592 0 0 0.1724641174077988 51.58067820966244 0.7105129584670067 2.056592397391796 2.453516371548176 2.458952836692333 0.3517640456557274 2.976983636617661 1.26435025036335 0 0.4212685972452164 156.9588460251689 4.833988860249519 0.9294482171535492 3.376956701278687 0.2559915482997894 0.1813715249300003 0 0.470205157995224 11.64081943780184 8.007363833487034 68.34192697703838 293.5952161177993 23.32488428801298 57.02905513346195 1.708179786801338 1.860350735485554 0.3177466168999672 65.30280767381191 8.0802828297019 3.128869943320751 1.237502038478851 1.147652573883533 3.770628914237022 4.107984803617001 50.08344659954309 2.672270730137825 0 286.7743312865496 302.4824181646109 202.7405962646008 119.6482600718737 8.350341394543648 0.2426475062966347 17.05310735851526 0.3643563985824585 5.028107762336731 11.08624006807804 0.3815250098705292 3.078479886054993 13.03342644870281 7.291819103062153 0.1892399042844772 2.765819191932678 0 0.4528064131736755 0.2427767217159271 1.566486597061157 0 0.2682097926735878 91.92937791347504 3.090068802237511 0 0.5391781479120255 90.70652747154236 0.779697597026825 2.384799808263779 3.050052955746651 1.182316720485687 0.6721553206443787 16.26815815269947 0.8441337794065475 2.128014475107193 4.123209893703461 12.87942795455456 0.9830121845006943 30.59323382377625 39.98127502202988 50.39676258713007 13.91983318328857 0.2097448855638504 0.2680785059928894 0 0 0 0 0 0 0 0 0.7342654466629028 0 0 0.1949057728052139 0 0 0.5647502690553665 0.2874552309513092 0 1.495306313037872 1.126418054103851 0 0 0 8.190317787230015 0.7902093380689621 8.480773210525513 2.389173671603203 0.3121604174375534 0 0 0 0 0 0.5800468325614929 0 0 0.8942359834909439 0 0 0 0.2373416721820831 0 0 0 0 0 0.8320253789424896 0.2766766250133514 0 0 3.643283993005753 0 0 0 0 0 0 0 0 0 20.24725376069546 1.048782736063004 0 0 0.1891676783561707 2.624649003148079 0.3728400617837906 1.354251697659492 0.2709763646125793 0.5195125937461853 0.2580086290836334 0 0.4261247515678406 0 0 0 0 0 0 0 0 26.32948888838291 0.8910070955753326 2.766363978385925 283.577513679862 40.16220659017563 463.3319437429309 110.997124992311 223.1785930320621 55.53229561448097 7.494118511676788 84.76048435270786 11.71886123716831 0.3074259459972382 0.2302308827638626 1.164835423231125 34.27032290399075 0.385184109210968 0 2.766336545348167 2.711895301938057 0
133.6605703532696 153.7614476531744 4.795684315264225 162.195886567235 18.99695710837841 0 208.6251451671124 0.6757056713104248 23.32529933750629 765.7985765635967 5.038195714354515 240.4523576498032 188.8234038054943 17.20240077376366 0.1305913329124451 0.2788048684597015 0 0 0 0.1689644455909729 0 4.288585409522057 0 0 0 0 0 0 0 0 0.3448461890220642 0.1386324167251587 10.80088385939598 0 0 0 28.91365550458431 0.2299071401357651 2.15361775457859 0.2954550385475159 0 0 0 0.2141491621732712 0 0 2.136537224054337 0 0 0 0 37.27593171596527 0.5890922248363495 1.538330748677254 0.2342093512415886 0.5610995069146156 59.59241523593664 29.32824975252151 4.025248043239117 0.2750865742564201 0 3.307153254747391 0 0 0.1058799773454666 0 0.1517304331064224 0.3549957275390625 0.1027792766690254 0 232.0279234647751 275.5844496637583 14.83118039369583 9.51200046390295 1.758130557835102 0.7348326593637466 0.4572782218456268 0 0 10.33969387412071 0 22.16196021437645 0 3.512827575206757 0 1.354084946215153 0 23.22950620949268 16.64694091677666 19.60510808229446 1.934153154492378 5.090717002749443 0 0 2.720497459173203 469.4893969148397 118.7794996649027 36.48220029473305 5.11692202091217 409.7639597952366 0 0.8524805903434753 0 0 0 1.970309779047966 0.2680944502353668 0.8154948651790619 3.98159946501255 0.6161084622144699 0.2935276031494141 5.017260655760765 4.40299554169178 7.715131625533104 0.6766030490398407 0 0 0 0 0 0 0 0 0 0 0.4043540954589844 0 0.3905322849750519 0 0 0 0.7532400190830231 1.958129480481148 0 0 0.4298494160175323 0 0 0 0.7298805564641953 0.2373296618461609 1.059737771749496 0.2679000273346901 0 0 0 0 0 0 0 0 0 0 0 0 0 0.274716705083847 0 0 0 0 0 0 0 0 0 0.5016790628433228 0.1299590468406677 0 0 0 0 0 0 0 0 1.000793188810349 0.7687652260065079 0 0 0.5506747961044312 0.683394268155098 0 0 0 0 0 0 0 0 0 0 0 0.4692449867725372 0.4623132199048996 0 0 4.31434927880764 0 1.092811018228531 7.010277807712555 1.49820451438427 3.519836403429508 0.5970142930746078 204.2120285183191 0 0.9010153561830521 0.7840149402618408 0.9265506267547607 0 0.6761278510093689 0 10.66830940544605 0 0 0 0 0
661.6009911596775 4733.535219877958 51.43059626221657 3325.337599158287 2571.369645409286 208.6251451671124 0 15.6727686598897 3232.890651844442 2990.964589171112 87.49810932576656 290.5138881057501 7300.723203405738 957.5606492832303 15.59493923932314 2.848755642771721 1.068952411413193 1.249591991305351 0 2.359865590929985 4.567883796989918 0.3355982005596161 0.4397848397493362 0.7637977004051208 0.9462825208902359 0.9719964638352394 2.504844285547733 0.5108824521303177 3.07151123136282 0.3942042663693428 67.12346088141203 28.3432347252965 14.425377137959 0 0.2016294002532959 0.1488720774650574 44.3274524435401 1.342648200690746 2.604293912649155 1.948102153837681 3.727415025234222 0.5722521245479584 3.518602631986141 1.184355594217777 0 1.828874737024307 256.7714097425342 6.444468691945076 0.5528894364833832 4.057809509336948 0.6738576292991638 0.2050471305847168 0.3263073116540909 0.484092578291893 21.19042905420065 14.07251535356045 120.8274727910757 349.4360374957323 32.96013662219048 76.35469044744968 1.146568238735199 2.186097502708435 0.1918752044439316 61.23897648602724 10.6035266071558 4.541810564696789 0.7930397167801857 1.632352963089943 6.149550147354603 5.108758516609669 141.10471252352 8.711067944765091 0 416.386418402195 398.1700041145086 269.2177150174975 174.5207873061299 11.80230846256018 1.474055893719196 20.34857846796513 1.165865644812584 10.18216347694397 18.70239745080471 0.5465709939599037 3.502189114689827 14.85255112498999 13.35347013920546 0.2912922948598862 3.951396375894547 0.1333208680152893 0.270494133234024 0.2743019834160805 2.314213909208775 0 2.016384437680244 651.4319883137941 4.482009217143059 0 0.6184431612491608 254.1078248247504 2.928454652428627 7.877895385026932 14.05163984000683 6.423835694789886 2.38674359023571 136.2324324846268 5.350719153881073 10.22175653278828 224.931686386466 58.51573459804058 5.103609919548035 140.6206241846085 159.1292600631714 217.5439908504486 47.13956974446774 0.6014464795589447 0 0 0 0 0 0 0 0 0.3259953260421753 0 0 0 0.2591909170150757 0.1431185007095337 0.2987346351146698 1.447199448943138 0.1855532377958298 0 6.146468505263329 5.169446885585785 0 0 0.6530333310365677 17.55464355647564 3.692487418651581 25.69970133900642 7.433803051710129 2.905209600925446 0.4861482083797455 0 0.3904130458831787 0 0.1355485022068024 0 0 0 4.370699465274811 0 0 0 0.7495446503162384 0 0 0 0 0.8007012754678726 1.166246548295021 2.402674809098244 0.9422306418418884 0 19.71519356966019 0.1829656362533569 0.1761728674173355 0 0 0 0 0 0 0 74.79065519571304 2.09728154540062 0 0 0 8.664710253477097 2.302820697426796 9.726480305194855 3.290650025010109 1.428186893463135 3.894373267889023 0 0.5963425189256668 0 0 0 0 0.09452629089355469 0 0 0 130.3744506686926 5.261579379439354 9.462490171194077 486.7877115309238 59.48282285034657 681.7498364299536 181.5478510335088 696.8873903602362 84.79821375012398 8.896855197846889 138.0222846791148 41.99695137143135 1.591623902320862 10.24359901249409 0.889614999294281 178.0095187872648 1.781987816095352 0 3.007630810141563 5.444332972168922 0.549874484539032
70.67244644463062 93.3283389955759 1735.157565839589 1.124221473932266 91.31379809230566 0.6757056713104248 15.6727686598897 0 220.9096103906631 2.372725188732147 5523.637211702764 2.776963025331497 130.0326576530933 527.8728041425347 12.33125007152557 7.124092631042004 2.485892534255981 16.65347669273615 4.561435677111149 143.614310503006 461.3423658534884 0 52.9484435915947 37.21701387315989 62.89863247424364 10.48614710569382 107.7257400006056 3.519846558570862 1.655646458268166 9.24161933362484 896.1395201086998 2233.982894003391 163.3640415221453 7.583771303296089 36.29374852776527 16.70024457573891 120.7648869007826 23.98993632942438 7.076229989528656 16.02562533318996 272.8980742692947 3.980358965694904 67.31248447299004 11.25396774709225 7.520122215151787 13.66761841624975 92.65811359137297 5.769680999219418 9.739968553185463 49.96078968793154 3.571139298379421 0.1273522078990936 0.5501386523246765 0.5404419600963593 4.182245843112469 3.550440713763237 78.65280595421791 448.9834033474326 7.487553805112839 22.01877731084824 116.8701759278774 8.849101796746254 3.224618628621101 278.3503455221653 2.041183821856976 2.488410755991936 1.07494493573904 1.108280554413795 116.8830798342824 392.3039402216673 10.97081179916859 0.6801682710647583 0 129.0179312378168 202.243128567934 100.7828594371676 447.0057761743665 207.6989070922136 778.7766138613224 3399.839182764292 185.0546013116837 1232.565794020891 3.210906721651554 0 0.707333542406559 4.707564607262611 60.04164583981037 0 0.954711027443409 0.1035217717289925 1.21821391582489 0 58.96581456065178 7.604481264948845 0.5738701969385147 2.469570562243462 0.8241081982851028 0.2992810010910034 0.1474073380231857 76.57760824263096 0 0 0 0 0 0.2214263081550598 0 0 0.191350445151329 0.1834719777107239 0 0 0.6826288849115372 1.324376687407494 0.1598555147647858 0 0.131100207567215 0 0 0.8290635943412781 0 0 0 0 0 1.059838891029358 0 0 0.9288106262683868 0 3.84388829767704 0 5.602791130542755 0 0 0.3345735371112823 0 0 0 1.579711966216564 0.3030775189399719 1.455881036818027 0.4891766384243965 0.1252928078174591 0 0.8599821329116821 0 0 0 0 0 0 0 0 0 0 0 5.401962161064148 0 0 0 0 0 0 0 0 1.116669744253159 0.1109356954693794 0 0 0 0 0 0.2501877546310425 0.2195948213338852 0.3732847571372986 1.360792174935341 0.9581359028816223 0 0.169313445687294 3.168050587177277 0.5041045844554901 0 0.1150912716984749 0 0 0 0 0 0 0 0 0 0 1.022646442055702 0 0.8093582987785339 0.3242034018039703 0.1418372541666031 0.7555644959211349 105.4929409250617 55.76310072094202 189.5880581662059 36.50062258541584 30.92084988951683 13.40103965997696 3.021968588232994 15.89447118341923 0.7726950496435165 0 0.6344733834266663 0.2687698006629944 0.3666156828403473 0.2448278665542603 0 0.4936446249485016 1.406409651041031 0
255.6316931396723 4718.363984912634 427.0071635618806 140.8851222842932 8552.704586200416 23.32529933750629 3232.890651844442 220.9096103906631 0 263.3627754896879 2883.006668940187 50.22669408470392 2812.88720484823 3557.123445354402 18.1576727181673 5.481898948550224 0.1498506963253021 1.27481584250927 0 5.182742729783058 10.01420952379704 0 0.2752801477909088 0.5902274250984192 1.987217254936695 0.8732549846172333 1.959501653909683 0.9854319915175438 1.782458603382111 0.8409549444913864 111.5524305105209 29.06081722676754 208.557767726481 0.1671318560838699 0.6452610194683075 0.469690814614296 180.78418713063 2.45150975883007 2.03889299929142 3.030044503509998 5.958463214337826 0.1513618379831314 2.708196893334389 2.383881263434887 0.1345806121826172 0.2725261300802231 209.6569905057549 3.018720291554928 0.1644236594438553 6.310219183564186 1.449342153966427 0 0.405168280005455 0.8632777333259583 9.282315298914909 8.147854588925838 44.40447118133307 176.3290197253227 15.5352711379528 56.1975475102663 1.323187477886677 1.488185383379459 0.1530144363641739 54.11585161089897 6.411685489118099 2.28997790813446 0.6479603499174118 0.7135366350412369 8.60510641336441 8.447108514606953 88.7420192733407 3.579072430729866 0 196.6430200859904 204.179163262248 207.462754316628 177.0318587943912 14.42854595184326 1.350417666137218 40.82105186581612 1.101557053625584 6.630981780588627 8.392629362642765 0.1334227025508881 2.071670211851597 9.425207510590553 7.118571095168591 0 2.169177278876305 0 0.7364251241087914 0 2.906003199517727 0.1250756233930588 0.7515339478850365 225.8194707334042 4.790109351277351 0.2720815539360046 0.5942658185958862 54.39804230630398 1.26899878680706 3.264971569180489 6.592967823147774 2.266010284423828 1.097348526120186 39.99508169293404 3.806298092007637 7.670430764555931 16.56856927275658 26.7901491522789 1.1346555352211 63.37070332467556 72.96085318922997 94.1852191388607 20.52149887382984 0.9965931922197342 0.1739606559276581 0 0 0 0 0 0 0 0 0 0.2516598403453827 0 0 0.1522101908922195 0 0 0.2651670575141907 0 1.180254727602005 2.38729539513588 0 0.2742342054843903 0.5942233204841614 13.50067506730556 1.122418418526649 13.20151805877686 1.965433724224567 0.7995445728302002 0 0 0 0 0 0 0 0 1.959687128663063 0 0.4534600377082825 0 0.1365625262260437 0.3050507307052612 0 0 0 0.5462270230054855 0.8545378148555756 0.5604760646820068 0 0.4760739505290985 7.811137214303017 0.6017127335071564 0 0 0 0 0 0 0 0 39.07005705684423 0.1857519298791885 0 0 0 6.469261676073074 1.608836337924004 4.020553588867188 0.4656524062156677 1.307490766048431 1.4095598757267 0.4472986161708832 0.1607573479413986 0 0 0 0 0 0 0 0 49.62586732208729 4.313202530145645 4.309477671980858 374.8690316900611 53.94042087346315 470.7952315211296 143.6027407869697 207.9482114091516 56.02495516091585 5.466716788709164 99.39325994253159 22.21072407066822 0 2.162549152970314 0.279115617275238 59.38091744482517 0.2058057188987732 0 1.217936336994171 9.939607381820679 1.019538894295692
1266.762334063649 499.1954536661506 7.406361229717731 3652.803366318345 259.9710396975279 765.7985765635967 2990.964589171112 2.372725188732147 263.3627754896879 0 8.886135652661324 3330.784159168601 8406.013818517327 429.6409170627594 3.291341051459312 0.9393489509820938 0 0 0 0.4116886705160141 0.1150160953402519 0.7070823311805725 0 0 0 0 0.4755553603172302 0.6404501795768738 0 0 9.075597450137138 1.073858022689819 9.172379896044731 0 0.3744636476039886 0 56.28313334286213 0 0.1474017053842545 0.1615386009216309 1.750670656561852 0 0.6485056281089783 0.738236665725708 0 0 39.80643385648727 1.420071057975292 0.1916325837373734 0.3627831041812897 0 5.398091167211533 0 0.527395486831665 3.943594947457314 1.47634045034647 133.1738895624876 166.9384236559272 13.77405691891909 11.71211948245764 0 1.767168968915939 0 5.409701988101006 1.389252156019211 0.3299847319722176 0 0.8911547288298607 1.084021508693695 0.9294516444206238 189.3278786242008 37.32439942657948 2.240771517157555 118.4495402127504 52.75313194841146 36.28716401010752 22.08155670762062 1.731742545962334 0 4.805699050426483 0 4.669694021344185 1.905503667891026 1.104944922029972 0.7790514975786209 1.705957092344761 1.772361069917679 1.644589588046074 3.740585803985596 2.152650281786919 0.6268720254302025 0.4503537714481354 0.1938697993755341 0 1.470866829156876 894.5974184572697 17.24074466526508 6.464838683605194 1.299410223960876 1111.77400700748 2.703813567757607 25.85829217731953 28.56722183525562 83.64167442917824 2.009565949440002 89.56808219850063 14.71985340118408 12.19279088079929 224.6233096420765 68.83826749026775 1.034442186355591 155.4024756997824 160.6805980205536 161.6018655151129 23.60408154129982 0.3649931848049164 0.1638312935829163 0 0 0 0 0 0 0.1662011593580246 0 0.3473038077354431 0 0 0 0 0 0 0.2256311476230621 0.2467022389173508 2.794586509466171 2.576776996254921 0 0 0 12.10839466750622 0.8017852902412415 17.27663327753544 2.482541665434837 3.05716010928154 0 0 0 0.2772176563739777 0 0 0 0 3.041736304759979 0 0 0 0 0 0 0 0 1.167862445116043 2.522947251796722 1.273939043283463 0 0 7.420696347951889 0 0 0.1228070557117462 0 0 0 0 0 0 42.445017978549 1.155124306678772 0 0 0.3151639699935913 6.074174016714096 1.35351288318634 6.562157869338989 1.007366165518761 1.522433042526245 1.743075683712959 0.4532406032085419 0.586095780134201 0.4153751134872437 0 0 0 0 0 0.3049294054508209 0 126.1292896568775 5.06427013874054 5.092379555106163 202.6848371997476 8.143545985221863 135.7139398008585 33.60125018656254 1162.252651318908 13.77821031957865 0.5737535208463669 58.30083569139242 44.02967359125614 1.371697425842285 7.826225474476814 2.284945473074913 201.6630683541298 0.2005548924207687 0 0.5968781858682632 2.19450369477272 0
497.3879140242934 961.4177769720554 3134.586438857019 11.85952085256577 677.4965680465102 5.038195714354515 87.49810932576656 5523.637211702764 2883.006668940187 8.886135652661324 0 10.25900210440159 1284.477813832462 4244.971441939473 27.01737619936466 14.9750612154603 2.989842116832733 1.789084985852242 1.291149497032166 27.57769872993231 80.02063862979412 0.142707034945488 10.13243392109871 15.02540965378284 72.49279992282391 10.08765859156847 48.8886938765645 5.242968887090683 6.372447945177555 1.627572104334831 1170.330204129219 532.0736327469349 1370.548133119941 1.618387028574944 8.751954726874828 33.3780088275671 889.7266626060009 65.07572824507952 21.34051346033812 36.02678944915533 106.3212382495403 3.147463403642178 28.59069050103426 4.893515884876251 2.821420915424824 3.904664762318134 148.4261754006147 6.923457071185112 5.168062962591648 14.61335033923388 1.068799629807472 0.3108130246400833 0.792440228164196 0.8998177945613861 7.554951004683971 3.141523435711861 98.88691208511591 472.8754299804568 14.54628773778677 32.48360802978277 9.387177094817162 80.32717581838369 1.4828742146492 90.43746019899845 3.519023604691029 1.664407588541508 0.6094940528273582 0.6755931377410889 36.93517272919416 97.27871159464121 55.92831549048424 2.233952075242996 0 178.8782127052546 213.8468415439129 162.2703570351005 192.8703149780631 39.69096981734037 247.5118446350098 890.1959331780672 7.627344653010368 88.47196981310844 6.883194804191589 0.2217157036066055 1.100198872387409 5.158219859004021 23.91213224083185 0 2.131530351936817 0 0.9164707660675049 0 18.82990470528603 5.34626467525959 1.416794918477535 12.4705723747611 1.30580361187458 0.1396726369857788 0.7070231884717941 153.1596042513847 0 0 0 0 0 1.318350344896317 0.2467861026525497 0 0 0 0 2.523208633065224 5.533865332603455 6.408339068293571 2.799960419535637 0.3592471033334732 0 0 0 0 0 0.1689818054437637 0 0 0 3.673910990357399 0 0 1.143705636262894 0 1.62338949739933 0 4.182506635785103 0 0.1451535522937775 0 0 0 0 1.700580850243568 0.3433163911104202 3.452176459133625 1.424533925950527 0.08881883323192596 0 0 0.4164403825998306 0 0 0 0.4517152011394501 0 0 0 0 0 0.1110766604542732 2.781822383403778 0 0 0 0 0 0 0 0 1.154433399438858 0.1868370622396469 0 0 0 0 0.1493319869041443 0.1847412288188934 0 0.289193332195282 4.47378271818161 0.839880496263504 0.2353187054395676 0.611583411693573 1.029194951057434 0.9856333434581757 0.1476622372865677 0.4402496069669724 0 0 0 0 0.1834362149238586 0 0 0 0 0.5185976624488831 0.5809641182422638 0 0.1558076292276382 2.176296263933182 0.3189487606287003 2.093418173491955 182.1926835030317 42.49483229219913 291.6991261765361 70.0585320815444 84.39109569042921 27.87797485291958 4.034350998699665 48.07775665074587 2.487565621733665 0.4742991849780083 0.4580409526824951 0.2026881575584412 3.33218377828598 0 0 0 3.678537771105766 0.49428790807724
125.4620000645518 37.39065387099981 1.786723107099533 947.3187106698751 50.3070188164711 240.4523576498032 290.5138881057501 2.776963025331497 50.22669408470392 3330.784159168601 10.25900210440159 0 3779.068742468953 121.1405037790537 8.296650260686874 5.197374455630779 0 0.2065231502056122 0 0 0.3726133704185486 0 0 0 0 0.1250645816326141 0 0 0.4547253996133804 0 0.9596088081598282 1.414530038833618 3.184843510389328 0 0 0 161.8015881627798 0.6471511125564575 2.514312162995338 0.6691128090023994 0.4909987151622772 0 0.1584374308586121 0.560860276222229 0.2644028067588806 0 39.12799955904484 0.2443894147872925 0 0 0 0.6372345089912415 0 0.8232894688844681 0.8718503713607788 1.152154959738255 14.41847381740808 14.30761130154133 3.513027593493462 5.267709881067276 1.035490572452545 0 0 6.653642803430557 0.4305182695388794 0.2234995812177658 0.108969159424305 0 0.3000427782535553 0.4244492650032043 196.2073636800051 10.1550530642271 0 23.89540709555149 18.90209800004959 31.75391098111868 24.22963822633028 7.052576057612896 0.2172773480415344 1.591402858495712 0.647212490439415 0 0.7128195762634277 0.2995070517063141 0.278356596827507 1.017856277525425 0.3832248598337173 0.1938500553369522 0.3444972857832909 0.2450733184814453 0 0 0 0 0.1594926863908768 1533.90647995472 23.92815543711185 0.4249301850795746 1.597553014755249 152.9112079292536 3.159450843930244 3.585570529103279 8.152115061879158 6.192841425538063 2.426266044378281 71.33181510865688 4.896160572767258 10.11828522384167 66.43642164766788 37.90531605482101 1.56717874109745 119.3051570653915 117.3271654099226 187.1629182398319 34.98396009206772 0.1548022925853729 0 0 0 0 0 0 0 0 0 0 0 0.2812222540378571 0 0 0.3956358730792999 0.3384522199630737 0 0 4.842586323618889 2.614079967141151 0 0 0 16.95603328943253 1.463718205690384 18.09459288418293 2.817506298422813 1.750693634152412 0 0 0 0 0 0 0.1339945495128632 0 3.051496401429176 0.2775545120239258 0 0 0.1657323390245438 0 0 0 0 0.3618707209825516 1.111102543771267 1.173887848854065 0.466656967997551 0.4325119405984879 11.62705016136169 0.7399280816316605 0 0.2661243081092834 0.2357945591211319 0 0.2254424095153809 0 0 0 65.92019347846508 0.4586613029241562 0 0 0 8.854445174336433 0.2715688347816467 5.745117887854576 2.296559274196625 1.126049041748047 1.551669865846634 0.8896433562040329 1.164631769061089 0.3119698986411095 0 0 0 0 0 0 0 93.52954146265984 9.218018069863319 3.345684707164764 120.9607191085815 6.469570823013783 80.949079439044 24.94007282704115 242.3487923145294 11.15610631555319 0.7773307263851166 36.23872710764408 25.98902450501919 0 6.863501474261284 1.073809489607811 104.3601118773222 0.5913274884223938 0 3.508135482668877 2.715958029031754 0
328.7801217809319 1731.305943645537 186.6504517644644 1314.946884095669 713.2039969563484 188.8234038054943 7300.723203405738 130.0326576530933 2812.88720484823 8406.013818517327 1284.477813832462 3779.068742468953 0 2759.484024211764 105.4956610649824 39.52155023813248 0.866668313741684 1.839087158441544 0.3521717041730881 5.522364556789398 12.11816008388996 1.110018238425255 1.58276741206646 2.465648680925369 12.838224157691 2.808137983083725 7.63749572634697 3.745784565806389 8.25403767824173 0.4243523478507996 56.48999842256308 26.36077039688826 276.1950392648578 0.5925323069095612 0.6400450021028519 1.064543783664703 243.1967366859317 14.73115585744381 36.53058400005102 14.4027538523078 23.60303580760956 3.261757038533688 9.23099473118782 5.882754184305668 1.181503154337406 3.093483090400696 438.9264173060656 4.251609534025192 4.454887062311172 7.966475516557693 1.267880596220493 3.245402425527573 0.8261416554450989 2.888620361685753 11.80177853256464 10.05191795527935 55.56751151382923 122.1172398328781 22.24217429757118 70.1578126847744 1.147890597581863 3.529555089771748 0 46.5547924041748 5.009791187942028 2.584873884916306 0.9010687470436096 2.11625874042511 13.06406547874212 17.0178424268961 522.6003142222762 27.14204519987106 0.1946307867765427 195.9439536929131 171.7177120223641 348.5187599286437 390.0709216743708 76.62650511413813 0.6700191050767899 30.74958785623312 0.8152754753828049 9.331311501562595 8.9013582020998 0.7311072796583176 2.815104499459267 9.133086942136288 12.00664675235748 0.2249825745820999 2.203616686165333 0.2064710259437561 0.7753828018903732 0.2162294387817383 4.98832143843174 2.606274299323559 2.150426372885704 2699.247380115092 27.37981554120779 0.2674246430397034 6.384449146687984 184.2436217367649 4.948914654552937 17.5119156986475 26.44884966313839 20.98446987569332 2.672603026032448 169.8286479115486 14.27357351779938 22.30849805474281 363.6163305938244 111.4656167179346 6.393551900982857 246.3183051794767 354.921026751399 428.5537709742785 90.91758148372173 1.227829053997993 0.4033911973237991 0.4255526065826416 0 0.2719231247901917 0 0.2914389669895172 0.1886568367481232 0 0.1762990951538086 0.5663663148880005 0 0.129955843091011 0.7032790780067444 0.3315873891115189 1.055966466665268 0.7470952123403549 1.850876167416573 1.136389926075935 14.22447238862514 7.895010396838188 0 0.1405557096004486 0.2818886339664459 59.07769350707531 10.26677405834198 67.84325965493917 17.64157707989216 3.852021560072899 0 0 0.7263627648353577 0 0 0.2418795526027679 0 0.2480770945549011 10.25460495054722 0 0 0.2932046055793762 2.092512398958206 1.883745923638344 0 0 0 3.097861833870411 2.678463011980057 3.018560335040092 1.126719236373901 3.781660035252571 35.37490594387054 0.468477874994278 0.6567777991294861 0.7208774089813232 0 0 0.1736537367105484 0 0 0.4374357163906097 194.2261203080416 7.242139711976051 0 0 0 20.33278870582581 6.003640487790108 26.48870769143105 4.146652430295944 1.969603471457958 5.400604128837585 2.315842911601067 1.415207535028458 0.8075579330325127 0 0 0 0 0.1503012478351593 0 0.2334842830896378 230.1991994082928 20.52427665889263 22.38253419101238 834.5061533674598 98.50051758438349 720.0045222491026 252.4796368256211 487.8904286250472 101.3528560101986 8.223832979798317 226.1633242368698 65.03362875431776 1.342847257852554 15.9805951192975 2.206092044711113 252.6614041179419 5.284689322113991 0 6.840469643473625 21.31055499613285 0.5395833104848862
262.6733015328646 1532.701393738389 458.5339606776834 66.71493038535118 584.1096350923181 17.20240077376366 957.5606492832303 527.8728041425347 3557.123445354402 429.6409170627594 4244.971441939473 121.1405037790537 2759.484024211764 0 40.58645630627871 17.13300767540932 1.48584371805191 0.8795414566993713 0.2836665585637093 6.417892456054688 20.54482162743807 0.1454949676990509 3.378040358424187 4.582355722784996 29.7337282076478 4.307011529803276 18.46321272104979 4.233160577714443 3.947284772992134 1.52835975587368 120.8802106454968 47.65630624443293 332.5613816007972 0.9304178506135941 1.333236053586006 8.838721297681332 570.4850318953395 30.21359574049711 10.02456580847502 20.75894352793694 41.31703101843596 1.132983714342117 6.433873221278191 2.387336641550064 0.7830925136804581 1.040241345763206 214.0777903944254 2.455703914165497 1.98134770989418 7.83426222205162 0.08689762651920319 0.8379787802696228 0.5454058647155762 1.143668681383133 3.544730000197887 4.509311139583588 32.26098032295704 127.1740158200264 10.9624191224575 33.49327160418034 2.123467974364758 39.04836463183165 0.1664924472570419 37.97132217884064 2.281070046126842 1.624590709805489 0.9851071015000343 0.555163249373436 17.25003692507744 26.855129763484 94.40227548778057 2.790262326598167 0 102.5595732480288 107.2783780768514 164.0599459782243 194.4816166907549 34.30262131243944 18.58628729730844 135.0939754769206 1.273794054985046 19.66354784369469 3.856045663356781 0 0.9880934581160545 4.846847593784332 8.131149843335152 0 0.6785430237650871 0 0.172824501991272 0 5.421239152550697 2.65318338572979 0.8429860100150108 256.1899119466543 2.21400386095047 0.5259072780609131 2.039955049753189 51.34984967112541 2.879685178399086 2.539988726377487 4.963720679283142 3.940517827868462 0.3104100227355957 23.90156543254852 1.665420740842819 3.444193974137306 35.75516653060913 16.2777079641819 2.429063826799393 43.60986769199371 62.189129114151 81.27692121267319 18.71022851765156 0 0 0 0 0 0 0.3053768873214722 0 0 0 1.022347882390022 0 0.3379005417227745 0.1908901780843735 0.6519267559051514 1.827663511037827 0 1.590208366513252 0 2.295310035347939 1.983668029308319 0 0 0 10.88288855552673 1.276670038700104 9.19804123789072 2.228120692074299 1.542613014578819 0.6060218513011932 0.9931617677211761 0 0 0 0 0 0 0.1753328144550323 0 0 0 0.6035425066947937 0.8684208989143372 0 0 0 0.2195445746183395 0.4530006945133209 0 0 0 7.399468719959259 0.2875119745731354 0 0 0 0 0 0 0 0.1528555899858475 32.56265768408775 2.517140686511993 0 0.217993438243866 0 3.073098301887512 0.9471110254526138 3.853959232568741 0.7660396546125412 0.4552132040262222 1.078760474920273 0 0.5209696888923645 0.1261784583330154 0 0 0 0 0.5527332797646523 0 0 31.6033733189106 1.895871296525002 1.899381592869759 327.0860529989004 46.58909527957439 329.5347587764263 101.5879376977682 138.0830597281456 40.30531040579081 2.931320808827877 100.1649607867002 9.535236999392509 0 2.816926069557667 1.046254843473434 48.23405419290066 2.323007687926292 0 3.101888507604599 6.269083872437477 0
