0 4000.141555055976 531.9845070615411 918.0936555340886 299.0124819427729 65.26002010703087 510.1259114667773 171.5930755212903 9.172274731099606 1948.825970031321 115.6707093268633 415.4001270830631 438.2979765310884 54.56218296289444 2.23154840618372 0.5862237215042114 0 0.1128225699067116 0.1186517030000687 0 0 0 0 0 0 0 0.1087014824151993 0 0.110936276614666 0 687.8719273507595 11.17257731407881 11.19806607067585 0.1197123974561691 0 0 18.59546939283609 0 1.393543913960457 0 0.3599452376365662 0.5009748935699463 0 0 0.1264822036027908 0.1898456960916519 5.685894459486008 1.836911477148533 0 0.4453805983066559 0.7900888845324516 1.327053464949131 0 0 3.518167465925217 9.536206103861332 204.5294963419437 935.761973425746 104.4052999168634 12.44760872423649 0 0.4807634353637695 0.1250107288360596 40.80150675028563 3.236090585589409 2.734377443790436 1.121986024081707 1.01412133872509 0.2301461100578308 0.1886325180530548 88.89156421273947 35.08997213840485 1.575880467891693 127.6671959683299 90.4367346316576 23.08441641926765 9.029251798987389 2.26961675286293 15.91730014234781 92.64270494878292 0.1906081140041351 28.87532184273005 6.438591495156288 2.161570817232132 2.272566698491573 4.090534411370754 1.689648121595383 1.66280460357666 0.909001424908638 0.1017796918749809 0.3854128196835518 0 0 0.1618323773145676 0 425.5759601145983 86.40591168403625 3.78039875626564 3.269402325153351 1248.896776370704 1.090025544166565 0 0 0 0 7.64037324488163 0 2.805966570973396 19.15933994948864 0 0 4.521007865667343 1.224884688854218 5.439775571227074 1.181748270988464 0.1102767884731293 0 0 0 0 0 0 0 0 0.1803270876407623 0 0 0.6474760174751282 0 0.305102676153183 0 0 0.5412252694368362 0 0.2437164783477783 0 0.2071161866188049 0 0.2927318811416626 0.1245608404278755 0.2243524044752121 0.7596504390239716 0.5602756142616272 1.553435206413269 0 0 0 0 0.5158788561820984 0.2293355464935303 0 0 1.083216264843941 0 0 0 0.232668325304985 0 0.333537869155407 0 0 0 0 0 0 0 2.289584130048752 0.2230420559644699 0.3866502195596695 0 0 0 0 0 0 0 1.514084190130234 0.2928534746170044 0 0 0 0 1.090322494506836 1.298740059137344 0 1.206146657466888 0 0 0 0 0 0 0 0 0 0 0 0.9251717925071716 0.1218294277787209 0.6959953606128693 72.18377561122179 11.25937237590551 170.0153664201498 26.72008188068867 1960.021564029157 12.80303289741278 3.957832090556622 4.892089918255806 4.927975818514824 0 3.66422712802887 0.2178630754351616 15.46105483174324 0.2178879231214523 0.1098150610923767 0 1.702363103628159 0.1814189106225967
4000.141555055976 0 2428.347322776914 1652.186741009355 2994.395005099475 182.538838468492 3924.856919966638 1683.14213898778 518.2195675522089 1122.801361486316 1127.393240340054 91.96409963071346 1053.990980036557 735.0298196151853 38.89479684084654 11.20248526334763 0.5597800984978676 0.8463995084166527 0.710467129945755 1.244013085961342 1.755451738834381 0 0.8012943118810654 0.3233203589916229 1.134709402918816 0.6387753561139107 0.477481335401535 2.134163111448288 0.5293751433491707 0.106245644390583 3617.784935034811 271.6153209507465 54.99378041177988 0.94139314442873 0.2907922863960266 0.5168310105800629 49.90433825552464 0.7458563670516014 2.642665147781372 0.7363937869668007 2.023546129465103 1.333492487668991 0.6981049031019211 1.089050337672234 1.21496469527483 0.7279530912637711 94.87613158673048 12.70138862729073 0.6433871984481812 2.188070587813854 4.791174300014973 0.1224313080310822 0.1074265167117119 0.2636907398700714 14.2776690647006 27.38038185238838 89.16784936189651 1217.145800419152 112.9264609664679 78.03621762990952 0.3921231850981712 4.748686984181404 1.295811802148819 219.4849368110299 15.55969525128603 18.82360557094216 6.822608806192875 9.718388676643372 4.35417628288269 2.750570215284824 39.13588592410088 4.853722661733627 0.1130952090024948 276.9881748780608 327.8886950463057 278.0606276765466 117.280281431973 13.96044987440109 158.678320735693 702.8436749577522 0.4605715349316597 215.1060241758823 28.82044543325901 4.045913398265839 17.20871502906084 18.96782488375902 9.733528912067413 0.4086581096053123 7.376594796776772 0.08976887911558151 2.61739806830883 1.027368873357773 1.357633382081985 0.433702826499939 1.311477243900299 119.051988452673 5.235121294856071 0 1.323592342436314 1441.544732861221 1.170206643640995 0 1.774393767118454 0.9526618123054504 0.1906655579805374 45.5436338186264 0 20.81298097968102 21.98292264342308 3.859590858221054 0.1741272062063217 25.09240692853928 23.35691723227501 37.43430526554585 10.90811598300934 1.597366601228714 0.69736647605896 0 0 0 0.1245924010872841 0 0 1.301539115607738 0.1473764479160309 0 0.1845013648271561 0.8019469976425171 0 0.564978301525116 0 0 0.2282403856515884 0 7.098153576254845 1.182745292782784 0.2629972025752068 2.224560528993607 0.1188508048653603 10.14993958175182 0.1025320515036583 7.84570723772049 2.341740943491459 0.7502514496445656 0.2594040632247925 0 0.6714529395103455 0 0 0.6635843813419342 0.2803748250007629 2.265672348439693 7.19094480574131 0 0.2825744226574898 0.1259292960166931 0.1321815848350525 0.4651008546352386 0 0.2334784120321274 0 0.1033734157681465 0.2787970006465912 0 0.5962536185979843 3.651007421314716 14.09150095283985 1.832520395517349 0.4840580821037292 0.4402229338884354 0 0.420880988240242 0 0.4956531748175621 0.2961184829473495 0.8775179982185364 17.06958980113268 0.550944596529007 0 0 0.3674576580524445 5.047213360667229 10.20295289158821 13.13130809366703 0.9780354201793671 2.929700940847397 3.67929582297802 0.565513089299202 0 0.4045386761426926 0 0 0 0 0.1330596059560776 0.4462840557098389 0 9.968574076890945 15.60833603143692 8.815469019114971 490.3736199215055 77.82019367814064 1025.159273169935 192.0260992273688 2756.013454020023 39.85970975458622 16.55708734691143 67.41566579788923 36.76073443889618 0.1939451619982719 33.51176246255636 5.933569237589836 72.06980235129595 4.706256940960884 0.7349694147706032 4.564648374915123 13.53558061271906 0.422812432050705
531.9845070615411 2428.347322776914 0 15.83343456685543 1575.303385183215 7.67433500289917 456.0189771354198 6303.646277353168 403.2713194340467 23.49394249916077 2574.742017284036 19.68273037672043 183.0292460694909 591.0357228964567 23.45970926433802 12.70560206472874 0.285699874162674 0.7014918923377991 0.1331688910722733 1.990321360528469 4.04928882420063 0.1353880912065506 0.3034477382898331 0 3.714189194142818 0.6979718208312988 0.2715711742639542 0.8287619426846504 0.7879579961299896 0.1016828417778015 3935.701669998467 1299.190018735826 93.49985241144896 5.670540019869804 0.8180655539035797 2.221433937549591 74.51051001995802 2.396217741072178 4.600088976323605 0.9660132527351379 10.20776443183422 1.250304602086544 2.388319991528988 2.775390647351742 1.764733955264091 1.736051544547081 46.75426712632179 3.394968613982201 0.56623225659132 2.378105834126472 3.294238865375519 0.6247172951698303 0 0.1237320154905319 3.184536010026932 6.800130136311054 17.03510055691004 602.8300646096468 31.51039113104343 22.71009165793657 0.95853640884161 12.26364029198885 4.433004148304462 214.7654603794217 3.215537577867508 4.121150031685829 2.616006895899773 4.89460913836956 8.19253945350647 9.676339395344257 39.42172072082758 3.637612409889698 0 73.77367037534714 117.0240531638265 111.1627899110317 78.58688194304705 11.88816051185131 554.6660650521517 1809.108244940639 2.430907070636749 641.1924726590514 8.276897415518761 0.952770784497261 5.004895888268948 4.737671751528978 6.510979749262333 0 1.920568838715553 0.2124567553400993 0.4767715185880661 0.4274417906999588 4.491104029119015 0.2339449226856232 0.4901813641190529 86.10434407740831 6.270460687577724 0 1.277055740356445 205.7069027796388 0.9884099960327148 0 0.5438485145568848 0.9808204174041748 0 31.59016610682011 0 11.21709664165974 2.870657473802567 2.957974493503571 0 9.070352405309677 10.8245587348938 31.70584750175476 7.226715095341206 1.508743926882744 1.867150694131851 0 0.3747774660587311 0 0 0 0 0 0 0 0 0.8671315386891365 0 0.1274130642414093 0.2128044366836548 0 0.1506532728672028 0 1.266948327422142 0.6781205236911774 0 1.661710321903229 1.022958859801292 5.185436815023422 1.390076264739037 6.378514118492603 3.401272863149643 1.727857686579227 0.1041803807020187 0 0.3586855307221413 0 1.195536613464355 0.7362510710954666 0.1159763336181641 0.8709399998188019 2.777247048914433 0 0.2330027371644974 0 0 0.1054246872663498 0 0.4292434751987457 0.07856236398220062 1.302461728453636 0.395414873957634 0 1.637204356491566 0.92906753718853 11.3196230456233 2.147897288203239 0 1.21285255253315 0 0 0 0.08862094581127167 0 0.4164124131202698 8.903034746646881 0.8363797813653946 0 0 0.3622221574187279 1.156291365623474 6.021767973899841 3.799216240644455 0.8909337818622589 3.177223682403564 1.953769624233246 0.268243707716465 0.5448513031005859 1.265203773975372 0 0 0 0 0 0 0 6.988845139741898 4.772413142025471 5.142489373683929 196.0491170212626 21.28671446442604 294.5846566781402 57.67263205349445 207.865839600563 14.35838010162115 3.260754875838757 35.1286863386631 21.91879284381866 0.1188608482480049 28.62802550196648 2.430404298007488 46.0775550454855 5.617822088301182 0.1079726740717888 6.399985909461975 1.320867568254471 0.2064657360315323
918.0936555340886 1652.186741009355 15.83343456685543 0 230.8519247546792 203.2940538972616 1131.710544258356 4.162834331393242 8.820806890726089 4098.567655593157 5.825746528804302 1311.065863624215 1954.067541413009 105.6756210625172 1.08700705319643 0.4833549335598946 0.1164509057998657 0 0.08651170879602432 0.1122051626443863 0 0 0 0 0 0 0 0 0.2464789897203445 0 52.21224781870842 2.217335015535355 4.657963514328003 0 0 0 5.451947718858719 0.109312079846859 0.3576726317405701 0 0 0 0 0 0.1387822329998016 0.1646603792905807 4.456335477530956 0.6159204244613647 0 0.0992160364985466 0.3374328687787056 0 0 0 1.070342116057873 2.419862508773804 9.171215794980526 70.94497471302748 7.111913345754147 3.945944048464298 0.3467237949371338 0.1236407160758972 0 12.71037339419127 1.146485395729542 1.626744449138641 0.3483585491776466 0.715696856379509 0 0 0.8586175739765167 0 0 20.10545197874308 22.40961293131113 10.60825970768929 4.31809750944376 0.5288503989577293 0.8133895993232727 2.773379273712635 0.2555180191993713 0.831862635910511 2.298232950270176 0.2014938592910767 1.336752593517303 0.8265093266963959 0.2015436738729477 0 0.1879660338163376 0 0 0 0 0 0 26.98246802389622 0 0 0 174.7180541455746 0 0 0 0 0.4438039660453796 4.728061079978943 0 3.404034480452538 22.8664263188839 1.803848505020142 0 1.729428395628929 2.826609924435616 5.735064223408699 0.2903383374214172 0 0 0 0 0 0 0 0 0.5519950389862061 0 0 0 0 0 0 0 0 0 0 0 0 0 0 0 0.7961676120758057 0 1.21644426882267 0 0 0 0 0 0 0 0 0 0.398274302482605 0.319038599729538 0 0 0 0 0 0 0 0 0 0 0 0.3771559298038483 0 0.5958879888057709 0 0.3594010770320892 0 0 0 0.4665963351726532 0 0 0 2.15519392490387 0.3141008019447327 0 0 0 0 1.142994165420532 0.3085254430770874 0 0.3949548900127411 0 0 0 0.4655967950820923 0 0 0 0 0 0 0 2.071348309516907 0 1.269216477870941 50.30086487531662 4.963957153260708 61.91362414509058 13.12889700382948 577.4709866866469 2.836545892059803 1.086597383022308 4.102400541305542 3.803791023790836 0 1.224286839365959 0.444310188293457 6.966128259897232 0.5416545271873474 0.2899750471115112 2.850910812616348 1.367502585053444 0
299.0124819427729 2994.395005099475 1575.303385183215 230.8519247546792 0 18.51404396444559 3932.61327123642 924.6393303498626 6094.98334928602 300.9507933929563 4594.754976980388 23.43494867533445 256.1799546927214 823.7937441319227 46.64687932282686 9.385781809687614 0.2919865325093269 0.7038559168577194 0.6392927691340446 0.2592353075742722 0.4259615167975426 0 0 0.3674996793270111 0 0.917388066649437 0.4136857390403748 1.532514669001102 1.170289419591427 0 258.654382660985 113.5287973433733 11.37811924517155 0.09121901541948318 0 0 17.22069589793682 1.252467252314091 2.627571545541286 0.4068073183298111 0.6499087437987328 0.8806568533182144 0.306980699300766 0.8736772537231445 0.1156085133552551 0 105.1828057095408 9.102187901735306 0.3211981356143951 0.2090060859918594 2.675471045076847 0.467563197016716 0 0.2805690839886665 3.826717689633369 11.73333720117807 9.211130142211914 144.1328110173345 19.13933258503675 55.50600046664476 0.1868740320205688 0.9248247370123863 0.1362082958221436 106.7609231770039 6.545019790530205 10.50231648981571 6.373872466385365 5.914501756429672 2.052058987319469 0.2112760990858078 54.10739112645388 6.118487313389778 0 83.96282853931189 130.8292224928737 269.0356875211 149.3659393042326 9.498240135610104 11.71955179423094 40.54617813974619 0 22.45660665631294 12.65453875809908 0.7973083406686783 10.69582702964544 9.232927463948727 8.492556385695934 0.170583687722683 6.394668765366077 0.2346409112215042 1.925191670656204 1.030100710690022 0.09778033196926117 0.1056294962763786 0.7225644513964653 231.9684680104256 8.936599835753441 0.5372716784477234 0.8696953654289246 44.01570830494165 0.2230720072984695 0.4959776103496552 8.026901111006737 0.17318294942379 1.809689342975616 68.80349889397621 1.306521058082581 34.53879044950008 13.83654300868511 4.736965239048004 0.9158743023872375 45.18471836298704 49.13930785655975 68.22631244361401 25.59680604934692 5.522281795740128 0.3379658460617065 0 0 0 0 0 0 0 0.1617478877305984 0 0 0.4686669707298279 0 0 0.1029251739382744 0.6543118134140968 0.1186683103442192 0 4.80717258900404 3.455875411629677 0.7997326850891113 1.561525888741016 2.381615459918976 17.68031212687492 1.789486229419708 14.03708490729332 1.636720918118954 0.9495405629277229 0 0 0 0 0.3171744048595428 2.878007434308529 0 2.449392437934875 5.239032849669456 0 1.201744884252548 0.303780734539032 0.1320773661136627 0.2190717607736588 0.1252136528491974 0.3489174246788025 0 1.035808429121971 0.9322384297847748 0 2.687248721718788 4.758182525634766 42.81585358828306 4.499658644199371 0.6489590704441071 0.2032392472028732 0 0 0.4563803970813751 0.2355950400233269 0 0.979047566652298 32.41356521844864 0 0 0 0.1103999316692352 11.66571563482285 12.19841939210892 22.04221534729004 0.3266628980636597 6.533766508102417 9.29577100276947 2.599423050880432 1.234226629137993 1.230812251567841 0 0 0 0.547230139374733 0 0.3117701634764671 0 27.49703846126795 20.90827671438456 18.06782733649015 531.904904410243 51.53696938604116 617.7721964530647 163.5818747878075 302.5310534089804 29.10013423115015 6.15725988894701 82.86128526926041 41.28614372014999 1.774616964161396 49.12786619365215 7.236612983047962 95.67026547342539 5.000993520021439 1.40267014503479 6.705845922231674 5.693162925541401 0.188322976231575
65.26002010703087 182.538838468492 7.67433500289917 203.2940538972616 18.51404396444559 0 123.2541173100471 3.352652072906494 14.84442622959614 492.2708768248558 7.923365846276283 427.4086692035198 256.2638454288244 23.35610391199589 1.624785840511322 0.276324562728405 0.4937590360641479 0 0 0 0 1.882570430636406 0 0 0 0 0 0.2762726545333862 0 0 17.06022328138351 1.001196622848511 17.06951788067818 0 0 0 34.1278769671917 0.1607237160205841 8.56670007109642 0 0 0 0 0.3470666706562042 0 0 0.1412931680679321 0 0 0 1.571511045098305 11.14016950130463 0 0.8475526571273804 0 0.5029361844062805 52.01592303812504 25.59004388004541 3.365764811635017 0.100135363638401 0 1.5269425958395 0 0.1455536335706711 0 0 0.7464504241943359 0.09478107839822769 0.2188916355371475 0 219.8209607005119 384.3649175614119 6.726304739713669 2.490244284272194 1.315670624375343 0.7071657478809357 0.5943546369671822 0.338743194937706 0.4914270043373108 4.774983532726765 1.043271750211716 0.260227233171463 0 3.515852123498917 0 0.460175409913063 0.362054318189621 13.74391111731529 11.48894044756889 5.092818051576614 5.122445285320282 4.114038214087486 0 1.144578337669373 1.463755995035172 566.3573979213834 275.2735217362642 23.43203881382942 15.32083489000797 204.4400379210711 0 0 0.5477145910263062 0 0 1.458504945039749 0 0 1.192700862884521 0 0 0 0.2783220410346985 1.958248734474182 0 0.1226925104856491 0 0 0.3411920666694641 0.169059619307518 0 0 0 0.2407650351524353 0.3139593005180359 0 0.5248497128486633 0.379986047744751 0.664702981710434 0.4020476937294006 0 0.714384138584137 2.348304867744446 0.2184026390314102 0 0 0 0 0 0 0 0.4985463917255402 0.1636370718479156 0.1844881922006607 0.1835393011569977 0 0 0 0 0.2827623784542084 0 0 0 0 0 0 1.126003980636597 0 0 0 0 0 0 0 0.1551908850669861 0 1.067088842391968 0 0 0 0 0.4167531728744507 0.1718617975711823 0 0 0 0.1781876385211945 3.274063050746918 0 0 0 0 0 0 0 0 0.1735534369945526 0 0 0 0 0 0 0.3296197354793549 0.2110686749219894 0 0 0 0 0.2656135857105255 5.386506363749504 0.1546209752559662 6.169392302632332 0.7484804689884186 223.3741708397865 0 2.199428603053093 0.5581700205802917 0.7924448847770691 0 0.1906315237283707 0 0.8155394792556763 0 0 1.296247065067291 0 0
510.1259114667773 3924.856919966638 456.0189771354198 1131.710544258356 3932.61327123642 123.2541173100471 0 371.7089700549841 2463.799989931285 2550.84777597338 1442.976168103516 316.1864618957043 6013.805047363043 5226.84463506192 90.34053840488195 32.22267219424248 0.5397482812404633 0.3908631354570389 0.1245606616139412 0.847337894141674 1.86040735989809 0 0.1232995688915253 0.1343358308076859 0.3722944185137749 1.164321646094322 0.1099612414836884 1.519714288413525 1.614949785172939 0 233.5096507519484 83.59474378079176 53.92729122936726 0 0 0.1325400471687317 71.88574553281069 1.15489849448204 2.448452107608318 1.264186598360538 1.189004927873611 1.61736448854208 0.753167524933815 2.509448893368244 0.88733921200037 0.6691322326660156 165.1906360313296 7.804934367537498 0.1329447478055954 2.37059497833252 4.317477412521839 0.4454581439495087 0 0.3071219101548195 4.224442176520824 13.50654929503798 14.62822170555592 174.3010281100869 23.61825904250145 65.01533759385347 1.277360290288925 3.915405698120594 0.5913624912500381 130.5410080328584 8.714595057070255 14.2397843785584 5.135630384087563 7.284925855696201 2.467550039291382 0.8415012583136559 91.36691945046186 15.42225912213326 0.3278309181332588 112.3414067998528 166.1210597157478 379.0812516883016 229.4457389339805 28.66487056016922 7.572799079120159 55.36399897933006 1.093592964112759 28.43905039131641 14.40522626042366 2.489235438406467 11.02529565989971 10.55976502224803 11.19579077512026 0.5124712660908699 6.634504865854979 0.4557071477174759 2.918187603354454 1.95944894105196 0.6075194478034973 0.8375589698553085 1.116253681480885 592.0424577593803 18.24413733184338 0.2600750327110291 0.8486223593354225 93.6185637563467 0.8772916197776794 1.00425872951746 17.77796167135239 8.316246569156647 1.415706843137741 134.6347552388906 0.2765375375747681 76.75488772243261 39.93097868561745 13.35348792374134 0.8709907978773117 112.2769885286689 104.0002938807011 153.3883082270622 37.31565716862679 4.689421005547047 4.364153549075127 0.7106024622917175 0.8740569949150085 0 0 0 0 2.334004700183868 0.1382854133844376 0 0.09967078268527985 3.140506893396378 0.1063104569911957 0.2314527034759521 0.1683217734098434 0.3541219234466553 0.5120252817869186 0 8.494688056409359 6.446578361093998 0.1274801194667816 3.06604465842247 4.400566503405571 32.2224840298295 4.854246638715267 29.74201445281506 4.068744987249374 4.35541395843029 0.1989536881446838 0.1436377763748169 0.5544047355651855 0.6522826850414276 1.598860561847687 6.077702507376671 0 8.169804975390434 19.91322332620621 1.430694982409477 0.1018539443612099 1.138207957148552 0.1302599012851715 0.7795557305216789 0.2487072423100471 0.4965073019266129 0.3954739347100258 2.915178410708904 6.157523706555367 0 4.482960283756256 6.671541087329388 58.9306878298521 8.331154823303223 3.117184765636921 0.9342308863997459 0.2046063616871834 0.6910532042384148 0.8335539177060127 0 0.2829821407794952 1.858890362083912 80.62589113414288 1.580449268221855 0 0 0.5551090314984322 16.35168625414371 29.73712038248777 35.37441211938858 2.897687673568726 9.878535822033882 15.75120633095503 5.992803812026978 2.713931709527969 1.268080912530422 0.204048790037632 0.1812129616737366 0 0.2519938573241234 0 1.533955544233322 0.8869094848632812 45.10524761676788 36.71698711812496 21.14102192223072 843.5292767882347 69.7962479814887 815.4134493246675 239.2848061323166 786.7209704145789 42.01010990142822 10.08902636915445 138.9164859652519 70.87959549576044 1.40791143476963 79.0101768001914 10.20666221529245 219.2089200541377 24.27887335419655 2.062504798173904 17.43199940770864 22.54563619941473 0.1481755375862122
171.5930755212903 1683.14213898778 6303.646277353168 4.162834331393242 924.6393303498626 3.352652072906494 371.7089700549841 0 1418.954696059227 17.51311193406582 2144.968778587878 12.13498654216528 428.7610257714987 1266.041744068265 33.03886385262012 17.21094942092896 1.332991495728493 10.01755040884018 1.211606279015541 17.09512159973383 23.31528221070766 0.2765858322381973 1.604265481233597 0 15.77424728870392 0.4785965532064438 0.3612292110919952 3.262000568211079 1.125966556370258 0 1999.14844815433 1417.353204004467 80.29249352961779 35.76307392120361 5.487603925168514 8.574053153395653 65.24595106393099 6.442089572548866 6.467589497566223 2.198519252240658 34.44222835451365 3.753522075712681 14.64299212396145 2.647155091166496 9.153749652206898 13.20223914086819 51.31632108986378 3.261108607053757 0.8984858840703964 10.27215814590454 14.29292711615562 0.4164872914552689 0.1453093439340591 1.739327102899551 1.580965973436832 3.764366343617439 8.449717581272125 220.0317215770483 18.02057608962059 22.02760773897171 9.594819933176041 61.8430014103651 26.75915584713221 152.674442820251 2.425421290099621 4.560698762536049 2.59286168217659 8.33837179094553 35.03335653245449 43.15810589492321 25.77637881785631 3.568597361445427 0.1548561453819275 45.5455344170332 77.93366719037294 139.8451108634472 114.5201965346932 61.15448811650276 965.3786806687713 1053.577703595161 137.7852764874697 1363.891609840095 5.994975157082081 0.9347274526953697 3.873282745480537 4.894911952316761 11.27675316482782 0 1.510308355093002 0 0.1118970587849617 0.945763111114502 17.11599954217672 2.148199565708637 2.048539713025093 78.64907037466764 6.130496725440025 0 2.650365121662617 89.71737606823444 0 0 0.104193277657032 0.2480391263961792 0 17.43274284899235 0 7.220562413334846 0.4293004721403122 0.5146000385284424 0 11.39856365323067 5.264753624796867 11.68915672600269 2.742599532008171 0.6028836518526077 0.6813259273767471 0 0.170031800866127 0 0 0.1007841974496841 0 1.446285158395767 0.1579843610525131 0 0.1303130388259888 1.139491602778435 0 0 0.4074128270149231 0.2630231827497482 0.8018726706504822 0 0.7439614534378052 1.611182823777199 0.6720898151397705 0.9963935166597366 2.571610197424889 4.639877706766129 0.9473945200443268 7.813966184854507 4.69193822145462 1.575323201715946 0.4843446835875511 0.1006586626172066 0.7232198417186737 0.3983284533023834 0.3949271142482758 1.024355612695217 0.3475356251001358 1.33024287968874 3.915858834981918 0 0.21946931630373 0.2532777115702629 0.4717338681221008 0.2182878330349922 0 0.4374924004077911 0 0.6685472726821899 1.647743940353394 0 1.133276879787445 1.831493258476257 8.69615139067173 0.6773047149181366 0.1730979532003403 0.0896613821387291 0 0 0.1186173483729362 0.2050582021474838 0 0.8725976347923279 6.555831402540207 3.687028229236603 0.3925531804561615 0 0.1786117404699326 6.87302889674902 2.565278634428978 5.025506734848022 1.136674433946609 1.478873044252396 3.031083978712559 0.1204366981983185 0.8095587939023972 0.4435751363635063 0 0 0 0.09656152129173279 0.1037488803267479 0.1364592462778091 0 3.666903346776962 8.352771118283272 7.47459203004837 194.3324825763702 18.09130707383156 241.4827676191926 60.38152209669352 111.3297094255686 8.557704992592335 3.746675133705139 38.03038202226162 15.00677006691694 0.3776494041085243 17.89214879274368 2.817592695355415 35.84798473864794 1.719321399927139 0 4.153678461909294 1.833435617387295 0.1299068331718445
9.172274731099606 518.2195675522089 403.2713194340467 8.820806890726089 6094.98334928602 14.84442622959614 2463.799989931285 1418.954696059227 0 39.30791916698217 7494.841473035514 26.64848823845387 649.1711682379246 2263.934391379356 63.61088179051876 28.51464977115393 0.2363176494836807 0.1117456704378128 0.2704653814435005 0.1852327361702919 1.129846900701523 0 0.2323043644428253 0 0.3376478031277657 0.8980879187583923 0.3743954002857208 1.801008425652981 2.221265845000744 0 64.122554294765 50.75345293432474 35.60003284364939 0.6406470611691475 0.1108908280730247 0.1131163313984871 46.92457224428654 0.4017692729830742 1.9936318770051 0.5886184051632881 0.4891127794981003 0.4361602216959 0.294943779706955 1.373762711882591 0.682734414935112 0 97.49969713389874 4.625293977558613 0.7327727004885674 0.1049894317984581 2.06934966892004 0 0.1932317465543747 0 1.051439106464386 3.406430631875992 3.356526151299477 37.27370050549507 7.661974214017391 37.30233050137758 0.1842665672302246 3.804625824093819 0.2182755693793297 76.04528297483921 2.839789148420095 6.46751094982028 2.663835696876049 3.616152249276638 1.280430391430855 0.2296072915196419 58.72737667709589 6.877092771232128 0 47.65670739114285 64.7796234562993 248.2852111309767 194.3708913549781 23.83458847552538 18.61839661747217 243.2176969721913 0.1388823091983795 171.4416752234101 5.842284820973873 0.3046878352761269 5.206378050148487 3.413542725145817 4.988720327615738 0.2356948927044868 3.514733143150806 0.3587367534637451 0.6960529461503029 0.9763361141085625 0.4628025814890862 0.9107705950737 0.951767660677433 291.2500365674496 8.488678239285946 0.1462018191814423 1.470071613788605 13.60991570353508 3.202854961156845 0.3261184096336365 1.257726907730103 1.934707641601562 2.653755903244019 69.3216854184866 0.1741275787353516 38.81566140055656 6.10436724126339 3.739857144653797 0.4753703773021698 40.64818678796291 32.19884359836578 78.50130967795849 23.48784343153238 2.274506464600563 1.998620316386223 0 0 0 0 0 0 0 0 0.3026746511459351 0 0.470284104347229 0.4174728095531464 0 0 0 0.1099583730101585 0 3.001873791217804 1.888593479990959 0.39649897813797 1.17483477294445 0.4728482440114021 14.93314017355442 0.6289334446191788 11.64079247415066 1.442233711481094 1.626026697456837 0.09658980369567871 0 0 1.617099761962891 0.7972046136856079 1.899405650794506 0 3.952156916260719 5.831038452684879 0 0.1665573418140411 0.1890019476413727 0 0.2364102378487587 0.2162318229675293 0.3750007823109627 0.1826695650815964 0.6162427067756653 1.833792939782143 0 1.11564414948225 4.210956260561943 32.11170247942209 3.212590336799622 0.10496636480093 0.08628210425376892 0.1701725870370865 0.416102409362793 0 0 0.09041193127632141 1.204871989786625 33.46577689796686 2.523599892854691 0 0 0 10.77218819409609 8.836023926734924 16.91664332151413 3.160331778228283 5.939238414168358 5.075013995170593 1.459126219153404 1.038955330848694 0.263153538107872 0 0 0 0.1375323981046677 0 0.5843464732170105 0 23.6427610963583 11.1852258592844 7.84428508579731 583.3096426650882 30.72762018442154 455.8791045360267 148.5490328893065 128.0555368810892 20.84975799173117 5.222047977149487 103.4802599921823 47.59549935162067 0.7370921075344086 53.70560352504253 5.498102016746998 108.145467504859 8.816859513521194 0.1986574679613113 10.03414633125067 7.691282361745834 0
1948.825970031321 1122.801361486316 23.49394249916077 4098.567655593157 300.9507933929563 492.2708768248558 2550.84777597338 17.51311193406582 39.30791916698217 0 30.71668434143066 2832.740997955203 6107.223744139075 274.1239578723907 9.19842017441988 5.973874293267727 0 0 0.09426259994506836 0 0.2977520525455475 0 0 0 0.1263854801654816 0 0.2041561752557755 0.1628907173871994 0 0 36.56679449230433 1.800066694617271 74.85158197581768 0 0 0 160.9845293611288 0.3101530224084854 0.2568413689732552 0 0.1176343858242035 0.09436655789613724 0 0.1193060278892517 0 0.2793773263692856 12.75047239661217 0.3873324617743492 0.1258204132318497 0 0.2015250846743584 0.1566827744245529 0 0 0.4678345248103142 0.6622096672654152 40.89784777909517 55.75875353068113 13.28312417864799 3.637334793806076 0.1300424337387085 0.1266893446445465 0 10.53263541311026 1.211651340126991 0.8595193549990654 0.2748205438256264 0.3929003700613976 0 0 128.9205655232072 4.842156335711479 0 15.99119064211845 13.18812747299671 22.06282284110785 15.27612621337175 3.102053344249725 0.3535677492618561 7.247007884085178 0 2.324865259230137 1.533382453024387 0.2980739772319794 0.3514424189925194 0.6836121752858162 0.8437654972076416 0 0.2670455798506737 0.150674432516098 0.231848455965519 0 0.11472287774086 0 0.3529303967952728 643.8636307567358 11.03991669416428 1.048022150993347 0 515.5463693737984 0.6027561724185944 0.6052159070968628 2.646286487579346 0 0.6276394575834274 72.36034044623375 1.190218329429626 48.76935207843781 145.2922698408365 3.109610706567764 0.7113478183746338 43.46148739755154 25.66687002778053 65.46873024106026 11.48357577621937 0.5905961841344833 1.79714448004961 0 0 0 0 0 0 0 0 0.09350663423538208 0 0 0 0.1555346101522446 0 0 0 0 1.228576302528381 0.242439016699791 0 0 1.482300728559494 5.831363707780838 0.2580642104148865 4.311790376901627 0.3164191246032715 0.9068970531225204 0 0 0 0.1517441123723984 0 0 0 2.59618167579174 5.041405230760574 0 0 0.1370130330324173 0 0 0 0 0.3557723090052605 2.108072638511658 2.298556536436081 0 0 1.699522137641907 15.26155889034271 0.8426667302846909 1.046938493847847 0.8784149736166 0 0.1294198036193848 0 0 0 0.330020934343338 12.91369305551052 0 0 0 0 6.993683114647865 2.475804194808006 3.023056179285049 3.580189555883408 4.079460933804512 4.137978285551071 2.597987800836563 0.1992060393095016 0.9498776793479919 0 0 0 0.12311090528965 0 0 0 11.66495428979397 4.732813119888306 4.052955932915211 276.0247833505273 4.553518280386925 74.14933453500271 21.32247623801231 1398.813272334635 6.304734893143177 1.100879199802876 19.8012463748455 37.3545168787241 0.08263560384511948 28.15832958370447 3.476271569728851 105.7355176210403 3.855524621903896 0 4.699441373348236 2.430123448371887 0
115.6707093268633 1127.393240340054 2574.742017284036 5.825746528804302 4594.754976980388 7.923365846276283 1442.976168103516 2144.968778587878 7494.841473035514 30.71668434143066 0 31.09630360454321 1192.403107225895 4976.307758145034 21.8913085386157 13.37315346300602 0.195680059492588 0.08933711051940918 0.2081879898905754 0 1.573513954877853 0 0 0 0.9563648849725723 0.2283945530653 0.1122506707906723 0.1964525729417801 0 0 256.0593314543366 66.09104204177856 149.3819860219955 0.4392533153295517 0 0 141.0660127699375 0.260564461350441 1.490122020244598 0.1707839816808701 0.6338474750518799 0.1862552165985107 0.08627085387706757 0.33289435505867 0.415912427008152 0.1636413782835007 33.65311613678932 0.5493242368102074 0.214787945151329 0.2464359626173973 0.2590312957763672 0 0 0 0.75688486546278 1.63489530980587 4.25915415585041 42.14064080268145 4.604618199169636 11.02389918267727 0.7613264471292496 6.622554555535316 0.1599372774362564 34.47736329585314 1.21276169270277 1.489242717623711 0.4873645827174187 0.9410871937870979 1.167276248335838 0.4485660940408707 48.94261059165001 4.626714810729027 0.1927060037851334 15.52944502234459 31.66812909394503 79.21758731454611 65.91577896475792 11.62949918210506 77.29405792802572 761.5386735349894 0.4598469138145447 472.0652710050344 2.914791397750378 0.07996177673339844 1.077965088188648 1.551476024091244 1.545831277966499 0 0.8520015925168991 0 0.6100049242377281 0 0.6603724658489227 0.1003827080130577 0.4363505765795708 213.5766609832644 9.541215807199478 0 0.9640775918960571 38.95402852445841 0.5123435109853745 0 1.247703194618225 0 1.043457865715027 47.96786825358868 0 19.66287405788898 2.405897587537766 2.373986169695854 0 27.37369331717491 19.55211122334003 53.73271621763706 11.66450826823711 0.3470179736614227 0.591588020324707 0 0 0 0 0 0 0.3172677159309387 0 0 0 0 0 0.7434672713279724 0 0 0 0 1.848653495311737 0.2886093258857727 1.105709657073021 1.666359558701515 0 8.518707528710365 0.4244274348020554 5.839897945523262 2.204509288072586 0.1737694591283798 0 0 0 0.9988035559654236 0 0.5735964179039001 0 2.841746985912323 3.796364083886147 0 0 0 0 0.09758184850215912 0 0.4663610607385635 0 0.5505151450634003 6.21181021630764 0.8925046324729919 0.2134716510772705 1.953358590602875 14.26612618565559 3.059833690524101 0.7361681312322617 0.7937099859118462 0 0 0 0 0 0 14.21456579864025 2.623033463954926 0.1178419888019562 0 0.3329694494605064 5.115785598754883 3.107538670301437 11.14928492903709 1.517348051071167 5.926488466560841 1.935616940259933 1.528982818126678 0 0.1479423344135284 0 0 0 0.2660696804523468 0 1.033428452908993 0 14.09508202970028 10.24050699174404 6.41250379383564 247.6451614201069 8.322491765022278 158.8804393708706 44.22787725925446 87.4977154135704 8.48493617027998 0.7090653628110886 32.9065575748682 36.16055013239384 0.1746825873851776 47.74288529902697 3.558750167489052 82.71267110109329 4.737568564713001 0.2436992004513741 3.932998865842819 2.164423294365406 0
415.4001270830631 91.96409963071346 19.68273037672043 1311.065863624215 23.43494867533445 427.4086692035198 316.1864618957043 12.13498654216528 26.64848823845387 2832.740997955203 31.09630360454321 0 1877.324848435819 188.478963971138 52.39409973472357 48.425746999681 0.6489919796586037 1.111016809940338 0.1131866350769997 0.1408047527074814 0.4580216109752655 0 0 0 0.5495786815881729 0.1278581470251083 0 0.5915737897157669 1.883538693189621 0.1131184995174408 7.594676055014133 8.739944405853748 159.9100670069456 0 0.1203622743487358 0 478.3078225553036 0 2.224031664431095 1.070431731641293 0.133814811706543 0.7462083101272583 0.2222349494695663 4.467602446675301 0.5895577296614647 0.4572968780994415 52.56916409730911 1.239850535988808 0.1283382624387741 0.6778799816966057 0.1247313395142555 0 0 0.4565054178237915 0.1010856702923775 1.291430160403252 9.863537341356277 11.9078181385994 3.081964753568172 8.337681405246258 1.635217122733593 2.117416694760323 0 13.02314618974924 0.5160508826375008 0.729065828025341 0.6601777225732803 1.282272517681122 0.5844074711203575 0.1290633827447891 346.9164425581694 38.87520405650139 0.6849901527166367 10.14835608005524 12.51045128703117 80.02918978780508 57.96633706241846 18.76933116465807 0.7440652251243591 113.4974635541439 3.407640472054482 5.196207486093044 1.332008369266987 0.1512030810117722 1.849836654961109 0.9992797449231148 1.50653064250946 0 0.9510258957743645 0.1293215751647949 0.6769108325242996 0.1217964813113213 0.1524918973445892 0 0.676634892821312 2880.556527093053 75.64757478237152 0 1.4433424025774 194.4120466858149 0.9697447270154953 0 5.651665300130844 1.260961472988129 0.3448458760976791 85.46522743999958 1.376909360289574 28.76592491567135 35.12127386033535 2.538852870464325 0.3460006266832352 50.29410821199417 49.65373447537422 104.7152701765299 23.45370230078697 3.642339378595352 2.784069389104843 0 0 0.1499444991350174 0 0 0 0.4202357530593872 0 0 0 0.3526597321033478 0 0.6518810391426086 0.1877690702676773 0 0.2834210693836212 0.1758533716201782 6.371752627193928 1.241031646728516 0 0 1.418354123830795 12.77372528612614 1.159115016460419 14.36606658995152 1.952861376106739 0.3447778448462486 0 0 0.1487061232328415 0 0.6630638241767883 0.5989009886980057 0 2.471283376216888 3.94427977502346 0.5608282685279846 0.1302236169576645 0.4610376358032227 0 0 0 0 0 1.294966161251068 2.516088858246803 0 0.6845243871212006 0.5338354110717773 34.05004328489304 2.005825489759445 0.4317812919616699 1.169808506965637 0.1159677803516388 0.1184760704636574 0.1948139369487762 0.5730872005224228 0 0.1474321633577347 32.00808918476105 1.021557956933975 0 0 0.1019047126173973 7.423966825008392 7.760275453329086 6.811341434717178 3.014339491724968 9.503470838069916 7.016270980238914 0.6574864089488983 1.125611990690231 1.687274739146233 0 0 0 0.3538535535335541 0.2449971884489059 0.1668888330459595 0 33.93212872743607 19.01081193238497 10.0469052568078 444.9409383833408 12.03138242661953 186.749802403152 66.53244324028492 667.3431595563889 8.223739944398403 1.681092455983162 79.79294159263372 39.16196216642857 0.5537426993250847 48.28713630139828 3.440501123666763 107.0790796726942 7.378242090344429 1.703519985079765 10.00730594992638 6.740752726793289 0.9282972514629364
