0 2598.90137258172 921.1317274272442 1341.590963758528 476.211716838181 213.6977864280343 844.8002150729299 140.2974713146687 151.3365009278059 1913.361402109265 303.9069658890367 269.946061372757 832.4162875339389 132.0373986512423 0.4035492837429047 0.3448881357908249 0.1576400101184845 0 0 0.5756524205207825 0 0 0 0 0 0.1603228151798248 0 0.107124462723732 0.124830849468708 0 410.3392704948783 14.52019337564707 46.87565621733665 0 0 3.769547611474991 40.40745103359222 2.256598949432373 14.24420553445816 0.9949423670768738 0 0 0 0.1233702301979065 0 0.183391384780407 18.7202310860157 0.3202399238944054 0.2250347509980202 0 0.1317665129899979 0 0 0 1.673008270561695 3.209071539342403 178.3194622769952 561.6068713665009 17.94759222865105 15.09955359250307 0.7032613903284073 14.88559652864933 0 7.166726320981979 1.62846727669239 0.3470618575811386 0.8931409493088722 0.2011370584368706 0.1232747212052345 0.3286737203598022 39.79125122725964 16.36146329343319 0.2704599499702454 70.27708867192268 26.47706476598978 5.523439593613148 3.458518847823143 0.381621390581131 1.672172099351883 87.93687308579683 0.3014372587203979 25.28103594481945 5.456379786133766 0 0.7627164050936699 2.479596175253391 0.1384113729000092 0 0.3037166222929955 0 0 0 0 0.1664296686649323 0 55.11411228775978 19.71789182722569 1.253569662570953 7.331091165542603 1137.065982721746 0 5.337671279907227 3.93421658873558 1.714940786361694 2.170955061912537 29.96396113932133 3.102047294378281 10.00723770260811 26.40245862305164 11.69591012597084 1.072620823979378 12.49601019173861 12.67887365072966 13.69732730090618 5.406530439853668 0 0 0 0 0 0 0 0 0 0 0 0 0 0 0 0 0 0.1572628021240234 0 1.641094923019409 0 0 0 0 5.325195834040642 0 5.402588576078415 0.8563712239265442 1.116478502750397 0 0 0 0 0 0 0 1.343262135982513 2.024921983480453 0 0 0 0 0 0 0 0 0 0.5305729508399963 0 0 0 10.18177345395088 0 0 0 0 0 0 0 0 0 13.59842474758625 0 0 0 0 3.020226180553436 0.464493453502655 1.812383413314819 0.9945488274097443 2.466242730617523 1.502117872238159 0 1.40207102894783 0.2521213591098785 0 0 0 0.2237329334020615 0 0 0 6.139395341277122 0 4.13924252986908 82.59921274334192 5.822588913142681 67.57332415878773 17.11804065108299 979.0264434069395 26.23867122083902 0.4509076476097107 6.961398482322693 0.9291070848703384 0 7.211822599172592 0.2513868808746338 3.432399243116379 0.5464177131652832 0 0.8602452278137207 1.568254098296165 0
2598.90137258172 0 597.7554724141955 231.7539871782064 3987.586195074022 244.947651900351 3173.806136287749 600.9278826117516 1516.943120591342 756.2687278985977 2778.824798993766 66.84469006955624 1098.407395288348 880.7658050358295 10.42986057698727 4.128633432090282 0.08794716745615005 0.2436661124229431 0 0.2481288611888885 0.09948501735925674 0 0 0.1054288372397423 0 0.3239419534802437 0 0.2753575816750526 0.3184037953615189 0.1155031248927116 712.5919101238251 17.94301255047321 13.20194631069899 0 0.1288390755653381 1.510241143405437 9.07593809813261 0.6206454932689667 2.808813653886318 0.5710657387971878 0 0.4830291196703911 0.1274177134037018 0.3575596958398819 0.0968223512172699 0.5915907695889473 97.17503283172846 4.099511630833149 0.6730948090553284 0 0.5443644598126411 0.1087052896618843 0 0.08064445853233337 3.6246317923069 8.435374177992344 31.31931436061859 361.5922284945846 21.37316007167101 34.47465199232101 2.887952126562595 4.403260082006454 0 73.4990298897028 5.932293839752674 2.167477436363697 3.061660826206207 0.9426367431879044 0.472035214304924 0 24.51782896369696 24.58580256253481 0 97.07515814900398 69.07251970469952 22.14034857600927 51.91791949421167 2.159567460417747 4.073399752378464 122.3342197090387 1.378078103065491 7.749668307602406 11.40669872611761 0.183503121137619 2.825714081525803 4.339790664613247 2.372396737337112 0 0.242803543806076 0 0.3036064952611923 0 0.391777403652668 0.1987629979848862 0.5117003321647644 164.7339844629169 7.854712978005409 0 0.6376938223838806 671.2706360220909 0.5713688135147095 0.7879549562931061 12.80913436412811 10.18291959166527 6.396973378956318 91.87938284873962 12.68697494268417 41.66674513369799 22.53392370045185 41.73743902146816 6.602684617042542 72.07195135205984 52.63279144465923 23.17931406199932 7.023902297019958 0 0 0 0 0 0 0 0 0 0 0 0 0 0 0.08410336822271347 0 0 0 0 1.620335042476654 0.8460010290145874 0 0 0 3.532143652439117 0 2.004055812954903 2.807415910065174 0.1309312134981155 0 0 0 0.2859545350074768 0.2488077282905579 0 0 1.072119861841202 3.423314645886421 0.2343001514673233 0 0 0 0 0 0 0.1140851452946663 0 1.755039870738983 0 0 0.1601022183895111 7.008741095662117 0.9870856404304504 0 0 0 0 0 0 0.1279098838567734 0.3582866489887238 9.080937713384628 0.5216495394706726 0 0 0.2168485298752785 1.718379646539688 1.140392065048218 3.924266755580902 2.047820150852203 1.346344500780106 2.970958203077316 0.490326464176178 0.7208217233419418 0 0 0 0 0 0 0 0 18.71909564733505 1.132382109761238 4.689122140407562 150.3369306623936 33.11401060968637 247.0160025283694 55.75901467353106 573.6753036379814 68.37679719924927 2.54487781226635 28.34546575695276 5.056727640330791 0.8419755175709724 5.659894391894341 0.7447763085365295 4.906460627913475 1.177065163850784 0.1313454806804657 1.142100185155869 166.1828034520149 16.30267594754696
921.1317274272442 597.7554724141955 0 8.444671124219894 166.0432726666331 29.6110238134861 78.434381313622 3625.68234269321 163.8413515836 27.3095536082983 2574.844626583159 10.53109383583069 73.71975101530552 311.179575510323 8.678555391728878 8.263874523341656 2.000408113002777 1.925525158643723 0.32022725045681 3.365852326154709 7.334082081913948 0.1920845210552216 0.2534381076693535 0 0 1.800399914383888 0 6.521798744797707 0.7812350615859032 0 3375.353479973972 684.8473093137145 24.7308152243495 0.9325062707066536 0.1126175224781036 0.1556084603071213 22.5543585345149 2.041551940143108 2.908661425113678 0.3217580541968346 3.671774327754974 11.96283157169819 7.8976706340909 7.468659572303295 2.339666210114956 0.7665669247508049 64.99756152927876 2.664369948208332 1.620988674461842 7.237843595445156 7.814384236931801 1.048347465693951 0 8.68968840688467 2.721294820308685 5.31222028285265 32.7665660828352 548.2550755217671 18.04960257560015 31.20809223502874 68.17254950106144 7.274917908012867 0 433.1593337208033 2.482393629848957 2.179012596607208 3.146463319659233 7.110219985246658 26.84468983858824 28.50078707933426 44.76969867199659 16.66978274285793 1.324840746819973 75.94274598360062 79.41288919746876 19.59145587682724 85.96309781074524 17.96337200701237 452.6527802199125 1327.727900549769 41.62527313828468 618.127819955349 8.190891779959202 0.1415466964244843 1.21675992757082 2.445900142192841 10.79768228530884 0 0.6975691616535187 0.2070764303207397 0.7102519646286964 0.8743900507688522 10.71008048951626 4.43090583384037 4.746518939733505 41.38015554100275 7.102873578667641 0 4.395994782447815 714.9602582529187 0 0 5.492800205945969 0 4.307559788227081 13.39858585596085 1.982261121273041 13.6677710711956 0.2463031858205795 11.62820583581924 2.405776992440224 28.39919533580542 17.2607407271862 13.59909576922655 5.21150466054678 0.926249623298645 0 0 0 0 0 0 0 0 0 1.030893638730049 0 0 0.3972355425357819 0 0.2475158721208572 0 0.4719291627407074 0 1.465414226055145 0.2563108801841736 0 0 0 3.563403472304344 0 1.491700880229473 1.141352169215679 0 0.6468961983919144 0.6813975274562836 0 0 0 0 0 0.09714655578136444 4.212597042322159 0 0.1393837332725525 0.3503198102116585 0 1.570503823459148 0 0.645989716053009 0.2391229569911957 0 0.6886041164398193 0 0 0 11.29543352127075 1.479572787880898 0 0 0 0.1542218625545502 0.128066748380661 0 0.1103595271706581 0.6033824607729912 16.972751095891 1.58106854557991 0 0.4110455960035324 0.3300407528877258 3.629359796643257 0 3.361951857805252 0 0.9683546423912048 2.04197470843792 3.154707491397858 0 0 0 0 0 0.09323997795581818 0 0.1527349054813385 0 7.731141924858093 1.118602991104126 1.503285318613052 75.73251335322857 28.66771866381168 114.0483210682869 23.44253172725439 254.8727135881782 37.87875787913799 0.7997817918658257 15.07232844084501 7.177628487348557 0.3141737729310989 3.465959459543228 0.1895656436681747 4.878028437495232 0 0 0.4187673926353455 1.007780194282532 0
1341.590963758528 231.7539871782064 8.444671124219894 0 3.667958028614521 204.5340921282768 613.2389938682318 0.1532800495624542 46.88509676605463 673.2794711366296 0 502.1725160777569 1469.892324402928 21.17675575613976 0 0 0.1215683668851852 0 0 0 0.1176301166415215 0 0 0 0 0 0 0 0 0 55.32305516302586 0.7804628610610962 1.096747070550919 0 0 0 2.390056684613228 0 0.4090170860290527 0 0 0 0 0 0 0.105134941637516 4.72783749550581 0.1312740743160248 0.1291525959968567 0 0 0 0 0 0.8126590624451637 0.9294982478022575 5.854575611650944 34.70682621002197 2.615905284881592 1.976603992283344 0 0 0 4.763355500996113 0.6103676185011864 0.2985998392105103 0.5511824861168861 0 0 0 0.4358889758586884 0.3941297829151154 0 8.771173276007175 4.671047046780586 0.7786851599812508 3.390424981713295 0.1425507068634033 0.1141084656119347 0.1299908012151718 0 0.4402328580617905 0.1861184388399124 0 0 0.3672445714473724 0.1202435791492462 0 0.1030363067984581 0 0 0 0 0 0 115.0127520859241 0 0 0 94.06785194575787 0 0.7393703460693359 5.528882935643196 5.469513773918152 0.6908219158649445 48.22682102024555 3.842745691537857 6.533814966678619 7.970643997192383 18.84701354801655 2.046219542622566 10.70600745081902 5.720322459936142 2.312094807624817 0 0 0 0 0 0 0 0 0 0 0 0 0 0 0 0 0 0 0 0 0.1492006629705429 0 0 0 0 0 0 1.290001213550568 0 0 0 0 0 0 0 0 0 0 0 0 0 0 0 0 0 0 0 0 0 0 0 0 0 0 0 0 0 0 0 0 0 0 0 0 0 0 0 0 0 0.2710110247135162 0 0 0 0 0 0 0 0 0 0 0.5806928873062134 0 0 2.216539725661278 0.5059752613306046 0 11.61824609339237 1.571054324507713 17.17913454025984 3.367006406188011 257.1413248702884 6.149299077689648 0 0.8053851947188377 0 0.4297021925449371 0 0 6.650781810283661 0 0 0 0 0
476.211716838181 3987.586195074022 166.0432726666331 3.667958028614521 0 33.49738530814648 1554.558034136891 111.9172592908144 6234.708142109215 304.1930188313127 1086.867838717997 29.04923450946808 395.7202719077468 1061.820878274739 31.5164545327425 10.07154472917318 1.244848482310772 0.5502737313508987 0.310460276901722 0.8261182382702827 0.2037403285503387 0 0 0 0.339336596429348 0.5475234836339951 0.09111433476209641 0.4608245268464088 0.8967222422361374 0.230826161801815 339.375600643456 19.91802805662155 7.932996183633804 0 0 0.6565118283033371 10.81575880199671 0.5010232180356979 0.3523203283548355 0.726439543068409 0 1.045295380055904 0 0.4744051471352577 0.5833501592278481 0.3224064782261848 163.0187383443117 5.413055934011936 0.6048949062824249 0.3699030503630638 0.9023963063955307 0.8324018865823746 0 0.6084455475211143 3.851289868354797 9.191600248217583 16.91766043007374 117.3568447306752 24.53122543543577 49.95194612443447 1.629440866410732 1.853382885456085 0.08480719476938248 81.35319730639458 7.631626158952713 4.861540630459785 5.37503594905138 1.778540052473545 0 0 27.19375652074814 49.1438096165657 0.1831440478563309 79.02288484573364 65.24484574049711 56.5224502235651 103.8729088678956 4.789879851043224 0.7889911904931068 30.99614538997412 0.7785313725471497 6.149164855480194 16.68444737792015 0.847165659070015 2.29417061060667 7.834654055535793 2.918775141239166 0 0.4174536019563675 0 0.187066838145256 0 0.2048790603876114 0.4706869721412659 1.223285436630249 189.8195682987571 4.90140289068222 0 1.094080686569214 112.8986216410995 0.7486140578985214 1.531483635306358 23.13615199923515 10.7528380304575 12.22687962651253 143.1005731597543 11.97142092883587 102.2864404991269 19.68138407915831 78.96766875684261 23.27314694225788 194.2183954566717 118.7206686064601 62.76938357204199 22.1224485039711 1.188033506274223 0.1387233585119247 0 0 0 0 0 0 0 0 0 0 0 0 0 0.2694469317793846 0 0 0 6.63406240940094 0.6179313659667969 0 0 0 2.348732233047485 0 1.194751545786858 0.3728007674217224 0 0.2920014560222626 0 0 0.2049494981765747 0 0 0 4.91411504894495 6.00460060685873 0 0 0 0 0.1002917364239693 0.1236418560147285 0.1717043370008469 0 0 2.982761532068253 0 0 0 7.824993446469307 3.544123530387878 0 0 0.2687474340200424 0.1817869693040848 0 0.1026603728532791 0 0.1763943284749985 21.90958118438721 1.076790079474449 0 0 0.2720244377851486 3.744641482830048 0 2.917564511299133 3.387712955474854 3.473774999380112 4.306558363139629 2.795471608638763 2.691152125597 0 0 0 0 0 0 0 0 48.57994695007801 8.338518559932709 0.8625199347734451 197.5194407701492 68.89851351827383 391.5139895379543 106.7481096610427 211.4439912810922 104.7158872559667 3.105050407350063 67.72345022857189 7.373154625296593 0.6230553165078163 10.03544416278601 0.592566192150116 6.430095106363297 1.274636596441269 0.08746431022882462 0.5779648870229721 1.855195105075836 0
213.6977864280343 244.947651900351 29.6110238134861 204.5340921282768 33.49738530814648 0 183.9672450274229 0.375618502497673 65.8629097789526 589.6077490597963 10.78655777871609 306.1847710758448 385.609581425786 98.11777336895466 0 0.1911173909902573 0 0 0 0 0 1.176043435931206 0 0 0 0.2292694449424744 0 0 0 0 72.54065059125423 0.5767458975315094 5.737414181232452 0 0 1.378904581069946 6.329555600881577 0 0.4449543952941895 0 0 0 0 0 0 0 4.369985818862915 0.1324773728847504 0 0 0 2.721450001001358 0 0 0.3995230719447136 0.3737515434622765 228.0502713918686 65.58524571359158 4.405714526772499 2.594407141208649 0 0.6922959387302399 0 2.742450460791588 0 0.2174796015024185 0.4071040004491806 0.1523869633674622 0.1127830818295479 0 48.3530614823103 340.4672619104385 6.611358135938644 5.746107883751392 2.490924283862114 0.6085468828678131 1.228073485195637 0.2707467377185822 0.2546073198318481 15.7296334207058 0 2.414385110139847 0.5942572876811028 1.317748717963696 0.2030202299356461 0.1877939403057098 0.2409736663103104 5.843557074666023 0.7945963740348816 4.035267263650894 0.5036798119544983 0 0 0.3398393094539642 0 340.4823222160339 174.4498031288385 43.79209734499454 6.119653210043907 1361.030157163739 0 0 3.378484904766083 4.109864115715027 0 10.73900507390499 8.118894577026367 2.215523898601532 2.821192800998688 18.48458433151245 0.1768570393323898 9.082556262612343 4.381597429513931 0.2623140215873718 0.6435940861701965 0 0 0 0 0 0 0 0 0 0 0 0 0 0 0 0 0 0 0 1.219302177429199 0 0 0 0 0 0 0 0 0 0 0 0 0 0 0 0 0 0.3150880336761475 0 0 0 0 0 0 0 0 0 0 0 0 0 1.092104405164719 0 0 0 0 0 0 0 0 0 0.7679865956306458 0.4840308427810669 0 0 0 0.246509462594986 0 0 0 0 0 0 0.4924311339855194 0 0 0 0 0 0 0 0 2.794124633073807 0 0.6354423761367798 6.682862870395184 0.9930999800562859 7.002403452992439 1.650270514190197 296.048220038414 5.539056308567524 0 1.886162094771862 0.2824656367301941 0 1.081208229064941 0 0 0 0 0 0 0
844.8002150729299 3173.806136287749 78.434381313622 613.2389938682318 1554.558034136891 183.9672450274229 0 2.584106378257275 1095.515078127384 2488.987644270062 56.88494902849197 127.851900100708 3164.027026876807 574.6511097401381 16.22651124745607 5.340064063668251 0.3473285436630249 0.3250620290637016 0 1.103269331157207 0.1664757579565048 0 0 0 0.1679904460906982 0.2481536045670509 0 0 0.4389210119843483 0 247.0439349338412 18.08981651067734 6.525144137442112 0 0 0.4816969782114029 6.721784569323063 0.3726421967148781 0 0.4298640489578247 0 1.072982512414455 0 0.0781845897436142 0 0.2012893036007881 109.4670438095927 3.452000707387924 0.7436713799834251 0.1502414345741272 0.6621194705367088 0.4717946797609329 0 0.7087828814983368 3.133339665830135 7.957743756473064 14.14562034606934 121.545900143683 21.76713961362839 38.04193318635225 1.067457795143127 0.8870557695627213 0.1953968331217766 72.00053599476814 5.306700728833675 2.334089212119579 3.256701849400997 0.8418325111269951 0.1960465982556343 0 19.754314661026 23.19245174527168 0.2074296176433563 62.67057132720947 54.81237471103668 33.53114378452301 63.03630302101374 3.711323782801628 0.2679729238152504 10.25494609773159 0.1156967133283615 5.631615273654461 11.9105820953846 0.1538405567407608 1.864184662699699 5.909993454813957 2.966522544622421 0 0.4277094602584839 0 0.5835180878639221 0.1029321327805519 0 0.1703286319971085 0.358490526676178 282.6139792650938 4.596362426877022 0 1.213173761963844 161.8916477933526 0 2.346941143274307 30.19013810157776 21.23610734939575 11.86035642772913 128.1524509936571 16.94445346295834 75.68406058847904 25.85917113721371 109.3345747590065 21.28690123558044 162.6136918514967 107.7683560848236 47.70417822897434 17.75942584127188 0.4196120500564575 0.1267376095056534 0 0 0 0 0 0 0 0 0 0 0 0 0 0 0 0 0 9.192331112921238 0.8208854198455811 0 0 0 2.29689572006464 0 1.570295073091984 0.4427735507488251 0.8262650519609451 0 0.1473546922206879 0.1182953044772148 0 0.404197484254837 0 0 1.028932988643646 8.007839716970921 0.2639267891645432 0.1558810621500015 0 0 0 0 0.7901142686605453 0 0 2.139735892415047 0.166670486330986 0 0 4.235823340713978 1.222064629197121 0.4237502962350845 0 0.2795241326093674 0 0 0.3331090807914734 0 0 14.30164642632008 0.5938243418931961 0 0 0 2.265957430005074 0 1.441337510943413 1.001262366771698 2.524621218442917 4.101420931518078 5.656424358487129 1.446694374084473 0.3337429165840149 0 0 0 0 0.1100435629487038 0 0 40.06960055232048 3.972242578864098 1.321822941303253 133.4663390889764 44.04906371235847 254.92853936553 69.31537276506424 339.0288681462407 85.65506206452847 2.295245818793774 43.73869677633047 6.224565140902996 0.5778735354542732 6.680744364857674 0.9041754156351089 8.57244710624218 0.3949229717254639 0 0.2452224493026733 0.1487153619527817 0
140.2974713146687 600.9278826117516 3625.68234269321 0.1532800495624542 111.9172592908144 0.375618502497673 2.584106378257275 0 179.878764487803 1.003809250891209 1390.944242231548 3.11252149939537 29.34652025997639 148.3935506790876 62.8209805265069 38.88364819437265 6.314002685248852 3.390696927905083 1.916069768369198 7.498344801366329 14.43228451907635 0.3278697431087494 0 0 0.08823619782924652 3.008762195706367 0.2254186421632767 5.121797487139702 0.4842550307512283 0 779.5644325166941 1358.237799569964 28.99820680171251 0.4366965964436531 0.3018342107534409 6.527364239096642 16.80773460865021 2.765726163983345 0.98907420784235 0.4395469725131989 4.482080943882465 11.71631444245577 5.68359749764204 10.0858453810215 3.385263837873936 3.85838421434164 148.7100520953536 4.119664445519447 1.613284304738045 5.137731283903122 9.377149142324924 1.346037395298481 0 8.227603942155838 1.851575173437595 4.14091707020998 8.268803104758263 94.00965987890959 10.43081536144018 26.96384540200233 81.52649216353893 9.550110660493374 0.2046113461256027 293.5181509107351 2.268899396061897 2.623712487518787 3.34173858910799 7.218669332563877 24.57954599708319 25.9330675676465 16.54835382848978 20.68732191622257 0.6919156834483147 43.35694621503353 41.06625238060951 51.94486935436726 212.7126908153296 86.26370072364807 701.1589013412595 942.2694380804896 94.83473978191614 1286.937673531473 9.035457603633404 0.208911657333374 1.287048161029816 2.892012663185596 9.485578842461109 0 0.3760504946112633 0.9718531966209412 1.043879546225071 0.5443964302539825 10.61783416569233 5.128651849925518 4.778326526284218 30.41757069528103 7.314781963825226 0 3.832196354866028 66.64312163740396 0 0.7531493902206421 2.084942266345024 0.306042343378067 1.695352762937546 17.58684501051903 0.5288222432136536 17.79107312858105 3.881905034184456 11.17956292629242 2.359429955482483 28.82853213697672 24.30251815915108 15.84777915477753 9.833864137530327 0 0.6320931911468506 0 0 0 0 0 0 0 0 0.6467868387699127 0 0 0 0 0.8869747072458267 0 0.5913569629192352 0 3.056775271892548 0.519186794757843 0 0 0 4.392795242369175 0 2.661158010363579 1.042905703186989 0 0.8528892621397972 0.7334946244955063 0.2581624984741211 0.1680125296115875 0.3588835000991821 0 0 1.159068495035172 3.531248331069946 0 0.1075343638658524 1.008598864078522 0 1.444523081183434 0 0.6264188289642334 0 0 1.404312998056412 0 0 0.1619390696287155 6.478812158107758 1.407746911048889 0.430142730474472 0 0 0.1164046227931976 0 0.3764893785119057 0.1055702120065689 1.030396550893784 9.157824493944645 0.5490961670875549 0 0.1985825151205063 0.2311885356903076 4.46070808172226 0 2.407666966319084 0.7716522812843323 1.747439004480839 5.253970697522163 0.9364934265613556 0.6018858999013901 0 0 0 0 0.488943450152874 0.2302213609218597 0 0 7.006006062030792 4.607719823718071 4.871365010738373 185.3964294567704 33.58410106599331 293.5590406879783 76.89100425690413 67.76971667259932 47.9291740655899 1.072288632392883 53.97457883507013 7.941917434334755 0.4200660660862923 9.187886215746403 0.1385906189680099 0.8732504993677139 0 0 0.6570401191711426 0.5363307446241379 1.204159155488014
151.3365009278059 1516.943120591342 163.8413515836 46.88509676605463 6234.708142109215 65.8629097789526 1095.515078127384 179.878764487803 0 775.9211436212063 2128.240470014513 95.8436082676053 1429.223827809095 2298.150450706482 43.44347397983074 14.63272684812546 0.573868416249752 0.4026782065629959 0.2437443733215332 0.3415118232369423 0.322920635342598 0 0 0 0 0.1170197203755379 0 0.5208775103092194 0.9084672555327415 0 157.9304476603866 13.65609759092331 10.17908588051796 0.09964775294065475 0 0.4312760829925537 15.65651798993349 0.5852007195353508 0.7731466442346573 0.2805129885673523 0 0.18312768638134 0.0772910863161087 0.785102054476738 0.2277718111872673 0.2329922765493393 142.1802621781826 2.973452463746071 0.4410985857248306 0.1020486354827881 0.5396684557199478 0.2884045094251633 0 0.3866178914904594 3.499867610633373 5.116907276213169 10.4920379370451 62.35489876568317 14.84960063546896 27.1891246214509 1.11722607165575 1.953018099069595 0.09727020561695099 48.02130179852247 5.353238895535469 2.41975911706686 3.233829610049725 0.8056524246931076 0.1051196455955505 0 39.33915754407644 112.3763246163726 0.2055923193693161 48.79684077948332 31.4206228852272 37.52970594167709 82.01858621090651 7.478477999567986 0.7073241844773293 71.10869589447975 0.2932104617357254 2.787080958485603 10.42478091269732 0.0956297293305397 2.625936552882195 4.674193799495697 1.977376498281956 0.1233571991324425 0.08802926540374756 0 0.6670451611280441 0.4819518253207207 0.363632395863533 0.2160577550530434 0.4170664772391319 560.7856162935495 13.77041406929493 0 0.6694297194480896 50.9560229331255 2.381440818309784 4.333759859204292 57.2275124117732 22.94468624889851 23.64515592902899 278.0491716936231 33.0285907164216 202.51757119596 46.08002258837223 149.1886497139931 38.31557165831327 395.3656011745334 272.1985951513052 127.0184572786093 31.07266500592232 0.5598726123571396 0.3301496058702469 0 0 0.1017361432313919 0 0 0 0 0 0 0 0 0 0 0 0 0 0 15.77652417868376 0.4952535927295685 0 0 0 4.401610337197781 0 1.325831189751625 0 0.12750244140625 0 0 0 0 0.6635040789842606 0 0 2.829683303833008 17.89565033465624 0.1547615975141525 0 0 0 0.08511509001255035 0 0.9088989943265915 0 1.194944322109222 4.25607667863369 0 0 0 15.63221771270037 3.59776072204113 0.4194939285516739 0.1097197979688644 0 0.141329899430275 0.09662453830242157 0 0.1251036524772644 0 35.60347086936235 3.663686648011208 0 0.4812751412391663 0 7.021202027797699 0 3.200831457972527 6.018171533942223 6.062229707837105 8.050326779484749 8.648482620716095 1.935963362455368 0.2715869173407555 0 0 0 0.2261157855391502 0 0 0 93.58729435503483 10.28494840860367 1.653347536921501 302.8318447396159 51.44462601095438 379.6322791576385 112.2574547752738 140.1969284415245 82.94191097468138 2.481316447257996 96.88281760364771 11.25095221400261 0.9247105866670609 14.85268147289753 0.5842412710189819 13.96399962902069 0.3618700504302979 0 3.083140805363655 1.860380887985229 0
1913.361402109265 756.2687278985977 27.3095536082983 673.2794711366296 304.1930188313127 589.6077490597963 2488.987644270062 1.003809250891209 775.9211436212063 0 35.70730397105217 1670.124378919601 10055.31559808552 595.9746683239937 0.7990787550806999 1.251655712723732 0.1307783871889114 0 0 0.2189129739999771 0 0 0.1000858396291733 0 0 0.2763549834489822 0 0 0.1357288062572479 0 75.51883088797331 1.058787286281586 1.322891160845757 0.3451301753520966 0 0 15.22519969940186 0 0.3259320557117462 0 0 0 0 0 0 0 12.43583700060844 0.2654110938310623 0 0 0.1171471327543259 0.3951786458492279 0 0.1270408034324646 0.8548298478126526 0.8340343907475471 15.2202236354351 46.60886487364769 4.059041231870651 3.706806369125843 0.3314453065395355 0.1028562113642693 0 7.158285975456238 0.4227967336773872 0.1818673759698868 0.2864612340927124 0.1027906388044357 0.1126899123191833 0 6.091823562979698 29.93671111762524 0.3346450924873352 15.39790143817663 6.67168041318655 2.203960105776787 3.981425411999226 0.8166651725769043 0.3072235882282257 16.31857480108738 0 0 1.94884105026722 0 0.09151604026556015 0.1549192741513252 0.1291925460100174 0.2648239135742188 0 0.4734600633382797 0.3136539831757545 0 0 0 0 891.9950654804707 17.17743387818336 1.978827506303787 0.6950307935476303 348.1367184594274 2.974461495876312 7.339652672410011 41.34168954193592 31.72694915533066 7.332107216119766 206.5124732628465 50.04073990881443 85.36356277763844 74.78673176467419 150.7306503355503 8.668534234166145 163.9820894300938 127.3842990100384 36.51155698299408 4.349549844861031 0.5649682730436325 0.2032548785209656 0 0 0 0 0 0 0 0 0 0 0 0 0 0 0 0 0 9.825212746858597 0.1120745092630386 0 0 0 0.9926567077636719 0 0.09099464118480682 0.2790002524852753 0 0 0 0 0 0 0 0 1.585430920124054 1.496379181742668 0.2747502326965332 0 0 0 0 0 0 0 0 0.1294978410005569 0 0 0 3.258116647601128 0 0 0 0 0.3007004857063293 0 0 0 0 6.88529859483242 1.249224662780762 0 0 0 1.271199882030487 0 0.8129886984825134 1.217090502381325 3.266789734363556 2.701060608029366 1.517855644226074 3.14368799328804 0 0 0 0 0 0 0 0 70.72183352708817 1.020716220140457 0 22.5648155361414 2.537803001701832 24.46427811682224 5.89396670460701 540.3857114911079 7.23798568546772 0 5.711068630218506 3.763938330113888 0 4.099885992705822 0 31.01408033818007 0 0 1.250098615884781 0 0
303.9069658890367 2778.824798993766 2574.844626583159 0 1086.867838717997 10.78655777871609 56.88494902849197 1390.944242231548 2128.240470014513 35.70730397105217 0 30.47251658886671 710.9654727205634 6182.891295336187 166.6906226351857 81.94948787242174 6.838742338120937 2.036829680204391 0.5858829393982887 3.047141760587692 7.316054552793503 0.5817537903785706 0 0 0.4340787306427956 3.531156741082668 0.9343449622392654 3.088111914694309 0.9873464852571487 0 722.7580120116472 166.9322222396731 155.214163556695 0.4958236664533615 0 3.006143346428871 77.23892542719841 5.260640934109688 1.53759740293026 4.753385722637177 1.132524497807026 11.84163255989552 1.778302788734436 14.60197198390961 0.3921260982751846 1.214733473956585 353.978493720293 7.550572395324707 0.5430412888526917 3.715193636715412 5.286958307027817 0.7820527404546738 0 4.346958950161934 4.383715495467186 11.39475670456886 12.90496128797531 105.178492307663 24.28329522907734 56.03561636805534 12.45408076047897 22.79649495333433 0.1157287284731865 195.457698173821 7.823588363826275 4.376462489366531 7.0771449431777 3.342167675495148 12.62231110036373 26.29335325956345 69.57390868663788 94.81473517417908 0 80.52408776432276 81.10264251381159 109.4502187222242 299.2791746482253 72.49412424117327 109.4637356847525 1305.960577644408 5.102096192538738 132.6285277977586 17.96173657476902 0.5273375883698463 2.728995375335217 9.421136543154716 6.378931283950806 0.4935646951198578 0.7414414286613464 0.132555216550827 1.876429803669453 0.7257174551486969 15.42875076830387 3.526459358632565 2.438094511628151 282.9001939147711 29.74441215395927 0 1.983620762825012 95.82673598080873 0.4138055741786957 0.7010869681835175 17.87775436043739 6.656347900629044 8.362002432346344 116.5224547535181 8.358707845211029 77.92417642474174 13.86017663776875 66.29974263906479 16.36857828497887 161.0949779003859 118.3125016540289 61.90127536654472 14.90517365932465 0.2627029418945312 0.2936490476131439 0 0 0 0 0 0 0 0 0.4485570788383484 0 0 0 0 0.5288859978318214 0 0.2930408418178558 0 6.491498365998268 0.2296255230903625 0 0 0 7.068373456597328 0 2.249462127685547 1.511345356702805 0 0 0.926794059574604 0.2609921470284462 0.2409678995609283 0.1299171149730682 0 0.1827107220888138 2.107344776391983 10.59299363195896 0.3687476515769958 0.2590286731719971 0.1108044534921646 0.363633319735527 0.7544818818569183 0.1634367257356644 1.267561584711075 0 0 1.831848755478859 0 0 0 12.66104304790497 3.785959780216217 0 0.4793952256441116 0.1078020632266998 0 0.09778331220149994 0.2902803495526314 0 0.6043602377176285 20.33162553608418 1.070597395300865 0.5243715569376945 0.705604150891304 0.4011931791901588 4.959616377949715 0 2.171283632516861 3.140373140573502 5.055683970451355 3.400026261806488 4.630036652088165 2.142907172441483 0.2859101444482803 0 0 0 0.2739810794591904 0.113883949816227 0 0.2153085470199585 47.30595330893993 5.295129418373108 4.1971415579319 623.7589424699545 115.1646616607904 770.5849943906069 239.0018199458718 189.3910430520773 159.4295129328966 3.490396402776241 242.2966195568442 8.414561100304127 0.7553962767124176 11.69240301847458 1.092640906572342 5.800256982445717 0 0.1018820554018021 1.940505772829056 6.865220166742802 0.524607852101326
269.946061372757 66.84469006955624 10.53109383583069 502.1725160777569 29.04923450946808 306.1847710758448 127.851900100708 3.11252149939537 95.8436082676053 1670.124378919601 30.47251658886671 0 1826.882100194693 252.0425048395991 20.88744910806417 22.29622044414282 2.822149187326431 0.1703229695558548 0 0.9270377457141876 0.8012830317020416 0 0.1254107356071472 0 0 0.2923634350299835 0.1098989620804787 0.4341550841927528 0.178615614771843 0 15.91665479540825 8.209856748580933 27.09883561730385 0 0 0.276519238948822 97.02525157481432 0.2489572018384933 2.914283961057663 0 0 0.7646342515945435 0 6.464778184890747 0.5400295257568359 0.5235991701483727 24.79848380386829 0.9600675851106644 0 0 0.1141041070222855 0.3200455605983734 0 0.4852793738245964 0.6261297762393951 0.7292707785964012 2.160123564302921 18.63741044700146 2.647943712770939 3.053398571908474 1.839654579758644 0.8529381901025772 0.1197883486747742 21.83065186440945 0.2917006015777588 0 0.2733648493885994 0.5460905134677887 0.1245488151907921 0.1456408947706223 66.52725990116596 180.5574398338795 0 7.890035219490528 7.292285785079002 6.493143506348133 23.85520151257515 15.7430078163743 2.391001515090466 140.31020835042 0.94221381098032 4.57657403498888 1.098304979503155 0 0 0.1472294554114342 0.6951719969511032 0 0 0.4443014860153198 0.2071980237960815 0.1525934040546417 0.2757771015167236 0.1760843545198441 0.1138497367501259 2259.66919913888 142.9143149554729 0.6677843928337097 0.3852552473545074 43.63727650046349 0.5238209366798401 1.654971659183502 19.13963089883327 9.223318889737129 9.185971446335316 99.37115435302258 17.90949630737305 75.59174045920372 15.27139808237553 90.10600431263447 11.89063659310341 140.3013364970684 124.212121039629 52.00744138658047 14.08286584913731 0 0 0 0 0 0 0 0 0 0 0 0 0 0 0 0 0 0 0 5.522144883871078 1.154377356171608 0 0 0 2.902357138693333 0 1.811883553862572 0.1248118579387665 0 0.1487928926944733 0.2308115810155869 0 0 0.2083764970302582 0 0 1.429664313793182 5.131875686347485 0.3607815504074097 0 0 0 0.09797702729701996 0.5412011072039604 1.008529558777809 0.1121246367692947 0.3064664006233215 0.9142869710922241 0 0 0 4.577478617429733 3.473774388432503 0.3031042516231537 0.1142858937382698 0 0.6104972958564758 0 0 0 0 18.66034261882305 3.683488488197327 0 0 0 4.834338441491127 0 1.485667139291763 2.929761111736298 6.615191131830215 3.708844542503357 1.514821797609329 1.6068250015378 0.1373453438282013 0 0 0 0.1254051178693771 0 0 0 66.56405553221703 8.157298639416695 0.8035972863435745 77.47165505588055 6.661472372710705 63.25298349559307 20.14601751416922 147.9811423420906 11.68386912345886 0.3281324207782745 32.57213488966227 3.7498794272542 0.2399961352348328 7.66796650737524 0.2202887535095215 5.409887969493866 0 0 1.045077815651894 1.615255787968636 0
832.4162875339389 1098.407395288348 73.71975101530552 1469.892324402928 395.7202719077468 385.609581425786 3164.027026876807 29.34652025997639 1429.223827809095 10055.31559808552 710.9654727205634 1826.882100194693 0 528.6244227662683 95.37923546135426 59.78963592648506 6.990109808743 0.3655135110020638 0.2210328355431557 0.7092498019337654 1.376974031329155 0 0 0.1367905288934708 0.608230821788311 0.3009112477302551 0 0.265383169054985 0 0.09804567694664001 96.98298928886652 29.43726636469364 106.4551208913326 0.2163884118199348 0 0.5097064822912216 65.86431736499071 0.09407293796539307 4.835900083184242 0.9670765101909637 0.1755700707435608 1.726898886263371 0.1475847810506821 14.19044973701239 0.2282091826200485 0.5379354283213615 120.336351968348 3.255005232989788 0.2817215621471405 0.2652859538793564 1.084974274039268 0.9296040311455727 0 0.8310340791940689 2.436004348099232 3.228348888456821 8.236768931150436 42.95792222768068 10.77563191205263 19.30703689903021 2.669455707073212 3.575472071766853 0.08301927149295807 72.57939207553864 2.117709130048752 1.562668800354004 2.405628196895123 1.191277831792831 3.40169046074152 4.877439565956593 190.0004219189286 212.9849757999182 0.3050895631313324 31.56636248528957 28.94547083228827 34.00609051436186 112.6945423781872 55.04233983904123 6.940044723451138 204.8101901039481 0.6470657289028168 13.22600100189447 5.667345628142357 0.2443180531263351 0.5492424368858337 2.342998825013638 1.746287018060684 0 0.5168753117322922 0.3491606116294861 0.4870239794254303 0.1765191555023193 1.650423720479012 0.1953608393669128 1.560906529426575 3568.032624438405 74.49963684380054 2.108670115470886 2.157102778553963 100.9442544206977 2.409951418638229 7.205912739038467 84.82238700985909 50.17325730621815 28.52355886250734 428.1853467598557 54.30262495577335 280.3389273956418 68.1524633616209 284.6428193897009 60.70402204990387 588.1024762839079 417.7139452472329 159.8188438937068 35.72936118394136 0.9383290037512779 0.4610259532928467 0 0 0 0 0 0 0 0 0.1329632699489594 0 0 0 0 0 0 0.1652890145778656 0 15.94938710331917 0.8654043674468994 0 0 0 8.634169481694698 0 3.636245630681515 1.139681458473206 0.2240557670593262 0 0 0 0 0 0 0 4.682458132505417 19.34932794421911 0.7890085279941559 0.6569235771894455 0.2461706027388573 0 0.1065812110900879 0.2450427412986755 0.7335836440324783 0.09823770821094513 1.234039664268494 6.144138537347317 0 0 0 19.79042446613312 5.415713012218475 0.3364667594432831 0.2738103121519089 0.08610605448484421 0.5729464888572693 0 0.08320528268814087 0 0.2282784953713417 50.4394856095314 3.632138356566429 0 0 0.09552205353975296 11.21657204627991 0.8598196357488632 2.004638984799385 1.538298323750496 10.01468712836504 9.0868314281106 5.273155651986599 6.390095770359039 0.3537470102310181 0 0 0 0.08714070916175842 0 0 0 208.087549239397 14.821173787117 4.067949704825878 260.0612381324172 53.72276879101992 269.3270618021488 98.78453053534031 271.7910394445062 60.09764713793993 1.829881854355335 118.8913419246674 15.02797163277864 0.2767145484685898 17.77233058959246 0.8886756673455238 21.50722354650497 1.072563171386719 0 2.715269431471825 3.172883108258247 0.5603678077459335
132.0373986512423 880.7658050358295 311.179575510323 21.17675575613976 1061.820878274739 98.11777336895466 574.6511097401381 148.3935506790876 2298.150450706482 595.9746683239937 6182.891295336187 252.0425048395991 528.6244227662683 0 177.4789885208011 114.8387163057923 13.94489200413227 1.509198918938637 0.4699939265847206 7.486032292246819 17.59749467670918 0.4281122237443924 0.2708438783884048 0 0.9637582674622536 3.287903264164925 0.4541138783097267 5.043919160962105 0.910286009311676 0 248.5167147889733 73.04253193736076 659.1010686159134 0 0 2.575333029031754 838.5614862069488 7.324523955583572 13.61432474851608 5.646671734750271 1.708692945539951 10.55966600775719 1.241266831755638 32.89160012453794 0.6055651307106018 0.9137017875909805 213.7107594236732 4.302612669765949 1.533708766102791 2.556706681847572 5.839392594993114 8.199836045503616 0 3.895810283720493 2.058957383036613 5.74553557485342 10.74379815906286 65.34825854003429 12.43906979262829 31.02803562581539 9.758724212646484 26.20388194173574 0.3679814040660858 136.8911913409829 4.448670350015163 2.858090467751026 4.609261579811573 4.869239747524261 8.658652819693089 13.97152955085039 394.6220893114805 292.9494714215398 0.3734608888626099 45.44608908891678 41.6977212652564 64.73718552291393 203.4572776854038 99.90974623709917 16.97150453925133 1663.268355153501 8.747523695230484 45.62864352017641 9.87495419383049 0 2.171720720827579 2.204020470380783 6.660765208303928 0.1092713847756386 0.4663349390029907 1.103778377175331 1.042380273342133 0.1168292537331581 8.1428492218256 4.996019870042801 3.593691110610962 1859.838941127062 96.45064795017242 0.2334457337856293 15.99833612143993 72.44010912626982 0.8350359797477722 1.955023154616356 47.61754928529263 19.40517285466194 18.40288511663675 248.3245678991079 26.26714643836021 173.0145513340831 34.46341432631016 151.077014118433 36.98755322396755 368.0118721053004 278.8071472495794 165.6371843665838 37.17850595712662 0.5502225160598755 0.2988946586847305 0 0 0.1366850882768631 0 0.2252368181943893 0.4889630973339081 0 0 0.9769431948661804 0 0 0.6736189424991608 0.4125624597072601 1.201096370816231 0.2932416498661041 1.823834076523781 0 12.30503974854946 0.864905834197998 0 0 0 16.73759286850691 0 10.01354384422302 5.284868687391281 2.5715242177248 0.5521285980939865 0.3558615297079086 0.09501022845506668 0 0.3571957051753998 0.3154561519622803 0 4.302082732319832 20.30558420717716 0.214850589632988 0.6953960880637169 0 0.38679239153862 2.325639240443707 0.2338731810450554 0.8678019791841507 0.3511089906096458 0 7.744335293769836 0 0 0.7270389199256897 34.39490434527397 7.542120262980461 0.8113631159067154 0.3735289722681046 0.2426706030964851 0.2822352200746536 0 0.7711509168148041 0 0.525590106844902 49.73513939976692 7.174116790294647 0 0 0.2496571615338326 9.377307042479515 0.992401123046875 7.027225680649281 4.795162700116634 12.35303644090891 12.12596645206213 6.157394863665104 6.304764896631241 0 0 0 0 0.2771837636828423 0 0.3706556931138039 0.303653284907341 121.4921848773956 18.80242200195789 6.398522891104221 578.2410275787115 77.22927715629339 510.0186023265123 188.4180379807949 174.552622012794 91.53458124399185 2.616069376468658 202.7602667361498 15.38820623606443 0.7827631831169128 19.08885455876589 0.9609482437372208 11.68768213689327 1.145851105451584 0 6.489494554698467 5.240666516125202 0.5043972730636597
