0 4137.188121758401 220.8393996730447 834.4882146716118 462.3220785185695 141.2803797274828 1228.460601694882 196.3561703041196 144.506653867662 1149.203468680382 475.5239772498608 202.4776402115822 1288.67334959656 100.8846202194691 0.9953132048249245 0 0 0.1543484181165695 0 0 0.1723490357398987 0 0.4309542328119278 0 0 0 0 0 0 0 160.3268895894289 1.681705541908741 0.524068221449852 0.2332653105258942 0 0 0.915864072740078 0 0.1255229115486145 0 0.4852404147386551 0.127725213766098 0.4581448882818222 0 0 0 4.65514662861824 0.3526194617152214 0 0.3568737357854843 0.1216447502374649 0.2347649782896042 0 0 0.2324197664856911 0.7190174162387848 412.7046003043652 988.3162310793996 28.60636533051729 0.2704422250390053 0.3668452650308609 0.1014760807156563 0 11.80467021465302 1.256486020982265 1.430270493030548 0.1189656630158424 0 0.3197368830442429 0.1096580699086189 14.10598327219486 6.177994847297668 0 19.34033371508121 42.89732629060745 20.95109748840332 3.958794862031937 0.2373869568109512 0.2905871272087097 2.454718910157681 0.7779769822955132 0.7212026715278625 0.3650695160031319 0 0.7474974691867828 1.05289014428854 0.5193510577082634 0.2143409550189972 0 0.3381249457597733 0.1095725819468498 0 0.204281747341156 0 0.1760255992412567 227.4663981348276 7.276674255728722 1.286029011011124 0.1982186436653137 2427.918355591595 0 0.3164472281932831 1.879603743553162 4.414605587720871 0 8.163255661725998 1.18253980576992 2.342818573117256 58.04561471939087 1.853284358978271 0 6.770398318767548 7.285589061677456 7.083188250660896 0 0 0 0 0 0 0 0 0 0 0 0 0 0 0 0 0 0 0 0 0 0 0 0 0 0.455550342798233 0 0.4670700505375862 0 0 0 0 0 0 0 0 0 0.5815041065216064 0 0 0 0 0 0 0 0 0 0 0 0 0 0 0.2481826990842819 0 0 0 0 0 0 0 0 0 2.439529798924923 0 0 0 0 0 0 0 0 0 0 0 0 0 0 0 0 0 0 0 0 3.509122371673584 0.5403015613555908 1.094302624464035 156.1920690238476 3.553133592009544 65.19728925079107 27.89012847840786 1598.370518945158 7.846745431423187 1.271224223077297 1.680709354579449 0.7153413146734238 0 0.4640034735202789 0 12.57500630617142 0 0 0 0.2644702792167664 0
4137.188121758401 0 2831.655153587461 502.427207455039 5382.326199814677 450.0154681280255 2745.368146948516 2203.551015391946 1512.402600780129 402.0158168524504 3240.494783915579 114.2859761118889 401.9543997049332 293.3411739319563 7.907909072935581 0.5294589549303055 0.1755335032939911 0.6731813028454781 0.6852058917284012 0.1474732011556625 2.071932733058929 0 0.4257881939411163 0.1129966974258423 0 0.1660107672214508 0 0.1264838427305222 0.2761261165142059 0 2268.100984700024 53.37448738515377 3.149492703378201 0.833579882979393 0 0.1192646697163582 0.5508248955011368 0.1121967360377312 1.348117120563984 0.1016917154192924 0.8506434857845306 0.9782659038901329 0.241455927491188 0.1376219391822815 0.4250303655862808 0.3163086995482445 88.94067203253508 3.037757851183414 0.4666400253772736 1.115565717220306 2.241890698671341 0.1107524558901787 0 0.6008448302745819 1.502018593251705 8.434314511716366 202.4026840627193 1823.401289813221 82.63528613746166 6.133697032928467 1.147744089365005 0.725925400853157 0 161.7657919973135 11.82757231593132 10.69446405023336 2.525384336709976 1.709593765437603 1.011977478861809 0.523104801774025 11.96028454601765 19.9699819535017 0.1483985185623169 101.5171226114035 280.2659396603703 207.9203324913979 43.04346790164709 4.738716699182987 4.032637238502502 17.60978538542986 3.055013492703438 3.747792109847069 5.311492994427681 0.1106218248605728 8.666773751378059 9.138941198587418 5.333068087697029 0.4361670762300491 1.57244710624218 0.3797449022531509 0.9353468641638756 0 0.2604386210441589 0.1397220939397812 0.3296998590230942 383.2385466843843 2.140426971018314 0.1916356086730957 0.1669529676437378 1805.41406224668 0.5753458738327026 0.5302862077951431 7.489557608962059 6.840927720069885 0.7040914297103882 92.04258574545383 13.7100500613451 25.12136173248291 7.597167149186134 20.86393587291241 0.2015677392482758 78.4423926025629 29.6641500890255 103.6192476004362 11.53753073513508 0 0.395517110824585 0 0 0 0 0 0 0 0 0 0 0 0 0 0 0 0.1972625702619553 0 1.119421057403088 0.2698952555656433 0 0 0 21.38933433592319 1.844192326068878 10.38857205212116 1.458162486553192 0.3295928239822388 0 0 0 0 0 0 0 0.2733936011791229 3.140041038393974 0 0 0 0 0 0 0 0 0 0.2826454788446426 0 0 0 9.290352016687393 0 0.3666011095046997 0 0 0 0 0 0 0 58.27588406950235 1.062648683786392 0 0 0 2.885022878646851 0 2.665606006979942 1.249721765518188 0.6489905118942261 0.1891031414270401 0 0 1.317897856235504 0 0 0 0 0 0 0 22.13367548584938 1.489028304815292 9.190560072660446 338.655615799129 53.29880804568529 622.8004704043269 220.8280117586255 1912.066971130669 31.21007093042135 16.22557640075684 44.73191539943218 9.855640806257725 0.4924470484256744 7.291275419294834 2.578282542526722 18.08498772978783 0.7468092888593674 0.305777370929718 0.8543481826782227 0.7556213438510895 0
220.8393996730447 2831.655153587461 0 1.415262185037136 289.9226058647037 3.492068514227867 81.0125981643796 871.8118630349636 575.6487616971135 5.292534843087196 2605.984468787909 4.360032647848129 83.24724877625704 488.5692871436477 11.23882461339235 8.156331524252892 0.8106383085250854 4.614203684031963 0.6783979460597038 20.88452097773552 47.02880652993917 1.034631103277206 60.17401225864887 13.80439411103725 0.9122377261519432 12.04074431210756 21.1675947830081 2.258055619895458 2.065746411681175 2.692971765995026 6961.854796886444 351.9472224414349 2.749097622931004 26.24766875803471 14.18075092881918 0.285300686955452 1.016581267118454 0.3010239601135254 1.509715013206005 0.1394076198339462 45.99495257437229 8.276034727692604 5.123857282102108 1.514512866735458 5.271807320415974 6.714941248297691 39.83760067075491 1.481580726802349 3.670353129506111 15.82875365018845 0.5580891668796539 0.5211208835244179 0 2.110303848981857 0.877940759062767 3.067177265882492 89.23759496957064 2400.44453959167 30.77025803178549 2.541811801493168 21.88164004683495 1.061078123748302 4.22953537106514 806.2001360207796 4.861999832093716 3.9632358700037 1.158900298178196 1.133490703999996 9.41787351667881 36.59074478596449 1.740367367863655 5.880714640021324 0 43.54647435247898 128.921770259738 68.0281805768609 54.80618334561586 9.973990835249424 228.0665405243635 1278.683758951724 48.69311055541039 230.7932070568204 3.095827467739582 0 3.398923419415951 3.322192288935184 9.92722187936306 0 0.2744022235274315 0.2216284051537514 0.2312539964914322 0.5877299010753632 37.75373169779778 3.055401206016541 1.876989297568798 11.6073444634676 0 0.1891645342111588 0.5802810564637184 547.6111925020814 0 0 0 0 0 2.835795611143112 0.2691590487957001 1.39707750082016 0 0.237706258893013 0 4.014444202184677 0.3750864565372467 4.652816042304039 0.4581124484539032 0.2499906122684479 0 0 0 0 0 0 0 0 0.428982675075531 0.5689999461174011 0 0 0 0.14935702085495 0.2511177361011505 0.5956083387136459 0.4417982995510101 0.1683915555477142 0 0 0 0 0 3.129399083554745 0.1309483200311661 1.240659639239311 2.036374002695084 1.011922657489777 1.273954316973686 0.3176969438791275 0.9118647277355194 0 0.2067956924438477 0 0 0.3781123459339142 0.3568801954388618 0 0 1.224129170179367 0.1279022991657257 5.134077019989491 0 0 0 0 0 0 0 0.4686601459980011 2.328290328383446 0 0.1646905988454819 0 0 0 0.1799177676439285 0.2410508096218109 0 1.122271120548248 3.298391111195087 0.1324938833713531 0 0 3.580704815685749 0.9936897158622742 0.2896786332130432 0 0 0 0 0 0 0 0 0 0 0 0.1324741691350937 0 0.2920088618993759 0.4509613662958145 0.5320703536272049 0.9054717868566513 89.84206689894199 49.68080966174603 165.2238404974341 59.32217216491699 216.9811912998557 14.42208693176508 6.534097269177437 16.76314471662045 2.594009198248386 0 1.116226255893707 0.8741534799337387 0 0.2103996425867081 0.5156304091215134 0 1.25532440841198 0
834.4882146716118 502.427207455039 1.415262185037136 0 54.66410756111145 174.3985975682735 1397.47090947628 1.178774654865265 12.54757204651833 1635.679098069668 2.474142208695412 330.6023391634226 4138.516738593578 48.14607656002045 0.328106552362442 0 0 0 0 0.180334061384201 0 0 0 0 0.1512046754360199 0 0 0 0 0 7.08532939851284 0.1840450018644333 0 0 0 0 0 0 0 0 0.1525225937366486 0 0 0 0 0 2.402990594506264 0 0 0.1746764034032822 0 0 0 0 0 0.4231811240315437 11.52586831152439 72.93764936178923 2.831182688474655 0 0 0 0 0.8169794455170631 0.6111170127987862 0.595942810177803 0.278168573975563 0 0 0.1360102742910385 1.485798388719559 2.089836448431015 0 3.285071790218353 11.17434883117676 6.435994043946266 0.717115581035614 0.1169255673885345 0 0 0 0 0.3286385536193848 0 0.2047365009784698 0.2174480855464935 0.3772351294755936 0 0 0 0 0 0 0 0 115.9232349395752 0 0 0 96.16649667918682 0 0 0.6193875670433044 0 0 11.065778657794 3.003150336444378 3.119172975420952 37.47037956118584 8.778596714138985 0 10.98110504448414 3.623343497514725 11.73713532090187 0.8496314883232117 0 0 0 0 0 0 0 0 0 0 0 0 0 0 0 0 0 0 0 0.2177562713623047 0 0 0 0 1.532398283481598 0 1.501168623566628 0 0 0 0 0 0 0 0 0 0 0 0 0.2371914386749268 0 0 0 0 0 0 0 0 0 0 0 0.4696126282215118 0 0 0 0 0 0 0 0 0 3.687050968408585 0 0 0 0 0.5581657290458679 0 0.4976844191551208 0.1618813723325729 0 0.1533615440130234 0 0 0 0 0 0 0 0 0 0 4.046845078468323 0.3653983473777771 0.2339778989553452 21.61248156428337 1.112597353756428 23.06989277899265 6.709221854805946 343.2196001932025 0.7169224172830582 0.863428607583046 0.6343059539794922 0.3827157318592072 0 1.009331196546555 0 0.983826756477356 0 0 0.2328085601329803 0 0
462.3220785185695 5382.326199814677 289.9226058647037 54.66410756111145 0 83.47912745177746 3545.238541677594 1054.692836895585 6839.096090391278 322.8698993101716 1772.201937861741 137.348735049367 445.9418216794729 460.2113896012306 16.14555744826794 1.649608679115772 0.7461079806089401 0.1356109231710434 0.5196782946586609 0.3064930886030197 0.3022081628441811 0 0.6448416113853455 0.1301150918006897 0 0.3569797277450562 0.3298073932528496 0 0.2157522737979889 0.3516068384051323 431.6942593976855 73.68630936741829 2.770005881786346 0.5179490447044373 0.6881576329469681 0.1031999886035919 1.253587782382965 0.2752171456813812 0.4873631224036217 0.4523572325706482 0 0.1284452527761459 0.239290863275528 0.1563140451908112 0.6648739874362946 0.5378237068653107 151.5368308573961 3.092349521815777 1.12484684586525 0.8244124501943588 2.738262474536896 0.1532516628503799 0 0.4223369956016541 1.641789980232716 11.52368319034576 86.24564723670483 603.3484373986721 52.19285750389099 15.79561502486467 0.6290096417069435 0.9738140553236008 0.1963470727205276 275.4056656435132 13.32711062580347 11.86514766514301 3.143711231648922 3.062598034739494 0.3858798965811729 0.7586542814970016 43.31893448531628 42.09733583033085 0.1090181693434715 91.50830592960119 224.7419889494777 251.4914731457829 85.89055920392275 6.022481828927994 3.922592595219612 16.7039438188076 1.998907640576363 3.29632779955864 6.165325954556465 0.1351508945226669 10.93159139156342 11.74225533753633 5.063885025680065 0.1617009788751602 2.371403440833092 0.2540326341986656 2.30763703584671 0.758680060505867 0.511653907597065 0.5017807856202126 0.4349440634250641 361.1292204856873 2.719420313835144 0 0.4807525277137756 165.8918844088912 0.6515212953090668 0.5135509148240089 14.59019529819489 4.031178578734398 2.914841905236244 118.5727707743645 9.301714181900024 40.91865183413029 17.87082308530807 34.69136074185371 3.580786049365997 123.9015285149217 66.35391400009394 195.0649772584438 26.13120903074741 0 0.2064516246318817 0 0 0 0 0 0 0 0 0 0 0 0 0 0 0.6048053503036499 0 0 3.567384868860245 1.798696309328079 0 0 0 47.1026783362031 0.4114406108856201 16.67916874587536 2.386874884366989 0.6099976897239685 0 0 0 0.3125037252902985 0 0 0 2.872745409607887 3.847095862030983 0.7975216656923294 0 0 0 0 0 0.4042473435401917 0 0.09845560044050217 1.117790669202805 0 0 0.9435791671276093 16.87348152697086 0.3708179593086243 0.5111956596374512 0.3974137753248215 0 0.2668255120515823 0.2465494722127914 0.220110796391964 0.109269842505455 0.1101266071200371 139.6939755529165 1.236123189330101 0 0 0.143618032336235 3.346345335245132 0 5.646981090307236 2.247604198753834 1.333416894078255 2.588105261325836 0.2065140604972839 0.2047913819551468 0.2517007812857628 0 0 0 0.1075467020273209 0 0 0.1081299036741257 43.21037556231022 7.923177853226662 15.85401221364737 324.4745978862047 106.6728151217103 661.6203681901097 219.9642410948873 546.6342286244035 44.90819863975048 24.86471041291952 90.93484120815992 14.96608005464077 1.759250245988369 16.13421504199505 3.30016416311264 18.35235750675201 2.007496267557144 0 2.099045872688293 6.334849700331688 0
141.2803797274828 450.0154681280255 3.492068514227867 174.3985975682735 83.47912745177746 0 301.6178511381149 3.985718235373497 18.88558533787727 474.2774481773376 10.38891550898552 219.2094142585993 557.3916766643524 85.60014718770981 0.1262400150299072 0.3405989408493042 0 0 0 0 0 2.625294327735901 0 0 0 0.1103661954402924 0 0 0 0 5.543727219104767 0.4716506898403168 6.239836275577545 0 0 0 9.910944759845734 0 1.632133200764656 0.3399357497692108 0 0 0 0 0 0 1.258831329643726 0 0 0 0 5.050264596939087 1.49615977704525 0 0 0.2275753766298294 69.60522639006376 29.19720358401537 1.731460958719254 0.1324148029088974 0 0.8778760731220245 0 0.8356693610548973 0.09571710973978043 0 0 0 0 0 156.8155969977379 99.78503207862377 17.11300228536129 1.175873123109341 4.551444262266159 2.128263436257839 0.2727327346801758 0 0 8.332924857735634 0 0 0.1262111514806747 3.086217626929283 0.09424882382154465 3.563223131000996 0.1059426218271255 11.2883882522583 7.006137982010841 5.033230811357498 0.4402111172676086 0.5262436717748642 0 0 0 324.4860765039921 107.768516227603 41.08784195780754 3.011840462684631 385.5327402204275 0 0 0.1618408113718033 0 0.1525601893663406 2.15685872733593 0 0.3462477326393127 5.417311996221542 0.5272268205881119 0 1.074706479907036 1.981742426753044 1.234318859875202 0.2670186087489128 0 0.2220184653997421 0 0 0 0 0 0 0 0 0 0 0 0 0.4555442631244659 0 1.321065276861191 0.2883735597133636 0.4812629371881485 0 0 0 0 0 1.917490795254707 0.5171545743942261 0.518652431666851 2.969098195433617 2.406490638852119 0 0 0 0 0 0 0 0 0.1385967880487442 0 0 0 0.6343618482351303 0 0 0 0 0 0 0 0 0 0.179814800620079 0 0 0 0 0 0 0 0 0 1.254561454057693 5.621465891599655 0 0 0 0 0 0 0 0 0 0 0 0 0 0 0 0.3174669146537781 0 0 0 0 0.1985129415988922 1.797942787408829 14.09760956466198 2.439952097833157 5.494943968951702 1.628804713487625 87.48054975271225 0.386166088283062 0.7986649423837662 0.8776577562093735 1.092355132102966 0.4720005393028259 0.5281969010829926 0 0 0 0 0.2724567055702209 0 0
1228.460601694882 2745.368146948516 81.0125981643796 1397.47090947628 3545.238541677594 301.6178511381149 0 29.3360868319869 1824.665277376771 1783.607232943177 60.36223777383566 423.6845652386546 11101.76567271352 2230.526923812926 10.10169132053852 1.367219679057598 0 0.1630797386169434 0.2380255609750748 0.3343627750873566 0.267876110970974 0 0.5691613256931305 0 0 0.8049777150154114 0.1714372038841248 0.1661766022443771 0.4047202169895172 0.1359917372465134 136.1300929039717 17.89606212079525 7.196831494569778 0.1632776111364365 0 0 3.028313972055912 0.1248984709382057 0.2191451862454414 0 0.4770579785108566 0.5253977477550507 0.1768445074558258 0.423823781311512 0.4983210861682892 0.157343402504921 108.5817743614316 4.184834308922291 0.3953382074832916 0.7495678067207336 1.480062939226627 0.2514434605836868 0 0.3647937178611755 2.145831473171711 4.392827451229095 58.52209264039993 336.365770496428 42.46740355342627 13.02428144961596 0.7033718675374985 0.424799270927906 0 143.3129970803857 7.710323639214039 7.382831744849682 1.891625881195068 1.692406743764877 0.6418690234422684 0.2679092586040497 47.49705293029547 57.05833184719086 0.2078706622123718 56.06422407925129 126.9121478125453 176.7114001512527 62.23824833333492 2.153604917228222 0.8092377483844757 12.52044178545475 1.207363799214363 3.392746672034264 2.748623237013817 0 5.881861284375191 6.775976084172726 2.61954428255558 0 1.706242062151432 0.6355188935995102 0.8902575075626373 0.6308344155550003 0.4883973896503448 0.196548193693161 0.7003537267446518 896.8052140921354 5.573277771472931 0 0 117.3264082819223 2.460932895541191 5.647417068481445 76.53671777248383 25.02329981327057 4.384538114070892 236.7178556025028 25.92310796678066 87.92741985619068 42.1583479642868 64.25739005208015 6.151177376508713 436.851224116981 111.4892931804061 340.4584832414985 44.76029098033905 0 1.033860102295876 0 0 0 0 0.1296211779117584 0 0 0 0.2711018621921539 0 0 0.7570688128471375 0 0.7194433212280273 0.4642927944660187 0 0 7.433951407670975 2.380730599164963 0 0 0 62.13278640061617 0.6163772940635681 26.93702718615532 3.516950026154518 1.58460845798254 0 0 0 0 0 0.8876636624336243 0 3.166552849113941 8.261402204632759 0.1220113709568977 0.2745500504970551 0 0 0 0 0.3138919174671173 0 0.5572502464056015 1.6281927973032 1.884313724935055 0 0.5244146585464478 25.2208744212985 1.019863098859787 0.3405772596597672 0.4470001757144928 0.1176754087209702 0 0 0.2665915489196777 0 0.14022196829319 209.3396408855915 0.8939350545406342 0 0 0 10.71749086678028 0.2429670393466949 7.566415801644325 3.323995649814606 3.786120176315308 3.126394376158714 0.6425836086273193 0.4868965595960617 0.6309152245521545 0 0 0 0.1895690411329269 0.6400431096553802 0 0 86.59307064116001 12.29862709343433 21.59875449538231 382.0944728851318 63.89431323111057 502.5181303992867 175.8837968334556 617.6333616748452 45.39070212841034 11.16655621677637 105.4516595602036 25.94065545499325 2.347646400332451 30.50296454876661 6.06363733112812 40.92448700964451 3.6855214163661 0.2292342334985733 1.937883973121643 3.651684269309044 0
196.3561703041196 2203.551015391946 871.8118630349636 1.178774654865265 1054.692836895585 3.985718235373497 29.3360868319869 0 552.6820983365178 4.621766909956932 5867.541696377099 4.965896777808666 89.07638697326183 746.5430945679545 16.79913850873709 11.0770910680294 1.845025740563869 8.397073194384575 2.795859210193157 50.94669030606747 96.18501058965921 0.5418881177902222 107.4703054577112 27.63967417180538 3.507672972977161 27.57429957389832 45.7708412706852 4.297999925911427 7.10480922460556 5.356309987604618 926.8775772079825 1063.776940248907 10.9167048856616 57.37775810062885 23.76752886176109 0.442194938659668 3.522961162030697 0.4335229992866516 2.861676469445229 2.501964315772057 78.60179313272238 14.77291408926249 14.580357901752 1.530737325549126 21.07251397520304 24.75783904641867 77.35079652816057 2.7776063606143 9.971147485077381 25.43279971182346 0.6471829563379288 2.190641358494759 0.1400262415409088 3.649116978049278 0.7488873079419136 2.15416406840086 39.12400913238525 486.3675327673554 21.35781884938478 3.61129491776228 93.13487953692675 2.631153099238873 8.078253328800201 294.8487878441811 4.012576997280121 4.223475776612759 1.126986339688301 2.116631925106049 14.51236869394779 59.75832308828831 2.510286770761013 6.236590772867203 0.2084680944681168 36.92593196034431 104.0136325135827 105.3506178706884 151.6999027058482 67.3886294066906 1159.620681576431 3268.286674119532 411.7100469619036 834.2157981470227 2.835666492581367 0.1046266928315163 3.537227489054203 3.659734420478344 18.0645537674427 0 1.471560284495354 0.1139214038848877 0.9605937302112579 1.469032876193523 65.4352443292737 6.312153905630112 3.019375592470169 5.285171926021576 0 0 0.4485933929681778 191.5729979723692 0 0.3526211977005005 0.7028181552886963 0 0.1846973598003387 4.624836251139641 0 1.508251935243607 0.2853390574455261 0.4648730754852295 0 2.80166557431221 0 6.84109316021204 0.4668595492839813 0.121482290327549 0.3063351511955261 0 0 0 0 0 0 0 0 0.7477946281433105 0 0 0 0.3918931186199188 0.4479264169931412 0.5378263294696808 0.5556544661521912 0.1610946208238602 0.5452806279063225 0 0 0 0 4.060784757137299 0.6231035888195038 1.299798086285591 3.284046314656734 0.4166749566793442 2.652120128273964 0.9332628548145294 1.346644520759583 0 0 0 0 0.3691224306821823 0.5058794766664505 0.1105664297938347 1.193431481719017 2.009437337517738 0 5.295589573681355 0 0 0 0 0 0 0 0 1.016362369060516 0 0 0 0.1171418353915215 0.3003421127796173 0.2729403078556061 0 0.4065634608268738 2.766286998987198 5.238592937588692 0.8791189640760422 0.1221282407641411 0 6.638828210532665 0.7255070209503174 0 0.6153560727834702 0 0 0 0 0 0.1288653612136841 0 0 0 0 0 0.2083334922790527 0.3865485191345215 0.350428581237793 1.514535114169121 2.208196431398392 159.6282138153911 59.76536849886179 265.2545418664813 77.52146397531033 120.4486752152443 15.18631409108639 3.500737212598324 27.12231706082821 6.28322234749794 2.125263743102551 1.594751231372356 0.2112208753824234 1.599754869937897 0.1964771747589111 0 0.7011353671550751 1.861497923731804 0
144.506653867662 1512.402600780129 575.6487616971135 12.54757204651833 6839.096090391278 18.88558533787727 1824.665277376771 552.6820983365178 0 125.8883892968297 2110.707744389772 42.80344337970018 471.6652093082666 1050.206889383495 14.643070705235 2.126656927168369 0.3307747393846512 0.1818658113479614 0.1055663749575615 0.407601460814476 0.6689602136611938 0.2015529572963715 0.4532741755247116 0.195774257183075 0.1296672523021698 0.9265615716576576 0.6596088260412216 0.1125936433672905 0.3515222370624542 0 261.2656326070428 45.89055034518242 3.620118089020252 0 0.3055311292409897 0 2.35723453015089 0 1.017892226576805 0 1.441880434751511 0.1047441065311432 0.2907612323760986 1.151468805968761 0.1402828693389893 0.2869963645935059 147.6254476010799 3.927007272839546 0.1074837073683739 0.2196050956845284 1.720804892480373 0.1291424334049225 0 0.09073375910520554 1.158790022134781 6.507559917867184 54.20082309097052 303.250849828124 44.74845425784588 15.96333466470242 0.2936004921793938 0.1233993992209435 0.1061679497361183 187.545030772686 9.138012483716011 9.021901860833168 2.09765612334013 2.789856798946857 0.8880410939455032 0.4657603576779366 34.01141531765461 34.75277149677277 0 66.23173385858536 133.7103848606348 183.6042863950133 110.0073240175843 3.793377086520195 2.065572738647461 23.75070341676474 2.707021608948708 2.643131799995899 3.265979886054993 0.2413545548915863 5.621544279158115 6.518384739756584 3.763812623918056 0 2.338791385293007 0.1542126536369324 0.4673009440302849 0.4604380130767822 0.9505599662661552 0.1131762117147446 0.1019683182239532 278.5741033256054 2.754017561674118 0 0.3072096332907677 60.01925456523895 0.6928912177681923 0.4950106889009476 6.653038501739502 4.851202577352524 3.097020551562309 91.21278835833073 7.419817537069321 35.03662784397602 18.52037581801414 22.36236211657524 2.360680758953094 112.4111258164048 46.87990592420101 172.1025170311332 27.76955974847078 0.1229102909564972 0.2342905551195145 0 0 0 0 0 0 0 0 0 0 0 0 0 0 0 0 0 3.526054829359055 1.796856425702572 0 0 0 36.53935733437538 0.1709045767784119 14.96049182116985 2.550645783543587 0 0 0 0.1213618889451027 0 0.1917086541652679 0 0 0.4185806512832642 2.908009462058544 0.2245809882879257 0.1318603008985519 0 0 0 0 0 0 0 1.622180961072445 0 0 0.681159496307373 20.36072734743357 1.08398400247097 0 0.4115860983729362 0 0.3139066696166992 0.1613316684961319 0 0.3649484813213348 0 119.7847319990396 2.851370617747307 0.2101364433765411 0 0.1188237369060516 5.801020592451096 0.3175908625125885 2.140929773449898 1.473257385194302 0.4833143502473831 1.002713605761528 0 0.2773662209510803 0.3886357247829437 0 0 0 0.3715565279126167 0 0 0.1930994838476181 33.03549453616142 7.875869140028954 14.9156441539526 441.9825602471828 92.87694074213505 610.9586641564965 223.7473393306136 297.9612212777138 65.53145781159401 13.3911689966917 128.069499194622 15.93923034518957 0.6083241775631905 9.186716049909592 2.109373100101948 14.10739070177078 1.141075506806374 0.1281616389751434 1.804633647203445 4.122281968593597 0
1149.203468680382 402.0158168524504 5.292534843087196 1635.679098069668 322.8698993101716 474.2774481773376 1783.607232943177 4.621766909956932 125.8883892968297 0 11.27750101685524 1117.064207196236 8258.079625844955 160.8339829817414 0.3661013245582581 0.2373950183391571 0 0 0 0 0.1536528170108795 0 0 0 0 0 0 0 0 0 12.32805133610964 0.2999334633350372 0 0 0 0 0.8627284616231918 0 0.2853450775146484 0 0 0 0 0 0 0 1.471016526222229 0.1265658587217331 0 0 0.1319261342287064 0.4749747663736343 0.8204358965158463 0 0 0.5391528308391571 29.10329354554415 49.80378977954388 2.064085215330124 0.2526392638683319 0.1452401131391525 0.1741829514503479 0 3.392689146101475 0.5348010286688805 0.2029112726449966 0 0 0.581520676612854 0 9.719660691916943 14.64325779676437 0.4005417078733444 2.915527336299419 5.967411950230598 3.299383848905563 1.439326345920563 0 0 2.37676140666008 0 0 0.2664515525102615 0 0.2056703120470047 0.09801650047302246 0.1280263215303421 0.2959808260202408 0.3393130302429199 0.5754737555980682 0.1933019310235977 0 0 0 0 474.8220928311348 2.243461966514587 1.222074285149574 0.1731803715229034 420.3725131303072 0.2004177868366241 0.1748216301202774 14.09489744901657 6.942726165056229 3.965710639953613 97.31114675104618 10.70167005062103 31.96069569885731 80.93697208166122 35.17105855047703 2.038868799805641 94.45922519266605 42.04392774403095 138.6071460470557 12.16119760274887 0 0 0 0 0 0 0 0 0 0 0 0 0 0 0 0 0 0 0 1.19736248254776 0.3303527235984802 0 0 0 10.43230582028627 0 2.44430536031723 0.7504620999097824 0.3677060604095459 0 0 0 0 0 0 0 1.167699694633484 0.9023013710975647 0.2243127524852753 0 0 0 0 0 0 0 0 0.6437775790691376 0.3434270024299622 0 0 4.719734892249107 0.3303469866514206 0.3441577553749084 0.1484459787607193 0 0.0972021222114563 0 0 0 0 46.17119475454092 0 0 0 0.1914880275726318 1.355268657207489 0 1.337237179279327 0.8606045842170715 0.3785766363143921 0.9058754295110703 0.156299039721489 0 0.3611373007297516 0 0 0 0.4717207327485085 0 0 0 51.48419390618801 4.355904519557953 2.917200371623039 65.23360691219568 1.49573415517807 16.1638011187315 6.953112907707691 553.8203906342387 1.199658252298832 0.4152978733181953 0.8201899230480194 3.113811664283276 1.944915026426315 7.681663803756237 0.6158486604690552 36.82541806995869 0.813921257853508 0 0.7978154122829437 0 0
475.5239772498608 3240.494783915579 2605.984468787909 2.474142208695412 1772.201937861741 10.38891550898552 60.36223777383566 5867.541696377099 2110.707744389772 11.27750101685524 0 17.54490320384502 858.7950846403837 1968.336064495146 26.9189790636301 11.88477452099323 0.798860140144825 4.095278605818748 0.2524135708808899 2.230840235948563 10.86327417194843 3.258531481027603 22.83443078398705 7.392010778188705 1.201911047101021 18.65003606677055 20.98231742531061 1.94617423415184 12.41985171288252 2.916837178170681 1075.455180905759 604.3126099705696 25.37442827224731 5.319454587996006 4.17957803606987 0.5270286723971367 24.77000773698092 0.1772143393754959 9.528481677174568 2.459401220083237 30.88985016196966 12.11831159889698 3.085076406598091 2.623807534575462 0.5867246985435486 3.508205085992813 138.0777327790856 4.822548225522041 4.42810170352459 11.48462370038033 2.248798750340939 1.35622251033783 2.235741704702377 5.618789091706276 1.68647675961256 4.709041848778725 70.84538766741753 765.9193727299571 38.13886547088623 7.634880863130093 6.763606935739517 2.523570716381073 4.731683999300003 276.1879219189286 9.001823388040066 9.794993251562119 2.738951332867146 3.221242390573025 7.362100221216679 18.08451196551323 28.25366598367691 20.70512555539608 0 58.04371044784784 153.3019490391016 192.4216431677341 128.6313563883305 13.25062444806099 331.4364203363657 1013.094022467732 5.473136879503727 30.26283890753984 4.769361943006516 0 4.722605481743813 9.505360968410969 9.496671654284 0 2.517539121210575 0.1070511117577553 2.994098834693432 1.323046915233135 30.79302345216274 3.132909223437309 4.314169369637966 37.67404380440712 7.189059108495712 0 0 258.7295230552554 0.1870156079530716 0 0.6946367770433426 0.34595987200737 1.093501672148705 9.810640320181847 0.588498443365097 5.442225411534309 0.482469454407692 3.025013357400894 0 10.88656923174858 2.597369678318501 22.12135037779808 4.357681110501289 0.307328462600708 0 0 0 0 0 0 0 0 0 1.430683717131615 0 0 0 0.2111888527870178 0.4749886840581894 0.2666487693786621 1.227084845304489 0 0.4817809760570526 0.4475774765014648 0 0 0.2149747312068939 9.480963915586472 0.3376742452383041 3.483464077115059 4.947897732257843 0.367485985159874 1.263171941041946 0.6569333374500275 1.467886716127396 0 0 0 0 0.1442902386188507 0 0 0.4922357797622681 2.719589397311211 1.143668092787266 3.664762079715729 0 0.1595055013895035 0 0 0 0 0 0.689305305480957 6.335632622241974 0.1431517601013184 0 0.1141053587198257 0.09381755441427231 0.1007377654314041 1.010606184601784 0.2037573307752609 0 1.203781560063362 17.30922123044729 1.917399391531944 0 0.2944570183753967 3.574023187160492 2.014533862471581 0 1.35232762992382 0 0 0.1373979300260544 0.1284308880567551 0.2275601029396057 0 0 0 0 0 0.2305331081151962 0.2842459082603455 0.384417362511158 1.374809771776199 3.888822615146637 5.770842611789703 331.2086176127195 91.00083331018686 483.0744211375713 174.3451796919107 225.9094392582774 33.12488060444593 11.47387563437223 82.21417106688023 12.05497492849827 2.055696777999401 6.575676791369915 1.160810746252537 3.51604363322258 0.325522318482399 0.300828754901886 2.646967068314552 4.211471289396286 1.1727055311203
202.4776402115822 114.2859761118889 4.360032647848129 330.6023391634226 137.348735049367 219.2094142585993 423.6845652386546 4.965896777808666 42.80344337970018 1117.064207196236 17.54490320384502 0 2957.071366921067 78.98890134692192 4.782675378024578 4.672372989356518 0.1941113770008087 0.7462472915649414 0 0 0 0.2422715723514557 0.5407119989395142 0 0 0.6409920305013657 0.4728619232773781 0.1292673945426941 4.242290914058685 0.4018068611621857 1.388210326433182 0.3799487799406052 9.276572041213512 0 0 0 9.455633565783501 0 1.126503825187683 0 0.9553362131118774 0.7318472266197205 0.2015159428119659 0.6179151982069016 0 0.1562146991491318 10.32847104221582 0.1679839342832565 0 0.6147245764732361 0 1.223688691854477 0.1651560217142105 0.4177262634038925 0 0.09316320717334747 6.347088947892189 14.95954893529415 2.615914799273014 0.16298808157444 0.8457919359207153 0 0 3.657055109739304 0.4353625252842903 0.2169946804642677 0 0.324333667755127 0.3589774817228317 0.5072396695613861 76.70990872383118 67.62725521624088 0.2583208382129669 4.428753912448883 4.744072571396828 9.371843479573727 9.864261165261269 2.71314188092947 0 8.40958609431982 0.1461996734142303 0.2758502960205078 0 0 0.2275616601109505 0 0.917823389172554 0.2795942574739456 0 0.3196706920862198 0.1102642863988876 0 0.5798458009958267 0 0.154543474316597 1342.277964219451 179.3459511697292 1.482814744114876 0 92.7755556628108 0.3103416860103607 0.4626539349555969 15.21112072467804 5.751349002122879 1.902506619691849 72.27943683415651 5.657273009419441 36.43790712952614 15.75487627089024 22.97038991004229 1.929248407483101 87.36036053299904 40.34415961802006 153.0638639256358 15.3019842505455 0 0.6442185193300247 0 0 0 0 0 0 0 0 0.6768894195556641 0 0 0 0 0 0 0.1757583171129227 0 1.962482802569866 1.728479832410812 0 0 0 33.1208518370986 0.1574165672063828 13.84970275312662 2.194365970790386 0.3330062702298164 0 0 0.8494921177625656 0.1484923809766769 0 0 0 0.1554913222789764 3.707409545779228 0 0 0 0 0 0 0 0 0 0.3135858401656151 0 0.3625902235507965 0 11.33307406306267 0.3936953917145729 0.468154639005661 0.2088789865374565 0 0 0 0 0 0.3738752901554108 87.84738837182522 1.59416763484478 0 0 0.1876658499240875 5.647553116083145 0 3.389941781759262 2.98990448564291 1.234960213303566 1.005131587386131 0.3721820861101151 0 0.1524263024330139 0 0 0 0.2970329374074936 0 0 0 29.90234135091305 6.62479992210865 10.9697677269578 104.6287141218781 7.278963856399059 39.47904545813799 15.21484313160181 129.7245594263077 3.649080850183964 0.7593718022108078 12.9158543869853 8.449119284749031 0 8.277833119034767 2.32060918956995 20.02486230432987 0.267495185136795 0 0.8960316926240921 1.71551850438118 0
1288.67334959656 401.9543997049332 83.24724877625704 4138.516738593578 445.9418216794729 557.3916766643524 11101.76567271352 89.07638697326183 471.6652093082666 8258.079625844955 858.7950846403837 2957.071366921067 0 2646.438302144408 89.66964938491583 79.90814138948917 7.265166275203228 1.747261390089989 0.5901402831077576 1.046017296612263 5.404417790472507 12.63333157449961 4.232865169644356 1.056447893381119 1.923983603715897 10.36973872035742 6.985530033707619 8.29233368486166 37.97128722816706 2.186717085540295 76.88729371130466 18.25959876179695 580.0254997983575 2.318753004074097 1.61132974177599 0.9740391001105309 102.4572463333607 0.7877703160047531 33.55037028342485 3.713470928370953 13.3466707393527 9.67947019636631 1.662040069699287 18.49106285721064 0.7671606838703156 3.572142608463764 270.79636836797 3.531036116182804 3.780508980154991 8.495077453553677 1.773150756955147 12.24777790158987 26.36192552745342 11.79145018011332 1.209260083734989 5.528121933341026 54.19648876786232 141.7884515970945 42.39439985156059 13.82333887368441 9.258468329906464 13.42687200009823 0.6026420444250107 103.1419059932232 7.556365340948105 7.424140349030495 2.000450782477856 3.032733805477619 4.371181800961494 7.633834809064865 573.0830155685544 476.8435785621405 5.902945622801781 68.94506562501192 93.75997603684664 271.3443083688617 235.6650727912784 49.98628989607096 3.962443366646767 195.1258556991816 6.644588612020016 16.62516066431999 2.958411164581776 1.568355947732925 5.033110104501247 7.811968512833118 8.110907033085823 3.089052081108093 3.566844753921032 5.140228174626827 2.037531219422817 1.829466357827187 13.25685340166092 2.782751776278019 4.837301433086395 5080.431447096169 851.6824822872877 39.37611004710197 94.73722084611654 224.2124967947602 4.358752571046352 4.088445894420147 34.44554597139359 24.37614034116268 9.744205661118031 474.5698647797108 31.12290120124817 133.4279399514198 179.4372294098139 106.8112978637218 14.49255613237619 462.3092767000198 206.718515612185 721.4281540289521 128.9090862050653 0.7591021656990051 3.325799606740475 0.1546123325824738 0 0 0 0 0 0 0 1.054704010486603 0 0.6711382120847702 1.190297812223434 0.4461714625358582 0.6141922175884247 2.534102894365788 2.624006807804108 0.1758905649185181 9.515506945550442 8.842413939535618 0 1.059824854135513 0.4304603934288025 235.3930298238993 6.709329187870026 101.6747151836753 37.93263291567564 7.749981090426445 0.6831834316253662 0.8100515604019165 0.3115412890911102 0.1314901262521744 0.3251398205757141 0 0.356141597032547 6.880424998700619 17.37668953090906 0.815114438533783 0.3958190679550171 1.39918740093708 2.02058470249176 5.90097750723362 0 1.233046360313892 0 0.2565688937902451 1.183371268212795 0.2002597004175186 0 2.938948541879654 78.57000675797462 3.52674125880003 1.224382430315018 0.6930098459124565 0.1093612760305405 1.234386943280697 0.4372842609882355 0.548284687101841 0.1068807393312454 0.8015066832304001 634.1996411159635 27.16522083431482 0 0 3.249275468289852 35.16105226427317 0.4559556543827057 18.63025431334972 5.112731397151947 4.547669664025307 7.906287297606468 1.424460023641586 2.910477668046951 1.36542446911335 0 0 0 1.064508259296417 0.3282143101096153 0 0.3379893898963928 169.3209428191185 55.54245086014271 114.5440550372005 1192.156493678689 200.5276060625911 775.0437449961901 348.97584412992 520.2768814861774 81.11141322553158 13.26600831747055 307.9977591335773 62.88928813487291 4.29401683062315 67.79205565899611 11.41379699856043 55.65532420575619 6.909646689891815 0.1204811260104179 11.612454675138 22.90906763076782 2.166050717234612
100.8846202194691 293.3411739319563 488.5692871436477 48.14607656002045 460.2113896012306 85.60014718770981 2230.526923812926 746.5430945679545 1050.206889383495 160.8339829817414 1968.336064495146 78.98890134692192 2646.438302144408 0 96.14854169636965 81.68118847161531 9.865027315914631 7.012597672641277 0.4788896590471268 6.290263414382935 22.12465815246105 24.88019332289696 27.13300441205502 12.57909052073956 7.58278451859951 41.10407348722219 49.52884849905968 21.79177236557007 105.1590412259102 10.56300653517246 280.0434945449233 100.3979445695877 858.9577655941248 8.847304947674274 4.784913256764412 0.7412309050559998 323.6529367789626 1.394754394888878 123.4518406316638 14.06187712401152 61.59765332937241 37.83863396942616 7.744342848658562 17.88154363632202 1.505765087902546 5.196255594491959 348.8255541920662 6.373092852532864 13.11717776954174 28.80692925304174 2.60832241922617 20.97110221534967 8.035104304552078 24.21748765558004 0.7249739244580269 7.941116891801357 64.59576208144426 291.5778595879674 52.14316759258509 16.24580066651106 8.151350304484367 21.86387525498867 8.065758496522903 218.3893224596977 12.20957741141319 10.60847708582878 3.030629992485046 4.935267120599747 14.80604795366526 29.45669656991959 500.4789892137051 305.1559334844351 3.01040518283844 91.08463317155838 157.3050124198198 369.7959229797125 322.5831125304103 55.19672808796167 48.66179776191711 574.6871573030949 9.732374675571918 23.83612667024136 4.82831484079361 0.30595962703228 8.625253923237324 9.85979051887989 23.39190143346786 1.981856152415276 2.511476151645184 0.7575834840536118 4.012870162725449 3.500710599124432 67.20786795020103 12.39585009217262 6.811656668782234 1310.930280923843 198.550810188055 4.504339471459389 7.592350199818611 85.56484569609165 0.8928343281149864 2.249515920877457 9.789344400167465 9.336254730820656 3.434544555842876 148.5765607059002 8.794501312077045 60.01810549944639 16.1950743496418 36.30337046086788 6.448733747005463 178.4349140897393 71.2872676551342 297.1651005968451 71.41464571654797 1.046392783522606 2.545690312981606 0 0.2051447629928589 0 0.2940360903739929 0 0.2060013711452484 0 1.688822537660599 1.036064296960831 0 0.3171611279249191 3.470574200153351 0.9701276123523712 2.682928785681725 0.9985766559839249 5.519914418458939 0.4076792150735855 5.646308206021786 4.631074242293835 0 0.7500798106193542 0 140.0665114149451 2.935483947396278 60.51231167465448 33.19142534583807 10.88624178618193 4.643877968192101 2.77478164434433 3.146520555019379 0.2525346577167511 0.3564131036400795 0.1949191093444824 0.9370874464511871 4.394570156931877 16.4895139709115 0.4842093586921692 0.8118035644292831 8.649029582738876 1.387343280017376 16.3980929851532 0.3936808407306671 0 0 0 1.544352725148201 0 0 1.009334400296211 64.48145553469658 1.218790709972382 0.6617076396942139 0.9552759528160095 0.1155293583869934 0.8551887050271034 1.343701913952827 1.272192500531673 0.2105313539505005 5.939653880894184 277.3555486947298 16.80099805444479 1.702037401497364 0 15.07478795945644 16.28687991201878 0.2838497459888458 10.84856198728085 3.684308841824532 3.68777310103178 4.8123574629426 1.052455946803093 0.6282651722431183 0.6376634836196899 0 0 0 0.5358958318829536 1.125125706195831 0.6823149919509888 2.348229609429836 46.03707560151815 26.11021488904953 60.2914263010025 1483.229685463011 248.6782593652606 1134.00938051194 459.7066133320332 362.6101999729872 90.32042840868235 18.21172942221165 299.2666775137186 61.87996087968349 1.707421027123928 46.04237215220928 7.631511747837067 35.84956558048725 8.381681635975838 0.7912696972489357 13.47462140768766 18.9484606012702 2.003537625074387
