0 4958.668008595705 991.3635554239154 840.763540558517 560.3402136340737 479.4512504041195 465.3464683592319 181.5128908827901 28.22286166995764 1117.984491609037 344.6459250450134 45.01188525557518 124.968380369246 74.93829241394997 3.970917701721191 1.613665848970413 0.7587865367531776 0.4763385057449341 0.1328050196170807 0.6762834042310715 1.573935650289059 0 0 0 0.2033738791942596 0 0 0 0 0 752.6779570877552 49.80093719065189 28.4421418979764 0.3224946409463882 0.8110465705394745 0 8.571902193129063 0.2116324603557587 1.156466141343117 0.6746344417333603 0.8990009054541588 0.1327891945838928 4.115701995790005 0.9735550731420517 0 0.285283550620079 16.02336882799864 4.314530953764915 0.6986968740820885 1.503681719303131 0.4178094267845154 0 0 0.1378412693738937 12.37945959717035 11.32134398818016 700.9166202247143 1726.439150348306 160.3932022228837 9.413301214575768 0.2319052517414093 4.494301795959473 0 67.50046061724424 9.772785492241383 5.232839144766331 1.13185328990221 1.167102687060833 3.792537689208984 1.947309017181396 33.15560086071491 5.099586546421051 0 145.1301075965166 124.2491629570723 36.50571643561125 16.58873541653156 7.22491954267025 11.95616728812456 90.64012031257153 1.923639573156834 27.25072734802961 36.82557613402605 1.05077949911356 6.678652040660381 10.46185382455587 6.87330024689436 0.6080117747187614 2.146390177309513 0 0.7295781448483467 0.4421656131744385 1.22849203646183 0.1011146157979965 0.5658822655677795 149.399701833725 13.9950877726078 0.7004186511039734 2.526953101158142 1698.74821626395 0 0 0 0 0 5.963275223970413 0 2.36473360657692 4.379195868968964 1.081449270248413 0 1.559461757540703 4.304291889071465 3.991738975048065 2.48504139482975 0 0.09962616115808487 0 0.3263277411460876 0 0 0 0 0 0 0 0 0 0 0 0 0.3985952287912369 0 0 0 0 0 0 0 0.1643215119838715 0 0.3192894756793976 0.2182324826717377 0.2449364364147186 0 0 0 0 0 0 0 0.4480127990245819 0 0 0 0 0.339520126581192 0.1150221079587936 0.3800533264875412 0.1465550512075424 0.3208500519394875 0 0 0 0 0 0.6259567141532898 0 0 0.1827696040272713 0 0.2605197578668594 0 0.1639869213104248 0 0.1263839900493622 3.201172053813934 0 0 0 0.1125165596604347 0.4164410531520844 0 0.4140415191650391 0 0 0.4727808237075806 0 0 0 0.1156928017735481 0 0 0.2245270609855652 0.1649691760540009 0 0 3.200532495975494 0.3786981105804443 1.592036418616772 65.62774696201086 33.82705841958523 154.2754584997892 38.2270954400301 1837.619608618319 29.527238458395 1.782881267368793 5.569816671311855 1.308759666979313 0.1434113830327988 0.5416558831930161 0 2.692130148410797 0 0 0 0 0
4958.668008595705 0 938.6287288367748 425.6065660864115 1832.629329308867 558.3576950132847 5135.534652248025 972.9644802212715 477.7776982858777 771.7909311652184 2159.099125564098 75.16448371857405 841.4930722564459 2072.233024843037 34.66280669718981 15.35583853721619 3.658073484897614 1.557937681674957 0.2209535762667656 2.665983252227306 6.999039091169834 0.1721762716770172 0.4796050414443016 1.205158814787865 0.2249189764261246 1.534674316644669 0.6441435739398003 1.11779673397541 0.09714747220277786 0 3478.604048833251 117.819593437016 315.5889776945114 0.3054031878709793 3.046606965363026 0 40.47154968976974 0.7318580150604248 3.554079368710518 4.381081789731979 4.566671803593636 0.4135494977235794 5.615633174777031 8.013724267482758 0.7886340469121933 0.6606483235955238 150.1063086614013 26.4094243645668 3.065911576151848 4.553671590983868 2.060802042484283 0.5290365219116211 0.1969926655292511 0.8718865662813187 32.3704721108079 31.70220112800598 412.7256245538592 996.3600079491735 204.3317183554173 74.03741763532162 1.163967147469521 5.116990730166435 0.2609639242291451 582.6356939226389 47.0383458584547 22.32914548367262 6.444051556289196 8.981318652629852 13.68132764846087 9.863285817205906 37.0646383613348 2.513174936175346 0 341.0591949298978 552.9145173579454 274.4896775707603 216.4297007545829 51.06723579764366 24.07476445287466 678.2900372594595 7.944613307714462 54.00949046760798 121.6477072089911 6.126874804496765 32.00120107829571 39.00187555700541 30.67219734936953 2.688089773058891 5.833245635032654 0.1923794373869896 2.800225421786308 1.450226955115795 3.958142787218094 1.318484000861645 0.5267233327031136 251.9524839669466 2.811366990208626 0 1.2107899710536 616.4324192404747 0.519075870513916 1.301618695259094 4.995615854859352 0.8710706382989883 0 77.7464320063591 0.1965368986129761 28.88069693744183 12.27243138849735 27.42891259491444 0.8344160318374634 51.60453489422798 49.13350115716457 74.49888905882835 17.04935219883919 0.337535135447979 0 0 0.9886714071035385 0 0 0 0 0 0 0.2685321271419525 0 0.1853522211313248 0 0.6041967049241066 0 0.5567859709262848 0.3474095165729523 0.2868854328989983 0.3775928020477295 0.2935456037521362 0 0 0 9.788020715117455 0.1849426478147507 2.824994556605816 2.058888860046864 1.292327679693699 0.1743237972259521 0 0.1473348140716553 0 0.5742488503456116 0.1438086479902267 0.1265372484922409 0.6649202480912209 1.99476121366024 0 0 0.1376930624246597 0.8714510202407837 0.6202366426587105 0.2260579466819763 0.2902609631419182 0.9978474453091621 0 4.177075788378716 0 0 0 6.164248526096344 0 0.3809657543897629 0.9297125414013863 0.1950766146183014 0.9381238371133804 0.1502500176429749 0.2219529375433922 0.3716532364487648 0.278399370610714 42.52557435631752 2.333626240491867 0.479451596736908 0.1217859610915184 0.5681249797344208 0.486489862203598 0 0 1.591692522168159 4.807495221495628 3.70893470197916 1.116527497768402 1.914353936910629 0.3281963765621185 0.2864874824881554 0.2599450498819351 0 1.515804916620255 0.1010293513536453 0.08047459274530411 0 21.1426442861557 14.36336643248796 6.130611754953861 351.1913861781359 129.1959835216403 836.7202150896192 115.6415157690644 1839.256357237697 118.0237824991345 8.938145041465759 53.45316207408905 12.85817831009626 1.423717074096203 5.946902707219124 0.3236493915319443 43.30684047937393 0.9065712094306946 0.2165447100996971 1.21135576069355 2.327330358326435 0
991.3635554239154 938.6287288367748 0 52.26086234301329 227.7315247878432 77.27975197136402 81.12819410860538 4895.94604562223 63.82395097613335 62.615852676332 3633.000612393022 17.09192902594805 84.83671053498983 433.884802095592 27.4345780685544 25.05210360139608 2.701960608363152 5.233963213860989 1.625915259122849 14.57748515158892 16.38400229811668 0 0.4125500172376633 1.391880035400391 0 0.8058279678225517 0.2587230950593948 1.17014491558075 0.8171037063002586 0.2027985453605652 4936.507479563355 553.9787115976214 218.7535868659616 4.660336509346962 4.228727363049984 0.2488031461834908 46.88460496813059 0.3728800863027573 5.550160624086857 6.348841018974781 9.661022633314133 1.428529754281044 36.55371101200581 10.46399112045765 1.597588524222374 2.345846474170685 41.85814523696899 6.275560170412064 5.494051329791546 23.60916318744421 1.015800684690475 0.5478635877370834 2.29439789056778 0.4950964748859406 2.489774286746979 3.171386919915676 72.75801911205053 517.4574475809932 21.67513648420572 10.88634504377842 3.703583642840385 3.997895129024982 0.1697985380887985 274.6603958755732 3.437705151736736 2.797143198549747 1.644028589129448 4.930739186704159 52.17569100856781 25.39022565633059 55.47036862373352 3.432373642921448 0 36.42848641425371 87.15679198503494 39.8806598931551 63.1003914475441 39.5662864819169 210.721154153347 1621.182800918818 28.98911719769239 455.1027834042907 11.42859795689583 0.7382668107748032 2.992549367249012 3.638059303164482 40.37041662633419 0.08176594972610474 1.264948107302189 0.1301152557134628 1.362759664654732 0.2295572087168694 9.848975606262684 0.6539319604635239 0.7749811932444572 53.33939115703106 11.96906957030296 0 4.199693083763123 308.0529240220785 0 0 0.7772749066352844 0 0 7.155432611703873 0.476269543170929 3.904746398329735 0.8499883562326431 5.884227842092514 0 7.624328628182411 11.36785487830639 23.31559003144503 7.395251423120499 0.5716828107833862 1.420757539570332 0.2519607543945312 1.312154039740562 0.122404120862484 0 0.1278697848320007 0 0 0 0.2821422293782234 0 0.6582920998334885 0 1.584700711071491 0 4.527779147028923 0.7871031761169434 0.1739982664585114 1.409075021743774 1.418904900550842 0.277946949005127 0.1255877315998077 0 6.981641292572021 0.4992959648370743 5.61933334171772 3.873583108186722 3.072267636656761 0 0 0.1331749856472015 0 0.152219831943512 1.662538036704063 0.1465064436197281 0 2.196110717952251 0 1.123255610466003 0.1363362222909927 3.934459835290909 0.8744112700223923 0.1143637225031853 0 0 0 2.519008636474609 0 0 0.2143130600452423 4.667234316468239 0 0.3266046345233917 0.2048370763659477 0 0.08101995289325714 0.2825874909758568 0.2110720723867416 0.2535272538661957 0.6292347311973572 33.60734318941832 0.7405933886766434 0 0.1188339293003082 0.6702511459589005 0.8603444695472717 0 0.4343999028205872 0 2.449175238609314 1.032905124127865 0.7164847850799561 1.451337546110153 0.1671189367771149 0.1159216463565826 0 0 0 0 0 0.1310220956802368 7.626458391547203 8.166983872652054 11.34180278331041 132.6480472534895 30.47473892569542 124.4192730635405 30.69978424906731 320.4381036385894 17.38266199082136 1.554885938763618 21.85567579418421 9.04106716811657 0.3542323485016823 5.054574392735958 0.1004060059785843 11.09828251600266 0 0 1.106656178832054 1.179490305483341 0
840.763540558517 425.6065660864115 52.26086234301329 0 62.98685827106237 563.5931143015623 372.160128377378 2.35400964319706 76.81893837451935 1912.660167597234 7.762105569243431 156.4022879302502 887.874302521348 37.35748801380396 1.267922915518284 0.2046498656272888 0.3274088203907013 0.1200801357626915 0 0 0 0 0 0.1513688266277313 0 0 0 0 0.1995011419057846 0 126.7115797698498 12.20017700642347 0.6633794531226158 0 0 0 1.243661276996136 0 0.6326083242893219 0.1977677643299103 0 0 0 0.5037541687488556 0 0 23.29920873045921 3.160900764167309 0 0.5340572074055672 0.5032387524843216 0 0.1443183273077011 0 6.53277862071991 7.054376527667046 110.9026867970824 156.7735460847616 57.92694623023272 10.9563499763608 0 0.4783505201339722 0 72.30947460979223 6.28362850099802 3.235322438180447 0.858697734773159 1.939539588987827 0.6091693863272667 0 0.4638004451990128 0.1205195188522339 0 70.95647142827511 116.6640547811985 48.76366633176804 25.55711538344622 5.62180794775486 1.136550091207027 2.431674167513847 0.6789693534374237 3.367897301912308 25.88273127377033 1.196633659303188 5.542354412376881 6.987451635301113 4.502036556601524 0.3548905774950981 1.899305284023285 0 0.2377190217375755 0.2287593483924866 0.1479839533567429 0.1977638229727745 0.09947029501199722 188.1372418552637 0 0 0 129.9344280362129 0 3.380611896514893 1.010389268398285 0.2663126885890961 0 13.31544852256775 0 4.465997025370598 9.881225734949112 4.690497890114784 0 6.168105021119118 3.975560963153839 6.865395963191986 4.086023509502411 0 0 0 0 0 0 0 0 0 0 0 0 0 0 0 0 0 0 0 0.3949723243713379 0 0 0 0 0.4434745609760284 0 0.5573503971099854 0.2549580037593842 0 0 0 0 0 0 0 0 0 0.1158306375145912 0 0 0 0 0 0.1323391944169998 0 0.3544110506772995 0 0 0 0 0 0.7938968539237976 0 0 0.4455520287156105 0.2300160303711891 0 0 0 0.09453710168600082 0 2.115359574556351 0 0 0 0.2396057844161987 0 0 0 0.5975594222545624 0.1825809627771378 0.1366818994283676 0 0 0.3821546286344528 0 0 0 0 0 0 0 1.847906202077866 0.8599966168403625 0.8048921450972557 42.86299759149551 23.57345600426197 164.8910633176565 23.17801896482706 704.8896403163671 22.6089763045311 3.33873038738966 6.897977434098721 0.8418287709355354 0.1088046208024025 1.015307202935219 0 14.89490967988968 0 0 0 0 0
560.3402136340737 1832.629329308867 227.7315247878432 62.98685827106237 0 55.91955716907978 880.4952122420073 363.317231580615 5413.616299279034 457.2415756136179 2714.330599054694 60.5851076990366 824.5325641706586 4231.455763421953 9.791516669094563 1.719569183886051 0.8306344598531723 0.3687339052557945 0.1418056935071945 0.8101805821061134 0.3322652280330658 0 0.1634432822465897 0 0 1.020126692950726 0 0.3437807559967041 0.411571741104126 0 213.298437975347 29.28709972649813 46.61897657066584 0.2185116410255432 0.1566237509250641 0 13.05988956987858 0 1.221075057983398 1.494380764663219 0.6074127927422523 0.09248305112123489 0.4276311099529266 1.956741198897362 0.5037403255701065 0.5069034397602081 58.20300184190273 6.906761065125465 1.695839419960976 0.9344596192240715 1.090022891759872 0 0.1562668532133102 0 8.379049606621265 8.2820198610425 36.32696211338043 75.5988517999649 29.70674330741167 24.10505829751492 0 1.644356474280357 0 113.4513160586357 10.78965689986944 6.569318741559982 1.084135130047798 2.614397563040257 1.602160148322582 0.2916634976863861 17.97055422514677 2.797633171081543 0 55.9708357155323 87.42727215588093 77.54203484207392 89.52083145827055 21.10133250802755 3.88957903534174 63.5266165137291 3.037797354161739 7.167176336050034 25.556655600667 1.409736692905426 7.473446443676949 10.21522764861584 6.610070012509823 0.4312071204185486 1.459727242588997 0.1039976924657822 0.8218813836574554 0.449091300368309 0.3183220252394676 0.5937518775463104 0.1208630129694939 232.5291676819324 3.487227901816368 0 0.5461669564247131 23.36750957369804 0.8226025104522705 1.132930278778076 5.870088949799538 1.206608593463898 1.156520143151283 90.33702084422112 3.5904351323843 40.2769703567028 23.05152150988579 28.65093976259232 0.1995522230863571 75.8781186118722 60.17359168827534 87.58203989267349 27.25054909288883 0 0 0 1.451261550188065 0 0 0 0 0 0 0 0 0.1853417754173279 0 0.1877629607915878 0 0.1962087750434875 0.7911983132362366 0 1.006498888134956 0.1391497403383255 0 0 0 10.83054988086224 0 4.055307969450951 0.2479787468910217 0.1215412989258766 0 0 0.1300625652074814 0 0 0.1084372252225876 0 1.157151505351067 2.191722966730595 0 0 0.3299634531140327 0 0.2312240228056908 0.2185900807380676 0.3538363575935364 0.4386375769972801 0 2.030492886900902 0 0 0.2399388402700424 7.898456409573555 1.424343436956406 0.7138781622052193 0.4905497059226036 0.2405539751052856 0.6754619926214218 0 0.132492795586586 0.09164689481258392 0.1210661381483078 81.0220663100481 1.230025127530098 0 0.2875330150127411 0.2249932140111923 2.112932965159416 0 0 2.004037275910378 6.149222239851952 2.4216218739748 0.3785714209079742 0.9515662491321564 0 0 0.2045592367649078 0 0.483354277908802 0.1114291697740555 0.1139493957161903 0 37.28469754755497 10.35985159873962 7.173846453428268 161.741860896349 43.63825769722462 274.7136704027653 45.24168322980404 126.0147182941437 47.82973838597536 3.178225196897984 29.01570700109005 11.65521831065416 1.009064733982086 4.548700787127018 0.1406270265579224 41.98727443814278 0 0.1796871870756149 1.682346239686012 0.3028127104043961 0
479.4512504041195 558.3576950132847 77.27975197136402 563.5931143015623 55.91955716907978 0 135.9621282070875 5.592216789722443 40.8064566552639 1082.26958322525 47.38898545503616 195.2408168911934 415.0455969274044 74.66310635209084 0.394771084189415 0.3416854292154312 0 0 0 0 0 0.9442628622055054 0 0 0 0 0 0 0 0 132.4869982376695 7.867772817611694 44.06723049283028 0 0 0 81.51145327091217 0.6420437097549438 13.38300187885761 2.239695981144905 0 0.4159736931324005 0 0 0 0 1.53497901558876 0.5910888984799385 0 0.09117399901151657 0 10.77471804618835 0 1.338385000824928 0.4020186215639114 1.225481286644936 268.8909801542759 101.3060752823949 9.083371751010418 0.9270903393626213 0.1477265655994415 1.472298935055733 0 5.388813018798828 1.666099958121777 0.3000912815332413 0.1174293607473373 0 0 0 413.4944943189621 161.0051882714033 3.991297289729118 11.94101748615503 13.2956387847662 4.311970353126526 0.7442554086446762 0.3663599789142609 0.4180915206670761 10.18307186663151 0 4.655705444514751 2.924451127648354 3.514755994081497 1.00757621973753 1.45840311050415 0.1002846360206604 13.06803475320339 5.443554028868675 14.94239592552185 3.295163407921791 7.280792713165283 0.1521486192941666 0 0.9421429038047791 676.3104958832264 151.1074716150761 7.086083337664604 39.70855970680714 434.0690398961306 0 0 1.782306313514709 0 0 0.4117976427078247 0 0 0 0.6667138636112213 0 0 0.6697486340999603 1.528259217739105 0.6150462627410889 0 0.2833100631833076 0 0 0 0 0 0 0 0 0 0 0 0 0 0 0 0 0 0.270835280418396 0 0 0 0 0.2570745944976807 0 0 0 0 0 0 0 0 0 0 0 0 0 0 0 0 0 0 0 0 0 0 0 0 0 0 0.1637575924396515 0 0 0 0 0.201083779335022 0 0 0 0 2.895694136619568 0 0 0.3040797710418701 0 0 0 0 0 0.9118682742118835 0 0 0 0 0 0.1530497521162033 0 0.5793486833572388 0 0 0 0.3304510712623596 0.5277782082557678 0 9.787878848612309 5.085523471236229 16.24761693179607 4.553614281117916 359.8750050142407 1.823577240109444 0.4300585091114044 1.662171050906181 0 0 0 0 1.094351291656494 0 0 0 0 0
465.3464683592319 5135.534652248025 81.12819410860538 372.160128377378 880.4952122420073 135.9621282070875 0 7.778859317302704 564.3728247731924 3154.2910894081 79.47409245371819 378.7378235310316 4927.115703299642 597.1522757932544 17.05589491128922 4.273145668208599 1.585549540817738 0.303253248333931 0.3875777423381805 0.3319138288497925 0.4315057843923569 0 0 0 0 0.7302274256944656 0.4660997316241264 1.812866300344467 0.3732457160949707 0 190.5926322340965 49.40143628418446 12.50130090117455 0.4458212554454803 0 0.1251836717128754 10.41228210180998 0.2359033077955246 2.012768819928169 1.092293292284012 0.195208415389061 0.1944276392459869 0.6168671846389771 2.102609194815159 0.8388921990990639 0.4157700687646866 102.6094916537404 16.15202215313911 1.280188739299774 2.025789983570576 1.704198502004147 0 0 0.3521676734089851 18.70474834740162 18.55465216934681 113.2676752954721 177.1919546499848 85.83168283849955 52.70041488856077 0.6765900328755379 1.797949738800526 0 243.3072146549821 23.42771792411804 13.62395793199539 3.652268372476101 4.20709390193224 1.977491110563278 0.831934317946434 23.92836330831051 0.2997748628258705 0 157.7746447846293 228.498316206038 172.1705578714609 158.0560418590903 30.17668225616217 6.687066175043583 8.105282686650753 2.670889087021351 9.824063412845135 65.46468558162451 4.373725838959217 18.65663070976734 22.43889284133911 12.70319026708603 0.8561157584190369 5.227317683398724 0 2.957228817045689 1.844943128526211 0.260692685842514 0.4106548428535461 0.8104627579450607 360.0041430741549 0.5340272039175034 0 0 44.79818059504032 0.402773305773735 2.696590289473534 9.449165344238281 5.922754973173141 2.601953193545341 116.8340362906456 8.914701372385025 42.36850701272488 96.01175747811794 64.07021793723106 0.3632369041442871 544.2210088521242 151.9771031141281 166.4593843519688 28.48924684524536 0.4852821975946426 0.6059038713574409 0 0 0 0 0 0 0 0 0 0 0 0 0 0 0 0 0 1.221345350146294 0.8250156939029694 0 0 0 7.160962656140327 0 2.535826131701469 1.614520415663719 0 0 0.1408243477344513 0 0 0 0 0 1.30387356877327 2.522749371826649 0.2368699982762337 0 0 0 0.3394320905208588 0.07854654639959335 0.09529842436313629 0.2443509474396706 0.9267648756504059 1.553865492343903 0 0 0 5.247937113046646 2.006517216563225 0.8058987408876419 1.379229806363583 0.7538747265934944 0.5216979011893272 0 0 0 0 87.88142298907042 1.689120218157768 0 0.3034247010946274 0.6068241521716118 2.660169586539268 0.323537290096283 1.431891322135925 0.9928057268261909 4.913563027977943 4.196781799197197 2.001840054988861 1.499279856681824 0.2364707738161087 0.2473107054829597 0.2668388932943344 0.09076365828514099 1.155708409845829 0 0 0 46.15938732028008 12.61820276081562 5.954873993992805 206.051611803472 93.69291927665472 522.8479333519936 78.21642808616161 366.8281198441982 89.97153685986996 5.921377509832382 33.38869102299213 14.51362320780754 0.7237970530986786 9.692719168961048 0.1106549724936485 40.1827650219202 0.290343314409256 0 0.8100012987852097 3.088685125112534 0
181.5128908827901 972.9644802212715 4895.94604562223 2.35400964319706 363.317231580615 5.592216789722443 7.778859317302704 0 199.2179309055209 4.969629064202309 2789.544923357666 55.29972946643829 200.3242462277412 1335.483002044261 28.00130844861269 25.83482731878757 11.0180187150836 28.83996888250113 2.298265904188156 39.01018615812063 23.84776533395052 0 2.264694079756737 1.727506920695305 0.5939394384622574 1.012049339711666 0.1874013841152191 1.746590949594975 0.3860516101121902 0.1575347483158112 1316.670250333846 1597.775188669562 74.33609642088413 5.12058137357235 5.289745233952999 0 15.38567360490561 1.609390869736671 6.080157861113548 5.599409274756908 11.89515122026205 1.918648265302181 99.12091712653637 39.19860300421715 7.680959410965443 5.593179598450661 64.86160138994455 12.38022027909756 19.455571629107 85.84566234797239 2.212317422032356 0.5505606979131699 2.523663535714149 2.666195169091225 1.637679271399975 2.696460537612438 34.25686202198267 116.0562686026096 14.55433525890112 12.2748179063201 19.02533305436373 13.94543412327766 1.621114976704121 133.4954783543944 4.27664490789175 4.500801116228104 1.924489222466946 11.40488596260548 156.7345369532704 36.06108497083187 15.56411325931549 2.368484556674957 0 29.28548803180456 51.08562175929546 52.4157348498702 105.9882375523448 135.5960761159658 934.330909833312 1850.366745047271 369.976998694241 2892.088046737015 12.91386131197214 0.4704799652099609 3.798173844814301 4.206552274525166 173.3587319776416 0.4120875671505928 2.728244416415691 0.4115957021713257 2.771816179156303 0.8519615083932877 6.981611162424088 0.5801855251193047 1.458745867013931 55.12997509539127 1.421524584293365 0 3.164772413671017 50.10804696381092 0.159752368927002 0 0.3937631249427795 0 0.2637039721012115 22.43781550228596 0 8.607677266001701 5.556575953960419 3.321677982807159 0.5583627223968506 18.73681855201721 19.06169798970222 29.7602780610323 10.60364975035191 0.2655487656593323 0.2626583576202393 0 0.7951947450637817 0.156662255525589 0 0 0 0 0 0.12027757614851 0 1.235501259565353 0 1.841970786452293 0 2.845439426600933 0.330957442522049 0.8502423316240311 0.2464323043823242 0 0 0 0 2.763490632176399 0.4199095517396927 1.769228622317314 6.666658744215965 3.335030533373356 0 0.4139066487550735 0.8372466266155243 0 0.1208540350198746 1.92632332444191 0.103699617087841 0.4502064287662506 0.5267030373215675 0.1876858770847321 0.1344503164291382 0.2579212784767151 3.879455164074898 1.319344341754913 0 0.1896730065345764 0.2287288978695869 0 0.5279145836830139 0 0 0 4.99518509209156 0.1583283394575119 0 0.1009099036455154 0 0.677749864757061 0 0.8856395334005356 0 0.7854036465287209 22.53255523741245 1.129955500364304 0.1214626058936119 0 1.224689856171608 0.320341020822525 0 0.2750720381736755 1.034118101000786 0.2500278949737549 1.172905564308167 0.5602526366710663 0.6945949047803879 0.2265230640769005 0 0.1472584754228592 0 0.7046495527029037 0.3528458178043365 0.1299435943365097 0 16.67274640500546 8.829558849334717 7.551549933850765 224.4490697309375 26.53466875851154 217.0063177496195 37.7656958848238 53.25428226590157 32.53193861246109 0.9402589499950409 36.98486822843552 13.17667646706104 0.916757807135582 4.031781211495399 0.1746615469455719 6.456776589155197 0 0 1.004965372383595 1.285016573965549 0.1931824237108231
28.22286166995764 477.7776982858777 63.82395097613335 76.81893837451935 5413.616299279034 40.8064566552639 564.3728247731924 199.2179309055209 0 479.1431938260794 1788.830242291093 79.43480271846056 1247.252034731209 3661.643468856812 12.46549213677645 4.697518311440945 0.09812451899051666 0.6078356727957726 0 0 0.5230281949043274 0 0 0 0.1244698390364647 0.1613624840974808 0.355335533618927 0.5533072426915169 0.4535951018333435 0.1238853633403778 31.09830509871244 11.73446949571371 13.0304993018508 0 0 0 9.846299782395363 0.5239172279834747 0.8331066593527794 0.748558945953846 0.4705865979194641 0.143708735704422 0.5304348468780518 2.70782158523798 0.316003642976284 0.1091721877455711 45.12630617618561 4.385324902832508 1.083313181996346 1.000968046486378 0.2020012438297272 0 0 0.643861435353756 2.12078383564949 3.619553133845329 12.01798644661903 13.74138204753399 13.32359800487757 14.41901902109385 0.2181713879108429 3.023479461669922 0.3642565757036209 24.55549717694521 5.670311734080315 3.235453695058823 0.8948612436652184 1.898650087416172 1.637831054627895 0.6472349390387535 25.26588958501816 3.418559953570366 0 30.15336408466101 30.22636965662241 39.89052589982748 48.56909440457821 16.11947789043188 2.494770370423794 7.07329399138689 1.636289365589619 5.595686197280884 14.18736016005278 0.7302275598049164 5.866337232291698 3.465877078473568 5.360458299517632 0.09264545142650604 1.016730450093746 0 0.7987969070672989 0.5874101594090462 0.5219875797629356 0.596954770386219 0.196342945098877 378.1653821468353 0.5763747990131378 0 0.3774516582489014 2.326452046632767 0.5297078490257263 0.3688530772924423 6.197883471846581 1.205170139670372 1.86637818813324 126.6699878126383 1.406837999820709 47.7388037443161 30.45234571397305 33.61928589642048 0.2126512974500656 92.5890733897686 88.3561634272337 127.5682135671377 21.35004831850529 0.2055011987686157 0 0 0 0 0 0 0 0 0 0 0 0 0 0.4529615342617035 0.2010509967803955 0 0.1198584884405136 0 0.9194809943437576 0 0 0 0.136009082198143 12.64970427751541 0 3.770950362086296 0.2918082624673843 0.09402651339769363 0 0 0.2584223821759224 0 0 0.1201458945870399 0 1.544454507529736 1.741767287254333 0.1315234899520874 0 0.2743523120880127 0.1300597637891769 0 0.120344877243042 0.6921299993991852 0.1491102874279022 0 2.812964871525764 0 0 0 8.559820771217346 0 0.502826452255249 0 0 0.4229956716299057 0 0 0 0.6611062288284302 85.5463807284832 2.576705232262611 0.6256077885627747 0.08375638723373413 0.3494407087564468 1.956363946199417 0.6091604232788086 0 2.116735056042671 7.435741119086742 4.837210357189178 1.413918375968933 2.170002117753029 0.6086592376232147 0 0.08810629695653915 0 0.09803944826126099 0.122325599193573 0 0 42.77944403886795 17.84240166842937 7.522115841507912 204.6635377258062 27.87362210452557 222.6569697931409 44.14641904085875 55.8856168538332 41.95822774618864 1.313846968114376 29.72802163660526 19.59986014664173 0.4109275415539742 12.84286130219698 0.2500760108232498 50.37338244915009 0.6860406994819641 0 0.5436387732625008 0.9043304324150085 0
1117.984491609037 771.7909311652184 62.615852676332 1912.660167597234 457.2415756136179 1082.26958322525 3154.2910894081 4.969629064202309 479.1431938260794 0 53.98152851313353 727.0263673216105 6366.410855442286 394.1523693427444 4.035107836127281 1.900891594588757 0.6157648116350174 0 0 0 0.1588248014450073 0 0.1994804441928864 0.26276895403862 0 0.2742837369441986 0 0.5010129064321518 0.1981764584779739 0.09624060243368149 121.8226654306054 21.03361995518208 35.73876589536667 0 0 0 73.66213732212782 0 0.1226004436612129 0.6137507036328316 0.1934124976396561 0 0.5024501010775566 0.8540222346782684 0.109794519841671 0 43.49049113690853 6.717041082680225 0.8038643598556519 0.921844445168972 0.7166563421487808 0 0 0 9.456616617739201 9.60335610806942 123.1078452691436 172.1425558179617 67.17272586375475 21.59979104250669 0.2702227234840393 1.866735510528088 0.4274990782141685 106.1428090184927 12.7048137113452 6.549345895648003 1.794359773397446 1.92225144058466 1.106318265199661 0.8677268475294113 531.0204080939293 1.769923076033592 0.3728156983852386 105.0896699875593 143.898791924119 72.90618702769279 49.3917044326663 7.678654760122299 0.9902862161397934 8.755360543727875 1.318437933921814 5.312381289899349 40.16005503386259 1.705001376569271 8.517532266676426 10.69547870010138 7.04218290746212 0.7487861439585686 1.63631122559309 0.3070065975189209 0.9813176691532135 0.9091191068291664 0 0.2034777328372002 0.08160888403654099 1595.134304091334 9.768146574497223 0 1.960811853408813 133.4793621078134 0.3644123375415802 5.00135013461113 14.86084650456905 22.36181007325649 1.329862609505653 182.0426952540874 18.70294725894928 47.10571204125881 120.0318519324064 115.6299032717943 0.2801371216773987 401.1245287656784 488.4894239753485 581.9136195331812 25.10368713736534 0 0.1651404798030853 0 0.2384775876998901 0 0 0 0 0 0 0 0 0 0 0.1346299201250076 0 0 0 0 0.7815043032169342 0.2153530716896057 0 0 0 6.864778980612755 0 0.9877893179655075 1.196160487830639 0.1569337844848633 0 0 0 0 0 0 0 1.441465228796005 3.127409592270851 0 0 0 0 0.1205002516508102 0 0.3375656604766846 0.5785641595721245 0.1142881959676743 2.666325509548187 0 0.5810645818710327 0 3.842349871993065 0.5284044742584229 0.5005800276994705 0.613666720688343 0.2427528947591782 0.2784228399395943 0 0 0 0 51.3002433180809 1.218115597963333 0 0.4100909158587456 0 2.201429218053818 0 0 3.290547646582127 8.936708077788353 1.755348950624466 2.559894025325775 1.364613741636276 0.2066950350999832 0.1869777515530586 0 0 0.3516397774219513 0 0 0 54.47961702942848 10.38704425096512 2.888992309570312 109.7319115698338 29.99161711335182 283.6474058404565 38.17798058688641 1076.861595392227 37.20166068524122 2.838050812482834 20.0442253574729 10.8327981159091 0.2389706149697304 6.836396276950836 0.1117782443761826 91.95110762119293 0 0 1.147862553596497 0.3861183077096939 0
344.6459250450134 2159.099125564098 3633.000612393022 7.762105569243431 2714.330599054694 47.38898545503616 79.47409245371819 2789.544923357666 1788.830242291093 53.98152851313353 0 321.4389226511121 1315.67096041888 5553.38592132926 66.28648817539215 41.08908943086863 2.562490321695805 4.373157761991024 0.9105847626924515 6.684867292642593 16.19182602316141 0 2.798586338758469 3.853701487183571 1.062425315380096 1.966297850012779 0.7582667395472527 1.645038813352585 1.045733004808426 0 764.502634383738 704.1431594118476 531.4072521030903 3.121465355157852 6.822675295174122 1.343616224825382 118.3588484972715 1.801154740154743 6.57142761349678 6.600620731711388 11.60988792777061 2.059798330068588 12.95056712627411 19.54907248914242 5.132673017680645 3.261909231543541 152.1452927142382 12.17910917103291 5.304133012890816 9.866880275309086 2.026320725679398 0.4673957228660583 0.752975195646286 1.351750262081623 7.642173312604427 7.073617734014988 47.11417147517204 104.500239469111 33.18071626126766 32.39993763715029 1.865467935800552 11.27562890946865 0.6280647218227386 129.7374367639422 12.38212965428829 6.099161028862 1.791781142354012 5.495094083249569 29.09128791838884 27.58456488698721 115.8501265719533 4.764307700097561 0 81.06308721005917 109.5210853815079 139.1778355836868 209.3432322591543 119.8603549301624 36.41323980689049 760.965920753777 14.46164613962173 173.0231028571725 35.09924021363258 1.91061906516552 9.787639752030373 9.024305760860443 32.35409044474363 0.7093963995575905 3.132458329200745 0 2.45232567936182 1.142839305102825 9.019261591136456 1.987166427075863 2.048309408128262 297.9142284542322 7.520167350769043 0 0.7665720656514168 50.94774372130632 0 0.3622971773147583 0.2925935387611389 1.583031177520752 0.5886964052915573 83.31042122840881 5.089338690042496 29.33012296259403 21.55827869474888 15.58098693192005 1.110175341367722 65.04174259305 67.55764108896255 98.92115274071693 35.61790342628956 1.144827395677567 1.424379840493202 0.3689444363117218 1.2394645139575 0 0 0 0 1.148236900568008 0 0.3395174443721771 0 1.029346585273743 0 2.463549502193928 0 2.989556379616261 0.5162754654884338 0.156899705529213 0.7840941548347473 0 0 0.1429668366909027 0 10.72816413640976 1.058164715766907 6.385642364621162 5.564979828894138 4.669875301420689 0.2102782875299454 0.1477290391921997 0 0.6901966482400894 0.1685334444046021 1.976698711514473 0 0 2.404048271477222 0 0.5364962518215179 0.09824457764625549 4.177224710583687 0.6719739958643913 0.2605551928281784 0.8012684285640717 0.3047624155879021 0 3.007478564977646 0 0.3449824750423431 0 8.978566735982895 1.465283423662186 0.1703680753707886 0.2095184847712517 0.2932258248329163 0.1678953841328621 0.1128207370638847 0.09073413908481598 0.8978235870599747 0.8793653100728989 88.46736930310726 7.334195211529732 0.449739933013916 0.1072334200143814 1.201560959219933 3.267753437161446 0.5592853128910065 0.5998226255178452 3.823201432824135 5.394832074642181 6.18151493370533 1.696970582008362 0.7706310451030731 0.5736104398965836 0.2158493772149086 0.5322769731283188 0 0.8403041288256645 0 0 0 43.10096850991249 25.62988425791264 10.23410347849131 788.361690685153 72.08043394237757 596.2238133177161 128.8489105701447 153.0522039085627 102.9050239026546 4.125105001032352 99.82635700702667 32.43487359583378 1.649339661002159 11.74859035015106 0.1024677976965904 32.71402359008789 0 0 3.002958998084068 5.259850509464741 0.1821529120206833
45.01188525557518 75.16448371857405 17.09192902594805 156.4022879302502 60.5851076990366 195.2408168911934 378.7378235310316 55.29972946643829 79.43480271846056 727.0263673216105 321.4389226511121 0 3628.309866957366 599.0521357506514 9.555542998015881 6.59150555729866 0.4605964347720146 0 0.6927370429039001 0.2336899191141129 0.6160321980714798 0 0.74078169465065 0 0 0.1543430835008621 0 0.8902847468852997 0 0 7.476312227547169 2.785096019506454 78.15045046806335 0 0 0 126.4054727554321 0 0.3165939003229141 0.9980399683117867 1.778435960412025 0.4421934485435486 1.290846467018127 1.095234632492065 0.1205049455165863 0.2205589413642883 22.57478360831738 1.013927645981312 0.4672368839383125 0.7485336512327194 0 0 0.1484257578849792 0.1921547949314117 0.8350657597184181 1.073657505214214 6.20980104804039 5.48186782002449 4.199878670275211 4.096454977989197 0.3749669790267944 2.576557084918022 0.3526369035243988 11.96645369380713 1.317210912704468 0.8038357645273209 0 0.574012503027916 4.657575435936451 3.577442437410355 402.1978019475937 1.757522523403168 0 7.984985738992691 10.09198850393295 17.72746376693249 24.330954387784 9.601956032216549 1.974631503224373 82.81031663715839 1.163424700498581 6.204991325736046 4.091712445020676 0.4512362778186798 1.126172982156277 1.372353047132492 3.134821079671383 0 0.2986432835459709 0.166362538933754 0 0.2384820133447647 1.560158550739288 0.4017369747161865 0.3962909579277039 1105.034637361765 14.62621732056141 0 2.313610076904297 7.861396484076977 0 1.627237692475319 1.012639969587326 1.739045068621635 0.1612087786197662 61.2739123404026 3.045613616704941 26.67431849241257 13.0130098760128 16.24349662661552 0.1825198978185654 46.0413713902235 44.31343518197536 77.92779229581356 18.71727638691664 0.1481330394744873 0.8241278827190399 0 0 0 0 0 0 0 0.2196977436542511 0 0 0 0 0.3939293473958969 0 1.007226750254631 0 0.4630715399980545 0.61358442902565 0.1847998052835464 0 0.3555161356925964 0 7.315573513507843 0.1748134344816208 2.0443269982934 1.253823481500149 0 0 0.5041572153568268 0 0 0.1573383957147598 0.2801325023174286 0 0 0.7819876372814178 0.1487004905939102 0 0 0.3269344717264175 0 0.1602666527032852 0 0.1823604553937912 0 0.6123564392328262 0.2314753532409668 0 0 4.165641263127327 1.48030287027359 0.4655589461326599 0.1192614361643791 0 0.1196103990077972 0 0.1085915490984917 0 0.1628740280866623 44.08006493747234 1.08878281712532 0.2193185240030289 0.2377029359340668 0.2318560034036636 1.001999586820602 0 0 2.541303738951683 4.558337643742561 2.636795684695244 0.5386356115341187 0.9541168510913849 0.244615450501442 0 0 0 0 0 0 0 35.84170579910278 15.13894559442997 4.74833919107914 145.078361235559 7.040825873613358 97.53497789800167 17.83653250336647 73.81727067381144 15.03534256666899 0.2874156609177589 18.0451924353838 8.82425232976675 0.5010552108287811 4.800681591033936 0.3210936784744263 23.51369592547417 0 0 0.6631974279880524 0.4104707092046738 0
124.968380369246 841.4930722564459 84.83671053498983 887.874302521348 824.5325641706586 415.0455969274044 4927.115703299642 200.3242462277412 1247.252034731209 6366.410855442286 1315.67096041888 3628.309866957366 0 2912.311692453921 75.06796150654554 45.60510762780905 1.452727071940899 1.71522019058466 0.3695626258850098 3.334283545613289 6.101402379572392 0.9948716163635254 0.6350278854370117 0.9919771701097488 1.119883351027966 1.501520976424217 0.9190993010997772 2.441095605492592 2.52787210047245 0.2153667137026787 34.20770681649446 24.02386485040188 451.0793706029654 1.050321653485298 2.96073105931282 0.65971939265728 96.69964431226254 1.265259139239788 4.09831528365612 5.69684424251318 3.659680441021919 0.9921769872307777 8.032569497823715 11.81613671779633 1.475302077829838 1.310032241046429 133.7746972292662 8.77001891285181 2.761940591037273 3.883216381072998 1.179498568177223 0.4492380619049072 0.918745830655098 0.9679181203246117 7.178590379655361 7.217040866613388 37.01867508888245 38.37004639953375 36.50269705802202 31.32374861091375 1.798452660441399 25.13653156906366 0.2499704957008362 64.58522571623325 10.71310384571552 6.658790290355682 1.759097754955292 3.220405869185925 12.75555663555861 9.07651599496603 434.1260957941413 22.8032139390707 0 65.65474610775709 74.12415768951178 113.9969359114766 156.0863549634814 62.46878219395876 10.28257731348276 212.4040978774428 4.318808622658253 34.72109054028988 29.1417016685009 0.6895813792943954 9.730241872370243 8.345804885029793 15.63945806026459 0.5630497932434082 2.565776392817497 0.2064413577318192 1.810366161167622 1.013230443000793 3.544062606990337 1.207330450415611 1.610206410288811 4545.429765015841 39.61269046366215 0.2371973246335983 5.366862043738365 23.87743546068668 0.8720564842224121 3.93390080332756 16.19776930660009 3.687642052769661 4.343799188733101 403.6170718371868 6.238783955574036 140.1188920885324 92.78711837530136 108.7872767448425 3.103291183710098 297.2612606212497 335.6717538014054 404.1125669106841 101.8026686012745 1.336988463997841 1.395819097757339 0.1607209146022797 0.9973483383655548 0 0 0 0 0 0 0.5145457088947296 0 0.3197756111621857 0 0.3391578793525696 0 1.77665863931179 0 0.3449610769748688 6.515961870551109 2.673871323466301 0 0.3394307196140289 0.270221084356308 42.56587748229504 0.3179352879524231 13.43587325513363 4.737534001469612 1.593313686549664 0.1413688212633133 0.4259222596883774 0.6170433685183525 0.200060248374939 0.3181175738573074 1.588189512491226 0 4.391249947249889 6.32788373529911 0.3236951678991318 0.2394038885831833 0.2819787040352821 0.6031711101531982 0.6851664483547211 0.4032614752650261 1.033047959208488 1.011561043560505 0.8422054871916771 6.673300847411156 0 0 0.1648832857608795 29.26978911459446 6.803777635097504 2.301755778491497 1.70024312287569 0.2015361040830612 0.5323338136076927 0 1.188719183206558 0 1.537566266953945 378.0917172133923 10.0018120855093 0.5052121877670288 0.7649429142475128 0.7381278797984123 9.281322568655014 0.691117137670517 1.048901736736298 9.124356359243393 21.6248602643609 12.23597031086683 11.83520156890154 5.962055683135986 1.121010050177574 0.5189491435885429 0.3541697636246681 0 0.3794779777526855 0.1191210821270943 0 0.5022311583161354 222.6683916300535 95.1406979188323 34.5726528018713 778.6484179198742 81.2096743285656 585.095781840384 150.8454520106316 271.5857194289565 113.759233482182 6.884827889502048 115.2932835370302 63.03753501921892 2.393435284495354 28.93496754020452 0.6922587528824806 117.3289564177394 0.8374605625867844 0.1974488645792007 6.717159554362297 6.138087674975395 0.7307918518781662
