0 3386.435425683856 664.2525643855333 1530.490375339985 882.6482110619545 77.99571873247623 472.1571289971471 44.65858082473278 202.8848057240248 2430.534763708711 358.1999985724688 42.73725639283657 408.4206082299352 297.8448266088963 3.12991089373827 0.3786331340670586 0.138677716255188 0 0 0 0 0.5372025966644287 0 0.225722923874855 0.3300678730010986 0 0 0 0 0.1185632944107056 179.4202722162008 5.097481071949005 6.973946645855904 0 0 0 0.3903120160102844 0.2708157300949097 0 0 0 0 0.09920697659254074 0.2047471851110458 0 0.1618496626615524 20.68640451878309 4.521882995963097 0 0 0.4734356701374054 0 0 0.1405288577079773 7.203502915799618 15.11062470823526 446.9455618932843 910.3950526788831 26.00445538014174 27.5042417794466 0 2.385405987501144 0.138462021946907 17.27148634195328 11.11008759588003 6.114313736557961 1.258588075637817 1.325365707278252 0 0 10.87085285782814 0.5803913772106171 0.7343652248382568 408.0138739049435 53.07249695807695 42.77422174811363 6.509715750813484 0.3710791692137718 0.7935863137245178 64.88907332718372 0.6132525950670242 5.369371555745602 16.53312230110168 0.798362024128437 6.412424713373184 13.01888813823462 0.9030029997229576 0.556742399930954 1.280094653367996 0 0.1102204099297523 0 0 0 0.1197483688592911 45.74161122739315 0.9416295289993286 0 0.5313440263271332 604.9817817434669 0 0 0 0 0 20.02764549851418 0 0 73.27879056334496 0.3985088467597961 0 0.8491518497467041 6.578771650791168 1.297567650675774 0.4594900012016296 0 0 0 0 0 0 0 0 0 0 0 0 0 0 0 0 0 0 0 0 0.3942158371210098 0 0.1334704607725143 0 0 0 0.2753414660692215 0 0 0 0 0 0 0 0 0 0 0.6088473200798035 0 0 0 0 0 0 0 0 0.2962269261479378 0.1281622797250748 0 0 0 0 0 0 0 0 0 0 0 0 0 1.431399412453175 0.140247106552124 0 0 0 0.5636170953512192 0.2440697997808456 0.1825927644968033 0.1321627199649811 0 0 0 0 0 0 0 0 0 0 0 0 1.095838844776154 0.7008674442768097 0.2520462945103645 90.87583646178246 12.55025155842304 136.3944505751133 45.23110146820545 580.657225035131 37.46883808076382 10.15604703128338 8.014899760484695 0 0.5332270786166191 0.4900406152009964 1.495851635932922 1.185652740299702 1.642429649829865 0.113958016037941 1.41655158996582 20.41874104738235 0
3386.435425683856 0 1110.174739845097 1736.406774446368 3901.81698320061 221.7635526657104 2589.68836311996 77.29419529438019 1006.758192077279 488.8162674754858 579.5593651086092 43.86860585212708 596.2797000706196 565.0518299341202 7.495914801955223 1.079144343733788 0.301023542881012 0 0 0 0 0.1136172935366631 0 0 0.1112637966871262 0.1383627206087112 0 0 0.1666043996810913 0.1331546455621719 1317.184914201498 3.210603624582291 12.45711869001389 0 0 0.4967276081442833 0.2002065777778625 0.3496983796358109 0 0 0 0.1628612577915192 0 0.5578705668449402 0.2352134138345718 0 102.8833722621202 9.728482380509377 0.114844799041748 0.1639772057533264 1.086617507040501 0 0 0.8353051468729973 11.34453255683184 29.10243956744671 147.1315330192447 1081.071955442429 12.94572156667709 65.78333276510239 0.3787921816110611 0.8681527376174927 0 84.53813381493092 20.03577265888453 13.08460771292448 3.909158430993557 3.908788181841373 0.4077095910906792 0.1611860245466232 7.802387848496437 0.1593119949102402 0 353.7215894013643 144.6813663318753 174.0223929435015 45.0853461176157 2.050487600266933 1.077097147703171 86.57357481867075 0.1221569776535034 8.775017522275448 29.90410543233156 0.5855581015348434 11.5135420113802 22.97642938792706 3.440599322319031 0.1580896228551865 2.804465964436531 0.2519798278808594 0.2746217995882034 0.38802370429039 0 0.1397043019533157 0.4997736662626266 40.6222280561924 0.1530638784170151 0 0 958.2876003980637 0 0 0 0 0 131.6399472206831 0 0 22.81300869584084 3.377538532018661 0.3303066492080688 2.937852144241333 4.567847445607185 2.716051250696182 1.770166769623756 0 0 0 0 0 0 0 0 0 0 0 0 0 0 0 0 0 0 0 0.137574091553688 0 0 0 0 0.5819366872310638 0 0.9990257322788239 0.4509525150060654 0 0 0 0 0 0 0 0 0.2238687425851822 0 0 0 0 0 0 0 0 0.1045529842376709 0.1302132904529572 0.1278035938739777 0 0 0 1.724538736045361 0 0 0 0 0 0 0 0 0 4.167591333389282 0 0 0 0 0.5673728585243225 0.2797055542469025 0.149472564458847 0 0 0 0 0 0 0.1026297956705093 0 0 0 0 0 0 3.034482806921005 0.3012867718935013 0.4782309979200363 175.526404902339 24.23666583001614 344.0954279005527 43.16622684150934 991.1875061914325 54.05063021183014 13.37904641777277 69.08805679529905 3.466243654489517 0.541625052690506 1.647174961864948 1.523823983967304 1.34504497051239 0.2536384016275406 0.09836239367723465 0.3697846457362175 71.27383626997471 0
664.2525643855333 1110.174739845097 0 46.96587610244751 1268.380858674645 39.38752949237823 172.2033202201128 1962.630038097501 436.036245919764 14.62038251012564 4391.491066478193 34.27266889065504 267.4100745469332 494.4212010130286 19.18853671103716 17.78674928843975 3.19962827116251 2.598961815237999 0.6281500905752182 14.96823851764202 50.07737542688847 0 55.71045522391796 7.12417371571064 25.71131531894207 1.361399367451668 9.640505321323872 0.3881242647767067 0.1427160054445267 0.7287697792053223 4889.248597241938 698.4286322742701 25.83002848923206 2.969475246965885 27.14646027982235 51.03535406291485 6.585818141698837 22.69074984639883 1.710805252194405 4.636291772127151 25.77991161495447 13.52710774540901 26.45455280691385 9.546652711927891 0.8233797028660774 23.71343143284321 113.9657223075628 7.197313226759434 1.565038129687309 13.45939064025879 3.519442282617092 1.247499421238899 0.1474177539348602 5.368859171867371 9.048221312463284 22.10415372997522 159.7525239512324 1647.995241895318 13.55449561774731 60.36455177515745 183.6894947290421 72.66133566945791 27.48815496265888 1190.854715488851 17.26171553879976 14.20402560383081 4.778994664549828 8.614204987883568 60.54335648566484 107.599448107183 18.28958597779274 4.204925678670406 0 457.9028391987085 267.9009381830692 234.1769558787346 118.6813414916396 19.51498015224934 151.0896830260754 1844.944270275533 298.3820748925209 958.237738057971 28.91257438063622 0.8050047010183334 11.70523521304131 19.99681992828846 14.28101705014706 0 2.056967921555042 0 0.7058605253696442 1.102008305490017 94.74550919979811 7.840907543897629 13.34744953364134 21.89092440903187 1.912674337625504 0 0.9453082680702209 371.5668934956193 0.1016887277364731 0.1382645815610886 0 0 0 2.749953404068947 0.2830624580383301 0 0.8075627684593201 0.4329395294189453 0 6.328285083174706 4.771362721920013 5.471970655024052 7.06897971779108 0.2205409407615662 0 0 0.9262630343437195 0.1097135543823242 0 0.1690343171358109 0 0 0.2568573355674744 0 0 1.250118494033813 0 3.835974507033825 0 1.05259382724762 0.2903618812561035 0 1.370223678648472 0.9817206561565399 0.8373517394065857 6.114350751042366 0.7382031679153442 2.373604744672775 2.059342578053474 10.25510933250189 8.700477845966816 5.283012866973877 0.4678240418434143 0 0.1512769311666489 0.4919428527355194 0.5342518985271454 4.976748868823051 0.1776911914348602 0 0.1358976811170578 0 0.4986778944730759 0.9137251675128937 1.599941372871399 0.3072709739208221 0.1880206689238548 0 0 0.1096789538860321 0.7810865938663483 0 2.06069752573967 4.868148282170296 9.08823024481535 0.1526879668235779 0.1573101431131363 0 0.1004749462008476 0.2481758370995522 0 0 0.1590089499950409 0.2310292720794678 10.07329542189837 0.7031544148921967 0 0 0.627815805375576 3.582185007631779 2.94923647493124 7.705666251480579 0.1018785834312439 0.8044946193695068 0.09073185175657272 0.1140709221363068 0.260119616985321 0.1802338808774948 0 0 0 0 0.19174824655056 0 0 3.956607200205326 2.796046808362007 6.267662644386292 133.9959485828876 23.88237182050943 308.1470988169312 39.59564200788736 280.5046285167336 38.68538216501474 11.73456793278456 54.86408403515816 7.859164819121361 0.8088554590940475 2.214557178318501 2.31804209202528 1.601080045104027 1.226240582764149 0.1980257779359818 2.396750018000603 3.347033478319645 0
1530.490375339985 1736.406774446368 46.96587610244751 0 626.3808011114597 598.3654888570309 1636.013486042619 0.1489872485399246 43.06576830148697 2336.78019182384 4.233737781643867 66.87271198630333 1328.844694532454 139.4568032622337 3.22786021977663 0 0 0.2938504964113235 0 0 0 0 0 0 0 0 0 0 0.1229038685560226 0 56.76505833864212 0 0 0 0 0 0 0 0 0.2067198753356934 0 0.2759470269083977 0 0 0 0 41.39107739925385 7.061149500310421 0 0 0.5812899023294449 0 0 0 7.496990367770195 10.08647652715445 58.99956299364567 174.1841380149126 3.798790626227856 31.12622255831957 0 0 0 29.8642158806324 7.327091880142689 6.368007712066174 1.909517399966717 2.039833262562752 0.5812334418296814 0 5.491312086582184 0 0 129.9757135733962 57.36600314080715 65.81647817790508 14.8312728703022 0.5880906581878662 0 1.698581755161285 0 0.1658162921667099 14.56077911704779 0.7277973741292953 5.995337411761284 9.998977907001972 1.394830606877804 0 0.3936595916748047 0 0.1171886995434761 0.1728236228227615 0.1553994864225388 0 0 80.70540270209312 4.637573063373566 0 0 213.6171860843897 0 0 0 0 0 123.1659773290157 0.6232447028160095 0.5523484349250793 92.19350755214691 0.2552660405635834 0 2.031837120652199 21.6118182092905 0.9184246808290482 0.7536019086837769 0 0 0 0 0 0 0 0 0 0 0 0 0 0 0 0 0 0 0 0 0 0 0 0 0 0 0 0 0 0 0 0 0 0 0 0 0.4266360998153687 0 0 0 0 0 0 0 0 0 0.142460972070694 0.109992690384388 0 0 0 0 0 0 0 0 0 0 0 0 0 0 0 0 0 0 0 0 0 0 0 0 0 0 0.1018699556589127 0 0 0 0 0 0 0 1.054555431008339 0 0 79.56429339945316 9.535469010472298 143.0727113932371 24.04894344508648 721.5444002598524 24.60160036385059 6.256166569888592 25.16127170622349 0.3978474289178848 0.3775195777416229 0.1363885998725891 0.8043306022882462 1.631352663040161 0.5501673147082329 0 0 12.29279059171677 0
882.6482110619545 3901.81698320061 1268.380858674645 626.3808011114597 0 33.52489420771599 6347.045894399285 172.0215170457959 4088.136833637953 83.74914786219597 1678.404535837471 35.62210524082184 1678.27289956063 653.2898360416293 8.043836899101734 1.583365008234978 0 0.1302172541618347 0 0.1537033170461655 0.1299298703670502 0 0.4234324619174004 0 0.2496470063924789 0 0.2751775234937668 0.5155301243066788 0.5019695162773132 0 385.6697416827083 3.569895774126053 11.30367007851601 0 0.1415601223707199 0 0.3601675480604172 0.1463515013456345 0.4885814785957336 0 0 0.1282497197389603 0 0 0.3233464509248734 0.1242965906858444 113.883217304945 7.217270061373711 0.5561550259590149 0.3938224166631699 1.231992185115814 0.5026535391807556 0 0 7.014088124036789 14.36340537667274 34.07330042123795 219.6674814522266 5.255637362599373 42.67007642239332 0 0.3362546935677528 0 95.15201804041862 13.72186666727066 12.12926200032234 4.570336900651455 3.78307631611824 0.669772282242775 0 14.660305544734 0 0 157.1121409609914 114.1219161078334 157.6824584081769 67.8441995754838 2.451562345027924 0.2079761475324631 36.11041506379843 0.757403239607811 2.220033071935177 22.3181502148509 0.6254866421222687 9.998333841562271 18.57069649547338 3.996622711420059 0 1.653723686933517 0 0 0.1146192625164986 0.1090576201677322 0.2044149190187454 0.430949866771698 35.32428120821714 0 0 0 140.8412647545338 0 0 0 0 0 10.78776314854622 0.4792233407497406 0.4669068306684494 0.5216072201728821 2.200362414121628 0 7.409591183066368 11.30343464016914 3.090776920318604 6.400667943060398 0 0 0 0 0 0 0 0 0 0 0 0 0 0 0 0 0 0 0 0.3728509843349457 0.3545825779438019 0 0 0 0.2259601652622223 0 1.164225667715073 0 0 0 0 0 0 0 0 0 0 0 0 0 0 0 0 0 0 0 0 0.3372303545475006 0 0 0 1.238137021660805 0 0 0 0 0 0 0 0 0 6.84072308242321 0.3485879898071289 0 0 0 1.275661408901215 0.1176422387361526 0.796198382973671 0 0 0 0 0 0 0.1365884840488434 0 0 0 0 0 0 8.843836024403572 0 0.1485448181629181 167.727108605206 16.49560318142176 328.1628666594625 27.7280905097723 229.562141597271 48.30375884473324 11.18533429503441 85.48068345338106 1.602251440286636 0.539967380464077 1.18861810863018 3.068823970854282 4.345620676875114 1.2610217705369 0.2718521431088448 0.1305347681045532 14.75904554128647 0
77.99571873247623 221.7635526657104 39.38752949237823 598.3654888570309 33.52489420771599 0 213.4004177004099 1.926235318183899 24.50598658621311 1798.896968454123 31.32784323394299 286.5942314863205 406.5314063876867 126.1453920304775 0.4236737489700317 0.1284657418727875 0 0 0 0 0 5.261846855282784 0 0 0 0 0 0 0 0 48.5040632262826 0 53.00605820119381 0 0 0 21.15266741812229 0.2939578890800476 0.6881903558969498 0 0 0 0 0 0 0 2.07274629175663 0 0 0 0.1550106257200241 19.47358101606369 0.1460781693458557 0.8190123289823532 0.2209252119064331 0.999377653002739 324.1820705756545 202.6510015502572 3.602776952087879 1.700607031583786 0.3928100764751434 14.07990206778049 0 0.5809709429740906 0.7128273397684097 0.2013799622654915 0 0.1285979151725769 0 0 290.0139494389296 48.21332508325577 5.203610569238663 21.69892865419388 2.239902511239052 4.749768026173115 0.7529947310686111 0 0 71.67513594776392 0 4.119477286934853 0.9757271930575371 2.133005172014236 0.7660865411162376 1.883942455053329 0 18.23143057525158 3.519269689917564 9.58474737405777 0 1.496233999729156 0 0 0.2171828895807266 614.5911592394114 112.7185983806849 14.077776953578 18.31576837599277 620.3911597877741 0 0 0 0 0 12.66385555267334 0 1.25301069021225 18.83758322894573 0 0 1.347499877214432 4.346502125263214 0.7205497771501541 0.9927888810634613 0 0 0 0 0 0 0 0 0 0 0 0 0 0 0 0 0 0 0 0 0 0 0 0 0 0 0 0 0 0 0 0 0 0 0 0 0 0 0 0 0 0 0 0.3965553641319275 0 0 0 0.1913122236728668 0 0 0 0.4865134358406067 0 0 0 0 0 0 0 0 0 0.8825237154960632 0 0 0 0 0 0 0 0 0 0 0 0 0 0 0 0 0 0 0 0 1.494347274303436 1.216460525989532 0.8458657711744308 52.81804709136486 0.9780525639653206 8.281385436654091 2.247575134038925 294.3192598521709 2.058293528854847 1.182044506072998 2.843987479805946 0 0 0 0.4452348649501801 2.763817012310028 0 0 0 0.6067369431257248 0
472.1571289971471 2589.68836311996 172.2033202201128 1636.013486042619 6347.045894399285 213.4004177004099 0 100.2695980370045 2269.759604498744 1371.836326315999 1738.379942253232 54.91066251695156 2941.980374217033 157.8153274729848 26.93216726928949 5.724303811788559 0.2132585644721985 0.1149678304791451 0 0.1466365456581116 0.7059142962098122 0 0.12161535769701 0.5958826541900635 0.5552875250577927 0 0.3022205531597137 0.2386312633752823 0.463046669960022 0.416622169315815 188.0242659077048 1.575337067246437 8.293041333556175 0.1326881349086761 0 0 1.359452724456787 0.1178839355707169 0 0 0 0.4848169833421707 0.2554934024810791 0.5921236127614975 0.2174167707562447 0.2285706326365471 331.7203443050385 16.6763638779521 0.7176067978143692 0.1383459717035294 2.650090552866459 0.493570551276207 0 1.035490751266479 14.73091746866703 35.93617164343596 56.01313096284866 188.8599815666676 14.86211933195591 94.70223548263311 0.1082591116428375 0.6384229212999344 0 138.0913056060672 30.73670293390751 26.40649221837521 6.025496155023575 8.039532206952572 2.725394733250141 0.1978121101856232 38.64072743058205 0.2052747756242752 0 228.5430672243237 161.8852518796921 336.8092385604978 163.0299908667803 6.324315577745438 0.2433018833398819 24.42357152700424 0.5250755250453949 1.090472742915154 50.02668092399836 1.230223573744297 19.82426073402166 36.26625325530767 6.189735822379589 0 4.57296933978796 0.3912149742245674 0.7217167317867279 0.9491374045610428 0.2551444172859192 0.6835315525531769 2.228312849998474 318.9604933708906 0.6964123249053955 0 0.5298598408699036 95.43950618803501 1.425082951784134 8.576166778802872 39.02968993782997 5.574271366000175 0.5162981003522873 64.25481489300728 8.700070351362228 3.23470875620842 45.01013976335526 24.54583057761192 1.827268958091736 56.43883730471134 79.67514072358608 39.0412288159132 39.481469810009 0 0 0 0 0 0.1557469815015793 0.1634727418422699 0 0 0 0 0 0 0.2865119576454163 0 0.4320020973682404 0 0 0 0.2710652574896812 2.626171469688416 0 0 0 3.255673319101334 0 2.822672039270401 0 0 0.1625359207391739 0 0 0 0 0 0 0.7487445771694183 1.383393049240112 0.3701801300048828 0.1251889914274216 0 0 0 0.08772628009319305 0 0.2301953360438347 0.5412150621414185 1.008035033941269 0.5120947360992432 0.576121985912323 0.6610741019248962 11.02857673168182 0 0.1226036548614502 0.1587577015161514 0.103729248046875 0 0.445451021194458 0.2627950608730316 0 0.3492008149623871 48.90209792554379 0.2364663928747177 0 0 0 11.60772125422955 0.9167563319206238 2.512353360652924 1.403823167085648 2.616502687335014 1.110742270946503 0 0.4752488136291504 0.4143021106719971 0.2107150629162788 0 0 0.1101085841655731 0 0 0 51.47339116036892 3.082411870360374 2.498952031135559 727.6216949149966 41.65794935822487 1041.804884083569 70.72074137628078 594.1614495366812 152.9176536202431 24.2221410125494 436.8141815438867 6.440893165767193 2.226735703647137 6.244521610438824 4.063621200621128 29.31541430950165 3.43544415384531 0.3673227429389954 2.617207691073418 87.59677205979824 0.5443632900714874
44.65858082473278 77.29419529438019 1962.630038097501 0.1489872485399246 172.0215170457959 1.926235318183899 100.2695980370045 0 512.431247882545 1.079426452517509 2334.837412767112 6.117907136678696 263.1097960174084 226.207651682198 36.35969654470682 24.51686297357082 2.47186778485775 4.646279364824295 0.2821292281150818 20.96261183172464 42.96077765524387 0.5461680293083191 58.61007694900036 12.16004215180874 36.78880474716425 1.195974729955196 9.816262014210224 1.354648798704147 0.8757892102003098 1.179640486836433 869.5626471936703 2176.427653416991 8.706433966755867 2.889547854661942 29.99513916671276 74.61939907819033 3.747099757194519 37.29442958533764 1.712086513638496 8.190000116825104 19.22457425296307 11.08053965121508 19.00877469778061 13.69666293263435 2.741189703345299 37.41959321498871 181.1704458594322 6.120523191988468 1.877261780202389 9.057315900921822 1.649618461728096 0.7582351863384247 0.4242925196886063 3.746151834726334 1.840383842587471 7.868184342980385 13.87187976390123 133.9990216046572 2.351277709007263 31.6776771992445 309.0587417781353 137.8039672151208 34.2644168138504 814.9974155426025 5.782585181295872 6.961244061589241 2.673315212130547 4.522875517606735 21.88969220966101 64.5621140152216 10.35949356853962 1.531223073601723 0 57.9731367379427 84.37402994930744 211.1284050419927 277.7882664874196 105.686095520854 808.5685091167688 1528.516331955791 1025.318342372775 3526.492792882025 10.77728222310543 0.464111328125 6.972951613366604 8.204706355929375 8.170985579490662 0.152315691113472 1.398665882647038 0 0 0.6272133886814117 60.87419471889734 6.067847013473511 5.55559378862381 9.994643360376358 1.048391833901405 0 0.1629888713359833 11.94133847951889 0.1361622959375381 0 0 0 0.1384007036685944 2.102087646722794 0 0.7904571890830994 1.712667256593704 0.4100421667098999 0 2.048419937491417 1.912339270114899 5.100864134728909 4.549885392189026 0.3470602631568909 0 0 0 0 0 0 0 0 0 0 0.477632999420166 1.202289640903473 0.5950855612754822 2.396233916282654 0 1.548106029629707 0.1997864991426468 1.460499852895737 0.4300881177186966 1.342566937208176 0 7.648604512214661 1.227039664983749 1.875998616218567 2.496942922472954 9.234523542225361 5.824783265590668 5.813113451004028 0 0.1536801755428314 0 0 0.4064852148294449 2.982635423541069 0.1717259138822556 0 0.2240313068032265 0 0 0.2337832897901535 2.631563290953636 0 0 0 0 0 0.293645054101944 0 2.791426464915276 4.026425816118717 6.731439478695393 0.7684714496135712 0 0 0 0 0.2027652710676193 0 0 0.3231785446405411 3.983449548482895 0.390373095870018 0 0 0.1287752836942673 1.692308284342289 3.766780629754066 4.773337066173553 0.08672028779983521 0.5133849829435349 0.4081532508134842 0 0 0 0.1043785363435745 0 0 0 0.1896400153636932 0 0 1.114284530282021 1.153325594961643 3.126348108053207 148.6589459180832 15.99768710136414 337.2636342421174 17.56033660471439 29.84044492989779 30.89661392569542 4.683604031801224 89.6520763412118 6.188188150525093 1.546331308782101 1.691440992057323 0.1170668452978134 1.851921960711479 0.3866393640637398 0.3839226067066193 1.177134029567242 2.25798200070858 0
202.8848057240248 1006.758192077279 436.036245919764 43.06576830148697 4088.136833637953 24.50598658621311 2269.759604498744 512.431247882545 0 66.95735743641853 2480.298286952078 80.84164111316204 3730.438441343606 1780.784501992166 11.65878529846668 5.92103910446167 0 0.1586122214794159 0.2931807339191437 0.2144929617643356 0 0 0.2577275335788727 0 0.1813555955886841 0 0.253310039639473 0.5311243534088135 0 0.106451116502285 98.31437673419714 4.283004388213158 68.42963886260986 0 0 0 1.265633106231689 0 0.6917857527732849 0 0 0.1419900953769684 0 0.1364659667015076 0.2560310289263725 0 128.622417576611 5.71759944409132 0.2344544753432274 0.4775807708501816 0.955086849629879 0.1755964159965515 0 0.1731431186199188 3.839882984757423 9.608433425426483 14.7783208116889 60.21810768544674 7.103021621704102 24.52981678396463 0.1716192960739136 0.6360450237989426 0 40.15200851857662 11.02497097104788 9.892406612634659 1.159240856766701 2.58826107531786 0.8741532862186432 0.5604538321495056 54.42076194286346 0 0 59.05782406032085 41.87553491443396 103.7682038992643 66.96530047804117 5.013932570815086 0.1435091644525528 19.23444554954767 0.5867069363594055 0.3605900406837463 14.83079300075769 0.3113964274525642 5.187045700848103 10.57617788016796 3.546718202531338 0.2110128998756409 1.536668971180916 0.1353775709867477 0.3128337115049362 0.2599462270736694 0 0.1913353204727173 0.401612289249897 97.07048156857491 0.7010224759578705 0 0 28.9973975867033 0.1502276957035065 0.8565346300601959 0.4403015375137329 0 0.1812587380409241 11.38977143168449 2.023150011897087 2.97953861951828 17.50470250844955 6.435211703181267 1.07920341193676 25.21253540366888 34.37535727024078 20.11434072256088 22.2781607657671 0 0 0 0 0 0 0 0 0.23653244972229 0 0 0 0 0 0 0 0 0 0 0 1.425822347402573 0 0.2287922203540802 0 2.162025436758995 0 2.316581040620804 0.5113832205533981 0 0 0 0 0 0 0 0 0 0.6684156358242035 0 0.1851409375667572 0 0 0 0 0 0 0 0.876926526427269 0.5401836186647415 0 0 3.322156623005867 0 0 0.1951322555541992 0.1243513375520706 0.2763354778289795 0 0 0 0 28.61025492846966 0.5230087637901306 0 0 0 6.597544372081757 0.9854797571897507 2.96080519258976 0.7836257442831993 0.5661212801933289 0 0.3680277019739151 0 0 0 0 0 0.3024540543556213 0 0 0 22.11356228590012 2.645121812820435 2.370033003389835 310.3303209245205 14.96480967104435 430.3551051914692 29.12797555327415 111.3241162449121 59.74682036787271 5.65193298459053 181.5347059369087 5.311470672488213 0.7995661199092865 2.735343880951405 0.3855596110224724 13.07863947749138 0.6690870448946953 0.3504181653261185 0.6524342820048332 4.42585089802742 0
2430.534763708711 488.8162674754858 14.62038251012564 2336.78019182384 83.74914786219597 1798.896968454123 1371.836326315999 1.079426452517509 66.95735743641853 0 8.459627822041512 2894.541956186295 5165.027263581753 1064.326327338815 5.024629026651382 0.1590349674224854 0 0.2586344182491302 0 0.1299490928649902 0.3203072398900986 0 0 0 0.1277363747358322 0.2330164015293121 0 0.2025984823703766 0 0.1160120442509651 60.41948562860489 0 16.51203192770481 0 0 0 1.649994313716888 0.522269070148468 0 0 0 0 0 0.1413954645395279 0.2520090565085411 0 84.18364825099707 9.236794844269753 0.1825514137744904 0 0.951809398829937 0.9819482713937759 0 0 9.747474916279316 20.11324572563171 85.52735237032175 210.3411950394511 7.854920253157616 49.54482883960009 0 0.6290706694126129 0 29.02120269834995 13.88656490296125 12.69502453505993 2.467278718948364 3.459703505039215 0.4301271811127663 0.2082830518484116 623.7614605724812 3.398882538080215 0 188.3110773563385 87.09400574862957 100.6149810254574 24.15709827840328 0.5934667736291885 0 9.733518190681934 0.4809121936559677 0.2529580742120743 28.52788801491261 0.3863843530416489 9.777824908494949 16.05287984758615 4.137088067829609 1.653250135481358 1.520619593560696 0.236296221613884 0.62334293872118 0.6069464981555939 0.1132938042283058 0 0.3217199891805649 1381.351554080844 13.98072151839733 0.3381450772285461 0.2582334280014038 564.7780563682318 1.608110293745995 50.53893016278744 352.9581049084663 226.7053159028292 0 111.8302274793386 79.1316726654768 2.827288448810577 121.9976131469011 18.37576448917389 1.175419986248016 49.44154122471809 143.252091884613 26.38258549571037 17.56817989051342 0.1320880800485611 0.1805468201637268 0 0 0 0 0 0 0 0 0 0 0 0 0 0 0 0 0 0.4979458078742027 0.9807590991258621 0 0 0 0.7442758083343506 0 0.920100212097168 0 0.1423138529062271 0 0 0 0 0 0 0 1.301999196410179 1.013093307614326 0.130963921546936 1.033697351813316 0 0 0 0 0.551672101020813 0.3537784218788147 0.3159316778182983 6.821543097496033 0.622286781668663 0 0 2.866920791566372 0.8382641673088074 0.2653132975101471 1.212856747210026 0.7112669572234154 0.1294300705194473 0 0 0 0 30.32635207474232 0 0 0 0.1494804471731186 5.244653955101967 0.4606303870677948 0 3.805250220000744 4.892924785614014 2.107372015714645 0.3773064017295837 0.1725051999092102 0.8675912320613861 0.4138166606426239 0 0 0.1455534100532532 0.231834277510643 0 0 41.91326229274273 1.126647233963013 2.013881728053093 225.3529139980674 15.32211071997881 293.7335409596562 27.64149019122124 1397.241550773382 43.13640029728413 8.835828758776188 93.78078630566597 4.312337756156921 0.7065599858760834 8.179046526551247 1.154080256819725 51.21341843903065 1.584271103143692 0 0.7345042675733566 103.8210971951485 0
358.1999985724688 579.5593651086092 4391.491066478193 4.233737781643867 1678.404535837471 31.32784323394299 1738.379942253232 2334.837412767112 2480.298286952078 8.459627822041512 0 340.456392660737 1935.392514288425 2175.522384345531 87.49920400977135 54.85200483351946 1.003145068883896 0.6111651808023453 0.1951238960027695 0.3549314364790916 1.236812591552734 0.1764625757932663 1.211595550179482 1.399640798568726 4.414494924247265 0.2289521768689156 0.7232154607772827 0.6955032050609589 0.1303025931119919 0.3347892463207245 558.9281658753753 272.9577160924673 1160.61449278146 0.103427842259407 0.2953904420137405 4.849313110113144 242.9302502423525 3.028996467590332 6.94397996366024 1.563447400927544 1.24943970143795 0.8384823352098465 0.7082801163196564 8.046216070652008 0.1047344133257866 0.8574057221412659 332.9533595070243 9.941349409520626 0.8467789143323898 0.4864439964294434 1.489013247191906 0.7269434630870819 0.7783346176147461 1.175957888364792 6.504968501627445 17.24037194997072 33.02819092571735 218.7611846029758 8.013910718262196 52.59177322685719 5.285988688468933 17.32842688262463 0.967138946056366 153.07406552881 16.99866721779108 14.45844331383705 4.822150878608227 5.861236959695816 2.305212564766407 0.6615507751703262 599.5318964570761 21.70856522023678 0.3056920170783997 135.1378244534135 94.66226883232594 293.4061364382505 247.0105407312512 45.59606123715639 42.63662549853325 604.7267969921231 13.30863588303328 179.5508428439498 24.99151156842709 0.7128682434558868 10.60851658135653 19.96290177851915 7.546019993722439 0.4254882782697678 2.140190422534943 0.4852257668972015 0.245551735162735 0.7064506411552429 1.263386212289333 0.733037993311882 1.262592777609825 315.3392418622971 43.54029415547848 0.1946530938148499 11.46156406402588 90.81968288868666 0.2424731254577637 1.390715599060059 0.789362445473671 0.8150796294212341 0.3444114923477173 20.51181034743786 2.092082276940346 2.120051234960556 12.46407125890255 6.068220719695091 1.696442738175392 50.3651270493865 62.18149033933878 54.96352256834507 75.71340353041887 0.8420398458838463 0 0.2465200275182724 0 0 0 0 0 0.1296762675046921 0.3024325966835022 0 0 0 0 0 0 0 0 0 1.21072543412447 5.509565860033035 0 0.1310578882694244 0 10.20797950029373 0.3603970557451248 22.57032119482756 0.2296464443206787 0.4769015163183212 0 0 0.2247166484594345 0 0.2333603650331497 0.4963953495025635 0 0.3864328563213348 1.740634076297283 0.5159268379211426 0 0 0.1506671756505966 0.11519905179739 0 0.1009175255894661 0.5081259906291962 0.4503016397356987 1.799749612808228 0 0.6668768972158432 0.494488999247551 42.31763948500156 0.4183343723416328 0.355718731880188 0.7340327724814415 0.1105191707611084 0.128226175904274 0 0.4065814763307571 0 0.2319816201925278 108.5480290427804 2.202255971729755 0.6747682690620422 0 0.873752772808075 25.84309986233711 8.839532732963562 14.94525437057018 1.215589247643948 0.6384370103478432 2.509650945663452 0 0.1488934457302094 0.2500874102115631 0 0 0.1426569223403931 0.4412388801574707 0.2124289274215698 0 0 49.22660467773676 20.72056890279055 25.86621610075235 582.6137468889356 25.50376915931702 791.8683349490166 59.91226226091385 185.307160153985 113.8504178225994 10.08395738899708 348.0722794681787 17.39963781833649 1.997016742825508 7.858560398221016 2.963166862726212 14.61272114515305 2.379085004329681 0.7045144736766815 1.621178053319454 7.532398477196693 0.4385449886322021
42.73725639283657 43.86860585212708 34.27266889065504 66.87271198630333 35.62210524082184 286.5942314863205 54.91066251695156 6.117907136678696 80.84164111316204 2894.541956186295 340.456392660737 0 1953.788912579417 1359.254705481231 18.65641175210476 11.89307887107134 0.586292490363121 0 0 0.1454342156648636 0 0 0 0 0 0 0 0.2054009288549423 0 0 12.09699296951294 0.8527986407279968 196.3404169082642 0 0 0.1723102927207947 15.20639987289906 0 0.4067171365022659 0 0 0.1329797804355621 0 0.9413715004920959 0 0 51.14920391887426 1.079070702195168 0 0.343302994966507 0.2114283218979836 1.026844218373299 0 0.321291983127594 1.25326332449913 2.446219511330128 5.904175296425819 9.521284252405167 2.220444738864899 6.592038109898567 0 3.933389350771904 0 5.321452751755714 1.457233652472496 1.500731624662876 0.5150473788380623 0.2016721367835999 0 0 718.7898791879416 4.958426833152771 0 17.17224091291428 7.558719709515572 35.60692217200994 22.78776409476995 8.672417692840099 0 51.61193743348122 0 2.235040076076984 4.417365543544292 0 0.5207265391945839 1.124543234705925 0.5095382258296013 0.3447808623313904 0 0 0.1497492790222168 0.142594113945961 0 0 0.1343658864498138 2015.91153832525 41.23425814509392 0.6785706281661987 3.484487146139145 42.79409742355347 1.748698800802231 5.724529147148132 3.933514773845673 4.694512158632278 1.326660603284836 63.18063707649708 6.86263570189476 15.95191042125225 28.986960709095 43.3366926163435 6.644085705280304 171.4676786735654 343.521719366312 143.7629877179861 144.6311363726854 1.588757142424583 0.159736841917038 0 0 0 0 0.1688533276319504 0 0 0 0.1426226794719696 0 0 0 0 0 0 0 0 2.250695899128914 7.863297834992409 0 0.1428471654653549 0.2539796829223633 17.37052747607231 0 23.24313350766897 0.5903424024581909 0 0 0 0 0 0 0 0 0.7634298205375671 2.435977436602116 0.7630550414323807 0.6012673825025558 0 0 0 0 0 0.1096341088414192 0.8253764808177948 2.980538874864578 0 0.241311714053154 0 49.38832969218493 0 0.1146748885512352 0.709524542093277 0.8964010626077652 0.6330929100513458 0 0.1103479117155075 0 0.3493198454380035 186.9525158256292 1.858718171715736 0.5495804250240326 0.54622882604599 0.5611235052347183 45.77099744975567 4.819235622882843 15.08062720298767 2.392330162227154 2.778708502650261 1.565625242888927 0.5304045677185059 0.5728179737925529 0.7172821536660194 0 0.3204141110181808 0.604505330324173 0.4607847109436989 0.1759735196828842 0 0 187.4946383237839 29.65565669536591 26.20467638969421 301.3684459477663 6.042616501450539 182.5433067828417 12.10182213783264 139.3967913538218 18.08069806545973 1.161980584263802 91.06721724569798 14.56628713011742 2.291071191430092 11.86757598817348 1.212679304182529 77.96180330216885 1.433899015188217 0.1337005645036697 2.925012685358524 1.565611764788628 0
408.4206082299352 596.2797000706196 267.4100745469332 1328.844694532454 1678.27289956063 406.5314063876867 2941.980374217033 263.1097960174084 3730.438441343606 5165.027263581753 1935.392514288425 1953.788912579417 0 3717.093573205173 51.71059365570545 27.44410440325737 1.084701240062714 0.3085218220949173 0 0.1152897700667381 0.5286441594362259 0.3678747862577438 0.1403994858264923 0 0.1258489936590195 0.3693623095750809 0.1964693367481232 0.9662968069314957 0.8938687071204185 0.2332173436880112 84.33846742659807 2.176321461796761 939.0471552610397 0 0 0.1102806106209755 15.2861004024744 1.453682109713554 1.564696803689003 0.7393519356846809 0.1257845461368561 0 0.6113548427820206 1.777202896773815 0 0.1829092353582382 237.3070935159922 7.816567525267601 0.1164815723896027 0.2045839875936508 1.948525980114937 1.260964512825012 0.3584709316492081 1.004379026591778 5.667282953858376 16.92376643419266 26.3231337890029 83.81064867973328 7.246404021978378 43.12770531326532 0.8440301269292831 16.9435113966465 0.1289759278297424 41.16826638579369 10.92958559840918 11.46908564120531 3.226932488381863 3.891536094248295 1.258261732757092 0 477.9528585076332 18.53464622795582 0 89.35174341499805 54.23655986040831 188.1443130970001 122.9549820199609 23.90386586636305 1.156421303749084 134.165535479784 0.152108907699585 3.441329345107079 17.27850826084614 0.4938600137829781 9.851176932454109 14.75930447876453 3.605035528540611 0.4195194467902184 1.846881948411465 0.7022590935230255 0.3372165635228157 0.6378670930862427 0.4256021827459335 0.2867660522460938 1.906211882829666 1493.723577842116 41.37862022221088 0 2.766282081604004 101.7643566280603 1.306185349822044 1.963851571083069 7.04437167942524 7.97238290309906 1.639699548482895 100.9530466198921 13.38926787674427 10.33884251117706 284.6328233331442 66.40362739562988 6.376833558082581 178.7505637258291 277.7424540817738 129.9829101413488 136.176485568285 0.3065862730145454 0.131523072719574 0 0 0 0 0 0 0 0 0 0 0 0.1330964267253876 0.1491811275482178 0 0 0 0 1.653238475322723 8.008754685521126 0 0.4830080419778824 0 13.0909209549427 0.5184345096349716 23.94458408653736 0.7296580672264099 0 0 0.1930668950080872 0.179490938782692 0 0 0.3636242747306824 0.3928865343332291 1.295091137290001 1.827618695795536 0.2920243740081787 0.2440604269504547 0.2516054809093475 0 0 0.1234154924750328 0 0.1311265677213669 1.037317596375942 0.8017721623182297 0.2249539941549301 0 0.4293170571327209 42.58208223432302 0 0.2318772226572037 0.1056465283036232 0.5798310041427612 0.5253167003393173 0.2165584713220596 0.2894419953227043 0 0 211.9043677076697 0.637090802192688 0.237123966217041 0 0 43.16384821385145 10.74538263678551 12.67828266322613 3.657568201422691 3.212275005877018 3.521216630935669 1.269030511379242 1.284478545188904 0 0 0.2124024629592896 0 0.6888054013252258 0 0 0 175.8802983164787 34.72978477180004 29.26924443244934 784.7670498341322 28.43654921650887 778.5333734825253 60.22324022650719 426.54123018682 113.8225926831365 8.865409210324287 415.7874020114541 21.05322842299938 6.115110531449318 11.84673320502043 4.014154940843582 72.81637185811996 2.382941082119942 0.4093358442187309 2.519948378205299 42.17192354798317 0
297.8448266088963 565.0518299341202 494.4212010130286 139.4568032622337 653.2898360416293 126.1453920304775 157.8153274729848 226.207651682198 1780.784501992166 1064.326327338815 2175.522384345531 1359.254705481231 3717.093573205173 0 57.63088951259851 34.10505568981171 0.9835478812456131 0.4163079187273979 0 0.3577422797679901 0.2842040210962296 0.2073319405317307 1.252394981682301 0.1922191232442856 1.221058517694473 0.2963354587554932 0 0.2446683347225189 0.158548578619957 0 106.7982880324125 7.531585097312927 1161.308800131083 0.1215120404958725 0.2325226366519928 2.202924162149429 392.7025963664055 1.873398490250111 5.837109908461571 0.323170930147171 0.3057106137275696 0.1173529252409935 0.3159125968813896 4.172644928097725 0 0.1839316785335541 185.3999741300941 4.086968675255775 0.1322017163038254 0.370615541934967 0.8842558041214943 1.041948154568672 0.4853514432907104 0.2313967645168304 2.536983892321587 9.287573888897896 16.9860198572278 71.57285471260548 5.414882577955723 19.24098026752472 1.221163719892502 8.677173152565956 0.379827082157135 26.23681662976742 7.71229150146246 5.382674314081669 1.509760722517967 1.462041348218918 0.8714927956461906 0 1571.771448805928 24.13250115513802 0.15101458132267 59.26750302314758 31.40298438072205 128.3541482463479 108.0342421084642 28.33965601027012 4.244512736797333 131.9820750206709 1.466167241334915 12.34095156937838 11.05005266517401 0.1172352284193039 5.105211652815342 8.842590026557446 2.693167172372341 1.499990999698639 0.8473766073584557 0.8462663143873215 0.1365729570388794 0.422282487154007 0.6830359175801277 0.1355242431163788 0.3903172761201859 1038.54359023273 64.76414732635021 1.970777899026871 19.78179413080215 53.91755419969559 1.058681532740593 3.945282533764839 2.906952053308487 2.036656111478806 0.6761637032032013 60.92915153503418 6.685085117816925 8.115251079201698 33.86177563667297 29.64118452370167 8.067415714263916 136.8459678515792 185.7822470963001 132.5874127373099 120.8728453963995 0.5918905064463615 0.3362259715795517 0 0 0 0 0 0 0.5823674201965332 0 0 0 0 0 0 0 0.1820646524429321 0 0 1.198098406195641 11.18426498770714 0 0.1468195915222168 0 13.64401063323021 0.2221418023109436 34.16059426218271 0.7790521234273911 0.1357048004865646 0 0 0 0 0 0.1615188866853714 0 0.4883334934711456 1.871351778507233 0 0.1681583225727081 0 0 0 0 0 0.2090252637863159 0.5546790733933449 1.523275882005692 0 0.3504844307899475 0.846286728978157 59.93404894322157 0.1243357732892036 0.6647392958402634 0.5425218418240547 0.7856441959738731 0.5261832848191261 0 0.7983149588108063 0 0.2035083621740341 176.6981682255864 2.456146523356438 0.7986225038766861 0 0.2999895215034485 52.29589828103781 9.298407688736916 15.67793315649033 2.057673037052155 1.233669891953468 3.574628047645092 0 0.8970164358615875 0.6754870116710663 0.1846131682395935 0 0.1748067289590836 0.8784318417310715 0.6514525711536407 0 0 128.3610311895609 31.3859149441123 29.83267802000046 664.646121673286 16.27399979531765 604.2162633165717 36.43241927027702 174.5820830613375 68.31749496608973 5.688105598092079 300.9340660348535 22.95494392514229 3.84557643532753 14.25119548290968 3.061065249145031 57.83462461829185 1.444772757589817 1.374039769172668 3.557352736592293 11.03065577149391 0
