0 3463.014540188015 298.3131709098816 1030.433981716633 810.3527110368013 47.6106112152338 2078.302826441824 77.45496417582035 131.4303318113089 2560.410133630037 380.4521504193544 144.5000602602959 359.9576129615307 128.5987085774541 1.357413046061993 0.3992922306060791 0 0 0.2958178818225861 0.1425287425518036 0 0.3141668736934662 0 0 0 0.2618774473667145 0 0 0 0 218.8830683752894 3.444628953933716 3.426192283630371 0 0 0 11.71063134074211 0.2061217278242111 0.7294022738933563 0.3478471040725708 0.1079483851790428 0 0 0 0.3928212895989418 0 10.67747668921947 1.857176229357719 0 0 0.7229930460453033 0.3292216211557388 0 0 1.467718191444874 6.637571111321449 274.3422405421734 871.4014925509691 60.48004657775164 27.66803678870201 0 0 0 4.253447704017162 2.748766653239727 1.317782253026962 0.4730627909302711 1.732052370905876 0 0 24.65621374547482 12.545833081007 0 127.0973476320505 51.43295551836491 8.480738081037998 2.950934618711472 0 0.4096923023462296 36.50541388988495 0 0.8684163838624954 8.892793700098991 0.1185405701398849 1.051568552851677 2.573606714606285 0.9972969964146614 0.8951414600014687 0.09725846350193024 0.8075094968080521 0.09538048505783081 0 0.1889271289110184 0 0.1605785936117172 73.53220199048519 24.43519274890423 1.13228914141655 8.246023833751678 1600.643435031176 0 0 0 0.2549203038215637 0 13.93828113377094 0.7540075778961182 1.225107103586197 9.060261741280556 2.28242002427578 0 1.930105216801167 3.353901669383049 4.965647861361504 0 0 0 0 0 0 0 0 0 0 0 0 0 0 0 0 0 0 0 0 0 0 0 0 0 1.317531615495682 0 0 0.2518888115882874 0.1410468220710754 0 0 0 0 0 0 0 0 0 0 0 0 0 0 0 0 0 0 0 0 0 1.057858109474182 0.628354012966156 0 0 0 0 0 0 0 0 0 3.270124405622482 0 0 0 0 0 0 0.7142748683691025 0 0 0 0 0 0 0 0 0 0.1186567693948746 0 0 0 4.036749809980392 0.223452165722847 0.1699009388685226 64.72994938492775 8.3680325075984 50.9354999512434 6.50738462805748 1244.834668427706 21.10771328955889 1.042208395898342 10.86946478486061 2.061912178993225 0 0 0 4.293389350175858 0 0 0.4118406474590302 0 0
3463.014540188015 0 439.1157206296921 128.2953410148621 2291.51696074754 88.17691838741302 3009.382742770016 258.2492955699563 1560.3173096627 218.3652232736349 2196.455452501774 61.68938662856817 1635.197218172252 1640.814939811826 3.141533277928829 0.6952130943536758 1.40759140253067 0.577240064740181 0.1571680307388306 0 0.3402271866798401 0 0.09943125396966934 0.2559470757842064 0.5267846882343292 2.64291162788868 0 0.4707017540931702 1.025178581476212 0 1585.189196363091 54.58748875558376 9.464690297842026 0.3697210252285004 0 0 8.086769223213196 0.5831689238548279 0.2788404673337936 0.9200932234525681 1.560313865542412 1.066621035337448 0.2633419632911682 0.4922312870621681 0.1286198049783707 0.2463268116116524 116.4103338420391 11.30096280574799 0.4185680001974106 0.1422984600067139 1.344809576869011 0 0 0.24958635866642 7.243969105184078 23.32822511345148 120.8145558163524 1095.192041628063 156.4058184251189 126.7366017624736 0.1877862811088562 1.518570899963379 0 74.31274384260178 10.37710317224264 16.23403575271368 5.389641210436821 14.46142426133156 1.733533374965191 0.4188381433486938 2.786814644932747 0.527398869395256 0 416.9253143668175 94.68624370545149 57.2694926187396 46.76964607834816 1.916673257946968 2.160817682743073 268.6248319894075 0.5476164072751999 8.003996074199677 36.06528395414352 2.519043922424316 11.03310560435057 16.59050744026899 6.051607973873615 0.08595079183578491 3.763820804655552 0.1408936530351639 1.442202486097813 0.9515372142195702 0.89136603474617 1.731408461928368 2.363990470767021 38.30202132463455 1.188207596540451 0 0.3959764093160629 1385.710180722177 0.3424672484397888 0.9146561622619629 0.8888617753982544 0.580845057964325 0 33.720594227314 1.833438500761986 6.085649959743023 3.6663908213377 15.70295435190201 0 19.56339409202337 12.83506923913956 16.5951874256134 3.393304228782654 0 0 0 0 0 0 0 0 0 0 0 0 0.1337606459856033 0 0 0 0.3905030786991119 0 0 0.485602468252182 0.333127498626709 0 0 0 1.979424260556698 0.5111280083656311 2.361434027552605 0.5994822233915329 0 0 0 0.1190568208694458 0 0 0 0 0 0.3912583291530609 0.3675011098384857 0 0 0 0 0 0 0 0.1988790333271027 0 0 0 0 0.4731061905622482 0.4163368344306946 0.4989979863166809 0 0 0.09908212721347809 0.2174797207117081 0 0.2361463010311127 0 4.267190724611282 0 0 0 0.09670181572437286 1.348396480083466 0 2.185187011957169 0 0 0.3363690376281738 0 0 0.1184782013297081 0 0.1168306469917297 0 0.1260996907949448 0.09235715866088867 0 0 10.79328678548336 0.3415357246994972 1.395182177424431 323.0542002692819 60.65343602746725 451.3888008520007 49.39888855069876 1391.281127072871 104.2310166284442 8.074846535921097 96.46578128635883 3.825540259480476 4.391832798719406 0.5821561217308044 0.8949475586414337 9.025277584791183 0 0 1.631259620189667 2.418612688779831 0
298.3131709098816 439.1157206296921 0 0.84662264585495 249.8638376742601 4.030999854207039 136.6787052974105 1582.373669341207 132.5902420729399 4.650021255016327 3251.904497727752 4.688923761248589 141.6464013233781 289.2007671743631 19.05412156879902 10.78305662423372 2.132325246930122 0.417123019695282 0 0.1603687256574631 2.832543320953846 0.1854151040315628 0.6827880814671516 0 9.483386144042015 0.4023616909980774 0 0.7483604401350021 0.5970534235239029 0 3037.876510873437 320.5108129531145 144.3714357838035 0.5890157371759415 1.398473292589188 2.052783146500587 57.59630601108074 17.68623621761799 13.81015569716692 17.11633987724781 3.079817399382591 0.4845723807811737 0.4220040813088417 2.617376044392586 0.7621110454201698 2.503671400249004 32.32866351306438 3.065683849155903 0.09549757093191147 0.9058079943060875 4.44350802898407 0.9830157458782196 0 0.3604303374886513 3.000742636620998 4.508908323943615 24.66084225475788 622.058915168047 29.73798401653767 22.46621187031269 3.579619161784649 54.67715475708246 2.267211355268955 77.03450930863619 2.333363853394985 2.787923537194729 1.449535384774208 3.956878423690796 2.480192400515079 3.808227337896824 33.33849304914474 4.967301115393639 0 128.9284288138151 34.36712610721588 21.54833510518074 22.80635627359152 9.239817887544632 99.3389043211937 2185.973017156124 1.497327968478203 475.9061732962728 7.274558000266552 0.4152019768953323 1.086904488503933 2.526081867516041 2.843792609870434 0.311785914003849 1.495287299156189 0 1.541314281523228 0.9549222216010094 11.94972616434097 3.67303666472435 3.455654121935368 19.61355466395617 5.958019763231277 0 13.48046346008778 151.5611156523228 0 0 0.2856131196022034 0 0 2.314464390277863 0.5505893230438232 3.043365806341171 0.4700244814157486 1.047545462846756 0.2476153895258904 5.57208214700222 3.799340225756168 7.054084241390228 3.491885326802731 0 0 0 0 0 0 0 0 0 0 0 0 0 0 0.4016272127628326 0 0 0.2348690330982208 0 0.8122438192367554 0.3812238052487373 0 0.1276384443044662 0 5.071303986012936 0.5562161058187485 6.490777470171452 2.147114902734756 0.3849301785230637 0 0 0 0.1397329866886139 0 0.4122219085693359 0 0 0 0 0 0 0 0.1299890428781509 0 0 0 0 0 0 0 0.5523291677236557 6.773827590048313 0.3468361049890518 0 0 0.08468472957611084 0 0 0 0 0.1064367592334747 9.570383481681347 0.4871121942996979 0 0 0 1.242182269692421 0.5459235906600952 3.983318343758583 0.3808400332927704 0 0 0 0.3796162903308868 0 0 0 0 0.144822359085083 0 0 0 2.981162346899509 1.043843887746334 5.419615335762501 199.2405609637499 15.40281674265862 117.8808729872108 32.34793935716152 109.7915818542242 23.64935149997473 1.843131303787231 47.29293274134398 2.910738065838814 0.8237856477499008 0.3937481120228767 0.389105498790741 2.211274236440659 0 0 0.2143890857696533 1.397450298070908 0.4116831868886948
1030.433981716633 128.2953410148621 0.84662264585495 0 52.26148054003716 132.1594030112028 221.1878863275051 0 10.78107853233814 728.976833447814 0 386.4978889971972 965.758368074894 12.85602200031281 0 0 0 0 0 0 0 0 0 0 0.1058673113584518 0.1225913837552071 0 0 0 0 4.324986420571804 0 0 0 0 0 0 0 0 0 0 0 0 0 0 0 2.639067649841309 0.402060329914093 0 0 0.1081906259059906 0 0 0 0.2938153445720673 0.2769422084093094 9.588072523474693 26.11913976073265 3.209228225052357 3.145292773842812 0 0 0 0.3447077870368958 0.2741766721010208 0.2674106433987617 0.09796887636184692 0.3559704199433327 0.2598533034324646 0 9.194724500179291 0 0 7.226268365979195 3.317671686410904 0.9079766869544983 0.3090075552463531 0 0 0 0 0.2144154384732246 0.9562337696552277 0.08565402776002884 0.1168593168258667 0.951535165309906 0.3444492071866989 0 0.1093484908342361 0 0 0 0 0 0 17.24358813464642 4.929646849632263 0 0 212.8414660990238 0 0 0 0 0 0.6504815667867661 0.6890741586685181 0.7598594725131989 0.3972375392913818 2.03940013051033 0 3.056981891393661 2.946880251169205 1.041344717144966 0 0 0 0 0 0 0 0 0 0 0 0 0 0 0 0 0 0 0 0 0 0 0 0 0 0 0 0 0 0 0 0 0 0 0 0 0 0 0 0 0 0 0 0 0 0 0 0 0 0 0 0 0 0 0 0 0 0 0 0 0 0 0.9219796508550644 0 0 0 0 0 0 0 0 0 0 0 0 0 0 0 0 0 0 0 0.3300932049751282 1.719638273119926 0 0 12.17568838596344 1.768055953085423 8.61098775267601 1.049410291016102 303.35904045403 1.825141564011574 0.250383235514164 2.670691087841988 0.5533156991004944 0 0.1868346333503723 0 1.71127849817276 0 0 0 0 0
810.3527110368013 2291.51696074754 249.8638376742601 52.26148054003716 0 9.156414210796356 1606.148219317198 132.3130497783422 3394.935802049935 82.50452573597431 2755.526504635811 35.63372698426247 1573.380417868495 2034.041126407683 3.155116602778435 0.8036754429340363 0.4825931191444397 0.384989857673645 0.1400550305843353 0 0.1324390918016434 0 0 0 0.1808312386274338 1.194245740771294 0 0.3613749444484711 0.3221660554409027 0 623.6042811721563 38.87492712587118 2.653583824634552 0 0 0 0.9024211317300797 0.2733380496501923 0.91231569647789 0.2648578360676765 0.4469904005527496 0.5976247861981392 0 0.1299316138029099 0.2317351400852203 0 62.53861190378666 3.290145769715309 0.3731130659580231 0 1.130012236535549 0 0 0.1281678080558777 2.462260238826275 9.51368173956871 31.87954174727201 182.2180545926094 40.88136687874794 42.94741670787334 0 0.365385577082634 0 36.8746936917305 3.78288334608078 5.024285264313221 2.914926536381245 4.978610038757324 0.7084047049283981 0 0.8637093901634216 0.4721816629171371 0 112.5705329403281 34.17458532750607 28.03269209712744 30.91755893081427 1.004758164286613 0 461.3963626623154 0.2772044092416763 0.5786678865551949 10.91754300147295 0.1889260560274124 2.62546131759882 6.369039446115494 2.564110860228539 0.3381775617599487 0.9826803654432297 0 1.164523474872112 0.2836430296301842 0.3465177714824677 1.16485384106636 0.4511198401451111 69.17235681414604 0.6183856129646301 0 0 139.2236351370811 0 0.394825279712677 0 0.9771164953708649 0 5.927050650119781 3.942833259701729 4.857189804315567 3.328372523188591 18.8371574357152 0 25.54797859489918 19.38726097345352 16.78338864445686 1.135721117258072 0 0 0 0 0 0 0 0 0 0 0 0 0 0 0 0 0 0 0 0 0.2112518548965454 0 0 0 0.2040938585996628 0 1.54162310063839 0.7841283082962036 0 0 0 0 0 0 0 0 0.8684856295585632 0.1245361268520355 0 0 0 0 0 0.09605179727077484 0 0 0 0 0 0 0 3.679517686367035 0.1689425110816956 0 0 0 0 0 0 0.1480532139539719 0 7.522381819784641 0.2107722014188766 0 0 0 0 0.3607525229454041 0.5583951771259308 0 0 0 0 0 0 0 0 0 0 0 0.1476760655641556 0 12.27877490222454 0.8694473206996918 0.7237411886453629 187.2483388856053 33.54919409751892 230.7684659659863 28.29682765156031 324.8033286780119 55.51186503469944 4.079798802733421 58.00701101124287 3.170102626085281 0.4406155943870544 0.8827972710132599 0 6.430720016360283 0 0.3176806569099426 0.7232847958803177 0.3408893346786499 0
47.6106112152338 88.17691838741302 4.030999854207039 132.1594030112028 9.156414210796356 0 134.0257209092379 0.7752366364002228 5.919982850551605 763.625400826335 3.416592121124268 266.7415397316217 212.6344544291496 55.06635405123234 0.2262557744979858 0.5046907663345337 0 0 0 0 0 5.389708667993546 0 0 0 0 0 0 0 0 7.301972940564156 0.8965041935443878 41.18168193101883 0 0 0 83.8006329536438 4.01485387980938 15.62147080898285 4.270369365811348 0 0 0 0 0 0 0.2210131883621216 0 0 0 0 8.091978907585144 1.627704977989197 0 0 0.5507875233888626 28.95050138235092 21.7065182030201 0.1524326205253601 0.4660828709602356 0 7.161248341202736 0 0 0 0 0.4113901555538177 0 0 0 148.2373706996441 197.7997546046972 22.68849396705627 0.3995724767446518 0 0.115373857319355 0 0.4820494055747986 0.2853316962718964 12.11565269529819 0.2608321011066437 10.45387595891953 0.1864204108715057 1.658702865242958 0 0 0 10.71153917908669 3.590564854443073 10.77673836052418 1.079424723982811 5.89510452747345 0 0 0 329.3828811347485 85.2531790882349 25.98911935091019 46.33694745600224 291.8809037357569 0 0 0 0 0 0.4194220453500748 0 0 0.6036424040794373 0 0 0.6688626408576965 0.6939118802547455 0.2377300709486008 0 0 0 0 0 0 0 0 0 0.4368439316749573 0 0.3219120800495148 0.6773995161056519 0.2313791811466217 0 0.2709125280380249 0 0.3052139580249786 0.1727825701236725 0 0 0.2153995633125305 0.187850147485733 0 0 1.451969414949417 0 0.7975308448076248 1.528964668512344 0 0 0 0 0 0 0 0 0 0 0 0 0 1.332558453083038 0 0 0 0 0 0 0 0 1.019998639822006 1.390870675444603 0 0 0 0 0.1287458091974258 0 0 0 0 1.510793074965477 3.444510132074356 0 0 0 0 0.5110840052366257 2.085120379924774 0 0 0.2130911350250244 0 0 0 0 0 0 0 0 0 0 1.098792061209679 1.798021867871284 4.704535126686096 7.420883648097515 0.8596909642219543 1.849734127521515 0.1446599513292313 98.86381153762341 1.43578989803791 0 0.1436932682991028 0 0.1594981253147125 0.2296187430620193 0 0 0 0 0.5240417122840881 0 0
2078.302826441824 3009.382742770016 136.6787052974105 221.1878863275051 1606.148219317198 134.0257209092379 0 14.65299081802368 2127.450456015766 1321.215128213167 288.9370337724686 285.1322802007198 8850.767208881676 1465.34554579109 16.52737049013376 2.735090456902981 1.168255634605885 0.8115547299385071 0.5524566695094109 1.135581031441689 2.485284984111786 0 0 0.6775340512394905 0.3602452278137207 5.131049267947674 0.2537988722324371 2.441342785954475 4.190586507320404 0.6295292973518372 338.0091915801167 79.44857799261808 5.532647296786308 0.4200149774551392 0.1967179477214813 0.203735426068306 1.131678491830826 0.7958790883421898 1.245379209518433 1.986406020820141 2.292021669447422 3.369858101010323 0.1940687298774719 1.096913941204548 0.2359634563326836 0.9890507683157921 207.2371478527784 13.17557992786169 0.5146808549761772 0.2957262098789215 4.244939967989922 0 0 1.395803168416023 9.26445410400629 35.23524487018585 118.4950249791145 500.5968524217606 168.7638083696365 141.0534708276391 0.7230240032076836 0 0 115.4097782298923 16.99235332012177 19.14385285228491 10.57190395146608 22.4560192450881 3.507890552282333 0.8340642675757408 7.560552388429642 3.829072579741478 0 353.7943056225777 103.7204044908285 94.48767267167568 105.5419028550386 3.885696925222874 1.554834194481373 7.412418089807034 0.782141849398613 4.591861166059971 43.48057916015387 3.192818254232407 12.64505159854889 25.70511607825756 10.49786005914211 0.1780386194586754 5.341802872717381 0.1166357845067978 3.609474077820778 2.835046589374542 1.02337734401226 1.414701573550701 4.527627378702164 300.7836276739836 2.615669012069702 0 1.873433187603951 798.0694954171777 0.9818600416183472 3.885679230093956 3.112445846199989 2.383036077022552 3.269828259944916 45.95803280174732 18.42993414402008 37.28515474498272 27.79490650445223 106.6410855203867 1.15173202753067 160.8027568385005 159.767337910831 130.5572873651981 30.81531631201506 0.1239375025033951 0.3072680234909058 0 0 0 0 0 0 0.7691408395767212 0 0 0 0.8473460674285889 0 0 0 0.3448224067687988 0 0.9783491790294647 3.542793989181519 3.357939667999744 1.926207184791565 0.340389609336853 1.26238015294075 8.634054534137249 0 8.098000667989254 1.432573214173317 0 0 0 0 0 0 2.515192985534668 0 1.393652051687241 1.368698492646217 0 0.1341250687837601 0 0.6602122783660889 0 0.1734029650688171 0.09449522197246552 0 1.3818618953228 1.847536601126194 0 0 0.8228393793106079 17.79161351919174 0 0.8122568577528 0 0 0.1052688360214233 0 0.118231788277626 0.2828352153301239 0 63.08871433138847 0.8221893906593323 0 0.1457524299621582 0.1460081487894058 3.557174503803253 0.4852932840585709 13.05117215961218 0.4837749972939491 0.9303916990756989 0.2025847285985947 0.6738421320915222 0.1623691618442535 0.1163331940770149 0 0 0.1035198420286179 0.1006786078214645 0.1142839342355728 0 0 124.2531222403049 3.46998655796051 4.764992542564869 686.9871670380235 140.0682199150324 830.9523394703865 142.5981002599001 2405.495518833399 230.1985940113664 17.78920203447342 206.4842385873199 18.91071914881468 0 4.47472869604826 2.257048770785332 42.53834901750088 1.011524736881256 0.3661142885684967 2.229762546718121 3.982305750250816 0.7563330829143524
77.45496417582035 258.2492955699563 1582.373669341207 0 132.3130497783422 0.7752366364002228 14.65299081802368 0 37.27500846982002 1.843248769640923 1259.863532535732 8.979544244706631 202.8400827050209 758.1563031971455 147.1579618006945 78.06725614517927 12.58215902745724 3.142277777194977 0.9474703744053841 12.84364257752895 37.7693759277463 0.5485341846942902 7.46589007973671 2.460327289998531 64.24335786700249 4.655533336102962 2.147614814341068 2.022681057453156 1.38065417855978 0.7890414297580719 1228.06986566633 1167.195477597415 142.6320815160871 27.45077662169933 21.19259987771511 45.50652378052473 42.81050685048103 42.64697622507811 14.23997984081507 22.69178823381662 27.73280937224627 9.128303065896034 11.83436833322048 71.4854728281498 41.45041095465422 192.9403971210122 256.8415739089251 14.95402786135674 2.838380083441734 12.27602767944336 26.72509650141001 1.999844387173653 0.2775276079773903 2.370409466326237 3.040506906807423 11.65508475899696 34.06584473699331 233.1798382624984 42.47751381248236 71.06420783698559 225.1718084737659 211.0273657441139 29.89936775714159 354.0031736195087 5.71691332384944 11.44272512942553 8.443316519260406 42.36201316490769 37.69120313227177 47.25342101603746 27.30793964117765 8.683282062411308 0.1041260063648224 171.1698535084724 84.35033598542213 151.6748023405671 513.984063833952 454.0047359094024 485.0823732316494 2175.506482698023 438.6233638599515 2896.54646845907 16.31342728435993 0.8808213174343109 10.22587660700083 12.00171865522861 27.73266021162271 0.07493972778320312 2.664523661136627 0.2516948357224464 6.486317813396454 2.76032480597496 91.80722072720528 22.01704505831003 10.96990406513214 27.02319920063019 7.499608278274536 0 11.54017959535122 33.12385034561157 0 0.5805677175521851 0 0 0.2784913033246994 1.765332072973251 0.7154669761657715 2.048837125301361 0.4803129881620407 2.669035315513611 0 3.804552502930164 6.220929190516472 5.163353696465492 4.580357655882835 0 0.586254894733429 0 0 0 0 0.112923189997673 0 0 0 0 0 0 0.2613803446292877 0.1587468683719635 0.5213926658034325 0 0.6288639977574348 0 0.54740060120821 0.4862234964966774 0 1.917697578668594 0 3.737379476428032 1.017664477229118 6.628880888223648 2.129465505480766 0.6025143414735794 0 0.1168603450059891 0 0 0 1.171064436435699 0 0 0.1112478822469711 0 0.1260125339031219 0.2158130556344986 0 0.2267128676176071 0.3997517824172974 0 0 0 1.04327380657196 0 0 1.325449466705322 6.973418369889259 0 0 0 0 0 0.2824770510196686 0 0 0.2218601927161217 7.177132286131382 0.7083977162837982 0 0 0.5731722936034203 0.6362776458263397 0.5291575938463211 8.274354107677937 0 0.2879613041877747 0.1276110857725143 0 0 0 0 0 0 0 0.2619401589035988 0 0.0986565500497818 3.397123709321022 1.429641872644424 5.327748849987984 708.1882592737675 77.94127465039492 682.6410783454776 204.8108455762267 252.9373749420047 149.2000576555729 9.463629133999348 284.9829864948988 7.646994113922119 0.2617000043392181 1.343558244407177 0.1204579845070839 2.366962105035782 0 0 0.3925592601299286 7.838833868503571 2.213048525154591
131.4303318113089 1560.3173096627 132.5902420729399 10.78107853233814 3394.935802049935 5.919982850551605 2127.450456015766 37.27500846982002 0 193.8813269883394 1084.490851715207 84.75735256820917 4021.348548896611 1598.114112861454 11.54457906633615 2.158195719122887 0 0.1337373405694962 0 0 0.8664894849061966 0 0 0.17502461373806 0 0.9578454345464706 0 1.161519601941109 1.266375347971916 0.1271687299013138 165.3452307879925 45.38748408854008 4.230476975440979 0 0 0 1.637697577476501 0.4643156006932259 0 0.0976061075925827 1.076010033488274 0.1381769925355911 0 0.4261695221066475 0.379378616809845 0.2479043155908585 71.0561805665493 2.975374303758144 0.1942749619483948 0 0.3468532711267471 0 0 0.1624561101198196 1.776453122496605 5.963415734469891 18.27897103130817 79.2006910815835 26.05509702861309 29.79402735829353 0 0.2770697474479675 0 37.39518436789513 3.059711039066315 3.132204003632069 1.881606511771679 4.876100964844227 1.087004713714123 0.4531366974115372 3.952469125390053 3.452288761734962 0 55.68939407169819 17.22921756654978 26.41448406130075 32.13560184836388 0.5767247080802917 0.3305206373333931 219.048826597631 0.3706432804465294 4.140438206493855 7.997769601643085 0.5443253889679909 1.527952283620834 5.570654451847076 2.062841281294823 0 0.9637252986431122 0 0.6727146059274673 0.1613162308931351 0.4534616693854332 1.33999340236187 2.633829966187477 211.9928337335587 1.87737363576889 0 0 32.40871941298246 0 2.652752697467804 4.601807028055191 1.514406770467758 2.128260985016823 44.6215583384037 14.38614089787006 27.51817351579666 14.5770932585001 65.08479806780815 1.370007365942001 133.2880740538239 108.5592241287231 110.3079510182142 26.55883571505547 0.1400862187147141 0.1362478286027908 0 0 0 0 0 0 0 0 0 0.2732385098934174 0 0 0 0 0 0 0 4.850405983626842 1.877738930284977 0 0 0.9665409326553345 5.233461432158947 1.250443547964096 8.120918214321136 0.6399217844009399 0 0 0 0 0 0 1.070399641990662 0 0.9780955463647842 0.9181631803512573 0 0.5960696339607239 0 0.8273386359214783 0 0 0 0.08105506747961044 0.9823941588401794 1.623504742980003 0 0 0.4953963756561279 14.78284342586994 0.8340370357036591 0.3093121945858002 0 0 1.139870315790176 0 0 0 0.2471150010824203 46.72125898301601 0.1944418698549271 0 0 0.1607826352119446 3.151496917009354 2.075641721487045 10.38079957664013 0.2836347818374634 0 0.6321939677000046 0.782595157623291 0 0 0 0 0 0 0.08801225572824478 0 0 77.24740698933601 2.918362304568291 4.410868972539902 297.972787566483 41.54529815167189 303.4602262079716 74.02563170343637 365.9070430099964 87.4962890073657 5.208898834884167 130.9186650589108 11.03672710061073 0.8311876058578491 4.781260907649994 0.9313635975122452 34.5607975423336 1.327392265200615 0 1.750811636447906 1.606508173048496 0
2560.410133630037 218.3652232736349 4.650021255016327 728.976833447814 82.50452573597431 763.625400826335 1321.215128213167 1.843248769640923 193.8813269883394 0 33.98023992776871 2183.526467546821 5554.352175161242 81.06256841123104 0.4807550981640816 0.3788697272539139 0 0 0 0 0 0 0 0 0.1151945665478706 0.508907675743103 0 0 0.6795041561126709 0 11.29965300858021 0.5451805144548416 1.708435341715813 0 0 0 4.127230778336525 0 1.429983258247375 0 0.3086797297000885 0.8977680206298828 0 0 0 0 8.863525703549385 0 0 0 0.1307083666324615 0.2238702774047852 0 0 0.2821410447359085 1.272499576210976 39.66651360690594 115.5615666657686 12.34448816627264 6.368786863982677 0 0.2584159076213837 0 1.911348924040794 0.8098888099193573 0.5722194239497185 0.3149660751223564 0.7952142506837845 0 0 49.72210343182087 14.40039451420307 0.8097208440303802 22.16399555653334 7.111687481403351 2.27035827934742 1.996798686683178 0 0 1.608639284968376 0 0.5455169901251793 2.168178789317608 0 0.3291102349758148 0.9103861078619957 0.4508501142263412 0 0.2540711313486099 0.1080335602164268 0.2645385414361954 0.1498824506998062 0 0.1980030834674835 0.5257336050271988 726.1844307631254 14.39823445677757 0.4684114158153534 2.743420228362083 1617.439464136958 1.099148452281952 7.141497284173965 5.578103244304657 5.289010033011436 1.877261355519295 65.02355468273163 50.91286444664001 48.64880432188511 43.99058637022972 189.648840367794 1.604363396763802 255.1170221269131 196.6732486188412 193.5064596533775 23.13845553994179 0 0 0 0 0 0 0 0 0 0 0 0 0 0 0 0 0 0.9804374575614929 0.7796620726585388 2.405365154147148 1.317928269505501 0.6516546010971069 0 0 3.099550910294056 0 6.671521574258804 1.292519211769104 0 0 0 0 0 0 0 0 1.261849947273731 0 0 0.2849654853343964 0 1.083974838256836 0 4.158584594726562 0.4348193407058716 0 1.316376894712448 0.3930125534534454 0 0 0 11.24198162555695 0 0 0.7688073217868805 0.3946364223957062 0 0 0.3126493692398071 0 0 35.08738951385021 0 0.8090846687555313 0.1796222478151321 0 3.135809615254402 1.235486507415771 4.075519442558289 0.9545723050832748 1.491616427898407 0 0.2326471656560898 0 0 0 0 0 0.1765953451395035 0 0 0 150.6692943572998 3.854559913277626 1.720066353678703 437.0578989833593 5.128321342170238 40.77394302934408 6.801617234945297 2755.026011317968 8.88400936871767 0.6625316962599754 15.40458903461695 30.33373761177063 0 4.912945255637169 2.698355473577976 75.78207829594612 1.201486065983772 0 0.2138439267873764 0.3104325830936432 0.1296215504407883
380.4521504193544 2196.455452501774 3251.904497727752 0 2755.526504635811 3.416592121124268 288.9370337724686 1259.863532535732 1084.490851715207 33.98023992776871 0 113.0702064931393 1626.884518653154 2543.516645073891 66.52749647200108 17.51959057152271 2.018517717719078 0.3286971747875214 0 1.158139944076538 0.4209281355142593 0 0 0 0.4888866394758224 2.654080390930176 0 1.504588916897774 2.183828204870224 0 2333.985020779073 622.8822793364525 66.19166376441717 0.2213347479701042 0 0 25.89778362214565 1.42773275077343 2.486780092120171 1.846073135733604 0.6554708182811737 1.700112849473953 0.3409337997436523 2.151786133646965 1.34415278583765 1.569849863648415 163.8600064441562 6.742720186710358 0.5814312025904655 0 0.3810940682888031 0.232639491558075 0 0.6260595917701721 3.452059037983418 14.70962243527174 46.58473039418459 373.9599506705999 61.25142960995436 74.98969600349665 0.9537980407476425 1.959809020161629 0 108.8104573488235 7.709289893507957 6.877613991498947 3.952070467174053 8.406572669744492 0.9271969571709633 0.8148323595523834 29.57227724790573 11.78297854959965 0 192.5307935029268 55.01847712695599 69.77190153300762 94.41890130937099 10.28777272254229 23.46689455956221 382.9459394142032 0.7684491574764252 1092.173214919865 19.10735884308815 0.805302657186985 7.43376062810421 11.62365921586752 3.452218763530254 0.08091448247432709 1.631384156644344 0.1878279596567154 2.860433124005795 0.8147911578416824 0.6349673271179199 0.6245583742856979 2.196737408638 172.677690923214 2.898655086755753 0 0.9055446982383728 106.4550743550062 0.5039470195770264 0.7531918883323669 0.9491147398948669 3.098737925291061 0.6137225851416588 26.02535407245159 8.556884944438934 26.58149909973145 9.517838090658188 46.04663492739201 2.520081251859665 91.35735693573952 59.6624563112855 81.36433398723602 18.4209141433239 0.1213856562972069 0.149836391210556 0 0 0 0 0 0 0 0 0 0 0 0 0 0 0 0 0 2.713660925626755 2.374075315892696 0.4227922558784485 0.3484748005867004 0 10.11686743795872 1.817701131105423 15.78064573556185 2.385473474860191 0 0 0 0 0.4804060459136963 0 0 0 2.81575520336628 1.886617168784142 0 0 0 0 0 0 0 0 0.554933488368988 0 0 1.90375554561615 1.95418119430542 13.1793220564723 0.8437477350234985 0 0 0.1212046071887016 0 0 0 0 0 42.77741018682718 0.8818485885858536 0 0.1079364418983459 0 3.966845773160458 1.088517263531685 5.746931314468384 0.850659191608429 0.1976982206106186 0.2279185205698013 0.201590895652771 0 0.2783012986183167 0 0 0 0 0.298563152551651 0 0 52.28147234022617 6.016237854957581 3.864279560744762 806.8778533041477 80.69888147711754 571.3306877985597 193.7794963121414 477.6390678063035 167.5689417943358 8.735701903700829 319.4795393496752 20.84830897301435 0.3901755064725876 5.708045937120914 2.049712799489498 28.77545310556889 1.581328511238098 0.3149105608463287 1.864680022001266 4.175878129899502 1.065741844475269
144.5000602602959 61.68938662856817 4.688923761248589 386.4978889971972 35.63372698426247 266.7415397316217 285.1322802007198 8.979544244706631 84.75735256820917 2183.526467546821 113.0702064931393 0 3342.754984639585 301.7273639440536 11.89393269270658 3.786134541034698 0.6274115890264511 0 0 0 0 0 0 0.1911194622516632 0.1944189965724945 0 0 0 0 0 6.369892403483391 1.702323511242867 78.85239581763744 0 0 0 150.258349686861 1.21921169757843 4.084897875785828 3.161200404167175 0.1981470584869385 0 0.1207849755883217 0.7318547964096069 0 0.2530171796679497 16.64805068075657 0.1004504263401031 0.1245787218213081 0 0.1335239559412003 0 0 0.2999976873397827 0.337417870759964 0.1471622288227081 5.085936270654202 8.898700051009655 4.038931787014008 2.544125869870186 0 4.459280744194984 1.261402249336243 1.990092203021049 0.2767974063754082 0.08010618388652802 0.198973260819912 0.3915914595127106 0.1025047525763512 0.1749270111322403 189.6190514564514 127.18443775177 0 5.900376722216606 2.139972016215324 2.766140908002853 6.035279028117657 1.463296875357628 0 111.9305088967085 0 12.31471314281225 0.1084172204136848 0 0.3577823489904404 0.1810019388794899 0 0.3073326647281647 0.09896400570869446 0.1241968423128128 0.484177827835083 0 0 0 0 2776.521559610963 109.955164372921 0.4531218409538269 23.7593949586153 144.4589689001441 4.492980912327766 2.511596575379372 7.218542709946632 0.3835566192865372 4.409236155450344 58.36443254351616 21.94803021848202 47.5692500770092 22.1244411021471 101.0858970433474 1.328108727931976 238.4141469821334 190.4719922170043 254.5286248028278 66.90822680294514 0 0.1238831281661987 0 0 0 0 0 0 0 0 0 0 0.1662876158952713 0.2173754572868347 0.4921459257602692 0 0 0.2111835479736328 0 11.14667409658432 7.830326236784458 0 0.7534044086933136 0 31.13364530354738 4.452650129795074 44.05803700536489 4.082323126494884 0.1980154067277908 0 0 0.112405814230442 0.1297241598367691 0 0.1284224539995193 0 4.017560377717018 2.689000502228737 0.3870022222399712 0.1343182325363159 0 0 0 0 0.5549999475479126 0 1.356843017041683 2.923926122486591 0.1963744759559631 0.4804723858833313 2.347228422760963 55.27650318294764 1.459267914295197 0.9478765428066254 0.4046676158905029 0 0.7298970371484756 0 0.1309017837047577 0 0.09541560709476471 133.0828541517258 2.940503999590874 0 0 0 10.95836243778467 4.490099057555199 34.459312453866 1.458810612559319 0.536104142665863 0.1017963364720345 0.4627957791090012 0.8323552459478378 0 0 0 0 0.1803601235151291 0 0 0 200.9263193160295 14.04038281738758 26.1979950889945 307.6021164953709 7.390788353979588 61.50396589189768 32.09307946264744 431.0917648524046 22.63601845502853 0.4487223997712135 64.23285224288702 15.38729097694159 0.3335118591785431 10.89340633898973 3.244239278137684 35.11840164661407 1.66086633503437 0 4.605334579944611 2.327882453799248 0.9003629982471466
359.9576129615307 1635.197218172252 141.6464013233781 965.758368074894 1573.380417868495 212.6344544291496 8850.767208881676 202.8400827050209 4021.348548896611 5554.352175161242 1626.884518653154 3342.754984639585 0 1940.980171695352 90.60160206258297 27.97602085769176 2.640779115259647 1.244642853736877 0.1882353723049164 0.9156617522239685 0.3869563490152359 0.3913738876581192 0.1093415021896362 0.6743573993444443 9.31606251001358 4.100455991923809 0.4650375247001648 0.7510046362876892 0.6446463167667389 0 132.079209394753 32.72687754034996 772.7473789229989 1.815942406654358 0 0.2309297025203705 193.6645761057734 196.598034158349 725.7489224970341 1003.631849788129 2.65201909840107 2.805860996246338 0.2787565290927887 4.088445737957954 0.8717915266752243 1.510118678212166 127.9008532911539 2.205258838832378 0.425081878900528 0.5734501853585243 1.354606159031391 4.64317986369133 1.960308954119682 0.5837196782231331 1.821019634604454 7.130356021225452 24.60868495702744 82.0101859793067 31.77872548252344 39.06891684234142 1.170801110565662 40.05849957466125 1.107446327805519 35.9685126170516 3.778099901974201 4.169562131166458 2.712463930249214 4.831301905214787 2.04803142696619 2.95522166788578 380.0957966521382 202.5632011964917 0.2901245057582855 64.77478560805321 17.71989806741476 39.86080834269524 62.18010551482439 8.3373022377491 1.979734443128109 441.7553862631321 1.462713748216629 48.6721211001277 9.34814865142107 0.5123501196503639 1.517511792480946 4.615799807012081 3.508797749876976 0.3896315693855286 0.6923991367220879 0.5130752325057983 2.323746278882027 3.274661362171173 4.711850702762604 6.466306380927563 8.130696587264538 4745.152178905904 111.9924647882581 3.072507500648499 40.44637335836887 165.5790480151772 8.017571374773979 6.505245015025139 17.76546907424927 6.096765905618668 10.31616408377886 182.080590672791 51.65457472205162 145.5628836303949 106.7345143631101 338.0654657185078 5.603423938155174 665.6095104366541 596.2811292856932 573.0344074070454 158.8811122924089 1.040239863097668 0.5565615817904472 0.1508956849575043 0 0 0 0.6172622293233871 0 1.431460157036781 0 0 0.2890929877758026 0.5893242806196213 0 0.6483407914638519 0.2888341397047043 0.9071856141090393 1.052352547645569 0 19.9946247190237 12.7067983970046 1.389538422226906 4.443724408745766 2.669373050332069 64.36016757786274 9.483393408358097 89.0243901386857 17.36219101399183 4.813909977674484 0 0.1960358321666718 0.1031110137701035 0.5544022470712662 0 2.07575124502182 0 5.5676254555583 4.406966976821423 1.19623775780201 0.1672169268131256 0 1.192007720470428 0.1274601370096207 0 0.7927092760801315 0.1917978972196579 2.605130091309547 6.995160780847073 0.4617939740419388 3.048656269907951 8.143993251025677 115.5796462669969 3.829442761838436 3.206002399325371 1.129610866308212 0.2630358934402466 0.6411196812987328 0.1792335212230682 0.1238841116428375 0.3067545890808105 0.5124337747693062 421.6102211922407 11.17462354898453 0 0.8438480943441391 1.144628785550594 23.76273304224014 11.56502329558134 70.30842480808496 3.829167231917381 2.476677671074867 3.399350754916668 3.566057540476322 2.468076355755329 0.5368974879384041 0 0.3030379414558411 0 0.4529978185892105 0.3350706771016121 0 0 645.810508929193 46.95090132206678 61.69257094711065 1205.261920139194 89.99842078983784 463.6874527037144 216.879741884768 827.9797708690166 180.8766428232193 9.175122238695621 419.4726646766067 42.53294755518436 2.843848764896393 26.46743100881577 8.3746322914958 124.6364627033472 2.838483758270741 1.247555792331696 3.401218421757221 14.90525647997856 2.514857336878777
128.5987085774541 1640.814939811826 289.2007671743631 12.85602200031281 2034.041126407683 55.06635405123234 1465.34554579109 758.1563031971455 1598.114112861454 81.06256841123104 2543.516645073891 301.7273639440536 1940.980171695352 0 65.94904290139675 23.78434547036886 3.584439486265182 0.2489802241325378 0 0.6601544767618179 0.6644717454910278 0 0.1061487123370171 0 8.241247743368149 0.7580162435770035 0 0.6137610822916031 0.8060088157653809 0.1593553572893143 180.6638710573316 28.33959777653217 1048.396433129907 0.6265128552913666 0 1.589217066764832 490.4831832945347 83.26667163521051 551.9730624035001 557.5874948203564 2.794430270791054 0.7545047998428345 0.1862207800149918 2.217930823564529 0.6694953441619873 1.011873751878738 91.63575103133917 1.608905203640461 0.1434449255466461 0.1273108869791031 3.660612389445305 0.9688871204853058 1.657247126102448 1.178762346506119 1.376109875738621 2.580285735428333 11.69489004462957 56.3109822794795 17.23207529634237 21.87307067215443 0.7189885154366493 54.77107174694538 0.4078341722488403 25.65171438455582 1.457034759223461 1.610190846025944 1.73356020450592 4.496807597577572 1.951000533998013 0.5102003663778305 350.6642820686102 122.9975721612573 0.2754590958356857 37.34079511463642 12.91160885244608 25.59438516199589 40.2351725474 8.448165483772755 0.996323898434639 1118.543957591057 0.438019722700119 45.27030134946108 5.909770734608173 0.6749754920601845 1.818826273083687 2.484404712915421 3.571054607629776 0.4929640144109726 0.5009780526161194 0.2395012602210045 1.132286742329597 0.2102998420596123 4.381155073642731 2.065785154700279 9.316413097083569 1182.943980038166 43.53909829258919 0.3416755497455597 34.19037012755871 50.63985162973404 3.085750162601471 0.3732330054044724 3.848845303058624 2.534428849816322 3.925423763692379 57.35255253314972 15.17770217359066 40.32254227250814 25.65607216954231 95.27917186170816 1.730939313769341 198.00239495188 154.9484361112118 188.211190789938 67.63981688022614 0.3594373464584351 0.4346812963485718 0 0 0 0 0 0 0.227806493639946 0 0 0 0.2847627699375153 0.3754961788654327 0.272501528263092 0.1996887177228928 0.1327351927757263 0.2952427268028259 0 7.731831483542919 8.009746856987476 0.8349580019712448 2.850675851106644 1.686794966459274 45.52588614821434 4.460286036133766 61.43108224123716 16.8503952100873 3.19962652027607 0 0 0.1299742609262466 0.8686831593513489 0 2.187555029988289 0 3.20474299788475 1.918942078948021 0.8526806235313416 0 0 0.8001587390899658 0 0.5887331515550613 0.5255973041057587 0 1.14790403842926 4.61227248609066 0 2.786092475056648 10.60229463875294 72.96483442932367 0.951200008392334 1.820468805730343 1.032121941447258 0 0.4201199263334274 0.1113264709711075 0.2138184607028961 0 0.4699649214744568 170.4863957464695 5.680660575628281 0 0.2746255993843079 0.368500828742981 12.18772343546152 8.499071627855301 59.95630383491516 3.663506776094437 1.365171156823635 1.898400522768497 0.6401063501834869 0.3451356813311577 0.3466323912143707 0 0 0 0 0 0 0 163.9800798967481 19.76029348373413 44.49420971423388 1137.0400628075 53.27975415438414 359.6061615943909 177.6150873824954 367.3248051255941 123.0310185626149 5.320049770176411 302.0592295750976 15.97367592900991 0.7365280538797379 10.31467419117689 3.752586878836155 53.54188437759876 3.042134016752243 0.6151649951934814 3.370798215270042 7.222728826105595 1.801305413246155
