0 4077.971502661705 1956.253974981606 479.8625975251198 181.0977003127337 63.69217889010906 948.5533883497119 17.74505032598972 19.41111651062965 1728.262297019362 128.8170609623194 262.3216981738806 493.8891247585416 42.39132530987263 0.637401819229126 0 0 0.1143789663910866 0 0 0 0 0 0 0 0 0 0.3300459682941437 0 0 852.7746723890305 2.862714923918247 2.065271511673927 0 0 0.1748385727405548 6.970367461442947 0.6514322012662888 2.238523483276367 0.1798538863658905 0 0.1238392516970634 0.1219647824764252 0 0 0.1111629381775856 8.79060959815979 0.3000281006097794 0 0.1217136085033417 0.4182088077068329 1.594945892691612 0.439535453915596 0 6.275128990411758 2.059493586421013 221.7206278592348 2298.904937848449 26.28598466515541 6.656268015503883 0.4257959872484207 1.62898376584053 0 3.81768125295639 0.9090346172451973 0.2180293947458267 0.5861245766282082 0.3604922369122505 0.1188681796193123 0 60.20356331020594 13.89489671587944 1.124719321727753 59.83900263905525 50.76814427226782 7.775498189032078 2.440313555300236 0.2977443933486938 0.6748602092266083 121.3731678053737 0 0.3501124009490013 6.205922700464725 0.2472735494375229 0 0.8356450721621513 0 2.067513406276703 0.5937836468219757 1.330121159553528 0.1109201237559319 0.3263687491416931 0.1227005124092102 0 0.1176749393343925 348.3631304949522 18.93263447284698 4.350296348333359 1.165533512830734 530.4743100553751 0 0 0 0.2011711299419403 0.4571564197540283 32.01698999106884 0.2227118462324142 2.455227732658386 5.497749119997025 5.519025474786758 0 9.684355303645134 4.02006334066391 7.725867047905922 0.7437681406736374 0 0 0 0 0 0 0 0 0 0 0 0 0 0 0 0 0 0 0 0 0 0 0 0 0.3907492011785507 0 0.7384567856788635 0 0 0 0 0 0 0 0 0 1.237450569868088 0 0 0 0 0 0 0 0 0 0 0 0 0 0 4.491356685757637 0 0 0 0 0 0 0.1792828291654587 0 0 1.320730492472649 0 0.57518070936203 0 0 0 0 0.818004235625267 0.508112758398056 0 0 0 0 0 0 0 0 0 0.2477843910455704 0 0 0.9402202665805817 0.9753991961479187 0.4035640358924866 58.35157115757465 2.116111740469933 23.41601813584566 14.8548997938633 509.5073859393597 14.68888000398874 2.879628390073776 1.434319108724594 0 0 0.2432322800159454 0.2352635711431503 0 0 0 2.101717472076416 0 0
4077.971502661705 0 1092.658157140017 282.1173980385065 1146.256186500192 294.0895140618086 3806.538563370705 882.970185443759 844.9531358480453 1890.361104592681 747.6897054836154 159.8811828047037 2844.778775498271 1595.717779174447 13.78692919015884 0.8764684945344925 0.7080547362565994 0.2520126029849052 0 0 0 0 0 0.2438690960407257 0.1230168864130974 0.7563933432102203 0.2623382657766342 0.3808212950825691 0.6506625041365623 0.6405739709734917 1410.526349194348 27.96840308606625 12.73702912032604 0 0 0.3463442027568817 5.020252481102943 0.5504738092422485 0.7191124558448792 0.1880522221326828 0.664956197142601 0.6517806351184845 0.1107794046401978 0.1153038144111633 0.3199590444564819 0 191.4041760638356 2.496138177812099 0.2916955873370171 0.2884389311075211 1.115086250007153 0.439891442656517 0 0.4209690243005753 39.80952547490597 11.65751537680626 103.5678796246648 1193.961959905922 21.52630976587534 62.3024555966258 0.2972386032342911 3.702066168189049 0 49.50247806310654 9.177851609885693 2.191554240882397 2.822279900312424 3.176497302949429 0.2265235930681229 2.704059526324272 34.94933921843767 14.8715213984251 0 162.6334787979722 194.1578498855233 117.2649131789804 24.2819330394268 1.237813338637352 3.688414551317692 297.0990769788623 0.4843593165278435 2.98361099511385 41.78862001746893 2.924486622214317 0.5695721209049225 3.380824580788612 0.4548368528485298 0.3936538174748421 2.283943437039852 0.7931614145636559 0.9816141501069069 1.772660233080387 1.434386812150478 0.8487716242671013 1.258567370474339 153.5082408338785 2.470767505466938 0 0.3056801110506058 875.1035819202662 1.804052278399467 1.226649597287178 14.32373185455799 1.889547884464264 1.864325955510139 163.8277906626463 2.272255316376686 64.36500661075115 34.97081719338894 80.50108741223812 2.565238192677498 107.6222753077745 66.94203087687492 88.76609686017036 23.22850452363491 0 0 0 0 0 0 0 0 0 0 0 0 0 0 0 0 0 0 0 4.585859298706055 0.842583641409874 0 0 0 16.01353426277637 0.3413698673248291 11.38297974318266 0.5311647057533264 0 0.6682870984077454 0.2783338129520416 0 0 0 0 0 5.487439036369324 1.456110179424286 0 0 0 0 0 0 0.5981868505477905 0.1275272220373154 1.083993911743164 7.29731247574091 0 0 0.4047036468982697 45.85349653661251 0.5633004307746887 1.056133538484573 0.7800539433956146 1.223956048488617 0.1349428445100784 0.4687057435512543 0.1462840586900711 0.3496272787451744 1.54425036907196 34.01117421686649 2.888767004013062 0 0.2678846120834351 0 13.8717145472765 0.9598444998264313 17.01049980521202 5.412826120853424 5.161741375923157 1.263900905847549 0.2647440731525421 0 1.127832323312759 0.09687124192714691 0 0 0.1374083459377289 0.6066679731011391 0 1.255704820156097 14.615627810359 4.572033822536469 1.965521588921547 144.4296723306179 46.1584841683507 213.7045690715313 64.54736505448818 1322.678826741874 18.76314553618431 19.87461257725954 26.66027939319611 2.752815008163452 1.527859330177307 12.25842384248972 3.89705016463995 10.74440543353558 0 0.327328734099865 1.509085059165955 1.940907448530197 0
1956.253974981606 1092.658157140017 0 4.338301807641983 1579.613674603403 29.27896033227444 817.1083186119795 1766.374295808375 576.6048961430788 26.82190009951591 5186.64452534169 65.57919110357761 945.5400945097208 2484.021182671189 22.21023716777563 9.034316651523113 1.488803707063198 1.504985250532627 0.1439335495233536 2.997416794300079 11.35168135911226 0 0 9.464819386601448 3.561071932315826 46.13025945425034 1.453821465373039 3.15115038305521 0.3353506028652191 1.488320380449295 3430.126062013209 262.1274789273739 74.28296011686325 0 0 10.8102227896452 21.99104856699705 4.103149890899658 0.444036453962326 0.8062887117266655 53.64309220016003 7.886413641273975 1.854012049734592 0.3607053011655807 0.1212391257286072 0.3911354914307594 121.5698370859027 3.052865646779537 3.477557711303234 3.76233471930027 50.98611648380756 0.1328918039798737 0 0.9176606982946396 21.86870677769184 7.073751896619797 65.25121203064919 1352.385192260146 14.57063258439302 37.01266580820084 37.91229500621557 48.15344603359699 5.567148491740227 262.9298290610313 4.927855052053928 2.611462861299515 19.27665770798922 19.51069190353155 10.20066016167402 94.40525462478399 194.6561763957143 40.21017783880234 0.1558951437473297 126.4961963295937 207.1152707859874 77.33864416182041 22.60344934463501 4.7681824862957 102.5487405359745 5023.524650231004 2.550263114273548 324.136535204947 28.71889750659466 1.154442429542542 0.7463594749569893 2.88768658041954 1.907324351370335 0.2472799122333527 2.824380233883858 0 1.509193420410156 0.5679496452212334 139.9375088661909 57.50086460262537 2.847271658480167 35.59881190955639 21.8678660094738 0 0.1216255873441696 576.3701497614384 3.88312891125679 0 11.05818185210228 0.5469373464584351 4.559962809085846 78.10561174154282 0.4507452547550201 52.43554225564003 17.21089604496956 75.76786740124226 5.85770982503891 66.1459004431963 42.30536063015461 52.57724194228649 37.3204268887639 0 0.180446058511734 0.230740413069725 0 0 0 0.3621624708175659 0.8010082989931107 0 0 0.4461648613214493 0 0 0.5183307677507401 0 1.622499838471413 0.1430513709783554 0.5337784290313721 0 10.84108394384384 1.455130159854889 0 0.4534282684326172 1.069974541664124 34.45773088932037 1.026824712753296 32.46718367189169 0.4012942612171173 0.1982712298631668 1.886997267603874 0 0.3668961077928543 0 0.7429393529891968 0 0 9.264950752258301 4.049862280488014 0.7272035032510757 0.2055425941944122 2.559550285339355 0 1.1679378002882 0 3.101729214191437 0.2901410460472107 0.7762146890163422 19.34101362526417 0.1530859768390656 0 0.2142041772603989 97.23108661174774 0 1.310453236103058 1.991340607404709 0.8832528740167618 0.2741518542170525 0.2792705893516541 0 1.736889407038689 3.048285380005836 44.67616912722588 5.288945525884628 0 0.369464248418808 7.598418861627579 16.93044666945934 6.351594924926758 42.18674328178167 14.08083960413933 11.70960500836372 11.0597210675478 0.9929596185684204 0 1.737569339573383 0.08141331374645233 0 0 1.286729946732521 1.635912388563156 0.298862099647522 2.459126308560371 3.729681923985481 10.11542464792728 5.093908846378326 88.20454154163599 27.05468378961086 143.6807537898421 42.5265623703599 369.5055388435721 10.05290092527866 10.60380458831787 14.37840350717306 11.48341535031796 1.588046848773956 18.90507175773382 4.757114328444004 16.91799336671829 0 0.8719081282615662 1.075369000434875 0.2870007306337357 0.1733016669750214
479.8625975251198 282.1173980385065 4.338301807641983 0 7.267014607787132 97.70044545829296 525.3622113913298 0.9682562947273254 13.49975794553757 988.2414834946394 1.179917395114899 241.4421122223139 1563.005609877408 12.36257959902287 0.1619804203510284 0.1715056151151657 0 0 0 0 0 0 0 0 0 0 0 0 0 0 8.911871150135994 0.2180106788873672 0.7231996059417725 0 0 0 0 0 0 0 0 0 0 0 0 0 3.35276272892952 0 0 0 0 0 0 0 1.431580945849419 0.8338676691055298 7.763766914606094 32.86497569084167 0.2978213280439377 1.778145454823971 0 0.140205055475235 0 0.7164754867553711 0 0 0 0 0 0 1.439829587936401 1.475585356354713 0 5.083168335258961 5.612157791852951 1.824904456734657 0.5282802730798721 0.1454282104969025 0 0.9189367890357971 0 0 0.3921099528670311 0.1024223417043686 0 0 0 0 0 0 0 0 0 0 0 61.04965759813786 0 0 0 44.6090766787529 0 0 3.128731667995453 0.5510564148426056 0.4123473167419434 54.64756256341934 1.27511540055275 9.507725849747658 11.61941038072109 15.92796377837658 0 17.68820287287235 11.07158522307873 17.43880259990692 0.3259943127632141 0 0 0 0 0 0 0 0 0 0 0 0 0 0 0 0 0 0 0 1.011216580867767 0 0 0 0 0.8898728787899017 0 0.208329439163208 0 0 0 0 0 0 0 0 0 0 0.1395748853683472 0 0 0 0 0 0 0 0 0.5056557655334473 0 0 0 0 4.018819838762283 0 0 0 0 0 0 0 0 0 3.705794081091881 0 0.4259616136550903 0 0 2.263917922973633 0.6812496483325958 0.2990309298038483 0.9005087316036224 0.2947185337543488 0.5081932544708252 0 0 0 0 0 0 0 0 0 0.3844926357269287 3.236695989966393 0.3333217203617096 0 12.34067410230637 0.5672552511096001 8.224218659102917 2.381770171225071 299.6382399648428 0.8421063125133514 0.2426333874464035 2.132137283682823 0.6708204448223114 0 1.07512791454792 0 1.503540843725204 0 0 0 0 0
181.0977003127337 1146.256186500192 1579.613674603403 7.267014607787132 0 6.57412601262331 2880.006846264005 1913.318773038685 4294.981627576053 116.605961471796 1917.178753875196 167.7703741639853 1278.113714277744 2864.678541176021 16.3774730488658 1.187941506505013 0.4786528050899506 0.5486131682991982 0 0 0.1161437183618546 0.1028700917959213 0 0.1330460906028748 0 0.9815490692853928 0.1080280765891075 0.2126180827617645 1.205437920987606 0 134.338494874537 17.72031059116125 4.883076757192612 0 0 0 0.3409533798694611 0.4661315232515335 0 0.1152776032686234 0.1295949220657349 0.2727074548602104 0.2814834788441658 0 0 0 157.9696433916688 0.6223103180527687 0.4314517080783844 0 0.5171956643462181 0 0 0.1922567188739777 18.16800635308027 5.971721850335598 14.0307088419795 129.1251723244786 3.420921728014946 34.5623802319169 0.1817182600498199 1.455210477113724 0 36.90185513347387 5.60620329529047 1.925204001367092 1.428482413291931 1.84582582116127 0 0.9634336531162262 22.81154184043407 17.42200383543968 0 52.32297889143229 73.02604086697102 77.15132968127728 27.60806225985289 1.295213840901852 0.5636451318860054 28.55143411457539 0 0.6583048477768898 21.56608264893293 1.280565693974495 1.04881925880909 2.715879090130329 0.6373028606176376 0 1.615625202655792 0.09699589014053345 0.4831784442067146 0.6799943447113037 0.9177862107753754 0 0.9184789732098579 79.22976239025593 1.039106041193008 0 0 13.1657188385725 1.767517536878586 0.4382758140563965 10.55026715993881 1.228632807731628 2.438738286495209 71.73084945976734 3.097677692770958 57.11938368529081 23.82836359739304 69.48446628451347 5.679083228111267 104.9855544120073 69.95748269557953 110.345194324851 28.07397720217705 0 0 0 0 0 0 0.2088099271059036 0 0 0 0 0 0 0.6397565007209778 0 0 0 0 0 6.998037934303284 0.6422422528266907 0 0 0 19.07141570001841 0 11.14506427943707 0 0 0.2197719663381577 0 0 0.3176805377006531 0 0 0 3.360017761588097 2.265162765979767 0.4670859426259995 0 0 0 0 0 1.38356126844883 0.167825311422348 0 7.131914421916008 0 0 0 55.32781426608562 0.3394311368465424 0.2636859118938446 0.2407875880599022 0.937525101006031 0.7586486786603928 0 0.1199665069580078 0 1.218475058674812 32.11982096731663 3.154127597808838 0 0.5736061483621597 0 17.54496142268181 1.077989459037781 22.66607294976711 7.703406363725662 2.653777271509171 6.632351465523243 0 0 0.5236825942993164 0.1024273484945297 0 0 0.2293662279844284 0 0.1847439855337143 1.348803520202637 15.25173437595367 4.068987742066383 1.704178497195244 83.94463536143303 31.42791187763214 186.6172134429216 40.43793286383152 74.67763768881559 11.97020543366671 10.45632218569517 30.10171552747488 4.245212629437447 1.369348637759686 10.66000035405159 4.965835422277451 5.879002213478088 0.3034393787384033 0.2398039251565933 0.6138794869184494 0.5990468263626099 0
63.69217889010906 294.0895140618086 29.27896033227444 97.70044545829296 6.57412601262331 0 224.099289804697 0 13.0851273983717 616.6802784800529 2.78731507062912 273.7393801510334 348.5484628900886 9.508639723062515 0.5496148467063904 0.2964942306280136 0 0 0 0 0 0.7201014757156372 0 0 0.5891249179840088 0 0 0 0 0 31.52956476807594 0.195862665772438 6.287924453616142 0.09758107364177704 0 1.553480744361877 10.25318270921707 1.179077818989754 7.842296808958054 2.36935918033123 0 0 0 0 0 0.1195424497127533 0.3098098635673523 0 0 0 0 6.140985995531082 0 0 0.7537870854139328 0.2594095766544342 156.7043707370758 39.76093702018261 8.995401084423065 0.5355831384658813 0 0 0 0.4814484715461731 0 0 1.481063038110733 0 0 0 143.2013507336378 104.0399656891823 5.812967345118523 3.323951169848442 0.3515240401029587 0 0 0 0 7.906969681382179 0 0 0.1668419688940048 1.75064305961132 0 1.717881739139557 0 6.231159448623657 3.624918416142464 8.698128506541252 0 1.385135233402252 0 0 0 411.4960254430771 119.9698333889246 29.2220319211483 5.175003618001938 273.2144109606743 0 0 0 0 0.4505681097507477 5.754639461636543 0 0 1.713167831301689 2.285558640956879 0 1.478447064757347 1.729139193892479 1.835972234606743 0.2436259090900421 0 0 0 0 0 0 0 0 0 0 0 0 0 0 0 0 0 0 0 0 0 0 0 0 1.100010141730309 0 0.1836813390254974 0.2342376708984375 0 0 0 0 0 0 0 0 0 0 0 0 0 0 0 0 0 0.2000119388103485 0 0 0 0 0 0.227201983332634 0 0 0 0 0 0 0 0 0 0 0.2027715295553207 0 0 0.4856683909893036 0 0 0.7224133312702179 0 0.2330353260040283 0 0 0 0.3277835249900818 0 0 0 0 0 0 0 0 0.6324030309915543 0.1849307864904404 0.9513207376003265 1.479934692382812 1.359662748873234 0.5528204292058945 115.0503310114145 11.48986119031906 0 0 0 0 0 0.1899708360433578 0 0 0 0 0 0
948.5533883497119 3806.538563370705 817.1083186119795 525.3622113913298 2880.006846264005 224.099289804697 0 903.2099121436477 3814.734511695802 612.9832777008414 1715.697394743562 442.1700560450554 9122.813951939344 4202.247886352241 57.52917474508286 4.064638070762157 1.4929553642869 0.3976514935493469 0.6816077008843422 0.2680357918143272 0.6524160280823708 0 0 0.1093517616391182 0.1956497505307198 2.951014094054699 0.3148531690239906 4.261444993317127 0.9943245351314545 0.5697148814797401 398.1772772818804 50.26959703117609 29.8885465785861 0 0 0.535383515059948 4.178508944809437 1.23857107758522 0.5242428630590439 0.5436266660690308 1.718989059329033 4.177241615951061 0.7404811829328537 0.4363834857940674 0.1421788781881332 0.104360394179821 556.4172617718577 7.253021478652954 0.3588584512472153 0.3479498848319054 2.997218154370785 0.2203261181712151 0 0.9463214129209518 68.08266820758581 26.00871045142412 75.22580423206091 550.9962228089571 22.90929424762726 142.6624408364296 1.613630302250385 6.131953164935112 0 111.0542138963938 18.37244497984648 8.221380814909935 8.394620500504971 7.848917372524738 0.9337272122502327 4.689877852797508 99.1955681219697 61.78320887684822 0.1323652714490891 221.6454599127173 286.9287498742342 284.673708178103 88.07987575232983 5.212951585650444 1.065715149044991 24.34897451102734 0.7111422792077065 5.310027062892914 76.0748638510704 5.397366188466549 3.359384879469872 9.740544967353344 0.6911056712269783 0.9265973940491676 8.406525962054729 1.029482066631317 4.934863187372684 2.719836786389351 1.621320769190788 2.737306274473667 5.081119418144226 395.5036018788815 5.550160303711891 0.1254370510578156 0.1305962353944778 147.3501893877983 6.092640042304993 2.166193321347237 44.21117725968361 8.357065036892891 17.62946270406246 285.3988577872515 6.133488729596138 236.5270675867796 81.86733804643154 315.7897663861513 21.68290624022484 409.2816613018513 308.9312384724617 376.573564901948 110.3037080764771 0 0.1709860563278198 0 0 0 0 0.2595596015453339 0 0.2669251561164856 0 0 1.196813941001892 0 0.6873657703399658 0 0.3286349177360535 0 0 0.2007573246955872 27.1498491615057 1.014816403388977 0 0 1.144891202449799 68.32552646100521 0.5038512051105499 51.57471397519112 0.4550786316394806 0 0.2184295207262039 0.94658462703228 0.1803921312093735 0 0 0 0 21.70164027810097 9.563889250159264 0.9416997954249382 0.1702794879674911 0 0 0 0.8104205206036568 1.934825949370861 1.365811541676521 1.396761626005173 22.04833211004734 0 0 0.8394866287708282 219.0049740597606 1.440856501460075 3.177331700921059 3.550639048218727 1.764037117362022 1.873507179319859 0.7354473471641541 0.7858149111270905 0.1771039962768555 1.547634892165661 138.1974751725793 12.90912327170372 0 0 0.3917946293950081 59.97244735062122 3.67681947350502 76.7838384360075 18.03669756650925 13.67426769435406 14.19637067615986 0.7952391803264618 0.1882624626159668 3.793582662940025 0.7478765696287155 0.4656274244189262 0.1416737884283066 1.230898953974247 0.4489829912781715 1.303424954414368 2.900732219219208 45.12036608159542 14.01877020299435 6.546070456504822 289.4254118427634 130.1260977238417 606.4417247921228 146.3695616573095 938.8387231528759 52.25591769814491 40.18789158761501 92.4374240860343 11.45361068099737 6.560933604836464 33.53536002337933 12.77585677057505 29.3678323328495 0.5666146650910378 2.697828158736229 5.478752285242081 6.541826352477074 0.5389001965522766
17.74505032598972 882.970185443759 1766.374295808375 0.9682562947273254 1913.318773038685 0 903.2099121436477 0 771.3422072529793 1.024101451039314 1785.244685187936 1.769339427351952 84.45197673141956 447.6080021709204 15.71746599674225 2.739519506692886 0.3920035809278488 2.337359569966793 0 5.474280901253223 24.31188428401947 0 0.1133655458688736 13.50851767510176 16.98009773343801 55.15862758457661 1.948085442185402 3.434156902134418 0.4117439985275269 0.7803385183215141 620.2302827984095 2308.590507790446 4.29062893986702 0.6107330694794655 0.4603780061006546 16.96858698874712 0.2418506518006325 3.278740122914314 0.3345542401075363 0 48.87075554579496 3.117429174482822 5.94744299352169 0.1023673415184021 0.7578234747052193 2.364200830459595 128.0904379710555 1.383528850972652 1.224891923367977 4.021460317075253 17.63787791877985 0.2074178010225296 0 0.7081940546631813 12.6529860123992 4.353894740343094 16.50276978313923 217.2194280996919 6.183155559003353 25.09582839906216 138.567088894546 112.4918334856629 12.11955754458904 333.6817390024662 3.301587276160717 1.300976067781448 8.453389033675194 8.962636560201645 10.93883396685123 131.8210604935884 0.5927751511335373 1.048233985900879 0 56.73268783837557 187.7626005709171 76.99131345003843 121.770158469677 86.75207734853029 332.3051741421223 3630.933636248112 43.63826502859592 2225.599366337061 18.14863809198141 0.5185741037130356 0.5102215185761452 1.196175888180733 4.142641246318817 0.1216804385185242 2.305997423827648 0.1840641796588898 0.5561814308166504 0.399720199406147 102.1343395039439 19.88602907955647 2.821624934673309 0.712015300989151 0.2053029537200928 0 0 8.091149523854256 0 0 0 0 0 2.169650971889496 0 1.75797438621521 0 1.702130302786827 0 1.255821898579597 1.981470286846161 2.139555886387825 1.878441751003265 0 0 0 0 0 0 0 0 0 0 0.5823689699172974 0 0.2365114241838455 0.1143058314919472 0 0.4840689525008202 0 0.3914005756378174 0 0 0 0 0 0 0.6768199503421783 0.1046619042754173 0.5623922273516655 0 0.2158434987068176 0.9801784530282021 0.09665662050247192 0.2795511782169342 0 0 0 0 0 0.6895374059677124 0 0 1.058492302894592 0 0.5345452651381493 0 0 0 0 0.6999667286872864 0 0 0 2.062034234404564 0 0 0.2145669758319855 0.112387515604496 0.2730509862303734 0 0.3389353230595589 0 0.3823791891336441 1.474019646644592 0 0 0 1.190837845206261 0.9709852039813995 0 0.2795006334781647 0.2633194923400879 0.5347756147384644 0.2322052121162415 0 0 0 0 0 0 0.132027804851532 0.1134253367781639 0 0.8623751699924469 0.8479345142841339 0 0.1622259318828583 50.38313059508801 18.05881966650486 120.1985957622528 21.46466048061848 17.96676343679428 4.84546435624361 5.399696074426174 10.7971285879612 2.105416893959045 0.2148045375943184 0.1227181404829025 0.4461513534188271 0 0 0.1153819486498833 0 0.3201165199279785 0
19.41111651062965 844.9531358480453 576.6048961430788 13.49975794553757 4294.981627576053 13.0851273983717 3814.734511695802 771.3422072529793 0 55.53491295874119 2091.029817380011 109.0355107933283 895.9886898696423 2642.68962367624 35.98542427271605 1.576533257961273 0.2843415141105652 0 0 0 0 0 0 0.1462892591953278 0 1.091122969985008 0 1.20108126103878 0.5226229727268219 0.315260149538517 95.77909852564335 32.58005572110415 5.092275083065033 0 0 0 2.815546378493309 0.27122563123703 0 0.6961415708065033 0.555715374648571 0.8223504647612572 0 0.4852577075362206 0.09002254158258438 0.1249166429042816 207.3221230730414 0.9645199254155159 0.2645912617444992 0 0 0 0 0.4395438581705093 24.94388257712126 6.916350670158863 16.38915481418371 80.03406393527985 4.120127871632576 36.08297734707594 0.162823498249054 0.4189607948064804 0 38.05491054058075 4.214744590222836 1.814148806035519 2.204672671854496 2.735542714595795 0.3520168960094452 1.444345474243164 30.71038158237934 50.49586474895477 0 44.00240950286388 72.62296748906374 80.09248080849648 43.00499350577593 3.824545063078403 0.818535715341568 17.88097339123487 0.1380666196346283 2.171546459197998 27.22590163350105 0.6056717857718468 2.315379768610001 2.348532423377037 0.7213132530450821 0.46305251121521 1.719590455293655 0.1600518822669983 0.909786269068718 0.9109044969081879 1.553723067045212 0 1.404048435389996 166.645734205842 2.148561477661133 0.2561050653457642 0 18.32039581239223 2.345900729298592 3.359236031770706 34.23755133152008 3.353972569108009 14.55298870801926 187.7535977065563 4.991194188594818 161.7414921820164 35.11706326901913 133.5225487649441 12.77385851740837 262.7872978597879 144.945582985878 279.252230361104 71.57317769527435 0 0 0.3071229755878448 0 0 0 0 0 0 0 0 0.7608610987663269 0 0.3246377110481262 0.4082755148410797 0.1042667701840401 0 0 0 20.49539434909821 2.20218026638031 0 0 0 51.92681868374348 0.3421822786331177 29.47170951962471 0 0 0 0.9310402721166611 0 0 0 0 0 9.234910346567631 7.204884171485901 0.7293521910905838 0 0 0 0 0.3639809787273407 2.606139898300171 0.5094274133443832 1.045277059078217 13.58203369379044 0 0 0 123.9840854480863 4.165618866682053 1.881172135472298 1.350506633520126 0.7868020981550217 0.7078038305044174 0 0.3586969971656799 0.6686730682849884 0.5489404797554016 93.94027651101351 11.41374911367893 0.4126988351345062 0.4069826751947403 0.1100457236170769 31.80575940012932 2.790116965770721 48.03803239762783 15.95095536857843 12.37724617123604 10.02210858464241 0.3041270971298218 0.2551662921905518 1.657459855079651 0.15483058989048 0.1493225395679474 0 0.2818365544080734 0 0.1508095860481262 0.7477923780679703 26.04086607694626 12.57876347005367 2.802824109792709 175.4674793109298 41.70166589319706 386.580814987421 80.41380167007446 71.89564613997936 26.83093030005693 10.77012337744236 62.8444187566638 6.965941421687603 1.541252642869949 22.44637757539749 5.533649735152721 17.55708289146423 0.3091998100280762 0.20505490899086 0.6795129776000977 1.699439942836761 0
1728.262297019362 1890.361104592681 26.82190009951591 988.2414834946394 116.605961471796 616.6802784800529 612.9832777008414 1.024101451039314 55.53491295874119 0 5.633554801344872 1128.891658514738 5905.917975455523 33.34254874289036 2.560567431151867 0.547798290848732 0 0 0 0 0.1190696507692337 0 0 0 0 0 0 0.1321141421794891 0 0 30.52945059537888 2.608339950442314 11.8884502351284 0 0 0.8180476725101471 8.485799603164196 0.3783021569252014 0.6048725247383118 0.5773500800132751 0.2626668810844421 0 0.09485230594873428 0 0 0 35.95991019904613 0.8058339953422546 0 0 0 0 0 0.1265786439180374 5.860522098839283 0.8564910963177681 68.83103887736797 109.8751844912767 5.01905133575201 5.199992656707764 0 2.596744328737259 0 4.764236785471439 0.868066743016243 0.09704168140888214 0.5723896697163582 0.3132493570446968 0 0.454634815454483 113.5707593932748 56.7115923166275 0.1536559015512466 21.031234562397 21.54884222149849 9.842508964240551 5.24967049062252 0.1392112821340561 0.1875399053096771 5.644465371966362 0 1.079257503151894 6.789613090455532 0.1087998896837234 0.1318638473749161 0.4510133117437363 0 0 0.1141646355390549 0 0.3580454140901566 0 0.4748259037733078 0.3909401744604111 0 1000.192232578993 18.04788798093796 1.173612833023071 0.627405047416687 594.6678931564093 9.405448362231255 6.507254526019096 73.43973942101002 10.12337523698807 20.4541406929493 425.596303164959 7.84279291331768 305.9900961220264 105.6769924014807 343.0722852051258 5.908428624272346 491.4083061516285 263.3135088384151 397.9656604975462 60.74260391294956 0.4114223420619965 0 0 0 0 0 0 0 0 0.8103954792022705 0 0 0 0 0 0 0.340771347284317 0 0 33.97888515889645 2.087299957871437 0 0 0 37.35432490706444 0.265291303396225 26.61671103537083 0.2636758387088776 0 0.2295089364051819 0.6342415809631348 0.4266533851623535 0 0 0 0 21.85927099734545 15.54301145672798 0 0 0 0 0 0.1402813494205475 4.465656504034996 0.9606921076774597 2.002912729978561 35.23689830303192 0 0 1.016199111938477 141.3374725282192 2.289513751864433 2.245211496949196 5.095602370798588 2.931548975408077 1.514289878308773 0.5575986504554749 0.9093619361519814 0.7543772161006927 3.010098204016685 65.0852190554142 15.63210007548332 0 0.2664120495319366 0 28.89374680817127 2.027605980634689 74.38555015623569 31.30325321853161 23.1382944136858 16.80652588605881 2.158353209495544 0 3.049612663686275 0.3167488276958466 0 0 1.185759410262108 0.9459130316972733 1.739552050828934 0.6428192555904388 42.53062301874161 11.30419717729092 2.409203395247459 111.306289292872 3.780694372951984 70.29622807353735 16.84528360515833 1617.545498818159 6.569390207529068 1.894368670880795 10.55382715165615 19.92344743013382 1.569463297724724 43.93211054801941 7.177074402570724 54.87212444841862 0.4121288955211639 0.4979754239320755 4.403917536139488 0.1998121738433838 0
128.8170609623194 747.6897054836154 5186.64452534169 1.179917395114899 1917.178753875196 2.78731507062912 1715.697394743562 1785.244685187936 2091.029817380011 5.633554801344872 0 2.061693474650383 1315.702117212117 1791.046035714447 23.73447381705046 1.935553088784218 0.1690607517957687 0.1277433186769485 0 0 0 0 0 0.111898273229599 0.1383879035711288 0.6337181851267815 0.3377144783735275 0.8241885378956795 0.1015149056911469 0 709.0182785466313 234.8759523406625 6.882656037807465 0 0 0.2120682597160339 11.07886856049299 0.1202602386474609 0.926693968474865 0.2183861136436462 0.4253940880298615 0 0 0.7216424942016602 0 0.1375535279512405 189.1755649745464 1.022443749010563 0 0 1.129963576793671 0.1161783710122108 0 0.8325707465410233 18.27644254267216 5.267518065869808 21.31913239508867 216.3363469541073 7.757325232028961 44.06648247689009 0.4725258722901344 0.6984031796455383 0 87.0885294675827 5.094239540398121 1.432898730039597 1.10511489957571 2.34679076820612 0.5954206958413124 1.52522524446249 4.861070796847343 6.689227193593979 0 67.81115752458572 118.9813217818737 95.54655823856592 46.39986398816109 3.73937214910984 72.03248601406813 1180.584702439606 0.1593530029058456 13.03534471988678 21.05406218767166 1.423173680901527 0.6893495917320251 3.582640096545219 0.1191154792904854 0.444469690322876 1.463242784142494 0.1050489246845245 0.7506658211350441 0.7151783034205437 1.41563007235527 1.324107117950916 0.9523768648505211 7.650727391242981 0 0 0 28.99484829604626 0.7339785695075989 0.2354020923376083 1.724811598658562 0 2.021326422691345 10.13818733394146 0.2114351242780685 5.144802927970886 1.770624607801437 4.25149193406105 1.113936170935631 10.94087249040604 9.785157263278961 11.00735199451447 5.43897832930088 0 0 0 0 0 0 0 0 0 0 0 0 0 0 0.2527926862239838 0 0 0 0 1.683761686086655 0 0 0 0.3670077919960022 3.062134385108948 0 1.497523844242096 0 0 0 0 0 0 0 0 0 1.399905055761337 0.4980821013450623 0.2536443471908569 0 0 0 0 0 0.4715472012758255 0 0 1.666220664978027 0 0 0 10.73489010334015 0 0.3932205140590668 0 0.4480807706713676 0 0.1011534258723259 0 0 0 6.494262874126434 0 0 0 0 3.725706234574318 0 4.078625023365021 0.8424031734466553 0.3734892308712006 0.3010692894458771 0.7575998902320862 0 0.0854230597615242 0.1049755439162254 0 0 0.4541227146983147 0 0 0 1.199824035167694 0.6723838001489639 0.7760638892650604 119.5576207116246 29.03896903991699 242.8408996984363 43.05820179730654 49.06363912671804 12.7825942337513 9.930199034512043 26.52496849745512 0.7379903495311737 0.2146392166614532 3.513616718351841 1.408339373767376 0.8534644246101379 0 0 0.304898202419281 1.461055055260658 0
262.3216981738806 159.8811828047037 65.57919110357761 241.4421122223139 167.7703741639853 273.7393801510334 442.1700560450554 1.769339427351952 109.0355107933283 1128.891658514738 2.061693474650383 0 3081.154636457562 28.64903371036053 19.89179378002882 5.595289543271065 0.7378040924668312 0 0 0 0 0.5062762498855591 0 0 0.4881207197904587 0.3899017795920372 0 0.1167968139052391 0.5366015210747719 0 47.77070170640945 11.21491015702486 66.13982447981834 0 0 2.734641686081886 25.36158513277769 2.274554818868637 1.687996953725815 1.173288762569427 0 0 0 1.577471494674683 0 0 53.23714026808739 0.8669051006436348 0 0 0.1367109268903732 0.8097929731011391 0.4950550496578217 0.272258996963501 7.922771610319614 2.371057204902172 42.21382462978363 60.70359624922276 5.842817202210426 12.45142097771168 0 4.618847988545895 0 5.047227419912815 0.8755247369408607 0.4333762973546982 0.9235096126794815 0 0.1342071741819382 0.2159349173307419 70.79687130451202 279.7239080816507 0 27.09519484639168 24.98651837557554 20.24872032552958 8.482081443071365 3.610296800732613 0.8362988978624344 29.76509614288807 1.220669567584991 2.234994627535343 9.314569488167763 0.2449603825807571 0.1032623946666718 1.038611397147179 0 0.3960863351821899 0.3175809234380722 1.051711112260818 0.2933510541915894 0.1293108612298965 1.503039553761482 0.6016101837158203 0.397636815905571 2817.491270139813 97.62468157708645 5.142046689987183 0.3613091260194778 327.6567135304213 8.538260623812675 6.33876445889473 53.31841304898262 6.950533911585808 28.26811726391315 321.8619638830423 6.637487336993217 230.1829933524132 60.53020218014717 236.8143322467804 15.92701049149036 477.8753465563059 236.2084768265486 554.4796087741852 106.1381024718285 0.2769183963537216 0 0 0 0 0 0 0 0.615420937538147 0 0 0 0 0.6129248738288879 0 0 0 0.2094615548849106 0 25.96210174262524 1.093647450208664 0 0 0.223353385925293 81.81875170767307 1.292338147759438 43.69965057820082 0.4998130202293396 0.1221232414245605 0.7563158124685287 0.3952078074216843 0.4955095052719116 0 0 0 0 16.7060978859663 8.335289962589741 0.3276599645614624 0.1265964061021805 0 0 0.5725210905075073 0.737678237259388 5.209384337067604 1.379493154585361 1.458704143762589 31.26573768258095 0.4556792974472046 0 0.3427251875400543 188.9280679672956 4.976267665624619 2.400254845619202 3.020257212221622 1.962697893381119 0.7048666775226593 0.212202325463295 1.00910971313715 0 5.023878127336502 139.4518961161375 18.47158128023148 0.3941186368465424 0.2858206033706665 0 40.59277279675007 1.927984923124313 59.79658770561218 19.9889303445816 18.67562159895897 16.55403718352318 0 0 3.045005902647972 0.130606472492218 0.1049179956316948 0 1.407040230929852 1.037930652499199 1.022542804479599 1.752009153366089 71.06932438910007 22.84750135242939 6.012641757726669 149.1631089225411 9.183983772993088 112.4200970605016 32.83095909655094 375.7684374004602 9.743616349995136 4.355537034571171 24.73393090069294 14.31140638142824 3.781311132013798 38.01631762087345 3.90018055588007 25.88769093155861 1.128827184438705 0 0.9830488562583923 0.8397845029830933 0
493.8891247585416 2844.778775498271 945.5400945097208 1563.005609877408 1278.113714277744 348.5484628900886 9122.813951939344 84.45197673141956 895.9886898696423 5905.917975455523 1315.702117212117 3081.154636457562 0 3550.721181541681 314.7358268424869 97.24663791060448 23.07826305180788 0.4244921058416367 0 0.663468673825264 1.018527746200562 0.5529378354549408 0 0.5467440485954285 2.310338489711285 4.716332085430622 1.207842215895653 6.496917605400085 4.947377845644951 2.398562483489513 231.4871815890074 76.37331759184599 2291.177515715361 0 0 240.7428592965007 251.9137683361769 67.1707921475172 52.01508333534002 84.6887253895402 5.258178576827049 4.564987570047379 0.4900392964482307 15.67054638266563 0.3610878139734268 0.8546953201293945 634.8983512967825 5.224603600800037 0.2975542321801186 0.8695404380559921 8.132706023752689 4.591827668249607 11.41345483064651 2.504733525216579 69.4300400391221 21.83290845155716 105.5562638938427 377.6102491244674 21.78743489831686 99.40261872857809 3.076844908297062 69.05972505360842 0.5318290144205093 110.9969212785363 14.26814434677362 5.819610275328159 8.076658166944981 8.519346348941326 0.8764718621969223 10.5003200545907 334.316771119833 584.2277550697327 2.26558144390583 171.0576013475657 226.2106306254864 267.8073741793633 177.476975671947 51.47296641767025 14.0512440726161 1038.390524357557 15.30100150406361 19.06680884957314 80.59562889486551 3.624510832130909 4.009922601282597 5.164463922381401 0.9799338653683662 3.251189343631268 5.849727563560009 7.534548923373222 4.838072277605534 3.826149418950081 9.220387734472752 16.66461946070194 13.72048242390156 4962.238168299198 128.2257408946753 15.12977661192417 5.744194827973843 479.0510392189026 19.3251678198576 6.742370218038559 119.3862994462252 23.09629127383232 44.57200583815575 694.6325557976961 18.21733248233795 546.1223138570786 164.4369267374277 550.8232306689024 40.17456167936325 1045.524097010493 691.8174390494823 1137.741287752986 288.7832538411021 1.006128020584583 0.410958006978035 0.5601629316806793 0 0 0 0 0 0.7949390113353729 0.8888311833143234 0.7483369112014771 0.4465899169445038 0.3077347278594971 0.540945827960968 1.738747306168079 0 0.1687949448823929 0.5307400226593018 0.344349130988121 51.96774542331696 5.64582148194313 0 0.3013596907258034 1.730432644486427 224.1451174542308 5.77782192081213 185.801631078124 5.666960254311562 2.85695393383503 2.134995982050896 2.0597924888134 0.4256876260042191 0 0.292675256729126 0 0 39.91063854843378 21.50893422216177 1.559753850102425 0.8246398568153381 0 0.1811316162347794 1.066408723592758 0.5760587379336357 5.37106216698885 2.006858341395855 7.276349529623985 54.95685911178589 0 0.270662397146225 2.370745897293091 550.5265705287457 5.588857337832451 7.074480600655079 4.85651196539402 5.093453474342823 3.429331198334694 0.4764501824975014 1.068229287862778 1.440588980913162 4.054586797952652 449.1635124906898 59.51278440654278 1.04579296708107 0.4951439201831818 0.8722467496991158 121.1990062743425 6.21392160654068 164.6372185721993 50.08530718833208 41.54083619266748 25.571912355721 3.977487668395042 0.8381462693214417 6.909709997475147 0.8533741757273674 0 0 4.52762982994318 2.362613722681999 1.133026793599129 4.478695690631866 175.6409953832626 68.64103764295578 29.57705866545439 1032.68195708096 190.1406016349792 1219.237239234149 326.5897890105844 828.2499572038651 94.37476152926683 42.37609171867371 328.8204978629947 32.56198836117983 7.490178488194942 77.95892985910177 19.47137175500393 68.38963438570499 1.831859648227692 1.002025678753853 6.917415887117386 16.88454343378544 0.7237924784421921
42.39132530987263 1595.717779174447 2484.021182671189 12.36257959902287 2864.678541176021 9.508639723062515 4202.247886352241 447.6080021709204 2642.68962367624 33.34254874289036 1791.046035714447 28.64903371036053 3550.721181541681 0 142.0220456346869 32.5025632455945 3.434786535799503 0.3727105110883713 0 0.3818095028400421 1.022411167621613 0 0 0.2349303811788559 0.8588940426707268 3.668471172451973 0 3.29152375459671 1.949441328644753 0 214.5156074762344 73.52980180829763 264.5194954648614 0 0 8.341737546026707 246.6544933617115 6.500003352761269 4.937514752149582 9.520542182028294 4.572326987981796 1.672018185257912 0.4695141911506653 4.97125506401062 0 0.1118735671043396 344.0406719446182 2.401991799473763 0.5479474067687988 0 7.653332710266113 0.7568592876195908 0 0.907682940363884 30.82672630995512 8.498138271272182 29.23462241888046 120.7151137888432 7.970619067549706 54.62220626324415 1.392249815165997 1.991365343332291 0 96.30781812220812 7.859985448420048 2.760949492454529 3.543955437839031 3.766379900276661 2.091123774647713 6.211961656808853 72.17529324442148 80.79094495624304 0 72.93300253152847 138.4258113503456 162.1579030528665 127.6257767230272 22.82350797951221 16.13493406772614 1217.200431391597 0.3266061469912529 9.502431645989418 36.51718018203974 1.440353192389011 1.478799492120743 2.229317203164101 1.279152691364288 0.1480713039636612 2.952943190932274 0.8058256432414055 2.327687971293926 2.421167060732841 10.57194646447897 13.50158706307411 4.081569388508797 234.512484818697 12.3662598580122 6.354420185089111 1.578870475292206 28.89814064651728 1.164319083094597 0.6701442450284958 15.60524295270443 3.521479979157448 8.360424697399139 109.8595492094755 2.983110979199409 81.01557564735413 24.85164691507816 66.07514920830727 7.398555263876915 143.6182024180889 101.7260132580996 167.6503004729748 61.04135431349277 0 0 0 0 0 0 0 0 0 0.3271676898002625 0 0 0 0.2661145031452179 0 0 0 0 0 9.06634595990181 3.311227545142174 0 0.2190578728914261 0 32.94196606427431 0.3090369254350662 22.84481815248728 0 0.1638142466545105 0.5605343878269196 0.5134511440992355 0 0 0.1508200913667679 0 0 6.426203109323978 2.700620368123055 0 0 0 0 0 0.330120787024498 2.758762761950493 0 0.8238698244094849 9.404083967208862 0 0 0 92.8828394189477 1.915879428386688 0.1864667385816574 0.8957579731941223 0.5975323766469955 0.343011200428009 0 0.3180927634239197 0.4864187091588974 1.147261500358582 77.73530545830727 8.48180815577507 0 0.3199638426303864 2.064402312040329 21.6861505061388 1.462171703577042 26.25455895066261 8.32016959041357 5.987858936190605 4.054969042539597 0.9828175455331802 0 0.6067586168646812 0 0.1051878929138184 0 0.7578464150428772 0.574054904282093 0.3474481701850891 2.313733868300915 19.33682207763195 10.19257305562496 1.324644729495049 494.2212803810835 74.33134347200394 707.0427316427231 174.2748310789466 79.79353010654449 45.66211646050215 18.05670221149921 151.3264965042472 7.39761907607317 1.480881862342358 11.47289969027042 5.616319321095943 6.302754566073418 0.288451611995697 0.5012946799397469 1.399553455412388 5.025740437209606 0.8321494162082672
