0 4018.332390375435 1890.121981680393 715.444753497839 293.4916475862265 116.8174054026604 3711.039517268538 362.91439820081 103.1906893402338 771.8540115058422 460.9830405712128 89.62899339199066 147.0829956531525 138.3696021288633 0.2436572164297104 0.9277835562825203 0 0.3907367959618568 0 0 0 0 0 0 0 0 0 0 0 0.1084052175283432 554.647663295269 1.292034327983856 4.724305659532547 0 0 0 6.453570604324341 0 0.3073636889457703 0 0 0 0 0.1121069043874741 0 0 4.872532084584236 0.6089954525232315 0 0 0 0.1584510803222656 0 0 1.960277020931244 2.120720952749252 394.165416225791 1369.591440685093 19.62948632240295 4.022855460643768 0.1655090302228928 0 0 11.34869591891766 0.9662534892559052 0.1502621173858643 0.2205727472901344 0 0 0.1292664855718613 15.24167105555534 2.490482568740845 0 211.1808091849089 6.37498676776886 1.542475394904613 2.405613854527473 0.1215910986065865 0.6633386760950089 290.5681892633438 0.1513408273458481 10.55085189640522 1.364159598946571 0.1473324596881866 0 0.8443874567747116 0 0.4073826745152473 0.4657604545354843 0.1933882981538773 0 0 0 0 0 118.3913753330708 1.379157543182373 0 0.342009037733078 1163.975672602654 0 0 0 0 0 0.7360900044441223 0 1.267833381891251 0 0 0 0.5804162323474884 0 0 0.1832436323165894 0 0 0 0 0 0 0 0 0 0 0 0 0 0 0 0 0 0 0 0 0 0 0 0 0.2461991906166077 0 0.9535803198814392 0 0 0 0 0 0 0 0 0 0 0 0 0 0 0 0 0 0 0 0 0 0 0 0 0.5790113508701324 0.1626918911933899 0 0 0.1300100237131119 0 0 0 0 0 0 0 0 0 0 0 0 0 0 0.6187231540679932 0 0 0 0 0 0 0 0 0 0 0 0 0 0 9.289029024541378 1.518560342490673 28.07750907540321 2.655618391931057 466.3752116560936 67.78084653615952 0.7233575582504272 3.404642172157764 0 0 0 0 0 0 0 0 0 0
4018.332390375435 0 495.6398049518466 25.50472691655159 1409.433779746294 472.1482775062323 4393.246523424983 222.6311592161655 616.0523034483194 134.5547127425671 2621.218906514347 54.07651636004448 710.6604064106941 2541.496843382716 7.885026663541794 0.6446889191865921 0.2165329605340958 0 0 0.1862076222896576 0 0 0 0 0.3800158798694611 0.1403044313192368 0 0.3011822998523712 0 0 2761.293714240193 27.03666497021914 9.555191367864609 0 0 0 0.2139757424592972 0.3151858150959015 0 0.1712999045848846 0 0 0 0 0 0 79.53811795264482 3.543388567864895 0.2112057954072952 0.2934370040893555 1.588171549141407 0.3583502024412155 0 0 14.23010043799877 23.43601240217686 160.3335313498974 692.5936045050621 26.81825955957174 41.90820257365704 0 0.1527662128210068 0 69.11124474555254 16.26144550740719 3.51047720015049 6.223049685359001 0.790053203701973 0.1604777872562408 0 1.543479323387146 0 0 280.476488545537 29.43776054680347 13.69397970288992 24.70878525823355 1.239267490804195 0.628644697368145 767.0426225140691 0.1361598819494247 6.69526681303978 13.81915044039488 0.8799647986888885 0.5698444619774818 8.867214150726795 0.4132483303546906 0.4365859925746918 4.083554454147816 0 0.1458835452795029 0.9977626502513885 0.6865912675857544 0 0 60.16508424282074 0 0 0 1367.073098286986 0 0 0 0 0.5661457777023315 3.116569697856903 0 5.677230522036552 0.7003303915262222 6.450596392154694 0.6885704845190048 8.890858739614487 6.230557009577751 6.532287627458572 2.056422889232635 0 0 0 0 0 0 0 0 0 0.249950498342514 0 0 0 0 0 0 0 0 0 0 0 0 0 0 0.593143105506897 0 1.976684868335724 0 0 0 0 0 0 0 0 0 0 1.375009506940842 0.2339339703321457 0 0.1607302278280258 0 0 0 0 0.2648895978927612 0 0.8853675127029419 0 0 0 1.354053303599358 0 0 0 0.2021981924772263 0 0 0.4863487333059311 0 0 2.946761563420296 0.3578755855560303 0 0 0 0 0 0 0.6835522651672363 0 0.1401116847991943 0 0 0.2766442745923996 0 0 0 0 0 0 0 2.571911513805389 0 0 272.2950907573104 26.56551069766283 414.8155790194869 34.9230585321784 792.0592086613178 171.6677448600531 12.64158349484205 46.7814958691597 5.128166943788528 0.2964260578155518 1.259299889206886 0 0.7604148983955383 0.3168140351772308 0 0 0.2966370284557343 0
1890.121981680393 495.6398049518466 0 0 115.3058378845453 240.14680570364 26.20983712375164 4164.69240231812 115.3049825802445 0.8351250439882278 4139.16278488189 10.85851326584816 89.6694268733263 848.1757449805737 31.20806855708361 33.2116354778409 33.23381319642067 6.712529540061951 5.200223669409752 9.929829351603985 14.33304185420275 0 0.5125645250082016 2.497934460639954 2.451053813099861 0.2964076399803162 0.3113442063331604 0.4123052507638931 0.6197163462638855 0.4643005132675171 6397.336653135717 645.9510864689946 31.16820853948593 5.699776262044907 1.866048604249954 1.331820785999298 9.302399799227715 2.816590875387192 1.443640649318695 0.836915984749794 2.37103034555912 1.967893809080124 30.40489264577627 10.08213523030281 31.29564863443375 54.54696939140558 130.6578972712159 38.61352436989546 33.50200073421001 25.58642225712538 41.67865221947432 0.9118348211050034 0 3.292160116136074 12.75670256465673 27.30070363730192 164.7592631280422 1057.010037995875 19.9738377854228 68.83869230002165 168.3559181168675 62.52192722260952 4.180392533540726 425.1580628529191 22.71611910313368 19.77025159448385 35.73021303117275 57.13314662873745 48.03225103765726 36.20639285445213 2.930752366781235 0.2005008161067963 0 345.336918130517 94.30827907472849 47.69820016622543 188.7107205912471 42.52634451538324 169.9020631760359 2471.989108145237 143.242256462574 558.2700504660606 19.92407413572073 0.8648471012711525 5.221497744321823 17.27520797401667 45.9432275891304 1.866278283298016 9.659096203744411 0.898102693259716 3.270391367375851 2.258643813431263 15.58996231108904 1.6651296839118 2.29752729088068 15.30536814033985 0 0 0.9152533262968063 1064.966385915875 0 0 0 0 0 0.8995144367218018 0 2.059383124113083 0 1.115790635347366 0.4236997365951538 2.387807875871658 2.37678849697113 2.877274453639984 0.1678027808666229 0 0 0.2400839626789093 0.1187730208039284 0.2996873557567596 0.1071144789457321 0.6955127269029617 0 0.2864381968975067 0.3721941858530045 0.3657574355602264 0 0.1333522647619247 0 0.2147215306758881 0.6639778614044189 0.1361453980207443 0.7481647655367851 0.2172541916370392 0.5604296773672104 0 0.6185122430324554 0 0.3937883973121643 1.778551883995533 0.2322727367281914 3.419985771179199 1.786427088081837 0.4787202477455139 0.1418035179376602 0.3851194977760315 0.5024183839559555 0 0 0.615777388215065 0.6679995208978653 0 1.155022867023945 0.2130429148674011 0 0 0 0.9330883324146271 0 0 0.125082865357399 0.5061520934104919 0 0 0 0.101093091070652 1.998777993023396 0 0.1745463758707047 0.1598428040742874 0.5143468827009201 1.270628541707993 0.8513060435652733 0.6426756680011749 0.4119647145271301 0.5375441759824753 0.9226206690073013 1.153364062309265 0 0.3078858405351639 0.4208333045244217 0 0.1266209632158279 0.5981369093060493 0.2594110667705536 0 0 0 0 0.4674408808350563 0.1415590941905975 0.3828330338001251 0 0.7057243511080742 0.4103579968214035 0 0 0.9491444528102875 0.4650653898715973 1.43967492133379 153.5417392775416 45.21080342680216 404.0601146668196 43.55325525254011 388.3556485101581 124.6419698819518 11.11942383646965 46.38831853121519 3.540480516850948 0.2313209921121597 0.3678074330091476 0.5579997971653938 0.5303384810686111 0 0 1.102509260177612 0.4578045383095741 0
715.444753497839 25.50472691655159 0 0 41.42510250210762 301.6025584042072 716.0024475753307 0 198.6760275065899 532.8574554771185 0 69.83325612545013 485.846559792757 133.1404809355736 0 0 0 0 0 0 0 0 0 0 0 0 0 0 0 0 19.12226893007755 0 0 0 0 0 0 0 0 0 0 0 0 0 0 0 0.7061585038900375 0 0 0 0.3194415271282196 0 0 0 0 0.131285160779953 11.8036130964756 38.67273409664631 1.230980880558491 0.6374464333057404 0 0 0 3.025821477174759 0.2493070587515831 0 0 0 0 0 3.411182165145874 0 0 15.91273099184036 0.9287476092576981 0.3425735086202621 0 0 0 0.1042756736278534 0 0 0.601312443614006 0 0 0.4700397327542305 0 0 0 0 0 0 0 0 0 22.31760747730732 0 0 0 81.80186785757542 0 0 1.809035539627075 0 0 6.455229222774506 0 0 0 2.147640407085419 0 0 0 0 0 0 0 0 0 0 0 0 0 0 0 0 0 0 0 0 0 0 0 0 0 0 0 0 0 0 0 0 0 0 0 0 0 0 0 0 0 0 0 0 0 0 0 0 0 0 0 0 0 0 0 0 0 0 0 0 0 0 0 0 0 0 0 0 0 0 0 0 0 0 0 0 0 0 0 0 0 0 0 0 0 0 0 0.7266120910644531 0 0 0.4426334500312805 0.4156286865472794 5.219522558152676 0.2584277018904686 132.1440354585648 4.251377582550049 0.1769643127918243 0.4344434440135956 0 0 0 0 0 0 0 0 0 0
293.4916475862265 1409.433779746294 115.3058378845453 41.42510250210762 0 87.89392194151878 592.0893443375826 160.5612279325724 4389.347461983562 312.8535937070847 642.8462210446596 47.86835783720016 1194.541115447879 2275.268356643617 13.18880867213011 5.240330278873444 0.1854817718267441 0.2297608852386475 0.1707412600517273 0.8776884078979492 0 0 0 0 0 1.974883526563644 0.2846138477325439 0.9219759255647659 1.373176977038383 0.2044460773468018 341.1247767210007 36.36975875496864 0.2356218993663788 0.4730832874774933 0 0.153912141919136 0.3748340010643005 0 0 0.1830450445413589 0 0 0 0 0.2985382378101349 0.357604593038559 118.6125629246235 1.814036354422569 0.2802407145500183 0.3649756908416748 1.166918754577637 0.680760458111763 0 1.078442603349686 14.38518137484789 24.39716720581055 62.10491789132357 159.6455290392041 13.96913123875856 54.29403235763311 0 0 0 62.80894002318382 16.54921093583107 3.021950230002403 7.122633375227451 2.799463197588921 0.9900070279836655 0 0.6755444407463074 2.843940138816833 0 124.1765061244369 16.62842461466789 26.98793802410364 24.82695358991623 4.55202804505825 0.1659305393695831 1.353551276028156 0 0.5530020892620087 11.56529359519482 1.851465031504631 0.3403355181217194 13.78199997544289 1.222261533141136 0.9727308005094528 2.283373028039932 0 0.9329710155725479 0.8430850654840469 0 0 0 292.0784929990768 0 0 0 110.9043871760368 0 2.743015170097351 8.803775131702423 0 6.13679338991642 19.6561571508646 0.2986375093460083 34.03109019994736 27.31844788789749 21.73546323180199 9.319436714053154 83.18436150252819 56.04019449651241 51.9072191119194 10.96036657691002 0 0 0 0 0 0 0 0 0 0 0.3297765552997589 0 0 0 0 0 0 0 0 2.785435855388641 0.2715778946876526 0 0 0 6.271820351481438 0.1903698742389679 6.875885561108589 1.335945159196854 0 0 0 0 0 0 0 0 2.665599286556244 7.827216267585754 0.6138319969177246 0.1650423109531403 0 0 0 0.1781274676322937 0 0.3808001801371574 0 1.207311272621155 0 0 0 14.80286160111427 1.539522528648376 0.6450744867324829 0.8281133025884628 1.108726635575294 0.7337175309658051 0.1558690071105957 0 0 0.2807568311691284 27.48241765797138 0.2057317793369293 0 0 0.4005075395107269 0 0 0.3039665818214417 2.263570889830589 0 3.482649296522141 2.156392961740494 0.5493755638599396 1.043717116117477 0 0.235094353556633 0 0.9157165288925171 0 0 0 25.24951139092445 5.533133566379547 1.115413546562195 928.1046506687999 84.31589037925005 639.2299171462655 81.42552570253611 821.7310875207186 142.8882344216108 17.02433079481125 168.3554888665676 12.08683177828789 0.8954874128103256 6.96234729886055 0.5868569016456604 1.024043172597885 0.3440731465816498 0.2672023475170135 1.462246417999268 0.5551461279392242 0
116.8174054026604 472.1482775062323 240.14680570364 301.6025584042072 87.89392194151878 0 1183.740060925484 15.70056070387363 366.2134030461311 886.9366578757763 110.1059476435184 442.8148202300072 607.0449577122927 226.9908112585545 0.1355268061161041 0.5919320434331894 0 0.1864669770002365 0 0 0 0.5007570534944534 0 0 0 0 0 0 0 0 10.24305373430252 0 60.47118386626244 0 0 0 59.06910063326359 0 18.93328572809696 1.385203674435616 0 0 0 0.5208543539047241 0 0 0.2503432035446167 0 0 0.1702702790498734 0.4078061580657959 16.31400795280933 0.6340469717979431 0 0 0 195.6561423242092 24.74224965274334 3.911307893693447 0.1558013707399368 0 1.373879954218864 0 0 0.4075600802898407 0 0 0 0.4126773476600647 0 323.7277848124504 116.1616897284985 9.740366220474243 4.909726373851299 0.1861053705215454 0.7458203583955765 0.1342663466930389 0 1.307928636670113 47.63887366652489 0.5242323875427246 0.6806138157844543 0.1938195675611496 3.26108630001545 0.216394767165184 0.1064530238509178 0 10.78853593766689 1.498362332582474 11.63683812320232 0 0.2685425579547882 0 0 0.2586106657981873 604.8967396914959 71.83843317627907 25.42092621326447 17.83441536128521 251.9223948717117 0 0 0 0 0 0.3880255669355392 0 2.225537598133087 0.4615563452243805 0.6324584186077118 0.5976640582084656 1.656991094350815 0.6047450453042984 0.6159480065107346 0 0 0 0 0 0 0 0 0 0 0 0 0 0 0 0 0 0.1587646454572678 0 0 0 0 0 0 0 0.3585100919008255 0 0.333471491932869 0.1541967540979385 0 0 0 0 0 0 0 0.2169844657182693 0 0 0 0 0 0 0 0 0 0 0 0 0 0 0 0.4602760821580887 0 0.2581329047679901 0 0 0 0 0 0 0 0.3406287431716919 0 0 0 0 0 0 0 0.3985668420791626 0 0.4205397665500641 0 0 0 0 0 0 0 0 0 0 0.5581532716751099 0 0.1805268228054047 10.52663966268301 0.6285471767187119 5.270406886935234 0.421570785343647 136.3426826670766 8.284408748149872 0.9488131999969482 1.670350730419159 0.2701362669467926 0 0.2829741239547729 0.1768922656774521 0 0 0 0.2372010499238968 0 0
3711.039517268538 4393.246523424983 26.20983712375164 716.0024475753307 592.0893443375826 1183.740060925484 0 13.76786880195141 1278.385632604361 4338.892267152667 85.58555582165718 1565.561352789402 8703.196472093463 1219.396581038833 23.25366349518299 29.80707740038633 1.593715615570545 0.516197994351387 0 0.2367640733718872 0 0 0 0.1566201448440552 0 0.8716473281383514 0 1.172476753592491 0.6711067259311676 0.2586443349719048 412.1617474555969 26.89406922459602 3.246933974325657 0 0 0 4.54977548122406 0 0.5011583268642426 0.2116847038269043 0.3634670972824097 0.7370069622993469 0 3.442038930952549 0 0 74.6397540718317 1.146854661405087 0 0.329497292637825 1.726978823542595 0.1449009627103806 0 0.8578656613826752 14.41683746874332 20.21960403770208 136.5162425115705 391.6211836710572 19.34463363140821 41.69669061899185 0.3421103954315186 0.4923525303602219 0 73.78608026355505 14.45473634451628 2.564389377832413 6.48723840713501 1.534908108413219 0 0 68.666827455163 3.835308611392975 0 219.7299607470632 17.7308878749609 29.21745599061251 42.01393646001816 16.72600280493498 4.988244891166687 4.434046968817711 0.1436275839805603 0.2718635648488998 10.39788971096277 0.7803114950656891 0.4372991025447845 7.778695352375507 1.259486295282841 0.8631975501775742 2.506984330713749 0.3722982406616211 0.1467394828796387 0.9805542230606079 0 0.5136898458003998 1.086200892925262 1745.431209251285 0 0 0 552.8815827071667 0.2495266497135162 2.261347651481628 4.617981627583504 0 3.381387397646904 18.43927845358849 3.747794032096863 23.98812548816204 32.09358049929142 26.8896531611681 7.755064144730568 55.75962689518929 53.78062660992146 40.73712223768234 5.998607590794563 0 0.143377497792244 0 0 0 0 0 0 0 0 0 0 0 0 0 0 0 0 0 4.402392640709877 0.4354313611984253 0.1586180031299591 0 0 7.353347659111023 0 4.49056613445282 0.5224660784006119 0.1709443330764771 0 0 0 0 0 0 0 1.89620041847229 3.505365453660488 0 0.3421815633773804 0 0 0 0.1365117877721786 0 0.3660304769873619 0.2035604864358902 0.6234211027622223 0 0 0 9.497684046626091 0.3414647281169891 1.33557815104723 0 0.7129162549972534 0.2236932069063187 0 0 0 0 21.61686815321445 0 0 0 0.2180328667163849 1.966247871518135 0 0.1944074332714081 1.926092535257339 0.8019697368144989 1.298109814524651 0.214033231139183 0.1587245762348175 0.1420213282108307 0 0 0 0.1030915081501007 0 0 0 27.472327247262 2.132361143827438 1.002286478877068 627.5732161775231 71.85504205524921 438.5284672752023 60.90197702497244 1221.982082746923 146.6286431327462 13.89057990908623 163.1271884515882 12.41796603798866 0.3964573740959167 4.545835427939892 0.2658786028623581 0.8306729197502136 1.67689174413681 0 1.01173260807991 1.714321121573448 0.5812057256698608
362.91439820081 222.6311592161655 4164.69240231812 0 160.5612279325724 15.70056070387363 13.76786880195141 0 167.1805292442441 0 1035.453732863069 6.603694647550583 67.81508233398199 341.6329966783524 103.0200797989964 159.367090292275 97.07209924608469 16.27479111403227 7.10650273412466 18.76143822818995 59.91752095520496 0.8525952100753784 5.442535318434238 9.74100162088871 9.905452474951744 3.069304034113884 0.4411049783229828 2.554938942193985 3.103707611560822 0.572711281478405 2728.138911299407 2002.061305820942 275.2962021976709 7.733538776636124 9.604118287563324 24.12786476314068 90.88471842557192 19.20251490175724 5.2848100066185 6.897203147411346 8.714635953307152 3.421843469142914 55.77759245038033 54.46230112016201 41.19765888899565 79.44329836219549 194.6083837598562 70.7483311444521 44.22878594696522 36.13198891282082 105.910816386342 1.144692085683346 0.1957190632820129 9.314013585448265 11.85039828717709 21.69829900562763 38.786541685462 156.2251357883215 8.571783438324928 47.94271206855774 233.7950387150049 393.1446067169309 18.6906655728817 210.5655431672931 18.67252173274755 38.90648893266916 63.93572651594877 80.14822022616863 82.00484094768763 110.1276703998446 11.97204145789146 14.23838925361633 0.1375839710235596 105.7917623817921 32.95678789168596 81.70047526061535 421.4571079164743 352.6199315562844 349.0202777162194 2027.333449013531 211.0051060095429 1643.781459443271 13.84182862192392 2.140584416687489 10.7060212418437 17.44193121045828 80.62157988548279 1.513237200677395 11.7381584867835 2.199874840676785 6.235257789492607 7.43756528198719 40.77885077148676 10.64479681104422 3.963842570781708 153.4579347670078 1.762668788433075 0 0.6268467307090759 139.4401397109032 0 0.7065189480781555 3.326984018087387 0 1.678760051727295 10.35112428665161 0.351894736289978 22.06676460802555 12.81075383722782 13.98320120573044 4.589369013905525 40.57941844314337 29.97294428944588 33.35082013905048 12.02510326355696 0.1081546694040298 0.4569258615374565 0.2419461384415627 0.1706954687833786 1.792276829481125 0 0.9912458509206772 0 1.224684290587902 1.258069477975368 0.3721573948860168 0.3158924281597137 0.5960138961672783 0.6565436497330666 0.633271612226963 0.1304589807987213 0.340542808175087 0.5359120517969131 0.1361500322818756 4.044198274612427 0.4387421384453773 0.1653491705656052 0.1563655585050583 1.264865219593048 11.32891153544188 1.404344841837883 15.33049958199263 4.274991534650326 2.550383314490318 0.4887441918253899 0.9961545020341873 1.183513641357422 0 0.1726454645395279 0.647159568965435 2.283035896718502 0.35719034075737 4.711239986121655 0.6270893067121506 1.219220012426376 0 0 2.320623934268951 0 0 0.6694074422121048 0 0 0 0.3611238300800323 2.066605970263481 15.53425554931164 0.2153076231479645 0.6782569140195847 0.244419127702713 0.3508608639240265 0.7428880706429482 1.304350137710571 1.564100034534931 0.4200617000460625 1.985578037798405 35.44790928065777 1.655530676245689 0.1217901334166527 0.2437945157289505 1.315211720764637 1.138999246060848 0.5115545988082886 2.614078685641289 5.972967855632305 3.020725160837173 2.731647431850433 1.30668830871582 0.2914554625749588 1.018346980214119 0 0 0 0.6039296835660934 1.550538256764412 0.4662079066038132 0.8485921621322632 27.5027351975441 6.55887545645237 5.255607470870018 924.9979221448302 140.2057098224759 683.0444634929299 119.664484269917 183.9842431545258 87.28314087539911 19.75484522432089 268.4695913568139 17.81033071130514 0.3700000569224358 8.67888955026865 0 2.922484934329987 0.6684457659721375 0 0.7765184789896011 6.601453617215157 0.4185230433940887
103.1906893402338 616.0523034483194 115.3049825802445 198.6760275065899 4389.347461983562 366.2134030461311 1278.385632604361 167.1805292442441 0 773.5248721241951 1520.498506680131 129.0454160422087 2751.93898472935 1300.205745413899 28.63741612434387 34.14787323772907 0.864796981215477 0.7478892058134079 0 2.536433428525925 0.2275857627391815 0 0.3635876476764679 0.3638362288475037 0.7315995022654533 2.984136387705803 0.3546614646911621 2.058762036263943 1.54529245197773 0.8290761113166809 63.81525722146034 18.64928707480431 5.074168682098389 0.1522193551063538 0 0 2.012163057923317 0 0.2808222770690918 1.609804257750511 0.334861546754837 0.5540681630373001 1.855340018868446 1.402894638478756 0.1800392866134644 0 98.29905760288239 0.2316269129514694 0 2.19225101172924 0.4826962575316429 1.385163217782974 0 3.270506426692009 4.845118142664433 14.62584328651428 22.91504700481892 27.33165058493614 5.582906134426594 21.18146190792322 0 1.197393491864204 0 10.0070595741272 6.663530126214027 1.648979432880878 3.366067506372929 1.497226841747761 1.138017237186432 0 8.241108924150467 6.161750495433807 0 36.74887722730637 4.343161821365356 33.90012145787477 43.91095055639744 20.08149567991495 2.497152715921402 8.174738936126232 0 1.015491172671318 6.014709822833538 1.284205257892609 0.132388561964035 7.653315104544163 1.944645941257477 0.4057231917977333 1.679281957447529 0.333201065659523 0.6083458364009857 0.8211758583784103 0 0.1984851509332657 1.41239982843399 1662.648869454861 0 0 0 63.93382062017918 1.47708523273468 4.953550726175308 20.78388071060181 0.7960503697395325 22.06687027215958 85.45978885889053 4.52588564157486 111.6406667977571 74.14496572315693 111.2936451137066 37.14666578173637 296.0553321614861 177.1188189089298 181.3117374777794 45.15925772488117 1.248704046010971 0.2984105944633484 0 0 0 0 0 0 0 0 0 0 0 0 0 0.8858661651611328 0.1295977234840393 0 0 14.85081548988819 0.6796549558639526 0 0 0 29.91753512620926 0.269664853811264 23.46503640711308 2.200902089476585 0.8238165676593781 0.1617290824651718 0.1632052063941956 0.4061759263277054 0 0 0 0 7.892944917082787 22.69216167926788 2.186811715364456 1.264859676361084 0 0 0.2145229876041412 0.350715309381485 0.1485477983951569 0.3164107725024223 2.275353863835335 1.669324040412903 0 0 0 54.35698115825653 2.748715072870255 2.8703852891922 0.7702530324459076 0.5287384837865829 1.282648339867592 0.1379210352897644 0.805551216006279 0 0.545746698975563 101.8956578522921 1.488808162510395 0 0.2088822871446609 0.8056023865938187 3.751171320676804 0.9388940334320068 2.04036283493042 6.977029651403427 6.778744339942932 13.17512146383524 2.620762318372726 2.685460962355137 2.87839038670063 0 0 0 0 0 0.2027051746845245 0.1320265382528305 96.12666465342045 13.67138801515102 4.690268024802208 1293.881439268589 111.70619700104 459.9574486464262 89.60420154035091 677.7149890512228 76.60132670402527 15.12911469489336 325.9960195422173 32.41309794783592 0.6331556588411331 21.54702808707952 1.429362088441849 7.193044140934944 1.413646206259727 0.1815438568592072 3.57940249145031 1.605469956994057 0.8317136764526367
771.8540115058422 134.5547127425671 0.8351250439882278 532.8574554771185 312.8535937070847 886.9366578757763 4338.892267152667 0 773.5248721241951 0 12.12279590964317 534.0475526899099 5801.761564642191 223.8827074617147 1.329618558287621 2.753255911171436 0.2009012848138809 0 0 0 0 0 0 0 0 0 0 0.124594435095787 0 0 32.92258839309216 0.1685163676738739 7.13947069644928 0 0 0 3.870618000626564 0 0.9278037548065186 0 0 0 0 0.4299623668193817 0 0 2.113003253936768 0 0 0 0 0 0 0 0.2422825694084167 1.359149023890495 26.83194950968027 70.03612998127937 2.140800453722477 1.332231409847736 0 0 0 4.306161686778069 0.5329079627990723 0 0 0 0 0 77.83208224177361 3.677183866500854 0 24.73607341200113 0.9391755312681198 1.380576305091381 0.8658943548798561 0.5843423008918762 0.1588962525129318 0.110895462334156 1.515859976410866 0 0.9689014852046967 0 0.4569756388664246 0.1397280693054199 0 0 0.371967501938343 0 0 0 0 0 0 776.3302112072706 0 0 0 278.1585376411676 0.2444568872451782 0 0.2190482169389725 0 0 4.940636575222015 0 10.48695333302021 14.18970403075218 8.727373659610748 1.007984176278114 15.35551612079144 10.62339536845684 14.62577889859676 3.616389721632004 0 0 0 0 0 0 0 0 0 0 0 0 0 0 0 0 0 0 0 0.7409918308258057 0 0 0 0 3.230209209024906 0 0.8761438578367233 0.2009895443916321 0 0 0 0 0 0 0 0 0.7477602958679199 0.8852608054876328 0 0 0 0 0 0 0 0 0 0 0 0 0 1.421095043420792 0.3842885792255402 0 0 0 0.1992533504962921 0 0 0 0 5.880451053380966 0 0 0 0 0 0 0 0.987650603055954 0 0.5382270067930222 0 0 0.396470308303833 0 0 0 0 0 0 0 9.177204072475433 0 0.1807814240455627 52.0528204664588 2.282757095992565 25.43708489090204 3.509216949343681 693.7564709931612 12.95656781643629 1.012139767408371 5.390323631465435 1.197390168905258 0 1.263233289122581 0 0 0 0 0 0 0
460.9830405712128 2621.218906514347 4139.16278488189 0 642.8462210446596 110.1059476435184 85.58555582165718 1035.453732863069 1520.498506680131 12.12279590964317 0 261.0114247947931 2015.406935200095 3362.231882154942 39.13894287496805 33.78334014117718 0.7897909879684448 0 0.2763654887676239 2.994071394205093 1.149259433150291 0 0 0.4396868497133255 0.2253954410552979 1.792544111609459 0.5122321099042892 1.993320062756538 1.99002043902874 0.3286388218402863 502.3886674493551 165.2038122043014 7.206121921539307 0.229373037815094 0.3474615216255188 0.6235100030899048 4.196020141243935 0.6634713709354401 0.1281507015228271 0.4034709334373474 0.1934802830219269 1.085682511329651 2.214369371533394 0 0.4902130216360092 0.9216867685317993 126.134595900774 2.198997184634209 0.3854212760925293 1.084561407566071 3.561503991484642 1.514655664563179 0 1.470254108309746 6.732084833085537 23.01221142709255 24.45131330192089 54.90426575392485 5.725489787757397 34.91562528908253 3.352112755179405 12.46492888778448 0 26.72903241962194 11.81348812580109 1.726596146821976 6.145060062408447 1.629473090171814 1.45870666205883 2.581652879714966 9.218868911266327 9.345748141407967 0 53.835713788867 8.500692434608936 55.07770179957151 62.43266163766384 26.31983811408281 22.98042879998684 470.9791197925806 1.426655516028404 33.325564019382 4.941097043454647 1.439966574311256 0.352377787232399 8.346468731760979 1.228532865643501 1.134104736149311 3.91128771007061 1.178711414337158 0.7169273644685745 1.423948794603348 0.1648246794939041 0 2.028834238648415 614.7177973687649 0 0 0 71.71509346365929 0 3.697215870022774 11.05732583999634 2.002402305603027 5.974200293421745 56.26630915701389 0.8182815313339233 51.74682925641537 41.48948188126087 62.09014052152634 24.93153993785381 143.9101216942072 100.9958451390266 110.695486664772 23.21612979471684 0.1240740269422531 0 0.510020911693573 0 0 0 0 0 0 0.1814034879207611 0 0 0 0 0 0 0 0.4741179347038269 0 5.459667906165123 0.3403287529945374 0 0 0 21.01839619874954 0.8229749202728271 14.9704577922821 0.51858289539814 0.4515160918235779 0 0 0.301493912935257 0 0 0 0 5.288788557052612 12.96152909100056 1.312715798616409 0 0 0 0.2161969691514969 0 0 0.4037853851914406 0.8089693039655685 2.965690448880196 0 0 0 24.93864578008652 1.264556527137756 2.186082050204277 1.087958961725235 0.3309244960546494 1.449191696941853 0 0.2960266172885895 0 0 54.47082322835922 0 0 0.1916082054376602 0.2496572285890579 4.588555380702019 0 0.8316032737493515 5.597488790750504 10.00730891525745 7.423444837331772 0.265699028968811 2.127476796507835 1.215901166200638 0 0 0 0.1213910654187202 0.9473213255405426 0 0 47.94329664111137 9.983092695474625 2.181547954678535 1158.300549797714 111.6883624494076 504.2977059036493 94.05928756296635 364.271715939045 88.81367377191782 15.09274762868881 281.1565968319774 26.92232944071293 1.253356128931046 15.7012604624033 1.813799992203712 3.356314599514008 2.200609803199768 0 2.803123131394386 1.091812342405319 1.28246782720089
89.62899339199066 54.07651636004448 10.85851326584816 69.83325612545013 47.86835783720016 442.8148202300072 1565.561352789402 6.603694647550583 129.0454160422087 534.0475526899099 261.0114247947931 0 1594.7503041327 789.4004434347153 37.5930535569787 67.58869916945696 5.415261752903461 0.4012950211763382 0 0.1429149657487869 0.2201046347618103 0.415675163269043 0.3555016815662384 0.3962365835905075 0.1561004668474197 0.6374354660511017 0.1239506304264069 1.339720346033573 0.6334961354732513 0.1444443166255951 3.254945442080498 8.266827680170536 55.56737443804741 0.1359933763742447 0 0.872360497713089 35.89396099746227 1.31916069984436 24.73619790375233 1.978204011917114 0 0 0.2565520405769348 7.600971139967442 0.2787652313709259 0.7027612775564194 40.54683355242014 1.039207175374031 0.4496958777308464 0.492468923330307 0.6335424184799194 0.4559451192617416 1.473106205463409 0.9806685298681259 1.699127376079559 3.731310091912746 9.499274514615536 9.077819496393204 1.639772288501263 7.328219793736935 0.4526224061846733 3.171933606266975 0.1364460438489914 9.014514967799187 2.061716794967651 0.5419812053442001 1.342046774923801 0.5239514261484146 0.3586653620004654 0 78.67007048428059 16.41940405964851 0 13.54432132095098 1.743388392031193 27.31283547729254 41.9561590179801 41.69191974401474 13.55214616656303 363.0078747868538 1.816488720476627 15.3406565785408 0.3159482702612877 0 0.09670116007328033 2.316411383450031 0.814339354634285 0.2473775967955589 1.076247379183769 0 0.2999241352081299 0.4996530711650848 0.5885731726884842 0 0.1955172717571259 1609.35898321867 1.35790628194809 0 1.69962477684021 55.82602895796299 0 0.7590872943401337 4.727973639965057 0 3.022709280252457 25.22117707133293 0.5579063147306442 19.13751778006554 11.86139604449272 19.12067450582981 3.300765216350555 51.74837189912796 38.4953399002552 48.33532980084419 7.993914738297462 0.1300409883260727 0.2531982064247131 0 0 0 0 0 0 0 0 0 0 0 0.2821367383003235 0 0 0.4111750721931458 0 0.1222304776310921 0.192670151591301 0 0 0 0 10.37227567285299 0 5.236143156886101 1.554729335010052 0.2371509969234467 0 0 0 0 0 0.2985849976539612 0 1.221703201532364 4.892310112714767 0 0.8702328056097031 0 0 0.4738863110542297 0 0 0.1010031998157501 0.3132461905479431 0.14487424492836 0 0 0 13.63471601903439 0 1.085118234157562 0 0.4119872078299522 0.339275524020195 0.1338957846164703 0.09859098494052887 0 0 25.23238258808851 0.474415123462677 0 0.2127624452114105 0.215914286673069 0.2250648587942123 0 0.7546897456049919 0.9718977063894272 2.003234505653381 1.495408788323402 0 0.367820143699646 0.2905581891536713 0 0 0 0 0.2011312544345856 0.3502645492553711 0.1029682382941246 25.77836173772812 3.301158621907234 0.9321291297674179 568.2885877490044 44.97620282322168 176.3275813832879 40.26690149307251 249.9757340177894 23.9817755818367 3.740412175655365 139.3354996740818 10.71205435693264 0.2839723378419876 5.607160091400146 1.648248046636581 1.478885412216187 0.1137545928359032 0 1.094182416796684 1.873536989092827 0
147.0829956531525 710.6604064106941 89.6694268733263 485.846559792757 1194.541115447879 607.0449577122927 8703.196472093463 67.81508233398199 2751.93898472935 5801.761564642191 2015.406935200095 1594.7503041327 0 2963.990286588669 76.12167900055647 104.0703177899122 7.006208479404449 1.082379564642906 0 2.897830471396446 0.3186300694942474 1.269980847835541 0.2850998044013977 0.1318677961826324 0.4948317557573318 1.340006038546562 0 2.804626986384392 4.752957656979561 1.268172539770603 28.63880017399788 18.68902776390314 596.3598549664021 0.1902358531951904 0 0.7005069851875305 84.6323159635067 0 97.86859731376171 13.34669019281864 0.3320172131061554 0.7221871763467789 0.6309895515441895 12.39366406947374 0 1.506486728787422 105.1510344445705 1.05437408387661 0 2.177449867129326 2.029439941048622 2.11379361897707 4.708231806755066 1.517492324113846 5.06944777071476 10.9228718355298 18.50944542884827 23.30341562628746 1.673376828432083 14.53062987327576 1.502300657331944 4.092624984681606 0.9214174449443817 14.51928405463696 7.84593952447176 1.035059504210949 3.742749325931072 1.948776453733444 1.879913121461868 0.1568098813295364 728.8704484403133 60.81549383699894 0.1785103529691696 29.83331050723791 3.088163010776043 55.18761388212442 74.71862462162971 68.54132506996393 20.67411082983017 1209.955537781119 3.358083888888359 11.10146103799343 1.544764935970306 1.19888037443161 0 7.133652031421661 1.581028714776039 0.4831352755427361 2.647233188152313 0.5138339847326279 1.655633978545666 1.459487676620483 0.3200877904891968 0.3780857622623444 1.181061454117298 6733.357761442661 9.43558257818222 1.928059503436089 10.55567947030067 76.74325500428677 0.2783311307430267 1.096473604440689 10.95597812533379 0 9.422531142830849 47.206751704216 1.883093893527985 59.78366081416607 77.3187203258276 64.40954704582691 19.37615972757339 165.615585282445 127.0940427035093 129.3531920313835 35.93136170506477 0.9507081657648087 0.2070694118738174 0 0 0 0 0 0 0 0.2130618691444397 0.1237290799617767 0 0 0.2171052247285843 0.1475931406021118 0.1416095346212387 0.2901996374130249 0.3134166747331619 0 8.725023776292801 0.4242699593305588 0 0 0 26.84008167684078 0.3031235039234161 18.0369073972106 3.418303743004799 1.692250363528728 0 0.2101231664419174 0.4153069257736206 0 0 0 0 4.557209998369217 17.28678157925606 1.638308063149452 1.133746787905693 0 0 0 0 0 0.6222897917032242 1.242668092250824 0.4840531647205353 0 0.09328165650367737 0.3455687910318375 34.98503613471985 2.33447203040123 0.6686038821935654 1.296863451600075 1.068330354988575 0.962787389755249 1.037014707922935 0.4054417312145233 0 0.3162555694580078 88.22364810109138 2.209053933620453 0 0.1928252577781677 0.1340895891189575 1.022154003381729 0 2.911666296422482 3.604194544255733 5.432756632566452 7.942087955772877 0 1.177249602973461 1.832937069237232 0 0 0 0.1601002663373947 0.1550299376249313 0 0.1972276568412781 88.74872189760208 19.53024978935719 4.145205371081829 1225.386695072055 154.8645779266953 375.2501608207822 87.74477235227823 476.6938230246305 58.95969722419977 17.01009548455477 436.2786512747407 23.46228738129139 0.9202582538127899 15.00590667873621 2.367973357439041 3.634913221001625 2.426816210150719 0.2892390489578247 1.289794683456421 5.358854204416275 0.8166104257106781
138.3696021288633 2541.496843382716 848.1757449805737 133.1404809355736 2275.268356643617 226.9908112585545 1219.396581038833 341.6329966783524 1300.205745413899 223.8827074617147 3362.231882154942 789.4004434347153 2963.990286588669 0 74.50353417545557 97.99438773840666 8.281755857169628 1.16911980509758 0.1279831975698471 1.473474413156509 0.9103478491306305 2.65917295217514 0.1432899832725525 0.6353351324796677 3.334098599851131 1.609732657670975 0.2757233530282974 2.295181795954704 4.112311825156212 0.8675739914178848 62.52808427810669 15.15927658975124 796.6201708912849 0.2055755853652954 0.4998559057712555 0.7412184178829193 200.9514159709215 14.22452947497368 96.74200333654881 27.37381335347891 0.1594351977109909 0.7479206025600433 2.33284592628479 9.849637538194656 0.4451447427272797 0.7667711526155472 125.622030287981 0.9168422594666481 0.2683257684111595 1.086581781506538 3.401867590844631 3.332873627543449 7.994093701243401 1.855416834354401 3.773927673697472 11.91578418761492 14.30280981957912 16.80660226196051 3.014179281890392 22.47540593892336 0.7457082942128181 17.15146118402481 0 15.691196590662 5.956378102302551 2.984445497393608 4.328390926122665 1.154890604317188 1.044516369700432 0.1548136919736862 125.2725135236979 45.58080406486988 0 31.36569199711084 4.080950684845448 59.99691613018513 96.21890864521265 57.68266089260578 32.66772231459618 989.4024572297931 3.866234824061394 85.26089300215244 2.675581470131874 0.6886767521500587 0.2751452103257179 8.605605982244015 1.451024830341339 0.2558058649301529 3.855330593883991 0.3993570730090141 0.500380851328373 1.006966397166252 0.1916922330856323 1.50332210958004 0.4931429922580719 1496.492311641574 1.547240480780602 0.9793164432048798 7.40789270401001 38.54809951782227 0.5393847972154617 3.557175040245056 9.491563126444817 0.4466169625520706 9.63623870909214 62.43156133592129 1.21046981215477 47.77083291113377 42.96693868935108 61.56508737802505 16.97910311818123 143.8414814174175 84.99242728948593 116.4998761713505 24.71322375535965 0.2895588427782059 0.3638112545013428 0 0 0 0 0.3341064155101776 0 0.2701503932476044 0.2332944720983505 0.9609939157962799 0 0.5939026325941086 0.5545464605093002 0 0 0 0 0 8.779114216566086 0.9701833128929138 0 0 0 22.95287599414587 0.1104882881045341 16.54452461004257 3.919322177767754 2.089225247502327 0 0.1771484464406967 0.3450517207384109 0 0 0.1441500335931778 0.1882917732000351 2.961131349205971 16.92060063779354 1.875060394406319 0.9834781140089035 0 0 0.2535221874713898 0 0.4310307502746582 1.038362734019756 0.2752582728862762 0.6225230246782303 0 0.1198111325502396 0.9025154635310173 25.33135348558426 4.613320499658585 1.326278865337372 0.790441706776619 0.2286127954721451 1.143082976341248 0.1127000451087952 0.1302177160978317 0 0.3152118921279907 66.88502785563469 3.059559226036072 0 0 0.2531035393476486 0.3731914758682251 0 1.58602524548769 2.932665452361107 2.314528822898865 6.732415318489075 0.8758015930652618 0.9872140064835548 2.341409057378769 0 0 0 0.3190730810165405 0.2363976687192917 0.2154350429773331 0.2304928004741669 61.824781447649 16.46449117362499 7.769435659050941 1716.155295580626 118.6086344271898 489.3610439896584 107.4086446240544 260.7570392861962 61.9063578620553 15.10137802362442 382.8186191990972 34.11419260501862 1.736090749502182 16.93912991136312 0.7608885020017624 3.520345717668533 0.5023649632930756 0 2.500402703881264 5.798001512885094 1.47525554895401
0.2436572164297104 7.885026663541794 31.20806855708361 0 13.18880867213011 0.1355268061161041 23.25366349518299 103.0200797989964 28.63741612434387 1.329618558287621 39.13894287496805 37.5930535569787 76.12167900055647 74.50353417545557 0 1005.463593520224 523.1211624369025 5.028727017343044 34.14557069540024 0.7565262764692307 0.7343175038695335 0.1734666526317596 0 0 7.876496404409409 0 0 0.1797286570072174 0.6613831967115402 0 15.23305558413267 29.40603248775005 107.8987292349339 0.2484012469649315 0 13.92820984125137 98.86195683479309 22.27485992759466 6.084679305553436 8.304732590913773 0 0 0.7523879706859589 415.4427277594805 17.8179382160306 9.228884160518646 117.7113938778639 12.04032115638256 16.00851657241583 2.292645372450352 2.0802291482687 0.1634781807661057 0.6398348361253738 0 4.367132782936096 5.382223583757877 1.964124493300915 1.445351891219616 0.7791989371180534 110.3754308223724 3.418179325759411 138.9465099349618 7.701061889529228 4.824829690158367 4.631651170551777 3.324592798948288 3.70904728025198 4.364064104855061 2.293007127940655 1.035432018339634 7.862078063189983 3.966731935739517 0 134.5016311630607 0.9779469668865204 421.0926307365298 395.3324059918523 685.4257433116436 112.5160651579499 398.6774419024587 16.99181567877531 194.6713982522488 5.690606087446213 0 1.176312275230885 3.488507576286793 9.602344386279583 0.1017152816057205 2.019300542771816 0.6174175143241882 0.8750091344118118 0.5514171421527863 0.8423584923148155 0.3217179626226425 0.1198250204324722 8.531411245465279 0.4568693339824677 0 0 0.1115145087242126 0 0 0 0 0 0 0 0.5386373400688171 0 0 0.1323295831680298 0.4139542430639267 0 0.577261820435524 1.128113307058811 0.1015673726797104 0.08897348493337631 0.1374935507774353 0.5990205109119415 0 0 0.2118065357208252 0 0.1255201399326324 0 0 0 1.20563930273056 0 1.399799317121506 0 0.7299150303006172 0 0 0.4337474703788757 0.2277394533157349 0 2.104440554976463 0.7714882791042328 3.352637268602848 4.358598843216896 11.85478428006172 9.375969998538494 6.842763878405094 0 0.1092768013477325 0.5323867797851562 0 0 2.294361837208271 0 0.9270073771476746 2.493798069655895 0.3889404982328415 0.6050266101956367 0 0.1183951124548912 0.2097369879484177 0.2439859062433243 0 0 0.2721964716911316 1.09316298365593 0 1.111502185463905 4.370583944022655 5.832522824406624 0 0.7025378942489624 0 0.3995302841067314 1.085218280553818 1.687542900443077 0.5416092127561569 0 0.1009471118450165 3.558044992387295 1.438592351973057 0 0 0.2394467741250992 0.2311799898743629 0.9443374201655388 3.359873324632645 1.197663724422455 0.1453619301319122 0.7278215810656548 0 0 0.7756684869527817 0 0 0 0.1345826387405396 0 0 0 0.7401258945465088 1.638579323887825 6.821145996451378 65.98492064327002 61.2864091694355 554.8792606592178 79.88737577944994 5.92539919167757 14.29852455854416 1.567799091339111 33.39923759549856 7.429866671562195 0 5.692295804619789 0.4403187707066536 3.65030463039875 0.9059570133686066 0 0.7868390753865242 0 0.4967825412750244
