0 5416.222456365824 361.0721848532557 1532.318692602217 733.6769139245152 29.77308408915997 2137.828149087727 201.2600244134665 228.5700997188687 1245.273930892348 431.214495792985 450.7848983854055 1526.454652763903 257.2962993532419 1.260892324149609 0.2221252769231796 0 0.285371407866478 0 0 0.3132389932870865 0 0 0 0 0.4641764611005783 0.1220064982771873 0 0 0 136.3223783373833 1.618094190955162 1.286816701292992 0 0 0.1132095232605934 0.8232190832495689 0.3638744726777077 0.7083842009305954 0.2742593437433243 0.8968556523323059 0.4358128905296326 0 0.3096656799316406 0 0.1054841503500938 5.850523546338081 1.57910168170929 0.1524601429700851 0.4378546252846718 0.2550920471549034 0.1318290680646896 0 0 5.048320479691029 16.58075634390116 737.066347181797 1078.655866295099 10.45870016515255 5.617802195250988 0.1555436551570892 0.6343662440776825 0 5.434742674231529 6.299809023737907 3.101556867361069 0.8077809661626816 1.612312905490398 1.098552003502846 0.7818750888109207 1.792351327836514 3.60896024107933 0 393.681952342391 45.5098605081439 7.942009694874287 3.008264191448689 0.6919107437133789 3.295293085277081 24.40332896262407 1.649230375885963 2.072061158716679 3.579234659671783 2.708383902907372 4.42018573731184 10.27366741746664 2.461736269295216 0 1.916778147220612 0 0.1984418779611588 0.256963923573494 0.3982122242450714 0.1735105663537979 0 67.63595475256443 0.5355084091424942 0 0.6548899412155151 1295.764229625463 0 0 0.4066549241542816 0 0 0.8650906980037689 0 1.129597038030624 0.1656565964221954 0 0.1634912341833115 1.761267259716988 2.083014756441116 2.700450867414474 0.1638893336057663 0 0 0 0 0 0 0 0 0 0 0 0 0 0 0 0 0 0 0 0 0 0 0 0 0.4759552776813507 0 0.3197212666273117 0 0 0.1563902497291565 0 0 0 0 0 0 0 0 0 0 0 0 0 0 0 0 0 0 0 0 0 1.468934759497643 0 0 0 0 0 0 0 0.1003953740000725 0 3.380871579051018 0 0 0 0 0.5147585272789001 0 0 0 0 0 0.1432284414768219 0 0.2553595453500748 0.1073218211531639 0.2099111080169678 0 0.11408631503582 0.1199770048260689 0 0 1.866253450512886 0.3793105036020279 0.1622860729694366 60.52433980256319 28.17980921268463 109.7554115056992 24.82749427855015 596.2748612761497 25.05410505086184 4.504147849977016 13.25757875293493 1.335602089762688 0.9396299868822098 0.1159880012273788 0 1.769092887639999 0 0 0.3394944071769714 0 0
5416.222456365824 0 786.3854010030627 562.199732914567 8970.012535430491 253.5025751888752 3259.924219839275 730.0261840224266 1126.458773672581 181.9773619174957 1710.127215087414 26.55069962143898 367.1574723348022 301.9016521424055 13.56080233305693 0.4141030609607697 1.589984081685543 0.6238752752542496 0.3768783509731293 2.727900572121143 3.440865278244019 0 0.1174194440245628 0 0.4081726223230362 1.132916785776615 0.5912924185395241 0.1465332508087158 0.3479020074009895 0.2448263615369797 1355.368117801845 17.90861016511917 5.104926243424416 0.530176043510437 0 0.7026123255491257 3.166322112083435 0.6463276594877243 0.2577280476689339 0.3134962767362595 1.68327784538269 0.3378427177667618 0.3684915378689766 1.739924520254135 0.6130189001560211 0.8500644415616989 100.4133504778147 5.391508169472218 1.050383865833282 0.6753683686256409 1.812037847936153 0.2416085749864578 0 0.7898305356502533 11.73770885169506 31.46793047338724 520.6319352313876 1768.860881835222 9.847909323871136 52.63589786738157 0.4867586269974709 3.686965510249138 0.1290477961301804 48.37459413707256 13.24516682326794 6.300141863524914 3.134758211672306 3.887627609074116 3.920579962432384 4.08743280172348 10.04393611848354 0 0 613.4636919572949 125.4817921072245 121.0622394755483 44.25529898703098 3.088977940380573 18.9193759188056 101.6424722373486 5.244877129793167 9.752794407308102 11.37863650918007 4.084554240107536 10.83637405186892 25.31802728027105 6.492023527622223 0.1151007935404778 4.607905186712742 0.2392812296748161 0.6164477840065956 0.3038673996925354 1.997206062078476 0.4848831593990326 0.6859336346387863 110.2543394565582 0.2823998034000397 0 0 1497.03923907131 0 0 1.793909981846809 0 0.9422208666801453 35.14534810185432 1.611856818199158 20.83894245326519 3.702864199876785 10.51186785101891 1.74794003367424 34.66181464493275 24.14117088913918 17.41731014847755 7.511472299695015 0 0.5181710720062256 0 0 0 0 0 0 0 0 0 0 0 0 0 0.3283455371856689 0 0 0 0 0 0 0 0 2.539275258779526 0 6.053617134690285 1.630534321069717 0.4347732663154602 0.3414130508899689 0 0 0 1.363456040620804 0 0 0.3984058201313019 1.145708203315735 0 0 0 0 0.1321365833282471 0 0 0.3559798821806908 0.2176246494054794 0 0 0 0 12.32677075266838 0 0 0 0 0 0 0.08337099850177765 0.6804277449846268 0 22.86782339215279 0 0 0.09083552658557892 0 1.63515393435955 0.180817648768425 0.7834178805351257 0.8670869767665863 0 1.53095218539238 0.633602574467659 0.7606117576360703 0 0.1796903163194656 0.1474901437759399 0 0.2148256450891495 0 0 0.1646621823310852 7.684771195054054 1.112801849842072 3.288106024265289 152.2319447696209 71.21139534562826 385.6632124036551 66.76025138050318 1191.976576037705 72.18263967335224 4.993144907057285 76.91535410284996 5.015437223017216 2.120182767510414 2.869767248630524 0 18.48779278993607 0 0 0.8437223136425018 3.624378070235252 1.758425414562225
361.0721848532557 786.3854010030627 0 2.575496539473534 1092.601905405521 25.02477367222309 36.27545574307442 2731.086152620614 147.6563645079732 1.052281320095062 2786.907287277281 5.034493252635002 28.82789784669876 269.07640363276 9.845397993922234 0.9694686532020569 1.041175544261932 1.816345922648907 0.2892785370349884 16.63067331910133 66.58179998397827 0.3986342251300812 4.567581564188004 3.85085466504097 9.915416330099106 11.29790732264519 1.226400971412659 1.486255496740341 0.2449994087219238 0 4505.364370055497 1480.424346908927 3.880565367639065 3.872452944517136 11.5023183375597 18.53701402246952 4.20187009871006 15.32044762372971 1.645237043499947 1.818801403045654 65.60005615651608 5.421203382313251 3.270081803202629 1.70080753415823 2.127749711275101 1.811132483184338 25.20643475651741 3.178187623620033 1.636150792241096 2.242782339453697 15.10565800219774 0 0.1668854653835297 1.392831861972809 2.696738943457603 7.32098363339901 338.1713286563754 1987.83808888495 4.309130050241947 9.676770471036434 32.32104111462831 7.067185439169407 1.762086868286133 595.6595632359385 5.113688364624977 2.972161568701267 10.6605401262641 38.97303780168295 71.0745547413826 134.3549800440669 5.276668220758438 0.1666160076856613 0 248.3449772596359 122.2472034990788 37.56405858695507 45.61397060006857 6.72961451113224 278.945161446929 867.1595331281424 101.8000046163797 371.9003165960312 3.430042289197445 1.901120215654373 3.067784897983074 8.998944588005543 5.399139598011971 0 1.153713122010231 0.6340680122375488 2.354494176805019 1.738159544765949 54.90896940231323 11.10529664158821 6.369151204824448 7.420665457844734 0.1711110919713974 0 0.3598101735115051 285.8418582826853 0 0 0 0.2513257265090942 0 1.020002275705338 0 1.174317792057991 0 0.2032822221517563 0 0.5616815686225891 1.046341642737389 0.5804814696311951 0.3126684576272964 0 0 0 0 0.1762428283691406 0 0.1336227357387543 0 0 0.2262364476919174 5.72321318089962 0 0 0.4390243887901306 0 3.184856116771698 0.1845004111528397 0.740849569439888 0 0 0 0 0 0.2711705267429352 0.393933892250061 0.4504256248474121 1.642059065401554 0 0.1559955626726151 3.20731820166111 1.819029748439789 2.869907438755035 0 0 0 0.3379639387130737 0 0 0 1.041287109255791 0.4792547971010208 1.179449737071991 3.056870520114899 0 0 0.09929194301366806 0 0 0 0 0.2715388238430023 0.2911733388900757 0 0 0 0 0 0.2655376791954041 0.09305481612682343 0.3374786674976349 5.911618858575821 6.749774858355522 0.5111385583877563 1.194770961999893 0 2.652730286121368 0 0 0 0 0 0 0 0 0.3658338636159897 0 0 0 0.514900341629982 0.4595563113689423 0.613588772714138 1.571418479084969 2.186281189322472 0 1.062757328152657 42.05464026331902 33.26252748817205 102.7947468757629 18.28115301579237 180.9430289566517 12.29238399863243 1.818824075162411 15.87092687189579 1.059193894267082 0.4340945705771446 0.115424171090126 0 0.8496649861335754 0 0 0 3.267353177070618 0
1532.318692602217 562.199732914567 2.575496539473534 0 246.6012890413404 232.8820621669292 1777.590842925012 1.301797121763229 403.6126196682453 678.2622069865465 12.06059941649437 582.5394404232502 3456.998356387019 256.310145765543 0.8882813677191734 0.1666467040777206 0 0 0.1420339494943619 0.186944842338562 0.1629905998706818 0 0 0 0 0.3014160320162773 0 0 0.09576933830976486 0 9.02114599943161 0.9561305344104767 0 0 0 0 0.1304085999727249 0 0.1058590337634087 0 0.1104984879493713 0 0 0.1007420718669891 0.09992010891437531 0 4.587622545659542 0 0 0 0 0 0 0 0.6100930646061897 1.457356236875057 27.30702169239521 46.72940438240767 0.8535149618983269 2.924075491726398 0 0.1237882226705551 0 1.456075042486191 0.6123010516166687 0.09488221257925034 0.2100858613848686 0.3684579282999039 0.1626773476600647 0 0 0.1898111253976822 0 40.98407176882029 9.427015997469425 8.912195071578026 1.69435678422451 0 0 0.229762502014637 0 0.6895756646990776 0.6840629205107689 0.3494944274425507 0.9417230114340782 1.63697774708271 0.5698974654078484 0 0.5528688058257103 0 0.2102574557065964 0 0 0 0 61.24728055298328 0 0 0 98.5943019837141 0 0 0.7366505861282349 0 0 5.412221372127533 0 2.566802084445953 1.003513291478157 2.028300389647484 0.2916325330734253 3.50974078476429 4.193476334214211 3.895884588360786 1.381323426961899 0 0 0 0 0 0 0 0 0 0 0 0 0 0 0 0 0 0 0 0 0.1446289718151093 0 0 0 0.6686327904462814 0 0 0 0 0 0 0 0 0 0 0 0 0 0 0 0 0 0 0 0 0 0 0 0 0 0 0 0 0 0 0 0 0 0 0 0 1.843212351202965 0 0 0 0 0 0 0 0.155504047870636 0 0.3595291376113892 0 0 0 0 0 0 0 0 0 0 0.7880438566207886 0 0 11.45596093684435 7.013325527310371 29.78219781070948 4.68889444321394 284.6898674219847 5.287529177963734 0.8393980413675308 5.239527657628059 0.8116155415773392 0 0.1730806678533554 0 3.50840812921524 0 0 0 0 0
733.6769139245152 8970.012535430491 1092.601905405521 246.6012890413404 0 54.36186012625694 1214.950308643281 864.4389738515019 2656.950230501592 82.19007340818644 1397.114625781775 54.67370930314064 158.8197952434421 536.4083890095353 46.26076557487249 1.301584489643574 1.251990556716919 1.661581635475159 1.314631886780262 3.102439448237419 0.7940412014722824 0 0.2684039399027824 0.1207991242408752 0.5840146541595459 2.826649703085423 0.9815242514014244 0.6822277009487152 0.9685845300555229 0 387.7610310018063 25.68648920208216 3.566702298820019 0.1284283250570297 0 0 7.111054681241512 0.9518552720546722 1.71952661126852 0.2798894792795181 3.605805203318596 1.119963854551315 1.979326516389847 1.80968714505434 0.5304118469357491 1.017049990594387 217.819365799427 7.479879975318909 0.1752691566944122 1.841908812522888 3.424980759620667 0.9368965998291969 0.2425011396408081 0.960696168243885 9.430120840668678 24.53663635253906 140.2119674682617 448.6605186760426 13.11488349735737 85.6996840685606 1.196662351489067 4.081391289830208 0 80.46637976914644 12.48552356660366 5.939590133726597 4.477254696190357 7.213427253067493 3.230885490775108 3.318714648485184 13.9810801371932 0.5599487647414207 0 458.9578259587288 128.1325689479709 233.2069243714213 101.8133745715022 6.063989371061325 23.16995643079281 71.40319816023111 7.639643333852291 7.91530817002058 13.7228757366538 4.282275959849358 8.637845546007156 19.82169128954411 5.663521625101566 0.2368088215589523 5.520016431808472 0.6341836601495743 0.5014248639345169 0.6901188269257545 0 0.8134916797280312 1.04546169936657 231.3648260384798 0.5742519497871399 0 0 149.7821743264794 0 1.516248285770416 2.995116919279099 2.793385684490204 2.637740656733513 112.6440480649471 5.461665004491806 52.44253322482109 10.83230173587799 34.18790717422962 5.427376598119736 99.96408475935459 95.48330239951611 80.9175044298172 42.4418111294508 0.6688030958175659 1.047209441661835 0 0 0 0 0 0 0 0 0 0 0.5959380269050598 0.3595622777938843 0.1591919511556625 0 0 0.6794397234916687 0 0.6343555450439453 0.4673192799091339 0 0 0 16.00406891107559 0.8984866142272949 22.99025404453278 5.682484894990921 1.976408153772354 0.1559538394212723 0.403135247528553 0 0 0.3250198364257812 0 0 0.7092081308364868 2.241708561778069 0 0 0 0.396253377199173 0.9133266508579254 0 0.2013615369796753 0 0.4832791015505791 1.004339396953583 0 1.131748914718628 0 52.74350672960281 0.4674134254455566 0 0.2748361080884933 0 0.1554411798715591 0.5593750849366188 0.3069392517209053 0 0.1365713477134705 87.8404773324728 1.302259400486946 0.2637728154659271 0 0 3.128141403198242 0 3.383729606866837 3.134992107748985 0.9866115748882294 6.517505824565887 0.5955192744731903 2.068727716803551 0 0 0 0 0.1708201766014099 0 0 0 32.14657448232174 4.495196864008904 8.637928783893585 375.9211075976491 97.01616217195988 646.6490987837315 109.9501072093844 562.2546320855618 126.5445135310292 8.573989428579807 237.3752367123961 19.02577796578407 1.924022182822227 8.405879005789757 1.8903718739748 36.97739344835281 1.061133340001106 0.3955439627170563 4.462182983756065 12.58960381150246 1.026977181434631
29.77308408915997 253.5025751888752 25.02477367222309 232.8820621669292 54.36186012625694 0 445.671341881156 7.7047099173069 198.4500061795115 435.1579380780458 17.05373553931713 471.8857694268227 623.1311434954405 185.1300126239657 0.9073152467608452 0.1959344744682312 0 0 0 0 0 0 0 0 0 0.1267440468072891 0 0 0 0 14.02636863291264 0 10.18707506358624 0 0 0 12.84348613023758 0.6540819257497787 8.710641399025917 2.668958112597466 0 0 0 0 0 0 0.2710776627063751 0.09861480444669724 0 0 0.1987498551607132 9.247265607118607 0 0 0.3065447509288788 0 18.08211258798838 34.09193734824657 0.3956266418099403 0 0 11.55181293189526 0 0 0 0 0 0.3627089858055115 0 0 114.5399885326624 141.9477304667234 5.37423138320446 4.58379665017128 0.5428907126188278 0.1886477619409561 0.285702720284462 0.1829421371221542 0 13.94862039387226 0 11.49765509366989 0.4797022268176079 0.1938969492912292 0.5242432057857513 0.4844973832368851 1.120535045862198 11.45868146419525 5.34954696893692 7.239706501364708 1.437396481633186 3.684768229722977 0 0 0.7407656908035278 414.4400303214788 131.8764633089304 13.45284079015255 4.803234204649925 173.7497117221355 0 0 0 0.7216972708702087 0 0.7629802376031876 0 0 0 0.212709903717041 0 2.203363284468651 2.098446130752563 0.6080189794301987 0 0 0 0 0 0 0 0 0 0 0 0 0 0 0 0.1656304746866226 0 0.4710822254419327 0.2281782180070877 0 0 0 0 0 0 0.1743319183588028 0 0 0.3840269446372986 0.6734348088502884 0 0 0 0 0 0 0 0 0 0 0 0 0 0 0 0 0 0 0 0 0 0 0.3499643504619598 0 0 0 0 0 0 0.1734156608581543 0 0 0.8000959008932114 0 0 0 0 0 0 0 0 0 0.1770565509796143 0 0 0 0 0 0 0 0 0 0 0.1910675019025803 0.2047123312950134 0.177770122885704 1.30131533741951 0.3208871185779572 3.017285376787186 0.2621269077062607 48.42922643572092 0 0 0.5407516062259674 0.2317387461662292 0 0.3194386661052704 0 2.741412878036499 0 0 0 0 0
2137.828149087727 3259.924219839275 36.27545574307442 1777.590842925012 1214.950308643281 445.671341881156 0 20.21127014607191 5172.17277032882 2415.190612345934 68.73076473176479 118.9531172513962 3877.321705684066 424.7274885699153 14.11076506972313 0.4088995754718781 0.5893018990755081 0.6118001565337181 0.1098133251070976 0.8929707258939743 0.2289151549339294 0 0.2142692059278488 0.1335888057947159 0 0.5794277116656303 0.3094806596636772 0.3699573203921318 1.348028242588043 0.1197381466627121 36.27084216475487 6.24556951969862 2.904529690742493 0 0 0 1.231343112885952 0.111366368830204 0.09369891881942749 0.2391243875026703 0.5256282761693001 0.2448252588510513 0.3381115198135376 0.809238463640213 0 0.3440672308206558 82.63698493689299 2.3203444480896 0.3028905987739563 0.7161655202507973 0.4392415955662727 0 0 0.1233446523547173 5.073229849338531 15.14109545946121 96.37991963326931 173.6319003477693 4.932786032557487 31.43248514831066 0.2354886829853058 0 0 22.59334227442741 4.760412856936455 3.872429192066193 2.53718739002943 2.532609954476357 2.042836174368858 0.874403178691864 9.169447138905525 1.101301997900009 0 250.6457139849663 48.83824279159307 78.31003665924072 34.26462157815695 1.623492650687695 0.9523392915725708 10.66110500693321 2.07879376411438 4.412834830582142 5.734261535108089 1.922493390738964 5.582667984068394 9.757117576897144 3.099144734442234 0.1271779835224152 2.089969135820866 0.2692930102348328 0.3470729440450668 0.1118033602833748 0.1182186678051949 0 0 541.7347596883774 0 0 0.1369356065988541 200.253419585526 0.5441871285438538 0 6.874280899763107 3.960515096783638 2.660883337259293 138.8032291978598 7.999748229980469 59.06431029736996 16.34681659936905 29.46830727159977 2.033238336443901 118.1660026311874 99.61747509241104 87.90296563506126 28.63579180836678 1.135425850749016 0.2584197521209717 0 0 0 0 0 0 0 0 0 0 0 0 0 0 0 0 0 2.292944133281708 0 0 0 0 12.20806013047695 3.052003920078278 19.37979901582003 6.733258619904518 0.8212842345237732 0 0 0 0 2.858003601431847 0.1952050179243088 0 0.7987368553876877 3.535153150558472 0 0 0 0 0 0.1104452237486839 0 0 0 0.7276701331138611 0 0 0 43.28417405486107 0.5146373212337494 0.636764794588089 0.206958144903183 0.1553740203380585 0 0 0 0 0 79.34861333668232 0.2281013131141663 0 0.1093010678887367 0 2.219333484768867 1.230310797691345 3.301059454679489 5.455109097063541 1.146291792392731 5.101544678211212 0.7825040966272354 1.717449642717838 0.112175852060318 0 0 0 0.09976925700902939 0 0 0 31.22885058820248 7.112775936722755 7.457989484071732 163.6054091379046 42.62694626301527 292.0949722677469 49.48580715805292 929.8291039690375 53.62519148737192 4.481441251933575 92.1586981639266 15.48694282770157 0.7153885066509247 10.10859186947346 1.248125150799751 54.41887174546719 2.430846840143204 0 4.135266214609146 4.222099155187607 0.4609525501728058
201.2600244134665 730.0261840224266 2731.086152620614 1.301797121763229 864.4389738515019 7.7047099173069 20.21127014607191 0 193.153643861413 0 2659.897472724319 6.593156144022942 29.34869657456875 347.2250172048807 26.71976499259472 3.776165559887886 1.51145176589489 8.629661187529564 1.477284990251064 59.37277669459581 188.5612131506205 0 11.01550432294607 14.70595647394657 37.56187172979116 27.83131559938192 0.1026877611875534 6.331945762038231 2.041639752686024 1.604626163840294 1660.185668930411 2050.064567290246 11.81251296401024 10.31806795299053 19.49369937181473 48.50125887989998 9.949631683528423 77.92472419142723 3.200020812451839 11.85206154733896 183.0586106702685 14.46010211855173 4.925403937697411 18.84959016740322 8.265417978167534 4.454357534646988 96.61698652803898 2.80129013210535 3.468995973467827 8.145533680915833 20.81743583083153 0.7674009203910828 0 3.790062084794044 3.712249711155891 11.05216822773218 192.8003897368908 873.2957912683487 3.162257790565491 29.08047497272491 91.05029921978712 22.3810772895813 6.061303317546844 1090.326964199543 4.591402910649776 4.94732266664505 13.96832037717104 44.38721979409456 106.6076752245426 230.1410668343306 2.318163998425007 1.928307950496674 0 303.2151392325759 199.3147038221359 150.1624307632446 322.8759159967303 83.95699201524258 1214.752063550055 2058.915649011731 930.0398087501526 1654.603389590979 3.590517818927765 1.145585991442204 3.025392696261406 11.84360636770725 15.10469363629818 0.1168502271175385 2.63073805719614 1.660672225058079 2.291300609707832 3.527139246463776 91.26634199917316 14.15901087969542 15.47160385549068 14.34165360033512 0.3659980595111847 0 0.1499954760074615 139.4501602649689 0.2362523078918457 0 0 0 0.1633204966783524 0.9714329689741135 0 1.373394042253494 0 0.3532293289899826 0 2.191902130842209 1.826896518468857 3.353553950786591 0 0 0.1802641451358795 0 0 0 0 0.3910961449146271 0 0 0.7265365123748779 5.768139809370041 0 0 1.789570316672325 0.1480345726013184 5.845279470086098 0.5212936550378799 3.975475966930389 0 0 0 0.1939443200826645 0 0 1.411298513412476 0 0.8348986655473709 1.105253554880619 0 5.46061410009861 5.230997547507286 4.463815748691559 0.2391598075628281 0.1205074936151505 0.4191807955503464 0.1645189523696899 0 0.3230125606060028 0.7735733985900879 0.6477182656526566 0.6371689438819885 0.6524697095155716 4.704436898231506 0.1443529576063156 0 0.4003067016601562 0 0 0 0 0 2.64574971050024 0.2230611592531204 0 0.1994501501321793 0 0 1.226173162460327 0.2162657380104065 0 4.89278906583786 4.083146557211876 1.160991936922073 0.8335027992725372 0.6917159408330917 2.161423057317734 0 0.2190380096435547 0.5662375092506409 0 0 0.2345533967018127 0 0.1906348913908005 0.4693851992487907 0 0 0 0.1920206025242805 0 1.053619369864464 2.123063817620277 2.230930268764496 0.5385510623455048 0.8038382977247238 105.8462307080626 45.0840503051877 232.3646887987852 31.13593345880508 114.3191315084696 28.19350358098745 3.730775281786919 58.36753462255001 4.610789895057678 1.882838897407055 1.044795393943787 0 0.1495784074068069 0.8221867084503174 0 0 2.401968717575073 0.8459638953208923
228.5700997188687 1126.458773672581 147.6563645079732 403.6126196682453 2656.950230501592 198.4500061795115 5172.17277032882 193.153643861413 0 1465.727865226567 3110.644269615412 110.7750940322876 1054.513549357653 1062.465213634074 74.50500535219908 4.81878749281168 1.054154902696609 1.649323865771294 0.3399768471717834 1.145259648561478 3.125486388802528 0 0.2187044024467468 0.2861414104700089 0.7257248386740685 2.116093650460243 0.7293558791279793 0.887082003057003 0.6715299710631371 0.3345515951514244 51.29888255894184 8.171604186296463 5.891943603754044 0 0.1458989828824997 0 5.980125442147255 0.4753629863262177 0.9042059183120728 0.3300575613975525 8.469597041606903 2.280211836099625 0.138231948018074 1.250158123672009 0.1201565340161324 0.5511942505836487 194.5958719030023 1.85080311447382 0.7561521679162979 1.383974261581898 0.943874716758728 0.2202600985765457 0 1.169566839933395 4.633355140686035 13.38447035104036 55.86226134747267 104.5451837107539 10.03185071796179 59.24328127503395 0.6868860125541687 4.585374876856804 0 42.93773518502712 5.840332560241222 3.416644938290119 1.812406815588474 3.091602131724358 1.666264191269875 3.285524889826775 15.81584545224905 0 0 245.2146330997348 53.67208433896303 204.7156099453568 133.3253651633859 6.187154278159142 2.028825849294662 43.08624599128962 1.697909839451313 3.673314906656742 4.255120456218719 2.829525247216225 3.202441580593586 10.4378062710166 4.477337919175625 0.3312800079584122 1.612076200544834 0.2666695415973663 1.201171196997166 0.4734882712364197 2.041027411818504 2.413438946008682 0.602360874414444 942.8047297224402 0.2586574256420135 0 0 67.3919321000576 0.4694728851318359 1.00226154923439 9.099119484424591 6.845088750123978 3.330941781401634 265.6606602370739 10.80822430551052 127.057697288692 19.55537052452564 61.44920106232166 13.89957123994827 233.1376063376665 202.3740420639515 167.0537930428982 73.29186564683914 1.953771933913231 3.451192200183868 0 0 0.1539389789104462 0 0 0 0 0.538578525185585 0 0 0 1.040493130683899 0.3589394688606262 0.2276941537857056 0.20352603495121 0.7863685339689255 0 3.1236911714077 0.7486642152070999 0 0 0 23.1270500421524 2.666859447956085 41.34532514959574 11.21782954037189 2.63065293431282 0 0 0.1631066650152206 0 3.603683486580849 0.2129446715116501 0 2.314557030797005 3.56644743680954 0 0.4479502439498901 0.1420393437147141 0.6362861394882202 0.3527498245239258 0 0 0.427558958530426 0.3162732422351837 0.3568416833877563 0 0 0 80.89955104142427 0.4170017391443253 0.9443774819374084 0 0.1293995529413223 0 0 0.09681857377290726 0.1108194068074226 0.3708455562591553 168.5593182444572 1.249706029891968 0 0.249342754483223 0.3409459814429283 4.802164182066917 1.225173860788345 2.192591667175293 5.605934396386147 2.818043038249016 7.940621629357338 0.3868466764688492 3.544859379529953 0.4333034455776215 0 0.2400354668498039 0 0.6234054714441299 0 0.8876054883003235 0 67.49356034398079 9.674495294690132 14.05859458446503 579.034255579114 63.91458281874657 589.4466012269258 112.6102177351713 477.25933072716 116.1138485893607 4.382214963436127 342.1457084715366 33.29046357423067 1.623825035989285 18.11112429946661 3.208049923181534 102.6346158236265 2.533350571990013 0 15.0574187785387 23.83093094825745 1.024242207407951
1245.273930892348 181.9773619174957 1.052281320095062 678.2622069865465 82.19007340818644 435.1579380780458 2415.190612345934 0 1465.727865226567 0 7.66223681718111 1661.381741061807 7894.851326674223 1832.018771380186 1.202492579817772 0.2697826474905014 0 0.2712745368480682 0 0 0 0 0 0 0.09174229204654694 0 0 0 0 0 0.7346377074718475 0.3493484407663345 4.775376960635185 0.2682054340839386 0 0.1798048615455627 0.3798376321792603 0 0.1504041999578476 0 0.6649982929229736 0 0 0 0 0 2.458300232887268 0 0 0 0.1208152621984482 0.3903037905693054 0 0 0.5575340837240219 1.063323855400085 15.87818310409784 16.8754478469491 0 0.5051060020923615 0.1480076313018799 0.1182624399662018 0 0.5554675534367561 0.4543900936841965 0 0 0 0.1313987225294113 0 4.16897577047348 4.017826408147812 0 19.70957048237324 3.327007763087749 1.850015066564083 1.561685606837273 0.667224332690239 0 9.76273650676012 0 0.2246949076652527 0.2761269509792328 0.1434324979782104 0.4309677928686142 0.7237981185317039 1.026172250509262 0 0.1249739602208138 0 0 0.2457702606916428 0.2907941043376923 0.4273287951946259 0.2387090474367142 460.2260239422321 5.754096329212189 0 0 268.3251692950726 0 0 0.7100634425878525 3.889920830726624 0.350858598947525 41.52020779252052 1.51182533800602 21.99392637610435 1.441069677472115 10.07221274077892 1.041843324899673 27.45548662543297 23.61017170548439 22.67450906336308 4.101825475692749 0 0 0 0 0 0 0 0 0 0 0 0 0 0 0 0 0 0 0 0.5332255363464355 0 0 0 0 1.945835947990417 0 1.522000730037689 0 0.8702259361743927 0.4467975497245789 0 0 0 0.3261767327785492 0 0 0 1.058531031012535 0 0 0 0 0 0 0.1422148793935776 0.2216228544712067 0 0 0 0 0 4.777169108390808 0 0 0 0 0 0 0.1939792782068253 0 0 14.85293510556221 0 0 0 0 0 0 0 0.6215583086013794 0 0.245181679725647 0 0.2597208023071289 0 0 0 0 0.1445727795362473 0 0 0 5.980754122138023 1.60613077878952 1.154226273298264 29.75218685716391 3.046284012496471 19.62964148819447 2.814475707709789 357.6072461605072 3.347901903092861 0.09700373560190201 5.899272903800011 1.371005609631538 0.1006463766098022 2.335605934262276 0 25.23901706933975 0.5251675844192505 0 1.338419765233994 0 0
431.214495792985 1710.127215087414 2786.907287277281 12.06059941649437 1397.114625781775 17.05373553931713 68.73076473176479 2659.897472724319 3110.644269615412 7.66223681718111 0 80.35833890736103 935.9262777045369 4238.968512915075 119.7773382887244 15.08735802024603 2.632931210100651 8.494896553456783 1.667942985892296 17.40428904443979 44.53834094107151 0 0.4643674194812775 4.083537176251411 13.82504471391439 23.20970289409161 0.6615399494767189 5.230023570358753 3.589511193335056 0.6728616058826447 646.1692814305425 526.7901401594281 130.807438403368 2.709077782928944 3.213365033268929 16.69031071662903 41.86633387953043 47.44179091602564 9.518359117209911 12.20426201075315 110.2099207043648 20.19143236428499 4.912837624549866 5.685857690870762 1.577814675867558 2.314381264150143 241.015212148428 4.374577678740025 5.092660620808601 7.68076403439045 18.15839932858944 0.6814315319061279 0 0.9688349813222885 6.624066725373268 17.08033087849617 139.9610788971186 512.9577432498336 10.65284195542336 72.23765706270933 9.064861357212067 14.41293001174927 0.4066812992095947 224.7285724058747 8.364164926111698 7.100104592740536 7.524310924112797 19.55158244818449 22.40150862187147 48.77812085300684 36.30230209231377 6.977572865784168 0.737845353782177 403.39711496979 141.0459914207458 324.3773340210319 231.0215876102448 38.4495986327529 617.5828742608428 635.8269655704498 68.00840294361115 239.223510928452 7.167340897023678 3.260906107723713 8.297418937087059 18.53414769470692 10.85654819756746 0.08670829236507416 4.233707472681999 0.8402073532342911 7.948608413338661 1.22360722720623 34.29008343815804 22.24458336830139 15.21653617918491 188.5277091264725 6.528220564126968 0.1169309616088867 0.3538004830479622 146.1107464134693 0.1449760347604752 0 0 0.8267258703708649 0.9025966674089432 19.43663032352924 0 12.08422370254993 2.161355063319206 6.054497331380844 1.244824349880219 21.44262704253197 29.32148405909538 28.88710042834282 13.31868821382523 0.9449472725391388 0.7603932842612267 0 0 0.287133514881134 0 0.9967161267995834 0 0 0.3781757354736328 8.698944374918938 0 0 1.069499090313911 0.1126250177621841 5.629569202661514 1.249553844332695 4.537057384848595 0 0.3087678551673889 0 0 0 0 3.746283888816833 0.6748148053884506 8.783430434763432 3.654844745993614 0.8307230174541473 5.701343432068825 3.129840940237045 1.064457707107067 0 0.136690229177475 0.8996602445840836 0 0.9063245803117752 0.8449405431747437 0 0.6076600253582001 0.9109372794628143 0 3.683471612632275 0 0 0.4747122451663017 0 0 0 0 0 17.92400880157948 0 0 0 0.09889168292284012 0.167063295841217 0.6173582673072815 0.1930835843086243 0.09066611528396606 3.433400511741638 42.31094028055668 2.000774443149567 0.2144210785627365 0 1.511355325579643 1.994948476552963 0.1422543972730637 1.220037013292313 0.3298454880714417 0.1924766004085541 0.9629910588264465 0 0.6757635921239853 0.3318429738283157 0.2435658648610115 0.1182579472661018 0 0.2120029702782631 0.5365195721387863 0.3261857256293297 0.2165045887231827 21.60144585371017 6.344269320368767 6.70814311504364 400.5637496486306 82.5826193317771 568.2445672377944 99.13190558552742 296.7764116302133 101.1999577209353 4.428790338337421 235.6507181972265 7.633380055427551 1.742961287498474 2.619162783026695 1.402654454112053 8.306468918919563 0.3208454176783562 0.7371461987495422 7.512637078762054 17.74185509979725 4.765278682112694
450.7848983854055 26.55069962143898 5.034493252635002 582.5394404232502 54.67370930314064 471.8857694268227 118.9531172513962 6.593156144022942 110.7750940322876 1661.381741061807 80.35833890736103 0 2792.411454990506 637.4570787996054 15.99136450141668 4.301646262407303 0 1.70849297940731 0 0.7422769963741302 1.399840533733368 1.351318746805191 0 0 0.9203350991010666 0 0 0.1824043691158295 0.2934399843215942 0.1187254935503006 5.127774655818939 1.021195068955421 7.932495623826981 0 0 0 9.537045672535896 1.010383263230324 10.20911878347397 0 0.9976361840963364 0.8430172204971313 0 1.688843965530396 0 0.3414178788661957 27.40534037351608 0 0.4911925196647644 0 0.8162825107574463 0.9555096179246902 0.6988207101821899 0.1543639749288559 0.7654480561614037 1.929163955152035 14.75278569757938 16.03632384538651 0.6180405393242836 2.855755731463432 0.7522060126066208 1.390169620513916 0 3.597943738102913 0.3597078323364258 0 0.1181676834821701 1.08172795176506 0.6417123675346375 1.481035277247429 173.150551378727 53.70332741737366 0.1932341307401657 33.92552784085274 7.668472126126289 26.2944393157959 14.70106211304665 6.811703279614449 2.330494672060013 21.66674552857876 1.315551996231079 1.494777292013168 0.8443595618009567 0.235240064561367 0.5024216324090958 1.817437961697578 0.6862979829311371 0.8911576122045517 0.5878749787807465 0.7889854609966278 0.4169348031282425 1.145560458302498 0 1.49924647808075 0.7961819767951965 2949.48586538434 322.625620469451 6.962986081838608 7.402020037174225 99.31876403093338 0 0.7732211947441101 2.945265337824821 3.99208989739418 1.862483203411102 123.7926979959011 5.700689822435379 62.6072041541338 5.668688505887985 30.09102706611156 6.107320606708527 123.0231971144676 105.5905290096998 127.0517989397049 34.51319745182991 0.8382032960653305 1.068536505103111 0 0.6152329593896866 0.2500468492507935 0 0 0 0 0 0.2868680059909821 0 0.151654988527298 0.325853019952774 0.6289354786276817 0.438191682100296 0 0 0 2.035344004631042 0.1901726126670837 0 0 0.983858048915863 11.71012705564499 1.64722765982151 18.8988446444273 10.4801457375288 1.312119252979755 1.056973785161972 0.1452427953481674 0 0 2.244534701108932 0.7606554329395294 0.2420371770858765 1.789354518055916 4.023157060146332 0 0.1993713825941086 0 0.4167937487363815 0.2774745225906372 0 0 0.1247750669717789 0.4705816879868507 0.4972114861011505 0 1.113340348005295 0.1579290479421616 38.86046473681927 0.6983412504196167 0.1768316477537155 0.380272388458252 0 0 0.1467814296483994 0.1075982451438904 0 0 105.1221131533384 4.0922731757164 0 0 0.3507073819637299 3.611870437860489 0 0.6634805351495743 4.94270496070385 1.394870817661285 7.186875134706497 0.6052874624729156 0.9840741753578186 0 0.4619173258543015 0 0 0 0 0.1573090404272079 0 43.37382744252682 17.29816892743111 11.72818118333817 108.6894234865904 7.361654043197632 81.48027958720922 12.23020779341459 345.2790549844503 9.673922121524811 0.9981648027896881 48.19458337128162 16.12701462209225 0 15.39894542843103 2.136181689798832 46.89491689950228 2.251952156424522 0 8.754052996635437 3.223588734865189 0
1526.454652763903 367.1574723348022 28.82789784669876 3456.998356387019 158.8197952434421 623.1311434954405 3877.321705684066 29.34869657456875 1054.513549357653 7894.851326674223 935.9262777045369 2792.411454990506 0 2177.114437222481 127.9242297485471 32.29679919779301 4.054595708847046 6.393311649560928 0.6500313729047775 7.954872079193592 11.17086049169302 3.295367479324341 0.1494020372629166 0.3066501021385193 3.788972541689873 2.979424998164177 0.3112455010414124 4.568223804235458 3.128640197217464 0.4400288909673691 9.618087060749531 8.273341313004494 698.8700004070997 0.2766987085342407 0 5.561021387577057 322.7583316117525 17.48162646591663 142.7434862554073 25.16337004303932 28.0578575283289 13.06983341276646 2.721650034189224 14.1156078800559 0.3062555342912674 2.488297075033188 181.1567130684853 1.782190635800362 3.348518788814545 4.756565883755684 2.573597446084023 2.67547619342804 0.6398734748363495 2.462250038981438 4.66304312646389 6.975256860256195 40.46392205357552 61.94024965912104 7.065503843128681 29.13371570408344 6.902141973376274 48.19440312683582 0.753292441368103 23.19455140829086 3.300666868686676 1.601107865571976 1.675339892506599 2.104676581919193 5.442427009344101 8.802470356225967 874.4132683128119 157.3853152245283 0.5598219186067581 136.6348661258817 28.96894098818302 167.4948194026947 121.0305398032069 45.22859112918377 3.533573970198631 158.4372988343239 12.83457683026791 21.45793776959181 5.193682685494423 0.7626492083072662 2.411071307957172 7.558844305574894 9.547725029289722 0.4189501106739044 2.033301934599876 2.4068813174963 6.815206676721573 3.881911247968674 2.995532020926476 19.00045748054981 19.88760289549828 4407.293767616153 307.5862212330103 9.445598259568214 12.6313668191433 186.8014002591372 0.5468330681324005 0.7622774839401245 7.186921000480652 6.231818363070488 3.963649347424507 175.0933874025941 7.180421441793442 95.50808346271515 19.69431500136852 45.51419708132744 10.01747292280197 165.7868056148291 182.3119794875383 180.510236158967 77.02520363777876 3.224066980183125 2.802263960242271 0 0.3929206132888794 0.2734843492507935 0 0 0 0 0.1913994401693344 4.031913191080093 0 0.1951815783977509 0 0.8932076543569565 2.21887843310833 1.633443504571915 1.104379668831825 0.1816495656967163 1.471828728914261 1.488298207521439 0 0.2581287771463394 0.2187643796205521 32.34071628004313 4.084257647395134 64.1156140267849 26.56921225041151 6.316199272871017 2.788886711001396 1.499654158949852 1.197865471243858 0 4.17910274118185 1.000785320997238 0.3654339015483856 4.501364305615425 5.001069389283657 0.1687666922807693 0.5301247984170914 0.5927912592887878 0.8155645728111267 2.01689076423645 0 0 0.3870232999324799 1.103623487055302 0.3950657695531845 0 0.8491004854440689 1.746109798550606 94.39166334271431 2.214579790830612 1.185077309608459 0.2590630650520325 0.2714979946613312 0 0.8074876666069031 0.09806333482265472 0 3.782159253954887 250.6623465642333 14.14394137263298 0.2547145783901215 0.1225586161017418 1.01571761071682 6.862128406763077 1.942037343978882 3.287700824439526 5.699114732444286 2.562719255685806 8.02121227234602 3.696917280554771 6.390777431428432 0.5657166615128517 0.4190939366817474 0.3862900137901306 0 1.096847802400589 0.1904362142086029 0.1434461027383804 0 107.339383482933 40.3399955034256 46.12096402049065 502.2039767354727 58.23136860132217 356.4429411813617 81.33546171337366 696.7859613746405 70.06507030874491 3.700209476053715 265.0201147645712 45.19405219703913 3.278620667755604 20.56660611182451 5.902019120752811 51.02263174951077 1.322640866041183 0 16.94566629827023 28.53675793111324 5.787123203277588
