0 2984.552702181041 1882.943265818059 1812.322503387928 311.5678161606193 68.03393375873566 3383.980443350971 296.9623852074146 69.22426294535398 1153.776477426291 411.6373469233513 19.65634919703007 89.255789026618 66.49041148275137 2.154221214354038 1.077514089643955 0.1357723474502563 0 0 0.09247998148202896 0.2138409018516541 0 0 0 0.09888499230146408 0 0 0 0 0 300.8814929053187 1.800985209643841 18.44490335136652 0 0 0.1144730821251869 7.073043316602707 0.4049960672855377 0.6694837361574173 0.2701077163219452 0 0.294227734208107 0.1097889915108681 0.815937764942646 0 0 8.249207116663456 1.45424784719944 0 0.1811041757464409 0.218667060136795 0 0 0 0.5870520323514938 0.8181649893522263 381.860698916018 670.4552121460438 23.34285640716553 3.928095169365406 0 0.4429107755422592 0 4.480893954634666 1.209677934646606 0.9851262792944908 1.464812126010656 1.132120899856091 0.2423906922340393 0.184288501739502 12.5580093562603 4.099739894270897 0.2141558825969696 31.60233405977488 4.04710278660059 10.37669687718153 3.11952105909586 1.213991023600101 2.883401170372963 32.52260109037161 0.3708302229642868 0.7722778469324112 6.493987701833248 0 1.364291444420815 1.550828605890274 0.5420438200235367 0.3371962010860443 0.8811494708061218 0.71540567278862 0.1270540505647659 0 0.3302294909954071 0.2074241191148758 0.1196805909276009 177.7950098961592 5.847779050469398 0.2551615834236145 0 1872.629286795855 0 0 0.5439381003379822 0 0 9.747017756104469 0.2383848875761032 0.8815380483865738 5.201534762978554 11.50837032496929 0 7.564033478498459 6.7683060541749 7.306484028697014 0.3803034275770187 0 0 0 0 0 0 0 0 0 0 0 0 0 0 0 0 0 0 0 0 0.2662268579006195 0 0 0 0.6362329125404358 0.5341853499412537 0 0 0.2782518565654755 0 0 0 0.1186380609869957 0 0 0 0 0.247174084186554 0 0 0 0 0 0 0 0 0 0 0 0 0 1.151547521352768 0 0 0 0 0.1414419114589691 0 0.1327350586652756 0 0 4.561558492481709 0.3689288944005966 0 0 0 0.5011952444911003 0.4412766993045807 0 0.3328023850917816 0 0 0.249530628323555 0 0 0 0 0 0 0 0 0 1.469467237591743 0.5419254079461098 0.5866526961326599 84.76560289412737 4.480249427258968 61.82142186164856 18.86666127294302 1017.188511662185 88.99228882789612 2.762679815292358 10.36718325316906 1.414891481399536 0.08956762403249741 0.5149723142385483 0 7.357515096664429 0.1324600577354431 0 0.587191566824913 16.09284433722496 0
2984.552702181041 0 2310.19466111064 115.2508974596858 2322.343631029129 89.9494436532259 4313.979664742947 437.7803165018559 451.8057132661343 52.46833185851574 579.9485247209668 5.055151216685772 116.7462444454432 223.4502306953073 9.002006717026234 0.4183015674352646 0.2011763677000999 0.3561036661267281 0 0 0.3475237041711807 0 0 0.1142487153410912 0.1661636680364609 0 0 0.1163374409079552 0 0 1581.606499515474 17.24897312372923 24.40917224436998 0 0 0.105288028717041 5.76352259516716 0 0.3740913569927216 0.1063766852021217 0.3175069987773895 0.2386207431554794 0.1863594278693199 0.7650790587067604 0.1251028478145599 0 55.89228621870279 9.262732908129692 0.25064866989851 0.5168535113334656 0.7212266027927399 0 0.3139349520206451 0 0.2959023714065552 1.66636598855257 182.7260578647256 1003.646483458579 43.75259133428335 22.65132866799831 0.4327825903892517 1.047140300273895 0.3803240358829498 89.13698778301477 3.667405113577843 7.020716860890388 5.395726107060909 4.826232612133026 0.2781999632716179 0.1135787889361382 6.467794075608253 0.132864311337471 0 80.15033610165119 26.7187482342124 54.60843352228403 15.99092397838831 0.2589968219399452 2.570647001266479 42.10639609396458 0 1.658221684396267 23.76138323545456 0.3334469050168991 4.511896342039108 9.39924544095993 2.703707829117775 0 2.181653670966625 0 0.2363916411995888 0.3664257675409317 0.555818185210228 0.641339011490345 0.7077429369091988 9.396903991699219 0.5720107704401016 0 0 1159.775122046471 0 0 0 0 0 22.19990254938602 0 1.613308697938919 1.884624876081944 2.788905262947083 0 5.368926838040352 2.256612628698349 3.442096963524818 0.8137317597866058 0 0 0 0 0 0 0 0 0 0 0 0 0.1075834035873413 0 0 0 0.220947802066803 0.08944147080183029 0 0.1836297661066055 0.4418149292469025 0 0.2121196687221527 0.7614173889160156 0.7211773246526718 0 0.5051482617855072 0.6433915346860886 0.2890010178089142 0 0 0 0 0 0 0 0 0 0 0 0 0 0 0 0 0 0 0.3891090750694275 0 0 0 1.436961777508259 0 0 0 0.1338361203670502 0 0 0 0 0 3.232357278466225 0.2516225427389145 0 0 0 1.116203933954239 0.1007912382483482 0.3849897682666779 0.2536805868148804 1.093180537223816 1.247887924313545 0.5377786159515381 0 0.3202283382415771 0 0 0 0 0 0 0 2.164408639073372 0.4194945096969604 0.5629189014434814 143.3535976782441 23.33352233469486 243.6204202845693 52.0774694159627 681.1509316936135 183.8111859634519 12.45010285079479 46.10472455620766 1.608573623001575 0.1237813904881477 1.052085429430008 0.2771682441234589 2.529606118798256 0 0 0.4787961542606354 29.16885621100664 0.4141073822975159
1882.943265818059 2310.19466111064 0 7.021923288702965 1080.162749454379 10.5490143597126 476.1558467745781 2045.682561136782 1172.265501998365 38.30340894311666 872.4504019245505 4.475880905985832 266.9282632619143 704.36855366081 16.25652334839106 4.519853621721268 0.6100855246186256 1.22150482237339 0.08581005781888962 7.061518147587776 7.667514145374298 0 0.4549911469221115 0.4053149968385696 0.5685430467128754 0.9668452441692352 0.3127989545464516 0.6950321868062019 1.043541595339775 0 3426.912274710834 223.2355914339423 92.14703266322613 1.980705246329308 0 0.8329613283276558 17.29828681051731 0.3667926415801048 2.219603449106216 1.907158054411411 0.8078921064734459 1.21370816975832 2.9073671028018 1.920086577534676 0.9618831053376198 4.722889877855778 42.92201855033636 8.779576629400253 0.5045337453484535 3.577439993619919 0.5468602180480957 0.2436279207468033 0.1305032819509506 0.1567993313074112 0.5910883992910385 2.924136660993099 171.0124105960131 1436.226208589971 39.8691126331687 22.18203096836805 13.88054485619068 3.865547738969326 2.210755124688148 407.0081124231219 3.361829102039337 6.054913036525249 5.855487890541553 4.176873661577702 7.566332682967186 2.024437069892883 12.53572461009026 1.832626469433308 0.3618402183055878 92.87266647815704 57.70429782569408 58.91333866119385 27.89234824478626 5.412335604429245 114.026805460453 552.3623788207769 21.45830426365137 475.8934785425663 18.5077631175518 0.655281700193882 3.907768249511719 7.610655590891838 7.090291045606136 0 3.527641117572784 0 0.7460902109742165 0.551721952855587 2.454309567809105 0.6435061991214752 1.229830175638199 14.47918658703566 1.484925761818886 0 0.6054612621665001 508.5696919485927 0 0.7581723928451538 0 0 0.4320630729198456 3.591337144374847 0 0.7955932766199112 2.333563283085823 1.811198711395264 0 6.78131015598774 5.249115630984306 7.99672158062458 0.563359797000885 0.1729097589850426 0 0 0 0 0 0 0 0 0 0 0.2098298668861389 0.1000565886497498 0 0.5056552588939667 0 0.09347699582576752 0.4038234204053879 0.09030389785766602 0.1130040362477303 0.2320692390203476 0 0 0.3848401680588722 2.403043054044247 0.8360636532306671 0.3768935576081276 0.9642606377601624 0.88505719602108 0 0 0 0 0.2207632511854172 0 0 0.3112688064575195 0.7246698141098022 0 0 0 1.055911250412464 0.09966664761304855 0.08017515391111374 0 0.08761533349752426 0 0.7931660711765289 0 0.2569902092218399 0 1.93833477050066 0 0.1806314140558243 0 0 0 0 0 0 0 6.566373623907566 0 0 0.09681078046560287 0.09490929543972015 1.057493187487125 0 1.49759304523468 0.6737812161445618 0.9926388263702393 0.9507817625999451 1.378838181495667 0.2702796459197998 0 0 0 0 0.08252382278442383 0 0 0 2.518682949244976 0.9467632323503494 1.051463015377522 122.9450964704156 25.97815796732903 164.9437666386366 38.10036642849445 274.6012221872807 138.2982973754406 8.906596578657627 44.94161677360535 2.944321922957897 0.1398346573114395 1.722924187779427 0.4944470822811127 1.687454253435135 0.5772475004196167 0 0.8720682635903358 10.56358994543552 0
1812.322503387928 115.2508974596858 7.021923288702965 0 9.819979906082153 456.0393838137388 661.9242849573493 0.5817012414336205 7.163077965378761 761.3379524201155 0.6878411769866943 15.75426179170609 332.1838521510363 44.08878915756941 1.432451866567135 0 0 0.1209922581911087 0 0.1156052574515343 0 0 0 0 0 0 0 0 0 0 58.91138571500778 1.220152288675308 0 0 0 0 0.4598000943660736 0 0.2741121053695679 0 0 0.1133882328867912 0 0 0 0 9.043067045509815 3.66698069870472 0.4127222746610641 0 0 0 0.41571044921875 0 0.1373640298843384 0.4249042272567749 45.90247953683138 175.7930495217443 10.34809865802526 4.848466403782368 0 0 0.1110577434301376 20.23210912942886 1.04435446113348 1.700704790651798 1.499464385211468 0.5491287261247635 0 0 13.25197678804398 0.1314122974872589 0 14.41943271458149 4.431808724999428 9.456208221614361 2.82000695168972 0 0 0.4206070080399513 0 0.3435267060995102 5.80310070514679 0.2542711645364761 1.518049024045467 1.763303995132446 0.9546516016125679 0 0.5728599354624748 0 0.4928217083215714 0 0 0.1268753111362457 0.2624542862176895 89.34633441269398 0 0 0 288.8614106327295 0 0 0 0.20348259806633 0 3.470912426710129 0.8900155127048492 1.34165495634079 2.929194107651711 9.18575294315815 0 11.5271852016449 8.195140168070793 4.477434784173965 0 0 0 0 0 0 0 0 0 0 0 0 0 0 0 0.3130656778812408 0 0 0 0 0 0 0 0 0 0.6498225331306458 0.3549721240997314 0 0.120730385184288 0 0 0 0 0 0 0 0 0 0 0 0 0 0 0 0 0 0 0 0 0 0 0 0.3206208348274231 0 0 0 0 0 0 0 0 0 1.536876380443573 0 0 0 0 0 0.5024803876876831 0 0 0 0.3074084669351578 0.4305735230445862 0 0 0 0 0 0 0 0 0 5.811748549342155 0.8128087520599365 0 51.74209917336702 6.554331496357918 54.76535355299711 12.45019339770079 559.9834551662207 43.7958145737648 3.210346914827824 7.251338757574558 1.450389504432678 0.2903828024864197 0.3498146235942841 0.3731907308101654 2.754367470741272 0 0 0 0 0
311.5678161606193 2322.343631029129 1080.162749454379 9.819979906082153 0 4.747334510087967 812.4999955147505 172.3273244574666 1748.662555344403 168.3012946918607 838.6826078444719 33.18948850780725 288.9863005280495 1137.696345731616 17.73827259987593 2.007872119545937 0.407771609723568 0.1742070764303207 0 0.429255522787571 0 0 0 0.1401655673980713 0.4247383922338486 0.903887040913105 0.3658718839287758 0.5994561314582825 0.1971178352832794 0 184.747661434114 25.19734533131123 1.245113782584667 0 0 0.08825749903917313 1.047098897397518 0.2154315263032913 1.477189727127552 0.3105329573154449 0.1313575953245163 0.5254443660378456 0.1078376248478889 0.2316889390349388 0 0.2395990639925003 55.95568618178368 5.403204798698425 0.214836061000824 0.1034564226865768 0.2931722104549408 0 0.08708300441503525 0.1734712868928909 0.1210659891366959 1.733278140425682 41.29271616786718 142.179092682898 13.24681184440851 21.4626896455884 0.4253259301185608 0.260383814573288 0 82.46387632936239 2.588222272694111 4.721810780465603 3.896656274795532 2.683193288743496 0.3555777221918106 0 0.926010474562645 1.112326681613922 0 28.74465280026197 17.43021886050701 52.75435291975737 32.75239780545235 2.648160710930824 0.1637158840894699 9.87176376581192 0 1.197843387722969 11.37615156173706 0 3.876004442572594 5.389184877276421 1.281351909041405 0 1.498367004096508 0 0.2202050089836121 0.3409177139401436 0 0.3668240755796432 0.6362115442752838 13.74457411468029 0 0 0 46.84526010602713 0 0.7498382925987244 0.1635781228542328 0 0 9.724861830472946 0.3961641490459442 6.319044068455696 4.879107534885406 8.586025804281235 0 19.61958183348179 14.85931359231472 10.33456881344318 2.803268253803253 0 0.1462584286928177 0 0.1394488662481308 0 0 0 0 0 0 0 0 0.5851461291313171 0 0.4705871641635895 0 0.08495265990495682 0.124240443110466 0 0 1.536354437470436 0 0.8055227547883987 0 4.10141333937645 2.449049383401871 0.6420498788356781 0.7391792237758636 0.6093048974871635 0 0 0.08894063532352448 0 0.3957898020744324 0 0 0.9516743868589401 2.086425520479679 0 0 0 0 0 0 0 0 0 1.957554250955582 0 0.1588322967290878 0.3551848828792572 7.357022747397423 1.342918276786804 0 0 0.1898090690374374 0 0 0 0 0 14.91045282781124 0 0 0.08096963167190552 0 2.331198252737522 0.2991915345191956 1.850706845521927 2.597238257527351 0.9796572625637054 2.214762896299362 1.548827677965164 0.3002134561538696 0.2559697031974792 0 0 0 0 0 0 0 7.634474776685238 2.372911915183067 2.219228349626064 219.7755661085248 27.87394547462463 195.6357219666243 41.07727143168449 272.1628593504429 89.81986977159977 9.479767546057701 75.43304660916328 5.519946068525314 0.55486199259758 3.975774005055428 0.231615349650383 5.704018175601959 0.1203676164150238 0 1.324116736650467 5.411806896328926 0.6374809890985489
68.03393375873566 89.9494436532259 10.5490143597126 456.0393838137388 4.747334510087967 0 386.3919121921062 8.294104240834713 6.123292684555054 746.4179117679596 8.948292449116707 81.722371712327 145.6494647413492 15.26722730696201 0 0 0 0.2162807583808899 0 0 0.4168196320533752 0.4121349602937698 0 0 0 0 0 0 0 0 11.66854932904243 0.1472314894199371 7.682818055152893 0 0 0 14.57274699211121 0.3381976038217545 4.265267968177795 0.836477667093277 0 0 0 0 0 0 0.385658860206604 0.2321766912937164 0 0 0 0.6343534290790558 1.57919080555439 0 0 0.2072582244873047 46.31640009582043 29.54463878273964 0.3685174286365509 0.2665128409862518 0 3.436137929558754 0 0.8855617642402649 0 0 0.3627693206071854 0.4259794130921364 0 0 50.38299266993999 23.86555436253548 2.781328305602074 0.6393549740314484 0.107534758746624 0.4933017194271088 0.5610531568527222 0 0 2.831946641206741 0 1.678711876273155 0 0.1838877201080322 0.1113278344273567 0.6058592200279236 0 2.983477801084518 0.5026165395975113 2.089850336313248 0.1410746574401855 0 0 0 0 254.7097683697939 20.18202346563339 4.170707151293755 1.512595057487488 300.6818684637547 0 0.1670870184898376 0.9666836857795715 0 0.1994501799345016 5.300792053341866 3.411906808614731 2.05963933467865 5.02150271832943 10.695666924119 0.2332827001810074 12.5918406099081 8.090813025832176 3.54887355864048 0.1387905925512314 0 0 0 0 0 0 0 0 0 0 0 0 0 0 0.3953561186790466 0 0 0 0 0 0 0 0 0 0.1527265608310699 0 0 0.3927836418151855 0 0 0 0 0 0 0 0 0 0 0 0 0 0 0 0 0 0 0 0.4111776947975159 0 0.1309214234352112 0 0 0 0 0 0 0 0 0 0 0 1.73794262111187 0 0 0 0 0 0 0 0 0 0 0 0 0.1721184253692627 0 0 0 0 0 0 0 4.843425258994102 0 0.318286806344986 4.124465271830559 0.7022844552993774 5.02403062582016 2.851283758878708 94.2280762642622 3.126886337995529 0.263758048415184 1.287080034613609 1.501871176064014 0 0.189818263053894 0 6.331152677536011 0 0 0 0 0
3383.980443350971 4313.979664742947 476.1558467745781 661.9242849573493 812.4999955147505 386.3919121921062 0 116.0744836181402 665.2405984178185 1985.311201132834 456.9095184281468 216.8290720358491 1243.254699490964 997.9624911174178 52.38105581700802 4.387099497020245 0.6258820667862892 0.9953070059418678 0 1.274769142270088 1.80631410330534 0 0.1096636280417442 0.282561719417572 1.065573491156101 2.743047669529915 0.2002094462513924 1.322584867477417 0.7694978192448616 0 458.1556777507067 54.61059753596783 5.168687760829926 0 0 0.4681528210639954 6.42098380625248 0.2656570374965668 0.5131965503096581 1.864268682897091 0.5181944668292999 1.3545236364007 0.3903631567955017 1.535570226609707 0.1158839091658592 0.1068177595734596 177.7532767578959 18.37725444883108 1.1113286241889 0.6717412397265434 1.283436007797718 0 0.6126613765954971 0.5450634583830833 1.071609787642956 7.282906703650951 159.2522892281413 600.3183095678687 52.21317574381828 68.21821711957455 0.2256305515766144 1.822675481438637 0.2512569054961205 270.9690012857318 10.45008665323257 15.29198030382395 12.0453263297677 12.40775145590305 0.4968772754073143 0.4042262136936188 11.5355272591114 3.767272546887398 0 106.2775148749352 51.47043148428202 157.6046289652586 91.60414816439152 4.349524952471256 0.6203242763876915 25.90850070863962 0.8534116223454475 6.99583213031292 41.23369821161032 1.142259210348129 13.94849094003439 18.31209842860699 5.631111204624176 0.09138093143701553 6.014240376651287 0.09784084558486938 1.746833689510822 1.787939146161079 0.4110311567783356 0.710009403526783 2.708662524819374 98.66042348742485 0.1510710716247559 0 1.55399014800787 442.9457736313343 0.4380874037742615 2.350851789116859 0.5395160019397736 0.8726622313261032 0.3284436762332916 33.8439060151577 3.630641460418701 24.28393436968327 29.61344914138317 35.92325414717197 1.906461641192436 74.09718161076307 59.97784048318863 48.51138572394848 5.712229765951633 0.6098472028970718 0.633958637714386 0 0 0 0 0 0 0 0 0 0.1817544549703598 2.133515879511833 0 0 0 0.3614385351538658 0 0 0.2087702304124832 2.807410359382629 0 2.258250623941422 0.6606177091598511 10.36712685227394 3.903467789292336 1.454533785581589 1.872758060693741 1.98811961710453 0 0 0.09783714264631271 0 0 0 0.1157617121934891 1.897083967924118 6.043607637286186 0.1642575711011887 0 0 0.2936340570449829 0 0 0.2994048297405243 0 0.3847935795783997 3.828035816550255 0 0.1220085546374321 0.9290652126073837 20.12697119265795 2.294914394617081 0.1803806275129318 0.213995523750782 0.352247953414917 0.2504698038101196 0 0 0 0 49.70050603151321 0.3412386104464531 0 0.1753489077091217 0.1869799867272377 5.366328865289688 1.814358785748482 5.88093850761652 4.538063541054726 3.450263679027557 12.34015138447285 4.462847858667374 0.2511382773518562 0.2924300283193588 0.1096926033496857 0.208272397518158 0 0.546805314719677 0.1169221475720406 0 0 32.06273840367794 5.081260904669762 6.300724171102047 538.8040585964918 96.65854109823704 537.7210442051291 133.438433021307 1406.26284994185 320.0630818605423 28.80172299593687 191.8955531641841 24.68839966505766 1.533222109079361 12.35866358876228 1.103017821907997 20.27020138502121 0.7635186463594437 0.1928068846464157 2.402864754199982 7.389640435576439 0.8366332948207855
296.9623852074146 437.7803165018559 2045.682561136782 0.5817012414336205 172.3273244574666 8.294104240834713 116.0744836181402 0 493.9199886769056 14.1198879852891 459.4798989072442 12.71497006714344 596.3883930370212 2449.605210088193 102.4816060736775 44.95178861916065 2.829303555190563 4.193732246756554 0 12.85438546538353 25.22766627371311 0 0.3895367905497551 1.31636106222868 2.575710088014603 5.43996274471283 1.094533555209637 2.0906116142869 1.148620679974556 0.1170854791998863 3164.666393764317 1356.822936758399 575.4272147193551 6.069563001394272 2.332980014383793 4.543432988226414 148.1648354828358 4.395703874528408 6.985106118023396 10.05351936817169 6.500700935721397 3.705343306064606 10.55528085678816 22.0152907371521 2.59612549841404 15.0339078232646 173.5657750815153 15.21201930195093 1.542182207107544 7.700528807938099 2.375754900276661 0.4670420587062836 1.060942016541958 0.3276202753186226 1.155559472739697 5.309031806886196 163.5643691644073 993.6002882122993 53.83998186886311 66.64006301760674 61.55881220847368 10.45345093309879 11.38415168970823 788.9492877498269 7.988401226699352 12.50730887800455 9.003969006240368 10.92971690744162 22.09070330858231 15.805688560009 85.12774185091257 11.75569306313992 0.08041977137327194 122.7152070179582 114.3171351701021 184.2206584662199 249.5324591994286 136.2182357311249 205.572268076241 1302.681673273444 133.6447827890515 1043.677211873233 31.23058377951384 0.8591339811682701 9.477200873196125 14.03926401212811 14.50371985882521 0 4.440569169819355 0.1630342155694962 1.709900818765163 0.8717357441782951 15.08996928483248 3.018630087375641 4.407319761812687 64.42467458546162 17.83633440732956 0 3.879533886909485 142.2948464006186 0.755285382270813 0 0.1741493344306946 0 0 6.262921527028084 0.4617628827691078 8.17907590419054 5.999166056513786 6.671095654368401 1.6108687967062 22.23641242831945 19.77492249757051 18.67477059364319 4.094320945441723 0.7248447835445404 0.2289638966321945 0 0.3560667112469673 0 0 0.1369578093290329 0 0.4180896729230881 0 0 0.9867060780525208 1.283103309571743 0.128335252404213 1.273240245878696 0.2590744197368622 1.202370502054691 0.8218121081590652 0.247261643409729 0 2.537492610514164 0 0.1877576485276222 0.5732242241501808 7.996078737080097 3.573124371469021 3.325826868414879 5.146697141230106 3.325017608702183 0.1223271042108536 0 0.0968405082821846 0.7206029295921326 0 0 0.1602978259325027 0.7516471445560455 6.221097007393837 0.2555422335863113 0 0.1383436918258667 2.110471248626709 1.122765891253948 0 0.1133914142847061 0 0 3.072849988937378 0 0.3590059950947762 1.593658335506916 15.91697932034731 1.219485819339752 0.09581871330738068 0.2664207294583321 0 0.09256243705749512 0 0 0 0.2718509212136269 29.25865995883942 2.664699129760265 0 0 0.4505988284945488 5.157340943813324 1.601530082523823 2.60035353153944 1.75107254832983 1.309675872325897 4.164740890264511 3.347045421600342 0.7672355473041534 0 0 0 0 0.8996939286589622 0 0.255858525633812 0 13.56967778503895 5.230061121284962 9.590330645442009 451.6612990945578 71.29526272416115 449.6331956237555 118.7008541598916 395.5281301364303 225.4457390382886 21.04325100779533 165.9938058555126 19.61300102621317 1.246021218597889 8.484232813119888 1.849459059536457 11.72071620821953 1.2158497646451 0.2517441064119339 3.155211292207241 9.238864399492741 0.2513886094093323
69.22426294535398 451.8057132661343 1172.265501998365 7.163077965378761 1748.662555344403 6.123292684555054 665.2405984178185 493.9199886769056 0 433.8255513757467 1878.85256216675 115.6289472877979 852.5468463301659 1237.418401315808 51.31117158383131 8.519624456763268 0.2722201272845268 0.1349660754203796 0 0.5835575088858604 0.8588225767016411 0 0 0.1120374947786331 0.197818860411644 0.8128130063414574 0.1102775633335114 1.102550953626633 0.387579657137394 0 118.7912387996912 36.88434530049562 4.786871932446957 0.1756184846162796 0.1371185630559921 0.07742921262979507 5.892383828759193 0.3407873883843422 1.352540582418442 1.361565567553043 0.2696657478809357 0.8038968294858932 0.2889701426029205 0.7952847853302956 0.1075322106480598 0.3399682268500328 106.5557435154915 3.998928561806679 0.1257353872060776 0.5880135670304298 0.3676527664065361 0.1423536539077759 0.4834205657243729 0.5213203504681587 0.1084366217255592 1.80001462996006 32.64728572964668 116.5974492430687 13.32643562555313 25.58784118294716 0.658976785838604 0.2296919524669647 0.4600555151700974 84.06967240571976 2.527816504240036 4.55873104184866 3.60528203099966 3.811938375234604 1.364905536174774 0.3818438127636909 17.22634892165661 1.55212464183569 0 29.84765244275331 21.14411859959364 69.39715068787336 71.11631228029728 5.625467821955681 0.3105732128024101 48.13611121475697 0.2564446702599525 4.594077244400978 9.789906099438667 0.3521421328186989 3.37769066542387 5.909119658172131 1.518819645047188 0 1.209089711308479 0 0.8113858997821808 0.4600491896271706 1.179026380181313 1.074902758002281 1.963047228753567 67.49214419722557 1.121003955602646 0 0.278412789106369 24.14689334481955 1.033445812761784 2.066364765167236 0.2011639028787613 0.1422833800315857 0.1482396721839905 25.64496071636677 3.426347926259041 21.89869548380375 19.27322454750538 28.53970664739609 2.038987845182419 63.88508002460003 44.2052778750658 47.70208222419024 6.209069058299065 0.8040190190076828 0.3969327658414841 0 0.2831599116325378 0 0 0 0 0 0 0 0 0.3689576610922813 0 0.1974356472492218 0 0.4658633172512054 0 0 0.3898536339402199 5.330930911004543 0 0.6063821092247963 0.5829596519470215 15.31854590028524 3.768279768526554 2.116834096610546 1.706301227211952 1.027363777160645 0 0 0 0 0 0.1996953040361404 0 0.901306226849556 7.774695284664631 0.4913982152938843 0 0 0.9551541432738304 0.2138984575867653 0 0 0.07976304739713669 0.3907963782548904 4.762954920530319 0 1.184430241584778 1.076856076717377 16.50572556257248 2.00441075116396 0.1247004643082619 0.5801197662949562 0.3780612945556641 0 0 0 0 0 54.29243978112936 0 0 0 0 9.14574658870697 1.952102556824684 5.16209577023983 3.306292533874512 3.407636620104313 8.270829074084759 4.149810135364532 0.638366162776947 0.4530001729726791 0 0 0 0.5414340794086456 0 0 0 29.6704449057579 4.145582616329193 5.764740787446499 473.3065178394318 46.37673670053482 302.172815836966 72.64198436588049 328.2113388925791 119.3994853943586 8.772226437926292 166.4027841240168 25.01090752333403 0.868009939789772 16.60664660483599 3.313868448138237 21.65410380065441 0.4948579967021942 0.09255356341600418 5.324842572212219 6.902071975171566 0.8640280067920685
1153.776477426291 52.46833185851574 38.30340894311666 761.3379524201155 168.3012946918607 746.4179117679596 1985.311201132834 14.1198879852891 433.8255513757467 0 48.5756468474865 410.103391289711 5715.954091563821 362.690402649343 18.87653855234385 3.289071425795555 0.1139879152178764 0.2314817234873772 0 0.09895467013120651 0 0 0 0 0.3289134651422501 0 0 0.1077366545796394 0.1056481227278709 0 84.60741145908833 10.7131040841341 9.300094045698643 0.1229156702756882 0 0.5170858204364777 26.18954516202211 0 2.124682769179344 0.4547243118286133 0 0.3193885460495949 0 0.1979655474424362 0 0.3615374192595482 53.82057550549507 5.147648230195045 0.1203990876674652 0.4585273638367653 0.3866145610809326 0 0 0 0.1302421689033508 1.147292628884315 82.10255121439695 251.1125950291753 22.27334476262331 16.39829925447702 0.3591042384505272 2.654326282441616 0.1200618967413902 80.52306219190359 2.332154534757137 5.240398250520229 2.56900629401207 3.265974074602127 0.1923810988664627 0 271.1571169942617 7.409895390272141 0 39.48123878240585 14.3662715703249 41.28076718002558 21.45037608593702 0.7265775874257088 0.1019003316760063 7.727522313594818 0.3287247270345688 4.234117388725281 16.69209465384483 0.2380660027265549 4.642540588974953 5.47794970870018 1.780732847750187 0 1.131996355950832 0 0.7738368064165115 0.3894340395927429 0.1044294461607933 0 0.5739723518490791 833.9179040789604 7.384219333529472 0 0.2334793210029602 540.3523569405079 4.328358262777328 0 7.219909355044365 4.052049189805984 0.1353482156991959 102.9202138632536 30.54687844216824 80.88144445419312 97.40170747041702 211.5616996586323 5.357781901955605 285.0574334636331 184.8010207936168 144.254162222147 14.72890956699848 2.344271868467331 0.9224405214190483 0 0.4711640626192093 0 0 0 0 0.8569434285163879 0.3488337397575378 0 1.889886021614075 1.307001501321793 0 1.275878041982651 0 0 0 0 0.2067736983299255 8.131997585296631 0 2.480737805366516 3.724482476711273 36.41360174864531 8.037813797593117 3.515097178518772 2.69936640560627 2.868883229792118 0 0.4178476333618164 0 0.7542243897914886 0.4310830682516098 0.2082942873239517 0 3.020397886633873 14.4482136964798 0 0.1032780334353447 0 0.176524356007576 0 0 0.2092417925596237 0.4221496358513832 2.392301321029663 10.50483047217131 0 0.7365179657936096 2.497954115271568 35.55537495017052 5.708403378725052 1.402144715189934 0.5600678399205208 0.49102932959795 0 0 0.222380667924881 0 0 118.2423738613725 0.4513359367847443 0 0 0.3221577703952789 14.61616118252277 2.634886354207993 15.98574297130108 8.383006177842617 5.770907387137413 19.26607958972454 10.27506630122662 0.9700334072113037 1.638348177075386 0 0.3179624378681183 0 0.3604022860527039 0 0.1301089525222778 0 98.6344049051404 5.850875481963158 13.26791512966156 395.8802114129066 31.08823969215155 215.4231977015734 48.29955454170704 1915.406933225691 137.4069821536541 7.500309213995934 79.87296041101217 71.46043636649847 2.253242149949074 41.51998002827168 4.419735595583916 125.588789999485 2.956772238016129 0.519736185669899 7.484281286597252 2.088556542992592 0
411.6373469233513 579.9485247209668 872.4504019245505 0.6878411769866943 838.6826078444719 8.948292449116707 456.9095184281468 459.4798989072442 1878.85256216675 48.5756468474865 0 27.95507010817528 1260.821407087147 2825.640119209886 33.26854887604713 15.26342292129993 0.4337120875716209 0.09338946640491486 0 1.096895180642605 5.094437934458256 0 0.5455910563468933 0 1.088773496448994 1.246146783232689 0 0.8636406809091568 0.3520834594964981 0 364.7007913738489 39.65125592052937 360.0156931355596 0.5615971982479095 0.895983524620533 2.238913536071777 159.2565035894513 3.934709712862968 3.26085289567709 3.937090203166008 2.503191582858562 1.078166306018829 2.384095892310143 8.568465501070023 0 0.6932674050331116 50.88546922802925 2.888222061097622 0.2754139229655266 0.2391138523817062 0.2431823536753654 0 0.2610609084367752 0 0.3536991253495216 0.8443708345293999 27.27057022601366 113.0175520926714 7.527985721826553 12.32281996309757 1.004094712436199 17.03468036651611 1.805441208183765 51.48337400704622 1.445285931229591 1.860050231218338 1.694493874907494 0.7992841079831123 3.535126879811287 4.730581052601337 115.0198258161545 3.913615077733994 0 17.41288899630308 11.96510422974825 34.02238321304321 36.32525882124901 12.03838896751404 8.427854746580124 433.6500420719385 1.162128649652004 12.24757757782936 5.157176055014133 0.2863229438662529 1.197251617908478 2.093257565051317 1.632715970277786 0 0.8613324612379074 0.1106218248605728 0.1039931401610374 0 3.995836235582829 0.3139660432934761 1.103888057172298 47.42496056854725 8.622103810310364 0 1.085519231855869 63.67815013229847 1.586904495954514 0.2721004784107208 0.1132677271962166 0 0 4.401265576481819 0.6263094544410706 4.58831886947155 2.381343826651573 3.355209738016129 1.15349081158638 10.19886885583401 7.90882982313633 14.88370676338673 2.532305918633938 0.176446333527565 0.2129571810364723 0 0 0 0 0.1100595593452454 0 0 0 0 0.1234194710850716 0.4557147771120071 0 0.5445879399776459 0 0.3392142653465271 0.1192490011453629 0 0.250385046005249 1.925845235586166 0 0.140016034245491 0.222967118024826 3.941071525216103 1.112692102789879 1.093260027468204 1.486680999398232 1.42180173099041 0.1037859544157982 0.1134715676307678 0 0 0 0.1313644051551819 0.120028167963028 0.1415668725967407 1.550684243440628 0 0.6484081745147705 0 0.6785164326429367 0 0 0 0 0.3579049184918404 1.443196535110474 0 0 0.2415030151605606 6.632171481847763 1.685648486018181 0 0 0 0 0.1295706331729889 0 0 0.2391874715685844 14.19971913099289 1.289438858628273 0.08729797601699829 0 0 3.769896887242794 1.356320634484291 2.666185528039932 0.6280756443738937 0.910735011100769 1.278552062809467 0.7639128416776657 1.732848897576332 0.1322120130062103 0.1111322939395905 0 0 0.09393998235464096 0 0 0 7.584679178893566 2.743585184216499 4.904007285833359 181.3833491578698 14.60597848147154 127.8413818255067 36.70663331449032 123.9142903462052 51.74368131905794 3.588942974805832 65.12930738180876 8.783731237053871 0.176714614033699 4.033163085579872 1.947668708860874 5.140997961163521 1.454020887613297 0.2448418736457825 2.280407652258873 2.404538676142693 0.1321087777614594
19.65634919703007 5.055151216685772 4.475880905985832 15.75426179170609 33.18948850780725 81.722371712327 216.8290720358491 12.71497006714344 115.6289472877979 410.103391289711 27.95507010817528 0 1553.318437822163 68.12176095694304 29.83953106403351 14.65683405846357 0.494430735707283 0.4014157727360725 0 0.4731780365109444 0.2149141728878021 0 0.1595672070980072 0.1094577014446259 0.1768511235713959 0.5324641093611717 0 0.3724556192755699 0 0 3.433139137923717 1.606339745223522 18.63613384217024 0 0 4.793895214796066 92.72059813886881 0.6503708437085152 8.943575620651245 1.265034519135952 0.3340468779206276 0.4805189892649651 0.8502482399344444 5.913485571742058 0 0.1092153936624527 23.89438996464014 0.3554321527481079 0.1206557378172874 0.1705499067902565 0.08898653090000153 0.1143154203891754 0.4160523563623428 0 0 0.09603319317102432 6.596314057707787 9.674353413283825 2.363457500934601 5.430388391017914 0.127118244767189 5.642013877630234 0.292385570704937 5.740578070282936 0 0.5000956058502197 0.4166527688503265 0.3765975013375282 0.6414447352290154 0.7816553711891174 396.0346475988626 21.1286697909236 0 3.986677661538124 1.557560287415981 16.08007088303566 17.89689419418573 11.87848469614983 0.1870985999703407 6.169737569987774 0.8364207521080971 2.231342576444149 1.793581999838352 0 0 0.4797211438417435 0.09001357853412628 0 0.07205156236886978 0 0.09831839799880981 0.2892632633447647 1.343478098511696 0.1778960376977921 0.4205139577388763 1109.7492441535 49.94056178629398 0.5490817427635193 4.824749201536179 76.67043559253216 3.486660167574883 4.496030211448669 2.488632217049599 0.6499073505401611 0.79647596180439 78.55129768699408 10.34595887362957 53.34321343898773 47.77039859443903 103.99294026196 4.217136278748512 193.7059080153704 144.23045155406 132.3556883111596 16.41705603152514 1.103589750826359 0.8835378587245941 0 0 0 0 0 0 0 0 0 1.089864738285542 1.142195671796799 0 2.284253492951393 0 0.1395295858383179 0.102521687746048 0.1013646498322487 0.9579776525497437 6.109120242297649 0 0.7279650568962097 0.9908409714698792 30.25678762793541 5.091725163161755 4.186233192682266 4.719606883823872 3.909147448837757 0.1026169806718826 0.2082248479127884 0 0.6527316570281982 0 0 0 3.593952178955078 15.03310081362724 0.989457905292511 0 0 0.1850709095597267 0 0 0.135215163230896 0.3111030459403992 1.909370765089989 8.676475703716278 0 0.6691014170646667 2.4990613758564 33.67443259805441 3.676382660865784 0.1264928579330444 0.4646495282649994 0.1265869140625 0.1051057130098343 0 0 0 0 134.5354084596038 2.837049163877964 0 0 0 15.46835220605135 4.315790973603725 10.36558063328266 5.961530774831772 11.70296196639538 12.85998786240816 9.247567012906075 1.777207486331463 1.808246150612831 0 0 0 0.6390440315008163 0 0 0 105.3369697108865 14.56200715899467 14.46811893582344 189.1301691383123 10.25265474617481 77.28381323069334 29.5374579206109 210.1167228594422 24.17582599818707 1.454410210251808 64.80194138735533 39.43011105805635 2.401223927736282 31.37716570496559 2.979521177709103 63.77692131698132 4.503784790635109 0 10.81069321930408 4.531662195920944 0.7235206514596939
89.255789026618 116.7462444454432 266.9282632619143 332.1838521510363 288.9863005280495 145.6494647413492 1243.254699490964 596.3883930370212 852.5468463301659 5715.954091563821 1260.821407087147 1553.318437822163 0 2175.849988430738 246.7578220814466 102.2537821158767 3.475914172828197 0.6925848126411438 0 3.0175726339221 9.449754886329174 0 0.7824875712394714 1.511179223656654 2.650809772312641 3.403287313878536 0.2235142216086388 3.232838198542595 1.486249439418316 0.240070067346096 62.26776925474405 28.79839480668306 608.1138641908765 1.125825710594654 0.3347449153661728 4.974317736923695 121.4156500995159 4.210022374987602 11.09091971814632 5.690979734063148 4.809370458126068 4.890199586749077 5.247926265001297 38.88803559541702 0.4375510737299919 1.370269440114498 247.8137747868896 6.860926389694214 0.2761687263846397 1.402056351304054 1.515373706817627 0.09715747088193893 6.013688087463379 1.729538895189762 0.4221136793494225 2.246793307363987 35.69979273527861 81.96649157255888 18.01556134223938 51.84838825464249 3.025101497769356 20.10394680500031 1.446389026939869 76.46736243367195 2.365291178226471 5.648737855255604 3.550722189247608 5.895704746246338 6.286131553351879 14.14686804264784 497.1127675697207 27.85564778000116 0 32.63774570077658 23.18495662510395 146.7171588093042 203.6189972385764 69.69592221826315 3.113981187343597 431.2816312089562 2.926529340445995 13.25220339000225 12.36283414810896 0.4936172738671303 5.527696169912815 5.21387891471386 4.661583244800568 0.1747247576713562 1.578696623444557 0 1.947710111737251 1.547569967806339 13.22148917615414 2.045974262058735 3.807438462972641 3113.963291123509 54.67361350357533 0 7.974422946572304 107.6138631701469 6.591239899396896 5.421455785632133 2.813405469059944 1.559607818722725 0.6556788980960846 159.1218780130148 30.17883029580116 122.2323002964258 144.7870982810855 261.9141310453415 6.082475006580353 454.3401369452477 353.6540626510978 297.878658503294 45.6496757119894 3.798962250351906 2.882092021405697 0 1.324948519468307 0.08382561057806015 0 0 0 0.1189200356602669 0 0.1285139918327332 0.3274657428264618 3.789491668343544 0 3.008339807391167 0.1482411324977875 1.578858964145184 0 0 0.607712909579277 13.7422769293189 0 5.778001345694065 1.669312216341496 83.65928878635168 14.07767543196678 8.695627473294735 8.925265319645405 6.269167825579643 0 0.2344244420528412 0 0.2528058886528015 1.305171974003315 0.8234961852431297 0.2651417925953865 6.327790670096874 33.3550232052803 2.028481610119343 0.2363843694329262 0 0.9623901024460793 0.459215022623539 0.2068226039409637 0.1729157865047455 1.072952665388584 1.96488519012928 15.15970073640347 0 1.455710545182228 5.854273952543736 81.54305652529001 5.57596992701292 1.630976498126984 1.849343337118626 0.646525464951992 1.063184447586536 0 0.3407639116048813 0 0.1100251227617264 379.1834243088961 4.799279749393463 0 0.1002972200512886 0.7593886628746986 31.2625203281641 6.175227917730808 23.87299403548241 11.43322434276342 25.9574539065361 36.49543737620115 25.26818557083607 4.906168706715107 5.079275213181973 0.09178350865840912 0.2183332145214081 0 1.455180160701275 0.297365128993988 0.3833651840686798 0.1055795550346375 279.8743016645312 34.4389613494277 40.34604271501303 1156.960284158587 115.0329940542579 583.5009683892131 234.5466898903251 701.0003449767828 209.5891791880131 15.32244352251291 504.6723187416792 98.54014140367508 4.785078428685665 60.41023919731379 8.604568034410477 103.7895504161716 8.434847697615623 0.1319414526224136 17.07610209286213 35.2148160263896 2.988890133798122
