0 4077.3174675107 624.2714845389128 856.2854246050119 434.0096445530653 211.3337508141994 912.137493737042 14.66153573989868 201.6360788494349 1383.492630451918 101.4244899898767 317.5719583332539 942.650576852262 186.8393526263535 1.156826879829168 0.2120935991406441 0.09449470043182373 0.2646744921803474 0 0 0 0 0.1046269685029984 0 0 0.134369894862175 0.1412906646728516 0 0 0.2746644616127014 1035.404305838048 1.351093947887421 19.53394773229957 0 0.07195669412612915 0 8.103642359375954 0 0.2360534965991974 0 0 0.1722749769687653 0 0.489222913980484 0 0.1518985629081726 12.060557551682 2.072476774454117 0 0.0762840136885643 0.3137377947568893 0 0 0.08700530230998993 3.138572074472904 3.381164155900478 264.8182252347469 1712.512925520539 19.87443795055151 3.817519053816795 0.5142885446548462 0.5818652957677841 0 6.257653601467609 4.014440253376961 2.81659110635519 0.7065059170126915 0.8033026903867722 0 0.06048322468996048 66.44263780117035 8.924043148756027 0 294.868310302496 43.49223145842552 42.76253052055836 6.009702049195766 0.3798199594020844 0.2333926782011986 13.00716637074947 0.08187609910964966 2.976519249379635 28.18114244192839 0 1.517263054847717 4.770348094403744 0.7007398456335068 0 1.286000326275826 0.3578585535287857 0 0 0 0 0 161.1768923178315 53.72656464576721 0 2.224038280546665 832.5957411900163 0 0 0 0.3993829190731049 0.1140277907252312 41.44476287811995 0.29236701130867 0.6274883672595024 111.9199355393648 14.52047537267208 1.365485928952694 10.75613931566477 9.822152331471443 4.906236901879311 3.88780028373003 0 0 0 0 0 0 0 0 0 0 0 0 0 0 0.1010807678103447 0 0 0 0 0.4874539077281952 0 0 0 0 0.1567590832710266 0 0 0 0.1027591526508331 0 0 0 0 0 0 0 0 0.3348951041698456 0 0 0 0.2452142983675003 0.1238356605172157 0 0 0 0 0.1816177815198898 0 0 0 1.376981019973755 0.2289059907197952 0 0 0 0 0 0 0 0 7.3115618750453 0.3074782192707062 0 0 0 1.049873597919941 0 0.3029986917972565 0 0 0.3462096080183983 0.2573200762271881 0.1375676542520523 0 0 0 0 0 0 0 0 3.105257980525494 1.359678603708744 1.487685643136501 110.4541604295373 15.20944255590439 133.9260127991438 35.31814254820347 1264.065939962864 35.10478392243385 0.9484057947993279 9.582336127758026 3.715643636882305 1.18534042686224 1.63627190887928 0.5018988028168678 2.612709909677505 0 0.09967755526304245 0 0.09907037019729614 0
4077.3174675107 0 1850.742306426167 622.7814042419195 3360.295412860811 671.9237413480878 5478.597624070942 165.964563716203 1883.354813046753 932.7879617065191 1144.851025663316 83.74383084103465 856.3691785521805 337.1637213863432 6.754489153623581 2.318447690457106 0.3888868987560272 0.3432726711034775 0 0.1173591166734695 0.0736609622836113 0.0940299779176712 0 0 0 0.1869985312223434 0 0.4578002914786339 0.3808286860585213 0 2883.583100493997 8.852465473115444 5.03476008027792 0 0 0.2807047441601753 10.81778745725751 0 0.8738544881343842 0.2229964658617973 0.1593583524227142 0.3989148437976837 0 0.5586790442466736 0 0.2744190022349358 59.41341039538383 4.150889776647091 0.607113316655159 0.2084645479917526 0.5156532749533653 0.4570931196212769 0 0.3705401122570038 9.65601896867156 10.86995532736182 70.46288625895977 2760.879137117416 32.29829983413219 22.9593031257391 1.1162946857512 0.1665159985423088 0 91.96417088806629 9.418697897344828 6.98976743221283 2.49784516915679 2.117851920425892 0.160731352865696 0.0976962223649025 19.95297073572874 1.979848265647888 0 669.5416836962104 162.8351568207145 163.9683185294271 57.25953831151128 1.303006917238235 1.135874807834625 15.15917073562741 2.371528506278992 4.536040607839823 61.68094492703676 0 4.214213810861111 11.20651749148965 2.941249698400497 0.194609709084034 3.222054097801447 0.09685820341110229 0.2582853808999062 0.814720906317234 0.2134153470396996 0.2614072114229202 0.558124341070652 76.16168057173491 1.471540488302708 0 0.6287183836102486 1053.184798084199 0 0 0 0.5393338277935982 0.4772539734840393 283.503507822752 0.9417961239814758 1.384275928139687 125.1382608562708 3.304296597838402 1.110050164163113 7.264417476952076 7.088224679231644 7.036863774061203 3.008935630321503 0.4964912533760071 0.6660971343517303 0 0 0 0 0 0 0 0 0 0 0 0 0.09838412702083588 0 0 0 0 0.7605480551719666 0.1273529529571533 0 0 0 0.7531592696905136 1.221172094345093 0.7775242924690247 0.7264834642410278 0 0 0 0.3979164958000183 0 0 0 0 0 1.057128719985485 0 0 0 0 0 0 0 0 0 0 0 0 0 3.858999401330948 0 0.3582804501056671 0 0 0 0 0.1186634078621864 0 0 11.89867231249809 0.1518660485744476 0 0 0 2.747436299920082 0 1.399113692343235 0.1299997270107269 1.427421785891056 0.2936350107192993 0.5046853423118591 0.6779134422540665 0 0 0 0 0 0 0 0 8.109942778944969 2.870090886950493 1.203686371445656 326.0130954533815 46.31733284518123 371.4017295278609 65.82331180199981 1318.361952610314 42.41078966110945 1.950145661830902 46.54694432020187 5.048600576817989 0.6137979403138161 3.04655122756958 0.5479556620121002 0.1249436214566231 0.9398171305656433 0.3801098689436913 0.8118263781070709 2.108344025909901 0
624.2714845389128 1850.742306426167 0 2.713632613420486 1828.774821735919 10.2092624232173 215.2994092330337 2704.254356708378 839.1872850470245 8.336608782410622 3527.701128482819 41.6943241506815 441.7630924321711 1292.735467303544 34.60319900512695 30.64059902355075 2.931050885468721 1.431585058569908 0.1176331266760826 1.351369678974152 0.5214009433984756 0.107412114739418 1.007796928286552 1.847227565944195 0.4626701399683952 0.5234037414193153 0.2587240934371948 0.4058972075581551 0.6099924817681313 0 3106.989979062229 189.937263019383 120.2375845015049 0.2442144751548767 2.272569291293621 1.932858943939209 67.79857962578535 1.526659429073334 8.288726545870304 2.602184973657131 1.7659972012043 3.73580563813448 0.8849469050765038 6.692200645804405 0.1137506142258644 2.082157898694277 59.76919304206967 3.301816150546074 1.890680506825447 5.59543239325285 0.7529357746243477 0.5758799165487289 0.1926002725958824 1.715029619634151 2.091234087944031 3.94509419426322 21.84096836298704 1233.633379496634 15.41786639764905 15.37802950292826 50.43884748965502 5.50213785842061 0.5265950709581375 685.3627357780933 3.983276348561049 2.254124108701944 0.905369721353054 1.137980028986931 3.305239632725716 2.554006218910217 104.7565620802343 9.986390605568886 0.06666837632656097 230.5981058999896 189.931912355125 108.3557056486607 172.4020192250609 29.32395466417074 161.9728949218988 857.2889613695443 95.52634905278683 381.7797167152166 17.31348350644112 0.2444843426346779 1.615692753344774 3.741035833954811 7.128979906439781 0.07133068889379501 2.487934943288565 0 0.524740181863308 0.2518656402826309 1.189547702670097 0.4805046021938324 2.996788240969181 59.52635204792023 7.63238437473774 0.7571004033088684 7.381893619894981 243.6148672774434 1.986370652914047 0 0.3133372664451599 0.2827832475304604 0.4939844086766243 4.436601102352142 0 0.2970359474420547 1.285007692873478 3.588641375303268 2.882537722587585 8.391452036798 6.720351368188858 8.839540310204029 6.434864856302738 2.137743376195431 1.451787836849689 0.0788741260766983 0.488217756152153 0 0 0 0 0 0 0 0 0 0 0.1900867074728012 0 0 0 0 0.08936707675457001 0.9024999588727951 0 0.4058304131031036 0 0.9834236353635788 0 1.05568078905344 0.5167703777551651 0.4846154302358627 0 0 0 0 0 0 0 0.376976914703846 1.963316157460213 0 0 0.125017374753952 0 0.07257169485092163 0 0 0.05945932120084763 0.2550314143300056 0.5484709814190865 0 0.9441303610801697 0 6.51112873852253 0 0.4137666523456573 0 0 0 0.4336964935064316 0.1156193390488625 0 0 20.94652697443962 2.456566467881203 0 0 0 6.908132761716843 0.3419555127620697 6.683304451406002 1.243799842894077 0.678960882127285 4.269706711173058 0.1430442929267883 0.7756677344441414 0.07211567461490631 0 0 0 0.132095105946064 0.1016017198562622 0 0.138163760304451 8.067251227796078 7.180159725248814 7.056648872792721 178.2834124825895 28.32277493923903 182.2563762851059 34.55243118852377 160.7696991190314 19.56135779991746 0.4265703968703747 34.71371788531542 5.267804145812988 0.4727946817874908 4.888253353536129 3.35767936706543 2.347456589341164 0 0.3426557257771492 2.822793059051037 1.028367556631565 0.2515250742435455
856.2854246050119 622.7814042419195 2.713632613420486 0 52.66845009475946 430.9087758213282 703.4757976010442 0.5208153203129768 126.6353645548224 1599.039694979787 3.826304942369461 487.1806438565254 1560.691360905766 258.1838638931513 1.620843157172203 0.8228399828076363 0.09174284338951111 0 0 0 0 0 0 0 0 0.1385878771543503 0 0 0.2809223234653473 0 14.93970014899969 0.663789302110672 3.331796824932098 0 0 0 1.443410977721214 0.1202935576438904 0 0 0 0.2296484857797623 0 0 0 0 8.442495174705982 0.7984936088323593 0 0 0.08562478423118591 0 0 0.1068903058767319 0.6234023422002792 0.2717359513044357 5.805694811046124 96.27250472456217 3.472450137138367 1.325624153017998 0.147522360086441 0 0 4.446245402097702 0.8593280538916588 0.7514825910329819 0.07985161244869232 0.2213621661067009 0 0 27.5679773837328 1.849558055400848 0 44.61318504810333 9.394150510430336 12.65294015407562 4.691169373691082 0 0.1258820593357086 0.3899534866213799 0.2684042453765869 0.5267521739006042 3.677556537091732 0.08613742142915726 0.8189473226666451 0.2790898531675339 0 0 0.1887066885828972 0 0 0.09053754061460495 0 0 0 78.26919212937355 1.105080589652061 0 0.2275877445936203 40.88672189414501 0.2601962983608246 0 0.5112874507904053 0 0.3593558818101883 28.19129091501236 0 0.3770386502146721 34.60054618120193 1.158029168844223 0.3674861937761307 6.809016048908234 4.922745123505592 3.30472607165575 1.804866664111614 0.1680741310119629 0 0 0 0 0 0 0 0 0 0 0 0 0 0 0 0 0 0 0 0.1152051314711571 0 0 0 0 0 0.1056745052337646 0 0 0 0 0 0 0 0.3090638518333435 0 0.6622399687767029 0.9601699560880661 0 0 0 0 0 0 0 0 0 0.6658484935760498 0 0.1507897973060608 0 1.414316549897194 0.3070824444293976 0 0.1493738889694214 0 0 0 0 0 0 3.129389747977257 0 0 0 0 2.729353033006191 0 0.9683794379234314 0 0.1070159748196602 1.685875058174133 0 0.3845478296279907 0 0 0 0 0 0 0 0 4.067700043320656 0.8075495064258575 0.1199541538953781 47.22188580781221 5.108114659786224 33.43558689951897 5.842482857406139 209.6753091812134 3.118404611945152 0.2533634454011917 7.436509817838669 2.167827561497688 0.1266914457082748 1.360468469560146 0.3066348433494568 0 0 0 0.294759064912796 0.2806172370910645 0
434.0096445530653 3360.295412860811 1828.774821735919 52.66845009475946 0 49.84567318111658 2334.282866410911 275.1244758218527 7794.123857792467 206.3282584026456 808.3135286979377 22.4953641295433 1275.464643891901 919.5740708112717 16.67415888607502 4.467863820493221 0.6196805834770203 0.358413390815258 0 0.6439882516860962 0 0.07882706820964813 0 0.1011135652661324 0 0.7217695638537407 0.1967737078666687 0.4850311204791069 0.5741000920534134 0 551.1778911203146 13.31529388576746 4.310394033789635 0 0.3304484263062477 0.1963242813944817 5.698190547525883 0.09016989171504974 1.599844492971897 0.3913114368915558 0.3569784685969353 0.1764975860714912 0.2377545163035393 1.032909117639065 0.08799070864915848 0.2631618529558182 67.62929996103048 3.295118436217308 0.09248949587345123 0.4493052363395691 0.4731279313564301 0.2802417352795601 0.07333426177501678 1.001465253531933 4.058515749871731 5.853944558650255 14.58286113291979 342.9024128094316 20.13147062808275 20.98772782087326 2.016107827425003 0.2804946005344391 0 102.7680636569858 6.343640446662903 4.955066736787558 0.9371609278023243 1.586520902812481 0.1349854283034801 0.1293284296989441 18.84686373174191 3.374737486243248 0.09365216642618179 234.2626682892442 80.37503472715616 106.8119229599833 79.51801851391792 3.340229898691177 4.679687358438969 4.78270735964179 3.208035044372082 8.861738264560699 29.55468073114753 0.158635601401329 2.841728411614895 7.6124830506742 1.688869595527649 0 2.345534913241863 0.1229991316795349 0.4401526674628258 0.4579964131116867 0.1595205366611481 0.6245751678943634 1.155122838914394 138.0966364815831 3.388696402311325 0 2.425182588398457 51.40001974254847 0.249828428030014 0.1711724698543549 0.6598441451787949 0.246571272611618 1.263398975133896 12.89232800155878 1.99177211523056 2.631907239556313 4.617175437510014 4.466245293617249 4.393576666712761 16.40552067756653 14.604162953794 17.68344281613827 8.815913468599319 1.365023106336594 0.6365295574069023 0 0 0 0 0 0 0 0 0 0 0 0.1224807649850845 0 0 0 0 0 0.3799681216478348 2.530306071043015 0 0.3625950217247009 0 1.683147139847279 0.5909847021102905 0.6429211348295212 0 0.1799870878458023 0 0 0 0 0 0 0 0.2116955369710922 4.904658444225788 0 0 0 0.127992108464241 0 0 0 0.06700120121240616 0.1342263668775558 0.6281314939260483 0.1209535077214241 0 0.5904863476753235 5.306447178125381 0.1924041956663132 0.1233284622430801 0 0 0 0 0.1255290061235428 0 0.09387721121311188 28.29288641363382 0.3774692937731743 0 0.08797863125801086 0 6.577195733785629 0.4876720309257507 2.791063636541367 0.4383218213915825 1.502660483121872 2.724722363054752 0 3.858658313751221 0 0 0 0 0 0 0 0 12.84836021065712 5.230362065136433 6.331496350467205 293.0550041608512 52.67468360066414 234.4909260980785 35.43611937388778 240.305396579206 15.47462943941355 0.8787038773298264 52.16823797672987 9.847563855350018 1.421013310551643 5.63168728351593 0.8393742293119431 0.957040473818779 0.2193449884653091 0.08956445008516312 1.969586417078972 2.557776227593422 0.5540076196193695
211.3337508141994 671.9237413480878 10.2092624232173 430.9087758213282 49.84567318111658 0 229.5968916639686 9.010446190834045 78.73908867686987 718.4612020254135 11.49799191951752 224.7657370120287 221.5419144034386 65.03125394880772 0.3961444795131683 0.1023719608783722 0 0 0 0 0 0 0 0 0 0 0 0 0 0 32.34197615087032 0.4257586598396301 41.04597499221563 0 0 0 12.33664819598198 0.2028377801179886 1.192184373736382 0.3450585603713989 0 0 0 0.5751980543136597 0 0 0.6165643855929375 0.1402611285448074 0 0 0 1.676987320184708 0 0 0 0 108.2112141922116 129.1383475363255 0.7344935983419418 0.1458485275506973 0.2199315577745438 4.456963494420052 0 0.3145903348922729 0.126118391752243 0 0 0.08457434177398682 0 0 136.806906670332 24.46443355083466 2.11112804710865 9.773215346038342 0.8081498816609383 2.136743709445 1.006089799106121 0.1318724006414413 0 20.12982460856438 0 4.579018518328667 1.492649547755718 0.21116042137146 0 0.09098754823207855 0 0.470489040017128 0.4988513439893723 2.246008321642876 0.1117189526557922 0.508490726351738 0 0.3458337485790253 0 181.9218650907278 82.24771705269814 6.00151401758194 9.628531858325005 321.9126890674233 0 0 0 0.2104274034500122 0 8.841522291302681 6.997865438461304 3.163595795631409 12.12247741222382 9.487389951944351 0.4738218784332275 6.219476655125618 7.90641576051712 3.326898783445358 1.515816003084183 0 0 0 0 0 0 0 0 0 0 0 0 0 0 0 0 0 0 0 0.5398186445236206 0 0 0 0 0 0 0 0 0 0 0 0 0 0 0 0 0 0 0 0 0 0 0 0 0 0 0 0 0 0 0 0 0 0 0 0 0 0 0 0 0 1.89225597679615 0 0 0 0 1.161214023828506 0 0 0.6253494024276733 0 1.196692168712616 0 0 0 0 0 0 0.1343308985233307 0 0 0 5.028792724013329 0.1397999972105026 0.9022056758403778 9.640407882630825 1.07142598181963 4.913379669189453 1.014063119888306 105.6230785176158 3.658966541290283 0 0.6861701309680939 0.8105983734130859 0 0.4375911951065063 0.3674389719963074 4.814797878265381 0 0 0 0.1382864713668823 0
912.137493737042 5478.597624070942 215.2994092330337 703.4757976010442 2334.282866410911 229.5968916639686 0 39.40393567830324 1809.549797303975 1868.010863125324 90.17118816822767 91.77157473564148 1750.110984481871 95.45292260497808 22.35638984292746 4.019047424197197 0.4053318873047829 0.09018350392580032 0 0.6564954072237015 0.3285155594348907 0 0 0 0 0.6617274507880211 0 0.6178692057728767 0.8261084705591202 0.07969540357589722 276.2196948975325 10.25126260519028 3.241651147603989 0 0.2022911086678505 0.09920422732830048 3.482696563005447 0.1831676214933395 0.8439024537801743 0.5066853687167168 0.08573386818170547 0.6798792853951454 0.09982291609048843 0.826122835278511 0 0.6662188470363617 91.9090877994895 4.258522115647793 0.112785741686821 0.1507177352905273 0.4987977147102356 1.332303963601589 0.08418642729520798 0.5727120339870453 4.319681577384472 5.472188908606768 17.22902639210224 413.8187361210585 28.25580813735723 30.45229594409466 2.065980859100819 0.09491910040378571 0 96.40164833515882 6.599396232515574 5.272720839828253 2.383489716798067 2.165338277816772 0.7805343046784401 0.07836417108774185 21.55658428370953 7.535029068589211 0.1906079649925232 298.4001343399286 92.96328318864107 133.8172734007239 95.57137343287468 4.269384980201721 3.964312255382538 4.95541375130415 3.958080880343914 6.775334492325783 37.35564585775137 0.1700251549482346 2.038762345910072 7.665181029587984 2.36455237865448 0 2.950759552419186 0 0.7877310030162334 0.3662343770265579 0.5054129883646965 0.3069679364562035 1.72884576022625 432.8738726228476 5.169713214039803 0.2071709632873535 1.942065596580505 65.95398069918156 1.012040615081787 1.603676930069923 7.194535709917545 5.85834564268589 4.133053079247475 79.41997953504324 5.144349604845047 4.306150808930397 59.37310326099396 21.33831060677767 4.459805615246296 49.12802153080702 42.70152455568314 33.43399316072464 15.17085789889097 2.211083680391312 0.8377616405487061 0 0.1553400158882141 0 0 0.1455802172422409 0 0 0.2704960107803345 0 0 0 0 0 0.3831115663051605 0 0 0 3.510923005640507 4.256592273712158 0.414981335401535 0 0 4.309549033641815 0.9995588064193726 2.215331748127937 0.9983362853527069 0.4416826069355011 0 0 0 0 0.1039006933569908 0.5353747606277466 0 1.268115848302841 4.745674267411232 0 0.4296580478549004 0.1439609229564667 0 0 0.1375800371170044 0 0 0 2.421009257435799 0 0 1.603586077690125 12.39386874437332 2.058021157979965 0.2300702035427094 0 0 0 0.1106846928596497 0.278039962053299 0 0 63.53537593781948 0.9688476324081421 0 0 0 17.27375685423613 0.9165583550930023 15.42660512030125 1.730303965508938 6.442827858030796 4.869109317660332 0.8424511253833771 3.348418958485126 0.0798804983496666 0 0 0 0 0 0 0 37.35712879151106 15.21944088488817 10.45007920265198 427.4671979248524 68.54241841286421 311.7211714088917 45.79273252189159 563.2929230518639 20.61621102690697 1.676447965204716 66.43243369460106 16.35218991339207 1.785520613193512 10.60362257063389 2.052098542451859 4.483919061720371 0.423856258392334 1.041079841554165 2.902383401989937 4.521386027336121 0.09916248172521591
14.66153573989868 165.964563716203 2704.254356708378 0.5208153203129768 275.1244758218527 9.010446190834045 39.40393567830324 0 579.7336936146021 8.393173336982727 1623.167934775352 61.16866244375706 422.9161615669727 1710.532321050763 58.67124225199223 56.37961310148239 7.475831031799316 3.784463658928871 0.7107736021280289 4.37128222733736 3.019180744886398 0.6173330396413803 4.653497718274593 4.002810075879097 0.8176920786499977 0.6052037328481674 0.8968793749809265 3.220337904989719 1.354523532092571 0 1230.846492215991 341.8874333202839 210.5755887664855 0.3715071305632591 4.732597216963768 2.396833345293999 89.25404714047909 2.107808776199818 12.77615246921778 4.240908749401569 6.053266569972038 16.46541175991297 4.455094829201698 30.81977719068527 0.1852122843265533 5.983557172119617 85.96956721320748 5.65182638168335 6.263937257230282 18.12813890725374 0.8378602303564548 1.287303403019905 1.729786232113838 4.843233458697796 1.30782425403595 2.004859335720539 8.950819760560989 244.65946713835 13.7672708556056 14.75811229646206 280.789428755641 23.09717335551977 1.426057860255241 613.51689594239 1.336537539958954 3.199396450072527 0.8351912721991539 1.713075496256351 16.47020910680294 17.65762919187546 151.635934561491 18.09479324519634 0.08342467993497849 133.8034477084875 117.5400620996952 113.0420439764857 793.2697035223246 373.9798456281424 815.4791083335876 2083.990759037435 648.3418725207448 1968.304686833173 12.33348781615496 0.1877186000347137 1.544207327067852 2.646414700895548 20.39913990348577 0 1.457664389163256 0.1091248244047165 0.4680190458893776 1.280923321843147 3.655835673213005 2.10436337441206 7.915915846824646 86.96472293883562 13.64499064534903 0.1723514869809151 13.35575319081545 18.19714258611202 0.3467144966125488 0 0.2983090505003929 1.118802577257156 1.10213165730238 2.318931572139263 1.143124461174011 1.151049993932247 1.342584997415543 2.936206080019474 3.184405900537968 7.883381508290768 10.1793921366334 13.13770747184753 8.876589395105839 1.819083385169506 1.465781077742577 0.1180743426084518 0.3226348236203194 0 0 0 0 0.101133681833744 0 0 0 0 0 0 0 0 0 0.2432613670825958 0.9760825634002686 1.605405583977699 0 0.8121898770332336 0 4.170664966106415 0.7692335247993469 3.000960938632488 0.8641826063394547 0.329813227057457 0 0 0.2990657538175583 0 0 0.6873608827590942 0 1.104938447475433 6.43534978479147 0 0.7338744401931763 0.1738284975290298 0.1473209857940674 0.1365706473588943 0.268543154001236 0 0.1057526394724846 0.08647175133228302 1.100471943616867 0 0 0.9838090538978577 13.83356305211782 0.4821420013904572 0.403875857591629 0.2357354015111923 0.07342193275690079 0.08661313354969025 0 0.08233987540006638 0 0.3275849521160126 24.61686582118273 5.095804892480373 0 0.0920863077044487 0.09461213648319244 10.47652034461498 0.9680776298046112 5.706449612975121 0.5399771556258202 2.932678684592247 3.752003476023674 0.1027927249670029 0.8841928094625473 0.3014094084501266 0 0 0 0 0.2600132152438164 0 0.2702227309346199 6.863909348845482 10.54474762827158 11.88927792012691 332.8757591284811 37.432238958776 233.8786217458546 44.62574063614011 88.27267861366272 17.69336526095867 1.932036526501179 56.33841741085052 11.55290884524584 0.6555576324462891 5.781305320560932 2.60952065885067 4.890143260359764 1.497214071452618 0.2419714629650116 0.8819565996527672 1.546897262334824 0.2545610368251801
201.6360788494349 1883.354813046753 839.1872850470245 126.6353645548224 7794.123857792467 78.73908867686987 1809.549797303975 579.7336936146021 0 493.4268480837345 1880.721648000181 126.3034803271294 4674.628324121237 1608.48724579066 33.606559433043 12.78021237254143 0.3085161410272121 0.3924550116062164 0.08791725337505341 0.6161071583628654 0.3354469165205956 0 0 0.07862289249897003 0.1104119718074799 1.069689340889454 0.2538143023848534 1.163400568068027 1.481274090707302 0.2027754485607147 349.9946337714791 16.42230911552906 25.01913089305162 0.1133203357458115 0.1153246536850929 0.1736412271857262 38.18888824805617 0.09730827063322067 2.523651756346226 0.9055314436554909 0.4460960477590561 1.276098474860191 0.7262874618172646 1.258769564330578 0 0.2974371910095215 101.5090790726244 4.075333379209042 0.1587341204285622 0.4845020622014999 0.744643859565258 1.094058394432068 0 1.28455163538456 3.475717626512051 6.407984990626574 16.58659370243549 261.6813272684813 27.82705713808537 30.73838698863983 8.199651844799519 1.166743323206902 0 111.0249420143664 5.263682171702385 5.770623315125704 1.484756723046303 1.781384095549583 0.4303721264004707 0 123.6195562332869 9.143630385398865 0 230.1235869340599 70.46040304005146 130.6688246056437 136.6021930091083 8.003718949854374 8.386608436703682 13.60665098577738 11.19122198969126 21.90551106259227 30.04974523559213 0.3492083996534348 3.187095683068037 7.878530230373144 2.260555736720562 0.06262663006782532 2.950073935091496 0.0964495912194252 0.5611249133944511 0.7629266194999218 0.6310969814658165 0.3945841863751411 1.832177959382534 467.6912989541888 7.722180068492889 0 6.758108347654343 36.23862483352423 1.063541725277901 0.2795008346438408 1.314645111560822 2.659281060099602 11.58054792135954 24.94257541000843 3.384784072637558 7.21324797719717 17.28576919436455 18.11993483453989 13.07243943214417 64.57069570571184 55.39774493128061 54.45595232397318 34.82318502664566 4.304822541773319 2.566200755536556 0.424926370382309 0.3543370366096497 0 0 0.09266511350870132 0 0 0.1904561221599579 0.1373462229967117 0 0 0 0 0 0 0 0 3.567434005439281 4.506052888929844 0 2.12985235452652 0 3.075494945049286 1.531283646821976 1.795157723128796 0.4117554128170013 0.3395592570304871 0.1878762096166611 0 0.07334928214550018 0 0.2349037379026413 0.1124636009335518 0 4.40163791924715 13.09791365265846 0.3187770396471024 0.4140173196792603 0.1185261979699135 0 0 0 0.2613731175661087 0 0.4292675107717514 2.671845406293869 0 1.095645934343338 0 23.77686133235693 0 1.036561876535416 0.5732216835021973 0.09515392780303955 0 0.275996208190918 0 0 0.2425657510757446 95.39621566981077 4.893263153731823 0 0 0.1722488552331924 30.6783387735486 0.782099723815918 15.68553110957146 3.349596425890923 6.972842365503311 12.62860283255577 2.346403166651726 6.093197658658028 0.08120254427194595 0 0 0 0 0 0.06977538019418716 0.1849409341812134 55.1513894200325 23.34342235326767 17.76993352174759 491.9669790938497 61.90442386642098 333.8584749959409 52.96239221096039 303.6374975219369 27.84003875404596 1.965259231626987 86.64161597937346 20.93760184943676 3.843709044158459 21.33225204795599 3.595372654497623 9.884797856211662 2.004703491926193 1.008042894303799 6.09846419095993 4.215675227344036 0.3021387606859207
1383.492630451918 932.7879617065191 8.336608782410622 1599.039694979787 206.3282584026456 718.4612020254135 1868.010863125324 8.393173336982727 493.4268480837345 0 16.69196845591068 1180.291762523353 5305.110156968236 643.8079394847155 1.544928647577763 1.281295992434025 0 0 0 0.2392639517784119 0.2022962868213654 0 0 0 0 0.1489876210689545 0 0.1088489443063736 0 0 30.92382081598043 1.065978169441223 16.33292631059885 0 0 0 13.88539656996727 0.08862919360399246 0.08078400045633316 0.09305588901042938 0.1138992831110954 0.3064316660165787 0 0 0 0 12.54351193457842 0.3944372981786728 0 0.09977561235427856 0.07850106060504913 0 0 0 1.168506190180779 1.046366959810257 16.39745456725359 176.0173900797963 3.811400316655636 5.462868884205818 0.5098862871527672 0 0.18903948366642 5.896224789321423 0.7129103243350983 0.9249614775180817 0.08276341110467911 0.2556916549801826 0 0 188.2397031635046 4.272880427539349 0 73.16577383875847 14.45964539796114 21.46896812319756 8.838575668632984 0.1018080189824104 1.117930620908737 0.5020568296313286 0.4405536651611328 1.336387224495411 7.446435898542404 0 0.1905271485447884 1.25712588056922 0.2660917267203331 0 0.2993753924965858 0 0 0 0 0 0 474.1214119568467 25.95358437299728 0 1.277449727058411 293.4100171253085 3.252660274505615 28.12200500816107 107.4651169329882 99.72376296669245 6.911778882145882 108.8322909474373 45.5228483825922 3.482826195657253 134.7775863111019 104.2598840072751 5.200349904596806 61.42901412397623 47.90657357871532 34.7788719907403 8.719436503946781 0.7930836156010628 0 0 0.4030691832304001 0 0 0 0 0 0 0 0 0 0 0 0 0 0 0 2.034709244966507 1.445456862449646 0 0.6997132003307343 0 1.762553669512272 0 0.7381822168827057 0.1001904159784317 0 0 0 0 0 0 0 0 1.86878676712513 5.054649874567986 0.120574027299881 0 0 0 0 0.2119235843420029 0.5204605534672737 0.1948367580771446 0.3995617032051086 3.466371178627014 0 0 1.624722361564636 3.286410138010979 0 0 0.2570127993822098 0 0 0 0.08335387706756592 0 0.1480656266212463 28.20124933868647 0.5134908556938171 0 0 0 11.07972425222397 0 3.610546812415123 2.797796100378036 4.615024596452713 9.985818572342396 1.350370332598686 2.85766813904047 0.1647195518016815 0 0 0 0.1648760288953781 0.1342410296201706 0 0 35.2621114179492 5.521328128874302 2.830098152160645 129.1191904395819 5.87559662759304 57.07350993901491 7.899842098355293 770.6985360309482 4.330590270459652 0.1315996050834656 16.63426668196917 5.009923487901688 2.212277412414551 5.947621241211891 1.78974375128746 5.429969094693661 0.5610387325286865 1.039384372532368 2.062073864042759 0.3337919563055038 0
101.4244899898767 1144.851025663316 3527.701128482819 3.826304942369461 808.3135286979377 11.49799191951752 90.17118816822767 1623.167934775352 1880.721648000181 16.69196845591068 0 182.57394336164 2148.355760842562 3200.15277717635 34.02752843871713 35.23414424434304 3.535463690757751 0.6022599637508392 0 1.075165718793869 1.291637025773525 0 0.8328393623232841 1.159587807953358 1.108309328556061 0.2804747596383095 0.2332379594445229 0.8402542024850845 0.2245263904333115 0 856.4933708384633 150.0378230959177 336.9426489844918 0.1295822560787201 2.194062888622284 0.9325890392065048 249.2470886707306 1.710213802754879 9.107864577323198 3.471891075372696 0.8682850226759911 2.202461689710617 0.5222305580973625 7.866073071956635 0 0.3553871437907219 61.69976798444986 2.592430405318737 0.5604352578520775 2.945289388298988 0.3730166479945183 0.7201933264732361 0.6197698935866356 1.908443592488766 1.563188217580318 3.495353419333696 8.400008045136929 232.6627031676471 12.66058896109462 14.76570519804955 18.04811591655016 11.56879778206348 0.5833897665143013 183.3439546339214 2.292222335934639 2.379767447710037 0.8806199096143246 0.6886718571186066 2.564630679786205 2.329957365989685 340.1826646961272 8.825450152158737 0.3169543370604515 124.9805279299617 72.42692474275827 79.68187552317977 164.4936212338507 84.30813989788294 112.0413806661963 621.4669665470719 31.766641959548 141.5655051358044 11.94989009574056 0.2472520619630814 1.413400333374739 3.416901376098394 3.362460665404797 0 1.483519315719604 0 0.2045280411839485 0.6225182861089706 1.99112918227911 0.5971637219190598 0.7965352609753609 153.3158186525106 14.65380021184683 0 11.79943629354239 28.12122268229723 0 0 0.8395293727517128 0.4400126487016678 2.856849640607834 4.712323844432831 0 1.612680092453957 0.8071767240762711 3.205583654344082 3.706155046820641 12.23867327719927 12.08154722303152 13.29833985120058 11.04088976979256 2.175077401101589 1.489954106509686 0 0.4496518224477768 0.08688215911388397 0 0.08581630140542984 0 0 0 0 0 0 0 0 0 0 0 0 0.3174424469470978 0.3461780250072479 0 0.1758489310741425 0 2.005800567567348 0.1570091247558594 0.8436714485287666 0.7375917434692383 0 0 0.1003172025084496 0.1213685125112534 0 0 0.9855431839823723 0 0.4801197350025177 5.592135928571224 0 0.1891110241413116 0 0 0 0 0 0 0 0.2067387774586678 0 0.6577013731002808 2.700366973876953 11.40883044153452 0 0.1061622351408005 0.2972426265478134 0 0 0.09452340006828308 0 0 0.2928526103496552 29.10057501494884 3.930080182850361 0 0 0 9.150276109576225 0.1920082271099091 4.866844221949577 0.7806829959154129 1.933938145637512 4.078596472740173 0.787828303873539 2.534100584685802 0 0 0 0 0 0 0 0 12.5748932287097 11.46791712939739 6.784111358225346 303.4862151779234 27.22179326042533 200.8225876539946 36.48310760036111 88.39522048085928 14.82483964413404 0.3360837996006012 47.07272455841303 10.63043397665024 0.6486611738801003 7.99197381734848 3.85235133767128 1.699106343090534 0.181790366768837 0 1.529386341571808 1.303151533007622 0.3961092382669449
317.5719583332539 83.74383084103465 41.6943241506815 487.1806438565254 22.4953641295433 224.7657370120287 91.77157473564148 61.16866244375706 126.3034803271294 1180.291762523353 182.57394336164 0 2694.715841539204 266.1448370665312 10.65224862098694 8.396763876080513 0.2705215439200401 0 0 0 0.137511819601059 0.1568363755941391 0 0 0 0 0 0.1334590166807175 0 0.1085884422063828 20.76062266528606 4.50144650042057 77.88897625356913 0 0.1176059991121292 0.1153503060340881 80.24873138591647 0.1249246224761009 4.660706572234631 0 0.3708229884505272 0 0.08692991733551025 2.224471434950829 0 0 13.06229490786791 0 0.1720595955848694 0.2689060419797897 0.1989997737109661 0 0.2196342498064041 0.4734308943152428 0.3459098413586617 0.2296562716364861 2.999085739254951 32.99484149366617 4.13208819180727 2.584868244826794 2.013574838638306 3.305304802954197 0.1690249443054199 9.500866360962391 0.3201617002487183 0.6061821766197681 0.06282380223274231 0.3553335517644882 0.1508600264787674 0.4116179049015045 432.9605483189225 19.74781776964664 0 26.53223837167025 6.139567017555237 13.35148800164461 27.25627157837152 4.103186033666134 5.767149068415165 11.49080343544483 4.953513354063034 10.00801565498114 3.571249268949032 0 0.1165665909647942 0.8968253470957279 0.554181732237339 0 0.1222822144627571 0 0.1463195532560349 0 0.1191665679216385 0 0 1366.747993290424 34.35382284224033 0.2558189406991005 8.456950135529041 39.57576363533735 7.046533137559891 0.2507536709308624 1.901104025542736 6.675896197557449 16.41507799178362 35.33280852437019 6.967699274420738 9.370333291590214 20.86727584153414 39.18785542994738 19.5096914768219 89.83509273082018 76.65892965346575 75.23927621543407 34.03293219953775 7.222830131649971 2.233774058520794 0 0.2195855900645256 0 0 0.1981962770223618 0 0 0.1112987026572227 0 0 0.6793834567070007 0 0 0.4391301348805428 0 0 0 4.124722860753536 4.678079195320606 0.1361679285764694 0 0.1068197041749954 3.324031591415405 0.3089388012886047 1.617926128208637 0.3245173096656799 0 0 0 0.1004947572946548 0 0.483171321451664 0 0 4.413565494120121 14.49204453825951 0.7027672454714775 0.3759902790188789 0 0 0 0.3586717396974564 0 0.3097788393497467 0.9776728749275208 5.290050439536572 0 0.1159797385334969 1.016159415245056 22.47388856858015 0.298725962638855 0.1924460381269455 0.6683015525341034 0.0851612463593483 0.3303540647029877 0 0 0 0.3692588061094284 91.27187937498093 4.049083471298218 0 0.1497412621974945 0 47.47388414293528 3.159066915512085 16.50589919835329 3.758271135389805 8.842478148639202 10.51202331483364 2.292917467653751 12.66050274670124 0.69751887768507 0.8074770569801331 0 0 0.2085345536470413 0 0 0 77.25455505400896 30.28368049860001 17.57739789783955 82.12275943160057 7.200108975172043 46.50072775408626 13.44160014390945 243.5852849259973 5.129271559417248 0.09206732362508774 11.73559020459652 19.41321812570095 1.264567658305168 17.41533559560776 4.543373681604862 9.412817046046257 1.459216609597206 0.145504355430603 9.97509703785181 0.2902763187885284 0.6461632400751114
942.650576852262 856.3691785521805 441.7630924321711 1560.691360905766 1275.464643891901 221.5419144034386 1750.110984481871 422.9161615669727 4674.628324121237 5305.110156968236 2148.355760842562 2694.715841539204 0 1216.325665876269 63.05544175952673 40.76822246611118 2.573980152606964 1.422144271433353 0.1766274943947792 1.077456846833229 0.4480167999863625 0.2212348729372025 0.223212867975235 0.2324651628732681 0.1878331676125526 0.9807443916797638 0.2020441368222237 1.314802505075932 1.484890714287758 0 230.0481041744351 21.3800415173173 198.6315975449979 0 0.3378607854247093 0.2843139842152596 54.94663640111685 0.7865295931696892 9.643712736666203 0.5504522137343884 0.4857755899429321 0.9749506786465645 0.3159167915582657 6.642531104385853 0 0.5068733096122742 109.3218233734369 2.97925028949976 0.9582672715187073 1.326097875833511 0.7755784392356873 0.1705168336629868 0.08544999361038208 1.936217725276947 3.881343275308609 5.38471470400691 11.17394983768463 163.6936534419656 29.8569974899292 24.13863264769316 18.75733890384436 5.830063045024872 0.2675813063979149 90.68092016130686 3.604461319744587 3.216430205851793 1.709119118750095 2.277738146483898 2.546257175505161 1.558105371892452 320.2480760291219 26.91125281155109 0.3616757914423943 171.9396009407938 58.68178676068783 121.9321333244443 202.7937980294228 22.54860805720091 33.12500759959221 62.27181217074394 31.32048553228378 57.97127556800842 21.3943206332624 0.1586011052131653 1.983818724751472 4.670874625444412 2.616038329899311 0 1.840303272008896 0 0.4987487569451332 0.3890510573983192 0.3939432799816132 0.5023535043001175 1.32800654321909 2226.832668885589 48.08173394203186 1.404079779982567 29.41911391168833 41.50886739045382 3.824280291795731 0.8344997763633728 8.195726633071899 9.963873341679573 23.61539231240749 72.78729682415724 4.293707191944122 14.79824518412352 74.58837700635195 49.10185642540455 30.55362683534622 163.6341418176889 138.9180158525705 134.0707920342684 78.91311556845903 9.759478390216827 5.172337561845779 0.4545013234019279 1.359840549528599 0.13703553378582 0 0.1435438245534897 0 0 0.2950257956981659 0.4282200634479523 0 1.032070435583591 0.1202656179666519 0 0.2329985797405243 0 0.09568409621715546 0 8.765519320964813 8.090242050588131 0.111592136323452 4.256671607494354 1.05743145942688 12.18389292806387 0 5.723568752408028 1.860930070281029 0.9512417316436768 0.2181115597486496 0 0.8934044018387794 0.7030911445617676 0.7945169806480408 0.7406607419252396 0 6.721959866583347 32.62093452364206 0.5725718438625336 0.5663396418094635 0 0 0.5061033293604851 0.163549393415451 0.2107211500406265 0.1362829580903053 1.855560302734375 7.764201059937477 0 0 3.654449217021465 63.6212107911706 0.1174341887235641 1.307827517390251 1.037682857364416 0.2543356642127037 0.7326723262667656 0.956905297935009 0.09447853267192841 0 0 236.6624159440398 9.49410454928875 0.09416045248508453 0 0.1780721694231033 71.59787627309561 4.523541130125523 34.32105648517609 8.887008272111416 14.0618347749114 20.1689887791872 7.436603471636772 11.20025637745857 0.7179858982563019 0 0 0 0 0.2350272089242935 0 0.3700193166732788 145.7819136083126 61.0656414180994 41.59650315344334 529.4568150490522 66.20013009384274 346.2707030586898 74.21883317828178 343.2090767845511 32.96726226806641 0.918878473341465 105.5942665114999 55.35358876734972 4.32232479006052 53.98203971982002 12.48273944109678 16.99018359184265 1.699345245957375 0.9547871649265289 14.44988308846951 7.111694991588593 0.8483628779649734
