0 5117.499721869826 532.3111565336585 1253.420291334391 987.0762433558702 85.73470376431942 1352.394786149263 51.18487583100796 492.765538662672 2647.325774848461 453.7736249640584 99.34685645997524 424.6982279643416 357.1245215982199 0 0.681537076830864 0 0 0 0 0.2397634983062744 0 0.1216080710291862 0 0 0 0.1895671337842941 0.1152134984731674 0.1159020885825157 0 870.4460666924715 0.1299443691968918 9.931555919349194 0 0 0 11.99324351549149 0.09080162644386292 4.800724610686302 0.2109677791595459 0 0.2771697640419006 0 0 0.09126266837120056 0 1.82330834120512 0.2726074084639549 0 0.1762939989566803 0 1.197593927383423 0 0.1849735975265503 1.571687117218971 3.549050845205784 729.5064037367702 1127.52474770695 44.8000792786479 5.315271325409412 0.09529872983694077 2.592598862946033 0 0.1219096630811691 1.091854497790337 0.5408368408679962 0.09103432297706604 0 0.1056193932890892 0 67.69318324327469 30.6474938839674 0.4311546087265015 562.0331334769726 7.250403262674809 11.14407916367054 0.4727447554469109 0.1040011942386627 0.4807305783033371 45.63205353915691 0 1.340531416237354 5.121979475021362 0.397381603717804 0.349343866109848 0.2694067358970642 0.1100850850343704 3.334327340126038 0.202463760972023 4.452470928430557 0 0.9296236485242844 0 0 0 567.6030575931072 75.64364501833916 1.878762722015381 13.36162026226521 2237.239147849381 0 0.2612022459506989 0 0 0 6.344305291771889 0.205589696764946 0.4115567356348038 78.65328459441662 2.62198181450367 0.6945635229349136 3.208356104791164 7.313917353749275 7.569311439990997 2.402695551514626 0.5191505402326584 0 0 0 0 0 0 0 0 0 0 0 0 0 0 0 0 0 0 0 0 0 0 0 0.9570624381303787 0 0.8335641324520111 0.4070837944746017 0 0 0 0 0 0 0 0 0 2.290526732802391 0 0 0 0 0 0 0 0 0 0.2735194265842438 0 0 0 0.3888283967971802 0.1676753461360931 0 0.5732862949371338 0 0 0 0 0 0 5.617036625742912 0.501766562461853 0 0 0 0 0 0.8747971057891846 0.5668495148420334 0 0.266755610704422 0 0 0 0 0 0 0 0 0 0 6.052529767155647 0 2.588399425148964 73.57575970888138 9.473842024803162 33.31507980078459 2.555472984910011 1184.670936532319 8.839462295174599 1.237044878304005 5.156770408153534 2.070089295506477 0 1.972035557031631 0 4.561662465333939 0 0 0.3151881396770477 4.733507484197617 0
5117.499721869826 0 639.9578593820333 900.2192214429379 6006.33246512711 111.4651401638985 5324.636314824224 166.6142655536532 2326.747151650488 1316.779061883688 1329.395750075579 53.65779969096184 888.9690789878368 1056.652882680297 7.555917926132679 1.653810448944569 0.7478621751070023 0 0 0 0.1201432794332504 0 0 0.09351681172847748 0.3395561277866364 0.1131949499249458 0 0 0.3790751323103905 0 2071.514772601426 5.495764963328838 2.308966040611267 0 0 0.1116483435034752 2.415900744497776 0 0.5435587838292122 0.09773804247379303 0 0.3340195566415787 0 0.2830896601080894 0.5987678244709969 0.3752233758568764 25.13188622891903 3.338264591991901 0.1050815135240555 0.3486519381403923 0 0.08649052679538727 0 0 5.46697611361742 12.09117016196251 243.5507403537631 678.4327078461647 22.06170208752155 19.43759454786777 0.8387212678790092 0.2232896313071251 0 5.536558672785759 2.305879406630993 2.612270399928093 0.304698146879673 0.6123081669211388 0.1167987212538719 0.3435483053326607 4.534665770828724 0 0 758.0408287867904 46.71394505351782 114.7612642794847 12.35615552961826 0.4797894731163979 0.1041376814246178 77.94130378961563 0 2.982037119567394 17.84411431103945 0.1159144937992096 1.481289781630039 2.281216315925121 4.012587957084179 0 0.1067510396242142 0.09109437465667725 0 0 0.09468069672584534 0 0.1222253441810608 53.6110767647624 1.854137048125267 0 0 1545.485417418182 0 0 0 0 0 3.120198905467987 0 0.5078076720237732 185.5157063603401 1.603523910045624 1.170404404401779 2.975126624107361 4.470257386565208 3.412903472781181 1.539091795682907 0 0 0 0 0 0 0 0 0 0 0 0 0 0 0 0 0 0 0 1.377055585384369 0 0 0 0 0.6176455542445183 0 0.9206291735172272 1.225450403988361 0 0 0 0 0 0 0 0 0 1.208745002746582 0 0 0 0 0 0 0 0 0 0 0 0 0 1.676188334822655 0 0 0 0 0 0 0 0 0 4.04144412279129 0.1806831657886505 0 0 0 0.5511347725987434 0 0 0.9219860285520554 0 0.7686081826686859 0 0 0 0 0 0 0 0 0 0 2.047992751002312 0.157428115606308 0.8727313727140427 114.5544560775161 15.15566618740559 192.4935029298067 24.74831754714251 769.604835793376 35.35484004020691 2.369742102921009 48.14240998774767 2.591453909873962 0 1.635361015796661 0 4.47283735871315 0 0 0.1805719286203384 17.28957039117813 0
532.3111565336585 639.9578593820333 0 1.147974163293839 1425.733080014586 1.124449580907822 160.1626974642277 3012.390435829759 1298.742101386189 5.000301823019981 3847.694347292185 8.260188736021519 277.3923632651567 1901.371272243559 14.12257977575064 12.52724622189999 0.63512022793293 2.595342807471752 0.230839692056179 6.850507505238056 1.690368130803108 0 2.165855132043362 2.006977051496506 2.307643577456474 0.4756727814674377 0.5998191833496094 0 0.4156224429607391 0.1397867649793625 5020.601148851216 487.7174712568521 37.64064221829176 5.082629308104515 0.7767388671636581 0.857528492808342 20.73521739244461 1.627371959388256 4.913700893521309 1.39998921006918 1.165597692131996 0.3929650485515594 14.6686315536499 4.104785494506359 2.394843824207783 1.140631884336472 23.94862577319145 3.489208161830902 1.849761247634888 13.78240831196308 1.38066965341568 0 0.2143219783902168 0 4.305919088423252 8.300191529095173 176.0747891813517 1262.462019070983 8.481658093631268 14.54986951500177 0.8827454969286919 9.314968340098858 4.12524651736021 250.7893315926194 2.574270591139793 2.514306411147118 0.6256664842367172 6.096571043133736 37.75332025438547 30.25446520745754 30.773272767663 1.710553422570229 0 495.8699378147721 127.7855861634016 93.20256482809782 32.88433412462473 28.12651234865189 185.6489496976137 2189.248228862882 19.81534096598625 201.1396810784936 12.22926864027977 0 1.545991830527782 0.8397618532180786 18.55113197118044 0 0.3208026885986328 0 1.676277138292789 0.1391145437955856 19.73456789553165 0.2565903514623642 1.075356923043728 32.17402097582817 9.285485461354256 0 5.219611696898937 258.8517614752054 0 1.421209543943405 0 0 0.1790211200714111 13.16259019076824 0.9693486541509628 1.975824534893036 4.682167634367943 7.778188198804855 2.473807342350483 19.53848341107368 20.56043015420437 14.53401692211628 7.744788706302643 0 0.7343230992555618 0 0 0 0 0 0 0 0 0 0 0.1406644731760025 0 0 0 0.2975786328315735 0 0 1.56124971807003 0.490126833319664 0.1737978756427765 0.1374720185995102 0 7.979560166597366 0 1.49806009978056 2.878572307527065 0.3994149193167686 0 0 0.09511252492666245 0 0.608654648065567 1.173114538192749 0 0.196033775806427 1.614756561815739 0 0 0.09713537991046906 0.6454073712229729 0.1084864586591721 0 0 0 0 0.2087303996086121 0 0 0.1354294568300247 5.209814891219139 0 0 0 0 0 0 0 0.1530030071735382 0 19.01029306650162 0.5477040112018585 0 0 0.1178329810500145 1.622206583619118 0 0.1587770283222198 3.462527796626091 2.439180254936218 3.528124183416367 0.1604595631361008 0 0 0 0 0 0 0 0 0 13.86463587731123 1.521972581744194 9.532807074487209 138.2182722315192 18.55441295355558 122.3166090846062 21.28621184825897 164.887602686882 21.33704151958227 1.772053018212318 32.92768035829067 6.995728425681591 0.6546167433261871 5.623487837612629 0.2328031361103058 16.5023405700922 1.373318642377853 0 5.71044610440731 2.249451532959938 0
1253.420291334391 900.2192214429379 1.147974163293839 0 58.80626795440912 210.6479546427727 887.1610873639584 0.1041602864861488 108.5248397961259 3382.837314113975 0.7533979713916779 248.8166192919016 1309.511527903378 62.85208981484175 0.8424263149499893 0 0.1230791285634041 0 0 0 0 0 0 0 0 0 0.1133202239871025 0 0 0 3.03245784342289 0.3528707325458527 0.2105554789304733 0 0 0 0.614188477396965 0.3697422966361046 0.6430938616394997 0.2710204273462296 0 0 0 0.120028592646122 0 0 2.99400021135807 0.723844937980175 0 0 0 0 0 0 1.373995169997215 2.097795896232128 87.18937769532204 81.8759206160903 7.743661366403103 4.103365823626518 0.07403603941202164 0 0 0.1840130090713501 0.7486992552876472 0.6333827972412109 0 0 0.1876606643199921 0 4.277184262871742 0 0 219.7988697588444 7.095204696059227 15.46734535694122 1.800112441182137 0 0 2.589602097868919 0.1087637543678284 0.2305885627865791 4.529571749269962 0 0.290547177195549 0.3979054987430573 0.3197662904858589 0.3290282785892487 0 0 0 0 0 0 0 124.3795907795429 4.371176183223724 0 0.6190943121910095 451.4937644302845 0 0.1971845626831055 0 0 0 2.038726851344109 0.206139400601387 0.5935405790805817 42.58310621976852 2.501100838184357 0.4294797778129578 5.380174160003662 8.309741497039795 1.244089275598526 1.188296929001808 0 0 0 0 0 0 0 0 0 0 0 0 0 0 0 0 0 0 0 0 0 0 0 0 0.3778807818889618 0 0.2841957807540894 1.531402468681335 0 0 0 0 0 0 0 0 0.2738114595413208 0.725231260061264 0 0 0 0 0 0 0 0 0 0 0 0 0 0.1801584511995316 0 0.2600844204425812 0 0 0 0 0 0 0 3.733774743974209 0 0 0 0 0.2431864589452744 0 0.1755548268556595 1.243471205234528 0.7690584659576416 0.8560512661933899 0 0 0 0 0 0 0 0 0 0 4.111299678683281 0.5343933701515198 1.496056407690048 44.09308602660894 4.166855722665787 39.80323398113251 4.185380399227142 592.3402377665043 9.990108661353588 0.4409354329109192 10.64006534218788 4.502220809459686 0 1.380377307534218 0 1.888188287615776 0.5291264355182648 0 0.4986973404884338 0.2341965734958649 0
987.0762433558702 6006.33246512711 1425.733080014586 58.80626795440912 0 30.13969764113426 4003.781819373369 94.22405664622784 4662.156869404018 125.827864587307 1396.047924950719 6.985268756747246 318.4299448803067 1143.19781164825 16.55487558245659 2.103915154933929 0.1276077926158905 0.3032405450940132 0 0 0.4107615947723389 0 0 0.1483602225780487 0.1249028891324997 0 0.184910923242569 0.2078229784965515 0 0.2956196144223213 684.9179075583816 10.1780891045928 2.211044162511826 0.1028533577919006 0 0 0.6405099034309387 0 0.5859346613287926 0.2538326755166054 0.2929911613464355 0.4795091822743416 0.5291474610567093 0.7224697023630142 0.3198504373431206 0.2642819583415985 50.41811063140631 4.508613415062428 0.3322252780199051 0.7714472562074661 0.1428894102573395 0 0 0.1295902878046036 3.107341974973679 7.001612141728401 51.12950013577938 153.9955334812403 5.623319007456303 22.34044307470322 0.5885488539934158 0.667421318590641 0 20.20742951333523 3.644297160208225 2.902359575033188 0.5805407613515854 0.410521112382412 1.501793675124645 0.3423749804496765 3.005513660609722 0 0 294.9267798885703 72.01485807448626 178.284842684865 25.52498488873243 2.402317710220814 1.035510279238224 46.16526688635349 0 2.907822288572788 13.33209446817636 0 3.690234169363976 1.97836571931839 5.440606892108917 0 0.1093677878379822 0 0 0.4394200891256332 0.4250000268220901 0 0.4566248059272766 12.6641454398632 2.26176518201828 0 0.1230194941163063 118.5933949053288 0 0 0 0 0 2.966046959161758 0.8759998679161072 0.3652893304824829 0.606829509139061 3.808964759111404 0.5706837177276611 2.751330181956291 5.733419172465801 3.944382295012474 1.35973933339119 0 0.154822513461113 0 0 0 0 0 0 0 0 0 0 0 0 0 0 0 0 0 0 0 0 0 0 0.8770875781774521 0 1.351919054985046 0 0 0 0 0 0 0 0 0 0 0.3062592446804047 0 0 0 0 0 0 0 0 0 0 0 0 0 2.938560917973518 0 0 0 0 0 0 0 0 0 5.81222116202116 0 0 0 0 0.1448372453451157 0 0 0 0 0.307706207036972 0 0 0 0 0 0 0 0 0 0 0.6895382553339005 0.940992146730423 2.635096296668053 139.7908098325133 23.47526413947344 211.5139318555593 36.13718781620264 296.2252599969506 37.24915185570717 4.46609752625227 60.37047766149044 5.194816142320633 0 2.969288602471352 0 2.58568286895752 0 0 0.5291852355003357 6.30219990760088 0.518634632229805
85.73470376431942 111.4651401638985 1.124449580907822 210.6479546427727 30.13969764113426 0 341.7971828579903 0 17.4430925399065 568.1115185320377 1.146445617079735 49.93505468964577 62.28710179030895 18.52764920890331 1.028246261179447 0.2557798326015472 0 0 0 0 0 1.029486685991287 0 0 0 0 0 0 0 0 0.1418765187263489 0 17.00127446651459 0 0 0 62.01957893371582 0.317969024181366 23.3559961616993 0 0 0 0 0 0 0 1.548839628696442 0 0 0 0 30.79184609651566 0 0.3152068257331848 0 0.3032354861497879 115.9562083184719 16.05328419059515 1.730002611875534 0.4994064196944237 0 10.0911720842123 0 0.5886181890964508 0 0.143266573548317 0 0 0 0 162.1911309510469 429.5343657881021 6.649064838886261 11.86548914015293 0.3269098103046417 1.706464260816574 0.8313070684671402 0 0 17.94616670161486 0 1.774490058422089 0.1570215970277786 2.027401104569435 0 1.066136449575424 0.1006059199571609 34.2214879244566 8.815827891230583 32.12031251192093 0.498174324631691 3.721407860517502 1.011985778808594 0 0 266.6364236176014 313.8420946449041 14.18041053414345 56.87065741419792 581.9979514926672 0 0 0 0 0 1.580875903367996 1.49740806221962 0.1615976095199585 17.75292566418648 3.06540459394455 0 1.99265630543232 3.266448318958282 2.625919833779335 1.387003794312477 0 0 0 0 0 0 0 0 0 0 0 0 0 0 0 0 0.1462442129850388 0 0 0 0.5977648496627808 0 0 0 6.215510860085487 0 2.193240955471992 1.51702643930912 0 0 0 0 0 0 0.2417089641094208 0 0 1.595106095075607 0 0 0 0.7027494311332703 0 0 0 0 0.1104795634746552 0 0 0 0 0.222919225692749 0 0 0 0 0 0 0 0 0.2112420052289963 3.659018248319626 9.417241990566254 0 0 0 0.7539943158626556 0 0 1.254738047719002 0.6605942845344543 0.4304168820381165 0 0 0 0 0 0 0 0 0 0 5.102438747882843 2.171549394726753 7.74062491953373 18.52889476716518 0 4.991060420870781 1.3180867806077 174.294414408505 0.4626910984516144 0 3.795681014657021 2.576305702328682 0.2219906151294708 1.777257144451141 0 3.167779460549355 0 0 0.559904932975769 1.101618140935898 0
1352.394786149263 5324.636314824224 160.1626974642277 887.1610873639584 4003.781819373369 341.7971828579903 0 5.386456049978733 1721.736601188779 1576.305923357606 103.3379223719239 78.1048441901803 1830.166144095361 326.6215766519308 39.83732668310404 10.54321736097336 0.6255559325218201 0.6310886293649673 0 0.501984529197216 0.6845757812261581 0 0.2286037728190422 0 0.5115538835525513 0 1.444037824869156 0.3654648065567017 0.5576384216547012 0.1983300149440765 129.5077095627785 24.39898969233036 3.966871686279774 0 0 0 5.398402653634548 1.13593951612711 2.29859559237957 0.4524968788027763 0.2252323776483536 0.5519174635410309 0.9023248106241226 1.212062895298004 0.2158425524830818 0.8514632880687714 98.38731244206429 6.879011519253254 0.5027106106281281 1.029831416904926 0.4189245104789734 0.1415616422891617 0 0 8.202631317079067 15.99941715598106 127.7246159613132 230.6627769172192 15.93921748548746 52.5552864074707 1.504611946642399 1.808969333767891 0.1170450001955032 44.41587893664837 6.310831770300865 4.513124339282513 1.30974754691124 1.816712014377117 0.7007336914539337 0.226315051317215 13.85252033174038 3.782038204371929 0 702.2458110898733 122.0300869718194 368.7300890758634 51.73511302471161 4.701629750430584 1.342246063053608 12.4890369027853 0.4371490329504013 6.805672220885754 29.6723243072629 0.3685085028409958 4.386865265667439 2.415854819118977 8.516675710678101 0.09343848377466202 0.5507771149277687 0 0.560812883079052 0.8805612772703171 0 0 1.128784909844398 107.6194424927235 5.581425540149212 0 1.933662906289101 339.5809315145016 0 0.4557415843009949 0 0.7772306352853775 0 12.83869171887636 1.138891562819481 1.604293212294579 7.704010337591171 11.3094335347414 0.8056018650531769 19.50330695509911 25.57820562273264 20.93583875894547 9.842432595789433 0.3685808628797531 0.3589854538440704 0 0.3194584250450134 0 0 0 0 0 0 0 0 0 0 0 0 0 0 0 1.230407074093819 0 0 0 0 6.802762314677238 0.3996559083461761 3.813902601599693 0 0.6633739471435547 0 0 0 0 0 0 0 0.4105560928583145 2.107492730021477 0 0 0 0 0 0 0 0 0.6073501855134964 1.194704294204712 0.2844301462173462 0 0 5.525554530322552 0 0.7153495252132416 0.1218844652175903 0 0 0 0 0 0 22.17444159835577 0 0 0 0.1844828128814697 2.310535177588463 0 0.4517913013696671 1.832688465714455 1.904060170054436 2.655452489852905 0 0.5121623277664185 0 0 0 0 0 0 0 0 14.28251066803932 2.489228442311287 5.248387902975082 360.5842270255089 44.13673344999552 409.0587755143642 74.11952938139439 1010.536629773676 73.89148384332657 8.063663266599178 150.0143502727151 18.62325079739094 0 4.750329121947289 0.292669951915741 17.20465245097876 0.8569305837154388 0.2071661949157715 2.36491821706295 9.0523626729846 0
51.18487583100796 166.6142655536532 3012.390435829759 0.1041602864861488 94.22405664622784 0 5.386456049978733 0 224.5178109034896 0.4850093200802803 2174.659388802946 2.947235271334648 75.56785305589437 1205.484696805477 19.76837339252234 24.18507444858551 1.970591053366661 4.548233062028885 0.3433909863233566 17.57440896332264 6.62398012727499 0 9.68790091574192 6.146608859300613 5.031494930386543 0.4940100461244583 3.524591013789177 0 0.3976738154888153 0 647.4944718554616 2322.844867639244 70.73908311873674 11.14150701463223 1.357459306716919 0.91151362657547 52.9655305147171 5.385293409228325 13.10017163306475 4.127839840948582 3.180962651968002 1.187363475561142 34.07301016896963 9.372856073081493 3.92167104780674 2.909811437129974 25.01800578087568 3.039561256766319 3.456319503486156 30.68715408444405 3.890342883765697 0.2706544175744057 0.2493518143892288 0.1741982698440552 1.360874027013779 2.805944487452507 23.77669060230255 144.6013041287661 1.611740373075008 9.330266557633877 5.370086066424847 12.2253425270319 6.7181795835495 281.0989184081554 1.154660865664482 1.248960226774216 0.5627410933375359 12.49350317567587 81.83701222389936 67.77582167088985 34.70274060964584 0.7975599467754364 0 137.6451552733779 95.15518538653851 97.23175690323114 64.85794338583946 415.5647715851665 997.7114482969046 2360.115194030106 296.6331872344017 869.3207000792027 4.003772795200348 0.2907829880714417 1.1350387185812 0.39618980884552 33.33823070675135 0 0.6994604170322418 0 1.414405383169651 1.007599145174026 48.7232561185956 1.322584018111229 0.5954908430576324 6.662685081362724 3.551049187779427 0 4.156023100018501 12.77858708798885 0 0 0 0 0 0.4965896159410477 0 0.339523583650589 0 0 0 0.1953287422657013 0.6119270026683807 1.25807249546051 0 0.175637274980545 0 0 0 0 0 0 0 0.2674235105514526 0 0.4640303179621696 0 0 0 0 0.5288469195365906 0.560785174369812 0.8756798356771469 0 0.3620202243328094 0 0.8267357349395752 0 0.3274843394756317 2.164994835853577 0.422698974609375 2.882319360971451 5.023602887988091 1.390745878219604 0 0 0 0 0 0 0 0 1.139761932194233 0.1614499986171722 0 0.1408442556858063 1.140576720237732 0.2852586805820465 0 0 0 0 0.1877291053533554 0 0 0 0 0 0.2425934225320816 0 0 0 0 0 0 0 1.066536270081997 0 0 0 0.1215296536684036 0.168530136346817 0 0 0.1258423775434494 0 0.6146468669176102 0 0 0.1524028182029724 0 0 0 0.1164099276065826 0 0.1339767873287201 0 0.8950447738170624 0.6964305490255356 2.940227463841438 102.5104967355728 12.46917602419853 87.75348701328039 17.34598568826914 43.80727124214172 8.23906010389328 1.317842975258827 24.79999257624149 1.380699932575226 0 0.5363383367657661 0 3.466278657317162 0 0 1.362113058567047 1.402943670749664 0
492.765538662672 2326.747151650488 1298.742101386189 108.5248397961259 4662.156869404018 17.4430925399065 1721.736601188779 224.5178109034896 0 269.6439789235592 2806.453575506806 32.70722983032465 1736.149842351675 2597.175454333425 23.53525832295418 9.799660287797451 0 0.2282668203115463 0.09249024093151093 0.6120398566126823 0 0 0 0 0 0.254227839410305 0.3699514120817184 0.28745998442173 0.1301221549510956 0.4466657340526581 421.6552786827087 25.00159995257854 2.95635624229908 0 0 0 6.061585620045662 0.8929465860128403 1.023828484117985 0.3474497199058533 0 0.6573572009801865 0.5779319033026695 1.044165909290314 0.08320195227861404 0.5344603136181831 63.46487805247307 3.146291941404343 0.3549036458134651 1.534360505640507 0 0.1333564519882202 0 0.1119869947433472 3.765276111662388 6.223477870225906 40.75490035861731 122.3416129872203 3.948452323675156 26.60999090224504 0.3768755346536636 1.556003376841545 0 40.44331549853086 2.687435396015644 2.686187140643597 0.382888525724411 1.357306890189648 1.521069318056107 0.9512421861290932 11.21903447806835 4.221651285886765 0 305.9705061987042 84.29346598684788 226.9736529812217 39.88922952860594 7.396321021020412 0.7637228146195412 60.20408829301596 0.09996626526117325 4.58878368139267 12.7274516671896 0.2392095029354095 2.117660254240036 1.427878335118294 6.268135160207748 0.1455270349979401 0.1013509258627892 0.1537507623434067 0 0.6638746932148933 0.4452488273382187 0.264323353767395 0.9783316403627396 53.88525784015656 5.331103652715683 0 2.357566177845001 71.11313143372536 0.4031676650047302 1.040658608078957 0 1.41348734498024 0.2633549869060516 24.63898958265781 4.180494427680969 1.586508899927139 9.069457232952118 15.85653028637171 3.697836488485336 28.34712786227465 35.74451348185539 36.09589248895645 11.6236278116703 0.9719868674874306 1.967389389872551 0 0 0 0 0 0 0 0 0 0 0 0 0 0 0 0 0 0.458865761756897 0.6479435041546822 0 0 0 6.274922050535679 0 3.19689267128706 0.4613694846630096 0.1938686370849609 0 0 0 0 0 0.185853436589241 0 0.6447867453098297 4.463916875422001 0 0 0 0 0 0 0.2509218156337738 0 0 0.3105868101119995 0 0 0 5.981055930256844 0.5033093094825745 0 0 0 0 0 0 0 0 26.75163697451353 0.5831075310707092 0 0 0 1.805995814502239 0 0.8315252065658569 2.449080608785152 3.066618248820305 3.493759132921696 0.1127598658204079 0.6520243138074875 0 0 0 0 0 0 0 0 22.20935321599245 5.453421249985695 9.028327658772469 271.8609492704272 27.33305808156729 237.6953308880329 48.57384838908911 260.1415537819266 31.80399383604527 3.594109311699867 91.04227308183908 17.68684355169535 0 6.547316394746304 0.3072448968887329 25.7213182747364 3.283804848790169 0 5.940745942294598 7.418684750795364 0.3481108248233795
2647.325774848461 1316.779061883688 5.000301823019981 3382.837314113975 125.827864587307 568.1115185320377 1576.305923357606 0.4850093200802803 269.6439789235592 0 7.454016573727131 2350.82236507535 6918.14032240212 288.0384838357568 7.361068025231361 2.784756600856781 0 0 0 0 0 0 0 0 0.154644176363945 0 0.0979987233877182 0 0 0.08322063833475113 7.971922151744366 1.164628744125366 4.190986327826977 0 0 0 7.315399348735809 0 0.5853530466556549 0 0 0 0.1496991813182831 0.4102581590414047 0.1333397626876831 0 12.55255503207445 1.147745005786419 0 0 0 0.7877663373947144 0 0 1.804154671728611 4.627711519598961 120.0184139460325 80.98967356979847 10.24238488078117 7.84343533962965 0 3.584459573030472 0 2.615053817629814 1.238623909652233 0.8514383733272552 0.1359369456768036 0.3661259636282921 0 0 65.8681259304285 6.579668760299683 0 211.3285887315869 12.22462844848633 37.57206838577986 5.653380237519741 0.9040121585130692 0 41.37451999634504 0 0.4929063320159912 5.01266872882843 0 0.5095777064561844 0.2135252431035042 1.006023339927197 0 0 0.2282350957393646 0 0.6660894751548767 0 0 0.1085500791668892 606.4304303824902 65.92773666977882 0 4.613655999302864 834.5380053520203 0 0.8666811138391495 0.1832984983921051 0.4889330267906189 0 33.56394779682159 8.587963908910751 4.302285924553871 35.78448067605495 29.37394255399704 3.378052458167076 37.99611522257328 62.86940450966358 47.74048099666834 16.11780349165201 0.6432200819253922 0.3649064600467682 0 0 0 0 0 0 0 0 0 0 0.678649365901947 0 0 0 0 0 0 0 1.740174487233162 0 1.099950551986694 0.2104586064815521 6.995410844683647 0 2.596546143293381 1.101629018783569 0 0 0 0 0 0 0 0 1.275600045919418 3.159762337803841 0 0 0 0 0 0.1583617627620697 0.1757059246301651 0.112835630774498 1.505979873239994 0.4217225313186646 0 0 0 9.067373499274254 0 0.1198789477348328 0 0.1334524601697922 0 0 0 0 0 50.8498872295022 1.077897787094116 0 0 0 5.436976566910744 0 2.656921654939651 4.01713952422142 2.966953188180923 6.125283181667328 0 0.9109753966331482 0.1065911874175072 0 0 0 0 0 0 0 39.29188078641891 3.827745005488396 10.20956784486771 264.9156420603395 4.943239755928516 87.31174597144127 13.33504864573479 1129.52297770232 9.442900493741035 0 37.77791272848845 16.27771735936403 0 10.02793878316879 0.7392907738685608 41.83929708600044 3.521648481488228 0 7.761189341545105 0.9203984141349792 0
453.7736249640584 1329.395750075579 3847.694347292185 0.7533979713916779 1396.047924950719 1.146445617079735 103.3379223719239 2174.659388802946 2806.453575506806 7.454016573727131 0 13.61181242763996 362.10770765692 3508.399818509817 13.86275060474873 11.91168711334467 0.2862848937511444 0.6062586605548859 0 0.8840748891234398 0.267009474337101 0 0.5718151852488518 0.0998120903968811 0.6907473430037498 0.2933322042226791 0.105218380689621 0.1175654008984566 0.262957289814949 0 553.1198290288448 84.53865759819746 118.6572761312127 0.5164288952946663 0 0 25.8015468493104 0.4932552874088287 1.896739199757576 0.4098241850733757 0.1505044251680374 0 2.785051189363003 1.824943289160728 0.6472634822130203 0.3546911105513573 27.21418618410826 2.134641721844673 0.3331259936094284 2.961595691740513 0.4011290669441223 0.1334548592567444 0 0 1.769839257001877 3.101612612605095 37.64275434613228 131.8182572051883 4.398106932640076 11.65029975771904 0.4377435147762299 30.49373064190149 0.5299939438700676 30.16946571320295 1.434806682169437 0.7725676372647285 0.1641250252723694 1.784927099943161 8.150872632861137 5.585012495517731 24.70175467431545 0 0 198.0869559124112 56.91132997721434 110.7591562867165 32.82528814673424 11.14208640158176 6.868029698729515 443.916832357645 3.028053775429726 6.160677753388882 7.732998289167881 0.2661398723721504 1.831039287149906 0.9340401515364647 3.94168858230114 0 0 0 0.1065372005105019 0.3355184867978096 3.837551094591618 0.1719403713941574 0.8144451081752777 15.35582585632801 2.102600768208504 0 2.161226958036423 76.13837407529354 0 0 0 0 0 4.367830835282803 0.2669904232025146 0 1.203798338770866 2.802629664540291 0 3.51471883058548 3.245119348168373 2.855316832661629 1.379801526665688 0 0 0 0.1399572789669037 0 0 0 0 0 0 0 0 0 0 0.1565726399421692 0 0.3426302373409271 0 0 0 0 0 0 0.164231076836586 1.700654521584511 0 0.8874890357255936 1.318993262946606 0.5468228459358215 0 0.1513103842735291 0.1387369632720947 0 0 0 0 0 0 0.1296690553426743 0 0 0 0 0 0 0 0 0 0 0 0 1.919932909309864 0 0 0 0 0.1267971098423004 0 0 0 0 5.08653100579977 0 0 0 0 0.2330000251531601 0 0.9251738786697388 0.5253293663263321 0.2206228077411652 0.8979803919792175 0 0.5510578155517578 0 0 0 0 0 0 0 0 2.315486893057823 0.4183191955089569 1.574500873684883 93.57358740270138 12.18745241314173 99.49842029809952 21.36823090165854 122.0017000362277 16.25645931810141 1.18999507278204 33.32344596832991 3.36469541490078 0 0.7452881932258606 0 2.131703183054924 0.2756754010915756 0 0.3807763755321503 4.387235172092915 0.2814848721027374
99.34685645997524 53.65779969096184 8.260188736021519 248.8166192919016 6.985268756747246 49.93505468964577 78.1048441901803 2.947235271334648 32.70722983032465 2350.82236507535 13.61181242763996 0 1299.268668875098 188.1251349523664 7.113868080079556 6.632346086204052 0 0 0 0 0 0 0 0 0 0 0 0.09859704971313477 0.1017609983682632 0 3.189503639936447 1.597727306187153 28.63818196207285 0 0 0 62.92879108339548 0 3.393158182501793 0.128951758146286 0 0.3857471346855164 0.1193384379148483 1.037946686148643 0.4766743779182434 0 12.30911001563072 0.6438508331775665 0 0.5019939467310905 0.1383797526359558 0 0.2490922659635544 0 0.3883281350135803 0.5128619223833084 8.736099243164062 7.363305225968361 0 2.634907558560371 0 54.42970155924559 0 2.531144835054874 0.1801317632198334 0.2298904433846474 0 0.2082981243729591 0.2384708225727081 0.4806399717926979 167.9189951494336 4.055946916341782 0 36.57154550403357 6.253721684217453 25.95115765929222 9.21003794670105 3.982801996171474 0 254.382533967495 0 6.525808192789555 1.135671339929104 0.1117739230394363 0 0 0.973261833190918 0 0 0 0.1462352722883224 0 1.240430109202862 0.1453649550676346 0 1264.962493143976 19.05145172774792 0 14.55019357800484 52.66821531951427 0.7168353646993637 3.990900695323944 0.8647416830062866 2.353698000311852 1.110152840614319 39.62679767608643 9.503580674529076 5.916106425225735 19.36168497800827 35.98787517845631 7.727266579866409 67.34404230862856 98.96818213909864 78.93580329418182 25.82607264816761 2.607084155082703 1.341430269181728 0 0.3909469246864319 0 0 0 0 0 0 0 0 0 0 0 0 0 0 0 1.976637274026871 0.5129012539982796 0 0 0 7.345070093870163 0 5.405446499586105 2.078825548291206 0.2792155742645264 0 0 0 0.2858902812004089 0.2679172083735466 0 0 1.005297124385834 5.77523697912693 0.1487992703914642 0 0 0.5648332238197327 0 0.09972634166479111 0.7260918915271759 0 1.412913434207439 0.9940481185913086 0 0 0 13.66165123134851 0.1238428428769112 0.09535256028175354 0.1675002723932266 0 0 0 0 0 0 74.19092227518559 0 0 0 0 2.405559815466404 0 1.046606346964836 5.854361578822136 2.711781159043312 4.716297529637814 0.7313657999038696 1.565313369035721 0.1803291141986847 0 0 0 0 0 0 0 52.66126421093941 5.915040448307991 17.79411625117064 233.4581941217184 4.946624502539635 62.66040440648794 14.71438279747963 156.5251340419054 4.686938643455505 0.9380379170179367 35.11449878662825 25.85822784155607 0.2358003109693527 11.10666477680206 0 48.56079199910164 5.451059803366661 0 15.19536922872066 0.4210640117526054 0.5514561980962753
424.6982279643416 888.9690789878368 277.3923632651567 1309.511527903378 318.4299448803067 62.28710179030895 1830.166144095361 75.56785305589437 1736.149842351675 6918.14032240212 362.10770765692 1299.268668875098 0 2915.281602330506 54.27481424063444 44.49629568308592 0.2581298872828484 0.4865768849849701 0 0.5260756984353065 0.3991112634539604 0 0 0.3739282339811325 0.242303878068924 0.2470045909285545 0.2746168896555901 0.8567729368805885 0.1157013848423958 0 122.6456295773387 51.80906829237938 19.76541528105736 0.5074628815054893 0 0.2578508704900742 34.56862166523933 0.3006865531206131 3.621763817965984 0.8857844099402428 0 1.205249287188053 1.071349672973156 5.247789978981018 0.9127914533019066 0.8360223546624184 80.54389115422964 5.162350878119469 0.3425111994147301 2.589128650724888 0.5237592309713364 0.2502545118331909 0 0.3397535085678101 2.803963854908943 6.833021529018879 29.40938729792833 61.93386193364859 3.545773304998875 20.88305258005857 1.336195737123489 5.526216223835945 0.2834461331367493 52.0563297867775 2.317049294710159 2.873577311635017 0.6710845157504082 1.609060943126678 5.246199823915958 3.53098826110363 131.7824235931039 7.335088506340981 0 177.0378551930189 79.95450621843338 226.9778737872839 87.85372834652662 36.75265715271235 2.433226972818375 114.1957366243005 0.6071475595235825 6.881192967295647 9.116293050348759 0.09946857392787933 2.753902547061443 0.7940002307295799 8.403067633509636 0 0.487023651599884 0.340848870575428 0.3623819053173065 0.1349220871925354 3.568222492933273 0.2419169172644615 1.469290718436241 1902.200978852808 29.80091887712479 0.172757014632225 13.14231238514185 97.98108375072479 1.97336919605732 5.469607681035995 0.6973627880215645 2.085624948143959 0.4860603511333466 92.95421731472015 21.36172371357679 14.64449758082628 49.43110533803701 97.3355098515749 16.39194171130657 140.332671649754 239.5933268070221 181.7200408354402 61.41691332310438 3.817485131323338 1.290092721581459 0 0.42747762799263 0 0 0 0 0 0 0 0 0 0 0 0 0.3744888454675674 0 0 2.207645609974861 5.176099866628647 0 0 0.2365121841430664 24.47233816981316 0.7406250089406967 13.81575610488653 1.561114773154259 1.106090933084488 0 0 0 0 1.173044994473457 0 0 4.313926547765732 15.55839149653912 0.6487845182418823 0.2316268533468246 0 0 0 0 0 0 2.504425868391991 2.917536452412605 0.5250252783298492 0 0.2455299645662308 39.63408894836903 0.3496532142162323 2.27662368118763 0.6184757053852081 0 0 0 0 0 0 189.2331302911043 1.399237491190434 0 0 0 13.97316865622997 0.2728859782218933 3.479878187179565 13.41333254426718 9.506892971694469 16.43755702674389 1.514516025781631 3.488551735877991 0.3948258608579636 0 0 0 0 0 0 0 128.2897877395153 19.0545854344964 35.72548795491457 658.9906466081738 50.1016609147191 295.914213180542 78.75117456912994 296.4463029950857 30.02183220535517 6.006460390985012 140.6966313943267 56.43939544260502 1.209388360381126 30.46787118911743 2.23487001657486 102.6914398223162 13.95698180049658 0.4050008058547974 26.79782348871231 9.011853277683258 0
357.1245215982199 1056.652882680297 1901.371272243559 62.85208981484175 1143.19781164825 18.52764920890331 326.6215766519308 1205.484696805477 2597.175454333425 288.0384838357568 3508.399818509817 188.1251349523664 2915.281602330506 0 89.66852968931198 87.00148144364357 1.70130717754364 1.247943982481956 0 1.284214429557323 0.360746830701828 0 0.3924301788210869 0.2967192828655243 1.13786268979311 0.4220919162034988 0.9472568780183792 0.914424404501915 1.129711054265499 0.427617222070694 470.600852638483 108.2247710898519 541.4183402210474 0.3049102649092674 0 0.2713591903448105 191.8302939683199 2.805422149598598 14.36517991870642 1.021317936480045 1.042795084416866 1.034395471215248 4.297014005482197 11.31132488697767 2.691616520285606 2.51249086856842 134.0878062397242 8.14665450155735 1.148879043757915 6.38731449842453 0.2651748135685921 0.3936227932572365 0 0.4581279754638672 4.023113697767258 10.81520172208548 45.71526043117046 152.0102308690548 6.445090383291245 36.58899022638798 1.759423464536667 290.367738597095 0.9419025033712387 112.5481902211905 5.889543175697327 6.154270894825459 0.8277069628238678 4.910400934517384 15.27141410857439 11.47077558189631 312.3548804596066 10.48463250696659 0 389.855023868382 179.766044870019 433.3192432820797 159.6346179321408 67.21142432838678 5.237451255321503 2805.99426343292 1.844218678772449 17.76225972175598 21.53945128619671 0 4.428620010614395 2.212631814181805 13.01832176744938 0 0.9644920825958252 0.39833003282547 0.455667570233345 0.2285361438989639 12.93586990237236 0.3418814316391945 2.290130838751793 963.9601242691278 48.15896684676409 0 30.14900674670935 83.75505401194096 0.6758696511387825 2.920880332589149 0 1.731314986944199 1.022963359951973 66.39191526919603 10.98117290437222 10.97715698927641 26.69765689969063 59.16359654814005 11.38535680621862 94.70257414132357 146.5926172360778 123.5288192778826 46.12153655290604 3.425341635942459 1.472132556140423 0 0.4160286635160446 0 0 0 0 0 0 0 0 0.2042194455862045 0 0.1247029602527618 0 0.8117267265915871 0.1232919171452522 0 3.197183713316917 3.413490690290928 0 0 0.3449028432369232 22.70813995599747 0.6860245019197464 10.12371349334717 3.303709074854851 1.57215690612793 0 0 0 0.3621796369552612 0.4271436929702759 0.2441902458667755 0 2.943827345967293 13.37301174551249 0.9318209886550903 0 0 0.2437960803508759 0 0.4596518725156784 0.3149920850992203 0 2.482891850173473 1.53979218006134 0.1348271816968918 0 0 31.10507687926292 0.3232840895652771 1.601312160491943 0.5671143159270287 0 0 0.09984119236469269 0 0 0 137.8763452395797 0.9488867372274399 0 0 0 12.1829224601388 0.4734701812267303 4.104683920741081 10.28178948163986 7.782178908586502 11.45043572038412 0.334728866815567 2.041477188467979 0.3311148211359978 0.1221643164753914 0 0 0.1186861991882324 0 0 0 79.40707358717918 15.0474477186799 29.62899760901928 922.4083033874631 69.70944734662771 488.4469495788217 130.1333069205284 355.2103381305933 49.33772088587284 9.920465849339962 223.5413691103458 44.87555804848671 1.059051178395748 30.74096443504095 0.8400957137346268 68.21593169867992 8.967741422355175 0 18.14338090270758 16.19354441016912 0.4995121210813522
0 7.555917926132679 14.12257977575064 0.8424263149499893 16.55487558245659 1.028246261179447 39.83732668310404 19.76837339252234 23.53525832295418 7.361068025231361 13.86275060474873 7.113868080079556 54.27481424063444 89.66852968931198 0 3111.606705196202 708.6721962913871 19.58434703946114 18.16432890295982 4.291831664741039 0.3226633816957474 0 1.010240212082863 0.6752124801278114 7.041453905403614 0.418195866048336 2.28564715385437 0.6639551967382431 0 0.5790807008743286 5.864856623113155 6.589679718017578 86.18685647845268 0.7231971621513367 0.3461098894476891 1.520834170281887 82.05669024586678 31.79743419587612 52.73868101835251 22.44221894443035 0.5353791266679764 0.363040454685688 5.013142041862011 465.3609441146255 195.0501422658563 291.7426446527243 354.017953120172 5.515461958944798 29.57571443915367 21.92260449379683 2.413199901580811 0 0.8297263085842133 0.4290123656392097 1.017302326858044 1.678901806473732 0.7990436777472496 2.093519449234009 1.067928224802017 85.97382136434317 110.996105261147 58.05300717800856 0.2693153023719788 3.037559539079666 0.8071449473500252 0.6465907171368599 0 1.470657028257847 8.815992377698421 4.522495217621326 25.74576310068369 3.575121365487576 0 24.28251348435879 7.167716205120087 641.7270274460316 85.86295261979103 92.7890487536788 5.776521734893322 151.3807039409876 24.32926096767187 256.0815147906542 7.750392504036427 0 1.761425711214542 0.2986773028969765 11.90256375819445 0 1.057079449295998 0 3.347685016691685 1.2807297706604 5.190393380820751 0.1486790776252747 0.1589610874652863 11.67329013347626 24.49210996925831 0 19.81564781814814 0.7504411041736603 0 0 0 0 0 1.142698593437672 0 0 0.5336069464683533 1.760125428438187 0.144072636961937 4.070623189210892 1.911684349179268 2.422904565930367 4.120217725634575 0.6045625880360603 0.1300804913043976 0 0 0 0 0 0 0.4223559200763702 0 0.2692344784736633 0 0 0 0.3816202878952026 0 1.085748195648193 0.5206167846918106 0 0 0.3842546343803406 0.2764825224876404 0 0.1696613878011703 6.555591955780983 0 4.854568421840668 2.305533103644848 1.527140475809574 0 0 0 0 0.1229825019836426 0 0 1.331444263458252 0.7808256894350052 0 0 0 0.5282918885350227 0.09981577843427658 0 0 0 0 0.2405020445585251 0 0 0 3.118256866931915 0 0 0 0 0 0 0 0 0 4.516033411026001 0.9497072398662567 0 0 0 0.8369342386722565 0.1287663877010345 0.2763802409172058 0.7437676340341568 0.7278025895357132 0.7914645075798035 0 0.173165425658226 0 0 0 0 0 0 0 0 1.530355080962181 0.611626073718071 5.50909174233675 91.76391077786684 19.78554684668779 381.4838513657451 43.18164341896772 10.8799155652523 8.053366884589195 0 51.29680506885052 4.674851149320602 0.441401332616806 0.9400949105620384 0.3059152364730835 3.749392718076706 0.442717120051384 0 2.146484851837158 4.305512696504593 0.4019343852996826
