0 7908.927636399865 1162.006979957223 1184.092699363828 2078.449217036366 283.6882979571819 1117.316253788769 206.0552951321006 248.5474904030561 2122.405913770199 248.0050270557404 370.7941351756454 1590.941250696778 102.2632759362459 2.534199558198452 1.734382696449757 0.5453286319971085 0.1395785361528397 0 0 0.8105527758598328 0 0.2581753805279732 0.1687130928039551 0.9139796271920204 0.1105127334594727 0.3859268575906754 0.1422533541917801 0 0.07748454809188843 582.7190027162433 1.955603539943695 1.49378352612257 0 0.2288628369569778 0.6699225679039955 7.279411122202873 0.9018446058034897 1.06933606415987 0.1099700257182121 0.8866533413529396 0.1294457465410233 0.5365929752588272 1.484470382332802 0 0.1325900852680206 16.99479085952044 2.073473297059536 0.2360831871628761 0 3.455698572099209 0 0 0.1137259006500244 1.136116735637188 6.057224579155445 591.1160933896899 877.9867902845144 168.0822335332632 27.90491723269224 0 0.6358836963772774 0.2301888689398766 6.567949205636978 3.589923210442066 3.806607119739056 3.120689034461975 2.574234656989574 1.075158908963203 1.414620012044907 179.369760453701 7.889090955257416 0 261.0557313933969 17.86529585719109 9.642698921263218 9.600945934653282 3.492989294230938 2.280460774898529 20.49051762372255 0.2237123474478722 0.508589081466198 14.62141072750092 0.3003768995404243 1.830376893281937 2.168585427105427 0.6758152842521667 0.5221965610980988 2.022718921303749 0.5463690981268883 1.007165506482124 0 1.799357302486897 0.7756378799676895 0.2291963174939156 137.3927010819316 12.57324543595314 0.1179362013936043 1.470929235219955 1484.473181940615 0.3317024409770966 0.1337621212005615 1.24493220448494 0 6.135987244546413 3.727713465690613 0.3608356714248657 6.649945475161076 8.897548854351044 0 1.158949874341488 11.43152796477079 2.343801654875278 2.162304081022739 0.8250938579440117 0.4113771244883537 0.5275031700730324 0 0 0 0 0 0 0 0 0 0 0 0 0 0 0 0 0 1.920177698135376 0.73892942070961 0 0 0 0.5433434247970581 0 1.288046211004257 0.1256724447011948 0 0 0 0 0 0 0.3219815194606781 0 0.1751105785369873 2.907815232872963 0.2456440329551697 0 0 0 0 0 0 0 0.8369110226631165 0 0 0 0 2.800144180655479 0.387077122926712 0 0 0 0 0.09271525591611862 0.07690978795289993 0 0 2.021408632397652 3.107197701931 0 0 0 0.6716902554035187 0 0 0 0.251660443842411 0.9658752605319023 0 0.8982437402009964 0.1939522176980972 0 0 0.1370363831520081 0 0 0 0 3.945549309253693 0.1381384581327438 0 28.78212238848209 4.739859126508236 50.67606378346682 7.214562870562077 1163.098019577563 16.96570523828268 0.5199882090091705 10.2385747730732 3.975674018263817 0.4265510588884354 3.054871819913387 0.2433049976825714 6.39467329531908 0.4639420807361603 0 2.21031691133976 0.1394098699092865 0
7908.927636399865 0 1662.431388035417 1650.429977595806 3889.518468141556 704.1096529811621 3468.574080429971 844.5762393772602 1646.839725151658 1193.380776785314 977.207641467452 29.28411072492599 1946.440330542624 365.7958195134997 12.27485207468271 5.731127724051476 1.933572828769684 0.5377321094274521 0.2266404032707214 0.2605458945035934 0.8083734437823296 0.1448431313037872 0.5031963586807251 0.3206431120634079 1.698864877223969 0.9858154058456421 1.244303874671459 0.08643461763858795 0.3070181012153625 0 2307.360424809158 8.878174223005772 2.860869131982327 0.2865289598703384 0.5095908269286156 2.078273892402649 15.11202245205641 1.278591766953468 2.044015347957611 0.7563239261507988 2.907232277095318 0.5050410032272339 0.7556259632110596 4.115291453897953 0.2940030694007874 0.7012280970811844 135.0888022482395 17.89929908514023 3.009536311030388 0.2045863792300224 15.11773011088371 1.07151035964489 0 0.5069710984826088 11.0069519802928 27.56309726834297 371.5517090782523 1357.364669337869 266.02357981354 125.6658337190747 0.3746545761823654 0.8538781851530075 2.317675985395908 75.05784905701876 20.20898871868849 21.41369470208883 19.66399575769901 15.68026108294725 3.695454306900501 6.580379828810692 51.77402885258198 42.28000155836344 0.08789097517728806 585.2282716557384 136.0207237750292 88.7819471731782 92.0856541916728 16.3307925760746 6.968853764235973 106.2403748631477 4.329130314290524 7.231850139796734 73.3409932628274 2.517963916063309 12.4199885353446 16.5794365555048 4.311147823929787 2.150841981172562 15.55938789248466 3.638677418231964 5.059234425425529 3.422065176069736 5.615546390414238 4.368590496480465 2.993087857961655 294.1912398338318 25.12656205147505 0 3.928925655782223 1290.683833524585 3.025263234972954 0.3337376117706299 2.759072169661522 0.786619246006012 17.85929108411074 23.10020852088928 1.296017900109291 28.67707044631243 26.90964516997337 4.122385576367378 6.843594819307327 49.11142411082983 12.98290377110243 9.998009786009789 6.017025426030159 3.255280315876007 1.670305386185646 0 0.4517666101455688 0 0 0 0 0 0 0 0 0 0 0 0 0 0 0 11.07847771048546 2.861479595303535 0 0 0 0.3387754559516907 0 2.890307277441025 0.2866542041301727 0 0.3289002478122711 0 0.1168133318424225 0 0.7422396093606949 0.2695948332548141 0 0.9124404788017273 7.757530599832535 0.5750030055642128 0 0 0 0.1563876569271088 0 0.3809511959552765 0.08328098058700562 2.733316615223885 0 0 0.9304371923208237 0.3488490283489227 5.89864245057106 1.463098019361496 1.941318593919277 0.9888852089643478 0.6607093960046768 0.53402990847826 0.20567736774683 0.09524642676115036 0.4774341583251953 0.1146822273731232 7.164576455950737 1.628331929445267 0 0.206380195915699 0.2726285606622696 1.947319976985455 0.676202118396759 2.527655869722366 2.791622638702393 1.46416075527668 5.047943010926247 1.624969661235809 2.09156334400177 0.1769498288631439 0.3412047252058983 0 0.09711698442697525 0.8828128278255463 0.3620088025927544 0 0.1166429296135902 5.780257657170296 5.912404000759125 0.4226529598236084 212.4412964358926 35.45135200768709 363.1480411961675 35.6440507620573 1361.891482941806 111.5881477668881 2.481970518827438 61.08204903453588 26.79093933850527 2.729198299348354 25.52878814190626 0.6127043217420578 9.535337328910828 2.101009547710419 0 9.705910921096802 1.961386144161224 0.331689864397049
1162.006979957223 1662.431388035417 0 1.398954398930073 369.3884169235826 48.21624574065208 142.7732378318906 1724.057568721473 502.7896174043417 55.41301762312651 1927.313888080418 16.0625546425581 240.1977396532893 314.3373605012894 63.84045393764973 56.31447547674179 17.09537272900343 13.66952814161777 0.8163225278258324 28.90371189266443 85.7333030924201 1.254016287624836 34.29496750980616 4.834637001156807 25.35882834345102 18.6955006942153 11.23027400672436 3.855798304080963 1.132053919136524 0.3384388089179993 7422.468608595431 480.7895617708564 40.58645439893007 24.1785302311182 64.76035649329424 65.72936204075813 56.23599819093943 22.08369216322899 6.042030103504658 8.646976463496685 51.07084288448095 11.54686268419027 137.262940235436 42.83391630649567 10.81464868038893 59.22439883649349 197.1061541810632 20.43178477138281 9.545818664133549 46.75832047313452 125.2819206565619 4.322447404265404 0.2459839507937431 8.321058116853237 8.039617612957954 27.08756878972054 197.1728402599692 1490.4621610865 162.064297683537 134.8397086039186 211.5463987514377 28.8706571534276 130.6275844797492 414.3372714817524 19.39440783858299 48.43880217522383 101.9855592772365 406.6162545159459 379.3019259274006 269.7745290994644 148.9179527983069 153.2493281811476 0.09853031486272812 561.7735029384494 327.4160921350121 164.1505962237716 240.3009545654058 114.0965365320444 594.1927047818899 1446.119435742497 752.0529064536095 994.1770044416189 64.94985061138868 2.878089420497417 15.2094058021903 19.34005873650312 72.56599670648575 1.458072170615196 16.38389827311039 5.224156036973 13.62845183163881 8.873817913234234 187.3990415632725 27.61608839035034 18.46769585460424 150.750228561461 105.6289410963655 2.345348507165909 18.03430674225092 320.6122237592936 1.927918054163456 0 4.23992595076561 0.4907872080802917 55.29369981586933 46.81511981040239 1.402662694454193 57.44350966066122 3.659714192152023 4.325494199991226 24.07946303486824 72.7514805495739 20.14081182330847 21.09978677332401 19.32536700367928 16.05834490060806 10.81848466396332 0.6956802904605865 1.070446483790874 0 0 0.1398646086454391 0.1815195530653 0.1337086409330368 0 0.5840027928352356 0 0.2171650230884552 0 0.2567889615893364 0 0 0 0 27.9486765563488 9.070002362132072 0 0 0 1.745176494121552 0 17.54723083972931 12.50959200412035 1.13234880566597 0.3033276498317719 0.1660447716712952 1.009538449347019 0.9543279260396957 5.252604842185974 1.625272423028946 0.5597937107086182 8.953310087323189 42.51182884722948 1.517813138663769 1.453624397516251 1.434336327016354 0.601404070854187 1.048752471804619 0.5982979238033295 1.369397014379501 0.4931516200304031 4.456819266080856 1.000568859279156 0.2123428285121918 3.664945349097252 1.345068298280239 24.06205286085606 2.812981560826302 0.6686904728412628 5.108860492706299 1.055723704397678 1.551150046288967 0.8133649379014969 0.3782028183341026 0.6124448329210281 0.806195542216301 16.50885133445263 21.07289332151413 0 0.3825856447219849 1.301513634622097 14.94582909345627 3.711083233356476 4.272810488939285 6.861108668148518 1.318975701928139 15.93416837602854 3.896863862872124 6.08037032186985 1.06878300756216 0.2727054730057716 0.2007662057876587 0.5614830181002617 1.557500801980495 0.4969913959503174 0 0 19.31215088069439 10.53735932707787 6.21877047419548 239.259924121201 52.11518205702305 423.3727220371366 65.71215626597404 282.0529090464115 107.83833129704 5.122295655310154 77.85938763618469 76.9271072819829 8.947669953107834 78.85881975293159 7.485525868833065 25.07919415831566 10.4395567253232 1.676988452672958 55.33248995989561 5.886477023363113 1.404094278812408
1184.092699363828 1650.429977595806 1.398954398930073 0 46.31880804896355 218.2293186187744 454.7905361205339 0.4056257456541061 10.75764948129654 1209.657085061073 0.1605373024940491 411.6628920435905 1336.882487505674 21.2898818552494 0.1245784610509872 0 0 0.1449452340602875 0 0 0.1874304562807083 0 0 0 0 0 0 0 0 0 5.760695442557335 0.2240621447563171 0 0 0 0 0.9376482143998146 0 0 0.1364497393369675 0 0 0.1738915592432022 0.09782203286886215 0 0 2.789939500391483 0.1212867721915245 0 0 0 0 0 0 0.1188076734542847 0.7384705021977425 9.850848533213139 16.62087887525558 7.602896586060524 2.986996181309223 0 0 0 0.9526298493146896 0.487144835293293 0.7067186459898949 0.2584047913551331 0 0 0 172.2670853585005 0.9896561354398727 0 14.44467952847481 3.095045581459999 1.71739836037159 1.39868751168251 0.3396681696176529 0 0.1454689353704453 0 0 1.40886053442955 0 0.3483300805091858 0.2059082612395287 0 0 0.3385065272450447 0 0.1219128519296646 0.1048155128955841 0 0 0 78.79964397102594 0.5550830364227295 0 0.3483313024044037 32.44981106370687 0 0 0 0 2.544641852378845 1.797819972038269 0.281008392572403 2.062997370958328 7.90984483063221 1.452441558241844 0.7334024012088776 2.178492456674576 1.671989291906357 1.042588114738464 0.1808169335126877 0 0 0 0 0 0 0 0 0 0 0 0 0 0 0 0 0 0 0 0.397354930639267 0.1635721772909164 0 0 0 0 0 0 0 0 0 0 0 0 0 0 0 0.1838877499103546 0 0 0 0 0 0 0 0.3837073147296906 0 0 0 0 0 0 0.405271589756012 0 0 0.1240379735827446 0 0 0 0 0 0 0.3166088759899139 0 0 0 0 0 0 0 0 0 0.1323874741792679 0 0.4536857903003693 0.1130103766918182 0 0 0 0 0 0 0 1.327797040343285 0 0 7.290449559688568 0.6804639846086502 9.455739513039589 0.4987533092498779 93.80558150261641 3.184061333537102 0 2.158052086830139 0.2397222369909286 0.1660439819097519 0.6268573403358459 0.188492938876152 0 0 0 1.562067419290543 0 0
2078.449217036366 3889.518468141556 369.3884169235826 46.31880804896355 0 160.1852713674307 3032.643235325813 368.6509260162711 6396.804750807583 409.7472408413887 1418.490980520844 30.92859445512295 983.7212382480502 858.0586127266288 20.45886071771383 3.399459660053253 1.556011095643044 0.2320534363389015 0.2299494594335556 0.298064760863781 0.1408389210700989 0 0.4821555018424988 0.2617459297180176 0.2135248482227325 0.2574968934059143 0.1520222276449203 0.8955262526869774 0.4571399316191673 0.5166620165109634 374.049621924758 6.032394737005234 3.746968299150467 0.1482808887958527 0.2992028743028641 0.3177735954523087 13.11644390970469 0.5610483065247536 3.178121872246265 0 0.5170221850275993 0.6299469321966171 0.2409821748733521 3.183817729353905 0.2418415918946266 0.3632177114486694 155.6035704910755 14.51488782465458 1.636207357048988 0.3840370699763298 9.26190085709095 0.7693066149950027 0 0.6614388301968575 5.643665857613087 19.34377536922693 73.92916402965784 279.8422708511353 80.30516939610243 85.23073626309633 0.281357616186142 0.9239227101206779 0.1215717643499374 77.12882927805185 14.0337355658412 16.9294112175703 14.62040175497532 9.566788293421268 1.134129583835602 2.558611668646336 53.9909388050437 48.30162382125854 0.6356770545244217 217.4804491624236 108.402615390718 105.7407110705972 122.0544963628054 14.96797049790621 1.282398290932178 11.28240479528904 2.180029600858688 3.962084233760834 47.8979961797595 1.546200834214687 9.996649779379368 11.59869988262653 2.824665106832981 1.858543761074543 11.87166787683964 3.318846814334393 4.579425550997257 2.135205686092377 2.08200841397047 3.3324319049716 1.706473253667355 250.5044542700052 26.58648353070021 0 4.116428509354591 132.4040580391884 2.905308872461319 0.5722708702087402 4.769858121871948 0.6672962158918381 33.7419862896204 45.43793940544128 2.691574171185493 49.35161914676428 6.612654626369476 5.310688003897667 12.42870351672173 88.04986592382193 17.09475687146187 19.04093234241009 9.706473425030708 5.79460646212101 2.644212454557419 0 0 0 0 0 0 0 0 1.057389736175537 0 0 0 0 0 0 0 0 24.77590143680573 5.722290471196175 0 0 0 0.5587432384490967 0 4.274389892816544 1.399029105901718 0 0 0 0 0 0.2437321245670319 0.9007395505905151 0 3.88705237954855 10.48116078227758 0.2059874832630157 0.9395747184753418 0 0 0 0 0.4977336376905441 0 2.541179224848747 2.421431064605713 0.6859280467033386 0 0 11.18053656816483 1.256089523434639 1.377572424709797 1.024237863719463 0.2041262313723564 1.072839103639126 0.1030908972024918 0.2043760865926743 0.1250446438789368 0.1050970703363419 11.27504786849022 5.036777645349503 0 0.2330602332949638 0.4527759552001953 4.560404404997826 1.461819514632225 5.283967867493629 2.633245825767517 0.6662159040570259 11.94953829795122 1.822076678276062 6.48472261428833 0.7765743508934975 0 0 0.1811510249972343 0.2765159010887146 0.5489950329065323 0.429292231798172 0.1115471795201302 16.2742332816124 4.416219845414162 3.968009814620018 251.2558181509376 41.97338843345642 392.0680467039347 54.21692615747452 474.2758770808578 125.688608713448 1.690038248896599 84.93654910475016 33.15522472560406 5.170375376939774 37.09656841307878 2.770168416202068 20.46125710010529 5.879622980952263 0.3604133576154709 17.74217048287392 1.653601668775082 0
283.6882979571819 704.1096529811621 48.21624574065208 218.2293186187744 160.1852713674307 0 407.8301324099302 10.02132581174374 68.03473715484142 919.5693220570683 16.66570934653282 392.6946574822068 623.0437279492617 52.66003903746605 0.3523162379860878 0 0 0 0 0 0 0 0 0 0 0 0 0 0 0 12.3072319701314 0.1173616871237755 3.703060805797577 0 0 0 5.903888642787933 0 0.4148010164499283 0 0 0 0 0 0 0 2.425525434315205 0.1329917311668396 0 0 0.1436542123556137 0.3672153949737549 0 0 0 0.3917089849710464 167.0312018990517 14.18677235394716 9.673148088157177 1.821901962161064 0 3.009901612997055 0 0.3922010436654091 0.2727257758378983 0.5653437525033951 0.3375667929649353 0.1160181909799576 0.1242381036281586 0.3049408346414566 146.238373041153 20.63270556926727 1.181246787309647 7.920946948230267 1.387196518480778 1.021693199872971 0.5620000883936882 0.5097919851541519 0.2830595821142197 11.05775740742683 0.1971493065357208 8.429974019527435 0.5209377482533455 0.07667717337608337 0 0.3818299099802971 0.1046266034245491 1.018891245126724 0.1777901202440262 1.420833498239517 0.1171503886580467 0.5158817768096924 0.2584989666938782 0 0.1860346496105194 572.2142087817192 171.8544762581587 2.031566500663757 1.806222587823868 894.1560161113739 0 0 0.1147751659154892 0 0.7731880098581314 1.805055230855942 0 2.200020506978035 1.182823792099953 0.1569549888372421 0.304067850112915 4.46026948839426 0.6211548149585724 0.758995309472084 0 0.2242986410856247 0 0 0 0 0 0 0 0 0 0 0 0 0 0 0 0 0 0 0.5600973814725876 0 0 0 0 0 0 0.4083773195743561 0 0 0 0 0 0 0 0 0 0 0.6577211692929268 0 0 0 0 0 0.2457755953073502 0 0 0 0 0 0 0 0 0 0 0.238218292593956 0 0 0 0 0 0 0.1408899426460266 0 0 0 0 0 0 0 0 0 0.1336445063352585 0 0.2312470823526382 0 0 0 0 0 0 0 0 1.889818638563156 0 0 7.110541261732578 0.9557581394910812 4.386500410735607 1.236983366310596 250.261553183198 1.304783433675766 0 1.96631683409214 0.5891926884651184 0 0.7245859950780869 0.4012978672981262 0.1376037150621414 0.3144194185733795 0 0.895755797624588 0 0
1117.316253788769 3468.574080429971 142.7732378318906 454.7905361205339 3032.643235325813 407.8301324099302 0 30.79965312033892 4723.253792002797 2259.997742913663 310.6443851590157 280.3608595579863 4150.323905363679 911.6088715642691 23.09594271332026 3.026389501988888 1.760424219071865 0.5364952906966209 0.8565013706684113 0 0.1711389571428299 0 0.3005744367837906 0.2561990171670914 0 0.7288598194718361 0.3272846639156342 0.4544724747538567 0.2878805994987488 0.1000620350241661 133.6934506818652 7.861230827867985 1.657085359096527 0 0.2111796736717224 0 7.312596179544926 0 0.6719647720456123 0 0 0.09358866512775421 0.1734951138496399 2.581538408994675 0 0.1002999395132065 158.3728881105781 11.54977116733789 2.199297279119492 0.253226637840271 7.854798577725887 0.8433419093489647 0 0.6288467049598694 4.828916467726231 16.91751403361559 66.39884410053492 177.7038483247161 52.63372197002172 75.4939626455307 0.2173788771033287 1.305653065443039 0.1527886837720871 53.47207748889923 12.26480162143707 16.82681844383478 12.80934739112854 8.108140408992767 0.8755380287766457 0.9363907501101494 66.99924193322659 97.01639558374882 0 148.9719559028745 79.14516692608595 97.88039685040712 120.12952709198 19.32590571790934 0.464538648724556 6.467782281339169 0.9433043301105499 4.508438996970654 38.21537635475397 1.850604295730591 8.173098102211952 9.822118386626244 2.495074056088924 1.099628761410713 9.321926087141037 2.828265160322189 3.065116435289383 2.81171927601099 0.5212449878454208 2.483085103332996 3.550416111946106 859.1591884940863 46.25803253799677 0.2859880328178406 4.082713387906551 131.5616285577416 6.432760506868362 0.1436150521039963 12.50476934015751 0 80.2846709638834 123.5538764744997 4.533402934670448 152.318663738668 20.66877956688404 18.64921678602695 28.30899007618427 257.4740409404039 57.6208186596632 43.99049820005894 9.419755950570107 11.61814629286528 5.716841876506805 0.2379293888807297 1.224342346191406 0 0 0.1857101023197174 0 0 0 0 0 0 0 0 0 0 0 0.2155317366123199 57.66811779141426 10.23690094053745 0 0 0.7168792486190796 2.026581510901451 0 8.313010737299919 4.390618711709976 0 0 0 0 0.3427183926105499 1.492274954915047 1.034448906779289 0 12.89431056380272 36.18125505745411 2.318773575127125 1.105570912361145 0 0.3333329260349274 0 0 1.009269826114178 0.2137279212474823 8.477305747568607 3.36255057156086 0 0.7961471602320671 0 25.14611841738224 4.617578521370888 4.103382833302021 3.859500981867313 0.5345783978700638 0.3290164992213249 0.1182553023099899 0.4515178650617599 0.1462707072496414 0 27.27395930886269 5.998694002628326 0 0.1080222725868225 0 8.815511226654053 3.024192482233047 1.615308225154877 9.07099511474371 3.039940893650055 26.66454225033522 7.181325495243073 10.22777900099754 1.201723836362362 0.5163356214761734 0.6627612411975861 0 0.5136615633964539 0.2047386169433594 0.4171521589159966 0.1831700652837753 57.62851241230965 4.61356545984745 3.884195119142532 276.4869623854756 44.65921723097563 397.5581007748842 72.54624550789595 599.7769535034895 138.6541598364711 4.103207923471928 99.27069131284952 83.04287093877792 7.71179236471653 76.10812523216009 3.860095582902431 26.8893469274044 8.60519015789032 0 42.53108407557011 3.001118503510952 0.5215292572975159
206.0552951321006 844.5762393772602 1724.057568721473 0.4056257456541061 368.6509260162711 10.02132581174374 30.79965312033892 0 208.0195516422391 7.614764586091042 2551.957687593997 9.198781415820122 121.7518939226866 244.0637601613998 77.72830785810947 66.84351819753647 16.17497585713863 8.415543809533119 1.001052416861057 19.81888978928328 89.70155434310436 1.12872226536274 32.51180535554886 6.409843996167183 51.99307867139578 36.4384234175086 24.11576107144356 5.504171058535576 0.4883110746741295 0.8431413620710373 428.6995134204626 906.0963493809104 49.36540818214417 18.48765401542187 69.78304158896208 119.2790417000651 76.86531180143356 68.48157691210508 13.18745393306017 18.9249866604805 84.90732102841139 13.16543580591679 82.50104347616434 53.05821641534567 6.449484631419182 47.70417360961437 210.4404197633266 7.734676584601402 4.549068473279476 23.10987792164087 95.24786984920502 1.434065602719784 0.1316318064928055 7.482011161744595 2.841755017638206 7.780610524117947 17.31983159482479 88.89268255233765 17.28811246156693 45.68013685196638 164.411364659667 89.30769415944815 152.7197650521994 204.2214345410466 5.577701918780804 21.02047094702721 58.24226959049702 211.7445268109441 207.8081065639853 294.0768253132701 94.6002529412508 101.5821375623345 0.4616164565086365 58.2766110226512 71.15871552377939 122.4555730223656 336.8865806236863 278.8366666585207 1499.24819868803 3740.060208357871 715.9649949297309 2252.801663689315 13.75014854967594 0.4815288111567497 6.142939768731594 4.816571250557899 34.9088241532445 0.7629905194044113 7.842366941273212 1.28168673813343 5.813389793038368 4.923638746142387 232.1150265559554 33.18281865119934 11.25796239823103 87.64565336704254 75.48233836144209 0.582602247595787 10.31556590646505 28.78228708356619 2.793684214353561 0.3717015087604523 2.080710977315903 0.2011960446834564 25.3632770627737 27.46786297857761 2.084883511066437 30.53898938000202 1.217950701713562 1.689811825752258 10.90423464030027 45.52551765739918 9.79155321419239 9.878908082842827 12.17382191121578 7.707775466144085 3.045607082545757 0.5137904435396194 0.5269581228494644 0.1862680315971375 0 0.5698597878217697 0.1907705366611481 0.2011549323797226 0.3904571384191513 1.146754994988441 0 0 0 0 0.2184913456439972 0 1.042172998189926 0 24.78943400084972 3.855549648404121 0 0 0.6101241111755371 3.562805831432343 0.4813982546329498 8.047346219420433 7.051941618323326 0.9636513441801071 1.415706560015678 0.1586499214172363 0.2752322256565094 0.8286646902561188 1.50030928850174 0.359646737575531 0 8.263019539415836 17.41987109184265 0.8301149383187294 0.7251075208187103 0.6970269605517387 0.3267304301261902 2.272823601961136 0.2537082433700562 1.092877939343452 0.3775475174188614 3.898824736475945 1.62170036137104 0 0.8236785233020782 0 15.33583863079548 2.16528607159853 1.38704015314579 2.038962639868259 0.9415225014090538 0.2683226242661476 0.226866714656353 0.7460573241114616 0.2862830758094788 1.72513772547245 6.274552166461945 8.904570050537586 0 0 0.9266701564192772 8.61156202852726 3.335821814835072 3.90538102388382 4.402430854737759 2.169677808880806 11.23917944729328 2.683116294443607 5.049623131752014 0.436075434088707 0.3574641197919846 0 0 1.027131363749504 0.1803425997495651 0.2447075396776199 0.2648019343614578 8.003968253731728 9.081957846879959 3.711563467979431 213.9778930917382 30.34544371068478 366.2399003356695 73.97252064198256 73.47932080179453 66.86916151642799 2.460909999907017 82.75080864131451 63.02622435986996 5.974916353821754 42.96361030638218 1.803449459373951 9.986747905611992 10.62339860200882 0.1318807303905487 20.88401714712381 5.596980735659599 1.511001616716385
248.5474904030561 1646.839725151658 502.7896174043417 10.75764948129654 6396.804750807583 68.03473715484142 4723.253792002797 208.0195516422391 0 222.518879711628 2989.289168849587 67.05469736456871 2389.153792954981 2863.788562573493 49.33511710166931 14.62666103243828 3.382616572082043 0.3971371874213219 0.1039911657571793 0.2534798681735992 2.401561863720417 0.2938086092472076 1.200854957103729 0.5761265903711319 2.455311648547649 2.38220290094614 0.2615205645561218 0.7751165255904198 0.232143834233284 0.2774495556950569 158.1628859266639 17.58915486931801 143.6316091492772 0.4012880399823189 1.073378510773182 1.801116906106472 135.1819129213691 2.251956701278687 10.10829781740904 1.400358408689499 4.627056375145912 0.6788472980260849 1.400069586932659 8.420322760939598 0.1011791750788689 0.7700017839670181 226.4690013229847 8.545281447470188 1.300951443612576 0.743047684431076 14.33368818461895 1.360583648085594 0.5184820145368576 0.7326060011982918 3.84399650990963 12.45185706019402 35.03757443279028 110.4341226294637 40.85181462019682 53.78334492444992 1.010288581252098 2.057113401591778 1.568848587572575 68.52544652670622 9.19869988411665 11.19269330054522 10.12106490880251 13.12931480258703 3.77832805365324 9.622725538909435 153.0107272416353 79.41794256865978 0.3193713873624802 92.31476781517267 60.0289858430624 104.8682512417436 159.4140111133456 59.94065266102552 1.683482177555561 107.7420685142279 2.842362128198147 3.802896574139595 24.20970013737679 1.259897775948048 5.777386717498302 6.398394353687763 2.743170335888863 1.180402085185051 6.965759098529816 1.261627241969109 3.264360956847668 2.776253961026669 6.813593246042728 5.441173873841763 3.686606429517269 393.7832721397281 47.14967194199562 0.4210860133171082 7.93481083214283 44.53566714376211 3.578180104494095 0.4145823419094086 7.110833674669266 0.7606390416622162 47.52428930997849 79.11371702700853 4.223486378788948 91.73843476176262 7.977430820465088 11.7616595774889 16.89564278721809 146.8710164278746 34.24781420826912 28.48938100785017 16.02554722130299 9.962961241602898 4.607041776180267 0.4825455546379089 1.009656399488449 0 0 0 0 0 0 0.1775936037302017 0 0.3629428297281265 0 0 0 0 0.1229254156351089 0 43.08628778159618 8.298178367316723 0 0 0 3.408853486180305 0.9282670766115189 7.881387904286385 3.022341042757034 0.1865794211626053 0.2010055035352707 0.1319446861743927 0.3644077107310295 0.3183111846446991 1.572030588984489 0.86569444835186 0 8.127611361443996 25.5221479460597 1.522776566445827 0.4088315218687057 0 0 0.3608191907405853 0.3352512717247009 1.90661745518446 0.1883527562022209 4.663691446185112 2.941841833293438 0.4560664594173431 0.5379711538553238 0.1670857965946198 16.6039451956749 3.599982038140297 1.289272032678127 2.913321994245052 0.6208450272679329 0.1690666601061821 0.1982997581362724 0.4267370402812958 0 0.39019675552845 16.34391237795353 7.517004683613777 0 0.1860114187002182 0.1405527740716934 6.125391557812691 0.7579301372170448 3.250725090503693 6.207066781818867 2.359508469700813 16.36573635786772 5.082962349057198 10.08457785844803 0.9647283479571342 0.7048512548208237 0.1413553506135941 0.1066750809550285 0.2289644330739975 0.1794671565294266 0 0 29.04113800823689 5.923507764935493 2.798704847693443 362.5853059738874 40.16495597362518 470.8782262280583 91.74007774144411 279.2966988831758 135.0446296483278 3.785110525786877 142.1031556278467 57.18805027008057 3.38417512178421 58.66353579610586 3.575104601681232 15.41973271965981 8.563552856445312 0.8866692781448364 34.48104270547628 4.847735695540905 1.094124898314476
2122.405913770199 1193.380776785314 55.41301762312651 1209.657085061073 409.7472408413887 919.5693220570683 2259.997742913663 7.614764586091042 222.518879711628 0 17.95007188618183 3073.053760573268 7484.200482554734 132.7261322885752 1.053187325596809 0.6857987493276596 0.1950610429048538 0 0 0 0 0 0 0 0 0 0 0 0 0 8.257669240236282 0.7601813524961472 2.500635519623756 0 0 0 18.98841859400272 0 1.302107945084572 0 0.4004404544830322 0.1396150588989258 0.1148821413516998 1.115776374936104 0 0 10.78535071015358 0.8537064716219902 0.1203417107462883 0 0.6514064148068428 0 0 0 0.8170224577188492 1.10125782340765 23.40854226052761 21.99423590302467 10.67898754775524 4.500892959535122 0 0 0 3.051898404955864 1.098526917397976 0.8088763281702995 0.9128947705030441 0.9155780076980591 0.105371817946434 0.3043089210987091 2077.448035761714 21.95738761126995 0.4058657288551331 16.25646240264177 4.119676649570465 3.785315863788128 5.676580771803856 2.99655681848526 0 1.029674559831619 0.1434164792299271 0.5688239932060242 1.068568773567677 0.4034613594412804 0.6375608369708061 1.19031897187233 0 0 0.2902920618653297 0 0 0 0 0.6467766463756561 0.1112695261836052 848.3715362846851 17.4298007786274 0 4.179241344332695 237.1186441928148 3.66432174295187 0 8.144871115684509 0.2855480015277863 34.99592278897762 96.04841390252113 7.620863348245621 101.7781285196543 9.934314176440239 13.8110328912735 8.942615680396557 147.5263853445649 33.71485474705696 23.090017773211 4.473048478364944 2.837537690997124 2.685187689960003 0.2185174077749252 0.1256479918956757 0 0 0 0 0 0 0 0 0 0 0 0 0 0 0 23.71509400755167 2.96437755972147 0 0 0.1309742629528046 0.4378257542848587 0 2.131721630692482 1.394229456782341 0 0 0 0 0 0.3480448722839355 0.7183139622211456 0 4.350856713950634 8.507193572819233 0.4998762309551239 0 0 0 0.1815934628248215 0.224939689040184 0.4294677153229713 0.1979482620954514 1.272980719804764 1.968030706048012 0.9974179863929749 0 0 3.580884844064713 1.618232235312462 0.9731698930263519 1.572856768965721 0.6466603055596352 0.2633030191063881 0 0.1653864532709122 0 0 9.869533538818359 0.5788146257400513 0.2873027920722961 0 0 1.452254101634026 0.5016479045152664 0.2111054807901382 2.194084882736206 1.980141490697861 6.776257261633873 2.921993255615234 2.157690770924091 0.7784098237752914 0 0.1051915287971497 0 0.2138457298278809 0 0 0 34.20747301727533 0.3207562267780304 0 35.72754134982824 1.362756982445717 28.96148500591516 5.08525687456131 483.2558909282088 6.403447903692722 4.522152498364449 11.77340518683195 19.70344108343124 0 23.75206021219492 0.800959587097168 4.53623503446579 4.447421789169312 0 17.9885385632515 0.1536597460508347 0
248.0050270557404 977.207641467452 1927.313888080418 0.1605373024940491 1418.490980520844 16.66570934653282 310.6443851590157 2551.957687593997 2989.289168849587 17.95007188618183 0 33.34331514686346 759.919411920011 3397.388005048037 99.28818641602993 75.05376470088959 22.27087171375751 2.744211092591286 0.3612895831465721 5.007679782807827 22.80776381492615 1.71198770403862 15.34754740446806 3.221363075077534 37.86969946324825 27.98372162878513 18.36241615563631 3.321957893669605 1.582447171211243 1.233828447759151 359.7426616102457 63.17036715894938 468.1307660490274 2.221366040408611 21.89815650880337 60.19279038906097 686.0195073634386 67.51248721778393 72.03340692073107 25.17930253595114 80.37683323770761 13.63395720720291 11.29600204527378 49.98466125130653 0.8983553051948547 6.062208615243435 245.4769692867994 6.638906419277191 2.380303539335728 1.875928334891796 88.40832294523716 3.408605612814426 0.8607987314462662 1.550465695559978 3.703370653092861 13.51127438992262 26.85955579578876 109.0583942979574 24.33217049390078 45.57895961403847 7.028309673070908 81.45851846784353 31.86840552091599 96.22755916416645 7.327757149934769 11.87143632769585 28.91459531337023 70.5862238034606 40.47018161416054 143.7014426961541 408.7671548649669 98.92121309041977 1.367923721671104 88.29072280973196 64.87185142189264 125.8710252195597 212.1958644688129 160.7222494781017 173.4362344816327 1807.939109802246 12.58727924525738 366.2559041902423 20.28590822219849 1.580709531903267 3.667120672762394 5.238162219524384 3.498924277722836 1.03979504853487 9.024860858917236 1.898702673614025 5.870423726737499 2.126402162015438 111.5333141759038 34.75033760070801 4.447898514568806 230.3399129360914 84.38126351684332 2.450642295181751 47.19732959568501 45.47712832689285 1.830075658857822 0 2.665392987430096 0 21.1560672968626 30.35494139045477 0.4734332263469696 33.0766943693161 3.942975834012032 1.530712693929672 10.25187082588673 52.6804376244545 12.0299134850502 16.69486810266972 11.23797854036093 8.224938429892063 3.599366888403893 0.3975567892193794 0.6150254160165787 0.1257016807794571 0 1.088217675685883 0 0 0.4974694550037384 2.889807499945164 0 0.611492320895195 0.4278003126382828 0.6331814229488373 0.7852572798728943 0.1225293204188347 0.6334767788648605 0 17.19245668500662 4.133589126169682 0 0 0.2867385149002075 1.596773840487003 1.54845218360424 8.528981402516365 6.411671817302704 1.738151580095291 1.284169375896454 0.4827393442392349 0.1217684298753738 0.428992785513401 2.912690453231335 0.4338370710611343 0 5.02516670525074 16.1270725056529 1.22795481979847 0.8233395963907242 0.7380348891019821 0.4945413768291473 3.027565017342567 0.1240931004285812 1.652221105992794 0.5574027672410011 2.098721414804459 0.4296191334724426 0 0.995797336101532 0.5034622848033905 15.58109740912914 0.9431383460760117 2.26742097735405 2.002419695258141 0.0939759686589241 1.68902063369751 0.1568456590175629 0.4739860594272614 0 0.4441650956869125 9.446805328130722 11.12656392157078 0 0.1139030680060387 0.5479627326130867 7.676079243421555 1.840622417628765 4.114417895674706 2.331179678440094 1.095972828567028 10.48577108979225 1.6929881721735 8.712636157870293 1.306904956698418 0.3354433476924896 0.1005892604589462 0 0.2060922980308533 0.2405509054660797 0.2066153883934021 0.588700532913208 8.774220377206802 3.520882546901703 2.707408010959625 394.928782582283 46.61752816289663 470.2333368510008 115.6894099339843 144.7165155187249 109.282107077539 2.92705337703228 159.5353610441089 59.91962394863367 5.547097526490688 41.49979087710381 3.647731237113476 7.434954196214676 6.496861696243286 0 23.80977676063776 6.460338927805424 0.7146027982234955
370.7941351756454 29.28411072492599 16.0625546425581 411.6628920435905 30.92859445512295 392.6946574822068 280.3608595579863 9.198781415820122 67.05469736456871 3073.053760573268 33.34331514686346 0 2065.554522112012 92.52419199794531 6.88158942013979 7.298667803406715 2.072642266750336 0 0 0 0 0 0.2108995765447617 0 1.726536691188812 0.8750991374254227 0.3694541752338409 0.116625539958477 0 0 6.779885187745094 3.26687379181385 10.50019039213657 0 0 0 104.9924809932709 0 19.17676277458668 0.1794407367706299 0.8051969558000565 0.774966761469841 0 3.246280081570148 0.1102927103638649 0 20.54208815097809 0.9466066509485245 0.1136109530925751 0.0998397171497345 2.014647260308266 0.3939193338155746 0 0.7053205966949463 0.5847335979342461 1.705850936472416 9.319422088563442 18.39547562599182 8.795502796769142 4.348287284374237 0.1592168658971786 1.799002379179001 0.1439055502414703 5.936139151453972 0.6338483914732933 1.311244256794453 0.7326405718922615 1.42704738676548 0.6371089145541191 2.235950984060764 861.7280202507973 30.17305071651936 0.8310024589300156 18.74484312534332 5.922196745872498 7.62322148680687 10.0307904779911 10.98162291944027 0.431468665599823 12.52141686528921 0.429267093539238 6.324004679918289 4.040780276060104 0.1036078631877899 0.2148167639970779 0.2604457288980484 0.2219588086009026 0 0.5223521813750267 0.4333302825689316 0.5057100355625153 0.1176529675722122 3.490556642413139 1.126432538032532 0.2029402107000351 1267.306213654578 96.4555729329586 2.404410734772682 59.96024052798748 84.20721285045147 2.000324875116348 0.2475483119487762 5.786554776132107 0.1534346491098404 21.97085204720497 49.10129380226135 4.877125799655914 52.25521735846996 4.015197247266769 10.1574182510376 10.59397784620523 88.74313699454069 21.16801357269287 14.1559184640646 4.776017218828201 2.998821228742599 1.395888358354568 0 0.3101737201213837 0 0 0 0 0 0 0 0 0.1446003019809723 0 0 0 0.369031548500061 0 0 16.10918410122395 3.27345222234726 0 0 0.426494687795639 0.5877425372600555 0 1.753112286329269 2.500220060348511 0 0 0 0 0.1297795325517654 0.1519225090742111 0.7639796733856201 0 3.332164898514748 9.03540888428688 0.541996493935585 0.2309722825884819 0 0 0 0 2.146618485450745 0.2221477553248405 1.50201228260994 0.8735628053545952 0.5026455521583557 0.4663376957178116 0 5.131944537162781 0.8207278847694397 0.9767119139432907 1.168276004493237 0.3257099688053131 0.21895532310009 0 0 0 0 8.371007144451141 1.057186961174011 0 0 0 3.452638521790504 0.7373385354876518 1.308018207550049 3.384781740605831 0.5274068564176559 3.532961077988148 1.214476436376572 5.518775820732117 1.354696840047836 0 0 0 0.6951291561126709 0 0 0 18.64113588631153 3.036244958639145 0.6086395233869553 64.22053740173578 2.958558574318886 46.0552539601922 8.843784742057323 289.934455268085 10.59441965818405 0.363869234919548 23.13824656605721 26.61694948375225 0.6068903654813766 23.65491271018982 1.426775522530079 5.153243020176888 2.054774768650532 0.2148691415786743 10.90040603280067 0.387353852391243 0
