0 4895.068939082325 437.4399450644851 853.8237823545933 1324.641830742359 128.0923922657967 1582.974825128913 21.01637940108776 110.0305320173502 2202.310426294804 278.9146115630865 392.2873746156693 1096.218852423131 169.0243320986629 0.5360326319932938 0.1037040948867798 0 0 0 0 0 0 0 0 0 0 0.1237808018922806 0 0 0 461.4778261855245 0 2.385418713092804 0 0 0 4.584978476166725 0.283838301897049 0 0 0 0 0 0 0 0 4.318399585783482 0.5444343909621239 0 0 0 1.67707559466362 0 0 5.709699690341949 5.71838403493166 331.0476758182049 867.0753039568663 44.94797093421221 8.510368473827839 0.5322810634970665 0.3553195744752884 0 7.233783535659313 2.392337888479233 0.7655599489808083 0 0 0 0 41.139130204916 6.497782051563263 1.269449651241302 176.4778672680259 26.2270396053791 3.442023642361164 0.6395706832408905 0 0.7016657292842865 54.9136251360178 0.1888059824705124 4.817443355917931 3.871189720928669 0.9730289056897163 0.8966877236962318 2.190514281392097 0 0.8652899563312531 0.6121623069047928 2.113866165280342 0 0.2382070422172546 0 0 0 243.0946800112724 13.47750449180603 0.9171466827392578 1.73694534599781 1210.460103735328 0 0 0.7500770688056946 0 0.1183878108859062 1.905890688300133 0 0.649947389960289 33.86026567220688 0 0.2997109889984131 1.514165356755257 4.534403502941132 1.427932068705559 0.3284717202186584 0 0 0 0 0 0 0 0 0 0 0 0 0 0 0 0 0 0 0 0 0 0 0 0 0 0 0.6371161341667175 0.1874783784151077 0 0 0 0 0 0 0 0 0 0 0 0 0 0 0 0 0 0 0 0 0 0 0 1.541359424591064 0.1418447494506836 0 0.1375072747468948 0 0 0 0 0 0 1.620180740952492 0 0 0 0 0.3313529491424561 0 0.4504111111164093 0 0.1404986083507538 0 0 0 0 0 0 0 0 0 0 0 0.4561990350484848 0 0.5124937891960144 56.22935327142477 4.984823927283287 45.00406576693058 25.04398144036531 1112.244923107326 24.10328852385283 1.860690288245678 6.299010753631592 0.3897956907749176 0 0.9825889319181442 0 0.8408586382865906 0 0 0.300014540553093 0.7870089411735535 0.1920886486768723
4895.068939082325 0 1336.031938947737 918.6966930031776 4128.885161794722 505.3794652596116 3700.158803649247 291.3130076900125 706.7474909201264 830.2039092332125 1901.243350036442 96.0389302521944 615.8801272511482 1264.094709120691 10.28477677702904 0 0.245150089263916 0.4479713812470436 0 0.2130464166402817 0.5394605547189713 0 0 0.5081216543912888 0.1542999148368835 0.4220945090055466 0 0 0.7025279626250267 0 2377.497273497283 10.06178329885006 19.05470035225153 0 0 0 3.975011169910431 1.190545812249184 0.2943210899829865 0.3780371025204659 0.1817125380039215 0 0 0 0 0.1515772491693497 71.90100154280663 5.285132512450218 0 0.3691136538982391 0.9829240590333939 0 0.1165978237986565 0.4501113966107368 36.78564872592688 36.60413332283497 267.1964399293065 1285.262872464955 61.13963668048382 56.76395858079195 0.7866083234548569 0.8724823743104935 0 90.5482981428504 19.22068872302771 13.49350947886705 1.264386549592018 2.534294873476028 0.2658710032701492 0.6534967198967934 39.4078653678298 2.199046179652214 0 403.1146898418665 145.9175152629614 40.14227956533432 15.36382690817118 0.4277519732713699 3.478624776005745 177.5624196082354 1.163628533482552 18.73770256340504 34.10526853054762 2.243975140154362 4.662339732050896 11.55743214488029 3.087679669260979 0.321344405412674 1.787867911159992 0.6777420490980148 0.8497403189539909 0.3613741397857666 0.9411716982722282 0.8948925286531448 0.3920255452394485 96.83959402143955 0.319362998008728 0 1.223101779818535 2074.598925560713 2.24361090362072 0 11.11323946714401 1.826829373836517 2.286674648523331 45.729462236166 0.1462711840867996 27.84970320016146 19.11672258377075 21.85291595757008 2.478213980793953 74.57346545904875 61.57530903071165 43.91056449711323 8.894623778760433 0 0.6409979611635208 0 0 0 0 0 0 0 0 0 0 0 0 0 0 0 0 0 1.725712612271309 1.651117041707039 0.1025204285979271 0 0 6.557056121528149 0 9.948689229786396 1.509893536567688 0 0 0 0 0.3325163647532463 0 0 0 0.8400093168020248 2.603069178760052 0.2016240358352661 0 0 0 0.2640584707260132 0.078961081802845 0.4020304381847382 0.7597460225224495 2.260840691626072 4.533169336616993 0.4849087595939636 0 0 10.24960843473673 0.195790559053421 0.2307361364364624 0.350028470158577 0.2380176186561584 0.1432071924209595 0 0 0 0 23.4390639513731 0 0 0 0.1975171715021133 10.73601923882961 8.073287732899189 12.66748383641243 4.214913956820965 5.141559384763241 3.282867662608624 0.3540063798427582 1.300124198198318 1.049464032053947 0.125340536236763 0 0 0 0 0 0 17.45184016227722 1.662833735346794 2.04570209980011 254.812987677753 42.32242637872696 369.6967433765531 99.49400123208761 1771.492932006717 63.06862931698561 14.30282589793205 52.68733884394169 7.494469426572323 1.27569005638361 16.85932411253452 4.506572149693966 7.246744528412819 0 0.1068949997425079 3.309234365820885 7.885169312357903 0
437.4399450644851 1336.031938947737 0 0.677045464515686 564.0544385761023 9.594512477517128 23.9713933095336 2108.20172136277 186.0098022595048 3.787495404481888 4284.2800071612 19.02894282341003 26.98972891271114 746.3897359520197 11.62388214468956 4.092568606138229 1.117417939007282 2.201585903763771 0 1.050359055399895 2.347500927746296 0 0.1646306216716766 0 0.1394769102334976 1.24802327901125 0.1234719082713127 0.3667023032903671 0.3636073768138885 0 4119.033248856664 323.0628666579723 17.03958335518837 0.2512288466095924 0 0.1369911879301071 3.397400468587875 1.596504792571068 1.51715911924839 1.764229319989681 4.141815438866615 5.286615595221519 0.4419199675321579 1.109979674220085 0 0.7835085541009903 32.01797050237656 2.858034670352936 0 1.642448849976063 5.387995555996895 0 0.09798485785722733 0.8075833469629288 11.93677091598511 15.18854843825102 135.3759053349495 954.386329241097 24.70795856416225 23.70306115597486 34.40059076249599 1.969135612249374 0 346.9120078086853 9.0533442273736 7.804883122444153 1.275869116187096 4.564035497605801 10.01116052269936 22.50961858779192 33.20886458456516 1.715034276247025 0 209.8337141126394 102.5487777888775 23.7096659168601 21.71186032891273 4.497626401484013 181.2884130477905 897.3283067643642 78.68594076484442 385.4276817589998 9.961043424904346 1.001741409301758 3.386950448155403 4.867190234363079 2.162257730960846 0.106732964515686 1.152611456811428 1.062016978859901 0.8404218629002571 0.4091202616691589 17.67367905378342 10.24911214411259 3.856421783566475 19.72660908102989 3.581091716885567 0 1.522246450185776 720.8225076198578 0.7616728544235229 0 0.3824765682220459 0.5085602402687073 0 7.167560085654259 0 2.830729633569717 1.360123932361603 1.397198274731636 1.129444271326065 15.40388576686382 11.13341630995274 5.371719814836979 2.938721507787704 0.7324440181255341 0 0 0 0 0 0 0 0 0 0 0 0.6724359393119812 0 0.156890869140625 0 0.4127866327762604 0.1370832324028015 0 2.484273798763752 0.9126815497875214 0 0 0 3.956221647560596 0.1524590849876404 2.760264061391354 2.774614408612251 0.8166210129857063 0 0.6649018153548241 0.4014295041561127 0.1615769416093826 0 0.1252181828022003 0 0.229465126991272 0.6322831213474274 0 0 0.3880132809281349 0 1.023284062743187 0 0 0 0.1997326761484146 1.332582890987396 0 0.3021039366722107 0.4818354547023773 4.540069013834 0.3397752344608307 0.1504728645086288 0.4140742868185043 0.1120695248246193 0 0.5469730347394943 0 0.3313377052545547 1.535025849938393 7.44508396089077 0 0 0 0.4481681436300278 6.361818470060825 4.134161964058876 4.396857939660549 0.7722126841545105 6.024217516183853 1.94861414283514 0.3619529753923416 0.4493809267878532 0.8006472513079643 0 0 0 0.2255904674530029 0.5077412277460098 0.1574355214834213 0.3841945230960846 2.317239075899124 0.404966339468956 2.966984555125237 60.10367071628571 19.12676787376404 125.7815274894238 43.2645041719079 207.7479979470372 24.45567031949759 5.368317663669586 17.19491571187973 4.683495134115219 0.8553411066532135 5.211687594652176 1.917208522558212 3.758717715740204 0.4893938302993774 0.3817417845129967 0.7712478637695312 1.783300325274467 0
853.8237823545933 918.6966930031776 0.677045464515686 0 384.1032755672932 174.0879834145308 1546.858920410275 0 66.53720057010651 1822.572456195951 2.121452540159225 1202.401219293475 3714.363803833723 18.60117974877357 0.1569364815950394 0 0 0 0 0 0 0 0 0 0 0.1391844302415848 0 0 0 0 25.26340465247631 0 0.7565491795539856 0 0 0 0 0 0 0 0 0 0 0.2006430923938751 0 0 3.739657536149025 0.427065521478653 0 0 0.1411149352788925 0 0 0 2.399893522262573 2.83185388892889 14.77079185843468 46.0587840154767 4.150935515761375 2.710533022880554 0 0 0 5.932382091879845 2.507626406848431 0.5453386381268501 0 0.1835370063781738 0 0 0 0 0 17.15462818741798 6.327165082097054 3.230881415307522 0.6566246747970581 0 0 3.335870265960693 0 0.4756464213132858 2.034984081983566 0.2007588297128677 0.1548995971679688 0.6418529227375984 0 0 0 0 0 0.1330206245183945 0 0 0 27.58096617460251 0 0 1.307019114494324 88.49016781151295 0 0 1.167885094881058 0 0 4.827683046460152 0 1.960425511002541 11.28798235952854 2.699503302574158 0.1612865328788757 7.798272117972374 7.404812514781952 1.658557921648026 0.7942014336585999 0.2644516229629517 0 0 0 0 0 0 0 0 0 0 0 0 0 0 0 0 0 0 0.474152535200119 0 0 0 0 0.3307614028453827 0 0.1593760699033737 0 0.3888185918331146 0 0 0 0 0 0 0 0 0.554811954498291 0 0 0 0 0 0 0 0 0 0.2469559013843536 0 0 0 0.2195943593978882 0 0 0.3802569210529327 0 0 0 0 0 0 2.631718963384628 0 0 0 0 0.3270402848720551 0.4122012555599213 1.426224023103714 0.7304490059614182 0.4842682629823685 0.208866149187088 0 0.2959739863872528 0 0 0 0 0 0 0 0.3236143290996552 1.041489511728287 0 0.6354182362556458 33.57689706981182 2.798605754971504 25.40572413057089 7.775957211852074 222.6229404732585 3.237147435545921 1.272372752428055 3.515754789113998 0 0 0.4596428722143173 1.183425098657608 0 0 0 0 0.3467544615268707 0
1324.641830742359 4128.885161794722 564.0544385761023 384.1032755672932 0 198.3353776782751 1018.22118485719 178.1185044720769 4220.228099770844 1178.245495326817 2595.363945908844 182.9437335282564 541.2128643319011 3617.149529673159 26.24043396115303 0.3870871216058731 0.1393700242042542 0.4089957922697067 0 0.5379712209105492 0.4218989163637161 0 0 0 0 2.073059491813183 0.306627593934536 0.7831990942358971 0.7818036153912544 0 814.1728450059891 16.65432826429605 18.01461350172758 0 0 0 4.954070895910263 0.2851297780871391 2.298019267618656 0.9166096076369286 0.5981741175055504 0.8278302624821663 0.138777032494545 0.5919424220919609 0 0.4578142240643501 158.165393717587 13.44524402171373 0 0.4828283190727234 2.933996953070164 1.056298404932022 0.2005505561828613 0.6893024295568466 47.00222924351692 56.96222902834415 136.5011695548892 538.9393257796764 48.10701061040163 96.39922341704369 3.903534151613712 1.106126450002193 0 190.3913395106792 35.69737340509892 30.13860953599215 4.000457532703876 4.875851489603519 1.050371550023556 0.6920075118541718 59.27511352300644 1.486984074115753 0.1193091124296188 333.9345966055989 223.1964085102081 70.69149146974087 36.78988746553659 2.711820885539055 1.620155312120914 61.3815568909049 5.026341646909714 14.84443032741547 45.9329851269722 4.326781094074249 10.44191564619541 17.38994160294533 7.674018368124962 0.6426823958754539 4.758283257484436 1.387047871947289 2.143769033253193 1.683870621025562 0.9850445911288261 0.6720173582434654 1.590022496879101 174.56320977211 1.560272470116615 0.117634080350399 0.6893560066819191 302.2692773267627 6.61368216574192 0.2913910746574402 28.11676371097565 8.463356144726276 8.475185111165047 182.8929439038038 0.261393815279007 92.19418141245842 70.46397446095943 62.40985271334648 8.634733565151691 256.2556761428714 217.1206379160285 89.16286251693964 39.15784294903278 0.9938488602638245 1.113079458475113 0 0.5889561176300049 0 0 0.126394659280777 0 0.3742734491825104 0 0 0 0 0.2843852639198303 0 0 0 0 0.2148981243371964 9.915893316268921 2.312494456768036 0 0 0 15.69648884236813 0 29.28387875854969 4.104584276676178 0 0 0 0.2792641371488571 0.5968658179044724 1.128062069416046 0 0 5.471999198198318 7.703571379184723 0.188971608877182 0 0 0 0 1.10972997546196 0.7563237994909286 0.6253044307231903 3.297427579760551 17.49826921522617 0 0 0 15.48764170706272 1.290167309343815 2.002854727208614 2.05569963902235 0.7948270216584206 0.8008827269077301 0.2593408226966858 0.135575532913208 0 0.5302835702896118 79.06125603616238 0.4139511585235596 0 0.1451047360897064 1.120775863528252 43.4122402369976 20.27090483158827 35.4771695509553 14.89190954715014 19.0172685533762 11.70390160381794 2.709980100393295 2.706712603569031 0.8964660540223122 0.5236794948577881 0 0 0 0.8802576661109924 0 0.5014101266860962 55.72830436378717 3.763883426785469 8.354807436466217 296.559104681015 93.42506637424231 687.0542430728674 150.4147421419621 690.7818990945816 82.70724621415138 18.55347777158022 83.20604803413153 15.4902543798089 2.134021915495396 28.01775570213795 6.66858047991991 14.38308392465115 3.039943143725395 0.2662368640303612 3.740534976124763 6.125752091407776 1.246725454926491
128.0923922657967 505.3794652596116 9.594512477517128 174.0879834145308 198.3353776782751 0 464.0486332327127 0.4803804755210876 139.2422405779362 913.1818776428699 22.85932716727257 466.5889082849026 652.5558800026774 139.280021995306 0.112259142100811 0.1748960614204407 0 0 0 0 0 0.6878504306077957 0 0 0 0 0 0 0 0 6.772968009114265 0 42.47589935362339 0 0 0 22.43860982358456 0.8594473004341125 0.8777415156364441 0 0 0 0 0 0 0 0 0 0 0.1811302453279495 0.1594893783330917 29.76519972085953 0 0.2311286479234695 0.279355525970459 1.099126696586609 192.1286001950502 16.77065768837929 8.550080046057701 0.1343701332807541 0 5.141981571912766 0 0.4630502164363861 0 0.9779958724975586 1.080780744552612 0.8064180612564087 0 0 375.1527441740036 186.1549382954836 47.28067682683468 2.334533236920834 1.26884575933218 0.3196824789047241 0 0 0 47.81214770674706 0 6.833523809909821 0.7841144204139709 25.10879129171371 0 8.255206748843193 0.1948979198932648 68.14688274264336 22.09315067529678 81.88178254663944 2.065642312169075 10.6191019564867 0 0 1.174023061990738 613.2928850650787 237.0593812614679 19.74776545166969 22.36873140931129 600.451071113348 0 0 0 0 0 0.2244340628385544 0 0.4081055819988251 3.813273131847382 0 0.2950684428215027 1.851544573903084 0.5541480183601379 0 0.3614608347415924 0 0 0 0 0 0 0 0 0 0 0 0 0 0 0.1830168664455414 0 0.1530279517173767 0 0.3981429487466812 0 0 0 0 0.26108717918396 0 0 0 0.5905057787895203 0 0 0 0 0 0 0 0 0 0 0 0 0 0 0 0 0 0 0 0 0 0 0 0.1304306089878082 0 0 0 0 0 0 0 0 0.1258028894662857 0.9737712740898132 0.5225322246551514 0 0 0 0.1458434164524078 0.5740340352058411 0.1663086712360382 0 0.1574542820453644 0 0 0 0 0 0 0 0 0 0 0 0 0.2577840089797974 0.2255512923002243 5.135903656482697 0.1595763117074966 3.761799901723862 0.7600070089101791 388.4718776494265 5.821176700294018 2.064491614699364 0.4163255095481873 0 0 0.161543071269989 0 0 0 0 0.3553450107574463 0 0
1582.974825128913 3700.158803649247 23.9713933095336 1546.858920410275 1018.22118485719 464.0486332327127 0 6.224089853465557 881.2680326104164 3677.965968295932 237.5157218053937 461.2360513657331 7227.794215783477 3159.159828357399 16.64644605666399 0.9280077069997787 0 0.5391150042414665 0 0.116198293864727 0.09581668674945831 0 0 0 0.3185674250125885 0.3702609911561012 0.2679635882377625 0 0.3974534571170807 0.1095138266682625 164.6387770846486 6.984234310686588 13.52189216762781 0 0 0.1367647349834442 2.418742217123508 0.5255122035741806 0.6945794522762299 0.2922127395868301 0.6899992823600769 0.7819763869047165 0.1274071037769318 0.3756813183426857 0 0 73.11925940215588 5.022272199392319 0 0 1.543856702744961 0 0.1204654797911644 0.9980541542172432 14.36997382342815 19.06414000689983 63.00753928720951 179.6275271326303 20.39530113339424 38.00728836655617 1.031764276325703 1.955839760601521 0 58.67078347504139 10.93907576799393 10.96283130347729 0.5634862259030342 3.680553339421749 0.4024547338485718 1.399423107504845 29.48206709325314 2.389020696282387 0 122.1155573502183 77.39165836572647 37.58801268041134 23.07558047771454 2.096755914390087 0 23.27582617849112 2.287664964795113 14.02539364993572 17.94551756978035 1.659356117248535 4.336811974644661 7.06749314814806 3.871582798659801 0 0.6730616092681885 0.3733386546373367 0.496761180460453 1.024289689958096 0.7321218475699425 1.166212141513824 1.04095396399498 381.9799458757043 1.097401022911072 0 0.7837134748697281 197.8428875878453 6.229314297437668 1.557001121342182 36.95380712300539 9.508862622082233 3.31525880843401 167.0601418167353 1.034943640232086 85.66067497432232 97.08920182287693 64.19637104123831 12.49116256088018 278.6467144563794 249.8999092653394 102.7467950955033 40.64793083071709 0.3822760581970215 1.901579722762108 0.1194283962249756 0 0 0 0 0 0 0 0 0 0 0 0 0 0 0.4551074206829071 0 6.742590002715588 1.46869957447052 0 0 0 13.84640914946795 0 17.94958174228668 0.83869469165802 0.3844134509563446 0 0.1212427541613579 0.2287481874227524 0.295022040605545 0.1276248246431351 0 0 4.187208943068981 6.057838082313538 0.4029367044568062 0.1409053206443787 0.3966228514909744 0 0 0.1458797603845596 0.4507554173469543 0.3564386069774628 4.735500082373619 9.450015030801296 0 0 0 18.21113416552544 1.71659043431282 0.5665437579154968 2.060821011662483 0.2886756509542465 0 0 0.1191072016954422 0 0.5549820959568024 81.98711654543877 1.566218391060829 0 0 0.35589399933815 34.12889654934406 13.76353988796473 25.08425767719746 8.65880636125803 16.92551472783089 7.328707680106163 0.7641294524073601 1.419309332966805 1.027458973228931 0.2141852304339409 0 0 0.7013485804200172 0 0.1305257827043533 0 77.39488127827644 7.36707678437233 6.762950569391251 210.9547981694341 42.63116161525249 288.603696487844 82.83532573282719 619.4334404692054 39.9539430141449 8.234444245696068 56.22075355052948 9.470870904624462 1.191845767199993 24.01770565658808 5.413146875798702 8.652499996125698 0.4359665513038635 2.058819271624088 3.375614508986473 2.787968151271343 0.4411311149597168
21.01637940108776 291.3130076900125 2108.20172136277 0 178.1185044720769 0.4803804755210876 6.224089853465557 0 102.1406283900142 0.5297832787036896 1503.865562401712 0.814527153968811 9.742900028824806 596.1803872436285 44.40360795706511 16.32722150534391 3.101402133703232 4.751524150371552 0 4.093380264937878 9.297848477959633 0.9714983403682709 0.3428066968917847 0 0.8535274863243103 2.563324764370918 0.2812416851520538 1.318877890706062 0.7661400809884071 0 1553.355315431952 942.3529644235969 13.06439192593098 0.3453167676925659 0 1.263951733708382 8.924423523247242 3.725817084312439 7.262391552329063 7.430726282298565 28.71167307347059 42.89623487740755 5.74772635102272 5.465550139546394 0 3.968371316790581 75.34306481480598 3.268095031380653 1.89138288795948 5.505605041980743 21.62799373269081 5.239270806312561 0.09070451557636261 6.607946805655956 8.854925557971001 8.238803148269653 24.97028174996376 196.0748337581754 9.885175213217735 31.70156312733889 114.6196555271745 4.058460138738155 0.4173376336693764 339.5398646891117 5.956098146736622 9.020584978163242 4.736589506268501 12.32007999718189 22.11372958123684 80.79858654737473 14.59044747799635 12.31650544703007 0.6775530278682709 83.32906605303288 108.8286761194468 44.95403775572777 88.18432375043631 34.56248240917921 764.3755636587739 331.721657730639 327.1966780945659 1918.10776066035 12.2194057777524 0.7342833057045937 3.275454178452492 7.953796811401844 7.002568259835243 0 0.681886337697506 0.5572627037763596 4.971567757427692 2.978737592697144 54.24120750278234 48.95346727967262 24.53431039303541 8.767565101385117 7.534237369894981 2.283134669065475 7.371576577425003 26.74323438107967 0.5975596755743027 0 0.1551579535007477 0 1.071825817227364 1.911258801817894 0.1425327956676483 1.229485854506493 1.053675264120102 0.4326591342687607 1.995913043618202 6.30788242816925 4.20057787746191 4.502172745764256 6.346646383404732 4.598332643508911 3.989052101969719 0.3660205751657486 1.151439785957336 0 0 0.7061985731124878 0 0 0.1188742369413376 0.8522535711526871 0 1.056862264871597 0 0.3501800298690796 0.7580018863081932 0.4004986733198166 0.212200403213501 0.250824898481369 1.970140174031258 2.224176906049252 0.2545690014958382 0.6266265660524368 0 6.003227837383747 0.9560556411743164 12.93744111806154 9.848128110170364 3.863908849656582 1.683004260063171 1.251475989818573 0.3950645625591278 0.1103081256151199 1.16054093837738 1.071377336978912 0.1396229565143585 0.9898185282945633 2.519737154245377 0.39053875207901 1.863627523183823 1.261013433337212 0.5824684798717499 3.494107708334923 0 0.2875068634748459 0.2174749076366425 0.2508393004536629 1.389358311891556 0 1.146983817219734 1.184124320745468 6.023340418934822 1.682244285941124 0.2920869886875153 0.7032838240265846 0.2896955460309982 0.2726789265871048 1.640242017805576 0.2354438081383705 0.5459059923887253 3.939426548779011 7.411523275077343 0 0 0.2667479515075684 2.569558635354042 9.861872814595699 8.3124930113554 12.98185434192419 3.466880708932877 2.486627355217934 4.502902574837208 1.131789639592171 2.018395401537418 1.286437325179577 0 0.154180109500885 0 0 1.630250334739685 0.1606483608484268 1.486510761082172 2.77154902368784 3.935270875692368 11.82321606576443 127.6350655704737 28.28086322546005 191.1213610544801 43.73233265429735 47.09300981462002 15.62061534821987 3.991354420781136 42.28230863809586 10.65037195384502 1.913969777524471 13.84781230986118 3.471078358590603 2.069159992039204 0 0.3715888634324074 3.54110062122345 5.981753200292587 0.144518181681633
110.0305320173502 706.7474909201264 186.0098022595048 66.53720057010651 4220.228099770844 139.2422405779362 881.2680326104164 102.1406283900142 0 663.1530677080154 5905.858277194202 128.2099850177765 526.2925268411636 4261.67587890476 42.70133372396231 1.146878212690353 0.1240170076489449 0.3806499913334846 0.08756569027900696 0.7616362869739532 0.5992646962404251 0 0.09772487729787827 0 0.1111708804965019 0.6583863347768784 0 0.4085913002490997 0.3190139830112457 0 369.2513214275241 23.99932795763016 21.0738197863102 0 0 0.2877309322357178 5.501089587807655 1.004647970199585 1.457229524850845 0.9914973527193069 0.6363333165645599 0.9350327104330063 0.123685359954834 0.4701672121882439 0 0.4219083413481712 177.8064381405711 8.087943382561207 0.147649884223938 0 2.17697548866272 0.6016474664211273 0.1649895459413528 0.6591102927923203 29.21197038143873 34.32445655018091 58.00694121420383 225.0005354955792 29.80835767835379 62.31079170107841 1.409437656402588 1.285726323723793 0 139.3696232587099 21.9379830956459 19.00603987276554 2.346481457352638 4.430295355618 1.657309636473656 1.544988222420216 62.66387631744146 0.7055261731147766 0 174.1910711079836 136.1748237609863 71.50447671115398 48.31551847606897 2.717462830245495 1.025217778980732 39.71896644681692 3.013772085309029 31.85221393406391 27.85992025583982 1.100231170654297 8.174999549984932 11.97624537348747 6.173124983906746 0.5422658547759056 2.82005650550127 0.8630602583289146 2.181597791612148 2.232416868209839 1.065362848341465 1.692890554666519 1.259074963629246 303.6838998273015 2.803502529859543 0 2.752615667879581 55.49182817339897 7.936874240636826 0.8221630454063416 36.89686017483473 17.03896537423134 8.783823296427727 231.4868012070656 2.428325831890106 119.5868845507503 101.6713389381766 84.79068802297115 15.04987099766731 354.5755434110761 330.038514316082 146.4626946672797 52.62016551196575 0.9143335148692131 3.2874646037817 0.1865538358688354 0 0 0 0 0 0.8921632766723633 0 0.3099959194660187 0 0 0 0 0 0.5869481861591339 0 0 14.75579203665257 2.519069507718086 0.2463825643062592 0 0 21.22590298950672 0.286360114812851 36.24819499999285 3.312170580029488 0.2452810630202293 0.1000609993934631 0.3352750092744827 0 0 0.8980269432067871 0.1523893922567368 0 5.037638299167156 7.666496880352497 0.57989801466465 0 0 0 0 0.525154136121273 1.654767274856567 1.55345169454813 4.500628814101219 20.28693421930075 0 0 0.1231581419706345 25.09735234826803 3.270015150308609 2.471701711416245 2.999465718865395 0.2789963111281395 0.09399846196174622 0 0.1866982877254486 0 0.9553976431488991 109.175703369081 0 0 0 0.2472435459494591 58.40731077641249 20.27644117921591 39.09292345494032 14.92681027948856 25.05311567336321 9.997505143284798 0.9764765873551369 2.454043462872505 1.792825557291508 1.340874321758747 0.3162203431129456 0 0.3426559269428253 0.280515655875206 0.3070436418056488 0.2195676565170288 101.6199924647808 5.949191592633724 10.21205822378397 364.8712418377399 81.75121428072453 680.28910895437 156.9393597394228 344.3649613559246 77.51711969822645 16.60400080680847 125.9648918583989 22.49852501600981 3.630080677568913 42.9803858101368 9.368272446095943 16.20443134009838 1.312233462929726 0.7084637954831123 9.567863993346691 8.054114438593388 1.26682211458683
2202.310426294804 830.2039092332125 3.787495404481888 1822.572456195951 1178.245495326817 913.1818776428699 3677.965968295932 0.5297832787036896 663.1530677080154 0 16.3509903550148 1567.768479518592 6369.865006893873 217.39845007658 1.177558310329914 0.2444239482283592 0 0 0 0 0 0 0 0 0 0 0 0 0 0 26.96914400905371 0.1883233189582825 3.973095819354057 0 0 0 2.146068632602692 0.3369670957326889 0.7650448083877563 0 0 0 0 0 0 0 7.75186125934124 0.1143544018268585 0 0 0 0 0 0 1.524199575185776 3.188356034457684 49.21813587099314 75.92420188337564 5.171586394309998 2.37734230607748 0 0.1478255540132523 0 6.479558266699314 0.7742611095309258 0.307434655725956 0.1653445512056351 0.1571844965219498 0 0 29.89162731170654 0.6529387235641479 0 27.54605565220118 8.598902530968189 1.916428379714489 1.020612515509129 0 0.2159993499517441 17.99228875339031 0.1144236773252487 0.817169263958931 2.963811337947845 0.3505852743983269 0 0.3759242296218872 0.127291738986969 0 0 0 0 0 0 0.1697518825531006 0 551.3874120339751 9.902274638414383 0 0 594.1878309547901 1.58905304223299 3.817958980798721 27.28030702471733 214.2323938459158 3.099119655787945 91.36010898649693 16.69212755560875 45.13784997910261 98.06401963531971 120.4456765502691 3.186688259243965 152.7532510459423 213.6569640412927 91.39075446128845 25.37329970300198 0.1385957896709442 0 0 0 0 0 0 0 0 0 0 0 0 0 0 0 0 0 0 3.037365138530731 0.1199136823415756 0 0 0 3.510957606136799 0 6.150936178863049 0.7732333838939667 0 0 0 0 0 0 0 0 1.325627341866493 1.789020530879498 0 0 0 0 0 0.2160921990871429 0.3958284258842468 0.248695582151413 0.3629290759563446 5.275739029049873 0.1362870186567307 0 0 2.722773984074593 1.013691678643227 0.3855843767523766 0.1986670941114426 0.09475104510784149 0 0 0 0 0.4021201953291893 36.46894335746765 0.7037215977907181 0 0 0.1548638343811035 10.37523529678583 4.023091688752174 5.403574198484421 2.302348606288433 7.47807040810585 1.203968197107315 0.5059263780713081 1.14739915728569 0.07399766892194748 0 0.1998628079891205 0 0 0.2321380227804184 0 0 64.02133410423994 2.976090468466282 1.247714385390282 178.8564336299896 1.175529830157757 24.07424081861973 8.3011674284935 1095.829758830369 9.733983211219311 1.009041771292686 8.1601792126894 1.863251537084579 0.544706828892231 8.031722091138363 1.886664047837257 11.39233489334583 0.182865634560585 0.2874537706375122 2.916430801153183 0.5558218359947205 0
278.9146115630865 1901.243350036442 4284.2800071612 2.121452540159225 2595.363945908844 22.85932716727257 237.5157218053937 1503.865562401712 5905.858277194202 16.3509903550148 0 64.56568385660648 508.8844082504511 9271.498945042491 137.8224868923426 26.83725919574499 3.513167724013329 4.009130768477917 0.2496333792805672 1.437357753515244 2.310360491275787 4.637453064322472 0.1599551141262054 0.4621941149234772 0.6478945761919022 5.169341862201691 0.9116180688142776 2.692053861916065 0.5995413511991501 0.7594333589076996 1583.296646140516 252.5641827210784 566.6515616625547 0.762721911072731 0 0.3736401349306107 155.8068548589945 9.794409491121769 37.46898785978556 6.819402888417244 19.72372456640005 75.11727483570576 2.728990361094475 5.846667177975178 0.8864430785179138 3.371321402490139 254.1914503052831 10.27893994003534 1.69096977263689 3.539184167981148 17.19853470474482 52.96295323222876 1.366509988903999 24.02001000195742 24.36755837500095 37.44914785027504 93.46277883648872 405.2575724646449 39.29027651250362 105.7041740715504 21.39964735507965 13.88518511503935 0 311.1736548319459 22.43455905467272 25.02316180616617 4.472660236060619 8.473999604582787 9.935296483337879 24.45409046113491 278.5122468098998 43.69571276754141 0.6026455014944077 247.9552521184087 238.5959677174687 158.5986936986446 168.4675258994102 49.67760528624058 342.6417586281896 385.248577862978 30.15618921816349 869.6046246364713 33.30446198582649 2.079711757600307 9.512172162532806 14.87396691739559 10.38031232357025 2.580857396125793 4.307360969483852 5.578748300671577 9.561337344348431 10.84759514778852 30.42554474622011 71.12309470772743 78.02420922368765 192.8416361734271 21.8742059469223 0.6856836676597595 19.44670898467302 121.1578566730022 3.603646345436573 0 8.948497086763382 1.444199413061142 3.545611284673214 34.55176454037428 0.2625298202037811 13.366534486413 14.12234485894442 6.884981885552406 7.488341495394707 50.2137823626399 53.67204151302576 28.53023685514927 24.21900643408298 3.87336441129446 3.789488047361374 0.3251320123672485 0.3329232931137085 0.4283452183008194 0.2539382129907608 0.6603734940290451 0 0.2438333183526993 0.7307703495025635 1.61736799031496 0 0.6120400279760361 0.4134483635425568 0.1472409516572952 2.100869283080101 1.850839182734489 1.732525460422039 1.455954030156136 5.959656812250614 4.041860021650791 0.7601520344614983 0.4341493844985962 0 32.1604275405407 0.5488857477903366 37.07820639759302 14.76434080302715 3.318121537566185 0.7489543035626411 1.666374810039997 0.6899912431836128 1.048353269696236 0.8636756390333176 1.812709897756577 0.2728171050548553 3.258027791976929 10.42204315215349 0.2408654019236565 0.804494321346283 2.575214996933937 0.6779606193304062 4.992449000477791 0.7464134842157364 1.058601357042789 0.9244184568524361 3.0395837277174 8.716845355927944 0.125354066491127 0.8274074867367744 1.542004629969597 25.5077745988965 4.807700850069523 1.997433960437775 2.475271806120872 0.7430929616093636 0.3348206058144569 1.809737555682659 0.2944524884223938 1.019998706877232 3.694652795791626 77.25028938800097 1.824051037430763 0.2082400918006897 0.815344512462616 4.407442472875118 32.54703547805548 17.38422673195601 35.79393084347248 9.339079521596432 8.946464411914349 12.70601680874825 2.856157787144184 3.404756173491478 1.536497883498669 0.4541374370455742 0 0 0.6189376190304756 2.206915818154812 0.7607859522104263 1.386665835976601 38.72132152318954 15.48980179429054 29.55087848752737 387.1555966734886 106.7656055539846 730.0244968533516 198.9157981052995 224.4038191437721 83.19277142733335 20.72990069538355 134.311248742044 25.15491738170385 5.238920703530312 30.56657674908638 9.246890664100647 7.669840060174465 0.290409117937088 0.557783380150795 10.3848904967308 18.07090064138174 2.923104010522366
392.2873746156693 96.0389302521944 19.02894282341003 1202.401219293475 182.9437335282564 466.5889082849026 461.2360513657331 0.814527153968811 128.2099850177765 1567.768479518592 64.56568385660648 0 1595.355725824833 260.6755260229111 5.901455499231815 0.9606884121894836 0 0 0 0 0 0.2769331187009811 0 0 0 0 0 0 0.159876361489296 0 9.498331487178802 0.6518295705318451 22.64483387768269 0 0 0 9.766479998826981 0.2716878280043602 0.8773006200790405 0 0.1816960871219635 0.3572264313697815 0 0.3504947125911713 0 0 9.851699344813824 0.2232876569032669 0 0 0.1079965010285378 4.365903303027153 0.09869886189699173 1.491517126560211 3.260585337877274 1.50366185605526 14.66239190846682 22.03534397482872 1.833848483860493 2.690316714346409 0.5146072953939438 0.5512545257806778 0 4.582841426134109 0.4779811203479767 0.52475855499506 0 0.1608259826898575 0 0 105.9163284227252 31.65434202551842 0.3861775398254395 11.33205642551184 7.409038990736008 5.204458102583885 5.408283472061157 2.145357243716717 0 67.75634616613388 0 4.497368641197681 0.9446003064513206 0.182894229888916 0.5801665484905243 0.54128298163414 0.1627672463655472 0.7355811297893524 0 0.1558374017477036 0.1075364947319031 0.3238503560423851 0.1223697736859322 0 1.093343570828438 1404.412058353424 47.23421363532543 0.2161706238985062 1.555405929684639 107.7248106151819 3.780580192804337 0.3339609503746033 15.3566600382328 3.205327466130257 5.229687102138996 78.98025100678205 0 43.83331838995218 40.75997323542833 31.05994363874197 7.444912314414978 149.4303204938769 154.4234330281615 84.78369501978159 32.16623901575804 0.1714801341295242 0.6749519109725952 0 0 0 0 0 0 0 0.2604414820671082 0 0 0 0 0 0 0 0.3793306350708008 0 6.38807038217783 0.5369248688220978 0.2635591924190521 0 0 10.51553115993738 0 15.04673662781715 1.235847130417824 0 0 0 0 0.9069861173629761 0 0 0 2.316998109221458 2.922355510294437 0.2633892670273781 0 0 0.1883412599563599 0.3932572677731514 0.6001323089003563 0.2539509534835815 0.474757045507431 2.356074765324593 7.946992076933384 0 0 0.1846682578325272 9.330147139728069 2.783675901591778 0.7625913023948669 1.155176088213921 0.1452240943908691 0 0 0 0 0.4488723054528236 71.94937060028315 1.265065558254719 0 0 0.2719021290540695 27.15378361940384 7.022245161235332 12.52105891704559 5.80235667526722 13.32411267608404 3.923858441412449 1.109891086816788 1.437373884022236 0.1362522691488266 0.2075752541422844 0 0 0.2440722435712814 0.1255345344543457 0.2302794978022575 0.3241789638996124 84.70117911696434 7.976184204220772 6.046819515526295 46.70008242875338 3.209376633167267 32.48778393119574 9.227195054292679 253.4421191290021 2.587290786206722 0.4839811697602272 16.12564840167761 4.851035982370377 1.287482045590878 18.40602717548609 3.332853242754936 7.158342197537422 0.4387334883213043 0 0.3921797573566437 1.950929537415504 0
1096.218852423131 615.8801272511482 26.98972891271114 3714.363803833723 541.2128643319011 652.5558800026774 7227.794215783477 9.742900028824806 526.2925268411636 6369.865006893873 508.8844082504511 1595.355725824833 0 4172.243127189577 48.10103919357061 5.323548346757889 0.1522803604602814 0 0 0 0.9710045456886292 0.1986310482025146 0.1518304944038391 0 0 0.7115633487701416 0.1063097193837166 0.1215924620628357 0.2623273730278015 0.2283270955085754 65.50487215816975 11.57159320265055 83.33653081953526 0 0 0.3500239104032516 12.68091955780983 0.9012218564748764 1.186143219470978 1.218966096639633 0 0.9031542986631393 0.13169826567173 1.592909291386604 0 0.1209640130400658 91.59510299563408 2.652224861085415 0.1191714480519295 0.1535851210355759 1.830510012805462 2.61434393376112 0 0.8057019114494324 6.342846363782883 8.735189102590084 33.50305089354515 72.65013209730387 10.33241049945354 21.68334102630615 1.222115851938725 0.9025737345218658 0 45.39949057996273 5.856716550886631 5.429130382835865 0.2290994599461555 1.734747938811779 1.878600381314754 1.345294378697872 213.529579475522 13.16667020320892 0 57.64522018283606 49.19985304027796 43.44192881137133 40.59487451612949 6.731043241918087 0 197.6158538609743 2.856564067304134 27.8785764425993 11.50548343360424 0.8534868434071541 2.437102288007736 2.845065459609032 1.585631653666496 0 0.8355031907558441 0.6808859407901764 0.8495426699519157 1.044340968132019 1.223132058978081 1.836782932281494 0.8896967247128487 2418.519013740122 12.2683914899826 0 5.061189979314804 195.4761736392975 6.514353476464748 0.8904047757387161 49.13163943588734 20.29141051322222 8.90684349834919 239.037256360054 0.8095427602529526 98.94397579878569 124.1888456270099 88.9533859193325 13.80452562868595 383.9679489508271 369.5287910550833 161.84487978369 60.35173140466213 0.9570687860250473 1.016350239515305 0 0 0 0 0 0 0 0.1975234299898148 0.1238691285252571 0 0 0 0.1431599855422974 0.1465562731027603 0 0 0.1336132287979126 14.21314151585102 2.702504113316536 0 0 0 18.62393786758184 0.2882890403270721 35.78615891188383 3.494305290281773 1.066881522536278 0 0.8725489005446434 0.3773494884371758 0.2010238617658615 0.3424032479524612 0 0 4.739498227834702 7.754865884780884 0.6952604204416275 0 0 0.4109105169773102 0 0.6303737312555313 2.139514654874802 1.048739179968834 4.86106026917696 15.25550670921803 0 0.1207084655761719 0 25.19224767386913 4.391395144164562 1.125854171812534 4.223698534071445 0.2558061555027962 0.1002849638462067 0.2985378205776215 0 0 0.8114317953586578 156.6184866502881 0.9721440374851227 0 0 1.189340136945248 57.83546130359173 19.39944386482239 31.24757655709982 12.94713282585144 22.23660133033991 11.01976323127747 3.197635546326637 1.759900204837322 1.704555451869965 0.1019550412893295 0 0 0.1017944067716599 0 0 0.7255875542759895 182.386968024075 13.88946108520031 13.80977533012629 286.3763571083546 40.11282356828451 303.7600645795465 86.68832268565893 528.8085423931479 37.80831363797188 4.760658755898476 99.82543189823627 12.06474285572767 5.470532715320587 41.70576152950525 11.05242379754782 12.24046824872494 0.3351730853319168 1.333713836967945 5.984274208545685 9.332356736063957 1.253578498959541
