0 9417.985679835081 1044.116789788008 784.5747703760862 2364.249689102173 133.5020494908094 2458.762383580208 83.98052777349949 196.4570416808128 1929.980870366096 570.9974645078182 409.2564400434494 172.2964555546641 149.2491886913776 0.9036679118871689 0.5586102455854416 0 0 0 0.3733843266963959 0 0.1674031913280487 0.2714909315109253 0 0.1386477053165436 0 0 0 0 0 1000.227346889675 7.153267920017242 5.618153639137745 0 0 0 13.38173824548721 0 0.7263480573892593 0.3101779818534851 0 0 0 0.1589298248291016 0.1825514733791351 0.2446597069501877 10.75031175464392 1.409407451748848 0 0 0.1122406646609306 0.7943582832813263 0 0 3.040633730590343 2.51607383787632 492.5830991864204 499.4168070107698 30.12987650185823 7.211425706744194 0.2368275076150894 0 0 5.05499230325222 1.896777085959911 2.303208686411381 0.3486521393060684 0.09504736959934235 0 0.2292445823550224 54.73237428069115 43.15162900090218 0.5182349234819412 95.66003005206585 65.01738898456097 6.895952939987183 4.818070858716965 0.2410099059343338 0.4213297963142395 15.75935737043619 0.4070651084184647 0.7530562952160835 4.720643952488899 0.3815379738807678 0.1782492995262146 1.210279293358326 0.4365604668855667 2.07757206261158 1.10294658690691 0.2839316874742508 0.4934561625123024 0.268155574798584 0 0.1557739824056625 0 405.3044302761555 88.6088447868824 6.505289167165756 3.380909219384193 2052.933307573199 0.1419877260923386 0 1.95074887573719 0 0.277475118637085 2.867322325706482 0 1.522554755210876 171.9652341157198 2.042216628789902 0 3.4434674680233 1.48856346309185 1.570598721504211 0.7961937487125397 0 0 0 0 0 0 0 0 0 0 0 0 0 0 0 0 0.6011563539505005 0.2028670758008957 0 0.3146414756774902 0.9039880335330963 0 0 0 0.743141882121563 0 0.7863761633634567 0.5170767903327942 0.3039553463459015 0 0 0 0 0 0 0 0 0.2088267207145691 0 0 0 0.204610675573349 0 0 0 0 0.4569019973278046 0 0 0 0 0.5992295145988464 0 0 0 0 0 0 0 0 0 0.7218669503927231 0 0 0 0 1.252311125397682 0 0.6044118255376816 0.278784841299057 0 0.64532470703125 0 0 0 0 0 0 0 0 0 0 0.3821313977241516 0 0 14.06800331920385 3.56837909668684 37.97393020242453 7.934340663254261 671.1363048404455 23.6755848377943 0.9136405140161514 3.685127317905426 0 0 0 0 0 0 0 0 0.9309598207473755 0
9417.985679835081 0 951.8764740228653 311.8728211075068 3597.317288048565 339.1165436655283 2506.477079972625 30.11335067451 596.1632485091686 501.8594816178083 384.2217120453715 55.68178723752499 168.6023642122746 442.4313308000565 8.305837072432041 1.672094836831093 0.9806175455451012 0.2535475343465805 0 0.2850518524646759 0.8578560724854469 0 0 0.6398959010839462 0.1827045530080795 1.341547325253487 0.5850676298141479 1.354952991008759 0.2737241387367249 0 4270.132899902761 12.23103302717209 1.552795723080635 0.1285207271575928 0 0.1148882284760475 4.811724007129669 0.4925590753555298 0.5084834471344948 1.23745434731245 1.633456654846668 1.992809720337391 1.451181933283806 2.474840484559536 0 3.979077987372875 242.4584763422608 12.84080931544304 0.6911952048540115 1.350910395383835 3.693694159388542 0.9386820867657661 0 0.8104719892144203 22.45110971480608 15.99569117277861 679.1020032688975 1034.161335274577 98.12827952206135 82.29212484508753 5.069863960146904 0.4873517528176308 0.3229923397302628 63.91768445074558 27.31360565125942 14.63013678789139 5.143095932900906 4.745165891945362 0.8026419654488564 3.179552584886551 9.636380270123482 7.101939886808395 0 421.8427850753069 400.6718300133944 116.3160428404808 83.72614815086126 6.572709567844868 5.088278695940971 4.958881713449955 2.975092269480228 3.924005299806595 36.49509835243225 1.210714511573315 4.700463883578777 12.91014713048935 1.174434810876846 1.17642367631197 14.67588506639004 1.564430847764015 2.967633336782455 2.164329670369625 1.850116468966007 2.823057003319263 1.52679031342268 132.6197756379843 4.069598644971848 0.5313413292169571 1.103880971670151 1707.908029735088 1.16087494790554 2.319668501615524 2.474939227104187 0.3230709433555603 8.328347906470299 2.69190214574337 3.626170858740807 2.535571649670601 35.18291020393372 20.71041263639927 1.569453686475754 27.65028564631939 13.97020724415779 18.34148398041725 9.751302301883698 0 0.1577823609113693 0 0 0 0 0 0 0.1409181654453278 0.2128753364086151 0 0 0 0 0 0 0.1272131353616714 0.1486667394638062 0 4.555562525987625 5.075174614787102 0 0 0 3.63846118748188 0.3599916696548462 5.799911469221115 2.928037032485008 0.4939634501934052 0 0 0.2512318193912506 0.2734420895576477 0 0 0 0.7189360558986664 2.145212769508362 0.1951607540249825 0 0 0.1612349450588226 0.2802728414535522 0 0.2688741087913513 0.1621108204126358 0.3582164645195007 0.3305120915174484 0 0 0 6.572347462177277 0.3787215799093246 0 0 0.1950576305389404 0.3903864994645119 0 0.2251545712351799 0 0 1.970671460032463 0 0 0 0.0966850072145462 5.783109426498413 1.816140323877335 6.926967680454254 1.402097046375275 1.960561573505402 2.993051648139954 0 0 0.5995965376496315 0 0.1394758075475693 0 0.8292786031961441 0.6957736983895302 0 0.5979072451591492 11.11588835716248 0.9820419996976852 1.112373039126396 340.2510200440884 74.29713072627783 630.2895688563585 158.8852929919958 756.7593086361885 210.0538400188088 17.38709283620119 98.80247630178928 6.448392525315285 0.4404767230153084 4.107038751244545 0.9876275062561035 9.771318465471268 2.768077552318573 0 3.699622705578804 1.45031450688839 0
1044.116789788008 951.8764740228653 0 1.568364143371582 1968.495675615966 4.321942657232285 21.69237634539604 3594.454825088382 599.1671847850084 9.831412523984909 3917.503208234906 18.44830466806889 55.7131637185812 368.6583166569471 3.235629312694073 2.577948614954948 3.040965877473354 1.571810595691204 0 0 3.314694039523602 0.3414470851421356 0.7503649294376373 1.197251349687576 19.55213871598244 13.28294333815575 6.816705271601677 2.278975710272789 2.071533307433128 1.408798068761826 9066.563425935805 194.2514077797532 99.16148144751787 0.3189837336540222 2.808887422084808 22.08924631774426 112.8188318312168 21.0767697095871 27.3614898622036 39.67541965842247 12.02184403687716 3.997873798012733 1.122522577643394 1.627116739749908 0.6010521203279495 1.021187447011471 26.94500967115164 1.246923692524433 2.022744879126549 1.658231027424335 4.536521278321743 1.39961701631546 0.3067257404327393 1.326215222477913 1.381622195243835 1.313354521989822 117.0593231990933 454.2591384425759 10.66432394087315 9.113751664757729 11.11527595669031 30.56642058491707 10.39077628403902 146.0079827308655 2.102770693600178 1.63357724994421 0.7882680296897888 1.921253249049187 3.544014319777489 15.342958368361 40.52459708601236 27.321837708354 0 40.72263530641794 49.15251202881336 12.80622729659081 24.03380401432514 19.54540744423866 12.1192988678813 760.9332693144679 0.7752443477511406 182.863816857338 2.192489609122276 0 0.2234212309122086 1.131650909781456 2.698344871401787 0.1945947706699371 1.500751495361328 0.352628082036972 0.5575010031461716 0.491097129881382 3.96232333034277 8.691644825041294 3.957686260342598 30.60178333520889 9.151053115725517 0 8.915572866797447 465.5899660810828 1.018029324710369 0 1.364249974489212 0.1636004894971848 6.479374945163727 0 0.2895551025867462 1.229922950267792 0.3334986865520477 6.363775968551636 0.2766337394714355 10.23007030785084 5.867585316300392 12.35220745205879 6.922178387641907 1.157329849898815 0.1653935760259628 0 0 0 0 0.124222069978714 0 1.15685161948204 0 0.4556533098220825 1.132915377616882 0.5315524339675903 0.5694263875484467 0.5058198273181915 0 0.7069251760840416 2.05867213010788 0.8400452435016632 4.050069086253643 7.133339583873749 0 0.2693308740854263 0.6514447629451752 9.808317005634308 4.595327213406563 12.39526183903217 7.571904487907887 1.312975123524666 0 0 0 0.1943129450082779 0 0 0.1111263260245323 1.906383588910103 4.353512167930603 0.4106510281562805 0 0.652731291949749 1.4173653870821 0.6181744784116745 0 0 0 0.2180899232625961 2.215665996074677 0 0 0 8.809648960828781 0.8614912778139114 0 0.332305520772934 0 0 0 0 0 0.2676857262849808 8.529404409229755 0.9839921593666077 0 0.1240237876772881 0.1593880653381348 9.76741997897625 5.32370600104332 10.34652991592884 1.136549659073353 1.038599535822868 0.8476369380950928 0 0 0.2189007699489594 0 0 0 0.1376397907733917 0 0 0.1582503020763397 12.47965805232525 1.845209404826164 2.382684320211411 37.25757528096437 9.217484042048454 57.33096519112587 17.46733574569225 34.84260372072458 12.73006657510996 0.7104346454143524 15.81348089128733 3.10687592625618 0 6.890435442328453 0 12.23422582447529 1.251768678426743 0 2.877551548182964 0 0
784.5747703760862 311.8728211075068 1.568364143371582 0 29.73376069962978 254.6882411837578 977.4639262259007 0.9050661325454712 21.92361384630203 883.9285587370396 1.497476309537888 568.1690905541182 219.6627890914679 27.41630743443966 0 0 0 0 0 0.1716748178005219 0 0 0 0 0 0 0 0 0 0 36.14800731837749 0 5.435502946376801 0 0 0 0.2242098152637482 0 0 0 0 0 0 0 0 0.1939341723918915 3.731418371200562 0 0 0 0 0 0 0.180778831243515 0.1943942606449127 0.4819239228963852 29.29042263329029 39.75939273834229 1.818190276622772 1.577388063073158 0.1966100484132767 0 0 1.734466761350632 0.470963642001152 0.2780295610427856 0 0.1313851475715637 0 0.1538728475570679 4.565889269113541 0.2704788446426392 0.2237638235092163 11.38004936277866 14.63718266785145 3.106704697012901 2.367251455783844 0.3827787637710571 0.3247486650943756 0 0 0.370249018073082 0.9108548313379288 0 0 0.4356855899095535 0 0 0.4483649283647537 0 0 0 0 0 0 74.41727896034718 0.7949263453483582 0 0 143.6323714256287 0 0.4875577092170715 2.603078722953796 0 0.5501594245433807 2.737487152218819 0 0 98.44731119275093 1.035464942455292 0 1.264068752527237 1.833901807665825 1.235201865434647 0.8075329959392548 0 0 0 0 0 0 0 0 0 0 0 0 0 0 0 0 0 0 0 0 0.8143058121204376 0 0 0 0.4744208455085754 0 0.6907231211662292 0 0 0 0 0 0 0 0 0 0.1609747558832169 0 0 0 0 0 0 0 0 0 0 0 0 0 0 0.3058393150568008 0 0 0 0 0 0 0 0 0 0 0 0 0 0 0.5067040920257568 0 0 0 0 0 0 0 0 0 0 0 0 0 0 0 0.1912891864776611 0 0.1635238379240036 2.662565141916275 0.9924187809228897 12.2505124732852 2.432863742113113 71.75162817537785 6.645971044898033 0 1.129827260971069 0.2885115146636963 0 0 0 0 0 0 0 0 0
2364.249689102173 3597.317288048565 1968.495675615966 29.73376069962978 0 28.29130464792252 332.9938055798411 160.7268135026097 6375.16395970434 273.6181296408176 1418.06540376693 30.77323844283819 889.9555386975408 4129.112231761217 14.69743417948484 4.126854330301285 1.721135802567005 0.3838082253932953 0 0.275912880897522 1.418120682239532 0 0 0.1183646619319916 0.7877558171749115 1.95130243897438 0.3499920442700386 0.9531869143247604 0.4658794850111008 0.1260969787836075 1786.963364169002 61.59566811472178 8.207949139177799 0 0 0.1432368010282516 7.223471917212009 0.8623094707727432 2.226999163627625 2.558392092585564 2.600833714008331 1.728384852409363 1.056305669248104 3.193656243383884 0 0.9672022610902786 239.2830121442676 10.65724138170481 0.776663102209568 0.5475742369890213 2.011998653411865 1.214184746146202 0.1430894732475281 2.635586991906166 9.073288820683956 9.772292867302895 139.6321789473295 345.6483617573977 32.0168032348156 59.94405908882618 3.108441837131977 0.685392826795578 0.4063129872083664 44.71085134148598 17.27123022824526 11.71836500614882 4.886549070477486 5.486928060650826 1.029228709638119 4.815349206328392 15.9701285213232 13.54448273777962 0 158.9682001695037 174.6708149388433 99.95109076052904 70.7751102373004 8.309282153844833 4.862775608897209 14.52286341041327 1.349263399839401 4.103877283632755 26.65318030864 0.3143832758069038 2.509690493345261 13.70586539804935 1.021699830889702 0.6912096068263054 11.9162498190999 1.029979810118675 2.7851941883564 2.21269404143095 2.192326687276363 1.247770830988884 2.2264668866992 127.2583435177803 1.510018408298492 0.4764715135097504 1.844224959611893 278.2687182128429 2.732227176427841 3.117937713861465 3.874629497528076 1.134050503373146 22.76849009096622 3.441040933132172 3.628884986042976 4.574144512414932 10.6628919839859 31.6106241941452 1.773524150252342 77.17000378668308 41.00683169066906 46.63571591675282 28.98151475191116 0.7022237330675125 0.6362573653459549 0 0 0 0 0 0 0 0.1966041624546051 0 0 0.4716745018959045 0 0 0 0.1465751826763153 0.2798071503639221 0 15.59581398963928 20.51576941460371 0 0.3515534102916718 0.9300908446311951 13.4491521269083 2.159538418054581 13.86137318611145 5.588204458355904 1.138132035732269 0 0 0 0.4380572289228439 0 0 0 5.515574350953102 7.925191983580589 0.1935575753450394 0 0 0 0 0.2233116179704666 0.9159196764230728 0.08926355093717575 2.449201643466949 4.331006206572056 0.6463794112205505 0 0.2753356397151947 15.0856909006834 2.681783646345139 0.4423757418990135 0.1485720723867416 0.3382114246487617 0.1087142154574394 0.2873550206422806 0.5931350290775299 0.1090508252382278 0 17.25093559920788 1.030448064208031 0 0.4021017849445343 0.3985760509967804 24.44064934551716 7.539117217063904 10.23609429597855 6.811808697879314 2.671115279197693 5.356529980897903 0.1887113153934479 0 0.6961311474442482 0 0 0.1182836294174194 0.3966446369886398 0.264006033539772 0 0 39.22058632969856 7.306882172822952 4.961118511855602 359.026738487184 99.96089178323746 423.6779195070267 150.0425772592425 156.5729479789734 153.0242716819048 14.19778564572334 125.2905600219965 13.25864204019308 0.7407997399568558 13.51282630860806 1.594485878944397 15.97477170825005 1.955971673130989 0 6.757000423967838 1.168525412678719 0
133.5020494908094 339.1165436655283 4.321942657232285 254.6882411837578 28.29130464792252 0 519.494845494628 4.439633905887604 40.54685062170029 801.0564285367727 14.99077928066254 259.7978243976831 157.903577491641 35.4036390632391 1.194153755903244 2.658645451068878 0.4467550665140152 0 0 0 0 1.455797791481018 0 0 0 0 0 0 0 0 6.340362876653671 0.5806223154067993 7.699603855609894 0 0 0 61.8978823274374 0 4.643972605466843 0 0 0 0 0.4311549067497253 0 0 3.89416316896677 0 0 0 0 8.968944348394871 1.135748147964478 0 0.3606711328029633 0 109.0061541944742 20.69364060461521 6.224578931927681 0.1270091980695724 0.1818564087152481 0.2054561376571655 0 0 0.4226907044649124 0.135965421795845 0 0 0 0 257.358948379755 232.2080425322056 4.77307802438736 5.810092844069004 3.49546454846859 1.907134979963303 1.483023911714554 0 0 6.616063565015793 0 1.968320190906525 0 1.551871240139008 0 0.5058475062251091 0 7.54424324631691 3.025105275213718 4.832322522997856 0.2012303173542023 0.1531074047088623 0.1974935680627823 0 0 465.5179578065872 299.293030500412 42.5408937484026 16.97671891748905 578.5006550103426 0 0 0 0.3057333827018738 0.1619319468736649 0.5923699140548706 0 1.104804754257202 39.50249257683754 0 0 1.919362470507622 0.8473970293998718 4.099761128425598 0.1551936566829681 0 0 0 0 0 0 0 0 0 0 0.5563340783119202 0.6373303979635239 0 0 0 0.1282478868961334 0.6961224228143692 1.05689549446106 0.1502100378274918 0 0.6511536836624146 0 0.1544651985168457 0 0.7626262009143829 0.3706992864608765 1.376019641757011 2.63823613524437 0.8995726555585861 0 0 0 0 0 0 0 0 0.164007157087326 0 0 0 1.669033482670784 0 0 0 0 0.1346700638532639 0 0 0 0 0.9596317112445831 0 0 0 0 0 0 0 0 0 0.8846274018287659 2.518972456455231 0 0 0 0 0.1928330659866333 0.5593557357788086 0 0 0.3241729736328125 0 0 0 0 0 0 0 0 0 0 0.7315840274095535 0 0.9897390902042389 12.46744593977928 1.052950002253056 8.419798418879509 3.024327903985977 323.0000921040773 3.722466990351677 0.1671320050954819 4.736820429563522 0.5214435905218124 0 0.1408849805593491 0.1063118577003479 0.4374060928821564 0.1578278392553329 0 0.3074683248996735 0.5219582915306091 0
2458.762383580208 2506.477079972625 21.69237634539604 977.4639262259007 332.9938055798411 519.494845494628 0 16.41780970990658 225.8622325509787 4994.907397523522 127.8682749196887 1098.254451215267 8750.057625100017 903.3889384791255 20.92360013723373 9.258185878396034 2.997027605772018 0.5310726165771484 0 0 1.057474434375763 0.1610145270824432 0 0.5952447801828384 0 2.248559720814228 0 1.346304439008236 0.3550294935703278 0 163.7702145129442 5.718627020716667 11.84199830889702 0 0 0.264319583773613 18.15876063704491 0.3856492787599564 1.903238750994205 0.7599249184131622 3.382684387266636 3.381922371685505 0 3.787107951939106 0 1.31441193073988 228.6651062965393 6.911937981843948 0.7709514647722244 0.2366296052932739 1.751566804945469 1.311715945601463 0 1.957195721566677 11.00159565359354 11.2851216122508 164.9406228512526 308.128902554512 32.0174221470952 57.76771942526102 1.773303680121899 0.9903604686260223 0 30.26783269643784 14.69464040547609 10.58058298379183 4.560673870146275 5.380647599697113 1.376539975404739 4.385204546153545 57.56009861826897 28.79324867576361 0.5368572622537613 158.5871928110719 174.1970971077681 98.85301172733307 70.51522872596979 9.981488578021526 3.080780491232872 8.944829002022743 1.442576512694359 2.834699332714081 29.42397412657738 0.6954755857586861 6.900821827352047 12.17655061930418 0.5693646594882011 0.7588087096810341 7.744048468768597 1.908832080662251 1.816902540624142 1.457426711916924 2.128241367638111 2.312013603746891 1.856809951364994 1007.141484022141 7.673080682754517 2.689053565263748 2.088676869869232 458.3397736698389 4.85135056078434 7.635873809456825 7.75124192237854 3.436436235904694 31.00837317109108 7.208045989274979 15.11056852340698 8.41436829417944 242.5813369005919 73.89520785212517 3.704478055238724 134.7663353458047 76.40030400454998 98.60573522001505 56.98558960855007 1.781854003667831 0 0.3315469026565552 0 0 0 0.1583244651556015 0 0.1480422168970108 0 0 0.3555005192756653 0 0 0 0 0.1293917149305344 0 0 16.09187558293343 26.21224699169397 0 0 0 18.34591613709927 0.4352974742650986 17.96664267033339 4.494000770151615 1.816489741206169 0 0 0 1.244322970509529 0.09987463802099228 0.1741191148757935 0 4.662186346948147 11.4308051019907 1.099831558763981 0.1374063342809677 0 0.1845255345106125 0.1644467413425446 0.1814258545637131 0.4989611804485321 0 2.805075272917747 4.335773073136806 0.141667976975441 0 0.1417251527309418 28.65131940692663 4.09996122866869 0.1469865143299103 0.9615418463945389 0.2000657469034195 0.570132814347744 0.4843334704637527 0.434100829064846 0.2524243593215942 0.1702311187982559 21.51994826644659 2.092353418469429 0 0.5293432176113129 0.7059872150421143 37.2353735268116 11.60774521529675 10.93279348313808 7.94690914452076 3.489849463105202 8.407741896808147 0.4093693941831589 0.1299894154071808 0.3105277642607689 0 0 0.1336931139230728 0.6876571550965309 0 0 0 77.04090976715088 5.583031043410301 3.931740999221802 385.0343698486686 101.6204926371574 442.5101128295064 140.8297413811088 419.7003988027573 155.9402602687478 13.25991140305996 152.7780236378312 10.8653309866786 1.327757120132446 19.12476275116205 1.203527927398682 30.68409340083599 2.777066960930824 0 5.400877326726913 0.8035298883914948 0.8209564685821533
83.98052777349949 30.11335067451 3594.454825088382 0.9050661325454712 160.7268135026097 4.439633905887604 16.41780970990658 0 185.2585893496871 4.62742917239666 2644.360340185463 82.0960313975811 125.0372784137726 557.8378633931279 39.78971982747316 28.47143564373255 5.359138891100883 1.561997190117836 0.3667153567075729 3.057860746979713 3.132124550640583 0.2024271041154861 0.5859827995300293 0.5969065725803375 14.96506990492344 6.647736288607121 4.269288145005703 2.066294878721237 1.83410482853651 0.6310533061623573 1283.876716509461 3513.801794461906 202.1700424030423 0.5175648331642151 1.946277543902397 14.45453920960426 149.0663045495749 11.66488736867905 27.69863483309746 36.15009513497353 7.165582381188869 4.140633016824722 2.528884902596474 22.23538106679916 0 9.948308192193508 305.7952741384506 5.928292118012905 0.448361873626709 2.589954771101475 4.439973816275597 2.890342488884926 0.6345836520195007 0.4237404316663742 4.912460312247276 4.249334327876568 113.89128947258 506.2903095558286 26.17060917615891 52.31830637156963 75.17246702313423 30.44521529972553 7.858129985630512 614.3085047677159 8.206951275467873 4.997090339660645 3.551831513643265 3.922552712261677 1.704760894179344 16.92040777951479 107.6692606806755 47.86216358840466 0.1049573495984077 150.1402226984501 335.6578604355454 186.5667495280504 539.9228542074561 904.3840717300773 207.0233641415834 802.4210184887052 94.00010318309069 787.0885546505451 12.32397909462452 0.8180518299341202 1.153188124299049 4.753230676054955 1.308882966637611 0.211470901966095 5.721903808414936 0.3159581273794174 2.389025174081326 1.800922654569149 3.729407802224159 3.777122907340527 2.056895077228546 123.1604259610176 23.65786890685558 0.6854724586009979 11.1203937754035 98.95907679200172 5.088492177426815 1.955320492386818 7.729270622134209 1.329870343208313 15.97549784183502 0.4387581348419189 3.361588329076767 5.569714576005936 1.658951282501221 18.3996611982584 1.200232744216919 49.38689404726028 23.95202113687992 32.7458059489727 29.00104296207428 0.596525251865387 0.6977138221263885 0 0 0 0 0.7893581092357635 0.2166222035884857 0.7358434647321701 0 0.1617802530527115 0.715104877948761 0.1390188485383987 0.2821279540657997 0.564814954996109 0 0.5209547728300095 0.3466441035270691 0.145340159535408 7.933576643466949 12.25794948637486 0 0 0.4256609082221985 21.73697900772095 3.319957926869392 26.43125955760479 8.423667073249817 4.110558941960335 0 0.2709147110581398 0 1.657351717352867 0 0 0.4035155475139618 5.407642886042595 7.250998109579086 0.3625695705413818 0 0.3045584559440613 1.022932879626751 0 0.5470792353153229 0.1836726516485214 0.1029602214694023 3.643109738826752 2.709739379584789 0.4144689440727234 0 2.297494724392891 22.60754683613777 3.48560419678688 0.4373103678226471 0 0.4499608799815178 0 0.2607034146785736 0.2201850935816765 0 0 23.07932545244694 3.105296343564987 0 0 0.3042038977146149 33.27669374644756 8.451973468065262 19.54988397657871 8.857986755669117 4.287800893187523 6.798677384853363 0.2151816487312317 0 0.5247653126716614 0 0.2843500971794128 0.1703694462776184 0.2918696850538254 0.2961466386914253 0 0.1283084005117416 35.08810368180275 17.068210542202 6.583341747522354 222.5199882462621 47.94889590889215 434.5860918387771 137.1881171241403 77.92349047213793 80.37246855348349 7.751601606607437 103.2088078707457 17.15837650001049 0 17.50898585468531 1.669198960065842 24.86655385792255 3.071709454059601 0 12.40225417912006 0.3184971511363983 0.1429527103900909
196.4570416808128 596.1632485091686 599.1671847850084 21.92361384630203 6375.16395970434 40.54685062170029 225.8622325509787 185.2585893496871 0 255.0401325821877 1626.586475074291 36.05687837302685 6039.671360261738 5688.707056120038 28.59761849790812 12.95979848504066 2.601582944393158 0.183409258723259 0.1235287040472031 0 1.723158225417137 0 0 0.1600711494684219 0.2491186186671257 2.830055616796017 0 1.231458596885204 0.3188790902495384 0.2644276171922684 262.8207367882133 18.75070653110743 10.11887249350548 0 0 0.3853707313537598 17.65372671186924 0.7299814969301224 2.257387138903141 2.325276061892509 4.625780008733273 3.199314542114735 0.1506691575050354 5.854278869926929 0.281732976436615 1.248806104063988 287.2322588711977 6.142020218074322 0.8309617042541504 0.4125938266515732 2.771030873060226 1.342669308185577 0 3.795176640152931 9.040019281208515 7.994462169706821 97.82948838174343 200.2075497955084 25.18105310201645 52.43357208371162 1.935196965932846 1.042168349027634 0.1812983155250549 37.30699179321527 15.71958315372467 9.649680487811565 3.92096870392561 4.571850843727589 1.18517742305994 2.966141358017921 28.15619365125895 21.78302448242903 0 139.8026815652847 127.1013374328613 122.7639168277383 80.5892324373126 11.18545041978359 2.119491249322891 10.89157575368881 1.534986145794392 3.050791047513485 21.0753967538476 0.4576919451355934 2.973313026130199 9.30485749989748 0.7859514057636261 0.4086032509803772 10.57873904705048 1.428019292652607 1.71540604531765 1.928767248988152 1.468686811625957 3.303993105888367 3.294057942926884 355.7403316572309 10.03300580382347 0 1.816855646669865 73.42369208484888 7.11486180126667 7.457806959748268 9.631613120436668 3.030209243297577 40.08372196555138 1.14387521147728 11.55576187372208 13.24157580733299 8.870876833796501 70.79132095724344 3.949483081698418 128.6923605054617 77.34257045388222 121.2296784818172 62.33845038712025 1.984571069478989 0 0.1528255492448807 0.1678089946508408 0 0 0 0 0 0 0 0.496408611536026 0 0.2906520366668701 0.3901856988668442 0 0 0.2789698839187622 0 15.1880265250802 20.8790535479784 0 0.2853822410106659 0 22.04605934023857 2.156262561678886 20.54957772791386 4.397870391607285 3.943063631653786 0.1864656656980515 0 0 1.132483959197998 0.1555496454238892 0.3455313146114349 0 7.480975151062012 12.15017142146826 0.4348055273294449 1.154881477355957 0 0 0.1388557851314545 0 0.3116805851459503 0 4.422454923391342 6.178945116698742 0 0 0 27.08411774039268 2.504173442721367 1.241484835743904 0.9668831825256348 0.1370378732681274 0.4314993843436241 0.7807025015354156 0.4112074673175812 0 0 31.05663472414017 0.5638237297534943 0 0 0.2374120056629181 45.73020622134209 12.29688981175423 19.77373418211937 13.64688071608543 4.374875947833061 8.447429999709129 2.024734452366829 0.5085580199956894 0.4683204367756844 0 0.2658052816987038 0 0.7529842928051949 0 0 0 67.4445211738348 16.74667605757713 5.653185039758682 639.3843193873763 116.6741213947535 590.6061257943511 225.2295437529683 234.5045887604356 154.2868506535888 18.14942292869091 257.7780792191625 21.25337241590023 0.8763517141342163 21.43961198627949 3.317053727805614 47.45811195671558 5.41712212562561 0 18.46868777275085 2.099720530211926 1.044458702206612
1929.980870366096 501.8594816178083 9.831412523984909 883.9285587370396 273.6181296408176 801.0564285367727 4994.907397523522 4.62742917239666 255.0401325821877 0 29.16267350316048 1917.682636067271 4445.985774740577 458.9561288058758 6.449157848954201 7.979706004261971 1.470955207943916 0.2394052743911743 0 0 0 0.4792533665895462 0 0 0.2547206878662109 0.1623555272817612 0 0 0 0.1462477892637253 50.51743975281715 0.4561258554458618 77.95061762630939 0 0 0 28.19795960187912 0 0.960622638463974 1.429410323500633 0.7976077273488045 0 0 0.8246220201253891 0 0.3800158947706223 24.03224474936724 0.3671298921108246 0 0 0.1383173316717148 2.695162355899811 0.525748610496521 0.1483240872621536 0.7003677934408188 0.4632417410612106 78.55122591555119 71.06471378356218 5.922659903764725 4.953641302883625 0.2869837656617165 0.2498778104782104 0 2.329156205058098 0.842470683157444 0.729218527674675 0.4456754624843597 0.1714052557945251 0 0.5562229827046394 170.9935856536031 91.27050615847111 1.792287185788155 25.7607537060976 22.40778440237045 10.09140219539404 8.232118494808674 3.103410497307777 0.2678768336772919 9.987705230712891 0.635294109582901 1.386957682669163 1.988488420844078 0.4737243801355362 0.3358386754989624 0.4141195118427277 0 2.542921796441078 1.95852755010128 0.5405826568603516 0 0.3942314386367798 0.1690252870321274 0 0.4899299889802933 1251.123611360788 42.16780653595924 8.709186941385269 3.528405010700226 923.8343503177166 3.316686615347862 4.258709013462067 14.58316539227962 2.303392574191093 13.99489913880825 39.38520193099976 8.096566915512085 4.248007960617542 54.20430950820446 38.22069865465164 2.031164422631264 62.82127786427736 38.75784336775541 60.03829890489578 24.72979141026735 0 0 0.3467916250228882 0 0 0 0 0 0 0.2813259959220886 0 0.9500454217195511 0 0.2012498080730438 0 0 0.2882110178470612 0.5368575751781464 0.2154786139726639 8.334767147898674 7.062587559223175 0 0 0 7.990029439330101 0.2269098609685898 5.451293751597404 3.230025745928288 1.197828561067581 0 0 0 0.3189156651496887 0 0 0 3.023783609271049 3.155623093247414 0 0 0 0 0 0 0.2175886631011963 0 0.5196892842650414 3.466518133878708 0.5190697312355042 0 0 9.994999960064888 0.946878045797348 0 1.01854319870472 0 0 0.3941137790679932 0 0 0 6.415189638733864 0.7721462994813919 0 0.2608457803726196 0 11.94955889880657 5.129728227853775 5.615916892886162 5.829712182283401 2.321732461452484 3.708039134740829 0.9000543802976608 0 0.2107222378253937 0 0 0 0.1122986525297165 0 0 0.2220161110162735 31.65722335875034 1.640598446130753 2.124232828617096 74.67090537399054 6.722282767295837 47.50771816074848 17.94969180226326 605.8256154507399 14.12820535898209 1.100668027997017 39.61206372827291 4.042254067957401 0 8.202591754496098 0 22.13429121673107 0.1586981564760208 0 2.3045504540205 0 0.1848602741956711
570.9974645078182 384.2217120453715 3917.503208234906 1.497476309537888 1418.06540376693 14.99077928066254 127.8682749196887 2644.360340185463 1626.586475074291 29.16267350316048 0 540.2920016348362 2082.921511337161 5617.399813979864 45.03179946541786 30.91399672627449 4.169766947627068 0.2632497698068619 0.1099968180060387 0.7674877792596817 1.025954373180866 0.1686840653419495 0.8250790983438492 0.7346021980047226 28.03221061825752 8.959247246384621 4.131904035806656 2.484190940856934 2.180576160550117 0.4326864928007126 1875.868103288114 927.6767329126596 895.596432492137 0 1.227900132536888 38.45140558481216 470.0202794373035 62.20658461004496 73.94533636420965 84.39459863305092 8.392602831125259 3.824468016624451 1.139681950211525 8.887032620608807 0.4982481002807617 2.445123799145222 312.3762034922838 5.782083995640278 0.7248667255043983 2.01666796952486 4.309802427887917 3.24198804050684 0.5730218291282654 3.181760162115097 7.468570485711098 6.438186019659042 128.2871835976839 430.8176623433828 30.0898390263319 45.43763367831707 10.32923770695925 119.6421441435814 4.781814157962799 155.2731181830168 11.51785355061293 7.868271365761757 2.898551449179649 4.292233124375343 2.757923536002636 9.96370480209589 423.6344349235296 102.4266558736563 0 138.7851952314377 155.3585258498788 128.9785217866302 119.7054339498281 24.34066777676344 52.17443702369928 886.1229106932878 1.764481268823147 632.3704432174563 15.37611448019743 0.2559600025415421 2.158799089491367 7.897778272628784 1.728559926152229 0.2504664435982704 9.102294713258743 0.7363838776946068 1.595641672611237 1.992610357701778 1.961088702082634 8.054338030517101 5.100739218294621 312.3692570924759 49.72563573718071 0.9595107287168503 18.81695251166821 260.5816592127085 9.52644681930542 2.463191702961922 6.560632929205894 1.474371567368507 27.6361341625452 1.762522161006927 3.967499777674675 11.66462104022503 4.556761384010315 40.95883449912071 9.438174284994602 110.21182975173 64.43119040131569 79.56724086403847 64.49064999073744 2.107668399810791 0.8331220895051956 0 0 0 0 0.2262806594371796 0 0.1246236860752106 0 0 0.2567743957042694 0.181667149066925 0.3952853083610535 0.4040706008672714 0.3036577999591827 0.8672280609607697 0.1356001943349838 0.7858516871929169 20.42455592751503 26.75479929149151 0 0.686489537358284 0.5650495588779449 43.26288118958473 6.528037250041962 53.03337892144918 17.06693951040506 9.899800509214401 0.4688248485326767 0.1827473342418671 0 1.381015732884407 0.5404224544763565 0 0 14.27906795591116 20.01168024539948 0.4596972018480301 1.421982258558273 0.9535224884748459 0.4631257429718971 0.9424403011798859 0.194438710808754 1.270910933613777 0.328028216958046 3.446251958608627 9.614219531416893 0 0.5729597508907318 0.8722488284111023 48.83578586578369 7.475700594484806 1.367246001958847 1.66938991099596 0.5979829505085945 0.1964081600308418 0.4713045880198479 0.4736021161079407 0.3483928367495537 0 48.0246290192008 3.873408600687981 0 0 0.6392139494419098 75.38548720628023 21.29047422111034 49.48600240051746 13.59853264689445 8.8088224157691 10.08774861693382 1.252925664186478 1.014123544096947 0.6760771945118904 0 0 0 0.3101729974150658 0.1152347847819328 0 0.1033908724784851 68.70503680408001 16.75396004319191 13.40435598790646 464.9640559405088 82.6632676422596 483.7435279414058 182.8903708234429 145.9995227754116 110.7103590071201 10.70991302281618 206.4967348501086 29.71169941872358 1.94363209605217 41.02876033633947 2.579995259642601 46.9538682103157 8.493692755699158 0 13.44597080349922 1.749633401632309 1.20102646946907
409.2564400434494 55.68178723752499 18.44830466806889 568.1690905541182 30.77323844283819 259.7978243976831 1098.254451215267 82.0960313975811 36.05687837302685 1917.682636067271 540.2920016348362 0 2651.253457397223 1017.328184053302 22.22164317965508 18.35596887767315 3.297412872314453 0 0 0.1749410480260849 0.1328511089086533 0 0 0 1.929029673337936 1.072645679116249 0 0 0.1199488118290901 0 13.62604619562626 1.957764640450478 98.27245193719864 0 0 0 98.1769608259201 4.435403093695641 13.23682236671448 7.208837181329727 1.096222348511219 1.047838144004345 0 3.28386202454567 0 1.21848750859499 72.615917570889 0.3662363737821579 0 0.5022969245910645 0.3896658569574356 0.8144911974668503 0 0.694275364279747 0.1252324283123016 0.8333767428994179 19.57496776431799 15.99389399588108 3.685491435229778 6.460957929491997 0.5308572798967361 2.27324603497982 0 2.753355592489243 0.4790375977754593 0.613704226911068 0.4141450449824333 0.2386930659413338 0.118048794567585 0.53050347417593 226.8739676177502 84.87411668896675 0.9839599877595901 17.31193482875824 19.41953052580357 26.88100239634514 25.70802090317011 7.287126511335373 0 53.10893347114325 0.3642206788063049 4.602679997682571 1.258361242711544 0 0.1133508756756783 1.106186650693417 0.3313251435756683 1.499403759837151 0.6016521453857422 0.9608690068125725 0.2123185470700264 0.4233506247401237 0.6170322299003601 0.3199471682310104 0.8094399273395538 1202.510466113687 78.34944225847721 3.311553999781609 9.252858474850655 114.3885622918606 2.573946304619312 5.054319381713867 6.196091532707214 0.9429435729980469 19.52253447473049 16.35108631849289 4.487807795405388 4.007960915565491 20.08908213675022 27.66280619800091 3.25939379632473 52.33197508752346 34.16299197077751 46.94948340952396 29.55560684204102 0.504352331161499 0.7662431225180626 0 0 0 0 0 0 0 0 0 0.3299078792333603 0 0 0.2550753951072693 0 0 0.1803904175758362 0 4.764764010906219 10.06378576159477 0 0.1847546100616455 0 17.16566011309624 2.037457197904587 13.72927667200565 3.452808290719986 2.516202419996262 0 0 0.1537497639656067 0.2865904867649078 0 0 0 3.575892671942711 6.211851388216019 0 0.6799476146697998 0 0 0.1986714005470276 0 0.3963704407215118 0 1.326587319374084 4.010196462273598 0 0 0.993216872215271 22.27527296543121 2.216984517872334 0.5025463998317719 0.9280609786510468 0 0.2112832069396973 0.117891788482666 0 0 0 20.50172854959965 0 0 0 0 24.00359596312046 6.592929467558861 10.79522259533405 4.712301939725876 5.740783721208572 6.633861847221851 1.394668504595757 0.1344587355852127 0.1142695173621178 0 0 0 0 0.1541537344455719 0 0.2225638628005981 33.10015614330769 7.657874584197998 6.738587245345116 202.4160608500242 14.99700681865215 129.4897529259324 41.96303169429302 181.5131033286452 22.26999009400606 1.595960505306721 114.5023866519332 8.413858838379383 0.8565229773521423 10.69309251755476 0.694972425699234 25.16204020380974 3.869348540902138 0 7.736762389540672 0.6194779723882675 0.1953988373279572
172.2964555546641 168.6023642122746 55.7131637185812 219.6627890914679 889.9555386975408 157.903577491641 8750.057625100017 125.0372784137726 6039.671360261738 4445.985774740577 2082.921511337161 2651.253457397223 0 3430.018453523517 76.57706171274185 56.20381002128124 13.39401222020388 0.4944304078817368 0 0.1633636653423309 1.835931330919266 0.6099944710731506 0.461367666721344 0.195113867521286 2.566841915249825 2.312736794352531 0.4959862381219864 1.888042405247688 1.379532262682915 0.2980954647064209 48.75813705474138 7.449166186153889 318.47451415658 0 0.3326003551483154 2.110484197735786 115.1340717375278 8.489250749349594 30.16314965486526 39.16436599195004 4.641851931810379 4.107393391430378 0.1737665832042694 13.00054483860731 0 1.041427336633205 314.5870656520128 4.446800269186497 0.9036362543702126 0.6174139231443405 2.713298507034779 1.833074450492859 0.5128566846251488 5.584009133279324 3.404344536364079 6.450984753668308 34.28502559661865 51.27431627362967 15.23101532459259 33.44655384123325 2.224725067615509 6.56574808806181 0.8392135947942734 12.93321117758751 6.036956399679184 6.220155745744705 1.309859186410904 2.919121593236923 1.066533103585243 4.447348147630692 239.6246588379145 82.72929318249226 0.4062195122241974 67.27562714368105 48.39085821062326 110.5518126115203 115.1504946872592 22.97528041154146 1.48213055729866 143.6471973061562 1.108876578509808 7.701665461063385 8.67465353012085 0.9907933622598648 1.951668478548527 6.753243334591389 0.9523695111274719 0.726853109896183 6.893142871558666 1.255814500153065 1.761102497577667 2.69427739828825 1.639565154910088 1.775342993438244 4.244082920253277 2172.483539670706 57.13104681670666 3.395740136504173 10.86149486154318 103.2628758177161 7.305298343300819 9.399644657969475 17.03758093714714 11.25400559604168 49.7159349322319 46.174481138587 16.38454310595989 15.71376666426659 44.85637012124062 97.55299107730389 6.712054416537285 164.8947771936655 103.0552572309971 161.4088927730918 86.18132145702839 0.8466661497950554 0.1584808528423309 0.2661203742027283 0.2649682462215424 0 0 0 0 0.2711987793445587 0 0 0 0 0.4933402538299561 0.1525955945253372 0.182242214679718 0.1568019241094589 0.430912084877491 0.2958614528179169 25.80225578695536 30.90044198930264 0 0.2933828830718994 0.37967249751091 32.966183334589 4.665366783738136 36.82608949393034 9.548273727297783 1.055019535124302 0.1569496095180511 0 0.154092863202095 1.981372520327568 0 0.1349720507860184 0 8.303763002157211 12.50016592442989 0 0.5243392586708069 0 0 0.9728990942239761 0.3474646806716919 1.110485479235649 0.1246362999081612 2.215400263667107 9.786119647324085 0.3185606002807617 0 0.799529030919075 45.6312467828393 9.769126370549202 0.8795616775751114 1.345431484282017 0.4638784751296043 0.1769436299800873 0.5119859799742699 0.1243612691760063 0 0.1494365781545639 47.80834531784058 0.9258975684642792 0.255738377571106 0.1372476518154144 0.3440671116113663 55.9874919205904 22.73360462486744 23.79212167859077 14.78999580442905 9.738465376198292 13.06746616214514 2.211571201682091 0.5637193247675896 0.848434641957283 0 0.4725211411714554 0 0.2261279672384262 0.5160806700587273 0 0.1792797297239304 110.497710108757 12.773940525949 10.25819121301174 697.2339725643396 140.8086448535323 487.1429219990969 209.3381223604083 250.5219903513789 113.610935755074 14.75924677401781 319.615541651845 25.81142410635948 2.140459924936295 35.58972896635532 4.028091266751289 65.76194140315056 6.895479999482632 0 11.90983672440052 4.244153752923012 1.416002467274666
