0 5085.299946203828 441.5099801197648 2475.786373198032 301.114634141326 81.9425837546587 1726.02827565372 530.1391518115997 72.63406803458929 1481.975652068853 636.6201708242297 78.20295023918152 231.1627342477441 62.62507000565529 13.30687770247459 2.96569237112999 0.2284546047449112 0 0 0 1.273263037204742 0.4924242496490479 0 0 0.8235641419887543 0.1556974500417709 1.777156442403793 0.1429432034492493 0.3964778482913971 0 205.7782318145037 1.217837989330292 5.364841848611832 0 0.5663346648216248 0 7.367905855178833 0.958022341132164 0.1696295738220215 0.3077349960803986 3.103995144367218 1.100104987621307 0 0.1438258737325668 0 0.1231472417712212 11.55835326761007 2.213150687515736 0 0.9427013844251633 0.09915401041507721 0.4099502563476562 0 0.1419666260480881 0.8883950188755989 4.194769680500031 763.5420924648643 251.7349096164107 76.82484785467386 13.53537037968636 0.5862230658531189 1.011863633990288 0.2220780104398727 5.842448085546494 1.64791664481163 2.924955099821091 1.922567166388035 0.5495746731758118 0.5486607253551483 7.218764558434486 52.18722476065159 26.90662658214569 2.194980919361115 350.3177146315575 13.37590526044369 34.88903225213289 4.51879258453846 3.879197470843792 2.071915209293365 61.06306667625904 2.367832362651825 10.76413974165916 15.28310504555702 1.512245625257492 4.068878099322319 9.526586391031742 1.959032826125622 1.778464794158936 1.867392502725124 0.4618032723665237 0.3395906686782837 0 6.265004530549049 0.6127630770206451 0.6664100885391235 161.5681604295969 59.04817046225071 0 1.638711810112 1911.209359571338 0 0 0 0 0 0.6253427267074585 0.3703651428222656 0.1722978353500366 16.52820983529091 0 0 0 0.9120643436908722 3.323107823729515 0.3465979993343353 0 0 0 0 0 0 0 0 0 0 0 0 0 0 0 0.1501597315073013 0 0 0 0.1218964159488678 0 0.2094533741474152 0 0 0 0 0 0.4366917237639427 0 0.1505209654569626 0.1495400816202164 0 0 0 0 0 0 0.2471132427453995 0 0 0 0 0.1494559943675995 0 0 0 0 0 0 0 0.1330060958862305 0.167084664106369 0 0 0 0 0 0 0 0 0.2017198204994202 0.6127531379461288 0 0 0 0.4926024377346039 0 0 0.1220708340406418 0 0 0 0 0 0.1005837395787239 0 0 0 0 0 0 0 0.5702103823423386 1.088316828012466 0.7357939779758453 45.19757976382971 9.596059337258339 91.59580612927675 11.28294725716114 1050.106788948178 38.88042016327381 2.355607055127621 8.414327397942543 2.39518578350544 0 0.9429934024810791 0.1981634199619293 1.284615308046341 0.1574365198612213 0 0 0.5933582037687302 0
5085.299946203828 0 1797.944913610816 736.5152720957994 4694.167574979365 44.88629731535912 2521.101137891412 2076.941711321473 1464.513611383736 176.0850334465504 5703.62266741693 2.949908003211021 218.0890108048916 362.2575039193034 90.2551863566041 12.26404706388712 0.622360460460186 0 0.172695204615593 0.1873752474784851 0.2338792085647583 0 0.8802462518215179 0 2.404336422681808 1.749868266284466 3.219137147068977 1.089225798845291 1.161550983786583 0.1794509589672089 2257.207887470722 18.20575124025345 8.176056906580925 0.3015643358230591 0.8321656882762909 0.154915377497673 2.85921211540699 1.031363755464554 0.3106077536940575 0.3874918222427368 8.866852894425392 3.406439453363419 1.343874342739582 0.9954093024134636 0.3783574998378754 2.293058939278126 115.6818584427238 12.8157726675272 0.5376119464635849 2.715467624366283 2.76160891354084 0 0 0.9063542783260345 11.56068649888039 12.08471269160509 326.9895787164569 475.1308357492089 70.31330675631762 106.9928921163082 2.091689124703407 2.601987361907959 0.7354819625616074 50.55193680524826 6.700085736811161 11.86945724487305 8.31260983645916 3.137626938521862 1.952816195785999 15.41320785880089 17.05528654903173 12.83542624861002 0 836.3887134045362 138.4672610834241 334.580826446414 17.92328292876482 7.628237098455429 11.37986958026886 107.6875447407365 6.450859971344471 30.929912135005 62.25839667767286 3.619212038815022 18.90401563048363 39.17137136310339 14.25214693695307 1.538709335029125 10.11120894551277 0.7508974522352219 1.324182152748108 1.333038181066513 15.55464619398117 3.365857049822807 3.388728678226471 28.8789970651269 5.364812657237053 0 0.1434641778469086 1312.79445707798 0 0 0 0 0.2549230456352234 1.493214428424835 0.3405434787273407 1.753879070281982 8.286265298724174 1.416013404726982 0.4024994969367981 4.305152848362923 8.260427236557007 15.71517559885979 2.503948152065277 0.1811217218637466 0.3120684623718262 0 0 0 0 0 0 0 0 0 0 0 0 0 0.2063197493553162 0 0 0 0.6845666468143463 0 0 0 0 5.358963400125504 0 1.605350241065025 1.603869080543518 0 0 0.3275793641805649 0 0 0 0.2152077406644821 0 0 1.137661278247833 0.1691278070211411 0 0 0 1.015634924173355 0 0 0.1251008212566376 0 0 0 0.1268492192029953 0.7651804983615875 4.089236855506897 0 0 0 0.214922234416008 0.2372007891535759 0.3299642726778984 0.1007622480392456 0 0.2008503973484039 13.9970744997263 0 0 0.1345316618680954 0.09174986928701401 0.1817444860935211 2.625850051641464 1.637407630681992 0.6378841400146484 0.2705234587192535 1.089869037270546 0 0.1396269202232361 0 0 0 0 0.5480527430772781 0.3091548979282379 0 0.1436516940593719 2.664838880300522 7.06330431997776 7.512634128332138 368.9964597672224 68.51642224192619 629.1733327880502 112.2009388804436 693.701279848814 213.9318610802293 7.172596327960491 85.61562906950712 15.55693749338388 0.4796977117657661 5.507433220744133 0.3416239023208618 1.026812434196472 0 0 4.002078205347061 9.145224034786224 0
441.5099801197648 1797.944913610816 0 26.03249567747116 318.9188301190734 1.725763350725174 58.24961676448584 7480.855893298984 430.2065278813243 5.776397489011288 1566.750351443887 0.2953832894563675 74.64765400439501 237.1356111317873 37.56301947683096 17.84354744106531 1.793546736240387 3.696898885071278 1.014699220657349 12.14083589613438 23.71134741604328 0 2.536092460155487 0.721367746591568 5.537685960531235 4.037728898227215 14.33835124224424 2.553745418787003 0.9189828038215637 0.5418668985366821 7325.106860823929 2201.76560472697 5.693959623575211 1.188842162489891 10.57793964445591 1.44791354238987 3.365515902638435 2.577879279851913 1.742716193199158 0.7181625589728355 95.82103180885315 21.42583651840687 27.0932282730937 7.059267781674862 4.163554713129997 30.9076950699091 48.2486979663372 19.7382537946105 10.79699121415615 35.11902486532927 2.457698777318001 0.7492106407880783 0.1486294120550156 6.413453809916973 3.858473151922226 9.063412830233574 548.6672440767288 1600.460105642676 67.07535604387522 44.08273110538721 53.69845911115408 27.78486489504576 4.929899953305721 885.5364647507668 5.931422516703606 7.794285319745541 4.35359113663435 7.798109836876392 66.88747476786375 339.857353463769 8.950654588639736 8.397874683141708 0 754.458794772625 204.6554753407836 137.5248402357101 73.74166781455278 83.46403333544731 354.5071597099304 840.5116361752152 216.660951808095 744.6252999007702 38.95377706736326 1.808302447199821 11.62106968462467 27.7658750936389 43.01608067750931 0.6777796223759651 6.449913129210472 0.4423106908798218 1.418249271810055 3.071049503982067 225.5637247785926 17.37144553661346 5.152886800467968 11.2178960070014 2.095446154475212 0 0.9437090456485748 1306.015347599983 0 0.745370477437973 0 0 0 1.082531988620758 0.3149861395359039 1.31024843454361 1.207868322730064 0.5561975836753845 0 1.516153752803802 6.423176407814026 7.365664467215538 0.7766414880752563 0.1239687129855156 0.394940048456192 0 0 0 0 0 0 0 0 0 0 0 0 0 0.1737982928752899 0 0.1706399619579315 0 0 0 0 0.121409684419632 0.1097417920827866 5.492904774844646 0 1.287809103727341 1.965441860258579 0.4279001206159592 0 2.214499950408936 0.1408609300851822 0 0 0 0 0 0.50802943110466 0 0 0 0 3.63348351418972 0 0 0 0.1714784502983093 0 0 0 0.6199237853288651 1.492973826825619 0 0 0 0 0.235065795481205 0.202824667096138 0 0.1175118610262871 1.085867747664452 8.517469294369221 0.2000075727701187 0.2439707517623901 0.6360680460929871 1.668474346399307 0.1234212070703506 0.4095610827207565 3.759821310639381 0.3487900346517563 0.2416671961545944 1.043085753917694 0 0 0.217221774160862 0 0 0.1034895777702332 0.2406852692365646 0.1016472950577736 0 0 2.091301873326302 3.215624019503593 4.964965842664242 118.3529104664922 53.64859338849783 245.6859525665641 39.21356478333473 96.55229303240776 79.98470379412174 4.214831724762917 26.54650290310383 4.680384546518326 0.5114389732480049 4.42836757004261 0.1411083787679672 1.443574443459511 0 0 0.492214173078537 3.36774068325758 0.1454644054174423
2475.786373198032 736.5152720957994 26.03249567747116 0 240.2877918928862 460.3966149836779 2072.454626694322 8.082333162426949 148.1862237900496 3475.564158186316 93.37380288541317 182.3277028203011 1698.156847909093 138.4891451001167 8.266377076506615 0.7079671621322632 0.1714976727962494 0 0 0 0 0 0 0 0 0 0 0 0.5799437463283539 0 25.57888968288898 0 1.497893095016479 0 0 0 0.2239476889371872 0 0 0 0.6666938662528992 0.3038478791713715 0 0.2382894158363342 0.2325256168842316 0 13.60398787260056 2.178671024739742 0 0 0.9520222544670105 0.4510004818439484 0 0 2.041771344840527 2.404153764247894 80.32982248067856 53.2911556661129 19.27562058717012 17.40612584352493 0 0 0 2.760420829057693 1.130670182406902 1.942991569638252 1.643520906567574 0.3649431690573692 0.4707342237234116 0 9.918582960963249 7.951484322547913 0 191.6039144769311 12.91612078249454 40.26012478768826 0.5766410082578659 0.2330000251531601 0 1.146476373076439 0 0.4410782307386398 17.7142893448472 0.6228639781475067 2.852400451898575 8.725892260670662 1.520617827773094 0.4608026891946793 1.541917063295841 0.3509582281112671 0.2369046807289124 0.654833510518074 0.1724703162908554 0.302468903362751 0.1456956118345261 39.91500927507877 6.162272661924362 0 0.1875793486833572 319.2212398648262 0.1405407339334488 0.4320143461227417 0 0 0 1.21647372841835 0.6217821836471558 0.5764125436544418 12.03946200013161 0.7177887558937073 0 2.61759352684021 2.236017793416977 4.455665722489357 0.5223680585622787 0 0 0 0 0 0 0 0 0 0 0 0 0 0 0 0 0 0 0 0 0 0 0 0 0.1568789929151535 0 0 0 0.1429855078458786 0 0 0 0 0 0 0 0 0.418868213891983 0 0 0 0 0 0 0 0 0 0 0 0.8791642189025879 0 0 0 0 0 0 0 0 0 0 0 1.80057530105114 0 0 0 0 0 0 0 0 0 0.8764158487319946 0 0 0.1066597178578377 0 0 0 0 0 0 0 0.3739653825759888 0.5821519494056702 0.6444571018218994 84.96900898218155 10.16344770044088 116.4248548597097 19.41365394741297 1051.952991887927 54.2944450750947 1.355026930570602 12.60872738063335 1.36040785908699 0 0.1403764337301254 0.3250439763069153 7.144576296210289 0 0 0 0.5109378099441528 0
301.114634141326 4694.167574979365 318.9188301190734 240.2877918928862 0 12.53680604696274 3977.190538324416 72.26456322520971 9731.895576402545 480.4445711448789 888.1265344917774 5.144119083881378 781.0583966448903 1890.690807253122 90.70778292417526 7.443670101463795 0.4321528822183609 0.3087756782770157 0 0.7117287665605545 0.542322963476181 0 0.2209469527006149 0 0.4349441379308701 1.039687365293503 1.087272122502327 0.8791163265705109 2.183251544833183 0.39872857183218 111.3406055495143 7.615887999534607 34.82930539548397 0.2042009979486465 0 0.1555309444665909 16.6496090143919 0.7215423285961151 1.195712178945541 0.1407942920923233 1.292920656502247 2.98431396484375 0.1403518617153168 0.8112457543611526 0.1540884226560593 0.7789268791675568 104.6757551506162 6.258463308215141 0 0.2919554263353348 1.441410012543201 0 0 1.665140934288502 3.719836339354515 5.957494214177132 41.64082045853138 96.20750834047794 23.19309387356043 64.78393267840147 0.6209350153803825 8.50018273293972 0.1386862844228745 29.15043872594833 2.364352956414223 5.766354747116566 1.753209948539734 1.413168258965015 0.3962386772036552 2.726056717336178 52.24900136142969 47.51014719903469 0.1495966613292694 260.531440012157 90.10658817738295 316.2472866922617 16.01739521324635 6.056391917169094 1.140472441911697 15.08623148500919 0.2237773537635803 4.462645195424557 25.6965547055006 1.264756299555302 7.024991072714329 15.16878838837147 6.160735212266445 0.2477599158883095 3.727066472172737 0.540631003677845 1.592586420476437 1.946132943034172 3.47941380739212 1.240153580904007 3.091720148921013 60.47459837794304 10.25120019167662 0 0.2350578904151917 44.01987571269274 0.7560468316078186 2.632467225193977 0.7409599125385284 2.144695997238159 0.6563490629196167 8.31938399374485 1.957124605774879 9.775638952851295 23.83399619162083 5.239932969212532 0.5789821147918701 39.84741580486298 41.8879467099905 66.26410050690174 15.99318677186966 1.943279542028904 0.4282533079385757 0.3418259918689728 0 0 0 0 0 0 0 0 0 0 0.2028270065784454 0 0 0.2433522641658783 0 0.1500973403453827 0.885995477437973 1.354411438107491 0 0 0 32.07601229846478 0 14.27386979758739 3.175457209348679 0.3567500114440918 0 0 0 0 2.754521787166595 0 0 2.057526662945747 4.182815849781036 0.5613557696342468 0.3930114507675171 0.1180301904678345 0.1558478772640228 0.1784020364284515 0 0 0 0.2434437572956085 0.1806370764970779 0 2.136435329914093 2.229404985904694 15.80993290990591 0.1968797296285629 0.6375495791435242 0 0 0 0 0.1055254265666008 0.1161715909838676 0 95.89781609177589 0.9465381056070328 0 0 0.1148106977343559 2.941335394978523 5.135593295097351 10.77287461608648 1.580311633646488 2.507454246282578 4.252827927470207 0 0.5530155897140503 0.1423661708831787 0 0 0.1472420394420624 0.3397172391414642 0 0.3154393285512924 0 22.35868412256241 28.26751835644245 22.79532749950886 447.440426774323 64.77150485664606 477.8178869709373 113.6893340274692 196.8874375224113 141.9410017952323 6.980552539229393 102.3612091764808 27.00700370967388 1.717276632785797 11.27158652245998 0.6109601855278015 27.30162824690342 0.949114054441452 0 4.958408072590828 10.21097202599049 0.9094434678554535
81.9425837546587 44.88629731535912 1.725763350725174 460.3966149836779 12.53680604696274 0 204.8504042774439 3.413958594202995 19.41374122351408 956.2708281427622 22.744454883039 261.560683965683 315.4846458509564 125.1652556583285 2.639575220644474 4.068964384496212 0.7309743314981461 0 0 0 0 0.2860121726989746 0 0 0 0 0 0 0 0 2.461283981800079 0 29.61066611111164 0 0 0 24.90862368047237 1.669317334890366 1.327875077724457 0.1783821731805801 0 0.1233888268470764 0 0 0 0 1.936039090156555 0.139746218919754 0 0 0 4.293681263923645 0 0 0 0 255.3812680840492 2.223239496350288 4.544581189751625 0.1057944446802139 0.2063596546649933 2.895125865936279 0 0 0 0.3238603472709656 0 0.3741311728954315 0 0 266.4170586168766 162.3258884400129 6.336809664964676 1.211740143597126 0.1524874120950699 1.162552364170551 0.2823158949613571 0.3958314955234528 0 37.04770734906197 0.2246649414300919 0.8350826501846313 0 1.613862581551075 0 0 0 5.97603414952755 2.287269324064255 5.601138591766357 1.266497686505318 1.866568297147751 0 0 0 275.9138488769531 214.2752011567354 10.61483936011791 2.45905639231205 321.2833299934864 0 0 0 0 0 0.5695212483406067 0 0 1.826410084962845 0 0 0.6346462965011597 0.4380056858062744 0.9446069747209549 0.3543089330196381 0 0 0 0 0 0 0 0 0 0 0 0 0 0 0 0 0.4563948065042496 0 0 0 0 0 0.3245805948972702 0.2417078912258148 0.7873408198356628 0 0.4655480086803436 0.6297739148139954 0.5007216781377792 0 0 0 0 0 0 0 0 0 0 0 0 0.1733265966176987 0 0 0 0.4472188651561737 0 0 0 0 0 1.381086647510529 0 0 0 0 0 0 0 0 0 0.1924676597118378 1.028615355491638 0 0 0 0 0 0 0 0 0 0 0 0 0 0 0 0 0 0 0 0.6199958473443985 0.8850076347589493 4.021203398704529 28.92746642231941 1.575450867414474 6.05389828234911 1.008621297776699 200.8520784825087 2.361151605844498 0.5855274796485901 2.250029698014259 1.494513750076294 0.3901229500770569 0.5944457352161407 0 3.729229778051376 0 0 0 0.4036525785923004 0
1726.02827565372 2521.101137891412 58.24961676448584 2072.454626694322 3977.190538324416 204.8504042774439 0 25.80895194411278 1507.074234679341 2146.3145942837 57.71740679442883 23.82280541956425 7338.855490297079 4096.634396567941 90.73272983729839 6.970032267272472 0.1525283306837082 0 0 0.4533824920654297 0.1350714266300201 0 0 0 0.7795675024390221 0.9460595175623894 0.1802587658166885 2.177329748868942 3.986291617155075 0.5651338472962379 81.84950288385153 3.378939807415009 20.5877178683877 0.8873166739940643 0 0.2970878779888153 9.773506328463554 1.032545804977417 0.3182768225669861 0.3977307826280594 2.054460108280182 3.663783676922321 0.3449605107307434 0.8023591116070747 0 0.4766307771205902 123.0394718796015 7.98258949816227 0.6802292466163635 0.4280256107449532 2.226400353014469 0 0 1.260954812169075 4.208850502967834 9.224436774849892 113.4897814467549 146.1777367964387 42.64187201112509 92.36745900660753 0.09352073073387146 6.323281265795231 0 16.3308692201972 6.344958387315273 7.946101017296314 5.35020887106657 0.83631781488657 0.6115215271711349 2.5013672336936 38.92085973918438 25.24633906781673 0.1740015596151352 532.3424333930016 113.4329516291618 334.0764121562243 17.50084418803453 3.755571536719799 0.6736057251691818 8.984131775796413 0.7066994905471802 1.180591367185116 49.19085728377104 3.312982939183712 12.60129986703396 28.11900933086872 11.30849354714155 1.418991684913635 5.880734726786613 0.4127737134695053 1.249909996986389 1.455498039722443 2.631099253892899 1.037856988608837 3.15441370755434 84.3207324296236 8.560438439249992 0.109728530049324 0.7228245735168457 190.7522607445717 0.2909300923347473 1.083781391382217 3.324234813451767 0.4201821535825729 0.4144470244646072 4.202629342675209 3.28504541516304 7.145952761173248 13.66642361879349 6.667722761631012 0 25.75874620676041 25.84564857184887 44.95832588523626 13.08799470961094 1.076191544532776 0.8304031193256378 0 0 0 0.4590822756290436 0 0 0 0 0 0 0 0.6122031807899475 0 0 0.6937704682350159 0.6079035699367523 0 0 0 0 0 0 18.36757008731365 0.2286743372678757 10.34994683414698 2.232414618134499 0.1058361008763313 0 0.1870557069778442 0 0 0 0 0 0.720002219080925 3.998638808727264 0 0 0 0.8019540309906006 0 0 0.3330223560333252 0 0.4185929596424103 0.4146493375301361 0 0 2.006332367658615 10.84183095395565 0 0.2021674960851669 0 0 0.1104652211070061 0 0 0 0 72.53414881229401 0.5131888389587402 0 0 0 0.4988553673028946 2.070466265082359 7.267663151025772 3.020936608314514 0.8790933638811111 3.189555957913399 0 0.3367884159088135 0.204209491610527 0 0.359159030020237 0.3676719069480896 0.1034023985266685 0.3270249590277672 0 0 15.22743239998817 19.14803311228752 16.53911711275578 532.8403903916478 58.74926482886076 640.0816307142377 121.3314120918512 988.3692412823439 217.7730258181691 8.175239279866219 133.4422486126423 23.07817067205906 0.1012201830744743 12.47046422213316 0.2240829318761826 12.55614666640759 0.7318569421768188 0 2.993505835533142 9.126263879239559 0.4027631282806396
530.1391518115997 2076.941711321473 7480.855893298984 8.082333162426949 72.26456322520971 3.413958594202995 25.80895194411278 0 965.3065642938018 13.64232607185841 1519.494656167924 4.237099960446358 225.183273203671 844.7531433105469 96.16518768668175 27.49351909011602 1.230018243193626 0.2993365526199341 0.6477127373218536 4.289060994982719 10.83441442251205 0 0.5060478150844574 0.1640544682741165 12.42844749987125 4.626324988901615 19.84242025017738 2.817890040576458 1.901443630456924 1.031706854701042 1865.763616196811 2660.591054856777 11.31049113720655 0.9566534459590912 7.020487621426582 1.99493308365345 6.065065972507 4.091809824109077 2.097222462296486 2.032495260238647 42.5900544077158 11.28463609516621 4.423224568367004 4.499365985393524 0.769980400800705 7.358851343393326 113.3541052639484 5.913253292441368 0.7806102633476257 7.183168157935143 2.234933450818062 0.1296975463628769 0 2.106598421931267 4.18363643437624 3.794196061789989 126.5125755742192 347.6627957746387 24.08765614032745 60.65366813540459 29.73391130566597 14.15057318657637 1.75213947892189 483.1012936234474 3.515647865831852 4.452255561947823 3.831322088837624 2.733942374587059 10.38704415410757 80.45306397229433 21.79176120460033 16.73099558055401 0 402.2864075824618 191.6578425765038 343.6365662738681 261.8154225498438 1202.905593678355 1030.16942051053 307.310230769217 197.5689233392477 503.1582614928484 26.87134509533644 0.9857539758086205 5.455530449748039 12.93473063409328 11.17125477641821 0 4.086972683668137 0.2270519211888313 1.109198234975338 1.572651691734791 66.50300356000662 13.66130340844393 3.718133486807346 34.36986902356148 15.74711444973946 0 1.057269662618637 331.0633718371391 0.1459519267082214 1.9165069013834 0.5167377442121506 0 0.2678696811199188 1.498477533459663 2.058731570839882 4.851481527090073 2.717670351266861 2.517756253480911 0.1801274418830872 10.73679691553116 15.01311981678009 18.94228079915047 5.135248497128487 0.4331922829151154 0 0 0 0 0 0 0 0 0 0.183819517493248 0 0 0 0 0.5761748254299164 0 1.658998437225819 0 0.3834168314933777 0 0 0 0 11.60126117616892 0.17937171459198 1.920450285077095 1.924066722393036 0.4480345845222473 0 0.456608921289444 0.3625430762767792 0 0.1507982164621353 0 0 1.161937192082405 1.150571867823601 0 0 0.555353119969368 0.1726919710636139 2.279228195548058 0 0 0 0 0.1563173979520798 0 0 0.9083856046199799 10.41507515311241 0 0 0 0 0.1006429195404053 0 0 0 0.3765538334846497 30.88490199297667 1.338068038225174 0 0.1234403252601624 0.6572046205401421 0.571183979511261 1.02182312309742 6.209609359502792 0.4264326095581055 0.5995616614818573 1.069337129592896 0 0 0 0 0.208344928920269 0 0.1100356876850128 0 0.3339222073554993 0 2.052610620856285 9.513040214776993 9.253521099686623 259.1522457152605 44.77251445502043 378.0232908725739 71.18775897473097 116.8139920085669 109.5257555469871 5.059981361031532 72.19255314767361 18.79771606624126 0.2913451194763184 7.109959095716476 2.059120625257492 7.39448656141758 0 0.177540585398674 1.428431183099747 8.215750850737095 0.2431371510028839
72.63406803458929 1464.513611383736 430.2065278813243 148.1862237900496 9731.895576402545 19.41374122351408 1507.074234679341 965.3065642938018 0 580.0420763790607 2662.711785890162 18.51689272373915 2184.26642794162 4417.466040402651 118.0923241898417 38.70733039826155 1.040394581854343 0.1980547606945038 0.1176424250006676 0 0.2976197972893715 0 0 0 1.962277665734291 1.677711047232151 3.215025715529919 1.132276825606823 2.573030434548855 0.4143337160348892 66.37807113677263 5.196667686104774 32.92810571938753 0 0.6478081941604614 0 19.64991191029549 2.773347444832325 1.600035101175308 0.1513620018959045 5.867143541574478 3.868472769856453 0.5436802729964256 2.922960191965103 0.3240099847316742 0.9339086338877678 117.0102074369788 3.788308762013912 0.4333537071943283 1.886793024837971 0.6442506462335587 0.4351425468921661 0 2.154143780469894 1.378237456083298 1.490814946591854 18.34892839938402 56.76602979749441 14.28451143205166 39.35309194773436 1.032942295074463 4.908989861607552 0.299574613571167 40.23614703118801 1.348866008222103 2.575361363589764 1.307856157422066 1.345288269221783 2.554798603057861 10.98403675109148 61.66583777964115 46.75129605829716 0 121.8257713019848 76.3490687161684 283.6311683505774 48.07158210128546 28.02725405246019 7.040042258799076 67.85101218521595 1.813444755971432 5.771025151014328 11.06259869784117 0.2956175655126572 4.336521185934544 5.536671712994576 4.871002405881882 0.6437501087784767 2.818004988133907 0.2851168364286423 0.6204355359077454 0.7645902037620544 20.15068332850933 4.042171522974968 2.436622276902199 162.3022154197097 11.28219731897116 0.1581685543060303 0.6349443346261978 22.689956612885 0 4.782170027494431 0.2814825028181076 0.9915698021650314 0.1938720345497131 18.00523974001408 10.28649960458279 16.31419378519058 32.15257208049297 18.26146274805069 1.622898072004318 59.72259165346622 89.2718662545085 120.5139536336064 22.11906491219997 2.626126363873482 1.176071852445602 0 0 0 0 0 0 0 0.1939175128936768 0 0 0 0.1520702242851257 0 0 0 0.4095315933227539 0 1.333715453743935 0.2218504697084427 0 0.1533199101686478 0.4835914969444275 40.02728977054358 0.4261604249477386 15.08391251415014 4.963910676538944 0 0 0.4352335780858994 0 0 0 0 0 1.757101386785507 4.874893330037594 0 0 0.3189071267843246 0.1319633275270462 1.053956970572472 0 0 0 1.493627190589905 3.326158374547958 0 0.9874050319194794 3.497611984610558 24.21292708814144 0.1387169808149338 0.1477286517620087 0.3771520256996155 0 0 0 0 0 1.184086680412292 155.0473889037967 1.046487599611282 0 0 0.933844231069088 5.059416219592094 7.207427531480789 16.4531369805336 10.10787945240736 1.749903753399849 6.539868250489235 0.3976446092128754 0.4145733118057251 0.1124029532074928 0 0 0 0.09799467027187347 0 0.4899891316890717 0 32.41585622727871 40.21577384322882 35.15200337022543 414.1959470435977 52.43077061325312 398.1401711180806 100.3645659908652 121.4161438122392 120.3525579422712 4.434781990945339 110.2617011293769 36.78379252552986 3.047585070133209 34.45992793887854 0.6237397789955139 40.91270531713963 2.130690604448318 0 4.726476393640041 10.95647726207972 0.9955786317586899
1481.975652068853 176.0850334465504 5.776397489011288 3475.564158186316 480.4445711448789 956.2708281427622 2146.3145942837 13.64232607185841 580.0420763790607 0 37.41032561659813 1498.779845550656 10739.94728806615 699.3592485114932 10.35100472718477 2.605505466461182 0 0 0 0 0 0 0 0 0 0.1224469915032387 0.1495954245328903 0.4444190710783005 0 0 4.724943101406097 0.1244244128465652 36.25853244960308 0 0 0 13.3287101984024 0.3959314525127411 0.597080409526825 0 0.3589987605810165 0 0 0 0 0 11.26568954437971 0.680730976164341 0 0.4012185037136078 0.1175086498260498 0 0 0.2077200412750244 0.9580956697463989 0.7301482707262039 61.39253712445498 13.20452373474836 8.054181396961212 7.360119730234146 0 0.6977752149105072 0 2.544144079089165 0.5277885794639587 0.7194815054535866 0.8691207394003868 0 0 0.2398933842778206 65.93365870416164 65.62261754274368 0.5489354282617569 56.13291266560555 5.163506962358952 21.80809863656759 1.577097333967686 1.051857605576515 0 12.66197577863932 0.2077594846487045 0.1066501215100288 5.11851242184639 0.4092946127057076 1.6765191629529 2.713215954601765 0.7898319959640503 0 0.8741622492671013 0.3985914885997772 0.1146650984883308 0 0.6733376234769821 0.3918710350990295 0.13179612159729 688.380727738142 28.95402334630489 0 0.1856974810361862 280.0180850028992 1.604551672935486 30.48744080960751 40.00295479595661 79.31157828867435 0.8415153920650482 66.61923357844353 39.63039489090443 38.32779954373837 129.6993049532175 125.7474672198296 4.324441969394684 157.2085578739643 312.0849965512753 268.7415677160025 24.07227155566216 3.952826112508774 0.4115343391895294 0 1.366928339004517 0 0 0 0 0 0 0 0 0 0 0 0 0 0 0 1.3930893689394 0.6429852098226547 0 0 0 41.19890335202217 0 11.68124198913574 2.892258360981941 1.399851024150848 0 0 0.5337542295455933 0 0 0.3179552257061005 0 3.629314735531807 9.219423651695251 0.1642817705869675 0 0 0 0 0 0 0 2.33631993830204 1.932318314909935 0 0 2.257264614105225 26.3375138938427 0.795981764793396 0.4066883325576782 0.1123770773410797 0 0 0 0 0 0.2117921561002731 302.9663620144129 2.787090063095093 0 0 0 4.756386056542397 7.212359070777893 20.52926756441593 6.677782513201237 6.675143152475357 5.066236659884453 0.3033515512943268 0.2894560694694519 0.5831485390663147 0 0.1182174757122993 0 0 0 0 0 40.93401531875134 30.37221331894398 28.34609438478947 458.6781389713287 6.803868561983109 71.94406042993069 11.3120055347681 1567.331847503781 19.71629798412323 2.689895942807198 21.73486706614494 27.12979077547789 1.218086630105972 24.25523327291012 0.429762065410614 179.6669258922338 1.583310812711716 0 4.637063652276993 1.224694982171059 0
636.6201708242297 5703.62266741693 1566.750351443887 93.37380288541317 888.1265344917774 22.744454883039 57.71740679442883 1519.494656167924 2662.711785890162 37.41032561659813 0 44.84068790078163 1363.707430772483 5911.337816521525 303.322590008378 176.1170939579606 7.631172016263008 0.6328541189432144 0.1349333673715591 1.211475193500519 9.081486284732819 0 6.458696037530899 0.8161048889160156 62.46618860960007 18.36724627763033 74.92408356070518 7.928737841546535 4.988541834056377 3.617147400975227 501.1716691032052 105.5559966191649 329.5838113054633 0 14.8755260258913 12.07455497980118 94.617057941854 54.54999078810215 7.413307495415211 14.84880106896162 92.25702148675919 56.17483657598495 2.150949105620384 16.21523983776569 2.168347790837288 5.203077062964439 271.3123084157705 8.512435004115105 6.397040396928787 14.86151734739542 6.286995559930801 0.6858238279819489 0.1021428629755974 5.686452738940716 3.048614658415318 5.006761074066162 65.88784117996693 222.4530879706144 28.18030137568712 72.68232995271683 11.98578129708767 23.47798328846693 8.081616029143333 154.5735138952732 2.702760256826878 5.3712362870574 4.810513146221638 8.042975917458534 30.43792977184057 119.3179936483502 189.0310314297676 89.47182726114988 0 308.6199733316898 227.9136524274945 630.0723330155015 159.9495570138097 125.6571434438229 76.71815529465675 638.8451036512852 26.45124804228544 142.7471412494779 28.42492660880089 1.993714511394501 6.57304584980011 15.53131765127182 20.75939694792032 0.6773357540369034 3.867557100951672 0.122813880443573 3.407559268176556 1.780457094311714 202.6915342658758 55.64914992451668 11.51865135133266 235.9292959570885 67.39237544685602 0 2.433664262294769 155.2413145974278 1.729098029434681 3.703008562326431 0.484548032283783 0.851842001080513 0 8.655167788267136 1.228166908025742 8.090102031826973 5.656780511140823 7.182159721851349 1.072212740778923 27.80775347352028 36.51138007640839 68.82456523180008 18.10359807312489 1.327718734741211 1.409988790750504 0.3764701187610626 0 0 0 0 0 0 0 0.8593460619449615 0.1775477826595306 0 0.3538143336772919 0.2932708859443665 0.5021164417266846 0 1.11949910223484 0 0.7227885276079178 0 0 1.546621263027191 0 28.158551633358 0.2922304570674896 12.24125545471907 4.364878050982952 2.20481538772583 0.5522536560893059 5.591707333922386 0.519426628947258 0 0 0 0 0.6656800135970116 4.489448875188828 0.1697421073913574 0 1.231201618909836 0.1781590431928635 13.84640891849995 0 0 0 2.384399190545082 1.633730858564377 0 1.132678985595703 3.516284763813019 20.05485513061285 0 0.5970542058348656 0 0 0.1129928529262543 0 0 0.227988064289093 7.112520799040794 91.8443843126297 2.79418657720089 1.042221441864967 0 6.733244329690933 2.688596427440643 8.984448924660683 13.64449894428253 2.758636265993118 2.042888954281807 4.534145772457123 0.167441189289093 0.1324862241744995 0.4289116114377975 0.2449181079864502 0 0 0.3455554768443108 0.8257778063416481 0.860478863120079 1.168824344873428 28.1929584145546 35.35585030168295 31.7357177734375 641.4159939065576 107.6493704542518 692.9269972592592 183.715518116951 150.0464700311422 204.3966681063175 7.598877303302288 179.9750471115112 38.40374108403921 2.943499073386192 19.98974697291851 0.7057291269302368 24.00348454713821 1.309884637594223 0.6777433454990387 4.491069585084915 28.47600186616182 2.925729662179947
78.20295023918152 2.949908003211021 0.2953832894563675 182.3277028203011 5.144119083881378 261.560683965683 23.82280541956425 4.237099960446358 18.51689272373915 1498.779845550656 44.84068790078163 0 2121.217604190111 207.3887873440981 28.00987553596497 22.04813296347857 1.19718237221241 0 0 0 0 0 0 0.2987649738788605 0.172532394528389 0 1.045625150203705 0.5628178119659424 0 0 1.302438229322433 0.1494136303663254 13.90597198903561 0.4757062792778015 0.1996744275093079 0 15.48548771440983 1.017460495233536 0.4043555557727814 0 0.7677623927593231 1.611136503517628 0.2062825858592987 0.5946899354457855 1.24763710796833 3.125253662467003 20.34633968025446 0 0 1.557775571942329 0.2777919769287109 0 0 1.190564170479774 0.195284828543663 0.1552196145057678 24.82991377264261 2.517579592764378 1.573718428611755 2.277817599475384 0 1.137206792831421 0 4.799704164266586 0.2053351253271103 0 0 0.332355909049511 0.6498234421014786 0.3274423331022263 162.1551368385553 23.64023438096046 0.8310533463954926 5.943685851991177 6.440113388001919 26.26920059323311 6.386494010686874 6.626493647694588 0 21.92100349068642 1.262189015746117 0.2415099069476128 0.68205476552248 0 0.2254247888922691 0.2223644554615021 0.3476771265268326 0 0.8485205322504044 0 0 0.3456788659095764 1.046908557415009 0.5102007836103439 0.6140852943062782 2287.569161981344 139.598827123642 0.8075746297836304 0 118.160763785243 0.2550217360258102 12.72540308535099 2.225510254502296 2.960339769721031 0.85750712454319 35.68038110435009 13.97959250211716 23.35189972817898 21.10320961475372 23.75684626400471 1.58700655400753 82.78133387863636 79.74329869449139 153.1504087746143 13.11633831262589 2.033562272787094 0.729109600186348 0 0.1349241435527802 0.4290421605110168 0 0 0 0 0 0 0 0 0.1620768010616302 0 0 0 0 0 2.249377429485321 0.7061552405357361 0 0 0 21.54111720621586 0 9.412127643823624 1.810215666890144 0.31734699010849 0 0.865243136882782 0 0 0.2464638650417328 0.4818440675735474 0.2248041778802872 1.623138010501862 3.022012770175934 0.2092481702566147 0.1540474742650986 0 0 0.7822521477937698 0 0 0 1.280197434127331 0.5513538271188736 0.4171586632728577 0.5020474940538406 1.562482178211212 11.55166429281235 0.1450717151165009 0.214083269238472 0.1332497745752335 0 0 0 0 0 0.487506240606308 98.00218799710274 2.694958701729774 0 0 0 3.013975620269775 3.237045258283615 5.349745497107506 3.187461785972118 2.256693348288536 5.030932910740376 0.6348714679479599 0 0.2578725665807724 0 0 0 0.1225553750991821 0.5631583034992218 0 0 30.36617389321327 23.33658401668072 15.7128030359745 161.169620886445 11.29250667244196 62.95374929904938 17.35499832034111 316.085128031671 17.05771849304438 0.4907130300998688 22.38346532732248 22.83775055408478 0.500584602355957 20.52474587410688 0.629184864461422 57.78896607458591 0.5463525652885437 0 2.637669138610363 2.936163023114204 0.6008151769638062
231.1627342477441 218.0890108048916 74.64765400439501 1698.156847909093 781.0583966448903 315.4846458509564 7338.855490297079 225.183273203671 2184.26642794162 10739.94728806615 1363.707430772483 2121.217604190111 0 5055.814564079046 221.5429093316197 118.547567807138 5.617746375501156 0.2395370155572891 0.2908755093812943 0.2693063169717789 0.9410672038793564 1.708766832947731 0.1504638940095901 0.3287057876586914 2.707910321652889 2.160574369132519 2.201141312718391 2.733252629637718 3.45181293040514 0.320098802447319 35.38167113810778 4.119950488209724 163.0545248910785 0 1.268949970602989 4.010400637984276 162.5203019976616 100.5228212997317 5.578313738107681 7.355793856084347 6.237190999090672 6.689819067716599 2.085277147591114 9.897134870290756 0.9238048046827316 9.867965936660767 198.3667353838682 3.194690607488155 0.6202367767691612 1.851827874779701 1.385332256555557 0.3893332928419113 0.255999743938446 3.511034809052944 0.8692573755979538 2.338803507387638 44.82563251256943 41.7817247658968 19.63380364328623 42.30257343500853 3.248466663062572 15.5762245208025 2.668506398797035 40.44375893473625 0.4600586742162704 3.506997838616371 1.751759275794029 1.849315114319324 3.523557312786579 10.95046523958445 465.5675797984004 103.3792931064963 0 103.5486186444759 77.89421515911818 338.0438473522663 87.91379097104073 65.46318259090185 1.849560044705868 72.98775991797447 3.324360504746437 6.030964396893978 13.69367656111717 0.4640345573425293 2.874156653881073 5.813883915543556 8.258458666503429 0.7372307181358337 1.807029291987419 0.3535329475998878 1.532433032989502 1.374646387994289 20.16323885321617 7.088848307728767 4.293241165578365 4131.027863323689 138.1817111745477 0 1.402248963713646 129.0318563133478 3.206289298832417 36.10274437069893 4.28804337233305 14.92541036009789 3.617459014058113 105.4298612177372 56.73921701312065 95.08753482252359 128.0713833272457 91.12982241809368 5.143962293863297 330.870250351727 405.5266394838691 558.9358444437385 73.40851451456547 6.736268378794193 5.036795519292355 0 1.18384350836277 0 0 0 0 0.1105879992246628 0 0 0 0.2519789040088654 0.4889345765113831 0 0.4439748972654343 0.1677866876125336 0 0 3.848784498870373 1.774230420589447 0 1.255190774798393 0.1426614671945572 117.2544431611896 0.5653928518295288 45.39936915040016 8.512479573488235 2.470276206731796 0.6040234565734863 0.6746603697538376 0.2279829829931259 0.1107011213898659 0.8658443689346313 0.4413661062717438 0.1557683795690536 6.084741480648518 12.24197629094124 1.171075008809566 1.075172036886215 0.1431269496679306 0 5.273045808076859 0 0.1426159888505936 0.2416393235325813 2.852741926908493 3.795885071158409 1.159639276564121 0.7899037003517151 4.935636289417744 65.48449785262346 0.4882221296429634 2.490729682147503 0 0 0 0 0 0 1.678850993514061 484.9172259271145 5.447977855801582 0 0.2387302219867706 0.7056197226047516 14.99058168381453 10.25253473222256 51.54962952435017 12.1105600297451 8.936590403318405 20.77447337657213 0.7394335269927979 1.379862233996391 0.6906631365418434 0 0 0 0 0 0.4288713335990906 0.6888787746429443 154.0104747563601 100.267184689641 72.98425287008286 779.9346329420805 82.03558619320393 544.7292762622237 157.4660058543086 590.2818329781294 184.8964035511017 8.327967688441277 187.5052838847041 89.25078494101763 3.489326633512974 76.38455786556005 2.502636209130287 187.4824615418911 2.931032463908195 1.006074577569962 20.14456601440907 31.59515919536352 1.45488053560257
