0 3661.669138468802 858.1783639341593 927.1311350017786 512.2147475257516 318.9343243986368 609.5173969939351 236.3943975195289 89.47701347619295 1537.851050779223 189.6661043390632 188.4972249567509 610.5840272381902 74.81203752756119 0.4353123158216476 0.8773571997880936 0 0.1099722385406494 0 0.1399819850921631 0 0 0 0 0 0.3031278550624847 0 0 0 0 588.568467721343 42.52202974259853 5.246816121041775 0 0 0 5.757464870810509 0.2903245091438293 2.038055121898651 0 0.09544660896062851 0 0.1520897895097733 0 0.216228611767292 0 4.01202866435051 0 0 0 0 0.6899188309907913 0 0 1.404969103634357 3.75739324837923 335.1110956594348 876.4801754876971 6.310700625181198 2.394618541002274 0.3383484184741974 0.1652514636516571 0.1412484794855118 6.195726469159126 0.23091871291399 0.3057074248790741 0 0 0.5780640095472336 0.612043097615242 74.51272974908352 6.364545583724976 0 21.10584172606468 26.12993633747101 5.738677002489567 2.488848142325878 0.1373497098684311 0.5029878988862038 24.4244756475091 0.2775354832410812 1.692503191530704 0.8515206426382065 0.2522585690021515 0.3474127203226089 0.4660332500934601 0.3630008324980736 0 0.07951047271490097 0.3040561378002167 0 0 0.3866943567991257 0 0 203.8928642123938 14.76547415554523 0.2023004591464996 2.377681851387024 1450.264160335064 0 0 0 0 0 1.34222337603569 0 2.173203855752945 45.97964914143085 0.7365946620702744 0.1453747004270554 14.24097537994385 3.240846574306488 6.659058518707752 1.647566571831703 0 0 0 0 0 0 0 0 0 0 0.2135254442691803 0 0 0 0.1709498912096024 0 0 0 0 0 0.1428803503513336 0 0 0 0.5440995246171951 0 1.142042942345142 0 0 0 0 0 0 0 0 0 0 0 0 0 0 0 0 0 0 0.1147988513112068 0 0 0 0 0 0.2467561960220337 0 0 0 0 0 0 0 0 0 3.154612474143505 0.5153131186962128 0 0 0 0.5006146878004074 1.707289695739746 0 0 0 0 0 0 0 0 0 0 0 0 0 0 1.18726784735918 0.2141703218221664 0 154.1151176095009 4.970859974622726 22.97024720162153 4.740607410669327 1690.691534377635 4.910844914615154 0.6976215615868568 5.154677040874958 7.204909920692444 0.09659458696842194 0.1397079527378082 0 3.063163861632347 0 0 0.1862133145332336 1.113707780838013 0
3661.669138468802 0 1220.041278600693 1590.115751899779 5059.978504709899 463.1255166530609 3774.372826755047 462.8599753677845 1474.920962750912 1109.950975641608 558.8784844875336 48.57854943722486 1174.300401188433 458.1686494350433 9.607366159558296 1.054453678429127 1.005347043275833 0.3270050138235092 0.9315772354602814 0.3946808874607086 0 0 0 0 0 0.2695621177554131 0 0.2441516518592834 0.2084229588508606 0 1978.590610183775 29.0854284465313 9.150699652731419 0.1168987154960632 0 0.1311577260494232 1.414305098354816 0.2435974851250648 0.5313741713762283 0.2374133914709091 0.6535821929574013 0.1338417679071426 0.7583181336522102 1.314782716333866 1.204234421253204 0.3312845379114151 61.35153991729021 2.401159912347794 0.2659650146961212 1.000558629631996 0 0 0.2092115208506584 0 8.209598675370216 29.50537759810686 94.38678552210331 1425.59049911052 2.353654347360134 29.17487997561693 0.6514125093817711 1.026002883911133 0 32.21913620829582 6.830006018280983 1.405410349369049 0.535617858171463 0.2204221785068512 3.055759645998478 1.096046015620232 16.00095330178738 0 0 118.4726053401828 192.2081795036793 84.45780576020479 24.34053280204535 3.388665273785591 1.669363386929035 48.84227688610554 3.354422897100449 5.803205825388432 17.34998665750027 1.669689863920212 4.456604853272438 6.048976771533489 2.5978724360466 0.09357655793428421 1.82446126639843 0.1681820452213287 0.2560655474662781 0.4567278474569321 1.20531814545393 0.09379094839096069 0.6424764022231102 173.3452604860067 2.578174144029617 0 0.4897061586380005 564.8368583023548 0.5711105465888977 0 1.53235274553299 1.018200516700745 0.2066957354545593 6.185584120452404 0.7794838547706604 5.748883664608002 10.54972225427628 3.616153284907341 2.435342118144035 31.22004467993975 12.633803576231 13.96375250816345 8.08875684440136 0.1549484133720398 0 0 0 0 0 0 0 0.1237813234329224 0 0.2409904003143311 0 0 0 0 0 0 0 0 0.2871192917227745 0.1223316192626953 0 0 0 2.976614646613598 0 2.066474348306656 0.5268588811159134 0 0 0 0 0 0 0.4651708006858826 0 0 0.4414700418710709 0 0 0 0.1412713378667831 0.1020192578434944 0 0 0 0.3755797743797302 0.1422632485628128 0 0 0 3.861576668918133 0 0 0 0 0 0 0 0 0 11.57345022261143 0 0 0 0 5.113012216985226 0.1283897161483765 0.4122646152973175 0 0 0 0.5598828196525574 0 0 0 0 0 0.09957598149776459 0 0.101537823677063 0.09533633291721344 4.775560103356838 1.028492093086243 1.237085826694965 344.1471263021231 22.2933921739459 336.169428139925 43.6171260997653 1501.794246651232 63.67676494270563 4.71559601277113 47.48046460747719 15.11736530065536 0.3917245864868164 0.9382829964160919 0 8.959445238113403 0 0 0.3877914845943451 3.421767540276051 0.349385529756546
858.1783639341593 1220.041278600693 0 4.229816660284996 701.5538260787725 56.11721158027649 23.91030340641737 3565.090930648148 483.1966364309192 9.34332313388586 1646.706348568201 2.565769821405411 15.67142390459776 333.6399114951491 18.55151108652353 11.53264933079481 1.349646478891373 0.9200465455651283 1.557594649493694 4.51192381978035 5.891516923904419 0.1740614175796509 0 0.4591123834252357 0.1590438038110733 1.834542728960514 0.09502977877855301 0.7587209790945053 0 0 4548.415495254099 631.0038191229105 23.63274513185024 0.2556088790297508 0.09922904521226883 0.9077749326825142 5.572323396801949 1.099261775612831 1.343462325632572 0.2555597051978111 12.60352899134159 0.8705981224775314 4.164979331195354 1.553444586694241 1.613230802118778 0.8669091910123825 70.73538050055504 2.894256226718426 1.614475160837173 4.449787266552448 0.9826391711831093 0.1024865582585335 0 0.08961941301822662 6.415210843086243 25.12005203217268 65.48484766483307 1712.809669569135 3.383111275732517 26.01184663176537 1.963251426815987 2.682772323489189 2.458326332271099 358.7800212353468 4.806891143321991 1.848025687038898 0.2775190398097038 0.8943280130624771 24.10560508072376 31.77405228465796 4.807522803544998 1.333758294582367 0 97.28363858163357 211.1181605383754 103.6754855960608 38.39845817536116 8.008151978254318 32.97010704874992 398.4421724528074 22.04102968424559 106.7018123567104 13.98304450511932 1.53104829788208 4.431017838418484 5.527157798409462 7.805223613977432 0 1.236779503524303 0.1748323440551758 0 0.4853540658950806 15.87142114341259 0.5818451568484306 1.481650404632092 13.81317450106144 1.177106708288193 0 0.6715919226408005 250.8097296953201 0 0 0 0 0 0.9822343289852142 0 0.6879698038101196 0.4035799503326416 0.3884716331958771 0.8403355032205582 4.936772853136063 4.063945204019547 0.6458324939012527 2.232201874256134 0 0 0 0 0 0 0 0 0 0 0 0 0 0 0.2525831162929535 0.1490910053253174 0.2318288832902908 0.2180231735110283 0 0 0.3229224681854248 0 0 0 2.372154556214809 0 1.278619721531868 0.144485741853714 0.2756219506263733 0.1772202402353287 0 0 0 0 0.2399498522281647 0 0 0 0 0 0 0 0.1498448252677917 0.1052817702293396 0.1412699669599533 0 0 0 0 0 0 1.355244874954224 0 0 0 0.1272727847099304 0 0.1308175027370453 0 0 0 3.233696401119232 0.7486225143074989 0 0 0.2426742613315582 1.699531011283398 0.5567972660064697 1.432128220796585 0 0 0.1112655699253082 0 0 0 0 0 0 0.2729808613657951 0.1369525492191315 0 0 2.852442994713783 1.010809078812599 2.894738309085369 204.0689484626055 21.34968767315149 257.1911560893059 44.59904624521732 424.8374882787466 47.96438737213612 4.685165390372276 38.33647925406694 4.372670188546181 0.557030163705349 1.164251685142517 0.1757795214653015 2.008803471922874 0 0.09176364541053772 0 5.346978485584259 1.3408442735672
927.1311350017786 1590.115751899779 4.229816660284996 0 45.70863801985979 243.3323315531015 881.827541783452 2.021798595786095 16.36068937927485 2024.954460546374 1.135065361857414 371.2822621762753 1879.609579861164 57.30028050392866 0.4242854565382004 0.1858270913362503 0 0 0.1266689449548721 0 0 0 0 0 0 0.1395295560359955 0 0 0 0 56.37715678662062 1.177810996770859 0.6064595207571983 0 0 0 0.3182791024446487 0 0.2849395871162415 0 0 0 0.252074770629406 0.1291946470737457 0.2023800238966942 0.1319180279970169 5.617001935839653 0.8293723911046982 0 0.1056463569402695 0 0 0 0 1.143128849565983 2.887702196836472 16.88286085426807 173.2092379406095 0.2705962061882019 3.286136746406555 0 0.2178810387849808 0 4.403735041618347 1.178122319281101 0.1773242130875587 0 0 0.1102115586400032 0 142.0885034054518 0.2396604865789413 0 14.9812820777297 25.8969963118434 12.20158436149359 1.243621736764908 0 0 0.7620426043868065 0.3438328206539154 0.6710009127855301 2.552029885351658 0.2910110205411911 0.6354320421814919 1.141919314861298 0.2407539784908295 0 0.1872534826397896 0 0 0 0.1874454170465469 0 0 140.403013214469 20.03457625210285 0 0 88.30824883282185 0 0 0 0 0 1.473177559673786 0 1.651064664125443 8.705889940261841 2.047714859247208 0.4350818693637848 8.291059382259846 4.391429379582405 2.756591767072678 0.9549581408500671 0 0 0 0 0 0 0 0 0 0 0 0 0 0 0 0 0 0 0 0.1304028928279877 0.2918185293674469 0 0 0 0.1357405781745911 0 0.5564625710248947 0 0 0 0 0 0 0 0 0 0 0.3812888562679291 0 0 0 0 0 0 0 0 0 0 0 0 0 0.90526432543993 0 0 0 0 0 0 0 0 0 1.8883176445961 0.1531779617071152 0 0 0 1.214165717363358 0 0 0.1178370118141174 0 0.1148721501231194 0 0 0 0 0 0 0.1139343604445457 0 0 0 3.813332632184029 0.9170979559421539 0.1095457673072815 53.53063324093819 2.185241088271141 39.37310668081045 5.867390386760235 381.8524097427726 6.545233048498631 1.192162953317165 5.709486670792103 3.305546805262566 0 0.4153491258621216 0 2.334722489118576 0 0 0 0.1386316418647766 0
512.2147475257516 5059.978504709899 701.5538260787725 45.70863801985979 0 33.74524642527103 810.3580564036965 113.9069134965539 3605.823830641806 494.7597547024488 1075.95066164434 115.0191502049565 565.9129466488957 1243.735543988645 31.37197063118219 7.064029969274998 1.847442433238029 0.5449812486767769 1.646921545267105 0.08747979253530502 0.8153771087527275 0 0 0 0 0.201879009604454 0 0.2246071696281433 0.0954909548163414 0 238.9061376973987 21.37176045775414 5.127015240490437 0 0 0 2.278644718229771 0.8536924049258232 1.348207414150238 0.1310902982950211 0.3359195962548256 0.2058492302894592 0.1544817686080933 1.689398564398289 0.4738981872797012 0.4030883237719536 118.6611556485295 2.638194970786572 0.14853236079216 1.226216226816177 0.261685885488987 0 0 0 6.827506609261036 31.13051821291447 36.98722793906927 424.9701246917248 2.182341404259205 38.12517567723989 1.587198860943317 2.726313568651676 0 64.87463022768497 6.179056435823441 2.753973968327045 0.3219342529773712 0.6834470257163048 2.887433059513569 1.574273087084293 24.32812631130219 1.17904894053936 0 86.2961878105998 128.271304063499 124.4046429023147 51.8638499751687 3.81828460842371 2.674182638525963 11.13471259176731 3.803994312882423 5.975121572613716 19.25088035315275 1.067223064601421 7.237119063735008 7.930749163031578 2.096974045038223 0.1747377067804337 1.451991319656372 0 0 0.627991184592247 1.8136862590909 0.2565564289689064 0.8150338232517242 195.3882740214467 1.433334946632385 0 1.489032819867134 15.75427387654781 1.110642910003662 0.2307252138853073 5.147181421518326 1.323277302086353 1.763571806252003 24.54171481728554 0 14.88437757641077 10.34402120113373 12.00901262462139 4.576280660927296 97.50708120316267 47.36250387132168 58.76693394035101 21.37360236048698 0.6723945215344429 0.439730167388916 0.158909872174263 0 0 0 0 0 0 0 0 0 0 0 0 0 0 0 0 2.419394165277481 0.5225181579589844 0 1.373094126582146 0 14.93940024077892 0 7.265227623283863 0.8849388062953949 0.1495975852012634 0.1517944484949112 0.2516536265611649 0.1105324476957321 0 0.8165015578269958 0.5253652483224869 0 0 0.5468078851699829 0 0 0 0.2675308287143707 0 0 0 0 0 1.201998621225357 0 0 0 14.59580097347498 0 0 0.2428428679704666 0 0 0 0 0 0 59.08379007130861 2.258980393409729 0 0 0.1641813665628433 9.561281725764275 2.510223090648651 3.449840933084488 0.6473143994808197 0.4547244012355804 0.9472556412220001 0.5026933252811432 0.3697113841772079 0 0 0 0 0.1118383780121803 0 0 0 35.36346843838692 9.809401795268059 2.180721342563629 422.2914730012417 34.85324782133102 440.4780544862151 85.6757103279233 216.7640615180135 72.60757987946272 5.404383644461632 70.20171766728163 26.84217245876789 1.158982314169407 7.151871040463448 1.32233801484108 9.877181887626648 2.684736877679825 0.09192570298910141 3.240035802125931 9.94305058568716 0.2394804507493973
318.9343243986368 463.1255166530609 56.11721158027649 243.3323315531015 33.74524642527103 0 91.84265822172165 16.20523247122765 48.02357313036919 784.3993150889874 9.697334080934525 103.265325859189 180.2324552237988 46.29599870741367 0 0.6105965748429298 0.2195391058921814 0 0 0 0 0.3366037458181381 0 0 0 0 0 0 0 0 38.8327544182539 0 11.394516736269 0 0 0.5510436296463013 36.25819011032581 3.3659438341856 11.06088548898697 0.8893482983112335 0 0 0 0 0.1763570010662079 0 0.6088079065084457 0 0 0 0 1.167512178421021 0 0 0 0.1708816364407539 197.3640151694417 24.81950811296701 4.0082086622715 0 0 2.3947833776474 0 0.2035854309797287 0 0 0 0 0.3832624554634094 0.2600569799542427 110.2356046587229 69.22976319491863 0.4742133319377899 0.8665049150586128 1.700783267617226 1.25805588811636 0.3090599477291107 0.468911349773407 0.2494044601917267 5.579692393541336 0.3122851103544235 1.490680158138275 0.1944001168012619 0 0 0 0.1150794252753258 1.441346481442451 0.2467446848750114 2.693313539028168 0 0.1648510694503784 0 0 0 431.5215802639723 30.48770613968372 1.096427410840988 15.2780779749155 394.4341642409563 0 0 0 0 0 0.2450697422027588 0 0 1.814622461795807 0 0 1.34295454621315 0.6566166877746582 0 0 0 0 0 0 0 0 0 0 0 0 0 0 0 0 0 0.1137851625680923 0 0 0 0 0.4123515784740448 0 0 0 0.3168821930885315 0 0.5093775168061256 0.1322209686040878 0 0 0 0 0 0 0 0 0 0 0 0 0 0 0 0 0 0 0 0 0 0 0 0.4817818850278854 0 0 0 0 0 0 0.1237193644046783 0 0 0.396134227514267 1.822819083929062 0 0 0.1700483113527298 0 0 0 0 0 0 0 0 0 0 0 0 0 0 0 0 0 0.1900057941675186 0.4667416363954544 13.3603697270155 0.4302212074398994 2.221818894147873 0.9637222290039062 363.4898058772087 0.2109145522117615 0.1073632687330246 0.5631374418735504 0 0 0 0 0 0 0 0 0 0
609.5173969939351 3774.372826755047 23.91030340641737 881.827541783452 810.3580564036965 91.84265822172165 0 10.19062923640013 867.0127784386277 1473.666019484401 93.58939305692911 230.8586086705327 3092.429129123688 1264.110184594989 10.30479315668344 5.419073484838009 0.9934493154287338 0.3811252415180206 0.1786960810422897 0.1155736595392227 0.1190640181303024 0 0 0 0 0.1522765159606934 0 0 0 0 93.43411095440388 7.529522739350796 1.96491052955389 0 0 0 2.237163938581944 0.4374825358390808 0.2501616626977921 0.404116153717041 0.1503191739320755 0.1252988576889038 0.124705582857132 1.159321658313274 0.2843970507383347 0 42.77733241766691 1.47524431347847 0.232375830411911 0.3307349234819412 0.09611951559782028 0 0 0 4.270559415221214 13.6770320981741 30.12680378556252 301.369106978178 0.7290542721748352 17.28029119968414 0 0.3221287280321121 0.1216865628957748 19.03953055292368 2.457792744040489 0.7039356827735901 0.182212196290493 0.4589112401008606 1.047595724463463 0.8971621319651604 58.35050239413977 0.7735127955675125 0 45.72396823018789 68.11385356634855 49.62004290521145 19.87907387316227 1.422384150326252 0.7448295056819916 3.465726599097252 2.019401527941227 2.400559186935425 9.083631470799446 0.5334510579705238 1.903073094785213 3.07656916230917 1.404073730111122 0 0.2153465449810028 0 0 0.3085337355732918 0.7774711549282074 0 0.1353210210800171 360.1258757263422 5.360574990510941 0 1.768473237752914 35.75297436118126 0.5299174189567566 0.501715824007988 2.491317912936211 2.757980793714523 1.840899966657162 24.56129806488752 0.181035578250885 10.58485308289528 22.4441019743681 5.849318705499172 3.665794365108013 104.4066821187735 43.14342706650496 48.14731343835592 16.34828067570925 1.058266669511795 0 0 0 0 0 0 0 0.168076828122139 0 0 0 0 0 0 0 0 0 0 1.443882495164871 0.7826683223247528 0 0.4600250273942947 0 9.41428554803133 0 5.826384864747524 0.4065579921007156 0 0 0 0 0 0 0 0 0.2152879685163498 1.020362496376038 0 0 0 0 0 0 0 0 0.4242151975631714 1.048202350735664 0 0.8066404312849045 0.5665045231580734 14.66462516784668 0.423049196600914 0 0 0 0 0 0 0 0.1514217555522919 51.25355287641287 0.7624294757843018 0 0 0 15.24874523282051 2.121235340833664 4.897191412746906 0 0.2507004514336586 0.2235225588083267 2.063866004347801 1.048076689243317 0.2258758097887039 0 0 0.1060081347823143 0 0 0 0 37.22420012205839 4.752821400761604 2.50845630466938 203.6748293489218 12.92697193473577 193.5624518096447 30.51302453130484 248.1889478042722 31.82758477330208 3.44541572034359 31.39128376543522 18.71929817646742 0.2044541463255882 5.900327287614346 0.712853416800499 13.79096277058125 2.12965714931488 0 2.410730242729187 4.401485554873943 0.4078682363033295
236.3943975195289 462.8599753677845 3565.090930648148 2.021798595786095 113.9069134965539 16.20523247122765 10.19062923640013 0 78.63032195717096 3.12565840035677 669.820054769516 1.635568961501122 12.00004295259714 298.8566268980503 75.63946968317032 44.52001370489597 6.82630480825901 15.70583039522171 7.280913524329662 44.08778551220894 71.44600990414619 0.2601754814386368 0.8580265790224075 5.206511460244656 0.2875272706151009 17.38652778416872 0.2196611762046814 4.111505001783371 1.614042669534683 0.6708069071173668 2118.179858148098 2913.466897219419 45.53409668058157 2.646414250135422 0.7262191474437714 0.6128561273217201 8.596832163631916 2.41382209956646 2.719966374337673 1.613802447915077 160.7620630413294 8.893345028162003 64.66041447967291 14.56573108583689 33.07311172038317 22.73410625010729 179.8621710240841 8.085001207888126 3.917270913720131 44.60436447709799 5.157265990972519 3.302332818508148 0.7623986676335335 3.450076729059219 10.05846583098173 44.21216255426407 60.8010112196207 970.2493074461818 3.345238298177719 55.29883417487144 69.1674295887351 7.715499587357044 10.1792059019208 574.5761293247342 12.25013412535191 4.111892618238926 5.047920927405357 7.333391115069389 276.5431108549237 350.178989559412 6.798453338444233 2.868139445781708 0.1106821745634079 132.4886713549495 295.3998040035367 246.3648230135441 219.8878072500229 141.9075167775154 1063.272850006819 887.3559691011906 727.6526818871498 1020.969570845366 23.95930850505829 2.325226567685604 8.561230532824993 12.35826732218266 78.94036188721657 0 2.557019770145416 0.3313586786389351 0.2292947694659233 3.376375012099743 161.8524060845375 6.575030848383904 16.26466654986143 8.204656422138214 1.396125510334969 0 2.538448669016361 44.26427082717419 0.1139173358678818 0 0 0 0 0.2235950827598572 0 0.9099699258804321 0 0 1.114661201834679 4.143240295350552 1.374347910284996 2.265605345368385 2.241690374910831 0.5604838281869888 0 0 0.1766799837350845 0 0 0.09979371726512909 0 0 0 0.6146059557795525 0 0 0.22388656437397 0 0.6827770620584488 0 0.5043392777442932 0 0 0.470448762178421 0 0.3064841628074646 0 2.810684107244015 0 2.111932449042797 0.9491070210933685 0.671141654253006 0.112547367811203 0.6903813257813454 0.1290791630744934 0 0 0.1816407442092896 0 0 0 0 0 0.2281243801116943 0.1485507935285568 1.322072602808475 0.1690479591488838 0 0.09408063441514969 0.1028601080179214 0 0 0.2960419505834579 0 3.484681606292725 0 0 0 0 0.1189305335283279 0.09887853264808655 0 0 0.515082836151123 3.865307152271271 1.181946754455566 0 0.1461975872516632 2.326978787779808 1.77233848720789 0.5431907474994659 0.8695341646671295 0 0 0.114004373550415 0 0.4961409270763397 0.1386859714984894 0 0 0 0.6572475507855415 0.5706575587391853 0 0.4627770856022835 0.6389230042695999 1.629729524254799 2.441193170845509 436.2679910734296 46.18913768231869 597.0659650042653 111.0493193790317 192.8942951187491 77.01938124746084 10.12137225270271 99.25127468258142 10.0256799608469 0.5795439332723618 1.989918850362301 0.3952241688966751 2.057416796684265 0.8158770948648453 0.08682733029127121 0.7369890213012695 11.67236679047346 0
89.47701347619295 1474.920962750912 483.1966364309192 16.36068937927485 3605.823830641806 48.02357313036919 867.0127784386277 78.63032195717096 0 764.7538774684072 2591.78687722981 268.3060350120068 1268.091441899538 5609.515274100006 51.69399927556515 20.35652927309275 3.803553521633148 0.5487195253372192 1.326476067304611 0.8720635548233986 0.8468318656086922 0.2207475081086159 0 0.3840965703129768 0 0.4613485336303711 0 0.6241295114159584 0.1142329350113869 0.1027045324444771 123.9854165911674 34.10373382270336 6.551126644015312 0 0.192653477191925 0.1038415729999542 4.503947988152504 0.8445184379816055 1.0281687900424 0.1191294342279434 2.896445877850056 0.2447456121444702 0.7301212698221207 3.508383952081203 1.90544356405735 0.7400222197175026 124.1489542648196 2.821120657026768 0.9198241829872131 1.53075236082077 0.4256629720330238 0 0.1372156888246536 0.2940949648618698 6.843004994094372 28.81474450975657 37.74431021511555 265.9521027132869 1.695575252175331 27.56616768240929 1.925948731601238 1.439323283731937 0.5586515516042709 87.86488401889801 5.461624346673489 2.221960857510567 0.9082843065261841 0.38082355260849 3.212421715259552 6.040971621870995 72.12412298470736 5.935084275901318 0 75.07495625317097 103.1148117035627 145.0781239420176 82.65388806909323 8.248821616172791 2.332509890198708 28.03132177889347 3.723529994487762 9.395759500563145 13.60852916538715 1.421806737780571 5.310821786522865 5.739411041140556 4.428264886140823 0.1205227673053741 1.276325583457947 0 0.09809316694736481 0.5887292623519897 3.465527281165123 0.2632503062486649 1.227114923298359 775.6322040706873 4.380004592239857 0 1.527650594711304 11.70380492508411 5.137208506464958 0 8.428550437092781 7.215683825314045 4.697109341621399 76.14874179661274 0.6828495860099792 26.68026243150234 25.57742412388325 24.05587091296911 18.12054567784071 289.2974028363824 128.5354968905449 186.1068995222449 71.71465621143579 1.475141614675522 0.1292766183614731 0.2030208557844162 0.1291182041168213 0 0 0.3604368716478348 0 0 0 0 0 0 0.5321968495845795 0.1980788260698318 0.5401269793510437 0.2505470216274261 0.3932313695549965 0 5.976660288870335 3.116932392120361 0.2975411117076874 0.2496280446648598 0 44.77753967046738 0.14072585105896 23.96040733158588 1.649074509739876 0 0 0 0 0.1375727206468582 0 0.8241812288761139 0 0.1111994981765747 4.509830728173256 0 0.3797041177749634 0 0.1470869928598404 0.2578760087490082 0 0 0.1644680202007294 1.144153669476509 8.513403169810772 0 0.7617853432893753 1.002180233597755 44.23630806803703 0.6907814890146255 0.8829183131456375 0 0 0 0 0 0 0 166.2040602862835 2.204412542283535 0 0 0.1538036912679672 29.50396672636271 5.917561523616314 7.024873614311218 3.355657197535038 2.437877632677555 1.855997808277607 0.9332156330347061 2.165415361523628 0 0 0.331689178943634 0 0.09082358330488205 0.3343724384903908 0.1747472882270813 0.3751960843801498 106.2792304232717 16.82351464033127 9.009872406721115 542.6670992150903 35.68148894608021 503.8506973832846 105.2609107345343 206.2492154985666 77.41630298644304 7.898113667964935 113.0907289683819 90.93096882849932 0.5483805388212204 22.9958087131381 1.170633167028427 47.83956453204155 6.071049213409424 0.1205344572663307 8.599187850952148 14.65864848345518 0.4119492173194885
1537.851050779223 1109.950975641608 9.34332313388586 2024.954460546374 494.7597547024488 784.3993150889874 1473.666019484401 3.12565840035677 764.7538774684072 0 10.40007189661264 1781.608907043934 5945.080976814032 239.9069107398391 3.076675526797771 1.024109810590744 0.2073112577199936 0.1463518291711807 0.1562507301568985 0.1353424489498138 0 0 0 0 0 0.1206434294581413 0 0 0 0 50.18899221718311 1.777474656701088 3.540286883711815 0 0 0.1207739785313606 8.65630366653204 0 0.1165608763694763 0 0 0 0 0.1875410676002502 0.2426143363118172 0 10.00691138207912 0.1100163608789444 0 0 0 0 0 0 0.5237957835197449 4.510505467653275 24.04092429578304 177.2680649608374 0.8122111111879349 3.594878859817982 0 0.5148771405220032 0 3.294472269713879 0.5799207538366318 0.3930500671267509 0 0 0.9505598172545433 0 719.677824780345 2.676644459366798 0 20.8763082921505 23.94574920833111 14.89588359743357 4.943530581891537 0.8203831762075424 0.2759626284241676 1.686267755925655 0.4742040932178497 0.5513767153024673 1.739950187504292 0.2935406491160393 0.6275134459137917 0.6950937956571579 0.1002349257469177 0 0 0 0 0 0.3351657539606094 0 0 1505.499652996659 60.11876377463341 0 0.4770334959030151 232.8743689805269 1.300459742546082 0.760346531867981 9.059121534228325 4.834617167711258 2.683815330266953 56.09677251428366 0 24.58686408400536 51.85140724480152 16.6674473285675 5.162348687648773 177.1090959385037 71.47455881536007 92.37643633782864 31.55399242043495 0.1336759775876999 0.2354059368371964 0 0 0 0 0 0 0 0 0 0 0 0 0 0.1506476253271103 0 0 0 2.117965862154961 1.735879257321358 0 0 0 18.84260369837284 0 6.819953642785549 1.102399572730064 0 0 0 0 0 0 0.60285884141922 0 0 2.124532625079155 0 0 0 0 0.4148886203765869 0 0 0 1.252168335020542 0.9957609921693802 0 0.3967517018318176 1.325182110071182 15.76585315167904 0.2306411266326904 0 0.8013373166322708 0 0 0 0 0 0 65.74334692955017 1.160470634698868 0 0 0.2196358293294907 8.099879562854767 2.572220146656036 0.7970090955495834 0.3215928599238396 0.9078022241592407 0.6165076494216919 0 0.1984716653823853 0 0.09579800814390182 0 0 0 0 0 0 38.58185286819935 6.20347997546196 3.20740632712841 163.2215847820044 4.255826339125633 59.03042821586132 7.023881055414677 835.3773099705577 9.66349945962429 0.2644575461745262 12.53129707276821 69.20588014274836 0 9.534981951117516 0.1178697273135185 27.03483231365681 3.984633177518845 0.6701028943061829 4.229646310210228 0.7861121669411659 0
189.6661043390632 558.8784844875336 1646.706348568201 1.135065361857414 1075.95066164434 9.697334080934525 93.58939305692911 669.820054769516 2591.78687722981 10.40007189661264 0 4.702799439430237 116.8512877002358 6780.933685958385 77.15200040489435 37.77293399721384 6.788208477199078 2.542391017079353 2.106547139585018 5.781376458704472 6.632273942232132 0.2736910507082939 0.178672194480896 1.206248387694359 0 4.829785689711571 0 1.491945207118988 0.6190844848752022 0.2111455351114273 508.2483782842755 597.1914048194885 170.2785643488169 0.2351594418287277 0 0.8683018162846565 32.19373019784689 2.902609169483185 1.266936413943768 1.242330476641655 17.85497532039881 2.364466309547424 5.197720684111118 4.30225196480751 2.614261947572231 0.9324892163276672 182.0778326690197 5.478699252009392 1.377364575862885 3.771597437560558 0.6645207032561302 2.564759910106659 0.2208515554666519 0.6048915609717369 8.657726898789406 40.79227066040039 37.88488462567329 432.4139821305871 2.913712933659554 50.00403437018394 3.0636912509799 6.978766269981861 2.178803518414497 229.1445107832551 11.14040592312813 3.39232112467289 1.936070665717125 1.456056885421276 20.64887328445911 35.77481116354465 22.29082018136978 6.047739319503307 0 105.7729108855128 180.4348294958472 224.3784992992878 151.2878727912903 18.10941650718451 54.52498535066843 2158.486077353358 30.10467623919249 146.4029313102365 21.18650923669338 2.095660299062729 8.370949260890484 9.860306590795517 8.844107620418072 0.2843093648552895 1.901593744754791 0.7137989401817322 0.380060501396656 0.9561834037303925 15.8735717907548 0.694097675383091 2.786587655544281 43.00919370353222 0.8722393289208412 0 1.170507028698921 19.78999822586775 0.4873260110616684 0 1.174662128090858 0.1781525462865829 0.1031221598386765 4.943887464702129 0 1.250731766223907 2.389077618718147 1.4500612616539 2.114683948457241 14.44761182367802 6.041004166007042 12.5865161344409 7.268788017332554 0 0 0 0.1554953902959824 0 0.3304807841777802 0.1313794404268265 0 0 0 0.1301706880331039 0 0 0 0 0.1303889453411102 0 0.1448406130075455 0 0.8043081015348434 0.5374082028865814 0 0 0 8.820306047797203 0.2851516604423523 4.236443884670734 0.9472699612379074 0.4934301823377609 0 0.1169206202030182 0 0 0 0 0.302044004201889 0 0.170598953962326 0 0 0.120262548327446 0 0.5218294486403465 0.07962983101606369 0 0.08812268823385239 0.1843807995319366 0.2703942134976387 0 0.340226411819458 0.2725532799959183 8.352340072393417 0.1378868967294693 0 0 0 0.09376703947782516 0 0 0 0 18.71683150529861 1.399746626615524 0 0 0.3091107532382011 3.837714441120625 2.772608131170273 0.8067056834697723 1.316840708255768 0.4492377787828445 0.1245009303092957 0 0.1990195959806442 0 0 0.1181758940219879 0 0.2796512320637703 0.1137821301817894 0.1031829640269279 0.1644308716058731 6.050475478172302 4.085619479417801 3.570020124316216 484.8064540699124 46.45418431609869 563.0056447684765 130.1911828741431 155.1510514467955 89.26326525956392 9.339470468461514 108.0262347608805 13.31032230705023 1.152881272137165 1.915099211037159 0.56514011323452 6.064955934882164 1.058544404804707 0 1.785593196749687 15.40124969929457 1.194653511047363
188.4972249567509 48.57854943722486 2.565769821405411 371.2822621762753 115.0191502049565 103.265325859189 230.8586086705327 1.635568961501122 268.3060350120068 1781.608907043934 4.702799439430237 0 1964.747046217322 139.2538244649768 18.59039200842381 17.25983408838511 1.105612009763718 0.3486683815717697 0.8706787079572678 0.2583349421620369 0 0 0 0 0 0.2628881931304932 0 2.015353083610535 0.129547193646431 0 5.273445464670658 1.080818369984627 37.81148800253868 0 0 0 102.6314672902226 1.793630763888359 2.469979427754879 1.92048617452383 0.7335811033844948 0.2265012860298157 0.1235666796565056 1.508882902562618 0.5544823780655861 0.572664737701416 24.44947212934494 0.1124878525733948 0 0.2886353358626366 0 0.8189821243286133 0 0 0.274821013212204 1.296515643596649 10.34185645729303 37.02009207755327 0.3260097950696945 1.818360671401024 0.9921691194176674 1.453973710536957 0.1478183716535568 4.479588627815247 0.7390348687767982 0.09385728091001511 0.08124829083681107 0.1049247533082962 0.6090609133243561 1.109144002199173 273.2832981944084 42.64554123580456 0 9.736342884600163 8.116358749568462 12.27981135249138 10.89055592566729 1.399072423577309 0 7.904191724956036 0.654899999499321 4.462783180177212 0.9229714795947075 0 0.1418530195951462 0.4753474742174149 0.8064479976892471 0 0.2137082293629646 0.2151201814413071 0 0.6164383888244629 1.263435676693916 0 0.5810038074851036 1877.023324094713 10.8030069321394 0.1830178648233414 2.86726002395153 28.21150340139866 2.265280030667782 0.1298532038927078 2.766213327646255 3.015121281147003 3.854602359235287 38.37697963416576 0.662557378411293 14.49164061248302 11.87046756595373 6.511259287595749 15.75860741734505 141.7530859485269 66.63653214275837 131.2285474389791 64.08577325940132 1.362261675298214 1.029386505484581 0.1819244623184204 0 0 0.6426512002944946 0.247324176132679 0 0 0 0.2747090458869934 0.1789319664239883 0 0.7474403083324432 0.1796292811632156 0.1310208588838577 0 0.2628228962421417 0.1732741147279739 5.268525004386902 3.092473536729813 0 0.2221251800656319 0.209594264626503 52.58552768081427 0 26.58681066334248 3.080618299543858 0 0 0.6635574698448181 0 0.1244454681873322 0 1.220125891268253 0 0.8634297996759415 4.735924378037453 0.338219478726387 0 0 0 1.022681541740894 0.1464547663927078 0.4371123909950256 0 1.40541947633028 5.795949019491673 0 0.7340006679296494 1.597545862197876 43.48995577543974 0.8082918971776962 0.2585788518190384 0.3775100857019424 0.135192483663559 0 0 0 0 0.2474322989583015 139.2623671367764 2.635885417461395 0 0 0 30.8950591608882 4.289445735514164 6.418154783546925 3.14606524258852 2.833527684211731 1.494195275008678 0.5685864686965942 1.10687917470932 0.3816946297883987 0 0 0 0.09555622190237045 0 0 0.1094995737075806 56.11112006008625 22.32730191200972 9.587288059294224 162.8172017708421 4.567004732787609 82.32954143732786 16.138756044209 133.4904265552759 11.30969036370516 0.3016076907515526 45.96422256529331 61.04468806087971 0.1270450353622437 21.54206705838442 0.971344530582428 33.59792657196522 4.817486703395844 0.1275572031736374 7.681605078279972 1.908377029001713 0
610.5840272381902 1174.300401188433 15.67142390459776 1879.609579861164 565.9129466488957 180.2324552237988 3092.429129123688 12.00004295259714 1268.091441899538 5945.080976814032 116.8512877002358 1964.747046217322 0 4564.752961359918 84.61027036607265 66.11227802187204 8.326745472848415 2.874672971665859 3.125637069344521 1.487043544650078 3.912104114890099 1.597070530056953 0 0.347400963306427 0.4901707172393799 2.373289093375206 0 5.832496255636215 0.1353746503591537 0.1139531955122948 49.85887140780687 10.12798595428467 341.686844304204 0.9216039329767227 0 0.4735221862792969 307.6082638725638 5.052426286041737 102.8905351012945 8.332824647426605 5.937724746763706 0.5922422856092453 1.686025619506836 4.491106741130352 1.290557816624641 1.262690976262093 103.7032124772668 3.201367452740669 0.5728492885828018 2.653886161744595 0.4969430789351463 1.625330418348312 1.284890897572041 1.202403739094734 3.715701103210449 16.60528521984816 26.40517859905958 219.1570740714669 0.7807090878486633 22.28989497572184 2.719523243606091 4.492119535803795 0.3201891779899597 42.20245198905468 2.550856173038483 0.5568881407380104 0.5316585823893547 0.2322657406330109 4.870810426771641 13.32140534371138 697.5875809192657 65.63319481164217 0.2807148993015289 44.27818826586008 63.14117835462093 84.79247520118952 73.45002545416355 19.84925275295973 1.162687465548515 61.78737758845091 7.127514250576496 14.01455398648977 8.367610946297646 0.4512085020542145 2.176392152905464 3.299353592097759 4.262452021241188 0.1205703169107437 0.7095629796385765 0.3812715858221054 0.5995283126831055 1.20538716763258 7.882494285702705 0.4110000506043434 2.125609844923019 4016.756617963314 22.36193147301674 0 2.936043582856655 53.50568325817585 10.18393664807081 1.295883312821388 9.607986062765121 8.308785513043404 12.90287172049284 75.44834982603788 1.505273908376694 31.24444502592087 41.54768213629723 21.87702071666718 28.83843170106411 323.1829733997583 172.9105210676789 257.0274909734726 123.4453520476818 2.985980927944183 1.293866090476513 1.106562167406082 0.885179877281189 0 0.2560533955693245 0.5004946440458298 0.1891351491212845 0 0 0 0.3256061524152756 0 0.1242048814892769 0.2000019550323486 1.81581549346447 0.1709082126617432 0.5679202973842621 0.5485340654850006 11.30812441557646 10.95086504518986 0.2487850561738014 1.075657851994038 0 108.8106930106878 0.523585632443428 55.52531050145626 4.969593524932861 0.3737836927175522 0 0.3625427484512329 0 0.8168613314628601 0.172606885433197 1.261718064546585 0.144036740064621 0.4681697264313698 7.635232545435429 0.1261539459228516 0.1883964538574219 0.5079847946763039 0.665041446685791 1.253733664751053 0.2437509894371033 0 0 2.648291163146496 9.00390150398016 0 1.870439551770687 1.175398141145706 96.02841991186142 0.8210523724555969 0.5246052891016006 0.3247504159808159 0.1925984919071198 0 0 0 0.142447754740715 0.2064063102006912 328.5190942957997 9.98614439368248 0 0.1666011214256287 2.073200337588787 67.99130643904209 17.07948729395866 20.40765468031168 2.439663656055927 1.249595463275909 3.046408027410507 1.786066889762878 1.731970153748989 0.5432813763618469 0 0 0 0.345128521323204 0.383313462138176 0 0.1339722871780396 157.8357334062457 53.35287338495255 26.69935414940119 609.7240103557706 28.44340193271637 374.0643637105823 102.3866356238723 377.4856583997607 59.56913597136736 4.769999913871288 165.1630420014262 103.5964042171836 1.146177440881729 41.90815356373787 2.056808218359947 68.84555020928383 9.846654944121838 0 14.26924134045839 17.06199318915606 2.477602005004883
74.81203752756119 458.1686494350433 333.6399114951491 57.30028050392866 1243.735543988645 46.29599870741367 1264.110184594989 298.8566268980503 5609.515274100006 239.9069107398391 6780.933685958385 139.2538244649768 4564.752961359918 0 231.1896587908268 181.2699752300978 19.48268335312605 4.508603669703007 7.475821629166603 12.98473808914423 16.33851873129606 3.186170317232609 0.4140603244304657 0.979155957698822 0.9317502751946449 12.40087234228849 0.1134604439139366 14.50606064498425 1.800699196755886 0.2151143476366997 131.8369603231549 71.53113739192486 841.1909884884953 0.7166229709982872 0.1614901274442673 2.745966583490372 672.385879740119 17.99596241861582 19.54811038076878 5.036894783377647 36.34599737077951 6.903788849711418 5.648783445358276 10.14779964834452 4.423930644989014 3.232506655156612 336.9126797541976 5.785565800964832 1.905912466347218 8.762061551213264 1.953757397830486 4.616596035659313 1.252013549208641 3.969664007425308 8.299554608762264 33.30109471082687 53.60585901141167 331.9762333109975 3.702898137271404 52.07440236210823 4.715877659618855 30.7736455053091 4.553214803338051 215.0057432800531 9.227478913962841 3.492162674665451 3.015985205769539 2.836592085659504 27.6498409062624 69.96035029739141 351.6588997095823 63.47693363577127 0 106.9841591194272 162.3624035716057 297.5943601503968 281.7896594256163 46.06285612285137 5.718384429812431 244.3324250355363 29.13919447362423 102.3050394356251 17.98747295886278 1.343548201024532 6.508763931691647 8.428801640868187 14.43215832859278 0 2.222791932523251 1.916107021272182 0.4992925748229027 2.429487571120262 46.68446449935436 3.225932650268078 8.99162919074297 1091.164830043912 6.594844706356525 0 6.053884901106358 12.09957006573677 6.522344060242176 0.2821008563041687 9.818370424211025 5.025355979800224 10.86933764070272 77.46414467692375 1.884036034345627 36.97049520909786 21.96241623163223 23.18745721131563 28.6708297431469 327.610763117671 139.4725433588028 218.2915990203619 110.4378454238176 2.559763163328171 0.5472777560353279 0.5233087092638016 0.1593090891838074 0.1377923637628555 0.4628516137599945 0.3783030286431313 0 0.3296069353818893 0.2394827008247375 0.9739036113023758 0 0 1.405561797320843 0.2891040742397308 2.623415805399418 0.8432667106389999 0.9302608519792557 0.1285224854946136 10.04382978379726 8.235014624893665 0.1095702797174454 1.539613001048565 0.169650211930275 102.6102342382073 0.7088291794061661 56.76959969103336 11.1079611107707 0.5039132684469223 0.09641435742378235 1.392297193408012 0.6636517345905304 1.08266793936491 0.1698298156261444 2.747985884547234 0.8902133628726006 0.7175806313753128 4.763222306966782 0 0.270876370370388 0 0.6017424464225769 4.201216280460358 0 0.09013834595680237 0.3332432582974434 3.848724506795406 8.091722175478935 0 1.796581715345383 3.415147460997105 82.25818230211735 1.551358081400394 0.1663665622472763 0.4045604169368744 0.1268738508224487 0.1106640174984932 0 0 0 0.2781582921743393 263.4028540700674 5.630473010241985 0.1500497162342072 0.1260507106781006 1.8134755641222 70.52738018333912 16.10359437018633 17.91411203891039 3.122529834508896 3.99742042273283 2.650604568421841 0.6050586327910423 2.628778219223022 0.5738392099738121 0.1580372750759125 0 0 0 0.2741179540753365 0.3238960057497025 0.2836664021015167 111.3248053342104 38.1192737147212 20.27930571138859 1415.300822243094 74.05033415555954 1023.026471421123 277.6858087554574 354.5105799287558 149.4686810895801 14.57427354902029 390.8832511603832 131.9192460253835 1.110726617276669 46.57120863348246 2.654836237430573 72.35657253116369 11.10001436620951 0.3165863826870918 14.72039492428303 41.14187539368868 3.456011347472668
