0 3546.188111908734 587.049414023757 929.1884746551514 595.1258290112019 288.2081954926252 1153.836939923465 162.9574644565582 14.58566477894783 647.3048267513514 487.4023786261678 0.8688595592975616 13.84205912053585 83.49236400425434 4.360666081309319 1.649566829204559 0 0.1282456666231155 0.1662136614322662 0 0.9488144963979721 0 0.2804230749607086 0.1706053465604782 0.2604776322841644 0.5539862960577011 0.454862579703331 0.1156553626060486 0 0.1517017632722855 373.1795888096094 11.71535635739565 5.362057700753212 0 0.1475627422332764 0.4546606838703156 4.357788316905499 0.9222102463245392 0.6623296737670898 0.4905600249767303 2.115379765629768 0 0.3339372500777245 0.8510430902242661 0 0 19.93722367286682 3.969755411148071 0.4782940000295639 0.2214603871107101 1.185876630246639 0 0 0.1316473633050919 9.973699830472469 9.22664313018322 304.1161727234721 708.9523750990629 23.94865422695875 3.038554616272449 0.414119690656662 1.604132726788521 0 3.784800142049789 6.697267651557922 6.377699732780457 2.131469182670116 1.699660897254944 0.2603842988610268 0.3745750039815903 3.874202013015747 7.378374263644218 0 71.18368244916201 20.70583891123533 5.650866493582726 14.72277856618166 6.844694331288338 1.478413157165051 128.8234181106091 0.5673598572611809 15.03517604619265 14.72951589524746 0.6861806809902191 3.062999203801155 6.982385978102684 2.26993814855814 0.2812091037631035 1.173736825585365 0.6200508624315262 0.5365612283349037 0.3198304176330566 0 0 0.1105259358882904 89.00903441011906 10.94540616869926 0 0.136061429977417 1382.917587205768 0 0 0.4204539060592651 0 0.8690371513366699 11.84664626419544 0 0.6773670613765717 2.438288658857346 0.4735723584890366 0 8.957578018307686 2.420071959495544 3.164718508720398 0 0 0 0 0 0 0 0 0 0 0 0 0 0 0 0 0 0 0 0 0 0 0 0 0.1466566771268845 0.1487002372741699 0 0.8086849525570869 0.9364866465330124 0.3582060486078262 0 0 0 0 0.1865620613098145 0 0 0.2677804529666901 0.6399619579315186 0 0 0 0 0 0 0 0 0 0 0 0 0.5195130705833435 0.1533845812082291 0 0 0 0.3444644659757614 0 0 0 0 0 0.9765341728925705 0.5976011157035828 0 0 0 0.3879623711109161 0 0.3020040988922119 0 0 0 0 0 0 0 0 0 0.2254843860864639 0.1690796613693237 0 0 0 0.2955417037010193 1.055570751428604 88.01274362206459 11.19235298782587 94.44837272912264 6.819140627980232 1330.499648422003 138.4059840068221 2.552401766180992 13.49718613177538 1.152718037366867 0.2677373141050339 1.00986585021019 0.2432983592152596 0 0 0 0.3771296739578247 0.4769888669252396 0
3546.188111908734 0 1083.742053173482 596.4547890499234 2999.837960585952 270.6631209030747 2686.724480010569 577.0692502260208 291.7605058848858 159.9479428976774 3744.162736654282 0.3215310722589493 228.7496756836772 925.1830586791039 11.46683020889759 2.678006432950497 1.186088308691978 0.2513004168868065 0.2989842593669891 0.2637913227081299 0.3930539488792419 0 0.4990611374378204 0.5801798030734062 0.6138394474983215 1.483373075723648 0.7732653170824051 1.654209233820438 0.3501657247543335 0 1707.6308118999 17.65393028408289 11.51048961281776 0 0.301940992474556 1.520018205046654 5.469306267797947 1.612290479242802 0.4730730801820755 0.7938638478517532 2.765449412167072 0.9041715636849403 0.4283120483160019 0.6425891667604446 0.5617108568549156 0.821050226688385 115.1269709318876 15.21597472578287 1.00782211124897 0.7756361067295074 4.886872105300426 0 0 1.669943943619728 20.31425311416388 20.50420169532299 142.8296809867024 934.2365336194634 35.29162185639143 22.756063118577 0.09544214606285095 4.684859916567802 0 76.16278574615717 18.88466008007526 24.10440739989281 11.35879538953304 4.710387997329235 1.75218403339386 2.435483150184155 8.12133265286684 15.02781766653061 0 182.0699270889163 102.8269791975617 69.76668154448271 78.61324952542782 25.37613447755575 2.138231553137302 290.8098058849573 3.177955254912376 21.72934257984161 34.22790784388781 2.667616426944733 12.66528365015984 17.00779856741428 8.89873019605875 0.1895154193043709 5.891773916780949 0.1125392988324165 1.774587228894234 0.2592064291238785 0.39790378510952 0.5096710845828056 1.8089359998703 99.91389159858227 2.391913421452045 0 1.857758812606335 721.1864412501454 0 0 1.794865757226944 2.113936424255371 0.179198756814003 61.62185575067997 0 8.770832389593124 4.821339815855026 3.896131560206413 1.289539903402328 34.51518359780312 4.866905748844147 12.81499376893044 3.705675378441811 0 0 0 0 0 0 0 0 0 0 0 0 0.1714915037155151 0.5685056895017624 0 0 0 0 0 0 0 0.1693213582038879 0 0.2139900773763657 4.005439043045044 1.563049450516701 1.986206129193306 2.484671995043755 0.3058640211820602 0 0 0 0 0 0.3795193582773209 0 0.3099649250507355 1.632153362035751 0 0 0 0.8549545854330063 0.6505735814571381 0 0 0 0 0 0 0.714385062456131 0.7500725239515305 9.639777362346649 0 0.323913037776947 0.3053877949714661 0.1113258600234985 0.2551584765315056 0.242389589548111 0.1038760989904404 0 0 11.70549419522285 0.2083634734153748 0 0 0.3451756834983826 4.414896562695503 0.7452441155910492 3.668890133500099 0.8010755777359009 0.9743294715881348 0.6553144454956055 0.8398048281669617 0 0.3727961555123329 0 0 0 0.3892342373728752 0.219269298017025 0 0 1.692197844386101 0.5169661641120911 5.167910188436508 282.7645782083273 60.8238068073988 500.3239439204335 40.0190424695611 1013.735375754535 287.1694092825055 17.33564658463001 89.43866816163063 10.29072622954845 3.399150386452675 3.350651159882545 0.7601487562060356 0.3334638774394989 0.4963181763887405 0.8942847847938538 1.54841074347496 5.372224755585194 0
587.049414023757 1083.742053173482 0 1.380934000015259 1004.987145185471 2.87778078019619 30.76807418465614 3248.61709202826 103.422093860805 2.907686963677406 4650.230261459947 0.1296916306018829 17.05697309970856 201.2771251574159 21.54332055896521 9.45423349738121 1.338342942297459 1.0703956335783 0.3380078077316284 4.288627900183201 4.236664444208145 0.1715149730443954 3.550471127033234 5.603553906083107 0.9921135902404785 6.345067799091339 6.209995210170746 6.771454371511936 0.5969519466161728 1.755995243787766 3627.284666925669 739.4492409974337 55.87746804952621 0.6407350301742554 3.295357257127762 1.682249009609222 12.90267192572355 7.0651560947299 3.375787056982517 1.46941352635622 22.53984732180834 3.18440867960453 7.644254371523857 2.577420368790627 0 0.6526294946670532 60.84417624026537 5.036126956343651 1.088444791734219 3.475708968937397 2.372241988778114 0 0.670933336019516 4.731404356658459 6.669801503419876 5.323687687516212 42.96216195821762 745.547876380384 11.68875512480736 10.29842819273472 0.4151062220335007 34.70861055701971 0.5375016629695892 100.4263733997941 5.897135317325592 8.442844226956367 3.584763169288635 7.001698657870293 12.81408409029245 19.72030282765627 13.21638806164265 14.72203812003136 0.1678529679775238 49.55886372923851 46.90886408090591 41.93522193282843 88.73337837308645 45.83372853696346 66.61065978556871 1630.864458322525 11.81844858080149 702.6986029073596 11.08989119529724 0.622278518974781 3.689625650644302 5.134253092110157 5.685619063675404 0 1.810488380491734 0.3821920454502106 0.3617827817797661 0.2627957314252853 7.902031652629375 0.8253964558243752 1.448978953063488 5.767824038863182 3.227220624685287 0.1586613208055496 1.337782010436058 281.3242152631283 0.1313206702470779 0 0.6008012890815735 0 0.4993258267641068 3.78259864449501 0 1.58097206056118 0 0 0 11.71041555702686 2.805814936757088 3.275557830929756 2.109999060630798 0.1502225995063782 0.2926898598670959 0 0.958434522151947 0 0 0.4595276415348053 0 0.3138579428195953 0 0 0.1222770363092422 1.276352986693382 0.2641382366418839 0.7081297412514687 0.1310556083917618 2.923064351081848 1.471566803753376 0.4028634130954742 0.2519283294677734 0.330567792057991 0 1.368439897894859 0.8181174397468567 8.188922315835953 1.996122993528843 7.683774143457413 4.995300196111202 2.884094677865505 0.6514578610658646 0.3666883707046509 0.1482322663068771 0.5428524315357208 0.9017322808504105 0.8461042046546936 0.2678497135639191 0.4302717596292496 0.9191438481211662 0 0.1372447460889816 0.4284456968307495 2.422110863029957 2.656858712434769 0 0 0 0.6444423645734787 0.4809682592749596 0 0.7055480852723122 2.843036890029907 14.51152797788382 0 0 0 0 0 0.4158562123775482 0 0 1.944993898272514 9.682620897889137 1.293430253863335 0 0 0.3836719319224358 4.200531274080276 2.196891523897648 7.267901994287968 1.021947652101517 1.531970471143723 0.3016166388988495 0 0.1197003349661827 0 0 0 0 0 0.2531136497855186 0 0.1418918371200562 0.5302127301692963 3.513757281005383 9.657925635576248 115.5803498923779 29.5482209995389 160.7707588896155 27.96119002252817 109.1796571612358 75.098288603127 6.300550445914268 45.88408693671227 6.338530354201794 1.395807571709156 5.400400377810001 0.7904733121395111 1.68465418368578 1.999353162944317 0 2.642255648970604 2.961200453341007 0
929.1884746551514 596.4547890499234 1.380934000015259 0 15.32835627347231 253.7490581274033 1522.175666347146 0.8864578455686569 0.2289108783006668 767.3216758072376 1.615701943635941 0 20.5492770075798 3.917021617293358 0.2347729951143265 0 0 0 0 0 0 0 0 0 0.1393474042415619 0.1071974039077759 0 0 0 0 32.61440344154835 0 0 0 0 0 0 0 0 0.4019285440444946 0 0 0 0.4759265184402466 0 0 6.489890940487385 0.3816300630569458 0 0 0.213667631149292 0 0 0 1.176206350326538 1.713407449424267 6.804661422967911 42.7367180287838 1.887119814753532 0.3567063808441162 0 0 0 3.485947459936142 1.931936860084534 0.9467539265751839 0.4919630587100983 0.1152139604091644 0 0 0 0 0 10.49851778894663 8.387759208679199 4.151250585913658 2.6479272544384 0.5537401884794235 0 0 0.2989019155502319 0 2.148039482533932 0.1404032856225967 0.6917504444718361 1.560205645859241 0.3838605657219887 0 0.07709486037492752 0 0.5588932707905769 0 0 0 0.4330625534057617 102.6613116115332 0 0 0 52.41181376576424 0 0 0 0 0 14.65157076716423 0.6198632717132568 1.084164708852768 1.509215325117111 1.849396646022797 0 3.330722063779831 2.9230095744133 2.939371839165688 0.36085045337677 0 0 0 0 0 0 0 0 0 0 0 0 0 0 0 0 0 0 0 0 0 0 0 0 0 0 0 0 0 0 0 0 0 0 0 0 0 0 0 0 0 0 0.1211210042238235 0 0 0 0 0 0 0 0 0 0 0 0 0 0 0 0 0 0 1.437986344099045 0 0 0 0 0 0 0 0 0 0 0 0 0 0 0 0 0 0 0 0 0 0.9622719883918762 0 19.84394789487123 3.121005699038506 24.37829802185297 1.192554138600826 239.3698776364326 17.75061468780041 0.5647526904940605 1.835268378257751 1.692799001932144 0 0 0 0 0 0 0 0 0
595.1258290112019 2999.837960585952 1004.987145185471 15.32835627347231 0 7.258469641208649 1048.207966484129 745.842967107892 4020.29585172981 65.99219717085361 4587.095473445952 1.773169696331024 287.2789700031281 1099.986353240907 10.44129487872124 2.350513897836208 0.2398738637566566 0.11744324862957 0.2202990800142288 0 0.576008677482605 0 0.105125330388546 0.1726251542568207 0 1.199795447289944 0.4718685373663902 1.322637781500816 0.5910241901874542 0 846.5712918564677 47.07564578205347 2.187747962772846 0 0 0.2100220546126366 3.250428296625614 0.9025985524058342 1.322984203696251 1.196208268404007 1.881845310330391 1.198193609714508 0.1378963887691498 1.317280352115631 0 0 163.7439660653472 14.28373420238495 0.6955786421895027 0.3566596806049347 4.073412738740444 0.1008944362401962 0 1.67955819517374 13.42450019717216 12.61407569050789 52.22825285792351 369.9115273058414 21.91915585845709 26.1587687805295 0.7290103584527969 1.204903423786163 0.3009674847126007 106.2155916541815 15.07534690201283 16.27930714190006 9.364259451627731 6.625939704477787 1.336467310786247 0.8421345576643944 23.08961981534958 41.62294824421406 0 125.8396060541272 107.4277157858014 103.5637857615948 118.2966524511576 20.26283493638039 1.173550873994827 57.72126833349466 3.42553398758173 13.36223790049553 25.26317887753248 1.349387682974339 9.747362747788429 15.12287767976522 6.166214995086193 0 6.746955543756485 0.4246629625558853 2.022896766662598 0.8151190653443336 0.3642950803041458 1.12372187525034 2.314427338540554 57.62702287733555 5.729793772101402 0 0.1154572740197182 104.4604509323835 0.5844893753528595 0.366655707359314 7.268332198262215 1.03294962644577 1.742351517081261 61.57175841927528 0.9054291248321533 26.33025242388248 14.77638077735901 9.281391859054565 9.510607942938805 128.472717165947 34.31449218094349 43.56758802384138 17.57512955367565 1.003226339817047 0.3824342489242554 0 0.169750988483429 0 0 0 0 0 0.4914111196994781 0 0 0.8749961256980896 0 0 0 0.2326714023947716 0.1536253392696381 0 1.648447096347809 0.6655142307281494 0 0.1781881898641586 0 11.57388650625944 1.555755920708179 6.108945392072201 1.623017698526382 0.395008496940136 0 0 0 0 0 0 0 1.146748751401901 2.821502387523651 0 0 0 0 0.1139262765645981 0 0 0.1094929203391075 1.019755423069 1.753863446414471 0 0.2731919288635254 1.02623076736927 35.80785559117794 0 1.03131940215826 0.3086100816726685 0 0.2495628595352173 0.1125208884477615 1.064012542366982 0.1106042712926865 0 46.55749836564064 0.5572776198387146 0 0 0.6845149323344231 9.000226713716984 1.386785864830017 12.24078527092934 1.270009055733681 2.851000174880028 0.9544928073883057 0 0 0.7832727357745171 0 0 0 0.3606864139437675 0.102064274251461 0 0 8.510902985930443 4.489842742681503 6.274044670164585 384.1069915369153 92.90930520743132 590.8545912802219 72.40249072015285 419.5238483771682 230.6070717051625 22.10015106201172 128.3284713700414 14.76077412813902 2.742992922663689 12.23762354999781 0.9798969030380249 7.828380361199379 1.42328916490078 1.505585193634033 3.450914636254311 4.977308318018913 0.3365200236439705
288.2081954926252 270.6631209030747 2.87778078019619 253.7490581274033 7.258469641208649 0 137.1980476677418 0.8016173541545868 39.83453745394945 911.958616361022 9.704544737935066 135.018681794405 276.7969140708447 28.60063593089581 0.333475261926651 0.2102372050285339 0 0 0 0 0 8.529538325965405 0 0 0 0 0 0 1.755779296159744 0 31.65878500789404 0.2075099647045135 7.224253326654434 0 0 0 22.14743404090405 0.8394314646720886 5.31878799200058 0 0 0.539281815290451 0 0 0 0.1329220831394196 3.191581353545189 0.1874570101499557 0 0.1981517672538757 0.8715587556362152 20.81918966025114 1.583618581295013 6.977384522557259 0.8730112910270691 0.7342523261904716 105.565224006772 87.68834718316793 3.448356010019779 0.164844274520874 0 1.710699275135994 0 0 0.5843064114451408 0.9421478435397148 0.2175342738628387 1.23079252243042 1.332615241408348 0.1889711916446686 151.3680582940578 562.299537062645 13.69055272638798 9.697261765599251 3.895192459225655 2.611937403678894 0.8258158266544342 0 0 2.761143550276756 0 3.48432520031929 1.963037811219692 5.743899948894978 0.4058052077889442 1.90313433110714 0.3131632059812546 28.61691817641258 18.62137603014708 31.89384128153324 12.52759539335966 26.75447269529104 2.468901723623276 0.8741437643766403 5.343792587518692 538.2443635463715 173.6367404311895 68.82238449156284 26.45644553005695 458.2403778135777 0 0 0 0 0 0.4508395791053772 0 0.2475768327713013 0 0 0 0.9689879715442657 0.5293084383010864 0.2616090476512909 0.7044113278388977 0 0 0 0 0 0 0.2274585664272308 0 0 0 0 0 0 0.2683776617050171 0 0 0.9275374114513397 0.2597162127494812 0 0 0 0 0 0 1.789311617612839 0.5844598710536957 1.65975484251976 0.986080527305603 0.708039715886116 0 0 0 0 0 0.3389939367771149 0 0 0 0 0 0.4298776090145111 0 0 0 0.6967083215713501 0.3879899531602859 0 0 0 0 0.5418403595685959 2.689532339572906 0 0 0 0 0 0.1255020797252655 0 0 0 2.723100900650024 2.998354285955429 0 0.303570568561554 0 0.193741500377655 0.1662749052047729 2.058339729905128 0 0 0 0 0 0 0 0.2395912259817123 0 0 0 0 0 0 1.030079558491707 1.91034147143364 6.136243604123592 2.690286405384541 16.46149532496929 1.018133513629436 280.6622017920017 18.35314709693193 0.6996555030345917 1.991706401109695 0.5098965913057327 0.2077208161354065 0 0 0 0 0 0 0 0
1153.836939923465 2686.724480010569 30.76807418465614 1522.175666347146 1048.207966484129 137.1980476677418 0 27.97234681248665 1879.475337147713 1837.174932554364 277.9224288463593 45.79196152091026 6217.12392321974 2741.07024641335 15.06986054778099 2.505299091339111 0.6520783752202988 0.314489834010601 0 0.1435753703117371 0.7917357087135315 0 0 0.3900488987565041 0.4819493517279625 1.607806086540222 0.1562757343053818 1.792115315794945 0.264717161655426 0 581.5474693700671 14.43648960441351 4.970369569957256 0 0 0.5676176697015762 5.994130924344063 0.9339487552642822 0.1962224394083023 0.756161667406559 0.8239172622561455 1.956459872424603 0.2443188950419426 0.6870655417442322 0 0 180.1062941551208 20.08308048546314 1.911520458757877 0.3465930223464966 6.245232060551643 0.3250338137149811 0.6568229347467422 1.929058410227299 22.08130215108395 22.81550416350365 62.64964697510004 409.0259531512856 23.50838674604893 37.3161568492651 0.9328948259353638 2.600227683782578 0.1386277377605438 111.644667968154 24.19508339464664 29.19759287685156 15.0650540292263 9.187887877225876 1.122961580753326 0.7722249031066895 14.12323425710201 38.0922038257122 0 149.9202709570527 122.6849343851209 116.6542010605335 116.5469412878156 20.74985602498055 1.8028649315238 12.59771115332842 2.915751025080681 5.848135001957417 32.06238560378551 3.394045986235142 16.88166150450706 22.96809892356396 7.873413763940334 0.0921696275472641 9.31391116976738 0.3606504201889038 3.17760107666254 0.4835948050022125 0.443938322365284 0.7876338064670563 2.858669377863407 373.6763701736927 5.557135581970215 0 1.591398030519485 111.686302088201 0.5864523351192474 0.9052130356431007 12.24051605165005 2.000936657190323 1.234463632106781 83.29171566665173 1.23940597474575 48.06623389571905 27.52840049564838 16.02823106944561 9.744173750281334 151.021983332932 38.18972373008728 50.35922285914421 13.21516479551792 0.5341786891222 0 0 0 0 0 0 0 0 0 0 0 0.123065359890461 0 0 0 0.6532022058963776 0 0 0.9803479462862015 0 0 0 0 11.15215769410133 2.216599456965923 2.018137872219086 1.520207569003105 0.2347543239593506 0 0.2601043581962585 0 0.2843879163265228 0.1059162467718124 0.1467888951301575 0 2.863946221768856 2.78477019071579 0.6162559390068054 0 0 0 0.3024945855140686 0 0 0.2414717823266983 1.642536625266075 0.7557137608528137 0 0 0.5026237070560455 27.57521013915539 0.1691206395626068 0.7351810857653618 0.3516936898231506 0.3931527882814407 0.484804779291153 0.3139110505580902 0.1394988745450974 0 0 36.19040316343307 0 0.1089014336466789 0.2329398542642593 0.9446304440498352 5.454155027866364 1.291753008961678 8.479906231164932 2.810237869620323 2.838502764701843 2.274164035916328 0.2011351734399796 0.9405612647533417 1.333015531301498 0 0 0.1820014268159866 0.3514872640371323 0.3535522520542145 0 0 13.88947102427483 4.487099811434746 6.96392448246479 370.5872055888176 119.9623959064484 647.1092069074512 82.30240494012833 741.5772468075156 297.1208251640201 30.15755931288004 129.541640304029 15.05704459547997 3.543013751506805 7.395489558577538 1.370615392923355 4.925088830292225 2.15185010433197 1.552107959985733 1.745255351066589 4.587721921503544 1.100609540939331
162.9574644565582 577.0692502260208 3248.61709202826 0.8864578455686569 745.842967107892 0.8016173541545868 27.97234681248665 0 285.7175955846906 4.662468582391739 3194.615857213736 0.2739457488059998 32.94337483495474 198.590724632144 28.45047006011009 15.8943604901433 9.343798153102398 3.709930062294006 2.902271807193756 20.00993345677853 19.49131244421005 0.4089287966489792 12.5853855907917 7.300150349736214 2.758951880037785 8.635031901299953 10.78235822916031 13.94239340722561 2.222465708851814 1.822499290108681 1762.856073535979 3294.713582158089 83.7179234623909 2.904827952384949 4.957710027694702 2.6672183573246 21.64385417103767 10.84568801522255 4.765024460852146 4.54892060905695 51.49210093915462 4.370116032660007 19.90503239631653 7.11035180836916 6.318616554141045 9.475976720452309 95.02449794858694 4.682488359510899 1.06603379547596 16.92091877758503 3.952532894909382 0.2640073373913765 0.6773489788174629 9.091534808278084 6.238044217228889 5.643778949975967 23.04610430449247 247.3177526593208 8.199349246919155 14.22577932476997 7.520856782793999 69.74582172930241 1.364286735653877 256.3258960023522 3.52110631018877 7.243759132921696 5.969938911497593 15.33332550525665 39.18335331231356 41.64176312088966 18.87217944860458 29.06761640310287 0.8090896308422089 48.29318317770958 54.10017286986113 62.30068861693144 136.1005772128701 82.48341211676598 629.9089317619801 3108.589424468577 227.3519812077284 2667.76406557858 8.869738295674324 0.4909988939762115 2.741344526410103 4.611053071916103 16.25183010846376 0.2577065676450729 2.429600417613983 0.2306067273020744 1.567084066569805 0.9607817828655243 15.4005566239357 1.304704815149307 2.255053125321865 19.49569010734558 3.550178498029709 0 1.114578440785408 53.06456299871206 0 0 0 1.759382322430611 0.489586129784584 19.65541139245033 0 8.234781667590141 1.340749263763428 0.1382378488779068 0.3551491796970367 19.60838676989079 7.689443826675415 15.80324430763721 4.84780490398407 0.1621995866298676 0.1469334214925766 0 0.1774928122758865 0 0 0.7050592750310898 0 0 0.4466563761234283 0.5233189463615417 0.4312191531062126 1.075739324092865 0.9289518445730209 1.067741580307484 0.7584086060523987 3.04822064936161 0.9391255080699921 0.6002781689167023 0.4900936633348465 0 0.5443751215934753 2.453227460384369 0.7527990192174911 6.726606987416744 3.594187289476395 6.435280725359917 10.04063995182514 2.253348715603352 1.09548157453537 1.79718953371048 1.657834455370903 0.194913238286972 0.1081215962767601 0.5279108434915543 0.7066221237182617 1.656959101557732 0.5120194777846336 0.635783925652504 0 0.1652866750955582 2.106235429644585 6.67915403842926 0.06574456393718719 0 0 1.485031992197037 0.61217300593853 0 1.905346393585205 6.998818449676037 17.09036873281002 0.4886714816093445 0.4097743481397629 0.3275358602404594 0 0.1263178735971451 0.37485271692276 0 0 2.6600591391325 13.0121708959341 2.115176811814308 0.8817131519317627 0 1.264625869691372 4.022811964154243 3.268620297312737 9.882398828864098 1.949615970253944 0.6821151226758957 0.5176559388637543 0.2755036354064941 0.1101977303624153 0 0 0 0 0.4884793385863304 0.2917018383741379 0 0 3.37938217818737 2.660548284649849 12.97569521516562 253.1080888807774 41.45855654776096 275.7496984601021 38.76037138700485 109.790384106338 82.37999737262726 6.279210530221462 109.3169726133347 11.65393168479204 2.003621265292168 9.053570002317429 0.8056902140378952 3.957943364977837 0.5210426449775696 0.3338993787765503 0.4739415943622589 2.24292317032814 0.9098592102527618
14.58566477894783 291.7605058848858 103.422093860805 0.2289108783006668 4020.29585172981 39.83453745394945 1879.475337147713 285.7175955846906 0 554.2828391864896 2489.11044600606 37.53681674599648 1030.722844518721 2149.33683244884 49.03768589347601 9.940580986440182 0.877397857606411 0.1375395357608795 0.1063039973378181 0.1183900237083435 1.460519969463348 0.377954974770546 0.576927661895752 0.6625561937689781 0.5035829097032547 1.594534233212471 0.7282162085175514 3.549191318452358 0.4634105935692787 0 172.8001607581973 57.36713983118534 3.84297876060009 0.2114866077899933 0.1232030093669891 0.377095952630043 6.25720289349556 1.130084939301014 1.051619283854961 0.6387336999177933 1.490710154175758 2.07203371077776 1.010481938719749 1.251380622386932 0 1.133886232972145 268.6223873645067 8.560371272265911 0.3187367618083954 0.7735187634825706 3.3293227404356 0.412013940513134 0 2.573553763329983 7.379006966948509 8.85870336741209 16.77165717631578 82.62924414128065 12.81940425932407 37.15983911603689 1.16068035364151 5.296001836657524 0.4201984703540802 60.14833435416222 6.852309979498386 11.90001641213894 6.837480492889881 4.467761814594269 2.029278568923473 2.974601723253727 34.10072218626738 116.2867393195629 0.3305214643478394 83.36390819400549 61.77159842848778 156.1554001271725 302.3266559690237 97.197963796556 3.590197339653969 30.49854954332113 5.115048125386238 31.44704361259937 14.03238575160503 1.703324683010578 5.226559691131115 7.466088764369488 5.727511674165726 0.3949614763259888 4.14819473773241 0.08816356211900711 2.001154452562332 0.7249668538570404 1.188341379165649 0.5218582972884178 5.088136240839958 467.4872599765658 19.0701978802681 0.3352330476045609 2.20907436311245 16.14077860116959 0.854873038828373 1.647075206041336 16.38968726247549 8.126589044928551 9.055121727287769 226.8574318811297 1.650458589196205 109.1812370121479 50.96807369589806 38.24613898992538 24.72198773920536 488.3603238463402 108.7316068261862 174.3043736591935 61.48779806494713 0.2492810860276222 0.4310506954789162 0 0 0 0 0.2898405194282532 0 0 0 0 0.1141182705760002 1.040773421525955 0 0.5588239133358002 0.1306860148906708 0.4514161050319672 0 0 6.300851054489613 2.731559485197067 0 0.8543146401643753 0 31.9683725386858 4.253699287772179 10.21309388428926 4.014138802886009 0.7789558693766594 0.467975914478302 0 0 1.074847221374512 0 0.1802896559238434 0 6.215937778353691 4.644468352198601 0.1438918560743332 0 0 0.9851439297199249 0.1415462493896484 0 0 0 0.9243561401963234 1.85759662091732 0 0 1.40594270825386 77.12863262742758 0.4001524895429611 0.7032224759459496 1.153436884284019 0.5446261167526245 0.3863108530640602 0.09797653555870056 0.5921911895275116 0 0.1459297090768814 123.3525849208236 0.7644335180521011 0 0.1390661895275116 0.410082221031189 25.44546366482973 3.510967001318932 24.23341417312622 5.777939155697823 10.2366586998105 5.445939391851425 1.397902756929398 1.187392473220825 2.138564959168434 0 0 0 0.4911599606275558 0 0 0.2020674496889114 42.04884652793407 15.05785481631756 25.00955417752266 815.2857971340418 139.6279689148068 775.4364770576358 152.102843426168 402.4031484723091 270.8268461748958 26.45918813347816 378.2773980796337 35.38578522950411 9.355545908212662 34.89860129356384 4.986856572329998 20.86992362141609 3.582739189267159 1.542732484638691 8.271868795156479 18.52627328038216 1.309745743870735
647.3048267513514 159.9479428976774 2.907686963677406 767.3216758072376 65.99219717085361 911.958616361022 1837.174932554364 4.662468582391739 554.2828391864896 0 92.11924739181995 595.6664260923862 7220.276398837566 274.0016923397779 1.604584075510502 0 0 0.4154071509838104 0 0 0 0.1783167868852615 0 0 0 0 0 0.6172579526901245 0 0 11.58345119655132 0 1.499855995178223 0 0 0 6.142126113176346 0 0.3409709334373474 0 0.179619163274765 0.1583613306283951 0 0.3151872456073761 0 0 8.26378919929266 0.2950889319181442 0 0 0.1618409305810928 0.4540411680936813 0 0 0.6240928918123245 0.2354174181818962 7.559687592089176 35.63704973459244 1.384341351687908 0.6722926795482635 0 0.1742305755615234 0 1.088238731026649 0.3951226845383644 1.055280230939388 0.3390747979283333 0.133849635720253 0.135963186621666 0 96.25583086907864 53.55740888416767 0.1667132973670959 5.393160596489906 2.50445830821991 2.304880321025848 3.855934321880341 1.910593271255493 0 0.3834434300661087 0 2.420518755912781 1.047997571527958 0.5538388043642044 0.2310172021389008 0.2630455419421196 0.4172724634408951 0.1565065681934357 0.2448733896017075 0.9873575270175934 0.4125598967075348 0.1442222595214844 0 0 0 2024.893466189504 15.4615256935358 0.8562401831150055 1.55859848856926 221.6295438408852 2.60285110771656 7.176619380712509 33.57957305014133 28.11457666754723 9.763800263404846 366.9944364875555 10.96211832761765 147.4014441221952 133.1837550848722 109.3355046063662 27.64700993895531 735.0984156727791 200.306317910552 276.0920258164406 48.58403255045414 0.5581309795379639 0.2432694286108017 0 0 0 0 0 0 0 0 0 0 0.2261912375688553 0 0 0 0 0 0 8.907205685973167 2.900913119316101 0 0 0 20.49201002717018 5.876008003950119 8.538376219570637 4.561881467700005 0.859517827630043 0 0 0 0.1497102975845337 0.1442215442657471 0 0 6.63397778570652 10.35412690043449 0 0.491946280002594 0 0 0 0 0.4244862496852875 0 0.6164268180727959 2.773296147584915 0 0 0.8205923438072205 67.80080743134022 0 1.878953963518143 1.905765935778618 0 0.2883099764585495 0.1420612335205078 0.1930608451366425 0 0 83.23043456673622 1.385802030563354 0 0 0 20.65372937172651 4.810826286673546 17.50633342564106 8.131323628127575 11.5270069539547 8.159433647990227 0 2.646444365382195 1.487975746393204 0.1226566135883331 0 0 0.2278834357857704 0 0 0 64.73797145485878 8.855149060487747 13.21798573434353 82.25278150290251 4.778099581599236 18.68633887916803 4.452691435813904 542.3796102181077 11.95046622306108 0.5979600995779037 14.74834057688713 8.863203495740891 0.9232465028762817 25.17763928323984 0.4543747752904892 17.32844439148903 1.960451930761337 0 7.26116918027401 0.4643755555152893 0
487.4023786261678 3744.162736654282 4650.230261459947 1.615701943635941 4587.095473445952 9.704544737935066 277.9224288463593 3194.615857213736 2489.11044600606 92.11924739181995 0 6.894621983170509 1308.660603947937 2815.239904239774 68.99362986534834 25.59488528966904 2.425263606011868 0 0.1125677824020386 0.1583777517080307 1.742996580898762 0 1.567665606737137 1.12718939781189 1.431938886642456 7.2585329413414 3.677117593586445 2.969345070421696 0.4250916838645935 1.335690945386887 1246.838314414024 453.8028973937035 102.1891589462757 0.1703081578016281 1.139184065163136 3.735177643597126 33.08459381759167 10.73076451569796 4.040310330688953 3.778206937015057 8.004164144396782 5.925902709364891 1.700529031455517 4.119217365980148 0.2155222371220589 0.3836032897233963 282.8044617474079 6.776309177279472 0.2828647941350937 1.212917827069759 3.287141293287277 0.1137334033846855 0.5518121123313904 3.542608968913555 6.323581963777542 8.180473916232586 19.55206848680973 164.3265643268824 11.34175977855921 38.94752795249224 0.2894316464662552 12.36465417593718 0.2923054993152618 78.56430155038834 7.160455174744129 9.92318357527256 6.458408057689667 4.264327272772789 4.658567205071449 5.574963644146919 58.79401403665543 104.4048960357904 0.2072256058454514 76.10801056027412 58.79023147374392 161.5101416409016 334.1082343161106 145.7220391780138 35.80396834760904 480.5775014683604 9.706616900861263 113.6426046416163 11.26870027929544 1.688158422708511 4.953509345650673 9.235672250390053 4.892884247004986 0.6997654885053635 4.670160718262196 0.6588638126850128 1.856712341308594 1.271697342395782 3.374734580516815 0.702070415019989 3.258514508605003 188.1839254051447 11.99366240203381 0.3097939789295197 2.957183241844177 85.66470892727375 0 0.2455070614814758 9.098756492137909 5.306584894657135 3.459818221628666 120.1626645252109 0.4379802942276001 54.61346766352654 24.70991711318493 14.67175675928593 13.95530430227518 203.1119502708316 55.27720086276531 94.40035220980644 27.2305753082037 0.7585691213607788 1.435964979231358 0.2577778100967407 0 0.1814651191234589 0 0.2045677602291107 0 0.3076073527336121 0.303014725446701 1.346264883875847 0 0.7841907739639282 0 0.6429304406046867 0.368419274687767 0.7488753646612167 0 0.6307324916124344 3.01341587305069 0.3328464776277542 0.1652825027704239 0.9486394375562668 0 28.45660582184792 5.050092294812202 11.84809590876102 5.459805496037006 1.20439425110817 0.1385386288166046 0 0.1356460005044937 0 0.5000443086028099 0.299786314368248 0.353461354970932 3.796760648488998 4.35431469976902 0 0 0 0.6232384517788887 1.263905480504036 0 0 0.3535815924406052 0.3686049580574036 1.799364298582077 0 0.3425425291061401 1.83920556306839 43.48235900700092 0.2787082493305206 0.4569746106863022 0.2761008217930794 0.9857804030179977 0.5984015464782715 0.1423841565847397 0.4647350832819939 0 1.011262089014053 65.37538246810436 1.729884579777718 0 0 0.4347388073801994 15.68211999535561 3.023587793111801 26.58409667760134 6.030832648277283 5.778860121965408 4.204068571329117 0.5868946015834808 0.9105323776602745 1.460286095738411 0.08000371605157852 0 0 0.7373357191681862 0.2367152944207191 0 0 18.34302718937397 7.683464169502258 16.98435821384192 790.4108803868294 116.8640141040087 684.4164906144142 132.5592588707805 306.1013552993536 218.596318744123 27.37654669582844 368.9029372632504 31.27151919156313 5.495233796536922 28.35548526793718 3.733778074383736 13.90665394067764 2.660382285714149 0.9409442096948624 6.410786122083664 16.50831763446331 1.585418194532394
0.8688595592975616 0.3215310722589493 0.1296916306018829 0 1.773169696331024 135.018681794405 45.79196152091026 0.2739457488059998 37.53681674599648 595.6664260923862 6.894621983170509 0 2016.766772329807 74.2070444226265 15.55869191884995 9.994111962616444 0.4024065807461739 0 0 0 0 0.1905966699123383 0 0.1940177828073502 0.2850041091442108 0.3757587671279907 0 0.6850728839635849 0.2920524775981903 0 0.6087899953126907 0 32.31339256465435 0 0 0.3453751355409622 33.1911743581295 0.4806318432092667 2.664549857378006 0.1616907268762589 0 0.2137056291103363 0 0.8289885446429253 0 0 23.06288160383701 0 0 0.1410082578659058 0.2270763218402863 0 0 0.2363519370555878 0.3540845364332199 0.07423233240842819 0.3600783050060272 0.1269375532865524 0.2136812061071396 2.566483646631241 0.9094841033220291 1.16713248193264 0.9865348041057587 2.590347439050674 0.2694286555051804 0.2602885514497757 0.2979441359639168 0.7009196430444717 0.631014958024025 0.1841946840286255 200.9648451954126 52.8660609126091 0.1823906153440475 1.668091155588627 2.105153813958168 11.60837692767382 22.14397294819355 16.81934026628733 0.1365406662225723 25.14864087104797 0 1.365657031536102 0 0 0.2209866493940353 0.09224791824817657 0 0 0.1758382767438889 0.1766135394573212 0.08398944884538651 0.136275127530098 0.3077474534511566 0 0.175232782959938 1104.829420134425 47.57903465628624 1.295475959777832 7.925839081406593 24.9521402567625 0.1293698847293854 0.4477529376745224 1.594719216227531 1.196353539824486 0.1636557877063751 28.8794072419405 1.716314747929573 12.84547896683216 8.470162719488144 4.807534396648407 3.58142763376236 56.94561585783958 19.86058546602726 32.6415528357029 9.156136319041252 0 0 0 0.1341277658939362 0 0 0 0 0 0 0 0 0.1358408778905869 0 0 0 0.2738151252269745 0 0 0.954256072640419 0.4164480566978455 0 0.126838356256485 0 2.549188449978828 0.1331858336925507 0.2946485430002213 0.7039296329021454 0.1387462317943573 0.178267776966095 0 0 0 0.3519077301025391 0 0 0.3457395434379578 0.5061314851045609 0 0 0 0.1583735048770905 0 0 0.4081093072891235 0 0.2780373990535736 0.2643203735351562 0 0.2557782530784607 0.2224241495132446 9.244456067681313 0 0 0 0 0 0 0 0 0.1665989011526108 18.78896972537041 0 0 0 0 3.120347410440445 0.2749000191688538 3.868941113352776 1.125850304961205 2.00876073539257 0.8982843160629272 0 0.1487081199884415 0.2330774068832397 0 0 0 0 0.09671872854232788 0 0 10.07733073830605 2.47174733877182 3.421405151486397 97.33435025066137 10.64732881635427 34.13837250322104 11.84520760923624 30.53481033444405 6.795561455190182 2.499753758311272 54.42567178606987 4.85296393930912 1.556705839931965 1.696340188384056 0.7644476145505905 1.492333054542542 0.4579970985651016 0 0.8100115358829498 1.499872952699661 0
13.84205912053585 228.7496756836772 17.05697309970856 20.5492770075798 287.2789700031281 276.7969140708447 6217.12392321974 32.94337483495474 1030.722844518721 7220.276398837566 1308.660603947937 2016.766772329807 0 4397.524762444198 230.0062067359686 103.8606100007892 5.258384697139263 1.58350121229887 0 1.384292967617512 1.704276770353317 0.6545674204826355 0.9950953274965286 2.59919648617506 4.687389329075813 6.750275373458862 2.985386230051517 4.564426884055138 1.870976001024246 2.803375296294689 20.51788885891438 4.23454250395298 2529.33216240257 0.75709567964077 1.246317759156227 33.41199040412903 247.2550533860922 80.66239986568689 19.97110705077648 14.3399116396904 12.77757512778044 5.934198938310146 0.9401863813400269 20.27120845764875 0 1.209748029708862 343.6854359209538 4.309350870549679 0.5538109913468361 1.799115516245365 3.177886806428432 1.252894937992096 1.166079744696617 4.267221927642822 2.757366269826889 4.594967000186443 4.331567086279392 10.08947094529867 3.604741230607033 40.92107330262661 5.93850165605545 70.43771052360535 0.648926243185997 27.63730838149786 2.822124928236008 7.317730329930782 4.925066135823727 5.072991251945496 5.455917008221149 6.717250607907772 843.027137927711 282.6078385487199 0.5587157309055328 35.72359507530928 27.89574540406466 215.337479352951 444.0106845423579 247.2081100940704 4.263776816427708 529.9687175154686 7.630328834056854 29.80201392620802 5.259366191923618 1.950192265212536 2.870562456548214 5.350485436618328 4.120983369648457 1.264041408896446 5.50731810182333 0.9697703123092651 2.059092015028 1.274942249059677 5.608513958752155 1.252422466874123 7.613010443747044 5339.533179715276 85.35722652077675 1.389044195413589 16.7214225307107 59.85075770318508 1.557446613907814 1.683500781655312 15.8882018700242 13.1350656747818 9.481520429253578 226.2031617164612 4.529784053564072 110.053563401103 70.58450485765934 51.15016689896584 37.01620280742645 534.7594372630119 160.9876794889569 203.1922964081168 60.60365617275238 0.4775868207216263 1.196537017822266 0 0 0.1626349538564682 0 0.7846791744232178 0 0.746609628200531 0 0 0.1513975560665131 0.8624045476317406 0.6303703635931015 0.4511702656745911 0.1413377970457077 1.589270368218422 1.14824590086937 0.6620352864265442 4.230340085923672 2.01200345158577 0.5010395646095276 3.006171800196171 0.4744529724121094 31.73613066971302 5.978276878595352 12.88271657377481 8.295486904680729 1.784388549625874 0.2823607623577118 0 0.1722539365291595 0.5647477060556412 0.5774700045585632 1.582547098398209 0.1341736614704132 3.343235425651073 7.402889087796211 0.9632176011800766 0.3141704946756363 0.1298099756240845 1.997170090675354 2.139146633446217 0 0.2148015350103378 0 1.182903707027435 2.949369296431541 0 1.112765207886696 4.19234586507082 66.50704568624496 0 0.587238997220993 1.004426680505276 0.7236777991056442 0.9717242419719696 0.6527265757322311 0.6587549299001694 0.2655713707208633 0.427517332136631 166.3702646940947 3.908813282847404 0.48816779255867 0 0.4893098324537277 22.36830122023821 4.528527922928333 32.05796656757593 5.528740465641022 7.23352725058794 6.05948644131422 2.339659363031387 1.078188605606556 1.493379257619381 0 0 0 0.7033028304576874 0.2432907894253731 0 0 76.36437982320786 25.59794119000435 27.50843922048807 925.983783185482 178.5856055691838 549.1050669997931 196.0170983225107 170.7974059432745 147.3969657942653 29.07398772984743 525.4799399375916 37.30151913315058 18.98573537170887 24.41578790545464 4.398640304803848 18.68784968554974 2.746537014842033 3.914769053459167 7.977903872728348 34.07805375754833 0.7455641552805901
