0 5230.717102207243 370.6097566261888 416.5131097882986 883.7913372293115 141.968855291605 995.2480480894446 55.02340610325336 110.7978974208236 539.216656640172 335.0428384542465 19.76755064725876 119.9593157470226 10.18452177941799 3.697806917130947 3.943910621106625 0 0.1027467846870422 0 0 0.9985400140285492 0 0 0 0 0 0 0 0 0 284.3041165992618 5.216034524142742 4.947546005249023 0 0.1543833017349243 0 4.409981831908226 0.2866135090589523 1.352448225021362 0.124359518289566 0 0.1477237045764923 0 0.8347439467906952 0 0 23.28855521976948 1.80719318240881 0.1471871137619019 0.09658050537109375 0.248944953083992 0 0 0 1.974754713475704 1.748668186366558 169.0522030368447 779.2790641114116 41.76569236069918 5.017393037676811 0.2445711195468903 1.069576784968376 0 10.69058734178543 2.30102576315403 1.805065721273422 1.070715919137001 1.81856182217598 1.98987227678299 1.953235447406769 10.44541756808758 5.784519255161285 0 52.72482266277075 12.20091112703085 20.08963875472546 4.61497125774622 1.928129144012928 0.2810776829719543 13.70067358016968 0.1622815132141113 1.932906351983547 9.832530908286572 0.1779656559228897 1.447620786726475 2.105239972472191 2.075886905193329 0.1840697079896927 0.1049434840679169 0 0 0 3.266198538243771 0 0.1223902627825737 97.26773658394814 2.235279977321625 0 0.6732151806354523 920.8484743833542 0 0 0.4904016554355621 0 0.8204842209815979 1.688614159822464 1.604033440351486 2.303301408886909 1.745609045028687 2.214612059295177 2.136246308684349 11.39159275591373 4.548021554946899 6.916047409176826 2.467068389058113 0 0.1259011924266815 0 0 0 0 0 0 0 0 0 0 0.3547456562519073 0 0.2835054844617844 0 0 0 0 0.2280124425888062 0 0 0 0 2.740305565297604 1.00510410964489 0.6633710116147995 0.9630578607320786 0 0 0 0 0 0.3616191446781158 0 0 0.561391294002533 0.679979220032692 0 0 0.1481025218963623 0.1616885364055634 0.1311002820730209 0 0 0 0 0.2918186336755753 0 0 0 1.430919736623764 0 0.1638783067464828 0 0 0 0 0 0 0 4.634902209043503 0.4832744598388672 0 0 0.1520646065473557 0.4169985055923462 0 0.350732296705246 0.09924919158220291 0.4897997081279755 1.740413598716259 0 0 0.08713322877883911 0 0 0 0 0 0 0 2.205299556255341 0.3135306686162949 2.56253245472908 54.37923171371222 3.882139056921005 48.93657564371824 14.8459023013711 643.3407141491771 19.37788160890341 1.157924689352512 10.87704343348742 5.126881092786789 0.08305162936449051 2.611224040389061 0.4388156905770302 5.986825495958328 0.5198996886610985 0 0.4899210631847382 0 0
5230.717102207243 0 991.0014313161373 307.5117331519723 3886.090802237391 896.0219547748566 2162.187603369355 116.5867224410176 1798.027891561389 2253.417410127819 1470.343955993652 108.4782570004463 1763.356978692114 635.9434148594737 19.81064265966415 5.789655886590481 0.6068519130349159 0.1968303769826889 0.1709994822740555 0.1377951353788376 1.040119729936123 0 0.1623594164848328 0 0.2372845858335495 0.4452402144670486 0.2246262058615685 0.4568022638559341 0 0 2379.233326762915 60.92833720892668 12.43402188271284 0 0 0.1201800480484962 16.04243693500757 0.6051138490438461 1.532611675560474 0.2449347600340843 0.1520109176635742 0.867827907204628 0.3956571146845818 1.94217587262392 0.2083772346377373 0.9917967841029167 205.8618418872356 17.17259758710861 0.9035325646400452 0.8382603600621223 0.685257151722908 0.1063483953475952 0 0.3951175808906555 12.42239923030138 13.62075716257095 198.8475523591042 1393.208858162165 157.9199773147702 55.80515318363905 1.185505390167236 1.799204714596272 0 147.5553550347686 16.59022242575884 9.089347787201405 4.747825555503368 2.999528311192989 3.729648374021053 2.195752240717411 16.1049300134182 7.038416191935539 0 268.2137901186943 61.93563768267632 190.1382933706045 56.32272075116634 15.67202305793762 3.394568704068661 25.25066286325455 1.142354182898998 6.87305324524641 73.5873654037714 0.5213466584682465 9.584948122501373 16.48827954381704 10.00513376295567 0.1170316189527512 0.7599202767014503 0 0.2104334533214569 0 3.447223983705044 0.2721945941448212 0.3620351999998093 258.962774798274 0.7324609756469727 0 0.1808251291513443 1243.338643737137 0 3.2000422924757 6.385169491171837 2.531492352485657 2.017383232712746 14.4070575684309 12.81687989830971 19.68907774984837 15.72871485352516 36.72789487242699 14.66253603994846 71.63622420281172 44.76712939143181 46.5545384734869 23.77277283370495 0.6519611179828644 0 0 0 0 0 0 0 0.4607467651367188 0 0 0 0.3527778685092926 0 0.1363907307386398 0 0 0 0 2.571238785982132 0.4628943204879761 0 0 0 19.73444472253323 0.7313536405563354 11.74453614652157 1.633129611611366 2.654193118214607 0 0.1453245878219604 0 0 0.2039859592914581 0 0 1.454805292189121 2.583216235041618 0.291717529296875 0 0 0.9300659000873566 0 0.1155059412121773 0.1097162887454033 0.6154764443635941 0.4222783446311951 1.731392346322536 0 1.286651611328125 0 8.417239844799042 0 1.386988706886768 0.3225116282701492 0.1158355847001076 0.5894135758280754 0 0 0 0 42.75144258141518 1.447845831513405 0 0.1571914255619049 0.2638938874006271 3.60218134522438 0 0 5.796183302998543 4.637969955801964 3.473188176751137 0 0 0.4987392127513885 0 0 0 0.3848813623189926 0 0 0.1387532949447632 22.33846914768219 2.120533734560013 12.37629120796919 215.4530231654644 37.93109295517206 424.9567276537418 105.5583927109838 1742.75362662971 122.5712888166308 7.383970879018307 64.34160774946213 10.34349401295185 2.104160197079182 18.07998776435852 7.565488651394844 19.33149217069149 2.114444307982922 0.1278273463249207 1.566675290465355 1.386534184217453 0
370.6097566261888 991.0014313161373 0 0.6645163744688034 759.971142731607 13.82996165752411 32.53462362289429 1489.405572891235 590.4571447148919 4.651254132390022 3525.543503262103 5.346290349960327 20.61975201964378 65.71786035597324 25.22517177462578 37.48598754405975 10.04794516414404 2.87615754455328 0.2856036424636841 2.102077513933182 37.8778769671917 0 0.8794116377830505 0.2835474610328674 0.464418038725853 1.56782790273428 0 5.275311052799225 0.3576079159975052 0 4933.332417733967 560.9286066442728 40.81987411528826 1.305812895298004 0.5687306523323059 0 78.26223672181368 8.33261114358902 13.38331747800112 3.486428372561932 11.20930384844542 10.89336265623569 27.52301988005638 8.621118783950806 1.117832779884338 11.77384644001722 82.2653990238905 14.78728510439396 3.915656313300133 18.34789147228003 13.65141136199236 1.412389099597931 0 7.550966911017895 2.411832235753536 4.081554658710957 74.97340225428343 1130.886682279408 52.83616384863853 21.33818136900663 34.5307097658515 33.14122477173805 0.8649731427431107 300.663054600358 6.821103043854237 7.72616258263588 16.62135042250156 49.72064653038979 112.6037478670478 78.03669536858797 54.00132158398628 47.09440889209509 0.330672949552536 109.0548410713673 41.99161376059055 78.91419176012278 35.06829695403576 19.48180297762156 36.16229270398617 624.5583761930466 16.52034486830235 234.9127999693155 18.49040118604898 0.1198157668113708 6.357606545090675 9.398900650441647 43.79995316267014 0.1533699631690979 4.724253967404366 0.1139709129929543 1.17735942453146 1.375565700232983 75.69635476917028 7.534605592489243 7.907731845974922 37.28010614216328 3.131745308637619 0 4.6309784501791 478.1438954770565 0.3466911911964417 0.237108439207077 1.389179490506649 0 1.675735011696815 5.506409212946892 0.1968607902526855 4.127904891967773 1.085673987865448 2.566678106784821 4.076710321009159 12.12181102484465 9.227644741535187 8.601563766598701 13.82425272464752 1.384471021592617 0.8213299810886383 0 0.1637197583913803 0.3640702664852142 0 0.2974515557289124 0 0.5219533145427704 0.3061076402664185 0.7222141623497009 0.4919804781675339 1.075010880827904 0 0.7116905599832535 0 0.1376616209745407 0.3779284656047821 0.1407981514930725 1.065919637680054 0 0 0.441856786608696 0.8353355973958969 27.31755172461271 1.747751072049141 13.89664790034294 8.568402208387852 3.358499616384506 0 1.545033626258373 1.586411029100418 0 0.1623320430517197 0.2353872284293175 0.2501655369997025 0.5758092999458313 4.986098162829876 0.444739006459713 1.475851461291313 4.271440729498863 0.565760649740696 1.398820489645004 0 0.4246319979429245 0.2098914533853531 0.2000455632805824 2.980543978512287 0 0.2699280083179474 0.5337737053632736 7.980603858828545 0.1649435013532639 0.2194005250930786 0.8980970531702042 1.062916114926338 0.2077036127448082 0.2577330097556114 0.1269964873790741 0.3436401188373566 2.017692096531391 25.20046161860228 3.131965756416321 0 0.4837686792016029 5.885596789419651 3.930803418159485 0.1710745841264725 1.262043327093124 3.572921946644783 4.538029611110687 3.949878759682178 0.2505273222923279 1.446278676390648 0.6216761916875839 0 0.1839757859706879 0 1.406513914465904 1.144211694598198 0.2815422266721725 2.457699954509735 11.21595899760723 8.195859521627426 26.17750113457441 147.0709830671549 48.15094948559999 208.2320482134819 41.27545709162951 121.9898361042142 40.78631098568439 2.401854239404202 43.51145955920219 12.83106949925423 1.892470441758633 13.91833579540253 4.305737636983395 4.19128255546093 0.7939950451254845 0 1.32423672825098 2.093085929751396 0
416.5131097882986 307.5117331519723 0.6645163744688034 0 62.20159567892551 320.2094221562147 683.0086384564638 0.2707947865128517 39.99265342950821 1413.292587444186 2.912448547780514 135.3529397696257 944.3671859204769 16.50272963941097 0.8155458867549896 0 0 0 0.1514846086502075 0 0 0 0 0 0 0 0 0 0 0 8.08237886428833 0.2398297488689423 1.665524542331696 0 0 0 0.891234278678894 0 0 0 0 0 0 0 0 0 4.613563358783722 0.5675161555409431 0 0 0.08137214183807373 0 0 0 0.1318851560354233 0.9117045104503632 5.523740977048874 33.68231996893883 6.558986760675907 0.4005322903394699 0 0 0 2.19355782866478 0.6566121503710747 0.306204155087471 0 0.1348029524087906 0 0 0 0.7021085619926453 0 7.607720471918583 0.7371865659952164 5.307692840695381 1.679645575582981 0.5928951874375343 0 0 0 0 2.285559453070164 0 0.6036555096507072 0.501330591738224 0.4694519191980362 0 0 0 0 0 0 0 0 46.29683403670788 0 0 0 53.84319879114628 0 2.612363576889038 0 0 0.1449013948440552 2.141815483570099 2.478974312543869 2.179129049181938 1.552988678216934 6.060122951865196 0.4014902412891388 7.243774607777596 5.089389309287071 5.177035450935364 1.35138563811779 0 0 0 0 0 0 0 0 0 0 0 0 0 0 0 0 0 0 0 0 0 0.7511996030807495 0 0 1.91556903719902 0.4200056493282318 1.080779194831848 0 0 0 0 0 0 0 0 0 0 0.535420835018158 0 0 0 0 0 0 0 0 0 0 0 0 0 0 0 0 0 0 0 0 0 0 0 2.708184376358986 0 0 0 0 0 0 0 0.1858978867530823 1.133523166179657 0.9579950571060181 0 0 0 0 0 0 0 0 0 0 3.116957783699036 1.077878355979919 1.366859048604965 3.99574588239193 0.8420450910925865 14.60148584842682 2.808508232235909 221.0219049006701 5.69042780995369 0.2636350095272064 1.393264830112457 1.095841139554977 0 1.248801723122597 0.1170879304409027 4.223280489444733 0 0 0 0 0
883.7913372293115 3886.090802237391 759.971142731607 62.20159567892551 0 76.51593928039074 1561.311100557446 41.02853742241859 8966.579037308693 403.3646711707115 1143.497765928507 48.03417566418648 676.7183743342757 3067.621084660292 28.61926944553852 8.62264297157526 0.4932087957859039 0 0 0.3757361024618149 0.1583802253007889 0 0 0 0.7078107818961143 0.4386641830205917 0.1094157099723816 0.5970885306596756 0.3770846724510193 0.1400970369577408 622.7198864966631 79.66486763954163 9.039847418665886 0.1095333695411682 0 0 11.80474288016558 0.9569421261548996 1.330044113099575 0.7911858707666397 0.8101584166288376 0.3392647728323936 0.4026040732860565 1.584179930388927 0 0.2264368310570717 175.2404175549746 12.67191073298454 0.4428331553936005 0.9155687838792801 0.844041645526886 0.141303077340126 0 0.1240310072898865 6.705138482153416 8.908094070851803 85.7056207805872 466.7463949471712 79.77649940550327 52.30977916717529 1.272964790463448 2.167432695627213 0.3976038843393326 141.6801486983895 13.18563541024923 11.12776769697666 2.564083896577358 1.937078058719635 3.492036961019039 1.0290652140975 10.72603668272495 5.638404652476311 0 138.7068326100707 43.92667742073536 174.6584635600448 63.64640785008669 15.33122635632753 3.813232652842999 15.73712402582169 1.794144846498966 7.242668054997921 40.80821318924427 0.5648154243826866 6.683070600032806 10.92897170782089 7.831447683274746 0.116172231733799 1.167532533407211 0 0.7902529686689377 0.1343242228031158 0.8782678544521332 0.1322198063135147 0.9564612805843353 105.5422393977642 0.7147235870361328 0 0 177.1747279837728 0.6950521469116211 0.9926282241940498 1.137694351375103 1.010589212179184 3.162979155778885 10.39367094635963 3.291311964392662 22.47862023115158 20.35138550400734 19.72400985658169 12.30154728144407 71.02385817468166 41.66403937339783 50.83185808360577 26.56343355774879 0.7584996223449707 0.5602394342422485 0 0.2994970083236694 0 0.2598472833633423 0 0 0 0 0 0 0.2059623152017593 0 0.2205976694822311 0 0 0 0 2.930197425186634 0.3916294425725937 0 0.9209026098251343 1.682953283190727 15.17264041304588 0.6771185696125031 8.663650408387184 1.441959470510483 0.9465583562850952 0 0 0.6407439112663269 0.1757930815219879 1.237734794616699 0 0 2.416436403989792 4.487497851252556 0.1283384561538696 0 0 0.8621028661727905 0 0.09844253957271576 0.1914505362510681 0.1057979092001915 0.364964447915554 4.081668853759766 0 0 0.660956472158432 10.06284458935261 0.8363701105117798 0.432546079158783 0.4222225248813629 0 0.123079739511013 0 0 0.2094128727912903 0 44.03066666424274 0 0 0 0 1.794939443469048 0 1.237782210111618 7.098189704120159 4.407862991094589 4.239858105778694 0.1360592842102051 0.6390604823827744 0.1047689244151115 0 0 0 0.222229577600956 0 0 0.3861261308193207 23.82816943526268 3.574432939291 7.954867944121361 247.5448375344276 43.232077665627 362.80260014534 93.54921824485064 269.3728751316667 113.5420824810863 4.004981778562069 75.86945304274559 15.48519050329924 0.9377701804041862 14.15559594333172 7.707862764596939 11.30953839421272 1.021740794181824 0.5930216088891029 1.153641201555729 6.617648750543594 0
141.968855291605 896.0219547748566 13.82996165752411 320.2094221562147 76.51593928039074 0 369.5995663776994 1.50244913995266 28.15327341854572 650.6930676847696 16.22353956103325 159.7937036603689 159.2997557222843 39.87429177761078 0.2753195464611053 0.09925644844770432 0 0 0 0 0 1.491732493042946 0 0 0 0 0 0 0 0 8.254050016403198 0.1682519316673279 5.763993799686432 0 0 0 22.25497230887413 0 2.762336492538452 0 0 0 0 0 0 0 2.065668277442455 0.117938369512558 0 0 0 8.565397888422012 0.595487654209137 0 0.3462699055671692 0.3101487457752228 166.854366928339 17.24635424464941 5.646099805831909 0.848872683942318 0 1.22383140027523 0 0 0.3587214648723602 0 0 0 0.2095206081867218 0 122.6068419069052 80.92334401607513 2.043769583106041 3.443958751857281 0.3754321485757828 1.553781941533089 0.3153548836708069 0 0 8.574778884649277 0 1.569057047367096 0.987827904522419 1.30163361877203 0 0.1747103929519653 0.2951686084270477 5.081181257963181 1.360749751329422 7.699106305837631 0.2692781090736389 1.167102232575417 0 0 0 523.4146304428577 51.94503155350685 9.118952497839928 11.99450814723969 498.1933163404465 0 0 0.2723178565502167 0 0 1.299913197755814 1.45080703496933 0.1887439340353012 0 0.6654395759105682 0 0.6067003458738327 3.371977120637894 2.722335323691368 0.3708902597427368 0 0 0 0 0 0 0 0 0 0 0.1512356549501419 0 0 0 0 0 0 0 0 0 0 0.1519341468811035 0 0 0.5514857769012451 0 0.4294316470623016 0.1896574646234512 0.4562771320343018 0 0 0 0.2731820642948151 0 0 0 0 0 0 0 0 0 0 0 0 0 0 0 0 0.1434823423624039 0 0.2670964300632477 0 0 0 0 0 0 0 0 0.1296025514602661 2.256356924772263 0 0 0 0 0 0 0.2160403281450272 0 0 0.3751722872257233 0 0 0 0 0 0 0 0 0 0 1.410614132881165 0 0.6365498453378677 4.541284814476967 0.279462456703186 4.585919365286827 1.113404899835587 264.1503303945065 1.284542441368103 0.3191535174846649 0.8538822382688522 0.3495350778102875 0 0.4984890818595886 0 0 0 0 0 0 0
995.2480480894446 2162.187603369355 32.53462362289429 683.0086384564638 1561.311100557446 369.5995663776994 0 9.193233892321587 1054.936313152313 5123.929203882813 63.20735880732536 591.5325164347887 9741.633364289999 2264.722625657916 44.74085225909948 23.44034343212843 1.136882357299328 0.455122634768486 0 0.1474598348140717 0.3164763152599335 0.1223956719040871 0.1531990319490433 0 0.7953741699457169 0.4704531654715538 0.1813843101263046 1.040461033582687 0.1933280676603317 0.1176329478621483 130.1595807150006 49.44004080444574 18.14671722054482 0 0.1568297892808914 0.1532490104436874 18.85526942461729 1.145053625106812 0.9363977462053299 0.3885534107685089 0.8261217027902603 0.5294020250439644 0.5220330134034157 2.349704444408417 0.3742551878094673 1.263493843376637 193.7011982649565 15.40379071980715 0.2606436535716057 0.1542602628469467 1.412879131734371 0 0 0 7.859930172562599 11.13423995673656 81.22640427201986 385.0803840756416 89.43885333091021 57.42920308560133 5.251995258033276 1.217131279408932 0.5977271571755409 108.8152388483286 12.72815644741058 8.985737003386021 3.874351024627686 2.403709478676319 2.264628067612648 0.6186476498842239 29.87384377419949 13.53303542733192 0 139.5546578019857 39.44606897234917 191.0909340232611 70.55101270228624 19.00798626989126 4.244108267128468 12.69374845921993 1.496867246925831 7.05796791613102 44.99650674313307 0.7361767441034317 7.893868416547775 12.76500722020864 7.557140298187733 0 1.333408571779728 0 1.025709018111229 0.4224061667919159 1.14241548627615 0.6056189835071564 2.76836584508419 878.750586181879 1.096976518630981 0 0.9424754530191422 125.4944370314479 5.740079395473003 16.98032677173615 63.94290870428085 18.08628411591053 15.55175808817148 86.2647695094347 57.65397131443024 115.9794928506017 114.865384042263 154.4064753800631 62.52342827618122 574.9301022216678 346.1843941360712 347.3508756458759 123.8809834495187 2.262106537818909 1.355939283967018 0.6641483753919601 0.9460879564285278 0 0 0.5475469827651978 0 0 0 0 0 0.9031536132097244 0.1659962087869644 0.7175156027078629 0.3198991119861603 0 0 0.3913941383361816 23.49625634402037 2.050379067659378 0 2.460140004754066 1.148739993572235 60.35553662478924 6.136868983507156 24.99774163216352 7.347853064537048 5.169799134135246 0.2516629099845886 0 0.09558551013469696 0.2388053685426712 0 1.044835180044174 0 7.189243726432323 20.61787147074938 0.7469879388809204 0 0 0.8079273700714111 0.1124202981591225 0 0.3618963211774826 0 1.503060929477215 11.39755490422249 0 0 0.6139580905437469 36.26142261922359 2.668889544904232 4.159642070531845 0.949725978076458 0.6622364893555641 0.3435254022479057 0.4678111672401428 0 0 1.672886312007904 208.0797271504998 2.752883285284042 0 0.1047200113534927 0.3910317793488503 13.52335347980261 0.1382872760295868 2.833953931927681 20.40794426202774 20.51999528706074 21.28219270706177 4.000607460737228 1.362640455365181 1.419315032660961 0.1912677437067032 0.268906258046627 0 0.4173686876893044 0 0.5100459977984428 0.2339990735054016 129.1823472902179 15.52515162527561 28.66885542869568 357.9082491323352 54.24949432164431 433.6748757138848 114.0352519527078 628.9461271986365 155.9912487342954 6.543204538524151 125.5921647325158 38.82592396438122 3.699776642024517 43.60139549523592 10.04127955436707 63.48953173309565 0.5222596973180771 0 4.283791042864323 5.829948410391808 0.6921872794628143
55.02340610325336 116.5867224410176 1489.405572891235 0.2707947865128517 41.02853742241859 1.50244913995266 9.193233892321587 0 115.4140977784991 0 2735.255009509623 2.394344158470631 14.98320063948631 100.4934237524867 54.39207735657692 87.2899843454361 62.94516690075397 20.28354420512915 6.884681783616543 10.26547130197287 122.4817059859633 0 4.573387309908867 2.061407200992107 1.425881400704384 2.413064859807491 0.4228658080101013 17.7671367302537 0.9868581295013428 0.1295764297246933 732.8366380780935 2059.935336098075 59.42230772972107 4.682840593159199 2.828326232731342 0.3621113449335098 81.75657218694687 11.81263952702284 14.92722909897566 4.918349929153919 43.93638253957033 35.62193226069212 148.7207999527454 136.9033499956131 8.394869439303875 158.2559315264225 154.939253821969 48.38102968037128 21.56384720653296 103.4930680468678 22.59496982395649 4.240985348820686 0.3603298515081406 25.83770329505205 1.401300102472305 5.491662718355656 46.30647747963667 401.6934951469302 35.66835615038872 34.6984981149435 406.7214676961303 54.6711627393961 8.801762297749519 1114.421031653881 13.26605562120676 17.68541938811541 44.85842264443636 114.5773170441389 365.1555296778679 252.8573520332575 47.14752106368542 44.24656189978123 0.1560396105051041 100.402326233685 90.35140420496464 163.9317249506712 640.0501358807087 1929.584117159247 1893.273087486625 3821.082790821791 445.1960646733642 2354.448751181364 22.06354428082705 0.3403548300266266 12.37566598504782 14.57107399404049 123.0059074386954 0.5339211523532867 10.44984632730484 0.6733757108449936 3.74146830290556 2.984352566301823 194.4828420951962 13.62204556167126 27.11225567013025 20.60914027690887 5.344087973237038 0.2320474833250046 4.462039396166801 48.68361714482307 0.642159104347229 0 0.0893215611577034 0 0.1763069778680801 0.1368997395038605 0 2.414310470223427 1.212648123502731 0.3910337388515472 3.658630229532719 6.327508211135864 2.473936095833778 7.251896262168884 6.184618957340717 0.6117696240544319 2.650464408099651 0 0.3973153084516525 0.3926433846354485 0.1812786757946014 0.2846786081790924 0 0.2577670216560364 0.4649293571710587 1.804521314799786 0.502932071685791 1.561861388385296 0.8916338086128235 1.115343928337097 0.7042834758758545 0.4359142631292343 1.673179939389229 0.3766764029860497 1.207586064934731 0.2003893405199051 0 2.078530475497246 0.7410785704851151 23.13015878200531 2.916438147425652 10.44340402632952 8.573814705014229 4.590005464851856 0 4.536592058837414 3.49541187286377 0 0.1619945019483566 0.7863870337605476 0.611622542142868 0.7767421454191208 3.861582927405834 0.1252510547637939 4.13519299030304 7.625552646815777 4.197063639760017 4.03534109890461 0.120718777179718 0.1601510047912598 0.4125768393278122 0 0.9048605561256409 0 0.1834644377231598 0.5333675295114517 6.458938047289848 1.007489517331123 1.042739003896713 0.3944232687354088 1.496605165302753 1.263513445854187 0.5630439817905426 0.8464524522423744 0.3912255167961121 5.447314262390137 16.48636948317289 3.830751955509186 0.160519927740097 1.905164651572704 10.69247446209192 1.507593065500259 0 0.5916830450296402 2.669100217521191 2.05857764929533 1.780859537422657 0.4347735792398453 0.7956539243459702 2.578627705574036 0.1953151375055313 0.2322027534246445 0.1244447976350784 4.002881713211536 1.374126404523849 0.7320641279220581 3.286681897938251 3.79485909640789 6.10410737991333 22.12611338496208 341.9051039665937 158.1043326631188 430.4527799114585 68.16338826715946 33.21714843809605 48.99406872689724 4.746007166802883 71.84703617542982 18.91003643721342 2.078450068831444 12.1230426877737 2.551121167838573 3.464734300971031 0.7015430927276611 0 3.097295813262463 6.745655387639999 0.903282418847084
110.7978974208236 1798.027891561389 590.4571447148919 39.99265342950821 8966.579037308693 28.15327341854572 1054.936313152313 115.4140977784991 0 868.6186266466975 1794.514330767095 331.0239422097802 2197.374961398542 4430.210444077849 114.56502520293 55.80631525069475 1.491404294967651 0.5041267946362495 0 0.5573764368891716 1.038740798830986 0 0 0 0.881697341799736 1.703554652631283 0.3081627562642097 1.560189053416252 0.2901318371295929 0.1118576154112816 186.6576515212655 86.62779624015093 31.12897765636444 0 0 0 49.13035660237074 2.746461071074009 1.406697459518909 2.140945889055729 1.521640814840794 1.358056373894215 0.4247186183929443 5.559654042124748 0.1681823432445526 1.64563611894846 345.3399293273687 12.87630219757557 0.5707835108041763 0.745498463511467 1.223292447626591 0 0 1.032849386334419 6.259908206760883 11.51915220171213 87.69382341206074 339.1453964933753 99.83783581852913 78.80288974940777 5.072943098843098 5.83573754131794 1.472402170300484 168.9324950948358 15.90208047628403 8.822782762348652 5.022070497274399 5.01687628775835 5.191617205739021 5.320084482431412 64.5352139621973 33.49562645703554 0.2761184871196747 146.2263842076063 45.30650871992111 312.9587298184633 145.2787562012672 37.86794373393059 6.117296196520329 27.84444189816713 1.929511576890945 12.04525475203991 44.72355735301971 0.3659989014267921 9.674666844308376 15.05736055225134 8.796544104814529 0 1.617168083786964 0.09326286613941193 1.974567145109177 0.3725098296999931 4.354136995971203 1.731885619461536 4.559715382754803 612.0937742441893 1.734972529113293 0 2.095689848065376 51.44345854222775 3.686394602060318 6.502109289169312 27.63761626183987 5.370699062943459 13.38991029560566 64.61390349268913 31.60727761685848 108.2975707650185 85.29935455322266 124.9489479288459 64.19635473936796 486.9581054672599 282.1277876719832 316.9662766754627 135.8053458109498 0.7620276063680649 2.884069867432117 0 1.211655661463737 0 0 0 0 0.1700571775436401 0.8090385049581528 0.4314212501049042 0 0.8448469042778015 0 1.886565178632736 0 0.2479590624570847 0 0 21.11248037219048 2.061386868357658 0 1.642417721450329 0.8367047905921936 69.93856303393841 3.640381038188934 32.53365096449852 11.02405501157045 6.485918752849102 0 0.2496474087238312 0.7985921502113342 0.1486393064260483 0.2155998051166534 0.8146560788154602 0 12.97603553533554 20.38105191290379 0.9401860907673836 0.6544880270957947 0.18370021879673 1.029906541109085 0 0.2874450087547302 0.9045733585953712 0.5008900463581085 2.963388077914715 11.28870324790478 0.5776228308677673 0.7260811924934387 1.120706677436829 40.71666403859854 3.166288405656815 4.431394979357719 1.732789941132069 1.013371735811234 0.0841350257396698 0.1457066982984543 0.6446318626403809 0.211855873465538 0.6059485375881195 218.702183060348 2.23374517261982 0 0 0.1693363934755325 14.86725418269634 0 4.189298510551453 19.4109756052494 23.85583958774805 24.15755921602249 2.287666365504265 1.676824405789375 2.236354261636734 0.07265959680080414 0.0811842605471611 0 0.1887990236282349 0.1298287361860275 0.3045759648084641 0 128.4478305131197 13.16307896375656 37.31120274960995 978.3882660865784 89.16666874289513 754.9403617829084 182.1378637105227 342.9413439705968 284.6013718619943 9.540748722851276 292.5040295422077 57.36639354377985 4.653305470943451 42.74946487694979 14.00702223926783 56.18192223459482 3.174561649560928 0.6139794066548347 5.748438604176044 15.91745834797621 3.307099491357803
539.216656640172 2253.417410127819 4.651254132390022 1413.292587444186 403.3646711707115 650.6930676847696 5123.929203882813 0 868.6186266466975 0 7.199070081114769 1568.507447496057 7303.111061051488 243.2094824314117 1.040111571550369 0.750466950237751 0 0 0 0 0 0 0 0 0 0 0.1264884471893311 0 0 0 7.324523597955704 0.4434245526790619 13.5120914876461 0 0 0.2986845374107361 17.30341413617134 0.3545845746994019 0.8714280426502228 0.464057594537735 0 0 0 0 0 0 6.5734031945467 0.1229949370026588 0 0 0 0.1849549412727356 0 0 0 0.5215661451220512 31.52726338803768 33.04233787208796 5.993283085525036 1.833953082561493 0 0 0 1.862852245569229 0.2078798562288284 0.3474869281053543 0 0 0 0 28.17705498635769 15.92407754063606 0 8.499481149017811 0.8282786309719086 4.649458646774292 0.5600258409976959 0.6130168363451958 0 11.30208823084831 0 0.1713665872812271 2.169464617967606 0 0.1160347759723663 0.4365454986691475 0.2484597712755203 0 0 0 0 0 0 0 0 749.1073210090399 3.423748582601547 0 0 698.2217109501362 4.041613355278969 28.86571656167507 24.12030293047428 12.06736713647842 10.85807603597641 54.72715128958225 105.5056176185608 90.3995598256588 109.5950669199228 185.7406896948814 43.09522376954556 473.1517047584057 307.0021857172251 313.4941235631704 71.18746812641621 1.671399176120758 2.04349248111248 0 0 0 0 0 0.3058362901210785 0.7110885977745056 0 0 1.003345727920532 0.968157172203064 0 0.4046111404895782 0 0 0 0 12.41915414482355 0.8306596875190735 0 1.308037638664246 0 44.38079269230366 3.282127261161804 16.19570276141167 4.736793771386147 2.332964524626732 0 0 0.1526188254356384 0.3787007629871368 0.6474803388118744 0 0 6.542865216732025 16.41060470044613 0.1416328549385071 0 0 0.7065578103065491 0 0.2231987118721008 0.3269872069358826 0.2051527500152588 0 4.697815880179405 0 1.244771718978882 0 23.40091396868229 1.291753619909286 1.527936421334743 0.3550806194543839 0.2100492492318153 0.3182119205594063 0 0 0 0.2297555804252625 99.59394328296185 0.5321512371301651 0 0 0 9.090002551674843 0.6496298313140869 1.207013055682182 11.24338886141777 11.32755117863417 12.82956545054913 3.065362095832825 1.620082184672356 0.5612735822796822 0 0 0 0 0 0 0 93.09436000883579 7.222807124257088 12.90827803313732 53.54373344779015 2.039024174213409 13.82964348047972 5.42145512253046 737.0381636545062 6.34747576713562 0.1210676282644272 8.387431308627129 20.2535909563303 1.370744168758392 21.32579610496759 3.953862637281418 154.4442474842072 0.2602657899260521 0 2.416634649038315 0 0
335.0428384542465 1470.343955993652 3525.543503262103 2.912448547780514 1143.497765928507 16.22353956103325 63.20735880732536 2735.255009509623 1794.514330767095 7.199070081114769 0 97.71000746637583 854.8605690225959 1760.074634701014 200.7408412024379 177.6614965945482 7.755123220384121 2.824422985315323 0.7941292524337769 2.343254633247852 54.51885115355253 0 1.228163152933121 1.350732937455177 1.747928574681282 2.193467669188976 1.614856235682964 6.552392370998859 0.4345715567469597 0.5268177688121796 1316.804044052958 865.8235419467092 378.538307748735 0.9715348482131958 1.528621159493923 0.2783711105585098 326.021018743515 21.19143413752317 19.13516782224178 9.917588233947754 17.57773050665855 11.81058233976364 13.48454865813255 30.35968703776598 1.16167040169239 11.94053732603788 452.5364318415523 26.10324405878782 6.018580660223961 11.35365559905767 18.34863381832838 3.798839971423149 0 9.378136850893497 6.978716179728508 14.71660478413105 119.7568389624357 638.2334685996175 119.8200335502625 115.4348168820143 37.67055819183588 102.7817830592394 0.9484189450740814 494.5875272676349 20.70943739265203 16.06892169266939 22.14153891056776 48.42636571824551 86.49726563692093 119.1497178226709 225.5616470351815 73.86689356714487 0.968638189136982 225.5493744164705 96.2564016059041 464.8663842380047 343.2475320324302 238.0838790163398 114.8905567601323 1612.985120251775 19.88022127747536 369.8710245862603 56.02746220678091 0.9572108089923859 10.52060528099537 23.08817107975483 33.46105988323689 0.3703624159097672 5.518895179033279 0 3.731410369277 2.555205732584 100.0048373267055 15.46545816957951 11.20962017774582 280.5186374410987 16.43196700513363 0.2260894179344177 10.92513936012983 169.4320985674858 1.976786762475967 0.2474234104156494 1.910491347312927 0.2641477882862091 4.17435510456562 5.628617703914642 2.410598710179329 10.72140521556139 9.200369656085968 9.57843866944313 11.16069205105305 61.28990761190653 27.10047435760498 48.19067239761353 35.79540753364563 1.321279779076576 1.921269595623016 0.2543959617614746 1.23523673415184 0.1440506726503372 0 0 0 0.7217300534248352 0 1.110512629151344 0.4196204841136932 0.2479911744594574 0.7178253680467606 2.07575386762619 0 0.455962210893631 0.5973810479044914 0.2872521579265594 4.604874841868877 0.9512787088751793 0 0.6805723607540131 0.8195943385362625 45.16192003339529 4.410491570830345 27.49336382001638 13.81523485481739 4.928652800619602 0 2.767803534865379 1.526348523795605 0 0.6515281200408936 1.280654892325401 0 3.561027124524117 9.79202888906002 1.011278703808784 4.480008780956268 6.800152063369751 1.713644556701183 2.446677632629871 0.08654418587684631 0.7093147188425064 0.4699768796563148 0.3083557486534119 5.716499522328377 0.2382498681545258 0.6987275928258896 1.850130066275597 17.50764103233814 0 1.220655396580696 1.384756684303284 0.7417182624340057 0.2353903278708458 0.5440174788236618 0 0.4174529910087585 5.500136032700539 72.7791691198945 4.438712999224663 0.1829290986061096 0.5085306316614151 7.103031307458878 6.816403239965439 0 1.106163427233696 6.477637432515621 4.624026298522949 6.191743828356266 1.587459415197372 1.264930382370949 0.6234941706061363 0 0 0 1.584537908434868 1.113737240433693 0.9179296642541885 1.496337354183197 24.86788387596607 14.45742274820805 44.07809925824404 929.5836978033185 140.5209439620376 920.1240310817957 199.433929271996 258.3025327697396 265.735709451139 10.37510902434587 325.395676292479 35.16629728674889 3.538121432065964 34.79331567883492 12.32022443413734 8.978298030793667 1.605223283171654 0.09071725606918335 4.784069187939167 27.2726176828146 3.114025965332985
19.76755064725876 108.4782570004463 5.346290349960327 135.3529397696257 48.03417566418648 159.7937036603689 591.5325164347887 2.394344158470631 331.0239422097802 1568.507447496057 97.71000746637583 0 2608.129703685641 404.1020352989435 5.521775439381599 7.767539568245411 0 0 0 0 0.3066725954413414 0 0 0 0 0 0 0 0 0.1146329790353775 5.141053691506386 0.7105732560157776 34.69518668949604 0 0 0 134.3286326378584 0 3.914740592241287 0.9832057505846024 0.1604784280061722 0.4221964776515961 0 0.7423736304044724 0 0 14.07385412603617 0.3688048720359802 0 0 0.3048362135887146 0 0 3.929556667804718 0.2750040888786316 0.2106960937380791 6.4796237424016 13.60709495842457 4.000649258494377 1.922762855887413 0.2310811951756477 0.8800657540559769 0 2.918450511991978 0.8093316778540611 0.2021642401814461 0.3747662156820297 0.6408505514264107 0.5152949541807175 1.583424344658852 366.046940267086 90.1502310782671 0 6.548316888511181 1.9196657538414 5.939776085317135 2.176193371415138 2.291530750691891 0 41.13483417034149 0.427924171090126 0.7516588941216469 0.6202897429466248 0 1.080342158675194 0 0.2842245548963547 0 0 0 0 0 0.9281240701675415 0.331034392118454 1.045292019844055 2176.948415338993 46.97174836695194 0 51.77087853848934 59.53543831408024 3.448047950863838 5.092495426535606 13.52793321013451 4.232075735926628 7.991156920790672 45.81225399672985 30.26307286322117 58.28499296307564 57.7529701590538 76.66578580439091 33.17683742940426 295.6513860672712 173.5407979339361 241.2551624178886 77.20748621225357 1.045987591147423 1.651723355054855 0 0.2502679824829102 0 0 0 0 0.2820842564105988 0 0.1778702735900879 0 0.9089279472827911 0 2.455632656812668 0 0.2578256130218506 0 0 9.558950915932655 2.130241811275482 0 0.4505641013383865 1.477659001946449 56.72895649075508 1.840856775641441 15.44981928169727 4.709059983491898 1.098475739359856 0 0.1306759268045425 0.6047312021255493 0.4945270419120789 0.2911151647567749 0.1356303989887238 0 7.790839500725269 13.32317768037319 0.7954710274934769 0 0 0 0 0.100805290043354 0.362315446138382 0.2883765771985054 1.196188271045685 7.403544194996357 0 0.3819186389446259 0.661478266119957 23.56943789124489 1.605147197842598 3.369616135954857 0.7521747499704361 0.3453593328595161 0.4449787735939026 0 0 0 0.7213619351387024 141.0561526715755 6.813846126198769 0 0 0 11.0933201238513 0.1667170077562332 2.291193932294846 16.45797830820084 13.50561200082302 13.12757778167725 1.860997065901756 1.180238053202629 0.831155925989151 0 0.09375811368227005 0 0.4577277079224586 0 0.4709727168083191 0 91.64019024372101 13.19893373548985 30.1034649014473 61.83261971920729 3.507998540997505 30.82571666687727 5.825190916657448 134.6409162580967 8.916894525289536 0.6950868964195251 17.73458507657051 21.67587757855654 0.7091359794139862 24.44341656565666 2.606647312641144 28.60782240331173 1.095675528049469 0.489906907081604 1.846297904849052 0.7669988721609116 0
119.9593157470226 1763.356978692114 20.61975201964378 944.3671859204769 676.7183743342757 159.2997557222843 9741.633364289999 14.98320063948631 2197.374961398542 7303.111061051488 854.8605690225959 2608.129703685641 0 3101.222608759999 43.22024095058441 43.18209973722696 0.1528208255767822 0 0 0.1225240603089333 1.41750380396843 1.514306277036667 0 0.5468839406967163 0.1612389832735062 0.6687534302473068 0.3974973410367966 2.675173655152321 0.5416769832372665 0 12.87773774564266 7.876018539071083 460.1937933862209 0 0 2.227132752537727 513.0403686612844 33.00882149487734 16.40301242470741 4.88018811494112 13.91623370349407 1.515266045928001 1.29835007339716 5.225109286606312 0 0.838636688888073 78.16585045307875 4.58884559571743 0.4245796278119087 1.709648661315441 1.532734327018261 2.793166503310204 0.7992815971374512 4.265851229429245 2.19616986066103 2.067838579416275 19.08440190553665 62.14229851961136 17.50817016512156 15.08823223412037 2.607385516166687 31.88550094515085 1.335294291377068 14.65501124411821 4.039993673563004 1.539547003805637 2.601658470928669 3.288623124361038 3.387532830238342 9.586915478110313 515.1235292851925 208.3053736835718 0 20.73776334524155 4.699149630963802 52.23298354446888 28.73151641339064 11.89477110654116 1.234594784677029 114.6115324795246 0.51213239133358 16.41496524214745 10.19470240920782 0 2.515895582735538 2.441180266439915 1.956274077296257 0.4685892686247826 1.457953453063965 1.678315460681915 1.241314999759197 1.477762490510941 9.67997482419014 0.8311573266983032 1.108982235193253 3533.436353728175 98.82436276972294 3.602707087993622 52.49695856869221 62.58845520019531 7.387101650238037 14.28680440783501 25.70827649533749 5.251383781433105 19.25254037976265 68.48499517142773 42.36518195271492 105.3684446290135 101.0393125414848 148.0240757763386 74.30335792899132 521.4874486550689 348.6482108831406 357.7287700623274 140.7846279889345 3.132263615727425 4.233095824718475 0.1779390573501587 0.9382522851228714 0 0 0.1921458840370178 0 0.5075185596942902 0.4918338805437088 0.3212198913097382 0.772591844201088 1.394089326262474 0 4.33250354975462 0 0.1727392077445984 0.9137890934944153 0.281133621931076 16.87181288003922 3.858976155519485 0.5023335218429565 4.320017203688622 1.189797669649124 105.2306894809008 7.646882131695747 49.53288280963898 24.45372831076384 8.742250017821789 0 1.553989619016647 0.2018773555755615 1.001657992601395 2.655172914266586 2.149599581956863 0.1272514015436172 11.48746210336685 23.56077083200216 1.256773680448532 0.4384803771972656 1.864599257707596 4.236777350306511 0.3849549740552902 0 0.6020685881376266 0.5649891048669815 3.099052123725414 13.74873261153698 0 0.2386775761842728 1.30508516728878 51.27572400867939 4.521303296089172 4.457069918513298 2.557074286043644 0.6747917830944061 0.2328732386231422 0.6264659687876701 0.3924046084284782 0.7427768707275391 1.693322867155075 284.6337166577578 15.43986840546131 0.3389765918254852 0.2969574630260468 1.093052171170712 16.22021509706974 0.1372531354427338 3.188599064946175 22.7199867144227 19.0703462138772 24.53966321051121 5.199258103966713 2.027234271168709 1.900738023221493 0 0.1918196529150009 0 0.3832547515630722 0 0 0.255781501531601 199.3625046014786 31.07832004129887 94.65530952811241 313.5201849415898 25.24569297581911 177.7058362662792 53.5428292453289 227.5760077759624 68.45883889496326 1.420036733150482 118.5260183215141 45.44807869195938 5.262318775057793 51.54913505166769 9.79810094088316 65.44234164059162 0.7516189366579056 3.225656658411026 8.69629217684269 7.727007672190666 0.6115591377019882
