0 3272.358319610357 204.7963092848659 510.5143397897482 539.2958962619305 429.741346180439 1340.040959373116 76.03822995722294 108.5974846929312 1393.94785618782 401.597673073411 87.17958487570286 237.0034977048635 176.7640959769487 1.701616242527962 0.587715208530426 0 0 0 0 0 0.3072876632213593 0 0 0 0.1156026497483253 0 0 0 0 124.2734905183315 2.139315955340862 1.628832995891571 0 0 0 0.5260072648525238 0 0.5514295250177383 0 0.2380617558956146 0 0 0 0 0 7.267392598092556 0.8246036469936371 0.1199522912502289 0 0.09981051832437515 0 0 0 1.059934109449387 1.66936481744051 495.4266019314528 551.742233261466 27.11199758946896 8.078122667968273 0 0 0 2.807618662714958 1.107052363455296 0.8258052468299866 0.3427279368042946 0.3773707672953606 0.3758576884865761 0.462848387658596 3.0115085542202 0.7544860690832138 0 24.5930135846138 2.977726608514786 3.882487550377846 2.792925991117954 1.287179000675678 0.1764724850654602 158.7598727494478 0.1437334269285202 5.191395565867424 3.263389080762863 0 0.788346141576767 1.245855838060379 0.727824293076992 0 0.1131251379847527 0.2108193784952164 0 0 0.2430481240153313 0.3176929652690887 0 122.5497271418571 1.730918645858765 0.1893930435180664 0.2539613246917725 1101.256443195045 0 0 1.41334056854248 1.231712222099304 1.04235315322876 24.38079714775085 9.810171663761139 12.69723063707352 2.029523015022278 8.915532320737839 2.140777796506882 27.54763247072697 14.44415125250816 8.546625822782516 1.619049057364464 0.1041287705302238 0 0 0 0 0 0 0 0 0 0 0 0 0 0 0 0 0 0 0 0 0 0 0 3.284198582172394 0.3323078751564026 0.1292821019887924 0 0 0 0 0 0 0 0 0 0 0.4753796607255936 0 0 0 0 0.2491206154227257 0 0 0 0 0 0 0 0 6.400371834635735 0 0 0 0 0 0 0 0 0 1.629282370209694 0 0 0 0 3.042031705379486 0 0.5643664002418518 0.5733342170715332 0 0.6644522100687027 0 0 0 0 0 0 0 0.1326655000448227 0 0 3.711008638143539 0.8851726055145264 0 16.59065794944763 3.227252319455147 30.53577290475368 10.26381184905767 1303.668689154088 13.96862760186195 0.671722449362278 4.405082061886787 2.327544212341309 0 0.6847362071275711 0.1341566145420074 3.023253440856934 0 0 0 0.1895711570978165 0
3272.358319610357 0 488.3172328621149 193.8522718548775 3922.744328990579 733.6225305348635 2039.156432673335 230.1023337841034 1164.29120259732 693.5762403011322 2560.536707177758 49.71999901533127 2109.052837669849 1245.272674046457 9.076312482357025 4.282172113656998 1.107924975454807 0.2302944213151932 0.1473486125469208 0.7723679542541504 0.1437737196683884 0.1506972759962082 0 0 0 0.4424736946821213 0 0 0.4878978729248047 0 1882.336253277957 25.50364934653044 5.816861853003502 0 0 0 3.440542794764042 0 0 0.4110700041055679 0.1429893225431442 0.4822769910097122 0.1526644378900528 0.5092662647366524 0 0 103.4725911840796 15.66594514250755 1.221847482025623 0.7142261639237404 0.7720494046807289 0.1053806766867638 0.2440193593502045 0.1780786514282227 7.390463888645172 21.81471370905638 223.3064795136452 1075.941445425153 112.5484945997596 68.51653477549553 0.7582783177495003 1.243749603629112 0 31.36371145397425 15.45530883222818 13.73767894506454 4.160754166543484 6.767098627984524 0.3363336026668549 2.655468612909317 4.627079412341118 4.733679793775082 0 112.1573681682348 16.25848127156496 32.17034380882978 19.75214809924364 6.904761709272861 1.772174224257469 641.5176736265421 1.223733097314835 28.77374556660652 44.08336425572634 0.9524006471037865 9.048861213028431 10.41924648731947 11.25603867322206 0.08145730942487717 1.422758221626282 0 0.8126914277672768 0.09776270389556885 1.836276799440384 1.773109093308449 1.936641097068787 370.4121682494879 0.6098299026489258 0.1876509934663773 0 1076.057258315384 0 0 2.324544221162796 0.8095352649688721 0.5846820473670959 44.34893949329853 11.02300579845905 28.08546900004148 5.237998068332672 12.66007071733475 3.789024859666824 41.34164671599865 17.0179052054882 34.52396905422211 8.888161286711693 0.7168164253234863 0 0 0 0 0 0 0 0 0 0.5114196389913559 0 0.6984278559684753 0 0 0.1014229953289032 0 0.1555476635694504 0 0.4439811408519745 0 0 0 0 3.385076858103275 1.450499922037125 2.595212437212467 0.1285864263772964 0 0 0.1211844980716705 0 0 0 0.1808409541845322 0 1.0088110268116 1.348454520106316 0 0 0.6485703438520432 0 0.116802878677845 0 0 0 0.4069892168045044 0.5613532662391663 0 0 0.4115992188453674 28.23068358004093 0 0.3242548406124115 0.3024788051843643 0 0.1444622874259949 0 0 0 0 12.94941771030426 0.827459841966629 0 0 0 7.222667634487152 1.806026726961136 4.690378963947296 0.3161333203315735 3.587888814508915 1.596008390188217 0.1305475234985352 0 0.1418313980102539 0 0 0.5238116383552551 0 0.8782729580998421 0 0 11.05559572577477 2.631566815078259 0.5424024164676666 153.5358985885978 29.75705191493034 559.8550065904856 111.3798959106207 1373.829996183515 104.7937643229961 16.74002607166767 43.01349095255136 3.694304816424847 0 7.268446207046509 0.8734287023544312 2.213894844055176 0 0 0.8588234409689903 3.270533040165901 0
204.7963092848659 488.3172328621149 0 4.8144661039114 363.8014291748405 25.71376493573189 57.81174543499947 2053.809364549816 234.7561209052801 4.405855298042297 3618.47479056567 1.293859869241714 8.964404031634331 272.4201658666134 9.089502714574337 5.230413556098938 0.381619930267334 2.603386357426643 0 4.837999433279037 4.090222463011742 1.297430723905563 0.1374960392713547 0.5221873074769974 0 2.012071117758751 0 5.214066952466965 0.1717589497566223 0 5750.489356167614 356.2760867699981 4.341099634766579 0 0 1.966158241033554 1.430603787302971 0.1557642668485641 0.1744125485420227 1.004533499479294 9.897597081959248 1.690243236720562 16.89806440472603 1.053914904594421 0.5004489421844482 0.846989281475544 54.08840549737215 12.3270898014307 2.362046040594578 6.681762762367725 9.425189808011055 0.4305461049079895 0 4.281659319996834 4.588077746331692 10.39199034124613 170.2222500294447 2103.056247621775 84.32311391830444 42.74439989775419 13.77598444372416 1.4955675303936 0.440395250916481 369.3359040617943 9.009959951043129 10.01441148668528 4.769283413887024 10.50484485924244 35.19849009811878 83.28129359334707 0.8942963182926178 2.973352029919624 0.5215500593185425 92.02642347663641 37.78642830252647 24.57800377160311 23.50573825836182 13.21839965134859 110.9698608890176 1107.1008939147 85.12183013558388 589.569757387042 23.10679846256971 0.3718500956892967 7.445448637008667 9.322052881121635 14.21015845984221 0.2180460840463638 2.583267636597157 0 2.82385329157114 1.147237159311771 49.04439755529165 18.23964545875788 0.3596592545509338 8.554876774549484 1.980284094810486 0 1.233188733458519 494.9317579567432 0.1165860295295715 0 0 0 0 2.239510416984558 0 1.895628526806831 0.3656444251537323 0 0 4.334258481860161 0.1465288698673248 1.254048392176628 1.264876663684845 0 0 0 0.5402359515428543 0 0.2664452195167542 0.7284154295921326 0 0 0 1.137239784002304 0 0 0 0.3646643459796906 0.2762463390827179 0 0.7995937317609787 0 0 0 0 0.7636251151561737 0 1.439156994223595 0.3844477757811546 1.544566117227077 0.8241005539894104 0 0.4722369909286499 2.401566296815872 0 0.1905472725629807 0.4339253604412079 0.1655849516391754 0.5138446688652039 1.106178611516953 0.418904036283493 0 0.3451975286006927 0.8735301494598389 1.137438952922821 8.408717751502991 0.4674349129199982 0 0 0 0.1263282150030136 0 0.2391737028956413 0 3.478828802704811 0 0 0 0 0.3208980709314346 0 0 0 0.8557264506816864 1.412428751587868 0.2821797728538513 0 0 1.267445176839828 1.05230338871479 0.7680249512195587 1.054381787776947 0.330455869436264 0.6264548301696777 0.4488183110952377 0 0 0.7672137916088104 0 0.4582222402095795 0.1893868297338486 0 0 0 0 0.8028380870819092 0.1590764075517654 0.7224564552307129 74.82004012912512 24.79021000862122 218.4222847744823 42.04315447062254 389.7472685649991 43.24025519937277 6.61713182926178 15.940689496696 6.105770766735077 0.5589714497327805 3.802746146917343 0 1.124678015708923 0 0 0.339392364025116 3.161801509559155 0
510.5143397897482 193.8522718548775 4.8144661039114 0 415.749818071723 263.6307556182146 1084.899043619633 1.171471834182739 176.4936207681894 2426.369990870357 2.887935191392899 552.7940793484449 2245.751876965165 19.92850732803345 0.6539695262908936 0 0 0 0 0 0 0 0 0 0 0 0 0 0 0 14.53361500799656 0.4236637204885483 0 0 0 0 1.013821005821228 0 0 0 0 0 0 0 0 0 7.298946231603622 1.32298731058836 0 0 0.0885297954082489 0 0 0 0.4198513180017471 1.588122062385082 8.961496524512768 31.56595934182405 6.18383102118969 3.249300323426723 0 0 0 0.9324323385953903 1.288254827260971 1.31144942343235 0.3524831980466843 0.2506555691361427 0.2246851697564125 0 0.2283024340867996 0.640519380569458 0 7.359790667891502 0.9822346866130829 1.527183696627617 0.4638401940464973 0.5899949371814728 0 2.793870136141777 0 0.2116237282752991 2.938024066388607 0.1064401939511299 0.4676461145281792 0.4743375033140182 0.794944740831852 0 0.188974067568779 0 0 0 0 0 0.232266291975975 156.748907327652 0 0 0.1438699960708618 44.30427345633507 0 0 2.280054479837418 0 0 18.10405623912811 0 10.95097070932388 3.484104752540588 4.283248260617256 0.6624670028686523 16.07005941867828 6.155715093016624 9.12218764424324 1.874009057879448 0 0 0 0 0 0 0 0 0 0 0 0 0 0 0 0 0 0 0 0.9276874661445618 0 0 0 0 0.614114448428154 0 0 0 0 0 0 0 0 0 0 0 0.2427183240652084 0.2469473406672478 0 0 0 0 0 0 0.2156214565038681 0 0.1177978441119194 0 0 0 0 7.623547419905663 0 0 0 0 0 0 0 0 0 2.773796588182449 0.1811943799257278 0 0 0 0.5533854067325592 0 0.2222370356321335 0.5873534679412842 0.3549508154392242 0 0 0 0 0 0 0 0 0 0 0 3.252494290471077 0.2735434472560883 0 6.25079108029604 1.652817890048027 31.48401348292828 4.491493411362171 109.2876242250204 7.669218011200428 0.8399916216731071 1.354446448385715 0 0 1.092141732573509 0 0 0 0 0 0 0
539.2958962619305 3922.744328990579 363.8014291748405 415.749818071723 0 114.5033440291882 2395.182299442589 61.17290443181992 4494.842076934874 475.5836990624666 1641.600140593946 103.5152749717236 729.1620537191629 721.220521941781 13.73177795857191 5.425362959504128 0 0.1160943955183029 0 0.2133694887161255 0.1447512954473495 0 0 0 0.08879878371953964 0 0 1.10532234609127 0.28500035405159 0 331.8024688884616 33.99911142885685 4.00983490049839 0 0 0 9.642268180847168 0.1809923946857452 0.5702581107616425 0 0.3568850457668304 0.2418337613344193 0 0 0 0 124.254955932498 13.1447811499238 0.7194993421435356 0.2862858027219772 1.055706284940243 0.4571691751480103 0 0.147892639040947 7.414082817733288 22.16639267653227 60.10786260664463 235.8739385604858 54.42811311781406 49.64060006290674 0.1126744672656059 0.1231804415583611 0 29.54472604393959 14.11237329989672 13.86741796508431 3.346459958702326 7.156310573220253 0.458746425807476 0.8527008518576622 14.33368943631649 23.20343327522278 0 49.95347394049168 12.96683610975742 27.40178092569113 33.16882460564375 4.407209806144238 0.4073057770729065 127.0318095982075 0 4.924942843616009 25.59387607872486 1.732034809887409 9.500869825482368 9.594633214175701 9.535731077194214 0.1091723889112473 1.732315808534622 0.123974435031414 0.6648013740777969 0.3881807923316956 1.191262222826481 1.355350814759731 1.321233205497265 229.4195851236582 0.1102779656648636 0 0 106.3085029348731 0.5679959505796432 0.3801586925983429 11.74151752889156 1.333903357386589 5.538953050971031 145.8909197747707 7.016013443470001 158.291279129684 18.28878743946552 28.73548457026482 12.92460806667805 237.0646738111973 109.3672558814287 107.7235007435083 48.55121161043644 1.166813552379608 0.7483210042119026 0 0.1530904322862625 0 0 0 0 0 0 0 0 0 0 0.2371955811977386 0 0 0 0 0.8838008195161819 1.173587381839752 0 0.4823918640613556 0 17.75102684646845 4.551662564277649 10.22865422815084 0.1693422496318817 0.1570850014686584 0 0 0 0 0.4402196109294891 0 0 5.786254644393921 8.164526455104351 0.5555496364831924 0.2571365833282471 0.2208037972450256 0 0 0.2450813353061676 0.6607454568147659 0.1173253729939461 0.8401122987270355 1.510065585374832 0 0 1.182777523994446 110.5638227462769 0.1830225437879562 1.819461464881897 2.462560810148716 0.8629458844661713 1.309411257505417 0 0.4247346818447113 0 0.1956210434436798 75.27606809139252 1.378774777054787 0.3132275640964508 0.6598545089364052 0 22.64705637097359 6.004094257950783 23.28404498100281 5.074726611375809 5.287360280752182 8.213623315095901 1.111854404211044 1.049171179533005 1.527125239372253 0 0 0 0.3549407422542572 0 0 0 65.96284477412701 10.08218148350716 0.7466593533754349 284.803339317441 44.75593928992748 622.9833930209279 179.5710849091411 475.859196074307 115.6013218313456 18.93149708211422 79.02941380441189 11.59464493393898 1.526462696492672 31.85276851803064 2.463398732244968 14.13513007760048 1.253599867224693 0.1177433356642723 2.740890219807625 3.305873781442642 0.5898585468530655
429.741346180439 733.6225305348635 25.71376493573189 263.6307556182146 114.5033440291882 0 540.7219757139683 10.7650229036808 183.7547559291124 907.5712424367666 42.18049812316895 222.6194838285446 532.7278756350279 112.0253539532423 1.135749273002148 0.2625977098941803 0 0 0 0 0 0.1734870374202728 0 0 0 0 0 0 0 0 37.57843846082687 0 54.41701503098011 0 0 0 39.32991728186607 0.8058861345052719 3.330223500728607 0 0.1762910485267639 0 0 0 0 0.1813502460718155 0.8143478557467461 0.2301347032189369 0 0 0 5.365529179573059 2.215219423174858 0 0.2039542198181152 0.4714029431343079 178.8505951538682 191.7045609652996 3.431677296757698 1.100361675024033 0 10.58697207272053 0 4.513667896389961 0.0920269712805748 0.2072758898139 0.08381790667772293 0 0 0.2987523674964905 114.7489854842424 109.3971646130085 8.756589755415916 2.973916530609131 0.3382409811019897 2.329809837043285 0.2301076129078865 0.2159491628408432 0 36.55225782096386 0.138185977935791 32.90311089158058 0.2570022195577621 6.480500876903534 0.1082817614078522 0.7813357189297676 0.2378474995493889 10.15037335455418 3.151679627597332 5.926395334303379 0.2742855995893478 1.048851862549782 0 0 0 727.266249909997 84.86689794063568 20.47650246322155 29.15390841662884 575.6048031002283 0 0 0.1622481793165207 0.6688607335090637 0.4269579946994781 7.027304634451866 3.867643147706985 4.942628368735313 2.499673366546631 2.638970553874969 0.3115709125995636 5.558456242084503 4.006941914558411 1.338305488228798 1.134741634130478 0 0 0 0.1966156512498856 0 0 0.4362304508686066 0 0 0 0 0.2319009006023407 0 0 0.4109723046422005 0 0.2463968098163605 0.5429452955722809 0 0 0 0.6891406178474426 0 0 0.6050692200660706 0 0.1229334324598312 0 0 0 0 0 0 0 0.3077714592218399 0 0 0 0 0 0 0.7446392625570297 0 0 0 0 0 0 0 0 0 1.715743750333786 0 0 0 0 0 0 0 0 0 0.174451544880867 0.4523434937000275 0 0 0 0 0 0.1384468823671341 0 0 0 0 0 0 0 0 0 0.1088685318827629 0 0 0 0.7267641127109528 0.2585915625095367 0.2358680665493011 2.701572015881538 0.871219202876091 3.857259877026081 0.7175350487232208 709.4321986734867 1.556710004806519 0 1.756155073642731 2.861998967826366 0 0.3357946574687958 0 0 0 0 0.3830009698867798 0 0
1340.040959373116 2039.156432673335 57.81174543499947 1084.899043619633 2395.182299442589 540.7219757139683 0 9.859483957290649 2156.82940427959 2880.480642750859 433.406241081655 362.1100164055824 6335.364819988608 388.2104845494032 7.289459809660912 2.619310349225998 0.5333319529891014 0.2876184284687042 0 0.3199554085731506 0 0 0 0 0 0 0 0.9159934744238853 0 0 117.0538169369102 16.09644069522619 4.223305583000183 0 0 0 3.770341813564301 0 0.3352195620536804 0 0.5660173669457436 0.3866079822182655 0 0.1222746968269348 0 0.2284892946481705 86.94929314032197 10.30538934469223 0.8154444396495819 0.3262552320957184 0.6027074083685875 0 0 0.5272887051105499 5.602623142302036 18.0050832554698 57.263657130301 163.1504397392273 48.7076311558485 37.259312748909 0.1743180304765701 0.1522410064935684 0.1430588662624359 16.94159530848265 11.3856647759676 10.38562120869756 2.729869119822979 5.700457498431206 0.3073657751083374 0.2383760660886765 8.182044833898544 20.17988778650761 0 44.36049751192331 9.40719135850668 19.7351591438055 19.98490697145462 3.23729432374239 0.1449257135391235 24.08008350431919 0.1215106174349785 1.809825479984283 24.24946945160627 0.7793908268213272 7.229197278618813 9.324487462639809 7.100497484207153 0 1.255824074149132 0 0.2578733339905739 0.4525679051876068 0.5140064805746078 0.9165318310260773 0.5556068643927574 791.6813606992364 0.4407542198896408 0 0 106.2020506337285 3.604832872748375 6.565828070044518 100.9526220858097 6.66736027598381 13.59151391685009 252.0867638885975 15.83492871373892 230.6627030447125 46.27510520815849 67.95859169960022 27.27554823458195 369.5275138765574 163.4888204187155 168.2992211356759 66.21707627177238 0.8867714330554008 0.9532790705561638 0 1.534102693200111 0 0 0 0 0 0 0 0 0 0.1684992909431458 0.2360455095767975 0 0 0.2599849104881287 0.173946738243103 5.409889593720436 1.859585076570511 0 0.7868224680423737 0 24.40524213016033 3.562844142317772 8.131487190723419 0.6389192640781403 0.3442032039165497 0 0 0 0.1804305166006088 0.1560990959405899 0 0 6.005257926881313 10.41163081675768 0.8770269900560379 0.5626044645905495 0.5037980303168297 0 0.09335679560899734 0.1079415678977966 0.8284763097763062 0.7012697160243988 1.507231704890728 1.915338195860386 0 0 0 111.4593043923378 0.4890892505645752 1.51367075741291 2.272098384797573 0.2639136835932732 0 0.1227788850665092 0 0 0 105.3278082460165 2.621909663081169 0 0.2530296742916107 0 34.99123142659664 6.867171794176102 16.27548582851887 7.71624268591404 8.717733569443226 13.0291079506278 0.6231836155056953 1.511546209454536 2.158699743449688 0.1698546707630157 0.4791015982627869 0 0.4763675332069397 0.3542622625827789 0 0 101.1696801632643 16.42323988676071 1.881078794598579 206.9280270040035 37.06677910685539 518.315137386322 127.6893164142966 586.4339935928583 89.96451085805893 14.00103099644184 60.5838745906949 20.07067584246397 2.150509268045425 31.92680914700031 4.030174173414707 16.0484434813261 1.204072937369347 0.274565577507019 3.598773896694183 2.690425604581833 0.3029249310493469
76.03822995722294 230.1023337841034 2053.809364549816 1.171471834182739 61.17290443181992 10.7650229036808 9.859483957290649 0 52.46582070738077 2.630797117948532 2293.742796555161 0.2156531363725662 3.538027837872505 181.6131318286061 30.16144160926342 15.70422650128603 4.146418310701847 4.516104608774185 1.372680082917213 26.17365862429142 17.71153515577316 0.740757018327713 0.1901848018169403 0 1.195003882050514 2.162240952253342 0.2423460930585861 14.46447848528624 0.3312384858727455 0.1398092210292816 2010.302714340389 1823.419268779457 5.719313442707062 0.6475600749254227 0.4317526817321777 2.711993411183357 6.765801578760147 1.708519116044044 5.606407321989536 2.273675262928009 30.49150698632002 5.513813890516758 47.29510006308556 7.039566777646542 1.567468717694283 5.182442970573902 162.4893436580896 19.26781989634037 4.631617434322834 26.48808331042528 20.43067506700754 0.9857415556907654 1.118447244167328 10.74023173004389 5.124646350741386 15.08020538836718 65.23908939957619 629.4937671273947 47.80462276190519 43.23459117114544 114.0498829782009 7.097644470632076 0.6322996914386749 283.9527345821261 10.66329406201839 17.32425034046173 8.821163363754749 19.21399622410536 87.12518192827702 210.9968027994037 5.064602941274643 6.191116392612457 0 48.80444184690714 38.70455476641655 41.08719039708376 118.6866753995419 105.6822832673788 732.8071462064981 2486.160418391228 547.1955123469234 4222.755520746112 27.51119715720415 0.3769773095846176 10.17022497206926 10.04372335970402 44.40187247097492 0 4.113124169409275 0 4.692197479307652 0.9866463467478752 136.82849740237 41.95823370665312 1.325030758976936 7.068370521068573 0 0.6170731782913208 2.119779586791992 141.5024767816067 0 0 0.5435435771942139 0 0 0.5998629033565521 0 1.726467326283455 0 0.1931816339492798 0 2.37596070766449 0.9583224952220917 0.1492802202701569 1.488193430006504 0.4751666858792305 0.4621278494596481 0.6059503704309464 1.278710037469864 0 0.2272781580686569 3.067739710211754 0.6742510944604874 0 1.649223014712334 6.666086807847023 0.1179458945989609 0 0 0.177458643913269 0.6244969442486763 1.181623548269272 0.9127016663551331 0.1181551367044449 0 0 0 0.30344258248806 0 1.680727668106556 2.969880424439907 4.361453749239445 5.492061115801334 0.5965666025876999 0.9228729754686356 3.632167398929596 1.412205427885056 0 0.9559197574853897 2.002251356840134 2.158545449376106 0.186514288187027 1.469641409814358 0 1.685560584068298 3.462175741791725 0.8898951411247253 14.81451907753944 0.08215852081775665 0 0.1532566547393799 0 0 0 0.7733737975358963 2.222876481711864 8.10201495885849 0 0 0.2917812019586563 0.3620663359761238 0.5996220856904984 0.297054648399353 0.1891912966966629 0 5.037370383739471 1.222440645098686 0.8363052606582642 0.3366058766841888 0 1.930444695055485 1.972322136163712 1.430644363164902 5.60642397403717 0.6156305372714996 0.9824930131435394 0.2046661823987961 0 0.149605855345726 0.4181855767965317 0 0 0.1883834302425385 0.4975874200463295 0.919477641582489 0 0.7678835541009903 0.1895785629749298 2.079941302537918 4.037953227758408 320.3832870870829 52.53613573312759 592.7215940728784 148.9967868253589 231.7990097999573 65.31533170491457 14.81329137831926 86.91919274628162 11.21232157200575 0 9.818901896476746 0.1336812824010849 2.401948198676109 0.7436212301254272 0 2.016286224126816 6.725227072834969 1.295754954218864
108.5974846929312 1164.29120259732 234.7561209052801 176.4936207681894 4494.842076934874 183.7547559291124 2156.82940427959 52.46582070738077 0 859.7131184190512 3488.266335606575 296.0549576282501 2188.012864083052 1523.775186218321 42.95124908536673 23.03721312433481 0.712496280670166 0 0 0.1839001327753067 0.8497491776943207 0.293917715549469 0 0.3477675318717957 0.249895304441452 1.193887665867805 0 1.870617032051086 1.552885770797729 0.2093621343374252 147.026053480804 52.88891550153494 16.62136100232601 0.3260132744908333 0 1.259605705738068 12.51871509104967 0.5840006321668625 0.1478936374187469 0 3.12532876431942 1.98390669375658 0.1472795009613037 1.866367630660534 0 0.5784740895032883 155.568486019969 9.075861282646656 0.3994719982147217 1.106804668903351 1.018714129924774 0.5021275728940964 0.1959714591503143 1.39692534506321 4.212991632521152 12.75460474938154 32.51331113278866 125.624004393816 36.83822740614414 35.19986262917519 0.5385089367628098 0.1131706237792969 0.1652552336454391 70.5350596755743 6.853828474879265 7.639795020222664 2.145023599267006 4.578676849603653 1.69260897487402 5.32450482994318 25.05113260447979 42.51043017208576 0.1650412231683731 28.77556320279837 12.80818149447441 38.56615380942822 94.08633839339018 33.3816910982132 3.92133355140686 590.9801285862923 1.128754921257496 16.01432166993618 19.49112982302904 0.8646219223737717 4.831258200109005 6.854691028594971 6.206805109977722 0.1719867885112762 0.6869181171059608 0 1.379008367657661 0.3893661946058273 6.030745975673199 3.806619301438332 3.065504863858223 843.0032338202 3.34864105284214 0 1.219429031014442 64.56469186395407 2.357688874006271 1.650094136595726 26.04183685779572 5.358666971325874 17.69755996763706 419.8592706471682 18.71716052293777 387.5239944607019 48.95785574615002 91.76263590157032 40.37551432847977 613.8887477815151 301.1721145510674 308.847610078752 132.9554048553109 2.395333662629128 1.956782475113869 0.1510231345891953 0.4714469015598297 0 0 0.1324577033519745 0.1978711038827896 0.1918536424636841 0 0.4513617157936096 0 0 0.5479040145874023 0.1301507353782654 0.5528017655014992 0.1965540200471878 0 0 4.269062347710133 2.510311245918274 0 0 0 51.64378677308559 9.263318277895451 17.07689423859119 0.5476708933711052 0.4743720591068268 0.1532911062240601 0 0 0 1.066919073462486 0 0.1552587002515793 12.33979014307261 18.78703986853361 0.9274921268224716 0.9254132956266403 1.281900778412819 0 0.3336771354079247 0 1.561543568968773 0.6885986328125 3.231910549104214 4.847912289202213 0.8821772038936615 0.4798988997936249 0.3040145635604858 228.7555556967854 0.7291399836540222 2.921095669269562 5.557972282171249 0.7557908222079277 0.3696488738059998 0.2362964004278183 0.1061501875519753 0 0 221.0563676804304 7.067692682147026 0 0.3773395717144012 0.5637119859457016 55.24343687295914 7.146927699446678 37.18689078092575 10.03564424067736 12.91098976880312 19.13855022937059 1.859400220215321 2.833075508475304 3.896751396358013 0.1392032206058502 2.144082933664322 0.5689057856798172 0.3018509298563004 0.276495486497879 0 0 204.1730891764164 35.81635503470898 5.717681668698788 799.8344691172242 57.0419499874115 622.4780291765928 243.1956132426858 469.421745672822 108.3176970034838 15.63880731165409 199.7282576411963 34.44238363206387 4.908041954040527 57.80331570655107 8.407198809087276 22.14463475346565 1.454683244228363 1.817212045192719 4.066205903887749 19.78237068653107 1.754791103303432
1393.94785618782 693.5762403011322 4.405855298042297 2426.369990870357 475.5836990624666 907.5712424367666 2880.480642750859 2.630797117948532 859.7131184190512 0 14.27310506999493 1103.514166370034 4686.918469369411 268.5489028990269 0 0.4622679203748703 0 0 0 0 0 0 0 0 0 0 0 0 0 0 6.404443502426147 1.546187505125999 7.635680124163628 0 0 0 32.75823938846588 0 0 0 0 0 0 0 0 0 7.128980077803135 0.6346551924943924 0 0 0 0 0 0 0.1200737133622169 1.461566008627415 13.70718082040548 23.11082853376865 6.729971624910831 3.647923059761524 0.325998455286026 0 0 0.6131002157926559 0.4594956934452057 1.426939427852631 0.3139363825321198 0.4568403661251068 0 0 23.52130600810051 23.03111732006073 0 3.620980598032475 0.275982141494751 1.131189085543156 1.92825773358345 0.8481859862804413 0 0.7705927491188049 0 2.22502090036869 1.505639791488647 0 0.245293915271759 0.3064941838383675 0.2859193682670593 0 0.2598855271935463 0.1537696570158005 0 0 0 0 0 968.6495922356844 0.754617765545845 0 1.712237939238548 254.3093227893114 2.450725883245468 3.353852808475494 33.46295960247517 13.36395113170147 8.685215070843697 259.2101455181837 29.96203054487705 207.1645056903362 35.77388724684715 81.27338106930256 16.47309936583042 323.0321462750435 124.5734854489565 147.0829513967037 42.5638916939497 1.471076533198357 0.2573830187320709 0 0.3506645560264587 0 0 0 0 0 0 0 0.6696963906288147 0 0 0.3604126423597336 0 0 0 0 2.015781879425049 0 0 0 0 14.35743038356304 2.083420842885971 4.491705060005188 0.7400466054677963 0 0 0 0 0 0 0 0 3.700207494199276 6.908591210842133 0.6752152144908905 0 0.4691385328769684 0 0 0.5006213113665581 0.6696219965815544 0.2446015626192093 0.1448718309402466 0.3633916676044464 0 0 0 86.5920488089323 0 0.4441932961344719 2.905359894037247 0 0.3865438103675842 0 0 0 0.666012167930603 53.89876791834831 0.5764266848564148 0 0 0.2985608279705048 24.0218253582716 0.2537198960781097 25.51365116238594 7.884291909635067 8.941132843494415 5.787799157202244 0.3255528062582016 2.287101984024048 1.078914061188698 0 0 0 0.3801241144537926 0 0 0.0968540832400322 55.69101615250111 11.69445389509201 2.075484350323677 23.52726124227047 3.780402854084969 35.44460802525282 6.979742825031281 467.7294619902968 8.296635054051876 1.20716205239296 6.588590249419212 18.60796612501144 0.4577911645174026 40.36946554481983 2.016064703464508 21.26291485130787 1.597679406404495 0 4.91196458786726 1.070569902658463 0.6873674392700195
401.597673073411 2560.536707177758 3618.47479056567 2.887935191392899 1641.600140593946 42.18049812316895 433.406241081655 2293.742796555161 3488.266335606575 14.27310506999493 0 14.82421019673347 182.4136183261871 2587.586470514536 28.97578658908606 14.78814248740673 0.6259199604392052 0.3456633388996124 0 1.087651059031487 1.311257690191269 0.7355432361364365 0 0 0.3123703300952911 1.412604920566082 0 0.6270748898386955 0.9122798591852188 0.2737486958503723 1306.358679480851 369.9945267811418 20.9563964381814 0.3555707037448883 0.1663486957550049 1.472327917814255 14.44576644897461 0.5654388815164566 1.839825704693794 1.142863914370537 8.419031739234924 1.486904285848141 2.46174156665802 0.9359871596097946 0 0 165.3034939020872 12.2298781722784 0.2674443200230598 3.930685982108116 2.630206279456615 0.4069333374500275 0 1.161063209176064 6.571281157433987 20.09561231732368 67.1428287923336 422.6664970517159 53.63882310688496 51.32955241203308 2.249817281961441 3.099067479372025 0 84.2057865485549 13.54811008274555 10.44668098166585 3.918900839984417 6.830076865851879 3.597350619733334 20.11054465919733 16.39975808560848 15.04391887784004 0.1778915971517563 56.82757337391376 22.47543442249298 40.10549241304398 78.47328723967075 35.38801258057356 56.13848090916872 2207.862627528608 12.70298179984093 568.6454296037555 26.03156276792288 0.3055996745824814 8.79891961067915 9.146117098629475 10.17354767769575 0 1.476356081664562 0.2294230908155441 1.548620261251926 0.3791870549321175 17.20825628191233 12.15741129219532 2.336768582463264 95.26091742515564 0.2453909814357758 0 1.929727450013161 207.1938394755125 0.4983579963445663 0 2.557710111141205 0 3.923596441745758 52.64214153587818 3.404771015048027 48.26616261154413 7.413879185914993 6.196709960699081 5.092991054058075 72.29288496077061 29.54822528362274 58.05217686295509 22.67820580303669 1.156092390418053 0.7765657752752304 0 0.5829243212938309 0 0 0.2863544821739197 0.2952080965042114 0 0.7634935826063156 2.172696679830551 0 0.1160582676529884 0.4339769184589386 0.3247391879558563 0.749914325773716 0.3568243384361267 0.7058706879615784 0.2496254295110703 0.1732451915740967 0 0 0 0 13.07533323764801 2.595521464943886 6.097175277769566 1.202903300523758 0.1995894312858582 0 1.142549201846123 0.4551478028297424 0 0.2178079932928085 0 0 1.419286161661148 8.596137575805187 0.3798903524875641 0 0.854356124997139 0 2.456492237746716 0.1799220889806747 0.3731887936592102 0.4617529064416885 0.2512339726090431 1.331787765026093 0 0 0.4365381747484207 55.76949775218964 0.237369030714035 1.359327122569084 0.8129616677761078 0 0.2608452066779137 0.3002398610115051 0.2616129815578461 0 0.1620278507471085 31.02307161688805 0.9363708198070526 1.471098750829697 0 1.207569420337677 16.81660798192024 2.06705841422081 10.88121102750301 2.044830158352852 2.934257328510284 6.005002610385418 0.2054646015167236 0.8452159017324448 0.8617377281188965 0 0 0 0.0969318300485611 0 0 0 20.29627127945423 3.896168485283852 2.383100867271423 543.7612724453211 47.80175688862801 691.6940970942378 205.9614777490497 418.4391945526004 102.2531559243798 19.80645310878754 138.7923097386956 20.53448911756277 0.6305867880582809 24.11260643601418 1.329017817974091 7.680353581905365 0.577676385641098 0 1.136015295982361 10.59659503400326 0
87.17958487570286 49.71999901533127 1.293859869241714 552.7940793484449 103.5152749717236 222.6194838285446 362.1100164055824 0.2156531363725662 296.0549576282501 1103.514166370034 14.82421019673347 0 1296.689220160246 360.012195572257 2.040076531469822 1.38694840669632 0 0 0 0 0 0 0 0 0 0 0 0 0 0 0.8253765106201172 2.604671433568001 11.31263947486877 0 0 0 39.43085309863091 0 0.3700712621212006 0 0.1568784415721893 0 0 0.3013037741184235 0 0 4.513965427875519 0 0 0 0.3884525001049042 0.1813081353902817 1.229655861854553 0.1992759555578232 0 0.426463395357132 2.684447519481182 1.039689958095551 1.0712850689888 0.4057449698448181 0.3438806235790253 0 0 2.950243905186653 0.2961406111717224 0.4413532614707947 0 0.09921027719974518 0 0.2775307521224022 22.32956323027611 27.93698130548 0.1781800538301468 0.6170730590820312 0.4856009781360626 1.772884704172611 4.034809611737728 2.813319712877274 0 10.12796330451965 0 0.1894123405218124 0.2290672212839127 0 0 0.1749374493956566 0.1328898370265961 0.1659369915723801 0.1931710839271545 0 0 0 0.5931098312139511 0 0 956.7627261430025 10.8192925453186 2.877387285232544 0.1943753957748413 31.0377591252327 0.2617054432630539 0.196524977684021 2.667427897453308 0.4385957419872284 1.775796681642532 63.46013399958611 4.036534294486046 55.57345648109913 4.034584924578667 23.25128018856049 5.534565143287182 104.8423704057932 36.35286884009838 55.45506362617016 23.05863237380981 0.1333403438329697 0.3045696765184402 0 0 0 0 0 0 0 0 0 0 0 0 0 0.2077413350343704 0 0.18020099401474 0 1.244538009166718 0.1498449891805649 0 0 0 7.180575266480446 0.5494420230388641 1.427864909172058 0 0 0.1718370914459229 0 0 0 0 0 0 2.209519006311893 2.646460734307766 0.09492553025484085 0 0.280662328004837 0 0.6254076808691025 0 0 0.410541445016861 0.4409976825118065 0.8170381113886833 0 0 1.835907340049744 36.8167549520731 0 0.3192494511604309 0.7642213627696037 0.379829466342926 0.1217531114816666 0 0 0.09724055975675583 0 35.90133911371231 0.8699145317077637 0 0 0 10.78784616291523 2.761671528220177 7.800815209746361 3.204647153615952 2.383692480623722 1.04427383095026 0 1.100896015763283 0.5645506307482719 0 0.2436805963516235 0.2943229377269745 0 0 0 0 37.2140880972147 12.09004067629576 1.435576945543289 61.78034327924252 1.481993734836578 21.30789832770824 9.895108297467232 122.846970051527 4.168166741728783 0 15.16676157712936 3.51463982462883 0.2798231393098831 11.31168252974749 0.9392636716365814 3.384044006466866 0.1735303997993469 0 1.209597706794739 0.1774622350931168 0.1917081922292709
237.0034977048635 2109.052837669849 8.964404031634331 2245.751876965165 729.1620537191629 532.7278756350279 6335.364819988608 3.538027837872505 2188.012864083052 4686.918469369411 182.4136183261871 1296.689220160246 0 4103.428611189127 40.5311768501997 26.5622753277421 0.9112951084971428 0.3011044859886169 0 0.866565153002739 0.3436906337738037 5.885221764445305 0 0 0.4614351391792297 0.8893385231494904 0.6496466994285583 2.039934493601322 0.3361591398715973 0 17.4562216848135 27.92385193705559 357.6295950338244 0 0 0.2620023787021637 384.7506155818701 0.9564017802476883 40.50585325062275 0.9875639975070953 2.210149057209492 0.7979114726185799 0 2.751066088676453 0 0.2747890949249268 67.76374734938145 1.953746184706688 0.3318202197551727 0.6915605887770653 0.3523676097393036 1.157759189605713 1.002815514802933 2.054499134421349 0.3848113194108009 4.876821167767048 14.49750497192144 25.41781215369701 10.24425498396158 16.84605053812265 1.03073562681675 18.41873072087765 0 42.25189859420061 2.555430300533772 2.252016916871071 0.5712946429848671 1.690684787929058 0 3.668473303318024 336.9982429146767 126.5753713697195 0.5900733768939972 6.713103987276554 3.620428644120693 22.95296750962734 65.11750681698322 32.39891824871302 2.978934518992901 237.7246711552143 1.257870361208916 21.81646907329559 4.112663082778454 0.134545311331749 1.159843608736992 1.549887090921402 1.967484012246132 0.2641121745109558 0.7533768117427826 0.6802591532468796 1.279267206788063 0.1949988678097725 3.374673083424568 7.46350684762001 1.647562339901924 5606.224394619465 69.56873309612274 9.649275884032249 6.498241871595383 84.52399864047766 3.879453308880329 0.1699094474315643 26.96310995519161 1.716236114501953 10.61394844949245 352.5706599354744 16.17686355113983 315.6643734276295 32.50566667318344 87.2151745557785 32.59664253890514 508.8450301066041 255.8609489798546 265.1408948078752 116.409003674984 3.931641697883606 1.402398809790611 0.1685137152671814 0.9383722394704819 0 0.200045108795166 0.6488519459962845 0.4100519716739655 0 0 0.4927701354026794 0 0.1544455289840698 0.4708910211920738 0.3508706539869308 0.7808656543493271 0.462627962231636 0.5684563517570496 0.1206901073455811 2.761923432350159 1.09093850851059 0 0.1302332878112793 0.1573320329189301 45.08809472620487 7.782461985945702 19.39400666952133 0.859144315123558 0.5299417823553085 0 0 0.4088484942913055 0.1769610345363617 1.381030566990376 0.3602266907691956 0.4118181765079498 10.27491554617882 22.05924456566572 0.8878711760044098 0.9972690343856812 1.490713477134705 0.5521089881658554 1.703585550189018 0.1102408096194267 1.864892527461052 1.311896696686745 1.72499680519104 2.398732081055641 0 0.2249736785888672 0.5175649970769882 225.895099490881 0 2.744390986859798 2.110676109790802 0.4554050788283348 0.7802848070859909 0.1243608668446541 0.1519104093313217 0.4715901017189026 0 232.1120067611337 10.15630032122135 2.236949071288109 0.8693822175264359 0.3855268210172653 47.78464117646217 7.624614357948303 39.11580902338028 9.225016489624977 12.44367150217295 17.21945922076702 0.7641361206769943 2.232908003032207 2.827169939875603 0 1.458494618535042 0 1.188488185405731 0.3103930056095123 0 0 232.1632524579763 51.76032716035843 5.952772431075573 466.716779269278 31.61443450301886 215.2318365052342 97.75699269026518 474.4326166287065 30.78609710931778 5.240676015615463 117.2353082969785 28.45774623006582 2.200916767120361 48.87964676320553 6.57503767311573 14.29821446537971 1.763444542884827 0.5233204364776611 4.650520548224449 11.80722215771675 1.688768073916435
