0 3599.869303785264 822.7276854664087 2186.546744048595 1025.663146927953 65.86228366196156 866.1038738712668 79.55200778692961 225.5264855474234 930.2365213036537 960.9089638292789 57.48432947695255 162.9942644611001 66.32421040534973 1.255375936627388 1.013512179255486 0.1274248957633972 0.2556535601615906 0 0.1860582306981087 2.435166090726852 0 0.1397978961467743 0.1265307068824768 0 0.6128360778093338 0.09938862174749374 0.4095190465450287 0.1228795871138573 0 315.8779300674796 8.90146928280592 5.146820984780788 0 0.1327454745769501 0.1192862987518311 4.524868085980415 0.5108655840158463 0.9233123809099197 0 0.2110554724931717 0.2202638685703278 0.2338812723755836 0.1093271374702454 0.286271832883358 0.6892957985401154 16.78328960388899 1.658554911613464 0.2211764752864838 0.1100854203104973 0 0.4321414232254028 0 0.09493155032396317 7.158242374658585 4.450269795954227 268.3617968484759 823.9616312384605 43.14063259214163 6.293176345527172 0.1074189245700836 0.4512402564287186 0 19.31358275562525 3.661523602902889 1.405543312430382 0.593285396695137 0.3468829616904259 0.6910373643040657 0.2776224166154861 53.426842212677 14.73192381858826 0.361732229590416 192.2569557055831 114.9770221114159 13.18313593417406 7.190635964274406 3.999440163373947 0.6357539519667625 8.375093810260296 0.1018336564302444 3.27940933406353 21.26003237813711 0.3478131666779518 1.469583705067635 2.221686109900475 1.423387788236141 0.1559896469116211 0.9135325476527214 0.5252369344234467 0 0.4165290147066116 0.2386763691902161 0.1707227677106857 0.1347575485706329 199.4853644520044 69.24192605912685 1.645850047469139 4.006698161363602 1410.248754061759 0.1830763816833496 0.5633054077625275 1.963968217372894 1.654880523681641 0 18.21807087957859 0.1992891579866409 1.55050028860569 3.939795687794685 3.863729909062386 0 11.22033868730068 5.284591123461723 8.653830200433731 1.534715726971626 0.5018272325396538 0 0 0 0 0 0 0 0 0 0 0 0 0 0 0 0 0 0 0 0 0 0 0 0.4487258344888687 0 1.851434081792831 0.5242044627666473 0 0 0 0 0 0 0 0 0 0 0 0 0 0 0.2033710777759552 0 0 0 0 0 0 0 0 0 0 0 0 0 0 0 0 0 0 4.079285427927971 0 0 0 0 0 0 0 0.8248359560966492 0.7494528889656067 0.5794500708580017 0 0 0 0 0 0 0.1190272942185402 0 0 0 0.6968265026807785 0 1.085718974471092 107.6697436571121 11.63641811162233 138.1435386016965 21.34210393577814 1162.039320535958 31.43052785098553 2.096579022705555 12.22871249914169 3.545282021164894 0 0.9280959069728851 0 3.309967339038849 0 0 0 0.4088374376296997 0
3599.869303785264 0 725.8896850943565 1278.771391734481 3762.363971866667 238.2827785611153 4787.060367435217 149.4609321206808 1259.020227827132 1010.71813853085 849.1570748984814 63.51058400422335 848.3879009708762 269.5620512664318 5.092400461435318 0.8513855263590813 0.7984542325139046 0.5937071666121483 0.1369260549545288 0.3325290754437447 1.404410883784294 0 0.4213190376758575 0.2635397166013718 0.2589327394962311 0.6798384115099907 0.3708939999341965 0.2238952741026878 0.3595231473445892 0.1012270152568817 2610.520629674196 43.21932978928089 2.840483739972115 0.3398974165320396 0 0 5.55507855117321 0.6337258219718933 0.7349718660116196 0.1060547158122063 0.8525757044553757 0.6546512767672539 0.7251149788498878 0.7455152496695518 0.6297332793474197 0.546541839838028 58.12844072282314 3.31624872982502 0 0.8940234929323196 0.5787667706608772 0 0 0.9529965594410896 18.42705198377371 6.098009020090103 118.2862765043974 1069.730661951005 51.08977621048689 19.83320934325457 0.8033144474029541 1.104005612432957 0 97.40183404833078 8.382513530552387 2.704344391822815 0.8107730895280838 0.7551288157701492 0.3997173458337784 0.8785173520445824 6.526422776281834 4.011133462190628 0 312.433246023953 227.6141890585423 60.60901957005262 15.5367534160614 4.769754573702812 1.55892950296402 6.483681328594685 0.8069422841072083 3.781766422092915 45.89806408435106 0.4112790077924728 4.528910525143147 3.773236267268658 2.660751096904278 0 0.9335209280252457 0 0 0.1254110485315323 0.2650425508618355 0.2474474608898163 0.9880527406930923 53.60199768096209 5.965485133230686 0 1.141580119729042 1386.947684116662 0.4781267642974854 1.152796134352684 2.003782168030739 1.182696610689163 0.6596409976482391 102.8960879743099 0.9655946046113968 3.961093604564667 3.189256608486176 6.726880349218845 1.005868270993233 10.99622406810522 5.548532113432884 12.87995706498623 7.086111158132553 0.2208146750926971 0 0 0.3102299571037292 0 0 0 0 0 0 0.3256507515907288 0 0 0 0 0 0 0 0.1377855837345123 0 0 0 0 0 5.186491116881371 0 6.045263461768627 2.297691747546196 0 0 0 0 0 0.4973066002130508 0 0 0.3934905827045441 0.4883599877357483 0 0 0.2976004779338837 0 0 0 0 0 0.4665051326155663 0.2963405251502991 0 0.497314453125 0 1.949178904294968 0.4139426648616791 0 0 0 0.1102427318692207 0 0 0 0 11.14359900355339 0.3262965381145477 0 0 0 0.6969189792871475 0 0 0 2.107481554150581 0.4078826904296875 0 0.9703974425792694 0 0.1182099133729935 0 0 0.337022602558136 0 0.205035999417305 0 1.552159875631332 1.376772299408913 2.788977347314358 233.0441978573799 27.09182304143906 375.715983428061 35.92564110457897 1093.432221546769 58.37391769140959 2.962684161961079 39.46114186942577 3.365574344992638 0 4.735188022255898 0.3332975208759308 7.993226572871208 0.5287283658981323 0 0 2.187026686966419 0.6368658542633057
822.7276854664087 725.8896850943565 0 132.6343470662832 745.4138073325157 40.97356404364109 341.344421967864 1527.740605771542 721.6909664645791 142.6704522892833 3278.186895139515 28.88106699287891 84.74234292656183 227.6232254803181 2.640056386590004 2.230727069079876 1.579426527023315 2.291271403431892 0 10.11396808922291 51.20886976271868 0 0.5180689692497253 0.3007195442914963 0.2467933893203735 9.823468506336212 0 0.9672244787216187 1.481726013123989 0 5398.352879405022 1169.167155593634 41.19222573190928 1.928117871284485 0.4402481764554977 0.1425805687904358 11.78324720263481 1.206823021173477 4.788633339107037 0.8850904926657677 9.720337085425854 5.54709605127573 9.794182516634464 0.3160705417394638 0.09225519001483917 4.060962408781052 19.95154909044504 2.926935769617558 1.37306060642004 7.635976769030094 0.9035797640681267 0.1275275200605392 0.1766825169324875 3.766610220074654 9.240879274904728 4.559490919113159 179.5229769721627 3136.188809126616 39.18535954505205 8.493362046778202 3.974446691572666 4.218705981969833 0.5567892491817474 579.7457444220781 6.398546203970909 1.010305494070053 0.4215622022747993 1.463450364768505 4.862398684024811 11.74358259886503 18.80399749428034 5.686507806181908 0 223.2376579791307 318.3006243258715 35.42041566222906 21.53279227763414 6.121205814182758 477.2152934968472 1143.163531087339 3.211332283914089 95.05358937382698 22.15418563038111 0.1034557074308395 1.594347894191742 3.586436279118061 10.49554472416639 0.1341307610273361 0.1788014993071556 0 0.3678408414125443 0.4663943201303482 5.470656476914883 0.3549891710281372 3.368095405399799 20.9991385191679 11.08564599603415 0 2.135445527732372 654.9922244474292 0.141850933432579 1.329810708761215 1.329861141741276 0 0.5491757392883301 12.45443190634251 0.5568961203098297 0.7413153052330017 6.698792025446892 6.045611977577209 1.413711190223694 10.6766108199954 7.385085195302963 13.51054769009352 7.905941322445869 1.433070138096809 0.3237545490264893 0 0.4073732197284698 0 0 0 0 0 0 0 0 0 0 0 0 0 0 0 0.5816438049077988 0 0 0 0 7.554727204144001 0.158659353852272 3.838896982371807 2.641041614115238 0.1830808967351913 0 0 0 0 0 0 0 1.177894711494446 1.46283495426178 0 0 0 0.1381376981735229 0.9380312561988831 0.2819882929325104 0 0.2785965502262115 0 0 0 0 0 1.102844595909119 0 0 0 0 0.1556118130683899 0 0 0 1.02148474752903 16.76782765984535 0.3856650292873383 0 0 0 0.5528101325035095 0.6905035376548767 0.4155824780464172 1.20722508430481 1.538396596908569 0.1437577307224274 0.4990376830101013 0.782477542757988 0 0 0 0 0.2643955945968628 0 0 0 0.3334174603223801 4.94662581384182 7.182234302163124 82.84818964451551 23.10047750920057 154.8631526455283 21.37125111371279 480.4843462854624 34.66057544946671 3.424561336636543 13.35434318333864 2.51522932946682 0 4.873346477746964 0.2506965100765228 4.050458654761314 1.15728771686554 0.5842921286821365 0 0.7781933844089508 0.4230527579784393
2186.546744048595 1278.771391734481 132.6343470662832 0 327.5740660056472 362.9089075922966 660.2789865136147 15.14592846482992 61.02198824286461 1534.355461873114 92.59814094752073 236.3123110532761 1154.199442207813 138.0770255252719 1.39892615377903 0.6805712059140205 0 0.4349207356572151 0 0.1079750657081604 1.137185089290142 0 0.1199078634381294 0 0.09298168867826462 0.1172488033771515 0 0 0 0 162.8269938603044 5.806141182780266 0.5584060624241829 0 0 0 0.7335905358195305 0.3080705553293228 0 0 0.2553146183490753 0 0.2421011850237846 0.1200500279664993 0.1750558465719223 0.3144900649785995 11.10678378492594 0.6830487921833992 0.1429642736911774 0.255436472594738 0 0 0 0.2247186899185181 5.951393075287342 2.14473158121109 39.69071350246668 249.361511901021 16.03171894699335 3.300490118563175 0.117036372423172 0 0 22.46048038452864 2.836689420044422 0.8386645689606667 0.4631497263908386 0.2157424092292786 0 0.1817790269851685 3.356648631393909 0 0 86.59985673427582 45.71154125034809 12.49916531890631 2.722403652966022 1.44184123724699 0.7495981752872467 0.9667080119252205 0 1.804770968854427 13.40415008366108 0.3761266246438026 0.6903929337859154 0.9943350926041603 0.9488567560911179 0 0.1349204480648041 0 0.3620999902486801 0 0 0.09963739663362503 0.1672011315822601 73.88406085968018 1.786526709794998 0 0.5366543605923653 561.8451252728701 0 0.8094408959150314 1.073087871074677 0.8186076134443283 0 22.34414455294609 1.771332785487175 2.464907914400101 6.711516633629799 4.870552837848663 1.375514149665833 11.53814034163952 7.760330379009247 8.282941028475761 1.283980324864388 0 0.394460141658783 0 0 0 0 0 0 0 0 0 0 0 0 0 0 0 0 0 0 0 0 0 0 1.025111392140388 0 1.063822329044342 1.096749499440193 0 0 0 0 0 0 0.1446461379528046 0 0 0.5374401807785034 0 0 0 0 0.234682485461235 0 0 0 0 0 0 0 0 1.731974571943283 0 0 0 0 0 0 0 0 0 4.593536496162415 0 0 0 0 0 0 0 0 0 0 0 0 0 0 0 0 0 0 0 0 2.338163673877716 0.7454436868429184 1.93178902566433 90.99793833494186 10.04577866196632 88.2196998372674 12.77284778654575 832.6769649833441 16.89674946665764 0.4790778309106827 6.41695511341095 0.6566900610923767 1.05319245159626 1.821053296327591 0.3170045912265778 3.630261287093163 0 0 0.3131357431411743 0.2370007038116455 0
1025.663146927953 3762.363971866667 745.4138073325157 327.5740660056472 0 35.66712240874767 3559.448632262647 424.7539156377316 5004.497969083488 587.4625421985984 1937.312479063869 147.9697456285357 622.7629771530628 752.246461391449 18.46597990393639 8.28781321644783 0.7698924019932747 0.6966070458292961 0 0.5020589306950569 3.90951194614172 0 0.2841448560357094 0 0.09667541831731796 2.376948907971382 0.4446331858634949 0.4632533192634583 0.4815434291958809 0.1526402831077576 446.2233448177576 53.16502369195223 13.64122112840414 0.3357299864292145 0.1125902980566025 0.09976337105035782 6.897349543869495 0.6159692704677582 0.7037529349327087 0.1162488013505936 1.135125480592251 1.536135613918304 0.6472399607300758 0.7824751809239388 0.2793744057416916 0.56666649132967 63.98837572336197 3.001825638115406 1.206739023327827 1.01153802126646 0.5027918666601181 0 0 1.768040619790554 8.127365775406361 5.57337798923254 37.1887353733182 214.5503360331059 18.85845910012722 23.02659896016121 0.116627998650074 1.516012832522392 0 104.3052558898926 6.421136043965816 2.375237941741943 0.896746464073658 0.8073900490999222 0.8517342507839203 0.8111709132790565 18.74975905567408 8.209169663488865 0 146.9432275518775 98.19331370294094 92.73955574631691 27.11086128652096 9.569876879453659 4.58314260840416 13.42927887290716 0.3046480789780617 3.542545296251774 27.02796976268291 0.4179907888174057 2.997476890683174 2.847956083714962 2.124955117702484 0 0.9538276642560959 0.1271865665912628 0.5980778485536575 0.2989478930830956 1.77399929612875 0.3917466402053833 1.160929448902607 84.3808970451355 8.289924025535583 0 1.853497035801411 194.6038505807519 1.07144271582365 2.091537445783615 4.472504064440727 3.248961865901947 3.598191305994987 28.53126534074545 1.519478857517242 8.888103902339935 10.23219376057386 12.94054354727268 2.709748208522797 43.04361318051815 23.05038147419691 27.9985696002841 15.32331219315529 0.4252032786607742 0.972966730594635 0 0.7978594303131104 0 0 0 0 0 0 0 0 0 0 0 0 0 0 0 2.536743357777596 0 0 0 0 13.3599615842104 0 7.980317711830139 1.031250961124897 0 0 0.2931979596614838 0 0.448112428188324 0.6228422522544861 0 0 0 1.345911994576454 0 0 0 0.1885221600532532 0 0 0.1001221984624863 0 1.546567253768444 0 0.1713247746229172 0.3491200804710388 0 1.707333937287331 0.2198727577924728 0.302416056394577 0 0 0.4826003909111023 0 0 0 0.2872854173183441 29.31992291659117 0 0 0 0.1257516443729401 0.9441823363304138 0 0.3869016468524933 1.107633709907532 1.945221237838268 0.8249837160110474 1.09763665497303 1.621774263679981 0 0 0 0 0 0 0 0.1924568861722946 6.053680524230003 4.026031374931335 4.413831599056721 325.577133923769 39.11782330274582 362.4807354137301 59.83071567863226 269.8473335579038 76.60933559387922 1.891894996166229 72.5272915661335 5.092273265123367 0.1115179657936096 10.88103413581848 0.7665164470672607 11.10749690234661 0.5052737593650818 0.3129844963550568 1.068884879350662 8.671740353107452 1.041834801435471
65.86228366196156 238.2827785611153 40.97356404364109 362.9089075922966 35.66712240874767 0 90.23456819355488 5.417246371507645 12.45184378325939 255.2254069149494 47.9427335858345 176.4974715858698 198.985615119338 97.23440269380808 1.193189419806004 0.9007626324892044 0 0 0 0 0 1.420017838478088 0 0 0 0 0 0 0 0 20.68712718784809 0.1179033517837524 20.61467976868153 0 0 0 17.48723188787699 0 8.700987085700035 0 0 0 0 0.5609337687492371 0 0.2348323315382004 1.14600632339716 0.1640342175960541 0 0.3541847765445709 0.2319748997688293 9.291054531931877 0.2738921642303467 0 0 1.31661057472229 16.63376502692699 23.6621422842145 1.585924759507179 0.1286175847053528 1.248362392187119 0 0 1.595989808440208 0.1623145639896393 0.2801050394773483 0.1735492348670959 0 0.4155167937278748 0 312.7692903727293 223.0084135532379 8.465332761406898 3.454153046011925 3.021171092987061 0.6821993663907051 0.5712401643395424 0.1119745075702667 0 2.590720042586327 0.7690255045890808 0.3600224256515503 0.4843446463346481 4.298047468066216 0 0.3517822921276093 0 9.581521168351173 2.947400271892548 10.78899069130421 0.3265449851751328 3.401815712451935 0 0.5313737243413925 0.5562148541212082 291.0347395837307 226.1733179837465 15.45600558817387 57.65922167897224 182.749347999692 0 0 1.118861794471741 0.1846362203359604 0 4.578514441847801 0.4652808755636215 0 1.003134787082672 3.185462221503258 0.1507951319217682 1.050017520785332 1.447657704353333 1.419501304626465 0 0 0 0 0 0 0 0 0 0 0 0 0 0 0 0 0 0 0 0 0.25175541639328 0 0 0 0 0.5356705486774445 0 0.773913562297821 0.9528262913227081 0.6757374778389931 0 0 0 0 0 0 0 0 0.1702687591314316 0 0 0 0 0 0 0 0 0 0 0 0 0 0 0 0 0 0 0 0 0 0 0 1.473973080515862 0.7335614562034607 0 0 0 0 0 0 0 0 0 0 0 0 0 0 0 0 0 0 0 0 0.1779875755310059 0.9708002507686615 13.27621321380138 1.125584408640862 5.20655208081007 1.041835226118565 110.7720728442073 2.098648354411125 0 0.7800664678215981 0 0.1276707053184509 0.4421320855617523 0 1.705746069550514 0 0 0.9463757276535034 0.2159572690725327 0
866.1038738712668 4787.060367435217 341.344421967864 660.2789865136147 3559.448632262647 90.23456819355488 0 107.8980940952897 2387.195820011199 2067.349515348673 738.3732456192374 322.3186404407024 3102.409854330122 2001.722867935896 30.54650931805372 13.50581500679255 2.11760962754488 2.316502943634987 0.5315399765968323 2.237520433962345 5.765854604542255 0 0.1178428530693054 0.219669409096241 0.2590155154466629 4.058759309351444 0.7395774647593498 2.049831330776215 1.646862506866455 0.08424592763185501 496.1646002084017 78.33894540369511 23.46660047024488 0.2036538943648338 0 0 14.53571159392595 0.8171987980604172 2.266026727855206 0.3610187098383904 1.750068560242653 1.173347182571888 0.7116849273443222 2.493361346423626 0.53189667314291 0.8448463454842567 148.0437573865056 8.621531039476395 0.9491753876209259 1.392621450126171 1.847766503691673 0.135272279381752 0 3.030207470059395 22.66443984955549 13.24738024175167 99.81316517293453 380.6603111103177 50.85550928860903 47.7211732044816 1.920179814100266 1.372561514377594 0 182.2744876369834 17.18544428050518 5.746726237237453 2.442878946661949 4.038707047700882 1.114069320261478 1.038666792213917 42.95347189903259 18.24561619013548 0.126662015914917 381.1054192185402 230.9388424679637 186.6501008123159 47.46920235455036 19.47697231918573 4.577595710754395 18.48150070756674 1.294682636857033 7.300003483891487 76.50061187148094 0.3509901836514473 8.059310086071491 8.207295395433903 7.134117536246777 0.1119435727596283 1.877856060862541 0 0.9570718929171562 0.7520350813865662 1.66101410984993 0.4064302891492844 1.660394422709942 240.4749360978603 28.62085719406605 0.1707985103130341 5.119007594883442 181.8264832273126 0.13619464635849 7.843577355146408 9.263437762856483 4.107995629310608 5.852441735565662 76.671804651618 10.1066587716341 23.84892618656158 33.49834827333689 43.76258742809296 10.74003808945417 120.9575619772077 63.54017040878534 83.1821827813983 42.53415987640619 2.485917158424854 3.140004605054855 0 0.7275779545307159 0 0 0 0 0 0 0.1144470646977425 0 0 0.5010025501251221 0 0 0 0.2517540082335472 0 3.988317504525185 0.2001395672559738 0 0 0 31.16061243414879 0.7492982372641563 23.97939851880074 4.991932027041912 0 0 0 0 0.3961570262908936 1.003204256296158 0 0.2144788056612015 1.304565697908401 8.310763962566853 0.2818349003791809 0 0 0 0 0 0.446496993303299 0 1.316724888980389 3.160093426704407 0.1825820803642273 0.2000334411859512 0.4910588264465332 8.73613865673542 3.161039665341377 0.1063570827245712 0.6395938992500305 0 0 0 0.2764300107955933 0.08890168368816376 0.6177875399589539 81.48363348841667 2.07206366956234 0 0 0.4997561872005463 1.320507481694221 0.4945166707038879 0.4662176966667175 3.079136788845062 6.845874667167664 8.70015075802803 0.1830314695835114 1.582641899585724 0 0.8590274155139923 0 0 0.5423969104886055 0.2147105038166046 0 0 15.68513447791338 12.36861833930016 22.69038661569357 680.2510667517781 78.46091851592064 801.2896046712995 104.2437879145145 752.2099554017186 158.4068003296852 6.084142073988914 168.8669961988926 16.88643698394299 0.3340988457202911 25.89207154512405 3.025940015912056 23.14775082468987 2.445327818393707 0 4.237168863415718 16.59699323028326 0.2766287550330162
79.55200778692961 149.4609321206808 1527.740605771542 15.14592846482992 424.7539156377316 5.417246371507645 107.8980940952897 0 279.0930010452867 22.60266353935003 4500.395764738321 2.726991914212704 27.64694394171238 180.2437100857496 10.61561082303524 7.374448791146278 2.227233991026878 5.844106614589691 0.5680094957351685 18.89658061414957 88.97151976823807 0 0.7028080523014069 0.635705478489399 0.9192647784948349 14.73365788161755 0.3107681125402451 0.7950234785676003 2.736740097403526 0 1165.627718880773 2736.303649373353 43.98446091264486 2.916959427297115 0.2395476102828979 1.079861387610435 24.55080479383469 6.021840810775757 5.515576124191284 1.622240111231804 16.17565110325813 4.814609251916409 15.94884506613016 7.820719741284847 5.195457860827446 35.00308471173048 31.70602030307055 3.081331618130207 3.607554905116558 9.82862913608551 1.308841921389103 0 0 2.574202202260494 6.050060980021954 2.267926186323166 55.68245879560709 519.8149873539805 13.36001777648926 10.60132507234812 23.90070368349552 10.30010455101728 0.4548247158527374 790.9327478855848 3.190438099205494 1.453315496444702 0.4721993058919907 1.022289328277111 9.308590963482857 15.68491610884666 17.51492524147034 2.874329835176468 0 108.8668052181602 207.7773240357637 59.51655894517899 160.9638699516654 643.0399272888899 493.7400861680508 1165.432972759008 48.76683360338211 418.4987928792834 14.34237339347601 0.09390684217214584 1.323297150433064 1.72198149561882 18.5989196151495 0 0.2219425812363625 0 0.3592100143432617 0.7767762243747711 7.96977736800909 1.095932766795158 2.615149930119514 4.712747275829315 5.652763023972511 0 5.171165183186531 55.6778836324811 0 0 0 0.3234282732009888 0.2168945074081421 2.635190084576607 0 1.227155089378357 1.043660968542099 0.6483101546764374 0.5410704612731934 2.73594656586647 2.80404868721962 3.676679067313671 0.99718277156353 0 0.5199735164642334 0 0 0 0 0 0 0 0 0 0 0 0 0 0 0.5876424014568329 0.3050052523612976 0 0 0 0 0 0 1.328165009617805 0.1587356477975845 4.594935782253742 1.886636286973953 0.5297139286994934 0 0 0 0 0 0 0 0 0.1109262108802795 0 0 0.573033332824707 0 1.887700617313385 0 0 0 0.3325686454772949 1.2657630443573 0 0 1.263459250330925 0 0 0 0 0 0 0 0 0 0 5.292679280042648 0 0 0 0.1370726376771927 0 0 0 0 0.3508561253547668 0 0 0 0.3333206474781036 0 0 0 0.2988739609718323 0 0 0 2.304005071520805 1.220208361744881 2.092770397663116 154.0608875527978 25.79583927243948 169.5984075590968 21.42441639304161 104.0170424580574 24.57143104076385 1.725408539175987 36.31784174591303 3.115833923220634 0 1.429991662502289 0 2.669532418251038 0 0.7726113796234131 0.4409214556217194 2.452528700232506 1.147859245538712
225.5264855474234 1259.020227827132 721.6909664645791 61.02198824286461 5004.497969083488 12.45184378325939 2387.195820011199 279.0930010452867 0 368.1316841542721 4360.820772252977 143.3301857709885 1914.274743668735 5952.335737869143 32.91008057445288 14.74817659705877 1.180272094905376 2.09114146232605 0.4716093838214874 2.166160434484482 6.813210062682629 0.2362360805273056 0 0.533090703189373 0.1302507370710373 4.712607569992542 0.3441472351551056 1.134520620107651 0.5610502138733864 0.6053646206855774 257.9450382813811 67.14947362244129 121.2193012014031 0.7489254847168922 0 0 21.29642014205456 1.385163746774197 1.705318093299866 0.7284584268927574 2.737532220780849 0.5858322605490685 1.300966680049896 0.979661725461483 0.3712764605879784 0.5185622870922089 86.03496640175581 3.337703198194504 1.251218907535076 1.484029270708561 0.8736641108989716 0.1172962412238121 0.1806757897138596 2.499354049563408 6.162778869271278 5.565218821167946 37.77755709737539 165.7744194865227 18.89736045151949 34.33849792182446 0.8432029113173485 1.932996578514576 0 116.1415138840675 7.114881604909897 3.001230850815773 1.495229139924049 0.6244776621460915 1.845044359564781 2.601166173815727 27.83712001889944 12.55097661167383 0 168.627352245152 107.5428415760398 138.5785711035132 51.70564927905798 19.15452276170254 3.107248649001122 27.56286114454269 0.6338839083909988 4.832077786326408 30.81341304630041 0.2682367488741875 2.772777691483498 3.860217966139317 5.512006856501102 0 0.3147651478648186 0 0.5107926204800606 0.3229347392916679 2.870160147547722 0.4971976950764656 1.536639846861362 117.1487683653831 10.85811385512352 0 2.670847795903683 76.89335147291422 0.311680942773819 2.44541347026825 5.360104694962502 1.438591793179512 1.109758511185646 39.44132458418608 4.657016262412071 8.223040290176868 17.60547914355993 15.36148664355278 4.556752167642117 59.95299620181322 36.22158333659172 48.67481803894043 23.00323963910341 1.733993664383888 2.13942277431488 0 0.2849785387516022 0 0 0 0 0 0 0 0 0 0 0 0 0.174338310956955 0.2785924673080444 0 2.030452638864517 1.280150413513184 0 0 0 13.1411530226469 0.6070299744606018 11.26887960731983 2.173717565834522 0 0 0 0.277223527431488 0 1.198996990919113 0 0 0.1439322978258133 5.738921970129013 0 0 0 0.1369099467992783 0.2774288952350616 0 0 0 0.4055790901184082 1.598507791757584 0.7122199833393097 0.1621823310852051 0 3.404130384325981 0.5972185879945755 0.6901954710483551 0 0.1904391199350357 0 0 0 0 0 37.86833324283361 0.243419349193573 0 0 0 0.2959138751029968 0.218002125620842 0.5683799535036087 2.220465734601021 4.09910523891449 2.521796807646751 0.1763903498649597 1.39997510612011 0.2842830419540405 0 0 0.09938539564609528 0 0 0 0 11.11451556533575 6.456094659864902 6.621846973896027 445.4546665400267 43.6391341611743 448.9157091379166 75.5986804664135 186.2730870917439 90.24782035499811 4.442390963435173 99.20441546291113 10.24659104645252 0.7023576572537422 9.717027008533478 1.364153832197189 12.92261458933353 2.395298585295677 1.102182358503342 2.808237805962563 15.30930922925472 1.935698568820953
930.2365213036537 1010.71813853085 142.6704522892833 1534.355461873114 587.4625421985984 255.2254069149494 2067.349515348673 22.60266353935003 368.1316841542721 0 134.9660734459758 701.0246560871601 4426.493877463043 635.5324744880199 3.267116948962212 1.731728598475456 0.2766075283288956 0.1324155032634735 0.1014054119586945 0.1107914224267006 1.003866843879223 0 0 0.1420083194971085 0.1108015775680542 0.9764179587364197 0.2121645882725716 0 0.1316261291503906 0.1240188702940941 163.749812066555 7.996243998408318 4.282752208411694 0.120980441570282 0 0 4.509319819509983 0 1.739220708608627 0.1447865664958954 0.2157777398824692 0.3365625068545341 0.1336627602577209 0 0.2774278447031975 0.3624591529369354 21.83387054502964 0.6295169591903687 0.1199375614523888 0.3482384234666824 0.09494557976722717 0 0.1158859208226204 0.6858572512865067 4.842332787811756 1.756082259118557 50.94222661852837 166.570460319519 15.99821473658085 7.543328583240509 0.1176483258605003 0 0 17.65774001926184 2.811702042818069 0.9817148223519325 0.5044485107064247 0.3948081582784653 0 0.9733876883983612 13.48532807826996 36.7321905195713 0 93.75037705898285 42.01811931282282 20.0768910124898 6.363337814807892 1.390460900962353 0.8062857463955879 3.932715840637684 0.5450126603245735 0.6592039614915848 15.48515368252993 0.3803901001811028 0.4129872843623161 1.122894361615181 0.8601973131299019 0 0.1253557354211807 0 0 0.2922047078609467 0.4563083201646805 0 0.177043229341507 412.6291122585535 20.93507759273052 0 1.750758126378059 541.4092092886567 1.355334714055061 7.44022761285305 12.26915619522333 10.71910885721445 3.643925458192825 132.7225462645292 21.86226449906826 17.91546889394522 41.63841111958027 41.9233555495739 5.740811586380005 109.7626002132893 63.61014460027218 79.0593034774065 27.35665883123875 2.837229982018471 2.312640979886055 0 0.5907996147871017 0 0 0 0 0 0 0 0 0 0 0.175110399723053 0 0 0 0 1.366134569048882 0 0 0 0 19.57579293102026 0.5542005300521851 11.7308796197176 3.702865026891232 0 0 0 0 0.3750494569540024 1.411351129412651 0.9419765174388885 0 2.180459946393967 3.983668267726898 0 0 0 0 0.79848712682724 0 0 0.1535586565732956 1.552986040711403 2.303429909050465 3.369304060935974 0.8184968531131744 0 7.745959267020226 0.8482060208916664 0.5691534876823425 0.2090880274772644 0 0.1509225368499756 0 0 0 0 47.59397475421429 0 0 0 0.1411573588848114 3.025980547070503 0 0.383825957775116 3.836863398551941 5.050257094204426 6.926278993487358 1.046056106686592 1.914608806371689 0 0 0 0 0.1200959458947182 0 0 0 18.61768093705177 13.67105324566364 10.42016144096851 310.3807249516249 11.20629880577326 143.6656093001366 17.05685098469257 1012.015210151672 25.39381212741137 1.760397009551525 32.29685737937689 11.51174326241016 0.9947652816772461 20.5808193385601 0.4835125356912613 47.55257594585419 1.147293478250504 0 3.37868320941925 1.22602167725563 0.3405907452106476
960.9089638292789 849.1570748984814 3278.186895139515 92.59814094752073 1937.312479063869 47.9427335858345 738.3732456192374 4500.395764738321 4360.820772252977 134.9660734459758 0 112.2636409029365 1477.382108107209 5620.568719692528 57.43753257393837 35.93858649581671 2.219078488647938 2.960640877485275 0.2006892934441566 10.7589334025979 87.60581502318382 0.1820999085903168 0.4350186958909035 1.317480534315109 1.183128073811531 18.96342485398054 1.041659265756607 3.083963714540005 1.076790638267994 0.6398397013545036 1445.533578924835 556.5842012092471 841.6437505558133 0.7501275837421417 0.3785228356719017 0.3156787157058716 138.6044840812683 8.217815965414047 10.18418875336647 3.189447663724422 21.86687569320202 9.11418392509222 9.317944474518299 2.534988142549992 1.321796052157879 2.527719743549824 144.9913598895073 8.886623188853264 3.465682245790958 7.707766197621822 1.642735026776791 0.9883024543523788 0 7.057773053646088 16.2100885361433 12.77796320617199 111.1863617822528 800.3623843416572 40.69849169999361 46.86183065921068 2.002899281680584 14.46367341279984 0.5067511349916458 362.7074436843395 12.95940080285072 5.371966689825058 1.773289397358894 4.15708514302969 10.69001429527998 18.48388614505529 94.35056204348803 8.699482940137386 0.3805581331253052 318.6075103282928 309.9429788887501 243.2626581937075 115.6932052522898 55.56116910278797 149.8031922727823 174.8539902642369 2.916312329471111 20.18695668876171 52.69096496701241 1.210049830377102 6.039543762803078 6.897414073348045 14.46043171733618 0.2119845375418663 0.7441524937748909 0.3378712236881256 1.619289711117744 1.120705462992191 14.31108542531729 3.720678307116032 3.935651384294033 103.0770689994097 25.34053988754749 0 7.341861218214035 387.4740740805864 0.2482197284698486 2.48906497657299 4.674541980028152 2.003075540065765 3.43064720928669 28.17508295178413 8.301141671836376 10.48683676123619 16.53097791969776 12.76564931869507 3.445585966110229 53.13049264997244 28.93792113661766 42.5829349309206 23.38292597979307 1.573894634842873 2.594515472650528 0 0 0.4071557819843292 0 0 0 0 0 0.3170230388641357 0 0 0.2147134691476822 0 0.30967116355896 0.1340550929307938 0 0 2.519713550806046 0 0 0 0 18.3096886947751 0.9841373264789581 11.87460479140282 4.512117646634579 0.1617415845394135 0.2597630620002747 0.7193619012832642 0.630606397986412 0.3727616667747498 0.8931231200695038 0.276137501001358 0 0.2407895028591156 2.847034841775894 0 0 1.054674744606018 0.2164066880941391 3.195397824048996 0 0.7452475130558014 0 1.004330962896347 0.9298955500125885 0.5188160836696625 0 0.4400734677910805 3.168748877942562 0.7480781748890877 0 0 0.1233606934547424 0.1053230091929436 0 0 0 0 38.53409839421511 1.740453392267227 0 0 0.2848087549209595 0 0.8842806071043015 0.4044291079044342 3.231719747185707 3.657845951616764 2.832013785839081 2.03172741830349 0.2962407320737839 0 0 0 0 0.4836079403758049 0.1476481109857559 0.3518393784761429 0 11.10587337613106 7.517755411565304 11.937922924757 501.1694349497557 76.33711329847574 615.2645236700773 93.31305179744959 433.361893825233 128.4212931990623 5.761300176382065 128.9184278100729 8.328243933618069 0.6269137412309647 12.83268959075212 0.9511818140745163 10.05359755456448 2.022392362356186 0 5.966427505016327 15.96004882454872 0.3551376163959503
57.48432947695255 63.51058400422335 28.88106699287891 236.3123110532761 147.9697456285357 176.4974715858698 322.3186404407024 2.726991914212704 143.3301857709885 701.0246560871601 112.2636409029365 0 3851.225668109953 257.937474809587 8.496408365666866 7.781856000423431 0.1226419806480408 0 0 0.1138407289981842 0 0 0 0.1154063865542412 0 0.127912312746048 0.1345522254705429 0.4105266332626343 0 0 11.56224957853556 0.9990626946091652 80.30198922008276 0.09002695232629776 0.08693491667509079 0 5.20264033228159 0.2338657826185226 1.373341962695122 0.1157956048846245 0.1358901858329773 0.1779642105102539 0.1197602674365044 0.1120659857988358 0.1053797379136086 0.1716814935207367 11.62457324564457 0.1030450463294983 0 0.1100809201598167 0.1270408034324646 0 0 0.2864198237657547 0.5325045511126518 0.3829084262251854 6.060289449989796 6.730786859989166 2.261158525943756 3.547315947711468 0.7482136636972427 0 0 5.073077008128166 0.1851837337017059 0.2004703730344772 0.210249125957489 0.2280097603797913 0.1304440945386887 0.1679069399833679 20.20781016349792 33.51382213830948 0 17.06601814925671 8.119927577674389 21.73005626350641 10.03122378885746 5.923020280897617 0 54.45288275927305 0.1158396005630493 3.045852079987526 2.631149403750896 0 0.2846159264445305 0.546163834631443 0.09670314192771912 0 0.1052654311060905 0 0.1461281329393387 0.4359485059976578 0.1282816827297211 0 0.2356164157390594 2271.835204407573 68.64558807015419 0 1.436873398721218 133.8471227139235 1.95071704685688 8.648590371012688 15.6699682995677 11.8197528719902 7.040773175656796 108.2924816980958 21.02000231295824 34.26955199986696 59.11278519034386 72.4869829416275 10.59817658364773 198.4661825597286 116.3198712766171 153.8798050880432 52.49876836687326 4.641471073031425 2.509975634515285 0.4243007600307465 0 0 0 0 0 0 0 0 0 0 0 0 0 0 0 0 2.975743770599365 0 0 0 0 23.81459787487984 0.5517368316650391 19.98185859620571 3.487978063523769 0 0 0 0 1.028312921524048 2.225652828812599 0.1353594362735748 0 1.597849771380424 8.143588729202747 0.5928664207458496 0 0 0 0.1438362151384354 0.1394810378551483 0.3661361634731293 0.2449240460991859 2.093144133687019 3.182938776910305 2.508323490619659 0.16876420378685 0 8.446029752492905 3.573540404438972 1.513414114713669 0.7507953643798828 0.1584357172250748 0 0 0 0 0.2635332047939301 89.64795610308647 1.134181097149849 0 0 0 2.138874784111977 0.5231543779373169 1.002761363983154 2.873602271080017 8.940252967178822 7.49890161305666 1.102135717868805 0.880878210067749 0.1727541536092758 0.1745910048484802 0 0 0 0 0 0 49.90529468655586 18.10038429498672 14.96052150428295 186.3088764548302 6.032937563955784 70.33756769448519 16.19631814956665 184.2473381534219 17.16986291855574 0.3526246547698975 33.08010873943567 14.88591410219669 1.175230860710144 37.3833022415638 2.049687504768372 46.39422193169594 1.38115044683218 0 4.59340900182724 2.729850590229034 0.3942474722862244
162.9942644611001 848.3879009708762 84.74234292656183 1154.199442207813 622.7629771530628 198.985615119338 3102.409854330122 27.64694394171238 1914.274743668735 4426.493877463043 1477.382108107209 3851.225668109953 0 5454.780390329659 89.35255792737007 71.80561047792435 2.628390565514565 2.790821567177773 0.5989686101675034 1.559989735484123 7.390549562871456 0.2267552316188812 0.4648327901959419 0.2430505082011223 0.7012113109230995 4.108158282935619 0.2934841215610504 2.620172813534737 1.153635106980801 0.09489420801401138 69.83996547013521 19.01171273738146 762.9906565919518 0.3305730670690536 0.07406293600797653 0.2697293013334274 35.68572115153074 1.866006180644035 8.012309230864048 0.5922625511884689 2.357562780380249 3.247817777097225 1.035104461014271 4.02179890871048 0.8575090691447258 4.406460270285606 125.0547739118338 3.439613096415997 0.5599790066480637 1.273104578256607 1.468509092926979 1.315267905592918 0.6481856852769852 4.357090696692467 8.300207547843456 3.688516736030579 26.96991308033466 68.27660641819239 14.95409619063139 38.16060297191143 23.07403805851936 26.15910225361586 0 61.63245254009962 6.754802860319614 1.997072294354439 1.649343229830265 3.013093799352646 1.116450004279613 1.43622312694788 218.0502711161971 124.8662172779441 0.4062068611383438 146.7113881111145 64.00195620208979 218.2798030748963 105.2272150143981 58.54275430738926 6.336246073246002 352.5158270001411 19.54703110456467 246.1060888394713 23.74847162514925 0 4.353707477450371 2.543419547379017 4.96106892824173 0.6669488549232483 0.9650208353996277 1.439197026193142 1.670764945447445 0.4631440415978432 1.980142921209335 1.90118020772934 0.9107771813869476 4320.816042892635 230.3259213268757 2.433395206928253 12.05035576224327 177.5311973243952 2.559329695999622 18.48230227082968 34.03842894732952 27.80821071565151 15.08531072735786 262.3534972369671 41.51869880408049 79.67424629628658 133.5687480643392 157.6811549216509 35.12881718575954 450.0417151600122 286.3728712126613 341.3407655209303 142.4380184188485 9.345675274729729 4.801817767322063 0 1.038311347365379 0 0 0 0 0 0 0 0 0.2319320142269135 0 0 0.1179615929722786 0 0.1321267187595367 0 14.15688579529524 0.8195623308420181 0.165411502122879 0 0 62.87453421205282 0 51.42763732373714 8.680525548756123 0.7894695773720741 0.1782531291246414 0.1727088838815689 0.1769673079252243 1.278854250907898 5.619225010275841 2.211151883006096 0 3.102237276732922 16.24313240498304 0.6616364717483521 0.3795715123414993 0.2698582708835602 0.7710979878902435 1.026463642716408 0.1755887717008591 2.744380593299866 0.5258099883794785 2.766888871788979 9.413384452462196 2.57793353497982 1.20821862667799 1.718139976263046 19.61960729211569 6.450848609209061 1.711993969976902 0.6955785378813744 0.1156905740499496 0.2002554535865784 0 0 0 0.2541546821594238 264.9370054379106 8.376630514860153 0 0 0.4826709181070328 6.927680760622025 2.275950714945793 1.486765921115875 12.19397274404764 16.56066901236773 15.57559660077095 2.716320112347603 7.377392992377281 0.4404686167836189 0.188576877117157 0.114978238940239 0 0.3877891004085541 0.4183076694607735 0.1417796760797501 0.1169314011931419 104.2779660597444 64.3810506388545 47.47763283550739 640.9179900288582 67.10422484576702 506.6384706124663 119.4904766976833 308.2636609897017 120.7559193074703 3.737490750849247 167.7515248134732 30.69249170273542 1.92504345625639 55.09656353294849 4.604003690183163 88.03903237730265 5.476606570184231 1.21514618396759 15.49969137459993 22.62549228966236 4.285631768405437
