0 3209.702869310975 339.9229024723172 817.3846552073956 243.1585064530373 69.835105702281 1949.243245132267 84.17537362128496 263.5827298015356 1211.323033757508 322.046891272068 141.8384355455637 463.2541595175862 662.0829545035958 7.660879321396351 5.333759844303131 1.193135492503643 0 0.09462127089500427 0.1830944716930389 0 0 0 0.1377882212400436 0 0.1094425022602081 0 0.1196878850460052 0.4503841623663902 0 377.6776051297784 0.7328449934720993 14.4227417036891 0 0 0 6.416391395032406 0.6382815539836884 0.5648513436317444 0.1734701991081238 0.34002835303545 0 0 0.7032855898141861 0 0.09207749366760254 11.55294042080641 0 0 0 0 0.1554666310548782 0 0 8.222823768854141 2.180476032197475 181.1038014292717 787.1463434249163 18.19143282622099 8.589975290000439 0.1440192013978958 0.1274750083684921 0.08547510951757431 2.107377000153065 0.316694937646389 0 0.2356607168912888 0.1066327914595604 0 0 31.17856253683567 2.98813234269619 0 140.2688277587295 11.22102788835764 13.21267333626747 2.466617047786713 1.128323562443256 2.645996823906898 29.87463220953941 0.4054507538676262 1.42649844288826 3.931504659354687 0.1918027251958847 0.1608304530382156 0.8681403547525406 0 0 0 0 0 0 0 0 0 179.2813613191247 5.27046425640583 0 2.597802266478539 1100.141328021884 0.2628305107355118 0.5242527723312378 0 0 0 2.932113200426102 2.495435237884521 0.6833594441413879 5.744924068450928 14.33142971992493 0 10.03462862968445 20.3297248929739 6.558960117399693 5.283009737730026 0.09721653908491135 0.1279861778020859 0 0 0 0 0 0 0 0 0 0 0 0 0 0.1116282790899277 0.9190999269485474 0 0 0.4656253904104233 0.643322765827179 0.4563398957252502 0.1987232267856598 0 2.553882151842117 0 1.059031382203102 1.603681415319443 0 0 0.159133717417717 0.2756617069244385 0 0 0 0 0.1641660928726196 0.8368276208639145 0 0 0 0.8886911273002625 0 0 0 0 0 0.7581986784934998 0 0.399537056684494 0.5280630886554718 0.4567853808403015 0 0.5331642925739288 0 0.1879429072141647 0 0 0 0 0 7.503647014498711 0 0 0 0.4073857963085175 0.64450703561306 2.656472615897655 4.092039510607719 0 0.9031663239002228 0.9788172543048859 0 0 0 0 0 0 0 0 0 0 9.975595526397228 0.6434248834848404 2.24373871833086 103.0490093678236 8.977584935724735 37.50743391364813 9.969365052878857 388.3306813165545 26.00971432030201 1.240866772830486 12.105743534863 4.029713287949562 0 1.448493897914886 0 4.699007824063301 0 0 0.6586583703756332 0 0.2242968827486038
3209.702869310975 0 1270.673644296825 1385.65415340662 4856.768024876714 103.0737964063883 3587.695763580501 358.1083005145192 3507.20493735373 563.1561746820807 1852.000306263566 71.9106472954154 1202.318847604096 2483.150073774159 35.284344650805 11.03603775799274 2.249504297971725 0.4707087576389313 0.1861873269081116 0.3620984926819801 0.4908633828163147 0 0.4866482615470886 0.09096967428922653 0.1153079643845558 1.245423786342144 0.09938610345125198 0.2108466327190399 1.096524648368359 0 2045.984895408154 5.45668688416481 17.31251949071884 0.09808342158794403 0.3161314576864243 0.9201575815677643 9.433840297162533 0.7973860129714012 1.244567722082138 0.7809820249676704 0.4918987154960632 0 0.2355730533599854 1.40511292219162 0.5458115041255951 0.3290207386016846 56.60485472530127 0.5126004666090012 0.6016773208975792 0.4509595707058907 0.3610620349645615 0 0.1252295076847076 0.1725371330976486 27.58787314593792 8.961070999503136 70.7412676140666 765.8119319230318 9.321804605424404 31.60190588980913 0.4761250913143158 2.850917212665081 0.1435014307498932 17.75898413360119 3.004359923303127 0.6696988567709923 0.7734072431921959 0.7844969034194946 0.4578652232885361 1.233263052999973 15.34654933214188 0.4526523426175117 0 278.4228262156248 80.98055901378393 80.42264249175787 15.97935415059328 5.729999132454395 27.76327367872 94.75324355810881 1.561917290091515 8.384812787175179 24.55588129907846 0.2694613263010979 1.90053752809763 2.960931032896042 1.000526204705238 0.1136216372251511 0.2325230613350868 0 0 0.2993149161338806 0.2484317794442177 0 1.037531614303589 26.87922401726246 0.4762429296970367 0 1.113732114434242 1124.531759105623 0 0 0.1677443385124207 0.1737604737281799 0.3329649642109871 2.430992871522903 1.439085468649864 0.3491795063018799 5.028556153178215 5.889691606163979 0 3.487641468644142 5.777274832129478 4.074391856789589 1.959935575723648 0.157838836312294 0 0 0 0 0 0 0 0 0.1122827008366585 0.1866926699876785 0 0 0 0.1191312596201897 0 0 0.7599606215953827 0 0 0 0 0.1476213037967682 0 3.61683252453804 0 1.024785876274109 1.073869645595551 0 0 0 0 0 0 0 0 0.1017205938696861 0.1449772566556931 0 0 0 0.1480775475502014 0.1908942312002182 0 0.280031830072403 0 0.2182232737541199 0.373456284403801 0 0 0.5105035006999969 2.712031587958336 0 0 0 0 0 0 0 0 0 5.723934195935726 0 0 0 0.2269991189241409 2.646273031830788 1.19474795460701 1.982927605509758 0.2381275445222855 0.2226820737123489 0.7320415452122688 0 0.3046949952840805 0 0 0 0 0 0 0.1247294172644615 0 2.844231389462948 0.7935727909207344 3.089113347232342 247.7668565884233 29.79887454211712 198.3190221339464 24.49373165518045 246.0144373700023 57.85908035188913 4.939608506858349 44.35541500151157 4.993194878101349 0.2246216833591461 0.6470479443669319 1.004166901111603 0.5205749720335007 0.2803857028484344 0 0.09280181676149368 0.5847283899784088 1.147781193256378
339.9229024723172 1270.673644296825 0 1.153139226138592 154.1945177987218 0.7640018165111542 65.49848122149706 2347.855394601822 348.7958581149578 4.288309507071972 2082.487175002694 2.239806488156319 231.7467292845249 801.1093547195196 60.2061350941658 68.53973941504955 19.20655509829521 12.01055907458067 4.552919834852219 15.15988702327013 33.20186521857977 0.2307222187519073 3.418550156056881 2.224510557949543 0.6490902602672577 10.33231800794601 0.6221725642681122 4.825807921588421 1.044500924646854 0.1349306255578995 3609.673274792731 486.2685776054859 65.66612365841866 2.636897265911102 3.065721251070499 13.77186443656683 31.08475761860609 11.9497250393033 4.517149806022644 3.31656551361084 31.58484690636396 1.902664929628372 18.44810945540667 26.6726511567831 5.652331754565239 21.12836612015963 58.06836873292923 8.89990857988596 16.15076346695423 21.01354773342609 7.243519723415375 0.1540415734052658 0 1.699335761368275 14.95775569230318 6.564282014966011 37.48510003089905 630.4535199701786 7.18719157576561 23.33776437491179 7.865547969937325 48.72024142742157 2.089846827089787 660.2808577492833 3.136945970356464 5.133037462830544 2.326414667069912 19.59907861053944 48.91160634160042 68.43830405920744 13.32815830409527 4.027743399143219 0.1201999336481094 159.5776355117559 91.20852853357792 69.49701899290085 100.9061822518706 39.90993834286928 958.5640957206488 985.5723030641675 375.8708881735802 736.6033548116684 16.5354101806879 0.4088999554514885 3.97711243480444 3.279098071157932 32.9281050786376 0.1765889003872871 0.7290288433432579 0 1.260988056659698 1.348478436470032 23.93539597094059 6.047815553843975 2.679421238601208 6.261456310749054 0.7138979882001877 0.5471343398094177 9.066640876233578 221.4898094460368 0.1153312772512436 0 0 0 0 0.5744574368000031 0 0.1985642910003662 1.923621580004692 1.668619573116302 0.1004243269562721 2.32955439388752 2.190802350640297 3.830219380557537 2.878640398383141 0.5053628534078598 0 0 0.1462617963552475 0 0 0.6081806719303131 0 0 0.2794181853532791 0.9125358909368515 0 0 0 0.3944010436534882 0.6071361154317856 0.1733750700950623 1.157253682613373 0 0 0.3312132656574249 0 0.1238378211855888 0 6.648414097726345 1.285563051700592 5.538836531341076 3.370188280940056 0.2122510820627213 1.039983928203583 1.387884922325611 0 0 0 0.2957727164030075 0 0 0.9410015270113945 0 0 0.1673965156078339 1.460249587893486 1.099311098456383 0.139245793223381 0.1768259704113007 0 0 0.3821001052856445 0 0.7459397614002228 1.569046527147293 6.942236542701721 0 0 0 0 0 0 0 0.1522839516401291 1.207112565636635 4.001300342381001 0.6932321935892105 0 0.1620931774377823 0.1162830516695976 3.119571976363659 2.141967982053757 4.316963352262974 0.7761592492461205 0.5669424533843994 0.8688131496310234 0 0.1846759170293808 0.1063983663916588 0 0 0 0 0 0.3137649446725845 0.1882801204919815 1.47965307533741 1.73914235830307 9.679780267179012 250.8099324852228 51.25411318987608 213.3941791579127 54.95145853608847 51.25255794078112 42.05553270876408 2.766933351755142 60.12457819283009 7.826527707278728 0.1068757772445679 3.297709465026855 0.3878587558865547 2.583858877420425 0.5603486150503159 0 1.26830105483532 3.165178008377552 2.981096290051937
817.3846552073956 1385.65415340662 1.153139226138592 0 42.63187377154827 145.5186762660742 2168.355292320251 0.3766173869371414 17.88484513014555 1590.510334134102 0.6047240719199181 603.3641137182713 416.3150358274579 6.240608915686607 3.852639280259609 1.153715133666992 1.220419004559517 0 0 0.1332504600286484 0 0 0 0 0 0.5483837723731995 0.1555601954460144 0 0.4805931746959686 0 14.86984091997147 0.2380771934986115 1.453529804944992 0 0 0 3.857349641621113 0.1566704213619232 0.4942775666713715 0 0 0 0 0.2477705329656601 0.3237888291478157 0.1592159420251846 6.900384344160557 0.1469395160675049 0 0.249702200293541 0 0 0.3759486973285675 0.4906433522701263 3.838174439966679 0.2265885099768639 9.923857375979424 55.76903226971626 1.355627119541168 5.847721286118031 0 0 0 1.237803936004639 0.2699681594967842 0 0 0 0 0 5.08086222410202 0 0 32.10328971594572 7.085708059370518 6.815913140773773 1.273864239454269 0.5580190122127533 0 1.185550913214684 0 0.3939629420638084 2.941022492945194 0.228758193552494 0.09909534454345703 0.8202691599726677 0.09621316194534302 0 0 0 0 0 0 0 0 54.19765204191208 0 0 0.6157841682434082 140.7901495546103 1.445760495960712 0.2166134119033813 0.8459971994161606 0 0 2.271460473537445 3.210440471768379 0.2532145082950592 8.032449126243591 14.78053142130375 0.2723978161811829 9.957793354988098 6.926710441708565 11.75982175767422 5.118100672960281 0.5266580730676651 0 0 0.3326778411865234 0 0 0 0 0 0 0 0 0 0 0.2339838743209839 0 0 0 0 0 0.1805408298969269 0 0 0 7.340835310518742 0.8877730667591095 3.364761769771576 0.8192674517631531 0 0 0 0 0 0 0 0 0.2600186467170715 1.093309581279755 0.2387612909078598 0 0 0 0 0 0.3909271359443665 0 0.1675576567649841 0.4375950396060944 0 0 0 4.216542050242424 0 0 0.3910542279481888 0 0 0 0 0 0 8.868265241384506 0.7096794843673706 0 0 0 3.279882028698921 1.909240141510963 2.107704415917397 1.280776768922806 0.4134922176599503 2.646379396319389 0 0 0 0 0 0 0 0 0 0 6.433441922068596 3.121105447411537 6.456716522574425 99.56656760722399 4.696206234395504 32.47122276574373 5.433988966047764 216.7242869436741 12.17272076755762 0.6683748960494995 12.11068076640368 8.663366228342056 0.7133868932723999 2.560718268156052 0.3512524664402008 4.865007907152176 0 0 0.9408884346485138 0 0
243.1585064530373 4856.768024876714 154.1945177987218 42.63187377154827 0 30.38912817835808 2124.791936337948 69.17675528675318 6244.391759030521 492.8783282116055 280.2255413681269 121.6406737267971 360.7574670761824 502.7064081951976 105.4730381965637 21.12401457875967 6.840767748653889 0.7618442699313164 0.3949961438775063 0.3398295864462852 1.572138741612434 0 0 0.6577024534344673 0.6584691405296326 4.304545260965824 0.2888353243470192 1.866518445312977 1.61952318251133 0.5803261995315552 273.0017777830362 10.31923558562994 3.589984931051731 0.5523448213934898 0.2223871350288391 0.6254198849201202 9.868615813553333 1.308613985776901 2.393473237752914 1.863468505442142 0.6611671224236488 0.380121685564518 0 3.337984137237072 1.161787398159504 1.900370620191097 109.9875467568636 0.7646415680646896 0.8163724094629288 0.5063830837607384 0.4096727967262268 0 0.1237527057528496 0.9633124619722366 35.36951620876789 13.36451578140259 24.91119066625834 151.2170185670257 6.096296295523643 39.33352277427912 1.880728274583817 1.899651937186718 0.1253003627061844 26.35449992865324 4.500573195517063 1.692886106669903 1.501797892153263 2.751867339015007 0.238091804087162 0.1179580688476562 13.47640877217054 3.854216203093529 0.2524779438972473 129.3411457836628 53.80707486718893 117.0208899751306 25.98401799052954 4.89203767478466 9.482235319912434 17.30572241544724 1.727045901119709 3.220608070492744 31.7421795502305 0.485270082950592 3.02341490238905 4.375374503433704 0.666505865752697 0 1.564170777797699 0 0.6240908578038216 1.824214249849319 0 0 3.413519777357578 47.91522766649723 1.507686197757721 0 2.43915918469429 69.22851629555225 1.911838442087173 0.2627075016498566 0.1597542017698288 0.2195210307836533 0 9.166123226284981 3.153620600700378 1.211112588644028 7.722596555948257 22.5808087438345 0.2425007820129395 14.1729944050312 19.67940551042557 16.61816073954105 11.32180418074131 0.2652243673801422 0.1534894555807114 0 0 0 0.1589005440473557 0 0 0 0 0 0 0 0.2802176773548126 0.5276342630386353 0 0 0 0 0.5002186298370361 0 0.2172379195690155 0 0 10.90156900882721 1.83773347735405 4.954327546060085 1.038735121488571 0 0 0 0.2352426797151566 0 0.1278329342603683 0 0 0.6294956654310226 1.056188598275185 0 0 0.2675269246101379 0.3121989369392395 0 0 0 0 0.5026231408119202 0.5284776836633682 0 0.5076476037502289 0.5552358478307724 8.284681051969528 0 0.1207439005374908 0 0 0 0 0 0 0 23.77699709683657 0 0 0 0.4247840642929077 6.322078570723534 2.507648512721062 5.596757143735886 0.4802328646183014 2.473348990082741 1.814101099967957 0 0.2494688034057617 0.09687108546495438 0 0 0 0 0 0.1124616116285324 0 9.788577631115913 2.871151149272919 9.523382544517517 675.3604833781719 83.74889542162418 388.4818300902843 53.98247558623552 234.8123204708099 137.6482965499163 9.250303693115711 123.5775018706918 23.90435566008091 2.856886699795723 5.066364519298077 0.8611850589513779 3.583312600851059 0 0.8386445045471191 3.317244961857796 1.812664821743965 1.337678551673889
69.835105702281 103.0737964063883 0.7640018165111542 145.5186762660742 30.38912817835808 0 253.4064047783613 0.1184250935912132 19.95925414562225 613.1997624337673 3.886618331074715 376.6236649304628 164.8536010980606 22.3076396137476 0.3744377493858337 0.4068724662065506 0 0 0 0 0 0.6145484447479248 0 0 0 0 0 0 0 0 1.378854662179947 0 12.4764861613512 0 0 0 51.8343159109354 0.3657787293195724 9.365178033709526 0.3517454862594604 0 0 0 0 0 0 0.4572460800409317 0 0 0 0.2845307737588882 2.891204945743084 0.1563567221164703 0 0 0 133.7180324792862 47.96478649228811 12.06708720326424 0.1370018571615219 0 0.8249050676822662 0 0.2849382609128952 0 0 0 0 0 0 334.8649329096079 188.0813990086317 5.344360798597336 3.258174121379852 0.2027371972799301 1.161993324756622 0 0.1570402383804321 0 31.06390486657619 0 1.123789697885513 0.5561120361089706 0 0 0.1227971985936165 0.1599264293909073 3.74636747688055 1.742379769682884 6.041484154760838 0.2508022412657738 1.566401138901711 0 0.2314684689044952 0.1554176360368729 893.0372037440538 152.7663833498955 20.9684789031744 44.3990553021431 398.3130388557911 0 0 0.1587189435958862 0 0 1.153483912348747 1.070303738117218 0 4.351956516504288 6.633841067552567 0 3.86337023973465 2.943264454603195 5.323178395628929 1.911881193518639 0.3677649199962616 0 0 0 0 0 0.1239920035004616 0 0 0 0 0 0 0 0.1527606099843979 0 0.140409529209137 0.1528496593236923 0 0 0.7340985983610153 0 0.2713650763034821 0 0.7529175654053688 0.5244367122650146 0.4947998151183128 0.8355381935834885 1.041584312915802 0 0 0 0 0 0 0 0 0.1183636039495468 0 0 0 0.7789561301469803 0 0.6640626788139343 0 0 0 0 0 0 0.5320108234882355 0.7998158186674118 0 0 0 0 0 0 0 0 0 4.39932818710804 1.488934211432934 0 0 0 0.3078142106533051 0.8645770102739334 0 0 0 0.1263431161642075 0 0 0 0 0 0 0 0 0 0 3.712840557098389 0.9564848318696022 1.678230777382851 19.65371887385845 0.3309452533721924 5.652167350053787 0.8157428801059723 65.98141969740391 6.442027539014816 0.2671268284320831 0.9397395998239517 1.36744336783886 0 0.1971904188394547 0.129400908946991 2.791821122169495 0 0 0.1683866679668427 0 0
1949.243245132267 3587.695763580501 65.49848122149706 2168.355292320251 2124.791936337948 253.4064047783613 0 19.46515786647797 1988.307156607509 3857.11878900975 43.26882328093052 1092.99163865298 5904.371434979141 317.747263982892 167.7620000764728 55.44443298876286 13.61915697902441 1.099252849817276 1.410685449838638 1.82119557261467 1.972772687673569 0 0.3917678818106651 0.7274433225393295 0.1511091291904449 6.692311987280846 0.4475308880209923 3.927783295512199 4.046929389238358 0.1062580123543739 364.7184568420053 13.16896947473288 18.79083976894617 0.7164964079856873 0.5112406462430954 1.093791618943214 35.51747876405716 2.312919810414314 3.995062306523323 3.570381797850132 2.406763918697834 1.199413515627384 0.3406456932425499 3.205125287175179 0.8951944559812546 1.592972986400127 205.7782419025898 1.712675087153912 0.1100453436374664 0.4873051419854164 1.749745167791843 0.1343139111995697 0.5784565508365631 1.419901981949806 64.72854875773191 24.75346218049526 87.18200363218784 457.0172670781612 17.12236620485783 77.03014861792326 1.230546586215496 4.856315106153488 0 42.43670425564051 8.559183120727539 2.793059282004833 3.485838353633881 2.659777484834194 0.6672379896044731 0.2007581442594528 63.56522019207478 12.18603979796171 0.4726303964853287 383.2156439870596 123.1044672057033 223.8723793998361 46.77070515602827 15.44750489294529 4.264481246471405 45.33719447255135 2.626008205115795 7.376550458371639 64.41208223998547 1.317492961883545 3.789745442569256 9.559358187019825 1.521188661456108 0.1480864584445953 3.611262790858746 0 2.018266506493092 2.606452442705631 0.3630300462245941 1.023988589644432 2.500381261110306 448.8925343975425 7.052553176879883 0 12.40541405230761 371.7414064630866 5.896951153874397 5.057566851377487 3.570770666003227 1.047354176640511 0.8618238270282745 48.21064849197865 22.7905215471983 8.67647497355938 70.17194125056267 139.8285718113184 1.746621809899807 107.6728972941637 127.6756585016847 112.0524160191417 73.67856104671955 2.335984222590923 2.790470294654369 0.2320929020643234 1.484842449426651 0 0 0.3602383434772491 0 0 0 0 0 0 0 0.3050357699394226 0.3336937129497528 0.5198642909526825 0 0 1.275924287736416 2.274982839822769 0.3764445781707764 1.039397731423378 0 66.20611321926117 2.496896743774414 31.17787346243858 7.023823350667953 0.3496890068054199 0 0.3004273027181625 0 0 0.96573206782341 2.525149703025818 0 1.316242977976799 7.046463303267956 0.5432680547237396 0.2552684247493744 0.4227795004844666 0.9111896380782127 0.2998119667172432 0.3640031665563583 0.8098936229944229 0.2930367588996887 2.065235815942287 2.338369742035866 0.4868457615375519 1.017745152115822 2.604186207056046 39.26617140322924 0.9201272130012512 1.196476891636848 0.1944355219602585 0 0 0 0.1552578657865524 0 0 148.8777343928814 1.851210653781891 0 0 0 40.50764239579439 16.56576895713806 23.11911903321743 7.615658611059189 7.735242120921612 13.33127531409264 1.878417670726776 3.700138732790947 0.2552542686462402 0 0 0 0.08593092858791351 0 0.6037603616714478 0 78.64942186325788 12.76720814406872 49.8712839409709 1197.615585915744 145.0950143113732 689.1209458261728 106.2265548482537 682.4453472420573 233.5433329790831 13.51497923582792 224.7969874888659 68.26035303622484 4.044703677296638 33.35116905719042 6.24626549333334 39.75766536593437 2.973334461450577 0.5761803686618805 8.289278358221054 4.275001354515553 4.099278293550014
84.17537362128496 358.1083005145192 2347.855394601822 0.3766173869371414 69.17675528675318 0.1184250935912132 19.46515786647797 0 198.5726143121719 2.20126947760582 2673.987707324326 1.267703786492348 118.9440455213189 482.6045422181487 85.8894729539752 67.50294401496649 17.45884487777948 10.60666187852621 3.77446486800909 13.10771870613098 45.25937692075968 0.5035400837659836 4.011632859706879 2.093834541738033 0.2072729170322418 12.07973479479551 0.6469240635633469 2.868062980473042 0.9051658511161804 0 1526.710580460727 917.3989161774516 86.51433173567057 2.170709222555161 4.858199514448643 21.91026619076729 26.12971744686365 12.17613287270069 4.281109221279621 2.817929588258266 26.79059087485075 1.401682034134865 19.4805276915431 29.32508792728186 3.795383937656879 11.45556823909283 82.97810613363981 6.679295748472214 14.45537050068378 21.76896310597658 5.614124558866024 0.6538449972867966 0.5321196019649506 1.48932372033596 16.98310526460409 5.923914276063442 15.92837592959404 203.6521604508162 4.182111889123917 22.01656741648912 11.63537614792585 67.9078938215971 2.647248804569244 106.0099184438586 3.654300712049007 5.900805056095123 2.631229311227798 16.98319500684738 50.46105454862118 72.06353955715895 12.8413102850318 3.897497266530991 0 93.53814721107483 61.1198607608676 88.28475823998451 41.45783018320799 448.4770187214017 1371.089877285063 1329.975845649838 891.7465405240655 2013.963027752936 20.22877214103937 0.4695327877998352 2.641709350049496 3.886999778449535 29.63584236055613 0 1.009178712964058 0 1.350448429584503 1.872489310801029 25.14210323989391 3.025199390947819 3.977290697395802 5.562527820467949 0.1457901298999786 0 7.151744790375233 43.18669658899307 0.1524307727813721 0 0.1797821670770645 0 0 0.7177846729755402 0.8770052939653397 0.2786674201488495 1.330239027738571 2.309647411108017 0 1.562371999025345 2.131066158413887 2.520866006612778 2.364924982190132 0.2736538350582123 0 0 0.5911445021629333 0 0 0.2906149104237556 0.1603132486343384 0 0.8870172500610352 1.435350835323334 0 0 0.2570258677005768 0.2109486758708954 0.7121076658368111 0 2.538341015577316 0 0.1326138377189636 0.1463779658079147 0 0.1359385251998901 0 4.118132203817368 0.6171677708625793 4.789678670465946 0.8846262991428375 0.7662470638751984 1.274119541049004 0.2001998722553253 0 0 0.2817831635475159 0.3828584998846054 0.2986768037080765 0 0.6378757655620575 0 0.2276293635368347 0.1317040473222733 0.3552524447441101 1.024238467216492 0.115482434630394 0 0 0.2349785342812538 0 0 0.6138047054409981 0.7474513351917267 3.794981338083744 0 0 0.256455659866333 0 0 0 0 0 1.308513790369034 4.548597276210785 0.2836349159479141 0.1142216920852661 0 0.2860395014286041 2.544839613139629 1.098513476550579 2.908422499895096 0.185905396938324 0.5817271620035172 0.9054280966520309 0.3319923579692841 0.1298558712005615 0.1277247667312622 0 0 0 0 0 0 0 0.8572218492627144 1.317508429288864 6.060620553791523 412.3875030428171 60.55621629953384 305.514098726213 54.23880971223116 61.91075712442398 55.70608521252871 4.380466394126415 83.5251631885767 12.45245816558599 1.015601992607117 3.66358395665884 0.3977739959955215 1.595188200473785 0.6022566854953766 0.268807977437973 1.702543154358864 3.462766669690609 2.782605342566967
263.5827298015356 3507.20493735373 348.7958581149578 17.88484513014555 6244.391759030521 19.95925414562225 1988.307156607509 198.5726143121719 0 197.6976875290275 2137.293030455709 102.3129064068198 957.4507505223155 2190.290927574039 126.8755580484867 55.0982962474227 10.83177383244038 0.7167714089155197 0.6705877855420113 0.678825318813324 1.442949697375298 0.5393638610839844 0.2022361010313034 0.7845467403531075 0.2558262571692467 1.60738892108202 0.361146941781044 1.231064170598984 0.8771961182355881 0.2723881900310516 205.6750119701028 12.08927902579308 58.32857427746058 0.494216300547123 0 0.4664571210741997 28.63652788847685 2.00212824344635 2.652190707623959 2.308500535786152 1.230897776782513 1.196747556328773 0.1184704229235649 3.921954080462456 0.2124981060624123 2.134994775056839 94.65928588807583 1.817570231854916 0.1433821767568588 0.6634276956319809 0.9068076387047768 0 0.1665024161338806 0.1762671545147896 24.10545864701271 8.19453439861536 15.09798478335142 95.14978706091642 4.221405692398548 26.07518897205591 1.165855422616005 3.288106195628643 0.5309118181467056 19.85977869480848 2.904838055372238 0.6232698559761047 0.8703706562519073 1.776520282030106 0.4563378989696503 0.6463980227708817 46.68105475604534 5.435580357909203 0.1644311249256134 72.29456353932619 29.43873230367899 92.0532321035862 27.02091719955206 14.36486341059208 6.453181870281696 78.51018514484167 2.037391886115074 3.587657988071442 19.60596210509539 0.5481657013297081 1.982701636850834 3.639941111207008 0.8315154314041138 0 2.359360001981258 0 1.457204788923264 0.5567070692777634 0.1046025529503822 0.236828088760376 2.56600846350193 118.3866462409496 2.046970769762993 0 4.907589353621006 51.08121609687805 3.527743227779865 1.167492881417274 1.39741213619709 0.1194527447223663 0.5192270278930664 21.92342713475227 9.556839495897293 1.606912672519684 27.57767526805401 61.83307515084743 1.474919363856316 43.40936055034399 55.15957783907652 41.26867924630642 37.64366323500872 1.232347160577774 0.737331211566925 0 1.149522095918655 0 0.333625316619873 0.1763337999582291 0 0.619994580745697 0 0 0 0.5238677859306335 0.1157319918274879 0 0 0 1.486750960350037 0 0.3829027712345123 1.582347601652145 0 0.5336496233940125 0.1794459521770477 31.26987443119287 2.205483540892601 13.80253507941961 3.689798533916473 0 0 0.2893228903412819 0.1555796712636948 0.1545077115297318 0.2725674211978912 0.1572700887918472 0 0.7037128508090973 4.476979069411755 0 0 0.1644270718097687 0.597260594367981 0 0 0.5028789341449738 0 0.7007014900445938 1.618416503071785 0.2628417015075684 1.196912065148354 2.325105428695679 21.00606197118759 0.4850777834653854 0.5639723539352417 0.1298056691884995 0 0 0 0 0 0.2530955672264099 75.17876019328833 2.32969992607832 0 0 0 19.81533421576023 8.595342293381691 16.41370413452387 1.917235620319843 3.708449497818947 7.979938790202141 0.3173412829637527 1.225713342428207 0 0 0.1290795356035233 0 0 0.156536728143692 0.1437100321054459 0 33.7974438816309 7.289728626608849 26.96640418469906 753.6153692603111 90.1426639854908 347.7897415235639 76.63841215521097 178.0440732464194 136.620384581387 5.668075144290924 156.9812283813953 35.31326156109571 1.741263337433338 16.87957932054996 4.172679163515568 18.55510613322258 1.895711690187454 1.444107800722122 6.792283736169338 2.830412223935127 4.626174852252007
1211.323033757508 563.1561746820807 4.288309507071972 1590.510334134102 492.8783282116055 613.1997624337673 3857.11878900975 2.20126947760582 197.6976875290275 0 3.197047278285027 3241.827308498323 6180.498363368213 62.66480804234743 29.81207429617643 7.577629461884499 3.767868049442768 0.566424161195755 0.2579762488603592 0 0 0.253438800573349 0 0.1335698962211609 0.2574198096990585 1.653293155133724 0.260521188378334 0.5253300964832306 0.3652930408716202 0.1351978927850723 28.73038839548826 2.539108484983444 11.16006515175104 0 0 0 26.59300870448351 1.271373003721237 2.606279820203781 1.142250962555408 0.197565384209156 0 0 0.8393542543053627 0.1065183132886887 0.2723128646612167 49.86114655435085 0.4938195645809174 0.1486792117357254 0 0.8077788949012756 0.2689780294895172 0.6406219601631165 0 22.23012190312147 7.529823035001755 97.89660389721394 185.0555816739798 10.3694571107626 21.49591582268476 0.2805158197879791 1.896311044692993 0 4.316198900341988 1.727896131575108 0.7665623053908348 0.4438714310526848 0.5403088703751564 0 0.4944342225790024 129.6231082975864 15.48858276754618 0 155.3584741726518 26.03196313232183 41.74270989745855 6.218183733522892 2.58280486613512 0.8623320236802101 21.24812088161707 0.3147875145077705 0.7684651762247086 19.56376064568758 0.4890548437833786 0.6537816002964973 1.570799291133881 0.60442004352808 0 0.6438086628913879 0 0.3262430727481842 0.1059960946440697 0.2882335633039474 0 0.1221896335482597 488.0618019402027 15.53966043889523 0.4667761623859406 7.759984329342842 958.0607213973999 4.799363940954208 5.50296975672245 1.892738521099091 1.330621361732483 0.6808173954486847 48.20588997006416 18.46886175870895 6.745837658643723 66.15623033046722 75.78057114779949 1.459164395928383 50.04193590581417 58.62623086571693 68.38074703514576 32.09292218089104 1.26703367382288 2.156317874789238 0 0 0.1573265343904495 0 0 0 0 0 0 0 0.1638690084218979 0.3510122895240784 0.5741261839866638 0 0.4864884316921234 0.419835090637207 0.6488561034202576 1.063536658883095 1.100601851940155 0.569765567779541 0.6181551814079285 0 25.05613324791193 1.319758281111717 11.55948168039322 2.712849885225296 0 0 0 0 0 1.039080411195755 1.106194049119949 0 1.709095358848572 4.278313048183918 0 0 0 0 0.5052540302276611 0.8788389563560486 0.3615691065788269 0.2844515740871429 1.840943515300751 0.4897624850273132 0.1763796210289001 0.8048093914985657 3.445010721683502 19.12829230725765 0.871848076581955 0.6182796806097031 0.4672003835439682 0 0.1335943788290024 0.09602874517440796 0 0 0 57.83655290305614 0 0 0 0.1070106253027916 24.10089480876923 7.953630402684212 10.85410360991955 2.677044034004211 5.692751213908195 5.678033575415611 0.7332285046577454 0.7998944222927094 0 0 0 0 0.1215579137206078 0 0.1628897041082382 0 49.14856660366058 4.20107014477253 17.76679593324661 661.3658360093832 31.42931863665581 246.117273285985 23.73362665623426 1437.477760456502 75.36334546655416 3.145802326500416 86.43668312579393 35.79639360308647 1.614966616034508 15.78267423808575 3.905126750469208 29.08849380910397 1.509645268321037 0.1871943324804306 7.298498183488846 0.7756571620702744 0.3380684405565262
322.046891272068 1852.000306263566 2082.487175002694 0.6047240719199181 280.2255413681269 3.886618331074715 43.26882328093052 2673.987707324326 2137.293030455709 3.197047278285027 0 5.401144981384277 708.7188720479608 3259.547529533505 107.6020359396935 86.49371769279242 15.75649776309729 1.438868850469589 0.8754958137869835 1.199669629335403 2.059414260089397 0.2631466388702393 0.9830603674054146 0.1118870750069618 0.2842953726649284 6.377279996871948 0.7656770944595337 3.008701793849468 0.8337081000208855 0 564.7235890105367 25.50350423902273 506.0501082241535 0.3391297906637192 0.6030834168195724 2.01583668589592 120.3605778440833 5.458253420889378 3.634753353893757 2.013269394636154 6.208686336874962 0.9781066328287125 0.9512810856103897 10.54360921680927 0.4553414881229401 1.246525980532169 80.02450085431337 1.197919301688671 0.4456424862146378 0.5628881379961967 1.324892170727253 0.3911171853542328 0.8720290660858154 0.2659091055393219 14.88103576004505 6.383001178503036 14.98799075186253 147.6158327460289 3.318942680954933 24.44105106592178 0.7907312959432602 31.58200198411942 0.4428029358386993 28.07175187021494 2.674620352685452 0.7771005034446716 1.430179618299007 1.632986158132553 1.187479063868523 3.695385105907917 51.17250838130713 4.96906216442585 0.3579554855823517 90.53850560635328 45.74305374920368 91.50664571672678 36.0026073679328 22.28314630687237 158.0137205570936 1428.933445766568 1.39157272875309 159.7659280449152 16.90466526895761 0.5738789886236191 1.533234447240829 2.571378588676453 0.3716459423303604 0.2115062475204468 0.5149080827832222 0 1.265524782240391 0 2.517405323684216 1.377275496721268 3.309588223695755 28.35768823325634 0.150788888335228 0 2.659475319087505 81.9719635695219 0.4721438139677048 0 0 0 0 3.026066035032272 0.9814515113830566 1.092866614460945 1.657124310731888 8.261859849095345 0 5.412262097001076 6.169992879033089 6.704558901488781 3.88764712959528 1.02878399938345 0.5952609032392502 0 0.1496989279985428 0 0 0 0 0 0.1778941005468369 0.1497237980365753 0 0.1260174959897995 0 0.4244100749492645 0.1223481521010399 0 0.3306359201669693 0 0 0.4296904951334 0.1342657804489136 0.5080282092094421 0.4663315117359161 7.841857276856899 0.8214375227689743 4.475823163986206 2.692439801990986 0.2529826164245605 0 0 0 0.3615273833274841 0 0.1686263084411621 0 0 0.9129593372344971 0 0 0 0.1776077151298523 0.3774102181196213 0 0.1144396215677261 0.1483701169490814 0.3795578479766846 0.6143617033958435 0 0.1849221289157867 0.71877521276474 3.924799188971519 0 0.08592644333839417 0.2660016119480133 0 0 0 0 0 0 12.54770960658789 1.065163627266884 0 0 0.4037686139345169 2.911991931498051 1.888830468058586 4.018230229616165 0.951259508728981 0.1899726986885071 1.432792097330093 0.4898205697536469 0 0.4938237071037292 0 0 0 0 0 0.2850017547607422 0 3.802408292889595 1.75304888933897 6.775121204555035 365.9898480847478 60.83015284687281 215.5293751135468 53.17569541931152 64.23730882257223 84.03826202452183 6.555721648037434 85.45509648323059 14.64920085668564 0.9141678214073181 2.340195924043655 0 2.761042609810829 0 0 1.88525302708149 1.769862428307533 1.20331783592701
141.8384355455637 71.9106472954154 2.239806488156319 603.3641137182713 121.6406737267971 376.6236649304628 1092.99163865298 1.267703786492348 102.3129064068198 3241.827308498323 5.401144981384277 0 3477.229279242456 45.99185325950384 22.06208255887032 8.670752815902233 3.458930663764477 0.1241465732455254 0.9464521408081055 0.147401750087738 0 0.391639456152916 0 0.1088696867227554 0.481608971953392 1.317950800061226 0.1648712307214737 0.7304878830909729 0.7489283978939056 0 6.300969637930393 1.263000696897507 5.762996017932892 0 0 0 29.20661745965481 1.842552483081818 1.688301466405392 0.9842663183808327 0 0 0 0.4027817100286484 0.2747217416763306 0.1607591807842255 20.40412332862616 0.5096125602722168 0 0 0 0.3359727263450623 0 0.1386208981275558 10.94185113161802 2.174380697309971 22.3907073289156 43.69624768197536 3.102806821465492 8.380260653793812 0.4722210913896561 0.9796448796987534 0 2.935255788266659 1.651833780109882 0.09500270336866379 0.1196367964148521 0.6129875853657722 0 0.1153228655457497 219.1179521307349 11.99105614423752 0 53.33379932492971 7.730727024376392 21.99619739502668 3.695413902401924 1.14280566573143 0.4767641201615334 18.13198702037334 0.4935529977083206 1.684278398752213 11.55745746195316 0.4111149609088898 0 0.7049576640129089 0.1004717499017715 0 0 0 0 0.7166355699300766 0 0 1.076483145356178 1228.790555253625 4.989007472991943 0 3.642410755157471 143.2308057621121 5.185892961919308 5.049681127071381 5.095292277634144 2.075242429971695 0.5970309004187584 44.84527324140072 35.13273333013058 7.488311767578125 56.98938985168934 127.1923861056566 1.757954522967339 80.17312915623188 103.7700970321894 107.5203573331237 58.48645339906216 2.016285315155983 1.73004586994648 0 0.4136419743299484 0 0 0 0 0 0 0 0 0.3152909874916077 0.4610923528671265 0.3625196516513824 0 0 0 0 2.74469306319952 2.504723086953163 0.136170506477356 0 0.1348656564950943 35.41592348366976 1.82144059240818 13.58060237765312 3.253376051783562 0 0 0 0.1699950695037842 0.3032762110233307 0.7928646206855774 0.1520562767982483 0 1.626715630292892 3.293235123157501 0 0 0.2932691276073456 1.250408172607422 0 0 0.8978048861026764 0 1.092741370201111 2.4065762758255 0 0.5883525013923645 1.781083181500435 25.46275612711906 1.103382460772991 0.7354315221309662 1.256468020379543 0 0 0 0 0 0 127.8637790158391 1.184777081012726 0 0 0 28.56920349597931 5.010857060551643 11.02306786924601 3.088993735611439 3.889754384756088 8.811797678470612 0.9644347205758095 1.070219546556473 0.3625751733779907 0.2168202623724937 0 0 0 0 0 0 84.54740054905415 7.995267197489738 25.86833046376705 479.1203681007028 16.41266632080078 144.3409125730395 14.07039791345596 746.4832859486341 54.89813053607941 1.589229047298431 73.49126336723566 26.21345384418964 1.206455260515213 20.73463449627161 4.629950322210789 28.96897562593222 2.138419285416603 0.6942636221647263 8.737993538379669 0 0.3274915218353271
463.2541595175862 1202.318847604096 231.7467292845249 416.3150358274579 360.7574670761824 164.8536010980606 5904.371434979141 118.9440455213189 957.4507505223155 6180.498363368213 708.7188720479608 3477.229279242456 0 2823.32028477639 160.3036815673113 162.5896750688553 24.30008578300476 0.2886327430605888 1.423483617603779 0.477837435901165 3.114121377468109 10.28040288388729 0.2496234774589539 1.00079569965601 0.9912194833159447 7.482043646275997 0.3899316042661667 4.534419611096382 6.538659639656544 0.3911831974983215 228.7295111343265 16.5644441395998 388.5719879940152 0.3296232745051384 0.5817256271839142 1.412402950227261 784.9809531718493 157.1771120280027 27.3439727127552 2.90481286495924 1.623537890613079 0.2595931589603424 0.7912489697337151 19.56772854179144 1.557355090975761 2.377410039305687 99.64724486321211 0.6627398580312729 0.9449625462293625 0.9639800935983658 2.051616057753563 1.736613050103188 22.24371193349361 1.624117247760296 19.79372926056385 8.599997043609619 29.92179856449366 141.6325898990035 4.999604627490044 22.80304107069969 3.716753348708153 40.43584989011288 0.4651580452919006 22.28116775304079 3.656953118741512 1.251935206353664 1.874980494379997 2.176257580518723 1.071595907211304 1.4239392131567 662.055307097733 68.96875444799662 1.295263215899467 109.4631301537156 40.45303044468164 91.48269672691822 34.0847475528717 29.70739558339119 5.314308978617191 474.084548778832 4.499215327203274 20.65775396674871 20.65281904488802 0.8179637864232063 0.950269341468811 2.054896906018257 0.7196010053157806 0.453973799943924 0.6967466324567795 0.8078248351812363 1.387526273727417 2.373665690422058 0.3734433799982071 3.398498736321926 5.524342596530914 3366.455437794328 18.98342575132847 1.9528698772192 29.94496380537748 144.8110369890928 8.97907593101263 14.09595522284508 7.168090343475342 1.449899807572365 1.374957859516144 230.8526059016585 44.70963148027658 18.93388585746288 300.8733269125223 293.9335514679551 3.548466384410858 197.0021973997355 270.4801744744182 237.4631667509675 152.3225431144238 5.876381680369377 5.231304988265038 0.1188424080610275 2.517691045999527 0 0.2340732365846634 0.4935228079557419 0 0 0 0.4899732321500778 0 0.4258131012320518 0.1585963070392609 0.9589526951313019 0.149366483092308 0.4787521213293076 0.6037551313638687 0.6756894886493683 2.718480102717876 6.402212306857109 0 1.857231989502907 0.9710803627967834 158.8953877538443 8.233804270625114 56.60349909961224 14.51978851109743 2.505151554942131 0 0.3308728411793709 0.2943255007266998 0.3155718743801117 2.916249737143517 1.428303152322769 0 4.312991254031658 12.155741520226 0.5856405273079872 0.1122315302491188 0 2.028692930936813 0.1587876528501511 0.5792411416769028 1.908043786883354 0.1989210247993469 3.772738069295883 12.01014216244221 0.4899651259183884 3.104589641094208 8.111837483942509 79.66193468123674 2.111786179244518 3.986546695232391 1.323730140924454 0.1063460037112236 0 0.3305417001247406 0 0 0.4477289244532585 381.3124994635582 4.305595532059669 0 0 0.4010826721787453 90.01769207417965 25.18885178118944 48.86873898655176 11.54049287736416 17.3313005194068 27.06002259999514 4.201068289577961 5.871897131204605 0.9271103143692017 0.4775040149688721 0 0 0 0 0.4501609057188034 0.5142587423324585 205.7906849235296 36.83271317929029 128.9451136663556 1117.084705881774 119.378964394331 406.540061339736 130.0352307483554 458.6262015476823 160.8555022925138 9.172745831310749 260.5525736659765 114.3179113119841 6.37095034122467 55.12795578688383 13.01505725830793 61.23245075345039 7.048166021704674 0.3653112351894379 14.58576114475727 6.026517704129219 4.634474441409111
