0 1374.207657985389 341.8556075394154 1826.813267454505 112.1296122819185 46.6457713842392 537.2041455805302 179.1259992867708 181.1608088538051 2113.306481897831 635.421724691987 561.4891149178147 1181.089054450393 144.9699861854315 0 0 0 0 0 0 0.2176878154277802 0.8452171385288239 0 0 0 0 0 0 0 0 383.6366167142987 2.633806109428406 27.7620068192482 0 0 0 14.80091425776482 0 7.295368239283562 0.2116721197962761 0.1942291259765625 0 0 0 0 0 10.61726562678814 3.898320764303207 0 0.1984785944223404 0.1388571709394455 2.871270716190338 1.498973965644836 0.3437513709068298 1.452892079949379 0.5969700291752815 493.4492416977882 823.0091536045074 12.24849338084459 14.70301059633493 0 1.032927870750427 0 0.7266211807727814 2.031251549720764 0.608794093132019 1.128595404326916 0.2236955836415291 0 0 126.0685901045799 19.08001777529716 1.69059094786644 201.3739129379392 3.91219075024128 7.968099899590015 1.244541697204113 0.1654582172632217 3.38775672018528 124.6811884492636 0 19.02821101993322 14.24402117729187 0.4739772826433182 2.862953759729862 1.197189994156361 0.3631734475493431 3.76314203441143 2.873484753072262 1.278920114040375 0.8873948156833649 4.158972099423409 0 0 1.420526087284088 349.9651879966259 99.70611961185932 7.700352504849434 14.51427473127842 876.8262843638659 0 0 0 0 0 4.354205936193466 0 0.228186309337616 40.414649695158 0 0 0.2281398922204971 3.278732381761074 0.5491786748170853 0.3969943970441818 0 0.1309940069913864 0 0 0 0 0 0 0 0 0 0 0 0 0 0 0 0 0 0 0 0 0.3053755760192871 0 0 0 0.1434742957353592 0 0 0 0 0 0 0 0 0 0 0 0 0 0 0 0 0 0 0 0 0 0 0 0 0.4874288141727448 0 0 0 0 0 0 0 0 0 0.3790328502655029 0.2408006191253662 0 0 0.1618953049182892 0.4530583769083023 0 0 0 0 0 0 0 0 0 0 0 0 0.1106034591794014 0 0 1.126985386013985 0 0.1548994928598404 15.63739471137524 5.652460113167763 23.66439333558083 4.419694073498249 934.9275044053793 15.25510705262423 8.115828797221184 2.252897217869759 0 0 0 0 0 0 0 0 0 0
1374.207657985389 0 1350.195783816278 612.364197537303 4519.384591110051 113.2298648804426 1528.017019256949 666.1243153512478 3501.241438649595 313.4264581203461 4890.911201640964 54.65936618298292 845.39557146281 293.6342954933643 14.56762261688709 0.116333045065403 0 0.1142742931842804 0.1395515501499176 0.1654002070426941 0 0 0 0.1428146660327911 0.1134514361619949 0.1290214955806732 0 0.4374642819166183 0.9496539831161499 0.2479395568370819 1102.902083814144 7.42549803853035 5.707018867135048 0 0 0 3.29581107199192 0.326842188835144 0.2954387068748474 0.4614870846271515 0.3268297612667084 0.9164106249809265 0 0.1147264093160629 0 0 128.7639358118176 13.62356439232826 0.1255564093589783 0.1106686517596245 0.2068521678447723 0 0 0.3921761959791183 4.346071831882 5.566619403660297 71.09466531872749 532.1510156542063 17.51587802171707 86.32586427778006 0 0.2801838517189026 0 7.890753664076328 11.8580127954483 4.264347538352013 5.807363376021385 2.246048539876938 1.338747449219227 0.242229126393795 12.13331252336502 0.4139691889286041 0 292.7109353840351 30.79081970453262 103.2810932174325 14.70981435477734 0.8146113753318787 5.84499803930521 221.7776779979467 0.5742571726441383 68.65623965859413 45.15482011437416 0.7165882959961891 16.59353372454643 5.98742887377739 3.463263049721718 0 3.590475462377071 0 0.5783692598342896 1.422957353293896 0 0.2939101383090019 1.121768154203892 35.10355535149574 0.9434299021959305 0.8095227479934692 0 907.0574556738138 0 0 0 0 0.1427951008081436 28.92902201414108 0.6425929367542267 12.52162300050259 13.85711573064327 3.118511408567429 1.112131714820862 18.35372290015221 16.90330889821053 21.31487610936165 12.82959254831076 1.184001073241234 0.160981148481369 0 0.3477695286273956 0 0 0 0 0 0 0 0 0 0 0 0 0 0 0 0.9008078128099442 0 0 0 0 4.547283366322517 0.213187038898468 6.019298121333122 0.7026825547218323 0 0 0 0 0 0 0 0 0.9272070229053497 1.564962819218636 0 0 0 0 0 0 0 0 0.8987659066915512 0.2360754162073135 0 0.1822784692049026 0 18.92054628580809 0 0.1924399584531784 0.2884581238031387 0 0 0.2356408089399338 0 0.1275499761104584 0.09100040048360825 15.28273169696331 0.6795244216918945 0 0 0.3948819562792778 8.118497624993324 0.7478411346673965 7.151747852563858 1.280714847147465 1.293748468160629 0.2450873404741287 0.5597300231456757 0 0.1038147658109665 0 0 0 0 0.1113365665078163 0 0 5.991189822554588 1.940832130610943 2.60944901406765 206.4119301512837 36.11567956954241 193.4788732528687 24.91789567470551 870.7079763710499 43.1416462957859 15.54774645715952 48.97124879062176 5.944031573832035 0.1823439300060272 2.424573741853237 1.031013086438179 10.77016869187355 0.6555123925209045 0 2.784983724355698 3.257164761424065 1.710311189293861
341.8556075394154 1350.195783816278 0 26.96456706523895 541.8988980278373 11.7236419916153 64.12622498720884 1835.969247579575 936.8065346553922 28.14273202419281 3574.619468614459 2.265474691987038 36.13361787050962 121.4752663075924 8.284120261669159 2.521735325455666 1.613137423992157 0.487863689661026 0 1.88485511392355 1.684699773788452 0 0.5514848828315735 1.245085865259171 12.91024444997311 1.907332830131054 5.06759974360466 3.386134073138237 0.1624564826488495 0.4979187846183777 5596.618880555034 441.1477136313915 117.0803802609444 0 1.969603911042213 5.614443376660347 22.65340002626181 20.16697733104229 5.390819735825062 2.856732107698917 1.838663756847382 2.747855722904205 0.9376562684774399 1.795409485697746 0.1174395978450775 0.4248424768447876 36.95874817669392 7.138502277433872 0.5776614248752594 0.6615887805819511 0.3637954294681549 0 0.4241246432065964 0.1843587458133698 1.281088449060917 1.478283919394016 73.24478278309107 1038.319786325097 8.450955510139465 31.57828337699175 17.12676279246807 20.32359611988068 0.6527324169874191 18.76864793151617 4.023567758500576 1.485214896500111 1.62977647036314 2.468554824590683 2.45801904797554 6.3521608710289 12.7584588304162 3.079193890094757 0.1403756737709045 210.0107693374157 37.0570684671402 34.8273264542222 11.908666446805 3.334786310791969 112.3975858837366 1214.600948929787 13.03584195673466 436.8997112065554 20.97134022414684 0.2625953853130341 7.081692837178707 1.911110371351242 2.212115369737148 0.2231597006320953 1.287581034004688 0 0.7156463414430618 0 4.524713546037674 0.5165595859289169 0.7360255122184753 12.43717767298222 0.1677559614181519 0 1.644695028662682 691.9945581927896 0 0 0 0 0 1.049301192164421 0.2838597595691681 0.159174457192421 0 0.2550407648086548 0 1.383429199457169 1.078195631504059 3.308917574584484 1.250799611210823 0.8219404071569443 0.4016804397106171 0 0.1330829411745071 0 0 0 0 0 0 0 0.1955227553844452 0.2893717885017395 0 0.6770697832107544 0.1171087846159935 0.4218896701931953 0 0 0 0 0 0.1630036979913712 0 2.084340251982212 0 3.292562946677208 1.930788323283195 0.8595238998532295 0 0 0 0 0 0.5560034364461899 0 0 0.6408786028623581 0 0 0 0.4294688850641251 0 0 0 0 0 0.2004974633455276 0 0.1258711963891983 1.126392975449562 2.109762474894524 0 0 0 0.09352652728557587 0 0 0 0 0 3.021262228488922 0 0 0 0 0.9838135689496994 0.2480133920907974 1.778154566884041 0.4813098311424255 0 0.7329298332333565 0.1279294192790985 0 0 0 0.1477845758199692 0 0 0.1530452221632004 0 0 1.353086605668068 1.505603209137917 1.210651576519012 40.42735651135445 11.46641458570957 56.81571627408266 9.989301063120365 211.5025712102652 18.0638565197587 5.818141408264637 7.92654237896204 3.508753545582294 0.2318392619490623 2.874884858727455 0.7608946785330772 1.656835228204727 0 0 0 1.690635964274406 0.5687616914510727
1826.813267454505 612.364197537303 26.96456706523895 0 196.8096325397491 137.8807275891304 68.02861612290144 0.4091679900884628 61.46379460394382 494.4332341477275 6.616267815232277 996.6919877007604 2031.404277093709 119.2790502980351 3.425415366888046 0 0 0 0 0 0.3143075406551361 0 0 0 0 0.2325079143047333 0 0.212924525141716 0.6346758902072906 0 62.68282712996006 0.6608399003744125 1.381207950413227 0 0 0 0.8809133768081665 0 0.4055082201957703 0 0 0.1242007464170456 0 0.1329439431428909 0 0 42.66952884942293 5.408747360110283 0 0.1361347287893295 0.2444985210895538 0.1867951452732086 0 0.1802644580602646 2.743506491184235 2.269642561674118 33.30945460498333 143.2487906441092 7.711368426680565 33.79578324407339 0 0.1306383311748505 0 1.087276935577393 4.182024277746677 1.752787075936794 3.033676229417324 1.119953833520412 0.1337885707616806 0.1243817135691643 17.51479838043451 0 0 139.6498433500528 7.340028449892998 28.99861499667168 2.116483606398106 0.1348990947008133 0 1.321516871452332 0.4076353460550308 0.1213933005928993 24.86738021671772 0.3422926142811775 7.090489603579044 1.855098061263561 1.769641168415546 0.3346465229988098 1.439058318734169 0 0.3465665057301521 0.7208817303180695 0.1224515438079834 0 0.5098176896572113 28.08511403203011 0.3042075932025909 0 0.5028642863035202 171.0309878140688 0 0 0 0 0 4.528693526983261 0 1.412373378872871 1.722807750105858 1.023267641663551 0 2.45907025039196 9.158258214592934 0.443625882267952 2.329927787184715 0 0 0 0 0 0 0 0 0 0 0 0 0 0 0.1374004334211349 0 0 0 0 0.1682351231575012 0 0 0 0 0.3176827430725098 0 1.143773764371872 0.1734877228736877 0 0 0 0 0 0 0 0 0 0 0 0 0 0 0 0 0 0 0 0 0 0 0 3.321521401405334 0 0.7429832220077515 0 0 0 0 0 0.1741778701543808 0.1678417474031448 1.037928193807602 0 0 0.1473048627376556 0 0.1252092272043228 0 0.7308142781257629 0 0 0 0.1803728193044662 0 0.1275275200605392 0 0 0 0 0.1695019006729126 0 0 0.7650658041238785 0 0.6064756214618683 59.94241938740015 11.50109991431236 75.86757396161556 8.071007519960403 548.1392405107617 13.45042226463556 9.687677927315235 11.63548657298088 1.28385953605175 0 0 0 0.7485101222991943 0 0 0 0.4196428656578064 0
112.1296122819185 4519.384591110051 541.8988980278373 196.8096325397491 0 2.095467962324619 831.8067380562425 371.9396944195032 3683.814404666424 3.479146257042885 788.098324149847 5.231575086712837 1354.664352722466 94.89266587048769 24.52850221097469 0.4841981530189514 0 0 0 0 0.1004159972071648 0.2561310529708862 0.09963158518075943 0.5044513493776321 0 1.800727181136608 0.09293173253536224 0.5900259464979172 0.998106837272644 0 231.182258091867 12.38930141180754 15.12360100448132 0 0 0 2.651666328310966 0.1744085252285004 0.7336527556180954 0.1870057880878448 0 1.09515380859375 0.1968984752893448 0 0 0 133.2390083745122 10.87368275970221 0 0 0.8601355403661728 0 0 0 3.254206702113152 4.672601364552975 16.72619688510895 99.67806426435709 7.409326508641243 59.34836801886559 0.1077211275696754 0.9142396003007889 0 12.29382440447807 6.870581150054932 3.079674430191517 3.652266919612885 1.765598393976688 1.745883032679558 0.876009613275528 16.77567973732948 0.9380089938640594 0 120.8216354548931 33.13743732124567 107.8334096893668 30.39771407097578 1.011794723570347 0.2488885521888733 15.46764460206032 0.125184029340744 2.452272593975067 27.03905746340752 0 13.15260938555002 4.643198058009148 3.478241369128227 0.09894564002752304 2.286559969186783 0 0.9500921964645386 0.9252931624650955 0.3525761663913727 1.095270782709122 1.127659119665623 61.79827530682087 0.6849777400493622 0 1.549496665596962 38.24400200694799 0 0 3.03803363442421 0.6197263598442078 0.9736732244491577 49.32908318936825 2.629385188221931 26.29755017906427 6.046272024512291 5.809959799051285 1.347073197364807 39.59990622848272 50.85906469076872 36.56720133125782 39.32350604981184 0.5337131693959236 0.8991346582770348 0.2333320677280426 0 0 0 0 0 0 0 0 0 0 0 0 0 0 0 0 0.3939073085784912 0 0 0 0 8.738818816840649 0 15.93921246379614 0.5866952687501907 0 0 0 0 0 0.1499767750501633 0 0 1.480466097593307 3.426677770912647 0 0 0 0 0 0 0.7906252294778824 0 1.113236472010612 1.447579830884933 0 0 0 38.30963113903999 0.7434091940522194 0.5605077520012856 0.3593278974294662 0.1160207539796829 0.08866740763187408 0.1168386489152908 0 0.1422447264194489 0 34.7556656897068 0.108362190425396 0 0.1246420443058014 0.2544009983539581 17.10629461705685 1.375740334391594 15.83687790483236 1.667166084051132 1.750339269638062 2.185249723494053 0 0.6019793301820755 0.3708271086215973 0 0 0 0 0 0 0 17.12890612334013 5.264571778476238 6.35030996799469 322.1088025420904 44.24596559256315 220.0013582110405 40.15704984217882 173.513726465404 53.68915549665689 8.984344944357872 80.34487971663475 9.484907358884811 0.4877718687057495 10.5720988959074 0.8987543135881424 6.016046211123466 1.442846581339836 0 3.241814866662025 8.90933046489954 2.578226089477539
46.6457713842392 113.2298648804426 11.7236419916153 137.8807275891304 2.095467962324619 0 68.37103255093098 0.2860943078994751 25.25046782195568 383.2084481194615 1.468670457601547 370.9447075501084 467.8340251371264 86.22593431919813 1.102480083703995 0 0 0 0 0 0 5.313775777816772 0 0 0 0 0 0 0 0 45.71817870438099 2.343342706561089 41.29987023770809 0 0 0 24.32103458046913 0.8407977819442749 20.42990654706955 0.3086045980453491 0 0 0 0 0 0 1.174690134823322 0 0 0 0 17.45770856738091 0.8805708587169647 1.370029672980309 0 0 325.9810741245747 35.44722546637058 1.184227779507637 0.426494762301445 0 2.120005518198013 0 0.547645129263401 0 0 0 0.511699378490448 0 0 272.9666580408812 80.10356280207634 9.201345756649971 2.776783011853695 0.3038443177938461 0.8498027101159096 0.519749328494072 0 0 11.11433944106102 0 2.000404074788094 0.5619944036006927 2.535137102007866 0 0 0 6.995706647634506 8.324271209537983 6.773327723145485 2.910651996731758 9.535670913755894 0 0 8.211174577474594 292.4694720506668 180.7167104482651 53.20876769721508 36.54959389567375 255.0502415895462 0 0 0 0 0 0.6701166331768036 0 0 4.128627344965935 0 0 0 1.124447464942932 0 0 0 0 0 0 0 0 0 0 0 0 0 0 0 0 0 0 0 0 0 0 0 0 0 0 0 0 0 0 0 0 0 0 0 0 0 0 0 0 0 0 0 0 0 0 0 0 0 0 0 0 0 0 0 0 0 0 0 0 0 0 0 0.5924278944730759 0 0 0 0 0 0 0 0 0 0 0 0 0 0 0 0 0.7373934090137482 0 0 0 0.1314182579517365 0.202374592423439 0 4.257210187613964 1.087321802973747 1.04933999478817 0.3298461735248566 216.0694564133883 1.464058168232441 0.120983712375164 0.9001900181174278 0 0 0 0 0 0 0 0 0 0
537.2041455805302 1528.017019256949 64.12622498720884 68.02861612290144 831.8067380562425 68.37103255093098 0 8.175053343176842 547.3900326937437 24.01509279757738 28.91560324281454 18.91620208323002 2459.466970182955 124.3925016000867 44.17673494666815 0.4898753240704536 0.3280191421508789 0.1005610749125481 0 0.5824302807450294 0.2072669416666031 0.173324391245842 0 0 0.310471422970295 3.113545753061771 0.2225318402051926 3.289537325501442 1.427631072700024 0.2507012188434601 229.2984003797174 12.83760715276003 19.50032880157232 0 0 0.1286875158548355 4.59196100383997 0.1413671523332596 1.124271035194397 0.4406271874904633 0 1.180182561278343 0 0.1029757857322693 0.143268495798111 0 366.5937994942069 36.50259988754988 0.4216467216610909 0 0.9626087993383408 1.312769651412964 0.1849216818809509 0.7322172224521637 9.420755982398987 15.63954217731953 84.40101532638073 401.8994169458747 31.51071149110794 189.3370832428336 0.5882562026381493 4.009274415671825 0 20.07172215729952 24.23242434114218 12.5633999183774 13.70425497740507 6.926548294723034 1.675087086856365 0.6317806169390678 43.78903348743916 2.687493547797203 0.1318843513727188 512.9298280254006 58.72313111275434 263.3558343574405 43.45185981690884 3.658632569015026 0.5362863913178444 15.04046832025051 0.1231725960969925 4.622856490314007 111.9196572527289 1.582964405417442 40.245779722929 15.67956175655127 10.49147415906191 0.1257919818162918 7.860740408301353 0.1378243565559387 3.283648118376732 2.565017245709896 0.8644914850592613 1.296625703573227 2.395969249308109 226.6103113293648 4.354415655136108 0 2.350168190896511 206.3280304893851 1.231943577528 0.3545686304569244 4.240778386592865 1.189343094825745 0.7866661623120308 142.4504639804363 5.258785620331764 90.81351984292269 18.05491806566715 16.46797296404839 4.214020490646362 109.5637311041355 140.9705309867859 126.720963075757 82.72902490198612 4.84437207877636 1.836774483323097 0 0.7804338037967682 0 0 0 0 0 0 0 0 0 0 0 0 0 0 0 1.785061329603195 0.2390938252210617 0 0 0 18.9846545830369 0.5407158136367798 35.18486895412207 2.962574034929276 0 0 0 0 0 0.6838108003139496 0.5349204838275909 0 5.957371480762959 7.547971591353416 0.9666657596826553 0 0.1574815809726715 0 0.2012455463409424 0.3405846208333969 1.298280999064445 0 0.759791761636734 4.147432744503021 0 0 0.534282922744751 107.9978188499808 0 2.286529004573822 0.4652227312326431 0 0.1232868134975433 0.1496996730566025 0 0 0 96.93592388182878 0.1354019939899445 0 0 0.1585986912250519 48.38965549319983 2.42753878235817 44.45481818169355 4.704157918691635 6.971639350056648 4.639880180358887 0.722337506711483 1.989101350307465 1.841283783316612 0 0 0 0.4438307508826256 0 0 0 47.74531944841146 10.46382870525122 20.18060704320669 778.8201279118657 110.1952211633325 590.145904533565 89.44440374523401 1302.886200271547 129.4586515128613 32.05355206876993 177.9651478528976 30.04079727083445 0.7710636407136917 17.24109856784344 3.11091522872448 26.23668773472309 3.242050483822823 0.1541095376014709 12.29745914787054 11.89996239542961 5.00930555164814
179.1259992867708 666.1243153512478 1835.969247579575 0.4091679900884628 371.9396944195032 0.2860943078994751 8.175053343176842 0 1126.049552626908 1.988625079393387 2257.002642989159 1.359359785914421 54.00923907756805 433.9539134502411 14.647933781147 2.984080448746681 0.553026020526886 0.9493373930454254 0 1.314782075583935 1.131373405456543 0 2.552193582057953 0.3950066417455673 22.78935046494007 7.535745106637478 9.453909486532211 2.546378880739212 0 0.20282281935215 1548.996225833893 1486.551873251796 58.22007802128792 0 3.197673618793488 17.70093224942684 27.02784390747547 34.43749935925007 6.41652674227953 14.40706524252892 7.393855057656765 3.590433053672314 0.1433577090501785 1.349189043045044 0.2002974897623062 0.5392638444900513 61.00494280457497 4.889568783342838 0.3350424468517303 1.767557382583618 0.9704613089561462 0.6177988648414612 1.003223858773708 0.8384565860033035 2.039565868675709 1.842507816851139 29.49866034835577 364.8234625458717 5.218666598200798 42.13557555526495 33.77531251311302 47.08254319429398 0 47.49357827752829 3.498976580798626 2.316517621278763 2.12346376478672 3.458124190568924 4.266669392585754 11.48667076230049 5.591511189937592 2.485336750745773 0.1999460607767105 141.7961850985885 49.5593433752656 63.28984978795052 48.67562962323427 31.82609669864178 319.6540792435408 1447.248498216271 155.0521223247051 1895.513115212321 17.2116354778409 0.1351642459630966 5.460580110549927 1.396585993468761 2.094381146132946 0 1.1446168795228 0 0.2953025996685028 0.4347949922084808 7.914895594120026 0.7220987677574158 1.029602013528347 4.971038535237312 0 0 1.196212887763977 167.2133717089891 0 0 0 0 0 0.5435466468334198 0 1.394064575433731 0 0 0.2961121499538422 0 0.265977680683136 1.680256336927414 0.6516420543193817 1.355715721845627 0.6029149889945984 0 0.2044503688812256 0 0 0.195021852850914 0 0.4016065299510956 0 0 0 0 0 0.8541373461484909 0.6104785054922104 0.3908672779798508 0.1377868950366974 0 0 0.1863692849874496 0 0.2059869915246964 0 2.348301485180855 0.3286193609237671 1.376141160726547 2.643992625176907 1.000332787632942 0 0 0.3484899550676346 0 0 0 0 0 0.3384541124105453 0 0 0 0.1776612251996994 0.4511329084634781 0 0.2608617767691612 0 0.2336172610521317 0 0 0.5167015939950943 1.589086040854454 2.695121258497238 0 0.1786155104637146 0 0 0 0 0 0 0 2.019727438688278 0.1375001221895218 0 0.1230572909116745 0 0 0.2301152646541595 1.612605132162571 0.1690837740898132 0.2463109195232391 0.52841517329216 0 0 0 0 0 0 0.1782012134790421 0 0 0 0 0.8203199878334999 2.364423125982285 47.50353579968214 13.35726531594992 81.93186169117689 14.0453539416194 70.66485719382763 14.79213594645262 4.058505088090897 10.81333924084902 4.497749291360378 0 2.557917341589928 0.3086717277765274 1.460938721895218 0.1187545731663704 0 0.3072081804275513 2.529947489500046 1.767554186284542
181.1608088538051 3501.241438649595 936.8065346553922 61.46379460394382 3683.814404666424 25.25046782195568 547.3900326937437 1126.049552626908 0 54.417026668787 1737.680799126625 24.07836963236332 2524.021306984127 369.0867820158601 62.40431321412325 2.814798034727573 0.17657071352005 0.1993591859936714 0 0.3293258175253868 0.814525730907917 0.1449291855096817 0 0 0.1769142150878906 3.694697603583336 0 1.166520841419697 1.178929924964905 0.08022557944059372 380.4269970655441 46.94666747003794 32.305563762784 0 0 0 10.0347762927413 0.2540166452527046 2.158824630081654 0 1.274833619594574 2.438337691128254 0.09484679251909256 0.38162000477314 0 0 274.0584583953023 14.37311419099569 0.2568948045372963 0.6071794554591179 0.9799167513847351 0 0.09094158560037613 2.711970381438732 5.35952477902174 6.384158961474895 28.97035496681929 201.0395585373044 14.85931566357613 106.134308218956 0.2491015866398811 3.811174251139164 0 58.55975954979658 10.9954926520586 4.643483638763428 5.99346287548542 5.088483944535255 1.759980171918869 0.5242020189762115 47.76669508963823 2.579603269696236 0 224.0660726800561 67.10076725482941 212.4377910867333 94.73958200216293 8.800138808786869 16.36646390706301 454.5996918529272 0.5741562321782112 161.8775399625301 52.15445879101753 0.08570307493209839 20.21081609651446 7.247603744268417 5.39011874049902 0.1065680906176567 4.624832473695278 0.9659909680485725 2.003220245242119 1.779845781624317 0.5338990688323975 0.205980584025383 1.518979012966156 322.9440223276615 3.361368797719479 0 0.81235221773386 86.15344840288162 1.526207789778709 0.567539319396019 3.402551755309105 0.6077142655849457 0.7622637376189232 122.5826776325703 6.775456443428993 98.38535965979099 17.67147895693779 22.08906926959753 8.656947195529938 105.0362939536572 152.1354505047202 140.032826602459 107.5151999667287 3.053354136645794 1.68330129981041 0.2340281456708908 0.4420061111450195 0 0 0 0 0 0 0.3783969432115555 0 0 0 0 0.1203829720616341 0 0 0 1.362928673624992 2.152430400252342 0.1313170492649078 0 0 24.93591067194939 0.127948597073555 33.92775246500969 3.448732405900955 0.6765919476747513 0 0 0 0 0 0 0.2496648281812668 4.078434243798256 8.711214169859886 0.1773563027381897 0 0 0 0.1819061636924744 0.1355785429477692 0.4554150849580765 0.3602573424577713 3.081007421016693 1.938256785273552 0 0 0.5579555034637451 102.1912158727646 0.2805947512388229 1.094353690743446 1.367018528282642 0.4319903776049614 0.5216033980250359 0.1049240082502365 0.1467599123716354 0.3228906318545341 0 110.5602518245578 0 0 0 0 44.42225959897041 3.775348991155624 47.2888228148222 9.84980296343565 5.024407632648945 7.863840162754059 1.287372156977654 1.314586341381073 0.6934558302164078 0.1199652701616287 0.1116770505905151 0 0 0 0.09619975090026855 0 66.93244481086731 16.1673231497407 17.67400151491165 823.5412418171763 80.54892148822546 515.4828057810664 109.4730330780149 383.8668540790677 117.4634847640991 17.5525137335062 216.8704923391342 27.33125737309456 0.9885930269956589 22.05353804677725 1.881136044859886 28.07906320691109 1.634584613144398 0.707034170627594 13.25663372129202 17.55653571337461 6.567382358014584
2113.306481897831 313.4264581203461 28.14273202419281 494.4332341477275 3.479146257042885 383.2084481194615 24.01509279757738 1.988625079393387 54.417026668787 0 5.779433950781822 2567.727897688746 4267.946158878505 1194.168463744223 2.470398806035519 0 0 0 0 0 0.2683610320091248 0.2342724353075027 0 0 0 0.1485145837068558 0 0 0.1745127588510513 0 112.2337418571115 0.6101871281862259 9.392027452588081 0 0 0 13.92330878973007 0.1371270567178726 1.974197298288345 0 0 0.2186742722988129 0 0 0 0 42.70892981439829 6.073352880775928 0 0 0 0.162653312087059 0.2380473166704178 0 3.503435052931309 2.708767883479595 53.95068325102329 155.2863407731056 9.035115286707878 34.0197960883379 0 0.1678963601589203 0 1.040916934609413 4.108486860990524 1.947712376713753 2.495467945933342 1.364822961390018 0.2358012646436691 0 65.91100087761879 0.4594323635101318 0 141.211388669908 5.249205887317657 30.02755786478519 2.902324490249157 0.6356413066387177 0 74.09293722361326 0 1.165201626718044 23.14534141868353 0.7015888243913651 9.234193071722984 2.534625194966793 1.505410239100456 0 1.930817425251007 0.2800759375095367 0.6765933111310005 0 0 0 0.3693862855434418 295.7177643254399 8.032830521464348 0.6155228465795517 3.200218096375465 442.3502151370049 0 0 0.9400217682123184 0.2928280830383301 0 47.2671547010541 5.909027010202408 30.79422749578953 7.318523317575455 10.8412224277854 2.776763506233692 37.51209530234337 77.95247802883387 42.93307200819254 18.07324223965406 0.217642217874527 0.1089091747999191 0 0 0 0 0 0 0 0 0 0 0 0 0 0 0 0 0 0 0.3334160149097443 0 0 0 0.9453256130218506 0 2.327597424387932 0 0 0 0 0 0 0 0 0 0.7160010933876038 0.9804147630929947 0 0 0 0 0.2632682025432587 0 0 0.3600465357303619 0.9056755900382996 0.8143004551529884 0 0 0 5.8704514503479 0 0.1035784259438515 0.2464733347296715 0 0 0 0 0 0 22.03385169059038 0 0 0 0 5.443288549780846 0.3279973268508911 1.879302248358727 0.992710255086422 1.639001064002514 0.8653498664498329 0 0 0 0 0 0 0 0 0 0 21.61172221601009 1.330006450414658 0.2840063124895096 102.028367087245 9.006386891007423 86.09362240880728 8.889750212430954 1237.977128945291 18.23444656282663 6.764297887682915 16.90960543602705 2.185118958353996 0 2.708891868591309 0.3183600604534149 5.42825636267662 0 0.2909725904464722 1.720315605401993 0.5343987494707108 0.8744608610868454
635.421724691987 4890.911201640964 3574.619468614459 6.616267815232277 788.098324149847 1.468670457601547 28.91560324281454 2257.002642989159 1737.680799126625 5.779433950781822 0 14.49122720956802 300.4318100064993 1738.375784926116 22.43479236215353 1.270103767514229 0 0 0 0.8043738901615143 0.1125336512923241 0 0.1907170712947845 0.121233768761158 0.3420494645833969 0.2171338498592377 0.1905695647001266 0.2417505532503128 1.002807982265949 0.09275316447019577 1454.676008120179 396.2464018464088 33.78581362217665 0 0 0.3823821842670441 1.703785642981529 0.4310885518789291 0.8669916540384293 0.1873220428824425 0.1326563805341721 0.1612121015787125 0 0 0 0.09956137090921402 124.3991642296314 10.63490848988295 0.1763855367898941 0 0.2393499240279198 0.1470783352851868 0 0.1653839200735092 3.595646254718304 4.113734699785709 33.21215134859085 343.6179303526878 11.99867998063564 73.7954543158412 0 0.7221790850162506 0 28.09168239682913 9.453987129032612 3.138716243207455 3.911174155771732 2.743274703621864 0.8799843564629555 0.5772125869989395 3.701043598353863 0 0 212.8491377085447 38.69345811754465 119.0312782749534 42.21304024755955 6.614355571568012 58.57585546374321 946.2395628765225 0.4239610582590103 220.4554655849934 29.49912958592176 0.1383045017719269 12.45171992480755 4.425373777747154 3.351581282913685 0.1010099872946739 2.189125008881092 0.2189127504825592 1.414034932851791 0.6672724559903145 0.2001946121454239 0.484844021499157 1.097503043711185 7.402933850884438 0 0 0.1186267733573914 315.177337244153 0 0 0 0 0 1.438671290874481 0 0.4828362613916397 0 0 0 0.8858213126659393 0.1751434504985809 1.990763157606125 1.185556545853615 0 0 0 0 0 0 0 0 0 0 0.3039699792861938 0 0 0 0 0 0 0 0 0 0 0 0 0 0.3688228577375412 0 0.3504602015018463 0.4046985507011414 0 0 0 0 0 0 0 0 0 0.3270877301692963 0 0 0.1314384490251541 0 0 0 0.5604380965232849 0 0 0 0 0 0 0.6807780861854553 0 0 0 0.09699549525976181 0 0 0 0 0 1.44101844727993 0 0 0.3549555614590645 0.2088395655155182 0.3289578557014465 0.1146964281797409 0 0.2722643911838531 0 1.108380794525146 0 0 0 0 0 0 0 0 0 0.2757915332913399 0.6813374757766724 0.2091220170259476 0.2305302396416664 149.5844113230705 31.12253134697676 163.4378871023655 23.25050064921379 155.0743406191468 36.36013253778219 8.1170814037323 40.43255849927664 2.125830233097076 0 1.030689582228661 0.8987547904253006 0 0 0 1.118143975734711 3.53789409995079 2.043393492698669
561.4891149178147 54.65936618298292 2.265474691987038 996.6919877007604 5.231575086712837 370.9447075501084 18.91620208323002 1.359359785914421 24.07836963236332 2567.727897688746 14.49122720956802 0 1142.66881711781 274.7017657235265 18.21407674252987 3.772785760462284 0 0 0 0 0.2420651316642761 0 0 0 0 0.7553398311138153 0 0.3830670565366745 0.1786538660526276 0 15.87839189916849 5.805578961968422 71.08186263591051 0 0 0.1931265890598297 114.9316983520985 0.2875231206417084 6.61006186902523 1.052432596683502 0.2602767944335938 0.1383332759141922 0 0.124583438038826 0 0.1079834401607513 37.85997070372105 0.4875051826238632 0 0.09704764187335968 0 0.3798325806856155 0.2305756211280823 0.1721202880144119 0.1915374472737312 0.4534060880541801 9.276407815515995 19.26469269394875 0.6823712736368179 6.629294864833355 0 7.133618950843811 0 12.71306290477514 0.7739535123109818 0.2190704345703125 0.3426614478230476 0.2133688926696777 0.1713277250528336 0 58.87121273577213 26.77681976556778 0 16.94776898622513 9.243376515805721 19.40037316083908 25.71221414208412 5.135761238634586 0.9679423272609711 230.4757844209671 0.5824903249740601 9.573791608214378 4.289329558610916 0 0.9250747561454773 0.1621270477771759 0.08731777966022491 0.1215090155601501 0.2090341225266457 0 0.123278945684433 0.2236360758543015 0 0.2101972550153732 0.749637097120285 2406.701811723411 16.53651228547096 0 2.504683151841164 86.03061035275459 1.888659976422787 0.3273880332708359 5.057286307215691 1.506875261664391 2.243925511837006 192.9258930012584 11.86527614295483 123.7757104411721 21.86309944093227 38.36367939412594 9.521805107593536 160.9707334935665 209.0526518076658 223.7048627063632 124.655546233058 2.83490052819252 2.292272716760635 0 0.7172013148665428 0 0 0 0 0 0 0 0 0 0 0 0 0 0 0 1.394975580275059 1.585511527955532 0 0 0 24.05103302747011 0.5114865899085999 36.3803973197937 2.031418651342392 0 0 0 0 0 0.4335449710488319 0 0 6.831008963286877 8.820721387863159 0.2042356878519058 0 0.179680198431015 0 0.2833410501480103 0.5131656378507614 0.9480531811714172 0.08906564861536026 1.635756239295006 4.631192184984684 0 0 0 104.1682176887989 0.5450438037514687 1.468403466045856 1.612509436905384 0.1615863963961601 0.5340569540858269 0 0 0 0.2617108821868896 180.1630193069577 1.201698690652847 0 0.1103081926703453 0 46.2408394291997 2.894217148423195 35.70153475552797 8.851669982075691 7.11346672475338 6.027222074568272 1.49391757696867 2.161876171827316 0.5827713385224342 0.1359550952911377 0 0 0 0 0 0 132.644483923912 16.97588886320591 23.09121134132147 266.5800716653466 15.83684649318457 77.80522853881121 22.57022900879383 541.7111721560359 16.11672793328762 2.438625447452068 50.34974850714207 18.95605708658695 0.2482999712228775 20.99912369251251 1.293094709515572 23.7996030151844 3.239668853580952 0 5.286968320608139 6.201711133122444 1.001669138669968
1181.089054450393 845.39557146281 36.13361787050962 2031.404277093709 1354.664352722466 467.8340251371264 2459.466970182955 54.00923907756805 2524.021306984127 4267.946158878505 300.4318100064993 1142.66881711781 0 3227.439101316035 105.2349961996078 25.24027678370476 0.7065636292099953 0.5020419955253601 0 0.2288417816162109 1.940774366259575 0.7555417418479919 0 0.1421751976013184 0.7712904512882233 4.245576292276382 0 3.126870229840279 1.928193435072899 0.10580013692379 98.92878518998623 41.5708337649703 923.8794506117702 0 0 0.6994034051895142 431.3743275851011 7.910296902060509 32.58416786789894 1.801665090024471 0.4619947746396065 2.710985511541367 0.290120430290699 3.997814662754536 0.600106805562973 0.5877939313650131 279.3885103836656 12.21370454877615 0.1415647715330124 0.4674631357192993 0.8754269331693649 0.3632389754056931 0.09940940141677856 3.764121174812317 8.119547329843044 5.392923727631569 47.68028143048286 161.5761653333902 11.54541594535112 81.21787230670452 1.623746603727341 87.69367533177137 0 75.95385544002056 11.47150222957134 4.487173937261105 6.613006055355072 4.886417612433434 1.194380104541779 1.40925807505846 335.6354312896729 117.079889819026 0 193.0303795710206 55.37603624910116 172.2882566824555 151.3170134648681 41.57708878815174 14.56976190209389 1425.338882409036 1.506505571305752 133.0137482956052 41.39674442261457 0.5247177258133888 14.8633186519146 6.087164707481861 6.330717258155346 0.4688354507088661 3.558686725795269 0.2609323859214783 2.234558388590813 2.369511619210243 1.148086488246918 1.21417611092329 1.794633775949478 4388.644123092294 46.17407663166523 4.512063577771187 16.03329926729202 174.3768737018108 2.142577990889549 0.3325962126255035 7.437893204391003 27.10801304876804 3.729137882590294 260.2741193249822 13.26550935208797 169.6995353102684 46.94160053879023 40.25541827827692 8.106945380568504 209.033696308732 307.0128499642015 303.7737408205867 235.3135774731636 13.38205825537443 9.411747924983501 0 1.105911828577518 0 0 0 0 0 0 0.4915048256516457 0 0.2680716142058372 0 0.1182039156556129 0.239487811923027 0 0 0 1.930564060807228 2.78093446791172 0 0 0.330596536397934 72.59271635115147 0.619801327586174 97.22606369107962 7.993655815720558 0.3469547256827354 0.2510874271392822 0 0.1525990068912506 0 0.2590520530939102 0 0 8.162647813558578 19.56481395661831 1.060406729578972 0 0 0 0.2364978641271591 0.5992737114429474 1.449767790734768 0.3475162014365196 3.044102072715759 6.322234503924847 0 0.325188547372818 0.1470059454441071 233.3799709305167 2.42600479722023 3.587773025035858 1.766461692750454 0.6782631278038025 0.7601043656468391 0.1207800135016441 0.4784083887934685 0.1796546280384064 0.1299149096012115 320.2429443225265 4.337729945778847 0 0.4162666499614716 0 95.71002572774887 7.95602160692215 76.44263938814402 11.43720570206642 13.42384398728609 13.04270988702774 3.287095256149769 4.204271845519543 1.527465365827084 0 0 0 0 0.1147724315524101 0.6520287990570068 0 185.6186383739114 64.07691757380962 58.52916587889194 1018.409841887653 108.6648621335626 543.9347393140197 132.0649497583508 1578.368789181113 102.729482062161 17.91115438938141 237.2199202403426 42.89567991346121 2.995684832334518 49.87374107539654 4.844417572021484 42.78480874747038 5.583118602633476 1.046407520771027 16.24296329915524 32.94897251576185 11.33048018068075
144.9699861854315 293.6342954933643 121.4752663075924 119.2790502980351 94.89266587048769 86.22593431919813 124.3925016000867 433.9539134502411 369.0867820158601 1194.168463744223 1738.375784926116 274.7017657235265 3227.439101316035 0 131.0743350163102 15.83056493103504 0.7702394276857376 0.09948018938302994 0.2069515734910965 0 1.128462105989456 0.226924940943718 0 0.1452076137065887 2.253002196550369 3.642791271209717 0 1.40486504137516 3.825223490595818 0 168.6943158730865 64.66240904480219 269.5606051087379 0 0 0.8827452808618546 215.3405280783772 4.525643609464169 7.455545164644718 0.7417453527450562 0 3.012150906026363 0.5058712139725685 0.6419574618339539 0.1459029018878937 0 308.1949812993407 9.877829864621162 0.4094702750444412 0.3273542523384094 2.341906204819679 0.4503682851791382 0 3.108526423573494 3.294719770550728 6.78518882393837 14.82068169116974 144.3726168349385 8.659848071634769 79.62374401837587 1.346088901162148 12.59243454784155 0 133.3226133361459 7.873671397566795 3.387639388442039 4.505531698465347 3.392410643398762 2.90416844189167 1.331073708832264 155.1558529362082 13.17117343842983 0 125.8645464554429 92.74372657388449 213.1060632392764 201.5729496404529 48.48555769771338 23.86120320856571 2651.061617337167 1.313635565340519 315.1590625271201 36.39862813055515 0 11.09241785109043 4.842014320194721 3.577623061835766 0.2403067946434021 3.36777275800705 0.1812450438737869 0.2552042379975319 1.422979474067688 0.09979579597711563 1.055020101368427 4.766909562051296 1590.481105469167 6.248623952269554 0 2.241110995411873 61.85530146956444 1.192787483334541 0.4774936586618423 6.827282436192036 0.2126605659723282 2.605129152536392 170.0462074354291 8.107494786381721 135.9238431528211 25.22345297038555 26.69020116329193 7.129019446671009 147.3701500743628 205.5342592895031 195.6436764001846 145.2947711199522 5.327838756144047 3.698656283318996 0 0.6292790994048119 0 0 0 0 0 0 0.1954577416181564 0 0 0.3054751455783844 0 0 0.2235860675573349 0.1970655918121338 0 2.662601038813591 2.58748622238636 0 0 0 41.15838923305273 0.1640969514846802 52.44979812204838 3.564632669091225 0 0.3106565177440643 0.3963490724563599 0 0 0.1223057731986046 0.3271017372608185 0 4.7915268689394 11.56851112097502 0.3318806439638138 0 0 0 0.2352165579795837 0.1838027611374855 1.101953469216824 0.1487313359975815 1.364184871315956 5.358005240559578 0.1395304203033447 0.1960302144289017 0.3916688859462738 147.1529076248407 0.4690135195851326 1.666525304317474 0.7091900780797005 0.3059619888663292 0.7749074399471283 0 0 0 0 205.6319317594171 1.160609230399132 0 0 0.5290527194738388 63.19020113348961 5.048695422708988 55.40085577219725 9.599568627774715 6.63508827984333 7.564668275415897 2.886496342718601 1.854875288903713 0.778672493994236 0 0 0 0 0 0 0 122.512165479362 30.72054256498814 26.37266134470701 1222.479077957571 98.70748003572226 613.0718182176352 162.8604249060154 360.5748344883323 122.2669033557177 13.09037967771292 324.877497240901 30.43439698219299 1.280318081378937 27.22486407309771 6.11962803453207 29.41394208371639 5.096332810819149 1.144991040229797 16.53289741277695 37.79506822675467 10.92280112206936
