0 4414.600800663233 1412.601200699806 823.8471344858408 335.0904094874859 258.0656422302127 702.8898356705904 125.5630333349109 176.0570371970534 626.2580481097102 205.4237817674875 88.57941928505898 138.0641014650464 131.5697286128998 8.282864011824131 1.009112045168877 0.6730891689658165 0.3355245590209961 0.1149179860949516 1.057451091706753 1.230907410383224 0.4693117141723633 0.1285723000764847 0 0.1610545516014099 1.182946011424065 0 0 0.1299968659877777 0 585.0548134371638 6.66236412525177 16.53773631900549 0 0 0.2911165058612823 6.998495943844318 0.4959093853831291 0.5252498090267181 0.7854213491082191 0.5371465235948563 0.5678535103797913 0 0.1156067848205566 0 0.4944105744361877 52.89589834213257 5.247495450079441 1.007912874221802 0.08764088153839111 0.7044959217309952 1.575964108109474 0.139977291226387 0.3905881345272064 10.19857874512672 7.113658294081688 156.0186727494001 822.8863759115338 18.30882176756859 37.8166046589613 0.8947068303823471 0.8208774402737617 0 40.4571285918355 4.460487529635429 1.750837340950966 0.2722632810473442 0.6709626391530037 0 1.349931970238686 54.70584340393543 7.524998851120472 0 135.4163996130228 45.38515438884497 93.21147198975086 18.91627040505409 1.823429264128208 1.876008629798889 103.5181427821517 1.045418970286846 2.723947204649448 33.43852338939905 0 7.117162548005581 0.06945421546697617 2.4670075699687 0.1155424192547798 0.4091020599007607 0.2916837334632874 0.1060519069433212 0.2392461970448494 0.2822204530239105 0.1260131448507309 1.589532762765884 280.1077667102218 35.1805929094553 1.233713805675507 0.9513142704963684 871.9538107961416 0 0 1.605009779334068 0 0 8.079202651977539 0.1863434016704559 4.657511755824089 3.138146385550499 8.546255901455879 0.7572572007775307 17.43789000809193 10.4350855872035 6.204747103154659 3.293717138469219 0 0 0 0.3000497817993164 0 0 0 0 0 0 0 0 0 0 0 0 0.1405868977308273 0 0 0 0 0 0 0 2.145205929875374 1.104402542114258 1.14090596139431 1.71228139102459 0.2602678239345551 0 0 0.1895892173051834 0 0 0 0 0.2833153605461121 0 0 0 0 0 0 0 0 0 0 0 0 0 0 4.8808598741889 0 0 0 0 0 0 0 0.1223679780960083 0.444826751947403 2.889229990541935 0.328020840883255 0 0 0.1852469891309738 1.649403750896454 0.8355594724416733 2.812922239303589 0 0 0.1090866774320602 0 0 0 0 0 0 0 0 0 0 6.658467404544353 0.323277086019516 0.6248146742582321 148.6567926034331 31.17297686636448 226.7802962660789 42.42162849009037 882.206343524158 151.5359817743301 5.59222462028265 18.20285579562187 1.384983345866203 0 0.335718497633934 0 3.055869147181511 0 0.1091201305389404 0 0.3720286935567856 0.1726900488138199
4414.600800663233 0 962.9927751347423 1376.141306631267 2329.82519569993 630.2618611752987 3143.400890909135 358.069915369153 3006.026597864926 1192.387392088771 932.4113986194134 119.1375156641006 681.0812217369676 778.257794894278 48.77075077593327 5.658555597066879 1.059473052620888 0.2400865629315376 0.102322593331337 0.6880149245262146 0 0.3467399477958679 0 0.5745274275541306 0.516767144203186 1.193384014070034 0.1238458007574081 0.4223517552018166 0.2852318286895752 0.1227016746997833 1909.265198640525 28.66401778161526 29.67138390988111 0.4119148328900337 0.2401826754212379 1.398294411599636 3.814248561859131 0.5828038156032562 1.038244843482971 0.7658812627196312 0.1394214779138565 0.9313251972198486 0.246219627559185 1.620791718363762 0.9033504128456116 2.147411711513996 172.24416359514 12.62634494155645 1.031463503837585 0.6248172074556351 1.666919678449631 0.218625046312809 0.1445090919733047 0.8964150100946426 15.82469700276852 16.4298108369112 51.59909354895353 403.056523129344 15.96571015566587 70.46199364215136 5.329599618911743 2.10688241571188 0.7233487442135811 164.5727297514677 10.02502440661192 3.540585182607174 1.430494196712971 2.23533121496439 1.18681813031435 1.663674913346767 23.26076724380255 11.13994552195072 0 146.5660303980112 105.9854049235582 258.4556154161692 110.5806372016668 10.30293863266706 6.496932007372379 171.0247413218021 3.249932624399662 10.44745124876499 53.06340933591127 0.3774678409099579 12.12363818287849 1.556194618344307 4.29318492859602 0.1279645264148712 0.9039376527070999 0.1249420046806335 0.2279436141252518 0.9703854694962502 0.588589109480381 0.5585692301392555 0.8443430885672569 163.7515118420124 0.8292216658592224 0 1.177836984395981 672.8100183755159 0 0 1.818491041660309 0.4619894027709961 0.1058275774121284 13.3662790581584 0.1500266939401627 8.630637802183628 3.265056923031807 4.626651309430599 2.839944645762444 27.4039758965373 14.43002981692553 12.37950067967176 8.937400788068771 0 0 0 0 0 0 0 0 0 0 0 0.164017453789711 0.1271914690732956 0 0 0 0 0.3690600693225861 0 0 0 0 0.5138985514640808 0 6.428428314626217 1.043523490428925 2.811222821474075 2.482593193650246 0.4134062454104424 0 0.1207990646362305 0 0 0.2830424606800079 0.196663960814476 0 0 0.3717638254165649 0 0 0 0.1480492204427719 0 0.07674943655729294 0 0 0 0.136840432882309 0 0 0.6503648906946182 12.09334403276443 0 0.5235927700996399 0 0.09579891711473465 0.1340571939945221 0 0.1139237061142921 0.1057388409972191 0.1368517428636551 12.09454365074635 0.1630409955978394 0 0 0 3.151384688913822 4.871745921671391 4.808556035161018 0.2717155516147614 0.9556275308132172 0.09650105983018875 0.1576177477836609 0 0.0993216261267662 0.07829967886209488 0 0 0.09587055444717407 0 0 0.1045858189463615 11.8842413648963 2.404906369745731 1.970428168773651 170.8604091927409 56.60747648030519 386.3955556452274 62.77694933861494 922.1575455665588 124.9128980711102 6.883041799068451 45.582186460495 3.928529545664787 0 0.4406808912754059 0 5.020998284220695 0 0 0.5972317904233932 1.048127263784409 0.7824567556381226
1412.601200699806 962.9927751347423 0 163.3813420012593 347.2140086069703 84.48429055511951 100.6561226844788 1052.668195940554 288.5882050916553 21.32463701814413 3568.526763290167 9.204424478113651 238.4177347719669 882.9163747876883 34.63697193562984 11.49059322476387 2.475953288376331 1.031876176595688 0.5275948345661163 1.531387887895107 3.557309545576572 0 3.399393014609814 1.761337541043758 5.170797452330589 4.003347054123878 3.227835424244404 1.499813891947269 0.5878732800483704 0.6324344426393509 4316.284584268928 307.5225065201521 66.6865551546216 4.375401012599468 8.161513686180115 5.428654655814171 17.20310360938311 0.859494723379612 0.9790497720241547 3.590801596641541 4.268980152904987 2.92976763099432 2.586815275251865 2.13413318246603 1.823857091367245 7.118773862719536 111.2369023635983 10.23921487480402 3.577756300568581 2.34506294131279 1.494700118899345 0.1516972333192825 0.2835454642772675 3.118448883295059 9.135352484881878 8.224882788956165 48.30300375074148 634.9635381400585 9.368381015956402 50.86191309988499 21.07019630074501 119.9701829254627 6.542645752429962 336.3825197443366 6.20605893433094 1.986898966133595 1.165295600891113 1.470565259456635 1.973202593624592 4.798790641129017 32.28947957605124 18.72318663448095 0 132.3331356272101 81.76265186071396 188.7170230448246 103.9159594550729 14.47720956802368 164.0272018238902 1578.547352641821 6.871578589081764 346.5314506813884 37.60143008083105 0.2947504222393036 8.862994067370892 0.1633408442139626 4.324030049145222 0.09337887912988663 2.073697403073311 0.3113965839147568 0.5817283391952515 0.6483520492911339 3.177988201379776 0.7049369364976883 1.92170475423336 26.51371642947197 0.9699372425675392 0.1422616243362427 0.9948078542947769 372.0094211176038 0 0.2293213307857513 0.4873201847076416 0 0 6.384089395403862 0.5836505591869354 5.560402169823647 1.338692583143711 2.3264040350914 0.729359894990921 21.49914695322514 10.7617876380682 8.590667441487312 8.379458136856556 0 0 0 0.1035295575857162 0 0 0 0 0.3922745883464813 0.1462342292070389 0 0 0.4352828711271286 0.2607830017805099 0.2669695913791656 0 1.162943281233311 0 0.5276346802711487 0 0 0 0.6746958121657372 0.1262282878160477 4.976004652678967 3.097241543233395 5.559801243245602 3.806543260812759 1.74373584985733 0 0 0.1770687699317932 0.4723992943763733 0 0.2783754616975784 0 0.3724792897701263 1.356116004288197 0 0 0.6233692467212677 0.2765399515628815 0 0 0 0.09934916347265244 0 0.1322299689054489 0 0.9880876913666725 1.609834901988506 15.34937351197004 0 0 0 0.1253655701875687 0 0.09919900447130203 0 0.08611036837100983 0.468933641910553 9.869376733899117 1.216664679348469 0 0 0 3.653105951845646 4.671001374721527 9.053325772285461 0.2033514380455017 0 0.2141654565930367 0 0 0 0.1147636100649834 0 0 0.1389158219099045 0 0 0 4.749446004629135 2.554735705256462 3.806978844106197 124.2462476044893 48.22365245968103 261.7701808363199 53.63578773289919 284.4721272662282 109.1642770245671 6.562211602926254 30.58570648729801 3.375023804605007 0.6086362674832344 1.213584594428539 0.1932825967669487 2.005389332771301 0.2363699078559875 0 0.4240657761693001 2.207316137850285 0.7870473489165306
823.8471344858408 1376.141306631267 163.3813420012593 0 167.9012954980135 380.5917829573154 752.8679573833942 40.47802975028753 270.4670859128237 1475.287434712052 34.56040820479393 356.4044432640076 451.249632820487 78.8275124579668 1.746437922120094 0 0 0 0 0 0 0 0 0.141660064458847 0 0.1185708940029144 0 0 0 0 26.57827045023441 0.6548672020435333 1.180919289588928 0 0 0.2827855348587036 1.591045916080475 0 0 0.2985445261001587 0 0 0.1450551152229309 0 0 0.1837114989757538 12.47758539766073 0.09829229116439819 0 0 0.1448516249656677 0 0 0 0.8255811333656311 0.5289320275187492 1.248283870518208 15.21432953327894 0.6217675730586052 4.894032932817936 0.1077138558030128 2.48631925880909 0 11.03155376017094 0.3529497161507607 0.1614605635404587 0.08966749906539917 0 0.2386220321059227 0 13.12624222040176 4.202786549925804 0 5.676065005362034 5.185806542634964 10.1114547252655 5.849403813481331 0.9427113980054855 0.1345967352390289 2.070900291204453 0 0.5866091698408127 1.854042798280716 0 0.896294578909874 0 0.360320582985878 0 0.1419165581464767 0 0 0 0 0 0.09995880722999573 136.7711614742875 1.33289909362793 0 0 77.14968770742416 0 0 0.6606935262680054 0 0.4279134422540665 8.096313178539276 0.1405318528413773 3.427898362278938 1.472088158130646 6.114445731043816 0.608809307217598 19.07776889950037 5.041614219546318 8.560225307941437 3.174729272723198 0.1204070299863815 0 0 0 0 0 0 0 0 0 0 0 0 0 0 0 0 0 0 0 0 0 0 0 3.321272194385529 0.148274302482605 0.2925158739089966 0.103341206908226 0 0 0 0 0 0 0 0 0 0 0 0 0 0 0 0 0 0 0 0 0 0 0 2.368741631507874 0 0 0 0 0 0 0 0 0.13444884121418 2.924042150378227 0 0 0 0 1.24820140004158 0 2.323476135730743 0.08749232441186905 0 0 0 0 0 0 0 0 0 0 0 0 6.241394490003586 0.308343768119812 0.4731618538498878 16.42594115436077 2.523847855627537 28.19231248646975 3.737431332468987 181.3902157321572 7.438013985753059 1.287175633013248 5.225087508559227 0 0 0.9498332738876343 0 2.096098527312279 0 0 0 0.1566003710031509 0.3037032783031464
335.0904094874859 2329.82519569993 347.2140086069703 167.9012954980135 0 23.507423132658 1249.352877959609 797.2835598215461 2316.304864779115 186.4300545305014 1992.3398899436 38.88621865212917 72.67035334557295 471.8027349486947 36.94937989860773 3.130788564682007 0.5772526785731316 0.344369538128376 0.09663829952478409 0.3810297474265099 0.3618768975138664 0 0.2656421959400177 0.3412605002522469 0 0.2692348957061768 0.1533011347055435 0.2629272416234016 0 0.1440328657627106 274.3720528036356 46.13700452446938 9.684446349740028 0.11512141674757 0.3688453733921051 0.1466291099786758 4.323422394692898 0.1420431435108185 1.314063020050526 0.6764153018593788 0.1173769384622574 0.7800541594624519 0.3915619403123856 0.9801529943943024 0 1.445617571473122 158.3176009654999 6.230317503213882 0.4115284457802773 0.4447760805487633 0.6628854349255562 0 0 1.43334885686636 7.869971171021461 7.942217856645584 11.01371616870165 71.48103029280901 5.97356691211462 34.30699101090431 2.117307767271996 3.472514562308788 0.3673819899559021 121.3730682581663 5.511807553470135 1.661355756223202 0.9712221249938011 1.391282021999359 0.4667386934161186 0.5900543928146362 6.750931389629841 6.749504223465919 0 66.88786664605141 63.34145367890596 161.5218811184168 120.5027904435992 8.771031573414803 4.57153544574976 34.36806862056255 1.722661525011063 5.440845243632793 26.65684968233109 0 5.047980420291424 0.6413984745740891 3.325655467808247 0.09548747539520264 0.9965533316135406 0 0.2805743291974068 0.3111564442515373 0.8930341750383377 0.08346782624721527 0.4656668677926064 38.71479207277298 0.1678557097911835 0 0 38.5388430505991 0 0 1.57169246673584 0.690676286816597 1.745049118995667 13.22457609325647 1.159077525138855 8.624866314232349 3.308824449777603 6.388914838433266 1.863690368831158 32.95784678310156 16.40677876770496 15.48907509446144 8.688284739851952 0.1052268743515015 0.163648784160614 0 0 0 0 0 0 0.151284396648407 0 0 0 0.1356881409883499 0 0.2321979254484177 0 0 0 0 0 0.5850462317466736 0 0 0 3.575811110436916 0 2.936368614435196 2.15061217546463 0.4553424790501595 0 0 0 0 0.2708266079425812 0 0 0 0.1132866591215134 0 0 0 0 0 0.09291710704565048 0 0 0 0 0 0.8279622197151184 0.4514193087816238 13.25962197780609 0 0.3419890105724335 0 0.1627238094806671 0 0.1610214710235596 0.1208151429891586 0.1408265233039856 0 13.7851724177599 0.3508552312850952 0.1817712038755417 0 0 5.257266834378242 2.353623777627945 7.506965003907681 0 0 0 0 0 0 0 0 0 0 0 0 0 13.5668463781476 2.169535562396049 2.345315091311932 148.4343378916383 44.5915033146739 317.5886700153351 49.29766938090324 321.1405150666833 57.54017542302608 7.878100179135799 38.30873441696167 3.763530418276787 0.6435206085443497 1.148411594331264 0 7.873527348041534 0.3441164940595627 0 2.067818880081177 1.416471481323242 0.1939908117055893
258.0656422302127 630.2618611752987 84.48429055511951 380.5917829573154 23.507423132658 0 200.0521232485771 7.027334690093994 82.14648029208183 395.4493389576674 17.78783454746008 176.5946458876133 249.4844536334276 85.85290548950434 1.409373506903648 1.877308830618858 0.6369909942150116 0 0 0 0.639954686164856 7.021712064743042 0 0 0.1389475017786026 0 0.1442661881446838 0 0 0 83.94468657672405 0.4819193258881569 61.78093486279249 0.1251794099807739 0 0 75.95557467639446 1.982217118144035 18.92146560549736 2.960305646061897 0 0 0 0.2657650336623192 0 0 6.724422827363014 0.9279798865318298 0 0.1457699686288834 0.1326513588428497 25.55016230046749 1.093155145645142 1.358700796961784 0.8726773411035538 0.4421909227967262 14.4233511313796 34.22330436110497 1.622515305876732 3.422030009329319 0.2950122803449631 8.671942658722401 0.139398604631424 6.567951023578644 0.4063845500349998 0.213084377348423 0 0.09719064086675644 0 0 447.4477215260267 150.2782266438007 9.2663938626647 8.060180567204952 5.809058412909508 10.91717508435249 2.464260973036289 0.4111696779727936 1.274733006954193 39.6157820224762 0.5695074498653412 3.46989131718874 1.823479607701302 2.092297628521919 0.3087968826293945 0.5802201479673386 0.08931205421686172 11.29058343917131 2.003080032765865 22.79835510253906 0.1785434633493423 2.237411923706532 0 0.1570064872503281 0.4637231081724167 661.5998748093843 247.3364985138178 42.145083963871 41.55190631747246 201.2468446791172 0 0 0 0 0 1.916704371571541 0 1.427237704396248 2.729782104492188 2.572871774435043 1.182451248168945 7.380493454635143 2.593298077583313 1.436059534549713 0.9147442281246185 0 0 0 0 0 0 0 0.3236148059368134 0 0 0 0.2474168092012405 0.1335160434246063 0 0.1860025078058243 0 0 0.5641042143106461 0 0 0 0 0.2275960147380829 0 0.9663655832409859 0.3744305372238159 2.43539921194315 1.628664627671242 0.6930969059467316 0.3971404731273651 0 0 0 0 0 0 0 0 0 0 0 0.513402983546257 0 0 0 0 0 0 0 0 0.1402086615562439 1.04183067381382 0 0 0 0 0 0 0.4269500374794006 0 0 0.8054495230317116 1.6990075558424 0 0 0.1549851894378662 0 0.3833727538585663 2.141022220253944 0 0 0.2756238579750061 0 0 0 0 0 0 0 0 0 0 4.579841554164886 0.6918338984251022 1.47320456802845 36.86459016054869 3.823049858212471 23.53135021775961 6.912822514772415 143.128343001008 11.31979381293058 0.2331009060144424 4.661898240447044 0.3764556646347046 0 0.2251761257648468 0 1.233813524246216 0 0 0 0 0
702.8898356705904 3143.400890909135 100.6561226844788 752.8679573833942 1249.352877959609 200.0521232485771 0 229.5910011678934 1218.684405378997 2421.518869161606 254.8892419561744 464.1384675651789 2013.504427924752 1044.0526875332 51.45493882149458 8.464454717934132 0.5090584233403206 0.3517927750945091 0.2164512202143669 1.016038544476032 0.471338301897049 0 0.2662676870822906 0.2357333526015282 0.2313208878040314 0.2573251128196716 0.4648635163903236 0.278704933822155 0.8429917618632317 0 224.913687735796 33.77247899770737 17.90850917249918 0.7110536471009254 0.3558645397424698 0.3379430621862411 9.079908393323421 0.4068646878004074 0.2905547320842743 1.310524478554726 0.2369739264249802 0.4743324965238571 0.3473623171448708 1.6927210688591 0.6797041445970535 1.739764265716076 206.3872111365199 9.480246908962727 1.137190267443657 0.5816740691661835 1.617966741323471 0.2702400386333466 0 1.485391728579998 12.16166312247515 12.91000300645828 16.22757399082184 89.30923671275377 9.353170327842236 48.43504786491394 2.777246281504631 7.969939053058624 0.3539368957281113 144.7419750839472 7.138785906136036 2.308762885630131 1.546175144612789 1.023984365165234 1.111415013670921 0.4964113608002663 95.15173684060574 24.73670346289873 0 90.80925571918488 89.22724433988333 216.5934105366468 139.7903959527612 11.88766033947468 4.7486886754632 32.09916386753321 2.757139556109905 8.894852384924889 39.24738825857639 0.1503293737769127 8.627039834856987 0.7474222555756569 5.187536716461182 0 1.00767157971859 0.2017993181943893 0.5928994193673134 0.6801439821720123 1.378297261893749 0.2493945062160492 1.162195362150669 451.1049280017614 3.64443551003933 0 0.4610062018036842 97.80108178406954 0.1171135008335114 0.4184369444847107 4.996079228818417 0.6148634552955627 0.9779294580221176 38.09701907634735 0.3240118324756622 23.05770432949066 11.73074135929346 21.89989025145769 7.478005975484848 107.883034132421 46.82070258259773 40.73983331769705 26.04692343622446 0.1330045312643051 0.3849321305751801 0 0.1055769994854927 0 0 0 0 0 0.170197606086731 0 0.2338095232844353 0 0 0 0 0 0 0 0.2660706341266632 0.4837357699871063 0 0.3283511102199554 0.1118861958384514 16.2772806212306 3.79809058457613 11.83039011061192 4.62030067294836 0.2374716475605965 0 0 0 0 0 0 0 0.5108715370297432 0.8513601869344711 0 0 0 0 0 0.1154690384864807 0 0 0 0.1846373155713081 0.1694913804531097 0.2090116143226624 0 32.95188710838556 0 0 0.1086340844631195 0.0980294868350029 0.1306180059909821 0 0 0 0 36.99410789459944 1.441226974129677 0 0 0 8.451787501573563 5.656274177134037 14.54376170039177 0.3884515911340714 0.2238453850150108 0.9611570239067078 0 0.200322300195694 0.1870141923427582 0 0 0 0 0.1006936207413673 0 0 48.60239143669605 13.80264962464571 6.608678236603737 190.4974997118115 59.74061801284552 399.2130552530289 68.08346670866013 606.0669661462307 80.47939268499613 8.895141385495663 57.44369753450155 7.014959424734116 0.5417776256799698 4.039948113262653 1.043176926672459 16.63530732691288 0.693609431385994 0.1087045446038246 0.3121299222111702 2.123903468251228 0.397023618221283
125.5630333349109 358.069915369153 1052.668195940554 40.47802975028753 797.2835598215461 7.027334690093994 229.5910011678934 0 436.3883634656668 17.57121630758047 2179.649767383933 10.9693683385849 267.7060174494982 798.6413958072662 50.4209210947156 27.85128919780254 5.365653216838837 4.206756711006165 1.64531347155571 9.341476880013943 17.12744581699371 0.1534727513790131 23.68767745047808 6.597695454955101 13.29998885840178 10.26625782996416 13.57588814944029 3.723678268492222 1.789517886936665 2.292296595871449 946.6522450000048 1766.921630240977 101.165566265583 13.64430788904428 34.98169238865376 21.03049740195274 30.51091860979795 3.303796403110027 4.035074196755886 5.72866166383028 15.17176011949778 7.547599092125893 11.6406496539712 10.71760737895966 3.503665469586849 57.11184377968311 234.991703979671 7.920936927199364 7.959286153316498 9.930108889937401 2.325648181140423 0.1576738953590393 0.6905935108661652 6.411189191043377 6.329872950911522 7.076831415295601 14.91811774671078 134.007497921586 5.490614622831345 29.40918675810099 217.1460802257061 217.2392688915133 32.16829465329647 393.3992304876447 5.252922363579273 1.729618661105633 1.206904761493206 1.713226392865181 7.476564832031727 16.83269250392914 44.62020108103752 39.04896715283394 0 68.05341133475304 67.9868678227067 159.6046246811748 269.0017434805632 146.5705564543605 843.3851442560554 5178.238620862365 151.0414201542735 2268.695290148258 23.14434000849724 0 6.023701660335064 0.5045105889439583 7.509964875876904 0.3406302705407143 0.6034237891435623 0.4942410439252853 0.6628008782863617 1.075239047408104 13.14174996316433 1.577718168497086 3.338691577315331 22.67762370407581 3.167790278792381 0.2447096407413483 5.496075227856636 39.85954531282187 0 0.4760381281375885 1.170673951506615 1.001293376088142 0.4940515905618668 10.73936668783426 0 7.999649442732334 3.716420620679855 5.926519721746445 2.536959119141102 32.04414491355419 12.73521324247122 10.58951804786921 10.62905576080084 0.5502295792102814 0 0 0.8584340661764145 0 0.146295040845871 0.6753864288330078 0 0.08512603491544724 0 0.5336600095033646 0.8329897224903107 2.254587203264236 0.3384750038385391 0.2845253944396973 0 2.065738439559937 0.4883460104465485 0.6033918410539627 0 0 0 2.303207889199257 0.1481796354055405 9.799683399498463 4.692658863961697 12.616629101336 10.07582867145538 7.095451466739178 0 0.4176163524389267 1.003637105226517 0.9432916343212128 0.6429169625043869 1.93539822101593 0.1395966708660126 0 0.5052292048931122 0 0.1905116736888885 0.4904460161924362 1.076996102929115 1.442890226840973 0 0 0 0 0.1038321182131767 0 1.34440603107214 3.344637557864189 20.13873454928398 0 0.1054971218109131 0.1339422315359116 0 0.1338193118572235 0 0 0.1224925443530083 1.131606936454773 12.76380369067192 1.925047062337399 0 0.0943538174033165 0.315338522195816 7.218257151544094 10.52817880362272 18.90903528779745 0 0.7054638415575027 0.2964315414428711 0.1286092698574066 0.1554573774337769 0 0 0 0 0 0 0.195814847946167 0 7.544179514050484 6.252658039331436 7.207766711711884 376.7736546620727 62.36825761198997 445.2140522301197 92.83004117012024 243.275749258697 69.82091371715069 6.262786164879799 88.10380224138498 5.478565625846386 1.140202112495899 1.407424196600914 0.2997301071882248 5.646951541304588 0.09789172559976578 0.7895678877830505 0.4298307746648788 3.72735434025526 1.734431222081184
176.0570371970534 3006.026597864926 288.5882050916553 270.4670859128237 2316.304864779115 82.14648029208183 1218.684405378997 436.3883634656668 0 1369.644190460443 4004.5409514606 263.046862103045 495.7327470928431 1077.924068890512 68.97679831832647 25.23132365942001 0.3052481189370155 0.2999376356601715 0.1981513425707817 0.9072271808981895 0.1195822060108185 0.2785453498363495 0.2592838779091835 0.5536379516124725 0.7830626741051674 0.86247568577528 0.2700686380267143 1.270331345498562 1.192114010453224 0.09755831956863403 171.941639572382 48.0573606044054 61.94078129529953 0.1570495218038559 0 0.2208538725972176 14.9764986410737 0.5838049054145813 3.580880500376225 1.698223121464252 0.1597562730312347 0.8283369317650795 0.9710845053195953 2.568415686488152 0.9449254348874092 1.97966194152832 298.2610926181078 6.465622961521149 0.769397608935833 0.09689705073833466 1.570756986737251 0.4254002645611763 0.7226941734552383 1.003363743424416 10.15734757483006 9.947970345616341 12.61980605870485 55.64223738014698 7.338436551392078 32.75309398025274 2.626489125192165 10.04600247740746 0.5325378850102425 96.42569113522768 6.175929002463818 2.546671248972416 0.6786416545510292 0.7734367325901985 1.230608694255352 0.1184354573488235 58.99900472164154 43.38098383694887 0 68.13927199691534 74.65057966858149 168.8168835416436 161.7779528796673 38.31579243391752 3.806563951075077 115.3571851551533 1.639645107090473 7.620282135903835 28.04722977429628 0.2267976105213165 8.422632813453674 0.5053299441933632 2.978176198899746 0 0.8454152196645737 0 0.3731486424803734 0.7565064281225204 0.5486010238528252 0.446184054017067 2.217904657125473 435.8671486005187 2.277707457542419 0.6520795822143555 1.275154441595078 53.84615459293127 0.2298524230718613 4.952487677335739 12.62483957409859 2.206445515155792 4.14465370029211 130.7229299321771 3.628784187138081 92.0133058950305 34.64735320955515 63.16954768449068 26.1095580086112 333.8235852271318 140.3691093474627 128.0584684386849 72.96099658310413 0.7553262263536453 0.3872057944536209 0 0 0 0 0.301833264529705 0 0 0.1507171839475632 0 0.8143680989742279 0.3315160274505615 0 0.3903270363807678 0.09773389995098114 0.3407430350780487 0 0 0.9238336235284805 1.138147667050362 0.1976053416728973 0.8202423304319382 0.2271570861339569 41.97587911039591 3.031397268176079 22.11940806359053 7.419371739029884 1.3191062733531 0 0.5101666897535324 0 0.4364120438694954 0.3322364389896393 0.3591003715991974 0 0.1121843457221985 2.514740899205208 0.08524168282747269 0.1179457306861877 0 0 0.1162477061152458 0.2802173495292664 0 0 0 1.03657566010952 0 0 2.175929889082909 89.66576112061739 0.4527288377285004 0 0.2206785157322884 0.3679528459906578 0 0 0 0.1795080304145813 0.3654260635375977 106.2933413535357 1.905847027897835 0 0 0 27.68196035921574 15.97966498881578 37.98790778964758 0.7964088842272758 0.8464090004563332 0.9358340129256248 0.151712104678154 0.9105110615491867 0 0 0 0 0 0 0.1268598437309265 0 135.0170496106148 19.49329963326454 14.26996152102947 444.5378526672721 88.09283094108105 639.0401899144053 165.8039940819144 588.521774508059 111.6546548083425 12.8557845056057 136.3057978451252 13.80569744855165 0.8739548400044441 11.27898831665516 0.8686002865433693 40.89924994111061 1.227215103805065 1.10403037071228 2.207676589488983 5.926432259380817 2.219813153147697
626.2580481097102 1192.387392088771 21.32463701814413 1475.287434712052 186.4300545305014 395.4493389576674 2421.518869161606 17.57121630758047 1369.644190460443 0 36.30559404194355 1704.567184910178 3387.697544284165 453.0513254702091 9.464863710105419 3.95850645750761 0 0 0 0 0.1762174218893051 0 0 0 0.591882586479187 0.7726020216941833 0.2539691627025604 0.3827740848064423 0 0 19.80283476412296 2.293832220137119 39.43799418210983 0.1014095321297646 0.1255042403936386 0 32.45827952027321 4.934392049908638 2.472571030259132 0.1724542230367661 0 0 0.1362242996692657 0 0 0.3142496645450592 64.6169740781188 1.920166008174419 0 0.1639223396778107 0 0.1068693548440933 0 0.3991754651069641 3.106274738907814 2.200510524213314 5.487665079534054 15.12606771290302 2.115193709731102 7.674127273261547 0.5483728051185608 16.7103817909956 0 19.74818957597017 1.983751252293587 0.6353701576590538 0.1773814558982849 0.2435887604951859 0.2219087406992912 0.6275392174720764 360.9603248685598 68.55239330232143 0 17.26277192682028 27.30034775286913 45.28352895379066 24.55664609372616 2.149802677333355 0.4490756466984749 65.89002442359924 0.3048614040017128 4.611209765076637 10.54988761246204 0 1.368941098451614 0.09910076856613159 0.5984118729829788 0 0.1805148273706436 0 0 0 0.228402316570282 0 0.2901795357465744 622.0947331637144 5.237044632434845 0 0.8398303687572479 601.254661411047 0 1.210173673927784 7.104234397411346 0.3692566454410553 1.554533258080482 53.4419454112649 0.6909125596284866 37.51079470664263 19.51184943318367 40.27839825302362 12.85367923229933 170.9023907929659 71.75820948928595 71.33314021676779 30.26364108175039 0.2056460976600647 0.1248612552881241 0 0 0 0 0 0 0.1097664833068848 0 0 0 0 0 0 0 0 0 0 0.4283076673746109 1.362808153033257 0 0 0 21.95601487159729 3.029895454645157 14.85517604649067 7.67054196447134 0.36239093542099 0 0 0 0 0 0.8154415935277939 0 0 1.262840755283833 0.3331281244754791 0 0 0 0 0 0 0 0 0.1075562611222267 0.4285790026187897 0 0.6576835364103317 47.6994644254446 0.1427009552717209 0 0.1117948740720749 0 0 0 0.205433115363121 0 0 37.36461690068245 0.7942574024200439 0 0 0 18.50030187517405 6.319455310702324 27.47238840162754 0.171706810593605 0.4414442703127861 0.8017477765679359 0 0 0.4136753380298615 0 0 0 0 0 0 0 91.11291760206223 10.87525661289692 10.84731083363295 177.1983970403671 9.876610241830349 143.7540132701397 19.07297492027283 637.6520998179913 24.59544073045254 2.771123647689819 26.8279183357954 9.082038849592209 1.695929169654846 5.70024498552084 0.3067282736301422 39.31248286366463 1.582857549190521 0 1.689525723457336 1.977937877178192 0.5189038813114166
205.4237817674875 932.4113986194134 3568.526763290167 34.56040820479393 1992.3398899436 17.78783454746008 254.8892419561744 2179.649767383933 4004.5409514606 36.30559404194355 0 28.59889843314886 1113.511982895434 3333.69057802856 57.79093097895384 36.54717466980219 1.450231596827507 0.3887344151735306 0.2279178500175476 0.4022211879491806 0.3098966628313065 0 0 0.4012015610933304 0.1980934888124466 1.335298545658588 0 0.5386340469121933 0.176176592707634 0 379.1308667436242 59.83000052720308 219.0153147280216 0.1047611311078072 0.1344907432794571 0.4403390884399414 23.14806345850229 2.068842276930809 2.449688166379929 1.45682954788208 0.5336170345544815 0.1183236092329025 0.1919875144958496 2.569763690233231 0.3463551700115204 1.217150472104549 188.107933409512 3.576225191354752 0.8207330405712128 0.3093443959951401 0.4596367701888084 0.548912301659584 1.465253472328186 1.026624776422977 4.753209792077541 5.06756778806448 8.554878666996956 58.25154399126768 3.631280899047852 21.62105802446604 1.644007459282875 5.17009574174881 0.1778655499219894 83.87847623229027 3.283543609082699 0.9252028837800026 0.3882092013955116 0.752887636423111 0.3453832492232323 0.4780807197093964 92.46267359703779 27.79256621003151 0 42.43707057088614 36.32606808841228 103.4357582479715 126.949984036386 40.1651044562459 36.11219710111618 1517.190182283521 1.19939997792244 6.847349070012569 15.98436094075441 0 4.127753302454948 0.5487554594874382 1.731698542833328 0.09801846742630005 0.680687315762043 0 0.3415765911340714 0.8361253887414932 0.5302196070551872 0.1639939993619919 1.959674008190632 64.72870199382305 1.981165908277035 0 0.8917599618434906 33.49146521836519 0 0.9797365665435791 2.00502385944128 0.1789939850568771 1.895031750202179 29.15997524559498 0 18.99465703219175 6.204813435673714 15.20152270793915 6.777730651199818 72.21130517870188 31.32592648267746 31.01804695278406 21.59643087536097 0.1106408908963203 0 0 0.1136427372694016 0 0 0.3726887106895447 0 0 0 0 0 0.2574933841824532 0 0 0 0.1503975540399551 0 0 0.2195107340812683 0 0 0.4575262367725372 0 11.0224030688405 0.9845873862504959 9.2389105707407 2.101913653314114 0.6634588539600372 0 0 0 0 0.2646898627281189 0.1174408197402954 0 0.3080270290374756 1.193478345870972 0 0 0 0 0 0 0.2205513715744019 0 0 0.5499237775802612 0.1454567909240723 0 0.2015921026468277 25.63034235686064 0 0 0.1019698828458786 0 0.1638647168874741 0 0 0 0 25.33332872390747 1.926225580275059 0 0 0.1081686988472939 9.811117738485336 4.402914151549339 8.893473699688911 0.6702074706554413 0.4803979396820068 0.1115137338638306 0 0 0.113529697060585 0.07962653040885925 0 0 0.09526225179433823 0 0 0 24.53129362314939 4.312916919589043 4.773841895163059 333.9768670126796 48.71590439230204 380.4406400620937 102.7522339746356 256.7890952304006 64.8747466802597 7.033508636057377 96.24798350036144 6.020952522754669 0.7336626350879669 1.88550291210413 0.3660552352666855 11.85247752070427 0.5396807193756104 0 0.3565682992339134 2.867585733532906 0.8665214031934738
88.57941928505898 119.1375156641006 9.204424478113651 356.4044432640076 38.88621865212917 176.5946458876133 464.1384675651789 10.9693683385849 263.046862103045 1704.567184910178 28.59889843314886 0 1635.81335952878 165.7480891346931 3.152788534760475 5.435541182756424 0.175159215927124 0.254321001470089 0 0.1944005340337753 0 0.2326597571372986 0 0 0.405776247382164 0 0 0 0 0 3.60972286760807 1.147457629442215 11.73200169205666 0 0 0.3301249593496323 36.83421022444963 4.613827884197235 2.306204959750175 1.028124526143074 0 0 0 0 0.1147959753870964 0 19.46661011129618 0.08277629315853119 0 0 0.07885673642158508 0 0.218310609459877 0 0.5384176000952721 0.437410295009613 1.0523811429739 2.235978752374649 0.7081712484359741 2.073240213096142 0.714091494679451 1.685605600476265 0 5.571088589727879 0.3172088637948036 0.09141967445611954 0 0.1682929843664169 0 0.1477377861738205 361.8429794162512 95.30036111176014 0 2.055049173533916 5.474763996899128 9.172106489539146 6.694902613759041 3.041501931846142 0.1261295676231384 10.2347351834178 0.104998767375946 0.6638102754950523 0.9311720207333565 0 0.2804776057600975 0 0.09046643227338791 0 0 0 0 0 0 0.358360230922699 0 924.5462919324636 19.12191113829613 0 1.055656313896179 81.85472095012665 0 1.806679368019104 3.9859384521842 0.749128669500351 0.5401713699102402 40.81628454476595 0.9252783805131912 27.71799185872078 11.69414016604424 20.38658398389816 8.630592718720436 119.8439702540636 50.81288629025221 50.10198836773634 25.0834426432848 0 0.1250616908073425 0 0 0 0 0 0 0 0 0 0 0 0 0 0 0 0.1692149937152863 0 0 0 0 0 0 15.70469132810831 1.043199703097343 9.034626141190529 3.280867263674736 1.386122584342957 0 0 0 0 0 0 0 0 0.6269516199827194 0 0 0 0 0 0 0 0 0 0.2983755767345428 0.1572223603725433 0 0.6317955553531647 26.25198572129011 0 0 0 0 0 0 0 0 0 33.87578585743904 1.215083628892899 0 0 0 8.905449420213699 4.094635426998138 6.37728963047266 0.3402377068996429 0.3640750646591187 0.1594067364931107 0 0.3758107125759125 0 0 0 0 0.08274760842323303 0 0 0 69.48861949890852 9.594819128513336 6.038203477859497 57.28864519298077 5.954365506768227 45.32215782254934 15.63817405700684 166.4082524850965 10.50187394022942 1.134651951491833 16.54759032279253 3.049161821603775 0 1.606804922223091 0.1341075152158737 9.379749968647957 1.154318988323212 0 1.249918222427368 1.536266833543777 0
138.0641014650464 681.0812217369676 238.4177347719669 451.249632820487 72.67035334557295 249.4844536334276 2013.504427924752 267.7060174494982 495.7327470928431 3387.697544284165 1113.511982895434 1635.81335952878 0 2971.854426637292 47.34106903523207 66.02152620255947 3.079519711434841 0 0.1258570700883865 2.007291495800018 0.3974512070417404 0.2449405342340469 0.1113997027277946 0.2864277511835098 2.603280827403069 1.085030071437359 1.482710741460323 1.328896537423134 1.659598559141159 0.6724201440811157 50.44312664121389 6.66300343722105 118.0005157664418 0.2075799405574799 0.3315172642469406 3.451964855194092 427.6903277114034 65.1422463208437 59.72856514155865 40.47274568676949 0.6485462337732315 0.5236392617225647 0.09034088999032974 2.434818409383297 0 1.088620610535145 105.7398302704096 2.829872965812683 1.031574606895447 0.1580818891525269 0.7804754599928856 0.9986588880419731 4.146383196115494 0.6633610725402832 1.962578326463699 3.309565506875515 4.569918237626553 17.08012402802706 2.440045207738876 6.610048234462738 3.770549274981022 7.067474618554115 0 18.85058692097664 1.969966478645802 0.5659261420369148 0.453721821308136 0.4556319862604141 0.1165125519037247 0.4823044091463089 1200.008625455201 244.7052138075233 0 14.61704438924789 18.6583288833499 40.26507698744535 43.0381878092885 37.43425600230694 8.462260670959949 248.8507740423083 0.475971631705761 12.2762835547328 5.599133722484112 0 1.339143231511116 0.2438133358955383 1.028774529695511 0 0.3628993257880211 0 0.1013913750648499 0.3647952899336815 0.7861808016896248 0.4140241742134094 1.588670261204243 2941.603395283222 75.16529649496078 0.2805931866168976 9.316013813018799 89.07173322886229 0.1629902571439743 2.458115920424461 13.26892694085836 3.717487424612045 3.539526768028736 109.1366772800684 2.584323339164257 85.73517476767302 29.70976196974516 69.62915210425854 24.02505245059729 351.3719444125891 149.0300436019897 147.9522469118237 93.00485450774431 0.8528655394911766 0.4500082060694695 0 0.1305151134729385 0 0 0.1524569988250732 0 0.161778524518013 0 0.1900932937860489 0.3384343013167381 0.4276117086410522 0.3183546662330627 0 0 0.2300684005022049 0 0.1511142253875732 0.9460878893733025 0.3718520253896713 0 0.8422786369919777 0.1631775349378586 57.46972040086985 5.083093874156475 37.47995363175869 9.503734588623047 1.950468361377716 0 0 0.1178078651428223 0.3539769649505615 0 0.1376030743122101 0 0.6747054681181908 2.976444892585278 0.0909002423286438 0 0 0.5828301757574081 0.2654944732785225 0.3027254566550255 0.1385020613670349 0 0 1.154930666089058 0.4584361165761948 1.112532563507557 3.592893548309803 108.4134688079357 0.1305121183395386 0.2519064396619797 0.5189865082502365 0.08592639118432999 0 0.1380361616611481 0 0 0.702777311205864 150.2481966987252 7.95901645720005 0.1219624727964401 0 0 33.07998452335596 13.65209064632654 45.77389693260193 0.5361404567956924 0.202622078359127 1.656401857733727 0.6285768523812294 0 0.1585432589054108 0 0 0 0 0 0.2595227584242821 0 177.7313557714224 47.41869166493416 17.74514643102884 332.4396342635155 48.58221887052059 238.4824928194284 92.76420613378286 276.6574581339955 41.54244019091129 5.637781858444214 100.5609854832292 9.498041816055775 0.9231703281402588 11.85047590732574 1.097305074334145 30.75681176036596 0.7591364160180092 0 2.448231488466263 2.903912506997585 1.117692321538925
