0 4808.98836774379 232.1555632501841 1415.607970833778 1148.067545101047 260.8805666863918 1886.150159217417 19.22207870334387 199.5576915442944 707.2356370538473 103.0311726406217 203.134436391294 248.7733639106154 31.39200957119465 0.3027170300483704 0.5124360769987106 0.4596805945038795 0 0 0.1566844433546066 0.1725834161043167 0 0 0 0 0 0 0.6314753293991089 0 0 403.6582558006048 3.003854610025883 0.1569560766220093 0 0 0 0.7884650006890297 0 0 0 0 0 0.1561978757381439 0.2884196490049362 0.210512638092041 0 38.3597941249609 1.959374621510506 0.7571363598108292 0.6378354802727699 0.08720199763774872 0 0 0 0.7157875150442123 7.398621954023838 248.4831081405282 566.9845391884446 50.04834620654583 21.13032677769661 0 0 0 13.97339844703674 4.00764836370945 0.2397382855415344 0 0.2745058834552765 0.130380317568779 0 13.56097473204136 52.39543983340263 0.4009511768817902 207.5344669520855 19.59876307845116 24.25240846723318 6.34416688978672 0.09352327138185501 0.4132098257541656 2.178323268890381 0.2855254039168358 0 23.35755253583193 0.5278661996126175 1.597337573766708 2.22081483900547 0.4295426905155182 0.3933881372213364 0.3014544472098351 0.3705795258283615 0.1485385149717331 0 0 0 0 303.5944668576121 24.80006295442581 2.104018092155457 0 1932.809553816915 0.4722945839166641 5.671884015202522 16.33309343457222 1.878211691975594 0.8560459017753601 1.277972683310509 35.90189415216446 0.7288490831851959 8.08374597877264 26.26947478950024 0 12.39794856309891 33.88219795376062 11.19604444503784 7.459566786885262 0.2629157304763794 0 0 0 0 0 0 0 0 0 0 0 0 0 0 0 0 0.2239533662796021 0 0.6238375455141068 0.4449750036001205 0 0 0 4.522281743586063 0 0.2362028509378433 0.4258192479610443 0 0 0 0 0 0 0 0 0 1.388263240456581 0 0 0 0 0 0.1022242680191994 0 0 0.09396253526210785 0 0 0 0 0.2925973534584045 0.6404412090778351 0.21732197701931 0 0 0 0.5413740873336792 0 0 0 40.34716042131186 3.978347882628441 0 0 0 1.085289493203163 0 0 0.3664917796850204 0.6516520082950592 0 0.8863021731376648 0 0.2203743904829025 0.08509759604930878 0 0 0 0 0 0 25.83778910338879 7.720685824751854 5.041390404105186 323.3131851628423 17.41726271808147 130.2328036352992 25.46211645007133 1850.668417483568 59.64162410795689 1.978096731007099 39.17467049509287 7.603117391467094 0 0.5888373851776123 0 31.34393927454948 0 0 0 0 0
4808.98836774379 0 920.1527894735336 498.011881403625 2952.301374256611 328.702743768692 4424.241785041988 41.4341456964612 1328.43519513309 241.3568226620555 262.8089578002691 93.89183564484119 442.5267129391432 206.2187824100256 20.70427624136209 10.99563217163086 3.71647122502327 0.4107528626918793 1.866511076688766 0.8443415760993958 0.1819693744182587 0 0 0 0 0.2912622839212418 0 0.4853253960609436 0.7305442467331886 0 6318.19788621366 42.46714916080236 2.973236002027988 0.2135333046317101 0 0.1089355200529099 2.308473609387875 0.1220986247062683 0.1077853590250015 0 0.3221037983894348 0.09907511621713638 0.6005816459655762 3.897716648876667 0.733920581638813 2.406917683780193 174.3110156431794 9.100525133311749 1.737229898571968 1.897479005157948 0.7815005257725716 0 0.1540315598249435 0 3.311775229871273 21.7054113522172 202.9324551224709 1244.467878557742 85.83001308888197 85.01923171430826 1.256199739873409 0 0 258.8652155771852 11.85813715308905 0.7117041349411011 0.8655762150883675 1.478203423321247 0.988372728228569 0.9676346108317375 3.38523305952549 0 0.2029875069856644 499.9177674949169 126.2039546966553 151.6565052941442 97.86786936968565 8.429130487143993 0.9726674258708954 17.70304886996746 1.755872443318367 2.560622289776802 71.54715102165937 0.8853043615818024 4.771414130926132 12.21687527000904 2.875592030584812 0.09752099961042404 1.438733600080013 0.1783916056156158 0.4714443385601044 0.2593795657157898 0.4163679182529449 0 0 84.13528755307198 0.4344522953033447 0.315800279378891 0.8362458571791649 1409.825789056718 0.776256650686264 0 1.984507322311401 0 0.7741366624832153 1.140654116868973 6.235000029206276 0 1.556340649724007 4.165986716747284 0.3870566487312317 1.684759333729744 6.739048510789871 3.162061229348183 2.280331425368786 0 0 0 0 0 0 0 0 0 0 0 0 0 0 0 0 0 0 0 0 0 0 0 0 1.761968173086643 0 0.09938059747219086 0 0 0 0 0 0 0 0 0 0.3366703391075134 0 0 0 0 0 0 0 0 0 0 0 0.2878020703792572 0 0 0 0 0.1559737771749496 0 0 0 0 0 0 0 9.198679864406586 0 0 0 0 0.5473620742559433 0 0 0 0 0 0 0 0 0.3758032321929932 0.0987752377986908 0 0.09859384596347809 0 0 0 7.328848585486412 0.9431762769818306 0.5857621878385544 586.9030761346221 59.26024498790503 494.3042793124914 101.6398968547583 849.3397950157523 135.7785084471107 7.811334922909737 128.2761761844158 9.147558480501175 1.009185031056404 0.1378601938486099 0 4.652346760034561 0 0.2516541033983231 0.2886720895767212 6.073641039431095 0
232.1555632501841 920.1527894735336 0 0.7178956717252731 413.6100262105465 0.888836070895195 324.9656202793121 2365.169060222805 1378.677080206573 6.687834449112415 2848.442616887391 13.43585543334484 153.7448423057795 586.074148863554 37.49112339317799 47.46257160604 21.40459235757589 2.926968023180962 4.930050045251846 1.392588317394257 0.8010246902704239 0.1117663607001305 1.612980380654335 0.4202656373381615 0.7282650172710419 0.1244632676243782 0.09342333674430847 1.918295308947563 0.8070822134613991 0.1124846860766411 4472.534417696297 633.341799877584 37.35681099444628 7.664358973503113 0.3381941989064217 0.9496794193983078 20.01565586775541 2.114513367414474 3.854981869459152 1.40583810955286 4.31902851909399 1.303132459521294 12.74281158298254 7.923311479389668 11.32030319422483 21.59821578860283 96.52270706743002 9.863535836338997 6.32514163851738 17.43806613981724 1.476953610777855 0.3991510719060898 0.9316229894757271 0.2207016497850418 1.787720292806625 8.272376302629709 53.49066608399153 536.7404478564858 23.90860310196877 35.7254803404212 27.42220734059811 2.405995331704617 1.737685598433018 270.1424903869629 4.959492616355419 1.01944962143898 1.76557169854641 2.693348549306393 16.11932710558176 35.28785979747772 10.36525236815214 2.492697089910507 0.1314985752105713 199.4188172593713 63.31485618650913 69.1799508407712 101.8344971835613 17.710772767663 31.72806745022535 454.7775208503008 39.2763688787818 133.1993131637573 24.60270728170872 0.3235587477684021 3.184194780886173 4.882894799113274 16.15102576464415 0.233092226088047 1.189962849020958 0.2356155142188072 0.6898904070258141 0.5557617098093033 12.3796456977725 0.5218649283051491 0 5.433171309530735 4.006140671670437 0.1016812026500702 9.462666057050228 157.9970667660236 0.1148330867290497 0 0 0 0 0 0.4006531238555908 0 0 0.143507644534111 0.2155616879463196 0 1.310771368443966 0.2293620482087135 0.630782350897789 0.8655810207128525 0 0 0.1849138587713242 0 0 0 0 0 0 0 0 0 0 0 0 0 0 0 0.1104935556650162 0 0 0 0 1.053324043750763 0 0.5853287801146507 0.6680774390697479 0 0 0 0 0.3010435998439789 0 0 0 0.4538713246583939 0 0 0 0 0 0.257090836763382 0 0 0 0 0.2288189828395844 0 0.1698641628026962 0 0.391583114862442 0.09692199528217316 0.08656607568264008 0 0 0 0.1649742871522903 0 0 0 4.277864307165146 0.6792599335312843 0.43044713139534 0 0 0.7491643950343132 0 0 0.3471599221229553 0 0.3512052446603775 0.1032970175147057 0 0 0 0 0 0.08708511292934418 0 0 0 2.2437379732728 5.152271553874016 5.862420424818993 192.1672589629889 36.98117933422327 215.9308178052306 53.59172251820564 118.5483454838395 47.30721026659012 5.351107269525528 42.02502003312111 4.096864260733128 0.413142055273056 0.6600171402096748 0.2798328399658203 0.1860010027885437 0.2791236937046051 0.26028011739254 0.3900337740778923 5.805148370563984 0
1415.607970833778 498.011881403625 0.7178956717252731 0 7.509313218295574 386.2122192084789 1823.135265417397 0.3677535131573677 13.56106246262789 2412.260871917009 3.087625086307526 1323.165748409927 1978.472252458334 365.9013817384839 0.913532592356205 1.289125546813011 0.3464982137084007 0 0 0 0.1210873872041702 0 0 0 0 0 0 0 0 0 11.05809647589922 1.036820754408836 2.075417943298817 0 0 0 2.533270053565502 0 0.3568458408117294 0 0 0 0 0.2442384883761406 0.1756575480103493 0.1849369928240776 7.801957532763481 0.4315261393785477 0.08423042297363281 0 0 0 0.09088200330734253 0 0.1115041002631187 0.232083760201931 7.435241378843784 20.91964533179998 2.404414549469948 2.92756786942482 0 0 0 4.150368094444275 0.2978464439511299 0 0 0.08709612488746643 0.1440058946609497 0 14.19964349269867 0.3657203614711761 0 18.66598089784384 2.182831697165966 3.453560456633568 2.135625645518303 0.2987864390015602 0 40.48970267176628 0 1.520076893270016 4.956143841147423 0 0.209905780851841 0.2073561921715736 0.3177983686327934 0.1022203415632248 0 0 0 0 0 0 0 157.3493003845215 0.5116124451160431 0 0.66494320333004 29.19754447042942 0.1343260407447815 1.652857631444931 1.234053492546082 0 1.094554238021374 0.6572335362434387 7.625490762293339 0 2.053687445819378 8.92493137717247 0.1236444115638733 5.102754235267639 11.49155858159065 5.544098742306232 3.617088437080383 0 0 0 0 0 0 0 0 0 0 0 0 0 0 0 0 0 0 0 0 0.419338271021843 0 0 0 1.274200171232224 0 0.9617833644151688 0 0.1399064958095551 0 0 0 0 0 0 0 0 0.3997636958956718 0 0 0 0 0 0 0 0 0.2739516496658325 0.3986755609512329 0 0 0 0.265131875872612 0 0 0 0 0 0 0 0 0 15.62698379158974 0 0 0 0 0.9124316871166229 0 0 0.8298431932926178 0.2829392775893211 0.4943550229072571 0 0 0 0 0 0 0 0 0 0 10.78712740540504 3.211506575345993 2.687223792076111 45.04542408883572 1.372681848704815 27.78844817727804 5.133657336235046 85.75385364145041 6.261615358293056 0.47931207716465 6.027125902473927 2.855607844889164 0 1.900401510298252 0.2014860361814499 3.052145078778267 0 0 0.08804691582918167 0.7048015743494034 0
1148.067545101047 2952.301374256611 413.6100262105465 7.509313218295574 0 7.385719895362854 2725.314054325223 40.28780899196863 5070.813217289746 15.84941158443689 489.9338559731841 4.839970111846924 111.3299985080957 114.1165853217244 15.02510242909193 7.815663479268551 1.972018048167229 0.3127510771155357 1.642644681036472 0 0 0 0 0 0 0.1319333016872406 0 0 0.2875035852193832 0.1120512038469315 912.2649579122663 38.7506505176425 3.167469531297684 0 0 0 2.551985763013363 0.09278319776058197 0 0 0.2119387835264206 0.1957654356956482 0.236621730029583 2.33836180716753 1.431879036128521 2.489990018308163 120.1913905292749 3.819464556872845 0.6430516019463539 0.9987526535987854 0.518674872815609 0 0 0.3558347225189209 1.454099908471107 8.90611344575882 47.57069496065378 224.9227976500988 23.27685318887234 45.23333175480366 0.5775458365678787 0.4367360472679138 0 161.9265971556306 8.864423058927059 0.50120709836483 0.1735325902700424 0.9623729288578033 1.330028355121613 0.5204527303576469 6.91706845164299 0.4084656164050102 0 177.7720867320895 56.84552552551031 83.38797315955162 76.82083740830421 6.835404917597771 0.7358765080571175 12.15084538608789 1.354213997721672 1.630679860711098 32.79380474239588 0.2812886089086533 3.045965947210789 4.262130834162235 2.812688775360584 0.08243658393621445 0.778246708214283 0 0.1644929945468903 0.101933091878891 0.4436320066452026 0 0.1636436581611633 16.18470048904419 1.011137306690216 0 0.3484213352203369 193.1686441451311 0.2306575328111649 0 1.369033753871918 0 0 0.2850186824798584 0 0.1297445744276047 0.9442148804664612 0.3325519412755966 0.5123847126960754 1.826269254088402 2.154368564486504 0.5899790748953819 0.6926176995038986 0.5871803164482117 0.1120352521538734 0 0 0 0 0 0 0 0 0 0 0 0 0 0 0 0 0 0.4187927693128586 0 0 0 0 1.304319068789482 0 0 0 0 0 0 0 0 0 0 0 0 0 0 0 0 0 0 0 0 0 0 0 0 0 0 0.4007228314876556 0.2661250829696655 0 0 0 0 0 0 0 0 6.185321405529976 0.1117571070790291 0 0 0 0.2629199624061584 0 0 0.1740728765726089 0 0 0 0 0 0.2148031070828438 0 0 0.08907217532396317 0 0 0 2.453402832150459 0.1059177368879318 0.7082533836364746 382.1645674034953 40.90779356658459 301.6096829324961 67.15107434988022 273.1767563223839 73.24193622171879 4.426964104175568 80.72139037400484 3.96120785176754 0.1192586198449135 0 0 0 0 0.299670398235321 0 2.634966529905796 0.2183158546686172
260.8805666863918 328.702743768692 0.888836070895195 386.2122192084789 7.385719895362854 0 251.3590751737356 0.4154318571090698 8.320245340466499 985.5875498577952 1.058528214693069 174.1681386977434 161.0308489203453 32.99506215751171 0.3244941532611847 0.3403163552284241 0 0 0 0 0 0.668570801615715 0 0 0 0 0 0 0 0 5.350080549716949 0 1.942856758832932 0 0 0 2.299718856811523 0 0 0 0 0 0 0 0.08493342250585556 0 0.6419151797890663 0 0 0 0 0.7921583354473114 0.5427072644233704 0 0 1.067847639322281 66.6880943775177 14.92724847793579 3.024721138179302 0.4800976887345314 0 0 0 0.9971470236778259 0.09645915776491165 0 0 0.1983755379915237 0 0 73.51804865896702 339.817516207695 9.542205855250359 3.188763819634914 0.5686763674020767 0.7064556181430817 1.060314655303955 0 0 5.093697652220726 0 0.1570919156074524 0.1371453404426575 1.416315004229546 0 0 0 2.422429546713829 0 5.342910513281822 0 0 0 0 0 266.1996250748634 105.3557656258345 17.85247214138508 1.085722528398037 397.6120240688324 0 0 0.1447530686855316 0.437474250793457 0 0.2947908639907837 1.624060183763504 0 0.5526786297559738 2.905721604824066 0.3526429980993271 0.1992833614349365 4.00960136204958 0.6708999872207642 1.865980952978134 0.2204908579587936 0.2352543324232101 0 0 0 0 0 0 0 0 0 0 0 0 0 0 0 0.4546209871768951 0 0.1496554613113403 0 0 0 0 2.504866942763329 0 0.7945979088544846 0.8237539976835251 0.5438924878835678 0 0 0 0.3324569165706635 0 0 0 0 0.1677229851484299 0 0 0 0.8816137611865997 0 0 0 0 0.2541813850402832 0 0 0 0 0 0 0 0 0 0 0 0 0 0 10.46180009096861 9.982950136065483 0 0 0 1.268376223742962 0.5034324675798416 0.238936185836792 0 0.2377668619155884 0 0 0 0 0 0 0 0 0 0 0 8.371272757649422 16.00366331636906 12.89612792432308 13.49738916009665 0.8865593448281288 3.619695767760277 1.66907112300396 283.4468263685703 0.9012302905321121 0.1432366818189621 0.7682427167892456 1.835763409733772 0 0.7570343017578125 0.4292316287755966 1.446209445595741 0.1653933972120285 0 0.1304141283035278 0 0
1886.150159217417 4424.241785041988 324.9656202793121 1823.135265417397 2725.314054325223 251.3590751737356 0 107.2701730132103 3126.919965215027 1223.689254298806 464.1087800115347 71.32345657795668 3813.197187826037 1323.142227813601 55.98890613764524 29.73965841531754 10.74809028953314 1.199113458395004 2.507336832582951 0.422016054391861 0.6904320120811462 0.112890899181366 0.337402768433094 0.09362800419330597 0 0.378292128443718 0.3328863680362701 0.2547609210014343 1.79381001740694 0.620187059044838 261.017880782485 52.4993623867631 15.01631134748459 0.5347907841205597 0.1253701448440552 0.1998654380440712 14.11118939518929 0.1634396016597748 0.7060047462582588 0.4245608970522881 0.5764923989772797 1.001838862895966 0.7249662131071091 7.053797706961632 2.083510778844357 6.074009418487549 256.9309364408255 7.906510569155216 1.810189470648766 5.52909941226244 2.054030776023865 0.7879467159509659 0.08220334351062775 0.3383710160851479 2.886220499873161 21.46121006458998 53.8506336286664 174.303539134562 38.45927467942238 80.28442658483982 1.862663440406322 0.8338582068681717 0 211.4593038484454 13.60290098190308 0.9584871754050255 0.9389631301164627 1.153271459043026 1.947478346526623 4.430582873523235 103.2465249896049 8.648634508252144 0.1314264386892319 270.7701651155949 96.3677339553833 170.8730959519744 162.6233891248703 21.38907770067453 1.45854027569294 32.98359049856663 3.940541692078114 3.310276806354523 62.81189209222794 1.931710571050644 4.412898875772953 11.58238802477717 5.836022429168224 0.5164378359913826 2.054305464029312 0.8053516447544098 0.2410451918840408 0.9236833900213242 1.563216961920261 0.2244722619652748 0.1097886189818382 414.8953163549304 10.75927226245403 0 3.40053641051054 112.9491317942739 0.8176654800772667 2.590618208050728 4.757980078458786 4.129828184843063 1.7249855697155 2.639908939599991 40.40545701980591 1.788819052278996 12.40451115369797 32.14907693862915 2.375947788357735 18.54135421663523 51.06392637640238 24.91325518488884 19.13526182621717 1.480372354388237 0 0.09333740174770355 0.3894549906253815 0 0 0 0 0 0 0 0 0 0 0 0 0 0 0 0.4025341123342514 4.382757358253002 0 0 0 10.11447454243898 0 6.311687625944614 0.4265172258019447 0.6352693289518356 0 0 0.1932199001312256 0 0 0.2634097039699554 0 0.347182922065258 4.347783982753754 0 0 0 0.09751386195421219 0 0 0.0884372740983963 0 0.2805910408496857 0.9508331716060638 0 0 0 4.223715737462044 0.7157953083515167 0.164343386888504 0 0 0 0.1182605400681496 0 0 0 105.7999802529812 1.869427375495434 0 0 0.3937959372997284 10.40505080670118 0.4173219278454781 0.7714036405086517 0.5362090468406677 1.181390151381493 1.031297490000725 0.7769003510475159 0.217168316245079 0 0.1509880274534225 0 0 0 0 0 0 76.44694024324417 26.93113946169615 21.60286813229322 1163.296561066061 111.4086535163224 786.443924818188 197.3773564808071 829.4912573322654 182.0977491885424 17.21948680281639 232.230404637754 24.84951338171959 1.201867423951626 4.317279428243637 1.42236065864563 14.23745765537024 0.1815686076879501 1.172019049525261 1.936611458659172 13.01107250154018 0.1077656149864197
19.22207870334387 41.4341456964612 2365.169060222805 0.3677535131573677 40.28780899196863 0.4154318571090698 107.2701730132103 0 1216.422220438719 2.509190008044243 2084.71257724613 20.31493669748306 86.06489262729883 527.7742788344622 23.96452198177576 25.02041070908308 20.92338889837265 5.254341118037701 10.79378493130207 2.158199101686478 1.51397842168808 0 1.095793582499027 0.7023714482784271 0.6040413454174995 0.2215332165360451 0.1935232579708099 0.8061636909842491 1.404133155941963 0.0731799528002739 840.9514362290502 1095.226195476949 36.81395342200994 13.43060660362244 0.404720664024353 1.52460502833128 16.87682641297579 1.763495728373528 3.210127800703049 0.847207747399807 4.432004071772099 3.494698792695999 15.45531495660543 23.24530635774136 23.27157095074654 74.13882973045111 84.23265010863543 9.255430802702904 10.52623178809881 29.25678940862417 0.8305393233895302 0.1124905720353127 0.5989576131105423 1.250728890299797 0.8937875926494598 4.209486566483974 13.84841733425856 97.84736406803131 8.795429185032845 22.76281032711267 77.24411015957594 6.39506059139967 1.687129616737366 182.2730370163918 2.876738749444485 0.8377303257584572 1.852001860737801 2.351614594459534 31.51834011822939 48.16028875112534 14.92003954201937 3.150685757398605 0 80.4376929551363 45.59733944386244 53.24529138207436 148.4752362146974 165.3208804577589 529.0148780345917 1047.946393735707 202.5826683863997 679.8098701760173 15.69026163220406 0.2531882300972939 1.466451615095139 3.375733338296413 28.49756137281656 0.09726651012897491 0.3036310970783234 0.3606317639350891 0.5228875130414963 0 12.91386877000332 0.9062100797891617 0.1265925616025925 3.365338236093521 5.884863823652267 0 9.0372364372015 13.947500012815 0.1116428673267365 0 0.1910225749015808 0.2656036987900734 0 0 0.2040232494473457 0 0 0 0.162320464849472 0.1388956606388092 0 0.2012074589729309 1.076543740928173 0 0 0 0.272604763507843 0 0 0 0 0 0 0 0 0.2303381413221359 0 0 0.3477946370840073 0 0 0 0.1281489282846451 0.5393723547458649 0 0 0 1.288135901093483 0 1.207136109471321 0.6964872926473618 0.5861041024327278 0 0 0.09894026070833206 0.3446944653987885 0 0 0 0 0.8283111676573753 0 0 0 0.350590854883194 0 0 0 0 0 0.09328971803188324 0 0 0 0.2855318188667297 0.7590966075658798 0 0 0 0 0 0 0 0.5347953587770462 3.407014362514019 0.9388972967863083 0 0 0 1.426636844873428 0 0.424422025680542 0 0 0.08996417373418808 0.08584500849246979 0.3554945886135101 0 0 0 0 0.6118046045303345 0 0 0 2.67888056486845 4.247634291648865 4.341394081711769 211.4369409680367 28.55388943850994 199.9743473380804 46.64878930151463 59.4146686270833 28.79313509166241 3.512779884040356 44.78688538819551 9.483585022389889 0.2112727165222168 1.056475453078747 0.3161166459321976 0.312856987118721 0 0.09039391577243805 0.2087658494710922 3.477715685963631 0
199.5576915442944 1328.43519513309 1378.677080206573 13.56106246262789 5070.813217289746 8.320245340466499 3126.919965215027 1216.422220438719 0 76.14596445858479 5306.440202638507 40.22797318547964 907.784126073122 1253.281844474375 27.78413608670235 19.61890298128128 6.953809760510921 0.5569468215107918 1.814671844244003 0.3140560239553452 0.2222983837127686 0.1035067588090897 0.2817014902830124 0.3044367060065269 0.1569239944219589 0.485098235309124 0.3091807067394257 0.2841457575559616 0.6780671924352646 0.1267797350883484 227.5705444589257 38.6482395902276 19.73629090934992 0.738348588347435 0 0.1792267039418221 14.57596632093191 0.4230477884411812 1.971647679805756 0 0.9052152559161186 0.2919103354215622 1.190480895340443 4.21185028553009 2.813360683619976 3.137585081160069 85.0331622287631 2.986143961548805 1.396254770457745 2.230219349265099 0.5723706930875778 0.1115628555417061 0.1971940845251083 0 0.9982368052005768 6.18269120901823 11.93801635503769 61.48886565119028 8.74358869343996 22.78027726709843 1.895151451230049 0.7402231991291046 0.09403704106807709 90.37677965313196 3.956954427063465 0.4874010235071182 0.3640080466866493 0.8404718413949013 2.250273920595646 3.85539335757494 44.28949743509293 4.186088681221008 0.1114496961236 73.94267143681645 30.84794083982706 57.95972704514861 72.90447480976582 7.23811436444521 1.122939705848694 120.4642228037119 3.297796525061131 3.610892727971077 15.42141921073198 0.1063496097922325 1.54449126124382 3.463036201894283 2.905436329543591 0 0.9539583772420883 0.09943072497844696 0.1222145035862923 0.07794777303934097 1.18110703676939 0 0.1200930699706078 79.34921512752771 8.304388426244259 0.1278079301118851 4.090035423636436 37.41486427932978 0 0.2151554822921753 3.827640607953072 0.5952230989933014 0.6314041391015053 0 5.141379788517952 0.1301997303962708 2.98914796859026 5.126846507191658 0.7020894214510918 3.49880738556385 14.87835592031479 7.045097127556801 7.490085452795029 1.02353548258543 0 0.1244323551654816 0.3721608519554138 0 0 0 0 0 0.1108564287424088 0 0 0 0 0 0 0 0 0 1.151440799236298 1.515160262584686 0 0 0 3.662272728979588 0 1.237497732043266 0.6333310380578041 0 0 0 0 0 0.0973283052444458 0 0 0.1024580374360085 0.4968838095664978 0 0 0 0 0 0 0 0 0.1753767430782318 0.1069507822394371 0 0 0.1896327435970306 1.760361351072788 0.3064468428492546 0.09396427124738693 0 0 0 0 0 0 0 34.08059682697058 0.5582239925861359 0 0 0 4.491862006485462 0.2220912128686905 0.1654516160488129 0.5616209432482719 0.1639289855957031 0.4468300193548203 0.5531718507409096 0.2531116083264351 0 0 0 0 0 0 0 0 20.80006621778011 11.79766729474068 9.730264700949192 396.495091419667 37.28201230615377 279.2337999716401 76.90150710940361 152.2202601134777 54.33705300092697 6.511403173208237 84.31531334668398 8.435268826782703 0.3636952713131905 2.268130145967007 0.5538811385631561 4.186360500752926 0 0.1259448379278183 1.526814594864845 4.857637882232666 0
707.2356370538473 241.3568226620555 6.687834449112415 2412.260871917009 15.84941158443689 985.5875498577952 1223.689254298806 2.509190008044243 76.14596445858479 0 9.516748569905758 1773.273022994399 3838.311803504825 1362.176215857267 3.732642702758312 2.460779547691345 0.6279033049941063 0.1614059060811996 0 0 0 0 0 0 0 0 0 0 0 0 3.986475445330143 1.522775791585445 9.386706680059433 0 0 0 5.269435361027718 0 0.2112874686717987 0 0.0894274041056633 0 0.1064043790102005 0.2275846898555756 0.07998939603567123 0.1990813240408897 8.606529489159584 0.4085445702075958 0 0.1776560470461845 0 0.1324441134929657 0 0.1276811957359314 0.143788143992424 0.2522358968853951 6.072148650884628 4.388887509703636 0.9029041305184364 2.387211203575134 0.2150953337550163 0 0 2.6576072499156 0.2917990460991859 0.09437228739261627 0.2012278065085411 0.3806134015321732 0.229630246758461 0.1799579709768295 39.56015884876251 8.808946721255779 0.20859095454216 6.353132799267769 1.945804961025715 4.400671996176243 4.070404216647148 0.2284921109676361 0 127.9435589760542 0.2073489874601364 0.9926276281476021 1.562635026872158 0 0.2017550468444824 0.2981049865484238 0.4961297735571861 0.1172593384981155 0 0.2190627604722977 0 0 0.2068636417388916 0 0 893.1974195092916 2.695734784007072 0.1794032007455826 1.23769224435091 154.9430538192391 1.078748516738415 2.440706968307495 13.10269413888454 2.034849718213081 1.244381219148636 4.557072430849075 52.69304214417934 1.150313332676888 14.98812445998192 42.73714636266232 2.432037509977818 20.45820496231318 60.40246191620827 27.75022428482771 19.08259145915508 0.3262758329510689 0 0 0 0 0 0 0 0 0 0 0 0 0 0 0 0 0 0 0.7086332440376282 2.080453455448151 0.1379128247499466 0 0 6.108845144510269 0 2.296889275312424 0 0 0 0 0 0 0 0.1259058564901352 0 0.59236840903759 2.464005894958973 0 0 0 0 0 0 0 0 0.3931743800640106 0.3151705339550972 0 0 0.1678953766822815 2.23242300003767 0.9470010027289391 0.1097034737467766 0 0 0 0 0 0 0 86.26018523424864 0.1632810980081558 0 0 0 6.222298502922058 0.880165159702301 0 1.157625496387482 1.368987888097763 0.858382061123848 0.3035831451416016 0.4686208739876747 0 0 0 0 0 0 0 0 71.57310305535793 8.835413336753845 9.987238958477974 65.82172473520041 2.904255636036396 30.34440352767706 8.774618819355965 225.2718240916729 5.774475380778313 0.785851277410984 8.730247795581818 5.73733402043581 0 3.188675835728645 0.5912245437502861 28.73777721077204 0 0 2.318762674927711 1.329790323972702 0.3177858889102936
103.0311726406217 262.8089578002691 2848.442616887391 3.087625086307526 489.9338559731841 1.058528214693069 464.1087800115347 2084.71257724613 5306.440202638507 9.516748569905758 0 260.3725514709949 454.1088453158736 3108.847783990204 104.8477772921324 113.913044475019 48.87309709191322 6.314748667180538 7.731111064553261 2.3811139985919 1.917422562837601 0.2499541044235229 4.545272141695023 2.636930376291275 0.7214816510677338 1.169977322220802 0.2927460670471191 1.881681308150291 2.649238489568233 0 789.5127063542604 678.0654038265347 555.7798760309815 14.75434186309576 1.592804111540318 2.561885468661785 304.6801224276423 4.688557244837284 24.18128485232592 2.786294557154179 32.9589464738965 8.317246899008751 27.38577339053154 11.91951335966587 15.68769147992134 27.95199985802174 207.0424796640873 16.01062788814306 12.22485356032848 27.65479058027267 6.393298879265785 1.074011519551277 4.369573704898357 1.506279461085796 2.345285415649414 9.947446525096893 18.88826993852854 115.0706124007702 11.65040494501591 44.56127672642469 31.30482367426157 25.59214147925377 3.573273159563541 176.9337352663279 5.852797403931618 0.6583203300833702 4.697653450071812 6.113124996423721 30.37080071866512 97.91976678371429 318.0925159230828 41.01216804981232 2.363120153546333 104.5827234089375 57.11219993978739 114.587159961462 172.9554535523057 35.18019513040781 198.0036158561707 1190.037987828255 35.19286731630564 283.5539101138711 19.65981113165617 0.7442649155855179 3.428111985325813 6.857922583818436 29.78595505654812 0.482731968164444 1.695443484932184 1.673862621188164 2.061739094555378 1.921852856874466 35.46754901111126 3.551609218120575 0.8270101770758629 84.94149523228407 69.31932253390551 6.35419175028801 78.22642553597689 34.32443660497665 0.6076959073543549 0 1.11835478246212 1.151267759501934 1.892755173146725 0 4.716108374297619 0 3.099323883652687 4.897690385580063 2.043360911309719 6.13703890889883 20.39843807369471 9.277240946888924 14.88150009512901 5.638687811791897 0.4121825471520424 0.09427178651094437 1.209989599883556 0 0 0.09616600722074509 0 0 0 0 0 0.1741729825735092 0.2220700979232788 0 0.312388651072979 0 0.3423997312784195 0 0.96261166036129 4.472208596765995 0 1.323227882385254 0 21.78729093819857 0.5468466877937317 11.88354747742414 10.1474898532033 3.703564792871475 0.1272834092378616 0.1318290680646896 0.2892173826694489 0.377032458782196 0.09899339824914932 0 0 0.7557507529854774 8.317316211760044 0 0 0 0.9213426858186722 0 0 0 0 0.6094170585274696 0.9133946150541306 0 0 1.026830792427063 6.065963760018349 0.5630567669868469 0.338471919298172 0.2567084729671478 0 0 0 0.08289466053247452 0 0 87.03456436097622 12.24370814859867 0 0 0.1441740393638611 14.51030573248863 2.521667525172234 2.287866503000259 0.9520748481154442 0.8741929084062576 0.5660628527402878 1.473911121487617 0.8729371279478073 0.08941534161567688 0.1186621934175491 0.09576408565044403 0 0 0 0 0 53.63366001099348 93.02197100967169 91.16429083794355 753.5400246009231 110.4133655279875 556.5096105411649 161.6203420236707 134.9043655991554 84.07799932360649 13.14798530191183 141.1441638767719 35.51352829486132 2.179601691663265 13.11751536279917 2.18302371352911 6.081645615398884 1.382501095533371 0.4040916264057159 5.282403580844402 18.24429388344288 1.59575542062521
203.134436391294 93.89183564484119 13.43585543334484 1323.165748409927 4.839970111846924 174.1681386977434 71.32345657795668 20.31493669748306 40.22797318547964 1773.273022994399 260.3725514709949 0 2626.701384477317 1591.877559386194 17.57710125297308 14.42921322584152 2.473155654966831 0.3003590255975723 0.2585354000329971 0.115042120218277 0 0 0 0 0.1688675135374069 0.1339836418628693 0 0 0.1148245334625244 0 5.898896053433418 1.568210683763027 200.3124070093036 0.1840446144342422 0 0 157.165896743536 0.1204553246498108 0.6208197921514511 0 0.2861101478338242 0 0 1.621498145163059 0 0.3838743567466736 23.80214107036591 0.1130372956395149 0.4492207467556 0.3014027923345566 0.09462069720029831 0.3452383428812027 0 0.1879914253950119 0.08334167301654816 1.585539184510708 0.7084074169397354 2.660831183195114 0.4505043849349022 3.221982195973396 1.663307964801788 11.57830309867859 0.1110026761889458 5.492480024695396 0.3020694106817245 0 0 0.1905892193317413 0.3419580906629562 0.3438678383827209 314.0227714255452 64.13328016549349 3.458629123866558 6.007539980113506 3.226022109389305 7.337454929947853 8.446243442595005 4.279450163245201 0.5464289113879204 816.5757057219744 0.8988355025649071 44.07867100834846 1.069957621395588 0.5449140444397926 0 0.1922242268919945 0.1771473437547684 0.8260272145271301 0.1055565252900124 0.709074079990387 0.1137475520372391 0 0.3379407227039337 0.1021860018372536 0 976.1444277688861 64.06475578993559 4.367687493562698 14.15886902064085 8.989738270640373 1.644318714737892 3.761712834239006 12.87666201591492 4.98551083356142 3.55326996743679 3.483227580785751 40.44479025155306 0.8435498625040054 15.18966061621904 42.73658671230078 3.58322498947382 32.11939249932766 95.78172636777163 49.08733487129211 40.25890967994928 2.775201909244061 0.9605210870504379 0 0.4960506111383438 0 0 0 0 0 0 0 0 0.5287031307816505 0 0 0 0 0 0 3.401288598775864 8.611676283180714 0 0 0 20.91660419851542 0 9.206028051674366 0.8775132596492767 0.5496090054512024 0 0 0 0 0 0.3505986332893372 0 1.928935147821903 10.69103468209505 0 0 0 0 0 0.2614381089806557 0.1151968017220497 0.07830806821584702 1.164564616978168 0.5123638212680817 0 0.1118108481168747 0.9222542494535446 8.350929968059063 0.6386731639504433 0.3265343680977821 0.1362738162279129 0 0 0.0904424637556076 0 0 0 193.7323573380709 3.611162409186363 0 0 0 16.51383402943611 1.662451818585396 1.754840165376663 1.775491833686829 0.9273117706179619 2.492630578577518 0.9796177446842194 0.488323800265789 0.2190225049853325 0 0 0 0 0 0.3341326415538788 0 125.8006128743291 49.67392812669277 47.95034039020538 189.4591404125094 10.83611473441124 82.80645134299994 31.73963648825884 34.9357005879283 14.58572928607464 0.7517976462841034 32.93128344416618 23.98838818818331 0.6853725835680962 9.963110834360123 2.128349795937538 18.88722225278616 0.2064344137907028 0.6424114108085632 2.78943457454443 3.908886842429638 0.3600461408495903
248.7733639106154 442.5267129391432 153.7448423057795 1978.472252458334 111.3299985080957 161.0308489203453 3813.197187826037 86.06489262729883 907.784126073122 3838.311803504825 454.1088453158736 2626.701384477317 0 3358.286735527217 53.15222110599279 49.49097403883934 12.88672652095556 0.3332948461174965 0.7969243675470352 0.4349018260836601 0.6213697791099548 0.8660109341144562 0.3261525481939316 0 0.6230555176734924 0.4598083272576332 0 1.818263754248619 1.842635504901409 0 33.50361467897892 11.38502562791109 289.5714054107666 2.267290025949478 0 0.756112277507782 65.50434662401676 1.279758475720882 1.333961859345436 0.6272593066096306 1.557652957737446 2.199895031750202 1.383622042834759 4.302197426557541 1.799221120774746 6.194502010941505 82.74486462771893 2.421725511550903 1.450926162302494 2.763061359524727 1.428741753101349 0.7278485596179962 1.463028267025948 0.09113290160894394 1.21387080848217 7.602846503257751 3.220844484865665 11.26412560045719 3.753123596310616 12.8389235585928 16.28516493737698 60.01221925020218 1.677953019738197 32.48792710900307 2.928293570876122 0.5570661574602127 0.3258196860551834 1.205288104712963 1.708456724882126 4.510277107357979 354.7463477551937 132.65618404001 4.312724396586418 28.41387135535479 10.12129335105419 36.87755703181028 45.08687230944633 11.97148843854666 0.8178894445300102 999.3994423225522 3.934286810457706 226.9704710692167 7.352409295737743 0.5971528887748718 1.016772493720055 2.199535131454468 2.173940785229206 0.8666176944971085 0.5555486455559731 2.878253169357777 0.6052652597427368 0.3245441317558289 1.952623948454857 0.3000732362270355 0 884.7512488290668 131.7183235064149 8.956811875104904 42.22785466909409 11.74309289455414 2.289772376418114 5.270672500133514 11.53017887473106 3.658801145851612 4.062310457229614 2.221547767519951 35.62202178686857 0.8004389181733131 20.17611502110958 48.05359941720963 6.994503773748875 25.8518750667572 102.2123580500484 49.79645173251629 55.64593582600355 5.484476685523987 1.600943543016911 0.2078613340854645 0.1983746513724327 0.208419568836689 0 0.1483610421419144 0 0 0.1508647203445435 0 0 0.7474786043167114 0 0.1090780049562454 0.219417542219162 0 0 0 3.615948043763638 7.871232286095619 0 0 0 37.78914202749729 0.2132429480552673 13.20943834632635 5.598829828202724 0.7838718667626381 0 0 0 0.6513277962803841 0.1067970022559166 0.1652147769927979 0 1.912860088050365 13.42055047303438 0.2138428166508675 0.3631059154868126 0.1439306735992432 1.194316789507866 0 0 0.3093918487429619 0 1.601597897708416 1.925842218101025 0.1204261034727097 0 1.009715162217617 10.22723092138767 2.14134343713522 0.6499546691775322 0.08290230482816696 0 0.1712163314223289 0.1246576011180878 0 0 0 283.4063779339194 10.93528662621975 0 0.1165996566414833 0 23.18220683187246 3.348259843885899 3.198396153748035 2.771523624658585 1.882657453417778 4.201824657618999 1.530773684382439 0.5871203392744064 0.1060579493641853 0 0 0 0 0 0 0 187.5801202580333 121.0436883345246 101.733996771276 529.3433634489775 59.17343327403069 286.3507005870342 99.97888518869877 89.48594366014004 44.33713637292385 5.249985590577126 80.59207259118557 33.71348486840725 2.634239472448826 17.48277926445007 4.009628862142563 21.80429327487946 1.24580629914999 0.9694643542170525 6.482201315462589 12.35066957771778 1.081720568239689
31.39200957119465 206.2187824100256 586.074148863554 365.9013817384839 114.1165853217244 32.99506215751171 1323.142227813601 527.7742788344622 1253.281844474375 1362.176215857267 3108.847783990204 1591.877559386194 3358.286735527217 0 67.92362014204264 61.02681214362383 24.94349188357592 2.136713564395905 3.953927636146545 0.8805326223373413 0.4919106364250183 0.1438917070627213 2.304790839552879 0 0.4323208332061768 0.8402912318706512 0 0.971261590719223 1.950663447380066 0.09107396751642227 138.4834010899067 49.61014448851347 3206.476697184145 4.176019132137299 0.3303807973861694 2.233109176158905 2320.27224098146 6.339658193290234 10.91650614142418 2.142611213028431 12.30310898274183 5.173679627478123 5.400118559598923 11.31164538860321 3.875926032662392 7.915816076099873 128.2760400995612 5.269551999866962 4.465114302933216 7.284023016691208 2.941685140132904 0.4202906936407089 1.835693992674351 0.1161649599671364 0.9180752038955688 5.013619214296341 5.497396148741245 25.36305531859398 4.316120356321335 19.5527017340064 7.523674339056015 194.1050062477589 2.232824377715588 55.84967897087336 2.706278525292873 0.2653359621763229 1.412231057882309 1.390245869755745 9.197772122919559 26.51568605005741 886.1821042969823 68.39861395210028 2.483643673360348 37.48890566080809 20.69485817849636 52.31208168715239 76.27229093760252 16.85590973496437 8.423967227339745 2494.070184506476 4.558542907238007 248.9917958006263 10.63028272986412 0.3574303910136223 1.238941490650177 2.604478776454926 6.484982490539551 0.2973285689949989 1.009923860430717 1.923440463840961 0.6485958397388458 0.3900549113750458 12.71198155730963 3.520627349615097 1.020575448870659 779.0397960916162 88.4365246668458 6.210706979036331 56.57802157849073 7.560515612363815 2.689300864934921 5.569197162985802 7.453973844647408 3.031003758311272 2.710958905518055 3.500471606850624 38.61682849377394 1.411522939801216 17.90375572443008 39.84692481905222 6.743440918624401 29.36532998085022 86.51574821025133 49.18178464472294 48.14301206916571 5.46066827327013 1.734170004725456 0.3883314579725266 1.664788469672203 0 0 0.2127550542354584 0 0 0 0 0 0 0.2270800322294235 0.1321470141410828 0.362987145781517 0.306883305311203 0.145831435918808 0 5.526171311736107 12.36842277646065 0 0.1912263631820679 0 38.7647372931242 0.4572428464889526 20.70697049051523 13.53378459066153 2.203748539090157 0.1263637244701385 0 0.3527226746082306 0 0.09884393215179443 0.5407510548830032 0.1113914251327515 1.457604728639126 13.78759963065386 0.1122614815831184 0.1030184328556061 0 0.2735427469015121 0.1285498291254044 0 0.09245128929615021 0 0.7287799492478371 1.367081440985203 0 0.1067126765847206 2.386444926261902 11.76719224452972 2.387507691979408 0.5832016319036484 0 0 0.08468154817819595 0.1162749826908112 0 0 0.107463650405407 251.7609635666013 13.50061989575624 0 0 0 26.94665259122849 3.562161184847355 2.687132120132446 3.537633277475834 2.884136974811554 2.419052049517632 0.5673387348651886 2.016579315066338 0 0 0 0 0 0.08897139877080917 0 0 157.3070395216346 123.0426206961274 122.326366558671 795.4366217888892 67.11327043175697 449.4203105531633 151.5557986646891 84.23464559018612 57.1466368585825 7.384186558425426 133.108367793262 56.50663338601589 2.246932998299599 23.54817952215672 3.823153302073479 25.16394589841366 1.294739738106728 0.6458801180124283 9.519070036709309 14.68048003315926 1.009966492652893
