0 2348.241378732026 825.3952812701464 2108.199390396476 141.1169941350818 166.0066827386618 1916.986394971609 322.8423490524292 83.73752269148827 1968.001557268202 500.4688968360424 76.54855510592461 479.7183601185679 182.3719074577093 0.5561338365077972 0.1451697647571564 0.128161832690239 0.5089364498853683 0.1368472427129745 0.4766900092363358 0 0 0.09667157381772995 0 5.971299931406975 0.2897160649299622 0 0.4897253662347794 0 0 1224.91316922754 20.37480138242245 13.14089351892471 0 0 0.4263324216008186 18.12296494841576 5.075684629380703 0.2779297381639481 1.852617882192135 3.538511171936989 3.366218134760857 0.737424373626709 0.1846092492341995 0 0 7.690407320857048 2.357538565993309 0 0.9735651761293411 1.451222114264965 0.8562058508396149 0 0.4031277447938919 11.72673772275448 22.8246515840292 268.999195985496 969.1918362751603 45.04603188484907 8.202729292213917 0.7494182288646698 4.593100070953369 0.4752088487148285 18.87181611359119 7.302947573363781 2.481050759553909 3.661153800785542 4.5260339230299 2.99511831253767 7.10163352638483 17.55842766165733 1.125581040978432 0.3392287790775299 186.3062587827444 41.65151898562908 3.798751145601273 4.458255842328072 1.697640970349312 27.02684824168682 163.3147042840719 0.3476389497518539 24.91723357141018 22.22887782752514 2.208105072379112 2.175675146281719 6.418859824538231 0.7763663530349731 0.4767663180828094 1.661703437566757 0 0.557495191693306 0.2087056040763855 11.12847555428743 5.136028811335564 2.433448970317841 138.9180922359228 4.522627025842667 0.9532788693904877 0.4140022844076157 1089.279783859849 1.36897648870945 0 8.143376961350441 0.9237599074840546 1.720493793487549 14.41524203121662 3.728356927633286 2.574092283844948 111.6678980141878 13.16925114393234 2.557106882333755 14.59215922653675 29.6417745500803 10.27491784095764 7.176143825054169 0.5625129342079163 0.1859198063611984 0 0 0 0 0 0 0 0 0 0 0 0 0 0 0 0 0 1.500562414526939 0 0 0 0 3.546211570501328 0 0.5123048722743988 0.4655381441116333 0 0.163141205906868 0.1923902481794357 0 0 0 0 0 0.8924232870340347 1.090662926435471 0.1500095576047897 0 0.4881929308176041 0 0 0 1.0103999376297 0.1013123467564583 0 1.815374195575714 0 0 0.6962693929672241 6.032984435558319 0 0.8096990287303925 0.4403174370527267 0.1279618591070175 0 0 0 0 0 24.95620265603065 0 0 0 0.175876185297966 0.9338652491569519 0.270843118429184 0.8810830116271973 2.003228589892387 0.5015257000923157 0 0.1644905060529709 0.5855105668306351 0 0 0 0 0.1312493979930878 0 0.3364591598510742 0 19.03375677764416 2.792026281356812 2.497584968805313 13.76085349172354 7.960433408617973 103.3760197907686 31.31219034641981 840.3095759749413 45.83961867541075 4.270511001348495 6.739921987056732 3.33137072622776 2.189876094460487 11.61345295608044 0.462505966424942 5.797039523720741 0 0 5.210297673940659 0.2085801810026169 0
2348.241378732026 0 1948.744734086096 250.8880609348416 1714.550330370665 303.5704880803823 6065.984679013491 1013.710786879063 1103.285172432661 574.5072854086757 2752.466994382441 54.49660675227642 1052.051385976374 638.6532998010516 1.675386562943459 0.128079354763031 0.9518579244613647 0.2528833523392677 0 0 0.2351855486631393 0 0.199859693646431 0.4327045679092407 4.14667609333992 1.2026227414608 0 1.309880681335926 0 0.3531281426548958 1760.137371122837 49.59537010639906 19.29745254665613 0 0 2.518042840063572 20.92672810703516 6.325491867959499 0.7379836961627007 1.940024524927139 3.094978347420692 2.384444981813431 0.4730947017669678 0.585110642015934 0 0 68.23985656350851 7.755023367702961 0.3494222387671471 0.5962866470217705 6.048982173204422 0.5634091198444366 0 0.2860374003648758 30.30755361169577 60.03423614799976 101.4897275045514 655.6100730895996 42.72634200006723 39.97099783271551 0 5.745301552116871 0 157.9962603226304 26.11571149528027 12.79195611178875 6.862263672053814 8.130713105201721 3.382061436772346 3.208527445793152 6.323378890752792 1.06516457349062 0.51124507188797 264.0081760957837 107.4084382876754 40.19212147593498 31.93115935474634 2.184257708489895 65.51413132995367 242.6392812505364 0.7449997216463089 28.44442638754845 59.659483268857 3.159851752221584 12.96342004835606 20.60745590925217 3.329260602593422 0.09322051703929901 7.506539322435856 0.1930898949503899 2.766424894332886 0.9216119274497032 5.106049902737141 7.208072580397129 4.253213219344616 90.20024579018354 2.922690495848656 0 0.3674262464046478 797.5655819699168 1.789205268025398 1.341358304023743 1.924788251519203 1.668507486581802 0.7895939350128174 21.0957895219326 2.304104089736938 4.883963108062744 86.49639983475208 7.033308148384094 0.8276104927062988 5.66260439157486 22.39748746156693 6.700386896729469 3.040728315711021 0.1512869000434875 0 0 0 0 0 0 0 0 0 0 0 0 1.204670786857605 0 0 0 0 0 1.131559535861015 0.33978371322155 0 0 0 4.8455660790205 0 0.5401368290185928 0.332226037979126 0 0 0 0 0 0 0 0 0 1.463359177112579 0 0.1862464249134064 0 0.1494348794221878 0.1181821674108505 0 0 0 0.2598643600940704 1.630707055330276 0 0 0 1.25993549823761 0 0 0 0 0 0 0.2291497588157654 0 0 13.61712038516998 0.2370122969150543 0 0 0 1.424922496080399 0.3004529476165771 0 0 1.316449403762817 0.3379579186439514 0.2794114947319031 0.5911742448806763 0 0 0.42185378074646 0 0.5103039741516113 0.1148277446627617 0 0 9.879718080163002 0.8968120217323303 0.6663692593574524 115.7276675403118 27.31302464753389 461.5734597966075 61.89727706462145 549.6676835268736 76.6864755153656 13.43348070979118 58.11612445116043 3.162122756242752 1.426222622394562 5.759748414158821 0.2235700786113739 2.610518425703049 0.3114292621612549 0.177929162979126 1.042183861136436 0.9779288098216057 0
825.3952812701464 1948.744734086096 0 12.11577016115189 1219.546508461237 149.5972435176373 507.7387360036373 4422.570538900793 1200.890807367861 130.0675723478198 4957.204207316041 32.53653568029404 604.0573904812336 768.1046312451363 1.87338475883007 0.4984122663736343 0.4283295869827271 3.391007572412491 0 2.40993520617485 2.427693255245686 0 0 0.6309951543807983 22.15386263281107 4.376802891492844 0 3.867041781544685 0 0 2920.670942127705 827.4403971731663 60.74917112290859 0 0 11.12484342604876 77.18500846624374 34.51241654902697 5.825002573430538 8.990448303520679 15.53172869980335 12.70529159158468 1.713569641113281 0.6830289959907532 0 0.2692389190196991 10.82274842262268 0.9644793570041656 0.7215605676174164 5.212714076042175 5.090149909257889 3.982241988182068 0 0.4010521769523621 3.449034593999386 4.103070378303528 24.68829470127821 343.9339105859399 5.088245518505573 3.139318600296974 0.4601213485002518 23.79993698000908 0.80857814848423 200.7116426378489 1.77182849496603 1.620864234864712 3.651544623076916 6.563608512282372 13.3228278234601 27.54363678395748 43.10077823698521 1.55274011194706 0.5384029150009155 35.0522176027298 17.01427449285984 6.568875342607498 12.90779139101505 11.40824814885855 435.2677365243435 855.6252292096615 4.541471183300018 199.1715868264437 6.067282363772392 0.1586784422397614 1.045342333614826 2.492671728134155 2.631227359175682 0.2441157251596451 5.67068225890398 0 3.033185310661793 3.754446879029274 39.67776925861835 26.16969372332096 11.91853035241365 79.28702887892723 5.423029512166977 0 1.825751408934593 214.5473450571299 0 0.309810996055603 1.563512608408928 0.7325527667999268 1.888379007577896 5.219005227088928 0.5070328712463379 2.261915385723114 1.656213283538818 3.836700111627579 0.3033427596092224 5.967866793274879 22.25634080171585 5.68504074215889 3.06865981221199 0.1799336969852448 0 0 0 0 0 0 0 0 0.1670491099357605 0.5129131078720093 0 0 0.235950767993927 0 0.273777037858963 0 0 0 1.663372188806534 0 0 0 0 2.931921124458313 0 0.4478504508733749 0 0 0.2435214072465897 0 0 0 0.194145530462265 0 0 0 2.434492036700249 0.1523352414369583 0 0.2302714288234711 0 0.8405859023332596 0 0 0.1262239068746567 0 0.6795311570167542 0 0 0.12278201431036 1.244950771331787 0 0 0.1926884949207306 0 0 0 0 0 0.1384562849998474 10.6070960611105 0 0 0 0.4965243190526962 0.5356971919536591 1.253259092569351 0.7436853051185608 0.6195521801710129 0.4514957219362259 0.6907678246498108 0.2965533137321472 0.3098783195018768 0 0 0 0 0.3696828186511993 0.3826833814382553 0 0 10.90800462663174 1.635885685682297 0.3059139251708984 49.84344813227654 7.851988270878792 78.06023977696896 11.72806943953037 184.2974902540445 13.2941060885787 1.905359297990799 16.4448476433754 1.736983463168144 0.2819233983755112 3.294201955199242 0 4.336956530809402 0 0 2.594389945268631 1.088938921689987 0
2108.199390396476 250.8880609348416 12.11577016115189 0 87.3952864408493 381.6595856696367 662.0322893187404 3.947820454835892 50.66357289254665 3113.999673001468 11.43668931722641 257.0941849350929 890.1375865712762 40.38836795091629 0.3652630150318146 0 0.1828456968069077 0 0 0 0 0 0 0.143663302063942 0 0 0 0 0 0 35.06439585983753 0.7495370358228683 4.567887544631958 0 0 0 1.60504113137722 0.1582694053649902 0 0.3121058493852615 0 0 0 0 0 0 9.765658348798752 3.37915600836277 0 0.2201874256134033 0.5383210554718971 0 0 0.1886210739612579 10.46871137619019 20.60528861731291 92.09067414700985 370.1300297752023 25.23237162828445 7.258770570158958 0 0.5361578464508057 0 10.16426308453083 10.15520012378693 2.656387157738209 1.424327805638313 1.837477497756481 0.09365550428628922 0.121819905936718 0 1.925756216049194 0.2940022945404053 139.906754732132 21.94163759052753 7.619326293468475 5.148138716816902 0.8554926365613937 0.2336457222700119 3.574340417981148 0 0.7599729150533676 16.46882700920105 0.7196015119552612 2.655676446855068 5.363806858658791 0.7786823287606239 0.1427780389785767 1.645595751702785 0 0.1211743578314781 0.6825036928057671 0.1470699161291122 0.2602511569857597 0 137.4453195929527 0 0 0 645.9788794517517 2.888733610510826 0 7.917049765586853 1.364664196968079 3.118525877594948 16.51180899143219 9.568393722176552 10.99844327569008 64.40571768581867 24.14463546872139 3.552746996283531 19.06588585674763 62.47623547911644 32.67663502693176 13.29390795528889 0.3405223786830902 0 0 0 0 0 0 0 0 0 0 0 0.5570040941238403 0 0 0 0 0 0 4.911616966128349 1.325146853923798 0 0 0 5.878364264965057 0 2.777149960398674 0.2812028527259827 0 0 0 0 0 0 0 0 2.282459795475006 4.53865572810173 0.2321825474500656 0 0 0 0 0 0.9435677826404572 0.1325256824493408 0 4.719327554106712 0 0.9619564414024353 0.8517831563949585 3.513366833329201 1.272825583815575 0.646184504032135 0.12205471098423 0 0 0.2684911489486694 0 0 0 38.16146396100521 0.1774450689554214 0 0 0.3972283601760864 2.318608149886131 1.366842448711395 0.5213638544082642 2.185868322849274 3.108139783143997 3.49072539806366 3.217305809259415 0.6227806806564331 1.073982149362564 0 0.1167690455913544 0 0 0 0.3227277398109436 0 31.57829622924328 6.343211784958839 1.357667848467827 29.60364313423634 9.279942125082016 132.7215736061335 27.47148439288139 517.948583111167 41.79948228597641 3.808404743671417 23.39025329053402 7.321461126208305 0.4175381362438202 16.9677761644125 0.7196436524391174 13.57539568841457 0 0 4.851680964231491 0 0
141.1169941350818 1714.550330370665 1219.546508461237 87.3952864408493 0 20.70619012415409 2745.152365960181 239.2199960052967 4182.679418921471 388.9638068303466 2088.285081572831 48.88512057811022 1140.329038031399 178.3294153809547 6.821124836802483 0.888446182012558 0.3038167953491211 0.7380184382200241 0 0 0.1391457468271255 0 0.1041967570781708 0.3693661987781525 0.8132176622748375 1.420097202062607 0.2236686274409294 0.4644708186388016 0.4453268498182297 0.4305498823523521 292.5926073417068 69.02513715624809 1.060768663883209 0 0 0.1420397311449051 0.7431057319045067 0.2821687534451485 0.2437567636370659 0 0.09524364769458771 1.384010620415211 0.2892710939049721 0.5186513364315033 0 0 109.8581673800945 5.616510801017284 0.3592625334858894 0.4720811992883682 4.139153346419334 0.30816550552845 0.2053124308586121 1.028182119131088 16.91243111342192 40.22021287679672 28.85568610578775 158.9819957464933 29.77481094002724 32.13713829964399 0.7269464880228043 1.284263886511326 0 169.5622009187937 17.25553357601166 10.07561725378036 4.273833446204662 6.115140028297901 2.24339859187603 1.349289864301682 0 0.4405975043773651 0 130.6889798566699 54.18690848350525 73.33123019337654 96.86915647238493 3.203494817018509 1.579092301428318 3.10455647110939 0 2.068370275199413 33.00787433236837 1.396511040627956 8.049551717936993 15.56584569066763 1.323815040290356 0 8.751013785600662 0.3592056185007095 2.464756950736046 1.573353193700314 2.108220599591732 3.366760201752186 4.332620486617088 42.77860994637012 0.1710075736045837 0 0.8514275550842285 47.83684283494949 5.899775981903076 1.522184997797012 17.55705220997334 2.225104555487633 6.125332146883011 31.3799445182085 2.944442629814148 16.15302282571793 17.6344141960144 27.61817893385887 6.404814824461937 30.09859132766724 109.4931224882603 36.58563348650932 19.13083933293819 1.297569707036018 0 0 0 0 0 0.1448224186897278 0 0 0 0.2048755884170532 0 0 0 0 0.3111147284507751 0 0 0 6.724379882216454 1.740376636385918 0 0 0 8.972024574875832 0.6004219204187393 3.030240163207054 1.224827006459236 0.147307813167572 0 0.2292572855949402 0 0.6834081709384918 0 0.2618635594844818 0 2.428347915410995 8.186156257987022 0.6968253552913666 1.37587907910347 0 0 0 0.255994439125061 0.2067067325115204 0.2287169322371483 1.796384274959564 3.819057077169418 0.377069354057312 0.7444475591182709 0.4735911041498184 14.40656164288521 2.372764766216278 1.160767287015915 0.3536293208599091 0 0.4535602182149887 0.4113330245018005 0 0.2657427191734314 0 70.34357748925686 0 0.21612948179245 0 0.2788903117179871 3.756304159760475 2.214481249451637 1.855650171637535 3.747435107827187 3.776529029011726 2.738983817398548 1.203032329678535 1.8925451785326 0.2459436357021332 0 0.1205729767680168 0 0.1133481189608574 0.2100055515766144 0 0 52.22409488260746 12.70410306751728 2.712670907378197 331.2726424187422 81.16493973135948 592.331176429987 105.8424909561872 135.2613742351532 117.7626087516546 13.77977088838816 206.0655427351594 20.7102063447237 2.974937781691551 19.45988865941763 3.482990503311157 15.85504323244095 1.515930742025375 0 9.109410904347897 3.722805589437485 0.957895964384079
166.0066827386618 303.5704880803823 149.5972435176373 381.6595856696367 20.70619012415409 0 220.4939927309752 14.25608652830124 11.93267399072647 897.6835183352232 12.45173323154449 134.7914909869432 157.8837978392839 19.33822184801102 0.2795650810003281 0.4558692574501038 0.1619411408901215 0.1512649208307266 0 0 0 0.7477419227361679 0 0 0 0 0 0 0 0 186.8017976209521 1.056475207209587 25.37160769104958 0 0 0 36.60987178981304 0 1.827509805560112 0 0 0 0 0.1610003411769867 0 0 2.160075470805168 0.2139281332492828 0 0.1683808863162994 0 21.09019587934017 1.269418582320213 0 0 2.956223540008068 284.1154628843069 26.09419047087431 10.96666668355465 0.3743171393871307 2.26040218770504 6.405177608132362 0 1.078044831752777 0 0 0.1165793016552925 0 0 0.5423215851187706 146.2012576460838 48.71159370243549 18.83552451431751 3.561912454664707 0.3655060678720474 0.4209445491433144 2.284667119383812 1.362447485327721 1.938132405281067 12.23884670436382 2.57981076836586 9.230658456683159 0.576183408498764 8.583731710910797 0.1158623099327087 1.493461906909943 0 10.91084150969982 3.16612146794796 33.32956950366497 0 1.001947909593582 0 0 0 335.5153825730085 61.41754098236561 19.54912757873535 14.09621651470661 385.609133630991 1.269264712929726 0 4.919444769620895 1.514813959598541 0.5788512229919434 11.04758641123772 1.768065333366394 5.994604527950287 11.36437292397022 7.152729988098145 0.515616774559021 8.243819877505302 30.24713273346424 7.961866468191147 2.400650799274445 0 0.4871833920478821 0 0 0 0 0 0 0.2243954092264175 0 0 0 0 0 0 0 0 0.6088032722473145 0 0.7947247326374054 0.4262501299381256 0 0 0 1.512126877903938 0 1.707314640283585 0 0.3006555438041687 0 0 0 0.4360828995704651 0 0 0 0 2.782049387693405 0 0 0 0 0.3503268361091614 0.2548661828041077 0.7629156708717346 0.3818577826023102 0 0 0 0 0 3.551634281873703 0 0.3134445250034332 0 0 0 0 0 0 0 17.18301311135292 0 0 0 0.1342765390872955 2.397229820489883 0.9334018528461456 1.228859066963196 0.4523473381996155 1.926839083433151 1.773863404989243 1.875118464231491 0.7406314611434937 0 0.4185219407081604 0.214905247092247 0 0.8265848904848099 0 0 0 11.26117408275604 0.4462188482284546 2.458390906453133 7.187828093767166 2.654991053044796 9.391944281756878 1.653215624392033 236.8932094946504 1.990278750658035 1.180547565221786 3.936359211802483 4.335570797324181 0.3842547088861465 2.103722259402275 0.4972340911626816 4.874562442302704 0 0 0 0 0
1916.986394971609 6065.984679013491 507.7387360036373 662.0322893187404 2745.152365960181 220.4939927309752 0 105.2777473703027 2987.360913947225 1161.318490177393 1560.405191339552 134.3914231956005 4699.686619669199 1819.726077973843 11.95925565063953 1.471435353159904 1.518436633050442 0.749718189239502 0 0.4109183847904205 0.77838534116745 0 1.017114453017712 0.7908571437001228 0.476278156042099 1.232706062495708 0.3164090737700462 1.255405321717262 0.9973864108324051 0.154635563492775 516.5454205274582 71.97682306170464 6.841428622603416 0 0.1260785609483719 0 2.653950341045856 1.23756592720747 0.6116390526294708 0.8811288625001907 1.298176564276218 2.740553498268127 0.3610138520598412 0.4414046481251717 0 0 232.5011414811015 18.80486422777176 1.424723707139492 0.8873847872018814 10.67814751714468 0.6360379755496979 0 1.098006173968315 63.43030114471912 137.9784398749471 131.3190476819873 677.1889533400536 100.2965506911278 85.77899316698313 0.8660827204585075 2.329398654401302 0 378.918509863317 60.27565239369869 29.61747838556767 16.04438725113869 20.83592511713505 4.476124279201031 7.05837070196867 1.716638520359993 0.911946140229702 0.6172309815883636 531.6828833818436 194.7750697880983 137.1996975764632 147.323906712234 6.723034135997295 4.52765891700983 14.88030672818422 0.7501446902751923 6.322322316467762 127.1053108274937 5.666983939707279 27.90370623767376 42.98370323330164 7.14726197719574 0.4082481786608696 19.22786250710487 0.6651147603988647 7.527208961546421 4.393779575824738 5.617366723716259 4.783121436834335 4.743673890829086 135.6428706124425 0.547745369374752 0 0.454870268702507 247.0797206014395 7.612173832952976 0.787786066532135 27.68594709038734 9.955856874585152 13.2236475199461 57.18379053473473 17.81506063044071 29.89298781752586 33.7751566618681 47.74804826080799 15.43244856595993 60.21618531644344 191.0787318199873 59.2957109361887 32.60010212659836 1.403441920876503 0.8731978684663773 0 0 0 0 0 0 0 0 0 0 0 0.4095423668622971 0 0 0 0 0 8.853389911353588 2.435097061097622 0 0 0 16.22431048750877 0.4929828494787216 5.809291884303093 0.6909613758325577 0.4176357835531235 0.217375248670578 0 0.1557396054267883 0.2122060507535934 0.1536440700292587 0 0 5.070718668401241 9.369099907577038 0.9135544300079346 1.58291283249855 0 0 0.3605934828519821 0.2786596417427063 2.094399519264698 0.2271077334880829 2.298951052129269 7.34694766998291 0.6561929062008858 0 0.655974268913269 14.70900090038776 1.205074787139893 0.6927198320627213 0.6676110774278641 0 0.5539228543639183 0.1521824598312378 0.5775510668754578 0.1587387025356293 0.1702070981264114 115.4221139997244 0 0.1889047175645828 0.1040255203843117 0.3076188266277313 2.232511579990387 1.662515193223953 1.934271097183228 5.996800474822521 4.293243005871773 7.948079191148281 4.407452329993248 4.31786322593689 0.1422114968299866 0.168618805706501 0.2621797919273376 0 0.2288135811686516 0.1354901045560837 0.5992027893662453 1.217680901288986 97.66962684690952 18.14311595261097 4.849063858389854 562.3312645852566 140.6804534569383 1475.170111864805 218.5449242666364 526.3558413460851 250.638529703021 35.13688398897648 317.6513178870082 37.91411889344454 3.545207172632217 29.51146353781223 4.228371754288673 19.4427691847086 5.005167752504349 0 15.96454986929893 7.196740552783012 0.3351935148239136
322.8423490524292 1013.710786879063 4422.570538900793 3.947820454835892 239.2199960052967 14.25608652830124 105.2777473703027 0 675.470512881875 33.51887463033199 2680.986952334642 35.0019087344408 554.6693538501859 804.2396399006248 3.050996840000153 1.092608995735645 0.3321597427129745 3.92365650832653 0 4.42868784070015 4.204559162259102 0.5049133896827698 0.8833649158477783 0.8369374573230743 43.6800275593996 9.295079588890076 0.7738439440727234 6.062170252203941 1.057168126106262 0.2371854111552238 3850.035636544228 2454.013033404946 98.97664493322372 1.097073644399643 2.925734519958496 30.22227448225021 113.1721584498882 60.07362771779299 7.655199334025383 16.9387461990118 35.05314137786627 27.09582921862602 1.54644350707531 1.45450060069561 0.1802304536104202 0.6153680235147476 38.31396271288395 2.136461891233921 0.7877836674451828 6.565304338932037 10.39857117831707 4.085105091333389 0.5533000826835632 2.888127945363522 5.950907789170742 12.607093565166 28.13501341640949 279.8869338855147 10.54926703125238 13.65142039209604 6.738108351826668 49.94113808870316 7.469808548688889 324.9528480023146 4.495661333203316 4.654938369989395 8.306844241917133 12.67155119776726 12.43598482012749 55.84131809324026 70.1517121642828 4.246673390269279 0 58.62358164042234 40.20297286659479 23.2227429151535 79.78642571717501 116.855873093009 414.4143390730023 997.9962753355503 21.68812492489815 845.0862306654453 14.20438812673092 0.219307966530323 3.735323660075665 5.549387253820896 3.772673971951008 0.1161718964576721 4.857246443629265 0 4.894157998263836 2.221671909093857 55.27097820490599 30.46757975965738 16.77796578407288 69.6641034334898 13.13374654948711 0 3.913492679595947 122.1256476640701 0.5144340246915817 1.136955857276917 1.223778396844864 0 0.1985377073287964 3.678286492824554 0.7343734502792358 0.7744928747415543 0.8173892498016357 0.9411993324756622 2.350743904709816 4.87162671983242 16.06172356009483 4.115388438105583 3.270021691918373 0.1374873071908951 0 0 0 0.2541962563991547 0 0 0 0 0.2099606841802597 0.7864105552434921 0 0 0 0 0 0 0 0 1.250273138284683 0.3760889172554016 0 0 0 2.76750074326992 0 0.3294431120157242 0 0.2442483976483345 0.1891444027423859 0 0 0 0 0.2120542675256729 0 1.082471042871475 1.512199185788631 0 0.2642044723033905 1.530439764261246 0 1.093087360262871 0.1658410876989365 0 0.3275265991687775 0 0 0 0.1963366121053696 0.1589566916227341 1.870282471179962 0 1.93207386136055 0.1085596829652786 0.1142610609531403 0 0 0 0 0 11.38863305747509 0 0 0.5371133089065552 0.5666067749261856 0.1723356544971466 0 1.991834804415703 0.385491281747818 0.8676124066114426 2.233355060219765 0.1691803932189941 1.257689654827118 0 0 0 0 0.1589287370443344 0.4829566925764084 0.2004836946725845 0.3359027206897736 7.567024320363998 2.576964765787125 1.091792419552803 83.37353571504354 14.97180067002773 193.3361853212118 31.99842444062233 80.94844553619623 25.07278673350811 2.343685083091259 47.23566527664661 2.149525880813599 0 6.36802177131176 1.390994161367416 4.186099261045456 0 0 3.129023432731628 1.458745047450066 0
83.73752269148827 1103.285172432661 1200.890807367861 50.66357289254665 4182.679418921471 11.93267399072647 2987.360913947225 675.470512881875 0 243.9189816936851 3276.660715654492 39.62776240706444 2127.936776824296 823.2782976478338 11.07037160545588 3.402967214584351 0.415276400744915 0.2851568758487701 0 0.492075651884079 0.2833791300654411 0 0.1017508283257484 0 0.2967674508690834 1.120169542729855 0 0.3949518799781799 0.4548770636320114 0.9327966123819351 167.8024142086506 32.10937078297138 7.180645808577538 0 0 0.3038704693317413 6.902474731206894 0.8448803946375847 0.3943512290716171 0.3729063868522644 0.2577566802501678 0.9449285119771957 0 0.1294598877429962 0 0 128.2709257900715 3.736859887838364 0 0.7590197026729584 2.888342194259167 0.4591095894575119 0.1970382481813431 0.4730746299028397 8.77932370454073 24.32579769194126 19.3669673204422 73.48896149545908 22.71287585049868 27.96874706447124 0.512728363275528 0.6229113414883614 0 91.16869280487299 9.80626817792654 5.89401464164257 1.761021226644516 3.587737262248993 0.9886424168944359 0.693145640194416 3.488027393817902 0.378187358379364 0.4108937829732895 78.5274670869112 32.89364828169346 69.31724658608437 100.7102613598108 4.614858403801918 2.842816755175591 2.481753580272198 0.2458784431219101 0.7810328379273415 16.21286776661873 0.6740972399711609 4.890524081885815 7.82291653752327 1.359026081860065 0.0906539186835289 4.351532027125359 0.6224455088376999 1.187096886336803 0.7322095483541489 1.637253828346729 1.636237233877182 3.525103077292442 67.55983911454678 0.1408454924821854 0 0.1376303732395172 20.55356629192829 7.402727924287319 0.5018935650587082 10.42353138327599 7.64140373468399 4.720694109797478 33.44783438742161 6.291766151785851 13.38453014194965 19.02523262798786 26.78706136345863 6.983018144965172 39.11458887159824 124.3311020731926 40.76683403551579 23.90028995275497 0.1398847997188568 0.9007093161344528 0 0 0 0 0 0 0 0 0.3790229856967926 0 0.1427449584007263 0.3229972720146179 0 0 0 0 0 7.244892634451389 1.544954776763916 0 0 0 10.2537487000227 0 2.504330933094025 0.3242888748645782 0 0 0.3038477599620819 0 0 0 0 0 1.686890602111816 5.752689883112907 0.4447667077183723 2.01803270727396 0.1969485431909561 0.3601205945014954 0 0.2106731384992599 0.6873471736907959 0.3182857632637024 1.295051515102386 3.852023601531982 1.3306565284729 0 1.082734078168869 13.3235429674387 1.19503265619278 2.158650413155556 1.678633876144886 0.1086084395647049 0.1099753677845001 0.1631257981061935 0.1378527730703354 0 0.6356300860643387 75.63462822139263 0.1628778874874115 0 0 0.6959411203861237 3.681019425392151 2.033003970980644 1.456513047218323 3.503891192376614 2.539913982152939 7.702248424291611 2.230497360229492 3.799445033073425 1.129460737109184 0 0.09797883778810501 0 0.203228272497654 0 0 0.1247654110193253 48.95388166606426 10.84171073138714 3.443723924458027 370.4742237627506 75.10405995696783 576.2303901910782 116.1941336020827 97.68372675031424 109.0876262038946 20.14895229041576 271.2527333274484 23.24442507326603 0.1627662032842636 20.23027089238167 2.172472544014454 15.74609343707561 4.157634720206261 0.3977469503879547 11.73510339856148 4.670483097434044 0.7509402632713318
1968.001557268202 574.5072854086757 130.0675723478198 3113.999673001468 388.9638068303466 897.6835183352232 1161.318490177393 33.51887463033199 243.9189816936851 0 97.50653506815434 2285.000177159905 9920.271579824388 238.3384899348021 1.134823769330978 0.2235779911279678 0.5647735893726349 0.3372757136821747 0 0.1772179454565048 0 0 0.1327299773693085 0.4291846826672554 0.2353175729513168 0 0 0.221046045422554 0.5531348139047623 0.2407505586743355 65.36651953309774 6.563100382685661 52.10062529146671 0 0 0.1069401800632477 97.13731878995895 0.5159803330898285 0.1591149270534515 0.3048800528049469 0.2711236551403999 0.4519055932760239 0.199810191988945 0.1123600453138351 0 0 57.71680799126625 6.603173598647118 0 0.09935858100652695 2.564475022256374 2.083187937736511 0 0.273957684636116 25.35910474509001 48.34994639456272 103.3545056059957 292.6097427085042 37.96542381495237 19.01108437031507 0.2602326571941376 0.8242628574371338 0.1026803776621819 50.60053943097591 17.10322794318199 9.08575339615345 3.196972779929638 6.213106386363506 0.6160906627774239 1.039047002792358 19.32212778925896 8.702897489070892 0 203.0711303725839 43.99333497881889 24.98125500231981 20.85372214764357 1.480308845639229 0.7021977379918098 2.592720076441765 0.3723420798778534 1.292358592152596 41.09577437490225 1.607551321387291 7.914633743464947 11.21425752341747 2.153263904154301 0 4.120750293135643 0.7057570740580559 1.765840999782085 0.5167656317353249 1.363368809223175 0.6257255226373672 2.248139292001724 739.41068123281 10.1770127415657 0.2924143373966217 2.341754257678986 707.1831741482019 13.69378576427698 3.09049990773201 34.87676884233952 19.90203528106213 20.98846782743931 121.774594694376 33.4897637963295 56.44551888108253 79.93034747242928 96.84353387355804 11.24365366995335 101.4935968965292 338.3147677630186 99.5912102162838 38.1108863055706 0 0.5944646894931793 0 0 0 0 0 0 0 0 0 0 0.1920057088136673 0.2950951159000397 0 0 0 0 0 19.34358435124159 3.659603014588356 0 0.3229613602161407 0 21.68724600970745 0.6488223671913147 4.077390372753143 0.6816927939653397 0.5712051391601562 0 0.1505017727613449 0 0.5334550440311432 0 0 0 4.019186407327652 11.7141440436244 1.380775950849056 0 0 0 0.5572693943977356 0.2691981792449951 5.344262033700943 0.1254216283559799 5.256383121013641 9.381513968110085 1.572514891624451 0 1.751584589481354 15.11431872844696 5.425615593791008 1.875701747834682 1.557291768491268 0.2322509437799454 0.2056695818901062 0 0.1189617440104485 0 0 100.2964947670698 0.3529985845088959 0 0.21379753947258 0.2526949644088745 4.045280009508133 2.990593209862709 6.32391232252121 11.28201806545258 10.53131431341171 10.62790393829346 2.862360239028931 6.555308029055595 0.7618067637085915 0.09260298311710358 0 0 0.511639766395092 0.6961198896169662 0 0.2118148356676102 174.7818827927113 24.97740855813026 8.488748535513878 274.4364396333694 24.19245801866055 510.3178313970566 60.34502498060465 778.6137407869101 98.25728868693113 13.74224928021431 140.0725379735231 16.55506853759289 2.424239441752434 60.39278703927994 2.579655513167381 46.72771629691124 2.658241212368011 0.9264935255050659 25.1817229911685 0.9167101234197617 0
500.4688968360424 2752.466994382441 4957.204207316041 11.43668931722641 2088.285081572831 12.45173323154449 1560.405191339552 2680.986952334642 3276.660715654492 97.50653506815434 0 123.5326489657164 4163.276776269078 5249.633102297783 6.124118484556675 1.761805832386017 0.09241285920143127 0.4986819326877594 0 0.3353586345911026 0 0.1639439761638641 0.08360986411571503 0.1013380959630013 4.370295539498329 1.477203115820885 0 1.894637063145638 1.822764813899994 0 1438.877293676138 148.7576075792313 468.5942087322474 0 0 6.626029267907143 287.6321320906281 20.86235319823027 7.407852828502655 10.08386790752411 1.32314095646143 3.801109045743942 0 0.2545943409204483 0.2237042486667633 0.5658079981803894 64.10693673789501 2.588736101984978 0.6213396564126015 1.427856922149658 4.030899278819561 3.30270491540432 0.3612703084945679 2.307819902896881 5.356047891080379 12.25719311088324 18.77277887612581 140.0467242673039 11.61623595654964 13.13479315489531 0 13.08592668175697 0 81.06618267297745 5.72585915774107 3.336190439760685 1.918316259980202 3.839092396199703 1.075350314378738 2.336899928748608 92.46540568768978 3.538261875510216 0 56.56870399415493 30.32961050421 40.32221164554358 61.62088271975517 8.415525287389755 32.64713168144226 247.7730826288462 1.942148096859455 32.2019871249795 10.82255201786757 0.3619664683938026 3.26459463685751 4.754182755947113 0.8064312115311623 0.1461004614830017 2.907102018594742 0.201373502612114 2.280359111726284 0.6120802387595177 2.434614293277264 7.77907782047987 6.757603302598 86.32062400877476 7.409764781594276 0 2.970000013709068 85.69229345023632 1.156953766942024 0.2389947772026062 4.071411326527596 1.513782903552055 1.448701083660126 14.08232702314854 1.350623041391373 3.851126208901405 3.499520823359489 6.518124610185623 1.607760950922966 6.819276288151741 26.52896432578564 11.22400571405888 3.864008501172066 0.5729943364858627 0.1789887845516205 0.4873231649398804 0 0 0 0 0 0 0 0 0 0 0 0 0 0 0 0 2.481892481446266 0.1768563240766525 0 0 0 5.653415709733963 0.160059854388237 1.592170879244804 0.2765510380268097 0 0.5804061144590378 0.3119811117649078 0 0 0 0 0 2.475231796503067 1.914241775870323 0.3268006145954132 0.1464875191450119 0.4224995672702789 0 0 0 0.7716390490531921 0 0.3292271643877029 1.024984076619148 0 0 0.6533572673797607 4.820840790867805 1.353618144989014 0.2983334064483643 0 0 0 0 0 0.2740956842899323 0 20.55748289823532 0.7977214455604553 0 0 0.2213941067457199 0.4927448928356171 1.267064452171326 2.060682207345963 2.480537831783295 0.5608874261379242 1.147036053240299 0.3885852992534637 0.562731921672821 0 0 0 0 0 0.7361489608883858 0 0 14.85539984703064 4.11859305202961 0.8210699707269669 192.7762233689427 26.01544944941998 275.0661384984851 46.24105476588011 70.33140140771866 43.58615539222956 8.214198395609856 106.057910695672 7.120076060295105 0.9840793460607529 8.74200663715601 0.107873409986496 6.643863439559937 0.2268281280994415 0 5.354731887578964 3.031450033187866 0
76.54855510592461 54.49660675227642 32.53653568029404 257.0941849350929 48.88512057811022 134.7914909869432 134.3914231956005 35.0019087344408 39.62776240706444 2285.000177159905 123.5326489657164 0 1242.577277198434 162.338742300868 6.066428005695343 2.228775925934315 0.1569463461637497 0.4427589625120163 0 1.187436789274216 0.5605790317058563 0 0.1090846806764603 0 1.008939377963543 0 0 1.247722692787647 0 0 19.34631559252739 7.05135689675808 68.04408964514732 0 0 0.3251729905605316 110.6300464868546 4.387297496199608 14.47774592041969 1.584893465042114 1.071318462491035 4.187683746218681 0.8753968775272369 0.4977025538682938 0 0.23922960460186 40.13650368899107 0.2552760541439056 0.508497029542923 0.5971908271312714 2.208985984325409 7.64384725689888 0 1.130706816911697 2.191388994455338 2.190403573215008 23.36318040639162 15.26717635989189 4.378119342029095 3.669513754546642 6.288862884044647 45.50619529187679 0 26.90887788683176 1.735678136348724 1.342390760779381 1.055520407855511 1.327171184122562 0.8300491571426392 0.2904260009527206 123.2074387669563 38.02795679867268 0 23.35578147321939 10.164320923388 11.80480904877186 32.94346824288368 12.35544715821743 3.111462607979774 86.30829287320375 8.527120426297188 18.49111210554838 2.893864989280701 0.211959071457386 1.58173056691885 2.037162184715271 0.1959365159273148 0.5297636985778809 1.935920678079128 0 1.593289986252785 0.33487468957901 2.797298088669777 8.024361193180084 8.38328655064106 1569.916456073523 49.67728687822819 0 3.746941193938255 193.7274997234344 16.6729394569993 1.109055355191231 24.09558503329754 11.68626809120178 16.56055617332458 75.82930761575699 19.8486647605896 45.62540398538113 42.24901735782623 59.46002715826035 10.71836760640144 76.57057994604111 271.6477699875832 99.65357635915279 68.64594653248787 1.958711691200733 1.151346802711487 0 0 0 0 0.1584099382162094 0 0 0.2659655809402466 0.1896374374628067 0 0 0.6808038502931595 0 0.2011266499757767 0 0 0 19.81739169359207 5.529264062643051 0 0 0 51.47288340330124 1.071638703346252 9.383806318044662 0.8920071870088577 0.3754155039787292 0 0.3886292278766632 0 0.5004323571920395 0.7046106457710266 0 0 8.073158197104931 16.9361083060503 1.176753848791122 3.129845231771469 0.5561390221118927 0 0.8324968665838242 1.065270066261292 3.150261603295803 1.030218303203583 2.329760901629925 9.652095474302769 0 0.1898978501558304 2.227709665894508 40.05979837477207 6.675053894519806 5.151395954191685 2.104415267705917 0 0.6858469620347023 0.3675302639603615 0.2198211476206779 0 0.1441884636878967 177.5500663518906 3.229376122355461 0.2678197920322418 1.082089483737946 1.4021812453866 10.58054836839437 6.765121474862099 10.40528367459774 9.817137874662876 5.331517927348614 12.06806357949972 8.83771076053381 7.071412712335587 2.151368759572506 0.6995356678962708 0 0 0.2957113981246948 0.7584837451577187 0.6092943102121353 1.055852249264717 164.6643283814192 46.47506858408451 24.71817769110203 261.0284906923771 17.55395681411028 182.240616671741 35.44542526453733 262.7265916764736 23.66510732471943 4.08615630120039 135.9074213132262 42.29081895947456 2.443171843886375 63.99811271578074 3.089765474200249 41.37118527293205 6.388903021812439 0.1981782913208008 19.66358989477158 2.138091638684273 0
479.7183601185679 1052.051385976374 604.0573904812336 890.1375865712762 1140.329038031399 157.8837978392839 4699.686619669199 554.6693538501859 2127.936776824296 9920.271579824388 4163.276776269078 1242.577277198434 0 1457.79422326386 46.60050635784864 12.99626548588276 1.457877412438393 1.492671400308609 0 0.6154006719589233 1.010471485555172 2.307259172201157 0 0 3.999130293726921 2.298441559076309 0.3282615467905998 3.416667282581329 2.012128993868828 2.105154938995838 299.4296646639705 53.2165377214551 239.0994396060705 0 0 3.691619381308556 187.2873932346702 5.713323228061199 9.623598329722881 5.575748734176159 1.893928430974483 9.343361102044582 0.6046172231435776 3.765321418642998 1.479080483317375 0.3800728768110275 266.939825117588 9.464773789048195 0.5400872230529785 1.06730168312788 9.436981819570065 3.128209292888641 2.530595257878304 2.651425585150719 18.42777783423662 48.57363782078028 57.96936624497175 144.0911923125386 40.75075997412205 41.40505982190371 8.787210717797279 59.41247311979532 0 240.1525021642447 18.54723261296749 9.345799706876278 5.180915586650372 7.877953134477139 4.408157996833324 3.938635148108006 140.1122870668769 34.32220087200403 0 139.6333082467318 69.35753304511309 135.8772173300385 248.3918553888798 55.68470910191536 45.88713844120502 362.3433451130986 10.66831506788731 19.02839387953281 36.31443835794926 2.249218888580799 9.019434951245785 12.96167806535959 3.291295669972897 0.1025465950369835 11.00371268391609 0.451578825712204 6.768080681562424 4.803893856704235 7.938122890889645 15.85582032799721 13.29851149022579 2102.709757000208 44.45640958845615 0.4194334447383881 1.530786469578743 228.6673074364662 37.12319847196341 6.430060893297195 55.89347822964191 24.05634142458439 28.36268425732851 292.4459457620978 27.05352707207203 92.62193436920643 102.9613843858242 127.1071821600199 28.78730693459511 164.288196824491 581.1215269416571 205.7312261909246 112.1019214391708 3.36865908652544 2.781460113823414 0.3095066398382187 0 0.1460140645503998 0 0.2455739378929138 0 0 0 0.1998447775840759 0 0 1.100048154592514 0 0.9763629958033562 0.3192081302404404 0.5768548101186752 0.3905013054609299 31.3635645583272 10.2564692273736 0 0.2020022571086884 0 68.24007818102837 0.5488811582326889 15.0331567004323 1.977585777640343 0.9800725877285004 0.4444870799779892 0.8549617528915405 0 0.6976913809776306 0.6719436794519424 0.2837313115596771 0 12.22789382189512 35.93936105072498 2.378667913377285 5.586016699671745 1.415084719657898 0.3344152569770813 1.954111933708191 0.6719036400318146 4.099947772920132 0.6385151147842407 7.945322349667549 21.81279784440994 1.323373675346375 0.9429907351732254 4.479313939809799 60.87675146758556 9.822557434439659 9.876425236463547 3.313098892569542 0.1686982065439224 1.682506419718266 0.7171751856803894 0.7438468039035797 0.1195635721087456 0.434398889541626 419.3335396572948 1.422403588891029 0 0.3753703534603119 2.278312504291534 12.58986606448889 19.60325425118208 12.27552539110184 18.67388434708118 17.91651461273432 23.639932744205 12.76234844326973 13.32851742208004 3.446549348533154 0 0 0 1.014444306492805 0.8138959407806396 0.6324157863855362 1.062824368476868 361.8564903587103 87.44987218081951 27.02980269491673 1012.994754113257 211.9674019813538 1175.243877008557 261.0491300374269 447.2058829590678 208.1110672801733 40.34044665843248 672.2472946718335 82.42514350265265 6.289214551448822 119.146007232368 9.720864936709404 84.45187784731388 16.62091615051031 0.254359245300293 43.78020861744881 12.80272454023361 1.744549989700317
