0 3484.107369594276 1420.882340475917 870.0442373305559 386.1771594062448 721.7900396883488 124.6206637471914 2251.985373109579 44.76624128967524 565.0798773467541 1624.871585913002 94.6953057050705 73.99527265131474 215.2412420585752 6.691581696271896 5.345582835376263 1.082513339817524 0.2969263941049576 0 3.622872963547707 2.168328776955605 0 1.641629323363304 0.1464734226465225 1.081219121813774 0.2753961756825447 0 0 0 0.4111509174108505 104.9440998584032 81.81119411438704 44.23667769879103 1.128877907991409 1.538288578391075 2.52813695371151 10.52972608804703 4.022139921784401 0.1497391313314438 0.5724432766437531 1.420525848865509 0.9317032843828201 2.435348242521286 1.239176213741302 0.3165008723735809 0.9524634033441544 26.69804150611162 3.881630137562752 0.2061933130025864 2.831566944718361 2.359687343239784 0.1479367613792419 0 0 1.669161573052406 7.645837038755417 235.0278406217694 559.4477472752333 105.2036804258823 9.333635546267033 3.113082379102707 7.259059742093086 6.702628582715988 6.44962640106678 4.078334234654903 2.597253747284412 3.330970607697964 3.085027478635311 15.89110781997442 41.74763630330563 25.43504382669926 0.7802569270133972 0 140.9434096291661 35.49823013693094 16.50640781968832 6.809944808483124 4.928671918809414 25.65904933214188 829.1645256951451 3.265562936663628 59.22058553248644 4.104186825454235 0 6.404094345867634 6.826885037124157 5.405768319964409 0 2.324525982141495 0 0.6931912899017334 0.3311961740255356 6.035030633211136 3.334537237882614 0.4582713395357132 529.4953985214233 9.005729049444199 1.131024241447449 0.2658542096614838 1298.004933536053 0 1.27813994884491 5.623987078666687 3.006987422704697 1.172371447086334 4.62513042986393 2.182788088917732 2.470250889658928 3.084101215004921 10.92836482822895 0 5.582157105207443 17.19568429142237 4.387873381376266 1.591444060206413 0.2307690680027008 0 0 0 0 0 0 0 0 0 0 0 0 0 0 0 0 0 0 0.2091387510299683 1.451089978218079 0 0 0 0.6813638210296631 0 0.3618851602077484 0.3213695138692856 0.2500806450843811 0 0.2760059535503387 0 0 0 0 0 0 0.4542893171310425 0 0.2670159041881561 0.221813440322876 0 0 0 0 0 0 0.159111812710762 0 0 0 0.6792514324188232 0 0 0 0 0 0 0 0 0.4683037102222443 1.92591804265976 0 0 0 0.2629002183675766 0 0.377095103263855 0 0 0.419659361243248 0.3864066898822784 0 0.3836296945810318 0 0 0 0 0.3683596253395081 0 0 0.1340936869382858 1.352886587381363 0.1624464094638824 0.5520276427268982 48.4471877515316 6.812236249446869 86.01079765707254 14.58861191570759 827.9981649518013 15.67393217235804 1.377597451210022 17.23847059905529 0.3229655921459198 0.1497862040996552 0.8827041238546371 0.379671037197113 15.15412041544914 0.1577838510274887 0 0.260243684053421 0.3769675344228745 0
3484.107369594276 0 3196.22641415149 5755.472893849015 2585.709091685712 1246.491080000997 1481.887614324689 2951.176886223257 795.2654659897089 1993.23375312984 5142.543334499002 65.82828596234322 554.5882188305259 1940.926758021116 3.827724225819111 2.959318578243256 1.299864515662193 0.4780826270580292 0.1571004539728165 1.429559901356697 0.8613113909959793 0 0 0 0 0.1611982733011246 0 0.1350514739751816 0 0 925.4813312068582 17.10829365253448 46.03494840860367 0 0.7180367112159729 1.558391883969307 3.841940253973007 1.30579699575901 0.2431198209524155 0.2864267379045486 1.154730632901192 1.19916470348835 1.972145102918148 1.520220816135406 0.264390766620636 0.6737150549888611 49.10913272202015 12.58560713380575 0.5091529488563538 1.628591760993004 0.8456427752971649 0 0 0 4.807920515537262 40.41137062758207 161.7699202597141 1012.212241761386 118.6619649901986 20.39731393754482 0.461836189031601 1.99467633664608 2.685937032103539 9.118940450251102 20.05281141400337 13.448765181005 4.93233747780323 1.298299387097359 2.59376634657383 13.19221010059118 1.342612236738205 0.1874325722455978 0 384.0339938923717 147.8002486228943 16.75337642431259 4.499639935791492 3.718987926840782 5.900398470461369 821.9836615100503 1.470194406807423 14.86353638023138 23.64862614870071 1.411268770694733 24.39043319225311 37.87408828735352 10.88316208124161 0 5.071077115833759 0.1686963438987732 1.338330090045929 0.431693896651268 1.603830024600029 0.3910074234008789 1.780865252017975 346.9500835090876 0.2730517685413361 0 0 1078.58106289804 0.4367331564426422 0.1650085002183914 19.95884621143341 12.46149794757366 4.497213646769524 51.86956433951855 13.04461701214314 11.77297662198544 27.48534806072712 92.08683961629868 2.179585188627243 45.41058869659901 107.2406336218119 41.15508046746254 9.242992490530014 0 0 0 0 0 0 0 0 0 0 0 0 0 0 0 0.1804623901844025 0 0 0 0 0 0 0 0 0.4794306308031082 0 0.5300294905900955 0 0 0 0 0 0 0 0 0 0.3778102397918701 1.36963202059269 0 0 0.3049834072589874 0 0 0 0 0 0 0 0 0 0 4.153498113155365 0 0 0.5201693773269653 0 0 0.1926641762256622 0 0.1996863484382629 0 11.77967535704374 1.230410099029541 0 0 0.2598832249641418 1.029156506061554 0.433972954750061 0.7408735156059265 0 0 0.5136057138442993 0 0.2188275158405304 0.1619642972946167 0 0 0 0.5009009093046188 0 0 0 18.20583816617727 1.086320281028748 1.345541790127754 365.4215654209256 29.57082539796829 638.4601743966341 46.75768198817968 1540.51609095186 85.38395983725786 3.892626881599426 87.27801655977964 11.29339243471622 0.4188467115163803 3.416849002242088 0.8634882196784019 118.8092666119337 0.4268931448459625 0 1.003282189369202 1.484627559781075 0
1420.882340475917 3196.22641415149 0 206.1715489774942 322.3315404877067 42.18674409389496 5.692461028695107 3663.718905352056 82.80942282825708 62.43112047016621 3648.223091997206 5.827885873615742 70.92357116192579 547.2510380521417 2.081758953630924 1.512645184993744 0.4745970517396927 1.492429554462433 0 8.126594543457031 0.9759260416030884 0 0 0 0.4999871253967285 0.1499136835336685 0.6582823619246483 0 0 0 2960.976479403675 183.0199631825089 17.2671819627285 2.556775808334351 0.7699095606803894 2.457700416445732 3.469495914876461 1.079045295715332 0 0.165203183889389 1.830323651432991 0.6518208384513855 3.457128182053566 0.6309081614017487 0 0.607842743396759 26.9020135179162 9.47482392936945 0.2819966971874237 3.546843707561493 3.220315754413605 0 0 0 1.471760228276253 18.78202743083239 117.0766107961535 1314.065280668437 74.69171206653118 13.98783723264933 3.18533081561327 3.087883025407791 3.559882462024689 16.64283837378025 8.834325388073921 8.312166251242161 5.504967443645 1.916608676314354 13.1529098674655 21.11133825033903 0.6424530595541 0 0 195.7565653547645 93.61206146329641 10.20633033663034 2.200046993792057 2.719340860843658 25.44917877018452 454.1700204238296 4.951985791325569 86.33544598519802 12.48911629617214 0.3227794393897057 13.102803401649 20.10729990154505 15.55690058320761 0 2.694571994245052 0.1261222958564758 1.619027681648731 1.214876636862755 6.555704906582832 1.931318327784538 0.7392623275518417 10.95756280422211 0 0 0.1917648464441299 533.5308692976832 0 0 1.336598992347717 0 0 2.283402368426323 0.2433700710535049 0.2318259030580521 0.7825654149055481 3.313469409942627 0.1792765706777573 2.3749038875103 3.681152328848839 4.432637676596642 0.2210307419300079 0 0 0 0 0 0 0 0 0 0 0 0 0 0 0 0 0 0 0 0 0 0 0 0 0.6745724678039551 0 0.8005390018224716 0 0 0 0 0 0 0 0 0 0 0 0 0 0 0 0.5230728983879089 0 0 0.2036578506231308 0 0 0 0 0 0 0 0 0 0 0 0 0 0 0.2181361615657806 1.106327041983604 0 0 0.1595461666584015 0.5509572774171829 0.2852582931518555 0 0 0 0 0.1627205908298492 0.6886619329452515 0 0 0 0 0 0.158482626080513 0 0 0 1.20687335729599 0.256310760974884 0.09642592072486877 78.30351654440165 11.12811731547117 242.4232501089573 21.19707792252302 209.7477667927742 31.21589581668377 1.798241563141346 30.66285844147205 0.6208800300955772 0.1143249720335007 0.4250355064868927 0.3495347127318382 5.876995697617531 0.4645701572299004 0 0.390585333108902 0.6059061586856842 0.1909199655056
870.0442373305559 5755.472893849015 206.1715489774942 0 714.3225095197558 788.609135299921 1527.79554656148 77.62580423057079 76.8291627690196 6380.348517030478 187.1970743387938 531.2884257733822 3650.135403975844 297.4595544710755 0.6554563790559769 0 0.8597919791936874 0 0 0 0 0 0 0 0 0 0 0 0 0 93.90676494687796 2.048488765954971 10.23002492636442 0 0 0 1.129516609013081 0.3567468971014023 0.2454120069742203 0 0.1446141600608826 0.3470249474048615 0 0 0 0 17.11508332937956 2.96771676838398 0.7848884463310242 0.1196550503373146 0.1495344638824463 0 0 0 1.557717062532902 16.14048750698566 82.90448692440987 368.2533184140921 63.89483062922955 6.451784491539001 0.3269327878952026 0.9852657318115234 0.390474408864975 2.145618818700314 7.190112963318825 4.159124344587326 1.14994552731514 0.3186537623405457 0.3096990808844566 0.3490640446543694 4.050313636660576 0.1847972124814987 0 158.5613674223423 47.29889339953661 4.326274819672108 0.5393672287464142 0.5467656999826431 0.7450194507837296 49.90835342556238 0.2414026111364365 1.013259887695312 6.781691886484623 0 6.882248088717461 11.46093978732824 5.615249902009964 0 3.012799680233002 0 0.3035356998443604 0.9373470395803452 0.5011267066001892 0.389523059129715 0.2238018214702606 386.8249260485172 0 0 0 464.611111395061 0.2842795550823212 0.2329319268465042 24.26724396646023 16.78006620705128 1.213194996118546 38.43683145940304 13.66588707268238 7.066821202635765 19.10107995569706 73.92765529453754 1.539500266313553 36.1567545235157 93.33348381519318 36.66998092830181 10.8967100828886 0.4091103374958038 0 0 0 0 0 0 0 0 0 0 0 0 0 0 0 0 0 0 0 0 0 0 0 0 0 0 0 0.4285839200019836 0 0 0 0 0 0 0 0 0.6609765738248825 0 0 0 0 0 0 0.1362455189228058 0 0 0.8418029546737671 0 0 0 0.3497456014156342 0 0 0 0 0 0 0 0.1205852925777435 0 4.03530365228653 0 0 0 0 0.2727464139461517 0 0 0 0.544545590877533 0.6168582141399384 0 0.264686644077301 0 0 0 0 0 0.1647877842187881 0 0 21.42188555002213 1.767994046211243 0 139.5746842324734 9.979876011610031 212.2670216560364 15.2255005761981 1037.685081206262 34.21253708004951 1.582163222134113 32.45209842920303 4.803977578878403 0 1.208184704184532 0.6692318618297577 88.67510832846165 0 0 1.472912192344666 0.1270635277032852 0
386.1771594062448 2585.709091685712 322.3315404877067 714.3225095197558 0 51.56770879030228 872.8094603791833 133.5150587633252 7487.301176249981 1766.128563091159 3066.574174508452 310.1394328176975 1071.681338042021 2804.003276877105 3.122945234179497 0.3319488018751144 0.7786437720060349 0.3913507759571075 0.3221269398927689 0.1743129938840866 0.1883946061134338 0 0 0 0.3677689656615257 0 0 0 0.1590607464313507 0.1506177932024002 93.91273076087236 3.654195189476013 59.43017353862524 0.1531153619289398 0.2742010056972504 0 9.613083899021149 1.658083483576775 0.5106305778026581 0.5292660295963287 0.3534846901893616 0.5674649924039841 0.3135180994868279 0.4262590482831001 0 0.1368322223424911 59.52821236848831 10.27286981791258 1.094925031065941 0.2254923284053802 0.3226594626903534 0 0 0.1261304020881653 1.654183693230152 26.56528052687645 32.16448207944632 186.9689195156097 30.69021227955818 22.65746288001537 0.2573372721672058 10.29243884980679 0.1243165358901024 13.1857533082366 11.37237504869699 10.52840240299702 2.995988190174103 1.876638889312744 0.296334370970726 1.036926604807377 5.579164378345013 0.2450956255197525 0 149.1337436288595 84.14554069936275 19.88667099922895 3.506481863558292 1.030203640460968 0.6182973310351372 114.5134297460318 0.2618052065372467 9.309054434299469 10.6402982622385 0.963252417743206 13.98964271694422 24.31336083263159 8.749366030097008 0 3.97745231539011 0.1284607499837875 2.215916708111763 0.498622938990593 0.1972082704305649 0.4038078486919403 0.9296053498983383 186.1660717129707 1.146521687507629 0 0 42.6798062697053 0.4946479797363281 1.153859168291092 13.222461566329 8.719511404633522 6.354957312345505 48.49553948640823 12.47236041724682 25.88560192286968 31.06298691034317 107.9047024250031 7.366360187530518 89.88769103586674 257.7559881210327 123.071085639298 62.76357816159725 1.050256222486496 0 0 0 0 0 0 0 0 0 0 0 0 0 0.6297246217727661 0 0 0 0 2.777620628476143 0 0 0 0 5.168924361467361 3.809196770191193 3.110469341278076 0.5535264015197754 0 0 0 0 0 0.6238528490066528 0 0 1.391218781471252 4.019231215119362 0.5267494916915894 0 0 0 0 0.4357041716575623 0.7889349460601807 0 0 0.7064788937568665 0 0 0.765343964099884 6.991717919707298 0.4630997031927109 1.13471195101738 0 0 0 0 0 0.2242595255374908 0 46.63900198042393 0.6362930536270142 0 0 0 5.867220550775528 2.457233905792236 7.508127927780151 4.407666377723217 0.8151741027832031 1.843603566288948 0.5010735988616943 0.479902446269989 0 0 0 0 0.3224567770957947 0 0 0 73.86024387925863 13.20941059291363 3.265405029058456 289.5220472365618 24.25569073855877 513.7135980352759 73.47993728518486 530.4092522487044 90.5924534201622 4.117264822125435 100.0791201218963 24.99274127930403 0.261373795568943 22.69083521515131 6.707252740859985 45.6112222969532 4.036165535449982 0 4.104989677667618 1.430647611618042 0
721.7900396883488 1246.491080000997 42.18674409389496 788.609135299921 51.56770879030228 0 174.3142811059952 35.88327296823263 24.70640979707241 1207.222090050578 60.19173157215118 162.3383143544197 176.9157140851021 88.9549315571785 0.8766364604234695 0.3323526382446289 0 0 0 0 0 0.1986330598592758 0 0 0 0 0 0 0 0 76.95753909647465 0.3892982602119446 83.8993117660284 0 0 0 48.31212872266769 0.63128562271595 0.5393253415822983 0 0 0 0 0 0 0.1689027845859528 2.136394120752811 0 0 0 0 19.20803916454315 0 0 0 3.048270158469677 56.44923152774572 160.2898279875517 30.99050529301167 0.8541222214698792 0 18.23116754740477 0 0.8718751072883606 0.7441402748227119 0.3238633424043655 0.3909227401018143 0 0 1.086882039904594 206.5683447569609 83.72076107561588 8.221568718552589 37.26240203529596 5.911855466663837 0.5858586430549622 0.1734601706266403 0.6822224259376526 0.1397143453359604 108.2687415629625 0.4052440971136093 1.001180589199066 1.18682773411274 3.514741227030754 0.3024979531764984 1.737165860831738 0 22.42787362635136 1.162180423736572 23.66221743822098 0.6243199557065964 4.180991977453232 0 0 0 1223.714334920049 119.5824765712023 11.68083754181862 4.008088678121567 286.4462233483791 0.1846338212490082 0 0.9515966773033142 1.03470504283905 0 2.630009964108467 0.428597629070282 0.522792711853981 0.6489108204841614 2.48547337949276 0 0.6890888214111328 3.767022043466568 1.650653570890427 0.3404472172260284 0 0 0 0 0 0 0 0 0 0 0 0 0 0 0 0 0.5379171967506409 0 0.4407852292060852 0 0 0 0 0 0 0.1774373948574066 0.3736552298069 0 0 0 0 0 0 0 0 0 0 0 0 0 0 0.1819426268339157 0 0 0 0 0 0 0 0 0 0 0 0 0 0 0.5785236358642578 0 0 0 0 0.6321017295122147 0 0 0 0 0 0 0 0 0 0 0 0 0 0 0 0 0.4123885631561279 0.2412805259227753 0 0 0.8507625460624695 1.476063281297684 0.8577277660369873 3.793288022279739 0.8235630393028259 10.64538396149874 0.8853861764073372 469.9979288503528 1.786688573658466 0.7179552465677261 0.6246708333492279 0.7410198748111725 0 0.3685279786586761 0.1688997447490692 6.287462145090103 0.1868571192026138 0 0 0 0
124.6206637471914 1481.887614324689 5.692461028695107 1527.79554656148 872.8094603791833 174.3142811059952 0 8.616176463663578 1893.405186325312 3121.500855535269 99.83782494813204 552.9791424423456 4888.233327612281 4622.59288738668 2.4171132594347 0.5206599086523056 0.7348714619874954 0.330181896686554 0 0.1398228704929352 0.1494463235139847 0 0 0 0.147166907787323 0 0 0 0.17571622133255 0 39.86073911190033 2.462445393204689 48.10809486359358 0 0 0 10.49227037280798 0.6660184189677238 0.3354545459151268 0 0.4118902981281281 0.3051932901144028 0.1322819739580154 0.6429867446422577 0.6807959079742432 0 48.6305910423398 8.329452246427536 0.4793222993612289 0.4916746020317078 0.1802297234535217 0 0 0 1.470211669802666 23.28135731816292 35.30152098834515 213.6766502931714 38.67749211937189 14.11240945011377 0.311870664358139 7.508015356957912 0 6.500388167798519 11.02629095315933 6.231601931154728 3.481012515723705 1.324951022863388 0.1414844989776611 0.6189992427825928 6.047868274152279 1.00645637512207 0 160.7568146288395 76.4352388381958 14.23356556892395 1.590704068541527 1.06297517567873 1.280549041926861 50.29181626439095 0.3484554439783096 5.285315431654453 10.77930144220591 1.143214948475361 16.00751805305481 20.5998929515481 5.656247287988663 0.5142114758491516 3.200657419860363 0 1.507812820374966 0.4118878245353699 0 0.9905304610729218 0.3224344104528427 322.3514952659607 0 0 1.080719411373138 46.33880114555359 1.08066637814045 1.207016944885254 27.32353539764881 10.98870885372162 5.168164506554604 86.08376544713974 13.54099780321121 29.96667267382145 32.97915825247765 130.7018761187792 4.344767928123474 103.4457573890686 313.683835119009 155.9108386486769 52.73090924322605 0.6599948704242706 1.425973683595657 0 0 0 0 0 0 0 0 0 0 0 0 0 0 0 0 0 4.29487569630146 2.756823301315308 0 0 0 7.228981599211693 0.7217262983322144 2.93506270647049 0.3275925517082214 0.8067251443862915 0 0 0 0 0 0 0 4.021381251513958 2.842374563217163 0.2713823914527893 0 0 0 0 1.933118849992752 0.3336462676525116 0 0.9405946433544159 0.3807172924280167 0 0 1.108537673950195 10.54190793633461 0 0 0 0.131915271282196 0 0 0 0.2284852117300034 0 51.32953371107578 0.4447298943996429 0 0 0 5.304702162742615 1.768616050481796 5.368207544088364 2.910463348031044 1.838782995939255 3.960359141230583 0.6993227005004883 0 0.5543317198753357 0.4947533905506134 0 0 0.09633995592594147 0 0 0 64.02079164981842 10.65294858813286 4.128628253936768 306.1135266497731 18.11917898803949 492.2017896771431 59.2011401578784 656.7989294826984 78.27917797863483 3.956569381058216 86.95073398202658 16.87851487845182 0.3238062560558319 17.94364678114653 3.63250358402729 78.46811482310295 2.435839146375656 0 6.965588063001633 2.766410663723946 0.4731739163398743
2251.985373109579 2951.176886223257 3663.718905352056 77.62580423057079 133.5150587633252 35.88327296823263 8.616176463663578 0 69.87581154704094 29.28424261510372 3301.042546018958 5.041941583156586 60.30783949792385 633.5208967551589 15.95579173415899 4.709337510168552 3.813797175884247 23.03068199753761 0.6481481641530991 42.96002138406038 23.16266107559204 0 2.643314242362976 0.5355340242385864 1.678425967693329 0.5029802918434143 0.3871954381465912 0.1851854771375656 0.5095224976539612 0 2886.840707711875 2623.938660420477 45.30861583352089 6.777001947164536 1.10029724240303 4.405156932771206 11.75190482288599 6.943853281438351 0.5195840448141098 0.5977834761142731 5.69276924431324 4.247345589101315 41.26390470564365 3.95349295437336 1.701000049710274 2.731383115053177 153.3887282162905 27.797826372087 2.864661388099194 30.86786318570375 6.757820919156075 0 0 0.4361657053232193 2.907285191118717 39.72398897260427 111.4445301219821 958.7073106467724 81.35137639939785 39.97682921588421 80.57419518381357 10.47001078724861 18.31815832853317 249.0000028386712 21.79998645186424 27.83228109031916 23.12279803305864 19.95080540329218 103.2502152398229 136.2876645103097 5.032734654843807 0 0.2555809617042542 315.8771384432912 249.3056058883667 60.50454032421112 22.57192393392324 42.02852181345224 448.4913346320391 694.1600199565291 148.9405503198504 1023.723632074893 25.78577966988087 1.396309904754162 36.03131295740604 36.87440689653158 75.78165803104639 0.323463074862957 8.97472732514143 0.303316205739975 4.152292773127556 4.286669448018074 20.24093792587519 10.4496680572629 5.453549459576607 15.08317635953426 0 0 0 492.3513213172555 0 0 1.361426718533039 0 0 0.7898149192333221 0.1607432514429092 0.6790081262588501 0.6704287528991699 0.9350931793451309 0 1.651676207780838 8.485903903841972 5.507205456495285 2.19454288482666 0 0.2024833858013153 0 0 0 0 0 0 0 0 0 0.1546013653278351 0 0 0 0 0 0 0 0 0 0 0 0 0.1656545847654343 0 0 0.2411006838083267 0 0.7533278912305832 0 0 0 0.1444467008113861 0 0 0 0.3809242844581604 0 0 0.252247542142868 0 0.4107446819543839 0 0 0 0 0 0 0 0.4761130809783936 0.6024327874183655 0 0 0 0 0.4827695786952972 0 0.1440851539373398 0 1.105376124382019 3.117512688040733 0 0.8225420713424683 0.3377726376056671 1.527666732668877 0.185702845454216 0 0 0 0 0 0 0 0 0 0 0 0.8975357860326767 0 0.3849446475505829 0.3879316449165344 2.396885275840759 0.266822338104248 0.424283504486084 394.1464941576123 29.81558535993099 896.7050404846668 78.53305645287037 380.5367424488068 109.7429460659623 5.636502005159855 158.4017841219902 3.180266313254833 0.6608191207051277 0.5934453532099724 2.275145135819912 1.99885880947113 1.527933999896049 0.1041146591305733 0.7580104470252991 3.430943764746189 0.2362904846668243
44.76624128967524 795.2654659897089 82.80942282825708 76.8291627690196 7487.301176249981 24.70640979707241 1893.405186325312 69.87581154704094 0 828.2821531891823 2166.612522765994 211.2785670906305 541.308135278523 1363.06242608279 9.489392496645451 3.664968192577362 1.401611343026161 0.6367209628224373 0.1596150547266006 0 0 0 0.1073689162731171 0 0 0 0.2799335569143295 0.1577053815126419 0 0 24.96576671302319 5.755243375897408 141.708302423358 0 0 0.2704492509365082 26.94632767140865 1.237136654555798 0.6931091248989105 0.5447829514741898 0.6417360901832581 1.453999690711498 0.1866805255413055 0 0 0 89.51751234382391 6.395292438566685 0.3043483793735504 0.705472394824028 0.9420505166053772 0 0 0 1.141381420195103 16.53998863697052 15.1897751390934 61.42580088227987 19.60186519473791 27.44855728000402 1.084626466035843 26.28302333503962 0 14.64526119083166 8.271249316632748 6.810306750237942 2.410097017884254 1.306285433471203 1.245031341910362 2.701118648052216 12.48416705429554 7.189390957355499 0 95.79979893565178 75.54483168572187 32.23208393156528 9.404870420694351 1.619884349405766 1.546625442802906 139.8019514009356 0.7652198299765587 14.05766223371029 6.144408464431763 0.6876343414187431 9.555313512682915 15.6861422881484 6.654313743114471 0.1642770320177078 2.98585319519043 0.259101465344429 0.7802990600466728 0.6853445470333099 0.3976904898881912 1.391520582139492 1.44067470729351 326.6413225233555 0 0 0.10551817715168 17.60433951765299 2.74331122636795 1.880142912268639 24.72863540053368 13.33310435712337 6.835782930254936 91.59599982202053 14.28619815409184 48.51995435357094 49.91943597793579 169.4130625277758 15.72170408070087 198.9625952094793 556.7621974274516 278.4265362918377 160.1080272644758 1.744931995868683 1.258139088749886 0 0.2019869536161423 0 0 0 0 0 0 0 0 0 0 0.9430880546569824 0 0 0 0 4.20551897585392 3.530663549900055 0 0 0 11.40818014740944 3.932931497693062 5.498273149132729 3.654249846935272 1.14073483645916 0 0 0 0 0.1462167203426361 0 0 4.219406768679619 8.70648680627346 0.2460767179727554 0 0 0 0 0.5086786448955536 1.345981612801552 0 2.474895834922791 1.31758476793766 0 0.365153044462204 1.162998974323273 22.05142436921597 3.38154011964798 1.047266647219658 1.835672363638878 0 0 0 0.4075198024511337 0 0 115.1089408099651 0 0.2177089005708694 0 0 11.15414814651012 4.055147305130959 8.018711045384407 8.682551115751266 4.027766197919846 5.630235716700554 1.223587900400162 1.203167676925659 0.4716584384441376 0.2745088338851929 0.5952545404434204 0 0.309291884303093 0 0 0 150.1685792505741 33.39808535575867 5.072480477392673 501.5574266538024 18.56853618472815 568.1695808619261 103.7685805112123 398.6782341897488 114.0429033562541 8.818715780973434 175.4428889974952 37.15456993877888 3.661431163549423 38.35358553379774 3.591916307806969 69.74969583749771 3.973718076944351 1.809558987617493 10.29672192782164 3.045208849012852 0
565.0798773467541 1993.23375312984 62.43112047016621 6380.348517030478 1766.128563091159 1207.222090050578 3121.500855535269 29.28424261510372 828.2821531891823 0 277.2505691275001 3708.293539136648 9256.494900643826 1559.283903196454 0 0 0 0 0 0 0 0 0 0 0 0 0 0 0 0 28.67047135531902 0.3910333588719368 134.6489383727312 0 0 0 11.71561972796917 0.5525947213172913 0.189009502530098 0 0 0.2347414791584015 0 0 0 0 4.345366537570953 1.641946971416473 0 0 0.1453037559986115 0.1963393837213516 0 0 0 5.372240044176579 37.07733035832644 174.0009509325027 29.7561357691884 3.498478189110756 0.136162593960762 14.09464268386364 0 0.6793832331895828 2.090919747948647 2.268570095300674 0.5554213970899582 0.7386612966656685 0 1.260372817516327 23.8359697163105 7.410382509231567 0.6212929487228394 75.27533998340368 14.18868184834719 0.2995705604553223 0.2764968872070312 0 0.2873720824718475 755.3504050001502 0 2.004250474274158 3.450404241681099 0 3.135409139096737 3.41699592769146 1.730874225497246 0 0.8116068542003632 0.5851578712463379 0 0 0 0 0 1779.28361018002 1.01341986656189 0 0.3859815299510956 521.5943534225225 2.359699502587318 5.981214836239815 74.50363573431969 43.9670715034008 8.13378056883812 188.8632315993309 70.88899376988411 65.59878998994827 93.92534294724464 430.817316070199 13.88621266186237 241.6088355630636 646.840305313468 290.2752769291401 71.84896168112755 0.7025229781866074 0.4254396557807922 0 0 0 0 0 0 0 0 0 0 0 0 0 0 0 0 0 2.999259576201439 0 0 0 0 3.764974534511566 1.222152322530746 2.862987756729126 0 0 0 0 0 0 0 0 0 5.432807840406895 5.968747615814209 0.2624412775039673 0 0 0 0 1.41324919462204 0.8407019376754761 0 1.790851801633835 1.949110522866249 0 0 0 7.934386670589447 0.7608114928007126 0.4118594229221344 1.336277693510056 0.530783087015152 0 0 0 0 0.3177543878555298 29.65189968049526 0 0 0 0 5.196625232696533 1.381970465183258 1.228599727153778 3.377994515001774 3.572705283761024 2.783719003200531 0.7134583443403244 0.8588458448648453 0.6121264398097992 0 0 0 0.384167492389679 0 0 0 94.54062215983868 3.23198875784874 1.781253099441528 150.6974666342139 2.978375092148781 88.58226206153631 7.14844236522913 784.6520389318466 13.31778375804424 1.396234884858131 23.33913098275661 32.14677804708481 3.097164005041122 18.21805846691132 0.1160707995295525 317.9595998674631 2.076445296406746 0 3.986454665660858 0 0
1624.871585913002 5142.543334499002 3648.223091997206 187.1970743387938 3066.574174508452 60.19173157215118 99.83782494813204 3301.042546018958 2166.612522765994 277.2505691275001 0 105.5494019538164 760.9794840812683 3887.22703923285 27.69392240047455 14.28229504078627 2.834445230662823 2.089184358716011 0 0.8262084573507309 9.150543957948685 0 2.351337656378746 0 0.6847323477268219 0.09814004600048065 0.289425402879715 0 0.1772720366716385 0.3279059082269669 770.5502069592476 162.6647109463811 512.6130545586348 4.509363770484924 1.876268595457077 6.119710922241211 51.56213147938251 21.16212579607964 1.110722213983536 3.39094851911068 4.136205017566681 3.691334396600723 1.869221776723862 7.866159796714783 0.291338711977005 3.862446948885918 154.9520185291767 11.71460288763046 0.6337224096059799 5.648697793483734 8.016908310353756 0 0 0.1139639094471931 1.334735304117203 27.03270718455315 39.58267511427402 351.5344604104757 40.36919663101435 46.84596204012632 11.45624160766602 43.89083584398031 11.30445048213005 41.5993572100997 14.75525847822428 14.66416555643082 8.644695580005646 4.177759893238544 33.02714823186398 84.16694608330727 9.11163866519928 4.377689704298973 0 181.0163811892271 153.3451507613063 83.40475601702929 23.42106132209301 16.58047641813755 3.770958498120308 1913.292074523866 10.87314569950104 53.58777081221342 12.50813140720129 2.383084878325462 21.77910310775042 30.1473336443305 24.18525994569063 0 5.934781618416309 0.1071984842419624 3.691963069140911 0.870739534497261 27.65207342803478 4.095749117434025 1.934575617313385 193.7449100911617 0.1694235354661942 0 0.3899234533309937 173.3383682146668 0.7298253923654556 0.7102646231651306 6.411161988973618 2.965502843260765 2.982804477214813 27.33459335565567 5.305262565612793 15.89214543998241 13.34361423552036 46.8821991533041 3.368675142526627 51.13129325211048 149.6212600916624 91.14186653494835 51.89037646353245 0 0.211572453379631 0 0 0 0 0 0 0 0 0 0 0 0 0 0 0 0 0 1.009501099586487 0 0 0 0 3.866342604160309 3.681778863072395 3.978957384824753 0.1867305189371109 0.6238174289464951 0.2972713112831116 0 0 0 1.100893974304199 0 0 0.2150858193635941 3.843851208686829 0 0 0 0.3366086483001709 0.6228833794593811 0.169679194688797 0.1902526468038559 0.1247215420007706 0 2.293348670005798 0 0.626895010471344 0 5.959616854786873 0.2613917589187622 0.3045720756053925 0.384032130241394 0 0 0 0.1147434189915657 0 1.267698854207993 36.07206553220749 0 0 0.3857824504375458 3.784115225076675 6.408696383237839 1.292417407035828 2.15412175655365 3.329890936613083 1.329168200492859 1.208233594894409 1.965535745024681 0.9833026379346848 1.401241540908813 0 0 0 0.3452341556549072 0.6334183514118195 0.4927759021520615 0 45.15379558503628 10.51934051513672 3.338824719190598 476.0502563714981 32.6103458032012 729.2735896259546 117.2038617879152 374.0862497985363 107.2842875272036 9.210045695304871 198.5079432651401 11.43165998160839 1.232521146535873 8.50891786813736 2.477092936635017 30.65814033150673 1.250524550676346 0 3.189378976821899 3.898881122469902 0
94.6953057050705 65.82828596234322 5.827885873615742 531.2884257733822 310.1394328176975 162.3383143544197 552.9791424423456 5.041941583156586 211.2785670906305 3708.293539136648 105.5494019538164 0 1457.97891817987 1089.580647155643 1.525657460093498 0.4615492969751358 0 0 0 0 0 0 0 0 0.1845418214797974 0 0 0 0 0 0 0.1838923990726471 74.56367103755474 0 0 0 22.80016720294952 0.559278167784214 0.6633998304605484 0 0 0 0 0 0 0 3.560588479042053 0 0.3244054317474365 0 0 0 0 0 0 0.1586661338806152 2.750300951302052 4.847243636846542 0.4792776480317116 0.6684428006410599 0 119.1803902238607 0 0.2894655540585518 0 0 0.1347060650587082 0 0 0 270.0016888082027 43.22806939482689 0 3.015578113496304 1.418257214128971 1.406604945659637 0.4737602323293686 0.3657816499471664 0.2021488100290298 1963.542205706239 0.1810021698474884 2.232358023524284 0.5531449317932129 0 0.4157693684101105 0.1293385922908783 0.145852118730545 0 0.1615359336137772 0.3111163675785065 0 0 0 0 0.1515551656484604 1769.078246623278 55.90812689065933 0 15.32607901096344 90.21991129219532 1.079790905117989 0.3853604346513748 18.03863325715065 9.101039417088032 2.34257298707962 54.07964247465134 8.631184041500092 24.82306395471096 24.00897961854935 98.99811397492886 12.23158292472363 121.4455831125379 318.5594483166933 207.3756724223495 98.87803635001183 1.560299254953861 2.061365589499474 0.5932917222380638 0.360567644238472 0 0 0 0 0 0 0 0 0 0 0 0 0 0 0 3.199317187070847 0.4585742801427841 0 0 0 3.273400098085403 0.9994255900382996 2.203250423073769 0 0 0 0 0 0 0.4010398685932159 0.196052148938179 0 2.543338418006897 7.033539474010468 0 0 0 0 0 1.827239140868187 1.593295037746429 0.2430959492921829 0.3120476603507996 3.654890827834606 0.4933102577924728 0.2335480898618698 0 18.72901946306229 2.110969513654709 0.1870750039815903 1.661592751741409 0.233074963092804 0 0 0 0 0.2491619884967804 85.48332762718201 1.459154635667801 0 0 0 11.84723840653896 4.382506713271141 7.298482805490494 6.707341507077217 1.611902371048927 3.503155753016472 2.657727882266045 0.6773440390825272 0.3779073059558868 0 0 0 0.4682160019874573 0 0 0 129.5206089019775 37.72692401707172 5.17895133793354 29.51034118980169 0.8871012479066849 18.78489674627781 5.006626412272453 69.99561952054501 2.427714243531227 0.3317238017916679 5.828259028494358 29.00866534560919 0.3942614048719406 22.56295143812895 0.1913609802722931 41.78904673457146 2.382583335042 0 7.37594810128212 0.4002135545015335 0.1468224972486496
73.99527265131474 554.5882188305259 70.92357116192579 3650.135403975844 1071.681338042021 176.9157140851021 4888.233327612281 60.30783949792385 541.308135278523 9256.494900643826 760.9794840812683 1457.97891817987 0 4173.803257338703 9.555978037416935 4.112412363290787 0.545892596244812 0 0.2151404172182083 0 0.7189198806881905 0 0.3247357159852982 0 0 0 0.5828136205673218 0.178099513053894 0 0 5.932714551687241 4.415100939571857 108.4974021464586 0 0.4607998132705688 0 14.66761013865471 1.319723531603813 0.7212745249271393 0.6546099185943604 0.2032122761011124 0.1151416301727295 0.4191131144762039 1.044257789850235 0 0.1921983659267426 47.08563230186701 2.049398690462112 0 0.383885070681572 0.4338925033807755 0 0 0 0.1569848209619522 4.420544981956482 4.281976722180843 15.83159443736076 6.928903214633465 12.27553511410952 0.7889556288719177 19.85533744096756 0 5.884346038103104 1.585412360727787 1.487485602498055 0.6490842178463936 1.026807516813278 1.260060131549835 4.721726767718792 104.8520170897245 71.37500302493572 0 29.22735514491796 22.05889376997948 27.57511451095343 7.999267496168613 4.436154380440712 0.6158148348331451 190.6700006648898 1.998366042971611 28.7154411226511 1.84209194034338 0.5601981729269028 4.626249112188816 3.973909519612789 1.448706671595573 0 0.3343806713819504 0 0 0.1422674506902695 1.491606652736664 0 0.8043527454137802 1378.010931164026 38.94873997569084 0 2.990472197532654 60.79472752660513 2.727319046854973 1.684131398797035 30.34189885854721 18.99986153841019 6.006424903869629 126.8709229081869 22.61263912916183 46.87200747430325 55.35564142465591 198.2221838384867 10.22502733767033 192.9157110154629 571.184539578855 309.7639310657978 142.5409730374813 3.589433163404465 1.84075616300106 0.7045742273330688 0.578466072678566 0 0 0 0 0 0 0 0.3732762932777405 0 0 0 0.2306832075119019 0 0 0 4.294969469308853 0 0 0 0 11.2908161431551 4.562618777155876 10.24533304572105 0.1758540272712708 0.8180755972862244 0 0 0 0 0.6965914368629456 0 0 4.550450906157494 7.448957063257694 0 0.2107137888669968 0 0 0 0.3806743621826172 0.7392874360084534 0 0.9954261928796768 4.524798840284348 0.7362707853317261 0 2.057774484157562 25.13657070696354 1.932043239474297 0.7986508309841156 1.16856586933136 0.3433049023151398 0 0 0 0 0.4030124396085739 163.6443682014942 2.537843391299248 0 0 0 13.84333543479443 5.940181523561478 16.23825600743294 4.454204201698303 7.644881755113602 7.42642692476511 2.208638265728951 1.767535284161568 0.3979856222867966 0 0 0 0.2836045920848846 0 0 0.154169961810112 191.2379918694496 59.24057032167912 9.415206342935562 219.8427727669477 9.85571102052927 190.3132452890277 46.53205491602421 164.7873089462519 37.26686245948076 2.999744743108749 83.05413763225079 36.59831616282463 1.050530433654785 35.74892807751894 6.245046995580196 71.88916409760714 3.881934434175491 0 11.46511266380548 0.5592232942581177 1.680491589009762
215.2412420585752 1940.926758021116 547.2510380521417 297.4595544710755 2804.003276877105 88.9549315571785 4622.59288738668 633.5208967551589 1363.06242608279 1559.283903196454 3887.22703923285 1089.580647155643 4173.803257338703 0 36.52975986897945 15.08656965941191 4.328413218259811 0.8955365046858788 0.3153413832187653 1.038772031664848 3.477444395422935 0 0.4389030337333679 0 0.3547360301017761 0.6712774485349655 0.5546783059835434 0 0 0 28.0159747377038 14.434171654284 1472.33662930131 1.40742564201355 0.4640121757984161 1.702103018760681 195.124881580472 55.66835045814514 2.506145447492599 4.688299581408501 2.38985263556242 3.078053444623947 3.584694944322109 4.937639012932777 0.5787941366434097 2.361944019794464 191.1799843758345 6.396644122898579 0.9597116112709045 2.274428725242615 7.700261414051056 0 0 1.139612942934036 1.379814855754375 18.78294736146927 15.85895138978958 65.29070258885622 21.35011392831802 41.44203271716833 3.518301025032997 165.4965511709452 5.914035379886627 34.64356804639101 7.560527324676514 7.430045232176781 7.62952646613121 3.644554942846298 25.04413630068302 69.2918908521533 61.57533245533705 5.989452764391899 0 112.2906920686364 93.90303862094879 106.6497497037053 30.10471171140671 16.38822860270739 1.203893043100834 3297.899600103498 3.745321802794933 35.9154661372304 6.319829903542995 1.401406817138195 12.20989509671926 16.46885786950588 13.77278039604425 0 5.4460179656744 0.1481116861104965 2.281727701425552 1.87974189221859 23.94307099282742 4.128802046179771 2.378453955054283 1334.589613229036 3.667966231703758 0 1.220046073198318 39.49937914311886 3.726634591817856 1.604542434215546 19.08761093020439 9.760409727692604 7.062192499637604 117.3495096117258 12.16536223888397 42.62358969449997 46.76367682218552 137.7483235299587 14.69626605510712 217.9314855188131 561.6472277417779 308.7996836975217 179.186326906085 2.97852686047554 2.733468875288963 0 0 0 0 0 0 0 0 0 0 0.4878461956977844 0 0 0 0.1552156955003738 0 0 5.441743433475494 2.709403485059738 0 0 0 17.22971659898758 5.839806109666824 11.81649646162987 2.015513181686401 0 0 0.407669872045517 0 0 0.181260958313942 0 0 5.03316293656826 11.38760732114315 0.7490736395120621 0.3890736699104309 0.2843347489833832 1.636295080184937 0.2129836082458496 0.3091709613800049 1.401060968637466 0.4177486300468445 1.732838928699493 1.524260863661766 0 0 0 30.39081886410713 2.598657339811325 0.3116384148597717 2.153447821736336 0.2001971751451492 0 0 0.2477759122848511 0 0.4303304851055145 155.8012194335461 4.439322590827942 0 0 0.8127291053533554 15.71684150397778 6.698672831058502 12.21562370657921 9.605102062225342 4.725239783525467 8.097386062145233 4.292579591274261 3.102942034602165 0.5319667533040047 0 0 0 0 0.3005396127700806 0.357039749622345 0.430109828710556 210.6419754326344 40.73955173790455 5.711050137877464 888.9749074801803 28.70092026144266 728.9048518389463 154.5822955742478 425.1884008497 140.333213172853 10.81544879823923 274.2540266513824 57.06530407071114 4.702928319573402 48.725013718009 6.161024317145348 64.8867449760437 3.597143799066544 0.143831878900528 13.98096001893282 5.069283276796341 0
