0 4020.999222278595 1026.034492343664 813.3811814710498 133.4256200268865 431.337191298604 400.1122319698334 426.1283317059278 40.75830440968275 809.6474952176213 318.7058489918709 74.20946345478296 86.69866704940796 84.57426687330008 5.96193440258503 7.338435798883438 2.607408992946148 0.1568148881196976 0 0.7524361535906792 1.496075384318829 0 0.1866360306739807 0 3.478494331240654 0.2433430626988411 1.054177239537239 0.248711459338665 0.5767625123262405 0 323.6775085702538 9.986681319773197 4.179598361253738 0.5156095251441002 0.3833528012037277 4.40690853446722 2.433922700583935 0.7027170732617378 0.778613269329071 0.5360590815544128 1.195452854037285 0.4139068052172661 0.2248267531394958 4.441611938178539 0.1358583718538284 3.225354626774788 49.00597193837166 4.166084475815296 1.903518877923489 1.267989188432693 0.1893028542399406 0.170089066028595 0 0.3126164153218269 12.57556556165218 2.176269963383675 256.7837186977267 534.9637716710567 38.53546123951674 18.18345306068659 6.430290676653385 6.357012078166008 3.997206158936024 3.680044993758202 3.519295796751976 1.883935682475567 1.45569708943367 0.4911406636238098 2.600096583366394 2.325237058103085 6.815198257565498 7.386159911751747 0 167.7443329542875 15.93124811351299 11.59508857876062 5.786704175174236 2.174454681575298 32.48652550578117 289.4036525413394 24.63191669434309 214.3668493255973 32.56482059508562 0.4106443375349045 2.132351592183113 2.521729581058025 2.437346190214157 0 0.6209091395139694 0.1710971593856812 0.946228951215744 0.1173416525125504 0.8143213987350464 0.6051456108689308 0.5819992646574974 193.8615671694279 0.5325213074684143 0 0.8339929580688477 1647.334376111627 0.1194832026958466 0 0.1264857202768326 0.7635358572006226 0 0.9744772762060165 4.46235716342926 1.243839398026466 1.362168416380882 2.042964145541191 0.1895637661218643 2.62820129096508 10.32105531543493 7.005591884255409 1.242738820612431 1.02493605017662 0 0 0 0 0 0 0 0 0 0.1230358630418777 0 0 0 0.4593415260314941 0 0 0.1335879862308502 0 0.1318778842687607 0 0 0 0 3.125208407640457 0 2.034455962479115 1.007190860807896 0.2035772800445557 0 0 0 0 0 0 0 0 1.067572221159935 0 0 0 0.2864603996276855 0 0 0 0.1032574996352196 0 0 0 0 0.6677199602127075 0.3546427190303802 0 0 0 0 0 0 0 0 0 17.94299067556858 3.030998311936855 0 0 0 0.1396826058626175 0 0 0.4029656872153282 0.3313849568367004 0 0 0 0 0 0 0 0 0.1412467211484909 0 0 11.09026313573122 4.380300626158714 3.847712442278862 94.83054389059544 18.85513101518154 256.9999956041574 18.29326295107603 1141.849714204669 119.8350472599268 0.9573345258831978 21.16188649088144 4.887085035443306 0.2010368630290031 1.520806536078453 0 1.585780739784241 0 0 0 0.5075790733098984 0
4020.999222278595 0 1512.934814296663 2209.799943819642 3846.012758985162 401.1991438940167 1964.495077081025 1358.078869275749 1853.530573815107 704.3336456641555 3350.260316058993 143.3835166543722 624.1140975728631 770.7423527985811 29.43233317136765 19.83821306377649 9.906795687973499 0.4646835476160049 0 1.64980636537075 3.173560373485088 0.1671374291181564 0.08730939775705338 0.129345491528511 3.839354135096073 4.147022798657417 1.019820749759674 1.550817504525185 2.398564167320728 0.09991546720266342 1730.840127013624 13.08532340079546 39.32579616457224 0.6043674945831299 0.2271870225667953 6.492737486958504 5.486315108835697 2.610494010150433 2.257498800754547 1.328193828463554 3.946530006825924 2.563021287322044 0.5480238497257233 11.78585920482874 0.1478889882564545 3.99748906493187 247.5195723325014 14.64164634793997 1.984085083007812 2.027910739183426 4.791717678308487 1.430932864546776 0.09631188213825226 2.068109408020973 37.00512277334929 6.328217454254627 222.2060487121344 772.0063340514898 82.51550111919641 74.00028052926064 9.413203604519367 9.584714412689209 5.70933785289526 69.63044129312038 13.25619902461767 7.037088960409164 4.089120894670486 2.01545038819313 1.682619981467724 4.522702485322952 6.608542367815971 50.51396884024143 0 455.8858324959874 116.9475035741925 78.32687944173813 52.63020548224449 6.719766072928905 40.36827903985977 898.0945942401886 26.36902979016304 249.4443074837327 110.3311636969447 0.9412441104650497 10.65644093602896 11.2554996907711 6.452993109822273 0.2117506340146065 2.872804872691631 0.2453442886471748 1.675069339573383 0.2075035870075226 1.435863874852657 1.95107764005661 2.452515818178654 205.6729913800955 0.7454913407564163 0 1.626513496041298 1345.019942864776 0 0.1444408297538757 2.555925250053406 0.7391873896121979 0.996480792760849 3.591787770390511 6.565940648317337 2.621049396693707 2.428819447755814 16.34050640463829 3.568425379693508 20.16652467101812 36.36397059261799 30.68352783471346 18.33048773556948 1.327977001667023 0.1798469126224518 0 0 0 0 0 0 0 0 0 0 0 0 0 0 0 0.2657777667045593 0 0.2262113094329834 0.2616056799888611 0 0 0 10.61142152547836 1.508062779903412 12.06326188892126 3.14834389090538 0.379672646522522 0 0 0 0 0 2.040474236011505 0 0.6953152567148209 4.574704840779305 0 0 0.09709034860134125 1.055486142635345 0.1129019260406494 0.1226046532392502 0 0.2078959792852402 0 0.498893141746521 0 0 3.411430537700653 3.057371959090233 0 0.3057563304901123 0.3778136074542999 0.1071551069617271 0 0 0.1697263121604919 0 0.7070978283882141 66.17986192554235 3.698593482375145 0 0 0 4.766282215714455 0 0 0.5385250449180603 1.323508769273758 1.558555796742439 0 0.6270409226417542 0.2283132374286652 0.4356555193662643 0 0 0.1029511913657188 0.1227677538990974 0.2674882709980011 0 21.39481590688229 25.78487366437912 29.51861510425806 729.7158461660147 102.7709276303649 1096.404083773494 114.3145557045937 1337.432781271636 298.6295734196901 13.24006620794535 160.1236230060458 20.44688128679991 0.9441079199314117 7.422298692166805 0.3875650316476822 6.239723965525627 0 0.1974728628993034 4.791606053709984 3.246434271335602 0
1026.034492343664 1512.934814296663 0 7.809082701802254 248.793766617775 27.32927173376083 74.78667782992125 2467.699616111815 296.24226950109 1.490994781255722 932.085262671113 6.559048235416412 41.98143568634987 152.1191683411598 17.30405828356743 19.23924788087606 37.55651000887156 7.387927040457726 0.6338567137718201 14.93013522773981 40.50904855877161 0.6979103237390518 2.872987188398838 1.010887481272221 12.4293740093708 6.556114003062248 4.683285877108574 8.707102432847023 1.615700274705887 0.7348791882395744 2847.578961625695 519.6363636031747 4.792272388935089 8.368645168840885 4.714533247053623 29.42880123853683 2.26474990695715 4.109022945165634 1.520275853574276 1.321002192795277 34.33609771728516 11.54688047617674 23.97036878019571 17.04485741257668 1.827841512858868 70.75748874247074 99.45549856126308 34.1989546790719 19.64006443321705 48.49907638132572 4.275738753378391 0.999482624232769 1.084376029670238 7.125611066818237 9.936652705073357 3.709474347531796 125.7497717440128 594.7451212704182 30.13283636420965 25.56194257736206 300.3867150321603 44.48964986950159 73.47730249166489 394.1564632505178 4.491336263716221 4.973729588091373 2.381615810096264 3.878505550324917 47.66173285990953 69.88924128562212 1.332863092422485 10.88110662251711 0 197.9262198582292 102.203540802002 29.75032898038626 25.86239793151617 11.9446387514472 532.523105673492 838.8295601755381 382.792980119586 1666.274063937366 43.83186404407024 0.8973685652017593 5.704857438802719 4.845413140952587 43.68190889060497 0.118836872279644 1.227016650140285 0 2.79714746773243 1.294195160269737 10.36889259517193 2.032295227050781 4.748301096260548 15.49775046110153 0.2148804366588593 0.7020936012268066 0 516.7049287036061 0 0 0 0 0.112167552113533 0.2024468034505844 0.7268537133932114 0.2382849603891373 0.3259866535663605 3.534623578190804 1.581960201263428 3.311592936515808 4.201237216591835 4.87119148671627 2.425248429179192 0.4011164307594299 0 0 0.1795512288808823 0 0 0.2602382004261017 0 0 0 0 0 0 0 0.1304729878902435 0.1040090024471283 0.2596771270036697 0.2539871633052826 0 0 0 0 0 0 3.432176776230335 0.2729952335357666 5.50403568148613 2.432339832186699 1.31036376953125 0 0.348590113222599 0.2500750422477722 0 0 0.7587391138076782 0.1152505055069923 0 1.354786619544029 0 0 0.3237578645348549 1.577855378389359 0.8368193507194519 0.1120025515556335 0 0.09177473187446594 0 0 0 0 0 0.8633973971009254 0 0 0 0 0 0 0.1593384593725204 0 0.4947205036878586 16.41371577233076 5.023963794112206 0 0 0.4795514345169067 0.7731750085949898 0.2201125472784042 0 0.3269786834716797 0 0.2004037350416183 0.1551321297883987 0 0 0.2899815589189529 0.09626077115535736 0 0 0.4356349408626556 0 0 3.164893612265587 11.7236318513751 13.07511203736067 159.9594405889511 50.40652162581682 355.5241694897413 54.09464459121227 170.6158739030361 97.66852826625109 5.288680665194988 47.75401908904314 3.900812603533268 0.302221767604351 2.948537677526474 0.5939290970563889 0.6839248090982437 0.2941925227642059 0 0.3981043100357056 2.571658201515675 0.1292605847120285
813.3811814710498 2209.799943819642 7.809082701802254 0 302.8402413651347 461.6637151986361 1952.036106161773 2.891487099230289 90.87995774298906 1519.961431540549 6.537000305950642 632.9132005646825 1245.909351296723 266.4673744440079 1.016344591975212 0 0.5004977285861969 0 0 0 0 0 0 0 0 0.3149580657482147 0 0 0 0 7.193869106471539 0.3999879434704781 0.944573238492012 0 0 0 0 0 0 0 0.09370345622301102 0 0.1157086566090584 0.1271547675132751 0 0.08860922604799271 22.96079530566931 1.361306987702847 0.1125194206833839 0 0.2237901389598846 0.2347166836261749 0 0 2.650519579648972 0.3354089558124542 28.39222198724747 24.05126678943634 7.489510640501976 4.192687481641769 0.1020167022943497 0.146263599395752 0.2381611466407776 4.081056572496891 1.209802493453026 0.4782277643680573 0.1956089660525322 0.1056599840521812 0 0 4.593901813030243 5.75206358730793 0 40.72657808661461 6.912878461182117 8.091419354081154 4.252031087875366 0 0.2883481085300446 3.838119477033615 0.1364322453737259 0.9721912741661072 12.14674717187881 0.2391836121678352 0.3014574274420738 0.8891026377677917 0.2362166121602058 0 0.09890947490930557 0 0.1306945234537125 0 0 0 0.3956439346075058 202.5214957669377 0 0 0 206.1620880514383 0 0 0.4550206661224365 0 0 1.113130748271942 3.939677357673645 0.2610848546028137 2.37024062871933 5.280849263072014 0.7061920166015625 3.470375001430511 8.686217620968819 5.494154915213585 2.078950323164463 0.127795547246933 0 0 0 0 0 0 0 0 0 0 0 0 0 0 0 0 0 0 0 0 0 0 0 2.377017706632614 0 2.450370602309704 0 0 0 0 0 0 0 0 0 0 0 0 0 0 0.118798740208149 0.4054581820964813 0 0 0 0 0 0.5252578854560852 0 0 0.2324059158563614 0 0 0 0 0 0 0 0 0 17.97547313570976 0.9718443751335144 0 0 0 0.3666204512119293 0 0 0.1540241241455078 0 0.1148816123604774 0 0 0 0 0 0 0 0 0 0 10.32554999738932 3.46979033946991 2.627714984118938 84.00549275428057 5.176630318164825 124.3344023153186 9.296841092407703 743.9194801077247 27.61780354380608 1.126067854464054 13.5844874382019 1.912271484732628 0.5679735988378525 0.3253401517868042 0 1.502123281359673 0 0 0 0 0
133.4256200268865 3846.012758985162 248.793766617775 302.8402413651347 0 22.63881842792034 2804.756916083395 235.5296621546149 5404.540402069688 309.0601236596704 1347.570416890085 188.5760310217738 422.3158426433802 304.9832438006997 12.97189006209373 5.997333504259586 3.236302502453327 0.2633919417858124 0.100484311580658 0.5287925899028778 1.105618387460709 0.3177425563335419 0.2766217216849327 0 0.8520847335457802 1.481732860207558 0.1882227286696434 0.9826317355036736 1.168221101164818 0.1215449422597885 21.17228153347969 1.0229587033391 7.281126506626606 0 0 1.092263989150524 1.633313380181789 0.4760747030377388 0.8209964036941528 0.4901120737195015 0.9338487014174461 2.463917009532452 0.657048836350441 3.298235535621643 0 0.8862192258238792 88.85647439956665 3.665681228041649 0.08921707421541214 0.5593296363949776 3.106494806706905 1.047728031873703 0.7670483440160751 1.430015601217747 7.302412763237953 2.019055031239986 23.39722000807524 33.64206501841545 17.72301393002272 22.1638690829277 1.407817371189594 2.343180038034916 1.598941802978516 13.63698624074459 3.310097172856331 2.387525200843811 1.167694590985775 0.6397671923041344 1.248247258365154 0.451753169298172 5.038391023874283 15.34060011059046 0 78.68431226909161 21.25070583820343 26.77410718798637 22.72552612423897 1.793768629431725 3.388771332800388 58.13359427452087 5.713910602033138 34.93177044391632 23.61499501764774 0.3800423815846443 2.747035317122936 3.087037444114685 1.717020906507969 0.1229679733514786 0.9065079614520073 0.09196747094392776 1.420305214822292 0.2204772979021072 1.610398486256599 0.8736389577388763 2.317872412502766 125.6903291791677 0.4127060770988464 0.7243937999010086 0.1831242293119431 22.7756142616272 0 0.1547055244445801 1.21945882588625 0 0.5781404376029968 1.403832376003265 3.311588786542416 1.746890708804131 1.490451961755753 6.315619274973869 3.749219380319118 15.21644315868616 20.34079191088676 22.29788237065077 11.49505527317524 0.2541703283786774 0 0.4711222946643829 0.6354396343231201 0 0 0 0 0 0 0 0 0 0 0 0 0 0 0.2181413024663925 0.3448721095919609 0 0 0 0 6.618491403758526 0.6415923833847046 8.166214220225811 1.562944084405899 0 0 0 0 0 0.4916727840900421 0.1273606419563293 0 0.2176291346549988 1.750634536147118 0 0 0 1.18708872795105 0.3335808292031288 0.07608367502689362 0 0 0 1.140168376266956 0 0.6000411510467529 0.1621046662330627 3.267068579792976 0.429064005613327 0.08441684395074844 0 0 0 0 0 0 0 47.14502914249897 3.645573362708092 0 0 0 2.837436899542809 0 0 0 0.7663653492927551 0.9566613882780075 0.3054191172122955 0.09806130826473236 0 0 0 0 0 0 0 0 13.64318706095219 11.60094317048788 11.68854549527168 438.7135710567236 54.9633683860302 427.8918097689748 70.15679702162743 127.0050475969911 110.7295856922865 6.144352354109287 90.34944721311331 7.213990956544876 0 4.157977759838104 0.2137185782194138 5.289870053529739 1.24127721786499 0 1.062163129448891 3.252321667969227 0
431.337191298604 401.1991438940167 27.32927173376083 461.6637151986361 22.63881842792034 0 162.0724584311247 3.951291188597679 26.45814273506403 484.5525804236531 10.55998201668262 138.285429790616 228.437324218452 49.68042735755444 0.1181933283805847 0.3118535429239273 0.1650768369436264 0 0 0 0 2.557070255279541 0 0.1534432172775269 0.6102571412920952 0 0.1469050049781799 0 0.2918816059827805 0 2.243856117129326 0 44.20352438092232 0 0 0.1355490982532501 39.24880664050579 2.104814767837524 8.301860481500626 0.3839626982808113 0.2634395137429237 0.371418833732605 0 0 0 0.4733426570892334 0.3524830788373947 0.1556641459465027 0 0 0.1680750995874405 26.83049763739109 3.201175779104233 1.495301052927971 0.2712773010134697 1.599527068436146 94.33835853636265 8.132622584700584 2.619719982147217 0 0.7892772257328033 20.69094440340996 0.9828561544418335 0 0 0 0 0 0.1303127259016037 0 259.3006036579609 228.6017246991396 8.321718245744705 0.9611088037490845 0 0 0.1806052476167679 0 0 23.56864877045155 0 8.552612021565437 0.4527996480464935 1.020223751664162 0.08607827872037888 0 0 6.347892507910728 1.310419648885727 21.25680580735207 1.174236714839935 2.364219084382057 0 0.1186249032616615 0.8869888857007027 654.9216708913445 63.34050200879574 15.32715474069118 29.17815406620502 227.1799452751875 0 0 0 0.154626652598381 0.1068197786808014 0 1.416490644216537 0 0 6.27616959810257 0.4307291507720947 1.39303332567215 4.927311077713966 2.127059251070023 0.2602424621582031 0 0 0 0 0 0 0 0 0 0 0 0 0 0 0 0.1468703746795654 0 0.2750552594661713 0 0 0 0 0 0 1.233137756586075 0 1.382033474743366 0.2764507085084915 0.1430200934410095 0 0 0 0 0 0 0 0 0 0 0 0 0 0 0 0 0 0 0 0 0 0 0.4064060002565384 0 0 0 0 0 0.1559508591890335 0 0 0 4.510102808475494 1.26261493563652 0 0 0 0 0 0 0 0 0.1724179834127426 0 0 0 0 0 0 0.1858927756547928 0 0.1458923369646072 0 4.714013278484344 2.062906004488468 2.70066536962986 12.8092757165432 1.210617505013943 3.835282437503338 1.969601146876812 36.96052993834019 4.919092230498791 0 1.62380875647068 2.542743474245071 0 0.4745806977152824 0 0 0 0 0 0 0
400.1122319698334 1964.495077081025 74.78667782992125 1952.036106161773 2804.756916083395 162.0724584311247 0 99.94687893986702 1528.511804632843 2989.818348675966 415.6741930395365 776.7291426956654 4268.58852159977 411.9361803680658 24.56977405399084 12.04975292831659 5.275642417371273 0.4145893082022667 0.3184316903352737 1.178694263100624 2.440022617578506 0.4323268681764603 0 0 1.303257621824741 3.102900370955467 1.015666767954826 2.079012423753738 2.036914922297001 0.09186466038227081 22.63750404119492 3.343404412269592 6.162164077162743 0.1452632546424866 0.2160856351256371 3.005201749503613 2.23554091155529 0.9360602423548698 1.00086460262537 1.360625892877579 1.873602546751499 2.671625234186649 0.5309545323252678 7.884823240339756 0.3734476268291473 1.352285705506802 126.4799214154482 4.236534863710403 0.9492758139967918 0.3364874646067619 5.431579478085041 1.843249529600143 0.2969125658273697 2.915121413767338 11.58211326599121 3.377032056450844 38.23932288587093 41.39746962487698 25.3327798768878 29.02048629522324 3.572530992329121 4.875266849994659 1.868776217103004 16.69820517301559 4.402801141142845 3.664940632879734 1.8722755163908 0.64753358066082 1.21960224211216 1.873571433126926 13.28390961140394 64.36566133797169 0 107.7278971150517 29.97764129191637 38.23438907414675 27.57235362380743 5.106892637908459 4.502361677587032 89.86181697249413 7.353803291916847 71.97701508551836 28.02144089341164 1.022281244397163 4.593907579779625 4.231612682342529 2.557524912059307 0.3832274004817009 1.390105523169041 0.4566938951611519 1.950316667556763 0.9083317294716835 1.642136365175247 2.688717499375343 3.636135891079903 400.8494735509157 2.088799461722374 0.1195909529924393 0.3556973487138748 91.29199493676424 0.4333027526736259 0.1430578678846359 3.817248053848743 1.500207811594009 3.07591125369072 11.69408787786961 8.231801226735115 5.937051981687546 6.846590682864189 24.49631382524967 9.109050154685974 35.1655145585537 76.96743925660849 79.47024691104889 34.66449396312237 1.527564041316509 0.2796357870101929 0.6255914270877838 0.4230191260576248 0 0 0 0.08321453630924225 0 0.4036857709288597 0.3090532422065735 0 0 0 0 0.1662284433841705 0 0.6086580604314804 0 3.11846549808979 0.3141927421092987 0 0 0 18.2456611469388 3.10822531580925 22.05317616462708 2.326171696186066 1.272348493337631 0 0.3664678186178207 0.09936301410198212 0 0 2.172667860984802 0 2.290765702724457 7.877606570720673 0.5317425280809402 0.1120026558637619 0.1090167090296745 1.441131263971329 0.2618701979517937 0.0802459642291069 0.1474446207284927 0 0.8528862372040749 1.093706414103508 0 0.2105598598718643 1.351183384656906 7.885286666452885 0 0.3826095685362816 0.09986155480146408 0 0 0 0.1122996062040329 0.09018631279468536 0.1305636912584305 153.3692439347506 5.176236197352409 0 0 0 8.887270987033844 0.1243283748626709 0.1585483253002167 0.6217186227440834 2.499206028878689 3.313254453241825 1.325302369892597 1.014293819665909 0.168489471077919 0.07989805191755295 0 0 0.1778618693351746 0.1241270527243614 0 0.4043301939964294 58.03393512219191 51.13545351475477 41.52534456551075 677.5612585991621 101.2925901114941 606.8262235969305 117.4774350896478 438.9331283345819 163.2581166028976 13.05834573507309 147.964276894927 20.58097519725561 2.114645354449749 14.37248481065035 0.4431969225406647 13.44032016396523 1.120427250862122 0.1125843897461891 1.807971753180027 3.077853687107563 0.2229243814945221
426.1283317059278 1358.078869275749 2467.699616111815 2.891487099230289 235.5296621546149 3.951291188597679 99.94687893986702 0 407.5524308085442 2.461781404912472 517.5445074439049 2.759090475738049 75.50865782052279 305.6213577464223 26.16873940825462 17.96890362352133 11.55445100367069 1.573614344000816 0 4.950335688889027 19.45299473404884 0.3922410309314728 1.03603757172823 0.6064416021108627 8.731708869338036 2.718315154314041 2.532609865069389 3.207016713917255 1.70028518140316 0 504.0138526186347 430.4467881023884 13.95580888539553 3.344639398157597 1.666359789669514 23.3357747271657 1.001583710312843 3.424744732677937 1.94292501360178 1.60433991253376 12.96405412256718 6.841401003301144 4.652671486139297 18.76894769817591 0.1474396884441376 27.74058388918638 121.2446845248342 14.93657226115465 4.245790295302868 16.79914169758558 2.554254375398159 0.584809847176075 0.1300885081291199 2.782431825995445 8.06533145159483 3.365260444581509 41.26516968756914 103.3100475594401 18.88634344935417 29.85916101932526 122.4590461999178 40.72516459971666 38.71588579565287 58.22745701670647 3.167245104908943 3.781068682670593 2.277436599135399 1.905901096761227 15.20353810489178 23.90424436330795 2.668087877333164 15.65748350322247 0.1213560104370117 116.7677825242281 52.65784788876772 39.10595766454935 46.27482298016548 41.7525080665946 1275.244355626404 1205.62860750407 420.0401202812791 2676.199260152876 26.80288495123386 0.6579031944274902 3.04712451249361 3.658069275319576 18.31625047326088 0 1.100028865039349 0 0.6875371262431145 0.7535457983613014 5.547374747693539 0.7586058676242828 1.789228484034538 12.39488692581654 0 0.1293708831071854 0.1610054224729538 71.07090639322996 0 0 0.7703549191355705 0 0.4172556772828102 0.2510991096496582 0.2646794766187668 0.3983576744794846 0 1.553615599870682 0.714583620429039 4.477310299873352 5.149828061461449 5.503072991967201 3.751654751598835 0.9645111560821533 0 0 1.129161953926086 0 0 0 0 0 0 0 0 0.2259418368339539 0 0 0 0.2149180918931961 0.5188374072313309 0 0.1538291275501251 0 0 0 0 2.476111106574535 0 4.79057727009058 1.325720503926277 0.6313445270061493 0 0 0 0 0.5502836108207703 0 0 0 0.4274549558758736 0 0 0 0.4790968149900436 0.1065497025847435 0 0 0 0 0.1578988134860992 0 0 0.5462630391120911 0.9510393515229225 0 0 0 0 0 0 0.1491402089595795 0 0.1279409974813461 12.46269132196903 4.337344869971275 0 0 0 0.355338416993618 0 0 0.6217360123991966 0 0 0.3000572919845581 0.3522772789001465 0 0.1054875403642654 0 0 0 0.08502218872308731 0.09726935625076294 0 2.940612331032753 6.494244284927845 9.811781719326973 294.7318432107568 46.75675989687443 431.9009529128671 64.62380904704332 71.94646532088518 92.9611506909132 5.824671067297459 81.22919610887766 6.531311251223087 0.08912686258554459 2.506709732115269 0.1568159759044647 1.347926139831543 0.5066218376159668 0 2.185849517583847 2.738842710852623 0
40.75830440968275 1853.530573815107 296.24226950109 90.87995774298906 5404.540402069688 26.45814273506403 1528.511804632843 407.5524308085442 0 136.5094137936831 4239.60506375879 177.2661401033401 2384.6167460531 2326.849324576557 31.47477842122316 31.78363168239594 10.01276033371687 0.8771428689360619 0 0.6444585770368576 3.287713177502155 0.6377387344837189 0.2595447078347206 0.3479294329881668 3.687644280493259 4.446171022951603 1.457620970904827 3.487721189856529 3.866431385278702 0.1719121336936951 16.04836031794548 3.083740890026093 261.9194644317031 0.4299301356077194 0.1047326549887657 9.583145037293434 15.02687209099531 3.879297874867916 5.254888765513897 3.948103114962578 2.035197824239731 3.618925034999847 0.6727092266082764 11.68174239993095 0.3041067346930504 2.679951258003712 70.32161059975624 2.36050883680582 0.2501377090811729 1.501574888825417 4.691768623888493 2.704459317028522 2.193065918982029 3.1169054210186 2.381344355642796 2.098287828266621 10.27761166542768 11.38354447484016 8.533906638622284 13.09869061410427 4.622363775968552 13.25327963382006 5.316405825316906 5.188683994114399 1.49268900603056 1.251899972558022 0.763888917863369 1.103997774422169 1.375815436244011 2.287598200142384 24.88297530263662 88.20024481415749 0.3100838959217072 32.28884917497635 8.252216026186943 15.21031596511602 11.40155602246523 5.790589787065983 14.38791280984879 361.4081046953797 17.56015639007092 154.5100320205092 8.334071859717369 0 1.649004362523556 2.56340916454792 2.871727623045444 0.3904417306184769 1.042884595692158 0.8650113940238953 1.99936631321907 0.5815474838018417 2.681289695203304 2.424976676702499 2.861522950232029 266.9053810611367 2.878705531358719 0.4699554443359375 1.1178297996521 7.459940932691097 0.1123385801911354 0.4519974812865257 3.964585706591606 1.474104061722755 2.9817004352808 9.764403149485588 7.346237502992153 7.133993960916996 3.441515542566776 30.37494822591543 10.34007827937603 40.2881381213665 74.73604086041451 83.52760577946901 43.81250426918268 1.306810058653355 0.3526838719844818 0.3431391268968582 0.3193197324872017 0 0 0.3424402624368668 0.09728617966175079 0 0 0.09364444762468338 0 0 0 0.2468919083476067 0.6329584345221519 0.5364776402711868 0.161238044500351 0.09843375533819199 4.719465278089046 0 0 0.4224549233913422 0 23.7785731703043 1.465973675251007 28.01550574600697 3.099933259189129 1.636546403169632 1.119195111095905 0.209069162607193 0.09189735352993011 0 0 0.7596129700541496 0 2.76948644220829 7.844111099839211 0.2606029137969017 0 0 1.590198382735252 0.2073582857847214 0.450662225484848 0.3968440890312195 0 0 0.7564664930105209 0.1282360255718231 0.7778479382395744 2.480291739106178 8.823637120425701 0.1978898420929909 0.614343635737896 0.2187846377491951 0 0.08457076549530029 0 0.1898819282650948 0.1571172773838043 0.1055155396461487 184.1916427910328 11.14574159681797 0 0 0 10.73628529906273 2.237436711788177 0.1452163606882095 2.587460078299046 1.990269958972931 5.176554389297962 0.3721209168434143 1.624203257262707 0 0 0 0 0 0 0 0 59.38848874717951 61.62009701877832 42.15573940426111 533.6067216172814 109.4695692136884 371.0250044390559 98.54996553063393 76.85260602831841 90.24249664694071 11.52418307214975 126.9617095142603 18.16256409138441 1.679192297160625 16.34889558702707 1.050422921776772 15.80822803080082 2.082772128283978 0 2.073083803057671 4.870654903352261 0
809.6474952176213 704.3336456641555 1.490994781255722 1519.961431540549 309.0601236596704 484.5525804236531 2989.818348675966 2.461781404912472 136.5094137936831 0 9.379188120365143 2056.074816301465 4345.204517886043 737.6147561296821 3.152800962328911 2.507374577224255 1.309939444065094 0 0 0 0.4611886292695999 0 0 0 0 0.3453439772129059 0 0.1320608705282211 0.7113661766052246 0 1.322956658899784 0.2352482676506042 1.001192316412926 0 0 0.2687664926052094 0.4200862199068069 0.6986178159713745 0.1604741960763931 0 0.1243791878223419 0.2855998277664185 0.514861598610878 0.7402130663394928 0 0.195246234536171 23.81119697540998 0.7602968662977219 0 0 0.9589357525110245 0 2.438327312469482 0.4493788331747055 1.668978132307529 0.6305728405714035 31.14725426584482 10.85685215890408 3.99947065114975 5.492155708372593 0.5635154247283936 0.8402202725410461 0 0.9821663796901703 0.3648996353149414 0.3041177541017532 0 0 0.7373947650194168 0 40.33307090401649 42.69345040619373 0 17.43358718603849 1.06493216753006 3.922854885458946 2.137277863919735 0.9265949130058289 0.1887626200914383 10.13178154826164 0.3081145137548447 5.171722024679184 4.715798042714596 0 0.2786074057221413 0.337976261973381 0.6494829505681992 0 0 0 0.2966435104608536 0 0 0 0.1389461159706116 763.4520317316055 2.180998802185059 0 0 373.7414199262857 0.09982912242412567 0.5356696546077728 2.087265685200691 1.490907669067383 0.1771341115236282 19.2386009991169 11.20780472457409 4.863800227642059 4.742133602499962 23.56084340810776 2.804208599030972 70.89763072133064 40.31917471438646 33.33681005239487 15.36558561772108 0.2218266278505325 0 0 0 0 0 0.3827291131019592 0 0 0 0.3431086242198944 0 0 0 0 0.4874439239501953 1.029156997799873 0 0 1.198906734585762 0 0 0 0.4722785353660583 10.78425005078316 0 15.6914396956563 2.004292279481888 0.9937920272350311 0.6158171892166138 0 0 0 0.15459144115448 0 0 0.7162321582436562 4.182407483458519 0 0 0 1.876716554164886 0 0 0.3218736574053764 0 0 0 0 0 0.2377354502677917 4.499855719506741 0 0 0 0 0.1262363195419312 0 0.3289031684398651 0 0 64.67782909423113 4.223873049020767 0 0 0 2.719874426722527 0 0 0.8141021877527237 0.610297217965126 1.690273731946945 0.9759675189852715 0.1771134287118912 0.3645592033863068 0 0 0 0 0 0 0 45.9880454018712 16.15277247875929 15.36821644753218 317.0100291222334 12.98617970198393 123.583957657218 16.73872503638268 660.4912639185786 27.09120800346136 0.6217625588178635 50.9305874183774 13.29738898575306 0.4483485221862793 5.821133986115456 0.2012899667024612 15.78571565449238 0.5371720045804977 0 1.083632916212082 0.9460236802697182 0
318.7058489918709 3350.260316058993 932.085262671113 6.537000305950642 1347.570416890085 10.55998201668262 415.6741930395365 517.5445074439049 4239.60506375879 9.379188120365143 0 15.72325763851404 680.2363636344671 2939.435406126082 29.30599903315306 34.31344679743052 14.57259218394756 0.5305771082639694 0.2471219375729561 0.8356395289301872 5.157656319439411 1.169477880001068 0.2545449659228325 0.1158167645335197 8.113182984292507 4.562357023358345 2.737144410610199 3.419302105903625 2.73152431845665 0.4974797070026398 106.570946842432 45.94711001217365 236.0775786414742 0.4695852249860764 0.2821242287755013 18.54847689718008 25.0196116939187 6.848012216389179 13.05225494503975 4.541544616222382 3.978807389736176 4.848931834101677 0.903098963201046 12.42892905324697 0.1131818667054176 4.753899350762367 84.74118165671825 3.211457341909409 1.755542628467083 1.652268797159195 4.726854518055916 1.290448114275932 2.183653712272644 5.477511934936047 4.289750061929226 2.416860334575176 18.66530554741621 40.7114963978529 15.0905681475997 16.33855400979519 19.48402647674084 29.60116931051016 9.32248168438673 19.7434366941452 3.318960621953011 1.80129685997963 1.191617660224438 1.20383270829916 3.093491971492767 4.014475047588348 30.51656465232372 56.03993349522352 0 56.52991535514593 23.81849483400583 23.9405484944582 23.7791405916214 8.210518047213554 168.7680985927582 2008.265585236251 38.45205345004797 586.2362361326814 14.77895805239677 0.43486637622118 2.183709792792797 2.422330841422081 3.067278869450092 0.2767186611890793 0.6747948601841927 0.2322894185781479 1.359089337289333 0.6841400265693665 2.780393525958061 1.407344400882721 2.526671722531319 91.66432458907366 4.664773479104042 1.152519598603249 2.724356636404991 32.0218813419342 0 0.4341810941696167 2.485012389719486 1.185548827052116 0.8426608219742775 4.212259761989117 2.346159189939499 2.933299526572227 1.192813351750374 13.62064051628113 3.569969601929188 18.09816192090511 27.07216067612171 26.02776358276606 17.76628562808037 0.3259141445159912 0.4567025154829025 0 0.4952141344547272 0 0 0 0 0 0 0.1528546810150146 0 0 0 0 0.6661919057369232 0.6658805310726166 0.5460725426673889 0 0.6139298379421234 0 0 0.1784454733133316 0.1162536144256592 9.034038059413433 1.547379434108734 14.90307410806417 0.885435938835144 0.6000850796699524 0.1128580272197723 0.3163933381438255 0.15545853972435 0 0 1.918978907167912 0 1.401139959692955 5.092491582036018 0 0 0 1.564885996282101 0.571411594748497 0.09459955990314484 0.4855624139308929 0 0.2572970986366272 0.2488218918442726 0 0.6852580904960632 1.857841484248638 5.686425685882568 0.269397109746933 0.1280424892902374 0 0 0 0 0 0 0.5841802284121513 70.74030354619026 5.194838352501392 0.1208934187889099 0 0.1019236743450165 3.822590589523315 0.2236097753047943 0 1.365545354783535 2.567895852029324 3.670264028012753 0.09653688967227936 0.386131763458252 0 0 0 0 0 0.1715392768383026 0.1229121685028076 0.4672790467739105 18.87545137107372 26.94749061763287 24.24473702162504 506.5475203171372 94.781145632267 382.1647961288691 88.00337124615908 70.87788850814104 93.96271946281195 10.21433248370886 129.1990367770195 13.51695095002651 0.5281190350651741 10.48126543313265 0.6692583858966827 4.944407910108566 0.5833513736724854 0 1.79952447116375 2.80938084423542 0
74.20946345478296 143.3835166543722 6.559048235416412 632.9132005646825 188.5760310217738 138.285429790616 776.7291426956654 2.759090475738049 177.2661401033401 2056.074816301465 15.72325763851404 0 2524.040953494608 209.0783568546176 3.33480066806078 6.664496183395386 1.880794420838356 0.1585015803575516 0 0 0 0.6819533556699753 0 0 0.5183146595954895 0.8039109706878662 0.1560747921466827 0 0 0 3.173732325434685 0.840593196451664 13.48052705824375 0 0 0.7933786511421204 13.02884976565838 1.313338696956635 4.862354055047035 0.7020860910415649 0 0.2121056020259857 0 1.43797978758812 0 0 15.93928500264883 0.3167877942323685 0 0 0 1.153568595647812 2.577356785535812 0.643607959151268 2.467490181326866 0.371289424598217 7.016481839120388 3.196371875703335 2.360700145363808 1.486753165721893 1.454248994588852 6.903348818421364 1.213996469974518 1.233532592654228 0.2323992177844048 0.5049866288900375 0 0 0.4359850957989693 0.1179875507950783 96.25098580121994 60.62944495677948 0 12.57657468318939 1.831888094544411 1.994485601782799 1.708627194166183 0.3228954821825027 0 8.458379246294498 0.6158535480499268 11.12277762591839 2.022574402391911 0.3307300508022308 0.3142018988728523 0.419428363442421 0.1288324296474457 0.1859113723039627 0 1.112909257411957 0 0 0.3971053436398506 0 0.8078962862491608 1353.881341442466 4.922751665115356 0.8582746684551239 8.657035931944847 42.592753008008 0.4581725373864174 0.1594995260238647 3.270260609686375 5.737570032477379 2.785764686763287 12.64798375964165 18.54846389591694 3.693418323993683 7.880768842995167 34.8472628891468 8.4609514772892 51.87799722701311 92.03919792175293 84.40313447266817 35.12832522392273 0.5977061241865158 0.5918858647346497 0 0 0.2852537333965302 0 0.6113166809082031 0 0 0 0.1725608259439468 0 0 0 0 0.1143264845013618 0 0 0 2.263321310281754 0.3409098088741302 0 0 0 13.13325097411871 0.4733907878398895 18.57580281049013 2.439534306526184 0.7959461212158203 0.7512001246213913 0.1335804015398026 0 0 0 1.220665067434311 0 1.876047424972057 7.262257732450962 0 0.1024517863988876 0.1837995797395706 0.8543094992637634 0.1236216574907303 0 0.4633667692542076 0.08802017569541931 0.1087641417980194 1.381946101784706 0.5053277015686035 0 0.7967928946018219 5.635995231568813 0 0 0.1183604598045349 0 0.2846916913986206 0.2928613647818565 0 0.1242050305008888 0 155.9442844092846 4.94616211950779 0 0 0 7.174963817000389 0.1463782340288162 0.6707239151000977 1.059781178832054 1.420795202255249 3.054204061627388 0 0.3904627412557602 0.09095289558172226 0 0 0 0.09754765778779984 0.1070813909173012 0.134356215596199 0.2976231276988983 95.69701711833477 41.81893163919449 30.56570352613926 270.0988366827369 12.06151290237904 111.422481842339 23.10518711805344 166.168420933187 24.47443077713251 2.858091503381729 52.9356799274683 14.00726093351841 0.1287091374397278 11.77215099334717 0.5989784523844719 12.64771282672882 3.196139387786388 0.7888981997966766 2.448298171162605 0.7956784963607788 0.5062076449394226
86.69866704940796 624.1140975728631 41.98143568634987 1245.909351296723 422.3158426433802 228.437324218452 4268.58852159977 75.50865782052279 2384.6167460531 4345.204517886043 680.2363636344671 2524.040953494608 0 2847.986424267292 18.36969598382711 25.53552608937025 8.703796438872814 0 0 0.7287959232926369 3.384819433093071 5.585101962089539 0.9229619801044464 0 8.254271529614925 4.41813949495554 0.7817763611674309 2.845230735838413 5.563559092581272 0.1096032410860062 4.314720571041107 0.4984158203005791 1177.51744183898 0.101018875837326 0.5858394652605057 19.81041461974382 396.9862799495459 23.94205192476511 79.44941334426403 20.13111194968224 1.950517758727074 2.769745945930481 0.5749895423650742 8.379207968711853 0 0.8204879760742188 34.16590351611376 1.99873923510313 0.1018195301294327 0.7185530588030815 2.414116494357586 7.104049943387508 58.52672234922647 5.553658857941628 2.727464236319065 2.475761115550995 9.834931656718254 7.799977079033852 5.560026966035366 5.172368310391903 13.2287386059761 102.445970594883 19.74740891158581 2.353979982435703 0.9599846452474594 0.4860895127058029 0.2091692388057709 0.4338918253779411 1.66701340675354 1.535214968025684 865.6460464596748 206.512645713985 1.35699849575758 19.47512251883745 4.644663907587528 7.41272497177124 5.067378185689449 3.681685119867325 1.81453362852335 185.0279792025685 4.783020600676537 80.02775786817074 4.666501298546791 0.152156189084053 0.6081821843981743 1.314870037138462 1.445138201117516 1.013208128511906 0.8050912246108055 3.752205446362495 2.165977194905281 0.6167368739843369 1.003081224858761 2.381023183465004 3.431888893246651 3285.766320683062 55.43055635690689 18.74492003023624 59.26325096189976 56.21683046221733 1.019774943590164 0.9725783467292786 8.311775252223015 3.250871993601322 5.199065200984478 28.19305127859116 24.04008819162846 14.45030206441879 8.4251539260149 68.30738038569689 25.35154696553946 100.1408416554332 188.6251896172762 179.1999203786254 81.33722104877234 2.34839852899313 0.6913939118385315 1.163064330816269 0.9599026441574097 0.5046231970191002 0.4208152294158936 0.8054772242903709 0.2758212089538574 0 0.2798430621623993 0.1935874670743942 0 0.2515626847743988 0.6651761829853058 0.6430435180664062 1.891289696097374 2.180084004998207 1.718866139650345 0.3052421659231186 7.231304578483105 0 0 0.4207124412059784 0 41.31360320001841 3.338003113865852 45.75502518564463 10.30804923921824 2.435547485947609 0.4886953085660934 0.5755073726177216 0.3523501008749008 0 0 4.380779229104519 0 2.823081612586975 14.69307690858841 0.4240633472800255 0.3365341201424599 0.1996975541114807 5.393395401537418 1.15663206577301 0.08643406629562378 0.1698530167341232 0.2936625853180885 0.2313011586666107 0.9376544654369354 0 0 2.154080167412758 13.2812751531601 0 0.5842981338500977 0 0.2158102244138718 0 0.1205343678593636 0.08608110994100571 0 0 400.6713706925511 18.33521848917007 0 0 0.1585988253355026 19.90025769174099 1.506133407354355 1.33360406011343 4.579178236424923 4.533577494323254 7.385026752948761 2.715612053871155 2.858485117554665 0 0 0 0 0.5306241065263748 0 0.1148325502872467 0 165.1364786326885 117.3918135166168 71.45188526064157 469.9474218636751 77.91327316313982 219.6378134936094 59.01886822283268 176.8350205123425 51.78840210288763 3.890417836606503 103.3713609278202 38.75663220882416 1.463833644986153 26.25573863089085 0.7311451658606529 30.93842823803425 2.020604878664017 0 4.597529761493206 3.093253456056118 0
