0 3202.870240502059 649.6056817770004 1626.725904420018 342.5391342863441 151.7615698873997 1296.167190395296 176.4522192254663 137.9000157490373 3013.645241029561 702.0160566791892 140.3425842449069 393.298881277442 710.4878607243299 1.914180845022202 0.121024064719677 0 0 0 0.3086468875408173 0 0 0 0 0 0.5281754285097122 0.118127278983593 0.4951761811971664 0.148167222738266 0 576.3282117918134 3.594285495579243 3.047746255993843 0 0 0 22.67041613906622 0.1790253072977066 1.229542404413223 0 0.09895531088113785 0.2691201493144035 0 0.1491934955120087 0 0 52.97159198671579 1.705001704394817 0 0 0.2495654597878456 3.541145458817482 0 0.3943258598446846 12.58661437034607 8.580353140830994 439.1794622465968 1521.199886791408 24.07047185301781 46.62091283500195 0 0.4354992508888245 0 2.062161415815353 3.005111373960972 1.364599719643593 0.08715964108705521 0.3287848830223083 0.4458188861608505 0 41.49075029045343 15.90106712281704 2.032189160585403 463.809735879302 14.21123720705509 8.367556117475033 2.011777378618717 1.799675509333611 3.755711980164051 18.53352335095406 0.1482169032096863 1.218722403049469 24.12751915305853 0.3815325051546097 2.63744043558836 2.741382613778114 1.216991245746613 3.986249566078186 4.080667085945606 3.695904716849327 0 0.1663915067911148 0 0 0.3649438992142677 162.8080076724291 5.725577473640442 1.722167178988457 2.929791152477264 1349.155271530151 0 0 0 0 0 9.800993800163269 0.630346417427063 0 122.748950086534 3.707301959395409 0.2978049367666245 4.003070995211601 6.370533064007759 11.69207838177681 4.842908442020416 0.1550240516662598 0.2288671284914017 0 0 0 0 0 0 0 0 0 0 0 0 0 0 0 0 0 0.3496605306863785 0.4939645081758499 0 0 0 2.56181363016367 0 4.403832882642746 0.6479736864566803 0.2600321769714355 0 0 0 0 0 0 0 0 0.2720827460289001 0 0 0 0 0 0 0 0 0 0 0 0 0 2.78679247200489 0.2987799048423767 0 0 0 0 0 0 0 0 9.842697866261005 0 0 0 0 3.84079647064209 0 1.604854330420494 0 0 0 0 0 0 0 0 0 0 0 0 0 2.207488045096397 1.309495821595192 0.649190366268158 129.0379413291812 16.95622394979 161.7591520324349 27.52622336149216 1239.818718872964 69.84100779145956 2.788642458617687 13.28013800829649 1.770298317074776 0 0.3117298185825348 0 0.1722428202629089 0.1592710763216019 0 0.8539407700300217 0.2728759050369263 0
3202.870240502059 0 1805.542792282999 1197.218430459499 1887.583131857216 271.2097615450621 2179.286179862916 469.7924708127975 1306.166326373816 142.4824960678816 2311.662725739181 118.122782446444 555.1482916846871 2195.826281152666 5.914030082523823 1.027437321841717 0 0.1313484609127045 0.1139972507953644 0.1653734594583511 0.1205175071954727 0 0 0 0 0.6010417342185974 0.5443267375230789 0.4078847467899323 0.6147590726613998 0 1673.68047092855 3.651743300259113 1.407530292868614 0 0 0 24.70640498399734 0 0.4457796514034271 0 0.5166528522968292 0.7499957084655762 0 0.3533734679222107 0.2176396548748016 0.1047687903046608 131.8070998117328 7.747085846960545 0 0.2041994631290436 0.5876084417104721 0.5364622324705124 0 0.933025911450386 24.81245984137058 13.88511211425066 104.6458869129419 391.3495017364621 18.54312527924776 61.39368442445993 0 0 0 15.21561183780432 8.38836182653904 4.508459843695164 1.697525605559349 0.7080534175038338 0.3046175837516785 0.3739513829350471 11.10627110302448 0.6981315761804581 0 328.4758213311434 46.44498667865992 23.69726319611073 9.134053930640221 1.007651880383492 8.227037146687508 36.44288028776646 0.2415693998336792 0.7014907002449036 50.43111962080002 0.3826810717582703 7.974758096039295 6.459331795573235 3.618205368518829 0.2716018855571747 1.683649137616158 0 0.4363497719168663 0.8331632986664772 0 0.1426727920770645 1.338140934705734 86.56570861488581 0.389911949634552 0.2209175378084183 0 379.4561416208744 0 0.8301247656345367 0 0 0.1145155429840088 8.921356856822968 0.8317297697067261 1.381430238485336 43.0211187005043 10.67003756761551 0.6869683563709259 4.4678023904562 16.37752048671246 28.79764512181282 6.935084834694862 0 0 0 0 0 0 0 0 0 0 0 0 1.154003977775574 0 0 0.2789045572280884 0 0 0.2134831249713898 0.2962551265954971 0.6038402616977692 0 0 0 4.552195534110069 0 6.290988259017467 1.297955825924873 0.5006812214851379 0 0 0 0 0 0 0 0.2530040144920349 0.2887787222862244 0 0 0 0 0 0 0 0 0 0.5344592183828354 0 0 0 4.877224378287792 0.1250455677509308 0 0 0 0 0 0 0 0 30.08399145305157 0 0 0.1664506047964096 0 6.565152443945408 0.9198812544345856 6.757173672318459 0 0 0.6223240494728088 0 0 0 0 0 0.1006100550293922 0 0.2295631319284439 0 0 7.297209918498993 3.524478331208229 2.800986468791962 351.9767494872212 50.19046181440353 401.8005083501339 78.88552927970886 875.3919958695769 81.31369251012802 5.071456536650658 36.1433078572154 2.47530534863472 0 1.4011110663414 0.2473823577165604 1.906591728329659 0.1860517710447311 0 0 3.836664080619812 0.152626171708107
649.6056817770004 1805.542792282999 0 17.41143892705441 331.5160861462355 29.95775979757309 85.98454727232456 1730.560730442405 443.253878928721 11.65706638991833 3204.808360464871 26.06633748114109 186.0775135010481 1160.74145219475 8.75328778475523 6.344327732920647 1.115858428180218 1.071245089173317 0.4491817206144333 4.065267972648144 13.38782942295074 0.1555794477462769 17.58106578886509 7.327409885823727 5.660284124314785 9.711144752800465 13.85931457579136 3.640199780464172 0.8563529625535011 0 5317.46387142688 33.57442786544561 14.34726293385029 16.20080051571131 22.6272175014019 9.129201948642731 39.02474207431078 15.43482330441475 5.645223639905453 4.356823027133942 16.90619811415672 7.357799790799618 8.91614294052124 2.105594001710415 9.113756135106087 9.406302914023399 97.42369581758976 5.862608812749386 0.9041522145271301 0.8327029496431351 13.77254697680473 0.4314247071743011 0 1.923658490180969 15.67474700510502 11.20208320766687 138.2401364445686 646.8752231225371 19.16511721909046 71.94631001353264 13.04957741498947 8.247621059417725 8.104877978563309 375.3634707704186 7.417701058089733 5.886858731508255 8.528719782829285 22.65742424875498 33.38656798750162 35.09365739673376 17.60595463216305 10.29046903550625 0 454.8363764062524 118.797944881022 31.85849992185831 11.88839223235846 6.629561044275761 466.3152273446321 647.2023884803057 7.769685238599777 76.12265183031559 33.74802069365978 0.7004472836852074 4.953964069485664 5.731888718903065 11.77950623631477 0.1738134175539017 1.288945905864239 0 2.653900660574436 0.8510271310806274 20.84658604115248 8.556682720780373 1.963202118873596 32.42070656269789 4.074291333556175 0 1.031491786241531 184.8372061252594 0.2584866732358932 0 0 0 0.1560925543308258 0 0.7369561195373535 0.5812581777572632 0 2.061036318540573 0.1833833009004593 1.860588297247887 2.290805697441101 9.687344655394554 3.65987329185009 0.1911166161298752 0.3991095274686813 0 0 0 0 0 0 0 0 1.955678552389145 0 0 0 0 0.4000435099005699 0 0 0 0.6305011808872223 0.1602604985237122 0 0 0 6.05608431994915 0 5.458107069134712 3.65254932641983 1.5886320322752 0 0.3427274972200394 0 0 0 0 0 0 0 0 0 0.6487338840961456 0.6031452566385269 0.5640303269028664 0 0 0 0 0 0 0 0 3.137990988790989 0.1045410931110382 0 0 0 0 0 0 0.1018723770976067 0 13.55967062711716 3.295652687549591 0 0.09904038906097412 0 5.41436979174614 0.7075622379779816 3.552185028791428 0 0.1298704594373703 0.3572038114070892 0 0 0 0 0 0 0 0 0 0 2.92838454246521 4.934427797794342 4.888686999678612 112.5329279005527 30.91820672899485 173.2723845168948 37.10073474794626 299.7282155230641 69.92726971209049 4.745376817882061 21.42628686130047 0.4220430552959442 0.4489468038082123 1.373949468135834 0 0 0 0 0 2.527666807174683 0
1626.725904420018 1197.218430459499 17.41143892705441 0 574.6033618748188 360.0940257757902 662.2753112837672 6.701409548521042 441.6948873251677 2146.236335858703 83.39666372537613 498.2024872452021 1403.091497734189 166.6371231451631 0.964430958032608 0 0 0 0 0 0 0 0 0 0 0.5099925994873047 0.10860376060009 0.1284525543451309 0 0 43.13085103034973 0.5462889298796654 0.1183238700032234 0 0 0 0.146828830242157 0 0 0 0 0 0 0 0 0 26.45376358181238 1.095033645629883 0 0 0 0 0 0.1717969328165054 4.755012653768063 2.77036365121603 30.48524671792984 87.24837171286345 7.049015238881111 14.98455204814672 0.1702538877725601 0 0 1.954067543148994 1.764214888215065 1.083522967994213 0.2201442569494247 0.1044987291097641 0 0.1447407752275467 90.72105875611305 0 0 84.89938007295132 7.850617133080959 3.170641720294952 1.541096806526184 0.1885735541582108 0 0.5075541138648987 0 0.1403123438358307 9.810711614787579 0 1.234319373965263 1.825586564838886 0.2579777240753174 0 0.2578036263585091 0.2369383424520493 0 0.1251585334539413 0 0.1370584815740585 0.3319010436534882 72.08251892030239 0 0 0 117.2870813161135 0 0 0 0 0 0.1796580702066422 0 0 32.58647589385509 1.961449265480042 0.4125853180885315 0.3048107028007507 0.2710201740264893 3.25415463745594 0 0 0 0 0 0 0 0 0 0 0 0 0 0 0 0 0 0 0 0 0 0 0 0 0 0.7417778372764587 0 0 0 0 0 0 0 0 0 0 0 0 0 0 0 0 0 0 0 0 0 0 0 0 0 0 0.6058820486068726 0 0 0 0 0 0 0 0 0 1.538027971982956 0 0 0 0 0.9497227370738983 0 0 0 0 0 0 0 0 0 0 0 0 0 0 0 1.642362177371979 0 0 84.47998402267694 8.411188647150993 89.83968445658684 14.06632678210735 357.7325017601252 20.10256826877594 1.374845139682293 7.559183672070503 0.3742160797119141 0 0 0 0 0 0 0 0.3149512112140656 0
342.5391342863441 1887.583131857216 331.5160861462355 574.6033618748188 0 7.973482251167297 1129.24380068481 83.42145109176636 2521.624086409807 82.10861846059561 1004.862448275089 123.5053850114346 743.8527413383126 1268.556547604501 4.613596931099892 1.098095804452896 0.2554261162877083 0.1413240283727646 0 0.8447340577840805 0.2648164927959442 0.3918288350105286 0 0.2525170147418976 0 1.581099204719067 0 1.519683390855789 1.139420494437218 0.1278764605522156 180.0065886378288 17.07125733792782 0.1149416565895081 0 0 0 3.613920897245407 0.2321155816316605 0 0 0.5866048783063889 1.09208732843399 0 0 0 0.1224089711904526 124.3869266808033 8.902265809476376 0.1750576049089432 0.3250786066055298 0.5029119700193405 0.4244221225380898 0 1.948064431548119 11.41372095793486 11.8499917909503 15.18666740506887 55.24817191064358 11.87320445477962 44.8544636964798 0.1170159801840782 0 0 34.55739818513393 8.895135395228863 4.85241474211216 2.474061504006386 1.072456672787666 1.673070758581161 0.254945233464241 6.986657083034515 4.471761137247086 0 110.5874458476901 53.25960314273834 31.52562367171049 9.580641783773899 0.7666025683283806 2.875435166060925 2.281579375267029 0.2132875546813011 1.010368704795837 41.0307979658246 1.297703728079796 7.525884032249451 7.758085034787655 4.464521542191505 0 1.795546345412731 0 0.7781670391559601 0.5896765366196632 0.3380738496780396 0 2.81490521132946 36.56036658585072 0 0 0 19.11893226206303 0.4028354585170746 0 0 0.3673817217350006 0 0.1917202770709991 0.6124702841043472 0 1.903203517198563 2.562122508883476 0 2.798363357782364 4.720739170908928 7.725717335939407 3.44056224822998 0.1574240922927856 0 0 0 0 0 0 0 0 0 0 0 0 0 0 0 0 0 0 0 0.34258633852005 0 0 0 4.708710417151451 0 1.371991276741028 1.232043623924255 0.7017120718955994 0 0 0 0 0 0 0 0 0 0 0 0 0 0.3666099011898041 0 0 0 0 0.2519607841968536 0 0 0 3.394450813531876 0 0 0 0 0 0 0 0 0 12.53435028344393 1.089140892028809 0 0 0 4.080870389938354 0.9477319419384003 3.506686642765999 0 0.1627456545829773 0.2622709944844246 0 0 0 0 0 0 0 0.131307914853096 0 0 5.149769723415375 3.369054809212685 0.3554908037185669 394.1910764276981 83.18006993085146 427.1554763689637 121.762445949018 230.9105894938111 95.19510356336832 9.023521788418293 55.21781412512064 1.467082902789116 0.3204658329486847 0.2612588405609131 0 1.012891411781311 0 0 0.2097637504339218 4.086195379495621 0
151.7615698873997 271.2097615450621 29.95775979757309 360.0940257757902 7.973482251167297 0 94.55234916508198 9.945558503270149 25.67642772197723 1203.124077275395 35.49625964462757 267.7803229689598 305.7870428413153 97.67817547917366 1.472070142626762 0.4534161239862442 0 0 0 0 0 1.000271111726761 0 0 0 0 0 0 0 0 17.12953892350197 1.303816623985767 25.49253471195698 0 0 0 42.9565127491951 0.4403401017189026 13.81840486079454 0.5975790619850159 0 0 0 0.1374566406011581 0 0 2.304631128907204 0 0 0 0.6390305459499359 24.99294417351484 0.567086398601532 0 0.1414313018321991 0.5007013380527496 75.91802507638931 16.88625556975603 0 0.9613133296370506 0 0.3811048865318298 0 0 0 0 0.7862043529748917 0.1432851850986481 0 0 209.7332149595022 106.3900376409292 23.5734144449234 2.891234636306763 0.5210082456469536 0.5172626078128815 0.2332307249307632 0.1427343040704727 1.676135122776031 29.98144218325615 0.1771247535943985 3.023388132452965 0.1638973951339722 1.865113452076912 0 1.574472680687904 0 33.94705002009869 24.93584507703781 46.45971456170082 0.1741684228181839 1.848466515541077 0 0 0.3436482697725296 137.0460080951452 56.63071525096893 13.36380857229233 32.63126261532307 527.9729192405939 0 0 0 0 0 0.5376307368278503 0 0 10.64255793392658 0.5233283042907715 0.6931113600730896 0 0.1821980327367783 1.362676620483398 0.2514423131942749 0 0 0 0 0 0 0 0 0 0 0 0 0 0 0 0 0 0 0 0 0 0 0 0 0.1437143087387085 0 0.1610604077577591 0.1524333953857422 0 0 0 0 0 0 0 0 0 0 0 0 0 0 0 0 0 0 0 0 0 0 0 0.2544454336166382 0 0 0 0 0 0 0 0 0 0.6291657686233521 0.5011042356491089 0 0 0 0 0 0.256191223859787 0 0 0 0 0 0 0 0 0 0 0 0 0 0 0 0 6.696759760379791 1.243895381689072 4.098076395690441 1.640193060040474 179.2619824185967 2.217416979372501 0.7848811596632004 2.1748226583004 0.8224654495716095 0 0 0 0 0 0 0 0.1209175586700439 0
1296.167190395296 2179.286179862916 85.98454727232456 662.2753112837672 1129.24380068481 94.55234916508198 0 9.330015324056149 324.4339454993606 456.9698171541095 156.4997587874532 209.5405221059918 3146.256776683033 313.0084816813469 10.31156831979752 0.5326383113861084 0.5501499772071838 0.1733457297086716 0 0.8018378391861916 0.2049470543861389 0 0.4472763314843178 0 0 2.405018128454685 0.09659481048583984 2.181642308831215 1.371000073850155 0.1020850464701653 337.3682533726096 13.54720991849899 0.1025032252073288 0 0.2165988087654114 0.161508709192276 0.5763411074876785 0.3091253042221069 0.1343779712915421 0 1.285852193832397 1.600881777703762 0.5707923918962479 0.2248299568891525 0.1282568573951721 0 308.7189106345177 16.18762177973986 0.5154067873954773 0.473576232790947 1.847299188375473 0 0 2.972726166248322 39.98240774124861 31.91020891070366 68.14437658339739 202.8866994827986 34.17658887058496 110.3135141730309 0.1104181259870529 0.1075326129794121 0.1227048859000206 43.68129383027554 18.13643953204155 11.01408551633358 5.809874899685383 1.820094376802444 2.367700278759003 0.3086506724357605 6.952452413737774 0.1762876659631729 0 377.6438719630241 97.65365619212389 58.04139914363623 11.85063730925322 0.7350151985883713 1.05664075165987 3.44039049744606 0 1.675065934658051 111.2292650640011 0.6521836221218109 18.1846940740943 15.42129880189896 6.807130634784698 0.2516574934124947 3.356896005570889 0.6673109754920006 2.673135854303837 1.728742837905884 0.3557806834578514 1.032588824629784 4.021905675530434 58.84923586249352 0 0 0 85.90553221106529 0.1308647990226746 0 0 0.207005500793457 0 0.2774419784545898 0.1594535857439041 0 17.94334216415882 2.236134901642799 0.1371513307094574 1.858366876840591 4.41834032535553 11.64132098853588 1.685890376567841 0 0 0 0 0 0 0 0 0 0 0 0 0 0 0 0 0 0 0 1.244587779045105 0 0 0 0 2.867568507790565 0 3.965322002768517 1.170959562063217 0 0 0 0 0 0 0.4584405124187469 0 0 0.5224966406822205 0 0 0 0 0 0 0 0 0 0.1595461219549179 0 0 0 4.449167653918266 0 0 0 0 0 0 0 0 0 8.492405265569687 0.1223577857017517 0.09371035546064377 0 0.4813732951879501 4.432343736290932 0.922585591673851 1.902990132570267 0.1072778478264809 0 0.1772760152816772 0 0 0 0 0 0 0.2978153973817825 0.24644735455513 0 0 4.614961728453636 1.87936344742775 1.090809240937233 957.1598191633821 146.9780268147588 1012.089515052736 235.5415989160538 965.2395372912288 203.3572536483407 11.35535079985857 100.1156024709344 8.371448650956154 0.4013408720493317 0.4608934372663498 0 0 0 0 0 5.777459010481834 0.2926400005817413
176.4522192254663 469.7924708127975 1730.560730442405 6.701409548521042 83.42145109176636 9.945558503270149 9.330015324056149 0 238.7207307890058 13.72791130840778 1146.174784295261 42.75836443901062 209.4104752391577 1052.029162175953 25.91453685611486 12.54221573472023 2.703172497451305 0.8544122874736786 1.006243273615837 13.68468989431858 25.89849628508091 0.3190626949071884 39.59859543293715 15.8206989467144 15.12270427495241 19.3575346916914 29.43689153343439 12.15092381834984 1.456545613706112 0.1611430943012238 1284.526565223932 2041.13113900274 43.97426630556583 32.53581342101097 38.85017916560173 39.84963840246201 59.00020957738161 46.86964428424835 4.095135524868965 7.412672609090805 31.59591802954674 11.74682630598545 16.43654478341341 3.892578825354576 13.03330730646849 23.66587277501822 184.3977731093764 8.19813147932291 1.208243869245052 3.635377481579781 22.93931229412556 0.2763104438781738 0 8.524235248565674 8.980115294456482 9.474581710994244 38.94221074134111 200.123428016901 8.12702177464962 49.10670752823353 76.05772411823273 61.96269679069519 17.76006909459829 635.6180812269449 7.140873365104198 7.112837076187134 13.23184512555599 22.98807679861784 47.40530268102884 58.05162463337183 12.30235356092453 11.54525305330753 0 209.9311754852533 204.3645153641701 85.50573940575123 161.7996391505003 165.1732926443219 188.4628153815866 1311.141234412789 119.1890643164515 2111.556405983865 28.91422364115715 0.4991544038057327 6.481354966759682 4.599926300346851 25.84629754722118 0 2.645422324538231 0.3587884604930878 6.611247397959232 1.498848840594292 32.63303488492966 13.53897652029991 4.096334986388683 55.61283551156521 5.615227401256561 0 1.474591642618179 30.59167088568211 0 0 0.9767368137836456 1.520169615745544 0 0 0 0.5691909790039062 0.3468683958053589 3.975466907024384 0.8774681836366653 2.916829377412796 3.086427316069603 9.343790844082832 1.487447410821915 0 0 0 0 0 0 0.3949563503265381 0 0 0.5380483865737915 3.292732715606689 0 0 0 0 0.1832343637943268 0 0 0 0.2623048424720764 0.5040828585624695 0 0 0 8.29957041144371 0 7.928380608558655 2.849500760436058 0.8721188902854919 0 0.1188748851418495 0 0 0 0 0 0 0.7791225165128708 0 0 1.217194736003876 0.2092871516942978 2.349156320095062 0 0 0 0.1529904007911682 0.09929870814085007 0 0 0 4.382736533880234 0 0 0 0.1923038214445114 0 0.278364785015583 0 0.249621570110321 0.1762678027153015 13.53998008370399 4.690206557512283 0 0.1370049118995667 0.1150181964039803 4.955980435013771 0.7387565821409225 5.621400371193886 0 0.6395967155694962 0.1740112751722336 0 0.1973846852779388 0.1922468543052673 0 0 0 0.1578807234764099 0.3189628273248672 0.2397628277540207 0 6.078596085309982 3.859799340367317 3.663630202412605 233.5305199250579 45.28259655088186 376.1600282788277 104.3465376645327 118.4527990221977 55.12949738651514 5.340247817337513 59.27951950579882 0.5364136099815369 0.4638729393482208 2.399868458509445 0.5225338339805603 0 0 0 1.263120174407959 4.458292677998543 0.6517923325300217
137.9000157490373 1306.166326373816 443.253878928721 441.6948873251677 2521.624086409807 25.67642772197723 324.4339454993606 238.7207307890058 0 519.822148732841 2096.786917358637 433.0637084245682 2861.529108002782 2218.750586017966 13.11510306596756 3.656224831938744 0.2531581968069077 0 0 0.9237499535083771 0.3996930047869682 0.5714952051639557 0.2547623813152313 0.2594566270709038 0 1.144661538302898 0 1.357678532600403 1.415214478969574 0 120.2130287960172 32.144197486341 1.014158882200718 0 0 0 4.776079624891281 0 1.478817284107208 0 1.671324253082275 1.746955789625645 0 0.4771374613046646 0 0.1105853244662285 160.8618641719222 6.888853222131729 0 0.4393584728240967 1.070376046001911 0.1298248916864395 0 1.93350774794817 7.986457020044327 9.399799093604088 16.28973487019539 51.46111033856869 8.055078856647015 37.13124013692141 0.2390692532062531 0 0 50.09448879957199 5.894268825650215 4.783296450972557 1.831125803291798 1.840344242751598 2.489031925797462 0.5962277203798294 39.36256128549576 1.912875860929489 0 105.5536092668772 58.54322623461485 40.22574082016945 35.27043804526329 7.246087104082108 1.959373414516449 2.066992588341236 0.4840996265411377 0.9660991802811623 34.23175210505724 2.348385259509087 6.321088433265686 4.229599215090275 2.198406748473644 0 1.988352678716183 0 1.00963070243597 0.9971378296613693 1.565802603960037 0.3009920492768288 2.083399139344692 195.4413819760084 0.2073495835065842 0 0 20.34331041574478 0.656947985291481 1.542018741369247 0.3809263408184052 0 0 2.637356519699097 2.26459863781929 1.300004467368126 10.1848603785038 6.925050050020218 1.472121492028236 10.46372844278812 29.7237064242363 46.49282918870449 16.44638377428055 0.79981929063797 0.2691596150398254 0 0 0 0 0 0 0 0 0 0 0 0 0 0 0 0 0 0.1199796125292778 1.120267748832703 0 0 0 16.4867525100708 0 23.98543202877045 3.855583727359772 1.901773974299431 0.1585224717855453 0 0 0 0 0 0 0.1699540466070175 0.888333685696125 0 0 0 0 0 0 0.5204213261604309 0 0 0 0 0 0 14.29491662979126 0.1861053556203842 0 0 0 0 0.2428942024707794 0 0 0 53.35350332409143 0 0 0 0 20.39881402254105 5.103859186172485 8.300641551613808 0.6848482638597488 0.2966892123222351 0.8528536409139633 0 0 0 0 0 0.1073659881949425 0 0 0 0 20.29278242588043 6.663556709885597 4.345770269632339 692.357863239944 95.7252918407321 605.1560254320502 215.2152803391218 235.8277642950416 118.2339054718614 11.0493213608861 111.7321737408638 4.857593208551407 0.1768034696578979 1.114161729812622 0 3.780954197049141 0.459778219461441 0 3.496445268392563 4.645174220204353 0.5990142822265625
3013.645241029561 142.4824960678816 11.65706638991833 2146.236335858703 82.10861846059561 1203.124077275395 456.9698171541095 13.72791130840778 519.822148732841 0 53.9921985194087 1263.844704985619 6891.642691031098 655.3174252808094 2.564301490783691 0.373524397611618 0.306459367275238 0 0 0.3207628801465034 0.4688564091920853 0 0 0.2588062286376953 0 0.475138783454895 0 0.792001336812973 0.6528506949543953 0 82.80866664648056 3.561911106109619 2.943136468529701 0 0 0 16.32472428679466 0.2831178307533264 1.953237965703011 0.4858553260564804 0.1131497174501419 0.4504174888134003 0 0 0 0 106.6675489172339 6.74533972889185 0 0 0.4906651526689529 4.653109550476074 0.1467663198709488 0.8911646157503128 17.71346506476402 10.31561852246523 71.12458437681198 146.8585986942053 14.71305125206709 48.94648104161024 0.1266203075647354 0 0 13.41777267307043 7.582466557621956 3.92643715441227 2.641091674566269 0.553349457681179 1.005496077239513 0.4877736866474152 505.5190421491861 30.69832304120064 3.633438587188721 178.4700196757913 30.79273337125778 19.95197328925133 4.584261275827885 0.3864488005638123 0.4951997697353363 2.415134035050869 0.393140435218811 0.4003459811210632 39.23966357856989 0.120798222720623 5.651521489024162 6.052948258817196 2.309346750378609 3.525038167834282 4.960195891559124 4.273368962109089 0 1.584897242486477 0.5083822384476662 0 1.08780300617218 783.6654222160578 6.595045953989029 2.904791846871376 2.26312629878521 556.0407966971397 0.2743378579616547 2.102050647139549 0.7976076453924179 6.675939738750458 0.7914684563875198 2.107624441385269 4.568087011575699 2.729049533605576 58.2372924387455 27.76918737590313 1.85260246694088 17.47858536243439 55.53372359275818 78.5912304520607 12.46134017407894 0.2461409270763397 0 0 0 0 0 0 0 0 0 0 0 0 0 0 0 0 0 0 0.9578617364168167 0.388466939330101 0 0 0 7.630474671721458 0 6.314153850078583 0.2104921191930771 0.3246519714593887 0 0 0 0 0 0 0 0 1.304749995470047 0 0 0 0 0 0 0 0 0 0 0 0.9399880170822144 0.2981561422348022 11.97931385040283 0 0.3029142618179321 0 0 0 0.08566007763147354 0 0 0 51.57912828028202 0 0 0 0.3989462852478027 11.91046461462975 1.257837295532227 9.960949048399925 0 0.330902636051178 0.2893338277935982 0 0 0 0 0 0 0 0 0 0 25.30342800915241 2.333064079284668 1.659657254815102 416.8003837093711 51.04425535351038 402.6921090558171 90.05764627456665 1162.24484500289 73.56581554561853 5.383351840078831 43.95334026962519 3.514818370342255 0.7302951738238335 3.22214774787426 0.1895654797554016 8.309460237622261 0 0 1.956873118877411 1.760973691940308 0.5418174564838409
702.0160566791892 2311.662725739181 3204.808360464871 83.39666372537613 1004.862448275089 35.49625964462757 156.4997587874532 1146.174784295261 2096.786917358637 53.9921985194087 0 136.4301826357841 1808.143576905131 9767.789477422833 81.80964318662882 37.25656447559595 3.998776569962502 0.3218247890472412 0.684101477265358 1.859061643481255 2.372294120490551 0.5036100074648857 3.28881411254406 3.542374901473522 5.364807024598122 4.54797039180994 7.154377773404121 4.737990573048592 2.269681915640831 0.368844211101532 1338.819369807839 491.7699189409614 539.8774844780564 0.5071882754564285 4.800738550722599 12.8750928491354 540.332080245018 38.60473057627678 21.10443326830864 6.64695830643177 6.217302434146404 7.947859771549702 0.7014357224106789 6.259121209383011 0.736150786280632 2.158600650727749 377.6617945879698 14.52816569060087 0 0.6282803565263748 8.218368142843246 0.9601367115974426 0.3930123448371887 4.861983135342598 21.92156741768122 22.24096051603556 52.03069326281548 204.6604728251696 18.5273502394557 102.3333560824394 0.4802806600928307 20.91776169836521 1.591409951448441 199.4643446430564 15.28295461088419 9.354990683495998 5.533975437283516 5.743378832936287 8.252035371959209 7.706279896199703 217.1744554191828 34.77046694606543 0 301.2259738519788 170.7358675450087 149.7176630422473 133.2294141501188 51.04385048151016 114.2883159145713 325.4378118515015 3.242991909384727 58.96232888102531 63.38431582599878 2.008166909217834 12.37640918791294 10.2258109152317 8.256737098097801 0.5812402367591858 3.585887841880322 0.2050275504589081 1.867991879582405 2.696394428610802 7.575509525835514 7.021256357431412 6.43694082647562 292.8034175038338 12.72989751398563 0 1.813114926218987 59.3773627653718 0.9107008427381516 2.296129941940308 1.854188859462738 0.3529278039932251 1.54927334189415 1.6897853910923 2.895523726940155 1.3090560734272 2.753883481025696 12.79577025771141 1.68544103205204 12.81581914424896 30.93588624894619 60.78978900611401 17.97476646304131 0.3335769474506378 0.3180275112390518 0 0 0 0 0 0 0 0 0.7741835713386536 0 0 0 0.3908886015415192 1.226270094513893 0 0 0 2.64704205095768 3.516441196203232 0 0 0 27.93772134929895 0 23.55575676262379 9.214849323034286 5.191325113177299 0 0 0 0 0 0 0 0.185201570391655 1.495001375675201 0 0 0 0.584457591176033 0.5278154164552689 0 0 0 0 1.065293550491333 0 0 0 21.22718994319439 0.1834128051996231 0.1544229388237 0 0 0 0.2545866072177887 0.1702230870723724 0.1734721064567566 0.1578124016523361 83.63738643378019 5.750840246677399 0 0 0 26.9580310434103 3.633225962519646 17.52948331832886 1.498127207159996 1.509054630994797 1.813647530972958 0 0.1330081224441528 0.3221480548381805 0 0 0 0 0 0 0 18.16155649721622 18.35744801163673 13.93142709881067 985.7266663610935 179.8972301930189 1032.91880042851 397.4326438456774 344.6461253836751 191.1552772819996 15.65829700231552 256.1621318459511 8.319098472595215 0.172501727938652 3.665775433182716 1.063621148467064 2.93440668284893 0.6182118058204651 0.5107176899909973 3.477046132087708 14.73985107243061 0.2605995535850525
140.3425842449069 118.122782446444 26.06633748114109 498.2024872452021 123.5053850114346 267.7803229689598 209.5405221059918 42.75836443901062 433.0637084245682 1263.844704985619 136.4301826357841 0 3000.775770328939 538.711674772203 15.68515988439322 14.73194617778063 5.399968266487122 0 0 0 0 1.139033377170563 0 0.1413709670305252 0 0.4109117537736893 0 0.8153969123959541 0 0 13.88106036931276 2.057943001389503 140.7948755323887 0 0 0 133.2946673706174 3.139809399843216 11.38768865168095 0.1597843170166016 0.1635952591896057 0.427184522151947 0 3.762463137507439 0 0 22.94744862616062 0.4130216389894485 0 0 0.2789614796638489 2.868600577116013 3.311491250991821 0 0.724052220582962 0.2977678552269936 8.178513787686825 4.681239806115627 0.9736523479223251 2.974160604178905 1.053718566894531 3.502147495746613 0 6.878668010234833 0 0 0.6914350539445877 0.4399166405200958 0.3940953686833382 0 383.5420743077993 64.574402987957 1.658535704016685 8.356652915477753 5.293108448386192 9.345497027039528 10.35065381973982 9.675049901008606 0 101.2370701730251 1.030086517333984 4.429606288671494 0.8191354125738144 0 0.1038310676813126 0.6150861531496048 0.3530276715755463 1.170252427458763 0.9034375548362732 1.527026757597923 0.5406125038862228 0 0.4479038268327713 0 0.7396967485547066 2470.504211887717 77.88301812112331 1.093417286872864 11.22542630136013 77.13325621187687 1.715183451771736 2.560062482953072 1.100541174411774 1.144578084349632 2.016410812735558 4.492748036980629 7.906300187110901 1.851293876767159 12.16331797838211 39.78926150500774 3.182439535856247 31.76093529164791 85.95475435256958 151.0086203366518 33.66451075673103 1.036621890962124 0.2297282516956329 0.3053649663925171 0.2715478837490082 0 0 0 0 0 0 0 0 0 0 0 0 0.6101281046867371 0.5714417994022369 0.1834848523139954 2.727492853999138 4.966787166893482 0.4004577696323395 0 0 43.05357623845339 0.2235809862613678 39.08187441527843 8.457559630274773 5.058102607727051 0 0.2149587571620941 0 0 0 0 0 0.7282318621873856 1.034323558211327 0 0 0 0.1714241504669189 0.1942453533411026 0 0 0 0.3898774236440659 0.9114475697278976 0 0.352708488702774 0 33.24471627175808 0.4660653099417686 0.245978057384491 0 0 0 0 0 0 0 148.9754037559032 3.991019174456596 0 0 0 49.86727827042341 7.201992049813271 25.54925175011158 0.8521028533577919 1.102043628692627 1.001454859972 0.895772784948349 0.4357074424624443 0.1745928376913071 0 0.1537725180387497 0 0 0 0.3201727867126465 0 57.42916323244572 16.8181314766407 13.98165918141603 145.9331027641892 11.51938802748919 70.33109062165022 36.22721769660711 161.8696058914065 13.97660609334707 0.9230068325996399 42.7943102195859 8.84540219604969 0 7.799324296414852 1.178586393594742 8.811044305562973 0.6479688584804535 0 5.002883970737457 4.291741460561752 0
393.298881277442 555.1482916846871 186.0775135010481 1403.091497734189 743.8527413383126 305.7870428413153 3146.256776683033 209.4104752391577 2861.529108002782 6891.642691031098 1808.143576905131 3000.775770328939 0 3917.460713468492 122.2734779193997 69.4219519123435 15.74461328238249 0.08683039247989655 0 1.004027917981148 0.3252154141664505 5.786954328417778 0.9341289475560188 0.6093950718641281 0 4.700742334127426 0.2287386655807495 2.47319433093071 3.073629170656204 0 228.5179616138339 33.65121776610613 626.7902927696705 0.245052881538868 0.258316844701767 1.190240100026131 497.4252569228411 37.9827563688159 28.63977752625942 0.1633250415325165 1.57394614815712 3.624079003930092 0 16.08717035502195 0.1353857517242432 0.495065838098526 236.9709273949265 6.888727806508541 0.1610603034496307 0 2.028440557420254 4.646427884697914 1.113002613186836 4.677745349705219 13.33974044024944 13.97098066657782 31.64422948658466 61.63309331983328 7.984741978347301 42.97741588950157 2.591596364974976 16.69978655874729 0.3578383028507233 62.81354297697544 6.610822841525078 3.885100081562996 2.93293160200119 2.104165986180305 2.007913589477539 1.226359203457832 677.6312703937292 83.33294769376516 0 118.921073615551 64.92737364768982 82.95616427809 100.8195641860366 63.91500823944807 2.922325775027275 238.2026466429234 3.306320182979107 11.04309583455324 34.19453485310078 0.9897931590676308 8.981853134930134 4.282243877649307 8.200949467718601 1.352699562907219 5.311695031821728 2.760157912969589 1.042080461978912 2.747113481163979 1.431130230426788 2.411640927195549 4.525508649647236 6124.210974730551 95.21927728503942 1.7828059643507 44.83618322014809 105.2666959241033 3.734766237437725 7.910367876291275 5.422120526432991 5.101635903120041 8.432982861995697 11.22197772562504 13.19527232646942 8.738602057099342 43.7055302709341 117.5415617227554 9.944240130484104 86.29543161392212 241.4737547785044 371.1603476181626 116.1031596660614 2.515444956719875 1.626486353576183 0 0 0 0.5548030734062195 0.2499616742134094 0 1.524663016200066 0 0.830361619591713 0 0 0.2779459655284882 0.8041451275348663 0.123497799038887 0.5875152945518494 0.7332545667886734 0 6.442843213677406 5.743330150842667 1.327710837125778 0.4073671996593475 0.5300692319869995 125.5827213600278 0.7876756638288498 104.7538008093834 30.78525716811419 15.74021349847317 0.9057556092739105 0.59842748939991 0 0.6381648331880569 0 0.4737178385257721 0 1.114867471158504 7.015107400715351 0.1866683214902878 0.3758922070264816 0.3375912308692932 0.7543684244155884 1.092654824256897 0.09173666685819626 0.3706441819667816 0 0.5635472387075424 2.381408028304577 0.5472238063812256 0 0 97.61257200688124 0.7846347242593765 0.1154172345995903 0 0.1166029945015907 0.09753341972827911 0.4719814360141754 0 0 0.202920064330101 489.2264994680882 13.44605639576912 0 0 0 147.2939497083426 23.7041731774807 77.58758837729692 2.096399568021297 4.118527911603451 4.54594299942255 0.8134846836328506 1.071056023240089 0.4909280985593796 0 0 0 0 0.1916217058897018 0 0 162.4855497479439 88.45137301832438 57.6503227353096 953.1623825728893 164.8522834777832 707.0649440288544 322.9959297329187 500.7352716252208 128.110954284668 14.24458964169025 273.4299077168107 21.67611340433359 2.164859876036644 18.36173199117184 5.275702439248562 16.85870862752199 3.312799394130707 0 10.88525546342134 18.27334877848625 0.8178357928991318
710.4878607243299 2195.826281152666 1160.74145219475 166.6371231451631 1268.556547604501 97.67817547917366 313.0084816813469 1052.029162175953 2218.750586017966 655.3174252808094 9767.789477422833 538.711674772203 3917.460713468492 0 126.803877748549 72.49465361982584 14.01730769127607 0.5709741488099098 0.1146571338176727 0.4429837614297867 0.8670525401830673 0.3295942097902298 0.8282503336668015 0.4734606891870499 0.8814308494329453 4.116196341812611 0.7521703839302063 6.443156696856022 3.246836051344872 0 811.3838396146894 37.19579258561134 1042.120930567384 1.266557246446609 0.8545298203825951 4.349298998713493 1257.046757288277 19.79084984958172 30.20034252852201 5.172956854104996 2.27605789154768 2.751835897564888 1.289366118609905 13.16824642568827 0.1549114435911179 1.15366417914629 254.084420144558 4.979979306459427 0 0.5781354010105133 3.587389074265957 2.4850684851408 0.1499262005090714 4.801461972296238 9.306174419820309 14.03612028062344 29.51509737968445 91.09003072977066 9.981007732450962 48.84402301162481 0.3567942604422569 12.56256459653378 0.18192158639431 68.7448306530714 7.362012140452862 3.353623643517494 2.474768310785294 3.311139658093452 6.043410256505013 3.445830762386322 563.7642232999206 29.1781749278307 0 140.6653344705701 61.48821388930082 104.4650871306658 148.2284941226244 75.28022055327892 3.304631024599075 806.3721936494112 1.386768780648708 4.699837252497673 32.38890954107046 3.263627216219902 7.422509573400021 4.661969088017941 5.928404942154884 0.1383626312017441 2.936812587082386 0.568108007311821 1.79019071906805 1.776029266417027 3.064516447484493 1.944906890392303 6.593080878257751 1217.870994396508 33.33063286542892 0 10.78448006510735 70.83344769477844 3.039845742285252 5.637755274772644 1.59800386428833 5.021275833249092 2.28006748855114 4.10699588060379 3.561877548694611 3.210456892848015 11.59530788660049 47.99055069684982 7.06832566857338 40.9270191192627 119.7328338399529 187.7492999807 58.82999248802662 1.975858606398106 0.1567896008491516 0 0.5846432447433472 0 0 0.5002436935901642 0 0.3351029455661774 0 0 0 0.2107912749052048 0 0 1.119213670492172 0 0 0 1.793784037232399 5.213495336472988 0 0.6013346314430237 0 74.72167918086052 0.422302782535553 70.53017015755177 15.73722070455551 12.60566061735153 0.1817706525325775 0 0 0.1329989731311798 0 0 0 1.548578634858131 4.440633296966553 0 0.6804655641317368 0 1.967971995472908 0.3064136207103729 0.09087345004081726 0.4126099795103073 0.1243691444396973 0.09924306720495224 1.587036490440369 0.3365419209003448 0 0.1387161165475845 64.41854973882437 0.2205250859260559 0 0 0 0 0.229284793138504 0 0 0.3582344353199005 262.6285535693169 9.281834304332733 0 0 0.125916376709938 76.01889161020517 14.09085513651371 45.89965584874153 1.197748549282551 4.173790276050568 1.978664606809616 0.336052730679512 0.1131650358438492 0.09791181981563568 0 0 0 0 0 0.4828609526157379 0.1842591017484665 77.81642082333565 61.28818726539612 32.11883886903524 993.5255082473159 183.2433023527265 727.6466694772243 361.3883069604635 278.0671152472496 130.7348803505301 11.78042005002499 309.4992857426405 25.60237392783165 1.239811435341835 8.024092182517052 1.387965083122253 6.298729971051216 0.9823915213346481 0 8.188436791300774 20.10446710884571 0.8630806505680084
1.914180845022202 5.914030082523823 8.75328778475523 0.964430958032608 4.613596931099892 1.472070142626762 10.31156831979752 25.91453685611486 13.11510306596756 2.564301490783691 81.80964318662882 15.68515988439322 122.2734779193997 126.803877748549 0 1838.785649627447 561.1894314065576 5.698025599122047 12.87360332161188 4.000603802502155 2.204704888164997 0.1434377878904343 3.016808167099953 1.322606422007084 20.49875804036856 1.479930564761162 20.93614424020052 4.905504360795021 3.425769373774529 0.1455120593309402 7.858900114893913 24.13326712697744 82.44849625974894 2.364476911723614 3.164660602807999 16.0174565911293 182.1303823366761 53.15564108639956 53.312768407166 24.33999206125736 7.104898400604725 4.678437910974026 2.312977269291878 1315.611671596766 19.50535668432713 68.04428006708622 260.8417412489653 18.74019276350737 14.86479190737009 15.37380319833755 5.129852905869484 0.8805490881204605 0.8344497084617615 7.53749793022871 1.844731092453003 0.6107674241065979 3.885105013847351 5.320281371474266 3.690202437341213 332.9631599709392 50.73588820546865 46.67519059032202 1.853446930646896 31.17932455986738 0.3200773820281029 5.70634002238512 6.953275926411152 14.79057554155588 43.29745127260685 6.222865514457226 76.01764141023159 8.528632581233978 0 60.95007386058569 16.92768562585115 970.6348317041993 621.8246673569083 2567.337777256966 40.20707643777132 101.0607051476836 106.0742432177067 121.8717558681965 6.634846419095993 0 2.431233741343021 1.336969718337059 87.36448341608047 0 0.5373560860753059 0.2764484584331512 1.596692636609077 1.580591395497322 3.47121961414814 1.50146895647049 5.321341298520565 5.645262703299522 4.964017108082771 0 9.274108663201332 0.1822524517774582 0 0 0 0 0 0 0 0.1364417523145676 0.2379556000232697 0 0 0 0.2087146639823914 0 0.3186321705579758 0 0 0 0 0 0 0 0 0 0 0 0 0 0 0 0 0.4882893115282059 0 0.3906597793102264 0 0 0 0 0 2.891155131161213 0 3.205795533955097 2.154449865221977 2.237488776445389 0 0 0 0 0 0 0 0 0.521640419960022 0 0 0.4683446884155273 0.8858026266098022 0 0 0 0 0 0 0 0 0.2480886429548264 0.3125287517905235 0 0 0 0 0 0 0 0 0 2.524064965546131 4.518500149250031 0 0 0 1.009277820587158 0 0 0.1754739284515381 0 0 0 0 0.2988491356372833 0 0 0 0.112667940557003 0 0 0 0 1.844174459576607 2.413684532046318 10.64897561818361 10.24217747151852 121.0280780121684 14.72414655983448 2.756202913820744 1.994373500347137 0.8697716444730759 2.310551472008228 1.757433786988258 0 0.4136170446872711 0.1805385202169418 0 0 0 0 0 0
