0 4994.844797506928 247.8305547833443 1705.884688138962 696.2485702708364 207.2948014289141 422.6032292172313 18.02054516971111 93.33340331912041 630.4166698008776 97.3024238049984 32.89911726117134 247.0100997388363 166.7818817198277 6.776166945695877 2.40285949409008 0.382180392742157 0.1829426735639572 0 0 1.208473324775696 0 0 0.4029411822557449 0 0.8822583258152008 0 0.2029688060283661 0 0 138.3822402283549 2.865757286548615 12.87150773406029 0.1800763309001923 0.361818939447403 0 11.20725706219673 0.665969654917717 3.269980475306511 0 0.1410806328058243 0.3080693483352661 0.1159532964229584 0.9600059539079666 0.8046513050794601 0 22.76438483595848 2.950120061635971 0.206700399518013 0.4927485436201096 0.1544004827737808 0 1.201732903718948 0.3077273368835449 6.167835265398026 8.817329630255699 364.7164496779442 832.0807641297579 165.9796753823757 25.71405948698521 0.4596298336982727 1.964484825730324 0 24.88278923928738 3.223704680800438 0.5454840287566185 0.4030421823263168 2.416432224214077 3.662882626056671 2.091439098119736 36.86837860941887 9.153227269649506 0 282.4687700644135 48.68180352449417 44.83617050200701 8.605530098080635 1.056653454899788 0 20.26438347250223 0.7153187394142151 5.496835470199585 19.76067883521318 1.691338360309601 0.8040496408939362 7.904632017016411 6.356647297739983 0.3532303869724274 1.030063919723034 0 0.4544210731983185 0.2133705765008926 3.173573672771454 0.3949980586767197 0.1150123029947281 140.986305475235 13.73583020269871 0 3.173003688454628 2240.190297037363 0.668373703956604 3.288823157548904 2.745287045836449 0.7727912068367004 0 2.891231596469879 0.5540314912796021 5.791091680526733 20.92770235240459 4.860489264130592 0.2928643226623535 18.99164697527885 17.67775186896324 24.04795038700104 4.715808570384979 0.1492190659046173 0 0 0 0 0 0 0 0 0 0 0.2855757176876068 1.235163509845734 0 0 0 0 0 0 0.1516973227262497 0 0 0 0.3398392796516418 2.422179564833641 0 1.938300788402557 0.2762492001056671 1.653240829706192 0 0 0 0 0 0 0 0.281457930803299 0 0 0 0 0 0 0 0.2692789137363434 0 0 0.594859778881073 0 0 0 1.547801360487938 0 0 0 0 0 0 0 0 0 16.27069246768951 0 0 0 0 0.9655522257089615 0 0.568378210067749 2.13182869553566 0.1440158486366272 0.7916008532047272 0 0 0.2746938914060593 0 0 0 0 0 0 0 1.968243211507797 0.3536256849765778 2.937253847718239 473.6844175755978 16.51714634150267 76.32790249586105 20.30418043583632 2336.028248481452 73.56359363347292 6.034308388829231 51.2746574357152 1.778694674372673 0.9196625649929047 4.242029704153538 1.648862540721893 12.99154107272625 1.338155388832092 0 0.4793851673603058 2.412717968225479 0
4994.844797506928 0 633.5678137987852 1818.74286352098 3211.43244369328 449.1642524302006 2342.326542146504 385.3421791046858 2693.286041766405 1049.391065128148 1253.46362939477 12.47797498106956 1245.340201094747 1388.012508675456 18.81474875658751 8.755088187754154 1.201397135853767 0.4965336173772812 0.09330245852470398 0.6680949181318283 1.402536034584045 1.015161156654358 1.61793327331543 0 0.3095747232437134 1.583065271377563 0.1219137609004974 1.541005596518517 1.099556684494019 0.1763940453529358 1997.468164436519 42.38452564179897 55.87952736020088 0.3842859119176865 0 1.230828404426575 41.53473615646362 0.5099909454584122 3.585328787565231 0.6816754937171936 2.962234407663345 0.7500838935375214 1.014615952968597 3.314877107739449 0.7754227519035339 0.599225789308548 121.4472433403134 7.126814067363739 0.4914391413331032 3.941095419228077 4.067910507321358 3.26773826777935 2.233008369803429 1.036531046032906 18.99106363207102 26.91993436217308 248.3616005033255 1807.284773662686 307.6689165979624 86.02040659636259 1.436521671712399 7.669074051082134 0 216.1981462985277 13.21058249473572 3.03474647551775 4.200407959520817 3.423500694334507 7.435752257704735 2.537472128868103 39.89034332334995 4.374572545289993 0 639.6847207099199 240.2400636002421 201.4434931278229 47.92943247407675 7.52161805331707 6.68442764878273 192.8896452710032 2.344741836190224 28.81914717704058 84.96143097430468 4.023546032607555 5.803615160286427 25.51619513332844 5.04305762052536 0.1941890269517899 4.806501626968384 1.187630712985992 0.6017502397298813 1.373467773199081 3.711316093802452 1.624880015850067 5.776329308748245 105.7906040102243 1.406551815569401 1.789415776729584 1.780074164271355 2164.402324229479 1.623134225606918 2.421213760972023 3.877422094345093 1.441020041704178 0.2167391926050186 18.95427818596363 6.444295331835747 13.49506390094757 179.8512947261333 13.56715098023415 3.106357052922249 55.94666753709316 42.6324492841959 65.281574010849 17.42156699299812 0.3862257152795792 1.148956745862961 0 0.3505576550960541 0 0 0 0 0 0 0 0 0.9933215379714966 0 1.114154726266861 0 0.1555177271366119 0.9104961454868317 0.4009462296962738 1.179969474673271 0 0 0 0 5.552377358078957 0.4045569002628326 4.709240764379501 2.607727587223053 0.1454008966684341 0 0 0 0 0 0.2789190709590912 0 0 1.778925120830536 0 0 0 0.5193747580051422 0.2283626049757004 0.2573780417442322 0 0 0.6910293698310852 1.931965738534927 0 0.8201857805252075 1.840782582759857 8.860479980707169 0 0.2243078052997589 0 0 0 0 0 0 0 52.08412690460682 0 0 0 0.177861362695694 2.533873945474625 0 0.1927077919244766 2.013036847114563 2.183342754840851 2.701892480254173 0.6492420136928558 0 0 0 0 0 0.1294752806425095 0.24276502430439 0 0 8.531551346182823 0.2727322280406952 8.795450508594513 766.9639561250806 63.70125187188387 403.3944966420531 67.70782851427794 1693.306931778789 186.5420210957527 8.45045106112957 192.7741100341082 9.482770785689354 0.176809549331665 10.71563506126404 2.226731806993484 18.58535023033619 2.571082890033722 0 0.9611759930849075 7.25625242292881 0.2923915684223175
247.8305547833443 633.5678137987852 0 3.222685858607292 681.4910161495209 2.093395262956619 223.3612696230412 3861.245128527284 284.9086761176586 9.687884137034416 2795.894166737795 3.210257634520531 286.7260553836823 800.8132924810052 8.352081060409546 8.994213908910751 8.29507440328598 5.371434561908245 0.8502275720238686 12.25814773887396 6.209138810634613 1.428868561983109 32.76566379517317 3.193175315856934 2.114084154367447 1.174489974975586 1.51862807571888 1.694022074341774 0.1382865309715271 0.1431321054697037 5752.050316825509 125.5425124168396 127.0470395535231 5.014394767582417 14.36034062504768 0.335650622844696 48.37448571622372 1.050463110208511 6.456755995750427 1.185601301491261 21.65315781533718 6.470281809568405 43.77971932291985 9.214705273509026 8.287142552435398 4.704212158918381 22.69329300522804 37.35446506738663 8.229551054537296 68.05983257293701 19.88712497055531 1.979703038930893 1.263506770133972 5.35030473023653 1.163216695189476 2.434020802378654 30.44120538979769 1319.103277347982 25.0843076184392 6.883648559451103 13.71974720805883 46.82463848590851 0.5897690951824188 70.32366122305393 0.9585112780332565 18.48583253473043 27.63272722065449 68.62182069569826 166.5021044760942 109.6641180962324 27.73907171189785 7.993084952235222 0 60.09557258337736 27.38743973523378 18.24910060316324 23.83181948214769 5.985986471176147 308.5052241533995 2041.775458015501 115.4957466870546 896.7661907598376 8.973477087914944 0 5.888584047555923 3.713959343731403 158.695644967258 0.163530558347702 4.261896297335625 1.702038176357746 7.561929866671562 8.228577323257923 34.19172567874193 11.15072006732225 11.09289488941431 18.57218651473522 1.61166712641716 0.5809102058410645 1.821627572178841 1244.287583187222 0.432495653629303 0.35443115234375 0.8967495560646057 0.2073177099227905 0.1711671501398087 1.665425971150398 0 1.016988933086395 1.307558715343475 0.1651783138513565 0.4516032934188843 8.188134089112282 7.059797152876854 18.45745973289013 6.719322890043259 0.4285634756088257 0 0 0.4099355638027191 0 0 0 0 0 0 0 0.2951828464865685 0 0.1826540231704712 0.1618143171072006 0 1.853107526898384 2.930408164858818 0 0.2383507490158081 0.6429805755615234 0 0.7682797908782959 0.601987287402153 5.240641489624977 0.2782175540924072 2.036336958408356 2.72889332473278 2.759262144565582 0 0.2829127311706543 0 0 0 0 0 0.3590802848339081 0.4170787781476974 0 0 0.4557737857103348 0.3442603349685669 1.974269844591618 0 0.2921668291091919 0 0.1462901383638382 0.4589005410671234 0 0.5504998564720154 0 1.270374327898026 0 0 0 0 0 0 0.2748260498046875 0.6616781800985336 0.6044460237026215 21.02255202829838 0 0.3403853476047516 0 0.5714046433568001 0.8643384575843811 0 1.541335314512253 0.9070028513669968 0.5357442200183868 1.881566762924194 0.2443164139986038 0 0.2759735882282257 0 0 0.1767334640026093 0.3567837178707123 0.9169466197490692 0.1355953514575958 0.3484480530023575 1.297683402895927 0.4232287704944611 8.293764352798462 103.105760499835 18.53962858021259 85.00255482643843 16.70330208539963 86.63715056329966 23.20177471637726 1.663821622729301 31.87906096875668 6.042343005537987 0.1628120094537735 2.544161573052406 0.4221961796283722 0 0.4125003814697266 0 0.2892710864543915 0.2568082213401794 0.1978788077831268
1705.884688138962 1818.74286352098 3.222685858607292 0 23.00012519955635 932.8103708028793 1446.005351677537 1.393411695957184 10.13379733264446 3477.426133960485 2.686496242880821 78.75113934278488 968.0102254450321 20.68197232484818 1.01455146074295 0 0 0.1380764096975327 0 0.383202850818634 0 0 0 0 0 0.2047785967588425 0 0 0 0 52.97487561404705 2.655253976583481 1.692572429776192 0 0 0 0.8631369918584824 0 0.8553980439901352 0.1675938218832016 0 0 0.5930537134408951 0.4578240960836411 0.2825203239917755 0.1771603673696518 20.96205762028694 1.711059495806694 0 0.5094352811574936 0 0 0 0 3.496613308787346 7.98333914577961 57.24689638614655 229.958947494626 60.90561191737652 14.51169349253178 1.794066429138184 0.84653040766716 0 31.65225392580032 1.28099113702774 0.4811543747782707 0.3996343165636063 0.1454578787088394 0.1281229108572006 0.1538881361484528 3.086581274867058 0.3646863400936127 0 131.9064617827535 49.7464097738266 40.47167433798313 6.376257494091988 0.3309171497821808 0.3341275006532669 3.003859251737595 0.9728167355060577 1.356999024748802 18.56487800180912 0.4054135680198669 0.9278653562068939 4.992653466761112 0.8881935924291611 0 0.3014861792325974 0.1516454666852951 0.1196955367922783 0.6110032945871353 0.221174955368042 0 0 144.5016773939133 0.2743005454540253 0 0 278.007232055068 0.2050913870334625 1.122343987226486 2.20878329873085 2.09027087688446 0.836147665977478 3.662062898278236 1.605688720941544 10.78224289417267 63.66680908203125 6.031953245401382 0 19.02713905274868 13.01995433866978 28.43730874359608 3.52246181666851 0 0 0 0 0 0 0 0 0 0 0 0 0 0 0 0 0 0 0 0.4781953990459442 0 0 0 0 1.644723236560822 0 1.025824308395386 0 0 0 0.1501325070858002 0 0 0 0 0 0 0 0 0 0 0 0 0 0.9465416669845581 0 0.4279402494430542 0 0.2063045054674149 0 0.7970966100692749 4.220315188169479 0 0 0 0 0 0 0 0 0 8.203365221619606 0 0 0 0 0 0 0 1.007971286773682 0 0.1581018418073654 0 0 0 0 0 0 0 0 0 0 0.8530647456645966 0 2.92895895242691 249.488933429122 10.5200090482831 86.8967908769846 8.459287665784359 1048.51339904964 36.96896934509277 0.8770945221185684 50.37282009422779 4.347810178995132 0 1.681848138570786 1.206689238548279 8.244295105338097 0.1891547292470932 0 0.7850489020347595 1.051320508122444 0.8398087620735168
696.2485702708364 3211.43244369328 681.4910161495209 23.00012519955635 0 18.8578404635191 1963.475798726082 480.0180716216564 9945.166015207767 214.2333613038063 1645.01641766727 35.88483795523643 1547.479431271553 1718.459768131375 19.31969005614519 3.728468105196953 0.5766654163599014 0 0 0 0.2181134670972824 0 0.3012843728065491 0.5541042983531952 0.3302422612905502 1.993938237428665 0 1.625577822327614 1.125620484352112 0.3392535895109177 450.0853037983179 28.76111227273941 28.50895281136036 0.2845609486103058 0 0 19.64987851679325 0.6103888899087906 0.6765163689851761 0.4517774283885956 0.3885540068149567 1.183648593723774 0.6480472981929779 1.029380179941654 0.3186045959591866 0.1670165956020355 105.5581808686256 8.877251125872135 0 1.417029291391373 1.226726412773132 0.9810225367546082 0.7866169810295105 0.6797537952661514 6.185899302363396 12.47849746793509 59.1506043151021 362.7144733443856 85.36748782545328 42.57729271799326 1.596882812678814 1.314116254448891 0 74.56691962480545 6.063095822930336 2.090567238628864 2.365023985505104 0.5435509383678436 3.511336460709572 1.652931950986385 23.17005278170109 4.941910669207573 0 143.688538402319 71.54772028326988 106.5636609643698 25.12670592218637 4.813527122139931 1.673603966832161 109.1456820219755 1.373301416635513 9.092381089925766 38.8655899092555 1.157728530466557 3.494673177599907 12.2320417240262 2.062628403306007 0.275501936674118 4.145390152931213 0.713665172457695 0.6902435645461082 1.947592839598656 5.471738651394844 1.793886035680771 4.100756451487541 151.4308950453997 0.4389899671077728 0.3819897472858429 0 226.6732549890876 1.717418894171715 3.538672462105751 4.497122079133987 3.000091746449471 0.5063300877809525 31.11234597861767 7.134148731827736 23.09670901298523 10.44790802896023 12.98333764076233 3.298692479729652 86.88365446031094 57.97336660325527 125.6398056373 20.81917232275009 0 0.2748236358165741 0 0 0 0 0 0 0 0 0.1364397555589676 0.3286906480789185 0.3322054147720337 0 0 0 0.2715159952640533 0 0 0.5543724447488785 0.3214955627918243 0 0 0 12.53959028422832 0 4.360729888081551 1.786357164382935 0.5954920947551727 0 0 0 0 0 0 0 1.552691221237183 3.038328647613525 0 0 0 0 0 0.251910537481308 0.4663518369197845 0 0.1707920879125595 2.513532072305679 0.816727951169014 0 0 8.431498199701309 0.1723826080560684 0.3929618299007416 0.2375710308551788 0 0 0 0 0 0 68.26140911877155 0 0 0 0.1747117340564728 2.684252262115479 0 0 5.782496906816959 0.6319563090801239 4.37920469045639 0 0.1197439208626747 0 0 0 0 0.1220332086086273 0 0 0 11.17031109333038 1.040817841887474 9.581780597567558 519.8920603692532 44.69040139019489 325.7824023216963 73.51093658804893 262.335493773222 121.3884101882577 5.611766122281551 189.2081430628896 13.03977267444134 0.1803262829780579 14.52674855291843 2.348208904266357 16.26967889070511 3.042027860879898 0 3.444518476724625 5.192896828055382 0
207.2948014289141 449.1642524302006 2.093395262956619 932.8103708028793 18.8578404635191 0 124.9892355799675 2.54139806330204 6.578853785991669 738.4574677348137 6.062286302447319 210.0011399686337 274.0972393900156 8.702338203787804 4.50492700189352 3.868236646056175 0.4192730039358139 0 0 0 0 0 0 0 0 0.1639268547296524 0 0 0 0 2.842409297823906 0 15.46857799589634 0 0 0.2310166507959366 64.52820782363415 0.2302430719137192 35.05744571983814 0.9365662038326263 0.1373464167118073 0 0 0.6132416427135468 0.3512287735939026 0 3.614885307848454 0.09727785736322403 0 0 0 0 0.4724970906972885 0 0.4868651926517487 0.2636756896972656 88.22225979715586 34.00473611056805 5.898339793086052 1.461608037352562 0 1.889730349183083 0 0.9655207097530365 0.1498986035585403 0.2496369481086731 0 0.1562944203615189 0 0 334.8011745065451 167.6752285808325 7.204036891460419 10.21117123216391 3.51977813243866 4.8068483248353 0.3604517132043839 0.5755788236856461 0 6.47423230111599 0.5271853655576706 0.193257600069046 0.6030945181846619 0.7050399780273438 0.1464338302612305 1.253978572785854 0 5.53044381737709 3.330599084496498 3.943680822849274 0.2413069307804108 0.4553187787532806 0.1104319542646408 0 0.1275828182697296 347.2633310705423 168.9750376790762 4.660579890012741 56.84691855311394 421.7728375047445 0.4283303916454315 0 0.5904812216758728 0.4774599969387054 0 0.906217634677887 0 1.953027844429016 10.21704596281052 0 0 2.206831559538841 2.536012470722198 5.249819591641426 0.5169360935688019 0 0 0 0 0 0 0 0 0 0 0 0 0 0 0.4364283084869385 0 0.4059605300426483 0.2393051087856293 0.3300738632678986 0 0 0 0 0.2102894634008408 2.132578194141388 0 1.452781051397324 1.715006530284882 0.3894128203392029 0 0 0 0 0 0 0 0 0 0 0 0 0 0 0 0 0 0 0 0 0 0 0.2955334186553955 0 0 0 0 0 0 0 0 0 0.9038522243499756 1.153171509504318 0 0 0 0.5159163475036621 0 0 0 0 0.2130645215511322 0 0 0 0 0.5695131421089172 0 0 0 0 0 0 1.532103508710861 5.445088177919388 45.04691917449236 2.151566572487354 10.98461747914553 2.229229412972927 187.6860412955284 6.192417554557323 0.4271226972341537 9.560798861086369 0.9460940957069397 0 0.761143833398819 0 6.477918922901154 0.237875685095787 0 0 0.6939232051372528 0
422.6032292172313 2342.326542146504 223.3612696230412 1446.005351677537 1963.475798726082 124.9892355799675 0 83.76634341478348 8109.438802085817 3186.841061726213 392.9169251918793 161.8501513451338 10894.57466293126 3334.790427088737 32.51795583963394 5.111581310629845 1.095739662647247 0 0.2585077807307243 0.296337753534317 0.5146052241325378 0 0.4924349337816238 0.6895474493503571 0.5209352374076843 4.483378186821938 0.7197441756725311 2.485987044870853 3.7213514149189 0.7556123286485672 409.321101129055 52.34309634566307 6.965478330850601 0.1993239670991898 0.1520789563655853 0.2768625393509865 7.480774343013763 1.355751574039459 3.367023833096027 1.120281606912613 1.769000336527824 0.8223591297864914 0.6391267850995064 1.594080306589603 0.667732909321785 0.4500560015439987 212.0195301249623 13.43651524931192 0.5127123221755028 1.776672095060349 0.9852357357740402 1.041568353772163 0 1.336067289113998 16.43705796450377 38.22295535355806 124.8657590374351 682.9272271618247 210.9896376058459 110.274011798203 1.216995790600777 7.408886402845383 0.2211726456880569 199.4740393087268 17.79782650619745 5.644032835960388 5.073194414377213 2.85092855244875 3.356261968612671 0.4026631116867065 6.94437275826931 2.759925410151482 0 411.1510860323906 196.4226063117385 264.250629298389 60.85335456579924 8.442614652216434 1.53255207836628 11.67954961955547 2.060276493430138 11.31925696134567 105.7654895484447 3.768268913030624 9.549223259091377 37.81923612207174 5.939807899296284 0 6.051701158285141 2.465240716934204 2.187844060361385 3.286145374178886 1.89173224568367 2.377436980605125 2.013940304517746 347.8132789582014 0.6238617971539497 0.2061661779880524 0.7828706651926041 145.123570881784 2.273747570812702 5.563759759068489 8.651692524552345 5.022978901863098 1.280926682054996 54.36493580788374 17.01377402245998 46.69234114140272 172.2148235440254 30.98164431750774 4.448449432849884 165.5155781805515 126.4912438392639 230.1403373479843 36.77373757958412 1.425743862986565 1.066836357116699 0 0 0 0 0 0 0.1727354377508163 0 0 0 0.2112423181533813 0 0 0 0 0 0.3509738743305206 3.337783977389336 0 0 0.5729734003543854 0 18.42793795466423 0 3.250014886260033 0.4911945164203644 1.429473772644997 0 0 0.216331422328949 0 0 0 0.4672075212001801 3.524148941040039 6.986792579293251 0 0 0 0 0.4113103598356247 0 0.5311076045036316 0 0 3.176626518368721 0.3045531213283539 0.593403697013855 0.6957901120185852 19.85237543284893 0.6434528827667236 1.828983798623085 0.2281900644302368 0 0 0 0 0 0 121.901261664927 0.1825891733169556 0 0 0.3633925318717957 5.971155762672424 0.8577452301979065 1.865137860178947 7.297932416200638 0.8949355781078339 7.106707766652107 0.348361924290657 0.1409259289503098 0.1274164021015167 0 0 0 0.4248305708169937 0.1960770487785339 0 0 24.58285370469093 3.325635150074959 12.04180815815926 872.3394679278135 92.89821957051754 628.2810074687004 139.6875361278653 816.7909653261304 275.4143393188715 13.71332570910454 319.8068974614143 18.91888642311096 2.707682773470879 18.39497493207455 5.726873144507408 38.40396797657013 2.605714574456215 0.5457541942596436 2.41278150677681 7.80480831861496 0.8715949207544327
18.02054516971111 385.3421791046858 3861.245128527284 1.393411695957184 480.0180716216564 2.54139806330204 83.76634341478348 0 1074.815677195787 3.291560426354408 2559.623881295323 1.656190291047096 347.9248315393925 1203.520366758108 17.14489921927452 13.87099200487137 6.542808748781681 10.29775907844305 1.543517410755157 20.44259130209684 14.474664747715 1.087224006652832 75.38605324923992 8.616359002888203 3.288297206163406 5.819051340222359 1.838041476905346 0.252963662147522 0.1926423460245132 0.520319402217865 870.2726660966873 537.6758911460638 83.9657619446516 15.53697768598795 46.25866489112377 0.3791486769914627 20.96086159348488 0.5711578726768494 2.023946940898895 0.8862026929855347 39.15953983366489 11.38071007281542 71.34434169530869 6.059181451797485 9.544235922396183 4.905605301260948 51.8321689888835 47.79032981395721 9.262979432940483 74.08919030427933 37.42346084117889 8.032078087329865 3.287667870521545 6.743378788232803 2.071814388036728 3.606372229754925 14.51078581064939 340.999021679163 28.46511045098305 15.65376765280962 14.79979474842548 116.4382218271494 0.1790714412927628 50.96558649837971 1.647980079054832 30.17944554239511 45.72928140312433 105.615074954927 261.3782616406679 218.0327603071928 17.76028741896152 15.60226106643677 0 46.1735505759716 28.89122442156076 39.86200650036335 16.73962146043777 18.99275544285774 2075.880824424326 2694.98807810992 370.7438026294112 2959.003211133182 21.43685019761324 0.26786869764328 12.33670036494732 5.836390562355518 178.6608736738563 0 11.59144490212202 1.280052900314331 10.66076134890318 8.337120495736599 72.2551409676671 17.64089338481426 20.24482689797878 24.49188725650311 0 2.551018953323364 0 88.30670468509197 0.4284590035676956 0 1.817876860499382 0 0 5.938250720500946 1.063232272863388 6.358437925577164 1.40550696849823 0.4709561467170715 1.877070724964142 11.93029469251633 8.256167337298393 29.10126593708992 7.601433753967285 0 1.339297115802765 0 0.5443145632743835 0 0 0 0 0 0 2.222806215286255 0 0.5124557018280029 0 0.290318489074707 0 1.240115255117416 0.5035239011049271 0 0.4730500429868698 0 0 0.4483849108219147 1.072477102279663 10.07411113381386 0.2758507430553436 2.764475017786026 1.913771972060204 0.9067235440015793 0.6278622448444366 0 0 0.437576562166214 0 0.4557817578315735 0.4709495604038239 1.802510172128677 2.70551098883152 0 0.1534716337919235 0.5194109678268433 0.965254157781601 0.8541945368051529 0 1.607467800378799 0 0.217141792178154 0.3028961569070816 0 0 0.3925597667694092 5.40101046860218 0 0.3526470214128494 0 0.1698145121335983 0.1035583689808846 0 0 0 1.24163930118084 32.26084066927433 0 0 0.3334639966487885 2.73083932697773 2.310927405953407 0 0.2339203208684921 1.733588844537735 0 1.70997142791748 0.2922344207763672 0 0.188630223274231 0 0 0 0.4224756211042404 0.4083869159221649 0.1097044721245766 0.138855904340744 2.173032775521278 3.070752561092377 7.95846027135849 292.8779205977917 22.19554044306278 183.7085726857185 38.67074185609818 49.96483448147774 44.39403926581144 0.5167804211378098 91.2486969679594 5.478558748960495 1.324682116508484 6.531174451112747 2.377700194716454 6.914726257324219 0.7969017624855042 0 1.142000541090965 3.15235860645771 0
93.33340331912041 2693.286041766405 284.9086761176586 10.13379733264446 9945.166015207767 6.578853785991669 8109.438802085817 1074.815677195787 0 102.1350059211254 3699.821810491383 21.34058061242104 2050.321092352271 1479.793334960938 7.598203793168068 0.6857009381055832 0.7694161832332611 0 0 0 0 0 0.4818151891231537 0 0 0.6107959151268005 0.2534722983837128 0.1834641098976135 0.6960713267326355 0 110.806438729167 17.95710279047489 1.384421393275261 0 0 0 6.703044325113297 0.3646409213542938 0.8841058313846588 0 0.9571460783481598 0.5953313261270523 0.2254897207021713 0.45901820063591 0 0.3322582840919495 38.12583746016026 2.387943387031555 0.1601695269346237 0.3389959111809731 0.4763071238994598 0.3058115839958191 0.8096390962600708 0 3.155118457973003 4.235834762454033 18.75234995782375 164.8345446288586 28.13405562192202 11.21146495640278 0 0.4731015712022781 0 34.9734752997756 1.755475550889969 0.7597309276461601 1.010704204440117 0.142206996679306 0.7271992713212967 1.004280805587769 3.692133605480194 1.675434529781342 0 58.05949403345585 28.73050771653652 40.60613575577736 12.11227805912495 1.219760119915009 0.2780422270298004 4.886933580040932 0.509102001786232 1.58654822409153 12.61887054145336 0.2719508111476898 1.790564484894276 6.245672181248665 0.3687958866357803 0 1.788826204836369 0 0.1228037476539612 1.249444559216499 0.8210709095001221 0 0.8287798315286636 69.80989670753479 0 0 0.7244770675897598 59.53939411044121 1.367645591497421 0.6753851622343063 2.023560121655464 1.183260723948479 0.1486444771289825 9.09650719165802 2.173699289560318 7.085456907749176 6.912626132369041 7.916289061307907 0.3461798876523972 31.56948128342628 23.88315588235855 47.94945859909058 10.4401158541441 0.5092175006866455 0.3457631766796112 0 0 0 0 0 0 0 0 0 0 0.2110879272222519 0 0 0 0 0 0 0.5684172958135605 0 0 0 0 5.358146488666534 0.6530178189277649 1.500904515385628 0.3028664290904999 0.2941771149635315 0 0 0 0 0 0 0 0.1632646471261978 1.486065275967121 0 0 0 0 0 0 0 0 0 1.423568740487099 0 0 0 5.724005952477455 0 0.6946127861738205 0 0 0 0 0 0 0 25.22150835394859 0 0 0 0 1.320005893707275 0 0.7821512371301651 1.125729084014893 0.513915091753006 0.6069541126489639 0 0 0 0 0 0 0 0 0 0.2615513503551483 4.707041949033737 0 4.246169909834862 193.2429963797331 17.55335254967213 146.02383967489 32.46469079703093 88.18453741818666 49.81858225166798 1.489171579480171 76.72129499167204 4.37832960486412 0.461639903485775 4.330449298024178 1.406110674142838 6.717998817563057 1.119593679904938 0 0.7295881360769272 2.029765859246254 0
630.4166698008776 1049.391065128148 9.687884137034416 3477.426133960485 214.2333613038063 738.4574677348137 3186.841061726213 3.291560426354408 102.1350059211254 0 8.650082126259804 2902.933975115418 9432.256817094982 69.84237785637379 6.07423410564661 1.136231794953346 0 0 0 0 0 0 0 0 0 0.3885510116815567 0 0 0.5651829987764359 0 30.44590574502945 4.64019475877285 0.7378960251808167 0 0 0 4.429048523306847 0 3.435404509305954 0 0 0 0 0 0 0.2707131505012512 28.45969962328672 1.895717784762383 0.3361547738313675 0.5441881567239761 0 0 0 0.7185532599687576 3.716814450919628 4.910297013819218 54.06666634231806 113.1173488199711 47.75866152346134 15.01513586938381 0.1552010178565979 1.603038683533669 0 19.06160393357277 3.545298494398594 0.9025249928236008 1.075196713209152 1.290278889238834 1.678689055144787 0.8210498988628387 114.0891017615795 4.209036648273468 0 87.58381765335798 29.30195068567991 31.31123241782188 5.988197028636932 0.3917123973369598 0 3.483531437814236 0 2.217997960746288 16.64410428702831 0.1238265037536621 0.1185143738985062 4.58557266741991 0.8242205679416656 0.2355206608772278 1.006111517548561 0.4788074344396591 0 0.4367062598466873 0 0.7032371163368225 1.245534360408783 1073.600784808397 0.8348919749259949 0 0 489.169837385416 5.718399062752724 16.68106552958488 19.01031428575516 18.46141168475151 3.176105216145515 120.2185286730528 31.39590837061405 86.98079934716225 181.3958606123924 73.08914913237095 10.69442804157734 283.3701209425926 301.4910883903503 548.8368348032236 60.05681754648685 1.345520615577698 1.230717316269875 0.4202218651771545 0 0 0 0 0 0 0 0 0 0.4171278476715088 0 0 0 0 0.4193530976772308 0 4.433836713433266 0 0 0 0 27.24434465169907 0.5767539739608765 4.627485916018486 1.362921372056007 1.12557065486908 0 0 0 0 0 1.521835327148438 0 4.150248438119888 11.05532728135586 0 0.1364099532365799 0 0 0 0.3504283726215363 2.589971870183945 0.2431791201233864 3.43943664431572 6.001658163964748 1.043469414114952 1.844562262296677 0 34.16083066165447 1.079621106386185 2.990102797746658 1.283815443515778 0 0 0 0 0 0.3752003610134125 158.453467592597 0 0 0 0 6.903836533427238 2.008051484823227 2.29268279671669 21.83616185188293 7.459759689867496 10.4706888794899 0.7369336038827896 0 0.202269047498703 0 0.145571231842041 0 0.1729441732168198 0 0 0 36.76224207878113 1.063597202301025 13.71722394227982 549.5958688557148 13.85479075461626 129.2609241679311 20.26700366288424 1254.489695958793 44.0372560992837 0.4712754264473915 103.0126215592027 38.23071524500847 1.034514114260674 41.3000048622489 7.772067040205002 89.78262273967266 2.60301385819912 0 4.391430705785751 1.010664731264114 0
97.3024238049984 1253.46362939477 2795.894166737795 2.686496242880821 1645.01641766727 6.062286302447319 392.9169251918793 2559.623881295323 3699.821810491383 8.650082126259804 0 16.90185409784317 2499.387295991182 5150.921734578907 20.95427349954844 19.2419898211956 2.151308536529541 2.57003179192543 0.4503827095031738 0.8083394169807434 4.73650798201561 14.12758068740368 10.64382499456406 0.3892141580581665 1.686629936099052 2.335432007908821 0 4.717464804649353 0 0 389.6361332461238 116.3502616137266 912.7172821611166 0.439067155122757 3.127803429961205 0.221790075302124 499.7162033170462 3.616714015603065 14.74552516639233 2.426257997751236 25.10699227452278 6.631686940789223 1.631053566932678 4.336594134569168 0.4034460186958313 0 54.50299287587404 11.99983623623848 1.213198430836201 10.54578107595444 33.73652506619692 31.7251593619585 40.58617028594017 11.65100531280041 1.663429968059063 4.959602952003479 18.69827315211296 245.7428811863065 20.86010021716356 15.56435993313789 0.8588057458400726 9.612111464142799 0 34.09350979328156 2.578485198318958 3.454045973718166 8.582503587007523 12.66491235047579 27.98442858457565 18.70101520419121 250.8861427903175 24.92965386807919 0.2074626982212067 57.38526836037636 37.22286538034678 59.8082142919302 15.92009043693542 7.50327405333519 80.87303917109966 350.2143362462521 8.634715162217617 86.94663798809052 16.43592799454927 0.6926078647375107 3.536359459161758 6.688027463853359 16.85512637346983 0.4344118535518646 4.152297176420689 10.89856079220772 5.234274856746197 12.70948066562414 25.7273542881012 30.76158846914768 25.52413456141949 87.22091253846884 6.286745846271515 8.436705082654953 2.307986706495285 89.42071983963251 0.7989084720611572 0 0.7048426866531372 1.17583242058754 0.6209974586963654 10.7092007547617 1.735168248414993 5.777967512607574 3.416317075490952 3.936145961284637 1.490238383412361 23.03926220536232 14.54401184618473 49.26667928695679 10.75536103546619 0.4969559758901596 0.3903196752071381 0 0.23754021525383 0.2412773221731186 0.2111205905675888 1.360038012266159 0.4383795857429504 3.400278195738792 0.2077503651380539 2.954285264015198 3.059725925326347 1.823427021503448 0.6485618948936462 1.027878269553185 2.258014053106308 4.77903550863266 5.514950051903725 0.5209383219480515 0 0 0.7888517826795578 1.055524349212646 1.132064774632454 7.34048892557621 0.4557291567325592 3.775682598352432 8.994546055793762 7.909684866666794 1.023471340537071 0.8127694725990295 0 0 0.4399077594280243 1.874761745333672 0 0.5068763941526413 3.157069951295853 0.1933628767728806 0 0.9563500881195068 4.435007616877556 3.169167786836624 0.7599712461233139 0 0.1137589514255524 0.1322290301322937 1.804753422737122 0 0.6923797130584717 0.7751169204711914 4.749876752495766 0.2139912992715836 0.2675833702087402 0 0.1347694247961044 0.4874061644077301 0 0 0 1.286010384559631 44.63946558535099 0 0 0 1.228970587253571 2.090271279215813 0 0.3753846287727356 3.400288760662079 0.4520752876996994 2.712871447205544 0.196683943271637 0 0.1633575111627579 0.2739948034286499 0 0 0 0.5884326100349426 0.588774561882019 0 4.635462448000908 2.455614164471626 12.99496550858021 294.4787450358272 20.19328739494085 194.9340570196509 43.45847478508949 73.85181058198214 49.26140290498734 2.374281421303749 76.13844411820173 12.36515665054321 0.4729631766676903 9.4163708537817 3.207417234778404 3.612979799509048 1.72532956302166 0 0.8529914021492004 3.547177791595459 0.1685198098421097
32.89911726117134 12.47797498106956 3.210257634520531 78.75113934278488 35.88483795523643 210.0011399686337 161.8501513451338 1.656190291047096 21.34058061242104 2902.933975115418 16.90185409784317 0 2848.649155393243 18.86680775880814 1.767708018422127 2.898601204156876 0.2243967652320862 0 0 0 0 0 0 0 0 0 0 0.7497569918632507 0 0 2.952807232737541 0.3959654569625854 7.545910358428955 0 0 0 31.81701505184174 0 0.2177030295133591 0 0 0 0 0 0 0 4.863128319382668 0.1214415282011032 0 0 0 6.374546125531197 4.886284649372101 0.7613639384508133 0.1654739826917648 0.2516781538724899 2.779841892421246 1.3059092015028 2.245141498744488 0.8022220581769943 0 0 0 0.1879057437181473 0 0 0.1042898073792458 0 1.276620626449585 0 173.7875159531832 18.59443064033985 1.13166132569313 3.665342524647713 2.473531097173691 2.746606461703777 0.7436328232288361 0.5858025252819061 0 1.048990949988365 0.1713385879993439 0.1439579874277115 0.8859423995018005 0 0.1204874143004417 0.5095174312591553 0.2325866967439651 2.715576887130737 0.8728231936693192 3.128815874457359 0.1362864375114441 0.3988374769687653 0 0 2.040382921695709 2257.804003015161 33.1031908094883 2.416899085044861 14.12736913561821 97.0294391810894 2.814082004129887 6.935557886958122 7.812520250678062 3.155304536223412 1.528542935848236 51.55209895968437 13.16963796317577 36.30371217429638 20.71875093877316 29.33184707164764 5.479989528656006 131.4981833398342 118.960608959198 215.9383066296577 26.35735367238522 0.6434182673692703 0.4090039879083633 0.1643923372030258 0 0 0 0 0 0.6519893109798431 0 0 0.422351598739624 0.5198072046041489 0 0.2788068950176239 0.3416851460933685 2.022501319646835 0.8534272611141205 0 2.268319167196751 0 0.230086162686348 0 0.4328532516956329 10.63126847147942 0 2.741792216897011 5.159866407513618 2.516924411058426 0 0 0 0 0 0.3842013031244278 0 1.967399448156357 2.720600679516792 0 0.2538646459579468 0 0.8028369098901749 0 0 0.4175962507724762 0 1.445640027523041 2.623959079384804 0.2799635529518127 0.7573267221450806 0.8878436684608459 16.29341474175453 0 1.088405467569828 0.4760314077138901 0.1925484389066696 0 0 0 0 0 99.00077153742313 0.6051512658596039 0 0 0.1532434374094009 6.944266632199287 0 1.515400841832161 10.34076303243637 0.9155412316322327 5.095929533243179 0.4722440987825394 0 0.1838104724884033 0 0 0 0.2052999138832092 0 0 0 28.31734392046928 3.180015429854393 10.45483702421188 74.41267769038677 2.166636243462563 20.47296105325222 6.638247609138489 175.3196272104979 4.920371703803539 0.1582112163305283 15.63389744609594 13.53329725563526 0.9510969072580338 10.57975600659847 1.669322609901428 34.96857902407646 3.336735263466835 0 1.572774767875671 0.1400260031223297 0
247.0100997388363 1245.340201094747 286.7260553836823 968.0102254450321 1547.479431271553 274.0972393900156 10894.57466293126 347.9248315393925 2050.321092352271 9432.256817094982 2499.387295991182 2848.649155393243 0 5680.243262916803 66.44263692945242 38.76224958896637 3.714228466153145 0 0 0.3556843400001526 0.5442190915346146 13.00148440897465 4.318621888756752 1.284381166100502 0.2706747651100159 4.552874505519867 0.5640293210744858 4.415211886167526 2.156657382845879 0.1936619579792023 115.5474037379026 47.96825164556503 618.5068645179272 0.8235983550548553 2.121858522295952 0 286.3144322186708 0.6267408579587936 8.857822827994823 2.070673421025276 6.243322938680649 1.808458298444748 2.572229623794556 7.760785773396492 1.468583770096302 0 148.9350414872169 18.63807681947947 0.7340579330921173 11.14661388844252 9.28435917198658 30.31556732952595 40.80812138319016 9.43308587372303 7.073654673993587 13.94334252923727 34.96742378175259 127.8679775297642 57.30821140855551 36.26851256936789 1.503766760230064 3.868484288454056 0 48.82678017020226 6.4800935536623 4.903322070837021 8.212378099560738 15.73628699034452 14.64580801129341 11.58816292881966 574.3113957494497 67.76538096368313 3.649392887949944 85.41994722187519 50.19845880568027 127.1011842861772 37.29194511473179 10.83365572988987 11.67692746222019 148.8050479963422 2.853568814694881 23.50584641844034 47.27095960825682 1.80629862844944 6.157743722200394 14.62245771288872 14.31539736688137 4.796171218156815 6.839242659509182 15.91961821913719 1.780007630586624 9.672512620687485 11.72286292910576 3.860673010349274 17.22904080152512 5257.899719670415 56.41592511534691 29.90531155467033 32.71953009068966 162.1141991168261 16.31640642881393 14.64273898303509 31.21416579186916 17.50765283405781 3.600864604115486 188.8677843660116 52.50052839517593 156.2489763647318 195.8118140697479 109.233435228467 20.09584484994411 591.6535955369473 529.0141735374928 843.8581371456385 153.0798596739769 6.248398721218109 4.844979390501976 0.3280722498893738 1.867572709918022 0 0 0.4413696229457855 0 2.595449581742287 0.7177038788795471 2.105186209082603 2.861260116100311 2.251478150486946 0.6139951199293137 4.097181141376495 1.211340755224228 7.732366971671581 1.295434206724167 0.4751963466405869 9.464436694979668 0.4424704313278198 2.230926677584648 1.174687147140503 0.3592256903648376 69.46330693364143 0.4614246189594269 20.11406196653843 18.9301984384656 12.44278654456139 0.4719423800706863 0 0 0 0.1814466267824173 2.588912397623062 0.3171695172786713 14.00370914489031 18.87945985049009 0.3018143773078918 0.314685732126236 0 4.959477469325066 4.560741052031517 1.54527722299099 4.567315764725208 1.387680545449257 6.074530705809593 10.88293724507093 1.806621521711349 0.7928502559661865 3.041750863194466 75.66139999032021 0.1668824851512909 2.384247839450836 1.458519995212555 0.7447531372308731 0 0.3651954829692841 0 0 1.305886328220367 658.3779470920563 1.868339151144028 0 0.1537623256444931 0.5652440786361694 26.12565183639526 1.365736663341522 7.052016377449036 32.43835733085871 11.51531708240509 27.47304547578096 4.293767027556896 1.632377102971077 1.194440789520741 0.1943885236978531 0 0 0.642008975148201 0 0 0 130.0952581465244 21.31691400706768 82.83133029937744 1075.088668003678 104.922611027956 568.5255189016461 175.9640022069216 464.231784529984 163.3922917619348 10.24692235887051 351.9369794800878 64.68167768418789 7.470885083079338 68.00285938382149 24.90994083881378 112.1529005616903 12.00701406598091 0.5541838556528091 11.47368559241295 13.36329182982445 0.5760858356952667
