0 4777.622298009694 1054.976620465517 958.7057226076722 646.8011041581631 418.6154532134533 418.006132863462 461.3692056387663 175.6216548755765 2417.496669068933 818.9168680161238 105.7776545137167 371.0811363756657 362.4058771058917 3.397801347076893 1.2758564427495 0.1437947601079941 0.2371011003851891 0.1274301111698151 0.2936343550682068 0.9193674027919769 0 0 0 0 0.3612945377826691 0.2876009345054626 0 0 0 155.0839496850967 8.744318030774593 14.40504862368107 0 0 0 0.7850901931524277 0 0 0 0.7673405036330223 0 0.3698985502123833 0.1370070576667786 0 0.1466270238161087 6.82513789087534 1.69126945734024 0.3334681689739227 0.5029511451721191 0.2903828769922256 1.154545873403549 0 0 9.848247103393078 5.595946438610554 301.64034383744 708.4387954548001 112.6441104635596 16.30252700299025 0.1376351714134216 1.618768364191055 0 9.364877268671989 2.866510182619095 1.052051268517971 0.407448798418045 0.217722550034523 0.2675273790955544 0.922424852848053 26.16441647708416 5.443304628133774 0.3229491412639618 122.48020362854 29.31900208443403 10.97321749478579 4.568744890391827 1.574700564146042 0.1817576438188553 138.0939080640674 0 3.53262086212635 8.293362691998482 0.551426850259304 0.834275409579277 3.617565482854843 0.4877370968461037 0.437035083770752 0.9253586828708649 1.924681082367897 0.3367527276277542 0 0.1350148469209671 0 0.1233964562416077 137.4299049377441 12.88525879383087 0 0.6488113850355148 1338.787728227675 0.3666029572486877 1.996460914611816 0.8731516301631927 0.2152095139026642 0 5.606177434325218 0.9281760156154633 1.195260152220726 111.9551182985306 3.410864323377609 0.1647118479013443 2.457732819020748 3.872663110494614 2.555780485272408 0 0 0.1265386641025543 0 0 0 0 0 0 0 0 0 0 0 0 0 0 0.2915099263191223 0 0 0 0 0 0 0 0 0.1385969072580338 0.4083314836025238 0 0 0 0 0 0 0 0 0 0 0 0 0 0 0 0 0 0 0 0 0 0 0 0 0 0 0 0 0 0 0 0 0 0 0.814518466591835 0 0 0 0 0 0 0.6333850026130676 0.2380543351173401 0 0 0 0 0 0 0 0 0.1966238990426064 0 0 0 0.9213355183601379 0.3349887430667877 1.733193174004555 37.92554935067892 2.050172172486782 49.49425134062767 4.343001686036587 1421.545774810016 14.91275871545076 2.118590779602528 2.175160393118858 0.7905368506908417 0 0.2118240296840668 0.2163491696119308 3.364452868700027 0 0 0 0.5217389464378357 0
4777.622298009694 0 1830.067460224032 1620.666514150798 6345.552917793393 835.1714744195342 3362.836027465761 1460.603831522167 1360.295228719711 1448.322271324694 3234.606000214815 38.75583815574646 531.0059909448028 1131.514557950199 24.39347247779369 2.436501778662205 1.132779195904732 1.230634428560734 0.1748267412185669 0.9347063302993774 2.074191093444824 0.1628690510988235 0 0 0.1566123366355896 0.7833666056394577 0 0.4112982898950577 0 0 2071.408320128918 24.71151629090309 28.0226938650012 0 0 0 2.457195341587067 0.4255818203091621 0 0.09225885570049286 2.30183844268322 1.14667534828186 0.5574343577027321 1.27464821189642 0 0.3599452078342438 117.4326707869768 19.48215245455503 2.88463070243597 0.8264941200613976 2.092685759067535 0.3749581128358841 0 0.2276802510023117 46.24815378338099 41.77208679914474 158.2823963612318 852.8322070613503 157.0816701501608 110.51381765306 0.09027097374200821 1.287509337067604 0 67.84754933416843 21.27634704858065 16.58169062435627 3.977955974638462 2.42055968940258 1.105468541383743 2.052771180868149 11.0431070625782 0.6603009551763535 0 402.3156078830361 147.1934195533395 129.2387086078525 47.5301426872611 2.992147475481033 2.67180422693491 287.7239279150963 0.605271577835083 7.871377341449261 56.31629205495119 4.238068975508213 10.65699951350689 29.14421053230762 7.339417345821857 0.5500573813915253 8.477030850946903 0.6210996061563492 3.252040475606918 1.974563278257847 1.712337665259838 0.9493111446499825 1.326702013611794 162.412462502718 2.212534464895725 0 0.1304740309715271 837.9049240127206 0 3.423879191279411 4.236027389764786 0.8058170229196548 1.867690548300743 19.04230150580406 1.444432765245438 5.61853164434433 113.6538303047419 19.59995310008526 1.051723226904869 28.99499261379242 21.37465764582157 24.37700664997101 4.21630784869194 0 0.1238646283745766 0 0 0 0 0 0 0 0 0 0 0 0 0 0.131426528096199 0 0 0 1.152473822236061 0.868278443813324 0 0.2200357913970947 0 5.803048305213451 0.3266506493091583 4.430170424282551 1.049050629138947 0.3733516335487366 0.1351976543664932 0 0 0 0.1352477371692657 1.569816112518311 0 0 1.12861592322588 0.6888218373060226 0 0 0.1195307150483131 0.1208931282162666 0 0 0 0 0 0 0 0 1.166847139596939 0 0 0 0.1138468757271767 0.09642402082681656 0.2546756714582443 0.1987606883049011 0 0 17.52118627727032 0.7936020940542221 0 0 0.1503212153911591 2.527320086956024 0 0 0.6208090782165527 0 0.4729375243186951 0 0.1166863664984703 1.132698580622673 0 0 0.1148491054773331 0 0.1993291452527046 0 0.1748892962932587 7.487661823630333 5.706209793686867 7.300074651837349 461.3381596803665 42.69318749755621 596.4261836335063 29.29162423312664 1042.628253951669 95.49068996310234 11.7628081664443 71.32040691375732 6.813932493329048 0 3.118767350912094 0 10.32867912948132 0.3842220604419708 0 0.7338050901889801 3.643340483307838 0.3569615483283997
1054.976620465517 1830.067460224032 0 10.06541448831558 503.4526611641049 13.7364786118269 45.67590421438217 2032.46997397393 181.8625539839268 14.00107432901859 2074.09626518935 6.529927082359791 70.77130081504583 267.5573757886887 63.07417283207178 37.26220565289259 4.816947124898434 40.01453916728497 1.869510501623154 90.8405397310853 320.3533849194646 0 0.5910395383834839 1.47275547683239 0.1258622109889984 34.17065671086311 2.757050782442093 3.65692313015461 1.542369551956654 1.260469436645508 6670.622029364109 324.5130065530539 30.85112147033215 1.456943556666374 0.1555328965187073 0.5489248186349869 15.49191360920668 2.028018228709698 2.436183445155621 0.8333553671836853 73.91000915318727 15.44961080700159 76.98914781212807 14.30402161180973 4.981856524944305 7.394016578793526 138.6684242784977 24.34166622161865 11.66250089555979 36.73810557276011 6.709364280104637 1.651069805026054 0 2.666453547775745 42.22489562630653 48.43804099410772 179.3148651570082 1877.162569276989 163.9361115768552 130.198005720973 59.38853216171265 11.5378532782197 3.52844625711441 626.5801806598902 24.24027942121029 20.51274411380291 7.237890869379044 8.649260833859444 87.1337968558073 271.3766357749701 21.50052462518215 3.448309496045113 0 561.4112403541803 322.8564894646406 258.6008507236838 135.7343307584524 52.67046950757504 1055.437254622579 1792.549095652997 63.28433146327734 1022.456112273037 57.48066332191229 4.165470756590366 13.66532983630896 35.12469955533743 44.57576848566532 0.3169867470860481 9.274108417332172 2.162894025444984 6.843353301286697 8.590242072939873 67.41837882250547 16.73164775967598 8.656322509050369 47.4561156257987 1.622008070349693 0.7953442335128784 1.101604767143726 1166.476237662137 0 0 0 0 1.08539941906929 6.275352865457535 0 1.738950222730637 4.977489456534386 0.2454607635736465 0.1362562626600266 4.737232454121113 8.442134916782379 4.724276706576347 3.827764965593815 0 0.6389501094818115 0 0.1098793968558311 0 0 0.4525265991687775 0 0.2746904790401459 0.610084280371666 0.2899900525808334 0.1020077541470528 0.373035192489624 0 0.1105425506830215 0 0 1.991252645850182 0.2664429619908333 0 0.4303279221057892 0 0.5353952944278717 0 3.836432889103889 0.3409207314252853 6.036575317382812 2.317266620695591 0.5604398548603058 0.6319580301642418 0 1.496974818408489 0.1039441972970963 0 0.2180185690522194 0.3898768052458763 0 1.299857102334499 0 0.2611681520938873 0.8054893016815186 0 1.238359160721302 0 0 0.0929931104183197 0 0 0.7424516677856445 0.1308420151472092 0.8900193423032761 1.806008286774158 0.1106521859765053 0 0.2783016860485077 0.1173265650868416 0 1.273125432431698 0.823119543492794 0.4820598512887955 1.51900177448988 14.21310167014599 1.611540980637074 0.1580980271100998 0.1389343738555908 1.668853119015694 0.9644339457154274 0.4816450774669647 0.5375846028327942 0.2867453321814537 0 0.6608308404684067 0.1278784424066544 0.1529308557510376 1.204487353563309 0 0.2153264805674553 0 0.6136613711714745 0.2132518514990807 0.1393057405948639 0.1657616049051285 4.350045382976532 4.433753937482834 6.780877403914928 280.9838777706027 48.6788727119565 484.0367897599936 33.6354249343276 342.4240511730313 82.28122816234827 12.16723424941301 56.59278970211744 7.72764902561903 0.2679237276315689 4.932226873934269 0.3225273489952087 0.4509808570146561 0 0 1.381216749548912 4.526582978665829 0.2176849097013474
958.7057226076722 1620.666514150798 10.06541448831558 0 197.5975919216871 590.8205971568823 1444.299575388432 10.10628663003445 55.03914462774992 3288.591872960329 13.22823507338762 780.6570189446211 1658.136304788291 72.86911109089851 2.180490121245384 0.2749345302581787 0 0 0 0.2479499280452728 0.1274708360433578 0 0 0 0 0 0 0.1243468672037125 0.4294719398021698 0.1594259738922119 37.55007673799992 3.689372725784779 1.550586551427841 0 0 0 0.7469585537910461 0.1929907202720642 0 0 0.1798934191465378 0 0.1214701384305954 0 0 0 16.2341375797987 1.907290913164616 0.2638041377067566 0.3090799301862717 0.3169403076171875 0 0 0 8.731446661055088 6.791799888014793 33.58729806542397 154.83879262954 25.82797326892614 14.32732728868723 0.5436849594116211 1.451742947101593 0 6.265969395637512 3.369557335972786 2.061175674200058 0.5673497021198273 0.1017730087041855 0 0 159.1817361861467 0 0 68.57770092785358 23.22571907937527 14.26397524774075 4.979371845722198 0 0 37.88990358263254 0 0.8156055957078934 7.462600491940975 1.304179146885872 1.059887312352657 3.82842206209898 0.6335652619600296 0 0.8451008647680283 0.2341216132044792 0 0.4076018109917641 0.3403366804122925 0.3747124969959259 0 180.8074785470963 0 0 0.1044845506548882 160.8128312528133 0.2899027764797211 0.8291080892086029 3.55604162812233 1.284953564405441 1.175792723894119 10.82081590592861 2.134992361068726 1.371872335672379 70.08724159002304 16.12111397087574 0 10.62209157645702 11.26745131611824 11.33260369300842 1.608816653490067 0 0 0 0 0 0 0 0 0 0 0 0 0 0 0 0 0 0.1470235884189606 0 0 0.1420016586780548 0 0 0 0.4102519154548645 0 0.4454153776168823 0 0 0 0 0 0 0 0 0 0 0 0 0 0 0 0 0 0 0 0 0 0 0 0.1776989251375198 0 0 0 0 0 0 0 0 0 0 2.164818480610847 0 0 0 0 0.5079086869955063 0.4629538655281067 0 0 0 0 0 0.4677723348140717 0 0 0 0 0 0 0 0 2.071385756134987 1.044186055660248 0.7978462129831314 82.73625690490007 5.268964976072311 98.31677447259426 4.281048811972141 396.8069286197424 14.11009209603071 2.090292513370514 15.96337113529444 0.9908027797937393 0 0.7178539782762527 0 6.148193866014481 0 0 0 0.727855309844017 0
646.8011041581631 6345.552917793393 503.4526611641049 197.5975919216871 0 47.05816727131605 2031.857752844691 539.0044253244996 3333.543464370072 381.4496334195137 1238.128729738295 23.32008939981461 419.0966473966837 296.7521716430783 50.45572901517153 4.670088671147823 0.3924714028835297 1.523656226694584 0.1686517298221588 0.5880970507860184 0.2149039953947067 0 0 0 0 0 0.1261744648218155 0.4980307370424271 0.6684579700231552 0.2995425760746002 131.9983626157045 30.99802099168301 3.082262836396694 0 0 0 1.266749657690525 0.3788953572511673 0.3376150727272034 0.1315772086381912 0 1.556117042899132 0.1097156703472137 0.4921818673610687 0.2261039316654205 0 128.3503815606236 15.05203624069691 2.377283185720444 0.3212507963180542 2.796582624316216 0.4147993475198746 0.3499652445316315 0.458232507109642 26.34057976305485 26.60759673267603 40.21668036282063 173.9151940792799 55.79039140045643 74.086834654212 1.366814240813255 2.019666723906994 0 41.57920199632645 13.27030888944864 10.83824910968542 3.948159873485565 2.696372523903847 0.5535523816943169 0.6399073302745819 5.325335644185543 1.147903978824615 0.1129055693745613 158.3731092885137 76.08726306259632 113.5297152921557 58.68786445260048 3.836187943816185 1.268932051956654 19.11764390021563 1.540120914578438 6.190978243947029 34.0080690830946 3.008044697344303 7.581202290952206 18.6806798055768 5.073761366307735 0.4581136927008629 6.188866764307022 0.4382994100451469 3.944055639207363 2.650777548551559 0.8305587023496628 1.14052152633667 1.545803561806679 105.8128412812948 0.8648508340120316 0 0.5518429726362228 42.65653818100691 0 3.077923715114594 8.759343013167381 2.377104923129082 9.202654823660851 70.74720625579357 2.695419043302536 12.79205940663815 68.515475936234 37.15636119246483 10.08571457862854 82.45125519484282 71.68689889460802 56.72216060757637 18.25998328626156 0.08830074220895767 1.387785419821739 0.640300989151001 0 0 0 0 0 0 0 0.1663599908351898 0 0 0.5047348141670227 0 0.1562319844961166 0 0 0.4071000218391418 5.558252692222595 8.221566990017891 0 0.1287778466939926 0.8225730359554291 11.67023668438196 0.6798835396766663 12.56992387026548 0.9106453284621239 1.187608122825623 0 0.1494989097118378 0 0.789924144744873 0 0 0 1.522031188011169 7.395068228244781 0.5073544979095459 0 0.3379907011985779 0 0.1126592233777046 0 0.4877251088619232 0 0.1309797614812851 0.1563526690006256 0 0.4468584656715393 0 11.78363913297653 0 0 0.2946160137653351 0.1396311819553375 0.1071467846632004 0 0.17393858730793 0.202750027179718 0 58.07556420564651 0 0 0 0.227469727396965 7.827195599675179 0 2.328485369682312 1.554533496499062 1.156908795237541 2.14221253991127 1.402455180883408 0.6156659945845604 0.327102467417717 0 0 0 0.09553898870944977 0 0 0 40.62207400798798 15.67470528185368 7.827677831053734 423.0906788557768 47.00980740785599 550.8345745950937 33.97186041623354 191.3364847004414 100.0730255395174 12.76576336473227 81.18604122847319 14.59576568007469 0.1389244943857193 8.206472888588905 1.284222081303596 10.62512409687042 0.4602779746055603 0.3163979351520538 2.450169742107391 3.503211610019207 0.2204631417989731
418.6154532134533 835.1714744195342 13.7364786118269 590.8205971568823 47.05816727131605 0 179.8085227310658 15.94325094670057 18.31303104758263 1404.945781305432 22.41479535400867 220.9064606279135 265.1891411989927 43.52443052828312 0.62102310359478 1.005564421415329 0.5677961707115173 0 0 0 0 4.692503958940506 0 0 0 0 0 0 0 0 25.26944556832314 1.556708499789238 10.5593373477459 0 0 0 3.184528380632401 0 1.148040741682053 0 0 0 0 0.2432252019643784 0 0 1.785159915685654 0.5288413614034653 0.2018856108188629 0.1317890137434006 0 22.94739674031734 1.477056384086609 0.5519681572914124 2.356829158961773 1.935743093490601 106.0168678686023 148.535809636116 12.51894977688789 2.82670558989048 0 0.9059742391109467 0 1.412871710956097 0.1822827309370041 0.1014474108815193 0.3132470548152924 0 0.1625550389289856 0 54.47261868417263 329.692772090435 19.05632400512695 27.12307457625866 6.504151597619057 2.212380208075047 0.5955201685428619 0 0.1687619388103485 21.17625412344933 0 3.946017518639565 2.449765399098396 1.697757259011269 0.5923556536436081 1.701749980449677 0.1085237413644791 12.69935356080532 1.818222999572754 22.48625828325748 0.6978737115859985 1.934730783104897 0.1039031520485878 0.4154077172279358 0.7161346077919006 374.0891382694244 201.5488252639771 34.92582920193672 8.914375334978104 378.197688691318 0 0 0 0 0 0.2806391716003418 0.2002135217189789 0 19.82676927745342 0.7524415552616119 0 0.6293796747922897 0.3698941767215729 0.4636173397302628 0.1130765527486801 0 0 0 0 0 0 0 0 0 0 0 0 0 0 0 0 0 0 0 0 0.3859974443912506 0 0 0 0.7325347065925598 0 0.4396268129348755 0.3004924356937408 0.4455696642398834 0 0.1940867602825165 0 0 0 0 0 0 0 0 0 0 0.9042496234178543 0 0 0 0 0 0 0 0 0 0 0 0 0 0 0 0.2945788204669952 0 0 0 0 0.5154852271080017 0 0 0 0 0.2579918205738068 0 0 0.1478961557149887 0 0 0 0.2333743721246719 0 0 0 0.2215449661016464 0 0 0 0.3941932022571564 0 0 7.805629312992096 1.229752376675606 11.68762446194887 0.7712709754705429 216.5426581650972 2.835175432264805 0 1.495517790317535 0.9465135633945465 0 0.448506087064743 0 0.6389155983924866 0 0 0.1642881482839584 0 0
418.006132863462 3362.836027465761 45.67590421438217 1444.299575388432 2031.857752844691 179.8085227310658 0 171.2475406378508 3613.4748121351 2576.601554885507 634.5105596631765 140.6615518406034 2094.411755815148 477.0896427631378 47.74144642800093 7.174861423671246 0.2892730981111526 0.7053129971027374 0 1.209461353719234 0.8392362967133522 0 0 0 0 0.2417834773659706 0.3424930572509766 0.5594905093312263 1.484816312789917 0.08946450799703598 100.6774126812816 24.64965686947107 6.444567292928696 0 0 0.1951543092727661 1.692013323307037 0.5488345324993134 0.7207331731915474 0.2026921212673187 0.5498421862721443 1.339628659188747 0.3889597505331039 0.1214617267251015 0.3682722970843315 0.403802901506424 124.8684158399701 11.27870042622089 2.212559446692467 0.2724449038505554 2.016598917543888 0.6847900226712227 0.1697076410055161 1.742893882095814 28.57110689580441 26.52848776429892 45.20993436872959 210.87184997648 67.3387670442462 81.78475998342037 1.342910625040531 2.728156507015228 0 46.00093524158001 12.96193574368954 12.71009014546871 3.513069018721581 1.966677971184254 0.8990095257759094 0.487184077501297 22.74026401340961 5.224078603088856 0 177.9550185054541 72.35951176285744 109.7382389083505 56.23894253373146 5.820601932704449 0.6882714405655861 19.32351415604353 0.9629010483622551 5.458265386521816 29.2575918585062 2.785715043544769 8.707342855632305 18.7122256308794 5.92684293538332 0.08248570561408997 5.757974445819855 0.6726684421300888 3.182199768722057 1.52564861625433 0.7102442681789398 1.850246481597424 0.9972383379936218 464.8250438123941 0.5366213321685791 0 0.6232177764177322 39.36693183332682 0.1408607065677643 5.070536017417908 22.36963108181953 7.523365497589111 24.85205900669098 164.4134389460087 9.600190132856369 26.22786067426205 259.8489965349436 109.115231975913 17.25195103883743 206.241684384644 184.9465813934803 130.6016319692135 49.38905765116215 0.303729921579361 0.9836486876010895 0.354295402765274 0.3345288336277008 0 0 0 0 0 0 0 0 0 0.1399229317903519 0 0 0 0 0 5.862756721675396 21.599669739604 0 0.2828884720802307 0 19.80858908593655 0.8743306994438171 19.3921552747488 1.558246612548828 0.2577047646045685 0 0.3641305267810822 0.1334154158830643 0.6659713387489319 0 0 0 4.616014271974564 6.16664257645607 0.425110250711441 0.4787569642066956 0 0 0 0 0.4850188195705414 0 0.5887838900089264 1.330146044492722 1.432770073413849 0 0.8437328338623047 11.67993295192719 0.1870725452899933 0 0 0 0 0.1388484835624695 0 0.2669516652822495 0 112.021504804492 2.417036056518555 0.1852466315031052 0.1435336321592331 0.6797973364591599 9.148290909826756 1.321201652288437 3.228720784187317 2.092256531119347 0.9114036709070206 6.699017412960529 1.884139180183411 3.357598319649696 0.6883068084716797 0 0 0 0.6504198759794235 0.1813432276248932 0 0 61.89970004558563 20.17998124659061 18.18113999068737 521.2607715278864 60.68297692388296 583.0037337169051 39.98037687689066 313.0920536667109 115.5621269196272 13.55255254358053 114.438425630331 10.78648490458727 0.2992038428783417 16.59262996912003 1.000093340873718 36.02929370105267 1.613169386982918 0.6962873861193657 4.546116456389427 5.32012727856636 0
461.3692056387663 1460.603831522167 2032.46997397393 10.10628663003445 539.0044253244996 15.94325094670057 171.2475406378508 0 1281.772436209023 26.00170009583235 6759.036687485874 5.760016173124313 313.4773244783282 1158.496195189655 122.3140456303954 42.16511157900095 3.90132175385952 44.34246786683798 0.9192109256982803 73.50773110240698 129.3646496534348 0.1148618832230568 0.7418868988752365 0.2241020798683167 0 17.1414677798748 0.3947126716375351 1.104483880102634 2.916616380214691 1.346638940274715 398.746460609138 1364.065485350788 24.11948478966951 2.452874794602394 0.211884468793869 0 5.209264934062958 0.666999377310276 1.827343046665192 0.2125891745090485 25.70438735932112 3.843219108879566 44.07905111461878 27.0563857331872 6.995229601860046 4.652148149907589 217.2644961848855 10.13989601284266 8.788579002022743 26.58390874415636 1.754600137472153 0.7003039866685867 0 1.243060827255249 19.44297971576452 19.10200933367014 26.47848910093307 160.1333429217339 41.90108001977205 86.79306752234697 96.99207234382629 7.183600433170795 1.532559879124165 170.9787473678589 8.53996480256319 7.938121803104877 2.08911057561636 2.745987951755524 39.51235272735357 81.75211903452873 7.448029436171055 2.602355696260929 0.4048267751932144 128.7117187157273 69.38168971985579 191.1487027034163 177.8051982447505 177.9847587794065 604.8969652876258 1805.851984612644 229.7064627856016 1010.364899791777 20.91268506646156 1.434604048728943 5.33755961060524 14.41783048212528 31.32287771999836 0 3.976556926965714 0.5334187373518944 5.157914355397224 4.83905615657568 17.6321723908186 6.879751935601234 3.091936148703098 18.72921080887318 0 0 0.3760093674063683 56.68281802535057 0 1.100205779075623 1.327710390090942 0 0.3157226145267487 5.190184578299522 0.4115166068077087 0.6748043745756149 2.535447299480438 1.383593961596489 0 6.838504657149315 10.08638074994087 8.125821128487587 2.617025643587112 0 1.148247078061104 0 0 0.1198054701089859 0.1039002910256386 0.1738792210817337 0 0 0.1445798873901367 0 0 0.1438862085342407 0 0 0 0 0.2678881660103798 0.1254745423793793 0.7838720679283142 2.721202254295349 0 0.1009206771850586 0.1300562769174576 2.618064612150192 0 3.543178178369999 0.2956119403243065 0.5190856605768204 0 0 0.4080414026975632 0 0 0 0 0.6227727234363556 0.5156210660934448 0.1261067241430283 0.1453136950731277 0.284400187432766 0 0.1248976215720177 0 0 0.1728521734476089 0 0 0 0 0.1275137066841125 1.540596812963486 0 0.3581825196743011 0.3820794522762299 0 0 0.2312292754650116 0 0.1256087869405746 0.3077660202980042 10.13012086600065 0.302464172244072 0 0 0.4026459380984306 0.3398769050836563 0.7091625183820724 0.2838269770145416 1.088882029056549 0.4739551693201065 0.3897482007741928 1.30777108669281 0.1004460901021957 0.4151004999876022 0 0 0 0.254796952009201 0 0 0 2.715166419744492 1.396390549838543 3.626985378563404 472.3787475451827 46.57558216154575 618.3058117181063 43.32925673574209 126.6953118368983 96.15076480805874 8.830474548041821 128.4130153730512 9.268447741866112 0.7933508157730103 2.523054473102093 0.2185797691345215 3.236493736505508 0 0 0.809450089931488 8.514268204569817 1.326562941074371
175.6216548755765 1360.295228719711 181.8625539839268 55.03914462774992 3333.543464370072 18.31303104758263 3613.4748121351 1281.772436209023 0 454.7101497650146 5307.936340473592 40.83470329642296 986.0162672698498 579.5556732341647 56.89775159209967 7.317090317606926 0.5287374928593636 0.3593772351741791 0.1129990443587303 0.8099577501416206 1.205803945660591 0.5339687913656235 0 0 0 0.09640254825353622 0.3530771359801292 0.2568017542362213 0.9092646837234497 0.2337363064289093 61.24758743494749 33.96636015176773 7.461878232657909 0 0 0.1248919069766998 2.530961073935032 0.2687138020992279 0 0 0.3390548527240753 0.7206468731164932 0.4002176076173782 0.4714149832725525 0.2309324592351913 0.3883726298809052 127.8477923870087 7.853607587516308 1.967662580311298 0.1108630299568176 1.237701736390591 0 0 0.2857419848442078 16.82846512645483 16.43220549076796 19.71911622583866 82.54314638674259 36.65429440885782 54.78431709855795 0.8385040089488029 1.751489169895649 0 28.15760188549757 9.738420680165291 5.859667457640171 2.234906114637852 1.203755527734756 0.3847068548202515 0.8135920315980911 8.202468417584896 3.219656974077225 0.3032768666744232 100.1399450600147 35.19562105834484 92.25173961371183 57.47473100572824 5.014699727296829 3.337976798415184 30.61241383850574 0.1100691258907318 4.620709709823132 19.63819202780724 1.983413502573967 3.709788873791695 11.09972307831049 4.813594326376915 0.336711049079895 4.053305402398109 0.2579712867736816 2.749674938619137 0.7305628210306168 0.8779772445559502 0.6563685834407806 0.5374626964330673 328.1167049854994 0.7891071140766144 0 0.1284614950418472 21.85076399892569 1.436000257730484 3.927891105413437 20.30684247612953 5.917263463139534 20.49861757457256 156.2891527339816 9.777052596211433 28.83794605731964 138.8190842494369 87.2543840110302 16.03088322281837 181.2002386450768 166.5107090771198 134.6324101835489 34.73029364645481 2.294212386012077 5.463109478354454 0 0 0 0 0 0 0 0 0 0 0 0.2780800983309746 0.4179084897041321 0 0 0 0 7.809614270925522 21.43407586216927 0 0.3146387040615082 0 20.06859539449215 0 16.17723599076271 2.468536466360092 1.147812269628048 0 0 0.296673521399498 0.1126939430832863 0 0 0 6.459924556314945 4.214303985238075 0.7400438040494919 0.4406763017177582 0 0.1381489038467407 0.1086026281118393 0 0 0 0 1.64563575387001 0 0 0.4433819055557251 14.39754183590412 0.1401316672563553 0.8010569661855698 0.7063823789358139 0 0 0 0 0 0 101.2800791412592 0.8381164819002151 0 0 0 12.93891030550003 3.17290186882019 2.823390245437622 2.799035310745239 1.530918061733246 4.521750450134277 1.418205663561821 2.551374807953835 0.3778274059295654 1.637946724891663 0 0 0.1089724376797676 0.17860047519207 0 0 61.21356536448002 23.9707113802433 19.52451813220978 447.9015091359615 42.40869426727295 489.7982088476419 35.4235433191061 105.6853491216898 92.21875436604023 7.924933485686779 113.830502986908 20.89868295192719 0.1313321888446808 14.11948344856501 0.4099605232477188 26.59570777416229 3.113425597548485 1.117690205574036 3.726052388548851 3.863140165805817 0.1981160640716553
2417.496669068933 1448.322271324694 14.00107432901859 3288.591872960329 381.4496334195137 1404.945781305432 2576.601554885507 26.00170009583235 454.7101497650146 0 43.682347394526 2992.156460046768 7417.433451637626 905.9697650820017 10.40243870019913 2.469785273075104 0.2266316711902618 0.4188831299543381 0.2227665260434151 0.1054195091128349 0.1469171345233917 0 0 0 0 0 0 0.2099553793668747 0 0.1343684792518616 33.80008758604527 5.571223922073841 33.87952297925949 0 0 0 1.501795649528503 0 0.2631994634866714 0 0 0.6524652615189552 0 0 0 0.341035783290863 24.75491838902235 2.562470518052578 0.3739130795001984 0 0.6245481669902802 0 0 0 7.857548765838146 7.020323529839516 43.97999677807093 157.9659863933921 27.44374661147594 16.53149421513081 0.2066958993673325 0.5055720806121826 0 10.24602411687374 3.31012000888586 1.881292305886745 0.4200233370065689 0.4052943363785744 0 0.4117763340473175 473.5155197605491 3.476670444011688 0 71.02889128774405 16.90217083692551 19.84638485312462 12.23502815514803 2.940117977559566 0.2938724607229233 632.2304281517863 0 2.036189958453178 9.299672514200211 0.2012769356369972 1.490940175950527 4.454653635621071 0.364120252430439 0 1.289271518588066 0 0.09628323465585709 0.2470812574028969 0.1374307423830032 0.2950953245162964 0 1519.015280723572 2.731531769037247 0 0.2598979324102402 572.0904788970947 0.9893644601106644 32.9807061702013 61.81147816777229 152.7876398563385 13.20006287097931 187.5240890011191 41.15931487083435 24.8010152131319 489.2830305248499 224.8881911635399 7.127307012677193 173.657548353076 258.8660211190581 191.9483243897557 19.66858571767807 0.5692535936832428 1.021228298544884 0 0 0 0 0 0.2186708152294159 0 0 0 0 0 0 0 0 0 0 0 4.74968209862709 10.96879194676876 0 0 0 6.85598748922348 0 7.575290754437447 0.2266270220279694 0 0 0 0 0 0.3082811683416367 0 0 3.491948679089546 6.33932151645422 0.4706405401229858 0 0 0 0 0.1737126559019089 0.2336550503969193 0.2021701335906982 0.1444752365350723 1.102058961987495 0 0 0.2510912716388702 6.355878293514252 0 1.157169505953789 0.1779813915491104 0 0 0 0.1449959129095078 0 0 58.18166664242744 1.101102933287621 0 0 0 5.716412276029587 0 0.5559832453727722 2.613755710422993 0.9499634355306625 3.240038059651852 1.105972602963448 0.9768004268407822 0 0 0 0 0 0 0 0 74.26023890078068 8.729009792208672 8.199478074908257 149.9429408162832 9.200756125152111 130.584868080914 4.774208754301071 758.2416840046644 22.26026147603989 1.876181520521641 31.73602776229382 9.597582660615444 0 12.31567588448524 0.1300046741962433 61.28542511165142 1.562774121761322 0 4.884890377521515 1.082084342837334 0.8673255741596222
818.9168680161238 3234.606000214815 2074.09626518935 13.22823507338762 1238.128729738295 22.41479535400867 634.5105596631765 6759.036687485874 5307.936340473592 43.682347394526 0 23.4676805138588 791.8923335000873 2641.400750257075 154.4116029068828 95.65692960470915 5.944852732121944 9.64555399864912 0.6110429614782333 13.36601127684116 84.79609327763319 0 0 0.3031076192855835 0.6475028172135353 19.36887900531292 1.808138504624367 4.194842971861362 1.611188523471355 1.001384720206261 425.1632522791624 233.3083775863051 358.8972499221563 1.882999107241631 0 0 49.18010719865561 1.967969469726086 1.712110206484795 0.3930338323116302 84.17702463269234 26.02167540788651 16.67192118614912 21.58398458361626 4.776155881583691 13.25607718527317 167.5445626229048 10.64397164434195 5.37554582208395 13.20366844534874 3.916208535432816 1.366307832300663 0.1352700591087341 2.308763243257999 18.16297209262848 18.02321974933147 35.40786429494619 191.8685428202152 43.91575366258621 69.63767567276955 10.93873839080334 24.77301231026649 2.900682911276817 110.6245723590255 10.79064871370792 9.633276149630547 3.621175564825535 3.840288914740086 23.4583510607481 158.2070090994239 100.6411995142698 15.06736932694912 0.3280638456344604 134.6534155532718 77.8382801041007 171.1575919166207 157.4463279396296 104.6290473267436 85.98335015773773 1167.443392120302 9.13980671018362 105.8941895738244 23.06699519604445 2.084402285516262 5.208478718996048 15.48477114737034 15.32406051456928 0.4689271748065948 6.371756158769131 0.9057963937520981 4.773564256727695 3.030789874494076 52.0727938041091 17.52392036467791 5.458317033946514 185.0452433228493 6.533902555704117 0.6160421669483185 2.601828694343567 109.0171571671963 0 0.1802921444177628 0 0.2008805572986603 6.134139366447926 29.47664926946163 1.138861611485481 4.768095880746841 23.61686325073242 10.103759765625 2.954276010394096 28.10641919076443 33.88244152069092 32.80561436712742 12.91901348531246 0.2106786221265793 1.136615097522736 0 0 0 0 0.3913106918334961 0 0.4524843692779541 0.3740123212337494 0.3298381119966507 0 0.5989451333880424 0.4833262786269188 0 0.2497955039143562 0.09856188297271729 0.1208654791116714 0 1.038259074091911 3.869373485445976 0.1116678938269615 0.6097101271152496 0.5701242834329605 9.238973312079906 0.5236133262515068 9.716607235372066 3.126513920724392 0.8688566908240318 0.3400550410151482 0.1250247955322266 0.5500185489654541 0 0.2520078420639038 0.1372589468955994 0 1.709417432546616 5.208640187978745 0.41387078166008 0.3951575458049774 0.5237423628568649 0 1.154116839170456 0 0 0.1364915817975998 0.135194331407547 0.2083116322755814 0 0 2.359835118055344 8.411180511116982 0 1.687845498323441 0.3634632751345634 0.2546544373035431 0.2535551264882088 0.2604947686195374 0.245327040553093 0.6051753684878349 0.5264813154935837 43.14221169054508 0.8845136389136314 0 0.536703035235405 1.003561988472939 3.934306092560291 1.878759950399399 0.3478446900844574 1.448102742433548 1.935883231461048 1.246554382145405 0.3685930818319321 1.012864299118519 1.579242527484894 0 0 0 0 0.2691597044467926 0 0.3520807772874832 18.12970453500748 13.55967415869236 11.37877802550793 577.1742776036263 80.09202458709478 554.0588759481907 57.13315316289663 137.1531537771225 90.45114750415087 16.31601342558861 143.8938312679529 10.53438568115234 0.7109470441937447 6.573965102434158 0.208302803337574 6.235372468829155 1.325064569711685 0 1.922452561557293 10.57988980412483 1.368391498923302
105.7776545137167 38.75583815574646 6.529927082359791 780.6570189446211 23.32008939981461 220.9064606279135 140.6615518406034 5.760016173124313 40.83470329642296 2992.156460046768 23.4676805138588 0 2510.343541786075 1390.269956111908 18.57927373051643 16.60896536707878 0.8983265906572342 0.6114841550588608 0.5008940398693085 0.8632540106773376 0.6895547807216644 0.2440161854028702 0 0 0 0.2032291293144226 0 0.3479601964354515 1.105894461274147 0 3.167838469147682 6.896497704088688 80.94333563745022 0.7626982778310776 0 3.269118875265121 11.17000864446163 0 0.09961254894733429 0.2494179606437683 1.811194777488708 1.846306577324867 0.2459356263279915 8.583164185285568 1.057577714323997 3.794003546237946 15.67291404306889 0.2875029593706131 0.1245913654565811 0.3681258261203766 0.0863160640001297 1.398269057273865 0.6207851767539978 0.6647025644779205 1.257807731628418 1.413548924028873 5.837391160428524 5.818095371127129 4.322577498853207 3.756556190550327 4.557397723197937 11.40026998519897 2.3758594840765 4.83126363158226 0.9456372931599617 0.8022072091698647 0.08274410665035248 0.2252455875277519 0.5011284649372101 2.189604520797729 220.813787125051 62.82231941819191 0.2935076355934143 6.800395913422108 3.928387030959129 11.99036104232073 11.76217734068632 12.77879050374031 0.5476329922676086 1165.195343576372 3.19732466340065 6.328950121998787 1.716959223151207 0 0.09567534178495407 1.389390774071217 0.4487324357032776 0.4885708391666412 0.4659270867705345 0.5042185932397842 0.3967206180095673 0.3004854023456573 3.431446671485901 1.055049523711205 0 2992.495344430208 71.58155727386475 5.041126012802124 3.789861477911472 56.45488981902599 0.5262154936790466 7.436968848109245 8.926404520869255 7.68489907681942 14.73204629123211 146.0138489603996 14.95271180570126 18.98149625957012 135.4280680119991 94.75484910607338 11.11134479939938 158.2527683824301 150.8862304762006 132.0593916252255 29.39231536537409 1.091707266867161 2.423914916813374 0 0.4029203504323959 0 0 0 0 0.6278966218233109 0 0 0 0.5625516325235367 0.2379710674285889 0.1234054639935493 0 0 0 0 8.255113169550896 9.295561775565147 0 1.086676470935345 1.219797447323799 11.73747894912958 1.393901705741882 9.147321745753288 3.547823794186115 0.9680369272828102 0 0.2789693772792816 0 0.1567343324422836 0.270684540271759 0.7239975482225418 0 1.061515726149082 5.117987103760242 0.2550986632704735 0.5008879899978638 0.1649103909730911 0.6204284429550171 0 0 0.6238623112440109 0.1627267599105835 0.3389239311218262 1.200583592057228 0 0.1572063416242599 0.8948170691728592 8.636816062033176 0.8619053512811661 0.3601736426353455 0.4695334583520889 0 0 0 0.0944514274597168 0 0.1056139320135117 76.48146913200617 3.940294742584229 0 0 0 6.223144888877869 0.5991592854261398 1.675091445446014 2.394098870456219 1.359347060322762 2.565590314567089 0.3064175844192505 2.201555736362934 0.533563420176506 0 0 0 0.2908200025558472 0 0 0 58.96762284636497 17.84857109189034 18.94563185423613 139.1015186235309 9.387407466769218 66.40060268342495 6.783698745071888 87.22617074102163 11.75201530009508 0.7465927302837372 27.67110345512629 11.54817064106464 0.2592882066965103 18.20647462457418 0.1054820343852043 21.23705677688122 0.9857891499996185 0.3082759380340576 2.597033873200417 2.240622699260712 0
371.0811363756657 531.0059909448028 70.77130081504583 1658.136304788291 419.0966473966837 265.1891411989927 2094.411755815148 313.4773244783282 986.0162672698498 7417.433451637626 791.8923335000873 2510.343541786075 0 3177.587899379432 127.0069435536861 79.28372332453728 4.954362444579601 3.929961033165455 0.7983546108007431 2.19648564606905 4.944770857691765 0.1500654965639114 0 0 0.1418505758047104 1.16755148768425 1.156382977962494 1.181320071220398 1.702197797596455 0.3369296193122864 43.2384075447917 70.6113600730896 457.5020944401622 1.063343696296215 0 0 38.88498117029667 1.116366654634476 2.601656913757324 0.5901116207242012 3.522798344492912 3.113981381058693 2.539466798305511 20.23938253521919 0.754144050180912 5.252003900706768 132.6065325811505 4.597031898796558 1.249216876924038 2.436904847621918 1.125879362225533 3.345627129077911 1.755619630217552 1.65829461812973 11.00378347188234 11.57700043916702 18.04202787578106 51.73007087409496 20.56700636446476 36.16381300985813 5.752633705735207 31.43087209016085 2.184907883405685 48.46550420671701 5.971861988306046 3.818408973515034 2.014247983694077 2.681842997670174 1.618899375200272 10.84853631258011 233.8868935108185 112.9027207046747 0 55.38359946757555 27.68211267888546 110.5708896666765 99.36360204964876 68.6730784624815 4.49336051940918 811.6675681471825 15.2139889523387 124.9110209643841 7.430582389235497 1.083642862737179 2.510767944157124 7.992067910730839 4.73092332482338 0.3186448365449905 3.786740124225616 0.5075894147157669 3.187581516802311 2.008555948734283 4.323093466460705 2.584182053804398 3.710650391876698 2678.52427893877 54.95707415044308 3.929049879312515 2.93962174654007 72.57718905806541 2.236430630087852 22.44517339020967 49.20440354943275 16.92777845263481 35.63644201308489 416.2954294979572 36.56589375436306 62.66060149669647 501.5409259423614 278.2968037426472 31.17727939784527 468.5437911376357 415.5967963114381 313.8231865093112 69.67080247402191 2.04947367310524 4.502343460917473 0 1.286000192165375 0 0 0.1568420976400375 0 0.7587065622210503 0.1029273942112923 0.1912116408348083 0 0.2677828520536423 0.1209255531430244 0 0 0.4144286140799522 0.3949017897248268 0 18.93933975696564 36.64800079166889 0.1157988160848618 0.9298246279358864 0.4628631174564362 51.93675607442856 1.879397422075272 32.16768929362297 4.369704119861126 0.4752117246389389 0 0.239044725894928 0.3117356896400452 0.5338508859276772 1.611297279596329 0.4793629348278046 0.1697923243045807 6.004612684249878 17.37624407559633 1.111119255423546 0.2433272749185562 0.1528243124485016 1.403174765408039 0.2788621634244919 0.8364995718002319 1.321803078055382 0.11208875477314 0.6226637065410614 1.520277261734009 0 0.8852666020393372 0.9866718798875809 31.30204586684704 0.7557350099086761 1.623838990926743 1.312907338142395 0.2499055042862892 0.2641573995351791 0.2261833325028419 0 0.6354447603225708 1.248604401946068 236.3756769821048 5.081770405173302 0 0 0.9609496891498566 22.63596926629543 3.787904292345047 5.923556104302406 5.30543964356184 4.176522627472878 8.139854744076729 3.694809272885323 6.273967199027538 0.8268845304846764 0 0 0 0.1020569428801537 0 0 0 166.1491158381104 54.11571252346039 54.56151778250933 711.4138670787215 81.4974365234375 466.7879961803555 61.28714134544134 149.2768780812621 107.3944200724363 11.88776714354753 169.8430111631751 35.59301172941923 1.065126076340675 45.99911569803953 0.5234060436487198 74.17493058741093 4.766253143548965 0 9.72199359536171 10.3545985519886 0.6697672009468079
