0 3384.351836621761 1199.045721523464 2048.270002871752 566.4053638502955 264.2594817280769 688.1563740968704 385.919622965157 188.3621730804443 2132.138266116381 922.6244125291705 314.9356672018766 861.9495464041829 362.9166544005275 14.42949562519789 5.307596474885941 0.767578586935997 0.1453527212142944 0 0.2408967092633247 0.6344098970293999 0.4788168668746948 0.226731650531292 0.1039602234959602 0.4120236188173294 0.2620325684547424 0.209625355899334 0.2109274044632912 0 0 826.7935304716229 5.074667535722256 4.397615544497967 0 0.3109850883483887 0.4869580939412117 6.713085159659386 0.3052510470151901 0.7248970046639442 0.5872935205698013 0.2388265579938889 0.945117749273777 0.2407985702157021 0.498431034386158 0.3265847191214561 0.3550603911280632 90.74132310599089 10.7197427302599 0.7719184085726738 1.006540864706039 0.6298001930117607 0 0.09257479012012482 0.6397925242781639 13.82773020118475 3.62347450107336 151.1476903706789 1043.096726179123 4.160242974758148 125.2935629040003 0.8972022756934166 0.7576145455241203 0.1120546236634254 19.91609158366919 7.100466318428516 3.805823497474194 1.953084692358971 2.351712256669998 1.504146032035351 1.347423732280731 10.59817661345005 3.177837207913399 0 730.5053483694792 43.29546374827623 57.39602697640657 35.61812513321638 6.11532886326313 1.849647007882595 123.3696521893144 1.906335331499577 5.119657076895237 51.25452192127705 0.2129417359828949 2.953480154275894 1.448662616312504 3.126145549118519 0 0.8961095213890076 0.270807571709156 0.3098096549510956 0.1106890812516212 0.4256267324090004 0 0.2057377099990845 233.086421571672 0.7487477362155914 0.09634845703840256 0.9722897708415985 396.8302478343248 0 3.368327066302299 4.468028008937836 4.090896338224411 0.2675592452287674 2.458513125777245 11.58653242886066 4.776294514536858 146.3687398135662 22.07782819867134 2.050025671720505 21.94714456051588 34.00350611656904 25.78626641631126 11.53641743212938 0 0 0 0 0 0 0 0 0 0 0 0 0 0 0 0 0 0 0 0 0.4521472752094269 0 0.2685238420963287 0 3.705944083631039 0.2508120313286781 2.416696257889271 0 0 0 0 0 0 0 0.1175963953137398 0 1.023525416851044 0.9052477478981018 0.09818422794342041 0 0 0 0 0 0.3518291413784027 0 0 0.1348419934511185 0 0.1879608780145645 1.708841174840927 5.533708624541759 0 0 0 0 0 0 0 0.092908576130867 0 13.21820729970932 0.7150025963783264 0 0 0 2.774436458945274 1.657315611839294 1.229295305907726 0.7322708964347839 0.594988040626049 0.8993832021951675 0 0 0 0 0 0 0 0 0 0 6.662706658244133 1.350503548979759 3.439550906419754 477.4798836708069 25.21846085786819 274.6259380802512 30.24529047310352 1030.330021262169 57.83938175439835 2.282714232802391 29.82742813229561 3.314233586192131 0.2701647281646729 2.679802849888802 0 8.065531715750694 0.3144397884607315 0 0.5898559093475342 3.023186534643173 0
3384.351836621761 0 2129.431171499193 685.0772250965238 3954.858439877629 268.6278300434351 3207.427637062967 575.9611439034343 2804.964236535132 1452.141970716417 2950.114449724555 456.0839469507337 1467.262913659215 988.4842097237706 29.68364837020636 5.966591231524944 0.5744789242744446 0.4705551192164421 0 0.4815079644322395 1.966729670763016 0 0.192029595375061 0 0.5077872574329376 0.5776088982820511 0.2618726342916489 0.4923736080527306 0.3576153665781021 0.1262052953243256 1641.030512370169 12.09104105830193 9.191552385687828 0 0.08809087425470352 0.5591983944177628 13.31396163254976 0.5746719613671303 0.3309087157249451 0.7660835012793541 0.8098386898636818 0.8012666925787926 0.2850185856223106 1.136308521032333 0 0.2409144043922424 154.3361927568913 13.55288568884134 1.14289553463459 0.7282084226608276 0.7949184328317642 0 0 0.3130122870206833 12.31161212921143 3.866856269538403 37.8637862727046 468.8390909582376 3.230293825268745 128.9352254197001 1.294306449592113 0.6059897616505623 0.2687940672039986 74.36392621695995 7.372821219265461 5.171125777065754 1.559329703450203 3.319190748035908 2.51832153648138 1.355614483356476 39.42459283769131 3.388474330306053 0 449.5783242955804 68.71245467662811 114.4682490751147 142.3583576157689 14.81486172229052 4.037503860890865 113.0601519271731 2.925056956708431 5.169326551258564 44.26099596172571 0.1283037811517715 4.776331230998039 1.635043278336525 4.856423921883106 0.1278648674488068 0.1875852271914482 0.1780589073896408 0.7999138608574867 0.129141241312027 1.374386630952358 0.1574421972036362 1.222261026501656 280.5915019661188 2.263106733560562 0.3903964757919312 0.4003176465630531 316.2025399133563 1.045771941542625 0.6536232829093933 1.178905323147774 3.798438787460327 0.8412472754716873 6.725036635994911 14.62475591152906 3.918258033692837 22.42913992702961 21.8153345361352 5.128894038498402 40.80413933843374 59.12066276371479 41.0795434191823 22.62070609629154 0.8689364492893219 0 0 0 0 0 0 0 0 0 0 0 0 0.1537830531597137 0 0.09281019866466522 0 0 0 0.7980901747941971 0.2892379984259605 0 0.2336682379245758 0 7.913788720965385 1.244664788246155 4.314457558095455 0.2094432860612869 0 0 0 0 0 0.1136872842907906 0.5851898938417435 0 0.4631386250257492 2.878603503108025 0.1116044446825981 0 0 0 0 0 0 0 0 0.3638914823532104 0.6460335552692413 0 1.784869186580181 11.99248172342777 0.1989566087722778 0.1075774803757668 0.1173491030931473 0 0 0.2290443778038025 0 0 0 23.42728830873966 0.4987448900938034 0 0 0 4.967505224049091 1.02177669107914 4.071844637393951 1.104114077985287 0.6659279614686966 0.9967999309301376 0.1975015103816986 0 0.1204709112644196 0 0 0 0 0 0 0 19.52142474800348 2.007493525743484 4.836399130523205 189.2341937944293 29.82050553709269 411.8270153775811 38.76715707033873 516.5908506065607 62.42473588138819 1.911124363541603 32.04729156941175 5.210600942373276 0.1509045362472534 6.248120442032814 0.8152071833610535 17.47793655097485 0.6189733445644379 0 2.74916660785675 4.326600357890129 0.1682723164558411
1199.045721523464 2129.431171499193 0 18.60871151834726 805.098524697125 14.59877747297287 42.56432817876339 1722.419673830271 552.2036549523473 30.3591109290719 2935.676751546562 45.97720475494862 71.91198892891407 643.7506118565798 33.69462119042873 16.41302748769522 1.876168064773083 1.527755089104176 0.1235895827412605 7.934845365583897 12.89814747869968 0 2.621770642697811 1.079455867409706 3.866122700273991 0.6363597884774208 1.80755253881216 0.2946119084954262 0.24787637591362 0 3067.143242180347 163.8122513070703 8.64490219950676 0.9278541207313538 1.520060375332832 4.982136026024818 17.33962356299162 1.040613882243633 1.084237791597843 0.7274922057986259 2.069561064243317 1.148279272019863 4.931735351681709 2.252500541508198 0.7377036511898041 1.321975357830524 86.33331011235714 6.407370299100876 1.401178643107414 4.775417402386665 1.716324277222157 0.1873450726270676 0 0.3468950912356377 5.605300731956959 1.282730206847191 26.63379640132189 526.1446986198425 2.051805928349495 56.31268895417452 20.15948951989412 1.642266146838665 3.35434602200985 60.35935869067907 4.147748336195946 1.771253898739815 1.273705080151558 2.634333826601505 11.75450859963894 15.86187467724085 16.66125170886517 5.552965678274632 0 271.8490222617984 36.09179905802011 67.24982725828886 88.64624344557524 19.20376377552748 200.8816040456295 844.2902612015605 31.54952944815159 229.7326223552227 18.61321574449539 0.1586218923330307 1.564863450825214 1.393109299242496 4.235611721873283 0 0.4487061202526093 0 0.2430768758058548 0 7.258240647614002 0.9516812935471535 0.8451650366187096 33.35070479661226 1.104270733892918 0.7762659266591072 1.460522130131721 184.0427787974477 0 0.1973638981580734 0.8524884581565857 1.567414790391922 0.5223276168107986 4.506944373250008 3.795903690159321 1.706852406263351 4.11173664778471 8.405643753707409 1.882218033075333 21.6682423427701 23.51690007001162 28.02511411160231 16.42689846456051 0.4332894384860992 0 0 0 0 0 0 0 0 0 0 0 0 0 0 0 0 0 0 0 0 0 0.5714880526065826 0 6.105899289250374 0.2397004663944244 3.05249135941267 0.2179194539785385 0.2636079639196396 0 0 0.1004714369773865 0 0 0 0 0.1342971175909042 0.9237148463726044 0 0 0 0 0 0 0 0 0.1768990606069565 0 0 0.3003192245960236 1.829915046691895 5.953259468078613 0 0 0 0 0.201185330748558 0 0 0 0 13.17949791997671 0.8310238942503929 0 0 0 3.055941537022591 1.320151500403881 3.501068368554115 0.672115758061409 0.7253687158226967 0.2269115522503853 0 0 0.1143811866641045 0 0 0 0 0.09372106939554214 0.09962023794651031 0 7.160013034939766 1.056834042072296 3.039011962711811 91.99300415813923 16.88176794350147 223.6072074249387 22.92181526869535 170.4333141744137 40.05865912884474 1.841254465281963 21.25249207019806 5.073200538754463 0.2248341143131256 4.164620645344257 0.2126804888248444 5.515726700425148 1.543391861021519 0 0.1732219755649567 1.926810391247272 0
2048.270002871752 685.0772250965238 18.60871151834726 0 65.96770994365215 387.1904980093241 439.7884914502501 3.635371573269367 81.87206657230854 1381.894725106657 16.12352959811687 1381.264170229435 3518.588960148394 514.4846655204892 6.230045072734356 1.380281306803226 0 0.2918045669794083 0 0.2421751692891121 0.2041046693921089 0 0.1078939959406853 0.1206356957554817 0 0 0.115556076169014 0.2039326429367065 0 0 41.44005476683378 1.640615411102772 3.479130893945694 0 0 0 2.717429310083389 0 0.4176403880119324 0.2226501330733299 0 0 0 0.5241571217775345 0.2374903187155724 0 39.74020013958216 3.245283253490925 0.8149754330515862 0 0.1401236951351166 0 0 0 3.730241663753986 1.256737545132637 8.483652852475643 94.65306384861469 0.2421487420797348 39.87806765735149 0.1998700127005577 0.3590460270643234 0 11.70021709799767 1.974090166389942 1.57458771020174 1.126277528703213 0.3177330195903778 0.4778883159160614 0.2637150213122368 23.42312074452639 3.269362688064575 0 142.1196041405201 15.29021049290895 18.82456754893064 21.98095738142729 2.518427670001984 0.6955336853861809 2.072404824197292 0 2.070723339915276 16.55286899209023 0 1.276433922350407 0.8487578481435776 1.478103838860989 0 0.1074265837669373 0 0 0.1409944444894791 0.3366231769323349 0 0 353.8395651876926 0.7414035648107529 0 0.1027374267578125 106.0259482711554 0.6653475910425186 1.55261392891407 1.951197057962418 4.609028436243534 1.410258293151855 4.608826965093613 8.450173139572144 2.911218926310539 29.99950978159904 17.16467531770468 4.169732928276062 25.68905188888311 41.60473988205194 28.14274630695581 12.2029731720686 0.5420738309621811 0.1258189231157303 0.1248033493757248 0 0 0 0 0 0 0 0 0 0 0 0 0 0 0 0 0.3322218954563141 0 0 0 0 3.538498342037201 0 2.351169370114803 0 0 0 0 0 0 0 0 0 0.325236052274704 1.496414393186569 0.1505934298038483 0 0 0 0 0 0.1514043807983398 0 0 0.1148471236228943 0 0.2355134338140488 0.9167125076055527 3.616910263895988 0 0.2425380498170853 0 0 0 0 0 0 0 14.22293444722891 0.1181280463933945 0 0 0 2.583121865987778 0.7805274724960327 1.895596638321877 0.1092624217271805 0.5218534842133522 0.1276374608278275 0 0.4627793282270432 0 0 0 0 0 0 0 0.2542246580123901 22.01252372562885 1.216108717024326 1.769129544496536 91.9928927719593 6.856383338570595 98.58583122491837 8.239571698009968 257.2353572100401 14.21185270696878 1.220530986785889 10.28673601895571 3.461976021528244 0.1736956238746643 3.166558384895325 0.3657574355602264 6.825017303228378 0.3330626636743546 0 0.6133795380592346 1.386672332882881 0
566.4053638502955 3954.858439877629 805.098524697125 65.96770994365215 0 19.13518921285868 895.83789922297 44.98053089529276 5650.903593942523 452.6882459148765 1174.668062634766 365.8904201090336 721.1314777731895 1342.095368944108 27.39052187651396 5.445577092468739 0.1166760921478271 0.2783958539366722 0 1.13916190713644 0.3466838151216507 0 0 0.1126760393381119 0.3725709766149521 0.7234824821352959 0 0.1589207947254181 0 0 177.9226302504539 12.72323375940323 4.989112012088299 0 0 0.1148904114961624 4.115236289799213 0.2775830775499344 2.11564876884222 0 0.115066759288311 0.7066704481840134 0.2342818006873131 0.6050665229558945 0.1003425866365433 0.2222476005554199 124.8902077525854 10.58826023340225 0.9519315809011459 0.6378421038389206 0.6758649796247482 0.118857242166996 0 0.5582615733146667 9.434616111218929 2.32778587192297 10.3291155770421 125.3614617213607 1.902873352169991 90.65016836673021 1.305318258702755 1.065792359411716 0.1962126716971397 65.88249678164721 4.979483433067799 2.611270472407341 1.656635239720345 2.386074170470238 1.230940870940685 0.8209973499178886 26.74851507693529 3.361302323639393 0 194.3058467283845 48.56668765097857 88.51641275733709 123.0386995375156 11.97178054600954 0.3911411687731743 13.75868559628725 1.075661607086658 3.231332488358021 29.90261719375849 0 3.270665980875492 1.450121641159058 3.567778594791889 0 0.1661026999354362 0.1353272050619125 0.3321349024772644 0.1136015728116035 1.223981827497482 0.1957716643810272 0.795465923845768 146.09251806885 2.127685695886612 0.2819878906011581 0.3762955814599991 24.10664043575525 0.2920445948839188 0.4913414716720581 2.255158379673958 3.355923429131508 1.29790535569191 6.063881382346153 9.036404743790627 3.976166024804115 12.717041015625 20.44965077936649 3.995725490152836 49.08230324834585 55.14248155802488 47.16447623819113 25.65871600806713 0.9640631452202797 0.2685473784804344 0 0 0 0 0 0 0 0 0 0 0 0 0 0 0 0 0 0.7787208557128906 0.46982042491436 0 0.1535408794879913 0 8.600847318768501 0.7041804492473602 4.017403930425644 0.4421362727880478 0.1967067867517471 0 0 0 0 0.1002711728215218 0.1210791692137718 0 0.8234795778989792 2.384685337543488 0 0 0 0 0 0 0 0.1159296259284019 0 0.3768565505743027 0 0.5537541136145592 3.279900245368481 9.86937852203846 0 0.1118999049067497 0 0 0.08824950456619263 0 0 0.1378415077924728 0 24.71600527316332 0.6560496985912323 0 0 0 6.736434325575829 1.602989748120308 3.149936527013779 0.566473163664341 1.679361954331398 0.5174963846802711 0.1787808984518051 0.1991411447525024 0 0 0 0 0 0 0 0 15.1227629929781 2.705223768949509 3.017615012824535 118.4015393033624 25.21271356195211 315.2998177409172 33.11440342664719 218.8207619935274 51.11204499006271 2.231765225529671 27.7389260083437 4.647841915488243 0 4.088231302797794 0.4266200512647629 9.557542040944099 0.9224653691053391 0 0.6494864672422409 3.534329369664192 0
264.2594817280769 268.6278300434351 14.59877747297287 387.1904980093241 19.13518921285868 0 47.92154793441296 4.552333623170853 7.575469583272934 508.803122445941 13.14915655553341 76.426662966609 148.6022631675005 26.42731535434723 0.4197849705815315 0.2446169480681419 0.2148726284503937 0 0 0 0 9.569107338786125 0 0 0 0 0 0.200940266251564 0.9993435144424438 0 6.164260059595108 1.081454038619995 7.501678511500359 0 0 0.1922620087862015 17.99187857657671 0 2.542096167802811 0.6704424321651459 0 0 0.09485858678817749 0 0 0 4.748952381312847 0.3219846785068512 0 0 0 24.60712906718254 0.8080262690782547 0.3179396241903305 0.1210168674588203 0 213.9027582928538 50.75527136027813 2.67193329334259 4.419412575662136 1.01208969950676 0.3469374477863312 0 0.7860857993364334 0.5497113168239594 0 0.09793286770582199 0 0.1181090101599693 0.1181795820593834 182.7573774009943 134.334877461195 1.209922686219215 21.40716744959354 1.399813368916512 1.492974601686001 1.258839346468449 0.3311830908060074 0.1026824489235878 6.119858235120773 0 1.500540539622307 2.55696214735508 0.1326101571321487 0 0 0 1.380540013313293 0.1702644973993301 9.287592433393002 0.655555471777916 0.3795813024044037 0 0.3591821789741516 0.1472002565860748 196.977810099721 27.10485905408859 9.744064658880234 6.919108584523201 398.2838275134563 0.5336118340492249 0.5633929371833801 1.142348542809486 0.5268276631832123 0 1.650184437632561 9.774544656276703 0.6116822063922882 8.348015174269676 6.289635121822357 0 3.533244982361794 8.593275651335716 5.460374936461449 1.745770178735256 0.1054892838001251 0.2526241764426231 0 0 0 0 0 0 0 0 0 0 0 0 0 0 0 0 0.6031475067138672 0 0 0 0.1442956328392029 0 1.93876588344574 0 1.161544233560562 0.3238626420497894 0.785889595746994 0 0 0 0 0 0.4211603403091431 0 0 0 0 0 0 0.3037232160568237 0 0 0 0 0 0 0 0.1428023129701614 0.2648689448833466 1.01704865694046 0 0 0 0 0 0 0 0 0 3.199733905494213 1.797229081392288 0 0 0 0.3609576374292374 0.5874735116958618 0.6190662086009979 0 0 0 0 0 0 0 0 0 0.1603280007839203 0.1539831757545471 0 0 8.691625326871872 1.260747537016869 4.447241842746735 8.018397212028503 0.9655447527766228 11.87988362461329 1.086305297911167 187.803000845015 4.249360576272011 0.1709647625684738 1.97875127196312 1.122551076114178 0 0.396397553384304 0 0.6531317830085754 0 0 0.7614189684391022 0 0
688.1563740968704 3207.427637062967 42.56432817876339 439.7884914502501 895.83789922297 47.92154793441296 0 11.67055130749941 1506.516243077815 1511.954345732927 142.2359357476234 469.382401868701 2837.430617384613 2248.423099987209 29.43590328097343 6.825205966830254 0.1919662654399872 0.3761948198080063 0.3172835260629654 0.7494452148675919 0.3233171477913857 0 0.09569096565246582 0.1928844675421715 0 0.5837148874998093 0.2631203681230545 0.4912040531635284 0.2950097918510437 0 69.45174862444401 11.07153431326151 2.675171941518784 0.1304991841316223 0.09318239241838455 0 5.137711226940155 0.4677237942814827 1.101778231561184 0.2128125801682472 0.2230643853545189 0.5595474913716316 0.7330177053809166 0.1056616380810738 0 0 115.241169758141 8.541305854916573 0.4079472422599792 1.230074398219585 1.100131168961525 0.3922580033540726 0 0.2053608894348145 8.65698403865099 3.13678240031004 6.672157891094685 93.54191764444113 0.9086427316069603 75.77301377058029 1.712315171957016 0.441923625767231 0.235600546002388 47.69484476745129 3.643338046967983 2.834693141281605 0.8725801035761833 1.765070028603077 1.590846680104733 0.4454736486077309 34.82451842725277 5.527077250182629 0 177.6645209342241 38.70014455169439 74.03375029563904 102.803445070982 12.37535693496466 1.134659245610237 4.388883620500565 1.518577955663204 3.081560462713242 22.25387129187584 0.1341353207826614 2.287517800927162 1.665227517485619 3.679057814180851 0 0.2779415547847748 0 0.3951402604579926 0.1158953234553337 0.7631347253918648 0.265851192176342 0.8269174620509148 245.7500774338841 1.232891649007797 0.145591139793396 0.7409484684467316 21.62234059721231 7.34306663274765 23.88296986371279 97.8223482221365 73.40211545675993 2.938539296388626 13.07704799622297 22.30619148164988 7.482166290283203 40.87595893442631 72.16900067776442 5.583203218877316 95.71995136141777 83.83753765374422 63.09727367013693 39.77696877717972 0.4545911327004433 0.5633372887969017 0 0.4944646656513214 0 0 0 0 0 0 0 0 0 0 0 0 0 0.1642583608627319 0 6.21275494992733 0 0 0.9482938647270203 0 10.0804502889514 0.4055532217025757 5.715118750929832 0.4242792874574661 0.5368064790964127 0 0 0 0 0 0.1250906139612198 0 9.20640117675066 13.48585311323404 1.555448770523071 0.09029149264097214 0 0 0 0.1424510627985001 1.586218014359474 0.7816305086016655 1.021934375166893 7.749718561768532 0 1.071717150509357 5.604751601815224 12.76511025428772 0.8842855989933014 2.632127791643143 1.827635124325752 0.681081548333168 0.2162993475794792 0 0 0 0 33.76045059412718 0.3522249162197113 0.1318218261003494 0 0.1676996350288391 7.147374331951141 2.306109346449375 3.64907743036747 15.01997641474009 16.58067062497139 7.407359652221203 6.850216083228588 1.651935152709484 0.5790675133466721 0.1075746864080429 0 0 0.1029036641120911 0.1290314793586731 0 0 27.2332524061203 2.595669120550156 6.709826387465 121.8234207108617 26.02670808881521 302.3296356573701 28.95548181980848 218.3572212532163 50.74504837393761 1.114484064280987 21.8559235855937 6.812692128121853 0.9582032635807991 15.27209756523371 2.081985056400299 27.10351367294788 5.590903207659721 0 3.225494012236595 2.193815447390079 0.1723769754171371
385.919622965157 575.9611439034343 1722.419673830271 3.635371573269367 44.98053089529276 4.552333623170853 11.67055130749941 0 108.1890483349562 5.126970894634724 1552.151215158403 4.024405278265476 51.8633333966136 514.4067310467362 81.39084134995937 44.08340077847242 6.675615340471268 5.0202811434865 0.6287230625748634 31.87920992076397 36.94653914868832 0 5.390342094004154 2.967010729014874 12.87788680195808 1.760795675218105 4.048580795526505 0.2989858761429787 0.1004025861620903 0 2304.396898925304 1807.764153301716 21.3621342331171 3.112028434872627 6.365388169884682 17.39690897613764 33.15134070813656 3.462431557476521 3.184184476733208 2.446688793599606 6.858300946652889 0.8513903096318245 24.22651644796133 13.16649931669235 2.049167856574059 7.210505068302155 139.3420156165957 8.918270014226437 6.852515183389187 23.75853050500154 7.024584084749222 0.6112159043550491 0.1411794722080231 0.2619851976633072 6.587398655712605 1.369998920708895 29.78637154400349 569.0533800497651 1.241131395101547 68.3650269806385 96.22534048557281 7.25234317034483 9.528768368065357 217.856104940176 3.192646838724613 2.753259159624577 1.259047210216522 3.678150072693825 44.67922570556402 57.98646610230207 20.95501237362623 10.84442525357008 0 282.0842973738909 69.31913994252682 110.1802183017135 213.2480307146907 171.2349459901452 338.9005215764046 682.5463688448071 304.723256662488 612.6361860483885 20.94899073243141 0 1.792668916285038 1.358854398131371 15.13263496756554 0.08654898405075073 0 0.3613372445106506 0.2998550236225128 0.2899250909686089 22.41460940241814 2.283573195338249 0.9846808537840843 30.69260700047016 1.847656786441803 1.920947842299938 1.300206303596497 72.74191097915173 0 0.633992075920105 0.4613028168678284 0.7582955658435822 0.5747878700494766 1.691770516335964 0.7126971036195755 0.8851582035422325 2.255997747182846 3.967889502644539 1.784987457096577 13.36522649228573 11.37030683457851 17.14239094406366 11.29311943799257 0.317010261118412 0 0 0.1432059109210968 0 0 0 0 0 0 0 0 0.2883187532424927 0 0 0 0 0 0 0.5835153013467789 0 0 0.3695788234472275 0 5.558012932538986 0.09506428986787796 3.844921126961708 0.4231577962636948 0.861177921295166 0 0.5776153579354286 0 0 0 0 0 0.3726314604282379 1.069547727704048 0 0.1278650909662247 0.1102507933974266 0 0.16220723092556 0 0 0 0 0.4227938875555992 0 0.2243003025650978 2.224496461451054 4.304637789726257 0.08419463783502579 0 0 0.101640522480011 0.09207481890916824 0 0 0 0.09899242222309113 16.87163439393044 0.4066445976495743 0 0 0.2452429383993149 2.701817341148853 0.9194989576935768 2.759206712245941 0.3196535408496857 0 0.1472563147544861 0 0.128070205450058 0 0 0 0 0 0 0 0.1207881197333336 4.950695790350437 3.586175352334976 6.551392138004303 133.8375584110618 23.95540659874678 306.3759328722954 31.93888416141272 105.1262644156814 48.15528116375208 1.428098089993 32.11396142840385 4.033637560904026 0.1705339252948761 3.122127950191498 0.4264458939433098 4.837983407080173 0.620252251625061 0 1.362286478281021 3.435585580766201 0.4596930593252182
188.3621730804443 2804.964236535132 552.2036549523473 81.87206657230854 5650.903593942523 7.575469583272934 1506.516243077815 108.1890483349562 0 421.5349749326706 2500.777563974261 484.2147532254457 1414.939439915121 2506.240159489214 65.07349553704262 16.19158565253019 0.931908942759037 0.423946313560009 0.2446418032050133 1.561668924987316 2.099676258862019 0 0.092257060110569 0.08918408304452896 0.3751497641205788 0.889479972422123 0 0.8748473525047302 0.357690766453743 0 142.174068056047 23.54014295339584 2.297468081116676 0 0.2993482053279877 0.7288988009095192 13.86410450935364 0.09733367711305618 1.176527082920074 0.6785373985767365 1.038408868014812 1.47369023412466 0.6172594279050827 0.4522891491651535 0.2451744228601456 0.09557552635669708 183.4418708086014 9.797102883458138 0.6202868446707726 0.7997151836752892 1.721890769898891 0.1881068795919418 0.1105732023715973 0.5045811384916306 6.489661395549774 2.357412308454514 12.15520387142897 84.77246786653996 2.02196978032589 85.51017826795578 2.42313277721405 1.967942550778389 0.4273957461118698 53.14696199446917 4.923879444599152 2.992952600121498 1.132874794304371 2.938246168196201 2.925803184509277 2.279682569205761 61.12587656080723 12.5393495336175 0 169.9890192300081 45.52619568258524 116.2800748199224 164.5418255031109 24.5761734098196 1.404587306082249 21.59112917631865 2.38537386059761 4.218444064259529 24.38511114567518 0 2.66947627812624 1.027215272188187 4.968062914907932 0 0.1779749244451523 0.1033254265785217 0.8058055341243744 0.4877060577273369 1.520694561302662 0.6210928857326508 1.106080904603004 271.6618553772569 1.798888362944126 0.2401871681213379 0.6729583814740181 11.17503739893436 1.600756354629993 1.888724088668823 7.936468347907066 10.60068220645189 5.77582048624754 18.73934957385063 19.86033071577549 15.79008964449167 30.97055617719889 52.40004755556583 11.7012242898345 121.2316719442606 144.3708623945713 130.6215571910143 62.13048402965069 1.541877053678036 1.043742753565311 0 0.2169487550854683 0 0 0 0 0 0 0 0 0 0 0 0 0 0 0 1.979003965854645 0.8524812459945679 0 0.9866229146718979 0 25.64476403594017 0.3920315802097321 10.8357728049159 0.5541112124919891 0 0 0 0 0 0.4357796907424927 0.1184994727373123 0 1.606437340378761 8.302868150174618 0.1315551698207855 0 0 0 0.136095255613327 0 1.194459997117519 0.09742230921983719 0.5019757896661758 0.4574247598648071 0.1135328635573387 0.8235891535878181 9.039569213986397 20.71001749485731 0.7651984542608261 0.8178909122943878 0 0 0.2818314805626869 0.1861473321914673 0 0 0 63.57910288125277 1.292010739445686 0 0 0.3038808405399323 14.66392013430595 5.160975016653538 9.404856145381927 3.601278834044933 0.9957055076956749 0.8822851106524467 0.6169064939022064 0.6290646642446518 0.5225007310509682 0 0 0 0.1207408457994461 0 0 0 43.17784874141216 5.157643795013428 12.42646067589521 241.8096313029528 32.92176679521799 492.6852401420474 53.2197442278266 250.3372088223696 100.88878377527 1.516728319227695 50.52804376929998 17.65069934725761 0.1932906806468964 18.29335879534483 0.6986389756202698 26.73025572299957 2.727332971990108 0 3.623273968696594 6.275084361433983 0
2132.138266116381 1452.141970716417 30.3591109290719 1381.894725106657 452.6882459148765 508.803122445941 1511.954345732927 5.126970894634724 421.5349749326706 0 52.26667140424252 1515.986619412899 7437.045887030661 593.7115764841437 20.94343042373657 5.401841789484024 0.563952662050724 0.6401207000017166 0 0.3767066597938538 0.3508259505033493 0 0 0 0.2253710180521011 0.1780471950769424 0.4709524065256119 0.3462733551859856 0.1855980455875397 0 34.79126960784197 3.564355812966824 13.81064873933792 0 0.1064593940973282 0 50.33892370760441 0.1127128228545189 1.299099758267403 0.2270943224430084 0.1204127073287964 0.4224799871444702 0.1599431484937668 0.4861265644431114 0.1068401262164116 0.1158469691872597 94.67597062140703 5.598708145320415 0.2992964684963226 0.4868204817175865 0.3125748857855797 0 0 0 6.055585794150829 2.00868546962738 9.256749331951141 88.76371015608311 1.705446228384972 58.8717135861516 0.6027812138199806 5.101399183273315 0.4822195619344711 25.42914341390133 3.257574580609798 2.238533414900303 0.4731702655553818 0.8238450661301613 1.536010399460793 1.143349222838879 373.4373399987817 8.773686453700066 0 180.2971846163273 27.36957339197397 59.82511780411005 53.48041014373302 7.62173368781805 0.563779778778553 8.647809371352196 0.5334127470850945 6.28777152299881 25.3369557633996 0 2.601614691317081 0.836622841656208 1.796610280871391 0.1510848850011826 0.2091639786958694 0 0 0.1279996037483215 0.8016704171895981 0.1413323432207108 0.6188240274786949 1259.227333188057 8.62002620100975 0 1.691220611333847 50.08762138336897 2.690971419215202 6.016495689749718 10.34905798733234 20.1124240309 6.788207218050957 19.70955343544483 79.03050263226032 14.84733836352825 92.46756312996149 113.2950465679169 13.4948663264513 163.1338630095124 223.2314277514815 143.5946900844574 59.38022156059742 0.249056376516819 0.5555063486099243 0 0.2600854337215424 0 0 0 0 0 0 0 0 0 0 0 0 0 0 0 1.839939251542091 1.627698346972466 0 0.8697663247585297 0 22.40153054147959 1.028177097439766 9.961503200232983 0.2256752103567123 0 0 0 0 0 0 0.2033098936080933 0 1.606494523584843 9.212313592433929 0.2691572457551956 0.5131722241640091 0 0 0 0 0.9644737541675568 0.2492912635207176 0.3271150514483452 0.892826072871685 0 0.7998949587345123 6.478819221258163 23.20182853937149 0.2588461339473724 0.577036514878273 0.100766584277153 0.09546130895614624 0 0.3298656642436981 0 0 0 53.74575980752707 1.623861044645309 0 0 0 15.46871253103018 5.258105397224426 6.027954161167145 2.216064296662807 0.7138430923223495 0.4456667974591255 0 0.3792364597320557 0.3793754726648331 0 0 0 0 0 0 0 104.423712991178 9.065943881869316 10.47432048618793 244.9102516770363 17.46769521385431 287.9272422865033 27.88901144266129 540.6856555342674 50.88222586363554 1.912127159535885 28.43740946054459 14.2545415610075 0.235842801630497 13.97664082795382 1.224290430545807 42.46197082847357 2.062995821237564 0 2.755801692605019 0.6913155093789101 0.572300136089325
922.6244125291705 2950.114449724555 2935.676751546562 16.12352959811687 1174.668062634766 13.14915655553341 142.2359357476234 1552.151215158403 2500.777563974261 52.26667140424252 0 101.1923491507769 419.032729588449 3491.991465963423 75.77176642417908 34.51211746782064 2.769417718052864 1.038207799196243 0.6753605678677559 4.724417932331562 14.55806270241737 0 1.839211903512478 0.9391626417636871 8.13612974435091 1.107830666005611 2.808891512453556 0.6696740016341209 0.8005956411361694 0 1281.721376419067 86.87485731393099 63.32533201575279 0.3937883675098419 2.526619128882885 9.468152388930321 92.50424722582102 4.212080262601376 0.7715509533882141 1.102619767189026 3.360147677361965 0.784517914056778 2.544126406311989 3.914734594523907 0.1320884525775909 0.5116096884012222 154.515591673553 10.41372529417276 2.297245033085346 4.017274431884289 2.289586149156094 0.5709698349237442 0.1115157604217529 0.2441239804029465 7.391417324542999 1.678754486143589 17.17894838005304 194.4939152151346 0.9595668464899063 74.04681923985481 8.293216601014137 5.809556037187576 2.830361433327198 78.26338648051023 3.494615599513054 3.461877673864365 1.411692894995213 4.070182368159294 10.80413564294577 12.58228158205748 54.90245684981346 22.28551058471203 0 194.0986812785268 47.98120087385178 117.2638993561268 174.45022688061 39.62810629606247 14.59910045564175 548.0840037092566 10.48227126151323 61.28183771669865 22.77536259591579 0.1066770479083061 2.208020642399788 1.462181508541107 4.385114274919033 0 0 0.1319354027509689 0.2892990857362747 0.8674767464399338 7.359854280948639 2.742660388350487 1.933056652545929 99.41711466014385 6.994821764528751 1.475006476044655 0.5243351683020592 62.02997767180204 0.4586927741765976 0.1632761508226395 2.626533955335617 2.846956148743629 2.202448099851608 4.78419417142868 7.500632643699646 5.910278275609016 8.953438580036163 17.27350704371929 6.417684264481068 42.49599974602461 61.24856013059616 57.1626456156373 39.92058699578047 0.4806367158889771 0.6798044964671135 0 0.1265377104282379 0 0 0 0 0 0 0 0 0 0 0 0 0 0 0 0.7897985875606537 0.8077163845300674 0 2.110372647643089 0.1105590537190437 16.67191483080387 0.1084528639912605 9.52765766531229 0.9913434237241745 1.684119611978531 0 0 0.3919855952262878 0 0.5850797295570374 0 0.1193947046995163 1.150594845414162 3.085819005966187 0.1143829822540283 0.4324298575520515 0.3828776627779007 0.3205512166023254 0.1862502843141556 0 0.1793776154518127 0 0 0.8395482301712036 0 1.654871694743633 6.059104919433594 13.60826897621155 0.1209947541356087 0.2435911372303963 0.1838004887104034 0 0 0.1307871341705322 0.09391184896230698 0 0.2018420025706291 43.75661037862301 2.55447718501091 0 0 0.1156042590737343 6.950336843729019 2.191533021628857 7.687085174024105 1.007670193910599 1.470988914370537 0.6603021323680878 0.3457525223493576 0.4875576570630074 0.6372302025556564 0 0 0 0 0 0 0 14.76984615623951 7.839992918074131 12.46873438358307 184.5676689222455 33.52801417559385 379.4361302256584 44.0329549536109 163.2457343041897 68.78500003367662 2.831778399646282 39.68493223935366 6.210403963923454 0.5423333048820496 7.524739995598793 1.826789870858192 14.10663975775242 0.7914990037679672 0 4.265369825065136 5.524699822068214 0.4855564385652542
314.9356672018766 456.0839469507337 45.97720475494862 1381.264170229435 365.8904201090336 76.426662966609 469.382401868701 4.024405278265476 484.2147532254457 1515.986619412899 101.1923491507769 0 3068.491079777479 162.8546756953001 17.40493424236774 7.885315969586372 0.6131930351257324 0.1107642129063606 0 0.1353951245546341 0 0.3859017640352249 0.1375650316476822 0 0.1170723661780357 0.1204658001661301 0.1181634068489075 0 0.2385555878281593 0 8.218375116586685 1.852890260517597 20.27405183762312 0 0.1179210245609283 0.7108830362558365 100.251247279346 0 6.45380499958992 0.2587716951966286 0 0.2897462695837021 0.2122544199228287 0.4941590577363968 0 0.3057650476694107 36.96020422130823 0.9203604981303215 0.09110321849584579 0.5864536315202713 0.6271005868911743 0.5912167578935623 0 0 2.335512846708298 0.611967071890831 3.204243987798691 18.2214490249753 0.3232358619570732 15.5141718313098 2.407416492700577 6.952348254621029 0 5.672129757702351 0 0.6181327104568481 0.2662613838911057 0.6386253908276558 0.2614728957414627 0.1832994222640991 137.1351925432682 21.3931351006031 0 41.74394241720438 4.816090568900108 17.88293123245239 19.91128178685904 9.122142352163792 0.1160684823989868 13.29632543027401 0.1619062870740891 12.12638012319803 7.02741364389658 0 0.4265045821666718 0.2511337623000145 0.5866148844361305 0 0 0.5368896722793579 0 0.1483457088470459 0.8683470115065575 0.2440717220306396 0 1082.2115149647 46.57725031673908 1.29283607006073 7.467625707387924 30.43344890326262 1.430479571223259 3.093822821974754 5.850723579525948 12.08228529989719 4.016248881816864 18.97803568840027 30.44266954809427 14.64828332513571 50.0791449919343 71.00751051306725 13.35498019307852 131.0545576959848 168.5157672762871 140.5426178127527 64.64315560460091 0.8165520280599594 0.1708672344684601 0 0 0 0 0 0 0 0 0 0 0 0 0 0 0.1502493172883987 0 0 1.694629907608032 1.049879670143127 0 0.6443099975585938 0 16.97989703714848 0 9.378023259341717 0 0.4614647626876831 0 0.1657431423664093 0 0 0 0.1022023558616638 0 2.122480362653732 6.553336299955845 0.5554229766130447 0 0 0 0 0.1253898590803146 0 0 0.2280918955802917 0.7138910889625549 0 0.7583619356155396 5.651936315000057 17.60378105193377 0.5519746392965317 0.9852798506617546 0.245606318116188 0.1263476759195328 0 0 0 0 0 51.0413726195693 2.675939649343491 0 0 0 14.23450481146574 2.770891219377518 5.981391124427319 5.413942992687225 1.601131126284599 1.298184759914875 0.7316334992647171 0.4661267101764679 0.2673089355230331 0 0 0 0 0 0 0 76.40888379514217 6.045005261898041 8.023210279643536 123.2377432361245 9.237405717372894 125.9443249329925 11.52985461056232 231.5287474170327 26.42423927783966 0.2800919264554977 24.59982611238956 10.67589683830738 0.09703300893306732 15.11866242438555 1.594064742326736 32.08577272295952 2.218424528837204 0 3.390496984124184 1.320875272154808 0.168527215719223
861.9495464041829 1467.262913659215 71.91198892891407 3518.588960148394 721.1314777731895 148.6022631675005 2837.430617384613 51.8633333966136 1414.939439915121 7437.045887030661 419.032729588449 3068.491079777479 0 2289.187197245657 185.5739937350154 98.25057772547007 7.862017653882504 1.487240053713322 0.1563893258571625 2.85944952070713 6.914922818541527 0 1.364971213042736 1.067377969622612 2.866373896598816 1.54635089635849 1.936448566615582 1.016957104206085 1.743708185851574 0 40.07318240404129 21.0283717662096 280.264016315341 0.1018883064389229 1.520177215337753 4.302189916372299 232.2359056547284 4.86671881377697 22.67705090343952 2.352818220853806 2.052668571472168 4.396864220499992 2.581406377255917 8.162213996052742 0.9364872574806213 0.7734771519899368 186.7412579134107 5.519435450434685 1.068514056503773 4.864396259188652 1.92081643640995 0.1380232870578766 0 1.239547871053219 5.2784578576684 1.933403596282005 9.041944034397602 50.5487702190876 1.622406624257565 58.99759164452553 10.48800488561392 45.69703958928585 1.195267014205456 39.07168635725975 2.977650515735149 2.923138946294785 1.325808316469193 4.308712810277939 9.771462336182594 9.050507247447968 978.0380897447467 89.09779182076454 0 107.5790512561798 26.90053101629019 122.4601330533624 181.3954829722643 90.10891084372997 2.574700102210045 103.2179119512439 9.385757677257061 86.75289788097143 16.83392046391964 0 1.392274022102356 1.104141041636467 5.507510848343372 0 0 0.3110077977180481 0.5744605511426926 0.2667078897356987 7.791457034647465 2.150018751621246 1.361739419400692 3665.277760215104 109.3492866903543 1.560815505683422 3.709084220230579 63.26490993797779 4.485036045312881 5.158957839012146 21.99612376093864 29.86016357690096 14.92532035708427 39.91548576951027 76.27381391078234 36.97497870028019 115.9995007589459 155.4712479412556 33.08840392529964 365.70173702389 542.9657080098987 441.609223306179 233.5873169451952 3.828586779534817 1.744893737137318 0.2375442087650299 0.5479211658239365 0.2743034362792969 0 0 0.1271527409553528 0 0 0 0 0 0.1337229013442993 0 0.1662240475416183 0 0 0 5.941519163548946 2.272913902997971 0 3.152165278792381 0 66.95777344703674 1.930382832884789 34.90917605161667 0.7615829259157181 0.8677310049533844 0 0 0.1600591242313385 0 0.4133899509906769 0.2223133817315102 0 3.724240496754646 22.12622380256653 1.226220995187759 0.8251061663031578 0 0 0.1259856671094894 0 0.2872747629880905 0.4937248378992081 1.257815569639206 2.5141511708498 0.6043700575828552 1.868668124079704 19.71253284066916 75.52969882637262 0.7068570554256439 1.799252390861511 2.351403661072254 0.350295715034008 0.5390040352940559 0.9242355227470398 0 0.1299209594726562 0 275.9409976676106 5.786775782704353 0 0 0.7175291180610657 47.65467078983784 14.3265189230442 21.52861848473549 6.176934987306595 3.963252976536751 3.706026494503021 1.91434845328331 2.350193589925766 0.5990348011255264 0 0 0 0 0 0.1001837328076363 0 241.5450958535075 43.93045575916767 36.23998555541039 367.0427460223436 67.67768708616495 514.9734868183732 88.86046829074621 399.9607987180352 117.7288904935122 1.772665143013 109.2340276539326 35.15907949954271 2.524798974394798 39.21082526445389 2.945028930902481 63.59269362688065 8.464954227209091 0 13.02856032550335 11.53489625453949 1.197390243411064
