0 4453.180651023984 184.5258964151144 458.8721722066402 387.2585943713784 37.88040520250797 996.7937502637506 61.31276983767748 104.3702257722616 855.5451314374804 155.415458843112 159.9428428187966 508.3997165188193 108.2833426073194 3.186429932713509 0.7246327251195908 0.8173052072525024 0.102211557328701 0 0 0 0 0 0 0.1774346530437469 0.1169236376881599 0.6090738400816917 0 0 0 875.2149479165673 0.7484721541404724 3.802559398114681 0 0 0.08624432981014252 1.969045102596283 0 0.9047581553459167 0 0.1270469725131989 0.2611637562513351 0 0 0 0 31.93401489406824 9.715899415314198 0.09814403206110001 0.2514903172850609 1.412129051983356 0.1254280209541321 0.0955161452293396 0.138472244143486 7.887121364474297 8.457631647586823 582.9659493044019 1208.388702310622 28.50809257477522 13.91442706435919 0.1112876832485199 0.2789532020688057 0 6.492156445980072 6.08047541230917 10.85787199437618 4.687933705747128 3.665688171982765 0.8251762390136719 0.3042006939649582 12.05035382509232 14.56868541240692 0 270.7933376356959 16.42005591839552 77.44370325654745 13.20270263403654 0.1373175233602524 0.1373975574970245 20.52906116843224 0 3.44890534132719 64.75215711444616 0.8675027266144753 14.85488997399807 5.538675084710121 6.880675978958607 0.6978755667805672 0.7308859005570412 0.5593752861022949 0.4246677756309509 0.2418674230575562 0 0 0.230741061270237 274.3826966583729 17.04091119766235 0 2.145061835646629 1232.14892475307 0 1.741936832666397 1.159205168485641 0.3901258707046509 0.1447760760784149 5.529143288731575 0.4450458288192749 1.899537712335587 68.32477448880672 1.521049499511719 0.4641448557376862 10.94309893250465 6.574906006455421 1.655672073364258 3.361574769020081 0 0 0 0.9537747502326965 0 0 0 0 0 0 0 0 0 0 0 0 0.2336876541376114 0 0 0.2036107778549194 0 0 0 0 0.1772152185440063 0 0.3354984223842621 0.860182024538517 0.136051207780838 0 0 0 0 0 0 0 0 0 0 0 0 0 0 0 0 0 0 0 0 0 0 2.128502428531647 0 0 0.1740868389606476 0 0 0 0 0 0 6.557176783680916 1.083480834960938 0 0 0 0 0.9183794260025024 0.8148921132087708 0.4291079044342041 0 0 0 0 0 0 0 0 0.08035606890916824 0 0 0.1115346699953079 1.401709735393524 2.489450201392174 2.795253589749336 139.2681896910071 13.7962434887886 141.1485844105482 16.87541397660971 1140.153928726912 29.52567751705647 1.258549906313419 7.565072111785412 0.1048308610916138 0 0.1407870501279831 0 7.942224502563477 0 0 0 0 0
4453.180651023984 0 1012.063258208334 74.18322716653347 2260.059497535229 173.9148964285851 2422.107442729175 667.9092905297875 1581.147516421974 264.1666087657213 1360.762823522091 180.9204314127564 1382.42589405179 1080.049734853208 15.13820745050907 4.180327132344246 1.447347044944763 0.5440244823694229 0.1121630743145943 0.739369809627533 0.4790260940790176 0 0.9249197244644165 0 0.5817406177520752 1.247541576623917 2.217692732810974 0.6870204210281372 0.2668745219707489 0.1274171620607376 4035.621294990182 10.24114696681499 47.85184637457132 0.2225109562277794 1.322389781475067 1.519877381622791 1.767515569925308 1.114861980080605 0.9186870381236076 0.4591193720698357 1.105668887495995 0.8604136854410172 1.175258621573448 0.5509049743413925 0.5438639372587204 1.469300515949726 210.1153530851007 38.01517388224602 1.403642281889915 0.4639953598380089 3.445564016699791 0.1400260925292969 0.1281174868345261 0.5043659284710884 19.90351451933384 22.97715909034014 177.1743970736861 1528.250537194312 27.96135935932398 53.01101326197386 0.5161429867148399 2.220687210559845 0.1103745773434639 68.25015117228031 16.11290680617094 33.94741385430098 15.82044465094805 14.01990185678005 2.646642819046974 2.377177566289902 8.157026141881943 2.242993481457233 0.1143615692853928 603.0112009197474 78.66267523169518 292.5589344576001 107.5106971785426 2.319111190736294 14.57183612883091 162.921806640923 0.2163928896188736 15.10998301208019 169.6609125211835 1.246970906853676 41.19712892174721 16.45161998271942 22.43799534440041 0.6193323656916618 3.927923038601875 0 1.012991942465305 0.5294462367892265 0.9676603600382805 0.4409817084670067 0.2470933273434639 101.2880490198731 0.7395348250865936 0.2408683896064758 0.5544277131557465 1168.011893205345 0.1244042739272118 2.135664343833923 4.110536962747574 5.817462787032127 0.5605326369404793 23.00057633221149 0.9155032187700272 12.54761147499084 78.14559745788574 16.09433987736702 0.6903924345970154 50.86006922274828 33.04752356559038 21.91946651786566 15.01876946538687 0 0 0.1388691514730453 0 0 0 0.09402507543563843 0 0 0 0 0 0 0 0.3213500380516052 0 0.2165595889091492 0.2611307799816132 0 0.6417935714125633 0.1372761726379395 0 0 0 7.734647028148174 0.1398445814847946 2.560560539364815 1.25003320723772 0.6752681881189346 0 0 0 0 0 0.3061682283878326 0 0 0.6420384347438812 0 0 0 0.08610792458057404 0.2259496599435806 0 0 0.09482850879430771 0 0.1144559159874916 0 0.3989010751247406 0.2393443584442139 2.560121312737465 0 0 0 0.352829284965992 0 0 0 0 0.09804747998714447 16.74402535706758 0.1615847051143646 0 0 0 2.506533592939377 2.073757767677307 2.787263542413712 0.2639192342758179 0.3662418276071548 0.528266429901123 0 0 0 0 0 0 0.101713202893734 0 0.1490111649036407 0 11.82219089567661 2.874033041298389 4.87811603397131 294.2366933822632 42.13468784838915 639.9825948178768 48.49152719974518 1632.486584112048 50.30136720836163 3.870523124933243 47.49100045859814 3.510922655463219 0 1.36400955170393 0 11.48529824614525 0.4659707099199295 0 0.3040374517440796 1.347005322575569 0.3177848756313324
184.5258964151144 1012.063258208334 0 0 634.1865628436208 1.759387359023094 31.48839981108904 1414.488729305565 381.0090306475759 2.590390898287296 2088.498933538795 2.626529783010483 42.16781494021416 405.8015558943152 19.13836918026209 7.027939692139626 6.709174886345863 14.1943262219429 2.344399750232697 37.32247968763113 71.28727672994137 0.6692135781049728 21.78036525845528 6.539526358246803 3.35521886497736 3.279390208423138 5.327916175127029 9.712653741240501 1.962158970534801 0.1409061402082443 4034.66495090723 396.5855580866337 65.49964233487844 21.71710719168186 35.97673366218805 3.20515950769186 1.513555109500885 0.2321643978357315 0.8951126709580421 2.159720793366432 64.28562083095312 5.150694854557514 24.61198595911264 3.285269260406494 16.8023062646389 20.24383537471294 117.8985589817166 15.56890672445297 10.70682858675718 37.16668424755335 37.44257030636072 0.4828073680400848 0.6598898693919182 6.841010987758636 4.825929582118988 3.769877701997757 37.19079303741455 1382.558661743999 5.646951854228973 21.08737551420927 15.66286572813988 10.0568275526166 2.043850898742676 1034.57988294214 3.611466266214848 13.42909671366215 23.05844308435917 75.09988602995872 62.84369438141584 150.7442817315459 5.680586837232113 0.1295043230056763 0 172.300640873611 84.2030693218112 151.4740217700601 144.8379000797868 6.188721172511578 281.9568004161119 635.3156299442053 75.06185223162174 440.6248053759336 31.54088277369738 0.1072337925434113 9.813401460647583 3.813762627542019 55.16442528367043 0.2822641506791115 1.785608842968941 0.8822154775261879 2.462562330067158 2.127439938485622 13.39215195178986 5.378160089254379 1.557333000004292 4.809993110597134 0.3263620287179947 0 0 125.0321260541677 0 0 0 0 0 0 0 0 0.5212123394012451 0.1208247095346451 0 0.3611972033977509 0.7234563678503036 1.330394700169563 1.837170660495758 0 0 0 0 0 0 0 0.1438134908676147 0.1294167190790176 0 2.143083944916725 0 0 0 0 1.510712772607803 0.331367515027523 0 0 0 0 0.231599822640419 0 0 0.6979775354266167 0 0.8091310188174248 0.3767392858862877 0.3151684626936913 2.259428858757019 0.5089254826307297 0.1779730916023254 0 0.2010282427072525 0 0 0 0.199049212038517 0 0 0 0 2.384376093745232 0 0 0 0 0 0 0.08302576094865799 0 1.45668438076973 0 0 0 0 0 0.1248651891946793 0 0.1184588372707367 0.3464871644973755 1.037828713655472 0 0 0.2800794541835785 0.1268694847822189 0.6834761425852776 0.2651177048683167 1.035987354815006 0 0 0 0 0 0 0 0 0 0 0.2471349537372589 0.1594601571559906 0 0.1453854888677597 0.4776081591844559 0.9350172951817513 105.1436788365245 17.84272718429565 231.2400661632419 21.53289383649826 94.15610663592815 13.64874073863029 1.313003569841385 27.62137483805418 0.525012768805027 0 0.2669486850500107 0 0.2215466350317001 0 0 0 2.353944353759289 1.365828171372414
458.8721722066402 74.18322716653347 0 0 6.655349895358086 117.7696481198072 237.0565396994352 0.09880227595567703 42.56167985498905 446.9567853361368 0.4759378880262375 686.344328045845 1103.10251480341 62.10220204293728 0.2785163596272469 0 0 0 0 0 0 0 0 0 0 0 0 0 0 0 17.88122570514679 0.2793840765953064 0 0 0 0 0 0 0.08301809430122375 0 0 0 0 0 0 0 4.11716016381979 0.8355690315365791 0 0 0.1356864124536514 0 0 0 0.2072968184947968 0.443450391292572 10.42757829278708 36.4204935207963 1.091826662421227 0.9401363208889961 0 0.1113051176071167 0 0.3158662021160126 0.343315601348877 0.9024414271116257 0.2680417373776436 0.5619266927242279 0.1151881739497185 0 5.413712583482265 0 0 16.31214582920074 1.398843050003052 6.674017310142517 0.4896583408117294 0 0 0 0 0 6.753465540707111 0 0.8019655793905258 0.4695270732045174 0.5450100600719452 0 0.1013418734073639 0 0.1099902763962746 0 0 0 0 59.93839450180531 0 0 0 144.6334610879421 0 0.4363652020692825 0.9522524178028107 0.3191433846950531 0 3.228528752923012 1.661921918392181 1.17775422334671 15.29535296559334 2.310670405626297 0 5.470052257180214 3.669970244169235 2.754242822527885 1.779146045446396 0.256290927529335 0 0 0 0 0 0 0 0 0 0 0 0 0 0 0 0 0 0 0 0 0 0 0.1170214936137199 0.5444467812776566 0.7077217698097229 0 0.421230286359787 0 0 0 0 0 0 0 0 0 0 0 0 0.1475385129451752 0 0 0 0 0 0 0 0 0 0 0 0 0 0 0 0 0 0 0 0 2.737819448113441 0 0 0 0 0.3408654034137726 0 0 0 0 0 0 0 0 0 0 0 0 0 0 0 0.4487223625183105 0 0 30.81625115126371 0.77541384100914 17.01002214103937 2.075261808931828 367.8971138000488 1.601887702941895 0 0.8178899362683296 0 0 0 0.2387712001800537 1.424105927348137 0 0 0.2758074700832367 0 0
387.2585943713784 2260.059497535229 634.1865628436208 6.655349895358086 0 2.998361982405186 2881.454586587846 274.3025635555387 5388.040266282856 15.93362780660391 623.7284454703331 6.773906946182251 253.8899945095181 2236.274879351258 9.993215776979923 1.953089855611324 0.7255488634109497 0.231953889131546 0.1058816388249397 0.1984848305583 1.030992187559605 0 0.8320973739027977 0.2479419186711311 0.9614554420113564 0.2972822785377502 0.2146750688552856 0.1641649901866913 0.3182119131088257 0 415.4961127564311 7.906236372888088 25.82461225986481 0.2491720616817474 3.395766124129295 0.3488020598888397 3.725178778171539 0.4013345539569855 0.5992366820573807 0.3688691779971123 1.914060361683369 0.4940595626831055 0.3406364321708679 0.4967359006404877 0.3689654394984245 0.2240755558013916 135.1541005373001 13.92177573591471 0.8581810221076012 1.056135095655918 2.569641120731831 0.3413427099585533 0 0.3543926328420639 6.72643093764782 8.259716026484966 32.7257090434432 396.7299279794097 5.585507787764072 29.29143057763577 1.60291999578476 1.932077348232269 0 56.1618686914444 5.942529834806919 15.95375040173531 8.027847968041897 7.531858384609222 2.684257246553898 5.058538556098938 17.8658232614398 1.67147271335125 0 211.1467874720693 42.67069548368454 162.5613537058234 84.07065351307392 2.151129961013794 3.872998178005219 19.37052442133427 0 9.289746932685375 61.30818947404623 0.7464123591780663 17.28007108718157 7.431043736636639 11.1020699441433 0.181092731654644 0.8994137719273567 0.09401443600654602 0.2047748640179634 0.4877006411552429 0.7769098356366158 0.08417589217424393 0.5153573080897331 96.75780189782381 3.095318056643009 0 1.129527889192104 80.98313026875257 0.2123929262161255 2.138364866375923 3.713323041796684 3.128602340817451 0.1344330012798309 18.74142207205296 1.083701744675636 12.35240373015404 5.77050319314003 9.337514862418175 0.8855086863040924 59.70993445813656 50.14918506145477 34.81922306865454 27.5261515006423 0 0.1410090625286102 0 0 0 0 0 0 0 0 0 0 0 0 0 0 0.4947982132434845 0 0 0.9984634146094322 0.9959383755922318 0 0 0 11.93795152753592 0.4844050109386444 3.498091526329517 0.5953587368130684 0.3343536332249641 0 0 0 0 1.282861143350601 0.2912175357341766 0 0.1572083383798599 1.474541902542114 0 0 0 0 0.1027548238635063 0 0 0 0 0.1477574110031128 0 0 0 11.71628788113594 0 0.1401535123586655 0 0 0 0 0.1142251193523407 0 0 48.96236652880907 0 0 0 0 8.126658082008362 2.727349802851677 4.224858611822128 0.6076136231422424 0.4281984865665436 0.4640629068017006 0 0 0 0 0 0 0 0 0 0 16.9749174118042 8.14661617577076 6.890776984393597 162.2084406390786 28.30710257589817 367.302614107728 24.13328464329243 336.4059411734343 24.75577513873577 2.430813893675804 39.56731136888266 2.441183052957058 0.2436459213495255 3.066424362361431 0.2251223772764206 12.44283854961395 0 0.2629152536392212 0.3357961475849152 0.4646896868944168 0.436871811747551
37.88040520250797 173.9148964285851 1.759387359023094 117.7696481198072 2.998361982405186 0 65.49194233864546 0 13.05428566038609 256.3991446197033 2.616669297218323 125.0499559789896 138.7738864719868 34.66705046594143 0 0.1809846758842468 0 0 0 0 0 0 0 0 0.1015330329537392 0 0 0 0 0 20.3753687441349 0 2.045729845762253 0 0 0 3.811032697558403 0 1.060188770294189 0 0 0 0 0.8946591168642044 0.1184025704860687 0 2.866682693362236 0.699276015162468 0 0 0 0.1877445578575134 0 0 0.1668685525655746 0.2440026551485062 189.0196016430855 42.98360949754715 3.651102125644684 0.9122248739004135 0.7699702382087708 0 0 0.4902830123901367 0.2024387419223785 0.4864437282085419 0.1012081578373909 0.1026094630360603 0.2368917316198349 0 39.33889324963093 79.6248177587986 0 9.568571202456951 0.2594333589076996 4.205768376588821 0.6273535490036011 0 0.2346346080303192 0.4389840066432953 0.2139180600643158 0 4.503236152231693 0 0.3713457956910133 0.4977461025118828 0.3046066239476204 0.9852481335401535 0.1863349974155426 1.069212511181831 0 0.7252107262611389 0 0 0 357.2481083571911 95.86656567454338 3.394580215215683 5.202702254056931 351.0696733593941 0 0 0 0 0 0.6975386589765549 0 0.5933426022529602 5.274907559156418 0.2815400958061218 0 0.8653889298439026 0 0.8363285660743713 0.2301591783761978 0 0 0 0 0 0 0 0 0 0 0 0 0 0 0 0 0 0 0 0 0 0 0 0 2.649708017706871 0 1.139644920825958 1.457473009824753 0.1316340267658234 0 0 0 0 0 0 0 0 0 0 0 0 0.317844569683075 0 0 0 0 0 0 0 0 0 1.332730636000633 0 0 0 0 0 0 0 0 0 1.530787736177444 3.398739397525787 0 0 0 1.060510724782944 0 0 0 0 0 0 0 0 0 0 0 0 0 0 0 1.69879686832428 4.167903214693069 3.261666014790535 5.784272253513336 0.2900481522083282 9.719572313129902 0.8483711928129196 113.2887681275606 1.507176637649536 0 0 0.141457125544548 0 0.1325477659702301 0 1.91876021027565 0 0 0 0 0
996.7937502637506 2422.107442729175 31.48839981108904 237.0565396994352 2881.454586587846 65.49194233864546 0 3.433692380785942 655.8545374274254 477.112436696887 32.0672774091363 138.2831287384033 1811.575416363776 666.3912337273359 13.17258896678686 2.212181515991688 0.6439323350787163 0.2739776596426964 0.07782561331987381 0.07847589254379272 0.9052806496620178 0.3532236069440842 0.6357439234852791 0.1995766535401344 0 0.2370843663811684 0.7555990070104599 0.08598983287811279 0.1306137293577194 0.0981200709939003 151.2841020077467 3.745339497923851 15.16996376216412 0 0.236992821097374 0.2656433582305908 5.682117439806461 0.09701360762119293 1.202070020139217 0 0.7986613661050797 0.3613095134496689 0.4721741303801537 0.2424778416752815 0.1209298521280289 0.0902584120631218 144.5571982488036 20.8770507350564 0.9425090402364731 0.4722783863544464 1.41712836176157 0 0 0.1258348226547241 8.809024058282375 9.868249177932739 50.867625400424 348.3793791756034 6.007315136492252 28.54891646653414 0.1072343289852142 2.79206321388483 0 34.99199811369181 9.194445081055164 16.5903183594346 8.443723678588867 7.163985230028629 1.616533845663071 2.065208569169044 25.17955243587494 1.244153425097466 0 236.2188475206494 38.98976728320122 164.9040685519576 72.94192913174629 1.192557141184807 1.124411284923553 3.830851949751377 0.1165325567126274 4.370836026966572 79.47879600524902 1.022693298757076 17.68519147485495 10.17347240447998 15.97240120917559 0.5546959936618805 1.35603928565979 0.09472087025642395 0.598694272339344 0.2846571132540703 0.7393364533782005 0.3159327134490013 1.036134667694569 320.3948740437627 3.562792703509331 0 1.618298850953579 144.2839985340834 0.2034738659858704 8.10658685863018 15.30643229186535 9.689609222114086 1.950880490243435 60.21857476234436 2.246557012200356 32.64044399559498 49.90116190910339 35.24923589080572 1.732498601078987 172.6982573494315 122.4784857407212 95.71519447863102 59.00299956649542 0.5726796090602875 0 0 0.2304008901119232 0 0 0 0 0 0 0 0 0.1091838926076889 0 0 0 0 0 0 1.739257790148258 1.295357808470726 0 0 0 21.20411864668131 0.6439446806907654 10.87234680354595 3.398376487195492 0.5548811703920364 0 0 0 0 0.6634812951087952 0 0 0.4466019123792648 2.800889417529106 0 0 0.2792925834655762 0 0 0 0 0 0.2154070436954498 0.1805316209793091 0 0 0.2090835273265839 19.33007899671793 0 0 0 0.1038312315940857 0 0.1600136160850525 0 0 0.1492788195610046 102.3231123313308 0 0.1015142798423767 0 0 15.34324515610933 4.896120116114616 8.101139724254608 1.568220198154449 0.6377620920538902 2.030158810317516 0.1380696594715118 0.6432870030403137 0 0 0 0 0 0 0 0 46.72069695591927 13.64413792639971 9.881691724061966 226.3059282153845 32.16299822181463 417.6199564859271 30.21535118669271 866.9442436918616 31.45366336405277 2.522398322820663 50.38678351789713 8.527671329677105 0.5845778286457062 5.675671353936195 0.4450337290763855 25.44181444495916 0 0 2.388675078749657 0.7226130068302155 0.3795909583568573
61.31276983767748 667.9092905297875 1414.488729305565 0.09880227595567703 274.3025635555387 0 3.433692380785942 0 113.8968077152967 1.042018175125122 2203.077674694359 15.05768673121929 129.4836188927293 1732.628202572465 48.11636196821928 33.16631220281124 6.875922225415707 13.97986797988415 1.313633739948273 36.7236860319972 114.4888714030385 1.249907396733761 58.08931668847799 23.8912473320961 10.09498158842325 7.591255664825439 25.67840591818094 8.304035998880863 0.9550309926271439 0.4752262085676193 589.5941424369812 666.1601479053497 166.8637567684054 38.8779247328639 132.9856307804585 9.645745202898979 3.012957066297531 1.549277439713478 1.296505808830261 2.108750030398369 79.4044848382473 5.302757546305656 17.467443972826 34.16996324807405 25.18405902385712 86.53777726739645 161.2827676907182 11.00064637511969 6.41582465171814 20.99802523106337 38.13785102963448 0.6441160887479782 0.6012990474700928 4.855348408222198 2.025355219841003 1.898889109492302 14.34516686946154 271.7095882818103 3.958326920866966 25.88094129413366 44.57751712948084 30.1674058586359 6.758072838187218 233.0232475921512 3.305791556835175 10.74309933930635 16.12172377854586 49.16149807721376 43.51380099356174 165.5779848247766 14.13203734904528 0.8495634198188782 0 104.4878553673625 39.68729051947594 173.3779240176082 221.3266841694713 30.20704406499863 837.1076837256551 1020.898620694876 454.0956189259887 1163.452378891408 19.04464051872492 0.468387208878994 6.66888266056776 2.718982324004173 35.45746196061373 0.2248484343290329 0.7888725772500038 0.6179380863904953 1.811469830572605 1.71391799300909 20.21396864205599 6.428101487457752 0.9584029167890549 30.78377453237772 0.7220442518591881 1.097016111016273 0.9018759950995445 18.63932377845049 0 0 0 0 0 1.383991628885269 0 0.7255435585975647 0 0 0 2.392755724489689 4.071234568953514 3.615002267062664 2.626794241368771 0 0 0 0 0 0 0 0.1143115758895874 0 0.5337745994329453 1.739649780094624 0 0 0.2396968752145767 0 1.2392498254776 0 0 0 0 0.1692522317171097 0 0.1900323778390884 0 2.328892558813095 0 1.393331341445446 0.1762350648641586 0.2896656394004822 1.209311291575432 0 0.1167706623673439 0 0.2955661714076996 0 0 0 0 0 0 0 0.3137780874967575 3.181827031075954 0 0 0 0 0 0 0 0.1190538704395294 1.034487180411816 0 0 0 0 0 0 0 0.2455162182450294 0.248129241168499 6.393264330923557 0 0 0.1027928218245506 0.6162993535399437 1.798411771655083 0.4244350790977478 1.093513190746307 0.09575209766626358 0 0.2492658793926239 0 0.2231407463550568 0.3175785169005394 0 0 0 0 0 0.1093290597200394 0.09669674932956696 1.291189670562744 1.775613650679588 0.8767809718847275 179.7818176671863 27.91629837453365 318.992280818522 25.50372931361198 69.86195133626461 17.36030166596174 1.087044060230255 45.15953540802002 2.565504521131516 0.1159361973404884 0.1004019007086754 0 1.025899916887283 0 0 0.518035352230072 1.858009621500969 1.012898296117783
104.3702257722616 1581.147516421974 381.0090306475759 42.56167985498905 5388.040266282856 13.05428566038609 655.8545374274254 113.8968077152967 0 161.7132875472307 1140.910491526127 32.71497247368097 205.7740457877517 2023.277062550187 14.06890987604856 4.337258629500866 0.3080100044608116 0.1638387590646744 0.1181519255042076 0.2109755724668503 1.511338472366333 0.3506181985139847 1.17240472137928 0.1617742031812668 1.791483901441097 0.5776930004358292 0.945060633122921 0.4971905425190926 0 0.08771383017301559 120.8698395937681 6.345418401062489 33.75071024149656 0.07731343805789948 3.551188386976719 0.2946759983897209 7.752760753035545 0 0.1997585743665695 0.4372057914733887 2.672682709991932 0.3676544949412346 0.5636903271079063 0.4169839173555374 0.2152956128120422 0.2748764902353287 123.6303550973535 12.92013730108738 0.5762698575854301 0.5003845915198326 2.507797807455063 0.1034076660871506 0 0.1889682114124298 3.904121547937393 5.644829355180264 15.68957915902138 179.0215969532728 4.718255467712879 19.84019672870636 0.09601234644651413 2.449753411114216 0.3082778826355934 36.0179403796792 5.057914286851883 10.64972401410341 5.955390222370625 5.931767478585243 2.391335003077984 5.924308970570564 34.50262100994587 2.978731870651245 0 126.2609094306827 26.27364425361156 122.674182638526 74.59733909368515 1.027322515845299 3.42403719574213 17.24659031629562 0.894887775182724 12.51651631295681 38.89485826343298 0.194900743663311 12.43173444271088 4.905432194471359 11.9697335511446 0.1773217841982841 0.8796143904328346 0.08246415108442307 0.4475568681955338 0.2212530300021172 0.6320109963417053 0.6361260488629341 0.4254907891154289 379.0551069155335 2.985513180494308 0.1011164039373398 0.5833104029297829 24.75111905485392 1.019995965063572 4.741052150726318 11.65542332828045 9.616564303636551 2.620937511324883 54.40394525974989 4.19283202290535 31.59196058660746 20.06391096115112 33.23697781562805 3.952441513538361 164.9113677442074 153.2931187823415 106.5268159136176 78.05948909372091 0.1483013033866882 0.2483524829149246 0 0.1731812208890915 0 0 0.2397725731134415 0 0 0.1223658621311188 0 0 0 0 0.1123157814145088 0 0.3635155558586121 0 0 2.431389592587948 1.385886192321777 0 0 0.3002607673406601 26.28000293672085 0.5267161652445793 19.35844934731722 2.165053024888039 0.1112656444311142 0.1253490746021271 0.08055379241704941 0 0.2216193079948425 0.1392189264297485 0.2048267722129822 0 0.6383293122053146 2.852137878537178 0.1086683869361877 0 0 0.08569899946451187 0.09901226311922073 0 0 0 0.7302490770816803 0.2435811758041382 0.6904408633708954 0 1.618635773658752 29.2157024666667 0.3939372822642326 0.4178590625524521 0 0 0 0 0 0.1099181175231934 0.146487683057785 139.5967442020774 0.3152691125869751 0 0 0.1937426850199699 17.65707398951054 8.478410005569458 8.490893498063087 2.424177415668964 3.200579211115837 1.528187990188599 0.3756409659981728 0.4714612141251564 0 0 0 0 0 0 0 0 63.14388059079647 21.69759225100279 17.50260625779629 194.9104158058763 23.85432149469852 360.6996003463864 21.37787467986345 303.1795687749982 26.27507371455431 3.083418302237988 59.76699625700712 7.922265999019146 0.421520970761776 5.663515202701092 0.9853007197380066 26.60220895707607 1.053186394274235 0 1.249457605183125 0.1085311844944954 0.0971200168132782
855.5451314374804 264.1666087657213 2.590390898287296 446.9567853361368 15.93362780660391 256.3991446197033 477.112436696887 1.042018175125122 161.7132875472307 0 1.517558746039867 1839.521341383457 5236.8754298985 610.152181468904 2.223004505038261 0.5192475318908691 0.3054796457290649 0.1197476983070374 0 0 0 0 0 0 0.2896904125809669 0 0.1824570149183273 0.2100569158792496 0 0 26.97321410477161 0.6425615400075912 29.89824920892715 0 0 0.109926350414753 4.123851090669632 0 0.3418519198894501 0.1666659861803055 0.436011791229248 0.09198915958404541 0 0.3780514299869537 0.1164491251111031 0.2791783511638641 18.13055401295424 3.937762655317783 0.1075905337929726 0 0.285721555352211 0 0 0 1.491704173386097 1.931917451322079 78.99299126118422 98.62602855265141 2.775756351649761 5.4356519728899 0 1.150310844182968 0 2.275438658893108 1.015200309455395 3.86793227493763 1.219620101153851 1.72833014279604 0.2297448590397835 0.1389948278665543 81.7564302533865 16.78172090649605 0 58.41789161413908 6.755895122885704 20.49637819081545 8.000676929950714 0.1605461537837982 0.3658526688814163 0.7850573658943176 0 0.6140466779470444 16.20346739888191 0 3.740235179662704 1.645977668464184 1.68888857960701 0.2044088840484619 0.2920971661806107 0.5893437713384628 0 0.1868247762322426 0.1241662949323654 0.1074442341923714 0 560.5893582999706 8.151074513792992 0 0.6714872866868973 629.1550255045295 0.740365743637085 9.368555501103401 22.94264444708824 47.92500381171703 2.289127759635448 55.02213245630264 8.562325835227966 32.39791533350945 79.00323282182217 49.26825036108494 3.672491818666458 166.117415599525 130.9636576771736 68.73826219141483 30.92696678638458 0 0 0 0 0 0 0 0 0 0 0 0 0.09730905294418335 0 0 0 0.2345719635486603 0 0 1.364541187882423 0.5565540343523026 0 0 0 10.3561479896307 0 4.535446293652058 2.688620559871197 0.09273349493741989 0 0 0 0 0 0 0 0 2.083314448595047 0 0 0 0 0 0 0 0 0 0.6732434034347534 0 0 1.36309689283371 8.094080775976181 0.312858372926712 0 0.2742784768342972 0 0 0 0 0 0 29.83774477243423 0 0 0 0 9.850293979048729 0.4808958321809769 4.089061468839645 0.3863784968852997 0.6962228417396545 0.4117167890071869 0 0.2526286691427231 0 0 0 0 0 0 0 0 37.30973534286022 4.834730386734009 4.709371939301491 188.4862523674965 5.986089482903481 69.35608606040478 5.301424354314804 903.7281582430005 5.431337743997574 0.1135966703295708 7.375970892608166 4.586609743535519 0.259509950876236 2.626347243785858 0 30.91005055606365 0.2426590323448181 0 1.121822968125343 0 0.1293673515319824
155.415458843112 1360.762823522091 2088.498933538795 0.4759378880262375 623.7284454703331 2.616669297218323 32.0672774091363 2203.077674694359 1140.910491526127 1.517558746039867 0 99.88748744130135 1049.551115594804 3941.058971866965 40.58236037939787 31.52738539874554 5.741659171879292 2.351605877280235 0.4808302745223045 2.355905748903751 11.58522146195173 0.6978439539670944 12.4909753203392 6.747866503894329 22.06321962922812 7.409621715545654 20.32613535225391 1.329621687531471 0.1688325852155685 1.341729909181595 790.3930699452758 224.8880077749491 652.7787407338619 1.967921018600464 37.83778110891581 26.02972950041294 23.14196327328682 6.628289334475994 2.835204228758812 13.60427967458963 21.74051331728697 5.104584529995918 3.431032955646515 6.53555753082037 2.243761286139488 10.28254595398903 153.7127033621073 13.79625503718853 1.99157141149044 2.984483458101749 7.686359047889709 0.3629763051867485 6.1290412992239 1.471074171364307 4.503195159137249 6.050728254020214 23.77215195447206 424.4597036838531 5.375293925404549 27.05101069808006 8.193482473492622 9.685137048363686 5.713069923222065 92.90916792303324 5.060619227588177 9.608989164233208 7.235604375600815 11.79441680759192 7.21797152608633 24.75487525016069 64.11278531700373 7.36852590739727 0 160.9411253482103 39.52486012876034 167.8761891648173 114.6596569418907 10.4170859977603 227.819326505065 521.9544148519635 15.58634483069181 181.5285437703133 40.11772802472115 0.6709687560796738 13.63123313337564 6.253411889076233 11.4625504091382 0.4092619270086288 1.213259190320969 0.2097325548529625 1.014880321919918 0.6013263016939163 9.639136396348476 4.313327580690384 0.5843679010868073 82.03904578834772 2.711053594946861 0 0.3196177408099174 45.35371773689985 0 0.5054981112480164 0 0 0 2.620558887720108 0.4558938294649124 0.5940607786178589 1.24308580160141 1.754484832286835 0.1051198095083237 7.132180027663708 11.13462731987238 12.2045848146081 11.06100504845381 0.3006831482052803 0.1357423365116119 0 0.2032864391803741 0 0.1529582142829895 0 0 0 0 0.373030349612236 0.2108913213014603 0 0.4643277078866959 0 0.3543721884489059 0.4068443775177002 0.1633802354335785 0 0.5513742044568062 0.2938157320022583 0 0 0 7.773564755916595 0.1540384739637375 4.280477553606033 1.98242475092411 0.8417517393827438 0 0.1101772636175156 0.1164299920201302 0 0.3378414511680603 0.1702984869480133 0 0.1119864583015442 0.1020374149084091 0 0 0.1741117089986801 0.5392272174358368 0.8124346137046814 0 0 0 0.3214253485202789 0 0 1.12391359359026 0.9087381660938263 7.989108808338642 0 0 0 0.07899577170610428 0 0 0.09275944530963898 0 0 28.22663594782352 0.5768034309148788 0 0 0.0923515260219574 2.003073006868362 1.326436951756477 2.351357281208038 0.09015872329473495 0.1173054501414299 0.2492784783244133 0 0.2314130961894989 0 0 0 0 0 0.08099208772182465 0 0 5.61332094669342 7.013173788785934 8.876841150224209 214.2021845728159 22.41895882040262 393.011991687119 28.07653935998678 144.8423018381 21.40038997679949 2.695095129311085 63.24492199718952 2.886618554592133 0 3.03727663308382 0 5.081539824604988 0 0 1.469600163400173 2.907978609204292 0.2286763563752174
159.9428428187966 180.9204314127564 2.626529783010483 686.344328045845 6.773906946182251 125.0499559789896 138.2831287384033 15.05768673121929 32.71497247368097 1839.521341383457 99.88748744130135 0 4093.765381537378 312.834652684629 18.65310796350241 9.925990171730518 1.90044592320919 0.1325851082801819 0 0.3100087642669678 1.000626876950264 0 1.8616693764925 1.47224535048008 3.710488617420197 1.811505436897278 3.486942321062088 0.2526790499687195 0 0 2.777601674199104 2.181977391242981 85.32486592233181 0 5.129900261759758 1.774639934301376 39.82246928662062 2.306541338562965 2.694303810596466 4.633204385638237 2.555494301021099 0.6325509697198868 0.6330586373806 1.508478976786137 0.9801384434103966 2.430095762014389 55.64138403534889 1.61826628446579 0.1316647827625275 0.9616775512695312 0.6799099370837212 0.4884507060050964 4.757200673222542 0.1969978958368301 0.5534559488296509 0.932481124997139 10.08288335055113 20.18361256271601 1.039519123733044 4.723529607057571 0.2659288644790649 2.640149787068367 0 10.70541697740555 0.4852867275476456 1.764017477631569 0.6084994524717331 1.406480230391026 0.5405755117535591 2.227514684200287 144.1898649781942 27.95903252065182 0 17.87665073573589 2.816746391355991 35.33414516597986 24.4721567183733 5.305648282170296 6.625786930322647 21.85210997611284 2.194247364997864 10.44427322596312 5.940822035074234 0 1.695384353399277 0.8333916217088699 1.406333692371845 0.4443867057561874 0 0 0.1108941435813904 0.1326947808265686 1.514001302421093 0.1469008326530457 0 1982.698994666338 4.246705152094364 0.2671157717704773 1.538955986499786 49.97859543561935 1.740205459296703 2.336375638842583 7.719009555876255 6.485526964068413 2.777931191027164 44.36347697675228 3.686989814043045 27.79052080214024 51.79214571416378 28.58406747877598 2.31476104259491 148.3256390243769 124.4792616963387 100.516610391438 63.6545093730092 0.7880785539746284 0.3620177060365677 0 0 0 0 0 0 0 0 0 0 0.2580341398715973 0 0.4147321432828903 0 1.092261105775833 0.1684954911470413 0.6473557949066162 2.748553074896336 1.972315579652786 0 0 0.1675195842981339 27.98111525177956 0.4151004999876022 12.52689745277166 3.10860401391983 0.6473563015460968 0 0 0 0 0 0 0 0.5257081389427185 2.928360842168331 0.3854693025350571 0 0 0.2294484078884125 0 0 0 0 0 0.6044460386037827 0 0 0.5561291575431824 19.65602319687605 0.1799103170633316 0.1110148802399635 0 0 0.1439473479986191 0 0.2613455802202225 0 0 107.2139109671116 1.233359888195992 0 0 0.1349646151065826 15.55498147755861 3.191462844610214 10.09515300393105 1.342957124114037 0.5494265556335449 1.309748731553555 0 1.009677976369858 0.09851222485303879 0 0 0 0.1993701830506325 0 0 0 54.86868532001972 22.75428391993046 21.2803005874157 158.2117014974356 4.843494765460491 143.6954894065857 11.04713936895132 242.9211093634367 8.318564295768738 0.3195584118366241 34.18593937158585 7.895196512341499 0.275145947933197 5.722537264227867 0.4344599023461342 16.82171449065208 1.285445794463158 0.342951238155365 1.05338029563427 1.060559689998627 0.165312722325325
508.3997165188193 1382.42589405179 42.16781494021416 1103.10251480341 253.8899945095181 138.7738864719868 1811.575416363776 129.4836188927293 205.7740457877517 5236.8754298985 1049.551115594804 4093.765381537378 0 2561.777570791543 94.20445071905851 61.58215123414993 13.11721279472113 1.34521259367466 1.160811997950077 1.595983169972897 10.39767959713936 3.305692613124847 13.17754445225 4.957112044095993 25.90595707297325 7.205619528889656 19.73787090182304 2.426207348704338 0.4570834338665009 0.2612246945500374 60.43773721903563 22.84207443147898 583.9316333457828 0.8661443889141083 42.53500457108021 49.80605594813824 72.10296002030373 20.04643276333809 16.6148012727499 46.08035723119974 20.1673976033926 6.746670477092266 1.754220977425575 13.54286216199398 4.931180365383625 18.55630362778902 245.7427876964211 10.43827272206545 1.537296682596207 2.03178995847702 9.09172597527504 1.260732546448708 15.03547087311745 2.513266012072563 4.125857539474964 6.469062797725201 29.01693829149008 138.1072005033493 4.097278214991093 28.99512097239494 6.428718492388725 13.95796744525433 2.598021939396858 45.98303425312042 3.824517332017422 9.636986464262009 6.039705142378807 7.26523520052433 2.746839292347431 19.87776217609644 283.6086843237281 61.41601091623306 0.1741947382688522 130.7536083832383 21.79431065171957 184.8921713456511 148.37478081882 24.93718992173672 56.61329033225775 117.8180857822299 13.48243670165539 73.56176982820034 36.37794522941113 0.4524338021874428 9.851511389017105 5.200300328433514 8.864343114197254 0.6537698209285736 1.371394127607346 0 0.6565634310245514 0.2438886314630508 5.675154514610767 4.820804253220558 0.2926494479179382 4980.673481546342 13.34258907288313 3.46332636475563 8.553901299834251 119.8564136624336 2.902143403887749 14.25933449715376 23.26955910772085 19.50973711907864 5.339549548923969 152.3748035505414 12.51306366920471 100.4207546114922 242.7895864322782 83.49768154323101 10.48581028729677 475.8675507232547 398.7194978296757 314.5789126083255 230.517018713057 1.658023789525032 0.8484261482954025 0 2.180645063519478 0 0 0.6719906181097031 0.1650785058736801 0 0.3907224535942078 0.3367441296577454 0 0 0.2092733830213547 1.254821106791496 0.6313468813896179 1.647884607315063 1.003061294555664 0.4633410423994064 7.714890010654926 5.561968974769115 0 0 0.2331044971942902 106.563169836998 1.753878936171532 52.07129281759262 12.57018956542015 2.750500060617924 0.1561544686555862 0.1109875589609146 0.1233066469430923 0 2.948078185319901 0.6990372389554977 0 1.840102441608906 12.14584203064442 0 0 0.3490856885910034 1.697963178157806 0.1456915885210037 0 0 0.1783912777900696 0.6920932903885841 1.21778978407383 0.438926100730896 4.346842601895332 3.468973554670811 74.72141977399588 0.1629252135753632 0.7102736234664917 0 0 0 0 0 0 0 440.9173006638885 4.745800256729126 0.1733960509300232 0 0.2513632327318192 51.54919514805079 23.45248351991177 41.9686167538166 3.467444494366646 3.340273216366768 5.311140708625317 0.1770706474781036 2.234333768486977 0.2424549013376236 0 0 0 0.2175462320446968 0.1214327067136765 0.2536287605762482 0 206.4316598773003 99.70665579289198 73.78886210918427 547.6886745765805 46.30674594640732 573.8066396489739 53.60997928678989 718.7738046273589 39.34372492134571 5.409540042281151 150.5875248685479 28.50120522081852 0.5900115892291069 21.1526361182332 2.266067482531071 71.44272907078266 2.833995498716831 0.3864859640598297 8.518440529704094 6.286981865763664 0.8319709897041321
108.2833426073194 1080.049734853208 405.8015558943152 62.10220204293728 2236.274879351258 34.66705046594143 666.3912337273359 1732.628202572465 2023.277062550187 610.152181468904 3941.058971866965 312.834652684629 2561.777570791543 0 114.1650030836463 66.82825606316328 10.69871512055397 2.870276071131229 0.6560240089893341 1.482114024460316 15.83262647688389 1.380850911140442 21.94024755805731 10.75682089477777 38.83422052115202 9.442323759198189 36.67137937247753 5.376099042594433 1.048262841999531 0.4676600247621536 207.5346716865897 62.89526829123497 544.8177579641342 4.999501399695873 72.66147100925446 36.1801815405488 89.2310114055872 10.52165426313877 7.64882180839777 24.67669060081244 31.89273691922426 10.17686945199966 6.883910737931728 10.64769981056452 4.426630668342113 11.21450249105692 372.7777893692255 18.92030563950539 1.74310141056776 2.81185407191515 14.58613203465939 1.921273700892925 10.95929299294949 4.36937103420496 5.447309389710426 6.330343805253506 19.93166253715754 207.5856156498194 4.95409057289362 48.95707380771637 10.85378469526768 14.4620335996151 5.265871644020081 93.32770999521017 6.039367452263832 16.609937697649 9.630711801350117 18.75915522128344 9.546413786709309 41.28386476635933 268.1282859817147 18.03823119401932 0 193.4289584830403 41.14240721613169 297.9765938296914 238.8760572373867 23.8381789624691 141.4515703245997 161.5899613127112 14.83802425116301 147.693917170167 48.05637814104557 0.807304672896862 17.24381986260414 6.689284645020962 16.98773270100355 0.3401173427700996 2.078710466623306 1.388003297150135 1.032005034387112 0.7148980274796486 13.45228841155767 7.285042874515057 1.865491434931755 1860.911250546575 14.16706541180611 1.144810050725937 5.395426966249943 33.82171539962292 2.449008539319038 11.84278574585915 16.52049513161182 14.79862844944 8.144712798297405 112.2444834113121 5.885076470673084 64.34331724792719 38.55238296091557 57.62922777235508 7.482331983745098 356.9971574321389 308.9630455076694 227.1167040094733 183.2411193922162 0.9033323526382446 0.5303250253200531 0 0.1114711090922356 0 0 0 0 0.1715048849582672 0.2396802678704262 2.007393002510071 0 0.2406944185495377 0.620464414358139 0.5679393336176872 0.4400084018707275 2.105986766517162 1.385707095265388 0.5929128080606461 6.309522181749344 4.501154698431492 0 0.3834736496210098 0.9668122380971909 76.31971832364798 1.617312453687191 40.84454146772623 7.38789290189743 4.106248319149017 0.3710864931344986 0.8392730131745338 0 0.1176348030567169 1.689599841833115 0.7191576808691025 0 1.571707904338837 9.587963581085205 0.300234317779541 0 0.1369380056858063 1.155453823506832 0.1477870643138885 0 0 0.1565748155117035 0.4190271645784378 1.382057018578053 0.3963686972856522 0.354091539978981 4.547760277986526 54.01697327941656 0.4951769113540649 0.2586172968149185 0.1266417503356934 0.1623475402593613 0 0 0.1180941686034203 0 0.1135071218013763 337.2014517486095 3.10431881248951 0.3243230879306793 0.5204733163118362 0 44.12631152570248 16.01030731201172 27.58554094284773 3.635487496852875 2.067691944539547 2.845337882637978 0.5016635060310364 0.8328018635511398 0.1502762287855148 0 0 0 0 0 0.1376311630010605 0.256077267229557 142.5743454918265 59.90737304836512 49.95191930234432 732.8372821882367 63.96223136782646 949.1688628718257 78.67905893176794 456.1826038509607 59.51507955044508 6.273958504199982 210.9763012230396 24.95438631623983 1.432743705809116 16.32273535430431 0.7675425410270691 48.85465509444475 1.160706296563148 0.1845749765634537 2.239479579031467 5.78196869790554 0.3356028497219086
