0 2460.770749531686 794.7894505932927 1391.182006344199 308.7184913158417 145.1204283684492 288.3275991678238 194.3430856615305 146.8295917436481 1373.201845474541 888.4755415394902 9.931264072656631 111.595077984035 182.393929682672 4.810771979391575 1.366720944643021 0.1064409539103508 0 0 0 0.1355146616697311 0 0 0.4597029685974121 2.286937855184078 0.5081774592399597 0.6824120432138443 0.129791185259819 0.4280534759163857 0.3119273036718369 208.3439496234059 8.590237826108932 29.32670303434134 0 0 0.5269196331501007 13.67648082971573 2.106813877820969 2.53741392493248 5.987040542066097 2.016680330038071 1.010398052632809 0.1021801605820656 0.241351991891861 0 0 8.654539085924625 0.3688375204801559 0 0.2185894623398781 0.2002882659435272 0 0.1140382513403893 0 2.554182499647141 2.324596889317036 209.741356022656 406.547796651721 25.40869497507811 7.142289780080318 0 0.694583386182785 0 7.057616151869297 1.544414080679417 0.5547349452972412 0.5287090614438057 0.469789482653141 0.3160174712538719 1.07838036864996 7.719430610537529 3.177273511886597 0 43.94528586417437 26.53455363959074 14.31426095217466 14.16318399459124 3.28017932921648 4.42372240126133 378.2493777126074 0 30.43836033344269 2.294947095215321 0 0.8745090961456299 0.441336564719677 0.2300763502717018 0 0.1079725995659828 0.179753765463829 0.1813675165176392 0.1163076162338257 0 0.555502250790596 0 33.46787062287331 4.915700241923332 0 0.7381519824266434 468.2748703211546 0.6470468640327454 0 0 0 0 0.1550905704498291 0 0 0.7885619848966599 0.1700145900249481 0 0.5545344054698944 2.337122276425362 1.673722162842751 0 0 0 0 0 0 0 0 0 0 0 0 0 0 0 0 0 0 0 0 0 0 0 0 0 0 0 0 0.1673470139503479 0 0 0 0 0 0 0 0 0 0 0 0 0 0 0 0 0 0 0 0 0 0.1389207243919373 0 0.1598145216703415 0 0 0 0 0 0 0.1002459228038788 0 0 2.460282802581787 0 0 0 0 0 0 0 0 0 0 0 0.1260320842266083 0 0 0 0 0.09706719219684601 0 0 0 2.588679447770119 1.115058213472366 0.3987966850399971 14.19978641718626 6.043089754879475 48.82926481962204 14.90041515231133 413.1636522114277 8.209913104772568 0 7.355035968124866 0.6499606519937515 0.157197393476963 0.2444149404764175 0 0 0 0 0.1760842949151993 0.2770445942878723 0
2460.770749531686 0 1552.341417178512 739.7102833837271 3031.412891283631 585.300698235631 1682.201915130019 287.6592629477382 1127.949307098985 1621.154743671417 2916.303360559046 73.48530726879835 869.1226836442947 918.4153367951512 8.99750179797411 2.683963924646378 0.1284521222114563 0.2263324484229088 0.1018850579857826 0.258294589817524 1.12940626591444 0 0 0.5872543826699257 3.271428816020489 1.605928227305412 2.387789703905582 0.3338749408721924 1.06034105271101 0.6362142562866211 2954.268946297467 71.31348384916782 73.04057905822992 0.1201653853058815 0.6217005997896194 0.76245978474617 34.64808284491301 3.379100970923901 2.341929450631142 8.276210471987724 3.519870698451996 1.580888979136944 0.3820810243487358 1.911278083920479 0.3550303131341934 0.1291476786136627 69.49626202136278 3.362855337560177 2.286179415881634 1.832502439618111 1.715268135070801 0 0.09421733766794205 0.8818141743540764 22.18897404521704 14.51394745707512 111.2123876214027 1281.216597624123 91.29285472631454 79.34040230512619 0.6254344582557678 0.7415953129529953 0.1514612585306168 131.993231408298 11.65556388348341 3.833658322691917 4.455942034721375 3.717565141618252 2.073263771831989 3.260222971439362 21.95662803202868 0.3846000283956528 0.1220899000763893 287.8161268234253 243.1096970066428 114.937737673521 65.99724552035332 8.946601398289204 12.62875654548407 1119.006188414991 0.6684806197881699 61.01735604554415 25.8143872693181 0.2753352075815201 5.970081210136414 6.688297882676125 5.200574442744255 0.8505725786089897 3.895323522388935 0.2266880646348 0.9950116500258446 1.319921001791954 1.365666814148426 1.223064012825489 2.648501142859459 123.7725292146206 1.807261295616627 0 0.3441518619656563 1275.760887496173 0 0.3546275496482849 2.386143282055855 0 3.34761255979538 15.83359335362911 0.4077628552913666 2.465177148580551 6.945484340190887 8.211117789149284 0.6247789263725281 9.566228538751602 27.7634060382843 14.35722543299198 1.846952453255653 0 0.3753958642482758 0 0 0 0 0.5248600468039513 0 0 0 0 0 0 0 0 0.1082970649003983 0 0.1704007685184479 0.2678152620792389 0.9021759927272797 0.4320997297763824 0 0 0 1.578992545604706 0 0.4585786908864975 0.1009610444307327 0.5761672854423523 0 0 0 0 0 0 0 2.839578256011009 2.000952422618866 0 0 0.1014455035328865 0 0.2611481249332428 0.09321687370538712 0 0.1018562838435173 0.396259069442749 0 0 0 0 2.869288608431816 0 0 0.2093437314033508 0.2185817286372185 0.1184098273515701 0.4838897138834 0.1843649595975876 0 0.1642332375049591 14.91303780674934 1.81123098731041 0 0 0.1241864040493965 2.322590827941895 0 0 0.4251719564199448 0.5262176990509033 1.493476241827011 0.7356989979743958 0.5183420777320862 0.1892802342772484 0.09863416105508804 0 0 0.3330499455332756 0.08912766724824905 0 0 20.98507557809353 5.621455974876881 6.244207292795181 105.5096141174436 84.72765664756298 430.1431260704994 105.576673656702 1079.700251027942 49.13092885166407 3.07914824038744 56.03606455773115 4.247493222355843 1.06558009237051 1.248181372880936 0 1.694862365722656 0 0 0 1.742682337760925 0.4016982913017273
794.7894505932927 1552.341417178512 0 113.4620753675699 282.0402397066355 53.01302663981915 75.07485626637936 1967.725315801799 260.2311822548509 69.6866128668189 3152.988524414599 8.041577771306038 114.0764992162585 352.674202427268 16.122793443501 5.513254471123219 1.044317953288555 1.805028304457664 0.494696170091629 12.14119658619165 80.0906879529357 0.5916779860854149 20.87102867662907 190.5701274648309 273.1571528464556 182.0497592762113 264.9974844530225 14.18962877243757 13.68144316971302 64.01795538514853 4291.128345362842 415.0630130395293 146.1946992725134 2.346961840987206 70.11789081990719 136.7494234591722 104.3298642486334 115.7874551862478 24.91534803062677 228.5749349445105 545.3753100037575 85.30050019919872 5.549287244677544 6.137446500360966 1.61704371124506 3.492181740701199 77.67721057683229 5.143827252089977 4.213946878910065 6.833121344447136 31.15366414189339 0.5411832854151726 1.526802569627762 3.338787391781807 18.39402767270803 12.65249132364988 56.53442961722612 1443.927853435278 57.18514610826969 68.91603260487318 30.18855941295624 23.98538833856583 41.76570358127356 279.9584352001548 11.87062124162912 5.371543176472187 4.95400945097208 17.59518364071846 29.14199344813824 309.7883073911071 129.4526569545269 4.308859542012215 0 226.7577156350017 333.6567854732275 140.6679781451821 145.186182282865 23.52602719515562 933.6508601754904 2421.22233273834 8.860670015215874 2204.871954657137 25.69977477192879 0.5255518034100533 6.642225854098797 8.435779809951782 11.12646315991879 1.127908639609814 6.968338683247566 0.5634394362568855 3.35856070369482 2.634107269346714 170.3835249841213 56.49178729206324 3.059873916208744 148.6480131745338 20.028191447258 0 1.004705332219601 876.0237049311399 1.400488421320915 0 2.183341026306152 0 5.924441114068031 14.15801727771759 0 4.280134111642838 4.039458841085434 4.964013338088989 0.2207667529582977 7.238920465111732 35.82241478562355 18.88349485397339 6.331200927495956 0.1838341653347015 0.1186670735478401 0.2600909173488617 0 0.4651082009077072 0.2515638321638107 1.207364737987518 0.2987518757581711 0 1.562504909932613 1.608940541744232 0.508411280810833 0 3.196396835148335 0 4.232942402362823 0.08823948353528976 4.690380930900574 0 1.203804478049278 0.998437687754631 0 0 0 4.838158845901489 0.1414290368556976 2.468295142054558 2.865106329321861 0.4208974242210388 0.366560086607933 0 0 0 0.6757325008511543 0.210404060781002 0 1.403738796710968 2.592755317687988 0 0 0.5478347837924957 1.978004559874535 0.9918589293956757 0.2035207226872444 0 0.3186749219894409 0 0.2935529053211212 0 0 0.0981127917766571 13.23700223863125 0.5343460440635681 0.1309128403663635 0.2771797776222229 0 0.2539171501994133 0.9654175862669945 0.1311553567647934 0.9651595130562782 1.669004067778587 66.58016121387482 4.26166857033968 0 0.2527476027607918 2.076039537787437 2.949082314968109 1.710145264863968 4.214860796928406 3.636876702308655 0.2736424207687378 3.168655946850777 0.7283052802085876 0.2828318849205971 0.7770552933216095 0.2324981838464737 0.1180567890405655 0.09341739118099213 0.6802757009863853 0.3922095745801926 0.6573313400149345 0.7077742218971252 49.91966919600964 20.37711883336306 17.41379936039448 76.83619049936533 92.44269090890884 313.685544654727 72.82447619736195 331.7560051754117 23.87542366981506 2.821876332163811 30.28198084980249 4.246214315295219 1.701068758964539 1.844923511147499 1.270959012210369 0.3918829411268234 0.5031450390815735 0 1.40583161264658 2.439294278621674 0.9496720135211945
1391.182006344199 739.7102833837271 113.4620753675699 0 826.4536306709051 575.7796853929758 432.0978697314858 30.6589962169528 292.9666683226824 2177.433832556009 279.806551001966 127.1593688726425 1465.624731257558 165.2686785757542 0.9334656298160553 0.1335369348526001 0.2709214389324188 0.2846647948026657 0 0.144057422876358 0.3850397318601608 0 0 0 0 0 0 0.3033891022205353 0.1291359215974808 0 274.4919290095568 2.823683813214302 1.934686839580536 0 0 0 1.052514530718327 0 0.1091932281851768 0 0.1015949174761772 0.1227701902389526 0.2064620703458786 0.2098608240485191 0.1202329769730568 0 13.92823661118746 0.100120797753334 0.2922361344099045 0.1583308130502701 0.62412478774786 0 0 0 6.852003484964371 4.048057161271572 49.634047947824 446.5971666574478 26.21071001887321 12.75680934637785 0 0 0 16.63808360695839 4.497986398637295 1.090664081275463 0.4406886920332909 1.044016413390636 0.1218798980116844 0.3147217556834221 0.9860113635659218 0.6227993369102478 0 85.96626622229815 59.52084907144308 22.83893173187971 8.561440885066986 0.6387174725532532 0.7757658362388611 32.66745751351118 0.2857866585254669 1.242400489747524 6.414588555693626 0.279171533882618 2.969156041741371 1.511264093220234 0.6236975193023682 0 0.3239689394831657 0.1271207183599472 0 0.2760785818099976 0.100616529583931 0 0.08434703201055527 87.39882907271385 0 0 0.1195939630270004 773.8592510968447 0 0 0 0 0 5.725655749440193 0 0 0.6029329299926758 1.432455345988274 0 1.281292736530304 2.864098414778709 2.432910218834877 0.4125841557979584 0 0 0 0 0 0 0 0 0 0 0 0 0 0.09448301792144775 0 0 0 0 0 0 0 0 0 0 0.3842594772577286 0 0.2534491419792175 0 0 0 0 0 0 0.2115804553031921 0 0 0 0.1245417967438698 0 0 0 0 0 0.2660805955529213 0 0.09100267291069031 0 0 0 0 0 0.5668571591377258 0 0 0 0 0 0 0 0 0 1.118886843323708 0 0 0 0 0.1929610371589661 0 0 0.3997496664524078 0.6658878922462463 0 0 0 0 0 0 0 0.1121825873851776 0.1137801706790924 0 0 3.374148651957512 0.8003739714622498 0 13.18437404185534 19.76819554716349 96.86621908843517 23.90063673257828 597.1285522505641 8.91545445472002 0.3817411512136459 7.869277969002724 1.02583759278059 0.2998445555567741 0 0.128580242395401 0 0 0 0 0.1385610103607178 0
308.7184913158417 3031.412891283631 282.0402397066355 826.4536306709051 0 55.47681412100792 1276.689957484603 3.733693286776543 3945.14109519124 1600.901797249913 1508.005498684943 196.7591436952353 1713.395788900554 1738.975834384561 17.9073154553771 1.915479362010956 0.2953386604785919 0.4968970194458961 0 0.4908582642674446 0.4536363184452057 0.5785465240478516 0.108758732676506 0.09395318478345871 0.2324056625366211 0.6832320094108582 0 0.9306580647826195 2.553086802363396 0.4156121611595154 91.69637597352266 10.28901238739491 1.365979172289371 0 0.130395382642746 0 18.48279187083244 0 1.021957233548164 0.09222197532653809 0.2385586500167847 0.221239447593689 0.1377974599599838 0.2833442389965057 0 0.4867747649550438 97.4037984162569 3.120697155594826 2.927308894693851 0.6820856928825378 1.98171716183424 0.1216162443161011 0 1.515430629253387 13.23262234777212 10.39203513413668 18.10502095520496 180.7124822288752 68.206643268466 97.10297361761332 0.1988224983215332 0 0 54.60426985472441 9.228137172758579 3.431964635848999 2.321913592517376 4.31433629244566 0.8479146882891655 1.033529669046402 60.50100088119507 0.5628109723329544 0 139.6864857897162 110.090745806694 119.4303624629974 79.05752409249544 4.408509314060211 1.775662608444691 104.5708694607019 0.781683012843132 1.935323528945446 16.97218402475119 0.07693717628717422 5.612998463213444 7.951349094510078 4.050906725227833 1.111335188150406 3.600573934614658 0.360552504658699 1.809288442134857 1.480067253112793 1.383594289422035 1.341649189591408 0.702828474342823 479.9324931204319 6.995098076760769 0 0.1212023496627808 42.0162138491869 2.978603035211563 0 10.92632578313351 0 13.1910804361105 70.37317183613777 0.9991385340690613 24.30466610193253 49.71173770725727 56.87242041528225 4.079867035150528 61.90468204021454 207.2061646133661 70.87951871752739 20.52299754321575 1.067667156457901 0.2530222460627556 0 0.4654449820518494 0 0 0 0 0 0 0 0 0 0 0 0.1084325686097145 0 0.1186811029911041 0 8.721496261656284 1.050686672329903 0 0 0 3.557149335741997 0 6.485244542360306 0.8462450504302979 0.1741347163915634 0.2899341285228729 0 0.520280122756958 0 0 0.345354825258255 0 4.354370176792145 4.470664896070957 0.2895855903625488 0 0 0 0.3952896296977997 0 1.590100169181824 0.5018127709627151 1.231187477707863 1.563091173768044 0 0 0 23.81127272546291 3.603841334581375 1.751261107623577 0.6916386783123016 0 0 0.2365551367402077 0 0 0.245419517159462 111.2149132341146 1.012783274054527 0 0 0 6.056153893470764 0.8221936821937561 3.829000860452652 7.870295286178589 3.343400359153748 5.807137243449688 3.506907373666763 2.175142034888268 0.1034996956586838 0.2301836758852005 0 0 0.2006186470389366 0.2492009624838829 0 0 127.6473666131496 23.6817522495985 17.56169220805168 223.0618635490537 89.30537061393261 446.7909427508712 124.4119480848312 383.3031624257565 62.41760128736496 4.142614863812923 80.95106770843267 10.29083223640919 0.7119874805212021 7.444219999015331 2.869026258587837 2.818264782428741 1.282077848911285 0.4197443127632141 0.2165718972682953 1.771216347813606 2.311667509377003
145.1204283684492 585.300698235631 53.01302663981915 575.7796853929758 55.47681412100792 0 162.8376506268978 15.57536421716213 38.18851637840271 1222.496014744043 84.8646422624588 30.56024964153767 85.99856422841549 35.28165145218372 2.726578146219254 2.028023175895214 0 0 0 0 0.2541865706443787 0.3683671206235886 0 0.1569541096687317 0 0 0 0 0 0 9.185105815529823 0 18.48376721143723 0 0 0.1398646980524063 34.63320283591747 0.9283056408166885 15.75809100270271 1.467103637754917 0.1499221324920654 0.3041048943996429 0 1.235584758222103 0 0 1.160014525055885 0 0 0 0 11.14829571545124 0 0.1485877931118011 0 0.8523478507995605 303.4407198280096 72.88671913743019 5.23768775165081 0.5784242898225784 0 1.101553559303284 0 0.5624764114618301 0.2020569294691086 0.3844712376594543 0 0 0.3398254886269569 0.2579190209507942 108.8616196066141 167.6127660870552 12.42279775440693 5.019666448235512 3.405498541891575 2.990006096661091 3.312728263437748 1.147292569279671 0 48.8412864357233 0.1511441022157669 2.857446402311325 0.612904965877533 0.4623329937458038 0 0.4320915341377258 0 4.230254396796227 0.4458645135164261 12.07196481525898 0 0.5384501218795776 0 0.2109703123569489 0 208.6096319854259 221.2553112953901 26.74826137721539 28.75931344926357 401.9324313700199 0 0 0 0 0.2367848455905914 0 0 0 0.7717390060424805 0.3858252465724945 0.2821575403213501 1.440066456794739 0.2265026718378067 0 0.2053744047880173 0 0 0 0 0 0 0 0 0 0 0 0 0 0.6070219874382019 0 0 0 0 0 0 0 0 0 0 0 0 0.3834429979324341 0.1095956191420555 0 0 0 0 0 0 0 0 0.7945009768009186 0 0 0 0 0 0 0 0 0 0 0 0 0 0 0.2246821224689484 0 0.3174463212490082 0 0 0 0 0 0 0.1238925233483315 0 0.4616179764270782 0 0 0 0 0 0 0 0 0 0 0 0 0 0 0 0 0 0 0 0 2.092930570244789 1.150953471660614 6.787211082875729 1.028236508369446 7.224431902170181 1.486006580293179 362.9061833098531 2.817651890218258 0 2.119428910315037 0 0 0 0 0 0 0 0.1833337694406509 0.1696588695049286 0.1855546832084656
288.3275991678238 1682.201915130019 75.07485626637936 432.0978697314858 1276.689957484603 162.8376506268978 0 5.643097743391991 362.9632429406047 2339.369449056685 61.56381491571665 197.977219030261 2999.095124348998 372.4733569398522 10.23987201601267 1.054978683590889 0.1177289113402367 0 0.1271868944168091 0.310309961438179 0.7936197072267532 0 0 0.2337668091058731 0 0.3730154111981392 0 0.3644311800599098 2.094338670372963 0 103.6926447600126 18.51300936937332 2.178362220525742 0 0 0 10.61538796126842 0.1632703393697739 0 0 0.6087611019611359 0.2751303240656853 0.4913271069526672 0.09901498258113861 0 0.3046266064047813 55.0256465151906 1.512925036251545 0.8473435044288635 0.878600001335144 0.982001855969429 0 0 1.231832794845104 14.48703903704882 8.618706986308098 26.04659086465836 347.3227009475231 47.13354405760765 69.8857664167881 0.5611837059259415 0 0 58.0521634221077 8.326317206025124 2.604885071516037 2.586815990507603 3.260853081941605 0.6462401896715164 2.501377731561661 21.36248236149549 0 0 154.0086618065834 140.3976708650589 91.65252881497145 41.80305766314268 2.777059063315392 1.683728232979774 10.00115416198969 0.9495830163359642 1.289422862231731 16.03646652400494 0.3346036970615387 5.661343522369862 5.499339684844017 3.427795901894569 0.3831286877393723 2.933416724205017 0.4243193119764328 0.8190216347575188 0.5695304721593857 0.5680926740169525 0.962089367210865 1.785435333848 325.5944519862533 2.174018248915672 0.2059956192970276 0.162987619638443 97.62879575043917 2.081497266888618 0 4.287081107497215 4.511377543210983 5.832183212041855 31.70309561491013 0.8599290549755096 12.3312274068594 25.91170120239258 21.30420176684856 1.231582626700401 68.22668835520744 84.99764713644981 28.78734171390533 6.015262201428413 0.1668755710124969 0.1961453258991241 0 0 0 0 0 0 0 0 0 0 0 0 0 0 0.1792803853750229 0.1369164288043976 0 3.142673432826996 0.2039354890584946 0 0 0 2.02007557451725 0 0.8122106194496155 0 0 0 0.2526456117630005 0 0 0 0 0 5.066076539456844 2.079366594552994 0.1237587928771973 0 0 0 0 0.171269454061985 0.4282424449920654 0.4464925676584244 0.6125538870692253 1.74648343026638 0 0 0 10.58326324820518 0.1300666779279709 1.014478519558907 0.08622550964355469 0.1196689307689667 0.2594621255993843 0.2836678847670555 0.09776193648576736 0.1102472469210625 0 27.53066486120224 0 0 0.1077539771795273 0 2.561004996299744 0.2685960233211517 2.727946788072586 2.066154040396214 1.622086837887764 5.147590100765228 2.662407472729683 2.930268801748753 0.528970330953598 0.1963008269667625 0 0 0.4856056347489357 0.1978414803743362 0 0 44.57518173754215 6.247276827692986 10.1004528850317 126.4237618073821 69.49162959307432 337.7528377845883 96.1007566601038 592.2063695862889 41.63038767874241 1.957916714251041 56.75754681229591 4.96466226130724 0.586169607937336 1.062458604574203 1.446390762925148 0.8363881409168243 1.072395801544189 0 0 1.323644638061523 0.5299867391586304
194.3430856615305 287.6592629477382 1967.725315801799 30.6589962169528 3.733693286776543 15.57536421716213 5.643097743391991 0 19.93124902248383 17.86669932305813 1625.293421320617 8.373234316706657 200.7106539309025 575.4437421262264 41.41133979707956 13.68036084622145 0.7865724414587021 0.9572772681713104 0.8733824193477631 20.00659196078777 40.73308282345533 0.1247075125575066 5.816816166043282 35.38048861175776 84.00370088964701 42.03591763973236 54.18796799331903 6.447293475270271 3.937939144670963 15.96017590165138 342.259675398469 1313.78471660614 161.1940141320229 2.498114667832851 12.31084326654673 45.26273590326309 96.2115136757493 54.10210491716862 24.98161584883928 104.8645275905728 128.3214277029037 26.66325423121452 7.716051116585732 8.52442030608654 1.30604013055563 17.1027659252286 148.2056808322668 3.984501481056213 2.264984391629696 5.781470872461796 8.022316493093967 0.2277831956744194 1.330666027963161 2.891612961888313 12.3680302798748 7.871200747787952 20.02168189734221 247.1993563622236 49.16899744421244 95.42261040955782 95.42842733860016 19.91484451293945 10.6220345646143 342.094588547945 6.129373669624329 5.171576894819736 3.382747642695904 8.263080157339573 8.992899842560291 84.85152584314346 35.09326545894146 1.220195718109608 0 143.012335896492 203.7263822257519 216.2708188146353 810.6977105438709 101.4845798760653 720.6993215531111 3071.080209173262 66.78194772452116 1912.838971331716 16.9275466427207 0.5125619471073151 5.780038319528103 5.080073207616806 7.467465542256832 0.3790241181850433 3.337652623653412 0 2.334086127579212 2.180859714746475 36.0274153649807 13.46182149648666 2.621917434036732 46.16826570034027 4.198289319872856 0 1.423626728355885 53.50785127282143 0 0 1.068161964416504 0 3.247067034244537 3.913098379969597 0 2.272460386157036 0.5225929617881775 0.9152507185935974 0 1.582192152738571 12.52912980318069 7.731422275304794 2.764077536761761 0 0.3078014254570007 0 0 0 0 0 0.1210783645510674 0 0.1276692301034927 0.5188142657279968 0.1840178668498993 0 0.268456295132637 0 1.171324998140335 0.1480191797018051 1.229188673198223 0 1.353104382753372 0 0 0 0 2.343553468585014 0 1.863424755632877 0.7600502148270607 0.09042339026927948 0.5202065110206604 0 0 0 0 0.09837349504232407 0 0 0 0 0.1290393471717834 0 0 0.3905373737215996 0.3078390434384346 0 0.1970850080251694 0.1172899305820465 0 0 0.5134887546300888 0 4.123157501220703 0 0.5400521606206894 0.1003938615322113 0 0.2754581868648529 0.390056200325489 0.2770745307207108 0 0.302665114402771 13.52159158885479 0.5594108104705811 0 0 0.1644957661628723 1.008827924728394 1.301674008369446 0.1618140190839767 0.33913254737854 0 0.9938694387674332 0 0.5592448711395264 0.2786265909671783 0.1091094166040421 0.1594117134809494 0 0.4913630932569504 0 0 0.2635953351855278 10.63613767921925 10.72323666512966 3.410408020019531 148.8137958794832 75.23798426985741 468.4875319302082 110.1137149706483 153.3398604914546 51.85371312499046 2.485125221312046 76.8980972841382 8.412201561033726 0.2640321254730225 0.5454329401254654 1.235230386257172 0 0 0 0 4.384068012237549 1.397652991116047
146.8295917436481 1127.949307098985 260.2311822548509 292.9666683226824 3945.14109519124 38.18851637840271 362.9632429406047 19.93124902248383 0 1104.422172226012 1693.351588070393 159.9242560118437 2914.129378184676 2108.575083754957 23.09869734942913 4.366649277508259 0.1750349700450897 0.1618020981550217 0 0.4573947638273239 0 0 0 0.1347710341215134 0.2416347190737724 0.7730782553553581 0.3412284180521965 0.8127316907048225 2.244745492935181 0.3272975459694862 60.64023803919554 10.60583652555943 6.842791639268398 0 0 0 27.32482054829597 0.1163142472505569 2.295624420046806 0.6765009760856628 0.1708618253469467 2.218101553618908 0 0.3685326874256134 0 0.3155432492494583 115.9801727384329 2.321990266442299 1.452999375760555 0.6421688124537468 2.04417646676302 0 0 2.324731953442097 10.93733229488134 7.99999663233757 23.58558538556099 90.01292710751295 70.97267992049456 90.38401879370213 0 0 0 38.7708148881793 6.163455605506897 3.190133810043335 2.581720918416977 3.468955330550671 0.4662716537714005 1.340261526405811 89.30469249933958 1.214629262685776 0 121.3207488954067 85.18543373793364 142.798411205411 98.05462262034416 8.837552726268768 0.9080344215035439 142.7403270602226 0.2536011040210724 0.57701675593853 11.82673131674528 0.7186371013522148 3.675069145858288 4.937116824090481 2.79241655766964 0.5644694194197655 2.82742590457201 0.6611480563879013 1.161173887550831 1.400688380002975 0.7381854429841042 1.138709425926208 0.9328731968998909 1033.22314016521 4.06255092471838 0 1.258216582238674 50.16727408766747 2.382898174226284 0 14.62221367657185 0 21.78569985926151 111.9336373731494 1.087874293327332 37.72008414566517 82.39517040550709 85.27652141451836 3.847881644964218 76.34678515791893 303.8892501890659 121.5116879940033 36.78673848509789 0.3317250683903694 1.990033373236656 0 0 0 0 0 0 0 0.1411460041999817 0.2495736330747604 0 0 0.6866071820259094 0 0.2724608182907104 0 0.4269454777240753 0 11.81482288241386 1.571417033672333 0 0 0 4.725404024124146 0 7.035480827093124 0.8131610155105591 0.3905157446861267 0 0 0 0 0.3046029806137085 0.2698753774166107 0 5.322882771492004 10.80268266797066 0.5410721898078918 0 0 0 0 0.169675886631012 0.783110722899437 0.5990961343050003 1.132578700780869 4.824934899806976 0 0 0 30.60300305485725 2.933637470006943 1.708550378680229 0.7935606613755226 0.4956150203943253 0.1236617118120193 0.3966323211789131 0.4412624686956406 0.1948821023106575 0 153.6681485623121 3.680311635136604 0 0 0.1347079873085022 8.715172991156578 0.5834428369998932 11.41306069493294 4.467483729124069 4.881958186626434 11.38137241452932 1.995150581002235 2.512530609965324 0.3603851348161697 0.218551829457283 0.09472042322158813 0 0.4997309669852257 0.6022016406059265 0.1288959532976151 0 203.4374333024025 40.32258731126785 24.24760541319847 289.5407858341932 78.24713745713234 490.2109787166119 146.752215616405 339.9106011241674 73.12061931937933 2.718859478831291 112.348178230226 14.21129155158997 0.5253378972411156 9.012370273470879 4.245183631777763 1.222520232200623 0 0 1.005874663591385 1.947835266590118 1.860786810517311
1373.201845474541 1621.154743671417 69.6866128668189 2177.433832556009 1600.901797249913 1222.496014744043 2339.369449056685 17.86669932305813 1104.422172226012 0 247.6278162226081 1854.051887407899 8788.985635951161 483.5121838524938 4.920408420264721 0.4341391697525978 0.1211162135004997 0 0 0.193048506975174 0.44011390209198 0 0 0 0 0.7209368050098419 0.1057000756263733 0.1068573594093323 0.2644232660531998 0.1054528951644897 143.3843398168683 4.165348470211029 6.392760425806046 0 0 0 393.1024198830128 0 0.2161597609519958 0.2691709399223328 0.154744029045105 0.3863407373428345 0 0.1715216934680939 0 0.4909208714962006 28.77214263379574 2.444721072912216 0.39713454246521 0.3916352242231369 0.798010379076004 0.3079607114195824 0 0.1390247046947479 11.3912915289402 8.310246862471104 79.54014896601439 597.2493985518813 42.04098772257566 31.51318857073784 0 0.8078486919403076 0 33.26814595609903 5.779953494668007 2.229987218976021 1.166306003928185 0.8322621956467628 0.4478960931301117 0.8634956926107407 241.1326903924346 1.980816528201103 0 156.4523691982031 97.70575937628746 52.79073707014322 17.85411043465137 1.981001012027264 0.3500140085816383 210.5908588096499 0.1118380203843117 1.166570201516151 12.80648774653673 0.3177571296691895 2.966863296926022 2.281213141977787 2.418313086032867 0.1464151591062546 1.686615973711014 0.1116260886192322 0.2564367651939392 0 0.1820789873600006 0.5349152758717537 0.2127536833286285 1356.455972187221 3.86715404689312 0 1.405655384063721 655.4122676998377 2.475483372807503 0.3616879433393478 16.00800341367722 0.5303056091070175 28.68640525639057 99.51977959275246 1.479946702718735 31.52856095135212 56.09649486839771 86.52653309702873 3.305590778589249 74.41195150464773 214.1345546990633 95.61549714207649 20.24376171827316 0.1669120639562607 0.9072231501340866 0 0 0 0 0 0 0 0.1075854077935219 0 0.177213191986084 0 0 0 0 0 0 0 8.359891995787621 1.164555758237839 0 0.7774994969367981 0 5.948703020811081 0 1.758830994367599 0.3094629496335983 0 0 0 0 0 0 0 0 5.606718868017197 2.98546989262104 0 0 0 0 0 0 0.5520001947879791 0.4263196662068367 0.4479426890611649 2.380112931132317 0 0 0 26.86655136942863 1.755870625376701 1.288791820406914 0.5828014984726906 0 0 0.0911971852183342 0.5597092285752296 0 0 87.48483607172966 0.243542954325676 0 0.1207491233944893 0 3.741326004266739 0.4860129058361053 3.790619045495987 8.105096995830536 2.610519647598267 8.251668080687523 2.362625598907471 2.329890355467796 0.2843247056007385 0 0 0 0.1122935265302658 0.113135501742363 0.1851477175951004 0 120.0891365259886 14.17559634149075 13.42860445380211 68.76868876069784 29.48535031080246 211.5379525944591 52.15660179406404 1340.858054071665 27.50173915922642 2.560058608651161 42.03825128823519 8.855509273707867 1.245058216154575 4.56459903717041 1.380930617451668 0.949143260717392 0.6998770236968994 0 2.279358826577663 1.031313002109528 0
888.4755415394902 2916.303360559046 3152.988524414599 279.806551001966 1508.005498684943 84.8646422624588 61.56381491571665 1625.293421320617 1693.351588070393 247.6278162226081 0 18.62135212123394 948.8193603307009 2675.868884570897 27.76376101374626 9.43455845862627 0.2326661422848701 0.3103416413068771 0 0.6984351202845573 2.369023315608501 0.4632056951522827 0 1.387909688055515 12.63746068626642 3.043951310217381 6.766362152993679 1.754838347434998 1.768558710813522 2.802773460745811 585.7641571983695 157.7834769487381 197.5390381813049 0.1085182279348373 0.8718090504407883 3.655484445393085 136.2842357456684 9.311242550611496 6.378446757793427 24.47679866105318 10.65728081762791 3.045549236238003 1.522659860551357 1.219019703567028 0.2020432204008102 0.4366202503442764 121.1121833994985 2.878531396389008 2.379584580659866 1.278227813541889 2.208765976130962 0.3301871567964554 0.5121615380048752 0.892450362443924 12.67064346373081 11.43819771707058 26.71547564864159 277.8896949291229 58.31161879748106 81.92295874655247 0.375045970082283 2.089496701955795 0.5337665975093842 84.74257650971413 5.991758987307549 3.256192281842232 2.015768378973007 3.163590326905251 1.378336407244205 4.570704497396946 30.6000412106514 1.629854656755924 0 144.122352078557 148.2581493705511 153.1830404624343 135.1411125063896 19.82536076009274 55.63041262328625 3178.523290105164 1.129870131611824 249.4305769950151 16.27459747344255 0.4318024665117264 4.400649227201939 5.639956317842007 3.906300090253353 0.3703715354204178 2.853385969996452 0.1520190536975861 2.092167966067791 1.787933722138405 3.211084567010403 2.897717267274857 1.623093210160732 64.24220900982618 4.474141925573349 0 1.397324956953526 119.49809397012 0 0 1.492312043905258 0 0.9425008893013 3.42608854174614 0.432020515203476 0.2323143184185028 2.451107874512672 3.350438594818115 0.1714811325073242 5.898422285914421 12.37738867104053 7.429910361766815 2.066673591732979 0 0 0 0 0 0 0 0 0 0 0 0 0 0 0 0 0 0.1035560891032219 0 0.1365171521902084 0.7229804992675781 0 0 0 1.16379177570343 0 1.098078697919846 0.3949005007743835 0.2261577621102333 0 0 0 0.1899077743291855 0 0 0 0 1.461112186312675 0 0 0.3060526698827744 0 0.4898441135883331 0.2524648010730743 0 0 0 0 0 0 0.3213507831096649 9.039318799972534 0.3914389163255692 0 0.1455347090959549 0.1097189038991928 0.1086445823311806 0.2110044285655022 0.3807343095541 0 0.1172223687171936 12.99725076556206 0.3390232026576996 0 0.1336628794670105 0 0.9341627806425095 0.1161936521530151 0.5665784478187561 0 1.199557960033417 1.134425550699234 0 0.3364541828632355 0.3070044815540314 0.1043455973267555 0.2262912318110466 0 0 0.2889523953199387 0 0 15.79501734673977 6.467763796448708 2.612404108047485 214.7469392940402 73.76829782873392 427.3224202170968 110.3229754120111 314.5888886749744 45.59647286683321 3.05900826305151 94.31577128171921 5.59074842184782 0.7806059271097183 1.663116425275803 1.000123634934425 0.3243645429611206 0 0.6626124382019043 0.5082162618637085 1.822991505265236 0.9562979191541672
9.931264072656631 73.48530726879835 8.041577771306038 127.1593688726425 196.7591436952353 30.56024964153767 197.977219030261 8.373234316706657 159.9242560118437 1854.051887407899 18.62135212123394 0 1788.266639709473 58.89129803329706 4.295526795089245 2.313821613788605 0 0 0 0.1280363500118256 0 0 0 0 0.3251824378967285 0 0 0.1615262478590012 0.1469179838895798 0.2980349063873291 2.69741815328598 1.452673077583313 3.952232822775841 0 0.1658921092748642 0 405.0494007319212 0.1904812455177307 0 0.2221527472138405 0 0 0 0.4181484952569008 0 0 7.735186345875263 0.1084875613451004 0.1229193657636642 0 0.09895172715187073 0 0 0.2672898471355438 0.5432113781571388 0.2700271904468536 8.935366258025169 7.944669373333454 3.871343851089478 3.463422305881977 0 0 0 1.155399203300476 0.5076484084129333 0.2392222508788109 0.4401238933205605 0.08294935524463654 0 0.1120581775903702 118.9217556193471 0.3848865032196045 0 6.877206616103649 4.413753174245358 10.35933730006218 9.34316735714674 2.885620586574078 0 31.52142898738384 0 0.4536049067974091 0.5776285603642464 0 0.1776575446128845 0.0866389200091362 0.2264195308089256 0.1414859741926193 0 0 0 0 0 0.1070196181535721 0 957.5919917225838 0.5674214363098145 0 0 43.99391084909439 0.1423691213130951 0 4.40508833527565 0.5292657017707825 7.874775037169456 26.52708771079779 0.4740224033594131 8.257585421204567 17.36135499179363 24.35617212951183 1.457911759614944 27.29930540919304 67.20669955015182 41.63627746701241 6.483659207820892 0 0.3007400631904602 0 0 0 0 0 0 0 0 0 0 0 0 0 0 0 0 0 2.450271174311638 0.6807993799448013 0 0 0 1.432015731930733 0 0 0 0 0 0 0 0 0 0 0 0.9058927297592163 3.861157111823559 0.126926526427269 0 0 0 0 0 0.2970395684242249 0.2672848030924797 0 0.1226285323500633 0 0.1576093286275864 0 6.857996225357056 0.2380589097738266 0.3943897783756256 0.4885678887367249 0 0 0 0 0 0 26.16193923354149 0 0 0 0 0 0 0.3771903365850449 2.254134923219681 0.2419762909412384 1.581250607967377 0.8536679148674011 0.5715789794921875 0 0 0 0 0 0 0 0 46.12657807767391 7.302669152617455 5.580050811171532 31.74214300513268 1.770814210176468 33.26595713943243 8.69567447155714 82.23337389528751 3.494972132146358 0.09378273785114288 15.61372459679842 1.588710963726044 0.2015209645032883 2.119146250188351 0.4729773700237274 0.2659676969051361 0 0 0.2210337817668915 0.4913352504372597 0.3525143563747406
111.595077984035 869.1226836442947 114.0764992162585 1465.624731257558 1713.395788900554 85.99856422841549 2999.095124348998 200.7106539309025 2914.129378184676 8788.985635951161 948.8193603307009 1788.266639709473 0 1236.817269414663 47.62170059978962 19.48716855049133 0.2720456272363663 0.4767720401287079 0 0.2546058297157288 0.1457975655794144 0 0 0.1617563366889954 3.117399401962757 0.7970771118998528 1.72660905867815 1.391628488898277 1.867695108056068 0.6056299656629562 32.22518128156662 5.150820791721344 38.58521281182766 0 0.137238621711731 0.1519824862480164 116.4408898130059 1.802760854363441 4.244316592812538 7.784036569297314 3.698564499616623 1.66444281488657 0.813408374786377 1.967991568148136 0 0 140.4201215580106 2.612001694738865 1.229851320385933 1.302538454532623 1.719713017344475 0.7883989959955215 0.1370564699172974 1.986441589891911 10.2954645305872 10.92087481915951 33.73396284878254 91.17911468446255 63.49563992023468 74.18663040548563 0 0.3726231008768082 0.1588593572378159 30.77323262393475 5.626702159643173 3.00804453343153 1.914881005883217 3.801854744553566 0.9640474691987038 1.502007871866226 259.2015283554792 1.887698851525784 0 92.71985459327698 72.48861083388329 146.9182001203299 157.1275901347399 26.11915093660355 8.338089101016521 311.3978296890855 0.6077656447887421 5.833369687199593 11.15599460154772 0.2856706976890564 3.617526665329933 4.000342026352882 3.46792110055685 1.13537622243166 1.858392164111137 0.1610446721315384 1.007835157215595 1.049102075397968 0.7858188450336456 1.850017927587032 0.6370793953537941 3370.227259814739 7.001169621944427 0 0.5541961342096329 108.7635612934828 3.634457930922508 0.3711892515420914 16.49590374529362 0.3479531407356262 27.7249194085598 131.1853601336479 1.012217283248901 41.77762673050165 66.10273930430412 103.7504694610834 4.410097122192383 91.09479768574238 366.0271181166172 140.7102344706655 39.85682725161314 1.009880661964417 1.386145055294037 0.2420562505722046 0 0 0 0 0 0 0 0 0.1192273423075676 0 0 0 0.4433744549751282 0 0 0 11.32279923558235 2.355354055762291 0 0 0 10.50861671566963 0 5.618988558650017 0.4498235136270523 0.2511985898017883 0 0.115624375641346 0 0 0 0 0 5.382996276021004 9.382557727396488 0.7067800909280777 0.2296887189149857 0 0 0 0.2760752141475677 1.178042680025101 0.5528789311647415 0.7278789579868317 2.585130430757999 0.179332509636879 0.1406977325677872 0 33.85370899736881 1.941528543829918 2.87876783311367 0.8177123367786407 0.2285341769456863 0 0.1797508671879768 0.5343059301376343 0 0.2783477157354355 187.431892439723 4.018155187368393 0 0.1788926273584366 0 8.748332753777504 1.702271178364754 6.385065317153931 7.9730044901371 1.602794900536537 12.12574817240238 3.57818204164505 3.423113472759724 0.4685248211026192 0.186234824359417 0 0 0.2431479096412659 0 0 0.3894888758659363 242.9199934005737 52.45953829586506 29.49424853920937 334.55719717592 63.80182855576277 462.658333465457 143.8027320504189 429.7331399619579 67.92827961593866 3.041294679045677 161.3833364322782 14.00639223307371 0.6942775771021843 7.504194185137749 4.994693011045456 6.008770167827606 0.3346091359853745 0.0958959087729454 1.025955900549889 6.838424347341061 2.141943916678429
