0 5157.435951121151 1172.871058873832 522.2458891347051 439.4349923729897 222.7749013453722 620.3449398502707 294.7038772031665 42.45256827026606 291.2379037514329 141.4199754223228 77.73354529589415 145.363066457212 83.32897343486547 0.9356787726283073 0.4830689579248428 0.1990055665373802 0.2546515911817551 0.1080823913216591 0.1286478638648987 0.234459713101387 0.2560700178146362 0 0 0 0 0.203735888004303 0 0 0 353.8569113686681 8.377088144421577 15.03384132683277 0 0 0 7.750721499323845 2.612910389900208 0.9221316874027252 0.8900086358189583 0.2342715039849281 0.3882060274481773 0.1395568996667862 1.187623307108879 0.1102732792496681 0.1639744788408279 22.70330782234669 0.208977498114109 0.183918759226799 0.2139990627765656 0 0.6361664980649948 0 0.1930153071880341 2.01358450949192 5.170427352190018 228.455262042582 813.9481770694256 10.18847571313381 5.657189726829529 0.2632811740040779 5.25963294506073 0.3695184215903282 22.71826086938381 2.496071726083755 1.005450777709484 0.08215935528278351 0.3449504673480988 0.08025288581848145 0.2153290957212448 30.04143497347832 11.40941025316715 0.2468112409114838 72.11737503856421 79.54110868275166 20.40001949667931 31.8491040840745 2.691039718687534 8.871530883014202 44.9383077993989 0 18.0457314401865 4.911760546267033 0.4628330990672112 1.219560027122498 1.183368034660816 1.126447059214115 0.8116858303546906 0.3094764277338982 0 0 0.1341436952352524 0.7425990849733353 0 0.1049318909645081 164.1474261879921 30.22618943452835 0.3182651996612549 2.850437670946121 936.0180893316865 0 0.1027338802814484 0 0 0 3.143964409828186 0 0 1.144880756735802 1.428495869040489 0.1352018564939499 4.313933774828911 0.7831388115882874 0.6341148465871811 4.527278415858746 0 0 0 0 0 0 0 0 0 0 0 0 0.5284532308578491 0.1970541924238205 0 0 0 0 0 0.1072258949279785 0 0 0 0 0.9605602324008942 1.381804436445236 6.368563733994961 2.284014455974102 0.6571846157312393 0 0 0 0 0 0 0 0 0.1603707522153854 0 0 0 0.3936539590358734 0 0.3169269263744354 0 0 0.2263896986842155 0.2986299395561218 0 0.2505250573158264 0 3.577959179878235 0 0 0 0 0 0 0 0 0 3.575590215623379 1.262804388999939 0 0 0 1.978539645671844 2.15316104888916 0.8253991305828094 0 0.3466785848140717 1.392479032278061 0 0 0 0 0 0 0 0 0 0 0.1150003522634506 0.6712064519524574 0.8816704526543617 37.33249741047621 5.343649037182331 56.36770746856928 14.53859873116016 810.5403233170509 56.36936368793249 1.328230142593384 4.774075128138065 0.5479493737220764 0 0.3792887926101685 0.4378323778510094 0 0 0.1361423879861832 0 0 0
5157.435951121151 0 655.2347651571035 1050.216427855194 4945.012233480811 662.0279651507735 745.0826664045453 898.4850107803941 1138.113425962627 849.0200276523829 1809.324433736503 239.1288271918893 943.5390815511346 516.8047994598746 17.93086471408606 2.498263955116272 0.6584607884287834 0.3964468538761139 0 1.041668884456158 0.6662796139717102 0 0.207729734480381 0 0.3032992780208588 0.3652951046824455 0.2764287665486336 0.5648925006389618 0.1345064491033554 0 1366.920112334192 91.74526262283325 29.47155351191759 0.2206927984952927 0.2748081237077713 1.818475298583508 6.971981108188629 1.298610188066959 0.2571572959423065 0.745418481528759 1.347716465592384 0.8892746493220329 0.6107056811451912 1.177572257816792 0.8762380555272102 1.180362537503242 112.0894489139318 4.398597992956638 0.5033818259835243 1.144168384373188 0.4415098652243614 0.2842389941215515 0 0.8713754191994667 12.14464861899614 13.87259087711573 193.5417505577207 784.2115987315774 20.83426685631275 31.63982942700386 0.2830599397420883 1.199348390102386 0.8463249281048775 227.3381595760584 10.83555660396814 4.435232698917389 1.87906089425087 2.744306236505508 1.02092132717371 0.8624691590666771 30.87929931282997 4.271385490894318 0 147.992303557694 212.9699933230877 91.90201729536057 203.1340937316418 14.37100297212601 22.56593316048384 90.5186790600419 1.166219256818295 17.56533183157444 17.9886164739728 0.9106078743934631 6.349109381437302 7.885137967765331 5.254393145442009 0.1522827297449112 1.535763822495937 0.1530977189540863 0.4548561349511147 0.2015093788504601 1.058495707809925 0.27907445281744 0.9279938563704491 233.789467908442 0.2688487470149994 0 1.652892425656319 1189.252267874777 1.729030638933182 1.527358636260033 2.682811573147774 1.061306595802307 2.159592233598232 24.58627610653639 1.109483674168587 9.280729986727238 11.86430460959673 22.80796480923891 9.474202141165733 42.74770662933588 12.48151385039091 25.4964779317379 21.48769465088844 0 0 0 0 0 0.1043672561645508 0 0 0 0 0.1215173304080963 0 0.2553791105747223 0 0 0 0 0 0.2713144272565842 2.701872073113918 0.5654428005218506 0 0 0 6.61853201687336 2.962074480950832 10.15872619301081 2.290095485746861 0.3888017386198044 0 0 0 0 0.1200665608048439 0.2451351135969162 0 0.5431928038597107 0.8348645269870758 0 0.1839644908905029 0 0.1803805232048035 0.2878564447164536 0.1637138873338699 0 0 0.08669213205575943 0.5938707888126373 0 0.4555137753486633 0 12.30452600121498 0 0 0 0.1820430755615234 0 0 0 0 0 28.11897332966328 0.9614070355892181 0.1434309631586075 0 0 12.23475216329098 3.277474135160446 1.164509676396847 1.198039248585701 1.132449001073837 1.419559553265572 0.7043166160583496 1.417242050170898 0 0 0 0 0 0 0 0 16.49424859881401 2.852772936224937 1.912571839988232 116.4834155291319 18.02765933424234 299.1962181702256 65.94319720566273 1359.277829453349 144.0767086967826 4.711147651076317 51.6414730399847 2.319504864513874 0.4233020693063736 2.229981437325478 2.549844436347485 3.709957957267761 0.3132517337799072 0 0.1178911849856377 0.471522755920887 0
1172.871058873832 655.2347651571035 0 91.74405556172132 304.6841617524624 83.09245437383652 76.26261752843857 3897.157641157508 186.9351691678166 10.18427672982216 2764.549007691443 2.165682926774025 11.87798431515694 452.5133422836661 12.56117212027311 5.391123160719872 4.714632347226143 3.082081586122513 0.4799300655722618 23.536272354424 14.90644329786301 0 3.108731865882874 0.950930155813694 1.908732734620571 1.407177597284317 0.3831387385725975 0.8270861953496933 0 0 3756.504337005317 539.223934262991 26.29877106100321 16.03426743298769 5.257699683308601 6.924242161214352 3.632872521877289 0.579681359231472 0 1.082420602440834 9.790251702070236 3.873989820480347 7.331646412611008 3.57313784211874 9.779037207365036 21.71710932254791 55.01711980253458 2.477889530360699 4.460226260125637 14.16905856132507 1.534524165093899 0.1074300035834312 0 0.5802563801407814 3.282496772706509 2.805209644138813 80.55309873819351 605.4325451180339 5.019200414419174 5.791308142244816 17.06371542811394 4.340918734669685 14.37427002936602 513.11771825701 1.980046413838863 0.6269236579537392 0.4957369193434715 1.799811266362667 8.805120341479778 8.373016960918903 5.83871328830719 2.720652937889099 0 45.5744212642312 66.98598927259445 23.07827620953321 62.45535752922297 15.28465267270803 518.1620581969619 320.1050490513444 33.00309072434902 342.1689507961273 4.682509951293468 0.2998445928096771 1.751548603177071 2.271517544984818 8.820263482630253 0 0.5910476893186569 0.3319401890039444 1.293934412300587 1.308343835175037 5.307815730571747 1.810500212013721 2.375925116240978 8.455845132470131 1.896554812788963 0 0.239684633910656 652.6946825236082 0 0.3113555014133453 0.2388158738613129 0.2049464359879494 1.157155618071556 3.452594615519047 0 0.9912956655025482 0.1527890861034393 0.9927548915147781 0 4.498685546219349 1.92877259850502 1.803690753877163 2.711925059556961 0 0 0.2989928722381592 0.4898512661457062 0 0 0 0 0 0 0 0 0.08496543765068054 0 0.0950009897351265 0.1003112494945526 0 0 0 0.6494020819664001 0.1328311711549759 0 0 0 1.997438155114651 0.8364367187023163 2.022782929241657 1.637424029409885 0.6572377383708954 0 0.172276109457016 0 0 0.3826836347579956 0 0 0.2355666160583496 0.5209540128707886 0 0 0.1304993033409119 0.5081168711185455 0.4183270484209061 0 0 0 0 0.3195438385009766 0 0.1173085793852806 0 1.384811870753765 0 0 0 0 0 0 0 0.1255742609500885 0.270272821187973 7.802566148340702 0.1059463620185852 0 0 0 1.545606419444084 0.3936378061771393 0.7495225593447685 0.2240184992551804 0.4372041970491409 0.4151638746261597 0 0 0 0 0 0 0.09052478522062302 0 0 0.1212279498577118 2.302398577332497 0.7775818109512329 0.3524671345949173 65.97217819839716 10.02607899904251 135.4240243881941 37.16913779079914 140.7478469237685 44.59416759759188 1.806188277900219 41.38632935285568 2.114372842013836 0.1439207047224045 1.159467943012714 0.6684977859258652 0 0 0 0 2.87776330858469 0.3775710761547089
522.2458891347051 1050.216427855194 91.74405556172132 0 285.812139801681 265.775062687695 1102.513740867376 4.312855407595634 60.28382003307343 1152.832489565015 7.731859140098095 1126.257724173367 1885.572364464402 132.2583789154887 1.075434885919094 0.1039775386452675 0 0 0 0 0 0 0 0 0.3080402612686157 0 0.1595416814088821 0 0 0 28.58554403483868 1.474269315600395 8.099081322550774 0 0.0742453932762146 0.2728728577494621 5.056470707058907 0.1745175123214722 0.1348640024662018 0.3317574337124825 0 0 0 0.1087929904460907 0 0 6.990797005593777 0 0 0.1050171628594398 0 0 0 0.1771640479564667 0.5239146277308464 0.3731626346707344 13.92599965631962 33.09630560874939 1.289830021560192 0.5921715646982193 0.08416213840246201 0 0.1711954921483994 6.607980795204639 0.3655572757124901 0.324816957116127 0 0.2485592514276505 0.1015390455722809 0 17.61729151010513 0.334176629781723 0 7.036454863846302 10.35894653946161 3.712972015142441 7.487965911626816 0.2055458575487137 0 1.837872587144375 0 0.9784680232405663 0.6085354536771774 0 0.3557196855545044 0.5238745957612991 0 0 0 0 0 0 0 0 0 167.2118157148361 0.9968659579753876 0 0 53.18704900890589 0 0.8851825594902039 0.3503170609474182 0 0.2223310768604279 3.731494203209877 0 0.7057719528675079 6.980516344308853 3.819100819528103 0.5276019796729088 7.379304364323616 2.208637654781342 2.906354531645775 1.660783983767033 0 0 0 0 0 0 0 0 0 0 0 0 0 0 0 0 0 0 0 0.1949412524700165 0 0 0 0 0.8364395350217819 0 0 0.3446900248527527 0 0 0 0 0 0 0 0 0 0 0 0 0 0.1598187834024429 0 0 0 0 0 0.3646827042102814 0 0 0 1.611091561615467 0 0 0 0 0 0 0 0 0 2.16815710067749 0 0 0 0 0.9932121112942696 0 0 0.251189112663269 0.2072635740041733 0 0.2527470290660858 0 0 0 0 0 0 0 0 0 2.458726570010185 0.6703124791383743 0.4117612242698669 6.191284909844398 1.183729477226734 14.21143843978643 3.060829021036625 393.1301380693913 7.059637881815434 0 2.452494353055954 0.1449723392724991 0 0 0 0 0 0 0 0.4283580854535103 0
439.4349923729897 4945.012233480811 304.6841617524624 285.812139801681 0 48.52021305263042 479.4765177816153 595.1585193872452 6551.548403531313 122.1870404034853 2834.082135379314 19.48512969911098 118.9312258735299 571.2141128629446 14.11160069704056 1.679848395287991 0 0.1031499356031418 0 0.1107786446809769 0.5238513201475143 0 0.09493104368448257 0 0.4757928550243378 0.4968544617295265 0.200930118560791 0.5159202292561531 0.4677911996841431 0 260.511202134192 54.30344367772341 29.26509577035904 0.08331510424613953 0.1418139487504959 0.4346946701407433 19.39019304513931 0.1789606511592865 0.1149433255195618 0.1588835269212723 0.7513296529650688 0.8551045358181 0.34966941177845 0.8081987127661705 0.2729001194238663 0.1599738001823425 88.81413355469704 1.988786637783051 0.1145916283130646 0.2198596596717834 0.1879091709852219 0 0 0.09730864316225052 6.486741721630096 5.883664332330227 56.7636671885848 132.0321735963225 10.98358701914549 16.32471287995577 0.4729655757546425 1.145021975040436 0.8107504770159721 104.5997187122703 5.401599012315273 3.469675287604332 0.6597009152173996 1.529972545802593 0.6370412707328796 0.1236159726977348 40.40924371778965 10.78868053853512 0 56.33033780008554 79.09704990684986 57.04910232126713 142.7409906610847 9.801606498658657 6.230453424155712 51.4875034019351 0.3386514633893967 10.51619807630777 10.3643829151988 1.007333718240261 3.749229654669762 4.909857489168644 2.867320068180561 0 0.9240851998329163 0 0.2310992553830147 0.3164262622594833 0.5292125344276428 0 0 225.2335838600993 2.212675020098686 0 1.727422937750816 65.57896568626165 1.470545724034309 4.613458588719368 5.262625902891159 7.702116370201111 10.02100440859795 68.60559393465519 2.894651651382446 28.02852374315262 27.34650744497776 60.63083525747061 14.1746826544404 115.0164223089814 47.75919251143932 59.63445964455605 58.03029011189938 0 0 0 0 0 0 0 0 0 0.2135792970657349 0 0 0.2594348192214966 0.1333736181259155 0.6414932310581207 0 0 0 0 5.896104104816914 1.672626368701458 0 0.4768065214157104 0.3178748786449432 12.8710805773735 4.352683067321777 15.58598253130913 4.072669990360737 0.8195008337497711 0 0 0 0 0.3725917488336563 0 0 1.258472599089146 1.497534088790417 0 0 0 0.1644865721464157 0 0.1629252880811691 0.2438172399997711 0.4203571602702141 0 2.450852312147617 0 0.3394491076469421 0 25.7729754075408 0.4761185795068741 0.4176437854766846 0.221711054444313 0.1968369036912918 0 0 0 0 0 69.85696110129356 0 0 0 0 29.48412668704987 2.622513681650162 3.35389519482851 1.252206906676292 2.98620916903019 1.804610431194305 2.963694885373116 4.133744858205318 0.3232878297567368 0.1351441144943237 0 0 0 0 0 0 42.67994444817305 7.865996122360229 4.400234192609787 139.112612709403 14.88653729856014 270.8085842058063 73.21747387945652 204.322826191783 122.7337272912264 4.017769306898117 74.51094859093428 4.9017518684268 0.3886536508798599 3.39007543772459 2.50258170068264 5.808225519955158 0.4038900434970856 0 0.3993525952100754 1.916591048240662 0
222.7749013453722 662.0279651507735 83.09245437383652 265.775062687695 48.52021305263042 0 286.36554941535 7.387532666325569 55.16827166825533 393.8105443939567 7.172597959637642 94.12765514105558 174.1844889894128 66.96648080646992 0.1538578420877457 0 0 0 0 0 0.1431735754013062 0.7928155660629272 0 0 0 0 0 0 0 0 27.97740971297026 0.6137335151433945 9.78386127948761 0 0 0 8.54127824306488 0 0 0 0 0 0 0 0 0 2.765170216560364 0 0 0 0 2.906548574566841 2.585694938898087 0 0.1700586378574371 0.6213742345571518 164.3962774723768 52.61732150614262 0.2994702532887459 1.637638971209526 0 0.31551194190979 0 0.7090511173009872 0 0 0 0.08394892513751984 0 0 83.24793022871017 26.68869042396545 2.675645336508751 3.680535033345222 4.303112246096134 0.6927294880151749 1.689767226576805 1.102956540882587 0.1008548140525818 4.781360596418381 0 0.6619933396577835 0.9044545665383339 0.2160333245992661 0.15134397149086 0 0 0.2103541046380997 0 2.279418855905533 0 0.2165510505437851 0 0 0 275.8325264155865 75.56003025174141 7.097525596618652 0.7373581230640411 314.1913852021098 0 0 0 0.1395625472068787 0 0 0 0 0 0.1168259829282761 0.1185527518391609 0.2429220527410507 0 0 0 0 0 0 0 0 0 0 0 0 0 0 0 0 0 0 0 0 0 0 0 0 0 0 0 0.2535604536533356 0.1202474385499954 0 0 0 0 0 0 0 0 0 0 0 0 0 0 0 0 0 0 0 0 0 0 0 0 0 0.4459097683429718 0 0 0 0 0 0 0 0 0 0.844307579100132 0 0 0 0 0 0 0 0 0 0 0 0 0 0 0 0 0 0 0 0 0.1412863284349442 0 0 0.8860255107283592 0.9000908732414246 1.191000528633595 0.433903656899929 82.36417013406754 3.052868776023388 0.2108089327812195 0.3668231964111328 0.2946923673152924 0 0 0 0 0 0 0 0 0
620.3449398502707 745.0826664045453 76.26261752843857 1102.513740867376 479.4765177816153 286.36554941535 0 34.42531401664019 1259.631543315947 3166.265388831496 14.64522773772478 463.3021287173033 6615.306719109416 842.8195718750358 18.20694074779749 2.019758082926273 0.4786975383758545 0.1238950788974762 0 0.2248286157846451 0.4470609575510025 0 0.1080712974071503 0 0.5975602343678474 0.1064020991325378 0 0.2265916094183922 0.3227605521678925 0 169.5495096743107 43.33883563429117 48.3642812371254 0.1106315702199936 0.3820573017001152 0.931298241019249 15.312724635005 0 0.6766343116760254 0.2850992679595947 0.5362582802772522 0.5627886280417442 0 1.302382044494152 0.08137517422437668 0.400954931974411 91.45032132416964 2.754164315760136 0.4796167984604836 0.4229259192943573 0.4258505329489708 0.1038294807076454 0 0.133648544549942 8.44284475594759 9.686572723090649 89.46068043261766 239.3554490655661 15.36683183163404 23.82748711854219 0.3592073544859886 2.67538782954216 0.8124973997473717 134.9298867508769 8.470664642751217 3.555999301373959 1.145018324255943 1.947490952908993 1.159419111907482 0.4100174829363823 56.77228221297264 16.18780107796192 0.3797286152839661 86.9756121635437 121.4651700854301 71.76546025276184 145.3070289939642 8.794003963470459 2.153676338493824 23.31090045720339 0.670812577009201 14.99019116163254 12.00001322478056 1.283244788646698 6.150479324162006 6.091123841702938 3.334108844399452 0.08066118508577347 0.7646165564656258 0 0.4066093116998672 0.2225528880953789 0.4133275523781776 0.2229358106851578 0.5408541187644005 629.9879921376705 5.342998817563057 0 1.325612880289555 126.8386613130569 1.273213714361191 2.887786790728569 11.39259743690491 9.231542281806469 9.539785385131836 99.66449571400881 3.899304017424583 33.9444742873311 45.96863369643688 99.97588855028152 24.48503754287958 197.0109084174037 66.82314061373472 76.16427610069513 91.13037621229887 0.1112224906682968 0.4354667738080025 0 0 0.1178898960351944 0 0 0 0 0.1623369753360748 0 0 1.109493002295494 0.1517824977636337 0.2432340681552887 0.4316818714141846 0 0 0 5.637213297188282 3.634412631392479 0 0 0 16.5461235716939 6.397712737321854 18.66380627453327 6.533466808497906 1.137919016182423 0.161986455321312 0 0 0.2191684395074844 0.5774064660072327 0.4027650952339172 0 2.51501452922821 2.040359184145927 0 0 0 1.131417959928513 0 0.09846146404743195 0.5550506860017776 0 0.1923680007457733 1.491624318063259 0 0 0 37.97029060870409 0 0 0.1666749715805054 0 0.1905253380537033 0.1007513850927353 0 0 0 92.76428946107626 0.3990480601787567 0 0 0.176872193813324 52.890481159091 4.186289556324482 5.865108251571655 2.308318801224232 3.541535794734955 3.688935562968254 2.220579490065575 2.93860574811697 0 0 0 0.1001001000404358 0 0 0 0 64.67849630862474 10.30999662727118 4.657300345599651 123.8814926072955 19.0258659645915 266.410211853683 72.99276534467936 613.7786205410957 147.5271077305079 3.668037466704845 65.15829317271709 3.997304379940033 0.9187042415142059 4.14455185085535 1.368458978831768 5.405893892049789 1.209018610417843 0 0.3008764982223511 4.280747756361961 0.2007954269647598
294.7038772031665 898.4850107803941 3897.157641157508 4.312855407595634 595.1585193872452 7.387532666325569 34.42531401664019 0 153.9645293205976 0.4683975279331207 1645.933095060289 0 16.00762803852558 478.6362237036228 36.25103776156902 11.37269978225231 11.82374327629805 13.17571324855089 1.375342316925526 79.95385814458132 58.90865668654442 0 11.7673072963953 2.538190193474293 3.388927079737186 1.431249089539051 0.450511172413826 5.48645444214344 0.4614913165569305 0 841.3679421916604 1319.679150596261 21.07584985345602 43.47062353789806 14.69773915410042 10.51103600859642 4.059494338929653 1.425472646951675 0.8253960683941841 0.3849932253360748 31.88879705220461 7.808584094047546 27.71455229818821 8.245278909802437 32.17931064963341 75.80173325538635 178.2368320599198 4.58869681507349 8.13418385386467 42.06446996331215 2.343178145587444 0.4583828449249268 0.1020085960626602 4.665404297411442 7.553503535687923 7.566039688885212 67.15256833285093 224.149599313736 12.09728920459747 17.98780244588852 76.04739883542061 5.887097619473934 35.88096994161606 173.5999527871609 6.182757496833801 2.055665597319603 1.285297840833664 7.792805828154087 29.82792860269547 25.54714001715183 6.337668493390083 1.545064866542816 0.2731325924396515 59.99216172844172 93.94525790959597 73.46860069781542 272.1272787377238 47.39139320701361 1464.164627753198 691.828348018229 143.6140682548285 1715.54225641489 11.1723143234849 0.6951033696532249 4.953775897622108 4.625834390521049 38.73792954534292 0 1.181934274733067 0.2596918046474457 2.386432819068432 3.748019181191921 22.92822679877281 4.20431624352932 4.878930799663067 7.537665486335754 0.6240692138671875 0 0.3620102405548096 120.9858073219657 0 0 0 0.2477182745933533 0.2757285833358765 1.649338215589523 0 1.455693125724792 0.3111220300197601 1.568126365542412 0.6028052568435669 3.164788521826267 1.511932119727135 2.503431089222431 2.743536524474621 0.6258968934416771 0 0 0.3329591304063797 0 0.2008696794509888 0 0 0 0 0 0 0.3750018030405045 0.3608616143465042 0.6926951929926872 0.2159063220024109 0.2054750397801399 0.305369958281517 0.171812042593956 0 0.4340639412403107 0 0 0 1.565080732107162 0.5759570822119713 1.645012006163597 2.374764025211334 0.7669414803385735 0 0.8456756547093391 0.2324637621641159 0 0.1415307223796844 0.6254124194383621 0 0.1570084393024445 0.2528705894947052 0 0 0 0.2073270156979561 1.021849572658539 0 0 0.08395346254110336 0.356215201318264 0.1971717476844788 0 0.4861814677715302 0 1.555468961596489 0 0 0 0 0.09975080192089081 0 0 0 0.8249116688966751 3.394726820290089 1.378375105559826 0 0 0.8091169968247414 2.591886691749096 0.2493684068322182 1.54230772703886 0.3344122245907784 0.3894088566303253 0.1792350560426712 0.1193728223443031 0 0 0 0 0 0.2335863336920738 0.1407825201749802 0 0.1743389517068863 1.34085388481617 0.6787208691239357 0.6416375786066055 207.7053024843335 25.78416194021702 503.327430434525 111.464841671288 122.4670804068446 147.906621158123 3.907213732600212 129.8106417134404 5.037755489349365 0.6732707768678665 1.213567316532135 0.9807225689291954 1.689394004642963 0 0 0.1887362152338028 4.71653188765049 0.6895361617207527
42.45256827026606 1138.113425962627 186.9351691678166 60.28382003307343 6551.548403531313 55.16827166825533 1259.631543315947 153.9645293205976 0 250.991544097662 2298.330133855343 112.6353795081377 905.9634708091617 1158.822778254747 25.84748502075672 8.146933794021606 1.167471408843994 0.3308144435286522 0.08566763252019882 2.259441122412682 5.465617246925831 0 0.3600107952952385 0.3945008888840675 1.960994713008404 0.3292517736554146 0.8443674594163895 0.6200459897518158 0.2510186806321144 0 76.01683457195759 29.58220094442368 101.0558690354228 1.537771463394165 1.761743992567062 4.149007722735405 46.47944962978363 0.7718479558825493 0.4109817445278168 1.429067902266979 4.400190137326717 3.43599347025156 1.743502669036388 0.8599328696727753 1.553096041083336 2.730440370738506 137.3188563510776 1.613197408616543 1.38373164087534 1.055996596813202 0.7328123450279236 0.08182721585035324 0.353784054517746 0.9270185306668282 5.891462944447994 5.954008892178535 44.30896891653538 62.00130458176136 9.732046909630299 14.14629699289799 0.8169925957918167 3.957342803478241 3.831224270164967 61.92087758332491 5.535442814230919 1.401321791112423 0.5516565889120102 1.853682585060596 1.282602570950985 2.394326321780682 92.97889676690102 14.73035734146833 0 40.83812946081161 44.22048476338387 48.75519258528948 113.4101298525929 13.06806664913893 13.11133090406656 130.5836594626307 0.6015502214431763 89.03322688490152 7.953921481966972 0.5669366791844368 3.254602558910847 3.886830307543278 3.234901003539562 0.1059968695044518 0.4821052327752113 0 0.3526028022170067 0.47796431183815 2.803659357130527 0.6271921470761299 1.679411515593529 765.2931422814727 6.423587046563625 0.5584919601678848 1.298475779592991 21.13774136453867 4.332527436316013 1.922322615981102 18.48976726084948 13.67493840306997 16.03527556359768 177.0479116216302 7.242985583841801 60.68032076954842 61.32777154445648 127.5223868116736 33.41708109527826 310.297077678144 93.2299417629838 151.9784017801285 132.2730748578906 0.3093190863728523 0 0 0 0 0 0 0 0 0 0 0 0.5052423030138016 0 0.1808274537324905 0.3084898889064789 0.5426924824714661 0.1197425648570061 0 10.59760931134224 4.843508638441563 0.1219034790992737 0.2106754034757614 0 29.39211839437485 6.139839634299278 40.07611190527678 11.65787725150585 1.825638331472874 0 0 0 0 0.5484058856964111 0.253352552652359 0 3.94369313120842 2.734967604279518 0.2692867517471313 0.7535944953560829 0 1.225806251168251 0.1487720161676407 0.6746716499328613 0.7984964475035667 0.2756239324808121 2.01836846023798 4.643845207989216 0.3334394991397858 0.9505317062139511 1.046927817165852 58.6389624029398 0.4621554464101791 0.5711452811956406 0.2329380363225937 0.1070348098874092 0 0 0 0 0 151.0544664636254 1.372568771243095 0 0.1265618950128555 0 64.82841039448977 5.044474549591541 11.40341532230377 8.502990774810314 8.88848751783371 5.759312629699707 7.842317402362823 5.295396700501442 0.2769468277692795 0.09928998351097107 0 0 0 0.2944855690002441 0 0 94.82508958876133 14.87695100158453 8.507275320589542 284.4683044180274 18.62779370695353 472.622062779963 140.6169604957104 196.334440946579 200.0613910406828 4.952104710042477 199.2766815945506 9.378060564398766 0.9447164461016655 7.473235890269279 2.595848612487316 11.69473610073328 0 0.2002512067556381 1.343243606388569 6.186206765472889 0.6619651317596436
291.2379037514329 849.0200276523829 10.18427672982216 1152.832489565015 122.1870404034853 393.8105443939567 3166.265388831496 0.4683975279331207 250.991544097662 0 26.47949483245611 1314.75318402797 3548.287985891104 591.9308872669935 2.215400345623493 1.106249004602432 0.4947119727730751 0 0 0 0.157577708363533 0 0 0 2.189397074282169 0.1269873976707458 0.4003900587558746 0.5511085242033005 0 0.1970615983009338 4.794600553810596 0.6411603391170502 44.65249420702457 0.3770697563886642 0.2582850083708763 0.7422058284282684 32.24916569888592 0.6340573132038116 0.3679462522268295 0.1886059790849686 1.298420369625092 2.006084494292736 0 0.2777516916394234 0 0.3057710081338882 5.965866521000862 0 0 0 0.1963946521282196 0.4867616891860962 0 1.014422670006752 0 0.1100619584321976 9.115254648029804 11.53388728946447 0.3188156485557556 0.8366155400872231 0.1142731159925461 1.688260450959206 0.370081901550293 2.626130543649197 0.07108166068792343 0 0 0 0 0.249364472925663 131.5163698941469 2.95243801176548 0 3.101866215467453 3.161343045532703 2.004749245941639 3.546530738472939 0.78365608304739 0.5302938371896744 10.65786143392324 0 0.9670559540390968 0.3101757690310478 0.0850193053483963 0.1781473681330681 0.2525961026549339 0.1062649637460709 0.5585087239742279 0.1104863435029984 0.1991531252861023 0 0 1.715539500117302 0.359042763710022 0.2666821554303169 730.4092517644167 7.917581833899021 0.1890451461076736 0.3192344307899475 77.77252748608589 1.073450699448586 0.7773533910512924 4.464743554592133 5.628746323287487 3.114268526434898 57.40631499141455 4.0383625254035 17.38152660429478 18.54328452050686 67.34424092620611 8.593864150345325 97.07423764467239 30.48299217224121 45.64752336591482 19.1984291151166 0 0 0 0 0 0 0 0 0 0 0 0 0 0 0.2949891090393066 0 0 0 0.1403526663780212 1.949506632983685 0.6991079524159431 0 0 0 5.224949665367603 0.3410642445087433 2.338089026510715 1.533789664506912 0.1599184423685074 0 0 0 0 0 0 0 0.1242054551839828 0 0 0 0 0 0 0 0 0 0 0.8409617394208908 0 0 0 6.132526725530624 0 0 0.2831844910979271 0 0 0 0 0 0 23.21065679937601 0.3690268248319626 0 0 0.1050219610333443 11.28786995261908 0 0.9246369525790215 0.1849897354841232 0.6392389684915543 1.497042961418629 0 1.651905849575996 0 0 0 0 0 0 0 0 25.6645952090621 2.411759331822395 0.5374894663691521 14.82981119304895 1.247142374515533 19.10472523421049 5.323892891407013 420.3924757316709 6.334828846156597 0 8.307112328708172 0.1489611268043518 0.1232058256864548 0.7645679116249084 0.1356596499681473 6.686317533254623 0 0 0.3842824995517731 0.1961027830839157 0
141.4199754223228 1809.324433736503 2764.549007691443 7.731859140098095 2834.082135379314 7.172597959637642 14.64522773772478 1645.933095060289 2298.330133855343 26.47949483245611 0 38.62030360102654 199.2599149346352 2553.818826928735 58.59884925186634 25.26984530687332 3.523129545152187 0.8712585493922234 0 14.95974097400904 28.55655116587877 0.2050286829471588 4.267277806997299 1.100498385727406 8.075380071997643 2.183817848563194 3.203879185020924 2.736761577427387 0.83917635679245 0.5997109785676003 314.1389475539327 391.1422125697136 208.98057551682 10.89005010575056 7.651907719671726 25.85604885220528 23.79880318790674 3.724552176892757 2.453372113406658 3.316794261336327 19.72737117111683 12.92882856726646 4.913104921579361 2.497317835688591 4.363762319087982 15.66747564822435 203.236128307879 3.599491290748119 2.151560120284557 5.364753313362598 1.679204918444157 0.1129156798124313 0.436130590736866 3.733004972338676 3.832023188471794 9.106508448719978 42.63166278600693 106.0585338622332 11.13525987416506 13.53025139868259 7.669408619403839 15.9809669777751 25.85942907631397 92.3731584250927 5.647561863064766 1.883586749434471 0.9529859647154808 3.169197276234627 7.636167280375957 11.70408152788877 28.8955384939909 7.10028649866581 0 48.42071430385113 56.88196056336164 74.48502572625875 193.7801686897874 37.8077207505703 532.164395943284 1210.823225960135 1.357827618718147 716.2905135452747 9.5023228302598 0.8306391984224319 3.108614861965179 4.148188054561615 9.094232901930809 0.08100782334804535 0.9880168363451958 0 0.952104240655899 2.147642500698566 10.88561509549618 3.383326984941959 3.201940923929214 141.2513558492064 0.2946830540895462 0 0.2153338566422462 50.96181939542294 1.43134755641222 0.5495732426643372 1.430173471570015 1.518054157495499 0.9643134623765945 19.3764613494277 0.4032513797283173 1.724881693720818 5.116386272013187 17.31994536519051 3.439735017716885 32.50213757902384 16.57069061696529 18.08864004909992 20.17536054551601 0 0.3308913931250572 0.1421502679586411 0.1322712749242783 0 0 0 0 0 0 0.1923305541276932 0.121184416115284 0.9133312255144119 0.1298530399799347 0.9382737129926682 0.1294810324907303 0.7309282943606377 0.1094914972782135 0.7609443962574005 0.5151813104748726 0.4294247776269913 0.3063026964664459 0.2493360936641693 0 5.352343209087849 3.060252919793129 6.73894102871418 4.952208176255226 1.557910330593586 0.4215933680534363 0.4577228426933289 0.09073002636432648 0 0 0.464370995759964 0 0.3208822906017303 0.4883076772093773 0.09974566847085953 0.1697708070278168 0.6063176393508911 0.6022201254963875 0.708101361989975 0 0.1251205503940582 0 0.09176293015480042 1.00632169097662 0 0.3205495402216911 0.4535707980394363 10.27485409379005 0.09833163022994995 0.3447093442082405 0.198427215218544 0 0 0 0 0 0.2478307783603668 23.1015647277236 3.233393885195255 0 0 0.4219823554158211 8.020400494337082 2.843761563301086 1.807762362062931 0.08322235196828842 1.591107785701752 1.466198042035103 0.6156929731369019 0.7594470828771591 0 0 0 0 0.08986599743366241 0.1144190356135368 0 0 13.53644129633904 3.234713837504387 2.592234224081039 298.627471126616 23.76134088635445 556.6613264456391 140.6876960396767 128.9441094473004 186.9855399429798 4.911814980208874 190.1678847894073 4.581673793494701 0.4443018957972527 2.21265497803688 1.106110900640488 1.635452374815941 0.1919582858681679 0 0.2392643615603447 11.55802803486586 0.664571076631546
77.73354529589415 239.1288271918893 2.165682926774025 1126.257724173367 19.48512969911098 94.12765514105558 463.3021287173033 0 112.6353795081377 1314.75318402797 38.62030360102654 0 2793.96009594202 560.6694076582789 3.25752979516983 3.671684928238392 1.961186990141869 0 0 0.6202010437846184 1.399321332573891 0.3043269515037537 0 0 3.901576139032841 0.245484784245491 1.165839150547981 1.278447367250919 0 0 2.429400846362114 0.3968349099159241 95.23045099526644 0 0.8904367387294769 3.461512863636017 120.6513938605785 1.860356226563454 5.291771709918976 3.660295642912388 3.109520226716995 6.994954444468021 0.1681572943925858 0.3669783249497414 0 0 11.07946493476629 0.1196832582354546 0.3803609013557434 0.5022521987557411 0.4933871030807495 0 0.342538982629776 0.825990691781044 0 0.07938845455646515 1.345925867557526 2.788793034851551 0 0.5704926773905754 0 2.090746566653252 1.123324304819107 1.848734155297279 0.08662921190261841 0 0 0 0.8228476643562317 1.796130366623402 143.3566272109747 5.985455274581909 0.2658836245536804 1.582402907311916 1.211330272257328 2.265477977693081 2.626843310892582 1.4864821434021 0 16.6260682195425 0 5.846607908606529 0.3320198580622673 0 0 0.08032432943582535 0.8146987482905388 0 0 0 0 0 2.6203703135252 1.232735574245453 0.6816735938191414 1172.007717736065 13.1396356523037 0 4.560246586799622 3.703593745827675 0.625969260931015 0.9515564814209938 3.500334165990353 5.483718641102314 6.220383249223232 53.93726163357496 2.530017629265785 15.86585653573275 14.19563249498606 54.01178850233555 8.901899635791779 101.3904470577836 36.73682576417923 61.72998989373446 29.92071274667978 0 0.2172631397843361 0 0.3326996266841888 0 0 0.1016742140054703 0.3133145570755005 0 0 0 0 0.4593020305037498 0 0.5764031112194061 0 0 0 0 3.276547864079475 0.84605423361063 0 0 0 9.849276058375835 0.9219372719526291 5.365564301609993 2.454387925565243 0.4588989615440369 0.1753495782613754 0.4441340118646622 0 0 0 0 0 0.7513816654682159 0.6060531809926033 0 0 0 1.201009273529053 0.2918257117271423 0.20612533390522 0.3864510059356689 0 0.298033282160759 1.085110649466515 0 0 0.5945951044559479 12.73431223630905 0 0 0 0 0 0 0 0 0.3241881430149078 39.87412606924772 0.3858264684677124 0 0 0 18.06579251587391 0.3359989672899246 2.352297879755497 1.032801724970341 2.096357792615891 2.118811801075935 1.075903475284576 1.317218825221062 0 0 0 0 0 0 0 0.1282965093851089 35.20079132169485 3.133382730185986 1.235576614737511 28.96301840245724 2.752668812870979 23.77943656593561 5.621916890144348 60.1485535800457 4.436278007924557 0.8304859697818756 16.23494014143944 0.9206639379262924 0 2.73083433508873 0.7861411571502686 1.869074791669846 0 0 0.3248443901538849 0.5360862612724304 0
145.363066457212 943.5390815511346 11.87798431515694 1885.572364464402 118.9312258735299 174.1844889894128 6615.306719109416 16.00762803852558 905.9634708091617 3548.287985891104 199.2599149346352 2793.96009594202 0 1713.194222070277 24.66447312384844 22.4079120233655 5.324348010122776 0.1219970881938934 0 1.65823757648468 6.40003664791584 2.59077887237072 0.7701559141278267 0.4748609289526939 12.87992676347494 5.902057789266109 2.492501921951771 7.330026552081108 4.523660153150558 0.326913446187973 9.300461068749428 3.93723002076149 727.9036761447787 0.976858951151371 1.972003400325775 13.48736997693777 1319.64793022722 14.29272442311049 271.591632694006 37.52119337022305 13.88511221110821 13.57022520899773 0.4567319676280022 0.9583330675959587 0.3656297698616982 1.039209447801113 61.21032122522593 0.4777829796075821 0.786803126335144 1.827473573386669 0.2202628627419472 2.364466607570648 33.35639326274395 4.131780564785004 1.836833514273167 2.224494099617004 11.87486623227596 15.34584198892117 3.409892328083515 2.861267648637295 1.221162088215351 42.34928579628468 5.939558751881123 12.07279469817877 1.351828403770924 0.4828045144677162 0.1481364518404007 0.5017135739326477 0.938573494553566 3.029471680521965 612.6946682408452 213.1186867952347 1.012656927108765 11.2313446700573 10.43713203072548 18.94525815546513 29.12816119194031 8.230385296046734 7.383694462478161 93.46097430586815 0.2936863005161285 62.21077871322632 1.989163480699062 0.1301670968532562 0.8870621174573898 1.371348693966866 4.014204770326614 0 0 0 0.2611991465091705 0.9574586153030396 6.701190732419491 2.345603987574577 4.161958508193493 2043.281653471291 155.7019111290574 4.06222178041935 500.680307045579 18.0987214371562 1.049625277519226 2.027710497379303 10.92134042084217 9.192044675350189 10.26946119964123 107.6456786096096 5.987380035221577 37.1281626150012 35.49170307070017 98.15815250575542 22.44117928296328 189.6724746450782 71.81505772471428 99.63999753445387 103.4037112891674 1.003164798021317 0.4008335992693901 0 0.5443178862333298 0 0.4019977152347565 0.5303821340203285 0 0 0.1150319129228592 0.1699880808591843 0.108299508690834 2.436395883560181 0.3653718531131744 2.313273325562477 0.1334615349769592 1.109265275299549 0.5424246490001678 0.5483284145593643 7.152453415095806 2.015007510781288 0.8193463087081909 0.2824417427182198 0.1824394166469574 27.26338471472263 9.392287135124207 47.629220508039 25.44517623633146 5.418967448174953 0.1494959592819214 0.4520465135574341 0.436957836151123 0.4041258320212364 1.554076798260212 1.565512835979462 0 4.415814444422722 3.296394467353821 0.619475856423378 0.2624667286872864 0.4660409241914749 5.043635308742523 0.9896487444639206 0 2.202983766794205 0.2674633860588074 1.709984570741653 3.824737280607224 0 1.238124571740627 0.2670467048883438 45.32718444615602 0.2638321220874786 1.108073949813843 0.4970217347145081 0 0.1009538993239403 0 0.2316288948059082 0 0 157.6834302097559 11.15575102716684 0 0.3521760702133179 0 51.87088968604803 6.470947235822678 8.021923407912254 5.793105132877827 3.988069988787174 7.700586706399918 1.880131132900715 4.615962810814381 0.7864776328206062 0 0 0 0.1051912978291512 0 0.1991563886404037 0.08811949193477631 85.82708235085011 29.26005755364895 18.07528986036777 146.0289651975036 17.75373224914074 162.1503355652094 60.5988475382328 179.2109580114484 54.60938175022602 1.13709868490696 75.68830352276564 9.012962304055691 1.114790052175522 8.839993089437485 2.139282047748566 8.710004143416882 1.183166518807411 0 0.6775448992848396 3.962016046047211 0.281525045633316
