0 4413.908689215779 234.8919544667006 1569.139829009771 479.1273467093706 24.58664344251156 1565.928413711488 23.33937366306782 164.6030814796686 487.1121691763401 177.7604150548577 131.4897696822882 78.04693080484867 68.4366664364934 4.945878647267818 2.995001100003719 0 0.5385778769850731 0 0.5513272285461426 3.881600685417652 0.177752211689949 0.3318739682435989 0.0868193730711937 0.3863684386014938 0.3225776553153992 0.5252129286527634 0.3194790780544281 0 0.2384473085403442 402.8733288496733 2.077549137175083 7.228426910936832 0 0 0.448047935962677 3.030960470438004 0.3285497426986694 1.120622903108597 0.638944536447525 4.023321643471718 0.6060504913330078 0.710237629711628 1.128277137875557 0.2584764212369919 0.5751756951212883 38.50629523396492 2.591065019369125 0.4173735529184341 0.8981754332780838 0.4586565792560577 0.767960250377655 0.5737207531929016 0.3894225805997849 16.1543935239315 41.82209444046021 492.24037835747 1334.021068923175 109.3530820310116 20.20595616847277 0.129305899143219 2.200996600091457 0 4.581430748105049 17.56666469573975 4.518973357975483 1.03786002099514 0.6557200327515602 1.578017190098763 2.161718301475048 33.62775998562574 30.28789083659649 0.2945325374603271 424.4639149084687 71.16615740954876 110.7487346231937 4.988299436867237 1.885054334998131 3.723407655954361 23.83948332071304 1.810658164322376 2.649170383810997 21.99392159283161 0.4979225322604179 3.373219884932041 10.94830701500177 1.585841588675976 0.2023476809263229 0.5195329412817955 2.454623058438301 0.9341514259576797 0.3445657789707184 0.9123312905430794 0.7706885486841202 1.334835410118103 116.2899307459593 34.82879807054996 4.004670232534409 11.67896346747875 1122.029120489955 0 0 0 0 0 0 0 0 30.9020529538393 0 0 0.8808791637420654 1.112787425518036 1.414780080318451 0 0.2110466808080673 0.2999499142169952 0 0 0 0 0 0 0 0.5121209621429443 0 0 0 0 0 0 0 0.5564769506454468 0 0 0 0 0 0 1.772471383213997 0.4162790775299072 0 0 0.2097800523042679 0 0 0 0 0 0 0 0 0 0 0 0 0 0.1038736402988434 0 0 0 0.4513776004314423 0 0 0 0 0.8164851069450378 0 0 0 0 0 0 0 0 0 0.8333684802055359 0.9423984289169312 0 0 0 0 0 2.206263154745102 0 0 0 0 0 0 0.1029853969812393 0 0 0 0 0 0 0 0.3540604710578918 0.3013415187597275 75.0447840243578 21.65045972913504 152.5583665966988 48.35212088376284 1169.563304878771 28.98652631044388 3.287983879446983 8.990048259496689 6.467987060546875 0 0.101531133055687 0.598318338394165 1.037139773368835 0 0 0 2.492188513278961 0
4413.908689215779 0 542.6438000798225 377.3009352833033 5079.219505466521 103.8253957778215 3696.57301184535 175.295065164566 2022.821418188512 281.7025629803538 1526.333049997687 13.84360162913799 431.0698236525059 614.0721237957478 47.01993795484304 13.70277017354965 1.442394405603409 4.089420862495899 0.3877967372536659 1.086505502462387 15.0528457313776 0.4614368826150894 2.071530506014824 0.3582434952259064 2.848932735621929 1.104902625083923 4.045790873467922 1.455783650279045 0.8443712517619133 0.666482999920845 3655.791720576584 33.87993581593037 31.41383334249258 0.3723873794078827 2.485228657722473 4.510470926761627 12.1768439039588 1.081302508711815 0.588827982544899 1.899761870503426 24.71279575675726 3.238803163170815 2.523555845022202 3.148871727287769 1.0775206387043 0.4193257540464401 265.3958553522825 16.24780961871147 2.69840581715107 6.035773158073425 5.109389528632164 1.017057187855244 0.1132886931300163 2.851786114275455 49.01307174563408 136.9336759001017 245.3373900800943 2145.675904072821 195.1991477161646 98.13806445151567 1.063105337321758 3.809820652008057 0.625828355550766 45.75928921252489 68.6507553011179 18.4500068873167 7.754283733665943 4.733905628323555 9.373549662530422 19.79299502074718 10.00550708174706 3.169283449649811 0.2063460275530815 1019.432339929044 435.5135420039296 530.4067541062832 48.60895000398159 9.884814999997616 16.54599612951279 95.49667726457119 4.690203301608562 15.95709355175495 75.74846560508013 1.693028971552849 12.58073273301125 41.76405519992113 8.443950034677982 0.2912079989910126 3.025660961866379 1.095911607146263 2.742090478539467 1.846416518092155 6.153436258435249 3.27529414743185 2.222296744585037 69.75852931290865 1.714516527950764 0 0.6935700625181198 1574.303822249174 0.3411832004785538 0 0 0.4744063019752502 0 2.279263079166412 0 1.530713945627213 5.322347894310951 2.64929410815239 2.303600877523422 11.97701919078827 16.29792338609695 17.15615805983543 4.885876432061195 1.119931861758232 0.8930497318506241 0 0.15958471596241 0 0 0 0 0 0 0.459181621670723 0 0 0 0 0.7892853319644928 0.2711268365383148 0.6364677101373672 0 0 0.2583758234977722 0.2665776312351227 0 0 5.329832099378109 1.493503421545029 3.91731521487236 1.144901476800442 0.9320906549692154 0 0.2297751754522324 0.1166931167244911 0 0.2598156929016113 0.1806813627481461 0.1412653774023056 0.8846711218357086 1.831706829369068 0 0 0.1796917170286179 0.5605262815952301 0.8478384912014008 0 0.1385130286216736 0 0 0.1737770140171051 0 0 0 9.245195314288139 0.3185887932777405 0 0 0 0 0 0.1207862421870232 0 0.5651128962635994 15.100829385221 0.5273472368717194 0.4505461305379868 0 0.2061246186494827 5.495554119348526 1.871542781591415 5.33479443192482 1.271418280899525 0.6492775678634644 1.398680754005909 0 0.5202703028917313 0 0.1750916019082069 0 0 0 0.1074370369315147 0 0 6.947595626115799 2.420618295669556 2.394034959375858 388.6796851828694 76.10377635061741 644.874526232481 107.1416449993849 1022.537969261408 58.38671267032623 12.07529197633266 57.55719954520464 6.512561857700348 0 4.214773088693619 1.117794811725616 3.556163489818573 0 0 0.5562032759189606 4.250565998256207 0
234.8919544667006 542.6438000798225 0 4.465356752276421 723.0982355624437 0 87.65607793629169 1119.024906106293 1108.488150946796 1.713255323469639 3587.891235545278 2.010093316435814 26.72703892737627 451.4911912977695 32.09186740964651 19.13020391017199 1.5743058770895 36.55770605802536 1.218081414699554 27.6517598554492 145.8435574024916 0 6.733583599328995 0.7463282644748688 6.595967777073383 1.182403579354286 5.682307213544846 2.377742722630501 0.1449639797210693 0.3124653697013855 4143.868419788778 1220.854004442692 33.79974848031998 5.647799551486969 5.641314409673214 14.63734393566847 4.66529531031847 1.456751085817814 0.2985784411430359 3.154169596731663 127.3541265204549 7.624486245214939 38.76874676346779 2.187045581638813 16.18427396565676 8.00582779198885 58.38634832203388 9.690645068883896 13.4687505364418 63.46130255609751 9.696041531860828 0.2728255689144135 0 3.65926668047905 4.272620432078838 13.15547636896372 47.05057712644339 1014.292741149664 32.14933934062719 11.08706025779247 12.36371161043644 6.159603238105774 1.929941534996033 849.4721898958087 6.680990569293499 9.414019331336021 6.979912310838699 20.34480770677328 77.45048321038485 145.2438743487 1.582447096705437 0.169035792350769 0 162.2579555734992 250.5581384450197 82.77423153817654 47.33151938766241 21.68464830517769 646.8119027391076 1364.809425450861 280.0751986429095 776.695571757853 8.488344125449657 0.1927055567502975 8.922662787139416 8.837635539472103 61.18138787150383 0.2460868358612061 2.21125154197216 0.2448680996894836 1.234335444867611 1.040818728506565 20.51591258496046 2.090042963624001 2.232880719006062 0.8927838802337646 0.2094049155712128 0 0 251.2191763147712 0 0 0 0 0 0.2201310992240906 0 0 0.2722949683666229 0 0 0 0.1367617547512054 0.4920453429222107 1.038989782333374 0 0 0 0 0 0 0 0 0 0 1.010795325040817 0 0 0 0 0 0 0.5334069281816483 0 0 0.2256950736045837 0 0 0 1.015637502074242 0 1.117804706096649 0.6113719791173935 0.56803859770298 0.2853130400180817 0 0 0 0 0 0 0 0.7830077409744263 0 0 0.4745170772075653 0.2738200128078461 2.151835970580578 0 0 0 0 0 0 0 0 1.165212124586105 0 0 0 0 0 0 0 0 0.1563724875450134 1.219452664256096 0 0.1564383059740067 0.2764545232057571 0.8969793394207954 0.2320978045463562 0.3076860755681992 0.4343930780887604 0 0 0 0 0 0 0 0 0 0 0 0 0 0.1946284621953964 0.1730311512947083 0.4435466378927231 66.17978060990572 33.64700005203485 121.6773978099227 22.2189754024148 96.42493383586407 10.83400413393974 1.190515570342541 16.73571935296059 1.238008841872215 0 1.687248282134533 0 0 0 0 0 0.7134820520877838 0
1569.139829009771 377.3009352833033 4.465356752276421 0 72.40607219934464 221.8954721093178 1305.438556015491 0.7901303172111511 22.28561606258154 1403.236412227154 2.05402185022831 326.8281310647726 1012.31110227108 94.5406324788928 1.752304166555405 0 0.2110896557569504 0 0 0 0 0 0 0 0 0 0 0 0 0 3.603782624006271 0 1.209586128592491 0 0.116579957306385 0 0.2649386525154114 0 0.1012867093086243 0 0.1407605707645416 0 0 0.3069554716348648 0 0 11.99263097345829 0.9324126839637756 0 0 0.342413030564785 0.1889716535806656 0 0.3483898937702179 3.3264250010252 9.170224018394947 48.15159145742655 85.75124634802341 11.60419640690088 3.046221219003201 0 0 0 0.5660466700792313 3.567365355789661 0.8419790863990784 0.5004837438464165 0.2233801856637001 0 0.3625592738389969 2.027921363711357 2.68171913921833 0 62.40040253102779 10.22362990677357 28.27346614003181 2.122396782040596 0.6132014989852905 0 0.2603643909096718 0 0.1079236790537834 3.596734523773193 0 0.4374354034662247 2.906553976237774 0.7067743167281151 0 0 0 0 0.2424771040678024 0 0 0 78.96343955397606 0 0 0.1846426725387573 466.5880714058876 0.4681410789489746 0 0.4225274324417114 0 0 6.239625260233879 0 0.5049396455287933 14.32797247171402 0.8930583596229553 0.2767116725444794 4.503530323505402 5.711941465735435 8.104062423110008 1.149367541074753 0.1687776893377304 0.8448907881975174 0 0 0 0 0 0 0 0 0 0 0 0 0 0 0 0 0 0 0 0 0 0 1.228806734085083 0.5915156602859497 1.030033722519875 0.6066378951072693 0.2227329313755035 0 0 0 0 0 0 0 0 0.6401851773262024 0 0 0.1185759156942368 0 0 0 0 0 0 0 0 0 0 4.809236377477646 0 0 0 0 0 0 0 0 0 6.296112433075905 0 0 0 0 2.375704512000084 1.67574754357338 6.247295200824738 0 0 0.8142869025468826 0 0 0 0 0 0 0 0 0 0 4.492089211940765 0.7148898243904114 0.958450123667717 49.63680959492922 2.871718786656857 37.9840991050005 9.608309388160706 451.5810641944408 4.263533338904381 0.3794955164194107 4.650030381977558 0 0.08185560256242752 0.3680736422538757 0 1.900011777877808 0 0 0.9038054496049881 0 0.2844528257846832
479.1273467093706 5079.219505466521 723.0982355624437 72.40607219934464 0 14.16362777352333 3361.979528613389 62.19654533267021 11722.67006127536 138.4008820727468 2098.005466483533 21.42451843619347 360.9139431044459 1358.870916441083 59.17889665812254 8.487840905785561 0.6791569963097572 1.394904240965843 0.2573508024215698 1.549352794885635 4.306459039449692 0 0.235693521797657 0.2547892704606056 2.088119395077229 1.372645691037178 1.683089062571526 1.139472015202045 0.1374349296092987 0 510.3627053573728 50.89490181952715 28.95043366402388 0 0.5776593834161758 2.337355256080627 10.55822946876287 1.778546869754791 1.075767502188683 2.155818536877632 15.9483537748456 1.939076162874699 2.012074634432793 1.982549227774143 0.9639533907175064 0.4373647272586823 239.1567331328988 9.69988152384758 1.744565963745117 1.485622569918633 4.523626632988453 0.6992425248026848 0.473894327878952 2.076673693954945 16.24822962284088 52.77853266149759 44.50472416728735 380.1207632943988 63.31539013981819 69.48390909284353 1.011093601584435 2.720356784760952 0 45.64839536696672 30.24946809560061 10.27716337889433 2.956803068518639 1.877016358077526 5.715599536895752 9.292573228478432 12.00631039589643 5.62649504840374 0 368.2397647425532 265.843665279448 353.1917538046837 62.5870037227869 7.34386894851923 8.433723174035549 20.71510419994593 2.620974004268646 7.509395122528076 40.49459993094206 0.938485361635685 8.229507885873318 22.28581222146749 4.283217839896679 0.3324974328279495 2.010383240878582 0.09855041652917862 2.44633075594902 1.297935746610165 2.670902393758297 2.826767660677433 3.762886337935925 76.52012603729963 0.6910731643438339 0.1177185922861099 0.8206394910812378 127.8298959136009 0.4397790133953094 0 0.8566744923591614 0.8556516468524933 1.661088809370995 4.009863257408142 0 3.028201922774315 1.070568978786469 4.520029693841934 4.820928499102592 30.03923474252224 27.99069471657276 31.84437994658947 14.4802763313055 2.615533702075481 2.968345500528812 0 0 0 0 0 0 0 0 0.503129243850708 0 0 0.4275054037570953 0.1339408308267593 0 0.1244646459817886 0.1157397255301476 0.1054477319121361 1.098328486084938 0 0 0 0.1367258131504059 9.08147120475769 4.429466918110847 9.4312739148736 1.697898656129837 1.601017482578754 0 0 0 0 0.4270631074905396 0.1513850539922714 0.6716084182262421 2.735690832138062 5.222827069461346 0.1952630579471588 0 0.2797505035996437 0 0.5963640511035919 0 0.1853130757808685 0 0 0 0 0.9426545798778534 0 24.93345300853252 0 0.4914828091859818 0.35411037504673 0 0 0 0 0 0 35.67941285669804 0.5755866914987564 0 0 0.2299683764576912 13.61580242216587 4.814350038766861 17.00285831093788 1.611002862453461 1.387213699519634 3.026056900620461 0.1430024206638336 0.532294750213623 0 0 0 0 0 0 0 0.2447160631418228 15.11051240563393 4.165126025676727 4.347825579345226 326.8737950697541 48.58488246053457 482.104003302753 72.13378976285458 168.1915892884135 56.83164898306131 3.810922034084797 68.84769005328417 11.43515164405107 0.4546144902706146 13.02459684759378 1.414028704166412 8.164560884237289 1.704313203692436 0 2.933158695697784 5.895262986421585 0
24.58664344251156 103.8253957778215 0 221.8954721093178 14.16362777352333 0 156.3755006343126 0 4.603406615555286 207.7296544015408 1.2967229783535 98.06220293045044 98.22588916122913 14.37330473959446 0.43118616938591 0.6559400260448456 0.2673849165439606 0 0 0 0 0.3966603726148605 0 0 0 0 0 0 0 0.2856091558933258 0.4706246256828308 0 6.043917328119278 0 0 0.2342436760663986 10.85579834878445 0 5.690168365836143 0.4240398481488228 0 0 0 0 0 0 1.327627748250961 0 0 0 0.7856775671243668 14.757563367486 0.5516586899757385 0.2464138865470886 0 1.839727848768234 198.281471580267 19.7614790648222 2.281863644719124 0 0 0.4963710308074951 0 0 0 0 0.588886022567749 0 0 0.2519048452377319 170.0483303517103 154.5196426212788 10.21299034357071 1.929948180913925 0.9618450105190277 2.210718594491482 0.2371502965688705 0 0 0.441100999712944 0.1761272698640823 0 0 0 0 1.171494379639626 0 9.909019336104393 4.302021667361259 11.01792711019516 1.260867178440094 1.793746203184128 0.2171102911233902 0.2400949895381927 3.864558264613152 342.8214795440435 142.6715786755085 44.12111385166645 70.20521742105484 373.8973674327135 0 0 0 0 0 0 0 0 3.550164416432381 0 0 0.3272734880447388 0 0.5242877453565598 0 0.1496343016624451 0.1691597998142242 0 0 0 0 0 0 0 0 0 0 0 0 0 0 0.6073715388774872 0 0 0 0 0 0 0 0.3953856080770493 0.5897998064756393 0.6178361773490906 0.7668089270591736 0 0 0 0 0 0 0 0 0 0.2039187997579575 0 0 0 0.2472170889377594 0 0 0.333923727273941 0 0 0 0 0 0 0.8434843122959137 0 0 0 0.1057169437408447 0 0 0.2054185420274734 0 0 1.865003377199173 1.193618535995483 0 0.1631933301687241 0 0.1507203727960587 0 0.4268555194139481 0 0 0.1711213290691376 0.357616513967514 0 0 0 0 0 0 0 0 0 0.2419875413179398 0 1.150739997625351 5.413342416286469 1.221136063337326 3.558461129665375 0.7163345515727997 83.54012624919415 1.854354023933411 0 1.65260124206543 0 0 0.1691054403781891 0.1987220197916031 0 0 0 0 0.2165077328681946 0
1565.928413711488 3696.57301184535 87.65607793629169 1305.438556015491 3361.979528613389 156.3755006343126 0 5.416505366563797 4340.338519237936 2130.434694088995 154.8626778498292 129.5833082720637 9218.197865650058 1589.94574265182 101.331193216145 15.7629603818059 1.800485551357269 1.625864923000336 0 1.068542920053005 7.590238966047764 0.1324718296527863 0.8802316561341286 0.08691835403442383 2.48703932762146 2.406990669667721 1.619338907301426 1.249802313745022 0.6641417220234871 0.4301787465810776 175.2393611297011 61.97986801713705 27.99631205946207 0.3265893906354904 0.2971118241548538 1.310212783515453 17.31475891172886 1.834908522665501 1.552986316382885 2.411733217537403 14.41755032539368 3.367955856025219 0.9583155363798141 2.774818398058414 0.6153425723314285 0.6146634295582771 408.4783509075642 14.57847601175308 1.662411160767078 2.97668169438839 2.50812516361475 0.6629652380943298 0 2.95905526727438 33.20248348265886 109.672809869051 80.93674273043871 416.6647929251194 115.2088837400079 115.1833371520042 0.9116853177547455 4.783959202468395 0.1410237550735474 64.48947152495384 60.2461828738451 19.27099801599979 6.918160930275917 2.97375226765871 4.748997703194618 11.57869333773851 38.50724368542433 24.93742477893829 0.3496480137109756 605.3462884053588 354.1477307602763 570.2606057301164 94.52092246711254 10.00213676691055 3.668393306434155 11.93533992767334 2.414317101240158 7.701486676931381 66.87785743921995 1.642820656299591 14.49504300951958 39.04608758538961 7.587316945195198 0.2067306637763977 3.600574336946011 0.4402705803513527 2.775915935635567 1.253515027463436 3.134941309690475 3.122512489557266 5.604934863746166 638.5023008063436 3.753705464303493 0.4965211749076843 1.436440639197826 357.184369340539 1.430977091193199 1.90149413049221 5.787961408495903 2.15886589884758 10.2544936388731 39.1577995121479 2.588460668921471 26.59512251615524 27.43649992346764 33.67781417071819 19.23059111833572 180.9251818954945 199.7031384259462 221.4387966021895 82.33702360093594 8.614082492887974 9.260906055569649 0 1.385834544897079 0 0 0 0 0 0.4925708025693893 0.1917714029550552 0 0.3793728351593018 0.3036024570465088 0 0 0.4385429620742798 0.23700150847435 0 3.281458169221878 2.711380511522293 0.3446627557277679 0.938576728105545 0 44.98802975565195 6.001024052500725 37.39649100601673 6.744083285331726 3.36391618847847 0.139960303902626 0.3948789089918137 0 0 0.2566680312156677 1.128690704703331 0 10.152972266078 25.35180050879717 0.5750209838151932 0.2120713666081429 0.587372288107872 0.8624294102191925 0.5327149629592896 0 3.328404784202576 0.1477264016866684 1.440010704100132 1.493699938058853 0 0.559719443321228 2.056000664830208 124.4640963748097 0 1.887986518442631 0.8371492102742195 0.4296938478946686 0.1737795174121857 0 0 0.1676619499921799 0.5038726776838303 205.5599279925227 2.897184446454048 0.1174127906560898 0.1573496013879776 0.4370362758636475 87.61206059157848 23.16795206069946 79.46742841601372 5.859610550105572 9.318380013108253 12.69247295707464 1.694335713982582 4.051336728036404 0.205928809940815 0 0 0 0 0.1076109036803246 0.246465265750885 0 104.3682340085506 26.26767319440842 19.81811398267746 669.8508350998163 86.56081555783749 885.7772193104029 135.1682669222355 669.9274616092443 94.14376305788755 7.803186915814877 136.1527916267514 38.82400360703468 0.9793298095464706 55.62016120553017 4.320558749139309 35.37571582198143 3.935734987258911 0 12.72478015720844 5.645474150776863 1.929500594735146
23.33937366306782 175.295065164566 1119.024906106293 0.7901303172111511 62.19654533267021 0 5.416505366563797 0 544.8640115708113 0.3657714426517487 4020.530430115759 0.4316609501838684 4.443103298544884 341.9693723618984 14.76666853576899 10.06880117952824 2.034308403730392 29.94368557631969 1.831375792622566 37.88966636359692 179.1789283156395 0 3.422033421695232 1.000236719846725 6.08256833255291 0.4899978935718536 5.401628255844116 1.608914904296398 0 0 594.5697843134403 823.0513319000602 21.6251612380147 5.951356753706932 6.901287481188774 13.41789127886295 3.251230791211128 0.2357216104865074 0.1157167330384254 1.131592728197575 109.4008275046945 5.788956210017204 36.08463959395885 1.007836535573006 21.18645893782377 7.537975460290909 33.0516584739089 11.14888308942318 10.13332359492779 56.53081569820642 7.63453147560358 0.2530060410499573 0 3.371387451887131 1.667345635592937 5.103787407279015 10.20036066323519 229.9649646133184 13.93084993958473 8.065078414976597 29.98730108886957 4.723812595009804 1.327582523226738 149.8117390871048 3.76186253875494 6.430284410715103 4.175446055829525 12.19721782952547 59.54417818039656 140.9383140429854 1.269068732857704 0.1896221339702606 0 73.76125293970108 101.3277711197734 51.75084388256073 39.15548107773066 61.64580070227385 1802.025190524757 2408.007991522551 929.3799987584352 2458.025548495352 3.894649259746075 0 4.414163313806057 7.631736785173416 43.12668324261904 0.129385769367218 1.253775738179684 0.179468035697937 1.090867534279823 0.4822007715702057 20.95589239150286 1.414383858442307 1.571729108691216 0 0.1477927267551422 0 0 20.38494868576527 0 0 0 0 0 0 0 0 0 0 0 0.1526764184236526 0.2955500185489655 0 0 0 0 0 0 0 0 0 0 0 0 0.2522645890712738 0 0.2885558307170868 0 0 0.5362230092287064 0 0.8364807367324829 0.2918013632297516 0 0 0 0 0 0.1508122682571411 0 0.2805518358945847 0.551058828830719 0.5811425074934959 0.3080697059631348 0 0 0 0 0 0 0 0 0 0 0.2607932761311531 0 2.211339332163334 0 0 0 0 0 0 0 0 0.343535341322422 0 0 0 0 0 0 0 0 0.4918774366378784 0 0 0 0 0 0 0 0 0 0 0.2734900116920471 0.4357084929943085 0 0 0 0 0 0 0.1708017140626907 0 0 0 0.4397991895675659 0.3895427584648132 39.1543902978301 23.36506091803312 70.84326481819153 11.84724834561348 17.79548624902964 3.616103880107403 1.045780643820763 8.276053875684738 0 0.08150270581245422 0 0 0.8298606872558594 0 0 0 0.1820404678583145 0
164.6030814796686 2022.821418188512 1108.488150946796 22.28561606258154 11722.67006127536 4.603406615555286 4340.338519237936 544.8640115708113 0 68.91112191975117 2695.095456153154 59.43120753765106 1474.754694364965 3138.411536931992 118.1818470954895 36.56816177815199 1.916058786213398 5.844751387834549 1.000330395996571 2.55573482811451 21.73196077346802 1.460338115692139 3.210965298116207 0.7516714930534363 12.50688621401787 1.77904911339283 9.512399487197399 3.368535220623016 2.229076318442822 1.880114644765854 456.8684816807508 104.4533168971539 338.1961585059762 0.5983632877469063 2.739460974931717 9.390518747270107 77.71669678390026 5.292164616286755 1.759292602539062 8.363972291350365 67.02184074372053 7.817262895405293 1.801170729100704 6.407542325556278 3.529364921152592 3.206145867705345 296.2506182193756 8.676628962159157 6.767061397433281 6.279767937958241 14.18903814256191 1.425546452403069 0.3067791908979416 7.49724505841732 13.42777413874865 44.4880757778883 32.30996644496918 341.8853040412068 54.79984722286463 59.61321467161179 2.772163033485413 16.90908741205931 0.792559027671814 81.29336743801832 24.81749926507473 10.2815330773592 8.253839634358883 7.51843373477459 20.93492947518826 35.38890775293112 21.21522822976112 9.90858955681324 0 287.6590841040015 261.0876580178738 372.7094738483429 108.7811144590378 18.74635308980942 29.83238650113344 56.27759283781052 5.161265008151531 13.1522905305028 28.6739753857255 0.5293685793876648 8.495228350162506 19.60509887337685 11.47518616169691 0.7584448233246803 2.379954949021339 0.1698894947767258 3.210890561342239 1.720507629215717 16.12331965565681 5.941162049770355 7.805313803255558 119.5655060783029 0 0.1483995020389557 0.6774402484297752 88.79179495573044 0 0 2.083211183547974 1.554829150438309 2.339327618479729 12.15054784715176 0.7845574766397476 5.013127505779266 4.664392665028572 8.778318747878075 3.684765219688416 38.86847196519375 45.90454674512148 50.69085944443941 20.78053975105286 2.981545858085155 3.11027105152607 0 0.388369008898735 0 0 0 0.1629502475261688 0 0 0.6916082799434662 0 0.4524086862802505 0.09418811649084091 0.3795866370201111 0.4181573241949081 0.7574404925107956 1.417699381709099 0.3143998235464096 1.097423180937767 0.6834161579608917 0 0.1181173399090767 0 17.21753534674644 4.085571207106113 14.53107158839703 4.329201079905033 2.716273702681065 1.314333140850067 0.2631476223468781 0.1191575601696968 0 0 0.5928895175457001 0 2.491995066404343 7.136640846729279 0.1422548294067383 0.1326737105846405 0.2581619173288345 0.8949655294418335 4.109729424118996 0.1446980088949203 0.9471348524093628 0 0.7118775472044945 0.3355793654918671 0 0.8056731820106506 1.327757924795151 39.38033251464367 0.3610461056232452 0.413965679705143 1.143315121531487 0 0 0.1249555721879005 0 0 1.65841817855835 71.55437905341387 1.431284345686436 0.4347361922264099 0.3743945360183716 0.5707527473568916 22.9569911211729 5.401359811425209 24.01569820940495 1.848670676350594 1.975853204727173 2.77133633941412 0.5179173201322556 0.1174733489751816 0.1070193126797676 0 0.1603107750415802 0.1363725811243057 0.1327453553676605 0 0 0 27.14167509973049 12.6028598845005 7.755117289721966 361.2090195640922 55.49895647913218 559.1978381499648 91.37722568958998 117.1301787644625 59.815290145576 4.217798992991447 107.4026243835688 13.44207298755646 0.7676636874675751 17.77431780099869 2.263905577361584 10.93073116242886 2.655684739351273 0 3.480872929096222 7.501025930047035 1.139889791607857
487.1121691763401 281.7025629803538 1.713255323469639 1403.236412227154 138.4008820727468 207.7296544015408 2130.434694088995 0.3657714426517487 68.91112191975117 0 5.193526811897755 1926.191168650985 6272.340547189116 544.9916355982423 11.20953068882227 1.739528223872185 0 0.1190342754125595 0.5499639511108398 0.1404475271701813 0.2800696641206741 0 0 0.09798119217157364 0.582248717546463 0.2741844728589058 0.1806506961584091 1.009594395756721 0.1531646698713303 0.2492131888866425 7.872750766575336 1.986149191856384 21.70066583156586 0 0 0 6.768802843987942 0 1.46672747284174 0.7860229983925819 1.352574914693832 0.8556193262338638 0.1781681180000305 0.2409086972475052 0.3076463788747787 0 58.32541806995869 2.108611322939396 0.1191001832485199 0 0.5877784043550491 0.5824223458766937 0 0.576461136341095 8.437664501368999 19.13033654540777 96.55862314254045 86.0919015109539 22.8596363812685 16.97371723502874 0.3753379285335541 0.9597831219434738 0 4.515637092292309 9.829603999853134 2.736366868019104 0.3053470849990845 0.4606003016233444 0.2087967693805695 1.05401024222374 67.03225587308407 12.49485963582993 0 108.0582012832165 38.04762327671051 66.34298969060183 6.594827815890312 1.02856782078743 0.1099533438682556 2.5798225030303 0 4.537316605448723 12.51281367987394 0.2445789948105812 1.759848602116108 6.229541704058647 0.7246189787983894 0.2717891335487366 1.136003121733665 0.3327546864748001 0.4855294153094292 0.3615313395857811 0.4969144016504288 0.4466803520917892 1.493317797780037 731.7972511351109 18.42542296648026 1.00394007563591 2.35385437309742 869.3853920698166 0.2585921287536621 0 3.032976612448692 5.185738652944565 5.177995532751083 79.00247128307819 2.457006454467773 8.827440574765205 61.29595758020878 25.17245031893253 10.1852705180645 96.71226100623608 94.33217653632164 117.287902623415 39.70638547837734 3.282391749322414 3.562361016869545 0 0 0 0 0 0 0 0 0.6243186593055725 0 0 0 0 0.6767337918281555 0 0.317771315574646 0 0.150715172290802 0.4922393262386322 0 0.2313206046819687 0 16.1779840439558 3.197626769542694 13.34443981945515 0.4720894396305084 0.7911179065704346 0 0.4488246887922287 0 0.2332945764064789 0.216206893324852 0 0 3.439976513385773 11.08200317621231 0.1747587323188782 0.9756834506988525 0 0 0.2861436307430267 0.4876915365457535 1.347819566726685 0 0.1494530737400055 1.716428443789482 0 0.2762020826339722 0 49.34181407094002 0 0.2507781386375427 0.8152144551277161 0 0 0 0 0 0 85.2406769245863 0.5378993302583694 0 0 0 32.33954222500324 6.048937350511551 22.3427467495203 3.351730018854141 2.985804051160812 3.749594554305077 1.250157527625561 1.108480900526047 0.1163706034421921 0 0 0 0.1498224586248398 0 0 0 55.637943983078 16.18032468855381 2.780012004077435 296.4526635631919 14.06157924234867 187.6891017407179 24.29095678776503 698.2640677243471 25.37978943437338 2.051026098430157 40.87957535684109 10.04156927764416 0.4917133897542953 16.59690713137388 3.03937354683876 28.0151702016592 1.343088939785957 0 5.071603745222092 1.629250571131706 0
177.7604150548577 1526.333049997687 3587.891235545278 2.05402185022831 2098.005466483533 1.2967229783535 154.8626778498292 4020.530430115759 2695.095456153154 5.193526811897755 0 26.48079892992973 678.6092691719532 2485.380446791649 95.33312476426363 42.92693065851927 1.957939282059669 13.5150705203414 0.513347327709198 9.97268620878458 84.577906049788 1.407339081168175 5.592512987554073 1.308918997645378 23.79003674536943 3.69955649971962 18.91301959753036 2.451588861644268 1.516483023762703 2.218262270092964 937.8245771601796 295.5196905508637 400.765428557992 2.922424919903278 8.283984303474426 31.56712848693132 86.76233956962824 5.624167285859585 1.007285505533218 9.017447367310524 143.0640380010009 12.1241797208786 6.057668961584568 8.133022055029869 6.872872970998287 2.130890786647797 168.222692899406 8.796974338591099 8.106573842465878 12.7959148734808 15.90458776056767 3.379125282168388 0.4193646758794785 8.619489625096321 9.310746885836124 24.7135201394558 35.53727956861258 496.9410453662276 44.84595945477486 39.01262737810612 4.13969399034977 43.04484532028437 2.647530823945999 70.81856612116098 14.24009425938129 8.422212161123753 9.000926606357098 14.48405852913857 41.94729963690042 98.39077165722847 14.36330139636993 2.320035018026829 0 247.6215967014432 201.4314448535442 225.8482947722077 80.7914729937911 20.84179387241602 299.6134710386395 2135.306003004313 48.755037561059 531.6548851728439 16.24737334996462 0.5487708523869514 5.029015809297562 12.67995139211416 23.05155350267887 0.270644798874855 2.449890777468681 0 2.959281459450722 0.7568213492631912 19.87117678672075 9.315759472548962 6.262152038514614 16.26905724406242 0.1819345653057098 0.1205960512161255 0.3993456363677979 104.7083907872438 0 0 0.1682187616825104 0 0 1.365730747580528 0 0.7918877005577087 0.5351130813360214 0 0.9098244532942772 3.143190860748291 4.34908951818943 5.649831920862198 3.138804152607918 0.5369326323270798 0.7641334384679794 0 0 0 0 0 0.1066562682390213 0.3897504210472107 0 1.109418883919716 0 0 0 1.028551436960697 0.2271794676780701 1.790000237524509 2.155992195010185 1.2580251917243 0 0 0 0 0 3.502858549356461 0.826056107878685 3.88225432485342 3.644821219146252 2.462201453745365 0.6764473170042038 0 0.1196274384856224 0 0.176451563835144 0.6301802396774292 0.3607501983642578 0.2662608250975609 0.6783058047294617 0 0 0.555055558681488 2.118415750563145 5.113372758030891 0 0 0 0.1201943308115005 0.5548569411039352 0 1.165293946862221 0 7.527642473578453 0.1884199231863022 0.1857667714357376 0 0 0 0 0 0 0.7740709036588669 11.58185692131519 1.216123260557652 0 0 0.4417927265167236 3.342302992939949 1.457104727625847 6.565674632787704 0.2375328689813614 0.4637491405010223 0.794141486287117 0.2937319055199623 0.2978464961051941 0 0 0 0 0.1035660803318024 0.1030223593115807 0.1304487287998199 0 2.295842826366425 4.070489466190338 2.626633882522583 177.4336802437901 45.73644372820854 279.4734808802605 53.45852233469486 73.64582092314959 27.79344099014997 3.029910556972027 48.10029923170805 3.475909411907196 0.2587986961007118 2.073888890445232 0.3568991124629974 1.181510806083679 1.438645422458649 0.2234687656164169 1.33583003282547 5.721509225666523 1.176890090107918
131.4897696822882 13.84360162913799 2.010093316435814 326.8281310647726 21.42451843619347 98.06220293045044 129.5833082720637 0.4316609501838684 59.43120753765106 1926.191168650985 26.48079892992973 0 1842.025613032281 194.8594186007977 34.80594422668219 22.50178642570972 2.319786071777344 2.523077845573425 0 1.535595551133156 2.12110561132431 4.112024232745171 0.1458026319742203 0 9.948947086930275 0.4603617489337921 6.911422684788704 5.261802658438683 4.142633467912674 1.057898044586182 1.809597291052341 3.513624526560307 84.09535603970289 0.1274499297142029 0.326415479183197 6.617958024144173 47.64246986806393 4.846404373645782 1.235260501503944 11.18737880140543 20.97033873200417 18.26261019706726 0.2361182123422623 4.15324354916811 1.617340207099915 8.804440185427666 69.72839041799307 1.034667924046516 1.954045549035072 0.6931633055210114 4.000194564461708 4.961818970739841 1.865977793931961 19.7245709747076 2.317779459059238 7.804880775511265 9.781576961278915 10.71549096703529 9.073987327516079 6.765108928084373 5.471721723675728 11.73118832707405 0.261566698551178 3.399342477321625 4.480397097766399 2.587436079978943 2.198060676455498 1.320697978138924 2.776701912283897 5.076670989394188 89.71976773440838 67.27982199192047 0.2629986703395844 40.00244312733412 21.01638370752335 50.76232013106346 17.33998411148787 5.062774457037449 0 3.512822136282921 2.897253781557083 1.07366169244051 6.210049621760845 0.09226799756288528 1.537271358072758 3.573568612337112 2.918238453567028 0.1130458787083626 0.5614762306213379 0 2.947615563869476 1.217832013964653 4.26076266169548 7.677114188671112 14.44809998571873 1733.89440484345 37.26480770111084 2.775829643011093 3.348908580839634 91.44212441891432 0.7474121898412704 1.489738017320633 3.753558740019798 2.115267932415009 8.240775942802429 22.70942139625549 5.379557639360428 15.53731559962034 13.88991467654705 25.39640253782272 15.96458011865616 129.9173299968243 151.6730131208897 180.8064467534423 63.65214231610298 6.914099879562855 7.295274674892426 0 1.116735324263573 0 0 0 0 0.6525277346372604 0 0.9544555246829987 0 0.5771157890558243 0.7962572574615479 1.040479630231857 0 5.439620144665241 3.814104273915291 0.1775045543909073 1.749255150556564 0.5618097931146622 0.2399791181087494 1.127524763345718 0.2230546027421951 42.71673052757978 10.95139662921429 36.0249283015728 10.84397754073143 7.756400421261787 0 0.6881805956363678 0.2390519827604294 0.1757477968931198 0.9117428958415985 0.3835215717554092 0 10.30871754139662 17.50296001136303 0 0 0 6.924136728048325 4.73092257976532 0.2894750460982323 1.497627086937428 0.326161190867424 1.297001637518406 3.262690320611 0 0.4266568571329117 1.724319845438004 104.3815280050039 1.061576828360558 0.1413011252880096 1.678864568471909 0 0 0.1425455063581467 0 0 0 193.3354769572616 7.088195607066154 0 0 0.4781929552555084 58.16970203816891 17.24640342593193 67.29517644643784 7.637340307235718 9.274561256170273 14.56721282750368 3.365684300661087 3.086484991014004 1.075742051005363 0 0 0 0 0 0 0.1278112530708313 98.43237783014774 50.26778023689985 24.11690026521683 228.7045122459531 15.88993637263775 181.4658843874931 27.94251577556133 108.4982470273972 19.91980530321598 0.3274109810590744 51.2647545710206 28.73783530294895 1.228285446763039 45.14755059033632 5.031274646520615 33.59218283742666 3.067986965179443 0 18.03209707140923 1.48096752166748 0.8513360470533371
78.04693080484867 431.0698236525059 26.72703892737627 1012.31110227108 360.9139431044459 98.22588916122913 9218.197865650058 4.443103298544884 1474.754694364965 6272.340547189116 678.6092691719532 1842.025613032281 0 1846.419527173042 188.7387490570545 140.2622698545456 10.7757056877017 10.10874786973 1.979463838040829 7.331808894872665 12.65546021610498 13.84280347824097 0.8572564199566841 0.7972263544797897 32.62468312680721 3.75997144728899 24.73842380195856 20.26477243006229 14.75530929863453 4.251002684235573 24.9382164850831 21.8673292323947 1286.915712803602 1.278885938227177 3.351749494671822 28.01510020345449 404.4910280406475 143.4188097193837 4.953970804810524 56.51220335811377 68.69812595099211 39.08500270545483 2.269252866506577 30.54060889780521 11.15301797538996 28.13153798878193 293.1614854484797 6.748052477836609 5.5794617831707 4.185253538191319 12.10528542846441 8.995712883770466 10.59453235566616 40.57460743188858 6.646057546138763 23.00886193662882 16.97973117232323 48.97856165468693 24.41943909227848 36.49401242285967 23.75255815684795 199.8862823322415 1.003946647047997 29.01758817583323 10.22999866306782 6.387615889310837 5.930597059428692 5.408077888190746 19.61551863700151 26.63493257015944 273.554051630199 179.0111175626516 0.6122626662254333 109.0949304774404 100.1631637588143 230.1838214769959 112.9052960127592 34.57325477153063 6.338249027729034 52.39941399544477 19.28080925345421 14.62478945404291 17.56547471880913 0.2204563319683075 5.484331220388412 13.07004544138908 11.4880452901125 0.3846050649881363 3.586178317666054 1.615537047386169 5.441483877599239 3.164711058139801 17.91102933138609 16.96300686150789 25.41972526907921 3218.40307726711 103.03883703053 6.31983720511198 5.881710663437843 106.9190572872758 2.13816899061203 1.348574236035347 18.91354617476463 25.85040399432182 9.841284073889256 168.0069517046213 7.485867947340012 25.51036281883717 131.5782060027122 43.67066034674644 28.27959035336971 223.974164262414 266.9057203680277 281.2177521884441 138.2826067358255 21.00911961495876 19.47389951348305 0.2378326207399368 1.667995296418667 0 0.6748835146427155 0 1.333027601242065 0 0.4689598083496094 3.045285388827324 0.5888651609420776 1.030579417943954 1.542404860258102 2.527068197727203 1.1380260810256 16.39251525700092 12.25416850298643 3.155935078859329 4.404211446642876 3.466067731380463 1.261548027396202 1.612488448619843 0.3134850859642029 123.9520488083363 21.0178357437253 94.97032551467419 45.51501253247261 23.1218176484108 0.3765763342380524 0.8485598638653755 0.4796679690480232 0.357976496219635 5.783206328749657 3.560257345438004 0 19.30241587758064 47.65685277432203 0.6800217777490616 0.4790136739611626 0 19.00209183245897 10.19234931468964 1.318672999739647 4.249205015599728 1.541547074913979 5.35563550144434 3.403168059885502 0.8963108360767365 6.127999439835548 5.560602381825447 257.1288547441363 0.4566569477319717 2.354225233197212 3.473071478307247 0 0 0.2360785007476807 0 0.2019014060497284 0.2431611344218254 490.6471955105662 30.84206491708755 0 0.1900718510150909 1.095982067286968 134.1053700149059 46.41922710090876 163.4636860638857 17.04150647670031 15.16567476093769 31.33960103988647 6.384862393140793 7.869404256343842 0.8717229515314102 0.3193066418170929 0 0 0.1422768086194992 0 0 0.1132162883877754 200.6505702286959 127.7006364539266 75.82347954064608 561.5304324924946 65.68064144998789 592.6980243772268 112.5679254904389 198.8558389618993 70.682068772614 3.201879307627678 166.475046493113 64.37198987603188 6.074324086308479 104.0928697958589 16.99975118041039 57.45415149629116 7.416382268071175 0.3585543185472488 29.55539940297604 11.79410649091005 2.347166836261749
