0 5427.856025509536 499.6812528595328 576.886013649404 516.8741658180952 21.66004675626755 994.363291233778 221.4948951005936 34.35937345772982 1257.97097837925 244.9298584386706 45.11683232337236 332.7818789258599 66.94238510727882 7.132521875202656 0.4653195589780807 0 0 0 0 0 0 0 0 0 0 0 0 0.7247153073549271 0 506.1625206395984 2.222749434411526 3.818426243960857 0 0 0 5.705576360225677 0 0.9593589603900909 0 0.3938406705856323 0 0 0.8708635866641998 0 0.134098619222641 13.88218127936125 1.576045922935009 0.1084775552153587 0.1734938323497772 0.09726738929748535 0 0 0 2.743493042886257 2.569452494382858 572.1996135562658 1216.086165599525 45.84176709502935 14.92202130705118 0.1181730255484581 0.3695899397134781 0.2206812426447868 3.665571808815002 0.9389360696077347 0.1695004254579544 0.08737703412771225 0 0.1950347721576691 0 34.96466951072216 12.72085177898407 0.1625119149684906 284.4459425136447 17.83113544434309 43.26461220532656 2.411818198859692 0.6013370901346207 0.5659521669149399 10.93343844264746 0.1387266367673874 0.9302772209048271 1.949005760252476 0.309945710003376 0.2930725365877151 2.445751048624516 0.5910973474383354 0.1894600242376328 0.4235444739460945 0.3121635615825653 0 0 0 0 0.1042452529072762 47.67510336637497 5.956738293170929 0 2.144939824938774 1638.233354993165 0.15713270008564 1.426101759076118 0.3002861738204956 2.049985766410828 0.2795957922935486 4.176393926143646 0.9928560107946396 1.929811619222164 3.016595050692558 12.04891151934862 0.380143791437149 5.650782883167267 7.594603106379509 5.988153606653214 2.527863092720509 0.1148420050740242 0 0 0 0 0 0 0 0 0 0 0 0 0 0 0 0.2150862365961075 0 0 0.2527253031730652 0 0 0 0 2.37097343057394 0 1.056359834969044 0.5078484565019608 0.1586669832468033 0 0 0 0 0 0 0 0.607835054397583 0 0 0 0 0 0 0 0 0 0.1636245846748352 0 0 0 0 0.1530093401670456 0 0 0 0 0 0 0 0 0 4.866180516779423 0 0 0 0 0.1621925532817841 0 0 0 0.1753015965223312 0.4646646082401276 0 0.1130147054791451 0 0 0 0 0 0 0 0 2.579124517738819 0.2470928579568863 0.6375754475593567 93.11964049935341 5.053523100912571 40.71722946316004 9.419019795954227 1547.227765053511 9.436361782252789 1.220068454742432 8.869599394500256 3.45818829536438 0 0.5253295302391052 0 11.24416495859623 0 0 0.20692478120327 0 0
5427.856025509536 0 1198.714064024389 499.7061636596918 3135.434690587223 148.607128739357 3458.096441753209 1034.557343751192 286.2705423384905 861.7549844756722 1564.514213770628 87.44569943845272 1285.738364174962 579.0030347853899 61.62520163506269 3.268935486674309 0.4269811883568764 0 0.07844379544258118 0.452427476644516 0.1654758900403976 0.3640801608562469 0.4173760488629341 0 0.1165266707539558 0.7075366675853729 0.2417833358049393 2.301774561405182 1.972894832491875 0.5645319372415543 4225.242166996002 28.81571374088526 10.39694932103157 0 0 0.1466434299945831 18.13607379049063 0.5031130164861679 0.6797156780958176 1.128897316753864 1.077123649418354 0.3359882980585098 0.1239271685481071 1.806340761482716 0.104627788066864 0.2658727169036865 98.6117781624198 6.260810188949108 0.9130975008010864 0.2727912440896034 2.740666553378105 0 0 0.2318848595023155 12.73070064932108 12.14310886710882 391.0552595108747 1480.457587197423 69.02729358524084 83.40191197395325 1.682274207472801 1.779286429286003 0.8477332293987274 39.98882719874382 5.564912892878056 2.367873005568981 1.369326680898666 0.4195935949683189 0.4800279214978218 0.7335038855671883 53.64877136051655 8.663009077310562 0 749.0003969594836 128.1396725103259 312.70165784657 42.70029433816671 5.003468051552773 2.321920834481716 61.3457540422678 1.550124906003475 7.757498376071453 16.07235072553158 0.8565858975052834 2.24316544085741 13.97337249666452 4.171574212610722 0.2006786987185478 1.571240656077862 0 0.3258413374423981 0.1864048391580582 0 0.3888543248176575 0.5852057039737701 162.3525014966726 0.80646151304245 0.2106256484985352 0.9800511002540588 1417.884168185294 0.5051769614219666 5.432013794779778 3.41161285340786 3.623550742864609 1.984053671360016 16.98685145378113 4.079241529107094 22.13368962705135 27.08858326077461 63.37651452422142 0.5856381207704544 34.15798181295395 42.05710689723492 49.4621419981122 12.00010330229998 0 0.333416223526001 0 0.1678105890750885 0 0 0 0 0 0.1645517349243164 0 0 0 0 0 0 0.1647946834564209 0 0 0 0.3190101087093353 0 0 0 15.22625661641359 0 10.50656356662512 0.8026439771056175 0.2436794191598892 0 0 0.146220475435257 0 0 0 0 0.3480236828327179 1.829782783985138 0 0 0 0 0 0 0 0 0 1.602251991629601 0.1716649532318115 0 0.4969230592250824 3.724883407354355 0 0 0.5213603675365448 0 0 0 0 0 0 29.40696717053652 0 0 0 0 1.732164949178696 0 0.2896404564380646 1.050945855677128 2.342525154352188 0 0.1918019652366638 0.4955902546644211 0 0 0 0 0 0 0 0 19.15455500781536 1.716279923915863 3.388958856463432 390.4552370011806 44.94677527993917 330.2862114310265 91.74440407752991 1723.778058432043 91.0388850197196 11.14321526139975 64.05153295397758 23.54393831640482 0 5.264186501502991 0.3107711970806122 60.16679340600967 0.572447657585144 0 0.8777579963207245 3.579979136586189 0.1854867488145828
499.6812528595328 1198.714064024389 0 8.00334170460701 1097.46187389642 10.00250692665577 80.3057594820857 6014.591350995004 303.5052387416363 35.27336362749338 3244.519767664373 8.996357709169388 146.5858855694532 237.8298673406243 29.78923028707504 4.524501390755177 0.2565979510545731 0.225482203066349 0.1263010054826736 0.821820005774498 0.8541196286678314 0 0.2247821763157845 0.1170353442430496 0.1132355779409409 1.091945216059685 0.3633870780467987 0.5613301694393158 0.8153567388653755 0 4777.871635749936 718.6991800963879 9.31007244437933 0.2159987017512321 0.2350516319274902 0 18.2056440860033 2.579250082373619 1.240867793560028 0 0.757298044860363 0 0.2757615894079208 2.079267792403698 0.08964977413415909 1.296253994107246 41.2440635189414 2.633996360003948 0.8218621984124184 0.0910017117857933 1.37524788826704 0.1633982956409454 0 0 3.887972474098206 4.231893740594387 274.0440430790186 1932.805009447038 36.57510402798653 33.17651228606701 1.85131224244833 2.188531875610352 0.6936425864696503 183.8417595848441 1.657291501760483 0.9402894601225853 0.5940389707684517 0.8163364231586456 0.5891977176070213 1.140849754214287 13.78959304094315 4.162728697061539 0 473.3324046507478 135.2542451247573 187.9404862746596 29.46396271884441 3.733385592699051 45.3188511133194 795.9452655166388 2.50962333381176 81.00411225110292 6.408519364893436 0.2553623542189598 1.045472718775272 7.549791045486927 2.949328139424324 0.1293770670890808 0.7431687712669373 0.1704506278038025 0.2046495527029037 0 0.7131533920764923 0.2320201322436333 0.4042018204927444 48.95763492584229 0 0 0.6448302865028381 319.7016873583198 0 3.005297034978867 1.8905388712883 1.683268219232559 0.8694288581609726 6.073725327849388 0 10.74468636512756 9.118758201599121 22.69668316841125 0.5517921447753906 19.67412117123604 19.20795294642448 20.35397788882256 5.433041349053383 0 0 0 0 0 0 0 0 0 0.2294953018426895 0 0 0 0 0 0 0.4350365102291107 0.5024749040603638 0 0 0 0 0 0 10.73238322138786 0 6.099323317408562 1.300914205610752 0.6403778493404388 0 0 0 0 0 0.1678204983472824 0 0.1035459637641907 0.8795974552631378 0 0 0 0 0 0 0 0.1290777176618576 0 0.1874017715454102 0.3600325882434845 0 0 1.251511111855507 0 0 0.08255185186862946 0 0 0 0 0 0.2255078852176666 14.98797276616096 1.129759222269058 0 0 0 1.758156895637512 0 0 1.163664028048515 0.5486771613359451 1.015211656689644 0 0.9431334212422371 0 0 0 0 0 0 0 0 8.845972388982773 2.049562826752663 4.332109704613686 167.1990309134126 22.30829510092735 125.2301285415888 41.97112826257944 283.5199359208345 36.12109480053186 4.140572480857372 45.10629618912935 13.25961586087942 0.08298179507255554 0.7280531972646713 0 24.5249263048172 0.120251402258873 0 0.8932786285877228 3.139046758413315 0.173925906419754
576.886013649404 499.7061636596918 8.00334170460701 0 168.5732936710119 113.5387600064278 1195.096521653235 5.526047274470329 162.5146036297083 2059.604670464993 25.90036582201719 533.465553894639 1206.136878684163 64.28297837078571 1.579895004630089 0 0 0 0 0 0 0 0 0 0.1489712297916412 0 0 0 0 0 1.145345374941826 0.1308140158653259 1.430717289447784 0 0 0 0.4677562117576599 0 0.4017654657363892 0 0 0 0 0 0 0 2.588017173111439 0 0 0.09520452469587326 0.2107812315225601 0 0 0 0.3471001610159874 0.1854703575372696 17.04759836941957 20.67208052426577 2.250764630734921 2.285722441971302 0 0 0 0.8805392533540726 0.08637417852878571 0 0 0 0 0 148.3424791172147 1.338567078113556 0 18.1026127487421 1.79099528491497 6.473497442901134 0.686987392604351 0.1490790545940399 0 0 0 0 0.2078052312135696 0 0 0 0 0 0 0 0 0 0 0 0 79.16599822044373 0 0 0 160.1982685625553 0 1.477868363261223 0.2232182919979095 0.6030752211809158 0.1735192686319351 1.578568324446678 2.37381500005722 3.55082693696022 4.56853199005127 15.97093614935875 0.2065209448337555 3.748732075095177 8.481616109609604 8.634636275470257 1.612636402249336 0 0 0 0 0 0 0 0 0 0 0 0 0 0 0.3194489777088165 0 0 0 0.2515987455844879 0 0 0 0 0 1.134264253079891 0 0.4105144590139389 0 0 0 0 0 0 0 0 0 0.481646716594696 0 0 0 0 0 0 0 0 0 0 0 0.3965344130992889 0 0 0.8167617619037628 0.2098225504159927 0 0 0 0 0 0 0 0 2.151940315961838 0 0 0 0 0 0 0 0 0 0 0 0 0 0 0 0 0 0 0 0 1.495898298919201 0 0.5503352135419846 39.07070434093475 0.6228315532207489 6.441720746457577 3.299707882106304 267.931279361248 2.551508605480194 0.3722354918718338 3.74637808650732 1.440575644373894 0 0 0 11.95668615400791 0.8334271907806396 0 0 0.3383979201316833 0
516.8741658180952 3135.434690587223 1097.46187389642 168.5732936710119 0 21.97816188633442 5257.118099674582 644.6558983623981 3538.720101416111 878.1603685691953 4129.631010912359 203.0844842791557 1307.926738955081 1582.523411229253 36.4384147003293 2.290637269616127 0.5605660825967789 0.106180764734745 0 0.09411070495843887 0.2933873236179352 0 0 0 1.159263655543327 1.191477909684181 0.2948120981454849 0.1316122263669968 2.213062629103661 0.3829629868268967 329.8906037434936 8.289799965918064 3.481452450156212 0.3530021607875824 0 0.1775060892105103 7.611624844372272 0.7624907940626144 2.046294912695885 0.7481306046247482 0.2027877867221832 0.2629965618252754 0.08640256524085999 1.050343066453934 0 0.4946949854493141 71.07220081984997 3.659035257995129 0.7542291432619095 0.2466261014342308 2.039779461920261 0 0 0.6330877915024757 4.915494166314602 5.407022625207901 59.32909844070673 203.2358202710748 23.1523273140192 36.86180317401886 1.33954132348299 0.344169095158577 0 39.96278361231089 3.429686054587364 0.8560396656394005 1.417074829339981 0 0.08829230815172195 0.2424613311886787 103.0076305121183 7.564273491501808 0 191.1114594936371 59.66247166693211 135.021845921874 32.88537714630365 2.028426490724087 1.532933175563812 13.93485830724239 1.215330071747303 2.577277161180973 6.282856866717339 0.5880769789218903 1.415878020226955 7.607432670891285 1.746821977198124 0.1049178913235664 1.408033773303032 0 0.09912053495645523 0 0.2361090779304504 0.48257115483284 0.3460494130849838 225.251811221242 0 0 0.1928474009037018 56.93182624131441 0.3722795248031616 10.06137725710869 4.520254015922546 4.269473940134048 4.96211901307106 18.57707665115595 2.88012370467186 24.81800289452076 26.47571092844009 76.27147115021944 0.5580839514732361 46.54273237287998 58.20545164495707 57.43146392703056 18.80357257276773 0 0 0 0.5433825850486755 0 0 0 0 0.2642956078052521 0 0 0 0 0 0 0 0.517785333096981 0.2449542582035065 0 0.7778262197971344 0 0 0 0.2791964113712311 18.24424247443676 0 14.7411592155695 1.063768953084946 1.038391917943954 0 0 0 0 0 0 0 0.3465586304664612 0.2358362078666687 0 0 0 0 0 0 0 0.174992248415947 0.1429867446422577 0.8289669901132584 0.4954768717288971 0 0.2538906335830688 5.612711206078529 0 0.2935547828674316 0 0 0 0 0 0 0.1561648994684219 39.19127448648214 0.4218877553939819 0 0 0 1.362664520740509 0.7941730618476868 0.9931197762489319 0.6826700046658516 2.157108187675476 1.473751552402973 0 0.2253234386444092 0.1261692345142365 0 0 0 0 0 0 0 23.70900160074234 2.086851894855499 6.664786905050278 254.8756436780095 40.25545404106379 225.3703314363956 86.0963447317481 259.4126736745238 66.91393046826124 10.23577267676592 57.28631608188152 28.95965004712343 0.6754279732704163 2.924056515097618 0 46.05438777804375 0.3616707921028137 0.1444283276796341 2.030613102018833 2.651222139596939 0
21.66004675626755 148.607128739357 10.00250692665577 113.5387600064278 21.97816188633442 0 102.5770850330591 8.060149341821671 15.19501048326492 422.2001246660948 11.60089852660894 101.1211151480675 137.0676440596581 12.71143491566181 0.2552483975887299 0 0 0 0 0 0 2.216707050800323 0 0 0 0 0 0.2063744962215424 0 0 0.4335114061832428 0 25.46881641447544 0 0 0 55.70294722914696 2.439278230071068 22.35927113890648 0.192081481218338 0 0 0 0 0 0 0.4808138757944107 0 0 0 0 12.10164330154657 0.2331825941801071 0 0 0.3222254812717438 90.02808544039726 11.94352802634239 4.551985695958138 0.4056332260370255 0 3.224797159433365 0.2568745017051697 0 0 0 0 0 0 0 130.2166765630245 248.5272139310837 7.921297267079353 0.9344624206423759 0 0 0 0.1681833416223526 0 6.530296429991722 0 1.615903109312057 0 1.733752802014351 0 0 0 21.80502423644066 1.925188779830933 15.31677720695734 0 0.2880067154765129 0 0 0 198.4592519849539 70.76774242520332 29.62349246442318 19.70379589498043 256.2862379401922 0 0.6822716891765594 0 0.2055638283491135 0.4104217141866684 0.7970372438430786 0.4174354672431946 0.3315263390541077 1.528498381376266 6.802996754646301 0 1.332922726869583 1.996519431471825 1.432072073221207 0.2455423474311829 0 0 0 0.6805522590875626 0 0 0 0 0 0 0 0 0 0 0 0 1.329090714454651 0.4523466378450394 0.3745335787534714 0 0 0 0 0 0.2000966519117355 0 0.4148480668663979 1.168425433337688 0.4453610330820084 0 0 0 0 0.3480081558227539 0 0 0 0.7315914034843445 0 0 0 0.644805446267128 0 0 0 0 0 0.2701721489429474 0.6562386155128479 0 0 0 0 0 0 0 0 0 0 0 0 0 1.934060886502266 0 0 0 0 0 0 0 0 0.1281314045190811 0 0 0 0 0 0 0 0 0 0 0.1129428297281265 0.2634770572185516 0.3788445293903351 15.20592005550861 0.1330325156450272 1.066089928150177 0 98.28930947184563 0.5870147868990898 0.5375275164842606 0.2202950716018677 0.840536043047905 0 0.3019267320632935 0 8.198828592896461 0 0 0.2321261763572693 0 0
994.363291233778 3458.096441753209 80.3057594820857 1195.096521653235 5257.118099674582 102.5770850330591 0 35.27037389576435 2154.968692526221 2754.256253421307 664.1085654199123 193.9605825990438 4583.892070308328 1503.410579703748 45.56627118587494 1.938081756234169 0.4083341360092163 0.179951086640358 0.1260159611701965 0.4208192229270935 0.2699478343129158 0 0.2616251707077026 0.2194578498601913 0.5644550770521164 0.3382976502180099 1.135862976312637 0.7621710076928139 1.676184460520744 0.645839512348175 46.3710767403245 15.07659839838743 0.726604551076889 0 0 0 4.238693185150623 1.006253160536289 1.622456140816212 0.8275400847196579 0.5227364972233772 0.7372689768671989 0 0.6999160274863243 0.1192116811871529 0 88.30284616351128 4.789433255791664 0.4817483574151993 0.2129009887576103 1.043631464242935 0 0.1191685795783997 0.7375431656837463 6.628356143832207 10.59834377467632 108.0668607130647 271.6949397996068 40.47253880649805 47.33704023808241 2.497046120464802 1.218314573168755 0 42.69718391448259 2.709890812635422 1.293178558349609 1.725273042917252 1.315892644226551 0.1133648157119751 0.1091050356626511 81.39276956021786 6.00714898109436 0 316.257176630199 86.74473819881678 203.1559408605099 45.21556088328362 2.237397812306881 1.475461177527905 6.670652359724045 1.31943129748106 2.886929601430893 9.625207543373108 0 1.390310294926167 11.98400661349297 3.617465421557426 0.1918281093239784 0.7282298654317856 0 0.2998511120676994 0.1403234750032425 0.2167346328496933 0.2983293011784554 0.3516712188720703 240.707373932004 1.475699722766876 0 0.4865706562995911 173.2246139422059 0.8569070398807526 9.62170298397541 24.49050256609917 5.015417098999023 3.960024237632751 13.47011101990938 3.026842534542084 16.49489445984364 25.97490195930004 73.27811221778393 1.818679496645927 41.57629656791687 42.40423139184713 51.30907113105059 12.87392403930426 0.4474911391735077 0 0 0 0 0 0 0 0 0.2911164462566376 0 0 0 0 0 0.3159584403038025 0 0 0 0.5863174051046371 0.1985750794410706 0 0.2551331520080566 0 13.90406272560358 0 9.478826485574245 1.765728890895844 0.5058752596378326 0 0 0 0 0 0.3655997812747955 0 0.8024465888738632 1.794512361288071 0 0 0 0 0 0 0 0 0 0.5592039003968239 0.5700547397136688 0 0 3.409140631556511 0 0 0 0.1233411803841591 0 0 0 0 0 28.08461779356003 0.8781047463417053 0 0 0.1541870087385178 0.9333747923374176 0.1214586794376373 0 0.8587998300790787 2.207939885556698 2.282228708267212 1.124496936798096 0 0 0 0 0 0 0 0 0 18.70828951895237 0.6157435029745102 3.180878043174744 321.9478366076946 52.8820662945509 317.5751166939735 116.5502280294895 756.4542547687888 97.04094431549311 10.60449198633432 60.3185917288065 25.0877730846405 0 3.84505607187748 0.2746366709470749 50.78536084294319 0.5607442706823349 0.2792513370513916 1.510873824357986 2.36291030049324 0.3975683152675629
221.4948951005936 1034.557343751192 6014.591350995004 5.526047274470329 644.6558983623981 8.060149341821671 35.27037389576435 0 187.2432834059 82.18264383077621 1302.464176535606 21.79938679933548 574.3770028054714 916.5915126949549 128.3481661230326 25.63100919127464 2.036115758121014 0.6780859231948853 0.251546710729599 1.090678483247757 1.087612897157669 0.1638871729373932 0.8259841799736023 0.5439567267894745 0.7642801254987717 2.032387547194958 1.785894572734833 1.32972563803196 5.384035810828209 0.7464036867022514 944.069581143558 3611.67767290771 38.51227560639381 1.218295410275459 1.016306355595589 1.171511888504028 67.03077957034111 3.771290853619576 2.259059779345989 1.510931044816971 4.498690076172352 0.3694127649068832 1.182392425835133 10.60838366299868 0.1900014355778694 2.182075589895248 170.1244906634092 5.883880652487278 1.621251218020916 1.269126214087009 3.564800053834915 0.4553976356983185 0.2715912759304047 0.8818062320351601 5.78057623654604 7.188196428120136 100.3074376732111 611.3740938678384 40.1138649135828 62.96117890626192 10.2126629576087 7.003855898976326 7.182561881840229 602.8599911928177 2.117905341088772 1.656667962670326 1.316797561943531 0.7828007787466049 2.833359248936176 4.904456660151482 55.25764365494251 11.53138670325279 0 308.1042178794742 166.1431073471904 294.3271704092622 218.0021984577179 141.6117636710405 239.4305319041014 1064.592732548714 90.17575743794441 1023.72644546628 9.553510226309299 0.4112030118703842 0.3881925567984581 9.332146480679512 4.930615395307541 0 2.053101517260075 0 0.871316209435463 0.2322985529899597 2.395054697990417 0.5943069607019424 0.7650730237364769 126.6286855787039 2.801314234733582 0 1.446579933166504 44.73479969799519 0.1471854150295258 3.570405155420303 2.975622609257698 3.997866496443748 4.343057632446289 15.33775824308395 3.287612587213516 18.65387082844973 20.55882404744625 55.63802592456341 0.6449838280677795 32.07027966529131 39.15164077281952 40.69834516197443 15.57010260224342 0.3442737311124802 0.9140961021184921 0 0 0 0 0 0 0 0.2277469336986542 0.1825489103794098 0 0.4828430116176605 0 0 0.3343059718608856 0 0 0 0.2905975580215454 0.1422731429338455 0 0 0 15.03123354911804 0 12.55216854810715 1.045238614082336 0 0.439227432012558 0.1164358109235764 0 0.1332418024539948 0 0 0 0.7969332933425903 1.867772176861763 0 0 0.1341600567102432 0 0 0 0 0 0.3823122382164001 0.1594584733247757 0 0.1143050938844681 0 6.150880753993988 0 0 0 0 0 0 0.1795055270195007 0 0 31.82739529758692 1.137682557106018 0 0.1079990118741989 0 2.122124776244164 0 0.2533520758152008 1.052722007036209 1.961615741252899 1.882345512509346 0 0.5805176198482513 0 0.2310908436775208 0 0 0.1046623364090919 0 0 0 14.33342193067074 2.404073275625706 3.94486490637064 654.6841393485665 92.72211892157793 530.4280948750675 250.5227899625897 259.0365291759372 147.3528928384185 23.73063394427299 214.3945237025619 43.35913213342428 0.2256311029195786 3.760744921863079 0.7744364440441132 45.82171320915222 0.7322628349065781 0 2.3542809933424 8.030802428722382 0.3990204334259033
34.35937345772982 286.2705423384905 303.5052387416363 162.5146036297083 3538.720101416111 15.19501048326492 2154.968692526221 187.2432834059 0 1147.740573473275 2545.520250737667 289.9396558254957 3474.202869333327 4041.004111118615 23.31105871498585 3.914804212749004 0.1076079085469246 0 0 0.2648987099528313 0.1850623935461044 0 0 0 0 0.3150833249092102 0.3654048144817352 0.6501984596252441 0.7098921686410904 0.4079451560974121 16.56364932656288 5.353881560266018 3.144725546240807 0.5245682299137115 0.5233721137046814 0 4.529426418244839 0.2638336643576622 5.06503489613533 0 0 0.1667288541793823 0 1.895622372627258 0 0 29.56920293718576 1.884466454386711 0 0.2227800413966179 0.7591241896152496 0.1490487456321716 0 0.2755473852157593 2.128878757357597 2.657987549901009 16.04815644770861 43.15640302747488 12.3039412945509 12.43109652400017 0.6479125916957855 0.3818105757236481 0 8.205261252820492 0.4393156096339226 0.6679811850190163 0.2555783614516258 0.09586760401725769 0 0.1346277147531509 151.9047909975052 9.725042924284935 0 56.38606138527393 18.41562303900719 42.6664304882288 16.50435975193977 2.348491176962852 0 3.682694874703884 0.3944971114397049 0.9852069094777107 2.169736042618752 0.1923889517784119 0.6310223340988159 2.211100205779076 0.9077314436435699 0.2607425451278687 0.433953158557415 0 0.1477912962436676 0 0.1306031197309494 0 0.3684508800506592 326.3177063167095 0.324590802192688 0 0.5282483696937561 13.24444627761841 0.713629424571991 9.126856788992882 8.124799653887749 6.674069553613663 9.390883535146713 24.12535825371742 4.983682751655579 33.06012156605721 45.62130841612816 108.7490222081542 2.02996914088726 65.06156171858311 87.72877592593431 88.71103560179472 22.23622100800276 0.8730143010616302 0.5600793659687042 0 0.3812621533870697 0 0 0 0 0 0.1298037469387054 0 0 0 0 0.2118766307830811 0 0 0 0.4135762453079224 1.319633901119232 0.5071149468421936 0 0 0 28.5699812695384 0.7637429162859917 19.44646828621626 2.15828013420105 1.07355934381485 0.3950559794902802 0 0 0.1584160029888153 0.1752748042345047 0 0 0 0.8866676092147827 0 0 0 0.548639178276062 0 0 0 0 0.4058125019073486 1.241498991847038 1.229023054242134 0.5681507587432861 0 10.099823795259 0.2354941368103027 0 0 0 0 0 0 0 0 57.69250126928091 0.8398674428462982 0 0 0 2.93750087916851 0.7893746197223663 1.053658127784729 0.8705537468194962 2.457658857107162 2.623441845178604 0 0.7967818230390549 0 0 0 0 0 0 0 0.1793925017118454 38.88655355572701 5.504736363887787 6.499336190521717 233.4244195148349 27.34163345396519 131.1884056255221 62.27792562544346 125.2303541302681 47.45022804290056 4.923086687922478 54.73772726207972 33.21086966991425 0.2860751450061798 5.81307677924633 0.7449473142623901 60.58189675211906 0.5074880421161652 1.17517226934433 2.122410386800766 1.281916216015816 0
1257.97097837925 861.7549844756722 35.27336362749338 2059.604670464993 878.1603685691953 422.2001246660948 2754.256253421307 82.18264383077621 1147.740573473275 0 247.4659434482455 1794.391243040562 4225.003506205976 286.2129757553339 7.552244588732719 1.554473496973515 0 0 0 0 0 0 0 0 0.1034927666187286 0 0 0 0.4548022449016571 0.3931865096092224 7.064994357526302 0.3871237188577652 15.03750929236412 0 0 0.1120666489005089 23.86012308299541 1.229843758046627 5.237647831439972 0.6679658070206642 0 0 0 0.104240208864212 0 0 16.65946310013533 0.9586280435323715 0.1998281851410866 0.1413027048110962 0.3402562811970711 1.347048103809357 0 0.2173224836587906 1.873203665018082 1.411272495985031 77.25820524990559 51.71381000429392 10.42132720351219 8.856703840196133 0 0 0 4.43563561886549 0.5071244984865189 0.08857504278421402 0.1618121713399887 0 0 0 2300.223817676306 25.53965973854065 0 68.75304362922907 6.900022834539413 32.7037558555603 3.745824784040451 0.5329820215702057 0.1150272712111473 3.347721859812737 0 0.9196777939796448 1.793999381363392 0 0.5032690837979317 1.657256066799164 0.7778758555650711 0.5193999856710434 0.1776195019483566 0.1310695856809616 0 0 0.1016244739294052 0.232829675078392 0 1423.583745747805 14.60409517586231 1.40214379131794 4.884335979819298 702.3150830343366 1.097763359546661 27.95912542939186 12.5649775415659 28.39663311839104 6.842893034219742 42.09344782680273 16.52412990480661 47.62405037879944 108.0939631611109 241.8752890005708 2.739168927073479 110.4737195000052 196.7304582893848 183.9462462663651 24.24222235381603 0.3659690618515015 1.039263516664505 0 0 0 0 0 0 0 0 0 0 0 0 0 0 0.3722683191299438 0 0.5030253380537033 1.62138706445694 0 0 0 0 32.86404141038656 0.5592385977506638 23.38258612900972 4.749635979533195 1.947873473167419 0 0 0 0 0 0 0 1.776534885168076 2.807985097169876 0 0 0 0.2347469925880432 0 0.09746053814888 0.1255601942539215 0 0.1236200258135796 0.979986697435379 2.355130940675735 0 0.3057718575000763 12.67983287572861 0 1.176054447889328 0.09185300767421722 0 0 0 0 0 0.592126727104187 109.5235558226705 2.085180461406708 0 0 0 1.217590518295765 0 0.6352097392082214 3.13926062732935 4.292210280895233 1.829272568225861 1.496383816003799 0.6768400073051453 0 0 0 0 0 0 0 0 80.74129145592451 3.814778700470924 6.733201593160629 294.3168228715658 7.234348021447659 62.1814002841711 26.18141891807318 920.8953446000814 17.76392123103142 2.353137992322445 20.0839691311121 56.42617478221655 0 5.806562662124634 2.255752176046371 220.2805722653866 2.494386732578278 1.437447786331177 2.966393798589706 1.150465711951256 1.225399255752563
244.9298584386706 1564.514213770628 3244.519767664373 25.90036582201719 4129.631010912359 11.60089852660894 664.1085654199123 1302.464176535606 2545.520250737667 247.4659434482455 0 134.3000481277704 4413.12928622216 6731.760066904128 183.868998683989 66.79057987779379 1.802901238203049 0.4176445826888084 0 1.003313034772873 1.892366044223309 1.124169372022152 0.1162281483411789 0.3941086977720261 4.311191633343697 2.625042699277401 4.883752427995205 3.160373032093048 7.952567882835865 1.226681858301163 299.8599696680903 150.7238267511129 760.5670487582684 0.6107508763670921 0.57322858273983 2.447881869971752 649.9755194634199 13.37569105625153 6.868950553238392 1.474604777991772 5.958933860063553 1.679775230586529 0.5880031585693359 25.1053563952446 0.1109751015901566 2.180781744420528 175.7782326564193 4.85215050727129 2.093740254640579 1.243317626416683 4.883075781166553 0.1201824620366096 0.4826657176017761 1.959353178739548 4.294198490679264 8.350749410688877 59.3244319409132 249.1025561392307 31.51773154735565 51.4945245757699 3.69541347771883 5.72639237344265 2.549387462437153 88.01522998511791 3.233158223330975 1.770800717175007 1.962262690067291 0.9182729125022888 1.276719830930233 3.230140276253223 293.5083663389087 24.75028249621391 0 213.1557001546025 86.73925657570362 208.153545178473 98.73821084201336 38.36029952019453 13.82393211871386 234.6896808668971 2.131070353090763 25.2716903835535 10.40003349632025 0.8530343100428581 1.338341571390629 11.9744411110878 3.326871536672115 0.2811176255345345 1.94774304330349 0 0.4838687404990196 0.8006068542599678 3.738288909196854 3.391374655067921 1.417239665985107 322.4701086208224 6.894865572452545 0 2.319066449999809 38.767648011446 0.2050856202840805 10.81838195025921 9.142174050211906 6.478613182902336 5.781785368919373 30.54793740063906 6.305252999067307 37.32014536857605 38.70881935209036 108.8100477904081 2.510481774806976 68.77125617861748 78.61790226399899 99.83921256661415 32.23366588354111 0 0.5813557207584381 0.1106539443135262 1.935469955205917 0 0 0 0 0 0.3559489548206329 0.1251396536827087 0 0 0 0.1253065913915634 0 0 0.5495293289422989 0.3145574331283569 0.8611984923481941 0.8889413177967072 0 0 0 35.22595219314098 0.1286516487598419 24.56065396219492 2.719772346317768 0.9948645383119583 0 0 0 0 0.5759827494621277 0.6511392146348953 0 0.5266874730587006 4.785309590399265 0.5237134397029877 0.1061776205897331 0 0.2193388193845749 0.406451553106308 0 0 0 0.6648144572973251 0.6790103912353516 0.6093699336051941 0 0.1809148192405701 8.679004661738873 0.6933673620223999 0.1592962145805359 0.2103670686483383 0 0 0.1949263215065002 0.1363092809915543 0 0.6839513629674911 62.51696743816137 2.842406764626503 0 0 0 6.385278910398483 0.5875995755195618 0.9844041764736176 1.114464968442917 1.699841529130936 2.942452073097229 0.1399509459733963 0.2722397968173027 0 0 0 0 0 0 0 0 41.79539402574301 5.146625533699989 13.816202506423 822.8611855506897 125.838809914887 512.4800663888454 292.557623885572 227.071750074625 150.8649029582739 30.11480555683374 268.41817586869 51.42116771638393 0.4991985261440277 10.85894773900509 2.501631230115891 66.10060533136129 2.677813872694969 2.367462918162346 5.379069767892361 16.84221694618464 1.505911767482758
45.11683232337236 87.44569943845272 8.996357709169388 533.465553894639 203.0844842791557 101.1211151480675 193.9605825990438 21.79938679933548 289.9396558254957 1794.391243040562 134.3000481277704 0 1597.565212696791 132.8683326542377 8.390439175069332 3.163289025425911 0.2853093296289444 0 0 0 0 0 0 0 0.1261064261198044 0 0 0 0 0 1.132548972964287 0 85.52886241674423 0 0.1375477164983749 0.1244567781686783 82.41470928490162 1.486118972301483 5.128783583641052 1.151887580752373 0.3056954145431519 0 0 1.097216427326202 0 0.1490771323442459 5.644451767206192 0 0.1768229603767395 0 0 0 0.1595031768083572 0 0.1228195652365685 0.246855616569519 14.27867145836353 7.197931125760078 2.678669556975365 4.816274002194405 0 0.1755561381578445 0 1.808675020933151 0.1042779833078384 0 0.1063016802072525 0.1451065093278885 0 0 1297.533997893333 46.20930787920952 0 20.662542514503 2.701363533735275 10.10352604836226 0.2775720432400703 0.7877070307731628 0 16.21446549892426 0.1105913743376732 0 0.6027835533022881 0.09591624885797501 0 0.1001207679510117 0.3998511582612991 0 0.3007380962371826 0 0 0 0 1.365167260169983 0 2370.350583419204 34.04752177000046 0 4.963280156254768 87.35388462245464 0.8630146980285645 11.44471316039562 6.284664168953896 12.48025660216808 3.644122906029224 41.24557819217443 12.42277054488659 35.49168980866671 54.35195799171925 173.6326207965612 1.577039465308189 83.58190831542015 105.0083549916744 125.4607113599777 35.57543137669563 0.2954424917697906 0.8117542713880539 0 0 0 0 0.1546953916549683 0 0 0 0 0.2165521681308746 0.6182916760444641 0 0 0 0 0 0 0.3916070014238358 0 0 0 0 39.72943590581417 0 22.21794547140598 2.28382907807827 1.282434612512589 0 0 0 0 0.4828668087720871 0 0 1.902935475111008 2.510408766567707 0.153807520866394 0 0 0 0 0 0.3916158229112625 0 0.3819287717342377 2.565126731991768 0.8128017038106918 0 0.1487577259540558 13.07555074244738 0.4551310390233994 0.1469046622514725 0.2738575339317322 0 0 0 0 0 0.1437937021255493 73.92552947252989 2.265722066164017 0.3291374742984772 0 0 3.322116672992706 0.5461714267730713 0.2569296658039093 2.5328573808074 3.412924826145172 2.366895146667957 0.8277719914913177 1.522303886711597 0 0 0 0 0 0 0 0 73.07121118158102 6.280922934412956 8.587308257818222 112.5722854286432 2.70667877048254 26.12582960724831 13.17492822557688 165.9823466390371 7.120854429900646 0.5903150960803032 24.35333655029535 25.26069435477257 0 3.983340635895729 0 77.79770416021347 1.504373177886009 0 2.435622408986092 0.6647097021341324 0.1394854635000229
332.7818789258599 1285.738364174962 146.5858855694532 1206.136878684163 1307.926738955081 137.0676440596581 4583.892070308328 574.3770028054714 3474.202869333327 4225.003506205976 4413.12928622216 1597.565212696791 0 8072.03811082989 116.9104098677635 51.07443200796843 1.284326821565628 0.1244476586580276 0 0.5810453072190285 1.269927985966206 0.2235355824232101 0 0 0.399084784090519 2.322066769003868 1.756846114993095 2.148544885218143 5.149439103901386 1.337319895625114 15.5794693082571 3.241715870797634 88.73016214370728 0.1560621559619904 0.9972471445798874 0.8143436014652252 95.53185992687941 3.283491313457489 11.69384712725878 1.729266546666622 1.662013083696365 0.4892838150262833 0.6071590185165405 19.57563437521458 0.2965675443410873 0.7394862323999405 93.99897149205208 2.084485247731209 1.282844036817551 1.41359605640173 1.959957599639893 0.3318665027618408 0.2647225260734558 1.046686790883541 1.856397643685341 3.201702505350113 43.87434749305248 74.64504314213991 18.21444416791201 26.30438441038132 1.767215937376022 5.638048820197582 0.7574184834957123 8.960803173482418 0.9366778656840324 0.9767884463071823 0.6233077570796013 0.3707145750522614 0.5546107068657875 0.9610526710748672 1388.840021088719 74.75338357686996 0 104.4917585328221 19.15998753160238 70.12705344706774 27.50061380118132 18.24262630939484 0.1290877163410187 122.8712097108364 1.02860489487648 2.31330145150423 3.449263907968998 0.5464555621147156 0.5631875544786453 5.190157808363438 2.277875728905201 0.2113838866353035 1.21317396312952 0.1791471987962723 0.4213919118046761 0.6384484171867371 1.86673317104578 1.224941864609718 0.4094189703464508 3480.723368786275 24.36657971143723 0 4.54133015871048 156.3336689397693 1.875630758702755 26.43265520036221 27.19500207155943 27.22473316639662 32.20714540034533 97.01739483326674 15.57735368609428 122.1758531108499 160.7917510420084 425.5136161446571 8.280477583408356 234.3631507977843 344.0496506392956 382.9960574582219 104.9722918123007 0.6434040069580078 1.131107971072197 0.1388666480779648 0.3494513332843781 0 0 0.2469867840409279 0 0.1368112415075302 0.5410153567790985 0 0 0.2609201446175575 0 0.51744145154953 0 1.010411560535431 1.16988080739975 1.61215353012085 3.183088764548302 1.379185676574707 0 0 0 124.0403595492244 0.921549491584301 73.12452226877213 5.12331110984087 0.7686220556497574 0.7699294462800026 0 0.152710422873497 0 0.3299360275268555 0.321419321000576 0 2.40822534263134 8.153206519782543 0.1971801221370697 0.1344947665929794 0.2267495095729828 0.8215696066617966 0 0.2158094048500061 0 0 1.310947112739086 4.032253973186016 2.023922488093376 0 0.27962876111269 33.03246182948351 0.5028512924909592 0.9704697802662849 0 0 0 0.1444266140460968 0.1120656728744507 0.1724600195884705 0.2544860318303108 244.1201939880848 5.535410717129707 0.2327272742986679 0 0 10.8371787071228 0.1524061858654022 1.985916331410408 7.618207730352879 7.624890238046646 7.697571687400341 3.154890298843384 2.382469460368156 0.2030573934316635 0 0 0 0 0 0 0 197.8168111667037 27.54081824421883 36.56082525104284 917.4917704761028 75.92391864210367 300.0708034932613 202.1692626327276 403.0062153637409 92.44622149318457 13.95232384651899 257.6796175688505 69.75462520122528 0.8886586353182793 17.67345894873142 1.83363501727581 181.3487803786993 4.709905400872231 1.306982800364494 7.654746070504189 15.2171620875597 0.1661558449268341
66.94238510727882 579.0030347853899 237.8298673406243 64.28297837078571 1582.523411229253 12.71143491566181 1503.410579703748 916.5915126949549 4041.004111118615 286.2129757553339 6731.760066904128 132.8683326542377 8072.03811082989 0 84.9177872762084 38.96788033097982 1.73800753057003 0.1182094886898994 0.1392802447080612 0.7371758818626404 1.132268577814102 1.047491937875748 0 0.4625391215085983 2.273525819182396 2.039789870381355 2.987432062625885 1.285082176327705 4.221424221992493 0.1456512808799744 23.80204557627439 4.23097039014101 605.3254176676273 0.493428573012352 0.1253110766410828 2.306577086448669 1442.705309256911 78.22096773982048 11.95337425172329 1.025614559650421 3.939417645335197 0.8359371423721313 0.2903971970081329 17.52985367178917 0 0.3188330084085464 59.37203731387854 0.5652702525258064 0.1126130223274231 0.1418614685535431 0.969498947262764 0 0.2332019209861755 0.9494930803775787 0.9370607435703278 1.846225932240486 14.7920083552599 25.62979902327061 6.378226801753044 13.63244126737118 0.5541840642690659 6.82869678735733 0.9447686523199081 5.79925574362278 0.5369954779744148 0.291447289288044 0.1039592549204826 0 0.125470295548439 1.74326629191637 648.4976263567805 34.40523479878902 0 43.41993125528097 9.217623211443424 44.76184844225645 15.88174334913492 15.66188440471888 0.1003641113638878 545.5446404665709 0.1292343288660049 1.786073587834835 2.269667379558086 0.1575948745012283 0.2165650725364685 2.946332305669785 1.575854428112507 0 0.434154286980629 0 0 0.9114503264427185 1.530507594347 1.36074024438858 1.135056138038635 498.6233727782965 9.994896784424782 0.4156767725944519 2.342633500695229 21.43638392537832 1.20140615105629 5.946079015731812 5.677412137389183 6.587970376014709 11.26365166157484 25.93601456284523 4.223502069711685 30.1428437680006 38.29649804532528 89.39776176214218 2.454661995172501 57.67566663771868 82.30081876367331 80.77804100513458 22.84815917909145 0.4422253370285034 0.4229847639799118 0.5518450140953064 0.2238467633724213 0 0 0 0 0 0 0 0 0 0 1.164261847734451 0 0 0.7821995466947556 1.307197868824005 1.320814415812492 0.513228178024292 0 0 0.5530797392129898 40.38124832510948 0.1356307864189148 25.97249981015921 2.570528514683247 1.075183749198914 0 0 0 0 0.2029469162225723 0 0 1.007823497056961 3.035157963633537 0 0 0 0.1616727113723755 0.6742027401924133 0 0 0 0.2478543668985367 1.586140736937523 0.2214432507753372 0 0 9.186374045908451 0 0 0 0 0 0 0.3837898820638657 0 0 69.06090768426657 2.80854868888855 0 0 0 2.222398117184639 0 0.7046583294868469 1.552706994116306 2.122520968317986 2.318891793489456 0.792643129825592 0.5509362071752548 0.1194116100668907 0 0 0 0 0 0 0 41.03405302017927 7.78047887980938 19.48928836733103 546.1421652957797 47.33448319137096 184.6988056451082 120.3123749643564 103.3319337219 55.31091246753931 7.413812153041363 174.6001077964902 25.80124907940626 2.112809911370277 6.076258420944214 1.277125298976898 46.2284299582243 0.5956719368696213 0.173451155424118 2.944098144769669 12.39395050704479 0.5758171677589417
