0 3002.601436816156 794.5648595094681 2306.302306182683 240.6961207687855 250.3187518417835 985.0020467042923 7.806667014956474 180.3396402150393 1057.1935897246 103.9475741609931 43.6246130168438 325.8406604155898 38.90161623060703 2.725125826895237 0.7585562616586685 0.2629045993089676 0.476050116121769 0.2081148475408554 0 0.1291351914405823 0 0 0 0 0.2034464254975319 0 0.1447310894727707 0.2305234670639038 0.1231453716754913 304.2547322586179 1.306449949741364 4.144282385706902 0 0 0 2.402091108262539 0.3788986504077911 0.2855696827173233 0 0.1272080838680267 0.1465945839881897 0.09735129773616791 0.4014929980039597 0.210168831050396 0 7.868878059089184 3.176698796451092 0.4467130303382874 0.4091165289282799 1.204486094415188 0.1020453050732613 0 0 2.402938827872276 1.820261768996716 508.2910759598017 736.2400119304657 27.30394320189953 7.813468128442764 0.1992682591080666 0.3908495083451271 0 9.530555881559849 3.846717536449432 3.051547393202782 0.862278126180172 0.8832666128873825 0.08464403450489044 0.3795747086405754 14.29033992439508 4.369398325681686 0 113.2328900173306 66.00246605277061 38.36084661632776 1.635378688573837 0.1299519240856171 0.5315668508410454 6.229633189737797 0.2928864434361458 1.943179085850716 7.978104121983051 0 1.427255854010582 1.100663959980011 2.282355889678001 0 0.7066953629255295 0 0.2046973258256912 0.4460937008261681 0.1196757704019547 0.3080797344446182 0.8575213998556137 66.7490755841136 5.680033445358276 1.139136612415314 1.570266485214233 1554.757301717997 0 1.82866370677948 0.5682046413421631 0.4698879420757294 4.111486241221428 6.74241179227829 4.311865717172623 6.124692812561989 1.89117905497551 4.271626621484756 0.8394172787666321 9.929382428526878 8.253043308854103 4.149312749505043 1.427101954817772 0.3661788702011108 0 0 0 0 0 0 0 0 0 0 0 0 0 0 0 0.5102625489234924 0 0 3.493349015712738 1.204680368304253 0 0 0 2.545648127794266 0 2.949947267770767 1.530466377735138 0.5230802297592163 0 0 0 0 0 0.1980367302894592 0 0 0 0 0 0 0 0 0 0 0 0 0.462038666009903 0 0 0 3.034649103879929 0.5451205372810364 0 0 0 0 0 0 0 0 11.64689569920301 1.442638635635376 0 0 0 0.3279952555894852 3.518570393323898 2.129161953926086 0.1080745607614517 0.5662047863006592 0.5362097769975662 0.34767946600914 1.026659846305847 0.09819833189249039 0 0 0 0 0 0 0 6.222202762961388 1.674790948629379 3.478071972727776 193.2722408547997 8.602883569896221 92.75638918578625 16.76566826552153 1607.206548444927 13.9591521769762 0.435361236333847 21.74325466156006 3.990281969308853 0.09864863008260727 1.114767543971539 0.7299857586622238 14.51594136655331 0.5621857643127441 0 0.5770096629858017 0.6563812345266342 0
3002.601436816156 0 832.2354131042957 790.384269721806 7258.29017931968 95.38573671877384 4453.160699687898 57.26776798069477 2624.952003464103 237.4389080703259 710.8568865284324 48.65723197907209 542.4576854854822 177.6631968095899 36.12938906252384 5.085519678890705 0.785884752869606 0.6552264466881752 0.4690589010715485 0.2074298560619354 0 0 0 0.4526248127222061 0.19731305539608 0.432665690779686 0.7058991864323616 0.5163363665342331 0.6669863760471344 0.3136393055319786 1585.319474749267 9.894214533269405 5.899390302598476 0.3577704727649689 0 0 9.496995493769646 1.657386228442192 0.8813766688108444 0 0.6684254258871078 0.4700369834899902 0.8294373601675034 0.8695340752601624 0.3082077577710152 0.103822685778141 49.87127874046564 5.796275496482849 0.5888419076800346 0.5722503289580345 1.010155640542507 0 0 0.09754477441310883 2.425578780472279 2.599651537835598 131.3173942267895 624.0657745823264 16.03045186400414 26.29050680994987 0.9237496852874756 2.533852860331535 0 34.69386219978333 6.484424605965614 5.691534794867039 1.211045421659946 1.410555630922318 0.6405820026993752 0.6685738414525986 13.96728726476431 1.230645656585693 0 114.0532989278436 81.11898159980774 172.0866838991642 25.27022118866444 3.170954950153828 1.746947877109051 30.01627044379711 0.7721616923809052 6.535449594259262 11.01859133690596 0 3.998114801943302 1.038362987339497 2.96070009469986 0 1.224183566868305 0.2208328545093536 0.3004267960786819 0.3769817352294922 1.245445907115936 0.3739455714821815 0.5058442875742912 46.39811088889837 1.052374705672264 0 1.341434635221958 983.7084120959044 0 1.558693900704384 0.4541873037815094 0.7757568359375 1.230567499995232 7.437876105308533 1.55693481862545 3.337866052985191 1.584467440843582 6.600423976778984 1.309779033064842 6.533483907580376 6.767355442047119 5.082912981510162 3.044743180274963 0.378231406211853 0 0 0 0 0 0 0 0 0 0 0 0 0 0 0 0 0 0 2.675720483064651 2.519151851534843 0 0 0 2.945764303207397 0.4230654984712601 3.7331253439188 0.271273672580719 0.1232291460037231 0 0 0 0 0 0 0 0.66322061419487 2.124244213104248 0 0 0 0 0.1108790785074234 0 0 0 0 0 0.3007085919380188 0 0 3.209497734904289 0.4456474930047989 0.2730178236961365 0 0 0 0 0 0.1095104888081551 0 11.91017977148294 1.09327906370163 0 0 0.08659083396196365 2.955329209566116 3.707059070467949 1.633407711982727 0.103767104446888 1.458699569106102 1.514827191829681 0 0 0.105312168598175 0 0 0 0.1109083741903305 0.09360004961490631 0 0 7.171914771199226 4.845571078360081 4.885178282856941 167.5424993857741 12.95492666214705 143.8235928341746 24.6141033321619 603.2146238014102 14.72920425236225 0.8449273034930229 24.45973883569241 3.074220404028893 1.21139258146286 1.422618344426155 0.087462417781353 9.079944089055061 0.3523120582103729 0 0.5313079953193665 2.009273491799831 0.4608251303434372
794.5648595094681 832.2354131042957 0 29.09238792210817 797.2113647535443 23.40092592686415 236.0838112607598 625.5892443805933 1674.580186381936 67.32025761157274 2861.39526874572 56.93524043262005 198.5621148198843 250.4966875240207 69.47766238451004 9.62937930226326 2.12849435955286 16.47350844740868 4.673861145973206 19.13235256075859 32.00214245915413 0.2270378619432449 6.693290531635284 5.744026251137257 1.526425614953041 3.68581423163414 6.056570023298264 3.172705873847008 1.124680355191231 0.8775071427226067 7303.582821175456 323.0164874568582 41.59770135581493 3.981636397540569 3.805365033447742 0.6799231171607971 27.08481899648905 1.875245057046413 4.663120292127132 0.1397015899419785 40.6435831040144 2.043184325098991 40.94087097793818 12.09779760241508 10.07960662990808 13.38618411868811 73.59960894286633 12.2650864943862 1.068235471844673 19.5929511487484 1.954865776002407 0.08613225817680359 0 0.6666059941053391 6.375383637845516 5.41746860742569 236.9426198005676 1699.251705624163 28.82819002121687 45.50575808435678 25.77436733990908 8.433295212686062 1.118553854525089 286.0006053820252 15.22819119691849 11.63977408409119 3.933895260095596 2.32657515257597 15.50264773517847 85.2518305554986 73.11585325747728 3.546952322125435 0 243.8999833837152 305.7903472483158 356.7751416862011 90.09293060749769 9.345580026507378 252.0967939198017 554.9435441792011 45.15266064554453 328.1805494576693 23.85899422317743 0.08446452766656876 9.345841318368912 3.400406576693058 10.31219763308764 0.08698157221078873 2.306628249585629 0.2029054015874863 0.7169065847992897 1.213589139282703 5.941611535847187 0.9242724925279617 1.988644704222679 56.14018100500107 16.40491885691881 0 7.769794814288616 580.0698752850294 0 0.479584202170372 1.157373085618019 0.8730252981185913 3.646714732050896 16.47831320017576 7.17781837284565 15.8625907227397 2.805336102843285 13.31058205664158 2.104551129043102 17.67309945076704 14.342445127666 13.44117777049541 13.0881105735898 0.4002136588096619 1.284550696611404 0.4423457682132721 0 0 0 0 0.6632828637957573 0.1369867473840714 0 0.1302751451730728 0 0 0 0.3078092932701111 0.4044907242059708 0 1.217937156558037 0 7.960998564958572 8.42892986536026 0 0 0.2755158245563507 12.54833937436342 2.251248970627785 14.47867451608181 3.176147632300854 3.065683797001839 0.1855607181787491 0.2626782953739166 0 0 0.2826102674007416 0 0 0.9953881651163101 2.770536884665489 0.4117240607738495 0.1823844164609909 0 1.232026487588882 0.840856060385704 0 0.1754103302955627 0 0.6543262004852295 1.569919839501381 0 0 0.9984038472175598 17.48854374885559 0.8734591007232666 0.314103364944458 0.09354569017887115 0 0.4516902342438698 0.3785488307476044 0.2621587142348289 0 0.1156082078814507 36.11257220059633 3.691679932177067 0 0.1862464100122452 0.8612395003437996 8.519816100597382 8.737763650715351 9.699211411178112 1.77773243188858 2.181355550885201 4.604680582880974 0.6132240891456604 0.2472236156463623 0.2664390057325363 0 0 0 0.4257923811674118 0 0.1217625066637993 0 19.92857084423304 17.29362421482801 22.65792006999254 213.150222145021 27.48226569592953 225.877080231905 39.68669372051954 347.1107780188322 24.12835878878832 2.499798901379108 33.34222271293402 10.37418024241924 0.8579508364200592 10.84123358130455 1.901191294193268 33.53811787068844 1.849550180137157 0 2.721704445779324 3.461375549435616 0.9829582720994949
2306.302306182683 790.384269721806 29.09238792210817 0 108.8824801817536 616.4292832612991 2579.882656373084 3.678859427571297 429.5457592755556 2007.787051677704 6.94489997625351 154.4882061854005 1697.35385158658 98.14499035477638 7.750304065644741 0.6065401658415794 0 0.2610376924276352 0 0 0.3704424202442169 0 0 0 0 0 0 0.1131059378385544 0 0 58.88010400533676 1.586508519947529 3.495225392282009 0.128527894616127 0 0 2.129010677337646 0 0 0.1443781107664108 0 0.2241624370217323 0.1115883514285088 0.1468843221664429 0.08902843296527863 0 10.2711281105876 1.55346367508173 0.1530792713165283 0.1352151036262512 0.2309481352567673 0 0 0 1.067812711000443 0.9216104745864868 95.79726442694664 131.767329312861 7.485357157886028 6.504574097692966 0.3735134452581406 0.8827464878559113 0 7.580534636974335 2.271583914756775 0.8700395002961159 0.4957835972309113 0.1986633464694023 0 0.1808053404092789 5.135961517691612 0.1051269546151161 0 38.15106322616339 24.98649297654629 40.01165655255318 4.258981287479401 0.1932407468557358 0.08691506087779999 0.8822367340326309 0.1752880811691284 1.997509263455868 3.194893606007099 0 1.358267910778522 0.3054053485393524 0.9204762503504753 0 0.09842567890882492 0 0 0.09881316870450974 0 0 0 59.98923614621162 0.5328432321548462 0 0.3166622221469879 727.0574345141649 0.5884099006652832 1.553389608860016 1.100182265043259 0 0.5345952808856964 4.865670159459114 5.164487451314926 7.626132905483246 1.325507372617722 5.487813025712967 0.6186495274305344 9.013894721865654 6.452809229493141 4.015600174665451 2.016383945941925 0 0 0 0 0 0 0 0 0 0 0 0 0 0 0 0 0 0 0 2.054991483688354 1.70604732632637 0 0 0 1.095137193799019 0.1807738691568375 2.505990207195282 0.3234878182411194 0.3068512380123138 0 0 0 0 0 0 0 0 1.741314888000488 0 0 0 0 0 0 0 0 0 0.1693794727325439 0.2385711967945099 0 0 3.15395687520504 1.358340710401535 0.1307369619607925 0 0 0 0 0 0 0 7.779010623693466 0.7938853204250336 0 0 0 2.17303903400898 0.4489921778440475 1.131702780723572 0.5467539429664612 0 0.5360515862703323 0 0.1783731728792191 0 0 0 0 0 0 0 0 6.340185791254044 1.281690150499344 2.270674832165241 99.44970263540745 4.035900227725506 47.71385405212641 9.895873293280602 985.9381519854069 5.241875767707825 0.1374447196722031 9.609495058655739 3.556899383664131 0.1369140148162842 1.434384912252426 0 8.240256458520889 1.052960723638535 0 1.164710164070129 0.7159625887870789 0.1384335160255432
240.6961207687855 7258.29017931968 797.2113647535443 108.8824801817536 0 16.18429154157639 4574.392036482692 130.5213652476668 3442.171391583979 414.1655470952392 629.8690166175365 201.3028976917267 929.7683913186193 284.8287259489298 48.22695609927177 8.666537560522556 0.339652307331562 0.6079902499914169 0.09624594449996948 0.4555388018488884 0.3336417898535728 0 0.1113211512565613 0 0.3146825805306435 0.5851084440946579 0.3576713353395462 0.5940925478935242 1.01042677462101 0.1909295469522476 198.4590602815151 13.63076738268137 9.092637836933136 0.09267065674066544 0 0 9.444650828838348 1.655789725482464 2.289450824260712 0.1091415360569954 0.8444563373923302 0.7107986360788345 0.8810633346438408 0.2956851720809937 0.2026758193969727 0.370038814842701 57.32057308405638 6.467297829687595 0.8984867930412292 1.034015245735645 0.6306344196200371 0 0 0.09159292280673981 1.959109596908092 2.055343560874462 36.3417845889926 101.1536364853382 9.085909612476826 28.48801516741514 0.9461852237582207 4.53059870749712 0 46.00830718874931 5.262168303132057 4.529294356703758 1.452792033553123 0.8804834485054016 0.2152666747570038 0.6623335555195808 33.91756185889244 3.100355103611946 0 74.15966502577066 47.22918936610222 194.0613546818495 36.52645143121481 4.646550074219704 1.801581770181656 18.84150096774101 0.5064327269792557 8.317480273544788 9.249722801148891 0.1114062517881393 3.570219308137894 1.367037206888199 3.621184155344963 0 0.2793426513671875 0.3670086413621902 0.4726447910070419 0.3173107728362083 0.5613933652639389 0.9032082259654999 1.301113978028297 166.9488441869617 3.470616526901722 0 1.988399468362331 79.939203299582 0.161755695939064 2.830764904618263 1.158210828900337 1.973423883318901 4.658642873167992 15.18531299382448 9.188028365373611 16.80288636684418 3.613215073943138 12.70347139984369 1.723786696791649 24.5668730288744 21.47259989380836 15.25746282935143 12.11979505419731 0.2998302578926086 0 0 0.2623337209224701 0 0 0 0 0 0 0 0 0 0 0.320892870426178 0 0 0.1863387078046799 0 8.595553174614906 4.199582546949387 0 0 0 7.585591703653336 1.171485066413879 8.601844638586044 0.5290534943342209 0.3236735463142395 0 0 0 0 0 0 0 0.9001661986112595 5.208388030529022 0 0 0 0.3909569382667542 0.1811535209417343 0 0.1374339759349823 0 0 0.4296071529388428 0 0 0 8.855447374284267 2.166171461343765 0.7972034215927124 0 0 0 0.0973559245467186 0.08721770346164703 0 0 35.47811350226402 1.17556232213974 0 0 0 4.879175871610641 5.489205747842789 6.92585501074791 0.2929515242576599 1.971101135015488 2.101555585861206 0.7198872566223145 0.8938887268304825 0 0 0 0 0 0.08052846789360046 0.09442904591560364 0 35.21537928283215 11.44003493338823 10.82458860427141 155.5794617384672 13.24869703501463 118.2773413360119 18.95988465100527 140.6782911643386 14.1064311042428 0.5378432795405388 18.23545164614916 3.152318060398102 0.577925018966198 6.513501673936844 0.9290206357836723 21.92781312763691 2.748293459415436 0.1240119636058807 2.580429226160049 1.164020970463753 0.1049115210771561
250.3187518417835 95.38573671877384 23.40092592686415 616.4292832612991 16.18429154157639 0 123.2997584789991 1.232065103948116 57.67528555542231 718.1692376732826 9.51783213019371 201.583622649312 230.2531302124262 37.9612430408597 1.103437572717667 0.6474732458591461 0 0 0 0 0 7.912744104862213 0 0 0 0 0 0.2049792110919952 0 0 7.599258527159691 0 10.86210410296917 0 0 0 22.48248288035393 0 3.126668319106102 0 0 0 0 0 0 0 0.2230811417102814 0 0 0 0.08876447379589081 23.56030941009521 2.907894656062126 0.5503608584403992 0 0.4108231067657471 205.0529220849276 26.08880583196878 5.330416522920132 0.1717845946550369 0 0 0 0.7000858038663864 0.212272584438324 0.3021227940917015 0.1642546355724335 0 0.1420433223247528 0 271.3758059293032 355.7107646465302 5.481632709503174 3.36651261895895 0.7392007634043694 1.892762735486031 0.4893995374441147 0 0 2.095659852027893 0 0.2115911692380905 0.3064333647489548 1.814453274011612 0.1944204419851303 0 0 9.80594727396965 2.788326397538185 22.76247960329056 0.7715699374675751 1.277875959873199 0 0.6476541310548782 1.400841549038887 601.1289514452219 224.1419471949339 91.45853015780449 16.02910028398037 377.0986525714397 0 0 0.3021070063114166 0 0 1.064471438527107 1.859573692083359 1.25371715426445 0 1.018280476331711 0 0.5911953151226044 0 2.195749640464783 0.8094113022089005 0 0 0 0 0 0 0 0 0 0 0 0 0 0.2121714651584625 0 0 0 0.2061748951673508 0.4385333359241486 0.3293998539447784 0 0 0 0 1.562083274126053 0 1.951930716633797 0 0.1973119229078293 0 0 0 0 0 0 0 0 0 0 0 0 0.1872766613960266 0 0 0 0 0 0.3628294467926025 0 0 0 0.6938736438751221 0.4056090712547302 0 0 0 0 0 0 0 0 1.263896003365517 3.763358384370804 0 0 0 0.2689231038093567 0.2464177161455154 0.9488832354545593 0.3768092691898346 0 0 0 0 0.1265765130519867 0 0 0 0.2055211514234543 0 0 0 1.460385501384735 3.327975302934647 1.894092828035355 27.0298915579915 0.1348258852958679 1.953170083463192 0.3839167878031731 185.0360732227564 0.1566341668367386 0.1659292429685593 0.3895041942596436 1.156952142715454 0 0 0 3.281819492578506 0 0 0.8788812160491943 0 0
985.0020467042923 4453.160699687898 236.0838112607598 2579.882656373084 4574.392036482692 123.2997584789991 0 53.16571650654078 5257.517539769411 2079.868897236884 152.1843237131834 166.0904229134321 5737.404110386968 848.3848519027233 90.29242292046547 8.053858108818531 0.3251760601997375 1.332579597830772 0.7475392296910286 0.545477606356144 0.5420185178518295 0 0.2100505977869034 0.2251192107796669 0.4531550109386444 1.220235876739025 0.7487114071846008 0.7304208055138588 1.659234061837196 1.082550950348377 276.8908779248595 19.07772741466761 18.09881933778524 0.2082659676671028 0 0 12.86071185022593 2.815781354904175 3.325551547110081 0.4926193058490753 1.499401420354843 1.859734512865543 0.2078551352024078 0.7972305491566658 0.4106996804475784 0.2109348326921463 103.7432767748833 9.935706987977028 1.246307976543903 1.342400826513767 1.790350869297981 1.051350437104702 0 0 4.797896504402161 4.737287849187851 116.7915826663375 287.6556837931275 19.40602070093155 52.25992749631405 2.107764452695847 7.361847572028637 0 67.48313375562429 9.722059220075607 8.224712610244751 3.80148684233427 1.29005391150713 1.121468976140022 1.394005455076694 38.6617673188448 2.125542193651199 0.1198499873280525 146.6965970918536 104.3997991606593 350.4352041855454 48.10909952968359 4.764130122959614 2.253557652235031 21.80391412973404 1.648814871907234 10.82470294833183 20.82168054580688 0.09943107515573502 6.997847102582455 2.103296287357807 6.906837642192841 0.08333587646484375 1.541498139500618 0.1950549483299255 1.35211406648159 0.9276754558086395 0.6994228810071945 0.9321264773607254 2.61846699565649 182.5684283822775 5.976991645991802 0.2525396943092346 2.58617390692234 266.3344067856669 1.212081655859947 1.122669026255608 2.653822541236877 1.795579642057419 5.571101918816566 18.20620787143707 9.026563733816147 22.11875152587891 2.685316145420074 14.95389360189438 2.862008556723595 30.11859792470932 29.48648193478584 18.72780904918909 15.65860366076231 0.2121054828166962 1.539088129997253 0 0 0 0 0 0 0 0 0 0 0 0 0 0 0 0 0.3381292521953583 10.72236009687185 5.300887048244476 0 0 0 11.54840076714754 1.739664152264595 9.298812299966812 1.411539375782013 0.7969246357679367 0 0 0 0 0.2695361375808716 0 0.2029414027929306 1.372913494706154 4.622274279594421 0.3623183742165565 0 0.118051789700985 0 0.436335414648056 0 0.2211477309465408 0 0.1910011023283005 2.352025955915451 0 0.2316229939460754 0 12.75653824210167 2.900193944573402 0.3873951584100723 0 0 0 0 0.1203725412487984 0 0 41.2859617844224 1.510787680745125 0 0 0.2771473899483681 8.127861246466637 5.278908476233482 5.917773440480232 1.765117183327675 0.8179965615272522 4.981557920575142 0.5823585689067841 1.999670505523682 0 0 0 0 0.3266683369874954 0 0 0 38.96998696774244 15.54477074742317 9.881405346095562 306.7529691904783 30.34723926335573 245.8525700643659 37.25192222744226 514.876480281353 24.58276351541281 1.112196713685989 34.91363449394703 7.889213658869267 0.08632919192314148 6.967815585434437 1.880992293357849 35.9927045404911 0.6432484090328217 0.1241086944937706 1.831777185201645 2.552308954298496 0.966017559170723
7.806667014956474 57.26776798069477 625.5892443805933 3.678859427571297 130.5213652476668 1.232065103948116 53.16571650654078 0 540.8536327630281 12.75625924021006 3652.921141892672 27.3999332562089 146.8312193825841 271.1129157170653 86.44035469740629 23.96314442157745 4.798577234148979 18.34114112704992 6.143596313893795 34.5466717928648 73.46106810122728 0 26.01260555535555 23.35981649905443 5.511742860078812 11.2235007584095 18.59016197919846 3.741745635867119 1.086035557091236 1.239655494689941 1280.338567040861 2124.728121243417 29.68924554437399 11.46775391697884 13.65754209458828 0.2808317318558693 16.9110279455781 1.282574020326138 3.429315313696861 0.09019657224416733 114.9244022965431 2.72899703681469 73.8240966424346 16.29660521447659 16.41375760734081 20.54485543817282 82.81296394020319 4.885122574865818 1.612509578466415 35.80394272506237 1.742935240268707 0.2386253103613853 0 1.882690377533436 2.171724319458008 1.986144423484802 42.61400137096643 179.8699910268188 7.93589986115694 33.13070055097342 67.53785975277424 14.06204783916473 2.4444560110569 318.2778731659055 6.06045626103878 5.639366313815117 1.88660541176796 2.781680896878242 29.91789226979017 197.2857575714588 43.42230095714331 6.076153479516506 0 91.79439570009708 109.3773443102837 297.18439822644 175.0504620224237 344.9011582806706 2133.671060696244 3436.651302300394 142.2186098769307 2222.922859065235 7.430608741939068 0 4.118952363729477 0.8493794351816177 14.06044483929873 0 0.6077282130718231 0 0.1691395938396454 0.2683979570865631 17.90860062092543 0.3303696289658546 1.541857287287712 28.57377219200134 3.46423701196909 0 4.540086269378662 12.4420979321003 1.045337453484535 1.576594635844231 1.594672799110413 0.7025055587291718 0.8723942935466766 7.799442380666733 5.239374428987503 7.235729426145554 0.501322478055954 5.593977510929108 2.320971518754959 8.121033400297165 8.575958803296089 5.077388361096382 3.585633352398872 0.1567317098379135 0.1822278648614883 0 0.1977916210889816 0 0 0 0.1072016581892967 0.1640990078449249 0 0.1362504512071609 0 0.4695534110069275 0.2430605292320251 0 0.4567774906754494 0.1619060039520264 0.3702914118766785 0 2.622712537646294 2.523541435599327 0 0 0 7.218450039625168 0 9.814803019165993 1.954118311405182 0.6129147857427597 0 0.1619679629802704 0 0 0 0 0 0.1710407137870789 2.846021741628647 0.2604597359895706 0 0.1608803868293762 0 2.455974251031876 0 0.1627475768327713 0 0 0.4390107393264771 0 0 0 11.62778569757938 1.730893403291702 0 0.2399662807583809 0 0 0 0 0 0 23.19468856602907 0.9073919355869293 0 0 0.3362361565232277 6.297624446451664 6.0265182107687 5.924355581402779 0.2792384624481201 1.216065555810928 2.864344656467438 0.1783642470836639 0.9396599531173706 0.1050555408000946 0 0 0 0 0 0.3287233784794807 0 9.524332381784916 11.67657208442688 14.57441329210997 188.8385215550661 17.48503417521715 150.8983254954219 22.05091430991888 66.99580910801888 20.12081242352724 0.8917778730392456 23.54206396639347 5.557502321898937 0.2488619387149811 6.254395678639412 1.187986314296722 14.32216921448708 0.9046376198530197 0 1.075010150671005 2.451334968209267 0.138613685965538
180.3396402150393 2624.952003464103 1674.580186381936 429.5457592755556 3442.171391583979 57.67528555542231 5257.517539769411 540.8536327630281 0 729.8580258414149 6451.179969601333 285.2591089010239 6237.567429803312 2569.891800694168 112.490585282445 60.37889232486486 1.032175272703171 2.428393132984638 0.3499058783054352 0.784222349524498 1.713337540626526 0 0.9166571050882339 2.351651698350906 2.653866469860077 2.244568631052971 5.414582438766956 2.550237908959389 1.278605461120605 1.824657596647739 197.7155179083347 34.89648866653442 68.25083703547716 0.2619787529110909 0.1742076277732849 0 61.4717744961381 2.452449612319469 3.391766712069511 0.4177761822938919 13.80889688432217 2.225844763219357 4.301998026669025 3.409673824906349 0.3325692117214203 0.1037141904234886 103.1048754528165 4.429116278886795 0.6141736954450607 5.599484317004681 0.5775113180279732 0.3035746365785599 0.1646005064249039 0.5170677602291107 1.665756903588772 1.494343087077141 39.11698458343744 71.47060126066208 7.641401752829552 30.93946316838264 2.100422456860542 9.021976783871651 0.1230581626296043 67.24625105410814 5.139643982052803 4.542014494538307 1.406042844057083 1.156164459884167 3.766959369182587 16.69714193046093 91.79414319992065 4.500314466655254 0 67.30465050041676 40.86168090254068 264.5010941103101 79.20632629841566 21.17742491513491 7.221412636339664 126.2006286159158 1.208127520978451 24.81769029051065 8.464090824127197 0 2.606215380132198 1.334034875035286 3.642674833536148 0 0.5240606740117073 0.1046205312013626 0.2772157415747643 0.3480233624577522 2.351492270827293 1.000883370637894 2.345529295504093 558.7510312870145 9.086918525397778 0 3.447479233145714 68.01523158699274 0.9395065009593964 8.246760964393616 9.419233374297619 6.695193164050579 10.75269457697868 52.42281205207109 23.86359310150146 56.46513082832098 7.770404353737831 41.5659165084362 5.560766130685806 70.03988578915596 70.76358903944492 56.55500550568104 32.11365316063166 1.277661308646202 1.016519218683243 0 0 0 0 0 0.1241304874420166 0 0 0 0 0 0.4190053939819336 0.4904715120792389 0 0.4408055245876312 0.1249756142497063 0 21.10274294018745 13.92665216326714 0 0.4412641823291779 0.6325246095657349 17.66839893162251 1.739422857761383 17.63925062119961 1.468435555696487 1.213982433080673 0.2614805698394775 0.6986801326274872 0 0 0 0 0 3.454967856407166 10.67427551746368 0.7617146968841553 0.32589490711689 0 0.4108440577983856 0 0 1.583163633942604 0 0.8096810132265091 2.112236618995667 0.8615291714668274 0 0 36.52287446707487 5.754586711525917 1.140243098139763 0.09084464609622955 0 0 0 0 0 0 118.4385352656245 1.113950073719025 0 0.1194538548588753 0.3470992147922516 17.31490117311478 13.23933561146259 11.28578658401966 3.380692027509212 6.360461831092834 10.43735966831446 0.8858494311571121 2.037317015230656 0.1191438287496567 0 0 0 0 0 0 0 84.7729155793786 42.06724283099174 30.24534909427166 347.4536646008492 30.49743042141199 197.8930703699589 33.84829424321651 192.0458803698421 37.81192245334387 1.012567542493343 44.41441702842712 22.57539421319962 1.157392583787441 21.19539031386375 2.308822833001614 77.90998817980289 6.944615304470062 0.1407860964536667 10.661596134305 3.559052497148514 0.6336466073989868
1057.1935897246 237.4389080703259 67.32025761157274 2007.787051677704 414.1655470952392 718.1692376732826 2079.868897236884 12.75625924021006 729.8580258414149 0 39.76944123208523 2991.341032102704 4927.693959623575 197.5181776434183 14.63385013490915 2.369556978344917 0.2402610406279564 0.1735692396759987 0 0 0 0 0.3473246693611145 0 0 0.2620325684547424 0.1623646169900894 0.1270416975021362 0.1667715758085251 0 32.84064125269651 3.803733497858047 28.15514789521694 0 0 0 44.79096041619778 0.8305693045258522 1.119268856942654 0.2366927862167358 0.4968687444925308 0.465801402926445 0.315818652510643 0.1400157362222672 0.2020482197403908 0.170231819152832 25.30012419074774 2.976465195417404 0.7188414633274078 0.5038676783442497 0.4493141397833824 0.4382860958576202 0 0 1.337688662111759 1.345199279487133 115.4519694671035 97.16281303018332 7.421905346214771 8.372409246861935 0.2734272181987762 0.560333639383316 0 9.220663949847221 1.965382970869541 1.599574469029903 0.5324437022209167 0.304276131093502 0.1195800006389618 0.3186570405960083 282.1960100382566 8.591276556253433 0.1618662178516388 47.07565106451511 35.75057054311037 64.58513005822897 8.081058569252491 1.840752273797989 0.474485918879509 7.516079068183899 0 6.669717468321323 5.116232626140118 0 1.251693904399872 0.8403042629361153 1.620971389114857 0 0.3135887980461121 0 0.4175877049565315 0 0 0.5459665060043335 0.4090019538998604 952.4529998973012 41.97358012199402 0 7.777232021093369 716.722574532032 1.445298105478287 9.41562382876873 4.906138390302658 7.484563037753105 8.857011944055557 48.27937150001526 27.93108056485653 65.67316794395447 11.47535447776318 39.35137033462524 5.508588686585426 76.54294378310442 61.59994801878929 45.6727221980691 18.50262136757374 3.10888260602951 0.5620046257972717 0 0 0 0 0 0 0 0 0 0 0 0.2105023115873337 0.2393681257963181 0 0.8811863362789154 0.5088531374931335 0.2343234419822693 18.72258947789669 9.935036271810532 0 0 0 14.44059930741787 1.10881307721138 9.161238297820091 1.145810306072235 1.541782408952713 0.1662054806947708 0 0 0 0 0 0 1.697091214358807 9.4760981798172 0.6120343953371048 0.8145207911729813 0 0.6989153027534485 0 0 0.5187372863292694 0 0.9143759459257126 1.520768344402313 0.9363501071929932 0 0.647626519203186 21.11024118959904 6.33076573908329 0.7391781136393547 0.2578466013073921 0 0 0 0 0 0 61.89560594409704 1.490489855408669 0 0 0.1136967912316322 13.52860826253891 4.513531506061554 6.02400666475296 2.104475364089012 5.834776192903519 5.511341065168381 1.48489984869957 0.9366096258163452 0.5321861803531647 0.4624369293451309 0 0 0 0.1102147474884987 0 0 67.93416252732277 14.16149793565273 17.52501245588064 401.8268903270364 6.478343553841114 71.4645119458437 13.74944134801626 1410.13524544239 6.206853315234184 1.023648783564568 19.14484366029501 22.34079284965992 0.5945307314395905 11.48649006336927 0.5698575079441071 97.52749370038509 4.121751487255096 0 8.042479380965233 0.4562277868390083 0
103.9475741609931 710.8568865284324 2861.39526874572 6.94489997625351 629.8690166175365 9.51783213019371 152.1843237131834 3652.921141892672 6451.179969601333 39.76944123208523 0 80.0694857314229 1278.235234037042 1707.547246284783 196.8238938078284 130.1167904511094 2.603946350514889 4.236633591353893 2.429326571524143 3.061995185911655 9.712724715471268 0 9.675735019147396 16.2093588039279 10.16605675965548 8.832608833909035 30.65225913375616 3.431274712085724 2.043334528803825 9.253981530666351 359.9013781249523 112.8873726353049 165.3165739923716 2.190789766609669 4.749202698469162 2.463462628424168 106.6032830625772 4.819945275783539 7.665185086429119 3.954735025763512 67.14746926724911 4.255232185125351 17.84417472779751 6.210338488221169 1.839926093816757 0.7105948850512505 157.5508607253432 5.979601085186005 2.054096758365631 9.571480862796307 0.9843682125210762 0.2300246804952621 0 0.8149707391858101 2.047072991728783 2.726659715175629 47.92012205719948 115.5814841613173 10.71177597343922 41.1393211260438 2.683157227933407 28.34733586758375 0 179.9123658835888 5.756672151386738 5.376606844365597 1.136341705918312 2.886373102664948 14.47574063390493 62.9470275118947 97.69677517563105 10.34304298460484 0 89.5586272329092 76.23188304156065 426.717871055007 166.4665199071169 38.84971043467522 97.28691305220127 600.7592270448804 2.990533232688904 99.39010615646839 9.954807326197624 0.3329924270510674 4.446968704462051 2.297405980527401 5.89907394349575 0.2586272433400154 1.128029152750969 0.5232250243425369 0.8202403411269188 0.5023842751979828 10.15109404176474 1.691620975732803 3.08462106436491 110.6546767279506 9.785003982484341 0 5.463719263672829 49.87441278249025 0 0.3438409864902496 0.9085533320903778 1.423038244247437 3.558983400464058 16.69461984932423 3.967825725674629 14.22785124182701 1.634559631347656 13.58198250830173 3.106448069214821 19.09509714692831 19.98032557964325 15.058823376894 8.530586436390877 0.6338640451431274 1.455736637115479 0 0 0 0 0 0 0 0 0.2661482691764832 0 0.4194318354129791 0 0 0.2345570176839828 0.1784516274929047 0.4421717971563339 0 4.754531547427177 6.163665249943733 0.1288306415081024 0 0.165130689740181 12.80845218896866 0 12.92109753191471 1.904983781278133 1.480828255414963 0.1310551911592484 0 0 0 0 0 0 2.024543754756451 2.66754937171936 0 0 0.1279920786619186 0.8522380143404007 0.7452448233962059 0 0.7861969619989395 0 0 0.9117969125509262 0 0 0.7089877128601074 15.74064622819424 3.007525473833084 0.1415456980466843 0.4930200353264809 0 0 0 0 0 0.4965658187866211 35.82390880584717 2.189743161201477 0 0 0.1122510656714439 8.342289283871651 10.57055096328259 8.22230326384306 1.832735419273376 2.084048315882683 1.634910732507706 1.292871475219727 1.466769516468048 0.07956214994192123 0 0 0 0.1958798319101334 0.09852063655853271 0 0 21.50411629676819 24.83311434090137 20.66218725591898 505.6393943950534 38.11095618456602 334.8648465126753 67.43153723329306 134.6469972506166 61.68988633900881 0.865107573568821 78.95945300161839 12.28991249203682 0.3945901989936829 7.74012602865696 1.831585168838501 25.18506355583668 1.713068410754204 0 2.63007578253746 5.886691473424435 3.342113085091114
43.6246130168438 48.65723197907209 56.93524043262005 154.4882061854005 201.3028976917267 201.583622649312 166.0904229134321 27.3999332562089 285.2591089010239 2991.341032102704 80.0694857314229 0 2293.46910186857 217.951872266829 54.80659113079309 50.49616963416338 1.210082903504372 0.6641853749752045 0 0.4054011404514313 0.4090509563684464 0 0.7068252265453339 1.925331026315689 0.4833730757236481 0.9448477774858475 5.206104226410389 1.003117188811302 0.3286503255367279 4.794008046388626 9.843531392514706 3.446203738451004 144.973484762013 0 0 0.1889778673648834 219.2310668081045 0.7536620199680328 12.97094060480595 0.4054617881774902 10.54512511193752 1.268325477838516 2.320120722055435 0.6115969717502594 0 0 39.07168000936508 0.5379962921142578 0.9909585416316986 2.249990805983543 0 0.2083254903554916 0 0 0.5356748849153519 0.703245684504509 26.43564139306545 13.19599818438292 2.294001542031765 4.750014171004295 2.521866418421268 72.53841082751751 0.1418215334415436 13.59901099652052 0.7029041945934296 0.8606445118784904 0.2937157228589058 0.7587084770202637 4.447372376918793 12.51349215954542 152.0944525450468 21.272455945611 0 13.57736623287201 7.748797550797462 53.69380116462708 22.21327044814825 7.200338609516621 1.374899655580521 39.23465896397829 0.3400130271911621 65.57074764370918 1.243897303938866 0 0.1379862874746323 0.1607783883810043 1.729851201176643 0 0.09107282012701035 0.2047079354524612 0.2323768138885498 0 1.504624933004379 0.5229790285229683 0.3218604922294617 2182.1308722049 39.78890965878963 1.048121780157089 4.401304319500923 104.2659921050072 0.5654882341623306 5.894263550639153 5.056571125984192 5.68452425301075 9.929140672087669 41.80701388418674 22.29334899783134 47.11400157213211 5.236878976225853 29.96115532517433 9.943643406033516 59.51585419476032 51.001578733325 50.96237087249756 24.45855060219765 0.1731225699186325 0.6971624046564102 0 0.8544127941131592 0 0 0 0 0.3999382555484772 0 0 0 0.264887660741806 0 0.5115903913974762 0 0.1802885681390762 0.2377227693796158 0 15.59659300744534 10.25623147189617 0 1.552927792072296 0 17.11447187513113 0.732353150844574 13.21111835539341 1.107966274023056 1.706671223044395 0 0 0 0 0.2386069893836975 0 0 1.895309135317802 8.938683748245239 0.9524296596646309 0.2096236646175385 0 0 0.9054891020059586 0 1.079001247882843 0 0 1.957599341869354 1.344885841012001 0 0 27.2747290879488 7.454556658864021 0.4531629085540771 0.576058104634285 0.1188567504286766 0 0 0 0 0 85.75432860851288 2.218056917190552 0 0 0 17.48207959532738 7.95809642970562 9.330618113279343 3.55409474670887 6.00687038898468 8.14730441570282 2.502794161438942 2.011596173048019 0.3584368005394936 0 0 0 0.08672334998846054 0 0 0 71.08605814725161 31.79171409457922 26.0528923869133 238.1665378734469 8.116529174149036 92.57299044728279 20.45304094254971 262.4210003912449 18.77190393209457 0 30.37168357521296 18.37133166193962 0 11.60084980726242 1.074701100587845 64.35226356983185 3.919352784752846 0 9.208093866705894 1.860957413911819 0.8089832812547684
325.8406604155898 542.4576854854822 198.5621148198843 1697.35385158658 929.7683913186193 230.2531302124262 5737.404110386968 146.8312193825841 6237.567429803312 4927.693959623575 1278.235234037042 2293.46910186857 0 3079.206218853593 183.9510769844055 182.455167144537 3.362033195793629 2.330986738204956 0.7650096490979195 1.090605437755585 2.228151701390743 0 2.099135614931583 8.11321060359478 7.144673824310303 4.575887799263 19.44463329017162 4.038662351667881 1.814788460731506 3.889993630349636 90.75812751054764 28.32041770964861 782.0296015143394 0.1049471795558929 1.241706609725952 0.8775655329227448 566.0635998994112 8.398480989038944 13.06963120400906 2.248976081609726 29.68057159334421 3.335633285343647 12.17992858588696 7.159554071724415 1.142437390983105 0.2630571126937866 114.9734427705407 4.726286433637142 3.078403376042843 10.30179961025715 1.002351433038712 0.1663891524076462 0.791537269949913 0.536465011537075 2.043931059539318 1.724120445549488 59.78255917131901 102.3650293499231 10.32492347061634 26.50925289094448 7.276089392602444 165.4049808830023 0.3788632825016975 60.2641514390707 2.863436996936798 4.06419762969017 1.153218023478985 1.47283797711134 12.72657819837332 41.2113711386919 608.7561295256019 37.78018762171268 0 69.09165738523006 42.1547743678093 248.8105207011104 104.9556841924787 32.32886701077223 5.489476770162582 118.4303382486105 0.929985910654068 180.8635300770402 7.222944937646389 0.5869145318865776 2.993259482085705 1.644063606858253 8.121115498244762 0 0.6011333242058754 0.207047626376152 0.1784009411931038 0.7342581525444984 8.067312113940716 1.301833651959896 3.218933589756489 3093.856115683913 42.40688493847847 0.6206307113170624 8.273565128445625 173.1182446032763 2.286621630191803 7.912954032421112 8.039906248450279 7.052676156163216 16.27367796003819 68.32858764380217 37.28293918073177 82.90056545287371 15.85058678686619 46.76176370680332 11.81341940164566 102.2826853096485 94.37218152731657 71.84972411394119 48.9819752946496 1.525301426649094 1.595210745930672 0 0.1727915853261948 0 0 0 0.1842226386070251 0.6504254937171936 0 0 0 0.1364675313234329 0 0 0.8210398107767105 0 0.3503457754850388 0 30.15901067852974 26.92946618795395 0 0 0.5292877554893494 33.80309287458658 1.986973375082016 24.76941657811403 2.577471762895584 3.393290564417839 0 0 0 0.3036749660968781 0.4642957150936127 0 0 4.366014465689659 11.07921759784222 1.128334656357765 0.3671583235263824 0.1114998832345009 0 1.432798326015472 0 0.6679243072867393 0 0.2754985690116882 4.919820412993431 0.1545734107494354 0.5090292394161224 0 59.14978580921888 15.30459721386433 1.109048828482628 0.08972020447254181 0 0 0.1634954810142517 0 0 0 177.3831559494138 6.319340392947197 0 0 0.1222760081291199 28.1643046438694 20.74400402605534 23.67882916331291 3.359233640134335 6.602327220141888 12.16668026894331 1.93135304749012 5.852923780679703 0.1089945286512375 0 0.1881605386734009 0 0 0 0 0.1230016872286797 136.1692599356174 65.80609345436096 46.1255314424634 479.6340447515249 36.64013881981373 282.5057897791266 62.64314157515764 454.8511276766658 56.70410600304604 1.430102691054344 75.23070692270994 26.9853787124157 0.921934463083744 23.45804524421692 4.851732432842255 87.09862361848354 5.044093430042267 0.1652166098356247 12.42641918361187 10.01703306287527 1.492345750331879
