0 2589.028276756406 607.6618502289057 2486.729382656515 201.2220085784793 41.23004208505154 1602.790466189384 2.299269132316113 9.007934764027596 3040.490451022983 1.738430857658386 533.6268658041954 350.3456251770258 5.520942948758602 0.366848036646843 0.4570721462368965 0.5853564143180847 0 0.08355947583913803 0 0 0 0 0 0 0 0 0 0.1582372784614563 0 1525.06532111764 2.066272281110287 2.059225589036942 0 0 0 0.09221917390823364 0 0 0 0 0 0 0.1680397540330887 0 0 14.20486457645893 2.296712189912796 0.2044977396726608 0 0.08521733433008194 0 0.08492805808782578 0 2.722189076244831 7.333321869373322 295.0764092952013 1476.182587139308 73.89381694793701 16.74373802542686 0.08972969651222229 0 0 20.26047991216183 7.574850760400295 1.391454294323921 0.4863923564553261 0.1330462992191315 0.09104161709547043 0 2.785369127988815 1.72452001273632 0.1136147007346153 175.1994027793407 28.44708291441202 3.982675932347775 2.042341880500317 0.5451739355921745 0.2546130567789078 1.97044038772583 0.2288668155670166 0.911367379128933 11.90567174553871 0.9018864557147026 4.343080446124077 4.151533775031567 0.5486251562833786 0.206483505666256 1.21679312735796 0.2218809053301811 0 0.09606032818555832 0 0 0.1278956681489944 117.3949213027954 1.217045247554779 0 0 755.4469124525785 0 0 0 0 13.00256222486496 4.616945117712021 1.845184773206711 3.237314939498901 1.918778210878372 5.594783335924149 0 9.941207349300385 2.936908662319183 1.7347232401371 2.565204106271267 0.2879940569400787 0 0 0 0 0 0 0 0 0 0 0 0 0 0 0 0 0 0 3.907424777746201 5.809108704328537 0 0 0 0 0 0.1699749678373337 0 0 0 0 0 0 0 0 0 0 0 0 0 0 0 0 0 0 0 0 0 0 0.224345475435257 0 0 0 0 0 0.0973484218120575 0.1796077191829681 0 0 0 0 0.1861827522516251 0.1145699545741081 0 0 0 0 0 0.09683409333229065 0 0.2459440231323242 0.5628891587257385 0 0.8705872893333435 0 0 0 0 0.1721273586153984 0 0 0 3.895117089152336 0 0 28.74102672189474 11.5583094060421 149.3299812972546 4.135628089308739 981.4487235322595 263.556134454906 3.416331343352795 6.444154851138592 1.195232883095741 0 2.578659355640411 0 8.279437601566315 0 0 0 0.9597957283258438 0
2589.028276756406 0 2549.590760044754 526.6097408756614 2730.433869995177 120.513995796442 4999.354258984327 91.81615550816059 1881.207002937794 515.3881803974509 1492.396991178393 18.64357643574476 544.3738996163011 587.669828787446 12.3890214189887 6.009612590074539 1.005082331597805 0 0 0 0.2334973514080048 0 0 0.2169850245118141 0 0.08566615730524063 0 0.09562786668539047 0.179438091814518 0.09405593574047089 3600.297176614404 58.28699596971273 27.27507045120001 0 0 0 2.736888527870178 0 0.5026543214917183 0.4208168014883995 0 0.2072146311402321 0 0.1928142234683037 0.08007443696260452 0.09585155546665192 95.52222676575184 8.719435967504978 0.2204677909612656 0.09012088179588318 0.5374458953738213 0.738549143075943 0.1559371128678322 0.3904362544417381 6.940715864300728 16.06237933784723 131.7645690813661 925.3227199092507 48.42255010455847 54.68897165358067 0 0 0.1804491132497787 195.769232571125 18.08789052069187 6.231478437781334 2.514546789228916 1.75965254753828 0.5926562771201134 0 3.762074083089828 1.680186867713928 0.1025389581918716 268.0562964528799 101.0681259036064 45.45472643524408 51.81628341972828 8.550509676337242 6.336612865328789 54.52547870576382 0.8879625573754311 6.362332299351692 27.63769283890724 2.088683880865574 8.169804014265537 11.86188078671694 2.542026452720165 1.421011932194233 6.022637262940407 0.5443296283483505 0.935193657875061 0.2602482661604881 0 0 0.1558333486318588 100.456641279161 1.207510277628899 0 0.369403250515461 211.0006489679217 2.23755256831646 0 2.088447108864784 1.060933828353882 18.4651987105608 8.310972809791565 2.283700510859489 9.197768941521645 3.435202687978745 15.53332202136517 1.593165427446365 18.76285589486361 11.53727345168591 9.907555520534515 12.31717938184738 2.036489933729172 0.1709243804216385 0 0.2986215054988861 0 0 0 0 0 0.1483305245637894 0 0 0 0 0 0 0.09430895000696182 0 0 21.74444013088942 18.66263827681541 0 0.09627995640039444 0 0 0.5576918125152588 3.004144668579102 0 0 0 0 0 0 0 0 0 3.400235995650291 2.535117499530315 0 0 0 0 0 0.264119379222393 0 0.08685263246297836 0 2.581086441874504 0 0 0.1896210387349129 3.2657206133008 4.152891159057617 0.1029121875762939 0.2330116704106331 0.6427019387483597 0.4330617561936378 0.9237968921661377 0.2485027015209198 0 0.08755189925432205 3.802519358694553 0 0.1490441411733627 0 0 0 6.979950278997421 0.772996112704277 4.893177539110184 3.551346570253372 1.286604210734367 0.9211372882127762 0.1190970987081528 0.5138302445411682 0 0.1035686880350113 0 0.4524299055337906 0 0 0 28.54967426508665 1.576327919960022 0 179.4768681749701 40.79614080116153 484.494337245822 14.35688547044992 567.7710357904434 295.6866334453225 7.111963421106339 53.71248056739569 16.52810322493315 1.102615475654602 6.332396693527699 0 14.55710355192423 1.479275822639465 0 6.314769558608532 1.111002162098885 0.7997515350580215
607.6618502289057 2549.590760044754 0 16.83183268457651 2224.839964151382 36.11107518523932 758.5005250424147 1937.248443506658 1306.132623814046 33.26948245614767 3629.028839930892 167.8704460039735 1044.545181259513 1994.675348602235 25.7828763127327 20.78256619721651 1.408693134784698 0.08891728520393372 0.2934380397200584 0.4736162126064301 1.056810893118382 0.1009439378976822 0.6649202555418015 1.081530474126339 1.460544176399708 0.9515209645032883 0.5674273520708084 0.08437196910381317 0.4369911253452301 0 2828.017520882189 543.0186640396714 453.3372414708138 0.1749144196510315 1.066794320940971 1.003412984311581 65.37973333895206 1.191119410097599 0.8303865492343903 1.522880047559738 1.117627739906311 0.3962424322962761 0.2153892442584038 2.259716607630253 0.2508934438228607 0.2921428680419922 131.1688420772552 6.789531074464321 0.5321992784738541 0.4107931479811668 0.4839823618531227 1.103540971875191 0.2649242207407951 0.3208295404911041 4.853807203471661 16.57369679957628 89.12544041126966 716.2703242227435 29.14113833010197 64.31304644793272 1.045910082757473 8.049343481659889 0 467.0582192018628 16.92733146250248 5.415518522262573 3.484319534152746 1.37923926115036 0.8355953767895699 0.1312463879585266 74.59564783424139 21.21626506000757 0.08069398999214172 211.893084615469 116.8730897009373 78.84280672669411 107.2838547155261 28.3138397783041 312.875498265028 1873.596617043018 7.697614960372448 371.3277800381184 24.6419216170907 1.102408073842525 6.98451541364193 11.0677685290575 3.400098122656345 1.282105408608913 3.761595070362091 0.3113074153661728 0.6801292225718498 0.8466426134109497 0 0.2026999890804291 0.6852770373225212 336.4304799959064 16.95749798417091 0 1.47407953441143 66.86119845509529 9.908116355538368 0 10.9587094783783 0.6597585082054138 140.9961325153708 32.45448672771454 37.59751577675343 36.18078602850437 12.49892747402191 94.47054798156023 10.43105471879244 114.8231492564082 97.62908086180687 66.16446834802628 95.05914194881916 9.78599039465189 3.563686542212963 0.6739658117294312 2.879241317510605 0 0 0 0 0 0 0 0 0 0 0.08968105912208557 0.2681990340352058 0.2100662961602211 0.4741697609424591 0 159.2785587608814 165.9837032407522 0 0.4997868537902832 0 1.829454563558102 2.758965626358986 21.99770788103342 0.2115237265825272 0.07645522803068161 0 0 0 1.435932077467442 0.1245271265506744 0.0905805230140686 0 15.94435529410839 38.75334601104259 1.188690848648548 1.119232594966888 0 0.2845710813999176 0 1.079654850065708 1.579217657446861 0.08467531949281693 2.516731187701225 17.33235077559948 0 0.7549821138381958 2.272156372666359 38.36740024387836 35.22580919414759 2.146935239434242 1.849113911390305 0.8192738071084023 0 0.3214538767933846 0.2058790922164917 0 0.1453729867935181 42.83474829047918 3.351730652153492 0 0 0.1520328521728516 11.05945226550102 26.18888293206692 16.17127681523561 23.77536825835705 15.56242952495813 26.85643398761749 15.64142487198114 9.409786023199558 0.3658634051680565 0.5587916374206543 0.08260233700275421 0.1585811972618103 0.8916245326399803 1.05536961555481 0 0 161.5944203212857 11.16116404533386 1.607447877526283 188.9293299689889 39.48330742865801 432.7113192379475 26.45729497820139 296.884198717773 191.9992805495858 6.323662295937538 76.90276359021664 54.78350859135389 3.395721018314362 67.91491305083036 2.105015531182289 91.63179217278957 25.65738654136658 2.045215964317322 36.70404840260744 2.740764684975147 1.517654627561569
2486.729382656515 526.6097408756614 16.83183268457651 0 50.7824634462595 212.7478543370962 398.5166176408529 2.012861400842667 3.365520730614662 648.1455266475677 5.775883376598358 540.3919806182384 685.0764504671097 0.108901359140873 1.560342654585838 0.6989327669143677 0 0 0 0 0 0 0 0 0 0 0 0 0.1242458298802376 0 74.21208072453737 4.440649539232254 0.385364830493927 0 0 0 0 0 0 0 0 0 0 0.3792781233787537 0 0 5.76477088034153 0.3005331456661224 0 0 0 0 0 0 0.3313868716359138 1.528150662779808 13.33442278206348 81.9305699840188 6.058872997760773 3.511692337691784 0 0 0 6.289080783724785 1.3836465254426 0 0.2930230423808098 0 0 0 7.065887242555618 0.5996674299240112 0 21.49377943575382 6.590915575623512 1.72463795542717 1.862080328166485 2.930819466710091 0 0.3380351662635803 0 0.3115793466567993 1.685349889099598 0 0.4151643291115761 0.8113231807947159 0.1807693094015121 0.07339832931756973 0.4202435463666916 0 0.1060037016868591 0 0 0 0.09434328228235245 140.868412822485 0 0 0 67.01365584135056 0.8914770185947418 0 1.043815732002258 0 1.14493328332901 1.563099682331085 0.903820663690567 0.4224928021430969 0.1700389832258224 2.578258693218231 0.147151917219162 3.50598880648613 1.71820479631424 1.39466518163681 0.3903731107711792 0 0 0 0 0 0 0 0 0 0 0 0 0 0 0 0 0 0 0 1.17260217666626 0.439489334821701 0 0 0 0 0 0 0 0 0 0 0 0 0 0 0 0.3440021574497223 0.1377138048410416 0 0 0 0 0 0 0 0 0 0.1269627809524536 0 0.338942289352417 0 0.7478758245706558 0.2756524682044983 0 0 0 0 0 0 0 0 0.1233850568532944 0 0 0 0 0.3109715431928635 0.6023443639278412 0 0.1225975677371025 0 0 0 0.2877160608768463 0 0 0 0 0 0 0 0 2.394489124417305 0 0 16.60180304199457 2.510242216289043 34.99868743121624 1.682363130152225 258.5298212841153 30.10337340086699 0.551738053560257 3.360558733344078 1.107261374592781 0.2683676481246948 0.2062016278505325 0 1.261740654706955 0 0 0.8646572828292847 0.3229606449604034 0
201.2220085784793 2730.433869995177 2224.839964151382 50.7824634462595 0 5.440655700862408 3060.021135181189 129.4079963192344 4918.078862123191 136.5655197277665 2619.077238328755 23.38478801399469 702.5501486435533 1084.071353323758 8.992740772664547 4.529560565948486 0.620329350233078 0.08337635546922684 0.09604262560606003 0.1819493249058723 0.3420449569821358 0 0.09495609998703003 0.1506986618041992 0 0.1602716743946075 0 0.1166830062866211 0.213690496981144 0 294.6075210869312 63.6579305678606 14.38279128819704 0 0 0 1.557876572012901 0 0.1432896926999092 0.1805629730224609 0 0 0 0 0 0.08861357718706131 54.73878584057093 2.278651043772697 0.0904061421751976 0.1781100109219551 0.2151763513684273 0 0 0 1.281698890030384 5.189338840544224 17.59706535935402 86.47709376364946 8.395307987928391 25.97489804029465 0 0 0 123.4480636119843 5.015569463372231 1.546415470540524 0.8864689618349075 0.6010642573237419 0.2607241198420525 0 1.702264167368412 0.2637614458799362 0 55.97670479863882 39.00690925866365 28.12298687547445 45.10600913316011 6.402421906590462 4.311108402907848 35.50058609992266 0.3004429414868355 2.885789416730404 7.860956497490406 0.6889871284365654 2.530246064066887 3.855992875993252 1.117717213928699 0.493535228073597 2.262773513793945 0.7848626673221588 0.2495183721184731 0.3340445458889008 0 0.226344883441925 0.1042236238718033 51.53485617786646 0.3245419040322304 0 0 5.194013595581055 2.410129144787788 0 0.4731005132198334 0 9.591012507677078 8.848763048648834 2.777586743235588 4.315049231052399 2.21140156686306 12.11884178221226 0.1237349212169647 10.49953978508711 8.308976575732231 7.698045216500759 8.62219624966383 1.197193488478661 0 0 0.3520030602812767 0 0 0 0 0 0 0 0 0 0 0 0 0 0 0 8.86548638343811 11.94847536087036 0 0.2382193803787231 0 0.5250910520553589 0.7797921448945999 0.4997710958123207 0 0 0 0 0 0.1847919523715973 0 0 0 0.8541882634162903 3.507539540529251 0 0 0 0 0 0.4056053459644318 0 0 0.3973175883293152 1.410748183727264 0 0 0 2.395039610564709 4.947817355394363 0.2715563178062439 0.2040058225393295 0.1722702234983444 0 0 0.1943607330322266 0 0.1159791722893715 1.135752990841866 0 0 0 0 0.1606402546167374 1.89860861748457 1.528426811099052 1.702606022357941 1.186565071344376 1.65401703119278 0.2059473842382431 0.3093331828713417 0 0 0 0 0.1702729389071465 0 0 0 19.21833017468452 0.7722063809633255 0.169197216629982 75.08511693775654 18.49359691888094 165.8677858412266 11.58360252529383 119.9246853813529 68.70981878042221 2.930633701384068 25.00653097033501 8.505177408456802 0.6998680010437965 4.697248630225658 1.16667628288269 11.55227196216583 3.11270834505558 0 1.121833801269531 1.08219925314188 0.6109285354614258
41.23004208505154 120.513995796442 36.11107518523932 212.7478543370962 5.440655700862408 0 90.06844037771225 7.227344065904617 17.76584041118622 685.3017903864384 3.91603696346283 330.9332962781191 233.3623556494713 19.92225434631109 2.020870231091976 4.505049712955952 0.6674409136176109 0 0 0 0 3.23658487200737 0 0 0 0 0 0 0 0 14.79898393154144 2.642280176281929 12.64819268137217 0 0 0 11.84487028419971 0 6.621819145977497 0 0 0 0 1.832496702671051 0 0.9261220768094063 2.67935436218977 0.1563314944505692 0 0 0 0.771121546626091 2.738807961344719 0 0 0.1083782836794853 128.0149694085121 42.25711879879236 0 0.2183524370193481 2.002893872559071 4.122866936028004 0 1.328813455998898 0 0 0.1035115942358971 0 0 0 51.0593868046999 177.3467715084553 19.34110280871391 1.556124702095985 0.9359965547919273 0.6512340903282166 2.06263317912817 2.853081054985523 0.1014282926917076 7.369694322347641 3.084051184356213 9.650020942091942 0 3.911546736955643 0 0 0 4.826884284615517 0.07238893210887909 5.955620929598808 0 0 0 0 0 742.0264076665044 88.22818910330534 29.89769031107426 6.944367110729218 377.4201377630234 0 0 0.2710597813129425 0 6.981993958353996 0.905992865562439 3.851385399699211 1.953692421317101 0.4398328065872192 6.987948313355446 0.2672159671783447 5.743780106306076 5.362339079380035 3.783713638782501 0.4594109803438187 0.20499187707901 0 0 0 0 0 0 0 0 0 0 0 0 0 0 0 0 0.4347614347934723 0.2864646017551422 3.239416792988777 4.16870105266571 0 0 0 0 0 0 0 0 0 0 0 0 0 0 0 0 0 0 0 0 0.2829242348670959 0 0 0 0 0 0 0 0.305375337600708 0 0 0 0 0 0 0 0 0 0 0 0.2342027574777603 0.2733667492866516 0 0 0 0.3200941979885101 0.1344368159770966 0 0 0 0.1457269489765167 0 0 0 0 0 0 0.1453856825828552 0 0 0 6.442004531621933 0 0 6.481069892644882 1.653625659644604 7.308192394673824 1.425321944057941 424.5513077825308 1.43827610462904 0.5527995079755783 4.40574537217617 3.202748954296112 0.08943112194538116 0.1827386766672134 0.1301917880773544 0.6622545719146729 0.5698053240776062 0 0 0 0.4437227249145508
1602.790466189384 4999.354258984327 758.5005250424147 398.5166176408529 3060.021135181189 90.06844037771225 0 124.9154409319162 2571.173581905663 1090.681407898664 635.7712282016873 163.6449986621737 6121.235562056303 4524.633439719677 20.41448733210564 10.64109928160906 1.172981038689613 0.2095497399568558 0.2296066135168076 0.09038303792476654 0 0.6336996704339981 0.1141693517565727 0.08535011857748032 0 0.4564784094691277 0.1526417583227158 0 0.2844638153910637 0 453.7043403461576 103.73011187464 15.09158568456769 0 0 0 2.652773223817348 0 0.4148112013936043 0.07940095663070679 0.2238591909408569 0.2915555164217949 0 1.503093227744102 0 0 88.53829307109118 6.767890051007271 0.2963877171278 0 0.2514560967683792 0.1693720072507858 0.1709993481636047 0.7730551138520241 4.154895603656769 8.171577982604504 45.50737890601158 211.7439684122801 23.23397824168205 44.69204921275377 0.3108526319265366 0 0 206.2174261584878 11.18084193021059 3.521251529455185 2.089802920818329 0.5859886109828949 0.2155367061495781 0.1033909320831299 10.12367428839207 1.49399396032095 0.09129372984170914 131.8466636464 77.16304268687963 49.88216962665319 67.44246606528759 18.37446062266827 6.928067445755005 34.17693270742893 0.3627422004938126 3.36577396094799 20.20813421905041 1.304327122867107 5.758708834648132 7.791140086948872 2.280650265514851 1.004795454442501 3.960895828902721 0.7469385117292404 0.4347043707966805 1.034573011100292 0 0 0.4936212450265884 326.8845326602459 0.8489290773868561 0 0.2484152689576149 30.96010001003742 2.105103403329849 0 0.8747664988040924 0 22.77818223834038 6.647534683346748 8.304243996739388 14.82498849928379 3.376295760273933 30.80390392243862 1.700956091284752 31.13521721214056 20.34704671055079 14.98017380386591 25.03009796142578 3.14378709346056 0.348689503967762 0 0.1251535713672638 0 0 0 0 0 0 0 0 0 0 0 0 0 0 0 25.86503396183252 32.92202812433243 0 0 0 0.3484168350696564 0.5861548334360123 3.538124613463879 0 0 0 0 0 0.2801140993833542 0.1653725802898407 0 0 0.5290058478713036 3.864266820251942 0 0 0 0 0 0.07773400843143463 0.1085958853363991 0.08780495822429657 0.3669953644275665 1.439971439540386 0 0 0.2743200808763504 7.500409983098507 6.006063364446163 0.3615148961544037 0.1132455095648766 0.527147613465786 0.08294803649187088 0.1327645033597946 0.1566672474145889 0 0 5.676013983786106 0 0 0 0 1.253958776593208 5.019405514001846 2.017200350761414 1.145236894488335 5.261318199336529 3.257105119526386 2.448554039001465 0.2698484063148499 0.2917348220944405 0 0.2990605533123016 0 0.4053746312856674 0 0 0 42.53926585614681 2.125393405556679 0 148.4619044736028 33.36850537359715 343.0879667624831 15.11823058128357 355.516888231039 149.1269546151161 7.411503955721855 53.17949188500643 13.06345234066248 0.8712748810648918 7.003953874111176 0.1395149976015091 17.41365122795105 4.745318152010441 0.1487074047327042 8.440345898270607 0.7035244256258011 1.350737407803535
2.299269132316113 91.81615550816059 1937.248443506658 2.012861400842667 129.4079963192344 7.227344065904617 124.9154409319162 0 422.8733956366777 4.343224063515663 1219.664422817528 137.2693242058158 908.030427493155 1810.82959125191 10.49566883593798 21.38810885697603 4.056345827877522 2.62496043741703 1.309290952980518 10.10106005519629 10.20859611034393 0 15.56905510276556 16.62088903784752 16.29714354127645 2.394993267953396 4.116488717496395 0.2025779187679291 2.213391378521919 0.5550361275672913 416.4498573690653 1350.992169104517 409.8321596905589 3.455004379153252 15.58445082604885 7.852186657488346 91.64047247171402 9.289671614766121 10.40756867080927 17.02508434653282 10.44426027685404 0.4119536951184273 1.483777493238449 4.397852063179016 1.797471463680267 2.450999341905117 28.17096185684204 3.050521068274975 1.581362999975681 7.001798994839191 0.448556661605835 0.5498948469758034 6.359020851552486 0.4012013301253319 0.1745883226394653 0.9402826875448227 8.320381127297878 50.58835588395596 3.421647854149342 10.03751353174448 25.54873287677765 31.99780116975307 0.2695570886135101 127.2700533941388 1.400847584009171 1.075927972793579 0.6102469861507416 1.180390045046806 9.944464139640331 4.200740732252598 89.22295241057873 12.27120513468981 0.1249116137623787 25.91368304938078 19.27965915203094 15.99983118474483 54.29791203886271 128.6152509152889 934.9718425199389 3293.693943634629 313.4311281144619 2339.436611175537 2.508341088891029 0.1653245240449905 0.4938082695007324 1.538801092654467 3.524747021496296 0.1709392368793488 0.5623006597161293 0.772440493106842 0.6200587898492813 1.870193600654602 0.7062157392501831 0.4030571058392525 0.5136799067258835 77.89124353975058 10.33730030804873 0.3507430553436279 6.193493738770485 3.340125009417534 4.915242969989777 0 1.69521252065897 0.2928968071937561 13.31012922525406 1.399067491292953 4.861089617013931 4.50067475438118 0.6059195399284363 9.238470748066902 2.308977879583836 11.85082786530256 9.943834334611893 8.827039949595928 16.32698354870081 1.397207953035831 1.917024202644825 0.2513523250818253 0.9843089058995247 0 0 0.2159533798694611 0 0 0 0 0 0.2704053744673729 0 0.6220913901925087 0.1060670465230942 2.712562792003155 0.3281518593430519 0 21.87109217792749 17.9269525334239 0.2208681330084801 1.396706789731979 0.5725402235984802 1.309175215661526 0.7950119972229004 3.71358323097229 1.891020841896534 1.473032772541046 0 0 0 0.6421456858515739 0.3179886564612389 4.062628395855427 0 0.2721169516444206 5.631286226212978 0 0.1454426944255829 0 3.056199260056019 0.1067119613289833 0.1082278713583946 0.9986230507493019 0 0.5548094809055328 2.305866092443466 0 1.385862454771996 1.69767202436924 5.264775313436985 7.044460698962212 2.01897182315588 0.3515247032046318 0 0.3585246354341507 0.2912972867488861 0 0.1227859556674957 0 6.383640483021736 5.105243816971779 0 0 0 1.503130376338959 6.728774726390839 1.667541995644569 2.645533099770546 4.181919857859612 4.354742497205734 0.9297544658184052 1.375255674123764 0.1087137535214424 0.098832868039608 0 0 0.9136529341340065 0 0 0 17.69764254242182 3.786071881651878 1.385377004742622 44.66873127967119 7.374055556952953 81.65719442814589 9.881669566035271 24.87597257643938 18.46710272878408 1.1144834831357 22.62604121118784 17.29976955801249 1.368929371237755 14.18005888909101 1.094060845673084 10.98385107517242 2.234282493591309 0 9.578475803136826 0.5709052011370659 0.6932428255677223
9.007934764027596 1881.207002937794 1306.132623814046 3.365520730614662 4918.078862123191 17.76584041118622 2571.173581905663 422.8733956366777 0 67.38371303677559 2630.836887858808 62.5678303912282 1062.902589701116 1671.089128561318 18.1094116717577 15.60169430822134 0.5067921727895737 0 0 0 0 0 0.1052615642547607 0 0 0.09918073564767838 0 0 0.08012688159942627 0 158.1350007876754 127.6287738531828 37.42193374782801 0 0 0 3.229062750935555 0.08016255497932434 0.07538750022649765 0.1209011524915695 0.09084654599428177 0.09114968031644821 0 1.126804545521736 0 0 49.22453205287457 1.518663838505745 0 0 0 0.176701694726944 0 0.44941795617342 0.6696982756257057 2.238187082111835 8.31481222063303 40.02181649953127 5.501059919595718 19.42065334320068 0.08270768076181412 0.3154820874333382 0 122.1210768818855 2.960294783115387 0.6450334638357162 0.6737619265913963 0.4491896033287048 0.06980555504560471 0.1060145124793053 10.25846579670906 2.770205326378345 0 39.66027540713549 28.15282299369574 32.32968793064356 64.04406758397818 23.54203327000141 6.159710004925728 70.03368078917265 0.2512170523405075 2.785767689347267 3.80963709205389 0.3725675567984581 0.9469643384218216 2.220044836401939 0.5601094365119934 0.1685034558176994 0.892679937183857 0.2456887289881706 0.2441502213478088 0.1980422735214233 0 0 0.5624271407723427 195.9987620711327 0.629550538957119 0 0.1940386518836021 4.98634035885334 1.839810535311699 0.4347684383392334 3.331106096506119 0 32.78975173085928 12.11410953849554 9.569595232605934 6.609488487243652 2.177721828222275 33.6654085367918 1.777719065546989 41.78030344843864 31.60376850515604 27.31835126131773 20.92306810617447 1.881296493113041 0.3996384963393211 0 0.4285778999328613 0 0 0 0 0 0 0 0 0 0 0 0.2848672568798065 0 0 0 34.74174042791128 46.18821827322245 0 0.06312190741300583 0 0.9493894726037979 0.463458463549614 2.888089455664158 0 0 0 0 0 0.1798149645328522 0 0 0 0.7878707498311996 7.844246670603752 0.1508445590734482 0 0 0 0 0 0.1015582531690598 0 0 6.113353438675404 0 0.3710677027702332 0.1114485263824463 7.194756589829922 9.003668129444122 0.5627042725682259 0.7933976426720619 0.103265106678009 0 0 0 0 0 3.652473971247673 0 0 0 0 2.455250337719917 4.744319751858711 2.773424483835697 3.112280413508415 3.717396855354309 6.297684527933598 3.918061338365078 0.7538319826126099 0 0 0 0 0.1473078653216362 0 0 0 42.71608554571867 2.782607913017273 0 85.14852922409773 14.22699641436338 133.3273833394051 11.68452581018209 76.87936443835497 44.10707045346498 2.33102136105299 33.7155772075057 14.78919999301434 1.484268933534622 15.30217465013266 0.3513915538787842 14.34540797770023 6.429310090839863 0.1512719094753265 9.170052625238895 0.9146163016557693 1.804936826229095
3040.490451022983 515.3881803974509 33.26948245614767 648.1455266475677 136.5655197277665 685.3017903864384 1090.681407898664 4.343224063515663 67.38371303677559 0 11.94399344921112 2593.10266071558 3242.379818856716 23.24789461493492 1.63793808221817 3.862444020807743 0 0 0.08194179087877274 0.1142896264791489 0 0 0 0 0 0 0 0 0 0 96.71951002627611 13.34720932692289 0.5099872127175331 0 0 0 1.334719397127628 0 0 0 0 0.1345169246196747 0 0.2668142095208168 0 0 7.037421576678753 0.3748725801706314 0 0 0.1949376836419106 0 0 0 0.6508322060108185 1.969639338552952 30.029415756464 136.3388888761401 9.873370632529259 4.698466755449772 0 0 0 16.51990566402674 1.904541909694672 0.2685681283473969 0.4273095801472664 0 0 0 18.81075531244278 1.643774151802063 0.3758483380079269 31.01407843828201 8.999001547694206 5.44175773859024 5.558212451636791 3.651973471045494 1.088593222200871 0.9183441027998924 0 0.7310203164815903 1.8612891882658 0.1954972296953201 1.336767770349979 1.328489951789379 0.1072257533669472 0.2066204026341438 0 0.0679132491350174 0 0 0 0 0 1084.271611958742 1.068333171308041 0 0 174.521412551403 1.914501965045929 0 4.026885241270065 0.1668100953102112 24.61059228330851 18.72720770537853 12.89702367782593 11.55087864398956 3.037089079618454 25.9366343319416 0.3502137064933777 27.16470482200384 23.08108604699373 30.31042363494635 10.30609557777643 0.5623097866773605 0 0 0.7137897983193398 0 0 0 0 0 0 0 0 0 0 0 0 0 0 0 14.09935665875673 17.54849982261658 0 0.133872777223587 0 0 0.1082579046487808 1.841019704937935 0 0 0 0 0 0 0 0 0 1.350317388772964 2.580767154693604 0 0 0 0 0 0 0 0 0.728094220161438 1.060350835323334 0 0 0.09421607851982117 0.7126094400882721 3.276989698410034 0 0.2527660876512527 0.07960402220487595 0 0 0 0 0 1.768221758306026 0 0 0 0 0.1379340291023254 1.355468764901161 0.2998995631933212 1.564636997878551 3.341595858335495 2.689574129879475 2.115645706653595 0.1058863624930382 0.2932708635926247 0 0 0 0.1519507467746735 0 0 0 23.35209577530622 0.5533211380243301 0 23.48970755189657 3.826839052140713 54.72266962379217 2.777295835316181 904.6290413886309 46.72236391156912 0.7863244563341141 7.519792385399342 3.029149912297726 0 5.140903800725937 0.114301361143589 9.196990944445133 0.3975387066602707 0 4.174706488847733 0 0
1.738430857658386 1492.396991178393 3629.028839930892 5.775883376598358 2619.077238328755 3.91603696346283 635.7712282016873 1219.664422817528 2630.836887858808 11.94399344921112 0 256.4883631691337 1811.496300585568 2733.675852619112 9.932740144431591 10.37916561216116 0.08632592111825943 0.1499813944101334 0.08494292944669724 0 0 0 0 0 0.4842352271080017 0.09869331866502762 0.09145475178956985 0 0 0 102.4107224792242 122.2166902422905 318.7928227111697 0 0 2.641783058643341 56.63561080396175 0.3129332065582275 0.107063427567482 0.06570647656917572 0.1981977820396423 0 0 1.285572670400143 0 0 16.18582072108984 0.3946703970432281 0 0 0.1193488985300064 0 0 0.1029697209596634 0.1620908454060555 1.114338003098965 3.761821031570435 17.97852584719658 1.505847364664078 5.783628210425377 0 2.776818387210369 0 45.46166023612022 0.5726464614272118 0.3101093396544456 0.3210510537028313 0.262235626578331 0 0 62.44394028931856 1.589710332453251 0 16.6626023426652 7.06757415831089 12.57907398790121 22.29671044647694 16.39467319846153 31.47715476155281 1411.92773963511 0 36.01228120177984 1.370310164988041 0.1489303186535835 0.6164135411381721 0.6188459694385529 0.07235189527273178 0.3429461121559143 0.4652293249964714 0.1708461791276932 0.06550687551498413 0.09246417135000229 0 0.1381513029336929 0 36.77384482324123 0.9249380379915237 0 0.6706061363220215 1.807792633771896 0 0 0 0 8.014531701803207 1.081369549036026 0.3660009056329727 0.8168384432792664 0.9273287951946259 6.162211552262306 0.3646182119846344 10.9071836322546 5.553294792771339 8.526854977011681 3.246481738984585 0.338468462228775 0 0 0 0 0 0 0 0 0 0 0 0 0 0 0 0 0 0 11.94558554142714 13.49532862752676 0 0 0 0 0 1.204022340476513 0 0 0 0 0 0.1640797406435013 0 0 0 0.4716659113764763 1.567668773233891 0.7708547711372375 0 0 0 0 0 0 0.081327885389328 0 0.8864675462245941 0 0 0 1.31097124516964 3.129321970045567 0 0 0.3950600028038025 0 0 0 0 0 3.76353096216917 0.3028890192508698 0 0 0 0.321022056043148 0.6205440759658813 0.4693387299776077 0.4141739681363106 0.5231283232569695 1.50645188242197 0.4228367805480957 0.09768229722976685 0 0 0 0 0.08345881104469299 0 0 0 7.994261689484119 0.6829134002327919 0 32.10826008021832 4.772041253745556 52.16292607784271 5.041295923292637 23.05846806615591 17.2540774717927 1.262816034257412 13.41020510345697 5.943925134837627 1.161377549171448 3.88142079859972 0.1279141306877136 6.058512315154076 0.724852979183197 0 0.2606974840164185 0.1773987859487534 0.2259139716625214
533.6268658041954 18.64357643574476 167.8704460039735 540.3919806182384 23.38478801399469 330.9332962781191 163.6449986621737 137.2693242058158 62.5678303912282 2593.10266071558 256.4883631691337 0 1801.416221044958 227.9323241710663 96.35078658908606 190.7185419946909 7.314346224069595 0.5830478295683861 0.08316902816295624 0.4424942135810852 0.2134038358926773 0.1912540122866631 0.4092230722308159 0.941582128405571 0.8482865542173386 0.2009772956371307 0 0 0 0 90.028683796525 306.4923070371151 40.54694636166096 0 0.7238880768418312 4.542303189635277 30.78798776865005 4.149099111557007 7.583253838121891 3.532778181135654 0.4184465706348419 0.7249880880117416 0 28.85653714090586 0 1.43344484269619 87.74974434822798 1.537580326199532 0.2881025075912476 0.1137041971087456 0.06665035337209702 0.5751923173666 0.2348245605826378 0.08784446865320206 1.224009953439236 2.322333786636591 7.941446579992771 31.80043692886829 4.02846185863018 26.89361321181059 0.963789239525795 3.146917119622231 0 123.5833269283175 2.929587583988905 0.5680527053773403 0.7661314681172371 0.6427631974220276 0.3836214393377304 0.4815117418766022 91.83352489024401 35.86089723557234 0.1478756070137024 39.4754521548748 21.61796105653048 60.41431389003992 109.9328200146556 164.7798137888312 47.82471428066492 66.28731017559767 11.90629483759403 51.21463641524315 4.204280219972134 0.470648780465126 2.147027373313904 2.21415689215064 1.452095933258533 0.3182180747389793 1.711670536547899 0.5367062091827393 0.08651856333017349 0.2271298468112946 0.1614175736904144 0 0.6109465584158897 3222.712082579732 128.185252353549 0.5444145947694778 6.799701876938343 67.89248540252447 5.680803783237934 0.09542044252157211 6.979787237942219 0 80.51983182877302 36.03675538301468 21.30402998626232 28.22471351921558 6.119929000735283 65.19888231903315 4.944291599094868 80.52136857807636 58.9273409768939 57.69646495580673 58.99723859876394 5.773304544389248 1.408272080123425 0.2838429361581802 1.194594845175743 0 0 0 0 0 0.1082065850496292 0 0 0 0 0 0 0 0.4090560078620911 0 90.58531367778778 114.4358172044158 0 0.1948134899139404 0 2.350862771272659 1.782691434025764 17.75604013353586 0.1156433299183846 0 0 0 0.1291474252939224 1.198786206543446 0.5106937065720558 0 0 1.896138407289982 18.69213081896305 0.1099494025111198 0.07697123289108276 0 0.399414636194706 0 0.4212238267064095 0.4814088419079781 0.2438268885016441 2.462899394333363 10.14993689209223 0.09290336072444916 0.3925317525863647 2.168644398450851 27.07654290646315 26.96819652616978 1.256249777972698 2.308705538511276 0.2437186688184738 0.69505625218153 0.08942317962646484 0.2614324763417244 0 0 22.1524997279048 1.156406618654728 0 0 0 7.872330762445927 15.51496486365795 7.630570851266384 10.59686969965696 15.02718219906092 14.23156667500734 7.625901438295841 4.170109570026398 0.57480688393116 0.4008229076862335 0 0 0.1586824432015419 0 0 0.1230292245745659 136.5634125545621 14.48930817842484 0.7517931014299393 236.4792622029781 32.83100239187479 225.3356055319309 40.95929447561502 265.5022761747241 54.16662476956844 5.235443018376827 114.4080579504371 29.35141386091709 1.430136032402515 39.643450781703 1.68074356764555 50.25380229949951 8.877475708723068 0.4745123237371445 29.23733221739531 3.45736550539732 1.692261837422848
350.3456251770258 544.3738996163011 1044.545181259513 685.0764504671097 702.5501486435533 233.3623556494713 6121.235562056303 908.030427493155 1062.902589701116 3242.379818856716 1811.496300585568 1801.416221044958 0 4535.401174623519 141.6572680845857 247.2969661429524 8.054549552500248 0.1309412121772766 0.3875460252165794 0.4171323701739311 0.4629547521471977 0.1223076283931732 0.9147032201290131 1.208744361996651 1.525351665914059 0.4849836677312851 0.30085389316082 0.1569753140211105 0.1756513565778732 0.07084985077381134 260.8825876116753 589.2506186068058 689.5614059604704 0.3081499934196472 0.6035312116146088 40.06447201967239 116.0684316679835 40.65465945005417 13.44828002154827 6.646906390786171 1.51469425112009 0.3259875774383545 0.2349531650543213 34.65387213230133 0.1692194119095802 2.282571218907833 158.5205984376371 3.742504961788654 0.5649758726358414 0.09886626899242401 0.06956207007169724 0.7532617151737213 1.534124687314034 0.3650171607732773 2.82513752579689 7.506135385483503 17.30808182060719 69.0895684286952 11.6249897480011 56.02077151834965 2.773357212543488 45.54934015125036 0.3861229717731476 264.6528785228729 5.541508588939905 2.243258286267519 1.730717279016972 0.6241377629339695 0.09655056893825531 0.5707609802484512 250.5849982500076 39.75395915657282 0.1306562274694443 86.29039236530662 50.51133688539267 113.7028203755617 217.739435300231 234.5136978104711 144.9247475042939 426.0183722637594 9.811421006917953 142.1416178718209 9.649020910263062 0.6360171362757683 3.239523850381374 5.864670380949974 2.104701466858387 1.106843806803226 2.695856608450413 0.4786887690424919 0.6391842737793922 0.4373409748077393 0.1057198345661163 0.07714690268039703 1.053271651268005 4007.856547735631 129.8729629889131 0.5845008864998817 22.79663507640362 48.54806938022375 7.975492611527443 0 13.88705412298441 0 130.3397072404623 41.19611000269651 39.3124822229147 45.19017371535301 13.43211188912392 107.0007674992085 6.131155021488667 130.903852507472 105.9134102985263 94.0091739371419 101.0445178076625 9.885434694588184 1.581618659198284 0.2112071141600609 1.681983351707458 0 0.1010918319225311 0.5143015831708908 0 0 0 0 0 0.09034790843725204 0 0 0 0 0 0 133.2314714491367 163.0460319444537 0 0.9761059582233429 0 2.1539451405406 3.519230656325817 20.74910923838615 0.3108681738376617 0.6501872986555099 0 0 0.1821839064359665 1.125604510307312 0.9611381068825722 0.3504650890827179 0 11.94831618666649 32.79135377705097 0 0.2059897631406784 0 0.6507908552885056 0.206234335899353 0.6044691056013107 1.59861858189106 0.09029454737901688 0.9530196562409401 13.4271654933691 0 0.292268842458725 2.576712124049664 33.89177811145782 32.47553665190935 2.066271372139454 0.7198826149106026 0.2771626189351082 0.4041819125413895 0.1113739311695099 0.2606515362858772 0.128357395529747 0.2351454794406891 46.17116755247116 2.230565160512924 0.2092322260141373 0 0 12.68621027469635 23.58788495510817 14.52524268627167 11.34106761962175 22.02279460430145 25.02273456007242 14.74327825754881 6.805206835269928 0.7658550813794136 0 0 0.1608350872993469 0.514934778213501 0 0 0 204.8856928795576 18.11901966482401 1.346682608127594 326.8159163743258 53.45078995078802 371.877906806767 62.18499290943146 276.8054883629084 113.7432181611657 10.68144349753857 141.9468882754445 37.61069034785032 4.800121858716011 56.75703798234463 4.183872424066067 52.68768082559109 17.69461444765329 1.31513574719429 27.20781966298819 6.660330355167389 2.221568956971169
5.520942948758602 587.669828787446 1994.675348602235 0.108901359140873 1084.071353323758 19.92225434631109 4524.633439719677 1810.82959125191 1671.089128561318 23.24789461493492 2733.675852619112 227.9323241710663 4535.401174623519 0 46.77653808891773 87.3182727098465 2.43053675442934 0.09637943655252457 0.06785812973976135 0 0 0.1522822082042694 0.6351974159479141 0.725047767162323 3.048182137310505 0.4535702913999557 0.962080329656601 0.0771736204624176 0.1546134203672409 0 195.6252035498619 296.4986381456256 316.8302444368601 0.1249067410826683 0.2753071486949921 23.02089954912663 422.0736449807882 65.39431139081717 5.522734060883522 2.928309388458729 1.113881029188633 0.1955652311444283 0 12.57695715129375 0.1470600813627243 1.948464453220367 59.22885474562645 1.535609774291515 0.07261421531438828 0.07995638996362686 0.8067827969789505 0.4612433388829231 0.3328024074435234 0.1657124757766724 1.157277941703796 2.54677801206708 8.946585468947887 37.83740001171827 3.294527858495712 20.18170513957739 2.449445575475693 58.30141921341419 0 134.9270201474428 3.603798136115074 1.382568590342999 0.4328693225979805 0.4114915356040001 0.2290120273828506 1.282069459557533 235.738598421216 15.02071805298328 0 43.95494838804007 23.08635018765926 44.16698186099529 85.71428500115871 80.70052079856396 151.3846687376499 455.8626176305115 9.048903167247772 246.118866622448 4.979196786880493 0.3014101386070251 1.340743653476238 2.403437983244658 1.296268098056316 0.2988940179347992 1.342123255133629 0.5634951964020729 0.2688135132193565 0.0751960426568985 0 0.2230288982391357 0.4929624125361443 268.5875250324607 55.09523863345385 0.7357220649719238 6.64379470795393 4.612602919340134 3.952727094292641 0 2.932996034622192 0 16.6567265316844 3.994630731642246 2.08174616843462 8.097236029803753 3.313740663230419 10.37251394242048 0.3932546228170395 24.3917778134346 16.62527729570866 12.86737285554409 14.10564295202494 2.432722955942154 0.1287650167942047 0 0.4507979303598404 0 0 0 0 0.1375072151422501 0 0 0 0 0.2787065505981445 0 0 0 0 0 23.57922370731831 27.3157052397728 0 0 0 0.1981185525655746 0.4736383557319641 2.630465529859066 0.1798307970166206 0 0 0 0.4578634947538376 0.3535350859165192 0.2243812680244446 0.2841579765081406 0 0.9384014680981636 4.667548194527626 0 0.5531442165374756 0 0.597037747502327 0.1538083553314209 0 0.2998635172843933 0.09232309460639954 0 3.002924077212811 0 0.2399361655116081 0.7355901673436165 8.651285469532013 5.079358525574207 0.600482665002346 0.392020083963871 0.3824453353881836 0.4138557016849518 0 0 0 0 7.208743698894978 1.881776668131351 0.3492448925971985 0 0 1.505659893155098 6.08303314447403 5.992055341601372 5.850587852299213 2.826029449701309 4.17470271140337 2.942405663430691 1.163462556898594 0.1819548681378365 0 0 0 0.3475894778966904 0 0 0 29.60373202711344 6.162622429430485 0.7391041815280914 121.5207210406661 24.18891345709562 151.7239746600389 22.37214262783527 64.59200114756823 41.82152071595192 3.054560422897339 57.41348541527987 9.237698011100292 0.8211554810404778 17.30236037820578 1.537817411124706 12.43431280553341 1.145683407783508 0.5390079170465469 8.161752834916115 1.755709171295166 1.497860737144947
