0 3485.212682910264 1813.595927625895 1635.268087416887 1347.231460168958 164.1632615029812 1979.118768468499 145.1899629235268 199.1616351604462 1244.991747587919 1039.699679687619 40.61244525015354 81.11548046767712 83.85401280224323 4.512389495968819 5.044003844261169 0 0.1447298973798752 0 0 0 0.4471242725849152 4.291973471641541 0.8382853269577026 3.11923885345459 0.1259882599115372 3.664297237992287 0 0.8514558374881744 0 437.6799486503005 34.60710357129574 18.42747122049332 0 0.5838882327079773 0 4.768655836582184 0 1.454386755824089 1.891177505254745 0.5681087970733643 0.1318399608135223 0 0.9061700254678726 0 0.8237926214933395 9.316771328449249 0.1831878125667572 0.3062858730554581 0 0.2730631828308105 2.170170933008194 0 0.1057601645588875 5.489493131637573 5.22276233881712 287.3308560997248 884.0118977501988 14.18659502267838 15.84318842738867 2.498682633042336 1.072685912251472 0 65.68873915076256 0.908220998942852 0.3435013070702553 0 0.2145376056432724 0.1227010414004326 2.34707199037075 64.06013031303883 26.58911654353142 4.097580745816231 60.96818117797375 164.4434776008129 16.51568683981895 1.137956351041794 5.462325632572174 0.6565981954336166 24.40365667641163 2.106648296117783 4.287770107388496 5.028362311422825 2.347326688468456 0.1397438198328018 4.844001069664955 0 2.149787567555904 1.605609506368637 1.681032806634903 0 1.171145379543304 0.6821245700120926 0 0.1552091687917709 470.7778676003218 23.75064516067505 1.062924474477768 0.9834233671426773 782.4386437684298 0.1328435689210892 0 0 2.524419456720352 0 20.90316547453403 2.93207623064518 0 4.198986873030663 3.712051793932915 0 3.267030477523804 4.092181473970413 2.522525131702423 2.405918002128601 0.4005485773086548 0.6202600747346878 0 0 0 0 0 0 0 0 0 0 0 0 0 0 0.1558840572834015 0 0 0 0 0 0 0 0.3705693483352661 0 0 0 0.2200815826654434 0 0 0 0 0 0 0 0.2288996875286102 0.1506237685680389 0 0 0 0.3509763181209564 0 0.3731095492839813 0 0 0 0 0 0 0 0.4381197988986969 0 0 0 0.1074345931410789 0 0 0 0 0 5.245038896799088 0 0 0 0 1.359201431274414 0.2507200241088867 0 0.1113314554095268 0 0 0 0 0 0.2915411964058876 0 0 0 0 0 0 1.818911194801331 0.8065434694290161 0.5410366505384445 113.5343553051353 15.79880611598492 123.1892504021525 16.14206036180258 1406.211822748184 31.77567923069 8.559924408793449 43.91071671247482 3.273663327097893 0.4352951273322105 3.718794383108616 5.513151958584785 2.167122378945351 1.22902138531208 0.09709677845239639 0.3992809504270554 1.24264694750309 0
3485.212682910264 0 1581.413208976388 116.1692277342081 3781.101053737104 154.0335101485252 5209.912142887712 40.94226007908583 4374.438701376319 278.1087097376585 903.9356492012739 4.125018745660782 62.82575080543756 69.58927775919437 15.31036438047886 6.939770624041557 0.1737834960222244 0.1258609145879745 0 0.2195198386907578 0 0 0.9511047601699829 0 0.1467656195163727 0.3298162668943405 0.399979442358017 0.1678841710090637 1.699695751070976 0 632.2069554924965 10.01682086288929 4.974424824118614 0 0 0.177742063999176 2.334485873579979 0.7291991263628006 0.3327213525772095 0.599642738699913 0.43630251288414 0.3448995649814606 0.1639085859060287 3.093328222632408 0.3557271957397461 0.3316244781017303 48.39452186226845 1.224057137966156 0.3452020287513733 0 0.1380030512809753 0 0 0.1202311962842941 26.38421759754419 29.54823940992355 171.6381914392114 757.5353372991085 13.02784249186516 68.20190275460482 1.802563086152077 0.8349751830101013 0.7943251132965088 13.52279528975487 5.422754153609276 1.013810008764267 0 0.8384443074464798 0.9878649264574051 3.195560172200203 6.118561707437038 5.561787500977516 0 131.3044251427054 188.6664703860879 97.74230790138245 5.685105428099632 10.57624939829111 2.1761564463377 8.535427793860435 1.68391515314579 4.391647025942802 21.30117532610893 9.59428808093071 1.217330783605576 17.22025576978922 0.1624074876308441 3.658912047743797 4.951327167451382 0.797447681427002 0.278438538312912 0.4339808225631714 1.586790174245834 0.531260222196579 0.1487759202718735 130.1526926010847 0.899094820022583 0 0.9020067006349564 542.1755125075579 0 0.7814365923404694 0 1.442933112382889 1.060752630233765 42.84462027996778 5.024644926190376 1.843723028898239 31.09767106175423 28.97035847604275 0.297330766916275 12.6784024387598 28.28183482587337 24.51581333577633 16.17655178904533 0.4203279316425323 0.5830386802554131 0 0 0.1495689749717712 0 0 0 0 0 0 0 0 0 0 0 0.3590387403964996 0 0 0.9247857332229614 0.6420637965202332 0 0.6760033369064331 0 4.444085016846657 0 0 0 0 0 0 0 0 0.6355305910110474 0.2014390081167221 0 2.5216084420681 2.041650727391243 0.2837731838226318 0 0 0.3900795578956604 0 0.2769541144371033 0.2452251687645912 0 0.3755612149834633 0.415422648191452 0 0 0 2.228379905223846 0 0.2692646384239197 0.8177733197808266 0.1087599694728851 0.2770912572741508 0 0 0 0 18.01282761991024 0 0 0 0 3.68947896361351 2.28169921040535 1.375573128461838 3.046173840761185 1.63493275642395 3.514127343893051 0 0.2637158036231995 0 0.3084524720907211 0.4739486649632454 0 0.2691197767853737 0 0 0 14.00910672545433 4.230772987008095 2.833452522754669 678.1415405496955 92.39728111773729 609.5197457969189 95.43192428350449 1063.172925442457 117.13886641711 21.94384953379631 178.1816835179925 6.060457423329353 4.384487479925156 12.04081774502993 9.655715838074684 9.842393010854721 0.6078506708145142 0.538657009601593 3.188098952174187 3.781356364488602 0
1813.595927625895 1581.413208976388 0 16.11497527360916 922.3811746090651 20.17725704610348 227.3800422549248 1059.978805139661 1176.217698693275 32.37825128436089 3368.08692445606 6.826750613749027 84.47533075511456 102.7398444265127 32.47790534049273 28.13913585990667 0.606977716088295 0 0 1.219980373978615 2.965640619397163 3.115574657917023 12.41193671524525 8.735687091946602 24.99892111122608 1.144015699625015 21.61175134778023 2.476526416838169 3.947290822863579 1.728577807545662 7317.723409362137 1251.856545642018 51.65221233665943 0.3167705535888672 15.40881359577179 5.436424940824509 19.97931316494942 6.162937313318253 1.105626329779625 15.37916234135628 22.5233641564846 2.919045671820641 0.5179543942213058 14.45348440855742 0 1.681893661618233 61.98806900531054 0.6943155825138092 0.255399227142334 0 4.275910377502441 0 0 1.267427057027817 20.30320326238871 22.67410580813885 204.4100108519197 3108.753202445805 10.05065662413836 65.48998326063156 2.309902228415012 2.117819756269455 5.803326025605202 652.7152816206217 4.331407196819782 1.232044771313667 0.4365582540631294 1.065554291009903 2.916956134140491 35.65385316312313 61.93462026119232 2.543484196066856 0 132.6521223261952 303.6822092980146 97.76750349998474 37.52024586498737 52.05901861190796 59.13443567603827 531.1676575765014 31.03783178329468 258.6064059510827 18.90081626921892 8.633465006947517 2.345229588449001 19.46585243940353 1.614398404955864 2.491702295839787 5.069345943629742 0 0.7493526786565781 1.047457635402679 14.04771509766579 5.188328683376312 0.9202402606606483 109.5327358096838 2.64581410586834 0.184950053691864 3.438765838742256 1189.420528516173 0.1052255555987358 0 0.2755327522754669 0.4046494960784912 1.704990431666374 4.04699619114399 2.466256350278854 0.4404452741146088 25.32086203992367 17.3103803396225 0.5098370313644409 8.527481719851494 16.52306406199932 18.08897244930267 12.5551518201828 1.011167988181114 0.931696891784668 0 0.2220284938812256 0 0 0 0 0 0 0 0 0 0 0 0 0 0 0 0 0.4138901233673096 0 0 0 3.995628893375397 0 1.343925505876541 1.317556224763393 0 0.2831936776638031 0 0 0.1780465543270111 1.066306173801422 0.2089033424854279 0 2.53701014071703 0.3203704655170441 0 0 0 0 0 0.2320596575737 0.2843835353851318 0.2279230877757072 0.45501958578825 0 0.1577941030263901 0.5505562573671341 0 1.660819858312607 0 1.207900658249855 0.5634092688560486 0.1360643357038498 0 0 0 0.3714854121208191 0.6875042319297791 17.22354279458523 0 0 0 0.2903355807065964 2.219594836235046 3.36529777944088 1.398029088973999 0.9662417694926262 0.3852066248655319 0.8656098321080208 0.3887264728546143 0.5991480946540833 0 0.6891410052776337 0 0 0.3916637748479843 0.1823705732822418 0.4485771209001541 0 18.19196698069572 3.097816810011864 2.618787810206413 511.1386417523026 71.23141402751207 483.3583525419235 76.30979175120592 798.4908289164305 79.35672933608294 20.38496769219637 165.3921395093203 6.697428449988365 3.121262595057487 5.676019929349422 8.089169889688492 8.715253502130508 0.93857042491436 1.589431867003441 1.128698229789734 2.330839663743973 0.1543312072753906
1635.268087416887 116.1692277342081 16.11497527360916 0 53.2684131860733 762.0477161854506 912.419972717762 1.902326807379723 52.14009083807468 1525.165616497397 4.45812851190567 6.125766336917877 84.95792247354984 55.63446483016014 0 0.9810869991779327 0 0 0 0 0 0 0 0 0 0 0 0 0 0 4.592544347047806 0.7981064170598984 1.499666377902031 0 0 0 0.1145869344472885 0.2350484132766724 0 0 0.2271734774112701 0.1357720643281937 0 0.1631704419851303 0 0 2.867067471146584 0 0 0 0.2016751915216446 0.1472217887639999 0 0 4.04871954023838 4.199364423751831 39.90024670958519 135.819722250104 0.963202565908432 6.676987186074257 0.5603380352258682 0 0 0.8788215517997742 0.7040192037820816 0 0 0 0 0.7015921920537949 6.693061232566833 1.917135044932365 1.914865538477898 21.78073927760124 44.86142840981483 7.984656766057014 0.4923226237297058 0 0.3676435202360153 0.9342653900384903 0.4998589009046555 0.9518913403153419 3.628047831356525 1.480426892638206 0 2.171187974512577 0 0.4910665154457092 0.7756853476166725 0 0 0.2372413277626038 0.1245871111750603 0 0.1294714957475662 347.7902578115463 2.714885734021664 0.2064102441072464 0 238.6012031883001 0 0 0 1.915234461426735 0 12.63759133219719 1.464068561792374 0 6.645078763365746 7.214975491166115 0 2.019065827131271 3.776526674628258 5.339317306876183 0.7530162036418915 0 0 0 0 0 0 0 0 0 0 0 0 0 0 0 0 0 0 0 0 0 0 0 0 0 0 0 0 0 0 0 0 0 0 0 0 0 0 0 0 0 0 0 0.1262128055095673 0 0.1662552803754807 0 0.3392580449581146 0 0 0 0 0 0.1652872860431671 0 0 0 0 0 0 0 1.841884180903435 0 0 0 0 0.3940784931182861 0.2655237913131714 0 0 0 0 0 0 0 0.1286171972751617 0 0 0.1500803381204605 0 0 0 1.377758130431175 0 0 83.24741879105568 7.795537501573563 81.14929620176554 7.800836116075516 974.1648124605417 14.36217612028122 4.859432071447372 21.38771815598011 0.6435541957616806 0.1306885927915573 2.164372131228447 2.132810011506081 2.868269339203835 0 0 0 0.8496090769767761 0
1347.231460168958 3781.101053737104 922.3811746090651 53.2684131860733 0 28.86830508708954 3414.437722966075 18.76910704374313 12992.06008521467 415.7320604622364 1266.319376222789 8.826639622449875 110.4358490854502 325.2435797303915 21.21475314348936 10.80067273974419 0 0 0 0 1.109634473919868 1.065103515982628 0 0 0.8742341548204422 0.1770407855510712 0 0.5112476348876953 1.591771140694618 0 464.7390827909112 18.69397769868374 4.433890357613564 0 0 0.2087211161851883 1.899046301841736 0.3455878794193268 0.2827917039394379 0 0.4572992622852325 0 0.3559935241937637 5.195715345442295 0.2968240678310394 0.823666900396347 57.50178910791874 0.3051426708698273 0 0 0.4059784710407257 0 0.2313887625932693 0.2040323913097382 19.57073120772839 21.04237771779299 66.51617550849915 343.6699293255806 7.311049528419971 63.98883616924286 0.8912788927555084 0.8183004707098007 0 15.70834882557392 4.727693773806095 0.8206911385059357 0.2805327773094177 0.1132965385913849 0.1770148724317551 1.772485420107841 8.429641380906105 2.01127290725708 0 67.96190725266933 93.82694560289383 95.90090024471283 9.808338612318039 24.54860524833202 1.070694997906685 5.327739305794239 1.330180674791336 3.544278301298618 16.06138667464256 7.483894936740398 1.079993352293968 16.86025205254555 0.93047796189785 2.84380367398262 5.70648867636919 0.6732737123966217 0.620912991464138 0.1744765937328339 0 0 1.032068401575089 171.752971470356 0.4424410164356232 0 0.779917299747467 99.47089061141014 1.191088736057281 1.273316100239754 0.770445704460144 6.964465588331223 3.070087477564812 30.2187615185976 17.28665745258331 1.196370869874954 78.40442371368408 80.58746266365051 3.583624139428139 41.74961580336094 89.74041636288166 64.2669170498848 42.55168443918228 1.804564476013184 1.593343466520309 0 0 0.2694079577922821 0 0 0 0 0.1881685853004456 0 0 0 0.3685851097106934 0 0.222233772277832 0 0 0 0.784296378493309 2.183529049158096 0.1355945020914078 0 0 5.063104450702667 0 2.209246963262558 0.8047757744789124 0.1599439978599548 0 0 0.2415692061185837 0 0.3263203799724579 0.2185521870851517 0 2.874555945396423 2.905281096696854 0.6930058002471924 0 0 0 0.1721874624490738 0.5597528144717216 1.245795026421547 0.2487301230430603 1.818689197301865 2.524752736091614 0.3876810818910599 0 0 7.958577662706375 0 1.299501910805702 1.871341183781624 0.3649033308029175 0 0.1990210860967636 0 0 0 72.29997511208057 0 0 0 0 12.10184344649315 5.312520563602448 4.703504532575607 6.60244970023632 4.396555215120316 7.149677649140358 0 1.464400395750999 1.416734963655472 0.6010586842894554 0 0 0.9890612289309502 0 0 0 53.16700948774815 8.944341167807579 3.294728860259056 744.6137719750404 99.9048453643918 414.6488946452737 95.9687909334898 403.7346687316895 98.88915354013443 15.15076920390129 148.4027169421315 8.399082504212856 4.239517040550709 20.29670608043671 8.891594648361206 14.57836075127125 1.454911127686501 1.068520866334438 4.62595246732235 5.220116764307022 0.3445900678634644
164.1632615029812 154.0335101485252 20.17725704610348 762.0477161854506 28.86830508708954 0 377.2308156490326 7.241135597229004 18.50918410718441 413.4314737170935 33.4224221855402 48.66289164125919 112.5895002782345 99.62103044986725 2.236879572272301 4.6193827688694 0.4606752097606659 0 0 0 0 2.931651502847672 0 0 0 0 0 0 0.2202560156583786 0 13.89178287982941 2.762531295418739 55.39716331660748 0 0 0 17.85113929212093 1.240040689706802 8.719331353902817 2.59538047015667 0 0 0.127511665225029 2.475214928388596 0 1.11024172604084 3.976060815155506 0.424843966960907 0 0 0 32.3144748210907 0 0 0.3600278049707413 0.7777154967188835 82.77363689243793 95.72081299126148 1.917560145258904 1.617442905902863 4.950074687600136 3.92471532523632 0.3153019547462463 0 0 0 0 0 0.1116760969161987 0 229.7733726501465 512.1037249267101 46.62274175882339 1.911374270915985 3.692633599042892 1.322903588414192 1.46065454185009 0.9552557021379471 1.472364038228989 22.47183997929096 6.717417106032372 13.01871220767498 0 3.479111805558205 0 0.3027131259441376 0 14.41877223551273 5.235237255692482 34.5455069988966 0.3480207622051239 15.05788494646549 0 0 1.436534181237221 356.5065996795893 137.959212526679 40.50137716531754 30.93424046039581 277.2951784878969 0 0 0 0 0 4.158405929803848 0 0 0.615318775177002 0.4239651262760162 0 0.2302979826927185 0 0 0.3487393260002136 0.1741207540035248 0.1993737071752548 0 0 0 0 0 0 0 0 0 0 0 0.1523898094892502 0.3027761280536652 0 0.3566763550043106 0.3567630648612976 0 0 0 0 0 0 0 0 0.1476768106222153 0.909420371055603 0.7801434695720673 0 0.1775276809930801 0 0 0 0 0 0 0 0 0 0 0.2546197175979614 0.3689882606267929 0 0 0 0 0 0 0 0 0 0 0 0 0 0 0 0 0 0.2427558749914169 0.1251896619796753 0 0 0 0.2112289518117905 0 0 0 0 0 0.1835961937904358 0 0 0 0 0 0 0 0.1648307740688324 0 0 0 0.6695760786533356 0.1454573273658752 19.38829507678747 4.044996157288551 8.985171519219875 3.634420998394489 262.3991956710815 4.964211948215961 0.9928030073642731 8.043458215892315 0.6304261386394501 0.2290322035551071 0.1824986189603806 0.6829960346221924 0 0 0 0 0.1543124318122864 0
1979.118768468499 5209.912142887712 227.3800422549248 912.419972717762 3414.437722966075 377.2308156490326 0 19.51851993054152 3253.426290087402 3159.715527996421 346.9535120949149 31.93185459077358 3694.38660107553 2592.43390327692 34.17320190370083 12.04174706339836 1.29912668466568 0 0 0.3484318554401398 1.698685020208359 0 0.4344271570444107 0.2088697105646133 0.4093478992581367 0.1549878269433975 0 0.2275697141885757 1.919268004596233 0.1493801921606064 82.54083523899317 2.891576305031776 5.199199922382832 0 0.1392900794744492 0.5336975455284119 1.756157010793686 1.235988885164261 0.2871958464384079 0.4019345641136169 0.4040876775979996 0.4034508466720581 0.7864159345626831 5.597252979874611 0.5631155371665955 2.079601854085922 61.08599626272917 0.3856838792562485 0 0.2416139096021652 0.5980180948972702 0 0.129920706152916 0.8522880077362061 26.69138474017382 29.66089476644993 138.6526913419366 431.0698599889874 13.7160504758358 76.05929388850927 1.762574195861816 0.9315036237239838 0 16.07337538897991 4.499262571334839 1.263526529073715 0.2888168692588806 0.2537433803081512 0.3067494332790375 1.805523589253426 19.8105643838644 2.590485170483589 0.1813391596078873 108.2595101669431 152.7750616744161 98.38585323095322 7.802635446190834 18.14958372712135 0.7871480733156204 6.668940313160419 2.364998579025269 4.892775379121304 26.22176588326693 8.361747518181801 1.96743942797184 18.36918200552464 1.622906446456909 3.17643766105175 4.440360434353352 0.1795878261327744 0 0.7486724257469177 1.459974765777588 0.5527423620223999 0.5959124267101288 834.872796036303 3.082249164581299 0 0.8065630495548248 180.2871693074703 0.9685164391994476 3.43817837536335 2.795389920473099 9.068639174103737 3.764223292469978 93.15115782618523 50.67628510296345 3.50918835401535 177.3581915795803 192.1696783304214 6.49015699326992 84.16194647550583 195.1594282388687 146.7030184715986 86.27314278483391 1.484011679887772 1.636305958032608 0 0.3615317344665527 0 0 0 0 0 0 0 0 0.2312962412834167 1.094578504562378 0 0.3149473071098328 0 0.6397513747215271 0 1.401343017816544 3.973120748996735 0 0 0 12.96962280571461 0.7803179025650024 2.293005883693695 1.637859508395195 0.730937659740448 0 0 0.3208027482032776 0 0.666416123509407 0.9156435132026672 0 12.144879296422 9.773886486887932 1.785621032118797 1.049665510654449 0 0 0.1747988611459732 1.162960723042488 1.428459689021111 0.5719509497284889 2.471647381782532 3.976756051182747 1.362434551119804 0.8770477175712585 2.032225966453552 7.628800824284554 0.1536135077476501 2.997578024864197 2.697526782751083 0.1289083361625671 0.3681623339653015 0 0.2584573030471802 0 0 147.0149063318968 0 0 0 0 18.29313145577908 4.047259017825127 12.10313609242439 11.22243867069483 7.536155059933662 12.72911120951176 0.8857420831918716 2.16742479801178 2.053371362388134 0.9283683076500893 0 0 1.390521749854088 0.2655902504920959 0 0 133.7088356614113 8.608612187206745 6.954107910394669 1376.273733556271 126.3963550403714 747.6834854111075 151.1140529215336 1332.228127680719 161.1570473536849 21.30944537371397 324.3088493719697 19.85202023386955 8.761729300022125 34.18258154392242 14.08144897967577 47.94886240363121 2.736545562744141 1.192705556750298 7.243093237280846 7.145072907209396 0
145.1899629235268 40.94226007908583 1059.978805139661 1.902326807379723 18.76910704374313 7.241135597229004 19.51851993054152 0 419.24643342942 5.10710708796978 1681.089172944427 9.3938108086586 105.7861398011446 208.5737145245075 118.3688092082739 134.5682791471481 1.326305404305458 0.2148514837026596 0 8.33002769947052 19.11713583767414 7.865802526473999 89.1303935199976 49.22191141545773 104.2924788668752 4.686990834772587 112.6769576519728 1.964323788881302 13.56615509092808 3.31199012696743 1296.057455971837 825.3046476766467 127.3185834810138 0.5403108894824982 83.3188856318593 47.62793384492397 47.97458680719137 21.69570945948362 3.717378795146942 33.75378853082657 116.7319489121437 8.178823903203011 2.724083237349987 43.09988553822041 0.7480259090662003 8.228334374725819 148.6083789765835 2.673085033893585 0.3478171229362488 0.8452956080436707 20.69949208945036 3.267682552337646 1.247651934623718 2.230329416692257 21.74340105801821 22.82480422407389 110.5825583040714 788.8080597817898 7.789508782327175 95.94793012738228 6.080594539642334 6.661302670836449 54.40003967285156 438.3837297707796 5.916119992733002 1.071149207651615 0.9472574591636658 1.334609195590019 8.247710332274437 125.7332110330462 159.6652846708894 4.754051476716995 0 120.8525371551514 184.7850414887071 165.6791019290686 58.10988067090511 171.642883643508 683.4229197800159 1338.390198461711 171.8650386556983 1782.292849048972 24.91416767984629 7.812125630676746 1.442749798297882 20.21133517473936 4.223978579044342 3.381594218313694 8.184358134865761 0.870015949010849 2.211263716220856 1.796729952096939 45.75220659375191 23.24815879762173 2.308800846338272 212.1687780246139 2.951182201504707 0 4.531333386898041 91.31540122628212 0.5547354817390442 0.4281855821609497 0 0.7677886635065079 0 3.988812252879143 4.155406430363655 0.9000325053930283 18.69147469103336 20.6501828879118 0 8.646232768893242 25.12525562942028 13.27449078857899 14.49095238745213 0.2722607553005219 0.9999012425541878 0 0 0 0 0 0 0 0.5299217700958252 0.8358440697193146 0 0 0.9048669785261154 0 1.298127517104149 0 2.309254556894302 0 0.2449468374252319 0.8103951662778854 0 0 0 6.90029676258564 0.1503391861915588 2.605876855552197 2.266860321164131 1.567993775010109 0 0 0.5673259347677231 0.2167063504457474 0 0.2769931554794312 0 3.32924697548151 1.419776037335396 0 0.1824021935462952 0 0 0.6298278346657753 0.244779534637928 0.7250755876302719 0.3389104902744293 1.201335057616234 0.163510650396347 0 0.880451887845993 0.1289538741111755 0.8670327067375183 0.796499565243721 0.5246897712349892 0.3325269743800163 0.7450469583272934 0.2965822666883469 0 0.3614830821752548 0.3330311179161072 1.013741299510002 36.78055365383625 0.7393468767404556 0 0 0.7460385859012604 4.924150429666042 1.3409683406353 2.51137538254261 4.262932457029819 1.255965530872345 1.805086091160774 0 0.3318738043308258 1.045237600803375 0.9427566081285477 0 0 0.5243524089455605 0.6572733521461487 0.1996650695800781 0.5379000455141068 25.34157676994801 8.871358819305897 7.50764487683773 646.3384694606066 138.7476196736097 601.1504562795162 137.6164382845163 139.4904009923339 102.9570829644799 11.97034187614918 194.6397546231747 11.40970174223185 5.0741992816329 13.86062277108431 6.841430649161339 2.709811747074127 0.9939305037260056 1.225448600947857 4.009646147489548 6.637281194329262 0
199.1616351604462 4374.438701376319 1176.217698693275 52.14009083807468 12992.06008521467 18.50918410718441 3253.426290087402 419.24643342942 0 268.2381302416325 2851.019883602858 70.37206381559372 1240.025924935937 2812.642328597605 52.97702003270388 26.9762447103858 0.1570333242416382 0 0 0.1038693636655807 0.5437212586402893 0.2547179460525513 1.833130657672882 0 1.134793698787689 1.212977178394794 4.349133312702179 0.2043992280960083 1.449343204498291 0.1686533242464066 121.894518956542 9.429571703076363 145.9695384502411 0 0.3926418125629425 1.404264062643051 21.52320954948664 1.901479095220566 0.9696280211210251 3.020108342170715 3.14526903629303 0 0.1578314304351807 16.26433520019054 0 0.9670114666223526 73.35708548873663 0.3265531957149506 0.5601209104061127 0.7317967116832733 0.6276165843009949 0.386519730091095 0 1.293208725750446 8.277370423078537 11.42198748886585 37.12688738107681 111.6324300169945 4.244030222296715 43.44762518256903 2.047822147607803 1.434466943144798 0 19.2576390504837 2.559303194284439 0.743613176047802 0.2570243775844574 0.506783664226532 0.5678384602069855 2.239780500531197 122.2876223549247 3.182848796248436 0 33.48913002759218 44.14841957390308 61.2005947381258 12.35614135861397 27.40484720468521 4.468111470341682 25.70183274894953 3.231005966663361 15.94773635268211 10.95686289668083 2.483930587768555 0.7040822803974152 7.492575325071812 0.410326823592186 1.154941588640213 2.06607262045145 0.1479918509721756 0.2977626174688339 0.5924088358879089 0.9671798497438431 0.7012963593006134 1.262798480689526 411.2916383519769 3.187212720513344 0 2.596687138080597 48.02638053894043 0.5616934150457382 0.5188237428665161 0.6801325678825378 2.624772384762764 0.8489635139703751 35.23898184299469 19.96476636826992 2.843188866972923 92.07012514770031 101.8356232047081 2.167797520756721 49.15996159613132 108.5239248275757 68.56189857423306 67.65106509625912 1.464840844273567 2.88247811794281 0 0 0 0 0 0 0 1.444424152374268 0 0 0 0 0 0 0 0 0 1.492582142353058 0.6312726140022278 0 0 0 8.725122660398483 0.2818041145801544 1.702865675091743 1.804339170455933 0 0 0 0 0 0.1853308230638504 0.273928701877594 0 4.243889734148979 4.6069116294384 0 0.1505709290504456 0 0 0 0.4667623117566109 1.183234065771103 0 0.3902229219675064 2.026901960372925 1.002889513969421 0 0 3.711330860853195 1.315446056425571 0.1810281425714493 0.5594458132982254 0 0 0 0.1647129654884338 0 0 86.20109377801418 0.2873822748661041 0 0 0 8.627123072743416 5.228995963931084 4.876913920044899 4.550593629479408 3.568387925624847 5.598993435502052 0 1.456058740615845 0.8765003830194473 0.4915917441248894 0 0 0.1211242899298668 0 0.3953305184841156 0 98.85377959161997 8.134849563241005 5.41811603307724 944.6214553490281 84.6513802036643 405.51185246557 107.7059370428324 137.2843835949898 98.06876182556152 9.091994784772396 244.7740326374769 13.89109942317009 2.727381460368633 18.68939711153507 5.181679964065552 20.59521502256393 1.58746749907732 0.5603645965456963 7.385371834039688 4.718287602066994 0.1760765314102173
1244.991747587919 278.1087097376585 32.37825128436089 1525.165616497397 415.7320604622364 413.4314737170935 3159.715527996421 5.10710708796978 268.2381302416325 0 95.18524384498596 1839.651187479496 7215.947792768478 958.2946990430355 2.553991034626961 2.287986278533936 0.4882517158985138 0 0 0 0 0 0 0 0.2093530893325806 0 0.1292446851730347 0 0.3044648766517639 0 7.77078241109848 0.1897375583648682 7.8338283598423 0 0 0 1.281410813331604 0.1783866137266159 0 0.1859865337610245 0 0 0 1.085169941186905 0 0.1424035131931305 5.721765026450157 0.3269300758838654 0 0 0 4.248934090137482 0 0.3210828602313995 3.603630095720291 4.026541918516159 51.82752680778503 97.97746550291777 4.487906694412231 6.630657240748405 1.084244653582573 0.5271941423416138 0 3.344970256090164 0.4124771356582642 0 0 0 0.2086871862411499 0.5871196091175079 70.88275967538357 37.37933157384396 4.802652031183243 17.60727565735579 25.35205952823162 9.034921571612358 0 1.350958988070488 0.3682533949613571 2.46980395168066 0.673530250787735 1.309792995452881 4.377695888280869 1.114539578557014 0.1239777579903603 2.182364664971828 0 0.901982769370079 0.8652637749910355 1.93242546916008 0 1.882024317979813 0.4265347570180893 0 0.6995273381471634 1404.775403618813 37.48824319243431 2.329213336110115 0.6933183223009109 321.438029974699 0.6842755824327469 2.575762331485748 0.6408978998661041 16.5641036182642 4.519155234098434 73.35208883881569 34.36307238042355 5.509060174226761 124.3882658332586 158.5082109868526 3.170901775360107 65.9892602711916 130.2265049219131 127.2349037230015 46.79008589684963 0.1601992249488831 0.5862419009208679 0 0 0 0 0 0 0 0 0 0 0 0 0 0 0 0 0 0.4777053147554398 3.308860450983047 0 0 0 7.208797514438629 0 2.596794210374355 0.2169867008924484 0.1189089342951775 0 0 0 0 0.2031866908073425 0.4091742932796478 0 6.960136041045189 4.398937985301018 0.4518848955631256 0.2502007484436035 0 0 0 0 0.8336347490549088 0 1.96082492172718 5.643733456730843 1.192834123969078 0 0 4.47503674030304 0 1.205830544233322 1.23522861301899 0.5031037330627441 0 0 0 0 0 54.0258334428072 0.6493325680494308 0 0 0 11.13007512688637 4.861281037330627 3.686412110924721 10.56243498623371 8.178869649767876 7.758534163236618 0.6110012531280518 0.463546022772789 2.029834598302841 0 0 0 0 0 0 0.3071779608726501 47.67800392210484 3.481103226542473 1.457136332988739 344.461276628077 16.24621197581291 129.1723008230329 16.96441940963268 772.1956269294024 29.06949776411057 2.635518714785576 81.27211716026068 13.68758089840412 0.2730611637234688 17.53278508782387 7.72587662935257 42.63404063880444 5.284830316901207 0.2902681902050972 1.438964411616325 1.078149378299713 0.5722480416297913
1039.699679687619 903.9356492012739 3368.08692445606 4.45812851190567 1266.319376222789 33.4224221855402 346.9535120949149 1681.089172944427 2851.019883602858 95.18524384498596 0 405.2952984273434 1450.127613835037 4688.43378174305 123.3162607774138 109.7898762971163 3.322440564632416 0.7697832584381104 0 0.3406793773174286 3.784947648644447 21.20227216184139 16.26360088586807 9.015228495001793 41.48765321075916 2.582349255681038 31.48292565345764 2.104718118906021 17.11441487073898 0.1341354548931122 1639.314054340124 253.0378423109651 1688.311224773526 0.7171613574028015 9.956346422433853 11.50572682917118 341.0422714054585 16.91211526095867 5.875069662928581 36.03853975236416 14.37855663895607 2.069728866219521 1.464971579611301 44.31119049340487 2.720575511455536 3.53457435965538 159.8136912509799 1.529703170061111 0.5157760977745056 0.7251057326793671 3.800520926713943 12.69819471240044 2.538834735751152 0.6575469821691513 21.45901200920343 24.46849433332682 101.6724996343255 565.03414696455 10.26097349822521 104.6034934297204 3.734326347708702 7.662365473806858 10.24075265228748 87.32790128141642 3.864980064332485 1.512724049389362 0.6482899338006973 0.8139294311404228 0.1579211950302124 11.70031668245792 1026.303788602352 9.632515117526054 0 112.4066835045815 135.9830203577876 154.8313602507114 31.76594452559948 91.47251105308533 225.9404548406601 456.3299786746502 29.80099686235189 183.7994254678488 25.18114390224218 8.669495671987534 2.121727421879768 18.65275322645903 1.35435838997364 1.920350313186646 6.960055626928806 0.1960063427686691 1.590267553925514 1.236715473234653 6.329912632703781 4.382390856742859 2.121937781572342 872.6634440645576 18.4066327214241 0 15.89445754885674 275.5479415282607 0.7660192996263504 0.2284236401319504 0.534696638584137 6.335486128926277 2.593828111886978 35.00611835718155 16.51450407505035 5.1902996301651 76.51634195446968 77.68186235427856 1.91077783703804 36.62704794108868 83.95034962892532 67.60976099967957 59.61183946579695 0.5490504056215286 1.732000149786472 0.1731758862733841 0 0 0 0 0 0 0 0 0.3726859390735626 0 0 0 0 0.2982428222894669 1.111810073256493 0 1.395965576171875 1.171101689338684 0 0 0 7.992076203227043 0.1747406870126724 3.235289469361305 6.151757627725601 2.310850948095322 0 0 0.3255159854888916 0 0.4520609080791473 0.4850482791662216 0 1.913630805909634 5.605953752994537 0.4110345840454102 0.6092636585235596 0 1.789045706391335 0.2823257148265839 0.6031920313835144 0.9784032851457596 0.6020996794104576 0 3.244807489216328 0 0 0.8687753081321716 4.127168864011765 0 0.7700926959514618 0.3377798721194267 0.2647442668676376 0 0.1416724175214767 0.3572251349687576 0.6426700353622437 0 78.21119904518127 1.551752239465714 0 0 0 5.936486229300499 5.891030892729759 7.457923054695129 4.430083900690079 3.96063731610775 5.175862342119217 0.5507581830024719 0.8733434230089188 0.3791707381606102 1.267624005675316 0 0 0.617396391928196 0.6908491998910904 0 0 101.3632856458426 11.57135555148125 8.591381669044495 1295.084561914206 158.6749124526978 740.6247366070747 190.9398827925324 308.2955013439059 146.5692611411214 15.32493264228106 388.0570591390133 18.16549328714609 4.921377457678318 23.05108834058046 7.811364531517029 16.59197980165482 1.305227696895599 0.5573994517326355 9.324191875755787 10.72348348796368 0.1586963087320328
40.61244525015354 4.125018745660782 6.826750613749027 6.125766336917877 8.826639622449875 48.66289164125919 31.93185459077358 9.3938108086586 70.37206381559372 1839.651187479496 405.2952984273434 0 3218.567199856043 349.3781193196774 13.34150862693787 13.89814998209476 1.103450402617455 0 0 0 0 1.437631353735924 0 0 0.142355352640152 0 0 0 0.6187322288751602 0 3.663728401064873 0.988609790802002 76.21157279610634 0 1.283886909484863 0 14.32075616717339 0.7810478210449219 0.7658035457134247 0.5665040910243988 0.2227005064487457 0 0 1.657880991697311 0.2876821756362915 3.250726073980331 12.13204357773066 0 0 0 0.1786775887012482 5.093421094119549 0 0 0.1358156651258469 0.2881832420825958 9.733762174844742 7.410044729709625 0 0.8941504284739494 8.73540885746479 7.598974242806435 0 0 0.1150525733828545 0 0.1352450102567673 0.1239142119884491 0.1635246872901917 0.3376154005527496 84.0055485367775 35.73715759813786 2.158272609114647 2.123663611710072 1.130372643470764 4.021601118147373 0.3804263323545456 0.516745314002037 0.7024172395467758 31.49408116936684 11.2100935280323 20.61637088656425 1.03931650519371 0.3359532132744789 0 0.2517389804124832 0.4243066012859344 0.2256956547498703 0.903632715344429 1.720389008522034 0 0.8500364273786545 0.2654023766517639 0 0.1930052787065506 1287.415409602225 129.6354233175516 6.048266336321831 2.416937664151192 112.5725799947977 0 1.716118842363358 0 1.483946219086647 0.5078449994325638 13.68562811613083 12.52530221641064 0 35.4315642118454 43.05967296659946 0.3963404595851898 18.54046222567558 36.65555137395859 31.08932135999203 13.56218136847019 0 0.6177760064601898 0 0 0 0 0 0 0 0 0 0 0 0.1565657258033752 0 0 0 0 0 0.4317075163125992 0.3439567685127258 0 0 0 2.881158150732517 0 0.6561034619808197 0.504648819565773 0.8968610465526581 0 0 0 0 0.7670067995786667 0 0 1.776175886392593 0.3432148545980453 0.2789470702409744 0 0 0.5080780684947968 0 0 0.7917608097195625 0 0.8115097880363464 1.847070530056953 0.6298989057540894 0 0.3281263411045074 1.791045963764191 0.1549073308706284 1.679935105144978 0 0 0 0 0.2800609767436981 0 0 24.19504452496767 0 0 0 0 1.99218313395977 1.478544861078262 0.7488071322441101 1.925290144979954 0.6118031144142151 1.749631814658642 0.1691344827413559 0.3373869210481644 0.6513080894947052 0 0 0 0 0 0 0 29.69322675466537 0.9276855289936066 1.272361367940903 108.7288326919079 9.386428400874138 38.32744828611612 12.29078707844019 85.02359785139561 6.461959712207317 0.9422254860401154 42.12754013389349 2.545984417200089 0.1858259737491608 5.526052117347717 0.686528816819191 7.844666808843613 0.9496501237154007 0 0.7614484280347824 2.442849561572075 0.7787657976150513
81.11548046767712 62.82575080543756 84.47533075511456 84.95792247354984 110.4358490854502 112.5895002782345 3694.38660107553 105.7861398011446 1240.025924935937 7215.947792768478 1450.127613835037 3218.567199856043 0 1789.972374483943 69.9449644908309 63.7178442850709 7.756850123405457 0.4868587851524353 0 0.3291331976652145 0.5264644771814346 44.86256822943687 0.3035115003585815 0 4.478204131126404 0.1524249166250229 0.5712917596101761 1.836361408233643 8.710136458277702 0 23.44875946640968 9.559513047337532 568.3793511390686 0.7405098229646683 0.8324237167835236 1.013044238090515 40.14977499097586 32.35746750235558 5.769750833511353 54.5531689748168 1.159535855054855 0 1.816464856266975 22.30441459268332 1.450646489858627 43.21447279304266 70.94440504908562 0.5425728559494019 0.4607356339693069 1.367249399423599 1.376685097813606 41.89364188164473 23.02306695282459 1.810142830014229 2.439954802393913 5.692555040121078 19.06549824029207 30.41966192424297 1.146414406597614 19.77406500279903 117.97515617311 121.888208180666 3.531320169568062 3.00007937848568 1.111189261078835 0.6294830143451691 0 0.1009751185774803 0.390626847743988 0.5255943834781647 211.0649419054389 689.5203245356679 26.56597122550011 11.57311142235994 13.70668359845877 21.4316350966692 4.902811214327812 12.3033701851964 5.267992362380028 572.0888636857271 109.1461487114429 309.6346235796809 4.564820118248463 1.799366913735867 0.3835670724511147 3.436294220387936 2.162661716341972 6.081627637147903 3.671609953045845 28.17827320098877 0.8556476831436157 5.434817373752594 1.637873828411102 0.7185491770505905 0.4602458328008652 3106.418433278799 1104.972993195057 81.3326473236084 93.25368905812502 136.2773602157831 2.847053676843643 4.219036132097244 3.143670439720154 8.25426484644413 6.927125468850136 62.90619957447052 32.44054901599884 3.966293886303902 152.1802201867104 162.6904076635838 5.849176809191704 76.32873411476612 186.4865048825741 160.0647236406803 140.0066748261452 9.862773694097996 16.6329055801034 0.7922211438417435 0.8860966116189957 0.1253427565097809 0 0.1377395540475845 0.279539167881012 0.1576397866010666 0.2260864526033401 0 0 0 0.2808296084403992 0 0.1394467502832413 2.962187498807907 1.407339319586754 0 4.089412473142147 6.431169807910919 0 0.1738835871219635 0.3018783628940582 69.50174088776112 1.219912581145763 27.35515069961548 19.79955263435841 5.740297272801399 0 0 0 0.2809412777423859 5.558005817234516 2.552498176693916 0 19.49431040138006 16.01139005273581 3.232381343841553 0.3072524964809418 0.1715895533561707 4.09635828435421 0.283438503742218 0.121055506169796 2.742271967232227 0.2111767157912254 3.213520616292953 12.31944087892771 0.9757771044969559 3.693374574184418 4.050621762871742 24.57468309998512 1.435420766472816 6.393135666847229 1.908765465021133 0.1028868928551674 0 0.8030423223972321 0.1240519359707832 0 0.4772284626960754 261.8027210012078 9.275430276989937 0 0 0.1468381285667419 36.57107390463352 33.05606313794851 38.35636175423861 18.04360344260931 12.95710404962301 19.72366835922003 1.539653167128563 6.045401185750961 4.04620935767889 0 0 0 0.1714910417795181 0.2265119999647141 0 0.1320524960756302 214.7589377760887 115.18901707232 65.5179689899087 645.5357353687286 84.62743371725082 244.4407505691051 84.67890762537718 188.9165582284331 51.26073697954416 3.820779055356979 209.5216927155852 34.07382801175117 4.007628053426743 58.7988404110074 9.945501625537872 36.12327222526073 5.998413681983948 0.2550504207611084 14.05308002233505 10.81801052391529 0.3413244783878326
