0 4088.356013506651 616.1528556197882 1770.680789351463 516.9392676502466 135.3526910096407 473.5964443460107 156.6713993698359 232.5576075017452 2122.943629950285 237.3128546774387 73.83435349166393 615.875645160675 441.8915951699018 1.268938310444355 0 0.3137203752994537 0.1157835647463799 0.1042071655392647 0 0.2864397764205933 0 0 0 0.1264277249574661 0.2833516225218773 0.3391348421573639 0.2167709916830063 0 0.3671172559261322 319.1631989330053 12.10309859365225 11.1722639799118 0 0 0.3008439987897873 19.81816423684359 0.3369627147912979 1.796146526932716 1.340690992772579 2.088391773402691 0.169111505150795 0 0.210386335849762 0.1235195100307465 0.1183747127652168 27.29444809257984 3.155275076627731 0.4744394272565842 0 1.895814187824726 0.2162269353866577 0 0 11.20828226208687 12.24347888678312 422.6092467755079 648.6813211888075 109.5338795408607 59.14642933011055 0.8151320964097977 18.09363255649805 0 4.957498863339424 18.51706524193287 10.08569469302893 3.786917187273502 6.455630026757717 0.4980904832482338 0.7039652317762375 40.44864988327026 14.81191332638264 0 302.5587158501148 59.40512198209763 29.33609563857317 3.531724110245705 0.8676251620054245 1.02362097799778 18.0125030502677 0.8433049544692039 6.230701893568039 22.89388674497604 2.35040432959795 4.296563699841499 11.02129758894444 2.48049808293581 0.4248595982789993 5.476832918822765 0.2227452769875526 1.522131495177746 0.3489645943045616 2.562392093241215 0.0969034731388092 0 478.6600842624903 40.36449766159058 2.011720389127731 3.925792187452316 947.8649832010269 1.629181176424026 0.7194892168045044 0.1724527329206467 0 0 1.81197714805603 0 4.764385312795639 18.56745946407318 6.460729867219925 0.7286325991153717 8.691263139247894 16.79645143449306 10.92490683495998 6.256777375936508 0.2447767853736877 0 0 0 0 0 0 0 0 0 0 0 0 0 0 0 0 0.09573966264724731 0 1.328060686588287 0 0 0 0 3.169614806771278 0.652993880212307 3.99445153772831 1.519668862223625 0 0 0 0 0 0 0 0 1.244388103485107 1.921631574630737 0 0 0 0 0 0 0 0.08747583627700806 0 0.7128142714500427 0 0 0.7524023652076721 3.113416150212288 0 0.3315886855125427 0.08391843736171722 0 0 0 0 0 0 8.232616871595383 0 0 0 0 0.6802584081888199 2.080656096339226 2.706213563680649 1.393621385097504 2.07435342669487 1.443398028612137 0.801267147064209 0 0.2373887896537781 0 0 0 0.08970712125301361 0 0 0 15.80539701879025 3.554171800613403 8.891787074506283 80.23408107459545 10.85980296134949 162.2135889753699 24.04979060590267 1465.603203505278 19.5045632943511 4.196918077766895 10.59504724293947 3.322076722979546 0.2882054448127747 2.449046365916729 0.5178984403610229 7.303042650222778 0.3486423194408417 0 1.252097398042679 0.5948118269443512 0
4088.356013506651 0 1671.616679862142 1227.501707211137 4384.543280273676 144.9238174557686 6705.878694348037 362.5317075550556 3705.0835544765 2112.207406707108 880.142120167613 56.35877078771591 3157.937926985323 1938.145492337644 15.32472082972527 0.7661262601613998 2.016336962580681 0.5244290232658386 0 0.2271202132105827 0.8976075351238251 0.1158206090331078 0.8219865709543228 0 1.170077875256538 0.5211364328861237 0.3232959732413292 1.176396317780018 0.4829523414373398 0.6985769867897034 3889.850313328207 171.8317042589188 52.44863096624613 0 0.2345032244920731 2.654823213815689 44.64828354865313 5.560055375099182 5.726275414228439 1.467373624444008 3.076002538204193 0.8510566130280495 0 1.115795664489269 0 0.6622487232089043 210.7520674318075 13.54385001212358 0.9415207803249359 0.7252162396907806 13.72500591725111 0 0 0.2347613051533699 28.82373474538326 38.29296815395355 298.228245832026 1975.506945535541 93.62299832701683 241.6290166005492 6.092007614672184 37.59402768313885 1.433237798511982 119.2582857087255 56.69197823107243 27.65784823894501 8.747762456536293 20.56803364306688 4.005432225763798 1.810697183012962 58.49490030109882 27.35952764749527 0 616.6900247633457 280.2920958474278 198.6186118647456 43.19070088118315 6.150307163596153 5.210034742951393 41.24322211742401 4.510978691279888 28.97249045222998 62.35186882317066 5.816378518939018 13.51870395243168 32.92508964240551 8.556788966059685 1.369179017841816 22.52382455021143 0.2797759398818016 11.40219359844923 1.161673672497272 4.364358067512512 3.004829183220863 1.388182163238525 214.4187888652086 7.866222411394119 0 4.903601765632629 2359.229285277426 6.316389501094818 0.5025450587272644 2.348545953631401 0 0.6536288261413574 8.917625322937965 6.462331026792526 2.873325645923615 32.90899410843849 12.52286091446877 2.745110437273979 22.62259060144424 46.65646475553513 43.60826116800308 8.961932063102722 0.7051060199737549 0.6562683880329132 0 0 0 0 0 0 0 0 0 0 0 0.1751206070184708 0.2334405183792114 0.607798159122467 0 0 0 1.94303460419178 0 0 0.1195253506302834 0.6961226463317871 19.56962007284164 3.002926275134087 21.51779879629612 15.24096196889877 0 0 0 0 0 0 0 0 1.521935984492302 2.886725857853889 0.3011372461915016 0 0 0 0 0.08970993757247925 1.274557814002037 0.1980530396103859 1.428478300571442 7.813821271061897 0 0.5660312920808792 1.503047585487366 20.20587604492903 0 0.8725255280733109 0.6264390870928764 0.08972933143377304 0.3552931845188141 0 0.2664779275655746 0 0 30.86369276791811 0 0 0 0 16.84616848826408 16.95608769357204 12.04031901061535 6.166282415390015 7.969559013843536 4.384059980511665 1.592462927103043 0.8411461710929871 0.6028172075748444 0.113925077021122 0.2433414310216904 0 2.051116935908794 0.1056147217750549 0 0 28.92683100700378 16.55908874422312 30.95546412467957 330.379108518362 55.92584981024265 670.5814716517925 86.31756041198969 1756.887047156692 52.95257211476564 12.8562531247735 85.90845423191786 13.58828324079514 1.377108462154865 9.116756461560726 1.456646770238876 28.62621550261974 2.088146716356277 0 3.200266659259796 1.604670122265816 0.2559677362442017
616.1528556197882 1671.616679862142 0 19.20741321146488 1258.516202494502 10.89953485131264 176.2769365757704 1845.736321613193 1257.832311227918 103.5697612166405 5182.808240704238 31.49074132740498 996.4213138595223 3322.941623210907 16.76034384965897 7.327346086502075 2.303417094051838 2.013186477124691 0.1157274395227432 0.4142067730426788 3.626272574067116 0 0.5257196575403214 2.727316185832024 0.5871499925851822 5.380432263016701 6.204476125538349 1.299273163080215 1.525735422968864 4.050381660461426 2627.597552515566 287.8974546715617 104.9484758898616 0.1236511915922165 2.300979785621166 4.91747572273016 68.48710482567549 5.338986210525036 2.969105944037437 4.44325328618288 29.23518889397383 1.902129746973515 1.805369824171066 3.064968600869179 0.1230210140347481 0.7892779856920242 84.98041086643934 6.893371991813183 1.572892017662525 3.204354211688042 14.84422479569912 0 0 0.6226601153612137 12.70906268060207 11.79342195391655 58.31572332233191 731.3140183240175 27.56996680051088 94.12336179614067 5.125128738582134 44.01314909011126 0.6848350092768669 440.1927392035723 17.15271683037281 11.66488449275494 9.00905317813158 14.32632523775101 10.14792594313622 39.8340668156743 44.09211902320385 14.31067833304405 0 222.4315932020545 137.6121375486255 99.55652363598347 35.7202467545867 6.848986603319645 151.1076338663697 697.7104360461235 10.06647102534771 218.1772021278739 24.72538899630308 2.389491379261017 5.944934546947479 13.94891388714314 5.724012196063995 0.2991025224328041 12.90321779251099 0.3998604267835617 8.210892543196678 1.505208343267441 31.55584844201803 6.614936739206314 1.269687652587891 68.35245753824711 0 0.4546969532966614 0.9804402887821198 390.2309321239591 5.370122879743576 0 1.515774458646774 0 0 4.42110675573349 0.4770880043506622 3.519954234361649 5.01274037361145 11.95522159337997 1.146185994148254 14.22337229549885 30.65876941382885 25.2523465976119 7.406901672482491 0 0 0 0 0 0 0 0 0 0 0 0 0 0 0 0 0 0.1621366888284683 0 2.792063176631927 0 0 0.6581698209047318 0 8.370394930243492 1.644560433924198 13.43583180010319 8.625485479831696 0.6447207927703857 0 0 0 0 0.2552059888839722 0 0 1.223055683076382 1.935363948345184 0 0 0 0 0.2524548768997192 0 0.6141360551118851 0.1965516209602356 0.7072119414806366 3.587165310978889 0 0 1.478693753480911 11.52689335495234 0 0.7925292104482651 0.650767520070076 0.2811577022075653 0.09942980110645294 0.1548570692539215 0.1152387782931328 0 0 28.96369780600071 1.037168979644775 0 0.1064541563391685 0.4968450516462326 11.12754355370998 14.02808117866516 5.175223857164383 4.434460178017616 4.849598243832588 2.391128450632095 0.5389584302902222 0.6129465699195862 0.5985676944255829 0.2175983116030693 0 0.08949313312768936 0.8054902851581573 0.1732011139392853 0 0 31.08548481762409 14.91120807826519 20.15891462564468 136.5489842146635 33.43753787130117 241.1085852310061 34.83788927644491 170.8404061347246 15.87261655181646 4.349245838820934 48.17880994826555 6.583163067698479 1.582582913339138 7.900247283279896 0.4760148823261261 11.16852831840515 1.613732814788818 0 1.662223994731903 1.820643499493599 0
1770.680789351463 1227.501707211137 19.20741321146488 0 80.28797067701817 154.9328693449497 547.9693979024887 2.332510948181152 40.51212088763714 1647.634944006801 4.057150796055794 158.7281786352396 1680.044447764754 1019.455520316958 3.190349474549294 0.1583762168884277 0.09341276437044144 0.2855333313345909 0 0 0.2206854224205017 0 0 0 0 0 0 0.2472067177295685 0 0 26.89796076714993 0.1659600883722305 3.596691258251667 0 0 0.3219538182020187 6.355255529284477 1.366793751716614 0.3317735493183136 0.1192931234836578 0 0.3689800798892975 0 0 0 0 23.95867618918419 1.248767264187336 0 0.1255117505788803 1.05873017758131 0 0 0.1475998312234879 4.019168607890606 3.413893073797226 39.38652055710554 96.11208695173264 8.263062991201878 28.70256697386503 0.1686907559633255 5.06241762638092 0.3715748935937881 4.171976953744888 4.884225092828274 2.21961086243391 0.6791154071688652 1.351267494261265 0.2295196056365967 0.09834387898445129 74.24750111997128 1.488076686859131 0 53.91888586431742 18.88060634583235 14.74928975105286 3.352896071970463 0.5738214254379272 0.320146381855011 5.157098993659019 0.1249864846467972 2.667994245886803 4.751656256616116 0.6704156845808029 1.152823343873024 2.950788579881191 0.5016548559069633 0.1804863810539246 1.337757095694542 0 0.7674955204129219 0.1085667908191681 0.1193605363368988 0.1726133227348328 0.2439498454332352 131.8671400845051 2.594954133033752 0 0.2077897638082504 299.7743750065565 1.955348998308182 0.3356863558292389 0.2344867438077927 0.182809516787529 0 2.193864703178406 0.3857319355010986 1.194740682840347 8.778828054666519 5.885380253195763 0.3852532505989075 5.70028392970562 10.47752796113491 7.088339686393738 2.86651223897934 0 0 0 0 0 0 0 0 0 0 0 0 0 0 0.2780801355838776 0 0 0 0 0.2889556586742401 0.3428401947021484 0 0.2496266067028046 0 3.510590761899948 1.267181754112244 6.786137446761131 2.603273265063763 0 0 0 0 0 0 0 0 0.3573668599128723 1.801196187734604 0 0.1772863864898682 0 0 0 0.1271644234657288 0.2645503580570221 0 0 2.665174424648285 0 0 0 4.718976467847824 0 0.9713653773069382 0 0 0 0 0 0 0 5.635217308998108 0 0 0 0 3.559045538306236 4.303050622344017 3.323981657624245 0.7000118792057037 0.9684084057807922 0.848429337143898 0.4941767007112503 0 0 0.11102095246315 0 0 0 0 0 0 6.647615179419518 1.556945860385895 10.22882349789143 69.6415945366025 5.023415379226208 83.43888955563307 13.12621784955263 636.9625390842557 7.001210041344166 1.366212368011475 11.01567274332047 2.51031967997551 0.1712278127670288 2.947932049632072 0 9.032680243253708 0 0 0 0 0
516.9392676502466 4384.543280273676 1258.516202494502 80.28797067701817 0 14.58125080168247 2704.781069733202 172.0034742057323 7775.86640354991 408.0678369104862 981.7110432758927 100.0977064296603 1887.903522074223 3667.879637300968 22.62505370378494 0.6320705711841583 1.185584351420403 0.1201799213886261 0.1151024028658867 0 0.3162827789783478 0 0.08599101006984711 0 0.7257936522364616 0.2959567308425903 0.1319185346364975 1.081567689776421 0.4859669879078865 0 277.753685683012 19.98611035943031 37.95465412735939 0.1462126821279526 0.1649147570133209 6.098088264465332 40.89760110527277 2.375340014696121 6.753897354006767 2.391659788787365 0.7112907469272614 1.370243050158024 0 1.268890187144279 0 1.280526235699654 190.0812050327659 4.161293111741543 0.4842821359634399 0.264099583029747 6.193590052425861 0 0.1552779078483582 1.674886859953403 10.5595136359334 12.68475124239922 19.71632649004459 202.1965848207474 13.40561442822218 143.0093071013689 1.360288307070732 16.59054338932037 0.5889755040407181 62.36209753155708 21.30095589160919 11.35718444734812 5.235809691250324 9.216194115579128 0.8714371398091316 1.313859820365906 63.04617489129305 15.13523900508881 0 154.8447765186429 119.7515580356121 140.7555247619748 64.86246021836996 2.797233618795872 1.656223565340042 15.20250450819731 1.909882731735706 16.76514298468828 18.62330561876297 2.440823659300804 5.66845028847456 15.91839477419853 2.265939459204674 0.1291942149400711 10.88754105567932 0 7.506637036800385 0.8820158094167709 5.141644045710564 1.650382898747921 0.7693171724677086 93.76330588757992 0.1337767839431763 0 3.075929962098598 59.49164841324091 11.93235282599926 0.9770440459251404 2.714954242110252 0.1346370726823807 0 11.01671494543552 1.491252914071083 1.239518284797668 6.894321382045746 12.51616379618645 3.020068362355232 23.90685674548149 48.60502967238426 34.59939460456371 14.79369843006134 0 0 0 0.4850761294364929 0 0 0 0 0 0 0 0 0.3858409523963928 0.4416359513998032 0.2028220146894455 0 0.1346979141235352 0 0 5.786014586687088 0.9418368339538574 0 0.9218434393405914 0 19.84294628351927 4.912562251091003 20.26320742815733 13.0348532050848 0 0 0 0 0 0 0.2185557186603546 0 3.253285959362984 5.927489534020424 0 0 0 0.939299464225769 0.2252941280603409 0 0.3483948409557343 0.2992008179426193 1.334997043013573 5.980045139789581 0.7802595943212509 0 1.779683828353882 18.06662693619728 1.70421239733696 0.8512064218521118 0.4765509888529778 0.4317829236388206 0 0 0.1295640617609024 0 0.1205562576651573 41.73631693422794 0 0 0 0.1305224299430847 20.35514059662819 23.11998288333416 13.02930058538914 5.560975357890129 6.991092026233673 4.233963280916214 0.2072351276874542 1.020998805761337 0.9662193804979324 0 0.1110055446624756 0 0.7592099085450172 0.1685602962970734 0.1784554570913315 0 45.06743113696575 19.87188197672367 33.21998792141676 351.6217680945992 66.07881862670183 484.4465615004301 106.2763847336173 140.9985620826483 58.99086959660053 8.576768033206463 115.832498177886 23.62512358278036 2.100342012941837 13.50194685906172 0.6918430626392365 13.66643466055393 1.988561347126961 0.6195647120475769 1.195937350392342 2.296796694397926 0.3340243101119995
135.3526910096407 144.9238174557686 10.89953485131264 154.9328693449497 14.58125080168247 0 36.89332374930382 2.879383087158203 5.48377799987793 335.6509663313627 6.94889560341835 191.207209661603 166.6183764487505 77.88845476508141 0 0 0.1192368268966675 0 0 0 0 0 0 0 0 0 0 0 0 0 9.738147556781769 0 32.03808215260506 0 0 0 100.9103520512581 1.261456444859505 27.71399386227131 0.1745759099721909 0 0 0 0 0 0 0.6346965953707695 0 0 0 0 11.5760941952467 0.3821437358856201 0.1616780161857605 0.5123931765556335 0.584029383957386 326.9667276889086 34.59837207198143 1.909698933362961 2.312313936650753 0 3.373395457863808 0 0 0.3184589445590973 0.5433206185698509 0.165466696023941 0.1035299450159073 0 0 195.800154492259 117.362081810832 5.852639213204384 9.222210951149464 1.370700478553772 0.8331135660409927 1.512702107429504 0 0.4488328993320465 6.78946653008461 0 0.7515323609113693 0.1427271068096161 15.77416552603245 0.1178916990756989 2.43437846750021 0 27.58263739943504 2.958868414163589 34.54054936021566 0 4.681397646665573 0 0 1.110247731208801 377.1911704838276 246.8185064643621 42.34738108515739 49.64208151400089 404.7502811104059 0 0 0 0 0 0 0 0.3303306698799133 2.050325304269791 0.2380842268466949 0 1.127558127045631 3.350441336631775 2.793683454394341 0.2295161634683609 0 0 0 0 0 0 0 0 0 0 0 0 0 0 0 0 0.4671406745910645 0.5909467488527298 0.4624233394861221 0 0 0 0 0.2035116106271744 1.129934370517731 0 0.5862504988908768 0.4146403521299362 0.692304790019989 0 0 0 0 0 0 0 0 0.3369248360395432 0 0 0 0.6557413190603256 0 0 0 0 0 0 0 0 0 0.1169581413269043 0 0 0 0 0 0 0 0 0 0.1886448860168457 0 0 0 0.1914830058813095 0.3373715281486511 0 0 0 0 0 0 0.1288008242845535 0 0 0 0 0 0 0 0 1.122119978070259 0.7910397350788116 0 9.843083746731281 1.044181540608406 5.382302008569241 0.7349213138222694 286.818882972002 1.336944609880447 1.455818101763725 0.7123811095952988 0.6932916194200516 0.5889870524406433 0.1420699208974838 0 0.605867862701416 0 0 0 0 0
473.5964443460107 6705.878694348037 176.2769365757704 547.9693979024887 2704.781069733202 36.89332374930382 0 29.13651754707098 2777.22308459878 2159.299304023385 171.694136172533 150.4493999481201 3862.161266565323 1668.261980094016 22.91000463068485 0.3594473451375961 1.089160323143005 0.2550757825374603 0.1198577582836151 0 0 0.188317283987999 0 0 1.390384927392006 0.939584843814373 0 1.202784888446331 0.5923088639974594 0.3244947195053101 183.5594437494874 13.73196774721146 58.87988768517971 0 0.1474133729934692 7.329868376255035 75.95209728181362 6.924398697912693 7.728430531919003 5.810859464108944 1.02432607114315 0.4082811176776886 0.1541675627231598 0.9919258654117584 0.1280873566865921 0.8808114230632782 207.7674463391304 5.134088575839996 0.5847207233309746 0 7.579533085227013 0.10713080316782 0 1.089934594929218 11.70020048320293 15.64469107240438 30.09033048152924 187.0251571983099 22.86425507813692 156.7849586755037 1.71087247133255 42.43500445783138 2.71583267301321 61.4568742364645 26.48011289536953 13.46021395176649 3.909511297941208 12.34543953835964 1.830968849360943 2.254782691597939 118.4288264214993 37.42129084467888 0 173.8157414197922 117.6769855692983 145.8810741901398 51.5750737041235 5.173792377114296 1.949167929589748 24.71029058098793 0.8964905589818954 18.68713972717524 23.01803530007601 2.458451315760612 6.103244192898273 16.29582583159208 3.897619187831879 0.6150537580251694 12.59699227660894 0.206415593624115 7.824300952255726 0.9424721449613571 3.901409119367599 1.525802575051785 0.7058996334671974 148.4579252824187 1.051192253828049 0 0.9705679565668106 70.53769746422768 14.33449345827103 2.777488499879837 7.065954938530922 1.65875780582428 0.3290386199951172 16.09828269481659 1.783845484256744 7.869733616709709 10.14391231536865 17.35339415073395 3.098874226212502 40.17226435244083 71.40848298370838 64.70148332417011 21.74811607599258 1.148994088172913 0.7286993488669395 0 0 0 0 0 0 0 0 0 0 0.4883114099502563 0 0 0 0.1134750247001648 0 0 2.898098528385162 0.8459966778755188 0 1.014939844608307 0.4564164280891418 24.74214977771044 4.891531318426132 41.79687578976154 28.71291197836399 1.24937042593956 0 0.2613870799541473 0 0 0.3421956300735474 0 0 4.140208631753922 6.063643649220467 0.3370727971196175 0.2638992369174957 0 1.308893874287605 0.2338390797376633 0 1.157327860593796 0.1789960339665413 2.642482556402683 14.36134696006775 0 0.7307768389582634 3.091675505042076 26.75429432094097 0 0.3006613105535507 0.936603344976902 0.3886574953794479 0.3273298591375351 0 0.1917903423309326 0 0.320260226726532 59.92834610491991 1.429086193442345 0 0.1631336212158203 0 38.93417886644602 36.53979505598545 22.783566147089 15.95516355335712 12.64870354533195 8.063232481479645 1.327861279249191 0.6609374284744263 0.4381853342056274 0.1068881675601006 0 0 0.6108860597014427 0.1465679556131363 0 0 61.70364132523537 32.10804829001427 51.03976050764322 450.83434073627 65.91631827503443 545.9103771969676 119.7369191199541 306.7193618416786 67.92289704829454 18.41239323467016 145.8504515364766 34.93738108873367 3.794966839253902 21.95877662301064 1.864322274923325 24.2914202362299 1.754513338208199 0.2046222239732742 3.87146469950676 3.809656843543053 0.5952477753162384
156.6713993698359 362.5317075550556 1845.736321613193 2.332510948181152 172.0034742057323 2.879383087158203 29.13651754707098 0 450.3018945604563 8.730448618531227 4121.893566176295 2.24122616648674 398.0549378171563 2121.239580735564 9.844001799821854 3.190434850752354 1.137220054864883 1.21875336766243 0 0.4485727995634079 3.981051400303841 0 0.5227926969528198 2.573706448078156 0.6399663984775543 3.884912043809891 4.947910293936729 0.7083132788538933 0 2.149166956543922 633.364130795002 2210.617383614182 86.66873008012772 0 0.5781670957803726 0.7455330640077591 18.22357827425003 0.6166756451129913 3.825823739171028 1.526616364717484 12.67722599953413 0.7468904703855515 1.180427744984627 2.738069608807564 0.4259623885154724 2.879239849746227 34.82169252634048 1.021993666887283 0.5511416792869568 2.070233359932899 6.063655473291874 0.1413098722696304 0 0.8073959052562714 2.283999808132648 0.8998667970299721 4.122975260019302 121.3170483186841 2.629914477467537 16.1608773842454 8.693880818784237 20.76597873866558 0 681.931568197906 1.83361304551363 1.548406668007374 1.980171248316765 8.300404384732246 10.98726455122232 28.86042070388794 9.519687622785568 3.429239749908447 0 30.94144926965237 38.07497631758451 31.6916343793273 75.88334257900715 48.93620921671391 662.2321954965591 1480.064352244139 36.34809628129005 518.4804172366858 1.716784007847309 0.1940506771206856 1.229325108230114 1.619805514812469 4.838919386267662 0.09706401079893112 1.842683456838131 0.4719911515712738 2.327264830470085 0.1028468832373619 17.21459649503231 2.681320771574974 0.8479543700814247 7.684842079877853 2.324645102024078 0 0.7460927814245224 65.72208009660244 0.7054663896560669 0 0 0 0 0 0 0 0 0.8183507919311523 0 0.9930400252342224 1.385058477520943 3.359025716781616 0.7860321849584579 0 0 0 0 0 0 0 0 0.1808412373065948 0 0 0 0 0 0 0.2251974195241928 0 0 0 0.4977956116199493 0 0 0 0 0 0.4451979547739029 0.7808151096105576 0.2914250046014786 0 0 0 0 0 0 0 0 0 0 0 0 0 0.3823404014110565 0 0 0 0 0.3921205997467041 0 0 0 0 0.433320164680481 0 0 0 0 0 0 0 0 0.2431078255176544 0.475866287946701 0 0 0 0.1924166083335876 0.4168628752231598 0.3296917974948883 0.1205045729875565 0 0 0 0 0 0 0 0 0 0 0 0 0 1.176328957080841 0 1.488706290721893 69.92374181002378 11.19052807986736 76.04196327924728 13.61648488044739 18.85485891997814 6.1268080919981 0.9320831671357155 19.25441616773605 4.518954664468765 0.1464000344276428 0.3109427094459534 0 0 0 0 0 0.1999490559101105 0
232.5576075017452 3705.0835544765 1257.832311227918 40.51212088763714 7775.86640354991 5.48377799987793 2777.22308459878 450.3018945604563 0 126.1664411127567 1367.220120847225 26.93703916668892 1698.803973995149 3141.986723951995 7.492913976311684 0.7248258888721466 0.4373673051595688 0 0 0.1248216331005096 0.2147962152957916 0 0 0 0.1143069267272949 0.2214852720499039 0 0.6630160361528397 0.1239391267299652 0.2340654283761978 175.4226513877511 20.10868096351624 4.390432670712471 0 0.1030983626842499 0 11.4895141646266 3.27573025226593 1.502798512578011 0.1047407239675522 0 0.1753309071063995 0 0.1750612258911133 0.1417606323957443 0.4882090985774994 95.48924262821674 2.22965270280838 0.6641790866851807 0.2618786543607712 3.364396922290325 0 0 0.3250019699335098 4.876698680222034 5.503568425774574 9.137877307832241 114.9181788191199 6.46088570356369 64.02445750683546 1.559388428926468 10.17057575285435 0.4472075551748276 38.79984585940838 8.596004351973534 5.97092067450285 1.595935076475143 3.562173463404179 0.3754569962620735 0.2744332998991013 33.59059970080853 5.945718988776207 0 83.2543715685606 55.28986873477697 73.07139793783426 32.13485458493233 1.63462732732296 1.598567739129066 4.214941650629044 0.5709047615528107 3.096649326384068 8.536977343261242 0.6702260747551918 3.526444926857948 6.784429661929607 1.517502315342426 0.08275184780359268 2.836650088429451 0 2.976893827319145 0.391693502664566 1.308562211692333 0.3363248556852341 0.7189761847257614 52.25322890281677 1.827622711658478 0.1937134563922882 1.185807824134827 35.61294078081846 8.117348581552505 0.6972426176071167 3.388551741838455 0 0 5.44815531373024 0 1.616345182061195 4.887867495417595 6.658786237239838 1.314518764615059 11.21417456865311 22.35508653521538 20.36930035054684 6.059202745556831 0.4579896628856659 0 0 0.4737174510955811 0 0 0 0 0 0 0 0 0 0 0 0 0 0 0 0.6469170451164246 0.216181218624115 0 0.6343233585357666 0 6.627847030758858 0.916703462600708 10.11492854356766 6.215708516538143 0.8100555837154388 0 0 0 0 0 0 0 1.123588696122169 1.608905717730522 0 0 0 0 0.1499723345041275 0.1035269275307655 0.1467034369707108 0.08786305785179138 1.209219381213188 3.68397031724453 0 0.7002708911895752 0.5366699248552322 6.627868935465813 0.2114938795566559 0.4055175930261612 0.2748386263847351 0.2165122777223587 0 0 0.133719190955162 0 0 14.88684490323067 1.116782546043396 0 0 0 11.31921178102493 10.35385483503342 6.117825627326965 4.520103454589844 3.142704829573631 1.261519253253937 0 0.3426068127155304 0.6089755296707153 0 0 0 0.2224061563611031 0.1027341857552528 0 0 18.44049683213234 7.08047653734684 16.26550289988518 227.5979480221868 22.34097116440535 234.7570739984512 48.5657799243927 51.66155797243118 29.3819020986557 3.320179641246796 73.00225614756346 9.971273839473724 0.9773232489824295 7.723875157535076 0 9.762960880994797 0 0 1.560690596699715 2.225147694349289 0
2122.943629950285 2112.207406707108 103.5697612166405 1647.634944006801 408.0678369104862 335.6509663313627 2159.299304023385 8.730448618531227 126.1664411127567 0 21.31976798921824 1577.789703845978 6733.762837521732 549.8656120821834 2.296867966651917 0.3834968954324722 0 0 0 0 0 0 0 0 1.612292051315308 0.1565084457397461 0 0 0 0 37.52410541474819 0.6743862181901932 61.66213758289814 0 0 11.62483562529087 78.81031987071037 13.65180170536041 14.64601802825928 6.719776570796967 0 0 0 0 0 0.1161189079284668 42.10490327328444 0.7702125012874603 0 0 0.9911216869950294 0 0 0.1262197643518448 4.029129199683666 3.726906947791576 95.51781869679689 142.9414784610271 15.134630382061 29.5104166418314 7.739128708839417 38.00496357679367 1.848187446594238 5.877302065491676 5.777008458971977 2.084024913609028 1.35035864263773 1.439231976866722 0.1357505172491074 0.1854933500289917 4830.133067011833 57.26226964592934 0 72.95001772046089 22.15021352469921 18.51207134127617 4.413939759135246 0.3851129859685898 0 20.2855769097805 1.013919115066528 19.43409965187311 7.009562909603119 0.7825828641653061 1.286524340510368 3.986260637640953 1.079113163053989 0.1228465735912323 1.25989730656147 0.2791124954819679 1.429235547780991 0.3724234327673912 0.1100302413105965 0 0 524.5845251977444 16.4945767223835 0.3094589114189148 9.033196717500687 1185.381477341056 23.30754746496677 3.857868760824203 10.1624439060688 1.31873294711113 1.35068067908287 20.54901003837585 13.03366160392761 20.84068462252617 27.54267974197865 47.70183189213276 6.664957270026207 87.05644656717777 120.2975883632898 105.2722250372171 34.02687683701515 0.2533853948116302 0.1694440990686417 0 0 0 0 0.8571268916130066 0 0 0 0 0 1.220867455005646 0 0 0 0 0 0.4579986333847046 11.20513781905174 1.31633061170578 0 0.8476544916629791 0 47.15675965696573 10.49775472283363 63.53250773251057 45.69254298508167 3.416092246770859 0 0 0 0 0 0.4161256849765778 0 2.899643078446388 16.80009600520134 0.7897634506225586 0 0 0.5067172646522522 0 0.1648752689361572 1.770290121436119 0.193080872297287 4.854985192418098 26.49620319902897 1.456508293747902 0.9574928879737854 5.035902693867683 45.08749820291996 0 1.766984365880489 0.6869294196367264 0.3395708277821541 0.3046849370002747 0.2353092879056931 0.8397985175251961 0.1755129098892212 0.2804643511772156 67.52341663837433 1.661060124635696 0 0 0.1304616183042526 41.75375308096409 34.82320481538773 35.16568575799465 21.15090176463127 21.98541858792305 8.137362256646156 1.662193715572357 1.567858427762985 1.396034017205238 0 0.1067216619849205 0.1130838319659233 2.098470278084278 0.9640120714902878 0 0 121.9676928371191 24.08327628672123 67.3449892103672 192.0824990943074 7.809239663183689 105.0232337638736 13.5962508097291 1371.392997153103 11.19027406722307 2.122803688049316 23.30916264653206 31.3560486882925 1.60023745149374 39.18647339940071 1.202334523200989 68.98170650005341 4.099942162632942 0 6.270573556423187 1.006289154291153 0.2953607439994812
237.3128546774387 880.142120167613 5182.808240704238 4.057150796055794 981.7110432758927 6.94889560341835 171.694136172533 4121.893566176295 1367.220120847225 21.31976798921824 0 54.76405583322048 1750.332418613136 7059.134616814554 82.03890606760979 31.27060435712337 6.411080151796341 2.512400545179844 0 1.095139145851135 12.54389397799969 0 11.83893619477749 13.60434733331203 15.38448168337345 44.77903721481562 59.38077612221241 4.972736060619354 8.09840801358223 39.50493733584881 958.6608820557594 1982.065515145659 919.4003328084946 0.8334431052207947 9.558794528245926 43.140541061759 554.9783698618412 32.10191617906094 42.45726847648621 31.62201453745365 137.3328248858452 10.13384722918272 1.825849466025829 9.017595030367374 0.1360654532909393 1.660847961902618 293.7519916817546 5.705590851604939 2.262344911694527 6.727087907493114 51.14032460004091 0.2390352785587311 0.195129469037056 3.613085210323334 6.985510535538197 11.17158196866512 20.05078575015068 242.180588029325 13.62725332379341 147.3506160452962 8.139124691486359 166.0272343754768 5.587123200297356 233.7133201286197 14.7348554879427 6.999101683497429 11.14870511740446 17.32766274362803 22.57966205477715 94.43881431221962 97.52002387493849 16.21201911568642 0 130.2504317611456 122.7944545969367 187.1444457769394 136.6752406731248 19.91628231853247 336.4415393024683 659.4763655439019 5.641402408480644 290.9491224661469 11.1764956638217 3.684258617460728 3.740194194018841 16.89689338952303 13.36581805348396 0.699841134250164 16.14626448601484 0.940362349152565 22.66546238958836 3.646774470806122 98.17173254489899 34.33965002000332 3.848122075200081 62.48025260865688 1.01579087972641 0.7021372318267822 5.179516270756721 80.88599573075771 1.029499977827072 0 0.6988560557365417 0 0.1531095206737518 3.587743952870369 0.2252074629068375 1.265363857150078 0 3.131403192877769 0.3508037030696869 3.018600150942802 11.02182555198669 12.53922925889492 3.477418966591358 0 0.2497107535600662 0 0 0 0 0 0 0.2392105907201767 0.313697874546051 0.5591808706521988 0 0.1247381865978241 0.155297726392746 0.3227097690105438 0.3955371677875519 0.2375572174787521 1.005244642496109 0.08954945951700211 1.248816072940826 0.2132354378700256 0.1165097802877426 0.616293877363205 0.4372553825378418 5.853921741247177 1.644297495484352 8.104339152574539 4.448870293796062 1.183939158916473 0.9982119351625443 0.1767457574605942 0 0 0.3387128859758377 0.3472231030464172 0.1467532813549042 0.7774969637393951 1.405053168535233 0.1456483453512192 0 0 1.04177713394165 3.269496351480484 0 0 0.09441933780908585 0.4703689366579056 3.375413194298744 0 0 0.6153833717107773 7.3227758705616 0 0 0 0.2648792862892151 0 0.5330347269773483 0.5157606080174446 0 0 8.489744886755943 0 0 0.6157577484846115 1.871675297617912 4.026873104274273 2.178940698504448 5.301019117236137 2.31862074136734 2.719888895750046 0.5825905799865723 0.3604898452758789 0.4336635172367096 0.1346446573734283 0 0 0 0.9458736255764961 0.8393354117870331 0 0 9.804096311330795 2.412618860602379 7.171640940010548 811.8476150482893 149.0118572711945 682.0562281534076 177.3201642856002 93.3226240426302 73.51912770420313 12.03373955190182 302.9755204841495 32.01676957309246 2.437850959599018 2.365497693419456 0 2.892224699258804 0.8488734066486359 0 1.48453851044178 11.45596282929182 0.1726537346839905
73.83435349166393 56.35877078771591 31.49074132740498 158.7281786352396 100.0977064296603 191.207209661603 150.4493999481201 2.24122616648674 26.93703916668892 1577.789703845978 54.76405583322048 0 1042.302958667278 323.3045231848955 10.25911631435156 4.56493366509676 0.3210747241973877 0.2208283245563507 0 0 0.2567413151264191 0 0 0 1.009210467338562 2.620154246687889 5.557318851351738 0.122501902282238 1.89167395234108 1.7984619140625 5.51562924683094 5.16031701862812 27.53599135577679 0.6335294842720032 0 3.394238919019699 61.48608835041523 2.588037088513374 5.61750565469265 5.03283467143774 2.044169351458549 0.1609189361333847 0 1.138346403837204 0 0 50.25591300427914 0.3778066188097 0 0.5339475870132446 2.12328065186739 0 0.3302352428436279 0.8469874858856201 0.6840309649705887 1.185137361288071 9.435557790100574 14.59839372336864 2.464730687439442 19.48735503852367 0.2443570643663406 4.730478927493095 0 3.444917470216751 1.506375916302204 0.8247888311743736 0.3693409413099289 1.155666507780552 0.5707505941390991 3.51564958691597 236.6753242015839 83.59654295444489 0 25.99889972805977 9.989841513335705 15.3166004344821 5.340672209858894 1.810259968042374 0.3527073115110397 50.97306132316589 0 3.33765123039484 2.577482610940933 0.4706401005387306 0.2430538535118103 1.150060415267944 0.6782900094985962 0.1360761821269989 1.400858774781227 0 0.4068420231342316 0 1.755119562149048 2.502711221575737 0.1703759282827377 2022.620864212513 31.58689706027508 0 3.261645659804344 112.0667977184057 15.77902213484049 3.56332391500473 2.803434535861015 0.4270981699228287 0.9720400720834732 14.98598594963551 5.975843906402588 5.884281948208809 10.74534595012665 20.3000643402338 2.670913070440292 43.91398397833109 85.26210357993841 82.01230858266354 32.56932698190212 0 0.5570150017738342 0 0 0.2087462693452835 0 0 0 0 0 0 0 1.302207767963409 0.2937239706516266 0 0.1371369659900665 0 0.4976084679365158 0 2.985401213169098 1.05793097615242 0.2644493877887726 0.3423455655574799 0 33.39446689933538 2.651826456189156 42.55541757494211 16.85100363940001 0.4334804266691208 0 0 0 0 0 0.1645465344190598 0 3.516232922673225 7.302026584744453 0 0.2317594140768051 0 0.9950352758169174 0.2128575444221497 0 0.9712702631950378 0.1991198807954788 2.186003357172012 14.31124928593636 0 0 0.920735239982605 28.78908121585846 0.5514294058084488 1.012407563626766 0.6252866312861443 0.2032414749264717 0.1599961370229721 0 0.3939180821180344 0 0.1722921133041382 66.91438711434603 2.05851149559021 0 0.1902297139167786 0.2288782373070717 26.62589152902365 12.67717099189758 15.01181310415268 11.14217102527618 13.71403123438358 7.889900080859661 1.52622951567173 0.947696328163147 0.7628363221883774 0 0 0 1.138265110552311 0.2250292971730232 0.3960727006196976 0 96.32445646822453 34.16262196004391 66.33617742359638 184.2942864596844 8.42790575325489 115.4217260926962 18.78651775419712 235.0851062834263 8.885234087705612 0.7620562016963959 53.08471112698317 17.52872029691935 0.3898010551929474 24.85342206060886 0.6716177761554718 23.36753487586975 1.960193336009979 0.1367957293987274 2.705711990594864 0.6414888203144073 0
615.875645160675 3157.937926985323 996.4213138595223 1680.044447764754 1887.903522074223 166.6183764487505 3862.161266565323 398.0549378171563 1698.803973995149 6733.762837521732 1750.332418613136 1042.302958667278 0 2504.543594256043 65.93262969702482 15.69979701936245 1.163440711796284 0 0.1864713430404663 0 1.218381524085999 0 0.5338577330112457 0 3.525047339498997 3.71051886677742 4.41740158200264 3.325821869075298 0.3422234803438187 2.763056471943855 201.034140817821 75.54582716524601 66.84937731921673 1.615736484527588 0.1382914036512375 4.2038394510746 70.83625642955303 5.108690828084946 10.02352728694677 2.474802911281586 13.82810440659523 1.19075845181942 0.2259021103382111 2.762652963399887 0 1.454463370144367 340.3556949570775 5.489583753049374 0.7280714213848114 0.9814286753535271 13.67523866891861 0.7583596706390381 0 3.664311595261097 9.50303765386343 16.18613084405661 25.76083474606276 148.8108661100268 17.59523797780275 155.7895095944405 4.050110585987568 34.05092474073172 4.42909312993288 57.98339822143316 21.74646270275116 12.7500958815217 5.973477058112621 14.26399384438992 3.501405991613865 13.22257302701473 718.905331864953 82.40488991141319 0 162.7470862418413 96.6622019559145 159.850690215826 88.17266020923853 9.7416021078825 4.617329627275467 22.77114249765873 1.087351657450199 20.83998045325279 18.82184457033873 3.957589522004128 5.902593374252319 15.96534798294306 3.742419227957726 0.3418955951929092 11.59088886529207 0.6935272812843323 10.24382450431585 3.210976853966713 13.6062269359827 2.955941826105118 3.782994583249092 3290.974190965295 13.99869400262833 0.381680354475975 3.511696889996529 173.4107356071472 42.38741825520992 7.168287009000778 10.19463843107224 2.898032858967781 2.168267071247101 46.3110684081912 8.29139356315136 19.2895435243845 40.84755051136017 76.50761836767197 6.375540658831596 139.2631550580263 240.6232069507241 216.2572850883007 71.96043905615807 0.1669760793447495 1.121001034975052 0 0.1238594055175781 0 0 0 0 0.1368605941534042 0 0 0 0.1835320591926575 0 0.6390174627304077 0 0.1772803515195847 0.3210935294628143 0.3991562724113464 13.42303206026554 1.730577036738396 0 1.350776061415672 0 68.36395711451769 9.455371052026749 70.34031816571951 30.94200160354376 0.3170914947986603 0.2292198091745377 0 0.708953857421875 0 0.4165052771568298 0.2203082889318466 0 9.758380427956581 20.16708415746689 1.332226648926735 0.1112607270479202 0 0.20478655397892 0 0.09639301151037216 2.493047490715981 0.5963687226176262 5.807800024747849 32.99225226044655 0.8840836882591248 1.357991293072701 1.767856195569038 47.85725966095924 0 2.063730500638485 2.310264989733696 0.8320771306753159 0.3178170621395111 0.240497350692749 1.040763974189758 0.1420460492372513 0.843917042016983 187.0099220126867 1.387276068329811 0 0.149220883846283 0.3759087920188904 64.81258626282215 47.7410921305418 36.84430521726608 31.1131422072649 33.45303452014923 14.97930676490068 4.581646263599396 2.591092139482498 3.188579961657524 0 0.221865639090538 0 1.212802931666374 0.6477899551391602 0 0.1729695349931717 271.3533778339624 59.89633233845234 117.2618971839547 1270.353749938309 168.5412976518273 857.7202144861221 229.9875349849463 481.0761076435447 105.6505817398429 15.14571858942509 474.6671219468117 59.05652020871639 7.67146822065115 57.6513704508543 4.049911767244339 80.1139190942049 6.73868902027607 0 6.851482018828392 8.811024084687233 2.100743010640144
