0 1980.246526822448 507.4092136546969 821.1603766381741 44.92701210081577 235.5094593763351 652.581051453948 43.60323905944824 15.89456768333912 1961.984479002655 134.1890451163054 93.00461709499359 138.660598821938 23.79153945297003 0.5942111238837242 0.5163784474134445 0 0 0 0 0 1.414882183074951 0 0 0.9956141859292984 0 0 0 0 0 1005.339104808867 70.11057931184769 0.9659697413444519 0 0 0.140226736664772 0 0.477029487490654 0.239460863173008 0 0.6535593569278717 0 0 0 0 0 6.478082820773125 0.9311070665717125 0 0.1474238932132721 0 7.147948369383812 0.4303828179836273 0.4195429384708405 4.692432373762131 2.952489793300629 230.1868083551526 1175.546190559864 11.19230147451162 5.444867923855782 0 0 0 3.566954590380192 2.736749544739723 0.4023719951510429 0.1987551152706146 0 0 0.2562427297234535 17.39002992212772 54.57460682094097 7.751244589686394 133.6445886865258 42.05674366652966 5.678697898983955 0.9197931885719299 1.0550896525383 0.4525805786252022 91.27240678668022 0 6.533814743161201 16.32709724456072 0.5493155419826508 0.9067982360720634 1.491531252861023 0.8002761453390121 2.002490893006325 0.5165493711829185 6.850406013429165 0 0.7119055613875389 0.2539139240980148 0.1224010586738586 0 221.2881796658039 43.12924084067345 18.31328861415386 1.379064649343491 1136.941818937659 0 0 0 0 0 20.3257978707552 0 0.9949574172496796 11.66275198757648 1.273847460746765 0 1.701024994254112 1.268553823232651 2.336040586233139 0 0 0 0 0 0 0 0.1779527515172958 0 0 0 0 0 0 0 0 0 0 0 0 0 0 0 0 0 1.032988011837006 0.1281704008579254 0.461986780166626 0.4832702204585075 0 0 0 0 0 0 0 0 0 0 0 0 0 0 0 0 0 0 0 0 0 0 0.1526884287595749 0 0 0 0 0 0 0 0 0 0 0.7590084746479988 0 0 0 0 0 0 0 0 0 0 0 0 0 0 0 0 0 0.3780929893255234 0 0 0.9118799716234207 0 0 90.3329558968544 1.710900977253914 28.93316946178675 14.23557710647583 1001.312183998525 46.84916891902685 0.5868179723620415 4.543924361467361 0 0 0.1332990378141403 0 5.10294896364212 0 0 0 14.89614126086235 0
1980.246526822448 0 1657.528532862663 254.9968184158206 1997.208289779723 783.8708688467741 1074.837417222559 640.2871857583523 413.3963995724916 514.4603165537119 3186.481380291283 80.59836998581886 165.3285614401102 423.0299912691116 19.44818191975355 5.384011343121529 1.29006839543581 1.214618228375912 0 0.5584294274449348 1.554655656218529 0 0.5251402705907822 0 6.219464331865311 2.349763847887516 1.143848061561584 1.043388940393925 0.1665139645338058 0.5275769233703613 2271.705039866269 195.1296611204743 17.45957810431719 0 0.5164694935083389 3.016873173415661 3.87100812792778 1.822075612843037 1.515221871435642 1.368764199316502 2.925385765731335 2.398715369403362 0.221106231212616 1.743968836963177 0.2413647770881653 0.2564146369695663 148.9905928820372 28.59400130808353 1.692384652793407 0.8332877904176712 3.582844607532024 3.181090377271175 0.7663386315107346 2.437564246356487 55.52227719128132 28.0511569082737 85.19722074270248 1661.770484551787 49.60433450341225 104.3984167277813 0.5413694530725479 5.239014662802219 0.609182670712471 203.7286096811295 39.55733904242516 10.44471709430218 5.700778864324093 5.300058618187904 1.749885767698288 2.59956131875515 16.93220029771328 0.8441932648420334 0 639.2969998940825 616.9717542305589 183.7031215950847 73.70717895776033 14.11168525367975 50.84964565932751 845.3535617440939 2.006449550390244 96.93165968358517 176.0189204365015 1.225623190402985 34.89235683530569 25.31961698830128 17.98583360016346 0.484526701271534 4.836577676236629 2.005351349711418 2.4439936876297 5.352087512612343 3.833281815052032 4.814679063856602 2.659320548176765 120.1922909095883 0.1056166291236877 0.2020335793495178 0.4796997904777527 1043.610613815486 0.2629414200782776 0 1.059036731719971 0.6921558082103729 0.4630151093006134 49.01126039028168 0 5.035754173994064 8.714944049715996 6.377195656299591 1.165125787258148 12.87679854780436 7.659239754080772 21.50962466001511 7.694451376795769 0 0 0 0 0 0 0.1103653237223625 0 0 0.1870406270027161 0 0 0 0 0 0 0 0.3048619478940964 0 0 0 0 0 0 9.12915576249361 1.244297228753567 8.849833987653255 0.5729053989052773 0.4964260011911392 0 0.2871838286519051 0 0 0 0 0.124542772769928 0 0.9601550996303558 0.1097542569041252 0 0 0 0.2874183654785156 0 0 0.3730386421084404 0 0 0 0 0.7405693084001541 3.422949582338333 0 0 0 0.2176801413297653 0 0.5880106166005135 0.1273228824138641 0.5994319394230843 0.3447430804371834 15.6189808472991 0.2719847559928894 0 0.4289985522627831 0.3875660300254822 0.176787480711937 0 0.5418141037225723 0.2956405282020569 0 0 0 0 0.0965954065322876 0 0.1190110445022583 0 0.7128933295607567 0.3536938726902008 0.1256746649742126 0 2.026367962360382 0.9746741205453873 2.930589854717255 343.3698585405946 39.48996268212795 840.8319089561701 168.1534241214395 1754.649927586317 313.8110502362251 3.124246343970299 91.5634830147028 5.772472031414509 0.1617531478404999 1.985389813780785 0 19.42430657148361 0.8373889178037643 0 0.8353994339704514 15.58123955875635 0.2705233693122864
507.4092136546969 1657.528532862663 0 5.451134651899338 598.1595427244902 108.1243401765823 53.90591912716627 2844.442187398672 113.6846956238151 6.514362193644047 3178.042785584927 1.167159765958786 25.24465228617191 113.2162988632917 9.389365702867508 6.334875106811523 0.9926416873931885 4.023830890655518 1.52814157307148 17.12216047942638 23.25866109132767 0 2.744928814470768 1.437156021595001 13.15476403385401 3.545625165104866 4.260574124753475 1.213437877595425 1.152520351111889 1.130112864077091 3792.795630417764 1104.775417946279 13.4093438833952 0.572808250784874 4.500589683651924 4.344885505735874 2.034186214208603 2.174311414361 1.234997726976871 2.65797783434391 13.51494222134352 5.638320311903954 5.861651688814163 3.46974278241396 1.860129877924919 0.9638964086771011 52.77069340646267 12.52758003026247 1.842904858291149 11.13563050329685 2.525605119764805 2.284401416778564 0 3.281793609261513 17.09769521653652 11.74876299500465 26.74249418079853 684.4347119778395 12.9444223344326 33.32330387830734 16.16079146414995 7.29630459100008 3.180075287818909 290.2563123703003 16.26242027431726 5.169159665703773 2.972465716302395 5.332755990326405 18.53480111807585 37.29752502590418 5.193019084632397 0.1216566264629364 0 207.0790757089853 349.9435528367758 76.21524778753519 43.62074244022369 19.1367277726531 302.8077376931906 2385.432125039399 51.53288125991821 495.8460605666041 58.70321309566498 0.2954419702291489 16.09816496819258 11.58977016061544 19.45614508539438 0.3051894754171371 2.058533303439617 1.14336483925581 1.197889037430286 3.369970723986626 25.67498157173395 6.714478015899658 2.581327311694622 3.446214608848095 0 0 0.1906465590000153 282.3335040211678 0 0 0 0 0.1997681111097336 1.785158693790436 0 1.169530808925629 0.2002742737531662 0.5259127020835876 0 1.44532934576273 0 0.6645354777574539 1.027371369302273 0 0 0 0 0.1347995698451996 0 0.1251032054424286 0 0 0.1537772864103317 0 0 0 0 0.1891389340162277 0.251598097383976 0 0.8423311039805412 0.1872089952230453 0 0 0 0 0 1.001544162631035 0.08804755657911301 2.202366322278976 0.9686378538608551 1.058535553514957 0 0 0 0 0 0 0 0.4009473621845245 0 0 0.1631226241588593 0.5610689073801041 0.1201849207282066 0.274289458990097 0.08384755998849869 0 0 0 0 0 0 0.1894282400608063 0.9278843924403191 0 0 0 0.08938060700893402 0 0.1277216076850891 0.3654462993144989 0.2061738073825836 0 2.746677443385124 0.1259031146764755 0 0.1811894178390503 0.1075154691934586 0 0 0.1362920701503754 0 0 0.117093063890934 0 0 0.3901038467884064 0 0 0 0.5296981856226921 0.1205947920680046 0.9594029486179352 0 0.3094665706157684 0.2631006240844727 1.234603770077229 88.00242006778717 13.02029414474964 216.9066791012883 44.62298009544611 291.9447446838021 75.27869839221239 1.107145674526691 24.99010770767927 0.7515832185745239 0 0.2221652567386627 0.1438614875078201 1.946136072278023 0 0 0 0.56000816822052 1.017559111118317
821.1603766381741 254.9968184158206 5.451134651899338 0 35.46741230785847 250.3104709684849 600.8696423470974 0.5551170259714127 32.40448347479105 747.3205363452435 1.732547782361507 963.1252695322037 768.0032674670219 51.37251147627831 0.1719036549329758 0 0 0 0 0 0 0 0 0 0 0 0 0.112901858985424 0 0 84.62044591456652 1.457399889826775 1.56391803175211 0 0 0 0 0 0.2690488696098328 0 0 0 0 0 0 0 6.602816306054592 1.247669234871864 0.1276487112045288 0 0.3375465571880341 0 0 0.1116736009716988 5.015195310115814 2.616177298128605 13.24057670682669 182.0433961600065 6.348325073719025 8.166550762951374 0 0 0 4.844896666705608 3.098468691110611 1.561615027487278 0.4633825123310089 0.5362765863537788 0.1069733500480652 0 0.3275356590747833 0.1788810342550278 0 88.62159878015518 51.05352733284235 10.72353233397007 1.189806237816811 0.2939144968986511 0 0.2083916664123535 0 0.2104140669107437 18.68791401386261 0.2712581157684326 3.350854992866516 1.5729591101408 1.13784284889698 0 0.3545740991830826 0.3181720897555351 0.3467851504683495 0.2173825949430466 0 0.1088078022003174 0 133.2060775607824 0 0.1840435415506363 0.1033828929066658 142.4598830640316 0 2.544407725334167 0 0 0.1804048418998718 22.15066227316856 0.8941868543624878 0.1546901315450668 6.896811008453369 0 0 0 0 1.241932600736618 0 0 0 0 0 0 0 0 0 0 0 0 0 0 0 0 0 0 0 0 0 0 0 0 0 0.3919064402580261 0.1395836919546127 0.4587265253067017 0 0.1278414726257324 0 0 0 0 0 0 0 0 0 0 0 0 0 0 0 0 0 0 0 0 0 0 0.3734281957149506 0 0 0 0 0 0 0 0 0 0.3777434676885605 0 0 0 0 0 0 0 0 0 0 0 0 0 0 0 0 0 0 0 0 1.265148043632507 0 0 31.84643539041281 2.185240671038628 86.37458532303572 15.22377245873213 599.5372246801853 45.08613751828671 0.3317433297634125 6.207982055842876 0.3485320806503296 0 0 0 2.667186453938484 0 0 0 6.062547400593758 0
44.92701210081577 1997.208289779723 598.1595427244902 35.46741230785847 0 21.62916353344917 609.0220554322004 323.4526191204786 4087.70394449681 132.9607997387648 3466.575436249375 165.0350593030453 414.364848613739 1384.896400526166 37.0404154881835 4.627403803169727 0.2509127557277679 0.2396615296602249 0.08896196633577347 0.3290625065565109 0.2380307167768478 0.2858969867229462 0.4874343574047089 0.2310900092124939 0.415715865790844 0.942720390856266 0 1.460974015295506 1.470685020089149 0.4032757729291916 159.0398169383407 125.988203831017 42.24352410435677 0 0.2807941436767578 0.3815313503146172 1.970392756164074 0.5612983629107475 3.084814995527267 0.4202814251184464 0.6814750880002975 1.358272731304169 0.5034396201372147 1.62912480533123 0.1913631856441498 0 158.2216898277402 21.61057338863611 1.256184928119183 0.1976021155714989 3.283348232507706 2.464656695723534 0.419704332947731 1.512628987431526 19.99687242507935 13.77863259613514 14.37625160813332 82.46957670152187 12.80957020074129 77.2221504971385 0.3646304532885551 3.309462316334248 0 175.7825715690851 21.3433483093977 6.176880046725273 3.531228922307491 3.687897972762585 2.240406028926373 0.6390727907419205 53.62577168643475 5.354932352900505 0.9477255195379257 188.5511489883065 207.3757546022534 231.2530125305057 138.4800296127796 17.32823356986046 13.88429498672485 107.8695642650127 1.401113510131836 7.921238750219345 61.1979221701622 0.6332923546433449 22.4257236123085 15.94745741784573 11.8109130859375 0.1969337984919548 3.305898882448673 0.914423368871212 2.477827474474907 4.347325146198273 0.8561116978526115 2.277972511947155 2.285856261849403 378.5011514499784 2.470385983586311 0.1765391975641251 1.137327872216702 13.55841113626957 0.5307576358318329 2.702918171882629 1.511461049318314 1.602963387966156 1.523030951619148 77.97961090505123 3.888797804713249 31.32273168116808 29.53849908709526 33.61646234989166 2.869220390915871 97.01510448008776 32.2530156224966 106.0931599587202 32.09699789434671 0 0 0 0 0 0 0 0 0 0 0 0 0 0.1342820078134537 0 0 0.8230596780776978 0.1735014021396637 0 0.1313872635364532 0.4113126695156097 0 0.276722639799118 0 45.53503184765577 2.592585526406765 34.84385573863983 1.449613437056541 0.8812761157751083 0 0.3428236544132233 0 0 0 0 0 0.2822083532810211 3.212951332330704 0.2922541424632072 0 0 0 0.09544432163238525 0 0.3860067427158356 0.1098893210291862 0.2419986426830292 0.7589620053768158 0 0 0 23.45536921918392 0 0.2534899711608887 0.3529769331216812 0.1095338389277458 0.5621314346790314 0.1181138530373573 0.4820641204714775 0.3146337419748306 0.1311489641666412 91.59255443513393 0.3107650950551033 0.1410748958587646 0 0.08434676378965378 2.641210854053497 0.1461097598075867 1.056316420435905 1.420529723167419 0.5682869702577591 2.984170868992805 0 0.7144194096326828 0.3120879381895065 0 0.2507981806993484 0 0.7194904759526253 0.3267964273691177 0 0.1645384728908539 16.47532688081264 3.933394372463226 13.23358308523893 323.0223942697048 38.16878260672092 657.1243244111538 107.6601099818945 215.2496600523591 115.3998842835426 2.064301759004593 98.10808564722538 7.29023577272892 0 7.003437176346779 1.44240415096283 63.2009988874197 0.9432697892189026 0 0.7005398273468018 1.968140989542007 0.6167065501213074
235.5094593763351 783.8708688467741 108.1243401765823 250.3104709684849 21.62916353344917 0 301.2676450312138 1.888551473617554 40.41357353329659 636.5039686709642 6.660855248570442 110.6769171655178 153.3185560107231 8.700395867228508 0 0 0 0 0 0 0 4.437039792537689 0 0 0 0 0 0 0 0 336.5329706072807 4.03840297460556 2.896560251712799 0 0 0.3308470547199249 0 0 0.52293461561203 0 0 0 0 0 0 0 0.5509266257286072 0 0 0 0 33.08533425629139 2.659676879644394 0 0.2477956935763359 0.6284758597612381 68.75049379467964 44.69181808829308 0.9700551927089691 0.2527124732732773 0 0 0 0.1304427236318588 0 0 0 0 0.5059589147567749 0 47.90043134987354 312.1439751386642 27.82972511649132 1.411902949213982 1.981649532914162 0.3240187019109726 0.2309097051620483 0.3837556019425392 0 4.730251535773277 0 0 0.4202882498502731 2.291294977068901 0 1.117649152874947 0 7.396257027983665 0.709995299577713 22.35847614705563 0 0.6780363321304321 0 0 0 276.2447559535503 157.3747959434986 76.71113666892052 12.27212445437908 222.8043569624424 0 0 0 0 0 9.98769223690033 0 0 1.09005144238472 0 0 0 0 0 0 0 0 0 0 0 0 0 0 0 0 0 0 0 0 0 0 0.5965816229581833 0.773584708571434 0.143619492650032 0 0 0 0 0 0.2606798112392426 0 0 0.1482515782117844 0 0 0 0 0 0 0 0 0 0 0 0 0 0.2817172408103943 0 0 0 0 0 0 0 0 0 0 0 0 0 0 0 0 0 0 0 0.7033772170543671 0 0 0 0 0 0 0 0.2756089270114899 0 0 0 0 0 0 0 0 0 0.1964725404977798 0 0 0 0 0 2.252806022763252 0 0.8961227089166641 0.4104687944054604 165.9674102216959 1.898527815937996 0.1596186310052872 0.6801390647888184 0 0 0.1678619384765625 0 0 0 0 0 0.2009619623422623 0
652.581051453948 1074.837417222559 53.90591912716627 600.8696423470974 609.0220554322004 301.2676450312138 0 9.923350095748901 612.4034976959229 2743.762902535498 37.96534235775471 1471.512126021087 7210.600932955742 1470.518148012459 27.9522999599576 6.75021930038929 0.476051539182663 0.3542379140853882 0.1431573480367661 0.4741217270493507 0.2686921358108521 0.1582962274551392 0.1969890296459198 0.1034634709358215 0.7772835940122604 0.758058987557888 0.2317966520786285 1.379287131130695 1.03694674372673 0.4831991493701935 242.7919589281082 52.84409996122122 23.52885720133781 0 0.2436455488204956 0.239875815808773 3.063019543886185 0.5548125877976418 2.027434445917606 0.6063926741480827 1.262062050402164 1.868499413132668 0.5463114753365517 1.456584729254246 0.1179708316922188 0 159.1395949721336 21.03783801198006 1.875022120773792 0.1462646126747131 2.479200311005116 4.531306393444538 0 2.458250850439072 29.28069789707661 18.48057520389557 32.95853647589684 356.763331182301 22.13801701366901 82.65589453279972 1.384573139250278 3.219450809061527 0 162.0167743712664 25.15457181632519 9.030480563640594 3.888795003294945 4.326704695820808 2.351109623908997 1.18245056271553 52.56057527661324 12.50701312720776 0.9298768192529678 309.8108424022794 327.120436809957 200.9552320614457 98.32891221344471 19.83458656817675 1.030334025621414 18.8757012411952 1.395977146923542 6.658751264214516 94.48899177461863 0.2752242833375931 24.8072602301836 17.26938457787037 12.81651610136032 1.331914037466049 3.896750658750534 3.123712338507175 3.058112300932407 3.935238994657993 0.4127617552876472 2.467282928526402 4.139750570058823 1276.018614158034 1.925625547766685 0.3943264782428741 1.39376724511385 142.0968671292067 0.5743640065193176 5.204821333289146 11.09045039117336 2.459658786654472 1.464265003800392 105.5081714838743 1.790320992469788 41.96754651516676 59.14005409181118 42.02324856817722 1.419548898935318 111.7883560955524 40.06907732784748 109.1382922828197 38.46134810894728 0.1619504690170288 0 0 0 0 0 0 0.1186070814728737 0 0 0.1424714773893356 0 0 0.651998408138752 0 0.4530367851257324 0 0 0 2.17588097602129 0 0 0 0.1673812717199326 50.40058126300573 1.60245006531477 35.9036705121398 1.325261741876602 0.3726212754845619 0.2306613177061081 0.1692624241113663 0 0 0 0 0 2.852416157722473 1.61024509370327 0 0 0 0 0.1510039567947388 0 0 0 0.4598366320133209 0.5246199741959572 0 0 0 24.00871722400188 0 0.2061139494180679 0.1199342384934425 0 0 0 0.1814036965370178 0.09261982887983322 0.0938866138458252 131.1818398758769 0 0 0.08706445246934891 0.4683976843953133 1.661469459533691 0 0.1427685022354126 1.198234111070633 3.093196265399456 1.876663468778133 0 0.5363898575305939 0.1160630062222481 0 0 0 0.9285609573125839 0.4350059404969215 0.4259813725948334 0 29.31089052557945 6.400619938969612 12.8989445194602 358.7066158950329 41.19700389355421 682.4271480068564 127.4725122377276 836.5876648277044 191.8054703101516 3.009721338748932 100.9410910904408 10.89376157522202 0.09575891494750977 4.151430010795593 0.3694023489952087 58.34515570104122 0.6325015872716904 0 1.056532517075539 24.56275048851967 0.2499415576457977
43.60323905944824 640.2871857583523 2844.442187398672 0.5551170259714127 323.4526191204786 1.888551473617554 9.923350095748901 0 107.646420173347 0.3350402265787125 1601.923158280551 0.3720803484320641 17.9734610170126 73.04826427996159 33.42678746581078 21.2288726195693 3.107184030115604 11.42654354125261 1.943024352192879 81.87254451960325 123.4759731590748 0.1698926985263824 21.23948788642883 12.40248813480139 74.01881198585033 17.27753265202045 19.81488958746195 4.828899793326855 4.458686105906963 3.266413614153862 1168.016707547009 1026.732600435615 19.35805469751358 3.625270739197731 27.85203139483929 42.43487292528152 1.000616796314716 4.928715266287327 1.854838117957115 3.858109831809998 75.58210833370686 31.99417009949684 15.43954104185104 14.05144139379263 5.369623117148876 6.723058365285397 118.2850746884942 22.00114122033119 9.166937366127968 31.21906467527151 6.127474375069141 2.724618785083294 1.413567788898945 10.99954756349325 13.92711462080479 10.62243231385946 12.38887774944305 199.5200400352478 7.42051562666893 49.93008784204721 87.54145083576441 30.80841430276632 26.06112148612738 436.2330223172903 17.06619454920292 6.316727988421917 4.580090843141079 11.3449644073844 44.98722765594721 187.8784279227257 5.029337212443352 2.038554400205612 0 168.223016731441 284.2623489871621 173.9168674871325 189.3477604687214 141.4471836164594 748.6991952136159 2138.931911885738 403.1204324513674 1867.411529712379 54.21538600325584 0.5486503764986992 15.99602057039738 13.0500128865242 32.97645380347967 0.3546429574489594 2.103440590202808 2.040700607001781 3.418876424431801 4.252201810479164 119.5966183692217 38.16199019551277 7.254814803600311 1.720603473484516 0.7388531565666199 0 1.024979010224342 32.70560052245855 0 0 0 0 0 1.579969808459282 0 0.3079998791217804 1.735184147953987 0.3035628795623779 0 0.6720771491527557 0.1505779772996902 2.49169796705246 0.9959203228354454 0.1425212472677231 0 0 0.3130284547805786 0.144991859793663 0 0.3875449448823929 0.1440544575452805 0 0.5215792506933212 0.9037748128175735 0 0.7808911055326462 0.710204228758812 0.2131114602088928 0.6686978191137314 0 1.310626737773418 0 0 0.2232482731342316 0 0.4745142608880997 0 2.148229755461216 1.275821141898632 4.859692320227623 6.538568459451199 4.770471908152103 0.771503284573555 2.04781498759985 0.1102773696184158 0 0 0 0.8379683494567871 0 0 0.1621543020009995 0.1719264388084412 0.8870379775762558 0 0.8801669478416443 0 0 0.08336872607469559 0 0 0 0 1.900692671537399 2.577932059764862 0 0 0 0.3349181488156319 0 0.1863577961921692 0.3161251619458199 0.4104998558759689 1.382854029536247 2.659031070768833 0.4384157508611679 0.1647944450378418 0.2001394629478455 1.393479593098164 0 0.359572172164917 1.477475851774216 0 0 0.1226378157734871 0 0.129157617688179 0.4856747388839722 0 0 0 0.3248175978660583 0.6885756552219391 0 0.242786318063736 1.16850620508194 1.630227908492088 3.787258476018906 155.2321614325047 21.3043554648757 372.9672454446554 62.08869636058807 58.30975332856178 56.52396379411221 1.964549489319324 56.96186488866806 3.205299824476242 0.239954486489296 2.164015561342239 0.4542421028017998 1.203136920928955 0 0 0.119559571146965 2.902139529585838 3.938349261879921
15.89456768333912 413.3963995724916 113.6846956238151 32.40448347479105 4087.70394449681 40.41357353329659 612.4034976959229 107.646420173347 0 172.820951461792 2690.450629547238 227.1464943513274 963.5562286525965 3104.052478715777 76.7973268777132 21.80208677053452 0.5094501376152039 0.4488997831940651 0 1.642228566110134 1.093126282095909 0.6855831518769264 0.4616226851940155 0.2883022651076317 5.986090838909149 1.235751837491989 0.23093082010746 1.867972664535046 2.062901556491852 0 50.46874435245991 67.96055617183447 67.62019912153482 0 0.5127499401569366 1.777241334319115 10.22176314145327 3.530462607741356 2.415864288806915 0.7215338796377182 3.130443252623081 2.458669990301132 0.09864265471696854 5.030184380710125 0 0.3280541747808456 220.7724997848272 15.7973238825798 0.7698096111416817 0.6177647039294243 1.842123411595821 4.266126036643982 0.5869483128190041 3.363485783338547 14.30981653183699 10.12565995752811 12.56208300590515 34.91641664505005 9.856395602226257 72.94280023872852 2.232981912791729 5.986819691956043 0.9801017343997955 181.0068195238709 15.08475067466497 5.44833654910326 3.576655514538288 3.94836550205946 1.728758931159973 3.955307602882385 85.01092804968357 18.59561201930046 1.816797494888306 156.5205452367663 126.6202270612121 282.7731168344617 244.9668519198895 63.24740080535412 3.44504252076149 179.9424150362611 3.203294418752193 15.44764904677868 50.20768669247627 0.6932435631752014 16.03802271932364 8.877164095640182 7.656021118164062 1.799713164567947 2.480769500136375 2.508732602000237 2.083922877907753 3.698055043816566 4.139367498457432 3.520581677556038 2.929992809891701 1020.830103926361 4.395096257328987 1.974020972847939 2.432730600237846 14.98251306265593 1.596233762800694 3.494860708713531 1.767386540770531 3.879609853029251 1.540329217910767 142.8173293843865 2.337872043251991 68.84305765479803 56.61965198814869 60.46383891999722 2.498452752828598 185.6853958442807 63.56955070793629 190.6565174907446 72.82849684357643 0 0.3570561334490776 0 0 0 0 0 0 0 0.4703010320663452 0.1171975806355476 0 0.7076702937483788 0.1732206791639328 0.7176733911037445 0.4851485714316368 0.1857043504714966 0.3888343945145607 0 0.3503093048930168 0.4181149452924728 0 0 0 97.28796920180321 3.578737132251263 69.8182063177228 2.762523844838142 0.9664689972996712 0.4220343828201294 0.1712649315595627 0 0 0 0 0.3113675266504288 0.5364171713590622 1.834111548960209 0 0 0.1015533953905106 0.382972776889801 0.111055389046669 0.125645637512207 0.3423157185316086 0.3423174172639847 0.2164024114608765 0.7926481068134308 0 0 0.2393145561218262 41.8898700773716 0.1449090391397476 0.344600722193718 0 0.5276249498128891 0.4373615980148315 0.7724486738443375 0.6082847863435745 0.2100740969181061 0.6520790606737137 203.9744653627276 0.3195392787456512 0.3619109988212585 0 0.09864549338817596 5.814648471772671 0.1155204027891159 0.5955963507294655 3.03645084053278 1.629232011735439 3.342695899307728 0.3893062770366669 0.8469420224428177 0.7413560897111893 0.1727417260408401 0.1934578195214272 0 0.3613254278898239 0.3424411043524742 0.0964488685131073 0 38.27497377991676 7.994097411632538 25.89511413127184 530.7629146948457 42.81352233141661 661.8460787460208 125.8657427504659 282.9871200174093 119.0217600092292 1.810038536787033 157.4995689243078 12.36194627732038 0 12.53071454167366 0.7042034119367599 96.31988326460123 1.016039595007896 0 3.479570232331753 2.633026607334614 0.3521806597709656
1961.984479002655 514.4603165537119 6.514362193644047 747.3205363452435 132.9607997387648 636.5039686709642 2743.762902535498 0.3350402265787125 172.820951461792 0 3.15369925647974 1600.967895597219 5366.979175128043 163.3629481568933 2.17269491404295 1.05960801243782 0 0.1294752508401871 0 0 0 1.218804374337196 0 0 0.3058908581733704 0 0 0.2118410468101501 0 0 110.2696825265884 4.197373136878014 39.86831713467836 0 0 0 1.40608474612236 0 0.8738726153969765 0.1281192153692245 0.1107087358832359 0.4803689643740654 0 0 0 0 22.69825650751591 4.257625453174114 0.3938309550285339 0.1867824345827103 0.2712962478399277 7.195110023021698 1.494294986128807 0.3593282252550125 10.98031344264746 6.235451564192772 26.01881890743971 275.0828002169728 8.544558271765709 18.01965992897749 0.2039041817188263 0.6146918088197708 0 16.04646913707256 6.59385921806097 2.298363283276558 1.393705330789089 0.9389754235744476 0.106577105820179 0.1312686055898666 134.2444754391909 39.15588264167309 4.902484446763992 141.355504475534 99.85894822329283 28.08680865168571 7.465914361178875 1.724129803478718 0.3700315058231354 2.674385011196136 0.1977263391017914 0.5906085819005966 30.94716977328062 0.191306471824646 6.748257502913475 5.672975316643715 3.261092163622379 3.863306045532227 1.429452635347843 4.75787890702486 0.6050201505422592 0.7723492980003357 0.6706686690449715 0.6882136538624763 1.292756587266922 901.90584667027 17.39773459732533 7.462218940258026 0.6558088362216949 374.576259560883 0 0.1434570252895355 0.2477638572454453 1.187069296836853 1.459952786564827 63.53610058128834 0 12.40280832350254 32.30616402626038 13.75251072645187 0 27.28576549142599 8.80415752530098 31.5630439966917 8.552987530827522 0 0 0 0 0 0 0 0 0 0 0 0 0 0 0.2201927900314331 0 0 0 0 0 0 0 0 0 9.269742645323277 0.1401651501655579 4.89774265140295 0.349129393696785 0.1983942538499832 0 0 0 0 0 0 0 0.1477842926979065 0 0 0.1273915618658066 0 0 0 0 0.2184540778398514 0 0 0 0 0 0.1474092155694962 4.299238547682762 0 0 0 0.20161372423172 0 0 0.3668089881539345 0 0.1193153262138367 16.3488696590066 0 0.1166741251945496 0 0 0.2635256946086884 0 0.1905683279037476 0.1292848885059357 0.3632513880729675 0.3675936535000801 0 0 0.1196142584085464 0 0.1233903244137764 0 0.121452622115612 0 0 0 5.679274812340736 0.4930851012468338 2.512109123170376 91.28641828149557 6.943539448082447 175.7912100702524 35.65169966220856 1208.068872407079 75.23364610224962 1.235855624079704 17.83911323547363 0.3690621852874756 0 1.504329681396484 0 35.3853669911623 0 0.3636545538902283 0 0.4977916479110718 0
134.1890451163054 3186.481380291283 3178.042785584927 1.732547782361507 3466.575436249375 6.660855248570442 37.96534235775471 1601.923158280551 2690.450629547238 3.15369925647974 0 14.20906150341034 1155.171704605222 2250.871125727892 34.89631626754999 19.04898861050606 0.6779182776808739 1.891214326024055 0 1.958045952022076 2.880317568778992 0.4134701937437057 0.5010142028331757 0.3558901250362396 21.36761449277401 8.829412795603275 3.322265565395355 1.607292965054512 2.215809404850006 2.098939262330532 303.9404359534383 99.01026268303394 91.36224491894245 0.6691575646400452 1.564577430486679 4.048518896102905 20.38174253702164 4.512441895902157 5.086767725646496 4.883308209478855 8.201498255133629 4.578158967196941 0.5448056906461716 4.215493075549603 0 0.1245948746800423 93.57030729204416 8.394649349153042 0.446124330163002 1.377440333366394 1.786040402948856 2.131870925426483 0.5068366825580597 1.693066500127316 9.546042285859585 6.530988365411758 8.505700021982193 110.6069383919239 4.143189139664173 29.36749336868525 3.262449100613594 7.080549702048302 1.139319226145744 116.9804175943136 7.329972460865974 2.25290759652853 1.657708622515202 1.182196781039238 1.112234055995941 5.135572150349617 63.13371153175831 3.462323367595673 0 92.05880593508482 102.1771600246429 119.4546400755644 112.5156604647636 47.8344823718071 60.0006806999445 588.7101879119873 1.336705788969994 110.9000709876418 29.07649554312229 0.2603957429528236 8.437483198940754 4.910103060305119 6.25766284763813 0.08936977386474609 1.450300447642803 0.7271465733647346 0.766395702958107 2.464200854301453 12.05810628086329 8.308092854917049 2.392826147377491 30.186418607831 0.9886138439178467 0 1.181392833590508 21.42356279492378 0 0 0 0 0 5.895095884799957 0 3.600286871194839 2.383912160992622 2.14351986348629 0 7.116644650697708 2.360187724232674 10.99489587545395 4.237090349197388 0 0 0 0 0 0 0 0 0 0.4391748905181885 0.1314132660627365 0 0.2515698373317719 0.2951363921165466 0.546626478433609 0.3736912310123444 0 1.219897523522377 0.1672240793704987 0.2822192907333374 0 0 0 0 8.133074596524239 0.9542485773563385 6.301674492657185 1.275076933205128 1.064109146595001 0 0 0 0 0.2174731642007828 0 0 0 0.177060678601265 0.1527132093906403 0.1561778038740158 0 0.2969086393713951 0.3565798848867416 0 0 0 0 0.1104651913046837 0 0 0.2418439611792564 3.166043967008591 0 0.2186411470174789 0 0 0 0 0.227020338177681 0 0.3540093302726746 15.89645876735449 0 0 0 0 0.3021786883473396 0 0 0.7201142311096191 0 0.3352433145046234 0 0 0 0 0 0 0.23565573990345 0.2059689462184906 0.1236897557973862 0.261423796415329 2.474828168749809 1.338984876871109 4.197612427175045 187.2018666565418 15.81681257486343 252.9318168982863 52.83220244944096 91.68743124604225 51.48962225019932 0.9405982345342636 58.83795599639416 3.436965242028236 0 0.1220479756593704 0 7.444026574492455 0.2056055217981339 0 0.1808119714260101 0.6443777456879616 1.157814875245094
93.00461709499359 80.59836998581886 1.167159765958786 963.1252695322037 165.0350593030453 110.6769171655178 1471.512126021087 0.3720803484320641 227.1464943513274 1600.967895597219 14.20906150341034 0 4412.308287367225 130.9240577369928 11.72671686112881 9.78926694393158 0.2527203038334846 0.3989672213792801 0 0 0.1693321168422699 0.8221848458051682 0 0 1.019131675362587 0 0 0.3829630613327026 0 0.3113081380724907 5.026907965540886 4.894120410084724 49.08993965387344 0 0 1.68362757563591 20.36935729533434 4.410760641098022 4.064807362854481 0.6366480812430382 1.525106072425842 0.556527778506279 0 3.72571013122797 0 0.2153811901807785 21.24263658374548 0 0 0.3730976805090904 0.5310640335083008 8.677935257554054 0.1874004900455475 0.3129285648465157 0.3585212230682373 0.4540704339742661 2.70692203193903 17.82698399573565 1.784245900809765 4.981300890445709 0.2506992742419243 1.972099088132381 0 13.4339641481638 0.5340367257595062 0.2519154772162437 0.1425179839134216 0.1248059496283531 0 1.292434945702553 143.2570599839091 54.70146195590496 5.890191853046417 17.99701009690762 9.58663571625948 21.02510391920805 21.78288349509239 16.29627546668053 0 10.97759280353785 2.037802740931511 3.091892302036285 3.225112400949001 0.9449277967214584 0.6151187866926193 0.9510576277971268 0.592969685792923 3.37945967912674 0.1885321885347366 3.455113425850868 0 0.3508353531360626 1.337514579296112 1.90053990483284 0.2783921658992767 1840.33948764205 25.53472645580769 9.418238550424576 5.734341740608215 30.39900921285152 0.3891879841685295 1.678131759166718 1.413021937012672 0.6553502827882767 0.2426706254482269 52.53812380135059 0.193821594119072 19.86861374974251 37.51339413225651 14.87526376545429 1.53990775346756 71.74370038509369 25.44807825982571 92.98122365772724 35.50675851106644 0 0 0.2248562425374985 0 0 0 0 0 0 0 0 0 0 0.1326702982187271 0.3686878681182861 0.7193407267332077 0.2217478901147842 0 0 0.2602227255702019 0.1555463969707489 0 0 0 60.83618792146444 2.066247642040253 38.6057076305151 1.405150011181831 0.5018324702978134 0 0 0.1440424025058746 0 0 0 0.2395279407501221 1.284698233008385 0.9171842262148857 0 0 0.3797233700752258 0 0 0 0 0 0.4299771338701248 0.3087152540683746 0 0 0 25.66935017704964 0 0.3293430060148239 0.09858446568250656 0.0959215983748436 0.1233667209744453 0 0 0 0.1662542819976807 105.8423443362117 0.9215669184923172 0 0 0 3.470725983381271 0 1.24025359749794 0.4652249068021774 0.7041229605674744 2.391119457781315 0 0 0.1652695387601852 0 0 0 0 0 0 0.1523402184247971 19.99196574091911 9.030743896961212 13.17042288929224 101.3119470626116 4.904143415391445 81.26637124270201 13.56198562681675 177.2057184502482 16.85985481739044 0.32881760597229 26.28713165968657 3.009871929883957 0 7.257221899926662 0 30.63637271523476 1.051298648118973 0 1.462163776159286 0.6946804970502853 0
138.660598821938 165.3285614401102 25.24465228617191 768.0032674670219 414.364848613739 153.3185560107231 7210.600932955742 17.9734610170126 963.5562286525965 5366.979175128043 1155.171704605222 4412.308287367225 0 3902.2836516276 119.0203775167465 61.64241813868284 1.184295080602169 1.768624320626259 0.1413117647171021 1.60437498241663 4.925819404423237 0.5403165072202682 1.349742129445076 0.851612314581871 25.241425357759 8.772945620119572 4.823299519717693 2.163493037223816 3.551110565662384 1.503677204251289 41.52262283861637 70.28905619680882 607.7915975898504 0 3.037463121116161 5.587007105350494 163.8410079404712 10.63901428878307 27.50384210795164 3.701781757175922 9.265245229005814 7.855928383767605 1.238649845123291 17.46366949379444 0.1133982911705971 1.260177113115788 244.2813828513026 9.429787755012512 1.221119627356529 1.778514295816422 2.484975054860115 6.863344714045525 1.720653615891933 2.758086867630482 10.69831263273954 8.341929763555527 11.44750755280256 42.95124827325344 6.391643643379211 51.45306153595448 4.497073099017143 28.4839758053422 1.385895803570747 207.8027325347066 7.814072072505951 3.287937879562378 2.616671115159988 2.251113183796406 2.62286552041769 16.46229896694422 617.1703364625573 99.91380912810564 5.496788695454597 110.999575920403 75.33081964403391 247.7280228212476 268.4144622832537 153.7307307422161 3.236734889447689 475.87965901196 4.149262614548206 33.5538986325264 33.52625653892756 1.388411432504654 9.54827143996954 5.432402983307838 7.144101500511169 1.642513856291771 1.800650000572205 5.535549454391003 1.312551565468311 3.724252820014954 22.42054080218077 15.8945896551013 2.338895343244076 5256.592582240701 36.25996200740337 7.706643283367157 22.25738549977541 52.23143199086189 1.493495099246502 1.64744034409523 2.286777436733246 2.01333212852478 2.298091009259224 191.7006956487894 3.973284006118774 64.64231672883034 93.70326614379883 53.95942535996437 5.71487320959568 210.0380344763398 71.85832163691521 221.6670965254307 101.5782830044627 0.2836973667144775 0.1139155849814415 0 0 0 0 0.4119252860546112 0 0 0.8324437588453293 0 0 0.2522041201591492 1.054114028811455 0.3640242069959641 1.30317709594965 0.3346553891897202 1.441683813929558 0 0.3697385191917419 0.1527131348848343 0 0 0 167.6933983936906 8.743223831057549 117.0970168858767 5.649386681616306 2.292787604033947 0.1243520826101303 0.8172385543584824 0 0 0.5657336413860321 0.136405423283577 0 1.138214439153671 3.975272834300995 0.09435586631298065 0 0 0.1746725142002106 0.5922593176364899 0 0.5655776411294937 0 0.4766519963741302 0.2763012051582336 0 0.255498543381691 0.1965961456298828 62.78483817726374 0.1167974472045898 0.6076163649559021 0.1259760409593582 0.3659863173961639 0.5199569016695023 0.1641629487276077 0.1971471309661865 0.3313158303499222 0.8173982948064804 353.4760418012738 0.3406231999397278 0 0.07832410931587219 0.1058429181575775 8.74847811460495 0.3259667009115219 3.0922931432724 1.704340815544128 2.266914486885071 2.727350115776062 0.5329764634370804 0.2451350390911102 0.2994455099105835 0 0 0 0.1914096623659134 0.1052674278616905 0.7622196227312088 0 66.86686258018017 20.04285541176796 47.35760647058487 733.8106417804956 53.64118744432926 626.6594384461641 140.8383191376925 468.8305144384503 113.5447195619345 2.14554163813591 235.2646388113499 15.4520954862237 0.327322855591774 15.78793595731258 0.8795959502458572 95.06800062954426 2.683470457792282 0.2319221645593643 1.660663895308971 5.225721701979637 1.676206648349762
23.79153945297003 423.0299912691116 113.2162988632917 51.37251147627831 1384.896400526166 8.700395867228508 1470.518148012459 73.04826427996159 3104.052478715777 163.3629481568933 2250.871125727892 130.9240577369928 3902.2836516276 0 83.07187749445438 54.13738121092319 2.930971600115299 2.987947590649128 0 2.415910094976425 7.826142281293869 0.2810523509979248 1.369998306035995 1.374195978045464 57.08560441434383 17.32675866782665 10.82073042541742 5.55924341827631 9.482525184750557 4.605215795338154 40.50230761617422 53.36227016150951 761.9461156353354 0 1.532144121825695 10.13712898641825 202.3339956328273 33.11638172715902 21.09879528731108 8.520361617207527 18.04546004533768 12.69023295491934 0.8147625625133514 16.7849897891283 0.08951280266046524 2.388703778386116 153.7880174517632 8.712238542735577 2.499315746128559 3.780096165835857 4.53200501948595 2.833908975124359 2.905955694615841 1.702456273138523 4.467345111072063 5.17515591531992 5.356537185609341 21.55411629378796 5.074901841580868 32.46441517025232 6.087705731391907 42.31562104821205 1.779307678341866 158.431391350925 5.431656323373318 2.338640533387661 1.574599094688892 2.261374115943909 4.230118587613106 20.14275063574314 561.5298730656505 20.97818441689014 1.303710550069809 63.5089748352766 52.52102696895599 177.5664679333568 201.2239469885826 117.7505794987082 8.16245824098587 772.874082505703 6.297649338841438 44.31278641521931 21.84617315977812 0.09869025647640228 6.378144323825836 3.825168199837208 6.044558763504028 0.2403217926621437 0.6092880219221115 3.40951369702816 1.733412437140942 3.625578097999096 31.72790879011154 22.74180454015732 2.132624380290508 595.4445438832045 5.983449548482895 1.066224992275238 11.07995119690895 7.745637059211731 0.1438708603382111 0.5928940773010254 0 1.193503975868225 1.201113432645798 33.66194976121187 0.8734273612499237 19.23287254571915 13.10981811583042 13.02048170566559 1.534835338592529 48.44200077652931 18.96381714940071 56.19666437804699 33.194759093225 0 0 0 0.1297499090433121 0.1157543212175369 0.1133925244212151 1.32494843006134 0 0 0.8299127072095871 0.2889316827058792 0 0.4539509415626526 0.9822282791137695 0.8362904191017151 0.5662854909896851 0.1458023190498352 1.56984306871891 0.2515229135751724 0 0.3954966813325882 0 0 0 50.91482549905777 3.964846007525921 42.72160511463881 4.733389653265476 3.337596148252487 0.4001085236668587 0.1300055086612701 0.7439296096563339 0.1238992884755135 0.1852263063192368 0 0.1354840844869614 0.4872118681669235 1.853438302874565 0.3433968722820282 0.5182253122329712 0 0.3815305382013321 0.1681754589080811 0 0 0 0 0.5925573334097862 0 0 0.7960836738348007 23.54453732818365 0 0.1500811725854874 0 0.07454618066549301 0.08275766670703888 0.1101193875074387 0.4821363463997841 0.1970463246107101 0.320431187748909 102.2405069619417 0.9360084310173988 0 0.1371223330497742 0.4320290684700012 2.285159856081009 0 2.033609747886658 1.6019302085042 0.5102076977491379 1.437092177569866 0 0.1483408510684967 0.3372845873236656 0 0.1102956682443619 0 0.383929617702961 0.5740886405110359 0.5648458003997803 1.050602912902832 17.4567980542779 11.33359012007713 21.50922427326441 522.7859506011009 32.43669360876083 432.0718244463205 87.22079023718834 181.4003025516868 67.11679535359144 2.806135788559914 158.0077382475138 10.56429468840361 0 5.806911617517471 0 27.77818141877651 0.1256550997495651 0 2.988676570355892 1.26810185611248 2.152207285165787
