0 2934.391665622592 379.3832423985004 544.6666634231806 233.2986246794462 109.016499504447 1113.412834301591 60.38857477903366 71.82134808599949 1146.506397545338 77.64110566675663 103.5661408007145 341.9138234853745 83.74908469617367 0.5795082524418831 0.2452210560441017 0.128542497754097 0 0 0 0 0.176461786031723 0 0 0 0 0 0 0 0 364.3618810772896 0.7442600131034851 7.572626605629921 0 0 0 30.83938259631395 0.5228360146284103 1.655392557382584 0 0 0.1592506617307663 0 0 0 0 14.35844797641039 3.639326393604279 0.5961534827947617 0 0.3047925382852554 2.379345640540123 0 0 0.7534323558211327 1.334709592163563 368.0911428257823 715.9116162508726 22.27017220854759 14.79108049720526 0 0 0 5.414822280406952 1.534667447209358 1.422679990530014 0.3312052339315414 0.6224922314286232 1.434018358588219 0.5132363587617874 95.73069402575493 50.98984369635582 3.894796699285507 237.9888436868787 35.71139902621508 16.62377714365721 2.251240722835064 0.5715320631861687 0.2503613010048866 32.26536136865616 0.1066274642944336 1.436022952198982 11.03437983989716 0.8596038967370987 2.063922993838787 0.7250771149992943 2.551417864859104 5.013592630624771 0.9644589349627495 2.368191093206406 0 0 0 0.6002755165100098 0.3913988918066025 493.2916044145823 21.2818248718977 7.11665640771389 3.608813926577568 1085.168520122766 0 2.190718412399292 0.2255825996398926 2.18761795759201 0 4.263335168361664 4.176102831959724 5.670474231243134 204.6819810569286 4.470396295189857 0 12.15597081184387 5.86102682352066 9.78775092959404 1.224287539720535 0 0 0 0.1567594707012177 0 0 0.1711992174386978 0 0.3574302494525909 0 0 0 0 0.1462771445512772 0 0 0.4893846362829208 0.2865504175424576 0 0.4873979985713959 0 0 0 0.7735389769077301 1.804763838648796 0 0 0.1350945681333542 0.4681516140699387 0 0 0 0 0 0 0 0.3271308690309525 0.2868019789457321 0 0 0 0.5039219409227371 0 0 0 0 0.1531007885932922 0.1709723621606827 0 0 0.2155929505825043 0.1766689270734787 0 0 0 0 0 0 0 0 0 2.574789017438889 0.4054310619831085 0 0 0 0.1570954918861389 0.6469046473503113 0 0 0.940921887755394 0.2511886656284332 0 0 0 0 0 0 0 0 0 0 2.202359706163406 0.4598971009254456 0.3200415670871735 81.59861249476671 4.158277310431004 44.95559760183096 7.030936270952225 1403.562257505953 2.558958061039448 0.4791547507047653 4.803677372634411 1.877632215619087 0 2.509333029389381 0.4158332347869873 2.083733469247818 0.1827389150857925 0 0.2080622166395187 0 0
2934.391665622592 0 2225.030504956841 365.4845745116472 5480.080176636577 524.6840839236975 3435.377676278353 598.5775030851364 751.2109236568213 516.4326498359442 1570.828903734684 76.85480087995529 498.9149415493011 901.7795090228319 8.903276890516281 1.849682025611401 0.1239879131317139 0.5312920808792114 0 0.2904192209243774 0.2279666066169739 0 0.1030887588858604 0 0.2481197416782379 0.1919841766357422 0 0.1029631048440933 0 0 2062.547622874379 63.20065331459045 22.18972478806973 0 0 1.218793377280235 31.91587025672197 0.6795735657215118 1.478676915168762 0.1869145482778549 0.3972102701663971 0.1020699888467789 0.5578946322202682 0.6782135888934135 0 0.2622910812497139 114.9350538104773 18.93016023933887 1.386360511183739 0.9257589280605316 2.347695700824261 0 0 0.4218377843499184 3.857658132910728 5.541822776198387 287.9460541307926 1671.841714292765 63.52260489761829 84.88765624910593 0.5714487507939339 0.4595867395401001 0 115.3311682343483 7.483192637562752 2.873429447412491 3.193614192306995 7.21743842959404 6.276388347148895 4.64572586119175 44.28611341118813 3.434553027153015 0 657.8664687871933 254.8854777663946 135.7705616205931 59.21337661892176 8.606457062065601 6.635593891143799 306.7142499089241 0.7785986959934235 11.44055756926537 47.96812693029642 0 9.31953326612711 3.145872548222542 13.98011462390423 0 0.687601126730442 0.7542120218276978 0.8083214163780212 0.239607959985733 3.680775240063667 0.3880692794919014 1.812009833753109 223.6738893836737 2.610150828957558 0 0.5039688944816589 1389.677919365466 0 1.050014540553093 1.512066572904587 1.910607695579529 0 19.16843789815903 5.807357847690582 21.93826773762703 19.01317824423313 20.01241719722748 0.991730272769928 46.31121292710304 25.24883615970612 45.10157562792301 6.236528858542442 0.1829129904508591 0.744468167424202 0 0.6705310046672821 0 0 0 0 0.748416855931282 0 0 0 0 0 0.3755075335502625 0 0.1525451987981796 0 0 0 0 0 1.82725778222084 0.8074568808078766 6.173827052116394 0 2.929719120264053 1.019751653075218 0.1607150584459305 0 0 0.1643331795930862 0 0.2174496203660965 0 0 3.120405286550522 4.414067491889 0 0.1624832451343536 0 0.190435528755188 0 0 0 0 0.858051985502243 1.388472244143486 0 0 2.099559783935547 6.325355246663094 0 0.364712581038475 0.2013286650180817 0.08154886215925217 0 0 0 0 0.1550942361354828 26.45638643205166 0 0 0 0.115539625287056 1.322038650512695 0.3578701913356781 0.6040123105049133 0.9456576853990555 2.266031116247177 4.105520345270634 0.2866296768188477 0.3818733692169189 0.2755921483039856 0 0 0 0 0.207660436630249 0 0 11.6269503980875 1.788446739315987 5.420419380068779 150.5574267432094 46.13351639360189 387.9528190791607 37.16525390744209 1898.915942393243 22.00789065659046 2.682853825390339 43.95428390800953 9.116637587547302 0.2158953845500946 13.32377828657627 0.7592795938253403 7.180448204278946 0 0 2.322354972362518 0.9730550721287727 0
379.3832423985004 2225.030504956841 0 7.763433367013931 722.3203128427267 10.42576821148396 145.285308778286 1034.432269752026 231.4186532646418 20.42327113449574 1716.151790119708 9.529312267899513 203.8537865355611 686.9120384678245 32.26814536005259 16.678067676723 2.831611596047878 6.838287204504013 0.2390771061182022 27.711824439466 5.292926490306854 0 0 0.2065023183822632 2.533213511109352 0 0 0.1044496074318886 0.1333788335323334 0 3047.971450977027 519.1849142834544 54.16565899550915 1.275217846035957 0 7.295218512415886 54.28678275644779 8.933558583259583 2.470372930169106 1.129691615700722 7.405986532568932 5.703613966703415 41.3781960234046 5.468495175242424 0.9571360945701599 4.468930035829544 76.35573092103004 7.693401984870434 7.920881822705269 40.61869205534458 13.11681985110044 0.5202143117785454 0.4233003556728363 0.9039100185036659 1.740021876990795 1.931128680706024 68.39409501105547 1879.538035370409 13.12034801393747 30.57582172751427 22.17914853990078 8.0711654946208 0.8387525230646133 860.2271480709314 2.182448573410511 2.721186146140099 13.31258295476437 11.34876323491335 115.8323498517275 74.58048745244741 48.22825790941715 3.193874835968018 0 206.2683101817966 316.6560505479574 75.13111730664968 196.7668768018484 66.58005433529615 461.8025998026133 931.4847062900662 91.78463193029165 570.5328506231308 11.86161863058805 0.2896671667695045 2.610514149069786 3.18211891502142 44.24680159986019 0 0.8842996880412102 0.437837578356266 2.368097521364689 0.5347381085157394 34.19610176235437 8.047386728227139 13.81839119642973 40.42725518345833 10.29700064659119 0.4195737391710281 2.259291283786297 198.1235590875149 0 0 0 0 0 3.600988507270813 0.9669259339570999 7.336369104683399 1.031341284513474 2.966214954853058 0 7.830380111932755 4.209278926253319 14.56369458138943 1.720887325704098 0 0.3722171038389206 0 0.2710912600159645 0.3868557214736938 0 0.1100277602672577 0 0 0.1632935255765915 0 0.4241200089454651 0.2589358016848564 0 0.2415538281202316 0 0 0 0 0.3486859649419785 0.2879528999328613 0 0.6632144004106522 1.194467186927795 5.552421227097511 0.1594444662332535 1.531761452555656 0.7069755494594574 0.6178121715784073 0 0.4899677783250809 0 0 0 0.4218980148434639 0 1.865387454628944 2.159624844789505 0 0 0.2874536141753197 0 1.024371117353439 0 0.1377140432596207 0.1080703586339951 0 0.6848018914461136 0 0.1817932277917862 0 6.097651034593582 0 0.1598939448595047 0.3338608145713806 0.1186909899115562 0.151760071516037 0 0 0 0.4706507176160812 10.38205125927925 0.3175836801528931 0 0 0.9909918308258057 0.905230924487114 1.116254225373268 1.188585788011551 0.8639435917139053 0 0.9868519753217697 0 0.4379902780056 0.2718073725700378 0 0 0 0 0.2914309203624725 0.3151766657829285 0.1393566429615021 3.282495960593224 4.176600471138954 4.607796110212803 196.9236042052507 30.12901020795107 204.8231345042586 29.96197585761547 138.2376147061586 8.289809875190258 1.259379543364048 68.19638938456774 9.137615881860256 0 9.25137847661972 1.468853749334812 1.636466681957245 0 0 1.483237579464912 3.407200589776039 0
544.6666634231806 365.4845745116472 7.763433367013931 0 52.20858405530453 175.1945232748985 1371.332632213831 0.1864867955446243 131.5283208787441 1432.037459000945 8.693158015608788 225.2209881097078 654.1689240932465 75.95930607616901 0.3013666495680809 0 0.1663901507854462 0 0 0.1345255970954895 0 0 0 0 0 0 0 0 0 0 17.92529744654894 1.941327273845673 0 0 0 0 1.997274093329906 0 0 0 0 0 0 0 0 0 16.58687547594309 2.897236689925194 0 0 0.3707181513309479 0 0 0.2305999100208282 0.5982895940542221 0.5842191949486732 22.54340317845345 53.14396887272596 6.271932423114777 10.12693730741739 0 0 0 3.888114288449287 0.6608208566904068 0.4115617275238037 0.1029449254274368 0.5346169248223305 0 0 43.09046180546284 0 0.3245502710342407 48.43152802437544 11.13696631044149 9.974984042346478 2.95224592089653 0.2721581533551216 0 6.015998959541321 0 0 5.803327172994614 0 0.5605721101164818 0.4982855618000031 0.9184231832623482 0 0.09515868872404099 0 0 0.1373418569564819 0 0 0 163.7530961632729 1.384884178638458 0 0 165.0095205157995 0 0.3376169204711914 2.967486396431923 3.079899951815605 0 10.43025009334087 2.61910218000412 4.102515444159508 75.01176863908768 9.022120952606201 0.4356085062026978 14.97600845992565 13.34726260602474 16.75032791495323 0.9695568829774857 0 0.4523346722126007 0 0 0 0 0 0 0 0 0 0 0 0 0 0 0 0 0 0 0 0.1629305481910706 0.1942092180252075 0 3.682226121425629 0 1.186131313443184 0.291584700345993 0 0 0 0 0 0 0 0 0.5896807014942169 2.075160905718803 0.09621661156415939 0 0 0 0 0 0 0 0 0.6659654378890991 0 0.1624288856983185 0.7461037039756775 1.603981480002403 0 0.5214924365282059 0 0 0 0 0 0 0 4.400220468640327 0 0 0 0 0 0.5163002014160156 1.511706590652466 0.1435521841049194 0.8658970296382904 0.7247041463851929 0 0 0 0 0 0 0 0 0 0 5.710692226886749 0.7505530714988708 1.153164446353912 32.18623280525208 3.742062740027905 54.87636398524046 3.215121455490589 749.0656137764454 3.837462663650513 0.4022242948412895 3.618107378482819 2.516175717115402 0.1912802457809448 3.001178458333015 0.7308030426502228 2.208436608314514 0 0 0.5324738919734955 0 0.4088627994060516
233.2986246794462 5480.080176636577 722.3203128427267 52.20858405530453 0 17.77573528885841 3127.132591083646 353.0661942213774 3712.971744179726 249.0695750117302 2115.568385139108 127.6955544501543 1227.709540680051 2503.198756039143 7.060911983251572 0.7768195196986198 0.449923112988472 0.4045782759785652 0 0 0 0 0 0 0 0.1477381885051727 0 0.4756731763482094 0 0.3358599245548248 246.823352098465 50.73266918212175 15.2937383800745 0.1320558190345764 0 0 17.13847816735506 0 1.079827040433884 0 0 0.6670884266495705 0.2444467470049858 0.490203283727169 0 0 116.5078371614218 14.46778801828623 1.0842559710145 0.2458879798650742 1.863177493214607 0 0 1.398504547774792 2.02026093006134 6.191003248095512 36.57791741937399 260.9973192363977 22.49642252922058 62.00666965544224 0.1966739296913147 0 0 93.69394852221012 4.661206640303135 1.941899470984936 2.420334421098232 3.416193746030331 3.21686777472496 0.607761912047863 53.18409818410873 2.31402924656868 0 179.4757186025381 104.8794064298272 96.28718525916338 74.89171270281076 5.474723130464554 4.660837724804878 304.841612175107 0.3802245482802391 5.313084572553635 29.30901023000479 0.1044215932488441 7.409753948450089 2.240171298384666 10.45532631874084 0 0.5851217284798622 0 0.3316832408308983 1.002529889345169 2.092068202793598 0.7346278429031372 2.997107848525047 145.8191383332014 4.339123979210854 0 1.15739107131958 69.45501165837049 0 0.6907147169113159 1.464560449123383 0.6588865518569946 0 13.30215093493462 8.472752466797829 22.60655778646469 7.996503695845604 29.71486692130566 1.108339160680771 61.5513464063406 43.93504416942596 55.19008231163025 8.563783824443817 0.3454602062702179 0.673671156167984 0 0.7366014420986176 0 0 0.1388491839170456 0 0.4572437107563019 0 0.1744184046983719 0.2327103912830353 0.3267816305160522 0 0 0 0 0 0 0.2283523082733154 0.6748283356428146 0 0.9753139317035675 1.833595141768456 13.44137497246265 1.424623191356659 6.201655454933643 1.749165035784245 0.3995859026908875 0 0 0 0 0.3039930164813995 0.1107846349477768 0 2.773621141910553 5.015094339847565 0.1546213179826736 0.1189302653074265 0 0 0 0.1134866774082184 0.2437322288751602 0 2.63348962366581 1.979392975568771 0 0 0.9465358406305313 11.27156536281109 0 0.8803672194480896 0.4541997760534286 0 0.09409841150045395 0 0 0 0 38.37364748865366 0 0 0 0 5.859389491379261 0.3096594512462616 2.776449799537659 3.695418797433376 2.306816622614861 2.866198897361755 1.049660891294479 0.4814063608646393 0 0 0 0 0.1043078377842903 0.1152437850832939 0 0 23.56860469281673 2.802882999181747 9.198907569050789 110.8395821750164 57.82313700765371 333.9706345051527 37.60905209928751 374.4120384305716 29.92530933767557 3.737374268472195 36.34138283133507 7.777043014764786 0.2593816220760345 15.6263911575079 1.609495654702187 6.96322974562645 0.3216961622238159 0 2.1749037951231 1.343225851655006 0
109.016499504447 524.6840839236975 10.42576821148396 175.1945232748985 17.77573528885841 0 162.4649453312159 1.954977944493294 21.60973887145519 305.3388656675816 8.605433523654938 119.2834489345551 173.6313128769398 17.46641530096531 0 0 0 0 0 0 0 0 0 0 0 0 0 0.1593929529190063 0 0 7.330304965376854 0 16.82166919112206 0 0 0 54.13683983683586 0 4.379236474633217 0 0 0 0 0 0 0 1.459061101078987 0.1099763512611389 0 0 0 5.524700000882149 0.5176249295473099 0 0 0.3377308994531631 314.5004179179668 101.969206109643 1.346177458763123 2.014767028391361 0 0 0 1.077288910746574 0.2012389600276947 0 0 0.4583997428417206 0 0 166.2542859762907 145.0834712386131 13.50527353584766 21.40610108524561 3.693811401724815 4.349280655384064 0.714584156870842 0 0 3.612093433737755 0 0 1.567146457731724 4.28651474416256 0.4188266471028328 0.8003861308097839 0 14.35704113543034 3.438044600188732 6.084911972284317 0 0 0 0 0.1481211632490158 176.3316058516502 73.00245904922485 22.423757776618 8.574710085988045 752.0606780797243 0 0 0 0 0 1.903232142329216 1.108247190713882 2.863691955804825 30.80205792188644 2.293765872716904 0 4.615580290555954 6.72102415561676 4.04170897603035 0 0 0.1383855640888214 0 0.1165675893425941 0 0 0 0 0.1626110523939133 0.2126890271902084 0 0 0.1759141683578491 0 0.1697016209363937 0 1.477316915988922 0.3766406178474426 0.55336544662714 0 0 0.3417540192604065 0 0.5092829316854477 0 0 0.1638908386230469 0.89277483522892 0.4583093598484993 0 0 0 0 0 0 0 0.1057542413473129 0.4294206351041794 0 0 0 1.007955253124237 0 0 0 0.1307905465364456 0 0 0 0 0 0 0 0 0 0 0 0 0 0 0 0.8244939595460892 0.6242934018373489 0 0 0 0 0 0 0 0 0 0 0 0 0 0 0 0 0 0 0 1.094170451164246 1.273310281336308 1.27429286390543 1.426808454096317 0.5562793537974358 7.24021864682436 0.2572036385536194 272.6710622757673 1.330140650272369 0.612621933221817 0.1652807593345642 0.2979132682085037 0 0.4273200333118439 0.1323680877685547 2.246808499097824 0 0 0.1283240914344788 0 0
1113.412834301591 3435.377676278353 145.285308778286 1371.332632213831 3127.132591083646 162.4649453312159 0 38.19091694802046 3281.194893851876 3149.407869890332 488.4767999649048 720.957221776247 4910.676448874176 2326.834866277874 17.93105655908585 2.152877919375896 1.526137232780457 0.418131947517395 0 0.5644888430833817 0 0 0.2931332290172577 0 0 0.2692272812128067 0.1934492886066437 1.99485245347023 0.3581922650337219 0 401.4720272049308 72.18127483874559 12.64486891031265 0 0 0 23.86622594296932 0.4955052211880684 0.751056469976902 0.1207937523722649 0 2.759358562529087 0.6938490346074104 0.5386196970939636 0 0.1638281643390656 288.9487253725529 36.30000850558281 2.206147998571396 0.4316074922680855 2.820035167038441 0 0 1.962264083325863 9.900441281497478 13.64693335443735 195.2745722532272 849.0920008569956 73.22768979519606 165.9853486195207 0.3553682714700699 0.9121727794408798 0 203.5421325191855 12.18821152299643 5.628307484090328 5.020300418138504 15.12032516300678 5.104687407612801 1.157479353249073 145.9208793789148 2.965935662388802 0 673.1182936504483 309.191872112453 263.5274706333876 141.2609688639641 8.426770709455013 1.395317763090134 179.0181772634387 0.4531555622816086 1.913866601884365 83.60232085734606 0.1849670484662056 16.70733992755413 7.24874097853899 27.76867985725403 0 1.033273905515671 0.1481614410877228 1.348633170127869 0.4396831765770912 1.448267467319965 0.8063912391662598 3.177088260650635 566.2681448757648 8.756823807954788 0 0 199.6277332156897 2.171614706516266 1.940511971712112 8.282710790634155 2.52537614107132 0.5231168866157532 31.96831013262272 18.37452413141727 60.01569800078869 59.24199989438057 76.29144564270973 2.540418818593025 165.6536680310965 103.4465604126453 145.6646229326725 16.79428641498089 0.5994489043951035 2.904817894101143 0 0.5016333311796188 0 0 0.3553188443183899 0 1.675503075122833 0 0 0.2311295419931412 0.4844646900892258 0 0.5728487595915794 0 0 0 0 0.9015937596559525 0.6833539977669716 0.8654763996601105 3.652546793222427 4.160953611135483 24.17121999710798 2.45038115978241 11.98685146868229 2.403088793158531 0.4352276623249054 0 0.5048578828573227 0 0 0.4057811796665192 1.448210433125496 0 9.252661064267159 10.0829908028245 0.3374173790216446 0 0 0 0 0.2566704601049423 0.621103897690773 0.1545434892177582 3.52515472471714 4.590309292078018 0.2258453518152237 1.259435877203941 4.743481665849686 23.30353905260563 1.157813176512718 1.431452065706253 1.411884859204292 0.1153697222471237 0.2210040763020515 0.1408852636814117 0 0 0 91.97341634333134 0.7780423760414124 0 0.2534547299146652 0.1299790591001511 10.24074971675873 1.989064365625381 6.79547318816185 6.910559847950935 2.900417864322662 7.455448426306248 1.615474820137024 3.077287971973419 0.6616997271776199 0 0 0 0 0.2377521544694901 0 0 44.87791614234447 11.88603234291077 21.28005853295326 241.8728143498302 115.7773383781314 953.9289776533842 95.68502793461084 1721.02140840888 61.86087641865015 10.39559396356344 98.07949239760637 16.37873403728008 0.153732568025589 31.92954333871603 5.069194711744785 26.69688242673874 0.384064719080925 0 7.855653405189514 2.065313503146172 0.3247304260730743
60.38857477903366 598.5775030851364 1034.432269752026 0.1864867955446243 353.0661942213774 1.954977944493294 38.19091694802046 0 229.9758853465319 10.79415632784367 3032.069230161607 17.01385756582022 554.7767335772514 2066.697088867426 37.99471946060658 14.07711151242256 0.7668185383081436 4.966606803238392 0 20.6751142218709 4.993335515260696 0 0 0.32365782558918 0.8246656656265259 0.5657226741313934 0 0.1746375411748886 0.3318742513656616 0.1310827881097794 301.4317549839616 269.7129715532064 222.0924612134695 0.1810973882675171 0 9.871915727853775 157.9083214476705 10.78523638099432 3.453195296227932 1.470063894987106 8.583065442740917 6.21469821035862 25.90399321168661 5.425566345453262 0.699024423956871 3.530378982424736 104.0963145047426 5.550506316125393 3.53707305341959 18.31430656462908 10.46189864724874 1.291884005069733 0 0.9801692962646484 1.112540058791637 1.732255078852177 18.8046851977706 186.5938457027078 7.156229682266712 30.38566467911005 17.19921551644802 4.333824172616005 3.44792902469635 145.7207986414433 1.810969471931458 2.262343905866146 8.699739366769791 7.25283657759428 83.45390693843365 68.49993392080069 105.6955329030752 11.69328291714191 0.1629396826028824 81.87965401262045 73.74917051941156 62.80932968854904 160.172336705029 84.9581917449832 198.8611584156752 2383.187548227608 63.7762389332056 853.1948602795601 8.486291125416756 0 2.141562044620514 2.249747775495052 26.77996358275414 0 1.567972108721733 0 0.7988610044121742 0.3144710659980774 34.82635301351547 5.673385314643383 10.87871942669153 95.65476933121681 13.22776056826115 0.3256418108940125 4.474679723381996 17.96009522676468 0 0 0.2321989238262177 0 0 0.6308395564556122 0.6422071307897568 3.744173511862755 1.970911160111427 3.867356538772583 0 15.85573275387287 5.756309106945992 20.92732805013657 2.901101395487785 0.1310310512781143 1.360802009701729 0 0.3408586829900742 0 0 0.3059321939945221 0 0.1979868859052658 0 0.7835741937160492 0 0.3328008502721786 0 0 0.2893502712249756 0 0 0 0 0.4803439825773239 0.3147105872631073 1.553169593214989 1.745030261576176 10.78420243412256 0.5982856154441833 6.106336914002895 1.955819673836231 0.4359863847494125 0.9980063736438751 0 0.3584670275449753 0 0.4775024503469467 0.5491079390048981 0 1.647431157529354 2.626595348119736 0 0 0.1243126392364502 0.1490058153867722 0.1261862963438034 0 0 0 0.4842201471328735 0.4604802876710892 0 1.009281650185585 1.461206130683422 7.411360323429108 0.3100625276565552 0.1840656995773315 0 0 0 0.1984382569789886 0.1503442227840424 0 0.1478833258152008 19.75131513178349 0.2423682510852814 0 0.3642390370368958 1.153746038675308 2.23060742020607 1.081928104162216 2.918142631649971 1.022163584828377 0.482332319021225 0.614272803068161 0.2795098721981049 0.8866130709648132 0.1381470561027527 0 0 0.119653008878231 0.1202973574399948 0 0 0 6.728850126266479 4.882214799523354 6.224579073488712 298.0179586187005 30.79330171644688 276.5041867643595 36.4356477856636 130.8356497436762 14.81528649479151 1.405587524175644 89.31306141614914 11.45256716012955 0 10.30956769734621 1.679193586111069 5.008854284882545 0.1804551333189011 0 2.246462717652321 6.910520657896996 0.8415704369544983
71.82134808599949 751.2109236568213 231.4186532646418 131.5283208787441 3712.971744179726 21.60973887145519 3281.194893851876 229.9758853465319 0 507.2339514195919 2454.963472865522 236.0939488857985 4504.607691034675 7133.027172423899 21.10561834275723 2.334777303040028 0.1049036756157875 0.711041584610939 0.2366167157888412 1.663553148508072 0.2974645644426346 0 0 0 0 0.7196850180625916 0 1.691353775560856 0 0.11525709182024 94.4510200470686 64.66550219804049 19.58950540423393 0 0 0.3310789912939072 27.7627759128809 0.2683239132165909 1.150528244674206 0.7661988958716393 0.3748825713992119 1.126344174146652 1.381983175873756 0.4989062026143074 0 0 168.838450782001 10.86110102385283 0.6163181066513062 2.089483596384525 1.855441607534885 0.1195415034890175 0 0.7919439077377319 2.478929780423641 5.470666825771332 36.46207834780216 125.7879981845617 21.61590960621834 68.89765608310699 0.6936021745204926 0.9098931699991226 0 83.59599712491035 3.345502533018589 3.602717764675617 1.862505614757538 5.881175935268402 5.127340875566006 3.122148215770721 152.6118008419871 7.565177902579308 0 142.8318428769708 67.621487647295 93.76105011999607 119.3976696059108 13.7046909853816 1.436378635466099 719.7018981054425 0.1107930094003677 3.619249105453491 25.34779941290617 0 5.324634544551373 3.350734956562519 11.14049512892962 0 0.2689112946391106 0.1451042145490646 0.9521654695272446 0.1360559463500977 1.737496338784695 1.074252061545849 2.367934092879295 465.2816419005394 14.60990145802498 0 1.95911331474781 31.95007257163525 1.22417339682579 3.09199745953083 6.09169428050518 4.25782622396946 0.8509661257266998 36.80361147224903 21.54617641866207 95.90730901062489 40.10073374211788 84.85011498630047 3.67365325987339 196.3438741490245 127.3853358700871 242.9898099377751 25.19108839333057 0.9011765196919441 4.833475515246391 0 0.6386980265378952 0 0 0.6296199560165405 0 1.643640905618668 0 0 0.7101982235908508 1.628502711653709 0 1.481589198112488 0 0.1302923262119293 0 0 1.438536532223225 2.06894426047802 0.4492394179105759 5.568710952997208 1.616495832800865 44.5123053342104 2.949710130691528 11.93809296190739 5.749701797962189 1.123737126588821 0.2331751137971878 0.2162820994853973 0 1.136950612068176 0.5048601925373077 1.942863300442696 0 13.1378712579608 30.60566429048777 0.5940218269824982 0.3989274501800537 0.1430795937776566 0.1468863487243652 0 0.2719342857599258 1.890694826841354 0.2792599648237228 3.765657477080822 7.265366941690445 0.6466123014688492 2.199397265911102 5.205368459224701 34.8916239887476 0.5553530901670456 2.606278903782368 1.88807824999094 0.618691049516201 0.2169380933046341 0 0 0 0.7975727394223213 131.1255670413375 0.2989299818873405 0 0 0 13.01300349831581 3.3003990650177 9.9550861120224 10.39737282693386 5.943751499056816 10.33043827861547 1.345197826623917 1.949004739522934 0.5906390696763992 0.1422685980796814 0 0 0 0 0 0 69.85965910553932 11.56956404447556 25.68244177848101 421.4270465299487 70.43847938627005 620.9867487996817 76.58787374943495 504.483851775527 35.93270120024681 4.897578224539757 156.2160584330559 40.51864089071751 1.5565350279212 72.8546938970685 8.598276726901531 38.41071617603302 0.7060869485139847 0 10.90165592730045 4.523662269115448 2.114090293645859
1146.506397545338 516.4326498359442 20.42327113449574 1432.037459000945 249.0695750117302 305.3388656675816 3149.407869890332 10.79415632784367 507.2339514195919 0 91.54675737023354 1808.756846785545 6219.691373378038 362.536212682724 1.973258845508099 0 0.394922599196434 0.1828152537345886 0 0 0 0 0 0 0 0.2697128355503082 0 0.1596022993326187 0 0 35.64565997570753 7.600405819714069 14.28817796707153 0 0 0 33.38252410292625 0 1.37913715839386 0 0 0.2031082957983017 0 0.1635227054357529 0 0 43.3196894004941 6.235172554850578 0 0 0.8127454370260239 0 0 0.1040299460291862 1.462091445922852 1.080258719623089 52.97714827954769 99.2353906929493 12.63269960135221 23.79048759490252 0 0 0.1633426249027252 14.86895956099033 1.808759354054928 0.8646859154105186 0.5164166390895844 1.172760009765625 1.469915814697742 0.3696232885122299 367.5450864285231 4.311233639717102 0 112.7191302254796 29.15720117837191 31.98189458996058 17.65266323834658 0.8864765018224716 0.2555104196071625 69.25635871291161 0.136083573102951 0.2697066813707352 14.40689013153315 0.09941363334655762 3.097904279828072 0.9232019484043121 3.339457161724567 0 0 0 0 0 0.1567123383283615 0.2452792525291443 0.5899483412504196 1195.763474598527 8.256696611642838 0 2.823935925960541 414.6796807944775 0.5755708664655685 8.205106481909752 7.891581237316132 16.03138695657253 0.2205961495637894 52.36012636125088 41.27098476886749 85.66303461790085 455.4616923481226 100.2873934358358 1.600905150175095 187.5712910741568 98.39631521701813 201.5609860867262 12.74778352677822 1.024985253810883 2.822029769420624 0 0.1510938555002213 0 0 0.1621068716049194 0 1.087173640727997 0 0 0 0.9284565895795822 0 0.2310899198055267 0 0 0 0 0.5855692028999329 1.082895621657372 0.1481591016054153 2.505896210670471 1.472010463476181 24.3662488758564 1.777804538607597 10.90058615803719 1.686253800988197 1.158311538398266 0 0 0 0 0 0.7500238418579102 0 11.39122201502323 22.43416196107864 0.2019777297973633 0 0 0 0.1712940633296967 0.6511117741465569 0.4433121979236603 0.09736637771129608 2.187367990612984 6.356979042291641 0.7542629837989807 0.1976108402013779 2.129448816180229 22.48808880150318 0.2314972430467606 1.086085572838783 1.334135413169861 0.2171603739261627 0.26694505661726 0 0.1273380964994431 0 0 80.38352294266224 0 0 0 0 8.353968396782875 1.851676046848297 8.250719025731087 9.549402840435505 4.290865302085876 10.09347409009933 2.382834210991859 1.254780948162079 0.1233292892575264 0.1207321807742119 0 0 0.3062603771686554 0 0 0 49.49789844453335 7.652063384652138 13.28324970602989 143.2697501257062 15.65532880276442 188.7936461269855 14.96441073715687 1495.222924903035 9.404928259551525 0.9506039097905159 29.31196217238903 25.42584459483624 1.435174137353897 48.96578315645456 3.359888091683388 37.67094863951206 0.3520217388868332 0 11.86299756169319 0 0
77.64110566675663 1570.828903734684 1716.151790119708 8.693158015608788 2115.568385139108 8.605433523654938 488.4767999649048 3032.069230161607 2454.963472865522 91.54675737023354 0 39.66828422248363 2907.154891513288 7288.636953353882 39.86783666163683 12.81906784325838 0.6444471180438995 2.056657582521439 0 6.916247308254242 2.781805634498596 0 0 0.09514562785625458 2.898874148726463 0.2857552468776703 0 0.8825923725962639 0.4646885395050049 0 228.0814686566591 289.5860940366983 621.5760447755456 0.121419832110405 0 14.28065198659897 356.4686905071139 9.952738836407661 2.212516456842422 1.365926891565323 7.311830572783947 2.819665983319283 6.015863597393036 1.511878065764904 0.1289683431386948 1.578973069787025 153.7813138142228 9.282460130751133 1.586083129048347 5.985953062772751 7.238693840801716 0.6162410974502563 0 1.570879817008972 2.032821662724018 5.037114523351192 29.0991609916091 203.1318811774254 13.98562932014465 49.03252629190683 3.741147756576538 44.22069673240185 2.029109954833984 125.7755642607808 1.998400151729584 1.694402597844601 6.4317362383008 4.749348156154156 39.54922009259462 31.61354669928551 205.5449761748314 6.413596853613853 0 115.9381119906902 93.12032382935286 91.05022678524256 149.9165163934231 55.34326605498791 192.1049529388547 1472.409588590264 4.548573791980743 137.5224151387811 19.00622294843197 0.09856875240802765 3.713990211486816 2.958178207278252 14.52107994258404 0 1.645337834954262 0.1395490765571594 1.325362361967564 0.2767990082502365 22.17596788704395 2.731854692101479 7.312512509524822 159.7161166965961 18.21391955018044 0 1.720180585980415 35.15550774335861 0 0.5505077838897705 0.2304404228925705 2.240077316761017 0.1024331673979759 4.101051166653633 3.394528970122337 14.75736114382744 3.277084916830063 18.02629706263542 1.958198994398117 37.71527111530304 23.46131840348244 44.01355715095997 9.953481465578079 0.5668444037437439 1.682750195264816 0 0.1970891952514648 0 0 0 0 1.861175045371056 0 0.8655199706554413 0 0.1655840277671814 0.1278185993432999 0 0 0 0 0 0 0 0 2.011950507760048 2.31427127122879 14.69578331708908 0.3248565346002579 7.252515323460102 3.073902472853661 1.60340091586113 0.1596383899450302 0.2158576250076294 0 0.2074878364801407 0.8924777507781982 0.7149278968572617 0 3.383973099291325 4.865707211196423 0 0.4754974395036697 0.517159715294838 0.1386698931455612 0.8493803739547729 0 0.1070487573742867 0 0.7728156745433807 1.748609386384487 0.6542379260063171 0.6919143795967102 3.08573941886425 8.703267768025398 0 1.060447365045547 0.2831142395734787 0 0 0 0 0 0.5543988794088364 37.46812628954649 1.129453182220459 0.7694493532180786 0.1824385672807693 1.126712121069431 5.405932411551476 4.717925533652306 3.975095346570015 1.416543029248714 1.707436710596085 4.572121277451515 0 0.8217255026102066 0 0 0 0 0 0 0 0 15.69650892913342 9.324249282479286 11.34631580114365 391.1298553049564 56.75294560194016 430.0494691058993 55.45984098315239 240.9557205066085 19.59586066752672 3.828557915985584 140.8985242843628 10.93263293802738 0 16.77768005430698 3.371901482343674 6.807834655046463 0.9626691937446594 0 3.119811907410622 7.311288759112358 0.616546094417572
103.5661408007145 76.85480087995529 9.529312267899513 225.2209881097078 127.6955544501543 119.2834489345551 720.957221776247 17.01385756582022 236.0939488857985 1808.756846785545 39.66828422248363 0 1615.27749606967 60.69542434811592 4.724790625274181 1.771792098879814 0 0 0 0 0 0 0 0 0.2049085050821304 0 0 0 0 0 2.810826852917671 1.636957868933678 24.43460221588612 0 0 0.6751270294189453 88.50718306750059 0.4772200286388397 1.980169504880905 0 0 0 0.4398480728268623 0.2639803513884544 0 0.3895042836666107 21.69863110780716 0.1906053572893143 0.2440539300441742 0.2433573231101036 0 0 0 0 0.550135925412178 0.1142564117908478 8.522423647344112 10.37322378903627 1.245156176388264 4.217344827950001 0.9894862323999405 0 0 4.759994737803936 0.4043184518814087 0.08665051311254501 0.2474958151578903 0.7829752117395401 0.9139106348156929 1.236668728291988 114.2171142250299 22.22277660667896 0 12.15413295477629 4.712883375585079 7.33854229003191 10.8933782055974 6.728295534849167 0 25.4568272382021 0.2809357494115829 4.117815494537354 2.705894231796265 0 0.1892775520682335 0.1125293374061584 0.7299403548240662 0 0 0 0 0 0.4553446173667908 0 0.5386383011937141 1906.414308071136 16.02347628772259 0 4.291219010949135 69.75877730548382 0.1621454060077667 1.009601622819901 1.409550562500954 3.751310750842094 1.036740213632584 23.096889346838 15.32871136069298 60.33444590866566 54.34499968588352 37.75036877393723 3.010312631726265 135.8455378115177 87.46659085154533 170.3385406285524 21.59093327820301 0.7959840297698975 2.165008410811424 0 0.1669424921274185 0 0 0 0 0.417039081454277 0 0 0 0.8609780669212341 0 0 0 0.1050145849585533 0 0 0.2307898998260498 1.685840725898743 0 1.943083465099335 1.325451254844666 29.77444417774677 0.7596859037876129 9.307946003973484 2.424185484647751 1.319391876459122 0 0 0.4089179039001465 0 0.3387313187122345 1.001834094524384 0 10.61026183515787 18.28431937843561 0.1017275974154472 0 0 0 0 0 1.081743709743023 0 2.574583984911442 6.10627906024456 0.2196514457464218 0.2061521857976913 4.437086775898933 22.5224971473217 1.299807757139206 1.193867161870003 1.023910611867905 0.3943741768598557 0 0 0.1236608400940895 0 0 114.0841241106391 0 0 0 0.1159127280116081 11.1886148005724 1.469111651182175 5.722935035824776 5.716811247169971 5.679063081741333 9.045926116406918 0.7010602504014969 4.312863305211067 0.5235714837908745 0 0 0 0 0 0 0 50.04893314838409 10.58791695535183 15.25269082188606 90.7628283649683 4.984385870397091 60.34301760792732 8.150071687996387 237.8622860684991 2.332229807972908 0 33.84915994852781 20.1170963793993 0.6176348775625229 38.94564796239138 5.877423390746117 26.39361436665058 0.7439412325620651 0 10.21653464436531 0.4764962792396545 0.5394546687602997
341.9138234853745 498.9149415493011 203.8537865355611 654.1689240932465 1227.709540680051 173.6313128769398 4910.676448874176 554.7767335772514 4504.607691034675 6219.691373378038 2907.154891513288 1615.27749606967 0 5483.821128472686 64.74940463900566 19.2152548879385 0.3212134763598442 0.8005792200565338 0.1472365409135818 1.756162904202938 1.709254384040833 0.7177029252052307 0.1483420729637146 0 0.4526015520095825 1.138148337602615 0 0.9250609874725342 0.1641262322664261 0 63.04691895842552 53.40957826375961 158.0535171180964 0 0 0.5417783707380295 116.8337401077151 2.649630039930344 3.571142315864563 0 1.663043916225433 3.483896233141422 2.497053414583206 1.744560413062572 0.134744793176651 0.5601525157690048 186.420284062624 10.9908603951335 1.370160385966301 3.580282375216484 3.215527467429638 1.798002451658249 0 2.086094811558723 3.23195019364357 5.861174769699574 38.35568511486053 106.6968402191997 17.50459475070238 59.81327991932631 2.838077552616596 1.864086791872978 1.337971851229668 107.7477244213223 2.892444275319576 1.772113539278507 3.338846974074841 6.296113379299641 17.49489567428827 11.59472224861383 396.6895810961723 39.18855413794518 0.2040534615516663 125.2211475074291 72.17255131900311 102.7554741948843 190.3237995579839 66.93628363311291 4.751142837107182 756.6900280788541 1.880358971655369 8.285722427070141 21.01536569744349 0.1286287307739258 5.277963489294052 2.052451878786087 11.56168995052576 0 1.395475640892982 0 0.65582574903965 0.792279452085495 6.835807040333748 1.832397848367691 5.475181169807911 4751.414708077908 46.40127751231194 0.8999649435281754 6.93879459798336 131.0927695333958 1.666575044393539 4.158414587378502 10.89101022481918 9.997346878051758 3.261372029781342 82.24156016111374 45.44813615083694 156.8175292909145 146.6606860160828 154.9139688014984 10.96560169756413 442.9802630841732 300.6281726956367 446.3608338087797 55.49809908121824 5.222788743674755 6.755565099418163 0 0.9972839280962944 0 0 0.3460204750299454 0 3.146762184798717 0.1208115071058273 0 0.2703623920679092 1.46298161894083 0.261236310005188 0.9955934584140778 0 0.2173632979393005 0 0.1238013803958893 1.915099173784256 2.182964578270912 0.8559571206569672 10.85764288157225 6.796739518642426 100.4220446273685 7.90090112388134 35.38220997154713 5.590825654566288 2.307157158851624 0.1600581109523773 0 0.479135125875473 0.6132589727640152 3.059926182031631 1.854098796844482 0 25.81737741827965 42.05016668140888 1.655744999647141 0.5082568675279617 0.2244406491518021 1.12882362306118 0.4365693405270576 0.4174631386995316 2.92624619603157 0.1666341423988342 8.981584705412388 10.03184344619513 0 3.566168129444122 13.65358628332615 77.88163128495216 1.190953016281128 3.171399272978306 3.877715460956097 1.02228494733572 0.4567523822188377 0 0.3648595958948135 0 0 326.0425164178014 2.709867924451828 0 0 0.4228172302246094 25.42582686245441 11.74674019217491 29.9560387134552 22.16126129776239 10.70310071110725 20.67272552847862 2.769987851381302 7.427233770489693 1.286654628813267 0 0 0 0.4985107406973839 0 0.1126191094517708 0 199.9320229440928 57.88006020337343 79.5156020745635 660.3558752164245 93.28033100068569 567.8261951431632 85.34828466922045 693.992020316422 40.0053972452879 6.886654354631901 241.4600826874375 47.11855833232403 2.945717364549637 103.519563600421 14.74842970818281 63.24605931341648 1.753839865326881 0.2424642294645309 22.15585912019014 13.80160469561815 0.9320107996463776
