0 3771.816857196391 1647.634477451444 1163.866669520736 611.5890183374286 222.7281116843224 1216.958930805326 402.5125624388456 34.9723574668169 1637.009735360742 218.11099588871 215.0373200774193 242.7155148983002 70.63088530302048 0.989753395318985 1.800626367330551 0 0 0 0.1411724537611008 0 0 0 0 0 0 0.1604877263307571 0 0 0 752.148933455348 16.0945697426796 11.57359249889851 0 0 1.062924414873123 22.50091618299484 0.6080137640237808 2.076730996370316 1.443729490041733 0.139322966337204 0.6075927391648293 0 1.73022535443306 0 0 16.63495190441608 1.640757896006107 0 0.9330075085163116 0.3221898600459099 0.2469923198223114 0 0.1352381855249405 1.060400605201721 2.343977510929108 91.90798466652632 1537.181594252586 3.374532453715801 4.300125613808632 0.7938221096992493 5.230062246322632 0 13.65764927864075 1.874353729188442 0.3871373012661934 0.6002550944685936 1.632688947021961 0.6664953976869583 0.6370007023215294 81.27484580874443 26.36154581606388 0.4210202693939209 25.00614162534475 40.52591810375452 3.446964092552662 7.173754937946796 2.446550816297531 1.404578305780888 186.5460129678249 0.9554082751274109 9.590420082211494 6.433816522359848 1.927958831191063 1.292035825550556 4.58310678601265 0.5859919711947441 2.704373627901077 1.196039170026779 1.198429137468338 0.3648063987493515 0.1998040080070496 0.470093160867691 0.2353700920939445 0 474.3213503658772 11.11166225373745 1.158842891454697 2.458170592784882 1520.597115725279 0.2735427618026733 0 0.6527873277664185 0 0.5491381883621216 6.351330533623695 0 2.407495319843292 4.079685971140862 2.419215470552444 0 7.817677810788155 4.61713595688343 5.80578975379467 1.878429144620895 0.2324556410312653 0 0 0 0 0 0 0 0 0 0 0 0 0 0 0 0.140763983130455 0.5183355808258057 0 0.1505727171897888 0.8683925867080688 0 0 0 1.386036813259125 5.366977095603943 2.285526491701603 0.1750066578388214 0.3547020852565765 0 0 0 0 1.116523623466492 0 0 0 0 0.2791039943695068 0 0.1768619418144226 0 0 0 0 0.120185874402523 0 0.2457896173000336 0 0 0.1290805786848068 3.02951380610466 0 0 0 0.2812215685844421 0 0 0 0 0 7.65184411406517 0.9693639874458313 0 0 0 1.873648762702942 0.6418381929397583 0.4871432781219482 1.299961447715759 0 3.335115566849709 0.754497230052948 0 0 0 0 0 0 0 0 0 1.007857471704483 0 4.731670901179314 64.57204610109329 8.194310806691647 66.44387655705214 10.56459882855415 840.3694446831942 49.83465577661991 2.161518923938274 11.59793957322836 2.73916494846344 0 4.459063246846199 0 1.875475287437439 0 0 2.28350156545639 0.5966172814369202 0.1532230973243713
3771.816857196391 0 1286.534770585597 828.9672679752111 4179.190760038793 610.3676670044661 4072.025784291327 775.6545480489731 3018.332288525999 506.2199926972389 2707.508462622762 10.90309409797192 965.2140883356333 1157.506948888302 2.94747494161129 1.788595467805862 0.999810591340065 0.4100833386182785 0 0 0 0.1244985610246658 0.1491904556751251 0 0 1.120968922972679 0.2276852577924728 0 0 0 2152.877413004637 102.1724504828453 15.95321954786777 0 0 0.4935091882944107 6.723368644714355 0.2960992306470871 3.676117829978466 0.259527176618576 0 1.004044532775879 0.2799197435379028 3.576095759868622 0 0.2105588465929031 96.13062492758036 5.308815412223339 0.3539422079920769 0 1.478751838207245 0 0.1537650227546692 0.5829448848962784 3.231245204806328 10.44395408034325 47.84259115159512 897.8870985507965 7.166380256414413 16.24405202269554 1.869801990687847 2.467540845274925 0 76.90270353108644 11.52251441031694 3.163591824471951 3.628594763576984 3.465172842144966 0.2421140521764755 1.078229680657387 20.32095985114574 3.487052381038666 0 35.82748777419329 65.28398142755032 28.31143879890442 39.60691315680742 9.32775940746069 3.381900571286678 484.0586587488651 0.8376412615180016 19.65217938274145 13.88953906297684 1.54592814296484 2.82205318659544 17.88135988265276 2.170876376330853 1.009270742535591 4.693015404045582 0.6874801218509674 1.478786900639534 0.9801982566714287 0.7426429241895676 0.5983160957694054 2.253417372703552 338.5630009621382 1.189078286290169 0 2.511590972542763 1266.766095131636 0.5355973243713379 0 0.4481687247753143 0.7129489183425903 0.5769621133804321 26.08706177771091 0.2065843194723129 8.803933173418045 6.357111141085625 6.813943684101105 0.5697266310453415 31.73992069065571 23.29308353364468 26.21371923387051 11.41184918582439 0.5240782499313354 1.836499452590942 0 0 0 0 0 0 0 0 0 0 0 0 0 0 0 0 0.1926089972257614 0 0.5594356656074524 0 0 0.1306536197662354 8.931572452187538 8.649799942970276 3.322253480553627 0.9734498560428619 0 0 0 0.1558177024126053 1.059466153383255 1.494107902050018 0 0 0.9399061799049377 7.940669909119606 0.1422554403543472 0 0.1884145140647888 0.1353182643651962 0.4181908965110779 0.855014443397522 0 0 0 1.903895497322083 0 0 0 13.65391255915165 1.575083553791046 1.054298058152199 0 0.2119055390357971 0.08255482465028763 0.8463664054870605 0 0 0 33.52661938965321 0 0 0.126868337392807 0 0.1936148405075073 3.656761556863785 1.318041145801544 3.873728334903717 2.057802706956863 7.130683079361916 0.6753435432910919 0 0.5718577578663826 0 0.1311440467834473 0 0.3327394723892212 0 0 0 10.04827345907688 5.043777823448181 0.8283169865608215 385.4628849178553 37.68360981345177 264.2178457528353 51.86098334938288 1113.634102523327 88.98795191943645 6.611169494688511 121.1433843970299 6.040984645485878 1.108486846089363 7.424691833555698 0 8.406943440437317 2.850156202912331 0 4.08241593837738 3.578898124396801 0.8078946322202682
1647.634477451444 1286.534770585597 0 55.79925610125065 329.3748879879713 74.03428323566914 170.7526862695813 3235.684665702283 357.1323876157403 35.85743154585361 4478.713605463505 5.338522419333458 38.45110290497541 991.3527997583151 14.7657400816679 20.45120969414711 5.313613124191761 1.214879900217056 0.6224303469061852 2.257226496934891 0.9402146637439728 0 0.1652144938707352 0.1240173801779747 0.5300759226083755 0.798130951821804 0.9446354657411575 0 1.580678015947342 0.3016194254159927 3118.830883994699 483.446107596159 50.35756018012762 0.3039571344852448 0.1576147973537445 3.074428170919418 17.55439268052578 2.036606058478355 3.54652027785778 3.339676804840565 1.023967877030373 5.995559565722942 4.513918548822403 18.48578859120607 0.9047161787748337 3.318135887384415 143.099042750895 10.96977449208498 2.315795309841633 10.66933676600456 3.081958808004856 0.689156249165535 0 1.338558658957481 4.267763085663319 15.69185068458319 65.45664528757334 1473.972897484899 11.14280902594328 34.41772771626711 21.73743367940187 39.59585626423359 0.3194527328014374 210.5892608836293 19.39002777636051 6.200964502990246 9.096480444073677 15.1312247812748 10.74420272558928 10.6311204507947 19.99676942825317 5.186201140284538 0.1264977008104324 69.5778536349535 107.0871624350548 46.77944647520781 87.77886611223221 52.4584054350853 53.1446233689785 3631.194035813212 12.76383408159018 294.4707371816039 20.99916854500771 1.964566774666309 5.52271681278944 26.57474755495787 11.41131473332644 0.6254149749875069 9.149038963019848 0.1936683803796768 2.429187096655369 2.054194375872612 14.18500471115112 4.950258769094944 13.92927483469248 65.07999911904335 6.304657742381096 0 1.906646132469177 694.4938272982836 2.356668204069138 0 0 0.5453964471817017 0 18.59981222450733 0.3344730734825134 9.717316642403603 4.699481397867203 1.923960208892822 0.2062939405441284 33.2228267416358 17.57600413262844 22.938930362463 7.558114141225815 0.7160250544548035 1.40145942568779 0.1383935511112213 0 0 0 0 0 0 0 0 0 1.184886813163757 0.1192773282527924 0.5744014233350754 0 0 0 0 0 0.4001858234405518 0 0.4835599362850189 0 8.007103830575943 5.210228353738785 8.993470229208469 7.046935319900513 0.6197712644934654 0 0 1.49261762201786 0 1.425092354416847 0.2319438904523849 0.1632094383239746 0.9076374471187592 7.208819732069969 0.1537780910730362 0 0.5434417277574539 0.152417004108429 0.3373949229717255 0.4946773946285248 0 0.4001279771327972 1.105104207992554 2.472355484962463 0 0.3859833031892776 0.163716658949852 9.245872303843498 0.903339684009552 0.6965026706457138 0 0.2383870556950569 0.6910141706466675 0.2805905193090439 0.3718246594071388 0 0.6603713929653168 33.34456383436918 0 0.1865757256746292 0.6133976504206657 1.076419219374657 1.903800398111343 5.600694112479687 4.77183735370636 3.075729593634605 0.2054274827241898 12.67283616960049 0.7704333066940308 1.011141300201416 0 0 0.1349659860134125 0 0.5702572166919708 0.2163758724927902 0.1223912015557289 0 9.539107620716095 1.00429330766201 5.426295801997185 372.786715850234 58.18339090794325 372.6639865785837 83.21593879908323 467.1977895721793 105.0473092794418 10.10480919480324 147.1369802504778 7.113998524844646 1.817423701286316 9.983276531100273 0.4460301995277405 11.36898213624954 2.365518882870674 0 3.124328762292862 6.156457774341106 1.456579819321632
1163.866669520736 828.9672679752111 55.79925610125065 0 292.90804643929 531.6637514531612 2270.423462256789 17.86430409550667 129.1952048614621 3057.450628310442 7.715654477477074 611.6407999396324 1746.782804563642 108.2367690950632 0.2366666197776794 0.2400333732366562 0 0 0 0 0 0 0 0 0 0 0 0 0 0 81.51958449184895 3.505672574043274 0.2177560478448868 0 0 0 1.068770080804825 0 1.196914434432983 0 0 0 0 0 0 0 3.846629291772842 0.109724186360836 0 0 0 0 0 0 0.1068563163280487 0.5352611243724823 2.600924506783485 47.13239035010338 1.179980039596558 1.587699070572853 0 0 0 4.19735024869442 1.380221500992775 0.4638893827795982 0.2255558148026466 0 0 0 10.04704628884792 0 0 1.414244398474693 2.266981199383736 0.8972382545471191 1.930490702390671 1.022634252905846 0 0.4575650170445442 0 0 0.8031227886676788 0 0.422230139374733 0.9291652217507362 0.2472930625081062 0.5221334099769592 0.2028360664844513 0 0.1372911632061005 0 0 0 0 173.1043552011251 0 0 0.5618290305137634 117.581050157547 0.4195094406604767 0 0.4812719076871872 0 0 5.435304999351501 0.5126993060112 1.509610891342163 15.51318433880806 4.341354876756668 0 7.65806944668293 2.320444509387016 5.405809879302979 0.8691195696592331 0 0 0 0 0 0 0 0 0 0 0 0 0 0 0 0 0 0 0 0 0 0 0 0 0.1952152103185654 0 0 0 0 0 0 0 0.5457682609558105 0 0 0 0 0.1477348506450653 0 0 0 0 0 0 0 0 0.3458899259567261 0 0 0 0 2.457594960927963 0.5126693248748779 0 0 0 0 0 0 0 0 1.738480478525162 0 0 0 0 0 1.200271531939507 0 0.1883269399404526 0 1.073564916849136 0 0 0 0 0 0 0 0.124022476375103 0 0 1.683372914791107 0.9098656177520752 0 17.59980529546738 1.565286055207253 13.52304155379534 2.166519552469254 162.3232220485806 7.043487653136253 0.2780580967664719 8.466050744056702 1.163645625114441 0 0.8379940390586853 0 0.4331030249595642 0.2158269435167313 0 0.4883017539978027 0 0
611.5890183374286 4179.190760038793 329.3748879879713 292.90804643929 0 36.72153040766716 1633.046463340521 42.84975299239159 8436.425897479057 297.9748335033655 3162.768766693771 6.877409294247627 700.5262540504336 1434.219378307462 3.401382453739643 0.2812281548976898 0.08855905383825302 0.6373050957918167 0.1350618600845337 0.1833508163690567 0 0 0 0 0 0.2773771584033966 0.2288130670785904 0.4314014166593552 0.3077503740787506 0 469.8000661805272 76.83217704296112 44.03529334068298 0 0 0.7695289850234985 16.14817795902491 0.9913962855935097 5.674820065498352 2.024305790662766 0 0.1845307499170303 0.1268245726823807 0.238655760884285 0 0.1487488746643066 74.38224639743567 2.617008812725544 0 0.1198814958333969 1.560957461595535 0 0 0.3538176715373993 2.889109455049038 10.17285442352295 20.72824628651142 169.6439789757133 4.911823831498623 18.68587248772383 0.4699821621179581 4.486700728535652 0 64.02434794604778 9.906497873365879 3.026107996702194 4.185445182025433 3.859785586595535 0.6718209236860275 0.2650566026568413 25.72688628733158 3.628033638000488 0 23.42212469875813 43.72848539054394 26.68147949129343 39.65409097075462 4.351152494549751 1.402308359742165 216.4795555993915 0.4352803900837898 2.218314290046692 8.469192288815975 1.55323576182127 2.688643880188465 15.6667672097683 2.361689567565918 0.8078699037432671 4.910963714122772 0.2400106489658356 1.067369796335697 0.753952331840992 0.1499120146036148 0.7947026565670967 1.122590146958828 59.72550065815449 1.269613675773144 0.7961123585700989 2.111425012350082 79.11358605325222 1.304169774055481 0.7886728644371033 1.813483729958534 0 0 37.10265995562077 1.394569158554077 16.17969560623169 11.16496822237968 10.37513169646263 1.249688476324081 36.30095551908016 38.31701059639454 34.93442951142788 13.92420634627342 3.359763413667679 1.977473139762878 0 0.7242326438426971 0 0 0 0 0 0 0 0.2389914691448212 1.153132796287537 0 0 0 0.1760430186986923 0 0 1.718207031488419 0.2004321366548538 0 0 0 9.86221906542778 14.02787263691425 9.19668436050415 2.50139419734478 0 0 0 0 0 0 0 0 0.9503101110458374 4.80963534116745 0.6242701858282089 0 0 0 0 0 0 0.1891902536153793 0.7102875113487244 1.817310154438019 0 1.640691637992859 0.1141500845551491 14.63587373495102 0.6370334625244141 0.5266597270965576 0.3733998835086823 0 0.2405889928340912 0.1654866188764572 0 0 0.3814699798822403 74.49914494156837 0 0 0.4113158509135246 0 3.446436807513237 3.340399980545044 5.453247427940369 5.7874705940485 2.501849740743637 5.686848863959312 0.9580617249011993 2.353652969002724 0.3622706532478333 0 0 0 0.4313768520951271 0 0 0 16.56226126849651 4.513716712594032 4.384681433439255 310.1021388024092 42.23108157515526 223.6632251664996 57.75615268945694 292.1568819135427 50.39429950714111 4.467982403934002 95.57092569023371 9.887726195156574 2.126723013818264 7.163952901959419 2.075532302260399 5.563920512795448 2.701363146305084 0 3.860624372959137 4.312740162014961 0.2732939124107361
222.7281116843224 610.3676670044661 74.03428323566914 531.6637514531612 36.72153040766716 0 333.5797218233347 9.767795413732529 48.8762526512146 999.339986667037 17.95504881441593 440.0837208628654 331.0812826603651 49.8010126799345 0.4598250985145569 1.767709940671921 0.2896383702754974 0 0 0 0 3.028885990381241 0 0 0 0 0 0 0 0 59.35172942280769 0.4806735664606094 30.13387157022953 0 0 1.818859398365021 44.28408035635948 1.911959230899811 7.313125401735306 2.976353645324707 0 0 0 1.139223575592041 0 0.4190665781497955 1.340594865381718 0.5276560261845589 0 0 0.6387348920106888 8.440005108714104 1.019308850169182 0 0 3.404498130083084 54.81194394826889 70.60689754039049 0.1759274005889893 0.408568412065506 3.683614760637283 9.616991966962814 0.6740109324455261 0.9394215792417526 0.7035733610391617 0.2287134677171707 0.2609277740120888 0.6636284589767456 0.1459929794073105 0 211.9593636840582 255.7829254567623 14.55163511633873 0.4050788432359695 1.324454069137573 1.017249278724194 0 0.3716583997011185 0.2020576447248459 14.14875356853008 0.9296558201313019 9.141735896468163 0.3368138819932938 13.58504267036915 0.1012145951390266 1.284518867731094 0.5310090035200119 13.33317838609219 5.360952690243721 15.1483216881752 0.4204156547784805 2.426990404725075 0 0.365792915225029 0.4528799653053284 428.9375973343849 59.80360333621502 12.29595756530762 6.608305022120476 724.1741998493671 0 0 0 0 0 0.1850750148296356 0 0.1379547268152237 0.9882520437240601 0 0 1.719044849276543 1.000973418354988 1.311972752213478 1.031893953680992 1.415314167737961 0.2784088253974915 0.3504963517189026 0.4961102306842804 0 0 0 0 0 0 0 0.7878192067146301 0.6060509383678436 0 0 0 0.1724725514650345 0.2089419364929199 0 0 0.2790432274341583 0 0.4292476177215576 0.3101130127906799 1.558140128850937 2.537615686655045 0 5.358666241168976 0 0 0 0 0 0 0 0 0 0.2063644975423813 0 0 0 0.6205554008483887 0 0 0 0 0 0.402486115694046 0 0 0.3253123760223389 0.7570678442716599 0 0 0 0 0 0 0 0 0 5.004730969667435 1.038527131080627 0 0 0 0 0.8834785223007202 0 0 0 1.40686446428299 0 0.1112465634942055 0 0 0 0 0.1653083264827728 0 0 0 1.238332778215408 4.227678522467613 7.637662827968597 9.628646656870842 0.7183088287711143 4.75562097877264 1.218370236456394 208.4576226621866 1.675305932760239 1.253580257296562 2.881112024188042 1.238908648490906 0.2147312760353088 0.9878785759210587 0.652906060218811 4.104499220848083 0.3106395304203033 0 0.2849986851215363 0 0
1216.958930805326 4072.025784291327 170.7526862695813 2270.423462256789 1633.046463340521 333.5797218233347 0 11.03487736731768 3460.221369601786 2387.324975281954 451.7676999419928 184.4033024162054 5471.108769930899 946.6940601319075 10.04305327683687 8.435339748859406 0.5645653232932091 0.6567234843969345 0 0.300157368183136 0 0 0 0 0 0.1073216646909714 0 0.1641368120908737 1.192156881093979 0.4025946483016014 566.6440130621195 81.94181172549725 33.61227777600288 0.7421912997961044 0 3.985794231295586 60.28301741182804 2.134666681289673 4.996611028909683 5.469561100006104 0 0.5019530355930328 0.2936165779829025 6.816205658018589 0 0 125.1904015317559 3.716477483510971 0.4428706765174866 0.2859575003385544 1.833864107728004 0.3836606293916702 0 1.027324914932251 3.403483636677265 12.37753445655107 25.66324492543936 245.5838180184364 3.520306028425694 21.98789691179991 1.055066391825676 4.767036646604538 0.6537480056285858 75.88417968153954 11.86859982460737 5.291834838688374 4.533692002296448 4.83359507471323 0.1511462330818176 0 129.223700940609 10.36584895849228 0.5105612725019455 33.97684280574322 63.13113097846508 46.8188781067729 66.6246457695961 25.80982053279877 9.936731286346912 21.30360742658377 0.7193683981895447 5.455537378787994 12.78176508843899 1.378294192254543 3.361855149269104 17.2629861086607 2.913215689361095 1.156768642365932 5.005542598664761 0.4223752021789551 0.8474562838673592 1.692410938441753 1.708894155919552 1.404278665781021 2.602802000939846 643.5688093751669 4.188545092940331 0 7.66290594637394 176.8354539051652 2.764667809009552 1.085451364517212 10.55227355659008 1.034217402338982 0.5735162645578384 136.6076293289661 0 58.64633636176586 69.92432472109795 34.05529077351093 4.3087188154459 185.6217887550592 146.5078491866589 168.4495921134949 58.15602068603039 4.951326824724674 1.284406989812851 0 0 0 0 0 0 0 0.2525759637355804 0.150275394320488 0 1.990312546491623 0 0.1648073941469193 0 0 0 0 1.058739855885506 0.8126088380813599 0 0.3067556023597717 0.9586715698242188 45.51039111614227 25.49765235185623 24.14858643710613 4.644747614860535 0.9578346908092499 0 0 0.1919301897287369 3.62778913974762 0.2235096544027328 0.2095026522874832 0 8.108193188905716 28.60358698666096 1.39447758346796 0 0 0 0.7813233733177185 0.2530810832977295 1.752419084310532 0.3725989907979965 1.504955351352692 11.56519469618797 0 1.491413116455078 0 60.31663805246353 5.261399671435356 3.280922025442123 1.231824204325676 0.286499947309494 1.327633619308472 2.616475231945515 0.204769529402256 0.4953720718622208 1.420300930738449 228.6610090583563 0 0 0.2683183699846268 0.1182447671890259 12.6549229323864 9.675967887043953 12.1489060819149 11.67940121889114 11.20391520857811 21.96819016337395 8.562519192695618 6.267394095659256 1.746408194303513 0 0.1092359870672226 0.1068123057484627 0.3785607367753983 0.2127323672175407 0 0 51.2338914424181 11.2030346095562 11.92628920078278 563.2347129061818 64.40800309926271 343.4691840782762 92.47165129333735 550.9444021806121 74.87002297490835 12.92764300853014 230.1903574094176 23.88011673092842 3.970969200134277 43.99337856471539 2.609647989273071 32.43205599486828 4.798470318317413 0.5493928045034409 11.54518155753613 5.436607733368874 1.421569406986237
402.5125624388456 775.6545480489731 3235.684665702283 17.86430409550667 42.84975299239159 9.767795413732529 11.03487736731768 0 126.3385975211859 8.672450259327888 1941.613926447928 17.18763461709023 21.78138633072376 626.8770526126027 89.98864951729774 88.68634703755379 60.41586256027222 14.41865285485983 7.746581636369228 30.43269521743059 7.81075744330883 0 2.693701505661011 0.7637491896748543 3.897560723125935 4.815987318754196 1.914577566087246 1.308074191212654 4.431779250502586 1.864605329930782 1430.863488174975 2544.163955919445 58.40175134688616 2.685066752135754 1.211336843669415 13.75108210742474 46.59992809593678 8.818413160741329 13.37811537086964 10.28110662102699 2.703318171203136 26.7199482396245 34.29000670462847 131.0148185193539 5.344624876976013 39.07562571018934 486.8465520516038 38.26775848865509 13.93869147449732 82.24770725518465 11.62309340387583 8.885607197880745 2.720855906605721 6.515819989144802 5.09504222869873 23.46412461996078 41.63718092441559 377.5879928693175 10.41548649221659 67.47907293587923 340.920128300786 134.0242638140917 2.315769150853157 753.4508338645101 20.78847751021385 13.54626066982746 22.5880749002099 48.97878266125917 78.10546777397394 82.7291968986392 57.51163044571877 10.03365620970726 0.7264945805072784 67.86897977441549 127.3349345326424 230.7825713977218 528.2969249933958 1152.680031105876 1461.223714992404 3567.012070387602 354.0995561033487 4606.594555966556 27.18296645581722 2.992519080638885 10.27392844855785 36.23360293358564 100.1484178677201 1.018487706780434 15.63202945888042 4.507252529263496 8.714973829686642 13.18951427936554 56.7378446161747 27.55398672819138 67.00534404814243 43.84475062787533 9.806599795818329 0 7.79718117415905 95.50189347565174 0.4780533015727997 0 0 2.617867529392242 0.7792186439037323 16.85096327960491 0 7.152067869901657 7.283854961395264 3.017210423946381 0.9732387065887451 22.57237203419209 19.48977725207806 23.85552081465721 6.91444593667984 4.791920721530914 1.081601105630398 0 1.272346705198288 0.3510511368513107 0 0 0 0.5493111610412598 0 0 1.592631816864014 2.349528163671494 0 0.3647424280643463 0.2532144784927368 0.3161776214838028 0.6685206741094589 1.122615233063698 0.1373674720525742 0.1335977166891098 0 0.1318872421979904 1.060580492019653 20.9696454629302 15.44205722212791 5.345994852483273 11.16456827521324 3.357783004641533 0 0.3775008544325829 2.557516746222973 0 0.8011534363031387 0.1399589329957962 0 1.224279880523682 9.85111466050148 0.299849271774292 1.63140893727541 2.930817931890488 1.844280295073986 2.189699791371822 0 0 0.2104508727788925 0 1.982452057301998 0 0.1249553635716438 0.6067724078893661 14.87164688110352 4.358118116855621 0.911686971783638 0.1195417046546936 0.430373802781105 1.352751962840557 1.38055258244276 0.7580482363700867 0.8430654108524323 4.599987924098969 66.09607841819525 0.9839904606342316 0.6877365931868553 0.9132793694734573 3.206189036369324 2.712536156177521 10.28877785801888 9.205507531762123 3.011125922203064 0 5.439003854990005 0.8313856422901154 2.006448522210121 0.8548441007733345 0.09527596086263657 0.1397492736577988 0 1.045090407133102 1.443739973008633 0.7464260905981064 0.6716063544154167 3.781544029712677 6.871432736515999 14.95964013040066 871.4974321648479 185.8037945404649 947.4084989801049 303.6688609421253 349.0169104412198 113.7539980039001 20.1126394867897 434.5981408506632 25.72721741348505 0.7366506159305573 17.07465951144695 3.150733232498169 13.64010301232338 2.323304533958435 0 4.643624395132065 20.45712252706289 3.112545222043991
34.9723574668169 3018.332288525999 357.1323876157403 129.1952048614621 8436.425897479057 48.8762526512146 3460.221369601786 126.3385975211859 0 195.350274965167 2036.736211277544 44.61636696755886 1230.16483168304 1437.45757240802 22.25622475147247 13.494315572083 1.352997064590454 1.071116268634796 0 0.8666707128286362 0.4818591326475143 0 0.1656210273504257 0 0.5574589967727661 1.781455479562283 0.5504479110240936 0.6909046173095703 0.9891711920499802 0.1398125290870667 109.8515831828117 41.40540066361427 312.593268327415 0 0 6.894495606422424 131.9227649718523 0.6920486390590668 10.63554014265537 5.027285799384117 0.2338604778051376 1.190039895474911 0.1617589741945267 14.76938565820456 0 0 127.538569547236 1.333093591034412 0.3764957040548325 0.8325089067220688 0.9634316712617874 0.4412608742713928 1.597422242164612 1.726000763475895 1.226437978446484 4.953352607786655 11.21870425343513 57.31966392695904 1.663850322365761 16.15877609699965 1.381049826741219 119.4397879689932 0 33.8544530570507 3.976372577250004 1.309172928333282 1.654421985149384 2.746020928025246 1.271674290299416 0.7977469563484192 440.6102609932423 14.42789779603481 0.2936195135116577 16.52688878029585 32.53400100022554 55.66106610745192 81.39839224517345 73.07196332514286 20.51894149184227 420.7226337194443 0.6003076359629631 6.363666713237762 5.600384503602982 1.686895653605461 1.920886218547821 8.410274215042591 3.098235957324505 0.4106118679046631 2.412787817418575 0.8963898420333862 1.494309328496456 1.235391713678837 2.486484348773956 0.2650233209133148 3.817176558077335 459.5649421364069 3.915256500244141 0 5.629856035113335 22.62287345528603 6.956453159451485 2.954756617546082 4.156392648816109 3.435051783919334 1.007251366972923 158.9101104438305 1.032236546278 73.61996367573738 55.3251728117466 36.34341982007027 9.327193737030029 220.5184356719255 156.3029846698046 176.3480075448751 61.51559343934059 7.190782032907009 6.824212461709976 0.1378989517688751 3.119644224643707 0 0 0 0 0 0 0 0 1.160335518419743 0.2020585983991623 0.458644688129425 0 0 0 0 8.446714654564857 0.1666890382766724 0 0 0 52.46827390044928 37.6505351960659 31.45775526016951 7.91607042402029 0.1083072349429131 0 0 0.5908099412918091 0.8026207685470581 3.280972599983215 0 0 7.96949752420187 26.87263382971287 0.8395236432552338 0 0 0 0 0.4025980830192566 0.4013271629810333 0.206491231918335 1.457340627908707 8.457393601536751 0 0.2497471421957016 0 56.96243216097355 10.27975229918957 3.859094426035881 1.705852970480919 0.5151720643043518 1.622249081730843 1.469860464334488 0.9131655991077423 0 1.367080122232437 255.8006571829319 3.283149749040604 0.6829780042171478 0.1841356605291367 0.3448429703712463 15.16096395254135 6.550466477870941 17.5039254128933 12.96488475799561 10.53154960274696 35.9653100669384 7.539828509092331 12.04324005544186 0.7424528375267982 0.3253093957901001 0 0 0.3873338103294373 0.1085418984293938 0 0.9817622303962708 67.20712712407112 9.619797930121422 14.6935441121459 682.2629698887467 80.29255448281765 299.2433087974787 118.0654787346721 208.3678595796227 50.61372004449368 8.402206897735596 291.7502181455493 36.62788265198469 8.29432712495327 51.88422298431396 5.824369519948959 40.66486488282681 8.3609659075737 0.2469617128372192 18.86696498095989 9.271819368004799 0.1994931101799011
1637.009735360742 506.2199926972389 35.85743154585361 3057.450628310442 297.9748335033655 999.339986667037 2387.324975281954 8.672450259327888 195.350274965167 0 25.46040195226669 2829.228240758181 7591.089533567429 229.9043475985527 1.138649240136147 0.2944707572460175 0 0 0 0 0 0 0 0 0 0 0 0 0 0 45.74134343862534 2.524714902043343 7.03183114528656 0 0 0 33.09691159427166 0 2.085373669862747 1.285768151283264 0 0 0 0.6576836779713631 0 0 6.890721373260021 0.108817383646965 0 0 0 0.1644193232059479 0 0 0 0.1976829767227173 7.538099184632301 31.79500943422318 0.5216093361377716 0.4596308097243309 0.1530614644289017 0 0 1.693702220916748 0.3653210699558258 0.210984468460083 0.171574130654335 0.3150302544236183 0 0 268.5199132710695 7.640080735087395 0.1583536863327026 0.4535147696733475 1.760237038135529 1.004040956497192 2.360249206423759 4.25175216794014 0.252124547958374 2.424162402749062 0 0 0.4822414368391037 0.09966782480478287 0 0.2145520374178886 0 0.3227175325155258 0.324419766664505 0 0.1049295216798782 0 0 0 0.4527860283851624 810.3299786001444 2.330813974142075 0 0.6703299880027771 426.3617355674505 2.909213453531265 0.5099407285451889 15.06839592754841 15.71044266223907 0.2988929226994514 48.72388373315334 0.9583869874477386 19.10558454692364 70.95005609095097 21.42677921056747 2.27631813287735 73.25174778699875 44.06847457587719 66.17447976768017 10.41124367713928 0.3148599565029144 0.817551463842392 0 0 0 0 0 0 0 0 0 0 0 0 0 0 0 0.3850927948951721 0 0.7878079116344452 0 0 0 0 6.093282669782639 1.184595987200737 2.649991601705551 1.035679772496223 0 0 0 0 0 0 0 0 2.186237707734108 5.813059642910957 0.2773459926247597 0 0 0 0 0 0.8382199704647064 0 0.1523130685091019 3.942523464560509 0 0.1525508165359497 0 6.119782119989395 1.843986064195633 0.6540500372648239 0.1316640824079514 0 0 0.6074346303939819 0 0 0 32.36372362077236 0.630301833152771 0 0 0 0.9168249070644379 0.424591988325119 1.33596408367157 3.126679226756096 2.091744855046272 6.728044465184212 4.409947708249092 0.5509684011340141 0 0 0 0 0 0 0 0 12.91467067599297 4.043471336364746 1.925700634717941 48.47772705554962 1.076796561479568 15.35120360553265 4.281984239816666 357.9869188964367 3.070293486118317 0.1410090923309326 20.73512000590563 8.860471308231354 0.4750097095966339 10.2054436057806 0 10.34712383151054 0.8959550857543945 0.2788163423538208 3.759063929319382 0 0
218.11099588871 2707.508462622762 4478.713605463505 7.715654477477074 3162.768766693771 17.95504881441593 451.7676999419928 1941.613926447928 2036.736211277544 25.46040195226669 0 37.55577546358109 763.543673157692 3600.257628709078 35.55215971171856 23.89827258884907 0.7481443881988525 0.9109127223491669 0.2411593198776245 0.4733840152621269 0.1581167131662369 0 0 0.266380101442337 0.5025624185800552 1.432796865701675 0.9027882665395737 0.1248737424612045 0 0.1002301573753357 307.6159318760037 107.2584189325571 96.20989525318146 0.1472910046577454 0 9.595220558345318 141.7801122814417 3.24614904820919 17.1513427644968 9.421413257718086 0.2860780954360962 2.623620629310608 2.071057304739952 26.82553591579199 0.1352189928293228 0.5491185486316681 183.2551250532269 3.994562640786171 0.7644942328333855 1.321123391389847 3.323248416185379 0.7150982767343521 0.5789430439472198 0.9759830832481384 1.903846614062786 8.1295051202178 14.35952611267567 96.89888464659452 2.994777180254459 21.01271379739046 0.6793288439512253 35.67733609676361 0.8273727297782898 63.45313663780689 6.42601352930069 2.781371332705021 2.314736314117908 5.05748725682497 2.766829863190651 8.433922380208969 284.1673071831465 14.03914195299149 0 17.31320948153734 41.01405667513609 81.68144407868385 121.5439692437649 93.8954605832696 50.4102720245719 2955.475386045873 1.620160982012749 22.70862556248903 4.604060649871826 0.7393014803528786 1.651145979762077 10.23084751516581 3.042421944439411 0.6408282592892647 4.136062808334827 0.2827926874160767 1.987392783164978 2.116667054593563 6.267393119633198 3.517190903425217 5.557898782193661 153.5274172127247 4.681184232234955 0 5.949730947613716 37.09870567917824 6.184319317340851 0.7900189161300659 1.943232879042625 0.8563123941421509 0 53.53308127820492 0.1594889461994171 22.37628845870495 16.42107148468494 13.14646005630493 3.965586453676224 72.9189231544733 57.90187664330006 62.22678428888321 22.74500645697117 4.481118023395538 2.101849466562271 0.1337944120168686 0.1583708226680756 0 0 0 0 0 0 0.2543964982032776 0.4856662452220917 0.1183207929134369 0 0 0 0 0 0 2.939913541078568 2.698942333459854 0 0.1910083889961243 0.1397933214902878 26.36068421602249 36.28667081147432 16.60633945465088 1.123754382133484 1.986478291451931 0 0 0.3304602801799774 0 2.281098306179047 0.2819434106349945 0 6.582198426127434 14.61291538178921 0.5040087699890137 0.4635330140590668 0.2592765092849731 0 0.3602838814258575 0 0 0.09193047136068344 0 4.888580471277237 0 1.038125857710838 0 22.45442356914282 3.878012835979462 2.650472193956375 0.1291447728872299 0.09137728065252304 0.4618201702833176 0.4452399238944054 0.1091910004615784 0.3575732409954071 0.8387107402086258 109.0671566873789 1.645805299282074 0.4279966056346893 0 1.131749920547009 7.279078394174576 7.441992834210396 6.208700522780418 6.188030660152435 2.809730410575867 9.340785905718803 1.852489501237869 1.747724562883377 0.5128777250647545 0.09125138819217682 0.2048649415373802 0 0.7609670981764793 0.9017712622880936 0 0.1595365703105927 22.47560426592827 4.121342673897743 7.508618503808975 790.0303919687867 97.10186666995287 390.0341167002916 151.1570997461677 236.9689742028713 58.18198983371258 10.94150406122208 317.3889243528247 15.70603106915951 2.106389731168747 27.52225923538208 3.812525540590286 20.2849625647068 3.370173200964928 0 8.462178081274033 12.26392478495836 1.362675219774246
215.0373200774193 10.90309409797192 5.338522419333458 611.6407999396324 6.877409294247627 440.0837208628654 184.4033024162054 17.18763461709023 44.61636696755886 2829.228240758181 37.55577546358109 0 1035.959020540118 109.2791391611099 1.722709521651268 5.926087826490402 0.1941638439893723 0.3466103971004486 0 0.1170492023229599 0 0.2079625725746155 0 0 0.1367229372262955 0 0 0 0.3601752072572708 0 12.60016565024853 1.827848851680756 20.32305423915386 0 0 5.728975236415863 298.7710265517235 2.300278410315514 27.83110649883747 20.57098729908466 0 0.193353682756424 0 5.69215215742588 0 0 12.20129842311144 0 0 0.4800429195165634 0 0.4699639976024628 2.299178466200829 0.9170756638050079 0 0.4798650741577148 2.374428443610668 16.08438138663769 0 0.3810153752565384 3.072544813156128 2.149471580982208 2.867450997233391 3.860259220004082 0.1068269982933998 0 0 0.2402357831597328 0.1811506301164627 1.047084197402 487.7845026254654 54.05520337820053 1.975538164377213 1.090607285499573 2.021914854645729 3.079702369868755 6.621591500937939 10.7283570766449 0.5173322111368179 11.43175835907459 0.3080930411815643 8.620026722550392 0.1203693524003029 0.8967249691486359 0.1576358526945114 0.4279463142156601 0 1.303416579961777 0.5789316296577454 2.541167363524437 0.1223873198032379 0.6064554303884506 1.311071172356606 0.135468602180481 0.1713406592607498 2603.832086950541 14.38604226708412 0.9364618062973022 5.197538077831268 167.2659867554903 5.671533524990082 0.1397195905447006 4.092993900179863 2.9844671189785 1.333500593900681 87.92641741037369 0.8182302266359329 42.22729418426752 24.13691106438637 15.85126635432243 7.533881828188896 132.4743132144213 99.8465831130743 143.2284770607948 40.72411414980888 2.067102909088135 1.73778972029686 0 0.1382473707199097 0 0 0.3231967091560364 0 0 0.4862376749515533 0 0 0.3676888793706894 0.1624434143304825 0 0 0 0.3768130242824554 0 4.078913867473602 0 0 0.1676462292671204 0 29.22268775105476 9.131607785820961 11.33201156556606 3.303833737969398 0.2639407217502594 0 0 0.1803930103778839 0 0.9561735391616821 0.3749005198478699 0 4.029068127274513 14.33367674052715 1.246634177863598 0 0.3552063405513763 0 0 0.6919736564159393 0.4823285341262817 0.3846996426582336 0.560036838054657 6.605597525835037 0 0 1.62544047832489 21.59726268053055 2.691085830330849 2.028591275215149 0.464837834239006 0.2053351625800133 0.5747437328100204 0.8429437279701233 0 0.1289963722229004 0.6453758180141449 130.8869416117668 2.088062077760696 0 0 0 7.025756329298019 2.24259677529335 5.102134436368942 4.739068552851677 7.415668144822121 19.3079890832305 2.462941259145737 3.580656796693802 0.3513520807027817 0 0 0 0.1590039134025574 0.4521529674530029 0 0 42.19733905792236 11.04019702970982 5.739022821187973 109.7875728905201 8.474210664629936 20.09884089976549 8.661829568445683 175.1611262112856 4.045368358492851 0.1390381753444672 40.61702465265989 15.09963195025921 1.255802914500237 25.43397033959627 2.251553788781166 24.18125837296247 2.590140283107758 0.1613020896911621 14.63836893439293 0.4869246631860733 0
242.7155148983002 965.2140883356333 38.45110290497541 1746.782804563642 700.5262540504336 331.0812826603651 5471.108769930899 21.78138633072376 1230.16483168304 7591.089533567429 763.543673157692 1035.959020540118 0 2832.82370108366 43.2527197226882 38.05356557667255 0.6917664408683777 0.4064972996711731 0.2088060826063156 0 0.6403507590293884 0 0.2551270127296448 0.2186854481697083 1.310709878802299 1.567729845643044 0.1894493848085403 1.136386379599571 1.796150386333466 0 56.26754687726498 28.07704359292984 193.0707787871361 0 0.1748744249343872 15.68943324685097 247.0882727503777 15.14406143128872 74.77219159901142 83.83363531529903 1.409938678145409 2.213004574179649 0.7395455837249756 36.28567063808441 0.1274949759244919 1.058346256613731 108.662078730762 0.8952817618846893 0.1217651143670082 1.047904118895531 1.28967959433794 1.093281954526901 4.886030077934265 1.929354637861252 0.7638388425111771 4.036169789731503 9.447293348610401 45.6560590416193 1.056990876793861 7.870105534791946 5.09261342138052 6.335315987467766 2.992557018995285 27.60237742960453 2.147460103034973 2.245759069919586 1.320211991667747 1.778173856437206 2.018736183643341 4.880090415477753 395.7662076801062 37.33230873942375 0.9163335710763931 7.625293493270874 16.77142806351185 45.70873211324215 84.58180402219296 109.5330193266273 22.45180094242096 121.5667802616954 2.866705067455769 7.018196500837803 2.925111621618271 0.7335389256477356 0.7852578237652779 4.663250274956226 2.927563674747944 1.407091602683067 2.372736543416977 1.315483331680298 1.086724661290646 2.59011809527874 5.654601968824863 3.242519661784172 6.217667803168297 2801.127539977431 13.52229660749435 0.7958866506814957 6.548842787742615 116.2494678944349 8.645534515380859 3.248087823390961 6.347707435488701 6.649224579334259 2.978604510426521 170.4959813728929 1.722414433956146 75.40919737517834 158.5290948003531 46.43215656280518 10.15688607096672 236.5225627869368 202.6705410629511 234.2290789037943 62.40651726722717 8.230146780610085 4.68782114982605 0 0.3833178281784058 0 0 0.2900192141532898 0 0.1943241059780121 0.1861960589885712 0 0.1657805293798447 1.639101549983025 0.3337664008140564 0 0 0.1228945478796959 0 0 1.527041882276535 1.327374249696732 0 0.1637141555547714 0.4842394590377808 62.20326675474644 30.80622962117195 20.70825620740652 7.615010961890221 1.331977896392345 0.23167784512043 0.650276780128479 0.8779369443655014 1.046313613653183 1.416479393839836 0.2455088943243027 0 11.95931553840637 30.98797632753849 0.8958115354180336 0.3510769009590149 0 0 0.4510389268398285 0.3135577961802483 1.539969421923161 0.1474831104278564 1.104694962501526 12.87908574938774 0 1.926831394433975 0.2477974891662598 55.50719916820526 5.698224380612373 2.788771212100983 1.512782581150532 0.5356228351593018 0.5039559826254845 1.301020845770836 0.1969092637300491 0.3069364279508591 2.879234030842781 278.4887956678867 2.347464352846146 0 0.2705053985118866 0.1690468788146973 16.33917708694935 6.743528187274933 8.482458397746086 12.25138540565968 9.236653178930283 26.18931495398283 7.747320890426636 5.758063569664955 1.306878447532654 0 0.223491758108139 0 0.1134705990552902 0.2311767041683197 0.2399135082960129 0 91.37477843463421 16.1993625164032 9.538913205265999 778.5664734914899 86.18145082890987 245.8420588374138 118.4921891987324 280.8716317638755 26.94135463982821 7.264566265046597 286.6807453259826 24.02206535637379 7.490274459123611 53.05939053744078 4.480849027633667 34.00970846414566 6.374872818589211 0.158572256565094 14.84352771937847 13.34954839944839 2.435160651803017
