0 3221.765727348626 391.8872677609324 1167.27900903672 1054.017492964864 17.48516444861889 1737.356893621385 21.88060232251883 687.9883030727506 1888.979636125267 408.3418441787362 65.80074402689934 781.9675177261233 365.7626809775829 7.253508023917675 1.620509274303913 0.4305339008569717 0 0 0.342685267329216 0.4333847761154175 0 0 0 0.4339845478534698 0.3560655415058136 0 0 0.1166721656918526 0 318.9366035014391 3.00566241145134 5.267512999475002 0 0.1139390543103218 0.2802122831344604 4.613992102444172 0.386167049407959 0.1378800719976425 0 0.6429882943630219 1.147420644760132 0.1479699164628983 0 0 0 93.83411908149719 27.99247542023659 0 0.09710146486759186 1.24245872348547 1.204238772392273 0.1832957118749619 0.3653553128242493 12.96140149235725 35.84234389662743 779.8542243242264 1143.548824638128 128.0249708369374 82.64609478414059 0 2.194602303206921 0.1451279520988464 2.794794857501984 23.72000490874052 20.8011436611414 12.43857959657907 5.052645429968834 0.4229059815406799 1.706277161836624 8.36745435744524 1.525017559528351 0.3135204315185547 414.6412677764893 38.98175084590912 46.77546302974224 5.756550759077072 1.143793568015099 0.2859259247779846 10.0778783634305 0 0.4222460091114044 56.24932501465082 2.681041792035103 23.81259746104479 7.580996587872505 3.092643879354 0.1219198927283287 0.4480955079197884 0.6830048561096191 0.9713888913393021 0.1100115701556206 0.7978277802467346 1.968493685126305 0.4480867609381676 76.09189505875111 9.738978713750839 0 0.2573474422097206 1067.458264291286 0 0 0 0 0 0 0 0 0 0.8316584825515747 0 1.16901059448719 1.513013750314713 2.575316354632378 3.143274918198586 0 0 0 0 0 0 0 0 0 0 0.2566850781440735 0 0 0 0.2065156251192093 0 0.2754142284393311 0 0 0 0 0 0 0 0.9518406242132187 0 2.298777133226395 1.101659044623375 0.3355780839920044 0 0 0 0 0 0 0 0 0 0 0 0 0 0 0 0 0 0 0 0 0 0 0.4842241108417511 0 0 0.1135029420256615 0 0 0 0 0 0.2011685520410538 1.246189907193184 0.9365329444408417 0 0 0.4808097779750824 0.8385704457759857 0 0.6069125831127167 0.5126967430114746 0 0 0 0 0 0 0 0 0.1075121238827705 0 0 0 1.030835926532745 0.578471377491951 0.3650329858064651 39.32488679885864 17.98297363519669 314.2420587837696 70.11619827151299 1379.809150181711 31.97566448897123 20.16380974650383 11.54108741134405 0 0 0.7519929707050323 0 0 0 0 0 0.1594693511724472 0
3221.765727348626 0 933.0128943026066 304.740807287395 3127.53906019032 74.13558626174927 3404.164139091969 14.5651550590992 1586.946409799159 421.8120989277959 383.5225808769464 88.77833859622478 3273.6933664307 1560.363576777279 24.85489749163389 1.339988693594933 0.5477695390582085 0.267514169216156 0 0.8958581238985062 0.2740206718444824 0 0 0 0 0 0 0.2927199304103851 0 0.1527924835681915 3236.526866443455 25.68566098064184 1.793339565396309 0.09875676780939102 0 0.3759484589099884 1.201109625399113 0.4386878311634064 0.1345471739768982 0.1288847476243973 0.1091542690992355 0 0 0.08989574760198593 0.1498817503452301 0.2649057358503342 239.7376642525196 41.03615839034319 0.3022009283304214 0.3534531444311142 1.642288707196712 0.2703815698623657 0 0.8857561498880386 16.63723116368055 38.445407807827 273.4396688565612 1041.343777529895 46.72764535993338 136.8184725046158 0 1.325558178126812 0.2146895378828049 9.229154862463474 24.41146013885736 18.54705247282982 12.26286868751049 6.319091893732548 0.8708283007144928 1.39843537658453 3.641951322555542 0 0 444.8050004318357 80.83755956590176 132.2733683288097 7.62077359855175 1.703131943941116 0 6.320042513310909 0.1134282350540161 0.8584883809089661 75.96667721122503 2.675331257283688 25.51144856959581 10.19030931591988 4.429350577294827 0 0.5673059821128845 0 0.6378326416015625 0.7480410560965538 0.6392601132392883 1.547096729278564 0.7078234553337097 96.74155203998089 0.5214085578918457 0 0.3247654587030411 1107.202214553952 0 0 0.7518568634986877 0 0 0 0 0 0.3710127472877502 0 0 5.871696680784225 2.703093677759171 5.544275626540184 5.702030494809151 0 0 0 0 0 0 0 0 0 0 0 0 0 0 0 0 0 0.1278950572013855 0 0 0.1946249157190323 0 0 0 2.160258583724499 0 5.735409617424011 0.8663453906774521 0 0 0 0 0 0 0 0 0 0.7714466452598572 0 0 0 0 0 0 0 0 0.5811596512794495 0.3611265122890472 0 0 0.3191161155700684 2.381279498338699 0 0 0 0 0 0 0.1037603542208672 0 0 5.668491780757904 0.4105598628520966 0 0 0 0.661065012216568 0.295293003320694 1.15624512732029 0.4912708103656769 0 0 0 0 0 0 0 0 0 0 0 0 3.969375118613243 2.301054283976555 0.8583716154098511 93.89301011711359 20.11330412328243 488.5311977490783 77.20805744826794 579.5399467945099 20.52918410301208 11.44952765852213 21.78241082280874 1.377627074718475 0 0.7190437465906143 0.9466912150382996 4.965902805328369 0.2175332009792328 0 0.2728047072887421 2.929987102746964 0
391.8872677609324 933.0128943026066 0 52.98309531062841 1420.823496088386 1.327326774597168 198.50607855618 891.9281819686294 1912.466069206595 72.96987215429544 4221.97404127568 28.26373761892319 427.6390273198485 1200.386093758047 30.59029268473387 12.43221966922283 7.715847328305244 0.3718303442001343 0.7841713204979897 11.78467910736799 45.60083694756031 1.268385007977486 7.109967879951 3.653564557433128 9.670905530452728 7.085345953702927 0.6041708737611771 2.855582788586617 1.5453040599823 1.183717228472233 3642.636264957488 1343.031038828194 31.17172049731016 4.866758190095425 10.36110690236092 25.94616895914078 40.85214515775442 4.08119823038578 1.035851940512657 1.982689306139946 31.96865524351597 3.907084330916405 9.123948290944099 3.72040044516325 5.728376895189285 6.256892092525959 148.9159078449011 20.98006559163332 1.143120110034943 2.156528368592262 5.730866238474846 1.169660717248917 0.2906938791275024 2.763261273503304 9.229709267616272 21.5788684412837 208.3349455371499 1886.229170031846 22.55116104334593 65.55713028460741 6.609260275959969 33.45083177834749 45.0547044724226 416.2860422134399 13.4928937703371 9.440305188298225 8.833874329924583 4.545731522142887 23.37551641464233 80.83274860680103 8.454187169671059 1.179899290204048 0.6005309522151947 361.2398037612438 273.552569039166 108.3716919571161 47.01673430204391 31.79778527468443 97.12101101875305 889.3082178160548 15.83041299879551 176.9634482041001 39.62884781509638 0.6998061314225197 12.3548432290554 4.33815086632967 4.878648228943348 0.4040665477514267 0.6481695175170898 0.1349798291921616 5.405914627015591 0.907689705491066 16.94212120771408 17.71889496594667 4.322765283286572 17.71441532671452 1.869254648685455 0 0.1173309311270714 230.2054385319352 0 0 0 0 0 0 0.6792821884155273 0 0 0 0 1.257664576172829 1.091090708971024 4.77360874414444 2.521270379424095 0 0 0 0 0 0 0.2501658797264099 0 0.3122576922178268 0.1742317527532578 0.2559947073459625 0 0 0 0 0.2898133099079132 1.25029431283474 0.3926959931850433 0 0 0 0 0 0 1.571606501936913 0 2.817614957690239 2.437488481402397 0 0 0 0 0 0 0 0 0 0 0 0.7940675616264343 0.5040097236633301 0.1912917345762253 1.617849469184875 0 0 0 0 0 0 0 0.2366864085197449 1.751854673027992 0 0 0 0 0 0 0 0 0.1880642920732498 2.513846047222614 0.3676536083221436 0 0 1.461010202765465 0 1.435738116502762 0.1932118386030197 0.1645455360412598 0.1154522001743317 0 0 0.2505438327789307 0 0 0 0 0 0 0 0 2.284907922148705 1.310194104909897 1.476662620902061 72.77215828001499 13.6027734875679 249.7607290446758 44.45236343890429 48.6468195989728 14.46121006458998 10.33310061693192 21.42019004374743 0.703899011015892 0 1.515177220106125 0 0.3473584949970245 0 0 0.172694206237793 1.611403599381447 0.3775553405284882
1167.27900903672 304.740807287395 52.98309531062841 0 218.9227930232882 152.7054639160633 1280.094042681158 1.255948290228844 166.9366247132421 3336.568767368793 43.4119730219245 678.9171583205462 4343.737502500415 209.6554512903094 4.317250095307827 0.2558965981006622 0.1195522099733353 0 0 0.344435378909111 0 0 0 0 0 0 0 0 0 0 9.982631392776966 2.477669149637222 0 0.09421355277299881 0 0 3.823917463421822 0.2289690375328064 0 0 0 0.09327336400747299 0 0 0.1114811226725578 0 56.98474211990833 9.85741900652647 0.2448118925094604 0.1319437921047211 0.4363158196210861 0 0 0 2.774328552186489 7.956304155290127 59.46053919941187 68.1865970492363 11.79336809366941 26.34220030158758 0 0.1172717958688736 0 1.393545836210251 6.093999497592449 3.934989973902702 3.351218350231647 1.052309140563011 0 0 4.24373023211956 0 0 91.31530316919088 10.86475529521704 23.47177655249834 1.179184630513191 0.424203485250473 0 0.2270957231521606 0 0.1111814230680466 13.1052513346076 0.5579306855797768 5.464808091521263 2.748437151312828 1.98259698599577 0 0 0 0.2009427174925804 0.0995934009552002 0 0 0 150.350233733654 1.376947522163391 0 0.3899827599525452 183.6712475419044 0.2088147848844528 0 0.7674190402030945 0 0 0 1.344904899597168 0 0.4825815260410309 0 0 2.495075285434723 4.924201235175133 2.652930855751038 1.011163428425789 0 0 0 0 0 0 0 0 0 0 0 0 0 0 0 0 0 0 0 0 0 0 0 0 2.520096272230148 0 1.457427576184273 0 0 0 0 0 0 0 0 0 0 0 0 0 0 0 0 0 0 0 0 0 0 0 0 2.15336874127388 0 0 0 0 0 0 0 0 0 1.195469170808792 0 0 0 0 0 0 0 0 0 0 0 0 0 0 0 0 0 0 0 0 5.169951498508453 0.303239643573761 0.1791699379682541 43.25132343918085 6.591722600162029 126.0006643161178 22.8383554071188 427.5142076611519 5.338484421372414 4.176934413611889 5.70290569216013 0.217990979552269 0 0.3956027626991272 0 2.56703245639801 0 0 0.2251879423856735 0.8402674794197083 0.1538370847702026
1054.017492964864 3127.53906019032 1420.823496088386 218.9227930232882 0 23.71537823975086 710.6327230036259 240.4570563584566 5613.704240836203 400.2986132726073 1872.988131307065 131.5248785689473 1593.005436107516 3655.338340722024 67.82297783344984 4.157221227884293 0.3825308755040169 0.5200140029191971 0 0.7799399271607399 1.07163767516613 0 0 0 0 0 0.2988178431987762 0.1701038926839828 0.6086953580379486 0.1492610722780228 701.3454501628876 52.71954469382763 2.25460621714592 0.3480913192033768 0.135931134223938 0.1076365560293198 3.331879749894142 0 0.4888282418251038 0.156522735953331 0.1270017325878143 1.074571117758751 0.3130774050951004 0.5847818851470947 0.2135283797979355 0 438.4141991958022 38.40747984498739 1.940475344657898 0.4691432043910027 2.041288875043392 0.3973442167043686 0 0.5773212313652039 8.587544932961464 25.46829080581665 86.74254029244184 347.5958635061979 29.12220756709576 177.2847892120481 0.1130968853831291 0.6236472129821777 0.7913385927677155 39.84069526195526 17.28130178153515 17.29725494980812 13.5021560266614 6.905009858310223 1.571669682860374 0.7533485591411591 10.07201094180346 0 0 358.2520360052586 181.3913833871484 300.9034142196178 33.16996963322163 3.264026746153831 0.2681039646267891 3.322477608919144 0.1876425594091415 1.772819921374321 63.44126361608505 0.7778592333197594 21.60340585559607 7.935267001390457 6.298640556633472 0 1.028266116976738 0.1120358407497406 2.028856717050076 0.2383200377225876 0 0.9129563570022583 2.157869286835194 36.62249404191971 0.5791369080543518 0 0.3867739140987396 142.6310412883759 0 0 0 0 0 0 0 0 0.4134263396263123 0.2638422548770905 0 1.695815026760101 0.7995005249977112 3.587288543581963 2.817113548517227 0.1584206819534302 0.2662157714366913 0 0 0 0 0 0 0 0 0 0 0 0 0 0 0 0 0 0 0 0 0 0 1.543953970074654 0 1.690220579504967 0 0 0 0 0 0 0 0 0 0 0.5008876323699951 0 0 0 0 0.1801884770393372 0 0 0.1494873315095901 0 0 0 0 0 1.777670189738274 0 0 0 0 0 0 0 0 0 2.577330440282822 0 0 0 0 0.8048778772354126 0.2934414446353912 0.8711332678794861 0 0.211803525686264 0.1215881258249283 0.5435251593589783 0 0 0 0 0 0 0 0 0 4.620419517159462 0.9296701848506927 2.260951116681099 172.0539739131927 32.57012975215912 659.6935627013445 96.75692784041166 177.2990064322948 30.22767517715693 8.680805943906307 58.70774284005165 0 0 1.01522159576416 0 0.79905104637146 0 0 0.1675894409418106 4.844340391457081 0
17.48516444861889 74.13558626174927 1.327326774597168 152.7054639160633 23.71537823975086 0 123.005042463541 0 9.416524961590767 499.5237835347652 3.170701652765274 111.7948992550373 197.6412086039782 24.00487259030342 0 0 0 0 0 0 0 1.351921021938324 0 0 0 0 0 0 0 0 0.3705373704433441 0 12.67377838492393 0 0 0 11.10704846680164 0 1.310949310660362 0 0 0 0 0 0 0 0.3833687156438828 0 0 0 0 28.91190285980701 8.415356159210205 0 0 0.899756133556366 199.2474349588156 39.46992537379265 35.53953258693218 8.9687160551548 0 1.069115445017815 0 0 0 0.1519735902547836 0.1084229722619057 0.1042457595467567 0 0 191.1658994853497 101.3420064151287 33.12515929341316 3.532773517072201 0.1995622962713242 0.7516565024852753 0 0 0 0.9411596208810806 0 0 0.2826101779937744 7.346597835421562 0.2258822321891785 3.663512662053108 0.1010509207844734 16.52719436585903 8.72946010529995 26.67618237435818 1.828581720590591 3.008799016475677 0 0 0.9268713891506195 563.0623565018177 232.1289647817612 46.41383801400661 11.77964274585247 514.6201473921537 0 0 0 0 0 0 0 0 0 0 0 0 0 1.222177386283875 0.2265109419822693 0 0 0 0 0 0 0 0 0.3470567166805267 0 0 0.6155118942260742 0.3654071390628815 0 1.200951933860779 0 2.478855937719345 2.183285802602768 0 0 0 0 0 0 1.339521139860153 0 0.409097820520401 3.731608361005783 0.2656183838844299 0 0 0 0 0 0 0 0 0 0 0 0 0.8809435665607452 0 0 0 0 0 0 0 0 0 0.3491007089614868 0 0 0 0 0 0 0 0 0 0.5382301360368729 1.749411284923553 0 0 0 0 0 0 0 0 0 0 0 0 0 0 0 0.5850260257720947 0 0 0 0 1.536813527345657 0.8369226306676865 5.96814914047718 0.8449807465076447 2.234912142157555 1.079746559262276 388.8632784932852 12.13843266665936 0.7402204275131226 0 0.5181921124458313 0 0.2668441236019135 0 1.691779732704163 0 0 0 0 0
1737.356893621385 3404.164139091969 198.50607855618 1280.094042681158 710.6327230036259 123.005042463541 0 6.487902529537678 452.4750220030546 1043.029923841357 113.1605230942369 10.80892759561539 4311.134565092623 1655.697443448007 92.31440366059542 7.248742938041687 0.7170686572790146 0 0 0.7101570889353752 0.5226341262459755 0 0.2394615262746811 0 0.3653711080551147 0.318281501531601 0.1521589756011963 0.6047473400831223 0.5955297499895096 0.1823451220989227 112.4817857667804 24.49945401400328 8.060258239507675 0.1447835713624954 0 0.1682411432266235 9.220847651362419 0.4067137464880943 0.7863804921507835 0 1.719115614891052 0 0.2792358547449112 0.392949253320694 0.1490078419446945 0.157513827085495 644.3276218622923 54.70143238455057 2.157369196414948 1.321955859661102 2.985168062150478 0.2561026215553284 0 0.4622004330158234 13.34976521134377 37.33187039196491 126.7180799618363 289.3096325173974 52.59897346794605 260.928099103272 0.3026017844676971 2.118097938597202 0.7295627370476723 44.68304659426212 25.61186913400888 27.6817149668932 15.83649933338165 10.63672337681055 0.9663560464978218 2.061941668391228 17.6055094897747 1.188513934612274 0 528.7810777276754 201.8233891278505 394.9131406098604 45.31060793995857 5.054837495088577 0.1725851148366928 5.064422570168972 0.5547941625118256 2.424282021820545 92.42866578698158 1.111421197652817 31.78547380119562 11.53062076121569 9.197017148137093 0 0.8028605431318283 0.128722071647644 2.169440619647503 0.6116799265146255 0.1942667067050934 2.547032542526722 2.952774986624718 180.1014219969511 0.7392616868019104 0 1.132320709526539 186.3947052508593 0.3270610868930817 1.19749653339386 0 0 2.016681581735611 0.8181120753288269 0.9461169540882111 0 0.7636670470237732 0.6315864026546478 0 6.588322997093201 9.394863903522491 11.44732944667339 10.78480310738087 0.2334341108798981 0 0 0 0 0 0 0 0 0 0 0 0 0 0 0 0 0.2689797878265381 0 0.2382399588823318 0 0 0 0 6.100678220391273 0 7.508581221103668 0.4590953886508942 0 0 0.1976776719093323 0 0 0 0 0 0.1196807101368904 0.7117210924625397 0 0 0 0 0 0.1354478299617767 0 0 0 0 0 0 0 2.031943425536156 0 0.1428483128547668 0 0 0 0 0 0 0 17.32574021816254 0.2230676561594009 0 0 0.1758198142051697 1.988976269960403 0 1.336856305599213 0.1514444947242737 0.8301142603158951 0 0 0 0 0 0 0 0 0 0 0 17.99335698783398 3.615311831235886 1.100900411605835 306.5624612793326 52.22833719104528 1099.312513619661 149.4249049350619 570.0358984693885 47.4814442768693 15.22627145797014 103.1154317557812 1.709698483347893 0.1456052958965302 2.377205282449722 0 7.551426455378532 0 0 0.76939457654953 9.204954370856285 0
21.88060232251883 14.5651550590992 891.9281819686294 1.255948290228844 240.4570563584566 0 6.487902529537678 0 191.614142999053 2.371006213128567 3189.455441311002 0.7561823204159737 58.79717858880758 373.2393035143614 29.64304436743259 17.76096711307764 20.44515985995531 23.45686024427414 13.45521307736635 115.6961135938764 186.6278617009521 0.1710346043109894 29.14972823113203 5.831321120262146 28.70679900795221 19.58006848394871 4.135186731815338 5.119615189731121 1.693534895777702 1.323395311832428 580.4274474456906 1924.087589330971 46.16745629906654 35.48402778059244 40.43864635378122 76.55391074717045 95.82486516982317 7.477496698498726 9.087490476667881 7.535145908594131 73.13660933077335 5.30734284222126 28.77879742532969 36.07611107081175 42.34399719536304 50.46531192958355 73.24400178343058 6.946241445839405 4.961006492376328 10.61119662970304 9.241666741669178 0.2047013342380524 0.5722490400075912 3.992141857743263 1.69575510174036 7.019226640462875 37.96699884533882 403.6434145495296 5.325452744960785 25.44934676587582 60.72746864706278 286.320102982223 183.3110997527838 399.8143708184361 3.56953139603138 2.789950080215931 1.775640919804573 10.68284551799297 54.0037991553545 170.9978148043156 2.490380391478539 0.8867665380239487 0.2304253280162811 120.6163403615355 270.393594071269 90.57887160032988 774.9779299497604 1992.502372562885 1443.694399103522 3877.262143269181 409.0179270878434 2293.967582188547 11.44165337830782 0.1166294515132904 4.654295831918716 1.744104593992233 6.04282533377409 0 0.2129344493150711 0 5.163614846765995 0.6438944935798645 33.70447671413422 33.22466813772917 5.043027088046074 2.559803277254105 0 0 0.1980105042457581 10.85174979269505 0.2128069549798965 0 0 0 0 0 0 0 0 0.1741924434900284 0 0 0 1.497365385293961 0.2805197834968567 0 0.1570241004228592 0 0 0.3381281495094299 0 0 0 0 0 1.272922933101654 0 0.2685746550559998 0 0.5269665122032166 0 0 0.5469047129154205 0 0 0 0 0.6991009712219238 0.7986598908901215 2.133055776357651 0 2.180869251489639 1.321967929601669 0.8941959589719772 0 0 0.1822700053453445 0 0 0 0 0 0.6101523339748383 0 0 1.097851797938347 0.4014790803194046 2.499297976493835 0 0 0 0 0 0 0 0.5003647804260254 0.3472431749105453 0 0 0 0 0 0.3155602514743805 0 0.4619286358356476 0 0.8914873749017715 0.7163666486740112 0 0 0.5461995452642441 0 0.5593060106039047 0 0 0 0 0 0 0 0 0 0 0 0.3805322647094727 0 0 0 0.8004697263240814 1.613490805029869 57.18385316431522 15.84180375188589 113.0463515669107 19.09002813696861 11.57434668391943 4.699047721922398 1.691462025046349 17.20124984532595 1.315418630838394 0.7579782009124756 0.7830279618501663 0 0.8293151259422302 0 0 0.387074202299118 2.918723493814468 0.9416448473930359
687.9883030727506 1586.946409799159 1912.466069206595 166.9366247132421 5613.704240836203 9.416524961590767 452.4750220030546 191.614142999053 0 312.3073659017682 4352.861766450107 86.30860866606236 1284.514405064285 3851.121916607022 143.5384992659092 18.7069768384099 1.551690980792046 0.3669546917080879 0 1.936704128980637 3.407240942120552 0 0.5028196796774864 0.5614409074187279 2.10993617773056 3.29477533698082 0 1.435058668255806 0.72732874751091 0.6250125914812088 703.3428932949901 101.0836680680513 24.54364358633757 0.3260992765426636 0.5524131506681442 2.000247672200203 17.79343258589506 1.316968902945518 0.8598582446575165 0.246526762843132 2.689180552959442 0.6547199785709381 0.6250584870576859 1.015303507447243 0.2288630530238152 0.7503064274787903 541.6185655146837 33.80236551910639 1.339775115251541 0.8291627913713455 3.663973972201347 0.1371639519929886 0.1485674679279327 2.407928764820099 9.764940604567528 27.85192791372538 95.57541992515326 416.5248140916228 37.01752114295959 194.81975825876 0.494664803147316 2.946215026080608 1.497545748949051 104.0184903591871 17.67616184055805 16.46834409981966 9.816981568932533 8.878972202539444 3.414014257490635 5.985326640307903 48.53595175594091 6.183764696121216 0 441.1819851249456 343.4266670644283 482.7199403941631 102.4654087424278 14.44155801832676 1.864846706390381 17.35835450142622 0.710880383849144 7.706364639103413 64.75311510264874 1.292058438062668 22.76496825367212 7.855151794850826 8.658951960504055 0.1269958764314651 1.199793539941311 0.1378086656332016 2.580573581159115 0.2326654717326164 2.310670152306557 6.562167063355446 4.329927250742912 96.53417235612869 3.600933454930782 0 0.8250616192817688 128.5850190669298 0 1.381379961967468 0 0 1.256232738494873 1.393339365720749 0.3784777373075485 0 2.994215503334999 3.912494719028473 1.411128014326096 14.5045283138752 12.95827463269234 15.36600534617901 17.51982980966568 1.082183301448822 0 0 0 0 0 0 0 0 0 0 0 0 0 0 0 0.7602587789297104 0.3175196349620819 0 0.8058212548494339 0.4083366692066193 0 0.3194414079189301 0 9.451353654265404 0 15.69493088126183 2.078484416007996 0 0 0 0.1931785941123962 0 0 0 0.3153506517410278 0.3558501005172729 0.8854577839374542 0 0.3159916996955872 0.456612229347229 0.2196735441684723 0 0 0 0 0.151488333940506 0.2659899592399597 0 0 0 14.60403276979923 0.5008476376533508 0 0 0 0 0 0 0 0.6432412266731262 21.59114903211594 0.2386021316051483 0 0 0 4.671988561749458 0.8281663060188293 1.563119143247604 0.3044229671359062 0.5011001825332642 0 0 0 0 0 0 0 0 0 0 0 18.25324402749538 5.761363208293915 3.220909208059311 342.7805150225759 58.67764257639647 934.1138269230723 153.7972016111016 201.8839815407991 47.94581877440214 11.37088131159544 128.709451302886 4.621119111776352 0.9822256565093994 3.022143170237541 0.1658871918916702 4.107252538204193 0 0 0.826155498623848 14.34185433387756 0.96470607817173
1888.979636125267 421.8120989277959 72.96987215429544 3336.568767368793 400.2986132726073 499.5237835347652 1043.029923841357 2.371006213128567 312.3073659017682 0 67.1546448096633 2224.522796168923 5774.083442464471 193.708437256515 49.69239104539156 6.785876825451851 0 0 0 0.4061048179864883 0.4147078618407249 0 0 0 0 0 0.1421144753694534 0.3730669617652893 0.1258997470140457 0 24.12355559319258 6.812075093388557 32.11511777341366 0.2068004161119461 0.1190376132726669 0 28.72819835692644 0.249742403626442 0.5109584480524063 0 0.1645145416259766 0.125093087553978 0.3568755388259888 0.410178542137146 0 0 354.8833962380886 24.50801235437393 1.868632346391678 0 1.296816550195217 0.8132878690958023 0.9434857964515686 0 9.357167780399323 17.04372855275869 190.8791662231088 144.8488128110766 45.04092992097139 118.0011241212487 0.1593838632106781 5.693234711885452 0.11290293186903 11.70373040437698 14.3859281167388 11.05488304793835 8.225044131278992 5.206169910728931 0.121399462223053 1.702108889818192 133.5083065927029 6.413180619478226 0.396146833896637 257.0618945807219 60.04781202971935 164.5797433853149 19.40605285018682 3.174659460783005 0 5.710025481879711 0.1304971873760223 1.105210088193417 40.12307186424732 0.6936774551868439 17.52032110840082 6.077693469822407 4.170357920229435 0.5912009179592133 1.310281872749329 0.377640962600708 2.733324818313122 0.3673997670412064 0.3575585782527924 1.109754621982574 0.9505368024110794 1127.845098242164 7.140937462449074 0 2.874432116746902 971.0131884589791 1.974948197603226 1.49631667137146 0.8429681956768036 0 4.253933429718018 3.8718221783638 1.024137616157532 0.5028222799301147 5.656783238053322 9.102216482162476 7.350417718291283 47.56301817297935 41.30628544092178 59.11028888821602 47.41800226271152 0.3430797606706619 0.5054426044225693 0 0 0 0 0 0 0.1825690120458603 0 0 0 0 0 0 0 0.7039842307567596 0.1833630353212357 0 2.579963147640228 1.148330569267273 0 0 0 19.59464898705482 0 32.52969732880592 1.57918481528759 0 0 0 0 0 0 0 0 0.5796834528446198 3.988068953156471 0.6484874784946442 0 0 0 0 0 0 0 0 1.603466421365738 0 0 0.3230332136154175 31.62436610460281 0 0 0.5823099315166473 0 0 0 0.4549508988857269 0.1505192667245865 0 54.38874453306198 0.2991089820861816 0 0 0 11.38894760608673 3.614225685596466 5.796380624175072 1.855840861797333 0.8244621604681015 0.4917228370904922 0.3585613667964935 0 0 0 0 0 0 0 0 0 88.97662277519703 10.34402538836002 6.356856614351273 372.0816173702478 38.99566600471735 731.3154442235827 106.1431427598 1433.731525681913 38.8144606500864 7.974445164203644 109.2263074293733 7.285216689109802 0 6.162615537643433 2.501886665821075 17.37723869085312 0.2585976421833038 0 2.805328875780106 6.215460896492004 0.4601780772209167
408.3418441787362 383.5225808769464 4221.97404127568 43.4119730219245 1872.988131307065 3.170701652765274 113.1605230942369 3189.455441311002 4352.861766450107 67.1546448096633 0 30.64087857306004 684.4491958320141 2747.542300693691 179.5129979178309 65.61763723939657 28.58737045526505 2.800782732665539 0.9743284732103348 10.36902955174446 21.05892615765333 1.448124885559082 3.99844041466713 5.232680097222328 23.38170646131039 20.88388650864363 1.431012988090515 17.90584534406662 5.753050103783607 6.197524130344391 1545.576950870454 847.4677608087659 249.4881227239966 2.094707652926445 4.936292864382267 47.53803259134293 342.8210579454899 10.38938173651695 9.183801606297493 11.54519520699978 57.86545678973198 13.56076506525278 2.603171467781067 15.45015013217926 2.525662332773209 6.33991764485836 496.6236265450716 42.1424233019352 1.786601051688194 3.085364647209644 21.28786309063435 4.112442955374718 1.294094026088715 11.08017663657665 7.140517920255661 32.85078445822001 145.9326011538506 993.4224329814315 32.88206853717566 194.941655613482 4.753948703408241 104.7945231646299 22.38663005828857 238.0656381994486 22.42416200041771 19.03078139573336 12.445546656847 11.47350094467402 14.09973450750113 75.64195051044226 44.87277342379093 4.320055171847343 0 530.7148824259639 514.183858409524 466.2961594536901 191.4924689531326 67.43294554203749 423.2876590490341 1264.523274071515 7.323416486382484 138.9164874106646 66.20881922543049 0.947502426803112 29.31074544042349 8.597349926829338 13.01143451035023 0.1115553602576256 2.374882616102695 0.4564119949936867 20.50780011713505 2.504006616771221 30.62391600012779 100.5923852100968 22.86313665658236 60.00808673352003 9.534948289394379 0 1.352060168981552 133.5978023484349 0.1777109503746033 0 0 0 0.5499394834041595 0.2669530212879181 0.1460486352443695 0 1.593810945749283 0.5177552551031113 0.9267030358314514 7.761339411139488 7.674805104732513 8.086453005671501 12.13980908691883 0.470695436000824 0.4378823935985565 0 0.1523794829845428 0 0 0.5891510844230652 1.309132099151611 0.6428871303796768 0 2.097456216812134 0 0.654772512614727 0 2.028909131884575 0.1626592725515366 1.988984733819962 2.767469398677349 0 0.4431510120630264 0.2574377059936523 0 0.7063853293657303 0.831508457660675 15.78884985297918 0.3150130659341812 25.76853039860725 16.41142397373915 3.196898803114891 0 0 0 0 0.6533679813146591 0.7812309861183167 0.8287272155284882 0.2593402564525604 0.5136961489915848 0 0.4655282199382782 1.835962682962418 3.237369880080223 1.840955905616283 0 0 0 0.230778768658638 0.3554929494857788 0 1.487723231315613 2.213134482502937 12.53969120234251 0.4989883452653885 0 0 0 0.1313363909721375 1.082086980342865 0 0.7638780474662781 0.3869970142841339 22.91753184050322 2.959816843271255 0.3205081596970558 0 1.264616310596466 2.062979906797409 5.082308739423752 2.305021122097969 0.1422945708036423 0.1216436997056007 0.6637235581874847 0 0.1528186351060867 0.5205576568841934 0 0 0 0.1380496770143509 0 0 0.1756031662225723 6.795836292207241 7.025396347045898 22.10285548865795 358.5993563085794 72.03726154565811 759.6438347697258 153.7764032557607 120.6672088429332 36.81251277774572 15.0901840031147 143.4767957776785 5.123686835169792 1.293244078755379 5.005396470427513 1.219372995197773 4.441687524318695 0.1260399669408798 0 1.665025889873505 19.45440285652876 3.395563587546349
65.80074402689934 88.77833859622478 28.26373761892319 678.9171583205462 131.5248785689473 111.7948992550373 10.80892759561539 0.7561823204159737 86.30860866606236 2224.522796168923 30.64087857306004 0 1477.617390081286 47.84051077067852 19.06703393161297 5.028781935572624 0.1411615759134293 0 0.1349887400865555 0.4784765988588333 0 0 0 0 0 0 0 0 0.1728215515613556 0 7.091157734394073 0.4395696371793747 10.73329551517963 0 0 0 20.9169050604105 0 1.437441855669022 0.2769834995269775 0.176444798707962 0 0 0.3254701793193817 0 0 125.6307698562741 4.667527191340923 0.2309352904558182 0.1830485016107559 0.1432977318763733 0 0 0.1720484644174576 1.743753537535667 2.446364738047123 34.47264116257429 13.68237245827913 9.737528905272484 27.99172132462263 0.1459411531686783 2.392252862453461 0.3251537084579468 4.412236899137497 1.489460937678814 1.70411129295826 1.743239857256413 0.7668360024690628 0 0.4794182032346725 69.15475487709045 7.792273551225662 0 48.80459213256836 16.49615346640348 53.98032744973898 8.085296735167503 2.697084575891495 0 4.31232288479805 0.1255655139684677 0 8.088685296475887 0.1519277840852737 1.916010580956936 0.5836393386125565 1.217009633779526 0 0.1296445280313492 0 0.142573669552803 0 0.1704100966453552 3.622332766652107 0.4269157648086548 1707.677254468203 46.01961079239845 0 1.028432369232178 173.401680290699 2.060635954141617 1.218867540359497 0.3622035384178162 0 5.22242471575737 2.94745135307312 1.294205501675606 0.5725917816162109 6.334114700555801 8.289753317832947 3.506189584732056 71.23214863240719 52.74521937221289 80.73677336424589 58.58378672599792 1.142786465585232 0.8633606880903244 0 0 0.383012980222702 0 0 0 0 0 0 0 0 0 0 0.1387365013360977 1.378608092665672 0.8151713162660599 0 1.373129069805145 1.830937445163727 0 0 0 28.92042277753353 0 44.69571835547686 2.887808784842491 0.4811021089553833 0 0.1799125671386719 0 0 0 0.2462788820266724 0 0.5861786603927612 3.597740739583969 0.1604454219341278 0 0 0.138324961066246 0.6790600270032883 0 0 0 0.6939282417297363 1.642569199204445 0 0.326175183057785 1.125131607055664 35.6177290007472 1.185589581727982 0.1596748530864716 0 0 0.1829432100057602 0 0 0.1886858493089676 0.1272859424352646 78.3143101260066 1.80507504940033 0 0 0.5668668746948242 11.05153879523277 2.454940497875214 7.023992910981178 3.372694253921509 2.166141331195831 0.8460943251848221 0.5198068916797638 0.2511087357997894 0 0 0 0 0 0 0 0 68.22886556386948 15.09527097642422 6.680562898516655 161.7660403549671 16.63363820314407 238.4660603925586 35.62834516912699 380.1744966357946 13.73770359158516 1.003541320562363 58.64878195524216 12.15397414565086 1.518815875053406 10.23424612730742 1.639434091746807 34.14938318729401 0.1880959272384644 0.3119620680809021 6.351827770471573 3.62516613304615 0.9243741780519485
781.9675177261233 3273.6933664307 427.6390273198485 4343.737502500415 1593.005436107516 197.6412086039782 4311.134565092623 58.79717858880758 1284.514405064285 5774.083442464471 684.4491958320141 1477.617390081286 0 1260.338548451662 215.6908019557595 54.40255093574524 12.48537436872721 2.164137274026871 0.1319719552993774 1.789008893072605 4.703541569411755 2.533660337328911 0.6713643074035645 1.433756269514561 4.928533859550953 7.454386726021767 0 4.757550820708275 2.411094762384892 1.478510722517967 260.8360300213099 70.71980618685484 94.8395958840847 0.398000456392765 0.5540931820869446 4.55174795538187 48.92818523198366 0.8923390209674835 2.181342020630836 0.9247576370835304 12.81799022853374 7.601595163345337 1.269721135497093 7.658503890037537 0.1320518404245377 1.295861028134823 564.6007300615311 36.35445860028267 2.05417937040329 3.249374836683273 14.49989128112793 7.981316387653351 8.225790783762932 12.48488667607307 6.888987183570862 24.35749781876802 120.5251730903983 235.0832380130887 49.42238517850637 161.8104599490762 0.8852536603808403 8.671257838606834 2.568312555551529 92.18429883569479 13.88319598138332 14.36163850873709 10.69388126581907 10.88800359517336 4.982921697199345 17.89263060688972 449.9128023013473 43.69340994954109 0.9205397516489029 339.7518155574799 264.1685109138489 463.3165498822927 172.2513829544187 43.21391978114843 4.51962435990572 19.91422461718321 1.848403356969357 7.567630231380463 50.50990519672632 1.439179390668869 19.89622471481562 7.885695546865463 12.03907448798418 0.2278552055358887 1.77910340577364 0.3478556275367737 14.60571736842394 2.144621148705482 9.901234269142151 48.10245553404093 13.66372758150101 4133.239095896482 133.4882802814245 0 17.81297871470451 259.1659095063806 4.445861347019672 2.483277872204781 1.077461734414101 0.5633118748664856 14.9582190066576 3.605975583195686 5.104273349046707 3.456379950046539 13.04640889167786 31.35082751512527 10.19837206602097 185.857594653964 184.3142535015941 209.2646869421005 196.8413809388876 2.347740732133389 2.431233584880829 0.3536483347415924 0.7692419141530991 0.1380041092634201 0 0.1863159239292145 0.5950735211372375 0.4649440199136734 0.1804048418998718 0.535807728767395 0.6185104250907898 0.4968619346618652 0 2.371420457959175 0 3.582542270421982 1.396107167005539 0.6618286967277527 8.034585148096085 3.122254222631454 0 0.7132310718297958 1.087132453918457 130.1241357475519 0.5890730768442154 199.4630679637194 23.59173886477947 3.202799558639526 0.15986068546772 0.7233678698539734 0.2331633120775223 0.7061273604631424 2.505348160862923 0.4795107692480087 0.3169575035572052 2.196060098707676 10.65400415658951 0.6325831338763237 1.130753740668297 0.3317050337791443 2.739442974328995 1.161081463098526 0 0.2558900415897369 0 2.851947441697121 6.299833811819553 0 2.645063683390617 3.5394666492939 144.8143656849861 2.926201537251472 0.1651600748300552 0.147368311882019 0 0 0 0.4895578473806381 0.5101955085992813 1.138207986950874 325.1183405220509 5.267226681113243 0.2749790847301483 0.3000475168228149 0.6791276484727859 37.97157329320908 11.01321619749069 20.49636064469814 5.813675969839096 9.151731841266155 4.800985410809517 1.454408720135689 2.100660279393196 0.2143454104661942 0 0 0 0 0 0.4922583699226379 0.1491784006357193 277.1680566444993 90.37049581110477 63.48295173048973 714.0836221203208 121.7616207450628 1097.176025979221 245.4214262366295 851.3246407359838 78.51572252810001 12.53082171827555 270.4670033752918 37.63170421123505 8.690842777490616 32.10369969904423 7.368762031197548 95.18393577635288 1.69777250289917 0.4153974652290344 15.42274658381939 31.55532325804234 6.850812494754791
365.7626809775829 1560.363576777279 1200.386093758047 209.6554512903094 3655.338340722024 24.00487259030342 1655.697443448007 373.2393035143614 3851.121916607022 193.708437256515 2747.542300693691 47.84051077067852 1260.338548451662 0 235.9263354241848 97.9184832200408 56.07792779803276 3.934741601347923 0.2553497329354286 9.072160199284554 15.74212018400431 3.401744961738586 1.56428188085556 2.846525147557259 15.07472991943359 16.0596901923418 1.325043946504593 33.0061306655407 10.7892941981554 6.378785468637943 586.5519615858793 135.9863143488765 469.9478054046631 0.5497695729136467 1.842291928827763 19.5557224303484 679.7812994346023 6.086702436208725 8.88937808573246 7.663626246154308 55.74456214904785 28.71657960861921 2.140749014914036 22.09405867755413 0.6466799378395081 2.046242572367191 505.5888129398227 26.25376887619495 3.914809472858906 4.985494822263718 34.36996816843748 18.15560398250818 1.386626049876213 34.31317637860775 7.500796124339104 15.37881611287594 75.72172324359417 332.9802382066846 33.18196466565132 132.2914487794042 4.937407337129116 79.89788218587637 6.636395670473576 125.3775740265846 10.30625449120998 14.03598719835281 8.110601656138897 11.96496088057756 9.91495918482542 54.93741133064032 251.0398614481091 29.90132196247578 0.7561497390270233 305.6894388943911 341.6535712704062 448.3868414908648 200.3316375538707 52.91615243256092 30.35968912392855 133.2390687465668 6.897246174514294 16.74790672212839 37.53593382239342 0.8650158271193504 20.05873254686594 6.786917142570019 9.120091058313847 0.3372490108013153 5.244474872946739 0 53.13343225419521 7.670948557555676 29.04910835623741 140.4863254576921 74.76588594913483 961.5692237615585 53.68922685086727 0 2.038669511675835 109.5258117616177 0.7860583811998367 0.9660547375679016 0.573744148015976 0 3.220484778285027 0.7254229485988617 1.179276570677757 1.155119776725769 4.932302370667458 7.777009516954422 8.966445207595825 58.92896538972855 40.31837849318981 82.25068437308073 68.99858923256397 1.620114959776402 2.136723145842552 0.5671962052583694 0.3833948969841003 0 0 0.6472369134426117 0.2251162827014923 1.575808599591255 0.3565694093704224 0.8323042988777161 0.2880196273326874 1.338215947151184 0.1867945641279221 8.97796356678009 0.5325652658939362 8.45145608484745 3.648890867829323 0.9964905083179474 4.187685891985893 2.450817555189133 0.2451178431510925 0.9781064987182617 0.7632296085357666 64.55010209977627 1.593125566840172 108.1695213392377 38.1273755133152 6.192181572318077 0.5131831765174866 0.4922947213053703 0.3359692692756653 0.5061476826667786 0.8173545300960541 2.395141661167145 1.313157886266708 0.911047175526619 5.428229652345181 0.09707289934158325 0.1869194507598877 2.116710767149925 5.561123952269554 5.442607536911964 0.1270062923431396 0 0 1.582395568490028 1.903895378112793 0.3216464519500732 3.737399592995644 2.660870030522346 59.49174021929502 0.9158192425966263 0.5204482078552246 0.1026720330119133 0 0.5527831837534904 0 0 0.8673979640007019 0.4221356511116028 103.7174262851477 7.306668758392334 0.575600802898407 0.4158657789230347 0.2477296739816666 13.49346310645342 10.15928110480309 17.24311335384846 1.122613109648228 3.180609218776226 2.657843537628651 0.5197043493390083 1.447068899869919 0.1507590711116791 0 0 0 0 0.7804101705551147 0.9885234534740448 0 63.09429788589478 35.55792208015919 48.03758108615875 799.6362654194236 108.5310346484184 970.8786198422313 226.0340478420258 295.8082193210721 52.69390052556992 7.731353536248207 285.3122408986092 29.83583673089743 4.002275660634041 20.20242266356945 2.059193342924118 26.16592209041119 2.012171685695648 0.1835606694221497 10.71698014438152 25.85375837236643 3.962444134056568
