0 4222.625667884946 1442.452586613595 1282.534645825624 624.133662045002 314.6751270890236 415.4394030198455 186.1390930488706 151.1570740565658 1158.392086967826 1154.873022653162 175.0137733593583 305.8570747599006 230.7536225393414 5.445168010890484 0.7355496063828468 1.010579764842987 0.2029277235269547 0 1.030182734131813 0.6628695502877235 0 0.5131887570023537 0.3278406262397766 0.4037111327052116 0.400643914937973 0.7538227587938309 0.5498021915555 0.2207068651914597 0.1759509444236755 188.5759385675192 49.13810687512159 33.2795867100358 0.3342778533697128 0.2761393636465073 0 11.96300664544106 0.7696178928017616 4.730986259877682 1.010581687092781 0.5842753201723099 0 0.7501668930053711 0.5383032485842705 0 0.9640102311968803 28.6450574696064 3.105473674833775 0.4864659011363983 0.5437550395727158 0.2624058127403259 0 0 0 1.082394406199455 3.62597344815731 303.5073490515351 571.9680810347199 26.55855610221624 17.16311599314213 1.024709306657314 6.02563813328743 0.1879163831472397 7.612052366137505 3.389706276357174 1.960947498679161 0.8510060608386993 0.8648968935012817 1.664256818592548 3.542558267712593 24.89763095974922 10.64199288189411 0 202.3306499570608 19.88866503536701 54.8755536749959 9.022757090628147 3.045311808586121 2.196794003248215 57.26031941920519 1.051188535988331 8.774165667593479 7.90831395983696 0.7100801169872284 3.990030243992805 2.794519156217575 2.252213448286057 0.8446921780705452 0.7370167747139931 0.5069291591644287 0.1916889473795891 0.09240609407424927 0.6791364476084709 0.3756019696593285 0.6039293482899666 176.3190034031868 4.11296085268259 0 6.997554108500481 1413.654213227332 0 0 0 0 0.1659509986639023 0.4901538863778114 0.8776369839906693 0 52.66436745226383 0.9282847493886948 0 5.074188642203808 8.714705847203732 5.956343583762646 2.790737308561802 0.1603945046663284 0 0 0 0 0 0 0 0 0 0 0 0 0 0 0 0.1200943291187286 0 0 0.5314915552735329 0.09611647576093674 0 0.3432735502719879 0 4.180413447320461 0 0.8866559863090515 0.5379435420036316 0 0 0 0 0.404978483915329 0 0 0 0 0.3881729245185852 0 0 0 0.1332854032516479 0 0 0 0 0 0.6549674421548843 0 0 0 4.025108471512794 0.1240492090582848 0 0 0 0 0 0 0 0 14.77750170230865 0.4705618768930435 0 0 0 0.5451176762580872 0.1491531431674957 0 0 0.5569801032543182 0 0 0.1374668926000595 0.3470454216003418 0 0 0 0 0 0 0 2.596889466047287 3.455331347882748 5.056055247783661 148.9727287515998 8.189417488873005 123.1971424967051 13.00584089756012 662.3425524756312 20.88806740194559 5.992430418729782 19.42075510323048 1.075660184025764 0.1156967952847481 1.432745166122913 0.3787276148796082 0 0.1767460703849792 0 0 0.8016676604747772 0
4222.625667884946 0 1664.231272570789 1535.131430268288 3836.447431690991 293.6517008170485 4650.381951659918 308.813221372664 1525.504317075014 1886.86607413739 3485.427641630173 165.0005386695266 683.587043531239 462.0356855764985 39.0835725069046 2.464302532374859 2.695542231202126 1.130647234618664 0.3771717920899391 1.573112450540066 0.7383186519145966 0 0.4749994426965714 0.5373338386416435 0.5805335491895676 1.300484046339989 0.7502620816230774 1.69864684343338 0.6481688022613525 0.6882209330797195 1010.122624076903 61.14757595956326 70.54281557351351 0.1251306086778641 0.4681766852736473 0.2578727155923843 22.09615654498339 1.593897514045238 3.032160043716431 1.303177714347839 1.188625313341618 0.7488505691289902 0.9191239923238754 1.216709986329079 0.5961392745375633 3.085886389017105 95.54022870957851 10.17130298912525 2.096507675945759 1.889235392212868 1.640775322914124 0 0 0.3694456219673157 4.390112467110157 12.43995885550976 170.3558500558138 649.9262250810862 32.92122878879309 74.79649200290442 5.104042112827301 7.386943355202675 0.1040858030319214 59.68840559571981 13.15865653008223 5.250796809792519 4.460037611424923 3.875012375414371 4.12056465446949 5.244698360562325 52.3182744383812 2.135006323456764 0 457.8607658445835 146.7441188246012 257.5178052037954 99.81159383803606 10.2366304770112 5.958575308322906 78.13714303821325 3.631677605211735 25.8240163475275 21.35358572751284 0.6043003723025322 13.62495427578688 13.7127970457077 7.692983165383339 0.3173517435789108 3.340506002306938 0.1561663746833801 1.490972429513931 0.6315703168511391 2.170205183327198 1.165159873664379 0.3833235502243042 121.6109435558319 7.535398706793785 0.2526884078979492 10.6219022795558 1114.794721707702 0 1.473718643188477 0.1334315836429596 0 0.4596327841281891 3.767259985208511 3.317182168364525 1.871375277638435 456.3235840201378 4.767344370484352 0.5002130568027496 7.550335630774498 24.86562833189964 13.07573476433754 8.407253831624985 0 0 0 0 0 0 0 0 0 0 0 0 0 0 0 0 0 0 0 2.449158206582069 0.4849214255809784 0 0 0 6.406461030244827 0 3.245335809886456 0.8050572350621223 0.1049935892224312 0.4432314038276672 0 0 0.5928063690662384 0.1297629773616791 0 0 0.7360210865736008 3.510662727057934 0 0 0 0.1013976186513901 0 0 0.228304922580719 0 0.5786536931991577 0.9995726644992828 0 0 0.2155740261077881 9.30135390162468 1.107360027730465 0 0 0 0 0 0 0 0 43.27365886420012 1.301305830478668 0 0 0 0.8313665390014648 0 1.508754476904869 0.5746994614601135 0.436574399471283 0.7509293109178543 0.9406735822558403 0.6124677583575249 0 0 0 0 0.1485732048749924 0 0 0 15.8014921694994 5.65552730858326 9.470601573586464 422.9604745954275 37.0194504186511 396.5061708167195 45.51641052961349 826.5570645928383 39.07903603464365 18.95781269669533 68.52436271309853 3.332871131598949 0.8672448173165321 3.260288029909134 0.6352011263370514 0.3725627362728119 1.221745252609253 0.7239426374435425 0.6171063333749771 1.516690909862518 0
1442.452586613595 1664.231272570789 0 13.78418061137199 887.9485614821315 10.81068260967731 58.21238034963608 1442.939808152616 515.3142029047012 10.07954486459494 3790.344637013972 2.663970321416855 59.40668862313032 243.3784197047353 13.08725277334452 2.239962957799435 1.484251596033573 0.5606808885931969 0 2.208717718720436 2.365259915590286 0 3.021269433200359 0.9064616858959198 1.562951453030109 2.390704073011875 2.429141439497471 1.287936843931675 0.256990484893322 0.2363624647259712 3649.079550296068 1758.335481867194 30.49223159253597 0.20772585272789 2.130709640681744 0.3614242821931839 7.294507697224617 0.8926999866962433 0.3720748573541641 1.638618648052216 2.085699707269669 0.6593209654092789 2.0759087651968 0.890296995639801 0.2187865525484085 3.121065527200699 48.47183398902416 6.291044898331165 1.748042494058609 1.420907743275166 0.9070616364479065 0 0.3256180137395859 0 4.78621993213892 7.582572922110558 187.482834495604 1504.537731319666 27.70685318857431 31.22668588906527 3.895949922502041 4.991536431014538 0.5417902544140816 161.910305686295 7.351705677807331 3.916447550058365 3.534217469394207 2.131929561495781 7.094567529857159 15.19362900406122 7.832436427474022 1.696853078901768 0 373.8555938601494 128.6669421643019 120.3872781097889 64.4738113284111 23.36575824767351 164.2970820963383 605.1124035716057 3.629857853055 65.73483288288116 15.3278081715107 0.8055905252695084 9.424880161881447 10.40288563817739 7.290064990520477 0 2.213812239468098 0.09458918124437332 0.4728282392024994 0.6569330841302872 1.557948164641857 0.6965279653668404 0.3431298136711121 8.673077173531055 1.302512049674988 0 2.317332334816456 694.0660592392087 0 0 0.5028417110443115 0 0.2495946958661079 0.2098844796419144 0 0.3381248712539673 0.7746344208717346 0.8202879577875137 0 2.902256242930889 2.72989708930254 1.453948669135571 1.235734865069389 0.1145612746477127 0 0 0 0 0 0 0 0 0 0.147177666425705 0 0 0 0 0.1314757615327835 0 0 0 0.3821887075901031 0 0 0 0 1.153118163347244 0 1.25800483673811 0.3905008882284164 0 0 0 0 0 0 0 0 0.4466777890920639 0.1938938647508621 0 0 0 0.2916907146573067 0.1268778592348099 0 0 0 0 0.1783085763454437 0 0 0.1142206117510796 1.777936272323132 0.3419332429766655 0.145211398601532 0 0 0 0 0 0 0 9.276811882853508 0.2928175330162048 0 0 0.2223913744091988 0 0 0 0.1049981340765953 0.3839077949523926 0 0.2357607334852219 0.2715834155678749 0 0 0 0 0 0 0 0 1.868294194340706 3.306383207440376 2.420272767543793 148.7814498245716 15.08574253320694 193.4039746075869 26.8007530644536 213.6010455563664 27.3470950499177 9.371691681444645 28.84023731946945 1.821581766009331 0.3186170309782028 1.38938806951046 1.073980785906315 0.3203879296779633 0.2459148317575455 0 0.5720561146736145 0.7820648401975632 0.1951345950365067
1282.534645825624 1535.131430268288 13.78418061137199 0 173.581378467381 189.8991338312626 1073.789347611368 2.432708591222763 113.7849197089672 3648.519516602159 15.32255582511425 1645.372627213597 2103.148299098015 225.5085354223847 2.299518711864948 0.4384364485740662 0.1781304478645325 0 0 0 0 0 0 0 0.1283259093761444 0.133230060338974 0 0 0 0 6.58319653570652 0.3589183613657951 12.80408716201782 0 0 0 3.862529531121254 0 1.340676531195641 0 0 0 0.09154292941093445 0.1062950566411018 0 0.3608785420656204 8.817668437957764 0.7866363897919655 0.1717887371778488 0.0939825251698494 0.08877747505903244 0 0 0 0.3666359782218933 0.7870404943823814 20.64385233074427 28.64479508250952 3.409045837819576 4.597937926650047 0.5642262250185013 0 0 2.436296954751015 1.068576030433178 0.3539263755083084 0.5225543156266212 0.4119143187999725 0.152229517698288 0.3805348500609398 28.30025291442871 1.983202695846558 0 41.98408157378435 10.21050401031971 18.7749100252986 5.122728377580643 0.353568896651268 0 6.745942190289497 0.1529024690389633 3.2350989356637 2.857726156711578 0 1.396625883877277 1.705090060830116 0.4987381845712662 0 0 0 0 0 0.1433396637439728 0.3739303722977638 0 82.42128531634808 3.683150470256805 0 0.2952793538570404 123.2222376465797 0 0.3800887763500214 0 0 0 1.371507823467255 0 0.1274709403514862 227.1391113400459 1.791112281382084 0 2.57315669208765 3.717817947268486 6.654361814260483 2.547343507409096 0 0 0 0 0 0 0 0 0 0 0 0 0 0 0 0 0 0 0 0.4567821472883224 0 0 0 0 1.990552857518196 0 0 0 0 0 0 0 0 0 0 0 0 1.154032677412033 0 0 0 0 0 0 0 0 0.1684245020151138 0 0 0 0 1.976138338446617 0.3520619869232178 0 0 0 0 0 0 0 0 12.68012551218271 0.8159385919570923 0 0 0 0 0 0 0 0 0.5329204797744751 0.2784523665904999 0.3803811073303223 0 0 0 0 0 0 0 0 5.192539289593697 1.504535384476185 2.959325686097145 45.45241456478834 2.66072953492403 35.67406177520752 3.114629700779915 274.9174890518188 3.359480530023575 0.4274918287992477 6.674992688000202 0.3984547853469849 0 0 0.1251061856746674 0 0 0 0.2059941738843918 0.2845019102096558 0
624.133662045002 3836.447431690991 887.9485614821315 173.581378467381 0 11.40948230028152 3940.855076789856 735.3029275536537 8294.365029200912 224.2293135002255 3916.921225771308 46.74382923543453 148.8942831158638 226.8207969069481 29.68824028968811 2.072024837136269 0.7446779608726501 0.1024018824100494 0.1524774879217148 1.126552261412144 0.5196630656719208 0 0.7505324929952621 0.2887641191482544 0 0.8904422596096992 0.4113903194665909 1.174535095691681 1.10646864771843 0 151.1538880690932 48.2978453785181 19.21566316485405 0.2215576469898224 0.1124584525823593 0.2462787926197052 12.19386298954487 0.4556857794523239 1.787814185023308 0.3936308771371841 0.6798790991306305 1.553525611758232 0.8679011315107346 1.190133921802044 0.6232136487960815 2.731984458863735 84.70634025335312 6.289409518241882 0.4714737385511398 0.7784141674637794 1.289001360535622 0 0 0.1569841802120209 1.597532987594604 4.645794883370399 37.02379997074604 158.9465334191918 12.94445686042309 39.95196114480495 4.171853460371494 4.440441206097603 0.2468916922807693 51.66948066651821 4.572740972042084 2.368466928601265 1.868790246546268 1.682068943977356 1.457755625247955 2.348287619650364 23.30693107098341 3.197976648807526 0 173.0015215799212 71.20315631479025 161.5332884788513 78.60334751009941 7.443737231194973 4.836113430559635 30.58334895223379 1.949873298406601 14.67974412441254 8.164212666451931 0.0914246067404747 6.944699987769127 6.559580527245998 3.330434150993824 0.2734449654817581 0.992265872657299 0.1585234701633453 0.7869774922728539 0.1771644800901413 1.601115718483925 0.2683527693152428 0.8028059527277946 62.52884623408318 3.912073686718941 0 3.878960132598877 66.02369745075703 0 0.1995550543069839 1.224372029304504 0.9710591733455658 0.4071788191795349 2.614617943763733 2.575447738170624 0.7472702115774155 5.28631329536438 6.379266232252121 0.1545017510652542 8.114498861134052 15.88319838047028 10.21924120932817 9.235851839184761 0 0.2407407462596893 0 0 0 0 0 0 0 0 0 0 0 0 0 0 0 0 0 4.036228619515896 0 0 0 0 8.306887790560722 0 1.945489019155502 0.566436193883419 0 0 0 0 0.4750394821166992 0 0 0 0.9054069668054581 0.2675474882125854 0 0 0 0 0.4911166876554489 0 0 0 0.3086024820804596 0.522650733590126 0 0 0.1661951243877411 7.169387027621269 0.4162442684173584 0 0 0 0 0 0 0 0 41.44841429591179 0 0 0 0 0.4259778708219528 0.4347824454307556 0 0 0.612754762172699 2.693550765514374 0.2245638966560364 0.3043682128190994 0 0 0 0 0 0 0 0 7.249713450670242 8.354450851678848 6.311069376766682 282.9938918277621 26.59096393734217 252.7008019536734 28.25191964954138 224.0303651914001 28.24160739034414 7.855063706636429 42.6306049451232 3.304312624037266 0 1.907222107052803 0.3018493205308914 0.5731392502784729 0 0 0.553850069642067 1.299410581588745 0
314.6751270890236 293.6517008170485 10.81068260967731 189.8991338312626 11.40948230028152 0 82.45834192633629 1.785232752561569 20.8136707469821 471.9652848020196 9.861930832266808 91.04247889667749 123.2825199961662 64.44183531403542 0 0 0 0 0 0 0 2.435993403196335 0 0 0 0 0 0 0 0 7.846478283405304 1.738787785172462 40.76087050139904 0 0 0 30.65051490068436 1.519122511148453 7.629195183515549 0 0.1465208977460861 0 0 0 0 0.1194254159927368 0 0 0 0 0 15.11248219013214 0 0 0 0.3179890811443329 68.19388196617365 9.875964686274529 1.668655350804329 0.3624882996082306 0 2.978894367814064 0 0 0.2427666559815407 0.1756487637758255 0 0 0 0 230.0528933256865 104.5860112309456 3.284427791833878 7.524425499141216 0.1690569370985031 2.732174277305603 0.2039074450731277 0 0.4248355031013489 27.2307093590498 0 2.65326900780201 0 0.4119823127985001 0 0.1899469345808029 0 7.899469718337059 0.291093572974205 18.29084323346615 0.1303395479917526 2.83756922185421 0 0 1.31494314968586 685.4268624335527 71.38279351592064 63.90806952118874 20.66364379227161 237.2196308523417 0 0 0 0 0 0.7758031040430069 2.041200637817383 0 4.471565783023834 0 0 0.3259668052196503 1.265293821692467 0.9838848561048508 0.1645892113447189 0 0.4262733161449432 0 0 0 0 0 0 0 0 0 0 0 0 0 0 0 0 0 0.496570885181427 0 0 0 0 0.9369738698005676 0 0 0.1669051498174667 0 0 0 0 0 0 0 0 0 0 0 0 0 0 0 0 0 0 0 0 0 0 0 0.9362139999866486 0 0 0 0 0 0 0 0 0 2.643989279866219 0 0 0 0 0 0 0 0 0 0 0 0 0 0 0 0 0 0 0 0 2.204876899719238 0.1245139241218567 0 8.561814904212952 1.394630424678326 3.998386010527611 0.4600623995065689 162.3506833165884 0.9817666709423065 0 1.526143208146095 1.206993341445923 0 0.5694245994091034 0 0.7801222205162048 0 0 0 0 0
415.4394030198455 4650.381951659918 58.21238034963608 1073.789347611368 3940.855076789856 82.45834192633629 0 122.7901022732258 6607.897516191006 2725.597903691232 350.1075032651424 394.991456784308 5618.723406001925 804.3267901837826 42.02881846576929 3.125489003956318 2.153370603919029 1.366339884698391 0.09702357649803162 1.41758169978857 0.9453976005315781 0 0.8254812359809875 0.5001899152994156 0 0.5409044548869133 1.730799712240696 1.633372567594051 1.331976115703583 0.4172724932432175 55.57006988674402 54.31590270251036 53.0349545776844 0.3179605826735497 0.2832814007997513 0.1518372595310211 23.00219403207302 1.113986931741238 3.156172312796116 0.6726281344890594 1.193495437502861 2.971976883709431 1.52331306040287 1.976296849548817 0.2117645516991615 3.852750189602375 128.913789100945 8.297575809061527 1.053272753953934 1.711219355463982 2.640253409743309 0.6540888398885727 0.1432600915431976 0.8286549970507622 3.227118767797947 6.236602440476418 52.51261454075575 146.6000870838761 17.81667172908783 52.42286562919617 5.355779051780701 12.47743048518896 0.5577360913157463 57.61713536083698 7.317764304578304 3.582949385046959 2.878290243446827 3.202731803059578 4.07464362680912 5.639461018145084 67.61255154758692 10.07339040189981 0 234.269249163568 86.65631580352783 211.9632285162807 91.17232385277748 11.70119880884886 8.186824016273022 58.97057914733887 3.721928253769875 22.74545267224312 11.24211632460356 0.3109085559844971 8.09459213912487 8.923636086285114 4.950020626187325 0.268927127122879 1.425330944359303 0.1002186164259911 1.016367219388485 0.6492468118667603 1.962273314595222 1.178197138011456 0.4744615480303764 347.8633025065064 13.1722010448575 0 9.511559993028641 67.59483028203249 0 1.121878758072853 1.911953821778297 1.648235738277435 1.038138851523399 16.57611630111933 7.8526880890131 1.367779761552811 93.15428727865219 20.66063264012337 1.86455824226141 44.02105387300253 81.35661587864161 47.74784158915281 24.48769606649876 1.045338585972786 0.1606820374727249 0 0 0 0 0.2289223223924637 0 0 0 0 0 0 0 0 0 0 0 0 6.005952149629593 1.054487258195877 0 0 0 28.11499221622944 0 6.326025240123272 1.73304545134306 0 0 0 0 1.094734877347946 0 0.14280766248703 0 0.5382888317108154 1.850524574518204 0.5400300323963165 0 0.1074997708201408 0 0 0 0 0 0.2660309970378876 1.604156829416752 0 0 0 23.49794790893793 2.852837570011616 0 0 0 0 0 0 0 0 142.279554694891 2.824956879019737 0 0 0.1023963689804077 1.787504389882088 2.078698486089706 1.344518169760704 2.644375666975975 3.002084895968437 4.148287683725357 2.362575575709343 1.828947946429253 0.2108984440565109 0 0 0 0 0 0 0 50.96683802455664 18.91454824060202 24.79522952437401 464.3878107815981 39.74046336859465 374.2934690490365 39.55100989341736 456.3252613767982 41.8183046579361 10.41842036694288 71.843849606812 7.72903598845005 0.4538986906409264 5.179151766002178 1.563733890652657 2.482550501823425 1.605217352509499 0 0.9977675005793571 2.671807751059532 0
186.1390930488706 308.813221372664 1442.939808152616 2.432708591222763 735.3029275536537 1.785232752561569 122.7901022732258 0 1559.972684204578 4.239637494087219 4173.123746179044 1.959439538419247 115.030502282083 224.3373352065682 25.0574124827981 5.49835941940546 5.746397413313389 4.649242103099823 0.5204430222511292 27.04468879848719 16.08015650510788 0.2830193266272545 12.09388580918312 3.490907989442348 5.992448978126049 5.453752055764198 9.676639825105667 1.807783968746662 0.4283067137002945 0.9381331205368042 393.6980930119753 1584.13398475945 32.15414167195559 5.24913489818573 9.98531124740839 0.9901727288961411 7.268059901893139 1.632957115769386 0.5866003856062889 1.866936035454273 5.715167976915836 2.740236453711987 20.93178417533636 13.87037784606218 3.419286362826824 19.26035190373659 52.98587299883366 3.891585931181908 2.437785148620605 7.050702750682831 0.7564213648438454 0 0 0.4570184126496315 1.014628559350967 2.511581920087337 28.5292936116457 267.7206210568547 6.559991016983986 19.69442683458328 86.27656660974026 14.49474167078733 5.238106451928616 474.5001432448626 2.207382589578629 1.980699114501476 1.266623064875603 1.353744871914387 35.02233852446079 57.95928180962801 5.781117662787437 1.163400188088417 0 118.4286184757948 97.52175571024418 81.26581690460443 290.9997322559357 1022.088599830866 1619.962940908968 2903.463357277215 185.3880667611957 1286.565565876663 4.805129654705524 0.0890609472990036 3.55735419690609 2.594335839152336 11.73650849610567 0 0.4360347837209702 0.09181210398674011 0.2886957675218582 0.2150074243545532 7.376936227083206 0.5951646119356155 0.6387436464428902 8.560730248689651 1.186386108398438 0 0.5377364903688431 54.74804280698299 0 0 0 0 0 0.7754632756114006 0.1807761937379837 0 0.5535029172897339 0.3526723086833954 0.1815209984779358 2.219217799603939 1.725051954388618 1.956547528505325 0.6179622858762741 0.1359099447727203 0 0 0 0 0 0 0 0 0 0 0 0.1462907791137695 0 0.2710272371768951 0 0.1383978426456451 0 0 0.2018154710531235 0 0 0 0 1.361431539058685 0.2945479601621628 0.4394308254122734 0.355319119989872 0.3673636615276337 0.1277508139610291 0 0 0 0 0 0 0 0.6454621180891991 0 0 0.1870086342096329 0.1284411996603012 0.3115064054727554 0 0 0 0 0 0 0 0.1138850972056389 0.7279101610183716 0 0 0 0 0 0 0 0 0.1455107778310776 6.343247458338737 0.4294351041316986 0 0 0.324488639831543 0.1078692004084587 0 0.2325872778892517 0.4741545617580414 0 0.1149120405316353 0 0.5049972534179688 0 0 0 0 0 0 0 0 1.334449008107185 1.273217439651489 2.778472624719143 128.3813125118613 11.01672551035881 145.1679572612047 16.20169495791197 62.1001522988081 11.47246956080198 4.020211838185787 24.11728608608246 1.898160099983215 0 0.5639997348189354 0.3895712047815323 0 0.1335277110338211 0 0 0.4936857223510742 0
151.1570740565658 1525.504317075014 515.3142029047012 113.7849197089672 8294.365029200912 20.8136707469821 6607.897516191006 1559.972684204578 0 409.4504718929529 5002.259033873677 156.6860200464725 2875.551493182778 2178.372432388365 43.14778240770102 3.13990643620491 1.983612313866615 0.3538064882159233 0 1.776130490005016 0.7827467322349548 0 1.33950038254261 0.7490959763526917 0.6841044723987579 2.447163984179497 1.948121845722198 1.501280188560486 0.9956940710544586 0.5339758694171906 85.23354168236256 120.6187763288617 74.20340555906296 0 1.242751650512218 0.130061537027359 25.76190547645092 0.8454427197575569 4.121509544551373 0.1290210038423538 1.186292983591557 2.361943110823631 1.068193331360817 1.989778518676758 0.4370754063129425 2.31861999630928 128.2440660446882 3.860693491995335 0.3779897168278694 1.799724034965038 1.328326128423214 0.198875218629837 0 0.1652386337518692 0.6246853023767471 5.163186326622963 33.06776495277882 131.3449747860432 10.05272649973631 40.96580471098423 2.984041355550289 6.158132247626781 0.08820796757936478 63.00981549173594 6.3217568770051 3.025865450501442 1.527596779167652 1.751679964363575 3.855261616408825 8.294929705560207 48.61020787805319 9.74364373087883 0 155.448671258986 72.10737688839436 167.2862333580852 76.70242457091808 14.18399053066969 26.45076736807823 127.7420168295503 2.105254866182804 22.38678535819054 7.026490785181522 0.3386830165982246 5.439880385994911 6.170919701457024 5.091910570859909 0 0.9142981693148613 0.2892858386039734 0.763770654797554 0.2653089612722397 1.610591940581799 1.449632480740547 0.5850706622004509 313.0431062802672 8.126801155507565 0 3.513694815337658 32.70140598714352 0 2.505859643220901 2.020679205656052 1.939703360199928 0.9600656926631927 15.60098350048065 8.808181941509247 3.595789268612862 21.39689829200506 15.95431607961655 0.6325508505105972 41.28957790136337 73.28044590353966 54.7249201759696 24.07840415090322 1.021941587328911 0 0 0 0 0 0 0 0 0 0 0 0.253432959318161 0 0 0 0 0 0 7.33834520727396 0.5257892459630966 0 0 0 20.92020203173161 0 4.960938185453415 0.5623450428247452 0 0 0 0 0.9621822983026505 0 0 0 1.301731750369072 3.506999641656876 0 0 0 0 0.3494162708520889 0 0 0 0.5506537258625031 0.320450633764267 0 0 0 25.01225034892559 5.062450006604195 0.3020663857460022 0.1303713321685791 0 0 0 0.2693911194801331 0 0 119.48461599648 1.585557967424393 0 0 0.1271894574165344 2.689343743026257 0.8845053911209106 1.581548437476158 0.5088022649288177 1.644951924681664 3.332540854811668 3.752218261361122 2.64869686961174 0 0 0 0 0 0 0 0 54.14535472542048 16.30348221957684 24.28648180514574 475.3442836478353 28.61987796425819 367.4376407042146 35.78642451763153 247.7547962516546 31.58375533670187 6.684834815561771 68.49693441390991 7.990101374685764 0 4.20934683829546 0.7591008916497231 3.521802321076393 0.5335416048765182 0 1.677044361829758 1.975258380174637 0
1158.392086967826 1886.86607413739 10.07954486459494 3648.519516602159 224.2293135002255 471.9652848020196 2725.597903691232 4.239637494087219 409.4504718929529 0 67.45049825310707 2835.748139463365 6721.332407228649 1240.078809767962 6.204681381583214 0.8794870004057884 0.1105280220508575 0.1167335361242294 0 0.3751539885997772 0.447425052523613 0 0.5445429086685181 0 0.1830223798751831 0.210179015994072 0.360721081495285 0.1937280744314194 0 0 10.2394273430109 4.842387095093727 176.772129252553 0.106489822268486 0 0 67.75612346827984 0.1517636477947235 11.10947081446648 0.3875972628593445 0.2551903650164604 0.2097985744476318 0.6095819696784019 0.3358504995703697 0.1262169927358627 0.1113966479897499 20.71614719927311 1.10054887086153 0 0.3750842586159706 0.08556651324033737 0 0 0 0.5303035005927086 1.184031903743744 35.83807385712862 32.92503471672535 5.732519045472145 9.858695089817047 0.5877061113715172 37.28389620780945 0 5.463390313088894 2.303582020103931 0.76686180382967 0.6782983765006065 0.2279763147234917 0.8395142108201981 1.594733215868473 195.629871442914 19.80876091122627 0 62.10752930492163 15.34242594242096 34.87557837367058 11.57730834186077 1.373865038156509 0.2617604732513428 131.3598263338208 0.5629097372293472 29.05541767925024 3.51331502199173 0 1.868189178407192 1.313889965415001 1.240355007350445 0.1975857317447662 0.4584011062979698 0 0.2526576444506645 0 0.1125402897596359 0 0.3167301714420319 877.082842707634 32.33943308889866 0 19.402060136199 334.7843009382486 0.6916182637214661 0 2.678517922759056 2.931660175323486 1.911166846752167 18.16506050527096 7.888237044215202 0.5219534039497375 320.1466701179743 19.20136275887489 1.392265737056732 31.8174274712801 61.17678222060204 43.60398181527853 19.39928946644068 0 0 0 0 0 0 0 0 0 0 0 0 0 0 0 0 0 0 0 3.260717421770096 1.721441298723221 0 0 0 20.9875864982605 0.6552073955535889 2.452041141688824 2.517488941550255 0 0 0 0 0 0 0 0 2.087586611509323 3.256842598319054 0 0 0 0 0 0 0 0 0 1.394241191446781 0 0 0 17.77056155353785 1.056815281510353 0.2700639665126801 0.1207602024078369 0 0 0 0 0 0 84.66438027471304 1.234452962875366 0 0 0 3.473734140396118 0 1.466886013746262 0.5874452143907547 3.327921375632286 3.539116725325584 3.224699661135674 1.22450453042984 0 0 0 0 0 0 0 0 41.73879554122686 13.5195220336318 20.67864619940519 169.5294292941689 2.028364419937134 83.67594017833471 7.885466352105141 837.1897374466062 8.807096853852272 1.948486797511578 21.76598294079304 7.793469771742821 0 3.107367888092995 1.509338527917862 3.338192954659462 0.2685666978359222 0 0.4964045286178589 0.959271177649498 0
1154.873022653162 3485.427641630173 3790.344637013972 15.32255582511425 3916.921225771308 9.861930832266808 350.1075032651424 4173.123746179044 5002.259033873677 67.45049825310707 0 30.72167251259089 1329.815906941891 3549.940824687481 61.17058327794075 18.37196853011847 7.205838061869144 2.301856160163879 0.6099663004279137 6.551423862576485 10.11215497553349 0.4676772207021713 11.04520233720541 4.805042244493961 10.62047908455133 7.895617336034775 20.94250323623419 3.034080080688 1.085766322910786 3.304137542843819 718.6566435992718 744.8599064648151 602.500330068171 0.9036979675292969 5.966344878077507 6.31412298977375 80.10859563201666 13.52812615036964 6.221354007720947 9.366964928805828 9.02736996114254 2.296958610415459 5.363666646182537 7.431566514074802 2.137187197804451 4.465286433696747 149.8100021407008 9.714740566909313 4.542249955236912 4.695907399058342 3.22960065305233 0.6549388021230698 0 1.153801530599594 2.500172838568687 5.860565297305584 77.92878546565771 402.9954902380705 20.23327731341124 48.69617629051208 6.938685216009617 37.31577324867249 1.045415252447128 127.8115087375045 8.022016301751137 4.211141787469387 4.09068888425827 2.386701911687851 20.67037892341614 48.9706257507205 66.12418560683727 13.33467025309801 0 266.4720134437084 132.5002483874559 217.2717384845018 133.9257947131991 36.03500955551863 215.9668928533792 515.2001945897937 4.08389201015234 86.34612113982439 13.18627353012562 0.4010944217443466 9.917917996644974 10.31309194862843 10.99569202959538 0.5075751096010208 1.937885545194149 0.4730415865778923 0.723484642803669 0.908726803958416 8.585958704352379 2.23726013302803 0.7605499476194382 111.8749700635672 4.896979726850986 0.2657869458198547 7.103570356965065 189.1897576525807 0.1215992942452431 0.1685899347066879 0.7109323740005493 0.2041479051113129 0.2013755589723587 3.044083163142204 1.37190055847168 1.169558338820934 4.590556085109711 5.779820449650288 0.5230369195342064 14.81728082150221 22.55565771460533 19.36650197952986 9.640557765960693 0.1113921403884888 0.1276690661907196 0 0 0 0 0 0 0 0 0.34321229159832 0 0 0.3890842646360397 0 0.1388684511184692 0 0 0.1674445271492004 3.053976833820343 1.25471131503582 0 0 0 11.71149362623692 0 5.141584150493145 1.855413809418678 0.8274646028876305 0.8396172374486923 0.1165701374411583 0 0 0 0.3462201207876205 0 0.8943842649459839 2.419298574328423 0.2758224606513977 0.3798492252826691 0 1.508851155638695 0.2170153111219406 0 0 0 0 0.91314397752285 0 0 0 9.916217520833015 1.287579163908958 0.1120625883340836 0 0 0 0.1605952978134155 0.5033646374940872 0 0 69.70211296528578 3.425094366073608 0 0 0.1543503552675247 1.248051375150681 0.4234050959348679 0.7192677706480026 0 1.336623288691044 1.837452009320259 0.9557360708713531 0.9203322753310204 0 0 0 0 0 0 0 0.1416070014238358 19.69873698055744 14.00970803946257 15.61254690587521 416.3415614664555 41.46913342177868 416.2544988393784 46.70772815495729 227.9671698063612 36.48823727667332 10.50361301004887 79.38660369813442 7.268615379929543 0.7522214651107788 2.030210696160793 0.4234732463955879 0.8376566767692566 0.1398187279701233 0.1629116535186768 0.7833114042878151 3.280664049088955 0
175.0137733593583 165.0005386695266 2.663970321416855 1645.372627213597 46.74382923543453 91.04247889667749 394.991456784308 1.959439538419247 156.6860200464725 2835.748139463365 30.72167251259089 0 3644.224900484085 655.597125440836 3.512812241911888 0.6699778139591217 0.6739482581615448 0 0 0.1426789462566376 0.2448632568120956 0 0 0 0 0.4905679970979691 0 0.3852587789297104 0 0 1.665924489498138 0.2732116803526878 51.87583056092262 0 0.3542663156986237 0 20.09394462406635 1.416740551590919 1.338120102882385 0.3472061455249786 0.1181182116270065 0.1244474947452545 0.08559299260377884 0 0.1328383535146713 0.1288684159517288 7.526414461433887 0.4916973486542702 0.1586777567863464 0.6657879203557968 0.3114200681447983 0.1664280444383621 0 0.132863312959671 0 0.09289845824241638 7.900724671781063 7.492531411349773 1.574289582669735 2.178094044327736 0.2082724198698997 13.85363030433655 0 2.561406210064888 0.3595082834362984 0.1224458068609238 0.4732789695262909 0 1.072154402732849 2.262405142188072 146.6264606267214 7.079027250409126 0 13.83879916369915 2.185999497771263 9.294660627841949 4.576735444366932 0.6819619089365005 0 186.5497135594487 0.3018383681774139 3.741175964474678 0.1116215288639069 0 0.09435635805130005 0.5153158605098724 0 0 0.2037538960576057 0 0 0.2020150572061539 0.5071858018636703 0 0 1023.898082926869 7.3087417781353 0 2.463734805583954 38.51498618721962 0.273072361946106 1.001624643802643 0.725824773311615 0.3553396463394165 0.6831958740949631 16.15261067450047 4.53921315073967 2.29480767250061 15.7622145563364 14.91529832780361 0.4166291356086731 28.03907168656588 39.07485398650169 34.28507865965366 11.34563693404198 0 0.4736075103282928 0 0 0 0 0 0 0 0 0 0 0 0 0 0 0 0 0 3.042997747659683 0.488476350903511 0 0 0 11.06371265649796 0 1.726282373070717 0.8665684759616852 0 0 0 0 0.2128738462924957 0 0.1713772118091583 0 0.3553432524204254 0.6461687237024307 0 0 0 0.1430864185094833 0 0 0 0 0 0.4376737326383591 0 0 0 12.26746132969856 1.442105695605278 0 0 0 0 0 0 0 0 70.56616772711277 1.634503826498985 0 0 0 1.790298134088516 0 0 0.3618112504482269 1.131832227110863 2.8929288610816 0.8971651792526245 0.4962366223335266 0.7334258854389191 0 0 0 0 0 0 0 45.8000832721591 8.938488706946373 9.793738037347794 46.21213172376156 2.029401451349258 31.58484634757042 3.1849764585495 112.8275289237499 3.096411168575287 0.1189839318394661 10.21546871215105 1.507912367582321 0.1506529450416565 2.378199890255928 0.09804636985063553 1.880397997796535 0.1334342509508133 0 0.1664977669715881 0.5966384261846542 0
305.8570747599006 683.587043531239 59.40668862313032 2103.148299098015 148.8942831158638 123.2825199961662 5618.723406001925 115.030502282083 2875.551493182778 6721.332407228649 1329.815906941891 3644.224900484085 0 3964.045292146504 30.04632022976875 6.889370501041412 2.280453041195869 1.004466772079468 0.1259956210851669 0.9067534655332565 2.573765493929386 0 2.093308880925179 0.815056174993515 2.211252480745316 1.899358429014683 5.402030944824219 1.016040965914726 0.5525752604007721 0.578485295176506 26.95046113431454 37.61469411104918 184.9851923808455 0.1856045722961426 1.054146572947502 0.7019436657428741 45.02298171818256 1.469660133123398 3.821395665407181 3.541478544473648 2.65151384472847 0.2484482452273369 1.849548429250717 3.200130619108677 0.9663708284497261 1.407691225409508 67.95055782049894 1.747801460325718 1.535846993327141 3.472109861671925 1.115480169653893 0 0 0.6149936765432358 0.5036731287837029 1.120344318449497 20.39353622496128 43.29757765680552 4.710554830729961 17.21812034398317 2.793535351753235 14.47294680774212 0 20.93563937395811 2.640307612717152 0.9353738352656364 1.137648403644562 0.4976808503270149 9.379210360348225 15.44429253041744 276.0739336982369 24.68485094606876 0 60.37448050826788 23.29372330754995 74.95474623143673 34.95355665683746 15.69129440188408 9.01393149793148 108.4483418166637 0.734488770365715 23.51673226803541 3.625051714479923 0.09245284646749496 1.358735240995884 2.516363516449928 2.92156046628952 0 0.2883284166455269 0 0.6871813237667084 1.42288039624691 2.93460027128458 1.004074946045876 0.2588084638118744 2376.062966272235 9.820740319788456 0.1938019543886185 4.700175121426582 60.11673830449581 0.4832513108849525 3.498797751963139 3.457548871636391 2.837914288043976 2.515795893967152 32.02406729757786 14.55284114181995 6.569507360458374 143.1177688390017 41.61370041966438 1.618567690253258 85.0325817540288 142.2475261762738 103.175859041512 42.64144817739725 1.243676885962486 1.184920310974121 0 0 0 0 0 0.1820714473724365 0 0 0.1451840400695801 0 0 0.2005576193332672 0 0.1324537843465805 0 0 0 14.06754115223885 3.465725839138031 0 0.136117622256279 0 35.81259304285049 0 7.256800018250942 2.986591026186943 0.3049960285425186 0.1356857866048813 0.1438299417495728 0 2.019865661859512 0.161975085735321 0 0 0.7956253960728645 6.962935410439968 0.1104162484407425 0 0 0.1339082717895508 0.2404820770025253 0 0 0 0.893140435218811 2.330787822604179 0 0 0.1602774858474731 38.24449038505554 4.497097380459309 0.6056873872876167 0 0 0 0 0 0 0 303.1678946614265 5.679543428122997 0 0 0 4.201371394097805 1.051580458879471 1.549107372760773 1.546714879572392 2.952798962593079 5.900820180773735 4.768427819013596 2.081339091062546 0.2399126887321472 0 0 0 0 0 0 0 117.5477430894971 41.71061993390322 51.20202794671059 237.5203128159046 15.42224462330341 188.1028439849615 24.15021748095751 192.5009864196181 19.36400189995766 3.236175335943699 36.35651875287294 10.07121455669403 0 8.190715827047825 0.2493913844227791 5.685814648866653 0.9812769815325737 0 1.745341956615448 0.8629854172468185 0
230.7536225393414 462.0356855764985 243.3784197047353 225.5085354223847 226.8207969069481 64.44183531403542 804.3267901837826 224.3373352065682 2178.372432388365 1240.078809767962 3549.940824687481 655.597125440836 3964.045292146504 0 57.34041716903448 19.49695538729429 9.595514208078384 2.294004298746586 0.7457375824451447 4.771535448729992 6.766775064170361 1.007466554641724 13.62729033827782 3.966853909194469 15.3379176184535 16.37353172153234 30.89579325914383 4.249944381415844 1.963031828403473 5.32333517819643 99.19579538702965 83.38009169697762 1254.900721766055 0.9777172207832336 4.962110921740532 5.490671709179878 332.001282915473 22.91530951112509 23.70618829876184 19.12814106047153 14.22136930376291 1.881132982671261 4.977693535387516 6.150324165821075 1.350444689393044 3.093749575316906 114.0547006949782 2.783209972083569 3.863336600363255 8.183298967778683 1.439215734601021 0.2875214666128159 0.2856264412403107 1.209983617067337 1.480035848915577 1.539481356739998 26.35845105350018 77.67366578429937 7.309253938496113 22.29849218577147 3.047531925141811 126.9100361913443 0.3177678138017654 33.31866342574358 2.384992018342018 1.227817289531231 1.20979280769825 1.294075042009354 27.93394457548857 70.93261218070984 244.1387504190207 43.73707481473684 0.3218619525432587 92.14044916629791 35.93356781452894 108.6347817927599 57.76851912587881 22.81398301571608 22.67775502055883 982.5747876986861 0.9714535176753998 97.44256780296564 5.248276092112064 0.1040052399039268 2.887139916419983 3.4538738951087 8.385318547487259 0.07741691917181015 1.189215309917927 0 0.7472673654556274 0 13.79650539904833 2.342854157090187 0.7321745529770851 1370.873002164066 16.95394191145897 0.4850633442401886 14.49150018393993 66.30173017084599 0.362170472741127 1.253413200378418 2.498479172587395 2.508550837635994 1.534325949847698 24.37700738757849 9.212327741086483 2.146730095148087 24.90949919074774 26.33609440922737 1.493353053927422 61.64817947149277 113.6570352837443 77.68374060094357 34.70683688670397 1.107433192431927 1.094781465828419 0 0 0 0 0.1245167925953865 0 0 0 0.407785177230835 0 0.8207667320966721 0.2787073254585266 0.8790780305862427 0.4862671792507172 0.8606974184513092 0.7620530128479004 0.4591650515794754 9.312471598386765 3.918383322656155 0 0.5277066975831985 0 33.0163612216711 0.5622719675302505 11.67628422379494 7.955904968082905 2.673225939273834 0.4302497953176498 0.1728867590427399 0 1.708651952445507 0.4134979173541069 0.563675120472908 0 0.2840036451816559 7.288725666701794 0.2247899398207664 0 0 1.276034399867058 0.1120292618870735 0 0 0 0.9104067236185074 2.24388013035059 0 0.6644796878099442 0 38.40854649245739 4.845597051084042 0.4759722203016281 0.4555307179689407 0 0 0.1297231316566467 0 0 0.1345718502998352 258.0137255042791 4.476057842373848 0 0 0.1279997080564499 5.194299504160881 1.216284722089767 3.656341284513474 1.030021972954273 1.321635164320469 5.765610843896866 5.173070445656776 1.107232004404068 0.279543861746788 0 0.3102009296417236 0 0 0 0 0 101.446601472795 40.9244554117322 51.1531220600009 370.4491777047515 24.84207334369421 342.2978423163295 35.90019853413105 173.459871083498 24.53049279004335 3.523082084953785 77.67556294798851 11.96347684413195 0.353047639131546 11.97041124105453 0.4507427960634232 4.18319983035326 1.233146779239178 0 2.031714826822281 3.087164111435413 0
