0 2368.803805328906 962.9941745847464 1074.102701611817 188.2940760031343 158.8575999438763 383.1733164340258 256.4050297364593 78.39092542231083 3100.110750168562 675.7855292707682 99.71268723905087 180.3015862628818 71.68577871471643 1.818245463073254 0.1191092357039452 0 0 0 0 0 0.6116854250431061 0 0 0 0 0.1309947073459625 0.1378493756055832 0.3669494688510895 0 126.4843490943313 59.47053197771311 5.383768364787102 0 0.1170080527663231 0.7191731333732605 4.167048111557961 0.8791381269693375 2.495452083647251 0.2421628460288048 0.8499474003911018 0.5096638202667236 0 0 0 0.2305754125118256 7.559111692011356 0.3485981747508049 0 0.1499419957399368 0.1126330345869064 2.074265420436859 0.3058402538299561 0 2.491799220442772 1.96570361405611 136.4921965748072 235.1665884852409 10.49422951042652 11.16369917988777 0.1769334375858307 1.915020957589149 0.1294848471879959 5.78690891712904 1.368969574570656 0.1389937624335289 0 0.3719521760940552 0.2983914166688919 0.6721782386302948 13.92939229309559 40.60622444748878 3.1963931620121 73.25775152444839 10.56289356201887 6.151476822793484 2.454447515308857 1.803549729287624 0.3063769936561584 94.57077668607235 1.148834936320782 31.16259229183197 2.728547051548958 0.3949735015630722 0.6258331835269928 0.1656004041433334 0 1.399366393685341 0.3536849915981293 5.158803410828114 0 0.8436808884143829 0 0.1647838056087494 0.155975729227066 270.516336530447 43.2538380920887 4.940046727657318 3.665876775979996 1149.899204879999 0 0 0 0 0.08849356323480606 0 0 0 0.7748847007751465 0 0.3363146185874939 1.398622423410416 1.01558929681778 0.9041271507740021 0 0 0.1298671960830688 0 0 0 0 0 0 0 0 0 0 0 0 0 0 0 0 0 0 0 0 0.2101069241762161 0 0.1138473376631737 0 0.6614186614751816 0.8230189830064774 0.3805508613586426 0 0 0 0 0.2110711187124252 0.15572290122509 0 0 0 0 0 0 0 0 0 0 0 0 0 0 0 0.1183242276310921 1.066482365131378 0 0 0 0 0 0 0 0 0 1.428214281797409 0 0 0 0 0.305622786283493 0.2034541070461273 0.5078625679016113 0 0 0 0 0 0 0 0 0 0 0 0 0 3.067384958267212 1.351225838065147 0.895430900156498 286.8696393296123 4.713898479938507 37.73487012088299 16.30068928003311 948.6722844541073 27.46328307688236 2.881701447069645 4.292371474206448 0 0 0.6921466216444969 0.1222118213772774 0 0 0.1814334392547607 0 0.1386378705501556 0
2368.803805328906 0 2368.831813029945 401.3287817165256 5487.154673837125 248.443155258894 1178.172578133643 1821.672521427274 1793.295623756945 326.3468218073249 7264.686769679189 26.35838095098734 430.2388683483005 684.2179466933012 10.03171823918819 1.049684353172779 0.1075176373124123 0.2509878277778625 0.09501565992832184 0 0.2459416538476944 0 0.2421813607215881 0 1.358720555901527 0.1067672669887543 0.6949455216526985 0.1436663568019867 0 0.3045781627297401 586.8943206444383 23.54478278756142 32.57116944342852 0 0.4473769515752792 1.606137171387672 13.3900116533041 2.955722399055958 3.373816817998886 1.363669410347939 1.376348875463009 0.8625363707542419 0.1655163615942001 0.6719510927796364 0 0 117.506987825036 3.613449312746525 0 0.1058816835284233 1.049046769738197 0 0 0 13.02896235883236 10.89432386681437 162.7858482301235 504.8021112307906 17.62939876317978 52.2158901616931 1.268995799124241 7.036281406879425 0.4954415261745453 72.96280610561371 9.162085235118866 2.13656011223793 0.6494160480797291 0.9525306671857834 0.7468328028917313 2.259546905755997 9.646720118820667 1.640307076275349 0.1242376565933228 237.7848683446646 171.5308913961053 57.95089321583509 72.22745181620121 10.05886065214872 8.329346537590027 370.9035768732429 3.950037278234959 144.2987361103296 25.42598290741444 0.6694910898804665 5.318406991660595 2.856958642601967 1.742601558566093 0.07076044380664825 0 0 0.1089672595262527 0 0.5236284732818604 0.1125564873218536 0 40.00561140477657 1.938649415969849 0.1741572469472885 1.005643360316753 1566.488205999136 0 0.1442756652832031 0.3198969811201096 0.09465443342924118 0 0 0 0.3351141512393951 1.912573993206024 0.6842082291841507 1.046339273452759 2.799266010522842 2.672717392444611 4.776658989489079 1.365599289536476 0 0 0 0 0 0 0 0 0 0 0 0 0 0 0 0 0 0 0 0.4721817895770073 0.2688275128602982 0 0.1157945841550827 0 1.889820218086243 0.1296786516904831 2.575080670416355 0.7580014243721962 0.3446499705314636 0 0 0 0 0 0.3711108565330505 0 0 0 0 0 0 0 0 0.07527679204940796 0 0.07477420568466187 0 0 0 0.1595827490091324 0.5538852214813232 1.303691036999226 0 0 0 0.1570258438587189 0.09247314929962158 0 0 0 0 4.975117512047291 0.271674782037735 0 0 0 2.446419239044189 0.5196535736322403 1.32891396433115 0.09862826019525528 0.2056467980146408 0 0 0 0 0 0.1033882722258568 0 0 0 0 0 1.098992958664894 1.144645474851131 1.713006302714348 146.283377148211 40.21732471883297 388.8284318894148 126.4093916788697 1804.953822642565 118.0596163272858 11.04264461994171 45.04335622489452 6.387670129537582 0.6206834018230438 3.636574670672417 1.02412360906601 2.51224485039711 0.2163270190358162 0.4520891532301903 2.583962813019753 2.403272546827793 0
962.9941745847464 2368.831813029945 0 28.78542461246252 257.9830688163638 5.034809812903404 133.4174205213785 2915.39055866003 279.8308974429965 8.587084300816059 2264.21186145395 2.953190013766289 12.76048804819584 117.7818488255143 7.278935708105564 2.50041663646698 1.2269591614604 0.396557092666626 0 0.3356356620788574 0.4218067452311516 0 1.431084617972374 0.3632291108369827 1.648135311901569 0.4908031299710274 1.094610929489136 0.2087585180997849 0 0.3251219093799591 1492.098736174405 108.2610575184226 8.282737582921982 0.1211221590638161 3.137466318905354 2.981721997261047 6.190861731767654 1.658153362572193 2.918834522366524 1.89887597411871 4.663533486425877 0.935067243874073 3.229296162724495 3.31684198230505 0.1307121366262436 4.020138055086136 58.23330564796925 2.131899371743202 0.7339189574122429 4.342249557375908 1.246769927442074 0.0957866758108139 0.2666717171669006 0.7212839722633362 7.174108423292637 6.778558880090714 103.4560395777225 597.8544807136059 15.07435765862465 36.08654816448689 47.62000264972448 5.081882782280445 3.443996071815491 162.022127263248 5.247750140726566 1.836344465613365 0.9835100099444389 0.8960833102464676 5.787324577569962 8.413311295211315 1.211939014494419 0.2857951372861862 0 173.0376693233848 150.5753953456879 46.53716621547937 40.6370245590806 20.66575188934803 72.33342465013266 773.4086711555719 165.8035241737962 727.241420224309 14.66823101043701 0.5475983321666718 3.554641716182232 2.038630850613117 3.838983103632927 0 0.5983252376317978 0.5133808702230453 0.3735032677650452 0.3510532379150391 1.29262451082468 0.4568066522479057 0 0.7095730900764465 0.3106522038578987 0 0.5201534554362297 787.3469079881907 0 0 0 0 0.134925439953804 0 0 0 0 0 0 0 0.3878239393234253 0.3899418190121651 0.3344526588916779 0.1123097687959671 0.5561672300100327 0 0.706227645277977 0 0 0 0.1168144568800926 0 0 0 0 0 0 0 0 0.1335113942623138 0 0 0.2027877122163773 0 0 0.1351803988218307 0 2.356496378779411 0.2521408125758171 1.122099712491035 1.633750431239605 1.025583490729332 0 0 0 0.2074622362852097 0 0.2710839137434959 0 0 0.4649080485105515 0 0 0.1643956750631332 0 0 0.07716219127178192 0 0.1010453402996063 0 0.0870157927274704 0 0.5639178901910782 0.4116469696164131 0.4925499260425568 0 0 0 0 0 0 0 0 0.1306043416261673 2.554278470575809 0.4589795619249344 0 0 0 0.6217504516243935 0.7930260226130486 0.205726757645607 0 0.09845802932977676 0.2929974496364594 0.08950047940015793 0.1104594022035599 0 0.08128455281257629 0 0 0 0 0 0.1285516023635864 0.387418158352375 0.3441140800714493 3.951894789934158 33.80148485302925 24.54466583579779 138.66579413414 52.95292913913727 398.7754678875208 55.34802036732435 6.844762772321701 14.12502597272396 0.823834702372551 0.1864186078310013 2.952044293284416 0.4798568114638329 2.26466378569603 0 0.2992268353700638 0.2424331530928612 1.210224732756615 0.1480565965175629
1074.102701611817 401.3287817165256 28.78542461246252 0 462.7596275508404 165.4746146500111 1032.614469468594 13.32309142500162 130.7193926498294 1384.191226184368 128.4337064772844 426.4500489085913 2331.255832441151 257.4322318285704 1.289141908288002 0 0.3642564490437508 0 0 0 0 0 0 0 0 0.1070073172450066 0 0 0 0 23.99812394380569 2.418040759861469 3.830962896347046 0 0 0 0.2404212281107903 0.3679430186748505 0.4679017961025238 0 0 0.07188330590724945 0 0.2429562881588936 0 0.2677570879459381 27.25789914280176 1.273768462240696 0 0 0.233126662671566 0.2188490331172943 0 0 4.331017293035984 2.722235836088657 18.96014519035816 55.43922937661409 4.272393353283405 13.62681503593922 0 0.5055478811264038 0 11.6543926820159 3.058524861931801 0.5434153899550438 0.3935916945338249 0.395934633910656 0.1202449053525925 0 7.028218150138855 1.575014710426331 0 55.17060385644436 45.11844620108604 18.45672269165516 12.29273401200771 1.045614004135132 0.226422481238842 7.080104619264603 0.2277188152074814 2.078034624457359 8.008465647697449 0.2971996739506721 1.583937600255013 1.043842665851116 0.8282864019274712 0 0 0.1086428910493851 0.5054202675819397 0.1443312168121338 0 0 0 41.61187201738358 0.07643118500709534 0 0 191.7639524638653 0 0.1477080732584 0.1878587454557419 0 0.5126583278179169 0.6988711357116699 0.8138518333435059 0.2404041439294815 1.972773969173431 0.3846494257450104 0.6658740043640137 3.446858942508698 4.71501313149929 5.246374368667603 1.88078336417675 0 0 0 0 0 0 0 0 0 0 0 0 0 0 0 0 0 0 0 0 0.8032474517822266 0 0 0 0.6871824786067009 0 0 0 0 0 0 0 0 0 0 0 0 0 0 0 0 0 0 0 0 0 0 0 0 0 0 1.774688482284546 0 0 0 0 0 0 0 0 0 5.668030083179474 0 0 0 0 0.2594598829746246 1.655875474214554 3.157749444246292 0.1029817461967468 0 0 0 0 0 0.07372333854436874 0 0 0.08397310227155685 0 0 0 1.881773933768272 1.426751047372818 0.755059152841568 67.58695654571056 17.5557061880827 90.74960001930594 35.40854617208242 620.5692890137434 28.83942705392838 3.807181611657143 10.74870084971189 0.6285403966903687 0.4604251459240913 3.398683324456215 0.786391094326973 2.641032516956329 0 0.1859224885702133 0.7528693675994873 0.641815185546875 0
188.2940760031343 5487.154673837125 257.9830688163638 462.7596275508404 0 13.1788584291935 5076.461304783821 22.38131612539291 4611.950513139367 287.2100297734141 1148.906545236707 69.73086895048618 362.4797474890947 606.8976244702935 13.42860776931047 1.308481454849243 0 0.09398164600133896 0 0 0.7490965723991394 0 0.2375447303056717 0 0.1014413312077522 0.9451578110456467 0 1.001333206892014 0 0.1235098093748093 225.8136207833886 77.89759047329426 13.67982378602028 0 0.1182164698839188 0.6663241535425186 14.52769053727388 1.42304502427578 5.643205761909485 0.4976706504821777 0.1692168861627579 1.18097461014986 0 0.9162682145833969 0 0.4260144531726837 165.0916360914707 4.401315502822399 0.4731114506721497 0 1.312241204082966 0.5479615926742554 0.3850385695695877 0.121743731200695 12.64715365320444 11.31407354027033 18.72154878079891 79.11321491003036 7.127291917800903 45.40506517142057 1.472645774483681 3.047927267849445 0 150.6236431822181 9.807112604379654 3.757582142949104 1.434639096260071 1.514028012752533 0.2271793857216835 1.169175006449223 26.51347947865725 4.656608939170837 0 82.58382731676102 160.982822008431 79.80847478657961 167.1783403903246 24.18202638626099 2.847500510513783 8.153071895241737 3.897595129907131 12.02735430002213 29.24999305605888 0.6006165742874146 9.798865184187889 2.796685576438904 2.612423568964005 0 0.3745942711830139 0 0.7124186456203461 0.4040151238441467 0.4864919632673264 1.483372911810875 1.075168907642365 41.6695162281394 2.208318889141083 0 4.317971386015415 48.19236606359482 0 0.1103018298745155 0.7145088016986847 0 0.2239479571580887 2.639150261878967 0.6732908636331558 1.103577882051468 3.304057136178017 5.804064571857452 2.686991691589355 7.8613041639328 9.036857157945633 15.06553266942501 8.143655136227608 1.013180330395699 0 0 0 0 0 0 0 0 0 0 0 0 0 0 0 0 0.1337272822856903 0 0.6329050660133362 0.6303079873323441 0 0 0 7.137125372886658 1.036152422428131 8.526950694620609 0.487447664141655 0.468562051653862 0 0 0 0.147137314081192 0.1436164081096649 0.3108065724372864 0 0 0.8842654824256897 0 0 0.1251504421234131 0 0 0.164220318198204 0 0 0.2164698094129562 0 0 0.2448498904705048 0.2994638979434967 6.366852462291718 0 0.5295937657356262 0.1746272444725037 0 0 0.2763940989971161 0 0 0 30.91180812567472 0.2349222153425217 0 0 0 7.083757594227791 3.925742909312248 7.051402911543846 0 0.2755859717726707 0.2412563860416412 0.2266623079776764 0.4468594193458557 0 0.08236819505691528 0 0 0.2870488688349724 0 0 0 12.31073930859566 5.066721886396408 8.596374228596687 194.3473677113652 98.16245659440756 517.712741561234 222.3856979683042 551.5080775395036 164.7918280363083 9.790759988129139 74.26329465210438 7.248732507228851 2.253463044762611 4.590054228901863 2.754418961703777 4.529219605028629 1.883282840251923 0.9433900341391563 6.269992776215076 11.06271828711033 0.3703784346580505
158.8575999438763 248.443155258894 5.034809812903404 165.4746146500111 13.1788584291935 0 100.8512595593929 3.954946711659431 6.007533609867096 652.2415723800659 11.16014777123928 193.0652539730072 136.6037923395634 49.25801765918732 0.2946247458457947 0 0 0 0 0 0 3.410349056124687 0 0 0 0 0 0.6251865774393082 0 0 0.3086166977882385 0 13.47024165093899 0 0 0 9.495723843574524 1.072350069880486 8.534208744764328 0 0 0.5884727537631989 0 0 0 0 1.109096303582191 0 0 0 0.5122480839490891 12.64882569015026 2.5226861089468 4.772725611925125 0.1802177876234055 0 23.84415071457624 9.836050219833851 0.1310559511184692 0.4647081792354584 0 4.434193566441536 0 0.4251533448696136 0.1751848384737968 0 0 0 0 0 57.90639615058899 292.7711778581142 27.62288434803486 1.267470799386501 0.2825593501329422 1.092274501919746 0 0 0 7.31379671394825 0 1.88291722536087 0.1954638957977295 2.842401251196861 0 1.191256709396839 0 15.59977187216282 3.675584457814693 49.6300687789917 2.144927695393562 5.465030021965504 0 0.4498067051172256 0.2902040034532547 302.3421120941639 188.5874074995518 37.90172608196735 16.93064625561237 410.4536623060703 0 0 0 0 0 0 0 0 0 0 0 0.1382441520690918 0.1247367262840271 0.6425876021385193 0 0 0 0 0 0 0 0 0 0 0 0 0 0 0 0 0 0.2668923139572144 0 0 0 0 0.2943402528762817 0.6493559330701828 0.1577885448932648 0.4394519627094269 0 0.194458931684494 1.030774459242821 0.3996650725603104 0 0 0.156956285238266 0 0.2491481602191925 0 0 0 0 0 0 0 0.4532440006732941 0 0 0 0.1788769662380219 0 0 0 0 0.678071066737175 0 0 0 0 0 0.09780272841453552 0 0 0 0 1.513633370399475 2.354780212044716 0 0.1820109784603119 0 0 0 0 0 0 0.1792828142642975 0 0 0 0 0 0 0.1777297705411911 0 0 0 0 0.6558123081922531 4.495503917336464 3.687172874808311 0 2.364558860659599 0.4314222037792206 194.1701762750745 1.396823734045029 0.9142017662525177 0 0.1795763373374939 0 0.1355548202991486 0 0.4364971816539764 0 0 0 0 0
383.1733164340258 1178.172578133643 133.4174205213785 1032.614469468594 5076.461304783821 100.8512595593929 0 10.07880719006062 5444.460257701576 1601.027841337025 583.2645222768188 469.3685647249222 5681.733627587557 3551.090540185571 20.10704942047596 1.216370239853859 0.3508231937885284 0 0 0 0.1670554876327515 0 0 0 0 0 0.2051405310630798 1.750894747674465 0.1836958080530167 0.2332830131053925 155.6523993313313 45.98027765750885 27.09633268415928 0 0 1.221184618771076 16.08273281157017 0.3426730632781982 7.288988813757896 0.5601425170898438 1.611232042312622 1.59301146119833 0.1162254214286804 1.072091169655323 0 0.8886345326900482 181.35476821661 5.562825962901115 0 0.1145095825195312 1.27103254199028 0.2523185014724731 0.1918927580118179 0.975047692656517 15.37427549809217 12.32395069301128 32.56333741545677 114.6532563716173 8.993307642638683 54.43998709321022 1.699944123625755 2.541734330356121 0.2575169801712036 115.8115824535489 11.65435439348221 3.15389908850193 1.858356855809689 2.053153522312641 0.3324140682816505 0.4384443983435631 64.86373457312584 9.606737434864044 0 132.9420674964786 186.4309250041842 83.32873767614365 152.0732484534383 29.63330859690905 3.553004160523415 11.52777788043022 5.683142751455307 22.64889015257359 31.79007517546415 0.2660680562257767 8.403188019990921 4.213222742080688 3.02744422852993 0.126960426568985 0.189452275633812 0.1055445671081543 0.6012648716568947 0 0.4333268105983734 0.6551098003983498 0.8203728199005127 168.5524141788483 7.8810074031353 0 4.891130983829498 133.7973595410585 1.048060148954391 0.298883244395256 9.929679095745087 3.110537737607956 3.641791507601738 4.401776805520058 3.495923712849617 5.549675762653351 7.950022578239441 18.86062152683735 4.67989544570446 29.35297410935163 38.32496832311153 51.19598007202148 22.5104598402977 0.6247669532895088 1.502581834793091 0 0.4406337141990662 0 0 0 0 0 0 0 0 0.1635953933000565 0 0 0 0.1206704005599022 0 0 2.192337736487389 3.002320483326912 0 0.3404740691184998 0 26.12554033845663 0 21.61360280960798 2.910652324557304 1.064764320850372 0 0 0 0 0 0.5955918729305267 0 0.6261478066444397 2.313715294003487 0 0 0.1429556012153625 0 0 0.1578982621431351 0 0.2451114878058434 0 0.6832841634750366 0 0 3.354380592703819 28.54193728417158 0.1968249827623367 0 0.0838225856423378 0 0 0 0 0 0 80.39947019517422 0.4559628069400787 0 0 0.389366015791893 17.30963300168514 12.60991536080837 17.3961698114872 2.387647949159145 1.359824553132057 2.499297648668289 0 1.148356258869171 0 0.3851534426212311 0 0 0.4856109842658043 0 0 0 31.93752229213715 15.48448070883751 19.51045475155115 272.0120388641953 86.06375021487474 542.9311116114259 224.695450335741 981.1694856062531 175.7101813107729 13.08459319919348 104.1291040033102 6.845686562359333 2.364018961787224 13.11806517839432 2.130136743187904 12.62546049058437 1.514940828084946 0.4440857842564583 4.364817708730698 13.87233865261078 0.1810895651578903
256.4050297364593 1821.672521427274 2915.39055866003 13.32309142500162 22.38131612539291 3.954946711659431 10.07880719006062 0 235.0942007601261 2.426250912249088 1036.699044063687 2.434054136276245 6.675815165042877 140.090079061687 17.3619289919734 5.205892018973827 2.249740868806839 0.8329640477895737 0 0.5044748187065125 1.170724168419838 0 1.13599219918251 0 1.483507245779037 0 0.6626561880111694 0.2625700533390045 0 0.4882220774888992 1254.506488054991 1244.067177459598 9.777230985462666 0.4226860776543617 3.386805579066277 3.514504179358482 5.832086935639381 1.414319843053818 2.507120162248611 2.428944297134876 4.930519104003906 1.399946384131908 5.561417803168297 9.917090803384781 0.5251567810773849 9.959722898900509 90.29275542497635 3.296855337917805 1.930762007832527 8.117513626813889 1.674971245229244 0 0.9343658089637756 0.427910715341568 5.867878220975399 5.498569257557392 36.88530809432268 161.0329973772168 6.167267121374607 24.86134625226259 126.4210899993777 6.221490755677223 4.614343591034412 462.819262765348 5.170971803367138 1.582348249852657 0.4946494027972221 0.8633074313402176 6.059123374521732 8.725210554897785 1.653270959854126 0.3008960634469986 0 82.23321415483952 154.1990034580231 45.1039721891284 151.9533029124141 163.2561636120081 660.6601978987455 685.6604768261313 846.356451369822 1298.588361628354 12.50589945912361 0.2467445060610771 2.578199796378613 1.537518702447414 4.688301183283329 0.08637553453445435 0 0 0.339454859495163 0.08756281435489655 1.585550896823406 0.2312609851360321 0.6170323193073273 1.485432699322701 0 0 0.6189961284399033 122.8845433220267 0 0 0 0 0 0.2363662272691727 0 0.1917306035757065 0 0 0 0.5453736782073975 0.4274293482303619 0.287309855222702 0 0 0 0 0.4696403741836548 0 0 0 0 0 0 0 0 0.2209617346525192 0 0 0 0 0.3598615825176239 0 0 0.1030465885996819 0 0 0 2.190595626831055 0 0.7716872468590736 1.36362636834383 0.8058725073933601 0 0 0 0 0.2491089552640915 0.7428650110960007 0 0 0.1046725735068321 0 0 0 0 0.4223847687244415 0 0 0.07113724201917648 0 0 0.198506236076355 0.5374820828437805 1.017067849636078 0.3960787206888199 0 0 0.1912058740854263 0.127964973449707 0.08891253918409348 0 0 0 0 1.809616059064865 0.6311018168926239 0 0 0.1323531866073608 0.4845525026321411 0.6532836854457855 1.566252008080482 0.5413153767585754 0 0 0.1674325913190842 0 0 0 0 0 0 0 0 0 0 0 2.404937691986561 79.87230816483498 25.25748247653246 233.5864578485489 84.85815849900246 200.8352094292641 53.06666718423367 4.99221508949995 28.91222790628672 3.247469678521156 0.1936739459633827 1.805739007890224 0.6172960698604584 0 0.3412778973579407 0.07153957337141037 1.123906657099724 1.870869025588036 0.1493302285671234
78.39092542231083 1793.295623756945 279.8308974429965 130.7193926498294 4611.950513139367 6.007533609867096 5444.460257701576 235.0942007601261 0 124.0798248052597 4121.366794034839 113.5558225437999 929.6711415052414 1372.863554812968 23.68587163090706 4.35533981025219 0.5404609888792038 0 0 0.2850667685270309 0.1348123848438263 0 0.346258282661438 0.1283942759037018 1.026158057153225 0.2608060911297798 0.5818857997655869 0.7180383801460266 0 0.5252486392855644 149.0027400702238 72.89782083034515 38.18429904431105 0.2058730870485306 0.2409067153930664 0.9034121260046959 20.70605861395597 1.563626147806644 4.776827268302441 1.980224885046482 1.105714313685894 1.541771680116653 0.2188216671347618 3.243282191455364 0.1152531057596207 0.4079896584153175 150.1800715327263 2.46124080568552 0.4184479266405106 0 0.6344682276248932 0 0.137137234210968 0.7851955145597458 8.627960130572319 5.657717034220695 13.74258169531822 39.8438632786274 5.160773418843746 25.18158199638128 5.273305557668209 11.20781592279673 1.186565585434437 103.9518207386136 7.104032248258591 1.799857057631016 0.7240223288536072 1.345651246607304 1.315737128257751 2.449606575071812 47.20117805153131 5.217828005552292 0 49.16179391741753 85.55861251056194 65.00545001029968 150.8339284062386 47.89400727301836 4.587584719061852 33.99835833162069 8.067684568464756 58.7544382661581 15.35622332245111 0.3661221861839294 4.200290489941835 2.353228196501732 2.216610126197338 0 0.4718665853142738 0.2128888517618179 0.8561254739761353 0.3775221481919289 0.4952357783913612 1.286303006112576 1.492101453244686 73.54264578223228 8.341756001114845 0 3.364252127707005 20.46371183544397 0.3743607699871063 0.1674521267414093 2.632406003773212 1.123826637864113 1.980077415704727 2.801154732704163 2.203045710921288 2.210986286401749 3.245735451579094 9.3825503885746 0.4162751436233521 15.69697685539722 15.35992999374866 23.81740471720695 13.10187807679176 0.3937202543020248 0.2411403357982635 0.1524934023618698 0 0 0 0 0 0 0 0 0 0 0 0 0 0 0 0 0.9753735587000847 1.644632026553154 0 0.692039281129837 0 19.79647617787123 0.8943666219711304 19.26312264800072 4.37612622231245 1.407923445105553 0 0 0 0.247528150677681 0 0 0 0.3604792952537537 2.927245564758778 0 0 0 0 0.1306823045015335 0.1452130228281021 0.2800359427928925 0.08587297797203064 0 0.3091224953532219 0 1.605717554688454 0.4287940710783005 15.85152576863766 0.1677558869123459 0.16260826587677 0 0.06085484102368355 0 0 0 0.1557441204786301 0 53.34038596600294 0.8078254163265228 0 0.1370611488819122 0.2641188129782677 11.03847007453442 6.036377370357513 14.81707465648651 0.6719448864459991 0.7000320553779602 0.5504582151770592 0.1443956792354584 0.2028687298297882 0.1288471519947052 0.07649979740381241 0 0 0.0930122435092926 0 0 0 17.38517835736275 8.651812121272087 14.35815124958754 337.2568660974503 65.46401370316744 502.4252767264843 227.4683252945542 337.1818387210369 143.1843196600676 9.946468107402325 135.4462287425995 10.90350437164307 1.008006736636162 8.839202530682087 2.938790529966354 10.15345434844494 1.289937570691109 0.8467176854610443 7.846999496221542 13.2381654754281 0.129517450928688
3100.110750168562 326.3468218073249 8.587084300816059 1384.191226184368 287.2100297734141 652.2415723800659 1601.027841337025 2.426250912249088 124.0798248052597 0 49.13901321589947 3768.508093431592 8674.427741959691 705.2643253654242 4.320349156856537 0.226360023021698 0.1184557676315308 0 0 0 0 0 0 0 0 0 0 0.210531085729599 0 0 25.09804160147905 4.650935247540474 87.5501211732626 0 0 0 47.32661691308022 5.96613559871912 15.76915779709816 3.218640103936195 0 1.126871541142464 0 0.1045987531542778 0 0.1814501285552979 55.32064285129309 1.708426848053932 0.2089883387088776 0 0.5592658147215843 0.3159179985523224 0 0 5.972604341804981 4.403254702687263 31.73629578202963 67.64632123708725 6.004824489355087 19.19818013906479 0 13.65965435653925 0 17.61639457195997 4.505933716893196 0.8544745072722435 0.1631434857845306 0.5841907262802124 0 0.1307456642389297 157.9971066862345 42.82936201989651 0.1774505972862244 64.83479648828506 51.10676927119493 26.58753158152103 20.49385836720467 1.973095595836639 0.9187127128243446 62.06675601005554 1.126248747110367 18.39860624074936 12.41628659516573 0.3434747830033302 2.558819897472858 1.553417675197124 0.7360188886523247 0.402414433658123 0 0.8482840061187744 0.7341956496238708 0.4373109191656113 0 0.2108956426382065 0.1259832382202148 546.9768826216459 37.00071485340595 0.296112447977066 10.95742255449295 811.0813535153866 1.007873989641666 0.5618407130241394 13.5398261025548 3.555287629365921 6.033157527446747 9.623813644051552 16.15402413159609 19.55040092766285 23.57059215009212 45.95115149021149 6.396477818489075 81.993772611022 82.1436512619257 146.4302793741226 47.59065143764019 1.691266536712646 1.118678912520409 0 0.2505402565002441 0 0 0 0 0 0 0 0 0 0 0 0 0 0 0 6.479688674211502 4.769139871001244 0 0 0 60.31088104844093 1.041448712348938 51.74729825556278 4.047934234142303 4.922030985355377 0 0 0 0 0.2633026242256165 0 0 4.771114505827427 7.082651793956757 0.1934935748577118 0 0 0 0 0.1414999961853027 0 0.1928700506687164 0 0 0 0.4993025958538055 5.646596595644951 49.9377900287509 0.1321747452020645 1.049690991640091 0.2810716181993484 0.136911928653717 0 0 0 0 0 135.9146834462881 2.825556248426437 0 0 0.140651524066925 35.12380458414555 19.9882770627737 33.42865282297134 2.640483558177948 1.471264526247978 2.641253888607025 2.14238665997982 0.33712437748909 0 0 0 0 0 0 0 0 77.40240480005741 19.43731175363064 38.47051000595093 776.3910230696201 25.09780265390873 223.050901889801 76.47528448700905 1628.132929429412 58.66796851158142 3.085828728973866 55.75214737653732 13.04087368398905 0.2167944461107254 34.96781635284424 1.753474533557892 48.6929282695055 4.368372589349747 0 13.21381959319115 2.310262337327003 0
675.7855292707682 7264.686769679189 2264.21186145395 128.4337064772844 1148.906545236707 11.16014777123928 583.2645222768188 1036.699044063687 4121.366794034839 49.13901321589947 0 119.6498862057924 998.5080017745495 4689.768480323255 63.64453884959221 25.65299105644226 2.120296694338322 0.5189726650714874 0 0 1.706081375479698 0.2367372363805771 1.592367127537727 0.11079291254282 12.70406007021666 1.472378753125668 4.750701725482941 0.6214875280857086 0.3676941096782684 0.9419102519750595 463.5536118000746 258.5919021070004 1710.924536444247 0.15257528424263 3.824781157076359 34.84839749336243 225.7615110129118 90.62947824597359 27.34257742017508 34.30548136681318 9.57962890714407 2.627961814403534 1.238363489508629 7.692723855376244 0.1072257980704308 0.7092817574739456 212.5799112841487 4.396723195910454 1.208145655691624 2.382356740534306 6.138804689049721 0.5467549264431 0.7481277659535408 0.2309684157371521 11.76477875560522 9.306145280599594 39.01720803976059 150.4028894230723 8.991002514958382 39.5892067104578 11.61966338008642 225.8146466016769 6.7806740924716 175.0951798856258 10.38347698748112 3.341158390045166 1.096617385745049 1.909183882176876 10.98794701695442 14.56019691377878 107.3569026738405 20.58997215330601 0 110.1430229097605 146.1358385160565 112.01133146137 244.7868933454156 117.677039898932 110.1814896389842 454.8241727873683 43.68269395083189 701.9571174457669 24.32082680612803 1.1785051189363 5.662950750440359 2.627892136573792 3.876169331371784 0.3445120826363564 0.1742185652256012 0.1358286291360855 1.294312372803688 0.382547914981842 3.266791895031929 1.333514124155045 1.063938103616238 86.50587512552738 4.810779571533203 0 4.623711124062538 174.8519085645676 1.917878411710262 0 0.5607494190335274 0.6879859566688538 1.571396373212337 0.9861918389797211 0.2194238305091858 0.1643322557210922 0 1.528943404555321 0.4219310283660889 4.962421730160713 8.062693014740944 13.92073947191238 8.416317887604237 1.001802071928978 1.233268618583679 0 0.1761602461338043 0 0 0 0 0 0 0 0 0 0 0 0.3824805021286011 0 0 0 0.1710474491119385 1.531831324100494 0 0.6630268394947052 0.2153072208166122 17.93950696289539 1.18935438990593 16.12268383800983 5.637856401503086 2.33454442769289 0 0 0 0.4946257323026657 0.6979153156280518 0.7299829050898552 0 0.9109356999397278 1.372791223227978 0 0 0 0 0.2180580943822861 0 0 0.1794048994779587 0 0 0 2.364073857665062 2.939958199858665 11.10148542374372 0.1213288679718971 0 0 0.1294623911380768 0 0.2823671102523804 0 0 0 37.12754441052675 2.9740070104599 0 0 0.6288583129644394 5.183097243309021 7.07556426525116 8.282971978187561 0.5326997935771942 0.3181067705154419 0.2730859592556953 0.2281719893217087 0.7279602587223053 0.1171979978680611 0.07467204332351685 0 0 0.2935784012079239 0.1121304631233215 0 0 10.73019157350063 10.82572160661221 21.6528976932168 331.6318150758743 70.28927916288376 534.6098874360323 245.4356663897634 402.1996629312634 144.8969539925456 11.64824937283993 152.2902725934982 12.83112599700689 0.4398435354232788 11.32357005774975 1.570574261248112 6.004669323563576 0.2211036831140518 1.219987235963345 8.347895592451096 11.63860042393208 0.3716982007026672
99.71268723905087 26.35838095098734 2.953190013766289 426.4500489085913 69.73086895048618 193.0652539730072 469.3685647249222 2.434054136276245 113.5558225437999 3768.508093431592 119.6498862057924 0 2363.705488890409 489.2121818214655 12.44680851697922 3.87286139279604 0 0 0 0 0 0.7119011878967285 0.1455482095479965 0 1.278797991573811 0 0.2097339332103729 0 0.6523959338665009 0 6.252163872122765 4.390251152217388 240.8895838707685 0.1230653524398804 0 20.81389920413494 204.599997907877 75.27562585473061 23.52094569057226 46.54859980940819 1.695174634456635 0.2635765969753265 0.08960919082164764 1.301999434828758 0 0.1109689474105835 41.17402508109808 0.3792981952428818 0.08569148927927017 0 0 0.7380367070436478 0.3311773985624313 0.1037344336509705 1.423397645354271 1.151318445801735 5.214777067303658 8.939360626041889 1.039231367409229 4.628283217549324 0.7698529064655304 105.1022247448564 0.1403176188468933 13.77038712054491 1.388246767222881 0.4331474378705025 0 0.480822779238224 0.2320516854524612 0.4452577829360962 193.3200169056654 33.13308820128441 0.3734349608421326 10.78572853654623 10.2077925875783 16.49441768974066 30.06304227560759 10.66638667881489 0 130.6868125870824 1.088464260101318 16.20742410421371 2.4222676679492 0.1806367039680481 0.4555745422840118 0.4789241403341293 0.4085975661873817 1.192779943346977 0 0.474164754152298 0.2311309427022934 0.1258560717105865 0.1161458641290665 0.1214477568864822 0.4888390228152275 1981.876610800624 41.87675079703331 0.8363892883062363 11.36899450421333 113.4913574233651 1.19773007184267 2.612029150128365 12.97018163651228 4.055802881717682 8.290365040302277 12.32990100979805 8.830196931958199 14.14399363100529 19.88632333278656 32.97363311052322 10.97611007094383 88.36924968659878 91.44411292672157 183.3512589409947 57.42395830154419 2.262418732047081 0.646951824426651 0 0 0 0 0 0 0 0 0 0 0.1360069513320923 0 0 0 0 0 0 4.066649354994297 8.691359862685204 0.1687201708555222 0.1481348276138306 0 72.10181279480457 3.393270187079906 48.07815810292959 4.04647159576416 1.240402989089489 0 0 0 0.1328441053628922 0 0.5465242266654968 0 2.654163852334023 9.809002734720707 0 0 0 0.3284169137477875 0 0 0 0.1759211644530296 0.1602849066257477 0.7807898372411728 0 1.874944791197777 3.254283592104912 61.46674280613661 1.066265776753426 0.867255225777626 0.578526183962822 0.6035004258155823 0 0.1068793386220932 0 0 0 194.4972575306892 4.252229154109955 0 0 0.144555076956749 43.49147397279739 24.46200683712959 38.48324875533581 1.662699528038502 2.273999474942684 2.103271648287773 1.076712816953659 0 0 0.2147716581821442 0 0 0.215580478310585 0 0 0 97.25843214988708 33.38632500171661 37.58361358195543 291.2994521185756 13.17897439748049 156.49546828866 74.10391471534967 402.7594807222486 48.61008542776108 1.465569473803043 66.01551681011915 13.94070740044117 1.245615169405937 35.27028174698353 3.384681776165962 35.8060156032443 3.72026552259922 0 4.807951211929321 3.269103094935417 0.1843471676111221
180.3015862628818 430.2388683483005 12.76048804819584 2331.255832441151 362.4797474890947 136.6037923395634 5681.733627587557 6.675815165042877 929.6711415052414 8674.427741959691 998.5080017745495 2363.705488890409 0 1687.814765401185 27.08675897866488 6.407112002372742 0.171571671962738 0.1674101054668427 0 0 0 0.20927594602108 0.1297178566455841 0.09640713036060333 1.38578474521637 0.5943989753723145 0.5036460384726524 0.2671510875225067 0 0.1435353010892868 19.74074729532003 18.83130656927824 157.3884582147002 0 0.4825003296136856 3.012629434466362 100.0927710458636 24.04996268451214 8.483320347964764 8.942180626094341 1.649561867117882 1.699870578944683 0.2377379685640335 1.387613050639629 0.1290105283260345 0.405036173760891 88.40878002345562 1.590460956096649 0.4807218834757805 0 1.701618485152721 0.3125196099281311 0.1138625666499138 0.6047795116901398 3.571425564587116 2.503582812845707 6.454921908676624 15.72860155254602 1.742684848606586 13.34215113520622 1.352130249142647 44.96591962873936 0.2572660595178604 33.89833711087704 2.472969979047775 0.7103669494390488 0.6639205068349838 0.352544292807579 0.796061247587204 1.519718438386917 238.1704109460115 25.96276132762432 0.1289947777986526 22.66013041138649 25.90994068980217 40.30029042065144 89.38722909241915 35.80931560695171 1.713404558598995 64.25203264504671 4.815508052706718 53.39772959053516 6.320940382778645 0.229467399418354 1.756600342690945 0.3600240349769592 1.081789590418339 0.4442900717258453 0 0.3819025158882141 0.3242496699094772 0.1233354434370995 0.9423118382692337 0.6239991635084152 0.8452689796686172 1721.766303211451 16.60630307346582 0.491941824555397 9.819329611957073 73.33046056330204 2.205034725368023 2.557609260082245 15.1301234960556 8.192555956542492 8.3576580286026 17.04815527051687 5.643373057246208 16.58794772624969 21.78677237033844 47.65730790793896 13.2909843698144 99.45688179135323 115.1168080866337 176.3770253956318 75.4954776018858 2.971354983747005 2.03879801928997 0.1266457140445709 0.5542096495628357 0 0 0 0 0 0 0 0 0.6381165385246277 0 0 0 0 0 0 9.436362951993942 7.716550819575787 0 0.7549687325954437 0 72.30179417878389 2.863401740789413 66.41057869791985 5.226329930126667 1.409540951251984 0 0 0 0 0.7706634551286697 0.6565890908241272 0 5.778433665633202 9.688662521541119 0.6233437657356262 0 0.1803796738386154 0 0 0.6701392456889153 0 0.5787789449095726 1.326524049043655 0.325226292014122 0 2.756930708885193 2.983354434370995 79.28772746771574 0.6344134211540222 0.3880796879529953 0.7385426163673401 0.1879911124706268 0.2483031079173088 0 0.1369138211011887 0 0 280.4516566693783 2.356243684887886 0 0.2826867923140526 0.1122168079018593 51.37345219403505 32.81848642975092 53.17702426761389 2.636964686214924 2.613487116992474 4.743295259773731 1.792274110019207 1.871868625283241 0.4744047746062279 0.4306356683373451 0 0 0 0 0 0.1546589583158493 128.460307687521 41.2006034553051 50.39173252135515 328.1760582178831 33.65384988486767 275.4097452610731 135.6850591525435 369.6344819888473 81.03733029961586 3.557717241346836 92.1035737618804 20.77056999504566 2.687418818473816 43.06276343017817 4.900592260062695 36.7015243396163 4.230445615947247 2.163315445184708 8.214611634612083 7.990291155874729 0.4315222054719925
71.68577871471643 684.2179466933012 117.7818488255143 257.4322318285704 606.8976244702935 49.25801765918732 3551.090540185571 140.090079061687 1372.863554812968 705.2643253654242 4689.768480323255 489.2121818214655 1687.814765401185 0 113.7582112252712 42.06668055802584 1.827749282121658 0.4390856772661209 0.1492766588926315 0.2439030706882477 1.537957727909088 0 1.043571017682552 0.09054800122976303 12.97584769129753 2.260848663747311 2.5834806188941 0.9712023288011551 0.9472047835588455 1.451286733150482 71.24581832438707 77.2611363902688 2000.109535239637 0.089614637196064 1.771210581064224 50.19545645266771 1182.928855746984 348.6360163316131 89.45268291980028 143.583573564887 11.44198556244373 4.271053023636341 1.867432422935963 7.08577249199152 0.1297507882118225 1.527844399213791 268.2331564500928 3.819185622036457 0.8703434467315674 1.504483826458454 3.75968886166811 1.153998576104641 2.071778140962124 1.111683696508408 8.289914079010487 7.135527409613132 9.926937833428383 29.06726635247469 4.556086830794811 26.71755240112543 9.558413244783878 598.9878529459238 3.37818455696106 123.8856034576893 6.199589774012566 2.432054176926613 0.8333059996366501 3.560290098190308 5.551517948508263 11.24444920569658 474.0991855785251 50.32913842797279 0.6317035257816315 42.41128224879503 71.45033479481936 133.1137794032693 302.1183443143964 159.3325592726469 11.98470474779606 608.4874392226338 18.07280928641558 301.2770252749324 14.63262978196144 0.2099477127194405 5.660552762448788 2.376121915876865 3.53993933647871 0.1528544872999191 0.3076898232102394 0.3425403535366058 1.024607695639133 0.8316756933927536 4.213925555348396 2.77122862637043 2.671742856502533 1394.534459546208 28.88527099043131 2.103241086006165 13.68336045742035 48.17412641644478 2.176969267427921 1.994117148220539 11.07316396385431 5.08130519837141 10.41689643263817 13.84677338600159 6.606379941105843 18.70955531299114 18.79084081947803 45.16737538576126 10.4245827421546 95.51420967280865 101.7143801003695 166.3303931429982 73.98828906565905 4.018928498029709 3.53151648491621 0 0.6644512414932251 0 0 0 0 0 0 0.2689133286476135 0 0.1311208009719849 0 0 0.256071537733078 0.2069777548313141 0.3154854029417038 0 6.714590959250927 9.218817301094532 0 0.2915829122066498 0 98.28024111688137 3.133151516318321 80.40462695807219 12.9892060905695 4.758957080543041 0 0 0 0.2547920644283295 0.5826843529939651 1.157255426049232 0 8.974380999803543 18.27761448174715 0.4037721753120422 0 0.376161128282547 0.3010446131229401 0.2445715591311455 0.1156545877456665 0.5822169408202171 0.5859262123703957 1.140589974820614 0.6299405172467232 0 1.65852839499712 5.580233156681061 92.14514518529177 0.381385937333107 1.159182190895081 0.7856702357530594 0.5122379660606384 0.2760381996631622 0 0 0 0.5206911712884903 296.6882097050548 5.196628645062447 0.1443491727113724 0.2941851913928986 0.1463334411382675 57.49751233309507 35.93520258367062 60.73305114358664 2.823637157678604 2.42639784514904 6.046743139624596 1.912926875054836 1.772230707108974 0.08001807332038879 0.3580823838710785 0 0 0.1282520145177841 0.249819315969944 0 0.1504722833633423 108.9402804970741 51.15667510032654 65.40734776109457 845.5099626481533 85.33281176537275 809.558518409729 400.9956043809652 419.7120181322098 197.0143529698253 9.630178801715374 341.4779339060187 29.58117201179266 4.266886256635189 64.68375547230244 6.046956419944763 48.2314311042428 3.226161368191242 5.824743248522282 17.06212085485458 23.11206143349409 0.1432804763317108
