0 5177.936593584716 2425.134485766292 677.1391908675432 241.4596848636866 187.1827269047499 1510.671734377742 69.31116886436939 125.6697206199169 1461.811587914824 245.1093263924122 235.1116436719894 525.555298730731 258.5783230066299 1.468630313873291 0.5401357263326645 0 0 0 0.1994103342294693 0 1.193010658025742 0 0 0.2802138328552246 0 0.3750173002481461 0 0.1566250771284103 0 570.0995637029409 11.8360620290041 9.19523811340332 0 0 0 7.320929944515228 0.4965300261974335 0.791745737195015 0.4292602837085724 0.1389947235584259 0.155795231461525 0 0 0.1373433470726013 0.3036518394947052 9.170834541320801 1.887971006333828 0 0.1262401193380356 0.1359259635210037 4.296467185020447 0.2091992795467377 0 1.630560263991356 2.965904921293259 183.9026383161545 677.4820346236229 37.01063238829374 3.324634417891502 0.7304091602563858 1.882334098219872 0 5.736583039164543 1.366687215864658 0.8191744983196259 0.1271721869707108 0.6954541280865669 0.3061961978673935 0.9228350073099136 33.62936183810234 58.48862679302692 1.679077476263046 100.323103196919 2.983896866440773 7.977197013795376 1.65754708647728 0.2704999148845673 3.965480506420135 24.02039835602045 1.998937323689461 3.427025035023689 10.52252735942602 1.904512301087379 1.28652311861515 3.225899331271648 1.349614515900612 4.647682011127472 1.935254730284214 3.914371222257614 0 2.730011254549026 0.7894164845347404 0 1.327050670981407 189.7727482616901 48.68050122261047 11.24865436553955 7.538658171892166 2427.925027951598 0 0.9196188449859619 0.2299590855836868 0.207583874464035 0.3696000128984451 20.35710214078426 0 0 2.691621273756027 4.424116507172585 0.1704998016357422 5.879985883831978 0.203641265630722 1.603334188461304 0 0 0 0 0 0 0 0 0 0 0 0 0 0 0 0 0 0.1669044643640518 0 0 0.1648413240909576 0 0 0 0 1.665957123041153 0 0.2158485651016235 0.7678366601467133 1.032857656478882 0 0 0 0 0 0 0 0 0 0 0 0 0 0 0 0 0 0 0 0 0 0 0.4961570501327515 0 0 0 0 0 0 0 0 0 5.57858644425869 0 0 0 0 0.375545933842659 0.4480040073394775 1.411385536193848 0.1437884122133255 0 0.4802093505859375 0 0 0 0 0 0 0 0 0 0 1.817700460553169 0.4109554588794708 1.699026644229889 87.0896231085062 3.792462185025215 53.58308017253876 3.860957302153111 1314.722533136606 55.69292867183685 2.285067424178123 18.96250659227371 1.100645810365677 0 0.8017033040523529 0 0.9133149683475494 0 0 1.814538151025772 3458.778402402997 322.9412257969379
5177.936593584716 0 2480.775003001094 741.5541692227125 5630.800348520279 432.7162866741419 3561.348899744451 532.6868039444089 4237.702595897019 593.5126396417618 2884.308712914586 144.900230333209 1813.988484233618 1386.456280760467 13.07662700116634 2.127912878990173 0.4999202713370323 0.3934763371944427 0 0 1.377086862921715 0 0.8825421184301376 0.1490917056798935 0.2411535084247589 0.5529386252164841 0.1122998595237732 0.1383853405714035 0.3482041358947754 0.5210419893264771 1836.002793654799 46.32573866844177 36.20940774679184 0 0 0.2422384917736053 18.77568826824427 0.4593571126461029 5.067141622304916 2.033878490328789 0.425832986831665 2.138877645134926 0.5221630036830902 0.3313829600811005 0.2003435790538788 0.7723938673734665 145.1103056073189 22.46827053278685 1.926013439893723 2.296958684921265 0.907428041100502 0 0.3254295960068703 0 19.80497916042805 22.94169035553932 97.9677592292428 898.5890293121338 70.18158629536629 59.8310192078352 5.024907097220421 6.455273553729057 0.3227124512195587 78.45835848152637 7.15522612631321 7.840132713317871 1.673966087400913 3.472138479351997 3.910300582647324 4.682386793196201 41.71136450022459 2.921176135540009 0 400.7305946499109 52.27735124528408 183.8530200049281 25.21163015812635 2.628587894141674 13.49134963750839 77.57174134254456 4.703505396842957 8.312189094722271 86.19839560985565 3.285221166908741 11.60886749625206 9.588674075901508 7.655721589922905 0.1127680167555809 0.7301996052265167 0 0.5641664266586304 0 1.599488779902458 0.7964700609445572 2.670552790164948 72.98682008683681 4.342242583632469 1.794951736927032 5.117240846157074 1516.472890123725 0 0 0.8034951686859131 0 0.8478202968835831 49.01809285581112 2.08416174352169 2.757160007953644 3.900330364704132 7.822038352489471 1.260261207818985 32.71726627647877 7.938267856836319 14.75910137593746 3.235183760523796 0.3439229726791382 0.2805100679397583 0 0 0 0 0 0.1423701345920563 0 0 0 0.6402223110198975 0 0 0 0 0.2873533219099045 0 0 2.453723639249802 0.9905385971069336 0 0.959914356470108 0 16.4449437558651 0 4.277362301945686 6.43309660255909 0.7702248990535736 0 0.343249499797821 0 0.2376755028963089 0.7265869379043579 1.280801177024841 0 0.5748845934867859 2.107032284140587 0 0 0.1080510690808296 1.660035237669945 0 0.5798858404159546 0 0 0 0 0 0.1574919521808624 1.045465588569641 4.011083200573921 0.1695472300052643 0.2615119814872742 0 0 0 0.2256440222263336 0 0 0.2340156361460686 34.44948378205299 0.9508211761713028 0 0.154311329126358 0 8.497816264629364 0 7.230642765760422 0 0.4008087962865829 0.6733747720718384 0 0 0 0.1649129092693329 0 0 0.2982396185398102 0 0 0 9.770979911088943 5.319495692849159 19.39303441345692 511.0590967014432 42.47320655733347 502.4199785068631 38.07040023058653 1215.165634863079 225.1649363934994 22.16831251978874 148.9542873799801 18.13211835920811 0.2464423999190331 6.68872033059597 0 8.213439673185349 3.087972521781921 0 2.112670585513115 765.4061894416809 93.31813105940819
2425.134485766292 2480.775003001094 0 3.615448296070099 1001.846177786589 19.05909849703312 163.3633743971586 5928.78939846158 1271.342872545123 8.607026442885399 6491.405680648983 16.39858657121658 28.82676365226507 707.8107353001833 18.55778663605452 6.999841921031475 3.029967345297337 1.287600181996822 2.36135858297348 3.770251497626305 15.94995848834515 0.1430327296257019 0.6008651107549667 0.1779126077890396 2.540336355566978 1.926494151353836 1.030667781829834 0.3751841634511948 0.1922412514686584 0.3059185072779655 6520.331394933164 446.0412802770734 52.44524882733822 1.308157831430435 1.495963022112846 2.211578160524368 23.53439024090767 3.342068426311016 8.332916580140591 4.586848273873329 3.29316683113575 4.080132521688938 1.937420025467873 7.871613577008247 0.1700076460838318 9.376035042107105 64.49015531688929 15.37601740658283 1.643157839775085 12.87737613171339 1.825057715177536 0.5104461014270782 5.111415974795818 0.5710657387971878 10.10011497884989 13.66539909690619 77.74908942729235 1493.538152612746 48.96525689959526 29.7270428314805 30.2947031930089 11.54360090941191 0.7480793669819832 208.2792373001575 3.347561724483967 8.912473149597645 3.268281504511833 12.11947140842676 42.18244858831167 52.98641920089722 61.74880054593086 3.377750113606453 0.3352960795164108 323.5445031896234 43.45140383392572 82.03677057474852 30.79065447300673 10.21191945672035 540.7515824958682 946.3343588933349 63.86618982255459 221.8330618739128 49.6932424902916 2.082747615873814 6.271564550697803 5.671903721988201 20.13542112708092 0.5233793333172798 0.4017027392983437 0.1745338588953018 0.4038999676704407 0.1309494823217392 28.88775615394115 1.176384925842285 2.952043794095516 57.80373096466064 5.033758386969566 1.909149125218391 4.286265909671783 486.5637531578541 0 0 0.3932086229324341 0 0.4841800034046173 5.908457472920418 0 0.4064928889274597 0 0 0.2375570982694626 12.28243577480316 1.485922932624817 3.327048152685165 3.088790088891983 0.5605927556753159 0 0 0 0 0 0 0 0 0 0.2500999197363853 0.2728638350963593 0.1462599486112595 0 0.2098876088857651 0 1.092834085226059 0 0.2730295062065125 3.432820424437523 0 0 0.3092276155948639 1.041889190673828 9.56729806214571 0 9.034925326704979 8.021324038505554 0.6788942813873291 0 0 0.5702460557222366 0 0.2900189459323883 0.4813773334026337 0 0 1.130547553300858 0 0 0.2644158974289894 1.882311120629311 0.2687147706747055 0 0 0 0 0 0 0.8538817167282104 0.7897658944129944 7.014699384570122 1.023480176925659 0.1446775048971176 0 0 0 0 0 0.1257657259702682 0.4974828287959099 18.38771218061447 0.5982063710689545 0 0.1349039673805237 0.3722995296120644 7.176997408270836 0 6.219741553068161 0.3252780437469482 1.116688400506973 1.177537858486176 0.225340723991394 0 0.3222960233688354 0.2352516949176788 0 0 0.1430254280567169 0.226648673415184 0 0.1165605783462524 5.605291351675987 3.231741040945053 21.61839509755373 144.5434142872691 26.1967379078269 203.3362404704094 20.63273084908724 81.90721406042576 86.55549148470163 10.9168696552515 38.66510366648436 12.59726865589619 0.8252149224281311 6.769045509397984 0 1.886892765760422 0.6895653456449509 0.4656332358717918 2.630741059780121 1.805033691227436 1.071955904364586
677.1391908675432 741.5541692227125 3.615448296070099 0 3.97016616165638 87.97823390364647 1599.131949320436 0 17.54953300952911 1741.268440544605 6.041155084967613 696.3308022320271 3622.890990108252 489.9500448554754 0 0.2352291196584702 0 0 0 0 0 0 0 0 0 0.1979464441537857 0.4368630349636078 0 0 0 27.20348311960697 2.407593324780464 4.645587936043739 0 0 0 2.728768140077591 0 0.1465315818786621 0 0 0 0.1108215674757957 0 0 0 2.678458765149117 1.113617181777954 0 0.1844521909952164 0 0 0 0 0.5704902112483978 1.576348572969437 6.179050475358963 35.52648833394051 2.938703298568726 1.222636103630066 0.1505805999040604 0.3866649568080902 0 1.167289465665817 0.270133376121521 0.3296366035938263 0.127632811665535 0.1385131031274796 0 0 4.566904753446579 0 0 16.24619129300117 1.313822746276855 9.98335374891758 0.1533374637365341 0 0 14.65379752218723 0.1511407643556595 0.5718099325895309 4.988335639238358 0.1641680151224136 0.6090144738554955 0.2011451125144958 0 0.2038161009550095 0 0 0 0 0.1367180794477463 0 0.5397130846977234 18.66697110235691 0.3788284361362457 0 0 67.25054416060448 0.1371863484382629 0 0 0 0.3713600486516953 14.77622465789318 0 0.8818238228559494 0.537240743637085 1.361553251743317 0 8.207284510135651 0.9387625753879547 1.754832625389099 1.250254467129707 0 0.1427669078111649 0 0 0 0 0 0 0 0 0 0 0 0 0 0 0 0 0 0.1366368681192398 0.1401480734348297 0 0 0 2.569989860057831 0 0.6834101378917694 0.2506909668445587 0 0 0 0 0 0 0 0 0.1268682330846786 0.1693144738674164 0 0 0 0 0 0 0 0 0 0 0 0 0 0.8081545233726501 0 0 0 0 0 0 0 0 0 3.539357677102089 0 0 0 0 0.4067719876766205 0 0 0 0 0 0 0 0 0 0 0 0 0 0 0 1.873745113611221 0 1.334348693490028 21.84588216245174 3.060956373810768 22.84257095307112 2.56579814106226 142.5852614492178 11.23725108802319 1.395446494221687 10.83150014281273 0.6640996932983398 0 0.1722357571125031 0 0.4451582580804825 0.1737559735774994 0 1.093539118766785 1981.868507444859 64.9793017655611
241.4596848636866 5630.800348520279 1001.846177786589 3.97016616165638 0 5.341517418622971 654.9470850974321 241.5427651703358 7485.448616683483 29.81611517071724 578.4534374177456 22.18144473433495 405.8709077090025 677.9042667001486 13.62247224897146 1.490630194544792 0.5107470601797104 0.5609206855297089 0 0.8010184168815613 0.5851785987615585 0 0 0 0.7066148966550827 0.5953386276960373 0 0.4030048400163651 0.8328840881586075 0 330.7547332271934 33.03721016645432 18.45712658017874 0.1534934192895889 0 0 8.493191570043564 0.5617554038763046 2.407912455499172 1.528911635279655 0 1.725561752915382 0.5086415410041809 0.6832957863807678 0.129984050989151 0.748835101723671 102.1733080223203 9.599856868386269 0.4804268032312393 0.7609215527772903 0.2125170007348061 0.5008879899978638 1.460355989634991 0 6.326557390391827 7.885718047618866 19.61673726141453 106.5717124268413 19.2563092559576 37.06378623843193 1.329450868070126 5.904570758342743 0 62.00152875483036 3.164607182145119 4.004980243742466 0.215990349650383 1.45827104896307 1.929380655288696 1.949979767203331 39.44514481723309 0.7510776072740555 0 119.6297397837043 24.56404349207878 119.5014048665762 26.26533424854279 4.424901060760021 2.312769129872322 32.89141210913658 1.837597608566284 3.546811975538731 30.35696882754564 2.213992305099964 6.303777351975441 3.245366118848324 5.979235902428627 0.1731655597686768 0.3024024069309235 0.1492231786251068 0.3259895890951157 0 0.7513176798820496 0.6895118355751038 2.466523662209511 48.13079732656479 0.2459156960248947 0.3027083277702332 2.963083997368813 62.45765201747417 0 0.2363181561231613 3.086609050631523 0 0 21.11968421936035 0.8151308745145798 3.606683745980263 1.158556669950485 6.011715933680534 1.235361143946648 44.02205166220665 13.75454647839069 19.98908427357674 6.738734290003777 0 0 0 0.154143363237381 0 0 0 0 0 0 0 0 0 0 0.5675966739654541 0 0 0.2038907557725906 0 0.8220004886388779 0.6728315055370331 0 0.6752970218658447 0.1536049544811249 17.2722273170948 0 5.773779451847076 2.62969397008419 0.6077386736869812 0 0 0 0 0 0 0 0 1.240424230694771 0 0 0 0.491765171289444 0.2721527516841888 0 0 0 0.2433609515428543 0.7034475803375244 0 0 0.2949976027011871 3.488938823342323 0 0 0 0 0 0 0 0 0.1488741189241409 40.95881463587284 0.9934678673744202 0 0 0 9.266214266419411 0 5.455219402909279 0.8901105374097824 1.679173067212105 2.086907878518105 0 0 0 0 0 0 0 0 0 0 13.09379723668098 2.117041677236557 20.35352942347527 489.5770261660218 36.51611987501383 351.4570088908076 28.32610385864973 99.45541570335627 123.4210455045104 9.327701695263386 143.1593107134104 13.95763419568539 0.304033949971199 11.01091742515564 0.6862971782684326 12.19034042954445 1.57541823387146 0.4184769093990326 4.180061906576157 8.357150688767433 1.276569843292236
187.1827269047499 432.7162866741419 19.05909849703312 87.97823390364647 5.341517418622971 0 281.3341024667025 0.7705385535955429 19.55058787763119 597.820119664073 15.85383467376232 167.2222806513309 141.9617080837488 65.30685929954052 1.556344509124756 0.9498040825128555 0 0 0 0 0 9.682298436760902 0 0 0 0 0 0.1429892182350159 0.1553911566734314 0 8.734798088669777 0.1701641380786896 15.97498939931393 0 0 0 14.51169428229332 0.4213196933269501 0.4395656138658524 0 0 0 0 0 0 0 1.088211536407471 0 0 0.19051493704319 0.2230415642261505 34.78192041814327 0.865681916475296 1.156664967536926 0 2.617560207843781 130.0274869948626 70.18199056386948 5.644086495041847 0.1547371745109558 0.7528290748596191 2.465159505605698 0 0.1380139291286469 0 0.1555213928222656 0.4431417435407639 0 0.1603100001811981 0 135.8069165199995 339.26506960392 13.73677098751068 4.414112254977226 0 2.122680574655533 0.495381236076355 0.5885834693908691 0 21.69258286058903 0 3.396184518933296 0.5515371263027191 12.49502393603325 0 4.553437903523445 0.1555231362581253 44.56857040524483 14.24362714588642 39.41491220891476 7.358778208494186 17.54774682223797 0.5325958728790283 0.8289481699466705 9.639065444469452 509.4353294819593 345.8826033473015 67.52287310361862 21.0327173024416 663.905196622014 0.1819375604391098 0 0 0 0 3.901303887367249 1.139910101890564 0 0.3432796597480774 0 0 0.5967416316270828 0.2337848991155624 0 0 0 0 0 0 0 0 0 0 0 0 0 0 0 0 0 0 0 0 0 0 0.3369556367397308 0 0 0 0 0 0.544145867228508 1.456376045942307 0 0 0 0 0 0 0 0 0 0.1850446760654449 0 0 0.2879334986209869 2.690719664096832 0 0 0 0 0 0 0 0 0 0 0 0 0 0 0 0 0 0 0 0.621827244758606 0 0 0 0 0.1622296869754791 0 0.6574394106864929 0 0 0.228292778134346 0 0 0 0 0 0 0.264070600271225 0 0 0 0.1580410003662109 0.9012494087219238 1.753323256969452 10.38942708075047 1.060753390192986 6.582841768860817 0.835904598236084 106.6048018783331 7.889591753482819 1.909963876008987 1.749192416667938 0 0 0.2442414164543152 0 0 0 0 0 0 0
1510.671734377742 3561.348899744451 163.3633743971586 1599.131949320436 654.9470850974321 281.3341024667025 0 19.69878185540438 1557.680935032666 2066.753697067499 100.8334477618337 109.3114786893129 6219.91142577678 1441.015132114291 19.52641865611076 3.230711743235588 0.7649250850081444 0.9381016343832016 0.6996457800269127 0.635517418384552 1.066085487604141 0 0 0 0.5044265612959862 0.9401181936264038 0.4952435120940208 1.023472860455513 0.5761150717735291 0.1728062927722931 406.8189089074731 45.87976014614105 39.15702830255032 0.1115389168262482 0.5792150273919106 0 26.09490831941366 0.9203451871871948 6.877755962312222 3.704241096973419 0.1084506660699844 1.928225465118885 0.1598070710897446 0.8669395819306374 0.1610519587993622 2.011341899633408 182.9218340739608 26.24938403069973 2.152268886566162 3.379851885139942 0.8065728545188904 0 1.692703694105148 1.106631100177765 13.60731609910727 23.44496439397335 58.09414660930634 356.2753923013806 50.46314004063606 71.72801166027784 2.305071093142033 7.118423283100128 0.46912582218647 86.03407842665911 6.819068379700184 11.64994588494301 1.438264571130276 6.420119091868401 5.20798746496439 5.904156781733036 69.56206655502319 4.30717395991087 0.8558176308870316 291.5909529849887 49.73623340576887 238.0406445041299 33.7805759459734 5.54426122456789 6.116762138903141 27.92914566397667 4.415845170617104 9.843480721116066 74.9845958724618 2.816140383481979 13.15926694124937 8.859159551560879 11.72515475749969 0.1781622618436813 0.5854331701993942 0.488437756896019 0.6183931082487106 0 2.785407342016697 0.6959589049220085 3.920448780059814 435.6998903304338 5.367322035133839 0.5452505946159363 4.361525855958462 382.1863139420748 1.912007808685303 2.975325211882591 11.39728906750679 6.301171630620956 11.79168535768986 189.4549834579229 11.85711567103863 26.88280805945396 21.52326515316963 74.93834988772869 6.381227150559425 324.7890386804938 94.75304253399372 164.3674326837063 37.67320784926414 2.223161518573761 0.6960369646549225 0 0.6338768750429153 0 0 0 0 0 0.179768443107605 0.77240389585495 0.1759176999330521 0 0.1566687077283859 0 0.1236868649721146 0.7246996015310287 0.1302294582128525 0.176651731133461 12.07379838824272 2.036690250039101 0 1.23870062828064 0.1579538434743881 97.46128365397453 0 33.28680509328842 6.78900933265686 0 0 0 0 0 0.5278580188751221 0.5014825612306595 0 1.810714200139046 7.28899510204792 0 0 0 0.9318846762180328 0.4539258629083633 1.193661108613014 0.2579292356967926 0 1.064093127846718 2.091261982917786 0 0 0 31.14933441579342 1.97590845823288 0.4830052331089973 0.444570928812027 0 0.3642813190817833 0 0 0.5575588941574097 0.4498633816838264 262.7531282752752 0.4381328374147415 0 0 0.5356363505125046 41.5255725979805 4.524151727557182 17.55164067447186 3.153874963521957 2.248748622834682 3.580053403973579 1.796732574701309 0.6650956124067307 0 0 0 0 0 0.172885850071907 0 0.1568087041378021 113.8632185906172 8.529662035405636 75.94975889474154 834.7165091559291 74.01856606453657 635.7764178588986 61.9739663824439 606.2720288410783 242.6421726644039 28.14436963945627 223.700118266046 41.77232140302658 2.385531082749367 24.40569644421339 0.9441490545868874 45.56448331475258 0.8801588714122772 0.4488140195608139 12.28658133745193 8.176108554005623 3.133671760559082
69.31116886436939 532.6868039444089 5928.78939846158 0 241.5427651703358 0.7705385535955429 19.69878185540438 0 1096.192831091583 1.902289286255836 1974.292534545064 6.052253842353821 40.94534413516521 416.4739491939545 30.24851924926043 11.90884274989367 4.721880123019218 8.731981664896011 4.289472043514252 9.493266046047211 25.35956539213657 0.1669343858957291 0.8862844556570053 0.3983314037322998 2.289355680346489 2.32462452352047 1.445078670978546 1.070094257593155 0.203433945775032 0.6214511096477509 1119.372692391276 1799.875406652689 35.61904153972864 1.456515103578568 2.366404116153717 3.547430694103241 31.23274463415146 4.337211988866329 10.93987590819597 5.022309310734272 4.790875375270844 6.05885898321867 4.869229227304459 24.92685841023922 2.629585698246956 25.07179497182369 83.16405262053013 6.763762809336185 6.478877857327461 30.28508032858372 1.402147442102432 0.2847776114940643 4.161145925521851 3.179220341145992 3.971918851137161 4.604315377771854 16.21018292754889 147.6441919133067 14.674510627985 26.11540018767118 64.15324923396111 12.23557545244694 2.601393491029739 183.3697940483689 2.010786265134811 8.581725977361202 3.135493516921997 17.65520690381527 63.36104638874531 89.20143250375986 35.35012041032314 5.651916950941086 0.3412503600120544 111.2493368089199 27.04056052863598 131.0385506302118 68.06442904472351 95.44834190607071 1067.378818437457 923.631388284266 208.5877690762281 695.9897212460637 18.14745622128248 0.4456034451723099 2.885529160499573 2.815302655100822 51.86575815081596 0.1461575478315353 0.1369708478450775 0 1.078164950013161 0.8171101957559586 34.92796356976032 0.5085185095667839 4.57568421214819 23.92692069709301 4.800940334796906 1.496894374489784 9.234462775290012 45.44441103935242 0 0 1.223090544342995 0 0.5720080882310867 5.767719194293022 0 0.8448765277862549 0 0 0.5898363590240479 6.583607345819473 2.736729696393013 4.359235823154449 3.883901551365852 0.2908078730106354 0 0 0.4178491532802582 0 0 0 0 0 0 0.4395471960306168 0.193217933177948 0 0.1658101230859756 0.4477864056825638 0.1762019097805023 1.106584489345551 1.303774669766426 0.357425257563591 1.8858972042799 0.6898633986711502 0 3.481214836239815 0.6945188045501709 11.66533014178276 0 7.002581253647804 13.4637439250946 2.088389724493027 0.1703356355428696 0.2924610674381256 0 0 0 0.1360564827919006 0.2934330105781555 0.149413213133812 1.713193938136101 0 0 0.3492914587259293 2.555619731545448 1.062041535973549 0 0.160151943564415 0 0 1.307222604751587 0 0.4752241969108582 0.8177003860473633 3.345527425408363 0 0 0 0 0 0.5671538636088371 0 0.2702597230672836 1.280523657798767 19.05171099305153 0.8593189567327499 0 0.1647572368383408 0.6156483143568039 4.207132011651993 0 5.615997791290283 0 0.7188679277896881 0.2633627355098724 0.5434076189994812 0 0 0 0 0 0 0.228888027369976 0 0.1412814259529114 7.017059236764908 2.359283983707428 21.98612269759178 275.0745213702321 20.3395816385746 278.169368699193 30.04033083468676 32.7104120850563 66.34955960512161 4.880905643105507 81.13829759508371 11.68358393013477 0.4999211430549622 5.303888186812401 0.5345194488763809 3.521908521652222 0.5102153420448303 0.3925705999135971 3.226110756397247 2.700731709599495 1.551270127296448
125.6697206199169 4237.702595897019 1271.342872545123 17.54953300952911 7485.448616683483 19.55058787763119 1557.680935032666 1096.192831091583 0 161.8938608914614 2745.507803849876 52.8262954428792 1549.776644200087 3234.989292100072 40.12408568710089 6.570484489202499 2.402452863752842 1.286692231893539 0.5726383030414581 0.7894464284181595 4.371709696948528 0.1994196474552155 0.2119604200124741 0.5063538625836372 0.5924667343497276 2.014660075306892 0.3890613988041878 0.7127249389886856 1.025366649031639 0.1219417527318001 259.7823162823915 62.25171897560358 67.00824190676212 0.3705437332391739 0 0.461254209280014 34.76779620349407 1.629192195832729 5.996203847229481 4.027883805334568 0.8025132417678833 2.721571125090122 2.395102307200432 3.132524095475674 0 4.478150576353073 168.4802257567644 11.41185868531466 0.9415055215358734 3.570545844733715 0.771366611123085 0 1.611261397600174 1.277747519314289 8.012422934174538 7.155028328299522 18.34859123080969 113.3470461070538 23.6738977432251 53.31810039281845 10.97727689146996 7.718654096126556 0 120.2684811800718 3.191301509737968 7.979169473052025 1.280161336064339 6.426001340150833 12.16784511506557 16.84435276687145 82.09515522420406 5.122821912169456 0.4782876670360565 154.90904776752 39.1236467063427 215.0142486393452 51.53944293409586 8.086778864264488 10.7355235144496 132.1749495789409 11.93578185141087 20.56874998658895 34.66259094327688 0.5211874544620514 6.538646772503853 5.740133494138718 12.414526514709 0.1904008090496063 0.5370708405971527 0.3617499470710754 1.14263516664505 0.1421475112438202 7.856613136827946 1.109241396188736 5.773008346557617 174.1999441236258 4.791800230741501 0.9634896367788315 7.145459055900574 46.91163539886475 0.6013431251049042 1.605312809348106 3.331614390015602 2.064129576086998 3.623767212033272 62.28123240172863 4.376195311546326 8.651181623339653 5.872533410787582 28.27730503678322 4.540920302271843 160.3888192623854 43.40284191071987 88.60711866617203 22.18376387655735 0.4475103169679642 0.2031012326478958 0 0.3096451461315155 0 0 0 0.1652099043130875 0 0 0.5718972831964493 0 0 0.3209897875785828 0 0.2392849326133728 0.1306494027376175 0.7447235956788063 0 11.50290481746197 1.572620749473572 0 0 0 55.50273897498846 0 23.49546644091606 7.35025854408741 1.248833149671555 0.1593864113092422 0.3512392044067383 0 0 0 0 0 1.362089335918427 3.658415019512177 0 0 0.1075117439031601 1.483553037047386 0.1971865594387054 0 0 0.1472824811935425 0.9322206825017929 2.086590632796288 0 0.2364052683115005 0 21.65154622495174 0 0.4545173645019531 0 0 0 0.3188533931970596 0 0.1620993614196777 0.9123383462429047 138.7427228242159 1.29285916686058 0 0.5960190743207932 0.3300805538892746 31.58712093532085 2.156156569719315 17.13593399524689 0.8907812982797623 1.932015404105186 0.9174405932426453 1.047763884067535 1.262615278363228 0.2317707017064095 0 0 0 0 0.6650962084531784 0.2893660217523575 0 45.56945016980171 5.759923905134201 54.72933324426413 1072.412074148655 78.89157715439796 696.4906328991055 72.92095263302326 154.2884688526392 193.5247234478593 12.97916635870934 307.9195039644837 35.07504113018513 1.7202138453722 17.21828622370958 2.004471406340599 22.93783120810986 2.630329847335815 0 7.944481670856476 10.85166095197201 3.025956630706787
1461.811587914824 593.5126396417618 8.607026442885399 1741.268440544605 29.81611517071724 597.820119664073 2066.753697067499 1.902289286255836 161.8938608914614 0 17.32530936598778 2589.236706063151 6964.541507780552 2336.389552474022 0.7203588634729385 0.3776639699935913 0 0 0 0 0 0 0 0 0.2752918303012848 0 0 0 0.3869315087795258 0 17.62323234975338 0.572874128818512 89.9248301833868 0 0 0 19.18648485839367 0.16625115275383 0.2333088219165802 0.1423409432172775 0 0.1673455089330673 0 0 0 0.4031090140342712 2.359112665057182 0.5650046020746231 0.1259745806455612 0 0 0 0.3118789494037628 0 0 0.6832516640424728 27.52610485255718 55.18360534310341 4.686755910515785 1.933403566479683 0 11.58690816164017 0 0.9118319004774094 0.4763323664665222 0.414322055876255 0 0 0.1379783153533936 0.7643232941627502 56.46133360266685 0 0 15.22596547007561 0 3.946674406528473 0.2352051883935928 0.4968208074569702 0.1555464863777161 182.0597861707211 1.119902372360229 0.9744166135787964 1.277148067951202 0 0.6648547053337097 0.2941196262836456 0.3717377334833145 0 0 0 0 0 0.1416227966547012 0 0 297.1439146101475 0 0 0 466.956048771739 0.1481073796749115 1.84632982313633 2.407055914402008 2.254181131720543 1.92765049636364 65.1069198101759 7.770689204335213 9.586899489164352 9.13517789542675 37.49026250839233 1.917251005768776 114.8322329223156 40.79544134438038 64.55788472294807 5.489655554294586 0 0 0 0 0 0 0.5232505202293396 0.2768970727920532 0 0 0.1794810444116592 0 0 0 0 0.1918060034513474 0 0 0 2.134047597646713 1.057806253433228 0 0 0 17.00763049721718 0 2.592477172613144 0 0 0 0 0 0.2200877070426941 0 0 0 0.4040805548429489 1.709163188934326 0 0 0 0.1747300922870636 0 0 0.2350537106394768 0 0.5460237413644791 1.33782371878624 0 0 0 3.174305334687233 0.1879352033138275 0.4068268835544586 0 0 0 0 0 0 0 52.52544581890106 0 0 0 0 7.979034930467606 0 2.562600716948509 0.4432445168495178 0 0.7501245588064194 0.1599062234163284 0 0 0 0 0 0 0 0 0 42.18746827542782 1.204475730657578 4.880636528134346 90.74097951501608 0.8922561854124069 18.67508985102177 2.339312709867954 1059.883512884378 9.321774855256081 1.055982321500778 7.292373657226562 3.383695654571056 0 3.361912757158279 0 16.75095164775848 0.2049256712198257 0 1.949718326330185 0 0.1438619196414948
245.1093263924122 2884.308712914586 6491.405680648983 6.041155084967613 578.4534374177456 15.85383467376232 100.8334477618337 1974.292534545064 2745.507803849876 17.32530936598778 0 89.71843601763248 692.7726069167256 8403.364545546472 68.90228980779648 29.75781533122063 4.427068285644054 3.358075350522995 2.814988970756531 7.785295739769936 37.23230004310608 0.9156860709190369 1.639086030423641 0.825243666768074 11.58194608986378 4.413598515093327 10.09214508533478 1.738179288804531 1.882313206791878 0.7249582558870316 793.5200385153294 259.1815367788076 2049.341662943363 1.852711513638496 5.207727432250977 12.50190614163876 527.2923471257091 20.76305805146694 34.72019772976637 18.89619094133377 12.33164895325899 5.800902880728245 2.356518432497978 8.017018258571625 1.102206915616989 7.084729567170143 166.5004085674882 13.11421442776918 2.191822692751884 13.33408994972706 5.016395896673203 1.107886418700218 9.894164741039276 1.99550087749958 7.881770014762878 11.02922620624304 23.15383935719728 146.4784957244992 25.20877380669117 52.77112688869238 61.32080750912428 257.7864245474339 0.6925859004259109 129.8730240091681 3.773024827241898 15.11023838073015 10.53080610185862 32.11254649609327 72.92763351649046 132.3659871071577 432.9000537991524 25.65314382314682 0.9845128282904625 151.9035360217094 33.18635683506727 221.4943291395903 80.43253480643034 22.09979137778282 187.1367660909891 1228.333822138608 38.28966365754604 341.3159851282835 34.47351758927107 2.104133054614067 7.263213306665421 6.597392089664936 38.5066197887063 0.17142353951931 0.8719331994652748 1.615381866693497 3.285389840602875 1.33602898567915 106.6531035900116 6.442344322800636 7.934166505932808 320.201063349843 39.39121323078871 6.87386180460453 38.87470991909504 79.22922979295254 2.657572165131569 1.168754026293755 1.28168648481369 1.186210662126541 6.56745956838131 38.97067974507809 1.247877150774002 10.23084826767445 4.479841694235802 6.613490700721741 3.674058943986893 78.96085511147976 19.63955287635326 38.68217611312866 19.82654359936714 4.033743008971214 1.882392093539238 0.1467468291521072 1.710680022835732 0 0 0.1876097619533539 0 0.2474400997161865 0 0.6698821932077408 0.2293307334184647 0.4434311240911484 0.4794549643993378 1.801816821098328 0.4097320437431335 2.633879274129868 2.002467751502991 0.1507452577352524 9.376895695924759 3.798155933618546 0.4692760407924652 5.345372527837753 1.88657283782959 103.0926142036915 1.183809101581573 45.97944204509258 38.45891626179218 3.932450547814369 0.649238646030426 0 0.1726573407649994 0.5908648371696472 0 3.986458986997604 0.9485499262809753 2.0395587682724 13.19007596373558 0.3219050467014313 0 0.4583481848239899 11.52868537604809 0.6607792153954506 0.1842794865369797 0.5277119576931 0.2828231453895569 0.6209110766649246 1.496561892330647 0 1.21632382273674 7.138823419809341 34.80793443322182 0.7645789682865143 0.4919038712978363 0.2817620486021042 0 0.3159696236252785 0.2694969549775124 0.8020954132080078 0.5940212309360504 2.505679957568645 179.6862645447254 7.489583358168602 0.3346053957939148 0.3836615383625031 1.29126314073801 39.52324718236923 3.42304915189743 34.51916754245758 2.013108447194099 1.779511868953705 3.842676475644112 1.421547472476959 1.229889199137688 0.6405708938837051 0.2666492536664009 0 0 0.6302885711193085 0.1188770532608032 0.261650875210762 0.2602043002843857 46.89460310339928 26.95384773612022 169.2230406701565 709.2838586196303 64.82449244707823 585.2023445218801 78.3956186324358 90.36092930287123 150.3903126567602 12.17003463208675 200.1913366019726 41.65241881459951 2.794352367520332 28.52668520063162 1.574022695422173 18.11100167036057 2.982574000954628 0.1954177170991898 9.888783931732178 11.40956199914217 5.313826858997345
235.1116436719894 144.900230333209 16.39858657121658 696.3308022320271 22.18144473433495 167.2222806513309 109.3114786893129 6.052253842353821 52.8262954428792 2589.236706063151 89.71843601763248 0 2219.347252309322 1272.767915904522 4.965192064642906 1.96341073513031 0.1415081024169922 0 0 0 0.3389028012752533 0 0 0 0 0.2795007228851318 0 0.4061502814292908 0 0 14.40643174946308 3.635202527046204 234.7439115196466 0 0 0 192.5480165630579 1.530823588371277 1.008834451436996 0.6902675181627274 0 0 0 0.6019017696380615 0 0.8227214515209198 10.8464874625206 0.1325445473194122 0.1621865928173065 0.2046529650688171 0 0 0 0 0.9565020054578781 0.2780651450157166 9.647666677832603 19.70222873985767 1.814248636364937 2.850436225533485 3.817820802330971 80.59099066257477 0 5.472666710615158 0.3552345782518387 0.2361676692962646 0 0.8140408545732498 0.8890918344259262 1.513375863432884 96.11127746105194 1.647661745548248 0 14.45871154218912 1.153225988149643 18.7972756177187 2.289851441979408 0.6957949101924896 0.9804008305072784 597.3318399786949 0.5569771826267242 14.18652145564556 3.03166538476944 0 0.1356422156095505 0.2113591581583023 0.3240758627653122 0 0 0.1700810790061951 0 0 2.284423530101776 0 0 1308.428681015968 4.160624295473099 0.2281688004732132 0.5451114624738693 88.30953139066696 3.77802962064743 4.158575743436813 4.651288777589798 3.366727709770203 6.903467103838921 141.9746012538671 13.42145359516144 29.65131774544716 8.094294875860214 53.52755258977413 10.0609645396471 296.3135546892881 86.77160805463791 174.5340909957886 34.15433096885681 1.197509124875069 0.162088006734848 0 0.164688378572464 0 0 0 0 0 0 0.5049435496330261 0 0 0 0 0 0 0 0 13.20180240273476 3.225730404257774 0 0.418576642870903 0 96.23770697414875 0 21.34111899137497 3.238556995987892 0 0 0 0 0.2224319875240326 0 0.2755950391292572 0 1.029539093375206 12.14389190077782 0.1621683388948441 0 0 0 0 0 0.7871503084897995 0 1.317984461784363 2.892337441444397 0.4877366423606873 0 1.202688455581665 25.12914897501469 0.342569962143898 0.7622657865285873 0.8563480153679848 0 0.2749102562665939 0.1185465157032013 0 0 0 226.2220667004585 0.3321446478366852 0 0 0 51.88810095191002 2.987961128354073 19.15019533038139 2.57233764976263 2.541451543569565 3.577085480093956 1.755156904459 0.3387744948267937 0 0 0 0 0 0 0 0 121.8741671293974 7.94702909886837 67.79529944062233 124.7910498231649 4.950102046132088 57.97029129415751 6.6050059273839 284.9851965606213 15.89480094611645 1.560091525316238 29.84658296406269 20.53683578968048 0.4678013473749161 19.72231981158257 0 37.99133686721325 2.919459223747253 0 13.8581270724535 1.928300872445107 1.075071930885315
525.555298730731 1813.988484233618 28.82676365226507 3622.890990108252 405.8709077090025 141.9617080837488 6219.91142577678 40.94534413516521 1549.776644200087 6964.541507780552 692.7726069167256 2219.347252309322 0 3638.474783778191 37.51438768208027 11.01821026951075 1.984251350164413 1.517227306962013 1.029028534889221 0.7213819772005081 3.589377626776695 1.716149657964706 0.2788506150245667 0.2658012509346008 0.8411619365215302 0.8230463042855263 0 0.556466355919838 0.6735033541917801 0.2200406342744827 34.72773919254541 16.58298882842064 261.6339664757252 0.2006012350320816 0.2877556085586548 0.4367445260286331 74.70286416262388 2.8231116309762 6.673868887126446 2.10899792611599 0.8191599473357201 1.536891713738441 1.234880387783051 4.312954366207123 0.4302530437707901 4.273618839681149 69.63880372047424 3.842635706067085 0.3980273827910423 4.037731871008873 0.6435429453849792 1.57928092777729 2.448694348335266 0.1493845880031586 3.92226654291153 1.764060348272324 13.68786811828613 43.00224955379963 6.616320088505745 18.08314663171768 17.5401985347271 40.94114649295807 0.1580758839845657 42.711999386549 1.169557094573975 3.394906893372536 1.063407219946384 5.665974877774715 12.57655826956034 17.05110768973827 341.8885352313519 71.45214683562517 0.4142685979604721 51.15538446605206 8.888431146740913 93.70005694776773 30.64067223668098 7.976172432303429 3.240642219781876 232.1072507351637 12.54519783705473 94.18456976860762 12.27734436094761 1.634299151599407 2.002120807766914 1.733126230537891 9.818044327199459 0.883033849298954 0.2684321850538254 0.3774601370096207 1.403256990015507 0 7.204206854104996 0.6957558244466782 2.182767987251282 1048.514222994447 119.2430187612772 6.060379073023796 17.20160749554634 75.89502318203449 4.65941995382309 1.670903727412224 14.96346554160118 5.831626504659653 6.8723084628582 212.5054052472115 15.19156351685524 37.04215158522129 27.5281285494566 84.07584995031357 9.281829759478569 337.2178967893124 114.1515072584152 168.6347514092922 45.30652548372746 1.675093688070774 1.541095286607742 0 0.226058229804039 0 0 0 0.2685263752937317 0 0 0.333732396364212 0 0 0.1664322018623352 0 0.1702814549207687 0 0.2940907776355743 0 13.29414188861847 2.638168022036552 0 0 0 125.2079944908619 0 42.58511210978031 14.75615179538727 0.6899938881397247 0.1313070207834244 0 0 0.3632147312164307 1.583398953080177 0.5061947405338287 0 1.227958902716637 7.480117931962013 0.1731719672679901 0 0.1443177759647369 0.8138012439012527 0.5214726775884628 0.2897552251815796 0.4831962138414383 0 0.7963762357831001 1.497585035860538 0.1662495285272598 0.7143400758504868 2.485453978180885 35.03217250108719 0.5493821650743484 1.652908563613892 0.2529788389801979 0.1218879818916321 0.2406097576022148 0.9001839756965637 0.4470266997814178 0 0.7513289451599121 298.860135436058 3.53127121925354 0 0 0.3191177472472191 61.6468457877636 3.418951958417892 27.09331423044205 6.157179065048695 2.131886929273605 3.828128769993782 0.8281272351741791 0.7797730267047882 0 0 0 0 0 0 0 0.2515067458152771 157.7362457513809 25.35013127326965 143.7427367046475 443.1362890601158 46.61288464814425 274.7838236168027 45.59381773322821 223.0554390773177 67.87842973321676 3.858132250607014 104.156138010323 38.62341187894344 1.698594823479652 30.93176188319921 1.049361199140549 43.06605204939842 2.561097756028175 0.4667894244194031 10.55784033238888 3.534454211592674 2.369635939598083
