0 3560.709315367043 1329.835577815771 1611.416170999408 346.9093588516116 525.932911619544 1466.427422896028 102.5615644603968 14.35643757134676 1330.623112358153 224.4328419938684 44.55761186778545 55.19124129414558 49.70654709637165 4.001005932688713 3.169333703815937 0 0.1194317042827606 0 0 0.450554370880127 0 0.1067639514803886 0 0.3467383235692978 0.1404123902320862 0 0 0.2995307892560959 0.6089993715286255 1104.228010259569 1.251996919512749 9.557599812746048 0 0 0 12.32373324781656 0.9213380292057991 1.290237426757812 1.820598557591438 0.559817835688591 0 0.3139549046754837 0.6456672921776772 0.3118418604135513 0.3573901578783989 16.87041407823563 1.444890178740025 0 0 0.4064526706933975 0.2595953047275543 0.9130406230688095 0 2.035593129694462 4.989345744252205 80.83637505024672 517.1033667325974 34.80201317369938 22.11021672189236 0.2982193976640701 0 0 1.32257716357708 3.603476911783218 1.452965058386326 0.5146447345614433 0.619879312813282 0.2337034568190575 0.121434673666954 5.642343878746033 1.661636248230934 0 141.7622268125415 19.70707044750452 8.426954478025436 1.841089732944965 0.6506274566054344 0.8277751803398132 21.17545068264008 0.7400415539741516 1.313675083220005 8.738292172551155 0.1265709102153778 2.551074400544167 2.799301452934742 0.9897307306528091 0.2488122582435608 0.7795105278491974 0 0.1326257884502411 0 0.1993486434221268 0 0 129.0533566325903 5.783192798495293 1.286743313074112 1.265246346592903 786.1381158381701 0 0 0.9937064647674561 0 0 18.86388823390007 0 0 246.4559677541256 0 0 1.920768678188324 2.004553392529488 0 0 0 0 0 0 0 0 0 0 0 0 0 0 0 0 0 0 0 0 0 0.1455510258674622 0 0 0 0 0.3232333213090897 0 0.7867141962051392 0 0 0 0 0 0 0 0 0 0 0.6040093302726746 0 0 0 0 0 0 0 0 0 0 0 0 0 0.9287043809890747 0 0.5975832343101501 0 0 0 0 0 0 0 1.585901476442814 0.1880987137556076 0 0 0 0 0.4077198505401611 0 0.1312350630760193 0.4039061069488525 0 0 0 0 0 0 0 0.1099057868123055 0 0 0 0.2412329912185669 0.2499190419912338 0.4617619141936302 57.86735340207815 5.811939142644405 51.9596436098218 7.129601128399372 486.3534892201424 20.75072553753853 3.347832202911377 6.621365502476692 1.778082564473152 0.1387315541505814 0 0 1.347542464733124 0.1191509738564491 0 0 0.1160937175154686 0
3560.709315367043 0 754.6533204317093 136.8750325888395 1748.380356229842 122.8457049578428 1037.775598227978 663.8251350298524 406.2714993581176 166.2174040004611 4828.690601967275 4.464079849421978 93.12787319719791 450.4130762293935 67.62798049300909 15.88892187178135 0.4666854590177536 0.9997979030013084 0.6325073540210724 0.9028681889176369 0.4057678580284119 0.1026153713464737 0.3445544689893723 0.9509593695402145 0.5324681401252747 0.9859136641025543 0.9497570469975471 0.7989843934774399 1.441590398550034 0.4270692095160484 1536.831881821156 25.21526902914047 21.6785070374608 0 0.3363737910985947 0.1452062427997589 17.16084359586239 1.373140804469585 1.673584826290607 3.507150180637836 1.038177579641342 1.495665490627289 0.3273035734891891 3.518369697034359 1.207271061837673 3.100340411067009 229.0649703964591 9.973520465195179 0.8895721435546875 1.408107936382294 2.665395140647888 0.1989427506923676 0 0.6211863160133362 18.73885532468557 47.52977287769318 127.1701336428523 751.7477510645986 107.0909200757742 155.4620377644897 3.867979131639004 1.37257881462574 0.1352221220731735 51.21874017268419 34.01374314725399 21.30861008167267 9.720852255821228 9.646922267973423 3.330706141889095 0.8627336248755455 10.78107951581478 1.366017028689384 0.1312526017427444 625.9768979921937 291.2495839074254 187.7709705084562 39.95221628248692 7.198433615267277 2.169180296361446 52.60622815042734 5.923020504415035 2.633947238326073 57.12977068126202 2.310743354260921 18.63706482201815 29.50618743896484 4.027273543179035 0.1547815948724747 6.457663990557194 0.08342242240905762 1.903554163873196 1.543946333229542 0.2200823947787285 0.2614890113472939 2.301773965358734 52.50731554627419 0.6756192743778229 0 0.1470350474119186 778.3933580592275 0.2738693058490753 4.813513606786728 7.016245111823082 2.867066696286201 1.750607393682003 25.41725897789001 0.510529637336731 5.800725817680359 40.37727488577366 4.810541793704033 0.5164676010608673 11.82737357914448 8.999432742595673 21.53714889287949 5.495597019791603 0.2084412276744843 0 0 0 0 0 0 0 0 0 0 0 0 0 0 0.2000072598457336 0 0 0.152838408946991 0.9318773597478867 0.1338860243558884 0 0.1972213387489319 0 5.594840221107006 0 2.815661884844303 0 0.4969825223088264 0 0.1652272641658783 0 0 0 0.13026462495327 0 0.618879958987236 0.3402046263217926 0 0 0 0 0 0 0 0 0.1283434927463531 1.039137065410614 0 0.4658019542694092 0 3.346897460520267 0.77082759141922 0.2785977125167847 0 0.2248046845197678 0 0.2248194515705109 0.09859283268451691 0 0.3546528816223145 16.46613401919603 1.226232036948204 0 0 0.1125696897506714 2.866745911538601 0.921407088637352 2.192222312092781 0.7815310508012772 0.6855923682451248 0.4618803858757019 0 0.17058065533638 0.2326171696186066 0 0.08538594841957092 0 0.4308836460113525 0.2895485460758209 0 0 6.671214044094086 2.000573791563511 2.71523005515337 416.6678010374308 63.66809229552746 673.9894457161427 47.69106913357973 324.1706601753831 86.89506183564663 10.23598757386208 61.35607571154833 6.524974457919598 0.185065932571888 1.708326742053032 0.6281178519129753 3.053343832492828 0.08940475434064865 0 1.077911838889122 1.255050860345364 0.3446493893861771
1329.835577815771 754.6533204317093 0 3.879884198307991 69.71420291811228 0.5690521895885468 13.11642307788134 1636.865261696279 42.16403407603502 2.155021689832211 4255.388942420483 4.151588499546051 78.38157783448696 340.2191754505038 50.80627139657736 66.57176887989044 10.99908632785082 1.909190557897091 1.537314526736736 6.624349817633629 38.83800270408392 0.5936119481921196 29.69979001581669 20.9976417273283 57.28110439330339 21.95315197855234 68.30066723376513 4.758529223501682 3.881188683211803 3.354184933006763 5914.693420939147 135.8666832596064 82.62348130345345 7.989837162196636 38.63917657732964 23.13421379029751 38.19193305820227 25.57536767423153 2.895500682294369 41.78977462649345 64.20248404890299 11.61859066784382 4.444874830543995 9.420813046395779 3.202872209250927 12.61922074854374 100.4786778390408 5.90458694845438 2.763600304722786 9.638570480048656 8.242254622280598 1.00654187053442 0.1212958693504333 11.55334953218699 8.746351040899754 17.76253779232502 114.5015646517277 1265.904014527798 72.4830331876874 81.09884482622147 80.524259775877 79.2908773124218 15.63301778584719 165.0690310895443 14.79080558568239 9.075779147446156 4.191079519689083 4.465619295835495 20.70398632436991 39.7665928080678 21.52262887358665 0.4129282385110855 0 442.2727270498872 237.7078473269939 80.11096283793449 22.24169380962849 11.16865905374289 251.6710886433721 1390.60993745923 30.8630006313324 497.1033348590136 26.63482426851988 0.7317390143871307 7.679983556270599 13.54426885396242 9.685412786900997 0.09105265885591507 3.097777493298054 0.1035955771803856 1.425777718424797 1.494267717003822 43.33047936111689 10.75534527003765 4.217252224683762 5.473384365439415 0 0 0.09380865097045898 535.5918180942535 0.1146700829267502 0 1.091322548687458 0 0.344951868057251 4.716786585748196 0 1.128569304943085 2.886571899056435 0.2391541749238968 0 1.935950636863708 1.766957506537437 4.25730399787426 2.378368318080902 0.1049049571156502 0.1080900430679321 0 0 0 0 0 0 0 0 0.1753356456756592 0 0 0 0.09320446848869324 0.3861433938145638 0.1094133406877518 0.7396301627159119 0.1165505647659302 0.7166536450386047 0 0 0.1138753890991211 0 2.09756501019001 0.09438472986221313 1.751994498074055 0.4572013169527054 0.2331570982933044 0 1.868108004331589 0.573747843503952 0 0.2996284961700439 0 0.4565725475549698 0 0.5203324481844902 0 0.5935425907373428 0.1573255360126495 0 3.236962430179119 0 0 0.2091690897941589 0 0 0 0.2644522488117218 0.3952428549528122 1.648860938847065 0 0 0 0 0 0.2763756066560745 0.08862695842981339 0.1251049190759659 1.159241802990437 6.859542116522789 0.08950106054544449 0 0 1.424207717180252 0.9642248749732971 0.723869189620018 0.2636220678687096 0.1387475430965424 0.4816387593746185 0.3937449157238007 0 0 0.2797064334154129 0 0 0 0.1520514041185379 0 0 0.1176782101392746 2.825318470597267 1.317505210638046 1.422362416982651 165.8849163427949 38.88573219627142 234.2608672454953 18.79560200870037 140.6553998216987 34.33888403326273 7.022266879677773 36.98652336746454 3.005399979650974 0.6635492071509361 0.4912379011511803 0.5213958770036697 0.447457954287529 0 0 0.3007280230522156 1.977209717035294 0.1461832225322723
1611.416170999408 136.8750325888395 3.879884198307991 0 173.0473633855581 495.800897359848 663.6393507868052 0.941863939166069 42.30161429196596 752.1379491239786 1.701788134872913 27.69470000267029 65.04362738877535 11.04404847323895 2.587761454284191 1.516213141381741 0 0 0 0 0.2380535528063774 0 0 0 0 0.124062567949295 0.0906456783413887 0 0.2400416061282158 0 43.08599874377251 0.2875922173261642 3.863865226507187 0 0 0 0.3607528209686279 0.1018966138362885 0 0.2619518935680389 0 0 0 0.566917784512043 0.1366420835256577 0.4263240620493889 24.54730536043644 0.6087061688303947 0 0 0.3439398854970932 0.1771135032176971 0 0 1.943554349243641 6.718213714659214 19.31774602085352 95.74607856571674 16.30214283615351 19.24583534896374 0 0 0.1799705475568771 2.487722404301167 4.334751926362514 2.923972725868225 0.9972040802240372 0.8228919580578804 0.2314015850424767 0 5.918844535946846 0 0 89.49799632281065 20.75243094563484 12.1103229150176 1.780214212834835 0.108633853495121 0.2062642276287079 0.7895672991871834 0.1116865053772926 0.2647788524627686 7.193727031350136 0.3470162525773048 1.78892732411623 3.461480028927326 1.093776941299438 0 0.6327779293060303 0 0.2991609647870064 0 0 0.1177433654665947 0 210.4505784660578 0.2168603092432022 0 0 150.2469558790326 0 0 4.253571897745132 0.2103961408138275 0.95520980656147 14.30422683060169 0 2.286805793642998 105.973273858428 5.321128204464912 0 3.946135580539703 1.714838296175003 4.878743827342987 0.4732774496078491 0.3756482601165771 0 0 0 0 0 0 0 0 0 0 0 0 0 0 0 0 0 0 1.009619519114494 0 0 0 0 1.158766090869904 0 0 0 0 0 0 0 0 0 0 0 0 0 0 0 0 0 0 0 0 0 0.278241753578186 0.4479495882987976 0 0 0 0 0 0 0 0 0 0 0 0 0 2.327118337154388 1.481363773345947 0 0 0 0.574138417840004 0 0 0.3305929005146027 0 0.8889484107494354 0 0 0 0 0 0 0 0 0 0 2.051068663597107 0 0.2685431241989136 55.99441469460726 7.618832916021347 71.64898935705423 5.93671353161335 132.5522348955274 10.96826809644699 2.076111271977425 7.757279396057129 0.1924192905426025 0.2581607028841972 0.4023760557174683 0 0 0.4455901980400085 0 0 0 0
346.9093588516116 1748.380356229842 69.71420291811228 173.0473633855581 0 34.5194593667984 1252.215694464743 307.9859199747443 3742.868158735335 1169.676897309721 3071.576415657997 13.18191178143024 221.6555131748319 1154.935514226556 108.9016761481762 26.50517043471336 1.045402482151985 0.589063324034214 0.207531675696373 1.456851810216904 0.3907083421945572 0.1097050532698631 0.14224474132061 0.7380705773830414 0.08929324150085449 0.5765226855874062 0.2036308497190475 0.5653906092047691 1.238374918699265 0.2728261426091194 227.6642413511872 30.23522909730673 8.222528390586376 0.1133190765976906 0 0.1117094978690147 7.970937460660934 1.134880349040031 1.126092381775379 1.817106649279594 0.130205437541008 0.9307736754417419 0 5.012882173061371 0.8203397840261459 3.161594025790691 272.4464988857508 6.696260757744312 0.5976633280515671 0.8377162590622902 3.585813976824284 0 0 0.8823076486587524 14.59263935685158 35.72863651067019 37.5576644167304 203.6304897069931 42.69087855517864 137.3600604757667 3.264546096324921 1.374557830393314 0.4014629349112511 67.92794022709131 29.81154974550009 19.0002040155232 9.566263139247894 7.708543047308922 3.007981769740582 0.4089900478720665 6.784864373505116 0.1211611181497574 0 341.4990954473615 295.1919951140881 271.7607617676258 79.51646108180285 14.65948904305696 5.145256213843822 6.717979863286018 9.290636673569679 5.072760686278343 36.93322461098433 1.906815156340599 15.09466855227947 25.52078567445278 4.783553458750248 0 7.110843069851398 0.09070461988449097 2.948091715574265 0.6718982011079788 0.5333334058523178 0.5092282295227051 2.811613470315933 107.9646118581295 0.2048723250627518 0 0.1597563773393631 49.91201803088188 0.1062337607145309 5.493458077311516 22.73522733151913 19.55670246481895 11.10186333954334 86.24709750711918 2.891934990882874 33.4201348721981 84.79711064696312 30.3474555015564 2.228866681456566 53.79754417389631 42.40059424936771 72.83300741761923 26.79184021055698 1.446822315454483 0 0 0 0 0 0.3227677643299103 0 0 0 0 0 0 0.1699539124965668 0 0 0 0 0 3.42596784979105 0.4099601954221725 0 0.4466970264911652 0 12.55699332803488 0 6.429216459393501 0.3220656365156174 0.3522461950778961 0 0 0 0 0 0 0 0.400060772895813 1.254146009683609 0.2614755183458328 0 0 0.1613465845584869 0.1461184620857239 0.07609231024980545 0 0.124472551047802 0.9040504842996597 2.459984794259071 0 0 1.609347924590111 9.855047829449177 0.1306570023298264 0.7286816984415054 0 0.3322045207023621 0.3538192138075829 0.4787138476967812 0.08031628280878067 0.4324337616562843 0.3604572117328644 52.70385609567165 0.5412935465574265 0 0 0.1845793575048447 9.762954130768776 1.764123119413853 1.096544906497002 2.187584102153778 1.42111074924469 0.2722677066922188 0.125713437795639 0.4560333341360092 0.1108267530798912 0 0.0967414379119873 0 0.07983073592185974 0 0.09482207149267197 0.1127931699156761 21.50426396727562 3.491647481918335 4.498798958957195 408.1034153029323 89.0467549264431 645.5985119342804 51.58946818113327 180.7575016468763 90.40097808092833 10.3330242857337 98.09035396575928 17.77488472312689 0.2705210894346237 4.860678672790527 4.01320044696331 5.644599512219429 0 0 1.115260735154152 3.332968473434448 0.7085758596658707
525.932911619544 122.8457049578428 0.5690521895885468 495.800897359848 34.5194593667984 0 301.7792385369539 1.116585239768028 41.09544856846333 992.0655991137028 8.477166041731834 363.1527521312237 331.8307358026505 36.89203236997128 0.6978642344474792 0.8131977170705795 0 0 0.5322628021240234 0 0.1748650968074799 14.86721953749657 0 0.1994758397340775 0 0 0 0 1.055059239268303 0 8.098431885242462 0 17.04641392827034 0 0 0 59.61444467306137 0.6439125239849091 6.206808775663376 0.8757402896881104 0 0.2708377838134766 0 0.4368009716272354 0.1581862419843674 1.664323970675468 6.159543573856354 0.6264594718813896 0 0 0.1916550099849701 28.01425983011723 1.470895275473595 2.833470091223717 0.4719606190919876 1.027866594493389 129.6410686820745 83.21281252801418 5.66051322221756 2.383834712207317 0.8709543794393539 0 0.2280863672494888 0 0.5567131489515305 0.3337835147976875 0 0.5059709325432777 0.1530460268259048 0 201.2979876995087 60.82242858409882 6.169903710484505 22.80855217576027 2.458867371082306 1.651961021125317 0 0 0 2.93755079805851 0 0 2.263152673840523 0.7559831887483597 0.3366016149520874 0.7180696576833725 0.384153887629509 3.671324074268341 1.859216965734959 12.72424465417862 0.1935034692287445 5.942065596580505 0 0 1.646948844194412 434.1875001639128 296.4970719814301 20.95424197614193 35.19248498976231 481.5042357444763 0 0 0 0.6285701990127563 0 4.604992002248764 0 0 13.69768072664738 0 0 0 0 0.4540679231286049 0.548346072435379 0 0 0 0 0 0 0 0 0 0 0.1846180409193039 0 0 0 0 0 0.1799530237913132 0.6017953306436539 0 0 0 0 0 0 0.1844979375600815 0 0.1969569623470306 0.1846815496683121 0 0 0 0 0 0 0 0 0 0 0 0 0.19872185587883 0 0 0 0 0 0 0 0 0 0.1397272795438766 0 0 0 0 0 0.1370900720357895 0 0.1347042471170425 0 0 0.1481619477272034 0.1521723866462708 0.179837241768837 0 0.2553215622901917 0 0.5137382298707962 0.3101490288972855 0 0 0 0 0 0 0 0 0 0 0 0 0 0.3298364132642746 0.2897046059370041 0.583985760807991 18.30836859345436 0.5085856318473816 9.461494199931622 1.632403984665871 352.860760524869 2.230925485491753 1.516050010919571 1.684323832392693 1.148446962237358 0 0.1311507821083069 0 0 0 0 0 0 0
1466.427422896028 1037.775598227978 13.11642307788134 663.6393507868052 1252.215694464743 301.7792385369539 0 5.508458971977234 328.7040317878127 2852.612297944725 165.5766684412956 114.52654273808 4922.506295695901 1242.833397440612 59.42941176891327 21.87367303669453 0.2073067426681519 0 0.3646729588508606 0.4248483628034592 0 0 0 0.1012669205665588 0.3018671572208405 0.335722878575325 0.2198401093482971 0.4582262113690376 0.09828339517116547 0 107.4585071355104 6.014807999134064 4.245386257767677 0 0 0 7.945421136915684 0.722723513841629 0.3556298092007637 0.8527687638998032 0.1330311298370361 0.2440220192074776 0 2.760860443115234 0.09169001132249832 2.089677311480045 150.29995328933 3.745574146509171 0.2907931506633759 0 1.386126972734928 0.1025630310177803 0 0.847582682967186 9.573491975665092 21.05115549266338 37.94329532980919 162.667549058795 33.27759490907192 71.44167913496494 1.164439536631107 1.452752985060215 0.1356355249881744 15.85637729614973 16.84598954021931 9.848799310624599 3.198263056576252 3.681170232594013 0.9331406652927399 0.1328796446323395 8.558326549828053 0.4487392604351044 0 214.4400311484933 111.442080296576 123.0260423868895 30.94683679938316 9.625287152826786 2.052426017820835 5.39566296339035 1.136846639215946 1.140713259577751 22.63116469234228 1.455283284187317 8.730316504836082 14.52436682581902 3.176398105919361 0.1920273527503014 3.714949131011963 0 0.8793197125196457 0.2118110582232475 0.2177985012531281 0.598447360098362 1.226931117475033 318.298360362649 0 0 0.4402515888214111 120.5784288644791 3.619350895285606 6.170419335365295 29.99395281076431 15.28685265779495 9.272463798522949 78.89937405288219 1.59578600525856 30.28747800737619 90.36931160092354 36.21773634850979 2.735549762845039 49.27490049600601 42.05900301039219 88.63058318197727 24.7662410736084 0 0.1204023063182831 0 0 0 0 0 0 0 0 0 0 0 0 0 0 0 0 0 5.321321874856949 0.2414518147706985 0 0.5903233289718628 0.123954139649868 8.409406512975693 0 4.036759793758392 0.3893217444419861 0 0 0 0 0 0 0 0 1.152561888098717 0.7955708354711533 0.3598358631134033 0 0 0 0 0 0 0.0853436291217804 0.3148371428251266 2.989638060331345 0 0.964483954012394 0.6470490545034409 9.590517058968544 0.5873084962368011 1.72545649856329 0.5793120339512825 0.2753647863864899 0 0.5030695348978043 0.119479164481163 0 0.4244388341903687 47.27039912343025 0 0 0 0.3222402036190033 4.525082737207413 1.035994663834572 3.086685828864574 3.044821992516518 3.196115255355835 2.335124999284744 1.177569597959518 0.1656487584114075 0.3912301957607269 0 0 0 0.08423152565956116 0 0 0 24.67128343880177 1.335593476891518 2.560823246836662 313.5968880578876 46.21876884996891 438.6995138972998 34.19225113093853 226.3964682891965 63.89051600545645 7.689130045473576 82.82573366165161 13.58511748164892 0.4231037795543671 2.015442468225956 2.105436630547047 9.265877351164818 0.2614180892705917 0 4.268767036497593 1.074469901621342 0.680731937289238
102.5615644603968 663.8251350298524 1636.865261696279 0.941863939166069 307.9859199747443 1.116585239768028 5.508458971977234 0 70.46348124742508 1.674953043460846 2596.312743932009 1.974692180752754 61.82694600522518 404.4405122473836 112.6283946409822 107.7096503376961 10.33752898871899 4.52399680763483 2.244737148284912 18.58184318244457 78.48022262752056 0.2609016969799995 45.75686173141003 23.76050820946693 63.98322974890471 30.96001742035151 83.21928907185793 11.12350542098284 6.102399311959743 4.336575523018837 1000.573676384985 1008.024225831032 141.5507306829095 14.17808410525322 53.1621455103159 28.4074666723609 59.50522913038731 32.92943155020475 5.432157203555107 57.68120660632849 93.51214949041605 13.54308187961578 9.175734587013721 23.74880011379719 10.31946393847466 44.65791378170252 165.8030761107802 2.671752370893955 4.159683518111706 23.68966667354107 7.263519123196602 2.734484225511551 0.7806223332881927 19.6445809006691 6.05083953589201 11.4502018019557 27.79216204583645 236.7767723351717 23.06577949970961 70.48553712666035 333.7145177349448 144.7939587160945 23.233453348279 155.3126730695367 10.41594724357128 6.748163320124149 3.214017301797867 6.19333778321743 45.96735303103924 72.16391867399216 17.84912633150816 0.3927009105682373 0 234.9269390553236 302.4223762154579 199.8398109599948 206.7227609232068 55.1536233574152 1637.061254054308 3681.848032698035 334.2910945117474 2267.074371650815 15.67223562300205 0.4690454602241516 5.800073251128197 12.16514438390732 20.07781852036715 0.1112443506717682 1.884937018156052 0 3.314543686807156 2.162585213780403 75.46112497895956 11.2107495740056 8.778681114315987 9.222095966339111 0 0 0.5222577005624771 46.25607722997665 0 0.9850711226463318 1.655225679278374 0.9217522442340851 0.2795803174376488 5.198278449475765 0.1635405719280243 0.8620097786188126 3.61173290759325 1.614439159631729 0 1.135187581181526 2.222580552101135 3.946272686123848 1.63112485408783 0 0 0 0 0.4169506579637527 0 0.1353543251752853 0 0 0 0.4624806046485901 0 0 0 0.1358452886343002 1.113587997853756 0 0.6053070425987244 0 0 0 0 0 0 0.7618808150291443 0 1.671850204467773 0.7831569090485573 0.3386395424604416 0 1.013370335102081 0.1312404572963715 0 0 0 0.2120029032230377 0 0.6260886192321777 0.4184874892234802 0 0 0.492323599755764 2.619601465761662 0.0991663783788681 0 0.1732548773288727 0.2597341239452362 0.6758367866277695 0 0.4647097140550613 0.2428769469261169 1.607145830988884 0 0 0.1338291615247726 0 0 0.2782627940177917 0 0 1.331198632717133 7.486295059323311 0 0 0.1604834794998169 1.20491985231638 0.239749550819397 0.4066895395517349 0.366622120141983 0.6348999291658401 0 0 0 0 0.3309991806745529 0 0 0 0.2457413896918297 0.7789702191948891 0.1353884637355804 0.1371134221553802 1.478815510869026 1.431295104324818 1.644648216664791 208.1641293913126 50.6695818901062 326.649014569819 27.43389945477247 41.73346693813801 28.4173968732357 4.118807539343834 57.04355146735907 7.087147265672684 0.5319591090083122 1.652236245572567 0.8238777220249176 0.5459796786308289 0.1228868439793587 0 0 1.422705620527267 0.3173590749502182
14.35643757134676 406.2714993581176 42.16403407603502 42.30161429196596 3742.868158735335 41.09544856846333 328.7040317878127 70.46348124742508 0 774.4877930879593 3805.456860728562 13.13301914185286 832.8314264565706 1622.011806562543 144.7531994134188 83.99159131199121 1.76009301841259 0.2528591156005859 0.6014703586697578 0.5894984155893326 0 0 0.1263956427574158 0.1784580051898956 0.1045326814055443 0.7936018258333206 0.4669860899448395 1.243448004126549 0.7423154711723328 0.1875316053628922 22.36095903068781 9.949897207319736 5.756496526300907 0.1039344891905785 0.1105427891016006 0.5602367892861366 9.560435608029366 0.6053736135363579 0.5860862135887146 0.8990223184227943 0.3128065094351768 0.2759307101368904 0 11.64522480219603 0.7010871022939682 2.003861054778099 234.5089903920889 2.753091372549534 0.4669908285140991 1.096704505383968 2.011074542999268 0.6393289864063263 0 0.8994830846786499 6.089117981493473 16.91596860438585 12.16941506415606 33.24271532893181 19.86019103974104 66.20770940184593 2.564256876707077 1.407245174050331 0.8392158448696136 23.22805348783731 10.83595931902528 7.955842576920986 4.36332631111145 3.208905041217804 0.9885038435459137 0.3838338926434517 11.68175858259201 0.457921490073204 0 154.7079408317804 141.95267111063 230.1956477984786 96.31368067115545 30.47232465445995 3.6265489757061 27.13021428883076 2.911002293229103 2.321024544537067 12.02458131313324 0.4015597477555275 5.058418691158295 10.36910897865891 3.528105415403843 0 3.188668347895145 0 0.8230374082922935 0.7976332977414131 1.293767280876637 0.3155396282672882 1.406586199998856 255.9825195744634 0 0 0.2082291096448898 15.49375352263451 1.793771103024483 7.746397584676743 26.94229324162006 18.7616665661335 17.31961333751678 124.005194671452 4.134267419576645 42.64233390241861 105.9698975980282 39.66812658309937 3.862729765474796 67.11092399060726 61.01693007349968 139.9271685630083 41.04556553810835 0.4549278393387794 0 0 0 0 0 0 0 0 0 0 0 0 0 0 0 0.1008148565888405 0 0 5.924558341503143 0.5276084020733833 0 0.2106799483299255 0 14.25393874943256 0 7.322551101446152 0.2170875668525696 0.238997608423233 0 0.1010669097304344 0.1568680554628372 0 0.1755651980638504 0 0 0.8903439939022064 1.743879713118076 0 0.266944594681263 0 0 0 0 0.2381324172019958 0.8790378049015999 0.9505115002393723 1.932732455432415 0.7716636061668396 0.4065887778997421 0.4692861065268517 13.32711436599493 0.1424932181835175 1.306590110063553 0.6717218011617661 0.1214641481637955 0 0.1113587245345116 0.1256392598152161 0 0 63.898547552526 0.5400460213422775 0 0 0 11.0272588133812 5.450052380561829 1.951290264725685 6.347276993095875 3.166740640997887 2.28194735199213 0.09977912902832031 0.1239544004201889 0.8141671493649483 0 0 0 0.08845313638448715 0.1501714587211609 0 0 30.99997376650572 2.271656580269337 3.202716365456581 460.8026730492711 60.95029300451279 606.900290004909 50.96799896657467 113.4783457294106 98.12938933819532 8.65641775727272 161.8350976780057 13.92374842613935 0.4972694292664528 5.980975367128849 2.346105828881264 9.616085857152939 1.619147554039955 0.1444782912731171 2.058284312486649 4.798616297543049 1.734950020909309
1330.623112358153 166.2174040004611 2.155021689832211 752.1379491239786 1169.676897309721 992.0655991137028 2852.612297944725 1.674953043460846 774.4877930879593 0 53.83295153826475 933.6793643534184 6089.501653835177 462.194349065423 10.83905576914549 9.887101039290428 0.3683850020170212 0 0 0.1061994656920433 0 0 0 0 0 0 0 0.2412474080920219 0 0 29.58621982485056 1.280409812927246 25.46370285004377 0 0 0 26.7689655572176 0.3079304620623589 0 0.2198897749185562 0 0.3323323130607605 0 1.991593383252621 0.3018402457237244 1.591122880578041 28.56833475828171 0.7937313467264175 0 0.09704194217920303 0.2198612615466118 0.1132185608148575 0 0 1.991100825369358 5.477019421756268 29.69082903862 83.09342009574175 12.24326924979687 15.25865688174963 0.6653570085763931 0.7857522964477539 0 2.313267678022385 3.653982236981392 2.606574282050133 0.7576556727290154 0.8536311686038971 0.6522175520658493 0 38.0456093326211 0 0 64.32349684089422 20.46489957720041 17.13342105597258 4.273632757365704 1.672323688864708 0.1021851822733879 2.580965928733349 1.031329371035099 0.2087333053350449 6.631147131323814 0.09093739837408066 0.7089996486902237 3.107159473001957 1.287716776132584 0 0.7979675233364105 0 0.6207971796393394 0.3113123327493668 0 0.1703776866197586 0.3950011730194092 1308.891335085034 0.2354138642549515 0 0.2399954199790955 438.0024400651455 1.082341104745865 13.75019884109497 23.15565675497055 18.62027445435524 10.02225783467293 130.0369874984026 5.000920310616493 36.11644455045462 143.7124818861485 62.20132839679718 2.422801896929741 63.76814785599709 71.72335156053305 137.9351882487535 21.44268427789211 0 0.3539647907018661 0 0 0 0 0 0 0 0 0 0 0 0 0.320967510342598 0 0 0 0 2.459649808704853 0 0 0 0 6.111625872552395 0 2.996597848832607 0.5233079940080643 0 0 0 0 0 0 0 0 1.361306101083755 0.5350842028856277 0 0 0 0.4362394511699677 0 0.537272609770298 0 0 1.143466994166374 4.054551512002945 0 0 0.1523755639791489 8.344304636120796 0.1393353790044785 0.7790526747703552 0.5377673655748367 0 0 0 0 0 0 32.98117987811565 0.2637550532817841 0 0 0 2.827614732086658 1.773346662521362 0.8926100507378578 2.458147354424 0.5676553249359131 2.481951244175434 0.7458366453647614 0.3934624046087265 0 0 0 0 0 0 0 0 36.25919449329376 1.461551055312157 0.1409000009298325 97.83668819069862 7.763214938342571 92.46167904138565 8.134168468415737 318.7434256449342 16.00730374455452 1.059602633118629 27.6889490634203 1.984791472554207 0 4.374680258333683 0.7779257223010063 13.33418674767017 0.7872851490974426 0 1.000624775886536 1.014318734407425 0
224.4328419938684 4828.690601967275 4255.388942420483 1.701788134872913 3071.576415657997 8.477166041731834 165.5766684412956 2596.312743932009 3805.456860728562 53.83295153826475 0 17.56018939614296 1469.1184720397 4026.702927261591 177.865359030664 137.246103875339 5.280163280665874 1.944860056042671 1.470524743199348 4.574458390474319 6.792858943343163 0.1644860655069351 4.308892920613289 4.70514077693224 10.46033365279436 4.701135128736496 17.70345041900873 3.13656061142683 10.58049444109201 4.743454642593861 1055.842665918171 65.19304560124874 422.3272301927209 0.9042719453573227 4.209676206111908 2.990207806229591 246.9125374555588 30.99911946803331 17.50920404493809 54.99193096905947 13.69067960232496 2.368675500154495 1.114608734846115 26.17955736815929 3.661071337759495 14.22806966304779 270.0800689980388 4.436801843345165 3.326235674321651 3.951096788048744 3.659223861992359 0.4036169648170471 0.9021902233362198 3.967694640159607 7.108381099998951 17.18321713060141 27.46897760033607 187.6104052439332 25.32434497773647 95.8858302757144 14.431311391294 8.288465790450573 2.77411961555481 73.87291266024113 15.36444529891014 10.7626363709569 4.371348604559898 4.403854593634605 4.328622974455357 5.498730778694153 85.35191416740417 1.180572792887688 0 265.1684496477246 274.3745867237449 295.4337644502521 152.5068475604057 42.57156942039728 143.2057734802365 785.5182571858168 19.35827706754208 21.51483909785748 20.00651919096708 0.5772664099931717 9.759524576365948 13.17150500416756 5.040059015154839 0 3.458444125950336 0 2.268784165382385 2.09565556794405 7.746330313384533 3.522129416465759 5.451957948505878 71.23435935378075 0.1368840634822845 0.1290840804576874 0.4455503523349762 61.29727104306221 0.9611084163188934 0.6636379063129425 10.28841264545918 3.156034022569656 5.748335555195808 32.47346286475658 1.106917291879654 16.03615093231201 32.27301514148712 13.81894028186798 1.501310855150223 24.0766968280077 13.46375714242458 45.56148455291986 14.86589030921459 0.1496635973453522 0 0 0 0.2468643039464951 0 0 0 0 0.1129241585731506 0 0 0.1129297316074371 0 0 0.2088350802659988 0.1504563987255096 0.3794624805450439 0.3103967010974884 1.622496642172337 0.2524419128894806 0 0 0 6.607145614922047 0.4433860331773758 3.42183281481266 0.2414630353450775 0.2496996000409126 0 0 0 0 0 0 0 0.6128074750304222 1.053966388106346 0 0.2699395641684532 0 0.3723272681236267 1.083734378218651 0 0.4643943011760712 0.323633223772049 0.4494881331920624 2.479606822133064 0 0.1129162162542343 0 3.351733632385731 0.1587089151144028 1.484684184193611 0.261273980140686 0.188957080245018 0.1109077036380768 0.3675252646207809 0 0 0.8441829979419708 31.56003921478987 1.080983594059944 0 0 0.8213210627436638 3.23373781889677 1.044855184853077 1.66065314412117 1.313241437077522 0.7090571820735931 1.045553863048553 0.1453196853399277 0.2171267867088318 0 0 0 0 0 0 0 0.2989813685417175 14.18248990178108 1.532956779003143 2.04234554618597 416.5785766169429 64.61842505633831 555.5674466863275 50.36569496244192 94.6927253678441 75.52255057543516 4.836668282747269 141.2401246204972 10.0605450719595 0.2678109109401703 4.58998304605484 0.8579369708895683 5.142722830176353 0.3598916828632355 0.248755007982254 1.050849571824074 4.996636591851711 1.166829258203506
44.55761186778545 4.464079849421978 4.151588499546051 27.69470000267029 13.18191178143024 363.1527521312237 114.52654273808 1.974692180752754 13.13301914185286 933.6793643534184 17.56018939614296 0 1790.889993272722 48.0091905221343 25.2018968090415 35.7726673707366 1.488689191639423 0.5925068110227585 0.1287062764167786 0.1305038034915924 0.1014183908700943 0 0 0.2809743881225586 0 0.3350230157375336 0.2878240048885345 0.3074244856834412 0.1633494645357132 0.3334112465381622 0.8026947379112244 0.21998630464077 30.12150514125824 0 0.2864611446857452 0 123.9198269844055 0.5193104520440102 2.07943819463253 1.630773894488811 0.2766334936022758 0.1047823503613472 0 5.914079509675503 0.8101067095994949 8.044174611568451 25.48776329308748 0.3791547939181328 0.3217598646879196 1.572091117501259 0 0.3089120090007782 0 0.112318828701973 0.698064811527729 1.566514737904072 3.555995777249336 2.562740303575993 2.467791609466076 1.846920318901539 4.97623847424984 0.294518731534481 0.3173734843730927 0.6290497779846191 0.7816486358642578 0.4189553633332253 0 0.2210077792406082 2.033456943929195 1.410742059350014 98.75987465679646 0.6450898200273514 0 8.254486590623856 2.813839666545391 12.82748916745186 6.775090098381042 4.527962066233158 1.547106355428696 6.432123079895973 6.897072926163673 0.5977743044495583 0.5560573861002922 0 0.4125039428472519 0.8923448175191879 0.2819201201200485 0 0.2378979846835136 0 0.1270734965801239 0.1246107742190361 0.9244963377714157 0.1609268933534622 0.113801471889019 1441.91452267766 0 0 0.4571710973978043 151.3466643840075 1.085612751543522 1.527258187532425 13.51546737551689 9.698949873447418 6.449584290385246 51.79118354618549 1.207274436950684 19.79318831861019 46.11375196278095 17.43995106220245 0.7402758970856667 28.10722946375608 31.69955532252789 85.91291786730289 18.58922618627548 0.2024730443954468 0.1502260267734528 0 0 0 0 0 0 0 0 0 0 0 0 0.2396292090415955 0 0 0 0 2.71708557754755 0 0 0 0 8.790821023285389 0 3.247293904423714 0 0 0 0 0 0.1463464647531509 0 0 0 0.2233009710907936 1.239717707037926 0 0.303870290517807 0 0 0.3870864510536194 0 0.2886518537998199 0 0.7401712536811829 1.896768897771835 0 0 0 7.477902084589005 0.1348779201507568 0.9477557837963104 0 0 0 0 0 0 0 39.54896354675293 0 0 0 0 3.660191677510738 0.7106658890843391 1.384930476546288 1.652112931013107 0.5333144664764404 0.1181370615959167 0.1337164491415024 0 0.2454456984996796 0 0 0 0 0 0 0 33.53592197597027 5.429808929562569 1.896486029028893 177.9717943146825 12.2632624283433 74.86884457617998 10.50549660623074 119.7243109047413 9.328257784247398 0.3675245195627213 42.46443513035774 5.383103057742119 0 1.413465425372124 0.9246564209461212 6.011835515499115 0.1466795951128006 0 1.921215876936913 0.8675522655248642 0
55.19124129414558 93.12787319719791 78.38157783448696 65.04362738877535 221.6555131748319 331.8307358026505 4922.506295695901 61.82694600522518 832.8314264565706 6089.501653835177 1469.1184720397 1790.889993272722 0 2547.634420908988 182.3401816114783 216.3246445804834 7.898974545300007 1.929322235286236 2.791628710925579 1.827989995479584 2.661287471652031 0 1.579970702528954 0.982831209897995 1.587744832038879 1.72489321231842 4.038698494434357 1.445733837783337 6.341630198061466 0.9992248117923737 17.72177944332361 6.525740779936314 151.0103211253881 0.6955204457044601 0.3444784581661224 0.7689156532287598 179.8861816525459 3.476592734456062 18.78066147118807 25.74075755476952 4.150778353214264 2.9560526907444 1.304099947214127 37.81116426736116 4.021852910518646 23.39977911114693 172.2816213518381 1.61753822863102 2.856359608471394 4.693561464548111 0.6271750926971436 0.2622008472681046 0.5303364992141724 1.34403470158577 1.767164677381516 9.3569166213274 14.84467941522598 15.6263163536787 9.956075333058834 21.59138451516628 19.33787325769663 2.51379980891943 1.293584987521172 5.352060236036777 4.333831936120987 3.015882663428783 1.482438996434212 2.870763428509235 4.620193392038345 3.475342981517315 503.2367815226316 6.809084676206112 0 55.45962724089622 41.88469325006008 124.6836427524686 67.7208411321044 44.19748391956091 6.344692967832088 211.5519491806626 30.8392069041729 4.912190847098827 3.40127882361412 0.1926562637090683 3.257367745041847 6.131290972232819 4.108854055404663 0 2.162597201764584 0 2.576034300029278 1.19946464151144 3.793662928044796 1.066232107579708 2.061230823397636 3810.792685106397 0.3454685658216476 0 1.106969274580479 163.9371507316828 3.650122441351414 11.9765018671751 56.85945964604616 32.62487345933914 40.27462169528008 242.7338950112462 7.519971519708633 89.8250597268343 230.6703055128455 78.79040794074535 8.414714604616165 152.6107584908605 149.497915327549 336.655432254076 103.4048401862383 1.228404372930527 0.4613825976848602 0.1340667903423309 0 0 0 0 0 0 0 0 0 0 0 0 0 0.3101131916046143 0 0 15.01502837985754 0.982615739107132 0 0.4639290198683739 0 32.25361420214176 0 17.25880605727434 0.632982462644577 0.4258580133318901 0 0.1317837685346603 1.193717837333679 0 0.365793377161026 0.5224802494049072 0 3.665374800562859 3.174206219613552 0.2333695888519287 0 0 0.2653718888759613 0.5321092903614044 0 0 0 0.3955805599689484 9.729922026395798 0.3178407847881317 0.3710379153490067 0.9410654678940773 40.21448773145676 0.259682223200798 1.042976588010788 1.158327624201775 0 0 0.1395524442195892 0.6151310130953789 0.1071842461824417 0 212.3366403281689 6.584033519029617 0 0 0.3610092401504517 19.96753340214491 5.153289876878262 5.38028921186924 4.557257056236267 8.223657771945 3.780267938971519 0.2380687072873116 1.453501999378204 0.3737670183181763 0 0 0 0 0.422167181968689 0.1627043187618256 0.09614667296409607 164.6451013609767 21.43007946014404 7.189761713147163 758.2430700957775 93.59429022669792 476.3119735792279 59.84019907563925 248.9936366155744 91.93852508068085 5.521748535335064 284.91798543185 18.77909833937883 0.3864686638116837 10.45482066273689 3.335896708071232 17.39282956719398 2.511705741286278 0 3.939683154225349 12.13832203298807 3.16892571747303
