0 807.3498948328197 1180.638086929917 23.72328007221222 256.240671146661 5.919651865959167 446.2762107998133 2271.20702810958 3458.363752089441 191.3615156635642 637.7144950665534 682.3557485938072 159.2528931610286 1534.922563564032 15.04586093127728 246.2470970228314 102.8597340732813 0 0.52393439412117 19.77657696977258 7.104880269616842 18.41903276368976 0.2765011489391327 4.675676643848419 3.521723940968513 8.77114637196064 8.335346043109894 17.7401853390038 1.476033471524715 2.707650847733021 132.2122665867209 991.8390796110034 418.9562995284796 11.45671424642205 4.536010831594467 22.12989979237318 6.263930574059486 3.590327046811581 0.2600109577178955 3.89793735742569 11.93242033198476 4.727628353983164 1.744565140455961 98.94696422666311 3.734184816479683 0 14.89383916556835 0.162878192961216 5.383108250796795 0.06441561877727509 0.1833369340747595 2.240771368145943 81.56476313248277 0.1175802424550056 0 0 0 0.7413661926984787 0 0 1.079750247299671 8.821845833212137 5.612412869930267 5.446596622467041 0 0 0 0.05772893503308296 0.1122855469584465 2.90350466966629 194.5615448653698 0.3016126453876495 0.457468755543232 0 0 0.08682331442832947 29.39478014037013 511.4910711236298 4770.545147672296 163.8015724606812 218.389718234539 391.601035926491 0 0 0 0 0 0 0 0.2554356455802917 0 0 0 1.671950433403254 0.524822860956192 372.0028601363301 4.01868649199605 2.239601336419582 7.02153779566288 146.0665916576982 0 0 0 0 0 0.1762688383460045 0 0 0 0 0 0 0 0 0 0 0 0 0 0 0 0 0 0 0 0 0 0 0 0 0 0 0 0 0 0 0 0 0 0 0 0 0 0 0 0 0 0 0 0 0 0 0 0 0 0 0 0 0 0 0 0 0 0 0 0 0 0 0 0 0 0 0 0 0 0 0 0 0 0 0 0 0 0 0 0 0 0 0 0 0 0 0 0 0 0 0 0 0 0 10.90852386504412 6.814167648553848 12.57773335464299 0.1991414315998554 357.756759557873 0 0 0 0.3071386888623238 0 0 0 0 0 0 0 0 0
807.3498948328197 0 1104.379158057272 85.92321822419763 1819.110663369298 26.98707990720868 1103.190081950277 4578.88863620162 4614.505884643644 397.1968060135841 1947.252514425665 53.81988514214754 33.7292194403708 246.8274339213967 418.084608592093 1490.376310551539 646.0118579082191 0 5.184267304837704 67.00539358705282 16.56042144820094 43.80276099592447 0.1282762885093689 23.40931317582726 45.24087441712618 22.08565302193165 68.04407293349504 34.94143541157246 9.173743292689323 19.02970273420215 891.7131038717926 259.6889308542013 71.31884947419167 55.56373577564955 21.78604313731194 184.8875144571066 2.153030268847942 25.70036305487156 0.5311612635850906 19.7173595353961 41.37570160254836 33.19743958488107 24.55204905569553 363.2065307348967 27.73302152752876 5.583869315683842 117.0656519960612 6.723043736070395 44.13709604367614 0.1281291879713535 1.165544435381889 6.523413917049766 306.7278913035989 0.1387593410909176 0 0 0 10.04740777984262 0 0.4474662765860558 19.42131271213293 20.45521339774132 38.74529425799847 0 0 0 0.188786756247282 0.1790863126516342 0.9194172210991383 19.02458756789565 20.92119317501783 1.335972491651773 1.565697379410267 0 0.5493919849395752 6.659158565104008 245.7703949846327 150.6897976770997 3104.530174326152 105.614476531744 150.6227506026626 397.0869777277112 0 0 0 0 0 0.07308975607156754 0 0.7488172389566898 0.3193412534892559 0 0.1683907210826874 8.015812337398529 2.704956986010075 102.5675230100751 22.7371242493391 23.07316627725959 43.12433974444866 594.4320433437824 0 0 0 0 0 0.4191948845982552 0 0 0.1265585273504257 0 0 0 0 0 0 0 0 0 0 0 0 0 0 0 0 0 0 0 0 0 0 0 0 0 0 0 0 0 0 0 0 0 0 0 0 0 0 0 0 0 0 0 0 0 0 0 0 0 0 0 0 0 0 0 0 0 0 0 0 0 0 0 0 0 0 0 0 0 0 0 0 0 0 0 0 0 0 0 0 0 0 0 0 0 0 0 0 0 0 0 77.45663021318614 32.25433097034693 70.85548479482532 1.44012626260519 568.9946253448725 0 0 0.1035969406366348 0.3113327361643314 0 0.1147900559008121 0 0 0 0 0 0 0
1180.638086929917 1104.379158057272 0 21.22767274826765 54.4136293195188 15.42505770921707 43.74838599935174 895.4547098651528 1169.148071516305 219.4125760607421 713.3109212741256 252.7735047191381 34.3524895273149 416.0885319709778 368.66203302145 1866.161659166217 1577.860021661967 0.2872688584029675 6.769220668822527 79.30626656673849 24.30909960530698 52.53787344507873 2.248275473713875 26.69110562652349 62.14681243896484 25.13419273495674 186.4069476500154 51.26681108027697 7.464071597903967 52.38193534687161 626.0973190143704 7.246507547795773 959.8051022700965 43.34513046592474 28.68447056412697 282.5485188663006 31.59339478611946 37.24985680729151 4.57763510197401 37.39545898884535 60.16916592605412 45.98222181387246 18.01268120855093 950.627608243376 35.7210704497993 13.10494017601013 202.610519438982 1.938693262636662 50.92339732497931 0 1.551395326852798 12.83836034871638 422.7207847982645 0.1133928000926971 0 0 0 16.39381947740912 0 1.43443688750267 32.53458580747247 30.69664930552244 46.2851909995079 43.06229603290558 0 0 0.03499355912208557 0.3512836620211601 0.8748790062963963 14.8027154430747 252.3741746768355 1.063249658793211 2.537606179714203 0 2.354554951190948 7.507964123040438 335.4934515170753 180.5786336194724 1853.170561399311 83.68292452022433 323.0739984810352 215.0886150375009 0 0 0 0 0 0 0 0.8480542004108429 0.2848249711096287 0.03332989290356636 0.04389382898807526 10.55089635401964 2.770287776365876 1432.215135715902 41.96104368194938 35.3147461861372 64.51796072348952 626.8796485513449 0 0 0 0 0 0 0 0 0 0 0 0 0 0 0 0 0 0 0 0 0 0 0 0 0 0 0 0 0 0 0 0 0 0 0 0 0 0 0 0 0 0 0 0 0 0 0 0 0 0 0 0 0 0 0 0 0 0 0 0 0 0 0 0 0 0 0 0 0 0 0 0 0 0 0 0 0 0 0 0 0 0 0 0 0 0 0 0 0 0 0 0 0 0 0 0 0 0 0 0 136.110660975799 50.40325699746609 119.1016679927707 2.497734863311052 616.226946266368 0 0 0.7044329904019833 0.9961960278451443 0 0.4322772845625877 0.1387676782906055 0 0 0 0 0 0
23.72328007221222 85.92321822419763 21.22767274826765 0 12.56597949191928 0.4242719262838364 131.7691911645234 132.7040412724018 183.1762198954821 158.9302676357329 44.78137229010463 98.88325824961066 99.02541990578175 190.8495183512568 0 2.908276632428169 2.821503173559904 0 0 0 0 0.0533660314977169 0 0 0 0 0.9576051235198975 0 0 0 1.391439877450466 1.188841879367828 53.08796409517527 0 0 0 0.6979167088866234 0 0 0 0.1024787947535515 0 0.08481001108884811 2.489642344415188 0 0 0.1290011815726757 0.1514698565006256 0.6171125322580338 0 0 0 0 0 0 0 0 0 0 0 1.977997779846191 0.5065072551369667 0.1994497552514076 0 0 0 0 0 0 0.07095210254192352 21.63024868071079 0 0 0 0 0 0 4.445020705461502 921.5818517766893 28.56503035873175 38.63921743631363 53.50664196163416 0 0 0 0 0 0 0 0 0 0 0 0 0 33.93372829258442 0 0 0 0.9022950604557991 0 0 0 0 0 0 0 0 0 0 0 0 0 0 0 0 0 0 0 0 0 0 0 0 0 0 0 0 0 0 0 0 0 0 0 0 0 0 0 0 0 0 0 0 0 0 0 0 0 0 0 0 0 0 0 0 0 0 0 0 0 0 0 0 0 0 0 0 0 0 0 0 0 0 0 0 0 0 0 0 0 0 0 0 0 0 0 0 0 0 0 0 0 0 0 0 0 0 0 0 0.1189397796988487 0.04606787115335464 0.03942808508872986 0 0.5032290630042553 0 0 0 0 0 0 0 0 0 0 0 0 0
256.240671146661 1819.110663369298 54.4136293195188 12.56597949191928 0 2.281845171004534 516.3704604804516 435.5106437057257 46.87634255737066 270.1945645585656 871.2629563957453 2.456932615488768 8.558468103408813 53.20805389434099 0.4296339973807335 2.951168484985828 5.136789832264185 0 0.1682468056678772 0 0 0.1194770261645317 0 0.2809121608734131 0.4556712806224823 0 0.4791444465517998 0 0.102911189198494 0.4712446331977844 5.808608327060938 0.5677209347486496 4.04774471372366 2.935472398996353 0.1163592934608459 5.506534539163113 0.1342682987451553 0 0 0.7564567923545837 0.5130758658051491 0.1276459842920303 1.209052793681622 7.883907712996006 0.3830100074410439 0.2349108755588531 1.543500822037458 0.603272870182991 3.69050271064043 0 0 0 0.7517309933900833 0 0 0 0 0.06674207746982574 0 0 1.08134687691927 1.143514461815357 1.931419156491756 0 0 0 0 0 0 0.2003402411937714 0.2026918604969978 0 0 0 0 0 0.04535761103034019 1.483157947659492 44.07724747061729 26.30625845119357 2.473155245184898 2.766288340091705 0 0 0 0 0 0 0 0 0 0 0 0.05340149626135826 0.0453166626393795 1.632632724940777 0 0 0.1075232475996017 4.294953256845474 0 0 0 0 0 0 0 0 10.94503045082092 0 0 0 0 0 0 0 0 0 0 0 0 0 0 0 0 0 0 0 0 0 0 0 0 0 0 0 0 0 0 0 0 0 0 0 0 0 0 0 0 0 0 0 0 0 0 0 0 0 0 0 0 0 0 0 0 0 0 0 0 0 0 0 0 0 0 0 0 0 0 0 0 0 0 0 0 0 0 0 0 0 0 0 0 0 0 0 0 0 0 0 0 0.03376151993870735 1.340644586831331 0 3.444962088018656 0 0 0 0 0 0 0 0 0 0 0 0 0
5.919651865959167 26.98707990720868 15.42505770921707 0.4242719262838364 2.281845171004534 0 9.621528904885054 69.64726082980633 34.56092908978462 25.995236992836 7.315254453569651 46.7807874828577 4.222218655049801 47.34272807836533 0.0622430220246315 42.44086810946465 9.909939736127853 0 0 0 0 0.1972164064645767 0 0 0 0 0 0.3616789281368256 0 0 1.300174620002508 6.116027683019638 34.64501843601465 0 0 0 0.5275129228830338 1.511933922767639 0 0 0 0.1759242713451385 0 41.10235896706581 0.120760589838028 0 0.2344115488231182 0 0 0 0 0.1550912410020828 0.07135149836540222 0 0 0 0 0.0602031946182251 0 0 0 0.6625826880335808 0.09216108173131943 0 0 0 0 0 0 0 21.8067417666316 0 0 0 0 0 0 10.21835647523403 456.788400106132 12.37878620624542 14.46519270539284 10.24404057860374 0 0 0 0 0 0 0 0 0 0 0 0 0 45.10557044297457 0 0 0 229.8208516389132 0 0 0 0 0 0.09632973372936249 0 0 0 0 0 0 0 0 0 0 0 0 0 0 0 0 0 0 0 0 0 0 0 0 0 0 0 0 0 0 0 0 0 0 0 0 0 0 0 0 0 0 0 0 0 0 0 0 0 0 0 0 0 0 0 0 0 0 0 0 0 0 0 0 0 0 0 0 0 0 0 0 0 0 0 0 0 0 0 0 0 0 0 0 0 0 0 0 0 0 0 0 0 0 2.547414973378181 0 1.006959073245525 0.1318503469228745 36.75588773190975 0 0 4.660882472991943 0 0 0.3954618126153946 0 0 0 0 0 0 0
446.2762107998133 1103.190081950277 43.74838599935174 131.7691911645234 516.3704604804516 9.621528904885054 0 175.466888859868 2675.560573913157 1379.320491220802 185.0195244699717 160.6582536548376 2171.387489259243 2604.197489246726 0.1536920964717865 2.49784716591239 3.738595262169838 0 0 0.09993627667427063 0 0.1455531492829323 0 1.208832234144211 0 0.1162479072809219 0.08736605197191238 0 0 0 5.710879292339087 0 88.07640720531344 0.1043613031506538 0.1096918433904648 0.4339902326464653 30.00631377100945 0 0 0.1070103272795677 0.7350525557994843 0.02875780127942562 1.133281327784061 4.436976000666618 0.1960527449846268 0 0.2929663695394993 0.5968589186668396 2.202706195414066 0 0.04700076580047607 0 0.7838829159736633 0 0 0 0 0 0 0 0 0.4500543177127838 0.501558355987072 0 0 0 0 0 0 0 12.97978778928518 0 0 0 0 0 0 0.1285394877195358 58.44771510362625 65.48194206506014 1.078319877386093 8.019094981253147 0 0 0 0 0 0 0 0 0 0 0 0.04010706394910812 0 1.032267414033413 0 0 0 4.455804340541363 0 0 1.648904964327812 0.3166375756263733 0 0 0.5624070763587952 1.16397488117218 4.495393127202988 1.39779768884182 0.276180312037468 0 0 0 0 0 0 0 0 0 0 0 0 0 0 0 0 0 0 0 0 0 0 0 0 0 0 0 0 0 0 0 0 0 0 0 0 0 0 0 0 0 0 0 0 0 0 0 0 0 0 0 0 0 0 0 0 0 0 0 0 0 0 0 0 0 0 0 0 0 0 0 0 0 0 0 0 0 0 0 0 0 0 0 0 0 0 0 0 0 0 0.05903283134102821 0.7753446362912655 0 2.565572142601013 0 0 0 0 0 0 0 0 0 0 0 0 0
2271.20702810958 4578.88863620162 895.4547098651528 132.7040412724018 435.5106437057257 69.64726082980633 175.466888859868 0 1398.552743546665 160.0423671007156 572.3855630867183 161.7855607308447 63.8246308863163 948.4609366506338 27.42174545302987 549.5967446416616 417.1285339891911 0.1824277192354202 2.535587877035141 13.89513963088393 3.676470715552568 12.39959077164531 0 4.470160484313965 5.27764630317688 4.564421802759171 6.814851306378841 6.395291287451982 0.7139301002025604 7.386572681367397 482.3848613090813 11.93718147277832 151.1121979653835 4.698962602764368 5.059543900191784 36.39620606601238 7.84250170737505 5.446321256458759 0 0.7631235644221306 12.73836842924356 9.942296374589205 34.82194320112467 415.9773581176996 6.65411651879549 5.568648248910904 37.78424332290888 5.539686793461442 41.10221808776259 0 0.4835376441478729 1.686333769932389 49.44723885133862 0.04401712119579315 0 0 0 19.10592978075147 0 0 4.579964995384216 6.682433977723122 25.5281742811203 47.9588143825531 0 0 0 0.08140295371413231 1.646339148283005 10.94495844841003 48.29674128443003 0.4071153067052364 0.4441929198801517 0 0 0.4142113700509071 76.1141597405076 31.64428095519543 727.2527308948338 59.77957687526941 81.9899521023035 91.96368289738894 0 0 0 0 0 0 0 0.210296992212534 0.09382358938455582 0 0.164241299033165 2.535818357020617 0.9811082258820534 122.1167739070952 3.269939571619034 1.972971361130476 2.92603674903512 425.8503605164587 0 0 0 0 0 0.1282610148191452 0 0 0 0 0 0 0 0 0 0 0 0 0 0 0 0 0 0 0 0 0 0 0 0 0 0 0 0 0 0 0 0 0 0 0 0 0 0 0 0 0 0 0 0 0 0 0 0 0 0 0 0 0 0 0 0 0 0 0 0 0 0 0 0 0 0 0 0 0 0 0 0 0 0 0 0 0 0 0 0 0 0 0 0 0 0 0 0 0 0 0 0 0 0 25.3729054313153 10.72082609310746 34.05456280149519 0.8364119902253151 658.9195978716016 0 0 0 0.06797901168465614 0 0.0362524688243866 0 0 0 0 0 0 0
3458.363752089441 4614.505884643644 1169.148071516305 183.1762198954821 46.87634255737066 34.56092908978462 2675.560573913157 1398.552743546665 0 3456.423749025911 1558.271313115954 547.1688559092581 1402.302630148828 1381.602361414582 6.634114399552345 69.9844510294497 52.58049362897873 0 2.374261043965816 4.977824784815311 0.6544113233685493 4.337662972509861 0.1900381743907928 12.34019067138433 5.903219141066074 2.910975176841021 27.31535057723522 2.418962374329567 1.101844936609268 12.55916362255812 227.3157078139484 1.228870555758476 457.2933650314808 17.90202929079533 5.755325369536877 108.625018440187 46.45099197328091 0.8436726257205009 0.1614664494991302 0.4882897436618805 5.035240329802036 6.476179420948029 11.7439789287746 90.24301080033183 11.90396949648857 5.947623334825039 13.75815031677485 8.266647264361382 21.70386003702879 0 0.2027950845658779 0.6620486862957478 36.3166853711009 0 0 0 0 0.2114236205816269 0 0.08532298356294632 8.138380140066147 16.99273006618023 36.91758751124144 0 0 0 0.05222639441490173 0.1504940427839756 0.8167717456817627 3.732918530702591 49.38172793760896 0 0.1100793220102787 0 0 0.2657435387372971 5.854228805750608 6.737888537347317 506.8467809595168 750.4772097617388 33.25299245864153 72.92613076418638 0 0 0 0 0 0 0 0.160084318369627 0.1961307339370251 0 0 1.208808071911335 0.3352596126496792 60.41800710558891 3.540744431316853 1.876460447907448 3.637640707194805 104.3087957128882 0 0 0 0 0 3.417690455913544 0 0 49.87916284799576 0 0 6.206277847290039 0 0 0 0 0 0 0 0 0 0 0 0 0 0 0 0 0 0 0 0 0 0 0 0 0 0 0 0 0 0 0 0 0 0 0 0 0 0 0 0 0 0 0 0 0 0 0 0 0 0 0 0 0 0 0 0 0 0 0 0 0 0 0 0 0 0 0 0 0 0 0 0 0 0 0 0 0 0 0 0 0 0 0 0 0 0 0 0 4.566521288827062 2.755491659045219 20.60773165896535 0.2623557187616825 78.65700963512063 0 0 0.08855050802230835 0 0 0 0 0 0 0 0 0 0
191.3615156635642 397.1968060135841 219.4125760607421 158.9302676357329 270.1945645585656 25.995236992836 1379.320491220802 160.0423671007156 3456.423749025911 0 230.0509057454765 546.8432810008526 2766.688105601817 4592.720673114061 2.040645148605108 16.96561147645116 34.30849416553974 0 1.264518454670906 7.235109351575375 0.8312888815999031 34.89171674102545 0 9.154057115316391 3.645844556391239 2.833842717111111 18.88540729135275 8.408379349857569 1.692249059677124 4.873743310570717 28.34808462113142 2.628975734114647 1086.123033314943 6.047664739191532 6.747215062379837 31.04026640951633 66.69415306299925 4.687753021717072 0 0.9175640940666199 4.858744110912085 1.880614385008812 0.9316245317459106 11.11999751627445 3.65535432100296 0 72.63559297472239 0.2062334343791008 3.720435539260507 0 0.0535850003361702 3.16456227004528 414.3277657777071 0 0 0 0 0.3642088212072849 0 0 0.8060083985328674 66.99018405377865 8.941179133951664 0 0 0 0.06366237998008728 0.05346052348613739 0 0.4669050127267838 56.97048392891884 873.6302441805601 2.642190858721733 0 0 0 3.962960880249739 2.362156730145216 262.5782231651247 852.3533364832401 262.804575458169 271.442064255476 0 0 0 0 0 0 0 0 0 0 0 0.9226001538336277 0.0339900366961956 67.61012757569551 450.5406954064965 357.8248413726687 36.10291196405888 330.1500960811973 0 0 0 0 0 1.335906982421875 0 0 0 1.01165771484375 1.456944108009338 23.97607979178429 0.3288553953170776 35.08546887338161 0 0 0 0 0 0 0 0 0 0 0 0 0 0 0 0 0 0 0 0 0 0 0 0 0 0 0 0 0 0 0 0 0 0 0 0 0 0 0 0 0 0 0 0 0 0 0 0 0 0 0 0 0 0 0 0 0 0 0 0 0 0 0 0 0 0 0 0 0 0 0 0 0 0 0 0 0 0 0 0 0 0 0 0 0 0 45.4987265188247 25.86142399534583 43.42888282798231 1.592937286943197 428.3281780853868 0 0 0.225787952542305 0.2007938325405121 0 0 0 0 0 0 0 0 0
637.7144950665534 1947.252514425665 713.3109212741256 44.78137229010463 871.2629563957453 7.315254453569651 185.0195244699717 572.3855630867183 1558.271313115954 230.0509057454765 0 88.36604585498571 92.38678146898746 458.0547561049461 10.78719932585955 99.26798031851649 178.2312370911241 0.1572645902633667 15.17532911896706 13.43497557938099 1.914127510040998 2.365496143698692 0.9218828976154327 58.67216953635216 18.64359426498413 13.98508986085653 53.56518398225307 4.246319275349379 5.344437718391418 52.63579677045345 200.1473532989621 4.00681746006012 121.3215413019061 144.0677790641785 21.80201940238476 691.1942384876311 3.397656790912151 8.33174217492342 0 3.140996113419533 18.98712682723999 24.00104315765202 102.2873178906739 645.2280627265573 99.29577827453613 34.02199648320675 33.00650033354759 60.54343724995852 206.8472616039217 0.4165204167366028 3.411871511489153 1.846106585115194 176.7832856550813 0.08735132217407227 0 0 0 0.6667751781642437 0 0 73.65586914867163 99.1447254344821 300.2311162501574 0 0 0 0.1484775766730309 0.3836969919502735 5.548992402851582 37.31889706104994 21.84518910944462 0.2246215604245663 0.3992018178105354 0 0.2934263944625854 0.8239880353212357 17.27300018072128 12.31078308075666 873.1826302707195 226.965950883925 199.3870499283075 167.1105650365353 0 0 0 0 0.2682496905326843 0 0 0.5880060493946075 0.06982420384883881 0.1318372711539268 0.07728566974401474 6.761594466865063 0.6556139551103115 101.8323020339012 4.210672415792942 0.6734376884996891 12.43594388663769 57.16964382305741 0 0 0 0 0 0.3059336990118027 0 0 0 0 0 0 0 0 0 0 0 0 0 0 0 0 0 0 0 0 0 0 0 0 0 0 0 0 0 0 0 0 0 0 0 0 0 0 0 0 0 0 0 0 0 0 0 0 0 0 0 0 0 0 0 0 0 0 0 0 0 0 0 0 0 0 0 0 0 0 0 0 0 0 0 0 0 0 0 0 0 0 0 0 0 0 0 0 0 0 0 0 0 0 16.18339890241623 4.85740595497191 94.20719416439533 1.578508339822292 105.4091030545533 0 0 0.06724570691585541 0.31038573756814 0 0 0 0 0 0 0 0 0
682.3557485938072 53.81988514214754 252.7735047191381 98.88325824961066 2.456932615488768 46.7807874828577 160.6582536548376 161.7855607308447 547.1688559092581 546.8432810008526 88.36604585498571 0 1752.747184559703 2383.555756080896 16.23717027530074 45.22869935259223 58.11078252457082 0.03834851458668709 2.096463415771723 4.692405868321657 1.496537275612354 31.6220647841692 0.4916132390499115 8.692236095666885 1.445083975791931 1.80659968405962 12.51679250597954 8.159406833350658 0.9879125207662582 1.79655784368515 155.8871040344238 2.734293222427368 570.580304775387 10.78023939952254 1.436354763805866 43.46322030201554 59.79192078113556 1.984166294336319 0 0.7893133163452148 8.251976165920496 8.984974093735218 3.904352739453316 33.23642760515213 12.29755980521441 0.8065159842371941 97.19827370718122 2.964565981179476 11.90086474828422 0 0.4786134455353022 3.182856801897287 265.2093315348029 0 0 0 0 3.925254065543413 0 0.1905761510133743 3.864294141530991 192.5081957355142 21.59641771018505 0 0 0 0.05116163939237595 0.05339184403419495 0.1305510848760605 1.176244735717773 14.83893533051014 213.6389614716172 0.4166665934026241 0 0 0.8887659013271332 13.20129337161779 6.013740461319685 622.4784506969154 1440.485598638654 199.9379241392016 561.3015676438808 0 0 0 0 0 0 0 0.08517184481024742 0.06429372727870941 0.06586086750030518 0.07233752310276031 1.754788462072611 0.4681582655757666 190.4965168759227 146.8359513655305 154.917186781764 6.466842159628868 73.45404165610671 0 0 0 0 0 0.1503691673278809 0 0 1.455228567123413 0 0 0 0 0 0 0 0 0 0 0 0 0 0 0 0 0 0 0 0 0 0 0 0 0 0 0 0 0 0 0 0 0 0 0 0 0 0 0 0 0 0 0 0 0 0 0 0 0 0 0 0 0 0 0 0 0 0 0 0 0 0 0 0 0 0 0 0 0 0 0 0 0 0 0 0 0 0 0 0 0 0 0 0 0 0 0 0 0 0 0 41.66744493693113 33.01112771965563 59.68434707261622 3.405013410374522 197.3433058708906 0 0 0.1224226616322994 0.4139111619442701 0 0.0441683828830719 0.03307000175118446 0 0 0 0 0 0
159.2528931610286 33.7292194403708 34.3524895273149 99.02541990578175 8.558468103408813 4.222218655049801 2171.387489259243 63.8246308863163 1402.302630148828 2766.688105601817 92.38678146898746 1752.747184559703 0 2856.231307581067 2.314807623624802 6.47269968688488 5.860138557851315 0.0380229577422142 0.06862951815128326 0.4461848363280296 0.04435655847191811 0.4756894670426846 0 0 0.09230049699544907 0.05122131481766701 0 0.5909582003951073 0 0.08672121912240982 22.16485811769962 0.2315448448061943 469.9346046298742 0.7681491449475288 0.5673662126064301 5.97012722492218 169.9198786914349 0.1661621779203415 0 0 0.704411081969738 1.305978652089834 0.5454157143831253 7.971121281385422 0.4163001477718353 0.8415075540542603 4.501098643988371 0 3.243059612810612 0 0 0.06319429725408554 7.007928065955639 0.03915529698133469 0 0 0 0.6963717974722385 0 0 0.1160932630300522 36.68894438445568 3.048708267509937 0 0 0 0 0.03327165171504021 0 0.3261166885495186 300.0154600515962 2.111891701817513 0.03838244825601578 0 0 0.3038884438574314 1.736029297113419 0.3614607080817223 126.8006878122687 521.4793739393353 4.098104067146778 56.08611267060041 0 0 0 0 0 0 0 0 0.06037813797593117 0 0 0.3808431178331375 0.1978870891034603 162.103084847331 3.810316290706396 0.5929954163730145 0 9.743185088038445 0 0 0 0 0 1.970137238502502 0 0 22.45945835113525 0 0 0 0 0 0 0 0 0 0 0 0 0 0 0 0 0 0 0 0 0 0 0 0 0 0 0 0 0 0 0 0 0 0 0 0 0 0 0 0 0 0 0 0 0 0 0 0 0 0 0 0 0 0 0 0 0 0 0 0 0 0 0 0 0 0 0 0 0 0 0 0 0 0 0 0 0 0 0 0 0 0 0 0 0 0 0 0 0 0 0 1.389761954545975 0.8668026085942984 3.085465217009187 0.09182620421051979 17.55506965890527 0 0 0 0 0 0 0 0 0 0 0 0 0
1534.922563564032 246.8274339213967 416.0885319709778 190.8495183512568 53.20805389434099 47.34272807836533 2604.197489246726 948.4609366506338 1381.602361414582 4592.720673114061 458.0547561049461 2383.555756080896 2856.231307581067 0 23.52933077886701 66.54350255057216 80.39394282735884 0.07518000155687332 1.993874825537205 5.104771533980966 1.097703829407692 6.97327208891511 0.0652146190404892 12.51160139963031 6.804471172392368 2.309425745159388 17.57627671584487 5.577225495129824 0.4977591149508953 9.367646466940641 274.4204578213394 3.81216012686491 439.9773390293121 20.57223265990615 5.390359066426754 156.4653622694314 63.36979615688324 9.562496468424797 0 3.76952002197504 13.19809432141483 14.75319604761899 16.29605549946427 89.35631018131971 14.15746735408902 3.847737722098827 54.87657868675888 11.94813832268119 34.01499522291124 0 0.4890694934874773 2.178263517096639 60.40817247703671 0.03933504968881607 0 0 0 6.390767935663462 0 0.1803089827299118 12.0660078972578 95.73495004698634 48.46321208402514 0 0 0 0 0.17775484547019 0.3081599194556475 3.802596595138311 378.2296374887228 15.69362295046449 0.8266374729573727 0 0 1.468648955225945 18.25250926986337 5.75310068577528 998.5603514164686 1375.145577274263 104.4615725204349 580.324258223176 0 0 0 0 0 0 0 0.3646211568266153 0.07483813166618347 0.03585774451494217 0.04083909466862679 2.529016841202974 0.9194914121180773 712.2146162129939 4.946662470698357 6.460522696375847 1.072201628237963 129.5544668920338 0 0 0 0 0 9.686727613210678 0 0 76.24821352958679 0 0 0 0 0 0 0 0 0 0 0 0 0 0 0 0 0 0 0 0 0 0 0 0 0 0 0 0 0 0 0 0 0 0 0 0 0 0 0 0 0 0 0 0 0 0 0 0 0 0 0 0 0 0 0 0 0 0 0 0 0 0 0 0 0 0 0 0 0 0 0 0 0 0 0 0 0 0 0 0 0 0 0 0 0 0 0 0 0 0 0 16.27268473058939 13.05162636190653 39.11193595081568 1.336384965106845 209.2551551237702 0 0 0.1637280732393265 0.8288257382810116 0 0 0.04363992065191269 0 0 0 0 0 0
15.04586093127728 418.084608592093 368.66203302145 0 0.4296339973807335 0.0622430220246315 0.1536920964717865 27.42174545302987 6.634114399552345 2.040645148605108 10.78719932585955 16.23717027530074 2.314807623624802 23.52933077886701 0 765.1905613727868 149.0613870732486 0 0.09304618835449219 3.393118571490049 3.562326740473509 6.579950839281082 0 1.797304384410381 8.470989309251308 1.305659502744675 11.66384971141815 4.470191806554794 1.142068766057491 1.144842326641083 2669.440873045474 4.887031361460686 21.59765044972301 1.685353443026543 3.959303602576256 27.05539625883102 0.9318368285894394 5.593659326434135 0.2248622924089432 7.137268103659153 6.626989834010601 4.051191106438637 0.5208362489938736 577.5374521426857 0.5439425259828568 6.868832744657993 488.5053719244897 0.7836594469845295 3.21398064121604 0 0.3481854237616062 0.9059704467654228 17.01066797226667 0 0 0 31.3319725394249 1046.455891206861 0 5.638481810688972 4.740079507231712 2.103313159197569 3.673808429390192 40.48657801747322 0 0 0 0.07119904458522797 0.09065492078661919 0.634059876203537 6.397109020501375 0.7100142687559128 0.584075290709734 19.44066762924194 59.29436036944389 78.32147458195686 471.7768260836601 338.2344764620066 887.0444948934019 6.450464762747288 13.20071828365326 7.207780051976442 0 0 0 0 0 0 0 0.04528649896383286 0.1109338626265526 0 0.04329906031489372 1.3565618917346 0.5146781615912914 14.54851702228189 7.436072945594788 1.246446125209332 12.47214260697365 115.3705648332834 0 0 0 0 0 0 0 0 0 0 0 0 0 0 0 0 0 0 0 0 0 0 0 0 0 0 0 0 0 0 0 0 0 0 0 0 0 0 0 0 0 0 0 0 0 0 0 0 0 0 0 0 0 0 0 0 0 0 0 0 0 0 0 0 0 0 0 0 0 0 0 0 0 0 0 0 0 0 0 0 0 0 0 0 0 0 0 0 0 0 0 0 0 0 0 0 0 0 0 0 11.96941726654768 6.842999022454023 78.52951908111572 14.06876987591386 359.4186166748405 31.78389930725098 0 0.0787036269903183 0.05030572786927223 0 0 0 0 0 0 0 0 0
246.2470970228314 1490.376310551539 1866.161659166217 2.908276632428169 2.951168484985828 42.44086810946465 2.49784716591239 549.5967446416616 69.9844510294497 16.96561147645116 99.26798031851649 45.22869935259223 6.47269968688488 66.54350255057216 765.1905613727868 0 423.2000346779823 0.4809369929134846 1.074571453034878 188.6393934004009 19.69633413106203 30.81555841118097 3.318882644176483 65.05439668148756 7.490887276828289 66.22439485788345 28.2450144700706 22.6274101510644 5.39512350410223 27.94472832977772 2348.858869999647 75.46300510689616 77.05254812166095 67.25627600029111 26.17365104705095 98.16569003462791 1.792038761079311 7.988812118768692 0 3.751018181443214 49.7034467831254 60.35322128236294 264.3075696378946 559.8686491623521 95.3014233969152 95.85844281315804 1469.679588038474 12.57901667803526 179.0804748125374 0.1407926268875599 2.010290378704667 14.73627671413124 111.4995432235301 0.9210442304611206 0 0 0 748.9771187230945 0 6.063250258564949 11.34033366292715 6.05697575211525 53.11872082203627 39.6603998541832 0 0 0.1089372225105762 0.756803747266531 2.557952873408794 212.8201749511063 15.5515478104353 2.798632971942425 4.30128413811326 0 2.889458179473877 530.5662359260023 808.9083174988627 841.3017822019756 1556.921072397381 22.79718684032559 55.29675399884582 53.26449461840093 0 0 0 0 0 0.05903308838605881 0.05848120152950287 2.24209263920784 0.2826729193329811 0 0.5463792197406292 16.01094925031066 5.745052980259061 83.5282551124692 2.857276827096939 3.157932065427303 7.869962148368359 246.4597634896636 0 0 0 0 0 0.1218210011720657 0 0 0 0 0 0 0 0 0 0 0 0 0 0 0 0 0 0 0 0 0 0 0 0 0 0 0 0 0 0 0 0 0 0 0 0 0 0 0 0 0 0 0 0 0 0 0 0 0 0 0 0 0 0 0 0 0 0 0 0 0 0 0 0 0 0 0 0 0 0 0 0 0 0 0 0 0 0 0 0 0 0 0 0 0 0 0 0 0 0 0 0 0 0 291.6663604360074 65.9699469152838 415.9146892149001 21.2717049382627 1444.129417771474 0 0 2.328368492424488 1.6040906496346 0 0.5813502706587315 0.1398146785795689 0 0 0 0 0 0
102.8597340732813 646.0118579082191 1577.860021661967 2.821503173559904 5.136789832264185 9.909939736127853 3.738595262169838 417.1285339891911 52.58049362897873 34.30849416553974 178.2312370911241 58.11078252457082 5.860138557851315 80.39394282735884 149.0613870732486 423.2000346779823 0 285.1912443973124 301.8579647839069 1281.49086765945 878.5407129824162 3530.957956131548 5.427600778639317 233.0142336115241 51.85106742009521 1504.695759985596 81.75773950666189 4477.382119115442 133.5762580893934 104.3247172348201 1318.852360825986 30.85899629071355 107.5016349107027 438.6911469846964 91.55229755491018 158.4768865294755 4.296279966831207 27.32327105104923 1.577410593628883 28.47478976100683 4859.350134331733 5580.188928550109 1745.866538979113 1000.06487558037 219.154754422605 4.080427125096321 710.7797382101417 85.26812605187297 3103.685995686799 345.5345680341125 39.19575837254524 738.9161585718393 966.123748794198 37.24531518667936 0 0 0 34.71639306843281 0 1.054213881492615 10.07011527568102 7.185780674219131 53.92457339167595 4.74655257165432 0 0 0.363901037722826 3.277666326612234 15.02532903105021 856.8314002044499 35.67128536105156 81.77935733273625 209.6529375761747 0 1.74902355670929 11.29010615497828 198.2705122195184 688.4654420558363 1520.187377996743 45.74836073070765 56.2747534327209 137.886711910367 0 0 0 0 0.2314606010913849 0.1093807071447372 0 58.09079615026712 22.2752650603652 3.168502625077963 18.94637572020292 422.8533919453621 125.0853227749467 145.5081985294819 25.41802398115396 384.9247736148536 72.65665024891496 118.6521512307227 0 0 0 0 0 0 0 0 0 0 0 0 0 0 0 0 0 0 0 0 0 0 0 0 0 0 0 0 0 0 0 0 0 0 0 0 0 0 0 0 0 0 0 0 0.05372781306505203 0 0 0 0 0 0 0 0 0 0 0 0 0 0 0 0 0 0 0 0 0 0 0 0 0 0 0 0 0 0 0 0 0 0 0 0 0 0 0 0 0 0 0 0 0 0 0 0 0 0 0 0 0 0 0 264.9599662683904 319.9610004127026 2235.302115414292 28.48196852207184 974.3561132252216 0.4684052839875221 0 6.434502806514502 3.73814320191741 0 1.687532123178244 0.8970394320785999 0 0 0 0 0 0
0 0 0.2872688584029675 0 0 0 0 0.1824277192354202 0 0 0.1572645902633667 0.03834851458668709 0.0380229577422142 0.07518000155687332 0 0.4809369929134846 285.1912443973124 0 521.1225716993213 92.44149165600538 5.724856100976467 11.80463818460703 0 0.1950332745909691 0.538019947707653 0.779644675552845 0.7029533758759499 5.853074342012405 0.07385791093111038 1.591714531183243 0.3667113110423088 0 0.1469317153096199 1.380733601748943 0.09509807080030441 3.105443321168423 0 0 0 0.4797065481543541 34.24948094785213 561.4107181318104 629.0046617202461 2.089238572865725 47.92943693697453 0 35.87163178995252 99.78652618080378 1110.05781032145 466.895333237946 26.86767686530948 205.37560993433 2.027424536645412 0.9249466881155968 0 0 0 0 0 0 0 0 0.07082509249448776 0 0 0 1.048592515289783 17.3876309171319 269.9218300059438 17.71254108846188 0 1.087444096803665 87.71695916354656 0 0 0 0 0.1234653852880001 0.8134851828217506 0.03655877336859703 0.2574803754687309 0 0 0 0 0 4.744804859161377 0 0 32.95311941206455 20.41465532779694 1.200850762426853 2.3017498254776 232.9624043740332 66.31605338305235 0.2895709574222565 0 0.9066624939441681 0 0 0 0 0 0 0 0 0 0 0 0 0 0 0 0 0 0 0 0 0 0 0 0 0 0 0 0 0 0 0 0 0 0 0 0 0 0 0 0 0 0 0 0 0 0 0 0 0 0 0 0 0 0 0 0 0 0 0 0 0 0 0 0 0 0 0 0 0 0 0 0 0 0 0 0 0 0 0 0 0 0 0 0 0 0 0 0 0 0 0 0 0 0 0 0 0 0 0 0 0 0 57.04293892160058 416.2445635125041 679.6427461802959 25.03323931246996 24.83837275579572 3.994020596146584 0.1053067147731781 0.949663870036602 4.395697802305222 0 0.8780893087387085 0.1246494650840759 0 0 0 0 0 0
0.52393439412117 5.184267304837704 6.769220668822527 0 0.1682468056678772 0 0 2.535587877035141 2.374261043965816 1.264518454670906 15.17532911896706 2.096463415771723 0.06862951815128326 1.993874825537205 0.09304618835449219 1.074571453034878 301.8579647839069 521.1225716993213 0 165.0560622662306 39.6775514036417 44.74596878886223 10.47343564033508 4.622067734599113 5.585580110549927 12.72932570427656 2.155053190886974 40.4472589418292 0.6792645007371902 3.63557755947113 0.5472458153963089 1.82098400592804 5.78532762825489 64.07140129059553 3.948051631450653 28.34861946105957 0.138111025094986 3.409150063991547 0.2272467017173767 7.444102197885513 166.8542001880705 215.4065685868263 1747.267804302275 6.489651717245579 50.04913973808289 0 7.274337340146303 11.17083595693111 1167.058225158602 785.113396063447 2.39553539082408 26.62751948088408 21.52926570922136 1.816191837191582 0 0 0 0 0 0 47.22279506921768 2.042133405804634 34.27534254640341 0 0 0 0 0 2.310960628092289 359.3406097739935 0.6069062352180481 10.46055784076452 4.120694033801556 0 0 0 2.593300104141235 0.6314256936311722 3.385437346994877 2.963280610740185 25.06021538376808 0.8320938348770142 0 0 0 0 0 0.1711231619119644 0 2.384072568267584 0.1442229673266411 0.05387924611568451 2.582215160131454 11.66031087934971 2.583260737359524 6.859390273690224 4.09588810801506 5.527834534645081 4.766027718782425 0.1936241090297699 0 0 0 0 0 0 0 0 0 0 0 0 0 0 0 0 0 0 0 0 0 0 0 0 0 0 0 0 0 0 0 0 0 0 0 0 0 0 0 0 0 0 0 0 0 0 0 0 0 0 0 0 0 0 0 0 0 0 0 0 0 0 0 0 0 0 0 0 0 0 0 0 0 0.2241659462451935 0 0 0 0 0 0 0 0 0 0 0 0 0 0 0 0 0 0 0 0 0 0 0 0 0 0 36.23296812176704 44.60406763106585 90.27524760738015 1.066487651318312 62.05662449076772 0.1233875975012779 0 0.7378801107406616 0 0 0.1591063290834427 0 0 0 0 0 0 0
19.77657696977258 67.00539358705282 79.30626656673849 0 0 0 0.09993627667427063 13.89513963088393 4.977824784815311 7.235109351575375 13.43497557938099 4.692405868321657 0.4461848363280296 5.104771533980966 3.393118571490049 188.6393934004009 1281.49086765945 92.44149165600538 165.0560622662306 0 254.1499073654413 1264.368127532303 14.48112553358078 413.7172635346651 122.8654747530818 1405.265447545797 60.85979613289237 3189.398828398436 72.4221990481019 105.0099027045071 30.18264840170741 1.137934070080519 8.214529305696487 135.8068846315145 63.5135638192296 83.67941861227155 0.6553385555744171 6.469933688640594 0.2543689534068108 17.41875405609608 3153.568693313748 5505.16915852949 577.5499444380403 340.9031363464892 1122.50738767907 107.6131158173084 161.9966024011374 88.09747961908579 354.2934137620032 71.49949051439762 38.7864636965096 939.2637563534081 549.5931159816682 23.50967129692435 0 0 0 0.5241053216159344 0 0 28.65027671307325 2.832521341741085 569.7954616993666 0 0 0 0.7711909785866737 3.379699505865574 15.0437686778605 1060.906342159957 0.5546349063515663 33.60182220488787 264.3654668107629 0 0 0 3.764903575181961 23.56992026418447 138.4050419293344 4.783273726701736 18.46747938543558 4.2129817456007 0 0 0 0.1334594488143921 0 0.1024041846394539 0.0732978954911232 52.94881838560104 29.79501526430249 3.145736817270517 241.0808987878263 1473.381316181272 341.2274303324521 3.678191006183624 5.17188436537981 90.29393987357616 16.68568150699139 8.631984770298004 0 0 0 0 0 0 0 0 0 0 0 0 0 0 0 0 0 0 0 0 0 0 0 0 0 0 0 0 0 0 0 0 0 0 0 0 0 0 0 0 0 0 0 0 0 0 0 0 0 0 0 0 0 0 0 0 0 0 0 0 0 0 0 0 0 0 0 0 0 0 0 0 0 0 0 0.1635292768478394 0 0 0 0 0 0 0 0 0 0 0 0 0 0 0 0 0 0 0 0 0 0 0 0 1502.360310554504 733.7853128798306 1662.346969682723 62.23211880028248 1258.14035223797 4.319052949547768 0 8.617613095790148 2.530475370585918 0 1.651514515280724 1.023869566619396 0 0 0 0 0 0.3915118873119354
7.104880269616842 16.56042144820094 24.30909960530698 0 0 0 0 3.676470715552568 0.6544113233685493 0.8312888815999031 1.914127510040998 1.496537275612354 0.04435655847191811 1.097703829407692 3.562326740473509 19.69633413106203 878.5407129824162 5.724856100976467 39.6775514036417 254.1499073654413 0 165.7262913808227 6.423756867647171 73.18839623034 441.0002102032304 5049.353440143168 167.3546563386917 5201.040246494114 1404.031238466501 199.9085372164845 4.606483940035105 0.1280943676829338 1.796895008534193 76.90041197836399 32.64540150016546 108.5887540206313 0.284532368183136 6.672248668968678 1.21926286816597 153.8998232856393 872.4512193799019 1429.36727457121 44.79502362012863 11.25807008519769 108.0401133596897 0.2357502728700638 32.37987657636404 2.203239262104034 15.93932362273335 0.7243209853768349 6.292115215212107 75.21562863886356 394.2357451803982 1.80336282402277 0 0 0 0.181337833404541 0 0 0.1354267150163651 0.09139252454042435 50.86941882967949 0 0 0 0.2361802607774734 0.5747980959713459 8.604733757674694 549.2095118686557 0 0.888510674238205 10.65100907534361 0 0 0 1.03249429911375 3.392724752426147 29.83447457849979 0.2802315838634968 5.603787913918495 0.07885822653770447 0 0 0 0 0 0 0 13.33489981293678 7.482714585959911 0.6764931678771973 87.28955421596766 827.4416860714555 49.16886341571808 1.496261112391949 7.056863248348236 14.13246238976717 22.04663777351379 2.674621358513832 0 0 0 0 0 0 0 0 0 0 0 0 0 0 0 0 0 0 0 0 0 0 0 0 0 0 0 0 0 0 0 0 0 0 0 0 0 0 0 0 0 0 0 0 0 0 0 0 0 0 0 0 0 0 0 0 0 0 0 0 0 0 0 0 0 0 0 0 0 0 0 0 0 0 0 0 0 0 0 0 0 0 0 0 0 0 0 0 0 0 0 0 0 0 0 0 0 0 0 0 301.5975374951959 80.79047647118568 128.4753666855395 1.687409926205873 318.1260225661099 0.2135051935911179 0 2.403104685246944 0.1182975545525551 0 0 0 0 0 0 0 0 0
18.41903276368976 43.80276099592447 52.53787344507873 0.0533660314977169 0.1194770261645317 0.1972164064645767 0.1455531492829323 12.39959077164531 4.337662972509861 34.89171674102545 2.365496143698692 31.6220647841692 0.4756894670426846 6.97327208891511 6.579950839281082 30.81555841118097 3530.957956131548 11.80463818460703 44.74596878886223 1264.368127532303 165.7262913808227 0 1.980104967951775 35.7608959749341 16.16483744978905 461.4805921316147 633.7856712453067 629.4986531287432 858.0696472302079 1002.074124678969 48.07688412070274 1.917046993970871 11.57235379330814 187.0550823807716 34.72720658034086 59.19237365946174 0.8690753877162933 10.54826534539461 2.849719703197479 101.6515074074268 235.1378320977092 241.8515759855509 27.16042181476951 38.23605704307556 202.6346112452447 0.06636618822813034 80.10270676389337 2.715011924505234 35.55625976622105 1.371070496737957 4.577113647013903 1233.828817546368 1411.329203478992 112.9742269515991 0 0 0 1.595802295953035 0 0 0.6119343638420105 2.337167747318745 30.0768915489316 0 0 0 0 0.2269458919763565 7.440033495426178 89.49992245063186 2.971242696046829 2.21730001270771 422.9376950971782 0 0 0.4978978037834167 7.627150729298592 26.8713404648006 119.2086962256581 1.599415682256222 10.78852454945445 2.502182029187679 0 0 0 0 0 0.0752008780837059 0.06392392516136169 102.8045138828456 75.47386457771063 2.128607615828514 2.809059806168079 188.9050467312336 439.9173757433891 44.25518889725208 11.47614549100399 55.26142186671495 92.75147080793977 8.514046411961317 0 0 0 0 0 0 0 0 0 0 0 0 0 0 0 0 0 0.1005832403898239 0 0 0 0 0 0 0 0 0 0 0 0 0 0 0 0 0 0 0 0 0 0 0 0 0 0 0 0 0 0 0 0 0 0 0 0 0 0 0 0 0 0 0 0 0 0 0 0 0 0 0 0 0 0 0 0 0 0 0 0 0 0 0 0 0 0 0 0 0 0 0 0 0 0 0 0 0 0 0 0 0 0 2291.00490475446 553.2199357710779 1636.318016186357 9.547148652374744 2039.044565740973 0 0 18.80910852923989 1.094835922122002 0 0.4018808901309967 0 0 0 0 0 0 0
0.2765011489391327 0.1282762885093689 2.248275473713875 0 0 0 0 0 0.1900381743907928 0 0.9218828976154327 0.4916132390499115 0 0.0652146190404892 0 3.318882644176483 5.427600778639317 0 10.47343564033508 14.48112553358078 6.423756867647171 1.980104967951775 0 51.97918581962585 12.19256889820099 85.31372918188572 24.58321666717529 18.62069513648748 20.45854705572128 65.40719872713089 0 0.2796178758144379 0 74.67749038338661 14.86385264992714 17.9648392945528 0 6.931052505970001 0 16.83437234163284 82.82883477956057 4.899729624390602 1.323831759393215 8.014678418636322 10.38076198101044 0 2.574437148869038 0.1905967444181442 0.2017389386892319 0 0 0.8873095512390137 112.1481384560466 0 0 0 0 0 0 0 0 0 6.600206404924393 0 0 0 0 0 0 9.570535749197006 0 0 0 0 0 0 0 0 2.764141768217087 0 0 0 0 0 0 0 0 0 0 0.4707942083477974 0 0 0.4923105835914612 5.903439410030842 0.5419832766056061 0.1342869699001312 2.516835451126099 2.035257339477539 5.764331579208374 0.1699189394712448 0 0 0 0 0 0 0 0 0 0 0 0 0 0 0 0 0 0 0 0 0 0 0 0 0 0 0 0 0 0 0 0 0 0 0 0 0 0 0 0 0 0 0 0 0 0 0 0 0 0 0 0 0 0 0 0 0 0 0 0 0 0 0 0 0 0 0 0 0 0 0 0 0 0 0 0 0 0 0 0 0 0 0 0 0 0 0 0 0 0 0 0 0 0 0 0 0 0 0 0 14.73037080466747 1.067285060882568 3.441915810108185 0.08859280496835709 12.00784823298454 0 0 0 0 0 0 0 0 0 0 0 0 0
