0 4644.004719987512 725.114249445498 1427.692610986531 512.8044973239303 219.356450304389 413.907576829195 183.4819123074412 18.82952112704515 675.2374222651124 234.5219869464636 29.7053727209568 43.48632022738457 57.29423099756241 2.919370330870152 2.010421454906464 0.07722235471010208 0 0 0.09005942940711975 0.31452526897192 0 0.1029860824346542 0 0 0 0 0 0 0 582.4311409965158 32.85947578400373 9.605989217758179 0.1999246254563332 0.2545456886291504 0 8.314411513507366 0.1102920845150948 0.3267281353473663 0 0.1967579051852226 0 0.1176051273941994 0 0 0.1695364117622375 9.680319182574749 0.7676990479230881 0.1129629462957382 0 0.2755330726504326 0.7785607203841209 0 0.3579942807555199 1.120566956698895 1.081899218261242 295.744917884469 518.7235823869705 30.66500142216682 6.920992583036423 0.2823198959231377 1.773154243826866 0 2.156324692070484 0.3681017458438873 0.6970665790140629 1.047615058720112 0.8823713287711143 0.5629560947418213 0 22.35432807356119 10.33409391343594 2.504168748855591 107.2109300494194 10.37992437928915 10.45673804730177 4.900096081197262 0.8350911214947701 0.9758330881595612 28.93781886249781 0.8087113499641418 4.648580826818943 4.015835419297218 0 0.1159985512495041 1.17412581294775 0 0 0.4423011317849159 0.6863251477479935 0.1127830445766449 0 0.07943648844957352 0 0.2078307718038559 181.8124600797892 83.43388942629099 3.147787600755692 0.6646067202091217 1266.360838867724 0 0 1.441102802753448 1.766157418489456 0 1.813864633440971 6.670397222042084 0.5305613279342651 11.87666098773479 11.70127759873867 0 3.868424475193024 12.41230996698141 8.808107927441597 1.163341514766216 0 0 0 0 0 0 0 0 0 0 0 0 0.07676964998245239 0 0 0 0 0 0 0 0.09715738892555237 0 0 0 1.52704419195652 0 1.705203630030155 0.0980069637298584 0 0 0 0 0 0 0 0 0 0.4352411329746246 0 0 0 0 0 0 0 0 0 0.4902675449848175 0 0 0 1.249330207705498 0 0 0.2518391385674477 0 0 0 0 0 0 3.940561786293983 0 0 0 0 0.4039967954158783 0 0.4563965797424316 0 0 0 0.8240055441856384 0 0 0 0 0 0 0 0 0 3.220618508756161 0.2372442111372948 1.032491639256477 102.1626851782203 4.659507066011429 35.60103134810925 5.784446991980076 653.0368809774518 24.843745239079 0.8402923196554184 5.403781950473785 0.7325136810541153 0 0.1322503089904785 0 7.640262007713318 0.3904341831803322 0 0.2105664759874344 0.2514692693948746 0
4644.004719987512 0 2606.064316704869 876.9026748463511 4473.494558900595 167.3152597546577 1282.629606954753 352.1951316297054 1008.949808061123 420.3882681205869 998.1486527770758 46.09794482588768 315.9654211103916 493.9579955860972 17.76660657674074 8.472413420677185 1.709378845989704 0.5503493025898933 0.08321625739336014 0.804690808057785 0.9584532007575035 0 0.236933097243309 0.08229618519544601 0.1176222190260887 0.09600456058979034 0.09119089692831039 0.2385591417551041 0.3288441970944405 0 2147.748588092625 63.70193184167147 18.98539571464062 0.2050706893205643 0.08725638687610626 0.2363237887620926 10.91911986470222 1.014580652117729 0.9466289281845093 0.383832685649395 1.088446751236916 0.3936741650104523 0.5328518822789192 1.580254539847374 0.0831717774271965 0.9620319232344627 133.2009079232812 12.58120677620173 1.915082141757011 1.111482508480549 4.951302148401737 0.4057871252298355 0 0.1750296652317047 19.12263903021812 13.14505787938833 167.8219628483057 869.1860856190324 130.6729764714837 57.42282817512751 2.933518119156361 4.277650460600853 0.3301991745829582 51.13479486107826 8.835307478904724 15.29465477913618 21.70019355416298 12.05155377089977 1.550245702266693 1.512463323771954 18.23005487024784 3.923582352697849 0 554.4040613770485 117.9559961482882 116.7135764434934 77.82555662095547 6.811815708875656 6.234526142477989 68.15982474386692 5.969044208526611 16.58135773986578 40.98125695064664 1.172732166945934 2.71533740311861 17.80712695047259 3.025789022445679 0.2902402058243752 4.733966618776321 0.1930064707994461 1.191370286047459 0.4729290157556534 1.345947526395321 0.9665412828326225 0.3062886148691177 51.28925694525242 2.142925061285496 0 0.2892324775457382 1187.788827329874 0 0 1.202543795108795 1.784331381320953 0.2988259494304657 4.0943383872509 5.635233879089355 1.661809764802456 11.26581481844187 9.73121801763773 0.4911503344774246 9.765385679900646 21.80433886498213 17.79171056300402 8.724918723106384 0.1124430000782013 0 0 0 0 0 0 0 0 0 0 0 0.1954440623521805 0 0 0 0 0 0 1.277529090642929 0.09315407276153564 0 0 0 8.119664184749126 0.351316399872303 7.329348288476467 3.9168361723423 0.2656645923852921 0 0.1624505221843719 0 0 0 0 0 0.3168058842420578 1.130229353904724 0 0 0 0.1062384620308876 0.09040328860282898 0.2878106832504272 0 0 0.1413866877555847 0.4028961881995201 0 0 0 8.394074805080891 0.08742821961641312 0.2928787246346474 0 0 0.1505018323659897 0.1302744001150131 0 0 0.1723782569169998 15.56766060739756 0.2006698399782181 0 0 0 1.669692277908325 0 1.677464224398136 0.3654817491769791 0 0.1570265293121338 0.4420060515403748 0.2466895878314972 0 0.1013865545392036 0 0 0.08880948275327682 0 0 0 5.184974476695061 3.57923262566328 5.51008453220129 295.2610288113356 39.5844918563962 632.4940505102277 126.6019064486027 1001.323768749833 210.6534212380648 15.61615676432848 89.48710396885872 5.731333583593369 0.5979730784893036 3.787889406085014 0.6263166591525078 5.638917706906796 0.09517791122198105 0 0.6147009879350662 5.222045436501503 0.4794206172227859
725.114249445498 2606.064316704869 0 19.25712132453918 1782.464237347245 1.205006718635559 91.42949578911066 2898.054300121963 505.1771883964539 36.89401406794786 3584.277643568814 69.70051604509354 189.9977363944054 752.8344063162804 28.76881831139326 16.12297072261572 2.309725888073444 0.3465435579419136 0.6932026296854019 4.005946941673756 3.255763232707977 0 0.5131814554333687 0.5432431101799011 0.2430966347455978 0.9739333465695381 0 0.3992288485169411 0.4990177676081657 0.1039676815271378 2949.848837658763 1998.208727061749 49.82484954595566 2.105093814432621 1.192597433924675 0.1171957403421402 22.040219001472 2.004723824560642 1.583614706993103 0.3567930832505226 2.423866488039494 1.692696332931519 5.865971997380257 1.671859867870808 1.730306908488274 9.068249963223934 91.10433929413557 8.382177039980888 2.958333864808083 4.322981290519238 4.493762843310833 0.6535191982984543 0 0.481198251247406 9.526081897318363 8.082745634019375 130.4081155508757 1029.875095143914 96.251390427351 37.30232923477888 28.84845169633627 8.416523821651936 1.416741617023945 313.1664522066712 4.732461266219616 10.01796335354447 12.71720845624804 7.884558156132698 6.532564558088779 7.111786797642708 22.47790792584419 4.616386689245701 0 487.8921778351068 309.5441292673349 126.6248511299491 148.8075805008411 17.78453934192657 130.5133495330811 496.6533149257302 58.02220276743174 152.1203010827303 29.7360220476985 0.756873294711113 3.177689120173454 11.17517678812146 3.773492254316807 0 3.672699078917503 0.2083152681589127 1.515916533768177 0.3539659902453423 4.005743034183979 0.6217473596334457 0.5756364762783051 24.20132406055927 1.245049402117729 0 0.5810746252536774 516.7454956844449 0 0 0 0.8895622491836548 0 1.472852632403374 1.301352083683014 1.477088093757629 2.3915975689888 3.672775812447071 0.6185415014624596 8.682281814515591 12.32075268775225 11.52787209302187 6.984403245151043 0.2388250231742859 0.1016227826476097 0 0.1096437573432922 0 0 0 0 0 0 0 0 0.08170553296804428 0 0 0 0 0 0 0.2800465747714043 0.1379936188459396 0 0.1120915710926056 0 7.708672434091568 0.3730017468333244 6.458497993648052 4.28691304475069 0.3995246365666389 0 0.08813317865133286 0 0.1007608771324158 0.1400432735681534 0 0 0.3492115512490273 0.8399400040507317 0 0 0 0.2610651701688766 0.1355994045734406 0 0 0 0 0 0 0 0 8.074586875736713 0.1184031292796135 0 0 0 0.0887068435549736 0 0.2032360658049583 0 0 13.32945736497641 0.3712329640984535 0 0 0 1.272181533277035 0 0.9832373559474945 0.9040488079190254 1.215538740158081 0.224177673459053 0.1180761829018593 0.5428352802991867 0 0 0 0 0.06782394647598267 0.09820865839719772 0 0 6.958756305277348 3.303388327360153 3.880877532064915 184.1075188964605 34.32316434383392 352.878461368382 76.24468986690044 207.6429176181555 104.3618920147419 7.522691838443279 54.00333122164011 2.562981106340885 0.1521077752113342 1.624751456081867 0.5591185092926025 1.889831185340881 0.2091125547885895 0 0.5517223253846169 5.553908616304398 0.294761523604393
1427.692610986531 876.9026748463511 19.25712132453918 0 424.8077876791358 538.3407266288996 2218.629451535642 0.7424324229359627 397.6256684362888 2936.587128035724 10.77748169749975 124.8256181776524 998.1641973406076 114.0687983185053 0.8140468373894691 0.5669386088848114 0.2065892070531845 0 0 0 0.09665228426456451 0 0 0 0 0 0.2319986373186111 0 0 0 29.52347078919411 3.231528595089912 0.9168115630745888 0 0 0 1.332279562950134 0 0.4492361471056938 0 0 0 0.1324346512556076 0 0 0.2143611162900925 22.781101167202 1.879783846437931 0.310610219836235 0.3814702928066254 0.8791330978274345 0 0 0 2.99564316123724 2.350343346595764 41.92443586140871 163.9976928010583 30.77971854060888 8.956352978944778 0.09382419288158417 0.410250298678875 0 6.841276995837688 1.777657903730869 2.864175222814083 3.847932130098343 1.540099315345287 0.1224652826786041 0.2024897038936615 8.870792001485825 2.353805780410767 0 107.6000833436847 17.41964373737574 18.94731146842241 9.099914543330669 0.4452059715986252 0.4415982216596603 0.4629784896969795 0.7028587907552719 0.898722380399704 7.867135472595692 0.2644952312111855 0.4271453693509102 2.804451085627079 0.4674694016575813 0.08474323898553848 0.2609315812587738 0.2557046711444855 0.2791559025645256 0.2787016406655312 0.07789435982704163 0 0 158.2213320583105 5.258375644683838 0 0.2621957659721375 214.4799922853708 0 0 0.5717730224132538 2.550912767648697 0 6.817333042621613 13.13396570086479 0.7642309218645096 41.20594376325607 20.6742826551199 0.2051191776990891 9.220667295157909 23.46470928937197 16.25524644553661 3.04968736320734 0.151980921626091 0 0 0 0 0 0 0 0 0 0 0 0 0 0 0 0 0 0 0.2083677649497986 0 0 0 0 3.069164961576462 0 4.203744776546955 0.7743172124028206 0 0 0 0 0 0 0 0 0 0.4945518672466278 0 0 0 0 0 0 0 0 0 0 0 0 0 4.253833837807178 0 0 0 0 0 0 0 0 0.3374729156494141 10.31477336585522 0 0 0 0 0.8888162821531296 0.5977061986923218 0.2478889226913452 0 0.2486969828605652 0 0.424673318862915 0.3161643743515015 0 0 0 0 0.09788922965526581 0.09662099927663803 0 0 10.52246557176113 0.3038285672664642 1.992831028997898 63.26666133105755 8.179437771439552 107.097383916378 20.76174508780241 766.5551818832755 44.8906117528677 2.266909778118134 15.75891837477684 1.648835368454456 0 1.26619228720665 0.4359664618968964 5.397770762443542 0 0.2281538099050522 0 1.882439941167831 0
512.8044973239303 4473.494558900595 1782.464237347245 424.8077876791358 0 9.866214320063591 1603.144079774618 183.0689101889729 7273.995351992548 716.2976045235991 3469.773789875209 89.85612311959267 868.6920949667692 2383.476431362331 20.29529159516096 5.55863581597805 0.7555734068155289 0.4280632063746452 0 0.4102343991398811 0.3216090500354767 0 0.1001122072339058 0 0 0.7352924793958664 0 0.4086067825555801 0.183061495423317 0 108.8289394825697 22.69610195606947 7.13628576695919 0.2155952677130699 0 0.09919767081737518 10.01171519607306 0.08699433505535126 1.17672161757946 0.1190200001001358 0.5176417678594589 0.4504179358482361 0.2887275665998459 0.2897833213210106 0.1141297221183777 1.048690631985664 100.2133798375726 6.045100443065166 0.7664863094687462 0.4210382923483849 2.271079868078232 0 0 0.3250375539064407 5.342530198395252 5.795789800584316 31.34204749017954 104.9398794993758 34.62728550285101 21.86447299271822 2.201062902808189 1.312021128833294 0 22.34735371172428 3.312500827014446 5.792684189975262 9.881120048463345 4.288917943835258 0.8839867413043976 1.033310376107693 18.84932477027178 8.33281996101141 0.1074110418558121 125.2127938047051 40.48894512653351 57.65003833174706 56.21852353960276 5.414858855307102 4.051813915371895 16.82287395745516 2.176078453660011 12.46152679622173 15.50276694446802 1.154244959354401 1.555999875068665 9.036863967776299 1.453266456723213 0.09332484751939774 2.981443718075752 0 1.25301793217659 0.5151963979005814 0.793390579521656 0.2483549192547798 0.5052283927798271 44.24650649726391 0 0 0.4626788422465324 47.19772862643003 0.3158470839262009 0 0.8075564503669739 3.206257417798042 0 7.028490610420704 4.74136033654213 2.229906134307384 9.243311554193497 13.98397870361805 0.3523735702037811 16.03960891067982 25.72525265812874 23.63500020653009 6.842928871512413 0.2872219383716583 0.1010827869176865 0 0 0 0 0 0 0 0.2182242721319199 0 0 0.2336588054895401 0 0 0 0 0 0 1.213066257536411 0 0 0 0 8.898064762353897 0.9799926429986954 8.723916500806808 4.380028866231441 0 0 0 0 0.2595624923706055 0 0.1198123693466187 0 0.522964745759964 0.8443393558263779 0 0 0 0 0 0.2235155403614044 0 0.1146452575922012 0 0.8297238200902939 0 0 0 14.30619232356548 0 0 0 0 0 0 0.20057013630867 0 0.3276612013578415 23.91660656034946 0.487246572971344 0 0 0.110567644238472 2.67960799485445 0.4075545221567154 0.621058464050293 0.6652717143297195 0.6374784260988235 1.391007453203201 0.9613806307315826 0.4303928464651108 0.1262344419956207 0 0 0 0.2992467880249023 0.1019213870167732 0 0 12.60795944184065 5.99026745557785 8.073270179331303 275.3260995820165 45.53564016520977 403.9264845997095 109.613836877048 271.1714455187321 120.9993256255984 12.48219785094261 81.44320997595787 5.933707609772682 0.452173724770546 3.235009253025055 0.6259495466947556 7.108880966901779 0.849617525935173 0.2994423806667328 1.469346106052399 3.74098028242588 1.07277861982584
219.356450304389 167.3152597546577 1.205006718635559 538.3407266288996 9.866214320063591 0 116.0861629247665 0.2647333741188049 10.51374815404415 606.2280590981245 1.472104713320732 119.6253568977118 102.1434393376112 19.0973474085331 0 0.1168405562639236 0 0 0 0 0 0.2572648525238037 0 0 0 0 0 0 0 0 4.249195456504822 0 25.08402870595455 0 0 0 26.82075193524361 0.2154015004634857 1.055046439170837 0 0 0 0 0 0 0 0.1990471482276917 0 0 0 0 12.22084249556065 0 0 0 2.101575776934624 52.60887351632118 21.3390968888998 0.8812496513128281 0 0 6.116907134652138 0 0.1062795147299767 0 0.1291308552026749 0.2390048652887344 0 0 0.1144137382507324 145.0046231597662 278.415374994278 13.58438345789909 4.644320629537106 0.5402993857860565 0.8866168111562729 0 0 0 3.486572712659836 0 2.163276597857475 0 6.63903833925724 0 0.260656863451004 0 11.22519548237324 2.021525695919991 21.59790769219398 0.6360283046960831 1.743640691041946 0.1138086169958115 0 0 600.2474768608809 222.3203953504562 41.24150377511978 12.48633037507534 121.9148441404104 0 0 0.6617110967636108 2.533255368471146 0 5.395664289593697 9.816863298416138 0.4230541586875916 5.478088706731796 10.80213472247124 0 2.627276867628098 7.642189130187035 2.531142026185989 0 0 0 0 0 0 0 0 0 0 0 0 0 0 0 0 0 0 0 0 0 0 0 0 0 0.1404704749584198 0 0.4546204209327698 0.3104925155639648 0 0 0 0 0 0 0 0 0 0.5133110880851746 0 0 0 0 0 0 0 0 0 0 0 0 0 0.2614777982234955 0.5269479155540466 0 0 0 0 0 0 0 0 1.019579738378525 0 0 0 0 0 0 0.1433810144662857 0 0 0 0 0 0 0 0 0 0 0 0 0 2.621315270662308 0 0.5145965218544006 6.384670741856098 0.1779164373874664 2.144545122981071 0 36.1194514632225 1.058277770876884 2.139845952391624 0.1531742513179779 0 0 0.2509506344795227 0 7.782211124897003 0 0 0.2571677565574646 0 0
413.907576829195 1282.629606954753 91.42949578911066 2218.629451535642 1603.144079774618 116.0861629247665 0 13.75350435823202 2168.914198584855 2441.02944971621 117.3672366738319 119.7459385469556 7548.438937284052 2850.159786976874 11.7156765460968 5.55088546872139 0.718874379992485 0.4106349721550941 0.3512939214706421 0.8196563944220543 0.471791960299015 0 0.1863106563687325 0 0.1077388226985931 0.3829882219433784 0 0.07878730446100235 0.1403161585330963 0 60.19437593966722 16.71411277353764 2.601479820907116 0.287351630628109 0 0 2.8890146240592 0.2540149614214897 0.4642668440937996 0.1037243828177452 0.3241790011525154 0.4610462933778763 0 0.5127542316913605 0.3188421726226807 0.6763819679617882 86.8683640435338 7.631193906068802 1.448881961405277 0.7173888385295868 2.41442134231329 0.1343788355588913 0 0.0831441655755043 7.857552155852318 5.678385239094496 49.41942665725946 165.8886061161757 54.9398887231946 28.06354437023401 1.33282396197319 1.553307190537453 0.3391520082950592 16.49098217487335 4.722165405750275 9.072383970022202 13.11779894307256 7.082825854420662 1.013428024947643 1.814684815704823 34.41799372434616 5.479976996779442 0 193.7291273996234 44.23248248547316 60.1495958045125 43.29654394090176 3.210043705999851 2.298479199409485 6.023911088705063 1.631871312856674 9.311015293002129 22.2822707593441 1.038046397268772 2.682426154613495 9.696293339133263 2.457396805286407 0.09595811367034912 3.21736953407526 0.5037884041666985 0.9958522766828537 0.7602388635277748 0.4128635972738266 0.8576623275876045 0.2208783775568008 111.603128708899 1.101623378694057 0 0.6915838569402695 92.03508792817593 0 0.3831066489219666 2.865473657846451 2.827222444117069 0.1083067506551743 6.563766628503799 9.963708639144897 2.304193697869778 25.69556460529566 22.83965282142162 0.4204010814428329 20.73914290219545 41.33045394718647 28.26889199018478 12.13731633126736 0.1030282601714134 0.1116945371031761 0 0.1120011061429977 0 0 0 0 0 0 0 0 0.1141302958130836 0 0.1060222908854485 0 0 0 0 1.920574359595776 0 0 0.0871623158454895 0 12.35186502337456 1.420278914272785 10.5891278013587 2.391585327684879 0.1197468787431717 0 0 0 0.1315931975841522 0 0 0 0.4105620086193085 0.9933579489588737 0.3338600397109985 0 0.1009047403931618 0.172678679227829 0.1374147087335587 0 0.5708183795213699 0 0 0.6938890814781189 0 0.09596771001815796 0.1095828041434288 13.04653898626566 0.6235187202692032 0 0 0.08978752791881561 0.1129651069641113 0 0.2354859858751297 0 0 26.99317387491465 0.4799431264400482 0 0 0 3.73141948133707 0.2700178325176239 0.673118494451046 0.3984109610319138 0.955828458070755 1.575327627360821 1.248294860124588 0.6490951776504517 0 0 0 0 0 0 0 0 11.96789345890284 4.813320197165012 7.49834905564785 240.8907204344869 44.88087344914675 446.8175458982587 110.0256192907691 568.0674885883927 132.2369122728705 11.45742686837912 83.86758360266685 5.796168632805347 0.4762513339519501 2.998110249638557 0.2452529296278954 8.924447193741798 0.7257391288876534 0 0.1266601979732513 3.281046614050865 0.9714317321777344
183.4819123074412 352.1951316297054 2898.054300121963 0.7424324229359627 183.0689101889729 0.2647333741188049 13.75350435823202 0 122.6592247933149 3.523702204227448 2257.072558224201 35.6683077737689 124.6303648501635 533.9269871488214 68.34696863591671 35.00954722985625 7.91179708391428 5.405124008655548 0.6953906863927841 24.68385668098927 9.688048385083675 0 3.846618793904781 1.387979656457901 0.4591865763068199 1.206897221505642 0.499036930501461 1.335845075547695 0.3266728818416595 0 541.405927285552 3438.620329022408 39.29460191726685 7.639435209333897 2.81864620000124 0.2051437795162201 17.41815977543592 3.061431095004082 2.542412512004375 0.5004627853631973 7.239019431173801 5.008090659976006 25.81384868919849 33.10480193048716 5.968213945627213 56.49475365877151 193.8768592737615 9.692210003733635 5.124599725008011 21.65362757444382 4.397109903395176 2.253557711839676 0.2303321808576584 3.042218551039696 7.352419942617416 5.56327024102211 47.63169424980879 204.6036766842008 40.85455388575792 41.12930432707071 266.3640695512295 15.55915229767561 9.701354466378689 220.8198739439249 4.568829201161861 14.16532589867711 12.98256142809987 17.88647054135799 33.39126853644848 27.97645972669125 19.60543239116669 4.09756825864315 0.1386409252882004 235.9196930527687 197.695177167654 152.6683999672532 270.2736284583807 130.9756490960717 1961.404032029212 1205.260088652372 774.6893206611276 1741.725620388985 26.19192191213369 0.5613546743988991 4.402464874088764 9.710672073066235 14.55054907500744 0.09845078736543655 3.665671430528164 0.3642494454979897 1.58017386496067 0.9139744192361832 11.29354324936867 2.344344280660152 4.070032075047493 7.334439270198345 1.668993435800076 0 2.972344614565372 48.8595941439271 0.1164110079407692 0 0.2589459493756294 0 0 1.220132559537888 0.4808458685874939 0.5777070671319962 1.720470167696476 1.491041719913483 0.08736762404441833 2.459686391055584 3.962162405252457 3.250431895256042 2.404689110815525 0.1354023963212967 0.5341984480619431 0 0.5267486423254013 0 0 0 0 0.3257284462451935 0 0 0.1489390581846237 0.09246569871902466 0 0 0 0.3561538755893707 0.1405319720506668 0 0.2806783244013786 0 0 0 0 5.287228465080261 0.4684641510248184 4.151202626526356 6.722656391561031 1.307953491806984 0.3996730446815491 0.4117177426815033 0 0 0 0.4723351150751114 0 0.2383366972208023 0.40383480489254 0 0 0 0.5111933574080467 0.123224064707756 0.08769796788692474 0 0 0.3488100916147232 0 0 0 0 4.704871848225594 0.1707907021045685 0 0 0 0 0.09603718668222427 0.09388028085231781 0 0.4501486271619797 5.163284204900265 0.7232913076877594 0 0.08734504133462906 0.2234265878796577 1.254702836275101 0 0.3499340265989304 0.3959713131189346 0 0.4161966070532799 0.5407196283340454 0.1913204044103622 0 0 0 0.09827727079391479 0.4008200913667679 0.5379191264510155 0 0.187003880739212 3.291097745299339 2.507980994880199 5.843974702060223 295.3891467675567 46.11293893307447 575.9248597174883 131.4696218147874 113.3268419206142 107.9088973850012 8.688723169267178 95.19453360885382 3.880995891988277 0.1295715868473053 3.757592543959618 0.1011688560247421 1.3337117806077 0 0 0.6733430027961731 4.031105689704418 0.753382071852684
18.82952112704515 1008.949808061123 505.1771883964539 397.6256684362888 7273.995351992548 10.51374815404415 2168.914198584855 122.6592247933149 0 1116.004133358598 2909.351400047541 91.50659228116274 1906.191260203719 4175.993688859046 28.08758966624737 11.52201049029827 0.4974057674407959 0.5230890214443207 0.3125156983733177 0.8779377043247223 0.4521344006061554 0 0.2239000126719475 0.09154506772756577 0.1146849542856216 0.9875515252351761 0.1089797765016556 0.5414596870541573 0.571365974843502 0 12.43230905383825 15.17837729305029 6.386543191969395 0.9288353994488716 0.2703739553689957 0.1905228197574615 6.395487815141678 0.4428744837641716 0.5722231864929199 1.07400444149971 0.5016051307320595 0.3570079058408737 0.9376489520072937 0.7216898128390312 0.2089344635605812 1.086532577872276 75.22538967430592 3.319401502609253 0.7156512141227722 0.4918922781944275 2.181511752307415 0.2919349670410156 0 0.6403010636568069 2.590891994535923 2.76839017868042 15.26549168676138 31.63849639892578 17.22052904963493 13.54232538491488 4.721104055643082 2.939701125025749 0 7.819527633488178 1.277525290846825 3.172961249947548 5.411362431943417 4.241542965173721 1.758481398224831 1.776282161474228 24.91240049898624 7.868159592151642 0 64.00577133893967 16.73019047826529 42.96460370719433 47.58937112987041 5.659506492316723 5.318350896239281 11.15323709696531 3.762071065604687 20.9082093089819 10.02126394212246 0.1580857336521149 0.8386658281087875 3.147368770092726 1.181602269411087 0 1.388292960822582 0.2729174271225929 1.032302685081959 0.6862030774354935 1.453451663255692 0.3096619844436646 0.08552268892526627 78.44519370794296 0.4128605276346207 0 1.119900897145271 6.136644192039967 0.2823407128453255 0.542041003704071 2.269964873790741 4.382404968142509 0.5398522317409515 8.669313006103039 9.665733307600021 3.278968222439289 21.6695022508502 25.97762177884579 0.6109451875090599 29.14597883820534 56.62951172888279 42.8308767452836 22.37728081643581 0.2796929404139519 0.5009770095348358 0 0 0 0 0 0 0 0 0 0 0.3389475271105766 0 0 0 0 0 0 1.139373026788235 0.5751001685857773 0.5420399904251099 0 0 19.23213754594326 1.499874599277973 17.41069215536118 3.937380403280258 0.5836609303951263 0 0.1163817048072815 0 0 0 0.1283087432384491 0 0.3823957294225693 1.906558334827423 0 0 0 0 0.1913424655795097 0 0 0 0.6011409759521484 0.5133283212780952 0 0.3577769249677658 0.1075992658734322 28.73963488638401 0.5518609583377838 0 0 0 0 0 0 0 0.2748025730252266 37.6949680224061 0.7050960063934326 0 0 0 6.274432674050331 0.1780925989151001 1.180630460381508 2.167604349553585 1.589423485100269 1.919759929180145 0.364322192966938 0.2604905962944031 0 0 0 0 0.1087014898657799 0 0 0.1899730488657951 26.59578198194504 7.621217221021652 9.981838457286358 306.6999538242817 43.72202886641026 346.0841258838773 117.3437578976154 218.0928348526359 101.0509279668331 12.22245230525732 92.71600379049778 6.912305481731892 0.7633852437138557 6.169425316154957 1.057070821523666 12.82437324523926 0.9405078887939453 0.1251064091920853 2.377540573477745 5.480261653661728 1.144100554287434
675.2374222651124 420.3882681205869 36.89401406794786 2936.587128035724 716.2976045235991 606.2280590981245 2441.02944971621 3.523702204227448 1116.004133358598 0 55.21238568425179 1660.80568741262 8924.435247801244 317.7940109595656 5.505228765308857 3.06962263584137 0.235577292740345 0 0 0.3784202858805656 0 0 0.1356340646743774 0 0 0 0 0 0 0 7.325691178441048 2.731425650417805 13.05515898019075 0 0 0 44.75079501420259 1.736082062125206 0.9039674550294876 0.2895795851945877 0 0 0.3749890848994255 0 0 0 21.47963152825832 1.077322028577328 0.1881472021341324 0.2238400727510452 0.4129645600914955 0.1559226810932159 0.1256346851587296 0.2997732758522034 2.053127571940422 1.249500185251236 46.09386943280697 53.49723556637764 10.85593669861555 4.773264139890671 1.078670226037502 6.853339046239853 0 3.110275611281395 0.6360290423035622 1.003394193947315 1.370714195072651 0.4715068265795708 0.2512415871024132 0.3098072037100792 576.3891879245639 14.66958910226822 0.1907308995723724 33.11246293783188 7.241077654063702 12.08403255790472 7.282005339860916 2.006290644407272 0.906099945306778 1.495468623936176 0.3162416443228722 5.157602988183498 3.8639947026968 0.6261410415172577 0.2905971258878708 0.9908271431922913 0.5063664391636848 0.1373576819896698 0.2880327105522156 0.6302609294652939 0.2420385628938675 0 0.254143089056015 0 0 910.7170720398426 27.90986140072346 0.2298412919044495 1.189426764845848 338.6158558353782 0.1699352562427521 7.701294094324112 23.68096289038658 32.49766764044762 2.105989322066307 44.25540609657764 130.9916746914387 14.23216564953327 123.4023300930858 201.0058990269899 3.217835806310177 119.6547486931086 204.4323178976774 186.6630023568869 39.0963834002614 0 0.3332601189613342 0 0.5173330754041672 0 0 0 0 0 0 0 0 0.1411753743886948 0 0 0 0 0 0 2.3734265640378 0.5803585425019264 0 0 0 31.7155976369977 1.356947012245655 23.6990323215723 10.01246343553066 0.2500618249177933 0 0 0.4880054295063019 0.1074182018637657 0 0 0 2.472137466073036 4.134263381361961 0.09953590482473373 0.2612919211387634 0 0 0 0.1996300965547562 0.4041886925697327 0 1.076186880469322 1.579970225691795 0.5564988851547241 0.8123905211687088 0.2151567041873932 40.85608493536711 1.824271030724049 0.1642216295003891 0 0.1067762970924377 0 0 0 0 0.1490545719861984 77.79193112254143 0.3006826043128967 0 0 0 12.35122664272785 0.5255051255226135 5.328631810843945 3.361906200647354 3.75265247374773 6.497832372784615 2.228362694382668 1.794426321983337 0 0 0 0 0 0 0.1244273334741592 0 94.88258999586105 12.14206408709288 14.96751958876848 151.2861000001431 6.188025169074535 100.5055997818708 28.27113199979067 680.6042398884892 28.89220762997866 4.959246881306171 34.74840756505728 19.7971663326025 1.193910136818886 15.80789937078953 1.023538753390312 121.2746233642101 2.048035234212875 0 8.163723170757294 1.037769958376884 0.485319659113884
234.5219869464636 998.1486527770758 3584.277643568814 10.77748169749975 3469.773789875209 1.472104713320732 117.3672366738319 2257.072558224201 2909.351400047541 55.21238568425179 0 200.5338359847665 729.6180688068271 4738.207109451294 68.43373923748732 37.8436301574111 4.019844323396683 0.8322290033102036 0.447385273873806 5.692879341542721 6.741380631923676 0.2097701132297516 3.229884676635265 0.9275693520903587 0.5210403650999069 0.5168131738901138 0.2314276844263077 0.5463572144508362 0.2965271696448326 0.081168033182621 266.0623049288988 336.5853479281068 262.3379368633032 5.229800999164581 2.424410134553909 0.6173709779977798 82.16580315679312 8.303346820175648 3.488794967532158 1.570212721824646 4.971209928393364 3.031893588602543 5.807631082832813 1.237446010112762 1.820189766585827 4.839802131056786 142.6265331208706 6.354843303561211 2.957927756011486 6.878507472574711 3.733870573341846 0.9002252891659737 0.0752648189663887 1.163543127477169 5.372900351881981 5.754560001194477 33.27666229009628 125.4730610251427 34.35746971517801 26.42436694353819 43.83082722127438 53.33132503926754 2.349039249122143 55.72157496213913 2.499866999685764 7.155047349631786 10.52162100747228 7.339552611112595 12.59004124253988 14.94807654619217 67.63092351704836 13.19625446200371 0 154.9404874518514 83.22417417168617 99.05076785385609 130.0584940984845 25.83442672342062 228.8349104225636 423.887907423079 39.00342270731926 428.0694566890597 14.33514197915792 1.17281361669302 1.698845349252224 6.369221918284893 5.473786026239395 0.2802640423178673 3.280502915382385 0.2632720321416855 2.102591633796692 0.4457351714372635 6.214058205485344 1.35686756670475 1.645125739276409 38.56379786878824 1.461059428751469 0 2.502659045159817 50.4429876729846 0.1401625275611877 0 0.6666723936796188 0.3361759707331657 0.1217604652047157 4.445364758372307 1.340098761022091 1.463102228939533 5.486441008746624 6.339364521205425 0.2172709852457047 11.30629502981901 16.07892778515816 14.95431656390429 8.362035140395164 0.4641275927424431 0.3201657459139824 0.1418024003505707 0.3250887915492058 0 0 0 0 0.3965947180986404 0 0 0 0.2234961465001106 0 0.1109201014041901 0 0 0 0.1298297047615051 0.786138504743576 0 0 0.6608842238783836 0.2053418755531311 11.44654675573111 1.914215169847012 10.97780800610781 7.106545761227608 0.657698854804039 0.2526705041527748 0.154553547501564 0.1007268503308296 0 0.09590902179479599 0.2488028332591057 0 0.1172176077961922 1.027606546878815 0 0 0.09116754680871964 0.6199485063552856 0.4657411053776741 0 0.3193506896495819 0 0.2848996520042419 0.3026647046208382 0 0.9516864567995071 0.3827160596847534 11.74862562119961 0.324572280049324 0.2137557715177536 0 0.08808889985084534 0 0.1426658630371094 0 0 0.5900500565767288 24.32025314122438 0.9580179452896118 0 0.09726963937282562 0.4873551204800606 2.476597964763641 0.1771828234195709 2.342104248702526 0.7209813147783279 0.9401685446500778 1.718065544962883 0.1565551310777664 0.5916760042309761 0.218265064060688 0 0 0 0 0.1093256324529648 0.420894168317318 0 12.74379460513592 5.946785010397434 9.803053975105286 333.3736588135362 57.60059107095003 454.5157148763537 133.0041525922716 137.3969182819128 108.7437026575208 9.542400114238262 106.4608875289559 3.977095492184162 0.507840596139431 5.605012714862823 0.3076224327087402 3.909311860799789 0.5432306826114655 0 1.385667957365513 7.333697319030762 1.176235660910606
29.7053727209568 46.09794482588768 69.70051604509354 124.8256181776524 89.85612311959267 119.6253568977118 119.7459385469556 35.6683077737689 91.50659228116274 1660.80568741262 200.5338359847665 0 2506.073668032885 220.5613465607166 17.86603637039661 10.12751393765211 0.3867047503590584 0 0 0.7115846872329712 1.459822565317154 0 0.3830711171030998 0.3764672577381134 0 0 0 0.4198454394936562 0 0 2.799302883446217 2.640003219246864 81.46535269171 0.5976989790797234 0.5167471617460251 0 111.9920447915792 12.93162447214127 1.194721139967442 0.2283575609326363 1.384309284389019 0.4766925349831581 0.417845644056797 0.9494404122233391 0 0.1223298609256744 21.37269205600023 0.5954213812947273 0.1158974394202232 0.8742842152714729 0.274181567132473 0.09076423197984695 0.2844653725624084 0.3067530542612076 0.7710733488202095 0.1736515611410141 4.504844710230827 3.294981390237808 2.270916357636452 2.944216966629028 1.097483679652214 95.6695274412632 0.3783272206783295 2.00540567189455 0.1333684474229813 0.6726832091808319 0.4635703191161156 1.257977530360222 2.555305197834969 3.345074437558651 584.0297443345189 14.27238024771214 0.5379734635353088 8.788965053856373 3.082300297915936 12.82559136301279 11.29711164534092 4.025284416973591 1.185011737048626 23.72558997571468 0.9548453465104103 21.7003525942564 1.077975399792194 0.173958033323288 0.259611964225769 0.5592137575149536 0.1089954301714897 0 0.1259606927633286 0.1573900580406189 0.1006385535001755 0.1410015970468521 0.8826865181326866 0.1186232715845108 0.7042235061526299 1599.714583367109 17.21070641279221 0 0.2207550406455994 37.63802195340395 0.1269973814487457 0 5.714369684457779 10.53314261138439 0.7123784124851227 28.94075597822666 35.4968146532774 7.715491630136967 47.98248099535704 87.56632167845964 2.969890259206295 75.71257358044386 145.1090928316116 127.5069715976715 25.09695042669773 0.3189799636602402 0.2185105010867119 0 0.2125089168548584 0 0 0 0 0 0 0 0 0.1429300308227539 0 0.08044427633285522 0 0 0 0 3.661683619022369 0.3578472062945366 0 0.212911456823349 0 26.84546546638012 1.465811349451542 16.3024874329567 4.184384219348431 0.3288598880171776 0 0 0 0 0 0 0 0.3466734290122986 2.398680843412876 0 0 0 0.1539101004600525 0.2319950610399246 0 0 0 0.3976004123687744 0.5185289457440376 0.2026937901973724 0 0 22.79259669035673 1.420160457491875 0.748246356844902 0.08686778694391251 0 0.1142623350024223 0 0 0 0.1376099288463593 62.64788178354502 1.044645667076111 0 0 0 6.889125779271126 0 1.590500988066196 2.373161666095257 2.335475847125053 2.334438495337963 4.031191170215607 1.69831595569849 0.1360320150852203 0 0 0 0 0 0 0.09796617180109024 58.46300788223743 7.651899956166744 9.498698115348816 180.7811978235841 7.17931405454874 77.13224032521248 35.91962459683418 113.827602788806 13.79878401011229 1.419272042810917 42.24237611889839 9.649446800351143 0.5563413798809052 11.01749967038631 1.256769321858883 34.97880874574184 0.8422259092330933 0.2159778326749802 4.412756405770779 1.5901103541255 0.1453880965709686
43.48632022738457 315.9654211103916 189.9977363944054 998.1641973406076 868.6920949667692 102.1434393376112 7548.438937284052 124.6303648501635 1906.191260203719 8924.435247801244 729.6180688068271 2506.073668032885 0 2037.832850031555 66.32041908800602 46.1130064278841 3.110228590667248 0.6280466541647911 0.1382138282060623 2.045621402561665 1.860339567065239 0 0.9894890785217285 0 0 1.930875957012177 0.2200205624103546 0.8333917409181595 0.7518415451049805 0.4084043428301811 11.29779890924692 15.90706110745668 376.1242362037301 1.893194131553173 0.5493045896291733 1.757115736603737 110.0867037400603 60.5770879983902 2.425451353192329 0.3261992335319519 3.876004904508591 0.6292529329657555 2.357906222343445 1.157988138496876 0.4979508742690086 1.04416061937809 90.72285499423742 1.321580097079277 0.7103203535079956 2.025977581739426 2.722442425787449 0.6341169700026512 0 0.3683459311723709 2.382563427090645 2.518506780266762 14.26627320796251 24.19041065871716 12.75713265687227 11.31795921176672 8.464443624019623 255.7177398502827 0.2507897093892097 11.13620974123478 0.4554380849003792 3.716383010149002 3.815462715923786 3.795479170978069 3.09307736158371 6.785469017922878 453.6062003746629 27.23330008983612 0 47.61867582798004 15.33903001248837 46.7017455548048 63.85512582212687 15.13449917733669 5.979673869907856 81.56847734749317 5.08794092386961 79.0618137344718 3.814066745340824 0.1632479727268219 0.4391438364982605 2.439451135694981 2.22529561072588 0.1037436947226524 1.93127916008234 0.7081257402896881 1.181038051843643 0.7045719102025032 2.64145839214325 0.9998317956924438 1.203130953013897 2062.315004050732 8.034798316657543 0.3455602079629898 2.975249201059341 38.58779555559158 0.135108694434166 1.852172821760178 11.66815711557865 29.19320158660412 1.824688285589218 63.93353755772114 61.1253767311573 21.03600254654884 124.6534014865756 161.067013323307 6.60346857458353 151.0759329423308 303.9771116897464 244.587145768106 74.31083986908197 1.345706850290298 0.9394661262631416 0 0.344063475728035 0 0.09495748579502106 0 0 0 0.1409401446580887 0 0 0.1055546253919601 0.863633930683136 0.3336979448795319 0 0 0 0 7.396430522203445 0.839694082736969 0 0 0 59.1888772174716 3.826960265636444 43.56822321563959 17.74436976760626 1.543983571231365 0.247500866651535 0.1246515288949013 0 0.2830850780010223 0 0.3426215127110481 0 1.403408035635948 8.987157568335533 0.2119095325469971 0 0 0 0 0.1546647101640701 0.7406039983034134 0 1.39011387526989 2.862599208950996 0 0.3804194107651711 0.3971580564975739 77.05238273739815 3.457277052104473 0.5505300909280777 0 0 0.4847994074225426 0 0.2629252821207047 0.1128386557102203 0.9331373199820518 156.16218226403 2.754659920930862 0 0 0.4082463383674622 20.43583312630653 1.1298006772995 8.820875428617001 3.740577265620232 3.411338306963444 7.696027211844921 2.605387724936008 2.607305735349655 0 0.1461715251207352 0 0 0 0 0 0 143.4749859198928 27.47003881633282 31.48052000254393 499.8681696653366 50.45551142841578 308.8005806282163 129.1910952329636 227.8513780906796 81.74509173631668 9.380196839570999 127.8051057830453 26.59486902505159 1.658243462443352 27.20697713643312 4.355718679726124 51.91380409896374 1.355851486325264 0.1461428105831146 6.650643326342106 7.674921132624149 0.8790899813175201
