0 2094.213917940855 506.3865461871028 2011.947574809194 83.95291525125504 23.20809389650822 1985.245356999338 42.30692811310291 21.87350976467133 2193.98226056993 58.19759273529053 143.0798945277929 122.8438552469015 42.41988304257393 0.563523143529892 0.3789081424474716 0 0 0 0 0 0 0 0 0 0.1178333461284637 0.2254723012447357 0 0 0 697.4870158582926 15.66021061688662 47.57821125537157 0 0 0.1176415830850601 2.009068176150322 0.1162760183215141 0.4462592899799347 0 0.1392528265714645 0 0 0.355014331638813 0 0 6.924723960459232 0 0.2963951826095581 0 0 3.445047974586487 0 0 0.5916793569922447 3.015959538519382 778.8877646327019 895.425134241581 94.63918164372444 5.937645077705383 0.3541713058948517 1.440451912581921 0 4.216824911534786 1.772960878908634 0.5894199460744858 0.3830970972776413 0.1071906983852386 0 0 13.23184400051832 25.57236990332603 1.387852147221565 82.68053510040045 35.86597767472267 2.313359148800373 3.16904366761446 1.025828428566456 1.486177280545235 160.8517871871591 0.8048272132873535 12.47772810608149 2.425701633095741 0.418221190571785 0.2030155807733536 3.128276854753494 0.2461549490690231 0.4995781481266022 1.760043382644653 1.218199223279953 0 0.1835195124149323 0.4564117789268494 0 0.1216786727309227 293.3156450986862 4.009446278214455 2.79980257153511 1.077049568295479 1013.083114907146 0 1.033734917640686 0.7081081569194794 0 0 35.99036672711372 0.2678800821304321 0 4.690972417593002 3.821343868970871 0.2495840340852737 1.744777053594589 7.997253179550171 2.051876068115234 0 0 0.1194930076599121 0 0 0 0 0 0 0 0 0 0 0 0 0 0 0 0 0 0 0 0 0 0 0 0 0 0.1352470219135284 0 0 0 0 0 0 0 0 0 0.9232430979609489 0 0 0 0 0 0 0 0.1572621166706085 0 0 0 0 0 0 0 0 0 0 0 0 0 0 0 1.451247215270996 0 0 0 0 0 0 0 0 0.1939574480056763 0 0.3762323260307312 0 0 0 0 0 0 0 0 0 3.101727306842804 0.198075458407402 0 14.58334844559431 5.606400981545448 39.28669258207083 2.233682617545128 993.1290022209287 41.93441814929247 0.7860229760408401 3.726541332900524 0.3400514274835587 0 0.2017888575792313 0 3.637053489685059 0 0 0 0 0
2094.213917940855 0 2746.866898827255 127.2928690761328 1433.377014696598 15.80108019709587 3197.099296562374 738.8551612868905 816.7420729324222 738.1141610890627 2367.590760715306 18.80031128227711 358.998627141118 947.9367911964655 12.46326820552349 2.882907368242741 1.051053360104561 0.1011084839701653 0.1213738098740578 1.043870881199837 0.9728138819336891 0.2360648363828659 0.4238751903176308 1.378139205276966 0.8730937913060188 2.109959959983826 0.5564775764942169 1.391267463564873 1.676070533692837 0.5139719694852829 1112.904149793088 129.2361319214106 194.9892986193299 0 0.5812312513589859 1.728596605360508 2.85665375739336 1.590881630778313 1.232018083333969 1.068484447896481 1.089836113154888 1.58478569239378 0 1.58835406601429 0.1579809486865997 0.3934632986783981 260.8638158515096 4.118697285652161 1.803919658064842 0 1.388785421848297 2.749371819198132 0.1170015782117844 2.821191988885403 11.69858042150736 29.91475458443165 300.292235866189 759.7470313757658 125.6173281371593 90.01511602848768 1.276018738746643 5.061309196054935 0.8301586210727692 78.46240313351154 20.1866395547986 9.164372451603413 6.701562501490116 2.323548004031181 0.6137698814272881 0.6651311293244362 10.03118954598904 1.206188596785069 0.2037889510393143 293.1338266953826 229.5200034081936 110.8946026563644 92.31565830856562 9.372071519494057 21.82366859167814 900.2224091291428 4.062681466341019 91.56828143447638 11.22488798201084 1.663854286074638 4.510161407291889 33.53548954427242 3.078473851084709 2.033445134758949 13.15588101744652 0.3594164997339249 1.820830039680004 3.541745088994503 1.110799603164196 1.757986448705196 3.894501976668835 87.04556895047426 3.280562408268452 0 1.606112241744995 822.4695027023554 1.110512852668762 0.9314506053924561 6.157354205846786 0.678473174571991 6.799384027719498 91.41571428626776 4.325912699103355 17.32916155457497 23.77699396014214 8.525065213441849 5.132958486676216 41.22221818566322 63.17890217900276 26.8459382802248 2.033767014741898 0 0 0 0.6727327704429626 0.2371338307857513 0 0 0 0 0 0 0 0 0 0 0.4739828854799271 0 0 0 3.396594405174255 1.915069967508316 0 0 0 2.198858626186848 0 4.38447767496109 1.058410182595253 0 0 0 0.1529578417539597 0 1.111626118421555 0 0 0 3.385087944567204 0 1.998891115188599 0 0.4722888469696045 0.1646833419799805 0 0 0.566871739923954 0 0.3297179341316223 0 0 0 8.278793185949326 0 0 0 0.5658533647656441 0.3014195486903191 0.2464287728071213 2.37593325227499 0.09745072573423386 0.1138012409210205 18.03501582145691 0 0 0.3026726394891739 0.4392302557826042 0.2836979925632477 0.3214478492736816 0 2.158127725124359 1.570494323968887 3.677281834185123 0.7456469535827637 0.4129582941532135 0.1298753172159195 0.1101167500019073 0.1105088517069817 0.146313950419426 1.279768444597721 0.857650101184845 0.2601739764213562 0.428021103143692 26.73286207020283 0.9416862726211548 0.9325548857450485 312.9845148995519 146.3969341740012 761.9125803858042 107.2398776635528 770.1084484532475 306.8296581506729 13.96045937389135 121.9728141054511 4.908011600375175 0.4246605187654495 9.316479571163654 1.251645475625992 3.92855666577816 0.7661260366439819 0.1357625722885132 1.498772412538528 0.7619407251477242 0
506.3865461871028 2746.866898827255 0 31.344008885324 414.2919349297881 6.16007748991251 194.4247677773237 3040.467061631382 324.3198963031173 10.62465465813875 2082.117725558579 28.59869066625834 106.6622772440314 835.0961957722902 24.90453731268644 12.86030182242393 1.246276818215847 0.264051266014576 0.9081459268927574 1.49513553828001 2.125414729118347 1.499145396053791 6.228159137070179 17.75108122825623 5.871857650578022 14.92722794413567 15.5045495480299 4.546954870223999 2.477029487490654 10.696348503232 3359.133525848389 923.1501311585307 524.6933213397861 0.7430266663432121 22.81651343405247 21.38257409632206 33.47857368737459 8.381176002323627 10.77984891086817 11.18819835782051 6.606084883213043 6.810582287609577 0.272082656621933 3.235748060047626 1.261619597673416 0.9260995462536812 83.41229955106974 1.081942081451416 1.599405646324158 0.07290413975715637 0.204082265496254 1.796178035438061 0.5489760339260101 4.280095487833023 2.783664666116238 8.354683831334114 167.9268222600222 934.386856213212 52.09377931058407 26.63330393284559 21.54303714632988 52.1558942720294 12.36956311762333 225.9319700449705 6.024214781820774 2.778888054192066 2.454482674598694 0.8730375021696091 0.6652193441987038 4.729264348745346 88.00597608089447 16.6950768083334 0.2556935846805573 110.9648464098573 118.7124245390296 57.80957246571779 57.66747414320707 21.30391916632652 242.9361984431744 3692.961755238473 101.0761319100857 1170.701971590519 3.409557409584522 0.7498576045036316 0.7704531773924828 9.221577331423759 1.612925827503204 0.4014480635523796 4.287079513072968 0.3397255912423134 1.030210018157959 1.224081568419933 7.94568495452404 6.166861057281494 1.875281281769276 208.646887935698 27.91100081056356 0 14.53133108466864 400.4515410885215 2.79918147623539 1.720797538757324 9.988933548331261 0 8.481545001268387 35.67317577451468 2.700212776660919 16.69437288492918 11.70806398242712 9.303644746541977 4.250645086169243 35.47574586421251 44.79862959682941 18.32576076686382 6.342862293124199 2.236190378665924 4.755866572260857 0 0.2751784026622772 0 0 0.1200644448399544 0 0 0.1479012370109558 0.38874901086092 0 0 0 0 0.9331944435834885 0 0.1279905289411545 0 17.1767562776804 0.6461242586374283 0 0 0 9.853299662470818 0.691450871527195 13.42347748577595 5.725168406963348 0.3216017186641693 0.1525633484125137 0 0 0.1878550499677658 1.847340293228626 0.1721565574407578 0 1.147196553647518 13.11851259320974 0 0 0.4271536320447922 0.1191333457827568 0.5046502947807312 0 0 0 0.7824607938528061 1.066587805747986 0 0.3630683124065399 0 15.79868838191032 0.122698038816452 0 0 0.2195286154747009 0.09022683650255203 0 0.7265342772006989 0.162057489156723 0.266120158135891 38.71364607661963 0.5487884432077408 0 0 0 3.636952057480812 1.428756214678288 2.204042688012123 0 2.700914859771729 8.651853516697884 0 7.718766361474991 0.4084226489067078 0 0 0 0.2465752065181732 0 0 0 44.53045111149549 13.09242555499077 5.656605169177055 167.9950059726834 43.97396086156368 239.8490782380104 55.95081724226475 210.5487568154931 90.11274646222591 2.219586059451103 62.45818611979485 9.28044617921114 1.086517855525017 14.20158109068871 1.044864147901535 4.042030975222588 2.518528915941715 0.5052757263183594 3.292708270251751 2.685745932161808 0.1776695400476456
2011.947574809194 127.2928690761328 31.344008885324 0 20.72968181967735 380.9390890449286 285.8710278868675 1.863890819251537 7.466887935996056 1624.59959679842 5.286483392119408 436.4519511312246 634.3545919209719 48.92565070092678 0.5823104977607727 0 0.2280973866581917 0 0 0 0 0 0 0 0 0.1459772437810898 0 0 0 0 26.65444897860289 0.3172532021999359 0 0 0 0 0.9727833420038223 0.1225263252854347 0 0 0.1543432325124741 0 0 0.2630672305822372 0 0 7.83813501894474 0.3682405054569244 0 0 0 0.1815072596073151 0 0 2.177746504545212 3.858980022370815 114.9933206960559 119.9928674846888 36.91845569759607 5.166155494749546 0 0 0 1.715363793075085 1.982938580214977 0.6255138069391251 0.7731055915355682 0 0 0 3.144471235573292 0 0 46.14943389594555 15.88756877928972 4.6416335105896 1.498963385820389 0.4783185571432114 0 0.6560177803039551 0.5316629856824875 0.2709223181009293 0.8897677138447762 0.1068757325410843 0.2145517691969872 3.033862829208374 0.1202503591775894 0.2288902029395103 1.035597808659077 0 0.1203692406415939 0.1077219992876053 0.3256335109472275 0.1465703696012497 0 142.2074182480574 0.4429666548967361 0 0 202.3344601839781 0 3.031960695981979 0 0 0 3.188033163547516 0.6549247950315475 0.4576058983802795 2.625201269984245 3.174625307321548 0 1.151778489351273 0.6343267112970352 0.1981885731220245 0 0 0 0 0 0 0 0 0 0 0 0 0 0 0 0 0 0 0.2042459398508072 0 0 0 0 0 0 0 0 0 0 0 0 0 0 0 0 0 0 0 0 0 0 0 0 0 0 0 0 0 0 0 0 0 0 0 0 0 0.1171995401382446 0 0 0.09240898489952087 0 0 0.7234047949314117 0 0 0 0 0 0 0 0.4774120450019836 0 0.2842760384082794 0 0 0 0 0 0 0 0 0 0 0 0 0 8.742093540728092 4.51216171681881 52.39000524580479 2.031344652175903 290.33857229352 33.14311848580837 0.8533174023032188 1.981489107012749 0 0 0 0 2.212313711643219 0 0 0 0 0
83.95291525125504 1433.377014696598 414.2919349297881 20.72968181967735 0 4.028042122721672 3329.032596953213 305.3293007463217 2154.164624400437 712.6385247856379 3504.562346212566 26.14019483327866 978.2790283858776 1451.594738766551 11.5706487223506 0.3350874185562134 0.6481961905956268 0.1642743349075317 0 0.2789545431733131 0 0.3103432655334473 0 0.1251575499773026 0.1177610903978348 0.7844028398394585 0.2319368124008179 0.4515964984893799 0.6480839401483536 0.1116157025098801 113.3118163123727 10.00177203863859 37.59452319145203 0 0.1237323209643364 0.4075205624103546 0.6525745093822479 0.0955459251999855 0.3534128069877625 0.1797145009040833 0.08917444944381714 0.7853486314415932 0 0.4957374110817909 0 0 125.2618805468082 1.73689728230238 0.623075857758522 0.1127695366740227 0.1883142665028572 0.9087739959359169 0 0.623395673930645 2.018421545624733 5.984746962785721 28.77339170128107 65.96249935030937 19.07101289927959 31.50003845244646 0.2416509985923767 0.542362704873085 0 36.65043937414885 5.253569953143597 2.256261050701141 2.296244286000729 0.4963404759764671 0.6547109186649323 0 4.336354903876781 0.9519147276878357 0.1032426282763481 58.38183388113976 50.30499326437712 44.14855896681547 47.93796648830175 3.353487126529217 0.8714427202939987 270.65230127424 0.7523757293820381 12.18305040895939 3.297855459153652 0.363152451813221 1.162359178066254 9.111390955746174 0.6509545966982841 0.6987325251102448 4.111903384327888 0.236687459051609 0.7280461192131042 1.689765401184559 0.8803000524640083 0 1.200172163546085 105.2877424731851 1.104737624526024 0 0.2792208790779114 21.04406881332397 0 4.703837692737579 20.439437687397 2.281241238117218 8.961663454771042 47.97820383310318 10.94332101941109 27.12019884586334 29.00724993646145 45.8149716258049 8.583166182041168 80.6725497096777 94.8532317429781 54.37750820815563 2.158352911472321 0.6812539100646973 3.563192814588547 0 0 0 0 0 0 0 0 0 0 0 0 0 0 0 0 0 11.41316190361977 2.743444561958313 0 0 0 6.561232753098011 0 4.79805201292038 0.6703831702470779 0 0 0 0.1212884411215782 0 0.4055087864398956 0 0 0.5399031043052673 5.21002297103405 0 0 0 0 0.09883715212345123 0 0 0 0 0 0 0 0 8.348491668701172 0.8952783644199371 0 0.3541916310787201 0.1342944502830505 0.2509881481528282 0 0.1038974300026894 0.1188347861170769 0.1133022829890251 30.42936955392361 0 0 0.1255085319280624 0.1255745738744736 4.414678543806076 0 0 0.3070857524871826 1.467762321233749 3.530584454536438 0 3.607336401939392 0 0 0 0 0.483514130115509 0.5213430970907211 0 0.1616376042366028 54.31420011818409 2.954897493124008 3.179232507944107 260.7203690856695 63.05067248642445 376.3406954407692 73.46214874088764 174.9989129379392 122.9592409953475 6.661352388560772 89.61873380839825 1.848849326372147 0.09199810028076172 5.509707912802696 1.852197200059891 10.34762193262577 2.144569128751755 0 2.987116456031799 1.969394564628601 1.198014736175537
23.20809389650822 15.80108019709587 6.16007748991251 380.9390890449286 4.028042122721672 0 111.2779666930437 1.967787176370621 20.41097041964531 1023.12864074111 2.383773788809776 464.9095403254032 249.5539387837052 63.49654822051525 0.2203074246644974 1.18424217402935 0.2206192016601562 0 0 0 0 0.4122313410043716 0 0 0 0 0 0 0 0 10.44514268636703 1.007311828434467 30.60900689661503 0 0 0 6.004864543676376 1.022166877985001 1.79817570745945 0.308584064245224 0 0 0 0.3486290648579597 0 0.5515780001878738 1.337976396083832 0 0.1479106843471527 0 0 25.72256069630384 0.1517799347639084 0.161517396569252 0 0.1021631583571434 670.400158919394 98.16167011111975 21.80611148476601 0.3763560280203819 1.03796349465847 6.956512048840523 0 0.8682647570967674 0 0.1638503223657608 0.101343035697937 0 0 0 84.32426097989082 140.9489011764526 11.5731536000967 1.191947616636753 0 1.129971198737621 0.351456880569458 1.011578015983105 1.045012153685093 20.78435106575489 1.337084636092186 8.001579917967319 0 0.8733673691749573 0 0.3825785741209984 0.1724241673946381 7.705132678151131 2.617511160671711 13.60491868853569 0.1672709882259369 0.6624777764081955 0 0 0 443.2250998020172 31.17545916140079 17.78995589911938 9.047636747360229 874.0473295673728 0 0.2275250256061554 0 0 0 3.393580973148346 0.3042943179607391 0 0.8085502982139587 2.707925945520401 0 0 2.059819832444191 1.197773396968842 0 0 0 0.237891674041748 0 0 0 0 0 0 0 0 0 0.0812256783246994 0 0 0 0 0 0 0 0 0 0 0 0 0.1342696845531464 0 0.3770323097705841 0.2094743549823761 0 0 0 0 0.1352348476648331 0 0 0 0.2181200534105301 0 0 0 0.2270448058843613 0 0 0 0 0 0.5655959248542786 0 0 0 0.371504008769989 0 0 0 0.1129437834024429 0 0 0 0 0 0.1774407625198364 0 0 0 0.1184221729636192 0 0 0 0 0 0 0 0.1866881549358368 0 0 0 0 0 0 0 0 0 0 0 5.189857833087444 1.211027920246124 2.85513261705637 1.415995299816132 549.5722167491913 3.654975861310959 0.1056327894330025 1.634160071611404 0 0 0.270281195640564 0 1.601136028766632 0 0 0 0 0
1985.245356999338 3197.099296562374 194.4247677773237 285.8710278868675 3329.032596953213 111.2779666930437 0 120.9416944161057 1649.131251372397 1490.023477442563 1809.181604474783 34.3639180958271 3678.870185695589 1647.71054007113 24.12704059481621 2.119782790541649 1.033745713531971 0.1265570670366287 0 1.365090191364288 1.166907280683517 0.6514904350042343 0 0.1965057179331779 0.08947692066431046 0.4209199547767639 0 1.128478072583675 2.217072397470474 0.3835701569914818 188.1333711147308 17.1677972227335 7.014529220759869 0 0.4967999458312988 0 1.45647394657135 0.6737507581710815 1.113650158047676 0.2128429114818573 0.7086840942502022 1.426283851265907 0.2345764935016632 2.865657895803452 0 0 308.5350537970662 2.764117039740086 0.9479942172765732 0 0.8419730216264725 1.137675911188126 0 1.524582169950008 9.96439553052187 23.94115237146616 236.1129806786776 377.5574981346726 94.59619738906622 89.13745555281639 0.3777508139610291 1.470913149416447 0.1296030730009079 58.49773914366961 15.81509400159121 6.578691735863686 4.079670317471027 1.621717438101768 0.1626405119895935 0.4511386156082153 13.41098319739103 1.550562471151352 0.1512482464313507 257.1650153622031 174.8905026391149 111.0099948570132 89.74689251184464 11.51100505143404 2.908489651978016 8.664581656455994 1.333646595478058 6.884230472147465 8.830240242183208 1.494309857487679 2.71669065952301 22.77823536843061 1.814530804753304 1.306825146079063 9.875089727342129 0.5690248757600784 1.332730941474438 3.081693291664124 3.171961575746536 0.6545307487249374 2.083519749343395 537.052617624402 3.301023572683334 0 0.6645727232098579 232.7344978824258 7.235243678092957 11.85260954499245 63.86389808356762 2.363370880484581 25.81273914128542 173.6881933659315 59.87714067101479 86.48989081382751 65.75182892382145 144.0470958352089 35.23552106320858 241.05366499722 318.3283454105258 118.7084345817566 10.67597657442093 2.161905497312546 1.875373363494873 0.4122468233108521 0 0 0 0 0 0.2326238453388214 0 0 0 0 0.1838188916444778 0.1290843635797501 0.3161829560995102 0 0 0.3339781165122986 27.73924255371094 1.904340535402298 0 0 0 7.730849996209145 2.21591055393219 13.18198198080063 6.791326455771923 0 0.1490355730056763 0 0 0 1.279348373413086 0 0.5514232814311981 1.743506729602814 13.16817243397236 0 0 0 0.3588692843914032 0 0 0 0.3989937603473663 0.582779623568058 2.819029346108437 0.1905410438776016 0 0 19.81505146622658 0.2798229157924652 0 0.3050405159592628 0.5455013439059258 0.4453366622328758 0.09243862330913544 0.8844080716371536 0.3770865127444267 0.5138599276542664 64.13438158482313 2.476842820644379 0 0 1.163644284009933 3.197649896144867 0 1.563135623931885 1.810469187796116 6.727083832025528 13.60317423939705 0 3.530490651726723 0.1097728684544563 0 0 0.138515442609787 0 0.5667640939354897 0 0 157.5928552597761 12.53040109574795 6.351988554000854 509.9097433909774 124.5233104899526 868.3781449869275 144.5000819340348 921.5747215077281 348.1824859306216 11.41443471610546 195.6236636564136 5.554168239235878 0.677232563495636 13.31465449184179 1.451115474104881 25.21406576782465 0.6136171296238899 0.993024468421936 1.938151583075523 3.466829255223274 1.835035562515259
42.30692811310291 738.8551612868905 3040.467061631382 1.863890819251537 305.3293007463217 1.967787176370621 120.9416944161057 0 436.2326918467879 3.945934005081654 1217.109310381114 17.97655240446329 115.9855677708983 623.3876474648714 33.42750026285648 14.07204641401768 0.3735448122024536 1.210141539573669 1.945839174091816 4.38382625579834 6.742257371544838 3.543538652360439 25.35867242515087 48.95258736610413 11.97541076689959 39.68985139578581 42.97283613681793 7.661937355995178 4.768506824970245 24.42780131101608 616.2939979955554 688.6224347725511 214.4844508394599 3.230921737849712 68.46194135397673 36.75380949676037 25.4349268451333 13.584766715765 11.83425983786583 16.24821051210165 16.62714666873217 15.86467687040567 1.047973461449146 6.50243628770113 1.234447382390499 3.531716771423817 140.5212828665972 0.4326940178871155 1.456464231014252 1.714830316603184 1.048826307058334 4.739123359322548 1.07175487279892 7.761109702289104 1.310819871723652 4.140429653227329 30.38484668731689 91.19157343357801 16.43823565542698 24.46799825876951 59.07017203420401 89.50074924528599 47.69800728559494 301.5059200897813 2.579445309937 1.239699512720108 2.050554677844048 0.3505830690264702 1.149640388786793 14.16594978421926 42.24006631225348 9.190522044897079 0 42.91607128083706 39.49467993527651 60.77137803286314 113.9414753690362 77.91447324305773 1122.627584315836 2703.221517995 484.3591047897935 2567.136825323105 1.724725589156151 0.09908523410558701 0.4529240131378174 4.418708793818951 1.281991884112358 0.1132342666387558 2.860940538346767 0 0.5080021694302559 1.306935980916023 13.33946876227856 11.8829718157649 4.026740610599518 97.50998819619417 13.33432022482157 0.3560160174965858 11.35972194373608 47.25277259200811 1.877354547381401 0 8.750478938221931 0 4.183609813451767 8.323768839240074 0.6631333231925964 6.566482722759247 11.33931881189346 1.57201261818409 0.2180830091238022 17.62942719459534 18.71644462645054 7.64889745414257 2.540394216775894 1.421510025858879 1.429951973259449 0 0.2683459520339966 0.3302821815013885 0 0.5202730521559715 0 0 0.4658488184213638 0.7614526823163033 0 0 0.119821585714817 0 0.8566751033067703 0 0.793117567896843 0 6.581904232501984 0 0 0 0 7.339598692953587 0 6.966165915131569 3.937045596539974 0.1175733804702759 0.7231310456991196 0.3650431483983994 0 0 0.4197639673948288 0 0.7006585597991943 0.09050063788890839 6.156077653169632 0 0.1934594660997391 0.3949331715703011 0.2450424507260323 0.880244292318821 0.1142818629741669 0 0 0.6000329256057739 0.3312661051750183 0 0 0 5.69374968111515 0.5826238989830017 0 0 0.2040581777691841 0.2357780188322067 0 0.1926325708627701 0.1382195800542831 0.3954388350248337 12.68211818486452 1.623800069093704 0 0 0.1414086371660233 0 0.5030332207679749 1.644727647304535 0.8732888102531433 0.7118191719055176 3.619528569281101 0.3095640242099762 2.394307076931 0 0 0.116522990167141 0 0.1817118376493454 0 0.3420023247599602 0 20.64169470965862 3.904599666595459 2.887400552630424 197.2422615140676 41.87572795897722 323.3305753692985 77.17335790395737 61.46041766554117 76.08842486143112 3.607220955193043 81.14687622338533 5.703096851706505 0.7515394240617752 6.853374518454075 1.669983208179474 1.385117292404175 1.141849830746651 0.2027590572834015 2.502086594700813 3.008435055613518 0.7543444037437439
21.87350976467133 816.7420729324222 324.3198963031173 7.466887935996056 2154.164624400437 20.41097041964531 1649.131251372397 436.2326918467879 0 103.353364571929 3996.625856108963 10.43122097849846 1094.739609137177 1525.744427546859 16.23654357343912 2.97547297924757 0.2190030962228775 0 0 0.1125056073069572 0 0.1614562720060349 0.08823979645967484 0 0.245553731918335 1.167134113609791 0.397873267531395 0.5231146961450577 1.023064032196999 0.4710129275918007 62.79671783000231 13.19917333126068 10.05289341509342 0 0.2482369393110275 0.1141206622123718 1.739556573331356 0 0.1777561008930206 0.3871245980262756 0 0 0.1532356441020966 0.8542078956961632 0 0.1584395170211792 100.7029473111033 0.8264799565076828 0.3772675767540932 0 0.1971741616725922 1.014730654656887 0 0.9658986330032349 1.242862120270729 2.999308548867702 18.6634014621377 24.05929392576218 14.54082699865103 17.86819149553776 0.1464490741491318 1.079463861882687 0.2523448616266251 19.65767347812653 2.436394043266773 1.424027673900127 0.9344555959105492 0.5553598031401634 0 0.1235961467027664 15.89039549231529 1.565521582961082 0 27.99663486331701 24.26395281404257 37.54815135896206 43.12876650691032 8.335172943770885 2.532046765089035 49.34619099646807 1.303435668349266 7.145295739173889 1.98504114151001 0.08363343775272369 0.401599608361721 3.534085273742676 0.8071566820144653 0.3705736696720123 1.500532604753971 0.1155399158596992 0.8751313164830208 1.092382021248341 0.4298383295536041 0.4212674051523209 0.09504174441099167 410.790442019701 3.45552247017622 0 0.290631502866745 14.43387858569622 3.474161073565483 13.14203201234341 45.29119691252708 2.818073630332947 20.87546813488007 135.5048631578684 33.29466001689434 64.9152235686779 58.89732591807842 91.07679665088654 24.26878373324871 192.1712295562029 268.4137271344662 93.69483006000519 12.29742945730686 1.293739750981331 0.1739586889743805 0 0 0 0 0 0 0 0.1512569934129715 0 0 0 0 0 0 0 0 0 17.95485861599445 1.377107694745064 0 0 0 8.988572925329208 0 15.44143743813038 3.761100381612778 0 0 0 0 0 0.7019499540328979 0 0 0 17.0253165140748 0 0 0 0 0 0 0 0.7034741789102554 0.7178595066070557 0.2749805152416229 0 0.4469563215970993 0 15.44226329028606 0.6178975701332092 0.3167452812194824 0.8939765095710754 0.0939900130033493 0.08706897497177124 0.1088488698005676 0.09822288155555725 0 0 56.90727527439594 0 0 0.08549030870199203 0.08039528876543045 3.028701931238174 2.000943720340729 3.44562441110611 2.771612465381622 2.874067455530167 13.05243434756994 1.011879652738571 14.83248636126518 0.2470137774944305 0 0 0 0.1682912707328796 0.2089219391345978 0 0 105.2958026379347 9.553336188197136 5.936481028795242 359.8514494001865 47.40212003141642 378.5146794319153 94.43556898832321 141.6024271324277 94.67436096072197 3.054179199039936 141.4706860184669 4.358903437852859 0.779679000377655 14.4901063516736 0.4371622800827026 23.24778616428375 0.2734907940030098 0 5.259516887366772 2.063957169651985 0.7097796201705933
2193.98226056993 738.1141610890627 10.62465465813875 1624.59959679842 712.6385247856379 1023.12864074111 1490.023477442563 3.945934005081654 103.353364571929 0 35.43928077816963 1450.377436764538 2578.343630999327 147.0508630648255 2.635585092008114 0.2304284647107124 0 0 0 0.1810638755559921 0 0 0 0 0.08652803301811218 0 0.1330696493387222 0.3650207817554474 0 0 48.8647263199091 1.813940241932869 27.5515956133604 0 0 0 5.144817307591438 0.0977875217795372 0 0 0 0 0 0 0 0.3309736996889114 26.08851765096188 0.1537456214427948 0.3195108771324158 0.0852617621421814 0.4234329164028168 0.8314139321446419 0 0 2.546010658144951 2.952560313045979 326.6245916113257 165.4508261755109 39.26819135248661 8.908123880624771 0.2085750997066498 0.8636628240346909 0 5.221463724970818 1.602198243141174 1.216194935142994 0.4231393709778786 0.2193947583436966 0 0 120.4221513420343 2.568902358412743 0 57.57386488467455 28.74034927785397 6.49561084061861 6.832140274345875 1.709502391517162 0.1049119308590889 1.698162257671356 0.2536568641662598 1.653893686830997 1.133835807442665 0 0.1001272574067116 4.074229136109352 0 0.3667441979050636 0.6720620021224022 0 0 0.2186637073755264 0 0 0 1824.231430605054 3.651432678103447 0.1650085002183914 0.6947430968284607 832.6784374937415 0 14.90785712003708 12.71982769668102 3.343041226267815 6.200931787490845 34.22876437008381 33.18347270786762 10.50322481989861 30.35674500465393 83.64380411803722 2.602315008640289 64.34326530992985 95.66131629049778 55.97779950499535 0.1636081039905548 0.1650410294532776 0.6702174842357635 0 0 0 0 0 0 0 0 0 0 0 0 0 0 0 0 0 7.151857882738113 0 0 0 0 2.199512153863907 0 2.583097606897354 0 0 0 0 0 0 0.1892576664686203 0 0 0.4505025148391724 2.930007338523865 0 0 0 0 0 0 0 0 1.844505190849304 0 0.2137630432844162 0 0 3.312990039587021 1.767400085926056 0 0 0 0 0 0 0 0.1623552739620209 10.3396135866642 0 0 0 0 0 0 0 0 0.3817543983459473 0.7508572936058044 0 4.496518224477768 0 0.1242633238434792 0 0 0.1329648494720459 0 0 0 25.26166830956936 2.471455276012421 1.525979936122894 56.14797906577587 8.15835215896368 114.2437042593956 15.1818583458662 1184.868018135428 47.98045939207077 1.472009718418121 22.2294333204627 1.778596788644791 0 2.455647885799408 0.1691027730703354 15.46599026024342 0.2004760652780533 0 1.027948617935181 0 0.1964507251977921
58.19759273529053 2367.590760715306 2082.117725558579 5.286483392119408 3504.562346212566 2.383773788809776 1809.181604474783 1217.109310381114 3996.625856108963 35.43928077816963 0 26.74737641960382 632.2093767672777 4247.629895783961 10.20928683131933 3.694436207413673 0.2357955574989319 0 0 0.2577593922615051 0 0.1421191245317459 0.1213167682290077 0.2344891577959061 0.3247696310281754 0.7478727176785469 0 0.450916200876236 0.1299999952316284 0.1078543439507484 158.2503504008055 49.05681654065847 131.5334905907512 0 0.101232722401619 0.4874082505702972 8.551585964858532 0.502912163734436 0.1823322176933289 0.2363803386688232 0 0.1907684132456779 0 0.4230426698923111 0 0 55.29020481556654 0.1103156358003616 0.08872070163488388 0 0.2228792011737823 0.3377469927072525 0 0.68075230717659 0.8273555189371109 2.388212017714977 15.13805793225765 41.93794753402472 6.964616432785988 10.77147538214922 0 2.190476939082146 0.2517761811614037 16.23664083331823 1.953635059297085 0.4526418000459671 0.2821440473198891 0.09541299939155579 0 0.1117818728089333 22.60435158014297 2.751061961054802 0 23.29133290797472 17.93119416385889 25.01887265592813 24.64394464343786 10.70109014213085 5.188595190644264 1350.112918548286 0.8103657513856888 58.77463872730732 1.053937554359436 0.234324187040329 0.2295202687382698 3.489290222525597 0.1913965493440628 0.09320231527090073 1.683401137590408 0.1137654110789299 0.2994004786014557 0.5323028266429901 0.1741531789302826 0 0.5329451709985733 132.3862527683377 2.507230497896671 0 0.5863490700721741 24.87159875035286 0 5.803370743989944 11.28884227573872 0.5084447860717773 7.031064420938492 22.61194123327732 5.211628213524818 11.83186893165112 6.799117133021355 17.57659959793091 0.8249489665031433 30.41972215473652 51.20711532235146 14.65875531733036 2.406428679823875 1.725224211812019 1.067563354969025 0 0 0 0 0 0 0 0 0 0 0 0 0 0.09332329779863358 0 0 0 14.60508762300014 0 0 0 0 3.032036259770393 0 1.49628472328186 0.5273005738854408 0.1572744995355606 0 0 0 0 0.1543451249599457 0 0 0 4.330764964222908 0 0 0 0 0 0 0 0 0 0 0 0 0 6.190928667783737 1.134062975645065 0 0.10663802921772 0 0 0 0.08213502168655396 0 0 14.8554407954216 0 0 0.6221731305122375 0 1.494079351425171 0 0 0.1210140362381935 3.83848112821579 3.473804384469986 0 1.909080177545547 0 0 0 0 0.09583837538957596 0 0 0 21.74846628308296 2.917757898569107 2.15457957983017 181.2077309042215 22.76084210723639 185.1442319750786 44.87518299371004 69.74740928411484 46.23800229281187 1.484958983957767 76.39272204786539 1.844743102788925 0 7.577951073646545 0.3169938325881958 3.250681594014168 0.7422537729144096 0 0.533839151263237 1.584190756082535 0.476335197687149
143.0798945277929 18.80031128227711 28.59869066625834 436.4519511312246 26.14019483327866 464.9095403254032 34.3639180958271 17.97655240446329 10.43122097849846 1450.377436764538 26.74737641960382 0 595.137713432312 249.414035372436 20.00030498951674 12.76106756180525 0.4361112266778946 0 0 0 0 0.2455033585429192 0 0.3160232752561569 0.2185741364955902 0.2797499001026154 0.231170691549778 0 0.6283713206648827 0.1492777615785599 19.26806330680847 26.15233463793993 415.2084925323725 0 0.115599125623703 0.7064482495188713 19.15014627575874 0.6343337893486023 1.243966154754162 0.6376237422227859 0 0 0 2.668763108551502 0 0.3718753680586815 34.15903703123331 0 0.1006117388606071 0 0 0.5994967147707939 0 0.103290282189846 0.3244229853153229 1.010727882385254 43.40707056969404 10.81651608645916 2.940924689173698 2.74121218174696 0.1172921359539032 4.846702225506306 0.1776861995458603 11.99194388836622 0.09416898339986801 0.2845452055335045 0.2668955996632576 0.08377214521169662 0 0.2359000891447067 202.5142604261637 8.393499180674553 0 6.124604731798172 5.391705401241779 19.68971725553274 27.27231103926897 18.72054961323738 6.010932266712189 231.7685702517629 0.8712491393089294 12.96464607864618 0.265051931142807 0 0.1717691645026207 1.905545838177204 0 0 0.4436504542827606 0.1375644505023956 0 0.1025541201233864 0 0 0.08771767467260361 4318.446817755699 53.29765174537897 0 6.164176389575005 106.0877231359482 2.966898500919342 26.59309111535549 15.97391039133072 5.607324883341789 9.097283415496349 76.70342472195625 41.02290993928909 36.50539752840996 60.39263162016869 94.10596898198128 8.273570716381073 138.3169508054852 205.1258975565434 97.36690723896027 6.432847805321217 1.790862269699574 2.177697688341141 0 0 0 0 0 0 0 0 0 0 0 0 0 0 0 0 0 13.41699073463678 2.176984325051308 0.1072211042046547 0 0 7.739502295851707 0 4.269063293933868 3.555752828717232 0.2700585424900055 0 0 0.1880294978618622 0.1650241911411285 0.7025674283504486 0.1231851205229759 0 1.410626493394375 10.35659312456846 0 0 0 0.2778485119342804 0 0 0 0.1120898202061653 0.1245305612683296 2.001425325870514 0 0 0 10.48311108350754 1.74513453245163 0 0.08673334866762161 0.1792558282613754 0 0 0 0.1035035699605942 0 44.47155414521694 0.1577270179986954 0 0 0 1.727489486336708 0 1.711205899715424 2.512631773948669 4.358265407383442 7.464708492159843 0.7940213680267334 4.526632256805897 0 0 0 0 0 0.1563323885202408 0.1077453717589378 0 81.1326554864645 11.86839586496353 5.124032832682133 175.5584461018443 11.42675264924765 128.3006932064891 40.46203203499317 384.4066848158836 14.80768110603094 0.5630725026130676 66.85591769218445 4.05464006960392 0.6079635918140411 8.835330829024315 0.229573629796505 28.59868595004082 1.728132024407387 0.1240801140666008 0.7379819750785828 2.58806873857975 0.1336345225572586
122.8438552469015 358.998627141118 106.6622772440314 634.3545919209719 978.2790283858776 249.5539387837052 3678.870185695589 115.9855677708983 1094.739609137177 2578.343630999327 632.2093767672777 595.137713432312 0 4086.344940662384 35.31929013878107 19.76572678238153 0.4250255823135376 0 0 0.2295603156089783 0.1553118824958801 0.3572119027376175 0 0.9189304262399673 0.8675272390246391 0.9442311748862267 1.148807793855667 0.5968087464570999 1.090901643037796 0.2790972739458084 38.88927850872278 39.61619385331869 903.3013724386692 0 0.880629189312458 2.120777904987335 12.86386607587337 1.094442933797836 2.63697998970747 2.370400503277779 0 0.1405201852321625 0.2477061599493027 2.141900382936001 0.1183843463659286 0.3566175699234009 90.02077856659889 0.1331148594617844 0 0.1174659878015518 0.1457503587007523 0.5019839257001877 0 0.5391044765710831 1.321781367063522 1.624977223575115 29.74677949398756 16.34062249213457 8.523299157619476 10.9778054729104 0.7369309514760971 7.217291794717312 0.4188363030552864 22.14901023358107 0.7567070871591568 0.6168553158640862 0.5683121904730797 0.09789416939020157 0 0.4438814371824265 129.5621959120035 12.45560355484486 0.2445798516273499 18.03428798913956 12.29238795489073 43.21451011300087 56.10737624019384 33.7668843716383 15.00011265277863 448.4266846626997 4.094429194927216 25.97900959849358 0.3185861259698868 0 0.3631394430994987 1.9599993750453 0.0891440212726593 0.07192195206880569 0.7960064709186554 0.07858889549970627 0.343770869076252 0.6184935346245766 0.4989933371543884 0.1629638373851776 0 3869.458648346364 31.52490662783384 0 5.453908905386925 71.55056503415108 4.465618543326855 25.41387514770031 45.23250260949135 9.982775285840034 20.03240449726582 168.4390713348985 71.50512506067753 66.86975221335888 106.4892155230045 198.1575356572866 27.78940746933222 306.7771050557494 364.0900196954608 217.2087289839983 11.10490746796131 2.388236224651337 3.589961349964142 0.08311095833778381 0 0 0 0 0 0.2746095955371857 0 0.2032609432935715 0 0.6709186434745789 0 0 0 0 0.160254493355751 0.2915568351745605 26.52174006402493 2.575195953249931 0 0 0 15.07841581106186 0.4468983113765717 17.74516440927982 6.875411115586758 0.3366216719150543 0 0 0 0.7748454213142395 0.5408596396446228 0 0 2.598829030990601 17.20595118403435 0.7990175485610962 0 0 0 0 0 0 0 0.6113387942314148 1.024601653218269 0.9809354245662689 0.4118044525384903 0 14.92789945006371 2.251462042331696 0 0.3734976947307587 0.09752395749092102 0.09023848921060562 0 0 0 0.1325730234384537 90.21176388114691 0.2406874895095825 0 0 0.186341866850853 6.65691465139389 0.6162953227758408 1.727497383952141 1.235523506999016 6.661812990903854 12.03616084158421 1.581787630915642 11.30294768512249 0 0 0 0 0.0820983350276947 0 0 0 169.2171763181686 15.5112251713872 9.404052756726742 349.6003819033504 40.01039402931929 266.6861449629068 90.37269384413958 351.0891699567437 55.10279636085033 1.865774616599083 142.4204725250602 7.441553115844727 0.4547438621520996 28.28465177118778 1.405184984207153 40.19966365396976 3.780085131525993 0.1737812757492065 5.107611000537872 3.688293598592281 0.9276092052459717
42.41988304257393 947.9367911964655 835.0961957722902 48.92565070092678 1451.594738766551 63.49654822051525 1647.71054007113 623.3876474648714 1525.744427546859 147.0508630648255 4247.629895783961 249.414035372436 4086.344940662384 0 32.42477707564831 17.50272312015295 0.2873145490884781 0 0 0.1271530985832214 0 0.6411653235554695 0 0.34571623057127 1.63094087690115 0.8625181317329407 0.4346536695957184 0.243242010474205 0.938141793012619 0.519298367202282 66.00014533102512 38.287782356143 952.028171338141 0.1963241696357727 0.5193057879805565 5.914307609200478 27.34071929007769 8.108214616775513 6.258999168872833 30.92070205509663 0.2941910028457642 0 0.1510127633810043 4.081143125891685 0.1973641216754913 1.447524107992649 73.92240363359451 0.5384335666894913 0.1015158370137215 0.1078857332468033 0.2118518203496933 0.8311431556940079 0 0.5378462970256805 1.087297439575195 2.591031804680824 16.63078214228153 13.73124489933252 5.302239634096622 10.27303248643875 0.9100513756275177 7.101106196641922 0.3910975009202957 17.8141125664115 0.9105764999985695 0.2618604674935341 0.1410133391618729 0.1007169410586357 0 0 125.7170831784606 7.445889785885811 0 12.81498864293098 9.947688266634941 35.65537616610527 45.81141428649426 29.68717803061008 11.08082494139671 910.2716108635068 2.232952557504177 38.13402092456818 0.4208917021751404 0.3582146167755127 0.2372464165091515 1.557869412004948 0.2901147231459618 0.3436692655086517 0.2859104499220848 0.1653231829404831 0 0.1771392375230789 0.2387911379337311 0.1109857708215714 0.6938234269618988 1223.666292950511 38.02219964563847 0 5.777322642505169 27.48683530837297 3.613221511244774 11.97204352915287 27.73122361302376 1.169845446944237 21.28328089416027 84.89664970338345 33.59928448498249 35.81908144056797 50.70540675520897 70.3555323779583 15.58373160660267 151.6499113887548 195.0198958665133 77.03116038441658 11.08235177397728 2.206901147961617 1.423784419894218 0 0 0 0 0.09057430177927017 0 0 0 0 0 0 0 0 0 0 0.2790300846099854 0 18.4911769926548 4.107649326324463 0 0 0 7.54641830176115 1.368603885173798 10.02782940864563 5.193319588899612 0 0 0 0 0 0.4763284027576447 0.3436190187931061 0 0.4098094403743744 11.65909403562546 0.2529546320438385 0 0 0.7021805644035339 0.1097951009869576 0 0.1058135703206062 0 0.377768486738205 1.278172388672829 0 0 0 21.1184289008379 1.163810417056084 0 0 0 0 0.09151265770196915 0 0 0.3876377046108246 59.49353767931461 0.5475282669067383 0 0 0.370224803686142 3.231806263327599 1.197042897343636 0.5638757944107056 2.085496142506599 3.558290161192417 6.613376349210739 1.181093707680702 6.815284684300423 0 0 0.09525829553604126 0 0 0.09061267971992493 0.4513640403747559 0.1094970405101776 112.9651500880718 11.07419197261333 9.220328390598297 323.9626597240567 28.38475081324577 254.6325247362256 85.40251711010933 154.2578872293234 54.43333635479212 1.878020584583282 133.608693279326 8.811613619327545 1.43138000369072 20.01295661181211 0.9358548820018768 18.19374786317348 0.4716363325715065 0.8807210326194763 1.764615595340729 4.619534954428673 0.2928559184074402
