0 4668.436879523098 567.5783714801073 2220.909110635519 560.7735449150205 111.8163041621447 551.3953896388412 36.69611158967018 229.7091171443462 833.3178304731846 357.6805456131697 529.8988593965769 401.0910854488611 386.1082133054733 8.360415294766426 0.7252744138240814 0.138082891702652 0 0 0 0.1447288244962692 0 0 0 0.2258720844984055 0.1024816781282425 0 0.1380402147769928 0.3379747420549393 0 549.7278648093343 1.912660643458366 2.805930405855179 0 0 0.1794635206460953 1.993152759969234 0.286564826965332 0.1686170995235443 0 0.369891881942749 0 0.1016643792390823 0 0.1119144260883331 0 17.83004584163427 7.390925966203213 0.401169627904892 0.6665011942386627 0.5941478982567787 0 0.1489384174346924 0.1790098398923874 3.489090397953987 5.91896478831768 334.7598482221365 1192.811139553785 77.9945445805788 43.05654587596655 0 2.530116736888885 0 4.263537593185902 5.159898199141026 1.635362841188908 0 0.1234137490391731 0.2280002981424332 1.137090899050236 6.231889218091965 1.233674913644791 0 513.062199935317 149.0935801938176 72.55332583934069 4.859491974115372 1.181709431111813 0 22.83832410722971 0.1418287754058838 0.6865107864141464 21.34136718511581 0.5910708159208298 1.946555055677891 1.341790474951267 1.546801745891571 0 0.9888619929552078 0 0.3513774126768112 0.2319798171520233 1.157283633947372 0.82855224609375 0.127832293510437 100.7147734314203 0.1479215770959854 0 0.2866504788398743 1526.385022565722 0 0 0.3677414059638977 0.1805292516946793 0 31.29746834933758 0 1.310829177498817 28.41431573033333 0.3136709928512573 0.2343845218420029 1.623405620455742 0.6005290150642395 1.18696241080761 0 0 0 0 0 0 0 0 0 0 0 0 0 0 0 0 0 0 0 0 0 0 0 0 0 0.5210086852312088 0 0.2500360682606697 0 0 0 0 0 0 0 0 0 0 0 0 0 0 0 0 0 0 0 0 0 0 0 0 0 0 0 0 0 0 0 0 0 0 0.1789790242910385 0 0 0 0 0 0 0 0 0 0 0 0 0.1166788339614868 0 0 0 0 0 0 0 0 0 0.2336731404066086 50.70098705589771 4.043159857392311 53.80675090104342 3.983607120811939 661.4207756966352 8.746311917901039 0.4856427907943726 2.932692274451256 4.047722324728966 0.1341535300016403 0 0 0.308869332075119 0 0 0 60.23120523989201 0
4668.436879523098 0 3418.441575005651 1393.672066107392 4800.475270017982 216.5861493945122 1977.659818649292 425.4778283685446 1801.665413215756 150.3821129128337 2544.997322157025 29.02427273243666 502.3904801234603 1749.065115690231 57.37328158318996 4.739393189549446 2.109534420073032 1.895849138498306 0 0.776668593287468 2.575128607451916 0.1281850337982178 0.2404801845550537 0 0.1074438616633415 3.129966631531715 0 1.6911491304636 1.748072400689125 0.4548577889800072 2857.668848156929 48.71095710992813 29.54279018938541 0.3535798788070679 0.3372940272092819 0.2577464282512665 18.86628947407007 1.653739966452122 1.940861225128174 1.229350224137306 7.048993781208992 1.752818487584591 4.186429485678673 0.6852656081318855 0.2161111235618591 0 172.2913576513529 40.29713229089975 4.785659223794937 5.558313563466072 3.507520422339439 0.9862699508666992 0 1.622537806630135 15.36210849136114 23.50201810151339 369.8173765689135 1975.834442354739 116.624610260129 176.108089774847 0.8111062496900558 15.88533979654312 1.507778465747833 108.5873536020517 29.87656170874834 11.79891283065081 2.950866758823395 1.731461554765701 3.376946598291397 21.94431944191456 36.39117396622896 4.753119543194771 0.1186756491661072 1127.588197641075 486.5229234099388 450.8208429738879 62.45049956440926 4.657232142984867 1.937608420848846 229.0435108393431 0.6497109681367874 10.35509447753429 66.29530639201403 0.4566680565476418 11.95705112814903 4.230062320828438 10.44127282500267 0.5614887773990631 3.188054881989956 0.2737235277891159 2.660567685961723 0.7286525219678879 9.269277423620224 3.978332541882992 2.419285006821156 55.57110925018787 3.125464871525764 0.09291213005781174 2.753682151436806 552.4398086741567 0 0.3751344084739685 1.226541429758072 0.2884718179702759 1.689296886324883 96.46673519909382 0.3571686297655106 32.52539286017418 26.14080139994621 0.9510459154844284 1.133208870887756 39.67046777158976 18.70591466128826 30.97671450674534 5.566672131419182 0.3505150675773621 0 0 0 0 0 0 0 0 0 0 0 0 0 0 0.2560851573944092 0 0 0 0 0 0 0 0 6.441558241844177 0.8348393216729164 4.435593619942665 0.7873277962207794 0.3945897221565247 0 0 0 0 0 0 0 0 3.222362130880356 0 0 0 0 0 0 0.2875362634658813 0.1542534679174423 0 0 0 0 0 1.091332256793976 0.7563202381134033 0 0 0 0 0.1082242056727409 0 0.1918251514434814 0.1090418696403503 11.39637835323811 0 0.1566569209098816 0.1408534198999405 0.3590786084532738 0 0 0 3.881206825375557 1.29566764831543 0 1.003390908241272 0 0 0 0 0 0.4328368827700615 0.09679506719112396 0 0.2395283430814743 4.512583091855049 0.2860835790634155 1.495020911097527 207.2630276381969 28.35643015801907 326.1058776304126 31.60401783138514 869.3557591214776 31.92288613319397 5.290070556104183 17.59387885034084 10.08936181664467 2.103567808866501 5.77957646548748 0 3.841125473380089 0 0.2057963609695435 2.040148064494133 328.0762374773622 0
567.5783714801073 3418.441575005651 0 35.15293481945992 559.655504822731 33.10476872324944 156.0006311312318 4099.449927397072 1575.008753083646 0.4604872763156891 4813.292534917593 2.444655060768127 161.5023732110858 1082.318474821746 45.38789553195238 11.14885371178389 7.600966028869152 37.49910479038954 1.309383600950241 58.60754010081291 202.1164031997323 0 5.719743564724922 1.851369701325893 5.083400532603264 43.45607657730579 2.376309931278229 3.379469759762287 1.901640437543392 1.442455925047398 4026.70782160759 946.2982899546623 131.9633480906487 14.02829071134329 16.6656296774745 8.266052186489105 35.91570417582989 7.692630849778652 2.583596989512444 3.134655937552452 116.7040854245424 5.55171799659729 248.8455267548561 1.729079954326153 5.604682222008705 9.767244651913643 91.03740372508764 11.90474133193493 11.31868939846754 125.6167281940579 6.842255853116512 0.1152638345956802 0.1363041400909424 1.045529522001743 3.594688884913921 5.886053323745728 224.6570988744497 1087.770613536239 52.79314564913511 65.61534794420004 4.448834329843521 128.9930379614234 86.86541760712862 362.839011952281 9.750748209655285 5.818073891103268 1.199225716292858 38.51642703264952 117.5196461454034 534.5717063769698 8.923013471066952 0.4425434470176697 0 586.3692069724202 404.6935022100806 248.7664601802826 94.79577937722206 15.95915101468563 451.4983789771795 3293.202095359564 20.14088153839111 1432.749962054193 20.73918829113245 0.214716263115406 7.010576836764812 0.8494123816490173 118.4854783266783 0.1074024587869644 1.383251756429672 0.1192765980958939 2.094097152352333 0.4936730563640594 119.2924700975418 20.49790000915527 2.624230720102787 5.210492581129074 0.1793348044157028 0 0.3806335926055908 137.3617211133242 0 0 0.1848767846822739 0 0.218648374080658 6.676593698561192 0.1691857874393463 8.208054795861244 0 0.2010297477245331 0.1444788426160812 5.162696585059166 2.623235404491425 7.433154806494713 1.962161675095558 0 0 0 0 0 0 0 0 0 0 0 0 0 0 0 0 0 0 0 0 0 0 0 0 0.4851525574922562 0.4041421040892601 0.3520075082778931 0.1876698732376099 0 0 0.136529952287674 0 0 0 0 0.3309573829174042 0 0 0 0 0.4577831923961639 0 0.7304090559482574 0 0.4005037844181061 0 0 0 0 0 0 0 0 0 0 0 0.1346506029367447 0.1495883017778397 0.101708747446537 0 0.2182324826717377 1.82686360180378 0 0.2626943588256836 0 0.8418891578912735 0 0 0.2946752905845642 0.5700052380561829 0 0 0 0 0 0 0 0 0.4658021777868271 0 0 0 1.64081184566021 0 0 86.55208193510771 12.36728154122829 150.4015245065093 15.72596829384565 268.9244808703661 13.96321088820696 2.099032238125801 8.568869598209858 3.886838063597679 0 1.012243896722794 0 0 0 0 0 8.175674423575401 0.1964726895093918
2220.909110635519 1393.672066107392 35.15293481945992 0 137.619445502758 584.6657896190882 1925.502967178822 1.890387631952763 128.3352333009243 5298.364038035274 6.539077572524548 1175.299222528934 3030.010581098497 192.5733020529151 8.30826199054718 0.3299712389707565 0.5087000802159309 0 0 0.3031197637319565 0.1896916031837463 0 0 0 0 0 0 0.1337924003601074 0 0 100.5304863452911 3.542801648378372 0.3630425631999969 0 0 0 1.594568304717541 0.5448764562606812 0.1338249295949936 0 0 0.116473987698555 0.2992133498191833 0 0 0 27.10406766086817 10.0171871855855 0.7357590049505234 0 0.3606610149145126 0 0 0.4701526314020157 3.72785871475935 5.325394988059998 81.73481073230505 199.3755062073469 21.60971661657095 42.66247903555632 0.1781982779502869 0.3982011377811432 0 12.96630711853504 6.123544670641422 2.005084246397018 0.2354672998189926 0.1188114583492279 0.1708391606807709 0.3284129649400711 1.784234762191772 0 0.5263552069664001 272.5307390913367 90.05247277021408 99.22032096236944 8.000096306204796 0.5665301084518433 0 8.219505645334721 0 0.8291118890047073 13.44029396027327 0.1597421169281006 2.192670658230782 0.8720065131783485 0.8110060170292854 0 0.6293069645762444 0 1.063834689557552 0 0 0.2643076032400131 0.357196718454361 184.6680822074413 0 0 0.2511972188949585 351.843498468399 0 0 0.4743157625198364 0.3959159851074219 0 163.2423894256353 1.505741208791733 12.89563980698586 120.4866492450237 0.2199065834283829 1.184843376278877 15.19765035808086 7.418316707015038 14.71093022078276 2.686276599764824 0 0 0 0 0 0 0 0 0 0 0 0 0 0 0 0 0 0 0 0 0 0 0 0 0.8200860023498535 0.1092175915837288 0.7306520640850067 0 0 0 0 0 0 0 0 0 0 0 0 0 0 0 0 0 0 0 0 0 0 0 0 0.3823248147964478 0 0 0 0 0 0 0 0 0 2.219666615128517 0 0 0 0 0 0 0 0 0 0.5602541565895081 0 0 0 0 0 0 0 0 0 0 2.152405276894569 0 0.2828072011470795 47.33296676725149 4.820155881345272 63.72692323476076 6.671837292611599 1001.431388355792 5.018190950155258 0.1293723285198212 2.875430263578892 1.167969465255737 0.3028189539909363 0.2310656011104584 0 1.315164133906364 0 0 0 26.4903989136219 0
560.7735449150205 4800.475270017982 559.655504822731 137.619445502758 0 18.10140059888363 1079.955051608384 25.10266482830048 9036.15523468703 36.54316226392984 803.6468510106206 56.40377729386091 720.0730676800013 1927.264689706266 50.12510219216347 0.4655392989516258 0.3774036541581154 2.031113773584366 0.2744822949171066 0.3571764379739761 0.9887083396315575 0.288166381418705 0 0 0.1138714253902435 1.142616838216782 0 2.104542076587677 2.400923565030098 0 327.6101785153151 74.91532761603594 15.29782037436962 0 0 0.09422124177217484 16.96820940822363 0.7419658750295639 1.993935391306877 0.823580302298069 1.054271206259727 0.8330405130982399 1.077848970890045 0.7596299946308136 0 0.1454187631607056 243.9607642441988 35.38267752528191 4.237630113959312 2.325929090380669 2.6742959395051 0.9044148474931717 0 1.761210083961487 12.77268244326115 22.69112079590559 67.81747238337994 178.2316549792886 46.28118786215782 144.1597862616181 0 5.734376281499863 0 109.1730630919337 26.39737252146006 12.67479360103607 2.25974777340889 1.26383002102375 0.4558088853955269 1.6856834217906 63.90200863778591 11.99443070590496 0 394.2708843126893 238.3121604770422 376.5151914209127 65.80730491131544 2.59203128516674 2.32839523255825 27.26449130475521 2.068428590893745 2.133603811264038 54.67808153480291 1.160159453749657 11.69232977181673 4.58384995162487 6.609519228339195 0.5235080569982529 3.980885118246078 0 3.575180716812611 0.9440561532974243 2.902757845818996 2.162429794669151 4.396653406322002 202.0324337333441 3.928149998188019 0 1.26103100925684 20.79720462113619 0 0.9562148749828339 15.67967733740807 4.661019593477249 5.235764339566231 151.5104071572423 0.7972801625728607 184.4605915993452 13.33276093006134 17.29681830108166 14.13238376379013 183.0373208224773 63.80467620491982 146.3319274783134 17.46706756949425 1.455140739679337 0 0 0 0 0 0 0 0 0 0 0 0 0 0 0 0.112081453204155 0 0 1.518001034855843 1.497892051935196 0 0 0 18.0149617344141 0.2844723463058472 15.61406138539314 1.201732516288757 0 0 0 0 0 0 0 0 3.126419067382812 3.665745794773102 0 0 0 0 0.2032529413700104 0 1.16782283782959 0 0 1.902776539325714 0.6408295631408691 0 0 3.030566781759262 0 0 0.4672197848558426 0 0 0 0 0 0.2106423377990723 37.74035662412643 0 0 0.1037858948111534 0 0.6116558313369751 0 0 4.422356724739075 1.780960381031036 3.052894756197929 1.360882967710495 0 0.2142926752567291 0.4163066148757935 0 0 0 0.1083797365427017 0 0 37.66987067461014 1.234678626060486 2.838208138942719 242.6900975853205 57.01925073564053 401.6207515224814 58.45065755397081 96.6137079000473 50.47596549242735 9.913176387548447 36.26197198033333 17.03730617463589 1.94791117310524 14.5117029696703 0.2433925122022629 12.06956170499325 1.576450735330582 0 0.1341068744659424 37.09654022753239 0
111.8163041621447 216.5861493945122 33.10476872324944 584.6657896190882 18.10140059888363 0 221.6028939038515 0.5966915562748909 18.95151467621326 948.5812977999449 12.20058132708073 787.8938281983137 408.951737344265 86.96137896925211 0.7145218476653099 0 0 0 0 0 0 0.8670018315315247 0 0 0 0.3326240479946136 0 0 0 0 11.14603509008884 0 5.209765985608101 0 0 0 12.87181480973959 0 1.414987474679947 0.1099508181214333 0 0 0 0 0 0 1.557339057326317 0.9213012978434563 0 0.1402154266834259 0 10.49141956865788 0 0 0.4004892110824585 0.9487472325563431 57.48770713806152 174.812956944108 3.116590172052383 2.050643980503082 0 1.897507175803185 0 0 0.1836892813444138 0 0 0.1202367842197418 0 0 191.9392954856157 175.0746050029993 14.45782074332237 32.46590147167444 16.41693886369467 3.691041275858879 0.6906684637069702 0 0 6.212168797850609 0 0.5424486994743347 1.636574909090996 1.820481806993484 0 0.6102742403745651 0.7782857120037079 4.076387360692024 6.577192544937134 13.04067401587963 1.611432746052742 2.440385118126869 0 0 0.5692098289728165 684.4067163616419 181.7828639149666 11.23706930875778 16.6219248175621 348.889685317874 0 0 0 0 0 16.93181309103966 0 1.049729362130165 8.529243752360344 0.1549104899168015 0 3.822263091802597 1.114536046981812 0.5677882730960846 0.4583157598972321 0 0 0 0 0 0 0 0 0 0 0 0 0 0 0 0 0 0 0 0 0 0 0 0 0.2355303019285202 0 0.4776719510555267 0.1914027035236359 0 0 0 0 0 0 0 0 0 0.2584254145622253 0 0 0 0 0 0 0 0 0 0 0 0 0 0.2509654760360718 0 0 0 0 0 0 0 0 0 1.197735115885735 0.2737255692481995 0 0 0 0 0 0 0.5085054039955139 0 0 0 0 0 0 0 0 0 0 0 0 0.2452322095632553 0 0 4.29200629144907 0.3471145033836365 6.709150835871696 1.479539938271046 170.1300733089447 0.2439402043819427 0.2383568584918976 0.3433903455734253 0.2945054769515991 0 0 0 0 0 0 0 2.353824526071548 0
551.3953896388412 1977.659818649292 156.0006311312318 1925.502967178822 1079.955051608384 221.6028939038515 0 9.162568971514702 4642.54974360764 1543.276792600751 40.00494541227818 99.00193902105093 10685.17233815789 2425.512849614024 65.08534931391478 1.458098888397217 1.491722218692303 1.165318265557289 0 0.751617319881916 0.4761835336685181 0.383487194776535 0.1411658823490143 0 0 1.372637115418911 0.3201680481433868 2.822521336376667 2.936186052858829 0.3301867991685867 263.5761679559946 65.6016730517149 24.29889550805092 0 0 0 19.89967169612646 0.223547950387001 2.358461953699589 0.7489045187830925 0.4121868684887886 1.339747168123722 0.7068027183413506 0.1176761537790298 0.1229309886693954 0 270.4886574819684 38.1920155659318 4.647889994084835 1.773463815450668 4.81525194644928 1.405618190765381 0.0999186709523201 1.627871237695217 12.82184092700481 18.5844354107976 82.38192856311798 223.9125173762441 57.95283395051956 161.3312309980392 0.6380622908473015 4.917016051709652 0.1124298945069313 107.9831674471498 28.63066866248846 11.61887469887733 4.550008289515972 1.353012070059776 0.1303082704544067 3.574220195412636 70.28289928287268 17.92921946942806 0 525.5849905535579 256.8676459863782 410.2967636063695 76.83538291603327 3.729582577943802 0.5041957199573517 10.02574852854013 1.496829487383366 3.59703154116869 65.11900863051414 1.175043925642967 14.4593336507678 4.849517442286015 6.50691794604063 0.4415495917201042 3.317864678800106 0.5914993584156036 3.245134904980659 0.6097725182771683 3.013799369335175 4.013766646385193 4.940517395734787 488.5223272368312 7.12124665081501 0 4.961090937256813 164.0207155719399 5.222739174962044 6.921938508749008 188.858022376895 115.8940014839172 10.55057574808598 612.3821919858456 14.10728420317173 342.4226608872414 94.38149738311768 32.61326733231544 26.74191726744175 729.5794802904129 111.8287135213614 292.6792375147343 28.63410297036171 0.6314159631729126 0 0.1633088141679764 0 0 0 0 0 0 0 0 0 0 0 0 0 0 0 0 16.5429739356041 1.195249676704407 0 0 0 20.9357932060957 1.086391746997833 21.41674754023552 1.66945718973875 0.1380032449960709 0 0 0 0.317684680223465 0.3901648223400116 0 0 8.738278239965439 6.923354119062424 0.1417246311903 1.824217662215233 0 0 0 1.302058413624763 3.008231610059738 0.3067547529935837 2.571705169975758 7.443196877837181 0.564666360616684 0 0 5.944984242320061 5.348645940423012 0.9479589834809303 0.9380426630377769 0.3124660924077034 0.1344430595636368 0 0.4928741157054901 0 0 49.72794045507908 0 0 0 0.2395497411489487 0.3986299782991409 0 0.2647178769111633 12.84095800668001 11.22394782304764 9.776033118367195 5.046732097864151 1.488443836569786 0.3102641329169273 0.5188514739274979 0 0 0.6149599403142929 0 0 0 76.57960920035839 2.921500742435455 4.441967755556107 273.6046541556716 51.97222444415092 432.7149481996894 59.18901322036982 812.4259108379483 58.46714169532061 10.68102706968784 35.62287668138742 21.82534947991371 2.768281668424606 23.80760582536459 0.3020962178707123 43.34633423388004 2.407095804810524 0.6794844120740891 0.4525846540927887 27.74889812618494 0.1505656689405441
36.69611158967018 425.4778283685446 4099.449927397072 1.890387631952763 25.10266482830048 0.5966915562748909 9.162568971514702 0 231.489080697298 0 3118.152589716017 0.2682348489761353 22.83434158563614 218.7087316736579 19.40725873410702 5.426475428044796 13.68827544152737 35.63694888353348 4.724711954593658 43.30118467658758 70.69606196135283 0 3.551775991916656 0.5067158341407776 1.164670340716839 14.46220971643925 0.6114280521869659 1.1567098274827 0.9753724783658981 0 748.9042639061809 1955.569302342832 63.09952803701162 5.670312777161598 8.242161065340042 1.522000089287758 9.598725892603397 2.258059859275818 1.247896276414394 0.9389945715665817 38.67978708446026 1.60618856549263 69.01850538700819 8.785416588187218 6.97899217903614 22.96626481413841 59.42900792509317 5.816609598696232 3.588150642812252 46.26231140643358 0.9478361010551453 0.1176319196820259 0.1201730370521545 0.3403189703822136 1.436515152454376 2.675866074860096 40.95876434445381 169.5978454425931 10.89123191684484 29.72994872182608 14.67159903049469 49.33499743789434 33.52171055972576 319.4614678546786 3.462794281542301 1.772193513810635 0.3907977193593979 5.965415515005589 26.76056466251612 143.3196728751063 1.348970055580139 0.7448189854621887 0 161.4263531938195 195.0577316582203 174.1800661832094 232.4706815779209 364.5959058329463 830.7134724259377 2553.923168182373 343.4851266294718 2300.714625068009 7.401695318520069 0.08397157490253448 1.785198703408241 1.109047807753086 29.92191078513861 0 0.5433997586369514 0 0.5087299719452858 0.09038057178258896 30.69477051496506 4.380063056945801 1.629726678133011 0.4158188700675964 0 0 0.3835108131170273 11.35778976976871 0 0 0 0 0 0 0 0.5314702093601227 0 0 0.2591568231582642 0.8008062541484833 0 1.339986264705658 0 0 0 0 0 0 0 0 0 0 0 0 0 0.1683209985494614 0 0 0 0 0 0 0 0 0 0 0 0.4649287164211273 0 0.3856833353638649 0.4002768993377686 0 0 0 0 0 0 0 0 0 0 0 0 0 0 0 0 0 0 0 0 0 0 0 0 0 0 0 0 0 0.1713509410619736 0 0 0 0 0 0 0 0 0 0 0 0 0 0 0 0 0.1219181641936302 0 0 0 0 0.1195447221398354 0 0 0 0 0 46.10724556446075 5.654229857027531 90.60776212066412 10.00697845965624 13.73934876173735 6.042344681918621 0.9102070778608322 4.845092244446278 3.36380435526371 0.181410163640976 0 0 0 0 0 0 0.1466307491064072 0
229.7091171443462 1801.665413215756 1575.008753083646 128.3352333009243 9036.15523468703 18.95151467621326 4642.54974360764 231.489080697298 0 97.30186784267426 2011.647569134831 78.39624346792698 1831.440445512533 3039.240822404623 61.45120994001627 5.671684689819813 0.9752406179904938 1.27403362840414 0 0.3860081657767296 0.8675974458456039 0.4442089796066284 0 0 0.1077578142285347 1.570081181824207 0 1.789723724126816 0.8059587851166725 0.1509186774492264 169.5499808415771 74.71522969007492 21.25531344115734 0 0.2101727873086929 0.8092917203903198 20.80739384889603 0.4543203711509705 2.664257235825062 0.5323725342750549 4.598570883274078 1.135683618485928 2.636524938046932 0.3889599218964577 0 0.7245478332042694 204.0497538670897 16.21114132553339 2.12844905257225 2.398825332522392 1.655959233641624 0.3799874559044838 0 0.8037988394498825 5.454578295350075 7.340914130210876 27.08686739206314 84.20732697099447 22.82452925294638 74.80942706763744 0.154920756816864 11.86988011747599 1.545695349574089 101.128439925611 8.822219476103783 5.517168916761875 0.4400233775377274 0.7754972502589226 2.183375172317028 12.12182610481977 71.99865954369307 18.34907534718513 0 194.5376671180129 143.0462984144688 264.1108968630433 86.97598760575056 5.353742346167564 1.2231080904603 90.33073142915964 1.022624813020229 7.779645055532455 23.43349508941174 0.4657523706555367 5.761727958917618 1.685759171843529 3.331261962652206 0 1.395540371537209 0 1.565534472465515 0.8948105350136757 7.417817212641239 3.058987632393837 2.004362046718597 336.1079449355602 9.989749416708946 0 0.4209097027778625 14.82287406921387 1.122494608163834 0.3617763966321945 16.32521817088127 13.29273156821728 8.007543936371803 281.0403117537498 2.516490623354912 229.1692043840885 18.21900679171085 21.5791994780302 14.98214557766914 260.0218935161829 86.81700013577938 223.6801248788834 20.86892645061016 0.2099049091339111 0 0 0 0 0 0 0 0 0 0 0 0 0 0 0 0 0 0 1.951823219656944 1.174209803342819 0 0 0 20.16901361942291 2.249057233333588 12.03097853064537 1.395943507552147 0 0 0.2064490169286728 0 0 0 0 0 3.31270644068718 1.930893912911415 0.4323905855417252 0 0 0 0 0 0.4960404187440872 0 0.5759364068508148 0.7069033086299896 0 0 0 7.347868397831917 0.2928755283355713 0 0.7513495683670044 0 0 0 1.049134254455566 0 0 37.79612877964973 0.1811161637306213 0.1451403051614761 0 0.1421005427837372 0.8493422716856003 0 0 6.589962169528008 6.641189873218536 3.960694044828415 0 0 0 0 0 0 0.07795204967260361 0 0 0 60.74789832532406 2.312267422676086 1.776690363883972 252.6933995485306 30.16153335571289 325.2626196071506 48.95840308815241 64.56410931795835 29.15270799398422 9.054773300886154 30.32771915197372 22.40476435422897 1.082074359059334 17.18540240824223 0 8.998888775706291 1.492286860942841 0 0.4071147441864014 3.533562660217285 0
833.3178304731846 150.3821129128337 0.4604872763156891 5298.364038035274 36.54316226392984 948.5812977999449 1543.276792600751 0 97.30186784267426 0 2.733051158487797 3469.660161778331 10330.27094696462 412.7331272438169 2.443496644496918 0.2460245192050934 0 0.1587323248386383 0 0 0 0.4468575417995453 0 0 0.1627989858388901 0 0 0 0 0 9.432199031114578 0.5688214749097824 15.48596179485321 0 0 0 11.35061132907867 0 0 0 0.2858045995235443 0 0 0 0 0 5.389020480215549 0.2512611970305443 0 0 0.1278486102819443 1.369385778903961 0 0 0.7581852078437805 0.7406163737177849 25.10776493698359 40.06320126354694 4.277594827115536 4.878697775304317 0 0.6408511400222778 0 0.3275150060653687 0.997081957757473 0.3012832850217819 0 0 0 0.2298487201333046 64.58534958958626 6.736729115247726 1.007501482963562 41.19702395051718 11.12569770216942 13.21239434927702 0.6084320247173309 0 0 10.7715125605464 0 0 1.487672805786133 0 0.3900127187371254 0.1311491280794144 0 0.2366389483213425 0.8964296877384186 1.054264158010483 0 0 0 0.3162411451339722 0 699.9600969254971 9.849855154752731 0.2564744353294373 2.325448229908943 650.9606488347054 0.5184808969497681 0.1956057548522949 1.358395978808403 40.41596829891205 1.441291213035583 179.3664923012257 12.91518306732178 42.65352508425713 117.6724745482206 21.36561097204685 3.212114304304123 68.62900459766388 86.22965447604656 74.5371571034193 3.754888832569122 0 0 0 0 0 0 0 0 0 0 0 0 0 0 0 0 0 0 0 1.02109307050705 0 0 0 0 2.41297210752964 0.613071084022522 1.380759835243225 0.7268072664737701 0.8567802309989929 0 0 0 0 0 0 0 0.159877747297287 0.5604761838912964 0 0 0 0 0 0 0 0 0.8353478312492371 0.2089485973119736 0 0 0 0.4220498204231262 0 0 0 0 0 0 0 0 0 6.233371391892433 0.2750140428543091 0 0 0.3116695284843445 0 0 0 0.2688968479633331 0 1.230219528079033 0.3229558765888214 0 0 0 0 0 0 0 0 0 24.10114443302155 1.955417454242706 0.1933173537254333 14.14820386469364 0.2139411792159081 12.21019522845745 2.625162176787853 1003.723093360662 1.973035544157028 0 1.717670992016792 2.372042745351791 0 0.2039355635643005 0 8.468014031648636 0 0 0 0.3427882194519043 0
357.6805456131697 2544.997322157025 4813.292534917593 6.539077572524548 803.6468510106206 12.20058132708073 40.00494541227818 3118.152589716017 2011.647569134831 2.733051158487797 0 54.06311377137899 537.1707091927528 3093.521843835711 220.7116516232491 54.64614377915859 11.96144608408213 8.416638508439064 0.4789851754903793 3.163289256393909 26.14868965744972 0 1.900906130671501 0.669778436422348 2.316497437655926 32.04515393823385 1.297884680330753 5.448397606611252 3.433242432773113 0.2609739229083061 798.8609403148293 425.3302971199155 845.0443944334984 2.824895367026329 6.384018003940582 6.645727053284645 274.2901430055499 11.23755966126919 9.625002861022949 10.00092658400536 76.133226595819 14.34110366553068 38.72390624880791 5.046176359057426 1.838475868105888 1.957744255661964 458.6474115848541 31.87083981186152 7.554462298750877 29.96336974203587 9.306408494710922 1.671066239476204 0.145408034324646 2.672563329339027 9.708672545850277 16.22176273167133 89.830376945436 295.5267865881324 46.47482044994831 157.728234551847 4.611678726971149 385.0636013001204 17.29779377579689 328.748693652451 20.1054809615016 12.06783513724804 2.791683696210384 13.73894485086203 34.35766530781984 217.749778829515 80.58625683188438 8.261685580015182 0.110523022711277 458.1815590858459 380.1293070241809 653.5080917701125 259.5395802259445 37.19015879929066 36.74247609078884 2264.200702980161 4.769829258322716 159.5725223198533 44.18958715349436 0.6685004755854607 11.98946057260036 3.103358760476112 36.28124506771564 0.1068213060498238 4.032310269773006 0.5140314400196075 4.216023743152618 1.599721647799015 102.8460103571415 47.4891874268651 12.08968272805214 117.2477684766054 1.665956780314445 0.3630949184298515 1.278747096657753 34.17516434937716 2.691510528326035 0 3.514931976795197 3.940275922417641 2.146344259381294 77.55601445585489 0 87.05661234259605 2.888127580285072 4.803174749016762 4.88881953060627 85.08684259653091 26.86661446094513 81.62309986352921 4.650960773229599 0.3953782021999359 0 0 0 0 0 0 0.6702216565608978 0 0 0.2452871948480606 0 0 0 0 0 0 0 0 0.8116598725318909 0.4476504921913147 0 0 0 8.61869303137064 2.747400745749474 8.811491623520851 0.6410170346498489 0.2744109034538269 0 0.8004598319530487 0 0 0 0 0 1.50730936229229 0.9051288217306137 0 0 0 0 0.7295819222927094 0.2722873538732529 0 0 0.8958221077919006 0.8307255655527115 0.3820697963237762 0 0 1.775099605321884 0.9696432650089264 0.1790139079093933 0.666547879576683 0 0.2350219339132309 0.3011889755725861 0.224300742149353 0.2892196029424667 0.2808443009853363 20.23510639369488 0.7590396702289581 0 0.1300516873598099 1.377410806715488 1.256948977708817 0 0 4.036810427904129 3.579893350601196 0 0 0.2183235734701157 0.1046426966786385 0.2101902067661285 0 0 0.1995508298277855 0 0 0.2610999345779419 14.03022938966751 1.807006612420082 2.154863558709621 366.3707736730576 65.88005711138248 638.0275802761316 89.88627455383539 85.01176808029413 65.45785515755415 13.28732059895992 54.23495391011238 19.13842997699976 1.352503001689911 6.21128836274147 0.6052367687225342 2.812237992882729 1.216901585459709 0 0 5.561857514083385 0.1530300378799438
529.8988593965769 29.02427273243666 2.444655060768127 1175.299222528934 56.40377729386091 787.8938281983137 99.00193902105093 0.2682348489761353 78.39624346792698 3469.660161778331 54.06311377137899 0 3297.696220144629 395.2856771796942 34.90256475657225 12.23672161251307 1.696909800171852 0.1030121371150017 0 0 0.5984888821840286 0.4693184792995453 0 0 0 0.5397534221410751 0.1213972195982933 0.930522620677948 0.7800831496715546 0 1.474346935749054 1.510470122098923 71.99576385319233 0 0 0 63.71282900869846 0.1557171493768692 3.121189311146736 0.671537920832634 3.746125914156437 1.136931076645851 1.04543711990118 0.5742774605751038 0 1.074365422129631 55.4661797657609 4.559742584824562 0.9269207268953323 1.081836715340614 0.6432734504342079 2.959038034081459 0 0.3945779055356979 1.109055042266846 4.092574082314968 9.994003504514694 9.053159788250923 7.2491495013237 16.44322089850903 1.096046164631844 7.73366479575634 0 4.154869064688683 2.80474366247654 0.9097832813858986 0 0.5849486514925957 0.998001329600811 6.880600236356258 253.446666046977 105.0645798444748 0.8635218441486359 52.12259761989117 21.98487041890621 54.92366466671228 15.2507041618228 3.70424310863018 0 13.28349135816097 0.5987399369478226 4.173142969608307 7.350209511816502 0.1119759678840637 2.468751303851604 0.5351265743374825 1.894934438169003 1.97162914276123 2.232338331639767 2.147466048598289 0.8088513314723969 0.4693139791488647 8.218457259237766 6.402968175709248 0.6828280240297318 2854.159335210919 68.85718262195587 1.82350942492485 5.710358366370201 318.8467551916838 0.1709505915641785 0.6418287009000778 17.1878794580698 7.496729284524918 2.824662715196609 180.3064431995153 1.843753054738045 191.2730340361595 10.8970580548048 21.82506480813026 14.17410652339458 215.9896447509527 81.04462949931622 216.0709072351456 27.76610933244228 0.956740215420723 0.2005357891321182 0 0 0 0 0 0 0 0 0.7607855796813965 0 0 0 0.3274868428707123 0 0 0 0 6.448772415518761 0.6514480710029602 0 0 0 26.28662972152233 4.274706080555916 20.63221842050552 0.4517441391944885 0.2615877687931061 0 0 0 0 0 0 0 1.514603346586227 4.44766291975975 0 0 0 0 0 0.7940477728843689 2.468208089470863 0 2.437884226441383 3.910435616970062 0 0 0.5012449026107788 4.414057165384293 1.013788223266602 0.3318307027220726 1.271641179919243 0 0 0 0 0 0 69.06858646869659 0.9648451805114746 0 0 0.4655113220214844 1.916676014661789 0 0 3.52992370724678 3.840660706162453 1.87847888469696 0.1950404345989227 0.4848091006278992 0.2448710352182388 0 0 0 0 0 0.2491225898265839 0 80.23182407021523 3.585420623421669 4.057056605815887 111.1629761308432 10.28762337565422 123.610986225307 17.5230747461319 530.3628420755267 13.93315105885267 4.696335144340992 17.23201122879982 21.51433074474335 1.294866964221001 10.43857359886169 0.9434952437877655 13.3657584041357 0.2753505110740662 0.3498869240283966 0.2868546843528748 0.1435565650463104 0.467799037694931
401.0910854488611 502.3904801234603 161.5023732110858 3030.010581098497 720.0730676800013 408.951737344265 10685.17233815789 22.83434158563614 1831.440445512533 10330.27094696462 537.1707091927528 3297.696220144629 0 3301.273941159248 251.3984734043479 76.63808431476355 12.22539696842432 2.596038974821568 0.157757043838501 0.9665616825222969 4.303680397570133 1.109013348817825 0.2227262258529663 0.126564234495163 2.002838402986526 13.46186199784279 0.7350843772292137 4.66366982460022 7.964444190263748 0.7899352833628654 60.34199240803719 32.91943825036287 1028.364677943289 0.3791778534650803 1.146656006574631 1.505214884877205 428.5160982534289 4.413063421845436 40.53366774320602 32.12728313356638 18.19977933168411 12.26130492985249 13.55072095245123 7.82890373468399 0.4862680286169052 3.020968779921532 363.3657181039453 21.30874004215002 6.83098416030407 12.36350391805172 7.82390308380127 3.026603199541569 3.053752243518829 3.42775496840477 8.453664444386959 17.64892492443323 31.35050671547651 60.20482281595469 34.4125861749053 107.2375069260597 22.53811144828796 76.54756783694029 0.9720943719148636 72.4563527405262 14.18868168443441 7.515433795750141 2.746462903916836 4.053472504019737 10.50133220851421 64.74405574053526 525.468099616468 225.7612512409687 1.858241274952888 201.3778595998883 110.8398745507002 368.048508964479 133.1774817481637 26.04889990389347 1.284635238349438 268.2609704658389 17.74284881353378 46.78772355616093 35.14548390358686 1.478793367743492 9.097383335232735 2.245435103774071 13.25671177357435 2.578992426395416 4.217910528182983 0.2106626480817795 5.962637268006802 2.775530122220516 44.28449431061745 28.71220328658819 12.56168559193611 3826.557728976011 105.9333163201809 7.004581868648529 22.68875986337662 253.1372449100018 4.734479874372482 0.9746154099702835 51.85167071223259 38.75700958073139 19.15589472651482 754.0803530663252 7.432857796549797 556.0283291637897 99.92660091817379 69.49223574995995 56.72651351988316 778.357750505209 274.6956032961607 574.9512275755405 78.54188388586044 2.324623987078667 0.3249518647789955 0.7221254408359528 0 0 0 0 0 0 0.264554351568222 0 0 0.6866972595453262 0.3623014688491821 0.3731669783592224 0 0.4399025142192841 1.895369723439217 0.2015967965126038 9.422578245401382 0.7627531141042709 0 0.6961612850427628 0.3361583352088928 120.5480431243777 30.2290772870183 123.4865393713117 15.49477134644985 11.44443599134684 0 0 0 0 0 0 0 6.986994460225105 12.62784123420715 0.1962963044643402 0 0.6476050913333893 1.46602500975132 1.24653172492981 4.732280559837818 2.586449086666107 0.3106071054935455 5.187727972865105 5.174049943685532 0.4142871201038361 0 0 29.25045926868916 2.532726593315601 1.708203598856926 1.710743851959705 0 0 0.2427893429994583 0.1368368119001389 0.4802011698484421 0.5281486511230469 263.4248536676168 8.883350476622581 0 0 0.7700099349021912 4.387974858283997 0.1986580938100815 0 20.72689172625542 16.8129950761795 7.405930645763874 5.400770395994186 1.240508258342743 0.6017269194126129 0.6270571500062943 0.6127011477947235 0 0.1359953284263611 0 0.5155007392168045 0.1490401476621628 220.9042734652758 22.85904860496521 39.82813647389412 443.7230149134994 94.07450190186501 606.1933465227485 105.8471908643842 523.8455271050334 70.11183675378561 16.19706489890814 102.0779947191477 60.61404386162758 6.318993605673313 48.57917214184999 3.156548395752907 44.32358554005623 2.7040945738554 1.170056983828545 2.642505317926407 4.753536239266396 0.8294727206230164
386.1082133054733 1749.065115690231 1082.318474821746 192.5733020529151 1927.264689706266 86.96137896925211 2425.512849614024 218.7087316736579 3039.240822404623 412.7331272438169 3093.521843835711 395.2856771796942 3301.273941159248 0 299.5121554285288 81.08320170640945 12.62981114536524 8.119863003492355 0.4909831881523132 1.358591787517071 10.02035991102457 0.266722597181797 0.4021167457103729 0.8846645951271057 4.054933741688728 31.35782750695944 1.382244683802128 4.891325391829014 4.451729342341423 0.8904154971241951 223.2261536791921 87.78307143598795 3315.437918260694 0.7617994248867035 1.178491994738579 1.813608445227146 1731.431987226009 12.9114049449563 33.72757084667683 9.155676729977131 78.96992974728346 18.45829992741346 24.50035644322634 6.770782724022865 0.6567963361740112 1.640241518616676 496.1545976102352 31.98431317508221 10.75081430375576 32.27338014543056 10.32856974750757 1.003081291913986 0.2364284843206406 4.850748002529144 10.17322423309088 16.50657499581575 58.72969784587622 148.6285995617509 42.96600918471813 144.3699267506599 4.22824339568615 915.1923374384642 7.119201704859734 164.730569280684 20.78939093649387 9.899108625948429 2.624293573200703 12.97832921892405 27.669403411448 190.9398215040565 396.8104889169335 52.56406129896641 0 361.2176846414804 248.5662036165595 572.7366806566715 237.420625589788 41.80561768263578 4.020266152918339 1466.029525339603 3.693800963461399 67.53319981694221 39.89717589318752 0.2223519831895828 12.58742985129356 3.423897229135036 40.80293703079224 0.1814677491784096 3.645627103745937 0.1038421615958214 4.435210593044758 2.006126187741756 128.0477096512914 68.8553544729948 18.53540710359812 1252.689105458558 19.98087982833385 0.7711367458105087 4.918213784694672 62.84544377028942 0.387490913271904 0.3914958983659744 29.91953592002392 14.69263809919357 8.123369961977005 309.0952437967062 2.778320983052254 303.7951124608517 21.54306361079216 35.35844303667545 26.56259997189045 345.6096727997065 121.7863245904446 288.0963528454304 37.48267614841461 0.3509861528873444 0 0 0 0 0 0 0 0 0 0 0 0.226911187171936 0 0.1589860022068024 0.7261059582233429 0 0 0 2.978107526898384 0.8355845808982849 0 0.2029352784156799 0 45.05075307190418 3.704347893595695 33.6771617680788 2.071750923991203 1.132844313979149 0.4273593425750732 0.1492414176464081 0 0 0 0 0 4.311342895030975 7.759038269519806 0 0 0.4344284981489182 0 0.397836834192276 1.355236895382404 0.7174524962902069 0 2.406112372875214 0.6871565580368042 0 0 0 10.38980042934418 4.925117284059525 0.367106169462204 0.9968463033437729 0.4190731048583984 0 0 0.1258563548326492 0 0 80.46011735498905 2.216997280716896 0 0 0.5557244643568993 1.480962991714478 0 0 8.831890374422073 5.203671678900719 4.164553076028824 1.110242128372192 0 0.2113530784845352 0.582206666469574 0 0.1274084895849228 0.3195596113801003 0.5977234095335007 0.2872299402952194 0 86.83047832548618 7.340032905340195 5.961933061480522 560.713001050055 82.92095054686069 797.5596805140376 117.0424003973603 175.9404480159283 79.89764954149723 13.81363139301538 86.32486273348331 23.97720373421907 5.414057210087776 17.43004478514194 0.6779715418815613 15.76045567542315 1.437489241361618 2.375526547431946 0.5537894368171692 4.536583445966244 0.8406759798526764
