0 4348.80216243118 681.5705851912498 902.1718235388398 260.4452072307467 450.326733097434 469.5383191406727 609.6846480593085 61.37321277707815 688.557060316205 668.553101837635 47.98400953412056 174.6112852394581 419.8157229498029 10.54882393032312 2.878534324467182 0.1471429765224457 0 0 0 0.4795988947153091 0.4342358708381653 0 0 0.3731530383229256 0 0 0 0.4900055825710297 0 501.0014767944813 26.47000192850828 3.102618895471096 0 0 0.09818105399608612 9.572802349925041 0 0 0 0.3479068800806999 0.1439634561538696 0.4718306958675385 0 0 0.1525895595550537 56.27338191866875 12.94395688176155 0.3099822551012039 0.87034872174263 3.137723974883556 1.66849884390831 0 0 4.611800856888294 16.55766341090202 559.11498760432 1158.427351601422 36.27295469492674 52.66569988429546 0.8530624508857727 0.3867812976241112 0 5.196752168238163 17.3868573307991 12.65127482265234 11.25729414820671 2.292634017765522 0.4280565604567528 2.609063096344471 15.36789233982563 49.1118156015873 5.227033846080303 640.7980920001864 16.11561059206724 42.0752772539854 3.650995902717113 0.6071944981813431 0.1143664717674255 100.1870832890272 0 4.71093125641346 36.58591299504042 1.993854500353336 6.570683725178242 34.22381205111742 6.702757492661476 7.240359291434288 9.540452390909195 3.614544458687305 2.45009096711874 2.989323124289513 1.488307200372219 0 0.8644420802593231 108.0720101743937 36.0600979924202 3.298546090722084 1.957631647586823 1546.34384611994 0 0 0 0.2476925402879715 2.470928221940994 2.842687547206879 0.9064109325408936 2.056282937526703 4.043554574251175 3.400251656770706 0 10.90828643739223 9.805203184485435 22.49713526666164 7.253517635166645 0 0 0 0 0 0 0 0 0 0 0 0 0 0 0 0 0.296691358089447 0.2922710776329041 0 0 0 0 0.1328139901161194 0 3.372381925582886 0 2.05636053532362 0.2431150376796722 0 0 0 0 0 0 0 0 0.7173253893852234 0 0 0 0.3720827698707581 0 0 0 0 0.2192619517445564 0 0.1195351630449295 0 0 0 1.666966751217842 0 0 0 0.1769783049821854 0.08942665159702301 0.1290983855724335 0.1132964491844177 0 0 10.78225046396255 1.07999387383461 0 0 0 0.4799731448292732 0 0.3000965416431427 0 0 0 0 0 0.1122511252760887 0 0.2298169061541557 0 0.7581101730465889 0.2179296985268593 0 0 3.00291408598423 2.052685245871544 2.714652329683304 144.0049855783582 24.64743191003799 427.6795838922262 67.19209420681 1403.19218646735 66.3325030207634 8.909823030233383 13.15756157785654 7.20748396217823 0.2048374563455582 0.7387107461690903 0.3510875999927521 19.12307019531727 0 0 0 0.1084272935986519 0.1834651529788971
4348.80216243118 0 1384.634321823716 631.151351839304 3084.489180706441 364.763047978282 3438.189052417874 718.4509810656309 1536.131938204169 1090.336301237345 1565.339238651097 118.9082114398479 514.902759745717 1659.274301595986 75.27549679577351 5.506868869066238 1.408753350377083 1.089688792824745 0.4365485459566116 0.3883146196603775 0.3649230599403381 0 0.1355749070644379 0 0.4288425147533417 0.8943855985999107 0 0.4021470695734024 0.1486711800098419 0.21794593334198 1181.704734578729 46.2958585396409 9.663996167480946 0 1.106542304158211 0.1874013692140579 7.466592401266098 0.1704004108905792 0 1.214618399739265 0.3272651582956314 0.8751858398318291 0.9048041552305222 0.7306295186281204 0.3195469379425049 0 261.7782187461853 30.32469905912876 3.130479261279106 1.303345650434494 16.60857638716698 0.169447585940361 0 0 4.004008181393147 27.02803446352482 284.6793027743697 707.6850612834096 33.46537549048662 110.9415965750813 1.689426906406879 3.644289650022984 0.3668268918991089 8.859314575791359 32.22885454446077 24.30059682577848 22.23659962415695 6.038026086986065 2.656644612550735 3.023653000593185 10.64149554073811 32.17928732931614 0.4952028840780258 809.1586070433259 70.45919281244278 245.5691541805863 39.60274837911129 4.041278749704361 1.69331456720829 199.632830530405 0.56178168207407 7.777289502322674 57.12850215286016 1.120398603379726 15.71291053295135 65.35508827865124 17.33582284301519 1.873972021043301 19.61506059765816 0.85438022762537 11.59281357377768 6.548315234482288 4.668987520039082 2.250247769057751 1.45685587823391 330.2989001348615 2.323126822710037 0.1769358217716217 0 1214.545786008239 0.844194695353508 0.1874309927225113 0.9838080257177353 5.486010007560253 13.38957346975803 13.92968235909939 4.464036613702774 22.19866961240768 12.58247926831245 10.89233385026455 5.618963479995728 50.71468681842089 47.53622920811176 95.7774925455451 41.93375191837549 0 0 0 0 0 0 0 0 0 0 0 0 0 0 0 0 0 0 0 0.688072457909584 0 0 0 0 31.54283238947392 0.2137049734592438 16.35728846490383 2.148700021207333 0.1973132491111755 0 0 0.1266005784273148 0 0 0 0 1.034354194998741 0.7914310246706009 0.2098107933998108 0.4406561478972435 0 0 0.2222898155450821 0.09383049607276917 0 0.1576177626848221 0.2476687431335449 0 0 0 0 12.59846429526806 0.2587818205356598 0 0 0.7845935896039009 0.4454116821289062 0.1252817213535309 1.191772490739822 0 0 64.31893108040094 1.274178475141525 0 0.3096000105142593 0.1518381386995316 4.460502006113529 0 0.589268684387207 0 0.3142214119434357 1.69317053258419 0.4839390963315964 0.1517380475997925 0.4041276052594185 0 0.6464763507246971 0.1197413206100464 2.995579972863197 0.3316011130809784 0.09470970183610916 0 24.14870944619179 7.302911087870598 3.240865550935268 512.6037290766835 105.3411849290133 1539.376474693418 199.149996355176 1002.328463599086 73.25851815193892 20.37256366014481 100.1560002118349 16.831314265728 1.036248654127121 4.536639615893364 0.2499712109565735 31.92394238710403 0.3922981321811676 0 0.7626978307962418 6.98580551892519 0.4664900898933411
681.5705851912498 1384.634321823716 0 2.602495297789574 467.4137020111084 2.385837957262993 39.18885042518377 2432.026519246399 242.1372732296586 16.02684959769249 2305.641772851348 14.14739383757114 99.28288839012384 1441.032610885799 30.75594921410084 8.959199875593185 1.04229199886322 3.274315252900124 0.2291924729943275 6.827084451913834 15.50207402557135 0 4.519321091473103 0.665577694773674 3.951299577951431 1.470056347548962 0.8626252934336662 3.352228999137878 0.3171743154525757 0.3125104606151581 4661.163908705115 1248.062346175313 15.76774097979069 1.598545372486115 9.492024250328541 1.417492359876633 9.641043335199356 3.832954950630665 0.178447037935257 0.4626205414533615 22.30738637596369 10.65879186242819 24.77825353294611 1.743253171443939 0.8117537945508957 3.127523571252823 66.71093631535769 19.19232545793056 3.307679608464241 10.34762459248304 7.462957769632339 0.470703661441803 0 3.883127853274345 2.291227541863918 10.99726807326078 236.5170181393623 1404.133216448128 15.99664445221424 42.35820167511702 86.43831139057875 38.17290200293064 6.747457608580589 608.2146131768823 11.34693050384521 11.39429750293493 10.44284448027611 6.564271733164787 33.81309947371483 100.0210039541125 1.586866483092308 7.950849860906601 0 510.6553100496531 56.65311425924301 88.09360364824533 16.96607856452465 4.612098298966885 310.8440231233835 888.0618052706122 19.89919549971819 625.1271769925952 33.38983944058418 0.7062037736177444 9.163150295615196 26.08146716654301 23.45582269132137 0.4595661237835884 9.556203380227089 0.637221984565258 5.12637734413147 2.73940509557724 61.94605145603418 4.836669944226742 6.749571800231934 42.6849714294076 1.301878929138184 0 0 542.6503132432699 0 0 0 0.2221059054136276 4.057280093431473 3.384568452835083 0.5308549404144287 3.438644796609879 0 0.2961423993110657 0.5098356604576111 6.012240327894688 6.840119600296021 21.20632242411375 7.187715753912926 0 0 0 0 0 0 0 0 0 0 1.025975339114666 0 0 0 0 0 0 0.1599655449390411 0 0 0 0 0 0 7.698988370597363 0.1398711502552032 2.908922508358955 0.9448398798704147 1.01654277741909 0 0.3498553931713104 0.5381055027246475 0 0 0 0 0 0 0.1044927760958672 0.4089160710573196 0.8800306618213654 0.226368635892868 2.184467293322086 0.2347936779260635 0 0.07908328622579575 0 0.1649138629436493 0 0 0.5690716058015823 2.262789979577065 0 0 0 0.2016159147024155 0.1517787873744965 0.4522199854254723 0.3009670972824097 0.2634289860725403 1.884954035282135 12.20113914459944 0 0 0 1.252317108213902 0.4626790136098862 0 0.1537133306264877 0.1313590109348297 0.2813077867031097 0 0 0.09372949600219727 0.364244244992733 0 0 0 1.239485993981361 0.5206616520881653 0.114846333861351 0.7816420644521713 4.118619322776794 1.461528018116951 0.3304962068796158 95.45856642723083 32.17778404057026 293.1456760242581 33.90029589086771 31.15467421710491 23.07622995972633 4.349157482385635 17.10642026364803 3.120710238814354 0.7065579518675804 1.924232266843319 0.4160023331642151 4.064954698085785 0 0.09839136898517609 0.3646726906299591 2.563852965831757 0
902.1718235388398 631.151351839304 2.602495297789574 0 260.6927043050528 568.5142915248871 1857.19077667594 0.439872220158577 229.7558532059193 3667.153941646218 5.35136353969574 965.0172994583845 1918.41578450799 117.9034306257963 4.714412018656731 0.9459178447723389 0 0.1411737352609634 0 0 0 0 0 0 0 0 0 0 0 0 26.24985298514366 0.3800444304943085 0.8671095371246338 0 0 0 0 0.1021822318434715 0 0 0.4634139239788055 0 0 0 0 0 20.08678328245878 2.427336856722832 0 0 0.8156103864312172 0.2695882618427277 0 0 0 2.642750844359398 36.95923637598753 50.15186585485935 4.063923113048077 7.39854983985424 0.2871570289134979 0 0 1.266961857676506 2.42057903110981 2.374443031847477 2.335106268525124 0.4165974482893944 0.504590705037117 0.7623397409915924 53.69219394028187 6.965088158845901 0.2910557985305786 77.26023098826408 5.946337252855301 15.5096123367548 1.967690899968147 0.2762294411659241 0 3.769963562488556 0 0 6.370111092925072 0.1015448793768883 1.234433308243752 3.728595390915871 1.604567602276802 0.1232264935970306 1.18138262629509 0.3153650611639023 0.3006889224052429 0.4700037240982056 0.1209669411182404 0.285961851477623 0.1377961188554764 392.5362886786461 3.351647078990936 0.2484509497880936 0 191.741719506681 0 0 0.2844667434692383 2.236922949552536 7.284298032522202 9.784212052822113 2.634141504764557 9.517991036176682 3.175058797001839 6.199480056762695 1.566359743475914 21.98793895542622 19.67536079883575 37.17876353859901 13.93943865597248 0.2259667068719864 0 0 0 0 0 0 0 0 0 0 0 0 0 0 0 0.2210104167461395 0 0 0 0 0 0 0 8.274727925658226 0 6.155912071466446 0 0 0 0 0 0 0 0 0 0 0.3398271650075912 0 0 0 0 0 0 0 0 0 0.264747828245163 0 0 0 5.436162561178207 0.1631991267204285 0 0.2068047821521759 0.1095265299081802 0 0 0 0 0 28.03861881047487 0.1473336070775986 0 0 0 3.866221114993095 0 0 0 0 0 0.200324535369873 0 0 0 0 0 0.2226796001195908 0 0 0 8.055968046188354 2.584673479199409 2.475215971469879 88.33950854092836 4.212555624544621 118.4773524105549 17.48076193034649 549.366882674396 6.933953508734703 1.521687209606171 4.533804215490818 6.946502357721329 0 1.480220794677734 0 21.25281567871571 0 0 0 0.9135491549968719 0.5186033844947815
260.4452072307467 3084.489180706441 467.4137020111084 260.6927043050528 0 38.88287404179573 3363.335474014282 29.53227984905243 6806.425631508231 2101.409342870116 512.0772396400571 344.4166015833616 1195.761983186007 1797.652265287936 97.91280324757099 11.67613960802555 1.507813215255737 2.224331557750702 0.2186246365308762 0.6946530938148499 0.6198870688676834 0 0.5318672060966492 0 0.3835936710238457 1.32910530269146 0.5063837021589279 1.218052923679352 2.190713189542294 0.1850982457399368 132.3934979960322 12.99932660907507 3.067345775663853 0.164246678352356 0 0.1364737749099731 4.195826709270477 1.319678507745266 0.1168515533208847 1.133372128009796 2.904354125261307 1.050996720790863 0.1929021626710892 1.188115023076534 0.1130408719182014 0.4652832597494125 276.5022515803576 21.11045206338167 3.833660177886486 1.12465500831604 15.11863537877798 0.1526456475257874 0 1.431786373257637 2.234781429171562 12.09959677606821 59.10396012663841 122.8974552378058 12.41849944740534 88.11377876251936 1.208024591207504 2.001464031636715 0.2374228835105896 20.8695415854454 14.8144656047225 14.3397708311677 16.95318087935448 5.840845055878162 2.961836718022823 3.485302224755287 20.12748463451862 67.87021633982658 0.2795964479446411 306.4005330502987 51.61517706513405 230.3083701431751 60.16399168968201 4.851283580064774 1.297357395291328 39.20755521208048 0.8046158775687218 5.53620982170105 27.20833396166563 0.3130791038274765 10.82478541880846 39.14310849457979 11.15577774494886 0.9140851199626923 15.70869822800159 0.3744787126779556 8.672065906226635 6.601535692811012 5.150993160903454 1.62590316683054 1.895139768719673 607.1680519431829 1.090242385864258 0 0.1262830048799515 71.83148054778576 0.7682311460375786 0.4211078584194183 5.119528718292713 4.975652322173119 20.62858127057552 28.02702035009861 7.555106654763222 31.57263646274805 18.09263604879379 22.39679963886738 13.52350345253944 108.3900365829468 116.5148726627231 218.0650826245546 106.6048220768571 0.2714341282844543 0.1802015006542206 0.242799386382103 0 0 0 0 0 0 0.2378834038972855 0.4269020557403564 0 0 0 0 0.2673858106136322 0 0 0 0.6613979339599609 0.7186534553766251 0 0 0 66.32410151511431 1.208065360784531 45.46239691972733 1.219185829162598 1.92026261985302 0 0 0 0 0.2089497596025467 0.1364599019289017 0 0.469412237405777 2.881811738014221 0 0.7977923452854156 0 0 0.4991943538188934 0 0 0.1227621510624886 0 1.632709160447121 0 0 0 42.67420576512814 0.2973397076129913 0.7707950174808502 0.1016647815704346 0.5680674165487289 0.2751450166106224 0 0.8974561542272568 0.3183107674121857 0.3215474784374237 212.7735867127776 5.400640428066254 0 0.6836836710572243 0 9.304486408829689 0 1.137311369180679 0.769123300909996 0.7243176996707916 2.156079709529877 0.1786355227231979 1.255739077925682 0.1280168443918228 0 0 0 2.069246649742126 0.1058572605252266 0.0945933535695076 0.112818069756031 81.737976975739 33.51879687607288 7.75313438475132 585.265783675015 179.0226881727576 1199.719558402896 249.1622627899051 177.8346626907587 82.53914551436901 31.70369064807892 164.7920315787196 25.62746699154377 0.5721490830183029 7.464252337813377 3.836349539458752 31.28176538646221 0.4423410296440125 0.3501295149326324 0.8043767958879471 11.91047649085522 1.798453882336617
450.326733097434 364.763047978282 2.385837957262993 568.5142915248871 38.88287404179573 0 129.3795558363199 2.514925971627235 11.5558592826128 602.7594048529863 4.302274689078331 59.2213716506958 79.54673038423061 19.83354984223843 0.6138552650809288 0 0 0 0 0 0 0.7359840571880341 0 0 0 0 0 0 0 0 15.94836492836475 0.1216034591197968 2.190563336014748 0 0 0 2.781662821769714 0 0.6530239582061768 0 0.1224293410778046 0.1179714202880859 0 0 0 0 3.976115360856056 0.3973728269338608 0.2107028514146805 0 0.7332794070243835 11.03133429586887 0 0 0.3701759874820709 2.583605423569679 79.80598601698875 62.66258168965578 10.18658524006605 2.563098564743996 0 0 0 0 1.328013397753239 0.7287235036492348 0.5257137641310692 0 0.2321985214948654 0.5269350409507751 45.54588370025158 192.0655293166637 16.05573610961437 46.21519966423512 0.7069899588823318 2.815959870815277 0 0.2051397413015366 0 5.912944257259369 0 0.1224221289157867 2.147762566804886 8.246721208095551 0.1635511368513107 3.263491958379745 0.138170525431633 28.55212372541428 2.130548417568207 18.29005952179432 0.387997955083847 3.322618708014488 0.1413586288690567 0 0.5824970602989197 101.5141706764698 32.33487741649151 20.87403543293476 7.489206656813622 370.7070642262697 0 0 0.7020288705825806 0.4058090448379517 0 1.583140134811401 0 2.381734311580658 0.4310191571712494 3.035101979970932 0.6811167001724243 5.443015843629837 6.902168914675713 10.03720572590828 3.718444228172302 0 0.1442724168300629 0 0 0 0 0 0 0 0 0 0 0 0 0 0 0.7886327803134918 0 0.3116710782051086 0 0 0 0 0 1.277309700846672 0 1.556702733039856 1.638534381985664 0.1965610533952713 0 0 0 0 0.1717639118432999 0 0 0 0 0 0 0.2057524174451828 0.5405472218990326 0 0 0 0 0 0 0 0 0 1.091960310935974 0 0 0 0 0 0 0 0 0 5.569341197609901 1.651350408792496 0 0.1509934663772583 0.342407688498497 0 0 0.9921038895845413 0 0 0 0 0 0 0 0 0 0 0 0.1722176223993301 0 1.419752568006516 1.007719859480858 0.3020983934402466 36.89751553535461 3.17936609685421 33.3925749361515 3.909147277474403 329.246580272913 6.237663060426712 0.1378606408834457 0.2710543572902679 7.015496537089348 0.113609291613102 0.8565569072961807 0 4.654149413108826 0 0 0.2502782642841339 0 0
469.5383191406727 3438.189052417874 39.18885042518377 1857.19077667594 3363.335474014282 129.3795558363199 0 8.461944572627544 3218.292257674038 3129.780695222318 115.497259400785 693.912618175149 8845.002867460251 1262.777345180511 34.6911501660943 8.902811288833618 0.5841993018984795 0.5299025252461433 0.4364894926548004 0.1224964559078217 0.1520770192146301 0 0 0 0.1098941192030907 0.2455808222293854 0.3903516232967377 0.2276128157973289 0.7452427893877029 0.1204447373747826 37.14723747223616 2.515153497457504 5.184696018695831 0.1718906462192535 0 0.7191678062081337 3.719664983451366 0.7440574690699577 0.9220995008945465 0 0.5775947049260139 0.5588492304086685 0.2825531885027885 0.8736929595470428 0.1173470020294189 0 79.62418182939291 10.30380784720182 1.361887753009796 0.6552741155028343 3.246652416884899 0.2625384703278542 0 0.6127689778804779 0.8822725787758827 5.137369051575661 32.50931846350431 41.29526048153639 6.221827417612076 29.7825910449028 1.416936352849007 1.354474313557148 0 3.506115034222603 3.087965212762356 4.379834301769733 4.194047048687935 1.922341071069241 1.40873758494854 2.850884042680264 47.44186259806156 31.10365982353687 0 120.3993716314435 15.50415206700563 66.20545809715986 15.17979647219181 1.715108171105385 0 27.29152557253838 0.3579239845275879 1.764108464121819 8.931368350982666 0 4.110338151454926 11.73098847270012 5.670915968716145 0.430756077170372 4.852986305952072 0.2280997708439827 2.819507256150246 2.170683041214943 3.235054776072502 0.4900649562478065 1.418792195618153 736.1168700158596 1.501653671264648 0 0.4512574151158333 81.3853851929307 0.2235381752252579 0.5063678026199341 3.481439530849457 4.138588398694992 19.03119979798794 18.5057494789362 3.985904574394226 28.51512037217617 14.81810246407986 17.08868052065372 7.499795287847519 90.13186044991016 98.37042302638292 154.1490674540401 77.3833080008626 0.474847786128521 0.3441321551799774 0 0 0 0 0 0 0 0 0 0 0 0 0 0 0 0 0 0.4737648069858551 0.1520026475191116 0 0 0 37.15986531972885 0 24.18717716634274 0.5966446399688721 2.008581310510635 0 0.1137580350041389 0 0 0.1795077919960022 0 0 0 1.668965227901936 0 0 0 0 0.1624689996242523 0 0 0 0 0.2369014844298363 0.6005417108535767 0 0 21.05841433256865 0.2749601602554321 0 0.1085957735776901 0.09807200729846954 0 0 0.13559190928936 0 0.2760667204856873 128.7380478978157 2.470006555318832 0 0 0 5.157710790634155 0 0.6079844534397125 0.6083257794380188 0.9582149386405945 0.7371752262115479 0.253947451710701 0.3362371698021889 0 0 0 0 0.3404482007026672 0 0 0 57.79992866516113 18.32458862662315 3.509698435664177 235.4586154595017 48.75298493355513 444.3128115981817 79.13265225291252 225.7619126141071 30.16391997784376 8.487882494926453 53.24443238228559 10.24699647724628 0 6.173782654106617 0.5542739406228065 25.70468193292618 0.6161928772926331 0 0 4.75775720924139 0.2736159861087799
609.6846480593085 718.4509810656309 2432.026519246399 0.439872220158577 29.53227984905243 2.514925971627235 8.461944572627544 0 85.92086527496576 1.431905433535576 1064.20718062669 1.038636192679405 44.22124692797661 500.926868185401 111.4997282475233 23.71828585863113 1.650514461100101 4.610146753489971 0.1433893889188766 6.496427834033966 22.95997236669064 0 7.090380728244781 1.070226043462753 10.64700646698475 2.659113466739655 4.556937605142593 3.901194982230663 0.9819056987762451 0 1627.247315756977 1810.715707100928 37.35241669416428 1.860037013888359 12.84398961812258 9.803660452365875 12.80356029421091 8.602656148374081 1.318551741540432 3.328136056661606 33.23866087943316 13.90494059026241 41.58085580915213 3.113070957362652 1.258446253836155 7.723379276692867 252.494780369103 29.0499250292778 5.081970281898975 14.00173658877611 13.72367807477713 1.345629051327705 0 6.535453222692013 1.664358876645565 16.6175165772438 157.822083465755 687.1747353747487 18.13087058067322 90.50730053335428 110.9470607638359 94.47374288737774 6.385425180196762 271.8051670864224 19.09065940976143 21.39417436718941 19.20991266518831 8.318231418728828 42.72059943526983 146.9012568667531 3.505212381482124 3.771728098392487 0.6015641838312149 603.1172454506159 128.3209336400032 299.8605926111341 126.104350708425 161.5724957436323 624.4642414972186 3402.503843210638 45.55515865236521 1683.682243563235 36.38651639223099 0.3400718942284584 16.79294495284557 44.84695894271135 36.25322999060154 0.358272597193718 15.51276514679193 0.6526510939002037 8.996344454586506 6.760641500353813 101.9791718572378 9.686267651617527 11.94685924053192 12.39580550789833 0 0 0 269.2134281247854 0 0.2992540001869202 0 0 0.8512932658195496 0.9204009175300598 0 2.043646901845932 0.4853247106075287 0 0 1.97845846414566 2.415532112121582 5.459906131029129 2.326184704899788 0.1365883648395538 0 0 0 0 0 0.2742490172386169 0 0 0 0 0 0 0 0 0 0 0.3802114278078079 0 0.1621061414480209 0 0 0 0 2.9118467643857 0 3.312439516186714 2.407069131731987 0.7974270135164261 0 0.2545416951179504 0.2983242571353912 0 0 0.4624273777008057 0.2482852041721344 0 0 0 0.3908399939537048 0.567790761590004 0 0.2939868271350861 0 0 0.3494230508804321 0 0.3218254446983337 0 0.4642234444618225 0 0.6735844910144806 0 0 0.1412708014249802 0.2763025462627411 0.4279845505952835 0.2533697187900543 0.09134416282176971 0.1507623046636581 2.599951595067978 7.159358277916908 0 0 1.148381814360619 1.013016603887081 0.1421545594930649 0 0.4157023131847382 0 0 0 0 0.3050417900085449 0.7151038199663162 0 0.2518272995948792 0 1.575132012367249 0.7451852783560753 1.123345397412777 0.4770016595721245 1.905619159340858 1.132755964994431 1.618672825396061 248.4906117543578 83.07123342901468 903.4069475755095 105.0677881836891 51.87464752048254 41.12557671964169 9.492887891829014 53.1848700940609 5.264468662440777 0.6976964473724365 1.554674670100212 0.4335144460201263 3.557832255959511 0 0 0.650368869304657 3.735759913921356 0.439360499382019
61.37321277707815 1536.131938204169 242.1372732296586 229.7558532059193 6806.425631508231 11.5558592826128 3218.292257674038 85.92086527496576 0 483.5677614957094 2219.386479951441 235.2826122790575 1648.181056499481 2076.105502717197 63.65486670285463 20.57082890719175 0.8097102716565132 0.6230171993374825 0.4014998525381088 0 0.4711757004261017 0 0.1325647532939911 0 1.104407697916031 0.4967879951000214 0.6918435841798782 0.6304904073476791 0 0.2594898343086243 32.21158521622419 8.341380208730698 7.61692538112402 0.1423405706882477 0.6330898553133011 0.5268739312887192 9.601039059460163 0.4492266252636909 0.2972158193588257 0.3213089108467102 2.41322610527277 0.9221543073654175 0.5369523540139198 1.280900202691555 0.3811394423246384 0 129.3107638806105 2.29798349738121 1.783649057149887 1.050813063979149 1.714429952204227 0 0 0.3190763592720032 0.1798062473535538 2.373905770480633 13.81292143464088 19.97291007637978 5.430856950581074 19.17674867808819 1.415899343788624 2.057661592960358 0 11.89953459054232 3.00760293006897 3.102499410510063 2.321898236870766 1.438360884785652 1.898371331393719 8.064088493585587 18.61811421066523 67.19631059467793 0.1711390465497971 55.59014005213976 20.8832970187068 85.49752768874168 33.25661166012287 4.845681548118591 0.8691960647702217 73.0018158107996 0.1467176824808121 8.139688767492771 4.167483136057854 0.07591278105974197 1.878915429115295 6.2734240218997 3.509801834821701 0.1042397171258926 2.607855655252934 0.08450503647327423 2.508145987987518 1.95246884226799 7.912860989570618 1.929336152970791 0.558712549507618 537.8031200692058 1.290029481053352 0.1633320897817612 0.2621041908860207 12.225446164608 1.656855687499046 0.6532144099473953 3.477658249437809 5.460671111941338 38.34612780809402 27.81330724805593 5.990858405828476 44.55345576256514 13.3506932258606 20.25106827914715 12.17748457193375 110.007511921227 115.731448687613 228.1436294391751 118.0941684991121 0.6579785645008087 0.4433009177446365 0 0 0 0 0 0 0 0 0.09849173575639725 0 0 0 0 0 0 0 0.1615247577428818 1.275677502155304 0.5344408601522446 0 0 0 69.45152445137501 0.4643886983394623 43.08440193533897 1.879283182322979 1.119370602071285 0 0 0 0.2428925633430481 0 0 0 0.7005922347307205 1.901825413107872 0.233698844909668 0 0 0.1138315573334694 0.09729868918657303 0 0.1576669663190842 0 0 1.896848388016224 0.180841937661171 0.1908273845911026 0.4939958453178406 35.38449931144714 0.7608435302972794 0.1002774983644485 0.2565471529960632 0.1651837453246117 0.3380545601248741 0.2932405173778534 0 0 0 219.2075662314892 3.574486494064331 0.2598248720169067 0.1201066821813583 0.1116049885749817 10.06725937873125 0.1412779837846756 5.750119686126709 1.277824983000755 0.4187235236167908 1.548882998526096 0.1930482685565948 0.6684460267424583 0 0 0 0 0.3261334151029587 0 0 0 91.07861462980509 18.5530925989151 7.418591536581516 430.791262358427 71.0515569075942 522.608449421823 116.6255397796631 60.87980873137712 46.02368022501469 8.959343880414963 108.5053952857852 18.84113642573357 0.256017655134201 11.28575871884823 1.534746877849102 29.9239694327116 0.2380014955997467 0 1.202094592154026 8.735109232366085 0.8332468122243881
688.557060316205 1090.336301237345 16.02684959769249 3667.153941646218 2101.409342870116 602.7594048529863 3129.780695222318 1.431905433535576 483.5677614957094 0 14.79818300902843 3119.502627499402 4694.180154338479 308.7876033633947 6.306081131100655 0.7405401617288589 0.1197914928197861 0 0 0 0 0 0 0 0 0 0 0 0 0 18.71744307130575 0.4394486993551254 23.95334701240063 0 0 0 46.87409536540508 0.1155435591936111 0.5971909761428833 0 0.3713325709104538 0 0.3067801594734192 0 0 0 21.85250701010227 2.418853260576725 0 0 0.996780589222908 3.358257755637169 0 0 0.1848675161600113 1.361015148460865 34.59533607214689 32.64341319352388 5.775463230907917 9.350860074162483 0 0 0 0.7166202068328857 2.539474368095398 1.212910026311874 2.132653199136257 0.7874807044863701 0.5698461383581161 0.4220063239336014 535.1956235170364 100.6556390374899 2.27600622177124 56.48133082687855 3.56672790646553 17.46778752654791 3.624580129981041 0 0 42.60279622673988 0 0.2313360124826431 4.581743709743023 0.7488402873277664 0.3637090623378754 5.633999787271023 1.18956420570612 5.32803663611412 2.237096212804317 3.474704720079899 0.3803913742303848 0.5365623980760574 0.559773862361908 0 0 1400.832911670208 36.62959229946136 2.719649121165276 1.720928803086281 298.2703232467175 1.606456406414509 6.527489840984344 7.544030547142029 13.52358373999596 43.46829105913639 39.61554652452469 14.96767103672028 82.91643212735653 36.4596451073885 39.69308146834373 14.37548176944256 184.754559725523 169.1235538199544 368.2528540715575 140.4761470779777 0.4853864461183548 0.1806933581829071 0 0 0 0 0 0 0 0 0 0 0 0.3280521333217621 0 0 0 0 0 1.191027268767357 0.5513458847999573 0 0 0 88.84628926217556 0 55.06714472174644 2.139316841959953 0 0 0 0.3180036842823029 0 0 0 0 2.196781307458878 2.256375476717949 0.1537381857633591 0.876129537820816 0 0 0 0 0 0.119342029094696 0 3.414241507649422 0 0.5541605949401855 0 48.79442019760609 0.4177745282649994 0 0 0.1230704858899117 0.2935680449008942 0.1346781998872757 0 0.441472053527832 0 187.4276806712151 4.937960103154182 0 0 0 9.463541299104691 0 4.825261861085892 0.7514937222003937 1.069761320948601 0.3292754590511322 0.5388059169054031 0.5845711231231689 0.1514529883861542 0 0 0 0.24312973767519 0 0.2905114591121674 0 92.09354008734226 17.59449554979801 11.02975122630596 215.5322515815496 13.31255892664194 147.9742412939668 22.7402783408761 656.1029390841722 16.17984058707952 2.006513372063637 21.64882476627827 49.01494497060776 0.1601267606019974 11.63101048767567 0.9737449437379837 145.6013642549515 0 0 0.84943887591362 1.401835471391678 0
668.553101837635 1565.339238651097 2305.641772851348 5.35136353969574 512.0772396400571 4.302274689078331 115.497259400785 1064.20718062669 2219.386479951441 14.79818300902843 0 12.22628231346607 383.8657506406307 7533.719766892493 109.7700059190392 24.47224011272192 2.264547109603882 2.037410371005535 0.3897111415863037 0.6087420806288719 4.396408826112747 0 2.15167248249054 0.1144168451428413 9.390927463769913 2.150863975286484 2.928673401474953 2.076936393976212 0.2702091634273529 0.4855683445930481 444.2464235275984 190.0626205503941 233.2092341780663 0.3333297222852707 8.262434653937817 5.813500761985779 86.29129116237164 9.083086490631104 1.911455653607845 3.305491641163826 12.2835103943944 4.965032115578651 3.366720646619797 2.820159196853638 0.5575093030929565 1.091343894600868 239.1729925125837 16.29185377061367 3.758586667478085 4.273434221744537 9.140802100300789 1.058038741350174 0 1.229787886142731 1.363027423620224 11.37275732308626 58.82471565902233 230.1652047932148 10.84496285021305 63.32970199733973 5.042879223823547 36.35566234588623 2.486611716449261 39.52996092289686 9.907772623002529 9.749880284070969 12.21284333616495 4.96099080145359 12.67321904748678 38.421894274652 20.1956525593996 23.87663295120001 0 267.8671022132039 57.22853032499552 212.0858057066798 65.49081987142563 7.692436121404171 46.77920456975698 3481.562240049243 1.24663670361042 728.240793146193 19.06744492053986 0.1692858710885048 8.390188477933407 26.81497336179018 9.133218728005886 0.8477281928062439 12.15587973594666 0.757752314209938 6.954281643033028 3.834710948169231 36.38944315910339 4.285334050655365 5.53038389980793 98.62709265202284 1.513104185461998 0 0.3810048848390579 158.426667496562 0.9061493501067162 0 1.549063488841057 0.5906921029090881 6.030490159988403 4.848923146724701 1.120669990777969 11.12233240902424 1.407887578010559 2.411679342389107 2.889373183250427 13.31492644548416 14.45445431023836 47.4243702813983 22.16992450505495 0.1500568091869354 0 0 0 0 0 0 0 0 0 0.2018097639083862 0 0 0 0.6228940486907959 0 0.2253773957490921 0 0 0 0 0 0.4140994846820831 0 16.65846501290798 0.2183429449796677 13.53199622035027 2.944167599081993 0.5092536807060242 0 0 0 0 0 0 0 0 0.696840800344944 0.4056300520896912 0 0 0.8263600021600723 1.632238060235977 0.07878164201974869 0 0 0 0.1254064589738846 0.1982752680778503 0 1.726380914449692 7.648419186472893 0 0 0.2323892414569855 0.5457264184951782 0.1227057129144669 0.2861954122781754 0.6712166368961334 0.12546606361866 0.6700964719057083 40.19262111932039 0.3562727123498917 0 0.11655493080616 0.8616749793291092 1.628261864185333 0 1.401129007339478 0.3578856587409973 0.1135662645101547 0.8058104813098907 0.3104034662246704 0.2730947658419609 0 0.0881311446428299 0.2494775205850601 0 1.937809072434902 0.3486589938402176 0.5267047733068466 0 10.25445207953453 5.06345771998167 2.421826906502247 537.6160868853331 93.19496736675501 879.1818253397942 139.8278236240149 92.50178552418947 52.37752065807581 12.66146788746119 103.0078538879752 13.88080602139235 0.8227345421910286 2.95628472417593 0.9190519601106644 9.207365944981575 0.1490356922149658 0 0.1539342552423477 8.699435755610466 0.6141242459416389
47.98400953412056 118.9082114398479 14.14739383757114 965.0172994583845 344.4166015833616 59.2213716506958 693.912618175149 1.038636192679405 235.2826122790575 3119.502627499402 12.22628231346607 0 1110.398497790098 245.9250065237284 4.837964169681072 3.52456533908844 0 0 0 0 0 0 0 0 0 0 0 0.1481627821922302 0 0 0.4668633788824081 0 14.16434936225414 0 0.499379575252533 0 37.44784285128117 0.456356517970562 0 0 0.5708042085170746 0 0 0 0 0 9.500239111483097 0.6523200795054436 0.1451981663703918 0.1661852449178696 0 0.5798796415328979 0 0 0.09749680757522583 0.223634347319603 2.085257038474083 2.380868248641491 0.4525509923696518 0.6953180283308029 0 0 0 0.7739486694335938 0.3483803495764732 0.220841683447361 0.1337388306856155 0.3885589838027954 1.538871549069881 1.007354840636253 148.3256208002567 28.69851005077362 0.1509473770856857 7.175998836755753 2.261402443051338 4.378979995846748 1.63117416203022 0.7351581454277039 0.3819121122360229 35.68298080563545 0 1.063099026679993 0.1496537178754807 0 0.2728326469659805 0.7102393805980682 1.027825623750687 0.3868136405944824 0 0 0 0 0.9437457546591759 0 0.2851982414722443 2140.320630431175 118.1497299224138 1.781869292259216 3.176778495311737 17.62763199210167 0.9084756150841713 0 1.793059498071671 1.57043944299221 14.20393919944763 23.79273575544357 6.909296855330467 31.43755896389484 5.181208267807961 16.03456504642963 7.568342804908752 55.11716119199991 63.22557674348354 125.8830415382981 49.26915697008371 0.1509436070919037 0.1303033977746964 0 0 0 0 0 0 0 0 0 0 0 0 0 0 0.35451740026474 0 0 0.4604624062776566 0.3574288487434387 0 0 0 19.90920408815145 0.5012988448143005 12.6393383666873 1.186496153473854 0.8332729041576385 0 0 0 0 0 0 0 0.3372429609298706 0.3204134255647659 0.177013173699379 0 0 0 0 0 0.1256875097751617 0 0 1.039699718356133 0 0 0 14.54417245090008 0.1399840712547302 0.436888113617897 0 0 0 0 0 0 0 70.2142645791173 0.7013155072927475 0 0 0 3.36924509704113 0.3641138672828674 1.555658414959908 0.5948961824178696 0.7127943485975266 0.1087991297245026 0.1862983852624893 0 0 0 0 0 0.1368806213140488 0 0 0 50.23974443227053 6.035912185907364 2.618249505758286 69.38115200400352 4.992403022944927 42.9563542380929 9.075884714722633 53.54711085557938 3.185201980173588 0.4673962444067001 8.324008710682392 9.835828855633736 0 1.837328188121319 0.4025196582078934 22.27022139728069 0.3834972307085991 0 0.5447207093238831 0.8874676078557968 0.3664091527462006
174.6112852394581 514.902759745717 99.28288839012384 1918.41578450799 1195.761983186007 79.54673038423061 8845.002867460251 44.22124692797661 1648.181056499481 4694.180154338479 383.8657506406307 1110.398497790098 0 3211.181495696306 40.80783071368933 20.67861739546061 1.405058406293392 0.251208670437336 0.5375550910830498 0.5616753399372101 1.409468173980713 0 1.053132928907871 0.3985831514000893 1.50895232707262 0.6799939051270485 0.5632859840989113 1.649914965033531 0.4358269870281219 0 18.85428369045258 1.673751875758171 85.49841061234474 0.1225293949246407 1.627305045723915 0.6791666597127914 53.89460598677397 1.344262816011906 11.4707812666893 1.283925011754036 1.844138763844967 1.028378039598465 0.7357039228081703 1.013190478086472 0.2379698008298874 0.2159697860479355 62.33485904335976 1.523077800869942 0.4871579706668854 1.26967016607523 0.8366419300436974 0.3751464709639549 5.313571333885193 0.6556557640433311 0.126006618142128 1.225247167050838 8.197778962552547 16.03757625818253 3.462668150663376 5.251775525510311 1.25651590526104 7.465499855577946 0 6.60367988049984 1.466423965990543 1.949145525693893 1.195779971778393 1.113178670406342 3.234703414142132 10.54340402036905 322.825819388032 90.95682945847511 1.19951219856739 28.38024841994047 8.838630154728889 36.03943833708763 18.16094453632832 4.115690991282463 0.3122618123888969 169.1363049000502 0 5.412520915269852 1.332905411720276 0.2339390516281128 0.9135376214981079 3.827578462660313 0.990286260843277 0.3298443406820297 1.707493051886559 0.3038527816534042 1.458675563335419 0.8380042761564255 8.708207048475742 1.053848743438721 1.968636557459831 2498.710447147489 22.47782853245735 2.341205447912216 10.63916785269976 38.06663493812084 1.782692812383175 0.6681912392377853 5.676430471241474 2.702297605574131 35.1868833899498 33.10037818551064 10.88172240555286 44.58892048895359 21.89704965054989 21.59468173980713 15.16773643344641 117.6849751323462 141.3025322631001 266.5380651950836 126.7297136113048 0.7121816575527191 0.2321731150150299 0 0 0 0 0 0 0 0 0 0 0 0 0.1719236075878143 0 0.4439996033906937 0.1506536304950714 0 0.8975924700498581 0.461501456797123 0 0.3789159953594208 0 61.02136116474867 0.3687544912099838 30.33970966935158 1.969417303800583 1.202690288424492 0 0.1806624084711075 0 0 0 0 0 0.562924325466156 2.184849247336388 0.4319822043180466 0.8565591350197792 0 0 0 0 0.2180403620004654 0 0.6027332097291946 0.9024329334497452 0 0.4716103672981262 0.8321308344602585 32.07810281217098 0.5171439349651337 0 0 0 0 0 0 0.1613653302192688 0.1876699775457382 217.348427683115 6.272475749254227 0 0 0.1350747048854828 9.717087894678116 0 4.068552955985069 0.938028946518898 0.5634411945939064 1.453238099813461 0.3145362436771393 0.3718483299016953 0.2832101285457611 0 0 0 0.1140781566500664 0 0.4739909619092941 0 116.649526104331 21.93291135132313 6.977256417274475 250.2305868864059 35.23058811575174 233.6371272802353 48.31341601908207 108.6148107126355 19.41047076880932 4.171138606965542 59.6113388389349 14.34585443139076 0.5455042868852615 9.093803629279137 1.894759424030781 37.37215620279312 0 0 3.008571982383728 7.074463874101639 0
