0 2820.890617519617 1054.134805291891 1655.898535989225 473.4753291532397 40.15799190104008 341.7356260046363 150.667775452137 374.6413021013141 2085.49787543714 535.8542808070779 57.93811273574829 165.8198062926531 47.95899842679501 1.548462525010109 0.5583280175924301 0.09537418931722641 0 0 0.09191858768463135 0 1.150139838457108 0.08633507788181305 0 0 0.3149123042821884 0 0.5095229148864746 0 0 454.476474031806 1.114437453448772 3.379263304173946 0 0 0.07913681119680405 1.378693670034409 0 0.3961781114339828 0 0.4546199142932892 0.2414314746856689 0 0 0 0 36.74838900566101 2.231587685644627 0.1238105073571205 0.2338256686925888 0.8512989953160286 1.622338801622391 0.1870308816432953 0 7.767745897173882 6.90714193880558 240.4391261041164 1127.718967057765 18.93770509958267 21.36159332096577 0 0.4623356461524963 0 4.039612703025341 1.855377696454525 1.417445831000805 1.180819898843765 0.9451586678624153 0 0.2445109933614731 15.67074880003929 40.49628186225891 0 145.6293083056808 23.89832262694836 16.41598928719759 1.550469845533371 0.095821812748909 0.5506921336054802 1.846107870340347 0.07964175939559937 1.500637166202068 14.58456892520189 0.998291902244091 1.278440296649933 3.45880226790905 0.8844991996884346 0.1718470901250839 0.7618399262428284 0.8678129613399506 0.2785306498408318 0.7645987421274185 0 0.09657853841781616 0.1013277471065521 114.3133293092251 8.305526912212372 3.077840209007263 3.41188471019268 1179.716167896986 0 0.8687540590763092 1.630655825138092 0.628915548324585 0 7.930566802620888 6.782510131597519 4.453736782073975 9.517441108822823 13.08662861585617 0.9041339010000229 12.26650050282478 16.0082151889801 7.291818842291832 3.619074568152428 0 0.4528785347938538 0 0 0 0 0 0 0 0 0 0 0.1181033775210381 0 0.2098193615674973 0 0.3866667449474335 0 0 0 0.8492465168237686 0 0 0 1.617388486862183 0 2.331078037619591 0.6070443093776703 0 0 0 0 0 0 0 0 0 0.2534832060337067 0.1394771635532379 0 0 0 0 0 0 0 0 0 0 0 0 2.160330154001713 0 0 0 0 0.2679646015167236 0 0 0 0 6.147006057202816 0 0 0 0 1.784934863448143 0.7072760015726089 0.1522258669137955 0.1642947793006897 0.1889499723911285 0.1410119533538818 0.1337703019380569 0.142256423830986 0 0 0 0 0.09907540678977966 0 0 0 7.934669777750969 0.1492674648761749 1.610248930752277 140.6824683621526 12.30875404924154 96.1237410530448 5.750431202352047 787.6945618614554 19.38779199123383 2.627547949552536 5.901215262711048 7.119415014982224 0.2164976000785828 0.7751979976892471 0 34.54196751117706 0 0 0.1420523226261139 0.3201399594545364 0
2820.890617519617 0 1331.315342448652 1508.330777995288 4987.509570382535 62.57029576599598 2351.821011409163 269.7708862796426 3507.063216328621 1591.925345987082 1477.968420661986 83.34634147584438 309.7531485110521 159.5548919662833 24.32215730845928 0.9008201956748962 0.7780570238828659 0.6302227526903152 0.09842091053724289 0.417747974395752 1.194298110902309 0 0.107782781124115 0.7216141670942307 0.0915326401591301 1.026806376874447 0 0.5847824737429619 0.7615919336676598 0.09568864852190018 1988.871151261032 20.80582921952009 1.04489041864872 0.09337614476680756 0.1796862706542015 0.650708295404911 0.6054527461528778 0 0.1426367610692978 0 1.619970545172691 0.2908850312232971 0.4565272107720375 0.8548363000154495 0.28292366117239 0 275.830312140286 8.775990970432758 1.279652893543243 0.3737522810697556 1.070466227829456 0 0.1860324889421463 0.6280443668365479 16.43833783268929 18.60575046017766 187.5562930479646 823.9769964516163 23.80428506433964 91.19524308294058 0.5292684361338615 1.022066816687584 0.1136385351419449 98.11013708263636 6.231818608939648 4.485002689063549 2.929504446685314 3.064263895153999 1.067383363842964 1.968784920871258 9.035485059022903 1.674081116914749 0 281.2807165533304 72.9302569553256 149.3040169924498 58.00337397307158 1.372694671154022 0.9684985429048538 7.270999029278755 0.9460942894220352 3.255508534610271 35.35046605020761 1.87007637321949 3.652408733963966 7.484844461083412 4.687405556440353 0.07884714007377625 0.4857641831040382 0 0.4491345435380936 0.3480082154273987 1.062409840524197 0.4120097309350967 0.9652960374951363 26.86278086900711 0 0 0.4966403096914291 610.3026299774647 0 0.9364451318979263 1.157598361372948 1.876387059688568 0.4834972023963928 15.5674447491765 5.099432870745659 4.262871399521828 6.436311632394791 11.71479591727257 0.7682006508111954 10.94361381232738 13.36566978693008 6.918491892516613 7.791370898485184 0 0.1931639015674591 0 0 0 0 0 0 0 0.3040925264358521 0.1522585898637772 0 0 0 0 0 0 0 0 0 0.1343654543161392 0 0 0 3.860234990715981 0 1.988635450601578 0.6403758749365807 0.1388003826141357 0 0 0 0 0 0 0 0.378151923418045 1.327957540750504 0 0 0 0.3699043393135071 0 0 0 0 0.1314893364906311 0.1075346320867538 0 0.1160529628396034 0.1683038920164108 6.203556708991528 0 0.1068227291107178 0 0 0 0.09005974978208542 0 0 0 11.51317301392555 0.5375506281852722 0 0 0 2.005025632679462 0.777887374162674 1.897386342287064 0.559630773961544 1.060550257563591 0.2491000592708588 0 0 0 0 0 0 0.1007318273186684 0 0 0 9.565833337605 0.144460067152977 3.041937872767448 177.1306266337633 33.7492448836565 483.0576733499765 63.22448435425758 638.4980231299996 67.9460383951664 10.05357041954994 19.36285314708948 8.449822165071964 0.3069029152393341 2.143051750957966 0.136021614074707 21.44390770792961 0.4808246791362762 0.3878194689750671 0.7653002142906189 3.606909766793251 0.1470511704683304
1054.134805291891 1331.315342448652 0 40.78912165015936 461.5409091562033 5.152238577604294 66.01723425835371 4173.631120383739 1190.043467789888 27.03926438838243 2359.662648774683 1.386207692325115 43.96022120863199 155.2646844834089 76.03451465815306 63.08450526744127 12.94926654547453 1.65481673926115 0.5174772292375565 14.28386168926954 25.38968656212091 0.1551872342824936 10.6072091832757 4.791578464210033 13.19256906211376 1.869340568780899 5.576571576297283 2.536169022321701 1.696016483008862 0.1213190034031868 6345.662539832294 705.8423984870315 24.8469305485487 6.992110274732113 14.09062796831131 20.47070340067148 1.315899312496185 2.24172992259264 0.9552169740200043 1.034333728253841 71.88116010278463 4.731339745223522 2.099883802235126 3.166489295661449 1.441681049764156 2.008073903620243 216.1561065986753 6.801266722381115 2.591422140598297 4.203935116529465 1.59416364133358 0.8301293924450874 0.7452782019972801 1.227228857576847 12.87093435972929 13.12799166142941 157.1510724052787 974.9246652647853 17.34894281625748 52.71833518147469 41.63737219572067 20.70226944237947 11.86699022352695 185.4216161295772 5.745572097599506 3.954737044870853 3.266298718750477 3.149122223258018 4.102546669542789 80.49375624209642 1.332748346030712 7.754026509821415 0 215.5682364106178 86.10299101471901 105.7732996121049 68.47280874103308 24.2469382211566 341.0383582189679 1081.888870537281 190.3102960065007 555.7809428423643 29.34613098949194 1.778610967099667 2.810164853930473 5.325342297554016 4.384169839322567 0 0.3651464730501175 0.2737900912761688 0.5111452490091324 0.294524297118187 23.29322352260351 4.083477340638638 2.003208391368389 3.243232443928719 1.186898611485958 0.1679092645645142 0.4143303707242012 435.5367822647095 0 0 0 0 0 0.1563989222049713 0.8870985209941864 0.09057112783193588 0 0 0 1.654523901641369 0.7974884659051895 1.264764808118343 1.314019307494164 0 0 0 0 0 0 0 0 0 0.1164540499448776 0.4325931519269943 0 0.2201071977615356 0.2444631531834602 0.2587358132004738 0.4781396463513374 0 0.5669046342372894 0 0 0.5915123447775841 0 0 0 3.10504262894392 0.345097079873085 2.693780213594437 2.247903004288673 0.7540996894240379 0.6003208085894585 0.9235744178295135 0.4069120511412621 0 0 0.1645272225141525 0.1102697476744652 0.1121693179011345 0.3103611543774605 0 0 0.2399764880537987 0.4060309827327728 1.659285165369511 0 0 0 0 0.4812607318162918 0 0.1498580127954483 0.2569281756877899 3.863843694329262 0.14621202647686 0.09565765410661697 0.08215504139661789 0.09099875390529633 0 0.1345142275094986 0.2997491434216499 0.2039892673492432 0.6317086145281792 3.516941599547863 1.929968029260635 0 0 0.7240744233131409 1.945456311106682 1.316735357046127 1.698920711874962 0.1011158153414726 0 0 0 0 0.09593363851308823 0 0 0 0.2388268560171127 0.08133703470230103 0 0.106131874024868 0.580008365213871 0.3874418586492538 2.897830806672573 188.5166421309114 36.05850570648909 351.0954366624355 87.12666407227516 165.8000913336873 34.16200414299965 13.50496570765972 33.3492134436965 4.673339873552322 0.3138582855463028 2.652659378945827 0.1036439016461372 3.646121673285961 0 0 0.8651524111628532 30.51933974027634 0.1572178900241852
1655.898535989225 1508.330777995288 40.78912165015936 0 204.740416392684 274.848647788167 477.623572409153 3.361916579306126 29.24901899695396 2224.508565500379 12.190903224051 160.0885999798775 364.9880841970444 24.64841368049383 4.169340707361698 0.6625794917345047 0.4397056475281715 0.1633942276239395 0 0 0 0 0 0 0 0.2823547720909119 0 0 0.2792671173810959 0 85.98978216946125 3.828994780778885 0.5443430542945862 0.1015705317258835 0 0.1122193112969398 0.6015139520168304 0.1410836726427078 0.2397145479917526 0 0.1543535590171814 0.2657227218151093 0.08280299603939056 0.3303036391735077 0 0 67.83189655840397 2.569803394377232 0.1207606419920921 0 0.1847250238060951 0 0.176861360669136 0 6.215004496276379 4.600693248212337 70.68866569548845 176.0785029754043 8.691677004098892 27.09534247219563 0 0.281188890337944 0.1697431206703186 18.8843002691865 2.154924869537354 1.761169888079166 1.432522013783455 0.3420495763421059 0.2907226979732513 0.1764448061585426 17.2270325422287 2.281349152326584 0 84.51393412053585 21.66506917029619 38.01423648744822 9.086851999163628 0.583291620016098 0 1.670705951750278 0.269104853272438 0.2143718078732491 11.96005935966969 0.2556392475962639 0.9859377592802048 2.128348000347614 0.8615371808409691 0 0.2565409392118454 0 0.1046811416745186 0.1560515612363815 0 0 0.5474993735551834 31.86518017947674 0.336625799536705 0 0 451.1340413168073 0 0.5302248150110245 0.8941183090209961 1.657472342252731 0.1962610185146332 12.8843739926815 10.73384965956211 4.937958121299744 8.107815757393837 20.55401930212975 1.45373198390007 18.00963010638952 21.51132730394602 14.36307667195797 5.893401205539703 0 0 0 0 0 0 0 0 0 0 0 0 0.1122554242610931 0 0 0 0.214963436126709 0 0 0 0.7531469911336899 0 0 0 1.027196571230888 0 0.6983133256435394 0.1855589151382446 0.1371918022632599 0 0 0 0 0 0 0 0.1491167396306992 0.6202948987483978 0 0 0 0.1889503300189972 0.1468022912740707 0 0 0 0.1859437972307205 0 0 0 0 4.207467764616013 1.079087793827057 0.09762677550315857 0 0 0 0.1083326116204262 0 0 0 9.307856395840645 0.6349223107099533 0 0 0 3.072863936424255 0.6952308118343353 0.702221006155014 1.056888446211815 0.8772423565387726 0.7948972582817078 0 0 0 0 0 0 0.0868135541677475 0 0 0 13.18191020190716 0.7515209913253784 1.027947783470154 115.0910544544458 6.998541653156281 131.7925862669945 12.78040581196547 845.9259934052825 20.2343657836318 2.484751425683498 2.705354586243629 8.533456414937973 0 2.751974746584892 0.3244386613368988 41.62165892124176 0.3220157325267792 0 0 0.3315452039241791 0
473.4753291532397 4987.509570382535 461.5409091562033 204.740416392684 0 11.76800028979778 2185.783583402634 116.3298124149442 3705.658128164709 625.93722114712 508.0117952674627 104.6063981130719 65.7340140119195 18.92585332691669 35.32468493282795 5.499441586434841 0.9098386988043785 0.5384112074971199 0.2703897580504417 0.3008454069495201 1.008567713201046 0 0 0.2278092354536057 0.8950307592749596 1.346415616571903 0.4525485187768936 0.567138560116291 0.7143079042434692 0.2960668131709099 437.6057586446404 14.64091476798058 4.33000098913908 0.1043498963117599 0.104262113571167 0.4431188702583313 4.677874140441418 0.3863697126507759 1.564861536026001 0.1970858573913574 1.061804421246052 0.5793633386492729 0.2464534193277359 0.9945922195911407 0 0 210.0087453201413 5.904390230774879 0.9683212339878082 0.6015347763895988 1.66535996645689 0 0.1583026647567749 0.8397851064801216 9.432752668857574 10.9020674712956 50.01872596889734 156.2935440391302 6.973884262144566 53.71861893683672 0.4133879393339157 1.432360544800758 0.108822226524353 74.58376007527113 4.557161539793015 4.96071519702673 2.380344346165657 3.295484602451324 0.2135485708713531 1.149988040328026 10.9421698153019 8.4941076785326 0 116.9089093133807 39.51870229095221 127.5366653352976 63.66435678303242 3.428530529141426 1.025010392069817 13.40684199333191 0.7751233503222466 2.829601928591728 16.51573556661606 1.011052884161472 3.915552958846092 4.659431494772434 3.043216027319431 0.07545097917318344 0.4404436647891998 0 0.8556182757019997 0.2094406932592392 1.081912063062191 1.003192201256752 1.94434517621994 53.90224200487137 1.573478788137436 0 4.600838303565979 69.69657004624605 0 0.6719893738627434 1.468131378293037 1.594785824418068 0.3926897346973419 16.02241057157516 6.204384952783585 9.489330604672432 8.164218083024025 14.40517103672028 1.695583119988441 21.20619994401932 26.23004299402237 15.32104143500328 15.43540941923857 0.1421895325183868 0.3547819554805756 0 0 0 0 0 0 0 0 0 0 0 0 0 0 0 0 0 0.1331938803195953 1.751041397452354 0 0.1549345701932907 0 5.818853497505188 0 3.906790107488632 0.5845396667718887 0.4431589245796204 0 0.1303202211856842 0 0 0 0 0 0 1.999193117022514 0 0 0.1479711383581161 0 0 0 0 0 0.3804610669612885 0 0 0.1674163192510605 0 12.04139468818903 0.1253325492143631 0 0 0 0 0 0.194940984249115 0 0 31.73226626962423 1.302204951643944 0 0 0 3.944647006690502 0.588326632976532 2.421167232096195 1.746939025819302 1.715332351624966 1.804395571351051 0 0.5494189858436584 0 0 0.07872655242681503 0 0.09915304183959961 0 0 0 19.03290477395058 1.743015706539154 5.915983878076077 161.6221102550626 41.25936159491539 409.180115506053 105.3592743426561 250.9819128662348 71.11347630620003 18.33193270117044 25.70490705221891 6.14947348088026 0 5.581006832420826 1.451006278395653 25.41189113259315 0.4465092569589615 0 0.9251642823219299 1.340623028576374 0.1820727288722992
40.15799190104008 62.57029576599598 5.152238577604294 274.848647788167 11.76800028979778 0 56.92514141649008 1.505180783569813 9.489654630422592 459.0859891325235 12.22062732279301 104.3158327490091 142.7882602661848 29.38943462818861 0 0.07815694808959961 0 0 0 0.1659514158964157 0 7.112415641546249 0 0 0.2086077779531479 0 0 0 0.5599340945482254 0 1.769595190882683 0.09660883247852325 14.49684011936188 0 0 0.8410276770591736 11.62197948992252 0 7.476356759667397 0 0 0 0 0 0 0 1.09892638027668 0.1132553294301033 0 0 0.1429072916507721 19.67457661032677 5.331796512007713 2.114016860723495 0.27078527957201 0.4577929452061653 23.6953889131546 14.90881302207708 0.8265060111880302 1.14771269261837 0 6.017726749181747 0 0.2733531594276428 0.1101621016860008 0 0 0.2131052687764168 0 0 109.6374897658825 283.5106668919325 3.069656312465668 2.932659536600113 1.04804091155529 0.7564728409051895 0.2988277077674866 0 0 15.5796242505312 0 1.530038997530937 0.4814957678318024 1.179899871349335 0 0 0.1537059396505356 3.747662097215652 1.942643523216248 9.306349329650402 0.4563228636980057 4.838385239243507 0 0.1783758401870728 1.055412605404854 316.5949882417917 83.45787015557289 27.07728530466557 23.46265490353107 143.7407179772854 0 0.1639941185712814 0.3785660862922668 0.374847948551178 0 3.075848169624805 4.091170832514763 1.295513615012169 4.533629938960075 3.409376665949821 0.2672379612922668 4.583541221916676 7.299984067678452 2.229337356984615 2.363652139902115 0 0 0 0 0 0 0 0.164201483130455 0 0 0 0 0 0 0.1182638853788376 0 0.2716746628284454 0.1665313243865967 0 0 0 0 0 0 1.794460102915764 0 0.6322299093008041 0 0.1454351991415024 0 0 0 0 0 0.2010995596647263 0 0.3904223442077637 0.1256444752216339 0 0 0 0.8024670481681824 0 0 0 0 0 0 0 0 0 2.793886005878448 0 0 0 0 0 0 0 0 0 5.916989102959633 4.836768254637718 0 0 0 0.7474267035722733 0.3461975753307343 0.2872645258903503 0 0.9392630159854889 0.2582480907440186 0.1432769447565079 0 0 0 0 0 0 0 0 0 4.375899717211723 0.1725688874721527 1.518539667129517 35.87151249498129 0.285655252635479 2.206445798277855 0.4570927619934082 65.37738324701786 1.198929414153099 0.181664451956749 0.2167969346046448 3.557268381118774 0.1504827886819839 0.8673582971096039 0 14.3805587887764 0 0 0 0 0
341.7356260046363 2351.821011409163 66.01723425835371 477.623572409153 2185.783583402634 56.92514141649008 0 25.33202593773603 3073.831748843193 3331.859060071409 347.1443106457591 245.407345995307 1305.728119470179 145.8532615303993 56.24271233379841 11.1141916140914 1.312977127730846 0.3299234136939049 0.2118939533829689 0.4288416355848312 1.21088483184576 0.1233655363321304 0.239146500825882 0.5325471609830856 0.3061002939939499 1.772921301424503 0.1260998249053955 1.284072399139404 0.4926192536950111 0.1767065227031708 205.285404458642 15.69717662781477 12.47826638817787 0 0 0.3830830305814743 6.697265200316906 0.313092902302742 2.331291407346725 1.373446509242058 1.666918896138668 0.9583705514669418 0.2386574372649193 0.5817559510469437 0 0 266.9716542437673 5.738152429461479 0.1280659437179565 0.5748216956853867 1.703087687492371 0.2583241611719131 0.6187944114208221 1.76106308400631 8.16603247821331 12.47547581791878 43.44735741615295 127.4573514908552 9.289205186069012 56.47334329038858 0.2807584404945374 2.637082532048225 0.4930589273571968 72.37976961582899 4.547439001500607 3.479462422430515 2.64368511736393 3.43727420270443 0.4156937971711159 2.409730911254883 67.20976683497429 23.51131449639797 0 115.3470988124609 39.53537814319134 139.6359514445066 78.97788443416357 5.152976751327515 1.147099927067757 18.89349285513163 1.571043103933334 4.839017130434513 16.11304288357496 1.934477642178535 2.418521173298359 4.723791502416134 2.099289193749428 0 0.8451030701398849 0 0.408110074698925 0.4828633740544319 1.825260847806931 0.9314051195979118 2.314359158277512 202.5924603417516 2.685359299182892 0 6.190910153090954 105.3454111516476 0.1165260672569275 3.793514996767044 9.834991678595543 5.259370781481266 2.222379729151726 51.03512711822987 25.39735448360443 33.57233580946922 24.77902720123529 64.40886822342873 5.760811828076839 82.43847755342722 104.2781001850963 67.63814341276884 50.47584878653288 0.777518205344677 0 0 0 0 0 0 0 0 0 0 0 0 0 0.3920699805021286 0 0 0 0.3785693645477295 2.645178228616714 3.919461116194725 0 0.3955748975276947 0 26.95119170844555 0.374053418636322 10.41875142604113 2.695274770259857 1.094071954488754 0 0 0 0 0 0 0 2.465359583497047 7.713997058570385 0 0 0 1.328034192323685 0.3123563081026077 0.1322765797376633 0.1813129931688309 0 0 2.681205324828625 0 1.334940627217293 0.6903802752494812 34.23229119181633 2.464985378086567 0.3301092013716698 0.3116679787635803 0 0 0.1542178243398666 0 0 0 99.25844776630402 2.798666663467884 0 0 0 17.72382954508066 4.402040660381317 8.266994185745716 4.453844726085663 3.184955701231956 4.659850217401981 1.805302426218987 0.3596851825714111 0 0 0 0 0 0 0 0 71.20569331943989 6.891357980668545 14.82616724073887 283.9473791792989 55.24014595896006 497.7843988314271 170.6644262596965 531.9960756972432 94.32109670341015 23.48120431602001 39.7972217798233 23.41952934861183 1.271425306797028 25.95529095083475 3.619802594184875 94.07577469944954 2.716669455170631 0.7323009222745895 0.8623624369502068 3.620810627937317 0.4946030229330063
150.667775452137 269.7708862796426 4173.631120383739 3.361916579306126 116.3298124149442 1.505180783569813 25.33202593773603 0 678.0703514367342 3.961441993713379 1893.615192309022 5.087475948035717 108.8740014433861 256.9237415865064 112.263833321631 47.56822817772627 11.30073121935129 3.471960209310055 0.711764894425869 18.50897198915482 34.90775680541992 0.3789077550172806 14.3756912574172 6.857061810791492 15.08705019950867 3.518880128860474 3.584376879036427 1.881182201206684 0.6334773227572441 0.4666982814669609 2070.436492189765 1965.394644662738 35.12429996579885 6.74687784165144 14.26588356494904 21.29482891410589 1.777296394109726 4.494604051113129 2.056903444230556 1.081873796880245 65.11347028613091 4.748599752783775 3.750573426485062 14.3837665617466 3.190969616174698 4.863990128040314 376.546715233475 5.971329398453236 1.314476266503334 4.448888659477234 1.827027149498463 0.7605266347527504 0.3914021253585815 1.81929125636816 9.150768749415874 11.8295979462564 61.65539216250181 277.9615944027901 9.715208679437637 62.76134704053402 53.93377047032118 28.76159136742353 9.418792866170406 345.9047148227692 4.711014091968536 2.612720482051373 2.146695449948311 3.644692003726959 3.413549013435841 72.61565459519625 10.83690425008535 14.16588182747364 0 162.8023112639785 81.1989571005106 199.5140053108335 210.6942610368133 546.5029622167349 812.6878101304173 2350.998400621116 234.7361235320568 1326.074982404709 17.31161715090275 1.66316244751215 2.205277942121029 4.932852178812027 4.190581284463406 0.300726443529129 0.6164307817816734 0 0.4178509116172791 0.2544964775443077 19.88273824006319 3.065630510449409 2.336604952812195 15.81311693787575 0.5661893337965012 0.1167554706335068 1.067070685327053 31.01732601970434 0 0 0.2721034288406372 0.2881349921226501 0.3554348945617676 1.333514794707298 1.088023096323013 2.014720395207405 1.293797999620438 2.814465939998627 0.6989198327064514 2.858405023813248 7.220247216522694 3.639288701117039 6.182704478502274 0 0 0 0 0 0 0 0 0 0.107098713517189 0.6275212243199348 0 0.3685085996985435 0.2666938081383705 0 0.8945940136909485 0.3142410069704056 0.6199782714247704 0.2640635445713997 0 0.6940794438123703 0.1211553141474724 0.101657047867775 0 5.700666278600693 0.1422157734632492 3.556037448346615 1.676297843456268 0.8595907390117645 0.2324839979410172 1.591434292495251 0.163658082485199 0 0 0 0 0.192107617855072 0.2953299656510353 0 0 0.6688505634665489 0.2907645553350449 2.958517126739025 0 0.2944633066654205 0 0 0.4223139807581902 0 0.5274716839194298 0.1192268580198288 6.036504469811916 0.1302977949380875 0 0.09522426128387451 0 0 0.236570417881012 0.1144183427095413 0 0.9462843239307404 7.95496940612793 2.136855348944664 0.1197077333927155 0 0.8200452402234077 2.235483475029469 0.7157037109136581 1.299585059285164 0.4751384109258652 0.35923071205616 0.4176550954580307 0 0 0 0 0 0 0.07550054043531418 0.1425342857837677 0.2551793605089188 0 2.183108791708946 1.930513620376587 4.440106183290482 254.9031118154526 46.81609052419662 531.9384685084224 149.5864597409964 109.0315100550652 63.97925291210413 21.65760016441345 57.40256713330746 5.684921465814114 0.3834263980388641 3.490528590977192 0.2926114499568939 5.743930757045746 0.1156817525625229 0.1218220815062523 1.182357013225555 7.776571571826935 1.182744428515434
374.6413021013141 3507.063216328621 1190.043467789888 29.24901899695396 3705.658128164709 9.489654630422592 3073.831748843193 678.0703514367342 0 245.5842060297728 4656.971760652959 59.24761253595352 681.8369910046458 594.8728944212198 57.5578436627984 12.48479460924864 2.572123661637306 0.439088799059391 0 0.4572611972689629 1.262651607394218 0.1626408249139786 0.590265266597271 0.4583591148257256 0.4041522070765495 1.135219469666481 0 1.235175311565399 1.417985387146473 0.4721463024616241 429.5930183306336 19.0910465195775 12.93790217489004 0 0 0 6.085413388907909 0.4629493057727814 1.444354966282845 0.1169255524873734 1.587105453014374 0.7923689782619476 0.09368737041950226 0.7544862926006317 0 0.2922831401228905 231.7396520599723 2.882619567215443 0.38813167065382 0.411989763379097 1.053161770105362 0.08876557648181915 0.3896514028310776 1.085096970200539 6.457982182502747 9.951848104596138 34.29482077807188 116.9063335806131 8.066239774227142 46.10876566171646 0.3165437802672386 2.745808370411396 0.09836364537477493 64.72682317346334 3.812646470963955 2.255240373313427 1.526889272034168 2.324600525200367 0.9576534479856491 2.540037348866463 26.3312040194869 20.58984483778477 0 92.57922580838203 31.30033577233553 122.6504468098283 70.24777930229902 4.521150499582291 1.179405488073826 18.25624427199364 2.247196942567825 4.724454991519451 13.66954125463963 1.268754836171865 1.853552129119635 4.220321398228407 1.74092860519886 0 0.7750194258987904 0 1.237760551273823 0.7048300877213478 1.957274436950684 1.12337389588356 2.209049113094807 132.7257888838649 1.735843598842621 0 3.883273459970951 51.4455878213048 0 2.798493772745132 2.431778267025948 0.8767120093107224 0.8768737018108368 87.41303615272045 10.37192223966122 20.11513365805149 21.42101223766804 33.70752099901438 4.26305465400219 48.89447202533484 65.05542125552893 49.97731395065784 37.10951025038958 0 0.2299121022224426 0 0.1107600256800652 0 0 0 0 0 0 0 0 0 0 0 0 0.7608725056052208 0 0.1562777906656265 1.272599026560783 2.342364966869354 0 0 0 17.27727937698364 0 10.19759305566549 2.711416199803352 0.7297078371047974 0 0 0 0 0 0 0.1653300374746323 1.74219848960638 3.293298296630383 0 0 0.1084813997149467 0.4139728099107742 0.4005416706204414 0 0.6874649077653885 0 1.054769687354565 1.210529029369354 0 0.2054215222597122 0.3191229552030563 28.68743781745434 0.6406922787427902 0.3549350872635841 0 0.07203596830368042 0.2378060817718506 0 0 0.2668228819966316 0.2042899429798126 71.7098521515727 5.356075018644333 0 0 0 13.59277702122927 4.515986993908882 7.147255510091782 2.457840479910374 3.05030619353056 2.532646387815475 1.058820530772209 0.5153120309114456 0 0 0 0 0.07704708725214005 0 0 0 48.44163716584444 1.948159411549568 11.53468748927116 259.2531363219023 49.10819166898727 453.3601078763604 172.0040423646569 224.3432414978743 77.39076963812113 24.033507630229 43.6748346015811 20.29920037090778 0.6287042647600174 14.35075370967388 2.288673140108585 53.25241693854332 1.661214560270309 0.3247518390417099 1.19041596353054 2.491091445088387 0
2085.49787543714 1591.925345987082 27.03926438838243 2224.508565500379 625.93722114712 459.0859891325235 3331.859060071409 3.961441993713379 245.5842060297728 0 37.20822153240442 1447.166273593903 4946.171383701265 374.2956689372659 12.25940572470427 2.549667775630951 0.2599361911416054 0.5134496465325356 0.06843513995409012 0.1160062700510025 0.6826615631580353 0.1392149776220322 0 0 0.1537286937236786 0 0 0.2048185616731644 0.2242301106452942 0.5352127552032471 54.23932898044586 4.78420415520668 6.766482904553413 0 0 0 4.26262329518795 0 1.687476709485054 0.6042861640453339 0.3741040751338005 0.4770996272563934 0 0.1162612810730934 0 0.1034634187817574 99.05493005365133 2.362753890454769 0 0.1844275817275047 0.7143787518143654 0.6014851629734039 0.5511051043868065 0.7339900285005569 4.366889350116253 5.189947981387377 76.71430102735758 113.3041826114058 8.403025381267071 26.58336850255728 0.2982318252325058 1.64548248052597 0 22.53138054162264 2.02350577712059 1.479378648102283 1.479963771998882 0.7884670794010162 0.08540572226047516 0.8116147294640541 450.1057118698955 15.69598402827978 0 71.70281185954809 22.30730512738228 42.98735039681196 18.40522594749928 0.7806552052497864 0.6493989229202271 11.1098293736577 0.7691202163696289 1.299883961677551 9.996500991284847 0.1836177036166191 1.707460984587669 2.113373890519142 0.9627400934696198 0 0.1776812076568604 0.1387253254652023 0.09885697811841965 0.3436311483383179 1.004287950694561 0.2564606815576553 1.227042824029922 600.816397421062 7.026916682720184 0.1286779791116714 2.986777856945992 942.0379473492503 0.7883180901408195 9.76721753180027 9.78385129570961 8.255537644028664 2.555769667029381 119.5491586625576 68.61318054050207 64.41564147919416 56.98534838110209 169.8284571170807 10.01044747233391 152.4150952920318 192.1900521069765 117.2414625436068 62.62305868417025 0 0.427777387201786 0 0.2963294833898544 0 0 0 0.117532804608345 0 0 0 0 0 0 0.1130643412470818 0.4622636437416077 0 0.1798753440380096 0 1.650591716170311 3.412353962659836 0 0 0 28.29397270828485 0 11.36766223609447 2.270832605659962 0.6080864518880844 0 0 0 0 0 0 0 3.495301023125648 6.462153159081936 0.1328562349081039 0.1629217118024826 0 1.339488178491592 0 0 0.4561639577150345 0 0.5784315019845963 4.291501313447952 0.7018436789512634 0.2003781646490097 0.9779853224754333 35.45054064691067 2.62723296135664 0.9727082028985023 0.3853268548846245 0 0.366286113858223 0.1616217941045761 0 0 0 109.7614814415574 4.209513828158379 0 0 0 19.05147861689329 3.970419332385063 9.582109823822975 3.78543297201395 5.88995847851038 4.477909483015537 1.456108629703522 0.5010985136032104 0.3521919772028923 0.09649110585451126 0 0 0 0 0 0.3597388565540314 147.0247125700116 3.293369583785534 11.00696505606174 382.2417377084494 16.1725854948163 185.9122767597437 41.15432071685791 1609.600854605436 26.91287489235401 3.852285735309124 16.72869761288166 43.04029077291489 0.4507160186767578 22.86558552086353 3.602742582559586 270.6953635215759 1.065024748444557 0.3038021177053452 1.889230847358704 1.203516840934753 0
535.8542808070779 1477.968420661986 2359.662648774683 12.190903224051 508.0117952674627 12.22062732279301 347.1443106457591 1893.615192309022 4656.971760652959 37.20822153240442 0 166.6835948601365 2474.544306211174 3834.164345510304 157.1790753304958 59.21321122348309 9.40047512203455 0.9735839366912842 0.418368436396122 2.749937906861305 5.391328886151314 6.808580704033375 1.658910624682903 1.038423113524914 4.309950724244118 1.675824545323849 0.9220716655254364 6.670296177268028 9.552840389311314 0.4473642483353615 952.4540339261293 83.24514134973288 331.5941547900438 0.6730785518884659 1.243433907628059 7.55754704028368 62.20309641957283 10.2974765971303 49.42493579536676 8.108145751059055 14.70900223404169 2.606622003018856 1.226491875946522 2.281137570738792 0.5658392608165741 0.9416046962141991 437.147159293294 8.763940423727036 1.81326001137495 2.442331433296204 3.802746288478374 2.838818207383156 11.50107327848673 5.121327519416809 11.90369734913111 16.46749757602811 55.79147815704346 238.6769685968757 12.31575843691826 70.23245946317911 4.809013172984123 10.68728489428759 1.920931428670883 120.216179266572 5.884721733629704 4.654843986034393 3.325686931610107 4.506891224533319 1.565752051770687 14.91175439953804 280.9271186888218 75.58072665333748 0 148.4327082931995 64.43627165257931 209.3764593824744 164.6619188562036 17.92922669649124 61.69693680852652 286.5714665576816 21.30892590433359 34.90036177635193 21.90200367942452 3.067495014518499 3.659113150089979 6.643864836543798 3.853414196521044 0.241793304681778 0.9039960280060768 0.5756807774305344 2.355726473033428 1.381530113518238 6.040943369269371 2.960187181830406 6.765974782407284 112.0619596093893 8.366329051554203 5.657304346561432 38.32133386284113 83.69256365299225 0.2949039489030838 0.4183933362364769 1.027131453156471 0.2943157702684402 1.239528357982635 18.95216912776232 5.923520416021347 10.18851835280657 9.312130317091942 13.18505793809891 4.00337752699852 24.56308533996344 39.57074752449989 30.90496429800987 35.09477763622999 0.2808213531970978 0.2984174489974976 0.1249359324574471 0 0 0 0.3673395961523056 0 0 0 0.4087693840265274 0 0.09664180129766464 0 0.2713573798537254 0.2200688421726227 0.3129294961690903 0.8117630332708359 0.5859144404530525 0.4769590198993683 1.531106188893318 0 0.1042944490909576 0 19.89321710169315 0 14.12049385905266 3.995788425207138 2.595009610056877 0 0.2384019494056702 0 0 0 0 0 1.347276225686073 4.699288807809353 0 0 0 0.4208215326070786 1.119534857571125 0 0.1025298312306404 0.09169597178697586 0.5406264513731003 1.771212190389633 0 0.5827291309833527 1.272645585238934 31.69891446828842 0.5776370167732239 0.1483725160360336 0.3061557374894619 0 0.1099785938858986 0.1312639713287354 0 0 0.1134239658713341 62.9751481115818 10.15227565914392 0.6138392314314842 0.1474220752716064 0.1285160034894943 11.590835981071 4.59823389351368 7.458369888365269 2.981798097491264 2.632501304149628 2.667516998946667 1.145085044205189 0.1175076961517334 0.2831980735063553 0.1311469674110413 0.09608474373817444 0.06907843053340912 0.5546765103936195 0 0.1262058168649673 0 28.65407851338387 4.554760605096817 16.20983285456896 664.8139510154724 106.8707248270512 755.3760501332581 324.7712926343083 290.2409602105618 114.2111068964005 50.93644700944424 139.0407015755773 16.53475169837475 0.7807609066367149 11.23087478429079 3.068174973130226 26.26676496118307 1.350816518068314 0.9223982393741608 3.207218617200851 5.632793784141541 1.136370494961739
57.93811273574829 83.34634147584438 1.386207692325115 160.0885999798775 104.6063981130719 104.3158327490091 245.407345995307 5.087475948035717 59.24761253595352 1447.166273593903 166.6835948601365 0 2264.725057132542 277.7508802637458 4.235110923647881 3.731974877417088 0.6910254657268524 0 0.1042824164032936 0 0 1.664230391383171 0 0 1.078556135296822 0 0.09622209519147873 0.1490442156791687 0.8549486696720123 0 3.258259654045105 0.6903571486473083 32.57869070768356 0 0 0.1811463087797165 10.73173086345196 0.2374228239059448 9.036562889814377 2.049487665295601 0.4336284548044205 0 0 0 0 0 30.24483691900969 0.3495152592658997 0 0.08327260613441467 0.1074097529053688 2.056961327791214 3.81219158321619 1.416524097323418 0.194308415055275 1.083149380981922 7.982275366783142 5.381405726075172 0.8655544519424438 3.952738337218761 0.2904894649982452 0.4591625332832336 0 1.611466497182846 0.2017956227064133 0.0962478443980217 0 0.2482728138566017 0 0.09750484675168991 336.4974309951067 37.46668473631144 0 12.2410589158535 2.364934779703617 6.525719732046127 3.276745535433292 0 0 27.6498004347086 0.7475142776966095 0.9276970028877258 1.3420005813241 0 0 0.1802212595939636 0 0.1482347846031189 0 0.3277106881141663 0.1237534508109093 0 0.08987583965063095 0 1.653108507394791 931.2909121289849 3.923611596226692 0.7442857623100281 21.81474952399731 74.64762127399445 0.2398930788040161 3.23571614921093 7.301544457674026 5.185511648654938 1.225975312292576 65.30566082894802 28.40867710858583 41.15757473558187 26.81469169259071 64.20813974738121 6.263879023492336 80.2514790147543 102.198126360774 103.9328711777925 65.10700783133507 0.1927603632211685 0.4466433078050613 0 0 0 0 0 0 0 0 0.1880985945463181 0 0 0 0.564414381980896 0.2826749011874199 0.4463981464505196 0 0.2774355709552765 1.823656938970089 2.569114856421947 0 0 0 25.3488358259201 0 12.04844291508198 3.100969597697258 1.208670228719711 0 0.3803043067455292 0 0.1254948228597641 0.1249295249581337 0 0 3.211243763566017 6.117189787328243 0.3339547738432884 0 0 0.9571211040019989 0.2349013686180115 0 0.5104475468397141 0.1193701848387718 1.821171082556248 4.259148642420769 0 0.2764632850885391 0 38.83086697757244 1.343376435339451 0.8320135325193405 0.529462568461895 0.1101521924138069 0.1878928542137146 0.1057212725281715 0 0 0 99.89670003205538 3.372354231774807 0 0 0.1313246786594391 20.61526065319777 1.683179244399071 8.798446655273438 4.818013973534107 5.971044830977917 4.977153107523918 0.3189256936311722 1.391139790415764 0.3475030958652496 0 0 0 0 0 0 0 88.1324013993144 6.163186594843864 16.8692455291748 97.42155972868204 3.438676103949547 55.9819330573082 17.58979178965092 291.6372216194868 8.580826446413994 2.775920949876308 10.75395418703556 27.22611390799284 0.1432675421237946 24.85821508616209 2.439258567988873 109.9212154150009 1.403821796178818 0 0.9698672592639923 0.2163352072238922 0.7130697071552277
165.8198062926531 309.7531485110521 43.96022120863199 364.9880841970444 65.7340140119195 142.7882602661848 1305.728119470179 108.8740014433861 681.8369910046458 4946.171383701265 2474.544306211174 2264.725057132542 0 4429.91319090873 58.84654176235199 27.7191443964839 4.469624504446983 0.721324235200882 0.5224826261401176 1.466427363455296 1.483989357948303 7.885386496782303 0.1209313273429871 0.2186823710799217 2.585328511893749 1.179412566125393 0.4661759436130524 2.315898932516575 8.724309630692005 0 40.23990501463413 8.149525135755539 911.0081930831075 0.4858779758214951 0.7131454944610596 2.303806215524673 110.8787249103189 4.3527537509799 84.81395339220762 5.609193101525307 4.168080382049084 1.303659357130527 0.09539686143398285 0.2780775278806686 0.1277967542409897 0.3279088139533997 185.6156608238816 0.7971017807722092 0.1718375384807587 0.3842306211590767 0.5083760470151901 6.282908022403717 19.8788293749094 4.264715723693371 2.931072235107422 6.131280213594437 26.67368596792221 29.32507912069559 4.264217756688595 24.72407947480679 3.050211854279041 5.590507864952087 0.214055247604847 28.05121942609549 1.146129406988621 1.638420648872852 0.7884180769324303 1.116656497120857 0.2761927470564842 4.189637273550034 758.8492823839188 124.1289312914014 0.2550651654601097 38.48527635633945 13.0732317045331 58.76208751648664 48.9790900349617 5.541940987110138 0.5158160105347633 138.4085688665509 5.689244739711285 7.001005582511425 8.739033877849579 1.22852985560894 0.5655779801309109 1.104245323687792 1.434064246714115 0.4343621507287025 0.8443484157323837 0.2993383705615997 1.442946262657642 0.7655953764915466 2.456963919103146 1.017754666507244 3.420901343226433 1777.726359315217 16.45308041572571 8.396551877260208 168.4019092917442 106.995077393949 0.9919260293245316 11.43836065381765 15.20843440294266 9.92109165340662 5.80048706382513 172.6858112215996 55.56981598585844 93.08005174994469 76.36075644940138 168.1880215406418 22.03225950151682 225.9190670922399 295.3531280383468 238.2826736420393 172.8181280642748 0.8391736745834351 0.1387621313333511 0 0.5526759028434753 0 0 0 0.3337799310684204 0.2281503826379776 0.1273628175258636 0.158733531832695 0.2215893268585205 0.1160059943795204 0.3173288702964783 1.952281281352043 0.2162038683891296 1.666216291487217 0.118935614824295 0.3906165733933449 6.055923089385033 9.797875992953777 0 0 0 70.54897956550121 0.2903192490339279 40.44812168926001 8.345392324030399 3.523047395050526 0 0.5099746659398079 0.1335796117782593 0 0.1694759875535965 0.1260647922754288 0 8.877928748726845 23.01467284560204 0.5734317377209663 0 0.3228892385959625 2.741600260138512 1.153360247612 0 0.6197507977485657 0 2.604924030601978 7.071906447410583 0.3465420454740524 0.7006257027387619 1.786319389939308 121.3743565455079 2.6926199644804 0.6709731593728065 0.6378453150391579 0.2790338322520256 0 0.227129340171814 0 0 0.2082885354757309 333.4829718694091 17.79417791217566 0 0 0.3352730050683022 56.78647755086422 13.82430898398161 26.82608530670404 14.54317067563534 14.59928196668625 12.75367713719606 4.274421691894531 2.044550135731697 0.4031370431184769 0 0 0 0 0 0 0 228.7574743330479 17.76003987342119 47.79228038340807 466.779293499887 45.46031522750854 369.0704701244831 173.3268704265356 504.3183658495545 48.94262846559286 19.36362639814615 74.27941685169935 71.7901838645339 1.734657481312752 68.36137599498034 9.01369608938694 249.2603451684117 6.449580438435078 0 6.952534690499306 3.225801803171635 0.5261766761541367
