0 1875.893069818616 512.4157477840781 728.59048756212 331.0642681643367 174.1651293933392 598.8245664685965 53.6652931496501 40.65892807394266 888.5287670791149 146.3824530318379 16.70257925987244 322.9381445944309 47.63039940595627 1.876938849687576 0.5392752811312675 0 0.2968338131904602 0.1087870970368385 0.2511658072471619 0.1570544987916946 6.827862203121185 0 0 0.2187332957983017 0.09830263257026672 0.4231106489896774 0 0.387724943459034 0.6301636472344398 1258.148552499712 1.934613853693008 6.794265061616898 0 0.6059691607952118 0.2679927945137024 2.074789844453335 0 0.1228030920028687 0.3522967547178268 0.45644261687994 0.3221069350838661 0 0.1315262466669083 0.1300562173128128 0.09212546050548553 33.50089744478464 16.37098304182291 0.1996610909700394 0 2.101981766521931 11.91126941144466 1.436542928218842 0.4796883761882782 4.446420550346375 9.602209255099297 113.5609058067203 373.272668980062 37.31647393107414 27.52549456059933 0 0.6704951450228691 0.1223710402846336 37.01676094532013 8.454770028591156 5.691989593207836 3.377013325691223 1.768122762441635 0.4505148977041245 0.5639403909444809 7.249055042862892 62.60592292249203 1.819019049406052 104.0827329829335 37.04765833169222 14.30602890998125 2.222091272473335 0.250506803393364 0 11.75208755582571 1.262297749519348 4.823802456259727 17.13305185735226 2.406205013394356 4.961704008281231 13.81856243312359 1.373280145227909 4.13723985850811 1.557730637490749 10.03250770270824 0.4241322726011276 1.583690866827965 0.201896034181118 0.3383990228176117 0.8558889627456665 395.4188548922539 24.32636666297913 5.586981430649757 1.975973606109619 1043.172717362642 0 8.173649743199348 9.977002903819084 2.479664161801338 4.117023058235645 3.072983548045158 15.33407354354858 7.76498356461525 2.175848007202148 20.88472363352776 5.697453796863556 14.62021042406559 7.186359383165836 3.097326785326004 1.436887979507446 0 0 0 0.2083701193332672 0 0 0 0 0 0 0 0 0 0 0 0 0 0 0 1.403631269931793 0.2312204986810684 0 0 0 0.6992800831794739 0 0 0.09928002953529358 0 0 0 0 0 0.3331722766160965 0 0 0 0.4507669359445572 0.09750968217849731 0.1825354099273682 0 0 0 0 0 0 0 0 0 0 0 1.830524817109108 0 0 0 0 0 0 0 0 0 1.759901382029057 0 0 0 0 0 0.08691627532243729 0 0.4931805580854416 1.555047824978828 0.2963203191757202 0 0.5881224870681763 0.09847671538591385 0 0 0 0 0 0 0 1.927715107798576 0.4925590306520462 0.7564602494239807 86.54188822954893 15.08038184046745 141.5984181761742 37.40782874822617 1117.234370917082 30.4743736833334 5.810090415179729 4.866207040846348 2.960879966616631 0.1376649886369705 1.110221348702908 0 23.52059428393841 0 0.2865541279315948 0 0 0
1875.893069818616 0 1649.258909642696 1387.699580021203 1868.871878199279 877.1147608086467 4354.86813236028 288.1219350099564 846.481574319303 1607.801647536457 1127.331528909504 84.2107060700655 2765.531503289938 797.7606262937188 12.60673615336418 2.357594609260559 0.3609215244650841 0.4340768083930016 0.8147980198264122 0.27220568805933 0 0.9289345741271973 0.1131734624505043 0.3302062526345253 0.9158132523298264 1.328573189675808 0.5151316896080971 0.6907636895775795 1.111160159111023 0.2472677081823349 2016.582135558128 36.68942967057228 35.74019980430603 0.1916215345263481 1.02897173166275 2.684568174183369 10.72780295461416 0.787252739071846 0.9019903689622879 0.4487418755888939 1.503278329968452 2.258107140660286 0.1282674670219421 0 0.5468097552657127 0.7551410645246506 170.0463649854064 56.01062693446875 1.55223248898983 0.1342551112174988 7.714483477175236 5.336230404675007 0.3702475130558014 0.6108103767037392 13.14023508131504 30.00001288950443 75.92972357571125 595.7282535731792 32.53140037506819 92.54617754369974 0.61052106320858 4.566381596028805 1.340852424502373 176.0436641275883 27.07088715583086 19.97311908006668 14.18567603826523 8.162586592137814 2.32475122064352 1.561353899538517 20.2636700719595 14.84188819676638 0.5765057355165482 230.6090847179294 214.7981647625566 82.15362734347582 34.77427026629448 2.499829009175301 2.48634397983551 24.67739173769951 1.507803067564964 14.62818405777216 46.09389116615057 1.953370489180088 19.49964632093906 60.35666537284851 9.223692335188389 0.6265933066606522 1.515461936593056 3.684856377542019 0.8636661618947983 1.15230069309473 0 0.2022996693849564 0.8514581099152565 394.2330157458782 10.03833661973476 0.7032239735126495 1.747750945389271 1342.765334106982 2.230631962418556 16.36357508599758 29.24819122254848 3.751397922635078 12.60801006108522 13.9400498047471 29.81829163432121 31.3389345407486 10.08164073526859 56.15490551292896 18.43336976319551 42.18478988856077 31.68699929118156 14.25316351652145 5.646340645849705 0.1010068729519844 2.118915781378746 0 0 0 0 0 0 0 0.8139019906520844 0 0 0.1179662868380547 0 0 0 0 0.09010206907987595 0 5.038695320487022 0.1606641560792923 0 0 0 2.343913123011589 0.4849319308996201 0.6433836445212364 0.8226552605628967 0.2167603224515915 0 0 0 0 0.1175117120146751 0.6001712083816528 0 1.372736312448978 1.741713210940361 0.6178749352693558 0 0.124769538640976 0 0 0 0 0 0 1.05034064501524 0.237910658121109 0 0 6.943773776292801 0.5475300252437592 0.2428885251283646 0 0 0.09434492141008377 0 0 0 0.9413089752197266 12.35847367346287 0.2524016574025154 0 0 0 0.227706715464592 3.125401370227337 1.838553600013256 1.150094337761402 4.785055458545685 2.167767055332661 1.045136407017708 1.093591347336769 0.3272655457258224 0 0 0 0 0.198038250207901 0.2112734317779541 0 9.277802512049675 0.1829598248004913 0.8274265378713608 361.3297485411167 75.16641961783171 634.3338989838958 178.0664287135005 2031.944309987128 80.77476412057877 17.51270125061274 59.18225515633821 13.75800663977861 0.5732907801866531 10.25718511641026 1.42796415835619 57.61644786596298 0.4313254356384277 2.057198204100132 4.000123083591461 1.203978359699249 1.093588188290596
512.4157477840781 1649.258909642696 0 24.40932169556618 338.4488106146455 98.76944823563099 83.85199262946844 1807.795021928847 864.3182336017489 332.2894260436296 4092.252978257835 21.13784484565258 92.40369164943695 1670.500389762223 9.562250852584839 6.419180303812027 1.304244011640549 0.4503870457410812 0.533435620367527 3.078521706163883 3.693304404616356 0.2689971327781677 16.53777392953634 3.003793284296989 17.63072008639574 2.055071458220482 6.957766748964787 2.825402833521366 0.5183541551232338 0.3346506059169769 2920.046417199075 334.1423636972904 112.8858049809933 16.34026526659727 58.97228837013245 45.85585469007492 40.40701232105494 12.58509124070406 10.35886310786009 9.378272026777267 31.78963586688042 13.00528687983751 4.532464236021042 0.6982485204935074 4.419088579714298 14.18224835395813 65.21704634279013 18.4544944241643 2.402893222868443 1.920850805938244 37.32105877995491 1.006552018225193 2.373845674097538 5.639534026384354 1.865130640566349 7.142605401575565 30.35099590569735 484.7790224030614 12.86496970802546 26.46948156505823 39.63354167342186 80.12434911727905 73.64364597946405 351.3288841992617 6.634567618370056 18.14455144107342 17.98893624544144 22.76865428686142 43.71464702486992 68.62709525972605 37.93489944189787 11.94239357113838 0 84.86333641409874 206.8658464550972 40.89732869714499 79.97547639161348 8.713583722710609 72.34758450835943 639.1351956501603 81.29330343008041 1350.873118646443 13.44840598106384 0.09444862604141235 6.930151969194412 18.55505589395761 15.87043178081512 0.2400572821497917 2.733409829437733 0.2522812187671661 3.364073358476162 1.253491207957268 15.3958865404129 5.911899968981743 1.307570591568947 163.3885831385851 16.77959718555212 2.124696493148804 6.856300517916679 527.3574164435267 1.052943527698517 15.41386498510838 42.4243271946907 4.238334625959396 19.56627640128136 12.61730182915926 25.92325194180012 40.83618521690369 13.15601195394993 54.06341536343098 26.0608452335 65.15616305172443 33.90694261342287 20.00472712516785 12.85482997447252 1.617703326046467 4.391662947833538 0 1.897497937083244 0.2653741389513016 0 0.6388474255800247 0 0.4658141136169434 0.4111082032322884 0 0 0.11977519094944 0.1976831406354904 0.2556964755058289 0.390628956258297 0.2348178699612617 0.2547212094068527 0.09893339872360229 8.214406684041023 1.543504163622856 0 0 0.2504738047719002 9.838266804814339 1.192586615681648 3.318737052381039 7.564037293195724 1.643776699900627 0.1095685213804245 0.1782916486263275 0 1.991642542183399 3.522211566567421 2.18860824406147 0.3131320029497147 2.956325501203537 4.709268160164356 0.624428391456604 0.3036301732063293 0.675579696893692 2.173386916518211 0.840814046561718 0 0 0.1055352240800858 0.5315153747797012 0.5707866549491882 0 2.909905485808849 0.8953505828976631 16.0040789693594 0.7624211013317108 0.7284898906946182 0 0.2101520746946335 0.2746399417519569 0.1516004800796509 0 0 0.7019658833742142 18.22834400832653 1.221767403185368 0.1955712884664536 0 0.3443800061941147 2.532295271754265 10.58481340110302 7.427024163305759 1.695133328437805 9.561836563050747 4.801305368542671 0.7552361041307449 2.878404006361961 0.3573790639638901 0 0 0 0.3691399917006493 0.1394159495830536 0.3606004565954208 0 11.77670750766993 2.320805974304676 6.508312240242958 249.4795557036996 31.53784849494696 187.0898710787296 58.56967944651842 419.9020780622959 21.27141090482473 3.889442726969719 53.88987006247044 33.30680671334267 0.382562980055809 14.13586647808552 4.463405676186085 83.11193618923426 0 0.2751568034291267 6.060391709208488 2.5047552511096 0
728.59048756212 1387.699580021203 24.40932169556618 0 229.5194930881262 494.1113990843296 1021.099831193686 1.889410093426704 193.0032327398658 2108.504841148853 5.299297899007797 94.32603044807911 1936.093582600355 49.58868519961834 0.8342786133289337 0.2075268477201462 0 0 0 0 0 0 0 0 0.3848468139767647 0 0.1451288610696793 0 0.1226678863167763 0.236205980181694 231.3373485952616 6.617020405828953 0 0.1043324247002602 0 0.1028699278831482 0.1033332422375679 0 0 0 0 0 0 0 0.2402384057641029 0 39.37587743997574 9.815617926418781 0.1086494028568268 0 0.9880579486489296 0.6146186739206314 0 0.08814115822315216 3.004528567194939 5.42449751496315 16.73659954220057 102.9176403358579 8.289375625550747 17.10936596989632 0 0.09909594804048538 0.1058207452297211 30.74810235947371 3.291997075080872 2.881252899765968 2.253681302070618 1.30559903383255 0.09983038902282715 0 0.8413385525345802 2.052974194288254 0 42.44157391786575 43.87422809004784 9.928082920610905 4.295855164527893 0 0 1.015718072652817 0 1.197290435433388 8.772671394050121 0.5054197385907173 3.593446597456932 11.26015428453684 1.475911773741245 0 0.2127686366438866 0.2096437811851501 0.2195586711168289 0.2256596758961678 0 0 0.1528673022985458 71.85822507739067 0.742777943611145 0.4736442267894745 0 226.1386900767684 0 2.761264353990555 2.913123562932014 0.1792581975460052 2.618999555706978 1.131388902664185 4.820964246988297 2.487818479537964 0.8673542886972427 8.074029147624969 0.9506090879440308 6.181803330779076 3.56962014734745 1.344549119472504 0.797960177063942 0 0 0 0 0 0 0 0 0 0 0 0 0 0 0 0 0 0 0 0.1400361806154251 0 0 0 0 0.3508616387844086 0 0 0.413275420665741 0 0 0 0 0 0 0 0 0 0.2659043371677399 0 0 0 0 0 0 0 0 0 0.1635677516460419 0 0 0 0.2342045307159424 0.1509944796562195 0 0 0 0 0 0 0 0 0.6436612904071808 0 0 0 0 0 0.2259716838598251 0.266556054353714 0.3890267014503479 0.674638420343399 0.152691975235939 0 0 0 0 0 0 0 0 0 0 0.8123331815004349 0 0 72.43379058688879 7.455140426754951 130.8516564890742 26.80582775175571 374.5615687593818 14.68880647420883 2.127897255122662 10.4618271291256 2.012015759944916 0 0.3884931206703186 0 10.49260008335114 0 0.2993055135011673 0.1537166684865952 0 0
331.0642681643367 1868.871878199279 338.4488106146455 229.5194930881262 0 62.72157444059849 2686.036124147475 21.82888326793909 2750.577889807522 965.2595723122358 749.5844038575888 64.12709841132164 613.7419711798429 1876.489695541561 6.620065927505493 1.09658519923687 0.4242373555898666 0.2999865487217903 0 0.1109244674444199 0 0 0.09364321082830429 0 0.3665117025375366 0.9251905009150505 0.1021799817681313 0.2389936000108719 1.513616882264614 0.1884825453162193 454.1731378659606 32.27318183332682 0.7679759413003922 0 0.3746106624603271 0.08117043972015381 1.168721474707127 0.2482575997710228 0.09927669912576675 0.2512830570340157 0 0.5100251361727715 0 0.2559301555156708 0.3213009983301163 0.09711481630802155 77.73858773708344 21.14730648696423 0.5887831449508667 0.3671253249049187 4.406024694442749 0.1537754237651825 0 0 2.986181311309338 11.00283331423998 18.57901710271835 134.3800554424524 7.641880571842194 31.12740825116634 0.3961984068155289 1.185970634222031 0.5365157574415207 86.10402172058821 9.519503436982632 6.97918376326561 6.682801574468613 3.784485831856728 0.887266032397747 0.3751940354704857 1.672854848206043 1.577777326107025 0 61.94187586009502 84.47209866344929 40.36294484883547 32.09472865611315 0.8345212563872337 0.2441614642739296 2.138040520250797 0.8884188160300255 3.497363030910492 12.4981227517128 1.305531777441502 5.920150697231293 22.30971094965935 3.714363649487495 0.1456399410963058 0.3661301136016846 0.09983602911233902 0.3816850036382675 0.4058006629347801 0 0.6575187593698502 0.96434485912323 113.680041782558 1.168160535395145 0 0.1056124642491341 94.68105110526085 0.2718727290630341 16.61658377945423 48.94399097561836 3.894396111369133 22.97343929111958 17.18249605596066 29.97051402926445 43.55206334590912 12.85253117233515 66.03592439740896 29.45429690927267 63.95349775254726 41.29706511646509 17.15078767389059 10.4434347897768 1.346775144338608 0.6917882561683655 0 0.3463493138551712 0 0 0.1460278481245041 0 0 0 0 0 0 0.6899532079696655 0 0 0.3169527053833008 0 0 5.10971911996603 0.3200090527534485 0 0 0 2.793464086949825 0.3399450108408928 2.2273955270648 0.2232837975025177 0 0.1569487303495407 0 0.4935500174760818 0.1945711374282837 0.2040304392576218 0 0 1.499897256493568 5.902131587266922 0.4070868417620659 0.1107028424739838 0 0 0 0 0 0 0 0.2696690261363983 0 0.7474893927574158 0.1148631125688553 11.2016469836235 0.5342934727668762 0.1072185486555099 0.2251250892877579 0 0 0 0 0 0.1691008508205414 9.505953431129456 0.2762157917022705 0.2050587385892868 0 0 2.382708787918091 4.499248519539833 2.708539724349976 2.978517062962055 6.177546665072441 5.101387932896614 0.2513978108763695 1.713440775871277 0.7516614869236946 0.1229697093367577 0 0 0 0 0 0 11.74734553694725 0.3105226904153824 1.917160160839558 305.3750419393182 59.55492839217186 298.1707999333739 121.8968298062682 250.1259148791432 36.48736193031073 8.134776502847672 58.54645247757435 20.62797515839338 0.1458795815706253 20.5556813403964 1.730734571814537 79.38783432543278 0 1.252200596034527 6.981477484107018 1.985077120363712 0.4855709373950958
174.1651293933392 877.1147608086467 98.76944823563099 494.1113990843296 62.72157444059849 0 275.7982123345137 1.760416269302368 15.72445296496153 532.8529749363661 6.326673150062561 40.71214307844639 121.7480348497629 14.39617614448071 0 0 0 0 0 0 0 42.78500281274319 0 0 0 0 0 0 2.17340075969696 0 218.1946597695351 0 3.483111865818501 0 0 0 0.6807574033737183 0 0.1954972445964813 0.3975363448262215 0.2311545461416245 0 0 0 0 0 4.48812174052 1.01285208761692 0 0 0.2132287472486496 114.4995728060603 5.174740210175514 2.869656339287758 0.1392278373241425 1.623082183301449 87.41383291035891 51.68492009490728 10.21022614091635 2.877450197935104 0 1.248949408531189 0 1.645463421940804 0.8278290927410126 0.3200444802641869 0.7497408762574196 0 0.2641877233982086 0 47.47263658046722 493.8462058007717 24.58877532184124 8.841349132359028 0.7296970784664154 0.8030568510293961 1.162282526493073 0.3484814763069153 0 2.09661865234375 0 4.425104558467865 0.8111369460821152 31.17679437994957 0.3688779473304749 10.91877091675997 0.09494785219430923 35.89148066937923 10.78108939528465 103.1029537320137 1.729637816548347 19.38871347904205 0.1500212699174881 0 8.430766701698303 272.3094587624073 134.6155705600977 54.73753644526005 13.08900874853134 326.3320606350899 0 3.679770216345787 4.672365456819534 1.046184241771698 2.061028361320496 1.392790004611015 7.795974239706993 3.762830168008804 1.356863185763359 11.32721401751041 1.031960755586624 5.278261661529541 5.308220654726028 1.480420723557472 0 0 0 0 0 0 0 0 0 0 0 0 0 0 0 0 0 0 0 0 0.5900747925043106 0 0 0 0 0 0 0 0.249801903963089 0 0 0 0 0 0 0 0 0 0 0 0 0 0 0 0 0 0 0 0 0 0 0.6133918166160583 0 0 0 0 0.3386707305908203 0.2821601331233978 0 0.4515300095081329 0.216043695807457 0.5531764328479767 0 0 0 0.5497780740261078 0 0 0 0.3101981580257416 0 0 0 0 0 0 0 0 0 0.6665859520435333 0.6044834852218628 0 0 1.879211366176605 0 0 20.9740374982357 5.795450828969479 11.94251992553473 3.98215539008379 286.2345293611288 1.658379077911377 1.919358536601067 2.254450485110283 0 0 1.324388086795807 0 5.621498167514801 0 0 2.181229114532471 0 0
598.8245664685965 4354.86813236028 83.85199262946844 1021.099831193686 2686.036124147475 275.7982123345137 0 13.91084042936563 1196.665903568268 4529.572410106659 211.4515911340714 197.7941246628761 2035.808856897056 272.9614565074444 13.01091250032187 1.624446906149387 1.016951031982899 0.5508290901780128 0 0.328546330332756 0 0.4874118342995644 0.3266913518309593 0.438255600631237 0.2311137765645981 0.9063163921236992 0.4204199686646461 1.262782245874405 1.048335388302803 0 432.4162293002009 34.1444755345583 1.952502228319645 0.2223956286907196 0.4420121386647224 0.612432137131691 1.983576580882072 0.5765977203845978 0.8382977917790413 0.3255312368273735 0.4993556886911392 1.0414679646492 0.1666767597198486 0.4148359149694443 0.4219397380948067 0.4403391107916832 129.36061604321 33.97932378202677 1.151678308844566 0.1911270469427109 5.975550562143326 1.659565716981888 0.2006520628929138 0.9978451281785965 4.939135290682316 19.37894120067358 26.40532114356756 236.8161368146539 11.24802023172379 58.65437423437834 0.3536769300699234 1.566714264452457 0.3018107637763023 137.9582970738411 18.32019082456827 12.71240194141865 11.19209253787994 6.375399276614189 2.439754597842693 0.8401825353503227 4.966464169323444 4.55684445053339 0.1225234344601631 113.4487711116672 150.2740905061364 59.97490562498569 42.08288136869669 1.889226034283638 0.5941651612520218 3.258683532476425 1.703737683594227 4.781214088201523 24.41111280024052 2.825887203216553 13.00287306308746 42.06519640609622 5.653860449790955 0.3035438805818558 1.08205246925354 0.2286375015974045 0.7458300441503525 0.825025849044323 0.3985998257994652 0.3205353170633316 0.9555563777685165 369.9078286215663 0.782353013753891 0 0 149.4679465889931 0.7466422840952873 25.43301832675934 83.43024516105652 6.490454569458961 47.31799684464931 30.22699398547411 69.831233933568 86.36805452406406 27.7468498647213 144.3354619964957 59.28658782690763 128.6445596218109 95.28078626096249 37.91634496301413 18.6123815625906 0.7026974856853485 0.2538250684738159 0 0 0 0 0.1029697135090828 0 0 0.4225741028785706 0 0 0.7117352485656738 0.1601116210222244 0 0 0 0.1061939746141434 0 12.177151247859 0.7718195915222168 0.2481600940227509 0 0.649828240275383 5.578553944826126 0.6376217305660248 2.113350108265877 1.845433861017227 0 0.215321883559227 0 0 1.826042324304581 0.1126626431941986 0.2197272926568985 0 2.395198732614517 8.343856640160084 1.090490475296974 0.2249310463666916 0 0 0.5341839492321014 0 0 0 0.1422619521617889 1.017669036984444 0 0.4224061369895935 0.127562016248703 15.19629203528166 1.335467770695686 0.283537469804287 0.4307575300335884 0 0.8945993855595589 0.725689709186554 0.2231099307537079 0 0.2792037725448608 25.36792529374361 0 0 0 0 3.404386207461357 8.697041742503643 7.937257751822472 4.206680223345757 9.313414894044399 6.443607516586781 2.629029229283333 2.409598179161549 0.945622518658638 0 0 0 0 0 0 0.9021469056606293 28.64459818601608 0.9143808931112289 3.725179590284824 441.4739002138376 94.88937141746283 518.5531129464507 183.6040596291423 665.3105391338468 66.27641584724188 15.52764481306076 100.4824546650052 26.77469865977764 0.8901141136884689 26.21341669559479 2.268764317035675 103.6388030052185 1.850354492664337 0.8870554119348526 4.080846853554249 2.267451152205467 1.180000051856041
53.6652931496501 288.1219350099564 1807.795021928847 1.889410093426704 21.82888326793909 1.760416269302368 13.91084042936563 0 339.7372139394283 45.02556766569614 775.09284055233 12.63744474947453 53.30857974290848 1068.806678727269 36.01723508536816 23.03502560406923 1.253631599247456 0.3591712415218353 0.109007216989994 1.25145398080349 1.3849738240242 0 5.582705117762089 2.459877170622349 8.834309063851833 0.9697946757078171 3.084172166883945 1.970007598400116 0.5911056771874428 0 2651.842249654233 961.1762554049492 65.68220298737288 7.37047179043293 20.60686352849007 22.2819542735815 13.0536562204361 8.425438068807125 3.439093932509422 6.337677538394928 15.41892319172621 5.895727314054966 2.91618886590004 2.043942168354988 3.885087452828884 11.79372592270374 173.1613289192319 22.19276244938374 1.263388179242611 2.168417423963547 16.59155985713005 0.5652346611022949 1.950765237212181 3.095079973340034 3.444200813770294 7.049820080399513 22.95964626967907 326.9904820695519 10.29296676069498 47.74322836101055 38.28719484806061 45.34356727451086 35.08115536719561 737.6761726513505 6.351006597280502 14.1787324398756 11.64097481966019 12.45684654265642 18.16528905183077 24.67360659688711 16.60753126442432 5.024633079767227 0 112.4280600622296 375.9554283544421 115.6297435462475 406.5995844677091 172.7269286811352 384.6980344355106 564.6850193440914 161.2502011060715 1572.43027870357 12.88407956808805 0.3748144432902336 6.098185710608959 20.67220925539732 6.102855511009693 0 1.835360564291477 0.2684847116470337 1.745294891297817 0.5582512840628624 4.064447365701199 2.845126271247864 1.076069042086601 120.768171146512 9.341494344174862 1.11346298456192 4.145046845078468 106.0851897522807 0.132174164056778 10.28933627903461 22.31582824140787 1.915519580245018 13.10782507061958 9.335466608405113 14.27225956320763 22.90376622974873 4.699818529188633 31.34534241259098 12.21739300340414 39.82531181722879 21.33847284317017 10.04220966249704 4.152164041996002 0.5584167763590813 1.461221307516098 0 0 0 0 0 0 0.1861431300640106 0 0.4007189869880676 0 0.2586373835802078 0.1802160888910294 0 0 0.1868810504674911 0.2886036336421967 0 3.458790123462677 0 0 0 0.6234494596719742 4.032004706561565 1.159350149333477 0.9428662657737732 4.117259591817856 0.8492393419146538 0 0 0 0.864180326461792 2.183117680251598 1.458720743656158 0 0.7118909731507301 2.881862170994282 0.1984789147973061 0.140541136264801 0.1220443248748779 1.400044664740562 0.9015240371227264 0 0 0.1890750005841255 0.1316560059785843 1.11021913588047 0 0.4026434123516083 0.1030412763357162 11.30440244078636 0.2559991180896759 0 0 0 0.1070475429296494 0 0 0 1.545457944273949 12.77903098613024 0.7591365426778793 0 0 0.3627330660820007 1.314558476209641 5.998602755367756 6.556453183293343 2.645999439060688 3.842193178832531 1.276190981268883 0.1652276664972305 1.623531512916088 0.3630147129297256 0 0 0 0.11595269292593 0 0 0 5.838525667786598 1.733918644487858 2.760565049946308 308.4424308240414 41.59970398247242 399.1762048974633 138.2474991753697 119.6003804728389 30.85793097317219 8.93948670476675 96.29671591520309 22.33018656820059 0.163329228758812 14.48674876987934 3.210774458944798 60.15225391089916 0.9763352423906326 0.6888736337423325 2.92320129275322 3.90666825324297 1.248243913054466
40.65892807394266 846.481574319303 864.3182336017489 193.0032327398658 2750.577889807522 15.72445296496153 1196.665903568268 339.7372139394283 0 1150.742703132331 4146.088195562363 104.5142601504922 1177.49891474843 1640.420044139028 15.34319701045752 6.768383957445621 0.8150965869426727 0.3364817053079605 0.1252233982086182 1.289254002273083 0 0 0 0.1041799709200859 0.2719344943761826 0.9413921609520912 0.5429121255874634 0.7516620755195618 1.764037974178791 0.2305009961128235 148.4296585395932 23.77542025595903 5.084813550114632 0.1081452518701553 0.1256181746721268 0.7916741818189621 1.756891280412674 0.1271360218524933 0.2549761235713959 0.6896501332521439 0.3349760547280312 0.2400359362363815 0.1428161859512329 0.3821380510926247 0.2769142314791679 0.3370004966855049 100.2931091338396 13.9141535833478 0.439884252846241 0.3307059928774834 3.453995756804943 0.3040178120136261 0.1685256808996201 0.3932124897837639 2.629776112735271 8.85077591240406 11.69061286747456 81.71166315674782 6.416289083659649 25.84332870692015 0.4256905093789101 1.575778618454933 0.2863929346203804 77.39093881100416 6.769417218863964 5.074041113257408 4.790398322045803 2.944604344666004 1.418717458844185 0.4392712786793709 9.317537717521191 6.034974977374077 0 46.89138431102037 85.59820394963026 47.76406007260084 49.49293856322765 5.327740743756294 0.2141151651740074 2.774991542100906 1.401482947170734 4.690983444452286 8.039488300681114 2.8482586145401 4.291512325406075 16.83135078847408 3.475277848541737 0.2264528870582581 0.5513693392276764 0.9340876042842865 0.5531621426343918 0.9237885475158691 0.1299826055765152 0.5038941130042076 0.5235103368759155 402.7714662253857 1.428709521889687 0.6010347008705139 0.1317168921232224 16.63229896128178 1.720682628452778 39.37379644066095 124.8949993476272 6.876707062125206 70.97728402912617 42.11206617206335 85.52899991720915 126.7942397147417 39.99528840184212 211.1579019129276 99.64600986242294 231.299940623343 150.9739344716072 60.84202392399311 34.17900671809912 1.157524891197681 2.129456669092178 0 0.2264215797185898 0 0 0 0 0.5858854055404663 0.1108322516083717 0.1158966720104218 0 0 0.7875556945800781 0.1110080257058144 0 0 0.1710948050022125 0 22.67856424301863 1.575613155961037 0.3674891293048859 0 0 10.83207908272743 1.030659861862659 5.283470287919044 2.872159786522388 0.4466319680213928 0.2849145829677582 0 0 2.461842879652977 0.7099434733390808 0.5934269577264786 0.4384885728359222 3.551008343696594 12.71239620447159 1.340798988938332 0.3759222626686096 0 0 0 0.1027907431125641 0 0.09399222582578659 0.1159791201353073 2.109047472476959 0.302262544631958 0.1622568964958191 0.4846399426460266 32.09331341087818 1.703853227198124 0.4887585639953613 0.3278717175126076 0 0.2113622277975082 0.9234327971935272 0.174886628985405 0 0.4988069981336594 45.89158884435892 0 0 0 0 6.277877554297447 21.75186432898045 12.17372353374958 6.975995987653732 19.27661857753992 10.43918254971504 2.664529085159302 2.249879762530327 0.3781481608748436 0 0 0 0.08387763053178787 0 0.108797699213028 0.1468808203935623 50.91923755407333 1.364903315901756 2.782867111265659 686.145964756608 82.26637287437916 348.7694971114397 205.9495199248195 236.1605468243361 41.41100811213255 14.6087688729167 171.2711698263884 40.03483362495899 1.367737784981728 47.19129098206758 3.420165821909904 173.0402563139796 2.635535642504692 3.744809880852699 9.414804890751839 5.556398123502731 1.761283844709396
888.5287670791149 1607.801647536457 332.2894260436296 2108.504841148853 965.2595723122358 532.8529749363661 4529.572410106659 45.02556766569614 1150.742703132331 0 147.1126093119383 432.7950676232576 5708.53003616631 367.0557717531919 1.532084599137306 0 0 0.1210451498627663 0 0 0 3.722640067338943 0 0.1477534770965576 0 0 0 0 0.2721103429794312 0 148.5353703573346 1.002707026898861 23.47166684269905 0 0 0 0.7464782297611237 0.1077718660235405 0.1233545914292336 0 0 0 0 0 0 0.2446213364601135 23.7096788957715 5.567774765193462 0.465903252363205 0 0.1804587617516518 5.72110603749752 0.3218937516212463 0.1772554516792297 1.486841730773449 2.60611679404974 9.573642201721668 80.53596208244562 4.973702304065228 9.358626574277878 0 0 0.6582555770874023 19.85364228487015 2.915871553122997 2.540375128388405 0.58159439265728 1.279748663306236 0 0 69.50075767934322 28.57701374590397 1.29937270283699 31.52930624783039 18.87475278228521 8.202958509325981 2.427731521427631 0.1708915531635284 0 1.921531327068806 0.3478291034698486 0.4857128113508224 6.133107610046864 2.705394998192787 1.606009438633919 7.66077820956707 0.9814066737890244 2.665870636701584 0.5030138045549393 4.509749315679073 0.2290614247322083 0.3590219765901566 0 0 0.6797086149454117 744.1414970606565 10.16527345776558 6.217357933521271 2.594812572002411 181.5360322669148 1.717840909957886 77.03959245979786 140.9383374601603 10.88728043437004 68.50617074966431 44.09269910305738 175.8654983639717 121.7140931710601 43.9488847926259 302.4023940190673 82.57099136710167 196.675243422389 138.7601169198751 52.77987209707499 18.81187476217747 0.5506710559129715 1.231908410787582 0 1.523434340953827 0 0 0 0 0 0.3596530556678772 0 0 0 0.2263650000095367 0 0 0 0.4085694849491119 0 23.01797779649496 0.5333146005868912 0 0 0 4.443353928625584 0 1.249267414212227 0.139332115650177 0 0 0 0 0.2169820815324783 0.8464115709066391 0 0 0.5627662613987923 5.217770852148533 0.8045329004526138 0.3857066705822945 0 0 0 0 0 0 0.5065938383340836 2.544825881719589 0 0 0 7.71744267642498 0.4087349772453308 0 0.2722225934267044 0.09220381081104279 0.5903300866484642 0 0 0 0.3929911106824875 22.94313046336174 0 0 0 0.3719093501567841 0.9766846597194672 5.973615974187851 2.04700380563736 4.599796339869499 11.01833195239305 4.796366259455681 1.643745571374893 1.244677022099495 0.3340144455432892 0 0 0 0.09277108311653137 0 0.1372512429952621 0 42.22530031204224 0 0.447826087474823 236.0619971454144 8.873778477311134 82.32828239351511 22.34945541620255 373.4894147068262 8.323922701179981 3.362932235002518 15.33890011161566 34.07689843326807 0.4969408810138702 22.18403708934784 2.480396196246147 219.4537622109056 0.31552454829216 0 1.660704404115677 0.3524137288331985 0.2692477405071259
146.3824530318379 1127.331528909504 4092.252978257835 5.299297899007797 749.5844038575888 6.326673150062561 211.4515911340714 775.09284055233 4146.088195562363 147.1126093119383 0 189.6701866164804 581.1993287950754 5205.104986310005 76.68658319860697 50.59232903271914 2.898876160383224 1.088745832443237 0.4581072255969048 2.179228059947491 0.5653560161590576 0.1128718256950378 4.335217513144016 1.286367699503899 13.82807832956314 5.01497408002615 2.672299541532993 2.967168971896172 3.536564201116562 0.4833524227142334 2527.279558904469 214.011012673378 798.0201415643096 0.0811636820435524 11.54557422548532 22.58561098575592 116.5697368979454 3.731272630393505 3.535711444914341 2.614136226475239 19.58115577697754 9.813544608652592 1.447186216711998 4.108240008354187 1.404861114919186 2.198456257581711 334.2623783051968 40.65235701203346 2.531063348054886 1.280779577791691 24.5359902754426 1.400744274258614 0.644493505358696 2.565347865223885 5.042954660952091 20.80276128649712 30.29772105813026 309.9419373050332 15.95489816367626 102.8338975980878 2.198357604444027 85.07694501429796 14.00580937415361 370.4177526608109 17.60749916732311 17.30204745382071 16.64573414623737 11.67360684275627 7.002524979412556 8.435732826590538 358.398894123733 24.19118132442236 0.3927011489868164 152.1675840951502 347.4843102544546 204.1201678588986 277.3700364381075 46.51891674101353 55.68401019275188 327.5768565908074 6.599136307835579 183.1500148326159 24.4419784322381 4.800166115164757 13.85493248701096 49.83315887674689 8.596781067550182 0.4035131111741066 2.643227472901344 0.8058507069945335 2.31634571403265 2.994802311062813 2.330814003944397 2.442363597452641 2.577068954706192 682.599036462605 47.51209574192762 1.760527342557907 6.778691433370113 192.300348199904 1.854836530983448 23.72096940875053 80.31946971267462 7.438193030655384 44.19661349803209 28.90822245180607 36.54729736596346 75.71742654591799 16.90208938717842 95.26984219253063 63.2709122672677 146.729182086885 84.26856999844313 43.98816375434399 33.04439354687929 2.236827082931995 2.289747297763824 0 0.6016054302453995 0 0 0.1349121630191803 0 0 0.1915733218193054 0.1188244670629501 0 0.2630944103002548 0.5569089353084564 0.2243245467543602 0.2325779348611832 0 0.2143547609448433 0.1824866086244583 12.97503717243671 3.170515082776546 1.039516240358353 0.6535589322447777 0 12.71889958530664 3.31658674031496 4.415668122470379 5.531134493649006 1.112786091864109 0.2639328986406326 0.2625830098986626 0.2715887725353241 4.198846183717251 1.947387136518955 3.074055820703506 0 2.570464760065079 13.4742239639163 1.259218797087669 0.5016238763928413 0.6642256528139114 1.116093449294567 0.4307365790009499 0 0 0.2032881081104279 0.0913999080657959 1.40470626950264 0 0.7599523812532425 1.615466564893723 37.9561428129673 2.246896311640739 0.251590184867382 0 0 0.2450480312108994 0.2126913368701935 0.2424993366003036 0 1.537853240966797 43.8117943406105 1.752683542668819 0.139994740486145 0.09547485411167145 0.1893187761306763 4.371525831520557 24.67868626117706 11.56134512275457 4.07581552863121 15.19087815284729 9.925217054784298 7.524001784622669 4.315972693264484 1.241813033819199 0.1911118105053902 0 0 0 0.2349569275975227 0 0.1096685528755188 34.23784253001213 3.954211294651031 9.647518217563629 1310.541419573128 210.3669213950634 893.0570462979376 489.6243419572711 364.9141190722585 93.50545920431614 25.59158330410719 412.0851492360234 73.75921442359686 2.204491071403027 54.2132470831275 4.752205841243267 140.7094272449613 2.360610716044903 4.139094419777393 14.51027685403824 20.53800324350595 5.332053624093533
16.70257925987244 84.2107060700655 21.13784484565258 94.32603044807911 64.12709841132164 40.71214307844639 197.7941246628761 12.63744474947453 104.5142601504922 432.7950676232576 189.6701866164804 0 1052.078888058662 291.9816092699766 2.070837430655956 1.399489372968674 0 0 0 0 0 0.7849464416503906 0 0 0.3143559396266937 0 0.1403606981039047 0 0 0 4.645063117146492 0.3726968318223953 43.32728964090347 0 0.1514715552330017 0.1862308233976364 8.046096593141556 0.7745761275291443 0.1563535034656525 0.142449751496315 0 0 0 0.5622885078191757 0 0.1793222427368164 4.309592872858047 0.4446516484022141 0 0.1518381237983704 1.18826898932457 1.078762769699097 0 0.1696609258651733 0.2455314546823502 0.1036857217550278 0.1210670545697212 1.517017371952534 0.3112158626317978 0.5982396751642227 0.1621620953083038 0.4224234074354172 0.1321023851633072 3.603137850761414 0.1128629595041275 0.1851665824651718 0.3165541738271713 0 0.09583618491888046 0.1275131404399872 95.52152322232723 28.48886746168137 0 1.651513136923313 2.198677845299244 1.471692942082882 3.147610105574131 0.8837094083428383 0 7.598410829901695 0.9117163717746735 0.6917634457349777 0 0 0 0.4662885591387749 0.1353683471679688 0 0 0.372193306684494 0 0.5109268426895142 0 0 0.4924419522285461 1542.77182905376 40.95331931114197 2.971442401409149 3.508224934339523 2.296831548213959 0.1809528023004532 9.060598000884056 35.7221470028162 1.063789129257202 21.12176565825939 17.45507245510817 24.43999692797661 46.66428554803133 8.480075106024742 70.93418630957603 31.81064572185278 96.36668535321951 58.13481114804745 39.60856002569199 14.27911665290594 0.1537951529026031 0.7766692414879799 0 0.1165769323706627 0 0 0 0 0 0 0 0 0 0.1111114993691444 0.3881654143333435 0 0.1263658851385117 0.8381434082984924 0 8.953001961112022 0.5946629792451859 0 0 0 5.614335894584656 0.2431802600622177 0.7773659080266953 1.279004655778408 0 0 0 0 0.2016373574733734 0.9339552149176598 0.1316690593957901 0 0.4408879280090332 5.510188817977905 0.106650672852993 0 0 0.1339301019906998 0.1298239976167679 0 0.2114071995019913 0 0.1699037253856659 1.332213416695595 0 0 0 13.33725740760565 0.9709223061800003 0 0 0 0.3367792367935181 0.1909966915845871 0.1773766130208969 0 0.2814392149448395 18.75728895515203 0.4360164701938629 0 0 0 0.7993587851524353 4.035395354032516 2.875016704201698 5.02586655318737 11.98107144236565 5.399181067943573 1.74257855117321 0.5104452669620514 0.6334170550107956 0 0 0 0 0 0 0.3794814050197601 29.60192090272903 2.683896422386169 1.820051349699497 50.55919367820024 1.579240463674068 13.58444980531931 5.137514248490334 21.50444748997688 0.887794554233551 0.2895994037389755 11.77892679721117 15.58738312870264 0.5843430459499359 28.18306052684784 0.9221502393484116 49.5061622262001 0.2389164716005325 0.3376710563898087 7.559947207570076 0.1694426387548447 0
322.9381445944309 2765.531503289938 92.40369164943695 1936.093582600355 613.7419711798429 121.7480348497629 2035.808856897056 53.30857974290848 1177.49891474843 5708.53003616631 581.1993287950754 1052.078888058662 0 2256.497803419828 15.52352833747864 17.39964041858912 0.7156415730714798 0.2575764209032059 0.09126391261816025 0.6679477393627167 0.9015270471572876 3.364684268832207 0.4026657789945602 0 4.536241486668587 1.107349865138531 0.2918050587177277 1.214977785944939 1.23984956741333 0 51.55472291260958 9.871163308620453 341.0861218497157 0.1462201178073883 0.4234847128391266 4.247281536459923 73.51145203411579 7.366902947425842 1.902424842119217 10.13839460164309 3.424316257238388 1.912601344287395 0 2.804644897580147 0.5243248045444489 2.32311338186264 46.52316293865442 4.821384929120541 0.4697765931487083 0 1.944082893431187 7.975947149097919 12.64385105669498 4.350979551672935 0.7984800934791565 2.986828699707985 3.178337782621384 28.49592211097479 1.958424739539623 11.66031883656979 4.024275861680508 7.082854747772217 1.174461156129837 20.41087127476931 2.701581872999668 2.482362568378448 1.858616955578327 1.527001246809959 0.8414682000875473 0.5445115566253662 508.2486928030849 125.243808940053 1.580037325620651 16.78035055845976 30.00935948640108 26.88570158183575 33.36769814789295 10.93155111372471 2.029651090502739 56.30611141771078 14.23048476874828 25.56428977847099 3.782402858138084 0.5237855166196823 1.352961204946041 6.291992351412773 1.268815897405148 0.4219526201486588 1.060429230332375 3.14429697394371 0.6125892996788025 2.477406404912472 0 1.546744868159294 2.606693476438522 4768.092552140355 220.3067112565041 26.01341418921947 122.8703823983669 40.02161291241646 1.488607235252857 30.92050197720528 131.3637016564608 5.681178212165833 82.733997002244 37.75097247213125 81.13677971065044 147.7111193016171 36.29947112500668 205.5999206900597 106.7589441165328 250.7301435023546 188.8369860500097 76.67132312804461 56.37084391713142 2.322881862521172 3.573550947010517 0.1528966575860977 2.438541114330292 0 0 0 0 0 0.1479272544384003 1.00802555680275 0 0 0 0.7281931713223457 0 0.3416605368256569 0.123822458088398 0 26.03379868716002 3.53555665910244 0.2408127933740616 0 0.5240720361471176 27.02072723209858 5.312378905713558 11.14921771734953 10.31915868073702 0.9236945882439613 0.2477228790521622 0 0.1035215705633163 4.031925179064274 3.038925014436245 2.113994486629963 0 3.357733547687531 14.0527303814888 2.036686547100544 0.7166507542133331 0 1.144457437098026 0 0 0 0 0.5598543360829353 1.063217289745808 0 1.174212925136089 0.5091572999954224 53.18600999563932 3.512576796114445 0.8481943383812904 0.1371899843215942 0.3034190535545349 0.7226897031068802 0 0.2741971388459206 0 1.523245424032211 98.19384726136923 5.834019288420677 0 0 0.1898065954446793 8.96626939624548 27.84130939096212 17.01950550824404 5.882710412144661 20.15669012069702 13.17221201211214 4.571253277361393 5.149200439453125 0.9121846631169319 0 0 0 0.3542689383029938 0.1815536022186279 0.1135827079415321 0.2856967449188232 87.31956727802753 9.210646286606789 12.56127208471298 344.938763268292 40.78941664099693 126.6648711115122 78.32339194417 154.7493324279785 14.64937837421894 4.885048039257526 98.12245158851147 42.56695148348808 2.742070533335209 46.71341650933027 4.212395332753658 132.260811291635 2.209677249193192 0.4605475217103958 13.30865068733692 3.744083389639854 0.6162054538726807
