0 5236.673908114433 768.1943483799696 2247.166303224862 1899.344686061144 18.90133159607649 669.9462612569332 133.7085494548082 208.9860024005175 1251.857898615301 230.0788697898388 54.75044539570808 122.634221278131 39.94873911142349 3.014094710350037 0.2494037970900536 0 0 0 0.1586044281721115 0 0 0 0 0 0.3723819851875305 0 0 0 0.1033463850617409 384.6846061348915 9.155724242329597 0.8817189335823059 0 0 0 1.961629189550877 0 0.269149124622345 0.7746967673301697 0 0 0.2556319236755371 0.1984866410493851 0.09837479889392853 0 8.047776930034161 1.625976659357548 0 0.2326726987957954 0.3259585276246071 0.1363830715417862 0.177621528506279 0 0.8536583036184311 0.9261331930756569 332.3482309728861 1091.593433462083 71.28915888816118 11.420629106462 0.4609985649585724 0 0 23.02129033952951 1.41720324754715 0.4778239205479622 0.3678462207317352 0.08985543996095657 0 0 1.106060571968555 0.1348496526479721 0 266.8781806379557 133.5749661549926 60.23651634156704 8.346213288605213 1.884411931037903 0.8694457709789276 2.968616992235184 0.6501374021172523 0.7210662141442299 3.473442949354649 0 0.4102998971939087 1.107295162975788 0.5753103047609329 0 0.4778063595294952 0.102460078895092 0 0 0.1107130199670792 0 0 12.33377699553967 0.6071614399552345 0 0 1464.023481018841 0 0 0 0 0 0.1299782544374466 0.2978247404098511 0 14.92161209881306 1.675197809934616 0 0.9755160361528397 1.511482909321785 0.0810127928853035 0.1016209572553635 0 0 0 0 0 0 0 0 0 0 0 0 0 0 0 0 0 0 0 0.09465553611516953 0 0 0 0 0.3259043991565704 0 0.5061874389648438 0 0 0 0 0 0 0 0 0 0 0 0 0 0 0 0 0 0 0 0 0 0 0 0 0.2932121753692627 0 0 0 0 0 0 0 0 0 0.8036351948976517 0 0 0 0 0 0 0.1278250962495804 0 0 0 0 0 0 0 0 0 0 0 0 0 0.9397534504532814 0.801667332649231 0.3740877956151962 73.06063465774059 4.200195081532001 69.65128407627344 6.580543883144855 934.0856074690819 33.37472937256098 0.7222558408975601 8.761881299316883 0 0 0.1302373260259628 0 1.064867943525314 0 0 0.1665283143520355 0.2462180927395821 0
5236.673908114433 0 2172.443404860795 1091.126084014773 7374.038014106452 65.75970593094826 2734.368502296507 116.0681693553925 1545.160613022745 987.269110031426 258.5959838703275 29.5997923836112 358.5143403336406 192.827619664371 17.04102924466133 3.112759679555893 0.4580231010913849 0.6101597771048546 0.07431521266698837 0.2078330144286156 0.5235898569226265 0.200890839099884 0.1678192913532257 0.09220205247402191 0.1014210879802704 0.09016074985265732 0 1.111976712942123 0.5487741976976395 0.1072294414043427 3278.737300381064 54.75442718714476 3.634897671639919 0 0 0 1.034037515521049 0.4445916265249252 1.454531140625477 0.221516951918602 0 0.6611750349402428 0.9353154450654984 0.7207933589816093 0.2798868864774704 0.450255885720253 74.9823741465807 7.970116421580315 0.3646243959665298 0.4433546885848045 0.9935326725244522 0.923204243183136 0.1659950315952301 0.09491260349750519 1.47338093072176 2.639555267989635 143.4062121734023 973.3420238271356 67.45422851294279 49.655677780509 0.8835314139723778 0.403953455388546 0.09552005678415298 152.6210936829448 5.905686408281326 2.176012679934502 0.588247537612915 1.686593592166901 1.694465726613998 0.4333203583955765 7.435856722295284 1.416887432336807 0.1310758739709854 375.0298232063651 334.3338825851679 203.3916727825999 70.62419559061527 5.179694131016731 3.130071043968201 5.523975141346455 2.720148898661137 2.315901078283787 16.16154798865318 0.2588162124156952 3.145618423819542 3.142888821661472 2.442517593502998 0.3473422899842262 1.41547354310751 0.1509108245372772 0.6005658209323883 0.3893342390656471 0.7107679173350334 0 1.584020458161831 25.00475958734751 1.805073194205761 0.2617172002792358 1.10891105234623 608.9202951192856 0 0 0.4580063670873642 0.4904746115207672 0.4037720710039139 2.707251913845539 3.495411619544029 1.695472493767738 56.59842322021723 9.396318159997463 0 11.7575635612011 17.59889566153288 7.325368784368038 2.537240795791149 0 0.3344527408480644 0 0 0 0 0 0 0 0 0 0 0 0 0 0 0 0 0 0.2448502704501152 0.09277032315731049 0 0 0 0.7922640815377235 0.7237605303525925 1.558421030640602 0.4471105337142944 0 0 0 0.3479158282279968 0 0.3559508919715881 0 0 0.2656295597553253 0.3646929860115051 0 0 0 0.4731231927871704 0 0 0 0 0 0.5831741169095039 0 0.5008242726325989 0 2.114190451800823 0.445922277867794 0 0 0 0 0 0 0 0 9.661856234073639 0.4304943382740021 0 0 0 0.1939641684293747 0.8863672614097595 2.293183535337448 0.1450149416923523 0.133102610707283 0.3795546069741249 0.1233555898070335 0.1904954314231873 0 0 0.07950028777122498 0 0.08740224689245224 0 0 0.1304143220186234 7.877079352736473 1.69781282544136 3.378099173307419 298.6808772683144 31.72495664656162 226.9475058168173 25.80629182606936 832.5201498195529 50.78592848032713 1.340357184410095 34.96918231248856 6.911101818084717 0.734216719865799 1.316554047167301 0.4005318880081177 5.699720278382301 0 0 1.033848688006401 1.350401863455772 0.7906775921583176
768.1943483799696 2172.443404860795 0 15.82625788450241 1714.202531799674 0.1695595681667328 76.66921440511942 2612.488162919879 552.8394606783986 13.9133957773447 2033.018237650394 9.88483539968729 81.71197985857725 258.3060013353825 21.53570391237736 26.78537382185459 2.381511330604553 2.476746581494808 0.7745246663689613 5.858792431652546 7.381877109408379 0.8535571619868279 3.395038336515427 1.410011902451515 0.5605248436331749 1.295974478125572 0.3170393034815788 1.092918939888477 0.9671950414776802 0 6422.495240390301 942.342181943357 27.57614351809025 5.388194136321545 3.974031433463097 3.034639663994312 24.10729026049376 3.291674129664898 2.587522849440575 0.9352293983101845 2.520403727889061 1.973880529403687 4.854101829230785 3.315004535019398 6.382251270115376 6.097280919551849 81.77094820141792 6.840517826378345 1.356322780251503 5.474232852458954 0.8117640540003777 1.145469069480896 0.400374248623848 0.5467149168252945 0.5758783742785454 1.531365089118481 95.40478380769491 1371.053938798606 49.06807623803616 44.02885522693396 13.74097638577223 5.882463909685612 1.827397890388966 405.1142236590385 4.538450244814157 1.842434488236904 1.300791136920452 1.952568963170052 4.9870465695858 11.26504715532064 12.02117394655943 3.062737226486206 0 275.5036999210715 356.3268232643604 182.1729271933436 148.4900512322783 24.768319837749 109.270540356636 312.9687827453017 25.72271506488323 83.29302902519703 11.10880854725838 0.08169357478618622 3.367901995778084 2.18188788741827 4.246894963085651 0.3334052041172981 1.254217371344566 0.4746809750795364 0.3232710957527161 1.150279596447945 1.167962200939655 0.3471042066812515 0.6991276815533638 16.54254193603992 1.916338957846165 1.309249401092529 2.230342872440815 328.3377326577902 0 0 0.6557369083166122 0 0.5432725846767426 2.145159915089607 0.7170894369482994 0.3306710571050644 1.089340426027775 2.374230064451694 0.111745610833168 4.722794398665428 8.555439598858356 6.23401653021574 1.575762428343296 0.9833967238664627 0.4555813744664192 0 0 0 0 0 0 0 0 0 0 0 0 0 0 0 0 0 0.5918685644865036 0.2940762564539909 0 0 0 1.236976698040962 0.3780888617038727 1.705191500484943 0.6652159988880157 0.09128058701753616 0 0 0 0.1024604365229607 0.1815020143985748 0 0.1131477802991867 0.07543124258518219 1.1327188834548 0 0 0.09651955962181091 0 0 0.0746096596121788 0 0 0.08468522876501083 0.06818088889122009 0 0 1.074124045670033 1.865071028470993 0.0777033343911171 0 0 0 0 0 0 0 0 7.582437872886658 1.682046510279179 0.1533332467079163 0 0 0 0.6057756245136261 0.4404198229312897 0.09985661506652832 0 0 0.7146396264433861 0.1363841146230698 0.06839895248413086 0 0 0 0 0.1514175683259964 0 0 3.959977798163891 1.349738918244839 2.465647034347057 235.5010757446289 32.47844590246677 199.3837473616004 27.07242171466351 243.6584520712495 39.32420115172863 2.27142821252346 36.46369279175997 3.913249179720879 0.7775548920035362 2.595676302909851 0.2240975797176361 0.7418033704161644 0.1215168982744217 0 0.3004730045795441 2.424995832145214 1.07048262655735
2247.166303224862 1091.126084014773 15.82625788450241 0 140.5646088793874 276.5871828868985 859.6706895530224 2.937803320586681 70.713797070086 2836.708434432745 4.754503108561039 242.9953887984157 699.3679398670793 88.71618819236755 1.743986673653126 0.1214440539479256 0 0.09860911220312119 0 0.305710181593895 0.09033039957284927 0.3183235824108124 0 0 0 0.1058276817202568 0 0 0 0 103.8864878714085 2.184606187045574 0.08727312088012695 0 0 0 0 0 0.0840810239315033 0 0 0 0.08640282601118088 0 0.08156473189592361 0 7.217867091298103 1.616681784391403 0.1361819952726364 0.09203393757343292 0 0.2779730558395386 0 0 0.2862522527575493 0.1833398938179016 56.70080081373453 186.0779058262706 22.05750924348831 8.48483906686306 0.0972122922539711 0 0 23.70750341564417 0.6555258557200432 0.4106948673725128 0.08167409896850586 0.2997071668505669 0 0.07550428062677383 1.015146881341934 0 0 104.2631260827184 78.24024972319603 33.68716368824244 7.460844606161118 0.7537143304944038 0.2056817635893822 0 0.2812467738986015 0.3346569687128067 2.693088196218014 0 0.4495297744870186 0.4794617891311646 0.4116819873452187 0 0.08754029124975204 0 0 0 0 0 0 9.588320009410381 0 0 0.09883005917072296 510.4498599097133 0 0 0 0 0 0.8379734605550766 0.6728725731372833 0.1787907183170319 25.89981609582901 0.5280556827783585 0.117988221347332 1.866599023342133 1.895781129598618 0.3873017206788063 0 0 0 0 0 0 0 0 0 0 0 0 0 0 0 0 0 0 0 0 0 0 0 0 0 0.9411889538168907 0.1848514229059219 0.09896977990865707 0.2833234071731567 0 0 0 0 0 0 0 0 0 0.230688065290451 0 0 0 0 0 0 0 0 0 0 0 0 0.2911044657230377 0.1864243298768997 0 0 0 0 0 0 0 0 0 0.4839774966239929 0 0 0 0 0 0 0 0.07216404378414154 0 0.2606565356254578 0 0 0 0 0 0 0 0 0 0 0.130133643746376 0 0.4666698276996613 61.61513236165047 3.418020904064178 47.34698032587767 4.701364494860172 631.4608853384852 7.587641432881355 0.249738983809948 5.744664087891579 0.3548658937215805 0 0.665341779589653 0 2.862624883651733 0 0 0.5693833827972412 0.1200262010097504 0.4466894268989563
1899.344686061144 7374.038014106452 1714.202531799674 140.5646088793874 0 16.02361703664064 2538.936156116426 377.7231003753841 2874.091015204787 526.4756096303463 1056.935239396989 29.01755680888891 468.4348539710045 617.9954338632524 30.48649029433727 9.81849417090416 0.1473191156983376 1.14155388623476 0.1693329811096191 1.802100293338299 0.8942468240857124 0.5825405567884445 0.306941382586956 0.1092310845851898 0.1161735728383064 1.383114293217659 0.528871662914753 0.8452213704586029 1.5447658598423 0.2182387635111809 696.767560981214 128.2749517410994 6.118842013180256 0.1608378663659096 0 0.4387111514806747 7.963683307170868 0.713582880795002 2.074143715202808 0.483216904103756 0 1.829879067838192 1.049388483166695 1.044801779091358 0.5541620180010796 0.4857178702950478 126.9601742252707 9.758022204041481 0.8352526053786278 1.471892841160297 2.535048559308052 1.483134649693966 0.1726413741707802 0.8216200694441795 1.14375863224268 2.065263137221336 33.9401741027832 250.856351301074 23.52685523033142 65.93931983411312 2.909230999648571 0.8238515928387642 0 151.3602019175887 5.886196799576283 3.231123872101307 1.414314694702625 2.405280001461506 1.630740560591221 0.8415838405489922 19.51167110353708 2.110100217163563 0 213.5474030971527 255.9057879298925 244.8915981501341 150.65537840873 7.573848098516464 2.695010669529438 15.88216795772314 5.388556145131588 6.678199484944344 17.6292586773634 0.1009990349411964 3.551302067935467 2.216954939067364 3.569529198110104 0.08585186302661896 0.8373461812734604 0.2231821194291115 1.467530101537704 1.039422191679478 0.5234329029917717 0.7688961178064346 2.326600633561611 67.93898832798004 1.592482514679432 0 3.310657851397991 76.36791002005339 0.1141224876046181 0.2011591047048569 1.589301288127899 0.6741260290145874 0.609581857919693 10.63180389255285 8.681030586361885 3.391019523143768 10.69952566921711 23.06036879867315 0.40496526658535 32.09644262492657 39.03696624189615 25.29946255683899 7.071721270680428 0.5678408369421959 0.5553101301193237 0 0 0 0 0 0 0.0992656797170639 0 0 0 0 0 0 0 0 0.1787718683481216 0 1.565713606774807 0.645890086889267 0.1547733396291733 0 0 4.344372496008873 0.6026040613651276 7.382798239588737 2.852514207363129 0.451549306511879 0 0 0 0 0.207451343536377 0.586445689201355 0 0.731366366147995 3.765952095389366 0.2225254401564598 0.2474173009395599 0 0 0.306546151638031 0 0 0 0.1100032851099968 0 0 0.3480138182640076 0.7838588953018188 6.152039051055908 0.936413437128067 0.2150652408599854 0.08893820643424988 0 0 0 0.193946897983551 0 0 21.25307529419661 0.9940910190343857 0 0 0.3428186625242233 0.9091969802975655 3.222089529037476 3.292720884084702 0.741454042494297 0.921867661178112 3.831227600574493 0.5888436138629913 1.455335557460785 0.238930881023407 0 0 0 0.1595581397414207 0.256433829665184 0 0 16.15230679512024 4.870763711631298 6.408656291663647 561.5776253119111 63.7353051379323 321.2887262478471 38.93886317312717 465.2776355147362 64.93220683187246 3.088107459247112 64.39134423434734 14.55414392799139 0.2500536739826202 6.618333891034126 0.7784919887781143 16.75014062970877 0.3469457477331161 0 2.190425351262093 3.608517713844776 1.685870371758938
18.90133159607649 65.75970593094826 0.1695595681667328 276.5871828868985 16.02361703664064 0 80.49351581931114 2.155414663255215 15.73227559030056 521.5067166313529 3.99677187949419 127.6375477463007 108.1331162378192 49.07310257852077 0.2608796060085297 0 0 0 0 0 0 0.7655424475669861 0 0 0 0 0 0.5598117709159851 0 0 0 0 7.94253945350647 0 0 0 7.34344582259655 0.1348353773355484 1.694040641188622 0 0 0 0.7018718719482422 0 0 0 0.2472712248563766 0 0 0 0 0 0 0 0 0 86.06080880761147 3.943630315363407 3.469316124916077 0.1151840016245842 0 0.2096166014671326 0 0.8443416431546211 0.07526148110628128 0 0 0 0.2603615820407867 0 29.83845733106136 13.49022872745991 0 1.575189642608166 1.417222902178764 0 0 0 0 7.60684135556221 0 0.7171981036663055 0 0 0 0 0.5504892468452454 0 0 0.4982770383358002 0 0 0 0 0.3399124145507812 184.7526333779097 27.14294771850109 1.992180317640305 4.734398424625397 261.4563802480698 0 0 0.5489358901977539 0 0 0.161669135093689 0.5965539216995239 0 0.3561514616012573 1.853806763887405 0 0.8087717443704605 1.004783265292645 0.5854057967662811 0 0 0 0 0 0 0 0 0 0 0 0 0 0 0 0 0 0 0 0 0 0 0 0 0 0 0 0 0 0 0 0 0 0 0 0 0 0 0 0 0 0 0 0 0 0 0 0 0 0 0.2580615282058716 0 0 0 0 0 0 0 0 0 0 0 0.1079745888710022 0.3522149622440338 0 0 0 0 0 0 0 0 0 0 0 0 0 0 0 0 0 0 0 0.1175045743584633 0 0 25.72871427237988 0.1616666465997696 0.7749343663454056 0 82.65643794834614 7.152703016996384 0 0.4835503399372101 0.1276948302984238 0 0 0 0.4433580040931702 0 0 0 0 0
669.9462612569332 2734.368502296507 76.66921440511942 859.6706895530224 2538.936156116426 80.49351581931114 0 79.60745744407177 976.2632183209062 2612.944803662598 172.2709355726838 430.8713001683354 3280.169171273708 1061.228691853583 23.77042847126722 7.917487815022469 0.3104002252221107 0.6161727085709572 0.08767969906330109 0.6618050187826157 0.8770240545272827 0.1259701997041702 0.5478640645742416 0.1106222569942474 0.09814168512821198 0.843769870698452 0.4563512727618217 1.271845415234566 1.617202177643776 0.1131220161914825 130.9625513553619 14.49272564798594 7.741058029234409 0 0 0 3.626929000020027 0.2944699376821518 1.55197773873806 0.2175436764955521 0.2172336876392365 1.240529507398605 0.6219064965844154 0.7577180117368698 0.3432156071066856 0.186627522110939 87.99038759618998 7.103252835571766 0.6812175288796425 0.7212063893675804 1.887813597917557 2.559586696326733 0.2024469077587128 0.8235882893204689 1.003073371946812 1.462129831314087 34.13297371566296 161.1293065324426 24.48213206231594 49.53101471066475 0.4921642020344734 0 0.3198099359869957 88.73601904511452 5.129598289728165 2.730189017951488 0.962010346353054 1.375813283026218 1.238059811294079 0.4925057590007782 15.54333827644587 1.987858965992928 0.07338862866163254 174.0966773182154 192.4789824336767 178.7174077555537 90.18829241394997 7.075730375945568 1.451518081128597 5.933359276503325 2.8372533172369 3.670428983867168 11.62695226818323 0.08267253637313843 3.787077076733112 3.375563189387321 3.731429249048233 0.07844074070453644 1.080158978700638 0.7001288011670113 0.5593327209353447 0.4521185085177422 0 0.306468278169632 1.06698702275753 174.9748680144548 5.165517821907997 0 3.729135110974312 144.8975581377745 0.08503527939319611 1.248911589384079 3.330074064433575 1.590324372053146 1.002255953848362 14.57154162228107 19.39055425673723 2.822839558124542 65.45085633546114 42.84522319585085 0.221155658364296 50.88958591967821 64.8449989259243 37.09860235452652 10.23924860358238 1.860912926495075 1.766062557697296 0.07480960339307785 0.265546590089798 0 0 0 0 0.3060098886489868 0.1757707297801971 0.2317872494459152 0 0 0 0 0 0 0.1826029270887375 0 2.302104666829109 0.6147351786494255 0 0.3050201237201691 0 4.868050411343575 0.8278038054704666 8.498835980892181 2.965213440358639 0 0 0.1314189583063126 0 0.2051643133163452 0.2706178575754166 0.3707567453384399 0 0.4161672070622444 1.971388064324856 0.08866585046052933 0 0 0.3601635918021202 0.1826093643903732 0 0.1522338688373566 0.08317467570304871 0.8322599232196808 0.8111890628933907 0 0.3666379451751709 2.234404161572456 11.21513814479113 0.8744253516197205 0.7004387229681015 0.09597336500883102 0 0 0 0.08690062910318375 0 0.1082639098167419 39.7173568084836 1.077615544199944 0 0 0 0.9461008161306381 2.365452200174332 5.380520403385162 0.7718561664223671 1.197175532579422 3.901523880660534 0.6404115408658981 1.770292557775974 0 0 0.09021257609128952 0 0.1760036945343018 0.1484736651182175 0 0 31.42079199105501 5.598375290632248 11.50441116094589 424.6039923131466 55.29606421291828 218.9739450737834 34.78220986574888 726.1320341452956 54.93702990561724 1.796658843755722 40.31293603032827 15.02070642262697 0.6867617070674896 8.579838074743748 0.2449280619621277 22.00477826595306 2.04051535576582 0.2502593398094177 3.899016015231609 2.508096046745777 0.6710354387760162
133.7085494548082 116.0681693553925 2612.488162919879 2.937803320586681 377.7231003753841 2.155414663255215 79.60745744407177 0 1194.125022977591 17.12347923964262 1805.781925566494 48.30839402973652 264.2015140801668 990.0094772726297 31.43947066366673 39.8518362864852 4.927679196000099 16.66268486529589 3.254464112222195 29.49225983768702 18.8069164454937 2.131169237196445 10.74284338206053 3.637382790446281 1.335377603769302 0.5796798691153526 0.3239673748612404 6.046937890350819 0.7990175411105156 0.1974382624030113 459.317929930985 2073.158317752182 78.69512654840946 12.8368464037776 7.903619691729546 5.530540533363819 47.79699133336544 5.731341749429703 5.403734810650349 0.9267198741436005 2.572846248745918 5.033491365611553 31.14396542310715 10.83651249110699 24.46567364782095 16.49235609173775 94.05145711451769 3.386459983885288 4.700035475194454 34.0637601017952 0.6611997038125992 1.284475423395634 1.164733745157719 2.887230232357979 0.5710166469216347 0.9280664771795273 14.37251921743155 114.4301555901766 9.481629319489002 27.37085411697626 108.4051192328334 11.85956940799952 3.844141632318497 136.0544230490923 1.900993682444096 2.567728042602539 0.6718882471323013 1.831432297825813 17.16049855947495 38.54415716975927 29.06753575056791 5.515468060970306 0.1625429689884186 83.71854704618454 139.0327815338969 146.4640723541379 212.0711754485965 123.8025407716632 694.5798715204 641.0088810101151 441.3346723765135 683.4480203017592 5.867490530014038 0 1.587498970329762 1.4467828348279 14.38560801744461 0.1651555597782135 0.3296600952744484 0 0.7815118134021759 0.1645852774381638 3.579959847033024 0.300699807703495 1.928686827421188 59.45375709980726 2.340929597616196 0.7005345225334167 6.273381374776363 17.50220996886492 0 0 1.083079889416695 0.1501966416835785 0.4307578876614571 2.89776711165905 2.665560968220234 0.7327012941241264 1.748013436794281 8.564742676913738 0 13.10722749680281 17.61589334160089 11.19488684087992 4.237161718308926 0.5411918684840202 0.318943090736866 0 0.121901772916317 0 0 0 0 0 0 0.2257356196641922 0 0 0 0 0.4406473636627197 0 0.2260428369045258 0 0.7548200711607933 0.4458774328231812 0 0 0 4.172765918076038 0.4175644069910049 3.9166264757514 1.406791664659977 0.2316566854715347 0 0 0.1269258707761765 0 0 0.5669155269861221 0 0.2986379265785217 1.413285158574581 0.0910186693072319 0 0 0.3911136388778687 0 0 0 0 0 0.2874629944562912 0 0.3710097670555115 0.5417419001460075 5.649409748613834 0.828229732811451 0 0 0 0 0.1064989641308784 0 0 0 14.29433830082417 2.606168247759342 0 0 0.09312371909618378 1.066700264811516 0.8825565874576569 2.030814103782177 0.08683475852012634 0.1882682591676712 1.421889416873455 0 1.552116848528385 0.1188001483678818 0 0 0 0 0 0 0 7.532707251608372 3.642315052449703 4.648339368402958 349.1655668094754 42.93979161977768 216.6160669699311 37.70241493731737 103.2170435860753 32.49811897426844 1.137265853583813 59.29454651474953 8.813392646610737 0.1928384229540825 4.510628663003445 0.1022117808461189 4.373419523239136 0.1874163150787354 0 1.007450021803379 3.584591150283813 1.860606998205185
208.9860024005175 1545.160613022745 552.8394606783986 70.713797070086 2874.091015204787 15.73227559030056 976.2632183209062 1194.125022977591 0 629.9732613936067 3920.660905838013 239.6838627681136 3522.328525520861 3888.318279907107 28.93732744455338 15.23382423073053 0.5956145972013474 1.032806485891342 0.09673584997653961 1.329648829996586 1.419721707701683 0.8035518452525139 0.35319934040308 0.1279965490102768 0.09517084807157516 1.756351061165333 0 0.9874099940061569 1.011351436376572 0.4562454298138618 103.5286776721478 64.96086370944977 12.52382628619671 0.7674265503883362 0.4296313002705574 0.1200494468212128 7.086485862731934 0.3136575594544411 1.833299703896046 0.2466700971126556 0.1831147968769073 2.159759849309921 1.453422091901302 0.8434113711118698 1.655261673033237 1.08635351061821 116.260480850935 5.005644008517265 0.1060117483139038 1.707032315433025 1.680821448564529 2.564120307564735 0.4145798683166504 0.9396807700395584 0.5612029358744621 1.451574206352234 9.531889483332634 62.90412154048681 10.688437320292 42.62381932884455 5.735351197421551 0.463305875658989 0.1216485723853111 70.71673398464918 3.643297627568245 1.982048563659191 1.780881844460964 2.230209834873676 1.95597442984581 1.842061683535576 28.7664242759347 3.276261761784554 0 100.9170932322741 116.0845823138952 164.0934337750077 145.4906479641795 8.517878070473671 2.884763397276402 34.9578635469079 8.454465322196484 9.192887403070927 7.893558189272881 0.2457122728228569 1.894476898014545 2.222633928060532 3.410411082208157 0.1550730466842651 1.201879344880581 0.3884002268314362 0.8821504339575768 0.7883454859256744 0.4410515651106834 0.9741876870393753 2.212127529084682 159.795542165637 2.137924313545227 0 4.38601415604353 18.84270292520523 0.2201156914234161 1.732139982283115 2.094517976045609 0.5177086666226387 1.454453565180302 14.09652917832136 17.11588031798601 2.755456939339638 12.41864813864231 37.80456885695457 0 53.8769297003746 66.67329628020525 37.90521103143692 10.05508864670992 1.086199186742306 1.443371422588825 0 0 0 0 0 0.2165804654359818 0 0.1105069890618324 0 0 0 0 0 0 0 0.7631862312555313 0 2.172572247684002 1.465902231633663 0 0 0 8.296123124659061 0.8794503509998322 9.692945830523968 3.550986841320992 0 0 0.2693647444248199 0 0.5699625983834267 1.183597221970558 0.1256429702043533 0 1.530013903975487 4.249404989182949 0 0.1762373447418213 0 0.24435905367136 0.1151432171463966 0 0 0 0.08712977170944214 0.3596776649355888 0 0.3281944692134857 0.9840866029262543 7.93396083265543 1.974210627377033 0.2891562506556511 0 0 0 0 0 0 0 33.73462957888842 2.561144798994064 0 0 0 1.369857415556908 0.8659917935729027 5.290600836277008 0.8950338512659073 0.8923818320035934 4.376002162694931 0.7959976047277451 2.901134639978409 0.151366114616394 0 0 0 0.08670652657747269 0 0 0 24.23394781351089 6.363593094050884 11.54758935421705 597.1070633158088 57.28532543778419 288.6007407903671 44.78254459053278 278.7066310718656 53.5670582652092 1.618081666529179 67.14518348872662 18.13982047140598 0.4876622259616852 12.38288377225399 0.5409066826105118 26.60932424664497 1.827212870121002 0 4.152897760272026 3.868974670767784 1.695791631937027
1251.857898615301 987.269110031426 13.9133957773447 2836.708434432745 526.4756096303463 521.5067166313529 2612.944803662598 17.12347923964262 629.9732613936067 0 56.83749397844076 2490.641529150307 3846.040419638157 1260.986858792603 4.923498682677746 3.345755077898502 0 0.1821772381663322 0.08748877048492432 0.2137012481689453 0 0.2550000250339508 0 0 0 0.122953362762928 0 0.442066065967083 0.7084237784147263 0.1441522687673569 54.12537205964327 4.053313717246056 3.460391640663147 0 0 0 3.702392682433128 0 0.6557942926883698 0 0 0.1200724169611931 0.09928636997938156 0.1140329912304878 0.1733861565589905 0.1923883929848671 27.16508096456528 2.740103431046009 0.178339771926403 0.2492069453001022 0.3597847521305084 0.1162418052554131 0 0.112558625638485 0.2992303296923637 0.6849544793367386 66.53587252646685 125.6671465486288 22.96043762564659 17.51420941203833 0.7905235588550568 0.3408339023590088 0.08549253642559052 39.07210932672024 2.195524655282497 0.6203478649258614 0.2259556651115417 0.9365823864936829 0.1316159814596176 0.08589553833007812 19.95485062152147 1.647848829627037 0 123.7446230947971 111.0985650271177 73.42362527549267 24.668591119349 2.951698318123817 0.8842385411262512 40.50574221462011 1.071100562810898 1.32255645096302 5.775209255516529 0.2628000006079674 1.231147117912769 0.8554709926247597 0.4480532705783844 0.1902240663766861 0.5910895392298698 0.1897345781326294 0.2776070460677147 0.0957077220082283 0.1112459152936935 0 0.1865760833024979 418.6272876635194 1.163358628749847 0.1006377041339874 1.053500205278397 1017.114437311888 0.2949039116501808 0.7932689785957336 5.188263788819313 2.835704386234283 1.616833984851837 17.49050217866898 40.65495663136244 5.461877077817917 47.44204003363848 66.14777302742004 0.1079080328345299 75.14962089061737 87.71634627133608 42.81384225934744 11.24650358408689 0.7089483067393303 0.9436142891645432 0 0.08995037525892258 0 0 0 0 0 0 0 0 0 0 0 0 0 0 0 1.849574394524097 0.5505257099866867 0 0 0 4.899947695434093 0.7916788980364799 7.892957903444767 2.696363754570484 0.3157925829291344 0 0 0.1038111746311188 0 0.3130281642079353 0.8410414680838585 0 1.065845251083374 3.226928107440472 0.1062699481844902 0 0 0.3455467224121094 0 0 0 0 0.4658015072345734 0.4590903967618942 0 1.687302827835083 0.3731817305088043 8.62225566059351 2.145629271864891 0.1014248877763748 0 0 0.09107773005962372 0 0 0 0 31.95834590494633 0 0 0.1061603501439095 0 1.115512937307358 1.875146880745888 4.711168192327023 0.4637708067893982 0.4633146747946739 4.369293868541718 1.466906152665615 0.7495725229382515 0.3067016825079918 0 0 0 0 0 0 0 37.39111576974392 3.6914067491889 7.66340047866106 680.6079388558865 20.3752852678299 107.1703087463975 11.10555595159531 1477.306111186743 22.98962993919849 1.028408259153366 19.18383057415485 19.48823477327824 0.4802336618304253 9.721076712012291 0.3846865296363831 55.32676910609007 1.699481509625912 0 5.134022489190102 1.043740548193455 0
230.0788697898388 258.5959838703275 2033.018237650394 4.754503108561039 1056.935239396989 3.99677187949419 172.2709355726838 1805.781925566494 3920.660905838013 56.83749397844076 0 308.005411401391 1711.478684261441 5686.767685748637 68.44986760616302 77.45947583019733 5.312710173428059 5.545421630144119 1.741986088454723 11.87250825762749 16.15980432927608 2.921280890703201 5.077196165919304 2.398270674049854 3.938975550234318 2.87606905400753 1.082171827554703 5.039127103984356 4.049316249787807 0.3897703289985657 534.2567495852709 1591.512968711555 996.3313588574529 7.200349152088165 6.980436250567436 11.92337441444397 350.3403618112206 14.96762505918741 15.58365196734667 3.28349194675684 5.350556641817093 3.60482794046402 12.3042211830616 5.948157429695129 11.40139741450548 13.55155289918184 192.9775363430381 7.198268577456474 1.485594883561134 11.89701329171658 1.466842234134674 3.278274163603783 5.651519425213337 1.928611189126968 0.8886702284216881 1.090861976146698 20.51896307617426 160.4760853350163 15.36371675878763 54.29020249098539 31.56002836674452 25.55215358734131 4.093039847910404 177.8223209306598 4.53884794563055 3.061482280492783 1.480414092540741 3.682744652032852 9.437067411839962 22.26001507043839 159.0558475106955 19.63325812667608 0 150.5235021337867 197.466680303216 267.1932432577014 312.378549836576 76.69387662410736 326.9087590426207 650.6263610571623 52.32289441674948 217.1730431243777 9.854087896645069 0.09673137217760086 2.460142761468887 2.794645935297012 9.454593427479267 0 1.798379667103291 1.099551290273666 0.7740826308727264 1.182175077497959 2.466127760708332 0.5545436590909958 3.24412440508604 225.5146522969007 11.51901292800903 0.9010060653090477 11.56085164099932 28.94420164078474 0.1193713769316673 0 1.181328512728214 0.934736356139183 1.455037578940392 8.977260641753674 6.292462147772312 2.788687013089657 6.142163246870041 19.08875748515129 0.607883408665657 37.16436751186848 48.27302700281143 32.02616139501333 12.29673577845097 0.7551803141832352 1.295855142176151 0 0 0 0 0.2967035472393036 0 0.1654933393001556 0 0.4133931174874306 0 0.1094170957803726 0 0 0 0.191936194896698 0.1447128504514694 0.2895429134368896 2.149511747062206 1.704763121902943 0 0 0 7.304685093462467 1.74612720310688 10.53024793416262 4.984557338058949 0.647673524916172 0 0 0 0 1.14895910769701 0.6813403218984604 0.2204561159014702 1.493028923869133 4.624686993658543 0 0.2150019258260727 0 0.1048065945506096 0.09340939670801163 0 0 0 0.8597321659326553 0.6464114636182785 0 0 0.5175275728106499 10.36692182719707 2.015635207295418 0.08336414396762848 0 0.08007179200649261 0 0 0.1156102940440178 0 0.1588568538427353 45.84788759052753 4.992755264043808 0.1071262285113335 0.1167793422937393 0.3196971118450165 1.185556918382645 2.500308088958263 4.744381405413151 1.180726915597916 1.607074677944183 2.202926844358444 1.317559726536274 2.050176531076431 0.1058204919099808 0.168306864798069 0 0 0.1917146518826485 0 0 0 26.42676141858101 10.90500358492136 15.69894374907017 712.6309426277876 104.5764896422625 407.0662457346916 88.36867668479681 213.6418820098042 77.50724826008081 3.495946161448956 106.1734740063548 23.22891818732023 0.9091614484786987 10.63306845724583 0.9011377766728401 8.378638036549091 0.9332562386989594 0.3593122214078903 5.466222874820232 6.421415574848652 1.819365605711937
54.75044539570808 29.5997923836112 9.88483539968729 242.9953887984157 29.01755680888891 127.6375477463007 430.8713001683354 48.30839402973652 239.6838627681136 2490.641529150307 308.005411401391 0 3054.675704792142 1418.223392002285 14.47138874232769 20.43042102456093 0.4217332825064659 0.3130136430263519 0.1065911501646042 0.8310876786708832 0.3374150395393372 0.9390345737338066 0.1881491392850876 0.1716036200523376 0.1013413518667221 0.2458780184388161 0 0.5214720293879509 0 0.1041463017463684 6.478296793997288 10.03694926202297 108.1419828310609 0.5132011026144028 0 0.1060153096914291 77.63181066513062 0.3524573594331741 3.59626179933548 0.1153659671545029 0 0.3820855990052223 0.4548217281699181 0.9356430098414421 0.518812857568264 0.1960458382964134 31.41959299147129 1.075004510581493 0.2416712790727615 0.3160513490438461 0.5992956161499023 0.7433951646089554 0.8457562178373337 0 0 0.2358986437320709 7.161535076797009 8.272576250135899 1.99511543661356 6.332210466265678 2.040302269160748 4.771183356642723 0 14.15992121398449 0.07495305687189102 0.06918060779571533 0.2668659836053848 0.170038178563118 0.8212375640869141 1.253356158733368 136.6935641169548 31.01411554962397 0 17.03240323066711 19.14007670432329 33.82522165775299 49.31935320794582 14.1934624388814 1.095380119979382 353.5813087448478 1.505287311971188 6.434456795454025 1.415583625435829 0 0.2884254977107048 0.08622859418392181 0.7837368249893188 0 0.1550210863351822 0 0.07410512119531631 0.1601256132125854 0 0 1.292372830212116 2694.984668627381 57.11504306644201 0.2600778043270111 1.806943990290165 90.06113983690739 0.1681240126490593 1.331392213702202 3.686448208987713 1.706789344549179 3.193139776587486 31.48726032674313 39.49896567314863 6.382925651967525 21.74353243410587 87.16746786236763 0.7869540005922318 125.2276282384992 167.2282214462757 85.84414798766375 21.17430084198713 2.994542956352234 1.443280473351479 0 0 0.1620040982961655 0 0 0 0 0.4048458337783813 0 0 0 0 0 0 0 0 0 5.551801942288876 2.289377443492413 0 0 0 14.57273256778717 1.375563383102417 10.79387510567904 3.873673528432846 0.1173835247755051 0 0.5015564113855362 0 0.09456053376197815 1.166765376925468 0 0 3.112979725003242 5.887796349823475 0.5587475225329399 0 0 0.4807434678077698 0 0 0 0 0.5359618104994297 1.105953693389893 0 0 0.9761478006839752 15.81783863902092 4.052261471748352 0.6222104430198669 0 0.08988024294376373 0 0 0 0 0.4975860118865967 81.07451514154673 4.01059951633215 0.3013092577457428 0 0.1207093000411987 3.04719714820385 6.031887747347355 7.745576187968254 1.164840847253799 2.637090012431145 6.102602943778038 0.7426953762769699 4.204885758459568 0.2787356972694397 0 0 0 0 0 0 0.1162597239017487 72.97398976236582 13.00375557690859 15.95728786289692 312.926743157208 21.4641093313694 83.67973593622446 21.1057079359889 286.0539252534509 12.2332494482398 0.714335709810257 32.53370182961226 25.93548646569252 0.5992567911744118 22.75293706357479 0.2765054404735565 50.72672902047634 1.629952773451805 0.1005146875977516 8.332063004374504 2.169015116989613 2.081854395568371
122.634221278131 358.5143403336406 81.71197985857725 699.3679398670793 468.4348539710045 108.1331162378192 3280.169171273708 264.2015140801668 3522.328525520861 3846.040419638157 1711.478684261441 3054.675704792142 0 4468.151426002383 55.23279038071632 74.79152104258537 2.6487155854702 1.437446348369122 0.4162125512957573 3.596420489251614 2.618280410766602 1.515871524810791 1.029296703636646 0.7934932187199593 0.485289067029953 2.05053922533989 0.43890330940485 2.662635251879692 2.538786329329014 0.3438110500574112 26.60001080483198 48.13158284127712 1325.466874949634 0.9177850931882858 1.611063778400421 0.9509568065404892 301.6479831784964 4.759406931698322 3.99108500033617 0.4108560234308243 0.8481645882129669 2.826264329254627 3.522407963871956 2.797778069972992 2.226781785488129 3.354584611952305 135.1914248764515 4.017584569752216 0.8984446451067924 5.250073820352554 2.29287451505661 4.149739570915699 0.7866469547152519 1.047511987388134 0.483744889497757 1.294840261340141 9.177765272557735 32.81169811636209 7.985919915139675 28.17899803817272 14.02039189636707 60.44130696356297 1.814434699714184 51.02247440069914 2.636683642864227 2.099711962044239 0.8975510001182556 1.793459571897984 2.281407192349434 4.206283167004585 755.8588805347681 120.0618740767241 0 71.14981815218925 69.6064830198884 154.0323780030012 201.2795447930694 42.21254821121693 8.784935750067234 539.8594971820712 12.81682556867599 50.10466204583645 7.187445893883705 0.08234790712594986 1.521248713135719 1.665012799203396 3.270129606127739 0.1821073964238167 0.8801192417740822 0.4291988462209702 1.036972709000111 0.4446708783507347 0.6014137268066406 0.1410098671913147 3.321816772222519 3312.191295661032 238.7219183892012 2.24627996981144 67.97585792839527 78.59694381058216 0.5243587642908096 0.8298835456371307 9.509446442127228 1.970677182078362 5.397718541324139 47.18625544011593 41.11057148873806 14.13170403242111 54.17048114538193 118.8413649871945 1.459840096533298 169.7123028337955 232.0052514001727 121.4526982605457 37.84193959087133 5.054875262081623 5.422340333461761 0 0.2436384707689285 0 0 0.12917260825634 0 0.2302667945623398 0 0.3826887607574463 0 0 0.9293129742145538 0 0 0 0 0 8.957264691591263 3.461002312600613 0 0.7274032086133957 0 26.2891968563199 3.952908776700497 23.5475660264492 10.49153713136911 0.6638155654072762 0 0.2459750175476074 0 0.5387049093842506 1.490075290203094 2.229004293680191 0 3.321099422872066 12.36054883152246 0.4232225343585014 0.4163536503911018 0.123684473335743 0.282719612121582 0.09839663654565811 0 0 0.1024962440133095 1.4371697306633 1.33377929776907 0.3382287919521332 1.762575753033161 3.325223535299301 30.33584298193455 4.275314413011074 0.5723396465182304 0.1672894656658173 0 0.1039462983608246 0.09278084337711334 0 0.2381604760885239 0 150.3070826530457 11.67401838302612 0.2290032953023911 0 0.2605135291814804 5.109811015427113 9.390328802168369 12.37389195710421 3.364352971315384 3.309236615896225 13.15870702266693 3.524787239730358 5.072169072926044 0.4378164783120155 0 0 0 0.1096872687339783 0.2272865250706673 0 0 115.4022334143519 28.34706781059504 35.60307066887617 747.5098121017218 93.12695606052876 311.9744535461068 77.62353067845106 362.333927065134 63.39475723356009 4.412541523575783 99.3419336527586 48.98523975908756 2.044369623064995 29.64703823626041 1.725112318992615 71.08096512407064 5.344798684120178 0.1003438904881477 10.94654415547848 7.510008946061134 3.401492200791836
