0 5336.223810911179 643.3571924865246 845.9686839282513 1238.082109451294 64.23505139350891 1654.184894695878 122.9080403670669 24.00355653464794 890.1738380938768 230.4670914337039 67.92122782766819 163.0789865925908 44.73945887386799 3.228532277047634 0.7546750605106354 0.1256503164768219 0 0 0 0.1302899271249771 0 0 0 0.4481867253780365 0 0 0.5377141237258911 0.2524846568703651 0 228.3508040830493 9.454482920467854 74.30909031629562 0 0 0 0.7707551121711731 0 0 0.1951136887073517 0.1063437014818192 0.408671036362648 0.3015291690826416 0.5418871492147446 0.2208722308278084 0.2329912185668945 47.89932646602392 4.897150851786137 0.08953797072172165 0.9615688920021057 0.4364600330591202 5.402199372649193 0.649430900812149 0 8.857167609035969 14.59313859790564 433.3041555285454 1837.285932607949 66.16452358663082 22.06625182926655 0.9000919461250305 0.7437979280948639 0 4.55670141428709 8.200894296169281 5.357075072824955 5.354635410010815 0.8154934719204903 0.6936518102884293 0.254790872335434 34.25126840174198 101.0839463621378 1.758400559425354 571.3140254616737 159.4103279262781 21.67635448276997 6.318512685596943 1.099723614752293 16.59311468154192 80.65542665868998 0.2902734577655792 4.751968368887901 31.99820093810558 2.175529964268208 7.999441578984261 10.15057067573071 6.692114368081093 2.414478741586208 1.109258487820625 2.515630602836609 0.3938811123371124 1.367052376270294 0.9786886349320412 0 0.5676642060279846 131.151838734746 26.6527478992939 12.23108297586441 5.859231173992157 1623.891800813377 0.1510837823152542 8.543779358267784 3.086993165314198 0.6881645768880844 3.012307614088058 19.60193274915218 2.092361241579056 10.93355557322502 11.31946575641632 1.526321411132812 1.656766533851624 4.885623529553413 12.61140401661396 6.402692884206772 3.14070351421833 0.76265649497509 0 0 0 0 0 0 0 0 0 0 0 0.2931957244873047 0 0 0 0.3759393990039825 0.2387092262506485 0 1.903557896614075 5.763895094394684 0 0.802779346704483 0 3.957220211625099 4.63430067896843 3.840897470712662 1.616014912724495 0.8153622150421143 0 0 0 0 0 0 0 0 0.4945798516273499 0 0 0 0.7206804156303406 0.1299066990613937 0 0 0.2144234552979469 0 0 0 0.248908057808876 2.023393735289574 7.18295507133007 0 0.1290629804134369 0 0 0.1475424468517303 0 0 0 0 6.683586552739143 3.372436255216599 0 0.2615271210670471 0 0.7108934074640274 2.44884991645813 3.770363211631775 0 0.4496420919895172 1.457643926143646 0 0 0 0 0.1183790862560272 0 0.1063816994428635 0 0 0 2.115799695253372 2.389225542545319 5.360605016350746 567.7950004711747 42.01736700534821 282.2381287515163 70.7929707095027 998.0480385050178 78.51890520751476 3.552060388028622 113.928468964994 9.173251673579216 0 1.89670404791832 0.2803367376327515 16.88209487497807 0 0 0 10.21690405905247 1.271624326705933
5336.223810911179 0 1113.565411038697 834.189731746912 3298.002994574606 299.8645780235529 6788.009060166776 261.797479018569 603.1594042479992 989.5439790561795 960.807836137712 112.8177959248424 983.8049695268273 982.6133416444063 40.989029340446 8.674790740013123 1.548014901578426 0.6880376115441322 0.2502926290035248 0.4218497574329376 1.232062190771103 0 0 0.1344613283872604 0.903781995177269 1.890173256397247 0.1241645514965057 1.262270018458366 0.7081230133771896 0.3228846341371536 1132.761415816844 118.1725836321712 265.9254906848073 0 0 0.9321609288454056 2.698979452252388 0.2113175094127655 1.478813111782074 1.315857857465744 1.878086231648922 1.098875746130943 0.636265866458416 1.252793990075588 0.8098996132612228 0.2024576365947723 263.2093204557896 19.76993956416845 0.9375190436840057 2.477101296186447 1.978880703449249 0.2216938883066177 0.6410227119922638 1.795033730566502 20.39287275075912 33.49512729048729 164.0481884926558 1188.670030601323 27.74801424890757 114.1440389454365 0.5046820342540741 2.700590759515762 0 73.37391596287489 19.56114012002945 16.96798734366894 11.64735125750303 4.100104473531246 4.716501355171204 2.455886520445347 68.70821598172188 42.31805568933487 0 583.9339011460543 423.6197567284107 171.3948503360152 71.17005724459887 5.428874045610428 32.86159547418356 210.7437630444765 1.298765763640404 23.25768580287695 72.4000041782856 2.111714772880077 24.52878398448229 28.54561586678028 21.43731869012117 0.9158159121870995 2.678882174193859 1.300124287605286 1.580654427409172 1.627959579229355 3.58746425807476 0.1377367079257965 2.39692696928978 414.2145828008652 23.45431482791901 0.8015406727790833 7.935829646885395 632.5843865424395 1.388166904449463 15.86413440108299 19.84605251252651 3.471949979662895 10.21614531427622 112.5632454007864 0.6149948537349701 92.92540907859802 36.43344737589359 14.34435261785984 7.308950945734978 48.16294717788696 75.46972990781069 48.3800812214613 22.05322531610727 0.3083088546991348 0 0 0 0 0 0 0 0 0 0.3567134141921997 0.1623202562332153 0.5008875578641891 0 0 0.1380048096179962 0.4993462711572647 0.6339070796966553 0 16.85246099531651 14.50549308955669 0 0.361991211771965 0 10.29153436422348 17.10521648824215 10.73810406029224 1.634832471609116 0.6867430731654167 0.572201132774353 0.3546724915504456 0.2534931600093842 0 0 0 0 0.1127285733819008 9.393704004585743 0 0 0 0 0.364839106798172 0 0.3660266399383545 0.1133998483419418 0 1.260105565190315 0 0 1.766880214214325 29.36437878012657 0.2742535769939423 0 0.3766519129276276 0.3257034122943878 0 0 0 0.1555337607860565 0.6470681875944138 42.40295421332121 0.9362578094005585 0 0 0.5418012961745262 10.03873206675053 5.282686740159988 11.80056874454021 0.4420258849859238 1.679966077208519 6.254323095083237 0.3453658670186996 0.2621020451188087 0.1087811067700386 0 0 0 0.3348725512623787 0.1541111320257187 0 0 28.9516821578145 5.196298539638519 15.84155441820621 1244.880556330085 138.6064486652613 872.6346947923303 230.891074039042 1633.113068424165 138.6673245429993 5.683439128100872 340.3231888264418 18.68677223473787 0.8493243604898453 6.275756731629372 0.4972399771213531 39.99344807863235 0.908404529094696 0.3474660813808441 3.5333132147789 26.51923855394125 2.94830684363842
643.3571924865246 1113.565411038697 0 13.97470557689667 925.6472678333521 22.7364901304245 151.2927101477981 2371.783958226442 128.6826029792428 12.78588479012251 2384.109867423773 63.14558615535498 206.8277336880565 356.1266066730022 29.43221734464169 10.86626007407904 3.477654971182346 5.084698691964149 0 3.253251016139984 22.89922458678484 0 0.6596924662590027 0.3154633194208145 15.21841000765562 14.27915227413177 0.1001225858926773 3.000058867037296 0.4686216339468956 0.1098742485046387 3080.097999669611 962.3067496269941 420.2102951183915 0 1.02818663418293 8.953429043292999 4.003196939826012 3.227881088852882 6.76689937710762 4.810520865023136 40.37173628807068 7.894392423331738 34.91585300117731 3.02926829457283 0.8794675022363663 0.127945601940155 84.6960786357522 8.582566045224667 4.656299084424973 49.55256519466639 6.309971451759338 1.328130207955837 1.941268175840378 2.515758253633976 6.336070843040943 11.85767243802547 70.8220798522234 826.2094863057137 9.86669360101223 42.54773490130901 3.184882432222366 43.01225212961435 2.167027309536934 277.0236413776875 4.911637060344219 5.31849579513073 8.119839943945408 14.7020228356123 172.7795895040035 103.9558549374342 63.30949426442385 15.08696799725294 0 223.9612835869193 308.0725822299719 75.6077628955245 44.23420707881451 12.45223557949066 715.0673599168658 1845.284415349364 9.704848229885101 1210.028911530972 17.08317586034536 0.4916549623012543 7.939506955444813 10.47255212068558 76.58739942312241 0.4752628579735756 2.184289641678333 0.7671956270933151 4.462292797863483 4.440066479146481 103.4281912595034 4.861265040934086 6.343971222639084 83.63877334445715 37.59555259346962 2.187662556767464 20.83845045417547 411.4534991905093 0 1.489263385534286 4.936412185430527 0.6761672794818878 2.571585677564144 12.57388204336166 0.8730525970458984 12.87847662717104 3.890661850571632 1.364752605557442 1.489417359232903 4.876982018351555 12.26824647188187 6.982279971241951 7.060719594359398 1.047893419861794 0.3538969457149506 0.1104334741830826 0 0.1607771813869476 0 0.2408862039446831 0 0.1753318011760712 0 0.6663323268294334 0 1.867393955588341 0.3754896521568298 0 0.2407418861985207 0.2903842628002167 0.5570205599069595 0 4.415984064340591 9.044805556535721 0.1698553860187531 0.7283567413687706 0.1255376935005188 5.131092146039009 15.82025711983442 10.966951854527 5.687684811651707 2.728149242699146 0.2918592691421509 1.402614459395409 1.640196979045868 0 0 0 0.3927922770380974 0.9632489383220673 1.287610046565533 0 1.108550921082497 0.8311642706394196 0.8920034393668175 3.81419426202774 0 0.1647184044122696 0.1102707609534264 0 0.8466634154319763 0.9942513108253479 0.2843231707811356 4.906639099121094 22.87151914834976 0.4886210560798645 0 0.2708544582128525 0.11561319231987 0 0.8612580373883247 0.4386243522167206 0.313984289765358 3.924597084522247 20.82345765829086 0.1765048503875732 0 0.5737836062908173 1.887793771922588 6.395733669400215 4.842009544372559 10.39484134316444 0.7513723894953728 0.4615342915058136 2.203469216823578 0.8341947197914124 0.6244112700223923 0 0.1361029446125031 0 0 0 0.4553795978426933 0.429555743932724 1.011149682104588 4.454234585165977 9.50105656683445 18.84438788890839 235.243231356144 50.04648476094007 215.2885142192245 88.37782291322947 433.9798513129354 42.77632012218237 1.836663462221622 66.53514169901609 9.603860020637512 0.7998002171516418 5.210146740078926 1.115111000835896 7.037530645728111 0.1580877900123596 0 2.62982564419508 11.36329270154238 0.318369597196579
845.9686839282513 834.189731746912 13.97470557689667 0 61.62719655036926 177.7100263535976 625.9682937562466 3.085029304027557 6.444137334823608 1269.164742991328 1.952243052423 80.97774064540863 208.3904458880424 0.5126116052269936 0.9101856499910355 0.4984702467918396 0.1390248984098434 0 0 0 0 0 0 0 0 0 0 0 0 0 8.072440281510353 0.613631084561348 0.8819969892501831 0 0 0 0 0 0 0 0.2152867764234543 0 0 0 0 0 7.714396253228188 0.5385522097349167 0.08395557105541229 0.2230542898178101 0 0 0 0 0 1.255774147808552 3.062807805836201 20.22545894980431 1.125892847776413 2.946575500071049 0 0 0 0.865687221288681 0.4124205484986305 0.3407729119062424 0.1025170162320137 0.1006639525294304 0.1784072667360306 0.108001172542572 3.137333333492279 3.797726556658745 0 17.78742853552103 10.0669853463769 2.426755525171757 1.154801070690155 0.2802970111370087 0 0.6191969364881516 0.4577805399894714 0.1360762864351273 2.008196964859962 0 0.5635954886674881 0.9265705645084381 0.7027142569422722 0 0 0.1252433657646179 0 0.1869984120130539 0 0 0 123.4219624400139 0.248596228659153 0 0.3481562584638596 60.238190934062 0.47597736120224 1.719456732273102 0.8589547127485275 0.1681098937988281 0.2372682243585587 7.470731556415558 0 3.659234195947647 10.47687411308289 0.7940156906843185 0.644296869635582 4.610585078597069 4.86984221637249 1.692812338471413 0.1670626550912857 0 0 0 0 0 0 0 0 0 0 0 0 0 0 0.2504250109195709 0 0 0 0 0.9072787165641785 1.299058720469475 0 0.3039485812187195 0 0 0.1818994581699371 0 0.359954833984375 0 0 0 0 0 0 0 0 0 1.018538355827332 0 0.3051958084106445 0 0 0 0 0 0 0 0 0 0 0.1952144503593445 0.3171637952327728 0 0 0 0 0 0 0 0 0 1.017367914319038 0 0 0 0 0 0.1904487013816833 0 0 0 0 0 0 0 0 0 0 0 0 0 0 2.138707160949707 0.1950128227472305 0 54.75152843445539 2.990642048418522 29.48849295079708 6.786823198199272 377.3081424534321 2.330110549926758 0.3847714364528656 10.76056375354528 2.023419469594955 0 0 0 2.301290556788445 0 0 0 1.029101699590683 0
1238.082109451294 3298.002994574606 925.6472678333521 61.62719655036926 0 54.66329328715801 2922.575943857431 455.9618192315102 3370.297712415457 504.8947085961699 3399.089820347726 79.25832272320986 1380.257946945727 3590.281087353826 72.91511293500662 14.48449143022299 1.927539460361004 0.6648375764489174 0.1867857724428177 1.1103176176548 1.186297327280045 0.1590907871723175 0 0.1160772815346718 0.2940929383039474 1.497342228889465 0.1738980114459991 2.679725110530853 1.53032685816288 0.3087161630392075 537.276625610888 179.2983493506908 316.7510521188378 0 0 1.230450518429279 2.400017127394676 0.2253617197275162 0.3221682906150818 1.281770184636116 2.050363153219223 3.732932537794113 0.2447602599859238 3.086827449500561 0.334330253303051 0.5292825251817703 278.5221888944507 14.3447216078639 1.602647364139557 1.515666261315346 2.871122553944588 1.089972652494907 1.797690480947495 1.159057877957821 9.776761755347252 25.99437897652388 34.56641027331352 193.0431132912636 12.13172297924757 114.4571316540241 0.8790315389633179 2.148144707083702 0 116.9354074895382 15.31547332555056 12.61869533360004 8.937858924269676 3.733330391347408 3.591359496116638 2.103573404252529 96.35350966453552 49.27453412115574 1.13773900270462 222.2986928671598 270.5911514386535 225.393943503499 120.1622686609626 10.48612286895514 33.26584792137146 177.3088733032346 0.46267169713974 21.27545329928398 37.17444764822721 1.550950899720192 15.72723332792521 25.85804583877325 23.39664057642221 0.8221712112426758 2.051748387515545 0.5451789945363998 3.036283940076828 3.149188421666622 1.427601680159569 1.248692914843559 3.373124055564404 471.4469817578793 26.91700281947851 0.8580076098442078 12.95334653556347 71.87555228173733 3.413222953677177 14.60621163249016 37.65801008045673 1.748586401343346 19.47057124972343 157.6405728980899 1.999359905719757 159.5938452333212 60.23668416589499 23.5410803258419 10.67263814806938 80.81219459325075 122.8460739552975 75.56675812602043 41.96650993824005 1.254352949559689 0.7615961134433746 0.6245993971824646 0.1607434302568436 0.3609049171209335 0 0 0 0.3068501651287079 0.3000749424099922 0.9171540811657906 0 0.497887909412384 0.3801330924034119 0 0.3587929755449295 0 0.4081101343035698 0.2402389198541641 23.27417965233326 36.04498913139105 0 0.4330859929323196 0 15.2028451487422 29.22312541306019 17.35955548286438 2.4409524127841 1.727666169404984 0 0 0.3604893237352371 0 0 0 0 1.337423890829086 8.790875837206841 0.3723274022340775 0.5538031309843063 0 0 1.327409610152245 0 0.1023088023066521 0 0 3.879243656992912 0.8653084635734558 0 2.626817412674427 62.20939206331968 0.5201081484556198 0 0.1133185550570488 0 0 0 0 0 0.6350508630275726 129.081355907023 0.9084340631961823 0 0 0.5729486048221588 16.60991775989532 10.3471461981535 20.2199599891901 1.474690914154053 7.85319696366787 5.109642833471298 2.861208572983742 1.869346037507057 0 0 0 0 0 0 0 0.2687016725540161 58.64750488847494 13.05664820969105 24.21243685483932 1176.261307835579 181.3016833811998 758.8662827685475 280.9643487334251 415.0823357850313 141.0767776370049 5.428553834557533 296.5283535793424 22.92441836744547 0.6879217475652695 8.35321256518364 1.87876358628273 55.54056020081043 1.123630598187447 0 3.302088260650635 33.78941059112549 3.047247543931007
64.23505139350891 299.8645780235529 22.7364901304245 177.7100263535976 54.66329328715801 0 461.1773008853197 5.724451690912247 22.95139820873737 410.837156906724 14.54814472794533 346.6756569445133 251.5524835139513 8.571427136659622 0.2516992092132568 0.2311361134052277 0 0 0 0 0.1532849073410034 2.793578997254372 0 0 0 0 0 0 0 0 1.487481594085693 0 16.59273011982441 0 0 0 8.117990091443062 0 0.6683947741985321 0.1773351281881332 0 0.4696323126554489 0 0 0 0 0.5889657586812973 0 0 0.2969364523887634 0 28.15034644305706 0.419533759355545 1.106424182653427 0 1.329990446567535 17.83648996055126 15.25397576391697 2.614454969763756 0.4031676799058914 0.8399601131677628 18.46187990903854 0 1.100700363516808 0 0 0.1611521542072296 0 0.3859400153160095 0 171.9168099015951 838.7053966522217 18.41328254342079 2.69540373980999 1.967153489589691 1.991268455982208 0.40018480271101 0 0 25.87669813632965 0.8136911541223526 13.44008875638247 0.3240388035774231 2.977582424879074 0.2234165072441101 0.462265819311142 0.3554790914058685 23.89648345112801 4.441400706768036 17.30658483505249 0.4518716186285019 2.625017955899239 0 0 3.462898030877113 267.8068499565125 49.03450989723206 66.58092278242111 4.347952082753181 276.4051645100117 0 2.441331535577774 1.322218120098114 0 0.9772119447588921 4.182940259575844 0.6082532405853271 2.619551792740822 1.92863729596138 0.4305712431669235 0.3109009563922882 1.075727134943008 3.052693054080009 4.612154453992844 3.526740625500679 0.8014614433050156 0.4503359943628311 0.2442848980426788 0.2455026060342789 0 0 0 0 0.3313447535037994 0 0 0.1368918865919113 2.269367709755898 0.5933432579040527 0.1928458958864212 0.2307773977518082 4.633925333619118 1.877826988697052 0.9091242402791977 0.5661235600709915 3.447850421071053 0 0.8608774095773697 0 8.772190034389496 11.74578127264977 10.03393185138702 12.65132202208042 4.512223534286022 0.1701795309782028 0 0 0 0 0 0 0.133266344666481 1.68327434360981 0 0 0 6.205629974603653 0 0.3259856700897217 0 0 0 0.3485910296440125 0.3198962211608887 0 0.9828159660100937 6.602047383785248 0 0 0 0.2085461169481277 0 0.4290650188922882 0 0 0.9708007723093033 11.46803916990757 16.05780656635761 0 0 1.384144216775894 1.058257102966309 2.636138796806335 1.66320775449276 0.16517274081707 0.6205528676509857 0.9537562280893326 0 0 0 0 0 0 0 0 0 0 7.524305358529091 13.22103731334209 22.27487337589264 95.37583869695663 2.483961373567581 3.508233748376369 2.794921934604645 88.4906761944294 0.4287348389625549 0.3187516927719116 3.5214773863554 4.282381772994995 0.6234508454799652 3.159716427326202 0 7.459503471851349 0.1987748593091965 0 0.6899820417165756 0.6155737638473511 0.2828688323497772
1654.184894695878 6788.009060166776 151.2927101477981 625.9682937562466 2922.575943857431 461.1773008853197 0 84.28826972842216 1324.810746990144 4626.361817240715 911.4542608112097 422.2503539994359 5635.168770834804 7226.815016716719 80.56720950454473 27.16413486003876 6.096433393657207 1.463165409862995 0.128542497754097 1.015034109354019 2.205039024353027 0.2061230838298798 0.2286827564239502 0.267653651535511 0.8411566317081451 1.541087046265602 0.372080460190773 1.37427344918251 1.182494506239891 0 148.155123449862 100.4250988438725 20.21090123057365 0 0 0.637142226099968 1.435408882796764 0.8018535375595093 2.791890420019627 0.5958137586712837 0.5399621725082397 1.673464804887772 1.130183219909668 7.087652236223221 0.3271315097808838 0.4439621493220329 199.3573115691543 8.797855518758297 1.4457783177495 1.245238982141018 1.894781172275543 4.645563676953316 0.2939692661166191 0.617785170674324 6.487109564244747 18.81991268694401 30.01953357458115 108.7870340943336 7.471683688461781 75.6871377453208 1.529281668365002 2.853968948125839 0.2018782496452332 66.18557419627905 8.219725772738457 8.524505630135536 5.058837555348873 2.967843733727932 4.453319571912289 2.629006080329418 93.60456689447165 94.5365324318409 0.9314329624176025 157.5627613663673 156.3532819598913 145.7506998479366 87.36865092813969 29.31364319473505 6.664710730314255 89.24358264356852 2.316655144095421 10.59601014852524 24.82593258470297 1.346629984676838 11.86090845614672 15.35571762919426 14.70505146682262 2.710177719593048 1.482967175543308 1.352619834244251 0.9826095774769783 2.375445857644081 3.195900425314903 1.043707102537155 4.211433202028275 1926.821951769292 31.38932467997074 4.539888828992844 7.177741527557373 75.47187266498804 4.62481552362442 39.31774654984474 68.97869062423706 5.425792500376701 26.84794037044048 304.6544413566589 4.405788645148277 285.1412560492754 129.0530619770288 47.8296512439847 23.60638558119535 159.7358338758349 249.1881030648947 140.2781827673316 52.47707812488079 2.130315952003002 0.3142171949148178 0.3555155992507935 0 0 0 0.152410626411438 0 0 0 0 0 0.7829138040542603 0.1896396279335022 0 0.1067727580666542 0.3817978054285049 0.1594517081975937 0.2436525374650955 42.91418151557446 52.93005326390266 0 1.026197791099548 0 18.97171112895012 37.59747143834829 22.71579810231924 3.215654514729977 3.026053957641125 0 0 0.1606253236532211 0 0.2915813475847244 0 0 2.7072918638587 17.49821228533983 0.2124121338129044 0 0.1414556801319122 0.7488766312599182 1.192974075675011 0 0 0.2482786774635315 0 5.268649719655514 1.093745648860931 0 3.616930074989796 79.58883862197399 2.951181970536709 0.3511819541454315 0 0 0 0 0 0.1383045464754105 0.2210301905870438 194.6665811017156 2.739856094121933 0.1631984710693359 0 0.5667620003223419 19.25675509870052 17.71538589894772 30.44619953632355 1.499759256839752 10.24902844429016 12.23321513831615 2.432596370577812 2.040314510464668 0.3367086499929428 0 0.1281594336032867 0 0.137346163392067 0 0 0.185899630188942 109.2584995999932 15.00408429652452 33.12078776955605 1350.921367771924 158.662875905633 637.936084613204 264.6677837520838 1021.07638964057 128.7242334112525 6.855777725577354 362.2216307446361 29.92110935598612 1.190065518021584 12.92803658545017 0.6453463584184647 94.14507656544447 1.57574412971735 0 3.051574483513832 32.27566057443619 3.965637981891632
122.9080403670669 261.797479018569 2371.783958226442 3.085029304027557 455.9618192315102 5.724451690912247 84.28826972842216 0 169.2855249717832 13.34388591349125 2129.413620814681 95.73955726623535 375.5071003586054 558.5029920786619 50.37494736164808 18.53064449876547 3.108573734760284 4.730960205197334 1.886727005243301 5.680436134338379 20.61107222735882 0 0.9531236886978149 1.027110695838928 15.26973017305136 21.34238795936108 0 2.646204002201557 0.3179892003536224 0.2840654999017715 575.5781083777547 995.3886272832751 700.2574713975191 1.580435112118721 0.6305590271949768 9.978059232234955 7.194821089506149 5.127570599317551 2.356364652514458 1.784806251525879 41.90818787366152 4.689302772283554 19.33576893061399 10.8478674441576 1.35972648859024 0.6670428216457367 139.6237920448184 7.334859818220139 2.133586525917053 25.34781613945961 6.572298720479012 1.173811748623848 2.439152970910072 4.189113549888134 3.303991571068764 6.98371034860611 9.230816468596458 83.16036380082369 5.071428269147873 42.08737090229988 13.82005794346333 64.52242013812065 3.605931237339973 275.7838752269745 3.698921628296375 4.004891753196716 4.506402894854546 13.6715239956975 107.044106759131 95.79021332412958 56.82798284292221 24.99404020607471 0.447257325053215 74.69719960540533 146.5570757314563 105.0978297144175 164.7342829853296 212.3492928296328 1944.818168640137 2880.501505956054 99.13077699393034 3556.232024006546 10.39995394647121 0.2202123254537582 6.136243499815464 6.931633718311787 55.99112330377102 0.2785252258181572 2.679810129106045 0.3920665234327316 3.278292380273342 4.414331436157227 87.19306635856628 6.244575932621956 5.736322991549969 72.31009306013584 17.86730897426605 1.185977086424828 12.10655008256435 10.35064301639795 1.039404809474945 2.040498837828636 3.905402094125748 0 0.4198122024536133 10.01458805799484 0 7.26692008972168 3.713089749217033 0.9695199131965637 0.1774343103170395 5.99471877515316 5.739752054214478 10.85886181890965 4.202489137649536 0.8984792232513428 0.2770204842090607 0 0 0 0.1095871180295944 0.1396623402833939 0 0.1892303973436356 0.4020605087280273 0.7552620694041252 0 1.236539743840694 0.4024595022201538 0 0.4707081317901611 0.7737764120101929 0.8965357840061188 0.2415900900959969 4.101853795349598 1.445791095495224 0 0.7636438459157944 0.1658211201429367 4.147971361875534 10.03572953492403 10.06250185519457 4.248241662979126 1.854981660842896 0.1272681355476379 0 0.3828659653663635 0 0 0 0.3226195424795151 0.3355801552534103 2.4844641238451 0.224182590842247 1.461887702345848 0.2502138763666153 0.6776939183473587 2.79929918050766 0.1386950761079788 0 0.3017359972000122 0 0.8414081633090973 0 0.1122480183839798 2.316960752010345 14.94883793592453 0.1195767447352409 0 0 0 0 1.081185400485992 0.1195675134658813 0.3665105178952217 3.042642205953598 8.935376763343811 1.587033063173294 0 0 3.459914229810238 1.564332023262978 1.712828539311886 4.067016340792179 0 1.317174017429352 1.990296646952629 0.1373234987258911 0.1683386862277985 0.3855864927172661 0 0 0 0.5053629279136658 0.334360271692276 0.1571396291255951 0.2921969890594482 4.166885152459145 3.63648497313261 12.38442143797874 385.3458216413856 51.73845615983009 298.4800231903791 101.9826325699687 49.36721713095903 40.17586646974087 2.382465280592442 120.0081391409039 5.224547050893307 0.5047719329595566 5.437711700797081 0.3919677212834358 5.026014149188995 0.476019412279129 0.1759931147098541 0.3111575990915298 9.664155445992947 1.092431679368019
24.00355653464794 603.1594042479992 128.6826029792428 6.444137334823608 3370.297712415457 22.95139820873737 1324.810746990144 169.2855249717832 0 295.877483740449 2267.167902722955 56.888880379498 1088.024068847299 3950.964551098645 52.76013625413179 15.63904864341021 1.324752166867256 0.7778072506189346 0 1.276620931923389 0.7137736231088638 0.1647424101829529 0 0.1809869259595871 0.6696483567357063 1.600340202450752 0.5151059478521347 0.6337471157312393 0.5047646909952164 0 58.17029587179422 67.48822365701199 29.35206139832735 0.2749501317739487 0 0.4684278964996338 1.22903248667717 0.8927183449268341 0.965930849313736 0 1.053681924939156 1.708010785281658 0.2667510882019997 2.46073829382658 0.526576966047287 0.415086641907692 119.9903269633651 3.178746715188026 1.165158644318581 0.755721777677536 1.606094092130661 0.828254297375679 0 1.097523525357246 2.351562798023224 6.708402089774609 4.801912859082222 18.03310955315828 3.719853863120079 33.94421430677176 0.6066572070121765 1.829110562801361 0 55.04002156108618 2.255505643785 3.315780997276306 2.47577903419733 1.305808432400227 1.590821899473667 1.409575968980789 57.60561525821686 38.12168142199516 0.4773887544870377 43.53954234719276 55.68201071768999 91.24842312932014 59.20531166344881 14.82706114649773 9.382220014929771 43.69245222210884 0.3186820298433304 5.99115202575922 6.847706981003284 0.3578228056430817 4.633799165487289 5.099545672535896 4.711445994675159 0.4362489506602287 0.7104695439338684 0.7366867661476135 0.5650380328297615 2.63507255166769 0.9283423572778702 1.135617569088936 1.856087148189545 475.9179751724005 14.17037764191628 1.38383860886097 5.703184127807617 6.607469409704208 0.7853472679853439 11.53914020955563 21.91317477822304 0.8445727676153183 8.929083742201328 112.5448688566685 2.067879021167755 95.00440869480371 40.05656350404024 13.3052039295435 4.718328051269054 56.96566600352526 87.60987100750208 53.72192493081093 25.12038157880306 0.7732492759823799 0.3905313611030579 0 0 0 0 0 0 0 0 0 0 0.2549364343285561 0.1638892143964767 0 0.1157721802592278 0.4054575189948082 0.2443761751055717 0 16.0867862328887 18.85311625897884 0 0.1622648388147354 0 7.422899551689625 14.20486342161894 12.62423108518124 1.364632412791252 1.09588098526001 0 0.3764884769916534 0 0 0.2010132670402527 0 0 0.8152312040328979 5.882894687354565 0.2957194373011589 0 0 0.3851969689130783 0.5581740438938141 0 0 0 0 2.451462462544441 0 0 0.8885089904069901 31.94714862108231 0.9038364440202713 0.1508066803216934 0.1454436033964157 0.1539221405982971 0 0 0.18186055123806 0.1322636753320694 0.6374086141586304 70.1027299836278 1.440119028091431 0 0 0.3712137490510941 6.989280626177788 8.294064030051231 9.367978528141975 0.4285768121480942 1.212916761636734 6.315832234919071 1.645973384380341 0.8549743145704269 0 0.4034919515252113 0 0 0.2143311500549316 0 0.1311459541320801 0 37.38771837204695 5.712505750358105 12.2401469796896 678.5485388413072 83.86505738645792 338.8936715871096 165.8052632808685 75.0187766328454 63.78583558648825 3.192347787320614 203.5252313390374 13.07566314935684 0.4330313056707382 4.498762674629688 0 27.7659280449152 0.5914776474237442 0 2.045195236802101 21.34012103825808 2.407997220754623
890.1738380938768 989.5439790561795 12.78588479012251 1269.164742991328 504.8947085961699 410.837156906724 4626.361817240715 13.34388591349125 295.877483740449 0 50.12306562066078 488.1239031255245 2947.671574421227 80.60139166563749 8.409027710556984 6.823847927153111 1.035472437739372 0 0.1812985241413116 0 0 0 0 0 0 0 0 0.1291063576936722 0 0 7.819991961121559 1.32864211499691 15.15557442605495 0 0 0 1.056084215641022 0 0.1699644923210144 0.1246950179338455 0 0.1797942966222763 0 2.139177203178406 0 0 11.86340770870447 0.7052625864744186 0 0.1325807422399521 0.3726893961429596 2.069045022130013 0 0 1.434538915753365 1.102818444371223 11.86766223609447 31.377267152071 2.45264333486557 3.198115862905979 0 2.652150496840477 0 3.186718888580799 0.5213760957121849 0.4345819652080536 0.6642625108361244 0.4313424080610275 0.4814265072345734 0 49.91369651257992 97.70973925292492 0.872344434261322 26.43785434961319 11.89124801009893 6.665872186422348 4.444480083882809 2.510414630174637 0.3998047411441803 38.93619126081467 0.388020396232605 1.499268658459187 1.559463538229465 0.7629206106066704 0.3711191117763519 0.7133435904979706 0.9336754679679871 2.252651661634445 1.452128566801548 1.359243258833885 0.1379309296607971 0.7403806746006012 0.3879069536924362 0 0.7373364865779877 1717.995000824332 15.59484851360321 2.715753898024559 1.179239675402641 372.8724334985018 0.6114839315414429 14.61773523688316 21.84725093841553 0.7380078136920929 6.566116452217102 113.879767626524 2.653814896941185 75.57258611172438 83.37580481171608 13.70674487948418 4.691288128495216 39.22433479130268 63.69803726673126 47.67968234419823 15.84222289919853 0.6944893226027489 0.1593283861875534 0.1684274971485138 0 0 0 0 0 0 0 0 0.1542485505342484 0.1992522776126862 0 0 0 0.9341718107461929 0.3561943024396896 0 10.34911147505045 11.30401153862476 0 0 0 4.063129149377346 6.721974305808544 2.481180861592293 2.510088056325912 0.9124882891774178 0 0 0 0 0 0 0 0.4133012145757675 3.703278318047523 0 0.3184454441070557 0 0.4544916152954102 0 0 0 0.2666149064898491 0 1.947717845439911 0 0 0.3594577014446259 17.3000747859478 0 0 0 0 0 0.1226528733968735 0 0 0.1428672522306442 27.62441292405128 3.852245673537254 0 0 0 2.955201804637909 2.122702240943909 4.445400074124336 0.2943150103092194 2.688627928495407 3.257433012127876 1.882177829742432 0.3180874586105347 0.1623052805662155 0 0 0 0.2550333142280579 0 0 0 21.56336537003517 3.45019406080246 5.398601621389389 261.0894992575049 7.477359116077423 48.81227527558804 20.403714671731 593.6654461994767 6.859216012060642 0.4844003021717072 40.1269803494215 11.99527555704117 0 3.335125625133514 0.1781103014945984 27.20190116763115 0.2985929846763611 0 1.274976462125778 2.169974491000175 0.3810242116451263
230.4670914337039 960.807836137712 2384.109867423773 1.952243052423 3399.089820347726 14.54814472794533 911.4542608112097 2129.413620814681 2267.167902722955 50.12306562066078 0 1077.750218838453 3318.118400909007 6285.873936623335 64.21085125952959 30.58069550991058 5.252436317503452 0.4287065044045448 0 0.3504215255379677 0.9738041758537292 0 0 0 2.169859156012535 1.128155171871185 0.4850826859474182 0.8337505310773849 0.6923184841871262 0 177.771441064775 155.5637392997742 1006.08692163229 0 0 2.992149025201797 15.17564745247364 0.8511237651109695 1.530305802822113 1.147274918854237 1.69298043847084 0.9539013653993607 1.588556908071041 7.374815233051777 0.3348991572856903 0.1449443995952606 118.391806088388 2.486877307295799 0.8104206919670105 2.107620179653168 0.9068442136049271 1.497155517339706 0.222465768456459 0.2121685296297073 2.368311867117882 6.009571462869644 7.177361845970154 36.24998123943806 1.917271673679352 33.08477388322353 1.530165582895279 5.556152515113354 0 73.98013554513454 2.269373439252377 2.777531437575817 2.295134700834751 2.028476007282734 14.09951569139957 3.535507060587406 92.45138789713383 30.13342958688736 0 44.94158457219601 71.09439465403557 91.86076239496469 70.70402278006077 34.6225301027298 321.994662001729 1283.046933189034 2.760880328714848 89.93988068401814 7.720434509217739 0.3252746984362602 3.646342732012272 7.345837660133839 8.120451875030994 0.460908055305481 0.8805172443389893 0.4650502577424049 1.277209483087063 1.254124715924263 8.14324889332056 1.121516942977905 0.4074952304363251 223.4730196893215 30.22998703271151 0.5254364013671875 4.298015505075455 10.84954215586185 0.4987230896949768 4.793528571724892 13.56134432554245 0.9642477631568909 3.341484814882278 51.0585083886981 0.6301279664039612 37.35516801476479 16.56999832391739 5.8450076431036 2.935260608792305 23.16709317266941 37.03648921102285 31.57310935854912 14.74463471770287 1.198135375976562 0.1587376147508621 0 0 0 0 0.4984382688999176 0.1621291935443878 0 0 0 0.1316896677017212 0.1492400765419006 0 0.5039053559303284 0.1473740041255951 0 0.1503013521432877 0 10.89559392631054 7.490387246012688 0 0.2885286211967468 0 5.964883685112 13.22852493077517 7.433481626212597 1.265266761183739 0.9740117639303207 0 0 0.1879645735025406 0 0 0.1254352480173111 0 0.142530232667923 2.800100386142731 0 0.160562127828598 0 0 1.211187958717346 0 0 0 0 1.461772128939629 0 0 0.6454655602574348 19.00776353478432 1.434808164834976 0 0 0.2285977154970169 0.2927771508693695 0.1367504149675369 0 0 0.1458041220903397 30.67137455940247 0.3812075853347778 0 0.1165047362446785 0.451523095369339 5.943021237850189 2.599456593394279 4.715743623673916 0.9487033486366272 0.8607833832502365 4.225781790912151 0.2771248817443848 0.5380449146032333 0 0 0 0 0.1548643857240677 0.1239582076668739 0 0 11.87700687348843 4.425939202308655 9.088282100856304 717.3377989083529 59.89114509522915 338.5849658995867 157.5040585845709 74.85860846191645 58.78691856563091 2.460886150598526 232.5804779529572 11.50582751631737 0 5.91082751750946 0.4720235615968704 17.08245897293091 0.3491418659687042 0 1.568418607115746 23.82180225104094 1.588288694620132
67.92122782766819 112.8177959248424 63.14558615535498 80.97774064540863 79.25832272320986 346.6756569445133 422.2503539994359 95.73955726623535 56.888880379498 488.1239031255245 1077.750218838453 0 1247.139463193715 592.8226957768202 58.27516737580299 35.08905624598265 9.337973169982433 0.5463508293032646 0 0.1928102225065231 1.723369911313057 0.4496471583843231 0 0 3.621964737772942 1.499290972948074 0.2009643316268921 0.7394060492515564 0.155684307217598 0.7105293124914169 13.14647039026022 25.40514643490314 214.8917072564363 0.2650916874408722 0 7.216015681624413 16.74242575466633 3.394429877400398 2.545569375157356 6.271159738302231 2.591709464788437 0.4329675585031509 0.838025376200676 12.99889511615038 0 0 45.89888481795788 1.04914241284132 0.2055357918143272 2.085515849292278 2.117890410125256 4.126250103116035 0.8889241367578506 0.4377052783966064 0.9963167533278465 1.266301944851875 1.790023006498814 4.457929380238056 0.7744985073804855 8.292027525603771 2.81881257891655 17.00086319446564 0 22.8888878673315 0.776004321873188 0.7043208628892899 0.5959617495536804 4.032650738954544 11.92069851607084 1.348453901708126 158.6942006871104 154.41985706985 2.685153678059578 12.69910243153572 12.32794380187988 31.98926489800215 36.27759584784508 34.50532361865044 5.452544510364532 467.560890994966 6.520083367824554 13.93005704879761 1.632870517671108 0.5058171302080154 0.4834880381822586 1.35043291002512 5.854221031069756 6.815279886126518 2.276202671229839 2.781917884945869 1.563804641366005 3.003558851778507 6.403016828000546 0.8001979887485504 2.289158083498478 2296.629555232823 93.50923601537943 15.01415748894215 7.9960677921772 54.46688352525234 0.5002474188804626 6.273832023143768 12.85987071692944 0.9610407203435898 8.771192744374275 64.78510669618845 0.7086478024721146 41.45659301429987 24.26612828671932 7.373215526342392 3.555809512734413 29.12058399617672 46.08366478979588 41.20885169506073 23.55150128155947 1.054560139775276 0.4298980832099915 0.3091026842594147 0 0 0 0 0 0 0 0 0.1530352681875229 1.406427383422852 0.1581114381551743 0.1759747564792633 0 1.445472598075867 0.6517795771360397 0.4215524792671204 14.05318911373615 10.64294503629208 0 0 0 11.7674300596118 20.09368635714054 14.82474768161774 3.539202958345413 2.257542587816715 0.1492412835359573 0 0 0 0 0 0 0 4.904140941798687 0.5066781118512154 0 0 0.3115571588277817 0.1091619953513145 0 0 0.4462364464998245 0 0.875201478600502 0 0.2205453366041183 0.5671210736036301 21.74140867590904 0.3414803892374039 0.1659810245037079 0.221768245100975 0.3825763016939163 0 0.2010827511548996 0 0.1825820058584213 0.1848454624414444 49.85798063129187 3.093960776925087 0.2574437856674194 0 0.1532127559185028 8.510959804058075 3.544310972094536 6.127339370548725 0.3441119194030762 3.863931462168694 3.322612941265106 4.095263957977295 0.1427787095308304 0.1565987467765808 0 0 0 0.1027464345097542 0.1797328591346741 0 0.3319342434406281 21.64530905336142 9.81536228209734 18.59296931326389 446.9664001613855 20.26868970692158 172.0270208865404 89.9507157355547 89.87862755358219 23.410389944911 1.752686865627766 160.6127937063575 7.994969807565212 0.1613194793462753 8.288620866835117 0 15.3981536179781 0.6372708678245544 0 0.5877476334571838 13.90148425847292 1.686903268098831
