0 5761.149208903313 1382.505283392966 2511.624878674746 840.3231015950441 67.31929335743189 2245.423988059163 130.6930181458592 30.3501370921731 1351.708130247891 303.4753109812737 200.7816621512175 434.9997806996107 160.2634430006146 2.983310773968697 3.501771360635757 0 0.5786730051040649 0 0 0 1.870952904224396 0 0 0.3693450167775154 0.8531817495822906 0 0 0 0 495.5492043197155 13.84611052274704 31.03705405443907 0 0 0 7.471629619598389 0.3022303879261017 0.4660099744796753 0.2558233886957169 3.798681348562241 0.3289103507995605 0 0.1403790265321732 0 0 32.16272512078285 3.020943194627762 0 0 0.5355163142085075 9.82074473798275 0 0.4482796937227249 18.84766262769699 20.60381274670362 475.2678852006793 1339.988562986255 75.71530366688967 10.46154405921698 0.3325835466384888 1.585727855563164 0.3023956120014191 2.480277597904205 3.289155647158623 2.071149587631226 0.313439205288887 0 0.7036321461200714 7.973492294549942 54.03848845511675 140.4585445672274 2.519274920225143 410.9175219610333 36.10230819880962 22.62366259843111 0.8853630870580673 0 11.08432614803314 134.7386539727449 0.3083187937736511 10.3840966373682 21.31040700525045 1.622988075017929 2.631170272827148 1.155647590756416 0.7044158279895782 11.31437301635742 2.025957472622395 8.427862942218781 0 0.2453667819499969 2.719106167554855 0 0.6085484772920609 185.2554427012801 68.05095218122005 23.7035167068243 5.353182286024094 2659.203765504062 0 0.4123484343290329 0 0.4070647209882736 0.84053073823452 66.69749149680138 0 7.897340476512909 11.84530207514763 1.995603710412979 1.219054043292999 4.720436751842499 5.051110699772835 3.465192437171936 0 0.2313930839300156 0.4519845843315125 0 0 0 0 0 0 0 0 0 0 0 0 0.3509868830442429 0 1.304724082350731 0 0 0 0 0 0.3010942041873932 0 0.1115786880254745 1.136378720402718 0.3559896051883698 2.187175303697586 0.2320157438516617 0 0.2777704298496246 0 0 0 0.8348189443349838 0 0.3091295957565308 0 0 0 0.7938579916954041 1.062813356518745 0 0 0 0 0 0 0 0.4814808666706085 0 3.163998931646347 0 0 0 0 0 0 0 0 0 2.56429523229599 1.523253113031387 0 0 0.1779849380254745 0.2639876306056976 0 0.5492214560508728 0 0 1.027792409062386 0 0 0 0.1755648851394653 0.5679863095283508 0 0 0 0 0 1.417067915201187 2.324293792247772 3.974777296185493 292.1603258922696 23.44859021157026 125.5294855982065 40.16071642935276 1153.208225801587 62.04807508736849 3.003621086478233 33.31773904711008 4.842921644449234 0 3.347658157348633 0.2121204733848572 4.72094652056694 0.4958900809288025 0 1.368475556373596 0.3674823045730591 0
5761.149208903313 0 1566.505393445492 216.9109963178635 2735.542022570968 43.27257417887449 3180.709337413311 857.7062054350972 576.6236411333084 190.9118944108486 2304.329140685499 7.683730840682983 1631.274001181126 1156.735080517828 27.84443448483944 7.072835817933083 0.2733112424612045 0.8743379712104797 0.171059787273407 0.5550780966877937 0.6571731269359589 0.5546700358390808 0 0.4711634069681168 0 2.800079941749573 2.2719936221838 1.218495428562164 0.4214195981621742 0 2203.216446951032 76.58865200728178 55.80292277783155 0 0.2222978919744492 0 6.937369167804718 0.5265055298805237 0.4102108329534531 0.2532647624611855 13.93875661492348 2.686834514141083 2.624640747904778 0.5018448904156685 0 1.656896695494652 162.7709753140807 12.8030426427722 2.168422654271126 0.6458799242973328 0.7948731780052185 1.289652422070503 0 2.191922955214977 37.17919957637787 46.74297595769167 151.7457878366113 737.355550237 35.74163492023945 48.16482399404049 1.559418812394142 1.390774101018906 0.6004380583763123 71.01892443746328 10.36343432217836 4.126721911132336 2.644846126437187 1.720358714461327 4.816376097500324 10.05749393999577 2.638141699135303 23.27983382344246 0 369.8218559101224 108.1435778215528 185.2336034551263 20.15971290320158 2.98251648247242 60.99982240796089 423.092937707901 0.2414657771587372 12.36667142808437 58.49632059037685 1.791193395853043 10.38197852671146 6.521804392337799 8.292652532458305 0 1.448902361094952 0.660032257437706 0.4156488180160522 1.71650155633688 6.944720804691315 1.60286708176136 2.254728257656097 82.60937505960464 8.17983440309763 0.2108271420001984 0.4190538451075554 1296.209428176284 0 0 3.892778813838959 0.3325305581092834 8.012017339468002 120.7202318161726 0 24.43255174160004 7.50513930618763 8.645846799015999 1.213730990886688 21.38701294362545 12.32214985787868 9.078337088227272 6.030027106404305 0.575844444334507 0 0 0.3458483517169952 0 0 0 0 0 0 0 0 0 0 0.1779059171676636 0 0 0 0.2937652468681335 0.1275656223297119 0.2197686731815338 0 0 0 1.241635680198669 2.401804447174072 1.118983753025532 0.5035653412342072 0.2303313761949539 0.6818984895944595 0.4689675644040108 0 0 0 0.2423081398010254 0 0 2.082089245319366 0.4063187539577484 0 0 0.1371299773454666 1.056556060910225 0 0 0 0 0.7158550024032593 0 0 0 4.965258881449699 0 1.331269085407257 0.2601860463619232 0 0.1130367740988731 0.1333396434783936 0 0.3274392783641815 0.2252440899610519 21.74766878783703 0 0 0 0.2292483597993851 4.653199002146721 0 1.257989123463631 1.245799258351326 0.4707096517086029 0.7065363824367523 0 0 0.1457029581069946 0.2143879681825638 0.1309559494256973 0 0.2647781670093536 0.1814392954111099 0.1179900914430618 0.4204134047031403 11.95246301591396 9.873263046145439 3.228178009390831 486.0982947349548 119.3354960083961 444.5952121391892 117.0026822984219 709.482213973999 75.14719961583614 4.680524975061417 133.0498893335462 34.44138184189796 0.1342586576938629 3.180320844054222 0.3134359121322632 7.421894028782845 0 0 3.59285406768322 1.756186664104462 0.562768280506134
1382.505283392966 1566.505393445492 0 9.225237540900707 1335.323555484414 12.24891509115696 294.5744343101978 2989.515433102846 214.030367448926 30.68723663687706 4172.26943141222 12.93532194197178 1565.280097976327 1442.629588544369 11.25533896684647 5.121213994920254 4.034855857491493 13.02794520556927 0.8685041069984436 23.69601429998875 49.13401082158089 0 12.91733573377132 3.457558274269104 1.90150648355484 45.41406954824924 14.07417552173138 2.605648264288902 1.573306486010551 0 5280.20337087661 1701.456014238298 240.9682719036937 2.997323468327522 14.65941634774208 5.801310017704964 11.71509701758623 0.8393605500459671 1.290543906390667 1.679035097360611 206.6749496310949 28.7147644162178 31.69853031635284 0.3691768050193787 1.181991428136826 2.87323459982872 84.25243812799454 13.9060840383172 3.834912285208702 23.00237150490284 6.445340231060982 3.280148476362228 0 7.906279541552067 20.46400182694197 24.18336416780949 191.771926112473 1606.219573505223 31.73503472656012 25.78375746309757 12.76665437221527 6.769661277532578 28.85296104848385 214.34965698421 5.317261248826981 6.040866538882256 5.308562465012074 14.32221072912216 36.39618465304375 326.9926085025072 20.65459275245667 27.6056821346283 0 292.4867137819529 155.3485786169767 89.87936379760504 12.23709147423506 3.018329501152039 678.429388448596 3378.679020643234 1.586762234568596 292.7489716336131 35.81239741295576 0.4313982501626015 3.904743529856205 3.357327647507191 12.77350787073374 0.1899484097957611 2.176685452461243 0 0.1814965754747391 0.8910600543022156 103.8892885223031 2.222859218716621 6.557249613106251 15.98749946802855 7.387402832508087 0 1.321162059903145 627.2431520521641 0 0 1.970213621854782 0 4.734561339020729 18.12421523034573 0 16.06730718910694 6.430035546422005 1.668712377548218 3.691973805427551 8.672056898474693 4.116472274065018 10.39562702178955 3.636997073888779 0.4137133657932281 0 0 0 0.5189544707536697 0 0 0 0 0.5016527026891708 1.644331052899361 0 0.1148024201393127 0 0.216002382338047 1.460601925849915 0.2330204099416733 0 0 0 1.276037290692329 0 0 0 1.918016716837883 1.146817155182362 0.2865435183048248 1.400737166404724 0.1086064353585243 0.7803603708744049 0.7749273478984833 0.4082414656877518 0 0 0.7824775576591492 0 0 3.495649516582489 0.1715109646320343 0 3.265464425086975 0 3.556356996297836 0 0 0 0 0 0 0 0.3774551153182983 3.53536044806242 0 0 0 0 0 1.414309114217758 0 0 2.557504415512085 22.73337708413601 0 0 0 2.715116947889328 0.4912654310464859 0.584577202796936 1.501774400472641 0 0 1.06578566133976 0 0 0 0 0 0 0 0.2147128582000732 0 0.8970078229904175 4.576797112822533 6.948940962553024 6.781439393758774 173.6588020473719 72.62763783335686 222.3886805251241 61.07563787698746 319.9595775157213 49.95034658163786 4.152604982256889 51.1378123536706 13.08124399930239 0.3318412303924561 4.268753096461296 0.4157229363918304 9.806109577417374 0 0 1.749478749930859 0.7925776094198227 0
2511.624878674746 216.9109963178635 9.225237540900707 0 42.40640343725681 282.2941849678755 1616.965656109154 2.846153825521469 72.73806911706924 2261.532373994589 11.06630781292915 53.33378082513809 666.7466172724962 101.3903190940619 2.860781341791153 0.1159102693200111 0 0.2090977877378464 0 0 0 0.4813618063926697 0 0 0 0 0 0 0 0 40.93547096848488 0.1404785066843033 0 0 0 0 0 0 0 0 0 0 0 0 0 0 12.7343587577343 1.095863789319992 0.1438522785902023 0 0 0.2209401279687881 0 0 5.696304470300674 5.723630554974079 32.017991989851 54.01774251461029 5.879766054451466 4.706211894750595 0 0 0 2.958238631486893 1.204767674207687 0.8290864080190659 0 0 0.1237885430455208 0.60504050552845 1.399168118834496 2.348151206970215 0 50.91185182332993 10.0923182964325 13.88058702647686 1.006161719560623 0.2256213575601578 0.6467310190200806 0.8635682985186577 0 1.347800612449646 7.72446945309639 0 0.8125156909227371 0.3372782096266747 1.345061205327511 0 0 0 0 0 0.1710482388734818 0 0.7426037639379501 80.34350277483463 0.4213948845863342 1.027459919452667 0.4313778877258301 197.7795935124159 0 0 0.3762328922748566 0 0.4818875789642334 61.09419323503971 0 8.378577426075935 7.233057990670204 3.476888164877892 1.162495315074921 4.774998471140862 4.214318618178368 2.041045054793358 0 0 0 0 0 0 0 0 0 0 0 0 0 0 0 0 0 0 0 0 0 0.1404546350240707 0 0 0 0 0 0 0 0 0 0 0 0 0 0 0 0 0 0 0 0 0 0 0 0 0.1188700050115585 0 0 0 0 0 1.011626467108727 0 0 0 0 0 0 0 0 0 2.443967267870903 0 0 0 0 0 0 0.7550389766693115 0 0 1.041638135910034 0 0 0 0 0 0 0 0 0 0 3.123840972781181 0.9573535323143005 0.2309302687644958 150.2383038252592 7.418182395398617 52.71822948753834 10.95611365139484 703.0618711858988 10.33621679246426 0.646491140127182 12.00589349865913 5.512300670146942 0 1.654379457235336 0 5.889647543430328 0 0 0.3481059968471527 0 0.2395243793725967
840.3231015950441 2735.542022570968 1335.323555484414 42.40640343725681 0 11.52619707584381 4518.657788902521 1160.610473677516 3523.017046205699 412.5344418436289 6175.075497366488 5.255925893783569 1598.27932407707 1545.587118133903 53.67211619764566 24.40216518938541 1.166871033608913 1.052014358341694 0 1.983447968959808 1.231776162981987 0.1590806245803833 0 0.4956731647253036 0 2.891801163554192 0.6510607972741127 0.7935447096824646 3.216396436095238 0 331.2339825108647 60.34701906144619 14.1970636099577 0 0.2065507173538208 0.2893684208393097 2.098831340670586 0.4713889509439468 1.508003182709217 0.5497244745492935 2.297675251960754 4.990551128983498 0.5709991753101349 1.107137933373451 0.2802110612392426 0.1261106729507446 194.1058728992939 9.469599239528179 0.2896381914615631 1.874281100928783 1.389366395771503 1.042260214686394 0.1917439848184586 3.963923893868923 20.26542434096336 29.65113521367311 32.0409263074398 145.08581584692 10.6093708127737 53.36730541288853 2.834069676697254 2.2326420545578 0 104.607504144311 10.3166943565011 5.718501225113869 1.11740018427372 1.14515083283186 2.628860913217068 2.406417280435562 8.955813601613045 33.05596919357777 0 132.8349705934525 82.42064952850342 249.1018036231399 46.63190844655037 12.23173828423023 20.76967069506645 80.04274829477072 0.2142495810985565 3.859018921852112 37.347601801157 0.9420653730630875 7.999970130622387 6.592491269111633 12.67101462930441 0.4684154093265533 2.351801909506321 0.7788670286536217 0.9986849054694176 3.384234242141247 2.097531087696552 2.189332567155361 6.816793143749237 178.2825159579515 3.490801796317101 0.4501372277736664 0.8136249706149101 81.52047733217478 0 0.289081484079361 6.685532227158546 1.217676386237144 19.41598778963089 80.95147053897381 0 74.02403270453215 16.07709784805775 18.20834581553936 7.92168453335762 58.65700806677341 36.83290059864521 36.1400001347065 8.379454106092453 0.7144455760717392 0.1480068117380142 0 0 0 0 0.4013931602239609 0 0 0 0 0 0 0.4677418023347855 0.1125004217028618 0 0.1461604684591293 0.5838258415460587 0.2223973125219345 1.166529655456543 0.5660588443279266 0 0.6461840569972992 0.2116351127624512 2.733487516641617 2.516593553125858 1.616892173886299 1.033048063516617 0.1209557130932808 0 0.6822570115327835 0 0 0 0.698583573102951 0 1.237296402454376 7.023774355649948 0.3518122285604477 0 0 0 1.129501536488533 0.4013785570859909 0.1635677665472031 0 0 0.9957030117511749 0.2060190141201019 0.4514057785272598 0 15.45303424447775 0 0.2293090373277664 0.258155345916748 0.1887435019016266 0 0.3934716880321503 0 0.1487390846014023 0 54.42251385748386 0.3482725322246552 0 0 0.2240525633096695 8.442258164286613 1.928178086876869 5.178162895143032 1.675434723496437 0.3308376371860504 3.929304480552673 0 0.1426829993724823 0.5451254546642303 0.1665815114974976 0 0.2714798748493195 0.1487259715795517 0.1617548018693924 0.3287783265113831 0 33.46159178763628 6.065301075577736 5.715374335646629 740.7606391832232 209.5144461765885 474.7756362184882 157.2998024895787 218.198451474309 91.58511659502983 7.218143500387669 184.1299075782299 49.74289090186357 1.549667537212372 13.35985066741705 0.9972196072340012 14.30367484688759 2.002394840121269 0 6.930320918560028 2.395944528281689 1.387516245245934
67.31929335743189 43.27257417887449 12.24891509115696 282.2941849678755 11.52619707584381 0 250.71572740376 1.435507923364639 23.24582789838314 569.6066280901432 7.667148053646088 372.6143095344305 322.041264526546 14.27798488736153 3.070925302803516 6.931186854839325 0.6064839363098145 0 0 0 0 6.377894282341003 0 0 0 0 0 0.1474182456731796 0 0 2.83813151717186 0.4503010958433151 35.39067995548248 0 0 0 11.58990369737148 0 1.627910554409027 0 0 0 0 0 0 0 3.94581189006567 0.1817553788423538 0 0 0 48.21419648826122 0.7107188105583191 1.450808994472027 0.9081123471260071 1.14644068479538 145.2014556676149 16.51514238119125 2.239116914570332 0.1373765915632248 0.3843576163053513 4.243243530392647 0 0.6612104475498199 0 0 0 0 0 0 141.1379258781672 542.6924225091934 5.911536633968353 5.727668389678001 1.586380437016487 2.176877737045288 0.6396637409925461 1.047665491700172 0.4566884338855743 64.97806087136269 2.044906705617905 4.54088094830513 1.189028576016426 8.115655541419983 0.3884946703910828 1.053823113441467 0.1231420785188675 40.13938422501087 3.887995630502701 33.79049709439278 0 0.3970971405506134 0 0 0 173.474919423461 162.8545055985451 126.7219089716673 13.31020191311836 360.69762134552 0 0 0 0 0 4.805715054273605 0.31251460313797 1.414271742105484 0.951360896229744 0.8351039290428162 0 2.234155744314194 0.2982707917690277 0.7280207574367523 0 0.8865438252687454 0.5879473835229874 0 0 0 0 0 0.2800768315792084 0 0 0 0 0 0.160836786031723 1.126635149121284 0 2.109849482774734 1.431170269846916 0.1714854836463928 0 0 0.6187912672758102 0.8081083595752716 0 2.880316108465195 1.290324926376343 1.395973563194275 11.09760975837708 2.930070653557777 0 0 0 0 0 0.364497110247612 0 0 0.983323335647583 0 0.3665529787540436 0 6.92964868247509 0 0 0 0 0 0 0 0.6768604665994644 0.9131912291049957 2.145249247550964 0.2918819487094879 0 0 0 0 0 0 0 0.2601695656776428 1.148010909557343 11.82934679090977 0 0.272875040769577 0.516500249505043 0.1801465451717377 0.3839451372623444 0 0 0 0 0.2107404172420502 0 0.6653290987014771 0 0 0 0 0 0 0 2.595499336719513 5.096542865037918 14.22807104885578 43.25551472604275 4.210357010364532 10.97956062853336 4.173414617776871 96.57100710272789 3.555588230490685 0 6.725713260471821 1.304493635892868 0 0.7172430008649826 0.1631391793489456 1.533195808529854 0 0 0 0.321502685546875 0
2245.423988059163 3180.709337413311 294.5744343101978 1616.965656109154 4518.657788902521 250.71572740376 0 186.927425481379 2898.23023879528 3339.116521410644 1415.530713953078 45.69598135352135 2972.35159419477 2560.163537621498 106.8462237641215 62.10958357155323 1.170798748731613 2.392797537147999 0.2344008386135101 1.261371150612831 0.8720227852463722 0.7485208511352539 0.3928081691265106 0.3046118915081024 0.5721345543861389 3.530835784971714 0.4098651558160782 2.202180169522762 5.231595151126385 0 260.5460482761264 81.66207226365805 2.720177479088306 0.3334116041660309 0 0.1337203830480576 2.326522305607796 2.6532933562994 3.513234511017799 1.526510164141655 3.197697207331657 5.389795668423176 0.6372741386294365 5.456402935087681 0.1249401420354843 2.068310335278511 345.6396541297436 16.9002452865243 1.713275417685509 3.401511259377003 3.418189182877541 3.053796395659447 2.022305697202682 7.511642582714558 51.9770240932703 64.97107126563787 112.3055833876133 326.4749629274011 28.13043703883886 100.0208933576941 8.031706683337688 4.985156178474426 0.8615154623985291 154.1790733113885 21.58259380608797 13.04663012176752 1.905640587210655 2.50627439469099 6.036561168730259 3.517011702060699 16.37391976267099 61.49582327902317 0.2073178589344025 351.1953435689211 151.5712221041322 452.130792401731 90.03921458870173 37.03268424421549 31.09986009448767 16.25046996027231 2.243515379726887 11.68444969505072 79.70013204216957 2.283178001642227 16.65740618109703 15.33454087376595 21.74152012914419 0.1395867168903351 5.242346845567226 2.047176599502563 2.166968680918217 5.493908360600471 1.792702101171017 3.911744438111782 11.54218713194132 808.7266544252634 6.418660089373589 0.1179007440805435 2.328988879919052 329.8468957096338 0.347334697842598 0.6137022525072098 23.40988975763321 4.00181345641613 40.22548839449883 168.7325119301677 1.733469903469086 197.8786391019821 64.03363227844238 42.1951754540205 29.40505176782608 132.0165223777294 99.99266192317009 88.95638599991798 15.72589790821075 2.12059323489666 1.567390024662018 0 0 0 0 0 0 0.3332092314958572 0 0.1117365285754204 0.2234659790992737 0 0.2941845208406448 0.3937342911958694 0.2035124897956848 0.1569074690341949 0.695090264081955 0.1202763244509697 1.189527854323387 3.137735962867737 0 0.2083582729101181 0.3047021478414536 4.674938254058361 3.585302926599979 2.326113924384117 2.130380660295486 0.5854751914739609 0 0 0 0 0 0 0 1.942660808563232 9.189860329031944 0 0.367120236158371 0 0 1.38022355735302 0 0.5717790126800537 0.09579711407423019 0.2693997919559479 2.318476028740406 0 0 0.956066869199276 27.06359830498695 0 1.111868515610695 0.4926782995462418 0 0 0.1288257092237473 0 0.5251038372516632 0.4041078388690948 118.4908080473542 0.6083695441484451 0.1877808570861816 0 0.4265908747911453 12.9483670592308 0.8922328948974609 4.991999447345734 2.229853302240372 3.427027821540833 9.345890656113625 0.7581258714199066 0.1918998062610626 0.2903635948896408 0.7987947687506676 0 0 0.5653004720807076 0.9905386418104172 0.8105731159448624 0 76.67705437541008 11.44192077219486 10.63963290303946 1603.158820807934 402.5988233610988 932.335177756846 307.1737626343966 1774.738120265305 177.5148532390594 13.41297810524702 387.5276076644659 86.48849662393332 0.6077226549386978 22.1666742041707 2.06170155107975 44.74777084589005 3.172973439097404 0 8.308881625533104 5.560021743178368 1.168501153588295
130.6930181458592 857.7062054350972 2989.515433102846 2.846153825521469 1160.610473677516 1.435507923364639 186.927425481379 0 617.4402811452746 10.63154804706573 3187.488830700517 3.851468443870544 1029.792676724494 1187.577783375978 51.38657788932323 24.12897807359695 4.111611872911453 8.317351713776588 1.360301122069359 20.08334667980671 42.1809756308794 0.4641411006450653 12.8968915194273 1.631589114665985 3.459950268268585 28.04828642308712 12.31235052645206 1.213332787156105 1.266784191131592 0 636.5239210426807 2837.485720776021 89.0908784493804 4.312162503600121 10.8600922524929 6.821646735072136 3.462617710232735 1.775207564234734 0.854498565196991 1.171241067349911 98.37111362814903 10.47552555054426 22.54540307819843 10.52052399516106 3.711960092186928 5.176310569047928 173.8405316770077 10.27419579029083 2.835320003330708 17.08239599317312 3.092163272202015 2.33963418006897 0 5.238733030855656 17.15314616262913 20.98009381443262 45.33650821447372 254.2686356976628 8.554921843111515 44.57740798592567 33.9133373349905 9.206356331706047 39.59949378669262 1207.916542850435 6.634073965251446 5.522680833935738 3.576673418283463 3.269591778516769 20.67802827060223 208.4442139491439 7.057475157082081 6.073527008295059 0 181.9092819392681 162.6164534091949 305.8329623118043 363.3507691323757 1096.179638832808 1398.046385094523 3262.283473327756 39.38391637802124 1226.343096524477 31.34231465309858 0.3213324323296547 5.461411125957966 4.42546209692955 10.4667045250535 0.1471074670553207 1.292312018573284 0.4950384795665741 0.3746817111968994 0.6427266001701355 61.97866898775101 1.112578451633453 3.580095760524273 22.60473334044218 0 0.2487093955278397 0.606518916785717 42.90909374505281 0 0 0.8405488431453705 0 1.105959430336952 6.973617151379585 0 7.360469445586205 0.326610267162323 0 1.046316251158714 3.116397239267826 2.034549027681351 3.741390623152256 1.418462127447128 0 0 0 0 0 0 0.1547713428735733 0 0 0.283875048160553 0.8300605714321136 0 0.1139653474092484 0.3867513611912727 0 0 0.3048330396413803 0.3459443747997284 0.3029626756906509 0 0 0 0 0 0.1564199775457382 0.8486996069550514 1.637182496488094 1.488644778728485 0 0.4881304502487183 0.6996527314186096 0.9796766340732574 0 0 0.535079300403595 0 0 0.1952801793813705 0 0 0.9856816530227661 0.261174812912941 3.068015411496162 0 0 0.20253886282444 0 0 0 0 0 2.526156291365623 0 0 0 0.1099712178111076 0 0 0 0 0 2.880595326423645 0.2888232469558716 0 0.1557967215776443 0.5311905592679977 0.5713066458702087 0 0.6712735295295715 0 0 0.2788520753383636 0 0 0 0.2700071558356285 0 0 0 0.1803419291973114 0.2769023180007935 0.9126774072647095 1.994297116994858 0.492522619664669 1.199900798499584 345.1328134909272 95.29596537351608 387.0802092775702 94.06277591735125 50.70318061858416 38.13948860764503 3.506104618310928 93.06862749159336 17.96955572813749 0.1191733926534653 1.003374338150024 0 3.848217114806175 0 0 1.874173112213612 1.243027597665787 0.9826241284608841
30.3501370921731 576.6236411333084 214.030367448926 72.73806911706924 3523.017046205699 23.24582789838314 2898.23023879528 617.4402811452746 0 262.0597066059709 6999.54180380702 5.519197389483452 596.7867987155914 782.8475852459669 75.41380742192268 59.73549856245518 1.557137563824654 0.3849057257175446 0.3473005890846252 0.4647469446063042 0 0.9494159519672394 0 0 0.2413835525512695 0.4176992624998093 0.7796801850199699 1.624159336090088 3.440427362918854 0 26.04585840553045 40.25725477188826 3.706376388669014 0 0 0 1.698056578636169 0.6866189241409302 0.5190440714359283 1.339989058673382 1.556219190359116 3.751707993447781 0.1317786425352097 2.883864924311638 0 0.1365537345409393 142.6375945135951 6.419897235929966 0.1113705486059189 1.936635360121727 1.040099799633026 1.947552464902401 0 4.417999006807804 6.930610813200474 12.03004316985607 12.70841779559851 27.20214623957872 6.805943369865417 28.0177923515439 2.762413844466209 1.968044519424438 0.2146632969379425 93.96425114572048 3.882124304771423 3.533993698656559 0.929955005645752 0.4697442501783371 2.552324078977108 2.041308671236038 12.03121616691351 54.80816368758678 0 56.67060246318579 37.69577344506979 202.3496195301414 60.07198338210583 36.18601963669062 37.16513042151928 33.14993921667337 3.941779851913452 3.85319560021162 12.02442787587643 0.7108368128538132 2.510941199958324 4.691603414714336 8.867412105202675 0.2428951114416122 2.040661416947842 0.1856573820114136 1.386485807597637 2.648709274828434 0.9338339939713478 2.199064061045647 4.571727901697159 375.6232852637768 7.358243525028229 0.3315752446651459 0.6527502834796906 16.90125136822462 0 0.3428725898265839 9.958621054887772 2.614349544048309 20.61261953413486 101.561910122633 1.186339095234871 108.6604982540011 28.20204547047615 21.48749330639839 15.27085641026497 81.0887071788311 55.90976423770189 57.09867750108242 6.54284593462944 0.8753770887851715 0.6057447791099548 0 0 0 0 0 0 0.2697966396808624 0 0.354189857840538 0 0 0 0.1975046545267105 0.1635554283857346 0 0.6109156608581543 0 0.6328736543655396 2.420471802353859 0 0.2054980844259262 0 2.478496752679348 2.242952130734921 1.938585489988327 1.616279676556587 0 0 0.4824373126029968 0 0 0 0.09326007217168808 0 1.052614092826843 6.818603128194809 0.128847748041153 0 0 0 0.6162753850221634 0 0.685187891125679 0 0 0.2829539775848389 0 0.2371842861175537 0.4396977424621582 22.22339893877506 0.4859509170055389 0.722766101360321 0.1047142595052719 0.1483408957719803 0 0 0 0.401167631149292 0 70.97227500379086 0.5768557041883469 0 0 0.446840301156044 8.234761148691177 0.4686528444290161 3.782398089766502 0.4961149990558624 2.536491975188255 7.059669137001038 0.2705492079257965 0 0 0 0 0 0 0.2425972819328308 0 0 44.73116958141327 9.087710961699486 8.795707762241364 806.9719722121954 151.0491714328527 425.3465721383691 151.0010177567601 103.7552075684071 72.56396660208702 4.025083601474762 230.119239166379 38.98666629195213 1.574901640415192 15.51016664505005 0.4384616017341614 26.66942736506462 1.254490375518799 0 3.800479635596275 2.600906893610954 1.259428679943085
1351.708130247891 190.9118944108486 30.68723663687706 2261.532373994589 412.5344418436289 569.6066280901432 3339.116521410644 10.63154804706573 262.0597066059709 0 40.19924338161945 988.3651751279831 7526.334836423397 119.0603773146868 7.755946733057499 10.30851005762815 0.4114466607570648 0 0 0 0.2821994721889496 0.6882632374763489 0 0 0 0.3320863544940948 0 0.7429268956184387 0 0 27.33832288533449 3.889034017920494 33.80927906930447 0 0 0 34.45640395581722 0.1813052296638489 0.2382780015468597 0 0.8518340438604355 1.561183884739876 0.1547920107841492 0.867310643196106 0 0 31.0494659692049 1.312927529215813 0 0 0.1900385916233063 2.879193410277367 0 1.332410216331482 6.61816617846489 8.46348425000906 53.84832716733217 41.04310156404972 5.18931595236063 5.309228427708149 0 0.3664278090000153 1.638156294822693 8.842160277068615 1.356729499995708 0.8311454653739929 0.2552709132432938 0 0.3623608276247978 0.4193272292613983 116.2515559494495 82.38582801818848 0 49.82526460289955 14.33388711512089 30.36864270269871 6.272571377456188 4.841653436422348 3.368901640176773 18.38024434447289 0.2106894552707672 1.979822002351284 10.04706052690744 0.6938982605934143 1.369765996932983 1.447242505848408 1.389020092785358 0.6667639166116714 1.020730152726173 1.145934596657753 0.5673145353794098 0 0 0 0.4957261681556702 1757.505098104477 17.03929144144058 0.9494454264640808 0.5031253471970558 529.8359140008688 0.230564221739769 0.4043081551790237 22.39201979339123 13.4996138215065 53.49310348927975 304.4836833178997 10.83918835222721 214.0267920568585 70.15096791088581 60.57081615924835 37.33947493135929 187.9057513773441 134.1341096609831 103.636522769928 11.2359531968832 1.052711635828018 0.9187685549259186 0.1533935070037842 0.1156617924571037 0 0 0 0 0 0 0 0 0.2796881794929504 0 0 0 0 0.2952265441417694 0 1.739620745182037 0.964715451002121 0 0 0 3.67724996805191 3.648824013769627 0.7369409278035164 1.434183374047279 0 0 0 0 0 0 0 0 1.172883570194244 10.70514357089996 0 0.1704026162624359 0 0.344538152217865 0.5010064393281937 0.3197969794273376 2.079203188419342 0 0 1.37014227360487 0 0 0 21.17145641893148 0.9592453837394714 2.36345648765564 0.841759204864502 0 0.3831802010536194 0 0 0.6571656614542007 0 94.98265780508518 0 0 0 0 14.07858346402645 0.7880505323410034 2.74846051633358 2.116376131772995 3.656349092721939 16.61954466998577 1.101845294237137 0 0 0.6349266916513443 0 0 0.2254648059606552 0 0 0 76.10240691900253 12.42292694747448 12.859833791852 868.1489580869675 31.78294225037098 104.7607452347875 31.08586591482162 1597.694221317768 22.92172688990831 2.650808766484261 65.31807737052441 58.88851346075535 0.7062129378318787 26.19512188434601 1.055754691362381 87.86361998319626 0.6260986775159836 0 8.441297173500061 1.933129996061325 0
303.4753109812737 2304.329140685499 4172.26943141222 11.06630781292915 6175.075497366488 7.667148053646088 1415.530713953078 3187.488830700517 6999.54180380702 40.19924338161945 0 3.165444508194923 4271.837652772665 5810.981655627489 60.14042147248983 48.81565896421671 2.101475611329079 1.648333720862865 0.1891151368618011 0.5024471580982208 2.368107080459595 0 1.434841513633728 0 0.1472151130437851 3.819256536662579 0.7890509963035583 0.8537390977144241 0.518154963850975 0 229.3374735116959 238.1921039074659 103.8195853978395 0 0.2823643013834953 0.4369168281555176 4.778922572731972 0.903849795460701 1.452038869261742 0.4059980288147926 10.84907715022564 2.792234219610691 0.7913569211959839 6.52054850757122 0.1585173010826111 0.1548917442560196 131.1272973939776 6.358642868697643 0.3417448103427887 1.107589468359947 1.033584773540497 0.3426344692707062 0 1.266418218612671 11.41271269321442 14.57071267068386 27.2433488368988 123.6383338421583 7.676563151180744 26.09345387667418 1.152658373117447 2.822845011949539 2.46814152598381 132.6467316225171 4.750577323138714 3.1616540402174 0.3817784413695335 0.4157356023788452 2.381628081202507 7.093216940760612 7.025173366069794 11.05288257449865 0 90.52277717739344 59.28993608057499 196.941211424768 64.66315449774265 38.79898910224438 710.4027650281787 562.3218270167708 0.6166492849588394 6.596187919378281 18.88606628775597 0.6893634051084518 3.515447288751602 2.074549779295921 5.734302595257759 0.2216472774744034 1.795910939574242 0.1336979568004608 0.2495175376534462 1.482184633612633 2.764753103256226 0.8922955468297005 1.908538609743118 76.92112317681313 0.715409979224205 0 0.2936158627271652 43.91316661983728 0 0 1.595641255378723 0 2.009898409247398 19.93746520578861 0.2873870730400085 10.92994226515293 2.92987185716629 4.604139566421509 1.311003282666206 8.770235776901245 7.369877442717552 8.169611163437366 0.9298145622014999 0 0 0 0 0 0 0 0 0 0 0 0 0 0.1219663023948669 0.1553946286439896 0 0.1474619060754776 0 0 0 0 0 0 0 0.7539512664079666 0.9819682538509369 0.5196913406252861 0.1402645260095596 0 0.2060647755861282 0.3720124289393425 0 0 0 0.4210019409656525 0 0 0.9743324816226959 0 0 0 0 0.3206086605787277 0 0 0 0 0 0 0 0.1399935632944107 1.465877093374729 0 0.1961150169372559 0 0 0 0.1444048583507538 0 0 0.4477651119232178 9.300566501915455 0 0 0 0.7530626505613327 0.920873150229454 0 0.3809075132012367 0.2601507306098938 0.8537383079528809 1.430590078234673 0 0 0.3411053121089935 0.1139729246497154 0 0 0.6235239654779434 0 0 0 6.27063299715519 1.681979775428772 1.985492080450058 303.3421771079302 98.66688419133425 280.8020162805915 82.29003337025642 40.38868853449821 37.38443066179752 4.652559459209442 81.7830048725009 14.41613706946373 0.2430279552936554 2.100967392325401 0 3.78694099932909 0 0 2.449039310216904 0.604002058506012 0.1319489330053329
200.7816621512175 7.683730840682983 12.93532194197178 53.33378082513809 5.255925893783569 372.6143095344305 45.69598135352135 3.851468443870544 5.519197389483452 988.3651751279831 3.165444508194923 0 1274.239150211215 66.7274414524436 24.47710270434618 53.55250637978315 5.011646561324596 0.8347995057702065 0 1.165427595376968 0.4533058702945709 0 0 0 0 2.120487302541733 0.8354798853397369 0 0.5965811163187027 0 3.677857279777527 9.400665268301964 106.786988966167 0 0 0.1239579170942307 59.61875046044588 0.5819314494729042 4.738094955682755 0.6114808171987534 3.194250032305717 1.01155848801136 0.3663216382265091 6.33641006052494 0.1668851375579834 0.6369785368442535 25.47320988029242 0.374918207526207 0.7095317393541336 0.8472062796354294 0.1812411546707153 1.029274143278599 0 0.5294779092073441 0.6434694528579712 0.9957901611924171 10.81560690701008 4.188729174435139 0.740072675049305 2.138606227934361 0.7788613438606262 2.140301741659641 0.1226906329393387 15.85369426012039 0.4505914747714996 0.6171332597732544 0.2969295382499695 0.7079090476036072 1.531684502959251 1.905771628022194 66.21496252715588 24.7781149148941 0 7.225781857967377 3.825484998524189 27.77288418263197 15.97702556103468 24.51215616613626 4.771369054913521 86.74118568748236 2.56801138818264 7.809248715639114 0.299456387758255 0 0.4003763943910599 0.3270982876420021 1.841240651905537 0.3954770267009735 0.3345203176140785 0.3719768673181534 0.2104073762893677 0.4833321273326874 0.8004467636346817 0.4762658327817917 0.5820777863264084 2505.582874089479 13.42194412648678 0.2184614092111588 5.266384407877922 191.7888922318816 0.1181000247597694 0.2072409093379974 3.682902857661247 1.505175903439522 10.61881104111671 38.65234699100256 0.5153412371873856 43.76789422333241 10.62165699899197 9.05934089422226 6.045127600431442 35.09628496319056 27.31765547394753 27.37681820988655 2.606567487120628 0 0 0 0 0 0 0 0 0 0 0 0 0 0.3493378162384033 0.316180020570755 0 0 0.4253052175045013 0 0.439740002155304 0 0 0.356681153178215 0 0.9528339058160782 0.6689779460430145 0.2211190015077591 0.9967178106307983 0 0.5074418187141418 0.1870112121105194 0 0.1967015713453293 0 0 0 0.2886268198490143 1.451459810137749 0 0 0 0 0.1446576863527298 0 0.3350565433502197 0 0 0.5909853577613831 0 0 0 3.05590532720089 0 0.7433860599994659 0 0 0 0 0 0.1969851106405258 0.1201820224523544 22.54464900493622 0 0 0 0 1.323595255613327 0.2659745663404465 0.2526523470878601 0.7396179735660553 0.4156644642353058 1.766591921448708 0 0 0.1511158794164658 0 0 0 0 0.1955642104148865 0 0 21.9462571144104 2.737291470170021 2.963937759399414 381.839211627841 27.49843695759773 103.2026866748929 35.29598115384579 211.3999653160572 8.091524600982666 1.605707593262196 67.27502676099539 9.271090760827065 0 6.735261127352715 0.3576907366514206 14.39716657996178 0.599860668182373 0 0.8909527808427811 1.640630185604095 0
434.9997806996107 1631.274001181126 1565.280097976327 666.7466172724962 1598.27932407707 322.041264526546 2972.35159419477 1029.792676724494 596.7867987155914 7526.334836423397 4271.837652772665 1274.239150211215 0 1681.407961472869 204.229460157454 345.8961242288351 20.36000673472881 4.915806010365486 1.594595015048981 6.56681689620018 2.129504829645157 0.8733564615249634 0.263671338558197 1.183873564004898 0.7279733344912529 10.2188438847661 3.675871334969997 5.558380551636219 5.916272543370724 0 130.1027233600616 73.09882619231939 1712.590577542782 0.1745104789733887 1.34223261475563 0 236.792062073946 6.137321703135967 45.79487194120884 4.042781040072441 47.15558988600969 12.09907615184784 5.166047528386116 40.29486361891031 1.271327450871468 7.339790731668472 265.0981874018908 8.147320240736008 2.734113164246082 3.877532236278057 4.252516239881516 3.665019609034061 0 6.942368395626545 11.59936901181936 16.95184595137835 34.86925452947617 93.92587956786156 11.20255497097969 38.58738611638546 11.26184115558863 29.62525875866413 1.001035258173943 176.9440667182207 6.862383291125298 9.141523197293282 2.129979737102985 3.019289866089821 7.802050724625587 16.87022873014212 362.7032261043787 72.94239762425423 0.2437217682600021 86.63620918989182 60.64797136187553 338.7555577233434 157.8148929551244 233.4202574416995 113.2279112637043 683.7738341763616 15.75630828738213 25.72314716875553 17.86504711955786 1.582012362778187 9.985190816223621 7.086595647037029 20.49746836721897 1.104164473712444 4.872008576989174 3.226354368031025 3.272876501083374 5.922849334776402 11.81583081185818 4.726289130747318 12.04643768817186 4366.871216878295 41.6423238068819 0.7852799445390701 18.3053258433938 194.8426751941442 0.9270446300506592 1.096910685300827 16.79112130403519 3.993727892637253 36.38086660206318 185.8696022331715 1.743226885795593 163.8200070261955 56.71385264396667 49.0432508289814 29.4189301431179 130.9226093143225 115.8462904542685 91.40981832146645 8.623770594596863 0.8951421827077866 0.4911202192306519 0 0 0.2661412060260773 0 0 0.19049471616745 0.1967256963253021 0.2952220588922501 1.621521785855293 0 0.2464386597275734 1.009756058454514 0.9404082298278809 1.285725012421608 1.580674648284912 0.8459808379411697 0.6377893686294556 0 0.628422737121582 0 0.5556885004043579 0 3.171509057283401 4.32730059325695 3.315132595598698 6.970411367714405 1.414500892162323 0.6375844180583954 0.4149516373872757 0 0 0 0.4139334708452225 0 0.1636101454496384 7.193920247256756 0 0.228906586766243 0 0.6443594247102737 1.866972655057907 0 0.6228870749473572 0.4131296724081039 0.1374412477016449 1.655752748250961 0 0.2887459993362427 0.5745282620191574 10.58124016970396 0.3108845949172974 0.6394798010587692 0.3382705599069595 0.1600090265274048 0.1783909201622009 1.687976196408272 0 1.484005510807037 1.047349467873573 127.6973088979721 1.614129558205605 0.4752484261989594 0 0.7993125170469284 7.764263033866882 1.155631884932518 2.995080351829529 1.60607086122036 1.999109715223312 4.023358687758446 0.9546378701925278 0.3194150477647781 0.574087455868721 0.1269603222608566 0 0 0.402791365981102 0.5316982865333557 0.2752213329076767 0.4555304795503616 101.29119117558 15.00091364234686 9.653615906834602 1580.359262667596 390.7910321578383 749.9374921992421 286.3256887122989 379.2130643650889 112.3150189518929 8.956170670688152 531.1839109361172 78.0190803706646 1.596577271819115 14.87803519517183 0.3379959166049957 33.20884436368942 0.6916294172406197 0 4.704880312085152 10.61899984627962 2.647469937801361
