0 3536.47613542527 473.1839268431067 1370.538293972611 1219.831293202937 108.6272191554308 1999.972949296236 372.3822827935219 89.60743529349566 1346.461579442024 728.9138578474522 158.5422260016203 338.5294672325253 63.16534512490034 1.543490961194038 1.370322085916996 0 0 0 0 0 0 0.09440963715314865 0 0 0.3187193274497986 0 0 0 0.1541544944047928 281.8976684212685 32.13099798560143 7.257121399044991 0 0 0.2376101836562157 0.2562044933438301 0 0.3895609676837921 0 0.1224034354090691 0 0.100102461874485 0.414147287607193 0 0 20.21105835586786 2.474874086678028 0 0 0.4179162234067917 0 1.08492124080658 0.1162722259759903 4.209401451051235 1.76982157677412 471.0831937938929 1019.775168403983 73.83360297977924 5.368800081312656 0.09817074239253998 0.8713562563061714 0.1192886754870415 13.24006874859333 1.396742798388004 2.310986451804638 0.8412876427173615 0.9551425352692604 0.1282660812139511 0.190130814909935 16.7841754257679 20.99242588877678 0 170.7415553927422 114.3023808225989 5.429856680333614 2.370960429310799 0 1.03125 79.35148153454065 0.0881848931312561 1.112328439950943 8.783445321023464 0.2797692641615868 1.229756847023964 1.559775523841381 1.139599740505219 0.6043000817298889 0.1826209798455238 0 0 0 0 0 0 116.5477438420057 16.32578697800636 6.370350539684296 1.232882559299469 1214.237867087126 0 1.756964564323425 0 1.528504393994808 0.7973836064338684 4.147648304700851 1.247238278388977 2.924358531832695 39.32479506731033 6.556731171905994 0 2.704480618238449 1.463595047593117 1.90178569406271 1.663741424679756 0 0 0 0 0 0 0 0 0 0 0 0 0 0 0 0 0 0 0 0 0.2554550468921661 0 0 0 0.1143147796392441 0 0 0 0 0 0 0 0 0 0 0 0 0.4398405179381371 0 0 0 0 0 0 0 0 0 0.1181013956665993 0 0 0.4001840949058533 1.050845690071583 0 0 0 0 0 0 0 0 0 0.8975488469004631 0 0 0 0 1.184775799512863 0 0.1289578974246979 1.450786024332047 0.7895718216896057 0.1405772417783737 0 0 0 0 0 0 0 0.1895199492573738 0 0 1.220021232962608 0 0 22.6348938792944 4.413140043616295 55.43723503500223 16.51227448880672 1093.84523858875 14.00001152604818 0.5195398181676865 1.761411502957344 1.035491317510605 0 0.6851531565189362 0 9.917307913303375 0.1632091850042343 0 0 0 0
3536.47613542527 0 513.4485511556268 127.9656035602093 3601.318429589272 142.2692513763905 2005.270523443818 100.5978533402085 1066.886705525219 120.2874519377947 870.1490967124701 15.02651712298393 111.8168038651347 71.15497527271509 16.16927874833345 3.223643474280834 0.2717276215553284 0 0 0.09036683291196823 0.1429678797721863 0 0 0.1778831481933594 0.1145966723561287 0 0.1094172820448875 0.4243853390216827 0 0 2416.876386962831 121.4844834282994 4.133281052112579 0.1044125407934189 0.1888439059257507 0.3293309807777405 1.043142043054104 0 0.09653469920158386 0 0.3375974595546722 0 0 0 0 0 187.7958868518472 3.631742894649506 0.1148437932133675 0.1925241500139236 0.1821440830826759 0 0 0 7.328588642179966 3.587841756641865 151.9310560151935 902.5477089583874 33.0261388272047 46.29453997313976 0.3869434893131256 0.4250589087605476 0 178.1549239903688 5.860700443387032 6.76489282399416 3.208474107086658 4.831494309008121 0.1103525832295418 0 3.052036821842194 2.176998600363731 0 203.0864962339401 224.1672956496477 73.63032075017691 51.87959669530392 1.249238237738609 0.248966820538044 15.69702028483152 0.1164081767201424 3.500289112329483 13.35517724603415 0.3877682313323021 4.91596969217062 5.81614576280117 1.98505275696516 0 0.3260404095053673 0 0 0.2359582036733627 0 0.1097251623868942 0.1170124113559723 60.11018708348274 0.2635440528392792 0 0.1971920877695084 1505.856314979494 0.6837100610136986 2.844998776912689 1.319980457425117 2.735304683446884 0.3183923661708832 23.09756604582071 1.394899390637875 15.35445362329483 5.499315932393074 21.6800284832716 3.153947457671165 29.53984690457582 9.339193060994148 10.87305266410112 12.09083379805088 0 0.158642441034317 0 0 0 0 0 0 0 0 0 0 0 0 0 0 0 0 0 1.77653343975544 0.2929333448410034 0 0.3941891193389893 0 1.416122600436211 0 0.9157182574272156 0 0 0 0 0 0 0.2620494365692139 0 0 0.4524395912885666 0.3187174201011658 0 0 0 0 0 0 0 0 0.3423642218112946 3.230704121291637 0 0 0 5.296227492392063 0.7377177104353905 0.9236158132553101 0.2787385284900665 0 0 0 0 0 0 6.074962556362152 0.9418126344680786 0 0 0 5.64126655459404 0 0.8050514981150627 3.235303767025471 3.02988389134407 0 0 0 0.1248386278748512 0 0 0.1020224913954735 0 0 0 0 10.0465672314167 0.5831811353564262 0.1599513590335846 96.76218580454588 18.18458247184753 244.3317043334246 83.35775934904814 1532.403078272939 14.14121996611357 1.695554040372372 24.77566297352314 7.437789618968964 0.4321870356798172 3.882007002830505 0.2939223125576973 24.37453684210777 0.2082006633281708 0 0.2263954877853394 0 0
473.1839268431067 513.4485511556268 0 5.450402423739433 800.5264564678073 0.5091384649276733 107.7228117361665 842.735869191587 160.3800183534622 1.646273195743561 1139.679118826985 1.190000057220459 19.57002013921738 55.41355891525745 26.24256879091263 9.475909851491451 1.622327290475368 5.780046887695789 1.696851875633001 18.3607692271471 6.537851192057133 0.271959014236927 19.97673319280148 3.420712299644947 2.080302141606808 1.52883730083704 0.315101183950901 0.3044597283005714 0.5995136126875877 0.125890776515007 3176.386532299221 333.1467543244362 6.160294763743877 5.926492191851139 13.46860590577126 12.23621025681496 0.7904732897877693 0 0.3689656555652618 0.3481639698147774 7.850988455116749 2.075184509158134 7.205841116607189 1.014606840908527 2.501533426344395 4.884525254368782 199.9916201159358 5.667794942855835 2.787956334650517 7.717124663293362 2.57013013958931 0.5107291713356972 0.6112421452999115 0.9610283225774765 8.432075656950474 5.408236339688301 118.3230543211102 1634.095891177654 30.92993852496147 56.02041026204824 48.63395199179649 17.15634372830391 6.782836928963661 354.7102265432477 5.156184032559395 8.006439618766308 4.924580119550228 8.697157166898251 9.339849188923836 17.90387573093176 3.084680370986462 2.926862865686417 0 245.4821675866842 238.2836243882775 100.123086117208 82.89549131691456 2.897641472518444 119.1593009829521 371.3357337415218 14.29407417029142 428.5452311486006 17.49123142659664 0.2892311587929726 5.050382599234581 7.321626745164394 6.222257666289806 0 0.2821962982416153 0 0.399702399969101 0.08418798446655273 6.520143866539001 1.13867861777544 1.114395350217819 2.896444544196129 1.089819490909576 0.256278857588768 0 1063.940738715231 0 3.499855816364288 0 0 0.1128807589411736 2.179488480091095 0 2.679807722568512 0.8545591831207275 1.677798196673393 0 1.288443557918072 2.092973932623863 0.7175086438655853 0.7104761227965355 0 0 0 0 0 0 0 0 0.1023562401533127 0 0 0 0.08072197437286377 0 0 0 0.1069851294159889 0 0 0 0 0 0.1818433851003647 0 0.8218628838658333 0.2507533133029938 0.7073689252138138 0.1973189115524292 0 0.3319660872220993 0 0 0 0 0 0 0.2647160813212395 0.1898601800203323 0 0 0 0 0 0 0 0 0 1.03014700114727 0 0 0.09714461117982864 0.8996036872267723 0.4348743706941605 0 0 0.1138178929686546 0.3971311524510384 0.09768795222043991 0 0 0.2331516370177269 1.226411104202271 0.2946914434432983 0 0 0 1.814267754554749 0.332453727722168 0.4960504919290543 0.5045924112200737 0.401642382144928 0 0 0 0 0 0 0 0 0.2259717211127281 0 0 0.396217554807663 0 0.1079533994197845 51.39111543446779 20.35791189223528 230.8348896950483 60.94057746231556 343.1517999693751 10.1412842720747 2.758549451828003 14.54412256926298 0.963774561882019 0.100356325507164 0.5735549032688141 0.1218508332967758 2.112634748220444 0 0 0 0.2003976106643677 0
1370.538293972611 127.9656035602093 5.450402423739433 0 84.32089406251907 297.3298003077507 1007.84524898231 0.616241380572319 28.81086957454681 1044.640129730105 1.783564239740372 840.4964754134417 2036.790489420295 259.7123079150915 3.071582585573196 1.813774012029171 0 0 0 0 0 0 0.2694977223873138 0 0 0 0 0 0.4374287873506546 0 56.40993663668633 6.97840142250061 42.07209001481533 0 0 0.2610962092876434 10.20300827920437 0 0 0 0.4663738906383514 0 0 0.189551904797554 0 0 9.657363325357437 0.2227455973625183 0 0 0.5560813248157501 0 0 0 0.6097693890333176 0.3864830061793327 29.60266911238432 64.07564598321915 4.463041000068188 4.314338512718678 0.2702733278274536 0 0.2078177332878113 12.38089729100466 0.3738329634070396 0.3186517953872681 0.3930495232343674 0.345102496445179 0 0.2192596718668938 123.8555006682873 3.945478051900864 0 15.99440390616655 18.36429559439421 5.016360647976398 5.810165077447891 2.108854673802853 0.1047137305140495 0.5685510039329529 0.1084245145320892 0.3846584409475327 1.227972999215126 0.08529099822044373 0.2889863774180412 0.5361912176012993 0.2013857290148735 0 0 0 0 0 0 0 0 230.8643068820238 0.3649133741855621 0 0 164.4511609002948 0.1622888743877411 0.9408158361911774 0.9397068172693253 2.95834494382143 0 14.41352344304323 3.165188997983932 8.554517477750778 16.30216482281685 8.582375258207321 1.484776422381401 15.58585496991873 8.353027485311031 6.267878100275993 7.281031563878059 0 0 0 0 0 0 0 0 0 0 0 0 0 0 0 0 0 0 0 1.022546574473381 0.1807406693696976 0 0 0 0.2241640612483025 0 0.2980197370052338 0.2657093107700348 0 0 0 0 0 0 0 0 0.8576413094997406 0.8131601214408875 0 0 0 0 0 0.09004094451665878 0 0 0.09979028254747391 2.578959301114082 0.2030479162931442 0 0 3.745515063405037 0.8612067699432373 0 0 0 0 0 0 0 0 4.263397045433521 0.3302264809608459 0 0 0 4.391157783567905 0 0.4467490911483765 1.084184966981411 1.488097600638866 0.3128738701343536 0 0 0 0 0 0 0 0.1241262853145599 0 0 6.897496230900288 0.1503234505653381 0.1203381046652794 29.94841979444027 2.446656323969364 19.13417166471481 7.611822627484798 441.7484357059002 1.775928974151611 0.1145557165145874 5.8994230479002 4.153999216854572 0.1358194202184677 1.619757242500782 0.1569128930568695 10.96194748580456 0 0 0 0 0
1219.831293202937 3601.318429589272 800.5264564678073 84.32089406251907 0 79.70467406511307 834.595157019794 519.2044185400009 3842.996841832995 319.438553892076 3463.851467274129 67.29967875778675 525.488334454596 575.82306715101 59.52956965565681 20.12392185628414 0.3503037989139557 0 0 0.3323231413960457 0.365462139248848 0 0 0 0.3186799138784409 0.6376342624425888 0 0 0.2600936144590378 0 1187.764884583652 389.0494258999825 11.37154601514339 0 0.395902581512928 0.5890738517045975 2.320593468844891 0.5072477087378502 0.1535837650299072 0.1684951931238174 0.1315161138772964 0.09464495629072189 0 0.1086538732051849 0.07261016964912415 0.301256075501442 450.8117255046964 6.227432996034622 0.2848711013793945 0.2738559618592262 0.489675872027874 0.2556916326284409 0 0.08876927196979523 7.643638491630554 6.632338635623455 62.33258076757193 380.7888283282518 23.85320714861155 78.07553545385599 0.2519877329468727 1.852237939834595 0.894582211971283 367.7110996842384 8.093313999474049 7.896126806735992 4.572216786444187 6.292160734534264 0.6721892505884171 0.7289175763726234 10.07285642623901 12.03248512744904 0 159.919898852706 235.404614597559 196.055515833199 160.9721803814173 7.232689514756203 2.790496721863747 104.0116245895624 0.3241152986884117 11.25100736320019 13.92639512568712 1.29055580496788 5.188012719154358 6.700479794293642 2.417416110634804 0 0.2740273699164391 0 0.1902912333607674 0 0.3126557320356369 0 0.2106640040874481 401.6656734645367 2.195665970444679 0.5762265920639038 0.3273175656795502 318.488495439291 5.046632245182991 14.09331795573235 6.658847250044346 16.07476548850536 0.8581431433558464 100.0276568010449 10.22219946980476 75.03161846101284 20.56378475576639 106.4518036097288 22.67978467047215 144.8909107521176 70.10898197442293 61.47335113584995 77.84396090358496 0.1256884932518005 0.709137812256813 0 0 0 0 0 0 0 0 0 0 0 0 0 0 0 0 0 3.627266809344292 1.352026537060738 0 0 0 4.435830235481262 0 2.714016914367676 0.1654849648475647 0 0 0 0 0 0 0 0 1.626348748803139 6.832845002412796 0.09115603566169739 0.2614852637052536 0 0 0 0 0.83310616761446 0.3856660798192024 1.269476443529129 11.60247271507978 0.4501395970582962 0.3885839134454727 0 25.88741060346365 5.641607195138931 1.340698681771755 0.7065512537956238 0 0.1985539346933365 0 0.5787744447588921 0.1625257879495621 0 36.76687790453434 1.786933690309525 0 0 0 41.70229694247246 1.685890510678291 9.291745342314243 12.09349791705608 12.57222211360931 2.699216492474079 0.1168704852461815 0 0.3062393814325333 0.192465104162693 0.09455273300409317 0 0 0.2440363466739655 0 0 77.1397761926055 0.1721724569797516 1.999771401286125 322.0353897437453 34.25967068225145 497.5496420040727 223.3655460774899 625.3434721827507 44.32085738331079 3.140435568988323 115.7843204438686 25.25473023951054 1.477097913622856 13.77864462137222 2.934575736522675 67.35862858593464 2.613756656646729 0.1649861186742783 2.27609296888113 0.4862304776906967 0.2606622874736786
108.6272191554308 142.2692513763905 0.5091384649276733 297.3298003077507 79.70467406511307 0 362.2684722170234 0 89.85629716515541 669.7226742655039 10.32969544827938 163.4528785645962 226.6513342484832 56.82256868481636 0.1416543275117874 0.1202252805233002 0 0 0 0 0 0 0.3984400928020477 0 0 0 0 0 0 0 2.927952766418457 0 41.10780346393585 0 0 0.626770555973053 14.44964353740215 0.1548016369342804 2.195369303226471 0 0 0 0 0 0 0 0.489685595035553 0 0 0 0 5.151935398578644 3.205151736736298 0 0 0.1956434845924377 130.277554884553 11.87480718642473 4.743185147643089 0.5677840560674667 0 4.064064130187035 0 1.070428118109703 0 0 0 0 0.1112468689680099 0 232.7695296406746 193.9988741278648 5.904962420463562 0.8494919016957283 0.4375800713896751 0.2055095732212067 0.6994855105876923 0 0 29.40380266308784 0 1.837226808071136 0 0 0 0 0 5.620051547884941 0.7313311100006104 5.070233151316643 0 0.8387866318225861 0 0 0.4455776363611221 363.1113848686218 127.3740000873804 85.71166321635246 17.72269549965858 159.8200291097164 0 0 0 0 0 0.1495899558067322 0 0.2382031679153442 6.913989275693893 0.3053678870201111 0 1.132162868976593 0.1188292056322098 0.6058815568685532 0.2060072124004364 0 0 0 0 0 0 0 0 0 0 0 0 0 0 0 0 0 0 0 0 0 0 0.186069518327713 0 0.1411971300840378 0 0 0 0 0 0 0 0 0 0 0 0 0.3091619312763214 0 0 0 0 0 0 0 0 0 0 0 0 0 0.4351415708661079 0 0 0 0 0 0 0 0 0 0 0 0 0 0 0 0 0.1256112158298492 0 0 0 0 0 0 0 0 0 0 0 0 0 0.164566770195961 0 0 0.8961559608578682 0.3265480846166611 0.8079270869493484 0 95.58612939715385 6.098664462566376 0 0.1468139588832855 0.4027095139026642 0 0 0 0 0.3945812582969666 0 0 0 0
1999.972949296236 2005.270523443818 107.7228117361665 1007.84524898231 834.595157019794 362.2684722170234 0 32.91657985001802 2230.757643446326 2290.815485775471 340.6173187941313 802.5888919681311 8180.739638179541 3373.305692754686 28.17847811430693 12.28440225869417 0.8055582568049431 0.1134791672229767 0 0.4347907453775406 0.8759587705135345 0 1.526483461260796 0.5999942049384117 0.138134628534317 0.5856780931353569 0.7092071250081062 0 0.4094369858503342 0 389.083696000278 123.9833736494184 34.0690361186862 0 0.3102731555700302 1.142072975635529 17.28270629048347 0 0.3624108135700226 0.5480487793684006 0.7162734791636467 0.1436878144741058 0.09197920560836792 0.6642628982663155 0 0 188.31947311759 3.47002749890089 0.1395243853330612 0.1369135528802872 0 0 0 0.5320376455783844 2.895347639918327 3.013792507350445 82.40552286058664 287.1852636188269 12.91952300071716 39.31504146754742 0.9207819625735283 1.52921150624752 0.4156420454382896 170.1534078717232 3.015924237668514 4.239517278969288 2.474802166223526 3.866843812167645 0.5273137986660004 1.349299520254135 19.93491885066032 17.17521546781063 0.1375280469655991 108.373929746449 137.3447246924043 87.96379328519106 75.48114340007305 7.148612193763256 2.647673323750496 6.346560552716255 0 6.477211058139801 7.565377451479435 0.5043190568685532 2.393615946173668 3.992265865206718 2.17128187417984 0 0.3123337998986244 0 0.2375881001353264 0.2823313325643539 0.6856708973646164 0.2093749791383743 0.2084415405988693 863.6729977503419 1.579731076955795 0.616366058588028 0.4116389155387878 401.8139493986964 6.381524384021759 20.85026572644711 9.029881954193115 18.22894018143415 1.760480627417564 140.1458313986659 9.108640164136887 102.9600863605738 22.57683307677507 108.3954402133822 25.33649349957705 163.8860333859921 68.49450735002756 67.15099743008614 76.50045040994883 0.1461683064699173 0.209544450044632 0 0.1872979551553726 0 0 0 0 0 0 0 0 0 0 0 0 0 0 0 3.604181297123432 1.695798873901367 0 0 0 3.985397778451443 0.1440603137016296 4.187856785953045 0 0 0 0 0 0.1933472603559494 0 0 0 2.837186992168427 8.526756830513477 0.2931293249130249 0.1438785642385483 0.1463250666856766 0 0 0 0.7615863978862762 0.2615589126944542 1.756238512694836 15.44527359306812 0.6786461621522903 0.252688854932785 0 29.33546996116638 8.144315674901009 1.155388854444027 1.00170212239027 0.3040410429239273 0.1508021950721741 0 0.4125121831893921 0 0 37.93775668740273 3.98402077704668 0 0 0 44.97378370910883 1.613854959607124 6.102951429784298 11.0427073314786 11.61602210998535 2.311798639595509 0.3201890289783478 0.2046086937189102 0.1971216425299644 0 0 0 0.1027249023318291 0 0 0.2168783098459244 79.03926539421082 1.444746881723404 1.35455010086298 204.8023784309626 18.94672741740942 237.3939356580377 101.3412021994591 1367.644408993423 19.94899796694517 2.792601108551025 53.97400859743357 27.98358006030321 1.248370982706547 18.20840034633875 2.559893280267715 82.47127655893564 2.258010506629944 0.3878536522388458 3.059515058994293 0.7658708989620209 0
372.3822827935219 100.5978533402085 842.735869191587 0.616241380572319 519.2044185400009 0 32.91657985001802 0 564.9449944198132 3.090221866965294 3297.862275600433 2.549562394618988 104.9214264750481 329.5143021196127 143.8480217382312 82.23737994581461 6.208828933537006 13.37290561944246 4.778315044939518 51.75496870279312 22.36360877007246 0.5929276943206787 64.22209300100803 11.39112137258053 16.42844466865063 4.844513215124607 7.052037365734577 1.13775309920311 2.392561532557011 0.8399909734725952 1263.207785479724 1993.825833588839 10.68148518353701 13.65538037568331 34.53739462047815 61.04599534720182 3.267764836549759 0.912566751241684 1.222620241343975 4.604972966015339 25.18250190466642 4.30435124784708 16.12240935862064 10.2563137486577 5.725525431334972 10.83092680573463 634.2977821826935 4.769833162426949 5.538594640791416 21.16404081881046 4.494508117437363 1.276227839291096 1.547942712903023 2.806116662919521 6.875425942242146 4.307347044348717 33.82658230513334 280.5322363451123 15.21851402521133 93.74590841680765 146.7428480386734 91.41287109255791 30.72526958584785 645.4895218983293 4.425019863992929 9.16955228894949 3.410219199955463 16.40075542777777 27.82890839129686 63.68316805362701 5.893869318068027 10.4882602468133 0.3007401153445244 148.7076436877251 214.2918524220586 332.8825870603323 631.8044174686074 261.3723993748426 542.0214301794767 1911.521581344306 108.9228516742587 1940.249982878566 9.257233634591103 0.4119749441742897 3.297410137951374 4.450139719992876 12.39864341914654 0.1231324374675751 0.7378092408180237 0.241340845823288 0.3899004012346268 0.2890315875411034 22.64045335352421 4.897301763296127 3.366472199559212 4.384970247745514 0.8426569998264313 1.962619885802269 0.3411512523889542 302.1361013874412 0.1533370018005371 0.9033027142286301 0 0.09939891844987869 0.3235730826854706 1.631671316921711 1.073923826217651 1.634044229984283 0 2.275527477264404 0.5532278120517731 2.819731444120407 1.867945447564125 2.282553806900978 2.081383444368839 0 0.1180163770914078 0 0 0 0 0 0 0.1030352711677551 0 0 0 0.9824847802519798 0 0 0.1240486800670624 0 0 0 0.08359803259372711 0 0.1024073511362076 0.8151832669973373 0.2588754445314407 1.032804921269417 1.353482574224472 3.768007315695286 0.6034461855888367 0.9484994560480118 0.4767222255468369 0.1231727376580238 0 0 0 0.1329310089349747 0 0.2620418071746826 0 0 0 0 0.2103167176246643 0.3343670442700386 0 0.1173667088150978 0 0 0.4637339413166046 0 0 0.3989289328455925 3.02822882682085 0.7314309999346733 0 0 0.170938067138195 0.1017527803778648 0 0 0 0.3666060194373131 1.290945328772068 1.038931027054787 0 0 0.09618222713470459 1.431447096168995 0.833415612578392 0.5584653913974762 1.056363210082054 0.2673278972506523 0.1032669991254807 0 0 0 0 0 0 0 0 0.1003105640411377 0 1.773108072578907 0.3591056242585182 0.8362575471401215 259.3894679546356 36.86823114007711 484.2743315473199 209.0667530819774 121.4604250043631 31.41527400910854 3.964708290994167 94.83252298086882 5.94623688608408 0.3053656220436096 1.109806500375271 0 1.603446260094643 0.1774142235517502 0 0 1.073348991572857 0.4953920245170593
89.60743529349566 1066.886705525219 160.3800183534622 28.81086957454681 3842.996841832995 89.85629716515541 2230.757643446326 564.9449944198132 0 466.485303029418 1868.946841321886 222.35661059618 2237.712960883975 1383.00130712986 66.67305299639702 35.92441259324551 1.04447078704834 0.8115344494581223 0 1.090594276785851 0.6708329617977142 0 2.838142648339272 1.232983157038689 0.6326306760311127 0.8062645643949509 1.734913945198059 0 0.814340241253376 0.141189306974411 131.9459449127316 216.8280039876699 99.44399251788855 0.1404223889112473 0.5439119040966034 3.341369763016701 21.44148627668619 1.883381128311157 0.6167133674025536 0.1507435142993927 3.612446554005146 1.009747982025146 0.7429136633872986 1.445875227451324 0.1465528905391693 0 228.5651835650206 1.608798153698444 0.2235934138298035 0.891329251229763 0.9042928442358971 0.6159631237387657 1.222977325320244 0.410742275416851 2.212070025503635 1.584360390901566 17.48112915456295 62.40275228768587 6.2813885435462 30.75899671763182 0.618758499622345 18.88690771907568 0.8882246315479279 146.0393470078707 1.744549110531807 1.968779221177101 1.47962137311697 2.345719762146473 2.078905992209911 5.761039488017559 87.64917872846127 38.56916311383247 0 45.46092918515205 69.28618092089891 82.38398849219084 117.7892429530621 22.7415314912796 42.84283734112978 142.5718731880188 0.1196202263236046 33.63469018042088 3.163308665156364 0.1207788810133934 1.548942059278488 1.76060962677002 0.5154997333884239 0 0 0 0.2862573638558388 0.1241197064518929 2.328249678015709 1.625631421804428 0.6817177981138229 1005.813458055258 7.224094465374947 0.1012945175170898 0.1702207922935486 65.50251358747482 13.57844144105911 15.37313622236252 7.944392919540405 22.89424623548985 2.526986561715603 149.768292427063 8.671838514506817 117.2978660985827 24.36356216669083 127.7829000502825 30.59985627233982 207.0979123041034 85.29806084185839 98.38392297178507 120.3515806570649 0.1790837645530701 0 0 0.5009835958480835 0 0 0 0 0 0 0 0 0 0.1394926905632019 0 0 0 0 0 7.490870505571365 2.194061934947968 0 0 0 8.76762043684721 0.1178409457206726 7.771313913166523 0.1019521802663803 0 0 0 0 0.2495263963937759 0.1113008260726929 0.1520997285842896 0.1847746521234512 3.961166754364967 10.27754057943821 0.1368274837732315 0.413479819893837 0 0.1293755620718002 0 0 0.7018852829933167 0.2424810603260994 2.819610320031643 19.76568573713303 0.6407671719789505 0 0.1222084686160088 48.01734276115894 9.359011225402355 1.491034835577011 1.372323244810104 0.4053574725985527 0.3038210570812225 0.1190486624836922 0.4667403548955917 0 0 68.6362242102623 2.732821553945541 0 0 0 73.28356377035379 1.743270002305508 10.79213429242373 16.73142221570015 20.29119861871004 3.08884385228157 0.1967668086290359 0.1813068091869354 0.7481405436992645 0 0 0 0.07794861495494843 0.4578600898385048 0 0 107.0777172893286 3.724237322807312 4.382497742772102 447.6193312555552 19.15514746308327 268.5183396786451 166.7584921270609 373.1842799261212 27.17274813354015 1.219299793243408 134.8104353249073 27.61343319714069 2.974803082644939 25.35771232843399 3.469161204993725 86.34487134218216 3.262025386095047 0.1103140041232109 3.780041962862015 2.539578378200531 0.2182085365056992
1346.461579442024 120.2874519377947 1.646273195743561 1044.640129730105 319.438553892076 669.7226742655039 2290.815485775471 3.090221866965294 466.485303029418 0 31.41655011475086 926.2785363048315 5616.184257663786 518.2502477690578 6.56671854108572 4.503736138343811 1.394876778125763 0 0 0 0.28403240442276 0 0 0 0 0 0 0.1270759999752045 0.5269696563482285 0 17.67993704974651 5.017934620380402 116.184687435627 0 0 0.4649618417024612 68.72335740923882 0 0 0.1402019709348679 0.606096588075161 0 0 0.6263471394777298 0 0 15.15856526046991 0.6058977395296097 0 0 0.1185949221253395 0.7561438232660294 0.4075774252414703 0 0.6939810290932655 0.2912664189934731 128.812970250845 53.06155232340097 6.207413084805012 1.440337933599949 0 1.352467119693756 0 13.70569710433483 0 0.8266243040561676 0.1712573617696762 0.2002026215195656 0.2799836248159409 0.2461478486657143 218.8775075376034 25.22077678143978 1.314467787742615 16.71103365719318 15.86748730391264 6.142045848071575 12.35724712908268 3.923314824700356 0 78.67930816113949 0 0.4756131991744041 0.5635894313454628 0 0.6612488701939583 0.0860336497426033 0 0 0.2871031165122986 0.5730255097150803 0 0.1966401934623718 0.2859703600406647 0 0.536416195333004 540.9870072603226 19.71337692439556 10.91719859838486 0.8018638491630554 683.7377979159355 1.663499288260937 6.573692321777344 1.892315052449703 4.416973926126957 0.3593336939811707 41.34171159565449 5.364777848124504 27.61516993492842 13.44935657083988 36.24047389626503 4.497619546949863 49.27966694533825 20.45773678272963 19.23996249586344 17.59860941022635 0.1270257830619812 0 0 0 0 0 0 0 0 0 0 0 0 0 0 0 0 0 0 0.4592656195163727 0.6474398225545883 0 0 0 1.216597162187099 0 0.3879870995879173 0.1037186831235886 0 0 0 0 0.4053497910499573 0 0 0 0.5230200886726379 2.794726863503456 0 0 0 0 0 0 0.1278403699398041 0 0.9658474028110504 4.057890973985195 0 0 0 7.951993115246296 1.905415281653404 1.286537200212479 0.0936201810836792 0.07192274183034897 0 0 0 0 0 10.51041642576456 0.7275416851043701 0 0 0 11.0992129072547 0.6545128673315048 1.591812692582607 3.032230444252491 3.073226071894169 0.491638295352459 0 0.1296764463186264 0 0 0 0 0 0 0 0 21.95864106714725 0.1156439036130905 0.8570911735296249 80.50452242791653 1.266992576420307 21.18462102860212 11.12135078758001 974.8259801343083 6.210846573114395 0 13.50033596903086 9.971704088151455 0.2925222516059875 5.563588492572308 0.3310484439134598 28.49999964237213 0.7932021915912628 0 1.127327486872673 0.3961894065141678 0.1321140229701996
728.9138578474522 870.1490967124701 1139.679118826985 1.783564239740372 3463.851467274129 10.32969544827938 340.6173187941313 3297.862275600433 1868.946841321886 31.41655011475086 0 124.3936852663755 1199.07841668278 686.9530658572912 145.2350770160556 85.70628678053617 3.817766554653645 0 0.2576812207698822 3.493283204734325 3.54035110026598 0.3969145715236664 7.991676233708858 1.784583434462547 5.855459213256836 4.699307039380074 7.658928714692593 0.1314716935157776 2.602827526628971 0.6378730833530426 839.7350967004895 736.6664555519819 543.5924849659204 0.09593919664621353 4.970622941851616 17.54648808389902 175.0479194223881 10.57432208955288 6.069672718644142 3.939115673303604 17.1552517414093 1.413975283503532 1.614209182560444 3.564100548624992 0 0.6438482776284218 413.7796971425414 3.047940254211426 1.717698872089386 2.97331377863884 2.418373987078667 0.146167978644371 1.906476125121117 0.6074678301811218 3.902746737003326 2.480706252157688 21.91968154162169 170.6453678309917 15.05230986326933 53.25090163946152 4.535445600748062 101.60018081218 6.766477048397064 265.2212001159787 3.487767294049263 4.259942032396793 3.080093182623386 9.004995234310627 9.343703389167786 21.52901240438223 512.3998587056994 55.00816096365452 0.3130864351987839 82.72244497388601 119.9007289335132 178.1927816048265 269.0199259743094 57.52768162637949 168.4932702034712 538.3164419233799 5.501626372337341 175.6290359199047 6.216016411781311 0.3461453765630722 2.573265060782433 3.496804885566235 2.84577289968729 0.4685315936803818 0.1864958703517914 0.2228023260831833 0.2828308492898941 0.11445651948452 7.693010613322258 6.797044940292835 0.8911276534199715 428.6906962394714 43.7775004953146 4.007846266031265 2.446128487586975 229.8223424628377 6.211457967758179 6.737736418843269 3.106643483042717 6.169164076447487 1.319453671574593 47.09038303047419 4.598594039678574 39.72368715703487 7.936844795942307 36.60861724615097 12.23910760879517 71.34939005970955 26.47891029715538 37.61151378601789 48.68664747476578 0 0 0 0.1436717510223389 0 0 0.117525726556778 0 0 0.234149158000946 0.1196271404623985 0 0 0.1154202222824097 0 0 0.1494572907686234 0.1174022927880287 0.1357178688049316 3.361055642366409 1.56954924762249 0 0.1379660665988922 0 4.793910667300224 0.1372860968112946 8.061123535037041 0.2426961362361908 0.1043276339769363 0.2206983044743538 0.1437797099351883 0 0 0.1036095023155212 0 0 0.4801537245512009 5.682992056012154 0 0 0 0 0 0.1089485585689545 0.3893326744437218 0.3053610846400261 1.71857612580061 10.10218255966902 0 0.2634060680866241 0 25.66195448487997 2.643899463117123 1.608584240078926 0.7144399136304855 0.08100444078445435 0.08188876509666443 0 0.1746388599276543 0 0 35.07445032149553 5.314899161458015 0 0 0.1084572374820709 28.49435883760452 1.797114260494709 7.004030406475067 11.94951896369457 8.626578524708748 2.25152325630188 0 0 0.2083583250641823 0.1160216778516769 0 0 0 0.0972294807434082 0 0 38.02987400442362 2.040069542825222 2.970643371343613 707.3905162364244 37.16457317769527 447.0747549459338 249.6640534773469 207.7031181156635 40.71526516228914 3.220271803438663 216.8239155933261 16.95957039296627 0.8752164617180824 11.90307676792145 0.939847894012928 33.52203747630119 1.575926020741463 0.3026046827435493 2.976747617125511 3.860412359237671 0.6835717707872391
158.5422260016203 15.02651712298393 1.190000057220459 840.4964754134417 67.29967875778675 163.4528785645962 802.5888919681311 2.549562394618988 222.35661059618 926.2785363048315 124.3936852663755 0 3785.718981489539 668.0807709693909 12.75852982699871 8.910538658499718 0.9291086047887802 0 0 0 0.1440857201814651 0 0.3081864267587662 0 0.1353905200958252 0.1360472589731216 0.1185343116521835 0.2162749320268631 0.4138373583555222 0 9.485641121864319 10.75703921914101 118.1989527791739 0 0 0.280179888010025 297.0033593177795 0 1.686458989977837 0.1203785985708237 1.085426993668079 0 0 0.8701053336262703 0 0 34.93370743095875 0.5247659832239151 0 0 0.1063524335622787 0 0 0 0.259366899728775 0.2780807837843895 7.706284113228321 21.23294620960951 1.106373585760593 4.100614286959171 1.213911294937134 1.083707481622696 0 29.29224810004234 0 0.5749524086713791 0 0.2899313867092133 0.2971804887056351 0.7375185564160347 293.6890090107918 57.88722376525402 0 10.01803393661976 25.01144577562809 11.64614482969046 19.77516420185566 10.74517104029655 0.784824475646019 180.4958150088787 0 5.016111016273499 0.4474388435482979 0 0.3067979365587234 0.438962310552597 0.6421206295490265 0.2485875189304352 0 0 0 0.3405109792947769 0.2832306772470474 0.122523695230484 0.1636689901351929 869.7225151062012 94.68227572739124 0 8.690682992339134 39.679403424263 1.831761658191681 2.965232014656067 1.435361742973328 4.8122698366642 0 38.8731260150671 2.093576028943062 19.01651747524738 6.06611692160368 20.6217130869627 7.293635174632072 43.40874556452036 18.6855742931366 25.38971972465515 31.0582385212183 0 0 0 0 0 0 0 0 0 0 0 0 0 0 0 0 0 0 0 1.102990329265594 0.9797666147351265 0 0 0 4.335183493793011 0 3.33439826220274 0 0 0.09774529188871384 0 0 0 0 0 0 0.7573306113481522 3.294116578996181 0.1121867075562477 0.08899686485528946 0 0 0 0 0.3400405496358871 0 0.7107775807380676 6.382974810898304 0.1510299146175385 0 0.1179583221673965 17.97887074947357 1.476245239377022 0.3567001149058342 0.1426228135824203 0.2112011089920998 0 0 0 0 0 13.08324526250362 3.275598734617233 0 0 0 14.88077034801245 0.8208933398127556 5.703938588500023 4.987461186945438 5.383909665048122 0.7540920004248619 0 0 0.2074142023921013 0 0 0 0.09695512801408768 0.09622173756361008 0 0 22.0404321923852 1.015158392488956 1.355611398816109 164.5833942890167 4.513447277247906 50.60869763791561 26.14826550334692 157.8182478770614 5.347502656280994 0 42.39892780780792 4.71614421159029 0.3124541714787483 9.501681886613369 1.397190392017365 12.39416879415512 0.2832071781158447 0 0.589701771736145 0.3316786289215088 0
338.5294672325253 111.8168038651347 19.57002013921738 2036.790489420295 525.488334454596 226.6513342484832 8180.739638179541 104.9214264750481 2237.712960883975 5616.184257663786 1199.07841668278 3785.718981489539 0 1694.18281146884 92.47687468677759 61.21835709363222 4.172381766140461 0.3298709914088249 0.09485951811075211 2.492876268923283 2.849599666893482 0.5647359639406204 7.5984231159091 1.957924641668797 2.281257696449757 3.435899302363396 4.516966603696346 0.6665465906262398 1.966560624539852 0.4617487490177155 36.1307732462883 77.10796234756708 248.5267366543412 0.2112318724393845 2.191625118255615 6.693926297128201 81.79394049197435 1.572629690170288 2.980101481080055 1.501221388578415 7.939072676002979 0.8518998250365257 1.23058994114399 4.184688158333302 0.1323289573192596 0.3734990581870079 156.2195408046246 2.532957680523396 0 1.161649920046329 0.7100417837500572 0.9643605500459671 2.022759765386581 0.6832380741834641 1.407746933400631 1.668424420058727 22.11913857609034 48.185393050313 7.900871828198433 20.72012409567833 1.863352909684181 19.78151281923056 3.006309896707535 106.1749488934875 1.218289494514465 2.124763436615467 1.287298336625099 3.084656231105328 5.235317304730415 11.10101237893105 740.9786519855261 180.1345959454775 0.371428981423378 35.61666166037321 59.5815407410264 65.09758868068457 127.7688477039337 55.47322612255812 11.67413012683392 94.32123331725597 0.8376822099089622 17.98872192203999 2.802011713385582 0 1.447809293866158 1.201737821102142 1.278200872242451 0 0 0.2372629195451736 0.579463467001915 0.3015731275081635 3.988147735595703 1.796098865568638 1.524858959019184 2629.56823515147 122.6782921403646 5.575567647814751 6.271239146590233 86.51090732961893 8.123514279723167 6.989476650953293 4.359837390482426 9.595222681760788 2.525164350867271 80.7838791012764 5.38579386472702 54.84434615820646 25.3839950710535 62.34767613559961 19.99192053079605 107.462314710021 59.25714079290628 69.29048413783312 100.248416505754 0 0 0 0 0 0 0 0 0 0 0 0 0 0.1222130730748177 0 0 0 0.2018458470702171 0 4.718794196844101 2.660198576748371 0 0.7856400460004807 0 13.0662150606513 0.3331035524606705 13.19158197194338 0 0 0 0 0 0 0 0 0 2.652991287410259 8.433532223105431 0.3199611529707909 0.1174984499812126 0 0 0 0 1.337144672870636 0 2.382841728627682 16.72572518140078 0.34065942466259 0.2267526611685753 1.03766030818224 51.46275977790356 7.14161042124033 1.470984622836113 0.9177203178405762 0.1535684168338776 0.3769238218665123 0 0.270829364657402 0 0.1226813346147537 64.50717332959175 11.77828297764063 0 0 0 53.79677482694387 3.164756625890732 11.69366855919361 12.60854836553335 16.91289205104113 2.857565924525261 0.1222497820854187 0.1216583773493767 0.2921840399503708 0 0 0 0.1199527904391289 0 0 0 70.40230070054531 5.317703679203987 7.375678658485413 555.4961154013872 22.26207472383976 219.2614135220647 125.5399258285761 359.2270153611898 16.36576323211193 0.6399189531803131 152.5726841911674 19.99404037743807 1.305462911725044 21.4773732945323 1.750638782978058 42.92529627680779 2.510668493807316 0 3.652279444038868 3.609638273715973 0
63.16534512490034 71.15497527271509 55.41355891525745 259.7123079150915 575.82306715101 56.82256868481636 3373.305692754686 329.5143021196127 1383.00130712986 518.2502477690578 686.9530658572912 668.0807709693909 1694.18281146884 0 97.65734402835369 66.7688851505518 5.70545119792223 0.7088530138134956 0.1109502539038658 5.489699974656105 4.775519818067551 0.2487643361091614 7.756480418145657 3.180778227746487 7.146204859018326 4.070656791329384 6.941694058477879 0.4138905555009842 1.362274073064327 0.4963978826999664 53.79064597934484 125.704212449491 529.3770401626825 1.084242105484009 4.436778321862221 13.15561186522245 350.576499350369 13.27423778176308 9.193420462310314 5.932373069226742 14.62633586674929 1.147337406873703 1.039851881563663 5.41479229927063 0.3714765310287476 0.1203865185379982 180.8526837229729 1.007994242012501 0.7848916053771973 1.642360396683216 1.795234680175781 0.5392984002828598 1.145849287509918 0.7415264025330544 3.87492398917675 1.542929016053677 10.43876691162586 36.03533251583576 4.420043796300888 19.07734583318233 6.370117239654064 133.0455891489983 4.180235378444195 117.534116871655 1.07372310012579 2.217003129422665 1.91180981695652 4.142006799578667 7.091299168765545 22.48580579459667 663.4442897439003 93.7353103980422 0.3067213147878647 37.17589883506298 78.91120287030935 71.05668440461159 154.7450704425573 60.18499983102083 43.31686662137508 173.7772519439459 3.556060969829559 64.52049476653337 1.863267630338669 0 0.7001565769314766 1.206611342728138 1.361151069402695 0.1238684803247452 0.2130047455430031 0 1.627303160727024 0.3360205814242363 10.03261675685644 4.886272624135017 1.240891255438328 1102.487455457449 133.4086416363716 4.436392068862915 9.798513799905777 24.5420603826642 7.730635866522789 4.403900861740112 4.348428167402744 7.584801495075226 0.7941599488258362 56.51449399441481 3.076595552265644 41.47196965664625 9.752651169896126 31.77909621596336 17.43586196005344 82.31856620311737 42.80533068627119 49.21022050827742 64.44388308376074 0.2482700794935226 0.1409927755594254 0 0.1532047241926193 0.1021357551217079 0 0 0 0.118488684296608 0 0 0 0.5292955860495567 0.1418558210134506 0.1186754703521729 0.1053376644849777 0.2835525497794151 0.2716371566057205 0 3.390937834978104 1.103975981473923 0 0.4546374902129173 0.3730217516422272 10.74491608887911 0.8652164414525032 10.14698247611523 0.2435205206274986 0.2588253021240234 0.5481596887111664 0 0 0.1552608758211136 0 0 0 1.660629585385323 6.637748517096043 0.3271640688180923 0 0.2198922336101532 0 0.1006013974547386 0.1304913014173508 0.5026145949959755 0.1847489327192307 1.619381032884121 13.68685221672058 0.4236989170312881 0.5546998679637909 0.7006722316145897 39.02151916176081 5.850326657295227 0.7224138677120209 0.3390344455838203 0.07122030109167099 0.2506073117256165 0.1460554003715515 0 0.1253950595855713 0.09819653630256653 43.17217089980841 7.011688075959682 0 0 0.09557421505451202 41.26854400336742 2.737645864486694 10.74054351449013 12.83711171895266 12.53613441437483 2.835401281714439 0.2079047560691833 0.2150365710258484 0.2326966300606728 0 0 0 0.07664594799280167 0 0 0 45.15669597685337 1.880998402833939 5.581809610128403 664.3271649330854 21.91867595165968 241.1471626088023 145.2680415958166 145.0430354475975 16.37877728790045 2.580791048705578 165.8936868607998 16.3656065762043 0.9241021648049355 13.94953436404467 2.128888830542564 32.84473027288914 1.694931745529175 0.2008462473750114 1.533498615026474 2.559252500534058 0.7944167852401733
