0 3228.637116804719 735.2483804896474 1138.46851490438 184.5430620834231 170.1273054927588 1010.840129114687 23.58143685758114 71.4654299467802 2782.281430289149 140.9454853460193 508.1914132684469 394.8310986831784 29.38493683934212 0.7888227850198746 0.8454316556453705 0 0 0 0 0 1.246528148651123 0 0 0 0.1559485644102097 0 0 0 0.08552365005016327 672.838773585856 3.711252734065056 0.5099759846925735 0 0 0 1.072304613888264 0 0.9414165318012238 0.1969942897558212 0 0 0.09016823768615723 0 0 0 14.60297242552042 12.34558905661106 0.148750826716423 0 1.955258645117283 0.626646414399147 4.358477294445038 0 3.284550316631794 6.488441795110703 272.5063560605049 2311.562956251204 20.77609022706747 6.396602585911751 0 0 0 21.08921086788177 8.073220826685429 9.640128426253796 3.783849962055683 4.874889396131039 0.4370425269007683 0.0999775230884552 1.652042739093304 8.853921517729759 0.9671339392662048 81.89371554553509 21.0089418143034 14.81502459198236 3.629826217889786 1.445926249027252 0.6101494506001472 4.336237281560898 0 0.5237746834754944 11.61178087443113 0.166005901992321 7.370606631040573 4.179839141666889 5.530578017234802 0.5798693597316742 4.231162667274475 0.7903251424431801 0.6486868560314178 0.0899331197142601 0 0.8654730245471001 0.4387569427490234 149.5012407898903 0 0.9745162129402161 0.1008815169334412 2138.620436832309 0 0 0 0 2.676261976361275 9.712457790970802 0.8874731957912445 4.277568534016609 1.506428927183151 5.410826206207275 1.255834609270096 9.082759335637093 7.670648321509361 4.289252832531929 2.804531268775463 0 0 0 0 0 0 0 0 0 0 0 0 0 0 0 0 0 0 0 0.1761492192745209 1.528655290603638 0 0.3579926192760468 0 1.353188164532185 0 0.5079618841409683 0 0 0 0 0 0 0 0.4973928034305573 0 0 0.6289003491401672 0.39280766248703 0 0 0 0 0 0 0 0.139422595500946 0.6474901437759399 0 0 0.7957316040992737 1.110595434904099 0 0.2563269138336182 0.1531491130590439 0.09381063282489777 0.1119262874126434 0.1266292631626129 0.1247145384550095 0 0 0.9954158663749695 1.176208525896072 0 0.1062374264001846 0 0.2940423041582108 0.866576611995697 0.5771912336349487 1.23388609290123 0 0.7275594472885132 0.198212206363678 0 0 0 0 0 0 0 0 0 3.464291989803314 0.8742762207984924 0.1921974420547485 106.4353457540274 19.24761297553778 146.236228980124 14.30697115510702 1229.469397239387 32.36931480467319 1.005226545035839 7.327941924333572 2.607534557580948 0.3460171967744827 2.438281342387199 0 7.133402705192566 1.348806664347649 0 3.194291278719902 0 0
3228.637116804719 0 1389.983237445354 587.2688236162066 1579.359040156007 137.09915150702 2917.156577125192 371.3367003053427 781.431726783514 1424.032168768346 1111.998857095838 91.27260565012693 228.1694458499551 145.4637145027518 23.53490696847439 5.269388750195503 1.129412546753883 0 0.1473211050033569 0 0 0.1071214750409126 0 0 0 0 0 0 0.1276407390832901 0 2857.219301357865 38.00812862813473 8.215595982968807 0 0 0 11.86352601647377 0 1.50641668587923 0.3352036625146866 0 0.7395915538072586 0.1901070326566696 0.521543025970459 0 0 189.8616262897849 34.65613489598036 1.269297942519188 0 5.238249756395817 0.1186396479606628 0 0.1165433004498482 6.803504213690758 14.46966738253832 93.3353224620223 1642.895824074745 20.05756809562445 31.60339112579823 0 0.6295217275619507 0 114.9764209017158 21.09609001129866 23.85839072987437 7.640177436172962 12.96624691039324 0.9189303144812584 0.1105667725205421 8.008331879973412 4.861200056970119 0 111.9272502586246 77.02258098125458 119.5805574283004 118.5947329849005 7.49306920170784 0.9175994098186493 8.101140037178993 0.3667664155364037 1.254922337830067 28.64957903325558 0.7457154169678688 21.91321843862534 11.13295850902796 17.86258967220783 0.9965982586145401 11.5075830668211 1.24569021910429 2.164642669260502 1.98979714512825 0.2149200513958931 1.094406507909298 1.820865891873837 101.0216304063797 1.377974390983582 0.3500138223171234 0.5016174092888832 719.0461930185556 0 0 0.4920274764299393 0.5968886017799377 5.621773034334183 37.66270536184311 1.1498002409935 26.42524451762438 9.035894580185413 14.37389332056046 6.906327322125435 48.06028005480766 43.54391127079725 20.18899021297693 22.33769193291664 0.6302486062049866 0.3230675458908081 0 0.2664982378482819 0 0 0 0 0 0 0 0 0 0 0 0 0 0 0 0.5433421730995178 9.167977407574654 0 0 0 3.876835517585278 0 2.74382184445858 0.7103760540485382 0.3041335046291351 0 0 0 0 0 0.3794759213924408 0 0.9645837992429733 3.061262294650078 1.007548063993454 0.5091209262609482 0 0 0 0 0 0 0.5909382998943329 0.9677187651395798 0 0 0.2270271554589272 7.881994865834713 0.9761437475681305 0.9410652816295624 0.338302880525589 0.2180225104093552 0 0 0.3958844542503357 0 0.191295713186264 12.18937258422375 1.266136512160301 0 0.2379280850291252 0 1.906043224036694 2.40473972260952 6.366428427398205 1.827064514160156 0 2.795059517025948 0.6860661506652832 0.313603401184082 0.6227963417768478 0 0 0 0.1931318119168282 0 0 0 17.2411519959569 3.186753898859024 2.405120611190796 172.4264978393912 77.7353875041008 567.2733008190989 62.40721371769905 658.2228786349297 75.33028403669596 7.104731544852257 47.6079798489809 13.96923364698887 0.9107531532645226 12.70154410600662 0.9092744588851929 18.35710771381855 3.79090204834938 0 3.561330080032349 0.2872664928436279 0
735.2483804896474 1389.983237445354 0 110.130317799747 960.5800430849195 28.46515615284443 221.22109734267 2439.675381042063 853.4912441521883 150.348182298243 4843.659283451736 293.0629380792379 262.2677662596107 378.8874913230538 47.89563298225403 33.87933757156134 5.006971150636673 1.795234881341457 0.4260973781347275 0.1236917525529861 6.309029780328274 0.08821554481983185 2.221262209117413 0.128276139497757 2.039737559854984 1.278548814356327 0.5347658917307854 0.2119470536708832 0.1959780380129814 0.09798204898834229 3944.586472637951 796.1934809610248 142.726584173739 1.016033589839935 2.514021925628185 3.278217427432537 189.2600493878126 2.745043456554413 9.640239484608173 5.754360064864159 0.7158660143613815 3.185807384550571 19.6884154304862 10.85211226344109 0 0.4687692523002625 226.9869541749358 60.06907692551613 7.499128550291061 12.01982166618109 8.790143623948097 2.334346897900105 0.5252793356776237 0.8026878237724304 10.10148014873266 23.06771385669708 90.8363898396492 2197.985605098307 24.39696751534939 43.79808229953051 5.160030201077461 15.37907068431377 0.3288821876049042 464.8202134743333 29.81010933220387 38.1931484490633 15.17246821522713 40.97538575530052 53.94809015840292 19.72320079058409 173.3795443251729 106.5737078860402 0.2244332060217857 153.0982599928975 221.8477668017149 180.9620674476027 324.0889004915953 50.75023150444031 200.3153478726745 1669.151700034738 14.38502545654774 253.4119105041027 46.07463774085045 1.687558382749557 33.45515891909599 17.77727298438549 47.71668346971273 1.024367779493332 15.29649771004915 0.4440070390701294 3.412252642214298 4.325671724975109 29.17200274765491 4.782647363841534 9.98414434492588 531.5334539785981 2.366896823048592 0 0.9923331066966057 308.9411608427763 1.978658422827721 4.358034990727901 4.80032978951931 2.780603349208832 45.23051977157593 194.3668364807963 1.07126984000206 122.7813611775637 36.22011015564203 44.75643874704838 35.71911743283272 203.8457262217999 263.8345275819302 140.5994617268443 184.8423592895269 2.148822292685509 1.572203382849693 0.4879867732524872 0.1707936674356461 0 0 0 0 0 0 0 0 0 0 0 0 0.08545746654272079 0 0 13.26556342840195 65.68526983261108 0 0.767187163233757 0.1130227372050285 45.5619333088398 4.264628633856773 27.31709011644125 1.565946578979492 0.2213473543524742 0 0.4803461730480194 0.09057727456092834 1.154102109372616 1.720072656869888 0.7423956990242004 0 12.82138807326555 29.5318453386426 8.456653706729412 3.214941322803497 0.6559132412075996 0 0.2414653971791267 0.4621300846338272 3.968240156769753 0.1962310746312141 6.236573331058025 17.60871572047472 2.35206538438797 1.550074994564056 1.014216162264347 67.0020712390542 7.734860137104988 11.66036880016327 4.121931940317154 0.739228256046772 1.33175753057003 0.5237674415111542 1.198068454861641 0.8375082388520241 0.8837466314435005 120.076103232801 22.0174480304122 0.1920184195041656 0.5989844724535942 0.8055738434195518 16.56914200633764 20.06497745960951 61.38176811486483 9.744680799543858 3.039639085531235 15.01444752514362 5.649187237024307 3.556479513645172 1.770306453108788 0.224853128194809 0 0 1.290534198284149 0.3197643086314201 0.3710215166211128 0.5429515913128853 72.00130325555801 35.2319241091609 20.91409951448441 163.2320327609777 105.503900796175 656.5235284715891 82.55922133475542 393.8183920532465 97.70542155951262 7.196099974215031 59.13424033671618 87.90667133033276 3.786667421460152 123.0881090983748 12.04846179485321 111.2312540337443 25.65749321132898 0.8741440922021866 62.13764410465956 1.380183987319469 1.29188796877861
1138.46851490438 587.2688236162066 110.130317799747 0 15.8061626330018 264.2897097617388 396.481016561389 1.08405265212059 84.79858827590942 1355.923012524843 5.356673143804073 1135.902620494366 817.6759129315615 28.7687711790204 3.035743564367294 0.4791311621665955 0 0 0 0 0 0 0 0 0 0 0 0 0 0 116.2639381662011 1.916814416646957 2.997362896800041 0 0 0 0.6335756480693817 0.118151880800724 0.1142204254865646 0 0 0.09475100040435791 0 0 0 0 30.06397469341755 6.686471089720726 0.4500510394573212 0.1843259334564209 1.04777517914772 0 0 0.157315194606781 1.287113159894943 2.189822390675545 14.21622297912836 139.0334183126688 2.546023517847061 1.852470360696316 0 0 0 16.10575196146965 2.546081855893135 3.10231725871563 1.006708465516567 2.638067811727524 0 0 1.277219250798225 3.789138123393059 0 15.95995338261127 9.693153202533722 14.78546933829784 12.16663052141666 1.007246971130371 0 0.562175527215004 0.2195509821176529 0 3.918708227574825 0.3003937751054764 2.754323743283749 1.558960907161236 2.939994908869267 0.1700417399406433 2.314571917057037 0 0.110122486948967 0.331877626478672 0 0.09950020164251328 0.1765480041503906 144.6034849584103 0 0.1482561230659485 0.2002972960472107 157.7197596952319 0.5302040576934814 0 1.039657592773438 0 0 8.044175058603287 0 2.937624141573906 0.6193519830703735 2.490062221884727 0.8075708448886871 4.926121301949024 6.223242118954659 3.570817090570927 2.110975958406925 0 0.3144231140613556 0 0 0 0 0 0 0 0 0 0 0 0 0 0 0 0 0 0 2.058009780943394 0 0 0 1.423307046294212 0 0.8675635457038879 0.1102274283766747 0 0 0 0 0 0 0 0 0.4001280069351196 0 0 0 0.1274588257074356 0 0 0 0 0 0 0 0 0 0 0.6814268007874489 0 0 0 0 0.1074848920106888 0 0 0 0 1.649401813745499 0.5238393843173981 0 0 0 0.6947092860937119 0.2001607716083527 0.6241584122180939 1.003167241811752 0 0.3754231631755829 0 0.5067964196205139 0 0 0.1542372405529022 0 0.09343216568231583 0 0 0 4.034454345703125 0 0 43.64570036530495 11.04301159083843 102.0739648938179 9.495365053415298 423.6683675125241 12.53500827401876 1.235155127942562 4.759795315563679 0.6049579679965973 0 0.732728585600853 0 2.730899691581726 0.4380650520324707 0 0.4166058003902435 0 0
184.5430620834231 1579.359040156007 960.5800430849195 15.8061626330018 0 17.97850349545479 786.4723526313901 981.9052239730954 4279.620090521872 122.1031648591161 2541.023105606437 11.10380187630653 196.2293580695987 818.9022182822227 50.43679577112198 11.89203111827374 0.9277752935886383 0 0 0 0 0 0 0 0 0 0 0 0 0.08763488382101059 288.3048089146614 56.44955134391785 4.758305452764034 0 0 0 5.651247911155224 0.3424575328826904 0.4812691062688828 0 0 0.4448791146278381 0 0.9533172324299812 0 0 247.5377881675959 22.64059227705002 1.257369324564934 0 3.221538864076138 0.6854891031980515 0.1785597205162048 0.4010263308882713 3.013869293034077 6.794354975223541 35.06795550882816 201.4408323988318 9.893943227827549 30.6564047113061 0 0 0 97.12355848401785 8.55878784507513 12.29373952746391 5.147379584610462 6.981360033154488 0.4254133477807045 0.1314134895801544 9.330632321536541 11.70949451625347 0 53.65473160147667 43.43585871905088 118.515720307827 192.9600642696023 19.37421962618828 1.151279106736183 4.635618679225445 0 1.236144982278347 15.5246020630002 0.8418683782219887 11.19464564323425 5.448218479752541 12.12328662723303 0.7225386500358582 5.400701180100441 0.6202554404735565 1.759676665067673 0.9255990609526634 0.2538607865571976 0.1409851759672165 1.649177044630051 284.6901889890432 0 0 0.6837325468659401 41.86972013115883 0.2143757492303848 0.2044281661510468 3.478164985775948 1.161665022373199 18.54356426000595 127.4846893772483 1.693330064415932 84.32920408993959 27.59802494198084 28.93734276294708 17.47775172442198 143.6273328512907 136.9880319237709 71.90263343602419 70.94562032073736 0 0.2555208504199982 0 0 0 0 0 0 0 0 0 0 0 0 0 0 0 0.2486111968755722 0 2.540752366185188 23.11091975867748 0 0.4664076864719391 0 7.503271482884884 0.4295940548181534 7.435674652457237 0 0 0 0 0 0 0.1516080796718597 0 0 2.810821749269962 7.019704826176167 1.395500853657722 0.2253188192844391 0.125360295176506 0 0 0.1186628714203835 0.2529203072190285 0.4054577648639679 1.989595517516136 5.362193375825882 0.4862478673458099 0.1798520535230637 0.1394930183887482 19.16550941765308 1.504342064261436 1.55692695081234 0.7666086032986641 0.9456339776515961 0 0 0.2704954743385315 0 0 29.23112741857767 1.430464833974838 0 0 0 5.533613927662373 1.884736388921738 9.650052987039089 1.540747724473476 0.7054589688777924 2.937483742833138 0.9786843508481979 0.7093155831098557 0.5805109962821007 0 0 0 0.59664136916399 0 0.2042504847049713 0 72.8388335108757 9.710758119821548 2.609315983951092 142.9455871805549 65.46212682873011 514.3582228645682 84.15642107278109 152.6938006952405 80.48596231639385 4.989115975797176 62.57138478010893 21.31543480604887 0.8263149037957191 33.30911526083946 2.004634648561478 35.65505220741034 4.723116129636765 0 10.98966345191002 0 0
170.1273054927588 137.09915150702 28.46515615284443 264.2897097617388 17.97850349545479 0 100.7918893694878 1.961120918393135 93.43125195801258 996.6184554994106 15.99366618692875 259.9444833397865 270.1902884989977 53.77214868366718 0 0 0 0 0 0 0 13.51432517170906 0 0 0 0 0 0 0 0 23.20556336641312 0 4.272844880819321 0 0 0 7.635375797748566 0 0 0 0 0 0 0 0 0 0.4350969344377518 0.5630756616592407 0 0 6.601239621639252 30.4317996352911 5.197600364685059 0 0.1159510016441345 0.08885940909385681 111.9311185032129 69.78921440243721 0.6272346824407578 0.5087468773126602 0 0 0 1.056328177452087 0.09328934550285339 0.2093097418546677 0 0 0 0 17.32899841666222 63.23744329810143 15.74263855814934 2.094633989036083 0.1884327530860901 0 0.7873198091983795 0 0 0.770154245197773 0 0.6979674696922302 0.6559763997793198 0.4422260224819183 0.08696568012237549 0.173297755420208 0.08214593678712845 1.774834126234055 1.714326828718185 15.16472691297531 1.368580654263496 11.19391512870789 0 2.585779815912247 3.863217979669571 405.6168665587902 12.97844922542572 41.01145866513252 0.9974396228790283 581.2634706944227 0 0 0 0 0 0.4726234823465347 0 0 1.267217397689819 0 0 0.1504886448383331 0.5477520972490311 0 0 0 0 0 0 0 0 0 0 0 0 0 0 0 0 0 0 0 0 0 0 0 0 0 0 0 0 0 0 0 0 0 0 0 0 0 0 0 0 0 0 0.322164922952652 0.2435598075389862 0 0 0 0 0 0 0 0 0 0 0 0 0 0 0 0 0 0 0.3543401062488556 0 0 0 0 0 0 0 0.2960651218891144 0 0 0 0 0 0 0 0 0 0 0 0 0 0 0.2736530601978302 0 0.6421375423669815 0.6373119279742241 5.359422847628593 0.5781838148832321 94.99875789880753 6.682409480214119 0.1508985012769699 0.1593961715698242 0 0 0 0 0 0 0 0 0 0
1010.840129114687 2917.156577125192 221.22109734267 396.481016561389 786.4723526313901 100.7918893694878 0 26.77133812010288 928.8392595797777 1188.837798222899 169.3087619692087 50.46828256547451 611.5012250691652 517.1478698402643 27.45669032633305 6.955855160951614 0.3918412402272224 0.3604917675256729 0.1848389059305191 0 0 0 0 0 0.08168069273233414 0.4139953255653381 0 0 0 0 339.4540954530239 27.87570261210203 1.830559745430946 0 0 0 1.997809179127216 0 1.428085267543793 1.562482289969921 0.262009471654892 0.1139050722122192 0.1726164966821671 0.4757306203246117 0 0 187.8537783920765 25.19236356765032 1.340213350951672 0 4.216778092086315 0 0 0.2442671656608582 3.61674664914608 10.76249589025974 49.41254309564829 389.7326135784388 11.43194037675858 27.68827234953642 0 0 0 108.9668946266174 15.86777851730585 17.4271731339395 7.286880470812321 10.19319753348827 1.061509914696217 0 2.399618163704872 5.50171947479248 0.3088651672005653 65.22462347149849 49.50729484856129 126.4066065102816 127.6965539455414 9.572983503341675 0.7596056163311005 3.094121560454369 0.7146559208631516 1.028258360922337 19.73107901960611 0.7982427626848221 16.2067201808095 8.249457992613316 13.41054090857506 0.3342879265546799 8.593029223382473 0.4060738757252693 2.300934359431267 0.5247281491756439 0.1174732595682144 0.9854451045393944 2.586340375244617 187.0005155205727 0 0 1.081566214561462 160.300177551806 0 0 1.101897746324539 0 7.904648751020432 65.26984847337008 2.698618769645691 38.76614381372929 14.86312511563301 17.23016729950905 6.488724753260612 72.84589270502329 62.50012693554163 26.98182393610477 30.39393609762192 0.2162206918001175 0 0 0 0 0 0 0 0 0 0 0 0 0 0 0 0.2875303328037262 0 0 1.518740281462669 10.31415717303753 0 0.1462317854166031 0 4.821125209331512 0.5360544919967651 1.897714920341969 0.5727793127298355 0.2494357526302338 0 0 0 0 0 0.2232380360364914 0 1.162893489003181 2.426641657948494 0.3048844635486603 0 0 0 0 0 0.1411124467849731 0 1.280407041311264 0.9882994741201401 0.3159235715866089 0 0.2066504955291748 3.589955307543278 0 0.4190235137939453 0 0 0.1160371452569962 0.196541890501976 0.263038270175457 0 0.1827311515808105 15.32682593911886 1.2959845662117 0 0.1846297234296799 0.1096925139427185 1.6063087657094 1.98222927749157 7.527358658611774 0.8268928378820419 0 0.2741160690784454 0.4039832651615143 0.7970782816410065 0.2642012536525726 0 0 0 0.2839029207825661 0 0 0 35.55150920897722 5.345179334282875 2.438675686717033 131.2416197359562 71.0115805119276 476.7346014529467 61.73888934403658 347.1168718039989 72.84773103892803 4.505876384675503 45.38899953663349 8.251304961740971 1.469738595187664 13.18538658320904 0.7963591665029526 14.83223293721676 2.375920787453651 0 5.816228106617928 0.664482593536377 0
23.58143685758114 371.3367003053427 2439.675381042063 1.08405265212059 981.9052239730954 1.961120918393135 26.77133812010288 0 351.4317534938455 6.403375163674355 3006.196711882949 89.67460058629513 188.081215031445 399.2428919002414 119.1500351279974 92.0142852589488 11.00230644643307 8.306525267660618 0.2185064703226089 4.566651120781898 17.13649632036686 0.1231251135468483 7.901797264814377 0.091750368475914 4.653391413390636 1.19331182539463 0.6126779541373253 0.6793716922402382 0.118928350508213 0.11758042126894 776.7976432144642 1057.792246058583 73.18364631384611 3.393696546554565 6.770577669143677 3.330518238246441 95.07244864106178 3.836397312581539 8.506417989730835 5.52521438896656 3.01050391048193 7.805659495294094 62.21003223955631 26.72145928442478 2.137463837862015 3.540679693222046 396.4874479621649 40.70706345140934 12.87939550727606 37.39999994635582 4.283941902220249 3.876328498125076 0.7742184922099113 0.6434670314192772 3.074136905372143 8.449429996311665 37.38705129176378 293.9827146679163 13.15892291069031 36.19737349450588 56.97585033625364 6.074357680976391 1.588413529098034 284.5462046042085 13.19212451577187 23.08761704340577 10.31658984720707 62.12642643600702 131.5832469984889 47.22501364350319 66.83551580458879 37.87316147983074 0.1178063303232193 68.98189651221037 117.6011980995536 231.2432065606117 529.6810165122151 252.9060311987996 838.6104164049029 4132.212442353368 142.59210267663 1514.684978373349 18.85245370864868 1.191451027989388 13.78449708223343 6.604334250092506 66.89842206984758 0.5534711852669716 8.726076796650887 1.019426144659519 2.68069988489151 3.269321002066135 64.57190927118063 9.516662776470184 20.36471413075924 185.0560986846685 0.1292355805635452 0 1.921496599912643 15.42572881281376 0 1.140153020620346 2.027538955211639 0.940352737903595 14.38424810767174 64.09095564484596 0.2486723363399506 35.07763408124447 11.57959567010403 8.701169662177563 8.220085293054581 60.59793981164694 65.53941330313683 45.98055323213339 56.65992933511734 0.1762607246637344 0 0 0 0 0 0 0 0 0 0.1245561987161636 0 0.1321664154529572 0 0.1197986975312233 0 0 0 0 2.012442976236343 25.34332171827555 0.2714143395423889 0.4290918558835983 0.3812777623534203 13.71920301020145 1.037170901894569 5.869021326303482 0.5253073051571846 0.09887770563364029 0 1.153301380574703 0.119851715862751 2.450742214918137 0.2710879743099213 0.3035252392292023 0 7.818939343094826 9.744404964148998 0.8457044512033463 0.1173005700111389 1.46126114577055 0 0.6010752618312836 0 0.5586075484752655 0.1094916835427284 2.717127166688442 5.967399194836617 0 0.2113542854785919 0.1065933331847191 23.19129870831966 1.785738810896873 4.666395425796509 0.8494662567973137 0.8680785894393921 0.578115738928318 0 0.7970556318759918 0.4429590553045273 2.665539488196373 21.28107197582722 4.861961677670479 0.1589648872613907 0.2087138742208481 1.147231422364712 7.080257587134838 9.221828505396843 21.35712163150311 3.382257550954819 0.1189451441168785 3.164310544729233 1.155218362808228 0.7346556037664413 0.5788378864526749 0 0.113047868013382 0 0.252516970038414 0.6747819110751152 0.3079561591148376 0.1142824813723564 25.80206092447042 9.204647749662399 4.313807211816311 169.6765591278672 74.24926376342773 764.1982957273722 126.9432520195842 119.4294877052307 96.98754385113716 4.417568728327751 131.0339655429125 37.23562264442444 1.65299266576767 51.94778188318014 2.101425349712372 36.79349380731583 6.020370699465275 0 19.25545584410429 0.6926380395889282 0
71.4654299467802 781.431726783514 853.4912441521883 84.79858827590942 4279.620090521872 93.43125195801258 928.8392595797777 351.4317534938455 0 694.6989593505859 4029.039637334645 191.5056966841221 2974.247012764215 1671.35013128072 50.68497883528471 27.95984275639057 0.3242631405591965 0.3105683326721191 0 0.1486346125602722 0.1117301359772682 0 0 0 0 0 0 0 0.09125948697328568 0 98.13736861944199 58.23301111161709 26.56726841628551 0 0 0 95.99451922625303 0.3916017711162567 0.8895370364189148 0.5178823471069336 0.1239572167396545 1.139908313751221 0.1021171510219574 6.401322260499001 0 0 195.202818594873 9.205665707588196 0.4014471173286438 0.6520938500761986 1.489240013062954 0 0 0.3770888075232506 1.262145973742008 4.329334199428558 28.64954525977373 90.09393052011728 10.65491622686386 16.54518369585276 0 0.1748959869146347 0 47.70458067953587 6.233775459229946 4.862230740487576 1.52793787419796 4.373118862509727 0.8093684315681458 0.1053755208849907 11.37710855901241 29.50385209918022 0 39.44666632264853 27.20556661486626 79.17966133356094 152.1906542852521 64.51313178241253 6.757087558507919 17.99382071197033 0.7791562229394913 1.018951296806335 6.486507654190063 0.4652006924152374 4.24773283302784 2.113397233188152 6.917938474565744 0.649655893445015 3.680381163954735 0 1.1316809207201 1.362702421844006 0.1102413311600685 0.481615386903286 1.35494165122509 977.8575473353267 0.9974638372659683 0.2048622369766235 0.1540216058492661 43.78931757807732 1.254844762384892 1.898034691810608 6.579055801033974 0.154058650135994 41.44610267132521 246.1400886774063 6.578896433115005 162.9151648879051 50.89452534914017 62.75711809098721 26.64784391969442 303.0587135478854 276.2508586645126 163.9180666729808 152.9847702309489 0.1161838173866272 0.1606863141059875 0 0 0 0 0 0 0 0 0.1585151106119156 0 0 0 0 0 0 0.3272971510887146 0 3.22666771709919 60.38361043483019 0 0.1187790706753731 0 21.27135410904884 0.2654535844922066 15.75336576253176 0.9065582752227783 0 0 0 0 0.389490470290184 0 0.2088947296142578 0 9.579594798386097 14.36824852973223 1.90514499694109 1.014207541942596 0.1158346086740494 0 0 0.4159843772649765 0.9993443414568901 0.1018337458372116 4.266637571156025 7.848529689013958 0.8392407298088074 0 0.1129485219717026 33.95925573259592 1.898701511323452 6.768181040883064 1.20587470382452 0.9701151847839355 0.4868798181414604 0.1373370736837387 0.4120042398571968 0.1538099348545074 0.09945642203092575 61.09907750040293 5.081232793629169 0 0 0.2155961245298386 10.91737746447325 5.736905939877033 14.31435307115316 3.458764873445034 1.040202334523201 7.277296230196953 0.3217840194702148 2.248100355267525 1.64569029211998 0 0 0 0.4919972792267799 0.2508661523461342 0 0 150.2496196553111 24.20289368927479 5.532911732792854 269.1714684665203 49.49791546911001 525.5597912073135 103.8677279874682 236.0434712618589 88.80074155330658 4.499006651341915 165.7042728364468 42.83894491195679 1.943367719650269 55.6224617883563 6.276987075805664 71.8473058193922 6.916287794709206 0.1988207995891571 26.23571437597275 0.4883201420307159 0.369142085313797
2782.281430289149 1424.032168768346 150.348182298243 1355.923012524843 122.1031648591161 996.6184554994106 1188.837798222899 6.403375163674355 694.6989593505859 0 36.20537552237511 1853.631176888943 3925.574234753847 419.2465417310596 5.392628543078899 5.042520992457867 0 0 0 0 0 0 0 0 0 0.1215436607599258 0.09570710361003876 0 0 0 113.6233883798122 4.615645825862885 18.8688592761755 0 0 0 116.4973996207118 0 2.334823235869408 1.889047026634216 0 0.2166017442941666 0.1508044004440308 0.8801940232515335 0 0 40.67277304828167 8.743945777416229 0.1346384435892105 0 1.640975564718246 0 0 0 0.761329360306263 3.52176321297884 42.31574364751577 224.2470948770642 4.590037256479263 6.080188393592834 0 0.09995530545711517 0 22.63039634376764 4.129312828183174 5.308220140635967 1.821625076234341 3.73073747754097 0.2834741994738579 0.08008082211017609 23.12688814103603 22.82639615237713 0 23.91806893050671 12.73397468030453 25.59517308324575 19.18801482766867 4.474890351295471 0.5502319559454918 8.803527794778347 0.1360930949449539 1.189580023288727 7.114553593099117 0.1890391558408737 4.639723069965839 1.743260525166988 4.18879159539938 0.09081574529409409 2.844120278954506 0 0.3304374739527702 0.2973164767026901 0 0.3205220475792885 0.6474927440285683 684.2808947637677 0 0 0.4202633202075958 753.431313380599 0 0.8509489893913269 1.196190416812897 3.323953658342361 10.15957047045231 76.78739534318447 2.044666767120361 41.29575350880623 11.4502988755703 30.04781523346901 9.262795366346836 78.69566671550274 64.33933973312378 34.86763270199299 24.63822615891695 0 0 0 0 0 0 0 0 0 0 0 0 0 0 0 0 0 0 0 2.401890903711319 23.72242341935635 0 0 0 5.095700681209564 0.10652144998312 4.174492321908474 0 0 0 0 0 0 0 0 0 1.331581011414528 1.367281652987003 0.7380299419164658 0 0 0 0 0 0 0 0.4613980352878571 0.7893196195363998 0 0 0.4497613608837128 6.130722671747208 0.5190418064594269 0.4527452513575554 0.294053889811039 0.1377149373292923 0 0.09895172715187073 0.1012771725654602 0 0 9.749394431710243 3.617542311549187 0 0 0 0.9954211562871933 2.007316082715988 4.652313902974129 0.1891728192567825 0 0.5994899421930313 0.3537477552890778 0.1254658401012421 0.4842224344611168 0 0 0 0.453100249171257 0 0 0 61.9233561232686 7.119921326637268 0.8861666023731232 95.77290074527264 15.41252271831036 163.1646604090929 18.45022910088301 1263.76447917521 21.96119597554207 1.498610235750675 14.18916397541761 9.175898976624012 0 7.828923471271992 0.5867701172828674 21.4722108989954 1.767035208642483 0 5.104122743010521 0 0
140.9454853460193 1111.998857095838 4843.659283451736 5.356673143804073 2541.023105606437 15.99366618692875 169.3087619692087 3006.196711882949 4029.039637334645 36.20537552237511 0 341.1040663644671 2983.758450552821 4969.264840319753 167.0229998007417 145.9036585539579 2.709726169705391 0.6096085533499718 0.1231885105371475 0 0.4591377228498459 0.1187996193766594 0.4996949881315231 0.1049296036362648 1.214941993355751 0.5344090312719345 1.046868845820427 0.8310646787285805 0.8235611766576767 0 543.7648337259889 314.5832554772496 737.0734247043729 0 0.4930004477500916 3.951623387634754 983.5251260995865 6.251370698213577 9.898763410747051 7.393917351961136 0.2403818368911743 2.03621381521225 1.880261197686195 42.81516906619072 0.1730614453554153 0.6424074023962021 434.2373682931066 19.91570980101824 2.147182874381542 0.9669304564595222 3.889882653951645 0.7005121782422066 2.042341001331806 1.266639038920403 2.36772532761097 10.25464626401663 54.96656160801649 258.1402101442218 19.35263924300671 31.92528919130564 0.7285013198852539 28.92435373365879 0.6480590403079987 166.133855111897 9.753686785697937 14.47367893531919 6.554531753063202 13.85030217468739 9.8481220677495 5.114633187651634 144.7434219121933 33.40534421801567 0 91.67363712191582 73.35761741548777 212.2843790724874 471.2820383757353 271.879416488111 87.23728036880493 187.8511267155409 2.718088902533054 37.50309801846743 18.51984596997499 0.2879359275102615 12.34180068969727 7.622680142521858 15.24635225534439 0.5975865870714188 6.941191017627716 0.4421392008662224 0.8300764113664627 2.366135388612747 7.843777298927307 4.342059254646301 6.114126794040203 381.1272336319089 0.3557019233703613 0.23326675593853 0.7727282047271729 39.31201676279306 0.5252899676561356 1.776293344795704 3.28786937892437 1.588646069169044 16.19871340692043 109.2221379876137 2.838532999157906 64.33763833343983 21.55413154512644 22.26644839346409 13.91944148391485 126.2004193663597 125.9969672560692 83.12163032591343 71.99548722058535 0.6622277200222015 0.5161409750580788 0 0 0 0 0 0 0 0 0.4417555630207062 0 0 0 0.2197249978780746 0 0 0 0 2.138150416314602 27.15360245108604 0 0.2489842772483826 0.1275369375944138 11.61182174086571 0.4593317061662674 8.408052608370781 1.246825367212296 0.3588982373476028 0.1106265932321548 0.3544274047017097 0 0.7556522786617279 1.218720316886902 0.1499102413654327 0 5.68524457514286 10.098373003304 1.30126017332077 0.2525402307510376 0.08277562260627747 0.1462013870477676 0 0 0 0 3.381672002375126 2.342280127108097 0.374335341155529 0.1282744258642197 0.110573798418045 23.40964393317699 2.898328199982643 5.205195099115372 0.9224736094474792 0.1827222853899002 0.07862672209739685 0.1215721666812897 0.2734575867652893 0 0.4290456399321556 40.17326745390892 5.221611753106117 0 0.27196354418993 0.4205601289868355 8.997045777738094 5.825003288686275 16.49262947589159 3.770683571696281 0.7473001480102539 4.38304403424263 1.825714126229286 1.667637623846531 1.041986927390099 0 0 0 0.439031608402729 0 0 0 56.60579609870911 14.09889454394579 6.467244282364845 494.6918205022812 129.1111444532871 999.286691121757 242.8849825337529 232.7679298147559 183.4961781948805 15.03364590555429 299.7536386027932 35.52649798244238 2.263882555067539 38.55348905920982 1.514615841209888 42.59228210151196 7.829174540936947 0 17.37903562933207 1.14704655110836 0
508.1914132684469 91.27260565012693 293.0629380792379 1135.902620494366 11.10380187630653 259.9444833397865 50.46828256547451 89.67460058629513 191.5056966841221 1853.631176888943 341.1040663644671 0 1775.932444259524 315.1597500890493 28.38819404691458 54.53510704636574 2.876652203500271 0 0 0 0 1.079009205102921 0.1080983057618141 0 1.047687500715256 0 0.3887052237987518 0 0.3344495594501495 0 61.31740748882294 26.22959653288126 100.8597095161676 0 0.3056934177875519 4.306819796562195 571.0425227433443 5.966651067137718 37.05952435731888 5.480601444840431 0 0.2832136601209641 0.2294403538107872 17.33865987509489 0.1464671492576599 0.672734871506691 50.58660694956779 2.912303224205971 0.3003068417310715 0.4780540242791176 0.6288028210401535 1.535504639148712 5.729509651660919 0.1214032024145126 0.5146513879299164 0.9801210537552834 13.48601561039686 57.44501643627882 1.518386453390121 3.362714372575283 2.382432177662849 15.71869570016861 0.1377064436674118 10.97457378357649 1.233318902552128 2.196099333465099 1.027964748442173 1.740124799311161 2.062706887722015 1.830903768539429 141.4265964925289 218.0632127299905 1.372704140841961 17.73999650776386 7.328409910202026 24.18273502588272 38.52690643817186 44.07566967606544 1.179032661020756 54.51148093491793 4.493191495537758 26.74241980910301 1.740284822881222 0 1.32780721783638 0.6035623401403427 2.335026100277901 0 1.194797106087208 0.3648248314857483 1.310908071696758 1.114623546600342 2.844641581177711 1.441762834787369 2.415316842496395 1677.07992515713 61.99267955124378 5.672784507274628 5.459749802947044 73.45440752804279 0.3272891938686371 0.3603051751852036 2.894915848970413 0.2236316204071045 11.03235057741404 69.58327362686396 0.5068729147315025 39.4805826023221 14.20117221772671 15.16350864619017 11.62652406096458 98.88746449351311 94.49942930787802 78.01843500137329 77.45848279446363 1.107013881206512 2.125280737876892 0 0.2775020450353622 0 0 0 0 0 0 0 0 0.7047883868217468 0 0 0 0 0 0 4.174673922359943 15.08694265782833 0 1.274143889546394 0.1639046669006348 27.15206630527973 1.275818563997746 17.56050081551075 1.914788044989109 0.4126236736774445 0 0 0.1306401789188385 1.033498167991638 0 0 0 3.924457378685474 8.889175914227962 2.413640081882477 0.3550216555595398 0 0 0 0.1047144904732704 0.4670999795198441 0.1573061719536781 0.8563819229602814 5.556648395955563 0.8211105316877365 0.6041579470038414 0.8594024032354355 35.16598860919476 3.219152763485909 2.714064560830593 0.7962313294410706 0.1023261100053787 0.676082506775856 0 0.4041762053966522 0 0.1085729002952576 60.64739120751619 15.8781074732542 0 0 0.09697871655225754 9.757133781909943 12.23499764502048 31.02675571292639 2.865011744201183 1.266002148389816 6.057529985904694 0.4280328750610352 3.084023430943489 1.109409041702747 0.1009494736790657 0 0 0.4881073608994484 0 0 0 64.12238260358572 33.1711385846138 13.95656507462263 208.6572746187449 24.55056607723236 200.6721675544977 50.8191005140543 243.1595743969083 28.32196888327599 2.327774956822395 108.4098264053464 33.59881714731455 2.575890742242336 41.67375155538321 4.14876551926136 42.21429795771837 7.857117041945457 0 21.14959143847227 0.6244086623191833 0
394.8310986831784 228.1694458499551 262.2677662596107 817.6759129315615 196.2293580695987 270.1902884989977 611.5012250691652 188.081215031445 2974.247012764215 3925.574234753847 2983.758450552821 1775.932444259524 0 1251.805662021041 66.2177591919899 109.7428288832307 7.066101886332035 0.1528720259666443 0 0 0.4034755527973175 4.308680772781372 0.2544993460178375 0.2252837046980858 1.225130073726177 0.36416906863451 0.7188775241374969 0.4428688809275627 6.917782142758369 0 50.17772971838713 46.02125234901905 291.569783449173 0 0 13.85193143785 190.1072242408991 11.10082060098648 28.63782757520676 26.48780461400747 0 2.079737260937691 0.2158358246088028 37.58164481818676 0.2798162400722504 2.58480528742075 93.23945139348507 3.654711902141571 0.8350693732500076 1.199795886874199 1.411031365394592 6.528139233589172 29.54746866226196 0.4499252736568451 1.294471442699432 2.9990523904562 19.12010965496302 55.64363937824965 5.167951442301273 5.381547167897224 11.8488948866725 34.40172104537487 1.422745779156685 28.8499186784029 1.163867495954037 3.387251734733582 1.371400572359562 4.591468751430511 4.581885069608688 2.714828945696354 93.15126232802868 262.810432434082 6.069962702691555 22.79301855713129 16.78493916243315 43.73209328949451 105.0183406546712 98.64599851518869 5.824466034770012 140.0698846131563 10.17533516138792 78.32820999622345 4.866375677287579 0.1533231735229492 2.362734511494637 1.228585094213486 4.097212642431259 0.2826551496982574 2.377964235842228 2.48695332556963 1.074475258588791 1.117997065186501 7.097874402999878 5.011438705027103 3.490433767437935 3280.665001794696 104.2861776053905 30.27749334275723 52.64934477210045 94.0528753772378 1.788429766893387 1.506859555840492 2.632540315389633 0.7542520761489868 22.50915528833866 140.3973146006465 3.765435427427292 94.02694266289473 29.21683596819639 41.17021798342466 19.52170731127262 184.7207811251283 206.8383892327547 99.52396299690008 112.3393262177706 1.011582881212234 0.6974535584449768 0 0 0 0 0 0 0.1670278310775757 0 0 0 0 0 0 0 0 0 0 5.671162344515324 31.37543042749166 0.1150163561105728 0.7088246941566467 0 30.33883132785559 2.567633807659149 19.19731317460537 1.59323738515377 0 0.2156355828046799 0.1872746497392654 0 0.7257207036018372 0.6887386739253998 1.920229643583298 0 4.525155179202557 12.25332009792328 1.898103535175323 0.6093533113598824 0.9049219936132431 0.1553589105606079 0 0.638213612139225 0.2976270020008087 0.06337805837392807 3.772119209170341 6.281328476965427 0.1487515419721603 0.9101040959358215 0.9675265923142433 41.89630838483572 2.379679203033447 2.840191468596458 0.2286262884736061 0.4458024203777313 0.08376900851726532 0.642059251666069 0.2204015702009201 0.1143885552883148 0.9180113896727562 86.51732954382896 23.96468264609575 0 0 0.8569949865341187 10.90284089744091 10.49119623750448 38.27913382649422 4.362132087349892 1.492884777486324 4.100232779979706 0.6702515631914139 2.92451511323452 0.7499451637268066 0 0 0 0.3495560511946678 0 0 0.1175213903188705 121.2776241675019 39.13039705902338 19.8544714152813 334.8103365674615 57.30208511650562 375.7840218469501 102.3133082166314 293.5392446890473 50.85964670032263 5.327175728976727 146.8615868538618 41.99037422984838 4.434082359075546 50.28569529205561 5.173621475696564 55.94844418019056 7.417102418839931 0 26.07156477123499 1.002426460385323 1.506855234503746
