0 2461.297031417489 853.331842854619 1370.21658103168 613.632727265358 300.1714212447405 1807.27263032645 37.14393757283688 216.048847079277 2812.606244854629 487.7706191167235 108.619944408536 600.0339397415519 203.6902437061071 4.718481905758381 1.070254109799862 0.1474956125020981 0 0 0 0 1.95189867913723 0 0 0 0 0 0 0.6336363255977631 0 553.964403860271 12.38367909193039 5.367317631840706 0 0 0 8.513333544135094 0.1034657210111618 4.904223904013634 0.6107381731271744 0.1849493235349655 0.3318109139800072 0.1728532910346985 0.4045123755931854 0 0.1403060853481293 34.59457017481327 5.971106454730034 0.419578805565834 0.6487187817692757 0.7749627158045769 6.057069256901741 0.7605895698070526 0 4.423203878104687 10.16048664599657 540.0967553183436 2040.33809991926 73.23339138925076 19.16201364994049 0.3290829360485077 1.96160876750946 0 111.0562821179628 22.80370228737593 5.182108357548714 2.088452085852623 1.402835339307785 0.4662525057792664 0.6961988881230354 51.94027175009251 57.86573998630047 3.586937785148621 317.4635110870004 178.0662158802152 72.47319332510233 11.7171970680356 0.8202028647065163 3.794849619269371 82.9285179451108 1.554031446576118 0.8844036906957626 35.27986528724432 1.270702339708805 7.866765588521957 3.892994053661823 2.591125227510929 1.686305537819862 1.869384951889515 6.249066144227982 0.150836318731308 5.134429730474949 0.6740128993988037 0.3564319163560867 1.900753766298294 280.4461427032948 22.61433562636375 6.306702449917793 10.56807033717632 1283.604478307068 0 2.862234234809875 1.196095928549767 0.5746673345565796 1.829537361860275 8.156101688742638 12.86971120536327 3.857034549117088 12.07548461854458 33.80472710728645 2.638599798083305 24.75323273986578 34.82347938418388 27.61345198750496 12.98441258072853 0.3183056935667992 0.2102329134941101 0 0 0 0 0 0 0 0 0 0 0 0 0 0 0 0.3489316701889038 0 0.1131603717803955 0.1574341803789139 0 0 0 4.065979942679405 0.2076840847730637 7.489170789718628 2.151734486222267 0.5858544409275055 0 0 0 0 0 0.1690562814474106 0 1.112883642315865 0.1274170279502869 0 0.2185208797454834 0 0 0 0 0 0 0 0.1916990727186203 0 0 0.9178410768508911 2.730651967227459 0 0 0.2204974740743637 0.1045380309224129 0 0 0 0 0 9.860948592424393 4.744221240282059 0 0 0.3276019841432571 2.634980365633965 1.957503840327263 4.958026498556137 0.1796972006559372 0.7587088495492935 1.173770770430565 0 0.2602683156728745 0 0 0 0 0 0 0 0 13.97331377118826 4.110450372099876 4.228225871920586 104.4496451467276 8.800922490656376 202.0749397724867 35.25322516262531 2895.292132981122 56.92766256630421 1.79205684363842 13.39143216609955 8.957710936665535 0.5109413266181946 2.116997011005878 0 49.30378268659115 0 0 0.6512176394462585 0 0
2461.297031417489 0 843.481424562633 404.6076693832874 4905.111788570881 299.0185389742255 5679.768445439637 66.10340346395969 4329.54377566278 479.0948046445847 1334.905834510922 84.29689420759678 628.7382875457406 1545.195268407464 20.11246234178543 0.7468991875648499 0.3443340361118317 0.1322183907032013 0 0.282297283411026 0.1733526587486267 0 0 0 0.2823165953159332 0.1074712201952934 0 0.1130522936582565 0.2039995491504669 0 1115.459393084049 69.35105160623789 5.876206055283546 0 0 0.1628087162971497 1.601102001965046 0 0.09955804049968719 0.4966314882040024 0 0 0.1745980083942413 0.1523926258087158 0 0 110.3397965356708 9.059840634465218 0.1120380759239197 0.5556833446025848 0.8241784870624542 0.1172807589173317 0 0 6.54798861593008 9.250346019864082 43.97701329737902 696.2109595760703 15.54596781730652 49.1528892070055 0.4111635535955429 0.3358633816242218 0 254.6145441606641 29.36892571300268 9.511353485286236 2.96784383058548 1.775298580527306 0.6123649775981903 0.3987066149711609 4.139592617750168 0.9450997412204742 0 220.6675712168217 225.3699988126755 156.0437979251146 62.80797513574362 2.072894170880318 2.636055037379265 70.88943365961313 1.257160186767578 2.100122511386871 40.83554819971323 0.113208219408989 10.03638859838247 6.251936286687851 4.03796811401844 0 2.258843310177326 0.1310961842536926 1.750701725482941 0.5511224716901779 0.1806217432022095 0.3323772698640823 0.4066251292824745 157.9160378426313 1.887710198760033 0 0.3824233114719391 362.5027396678925 0.7891882210969925 3.931281447410583 0.5426422506570816 0.2586990296840668 1.197709560394287 7.473913446068764 9.690218046307564 4.275463774800301 15.44061963260174 25.55308260023594 1.226518303155899 17.12557194381952 26.32379892468452 30.13543213903904 11.49238520860672 0 0.7263970077037811 0 0 0 0 0 0 0 0 0 0 0 0 0 0 0.3424346819519997 0 0 1.215661585330963 0 0 0 0 3.647907078266144 0 3.52781093865633 1.15747332572937 0.3655789494514465 0 0 0 0 0 0.1315625458955765 0 0.4284223467111588 0.8188095539808273 0 0 0 0 0 0 0.2523359954357147 0 0.3079016506671906 0.5200095176696777 0 0 0 5.008353605866432 0 0 0 0 0 0 0 0 0 9.086100235581398 0 0 0 0 1.643552646040916 1.389112919569016 2.59942551702261 0.631481945514679 0.8187927603721619 1.306957989931107 0.1550864428281784 0.6451099514961243 0 0 0 0 0.2543185651302338 0 0 0 13.37125582993031 1.553704231977463 0.694124847650528 160.4619226977229 15.296073384583 339.8572775125504 43.15081978589296 790.856534384191 18.75735376030207 3.190627552568913 24.14861381798983 3.688350096344948 0.1692860275506973 3.135036379098892 0.1436415910720825 27.24122824519873 0.7657107561826706 0.1787137389183044 0.2738206684589386 0.8897716701030731 0
853.331842854619 843.481424562633 0 53.2442612349987 1604.282149851322 97.55066782236099 314.0946967080235 1478.037050634623 340.156704954803 69.01489401608706 3177.677548438311 20.01216432452202 198.7395923733711 852.8414072543383 13.94920968264341 5.891144774854183 0.1560510098934174 2.733560167253017 0 0.1551415026187897 0 0 0.6911865174770355 0.7343682646751404 0 1.420310407876968 0.164658322930336 0 0 0 3006.289234012365 1125.44885507226 29.93890917301178 0 0.4734931141138077 0 17.12557877600193 0 4.331791818141937 0 1.549293607473373 1.338731847703457 0.8280913904309273 0.6618698984384537 0.2678782716393471 0 39.4283871948719 6.154108114540577 0.3279736042022705 2.713029883801937 5.482852697372437 0.2249648422002792 0 0.328483372926712 2.71974503993988 4.65965760499239 36.89500873535872 1288.089196480811 15.20368490368128 16.41414249688387 2.501109644770622 0.1543310284614563 0.8040622472763062 380.4517526552081 12.74518383294344 2.549490973353386 4.429260529577732 6.672678910195827 17.16954772174358 29.63265036046505 178.7560616880655 16.64670678973198 0 125.2217887863517 187.1511047258973 69.97857507318258 43.71791375428438 16.10808998346329 505.0219775661826 1235.134115986526 1.562351912260056 59.17936642467976 15.03006967157125 0.1750975400209427 4.251195445656776 2.076449513435364 6.21589021384716 0 1.583213053643703 0 0.1311420202255249 0.271559551358223 12.29010529071093 2.339474499225616 0.4197776764631271 131.1256373822689 15.36435100436211 0 6.478247851133347 570.0270182192326 0 1.248059868812561 0 0.7077548652887344 0.2582184374332428 8.365055657923222 2.438445091247559 2.563055410981178 15.70251855254173 16.71869991719723 2.608815014362335 21.11461578309536 30.30465465784073 29.70889061689377 16.89586842060089 0.5339882373809814 1.749403730034828 0 0 0 0 0 0 0 0 0 0 0 0.2241391092538834 0 0.3224943280220032 0 0 0.2325923442840576 0.6344266533851624 6.327408656477928 0 0 0 21.24424390494823 0 17.73748233914375 4.718896806240082 0 0 0.1365093439817429 0 0 0 0 0 2.311563372612 4.259456783533096 0.5133944749832153 0.2245092988014221 0 0 0.7410439476370811 0.3100804686546326 0.2087380737066269 0 0 0.8154892921447754 0 0 2.112891584634781 20.15437793731689 0 0 0.6505264043807983 0 0.5211455821990967 0.1745284497737885 0 0.4511653780937195 0.2118536382913589 45.35874185711145 1.704541087150574 0 0 0.5600848495960236 8.161873809993267 9.765825018286705 24.81706337630749 2.186482906341553 1.284316465258598 5.291551485657692 0 1.373690545558929 0.5194975733757019 0 0 0 0.1104306280612946 0 0 0.1925767064094543 16.05528802424669 16.86554178595543 4.375643827021122 54.39874514937401 10.4728235155344 109.7479943111539 22.98742337524891 399.0903476178646 8.006317749619484 1.833614200353622 17.57304396480322 12.2492161244154 0 9.607901714742184 0.6882236897945404 26.53952121734619 0.6421769261360168 0 3.00183267891407 0.4489160180091858 0
1370.21658103168 404.6076693832874 53.2442612349987 0 67.19352014362812 372.4111372381449 1462.985079951584 1.580362915992737 378.6537039726973 1618.2197265625 7.932647876441479 153.4296832978725 1305.850136093795 106.2902251929045 5.319844156503677 0.9793744087219238 0.1140047758817673 0 0 0 0 0 0 0 0 0 0 0.265477329492569 0 0 54.95552572607994 11.27957217395306 0 0 0 0 0.5158781111240387 0 0 0 0 0 0 0.262052059173584 0 0 23.04409171640873 0.5855428650975227 0.149655282497406 0.1892175823450089 0.1746507883071899 0 0 0 1.081222482025623 2.380090415477753 13.67416409403086 145.3803647011518 3.934036388993263 9.048051379621029 0 0 0 43.53221653401852 5.991988800466061 1.794558845460415 0.4387896358966827 0.3473859205842018 0 0.2574048861861229 2.986446470022202 0.9916167259216309 0 45.21855770796537 40.76547867059708 35.6390183866024 16.87258502840996 0.9421319141983986 0.346547469496727 4.452477641403675 0.2858619391918182 0 8.915107645094395 0 2.027659937739372 1.116548180580139 0.3257570862770081 0 0.4478981122374535 0 0.3391482457518578 0 0.2620043233036995 0 0.1371656656265259 204.6235343366861 1.081323981285095 0 0.1481476128101349 32.48991625010967 0.3838584721088409 2.600696325302124 0.4423186331987381 0.5656629800796509 1.33721262216568 7.896570205688477 6.423995494842529 1.500039249658585 8.110121235251427 13.9268392175436 0.8976646512746811 15.81813690066338 23.44191908836365 20.15672045201063 9.111563429236412 0 0.4416285082697868 0 0 0 0 0 0 0 0 0 0 0 0 0 0 0 0 0 0.1792923212051392 0.3913934528827667 0 0 0 3.230732962489128 0 1.397606208920479 0.1408412754535675 0 0 0 0 0 0 0 0 0 0.1444733738899231 0 0 0 0 0 0 0.1281305849552155 0 0 0.970519170165062 0 0 0.1571938693523407 2.975481793284416 0 0 0 0.09006348997354507 0 0 0 0 0.1734962165355682 12.34608963876963 0 0 0 0 3.188723847270012 0.9654080718755722 3.948165833950043 0.7892532348632812 0 1.870342738926411 0 0.1980987042188644 0 0 0 0 0 0 0 0 12.11863309144974 0.7781745046377182 0.1734073162078857 43.12349260598421 2.430573537945747 80.97403856366873 12.50022497028112 241.607820853591 4.163304001092911 0.6552115008234978 8.100120022892952 4.298739470541477 0 1.23162978887558 0 11.49277466535568 0.1339975446462631 0 0.8525176048278809 0 0
613.632727265358 4905.111788570881 1604.282149851322 67.19352014362812 0 38.50357968360186 1423.231237828732 91.33439982682467 7200.46608851105 513.3408423066139 1522.639293372631 77.51287560909986 511.8598638698459 2444.361668378115 75.91594534367323 8.474886260926723 0.385485015809536 0.14705790579319 0.3103491067886353 0.3312605619430542 0 0 0 0.09607374668121338 0.3330178409814835 0.2102615088224411 0 0.369612529873848 0.1476637572050095 0 436.7490917444229 216.8470042347908 5.48461052775383 0 0 0.1360620558261871 4.172512724995613 0 0.09558816254138947 0.4080141261219978 0.9852563068270683 0.4945111647248268 0 1.125800170004368 0 0.2655659690499306 207.320411503315 11.64273435622454 0 0.382862813770771 0.8193530440330505 0 0 0.2926715761423111 7.071719370782375 9.023012660443783 13.72889618575573 336.7563943788409 5.73674039542675 82.09504716843367 0.4829176962375641 0.6478857398033142 0 345.7834800854325 30.02533727884293 8.893944039940834 3.117080591619015 2.536411002278328 0.5263132601976395 0.60024743527174 21.36071482300758 0.8246864080429077 0 132.3064281046391 183.5784739106894 240.3809761404991 201.8258588016033 10.68585501611233 25.71213027834892 74.64191561937332 2.69102643430233 0.7814235612750053 29.71819366514683 0.2693955302238464 10.41154946386814 7.373964138329029 4.113641016185284 0.08729098737239838 3.4746058806777 0.09292136132717133 1.701201185584068 0.6614034473896027 0.2142736688256264 0.1266130805015564 0.5699803233146667 53.20506145060062 1.621241427958012 0 0 53.95818009227514 0.4087054505944252 0.2680116891860962 1.121517032384872 1.416166633367538 1.624876379966736 8.976268514990807 0.3106080591678619 4.491517826914787 12.41948492079973 18.58615338802338 3.5282321870327 20.49144059419632 34.98870808631182 31.86952967196703 25.28903476148844 0 0.3025378435850143 0 0 0 0 0.227948322892189 0 0 0 0 0 0 0.2953656017780304 0.3138799369335175 0.3375414907932281 0.1068217605352402 0 0.1639202833175659 2.922958575189114 2.86415608227253 0 0 0 10.79845499992371 0.3281227201223373 12.96323597431183 1.372640147805214 0 0 0 0 0 0 0.1381567120552063 0 0.8869886696338654 2.780832305550575 0.3399871587753296 0.2532684355974197 0 0.2023047506809235 0.200034573674202 0 0 0 0.1253390312194824 1.411612287163734 0.6782024502754211 0 1.861555516719818 10.95962839573622 0.1867183595895767 0.9489617943763733 0.126944288611412 0 0 0 0 0 0.1403732746839523 36.36628448963165 0 0 0 0 8.801221162080765 6.696898549795151 13.96552348136902 2.061843194067478 0.9070989042520523 6.573994621634483 0.1376152336597443 0.356389120221138 0.2754229605197906 0 0 0 0.115932509303093 0 0 0 20.70101694762707 6.908533029258251 3.123233407735825 225.2352685704827 38.77878522872925 379.2400668263435 90.64388947933912 207.2888156324625 21.94559214264154 7.004843167960644 43.9560562223196 11.84429955482483 0.433078907430172 9.046397507190704 1.378101013600826 18.38908864557743 1.693018510937691 0 0.8207577913999557 2.790348365902901 0.517718493938446
300.1714212447405 299.0185389742255 97.55066782236099 372.4111372381449 38.50357968360186 0 305.9472731426358 1.183540493249893 43.60882027447224 872.6955494433641 23.33903753757477 259.0118228346109 327.8418516069651 38.38716702163219 1.25850884616375 1.466039925813675 0.3366325199604034 0 0 0 0 9.454175651073456 0 0 0 0 0 0 0.1886435747146606 0 20.07061253488064 0.8376663625240326 10.70605087280273 0 0 0 38.64154003560543 0 34.73380328714848 0.1395555138587952 0 0 0 0.1277135610580444 0 0 1.394629418849945 0.2093300670385361 0 0 0.1693270951509476 39.12821537256241 12.45723059773445 0 0 1.336624622344971 128.7444535046816 85.59968346357346 4.147094041109085 1.03776279091835 0 2.158766120672226 0 2.289101853966713 0.2029205113649368 0.1732440963387489 0.9411693960428238 0.3765634000301361 0.4714472889900208 0 180.5036071389914 453.5366413146257 24.86900314688683 5.074767425656319 2.188036903738976 1.653629392385483 0.9871775731444359 0.6200351864099503 0.5145520120859146 8.662488892674446 0 6.179385647177696 0.2152781933546066 10.01250910758972 0.09977550804615021 7.573734521865845 0.2441316246986389 17.64368809759617 6.76096273958683 61.7786620259285 0.5453364998102188 25.72026312351227 0.2274731993675232 1.003510266542435 10.44219341129065 514.9724506735802 79.95864613354206 36.27746111154556 47.60032884776592 310.1799099892378 0 0 0 0 0 0.4116922914981842 1.629118204116821 0 0.6326665878295898 2.826341181993484 0.2631202042102814 1.7012550085783 2.202421858906746 3.302475608885288 1.195716693997383 0.5095497816801071 1.070813059806824 0 0 0 0 0 0 0 0 0.4731042981147766 0.2618728876113892 0 0 0.1543286293745041 0 0.5567441880702972 0.5157146453857422 0 0 0.1872515380382538 0 0.6350924521684647 0.3650179356336594 11.48767074197531 2.400464743375778 18.83825570344925 10.82689994573593 3.701036065816879 0 0 0 0 0 0.1674960553646088 0 0.9084219932556152 1.733554601669312 0 0 0 0.1337783336639404 0.2244841158390045 0 0 0 0.1635359078645706 0.4031184390187263 0 1.021300494670868 2.682813420891762 6.222064480185509 0 0 0.1450328975915909 0.119307316839695 0 0 0 0 0 8.061575524508953 25.32925698161125 0 0.2250988185405731 0 1.431529387831688 0.7194735705852509 5.046506568789482 0 0.9135581105947495 1.429448701441288 0.1836790293455124 0.5063726305961609 0.3063048496842384 0 0 0 0 0 0 0 3.914451450109482 37.08450052142143 22.30131089687347 11.54647316783667 0.5999452918767929 7.666093595325947 2.215533465147018 225.2406040504575 8.716685026884079 1.033286355435848 1.965773329138756 3.074087470769882 0 3.443959206342697 0.1158635839819908 10.0153373926878 0.691814124584198 0 1.206255540251732 0.2142675966024399 0
1807.27263032645 5679.768445439637 314.0946967080235 1462.985079951584 1423.231237828732 305.9472731426358 0 51.1441279053688 3814.422846667469 2886.55821108073 178.1283059716225 183.7174946516752 6795.256036557257 1479.121760442853 153.3759040907025 15.66281077265739 0.9005563110113144 0.3933770954608917 0.2097969353199005 0.3169168680906296 0 0.317764550447464 0 0 0 0.09910086542367935 0.1278021037578583 1.018747039139271 0.2319903671741486 0 338.3420349359512 319.1303117871284 2.967764005064964 0 0 0.4810975044965744 5.78006886690855 0 1.988977275788784 0.1278870701789856 0.3219072744250298 1.048305504024029 0.1312096416950226 1.562070988118649 0 0.1848366260528564 415.1066440120339 22.2023239210248 0.5542364865541458 1.05926426500082 1.759781070053577 0 0 0.1647225469350815 11.99793327599764 20.41978444904089 32.72740371525288 482.7816640138626 12.67422312498093 157.8542712554336 0.5488631576299667 0.4943960830569267 0 628.2302922531962 45.61932770162821 16.08666688203812 6.406648173928261 5.387058690190315 2.327923148870468 1.268402881920338 67.39977458119392 6.400007411837578 0 286.5129601582885 351.9857555627823 503.161356434226 374.8989113867283 22.40304666012526 3.616054877638817 13.57129304856062 5.394696153700352 2.725854620337486 59.82981542497873 0.7535213753581047 21.08974016457796 10.65005845576525 8.092366069555283 0.1375365108251572 4.116199135780334 0.4661726579070091 2.323165826499462 0.7278921753168106 0.5753833130002022 0.4012171402573586 1.104701638221741 439.1658047437668 7.263724207878113 0.3876721858978271 2.488664776086807 42.65828973799944 2.43286444246769 5.887670293450356 1.958656400442123 1.520168259739876 4.194862067699432 30.83003856986761 10.17593178153038 13.01922991871834 48.93876988440752 76.64015507698059 13.10847164690495 92.13485331088305 128.2750280201435 133.8746654987335 87.01129019260406 0.305939570069313 2.625430293381214 0.1574732959270477 0.1674302220344543 0 0 0 0 0 0.1666133403778076 0 0 0.1208409890532494 0.3722875118255615 0 0.7498119473457336 0.150744155049324 0 0.1179303973913193 3.784771643579006 9.123528078198433 0 1.340614795684814 0 36.46640359610319 0.7291707545518875 34.93355339765549 4.437288850545883 0.7455965951085091 0 0.1503759473562241 0 1.395757526159286 1.080837354063988 0.1084451898932457 0 5.212964937090874 7.213211975991726 0.1524796187877655 0.3017204254865646 0 0.2675262689590454 0 0.4757872670888901 0.672731801867485 0 1.678356021642685 3.237225748598576 0 0.6422847062349319 2.379924416542053 39.32615341991186 0 2.02418215572834 0.4477377086877823 0.3260190933942795 0 0 0.1339232921600342 0 0.1550994962453842 115.3110585212708 0.1621930301189423 0 0 0.1051666215062141 35.91167829930782 26.2342864125967 45.64975100755692 4.37016200274229 7.042016118764877 21.84427398443222 2.295472040772438 2.449854701757431 0.558569610118866 0.1370892375707626 0 0 0.08641231060028076 0 0 0 84.0760125592351 24.94179217517376 6.871827639639378 588.0295715108514 75.91652793437243 874.4984257221222 188.8887972384691 608.0967406630516 43.46549804508686 7.478624157607555 121.2990843206644 27.36681155860424 0.1656267642974854 27.19845968484879 2.312548711895943 88.83181994408369 4.127536222338676 0.4298654198646545 6.214444160461426 4.06898245960474 0.9675085544586182
37.14393757283688 66.10340346395969 1478.037050634623 1.580362915992737 91.33439982682467 1.183540493249893 51.1441279053688 0 197.2468269988894 10.85533092170954 3399.180834718049 5.244941897690296 156.1197165176272 935.9850366264582 43.99293082207441 17.27005888521671 3.35571613907814 33.26128203421831 4.835565745830536 31.82177609205246 18.21838733553886 0 5.153560549020767 1.194522514939308 9.318456426262856 5.815173134207726 2.827497318387032 1.810042709112167 0.5034104734659195 0.1336462050676346 575.5105221122503 8265.920745767653 31.32162939757109 8.925135135650635 13.59655170142651 7.940667495131493 9.71695739030838 4.311815530061722 1.135308459401131 3.356536969542503 23.36453249305487 23.31908169388771 28.66159369051456 3.586848556995392 1.043026655912399 1.144508704543114 75.01366849243641 17.00712849199772 11.30788016319275 61.67940327525139 31.03646318614483 1.709677487611771 0.2963822036981583 4.328602261841297 2.323936693370342 5.55988722294569 17.83256649971008 424.5391516685486 4.360831432044506 26.88885781913996 139.0363781452179 20.60915467143059 14.5317398160696 2121.266364514828 9.246329478919506 4.777935400605202 22.10395181179047 56.69196154922247 186.1993193998933 338.6264187321067 42.16686451435089 2.45895916223526 0.6058051362633705 93.79208388924599 291.3756030127406 144.641496412456 382.6585336327553 585.5617452636361 1003.519925199449 1877.324710182846 267.608827829361 824.3964395821095 11.90846616774797 0.1942544355988503 6.831229969859123 9.122012406587601 40.48967005312443 0 5.732621483504772 0 3.595791816711426 1.780886098742485 161.9469167366624 25.15498517453671 10.09019637107849 18.48513957858086 5.19451704621315 0 2.12641915678978 23.40783734619617 0.1599530428647995 0.7500524520874023 0 0 0.2378506660461426 1.351476937532425 0.7305830121040344 0.9684639573097229 1.678517371416092 4.025194451212883 0.4918950349092484 3.462324231863022 5.731275230646133 5.699765861034393 7.639598608016968 0.1346918493509293 0.2719082236289978 0 0 0 0 0.1427883356809616 0 0 0.3667521774768829 0 0 0 0 0.1133924946188927 0 0 1.067443490028381 0 0.8998622596263885 0.2781221866607666 0 0 0 4.615666329860687 0 5.933133542537689 1.29092014580965 0.115294836461544 0 0.7298448532819748 0.4706033170223236 0 0 0.6477634012699127 0.1320900022983551 1.645478367805481 0.9178625047206879 0.3416218757629395 0 0 0 3.122151397168636 0 0 0 0 0.1666993647813797 0 0.247682198882103 0.5520972833037376 7.906438931822777 0 0.5252866744995117 0 0.1374588459730148 0.1266582310199738 0.1923524439334869 0.2111757546663284 0.2144263237714767 1.64215262234211 5.145558401942253 0.5226203799247742 0.172322079539299 0.3708071261644363 2.230737306177616 3.660490438342094 2.775240629911423 4.913119703531265 1.051762238144875 1.664590060710907 1.493490770459175 0 0.2115119844675064 0.6227648854255676 0 0 0 1.009794443845749 0.3591169565916061 1.234964489936829 0.5748421251773834 1.779447346925735 3.63772439956665 1.271449401974678 92.42624871432781 20.9925179630518 179.5664646998048 40.0932122990489 52.49878292530775 7.131565161049366 1.748572088778019 24.49059367179871 3.914748623967171 0 3.879076972603798 0 11.80293457210064 0.2294663041830063 0 1.040420114994049 1.381404474377632 0.3029232323169708
216.048847079277 4329.54377566278 340.156704954803 378.6537039726973 7200.46608851105 43.60882027447224 3814.422846667469 197.2468269988894 0 433.9720953255892 2561.916818007827 97.43297356367111 1268.957553118467 2844.436715818942 98.14477425068617 22.03767715394497 0.1244574040174484 0.1292792558670044 0.3309154659509659 0.2365385144948959 0.1557127833366394 0 0.1623069494962692 0 0.479555182158947 0.6580184176564217 0 0.4114122986793518 0.1758695095777512 0.1084722056984901 80.11883483827114 99.29694999009371 7.847830712795258 0 0 0.1998238861560822 5.585417784750462 0.2535387054085732 1.153489910066128 0.3122753351926804 0.5548965930938721 1.784020751714706 0.3174929022789001 2.698521465063095 0.1824989169836044 0 143.6722494512796 3.966056056320667 0.1759473085403442 0.297263577580452 1.006734438240528 0.2370398938655853 0.1813292354345322 0.784991592168808 1.004556700587273 3.935214079916477 5.367941789329052 85.01398643106222 1.830715484917164 37.57337904721498 0.4236523360013962 0.9159773215651512 0.1712401360273361 133.7238209992647 9.913330771028996 3.702246129512787 1.355202123522758 1.918948173522949 1.016792170703411 1.781848758459091 40.61057560145855 5.402683317661285 0 45.21350590884686 63.58982814848423 160.367082297802 186.6236324906349 30.69835386425257 1.426378041505814 26.94346552342176 1.564923658967018 1.030460380017757 9.37671085447073 0.08336199074983597 3.808557204902172 2.531103082001209 2.777339801192284 0.1048890054225922 1.03626111894846 0.2906755357980728 1.347624771296978 1.17545510828495 0.8879208937287331 0.8170327544212341 0.5226780697703362 215.0604144260287 2.857166543602943 0 0.1188174560666084 20.01867055892944 0.8346714749932289 3.924187570810318 1.867271676659584 1.4201889783144 4.764113783836365 18.65629861503839 5.215655505657196 11.13132418692112 35.21700344979763 49.30422276258469 9.69109134376049 71.04070144891739 94.90517766028643 94.63095141202211 71.48172461986542 0.9711220264434814 4.036906778812408 0 0.1106366738677025 0 0 0 0 0 0 0 0 0.1797486990690231 0.3154614567756653 0 0.7678319364786148 0 0 0 4.980852633714676 11.35105384886265 0 0.2095289379358292 0 27.07703962922096 0.3788153827190399 32.29595829546452 2.874875500798225 0.2783574312925339 0 0 0 0.5212620049715042 1.740100964903831 0.2027215659618378 0 3.418205603957176 5.945264838635921 0.6881400644779205 0.6810596287250519 0 0.1221339926123619 0 0 0.8680318146944046 0.1099643483757973 0.3333151340484619 6.548981614410877 0 0.4238620698451996 3.954960316419601 35.04451623558998 0.8992897570133209 2.256518423557281 0.9623615518212318 0 0 0.1206857189536095 0 0 0.2977847456932068 119.1330723688006 1.131384819746017 0 0 0.5454411283135414 30.53755681216717 19.51866647601128 32.24653078615665 4.063622407615185 2.906248457729816 13.64059377461672 1.648785606026649 3.355220086872578 0.2440139129757881 0.1551882922649384 0 0 0 0 0.2385108321905136 0.3185022473335266 73.13871565461159 28.59341724216938 6.999031975865364 288.6421589702368 40.78885795176029 236.1472839862108 75.4296425357461 66.51966368407011 7.331405997276306 3.679525770246983 62.97819861769676 25.23810026049614 2.490402296185493 23.54319214075804 2.800613425672054 51.45543709397316 2.562130741775036 0 3.398556739091873 2.757098168134689 0.9395265281200409
2812.606244854629 479.0948046445847 69.01489401608706 1618.2197265625 513.3408423066139 872.6955494433641 2886.55821108073 10.85533092170954 433.9720953255892 0 40.9496810361743 1706.180221259594 3665.260549046099 117.1930494606495 32.37665861099958 3.912762098014355 0 0.1192713603377342 0 0 0 0 0 0 0 0 0 0 0 0 83.23295217752457 34.97702344506979 0.7344276458024979 0 0 0 12.25596406310797 0 2.955076575279236 0.4042553156614304 0 0.1362033486366272 0 0.7259102910757065 0 0 73.49774178862572 3.552919961512089 0.3467190563678741 0.1839881390333176 0.1002051457762718 0.2995275557041168 0 0.1850114762783051 1.898446448147297 4.036277838051319 18.01652938872576 144.4469531178474 6.324572913348675 23.19169272482395 0.3809816390275955 0.5317137613892555 0 79.43940253555775 8.553120799362659 3.544901698827744 1.641086235642433 0.8451171442866325 0 0.1706197112798691 63.74640752375126 7.339516863226891 0 72.66371924430132 70.00268910825253 85.81071392446756 64.64473110437393 3.376128658652306 0.4929323494434357 2.478141941130161 0.4502721279859543 0.5710646957159042 14.41842474043369 0.09004209935665131 3.674841105937958 3.362175904214382 2.259868115186691 0 0.7629681080579758 0 0.4112036004662514 0.2501136660575867 0.3501386791467667 0.2552630975842476 0.1113678514957428 1074.369431518018 9.830636158585548 0 0.2045974284410477 80.65225191414356 6.006967976689339 13.01246047019958 8.206351354718208 1.423482000827789 9.694300174713135 68.692755818367 41.37933541834354 35.21433627605438 112.1235260143876 216.3396166712046 22.09691532701254 205.277401946485 314.2968551442027 278.2291270196438 156.6777466312051 0 2.838121719658375 0 0 0.3815848827362061 0 0.1241909265518188 0 0 0 0 0 0.1952464133501053 0.524027094244957 0 1.057056978344917 0 0 0.7080601155757904 8.451816827058792 18.07022807002068 0 0 0 55.8720540702343 0.3168636560440063 48.23661874234676 4.587026849389076 0.6193033307790756 0 0 0 0.4488307237625122 0.9231098592281342 0.7383695244789124 0.1196045950055122 6.88646137714386 8.448978006839752 0.3685383796691895 0.1745878010988235 0 0 0.1613427102565765 0.3496640175580978 2.443555027246475 0.1628890484571457 1.277588084340096 9.882750026881695 0.3902095556259155 0.8106362819671631 2.260189078748226 47.60451362282038 2.252123147249222 3.4987932741642 1.603810779750347 0.8249488770961761 1.039220742881298 0.1932391077280045 0 0.110782653093338 0.1560253649950027 156.3232887685299 0 0 0 0.1414093822240829 50.81764422357082 43.38091177493334 55.5552319586277 10.79776105284691 7.370416983962059 27.57494105398655 3.118990480899811 3.181575961410999 0.5621020719408989 0 0 0 0.2525727301836014 0.2920443117618561 0.1579147428274155 0 169.7407319024205 27.79358644038439 8.023384362459183 166.5031179562211 13.93453691154718 171.6792062520981 35.79486133158207 360.318788588047 9.177037179470062 1.044829294085503 34.58688991516829 51.86171868443489 1.242213889956474 40.18489879369736 3.294834479689598 221.9190739542246 5.781959712505341 0.3542067110538483 13.79885831475258 0.8135806918144226 0.2547731101512909
487.7706191167235 1334.905834510922 3177.677548438311 7.932647876441479 1522.639293372631 23.33903753757477 178.1283059716225 3399.180834718049 2561.916818007827 40.9496810361743 0 52.07592624425888 1478.356739208102 4887.734224043787 99.18409955501556 33.98945307731628 0.8806193098425865 0.6690042614936829 0.1442985683679581 0.5964024513959885 6.878763511776924 0 1.841330319643021 1.294332712888718 10.52189382910728 6.472292251884937 0.7975603342056274 1.032071374356747 0.6442289650440216 0 774.3069874644279 915.181169398129 71.5478863120079 1.437853008508682 2.958343967795372 9.945996999740601 88.94922694563866 4.860346898436546 2.256507597863674 3.294866397976875 7.098516948521137 16.09813391417265 1.701608926057816 6.311980336904526 0 0.1115607991814613 156.070486664772 7.112799867987633 1.02906096726656 1.948286086320877 8.00814601033926 0.447323203086853 0.3202996253967285 0.5521525666117668 3.081698447465897 8.417289040982723 19.07579112052917 460.2791006788611 6.227705083787441 50.43989164382219 1.713578924536705 17.05556351691484 6.877204172313213 416.3990744352341 19.61022815853357 5.672726802527905 6.227197729051113 9.7656130194664 26.18481273949146 58.96053233742714 30.63915627449751 1.736051574349403 0 106.1383314207196 176.0002427846193 217.688966922462 257.0242895931005 47.61645234376192 102.4762629792094 516.6885514557362 2.473849274218082 13.69038906693459 25.8986918926239 0.1031211018562317 5.868875816464424 8.623481407761574 4.283398896455765 0 2.277326695621014 0.4923828840255737 2.431565217673779 0.5791433304548264 40.79310686886311 16.34259293228388 5.434403337538242 22.36745417863131 1.490061677992344 0 0.4948626756668091 79.39500920474529 0.1396659016609192 0 0 0 0 1.660450458526611 0.6679117381572723 0.6275956034660339 3.633598789572716 4.873956903815269 0.3798183798789978 7.178632363677025 10.25935361534357 7.6471017152071 4.762527070939541 0.325949028134346 0.3873910158872604 0 0 0 0 0 0 0 0 0 0 0.2017195224761963 0 0 0 0 0.1990423053503036 0 0 1.031803503632545 0 0.3080278038978577 0 4.744487434625626 0.1160463914275169 5.566708765923977 0.6858148351311684 0.279807336628437 0 0.153629869222641 0.3188202083110809 0 0 0 0 1.785043090581894 0.5895597711205482 0 0 0 0 0.3206202685832977 0 0 0 0.2822221219539642 0.3874348104000092 0 0.4130862653255463 0.2265957444906235 4.288969546556473 0.1823085248470306 0 0 0.1185721829533577 0.1140405461192131 0 0 0 0.6546634584665298 8.413065768778324 0.8792989253997803 0 0 2.063570335507393 5.122834041714668 5.594623163342476 6.373579114675522 0.4340956211090088 0.5855230391025543 1.620868399739265 0 0.5691654533147812 0 0 0 0 0.1150559931993484 0 0 0.9413203150033951 4.440287098288536 4.789587929844856 1.837063804268837 205.4035810008645 39.08140429109335 282.3005811497569 75.25528964400291 152.4762184917927 15.03114924579859 3.377300091087818 64.01844401657581 4.640336036682129 0 2.198118716478348 0.2524202913045883 8.445082888007164 0.4479102790355682 0.101195365190506 0.1794057190418243 3.09062635153532 0
108.619944408536 84.29689420759678 20.01216432452202 153.4296832978725 77.51287560909986 259.0118228346109 183.7174946516752 5.244941897690296 97.43297356367111 1706.180221259594 52.07592624425888 0 1195.136206224561 86.10853439569473 37.94902194291353 33.50348571687937 2.103555910289288 0.2923149317502975 0.4376869350671768 0 0.1839232742786407 0.2964633107185364 0 0 1.949961967766285 0.4201909005641937 0.1151022911071777 3.355479091405869 0.8377994894981384 0 8.323774591088295 12.14290610700846 48.77108373492956 0 0 0.5006492733955383 48.81013452261686 0.6315699815750122 26.44651164859533 2.419784530997276 3.148007795214653 8.600624963641167 0.1660632640123367 7.71491365134716 0 0.2008007168769836 37.08394625782967 0.2567996978759766 0.1507032513618469 0.1197148263454437 0.3994873911142349 0.1423680484294891 2.72920985519886 1.483470425009727 0 0.2010669261217117 6.952198103070259 10.21525621414185 0.7492672801017761 8.039667226374149 0.422836497426033 2.053716018795967 0 23.8714155703783 0.9860529154539108 0.2845127433538437 0.08825372159481049 0.2981950491666794 1.937391892075539 4.356405735015869 151.3121757432818 43.6534248739481 0 5.436434991657734 11.88169072568417 38.16040060669184 48.63326723128557 24.98542799800634 0.7748214527964592 59.21503689140081 1.381542772054672 7.700384140014648 1.572239644825459 0.08623852580785751 0.7485389709472656 0.675473727285862 0.5626250803470612 0 0.119251050055027 0 0.7645921111106873 0.4337853789329529 5.505567409098148 6.713636234402657 3.281479276716709 1953.392606303096 58.96324484050274 0 52.77101831138134 99.33101089298725 2.215416610240936 5.357939094305038 4.713773429393768 1.733143001794815 6.614555969834328 39.26014137268066 17.49456536769867 19.3677677065134 53.18825982511044 80.94756752252579 13.60102999210358 126.4335732161999 205.2824421897531 213.2574936300516 133.2327801883221 1.811585105955601 4.12177000939846 0.1862592250108719 0 0 0 0.3223673105239868 0 0 0.1338927298784256 0 0 0.1478136032819748 0.7976624071598053 0.6430157124996185 0.3657739013433456 0 0.5436976701021194 0.2662054598331451 8.764435082674026 10.91833128035069 0.1994506269693375 0.6492739766836166 0 66.80952443927526 1.466680452227592 59.07289896905422 5.758124962449074 1.974613949656487 0 0 0 0.3813178241252899 0.8373656123876572 0 0.4094981998205185 5.061912678182125 10.1219349950552 0.6831656992435455 0.1619132161140442 0 0.3866374790668488 0.2119751870632172 0.299835592508316 1.280030056834221 0 1.06451253592968 6.83158440887928 0 0 3.223064169287682 63.67705191671848 1.388772532343864 3.279404148459435 0.6341387704014778 0.3198342397809029 0.4467819780111313 0.1285663098096848 0 0 0.5253138616681099 209.17324975878 2.931272223591805 0 0 0.7219186872243881 52.27486007660627 28.10021461546421 52.48578096926212 9.674399301409721 8.014318145811558 21.98416508734226 3.828680902719498 5.606829956173897 1.044535741209984 0 0 0 0 0.3082144856452942 0 0.2760452032089233 144.1906688213348 46.76201751828194 18.66710118949413 206.762036383152 13.87155802547932 87.00689020007849 31.63710299879313 108.2320150434971 1.952706344425678 1.000620648264885 55.12319961190224 39.01802006363869 1.358485192060471 30.83022341132164 3.11967258900404 99.46802726387978 4.699028395116329 0.4985667765140533 8.802877649664879 0.6794701963663101 0.5828283280134201
600.0339397415519 628.7382875457406 198.7395923733711 1305.850136093795 511.8598638698459 327.8418516069651 6795.256036557257 156.1197165176272 1268.957553118467 3665.260549046099 1478.356739208102 1195.136206224561 0 1865.133009746671 340.4290491342545 190.4651909396052 11.11994212865829 1.877356335520744 0.6525311768054962 0.6923055052757263 2.597762510180473 0.8002520203590393 0.4634024649858475 0.2181613445281982 14.25009558349848 11.51983411610126 1.278095960617065 7.228030398488045 6.007017880678177 0.178549587726593 61.06431914120913 98.52422295510769 561.4777012839913 0.3668206483125687 0.5217211991548538 10.68735003471375 425.7383752763271 6.369278609752655 49.26252809911966 9.838585861027241 13.22391583770514 50.94919196516275 0.9181154817342758 44.37441047281027 1.82775853574276 1.614329785108566 299.2380060553551 4.136208347976208 0.5699283182621002 4.269325576722622 8.921623535454273 0.5555415153503418 2.905727908015251 6.453550755977631 2.698777660727501 7.686529353260994 14.59538102895021 83.01067417114973 3.419856801629066 60.59306599199772 4.817859813570976 42.5121520832181 3.749995693564415 201.8021527305245 17.76371582597494 6.899189740419388 3.197572886943817 4.717340223491192 10.27524181455374 30.93699067831039 449.2878677919507 99.76428744196892 0 55.32622353732586 83.67363538593054 356.0194687470794 469.8333211094141 198.4506107494235 11.17766410112381 466.3381450027227 8.892083466053009 42.48530985414982 9.79943623393774 0.1942903622984886 5.236867919564247 6.801291666924953 5.355837121605873 0 2.759518213570118 0.369946114718914 4.31025867909193 4.36737896502018 28.2297041863203 31.9695645570755 16.17200499773026 4234.618875846267 88.35227754712105 2.24120768904686 35.17240104079247 112.2516170442104 5.999856039881706 10.3832995891571 5.857703238725662 2.534078061580658 10.40606959164143 56.28620734810829 18.95058393478394 29.74217365682125 106.3498151451349 121.9088953137398 30.38789843022823 179.3774166330695 326.1990519687533 318.4138547405601 256.9463901519775 4.23270158469677 13.09606542438269 0.1287308186292648 0.2861950397491455 0 0 0.635564461350441 0 0.1569320559501648 0 0.2606059312820435 0 0.1540579199790955 1.110095128417015 0.6448572799563408 1.687933743000031 1.556121215224266 0.5502045303583145 0.5763393640518188 10.67060901224613 32.31927474588156 0.2861844524741173 2.798140302300453 0.7374360263347626 124.2136350050569 1.302700564265251 124.9339612945914 17.17296805232763 2.646515652537346 0 0.324776716530323 0.4371627420186996 1.481393173336983 2.554799892008305 1.313337191939354 0.5236719846725464 11.0160099864006 20.92126166075468 2.20102733373642 1.588003888726234 0.5609571635723114 0.1337886303663254 1.862554267048836 0.1676084101200104 0.9677521884441376 0.1088133379817009 1.492581233382225 11.62858739495277 0 0.8350028693675995 8.350376024842262 123.2186542898417 2.210833266377449 4.232508592307568 2.055062152445316 0.727692611515522 0.1110273078083992 0.4498230218887329 0 0 1.731185480952263 456.0897608101368 7.110875397920609 0 0.1745293885469437 0.3874414786696434 103.1883540078998 90.80277670919895 112.3590190112591 13.42862679809332 10.88456855714321 45.21611641347408 3.744733743369579 8.087740935385227 2.170087553560734 0 0 0 0.105535201728344 0 0.7059238851070404 0.254022128880024 284.0756809189916 123.9690422192216 43.77144105732441 931.3526732027531 145.9316436573863 614.1817563325167 232.752836830914 204.2083503901958 16.15304543823004 9.75700656324625 274.8084084168077 74.60473056137562 3.780012302100658 56.72907498478889 6.071978822350502 142.8776559382677 8.997070178389549 0.5764029920101166 12.25370326638222 10.5593600794673 0.9802367836236954
