0 2979.5331460163 46.46582915633917 1009.718725934625 403.9923015013337 159.3689899817109 866.9564626440406 32.37689290195704 100.011186785996 1149.291911378503 212.1342843994498 35.51633872836828 205.3487621694803 112.3881333321333 3.41730559617281 0.1788482367992401 0.2361932471394539 0.1067484393715858 0 0.1889113932847977 0.1583126932382584 0 0 0.1099444925785065 0 0 0.1406292915344238 0 0 0.2395632565021515 488.8703580200672 1.279443353414536 1.657002806663513 0 0 0.1022794544696808 4.313640005886555 0.6144241094589233 3.613142788410187 0 0 0 0 0.2761504799127579 0.1178781092166901 0.1125815436244011 23.19893503189087 6.513025917112827 0.1156563237309456 0.5296566113829613 0.124217614531517 0 0 0 1.451087191700935 6.439419858157635 223.298777975142 1139.146750964224 27.74078390747309 17.66729622334242 0.2605541571974754 1.362711116671562 0 12.68088771402836 7.536510668694973 4.563274540007114 1.959422022104263 0.7846973836421967 0 0 4.656608730554581 4.188383996486664 0 179.6483451426029 56.5380500331521 26.17809189110994 8.2628468349576 0.3674049526453018 0.1962455734610558 2.252736665308475 0.4368322119116783 0.546772837638855 18.56956300139427 1.012178935110569 4.112623691558838 4.641770243644714 2.450144425034523 0 1.250075481832027 0.1234569400548935 0.1314385235309601 0.1227456256747246 0.09313297271728516 0 0 65.057089202106 11.80154250562191 0 1.443047046661377 1501.795754685998 0.6202672868967056 0 2.221522152423859 1.021812826395035 0.3330150544643402 0 2.528266787528992 0 87.88021019101143 11.7746814340353 0.7533117309212685 6.492073521018028 5.668674767017365 6.762660816311836 5.002832308411598 0.1195210590958595 0 0 0 0 0 0 0 0 0 0 0 0 0 0.3778605908155441 0 0 0 0 0 0 0 0 0 1.226145125925541 0.2226225137710571 1.031032703816891 1.484405934810638 0.1106635928153992 0 0 0 0 0 0 0 0 0 0 0 0 0 0 0 0 0 0 0 0 0 0 1.131526671350002 0 0 0 0 0 0 0 0 0 3.156807847321033 0 0 0 0 4.772919990122318 0.8041252940893173 2.839204788208008 0 0.4335205852985382 0 0.1475026160478592 0 0 0 0 0 0 0 0 0 4.612605527043343 1.35824678838253 1.025788754224777 298.070557564497 7.189935363829136 78.64234820753336 7.562513962388039 1689.929151579738 32.93061295896769 2.135671593248844 5.056395880877972 2.037470147013664 0 1.91159275919199 0.5898128896951675 9.772054851055145 0.3555636629462242 0.4935728460550308 0 0.2785760760307312 0
2979.5331460163 0 582.3086418509483 1241.828215017915 3097.973699040711 275.1215663403273 1686.838854447007 417.3350486084819 1373.372705429792 717.7254862561822 2034.272780999541 150.5292589813471 726.7334019392729 754.4015415012836 25.49049530178308 1.573277734220028 0.5961514040827751 0.7585740685462952 0.08969646692276001 0.3616905063390732 0.1028464958071709 0 0.2081249728798866 0.2331981807947159 0.3063700795173645 0.6701243370771408 0.3081406801939011 0.2225356996059418 1.026306375861168 0.3503082543611526 3591.826010391116 51.85469999909401 7.233102694153786 0.6862618029117584 0.3555129766464233 0 12.86905400454998 1.843081101775169 4.53618335723877 0.8420365750789642 0.5734303668141365 0.9414194077253342 0.9738176912069321 0.9810733869671822 0.5802948921918869 1.146179117262363 150.6647260189056 23.36677227914333 1.75492762774229 1.602760799229145 1.71829841285944 0.5838498249650002 0 0.614912748336792 4.250683046877384 18.58409930020571 86.76013558357954 1599.15032838285 40.7307044416666 60.72828851640224 1.037217326462269 3.924006231129169 0.2059823647141457 157.0879286453128 21.53769999742508 19.60661096125841 8.157892689108849 2.725394435226917 0.4094893410801888 0.690904937684536 22.96545109152794 14.58364808559418 0 368.9420996010303 185.1842299029231 149.9663720950484 57.35912571102381 8.892103187739849 7.531930290162563 23.18976983428001 2.485726214945316 2.46309170871973 56.73275334388018 3.378364019095898 17.27370709180832 17.03782664984465 9.884842112660408 0.1297978162765503 4.59227829426527 0.2846237048506737 1.128813676536083 0.7392096072435379 0.4059424102306366 0.9254381507635117 0.7136720269918442 64.30964508652687 4.097117900848389 0 4.715293727815151 1039.428828790784 2.688715770840645 2.533577531576157 4.830488368868828 3.002912074327469 0.3677072823047638 0.5880832076072693 1.220664843916893 0.6286884397268295 34.73775607347488 24.19138529896736 1.709590390324593 20.13280606269836 22.91022050380707 21.22254590690136 27.09368042647839 0 0 0 0.1551137566566467 0 0 0 0 0 0 0 0 0 0 0 0 0.1367553472518921 0 0 2.020819947123528 1.000154688954353 0 0.1386238187551498 0 11.71725402772427 0.9475619494915009 7.455517299473286 0.8375629633665085 0.2846555411815643 0 0 0 0.3029239475727081 0 0 0 0 2.006085053086281 0 0 0 0.3916297480463982 0 0.1051740199327469 0.4011917114257812 0 0 1.948017328977585 0 0 0.4871823042631149 16.58680485188961 0 0 0.6329283714294434 0 0 0 0.1136539056897163 0 0 21.02221516519785 0.5144567489624023 0 0 0 18.01140163838863 5.796495750546455 3.240643054246902 1.180318266153336 0.9164301306009293 1.084076404571533 0.6230336129665375 0.2967913001775742 0.336486354470253 0.206928513944149 0 0 0.09101426601409912 0 0 0 6.139573439955711 5.508902370929718 7.39516082406044 335.0787035226822 39.64602579176426 354.0305956453085 39.92790746688843 1349.12390755862 77.26204545050859 3.856335334479809 39.04531066119671 7.675327286124229 0.2084146440029144 6.887716926634312 0.8484159633517265 10.67650610208511 0.6806491017341614 0.1191592514514923 2.657816879451275 0.7415933385491371 0.5308980867266655
46.46582915633917 582.3086418509483 0 4.32752126455307 150.847927942872 1.096124038100243 60.47204490751028 1914.471143521369 172.3638194054365 1.243851810693741 1846.357130497694 8.237926311790943 141.8372087180614 728.7605498880148 85.06896434724331 27.48415727168322 8.311562992632389 10.3564273416996 0.6149245947599411 41.38017080724239 36.13502649217844 0.2454722598195076 16.26580816507339 4.486175082623959 6.750454634428024 1.498791910707951 7.582738511264324 2.496130399405956 0.6109040826559067 1.1740677729249 3073.973684057593 1288.951001234353 41.15319768339396 37.80602170526981 16.91723868995905 9.669040970504284 25.92153869569302 3.536218419671059 4.071979105472565 0.8629068061709404 26.08594315499067 8.340121507644653 21.07062394917011 23.46972560882568 9.604949750006199 30.28597267717123 105.6610991209745 7.626701734960079 3.110319398343563 43.94750556349754 3.717471152544022 0.6858683899044991 0 10.0703734382987 1.338425450026989 3.878627724945545 17.85948611050844 804.9822152554989 9.006828770041466 16.18285534530878 109.15189332515 16.36310677975416 17.786641292274 453.8931100443006 4.31085167080164 5.440850675106049 3.64571525156498 3.707881636917591 20.45660164952278 24.42666354775429 55.5743425488472 18.72009523957968 0.1057082116603851 90.15185743570328 118.8147304654121 100.685942389071 110.1470767110586 74.2716756016016 591.1806194111705 1291.683818094432 78.412751480937 277.7838011905551 13.39313167333603 0.6856814548373222 5.494416117668152 3.726528875529766 70.08820684999228 0.2812827378511429 1.718638218939304 1.143157951533794 2.583091340959072 0.6021473258733749 20.71990824490786 1.385248832404613 2.327400960028172 41.77993929386139 8.753716558218002 0 1.471120536327362 76.84962118417025 0.1530976742506027 0 0.1600073575973511 0 0 0.8118309378623962 0 0.2465713918209076 0.6265223175287247 2.161349669098854 1.049522675573826 4.576861590147018 3.477355644106865 7.438353009521961 13.11837942153215 0.3278253376483917 0.1416120380163193 0 0 0 0 0 0 0 0 0 0 0 0 0.6748316586017609 0 0.450395293533802 0.3571940362453461 0.114997573196888 1.799408286809921 0.4167347997426987 0 0.1956626027822495 0.2829199731349945 11.22929935902357 2.106593057513237 6.841937534511089 2.220330461859703 1.286859326064587 0 0.3892102688550949 0.3983356356620789 0 0 0.2631161287426949 0 0 1.806075856089592 0 0 0 0.3291420042514801 0.63629549741745 0 0 0 0.3493546545505524 2.230826675891876 0 0 0.9640481546521187 12.11416248977184 0.2571536004543304 0 0 0.4824141338467598 0 0 0 0 0.1256158798933029 12.70580747723579 1.676168337464333 0 0.3340908885002136 1.598751179873943 15.50618151575327 4.238874204456806 4.18988661468029 0.2728186845779419 0.796241469681263 0.934056356549263 0.4684501886367798 0.6227866560220718 0.5061934441328049 0 0 0 0.5420323014259338 0.1718785613775253 0 0 1.215094953775406 4.426125481724739 9.939580224454403 136.6464308276772 49.82414127141237 194.1510547250509 28.11676304042339 61.70572736114264 25.47252815961838 2.485778473317623 35.40430809557438 3.605308815836906 0.7126836702227592 5.880549289286137 0.3460090607404709 0.7858040481805801 0 0.2170908525586128 0.7566681653261185 2.035791538655758 0.2464106529951096
1009.718725934625 1241.828215017915 4.32752126455307 0 284.4063604623079 228.5697877407074 1685.317465223372 1.319459803402424 84.97923966497183 2531.174293488264 4.221239663660526 233.7421468943357 965.4095821157098 7.964260905981064 6.893054410815239 0.5116686522960663 0 0 0 0 0 0 0 0.2054872065782547 0 0 0 0 0.1258996576070786 0.09729079902172089 74.47731187939644 4.549491241574287 0.329666331410408 0 0.09693346917629242 0 1.487270042300224 0 2.940348997712135 0.1713502556085587 1.010591171681881 0 0.1289168745279312 0.2272156402468681 0 0.3945673331618309 37.02153963595629 4.749593332409859 0 0.3454081267118454 0.5502599626779556 0 0 0.179985448718071 1.438602857291698 6.307267658412457 12.53911827504635 173.9907411336899 6.389109835028648 14.45119751989841 0.2834716290235519 0.1023865193128586 0 35.51192922890186 6.285645760595798 5.385877646505833 2.25581506639719 0.6372657492756844 0 0.2708888053894043 7.201784208416939 7.885265037417412 0 63.17469854652882 40.28689402341843 32.51562082022429 15.11259016394615 1.117200180888176 0.2098004370927811 1.174586676061153 0.5447285249829292 0.7927682921290398 12.79961534589529 0.6511595994234085 4.479625567793846 5.160036742687225 2.037133492529392 0 2.220518805086613 0 0.2169352844357491 0.1127981171011925 0.2028280720114708 0 0.226162776350975 78.1357523649931 0.5442191660404205 0 1.347881853580475 146.3225429281592 0.1839102208614349 1.079625606536865 3.160128951072693 1.066853627562523 0.1957640051841736 0.2280136793851852 1.868046492338181 1.062638625502586 44.41097828745842 18.20332176983356 2.043686464428902 11.79156519472599 14.79979974031448 18.10406582057476 19.5932299643755 0 0 0 0 0 0 0 0 0 0 0 0 0 0 0 0 0 0 0 0.2640340328216553 0 0 0 0 4.896773383021355 1.014013290405273 3.084326401352882 1.657688811421394 0 0 0 0 0 0 0.1830054968595505 0 0.1948808282613754 0.8313323706388474 0 0.4574924111366272 0 0 0 0.1222734302282333 0 0 0 1.1596589833498 0 0 0 6.090960204601288 0 0.2546219527721405 0 0 0 0 0 0 0 8.449926987290382 0.1492991298437119 0 0 0 10.9256766140461 3.141281023621559 0.1641030460596085 1.320306211709976 0.6695448458194733 0.7234016358852386 0.2219815254211426 0.1637678742408752 0.2798909470438957 0 0 0 0 0 0 0 6.680998504161835 1.858611956238747 3.732410207390785 129.9964273422956 8.257831081748009 111.0459428653121 12.53349327296019 498.8259866312146 18.98983564972878 0.9197290316224098 7.57131090760231 2.84089495241642 0.2544652745127678 2.19519629329443 0.3316731750965118 6.688755810260773 1.854190140962601 0 0 0.7882118672132492 0
403.9923015013337 3097.973699040711 150.847927942872 284.4063604623079 0 25.8119513168931 2198.688673049212 147.32510407269 8049.788621805608 307.6495864316821 1606.107118733227 281.5496523454785 1015.369114346802 951.8532596006989 40.74215866625309 4.190053537487984 0.5386645570397377 0.4840117394924164 0 0.3148112148046494 0.4391708001494408 0 0.3568733558058739 0 0.2962789013981819 1.710898108780384 0.4595868587493896 0.3520075678825378 0.7422522231936455 0.5636522397398949 551.7223235815763 26.30890016257763 5.681274563074112 0.2801558077335358 0.2367837876081467 0.503435306251049 15.45332892984152 0.5351151973009109 3.008241303265095 0.1130115315318108 0.8800463080406189 0.7403968349099159 0.1623700708150864 1.058308392763138 0.3375092223286629 0.6555062010884285 143.1350161805749 14.76266127079725 0.8804075121879578 0.7530261501669884 1.677521705627441 0.2765058577060699 0 0.8702726364135742 2.765922799706459 11.29728779196739 17.87907208502293 357.558836363256 12.06720152497292 37.96109066903591 0.9848767518997192 1.547858238220215 0.2381182089447975 113.9543155133724 12.57308100163937 11.42790031433105 7.304834984242916 2.50578935444355 0 0.1066126823425293 33.55963817238808 16.60380038619041 0 108.6395467594266 93.39090994745493 122.9714620858431 70.36140932887793 19.25045078247786 2.890587702393532 12.94170837849379 1.279091455042362 1.790637820959091 21.47368051856756 1.670648604631424 10.11264333128929 11.88745544105768 4.200363717973232 0.5080295354127884 2.8665561825037 0 1.0559201836586 0.5416635945439339 1.633566476404667 1.352703019976616 1.050861872732639 76.7123626768589 3.844748958945274 0 3.3589728474617 81.88762094825506 2.372799925506115 1.061708718538284 1.41170060634613 1.615448236465454 2.302494987845421 0.8260655999183655 2.723393782973289 1.964924648404121 7.586909055709839 12.38738812506199 3.467987477779388 17.1889361962676 27.30323950946331 41.26593534648418 44.44635085761547 0.4113782197237015 0.5093138217926025 0 0 0.122211366891861 0 0 0 0 0 0 0 0.617558091878891 0 0.6273311823606491 0 0 0 0 1.43490332365036 2.236557930707932 0 0.6239660978317261 0.4537139236927032 17.31564413756132 3.421891197562218 10.47620110213757 3.399321034550667 0.1726590096950531 0 0 0.1684694290161133 0.7297728955745697 0 0.1223526522517204 0 0.9192050397396088 2.911397084593773 0.2757205665111542 0.3692215979099274 0 0 0 0.3505446091294289 0.2191940546035767 0 0.3165721595287323 2.04090990126133 0 0 3.51962760835886 26.13500888645649 1.541906446218491 0 0 0 0 0.1305350661277771 0.1134600192308426 0 0.1827702075242996 34.8372313529253 0.8680939376354218 0 0 0.2850980907678604 29.98528780788183 10.18878088891506 6.042029604315758 1.026085898280144 2.48892217874527 1.109028548002243 1.107867196202278 0.6314323097467422 0.1080046519637108 0 0 0 0 0.1301182210445404 0 0 5.841154679656029 10.14593243598938 9.231612637639046 202.3923317790031 50.85237539559603 314.8046585693955 56.86007602512836 124.2430266812444 51.45191919803619 3.122920460999012 51.53504349291325 4.753177464008331 0.8556972593069077 8.840005941689014 0.9290684089064598 4.694861114025116 1.396392658352852 0 3.4492576867342 3.773195266723633 1.804173417389393
159.3689899817109 275.1215663403273 1.096124038100243 228.5697877407074 25.8119513168931 0 174.3409871160984 0.3937842845916748 15.62289768457413 726.7426546216011 4.714293852448463 103.6155642867088 122.9213480204344 14.11209189146757 0.2708534598350525 0.1066954806447029 0 0 0 0 0 0.302641898393631 0 0 0 0 0 0 0 0 3.193852335214615 0.1344327032566071 6.257526695728302 0 0 0 15.98542496562004 0 0.8951771557331085 0 0.1452397555112839 0 0 0 0 0.2058983221650124 0.695541113615036 0 0 0 0 3.805398181080818 1.181173995137215 0 0 0 20.74542190134525 7.090301513671875 0.2086138874292374 0.370201550424099 0 0.3587039113044739 0 0.300301194190979 0 0 0.1464165896177292 0 0 0 82.55175217986107 42.53943362832069 3.905703336000443 2.386869929730892 0.6262255311012268 0.3400315940380096 0.2505128681659698 0.1208624318242073 0 6.143044374883175 0 0.5809300243854523 0.2191961780190468 1.240327671170235 0 0.3089112639427185 0 3.108477763831615 0.9472161531448364 6.73321957886219 0.1277009844779968 1.746858656406403 0 0 0 427.6362037658691 83.78773641586304 9.026915073394775 5.664932087063789 98.24002102017403 0 0 0 0.7140441536903381 0 0.4233742952346802 0.5934057235717773 0 9.9634770154953 1.319905966520309 0.3081144914031029 2.259140372276306 2.194309517741203 1.059759542346001 0.2092763036489487 0 0 0 0 0 0 0 0 0 0 0 0 0 0 0.1596532166004181 0 0.2981371358036995 0.2054578959941864 0.1484643965959549 0.1881319880485535 0 0 0 0 0.9412146359682083 1.193934753537178 0.6357538998126984 1.96561835706234 1.791680239140987 0 0 0 0 0 0 0 0 0.1546231061220169 0 0 0 1.33723421394825 0 0 0 0 0 0.3905135691165924 0 0.1856813579797745 0.1491014659404755 0.7020092755556107 0 0 0 0 0 0 0 0 0 0.7074851542711258 3.391274079680443 0 0 0 0.1191663146018982 0.413459986448288 0 0.2909139394760132 0 0 0 0 0 0 0 0 0 0 0 0 0.1998429447412491 0.1597953885793686 0.1312301009893417 12.38120950758457 0 2.096212804317474 0 37.60865806043148 0.1658331751823425 0 0.7059348821640015 0 0 0.1524902880191803 0.1700023710727692 0.2537471055984497 0 0 0 0 0
866.9564626440406 1686.838854447007 60.47204490751028 1685.317465223372 2198.688673049212 174.3409871160984 0 7.767204746603966 4396.020515449345 3305.71576166898 40.34797493368387 675.0483178049326 9205.085692085326 188.7582710161805 77.8145894780755 5.215350553393364 0.859606646001339 1.220573969185352 0.09815029799938202 0.923426941037178 1.271447159349918 0.1179599761962891 0.1220396533608437 0.6776716113090515 0.9342698380351067 2.431500390172005 0.1040638759732246 0.778266005218029 0.9176233187317848 0.6438262090086937 272.348074413836 42.23334551602602 10.51397647708654 0.5142251178622246 0.1040226519107819 0.2342505976557732 33.96822091192007 0.5534688606858253 8.429380781948566 0 1.241820447146893 0.6719386577606201 0.4554205313324928 2.068044491112232 0.3530559986829758 2.873052403330803 268.1836181730032 26.73226813226938 2.114297717809677 1.491618975996971 4.250730141997337 0.7684803009033203 0.1146150678396225 1.77837560325861 5.494423612952232 18.48648484796286 24.31163841485977 391.6579903811216 24.65198380500078 64.45800705254078 1.884297445416451 2.353664726018906 0.2354618310928345 198.7603393048048 25.65002658963203 24.33772435039282 9.469147078692913 5.16952820122242 0.5759689062833786 1.052100777626038 72.0497303456068 32.88542172312737 0.09857577830553055 205.586599431932 156.681945823133 230.6323904171586 134.8517177179456 28.40898145735264 6.097140491008759 15.97688562422991 4.216358512639999 1.983992896974087 49.72495992481709 2.809415630996227 18.49268843978643 20.06358025223017 9.422125920653343 0.08949635922908783 6.865796811878681 0.3116796985268593 1.772802203893661 1.819483764469624 1.096083760261536 1.511219993233681 1.025987289845943 306.9646836668253 11.02166065573692 0.1700203269720078 9.491619020700455 94.43173331767321 9.300436899065971 3.022664785385132 9.938615567982197 4.954073891043663 5.381407901644707 2.658301942050457 9.520640343427658 3.781296327710152 67.22678019106388 64.35900431871414 13.49601698666811 71.79352782666683 70.36500358581543 112.0821590721607 131.6137720495462 0.4163185507059097 1.048729568719864 0.4121662378311157 0 0 0 0 0.1910465210676193 0 0 0 0 1.049848765134811 0 0.2707962393760681 0 0 0 0.5687759518623352 4.432819567620754 4.907206900417805 0 0 0.2969146072864532 50.42617795616388 6.07799931615591 33.88082589954138 5.963815972208977 2.459360547363758 0 0 0.1181972920894623 0.2842713296413422 0.4055148363113403 0.6920686364173889 0 1.399861231446266 4.590417623519897 0.145758330821991 0.1014698669314384 0 0.7370380535721779 0 0.3212116658687592 0.3607969582080841 0 0.4762488156557083 5.56838196516037 0 0 1.058699443936348 61.01056237518787 1.190414622426033 1.316474109888077 0.5508594512939453 0.2435556352138519 0.1581539958715439 0.2983348667621613 0 0 0 103.0156723037362 0 0 0 0.1254406273365021 90.02735979855061 24.25920604169369 18.84389582276344 5.811810284852982 9.422864027321339 5.180894248187542 4.063695713877678 0.5507813841104507 0.5913556516170502 0 0 0 0.1413798034191132 0.2300221174955368 0.1186432689428329 0 28.18341757357121 21.48062083125114 26.09456689655781 462.4531846493483 82.29717890173197 667.5092737302184 100.0098301619291 393.7164578586817 94.1788744777441 8.402235791087151 94.6641962453723 17.36300528794527 0.6218813955783844 23.12169350683689 2.42438417673111 13.45676274597645 2.792287781834602 0.110201321542263 4.366613164544106 5.296387918293476 2.950165599584579
32.37689290195704 417.3350486084819 1914.471143521369 1.319459803402424 147.32510407269 0.3937842845916748 7.767204746603966 0 70.10354777425528 2.30903173238039 1876.765578083694 4.13730950653553 73.53406183421612 988.9822790771723 62.4011522680521 21.51723650842905 5.845126427710056 11.03330647945404 1.475296035408974 34.10086294263601 36.88179428875446 0.1310460865497589 23.04657765477896 2.759970873594284 12.97905154526234 0.6709460467100143 17.68928118795156 1.654217287898064 0.1359437704086304 1.083309389650822 1147.961730651557 1133.781851500273 55.79398438334465 36.10494208335876 23.06983958184719 17.72980646789074 26.08029410988092 7.442155882716179 4.189857326447964 3.664875887334347 23.53489016741514 6.364843100309372 19.54987874627113 19.45816729217768 8.994618654251099 26.67693717032671 101.2563490867615 8.39668433368206 4.087983071804047 34.84141826629639 3.24260812997818 0.233719490468502 0.1303707510232925 9.445866525173187 1.70735826343298 4.876177534461021 6.478314340114594 305.7420279607177 5.334168575704098 16.88335769623518 80.52072370797396 35.62564234435558 16.75379957258701 443.5827497020364 4.021854244172573 3.938481450080872 2.761337049305439 3.502609334886074 20.2211732417345 27.68188460916281 42.3883889913559 22.53492994606495 0 68.31775455921888 155.8395267426968 96.40875525772572 112.6656971648335 91.50423502177 2076.328201897442 3752.51107224822 91.31982635706663 465.8558590784669 10.45908067375422 0.6045909747481346 4.281197868287563 4.492839023470879 53.01886121183634 0.2599980533123016 1.897967025637627 0.08786794543266296 1.531912796199322 1.328157208859921 23.21890162676573 1.62835818529129 1.296253822743893 19.64931827783585 5.48187030851841 0 3.544810026884079 21.44100493192673 2.364349603652954 0 0 0 0 0 0 0 0 0.8995593339204788 1.518857583403587 1.595253080129623 2.296735838055611 5.168698593974113 4.849465653300285 0 0 0 0 0.15005162358284 0 0 0 0.1760703474283218 0.4444594979286194 0 0 0 0.1323583871126175 0.09817944467067719 0 0.497352808713913 0.1691793501377106 0.1666136980056763 0 0 0.3391924798488617 0.172444149851799 0 5.483800172805786 2.154322922229767 6.820952340960503 3.074796915054321 1.065513961017132 0 0 0.3273468390107155 0 0 0 0 0.4253445565700531 0.2383584678173065 0 0.7192965745925903 0.1383392214775085 0.1615505218505859 1.138483852148056 0.1086309403181076 0 0 0 0.7422920912504196 0 0 1.412628844380379 7.689639121294022 0 0.3919943869113922 0 0 0.7786639705300331 0 0.1883796751499176 0.6345899999141693 0.344537228345871 4.6688576862216 0.1475624889135361 0.5219253301620483 0.319822758436203 1.469730839133263 10.36471681296825 1.376284338533878 2.363258391618729 0.8938823342323303 0.8843317180871964 0.4911942034959793 0.6910746693611145 0 0 0 0.2495466619729996 0 0.4410745799541473 0.1478070318698883 0.1589408218860626 0 0.4807076752185822 3.301189333200455 4.211114719510078 135.8560413867235 46.22459565103054 194.205877058208 26.64413720369339 24.7287637591362 19.69076865166426 1.455803893506527 32.06802736222744 4.863441444933414 0 3.374319545924664 0.2411564141511917 0.5159190595149994 0.3934293836355209 0 0 3.384669333696365 0.9063774198293686
100.011186785996 1373.372705429792 172.3638194054365 84.97923966497183 8049.788621805608 15.62289768457413 4396.020515449345 70.10354777425528 0 506.6600214093924 2392.12986048311 373.2837487012148 5057.525634415448 4510.810911923647 72.63236493617296 7.806072421371937 0.6916881650686264 1.081052236258984 0.1952570229768753 0.3214066326618195 2.113355502486229 0.2038391828536987 0.5415402427315712 0.2991763651371002 0.5937139168381691 2.022527515888214 1.358273603022099 1.343680150806904 1.111849673092365 0.5402646735310555 282.3231344223022 35.78339946269989 9.851196341216564 0.3262066245079041 0.235186867415905 0.9000935107469559 18.48530790954828 1.105918928980827 3.32170020788908 0.2898401170969009 1.701220765709877 0.4322837367653847 0.3493702262639999 3.201825655996799 0.3778258487582207 0.8300386369228363 205.1790353581309 11.84658821672201 0.7648729085922241 1.907847106456757 2.071061588823795 0.5043734461069107 0 1.250425562262535 2.786924757063389 10.30391823500395 12.61947979032993 195.5579824224114 12.46123644709587 31.71853720396757 1.703580170869827 2.769757874310017 0.4424289688467979 114.779390707612 12.60314654558897 11.96532214432955 4.678018905222416 2.74911680072546 0.8245941177010536 0.74513990432024 53.70728755742311 40.46244025975466 0 90.0623864531517 75.46989654749632 153.4534932896495 104.8526342883706 39.88065859675407 6.691251680254936 27.58667193353176 2.769494161009789 2.925603106617928 21.43851203471422 1.608911767601967 9.609497800469398 9.607967246323824 5.682049758732319 0.1313380748033524 3.376579493284225 0.1806324198842049 1.334238059818745 1.430296316742897 1.343274235725403 0.282812587916851 1.370157293975353 236.6859801337123 11.45713083446026 0 1.139071956276894 26.50548143684864 9.281130060553551 1.198410183191299 8.658342018723488 6.079179793596268 8.586245715618134 2.109864503145218 6.049098327755928 3.511067688465118 17.7619534432888 42.13812066614628 15.77235219627619 65.44525942206383 78.81990077346563 117.3927662372589 126.5371043682098 0.6300652325153351 0.2596708834171295 0 0 0 0 0 0 0 0 0 0 0.1364389955997467 0 0.3578328490257263 0 0.135015532374382 0 0 5.670231178402901 4.640139922499657 0 0.5805752873420715 0.854100301861763 39.23893405497074 4.876821100711823 30.90559338778257 4.669180139899254 1.614139229059219 0 0 0 0 0 0 0 1.942047134041786 6.385584205389023 0 0.2338773161172867 0 0 0.1283225566148758 0.4093687534332275 0.6462990641593933 0.09890499711036682 1.262465953826904 11.90151035785675 0.1158361509442329 0.09753827005624771 3.004133999347687 59.12379898130894 0.8647512942552567 0.7569819167256355 0.624630980193615 0 0 0 0 0 0.2034443616867065 78.78761006891727 0.7517757415771484 0 0 0 81.12544808536768 18.41677039861679 14.76453699171543 3.402755804359913 7.704176969826221 3.929145686328411 2.714494943618774 0.4583342224359512 0.6602948755025864 0 0 0 0 0 0 0 19.03514015674591 18.75693139433861 15.01636925339699 335.4120804071426 70.5603918582201 471.7612919211388 83.91283645480871 68.5811670795083 60.62195523828268 5.957227572798729 98.20376877486706 11.20983471721411 1.414343200623989 22.78691338002682 3.931055821478367 11.89161659777164 1.016277313232422 0.4159917607903481 3.027212277054787 3.735638938844204 3.236312933266163
1149.291911378503 717.7254862561822 1.243851810693741 2531.174293488264 307.6495864316821 726.7426546216011 3305.71576166898 2.30903173238039 506.6600214093924 0 7.469274528324604 1458.483563408256 4300.588343702257 41.15265855938196 2.606309868395329 0.1908543109893799 0 0 0 0 0.1689061522483826 0.150018185377121 0 0 0 0 0 0.1665834933519363 0.1593600064516068 0 26.92689476907253 0.4774090498685837 10.96168358623981 0 0 0.1154084876179695 25.06067688763142 0 4.251753464341164 0.3876755237579346 0.2762024775147438 0 0 0.2997517585754395 0 0.0951886922121048 14.59909828007221 1.966773696243763 0 0.1364357024431229 0.2378367409110069 0.182145744562149 0.1963949352502823 0 0.331986166536808 1.968608900904655 25.31147980690002 82.54120605438948 2.985197357833385 2.509232111275196 0.1614259779453278 0.7711168974637985 0 9.506497003138065 0.3199592530727386 1.343000821769238 0.4251454100012779 0 0.570193886756897 0 233.5680605396628 39.54046848416328 0 16.92750445753336 8.488574393093586 8.316668502986431 5.501672923564911 1.289046809077263 0.2712697461247444 4.809655100107193 0 1.128810301423073 3.661453187465668 0.1101955696940422 1.316440612077713 0.6106529161334038 0.1056634411215782 0 0.2005918249487877 1.143268644809723 0 0.4808026105165482 0 0 0 1034.437591254711 43.21322673559189 4.209300473332405 5.051581680774689 492.5877676084638 14.3940571770072 11.84638772904873 31.8140083104372 20.83371211588383 13.91630943119526 8.141017854213715 36.04297660291195 13.93994657695293 157.4141031652689 185.2286401987076 18.68462635576725 130.1275865286589 183.8591804131866 226.6857946664095 169.0676376819611 0.2246444970369339 0.809872642159462 0 0 0 0 0 0 0 0 0 0.8203257918357849 0.4603970497846603 0 0 0 0 0 1.061272978782654 7.596875995397568 7.91167876124382 0 0 0.2115701884031296 34.89387549459934 6.382852166891098 32.40967767685652 5.895711943507195 1.904003068804741 0 0.1410420089960098 0 0 0 0 0 2.088085606694221 6.762879937887192 0.3405646681785583 0.3020107746124268 0 0.4697652906179428 0.1723466664552689 0 0.379037618637085 0.1527267098426819 0.226787731051445 9.318076461553574 0 0.1248442158102989 1.846523284912109 57.57213613390923 3.734134271740913 1.705969989299774 0.9375777989625931 0.1523471176624298 0.6773202568292618 0.3765742778778076 0 0 0 97.60207594931126 0 0 0 0 80.21376086771488 14.16398447751999 16.371238976717 6.898738108575344 9.67676106095314 4.10222589224577 2.57746621966362 0.9859451949596405 0.1239598020911217 0 0 0 0.1508530676364899 0 0 0 65.58666223287582 12.30484170466661 17.34069696068764 342.1511787474155 2.262204058468342 34.60187709331512 3.907255664467812 1235.461158409715 5.329926528036594 0.2954389154911041 6.198731809854507 15.59280095994473 0.7973152697086334 19.15287124365568 1.949387982487679 82.52663066983223 1.761503785848618 0 1.97825400531292 0.2773198783397675 0
212.1342843994498 2034.272780999541 1846.357130497694 4.221239663660526 1606.107118733227 4.714293852448463 40.34797493368387 1876.765578083694 2392.12986048311 7.469274528324604 0 37.73915644735098 1676.085426613688 8135.75275401026 69.60098391026258 14.18330991268158 4.868178181350231 1.951894208788872 0.5349803268909454 6.844984009861946 8.137134797871113 0 11.87399210035801 3.680029034614563 3.81866493076086 0.97999507188797 7.606539286673069 0.7227224335074425 0.4102083146572113 0.584237277507782 1103.807154372334 231.9298656582832 113.6449183300138 10.08693233132362 8.756018958985806 10.75446187704802 52.96216477453709 2.930350810289383 4.026646412909031 2.755379289388657 8.371340699493885 2.753885351121426 3.94890321791172 10.83526293188334 1.838619187474251 4.957454845309258 142.3585137724876 9.760523863136768 2.50451136380434 6.675572447478771 1.588523037731647 0.3598207831382751 0.1106837838888168 1.840032979846001 1.961359970271587 7.509281784296036 15.23314887285233 402.408789254725 13.14460795372725 26.0200802013278 10.21546248346567 14.16506281495094 4.739114411175251 140.8017306998372 7.386062823235989 8.880773797631264 4.127348370850086 3.273926272988319 3.834922336041927 9.322262138128281 60.37509462982416 14.09107019007206 0 92.46483158320189 96.26354210823774 122.5057579874992 96.9216730594635 60.00239869952202 429.9581258818507 1618.302276112139 7.56275299936533 39.86654035747051 18.31889871507883 0.8985578715801239 6.596029512584209 8.450805619359016 12.15891563892365 0 3.385982446372509 0 0.9424918219447136 0.8462558537721634 9.756198272109032 0.9423538893461227 0.9997330829501152 51.40288456529379 10.90793740004301 0 0.9975799471139908 91.04943509399891 0.1957153528928757 0 0 0 1.579409956932068 0.3146041631698608 0 0 2.721714347600937 1.900126159191132 1.231785774230957 4.418382085859776 2.715443700551987 12.8234419375658 15.51144989579916 0.2701675891876221 0.3277859091758728 0 0 0 0 0 0 0 0 0 0.1102349981665611 0.1407599449157715 0 0 0 0.1965902596712112 0 0.1127242520451546 0.255965381860733 1.052856802940369 0 0 0 6.510124489665031 0.8825737535953522 5.604018047451973 2.243966862559319 0 0 0 0 0.2793794572353363 0 0 0 0.5254834592342377 0.436768040060997 0 0.2708382308483124 0 0.4423398822546005 0 0.3184933066368103 0.4620804190635681 0.08482444286346436 0 0.5560388416051865 0 0 1.338252991437912 10.27410578727722 0 0 0 0.1153343170881271 0 0.1131670847535133 0 0 0 13.51767251640558 0 0 0 0.2283118665218353 11.41933350265026 2.235337749123573 1.825845003128052 0.1344219297170639 0.8469141870737076 0 0.1428642123937607 0.1244139969348907 0 0.1296947151422501 0.1220242008566856 0 0.3480145186185837 0.1344892382621765 0.1515015214681625 0.1474366635084152 0.7649579644203186 2.356036722660065 4.742739282548428 173.4496938511729 49.47038727998734 289.7692749276757 43.51126462221146 76.29159861803055 41.70723406225443 4.617835320532322 56.00440507382154 4.335729494690895 0 3.977930374443531 0.7010843753814697 0.314782977104187 0.1003076359629631 0 1.029847636818886 4.804686404764652 1.445138946175575
35.51633872836828 150.5292589813471 8.237926311790943 233.7421468943357 281.5496523454785 103.6155642867088 675.0483178049326 4.13730950653553 373.2837487012148 1458.483563408256 37.73915644735098 0 2129.184365443885 45.85825928300619 21.87589030712843 6.193654872477055 1.394538275897503 0.1408262401819229 0 0.1432017534971237 0.1286914795637131 0 0.877930074930191 0.8177941739559174 0.4442291706800461 0 0.7872401922941208 0.1168729439377785 0 0 4.940587870776653 1.899532854557037 15.93349672853947 0 0 1.599819928407669 111.1628215610981 2.997118905186653 6.186979815363884 2.038111180067062 1.230176128447056 0.5179560780525208 0.1383493393659592 2.31680990755558 0.11857970058918 0.2246935069561005 27.95992163568735 0.7102308496832848 0 0.4818339943885803 1.005229845643044 0.126226469874382 1.550326347351074 0.12897889316082 0 0.6135286092758179 1.539581157267094 7.459164991974831 1.128045558929443 1.991667121648788 0.5476530194282532 6.840972274541855 0.1405910551548004 5.002695150673389 0.7714475467801094 0.5879419520497322 0.169614851474762 0.2123040109872818 0.2814786210656166 1.268067814409733 377.2406365945935 59.54327760636806 0 7.150201357901096 3.736880131065845 13.64260689914227 15.04364178329706 12.0326431915164 0.2930214554071426 12.67937122285366 0.6207765564322472 2.298868775367737 0.4727599173784256 0.1607147306203842 0.7858709767460823 0.8310045376420021 0.7813949435949326 0 0.09957940876483917 0.1519510895013809 0 0.2984830960631371 0.7763305753469467 0.1273124366998672 0.9677998423576355 2152.066595181823 160.8532652258873 0.197820246219635 3.200823411345482 31.83503526449203 11.42835744470358 2.75578860938549 9.669669710099697 6.7220179438591 11.15454469621181 7.164644822478294 17.61271199584007 7.651789769530296 40.15089377760887 75.15733313560486 14.03198661655188 79.8143512159586 104.5855053961277 163.8931996151805 155.9930543527007 0.2179474383592606 0.4562506675720215 0.412602424621582 0 0 0 0.3999425172805786 0 0 0 0 0 0 0.1454735696315765 0.6830084621906281 0 0 0.1981888711452484 0.1375057697296143 5.444213666021824 4.558184057474136 0 0.2236823737621307 0 41.16811866313219 2.38011908531189 33.19682671129704 4.686188086867332 1.023940160870552 0.3530925214290619 0 0 0.2138033360242844 0 0 0 1.756706766784191 5.513119958341122 0.09929072856903076 1.136502265930176 0 0.795534610748291 0 0.3392854034900665 0.2815507650375366 0.2751306742429733 0.8225468099117279 5.82617674767971 0.2531460821628571 0 0.322642982006073 55.63140863180161 2.185853600502014 0.6021478697657585 0.9650626108050346 0.1110823675990105 0.3606217578053474 0 0.5011952221393585 0 0.1960727721452713 97.84295572340488 0.2764140963554382 0 0 0.7394590079784393 93.0407200306654 6.963247209787369 12.39462991058826 5.383024461567402 9.152252703905106 3.136989824473858 5.596925720572472 0.3257304579019547 0.5987194254994392 0 0 0.1023415103554726 0.6406778693199158 0 0.199760764837265 0 36.0162611156702 12.13783168792725 14.66089708358049 105.8132419139147 8.736280560493469 73.56073685735464 11.93463545292616 126.5638386160135 9.476737290620804 0.8309195190668106 28.43121486157179 13.50879383087158 0.1544811725616455 18.53187088668346 0.8855453133583069 15.29288595914841 2.145106360316277 0.3116975724697113 1.798059120774269 1.460353091359138 0.7227140367031097
205.3487621694803 726.7334019392729 141.8372087180614 965.4095821157098 1015.369114346802 122.9213480204344 9205.085692085326 73.53406183421612 5057.525634415448 4300.588343702257 1676.085426613688 2129.184365443885 0 2097.461990118027 234.439141690731 47.58416487276554 7.200683750212193 2.744213037192822 0.2210797592997551 5.627291157841682 5.76688052713871 1.316968739032745 3.260779350996017 2.200809203088284 8.049257099628448 4.333842590451241 14.49420329928398 1.805473737418652 1.637594267725945 2.487655237317085 126.4880229905248 30.60239557921886 201.6700226664543 2.36740206182003 4.751163020730019 5.423681691288948 660.8262210264802 18.49858441948891 73.81198018789291 8.337579436600208 15.15679285675287 3.951745890080929 3.092350900173187 20.7630158290267 0.7689560651779175 3.184401281177998 345.883394010365 10.44789777696133 1.573917284607887 7.209731832146645 2.70446902513504 0.7088651359081268 7.538921423256397 5.344536453485489 2.764528818428516 7.625912591814995 11.86249924451113 109.2854292914271 11.49854988604784 26.87535007297993 6.553076408803463 32.09490622580051 1.977475605905056 74.58811727911234 10.50450303405523 11.16730918735266 3.235109321773052 2.500115744769573 4.168884642422199 8.148665942251682 917.7938520535827 180.5139253214002 0.1782252043485641 68.22990486770868 42.75375998020172 186.2841409146786 200.1743001788855 139.9051314145327 12.7206959426403 148.0016466006637 8.361212395131588 12.97406078130007 15.46294564008713 2.060117244720459 8.479719191789627 11.79468786716461 13.39021597057581 0.3559784516692162 3.86118071526289 0.8973224759101868 0.7968739122152328 1.801241718232632 15.38011722266674 2.520207136869431 1.678563378751278 4280.253086410463 202.5161278098822 0.5302474945783615 23.35284499078989 74.86293709278107 36.44214160740376 8.072683490812778 28.2298630848527 16.35341338813305 27.36576130986214 16.75981047749519 26.14000435173512 18.63996374607086 91.92070937156677 187.4264487326145 44.23692163079977 295.4154988825321 277.4472960680723 538.7999324277043 502.5809178501368 2.787787675857544 2.180500194430351 0 0.179657056927681 0.149661511182785 0 0 0 0.3057081997394562 0 0.2078260332345963 0 0.5785269886255264 0.1500547230243683 1.160898931324482 0 0.5155007243156433 0.1272460371255875 0.5068138912320137 19.17675002664328 14.4039985910058 0 0.3733735159039497 0.7518608421087265 132.8379240259528 7.188189223408699 121.0990407168865 14.57448842376471 2.904920876026154 0 0.7977453619241714 0.5121283084154129 1.902162849903107 0.2742109075188637 0 0 8.77240776270628 18.08399908989668 0.3797809332609177 0.3755412101745605 0.3108852505683899 2.604368939995766 0 2.910880379378796 0.7838814258575439 0.1903987005352974 3.545508608222008 22.56417388468981 0.5622183680534363 0.3881768882274628 2.891306757926941 193.5858455747366 6.507916063070297 2.8967409953475 2.662250407040119 0.3788666278123856 0.7324108630418777 0.4610075801610947 0 0 0.3579171597957611 357.4312516897917 2.418294623494148 0 0.3492271304130554 0.6827731430530548 286.5370944291353 47.59280753135681 36.74675104767084 11.87504944950342 30.9415635317564 16.03030899167061 12.02592093497515 3.228636659681797 1.283789560198784 0 0 0 0 0.6005683913826942 0.5407476872205734 0 88.6417838037014 59.42893429100513 61.15720076858997 655.9541995003819 164.6936054304242 754.8607772290707 160.7971186116338 234.2666070312262 89.65727839618921 7.393962480127811 263.0507167950273 34.99501749128103 2.202354304492474 75.02017992734909 4.813196249306202 33.97883772850037 7.442718543112278 0.4671119153499603 11.14109886437654 17.6844816505909 6.797477468848228
