0 2749.102552898228 398.7265666872263 387.6533082723618 197.4408850297332 131.9630639702082 809.260047107935 56.70339781790972 174.207886941731 2896.529562965035 525.4135375842452 227.4007532000542 235.7676618620753 184.4288313388824 1.266639925539494 1.187214553356171 0.1295832395553589 0.1405166834592819 0 0.3777174204587936 0.6828331053256989 3.12291944026947 0.3695875331759453 0.7816626653075218 0 0.2980904281139374 1.063134558498859 0.1720318198204041 0 0 133.4494226053357 16.29273069649935 18.68656705319881 0 0.6707453206181526 0.3765367120504379 3.480688355863094 0.3936137929558754 0.3688340932130814 0 0.1025563552975655 0 0.4615241140127182 0.7595323771238327 0.2893521189689636 0.1428181082010269 8.281140029430389 2.033800587058067 0.6838697493076324 0.2086288556456566 0.4293380901217461 0.3780913949012756 0 0 10.56620870530605 6.752345405519009 459.6460132971406 866.1015224829316 86.41677857935429 11.11339020729065 0.1328448802232742 1.524983510375023 0 7.906295984983444 7.169555351138115 1.390241429209709 1.453904531896114 0.3205896243453026 2.230919890105724 0.8879265263676643 4.78655156493187 4.162545129656792 0.2635927498340607 201.6856437548995 39.02019932121038 11.79404275864363 10.04346952587366 1.498210966587067 3.37987569719553 107.1694722250104 0.2331178113818169 18.87681410461664 19.59443642199039 0.8956047520041466 1.193252250552177 4.476676054298878 1.181159116327763 1.183006584644318 0.6264333352446556 0.6278227567672729 0 0 0 0 0.1411238014698029 157.4077119007707 0.3037969470024109 1.811965465545654 0 1189.688854463398 0.1111650094389915 0 0 0 0.6170268058776855 3.505484074354172 0 0.309850737452507 1.18096823990345 0.325725719332695 0.2929204106330872 3.527977764606476 3.713974982500076 2.894531115889549 1.481153577566147 0.2663349509239197 0.2192079126834869 0 0 0 0 0 0 0 0 0.1140628755092621 0 0 0.1416711956262589 0.2866247594356537 0 0 0.2682613506913185 0 0.5725611597299576 0.3930215835571289 0 0 0 0.9262239336967468 0 0.2713169455528259 0 0 0 0 0 0 0.1717981547117233 0 0 0 1.041019916534424 0 0 0 0 0 0 0 0.08431761711835861 0 0 0 0 0 1.227991208434105 0 0 0 0 0 0 0 0 0 6.269804552197456 0 0 0 0 1.224145293235779 0 0.3856859356164932 0.2960792183876038 0 0.4618733376264572 0 0.1912811696529388 0 0 0 0 0.2204649224877357 0 0 0 2.433293610811234 0.5539122074842453 1.220091886818409 172.4792450666428 10.86312982439995 44.61900239437819 6.483021326363087 1305.225740209222 22.58333762735128 2.596803486347198 8.439977720379829 1.706377319991589 0 0.3056445270776749 0 16.7380513548851 0 0 0 0 0
2749.102552898228 0 1355.381366290152 913.025700032711 4220.435484334826 306.7484192103148 5340.509319745004 287.6116828322411 5093.340068221092 1419.743519432843 4190.689281567931 80.13042465597391 729.0816370770335 1279.854862190783 10.25099511444569 6.942284390330315 1.099962629377842 0.4586111456155777 0.2490435987710953 1.000394999980927 2.481733970344067 0.2713686525821686 1.077957965433598 2.106012687087059 0 0.8470827713608742 3.33626227080822 0.6067379489541054 0.1449228227138519 0.5240963995456696 904.1958365514874 60.44239711761475 102.1093811392784 0.6362351700663567 3.398407056927681 1.074706740677357 17.85770720243454 1.969588465988636 1.062825702130795 0.1200679615139961 1.018916621804237 1.299568682909012 1.058055803179741 0.7035447061061859 0.82844328135252 0.8430915847420692 54.34207671135664 13.09818296134472 0.8631604239344597 1.209643438458443 0.1277147829532623 0.2570867761969566 0.6247830241918564 0.386381059885025 33.88847819715738 23.93881225585938 301.8126094043255 990.6212299540639 122.7874892055988 49.58029650896788 0.8195226192474365 4.134140513837337 0 76.39367841184139 21.75545375794172 6.553814791142941 6.075882509350777 3.866107068955898 10.82069278508425 4.223322063684464 12.1230801269412 1.358031287789345 0 474.2658054530621 157.9032280221581 97.1196795552969 59.17427341639996 7.710915103554726 10.23513811826706 421.9711769223213 1.592341303825378 43.37135192751884 84.9867790043354 1.699284829199314 7.811453260481358 16.36538404971361 5.593721754848957 0.2265418022871017 4.342729136347771 0.1093170419335365 0.1047682464122772 0 2.298952698707581 0 0.5433734208345413 72.42518958449364 0.8899236619472504 0 0.3852364271879196 974.0511996224523 0.8813296183943748 0 0.2955517768859863 0.1929359883069992 0.5091530382633209 31.40276554971933 1.429789334535599 0.704024463891983 2.684778064489365 3.360405951738358 0.9340271353721619 9.730845086276531 11.25230586528778 4.901447810232639 4.548334509134293 0.1375817060470581 0 0 0 0 0 0 0.1442099809646606 0 0.1192406564950943 0 0 0.1241879835724831 0 0 0.173761785030365 0 0 0 1.797043099999428 0.4925195425748825 0 0 0 2.989964358508587 0.3705489337444305 5.488555327057838 0.4386138319969177 0.1157872602343559 0 0 0 0 0 0.1066133230924606 0 0.3241578638553619 0.7206140011548996 0 0 0.09770314395427704 0.2796260714530945 0 0.1219885945320129 0 0.1209434121847153 1.349471032619476 1.0057457908988 0 0 0 2.311055287718773 0.3405133783817291 0 0 0 0.1552588790655136 0 0 0.09756726771593094 0 20.11424535512924 0.284798264503479 0 0 0.2141839191317558 2.776909023523331 0.7265058010816574 0.5296368598937988 1.372387774288654 0.8216725140810013 1.067591302096844 0.2825453504920006 0.673662081360817 0 0.108766995370388 0 0 0 0 0 0 8.907620452344418 1.072879120707512 1.777936346828938 430.9621370211244 41.75629909336567 400.8384957239032 48.52660278230906 1251.213829107583 98.89721625298262 3.989119455218315 57.7909307256341 12.97148875147104 0.4823933094739914 2.103165738284588 0 23.74066260457039 0.3141675293445587 0 0.2831782400608063 2.904977709054947 0
398.7265666872263 1355.381366290152 0 2.109046563506126 1565.844988107681 5.12814973294735 19.72358900308609 1366.484303943813 487.3402054831386 4.294289082288742 3806.459810607135 4.388989366590977 12.60471215844154 105.9833663925529 5.921962112188339 7.20920842140913 1.451165594160557 3.741077661514282 2.436580948531628 14.66630164533854 31.57224378734827 0.1533058434724808 6.109265498816967 7.720219165086746 2.99940536916256 4.618686303496361 5.879810608923435 3.093461766839027 0.3189821690320969 0.7565362453460693 5946.505188763142 2059.855705313385 40.79451511055231 5.427212670445442 13.89984341710806 1.830188393592834 12.94223199784756 3.468559518456459 2.554418236017227 2.58442085981369 2.103608824312687 2.319165259599686 16.84029123932123 7.981242887675762 12.18261536955833 27.36385499686003 37.65915670245886 12.81229979544878 2.818300373852253 14.0915732383728 0.4798731580376625 0.3562882244586945 0.1304852813482285 0.8527215793728828 22.75777369737625 14.62640652060509 172.1110319495201 1487.058604881167 63.19827325642109 29.8391850143671 64.36980810761452 12.05055667459965 2.332604393362999 243.6914460286498 13.6302232965827 3.878986038267612 4.094533570110798 4.275983490049839 65.85867704451084 31.21416416019201 8.930109344422817 1.24328801035881 0 314.2060457617044 174.1515084132552 61.97113598138094 63.12657691538334 21.00283990800381 304.4803809374571 1240.614312246442 78.03009496629238 1095.618562370539 52.28803353011608 1.818678930401802 5.344544917345047 10.10199020057917 25.9650064483285 0.1117344945669174 2.70182853192091 0 0.223352774977684 0.2370921224355698 2.259613558650017 0.1251746267080307 0.6631166115403175 5.906245477497578 0.1621038615703583 0 0.6216988116502762 865.3118741288781 0.1479423195123672 0 0 0 0 0.213940754532814 0 0.1317130476236343 0.3657220602035522 0.7321454733610153 0 1.577158600091934 1.439758345484734 0.9088111221790314 0.933618888258934 0.2656900212168694 0.1542818248271942 0 0.1217449605464935 0 0 0 0.1360582113265991 0 0.1402494311332703 0.1366895288228989 0 0 0 0 0.2695232108235359 0 0.1170938685536385 0 1.336916483938694 0.7649073749780655 0 0 0 1.053175941109657 0 1.973945960402489 0.5866641476750374 0.1274620145559311 0.2194108217954636 0.2543767988681793 0.1531791985034943 0 0.1700100302696228 0 0.1499195694923401 0.2028984129428864 0.3757736682891846 0 0 0.2389927059412003 0 1.291059397161007 0 0 0.08342467248439789 0.124355174601078 0 0 0.1379999071359634 0.1707492619752884 1.747593902051449 0.1232302412390709 0.2585874199867249 0.1185547560453415 0.08786256611347198 0 0.1279200315475464 0 0.1245784908533096 0.1361929625272751 6.289545804262161 0 0 0.1484381705522537 0 1.271667785942554 0 0.3532267212867737 0.1951612234115601 0.7162996008992195 0.676302045583725 0.6899420469999313 0.2001691460609436 0.1030553206801414 0 0 0 0.09725569933652878 0 0 0 1.039786368608475 0.6303520128130913 1.110973261296749 126.3545739352703 27.87467943131924 200.2304444015026 24.221929512918 170.8767509013414 40.62950393557549 1.173941910266876 22.35732019692659 5.073467753827572 0.7847747802734375 0.7164196893572807 0 1.337994456291199 0 0 0.2452759742736816 2.175902754068375 0
387.6533082723618 913.025700032711 2.109046563506126 0 49.03182218968868 125.4818585067987 1422.839343234897 0.114728718996048 45.85686977952719 3555.219664037228 6.60446685552597 1139.913682311773 1202.654075846076 275.1465051174164 0.2043503522872925 0 0 0 0 0 0 0 0.1502771377563477 0 0 0 0 0 0 0 12.22972965240479 0 7.99846014380455 0 0.2044066786766052 0 0 0 0 0 0.2003604918718338 0 0 0.1411954611539841 0 0 5.07714220136404 1.059054419398308 0 0 0 0 0 0 2.972426511347294 2.170014664530754 38.2164466008544 100.0015975758433 10.54713433235884 2.71870881319046 0 0.9577145576477051 0 3.551070831716061 2.325240083038807 0.7357852309942245 0.1279899030923843 0.4219420030713081 0.3565052002668381 0 3.109784424304962 1.935235381126404 0 50.84967035800219 14.31429865956306 5.485180594027042 2.303600892424583 0 0 56.78827557712793 0 0 8.622142143547535 0.5270965322852135 0.4833161607384682 2.139922998845577 0.528725653886795 0.2429468631744385 0 0 0 0 0.1033160537481308 0 0.1754327565431595 96.14252775907516 0 0 0 169.5418212264776 0.1878104954957962 0 0 0.1712422519922256 0.2827462553977966 5.022855952382088 0.3834574818611145 0 1.650788977742195 2.03784716129303 0 2.852840393781662 5.999720528721809 2.3282550573349 0.6325177550315857 0 0 0 0 0 0 0 0 0 0 0 0 0 0 0 0 0 0 0 0.6897082328796387 0 0 0 0 0.7123699486255646 0 1.417864382266998 0 0 0 0 0 0 0 0 0 0.129603236913681 0 0 0 0 0 0 0 0 0 0 0.2361181378364563 0 0 0 0.5080524682998657 0 0 0 0 0 0 0 0 0 5.721064269542694 0 0 0 0 0.500932440161705 0 0 0 0.4768364578485489 0.1495304554700851 0 0.4304474592208862 0 0 0 0 0 0 0 0 5.936869338154793 0.8386319130659103 0.4374869167804718 101.6487909257412 4.879608049988747 33.90847978740931 4.439551271498203 485.5757763981819 8.322739593684673 0 3.688316650688648 1.952438190579414 0 0.4352776706218719 0 8.009697511792183 0 0 0.5292786061763763 0.2306318879127502 0
197.4408850297332 4220.435484334826 1565.844988107681 49.03182218968868 0 9.594587340950966 1579.252879664302 132.2305598929524 9164.630036816001 178.9733583629131 2997.896485328674 21.93491481989622 573.7873072698712 1462.210823848844 11.88307428359985 13.65817902237177 0.9460215866565704 0.3768156617879868 0.324938639998436 0.4289945214986801 1.802666172385216 0.1801420450210571 0.5004474222660065 1.433373875916004 0.4499912932515144 0.6355851292610168 1.93446246534586 0.9217744097113609 0.3198231905698776 0.218770906329155 153.0349245965481 38.34661485254765 49.19463442265987 0.1247515082359314 1.888701662421227 0 10.01193822175264 0.9850044101476669 0.2805686742067337 0.449774406850338 0.676628515124321 1.503436610102654 0.5894562229514122 1.028296761214733 1.013266712427139 0.7998793348670006 72.80632530897856 8.879675529897213 0.4879360869526863 1.181196823716164 0.7280568554997444 0.6261331960558891 0.4635787010192871 0.2819677889347076 18.94168326258659 12.33587931096554 73.13466829061508 206.8884341716766 49.51875793933868 47.7229373678565 1.17703165858984 2.448692783713341 0 108.7563897371292 16.54260151833296 5.750243432819843 5.467786639928818 3.388380311429501 7.068310387432575 2.727696411311626 12.92422812432051 6.708800412714481 0 231.0969959497452 112.4035410806537 118.8120818734169 95.78207942098379 6.271870650351048 8.904274508357048 148.3246058151126 1.743769943714142 24.46584618091583 48.18501071631908 1.944087088108063 7.762855403125286 10.03227518498898 5.298821672797203 0.07730158418416977 2.701923042535782 0.1054776012897491 0.2654553353786469 0.1998748779296875 1.504827365279198 0.7211105152964592 1.331031270325184 240.7943983674049 0.8122322410345078 0 0.399023525416851 57.2666861563921 2.974914871156216 0.6871718913316727 2.339028432965279 1.379513561725616 4.052964486181736 19.57457453757524 4.083901613950729 2.939565256237984 14.05386184900999 21.11117593944073 3.500882193446159 41.72593124955893 49.10895211994648 24.05648217350245 19.27105282992125 1.272374600172043 1.116234287619591 0 0 0 0 0 0 0 0 0.1442004442214966 0 0 0.1316002309322357 0 0 0 0 0 5.715121023356915 1.407962515950203 0 0 0 11.62946806848049 0.5322203487157822 18.12024866789579 0.9489106833934784 0.9455702006816864 0 0.1349929720163345 0 0.6862370371818542 0.6997597962617874 0.7397380769252777 0 1.585422836244106 2.454032354056835 0.1922126263380051 0 0 0 0 0 0.492529571056366 0 0 4.125417247414589 0 0.1863000243902206 0.799815446138382 6.598934255540371 0.3504256159067154 0.1275005787611008 0.1178781017661095 0 0 0 0 0 0 72.36007629334927 0.1514604985713959 0 0.1554304957389832 0.1108726114034653 13.3183306530118 0.3647041320800781 3.768872149288654 1.197645679116249 3.427891865372658 4.797465577721596 2.206665828824043 3.431123554706573 0 0.1019729152321815 0 0 0 0 0 0 43.78640814125538 6.236032791435719 4.881697371602058 580.9390642866492 44.89466052502394 434.9074721261859 51.60184005647898 319.8834151402116 118.2352463379502 7.027174942195415 88.84865216165781 34.86748389899731 0.699642077088356 8.538289830088615 0.1174632534384727 71.30186094343662 1.584432244300842 0 1.574305891990662 4.403579093515873 0.4062663614749908
131.9630639702082 306.7484192103148 5.12814973294735 125.4818585067987 9.594587340950966 0 132.2822867184877 0.7064315229654312 11.93475730717182 638.0734677910805 8.460478186607361 78.77701735496521 81.54615171253681 31.46558137238026 0 0.4020660370588303 0 0 0 0 0 17.50748805701733 0 0 0 0 0 0 0 0 2.199431896209717 0.1790457963943481 5.627013757824898 0 0 0 4.502319112420082 0.3911767303943634 2.570574074983597 0.2865160703659058 0 0 0 0 0 0 0.3546894490718842 0.2572645246982574 0 0 1.607317626476288 8.97750760614872 3.610845535993576 0.8897427618503571 0.7331891059875488 0.7931575924158096 71.74255521595478 46.76029016077518 3.295022919774055 0.5856969133019447 0 0 0 0 0.1245646476745605 0 0.9209140986204147 0 0 0.1410597562789917 22.72716718912125 259.0916883051395 14.81878851354122 10.68014968931675 2.849718555808067 0.3965597599744797 0.1426701843738556 0.2109242677688599 0 6.778185024857521 0 0.6879393309354782 3.032532468438148 0.6912161707878113 0.1262160986661911 0.3267226815223694 0.3168191611766815 19.39925104379654 5.585755899548531 24.66071303188801 4.090194672346115 9.015799641609192 0 1.125855550169945 1.945083513855934 115.6806244403124 67.87082725763321 35.92078298330307 21.24182203412056 250.5101986676455 0 0 0 0 0 0.5344218164682388 0.204859733581543 0 0.3762742280960083 1.000545784831047 0 0.2880764305591583 1.045872509479523 0.5451680272817612 0.350171834230423 0.1367373317480087 0 0 0.7690423727035522 0 0 0 0 0 0 0 0 0 0 0.2367051541805267 0 0.6174787282943726 0 0 0.2377272695302963 0 0 0 0 1.026803493499756 0 0.8797372132539749 3.145292818546295 1.895549222826958 0 0.2000466734170914 0 0 0.3317301869392395 0.7597011923789978 0 0 0.1734792590141296 0 0 0.2593293488025665 3.319696426391602 0.1571594029664993 0 0 0 0 0.1642242074012756 0 0 0 0 0 0 0 0 0 0 0 0 0 1.332014307379723 6.092298686504364 0 0 0.640080139040947 0 0 0 0 0.2037097066640854 0.6494826078414917 0 0 0 0 0 0 0.2411657273769379 0.156061202287674 0 0 1.814992144703865 1.803355425596237 3.64339143037796 33.1129357367754 1.231487631797791 3.157950364053249 0.5644390732049942 159.7775156497955 1.679556339979172 0.6010094285011292 0.3626627177000046 0.838306650519371 0.2816124260425568 0.4203245043754578 0 4.62210476398468 0 0 0 0 0
809.260047107935 5340.509319745004 19.72358900308609 1422.839343234897 1579.252879664302 132.2822867184877 0 4.359310150146484 2098.954986289144 4081.08607146889 46.56185742467642 215.444894708693 4206.281664378941 984.3904061838984 15.12364124506712 12.55464006960392 1.238287381827831 0.3859801888465881 0.1274981647729874 0.6439823657274246 0.8700545206665993 0.2236468493938446 0.3984892666339874 0.5506457462906837 0.1763993129134178 0.8435375317931175 1.347191527485847 1.398451566696167 0.6645538359880447 0 96.16979713737965 15.80131554603577 22.32990553230047 0.4547430425882339 1.414861969649792 0 5.17365288734436 0.7885432243347168 0.9736127927899361 0.7894465625286102 0.7899295911192894 4.267836011946201 0.8052495718002319 2.003412634134293 1.014282889664173 0.6395274624228477 120.9423332288861 19.46107514202595 1.406259752810001 1.05681473761797 1.155009768903255 1.020811229944229 0.4809223115444183 0.8849264532327652 50.7494965493679 31.78897286951542 204.9253625720739 492.2708187550306 115.2851420044899 91.53824180364609 1.482590705156326 2.41115165501833 0 118.285780929029 35.89114304631948 10.45893444865942 11.09604293107986 6.047634668648243 7.182706609368324 1.571040280163288 10.04977501183748 4.590023718774319 0 505.3537645339966 210.5390685796738 168.7309158146381 102.272542051971 4.751461960375309 1.983761355280876 35.60716967284679 1.818274699151516 13.41330821812153 109.6654012426734 4.002168387174606 13.34464640915394 24.97266576439142 10.61235905438662 0.7578040659427643 6.343625620007515 0.7457932159304619 1.245350524783134 0.713522270321846 2.38855753839016 1.667328886687756 1.613533928990364 745.1649556830525 0 0 0 141.5377060249448 9.071295194327831 3.244412660598755 2.572814643383026 3.827445238828659 10.76361441612244 48.481171682477 5.348216906189919 5.3362056016922 25.71605535596609 30.75626506656408 6.287206023931503 67.41509123146534 72.77580481022596 45.079320281744 27.29099173843861 1.774141065776348 2.607041701674461 0 0.6872010380029678 0 0 0 0 0 0 0 0 0 0 0.2226911932229996 0 0 0 0 12.40537940710783 4.354494079947472 0 0 0 13.95399839431047 1.173318177461624 20.8935816809535 2.238057553768158 0.3619747310876846 0 0 0 0.4138030707836151 1.235965199768543 0.1508531123399734 0 2.298613026738167 7.552760764956474 0 0 0 0.1251437813043594 0 0.4749764949083328 0.4626133888959885 0.1434195339679718 1.988566771149635 3.745289891958237 0 0.5205467194318771 0.3642988651990891 12.81282838433981 2.789304837584496 0 0 0 0 0 0 0 0 127.9427760243416 0 0 0.09913337230682373 0.3821029216051102 17.60885818302631 3.618565082550049 5.762559592723846 5.7792142406106 5.315615549683571 4.870345465838909 2.118148915469646 6.011514693498611 0.08527455478906631 0.07596857100725174 0.1021017804741859 0 0.245405450463295 0 0 0 67.59529396146536 9.614262320101261 6.777906715869904 991.4254226982594 84.47819069772959 771.5917557626963 108.6172158941627 1218.529648736119 198.9062469601631 11.18780429661274 143.606897123158 46.56815955042839 1.261882983148098 10.83111446350813 0.4539671242237091 151.8017650842667 1.475670754909515 0.5901102945208549 3.115324884653091 5.519416660070419 0.7288417220115662
56.70339781790972 287.6116828322411 1366.484303943813 0.114728718996048 132.2305598929524 0.7064315229654312 4.359310150146484 0 396.0336746275425 0.5351331830024719 2023.616424866021 1.67712128162384 9.626490511000156 101.2005043402314 4.530093759298325 6.701051458716393 5.429659895598888 5.165070295333862 1.957695551216602 23.45163206011057 30.86635372787714 0.5787747874855995 3.966334119439125 6.498912915587425 3.73400940746069 5.401101537048817 8.020988449454308 2.401161387562752 0.2780435383319855 0.4172729402780533 810.7633151710033 919.0263798087835 34.28080359101295 11.76010524481535 14.30890244990587 3.179578736424446 10.69324904680252 3.49849808961153 3.355618715286255 3.300894372165203 2.87696036696434 2.135976538062096 16.82765975594521 17.36625041812658 26.98717783391476 59.31684323400259 25.54982005059719 8.371190413832664 8.579116828739643 25.12776178866625 0.7305116280913353 0.1109347864985466 0.239485003054142 1.336255326867104 4.834803856909275 3.900403879582882 42.26843312382698 233.5014158338308 17.96816222369671 14.32165044546127 125.8031537532806 11.38015092909336 3.521146014332771 244.7269576266408 3.371400415897369 2.381684549152851 0.9578492417931557 2.265287190675735 65.7928134649992 35.72604172676802 7.680499687790871 2.37406399846077 0 91.83681732416153 66.50242175906897 40.07265266776085 102.8974969089031 115.8325474858284 741.262137144804 1532.679340749979 258.3265718892217 2525.545179091394 16.5660050585866 0.3958859220147133 1.147051617503166 3.500370942056179 30.22299998998642 0 0.07581952959299088 0.1156379282474518 0 0.3749588876962662 1.804425440728664 0.6167006567120552 0.5588403567671776 6.962643295526505 0.7689771354198456 0 0 109.9370742812753 0.1127073541283607 0 0.1388968825340271 0 0.114510603249073 0.5747816562652588 0.3756937682628632 0 0 0.5609009861946106 0 0.2993569523096085 1.139585465192795 0.8576937094330788 0.7830606251955032 0 0.3010509014129639 0 0.2691197991371155 0 0 0 0 0 0 0.2500649765133858 0 0 0.4451864957809448 0 0.139835998415947 0 0.1316488236188889 0 0.8194730281829834 0 0 0 0 1.11701112985611 0 1.85169130563736 0.3678230792284012 0 0.1266126781702042 0.2414808347821236 0 0 0 0 0 0.4609026312828064 0.1002227663993835 0 0 0.2129812762141228 0 0.399651363492012 0 0.1011611595749855 0 0 0 0 0 0.1217173933982849 0.4579443857073784 0 0 0 0 0 0 0.5143049359321594 0 0.1613804996013641 2.964137740433216 0.4193844795227051 0 0 0.1177913621068001 1.065232425928116 0.1313708424568176 0.1545144021511078 0.1025580614805222 0 0.1447267383337021 0.1863288581371307 0.12847800552845 0 0 0 0 0 0 0 0 0.409490168094635 0.5921851247549057 0.3571766689419746 118.9316941052675 14.94724584370852 140.6457488834858 15.29498890042305 30.71564754098654 26.64547424018383 0.6790212765336037 21.769162774086 3.680784545838833 0.1972225680947304 0.8196375966072083 0 1.977323085069656 0 0 0 1.446976333856583 0.7433079332113266
174.207886941731 5093.340068221092 487.3402054831386 45.85686977952719 9164.630036816001 11.93475730717182 2098.954986289144 396.0336746275425 0 356.5482091978192 1919.111815199256 75.44951290637255 1186.205742031336 3471.507990241051 21.81033897399902 32.01965127140284 1.691259682178497 0.506169393658638 0.4447007924318314 3.159831769764423 5.764808014035225 0.3031466454267502 1.880650617182255 6.481196314096451 0.5555148795247078 3.154284164309502 8.193812169134617 0.9727491810917854 0.4582842066884041 0.8600951284170151 86.07803435623646 35.24924430251122 298.2702157571912 0.3413242027163506 9.177437201142311 1.078928031027317 36.96105846017599 5.60879497975111 2.782910712063313 0.9415813460946083 1.208137966692448 1.631127938628197 1.738492958247662 1.683762662112713 1.995193772017956 1.69196043163538 86.75664472579956 7.484849020838737 1.444772280752659 3.149825535714626 0.4286288917064667 0.9140041694045067 0.08400723338127136 0.8181562349200249 12.21734055131674 10.16867039352655 48.48113092035055 123.7751594036818 34.5479286685586 47.10206660628319 2.504189886152744 10.67231746017933 0.3822152316570282 123.9473786726594 11.23214016109705 3.658158414065838 4.351981528103352 3.33588171005249 29.47675870358944 12.49887413531542 36.16938763856888 7.513304017484188 0 177.5803803950548 96.90920685231686 148.2174730226398 155.8276613131166 16.09385508298874 19.15479788929224 621.6864662468433 3.196537241339684 71.87387143075466 36.48167539387941 1.369129471480846 4.070326179265976 10.02626136690378 7.063376754522324 0.1927447766065598 2.673409543931484 0.1012198030948639 0.5622371062636375 0.3260364830493927 2.237294062972069 0.4732622504234314 1.593437999486923 378.3813643604517 1.573556683957577 0 1.876643553376198 33.81630109995604 6.238051816821098 0.914909303188324 3.742926061153412 3.528263010084629 8.645680531859398 15.03173983097076 4.830976217985153 8.27359014749527 22.04792346060276 25.15767849236727 4.858280152082443 64.24107204377651 61.85964266210794 40.60616398602724 33.30067402124405 3.206832535564899 2.001009844243526 0.1294747292995453 1.329274624586105 0 0 0 0.1927961558103561 0 0 0.3211048394441605 0 0 0 0 0.4122787266969681 0 0.2859178781509399 0 15.50256623327732 4.755528956651688 0 0 0 13.75886263698339 1.090339168906212 34.2763502523303 1.426917545497417 1.127979189157486 0.167501226067543 0 0 0.2046307921409607 2.160728059709072 0.808972455561161 0 2.325287774205208 4.645640604197979 0 0 0 0.4967717379331589 0.5881524458527565 0 0.4508236795663834 0 1.58416260778904 4.534771643579006 0 0.3878679722547531 1.828120976686478 12.6872304007411 1.909815594553947 0.4858304634690285 0 0 0.1011501401662827 0.1046662926673889 0 0 0 137.1094549447298 0.9213061630725861 0 0 0 22.79809010028839 1.172498501837254 7.772884167730808 4.181263484060764 4.696558311581612 6.077136561274529 6.021816268563271 4.695724487304688 0 0 0 0 0 0 0.1229858174920082 0 58.56000981479883 11.92985519021749 8.390716575086117 670.9985018223524 40.49538287520409 415.770778208971 57.74894317239523 227.8901172727346 121.6928518414497 5.050565838813782 109.0551678389311 47.2918249219656 0.8048893734812737 12.61318501085043 0.3153326958417892 100.8808197006583 2.116920702159405 0.1137344613671303 3.925431914627552 7.51897320151329 0.1398734301328659
2896.529562965035 1419.743519432843 4.294289082288742 3555.219664037228 178.9733583629131 638.0734677910805 4081.08607146889 0.5351331830024719 356.5482091978192 0 9.047215163707733 2216.65681797266 3888.823758803308 2135.105525389314 1.466625787317753 0.6997052133083344 0.4514871686697006 0 0 0.1337777674198151 0 2.942402094602585 0.3192016184329987 0.1890238225460052 0.1335844695568085 0.4929784461855888 0.796404168009758 0 0 0 11.82172701507807 1.085518851876259 100.1900683492422 0 0.2915127724409103 0 12.43556337058544 1.502869367599487 0.3557225465774536 0 0 0 0 0 0.4944269359111786 0 11.24114548414946 1.788653194904327 0.1341993361711502 0.1047266870737076 0.2784537971019745 0.5750683099031448 0.3480221927165985 0 8.909947350621223 5.393183797597885 79.2246034219861 154.4059095084667 30.13329887390137 9.662177368998528 0 2.479136094450951 0 10.30510793626308 4.72534005343914 0.6116769835352898 1.32552520185709 0.1831836029887199 1.815839923918247 0.2842247486114502 30.1023301333189 20.87091332674026 3.769935846328735 118.832512319088 28.62364766746759 13.88337629288435 7.397157810628414 1.314397439360619 0 774.5672289654613 0.2203461229801178 3.551936306059361 19.54678722470999 0.5207758769392967 1.733787029981613 4.050178110599518 1.035113729536533 1.266805604100227 2.073131442070007 3.891368553042412 0.3219624906778336 0 0 0.3427718058228493 0.3744050562381744 1054.45957235992 5.501755312085152 5.450951129198074 3.112255111336708 247.5292389765382 5.497793048620224 1.674777567386627 2.206303462386131 2.393536433577538 4.760694622993469 28.77723652869463 3.930820718407631 4.474589444696903 22.71728210151196 33.36625308543444 4.585888437926769 63.18358506262302 55.62860587239265 32.86418083310127 15.83443161845207 1.380939930677414 0.7073301821947098 0 0 0 0 0 0 0 0 0 0 0 0 0 0 0 0 0 6.42907652258873 3.66760241985321 0 0 0 4.60722579061985 0 7.572119228541851 0.8603892773389816 0.5864379853010178 0 0 0 0 0 0.2852227687835693 0 0.8674367666244507 3.045069672167301 0 0 0 1.61012190580368 0.133438304066658 0 0 0.1610961854457855 0.7425641864538193 3.829376310110092 0 0 0.3419675379991531 2.170570552349091 1.772532552480698 0 0.2084351927042007 0 0 0 0 0 0 50.4080053716898 1.979515507817268 0 0 0 14.85275767743587 0.466457724571228 2.143816873431206 2.525577142834663 2.152688711881638 3.410089552402496 0.9614179283380508 1.966262988746166 0 0 0 0 0 0 0 0 51.99106748402119 4.067569449543953 3.320894077420235 535.0116053149104 8.117541439831257 110.0799293443561 12.61102899909019 1189.673748932779 19.32638239115477 0.7377462685108185 15.01832184195518 35.43456941843033 0.8871782273054123 4.460187882184982 0 228.9172428920865 0 0 0.8402737081050873 0.2456613630056381 0
525.4135375842452 4190.689281567931 3806.459810607135 6.60446685552597 2997.896485328674 8.460478186607361 46.56185742467642 2023.616424866021 1919.111815199256 9.047215163707733 0 30.60930751264095 112.985002271831 1604.232986733317 11.10928146541119 16.14175494760275 0.8012719750404358 1.148196496069431 0.3420315682888031 2.177325822412968 5.488994754850864 0.6991332545876503 3.168061047792435 7.354763567447662 1.518163479864597 2.572325021028519 11.75744558870792 0.4431835561990738 0 2.19054539501667 846.9744185432792 222.688747420907 691.9781081154943 0.2106257677078247 6.311699286103249 2.82601635158062 67.47690164297819 11.25663094222546 1.822126165032387 0.3947689682245255 1.873429290950298 1.036086104810238 2.821632198989391 1.587040513753891 2.434188924729824 1.419398449361324 45.80934090912342 6.197068952023983 1.37910833209753 3.401304267346859 0.2670626491308212 0.3713316395878792 0.1112977936863899 0.5601073354482651 14.90916994214058 10.0424954816699 72.30963175743818 344.1011407449841 32.72456011176109 36.30000852048397 3.013587042689323 24.93488652259111 0.411773219704628 119.0821722373366 10.48030988126993 3.295276947319508 4.05837931483984 3.226492077112198 28.78398825973272 10.64134714007378 40.12408409267664 5.868109859526157 0 167.9598956108093 104.9645136445761 80.92817375063896 95.65220806002617 13.48524264246225 126.6168287545443 2233.951435014606 2.731076955795288 258.1605175957084 34.60775336623192 1.51677779853344 4.391811423003674 7.235804542899132 6.541687048971653 0.08184334635734558 2.602623373270035 0.09877261519432068 0.09968894720077515 0 1.308402538299561 0.234235592186451 0.4992226809263229 30.22572326660156 2.658584333956242 0 0.4482595473527908 199.48890491575 0.3771034479141235 0.3179996013641357 0.4691629260778427 0.139812633395195 0.1452065706253052 1.435549922287464 0 0.3028754442930222 1.672312706708908 0.458327442407608 0.9020990431308746 5.092617824673653 5.151582837104797 2.728818640112877 3.101768925786018 0.11832495033741 0.6343023851513863 0 0 0 0 0 0.1787596195936203 0 0 0.3037853538990021 0 0 0.1400272697210312 0 0.3018766194581985 0 0 0 0.9273186922073364 0 0 0.1297194063663483 0 3.241779938340187 0.1432907432317734 6.073248818516731 0.2604374885559082 0.1515706330537796 0.497629389166832 0 0 0.2182845026254654 0 0.2502900362014771 0 0.3613046407699585 0.677313357591629 0.1789516061544418 0 0 0.4805511683225632 0.1049801707267761 0 0 0 0 0.1771895438432693 0 0.129701554775238 0 2.512550197541714 0.4080591946840286 0 0.1208708956837654 0 0 0 0 0 0.17287777364254 22.10485897213221 0.6127349436283112 0 0 0.1354292780160904 3.227545142173767 0.2780345231294632 1.124685704708099 0.7252747118473053 0.2313277870416641 0.8457028642296791 1.273289665579796 1.430793434381485 0.08401130884885788 0 0 0 0.08859528601169586 0 0 0 5.411985613405704 2.982092067599297 3.160241052508354 211.130442045629 27.58171427249908 236.9645797014236 32.52346696704626 127.7492645308375 53.41653231531382 2.756852425634861 45.69050425291061 7.327955715358257 0.4170869514346123 2.598881170153618 0.3482194244861603 2.43903536349535 0 0 0.516229122877121 2.11918306350708 0.1315900087356567
227.4007532000542 80.13042465597391 4.388989366590977 1139.913682311773 21.93491481989622 78.77701735496521 215.444894708693 1.67712128162384 75.44951290637255 2216.65681797266 30.60930751264095 0 1832.788516394794 2207.20666949451 6.944895640015602 16.03276559710503 1.649079114198685 0.1406353563070297 0.1552434861660004 0.3295445665717125 0.7220778316259384 0.1536695510149002 0.7001725882291794 0.9390623718500137 0 0.777788981795311 4.569062083959579 0 0 1.102842003107071 6.364120483398438 5.787338711321354 466.057149194181 0 1.409716308116913 0 297.0230937078595 22.63482974469662 12.90886404365301 0.6921362280845642 1.176036417484283 0.1255693137645721 0.267019048333168 2.022957012057304 0.8105569779872894 0.414125457406044 10.47679904103279 0.9902672618627548 0.3749201446771622 1.006005972623825 0.1335926502943039 0.2102473229169846 0 0.09966550022363663 1.136953547596931 0.7834220230579376 11.33521311730146 16.95221570134163 4.535754822194576 4.083278954029083 0.3763545155525208 45.72186829149723 0 20.62193606048822 0.6804156005382538 0.7114453613758087 0.5713208392262459 0.1100655198097229 7.212509900331497 4.570350371301174 101.0582450032234 17.80256247520447 0 19.91523765027523 11.81452575325966 24.71443574875593 30.99372314661741 9.315250612795353 0.621777132153511 1344.860721006989 1.863432660698891 45.31333361566067 4.01544926315546 0.1012808904051781 0.591178685426712 0.6893501952290535 0.6248946189880371 0 0.1187761202454567 0.2880925908684731 0 0.25795578956604 0.6497239321470261 0.1166015043854713 0.2043999657034874 1687.673822000623 8.76811283826828 0.8689955323934555 2.102125033736229 20.30611364543438 13.15935389697552 1.792637839913368 4.319718837738037 3.279493689537048 11.38132291287184 18.84419870376587 9.394738987088203 10.09081315994263 26.53108343482018 36.53081943839788 10.64477578550577 104.2653956562281 95.53424223512411 66.58218614012003 46.17120529711246 4.702813908457756 4.975004345178604 0 0.1052933111786842 0 0 0.1528172343969345 0 0 0 0 0 0 0 0 0.4334989786148071 0 0 0 22.286082431674 9.170011200010777 0 0.3864171802997589 0.1412678807973862 18.3485998660326 0.2278590872883797 38.09983469545841 1.208447471261024 1.907892733812332 0 0 0 1.117407567799091 1.86791817843914 0.5685394704341888 0 2.558093644678593 7.568830631673336 0 0.1796736419200897 0.1467806100845337 0 0 0.2358167693018913 0.8910056501626968 0.08804117143154144 3.730701595544815 9.408829972147942 0 0.4446372836828232 0.7633386552333832 17.53271105140448 3.702455587685108 0.5954924821853638 0.4227759093046188 0 0 0 0 0 0.1671479195356369 194.8126296177506 1.475722059607506 0 0 0 42.23080425709486 2.295040428638458 10.3146542981267 6.059329323470592 9.44990161806345 9.525581568479538 5.029341548681259 6.522082723677158 0.2403988465666771 0 0 0 0 0 0 0 80.80312688648701 16.83679579943419 9.409987613558769 197.0857390910387 5.73444078117609 63.30398354679346 9.371630154550076 155.6250349506736 19.20372708886862 0.269419327378273 26.43855799734592 82.61832945793867 0.7356025502085686 22.45483370870352 0.373067781329155 168.4553372114897 2.108609311282635 0 4.787345394492149 3.154283702373505 0.1297663897275925
235.7676618620753 729.0816370770335 12.60471215844154 1202.654075846076 573.7873072698712 81.54615171253681 4206.281664378941 9.626490511000156 1186.205742031336 3888.823758803308 112.985002271831 1832.788516394794 0 1992.815295934677 20.52112752944231 41.03157405555248 1.353097796440125 0.7610735297203064 0.1652246117591858 1.950860068202019 2.981081634759903 0.8584387451410294 2.420376762747765 1.768857508897781 0.5664538890123367 0.4617803990840912 2.87070456892252 0.2752445042133331 0 0.3940029591321945 15.34368067234755 15.66530577838421 1041.733965463936 0.5020036995410919 3.392557621002197 2.41744451969862 625.540877148509 134.1819856464863 3.338659562170506 3.212209828197956 0.2542809620499611 0.6463176682591438 1.947666332125664 6.577959522604942 1.21909011900425 3.238844312727451 43.98239021003246 4.000556215643883 0.5670156478881836 2.578286580741405 0 0.3175970315933228 0.6368690729141235 0.2616471946239471 5.807499282062054 4.540873743593693 27.57144965976477 60.97297298163176 17.14296501874924 21.87028410285711 4.486056827008724 117.9249618723989 0.6087362691760063 54.16016606241465 4.781815201044083 1.315106734633446 2.038000360131264 1.677868373692036 15.67113566398621 5.488060437142849 144.2668010145426 53.15236320346594 0 78.18313521891832 47.62331684678793 78.70169693231583 98.47958880662918 26.38155077397823 2.07321073114872 463.1325710788369 4.744207344949245 139.9870229363441 17.64758035540581 0.7052230983972549 2.050777062773705 4.188041359186172 3.236769504845142 0.2849732860922813 1.151320911943913 0.3402361422777176 0.1229531690478325 0.2600390166044235 1.019616179168224 0.3689757138490677 0.1025428026914597 2133.472035378218 16.311418145895 0.2041321396827698 3.008525490760803 27.42454551905394 11.28731778264046 0.7744813561439514 6.729096628725529 2.603281125426292 16.30496829748154 28.70580890029669 6.725271329283714 9.612080089747906 34.13852804899216 32.73035108298063 11.47723255306482 100.6800267025828 99.37195435911417 66.08642663806677 47.88827036321163 5.330929227173328 4.89557121694088 0 1.785030588507652 0 0 0.2254799455404282 0 0 0 0.1343275010585785 0.3963036835193634 0.232393890619278 0 0 0 0 0.2877509891986847 0 17.48334933072329 7.623849131166935 0.3853188157081604 0 0 28.30643459409475 0.3101688027381897 67.73332615941763 2.968017086386681 1.420253068208694 0.1666233986616135 0.5131896138191223 0 0.610877700150013 3.262911230325699 0.8384188115596771 0 2.194112583994865 9.346560321748257 0 0.456074595451355 0 0.6083884984254837 0.286442257463932 0.1114397719502449 1.576768293976784 0.08583948761224747 1.694872051477432 8.34489431232214 0.1266997754573822 0.678595244884491 1.979838758707047 23.82086026668549 5.401582345366478 0.6522102132439613 0.3434485718607903 0 0.09695258736610413 0 0 0 0.346838116645813 248.7410407066345 3.956929787993431 0 0 0 43.0246783643961 3.814492583274841 16.91038981080055 7.189619362354279 8.339395202696323 13.4784737303853 8.002817817032337 10.95700080692768 0.2800403088331223 0 0 0 0 0 0 0 95.80572613328695 33.55928847938776 20.92373652011156 446.0315142720938 19.09226895868778 205.5038068294525 35.28437665849924 297.8561993986368 63.14741691201925 4.080642871558666 71.70241924375296 82.33707612007856 0.8328182250261307 24.28288822621107 0.6168318837881088 151.9349090456963 2.725838378071785 0 5.982177682220936 2.298430629074574 0.7519953846931458
