0 3114.745092220604 623.2058882191777 533.4986601695418 327.0077786743641 284.084794446826 970.0683634951711 27.46133054792881 52.63687842339277 1830.820203080773 268.2427670657635 75.46900527179241 292.9624070376158 137.5718540549278 0.2914959490299225 0 0 0 0 0.1069439575076103 0 0 0 0 0 0 0 0 0 0 760.5059206113219 11.79589669406414 13.86343085765839 0 0.1802802383899689 0 3.196520581841469 0 0.1676741242408752 0 0 0 0.1201870813965797 0 0.2232814729213715 0 24.9341309517622 5.271801076829433 0 0 0 0 0 0 10.52791557461023 11.09036219865084 235.1843930259347 1108.249707944691 58.13260974735022 8.166082218289375 0 0 0 47.55822312831879 7.584682457149029 2.291602753102779 0.1021783277392387 0.5184119939804077 0.1132588461041451 0.7546486780047417 10.13142049312592 13.80925077199936 0.3563178479671478 109.6127955764532 21.17287009209394 24.69143041968346 3.263533622026443 0.6085202693939209 1.704440593719482 83.9629000723362 0.9319050535559654 1.963763996958733 26.2971793487668 0.259725958108902 4.507597148418427 1.698066264390945 2.105126790702343 0.3568729609251022 0 0.4808914363384247 0 0 0.2429042458534241 0 0 83.84773194789886 1.165935307741165 0.3553132712841034 1.070377483963966 1189.493460208178 0 0.6052145063877106 3.388269767165184 1.257031366229057 2.214872747659683 9.116713285446167 1.512564435601234 10.5613827034831 25.81584720313549 4.863033905625343 1.359894245862961 11.24890311807394 4.70450846850872 4.945670120418072 0.3630317151546478 0 0 0 0 0 0 0 0 0 0 0 0 0 0 0 0 0 0 0 0 0 0.1355436742305756 0.3584037125110626 0 1.48575247079134 0.1219179257750511 1.225874230265617 0 0 0 0 0 0 0 0 0 0 0.1904311627149582 0 0 0 0 0 0.1175782009959221 0 0 0 0 0 0.4272209405899048 1.333962738513947 0.2125484049320221 0.2045469433069229 0.2895557284355164 0 0 0 0 0 0 0 0.9363428950309753 0 0 0 0 0.2876784205436707 1.303825110197067 0.4072857797145844 0.5875455811619759 0.1023244708776474 0 0.7808705419301987 0 0 0.156750813126564 0 0 0 0 0 0 0.6545371562242508 0 1.659287691116333 23.64415252953768 13.53176411241293 97.66783341765404 28.30967130511999 1490.970120154321 91.56703037768602 8.23284374922514 10.20708331465721 0.3187858611345291 0 3.894678622484207 4.064507633447647 8.688673108816147 0.7626224532723427 0.3127575218677521 0.2731469497084618 0.1913507282733917 0
3114.745092220604 0 1033.010795995593 426.0485400557518 2506.46584353596 932.6732367575169 5221.684403628111 86.99974875897169 938.5495739653707 1291.60261297971 877.7088419348001 75.49217467755079 748.6894556134939 653.1705272570252 3.244119644165039 0.1191261112689972 0.2304399609565735 0.2111106887459755 0 0.2129294350743294 0.1082495301961899 0 0 0.1174885854125023 0 0.2253353893756866 0 0 0 0.1658902019262314 1586.26564591378 60.04015197604895 35.88782265782356 0 0.2332029715180397 0.08591391146183014 10.20942157506943 0.08848096430301666 2.572418376803398 0.1438636183738708 0.134060800075531 0.2012627646327019 0.2062822580337524 0.3005271553993225 0.1130266413092613 0.3806284368038177 91.53207521885633 12.79302814602852 0.3547972217202187 0.5056577995419502 0.2974171712994576 0 0 0 23.50180990248919 21.9666785299778 146.9474272876978 1255.72580486536 82.11385368555784 28.91985368728638 0.5936918407678604 1.044906295835972 0 127.1118022277951 16.08332255482674 4.47417750954628 2.672726504504681 1.112411044538021 0.372363418340683 1.645739763975143 29.8314596042037 1.943511039018631 0 189.7006415948272 70.72467926889658 94.38556537777185 14.61920756846666 1.663387045264244 5.758148469030857 102.2088751122355 2.26104187220335 6.022678591310978 47.24264443665743 0.1146521717309952 10.07214622944593 3.740177966654301 4.483694300055504 0.1792502105236053 0.3763554319739342 0 0 0 0.3312997817993164 0 0.2538976669311523 102.2745566666126 2.479734465479851 0 0.8116306364536285 888.4500905051827 0.526021346449852 3.976193889975548 9.661392204463482 3.115134537220001 5.96258656680584 23.1791825145483 1.132728889584541 30.17718456685543 14.68266862630844 15.52461341768503 5.400094017386436 32.93470764160156 18.59921549260616 16.3209575265646 8.110322289168835 0 0 0 0 0 0 0 0 0 0 0 0 0 0 0 0 0 0 0 1.45681257545948 1.420384645462036 0 0.6350931823253632 0 2.486908629536629 0.300096333026886 2.271342784166336 0.3855097591876984 0.2117431610822678 0 0 0 0 0 0 0 0.4063164293766022 2.982903055846691 0 0.1686911731958389 0 0 0 0.6416508182883263 0 0 1.117696315050125 0.387655034661293 0.1600167453289032 2.06585168838501 2.18823654204607 7.871912755072117 0 0 0 0 0 0 0 0 0 19.53045162558556 0.5914220809936523 0 0 0 8.753031529486179 6.652900144457817 7.564225792884827 1.329029478132725 0.7709798812866211 0.3702207058668137 0.2068083733320236 0.1485350877046585 0 0.458748385310173 0 0 0 0 0 0.1148563250899315 5.089043855667114 4.219201996922493 0.5913908332586288 101.926053866744 35.42855747044086 259.3147739246488 63.74375066161156 1958.986470326781 113.2786767482758 11.8315756842494 42.49876449257135 6.288087196648121 0.379411906003952 9.671829402446747 6.172170177102089 16.76393517106771 1.27900093793869 0.5276659354567528 1.041115656495094 0.4210348129272461 0
623.2058882191777 1033.010795995593 0 22.49709129333496 622.4665876850486 61.55907951295376 277.1627726107836 1778.731985352933 1308.513964548707 70.64352959394455 4651.189826071262 141.757325693965 261.0099852308631 1130.679959118366 11.30872003734112 4.116580203175545 3.504876978695393 0 0 2.902859732508659 6.262314654886723 0 3.595784388482571 0.4256530255079269 2.355078883469105 2.331780470907688 6.373490758240223 0.4791056886315346 0.2894261106848717 0.849912703037262 5051.278383329511 208.6860125660896 105.6101461350918 1.91944757848978 5.202406004071236 1.516983479261398 11.96800136566162 0.1354634165763855 2.02364818751812 1.000830933451653 13.92102970927954 1.666861496865749 1.423732623457909 2.79145085811615 1.171425968408585 2.493300557136536 78.01719127595425 8.059215717017651 1.470268577337265 1.698425821959972 0.1085064709186554 0.4656465426087379 0.1337911337614059 1.153730362653732 9.90228158980608 10.8401495590806 77.51796060055494 1592.886621050537 52.95283368229866 13.02231662720442 7.926628194749355 13.69838061183691 0.6982996836304665 292.7509220540524 7.79991814494133 2.708223395049572 1.101721428334713 0.7005519717931747 2.247354097664356 31.31816947460175 19.72808511555195 2.596747800707817 0.09975334256887436 103.4313957616687 74.88517835736275 68.11441832780838 34.31122890114784 9.489961385726929 204.1011453866959 2206.141829073429 6.627464830875397 440.0137007459998 26.79770117998123 0 4.212541341781616 2.07234375923872 4.325499258935452 0 0.5549792796373367 0.1615379154682159 0.1937811970710754 0.1215832158923149 9.643722422420979 2.979192465543747 0.5738778412342072 21.05236131697893 9.228857189416885 0.137159675359726 1.343095153570175 128.1867059469223 0 0.3816276490688324 1.682698130607605 0 1.357995726168156 6.42834335565567 0 5.212118610739708 0.8311812728643417 2.87064291536808 0.9423169940710068 9.101379185914993 6.988798819482327 8.544737964868546 3.9763323366642 0.1445610076189041 0 0.1313098073005676 0 0 0 0.1003983914852142 0 0.1395055949687958 0.2387764155864716 0.09721732139587402 0 0.1144985854625702 0 0.1290084272623062 0 0 0.08779033273458481 0 1.051563963294029 0.523118183016777 0 1.359424524009228 0.1167702227830887 4.244816780090332 0.6212747395038605 1.366394862532616 0.9235317185521126 1.046120643615723 0.2531185820698738 0 0.1339320242404938 0.1592738926410675 0 0.3487097546458244 0 0.3215143084526062 0.5866013318300247 0 0 0 0.2074994966387749 0.2574761807918549 0 0.26062873005867 0 0.5816615447402 0 0 1.35030522942543 1.391861140727997 4.189481444656849 0 0 0.1792119592428207 0 0 0.08448386937379837 0 0 0 2.110376693308353 0 0 0 0 3.845867708325386 4.725369483232498 3.85302010178566 0.1102938055992126 0.7387655377388 2.235044002532959 0 0.1310866922140121 0 0 0 0.09846543520689011 0 0 0 0 1.073718160390854 2.107794642448425 3.321273304522038 106.8915860801935 23.50592287629843 204.0969302356243 40.06076925992966 430.6997259631753 69.00129179656506 7.186819702386856 48.82459051907063 5.801962502300739 0.5037805065512657 4.256958529353142 3.50259979814291 4.307783588767052 0.8376544415950775 0.368496410548687 1.605404958128929 0.7203803509473801 0
533.4986601695418 426.0485400557518 22.49709129333496 0 10.13386999070644 189.9297910481691 541.8019650802016 0.1557515263557434 52.10598096251488 1534.046460360289 7.10820858925581 27.09470355510712 734.5928284823895 33.32010507583618 0 0 0 0 0 0 0 0 0 0 0 0 0 0 0 0 25.08426591008902 1.037838444113731 0.4567703902721405 0 0 0 0 0 0.139897957444191 0 0 0 0 0 0 0 2.695145882666111 0.1502362042665482 0 0 0 0 0 0 0.9565552398562431 0.8003125712275505 5.581918694078922 36.38912942260504 3.190002717077732 0.1194113716483116 0 0 0 2.214360646903515 0.280080609023571 0.176262155175209 0 0 0 0 0 0 0 3.547888092696667 0.6816557869315147 1.679153136909008 0.6439033150672913 0 0.3582354336977005 0.5954200550913811 0 0.1512823104858398 1.555515430867672 0 0.2294255197048187 0 0.1101591289043427 0 0.1587269604206085 0 0 0 0 0 0 14.52099946141243 0.1221268624067307 0 0 47.37092658877373 0 0 0.7749879509210587 0 0.3596656024456024 1.999863788485527 0.1700379401445389 1.862738370895386 43.11463639140129 2.701905697584152 0.149086594581604 1.06310011446476 1.279144763946533 0.807883232831955 1.407874464988708 0 0 0 0 0 0 0 0 0 0 0 0 0 0 0 0 0 0 0 0 0 0 0 0 0 0 0 0 0 0 0 0 0 0 0 0 0 0 0 0 0 0 0 0 0.1780055165290833 0 0 0.1911288350820541 0 0.5511342287063599 0 0.4111872613430023 0.2976776361465454 0 0 0 0 0 0 0 0 0.544980525970459 0 0 0 0 0 0 0 0.1881039887666702 0 0 0 0 0 0 0 0 0 0 0 0 0 0 0 1.708596952259541 0.2636993527412415 9.282474383711815 1.543199792504311 148.9397664666176 5.124876171350479 0.3475182503461838 1.377137333154678 0 0 0.719957023859024 0.2125290632247925 1.771670371294022 0 0 0 0 0
327.0077786743641 2506.46584353596 622.4665876850486 10.13386999070644 0 19.09362117946148 2580.237296894193 27.70222084969282 4735.474779196084 36.59241944551468 637.5913383364677 26.54346756637096 1413.447413668036 2569.005170561373 7.17858525365591 0.3778693452477455 0.3663088381290436 0.2128321304917336 0 0.2054579481482506 0 0 0 0 0 0.5726641714572906 0 0.2010981738567352 0 0 337.53257086128 50.94151382148266 20.99558544158936 0.1196114048361778 0 0.1270973235368729 7.356220066547394 0 0.4573078528046608 0.108840711414814 0.281884528696537 0 0.2057789787650108 0 0 0.1137289330363274 70.1705966591835 7.037000238895416 0.1783293485641479 0.1527886688709259 0.2732130140066147 0.1861813068389893 0 0 8.564376533031464 7.540130458772182 27.72867704927921 157.4893152564764 26.5399447530508 17.18844471126795 0.126565545797348 1.876668244600296 0 63.10480221360922 6.679760158061981 2.259052015841007 0.8503318876028061 0.5303418859839439 0.1082053408026695 1.002777613699436 30.72708139568567 0.6400618553161621 0 54.73598907142878 34.51448523253202 63.87121634185314 17.80592399090528 1.250287458300591 2.35015445202589 18.34492499381304 0.5360467508435249 2.548020839691162 17.48623687028885 0.1332398653030396 3.55021870881319 1.431648120284081 2.570676669478416 0 0.4964711219072342 0.1553160548210144 0 0 0.2332130894064903 0.2116977944970131 0.1322110444307327 34.04007761925459 3.645768642425537 0 0 21.03010568022728 0.1468833535909653 0.4347832724452019 3.414835676550865 1.330127879977226 6.071585789322853 18.53235134482384 0.3080621063709259 21.19033545255661 5.483298629522324 10.39115852117538 3.561887890100479 26.01223807781935 14.86352887749672 16.10121697187424 12.22058476507664 0.09783081710338593 1.021980464458466 0 0.3318533301353455 0 0 0 0 0 0 0 0 0 0 0 0 0 0.3851779699325562 0 1.336115218698978 1.633054047822952 0 0 0 3.540548428893089 0 2.756447687745094 0.1072169095277786 0 0 0.09343425184488297 0 0.2938057482242584 0 0.6996424794197083 0.1276973634958267 0.6401459872722626 1.552815094590187 0 0.2150473594665527 0 0 0.1128687784075737 0.4050542712211609 0.2147455662488937 0 0.2188761606812477 0.6117520779371262 0 0.3540408313274384 1.173004910349846 6.009897008538246 0 0.2517455220222473 0.380933403968811 0 0 0 0 0 0 21.46764478087425 0 0.7314956188201904 0 0 7.112527519464493 12.64131833612919 9.726937741041183 1.015106111764908 0.4664722383022308 1.734273076057434 0.2471873164176941 0.4270892739295959 0.1235535144805908 0.09290000051259995 0 0 0 0 0 0 6.929295420646667 3.587995260953903 1.474127367138863 108.505740493536 24.44100065529346 156.6740160211921 34.88098408281803 201.0068748891354 44.36037939786911 5.50448352843523 40.60255492478609 7.048722572624683 0.3950437754392624 8.903350561857224 3.763492256402969 4.858979761600494 0.7780522406101227 0.1262450367212296 0.7252125889062881 0.4088600277900696 0.4180120527744293
284.084794446826 932.6732367575169 61.55907951295376 189.9297910481691 19.09362117946148 0 273.0620240718126 1.856805503368378 56.26926838606596 1224.710559174418 24.05154113471508 324.6151193976402 490.9869286566973 40.30250327289104 0.3901377320289612 0.139815092086792 0 0 0 0 0 1.310104697942734 0 0 0 0 0 0 0 0 81.68073105812073 1.206009432673454 40.93954552710056 0 0 0 17.25688734650612 0 0.4328760057687759 0 0 0 0 0 0.1442730128765106 0 2.174706161022186 0.5401357561349869 0 0 0 2.914586156606674 0.1925192624330521 0 0.3324676156044006 2.133450604975224 151.8485588431358 127.9561302140355 5.685565657913685 0.2135908156633377 0 2.48719322681427 0 3.499073922634125 0.4294077530503273 0.6860141530632973 0 0.2783984541893005 0 0 139.2803947478533 259.7257272601128 9.482450440526009 8.271337702870369 0.8985859006643295 1.503905408084393 0 0.3164036273956299 0 10.96905124187469 0 2.476979643106461 1.883312739431858 2.081813648343086 0.1548463553190231 1.41027907282114 0.1451889425516129 14.00794744491577 6.897367514669895 10.35339230298996 0.6483739614486694 1.909617945551872 0 0 0 311.8909571319818 13.99413359165192 8.431246429681778 5.443078801035881 607.2608438283205 0 0 0.9305909276008606 0 0.2371058017015457 0.1826255172491074 0 1.128890782594681 8.241487294435501 0 0 0.8076716661453247 1.972734600305557 0.883177638053894 0.7833008170127869 0.1482623964548111 0 0 0 0 0 0 0 0 0 0 0 0.5039143562316895 0 0 0 0 0 0 0 0.1481788605451584 0 0.376096785068512 0 5.35916693508625 1.526223912835121 4.516351446509361 1.22901539504528 0.4961865246295929 0 0 0 0 0 0 0 0 0 0 0 0 0 0 0 0 0 0 0 0 0 0.3656630516052246 3.698253452777863 0 0 0 0 0 0.1403645277023315 0 0 0 2.210153236985207 9.007930278778076 0 0 0 0.284828394651413 0.3456267118453979 1.085378468036652 0 0 0 0 0 0 0 0 0 0 0 0 0 0 2.629463389515877 5.128302916884422 1.397709101438522 1.050874784588814 8.347857013344765 3.781976252794266 627.4861141741276 9.413574777543545 1.27414882183075 1.40951481461525 0.9365682899951935 0 0.6980444937944412 0.4118009656667709 1.070254862308502 0.2336062788963318 0 0 0 0
970.0683634951711 5221.684403628111 277.1627726107836 541.8019650802016 2580.237296894193 273.0620240718126 0 17.71841014176607 407.435195595026 1365.433557569981 111.0750699415803 37.81468043476343 1620.466345950961 1071.343802325428 22.65486390888691 2.370237305760384 0.5946461856365204 0 0.2490187510848045 0.9646667465567589 0.8371205925941467 0 0.1245726123452187 0.1124634817242622 0.1146782040596008 2.449088618159294 0 0.5872982367873192 1.469281688332558 0.3893823549151421 585.9531880542636 130.3600471317768 119.4011385887861 0 0.1074930354952812 0.1625863760709763 48.7825655117631 0.5471185892820358 1.98649737983942 0.09799995273351669 1.385447166860104 0.7694610804319382 0.3646746426820755 1.027414180338383 0.1838409677147865 0.09075987339019775 249.2668134868145 22.61434669047594 0.4327777698636055 0.7065872624516487 0.4822684302926064 0.1705839037895203 0.1239741444587708 0.141612634062767 24.87039125710726 27.46101278066635 83.51692904531956 406.5472781211138 86.62858528643847 43.10695443302393 0.9817313253879547 4.35313057154417 0 187.3828847706318 20.50672847032547 6.949857525527477 2.144064575433731 1.050894521176815 1.182029977440834 4.22196938097477 219.6886450797319 12.47422045469284 0 198.4524248167872 90.54418354481459 200.2623015195131 54.7088947147131 5.424744725227356 6.456253424286842 43.18610071390867 3.436254136264324 12.92734772711992 58.08107689023018 0.2757803425192833 15.05644167214632 5.607200741767883 9.955154597759247 0.5131641179323196 0.5044269189238548 0.2260170876979828 0.5267044305801392 0.2090062648057938 1.486876137554646 0.6092476770281792 0.2323969081044197 461.8198807686567 59.74647498130798 0 8.331766702234745 75.2477700561285 2.750987574458122 3.844701953232288 43.32816694676876 7.091659262776375 33.04691574722528 148.0672418102622 3.648714050650597 160.9994515702128 35.99137874692678 71.19665634632111 42.04490497708321 232.4404106363654 154.2207429111004 122.6316639631987 80.78516647219658 1.742661021649837 0.594346895813942 0 1.255484864115715 0 0 0 0 0 0 0 0 0.2834818959236145 0 0.1595300883054733 0 0 0 0 8.218849465250969 22.50868084281683 0 3.378137156367302 0 23.24661442637444 3.895947724580765 25.25318624079227 1.952485851943493 1.628002911806107 0 0 0 1.120721191167831 0.4281073808670044 0.6017065197229385 0 2.632196314632893 10.04575983434916 0.5617422237992287 0 0 0.3654992878437042 0.2692155539989471 1.822304807603359 1.855532571673393 0 3.373918585479259 1.73085930198431 0.5520022213459015 9.295224562287331 12.35340060293674 54.67167019844055 0.7465225011110306 1.166639417409897 2.66514240950346 0.2434729188680649 0.115896612405777 0.1525553315877914 0 0.3073541820049286 0.3475136607885361 168.0362351685762 4.047780230641365 0 0.2541984915733337 0 53.7754243016243 66.05605694651604 61.88946794718504 9.564616620540619 3.561755135655403 5.202208422124386 0.7126657590270042 1.851099647581577 0 0.1237504631280899 0 0 0 0 0.1663820743560791 0 51.42870733141899 40.71825107932091 17.03123994916677 362.2109127789736 85.81253892928362 542.2667656764388 142.8052604049444 1046.024303853512 164.0111801475286 20.09573644399643 162.5746409669518 31.98971880227327 2.408473528921604 41.51530595868826 13.29196609556675 57.67152540385723 8.036299645900726 1.422365859150887 9.241357311606407 3.48376689851284 0.8421033471822739
27.46133054792881 86.99974875897169 1778.731985352933 0.1557515263557434 27.70222084969282 1.856805503368378 17.71841014176607 0 17.59034545719624 4.034715197980404 1436.462453387678 43.41766580194235 58.99460871517658 373.8061953336 27.85975985974073 11.89588773995638 10.43067763000727 2.016378082334995 0.5113467499613762 16.99357609450817 26.96372257918119 0.3934995159506798 9.259380951523781 1.780345946550369 3.843439482152462 4.984616100788116 7.931065820157528 1.885188557207584 0.5070735365152359 2.361305430531502 1654.011517353356 1045.756464034319 37.69222417473793 4.842789947986603 12.15048643946648 7.593711011111736 6.69963127374649 2.184680432081223 5.567131862044334 2.210706524550915 36.06075514107943 6.466210268437862 5.808759242296219 8.429149582982063 5.346163794398308 9.665794745087624 99.56117112189531 7.544795401394367 2.330265671014786 9.728506170213223 0.3730538487434387 0.8332794830203056 0.4033837914466858 2.330835476517677 5.844730958342552 4.539185427129269 40.52456063777208 458.8282510265708 23.28445012867451 12.92519219964743 78.09014336019754 23.81167281419039 0.9208339303731918 512.2586715742946 3.883570708334446 4.823025330901146 2.091560579836369 3.695870198309422 10.14363875240088 127.3740287795663 1.713562920689583 0.8442118316888809 0.4186516106128693 61.39764619618654 132.5287024006248 97.66633754968643 174.683593057096 123.5724400505424 1028.334460511804 1592.24682059139 181.0819625407457 1795.562306091189 14.77259509265423 0 2.930402651429176 1.039420463144779 6.893441118299961 0 0.7676079794764519 0 0.784514456987381 0.1175884380936623 26.87111340463161 4.615635223686695 2.111899122595787 2.981177255511284 2.020604446530342 0 3.609269440174103 6.190991543233395 0 0.09565487504005432 0.5848230123519897 0 0 1.188685953617096 0 0.6984274387359619 0 0.4453227818012238 0 0.3016063868999481 0.08067341148853302 0.1796925812959671 0.9891301542520523 0.1034809350967407 0 0 0 0 0 0.2854140251874924 0 0 0 0.1139664426445961 0 1.224029019474983 0 0.2570144757628441 0.2719912603497505 1.185691155493259 0.1432539522647858 0.1204467937350273 0.09038959443569183 0.2566179409623146 0.1458333432674408 0.4326513409614563 0 1.113467074930668 1.121391817927361 1.445942655205727 3.564593225717545 2.28704833984375 0.3550638109445572 0.4193664044141769 0.2684312015771866 0 0 0.1551903486251831 0.1242808327078819 0 0.4326117336750031 0 0.31248988956213 0.1714614480733871 0.2829132527112961 1.167536407709122 0 0 0 0.231375627219677 0.7145892530679703 0 0.7016707807779312 1.384258821606636 0.9786481261253357 0.1022286415100098 0 0 0 0 0 0.2295873165130615 0 0.492294505238533 0.7233418822288513 0 0.1408969014883041 0 0.1194325461983681 0.7142482027411461 0.3728406131267548 1.357144340872765 0.09394171833992004 0.4393531084060669 0 0 0 0 0 0 0 0 0 0 0.1112393289804459 0.2116830497980118 0.5444861426949501 2.795290157198906 97.33938993513584 22.48492901772261 179.3301118686795 38.04036611318588 75.88019286841154 36.61781298369169 3.943603493273258 45.21822961419821 3.857578299939632 0.290084108710289 2.452113412320614 2.008080638945103 0.1213616877794266 0.2545536160469055 0.17746601998806 0.3553994446992874 1.753167003393173 0.1879434436559677
52.63687842339277 938.5495739653707 1308.513964548707 52.10598096251488 4735.474779196084 56.26926838606596 407.435195595026 17.59034545719624 0 449.7586738914251 1802.26588152349 54.87883295863867 2876.759870834649 3922.711643852293 59.3195798844099 10.17170272022486 2.300534151494503 0.4016118422150612 0.2267685905098915 1.395874820649624 1.922386653721333 0.1786195337772369 1.303239643573761 0.1826854646205902 0 4.407346092164516 0.5672665685415268 1.580069899559021 1.373152770102024 0.1131540834903717 248.2966496124864 116.6069275066257 78.16143909096718 0.4896722286939621 0.6719723492860794 0.3752568513154984 35.32534465938807 0.4524739682674408 1.311215855181217 1.206728167831898 1.816756770014763 0.9683981537818909 0.3557159900665283 1.866446882486343 0.1960216388106346 0.5850508436560631 297.5174670740962 11.74856051802635 0.3614961802959442 0.7781798616051674 0.5912671089172363 0.3000264018774033 0 0.8464764878153801 12.08373532444239 13.53057084977627 38.97687667608261 134.7928195521235 43.25356560200453 40.68345431983471 1.642955012619495 3.019706644117832 0 134.3082666322589 10.15149137377739 5.22601530700922 1.621247157454491 1.936694927513599 1.003917261958122 6.30104611068964 126.3850523903966 9.849103547632694 0.2955682128667831 88.73490280658007 71.92750111967325 231.9735730811954 143.9466875120997 14.16981776803732 7.558933839201927 30.35649544745684 3.050995945930481 25.62470734864473 28.8094068095088 0.3407103046774864 6.480739533901215 4.085174791514874 5.423051290214062 0 0.8137159794569016 0 0.1071863248944283 0.1250281631946564 3.489783398807049 0.774294301867485 0.6919604688882828 550.7247222810984 24.06243491172791 0 2.269532799720764 25.76492087543011 3.366047739982605 3.048764109611511 47.86731853336096 7.890818402171135 34.93211947381496 156.2078564763069 1.533101171255112 179.5565983429551 38.92108332365751 71.06098655611277 48.19352572411299 284.4990396946669 190.3818897902966 167.0358657464385 78.13786453008652 1.409308850765228 0.7415866404771805 0 0.7574499249458313 0 0 0.09612327069044113 0 0 0 0 0 0.2215708643198013 0 0.102128267288208 0.4671667516231537 0 0.1054825261235237 0 5.422235392034054 15.3900823444128 0 0.5717657431960106 0.2286366671323776 29.04795873165131 5.058825008571148 16.40655050426722 2.668500669300556 1.243537716567516 0 0 0 0.5764275938272476 0.3109733313322067 1.033774763345718 0 2.493280544877052 13.67293769866228 0 0.09327909350395203 0 0 0.1064614802598953 1.758729420602322 0.6613063514232635 0.2102576270699501 1.848569937050343 2.554193578660488 1.015178427100182 4.530805438756943 6.984142631292343 54.92444113641977 0.5140855461359024 0.524644747376442 1.598726145923138 0.1446986049413681 0 0.2771697044372559 0 0 0.4163689464330673 206.1777227148414 2.223990052938461 0.2501406073570251 0.1743523627519608 0.3926324099302292 51.61945797502995 55.11148507893085 55.38120803236961 5.585590906441212 4.87772025167942 4.119347654283047 1.992040887475014 0.2418268695473671 0.391907162964344 0.1757795512676239 0 0 0 0 0.6638721525669098 0.1875360608100891 76.43035061657429 58.87865685671568 18.05202855169773 649.4772414788604 101.0003684163094 641.9917721897364 176.1974124461412 413.7989615350962 139.8504248484969 17.8931428194046 276.5480588823557 45.61143609881401 2.53539665043354 34.51803104579449 9.447785094380379 54.56415386497974 8.297478154301643 2.111250802874565 9.557171255350113 8.265641167759895 1.403659135103226
1830.820203080773 1291.60261297971 70.64352959394455 1534.046460360289 36.59241944551468 1224.710559174418 1365.433557569981 4.034715197980404 449.7586738914251 0 23.87249167263508 762.3802144154906 6063.597775869071 111.3449598774314 2.144077703356743 0.4168789833784103 0.1085026413202286 0 0 0.1166592836380005 0 0 0 0 0 0.1832314133644104 0 0.1721007376909256 0 0 140.1519291400909 19.95685568451881 42.51474687457085 0 0 0 17.39912770688534 0 0.462046854197979 0 0.1381940394639969 0.2607663050293922 0 0 0.09539595246315002 0 27.80081156641245 2.335190556943417 0.07346086204051971 0.2025948688387871 0.1240287274122238 0.1598253548145294 0 0 4.845413915812969 4.867155097424984 64.15988851338625 193.5981500893831 21.11544388532639 5.413692288100719 0 0.2433415204286575 0 35.3806631937623 3.582590080797672 0.9617917463183403 0.406957283616066 0 0 0.5535150319337845 106.7609473466873 9.263888761401176 0.3753909766674042 36.87530265003443 10.25662533193827 19.72860188782215 5.654079280793667 1.220366552472115 2.016708977520466 18.6474435031414 0.3427092283964157 1.552171006798744 10.11450162529945 0.2475861310958862 1.16090977191925 0.3720259889960289 1.334745801985264 0 0.2340714558959007 0 0 0 0.1482474207878113 0 0.157670795917511 1260.724078461528 30.82454853504896 0 0.9086351990699768 788.097480751574 3.160944700241089 12.6363068819046 58.99621963500977 23.05671929568052 41.93619637191296 215.3077850192785 12.90813753008842 197.5163571387529 97.37979826331139 128.890066370368 34.90638166666031 290.4969204217196 157.9381478130817 178.7095507383347 46.89939047396183 0.5346128717064857 0 0 0 0 0 0 0 0 0 0.1156743317842484 0 0 0 0 0 0 0 0 13.46735771745443 10.33051094412804 0 2.79517225921154 0 14.34978638589382 3.982648015022278 11.98435308784246 1.883372187614441 0.8082396984100342 0 0 0 0.8076780438423157 0.7054076790809631 0.6439593285322189 0 1.835369773209095 7.625989824533463 0.2247202545404434 0 0.09677610546350479 0 0 1.022917561233044 0.928546130657196 0.1181685477495193 2.88682647049427 0.9921631142497063 0.7763576507568359 6.259528979659081 6.515048339962959 26.55948071926832 0.4060965105891228 0.4445043802261353 0.9677864536643028 0 0 0 0 0 0.3666534721851349 84.28543424606323 0 0 0.162687286734581 0 34.02892123162746 40.13356301188469 27.35925850272179 5.66950623691082 6.927311755716801 3.482380069792271 1.326898992061615 0.865477129817009 0.4787400737404823 0 0.3966177105903625 0 0 0 0 0 59.40147891640663 17.17224642634392 6.104336328804493 48.21442331373692 10.97028080374002 73.68331335484982 18.72000298649073 1551.535034939647 32.83898487687111 3.015549190342426 19.92888806015253 8.619235217571259 0.7658736333250999 19.26224612444639 4.868225909769535 87.50849950313568 6.064749822020531 0.6509712785482407 1.776011675596237 1.532677553594112 0.1829810738563538
268.2427670657635 877.7088419348001 4651.189826071262 7.10820858925581 637.5913383364677 24.05154113471508 111.0750699415803 1436.462453387678 1802.26588152349 23.87249167263508 0 708.7377631664276 2729.751808285713 5705.905723251402 15.69181416928768 1.987007163465023 1.126217894256115 0.3825515434145927 0.11284139752388 0.3174726665019989 0.9832143038511276 0 0.7001377940177917 0 0.4401831477880478 0.7673305422067642 0.8248200565576553 0.7222565039992332 0.2914886027574539 0 1255.266569785774 100.5769163370132 91.61378511041403 0.1229899600148201 0.2792085558176041 0.2049662619829178 7.739747457206249 0 0.4346610382199287 0.2146842032670975 2.542171880602837 0.3613287210464478 0.6978432983160019 1.605510137975216 0.4220350384712219 0.7739295661449432 96.47021571546793 7.048500053584576 0.1567055881023407 0.5719434171915054 0.3479998260736465 0.1163585186004639 0 0.259132519364357 7.410043656826019 7.825629718601704 31.21022570133209 239.7088092342019 27.4533676803112 13.55145534127951 0.6024393811821938 1.232033833861351 0 88.46734645962715 7.776696532964706 2.237127915024757 1.423769444227219 0.6701731905341148 0.2769254222512245 5.196388646960258 23.42472884058952 1.057189047336578 0 61.43115575611591 46.39318001270294 87.84576971083879 42.75158376991749 6.956708081066608 39.16964465379715 673.878901809454 1.172760017216206 31.81031286716461 18.66747914254665 0 2.207773707807064 2.037434794008732 2.761436566710472 0 0.2437170296907425 0.2105148732662201 0 0 1.930341713130474 0.369217723608017 0.2217233553528786 93.72345088422298 5.87308132648468 0 2.208730116486549 49.21685202419758 0 0.4874564111232758 5.334545202553272 0.114570178091526 2.439047276973724 17.4321573972702 0.1913411915302277 15.37836164236069 3.467413917183876 7.872355699539185 3.724831864237785 28.64681376516819 21.00740747153759 22.95016434788704 8.514377951622009 0.1206661239266396 0 0 0.1716838181018829 0 0 0 0 0 0 0.1668001413345337 0 0 0 0 0 0 0 0 1.358655095100403 2.678177267313004 0 0 0 3.74644823372364 1.018395826220512 1.822291940450668 0.8207530528306961 0 0 0 0 0.2962982058525085 0 0.1760857552289963 0 2.741086721420288 1.279699712991714 0 0 0 0 0.09841115772724152 0.22923843562603 0 0 1.213643155992031 0.1096092611551285 0 0.6046984195709229 0.1645930558443069 7.38712602853775 0 0.1390663236379623 0.5763123035430908 0 0 0 0 0 0 14.74437238276005 0.6903243064880371 0.3106867671012878 0 0 5.713461458683014 5.93767386674881 6.664336785674095 0.6152187883853912 1.061562910676003 1.173287943005562 0.4169869720935822 0.2912424132227898 0 0 0.5624581575393677 0 0 0 0 0 6.699690029025078 5.21240209043026 3.087038077414036 185.2359936162829 31.05431640148163 216.2941764071584 43.91379404813051 202.6128082573414 49.17709811031818 5.82056525349617 79.88763727247715 13.33197291195393 0 11.09495372325182 3.742953553795815 6.677864752709866 0.2967665866017342 0.3161017373204231 1.121436759829521 1.23839558660984 0
75.46900527179241 75.49217467755079 141.757325693965 27.09470355510712 26.54346756637096 324.6151193976402 37.81468043476343 43.41766580194235 54.87883295863867 762.3802144154906 708.7377631664276 0 1072.081592865288 517.7260190695524 18.36698912829161 6.648256927728653 0.7544516772031784 0.2972361147403717 0.1470560133457184 0.6518241763114929 0.3440249562263489 0.1822154372930527 0.6163275241851807 0 0.9631473273038864 0.4497405365109444 1.624028727412224 1.564475081861019 0.1696262508630753 0 55.91240160912275 10.53219339251518 123.629713177681 0.4530013054609299 1.050386920571327 0 14.9025079458952 0 0.8449468016624451 0.1857908815145493 5.68239476531744 0.2134772017598152 0 1.836436212062836 0 0.2385987341403961 53.25226458907127 1.897657945752144 0.6589218974113464 0.2712842375040054 0.2060250043869019 0.3073036968708038 0 0.6918780356645584 0.8561269640922546 1.524897292256355 7.300921060144901 21.93435780704021 5.820730902254581 3.673830285668373 0.8512148186564445 2.08457824587822 0 19.83426100760698 1.048533104360104 0.5459867566823959 0.472412146627903 0 0.4683984741568565 8.315390005707741 37.79878263175488 24.12815870344639 0.5989343225955963 10.34365724772215 9.945930570363998 29.36332305520773 33.64899963140488 7.714302517473698 2.24019680172205 346.6190475896001 2.405726827681065 28.7756849899888 3.73262931406498 0 0.7353611811995506 0.2699672803282738 1.155685909092426 0.1910819411277771 0.2789415717124939 0.9408397376537323 0 0 1.158025935292244 0.5195907652378082 0.7517754510045052 1855.194457992911 25.69290025532246 0 0.8068410009145737 122.7349110767245 0.7784459441900253 1.466315984725952 16.02640724182129 2.283661037683487 15.46643839776516 74.498634763062 1.417976602911949 71.2512027323246 18.67879597842693 32.76293466985226 16.62461712956429 120.0946998000145 87.35381234437227 90.88709206879139 47.90343053638935 0.6378309205174446 0.6081033647060394 0 0 0 0 0 0 0 0 0 0 0 0 0.239782989025116 0 0 0 0 3.468839138746262 10.06741893291473 0 0.1617429107427597 0.1117445006966591 19.04417844861746 0.9162102192640305 10.11377869546413 0 0.1378367841243744 0 0 0 1.150921508669853 0 1.026340886950493 0 1.067605569958687 5.077699512243271 0 0 0 0 0.1272715926170349 0.9900230243802071 0.3486429750919342 0 0.7291051149368286 2.040098063647747 0.4653846621513367 0.4144608527421951 1.288199007511139 33.07001136243343 0.2822755053639412 0.5874942988157272 1.32347533851862 0.09926443547010422 0 0 0 0.2188081741333008 0.1861887723207474 115.6492058858275 1.736710846424103 0 0.4741902351379395 0.1484140902757645 23.89666917920113 27.84670849144459 27.65767669677734 2.471622057259083 2.253030195832253 1.979695960879326 0.4674139022827148 0.8878687471151352 0.3386128321290016 0 0 0 0.2111243903636932 0 0 0 45.86717833578587 50.39537985622883 10.23056669533253 205.8201814368367 17.88469272106886 136.9890341311693 32.77115017175674 280.9533371180296 27.52235458791256 3.027966231107712 89.06431403011084 14.03395389020443 1.504835732281208 14.19104409962893 2.343903936445713 20.17306856065989 3.093859948217869 0.4102076664566994 2.737776830792427 1.113728493452072 0.7960711717605591
292.9624070376158 748.6894556134939 261.0099852308631 734.5928284823895 1413.447413668036 490.9869286566973 1620.466345950961 58.99460871517658 2876.759870834649 6063.597775869071 2729.751808285713 1072.081592865288 0 3158.860709317029 82.95755305886269 20.53694376349449 3.526553757488728 0.9323359876871109 0.4513362571597099 2.592709302902222 2.575228616595268 0.2432941943407059 2.933248981833458 0.8396420776844025 1.588195621967316 4.583241611719131 2.982749827206135 2.634024403989315 2.699550218880177 0.3765635043382645 130.5278836414218 63.51829889416695 780.937320202589 0.305052638053894 2.270099505782127 1.640382900834084 60.63036134094 0.4090362414717674 4.946068920195103 0.9470720738172531 15.68302644789219 3.254065796732903 0 3.439319416880608 0.5417431741952896 1.21224881708622 262.9857822731137 10.19016913324594 2.620906732976437 0.683063417673111 1.514592736959457 1.385248966515064 0 2.730456329882145 9.275352843105793 11.22732754796743 32.17022771388292 79.81703988462687 29.65166302770376 28.72286222875118 2.777341268956661 21.17124786227942 0.2138955593109131 98.57578647881746 6.320759117603302 4.749315477907658 0.983337514102459 2.363626845180988 1.707149527966976 18.54824117571115 183.8200016245246 49.83612990379333 0.5233845859766006 65.58149981498718 52.74349912256002 186.3416456207633 167.7441542446613 33.47062253952026 52.61451897025108 623.179130576551 3.390240959823132 110.5873091444373 23.32621964812279 0 5.451284177601337 2.59048093855381 6.868398621678352 0.493708960711956 0.3209002465009689 0 0.7539362236857414 0.7877661287784576 6.325539760291576 3.001860700547695 1.228802479803562 3752.221982054412 109.92589597404 0 6.240890800952911 168.7746093347669 2.14351299405098 4.564922899007797 59.96170140057802 8.332659929990768 54.45317883789539 199.945503488183 4.004381403326988 211.2551743015647 55.60242255032063 89.49567790329456 55.96312677115202 376.1895662918687 268.7148191854358 218.6882345080376 131.0848503038287 2.580870389938354 1.023365288972855 0.1660403311252594 0.1733973324298859 0.2580500245094299 0 0.2475122287869453 0 0 0.1176723092794418 0.2335676178336143 0 0.4006038010120392 0.2166423946619034 0.3452223837375641 0.2691437005996704 0 0.2753539681434631 0 11.30846698582172 24.13666360080242 0 0.7213787063956261 0 45.61369629204273 5.715146854519844 23.98488008975983 3.255607180297375 1.508507624268532 0.5891875848174095 0.1088966652750969 0 1.39444537460804 0.4101166948676109 0.9399832338094711 0.4709402322769165 2.286281377077103 13.04095793515444 0.1577614992856979 0.3007683753967285 0 0.1165978461503983 0.8016359508037567 1.685627907514572 0.7579270228743553 0.1642250269651413 2.335151851177216 3.771584279835224 0.1529762595891953 5.424391865730286 9.11097514629364 85.759935349226 0.6584059000015259 1.451736159622669 1.685514129698277 0.5513375103473663 0 0 0.158087432384491 0 0.6790215820074081 357.5427800565958 7.722713947296143 0.1861038506031036 0.3149177134037018 0.1522577553987503 76.65174996852875 75.35546617954969 68.68781121820211 11.07635618746281 4.94829349219799 6.034275844693184 3.124779216945171 2.777689859271049 0.6985288262367249 0.1486997008323669 0.3034031689167023 0 0.2236941158771515 0.295275866985321 0 0 135.0160599946976 136.5237355530262 34.84296344220638 706.7036858052015 143.0110384821892 600.9412642121315 186.4529239237309 637.8549012765288 128.2559123784304 19.69930476695299 290.0154044926167 47.32159411907196 2.986222632229328 45.03503445535898 11.04141462594271 68.28065403550863 9.724986456334591 1.776456020772457 14.6697565689683 13.64691913127899 2.52252034842968
