0 7231.748308904469 1466.652881301939 898.8305254429579 941.6684405878186 286.2469201087952 558.3718304932117 49.61535646766424 71.17697370797396 1314.140047572553 549.3663671985269 404.1637870967388 447.2881581783295 73.82339960336685 3.662346303462982 4.369364827871323 0.2939740717411041 0.1497539728879929 0 0.5058943629264832 0 0 0.2884962409734726 0 0.1497420370578766 0 0 0 0.3234483003616333 0.1035631000995636 610.1283877566457 8.760114975273609 1.388801783323288 0.3306103199720383 0 0.3970468938350677 1.616859346628189 0.1955117285251617 0.2902818918228149 0 0.1070609837770462 0.7899823784828186 0 0.9373765215277672 0.1571860164403915 0.6510267928242683 19.08500770479441 7.201632335782051 0.9481594637036324 0.8068912178277969 0.2079539075493813 0.2678534686565399 0 0 2.00835332274437 1.750366866588593 276.2384859770536 682.9607826247811 13.30625213682652 4.5437917932868 1.059412732720375 1.356981694698334 0.5169785246253014 20.73082639276981 4.48446948826313 3.685673423111439 1.205167554318905 2.53627871721983 0.3685611113905907 0.1162358894944191 17.86834309995174 4.716000974178314 0.2722674012184143 128.3314448669553 59.70174909383059 17.56518346816301 10.15970055013895 1.540442354977131 0.3611331880092621 28.40541180223227 0.2867764681577682 1.66267304867506 12.11488141864538 0.1048486679792404 9.589162684977055 6.013818427920341 8.020781993865967 0 1.296181403100491 0.115994930267334 0 0.2204977422952652 0.5787383988499641 0.1257223337888718 0.4733994528651237 114.3866374492645 12.82151409983635 0 6.0982276648283 1231.841668441892 0.3073565661907196 0 1.886304765939713 0.3452787399291992 3.852376222610474 35.86794881522655 0.3087581992149353 10.62342272698879 15.67595452070236 19.71235033869743 2.535418525338173 16.98279313743114 3.670586869120598 6.105340510606766 5.614171966910362 0.4979249238967896 0.6382538080215454 0 0 0 0 0 0 0 0 0 0 0 0 0 0 0 0 0 4.510233342647552 2.008939266204834 0 0 0 1.354682981967926 0.6599560081958771 1.131623923778534 0.1440228968858719 0 0 0 0 0 0 0 0 0.9882687330245972 0 0 0 0 0 0.1850627809762955 0 0 0.2638436257839203 0.08603468537330627 1.85214900970459 0 0 0 9.418742910027504 0.8203081488609314 0 0.3528832495212555 0 0 0 0 0 0 1.378456860780716 0.8416436910629272 0 0 0 2.493453353643417 0 0.5287535488605499 0.5941388756036758 3.124575018882751 0 0 0 0.2519000172615051 0 0.1944282352924347 0 0.3296541646122932 0 0 0.1173194497823715 0.6382067501544952 0 0.1366468369960785 47.21867395937443 4.335443392395973 64.64793521165848 13.93192964792252 1121.392995595932 27.24659401923418 1.233892507851124 18.4243266582489 1.467071801424026 0 2.521818652749062 3.30552676320076 2.673623502254486 0 0 0.8694139271974564 0.1478008180856705 0
7231.748308904469 0 802.2157721742988 846.1631718203425 3712.891217447817 282.4679934233427 1606.607421524823 75.56230784952641 1289.898635424674 1066.126123860478 1011.403788566589 181.6910475492477 1080.954628072679 490.0596494972706 33.5736471414566 14.35583129525185 3.412645056843758 1.315895408391953 0.1347275376319885 1.761336237192154 0.9963921383023262 0 0 0.4091810882091522 2.543381735682487 6.534257225692272 0.1340234726667404 2.966191209852695 1.115270085632801 0.1464162319898605 2931.642075806856 57.04618848860264 6.601832777261734 0.5197359174489975 0.1315245181322098 2.936234965920448 18.33119028806686 1.816712588071823 17.39759829640388 0.8054252713918686 1.653906986117363 4.623395048081875 0.1287814080715179 3.99484433978796 1.234387889504433 3.131165787577629 205.8638423904777 40.59842198342085 3.555358164012432 4.459682159125805 4.179654330015182 0.8301872387528419 0 2.06721293926239 14.71366469562054 10.0480053499341 178.51229711622 764.1167061403394 20.71799556165934 29.14395660161972 4.341505870223045 4.718178004026413 2.032067194581032 126.7259836345911 27.1052685752511 23.52981851994991 5.474013946950436 15.47495051473379 5.761947244405746 0.5300002247095108 211.1906681805849 104.1831346005201 0.1201507598161697 332.0984771847725 199.3317772820592 169.607344917953 151.3654865548015 15.90457720309496 1.941375158727169 116.7527638226748 2.56832566857338 13.01861396431923 63.06468137353659 0.4772913753986359 51.13211307674646 43.16189248859882 43.26759982854128 0.4048464596271515 8.226659834384918 0.4414314031600952 2.117396473884583 1.086309231817722 1.68827223777771 3.297995343804359 3.982129245996475 113.32687420398 78.73836703598499 0 40.12433621287346 1535.132129631937 11.89470338821411 0.6898538023233414 55.59864065796137 15.51800237596035 40.55256499350071 363.0850573480129 6.839692339301109 165.3513592481613 110.914130166173 107.636498555541 21.72092844545841 207.2168811559677 71.3882868885994 94.8875934034586 95.6474354416132 6.861710324883461 5.14943827688694 0 1.474538236856461 0 0 0 0 0 0 0 0 0 0 0 0.1869097799062729 0 0 0 65.35690088570118 27.94181443750858 0 0.5294883400201797 0.4886264204978943 18.11689937859774 18.18482169508934 27.90377264469862 6.720705479383469 0.2906893789768219 0 0.114005409181118 0.09784127026796341 0.4319812953472137 3.404001623392105 0 0 5.25414028018713 10.2081144452095 1.178324565291405 1.576718330383301 0 0 0.3758602142333984 0 0.3573961853981018 0.4171509742736816 1.684458158910275 10.66491534560919 0 0 0.310254842042923 77.21380089223385 8.255778729915619 1.755309671163559 0.8689250499010086 0.8784920051693916 1.343060739338398 0 0 0.2356647476553917 0.1141179576516151 26.09402874112129 21.23051705956459 0 0.09087727963924408 0.1283307075500488 29.61217771470547 3.596185326576233 8.972177281975746 16.23762819170952 12.2875534594059 7.643480837345123 7.941551253199577 1.835329130291939 1.383118346333504 0.1149278879165649 0.2574312686920166 0 1.844518631696701 0.429531067609787 0 0 13.7397765815258 11.22100335359573 18.36366990208626 611.8353072702885 75.16801880300045 540.1552832722664 92.65488114207983 1247.073744222522 130.8654805570841 6.47145988047123 144.0823921635747 35.9239858314395 1.491438567638397 22.75007976591587 12.66051857918501 11.38598498702049 4.147513747215271 0.2487195879220963 7.534573748707771 2.648230820894241 1.536790326237679
1466.652881301939 802.2157721742988 0 24.31396743655205 104.7329983562231 7.681534573435783 60.08402249217033 1216.402163274586 178.9530614838004 21.30718444287777 3335.336369246244 5.569266051054001 49.71765529364347 346.4152612686157 22.91315954178572 75.10647121816874 27.93731348961592 31.92906855791807 5.196479678153992 16.96894170343876 2.728570684790611 0.1407440006732941 3.878055363893509 0.1279565691947937 5.970331355929375 0.8752567619085312 0.7422458380460739 1.629004120826721 0.3292842656373978 0 4958.379584789276 681.9581605121493 87.11882698535919 9.946366600692272 2.358219623565674 79.70455083996058 81.54811432957649 42.49875465035439 95.41852726042271 3.419257745146751 0.7959378957748413 5.055670164525509 6.264474526047707 61.52250046283007 18.45866943895817 118.5637109652162 87.60437314212322 34.76556842029095 26.33762790262699 69.42668022215366 1.585104174911976 0.235685408115387 0.7928146719932556 1.059764675796032 5.967424303293228 4.542053326964378 103.554653018713 1294.24238063395 4.474824711680412 10.67885190993547 250.9667110294104 224.1461394876242 83.20638989657164 460.3330610394478 10.5188919454813 10.63137784600258 2.683192200958729 11.54648059606552 18.76105961948633 2.361408293247223 503.4659143835306 123.8313876539469 0.1172563508152962 155.5477963015437 110.4389896765351 66.75351320207119 82.6995762810111 60.75203540921211 97.75775434076786 3127.949036188424 98.91597686707973 1679.737470239401 22.93592716008425 0.2799655273556709 18.24512973427773 15.47992479801178 39.30806842446327 0.1014558151364326 3.956462725996971 0 0.8850336968898773 0.5840789526700974 1.220843955874443 1.499657012522221 2.034177467226982 110.5989354923368 207.1980489566922 0 154.6684259325266 558.7706684991717 11.84814262390137 0.9561420977115631 55.15783159434795 8.060201361775398 50.38639113306999 274.6400813758373 4.295145630836487 127.4563879966736 56.62603966891766 148.405235812068 27.90782862901688 132.4199015200138 55.89870150387287 70.75418555736542 101.2106346637011 5.608423516154289 5.164171159267426 0.375790536403656 0.9628585577011108 0 0 0 0.4359653890132904 0.130494236946106 0 0.2275051474571228 0 1.619780331850052 0 0.1416495740413666 0 0.1002614125609398 0.1346908062696457 0.1070819944143295 107.3540807515383 33.0874217748642 2.133383646607399 2.41980192810297 1.531061828136444 36.23125825822353 69.14911329746246 70.69448459893465 30.59437665343285 2.673522874712944 0 0.2036962956190109 0.873168408870697 1.070901542901993 2.938954681158066 0.8658726811408997 0 12.7333495169878 23.20435236394405 1.703482523560524 0.8238089382648468 1.085400760173798 0.5735276266932487 0.4901022985577583 0 2.003786325454712 1.967053897678852 7.124079808592796 24.31451637297869 0.2252015024423599 3.535650156438351 8.649103291332722 186.6384160220623 36.39999887347221 3.612785965204239 5.281708188354969 0.9834067225456238 0.7823540642857552 0 0 0.1251792311668396 0 56.19436783343554 27.88552857935429 0 0.4629688486456871 0.3821701407432556 30.56256872415543 17.03476545214653 31.29884235560894 19.85513209551573 30.73776479065418 15.65049058198929 23.69555747509003 5.404823333024979 2.385911107063293 0.1299140602350235 0.2368477657437325 0 1.594805710017681 0.3134513944387436 0 0 4.509285926818848 13.0381388515234 57.41141017526388 170.849491879344 29.33068604767323 207.8949754759669 42.8930646404624 135.9106269106269 51.27760665863752 3.665539048612118 65.98685749620199 54.4160031080246 2.779064998030663 44.72288121283054 7.26757799834013 24.57294522970915 6.882357396185398 0 12.91551761329174 3.396952420473099 0.5937731713056564
898.8305254429579 846.1631718203425 24.31396743655205 0 107.3282244801521 436.3367697149515 728.660572335124 0.8810846656560898 148.7486458867788 2015.031352385879 4.961679592728615 1028.921062156558 1662.513339743018 40.41728581488132 1.846858881413937 0.1503627449274063 0 0 0 0 0 0 0 0 0.2173078805208206 0 0 0 0.1469128280878067 0 21.28008045256138 2.886518180370331 0 0 0 0 0 0 1.043714292347431 0 0 0.1248057335615158 0 0.1436342597007751 0.1212453916668892 0.1792106181383133 7.65881273150444 2.216492965817451 0.5449273139238358 0.2552235797047615 0 0.129221573472023 0 0 1.213142693042755 0.4934826120734215 14.22293037176132 37.73965487629175 1.126890815794468 1.877838999032974 0.1359055787324905 0 0 7.294000655412674 1.448923744261265 0.7687848061323166 0.2095445692539215 0.7335711494088173 0.3265881687402725 0 6.764502972364426 7.416985064744949 0 15.19095326960087 9.308491460978985 4.370590329170227 3.882290229201317 0.4745967090129852 0 0.9742344468832016 0 0.5633886680006981 2.965732671320438 0 2.097202934324741 1.828529104590416 2.3416413590312 0 0.100913368165493 0 0 0 0 0.2247901260852814 0.3856653422117233 46.32905396819115 2.060340762138367 0 0.2406747490167618 61.31510484218597 0.9039269685745239 0 3.744318604469299 0.2415118664503098 1.623563438653946 56.2216979265213 1.446789354085922 12.56614378094673 21.45709536969662 5.632881283760071 1.006724834442139 15.91440346837044 9.658769831061363 3.803346946835518 5.678777784109116 0.9628840982913971 0.5271521806716919 0 0 0 0 0 0 0 0 0 0 0 0 0 0 0 0 0 2.954799011349678 0.3882140219211578 0 0 0 0.6883609890937805 1.143971800804138 0.8657444715499878 0 0 0 0 0 0.6473955512046814 0 0 0 0.4204931557178497 0.5818953514099121 0 0 0 0 0 0 0 0 0 0.6845206320285797 0 0 0 4.097743988037109 0.6599453687667847 0 0 0.1411084830760956 0 0 0 0 0 1.198772504925728 0.5812974572181702 0 0 0 0.7953411936759949 0 0.4821550250053406 0 1.270935237407684 0 0.9050469994544983 0 0 0 0 0 0 0.1116030663251877 0 0 2.519436448812485 0 0.1779213398694992 37.32621001452208 3.661902546882629 24.44809304177761 2.834091879427433 485.155058696866 5.979911468923092 0.2575061023235321 5.698522128164768 4.934796445071697 0 2.620784536004066 1.032118700444698 0 0 0 0.6233260035514832 0 0
941.6684405878186 3712.891217447817 104.7329983562231 107.3282244801521 0 27.35607970505953 830.6277023851871 198.3745594620705 6936.9386453107 222.0946388617158 1683.832036107779 5.281218595802784 583.3925530090928 1449.805765740573 35.19652515649796 24.05390105396509 2.266648255288601 1.004184067249298 0 1.302213348448277 0.6668470054864883 0 0.1246429681777954 0.3083808720111847 1.042132079601288 4.211940467357635 0.6737938225269318 2.397355228662491 3.348605990409851 0.3043960630893707 295.1417948231101 31.83126255869865 1.913706004619598 0.2138803452253342 0 1.358543880283833 8.543221965432167 0.4005729258060455 7.258899331092834 0.7641130089759827 1.301395758986473 4.485497832298279 0.6952314376831055 3.305064864456654 0.1252071261405945 1.113259494304657 159.2070020213723 17.69011265784502 1.124352544546127 2.163486979901791 1.555112756788731 1.879971489310265 0 2.30094825476408 9.376654490828514 5.753541089594364 44.79654762148857 96.39457496255636 14.86133066564798 22.99934542924166 2.1430494338274 0.5902295410633087 0.8646084517240524 57.70897570997477 16.50740676373243 11.69235753268003 2.244541361927986 7.358830466866493 4.374049730598927 1.71455755084753 98.96534175425768 78.54632252454758 0 86.73082114756107 76.03265052288771 145.5512648001313 161.8837800621986 18.76392678171396 2.778083205223083 4.941777780652046 0.5725328028202057 2.994596280157566 25.76227252930403 0.2641154825687408 23.77709278464317 22.92512317746878 18.01918357610703 0.09885161370038986 4.159387551248074 0 1.472399584949017 0.2078600600361824 0.5965447872877121 2.437257826328278 3.099674560129642 110.5978537946939 30.72839756309986 0 10.70814128220081 70.29184968024492 13.68500296771526 3.47697339951992 63.96099848300219 19.89119035005569 55.60499215126038 471.3423300385475 13.45425522327423 266.9190730080009 83.68674631416798 160.1475351452827 40.07965850830078 371.9453095346689 126.5522114634514 184.5410910844803 100.8244539797306 4.175098896026611 2.69252373278141 0.3540012836456299 0.5056267976760864 0 0 0 0 0 0 0 0 0.2943077087402344 0.6336579322814941 0 0.181839182972908 0.1246518045663834 0 0 76.62503728270531 17.20228336751461 0 0.9272532761096954 0 4.226247146725655 7.733028635382652 13.85578586906195 4.141225270926952 0.3965066969394684 0 0 0 2.276852965354919 0.3888771235942841 0 0 6.018663227558136 9.709185257554054 0.1329109966754913 1.114395260810852 0.38611701130867 0 0.2509516552090645 0 0.6469858139753342 0.5726558491587639 2.720227338373661 13.46295550465584 0.3184052705764771 0 0.1962170451879501 64.3278396576643 8.538367554545403 0.2725632786750793 1.266644917428493 0.4513609409332275 0.3151448667049408 0.1224477291107178 0.1862078607082367 0 0.1305407732725143 24.83860023319721 8.440705478191376 0 0.8897192031145096 0.1160605549812317 36.29649902880192 0 9.450297102332115 9.162355326116085 12.60404953360558 6.594038754701614 11.13986723870039 0.4183793962001801 0.6350556239485741 0.1110523119568825 0.1385028511285782 0 0.9059610962867737 0 0 0.1159871518611908 32.03102983534336 5.744494125247002 8.568375259637833 477.6647708490491 66.96646663546562 388.4252180084586 66.05949669331312 203.0652595832944 116.9690668135881 5.033148810267448 149.0845039561391 27.85990477353334 1.621527418494225 18.21269975602627 9.373415559530258 11.51637803018093 2.490501053631306 0 4.616720870137215 6.457673922181129 0.5667504370212555
286.2469201087952 282.4679934233427 7.681534573435783 436.3367697149515 27.35607970505953 0 199.7615662962198 0.829087108373642 57.22499449551105 782.7530460953712 19.07607686519623 694.0704441219568 585.9158907234669 93.70954310148954 0 0 1.007488057017326 0.6744204014539719 0 0.1432813853025436 0.3898129910230637 1.895414903759956 0.3419202715158463 0 1.337056159973145 0 0 0.167051687836647 0 0 8.76203952729702 0 16.72668392956257 0.2630544900894165 0 2.149149477481842 28.02387414872646 2.089126497507095 3.460069224238396 1.08025099337101 0 0.257503904402256 0 0.1927427649497986 0 0.2866953462362289 2.180096246302128 2.415311269462109 0.834890142083168 2.161405593156815 0.2300664037466049 4.922789789736271 0.4735428094863892 0.3155928552150726 0.2972297072410583 0.8084783330559731 139.8895845711231 102.9890107512474 0.6389467492699623 0.1254032850265503 1.189269483089447 2.595651224255562 0.2695488110184669 1.675773829221725 0.5688027366995811 1.35619842261076 0.1109747514128685 0.5910013765096664 0.4653765112161636 0 64.54947991669178 24.59623709321022 1.357136785984039 20.93097139149904 12.52429143339396 1.2233876734972 1.503024682402611 0 0 14.42961056530476 0 1.900241807103157 3.450635448098183 0.8777626603841782 1.586556285619736 1.761941030621529 2.374622106552124 3.470694407820702 1.893502704799175 4.857417114078999 0.492435947060585 2.511114209890366 0 0.1276161819696426 0 467.7811320126057 11.74920231103897 3.532277569174767 6.501337662339211 574.8484985232353 0 0 0 0 0.1552284061908722 7.623012743890285 0 0.8243433237075806 2.363425701856613 0.8108558654785156 0.3814333081245422 2.697933122515678 1.136217713356018 0.6535032987594604 0 0 0 0 0 0 0 0 0 0 0 0 0 0 0.2878875136375427 0 0 0.1428053826093674 0 0 0 0 0 0 0 0 0 0 0 0 0 0 0 0 0 0 0 0 0 0 0 0 0 0 0 0 0 0 0 0 0 0.2092383354902267 0 0 0 0 0 0 0 0 0 0 0 0 0 0 0 0 0 0 0 0 0 0 0 0 0 0 0.1195423752069473 0.154576912522316 0 0 0 0.6402979493141174 0.3403215706348419 0 1.798129223287106 1.751424476504326 8.440999642014503 3.052674382925034 274.0637362897396 3.464802712202072 0.1645212918519974 0 0 0 0.147001788020134 0.2388163283467293 0.254860132932663 0.1249677538871765 0 0 0.6671870946884155 0
558.3718304932117 1606.607421524823 60.08402249217033 728.660572335124 830.6277023851871 199.7615662962198 0 3.322565138339996 1648.236153878272 1711.379368782043 65.50141078978777 132.6843737959862 7134.836181715131 915.4564118683338 18.9555891752243 17.94970734417439 0.3891226574778557 0.8326496928930283 0.4801651984453201 0.7498182058334351 0.3237064480781555 0 0.1527466624975204 0.9442899525165558 0.3806018531322479 2.683768466114998 0 1.551881529390812 1.175900608301163 0 57.71930257976055 15.68789788335562 0.9468604847788811 0 0.5454833507537842 0.4223395884037018 6.453410878777504 0.2573172450065613 1.625460602343082 0.4384676069021225 1.010255053639412 0.6692732647061348 0.1609840542078018 2.634816832840443 0.4799469485878944 1.617473229765892 84.00355450063944 11.21936009824276 0.704658530652523 0.356003075838089 0.5453203320503235 0.1409495621919632 0.1809213310480118 1.035672217607498 4.850185319781303 4.231890678405762 38.00528335571289 67.81276109814644 8.153495319187641 11.85756146907806 2.123374134302139 0.2755032479763031 1.265660338103771 26.15642563998699 9.82084808498621 8.667533464729786 1.743097320199013 5.966602861881256 1.583172909915447 0.9591827988624573 56.18952150642872 50.76466207206249 0 63.35022261738777 46.66607514768839 70.0820357427001 76.77843295782804 11.9076362028718 1.95984410494566 2.672699198126793 1.041365683078766 4.319818742573261 17.02837909013033 0.3206832408905029 11.85408689081669 13.96937830746174 10.73656743019819 0 2.681059189140797 0.4477475881576538 0.9160923808813095 0.2636857628822327 0.237793818116188 1.792826361954212 2.606041632592678 311.5408770143986 25.49219331145287 0.1671648919582367 12.96066549420357 74.23061966150999 10.17018562555313 3.847672253847122 59.27972121536732 19.51290252804756 39.71492379903793 534.3896627947688 16.62750606238842 235.3030531257391 124.2143137603998 166.716420173645 34.35669715702534 387.2672937810421 148.8743953704834 175.1347463876009 77.04807162284851 3.85354982316494 3.44237008690834 0 0.9920859038829803 0 0 0 0 0 0 0 0 0 0 0 0 0.4135031700134277 0 0 45.14157131314278 13.61988823115826 0.5875866413116455 1.266575023531914 0 2.318859592080116 10.26612076163292 7.308453023433685 2.244814559817314 0.5169025361537933 0 0 0 0.5677559971809387 1.58655571937561 0 0 2.669067427515984 4.515167728066444 0 0.4831920862197876 0.3813667297363281 0 0 0 0.6718621551990509 0.3196586519479752 1.392850928008556 9.88824924826622 0 0 0.2156115472316742 46.0644379556179 3.584173753857613 0.5816770941019058 1.458120584487915 0.6019053608179092 0.2684981003403664 0 0.26700459420681 0.1399278193712234 0 19.74180695414543 11.09460060298443 0 0 0.1904220283031464 17.88464713096619 1.885044693946838 5.561914160847664 8.506242655217648 15.88438698649406 7.692739143967628 6.257826946675777 1.061612144112587 0.5144574791193008 0 0.1403883099555969 0.1071837916970253 0.6612600088119507 0 0 0 48.63764026761055 5.318927630782127 7.645446300506592 283.114820420742 42.45874425768852 222.5846546664834 49.09511339664459 608.8315163627267 70.98409350961447 3.034484416246414 87.42087192833424 17.62175140529871 1.12652525305748 20.1068863645196 7.727642185986042 13.44960639625788 3.132218308746815 0.1431790888309479 5.120433017611504 4.641622938215733 0.8043440580368042
49.61535646766424 75.56230784952641 1216.402163274586 0.8810846656560898 198.3745594620705 0.829087108373642 3.322565138339996 0 34.37683323025703 0.1571908593177795 1788.760194480419 1.116881042718887 15.21032951772213 154.5566730573773 26.30563671141863 52.85451819747686 19.5109686627984 13.56471075117588 3.190172456204891 9.003700450062752 1.838200226426125 0 1.537455543875694 0.2777969911694527 1.330382823944092 0.4052167385816574 0.2811881303787231 0.7852285355329514 0 0 575.9560489952564 2162.339955493808 34.89828407019377 3.795350261032581 1.28561395406723 40.11819884926081 10.55741026997566 18.93534590303898 8.218773767352104 1.651768088340759 0.909824326634407 2.195006147027016 2.339635200798512 85.47080066800117 9.75317694246769 55.32978344708681 74.35729638487101 14.05033387243748 13.43597593903542 25.61290207505226 0.4965473711490631 0.5588577836751938 0 0.9809720441699028 2.394598089158535 1.14913310110569 19.43373471498489 147.4010332748294 2.386018469929695 6.349781677126884 264.1580893024802 208.0073948353529 40.69933903962374 203.8989078700542 3.41439625620842 5.333248622715473 1.220733590424061 6.055845230817795 9.238663971424103 1.742158845067024 34.53431978821754 11.36736719310284 0 40.2635632455349 41.79599609225988 58.95882796496153 275.7650231719017 651.1881107017398 1045.528023809195 1760.340899348259 278.5569508224726 2820.579337529838 9.328462913632393 0 8.442786939442158 6.929330997169018 16.45579627156258 0.1951931416988373 1.346052728593349 0 0.5986389443278313 0.1150397807359695 0.1934530735015869 1.044831395149231 0.958172969520092 19.30008669197559 11.60652814805508 0 2.936109453439713 25.98521598428488 2.782212883234024 0 5.049433678388596 1.169043391942978 6.228877663612366 15.59004417061806 0.8471376448869705 17.156001329422 6.042377769947052 7.821596443653107 0.8313106000423431 12.24196563661098 1.325872719287872 10.66728365421295 9.371009394526482 0.8932872861623764 0.4723231196403503 0 0 0 0 0 0 0 0.1352504342794418 0 0 0 0 0.2454071938991547 0 0.5505720376968384 0 0 3.859375946223736 0 0 0.534707322716713 0 3.242873154580593 10.22472990304232 6.701007805764675 4.346398189663887 1.701232247054577 0 0.1064721569418907 0 0.765951931476593 0.4985577464103699 0 0 0.8864493668079376 0 0.3425143659114838 0 0 0 0.1148872897028923 0 0 0.3780221194028854 0.3475768268108368 2.997432269155979 0 1.004816204309464 1.152763247489929 13.57480315864086 2.728603094816208 0 0.6542627885937691 0.106343001127243 0.1219010055065155 0.3422362580895424 0 0 0.1953024566173553 2.31728532910347 0.8133966326713562 0 0 0 1.925497859716415 2.032665230333805 1.534427285194397 1.022965669631958 3.857979625463486 1.52769660949707 1.079017482697964 0.3378382921218872 0 0 0.1143488436937332 0 0.4557036012411118 0 0 0.2406288832426071 1.22381603717804 1.252567514777184 6.068777069449425 263.3566489592195 18.65702353417873 180.9568347930908 25.51250176131725 44.37378419190645 45.01977580785751 1.257550895214081 82.30425599962473 4.102224312722683 0 7.471802778542042 1.337609395384789 3.22965469956398 0.1615103334188461 0 0.5097160860896111 2.654436737298965 0
71.17697370797396 1289.898635424674 178.9530614838004 148.7486458867788 6936.9386453107 57.22499449551105 1648.236153878272 34.37683323025703 0 346.6703596115112 2222.272783786058 12.03424470126629 1360.427637912333 1696.769862271845 28.65123209357262 56.19442801177502 2.227668732404709 1.236222386360168 0.12429279088974 0.8693849891424179 0.7357612922787666 0 0.6445856392383575 0.2198030948638916 0.7031048014760017 1.146827295422554 0 1.088007643818855 1.002445578575134 0.2441466599702835 44.17850610613823 24.96714888513088 13.07776393741369 0.5997384190559387 0.1284369677305222 3.692076399922371 10.84864154458046 3.662342891097069 1.805442236363888 1.362463861703873 0.9205484241247177 1.555911026895046 0.6059583425521851 5.249196588993073 1.251629389822483 2.832742787897587 86.99347520619631 6.386042602360249 1.373338416218758 4.258144058287144 0.9776105880737305 0.3491450846195221 0 1.777277283370495 2.859470196068287 2.040958575904369 14.7080038562417 19.3212621062994 7.83456077426672 5.597813412547112 3.478359796106815 3.550919383764267 4.140066109597683 13.46004041284323 3.248499982059002 3.976793199777603 0.8110242709517479 4.818026140332222 1.609699621796608 0.4589270427823067 66.00444140285254 51.30373786389828 0 26.51425095647573 18.2547370865941 64.53860880434513 56.95379307866096 24.47325399518013 4.694764241576195 13.34863645583391 1.267242804169655 8.80884312838316 7.84146274626255 0.08266014605760574 7.00606943666935 6.321367867290974 6.742429219186306 0 1.041501767933369 0 0.1449592858552933 0.3096193671226501 0.5527713149785995 1.670846037566662 1.754508912563324 291.1082343533635 14.13133712112904 0 6.115258507430553 21.07119710743427 10.39995865523815 2.260314747691154 59.4787929803133 20.10585975646973 38.44755345582962 561.9923501461744 16.52774235606194 306.3140977248549 128.0550493746996 175.8587054461241 43.65355002880096 562.134412266314 197.400318428874 244.0005082860589 102.2064450234175 2.471913248300552 1.130695626139641 0 0.6914561539888382 0 0 0 0 0 0 0.1513414829969406 0 0 0 0 0 0 0 0 57.8051600009203 9.335709348320961 0 0.2110176980495453 0 2.855140522122383 9.011631555855274 10.1753685772419 2.602137610316277 1.171234026551247 0 0 0 0.1960600465536118 0.4600442796945572 0.3906911015510559 0 3.641115620732307 8.366092130541801 0 0 0.1106154099106789 0 0.5402624607086182 0 2.391239896416664 0.4240281283855438 2.060013972222805 10.27041986584663 0 0.2689140439033508 1.408133178949356 45.92531995475292 6.708365015685558 0.6644093245267868 1.007856525480747 0.4613994807004929 0.3007194921374321 0.2908309996128082 0 0 0 33.83075547218323 8.116851463913918 0 0 0.2137256860733032 25.38017825782299 1.682243853807449 4.568738862872124 9.774743676185608 8.058731369674206 9.352196738123894 8.799594156444073 0.8455832600593567 1.151824444532394 0 0 0 0.2029832154512405 0.1657786071300507 0 0 59.64245964586735 9.375391557812691 3.421206802129745 384.2784638106823 40.91491859406233 267.2449015080929 48.20236800611019 183.7498642206192 81.79788450151682 2.750367753207684 144.9037602245808 19.38582379370928 0.3888206481933594 15.62214644998312 3.938612520694733 17.58934313058853 2.66056951880455 0 3.505866423249245 7.803116023540497 0.2019466757774353
1314.140047572553 1066.126123860478 21.30718444287777 2015.031352385879 222.0946388617158 782.7530460953712 1711.379368782043 0.1571908593177795 346.6703596115112 0 8.659453392028809 2943.497019290924 5489.635626882315 138.1166420578957 1.472839877009392 2.304692186415195 0.274321049451828 0 0.1928890198469162 0.2548374906182289 0.163922131061554 0 0 0 0 0.1411516517400742 0 0.1344268918037415 0 0 23.18677189201117 1.795886367559433 3.198536425828934 0 0 0 7.741002291440964 0.4989282339811325 1.743861585855484 0 0.1801589578390121 0.1677571386098862 0 0.4875464290380478 0 0.3875098451972008 7.472840636968613 2.185216881334782 0.3184313774108887 0 0.1416589766740799 0.2542425096035004 0 0 0.6940702199935913 0.09567151218652725 36.06314070522785 44.89552810788155 1.257396444678307 0.4996290057897568 1.741315603256226 0 0.3178568333387375 5.705786377191544 1.065787687897682 0.7221643626689911 0.3435421660542488 0.7659794166684151 0.3561065196990967 0 46.51419469714165 15.64370666444302 0 16.9611876308918 7.872008733451366 5.44385489076376 3.868614509701729 1.536973871290684 0.1193426474928856 1.247569061815739 0 0.2837660014629364 3.165611587464809 0.1215472668409348 1.859855368733406 0.7990848049521446 1.929784178733826 0 0 0 0 0 0.1233316585421562 0 0.2266414761543274 687.1356991827488 12.89727653563023 0 0.7848388850688934 297.1669459044933 0.1732138842344284 2.604778379201889 37.36383439600468 70.44046288728714 4.14995051920414 223.6307636797428 14.11447447538376 41.55752918124199 69.7705611884594 70.97302223742008 5.753535538911819 117.0437440425158 48.3967110067606 79.35077007114887 15.92106357216835 0.6651999950408936 0 0 0 0 0 0 0 0 0 0 0 0 0 0 0 0 0 0 4.404399886727333 0 0 0.6359817385673523 0 0.1979492902755737 0.8428182303905487 3.92475214600563 0.3368208259344101 0 0 0 0 1.166138902306557 0.3074375689029694 0 0 0.9937053918838501 0.2832784652709961 0 0 0 0 0 0 0 0 0.1511600911617279 3.929382145404816 0 0 0 6.766037106513977 0.9067498594522476 0.12872314453125 0.6368429660797119 0.1148749068379402 0 0 0 0 0 6.10674749314785 0 0 0 0 1.647075846791267 0 0 1.028367042541504 4.043863818049431 0.934178963303566 0 0.7960641384124756 0 0 0 0 0 0 0 0 23.1210575401783 2.966846480965614 0.4595273435115814 27.57426158338785 2.133372463285923 24.2052563726902 4.051061846315861 914.9841565638781 7.982893720269203 0.3289247751235962 9.13717345893383 2.694310858845711 0.1466207206249237 1.855348013341427 0.6806281358003616 8.839524567127228 0.1557518690824509 0 0 0 0
549.3663671985269 1011.403788566589 3335.336369246244 4.961679592728615 1683.832036107779 19.07607686519623 65.50141078978777 1788.760194480419 2222.272783786058 8.659453392028809 0 17.96350158751011 1971.596239514649 3588.436091952026 52.74122250080109 81.86071143299341 5.055514618754387 3.931793227791786 0.7159391343593597 3.020771816372871 1.529840186238289 0 0.1061475947499275 0 1.492444381117821 2.27315229177475 0 3.692147567868233 1.060115978121758 0.5205751210451126 886.0139666870236 121.2333522886038 142.1167825758457 2.721919521689415 0.6946786642074585 25.12925958633423 43.73539490997791 15.66579839587212 7.889779090881348 1.717729404568672 1.208222784101963 3.974231988191605 1.006686210632324 17.10641179233789 3.825182616710663 13.12702380120754 182.6745975986123 20.26503583788872 3.627097710967064 9.480162084102631 1.202316731214523 0.6813778057694435 0 2.489535249769688 4.335037969052792 4.727876409888268 45.17828304320574 203.6242558956146 9.198249742388725 18.39214622229338 25.26826760917902 41.31281803548336 17.31177072972059 77.43325009942055 13.14308515191078 10.90139894932508 1.925881333649158 7.381205685436726 7.047951936721802 1.266173079609871 123.7435242682695 51.17013655602932 0 92.70497664809227 79.15801436454058 149.9568888992071 142.7878119200468 53.13917622715235 6.485413663089275 107.721696600318 4.659582555294037 133.3494505435228 22.86494531482458 0.3006025403738022 17.05840762704611 21.37277014553547 19.67191398888826 0.118841826915741 4.812546588480473 0.1497660577297211 0.9770998433232307 0.3080843985080719 0.2826098874211311 1.949979066848755 2.196250014007092 200.7776115685701 33.72926818579435 0 15.23018977046013 136.6063661426306 6.05156110227108 1.396944180130959 26.79581651091576 7.126446053385735 24.09458765387535 233.5869352519512 4.624843746423721 131.7584959417582 38.689806163311 69.95394352078438 20.83595313131809 226.8739002197981 68.35299038887024 119.997517965734 66.87973907589912 1.446646690368652 0.7006604820489883 0.1975021064281464 0 0 0 0 0 0 0 0 0 0.5269689559936523 0.1489486694335938 0 0 0 0.2313473224639893 0 29.6414814889431 7.95142862200737 0 0.7257055640220642 0 5.413317561149597 8.855315007269382 10.05917437374592 1.296712324023247 0.736999586224556 0 0.4802320003509521 0 0.6500200480222702 0.502109169960022 0 0.1529795527458191 1.974894911050797 4.420897036790848 0.5044628754258156 0.2283364087343216 0 0 0 0.2011677622795105 0 0.396457739174366 1.934852354228497 4.642875798046589 0 0.3404861837625504 2.462031409144402 37.08375179767609 5.197755455970764 0.8233511298894882 0.4666474908590317 0.4681417196989059 0.1178740113973618 0 0.1088171303272247 0 0.2002869844436646 22.34845282137394 6.644846335053444 0 0.3862621709704399 1.096319407224655 25.37177568674088 0.8108678460121155 2.673839345574379 5.479916542768478 7.137415438890457 4.060894429683685 2.329542472958565 2.845862969756126 0.4642587006092072 0 0.2513706907629967 0.3006035685539246 0.6712663546204567 0.371807187795639 0 0 22.04372853040695 7.010459944605827 8.161888003349304 595.6142219901085 63.89872770011425 425.542661562562 69.69783036410809 138.6733503341675 134.5236668661237 2.991695165634155 204.8800347521901 16.22145130485296 0.5364454686641693 7.425883203744888 9.14933554828167 6.296662613749504 2.290305092930794 0 3.575113117694855 7.3989217877388 1.854501783847809
404.1637870967388 181.6910475492477 5.569266051054001 1028.921062156558 5.281218595802784 694.0704441219568 132.6843737959862 1.116881042718887 12.03424470126629 2943.497019290924 17.96350158751011 0 1325.786927983165 190.6544369906187 8.589189387857914 40.04855335503817 4.11050783097744 3.082768879830837 0 0.4053898602724075 1.294176563620567 0.148469403386116 0.5595492273569107 0 4.78158774971962 1.912304550409317 0 0 0.4609597772359848 0 3.650441758334637 1.228081598877907 26.05750079452991 1.261901542544365 0.1534491032361984 9.510516010224819 68.23972381651402 6.527381576597691 7.771173730492592 1.740984693169594 0.2842981517314911 0.6067503541707993 0.4456982612609863 8.274262271821499 1.880549274384975 5.050760999321938 19.17637585103512 3.833892375230789 4.460647851228714 6.043175026774406 0.113944299519062 0.5372666716575623 0.5500988364219666 0.3059027493000031 0.1179430037736893 0 9.729842305183411 5.815676979720592 0.9609437733888626 0.7433952838182449 8.215525217354298 7.776603385806084 5.127704039216042 1.39170902967453 0.1912431716918945 0.6094314455986023 0.1564275324344635 1.770178340375423 2.417851589620113 0.7008172273635864 131.3517667800188 58.25514207780361 0 2.002983123064041 1.467598602175713 8.744737155735493 4.740086928009987 11.44631572067738 3.903416872024536 29.27080774307251 1.61556413769722 5.520513117313385 0.4432620704174042 0 1.036897592246532 1.021215453743935 3.019399367272854 0.2374678030610085 0.1436717063188553 0 0 0 0 0.4011633172631264 0.1030367985367775 2407.084578707814 62.93445564806461 0 7.522603437304497 149.0000703781843 2.534948766231537 0.7889996767044067 13.90885220468044 5.946475341916084 11.29195107519627 185.0645400732756 10.37158367037773 134.5977219343185 58.53184625506401 63.96028015017509 22.46545258164406 334.6088615059853 133.4043017178774 176.3893815129995 76.55498419702053 0.3381708860397339 1.665736362338066 0 0.2329205423593521 0 0 0 0 0.2054974436759949 0 0 0 0.1276775151491165 0 0 0 0 0 0 17.14917908608913 4.505104809999466 0 0.2536521553993225 0.2132793366909027 3.028802484273911 5.491991564631462 7.558348469436169 2.856922313570976 0.531585231423378 0 0 0 0 0 0 0 0.7992339432239532 2.977630317211151 0.202140748500824 0 0.2261808961629868 0.7514714747667313 0 0 0.106755293905735 0.2030728757381439 0.5984916090965271 2.511741876602173 0 0.480805516242981 2.549827113747597 26.81469228863716 3.139929667115211 0.5572325140237808 0.3588716015219688 0 0 0 0.1489638090133667 0 0 35.11397042870522 5.179436415433884 0 0 0.240758404135704 19.28404638171196 0 2.651159286499023 1.710117101669312 2.012242525815964 0.1591159403324127 2.25226654112339 0 0.883027583360672 0 0.1932461708784103 0 0 0.4251651167869568 0 0 108.3533452302217 16.33559267222881 2.096570134162903 129.015746973455 9.206308431923389 62.31579904258251 11.11732315272093 485.0706407055259 12.88497261703014 0.4146178215742111 54.06953363120556 5.617063194513321 0 2.306035205721855 0.5330662429332733 8.278670571744442 0 0 1.66731184720993 1.432748273015022 0.3594146817922592
447.2881581783295 1080.954628072679 49.71765529364347 1662.513339743018 583.3925530090928 585.9158907234669 7134.836181715131 15.21032951772213 1360.427637912333 5489.635626882315 1971.596239514649 1325.786927983165 0 1664.858105063438 64.60849543660879 244.6598977819085 20.8293189406395 6.252493068575859 1.939964443445206 3.989678338170052 1.438072040677071 0.1655503511428833 0.6205085217952728 0.1496994495391846 5.869465075433254 2.9049177095294 0.5180568173527718 2.692819662392139 2.429077491164207 0 22.0877825692296 28.79623137414455 92.18467246741056 3.294712841510773 0.8197240084409714 29.31348045915365 87.19798131287098 16.06397170573473 13.06388477981091 6.338296040892601 0.4890554994344711 2.999694168567657 1.014144219458103 36.28587411344051 5.437718212604523 19.24184495955706 125.2322219759226 12.53309111297131 7.542642764747143 14.82492588460445 0.7143282368779182 1.03884856402874 0.4826584607362747 2.864689975976944 2.739951223134995 1.703061990439892 29.23032453656197 17.96061406284571 8.390267342329025 5.318956896662712 25.41800545156002 26.22617350518703 16.791403837502 21.18211407959461 3.632114455103874 4.696303829550743 1.467223934829235 4.846778742969036 5.883974380791187 1.661513201892376 222.6563212648034 46.87614756822586 0 27.93096093088388 11.81315732002258 87.56026197969913 62.48819958418608 75.71304954588413 20.86917831003666 67.53527542203665 8.647079236805439 15.01032899320126 8.394050054252148 0.4301978126168251 6.672600135207176 8.892765313386917 12.84729696810246 0.1470114141702652 1.716787725687027 0 0.9933218210935593 0.6875020712614059 1.064136922359467 2.041988410055637 3.610503911972046 3056.296605452895 45.41818359494209 0 20.72117321193218 150.613313369453 7.459382198750973 6.225539416074753 62.25657451152802 29.5821521282196 38.40221932530403 657.6987782716751 29.72353936731815 372.823016948998 178.473943144083 229.6337310224771 45.41401176154613 871.3855140656233 351.6395318508148 403.5008258521557 149.0881592184305 1.886712491512299 2.006151430308819 0 1.593862190842628 0 0 0 0.1890343725681305 0 0 0 0 0.7095159590244293 0 0.251027375459671 0 0.4729330241680145 0.4618930593132973 0 43.86198945343494 7.238077938556671 0.2917414605617523 4.236753031611443 0 8.114196598529816 18.56927271187305 20.7598532140255 9.580828137695789 2.472347758710384 0 0 0.1691577434539795 0.3117627501487732 0.6083699464797974 0 0.1513297259807587 1.142671912908554 6.204255543649197 0.3755421712994576 0 0.1931515783071518 0.5170896649360657 0.1272770911455154 0 0.3541451245546341 0.8435930013656616 1.652704790234566 4.994118876755238 0 0.474480926990509 3.06489534676075 57.4175933599472 6.912801221013069 0.1229274347424507 1.483396708965302 0.3949847668409348 0.1372674107551575 0.2407068386673927 0 0 0.129228875041008 95.97982153296471 7.120632380247116 0.3300962448120117 0.510019913315773 0.3139658570289612 34.58396798372269 1.931532546877861 6.335275173187256 4.692394003272057 7.481575757265091 8.125312142074108 4.987576022744179 0.8366952687501907 0.7445107698440552 0.2190635055303574 0.291434571146965 0 0.6293373629450798 0.3224084749817848 0 0 231.4176754504442 25.43738177418709 6.515796080231667 482.290830090642 87.36037672311068 359.1417904868722 87.73260060697794 577.4563549458981 113.6219997107983 3.852067478001118 209.112850099802 12.92530497908592 0.5548353940248489 9.324179328978062 4.810900218784809 19.80005875229836 2.813250474631786 0.3538821637630463 3.934669606387615 19.705148473382 0.8476198017597198
