0 6004.530578643084 1361.417836867273 1258.370745755732 916.0220267996192 305.9399457648396 538.2871412262321 45.45729224383831 224.1706213578582 555.9663187563419 243.7612470760942 8.544909685850143 24.41521546244621 70.03642993420362 2.449375204741955 2.731205314397812 0.5043410807847977 0 0 0.2981520742177963 0.13797427713871 0 0.170510396361351 0.1579434275627136 0.1591780930757523 0 0 0 0 0 698.7507549375296 9.551503375172615 2.392344012856483 0 0.3967354893684387 0 3.896970964968204 5.346798874437809 4.44653257727623 4.400540001690388 0 0 0 0.5380492359399796 0 0 8.28119071573019 0.8189148232340813 0 0 0 0 0 0 13.74494148045778 5.602752320468426 360.9062840342522 858.3205387815833 50.58440594375134 4.612895518541336 0.4731017798185349 0.309462770819664 0 7.813473701477051 0.9712769314646721 0.1097850278019905 0 0.1665744483470917 0.3086114525794983 0.582338273525238 5.561782747507095 13.44146078824997 0.3358881175518036 229.5943113565445 34.31390815973282 5.172715857625008 6.102196045219898 0.8977282419800758 0.5217039585113525 0.6058280020952225 0 8.036484107375145 11.81189109385014 0.243416927754879 0.2901955991983414 1.02934467792511 0.2014491558074951 0.191015213727951 0 0 0 0 0.2047540247440338 0 0 30.62195788323879 0.2180633842945099 0 3.566343978047371 1468.309304893017 0.1039864867925644 0 0.269844263792038 4.42634505033493 0.9850903153419495 2.652399480342865 11.11123283207417 0.6802914291620255 3.759860008955002 8.089481025934219 0.532261073589325 7.78835129737854 18.71590620279312 7.826033532619476 1.757062792778015 1.074472814798355 0 0 0.2750158607959747 0 0 0 0 0 0 0 0 0 0 0 0 0 0 0 0.1212924793362617 0 0 0 0 1.084745019674301 0 0.8555170893669128 5.43526653945446 1.552582934498787 0 0 0 0 0.5378978848457336 0 0 0.3050882816314697 0 0 0 0 0 0 0 0 0 0 0 0 0.9712223410606384 0.3300999999046326 0 0.5519707798957825 0 0 0 0 0.4390085339546204 0 0 0 9.374809801578522 1.153674244880676 0 0 0 0 0 0 0.9609639048576355 0 1.017701268196106 0 1.305274128913879 0 0 0 0 0 0 0 0 1.942957803606987 0 2.16113206744194 112.9086535945535 6.644924275577068 49.89545720815659 9.562819011509418 1150.289286211133 30.98617439717054 3.043949723243713 9.735517233610153 8.237543597817421 0 0.5927881002426147 0.2733662724494934 19.38083091378212 0 0 0.2551560401916504 0.4075677096843719 0
6004.530578643084 0 2699.959864512086 439.2232673540711 6309.636818356812 210.40083412081 2111.308372244239 84.74906818568707 4442.903370514512 506.8190974071622 823.6908102929592 194.6134367138147 433.4440693557262 1277.795971319079 15.81178749352694 26.29462992399931 1.466039076447487 0.7062655463814735 0.09896725416183472 0.7708312422037125 0.2226317077875137 0 0 0.3122183084487915 2.135866768658161 1.542907357215881 0.8880668878555298 0.2578328251838684 0 0.3976173624396324 1662.051606312394 25.39004698395729 20.4509287327528 1.317545771598816 0.8817764669656754 1.553320378065109 18.60555447638035 10.26847960054874 9.117435730993748 4.67984127253294 0.1500143557786942 0.7119991704821587 0.1286036968231201 1.666198439896107 0.8432627618312836 2.924721926450729 58.72552724182606 6.379476763308048 0.8659853413701057 1.16340721398592 0.9554485008120537 0.2935125529766083 0.140343114733696 0.7798446044325829 45.60763847082853 32.3254823461175 276.2907520234585 1077.054309643805 81.63453321158886 34.15134205669165 3.90675113350153 5.608108259737492 2.451614245772362 96.95032504945993 9.732175812125206 2.10551643371582 0.1062783747911453 1.150918364524841 1.144655399024487 1.017454400658607 28.75466200709343 13.4969487041235 0 531.9629450365901 188.9902060180902 95.62067355215549 102.2791765481234 5.618854969739914 1.205518327653408 17.6891251206398 0.6274847760796547 5.535388894379139 47.16461785882711 0.6732474267482758 5.434695094823837 3.499804280698299 5.265749149024487 0.2337402850389481 1.467716380953789 0 0.1258696764707565 0.3005219623446465 0.3542790412902832 0 0.5481684803962708 51.3530875146389 0.532172754406929 0.5492447018623352 4.9043949842453 1278.342398583889 0.1418349891901016 0.3659729361534119 1.927752450108528 0.2324141412973404 0.5565139204263687 19.935352191329 2.226716920733452 4.750327438116074 5.358463883399963 13.35579231381416 2.684277474880219 34.43263502418995 53.95286776870489 41.68066443502903 4.742481976747513 1.081489652395248 0.534170925617218 0.4466591775417328 4.334635570645332 0 0 0 0 0 0 0 0.3163936883211136 0.3876963406801224 0 0 0.1245415434241295 0.6214996799826622 0 0 1.510436594486237 0.5101797580718994 0 0 0 26.00292623788118 0 3.888686656951904 14.42580973356962 4.987762279808521 0 0.2882664501667023 0 0.3885963261127472 0.5777760148048401 1.444660305976868 0.154329925775528 0.9171229004859924 7.938980534672737 0 0.2793262898921967 0 0.8632092326879501 0.3029442429542542 1.607164740562439 0.5129370987415314 0 0.2028564512729645 1.661778271198273 0 0.6136051118373871 2.592703849077225 1.501650124788284 0.2877548336982727 0.5829108133912086 0.4296486079692841 0 0 0.1338851451873779 0 0 0.150064617395401 41.18449424952269 0.4296477288007736 0 0 0 0.3316013216972351 1.359938055276871 1.260615259408951 3.267072729766369 5.99459633231163 10.52664849162102 2.506429702043533 3.772654995322227 0 0 0 0 0 0 0 0 12.13417528569698 6.431370802223682 15.21055822074413 515.402101315558 52.9073194116354 352.4576173275709 64.15698037296534 625.6222375258803 110.8419504091144 6.179760664701462 61.77986843138933 29.34106855839491 0.5746148526668549 8.351519107818604 0.5070913508534431 12.18932875990868 1.589976370334625 0 2.333465084433556 1.463500827550888 0
1361.417836867273 2699.959864512086 0 44.92257407307625 452.8770270198584 37.06419978290796 156.9702161997557 1313.188349492848 484.2594164386392 58.6715020686388 1738.930541239679 11.51495243608952 94.60395415872335 420.4326238632202 46.10734537243843 92.96661318838596 4.630304843187332 16.35416126996279 2.696514084935188 60.48795191198587 71.04407637566328 0.2102111876010895 53.32534475624561 19.68628939986229 5.939040496945381 17.33059683442116 5.146344266831875 0.5234344378113747 0.9350048154592514 0.4646604210138321 4341.806096322834 706.6962627544999 92.21865060180426 16.02740247547626 30.19155393540859 10.10204911231995 67.37241750210524 17.22167503833771 10.26417964696884 19.35533870011568 11.83800969272852 4.761393189430237 25.97027262300253 7.905193030834198 11.7229154035449 23.92010159045458 62.33278022706509 9.866844393312931 8.078268244862556 49.82460695505142 5.388853915035725 2.40843241661787 1.007085591554642 2.979689538478851 18.64314264059067 10.55725453794003 171.7881339043379 1408.183665528893 40.65647042542696 24.29302739351988 77.75687032938004 49.00140120089054 10.13759284466505 237.3592744022608 4.220908164978027 2.062234856188297 2.594577543437481 6.222438238561153 63.99756941944361 113.9291036054492 64.70975771546364 42.80928210914135 0.1321129202842712 321.3758981004357 208.6213495954871 86.20514088869095 105.8476685509086 28.41965937614441 172.450631134212 609.5599302724004 13.05674265325069 593.9936879053712 23.75494387745857 0.3773513659834862 4.497057147324085 4.651674203574657 40.99254123866558 0.1622773408889771 0.8009862154722214 0.3452921807765961 0.4587894231081009 0.1496416628360748 20.05277309566736 1.100870914757252 4.801808901131153 14.02828015387058 7.386041358113289 0 9.81663903594017 1010.835407294333 0 0 0.3684960752725601 1.599355518817902 0.4035408347845078 9.60868776589632 1.589794896543026 2.101210132241249 4.683246642351151 14.51455783843994 4.305304571986198 24.21965574473143 25.65484680235386 29.78502624481916 5.068106144666672 2.395272895693779 2.266743302345276 0.1048901677131653 0.6078071892261505 0 0.1697416305541992 0 0 0 0.6872215569019318 0.270678922533989 0.1213631257414818 0.1159758046269417 0 0 0.1225632056593895 0.2423554956912994 0.5942360609769821 0 1.539869040250778 0 0 0.939539909362793 0 29.02575798332691 0.7773529887199402 6.667781755328178 15.85493498295546 2.481896981596947 0 0 0.2823113352060318 0 0.6773921847343445 0.7446768283843994 0.9024501517415047 1.037886202335358 2.866910472512245 0.3637962937355042 0.173466220498085 0.3874981254339218 1.408054530620575 1.083000689744949 0 0 0 0 2.321482673287392 0 1.717388942837715 0.1800998151302338 3.085693970322609 1.055089965462685 0.1087626367807388 0.2441691905260086 0 0.3486176729202271 0.1524191349744797 0.2330287545919418 0 1.049450263381004 40.05178805440664 4.005192786455154 0 0.1833505034446716 0.9860967397689819 1.094748616218567 2.185359612107277 0.980926513671875 0.9391361474990845 8.526048049330711 4.249074280261993 1.556724280118942 1.833084300160408 0.2657054364681244 0 0 0.251550018787384 0.1203240901231766 0 0 0 6.751128599047661 8.872759841382504 27.81649627536535 328.436894968152 41.91100341081619 203.1538027301431 57.25775025784969 242.5990206599236 61.62665098905563 2.300961852073669 81.08763545751572 22.54288498312235 1.529580809175968 7.166789829730988 0 6.302651584148407 4.154570966959 0.1412013620138168 2.722853377461433 7.89412809163332 1.382924944162369
1258.370745755732 439.2232673540711 44.92257407307625 0 230.7564353644848 1211.32691283524 1971.869530119002 0.9656972736120224 92.79774258285761 2215.48851043731 3.192615576088428 299.6197332143784 417.3062940388918 28.42898880690336 2.185253508388996 0.8596095740795135 0.7267832234501839 0.7346976548433304 0.1162512823939323 0 0 0 0 0 0 0.1679836064577103 0 0.1279964745044708 0 0 133.2200774773955 0.4256494119763374 4.888541221618652 0.5400221943855286 0 0 4.896641701459885 3.342092238366604 4.367185652256012 2.173412144184113 0 0 0 0.1005976125597954 0.2189698219299316 0.8260983377695084 7.086758807301521 1.590316280722618 0.1695384383201599 0.1334703713655472 0.1411724984645844 0 0.2266958951950073 0 12.79694027453661 6.942944958806038 115.654491327703 285.3817621991038 31.74959653615952 7.18774425983429 0.5729509592056274 1.079526737332344 0 7.843635626137257 2.249992057681084 0.617626778781414 0.1215616166591644 0.218525193631649 0.5453735664486885 0 4.386253774166107 5.918385148048401 0 160.1011234894395 36.53435873985291 16.18161503225565 12.83443254232407 0 0 8.524740859866142 0 0.136674702167511 13.00692798942327 0.3444907665252686 1.238230466842651 0.9434114024043083 0.657021589577198 0 0.09670260548591614 0 0 0 0 0 0.2341179475188255 110.1075071841478 0 0 0 420.1067580804229 0 0.2129015773534775 0.2089873850345612 0.7182249575853348 0.2576300501823425 2.631221637129784 4.609316676855087 0.6167393922805786 2.608534157276154 3.96523754298687 0.7603245377540588 6.701307713985443 13.0698533654213 6.804040476679802 0.526188850402832 0.7391927540302277 0 0 0.1998871117830276 0 0 0 0 0 0 0 0 0 0 0 0 0.3660450130701065 0 0 0 0 0 0 0 5.778309285640717 0 1.372989922761917 3.292036131024361 0.7345881015062332 0 0 0 0 1.034891128540039 0.3897519409656525 0.1481286883354187 0 1.480082392692566 0 0 0 0 0 0 0 0 0 0 0 0 0.8780653476715088 0.5521186590194702 0.4434087574481964 0 0 0 0 0 0 0 0 7.396529518067837 0 0 0 0 0.1514790058135986 0 0 0.4320414364337921 1.707275077700615 4.265838369727135 0 1.179414257407188 0 0 0 0 0 0 0 0 4.587967470288277 1.738290935754776 2.806076183915138 105.2414771020412 9.714908100664616 73.11048454791307 11.9517293125391 1026.103313602507 26.98796693980694 0.5898206681013107 11.49647320061922 9.139556646347046 0 1.509676814079285 0.7798592150211334 14.21615917980671 0.2136671096086502 0 1.739387348294258 0 0
916.0220267996192 6309.636818356812 452.8770270198584 230.7564353644848 0 29.05383144319057 1999.062325961888 60.46261785179377 9351.149016998708 476.8000959455967 1561.619747810066 155.4101233482361 820.2431512326002 1671.42463684082 52.71127459406853 69.2301312610507 2.981506064534187 0.3206028565764427 0.3898519724607468 1.280154839158058 2.26824939250946 0.3990279138088226 2.310611948370934 1.70197056978941 2.857462868094444 2.204112902283669 0.3775252178311348 0.6796541959047318 1.780460640788078 0.2612304016947746 405.4266567900777 33.11424113810062 62.22515626996756 0.3565836250782013 1.987736441195011 2.939673438668251 25.18509647995234 11.2522836998105 13.02476385235786 10.90842026472092 0.8740519285202026 1.033529192209244 0.2819652557373047 5.622459523379803 0 2.130308918654919 97.03899556398392 6.111985482275486 0.3584122136235237 1.318810731172562 1.535645261406898 0.7462233752012253 0 1.625660933554173 24.04645618796349 22.82058023661375 59.63585057854652 228.5528636574745 40.96688667684793 36.01226910948753 6.869625136256218 8.17254213988781 2.942288249731064 121.8788450062275 9.157129921019077 2.421833485364914 0.7859359234571457 0.9740568771958351 3.428289249539375 2.86260574311018 57.02250911295414 14.59837962687016 0 240.3965724781156 126.2737219184637 138.9673998132348 144.6736166328192 19.91961096227169 16.73896117508411 75.69353204220533 0.6539614126086235 10.64699550718069 30.76209469139576 0.8352623358368874 6.546237789094448 5.161847129464149 5.574338003993034 0.7683633789420128 0.7874701470136642 0.2896096706390381 0.1648489087820053 0.1467415541410446 1.683137953281403 0 3.708711631596088 54.88177511841059 3.41285802423954 0 9.726251721382141 54.68246039003134 0.6490823030471802 0.4592035710811615 1.008999899029732 2.795009166002274 4.802304193377495 17.93808874487877 6.774411588907242 3.402658298611641 8.006659775972366 24.84574036300182 4.200366109609604 40.770044952631 56.77443066984415 52.60703384876251 7.42460036277771 3.974171668291092 2.813556373119354 0 1.182691141963005 0 0 0.1883399486541748 0 0 0 0.2076564878225327 0 0.7206115424633026 0.2058534920215607 0 0 0 0.3160829246044159 0 1.315369069576263 0.1397066861391068 0 0 0 33.83510113507509 0.625208243727684 7.839004918932915 21.75107611715794 3.696984812617302 0 0 0 0 1.884770035743713 0.1641328632831573 0.1475142687559128 0 4.991635650396347 0 0 0 1.213083729147911 0.261899046599865 0 0 0 0.1635171473026276 1.581155478954315 0 0.875306598842144 1.321369871497154 3.089594170451164 2.139131814241409 0.1856988370418549 0 0 0 0.1425356417894363 0.1279175877571106 0 0 69.81574965268373 0.5568519756197929 0 0 0.5122122168540955 1.04528534412384 0.7782683670520782 1.559415370225906 3.726893126964569 5.716927215456963 5.821888387203217 1.792107716202736 2.419264435768127 0 0.1624404191970825 0 0 0 0 0 0 14.873529702425 9.032549969851971 17.24141155183315 645.1085167601705 66.23145810514688 369.8355429694057 99.92301541566849 242.8557876944542 117.0761256888509 5.998850353062153 114.6699148267508 38.12746331095695 1.835530489683151 8.237820096313953 1.309284217655659 14.74250607192516 1.607001647353172 0 1.594971597194672 6.395630426704884 1.410240828990936
305.9399457648396 210.40083412081 37.06419978290796 1211.32691283524 29.05383144319057 0 260.5359599068761 0.5723047405481339 19.05837464332581 1494.997484743595 5.830505415797234 172.1929394304752 226.0328835099936 77.74537540227175 0.2101627737283707 0.2753374874591827 0 0.09839695692062378 0 0.1341591030359268 0 0.9683632850646973 0 0 0 0 0 0 0 0 89.41140545904636 4.899291038513184 9.046019434928894 0 0 0 2.70381885766983 0.3853764832019806 6.656793490052223 1.495379075407982 0 0 0 1.131068348884583 0 0 2.23994468152523 0.240142896771431 0 0 0 3.486990988254547 0 0.7678937166929245 4.080991461873055 2.611478500068188 310.2708379924297 138.4485784322023 13.91123539209366 2.554594613611698 0.1582669466733932 1.207342147827148 0 0.6568132042884827 0.2385850623250008 0.2340775206685066 0 0 0 0 237.796225965023 157.7145688533783 2.101415544748306 49.43178293853998 8.300100386142731 1.938709795475006 2.320063047111034 0.1510308086872101 0 2.884339541196823 0 0.4924724698066711 2.44045939296484 0.4227159321308136 0.3437724336981773 1.28999787569046 0.1140078380703926 11.86447069048882 1.108313255012035 8.671634763479233 1.127193436026573 2.915573626756668 0.7822628021240234 0 2.538389980792999 631.237690731883 94.84470331668854 27.64995038509369 42.28815004229546 390.6006870418787 0 0 0.1676154583692551 0 0.6907369494438171 3.61444941163063 3.632285699248314 0.1969252079725266 2.024705156683922 6.407585278153419 0.4661840498447418 4.176978155970573 9.791386261582375 6.574887350201607 0.1892048865556717 0 0 0 0 0 0 0 0 0 0 0 0 0 0 0 0 0.2307645380496979 0 0 0 0 0 0 0 2.373910307884216 0 0.7936250567436218 1.290286213159561 0.4277722835540771 0 0 0 0 0 0 0 0 0 0 0 0 0 0 0 0 0 0 1.113887071609497 0 0 0 0 0 0 0 0 0 0 0 0 0 6.213312685489655 0 0 0 0 0 0.4942952692508698 0 0.58560711145401 0 0 0 1.024577975273132 0 0 0 0 0 0 0 0 6.514002293348312 0 1.543981164693832 23.70756462216377 3.369841270148754 11.77764496952295 3.384068466722965 461.4250934571028 8.328854434192181 0.318500816822052 2.176207289099693 7.563718467950821 0.4046542793512344 0.2435502409934998 0 7.721921160817146 0 0 0 0 0
538.2871412262321 2111.308372244239 156.9702161997557 1971.869530119002 1999.062325961888 260.5359599068761 0 13.2387166172266 2792.202753610909 3481.367342472076 63.4269220083952 462.4752322211862 3146.205560155213 1652.76069381088 69.55581610649824 73.34818332642317 3.410488575696945 1.22115171700716 0.1364121288061142 1.438659012317657 1.420319572091103 0 1.886613637208939 0.7122717201709747 0.9746340364217758 2.365750327706337 0.694789819419384 1.546141251921654 0.8503073900938034 0.179556131362915 290.8732417523861 36.78221780061722 72.85463969409466 1.490043722093105 2.560012049973011 2.717222839593887 52.94178791344166 11.63712734729052 16.36036239564419 13.88419549167156 1.421628639101982 1.697847969830036 0.8703309297561646 5.448780559003353 1.747927613556385 3.11163579672575 151.636542506516 12.04211910068989 0.7024830132722855 3.214534521102905 1.401612289249897 0.8469810634851456 0 1.35995901376009 46.68249125033617 38.02104638516903 140.1426515206695 354.7525149062276 73.50628075748682 63.51577781140804 4.837023057043552 11.50974355638027 3.300202704966068 152.9721061661839 12.16735929995775 2.919749468564987 0.2370117604732513 2.287918299436569 2.048199817538261 2.344421744346619 90.9245720282197 29.59918077290058 0 423.0600265935063 200.522414252162 222.0214551687241 215.520266033709 16.89590171724558 1.527752362191677 48.16228497773409 1.71063344925642 13.00206794589758 52.98898734897375 1.491774648427963 7.426523812115192 7.26170215010643 7.945533812046051 0.5935178995132446 1.687522873282433 0 0 0.1481808423995972 1.02697267383337 0.09006206691265106 3.80839978158474 390.6595021784306 2.509587109088898 0.5491215586662292 17.74559584259987 117.7708406597376 3.804061710834503 0.2591065764427185 1.647737681865692 4.475828543305397 4.902793258428574 61.70744377374649 23.86849434673786 19.29724678397179 19.18925127387047 61.01288674771786 6.607454314827919 118.6371889933944 182.604926109314 160.7543231248856 20.53012771904469 10.39036993682384 2.960516259074211 0.8184900879859924 2.908897578716278 0 0 0.1384503990411758 0 0 0.4873698204755783 0 0.1766779720783234 0.7488728761672974 0.6531111598014832 0.5492798089981079 0.1264727562665939 0.625513955950737 0.5095871090888977 0.2855677306652069 3.218648567795753 2.483496859669685 0 0.7532054036855698 0 90.98217508941889 0.3836712241172791 29.55925345420837 49.4998609945178 7.414937160909176 0 0 0.1203444302082062 0.6957680583000183 3.408209964632988 2.635439559817314 0.3765796050429344 2.026776030659676 19.63685865700245 0.506400004029274 0.5747944861650467 0 1.387769684195518 0.5259176343679428 0 0.8432786166667938 0 0.3918292224407196 8.163298353552818 0.2518107295036316 2.178229987621307 5.048170730471611 7.845390126109123 3.863698653876781 1.922290354967117 0 0 0 0.4842988550662994 0 0.4661011397838593 0.1430163532495499 173.1794735193253 2.288523599505424 0 0 0.2586290836334229 3.855787247419357 2.408663101494312 4.515524476766586 17.09703800827265 22.75143373012543 20.22045626491308 6.650262698531151 6.430989727377892 0.5368212535977364 0 0.1006809547543526 0 0.1105223968625069 0 0 0 53.13138015568256 21.54324901103973 55.09676986932755 1293.322343692183 102.8225091174245 665.6641950905323 150.0516462624073 866.7023830413818 206.9205262362957 12.97142040729523 194.9158410578966 101.791648440063 2.6293805539608 35.2049992904067 0.8643112778663635 59.00546804070473 5.688487693667412 0.3491849899291992 6.23955662548542 6.596607804298401 1.935607999563217
45.45729224383831 84.74906818568707 1313.188349492848 0.9656972736120224 60.46261785179377 0.5723047405481339 13.2387166172266 0 115.7326622903347 2.927022196352482 891.9915796667337 3.604861587285995 38.75862296670675 197.3019502907991 48.64863239228725 73.59617702662945 8.885269895195961 31.8437387496233 4.341032929718494 109.1823294609785 105.6933230981231 0 89.48455306142569 40.13784386217594 10.42507100105286 37.56069132685661 5.536736525595188 1.857049480080605 0.5777007192373276 0.2849573045969009 420.3980819508433 2665.243615292013 89.04043463617563 28.50216092169285 50.63784892857075 11.93498508632183 22.21075923740864 14.68891108781099 7.586370132863522 7.97748451679945 23.03297183662653 5.314922325313091 29.77557961642742 9.146624714136124 23.60042099654675 95.91556100547314 77.57115099579096 8.944030217826366 9.332934491336346 52.2734040915966 4.758273787796497 0.8342046439647675 0.1821712255477905 3.111962482333183 12.68402095139027 8.628198087215424 29.76073206961155 153.0825702995062 16.33405631780624 22.63054695725441 315.8382913842797 115.7476425543427 25.07216104120016 370.1251859068871 3.642085358500481 4.896414950489998 2.586321614682674 4.1082968339324 65.87391477078199 140.7715756744146 26.93249219655991 14.26638056337833 0 150.7984711229801 131.3350454196334 115.0422720983624 324.3497449159622 439.6365648210049 1158.915257029235 1621.010877534747 293.3149269670248 3552.75000205636 18.03862687200308 0.2086964547634125 2.723915874958038 2.4480190128088 40.70012816786766 0 0.6968597024679184 0.5174962729215622 0.2039218842983246 0.2381270825862885 31.09071329236031 1.809251464903355 5.643453910946846 3.809251457452774 0.6311633512377739 0 3.254448190331459 22.65220518410206 0.2262031733989716 0 0 0 0 2.417965516448021 0.3652519881725311 1.183285519480705 0 2.194825530052185 0.2990001142024994 5.282014459371567 10.63337182253599 7.952442727982998 1.120130583643913 0.8137698322534561 1.395391121506691 0.3028373718261719 1.393908724188805 0.3744090497493744 0 0.3618051111698151 0.240471675992012 0 0 0 0 0 0 0.1431968659162521 0 0.4008526131510735 0.5569338500499725 0.1556537747383118 0.2916619181632996 0 0 0 0 8.425028569996357 0.2905483543872833 3.718654423952103 5.483996041119099 2.061175979673862 0.1708769351243973 0 0.8223719000816345 0.2917363941669464 0.4145918115973473 0.3439456522464752 0.527468666434288 0.3627215921878815 2.958630427718163 0 0 0.1175414994359016 1.257189184427261 1.656589582562447 0 0 0 0 0.2473442852497101 0 0.7308026701211929 0 0.8860324621200562 0 0 0.1512254178524017 0.1670179069042206 0.4797883927822113 0 0 0 1.010431937873363 10.54795687645674 3.532302565872669 0.5408154726028442 0.1517347544431686 0.3088931888341904 0 0 0.3240579962730408 1.180807173252106 1.949004143476486 3.480481386184692 0 1.076975613832474 0.1268256604671478 0 0 0 0.1920030564069748 0 0.1398402899503708 0 2.114494860172272 3.304970860481262 5.061713472008705 558.5846778154373 37.86380610615015 285.8441343680024 60.5051444247365 116.5965677574277 52.61943954229355 2.642964236438274 78.36083529144526 14.79199168086052 1.058647684752941 2.556952744722366 0.1135717406868935 3.517397969961166 0.1471093744039536 0.1435706466436386 1.957888901233673 2.170854464173317 0.9482849985361099
224.1706213578582 4442.903370514512 484.2594164386392 92.79774258285761 9351.149016998708 19.05837464332581 2792.202753610909 115.7326622903347 0 418.3970194905996 575.9088870510459 117.9647984579206 1697.504677206278 2901.751903921366 32.40682560950518 55.09169483929873 1.834319837391376 1.270929642021656 0.2588440924882889 1.252730190753937 1.165270373225212 0 1.290587887167931 1.014755815267563 2.258671917021275 2.011748865246773 0.1573810875415802 0 0 0 121.6068572700024 17.73747301846743 58.76275435090065 0.5563718527555466 0.9975436627864838 0.3216156214475632 32.39108715206385 4.489106819033623 5.562614873051643 9.597585953772068 0.5690784901380539 0.9171113520860672 0.1731989830732346 3.912557281553745 0.2141362130641937 2.263514190912247 56.29460150003433 3.564907215535641 0.2332127392292023 0.6671369224786758 1.028647303581238 0.6281393989920616 0 0.481230340898037 7.224481396377087 8.568240121006966 25.74309946596622 66.82267919182777 15.25362825393677 15.4757519736886 2.28258191794157 7.512045346200466 1.784269765019417 62.44526601582766 2.865040890872478 0.5223698541522026 0.2625840306282043 0.8121273219585419 1.26856867223978 2.479983448982239 47.84806759655476 21.48669274151325 0 92.98845125734806 54.55305869877338 76.11230410635471 79.40771301835775 19.68197342008352 2.521187894046307 36.45576817542315 1.002755261957645 14.34691210091114 11.6001687720418 0.3002993389964104 2.52001790702343 1.904702939093113 3.795540273189545 0 0.8860255852341652 0 0 0.1880306303501129 0.9321650341153145 0 0.3775786012411118 91.95262444019318 1.476191014051437 0 8.627726644277573 9.874619230628014 1.849480003118515 0.438467338681221 1.508701860904694 1.733266204595566 1.773835316300392 26.680490270257 7.95952432602644 4.803148537874222 11.25278779864311 27.55010667443275 4.163029491901398 63.22208465635777 69.39800506830215 72.70220890641212 11.93364682793617 4.642439559102058 2.376833066344261 0.205708384513855 0.924877367913723 0 0 0 0 0 0 0 0 0.27053302526474 0.1635197848081589 0 0 0 0.4837270677089691 0.1254451125860214 1.197634845972061 0.7433569580316544 0 0.1347664445638657 0 36.11025688052177 0 10.65222841501236 21.70251147449017 2.440938204526901 0 0 0.1258940994739532 0 1.390155211091042 0.3986293077468872 0 0.4127820730209351 7.025308176875114 0.4587322771549225 0 0.1179798170924187 0.1446734517812729 0 0 0.1360689401626587 0 1.092873081564903 2.438905864953995 0 2.130344182252884 1.071594148874283 2.935351952910423 1.05186627805233 0.1418408751487732 0 0 0 0 0 0 0.3456732183694839 71.65267389267683 2.562757790088654 0.09907722473144531 0 0.2315001338720322 0.5032679736614227 0.2984509766101837 2.332441329956055 6.98128804564476 6.676599897444248 8.856536857783794 4.958405911922455 4.090225726366043 0.2064502537250519 0 0 0 0 0 0 0 19.70307409763336 13.41194267570972 21.32466493546963 488.9152830243111 33.99919506162405 213.0022156909108 60.59752514958382 123.4782942682505 58.1247339323163 3.685736775398254 81.54591222852468 42.92381225526333 0.777236208319664 11.90991374105215 0.5804344564676285 16.83183762431145 0.4922524243593216 0.2520378306508064 1.636845976114273 3.263312421739101 0.6039426326751709
555.9663187563419 506.8190974071622 58.6715020686388 2215.48851043731 476.8000959455967 1494.997484743595 3481.367342472076 2.927022196352482 418.3970194905996 0 23.31402416527271 2082.581468194723 3227.278323657811 361.5476250499487 5.835029490292072 9.798257529735565 0.9285646229982376 1.401405826210976 0.2097190394997597 0.3263290971517563 0.1563218086957932 0.1570078730583191 0.6034864038228989 0 0.653719499707222 1.050665855407715 0.5318099930882454 0 0 0 103.8965059965849 8.684899970889091 84.73840518295765 0.3044019937515259 0.7845699340105057 0 96.71920925378799 17.29336553812027 42.99928623437881 25.56355275213718 0 0.2935752123594284 0.1342984735965729 0.3447715193033218 0.8677658587694168 1.533051885664463 17.69134396314621 1.714539177715778 0 0.2087103277444839 0.1487966477870941 0 1.435209810733795 0.1077286675572395 13.4161624237895 8.663351938128471 107.5301377475262 190.4517620205879 26.10306838899851 7.509706236422062 2.084469862282276 11.87875251471996 1.505364924669266 18.27082766592503 2.101814866065979 0.4702332317829132 0 0.389204278588295 0.7148410230875015 0.1681849509477615 371.1896665692329 115.9217537045479 0 153.0360153093934 39.80849220603704 25.24651398509741 29.04311810433865 1.602056629955769 0 46.94293054193258 0.1562148481607437 3.346063643693924 14.28228582441807 0.0823078453540802 1.37294840067625 1.974912911653519 1.463407903909683 0.1346260011196136 0.1150969713926315 0 0 0 0 0 0.2919515445828438 721.9668797403574 58.34929567575455 0 46.54817704856396 469.5088877230883 2.0507732629776 0 2.991458892822266 11.34268395602703 6.275306671857834 61.99247897416353 21.39733624458313 13.02089715003967 17.36683441698551 61.30275048315525 8.981002226471901 119.927053578198 183.2121285200119 172.5650214329362 31.68316101282835 17.55625022947788 5.819556683301926 0.1443736255168915 5.998278439044952 0.4587048590183258 0 0.2534106075763702 0 0 0 0 0 0.2961018979549408 0 0.1940933912992477 0 0.3653211295604706 0.6334323585033417 0 3.08698558807373 0.1835986077785492 0.252315878868103 0 0 129.0148719325662 1.377735242247581 40.0576149225235 77.5256774276495 9.446285009384155 0 0 0 0 3.217893272638321 3.568050310015678 0.1724651753902435 4.698155105113983 17.42540028691292 0 0.1233131214976311 0 0.5606790781021118 0 0.8192219734191895 1.352695092558861 0 1.985370874404907 9.593811467289925 0.2496780157089233 3.078787907958031 2.743457615375519 12.44300079345703 2.577396839857101 2.579618655145168 0.2803232073783875 0 0.2823770344257355 0 0 0 0.188184842467308 145.0218162164092 15.24172082543373 0 0 0 3.933690398931503 5.350764110684395 5.503177672624588 16.9920507222414 35.98041648417711 25.4160670787096 9.44549423456192 10.96455388516188 1.097235038876534 0.3950850367546082 0 0 0 0 0 0 51.07802319526672 32.96229884028435 64.50268059968948 481.8542460203171 11.81914719939232 126.8449713364244 23.96207015961409 1372.646793887019 38.18062574416399 3.859900817275047 56.5179598480463 139.4708873331547 0.4612165689468384 42.00935589522123 0.8425329178571701 82.27316862344742 1.78700590133667 1.33554071187973 9.84181772172451 0.5549536794424057 0
243.7612470760942 823.6908102929592 1738.930541239679 3.192615576088428 1561.619747810066 5.830505415797234 63.4269220083952 891.9915796667337 575.9088870510459 23.31402416527271 0 19.13519748300314 649.6186113655567 2770.892913714051 116.20686083287 241.0795111581683 10.31996024399996 10.466682292521 1.650750026106834 18.75364229083061 38.27406806498766 2.263714730739594 40.33794206380844 18.60727752745152 49.47134632617235 34.48657536506653 11.50237283855677 4.67541579157114 3.141320578753948 0.4991107434034348 494.264599442482 286.8741459026933 631.2529058977962 7.790373057126999 28.67599331587553 43.16019476950169 396.910483315587 190.7401785477996 54.2035428583622 159.8860879689455 17.35706512629986 11.23915702849627 4.237307392060757 18.54489415884018 3.083380907773972 14.98149561882019 135.646929346025 8.030584625899792 2.486786007881165 14.12487609684467 5.574618317186832 1.795209132134914 1.393736571073532 5.14658696949482 14.81185937672853 14.3705186098814 38.96991539001465 139.2893549650908 22.69661416858435 34.15422338992357 23.59641177207232 53.52851241827011 16.84552815556526 218.0852395072579 6.280065134167671 3.626647502183914 3.773440860211849 3.556814402341843 40.33106642961502 44.64309678971767 110.0656799897552 68.39266825467348 0.230329692363739 160.7992493510246 121.8047888427973 139.1701339632273 157.1098527535796 62.4618159905076 554.5569662749767 1253.905559211969 7.252684697508812 377.937513358891 22.5890793800354 0.4302286952733994 4.423279605805874 5.177790500223637 17.30708141624928 0.5553021430969238 1.976987153291702 0.3228479623794556 0.7903300896286964 1.378006018698215 21.37785260379314 2.287076860666275 3.363372080028057 98.91018272936344 11.12280534207821 0.473736435174942 5.23073998093605 31.19044032692909 1.428204447031021 0 1.585549667477608 1.040705904364586 1.914023488759995 26.76887396723032 4.725961729884148 5.109818287193775 8.340960085391998 21.1459122300148 6.469477824866772 44.68724024295807 74.54674682766199 85.98511819541454 13.33326380699873 5.804314061999321 2.785082668066025 0.3323312550783157 3.947699435055256 0.4506201893091202 0 1.376257725059986 0 0.2514153942465782 1.451207056641579 1.585214927792549 0.3096896708011627 0.2424893900752068 0.1666930913925171 0.5271391272544861 0.8325349688529968 3.011169508099556 3.553885377943516 0.8546286597847939 1.581703126430511 0.3425395935773849 0.1072695404291153 0.3603950664401054 0.1596929430961609 56.04814493656158 0.6404478847980499 18.58044371753931 34.2195693552494 7.532970264554024 0.7119867652654648 0 0.6972788795828819 0.1616289615631104 1.626990810036659 4.301162779331207 0.6217968165874481 1.00108990073204 8.67459125071764 0.1177045330405235 1.406398490071297 0.3423590064048767 5.80794683098793 3.907832279801369 0 0.3152448385953903 0 0.7204558029770851 5.865671932697296 0 1.947087198495865 3.137017503380775 3.094068288803101 1.525550067424774 0.7850377485156059 0.5434855669736862 0 0.1747601479291916 0.3702806383371353 0 0 0 96.34032307565212 4.867176696658134 0 0 0 1.414478451013565 1.003338530659676 0.8429959863424301 6.466578915715218 10.47403857856989 10.14770000427961 5.249505400657654 5.145312830805779 0.210882693529129 0 0 0 0.1220739036798477 0 0 0.3801504448056221 20.84347593784332 13.02879378199577 31.9090529307723 1159.097949557006 83.98996409028769 479.8365237563848 150.8269238546491 152.3756244555116 94.4592346996069 7.553095892071724 188.7761312425137 66.97579339891672 1.805496141314507 17.40280705690384 0.7144774496555328 17.11594033241272 2.293235167860985 0.7561385631561279 2.228109903633595 12.20895521342754 2.243509516119957
8.544909685850143 194.6134367138147 11.51495243608952 299.6197332143784 155.4101233482361 172.1929394304752 462.4752322211862 3.604861587285995 117.9647984579206 2082.581468194723 19.13519748300314 0 4145.855482593179 156.7405636161566 4.056269414722919 8.915660813450813 0.4931927621364594 0 0 0 0.8838947415351868 0.5633003115653992 0 0 1.767091497778893 0.2017918974161148 0 0.2609494924545288 0.2049003690481186 0.2635014057159424 8.627741679549217 2.94932533800602 69.41792802512646 0 0.2230012714862823 0 39.14607578516006 1.873149141669273 21.61682166159153 11.84808278083801 2.489231824874878 0 0 0.186150386929512 0 0.4930099993944168 7.94044654071331 0.2647576555609703 0.2493350952863693 0.1127881854772568 0 0.2032537460327148 0 0 3.343554511666298 0.6902017071843147 7.60490283370018 10.08449409157038 2.984105065464973 0.6081970483064651 0 6.497501865029335 0 8.329417377710342 0 0 0 0 0.1796128898859024 0 83.24498012661934 58.68617445230484 0 14.05885472893715 5.213647112250328 4.788400188088417 7.319017291069031 0.9922497272491455 0.390945702791214 14.87769691646099 0.1333335638046265 1.05980122089386 2.111780978739262 0 0.3642178326845169 0.1007906198501587 0.2588624656200409 0 0.1351953148841858 0 0 0 0.5618906021118164 0 0.4734544008970261 1215.785152122378 12.6011987477541 0.1754008531570435 7.89648649096489 22.51094272732735 2.455594137310982 0 3.85633672773838 4.599114060401917 4.097635328769684 55.62745089828968 24.19572794437408 16.3872476965189 21.34180928766727 53.7797985970974 10.01520469784737 115.7469662353396 192.7609343901277 184.5175572261214 26.46449986100197 10.04661324620247 4.48270671069622 0 1.794360160827637 0 0 0 0 0 0 0 0 0 0 0 0 0.4168719351291656 0.1688808351755142 0.4206352829933167 1.622455514967442 0.6678654551506042 0 0.4957894086837769 0 78.86091977357864 0 24.32302997261286 32.74068578332663 9.372003138065338 0 0 0 0.6282137632369995 0.7384966611862183 0.7445107102394104 0 0.8287339508533478 19.05815535783768 0.1798867136240005 0 0 0.8537053167819977 0 0 1.565364256501198 0 1.504821091890335 5.074195817112923 0 3.098050862550735 1.975938975811005 10.15840299427509 4.085331335663795 1.246612846851349 0.1815182566642761 0 0.4783568680286407 0 0 0 0 173.134737841785 7.511353969573975 0.1483408063650131 0 0 1.838128790259361 1.228797256946564 1.49684838950634 8.82550074160099 26.60109387338161 14.60015752911568 3.953430414199829 10.55665047466755 0.8569298684597015 0 0 0 0 0 0 0 64.18876774609089 22.34698988497257 32.78417674452066 299.5987376272678 4.00023440271616 51.56105156987906 13.30008841305971 147.4423358887434 9.893495261669159 0 29.05989575386047 92.0348374992609 0.5254111066460609 35.68048356473446 0.4147174879908562 54.47098290920258 2.093639254570007 0 3.067676320672035 0 0.1337832063436508
24.41521546244621 433.4440693557262 94.60395415872335 417.3062940388918 820.2431512326002 226.0328835099936 3146.205560155213 38.75862296670675 1697.504677206278 3227.278323657811 649.6186113655567 4145.855482593179 0 3195.864987701178 28.63402810692787 57.90009877830744 1.021748006343842 1.392887249588966 0 0.7355062216520309 1.746869713068008 2.176528796553612 1.27017018198967 0.9349498897790909 3.932432487607002 1.521303221583366 0.7427476644515991 1.671888098120689 0.903961718082428 0.1268576830625534 39.1680673211813 19.52769359201193 482.5861438065767 0.7262098789215088 0.9148756414651871 3.217062272131443 247.6130682975054 25.87023758888245 177.1749262809753 100.1874408423901 1.390093684196472 0.2504901587963104 0.3062432706356049 6.310191638767719 0.8782140463590622 3.897179767489433 28.4097957611084 1.24722046405077 0.1254177093505859 1.98048622906208 0.6233910396695137 0.8717556446790695 6.960812255740166 2.256498396396637 4.360110945999622 3.108967959880829 12.64772365242243 22.69109165668488 4.493739262223244 7.68593592196703 2.491284355521202 7.391706734895706 2.410924643278122 37.49539801478386 1.857659064233303 0.5487090572714806 0.2726019024848938 0.6145264655351639 3.34341461956501 2.276003256440163 867.8297490775585 114.4168044626713 0 31.73046669363976 17.32143197208643 34.14449714124203 34.02904777228832 16.21928244829178 3.653387859463692 52.82449661195278 0.3760986179113388 3.860869139432907 6.713055200874805 0.1221979930996895 0.6587605178356171 0.7356237024068832 1.361202172935009 0.1147099360823631 0.9154718518257141 1.209653452038765 0.1294629126787186 0.4191601127386093 2.0272536277771 0 1.595092609524727 3921.463967710733 54.67446699738503 3.428272664546967 34.17764241993427 34.10830248147249 4.242615729570389 1.404206767678261 7.734262824058533 17.29460166394711 15.4313478320837 173.2892192453146 64.71902422606945 38.02539464831352 53.4391928166151 163.0822894871235 29.86958287656307 353.1510789245367 617.6987349465489 551.0429620966315 60.72630020231009 13.06477800011635 9.442517586052418 0.1435629278421402 3.878768712282181 0 0 0.1855539977550507 0 0 0 0.3155889958143234 0 0.251216396689415 0.3403188213706017 0.3178832530975342 0 0.6386350393295288 0.7806708663702011 0.3723029047250748 8.438839972019196 1.828540563583374 0 0.6572950631380081 0.1519846022129059 177.8969546556473 0 40.09241097420454 52.10157005488873 12.94513054192066 0.3270596563816071 0.1422606259584427 0.1691337078809738 3.19595330953598 8.521346300840378 3.271064259111881 1.031264811754227 4.024199515581131 24.89855797588825 0.409185566008091 0.3465245962142944 0 3.206633426249027 0.4178295433521271 0.3717375919222832 2.034944772720337 0.1324112117290497 1.851066932082176 8.760720916092396 0 3.732289023697376 1.617308795452118 15.86882911622524 7.075156524777412 2.4245236068964 0.3848449066281319 0 0 0 0 0 0.3698534071445465 603.9477211907506 5.49194073677063 0 0 0.2086865454912186 4.891225755214691 5.667277306318283 1.760184168815613 17.31468234211206 31.6664162427187 30.03289406746626 17.8705730587244 12.85889815539122 0.5449389293789864 0 0 0 0 0 0 0.4456405937671661 231.3450004979968 45.60148216784 71.37887175381184 530.9081795364618 16.72506570070982 144.7796384617686 56.39102037250996 142.2990346327424 33.04881508648396 1.557507142424583 74.4647553563118 156.2458179295063 2.244243517518044 52.15210056304932 2.15992484241724 125.4061167985201 6.508154988288879 4.10362982749939 10.23532003909349 5.725728936493397 1.6837417781353
