0 4498.332476072013 1388.194692909718 2364.365125417709 443.0009763091803 124.8295903354883 808.4267231225967 72.56737434864044 99.90818355977535 1502.361944183707 215.8462949991226 269.2554086148739 545.4341695979238 38.22981245815754 3.593828707933426 3.811439342796803 0.4072979316115379 0.1165635660290718 0.1478472948074341 0.4340090826153755 0.6933736279606819 0 0 0 1.12950037419796 0 0.6978978291153908 0 0 0 1109.655857160687 0.5915852636098862 7.449885308742523 0 0 0.1586182117462158 1.439714811742306 1.799237757921219 0.37877556681633 1.39690774679184 0.2827594429254532 0 0.3149650692939758 1.236834213137627 0.1189940646290779 0.2375644519925117 21.16509249806404 0.8061737418174744 0.1134330034255981 0.5087662935256958 0 0 0 0 0.8774928823113441 3.149624697864056 362.9185705110431 1703.724239170551 54.70397955924273 13.76463650166988 0.5626260191202164 1.31961227953434 0 1.692693389952183 2.032614260911942 0.1070258393883705 0.3237422034144402 0.3088943883776665 0.3568512499332428 0.2830252647399902 4.623356468975544 2.014094300568104 0 269.2355567514896 37.27724146097898 25.67496726661921 8.367093205451965 0.6631623059511185 7.015541315078735 9.477485984563828 0.139723151922226 4.254366248846054 14.44115383923054 1.49932773411274 0.3073093220591545 1.847248300909996 0.3590610772371292 0.8319859132170677 0.4086965620517731 0 0 0.3179652243852615 0.1351594924926758 0.1032431125640869 0.1849728226661682 59.37895439565182 2.052776604890823 0 0 1512.953794553876 0 0 5.608410507440567 0 0.243048757314682 3.761571303009987 0.5792836546897888 2.507397949695587 13.49449342489243 2.893791675567627 0 2.965799979865551 8.292595207691193 1.015059672296047 0.1219936683773994 0.1330612450838089 0 0 0 0 0 0 0 0 0 0 0 0 0 0 0 0 0 0 0 0 0 0 0 0.5563388392329216 0 0 0.1233249381184578 0 0 0 0 0 0 0 0 0 0 0 0 0 0 0 0 0.1372129023075104 0 0 0 0 0 0 0.2753240764141083 0 0 0 0 0 0 0 0 0 0.586152620613575 0.1246221512556076 0 0 0 0 0 0 0 0 0 0 0.4933068752288818 0 0 0 0 0.1300803124904633 0 0 0 1.44938974827528 0.287969708442688 0 20.82156444340944 7.181401275098324 112.6549211889505 8.516765370965004 1751.719929128885 152.1939504295588 2.62861593067646 5.352063439786434 0.5573042035102844 0.2586402669548988 0 0.2747576981782913 0 0 0 0.1359368711709976 0.3183747380971909 0
4498.332476072013 0 1200.259088076651 455.1392864659429 4513.769090145826 689.3597279563546 5129.56090529263 112.4945816025138 3129.273662939668 911.0076304674149 787.5123305916786 615.7644154429436 646.3878194019198 650.5372640714049 50.23932329565287 18.28558922559023 2.368262492120266 0.2574808448553085 0.8494231253862381 1.070283055305481 1.939106710255146 0 0.9685334265232086 0 1.311522364616394 0.5464727580547333 0.9145156741142273 0.131737232208252 0.440495565533638 0 1823.919445261359 4.093936152756214 28.88799913972616 0.106958195567131 0.3315773457288742 0.310709536075592 17.63842668384314 4.097511924803257 0.5755549818277359 4.440154537558556 0.5259059220552444 0.1949844062328339 0.2401183769106865 4.405410543084145 0.6215901523828506 0.6032588183879852 208.3811070919037 3.504938244819641 0.3734362870454788 1.173127546906471 0.2488217800855637 0 0 0.6922169923782349 2.873350761830807 18.57463230192661 83.11265633255243 1552.328132398427 107.6147252619267 85.94002825021744 3.784965492784977 4.510868906974792 1.140689484775066 34.41338439285755 10.49646083265543 0.7819491475820541 3.830852903425694 0.5668019726872444 0.4835756123065948 2.557712323963642 8.26695454865694 2.007013320922852 0 499.4544005170465 224.9962947070599 238.1096990928054 118.8549800738692 4.937949225306511 9.414830312132835 20.0536522641778 1.801591672003269 10.78462418913841 64.72442358732224 2.160077407956123 2.3764932975173 16.73479756712914 0.3360507041215897 5.437736876308918 2.114842817187309 0.2449169233441353 0.7527145221829414 0 1.278761021792889 0.5325083062052727 0 257.1650794520974 0.6680793166160583 0 0.4760305136442184 985.0497306957841 0.3518193662166595 0 11.64098735153675 2.953344359993935 1.549497038125992 38.09582869708538 12.36143010854721 37.67390203475952 50.92110800743103 84.05312061309814 1.115375697612762 32.42320699244738 19.30275604873896 18.99771707504988 1.915134102106094 0.2357441782951355 0.261669710278511 0 0 0 0 0 0 0 0 0 0 0.1133472099900246 0 0.127773717045784 0 0 0 0 0 0 0 0 0 1.940900422632694 0.1547014862298965 0.5012831836938858 0.3234259337186813 0.1511570662260056 0 0 0 0 0 0 0 0 0.9749199971556664 0.2731364443898201 0 0 0 0 0.102706678211689 0.2569227516651154 0.4865427389740944 0.9181310534477234 0 0 0 0 1.576645404100418 0.5018798336386681 0.2469506412744522 0.1587014049291611 0.3158280998468399 0.1914713233709335 0 0 0 0 6.208765186369419 0.187912181019783 0 0 0 3.439501337707043 0 0.2747275978326797 0 0 0.223405584692955 0 0 0.2088109701871872 0 0.389722965657711 0 0.7278519943356514 0 0 0 10.32812264561653 1.408485382795334 1.292644292116165 76.34276526421309 47.81229814141989 555.5861657038331 39.51172405481339 1885.14663657546 240.8318274393678 13.55439136922359 40.18002357333899 1.88620276004076 0.7061397284269333 3.031585693359375 0.6126936301589012 0 0.3284861743450165 0.2590196952223778 0 2.186769001185894 0.183653712272644
1388.194692909718 1200.259088076651 0 7.635515987873077 1655.982379592955 46.88640648126602 97.56215365976095 1862.876751363277 976.5023301243782 46.72439897060394 3936.31464150548 82.71305648982525 82.60993985086679 181.9258065149188 57.29420318454504 24.30019672960043 5.282707594335079 3.20137645304203 1.036283381283283 8.671148046851158 6.185153380036354 0 2.196348764002323 0.1577039957046509 4.869070276618004 0.1328833699226379 0.9321150183677673 0.4639233648777008 0.2627627551555634 0.1426617205142975 7733.822513855994 1054.967038825154 29.14573786407709 2.445493839681149 0.6065814793109894 3.97336607426405 16.03831897675991 11.04995282739401 0.5888061970472336 10.32617874443531 0.8063946217298508 0.9124530553817749 3.163962244987488 7.756415627896786 0.8932065665721893 1.534951627254486 172.1508619859815 3.19383143633604 1.308663636445999 1.306228682398796 1.280334077775478 0.1222946792840958 0 0.4667897298932076 2.554327145218849 12.30515053868294 77.52821809798479 2354.505189493299 79.72296411544085 46.88693915307522 23.59399177134037 16.29789927601814 0.6111436486244202 239.2946684285998 8.573031336069107 0.2347403690218925 3.791065916419029 1.330721527338028 1.667061984539032 6.645931057631969 9.351779244840145 2.10704930126667 0 407.0922169163823 304.6332376077771 184.1510093659163 122.6861370652914 21.35728936642408 135.0533938780427 124.3829132691026 10.16470990329981 121.4217384308577 43.70830767601728 1.62430714070797 0.6858131065964699 11.20576103776693 2.428265452384949 3.75789912045002 2.074544042348862 0.1278463453054428 0.6797508001327515 0.7605679407715797 2.016917631030083 1.694899842143059 0.6340822726488113 20.94538635015488 0 0 0.108005091547966 342.562808342278 0 0 5.260527983307838 1.482286930084229 0.1593643426895142 4.393609762191772 0 2.352308094501495 1.973844408988953 4.23616287112236 0.2289127558469772 8.798356562852859 4.726590573787689 5.747692659497261 1.525575704872608 0.3215387091040611 0 0 0 0 0 0 0 0 0 0 0 0.3396163284778595 0 0.1262608915567398 0.2228593379259109 0 0 0 0 0.4495714530348778 0 0 0 1.365944124758244 0.2839519828557968 1.919322803616524 1.016846254467964 0.1082267463207245 0 0 0 0 0 0 0 0 0 0.1142255067825317 0 0 0.1549572944641113 0 0.08481276780366898 0 0.1874999776482582 0 0 0 0.4026850461959839 1.544665694236755 2.641296409070492 0 0 0 0.5923962667584419 0 0 0.1230787262320518 0 0.4410812854766846 3.559243679046631 0.2419031411409378 0 0 0.3990343809127808 3.306230939924717 0.146064817905426 0.2255388051271439 0.1466462910175323 0 0 0 0.156852588057518 0.1178439408540726 0.1635774224996567 0.6110701039433479 0.1065085381269455 0.7045662254095078 0 0 0 0.5157061219215393 0.3334078788757324 0.7943668961524963 66.79431157559156 36.27662882953882 383.8832858726382 36.52537770569324 466.851288035512 167.6054579690099 8.59250745177269 38.35566054284573 2.188891664147377 0.821123331785202 1.149645388126373 0.1960545927286148 0 0.6155458092689514 0.126910924911499 0.88502237200737 0.84386295825243 0.2316144555807114
2364.365125417709 455.1392864659429 7.635515987873077 0 40.60959684848785 717.5993942916393 593.9872437268496 0.361135445535183 52.8640528023243 1436.194929033518 0.176568940281868 811.4786411970854 1587.387215524912 35.25324980914593 1.404779896140099 0.2794787362217903 0 0 0 0 0 0 0 0 0 0 0 0 0 0 15.76258728653193 0.1166430190205574 1.122153043746948 0 0 0 0.3350456953048706 0 0 0 0 0 0 0.2191932052373886 0 0.1323562413454056 6.525202989578247 0 0 0.08642517775297165 0 0 0 0 0.09228605031967163 0.9954731613397598 6.884684957563877 73.92787811160088 6.57074049115181 2.79447840154171 0.09986133873462677 0 0 1.487267926335335 0.40962965041399 0 0 0 0 0 3.180951118469238 0 0 32.00399763137102 8.105793200433254 8.923482686281204 2.575096592307091 0.5892587900161743 0 0.434352308511734 0 0 5.092782355844975 0 0.1374624818563461 0.1900501549243927 0 0.275442823767662 0.125078022480011 0 0 0 0 0 0.1481084823608398 84.58039693534374 0 0 0 97.32039657980204 0.2908255457878113 0 2.554634690284729 0.5725045204162598 0 4.733779653906822 2.884940087795258 9.772230878472328 15.39421737194061 20.57134161889553 0.4121459126472473 5.815673321485519 16.04141218960285 2.926689952611923 0.4539171457290649 0 0 0 0 0 0 0 0 0 0 0 0 0 0 0 0 0 0 0 0 0 0 0 0 0.1660960912704468 0 0 0 0 0 0 0 0 0 0 0 0 0.1542159616947174 0 0 0 0 0 0 0 0 0 0 0 0 0 0.3016343414783478 0 0 0 0 0 0 0 0 0 1.129679948091507 0 0 0 0 0.3719158470630646 0 0.3214445114135742 0 0 0 0 0 0 0 0 0 0 0 0 0 0.417995423078537 0 0 3.408062390983105 1.479488268494606 22.68467960506678 1.48264168202877 395.7414210885763 14.04647655785084 0.5634498447179794 1.288343250751495 0.1169038638472557 0 0 0 2.231586277484894 0 0 0 0 0
443.0009763091803 4513.769090145826 1655.982379592955 40.60959684848785 0 86.10633726418018 1568.205693662167 42.95483487844467 8869.661542631686 732.6244040876627 725.3070775195956 319.8118632212281 784.5429675728083 1840.056071534753 64.62362842261791 12.0739569440484 1.388105593621731 1.301847100257874 0.834704264998436 0.9722737148404121 1.191175639629364 0 0.3521300256252289 0.1335374116897583 0.7513337209820747 0.6495202258229256 0.5129445642232895 0 0 0.1760122925043106 271.4449012205005 10.59809807687998 17.77186658233404 0.377556286752224 0 0.132023960351944 12.38240211457014 1.91383670270443 0.5188775584101677 2.397266507148743 0.1994176656007767 0.2207979410886765 0.4675645232200623 4.718122787773609 0.7936530113220215 1.127832353115082 270.7992931678891 3.849103778600693 0.9411782324314117 0.7271628826856613 0.7711251303553581 0.2105769366025925 0 0.150474801659584 2.886212855577469 12.80123595893383 23.01786303520203 252.8939139544964 66.21135251224041 75.59304504096508 2.051879435777664 1.141630470752716 0.4554945528507233 47.08668223768473 9.362048171460629 0.7039830312132835 4.678748682141304 1.059092715382576 0.2152796015143394 1.241679541766644 4.950793340802193 1.893446080386639 0 201.5063242018223 140.9233444109559 232.411825761199 193.7017412409186 3.656619422137737 5.257547847926617 7.608234338462353 1.735732883214951 6.82917857915163 48.57352052628994 2.576192736625671 1.16781397163868 16.78613737970591 0.7497872710227966 7.929713323712349 3.320083893835545 0.6171289086341858 0.6236438825726509 0.231897197663784 0.4446912929415703 0.9527445510029793 0.5377163216471672 312.2457350194454 1.06014022231102 0 0 51.95649121701717 0.6374890208244324 0 11.06807796657085 6.226146027445793 1.173908777534962 44.49164998531342 6.244053348898888 66.97213990986347 20.87337233126163 71.58789019286633 0.5002110749483109 61.39875965565443 31.19050292670727 32.99622916430235 5.739920660853386 0.5127695798873901 0 0 0.1233772337436676 0 0 0 0 0 0 0 0 0.2427353113889694 0 0 0 0 0 0 0.4383048266172409 0.2370173633098602 0 0.1285079717636108 0.1698897629976273 2.307413637638092 0 0.3193232715129852 0 0.2003901451826096 0 0.7820379436016083 0 0 0 0 0 0.2576180994510651 0.9305066466331482 0 0 0 0 0 0 0.1427261680364609 0.3686194270849228 0.3745832443237305 0.1760326772928238 0 0 0 4.189091429114342 0 0 0.7829620912671089 0.09606147557497025 0.1288589239120483 0 0 0 0.1400738209486008 14.31603144854307 0.1045743972063065 0 0 0 6.732056833803654 1.910864233970642 0.3621098548173904 0.3672749847173691 0 1.172262787818909 0 0.1127780228853226 0.612188033759594 0.1465189158916473 0.4470067247748375 0 0.3893065750598907 0.23014996945858 0 0 21.53555499017239 1.979379504919052 1.005230002105236 95.65700845420361 59.8696519061923 620.7488185316324 55.86785767227411 398.5900833830237 160.3285621926188 9.718433938920498 58.53098165988922 1.373360380530357 0.9147462025284767 3.428920745849609 0.7320152223110199 3.72600594162941 0.7740326747298241 0 0.711658775806427 1.24920666217804 0
124.8295903354883 689.3597279563546 46.88640648126602 717.5993942916393 86.10633726418018 0 415.4273266792297 0.6203949004411697 70.5015903711319 1254.103625863791 6.910824999213219 134.834548830986 309.6326579451561 45.69316631555557 0.2437373027205467 0.1363651752471924 0 0 0.2444158792495728 0 0 0.5722023844718933 0 0 0.3075767755508423 0 0 0 0 0 16.00808766484261 0 4.415507525205612 0 0 0 10.83324444293976 0 0.4910605698823929 0.3019763380289078 0 0 0 0 0 0 0.5550716817378998 0 0 0 0 1.44305394589901 0 0 0 0 215.7997647225857 74.12912966310978 1.937595665454865 0.4793212860822678 0 0 0.4410212635993958 0.8395401835441589 0 0 0 0 0 0 125.3699286580086 17.71834824979305 7.255837470293045 13.13942734897137 0.7304491251707077 0.4547119587659836 0.7696056514978409 0 0 0.9472082853317261 0 0 0.2017002701759338 0 0 0 0 1.579210638999939 0.5386276841163635 1.899566903710365 0 0.1952380985021591 0 0 0 657.1955086290836 172.0883769094944 1.71772301197052 5.702039197087288 728.5102950185537 0 0 0 0 0 1.125775068998337 0.4872500598430634 1.615275502204895 5.455202057957649 5.849643588066101 0 2.966371491551399 2.905548289418221 0.7889519333839417 0.2188453078269958 0 0 0 0 0 0 0 0 0 0 0 0 0 0 0 0 0 0 0 0 0 0 0 0 0.3881864100694656 0 0 0 0.3011192977428436 0 0 0 0 0 0 0 0 0 0 0 0 0 0 0 0 0 0 0 0 0 0 0.4169408977031708 0 0 0 0 0 0 0 0 0 0.1383405327796936 0.2484036087989807 0 0 0 0.3555784225463867 0 0 0 0 0 0 0.1657758355140686 0 0 0 0 0 0 0 0 0.1431432515382767 0 0 1.083890199661255 0 6.378804408013821 0.1022394299507141 481.1078450381756 5.4512849599123 0.2280961722135544 0.7823541611433029 0.3722818195819855 0 0 0 0 0 0 0 0 0
808.4267231225967 5129.56090529263 97.56215365976095 593.9872437268496 1568.205693662167 415.4273266792297 0 2.052160575985909 1543.40170994401 2367.975011385977 3.513730332255363 518.6051416546106 4204.598219245672 2278.743410840631 31.37352249026299 3.132545165717602 0.2572588622570038 0.3279671967029572 0 0.7248525023460388 0 0 0 0 0.206498458981514 0.6890046894550323 0 0 0.3706840574741364 0 88.74869631975889 1.417583882808685 0.3397666215896606 0.1305907964706421 0 0 1.040255419909954 0 0.1851940304040909 0 0 0.1845428645610809 0 2.804370403289795 0.1373812407255173 0.1295309364795685 195.2190925404429 4.544840760529041 0.4501973390579224 0.6384679079055786 0.5420043021440506 0.5615099370479584 0 0.7325806617736816 2.107088223099709 10.54531629383564 39.48502933233976 251.9250436276197 58.87243509292603 68.93947545439005 1.771794781088829 0.2275695651769638 0.1192537844181061 36.77456229925156 7.928820230066776 0.5949719324707985 2.432613298296928 0.9431327134370804 0.4910703152418137 0.1436203867197037 7.511230275034904 0 0.2097830176353455 200.9775396361947 143.558344475925 193.9203217998147 122.5558712929487 3.263990968465805 0.8887220621109009 0.5495742559432983 1.282830648124218 1.751463994383812 48.38860147446394 1.144853942096233 1.244689151644707 13.06647489964962 1.093120157718658 5.484490290284157 1.825845919549465 0.516361877322197 0.6313184425234795 0.3022083938121796 0.4304298460483551 0 0.1590102910995483 594.1241872608662 0 0 0.281323179602623 86.19008287042379 1.093654602766037 1.110766142606735 20.060442507267 4.246537759900093 1.0088070333004 57.0927402228117 10.37227195501328 65.63192646205425 27.08390475809574 91.63203066587448 2.748593032360077 63.22566051781178 43.48058471083641 34.815663844347 4.880560025572777 0 0 0 0 0 0 0 0 0 0 0 0 0 0 0 0 0 0 0 0.1275318562984467 0 0 0.2471246272325516 0 0.6713468283414841 0 0.7082969546318054 0 0 0 0 0 0 0 0 0 1.224362552165985 1.407958656549454 0.2147797048091888 0 0 0 0 0 0 0.1069800183176994 0 0.2868584394454956 0 0 0 2.90201261639595 0 0 0.2332956790924072 0.4575781300663948 0 0 0 0 0 9.740165054798126 0 0 0 0 4.97119864821434 0 0.4080483168363571 0.232893243432045 0 0.6221763491630554 0 0.5452050864696503 0.3223521038889885 0 0.2414084225893021 0 0.6873142942786217 0 0 0 16.5639826208353 3.601245388388634 0.1763705015182495 51.89760252833366 32.85618810355663 440.9038015156984 37.56078206002712 712.4991301372647 144.2417159304023 11.05491106957197 32.14971352368593 2.048988170921803 0.6498275995254517 1.333880752325058 0.4733757078647614 5.701014280319214 0.3906040489673615 0.1475850492715836 0.3023229837417603 0.9910283982753754 0.3213172852993011
72.56737434864044 112.4945816025138 1862.876751363277 0.361135445535183 42.95483487844467 0.6203949004411697 2.052160575985909 0 485.718337148428 0.311956375837326 2969.167278714478 0.4395291060209274 7.639002747833729 33.31709949672222 117.6616070196033 59.33470227569342 19.51384451985359 9.410236306488514 3.798318184912205 40.78307911753654 42.81633776426315 0 13.22037371248007 3.146229952573776 24.0492380335927 1.20175938308239 6.156082034111023 0.4146521389484406 0.2710703015327454 0 1459.69764238596 805.8758626431227 30.40229287743568 9.449236400425434 8.259451881051064 15.76965497434139 10.68399136513472 14.45361244678497 0.7162200510501862 11.76250400394201 3.654119051992893 3.996042832732201 15.80118691176176 13.65410022437572 3.29798748344183 8.705917820334435 315.5006999224424 8.590216495096684 7.339009650051594 12.24411198496819 3.377965435385704 0 0.1175119578838348 1.014988280832767 1.295682951807976 8.550472483038902 23.94889671355486 518.5166949778795 41.7136702015996 49.49827196449041 207.590943261981 119.4617932885885 17.85606808960438 187.4973855689168 7.244586646556854 2.413078747689724 2.881783485412598 4.755935005843639 11.19070822000504 37.89791081100702 1.969596967101097 3.012649402022362 0 149.9778629392385 185.6212393268943 220.8039325997233 273.3917859569192 146.7873365059495 2229.552972428501 1077.524595744908 127.6926483809948 2128.431771583855 38.0067443177104 1.406899526715279 0.4906767755746841 10.12005121260881 6.784946247935295 3.277339816093445 0.9889282062649727 0.8726167678833008 1.029778048396111 0.9410701021552086 9.425558693706989 6.163950338959694 2.702213376760483 2.354070529341698 0.319420650601387 0 0.6211432591080666 25.78880220651627 0 0 0.1423280537128448 0 0 0.7179099023342133 0 2.096878446638584 0.2642021775245667 0.5149505287408829 0 4.515813395380974 0.9983935579657555 4.365900203585625 0.7952662333846092 0.2306436449289322 0 0.1164697408676147 0 0 0 0 0 0 0 0 0 0 0 0.659447118639946 0 0 0 0 0.4190082848072052 0.1112231090664864 0.1412935554981232 0.3797091096639633 0 2.61802351474762 0.1659375578165054 2.030435338616371 0.5720117390155792 1.451106712222099 0 0 0.2662397027015686 0 0 0 0.2339327931404114 0 0.346511147916317 0 0 0 0.1489358395338058 0.5097642987966537 0 0 0.1872467026114464 0 0 0 0 1.162797793745995 2.262096837162971 0 0.08891040086746216 0 0.2708599418401718 0 0 0.1216438785195351 0.4501457512378693 0.32615926861763 1.826348870992661 0 0 0 0 0.9294658377766609 0 1.518037661910057 0 0 0.4723676443099976 0 0 0.6769174039363861 0 0.1037530526518822 0 0.9223824143409729 0 0.2070872485637665 0 0.5387284830212593 0.4634590148925781 1.548576392233372 132.3394241556525 42.20599111914635 564.0703419521451 61.51103540509939 123.3753316402435 100.1720000803471 5.810092970728874 73.14494508504868 1.546627059578896 0.1763408556580544 0.367033988237381 0.7115879580378532 0 0.2855063080787659 0.1348961293697357 0.486718475818634 2.985889285802841 0
99.90818355977535 3129.273662939668 976.5023301243782 52.8640528023243 8869.661542631686 70.5015903711319 1543.40170994401 485.718337148428 0 335.444830045104 2221.57142085582 126.8974417597055 2038.444518245757 3505.355998702347 176.2934290096164 84.6124395430088 7.391132116317749 1.402026504278183 3.345252230763435 3.156872719526291 5.925641261041164 0 0.6228857189416885 0 5.49643549323082 0.8419928774237633 1.533130578696728 0 0 0.3621993064880371 73.31441704928875 5.064607612788677 189.0758160427213 0.3723038733005524 0.1469481140375137 2.07538079470396 167.5503742322326 16.85332650691271 3.389910332858562 18.54922039806843 0.9790443181991577 1.360110901296139 2.003004476428032 13.42073719203472 1.743115276098251 1.518648959696293 395.4941527098417 3.80652679502964 1.37849585711956 2.056322492659092 1.422102302312851 0.3968851268291473 0 1.442244745790958 1.930497854948044 8.403559625148773 15.06813707947731 80.87922149151564 46.46624109894037 48.75338000804186 6.001060903072357 11.23024645447731 1.356550380587578 33.34758637100458 7.282120436429977 0.5144513174891472 3.994290351867676 1.579362250864506 0.7844825983047485 2.871771991252899 37.43030442297459 12.04155183583498 0 109.6620028093457 64.10815919190645 198.9734452217817 184.8033794015646 15.56877110898495 25.02787859737873 157.7286005020142 2.067172586917877 23.08226407319307 38.23445976525545 1.399802073836327 1.234154380857944 10.74472050368786 1.353087984025478 3.837866179645061 2.639382749795914 0.6161415800452232 0.7944719418883324 1.400245048105717 2.86712109297514 2.270597651600838 1.10887037217617 669.8318876177073 2.615773059427738 0.2831728160381317 0.3346711322665215 14.55691698938608 4.204395167529583 1.186883732676506 45.64640402793884 9.378713399171829 6.833965986967087 141.2999832555652 14.61871962249279 176.5781579911709 59.53336000442505 182.8029176220298 11.40500830858946 211.893817178905 104.5861894190311 135.5710190683603 22.23054603487253 0.8547295778989792 0.2214008867740631 0 0 0 0 0 0 0.2679064869880676 0.206565335392952 0 0.3594308495521545 0.1180524230003357 0 0.6275946050882339 0.7040935754776001 0 0 0.1075803637504578 0.7915289700031281 1.103381894528866 0 0 0.1411201059818268 9.328659430146217 0.2300980538129807 4.93769196420908 1.05579487234354 0.5125123858451843 0 0 0 0.1709549427032471 0.4036503732204437 0 0 2.658841028809547 6.219548292458057 0 0.218050554394722 0.135926678776741 0 0 0 0 0.1060494184494019 0.6380706429481506 1.239409938454628 0 0.3351118862628937 1.379609562456608 9.122372210025787 0.3954123705625534 0 0.4296866059303284 0.210521399974823 0.1530232280492783 0 0 0 0.271540105342865 48.19630111753941 0.7025979310274124 0 0 0 36.95268221944571 1.451243542134762 3.325857318937778 3.404267013072968 1.457758687436581 3.157618090510368 0 1.782212816178799 0.1902260780334473 0.1383435279130936 0.09710033982992172 0 0.7450200319290161 0 0.2086577564477921 0.5278511643409729 45.79630689322948 11.14933548867702 2.303357236087322 261.3960317075253 76.98850617557764 824.8153417482972 108.4215957224369 289.3965720906854 149.3156342729926 8.072201512753963 154.5846109390259 8.17980881780386 1.564246200025082 9.529743514955044 3.0600256472826 7.61028927564621 1.530229642987251 0.09047367423772812 2.880702160298824 5.423944726586342 1.039291441440582
1502.361944183707 911.0076304674149 46.72439897060394 1436.194929033518 732.6244040876627 1254.103625863791 2367.975011385977 0.311956375837326 335.444830045104 0 9.7337406873703 1222.7539049685 6280.948854237795 475.0561130791903 9.351781152188778 5.366845726966858 0.5130103975534439 0 0.1896986663341522 0 0 0 0.2952656149864197 0 0.4647194594144821 0.3079206347465515 0.3427276909351349 0 0.2242485135793686 0 11.45480558276176 0.2093962132930756 21.23294477164745 0 0 0.1689946055412292 27.9545356631279 0.5091188549995422 0.3772640079259872 0.9267596155405045 0 0 0 0.3904872536659241 0.5719377547502518 0 32.25026597082615 1.028805807232857 0 0 0 0.1663378030061722 0.1937551498413086 0 0.3492913842201233 1.349406667053699 21.66938821971416 77.2390301078558 7.949645049870014 3.624939225614071 0.3001898229122162 0.1862842738628387 0 1.447952285408974 1.156222872436047 0 0.2605889365077019 0 0 0.1490244716405869 104.2623254880309 6.06034192442894 0 39.83820299059153 12.51066789776087 18.40053121000528 7.897710733115673 1.022202380001545 0 12.88722517341375 0 0.6245480477809906 5.798226304352283 0.1077637150883675 0.1125037223100662 1.604982741177082 0 0.1239417716860771 0.3923934921622276 0 0 0.2033437788486481 0.2047412544488907 0 0.5813027620315552 1566.654582098126 23.85719799995422 0 0 345.6976422965527 2.109991177916527 2.567985355854034 49.27154193818569 14.07378788292408 5.217285186052322 133.6178900003433 26.33554431796074 138.9246772676706 74.00955575704575 214.9769410640001 4.572349160909653 159.6136614829302 95.0356659591198 78.42513287067413 8.621523194015026 0.1367447972297668 0 0 0 0 0 0 0 0 0 0 0 0 0 0 0 0 0 0 2.303672924637794 0.3122589737176895 0 0 0 3.355110250413418 0.1434862166643143 0.6754928231239319 0 0 0 0 0 0.7504593133926392 0 0.2018482387065887 0 0.6977659314870834 3.838724225759506 0.1944588422775269 0 0 0.2013895511627197 0 0 0 0.2431200742721558 1.323547601699829 1.087651491165161 0 0 0.1985986828804016 2.152312159538269 0 0.8973069041967392 0.2061538547277451 0 0 0 0 0.1587074548006058 0 15.61349119246006 1.958076179027557 0 0 0 13.04325878620148 0 3.391831576824188 1.752795688807964 0.7800135910511017 1.375202879309654 0.6341401040554047 1.543092429637909 0.1492101550102234 0 0 0 0.1277298778295517 0 0 0 35.42296898365021 4.336727872490883 0 24.411491304636 4.425721481442451 64.27896449714899 6.077075928449631 1401.184085898101 24.6422505825758 1.584138125181198 12.42994984984398 0.631588414311409 0.3688554763793945 3.509833209216595 0.1289563924074173 9.717733532190323 0.1629023849964142 0 0.6390448808670044 0.3977275192737579 0
215.8462949991226 787.5123305916786 3936.31464150548 0.176568940281868 725.3070775195956 6.910824999213219 3.513730332255363 2969.167278714478 2221.57142085582 9.7337406873703 0 41.15596079081297 784.1603644862771 1755.043428502977 285.7857312783599 224.5067540407181 40.98756401985884 9.495780475437641 10.12418131530285 24.67989514768124 29.39860381931067 0 5.405830599367619 2.192697860300541 70.22264491766691 3.597447574138641 14.15321481972933 1.701508872210979 3.40866981446743 0.8358623459935188 720.8109225556254 265.2206130996346 1138.331122584641 6.159036658704281 5.377426385879517 42.70461987704039 476.4360549896955 190.9337423071265 12.01329589635134 149.7554806470871 10.44378615915775 7.420605696737766 12.74300264567137 44.66664113849401 7.028566002845764 7.29232681542635 474.3423816487193 11.51145097613335 10.01287838071585 8.875696167349815 5.170454472303391 1.554523304104805 0.2214075028896332 3.963615909218788 2.137465626001358 11.838996052742 20.02355528622866 307.9525845199823 53.79491410404444 63.58317341655493 60.63862144947052 96.53268195688725 12.84245226532221 71.07559774070978 9.943960011005402 1.63221613317728 5.947709910571575 5.350272737443447 8.656138464808464 28.30180368572474 107.2052891328931 33.87493807077408 0 156.3438048660755 137.1095107346773 301.0259820744395 291.1433751285076 46.69839027523994 688.8388648629189 894.0476684346795 7.421930037438869 421.1673004105687 45.00741349905729 2.062355265021324 1.791316196322441 18.00580085813999 6.395014934241772 6.234038963913918 3.950326524674892 3.209676712751389 2.548329800367355 2.218829348683357 13.85737112909555 10.5612051486969 3.280509442090988 124.0633899644017 2.80354431271553 0.522971972823143 3.689671464264393 42.41214229911566 0.7533508539199829 0.1430496424436569 5.803993508219719 0.5891590565443039 2.677523851394653 30.86001288890839 0.3101510107517242 39.54926695674658 5.398273587226868 16.91981676220894 4.540195055305958 49.93123278021812 28.4826258867979 47.71615896373987 17.7467292919755 1.710889585316181 0.1313890516757965 0.3040539398789406 0.5578864812850952 0 0.3174836933612823 0.6133148819208145 0.151461586356163 0 0.2580692768096924 0.6548224240541458 0.1830375492572784 2.047082677483559 0.3041869401931763 2.335339777171612 0.1223565712571144 0.2731864005327225 0.2534694373607635 0.5442377105355263 1.590733788907528 2.211307838559151 0.5449676066637039 2.001647390425205 1.239715903997421 28.03244235366583 2.876875184476376 16.49683874845505 4.339843824505806 2.372799381613731 0.2679994180798531 0.4738032966852188 0 0.120628796517849 0 0.1686434596776962 0 0.9230283498764038 3.992199026048183 0 0.4920126050710678 0 0.7778667062520981 0.6363732367753983 0.1510632187128067 0.1294291615486145 0 0.09819109737873077 0 0 0.9639232158660889 3.181488864123821 21.60548180341721 0 0.4789204224944115 0.6839381605386734 0.3755434900522232 0.2669334262609482 0.1288937479257584 0.2448158860206604 0.09158075600862503 0.8635311722755432 54.50948007404804 3.402836240828037 0 0 0.8055916875600815 29.78532180190086 2.888527132570744 9.156598933041096 1.17561050504446 0.2371653616428375 2.54978784173727 0.2524009644985199 1.771811291575432 0.7778861522674561 0.3473255187273026 0.4423142001032829 0 0.4990023300051689 0.384950578212738 0 0.1966297626495361 10.47031868249178 15.41887080669403 14.10236027091742 345.9679487347603 109.7222698181868 886.3187113106251 144.910680949688 230.5155900642276 167.4108195453882 9.841143697500229 175.557342492044 9.853516094386578 1.779231406748295 7.152941383421421 1.38658881932497 3.527670361101627 0.3459711447358131 0.6310206651687622 4.345653727650642 11.15062707662582 0.9106316268444061
269.2554086148739 615.7644154429436 82.71305648982525 811.4786411970854 319.8118632212281 134.834548830986 518.6051416546106 0.4395291060209274 126.8974417597055 1222.7539049685 41.15596079081297 0 4726.810230948031 339.6667683497071 23.88301289081573 23.10307328402996 2.217545837163925 0.3268313705921173 0.8022297769784927 0 1.159337192773819 0 0.1268492937088013 0.2289104461669922 1.450841680169106 0.1317758858203888 0 0.1610976159572601 0.5945304781198502 0 2.127110302448273 0.155448704957962 38.60025713592768 0 0.5225108861923218 0 180.2473797798157 6.6159313544631 4.419904246926308 9.534281611442566 0 0 0.4219912886619568 5.106286182999611 0.9428339973092079 1.154659032821655 46.82416118681431 0.1066833958029747 0.1200548335909843 0 0.1252110302448273 0.1408741921186447 0.1542811840772629 0.8531225323677063 0 1.122579097747803 2.814846225082874 14.42144148796797 5.919796906411648 3.708674639463425 1.70305747538805 1.651375591754913 0.9497666209936142 2.008214019238949 0.5523190945386887 0 0.7359648048877716 0.2232664078474045 0.2334054112434387 0.3838871121406555 86.90276920795441 59.59824779629707 0 16.40116522461176 3.75812466442585 18.6070563569665 15.19609179347754 6.898855738341808 0.4668264985084534 38.92705745995045 0.3261566311120987 1.887509569525719 3.500649578869343 0 0.4488183856010437 0.9115727543830872 0.1623521447181702 0.3246879428625107 0 0.44012401252985 0.2819348126649857 0 0.3769943937659264 0 0.1175288185477257 1140.127209886909 7.508857220411301 0 0.5250929594039917 14.97494666278362 0.8863105326890945 0.947035901248455 13.7182270437479 3.651599913835526 4.684856548905373 77.21888510882854 3.043508499860764 75.23579151928425 24.59828680753708 62.32546071708202 8.907332986593246 125.1724910736084 58.13099956512451 83.54849383234978 15.20137079060078 0.8051453530788422 0 0 0 0 0 0 0 0 0.4445314109325409 0 0 0 0.2546093761920929 0 0 0 0 0.233802929520607 0.1387511789798737 0.3720477968454361 0 0 0 8.88569587469101 0 2.413774661719799 0.3349524587392807 0.1501796990633011 0 0 0 0.2408137768507004 0 0 0 0.8665550798177719 5.167791523039341 0 0 0 0 0 0 0 0 0.6932972371578217 0.6850022822618484 0 0.1378382742404938 0.3805353939533234 11.81938363611698 0.1416038125753403 0 0.1584379374980927 0.4933056086301804 0.1196046769618988 0.2005343437194824 0 0 0 27.56035286188126 1.994968682527542 0 0 0.314115971326828 20.53748653829098 1.315296560525894 5.560263827443123 1.92242805659771 1.171592682600021 1.706202112138271 0.4877789616584778 0.9006505310535431 0 0 0 0 0 0 0.1185237914323807 0 18.68808346986771 6.457688853144646 2.357622876763344 74.598299741745 9.148926176130772 105.4056881442666 17.53672544658184 123.6002917289734 24.6890619173646 1.223754048347473 32.05289993435144 6.13891089707613 0.2035781890153885 6.690706647932529 0.4408001601696014 6.963282987475395 0 0 0.8302043378353119 0.688653364777565 0
545.4341695979238 646.3878194019198 82.60993985086679 1587.387215524912 784.5429675728083 309.6326579451561 4204.598219245672 7.639002747833729 2038.444518245757 6280.948854237795 784.1603644862771 4726.810230948031 0 1338.479121275246 157.2611696571112 109.4192710593343 10.10341635346413 1.79659453779459 4.765349254012108 1.981051124632359 3.648758575320244 1.889773197472095 0.9249642044305801 0.2445263266563416 7.547691777348518 0.7637613415718079 1.883423440158367 1.721932083368301 2.709875911474228 0.6935863643884659 9.01858489215374 0.9308370351791382 242.8284098654985 1.584850288927555 0.3902169764041901 0.8956358432769775 564.7434787154198 22.7609406709671 88.87559922039509 83.46921895444393 2.34304079413414 1.499970763921738 0.7729596048593521 23.43629947304726 2.934103406965733 4.704090885818005 238.5782853215933 2.290448203682899 1.186185963451862 2.569851025938988 1.990859925746918 4.117879025638103 3.894029684364796 3.759549170732498 0.6083873808383942 4.212316989898682 7.032942607998848 35.28083592653275 27.62687677890062 22.09498476237059 5.802066631615162 16.78752563148737 1.789913989603519 13.58216793090105 2.825661763548851 0.1841931045055389 2.054799914360046 0.8892299309372902 1.134412668645382 1.458698578178883 358.4338525831699 275.2819119244814 2.574255093932152 41.16320795565844 21.10565616190434 96.94105515629053 86.22894915193319 23.33599611371756 4.304349966347218 86.06686022132635 2.897857487201691 15.81786575913429 15.6327758282423 0.6316782012581825 0.8430267125368118 6.35067480057478 1.021095104515553 2.245204783976078 2.766177408397198 1.279344543814659 1.939580321311951 3.102192670106888 3.384416326880455 2.517245799303055 2.184704028069973 3191.936202123761 351.343914873898 27.34479653835297 135.7294883877039 36.41907937824726 5.228725530207157 1.801287055015564 53.34535211324692 15.04539544135332 7.231457762420177 204.5454715713859 15.92433017492294 265.971816405654 90.3272193223238 223.375516615808 11.16043753176928 314.3190705180168 182.1509838923812 202.4088736250997 61.62722336500883 2.463709942996502 0.4316560253500938 0.164446085691452 0.7957298383116722 0.1199198216199875 0 1.103999614715576 0 0.7980459332466125 0.6623293459415436 0.7494437843561172 0.5927941352128983 2.204262584447861 0.4355796128511429 4.542739100754261 0.6491559147834778 1.187588557600975 1.799419403076172 1.454118348658085 3.652520626783371 3.965310089290142 1.242181047797203 4.508328497409821 2.441656738519669 80.60711012035608 6.127332337200642 47.94752031564713 13.48178016394377 6.136939577758312 0.3782832771539688 0 0 0.963024839758873 0.1090948954224586 0.1302142590284348 0 3.230170637369156 14.58176586031914 0 0.5983634144067764 0.429214209318161 3.726206965744495 0.9645286276936531 0 0.151850625872612 0 1.766171962022781 2.622985944151878 0 0.2670310288667679 7.750038646161556 71.52360734343529 0.567974254488945 0.6000169441103935 0.4762585014104843 0.1974298804998398 0 0.3106258362531662 0.187713235616684 0 1.40451468527317 163.1396481320262 25.09729086607695 0.1485796868801117 0 0.1339578032493591 82.54213881492615 4.2530672326684 19.08904164284468 3.960023894906044 0.7110602706670761 5.585348501801491 2.023127019405365 6.708606109023094 0 0 0.1119292974472046 0 0.2149098366498947 0 0.2077365666627884 0.2023926675319672 80.86999845504761 61.57990217208862 56.149408839643 278.6661160811782 91.13198789209127 489.3048042356968 100.7242543548346 394.3218224272132 102.8571321517229 6.106475949287415 149.0021144971251 20.08118808269501 3.33582266420126 20.4843920096755 3.988406531512737 15.85127349942923 3.702463828027248 1.494047582149506 3.746078170835972 9.671383537352085 0
38.22981245815754 650.5372640714049 181.9258065149188 35.25324980914593 1840.056071534753 45.69316631555557 2278.743410840631 33.31709949672222 3505.355998702347 475.0561130791903 1755.043428502977 339.6667683497071 1338.479121275246 0 158.5322616025805 118.6027100533247 14.61339955031872 1.49653410166502 7.482183545827866 1.923886314034462 5.978701665997505 0 1.620993442833424 0.4421489089727402 15.28807928413153 1.454177267849445 2.89158845692873 0.5226027294993401 2.091354265809059 0.9837635159492493 8.602522827684879 1.266137540340424 1118.638459056616 0.3831480443477631 0 5.073371894657612 1731.721993722022 92.32806356996298 15.32710772007704 98.36893466860056 2.004517748951912 1.123572736978531 1.376029416918755 26.77196712046862 3.413582161068916 2.451036483049393 265.333887308836 2.844393827021122 2.189059622585773 2.735155291855335 2.019911423325539 0.6301852017641068 0.1515544652938843 2.709016539156437 0.5415910705924034 4.433592766523361 5.189185328781605 27.86167339235544 24.09673102200031 29.52632591873407 12.12382224202156 33.11423183232546 1.497602120041847 14.42446884512901 4.023451961576939 0.8405437022447586 2.912484563887119 1.960847564041615 1.668256565928459 1.974625125527382 272.8528213351965 82.16002047806978 0.2358536720275879 55.91496333479881 26.0226234793663 126.9019137024879 107.5228633359075 22.1570825278759 32.6234278306365 386.4730328917503 1.320453874766827 64.25221844017506 23.31318736821413 0.7355184778571129 0.7190183773636818 7.54821889102459 2.928167060017586 2.451228655874729 2.413717553019524 1.004699572920799 1.655150882899761 1.88907727599144 3.389984793961048 4.996547371149063 1.924530081450939 1462.792468950152 6.616469919681549 0.1759933531284332 2.420964121818542 7.033013463020325 3.229183718562126 0.3763309121131897 40.67425865679979 11.11662006378174 7.737481877207756 133.1951008290052 13.29446962475777 183.9318624809384 50.53553107380867 145.2045507729053 10.51666636019945 258.1472701579332 120.4409261792898 159.3447367101908 41.1809838488698 1.796963296830654 0.1893066763877869 0 0 0 0.2742352783679962 0.9584579467773438 0 1.095635980367661 0.4927320629358292 0 0.3136448189616203 0.1591488122940063 0 2.268513843417168 0.7551190704107285 0 0 0.1226029917597771 2.450103640556335 2.652854636311531 0 1.727096721529961 0.6831362396478653 27.84493135660887 1.875697202980518 15.10369143635035 0.4355057179927826 0.8361834585666656 0 0.1329832524061203 0 0.1505609601736069 0.2907866239547729 0 0 2.045411050319672 14.04580917209387 0 0 0 0 0.3537503033876419 0 0 0.1543188244104385 2.122471868991852 1.261729210615158 0 0.1524915546178818 1.715080857276917 35.70776811987162 0.4035380631685257 1.177646107971668 0.2671193778514862 0.2829867675900459 0 0 0 0 0.5740143209695816 102.7498860359192 7.886809274554253 0 0 0.1894839257001877 61.07044419646263 3.630141541361809 11.7501108571887 3.636744625866413 0.6622501164674759 4.831397958099842 0.4091446399688721 4.047222711145878 0.2750146985054016 0 0 0 0.4016058146953583 0 0.1244725808501244 0 57.50582164525986 29.85065703839064 10.26461896300316 297.349739395082 83.22626307606697 574.2687595561147 101.0372583568096 208.9474824592471 111.8006595522165 4.65029239654541 139.9759523943067 14.21947129070759 2.113139197230339 15.14561032503843 2.892132081091404 8.030557036399841 1.248165808618069 0.3247460424900055 4.229712903499603 5.763069987297058 0.2773688435554504
