0 2882.161312393844 1018.583345763385 427.0405603796244 455.3662903383374 441.2976956516504 2081.64346639812 88.63377968966961 181.0165807381272 492.7043863534927 131.8219266980886 20.56179738044739 139.2468709647655 56.49919017404318 0.2834117263555527 0.178046315908432 0 0 0 0.1688652187585831 0 0 0.241929680109024 0.7784905284643173 0.7331972569227219 0.1611554175615311 0.1699226647615433 0 0 0 942.3552408218384 107.3681615516543 11.98581583052874 0 0.6129565089941025 1.092754274606705 4.466227531433105 0.5342327505350113 1.761683329939842 0.7542722821235657 0.2342411279678345 0 0 0.4365382492542267 0 0 3.838021010160446 0.1601605266332626 0.5354011058807373 0.1423576474189758 0 0.2991207242012024 0 0 1.327086664736271 2.291322611272335 209.5912356302142 865.4330649226904 7.445560827851295 3.656666189432144 0.4212937355041504 8.03632690012455 0.8367162495851517 7.461126141250134 0.702866718173027 0.08351746201515198 0.1757146194577217 0 0 0.2485215663909912 25.41223053634167 19.9531285315752 0.8259897083044052 18.73466535657644 31.97297070175409 3.004483297467232 1.216540791094303 0.6295660883188248 6.53138892352581 45.02681483328342 3.216897115111351 30.04517540335655 1.434815585613251 0.1445801705121994 0 0.7817783281207085 0 0.6346205472946167 0 0 0 0 0 0.9688611477613449 1.132949769496918 155.0835862755775 79.70463697612286 3.42559739947319 1.604389324784279 1828.464558944106 0.7090767621994019 0.4555054306983948 3.132769107818604 0.7762498557567596 0.3045670390129089 8.498503133654594 11.67017352581024 7.782419994473457 6.934048935770988 20.24022562801838 1.43256950378418 18.12488834559917 12.4626978635788 15.97019821405411 2.241257682442665 0 0 0 0 0 0 0 0 0 0 0 0 0 0 0 0.1397942751646042 0 0 0 1.047383017838001 0.2874175608158112 0 0 0.2293158620595932 3.006194934248924 0 2.998743198812008 0.1494942456483841 0 0 0 0 0 0 0 0 0.7371308356523514 0.8085807263851166 0 0 0 0 0 0 0 0 0.4305112659931183 2.033646732568741 0 0 0 3.773156404495239 2.086729243397713 0.1297165304422379 0.1425395309925079 0 0 0 0 0 0 6.168251290917397 0.6064357757568359 0 0.4030374586582184 0 0 0 0 0.1007849350571632 0.8715716600418091 2.273349970579147 0.3140575289726257 0.9453123807907104 0 0 0 0 0 0 0 0 4.674648240208626 2.270145058631897 2.779106304049492 45.76615306735039 2.153910703957081 34.03920112550259 9.706551231443882 989.5970273837447 7.432836756110191 1.146927028894424 2.170054197311401 1.331984475255013 0.3668483346700668 1.925713554024696 0 1.633090272545815 0 0 0.5431635081768036 0.1271312683820724 0
2882.161312393844 0 984.63892724365 1461.307297766209 4685.438273996115 1093.205503582954 6896.828290835023 280.7893161550164 2086.602269217372 578.1286314278841 1531.425424300134 66.72583386301994 395.9948965534568 321.2331191524863 9.331645630300045 0.5552876442670822 0.2879391610622406 0 0 0 0.1601588129997253 0 0.2682882696390152 0 1.737829469144344 0.1259133368730545 1.369673311710358 0.255306251347065 1.018721617758274 0.266606017947197 1577.292784646153 104.5624846294522 48.87178730964661 0 1.061249531805515 2.222835794091225 13.01711972057819 3.017577677965164 0.6851756274700165 1.507581502199173 0.1792085617780685 0.4066235572099686 0.2088977098464966 1.76791450381279 0.1096272841095924 0.1461788266897202 39.19515971839428 1.439966566860676 0 0.6711307168006897 1.667226083576679 0 0.3436525911092758 0.1436060965061188 13.77940949052572 11.0425793454051 75.00210363417864 738.0293179377913 18.38970237225294 26.41063493490219 0.4356034994125366 9.232784405350685 0.2044088691473007 36.53467735648155 3.474828846752644 1.398939400911331 5.341840513050556 0.2133858203887939 0.2923440933227539 0.1483206152915955 75.62137469649315 37.60639833658934 0 52.63458105176687 57.16179610043764 30.41381872445345 10.21758466213942 3.767059773206711 11.9958992600441 109.6048237457871 2.161132454872131 50.52217869460583 11.60728839784861 0.3901612311601639 0.7097800895571709 6.060445912182331 0.48065035790205 0 0.4009421616792679 0 0.1015510261058807 0.307640478014946 0.7501963675022125 0.5299872532486916 1.161596134305 145.8127480596304 9.005845800042152 0.2617758214473724 4.838394045829773 1434.991613067687 12.81588899344206 2.108484774827957 19.91865491867065 5.734564438462257 10.35201772302389 55.01704399287701 37.2181581556797 50.96007660031319 38.03498503565788 87.16174744069576 8.097551614046097 103.7870553731918 94.04231418669224 109.2764936611056 19.3136081174016 2.221452489495277 0.5380355715751648 0 0 0 0 0.138358473777771 0 0.3443507552146912 0 0 0 0.2919797897338867 0.3570222333073616 0 0 0.1651434302330017 0 0.1081140339374542 26.49347547441721 0.6817818880081177 0 0 0 19.94229254871607 0.7126611471176147 21.62106695771217 2.664055891335011 2.189890757203102 0.1191928088665009 0 0 0 0.7967862784862518 0.1487552970647812 0 3.927642494440079 8.601791143417358 0.7235936746001244 0.6607908010482788 0 0 0 0 1.264624856412411 0.1642407774925232 1.721899628639221 3.470282346010208 0.5153409838676453 0.2458758354187012 0 28.63866628706455 14.69687503576279 1.270315200090408 0.4830334782600403 0.3798408955335617 0.3251456618309021 0.2809818536043167 0.1014585644006729 0 0 72.1673389673233 4.648550465703011 0 0 0 5.193514868617058 0.3570736199617386 1.274634122848511 7.936792612075806 14.28656116873026 8.270999200642109 4.251272544264793 10.1492186486721 0.5257614850997925 0 0 0 0.08247768878936768 0 0 0 25.66276521980762 17.94974344223738 19.96621099114418 199.2600020691752 18.2994951158762 226.3529478833079 54.15857498347759 1545.287799589336 46.62201878428459 5.211155481636524 40.66785555332899 6.844771273434162 0 9.69260635226965 1.058089636266232 6.622357875108719 2.098078399896622 0 1.603897511959076 3.653578616678715 0.2706628888845444
1018.583345763385 984.63892724365 0 256.8538429737091 811.6106119155884 164.2952657788992 151.6149468943477 3218.346775531769 1112.980313211679 98.12378893792629 5736.118706725538 23.43558032810688 104.0549620836973 352.077401176095 10.80782300978899 8.504402250051498 0.8463892117142677 1.267538711428642 0.1423930674791336 1.247078537940979 7.487614989280701 0 8.745472989976406 5.283532798290253 16.69432095438242 0.9454004615545273 13.07227928936481 0.7450460195541382 0.6226552650332451 1.382176786661148 2962.416811414063 730.0467528104782 220.2296459451318 0 7.139280907809734 22.75677500665188 37.96583704650402 7.736597567796707 2.870103657245636 6.639151610434055 5.803550109267235 3.584416136145592 1.519691437482834 3.006811775267124 0.8495519757270813 0.7854086011648178 34.51658163964748 0.9097680300474167 0.8526984676718712 4.933475658297539 1.562609829008579 4.357950761914253 1.04195411503315 1.51977601647377 8.925435274839401 6.615378446877003 37.39708862453699 465.7934255972505 13.45702408254147 17.40244004875422 4.38690210133791 58.05872893333435 8.415255904197693 93.46781847625971 2.095493853092194 0.9402205497026443 3.451037719845772 0.5173398330807686 1.408740594983101 6.77493417263031 196.6707870215178 111.7087227404118 0 38.65676805377007 35.45610669255257 23.78414638340473 20.42425002902746 18.63336224108934 361.0145632699132 1259.540498524904 71.82848606258631 824.7121520116925 7.891983650624752 0.5822150036692619 0 3.970735929906368 2.621606200933456 0 0.3368398174643517 0 0.4367612898349762 0.5877515375614166 8.870127081871033 9.997991994023323 8.315170511603355 181.6286025643349 28.30861096829176 0.7120965123176575 9.075180232524872 966.0323303341866 11.37229404598475 0.550157755613327 18.78370508551598 0.8457254767417908 7.507487997412682 41.9091173261404 11.12753689289093 43.21527314931154 24.64757743477821 47.93345123529434 12.25705815851688 99.01904629170895 83.47598737478256 98.06332615762949 25.48435495793819 2.206242948770523 0.810984879732132 0 0 0.1197974681854248 0 0 0.1420180648565292 0.317830353975296 1.92098268866539 0.7291750460863113 0.4716648161411285 0.7525709494948387 0.3660368025302887 0.2227134108543396 0.2027554363012314 0 0.3021735101938248 0.267857551574707 34.3682129830122 1.624577596783638 0.2035851627588272 0.330506905913353 0.5728198289871216 31.41811855137348 0.4412195384502411 23.14996936917305 3.616267457604408 3.191787868738174 0.729819044470787 0 0 0.8979956805706024 1.006463728845119 0.1823666095733643 0 6.678857147693634 8.960408173501492 1.389314100146294 1.090251915156841 0.2511853575706482 0 0.5240441709756851 0 1.496575728058815 0 1.22337606549263 3.221495568752289 0 0.1413303166627884 0.2357714250683784 32.7587723955512 16.8082612901926 1.134906813502312 1.08404964953661 0.3657409995794296 0.1877030283212662 0.2318238765001297 0.6990736350417137 0 1.157480955123901 104.4695470333099 12.67657147347927 1.145787596702576 0.2007205933332443 0 7.652840532362461 2.260175712406635 3.075137078762054 7.156389378011227 10.26187156140804 12.82815707474947 7.034832067787647 9.682190142571926 0.2780555486679077 0 0 0 0 0.09768401086330414 0 0.1659915000200272 22.99877712130547 29.33140675723553 33.93396045267582 168.8582888171077 21.43559649586678 171.0094528868794 42.31278150528669 571.0916527435184 32.81503103673458 3.926422268152237 37.39294420927763 11.93843302130699 0.7933873012661934 21.32412191480398 3.46647784858942 8.590542435646057 2.54163658618927 0 2.892700299620628 6.428073458373547 0
427.0405603796244 1461.307297766209 256.8538429737091 0 620.5622474849224 371.2708998024464 1461.038338832557 0 537.8347917199135 1174.97175359726 34.64745754003525 20.31640109419823 876.5264799743891 74.61740636825562 0 0 0 0 0 0 0 0 0 0 0 0 0 0 0 0 101.6109452843666 0.630998432636261 0 0 0 0 0 0 0 0.1795954555273056 0 0 0 0 0 0 1.060686394572258 0 0 0 0 0 0 0 0.33988057076931 0 4.560948058962822 36.37358673661947 1.060098305344582 0.7630785778164864 0 0 0 0.6318725124001503 0 0 0 0 0 0 2.286297783255577 0.7466078400611877 0.1908240914344788 2.02958208322525 2.806456044316292 0.7494166940450668 0 0 0 0.185134157538414 0 0.2670352086424828 0.8781844079494476 0 0 0 0 0 0 0 0 0 0 0 0 60.30928882956505 2.026511922478676 0 0 65.72967900335789 0 0 3.185221463441849 1.269668951630592 2.25972518324852 4.800051167607307 5.62196096777916 5.736962020397186 7.355955064296722 17.81904047727585 0 15.91079457104206 14.65833611786366 11.1552182585001 1.683006808161736 0.2875999212265015 0 0 0 0 0 0 0 0 0 0 0 0 0 0 0 0 0 0 2.333024621009827 0 0 0 0 1.069173216819763 0 0.3195101320743561 0.5680721998214722 0 0 0 0 0 0 0 0 0.3401580154895782 0.4100336134433746 0 0 0 0 0 0 0 0 0 0 0 0 0 1.116423904895782 0 0 0 0 0 0 0 0 0 4.19371896982193 0.8706687092781067 0 0 0 0.1792745590209961 0 0 0 0.3666013181209564 1.239829987287521 0 0 0 0 0 0 0 0 0 0 4.991283670067787 0.4678537547588348 0.4241912811994553 20.71517849713564 0 9.883737556636333 2.106790997087955 207.1450539976358 3.591000959277153 0.1368868201971054 2.242738336324692 0 0 0.1373676210641861 0 0 0 0 0 0.4484423995018005 0
455.3662903383374 4685.438273996115 811.6106119155884 620.5622474849224 0 73.48780013620853 1838.191921055317 127.5852766036987 7093.250304341316 1096.128048405051 2866.680613204837 147.0838049203157 809.0778393521905 819.2819711491466 29.08113023638725 0.9529580995440483 0.1685101538896561 0.2001451253890991 0.1322536617517471 0.2381260469555855 0.4025128781795502 0 0.4170519262552261 0.2465135902166367 0.1494038552045822 0.1876131743192673 0.2509773671627045 0.2715787589550018 0.4065737649798393 0 784.4287147298455 205.7910375595093 41.73800698667765 0.15167635679245 0.2743145823478699 0.4974817708134651 13.75504520535469 1.212702572345734 2.185176678001881 1.647037208080292 1.551842540502548 1.532542750239372 0 1.155093930661678 0 0.3295430243015289 103.1507544443011 3.766789838671684 0.4917831420898438 0 2.913496181368828 0.2062353491783142 0.1138335913419724 0.1722657680511475 32.67437837272882 25.07191579043865 53.03212904185057 377.0428586527705 31.27524507790804 49.28668417036533 1.545998081564903 8.003385603427887 0 102.2167255729437 8.822925135493279 4.585032910108566 10.90399440377951 0.8876373097300529 0 0.09092660993337631 77.65577674657106 36.9676508307457 0 96.16408588737249 79.05380069464445 65.46370227634907 35.60424081981182 3.787955611944199 7.366832435131073 83.53533644229174 3.078983776271343 35.31520634144545 25.34244084358215 1.459032647311687 1.01374514400959 14.91843845695257 0.9544455334544182 0 1.29475686699152 0 0.3900579437613487 0.1523100435733795 0.7978412061929703 0.9720536544919014 0.6554858237504959 137.9783872514963 4.976940035820007 0 2.697083823382854 109.0034208521247 9.568426966667175 2.160369113087654 24.83308126032352 1.418770805001259 14.19185282289982 52.51026812195778 22.16767616569996 45.99258743226528 30.04413346946239 81.47122806310654 18.21558646857738 125.1733127832413 99.79514594376087 133.6366536766291 24.40369591116905 0.8232699856162071 1.196341335773468 0 0.1241935044527054 0 0 0 0 0.2679838538169861 0.3799441754817963 0 1.018348187208176 0.2011524885892868 0 0 0 0 0 0 44.91005367040634 0.5524760484695435 0 0 0.8990105539560318 24.8891803920269 0.9592935219407082 25.97504555433989 5.771388903260231 2.191660843789577 0.1177813038229942 0 0 0.7100628763437271 0.3295286297798157 0 0.3186653256416321 5.609451048076153 12.86508943885565 0.8044885843992233 1.554917752742767 0 0.6482064127922058 0.437925860285759 0.5444731265306473 0.3372229635715485 0.4565208256244659 1.958409532904625 5.078993931412697 0 0 0 46.9953643232584 14.78090313822031 1.560517370700836 0.4179631769657135 0 0.5044752359390259 0 0.2057003974914551 0 0 77.92432827502489 8.163301035761833 0 0 0 7.1263317912817 1.021799951791763 5.818041160702705 5.341646455228329 9.476138688623905 18.02435675263405 5.977578818798065 9.130009315907955 0.5716803669929504 0 0 0 0.2654461860656738 0.4596062302589417 0 0 30.0264700949192 18.63831713050604 24.36347863823175 490.2147338464856 47.54096425324678 663.2675295621157 139.1485970318317 502.507320702076 135.5488104969263 11.97676325589418 138.8890653550625 18.00895854085684 0.3734070956707001 20.24365480989218 3.285503834486008 6.614119738340378 3.617304682731628 1.003136664628983 6.069852143526077 10.3885038420558 0.37434321641922
441.2976956516504 1093.205503582954 164.2952657788992 371.2708998024464 73.48780013620853 0 751.6153202652931 7.082566231489182 129.3837503194809 556.9689331501722 46.49509491026402 140.9723782390356 246.8265404999256 131.7157401442528 0.4973940849304199 0 0 0 0 0 0 0 0 0 0 0 0.1572788208723068 0 0.4586146622896194 0 125.4335117787123 1.353662937879562 21.48527283966541 0.2706487476825714 0 0 7.642382189631462 0.5372597277164459 1.266761943697929 1.819653525948524 0.162224143743515 0 0 0.1766155809164047 0.5454767495393753 0.1654452830553055 0.541334480047226 0 0 0 0.4232650101184845 1.016162440180779 1.08202651143074 0 0.2747536152601242 0.1910821422934532 139.0423300266266 110.7800238952041 1.344061806797981 0.773543193936348 0.3946632146835327 3.432916313409805 0 1.02965059876442 0.0896342471241951 0 0 0 0 0 79.92167408764362 136.061492651701 7.351083859801292 1.449791707098484 2.983933299779892 0.6045025736093521 0.6576571613550186 0.7614833265542984 0 20.11947986483574 0 5.573342561721802 0.1212746500968933 0.7174093425273895 0 0.08751881867647171 0 4.16157291829586 1.078478664159775 4.434432253241539 0 0.5020989179611206 0 0 0.6644477844238281 254.4092451483011 464.2964795827866 35.17064961791039 9.50255323946476 571.6961203366518 0 0 1.707350209355354 0 0 0.7677204757928848 0.9539186507463455 0.2344139665365219 0.2876282632350922 3.305904999375343 0.2800032496452332 3.430435210466385 0.7987678349018097 2.858833014965057 0 0 0 0 0 0 0 0 0 0 0 0 0 0 0 0 0 0 0 0 0.3208451271057129 0 0 0 0 0 0 0.1471246033906937 0.2887396141886711 0 0 0 0 0 0 0 0 0 0.2266064137220383 0 0 0 0 0 0 0 0 0 0 0 0 0 0.1632117629051208 0 0 0 0 0 0 0 0 0 0.7641518265008926 0 0 0.2992027699947357 0 0 0 0 0 0.5188631415367126 0.572554886341095 0 0 0 0 0 0 0 0 0 0 0.2030122876167297 0 0 12.87235327810049 3.99379176646471 6.087637670338154 1.805323466658592 198.9563264772296 1.42799411714077 0.1179117783904076 2.277608253061771 0 0 0 0 0 0 0 0 0.1741359680891037 0
2081.64346639812 6896.828290835023 151.6149468943477 1461.038338832557 1838.191921055317 751.6153202652931 0 3.091416150331497 2669.667912185192 2237.77508302778 77.28421820700169 68.94760492444038 6719.059166722 2646.773066222668 19.84387166798115 1.194945394992828 0.1189582198858261 0 0 0.2092871963977814 0.603181004524231 0 0.1387689858675003 0.1033738255500793 0.4451917260885239 0.1667715162038803 0.4157750159502029 0 0.6921287477016449 0 727.455806106329 60.61891460418701 11.27364061772823 0 0 0.5025310069322586 4.890989243984222 1.249523058533669 1.294439740478992 3.16815397143364 0.2424434423446655 0.5334559231996536 0.2274674922227859 0.8824171498417854 0.1373924762010574 0.1737101972103119 69.45409854501486 3.799152731895447 0 0.4462368339300156 1.444111563265324 0 0.106217585504055 0.3275672942399979 25.31999564170837 18.68663216382265 80.38964911550283 702.9490914195776 33.58282466977835 50.35063341259956 0.8957339152693748 5.411084294319153 0.0957491472363472 57.86601966619492 6.753765366971493 3.530228830873966 8.585807800292969 0.8526257574558258 0.1350352466106415 0.1653587222099304 8.916155129671097 6.594263352453709 0 104.816463932395 99.06938370317221 54.57353457808495 18.17077352851629 1.638262033462524 0.5894792899489403 5.069442167878151 1.693751990795135 14.17035043239594 23.3211722895503 0.6598822176456451 1.639823898673058 12.35656000673771 1.657138891518116 0.1636247783899307 0.9671141728758812 0 0.4623686298727989 0.3346953392028809 0.7062922418117523 0 1.02686981856823 214.8042297884822 1.498178474605083 0 3.065693736076355 364.368396230042 2.66021840274334 2.023963436484337 17.00160922110081 4.158283188939095 4.166393361985683 40.49994948506355 44.80521704256535 36.82718224823475 29.8970095962286 78.45476612448692 11.06371474266052 86.65654026716948 80.67016535997391 64.36825759708881 7.552976101636887 0.4763877168297768 0.5527484714984894 0 0 0 0 0 0 0.137449637055397 0 0 0 0 0.2232988625764847 0 0.1266722083091736 0.4006718099117279 0 0 14.38803865015507 0.289282500743866 0 0 0.7922178357839584 6.860535584390163 1.138214021921158 8.85335236787796 1.846141710877419 1.155845507979393 0 0 0 0 0.3417194932699203 0 0 1.424376741051674 2.139003671705723 1.093850746750832 0.1944993287324905 0 0 0 0 0.9364428818225861 0.2647856473922729 0.342700719833374 1.686879560351372 0.2228922098875046 0 0.2160495072603226 15.22938618808985 10.13543842732906 0.9960578829050064 0.1409691274166107 0.2722484469413757 0 0.1104951724410057 0.1613665670156479 0 0 24.04424642026424 1.492262110114098 0 0 0 4.059092171490192 0.6742235198616982 0.6802216619253159 1.362889409065247 4.58122955262661 4.20478080958128 2.29455840587616 4.7422054708004 0 0 0 0 0 0 0 0 32.90459012985229 6.60039946436882 8.769227482378483 365.0092303156853 31.49614831805229 471.9888362362981 95.84568513184786 1172.302776366472 98.86673799157143 8.309830896556377 76.33698093146086 7.827314078807831 0 6.1163709461689 0.3346299231052399 4.052821531891823 0 0 5.383663952350616 4.109930537641048 0
88.63377968966961 280.7893161550164 3218.346775531769 0 127.5852766036987 7.082566231489182 3.091416150331497 0 176.8775963485241 140.3158052563667 2063.528761997819 7.111843600869179 29.96848185360432 187.9366488158703 6.370807640254498 4.360187277197838 1.034813761711121 0.5911840498447418 0 1.080121710896492 2.339080780744553 0 4.618080884218216 3.812234148383141 10.77566735446453 0 13.05783054232597 0.3465003073215485 1.106375880539417 2.135574117302895 686.7069684714079 2163.763418376446 169.6494606435299 0 5.224126666784286 16.79685553908348 29.88347727060318 4.764545276761055 1.760020211338997 5.346347838640213 4.292200773954391 2.702185541391373 0.875964343547821 3.60235258936882 0.2260266989469528 0.1945625692605972 25.75349844247103 0.4027631506323814 0.6129667609930038 5.976810768246651 1.175613284111023 3.148699462413788 0.344262570142746 0.2317273616790771 1.724389880895615 1.94490721821785 5.010471321642399 35.76524928957224 1.899971097707748 3.503281943500042 3.68975456058979 52.18090744316578 8.220333904027939 59.30334383994341 0.8990749642252922 0.3006611168384552 1.803786501288414 0.452429011464119 2.241600885987282 6.017109200358391 121.5932135730982 128.4556497186422 0 7.433072812855244 5.557729437947273 5.784039191901684 33.02861140668392 55.49961916357279 856.8815792798996 1326.057150870562 182.8230159133673 1067.125885546207 2.394475899636745 0.2368510514497757 0.1693456768989563 0.8427052646875381 1.353703133761883 0 0.09770219773054123 0 0 0.7007055878639221 9.841826021671295 6.302327454090118 12.3158951997757 91.64023952931166 19.47463744878769 0 6.702307030558586 49.43341806530952 4.955659925937653 1.520798414945602 3.017695471644402 0 6.313047677278519 15.62704585492611 0.9023531079292297 11.12032444775105 7.244110211730003 11.14575302600861 2.921100288629532 25.31001152098179 19.12449590861797 39.17071640491486 11.28097313642502 0.411810964345932 1.546571671962738 0 0 0 0 0 0.4088435173034668 0.4981436878442764 1.64993691444397 0 0 0.2791464179754257 0 0.2353802621364594 0 0.2841437458992004 0.6896729022264481 0 11.69069105386734 0.1918442100286484 0 0 0.4322322010993958 16.73751349002123 0.216256394982338 13.30311644077301 3.262526586651802 2.100649744272232 0 0 0 0 0.2495900690555573 0 0 1.394100308418274 2.629471406340599 0.2217646986246109 0.6268107295036316 0 0 0.6794589981436729 0 0 0 0.3122121393680573 0.8171026557683945 0 0.2419209182262421 0.1197649165987968 13.1800786331296 7.513114795088768 1.71036721765995 1.055195093154907 0.3670805394649506 0.3713352531194687 0 0.2348063588142395 0 0 33.00554228574038 8.18737631291151 0 0 0.6146842837333679 1.789401859045029 1.520088061690331 1.255314983427525 2.746689833700657 3.653729870915413 4.694252707064152 1.355529397726059 6.347478359937668 0.5678830593824387 0 0 0 0 0.1774327158927917 0 0 4.22421607375145 20.52400705218315 14.51701273024082 71.34569672495127 10.13629730790854 99.00633777678013 16.3561999797821 26.29276823997498 10.45695720613003 0.7523481100797653 20.18855598568916 4.904130853712559 0.4589415788650513 7.34375873208046 1.175018884241581 0.567935049533844 1.038829386234283 0 3.571996554732323 3.163500338792801 0
181.0165807381272 2086.602269217372 1112.980313211679 537.8347917199135 7093.250304341316 129.3837503194809 2669.667912185192 176.8775963485241 0 1259.333957433701 2429.117785543203 127.1987433210015 2386.439774408937 1930.223035946488 33.49833481758833 3.109141439199448 0.3552247658371925 0.2953240126371384 0 0 1.373858034610748 0 0.3228829354047775 0.7316746264696121 0.3855811655521393 1.082059860229492 0.7144525945186615 0.5057235360145569 0.6882098764181137 0.1480860710144043 430.5382820591331 299.6664932742715 129.8157892748713 0 0.2533751949667931 0.422426626086235 25.59963704645634 1.146107442677021 1.680065169930458 1.315229818224907 1.329023480415344 1.682294487953186 0.1402532756328583 2.716213651001453 0 0 161.4642866179347 2.879002571105957 0.09428868442773819 0.3290689438581467 4.434939987957478 0.4209751039743423 0 2.356149256229401 26.41676343232393 25.65452529489994 41.19449167698622 248.4721910357475 30.19241182506084 35.6560467556119 1.416032366454601 14.60350330173969 0 95.26384293287992 7.973156630992889 4.152086704969406 11.16996354609728 0.9939842149615288 1.07940399646759 1.231601759791374 137.1978438869119 68.81645362079144 0.1082595065236092 81.08504344522953 68.52294892072678 58.14374195039272 50.47104554623365 14.09077949076891 6.671164683997631 129.5759915411472 2.651024453341961 28.98104516416788 21.89260382950306 1.905146934092045 2.208494178950787 13.79016567766666 1.527890555560589 0.09841354936361313 1.468888625502586 0 0.800459086894989 0.3160690367221832 1.084039635956287 1.845219194889069 1.288852944970131 427.1042840182781 8.644523233175278 0 3.176109820604324 73.57798290252686 18.6096476316452 2.687745407223701 46.61269418895245 6.944622218608856 22.84270653128624 115.1840025484562 35.53044891357422 127.2395100742579 65.08273170888424 168.4703992009163 28.71488757431507 227.7959883958101 232.4533016085625 255.7396219223738 49.00752341747284 2.578251555562019 1.169828414916992 0 0 0 0 0 0 0 0.2903490662574768 0 0 0.1823766529560089 1.022056594491005 0.1741066128015518 0.3478094711899757 0 0.5941210240125656 0 65.4146758466959 2.16807909309864 0.1453100293874741 0.7206894755363464 0 56.64278217405081 0.9838831573724747 44.11911873519421 4.706276133656502 3.592542879283428 0.1923387795686722 0.6769958734512329 0.5022061765193939 1.165048882365227 1.486911311745644 0 0 8.366841919720173 18.16609741747379 1.714138254523277 1.896344497799873 0 0.1550632417201996 0.5104674249887466 0 0.8701070100069046 0.1995086371898651 4.724511712789536 8.093179285526276 0.137483611702919 0.3080534636974335 0.566344141960144 69.60267145186663 34.05233111977577 3.40843328088522 1.015556141734123 0.8828975856304169 1.398832708597183 0 0.390764519572258 0 0.1710353344678879 154.7550937384367 11.31394550204277 0.8193961381912231 1.11128169298172 0.2850997149944305 18.20124453306198 3.556807607412338 10.13107571005821 14.49215799570084 16.49390739202499 20.89159128814936 14.18859598040581 22.91053953021765 1.228235684335232 0 0 0 0.4170108735561371 0.287392683327198 0.1378375291824341 0 92.5202222019434 39.8062988370657 42.08599149435759 1032.645051889122 73.94151326268911 1139.782190032303 269.9066786691546 598.605562120676 258.1133941933513 19.91586510837078 388.9583165943623 37.42639803141356 1.147937551140785 31.04717484861612 0.9214129820466042 12.48718485236168 1.659232184290886 0 8.74341145157814 29.98468662798405 1.743651434779167
492.7043863534927 578.1286314278841 98.12378893792629 1174.97175359726 1096.128048405051 556.9689331501722 2237.77508302778 140.3158052563667 1259.333957433701 0 213.9653448611498 707.9681397378445 3953.190960600972 623.3711575418711 2.236369580030441 0.5183288604021072 0 0 0 0 0 0 0 0 0 0 0 0.1576097309589386 0.1333423256874084 0.2908464372158051 121.55096372962 7.078493736684322 55.87514808773994 0.12142264097929 0 0 26.64355732500553 2.144649371504784 4.49507762491703 1.04260379076004 0 0 0 0.6441624462604523 0.1083015948534012 0.1070773676037788 11.45071887969971 0 0 0 0.8518657684326172 1.539369061589241 1.754895925521851 0.2967629134654999 2.321744553744793 2.89559755474329 30.30778420716524 149.9802398607135 5.960126370191574 5.409831359982491 0.2034049779176712 9.023844093084335 0 11.5229921489954 0.4975320547819138 0.2442634701728821 1.110200114548206 0 0 0 233.6077111512423 54.68223103880882 3.360873088240623 18.82355014234781 20.86382612586021 8.45348697155714 4.031651370227337 1.736161395907402 0.1553529798984528 41.85023003071547 0.7340291738510132 11.97642477601767 2.889298856258392 0.2242283225059509 0.2513817995786667 1.287380233407021 0 2.825942665338516 0.1696788668632507 3.590425580739975 0 0.151403546333313 0 0 0 643.6735168993473 220.5284938365221 28.16641210019588 31.16062662005424 340.3787864819169 8.322796985507011 6.992667496204376 44.63997539877892 21.45656144618988 8.590512633323669 114.2104304432869 172.7308158874512 87.14925527572632 95.60307668149471 262.9053258299828 17.71732847392559 240.050356388092 230.0037929564714 246.1443118900061 16.15168090164661 0.3040652871131897 0.8977368324995041 0 0 1.371591567993164 0 0 0 0 0 0 0 0 0 0.2300831228494644 0 0 0.7026426643133163 0 28.08404122292995 0.497477650642395 0 0 0.3712549805641174 16.37155379354954 2.148794278502464 23.71067455410957 2.804236248135567 2.583724349737167 0.4126066267490387 0 0 0 1.517736405134201 0 0 4.012255012989044 6.984507173299789 0.9069418609142303 0.1123087331652641 0 0.3440112173557281 0 0 0.3416177034378052 0.1734332591295242 0 3.996139392256737 0 0 0 24.84978234767914 23.19246899336576 1.066183298826218 0.1957184225320816 0 0 0 0.1468508243560791 0 0 62.15783031284809 7.025835365056992 0 0 0 5.602078542113304 0 4.348340839147568 3.37148567289114 9.819559633731842 16.13551245629787 5.738378494977951 8.591395124793053 0.4644903242588043 0 0 0 0 0 0 0 169.5371112674475 11.21698945760727 14.86148397624493 145.7933721542358 4.579093292355537 93.73859462887049 17.33118329197168 651.0134533196688 20.23166891932487 1.124400861561298 21.31789101660252 10.53584892302752 0 19.89468044787645 0.8268817514181137 8.297340258955956 1.045220628380775 0 5.03783243894577 1.327743768692017 0.7482465207576752
131.8219266980886 1531.425424300134 5736.118706725538 34.64745754003525 2866.680613204837 46.49509491026402 77.28421820700169 2063.528761997819 2429.117785543203 213.9653448611498 0 90.92952007055283 679.8925873562694 2302.459180146456 25.28703924268484 18.37438944727182 0.7435549050569534 0.3947875425219536 0 0.6412622481584549 3.256246298551559 0 1.293815821409225 0.9752924591302872 2.913594894111156 0.3082064390182495 3.270864754915237 1.477831520140171 0.4432820230722427 0.1841532737016678 840.759853862226 655.0103773474693 779.033913180232 0 1.168321222066879 4.230469718575478 92.05925734341145 6.965115293860435 3.618842199444771 4.795983731746674 2.355368971824646 1.889306142926216 0 10.27672897279263 0 0.3338739573955536 104.5219075083733 1.018692627549171 0.2888772040605545 1.087286531925201 5.32280046492815 4.187955558300018 1.714192226529121 1.162287533283234 11.06481586396694 9.832817114889622 13.60631739348173 81.67890564352274 9.628909446299076 13.58974865078926 1.54665844887495 86.5654925853014 2.589435443282127 67.13016764819622 2.51515856385231 1.048564501106739 4.69117771089077 0.7086614817380905 0.1922236531972885 1.296937137842178 318.5374591648579 152.1979720145464 0.9575658142566681 30.56308410316706 25.38311203569174 28.96728110313416 46.27739357948303 81.10474356263876 104.9617064148188 822.5326170176268 15.07838189601898 466.8152880743146 6.451668336987495 1.090695820748806 0.7654307633638382 5.833479605615139 0.2242928594350815 0 1.910832941532135 0 0.7666054219007492 0.414616197347641 3.976284578442574 2.756203792989254 9.600605353713036 1019.374750807881 26.41023313999176 0 4.630473867058754 101.8076998442411 18.77729272842407 1.40828001499176 44.16984683275223 2.875101923942566 22.53293547034264 114.119616240263 20.15781645476818 101.1083863526583 63.96413226425648 118.7823619842529 24.13383643329144 254.5455162599683 248.2457038611174 343.5769335031509 60.6770329028368 1.596686169505119 0.9285510629415512 0 0 0.5250898003578186 0 0 0 0 0.1680296659469604 0 0 0.1343606114387512 0.745038315653801 0 0 0 0.4551754742860794 0.1563628613948822 69.42940350621939 2.51200233399868 0 0 0.4712451696395874 52.16935382783413 1.651025801897049 28.33130718767643 4.12610699981451 1.894066825509071 0.921991378068924 0 0 1.514660492539406 1.626290567219257 0 0 8.724830262362957 17.73817037045956 1.328511126339436 1.60145940631628 1.759981393814087 0.316692091524601 0.1305251270532608 0 2.139681458473206 0 1.241001896560192 6.262922450900078 0 0.2043862640857697 0 48.36310134828091 31.33074408769608 3.230670727789402 1.951868683099747 0.6546565145254135 0 1.259562999010086 0.8961696028709412 0 0 199.4747837483883 22.29406277835369 0.5040671229362488 1.405321598052979 0 17.82905077934265 0.6271493285894394 3.937973968684673 13.39585203677416 20.54450549930334 23.89679841697216 13.61263310909271 17.32004720717669 1.370300143957138 0 0 0 0.1145006939768791 0.7713306695222855 0 0 98.93165282905102 61.27457982301712 41.67634877562523 782.2898856401443 54.49017897248268 515.6457565352321 152.0419294908643 188.1103106811643 107.733172506094 10.66323192417622 246.3883268386126 34.04901571571827 0.7646614015102386 28.61692468822002 3.321527779102325 11.04896903038025 3.04253613948822 0 14.3738941475749 26.66129515320063 0.8439946696162224
20.56179738044739 66.72583386301994 23.43558032810688 20.31640109419823 147.0838049203157 140.9723782390356 68.94760492444038 7.111843600869179 127.1987433210015 707.9681397378445 90.92952007055283 0 688.1843164265156 101.2370249032974 7.234390959143639 9.517828747630119 0.157117173075676 0 0 0 0.3280127048492432 0 0 0 0 0.2796172499656677 0 0.1300096660852432 0 0 15.85581509768963 22.57343231141567 51.87447230517864 0 0 0 33.22346878051758 1.647110641002655 5.02438984811306 1.702676668763161 0 0.1321117281913757 0 6.263713106513023 0 0.1605501472949982 9.447327971458435 0 0 0.1335146725177765 0.1323141902685165 0 0 0.1634358167648315 0.758182168006897 0.7426316514611244 4.432642862200737 15.89896140247583 1.666582673788071 1.975191116333008 0 6.330654621124268 0 17.79609484225512 0.2148103043437004 0.1067380383610725 0.1054625809192657 0 0 0 52.04621440172195 23.35041196644306 0 4.101101949810982 5.900711379945278 5.752234950661659 15.02065224945545 31.01779769361019 5.236667618155479 39.3073878288269 4.72527302801609 4.470527768135071 0.6218926608562469 0 0 0.3572685047984123 0 0.1277065426111221 0 0 0 0 0 0 0.791725292801857 1459.534055814147 76.33237354457378 0 0.9301846623420715 44.04000121355057 2.260329484939575 1.56273540854454 11.36138598620892 4.788238376379013 2.481242462992668 40.05816040933132 18.37426236271858 29.94842450320721 18.26852443814278 47.69257213175297 3.038983747363091 88.52056401968002 89.04619419574738 127.8839739710093 9.683863773941994 0 0.1608401834964752 0 0 0 0 0 0 0 0 0 0.3040856420993805 0 0 0 0 0 0.4413766860961914 0 12.12111662328243 0.4010608494281769 0 0 0 7.255464896559715 0 5.260513976216316 0.574409656226635 0 0 0 0 0 0 0 0 1.551644802093506 1.219447940587997 0 0.2232601046562195 0 0 0 0 0 0 0.798037976026535 0.6649272590875626 0 0 0 6.170643880963326 4.140902787446976 0.2083331644535065 0.457496851682663 0.3241121470928192 0 0 0 0 0 32.55851303040981 3.631657376885414 0 0 0 1.939133852720261 0.5966018438339233 4.986099824309349 1.900124378502369 5.68673013150692 2.449864394962788 2.277184456586838 4.384306386113167 0.4071873724460602 0 0 0 0 0.1207927018404007 0 0 58.5063105225563 9.511505842208862 5.15685747563839 142.9163111373782 7.557652592658997 54.57263013720512 14.49454417824745 128.7241120189428 8.500931702554226 0.2738819718360901 27.95507352054119 4.502490594983101 0 2.364645883440971 0 2.43122786283493 0.356212317943573 0 1.13151216506958 2.786416992545128 0
139.2468709647655 395.9948965534568 104.0549620836973 876.5264799743891 809.0778393521905 246.8265404999256 6719.059166722 29.96848185360432 2386.439774408937 3953.190960600972 679.8925873562694 688.1843164265156 0 3688.096704959869 17.35667871683836 18.99530591070652 1.188438937067986 0 0 0.142022430896759 0.6002478003501892 1.65857195854187 0.1627185940742493 0.2200254872441292 0.353923037648201 0.121454045176506 0 0.1341356635093689 0 0 85.6865515857935 79.67637918144464 369.5555988997221 0 0 0.1339733451604843 192.5565445125103 9.339276015758514 68.8052728548646 90.94680070877075 0 0.3165865391492844 0 13.61613562703133 0 0.4265675395727158 34.70811395347118 0.2865881472826004 0 0.1728653758764267 0.6665415614843369 1.265925824642181 8.91883260011673 0.432478278875351 5.208981774747372 4.873588606715202 15.55136243999004 84.18396221101284 5.428602300584316 8.593888811767101 0.5410420894622803 13.36611053347588 0.7726018130779266 42.7364683970809 1.491091012954712 0.4631976783275604 2.018986374139786 0 0 0.723707303404808 229.0052123442292 76.40440981090069 0 16.2342886403203 27.24579398334026 17.05656240135431 38.91937701404095 69.89570684731007 18.20903319120407 269.1120648607612 6.18451751768589 45.78071601688862 5.001709848642349 0.1260976642370224 0.3414384946227074 2.594466120004654 0.2118475586175919 0.1559704542160034 1.157300762832165 0.408390685915947 0.7678414285182953 0 0 1.094644010066986 0.6107733696699142 3627.714663095772 99.18532860279083 5.892088800668716 21.31031339615583 79.46925480663776 9.001758679747581 3.734729871153831 33.74915887415409 8.291858702898026 11.17586402595043 98.98877038061619 61.25022460520267 93.26133896410465 63.95894165337086 147.0999620556831 11.66642053425312 205.311544418335 246.8028762191534 284.1733334586024 28.39293642342091 0.2616702690720558 0.5131811797618866 0 1.459645017981529 0 0 0 0 0 0.5886921882629395 0 0 0.1626324206590652 0.8518403172492981 0 0 0.1538300216197968 0.3957174122333527 0 38.6644422262907 0.5809409767389297 0 0 1.201368927955627 27.14698314666748 0.4421827644109726 16.7032381221652 2.407493986189365 0.9003756269812584 0.1814403980970383 0 0.1793973445892334 0.3006224632263184 0.7274482846260071 0 0 2.217335879802704 5.934186734259129 1.211181744933128 0.5145249739289284 0 0.1982610672712326 0 0 0.2282529175281525 0.09046061336994171 1.58431014418602 5.410049617290497 0 0 0.1601257026195526 28.77769295871258 18.15138044953346 1.156659685075283 1.257390052080154 0.3449273854494095 0.550199568271637 0 0.322487436234951 0 0 110.2841559201479 11.83592158555984 0 0.4845120906829834 0.2195948511362076 6.439997613430023 0.8991755843162537 6.506583765149117 5.523930385708809 8.34434150904417 12.33963358402252 3.193819999694824 9.064191922545433 0.3586286604404449 0 0 0 0 0 0 0 155.0125408470631 34.38951759040356 22.86619316786528 528.7163062468171 28.78663813322783 231.0024906247854 68.22897391021252 333.0116233676672 51.50322311371565 3.512454114854336 118.486465446651 15.61442203819752 1.662931710481644 17.76114237308502 0.7405271381139755 4.040203541517258 2.396393045783043 0 2.112126186490059 11.84536981582642 0.5154280811548233
