0 2782.022624589503 415.5621074959636 1549.727776452899 852.5797256976366 71.47847662866116 1273.645157203078 32.62633457779884 166.96948672086 2324.063652582467 484.4965285286307 9.741375997662544 499.4958377853036 111.0129356980324 0.7698320373892784 0.6167097985744476 0 0 0 0 0.1284849941730499 0 0 0 0 0.1119576841592789 0 0.3345961570739746 0 0 241.9713377207518 1.11957560479641 0.4260606989264488 0 0 0 0.8377736881375313 0 0.08684408664703369 0 0 0 0 0 0 0 4.212507858872414 0.7046268582344055 0 0 0 0.1427536010742188 0 0 2.362301848828793 2.397974736988544 356.0143683329225 1020.096503615379 36.44870517402887 10.99918424338102 0.2517641335725784 0.1224928423762321 0 3.315245024859905 0.6602972894906998 0.6773510277271271 0.07371671497821808 0.2851312160491943 0.210972361266613 0 3.181079037487507 0.1827309876680374 0 203.1429337859154 13.69850138574839 38.80788314342499 2.313324928283691 0.126933366060257 0.507325179874897 8.961145162582397 0.1893363669514656 1.447406336665154 2.339832626283169 0.3732375800609589 1.856342732906342 1.306734010577202 0.9953763335943222 0 0.2888331338763237 0 0.1073703467845917 0 0 0.1305699050426483 0 44.99834784865379 0.3044190108776093 0 0.08774843066930771 1023.53969938308 0 0 0 0 0 5.510652244091034 0 0 1.278022170066833 0 0 0.1115080267190933 1.89777909219265 0.3084731549024582 0 0 0 0 0 0 0 0 0 0 0 0 0 0 0 0 0 0 0 0 0 0 0 0 0 0 0 0.1405754536390305 0.1818069666624069 0 0 0 0 0 0 0 0 0 0 0 0 0 0 0 0 0 0 0 0 0 0 0 0.4116665497422218 0 0 0 0 0 0 0 0 0 0.6661269515752792 0 0 0 0 0 0 0 0 0 0 0 0 0 0 0 0 0.1091876104474068 0 0 0 0 0 0 50.99665740132332 4.367483891546726 45.15098825842142 13.88149230927229 832.4817220717669 3.353397235274315 1.423678398132324 7.641374655067921 0.7931251525878906 0 0.2951707243919373 0.1085004433989525 0 0 0 0 0.5919493436813354 0.5299379900097847
2782.022624589503 0 519.5323961749673 876.7816071212292 3549.512543424964 232.2560383677483 6605.826640196145 93.26020842790604 992.5056524723768 372.2036011964083 775.9971228390932 11.42428613454103 678.9275955408812 353.4702525138855 6.740105241537094 0.9457579180598259 0 0.2987721040844917 0 0.6538580507040024 1.301235564053059 0 0.2360662743449211 0 0.2775251939892769 0.2155978456139565 0.2300165668129921 0.2252378091216087 0 0.07925237715244293 1539.756349146366 28.74810909479856 0.4621884375810623 0 0 0 1.507850833237171 0.1401918530464172 0.5642798021435738 0.1270453780889511 0.1732404306530952 0 0.3126677349209785 0.1079695001244545 0.1958947479724884 0.405693843960762 28.93976193666458 7.876176804304123 0.3553200215101242 0.2074159234762192 0.4138321429491043 0 0 0 8.225334763526917 11.09591183811426 67.28943937271833 775.0151411369443 18.52098518610001 38.23587691038847 0.3787600547075272 0.1083352044224739 0.1185564324259758 45.0901340469718 6.59647972881794 3.278413362801075 0.8849129006266594 2.898733459413052 0.3918694481253624 0.5027164071798325 2.964952550828457 0 0 302.003898024559 82.1581853479147 153.4823367148638 12.06336539983749 1.113899268209934 0.7280484214425087 8.305749483406544 1.169522516429424 1.507503002882004 10.78510350733995 0.6697114482522011 6.95968110114336 6.312900207936764 3.5981430336833 0.173694983124733 0.6421216353774071 0 0.2077123075723648 0 0.4323481321334839 0.2048102393746376 0.1047544851899147 13.31389004737139 0.1015502661466599 0 0.1544898748397827 842.8139866143465 0 0 0 0 0 25.3185208439827 0.1427038460969925 0.4686005562543869 5.196548879146576 0.6535570025444031 0 0.8607595264911652 0.6493117362260818 2.26491816341877 0.1084031388163567 0 0 0 0 0 0 0.13460373878479 0 0 0 0 0 0 0 0.3846880495548248 0.1576285511255264 0.4400592297315598 0 0 0 0 0 0.1725442856550217 0 0.5259143263101578 0 0.3916464895009995 1.157791912555695 0 0 0 0 0 0 0 0 0 0.2179934680461884 0 0 0 0 0.2105778530240059 0.09067539125680923 0 0 0 0 0 0 0.18508580327034 0 0 0 0 0 0 0 0 0 0 1.27935653179884 0 0 0 0 0 0.5583575367927551 0.1587274223566055 0 0 0 0 0 0 0 0 0 0.09288053214550018 0 0.1011016592383385 0 0.6734447702765465 0.3999427706003189 0.566851019859314 196.9897877499461 20.8679503723979 171.9987602382898 52.03565692156553 527.5033894702792 10.36811555176973 2.599411271512508 45.6849866732955 2.458077773451805 0.4240601062774658 1.040555730462074 0.5184249952435493 0.9008497595787048 0 0.3333409950137138 0.1205527186393738 2.076832823455334 0
415.5621074959636 519.5323961749673 0 2.690636292099953 1029.605030693114 2.797604963183403 186.5482078418136 1282.208169288933 530.7396889925003 4.088991850614548 4075.11352135241 7.228326939046383 201.0828525200486 326.3154163435102 5.982510887086391 14.77777799963951 0.7856807559728622 1.559619642794132 0.1314274966716766 5.857788182795048 11.79661923646927 0 1.175199426710606 2.013401918113232 0.3227548450231552 1.391611777245998 0.5783238261938095 0.6077308282256126 0.1471417844295502 0 5398.427349857986 736.2917647957802 6.185917615890503 0.9067608788609505 1.442436389625072 0.7522671595215797 3.730214789509773 0.7260259836912155 1.947436571121216 0.9249466508626938 12.64716041833162 0.8866215646266937 0.9155882969498634 2.710854463279247 1.245936833322048 1.562084317207336 13.6705574542284 4.083060868084431 0.7516452893614769 1.394180051982403 0.8661179319024086 0 0.1122425347566605 0.4869491010904312 3.981511197984219 4.906149238348007 57.95749580860138 1499.485256746411 16.14713594317436 21.14285296946764 25.27792722731829 5.454703882336617 0.4844830632209778 405.4563584700227 1.903832733631134 1.619428664445877 0.6706474870443344 1.798784509301186 4.265831209719181 20.52243912220001 5.965214468538761 0.5332967415452003 0 270.9788427203894 111.8255956396461 103.6631048098207 19.58282992988825 6.576561987400055 125.4820990860462 692.294315032661 13.78308354318142 165.2580935359001 6.162390530109406 0.3002361804246902 3.552952133119106 2.875207148492336 3.729801781475544 0.09249787032604218 0.9537031501531601 0 0.3919144421815872 0.1013899743556976 7.573451370000839 0.6111840605735779 0.2432426065206528 0.6433655768632889 0.9589966014027596 0 1.865361116826534 678.1562756076455 0 0 0 0 0 0.4528280794620514 0 0 0.253259152173996 0 0 0.1163729354739189 1.187931463122368 1.115843236446381 0.7322265654802322 0 0.2637516856193542 0 0 0 0 0 0 0 0 0 0 0 0 0 0 0 0 0 0 0 0 0 0 1.12661749124527 0.09967368841171265 1.48533621430397 1.266931146383286 0.4279702454805374 0.1544811874628067 0 0 0 0.1175356134772301 0 0 0 0 0 0 0 0.1093602553009987 0.1015554890036583 0 0 0 0 0 0 0 0.1952862441539764 0.7099037617444992 0 0 0 0.08007632941007614 0 0.1195755824446678 0 0 0 3.001276686787605 0 0 0 0 0 0 0 0 0.2616399824619293 0 0 0 0.2229636237025261 0 0 0.089145228266716 0.09493616968393326 0 0 0 0.8836912959814072 1.361258983612061 1.01828208565712 57.60344364494085 9.685467034578323 73.80100975930691 23.86450818926096 99.81610564142466 3.984328165650368 1.158340573310852 15.23354022204876 2.084284290671349 0 1.136502049863338 0.6870042681694031 0.5776367485523224 0 0.08217699080705643 0.3800816684961319 1.300876662135124 0
1549.727776452899 876.7816071212292 2.690636292099953 0 77.64850659668446 542.8324823081493 1827.453814357519 0.1030052751302719 65.30110809206963 1699.689189478755 3.346243806183338 15.57169519364834 1000.182317957282 6.172765120863914 1.699446097016335 0.2999275177717209 0 0.1079617068171501 0 0.3321832194924355 0.1815388426184654 0 0 0 0.0969240665435791 0 0 0 0 0.1671242415904999 28.51720881462097 1.645696744322777 0.138383761048317 0 0 0 0.1877188608050346 0 0.1835096478462219 0.2100253701210022 0 0 0 0 0.211253359913826 0.1060118824243546 12.57939360290766 2.509537562727928 0 0.121569812297821 0.0938987135887146 0 0 0.4068852961063385 2.674386024475098 3.323017761111259 39.6708796620369 250.3820135369897 7.590259090065956 9.97453036904335 0.2201607748866081 0 0 8.429156623780727 1.253974549472332 0.8688430786132812 0.3192655295133591 1.42596947401762 0 0.1053796038031578 2.996541298925877 0 0 117.9169167280197 24.98227372765541 55.47568922489882 4.21508477628231 0 0.2405140921473503 2.304289296269417 0.2802293822169304 0.6534701734781265 3.233684815466404 0.221461333334446 2.775865733623505 1.305187664926052 1.130142763257027 0.09906493127346039 0 0 0.3754960522055626 0.1146857365965843 0.1258260756731033 0 0.1385717988014221 33.49164310842752 0 0 0.2721082866191864 420.1791914850473 0 0 0 0 0 6.650212466716766 0 0 0.5884948372840881 0.1900520771741867 0 1.014658093452454 1.969067692756653 2.574053481221199 0.5732568502426147 0.1832293272018433 0 0 0 0 0 0 0 0 0 0 0 0 0 0 0 0 0 0 0 0 0 0 0 0.6982153058052063 0 0.8749974071979523 0 0 0 0 0 0 0 0 0 0 0.346047930419445 0 0 0 0 0 0 0 0 0.1148156970739365 0 0 0 0 0.4710702002048492 0 0 0 0 0 0 0 0 0 1.777227759361267 0 0 0 0 0 0 0.4342103600502014 0 0 0 0 0 0 0 0 0 0.107185073196888 0 0 0 2.144933983683586 0.4460375905036926 0.6134271025657654 120.1426808387041 7.516788691282272 72.605901658535 17.00458482652903 752.7390969321132 5.447075583040714 1.437256693840027 25.78878249228001 1.450026482343674 0.08576657623052597 0.9870266020298004 0 1.90966808795929 0 0 0 0.6222258359193802 0
852.5797256976366 3549.512543424964 1029.605030693114 77.64850659668446 0 23.60816912353039 2744.361676603556 233.5289538428187 4122.747089900076 193.2135188803077 1628.226310960948 29.66267067939043 1357.799370981753 1200.01516418159 11.76109820604324 3.075967654585838 0.3370416611433029 0.4185226410627365 0 0.5083539858460426 0.4810297712683678 0 0.1258074641227722 0.1032770797610283 0 0.2097338065505028 0 0.3466824889183044 0.2884468287229538 0.2274870648980141 470.8385498300195 32.16933237016201 0.760704904794693 0.2039432227611542 0 0 1.6173475086689 0.09475540369749069 0.7215175852179527 0.3746498376131058 0.1074406653642654 0.3009853959083557 0.09864158928394318 0.6213118359446526 0.2034022510051727 0.5378547385334969 31.65023058652878 7.861858747899532 0.9434748366475105 0.7289858981966972 0.2439483255147934 0 0 0.2843439728021622 4.768532536923885 6.454516127705574 20.27749893814325 385.2944531217217 8.79733058065176 26.7782456278801 0.7227122932672501 0.2312116920948029 0.267705112695694 57.53636843711138 4.236207999289036 1.644034050405025 0.7440900281071663 1.912101164460182 0.6141725853085518 1.455919273197651 8.198653861880302 0 0 179.5125933885574 81.50766749680042 157.3136091157794 22.03319446742535 3.079361788928509 0.7985313087701797 6.855681113898754 1.008546777069569 2.944789595901966 9.747825808823109 0.4334624633193016 7.737668618559837 5.448259025812149 3.506013922393322 0.3752382397651672 1.206428952515125 0 0.9548655599355698 0 0.4305584877729416 0.305909089744091 0.2567381784319878 9.702052734792233 1.176237352192402 0 0.2914277538657188 209.2883533760905 0 0 0.2213204503059387 0 0 1.165228277444839 0.3602793216705322 0.449912965297699 0.5753548294305801 1.297878965735435 0.7517155557870865 6.262815922498703 4.095445483922958 8.626856170594692 1.264019452035427 0 0 0.1382156759500504 0 0 0 0 0 0 0 0 0 0.1229230090975761 0 0 0.1025688052177429 0 0 0 0.3301488906145096 0 0 0 0 1.869471415877342 0 1.277766771614552 0.4642593041062355 0.2382192090153694 0 0 0 0 0 0 0 0 0.7065193802118301 0 0.2679488956928253 0.1451798379421234 0 0 0 0.2108040153980255 0 0 0 0 0 0.3189545869827271 0.9336630627512932 0 0 0 0.08849094808101654 0 0 0 0 0.1241345033049583 8.291634649038315 0 0 0.09348476678133011 0 1.165843844413757 0 0.7767923325300217 0.1582338362932205 0.1058527156710625 0.3934503346681595 0.1482494324445724 0 0 0 0 0 0 0 0 0 4.181635066866875 0.5026269257068634 0.1543446183204651 178.6419199854136 17.06881346553564 150.0639234930277 55.38180646300316 189.0725440457463 8.750092320144176 3.993908531963825 38.8747725635767 5.525416404008865 0.1088285595178604 1.861042998731136 0.3372605219483376 1.368259102106094 0.2447205483913422 0.07920381426811218 0.4368045777082443 2.093327663838863 1.054898023605347
71.47847662866116 232.2560383677483 2.797604963183403 542.8324823081493 23.60816912353039 0 267.7672613561153 0 12.1474829018116 1047.298185199499 11.0034332126379 190.4983894824982 224.4784017428756 42.42334282398224 1.629228115081787 1.982067331671715 0.2544780299067497 0 0 0 0 3.394453138113022 0 0 0 0 0 0 0 0 2.459897615015507 0 23.54134678840637 0 0 0 22.54171814024448 0 5.602973371744156 0.1555003523826599 0 0 0.1575212478637695 0.2672697007656097 0 0.2596889138221741 1.520892575383186 0.2492686063051224 0 0.4568259119987488 2.128763884305954 11.28106917440891 0 0 0.1266316473484039 2.246791586279869 242.5194835364819 47.70442035794258 10.12557129561901 0.9045240730047226 0.2889802157878876 4.85447333753109 0 1.120875507593155 0.09589185565710068 0 0.9513303488492966 0 0.1087502390146255 0 222.054423853755 406.8097134828568 13.76798167824745 12.93937820196152 1.110780239105225 5.70881287753582 1.927171967923641 0.9553295820951462 0 32.96523815393448 0.8450750559568405 9.383793845772743 0.1655939519405365 0.6832103133201599 0.3359222412109375 0.6650908887386322 0.1972388923168182 9.482245489954948 5.839734271168709 9.761828109622002 2.695191353559494 2.436125323176384 0 0 0 673.0519531220198 191.4341792166233 23.10722208023071 29.1057040989399 447.3679644316435 0 0 0 0 0.2938712239265442 1.73799929022789 0.4400174915790558 1.168444991111755 0.5550144910812378 0.4582419991493225 0 1.746212586760521 3.303903385996819 3.732594385743141 0.8642206788063049 0 0 0.1199551522731781 0 0 0 0 0 0 0 0 0 0.2235862612724304 0 0.2001761049032211 0 0 0 0.1736201792955399 0 0 0 0.1868713349103928 0 2.02354571223259 0 1.484860599040985 1.073687747120857 1.281354814767838 0 0 0 0 0 0 0 0 0.4175292998552322 0 0 0 0.3294335901737213 0 0 0 0 0 0 0 0 0 0 0 0 0 0 0 0 0 0 0 3.159013628959656 1.523279815912247 0 0 0 0.6525313407182693 0 0 0 0 0.476830005645752 0 0 0 0 0 0 0 0 0 0 4.498645633459091 4.367464378476143 1.631796807050705 45.31614791601896 0.9962164908647537 9.780586205422878 2.3685113042593 242.7098345607519 0.2726714611053467 0.652293473482132 4.726657807826996 0.5584896504878998 0 0.1335159242153168 0 2.757481575012207 0 0 0 0.1640990078449249 0
1273.645157203078 6605.826640196145 186.5482078418136 1827.453814357519 2744.361676603556 267.7672613561153 0 27.69121486693621 2914.977394759655 1782.776074893773 483.7978243306279 19.71684531122446 3958.563256978989 2648.760058313608 52.43857315927744 16.39681561291218 0.8186356350779533 1.360138028860092 0.6531503945589066 3.120488181710243 1.980255842208862 0.122743122279644 0.2897165641188622 0.5113461464643478 0 0.8076191544532776 0 1.595801994204521 0.7751180306077003 0.3733329549431801 325.836634837091 89.2701692506671 3.063318438827991 0.2969518154859543 0.112668015062809 0.1896489411592484 5.193311169743538 0 2.076274186372757 0.5058881342411041 1.768632389605045 1.081592738628387 0.3809240013360977 1.88136475533247 0.3785472065210342 1.536777056753635 131.8187957704067 24.0179808139801 1.136830732226372 1.899840705096722 1.002273596823215 0 0.1097549498081207 2.156761176884174 22.84604377299547 28.34300130605698 43.90420547872782 804.3401872068644 21.48466324061155 98.35615788400173 3.353179439902306 0.7454809620976448 0 213.9857510775328 12.68420245498419 5.951913446187973 3.173372708261013 7.77816054224968 2.588234752416611 3.118878893554211 37.967798165977 0.3850175738334656 0.1712393760681152 554.514351092279 290.5619662255049 589.5856179669499 103.8020115271211 11.61600215733051 3.083459727466106 17.13315012305975 2.501932196319103 5.581291347742081 34.07768476009369 1.317066743969917 25.84078438580036 17.50767651945353 13.88663886487484 0.5394091010093689 2.852652177214622 0 3.001505210995674 0.8760063126683235 1.132353946566582 1.008272111415863 0.456369087100029 78.56308261305094 1.916297011077404 0 2.687861926853657 227.9613412842155 1.152257800102234 12.91830626130104 80.96539843082428 44.60927611589432 0.1386257261037827 49.82666349411011 10.680888697505 6.392404340207577 37.60284000635147 5.796759411692619 0.1601036339998245 32.24170145392418 27.0730212032795 36.92779902368784 8.978952713310719 0.2385256513953209 0.3939309045672417 0.1834596246480942 0 0 0 0 0 0 0 0 0 0.2193397730588913 0 0 0.1000348031520844 0 0.6828123331069946 0.1233597993850708 1.023336291313171 0 0 0.750876858830452 0.1404657810926437 7.488536365330219 0.2058387100696564 5.208684138953686 3.77591772377491 0.7918472811579704 0.2382543385028839 0 0 0 0 0.3625181615352631 0 1.979813985526562 1.197899654507637 0 0.1654845774173737 0 0 0.261454738676548 0.1347967088222504 0.5324570760130882 0.1775527447462082 0.8615750223398209 2.16435931622982 0 0 0.3583149313926697 2.914281748235226 0 0.6681197360157967 0.08960460871458054 0.08360398560762405 0 0.1931267082691193 0.09370233118534088 0.0887201800942421 0 37.68256367743015 0.2598985061049461 0 0.2122198268771172 0 1.930413380265236 0.5875284671783447 0.4287368506193161 1.307990930974483 2.831474438309669 0.9618423953652382 1.087472528219223 0.3835709765553474 0.2723277285695076 0.3197371512651443 0 0 0.8119125738739967 0.0865514874458313 0 0 20.88712094724178 1.955909334123135 4.313806891441345 850.1158054769039 66.42245107889175 634.4746456071734 190.6635997369885 855.9269374758005 37.33337980508804 6.841966934502125 217.9775406196713 18.44324325025082 0.3365388885140419 12.30428468436003 2.341353982686996 20.676010876894 0 0.6388542279601097 4.295756712555885 13.55811228603125 1.69375216960907
32.62633457779884 93.26020842790604 1282.208169288933 0.1030052751302719 233.5289538428187 0 27.69121486693621 0 479.4662559628487 0.995429165661335 2245.67939709872 1.527588188648224 122.2358317524195 301.0637693479657 6.524595960974693 9.538370236754417 1.043993145227432 3.981884084641933 0.1116962358355522 10.35937688499689 17.62328749150038 0 2.553884372115135 1.756398856639862 0.6886762753129005 0.6356935203075409 0.416244775056839 0.6867523118853569 0.09929808229207993 0.1016647070646286 809.1235790997744 3081.043376684189 47.72971043735743 2.735175982117653 2.938451066613197 0.724581390619278 12.54303649812937 0.4783664643764496 1.301184050738811 0.5251478925347328 14.37180533260107 1.133980862796307 1.410466134548187 8.439655140042305 2.003743231296539 5.091522194445133 9.763586059212685 1.496198453009129 0.7106478288769722 2.730519689619541 0.5743541568517685 0 0 0.2633489519357681 1.303504943847656 1.416737496852875 5.200384989380836 197.0080398991704 2.548438996076584 7.282817795872688 110.6367059051991 26.32293444871902 1.369907021522522 670.717271707952 0.8344343453645706 0.3883545994758606 0.189921997487545 0.7950299829244614 3.263214372098446 21.79483745992184 4.772801086306572 0.8258102834224701 0 58.97235879302025 71.46019125729799 53.6948069781065 324.392636410892 241.1408109068871 686.4441555812955 1091.01094057411 113.1385793909431 866.1872716322541 2.292541138827801 0.1591961681842804 1.116616353392601 0.9936000481247902 3.07873348146677 0 0.3444532677531242 0 0 0 10.37817995995283 0.8747545704245567 0.3549568802118301 1.216460376977921 1.759502962231636 0 3.85185806453228 55.33285137265921 0 0 0 0 0 0.1460025310516357 0 0 0 0 0 0.1451336890459061 0.8603939414024353 1.566031441092491 0.1040736362338066 0 0 0 0 0 0 0 0 0 0 0 0 0 0 0 0 0 0 0 0 0 0 0 0 1.462118729948997 0 1.269016712903976 0.3130632787942886 0.6963590085506439 0 0 0 0 0 0.2949489951133728 0 0 0.6880141049623489 0 0 0 0.2054163068532944 0.2005928307771683 0 0 0 0 0 0 0 0 0.4520101547241211 0 0 0 0 0 0 0 0 0 1.733463540673256 0.1763559281826019 0 0 0 0 0 0.6768470108509064 0 0 0 0 0 0 0 0 0 0.08767826110124588 0 0 0 0.1918437629938126 1.777966544032097 0.7429553121328354 35.81305715441704 3.706958673894405 38.3963458314538 9.281089298427105 19.18666641414165 2.30354230850935 0.6971907988190651 7.811414755880833 1.894174352288246 0 0.8388319313526154 0 0.2727611064910889 0 0 0 1.23771046102047 0.1282804310321808
166.96948672086 992.5056524723768 530.7396889925003 65.30110809206963 4122.747089900076 12.1474829018116 2914.977394759655 479.4662559628487 0 186.6810887157917 4520.559445552528 25.56570299714804 2361.891183808446 4614.472731955349 44.57962872833014 24.7486769258976 1.047805316746235 1.069442950189114 0.09568241983652115 2.114296339452267 1.486438408493996 0 0.4610231816768646 0 0 0.8858213350176811 0.1043999046087265 1.027304403483868 0.3876704946160316 0 274.7785158678889 100.8047383502126 87.96574283391237 0.4269806817173958 0.1701493933796883 0 26.82752548158169 0.1500476151704788 2.186913125216961 0.06937465816736221 0.8978436142206192 0.6019974946975708 0.1839121729135513 3.604890234768391 0.3291313499212265 1.093927212059498 64.43356771767139 10.29972764849663 0.7262072414159775 0.3896010294556618 0.8875633999705315 0.3049734011292458 0 0.4628887921571732 6.859012566506863 8.737907007336617 11.90263537317514 233.6471739560366 6.438282608985901 33.68324615806341 1.590417414903641 0.4443463608622551 0.1071387231349945 118.9765411540866 3.540481835603714 2.190197736024857 0.6729263588786125 2.751756265759468 0.744957871735096 2.055718049407005 61.88344160467386 0.7153635248541832 0 143.6172557324171 123.7782024666667 259.5171082615852 68.27934090048075 11.88568404316902 2.465482577681541 147.6319293826818 1.595979660749435 4.103824399411678 10.19451922923326 0.6241150125861168 8.518578983843327 4.716115526854992 5.375519938766956 0.1763594225049019 1.222331508994102 0.1068345755338669 1.761732958257198 0.09848781675100327 1.119472458958626 0.4437717348337173 0.430758148431778 65.77191412448883 1.546262413263321 0 1.916058875620365 69.64449209719896 0 1.597640126943588 0.294555239379406 0 0.5731896013021469 3.743405282497406 3.65312522649765 5.413336172699928 4.818181827664375 4.119290128350258 1.22070400416851 28.97717469185591 22.73870825767517 42.24200616776943 6.205262295901775 0.1373899281024933 0.2474025636911392 0 0 0 0 0 0 0 0 0 0 0 0.1573358476161957 0 0 0 0 0 0.4658964276313782 0.1161613911390305 0 0.3780319094657898 0 7.16414300352335 0 5.189522929489613 6.691131696105003 0.8236898183822632 0 0 0 0 0 0 0 0.2916749715805054 1.388474352657795 0 0 0 0 0 0 0.2072162181138992 0.07749225199222565 0.2592576742172241 0.2313809096813202 0.2689294517040253 0.4582256674766541 1.234391108155251 4.313869848847389 0 0.2341478615999222 0 0.1304901242256165 0 0.1428034752607346 0 0 0 39.63801277428865 0 0 0 0 0.9562417417764664 0 0.9903078973293304 0 0.5200844705104828 1.03970730304718 0.5271096229553223 0.1344921141862869 0.1025799512863159 0.1990566402673721 0 0 0.1656788438558578 0 0 0 23.05388838797808 2.655510224401951 2.974422805011272 438.935528382659 28.25066550821066 277.4530002251267 81.67204480618238 205.2313368394971 21.06031757593155 5.502724424004555 104.0650949403644 16.77790921926498 0.6222863122820854 9.414315983653069 1.097699075937271 10.12199105322361 0 1.438612259924412 2.291706614196301 10.01886145025492 1.371881231665611
2324.063652582467 372.2036011964083 4.088991850614548 1699.689189478755 193.2135188803077 1047.298185199499 1782.776074893773 0.995429165661335 186.6810887157917 0 15.72913543879986 1651.377050295472 5457.353114932775 257.5301592648029 4.408414781093597 1.87421415746212 0.547489196062088 0.09378050267696381 0.1404000669717789 0.8138863891363144 0.3751379549503326 0 0 0 0 0.1489478200674057 0.1116728186607361 0 0 0 22.18359822034836 5.110676929354668 12.66328878700733 0 0.09661904722452164 0 31.77957832813263 0 1.115711018443108 0.09278848022222519 0.2713191658258438 0.4467895030975342 0 0.2571132034063339 0 0.468120351433754 15.67080044746399 2.680820047855377 0.4461664855480194 0.09321697056293488 0.09687474370002747 0.5941258072853088 0 0.1832793802022934 5.192380212247372 3.49991163611412 152.5734542235732 369.6755166277289 12.12401835620403 15.35270995646715 0.3934568762779236 0.51034215092659 0 10.65202940255404 2.018605649471283 0.8493469953536987 1.003581359982491 0.9291472062468529 0 0.3099269568920135 180.222556181252 17.32087349891663 0 153.6157527044415 30.10727386176586 81.07122096419334 7.737627044320107 0.4957165867090225 0 60.67332778126001 0.104833297431469 0.9283173456788063 5.481602378189564 0.6406374871730804 3.40232940018177 3.038424871861935 1.43293060362339 0.8922034502029419 0.3850812688469887 0.7708047032356262 0.6896584406495094 0 0.09226878732442856 0.1123835667967796 0 736.2965198904276 14.00362555682659 1.719032675027847 1.910548105835915 1321.249759107828 0.2022055387496948 6.377846285700798 2.03101209551096 17.5115715265274 0.6625981628894806 14.15959532558918 8.658423319458961 8.717543512582779 43.19253693521023 42.29965932667255 2.600121855735779 109.4768457263708 87.98518355190754 163.6862458437681 15.12284962832928 0.6507916003465652 0.2973668575286865 0.1987154930830002 0.1885231733322144 0 0 0 0 0 0 0 0 0.3001816272735596 0 0 0 0 0.6728563904762268 0.1605630964040756 0.1330653429031372 0 0 0.1674355864524841 0 12.55698358267546 0.7587662935256958 7.349407255649567 3.53380361199379 0.4297875016927719 0.140743762254715 0 0 0 0.6922293305397034 0 0 0.8311701565980911 2.068517297506332 0 0.2457127124071121 0 0.5555874705314636 0.2121399194002151 0 0 0 0.8198735117912292 0 0.3986553847789764 0 0 6.603385388851166 0 1.149562239646912 0 0 0 0 0 0 0 67.55463139712811 0 0 0 0 3.535469084978104 1.575059354305267 0.7084597647190094 0.142205074429512 0.8350512236356735 0.4061963558197021 0.4295370206236839 0.1295987069606781 0 0 0 0 0 0 0 0 51.68147755414248 2.555860564112663 1.662803426384926 508.9574692845345 8.493077047169209 116.4983877167106 29.86191085726023 2127.187303200364 8.543451651930809 7.477037012577057 48.73603324592113 20.94076941162348 0.6666067093610764 14.11199072748423 0.2808307111263275 47.65423679351807 1.069530785083771 1.99110072851181 1.771582216024399 1.974843829870224 0
484.4965285286307 775.9971228390932 4075.11352135241 3.346243806183338 1628.226310960948 11.0034332126379 483.7978243306279 2245.67939709872 4520.559445552528 15.72913543879986 0 51.04233463853598 2368.114176005125 4127.827923171222 113.2846862375736 146.7994632795453 4.743562877178192 2.89811909198761 0.3850640580058098 4.555674605071545 8.660437040030956 0 1.444146454334259 1.293328545987606 0.3788394331932068 2.426596559584141 0.2364021465182304 3.819230273365974 1.686652734875679 0.8507450670003891 1962.766344830394 1368.681895427406 441.8015476241708 0.4087295830249786 0.6333611458539963 0.2123898714780807 241.9136422052979 2.489315383136272 23.77274056524038 1.379089161753654 14.2468047067523 3.559423543512821 1.730768442153931 19.07772129774094 0.7576424479484558 3.880221858620644 162.0369179695845 23.57161190360785 4.043118603527546 5.588103093206882 1.59443511068821 0.1027660667896271 0.4804606288671494 1.199875921010971 13.20960450172424 19.78773468732834 35.22833802551031 886.5392586514354 19.99440880864859 73.12684777379036 11.1808509901166 21.98518079519272 0.8931487426161766 480.7910830676556 8.79733495414257 6.225481696426868 1.505171529948711 6.113257862627506 5.278081923723221 19.94641369581223 242.2375503778458 5.68163724988699 0.2067471444606781 391.8398761674762 320.0234474614263 619.4309646785259 227.5895258411765 63.85496087372303 86.31632921099663 567.8622016236186 10.4354053735733 49.2467620074749 25.55096428841352 0.9520378932356834 18.03773522004485 15.74493003636599 13.79281570017338 0.2503350079059601 2.000881917774677 0.32589440792799 2.039867796003819 0.8201342821121216 10.48384649306536 2.252960965037346 2.055459208786488 159.1017716601491 24.24972964823246 0 22.66719707846642 336.5433668792248 0.09195192158222198 0 0.1620298326015472 0.2896048724651337 0.8955219089984894 3.858273878693581 1.791692607104778 2.298991784453392 3.039033345878124 1.836559928953648 0.5193537771701813 15.56665594875813 12.77460601180792 32.91840687394142 11.30562935769558 0.7539902031421661 0.2618243396282196 0 0.1285582035779953 0 0 0.1660292595624924 0 0 0 0 0 0.2252904027700424 0 0.1926166862249374 0 0.1411969810724258 0.5838605687022209 0 0.2423349320888519 0.2158158048987389 0 0.8203901425004005 0 19.82061392068863 0.2761304974555969 12.12947323918343 5.669399455189705 0.984123557806015 0.1207811906933784 0.1012117341160774 0.2310560867190361 0 0 0 0 0.8941865265369415 1.918111860752106 0.3737920820713043 0 0 0.5536195263266563 0.1156239211559296 0 0 0.07367834448814392 0 0.1716672852635384 0 0.1977956742048264 1.057787641882896 5.018382199108601 0.2060025781393051 0.2653701081871986 0.1670543923974037 0.1578627601265907 0.09499121457338333 0 0 0 0 61.73927260190248 1.175811022520065 0 0.2034630924463272 0.2456630915403366 3.811774849891663 1.49248206615448 2.591938830912113 0.2006222829222679 0.8801677674055099 0.9881809577345848 0.3388916552066803 0.4458809867501259 0.2704184204339981 0 0.07758800685405731 0 0.6188212782144547 0.4028741791844368 0 0 16.8036086037755 12.9746310710907 10.62284888327122 616.999106451869 73.64831059426069 516.0064877867699 158.9806412681937 253.5155817940831 36.74432476609945 8.458239629864693 156.5711996108294 17.91553047299385 0.8580509945750237 14.31917622685432 1.689037159085274 7.965429455041885 0.857358917593956 0.7946372777223587 4.861412420868874 19.55998888611794 1.149177595973015
9.741375997662544 11.42428613454103 7.228326939046383 15.57169519364834 29.66267067939043 190.4983894824982 19.71684531122446 1.527588188648224 25.56570299714804 1651.377050295472 51.04233463853598 0 2405.628913842142 309.3846760988235 23.49173027276993 37.1691660284996 1.188077218830585 0.2406616359949112 0 0.4397550672292709 0.23416967689991 0 0 0 0 0.1391966938972473 0 0.328343465924263 0 0 3.666795790195465 3.738306380808353 99.02141094207764 0 0 0 226.3323835134506 0.1430437713861465 6.762383565306664 0 0.5686651989817619 0.1018984392285347 0 5.370787106454372 0 1.782217048108578 21.57807074487209 1.569380685687065 0.3844467028975487 0.2414841055870056 0.5807982534170151 0.4848211854696274 3.6786048412323 0.3509299382567406 1.367742449045181 1.809827476739883 4.454757519066334 14.93296460807323 0.986914373934269 5.773780643939972 2.184179931879044 5.160746231675148 0 12.85962947458029 0.6911383047699928 0.3197935298085213 0.234858974814415 0.7986851707100868 0.2256320938467979 1.135780274868011 338.8481471389532 24.37729351222515 1.907209843397141 20.95488596707582 17.92956260591745 67.43806184083223 23.01374618709087 8.965237416327 0.5249069035053253 277.6514259874821 1.278293788433075 8.532978549599648 2.433231860399246 0.08531145006418228 0.5639620199799538 1.200500056147575 1.383258789777756 0 1.321545034646988 1.405260071158409 0.7985202148556709 0.1084741726517677 0 0.1279222071170807 0.09527228027582169 2352.747381135821 29.9918153360486 15.49751994013786 9.129659041762352 39.27701784670353 0.5831024348735809 5.60194581001997 2.301701337099075 1.154473051428795 2.984226450324059 20.79518432170153 20.96866078674793 22.66961874812841 24.19968044757843 22.8280046582222 4.603864118456841 155.974494330585 131.585356540978 260.2494874745607 42.15307427942753 1.124311551451683 0.2567706778645515 0.118475504219532 0.5538870692253113 0 0 0 0 0 0 0 0 0 0 0.6473004817962646 0 0.2792786359786987 1.864837348461151 0.389640748500824 2.677954271435738 0.2058793902397156 0 1.99516935646534 0.2532124221324921 37.87456542998552 0 11.6448312625289 5.733635663986206 2.946733966469765 0 0.1738604456186295 0 0.1218403577804565 0.2740166783332825 0 0 1.902007944881916 3.745665229856968 0.4804490059614182 0 0 0.5484619289636612 0 0 0.2282697558403015 0 0.2632286250591278 0.7511003538966179 0 0 1.482494294643402 19.20446887612343 0.4793804436922073 1.614463463425636 0 0.1006015911698341 0.3550832569599152 0 0 0.1092266961932182 0.118041530251503 220.230064034462 1.173308402299881 0 0 0 7.916031040251255 0.5632629543542862 4.464704014360905 1.43282800167799 1.83232868462801 3.487398184835911 0.4042425230145454 0.7605462893843651 0.2058733552694321 0 0 0 0 0 0 0 147.6869282796979 9.02027078717947 9.145621918141842 327.3195260837674 11.19950807839632 103.1037341207266 28.2965801358223 433.9447298943996 6.678806751966476 3.356147579848766 41.12781577557325 28.18233785778284 1.130807466804981 23.96588228642941 1.001480810344219 73.78705666214228 1.422301605343819 1.822942614555359 7.250073112547398 3.504436708986759 0.6083491593599319
499.4958377853036 678.9275955408812 201.0828525200486 1000.182317957282 1357.799370981753 224.4784017428756 3958.563256978989 122.2358317524195 2361.891183808446 5457.353114932775 2368.114176005125 2405.628913842142 0 3951.021604120731 132.6449539661407 128.7418387234211 3.817124910652637 3.643774285912514 0.4294905513525009 3.345502242445946 2.902586750686169 0.5625386834144592 0.3415181487798691 0 0.2497304826974869 1.648368485271931 0.4843040555715561 2.384982630610466 2.256180107593536 0.1928701549768448 236.8817656114697 105.6416538655758 379.6860771104693 0.1604052111506462 0.1001680120825768 0 323.8391924723983 0.5110763534903526 11.53491079062223 2.520529970526695 2.916326783597469 1.508925929665565 0.3875657171010971 18.3631964251399 0.9611979499459267 4.802303336560726 180.5074611082673 20.85883454233408 4.668256968259811 2.792927801609039 1.035016357898712 1.039120331406593 6.520737409591675 5.674516655504704 14.2181811183691 16.97680300474167 24.84572932124138 323.1878703087568 12.17821941524744 66.09859795868397 6.634015299379826 25.57675193995237 0.9650008603930473 194.130549967289 7.137762986123562 4.306833997368813 2.407059878110886 5.360510647296906 2.289303712546825 2.628971606492996 363.6951863840222 11.28314854949713 0 249.9049315899611 219.7288633957505 614.0747048333287 201.2086074575782 43.6488316655159 4.486561708152294 517.3819714188576 5.890040397644043 36.18876025080681 24.96265761554241 0.5165547206997871 15.53863771259785 11.09389528632164 14.80954176932573 0.3231898695230484 1.747771464288235 0.5204029008746147 2.225490227341652 0.9235928356647491 3.223327688872814 1.241967178881168 1.896636888384819 2453.2832172364 21.16766972094774 1.476041458547115 9.149768449366093 130.44197255373 0.4911404326558113 9.153957642614841 2.641362093389034 2.665794149041176 6.518838435411453 32.10468417406082 32.42032957822084 41.45542860031128 62.55874688178301 56.24997267127037 9.912365905940533 298.1791575849056 246.3525074720383 413.3247916325927 70.12426126748323 4.49395464360714 1.367906510829926 1.43842813372612 0.5148752182722092 0 0 0 0 0.5792334079742432 0 0.5274134278297424 0.361629992723465 0.6174304634332657 0.2336508259177208 0.8337994813919067 0.920897364616394 1.021914847195148 0 0.6374666094779968 2.724892646074295 1.515673615038395 0.4301769435405731 2.726895198225975 1.025879830121994 66.8934101164341 3.673480004072189 33.33256960660219 22.99381088465452 3.848606504499912 0.1201187819242477 0.413148894906044 0 0.496604859828949 0.307448148727417 0.5413146317005157 0.1199522465467453 4.491419956088066 11.21103909611702 1.482487507164478 1.188937582075596 0 2.615030512213707 0.1235067993402481 0.1506662517786026 1.53723332285881 0.2060703933238983 0.8025247827172279 1.310405321419239 1.151892006397247 0.6620923280715942 3.28768752515316 28.77514061331749 0.5579179525375366 1.025676861405373 0.2403081133961678 0.2838869541883469 0.733744777739048 0.1515261679887772 0.09067929536104202 0.4510462880134583 0.5301791578531265 429.4521634876728 1.06392727792263 0 0 0.1176391839981079 15.17041006684303 4.116221889853477 5.651132382452488 1.999913282692432 3.74038252979517 12.70071978867054 1.685528986155987 2.195291742682457 0.3509910255670547 0.5863283276557922 0 0 0.2842346131801605 0.08552450686693192 0 0.1194045394659042 271.0112414807081 21.38195461034775 27.30570266395807 1307.109654679894 86.0431759878993 659.1761546954513 226.6104022264481 880.3056383877993 53.10886647552252 10.7463461458683 272.4733961969614 70.54120453447104 2.265484862029552 46.10147961974144 5.031563989818096 118.6416675597429 1.378442779183388 1.156474962830544 19.2376419082284 26.31219647079706 3.228837765753269
111.0129356980324 353.4702525138855 326.3154163435102 6.172765120863914 1200.01516418159 42.42334282398224 2648.760058313608 301.0637693479657 4614.472731955349 257.5301592648029 4127.827923171222 309.3846760988235 3951.021604120731 0 113.7363708019257 156.634323053062 3.113655313849449 2.188943669199944 0.2906730026006699 3.121442824602127 2.322768710553646 0 0.3679392859339714 0.6047264784574509 0.3231218829751015 2.191596813499928 0.1192827448248863 1.643876686692238 0.612432450056076 0.2633527368307114 256.7373518496752 116.6451859623194 985.0315139740705 0.1740072965621948 0.2019632235169411 0.6184838563203812 772.6428073123097 3.296456277370453 54.45335426926613 0.5413180142641068 4.018341898918152 1.75805776566267 0.6063569635152817 16.38585092127323 0.6398803517222404 2.536279506981373 124.4705841317773 12.55165723711252 3.408311270177364 3.387959234416485 1.276886716485023 0.09022121131420135 0 1.808259725570679 7.300031319260597 8.839157782495022 11.84013197571039 213.9579258710146 7.94468704611063 42.5317630469799 2.78650937974453 27.72036409378052 0.3153965026140213 181.7772303000093 5.272645473480225 2.860001906752586 2.142683073878288 5.141280926764011 1.388924844563007 7.853937394917011 793.0906660333276 5.983415059745312 0 138.1119448393583 159.5507117286325 431.6422180235386 171.322518363595 49.09563279151917 7.066070295870304 1108.848561823368 4.70516511797905 17.17390369623899 14.04021782428026 0.3985749781131744 9.954930789768696 7.335895091295242 7.465856097638607 0 1.390221610665321 0 1.149660788476467 0.1187746450304985 3.063643671572208 0.4177507683634758 1.068715862929821 853.4618319645524 23.78866054862738 0 33.17260694503784 63.19863411039114 0.2288256138563156 1.451950341463089 0.7940002530813217 0.9772040545940399 2.092738389968872 8.366881154477596 5.215217061340809 13.87903963774443 15.22837182879448 12.93193219602108 5.087193809449673 92.03385578840971 77.82466334849596 148.7067478075624 30.80190458148718 1.27590399235487 0.318098396062851 0.2565603703260422 0.2678593546152115 0 0 0 0 0 0 0.09819455444812775 0 0 0 0.1043400019407272 0.1585917919874191 0 0.1665629744529724 0 1.769689284265041 1.049947425723076 0 2.148451574146748 0.2298474460840225 30.65073619037867 0.1338694989681244 14.47710840404034 9.010883465409279 0.7106329947710037 0.2747712433338165 0.1504602432250977 0 0 0.2295160442590714 0 0 2.779508531093597 4.920261710882187 0.6938093602657318 0.482694998383522 0 0.6418784186244011 0.1257929056882858 0.8340031504631042 0.1056866645812988 0 0.1588057279586792 0.4213325679302216 0 0 1.920525051653385 14.23742233961821 0.7386279925704002 0.7403291165828705 0.4762918427586555 0 0.1046377941966057 0.1510394364595413 0 0.1293901205062866 0.2278058975934982 171.8036012724042 0 0.1070658713579178 0 0.2392419129610062 7.800947889685631 1.127694487571716 3.244056887924671 1.516083784401417 1.177025146782398 4.142705619335175 0.6335613876581192 1.46053471416235 0.469072088599205 0.07325604557991028 0 0 0.1061675772070885 0.1115350797772408 0 0 92.65967179089785 12.02823234349489 14.0250685736537 874.591777741909 49.55467026680708 498.3421315103769 143.9044202789664 300.0840968564153 34.39398796111345 4.087140895426273 163.6284195929766 33.15010237693787 1.205975063145161 19.77637825161219 2.402922242879868 37.7730920612812 1.232338175177574 1.458994224667549 9.898689225316048 17.13550249487162 0.6462800651788712
