0 2568.185167662799 358.5122041031718 576.7062373310328 413.4926804974675 123.4482701569796 2987.060373835266 77.41376885026693 195.2938840314746 1255.424511432648 212.8129132241011 47.41644439846277 156.3001307621598 153.8706963211298 1.964688144624233 0.3390837833285332 0.1915268301963806 0 0 0.08280914276838303 0 0.2193706035614014 0 0 0 0 0 0 0 0 189.7905695661902 0.5091089159250259 1.31552617251873 0 0 0 0 0 0 0 0.1634854450821877 0 0 0 0.147289901971817 0.09415807574987411 37.4710322022438 2.030469328165054 0 0 0.1746460646390915 0 0 0.07409590482711792 5.769884817302227 6.281618945300579 311.3212040811777 601.4406381696463 34.35240852832794 18.97211533784866 0 0 0 1.809280894696712 5.548285342752934 1.362334877252579 1.328450590372086 0.337970644235611 0.158422514796257 0.1382473930716515 12.64415442943573 24.8429619371891 0 134.4518052265048 15.75418785214424 19.74740760028362 0.3856318071484566 0.118020623922348 0.4436725601553917 10.37061854451895 0 0.2273038551211357 20.3090430572629 0.1747806146740913 1.644925452768803 1.755529601126909 0 0.4363468140363693 0.0855349600315094 0.148664116859436 0.2220794558525085 0 0 0 0 131.3582325875759 3.262758374214172 5.976822972297668 0 1395.838813327253 0 0 0.0982208326458931 0 0.3303654193878174 14.1752724647522 0 0.6114261597394943 0.5756776332855225 0.8851065337657928 0.2111908048391342 1.450057163834572 0.6056142002344131 0.780218131840229 0.4303510785102844 0 0 0 0.2601211816072464 0 0 0 0 0 0 0 0 0 0 0 0 0 0.7299086451530457 0 0.1878636032342911 0 0 0 0 0.3779211491346359 0.2100000977516174 0.5530470758676529 0.4601271599531174 0 0 0 0 0 0 0 0 0 0.1097447276115417 0 0 0 0 0 0 0 0 0 0 0 0.2200605124235153 0 0.1228640601038933 0 0 0 0 0 0 0 0 0 0.5510205328464508 0.7398481965065002 0 0 0 0 0 0.3182717859745026 0 0 0 0 0 0 0 0 0 0 0 0 0 0.4846209064126015 0.1064253747463226 0 40.78754774481058 1.987828925251961 38.06561793386936 7.035236664116383 1394.894650228322 21.67089585959911 0.7619897946715355 4.582395099103451 0.1262209266424179 0 0 0 0.8309889286756516 0 0 0 0 0
2568.185167662799 0 1609.039411231875 130.9918104857206 2568.828409008682 190.3087971806526 5747.751975625753 86.25105025619268 1071.310558989644 248.5155393928289 760.9117906913161 13.48568952083588 475.1169826611876 503.6219870224595 13.30394854396582 2.356068626046181 0.1525987386703491 0 0 0 0 0 0 0.08246701955795288 0 0.3860525339841843 0 0.4281094074249268 0.2302219867706299 0 3514.745600812137 3.661357708275318 0.9765964522957802 0.07255817204713821 0.08251246809959412 0 0 0 0.127223864197731 0 0.2091646492481232 0.2212326154112816 0.06713138520717621 0.4881182163953781 0.2709520757198334 0.08606187999248505 150.0396963730454 6.186132006347179 0 0.08688326925039291 1.625729620456696 0 0 0.4117609858512878 15.16177049279213 15.14699019491673 137.0211352780461 967.0918308347464 36.72256069630384 51.21545945107937 0.193292073905468 0.1597881019115448 0.1001059114933014 14.78856433928013 16.18095200508833 5.512278333306313 2.985628016293049 1.422397248446941 0.3143235296010971 0.4362836256623268 5.4068708345294 17.43082498013973 0.1208231523633003 194.165295034647 27.61823239177465 54.12139517813921 3.559189103543758 0.5683832317590714 0.7061988636851311 14.72289688140154 0.3685775101184845 0.3580358549952507 50.4712672457099 0.1012463644146919 3.655674293637276 6.010016843676567 0.6211370825767517 0.1928279921412468 1.165199622511864 0.1028407216072083 0.3640692308545113 0.3575138002634048 0.1563913226127625 0.2132953554391861 0.2739766091108322 26.51328347623348 0.3024303019046783 0 0 1185.259299606085 0.09172336757183075 0 0.9083123207092285 0 1.55686329305172 27.29298809170723 0.4229194223880768 3.818839982151985 2.603972010314465 2.787344090640545 3.601595126092434 10.90629003196955 3.336860023438931 7.839708730578423 4.302347786724567 0.6968185752630234 0.5168265923857689 0 0 0 0 0 0 0 0 0 0 0.1152283996343613 0 0 0 0.3970736861228943 0.4317048788070679 0 2.579817540943623 0.9683173894882202 0 0.7052563950419426 0 6.823817558586597 2.029540657997131 8.632267311215401 2.935040779411793 0.2638943046331406 0 0 0 0 0.1854016482830048 0 0 0.575295701622963 1.556444324553013 0.1573978066444397 0 0 0.1595108658075333 0 0 0 0 0 0.3389998972415924 0 0 0 5.140658907592297 0.341786652803421 0.2425487861037254 0 0.1108478233218193 0 0 0 0 0.2276681512594223 6.733199387788773 1.53329299390316 0 0 0 1.195457153022289 1.169999480247498 3.687385514378548 0.08398620039224625 0.4490714967250824 0.182220533490181 0.2805022597312927 0 0 0 0 0 0 0 0 0 2.192669294774532 2.826201885938644 2.573763065040112 142.3496054559946 14.24895986914635 233.6100159920752 50.98220293968916 1758.224474988878 47.52394590526819 3.996535442769527 29.59416210651398 3.584790661931038 0 1.514345541596413 0.1016117781400681 2.728422448039055 0 0 0.6162362843751907 1.027886487543583 0
358.5122041031718 1609.039411231875 0 5.034044615924358 925.8854827210307 4.852789461612701 375.0720718726516 775.3198299780488 1235.79890486598 9.319275110960007 3189.701429843903 2.367347367107868 119.6044313497841 596.4045306444168 42.53412208706141 21.06617563217878 12.64487500488758 6.344584926962852 1.641771741211414 12.18507345020771 6.150276318192482 0.1100079193711281 25.55158860236406 15.12986858189106 0.4481245130300522 11.16624394804239 1.387596629559994 3.331580795347691 1.325333908200264 0.2495373487472534 5607.988513771445 395.5850330144167 8.774454466998577 10.35842035710812 21.46869096904993 0.6801832318305969 0.2176340222358704 0.4010262936353683 0.6567808762192726 0.1105207353830338 77.66425515711308 7.418244831264019 41.36376100033522 7.982746705412865 3.638748057186604 14.14663199335337 143.1213004440069 13.56745341420174 5.041997216641903 25.35728503763676 11.17179591953754 0.2702212855219841 0.116682231426239 7.525582276284695 15.9485894292593 17.04892717301846 172.0674462541938 2068.798098698258 43.91030678153038 63.16454005241394 31.72840640693903 13.12229937314987 5.413402192294598 979.9206136763096 16.8172876983881 8.492011606693268 4.96913318708539 24.94645672664046 46.24768620729446 169.4121466055512 1.999346472322941 5.642346896231174 0.4020354300737381 327.8224049583077 272.1943741291761 121.0225952342153 26.9527141302824 30.49442607164383 211.6192881017923 840.2726581431925 44.93041947484016 347.108025573194 52.50924950093031 0.5727000758051872 9.370347186923027 6.932380873709917 25.36008755117655 0.2341519519686699 1.456508107483387 0.3505655005574226 1.472107000648975 0.3727719038724899 43.15707096457481 3.088759176433086 0.5381220057606697 1.732271537184715 0.1271722316741943 2.115436024963856 0 218.7304771319032 0 0 0.3121645301580429 0 0 2.035809934139252 0 0 0.2830239087343216 0 0.5909208655357361 1.636703491210938 0.1018350198864937 0.6480821669101715 0.6012197434902191 0 0 0 0 0.103487640619278 0 0.2068360596895218 0 0 0.7052155211567879 0.5960933789610863 0 0.4830121621489525 0 0 1.439098678529263 0 0.7452714145183563 0 0.2683590650558472 0 0 0.7497263625264168 0.4078197181224823 1.111644886434078 1.505669221282005 2.855369850993156 1.986158706247807 0.6380996406078339 0.2128436639904976 0.09700287878513336 0 0 0.2198294699192047 0 0.2680012881755829 0.1732155531644821 0.2445503547787666 0 0 0.4982111006975174 0.2154461517930031 0.8059976994991302 0 0 0.1998678743839264 0.1167649626731873 0 0 0 0.1996206864714622 1.325160525739193 0 0 0 0 0 0 0 0 0.1793137937784195 2.028654955327511 2.269937105476856 0.1182844787836075 0 0 0 0 0.6333032324910164 0 0.1052560433745384 0.1219586730003357 0 0 0 0 0 0 0.2413856685161591 0 0 0.1271405816078186 0.3694367036223412 1.312335498631001 0.8794327154755592 67.4061173312366 19.30875930935144 166.6400791294873 35.22181788086891 491.6876415386796 41.51935755461454 3.402398034930229 21.24587094038725 3.060987092554569 0.1137953102588654 1.056497268378735 0.08655687421560287 0 0.2433508783578873 0 0.4264201000332832 1.499993897974491 0.4558606296777725
576.7062373310328 130.9918104857206 5.034044615924358 0 21.92885114252567 189.9245678186417 892.8959735482931 0 62.29676435887814 903.8676646500826 1.074160426855087 39.43878981471062 537.7610343545675 17.77654823660851 0.5562469512224197 0 0 0 0.1029418259859085 0 0 0 0 0 0 0 0 0 0 0 2.150045052170753 0.1139113456010818 0 0 0 0 0.1405573934316635 0 0 0 0.2296285480260849 0 0 0.09858696162700653 0 0 5.483469009399414 0.3725958541035652 0 0 0 0 0 0.1271964907646179 0.6508139744400978 0.4362269714474678 4.174853160977364 9.388058520853519 0.8085014894604683 1.130743727087975 0 0 0 0 0.6613777428865433 0.3752445057034492 0.2528699487447739 0 0 0 0.1881632953882217 1.578941032290459 0 4.955128543078899 0.4971427023410797 1.112761773169041 0.2883290722966194 0 0 0.0736895352602005 0 0 1.248418726027012 0 0.1744167283177376 0.1524082645773888 0 0 0.1040043085813522 0 0 0 0 0 0 30.86825706064701 0.2854004800319672 0 0 68.43602867424488 0 0 0 0 0 7.054228916764259 0 0.1374984830617905 5.089934259653091 0.3512624800205231 0.2801136374473572 1.159814298152924 0.53158238530159 0.2084349542856216 0.1707246005535126 0 0 0 0 0 0 0 0 0 0 0 0 0 0 0 0 0 0 0 0 0.3372725546360016 0 0 0 0.3259804099798203 0.1476524621248245 0.9825978577136993 0.6563085466623306 0 0 0 0 0 0 0 0 0 0.1052209287881851 0 0 0 0.4705857634544373 0 0 0 0 0 0 0 0 0 0.4771713316440582 0 0 0 0 0 0 0 0 0 0.2429004013538361 0 0 0 0 0 0.2719139456748962 0 0 0 0 0 0 0 0 0 0 0 0 0 0 0.4196385443210602 0 0 11.81598210334778 0.9127718582749367 10.68859522044659 2.939322583377361 238.9559550881386 1.194543689489365 0.186877965927124 0.9588561877608299 0 0 0.2180302292108536 0 0 0 0 0 0 0
413.4926804974675 2568.828409008682 925.8854827210307 21.92885114252567 0 19.60698768496513 4295.304291017354 113.6756553426385 3480.73385733366 221.0262147337198 1083.034679185599 16.73695556819439 552.7941639348865 553.3157181032002 32.98002037405968 8.188923947513103 0.367354080080986 0.08836828172206879 0 0.7911661937832832 0.3755161464214325 0 0.2168490067124367 0.1809147745370865 0.1104525327682495 0.5140769332647324 0.07402706146240234 1.107913732528687 0.9822282344102859 0.124639056622982 374.195468261838 6.478617519140244 1.198024064302444 0 0.06131770089268684 0 0.1202049627900124 0.1262340247631073 0.437763512134552 0.3883529976010323 1.053972132503986 0.8690440505743027 0.0781535729765892 0.09561049938201904 0.0979309156537056 0.1728214994072914 143.2830257341266 4.828798547387123 0.1056512072682381 0.08317283540964127 2.4620041847229 0.1365115195512772 0 0.5533906742930412 9.974382176995277 10.52388177812099 23.85183877497911 144.4168187305331 9.808242738246918 34.37795573472977 0.3864701762795448 0.3746277540922165 0.117404542863369 13.00078272074461 11.32641023769975 3.612582053989172 2.158940438181162 1.538656309247017 0.317417748272419 0.7061056718230247 15.41067895293236 39.32390002906322 0.2916333079338074 72.68911325186491 21.79334317147732 64.35522063076496 8.568839058279991 0.2257468998432159 0 12.13789084553719 0.3041733801364899 0.7292768135666847 35.41312852501869 0.420031763613224 3.882693525403738 3.433887917548418 0.3391123488545418 0.4763475582003593 0.5289729461073875 0 0.8305903151631355 0.2853256911039352 0.07381327450275421 0.1760480254888535 0.5359614491462708 40.63075309991837 0.302074134349823 0.2365997135639191 0.07702235132455826 72.74313092976809 0.4457139447331429 0.4021794199943542 2.022616446018219 0.934513121843338 3.891169779002666 7.68689551949501 0.1045253872871399 5.821351982653141 9.754278190433979 9.462349817156792 10.85048346221447 36.19486550986767 12.13487613946199 23.09758685529232 13.05674991756678 1.341373085975647 1.311095625162125 0 0.1510174870491028 0 0 0 0 0 0.1959680169820786 0 0 0.642931304872036 0 0.422045111656189 0.08970292657613754 0.1418895572423935 0.2055567502975464 0 7.931730419397354 4.156203716993332 0 1.537234619259834 0.2117838710546494 16.40628402680159 7.307194106280804 25.45366658270359 10.5573230907321 1.66331198066473 0 0 0 0 0 0 0 1.168830491602421 4.453376300632954 0.2601450085639954 0 0 0.07496865838766098 0.1390035152435303 0 0 0.09462094306945801 0.383309081196785 0.3544760122895241 0.2465429753065109 0 1.034583188593388 23.62757932394743 0 0.2305187433958054 0 0 0.0930376872420311 0.3501887246966362 0 0 0.2369647547602654 32.09328340739012 3.521444573998451 0 0 0 5.646744951605797 2.935633949935436 12.24763964116573 1.409836024045944 1.392863862216473 1.793194264173508 0.3117122277617455 0.5251116380095482 0.1157830134034157 0 0 0 0 0 0 0.1020552963018417 8.516172789037228 11.02385360002518 7.821442671120167 218.5034058094025 28.67828083783388 268.683510620147 98.80383624881506 505.5364929810166 58.38340574502945 6.713849306106567 54.56333485990763 5.710513658821583 0.1454271227121353 6.428213804960251 0.2015111595392227 4.688409112393856 0.596842035651207 0 1.237885661423206 4.16198991984129 0.4882949441671371
123.4482701569796 190.3087971806526 4.852789461612701 189.9245678186417 19.60698768496513 0 273.4408371970057 0.7105000615119934 25.0578084141016 749.5004284083843 5.508225455880165 279.5718999356031 197.0012449249625 40.16461452841759 0 0 0 0 0 0 0 0.8719945102930069 0 0 0 0 0 0 0 0 0.2308502346277237 0 7.075177997350693 0 0 0 0.6096138954162598 0 0.3259295523166656 0.1333572864532471 0 0 0 0 0 0 0.157539039850235 0 0 0 0.3594195544719696 4.351137638092041 2.549352571368217 0.3774873986840248 0 0 31.86455224454403 8.959413677453995 0 0.2230088710784912 0 0 0 0 0 0 0 0 0 0 140.9847534075379 218.3095010668039 3.085121780633926 0.360024206340313 0 0.08498004078865051 0 0 0 5.939713135361671 0 0 0.1840212345123291 0.1524001955986023 0 0.515368178486824 0 3.188430488109589 0.6026059240102768 5.970831915736198 0.1405252814292908 1.221695885062218 0 0 0.2083549499511719 287.3896159678698 50.51906950771809 59.14035911858082 0.2246519327163696 194.4358905106783 0 0 0 0 0.9196208715438843 1.286206394433975 0 0.1789164692163467 0.9984246045351028 0 0.5850062370300293 2.3187405616045 0.3400925397872925 0.6300293803215027 1.112427189946175 0.2709843367338181 0.4614252001047134 0 0 0 0 0 0 0 0 0 0 0.6131566315889359 0 0 0 0 0 0.4692175686359406 0.5162075757980347 0.3084999471902847 0.2640324831008911 0.4686528891324997 0.3100476562976837 2.042137049138546 0.2365154400467873 4.001601278781891 3.087027825415134 0.8344613015651703 0 0 0 0 0.2083044946193695 0 0 0 0.6548282653093338 0 0 0 0.5816724598407745 0 0 0 0 0 0 0 0.2781685292720795 0.1327426135540009 2.235518164932728 0 0 0 0 0 0 0 0 0 4.771485470235348 4.038965001702309 0 0 0 0.1066815927624702 0.1375802755355835 1.253349274396896 0.09549036622047424 0 0.1730089485645294 0 0.1028846427798271 0 0 0 0 0 0 0 0 0.5337235555052757 1.231091983616352 1.815014570951462 4.434073239564896 0.2820131704211235 0.8300951644778252 0.1009738892316818 78.80328866839409 2.474612951278687 0.1823420822620392 0 1.067805007100105 0 0.1893723756074905 0 0 0 0 0.6672644689679146 0 0
2987.060373835266 5747.751975625753 375.0720718726516 892.8959735482931 4295.304291017354 273.4408371970057 0 83.16559225320816 2982.401452019811 2531.304654948413 1013.853519894183 111.1168389692903 5635.72333823517 1711.929477728903 84.06852981448174 23.09605411440134 1.885143890976906 0.5833812281489372 0.7104619443416595 0.7925641983747482 0.9429834932088852 0.1655313819646835 0.541130430996418 0.4399683326482773 0.1755546182394028 2.136924996972084 0.2246734574437141 2.005012698471546 2.188879862427711 0.2109052613377571 270.9476014003158 11.5858041420579 5.822155095636845 0 0 0.07620593160390854 4.491285465657711 0.2287661880254745 0.1895779445767403 0 3.621481515467167 2.218256577849388 0.5105160623788834 0.7163342237472534 0.5847987309098244 0.5537179261445999 322.1356648541987 11.64545561000705 0.3629423379898071 1.008706726133823 9.5029012337327 0.1175417751073837 0 1.974679924547672 24.65503072366118 27.04983999952674 60.33286427333951 243.0839750319719 23.92628274857998 79.19657697156072 0.1805470660328865 0.1836819387972355 0 24.36698124557734 25.69172009825706 9.433674618601799 7.624490652233362 4.266661141067743 2.440912984311581 3.78384804725647 27.94877076894045 111.3822797015309 0 170.1457694508135 37.44372291490436 130.0343710966408 18.29974246770144 1.456821747124195 0.3462641537189484 5.576077058911324 0.3463470116257668 0.8113093189895153 77.19971568137407 0.8312659561634064 7.179687038064003 11.42233181372285 1.213201873004436 0.6003566905856133 3.059617176651955 0.5593625381588936 0.9914577305316925 0.1787739992141724 0.9562297016382217 0.5292640030384064 1.826041541993618 530.2120976820588 1.842340037226677 0.6732401475310326 0.1441000699996948 246.0197088122368 2.977613590657711 1.111592285335064 17.3320454582572 2.568988837301731 14.72750760614872 44.22377206385136 2.047740988433361 25.29220725595951 49.01771879941225 43.29768593609333 62.42967712879181 183.1003164276481 55.62779038399458 111.2108836695552 40.99375034123659 4.737466618418694 2.448457688093185 0.3134261146187782 0.7960224375128746 0 0 0 0 0 0.164954736828804 0.1203082576394081 0 1.393867686390877 0.3840413838624954 0 0.5751694142818451 0.5248258709907532 0.3373880088329315 0.5869183838367462 22.11068756133318 10.35553158819675 0.2884911298751831 5.08207081258297 0.9218223243951797 60.17605425417423 25.1121511310339 81.92190819233656 34.32341260462999 4.043967589735985 0 0 0 0.2408717796206474 0.8322521224617958 0 0.1926393955945969 4.006546817719936 12.66163893043995 0 0 0 1.685531102120876 0 0.4466100335121155 0.1237195804715157 0 0.766499251127243 0.9211899116635323 0.4348723217844963 0.1244073435664177 2.801011934876442 81.00365659594536 2.113971881568432 0.4175013303756714 0.2899844720959663 0.1021797060966492 0.295824408531189 0.2569431066513062 0.1796231418848038 0.09904938191175461 0.6216168850660324 125.5710895657539 6.993755906820297 0.1135420948266983 0 0 19.50799067318439 11.53069581091404 40.72792749106884 5.892559789121151 4.210838995873928 4.411515302956104 1.395111121237278 1.456977091729641 0 0 0 0 0.07115509361028671 0 0 0 42.13019216805696 40.21017653495073 29.3754842504859 518.7965512573719 81.2206350043416 600.1092731803656 228.0395463854074 1974.769843004644 127.6886741071939 16.67846356332302 151.1506848558784 18.14085617661476 0.8659044206142426 17.38406670838594 2.042055822908878 19.47468031197786 2.484488949179649 0.3645252585411072 3.468918554484844 5.61918181180954 1.573052510619164
77.41376885026693 86.25105025619268 775.3198299780488 0 113.6756553426385 0.7105000615119934 83.16559225320816 0 452.6630092784762 1.954303793609142 2401.663613684475 1.950641795992851 78.59636230766773 629.2551542595029 40.84473084658384 37.75862082093954 8.018815726041794 8.700805217027664 2.911834046244621 17.20565228909254 9.018519215285778 0.1474388539791107 35.92067068815231 17.76404476165771 0.7313104569911957 17.4671483039856 3.182029843330383 4.18313654512167 1.54229723662138 0.1597129106521606 1066.346461042762 818.718588732183 31.75788771361113 19.60797725617886 31.14855765551329 2.08162496984005 0.08497325330972672 0.1430341899394989 0.1146397069096565 0 91.64036644995213 7.011458996683359 42.93002324551344 96.45417866110802 3.994345262646675 29.9735995605588 114.912588134408 11.55597133934498 3.459997668862343 23.90606120228767 9.966356091201305 0.1916051059961319 0.2468206807971001 3.661325007677078 8.609484657645226 8.72795894742012 60.65322013199329 468.2174802571535 14.25763871520758 40.4331094622612 103.0584187060595 36.17453993111849 11.78589234501123 696.0764209106565 8.434905748814344 6.630361575633287 3.135967381298542 14.90616969019175 34.08949443697929 182.4535436183214 0.6254157572984695 5.762345984578133 0 151.4218946285546 286.5491426736116 167.7045919746161 256.5929899439216 442.5249055102468 1257.756796576083 1987.046175580472 398.8139646574855 1716.29754793644 34.42075785249472 0.3068115338683128 5.059427961707115 3.829066663980484 16.3924623131752 0.3108671009540558 1.198026843369007 0.3678162768483162 1.376351289451122 0.2589668929576874 38.23243406414986 3.030650675296783 1.108414448797703 1.283558949828148 0.09611789882183075 0.7099948823451996 0.5331411957740784 33.93181665241718 0 0 0 0 0 0 0 0.1155371218919754 0.7920188009738922 0.8627811968326569 0 0.2704248800873756 0.3921995908021927 0.5757973492145538 0 0 0 0 0 0 0 0.3128032982349396 0.262366846203804 0 0.3869431540369987 1.143577806651592 0 0.2003526091575623 0 0.114373005926609 0.814535565674305 0 0.7557365223765373 0 0 0 0 0 0 0.3350987732410431 0.3459824770689011 1.776975266635418 1.062178678810596 0.2668785825371742 0.4700521156191826 0.3452509567141533 0 0 0 0.1430270373821259 0.8017217516899109 0 0.5047832205891609 0 0 0.4651091992855072 0.4338989406824112 1.40145006775856 0 0 0 0 0 0 0 0.2188999131321907 0.8619568049907684 0 0 0 0 0 0 0.1816391199827194 0.1007788479328156 0 1.52192472666502 0.9263332560658455 0.2297251597046852 0 0.2460079491138458 0.2488495111465454 0.2220939919352531 0.6921727582812309 0.09304504096508026 0 0.1279401034116745 0 0 0 0 0 0 0 0.1015570238232613 0 0 0.1219880133867264 0.2418375238776207 0.4550184905529022 66.16982875019312 14.6102524921298 141.4365735128522 32.7353929951787 198.5447312369943 23.79353241622448 1.495070144534111 20.85202506929636 1.716950319707394 0 0.7921924814581871 0 0.3058480322360992 0 0.1296718269586563 0.7355796694755554 1.128871761262417 1.360412433743477
195.2938840314746 1071.310558989644 1235.79890486598 62.29676435887814 3480.73385733366 25.0578084141016 2982.401452019811 452.6630092784762 0 473.4073901996017 3074.413342185318 45.03973127901554 3021.392972022295 1780.297533787787 94.69095866009593 31.04205495864153 4.318028375506401 0.493329256772995 0.475946769118309 1.121962286531925 0.7342192605137825 0.3137271478772163 0.9263562858104706 0.8007277622818947 0 1.540728040039539 0.1453743278980255 1.839757606387138 1.359720274806023 0 318.1099271476269 12.25592846423388 6.580968953669071 0.2664087489247322 1.212959066033363 0.09929626435041428 2.166012153029442 0.08506664633750916 0.4048351272940636 0.3590123876929283 4.54890450835228 0.8436256647109985 0.8258654922246933 0.7843534275889397 1.124169073998928 0.4426690340042114 195.6161212474108 5.455345533788204 0.4040263593196869 0.8066767603158951 4.849920310080051 0.2189846709370613 0.1556772291660309 1.530696623027325 7.587488118559122 10.60891997814178 22.97189515084028 115.2433359697461 9.75839164480567 41.48063602671027 0.1637346670031548 0.4376921281218529 0.09015632420778275 12.69897082448006 9.12176226079464 3.414389457553625 2.700084056705236 3.817624364048243 3.521984376013279 6.173759497702122 25.6551782861352 96.74529203772545 0 72.95002382621169 24.57446768134832 88.28532887995243 17.70621252804995 1.904416359961033 0.1555857732892036 21.53126226738095 0.4234440624713898 1.148866772651672 30.65875026211143 0.3068737536668777 3.359037961810827 4.240301292389631 1.674309004098177 0.362903855741024 0.9283371567726135 0.3118817061185837 1.207722470164299 0.6230727508664131 2.634611465036869 0.4477664828300476 0.6369519010186195 251.0399317294359 0.9314246773719788 0.2270590141415596 0 52.66572871804237 1.256726913154125 0.7134119719266891 6.058636710047722 1.177117615938187 10.56203018128872 29.87202209979296 1.497522942721844 21.50437174737453 37.20059756934643 29.36478387564421 47.52010253816843 139.3433756455779 37.72159616649151 92.28095097839832 35.58052368462086 3.990373477339745 1.795548483729362 0.3723752349615097 0.3944106176495552 0 0 0 0.1492639780044556 0.1238428205251694 0.2018027007579803 0 0.1372153460979462 1.487200386822224 0.1497886031866074 0.3628625720739365 0.1030239537358284 0.09967249631881714 0 0.2709858417510986 25.34581030905247 8.440809220075607 0 2.545033819973469 0.5444394275546074 44.57465670257807 14.99428142607212 63.68982385843992 26.99880136549473 2.640644155442715 0.2637374699115753 0.3673384636640549 0 0.1833467781543732 0.1062430664896965 0 0 1.312707297503948 9.54732283949852 0 0.2262126281857491 0.1295816600322723 0.8041520491242409 0.1929121613502502 0 0.2165758907794952 0 0.8261953368782997 2.266170673072338 0.2871836125850677 0.1509872674942017 2.137378543615341 62.3726891130209 0.6169209554791451 0.1077717766165733 0.08724696189165115 0.1288703680038452 0 0.2507236525416374 0.09507746994495392 0 0.5127321183681488 83.48570308834314 5.630843266844749 0 0.2815511971712112 0.08987776190042496 18.82483131438494 6.445121124386787 29.59050194174051 3.708858035504818 4.108371876180172 2.691358275711536 0.3799616023898125 0.6963883191347122 0.09217086434364319 0 0 0 0.0939607173204422 0.08133275806903839 0.4967038258910179 0 25.60687766224146 27.25504459440708 18.12850810587406 459.231024235487 47.7000960893929 428.4698445014656 204.3589014187455 464.2028395459056 90.29620385915041 10.16226527094841 146.9977837577462 16.18666084855795 0.8923069164156914 13.46357342973351 1.676634661853313 12.56938695907593 1.468313381075859 0.3946207910776138 4.7525504976511 6.457083128392696 1.362289309501648
1255.424511432648 248.5155393928289 9.319275110960007 903.8676646500826 221.0262147337198 749.5004284083843 2531.304654948413 1.954303793609142 473.4073901996017 0 17.54949347674847 608.8396166563034 5345.024289742112 132.7295724451542 7.638114087283611 1.58181469142437 0.7588620036840439 0.09476669132709503 0 0.2221017777919769 0.4407962933182716 5.778007209300995 0.09940843284130096 0 0 0.5249632224440575 0.4251624494791031 0.4974153786897659 0.9246847778558731 0 9.16679110378027 0.4770294278860092 11.19671380519867 0.5213801488280296 1.257946208119392 0 1.756472170352936 0 0.1152345091104507 0.27756417542696 2.62683904916048 0.3118245899677277 0 0 0 0.3401111140847206 36.90863893926144 2.10544016957283 0.2734520211815834 0.1184196844696999 2.460475973784924 10.12181480228901 26.11946840584278 1.93506732583046 3.205211080610752 4.212692104279995 45.65110379457474 44.42852037400007 3.675936385989189 7.879720382392406 0.209633395075798 0.8000189065933228 0.8594801872968674 1.70574439316988 3.310867875814438 0.7260349467396736 1.157540164887905 3.197001487016678 1.879453554749489 1.773511126637459 129.7099314332008 695.7882099375129 5.338393718004227 25.3879412189126 3.552943892776966 11.53426094353199 1.030970141291618 0.1778414621949196 0.1869372352957726 7.362130053341389 0 0 10.33427406102419 0.326973170042038 1.088644996285439 1.301883488893509 0.7013933584094048 4.511632144451141 0.7453238219022751 7.465711049735546 1.065555922687054 1.679006524384022 1.115894466638565 0.9832217991352081 0.7122857645153999 1745.616461485624 501.835914388299 355.4730874150991 21.94808913767338 1124.19336066395 0.6221375912427902 1.163206726312637 5.216052271425724 0.4310304969549179 7.288207724690437 20.24710863083601 0.2729254364967346 11.85237000137568 48.49207002669573 14.83827890455723 28.95639501512051 74.06499340385199 22.37265354394913 46.37506632506847 22.15722701698542 2.838711984455585 1.511293135583401 1.173004977405071 0.523918554186821 0.1127440556883812 0 0 0.3946246802806854 0.2847441136837006 0 0 0.2953507602214813 3.289294093847275 0.5946951806545258 0.3628101646900177 0.7450775802135468 0.6289056986570358 0.4458590596914291 0.555398516356945 9.702065281569958 5.083658985793591 0 5.591729216277599 2.301360756158829 34.06918995082378 16.22465401142836 52.80940909683704 28.2589877396822 3.48654417693615 0 0 0 0.119786374270916 0.2327971234917641 0 0.328041672706604 2.145609803497791 7.05845981836319 0 0.1680708378553391 0 3.978748939931393 0.5460423827171326 0 0.3000307977199554 0 1.070986308157444 1.171865530312061 0 0.1557796448469162 2.114796936511993 42.44636602699757 0.185120165348053 0.7409220337867737 0.2881157472729683 0 0 0.4610090553760529 0.2663706392049789 0.1605623215436935 0.1926187127828598 64.60225946456194 16.49009808897972 0 0 0.1017501056194305 9.080701261758804 5.538040481507778 22.55316416174173 2.262913204729557 2.858189254999161 2.774088069796562 0.744355209171772 0.5088861063122749 0 0 0 0 0 0 0.1003658771514893 0.1922832876443863 24.30093818902969 35.97265703231096 18.94612770527601 263.8465649709105 10.59660649299622 85.95732409134507 25.92475284263492 1888.376253828406 14.9225444868207 2.841333463788033 25.30098554491997 11.57850421220064 0.3533224761486053 10.08015521615744 1.156142972409725 9.816757798194885 0.6541068404912949 0.09497658163309097 4.057358510792255 1.264938615262508 2.965608566999435
212.8129132241011 760.9117906913161 3189.701429843903 1.074160426855087 1083.034679185599 5.508225455880165 1013.853519894183 2401.663613684475 3074.413342185318 17.54949347674847 0 57.86417148262262 1360.678651258349 4253.408712990582 174.8967616856098 67.0152970328927 11.66480514407158 0.6919621601700783 1.748412720859051 4.20580867677927 3.258423987776041 0.2861423641443253 9.516285516321659 6.64190499484539 0.53819739818573 12.75839589163661 2.240720234811306 6.145867187529802 1.604904808104038 0.6009128838777542 1073.644846789539 158.901493228972 26.81207888573408 2.587707832455635 11.47679901123047 1.369727924466133 4.908280469477177 0.9555773064494133 0.2121204882860184 0.4843616113066673 36.26060726493597 4.295593611896038 6.884163245558739 4.722611241042614 2.702880322933197 0.9470861256122589 377.4185657799244 14.0117561519146 0.8891268372535706 5.101977605372667 14.12550342828035 0.4238216057419777 0.5051523000001907 3.350068330764771 23.9967912659049 24.49721501022577 65.37032842263579 421.1315189749002 23.78472108393908 104.6585774086416 3.759453251957893 4.480061523616314 2.17124892026186 80.68623672425747 26.44280533492565 9.191961508244276 8.184127721935511 10.97581881284714 18.11644544452429 45.46003322675824 19.47302443534136 19.73842889815569 0.3444323986768723 217.9656881466508 91.99621632695198 227.521950636059 47.11731664836407 9.191141657531261 29.91961918026209 262.0912780836225 1.657265923917294 26.28803075104952 77.55234193429351 0.8646540939807892 8.501375634223223 10.21558182686567 4.783979330211878 0.5384950190782547 3.036475211381912 0.5794624164700508 1.53875420987606 0.9957024753093719 15.6090192347765 2.593832947313786 1.03711960464716 24.77615509182215 2.024109430611134 1.923397496342659 0 75.58454996347427 0.5619336366653442 0 1.578774452209473 0 1.062889575958252 3.605047985911369 0.1157982721924782 2.65044728666544 2.181985035538673 3.76905307918787 5.169564925134182 14.87446822971106 5.198931433260441 9.6604830250144 5.028745196759701 0.2731093764305115 0.647298164665699 0.2620854303240776 0 0 0 0.192545011639595 0.2097616642713547 0 0.1662013530731201 0.4230877906084061 0 0.9779142215847969 0 0 0.4024499282240868 0.4757104963064194 1.242177031934261 0 0.8920523598790169 1.778195135295391 0 0.5744931325316429 0 7.798891648650169 3.188695654273033 14.08772381395102 6.848209410905838 0.6389809250831604 0.3897805437445641 0.2269457802176476 0 0 0.1223598718643188 0 0.103175587952137 0.0811077281832695 1.761179752647877 0 0 0.221527948975563 0.2341201528906822 0.3455690070986748 0 0 0.1541468426585197 0.3578319102525711 0.2943534627556801 0 0 0.2411080524325371 10.06447648257017 0 0 0 0 0.07350630313158035 0 0 0.1416586488485336 0.2647564373910427 14.61280979961157 3.452373147010803 0.2792843282222748 0.09337443113327026 0.1793742328882217 3.534459352493286 2.461582452058792 6.263071157038212 0.5502236634492874 0.4235682189464569 1.001296602189541 0 0.2063693925738335 0 0.08196305483579636 0 0 0.1542989164590836 0 0 0 2.397998675704002 5.178470522165298 4.86538340896368 403.520909845829 76.23853895068169 591.0750965476036 236.8495442420244 470.2901378720999 117.7789656557143 15.82967655360699 131.4386720061302 4.133836507797241 0.2432358264923096 1.887777328491211 0.3361465483903885 3.592040881514549 0.1025509834289551 0.2811173126101494 1.763101153075695 8.513420641422272 2.401249915361404
47.41644439846277 13.48568952083588 2.367347367107868 39.43878981471062 16.73695556819439 279.5718999356031 111.1168389692903 1.950641795992851 45.03973127901554 608.8396166563034 57.86417148262262 0 1101.24557056278 112.8928496092558 21.36573419719934 10.38207376003265 7.762842170894146 0 0.4847478866577148 0.6842755228281021 0.746874213218689 8.554710507392883 0.8233327865600586 0.9500278383493423 0.3678788393735886 2.872801177203655 0.6267966404557228 5.124286435544491 5.558522015810013 0.09958642721176147 4.039664790034294 0.2057675048708916 53.21091965585947 0.486228808760643 1.21746676415205 7.348674058914185 36.45926748216152 0.519068606197834 12.32892951369286 1.588854774832726 10.26570025086403 1.807950280606747 0.7213977202773094 1.013065040111542 0.5708957761526108 0.4865432307124138 24.04627783596516 3.594769887626171 0 2.526203751564026 8.025830663740635 12.82746399194002 33.06999914348125 3.450132489204407 0.2190867438912392 1.189770810306072 4.512596398591995 1.788767963647842 1.360991582274437 1.664889350533485 0.4372302293777466 2.149881973862648 0.8286144882440567 0.6005424559116364 0.471612773835659 2.195597995072603 1.297664470970631 10.59247533231974 9.46918573230505 9.438703089952469 88.56622382253408 502.5321123152971 5.373910993337631 2.071669526398182 1.378153435885906 4.933667585253716 1.311004012823105 0.6087235137820244 0.06946473568677902 19.70782608166337 0.5690059810876846 2.192274123430252 2.443077631294727 0.5748635083436966 0.8737372756004333 0.7475913465023041 4.604674607515335 3.904296018183231 1.202028676867485 9.974606819450855 3.005467221140862 2.767541594803333 8.074721924960613 3.646196149289608 3.003538683056831 2354.135672882199 393.6160441637039 279.1026578247547 52.90900528430939 85.44994492828846 3.21230486035347 0.4369682967662811 5.922747291624546 0.6123854070901871 11.1277904137969 22.18401084840298 2.127440266311169 17.7993738502264 30.76066524535418 20.24815268069506 41.01961263269186 110.6658328101039 35.33645890653133 77.24061041325331 34.69603265821934 4.329434551298618 2.196485541760921 0.3156043440103531 0.8969039544463158 0 0 0.2440977245569229 0.2237309813499451 0.2418784573674202 0 1.029341660439968 0.1327221393585205 3.266883924603462 1.066558867692947 0.8050393164157867 0.5906012952327728 0.2488127499818802 1.817462146282196 0.3916303440928459 13.68913219124079 6.539270728826523 0 5.62684404104948 2.147566810250282 47.2595597282052 17.35017523169518 70.08053551614285 34.46522607654333 5.00685078650713 0.1153743863105774 0.2914554849267006 0 0.3864423558115959 0.8736343532800674 0 0.4233577698469162 2.196171954274178 11.23779948800802 0 0 0.1741537302732468 5.072035901248455 1.079797156155109 0.1153736114501953 0.3503708764910698 0.1598233729600906 0.7142831385135651 1.148956775665283 0.2296465635299683 1.019699342548847 3.533445410430431 61.5573675185442 0.115604855120182 0.1452218592166901 0.3094692230224609 0.08830974251031876 0.1064320951700211 0.6053868159651756 0 0 0.5374447256326675 99.31770657002926 30.30778579413891 0.9694637805223465 0 0.08339732140302658 14.89309842139482 8.143591828644276 24.36255131661892 4.189622290432453 5.168281853199005 4.556653290987015 0.3358935117721558 0.9742010086774826 0.09669991582632065 0 0 0 0.09176215529441833 0 0.4207533523440361 0 31.84427941590548 36.31092645972967 26.95621275156736 248.6293530762196 17.26284145563841 70.89881606400013 41.19770101457834 259.5053782463074 7.471349589526653 3.707055136561394 52.23775486648083 13.73099692165852 0.6324835866689682 11.58946730196476 1.198342174291611 14.03949048370123 2.295150652527809 0.0919044241309166 3.670193195343018 5.554201364517212 1.41392694413662
156.3001307621598 475.1169826611876 119.6044313497841 537.7610343545675 552.7941639348865 197.0012449249625 5635.72333823517 78.59636230766773 3021.392972022295 5345.024289742112 1360.678651258349 1101.24557056278 0 3315.046294890344 168.4683450683951 83.00953911617398 37.31147511303425 0.9112782925367355 3.431644037365913 3.057396180927753 3.396835215389729 9.226822428405285 4.450746208429337 3.610799185931683 6.596771240234375 22.47691099345684 5.048763759434223 19.11853849887848 21.34650560468435 0.4102282971143723 75.24788708239794 6.368904128670692 1215.925489626825 0.852416031062603 7.431729145348072 86.4021750241518 309.7658729255199 13.79865300655365 52.69954372942448 8.546665489673615 45.57133736461401 7.341267935931683 5.518232718110085 6.601536750793457 2.2919787093997 1.899279080331326 235.1631128191948 13.57032433524728 1.940097875893116 7.607501730322838 26.21648242324591 7.747954688966274 41.32866153866053 12.33938775584102 4.989515215158463 9.506593339145184 12.28863490000367 41.4372043274343 4.065822798758745 32.16076970472932 3.75359995663166 38.84369929134846 5.825204640626907 5.718410551548004 8.475273083895445 8.42831365019083 7.922881375998259 27.93497516959906 31.3331375233829 48.6206021681428 570.8400506079197 314.6428032293916 1.557725317776203 34.14118246361613 13.89800921082497 78.51348065957427 19.98860254883766 5.420742362737656 0.2264511957764626 177.4387758597732 0.6876680627465248 3.760333374142647 18.28591438010335 0.9833133742213249 5.513357043266296 4.35254817456007 10.60097423940897 1.449909269809723 2.265649102628231 1.398190312087536 4.261674217879772 1.79475511610508 23.75001657754183 8.377945020794868 4.55955321341753 3641.173455901444 9.668939143419266 16.71186605095863 79.03737187385559 81.23385010659695 5.423584125936031 1.941003456711769 19.25356099009514 2.651694536209106 26.52335172146559 57.86669248342514 7.436189539730549 49.81806398183107 166.7569524422288 66.61386248469353 103.5509291514754 325.2641506493092 96.68242862075567 203.2957454547286 84.80700358748436 7.706275969743729 4.787322737276554 1.614513978362083 1.020377121865749 0 0 1.179072007536888 0.6115807741880417 0 0.9186601042747498 2.663984730839729 0.6565293371677399 3.536137312650681 1.328015878796577 0.7320144549012184 2.621369548141956 0.7385022640228271 5.011351563036442 1.156374551355839 39.69037520140409 22.07913094758987 0.09613146632909775 8.190671965479851 2.853724770247936 108.218214482069 34.08038535714149 144.2143064439297 53.60196015238762 8.738988719880581 2.071145981550217 0.6799131706357002 0.09534288942813873 0.5288027971982956 1.103605516254902 0.4088324084877968 0.3612446635961533 3.250885426998138 19.66929312050343 0.1029406562447548 0.2355538457632065 0.5011114999651909 3.738663859665394 0.9081045016646385 0 0.4965966194868088 0.07906927168369293 1.479472115635872 2.245549961924553 0.740214467048645 0.5698732957243919 6.479666240513325 133.9139105379581 1.464828632771969 1.48296795040369 0.2752281203866005 0.09405543655157089 0.1000924780964851 0.5218072533607483 0.5299455001950264 0.09335377812385559 0.9445918574929237 218.2061048597097 24.31586646288633 0.1697176247835159 0.2771058529615402 0.5971938297152519 32.5208026766777 14.11718796938658 59.08682757616043 5.285625115036964 8.773746021091938 8.421223543584347 1.423084743320942 3.181690387427807 0.4815042465925217 0.07560714334249496 0 0 0.1353437900543213 0 0.2951101064682007 0.1888134703040123 94.99390883743763 74.31517037004232 47.14375560730696 854.3115940764546 101.8935526385903 495.6941100545228 296.6383348703384 453.6282903812826 105.0871228426695 18.68512254208326 291.7907676696777 23.67173378169537 1.509285680949688 28.77683756500483 4.472782388329506 25.19636963307858 2.894874848425388 0.2825026735663414 8.380700938403606 25.44530504196882 9.351458720862865
