0 4262.338796518743 990.8240153715014 1859.973089560866 1431.173479348421 124.9660637825727 1789.776813343167 134.3346749320626 239.2738061472774 1707.494599945843 370.9588130638003 54.67125971615314 127.0821665972471 113.9006476551294 5.603046864271164 0.6863828152418137 0.2086140736937523 0.2268622517585754 0 0 0.6805818155407906 0.4182062447071075 0.1415780931711197 0 0.135950967669487 0.1438957750797272 0 0.3246936276555061 0 0 924.6093176528811 41.41703961789608 0.540485292673111 0 0 0.3142129331827164 2.956946209073067 0 0.4889561682939529 0 0.1098944172263145 0.5123548060655594 0.3414651304483414 0.1162822842597961 0 0.09424082934856415 18.35004337131977 4.419593065977097 0.1009245738387108 0.3331966921687126 1.091383248567581 0.09922420978546143 0 0 1.697316311299801 4.023336090147495 587.6937757283449 1192.811556518078 18.2197046354413 32.63362186402082 0.09220076352357864 0.1506751477718353 0 4.41417795419693 3.903214775025845 3.456004254519939 1.687163032591343 3.497553311288357 0.5833922997117043 0.3551429361104965 11.14646476507187 54.54666969180107 2.04867297410965 225.1238272115588 28.50872174650431 10.78827467560768 5.249041169881821 0.9441742897033691 0.6853605508804321 23.40338957309723 0.09414687007665634 3.160891942679882 13.91109462827444 0.5442839711904526 1.736499026417732 3.414181277155876 1.015141196548939 2.171467408537865 1.371903546154499 0.8879008889198303 0.146466463804245 0.1150493919849396 0.1598473191261292 0.2157723978161812 0 151.3336559981108 15.86458899080753 0 0.4983233511447906 1622.367816284299 0 0 0.2265366613864899 0 0 3.256167501211166 3.731906712055206 4.564143151044846 18.40892666578293 10.26317191123962 0.9422634989023209 14.53768260776997 12.59420450031757 5.481217563152313 0.7745998650789261 0 0.1103921309113503 0 0 0 0 0 0 0 0 0 0 0 0 0 0 0 0.2448504418134689 0 1.58340659737587 1.013244152069092 0 0.09454382956027985 0 0.4725644439458847 0 2.557031527161598 0.09254155308008194 0 0 0 0 0 0 0 0 0.5402292609214783 0.7170017957687378 0 0 0 0 0 0 0 0 0 0.1908962577581406 0 0 0 1.272684410214424 0 0 0 0 0 0 0 0 0 1.791345402598381 0 0 0 0 1.083714216947556 0.3559267073869705 0.2356325387954712 0 0.3082885444164276 1.630497992038727 0 0.195951372385025 0 0 0 0 0 0 0 0 3.292480900883675 0.3318979144096375 0.175406813621521 32.45980766415596 17.36013286560774 97.09107423573732 35.30405406653881 1499.964324206114 42.13418412953615 1.275099195539951 11.46518035978079 0.418494239449501 0.3914054036140442 0.7054343372583389 0.1199022978544235 2.976064115762711 0.3114697337150574 0 0 0.3213486075401306 0
4262.338796518743 0 984.1646178215742 1105.201322600245 4112.98917876184 134.5227874368429 4093.282416857779 352.826122559607 546.0599191486835 527.4919546917081 844.5812988355756 5.156334072351456 151.4877232834697 276.9358876273036 24.9021815508604 3.693625889718533 0.4293571412563324 0.7801447585225105 0.193652056157589 0.398133784532547 2.111150644719601 0 0.1516392678022385 0 0.4612556993961334 0.7422220334410667 0.1374692618846893 1.324101112782955 0.1037871986627579 0.1320521980524063 1586.547285273671 57.56108169257641 4.545183748006821 0 0.4586044400930405 0.9122781306505203 4.064334683120251 0.6130561977624893 1.393328621983528 0.2471408993005753 1.841106094419956 0.5631526857614517 0.9564240202307701 0.1724053770303726 0 0 135.0308609008789 26.56645397096872 1.069957472383976 0.9310773313045502 1.379055917263031 1.011570066213608 0 0.594626672565937 4.241587840020657 12.64749039709568 235.5297588855028 1161.666846364737 28.31697176396847 43.03362818062305 0.252701960504055 2.238380700349808 0.4354445785284042 43.44295137375593 20.74504923075438 13.13350737839937 10.32662618160248 14.05218584835529 2.588340096175671 2.329889409244061 8.444678358733654 3.48190139234066 0 406.2139249071479 127.6166106984019 70.66855375468731 29.21528145670891 2.102134354412556 6.975135654211044 78.34040407836437 0.1195383295416832 6.796176351606846 53.09533412009478 1.789932943880558 4.944800667464733 13.89470954984426 11.09428851306438 0.1204718500375748 2.904194839298725 0.2473685145378113 1.203035481274128 0.5386423245072365 0.4524173736572266 0.7519190460443497 0.5404149144887924 30.23069122433662 0 0 0.1881284415721893 607.308079354465 0 0.3278452455997467 1.09523618221283 0.1891031712293625 6.457924991846085 7.526336967945099 2.807942986488342 7.143013969063759 16.82393729686737 5.50970783829689 0.8834252953529358 20.81523579359055 13.88323700428009 10.21014684438705 1.291772574186325 0.5963655859231949 0.3883396089076996 0 0 0 0 0 0.2610299289226532 0 0 0.1373365074396133 0 0 0 0 0 0 0 0 3.364717662334442 0 0 0 0 2.144904240965843 0 1.538650341331959 0 0.0817941352725029 0 0 0 0 0.1299114376306534 0 0 0.3655970990657806 1.57992647588253 0 0 0.1358084827661514 0 0 0 0 0.2365656048059464 0 0.7022252529859543 0 0 0.4352821260690689 6.129355385899544 0.4819234609603882 0 0 0 0.1085689887404442 0 0 0 0.1028230413794518 3.756806567311287 0 0 0 0 1.060383200645447 1.177005782723427 1.056523010134697 0.1594288200139999 1.636965826153755 3.024978280067444 0.2109438925981522 0.3380010426044464 0.1172265782952309 0 0 0.1228533238172531 0 0 0 0 4.555810198187828 0.727823793888092 2.130037620663643 158.0697003901005 64.30115431547165 533.0762399658561 91.02654305100441 967.8034025207162 73.02394523471594 4.567093193531036 46.55469584465027 6.745639532804489 0 4.528156191110611 0.7023703157901764 1.89493402838707 0.6822929680347443 0 0.45176762342453 3.037322506308556 0
990.8240153715014 984.1646178215742 0 73.83985133469105 847.8714113906026 7.476712733507156 182.5505810827017 2591.075935132802 758.9586915522814 25.9728462100029 2680.074498772621 16.54273913800716 124.5297898799181 1000.648035921156 55.54587183892727 15.87558373063803 1.41069407761097 1.807603284716606 0.1435038447380066 12.5959130525589 92.09626664966345 0 3.882878504693508 3.829843580722809 21.67925675958395 9.070673860609531 1.442475274205208 2.530666075646877 1.083133719861507 0 3866.429895475507 786.8486005365849 46.60245963931084 3.060142956674099 21.80825189501047 34.31019166111946 31.27924573421478 6.02994279563427 3.115676008164883 3.362230844795704 39.02578613162041 4.166377551853657 24.14010772109032 1.961104080080986 0.3094480708241463 0.8013311251997948 177.4768833070993 32.65380538254976 1.941498205065727 7.293660819530487 5.643835596740246 2.067879110574722 0.1947629898786545 1.543568551540375 4.425786875188351 13.0233049467206 219.0844320878386 2058.648297905922 21.12233929336071 57.13535423576832 9.173061981797218 59.44184978306293 26.43096747249365 187.2250271588564 19.12591710686684 17.72704870998859 12.92562561482191 20.52091117203236 37.10564018040895 93.96240189671516 40.37749099731445 5.048695921897888 0 394.0956130996346 199.0861027538776 123.328595250845 80.64174017310143 10.09104699641466 381.4447282403708 2198.166266091168 2.128375932574272 525.9112482368946 50.94786368310452 1.50245051831007 7.558851301670074 16.14584349840879 14.08379557728767 0.1039923578500748 4.029392763972282 0.09006113559007645 2.62906438857317 0.590447910130024 14.28781072050333 4.266277484595776 3.131773106753826 30.67706115543842 2.835590183734894 0 1.273611471056938 414.2654544785619 0.2603282332420349 0 1.603119045495987 0 7.009792253375053 11.22535642981529 1.811620950698853 5.903929814696312 3.653018578886986 9.946421474218369 4.476352289319038 27.92157192528248 17.25035671889782 16.86464337259531 2.659441515803337 0.3884915411472321 0 0 0 0 0 0 0 0.1755381375551224 0 0.1832535266876221 0 0 0.4924307763576508 0.1392101794481277 0 0 0.5123641788959503 0 4.370061412453651 1.095109865069389 0 0 0.1047258451581001 1.76247039437294 0 5.032760001718998 1.544033080339432 0.1022321507334709 0.4312841594219208 0.2566022574901581 0 0 0 0.2147539854049683 0 1.754845380783081 4.884249277412891 0 0.1850108057260513 0 0 0.312734454870224 0 0 0.1149211376905441 0.4600153118371964 0.8886220455169678 0 0 0 10.34220951795578 0.4446664899587631 0 0 0.1223261132836342 0.1450979113578796 0.5480530858039856 0.1211258992552757 0 0.7104401439428329 12.23757614195347 2.217369318008423 0 0.1051018238067627 0.112894281744957 2.718916341662407 2.568034455180168 2.247598692774773 0.3105832040309906 2.804522000253201 1.26772552728653 0 0.5914381742477417 0.1038915738463402 0 0 0 0.1451047509908676 0 0.1757052391767502 0.1052830964326859 8.146841406822205 1.168440416455269 3.321518763899803 170.9109667539597 92.99654000997543 451.6612442880869 88.72106414288282 188.8311099633574 61.38410455733538 6.306832537055016 53.55018928647041 12.671839825809 0.4506417810916901 6.613643057644367 0.4662973880767822 5.091113239526749 0.3302553594112396 0 1.781394839286804 3.065974220633507 0.2131781131029129
1859.973089560866 1105.201322600245 73.83985133469105 0 558.15638422966 337.4405086487532 1642.48637022078 2.136524975299835 358.9256111830473 1595.688209205866 34.41640024632215 107.4526121467352 808.9500200822949 6.020574599504471 2.421251647174358 0.1497613489627838 0.206345222890377 0.1251586228609085 0 0.3265377804636955 0.1011355668306351 0 0 0.1004311814904213 0 0 0 0.3423722684383392 0.1759690046310425 0 61.66737622767687 0.3485656827688217 0.3396503329277039 0 0 0 0 0 0 0 0 0 0 0 0 0 29.84327761083841 8.71215246617794 0.1077390536665916 0.7492694482207298 0.3475959524512291 0 0 0.09247729927301407 1.821025490760803 2.46579584479332 51.71330047398806 189.6350283697248 7.978721365332603 14.15474721044302 0 0 0 6.188285909593105 6.488338463008404 3.013303384184837 4.526815988123417 4.024898909032345 0.4030681401491165 0.1464252471923828 0 1.307080298662186 0 111.2725343704224 28.5500640720129 13.87403876334429 3.81580550968647 0.3588503003120422 0 0.6890790686011314 0 0.1022978499531746 12.5398056730628 0.5640598088502884 2.078873030841351 4.568375550210476 2.339550510048866 0 0.4796272143721581 0 0.08754207938909531 0.1200650632381439 0 0.1694147884845734 0 64.29709783196449 0.6759777069091797 0 0 64.22888834774494 0 0 1.666062340140343 0 0.2515125572681427 1.145979359745979 0.7878765463829041 0.824167788028717 2.952880620956421 2.823715597391129 0 6.109436988830566 3.217196270823479 4.029467716813087 0.3510119915008545 0 0 0 0 0 0 0 0 0 0 0 0 0 0 0 0 0 0 0 0 0 0 0 0 0 0 0.1214411929249763 0.09562424570322037 0 0 0.1185854077339172 0 0 0 0 0 0 0.1881602555513382 0 0 0 0 0 0 0 0 0 0 0 0 0 0.2035579085350037 0 0 0 0 0 0 0 0 0.1172908619046211 0.7556809186935425 0 0 0 0.2143068015575409 0 0 0 0 0 0.4001989811658859 0 0 0 0 0 0 0 0 0 0 1.579239040613174 0 0 39.07875819504261 17.15998207032681 156.3560210466385 31.11494897305965 1102.339235313237 22.32746847718954 1.349432989954948 10.45564065873623 1.149382561445236 0 0.1210783272981644 0 1.640870571136475 0 0 0 0 0
1431.173479348421 4112.98917876184 847.8714113906026 558.15638422966 0 21.92358872294426 1704.701417535543 380.172660395503 2755.15347199887 801.3709876313806 1603.375476002693 27.17991097271442 328.9098908081651 200.5396687164903 56.22276290506124 8.964716017246246 0.2378748953342438 1.137320399284363 0.1977257505059242 0.5482466444373131 1.824458323419094 0 0.1166458874940872 0.1049790009856224 0.7503297179937363 0.5157008171081543 0.3272927701473236 1.322801627218723 0.9606203809380531 0.1126923412084579 304.7590745016932 19.79548103362322 8.68323140591383 0 0.2808456867933273 0.8434913754463196 8.913179650902748 0.7805876880884171 0.5439122691750526 0.4112246260046959 0.2924535423517227 1.681058309972286 0.3452520668506622 0.4534447640180588 0.2054799944162369 0.2431559413671494 213.7415966540575 20.58933966606855 0.7780302911996841 1.775887608528137 2.015729814767838 2.279120586812496 0 0.7855267897248268 3.521700702607632 8.06463697552681 90.04667738080025 406.9876813068986 22.10376599431038 49.97414541244507 0.4617406874895096 3.863368757069111 0.5838189348578453 60.43404564261436 13.51676069200039 12.89550680667162 9.612884625792503 13.39291724562645 2.919878512620926 1.998243272304535 16.90584121644497 5.718604266643524 0 241.4420362189412 120.5659617707133 131.1332473829389 57.1392320394516 1.872597694396973 1.853073939681053 39.3757516220212 0 4.396310925483704 35.85270548611879 0.6753070652484894 6.382853016257286 14.88175690174103 10.42156289517879 0.3171726986765862 2.912474319338799 0.2587154656648636 1.110049903392792 0.9850998893380165 0.2867104709148407 1.369796402752399 1.097512722015381 41.08394373953342 0.4329493939876556 0 0.2581422328948975 34.900983966887 0.5997562557458878 0.3495284020900726 2.938423529267311 1.085275739431381 12.4666395932436 23.09559068083763 5.06005010008812 18.80521582812071 12.33668340742588 22.24683333933353 6.961005598306656 84.38050623238087 49.091318115592 37.16085727512836 5.720329567790031 0.8823211938142776 0 0 0.5093733221292496 0 0 0 0 0 0 0.4205677881836891 0 0 0.1304400861263275 0 0.2599727585911751 0 0 0 12.53316181898117 1.705140694975853 0 0 0 7.516810446977615 0.1821162104606628 4.19485580176115 0.6091486811637878 0.08967894315719604 0 0.2643784284591675 0 0.6036069840192795 0.5556218028068542 0 0 1.729759238660336 10.97964005172253 0 0 0.1396920531988144 0 0.4966060519218445 0 0.4872927367687225 0.2597653418779373 0 1.315490573644638 0 0 0.1023200899362564 17.82126869261265 0.82326939702034 0.5536730587482452 1.126309305429459 0 0 0 0 0 0 17.83133098483086 0.3569427728652954 0 0 0 6.722405642271042 6.664800673723221 6.535327225923538 0.7760400623083115 3.168736599385738 5.151630200445652 1.228506490588188 1.379707723855972 0.2403485476970673 0 0 0 0.383652038872242 0.1031909435987473 0 0 17.80083917081356 1.637475669384003 3.955214589834213 298.1783216372132 100.9497331678867 558.1060511767864 120.1395759135485 316.3979126736522 73.67590886354446 4.657340347766876 88.91824917495251 18.25663711875677 1.116556137800217 16.51614435762167 1.078585714101791 12.61315845698118 1.217560008168221 0.2677015066146851 2.314953818917274 5.036502569913864 0
124.9660637825727 134.5227874368429 7.476712733507156 337.4405086487532 21.92358872294426 0 154.597524240613 4.700396656990051 22.57371689379215 853.5293598026037 6.913371011614799 301.6547076702118 200.9204434901476 19.07014094293118 0 0 0 0 0 0 0 0 0 0 0 0 0 0 0 0 16.61343419551849 0 5.432500973343849 0 0 0 11.16104148328304 0 0.9679078459739685 0 0 0 0 0 0 0 1.024279989302158 0 0 0 0 2.6277676820755 0.3109576106071472 0 0 0 167.3435647860169 65.02483475208282 2.161526784300804 3.480693012475967 0 1.140550196170807 0 0 0 0 0 0 0 0 71.85805027186871 364.746839210391 8.856741338968277 5.458946898579597 0 0.1398578286170959 0.1176839470863342 0 0.1892788708209991 3.032336711883545 0 0 0 3.44454088807106 0 0.2853002846240997 0 10.67467975616455 1.062492340803146 8.243774726986885 0.3835843056440353 0 0 0 0 383.7082692533731 50.387272387743 15.36850115656853 4.173125982284546 911.3575764298439 0 0 0 0 0 0 0 0.5394237041473389 1.379205003380775 0.2815353274345398 0.5257477611303329 0.8321572840213776 0.6164389848709106 0.9340894371271133 0.3100848197937012 0 0 0 0 0 0 0 0 0 0 0 0 0 0 0 0 0 0.5181514322757721 0 0.9637205600738525 0 0 0 0 0 0 0.1808547526597977 0 0 0 0 0 0 0 0 0 0 0 0 0 0 0.2381136119365692 0 0 0 0 0 0 0 0 0 0.7427031248807907 0 0 0 0.2180562764406204 0 0 0 0 0 1.60416741669178 0 0 0 0.1599339544773102 0.7200457900762558 0 0 0 0 0 0.3133063912391663 0 0 0 0 0 0 0 0 0 3.905103325843811 0.4796265065670013 0 2.216651543974876 0.5524066016077995 0.9646429866552353 0.2565333247184753 529.1828557997942 5.773302152752876 0.3556684255599976 0 0.2825344800949097 0 0.4229147583246231 0 0 0 0 0 0 0
1789.776813343167 4093.282416857779 182.5505810827017 1642.48637022078 1704.701417535543 154.597524240613 0 108.2597614377737 4341.518543176353 3518.284736998379 971.7000337541103 196.8605541884899 2338.301304131746 122.8441260680556 68.9357563778758 18.70294768363237 0.312866784632206 1.117878198623657 0.3539794981479645 0.6571610271930695 0.7964507415890694 0 0.6071579456329346 0.2295459508895874 0.8882469832897186 1.518593266606331 0.6740106493234634 1.82549637556076 0.95954629778862 0.131639376282692 164.5549736469984 16.23504786193371 12.07232212275267 0.2063172310590744 0.124633215367794 1.256619080901146 14.89310815185308 0.9561454653739929 1.637992091476917 1.147263042628765 0.2048999294638634 2.131230473518372 0.4911390468478203 1.145541027188301 0.243712954223156 0.2340600043535233 246.1135225445032 26.05141866952181 0.9201529026031494 2.74865148961544 2.111101612448692 1.914239257574081 0.1425503045320511 0.7713076323270798 4.277007386088371 9.592584580183029 132.6344311311841 456.8157219588757 29.48131088167429 60.63414908200502 0.4771678894758224 5.365883342921734 0.4061241820454597 63.14095316827297 20.34958236664534 13.16741124540567 12.47183554619551 16.66706842929125 2.971595473587513 1.372358419001102 34.37498281896114 12.23112633824348 0 327.9040494114161 140.7506568133831 142.4012771248817 70.32889680564404 6.428999803960323 0.4496863260865211 16.62311278283596 0.5595306754112244 4.330506443977356 50.88112254440784 1.40401840955019 4.698747038841248 15.61482296139002 10.8635615259409 0.07472048699855804 2.940153919160366 0.6526791825890541 2.155333139002323 1.517667979001999 1.296237967908382 1.478586055338383 1.361400805413723 334.4190537780523 1.954369813203812 0.1964211314916611 2.128507405519485 39.5924723520875 0.5614314675331116 1.232034116983414 5.30382713675499 1.67827881872654 28.04743022471666 62.66813153028488 14.10516691207886 60.31337087601423 47.8679703772068 89.98224990069866 18.18711895495653 213.8721118271351 153.8919786140323 112.3653613552451 16.2614052221179 1.002721972763538 0 0.1959747523069382 0 0 0 0 0 0 0 0.2915288060903549 0 0 0 0 0.5642826855182648 0 0.500426709651947 0.1361250728368759 22.82893463224173 2.30274161696434 0 0.3572049587965012 0 10.31639082729816 0.297118216753006 10.77608847618103 1.428737588226795 0 0 0 0 0.5977029800415039 0.5293140113353729 0.2389759570360184 0 2.525905445218086 19.12545388936996 0.1014529839158058 0.2610035240650177 0.1853400617837906 0 0 0 0.1309516280889511 0 0.2000304162502289 5.419872559607029 0 0.4432836472988129 0.6474274694919586 36.93210972845554 1.36308565735817 0.4399179071187973 0.1426280587911606 0.1803886145353317 0.7032773345708847 0.1401846557855606 0 0 0 44.59271845966578 0.3180661648511887 0 0.09177157282829285 0 8.318528175354004 11.71041189879179 5.011811524629593 3.546920828521252 8.530346304178238 12.86280874162912 1.824670642614365 1.028232388198376 0 0.3272596597671509 0 0 0.3285406604409218 0 0.1945469677448273 0 68.14915001392365 3.527385681867599 5.894601128995419 367.4124094545841 123.8940585181117 687.3678534626961 151.5426499694586 916.8299061581492 103.5597114637494 6.790090829133987 112.7119661569595 25.37982892245054 3.012595385313034 32.42899860441685 1.57484196126461 24.73698668181896 2.330833904445171 0 3.890550069510937 4.385503932833672 0.7062598615884781
134.3346749320626 352.826122559607 2591.075935132802 2.136524975299835 380.172660395503 4.700396656990051 108.2597614377737 0 865.5053375586867 19.28924784809351 1484.606043428183 8.014766171574593 219.8950038254261 2737.160440787673 101.384175144136 31.38569281250238 1.007395975291729 1.467155024409294 0 18.00873047858477 77.82539310306311 0 7.469383224844933 4.085563771426678 34.62410763651133 10.41178105026484 2.057269603013992 0.9441027790307999 0.7628098726272583 0.1641971617937088 666.0944523513317 1343.466409400105 25.02360103279352 1.497415475547314 18.44660855084658 58.22439183294773 22.13411156088114 11.76004096865654 1.609835684299469 3.732071906328201 28.32070349156857 3.341002859175205 15.71095000207424 12.04450788348913 0.6617259085178375 4.11041871458292 248.0396703854203 16.80538040399551 1.589125648140907 3.975026808679104 4.349870420992374 2.707936368882656 0 1.612760685384274 1.14235483109951 4.332035019993782 63.48007694631815 559.3719144910574 13.55537633597851 52.92884153872728 32.41482921689749 65.53452748060226 29.81625501811504 372.6787648200989 7.87004616111517 7.52677683532238 7.948409326374531 12.73692270368338 23.68726594746113 81.5684527978301 19.41464540362358 3.552215956151485 0 236.7950957491994 236.1636814847589 195.6851428374648 348.7959694638848 195.6460562571883 430.1382358968258 3231.818252936006 24.34564127773046 1718.322522208095 20.54729591310024 0.5227755680680275 2.890767455101013 7.577887542545795 7.76744256913662 0.2265026271343231 1.425550803542137 0.5791699588298798 1.123607933521271 0.7207720726728439 12.3791665956378 4.38651467114687 1.519107356667519 24.61431214213371 1.186520680785179 0 0.7278185933828354 32.54506476968527 0 0 1.730241879820824 0 3.475817263126373 18.02335003763437 1.603194072842598 4.883783638477325 3.84548231959343 8.547977030277252 2.91477145254612 27.46605654060841 14.02888345718384 15.66930066049099 0.9019106179475784 0.4412731230258942 0.1304838806390762 0 0 0.7850493788719177 0 0 0 0.1114394664764404 0 0.9583078920841217 0 0 0 0 0.3574637174606323 0 0.8125020265579224 0 4.658009439706802 0.7238511890172958 0 0.2614651024341583 0 2.490690678358078 0 1.938965603709221 0.1151594147086143 0.333897553384304 0 0.2963326126337051 0 0 0 0 0 0 1.627313777804375 0 0 0.1596224755048752 0 0.9966662228107452 0 0 0 0 0.1882323920726776 0 0 1.217389240860939 5.244434058666229 0.4426420629024506 0.1333041042089462 0 0 0.6530130580067635 0 0.2704247534275055 0 0.9919839948415756 6.027306586503983 0.7034422159194946 0 0.1189324408769608 0.1776575297117233 1.353107690811157 1.859104573726654 0.4133408516645432 0.2473806589841843 1.787478536367416 2.225513510406017 0.1897998452186584 0 0.1095612719655037 0 0 0 0 0.2267794609069824 0.297474592924118 0 4.584971815347672 0.5743551850318909 1.732059687376022 276.7001267820597 71.45518977195024 425.7206080406904 97.63387532532215 58.7957951426506 40.8439532071352 2.442425385117531 85.95192358642817 12.58506019413471 0.5373711585998535 8.026608757674694 1.438277497887611 2.605625167489052 0.5750775784254074 0 1.209139138460159 4.709575846791267 0.441143125295639
239.2738061472774 546.0599191486835 758.9586915522814 358.9256111830473 2755.15347199887 22.57371689379215 4341.518543176353 865.5053375586867 0 987.8274902030826 5026.712512768805 179.6260361820459 4075.227946184576 716.037435926497 113.4742624685168 45.63611570000648 0.3485292568802834 0.5544578060507774 0.2190994471311569 0.1117659211158752 1.290071472525597 0 0.2391236945986748 0.5470660999417305 1.344965785741806 0.9779724329710007 0 1.919516257941723 2.604513816535473 0.48576919734478 129.3272053599358 38.12194864451885 15.81945648789406 0 0.4462931752204895 1.461179450154305 49.04132501780987 0.5066373571753502 1.525810264050961 0.4231403321027756 1.241742588579655 1.461371436715126 0.210335984826088 2.530661515891552 0.2122998461127281 0.6124529018998146 235.3060727342963 13.99750600010157 1.135052263736725 1.688781909644604 1.844607420265675 2.071227669715881 0 1.478995643556118 1.544771634042263 4.615090973675251 38.60976792126894 162.6857215240598 12.01382225751877 32.36803584545851 0.5408641919493675 6.739144057035446 0.1762357652187347 59.03625283390284 6.317485280334949 5.584652036428452 7.174308657646179 7.867635563015938 2.484695449471474 2.759418658912182 77.6237226575613 24.90101423859596 1.438713178038597 135.7601706758142 84.3173748254776 142.8560561686754 110.434962041676 23.18489046394825 3.998935706913471 39.43979210406542 0.5726775676012039 4.505835272371769 13.83680913597345 0.6673143357038498 3.170663915574551 6.741557508707047 5.343064188957214 0.3295660614967346 1.600195564329624 1.252041734755039 0.9045160934329033 1.114780709147453 1.618664093315601 2.572728149592876 2.004956610500813 446.3167747557163 2.318209648132324 0.1696977019309998 0.8804020285606384 19.21515461802483 1.137253031134605 1.358633100986481 11.09466905891895 2.877343162894249 35.57133178412914 105.3379222303629 18.32242128252983 81.16061092168093 44.86263605952263 107.467897683382 25.00078928470612 306.0693786218762 251.2543156519532 182.2354566156864 18.88540843129158 2.642826423048973 0.5776731744408607 0.1741282939910889 0.1147868260741234 0 0 0 0 0 0 0.2687666416168213 0 0 0 0 0 0.1109641715884209 0 0.1406440883874893 32.3282622396946 5.949327193200588 0 0 0 19.50341914594173 0.2697481215000153 16.83176669478416 2.472368843853474 0.2705235257744789 0 0.1223229914903641 0 0.4254085719585419 0.1264885067939758 0.1797382235527039 0 4.905045665800571 22.31640100479126 0.506137028336525 0.1140124648809433 0 0 0.1522700041532516 0.2731863558292389 0.2538891062140465 0 0.5361732542514801 5.04440288990736 0 0 0.9473066627979279 34.97337741404772 2.213193722069263 1.583451226353645 0.5103969573974609 0.1763594746589661 0.3874155133962631 0.3822508528828621 0 0 0.145832434296608 73.16932983696461 1.81176832318306 0 0 0.4160889983177185 11.6123101785779 14.80741728842258 7.499305307865143 3.364226430654526 6.71267045289278 20.3696029484272 1.843175753951073 2.460625149309635 0 0 0 0 0.1087187528610229 0.1199027374386787 0 0 111.8125820308924 6.253255814313889 10.32662124186754 481.516973733902 118.5248721390963 397.5703348070383 119.5458080396056 168.4331609085202 64.30535121262074 2.424570754170418 148.0847207680345 31.76193243265152 3.670285001397133 42.51030480116606 1.201349727809429 28.13794185221195 3.636576198041439 0 5.271396070718765 9.945000030100346 0
1707.494599945843 527.4919546917081 25.9728462100029 1595.688209205866 801.3709876313806 853.5293598026037 3518.284736998379 19.28924784809351 987.8274902030826 0 152.095745138824 1552.196887075901 8356.49877756834 125.0950795561075 10.78722856938839 3.164584681391716 0.1321944296360016 0.2114773392677307 0 0.2746723294258118 0 1.196035861968994 0 0.1269186288118362 0 0 0.1796184629201889 0.3584956973791122 0.3117797896265984 0 43.15905188769102 1.817446239292622 13.90792733430862 0 0 0 43.19426121562719 0.2002687603235245 2.787806078791618 0.1330379694700241 0 0.1711500138044357 0 0.1284422278404236 0 0.2550809904932976 40.88096282631159 5.462342403829098 0 0.4159463495016098 1.014455646276474 0.9286957383155823 0 0 0.7069360688328743 2.815474666655064 46.83146496117115 110.8675300627947 5.931858859956264 11.72836588323116 0.1300020664930344 10.48135969042778 0 6.017742000520229 3.713631577789783 1.898090779781342 1.621293470263481 2.061865918338299 0.2981727495789528 0 231.2115594446659 92.11824879050255 5.499815434217453 69.71805953979492 23.5309766381979 20.86343472450972 9.929236300289631 1.109832145273685 0 5.766776233911514 0.1096104606986046 4.129660539329052 10.80427142977715 1.694110937416553 1.581683918833733 2.986761815845966 1.507688641548157 3.95074950158596 0.539549432694912 4.106449201703072 0.1244981288909912 0.116186298429966 1.056903675198555 0.6026314422488213 0 1158.796708077192 15.99877840280533 7.101326584815979 4.388519167900085 263.9323410242796 0 4.945560246706009 12.73882088065147 7.577976018190384 29.20394104719162 92.55625279247761 36.36214166879654 81.12646016478539 76.07829950749874 161.7758354991674 24.51500663161278 348.2604131251574 227.5296007394791 170.5020136684179 13.05535098910332 1.009871602058411 0.1707475632429123 0.1513467580080032 0.1211890354752541 0 0 0 0 0 0 0 0 0 0 0 0 0 0 0 30.75084266066551 2.262009739875793 0 0 0.1055253446102142 13.44125168025494 0.2881234884262085 9.941857680678368 1.79309156537056 0 0 0.1372526735067368 0 0.3502211719751358 0 0 0 5.027098596096039 16.3511331602931 0 0 0 0 0.4064272493124008 0 0.1424924433231354 0.1090269163250923 0.3373338431119919 4.490113645792007 0 0 0.3283821046352386 33.02905966341496 2.098461493849754 0.7253802046179771 0 0.1039149984717369 0 0 0.1144761592149734 0 0 52.18972636014223 0.7961770445108414 0 0 0 9.886505752801895 7.564212158322334 5.255189374089241 1.105226293206215 6.438989751040936 14.36640886217356 1.321963831782341 0.9885489493608475 0.2575275301933289 0 0 0 0 0.3076615333557129 0 0 107.6260797083378 3.600254833698273 4.434425413608551 78.7190834954381 23.26043125987053 127.1013609096408 28.93955199420452 2146.604547582567 21.07430522888899 1.146833769977093 27.83011092245579 10.34759697318077 1.309052795171738 29.92372639477253 1.892189681529999 37.09237675368786 1.560472950339317 0 5.102660231292248 1.000803977251053 0
370.9588130638003 844.5812988355756 2680.074498772621 34.41640024632215 1603.375476002693 6.913371011614799 971.7000337541103 1484.606043428183 5026.712512768805 152.095745138824 0 53.94805806875229 657.5857037603855 5029.21885009855 111.7356327995658 57.19171318411827 1.457838490605354 1.138007327914238 0.4292856380343437 1.665421046316624 16.43492186814547 0.3177014589309692 3.027510724961758 1.801805436611176 45.16292908787727 9.24609649181366 3.564114928245544 3.847488917410374 1.418866902589798 0.1077057346701622 403.3376909941435 229.4509102627635 65.41891305148602 0.7540130317211151 8.776146739721298 59.29750219732523 64.07444353401661 31.49666882306337 5.051269195973873 14.92773380130529 27.09288282692432 11.66857175529003 4.101382039487362 4.161735810339451 0.2677592486143112 0.1217122822999954 220.0618507713079 13.29786683619022 1.537783339619637 1.682951375842094 4.851832769811153 4.476059839129448 0.5045939683914185 1.521137423813343 0.972339041531086 5.142462886869907 50.02646458148956 316.5326284021139 15.22961165010929 40.7277115508914 0.5023789703845978 51.87600599229336 4.068801015615463 87.32496289908886 8.480734445154667 6.230052947998047 5.774616949260235 13.17694100737572 11.55466800183058 33.79343014210463 42.49390177428722 12.80925925076008 0 160.7404312565923 106.6148447468877 146.7427167668939 109.4803994446993 31.92210212349892 66.60550006479025 1062.048395104706 1.565224915742874 50.17836605757475 19.21931768208742 0.6834272220730782 2.808319248259068 8.795369334518909 5.190054088830948 0.6191666722297668 2.897984549403191 1.441652700304985 0.6076879650354385 0.8688135072588921 13.96514844894409 1.677859403192997 1.613857068121433 77.54682445526123 0.8524782657623291 0 0.6172046214342117 36.13368199020624 0 0.5022953748703003 2.542290508747101 0 13.81990067660809 24.46819753944874 4.539708778262138 16.1684857532382 7.663537979125977 25.34849663078785 4.536478906869888 64.71334253251553 51.92584256827831 34.13173218071461 5.36994706094265 0.6007233858108521 0.5008967518806458 0 0.1271960884332657 0.150263249874115 0 0.7399034798145294 0 0.2541971504688263 0.09748150408267975 0.1530900746583939 0.1218505576252937 0 0.8048251271247864 0.2446967661380768 0.2046241015195847 0 0.4879051744937897 0.1323948502540588 9.34963221102953 2.255920439958572 0 0 0 5.360124513506889 0 3.98802462220192 1.359875865280628 0.7045078948140144 0.1376690268516541 0.2841461449861526 0.1262929141521454 0 0 0.1404068171977997 0.1840357482433319 2.353437915444374 6.450626716017723 0.4352959096431732 0 0.4947459697723389 0.5004325807094574 0.1139692440629005 0 0 0 0 1.624088801443577 0 0 0.4039488881826401 17.28747169673443 0.3002802208065987 0.255988746881485 0 0.1366332769393921 0.2925333976745605 0 0 0.1792965829372406 0.9245220124721527 12.683100707829 0.9329038262367249 0 0 0 5.111470103263855 5.679208889603615 3.676574930548668 0.7939176559448242 1.921677313745022 7.088424123823643 0.4744406640529633 0.6962501257658005 0.6265675127506256 0 0 0 0 0.1795085668563843 0 0 19.43597124516964 2.437370985746384 2.803759135305882 314.9826602637768 100.5360295400023 357.9545277580619 103.0317787230015 81.82069592922926 44.03739559650421 3.89289478957653 100.6534766256809 20.57786685228348 0.9391862154006958 13.32305039465427 1.066431805491447 11.84877641499043 1.397295400500298 0.146905243396759 2.652314588427544 9.141683980822563 0
54.67125971615314 5.156334072351456 16.54273913800716 107.4526121467352 27.17991097271442 301.6547076702118 196.8605541884899 8.014766171574593 179.6260361820459 1552.196887075901 53.94805806875229 0 2551.027637124062 115.9652695953846 14.19717344641685 16.04346334189177 0.4311413764953613 0 0 0.3439501971006393 0 1.225160092115402 0 0 0.7427498400211334 0.1991923451423645 0 0.198407769203186 0 0 5.115542486310005 9.22583395242691 30.92094123363495 0 0 0.527985155582428 154.3846503794193 1.269922226667404 2.018539160490036 1.690705515444279 2.110309630632401 0.7713688611984253 0.1886574923992157 0.8381395488977432 0 0 19.77814228087664 0.4032053276896477 0 0.3636322617530823 0.2911561131477356 2.436278328299522 0.621103823184967 0 0.08906140178442001 0 3.054758474230766 7.47263353317976 0.1321761161088943 1.43308687210083 0 49.97335960716009 0 4.266602449119091 0.1398003399372101 0 0.6594056561589241 0.8888833671808243 1.080397166311741 2.670660674571991 453.6110187023878 142.7451675087214 3.963641092181206 7.848007418215275 1.787315644323826 8.860029980540276 8.283905573189259 5.083402924239635 0.3623133301734924 33.99838618189096 0 1.407035499811172 0.4681137278676033 0 0 1.297391124069691 0.2360537201166153 5.562227621674538 0.9384482204914093 3.338063076138496 2.257978513836861 0.3751906454563141 4.003207832574844 0.5545718967914581 0.1687191873788834 2608.487741246819 52.99747942388058 3.246540248394012 5.713527791202068 59.61547763645649 0.3178910613059998 0.6916710734367371 6.220911234617233 0.698589101433754 24.00532959401608 57.83173418790102 7.73212106525898 40.28949351608753 17.45230107009411 55.89245717227459 18.05835396051407 179.8254508525133 128.0927575081587 131.9224389716983 10.74014449119568 1.653902620077133 0.308289498090744 0 0 0 0.159624308347702 0.2003464549779892 0 0.1373369842767715 0 0.4865477532148361 0 0 0 0.2844809293746948 0 0 0.6871709525585175 0 24.90884509682655 5.541810356080532 0 0 0 18.47633606940508 0.1621016263961792 9.585352316498756 1.292746409773827 0 0 0.1835624724626541 0 0.3272529244422913 0 0 0 2.61090075224638 12.44178795814514 0.3595961853861809 0 0.1528268307447433 0.5988453775644302 0.149858757853508 0.3041942864656448 0 0 0.1471452713012695 4.112703941762447 0 0 0.1886827200651169 23.95226915180683 1.115934014320374 0.1560963243246078 0.1036855280399323 0.1049013808369637 0 0 0 0 0 55.5194182023406 3.40727761387825 0 0 0 12.36671902239323 10.10641013085842 2.801755011081696 1.192187830805779 7.899128720164299 9.024628020823002 2.415820434689522 1.665520645678043 0.1388814300298691 0 0.1775166541337967 0 0.1552145928144455 0 0 0 95.25030322372913 8.705943137407303 7.054117888212204 160.2209935560822 17.48006525635719 37.25648576021194 14.78987908363342 357.9216007068753 8.142920173704624 0 33.418112821877 10.89196839928627 1.374327637255192 22.09549754112959 2.288730256259441 10.16536647081375 2.0018540173769 0 4.727332092821598 1.732876069843769 0.6641202569007874
127.0821665972471 151.4877232834697 124.5297898799181 808.9500200822949 328.9098908081651 200.9204434901476 2338.301304131746 219.8950038254261 4075.227946184576 8356.49877756834 657.5857037603855 2551.027637124062 0 4251.683351695538 108.6851586252451 100.7084039524198 1.99433109164238 0.8127936124801636 0 1.114474259316921 6.357523173093796 1.682989090681076 0.2348247244954109 0.7749809101223946 6.651247955858707 3.344512283802032 1.113113857805729 3.605194136500359 1.842819809913635 0 43.39839386940002 46.64020648598671 174.1534893289208 0 0.7895536124706268 7.544813357293606 161.8635172918439 10.91812966018915 4.271704897284508 11.02775721251965 12.77692350745201 10.21046279370785 2.808392010629177 8.264224611222744 0.3467800840735435 0.5754574984312057 135.3415832966566 4.423383586108685 0.8824112564325333 1.272966265678406 3.997691594064236 6.848201505839825 1.997723117470741 3.873249173164368 0.5524078160524368 1.979573890566826 15.11591662466526 64.02099584043026 5.161240682005882 12.64041759818792 0.2921341881155968 110.3386411815882 0 31.50307773798704 1.663031958043575 2.019023604691029 3.840810485184193 6.149181701242924 10.00807283073664 12.61558216065168 424.6114737614989 100.8636095076799 2.473548114299774 47.01028163731098 32.98942841589451 75.28485523164272 71.26216197013855 48.34033890068531 4.178833782672882 152.8473755195737 1.55393397808075 8.072908967733383 4.841945722699165 0.8104429244995117 0.6764989197254181 3.968804724514484 4.424402460455894 4.062371492385864 3.104947619140148 4.867465391755104 2.554961763322353 1.9725641310215 15.39828808605671 5.470590852200985 2.098685972392559 3310.526798978448 22.76856382191181 1.831535562872887 6.236916050314903 42.1788287460804 1.777620479464531 1.827572375535965 9.120389729738235 3.188718006014824 41.57499700784683 105.0679392144084 25.35692298412323 98.21500786393881 56.70016457140446 132.6480148285627 34.83739556372166 372.5276682749391 324.1219008043408 245.9552472308278 31.56201509386301 2.543536104261875 0.4662367552518845 0.1157830879092216 0.6810399144887924 0 0.2035454660654068 0.118272453546524 0 0.1361101865768433 0.1088415682315826 1.018326044082642 0.1857706159353256 0.108172170817852 0.300700917840004 0.1321872472763062 0.4874661341309547 0.3051655739545822 1.293375119566917 0 34.13166670501232 6.86379286646843 0 0.1864194571971893 0.3167422413825989 22.31288689374924 0.8507806211709976 15.93440461903811 2.883936353027821 0.4556543752551079 0 0.313217505812645 0.4789009839296341 0.6337373554706573 0.2665362730622292 0.1549173593521118 0.5166339129209518 6.514301881194115 21.89380794018507 0 0.3264726996421814 0.9734422266483307 1.873061075806618 0.4875809252262115 0.144627571105957 0.4902969300746918 0 0 5.083908319473267 0 0.4947884678840637 0.7462437450885773 43.27562655508518 2.59416452050209 0.9195391312241554 0.2300043404102325 0.1631018072366714 0 0 0 0 1.319474175572395 129.0958363637328 2.856572300195694 0 0 0.3752280473709106 20.87333635985851 24.66083699464798 4.522674530744553 1.667609564960003 9.207241795957088 16.13145151734352 2.110789641737938 1.963874444365501 0 0 0.1353100687265396 0 0.09775467962026596 0.1606187969446182 0.5326831191778183 0 221.7643332704902 19.43433582037687 13.30136293172836 512.7786131799221 132.8276620432734 226.7600199580193 94.5141355022788 426.4107400923967 32.384293012321 1.809511974453926 136.4084996208549 33.54120371490717 3.210464037954807 33.67231536656618 3.02730867266655 34.67158794403076 3.477901116013527 0.3639661967754364 4.069360822439194 16.13113138824701 0.4188524484634399
