0 4391.224532574415 1482.494581736624 1600.309628292918 729.76274061203 34.17953187227249 1239.028719455004 90.22852490097284 94.58896082639694 356.1779995709658 241.9210318028927 55.11925546824932 100.0791046097875 157.7887646481395 2.022925578057766 0.5997476726770401 0 0 0 0.3338404893875122 0.5287981331348419 0 0.1920576393604279 0 0 0 0 0 0 0 280.3772452846169 5.445671357214451 31.51774744689465 0 0 0 18.68962478637695 0.1845535635948181 3.336934328079224 0.8938430100679398 1.805114828050137 0 0.6053539142012596 0 0 0 17.93178948014975 5.100891560316086 0 1.334588184952736 2.607492722570896 2.417020469903946 0.159673273563385 0.3985425978899002 3.568737685680389 10.72051054984331 597.1098402664065 588.8262544050813 66.29222013801336 10.62309590727091 0.5025015473365784 7.729429215192795 0.1989231556653976 3.182703129947186 8.837950840592384 7.909538127481937 6.669104039669037 7.194843679666519 2.637834787368774 5.949681289494038 28.36451458930969 12.50180687010288 0.2025928050279617 210.1968305334449 16.56132926046848 10.23423659056425 7.047924041748047 1.203416928648949 9.392236277461052 144.9696127995849 1.303945675492287 9.240221083164215 12.64001438766718 0.2103194892406464 5.104233980178833 10.40467405319214 0.852152056992054 0.1142991110682487 3.206668496131897 0.6167445853352547 0.9166804999113083 0.3892153799533844 0.7563933581113815 0.2584014162421227 0.2619567364454269 156.8222036808729 8.846999749541283 1.025515288114548 1.569644078612328 1332.30021353066 0 2.065000534057617 4.303728818893433 0.5548693835735321 0 4.132645860314369 1.434560894966125 1.278635531663895 86.15748593211174 2.987864181399345 0 11.56076245009899 4.048420161008835 1.346319884061813 0.6002742201089859 0 0 0 0 0 0 0 0 0 0 0 0 0 0 0 0 0 0 0 0.1191913038492203 0 0 0 0 0.6309402734041214 0 0.5220951735973358 0.12984699010849 0 0 0 0 0 0 0 0 0 0.1163659989833832 0 0 0 0.2816520556807518 0 0 0 0.1201251521706581 0 0 0 0 0 2.350257098674774 0 0 0 0.09609033167362213 0 0 0 0 0.2419516295194626 2.046426855027676 0 0.1349924355745316 0 0.1393072009086609 0.4620328396558762 0 0.6276784986257553 0 0 0 0 0.1192892491817474 0 0.1045362502336502 0 0 0.1253540813922882 0.1041213348507881 0 0 1.548360362648964 0.1534213572740555 0.1269109100103378 20.10945177823305 14.54208663851023 103.028646171093 21.16307967156172 1154.677745334804 5.388009309768677 4.422440953552723 3.402856342494488 0.3716838657855988 0.1181043684482574 1.120263554155827 0.611010953783989 23.18787360191345 0 0 0.2594368159770966 0.5283698067069054 0
4391.224532574415 0 1267.062385074794 196.8034562692046 3211.588920794427 213.5271399319172 3216.41018588841 172.0103571712971 816.1153786182404 678.920908793807 1007.64572968334 20.41417330503464 869.6371154636145 1495.023792557418 10.83937034755945 0.9354680851101875 1.240259602665901 0 0 0.3011505454778671 2.140388190746307 0.3770566582679749 0 0 0.2570024132728577 0.2822791188955307 0 0.2449691146612167 0.103733666241169 0.09456687420606613 1155.765537984669 53.80920878052711 115.3859874531627 1.156239554286003 0 0.324356734752655 34.05139207839966 1.122448116540909 2.944875821471214 0.8915501832962036 5.617956079542637 0.7952638864517212 0.4372101575136185 1.860229305922985 0 0.4788423031568527 214.6140954867005 37.30448220670223 1.157166942954063 0.6288009658455849 13.93538518995047 0 0.9462550282478333 0.2323005646467209 20.20727803558111 53.5295726954937 397.8325668647885 748.183409884572 66.20114806294441 112.4361203014851 1.898361422121525 8.632233038544655 0 33.04335393756628 47.45041210204363 57.12242897599936 38.7721208781004 32.23649928718805 4.927996605634689 8.389958068728447 15.89336653053761 2.095896065235138 0.1152537018060684 520.5188170075417 137.9306021258235 149.4246503189206 96.36678681522608 4.731480523943901 12.79975546896458 379.7698954790831 3.072124868631363 18.48725831508636 53.68603019416332 1.686942376196384 32.88467565923929 70.07228734344244 6.510646551847458 1.073186360299587 32.09032572060823 1.395547270774841 5.74028779566288 2.987625330686569 2.271057091653347 2.471201963722706 1.451774254441261 209.9122417792678 0 0.1283464729785919 0 849.6202367842197 0 16.42180806398392 24.23856654763222 18.62814508378506 0 32.6420704126358 12.0409973859787 19.10245797038078 44.3795030862093 44.02600262314081 0.9439480900764465 107.5697297006845 33.59802637994289 12.71492518484592 6.486175745725632 0 0 0 0 0 0 0 0 0 0 0 0 0.1892393678426743 0 0.1200404390692711 0 0 0 0 1.662486732006073 0 0 0 0 2.656728506088257 1.073574550449848 0.7526727393269539 0 0.2160772085189819 0.2920591533184052 0.1781294792890549 0 0 0.1626030057668686 0 0 0.8737667202949524 1.194144129753113 0.2714280635118484 0.4108099490404129 0 0 0 0 0.2826845049858093 0 0.1454260498285294 0 0 0 0.404379665851593 5.831955656409264 0 0.380694180727005 0.5848515927791595 0.1117604970932007 0.4084305390715599 0.09972808510065079 0.6093573868274689 0.09868793189525604 0.2830366715788841 13.65647573024035 0.1227398812770844 0 0.3525992035865784 1.049230344593525 2.948685422539711 0.7700185477733612 4.439074128866196 0.5970189571380615 0 1.020690873265266 0.9261530339717865 0 0.7430031672120094 0.0888264924287796 0.2781530991196632 0 0.4613147675991058 0.2903427705168724 0.1178314387798309 0.1364830732345581 15.01474628597498 0.6169135570526123 1.566479250788689 71.11661534011364 92.85215651243925 870.1751195788383 113.8247670680285 2063.83543587476 17.41564434021711 18.18155729025602 15.30628354847431 0.9621126726269722 0.6511992290616035 3.461622804403305 4.353972524404526 78.65129160881042 0.4518928974866867 0.09477796405553818 1.149080231785774 0.7788093015551567 0
1482.494581736624 1267.062385074794 0 3.655416429042816 923.3595162108541 8.628761261701584 7.766343124210835 1326.64440099895 152.4244054108858 1.296932637691498 3109.945758022368 16.39341530948877 50.70193661749363 1228.731283910573 22.48003676533699 3.247543342411518 0.782786913216114 1.296314567327499 0 2.492769375443459 10.81604732573032 0.1591897010803223 0.1527323722839355 0 0.2043076008558273 0.5855001211166382 0 0.5086836814880371 0.1714382469654083 0.09839679300785065 3084.574572190642 426.5273593217134 173.7679076120257 2.318239308893681 0.3956379443407059 1.596717774868011 49.21787152439356 2.74790632724762 1.931637898087502 1.29866649210453 20.91698545962572 4.811841115355492 5.302125550806522 2.366368860006332 0 2.164312168955803 147.584581695497 28.84628649801016 1.21311990916729 3.258516028523445 18.36481896042824 1.629926174879074 0.527587816119194 1.312755301594734 9.313861548900604 32.28008751571178 243.9080741479993 846.4907815232873 35.16701938956976 57.64706489443779 30.30265085399151 37.29952515661716 0.9556834995746613 130.0870594084263 30.29802796989679 35.43863732367754 27.19842635095119 39.5723969116807 26.22772991657257 53.90226212888956 20.90134544670582 5.413308054208755 0.3940355479717255 364.7553730085492 133.4364762157202 108.1600099503994 87.59936054050922 10.81095524132252 129.2564521431923 1483.154493018985 21.8014113381505 172.9854754209518 37.65316680818796 0.9830977469682693 22.65547226369381 45.68672004342079 6.951670788228512 0.644772469997406 19.86308529227972 1.089704781770706 5.069380223751068 3.517619304358959 12.85411208122969 2.51930645853281 2.198143564164639 41.98743480443954 1.151826992630959 0 0.3712035268545151 395.1613226607442 0 3.103879570960999 0.1288608014583588 4.03106564283371 0.1548641175031662 3.613332882523537 2.762801945209503 4.559991121292114 4.387006610631943 8.862897753715515 0.7397247105836868 32.82167056947947 10.42571733891964 6.297088280320168 4.733778610825539 0 0 0 0 0.1543960720300674 0 0 0 0 0.4537892937660217 0.09754429757595062 0 0.09172840416431427 0 0.2113365083932877 0.1303717643022537 0 0 0 0 0 0 0 0 3.457159318029881 1.982398167252541 3.557813130319118 1.686163634061813 0.8824379369616508 0 0.2488178983330727 0 0 0 0 0 0 0.5496624112129211 0 0.1805615127086639 0.9167701303958893 0.4528876021504402 0.9582454040646553 0 0 0 0 0 0 0 0 7.097284480929375 0 0.450618714094162 0.4044766575098038 0.3783522471785545 0.08438080549240112 0.7366487607359886 0.400689609348774 0.1995955109596252 0.7360022217035294 13.31001534312963 0 0 0.1014643236994743 1.71214334666729 2.760692566633224 1.279439777135849 2.873810723423958 0.1859166175127029 0 0.3392573446035385 0.1156311854720116 0 0.09548798203468323 0.09655806422233582 0.09848523139953613 0.1419666856527328 0.6671029478311539 0.120541013777256 0 0.1485617011785507 7.889757193624973 2.215772233903408 0.8829878270626068 77.54090423882008 64.03255782276392 507.747711122036 80.11239947378635 645.0432967022061 12.62490282952785 10.43768863379955 24.61297632753849 3.228351525962353 0.9342931136488914 3.598790377378464 2.062357142567635 10.8673258125782 0.2402632683515549 0.107920415699482 0.6863213926553726 0.6715892255306244 0
1600.309628292918 196.8034562692046 3.655416429042816 0 260.9408793821931 296.9451317191124 1456.733152106404 0.2237793207168579 385.1131202727556 3952.384205713868 0.2095341682434082 42.18408033251762 824.140495121479 125.3698680251837 0 0 0 0 0 0 0 0 0 0 0 0 0 0 0 0 13.8553818166256 0 0.1285164952278137 0 0 0 0 0 0 0 0 0 0 0 0.09902004152536392 0 5.411305256187916 1.988997749984264 0.208494246006012 0 0.5550855696201324 0 0 0 1.256364442408085 2.730480365455151 27.22585765272379 38.81227054446936 3.629966087639332 4.916134983301163 0 0 0 0.9984631836414337 1.523792065680027 2.330634742975235 1.563928328454494 2.215739339590073 0.2044641375541687 0 1.570735454559326 0 0 28.01354150474072 5.468716219067574 3.954579144716263 0.9399238079786301 0.3090395629405975 0 0.1128364279866219 0.09107030928134918 0.1206767037510872 2.824928589165211 0.2923969477415085 1.373654305934906 3.318749099969864 0.2389663010835648 0 1.084224745631218 0 0 0 0 0.2230689376592636 0 104.0716445893049 0 0 0 132.4396769553423 0.610223650932312 6.119788616895676 9.597652241587639 3.056610316038132 0 12.512177541852 2.538087606430054 4.567807644605637 130.6401022076607 11.64196892082691 0.390898197889328 26.18355825543404 8.735421746969223 5.099045231938362 0.4545643925666809 0 0 0 0 0 0 0 0 0 0 0 0 0 0 0 0 0 0 0 0.2767559289932251 0 0 0 0 2.322389468550682 0.1571291536092758 0.1537978798151016 0 0 0 0 0 0 0 0 0 0 0 0 0 0 0 0 0 0 0 0 0 0 0 0 0.1879095882177353 0 0 0 0 0.3267637193202972 0 0.1050583496689796 0 0 1.085215106606483 0 0 0 0 0 0 0 0 0 0 0 0 0.1139617785811424 0 0 0 0 0 0 0 1.557154923677444 0 0 5.293879225850105 3.841945976018906 31.37555608898401 4.412909030914307 355.3362820073962 1.250945962965488 1.937172763049603 1.447525694966316 0 0 0.910216897726059 0.1900793462991714 30.71151739358902 0 0 0 0 0
729.76274061203 3211.588920794427 923.3595162108541 260.9408793821931 0 92.11175622045994 2594.985382311046 263.3097556233406 3803.840332195163 1080.66168487072 1550.968698784709 12.81505766510963 1185.236551985145 3030.08791410923 15.0835368335247 0.2968466430902481 0.4926865547895432 0 0.1163931339979172 0.178881898522377 0.1252403557300568 0 0 0.2347778156399727 0.4857845827937126 0.187398299574852 0 0.3102588728070259 0 0 171.3428325131536 20.3060635253787 47.56058017909527 0 0.2127670049667358 0.1371467113494873 15.17620787769556 0.3672279864549637 0.2984291315078735 0.7266090512275696 0.1235691234469414 0.839285746216774 0.7072568535804749 0.6945320069789886 0 0.3668775409460068 330.6993554383516 32.6194509640336 0.9410925880074501 0.6883132830262184 15.34008745104074 1.006583482027054 0.1713915020227432 0.3783637210726738 13.42065969854593 46.93255919963121 93.09260290116072 204.4595739245415 26.73190198093653 124.9013463556767 1.421479277312756 3.66325418651104 0 32.46249377727509 39.99942882359028 45.61356253921986 31.55486018210649 27.26797852665186 0.9507694318890572 2.124512225389481 7.554246202111244 0.9159249812364578 0.1217014864087105 282.5134255439043 110.9269564077258 172.5018398091197 154.0056477040052 3.102621279656887 3.868191383779049 79.35192864388227 1.04257357865572 1.304281741380692 34.35930696129799 1.761148974299431 27.23395921289921 62.00815154612064 6.206563659012318 1.400927528738976 29.91632989048958 1.394534505903721 4.071173436939716 2.9510118663311 0.3049071133136749 3.024505667388439 2.558562807738781 267.5150825753808 0.1278465241193771 0 0 109.0814838260412 0 10.23752158880234 23.0497999638319 14.5708309262991 1.01050491631031 47.31184874475002 9.801142364740372 34.97226397693157 41.36827124655247 59.88817888498306 3.534899979829788 148.6760698109865 55.17243932187557 19.55036945641041 10.40413452684879 0 0 0 0 0 0 0 0 0 0 0 0 0 0 0 0 0 0 0 0.9844482243061066 1.241391777992249 0 0 0 3.096439689397812 0.1449588090181351 0.9228277802467346 0 0.1315392553806305 0 0 0 0 0 0 0 0.1945693790912628 0.8591186553239822 0 0.153822734951973 0.1128382384777069 0 0.3178821951150894 0 0 0 0.6278632283210754 0.1243126392364502 0 0.1980062574148178 0 8.164288505911827 0.2768983542919159 0 0 0.1650865823030472 0.2961400598287582 0.1891402304172516 0.2656222581863403 0.6860613897442818 0.2672745287418365 13.04203280806541 0.3697604835033417 0 0 0.2239169701933861 0.4256619215011597 0.5745169520378113 2.443636119365692 0 0.8997070789337158 0.6243673488497734 0.1064792573451996 0.3240234777331352 0.2213264182209969 0.3833940029144287 0.1148426160216331 0 0.223678432404995 0.1003707721829414 0 0 17.31405417621136 0.3689303994178772 0.09702914953231812 112.4251183494925 121.1945203915238 1058.629181616008 190.7668637260795 985.488007761538 24.26794861257076 16.80076438933611 35.4528926461935 2.067358575761318 0.3192404806613922 3.819473691284657 3.824406392872334 49.98837828636169 1.171036623418331 0.1414491683244705 1.089229583740234 0.6094359755516052 0
34.17953187227249 213.5271399319172 8.628761261701584 296.9451317191124 92.11175622045994 0 286.4576308578253 1.469930425286293 96.18189099431038 401.6755466163158 7.042871296405792 214.2122419774532 239.4931830018759 115.3930605351925 0.5607651397585869 0 0 0 0 0.1633738130331039 0.3137063384056091 0.3709230720996857 0 0 0.1736723184585571 0 0 0 0 0.218937873840332 7.643012076616287 0 58.62564364075661 0 0 0.9286487102508545 76.84140083193779 2.252288222312927 34.07974161207676 3.689875259995461 0 0.1300197243690491 0 0 0 0.2273635417222977 1.396595969796181 0.2844952046871185 0 0 0 39.49966920167208 0.6443917900323868 0.6816507428884506 0 0.2032290771603584 138.3725954294205 17.49704782664776 1.106551364064217 0.1077815294265747 0.11969293653965 22.49618807435036 0 0 0.1405498087406158 0.1912404149770737 0.1329556703567505 0.2409284859895706 0 0.2698274105787277 218.7876315712929 146.8939803987741 9.019551038742065 3.988471277058125 0 0.2056105881929398 0.4311500936746597 0.1507417410612106 0 26.41109228134155 0.5027517676353455 2.770547240972519 0.2983619272708893 0.1951494067907333 0 0.391270138323307 0 8.041267342865467 1.373740285634995 12.4110601246357 0.2990469038486481 1.476708441972733 0 0.108878381550312 0.5002086758613586 355.1765139251947 76.83200093358755 11.47928732633591 22.10237999260426 535.5891325622797 0 0 0 0 0 1.632067039608955 0 0.4150521606206894 20.3237469792366 0.1461999118328094 0 5.751003302633762 1.345515355467796 0.7363109961152077 1.025830715894699 0 0.1504446417093277 0 0 0 0 0 0 0 0 0 0 0.1142310276627541 0 0 0 0 0 0.1352384090423584 0 0 0 0.1265053004026413 0 0 0.2780534476041794 0.4559316113591194 0.1334575861692429 0.2091529071331024 0 0 0 0 0 0 0 0.09211976081132889 0.1255902498960495 0 0 0 0 0 0 0 0 0 0 0 0 0.701834037899971 0.804547518491745 0 0 0 0 0 0 0 0.1700780093669891 0.1518572717905045 2.732806697487831 0.3872965574264526 0 0 0.1225776746869087 0.8145418912172318 0.151203989982605 0.3387399464845657 0 0 0.1241192817687988 0 0 0 0 0 0 0 0 0 0 0.8824307695031166 0.1429843455553055 0.290524035692215 3.675431780517101 1.320074088871479 3.816303640604019 1.949843570590019 133.6361872106791 1.084624901413918 0.2672130465507507 0.5753121897578239 0.1685472577810287 0.1606872081756592 0.5747809708118439 0.1054965928196907 0 0 0 0 0 0
1239.028719455004 3216.41018588841 7.766343124210835 1456.733152106404 2594.985382311046 286.4576308578253 0 4.331309609115124 703.6612105816603 4013.289247900248 30.60769928991795 43.69334794580936 11735.70748993754 2041.111600056291 5.506833046674728 0 0.1825407445430756 0 0 0.3047215044498444 0 0 0 0.1198583468794823 0 0.1771320104598999 0 0 0.320995032787323 0 27.1783464550972 5.00420094281435 6.912459149956703 0 0 0 3.513585731387138 0 0.6169267892837524 0.1502455919981003 0.7878118306398392 0.1431782245635986 0 0.6473184749484062 0 0 81.60027983039618 9.306340500712395 0 0.3666955456137657 4.007557041943073 0 0 0 3.103884115815163 16.05342149734497 44.15656039118767 66.79471902549267 8.66872876137495 41.80014638602734 0.6250069886445999 1.206273198127747 0 5.960850194096565 9.698866598308086 13.97158908098936 9.083606384694576 9.190083384513855 0.4109863936901093 0.8103252947330475 3.618732213973999 0.1618065685033798 0 92.89931918680668 30.40380436182022 43.14580971002579 35.22868423908949 1.093770027160645 0 4.172572262585163 0.5589588284492493 0.4805284589529037 11.65445385873318 0.8695186078548431 5.966891221702099 18.41545397788286 2.232962615787983 0.4936272874474525 8.175219506025314 0 1.782366216182709 0.8042677640914917 0 1.115793876349926 0 782.3074504733086 0.2530580759048462 0 0 149.6221204549074 1.381184555590153 26.79385426640511 95.49318139255047 39.20177184045315 0.3183606714010239 102.5057473182678 44.48075532913208 85.73560954630375 184.2903609424829 136.8786843568087 8.133593901991844 402.8757449612021 119.5380180180073 46.9263868406415 12.29463172703981 0.2713079154491425 0.1736501604318619 0 0 0 0 0 0 0 0 0 0 0 0 0.6362758874893188 0 0 0 0 1.908348739147186 0.4286277145147324 0 0 0 4.099134162068367 0.2679882347583771 1.099976986646652 0 0 0 0 0 0 0 0 0 1.506494581699371 1.199223279953003 0.1299929320812225 0 0 0 0.1690154224634171 0.1761243343353271 0 0 0.6748885214328766 2.180424943566322 0 0 0 7.309046193957329 0.2158717960119247 0.5632092654705048 0.3798834681510925 0.1016760095953941 0.1050388962030411 0.1488891392946243 0 0 0 17.68989238142967 0 0 0.124379463493824 0.1071648001670837 4.227013170719147 4.331378489732742 6.132555350661278 0.9418837800621986 0.8003996983170509 3.644195050001144 0.2734860777854919 1.316468209028244 0.3376256078481674 0 0 0 0 0 0 0 40.97288937866688 0.173759862780571 0.9350488930940628 49.20815100520849 37.16784273087978 288.7771577462554 58.02278248220682 675.583977676928 6.03498837351799 6.018476061522961 12.66159633547068 1.852998092770576 0.9556650593876839 5.354138195514679 1.484102584421635 90.18727476894855 0.1365926116704941 0 0.8880326747894287 0.3803590536117554 0
90.22852490097284 172.0103571712971 1326.64440099895 0.2237793207168579 263.3097556233406 1.469930425286293 4.331309609115124 0 216.8130164444447 0.2113199532032013 2729.412996955216 8.018967553973198 30.13612110167742 924.052758038044 86.66790119558573 9.867845200002193 18.99334461241961 24.58374756574631 2.51457391679287 36.71737435460091 26.92610310018063 0 1.744270175695419 0.7313847467303276 0.8845890015363693 2.1395563185215 0.3702362254261971 1.706958696246147 0.1440641134977341 0.5860987678170204 1109.502307988703 3494.943203426898 131.3835613206029 13.28269059956074 1.48528203368187 1.638913959264755 32.85290916264057 0.4565559029579163 2.503371357917786 2.060792319476604 73.51964291930199 24.84617634117603 84.77859651297331 44.45323741436005 1.49360990524292 123.5635019242764 461.2099392563105 44.74801147729158 42.12714473903179 89.83850515633821 83.2379237934947 3.172823287546635 0.1567813456058502 9.551273629069328 10.81056646257639 35.55082645267248 117.7483484223485 567.2741849198937 16.30186418443918 105.150668643415 637.9472781941295 54.91933638602495 6.707517668604851 873.9393898919225 37.11425468325615 59.45459185540676 85.33152633905411 261.38756044209 363.1379981786013 239.2362749353051 11.98162931203842 2.277538776397705 0.6645779088139534 338.8016939014196 323.377311296761 297.6992691084743 726.7990065515041 598.5449747666717 2198.557596355677 1618.097141161561 1225.631322175264 2288.620700493455 39.96321196109056 1.565093107521534 30.60485070198774 65.19567246735096 92.68319800496101 1.218840770423412 44.58760196715593 3.328819736838341 24.19347757846117 13.14703971892595 45.11572957038879 18.16945841163397 16.17381776869297 17.31648457050323 0 0 0 54.00851237028837 0 0 0 0 0 2.892353743314743 0 4.008074060082436 1.535807341337204 2.352273598313332 0.9236304759979248 16.27450902760029 7.198338732123375 6.14840392768383 2.317252933979034 0 0.1297133266925812 0 0 0 0 0 0 0 0 0.1708960384130478 0 0.5466257631778717 0 0.1109153032302856 0.2235214859247208 0 0 0 0.1124646589159966 0 0 0 0 1.445260927081108 0.9861596673727036 1.786697149276733 0.6203264221549034 0.3898832425475121 0.7090068012475967 3.355304226279259 0.5822556167840958 0 0 0 0 0.2012375593185425 0.8480188697576523 0.3257136791944504 0.3959004878997803 2.876387894153595 0 3.414273977279663 0 0 0.07744427025318146 0 0.08790704607963562 0 0 0 5.316916286945343 0 0 0.1065937653183937 0.169598288834095 1.152327165007591 1.347882829606533 1.012398459017277 0.6950007155537605 3.578807570040226 9.307011850178242 0.1964861154556274 0 0.5673800408840179 2.838922455906868 1.307703211903572 0.6716808676719666 1.757036969065666 0.164260670542717 0.5676921382546425 1.125682920217514 0.1692760586738586 0.4968092441558838 0.3790390864014626 0 0.2979490384459496 0 2.155945837497711 0.3807317242026329 0.1146554574370384 0.5784184634685516 5.387640185654163 0.8561535030603409 1.131989561021328 125.1286066398025 117.1973197832704 921.7994452565908 186.3041618168354 174.1654498949647 15.99769967794418 11.01517172157764 45.88505303859711 3.425128050148487 0.8534013107419014 4.640097081661224 2.801694065332413 0.537208080291748 0.7265478074550629 0.2766630947589874 0.7362918853759766 3.417097426950932 0
94.58896082639694 816.1153786182404 152.4244054108858 385.1131202727556 3803.840332195163 96.18189099431038 703.6612105816603 216.8130164444447 0 881.1556686609983 3023.175936706364 46.86391745507717 657.5966279655695 2035.880385011435 17.33657317608595 0 0.2890577614307404 0 0 0 0.1382658332586288 0 0 0 0 0.4243094921112061 0 0 0.3924684226512909 0 31.52907034009695 16.96151343733072 30.06645061820745 0 0 0.3276007324457169 9.745209977030754 0.267474353313446 1.731125794351101 0.3563040196895599 0.2601920962333679 0.6493223905563354 0 0.5962763130664825 0 0 199.6439143940806 9.530042387545109 0 0 2.520071275532246 0.1630439907312393 0 0.1665206700563431 3.217033922672272 13.68213219195604 32.74589440226555 37.8862993940711 8.536610014736652 40.00360158830881 0.4602495208382607 4.039317086338997 0 13.92323619127274 10.16512994468212 11.78315462172031 10.70968319475651 8.064641438424587 1.310294225811958 0.8474602550268173 12.37437483668327 0.5413616895675659 0 90.8604603856802 33.95041652023792 79.98913942277431 92.48901811242104 2.657575517892838 0.6394671946763992 34.260080114007 0.8261017426848412 2.197610571980476 10.00234023481607 0.6816699877381325 7.678911045193672 17.36818788945675 1.901951424777508 0.07957535982131958 8.588619627058506 0.3982052579522133 1.038074970245361 1.155692636966705 0.8496247380971909 1.475562252104282 1.78104156255722 734.2470656335354 0.1339861750602722 0 0 46.27318577468395 0.8361886367201805 17.64891588687897 63.08761891722679 31.10865730047226 2.753013998270035 157.0991665273905 36.63850206136703 110.4559651315212 125.1154051423073 157.6935004070401 9.029896259307861 560.8956804424524 182.1408212706447 78.85254733264446 27.38534319400787 0 0.1899908185005188 0 0 0 0 0 0 0 0 0 0 0.1947589814662933 0 0.2155723124742508 0 0 0 0 1.569453969597816 2.060585469007492 0 0.1320190131664276 0 11.00668539106846 0.6376612782478333 5.812072589993477 0.09163841605186462 0 0 0 0 0 0.1651284992694855 0.363656759262085 0 0.9056345969438553 2.670564651489258 0 0 0 0 0.2853707373142242 0.1864825934171677 0 0.177852675318718 0 2.622392363846302 0 0 0.5258182287216187 12.18782298266888 0.357892245054245 0 1.403775006532669 0.2830053195357323 0.2403096035122871 0.1090437546372414 0.204579271376133 0.3237761557102203 0 39.76497658342123 0.1545150279998779 0 0.1671731621026993 0.4744241386651993 9.998971693217754 8.585377067327499 7.944897204637527 0.7998851463198662 0 2.895309433341026 0.7675658911466599 1.485262148082256 0.7088126987218857 0 0 0 0.1055999994277954 0.358256071805954 0 0.1446259915828705 66.4964984357357 0.612997442483902 3.067457392811775 189.8039965853095 66.03140858560801 629.3574642837048 181.5425313860178 449.7095247209072 23.70183754712343 5.739895187318325 72.9699100703001 4.001010857522488 0.1764442920684814 7.302189871668816 3.07663706690073 102.8622326254845 0.7585494369268417 0.1444830596446991 1.040072500705719 2.900625437498093 0
356.1779995709658 678.920908793807 1.296932637691498 3952.384205713868 1080.66168487072 401.6755466163158 4013.289247900248 0.2113199532032013 881.1556686609983 0 9.678573980927467 2196.934291854501 11270.09086290002 860.8642975613475 0.7629429697990417 0.1818839460611343 0 0 0 0 0 0.4317670911550522 0 0 0 0 0 0.1473432034254074 0.7184929251670837 0 1.242995508015156 0.8634956628084183 22.53999096155167 0 0 0 7.70939014852047 0 3.800487786531448 0.123265914618969 0 0 0 0 0 0 7.104718744754791 0.122187077999115 0 0 0.151356041431427 0 0 0 0.2305733859539032 0.811458483338356 18.45439676940441 5.357767343521118 0.3017242848873138 1.250862747430801 0 1.478712126612663 0 0.1795022189617157 0.2037278264760971 0.6241550892591476 0.3081115037202835 0.4532461240887642 0 0.3310003280639648 109.9049630016088 0.7317574173212051 0 4.351531632244587 0.9856218099594116 1.378187894821167 1.599275276064873 0.2847956120967865 0 3.16929617524147 0 1.338098436594009 0.6334687024354935 0 0.1721754670143127 0.5369173511862755 0.112311378121376 0.127036064863205 0.09303037822246552 0 0.2828633934259415 0 0 0 0 1118.692596793175 0.305022269487381 0 1.811499163508415 448.443253710866 0 20.72734063863754 22.64078770577908 12.4348538517952 0.4341662228107452 73.10751676559448 21.89328569173813 57.06063003838062 467.9140609055758 71.42279598116875 5.78626075387001 202.6786212921143 68.47044019401073 34.76105383038521 12.54907713085413 0 0.3094546943902969 0 0 0 0 0 0 0 0 0 0 0.1385221034288406 0 0 0 0 0 0 0.5039003565907478 0 0 0 0 6.380432210862637 0.4502212107181549 2.104864671826363 0.1364331245422363 0 0 0 0 0 0 0 0 0.4312685430049896 0.9470282420516014 0 0 0 0 0.1488781124353409 0 0 0 0 0.9859781861305237 0 0 0 6.002829745411873 0 0.2448868006467819 0 0.2841225117444992 0 0 0 0.1304232478141785 0.1731075644493103 13.00846283137798 1.119236692786217 0 0 0 4.377802684903145 0.5197732746601105 1.124366760253906 0.3475247025489807 0.3692863285541534 1.986324042081833 0.1817730963230133 0.3585543632507324 0.2169424816966057 0 0 0 0 0 0 0 31.81794714927673 1.667425960302353 0.993185818195343 10.41651619970798 1.200512051582336 24.80417630821466 6.067093931138515 316.0047379508615 2.008219137787819 0 4.777905136346817 2.396067552268505 0.2628591954708099 6.717542223632336 0.2722830921411514 59.38165479898453 0.246699646115303 0 0 0.4787749350070953 0.6607879996299744
241.9210318028927 1007.64572968334 3109.945758022368 0.2095341682434082 1550.968698784709 7.042871296405792 30.60769928991795 2729.412996955216 3023.175936706364 9.678573980927467 0 262.528855741024 330.6383670642972 3534.104466125369 62.15218947082758 4.597570210695267 1.453610830008984 0.6808367222547531 0 1.865494951605797 5.332652106881142 0.3917561322450638 0.6735736727714539 0 0.2417189329862595 0.3901632577180862 0.5489230901002884 0.8449374288320541 0.4125471413135529 0 325.1822262704372 159.5583035647869 292.1779028847814 1.947640225291252 0 2.029516652226448 82.41453114151955 3.819654017686844 3.319050878286362 5.114989057183266 19.65415941923857 6.198411084711552 2.531821042299271 1.316191405057907 0 0.5858910530805588 373.9337952286005 13.42543421685696 1.507291480898857 1.419780187308788 16.50108186155558 2.09125928580761 0.3934433460235596 1.033734291791916 5.679813615977764 21.65764975547791 46.05026933550835 131.659331150353 17.32928681373596 56.84722854197025 15.99082598090172 44.1859392374754 0.5986610651016235 53.46760560572147 15.82850181311369 25.43346316367388 21.02710028737783 27.15986882150173 16.14662028104067 40.33419865369797 59.41660651564598 5.339721024036407 0 139.0393529087305 70.06071607023478 184.0274421945214 200.890439003706 18.20838008075953 110.6241538524628 1531.554002337158 8.749004550278187 64.85110861063004 16.93504372984171 1.130360193550587 12.40534522384405 32.75742841511965 4.419701799750328 0.7268814370036125 15.05701957643032 0.8798757791519165 4.394713006913662 4.990245446562767 10.75871913135052 3.902195148169994 5.01806902885437 67.15349367260933 0.5463381111621857 0 0 36.34253268688917 0.3348559588193893 1.155227512121201 3.582962483167648 1.049014523625374 0 13.81595166027546 0.6670015454292297 18.94765873998404 11.69462776184082 13.70779870450497 3.437319591641426 89.64441849291325 29.82483687251806 17.94479510188103 9.957382172346115 0 0.134471207857132 0 0 0 0 0 0 0 0 0.2222837507724762 0 1.409097097814083 0.1898709386587143 0.2535790652036667 0 0 0.3072017431259155 0.1008211970329285 0.2990223169326782 0 0 0 0 5.782806113362312 1.358225762844086 2.94395662099123 0.4485763907432556 0.5344630628824234 0.4825693070888519 1.254331961274147 0.2926037311553955 0 0.2755975723266602 0 0 0.6497753262519836 1.493329204618931 0 0.4577375799417496 0.2527983412146568 0.1633660942316055 0.127569392323494 0.2322069555521011 0 0.1006544977426529 0.1903691738843918 0.1542648673057556 0 0 0.8706180602312088 10.92962051928043 0 0.1347992867231369 0.4253320470452309 0.1873331442475319 0.266078993678093 0.9587271511554718 0.3007618635892868 0 1.184706754982471 21.90339650958776 0.1326770037412643 0 0.2399019375443459 1.142890632152557 3.414862230420113 3.34017525613308 5.18530485033989 0.4395114928483963 0.143876850605011 2.034544870257378 0.4168656170368195 0.1213138774037361 0 0 0 0.08895435184240341 0.6100713834166527 0.1062434688210487 0 0 24.91557918488979 3.902429059147835 2.074382245540619 312.6581904143095 114.426453448832 859.4598883837461 286.8441934809089 278.9514409154654 31.53616964817047 9.04840125888586 123.4842458888888 5.641413189470768 0.5070864036679268 5.287543430924416 2.533669508993626 8.260093927383423 0.7121954262256622 0.2568914592266083 1.476668953895569 5.955745719373226 0.4379033148288727
55.11925546824932 20.41417330503464 16.39341530948877 42.18408033251762 12.81505766510963 214.2122419774532 43.69334794580936 8.018967553973198 46.86391745507717 2196.934291854501 262.528855741024 0 2254.626017563045 942.2651179805398 7.473521709442139 0.6439267694950104 0 0 0 0.4398985803127289 0.6804332733154297 1.751373887062073 0 0 0.6251891702413559 0 0 0 0.6144651770591736 0 0.8941724300384521 0.7948678359389305 100.5277163013816 0 0 0 61.52641321718693 4.576015934348106 9.989349752664566 1.641771495342255 1.132790178060532 1.094177484512329 0.1844959706068039 0.1943079680204391 0 0 33.95059681683779 1.160584054887295 0 0.537745013833046 2.230671718716621 2.441467270255089 3.604847878217697 1.827019989490509 0 1.892913661897182 8.555531367659569 3.739794507622719 1.263792619109154 3.32920628041029 1.181860700249672 6.970003843307495 0 1.108917087316513 0.6333650946617126 0.9032318517565727 0.7950543016195297 1.230181381106377 2.834308877587318 4.878484606742859 168.2847053408623 37.8718681037426 0.4467998594045639 12.73148671537638 2.646887466311455 11.22027969360352 11.18915554881096 2.616415619850159 0 28.42035711556673 0.562543973326683 1.363124817609787 0.9064269065856934 0 0.1289829164743423 0.8671296015381813 0.6439136415719986 0 0.2699113562703133 0.2135632336139679 0.1427419930696487 0.656220868229866 2.329982832074165 1.101104974746704 1.371301293373108 2507.008681640029 16.13229586184025 1.763878047466278 5.595887362957001 98.27128905057907 0.3752604573965073 9.533818185329437 23.58613491803408 5.515063136816025 0.7457465082406998 122.6735846996307 11.76938471198082 105.7328893393278 72.19324651360512 84.178432315588 9.280687034130096 464.1288013160229 171.8190119713545 105.6931080147624 37.91891104727983 0 1.18089285492897 0 0 0 0 0 0 0 0 0.1623578667640686 0 0.8977650851011276 0 0.3382970839738846 0 0.3204337060451508 0 0 2.125315144658089 1.292615488171577 0 1.672729939222336 0.4402157068252563 24.89865528047085 7.372150436043739 13.0403014793992 2.226391017436981 2.147317156195641 0 0 0.1481809765100479 0.1937291920185089 0.160209909081459 0 0 3.93773353099823 6.259013310074806 0.3650685548782349 0.1399383246898651 0.204798236489296 1.700952485203743 0 0.205880269408226 0.9061839804053307 0.3244789838790894 0.7871488332748413 1.039391443133354 0.501020073890686 0.179839015007019 2.583771109580994 35.53905136883259 0.2826720774173737 0.252730667591095 1.52760161459446 0.2749623879790306 0.4840829893946648 0.3425487354397774 0.3254213482141495 0 0.8925693035125732 64.06081787496805 2.948431104421616 0 0 0 19.25674502551556 5.961544871330261 18.87550096213818 2.80126990377903 0.4853296652436256 3.223725400865078 1.379034355282784 3.926122456789017 0.4998862966895103 0.1894565299153328 0 0 0 0 0.1350603252649307 0.1566127389669418 99.93499413132668 6.713933035731316 8.686092540621758 94.0602148771286 8.706129245460033 94.98143385350704 41.31012075394392 190.7998523414135 3.928841784596443 1.079759053885937 34.44518803805113 6.609320484101772 0.4546463340520859 21.52845911681652 1.721252538263798 23.52116001397371 0.9754453971982002 0.155293807387352 2.385661534965038 1.417563781142235 0.1741633266210556
100.0791046097875 869.6371154636145 50.70193661749363 824.140495121479 1185.236551985145 239.4931830018759 11735.70748993754 30.13612110167742 657.5966279655695 11270.09086290002 330.6383670642972 2254.626017563045 0 2074.654448360205 30.09943675249815 3.621206611394882 1.530770048499107 0.6235411614179611 0 2.279033496975899 1.154835075139999 9.318698480725288 0 0 8.271217510104179 3.817097663879395 0.267988532781601 4.688364446163177 2.560373291373253 0.5839173793792725 8.354299709200859 3.882704071700573 322.0489634349942 0.1520301252603531 0 9.10014021396637 623.7244772017002 130.2595705688 145.6108880490065 205.3131883442402 6.654613673686981 8.38739338517189 0 4.233921200037003 0 11.7374242246151 129.2175852432847 3.235572680830956 0.4512904584407806 0.9627817422151566 6.200352400541306 21.87745150923729 31.94662111997604 10.93743985891342 1.401881836354733 7.142853014171124 16.87984828650951 10.91450695693493 5.215856157243252 11.63807018101215 8.969387605786324 20.39575572311878 0.219120979309082 5.13713963329792 2.815312005579472 5.389128625392914 3.551234744489193 5.398111023008823 1.927128970623016 8.381113700568676 923.1791827306151 127.5267394483089 0.9108948111534119 34.45983205735683 15.1012924015522 43.12534075975418 48.50669961422682 8.098148763179779 0.3815710917115211 74.78721562027931 3.221731424331665 7.248696222901344 3.770459622144699 0.2852736040949821 2.760179631412029 7.435163967311382 0.9830625206232071 0.6461382210254669 5.317699059844017 1.970465533435345 1.526438184082508 1.948178447782993 4.707279324531555 4.900350421667099 4.972146049141884 4755.662902072072 57.12973389029503 4.769213542342186 25.892378911376 123.6442680805922 0.5371775031089783 14.15336082875729 44.11735156178474 16.17638722062111 2.419149085879326 187.5364217236638 21.69505824148655 145.5975559949875 283.3582770228386 199.285450860858 23.41600470244884 874.6405034810305 359.7865002825856 185.5619852468371 72.67549981176853 1.115497022867203 0.905650332570076 0.1492349654436111 0 0 0 0 0 0 0.7615489661693573 0.8990927487611771 0 6.77956934273243 0.417649045586586 5.114329285919666 0.3035061657428741 1.753862388432026 0.6957339346408844 0.146796315908432 3.817130610346794 2.315354019403458 0 2.579740896821022 1.189362242817879 54.63304208964109 26.67301607131958 37.25994538515806 18.25705613195896 8.279091663658619 0.5233216732740402 0.243790939450264 0.7937420234084129 0 1.286815986037254 0.5888892114162445 0 4.381168365478516 11.11782472580671 0.9172312989830971 0.5466590225696564 0.3013100326061249 7.150159657001495 1.161855340003967 0.1421305686235428 1.07156977802515 0.3826149180531502 0.6987740844488144 1.336716011166573 0 2.105199679732323 5.935638129711151 82.81272181123495 0.6773004084825516 0.9424784928560257 4.061159357428551 0.5456483736634254 0.2069618701934814 0.2903340011835098 0.3544681817293167 0.169298991560936 1.361057132482529 197.9290921539068 12.53664708137512 0 0 0.3302942663431168 31.18092434108257 19.67455103993416 46.32650075852871 3.158131636679173 2.513886585831642 12.27274265885353 1.546259328722954 5.332554407417774 2.409492753446102 0 0 0 0.1191141903400421 0 0 0 222.2636952549219 43.53260370343924 35.35563404858112 248.2846035510302 65.25760199129581 337.205188088119 131.4899261072278 360.6725413799286 17.02809156477451 4.51616932451725 90.97934743016958 18.7296300008893 1.94201336055994 33.2089237421751 6.772145040333271 43.01006726920605 2.029880195856094 0.5204360485076904 4.831122115254402 6.809626698493958 0.5845091491937637
