0 5858.853936381638 1076.976384542882 1100.661485254765 976.1569790616632 271.3242384046316 1615.348458997905 33.71343229711056 344.0749432891607 1021.415757365525 371.9878259077668 643.0495527684689 657.451951444149 326.7156898155808 0.1447553187608719 0.2910598069429398 0 0 0 0 0 0 0 0 0 0 0 0 0 0 873.3182829245925 107.6456964462996 11.75528148561716 0 0 0 4.205547943711281 0 0.2876194566488266 0 0.4389834702014923 0.1893346905708313 0 0 0 0 10.38470128178596 2.348934337496758 0.1752993911504745 0.8708181008696556 0.3847900778055191 0.3700830936431885 0 0 2.023283988237381 1.826015412807465 416.8350938931108 1912.359902046621 26.11270920187235 4.074474133551121 0 0.1115753725171089 0 0.6472717523574829 2.905854448676109 0.7295445427298546 0.09199456125497818 0.2397224605083466 0.6446117162704468 0.3939697444438934 29.76416639983654 18.40219554305077 2.67299784719944 323.5307857915759 166.4322513490915 10.92470205575228 8.210308916866779 1.084248229861259 0.200963482260704 5.395948126912117 0 0.6069090366363525 14.3011896237731 0.3728143498301506 1.568630650639534 2.435290284454823 1.002227254211903 0.09981188178062439 0.3836826384067535 1.568443536758423 0 0 0 0 0 310.0600418895483 43.46339152753353 0.2969468832015991 1.071620583534241 1320.714914679527 0 0.2158034592866898 0.265950471162796 0.2794246673583984 0.4875747561454773 8.22274087369442 1.158787950873375 4.258630648255348 4.608261808753014 4.914764672517776 0.4324655085802078 12.23579072207212 8.16165304929018 8.400381952524185 5.067126765847206 0 0 0 0 0 0 0 0 0 0 0 0 0 0 0 0 0 0 0 0 0 0 0 0 0.4459365457296371 0 0.1389493495225906 0.1885262280702591 0 0 0 0 0 0.4313808679580688 0.2210995256900787 0 0 0.7835213094949722 0 0 0 0.2189930975437164 0 0.1943276673555374 0 0 0 0.2095613181591034 0 0 0 0.3394570201635361 0 0.2766472697257996 0 0 0 0 0 0 0 5.91046503931284 0 0 0 0 2.06796583533287 0.1070735901594162 0 0.8496805652976036 0.82048100233078 0.4995783865451813 0.6408282518386841 0.688824474811554 0 0 0 0 0 0 0 0 4.757144451141357 1.131636366248131 2.416065193712711 112.7159634158015 7.512190774083138 90.84155295044184 18.94630802422762 1247.339594393969 16.01039066165686 1.764731764793396 11.63668724149466 3.037178039550781 0.1141321063041687 2.138685315847397 0 10.79282630980015 0 0 0 0.6953341364860535 0
5858.853936381638 0 1330.136595748365 406.4650862216949 5968.381195351481 75.31274952739477 4989.875719591975 353.8903534784913 1724.784962147474 395.0184166803956 1245.2098711133 61.51995970308781 607.9699493870139 112.6085945367813 3.697572126984596 0.486371785402298 0.0967833548784256 0.2902033478021622 0 0.141234815120697 0.9267206192016602 0 0 0 0.09691432118415833 0.9886158034205437 0 0.7799225747585297 2.078345023095608 0.1727556586265564 5477.400765061378 43.52857880294323 2.029612861573696 0 0 0 0.8866315633058548 0 0.4452800154685974 0.2621811032295227 1.204458095133305 0.6916052401065826 0.3728121817111969 0 0 0 91.47412969172001 10.83958170562983 0.2594153583049774 0.9082153141498566 0.5842780470848083 0 0 0.7197506949305534 7.352154456079006 10.6303657963872 429.5849197655916 3219.260793238878 36.17244428396225 30.54107017815113 0 0.1530818790197372 0 7.476140275597572 10.19731840491295 2.322331674396992 1.475176274776459 0.536371111869812 0.7205638587474823 1.137680180370808 3.312079817056656 0.4432053864002228 0 682.8204323500395 424.7747322246432 75.72455448657274 52.13450057804585 4.293205216526985 3.3139688372612 6.654507011175156 0.1178600713610649 0.3022834360599518 31.65839452296495 0.4368411898612976 7.009325318038464 8.042596064507961 4.274961538612843 0 2.240581959486008 0 0.2503793761134148 0.4606172740459442 0.1502585858106613 0 1.800733402371407 55.89980027079582 0.1489131599664688 0 0 1829.09655149281 0 0 0.1926619857549667 0.4877303540706635 0 6.62499588727951 2.821177020668983 5.986109614372253 9.998718455433846 13.29393592476845 0.3507512360811234 29.70542374253273 26.84762023389339 12.76094678044319 22.1484971344471 0.5581824779510498 0.2405751347541809 0 0 0 0 0 0 0 0 0 0 0 0 0 0 0 0.4069051593542099 0 0.4907338470220566 0.460660308599472 0 0 0 2.248508721590042 0.2374498397111893 4.258545503020287 1.810061000287533 0.4033571481704712 0 0 0 0 0.3032418489456177 0 0 1.113074138760567 1.414603605866432 0.09906215220689774 0 0 1.129918351769447 0 0 0 0 0 0 0 0 0 2.424116849899292 0.1108494400978088 1.03372748196125 0 0 0.3538363575935364 0 0 0 0 15.66149295121431 0.1821255534887314 0 0 0.1196175441145897 4.649295166134834 0.2010678797960281 0.1029290407896042 1.352226331830025 1.076187402009964 2.597036860883236 1.692282766103745 0.1173332035541534 0.1425711065530777 0 0 0 0 0 0 0 17.0033020824194 2.41809843480587 5.57721009105444 372.4649631157517 52.41777063906193 424.3614796027541 89.13552078604698 1034.638024248183 66.03964005410671 10.07347859442234 70.43413484096527 15.42344142496586 0.2094664573669434 3.946894839406013 0 16.27478049695492 0 0 3.136767625808716 1.314872771501541 0.6965912580490112
1076.976384542882 1330.136595748365 0 5.680171698331833 1061.638583123684 5.166024759411812 119.9889588207006 1718.134711056948 1203.187904149294 12.83951823413372 6041.865628175437 66.4379707723856 120.9799260348082 551.0992679446936 15.17769549041986 4.517967879772186 1.081024050712585 14.13764091581106 0.3932488858699799 30.07742637395859 263.1247420608997 0 11.16245767474174 5.819365680217743 5.2251086384058 7.865667402744293 8.154148355126381 4.242928951978683 0.850902371108532 0.6866210997104645 3779.328718900681 438.9208843559027 44.56351616978645 2.574266105890274 13.69850172102451 7.180598929524422 10.9713201597333 3.040472075343132 3.408877409994602 3.772788777947426 57.68785440176725 5.827923268079758 58.8680983632803 0.161057248711586 2.395604968070984 4.577139914035797 70.48516834527254 43.20941951870918 6.49518771469593 52.19002778083086 1.932212568819523 0 0 0.9475454837083817 1.41587670892477 4.801216259598732 92.42526339739561 1911.916824437678 7.843103565275669 21.83424422889948 14.16553112864494 10.18794423341751 4.03179819881916 30.77149821817875 3.326579004526138 1.496065177023411 1.615740567445755 1.411946825683117 43.09918551146984 153.571261703968 160.5509746968746 15.12797313928604 0 221.6948667690158 194.4625121951103 67.90060501545668 103.591385409236 26.97950942069292 709.632122412324 1751.979220867157 7.947909832000732 90.36427856236696 10.32216919213533 0.1728894263505936 5.500524751842022 3.508296012878418 55.6442244425416 0 0.7951742857694626 0 0.7984150499105453 0.7414979487657547 7.28513540327549 3.879465371370316 6.900513149797916 190.1605931967497 14.35402965545654 0 1.112245887517929 754.223152115941 2.240755379199982 1.627713799476624 3.837736934423447 4.818925395607948 2.838627263903618 30.77046996355057 6.121356412768364 22.17808936536312 32.77177981287241 22.6804792881012 12.06382311880589 92.24656587094069 100.9888476580381 82.51787282526493 109.7279572039843 12.26545058190823 8.055174492299557 0.2151855826377869 0.6835901588201523 0 0 0.7975159883499146 0 0.1495534032583237 0 0 0 0.6301639974117279 0.499543234705925 0.6476256549358368 0.1296903043985367 3.621798619627953 0.5510143637657166 0.7876991629600525 6.321803614497185 8.860812962055206 0.3879288733005524 0 0 19.95420601218939 1.235206782817841 26.68446820229292 26.03792013972998 4.234469845890999 0.1215956434607506 0 0 0.924954742193222 0.1713771820068359 2.019969552755356 0 0.3095808029174805 14.45403728634119 0 0.107965275645256 0.3703014552593231 5.979190044105053 0.5207758545875549 0.217745915055275 0.5044208616018295 0.1465085446834564 1.663635939359665 4.997959621250629 0 0.5204065144062042 0 33.96143820881844 4.119426086544991 1.598695248365402 2.302436016499996 0 0 0 0.4864867180585861 0 0 159.6764925345778 7.175003856420517 0 0 0.9427035972476006 25.41753609478474 1.696633189916611 2.295380055904388 11.53156279027462 9.968639455735683 7.873430974781513 4.715397447347641 2.671424478292465 0.759111687541008 0.152773529291153 0.3418688774108887 0.2580553591251373 0 0 0 0.4177669882774353 86.21636381745338 37.3916406929493 50.47051160037518 282.1876436248422 32.49018803983927 206.6249135285616 42.58255558460951 91.44296472519636 30.11294649541378 9.210319273173809 63.29671297222376 48.30195765942335 1.819119185209274 25.2305023893714 1.710375875234604 34.70405346155167 0.8326213657855988 0.4223292469978333 8.841163620352745 5.805784046649933 1.37383546680212
1100.661485254765 406.4650862216949 5.680171698331833 0 32.16606149077415 283.3080163151026 926.1074141487479 0.4325142055749893 197.3189867064357 599.7596671655774 9.018748447299004 755.8090092539787 2165.146993950009 418.5012312233448 0.674734964966774 0 0 0 0 0 0 0 0 0 0 0 0 0 0 0 20.55128061771393 8.727849051356316 2.62956015765667 0 0 0 0 0 0.1132398322224617 0 0 0.1200356110930443 0 0 0 0 8.951166346669197 1.747927062213421 0 0 0 0 0 0 0.2277078926563263 1.079158537089825 11.17795865237713 63.1702431961894 1.646099142730236 2.773395396769047 0.4086351990699768 0 0 0.3370673656463623 0.912838488817215 0.2779064103960991 0.3193029165267944 0 0.1663507968187332 0 4.242110766470432 0 0 37.70149929076433 21.47606433928013 7.017813667654991 3.460509911179543 0.2949477285146713 0.1704342812299728 0 0 0 2.694769181311131 0 0.3400667384266853 1.093626707792282 0.327181488275528 0 0 0 0.1363012790679932 0 0 0.149819016456604 0 117.5772309601307 0.2686290144920349 0 0.4483278691768646 99.40991748869419 0.4890977591276169 0.2182564735412598 1.963755548000336 2.222559690475464 0 12.73536288738251 2.774294704198837 4.760809823870659 13.28559605777264 14.48995892703533 2.120851695537567 34.48075387626886 20.30766881257296 11.97090712189674 8.55067940056324 0 0.2717481628060341 0 0 0 0 0 0 0 0 0 0 0 0 0 0 0 0 0 0.583473801612854 0.1739842891693115 0 0 0 0 0 1.947016656398773 0.6794838011264801 0.207231342792511 0 0 0 0 0 0 0 0 1.651865087449551 0 0 0 0.1660999357700348 0 0 0 0 0 0.4793895334005356 0 0 0 2.26432828605175 0.1583457440137863 0.4080376327037811 0 0.1372834146022797 0 0 0 0 0 9.378158614039421 0 0 0 0 2.027495160698891 0 0 1.05865091085434 1.017865419387817 1.010048612952232 0.3516761064529419 0 0 0 0 0 0 0 0 0 10.63357491791248 0.3015125095844269 1.551041126251221 58.73058966547251 7.542267352342606 36.92761690914631 7.936670631170273 403.8576508611441 6.600792028009892 1.39956646412611 10.85200329124928 4.918661385774612 1.065895944833755 1.678210407495499 0 16.74211184680462 0 0 0 0.3300143480300903 0.1037970781326294
976.1569790616632 5968.381195351481 1061.638583123684 32.16606149077415 0 11.63675038516521 2067.570145733654 732.5485994145274 6837.522256448865 65.66348258405924 1550.277521908283 3.598236888647079 152.8471353203058 65.99802102893591 5.103851109743118 0 0 0.2487436681985855 0 0 2.552534699440002 0 0 0.1061528325080872 0 0.4618425145745277 0.1215532422065735 0.6294755935668945 0.1784486770629883 0.5661313533782959 418.0423623099923 57.68211106956005 0.8565655648708344 0 0 0 0.4887140244245529 0.1086532324552536 0.2053948119282722 0.123648963868618 0.1552243828773499 0.6616468727588654 0 0 0 0.1644243597984314 60.71564717590809 4.080507948994637 0 0.2969145327806473 0.4740076512098312 0 0 0 2.301781453192234 6.785096786916256 57.49741829931736 353.8462727144361 10.78201874345541 22.89100395143032 0 0 0 3.846516400575638 4.764338582754135 1.467135891318321 0.7732936963438988 0.4302782565355301 0.2945801839232445 0.4269435331225395 8.296664342284203 1.457746148109436 0 226.2900234386325 136.3075935691595 51.93615827709436 31.47261890023947 4.726045444607735 0.4837670475244522 2.347922943532467 0.1804064810276031 0.1233922690153122 14.3733314499259 0.534269280731678 2.590775452554226 3.107975080609322 3.501446463167667 0 0.7524017095565796 0 0.24386977404356 0.08970107883214951 0 0.3342754244804382 0.9380949139595032 44.58679716289043 0.8368194103240967 0 0 104.56039827317 0.7378831133246422 1.020867437124252 1.760649681091309 2.258017018437386 0.1923927068710327 20.76679316163063 2.787529498338699 9.475595235824585 22.48476858437061 22.26092076301575 4.290926486253738 67.555788397789 46.04204133152962 17.50925089418888 32.92908737063408 1.544360511004925 0 0 0.1376689374446869 0 0 0 0 0 0 0 0 0 0 0 0 0 0 0 1.072183594107628 1.428746178746223 0 0 0 4.687239319086075 0.4505088180303574 3.010953471064568 1.530496329069138 0.5807185769081116 0 0 0 0.2985124588012695 0 0.5226738452911377 0 0.6338648647069931 1.215479969978333 0 0 0 0.6265052258968353 0 0 0 0 0.3613391518592834 1.058222889900208 0 0 0 5.679008543491364 0 0 0 0 0 0 0 0 0 33.61638662964106 0.7939062118530273 0 0 0 4.645162343978882 0 0.4822854101657867 4.808803290128708 2.221677228808403 1.860667943954468 0.499340295791626 0.9708521217107773 0 0 0 0 0 0 0.1089551448822021 0 25.42176170647144 5.943066775798798 7.237983167171478 356.5761673301458 36.16780630499125 285.6198569834232 59.88598074764013 244.8789720535278 47.00278931111097 8.634942784905434 76.64438036084175 17.86825793981552 0.5162834525108337 5.94607537984848 0.5386359393596649 25.0928357988596 0 0 2.666626662015915 2.887369692325592 0.668118879199028
271.3242384046316 75.31274952739477 5.166024759411812 283.3080163151026 11.63675038516521 0 267.1420260369778 0.2581745088100433 96.7122457921505 423.5459704399109 11.83487835526466 214.8368786126375 296.1802155524492 188.4150632917881 0.6151502132415771 0.2533343955874443 0 0 0 0 0 1.146810293197632 0 0 0 0 0 0.2067497223615646 0 0 17.74518452584743 0 22.67312982678413 0 0 0 6.96425187587738 0 0.4507705569267273 0 0 0 0 0 0 0 3.598870530724525 0 0 0.1655222624540329 0 2.184355273842812 0.6267463564872742 0.7160647213459015 0.6852134764194489 0.9614491835236549 78.55924566090107 85.15425007790327 0.6951551288366318 0.2722101286053658 0 0 0 1.122623771429062 0.1483815759420395 0 0 0 0 0 60.89491426944733 164.5898920148611 10.48381255567074 13.44742662459612 8.915996693074703 0.8657692968845367 3.303505696356297 0.3310098350048065 0 10.87614582479 0.1955393254756927 0.4340409636497498 1.109114281833172 1.28582738339901 0 0.629485622048378 0.09424582123756409 5.291469231247902 2.82277324795723 3.057688847184181 0 0.2229496836662292 0 0 0.2882885634899139 332.277964964509 153.2612488865852 20.72824430465698 0.5417578816413879 256.95742829144 0 0 0.935187041759491 0 0 0.4753884375095367 0 0.2275695353746414 0.4947195798158646 3.498822689056396 0 5.864046439528465 1.881706684827805 2.165033802390099 1.219753280282021 0.7978550493717194 0.8973023593425751 0 0 0 0 0 0 0 0 0 0 0 0.2178937196731567 0 0 2.60522249341011 3.289331629872322 0.2382913678884506 0 0 0.3456176519393921 0 0.1327084898948669 1.872967779636383 0 0.7103501856327057 1.469730585813522 0.631852850317955 0 0 0 0 0 0 0 0 0.1614704728126526 0 0 0 2.608028322458267 0.1597757041454315 0 0 0 0 0 0 0 0 0 0 0 0 0 0 0 0 0 0 3.043529242277145 3.297575086355209 0 0 0.2315736562013626 0.8566703945398331 0 0 0 0.2762510478496552 0.2284757494926453 0 0.1766707301139832 0 0 0 0 0 0 0 0 1.663223162293434 1.634028613567352 2.678064614534378 21.87609635293484 0.6206137984991074 8.734033174812794 1.600671023130417 122.7192831933498 0.3148547261953354 0 0.9352123588323593 4.129416450858116 0 0.133403405547142 0 4.165635108947754 0 0 0.5194806605577469 0 0
1615.348458997905 4989.875719591975 119.9889588207006 926.1074141487479 2067.570145733654 267.1420260369778 0 31.84375910460949 2625.393207333982 1276.058703333139 173.6806699559093 30.05673430860043 1322.765390053391 313.7701599523425 4.864182248711586 1.448547258973122 0.242693692445755 0 0 0.1087197810411453 3.974175453186035 0 0 0 0.0988677591085434 1.246580377221107 0.3111164569854736 1.569094218313694 0.7100657373666763 0 168.5844053551555 81.40861201286316 3.541675500571728 0 0.1855274736881256 0 1.045148439705372 0 0.3459447473287582 0.5468668788671494 2.122780859470367 1.335332490503788 0.3481952548027039 0 0 0 83.45987800508738 6.70869717746973 0.3201042711734772 0.6520808488130569 0.8088744431734085 0.6584219932556152 0 0.1504241824150085 2.901789180934429 9.090191826224327 85.19186007976532 421.4221846535802 15.04771946370602 27.51706631481647 0 0 0 15.11272875219584 6.194725185632706 1.743014596402645 0.8963776603341103 0.53056850284338 0.3742993026971817 1.044564738869667 20.71753117442131 0.3422418683767319 0 312.9978490397334 198.4768006652594 73.19799699634314 39.98701088130474 4.551397934556007 0.7858281433582306 4.176717236638069 0 0 19.42061166465282 0.8346395790576935 3.952959805727005 5.075590655207634 3.355174854397774 0.2376027554273605 1.36443953961134 0 0.5278982073068619 0 1.113013759255409 0.534913182258606 0.4702301025390625 376.4855756089091 1.769218996167183 0 0.4606496691703796 157.6449552923441 2.166042052209377 2.951897010207176 5.727098897099495 8.714680790901184 2.521751016378403 85.38077852129936 16.73431032896042 43.44458150863647 85.80748880654573 93.48697936534882 14.64668917655945 242.6645833328366 155.0672149732709 79.22517229616642 108.929764777422 2.022015258669853 2.331890672445297 0 0 0 0 0 0 0 0 0 0 0 0 0.1356831938028336 0.7252892106771469 0.4648644030094147 0.6864655613899231 1.108783006668091 7.74462167173624 6.02995377779007 0 0.1418194770812988 0 10.12820737808943 0.2312750518321991 13.84285546839237 7.834744364023209 0.4351751208305359 0 0 0 0.4757345169782639 0.2787491083145142 0.1522753834724426 0 1.286298178136349 7.670847527682781 0 0 0 2.636782050132751 0.3036899864673615 0.3368793725967407 0.6673981994390488 0.165619745850563 1.546267278492451 7.605678915977478 0.8083216845989227 0.1478146910667419 0 15.8685124963522 2.974167838692665 2.135807022452354 0.8953540995717049 0 0.12469831854105 0 0 0 0 91.59427191317081 1.913312703371048 0 0 0 19.69849327206612 0 1.667036205530167 9.162471123039722 9.290853388607502 9.128297343850136 1.280935019254684 0.9336063414812088 0.2912706881761551 0 0.1495127528905869 0 0 0.1978786885738373 0.4147972762584686 0 94.43750607967377 12.18414475023746 12.63616969436407 600.6248995512724 59.99536832422018 384.8693346083164 85.93212474882603 853.0076618790627 67.90690889954567 7.026468202471733 142.2147048488259 40.93792369216681 1.280061542987823 16.78212753683329 0.6822244673967361 99.17639967799187 0 1.559317886829376 8.519950330257416 5.767833776772022 1.1427151709795
33.71343229711056 353.8903534784913 1718.134711056948 0.4325142055749893 732.5485994145274 0.2581745088100433 31.84375910460949 0 477.4119347780943 0.9355731457471848 3718.831816978753 2.708979785442352 20.76933862268925 219.9884736686945 23.48067092895508 8.09650331735611 4.618023678660393 33.90712159126997 4.712024331092834 70.16470918059349 479.5717197656631 0 28.47153218090534 13.42649833858013 15.31929898262024 8.992251180112362 13.23410277813673 6.189250156283379 1.623495608568192 0.7073122411966324 469.5776828974485 2844.552851513028 54.52661295235157 2.546693682670593 30.82962287217379 12.16132026910782 26.04952786117792 9.711838573217392 7.607295446097851 7.616593398153782 87.89773387461901 9.07545217871666 160.619768217206 3.215327873826027 4.164648979902267 34.5514924749732 114.0177951082587 30.41293525695801 13.20036678016186 92.74912429600954 1.479033231735229 0 0.5880740880966187 2.067358553409576 1.217464551329613 6.402048528194427 32.28568491339684 404.3443576619029 10.14257442951202 36.49158072471619 134.0841920822859 42.91278221458197 24.37095473706722 61.05511364340782 2.816828817129135 2.652160383760929 0.103846088051796 5.826911851763725 86.71544681489468 230.1453735753894 21.30771605670452 4.180225729942322 0 176.3697812780738 156.9937054216862 130.3703439608216 156.1361826881766 434.6344736143947 1349.415285870433 2061.908803775907 156.8528616800904 895.2607360929251 9.942050606012344 1.08311054110527 4.841345325112343 4.326610811054707 67.82385411858559 0.1908674836158752 0.3430715352296829 0 0.5183076113462448 1.611221760511398 12.89307190477848 2.89520800858736 3.712932907044888 32.71386335790157 0.175079807639122 0 1.091158032417297 10.16711954772472 1.84662564098835 0.3841736614704132 1.02883917093277 1.347848519682884 0 6.806891411542892 0.1919723898172379 2.821016609668732 4.910672962665558 4.688412323594093 1.901811078190804 14.84192185103893 13.48242518305779 11.73496404290199 14.80211926996708 4.218895390629768 1.437314257025719 0 0.1869595795869827 0 0 0 0 0.4520017802715302 0 0 0 0.2016549557447433 0.2919467985630035 0.5772917419672012 0.4599125385284424 1.411536321043968 0.4864623844623566 0 0.6133733540773392 1.527240872383118 0 0 0 4.403566360473633 0 3.036556199193001 8.668140806257725 2.88173896074295 0 0 0 0 0.3897748589515686 2.253596276044846 0 0.1241111308336258 4.326496586203575 0.3977422416210175 0 0 6.641089238226414 0.3229963481426239 0 0 0 0 0.7811532914638519 0 0 0.2159940004348755 2.386466078460217 0.5952812731266022 0 0.1090860068798065 0 0 0 0 0 0 17.91290527582169 1.133730411529541 0 0.6708268523216248 0 3.278367444872856 0.0969618633389473 0.7193486243486404 1.526434198021889 1.400328516960144 2.212962456047535 0 0 0 0 0 0 0.1496385186910629 0 0 0 11.47319002449512 4.439506441354752 8.6348956823349 525.0901720225811 42.46872936189175 350.6272968202829 63.82669135928154 64.72301787137985 45.48063760250807 7.137285612523556 114.8159985691309 19.77640821784735 2.542456433176994 10.35642425715923 0.6151131838560104 1.368873596191406 0 0 3.861145332455635 7.22108132392168 1.057732105255127
344.0749432891607 1724.784962147474 1203.187904149294 197.3189867064357 6837.522256448865 96.7122457921505 2625.393207333982 477.4119347780943 0 469.5363584458828 3262.309350721538 48.33375771343708 1659.842320330441 2459.557071425021 26.1118423268199 2.25787278264761 0.2674354314804077 1.36545230448246 0 0.8077282086014748 26.82905131578445 0.2305213660001755 2.107087358832359 0.3134161978960037 0.847618006169796 2.515390984714031 1.798610478639603 3.769313491880894 0.5019652172923088 0.5874731242656708 508.1980062350631 282.9889553785324 9.367321498692036 0 1.90184535831213 0.7291400879621506 4.333163566887379 0 1.270044066011906 0.4345951452851295 11.70337139070034 1.900065258145332 2.714730858802795 0 0 0.3286320865154266 178.8366273641586 11.81716707348824 0.7848805636167526 4.466410867869854 2.593625016510487 0 0 1.030294969677925 3.92290622740984 13.97028657793999 90.23555551469326 474.9620694965124 25.14774850010872 55.69933802634478 0.1848693042993546 0.7244841456413269 0 26.34027019143105 11.04937046766281 3.930121511220932 1.175355523824692 1.267020456492901 4.440476275980473 17.02202527970076 80.28901080042124 7.062501348555088 0 425.5838953703642 256.2400069236755 164.0137681886554 114.4446537792683 17.93431431055069 4.174893021583557 26.77123298496008 0.3944461196660995 2.971240162849426 26.70059861242771 0.6095770299434662 7.699913382530212 9.572121538221836 7.387931145727634 0 1.706796459853649 0.150949627161026 0.181695744395256 0.115467831492424 1.046987816691399 1.253900967538357 2.699841611087322 596.7728902474046 3.812163673341274 0 0.65192811191082 87.73302964121103 4.819774635136127 4.020355813205242 9.185741797089577 18.1255873888731 3.634260006248951 137.2767390012741 28.23530289530754 71.62255852669477 141.8369066864252 147.6668292433023 22.73800663650036 420.1536108255386 286.7147620171309 137.5929062888026 218.2123256102204 4.900321193039417 3.940436512231827 0.2163612246513367 0 0.1660531461238861 0 0 0 0 0 0.2296876013278961 0 0 0.2404740750789642 0.9274466037750244 0 1.752332419157028 0.8801257908344269 0.132189154624939 14.07737991958857 11.21131430566311 0.2930371463298798 0 0 18.71209044009447 2.201570302248001 16.5396603345871 12.34159991890192 1.24150787293911 0 0 0 1.046318024396896 0.6503182798624039 1.649403676390648 0.1804294437170029 3.284336611628532 14.8483102619648 0.7147550955414772 0.1365530043840408 0 2.442326083779335 0 0 0.2870731204748154 0.430399514734745 2.399862594902515 7.521909326314926 0.6514568030834198 0.3345866650342941 0 28.24781921505928 6.367654748260975 1.547866009175777 0.9352473467588425 0.176949143409729 0.2860104292631149 0 0.3825090676546097 0.1288087218999863 0 161.7416858822107 3.843335047364235 0 0 0.1677214503288269 31.9566924571991 0.5627965331077576 2.763656571507454 21.06620343029499 17.18373164534569 14.25328247249126 7.578862354159355 2.049141116440296 0.6196325272321701 0 0.1604852825403214 0.3820723295211792 0.110445536673069 0.2544411718845367 0 0 193.167649820447 22.45305259525776 33.26445949822664 1255.364808656275 91.0391857624054 754.2231884747744 158.8124952316284 550.3478756248951 137.0410118401051 18.51344312727451 260.8461871147156 93.89356352388859 0.8174579441547394 30.744758233428 1.606249883770943 150.3480342030525 0.5002244114875793 0.7884025573730469 13.56724126636982 15.44825433194637 2.017922952771187
1021.415757365525 395.0184166803956 12.83951823413372 599.7596671655774 65.66348258405924 423.5459704399109 1276.058703333139 0.9355731457471848 469.5363584458828 0 9.074773006141186 2549.917314320803 5995.613989330828 2522.655396476388 0.3729815781116486 0.323047012090683 0 0 0 0 0.3484537750482559 0 0 0 0 0 0 0.1621360927820206 0 0 63.57240752875805 21.70127473771572 38.935921266675 0 0 0 8.270822994410992 0 0.5189510881900787 0.4047005772590637 0 0.2739784419536591 0 0 0 0 10.65617178380489 0.9100177213549614 0 0 0.12137371301651 0.9397784918546677 0 0.4545489996671677 0.4445810168981552 0.9024464637041092 42.92176020145416 168.0098813325167 4.893801115453243 2.165527358651161 0 0 0 3.049718976020813 0.8553531765937805 0.09707262367010117 0.09903445839881897 0 0.1173636838793755 0.1563161164522171 114.1512570232153 8.16492648422718 0.6540775895118713 55.94323491305113 33.26237731426954 10.44080489873886 6.948550075292587 1.041655957698822 0 5.168812215328217 0.1004320085048676 0.6798696517944336 3.593156307935715 0 0.5017561316490173 1.138719625771046 0.9320432096719742 0 0 0.5789605528116226 0 0 0 0 1.235223159193993 461.0489107519388 18.57266208529472 0.3550383150577545 1.227047130465508 362.432756125927 1.452771872282028 1.663091018795967 6.281067371368408 7.088016748428345 1.797508716583252 49.02930878102779 21.04454237222672 23.25267219543457 56.19912030547857 69.23116599023342 6.745016127824783 134.8691485077143 99.592001080513 40.82219742238522 63.67050744593143 0.4630583524703979 1.313765592873096 0 0 0 0 0 0 0 0 0 0 0 0 0.3867209851741791 0 0 0.2598408758640289 0 4.752523049712181 1.758831739425659 0 0 0 3.920024529099464 0 1.299369663000107 2.446719914674759 0.594586193561554 0 0 0 0.2371315211057663 0 0.5960066914558411 0 0.5425448417663574 1.492848061025143 0.1776981353759766 0 0.309437483549118 3.049061596393585 0 0.2062924206256866 0.4310377389192581 0 0.7889805883169174 2.465810745954514 0.1872704476118088 0 0 7.391828060150146 0.9645297229290009 0.3148810267448425 0.2752341106534004 0 0 0 0 0 0 35.74597984552383 1.587697744369507 0 0 0 4.762250155210495 0 0.560709223151207 4.291656248271465 5.749300718307495 4.596411325037479 1.239522218704224 0.7080897241830826 0.2021673619747162 0 0 0 0 0 0 0 52.44689004123211 5.852460220456123 4.793738692998886 295.6076375022531 10.16292677074671 65.60286144912243 14.49376834183931 896.8830059841275 14.69934014976025 1.327412337064743 24.81494335830212 25.84652054309845 0 8.461096681654453 1.114945784211159 89.15003588795662 0 0 2.057640165090561 0.289142519235611 0.2545670866966248
371.9878259077668 1245.2098711133 6041.865628175437 9.018748447299004 1550.277521908283 11.83487835526466 173.6806699559093 3718.831816978753 3262.309350721538 9.074773006141186 0 88.85659643262625 681.5589351207018 2940.4724207744 53.11816763132811 26.53036888688803 2.724240183830261 12.62856208533049 0 17.07219044864178 271.2482499107718 0 21.26634736359119 17.45245590806007 35.81559667736292 17.19333527982235 41.38701312243938 11.93104939907789 0.8545928448438644 3.291220456361771 1438.443611070514 700.5097308680415 204.934670612216 2.106032893061638 26.30344428122044 26.69895555078983 168.6105457171798 13.08624314516783 23.74112298339605 21.08565962314606 112.1940506696701 13.04241935908794 32.24044776707888 1.389597162604332 0.9778000265359879 4.292533032596111 163.2776168510318 14.80804876238108 5.905388087034225 22.89878377318382 1.397530190646648 0 0 1.94928440451622 3.32298918068409 8.695875890552998 84.54942986369133 758.0736716911197 13.40087142586708 52.52541026473045 26.42426247149706 40.41921006143093 9.986605167388916 47.69174913316965 5.960644423961639 1.913453087210655 1.059348955750465 2.907029643654823 22.6798877120018 164.8997081890702 550.5995162725449 24.79753433167934 0 339.980411440134 283.1164959520102 170.1023236364126 204.2023323476315 53.69512731581926 271.8637052476406 564.8906779661775 5.933637917041779 71.91335571557283 18.75215093046427 2.041692771017551 5.720285817980766 5.529191739857197 22.27931920439005 0.4398459196090698 0.9813115671277046 0 0.2302516996860504 0.5222776383161545 12.51366396248341 4.320082075893879 2.817251041531563 629.5944078937173 21.32751889526844 0 9.297978341579437 120.6379451602697 1.25880990177393 0.7815739065408707 1.894732356071472 4.370648786425591 1.089745968580246 29.27362891286612 9.990029275417328 17.1637124940753 30.39807569235563 24.59770500659943 12.35796355456114 99.07829286903143 84.29743253439665 54.23422122746706 75.12334217131138 9.155710972845554 4.946952804923058 0.1622684597969055 1.660288497805595 0 0 0 0 0.3018200695514679 0 0 0 0.2539248540997505 0.9811986684799194 1.66197856515646 0.6457070410251617 5.737767249345779 1.411909863352776 0.9704959243535995 4.052132681012154 3.824345283210278 0.1509235054254532 0 0.1762616634368896 10.56038901209831 0.8503779470920563 13.89285036176443 25.69232629239559 4.842994838953018 0 0.1751321107149124 0 0 0.6189598143100739 3.971708320081234 0 2.237665250897408 13.75228186696768 0.3896694481372833 0.1762253642082214 0 12.15873048454523 0.1594031900167465 0 0.1465189754962921 0.1180679202079773 0.8305917829275131 3.389619156718254 0 0.4024469405412674 0 18.93244926631451 1.718471758067608 0.6511357352137566 0 0 0.1633098423480988 0 0 0 0.1243700608611107 105.8407437205315 7.001816928386688 0 0 0.1186669245362282 12.07340912520885 0.3245529979467392 1.558484345674515 7.46262264251709 7.950275234878063 8.900657005608082 2.32017482817173 1.63531432300806 0.7845539003610611 0 0 0 0 0 0.1066430658102036 0 82.56457725912333 22.20033550262451 31.2386399358511 752.9736962169409 78.03486806154251 553.5330198407173 116.0944254398346 144.087814502418 67.26944261044264 13.19322267919779 169.29436814785 50.85499352961779 1.688522048294544 19.66656391322613 0.7445497512817383 20.84612878412008 0 0 9.450877539813519 10.80806513875723 2.882675990462303
643.0495527684689 61.51995970308781 66.4379707723856 755.8090092539787 3.598236888647079 214.8368786126375 30.05673430860043 2.708979785442352 48.33375771343708 2549.917314320803 88.85659643262625 0 2548.031754806638 2374.561582192779 12.85013422369957 4.087108090519905 0.2882164120674133 0.1413940340280533 0 0 0.9207527339458466 0 0 0 0 0 0.1104583144187927 0.7119821608066559 0 0 15.39677537977695 19.37358476221561 157.5327717065811 0 0 0 43.21387405693531 0.2437768131494522 2.259307764470577 0.2480604723095894 0.9802463948726654 0.1422809064388275 0 0 0 0 22.36223013699055 0.1294169127941132 0 0 0 0 0 0 0 0.6976570263504982 7.001396663486958 36.64353030920029 0.5603678971529007 5.040915697813034 0 0 0 4.148267790675163 0.09298653900623322 0.09807068109512329 0 0 0 0.6679776161909103 211.8564645498991 10.23090632259846 0 20.49310291558504 16.61765568703413 25.71575607359409 46.51497288793325 8.817757777869701 0.6446109861135483 59.86354520916939 0.1935121268033981 3.149475760757923 1.388234198093414 0 0.173368863761425 0.2654861658811569 0.1367334872484207 0 0.1835317611694336 0 0 0 0.5245597958564758 0.9357799738645554 0 1091.361567735672 4.821991965174675 0 0.2088149338960648 45.11200720071793 0.4749188721179962 0.9821454435586929 1.260837867856026 5.23889596760273 0.6596526876091957 43.34307893365622 16.92224523425102 22.8860754147172 36.7013493180275 55.09661753475666 8.226944595575333 116.1733179911971 89.81424449384212 44.43159726262093 62.48495621979237 1.359767034649849 0.5650889724493027 0 0 0 0 0 0 0 0 0 0 0 0 0 1.066292583942413 1.649896442890167 0 0 3.179326288402081 3.228413477540016 0 0 0 2.445672608911991 0 4.322909913957119 0.5827106237411499 0.2592214792966843 0 0 0 0 0.5238266885280609 0 0 0.8756181821227074 2.495967514812946 0 0 0.2983605563640594 0 0 0 0.1486279368400574 0.1738776862621307 0.9024710059165955 0.6550837010145187 0.1751675456762314 0 0 4.619356766343117 0.5365905463695526 0.7096131220459938 0.6082425937056541 0 0 0 0 0 0 57.16174288094044 2.653529345989227 0 0 0.09374023228883743 8.153933435678482 0 1.22317610681057 5.35680915415287 4.394195042550564 4.924067936837673 1.349846035242081 0.1324368119239807 0.4216606914997101 0 0 0 0 0 0 0 81.75130704045296 7.332504466176033 7.383923575282097 134.542138941586 7.109790191054344 66.39600034803152 15.86734432727098 199.4228793531656 11.70293901115656 1.185072749853134 29.58959788829088 15.74008119106293 0.387207418680191 4.502317152917385 0.3658688887953758 51.4495142698288 0.2440787255764008 0.107593759894371 3.040634095668793 0.9440155178308487 0.09836438298225403
657.451951444149 607.9699493870139 120.9799260348082 2165.146993950009 152.8471353203058 296.1802155524492 1322.765390053391 20.76933862268925 1659.842320330441 5995.613989330828 681.5589351207018 2548.031754806638 0 1740.037095353007 93.68455321341753 35.83994701504707 0.7759750410914421 0.8016058951616287 0.4047405123710632 0.09618351608514786 6.226104162633419 4.975254252552986 0.4151537716388702 0 0.4694790095090866 1.961212158203125 0.506771981716156 2.527751266956329 0.1781134009361267 0 60.81867108494043 91.39166735112667 632.7805352807045 0 0.200691819190979 0.2303795665502548 188.1238217502832 2.085317678749561 15.35652878135443 5.175664938986301 3.854688875377178 1.573486045002937 0.466962993144989 1.308536797761917 0 0.5733530968427658 124.3843158856034 3.714505486190319 0.882311187684536 1.079218536615372 0.6288452968001366 5.873432472348213 20.57231852412224 2.443286910653114 0.8399929478764534 5.186473332345486 32.56775529682636 141.9329156056046 8.371524192392826 33.98617403954268 2.8089739382267 7.350013390183449 0.1310815364122391 22.02697451412678 1.977228984236717 0.8906150236725807 0.4038379490375519 1.591607481241226 1.559015281498432 4.774187654256821 1327.380629450083 479.0673827975988 14.23508946597576 120.6657754853368 98.95638187229633 134.692007407546 240.5280887112021 47.09712255746126 2.26847942918539 378.4408591464162 2.792803302407265 37.1720135062933 5.781307131052017 2.897617116570473 2.574022516608238 2.149257577955723 2.72398329526186 7.134053960442543 2.244380593299866 8.613083124160767 0 0.7134471088647842 0.2592412158846855 0.5874674543738365 1.060306936502457 3368.229249224067 1809.778887152672 157.5448940992355 352.9345025792718 79.28532166779041 3.47438145428896 2.304801031947136 7.05705215036869 12.5638709962368 2.766869962215424 99.60150502622128 25.06801311671734 51.91927482932806 100.0630913376808 117.6866953670979 20.23015702515841 298.4481799006462 221.8215413168073 132.8493663966656 161.1696663349867 20.23909986019135 11.59433021396399 0.1792736649513245 1.035686925053596 0 0 0 0.2709368765354156 0.2089997529983521 0 0 0.3122520744800568 1.082147926092148 1.338143184781075 0.9804777577519417 1.707307234406471 5.397687174379826 2.081115320324898 0.3347166031599045 10.21055067330599 9.419575586915016 1.642412506043911 0 0.7044521272182465 49.46458470076323 3.053799077868462 39.62311547249556 47.96635669469833 3.206325374543667 0 0.6912496536970139 0 0.6047751754522324 2.567069560289383 4.661924496293068 0 4.079594396054745 34.26632714271545 0.4748848602175713 0.6001528650522232 0.5180503129959106 10.91188222914934 0.8356090635061264 0.09578385949134827 1.061589114367962 0.3913016766309738 1.547880910336971 2.884624779224396 0.3333950042724609 0.8888763338327408 0.1795270442962646 33.83882033079863 2.853561669588089 3.342304185032845 0.630099281668663 0.3609117716550827 0.4961169958114624 0 0 0.1118853241205215 0.577147588133812 255.4475516229868 43.25696185231209 0.1906468570232391 0.265638679265976 0.4296406209468842 32.67392882704735 1.114587604999542 2.620001591742039 20.40054728090763 21.54962134361267 22.47234311699867 3.619769841432571 4.266129709780216 1.315640993416309 0 0.1600213050842285 0 0 0.1812525391578674 0 0 176.3576250076294 106.9778804928064 121.6029184833169 556.6639817729592 51.44885507971048 316.2300556078553 78.48685077577829 473.1976434439421 35.58442113548517 10.79013978689909 112.6117883697152 81.75463174283504 4.142108008265495 48.18470564484596 2.867396764457226 130.3480683714151 2.327240228652954 0 16.14127246290445 9.488610982894897 1.702915772795677
