0 2533.172278344631 231.026123829186 1139.144486531615 337.0242303535342 195.9236331135035 383.827837921679 114.5705708712339 71.52729727327824 1207.939083561301 336.8109785541892 16.79069122672081 90.58826152980328 54.13885059207678 2.37963730096817 0.9686836749315262 0.162498950958252 0.2210090383887291 0 0 0.6454655826091766 0 0 0 0.7841178923845291 0.2892560586333275 0.2781374752521515 0.1438542008399963 0 0 879.8214172571898 1.690814271569252 3.442309707403183 0 0.4625481516122818 0.5274505168199539 1.384031526744366 1.300397962331772 0 0.5406578257679939 1.57705570012331 0.4346105456352234 0.3867830485105515 0.1241853684186935 0.1139761954545975 0.2767869457602501 16.48681222647429 6.064385384321213 0.1369766443967819 0.4645732492208481 1.081670977175236 0 0 0 8.171801865100861 14.95864283293486 178.6026782393456 1245.226305231452 5.00692031532526 2.120882116258144 1.900676265358925 1.126839756965637 0.1148646026849747 5.189313031733036 9.160825736820698 3.611998148262501 3.062632314860821 0.5710543841123581 0.5331444293260574 1.041844598948956 1.654523871839046 1.748244404792786 0 134.2698924019933 63.25425691902637 56.18595849722624 3.013564236462116 0.6362897232174873 0.2397713512182236 11.14090402424335 0.6133036911487579 3.216962836682796 20.81313693523407 0.7376477941870689 2.158680163323879 7.434023022651672 0.2636823356151581 0.1065003648400307 0.5801985636353493 0 0.3001846447587013 0 1.042536295950413 0.226182647049427 0.2390083000063896 67.79853223264217 0.7743527889251709 0 0 1514.324269577861 0 1.174209952354431 0 0.4179885983467102 0 0 1.288107112050056 1.494227886199951 1.856632456183434 8.307584911584854 0 1.552104830741882 2.259979382157326 3.793588265776634 2.820969387888908 0 0 0 0 0 0 0 0 0 0 0 0 0 0 0 0 0 0 0 0 0 0 0 0 1.255128286778927 0 0.3355897068977356 0.2181236743927002 0 0 0 0 0 0 0.4667393267154694 0 0 0 0 0 0 0 0 0.1240151450037956 0 0 0 0 0 0 0 1.611930429935455 0 0 0 0 0 0 0 0 0.1315181851387024 1.153464987874031 0 0 0 0 0 0 0 0.2290403097867966 0.3441631197929382 0.3724529147148132 0.1287305057048798 0 0 0.1021415814757347 0 0 0.234479159116745 0 0 0 1.441365659236908 0 0.3081439509987831 55.71855198591948 9.087989695370197 70.13062860816717 27.41195761412382 776.4851459264755 23.99111335724592 3.240989282727242 6.651074059307575 1.517719373106956 0.2671519741415977 1.405254997313023 1.842047557234764 19.0528579056263 0.1017108559608459 0.4914011508226395 0.1103739812970161 0.3916790783405304 0
2533.172278344631 0 1113.186490304768 515.8421734124422 6011.262488380075 345.6468121111393 2793.775228902698 400.2560864910483 990.9838530346751 888.1688464209437 1877.877585016191 52.75472923368216 458.5062793120742 404.177904702723 43.77587307989597 4.456900879740715 0.4117248803377151 0.9655945301055908 0.6547981277108192 1.418582923710346 4.422146365046501 0 1.513460338115692 0 1.917017392814159 1.891305729746819 0.1186000034213066 2.28208451718092 0.4278894364833832 0.1914553865790367 3725.993418343365 6.496302418410778 12.58978819847107 0.1184286177158356 0.9019785523414612 2.397401839494705 4.556432493031025 2.45711337774992 2.231881447136402 1.393239624798298 5.695862144231796 1.800432182848454 1.570258632302284 2.607585996389389 0.5740276873111725 2.275883197784424 267.5874766111374 58.93761103600264 1.200383104383945 1.390959739685059 10.88780030608177 0.2355617135763168 0.116678424179554 0.5882776975631714 29.07881252467632 55.79674734175205 117.3192571476102 1391.529721364379 6.675727836787701 32.83910162001848 3.604976378381252 4.070512764155865 1.861941531300545 226.8146282657981 44.73814636468887 16.80381303280592 14.99068939685822 9.476848714053631 3.351401038467884 4.272724695503712 13.17313142120838 1.262398928403854 0.08780094981193542 338.1029812768102 410.8032859712839 503.0666338801384 101.5424651950598 5.244709871709347 2.120320491492748 40.77079125493765 2.737069427967072 7.894285351037979 113.1984720751643 2.103533819317818 13.60136429965496 34.46869191527367 3.871758781373501 0.7978384345769882 5.042830064892769 0.2167357131838799 1.879476189613342 1.066179819405079 1.954808950424194 2.79834271222353 1.366368696093559 67.06192946434021 0.6489314585924149 0 1.113000437617302 1893.760570727289 0 0.8695736825466156 1.227535486221313 1.778297588229179 0 1.108748257160187 1.682792857289314 5.187484592199326 5.425407722592354 15.38711027801037 0.6716673672199249 11.39974141120911 9.512799277901649 28.67891517281532 24.51110699772835 0 0 0 0.2892869412899017 0 0 0 0 0 0 0 0 0.1766813099384308 0 0 0 0 0 0 0.08760678768157959 0 0 0 0 11.89984221756458 0.5423224568367004 1.795032173395157 0.1925965547561646 0.2822961807250977 0 0 0 0 0 0 0 0 1.047889560461044 0 0 0.1277756690979004 0 0.2696406543254852 0 0 0.1135584786534309 0.4649874120950699 1.134363383054733 0 0 0 8.250689953565598 0 0.2248163819313049 0 0 0.1163860708475113 0 0 0 0 13.84361390769482 0.7613381147384644 0 0 0 1.380761042237282 0 2.896827459335327 0 1.113841772079468 0.7297957539558411 0 0.2694683969020844 0.1101743429899216 0 0.1071686148643494 0 0.4485580325126648 0 0 0.1114131882786751 5.439145147800446 0.262327253818512 0.9737999886274338 206.8182145878673 52.56403432786465 396.0781482681632 105.7876489683986 882.5328355655074 61.55645587295294 13.54613211005926 57.10060106217861 11.22813216596842 1.848615080118179 10.12431167811155 7.994897440075874 28.21269242465496 0.6169775128364563 0.6977738216519356 1.98728109896183 2.659028217196465 0.4684069156646729
231.026123829186 1113.186490304768 0 2.975310429930687 751.137128315866 22.28104840219021 26.00115402042866 4170.192797645926 262.5966864004731 19.97090916335583 3862.276736959815 12.80686816573143 145.0904381275177 412.5564052909613 36.98600719869137 17.2556953728199 5.003905706107616 11.94621942937374 1.68526840955019 51.81170535832644 261.124596901238 0 34.26310823857784 4.552421912550926 21.04695490002632 2.301026001572609 4.972278028726578 5.566360890865326 0.2232012450695038 0.5084313601255417 4704.075284220278 107.1436786651611 43.4672924503684 8.79137909412384 53.2298735678196 25.21973751485348 13.33311764150858 13.81013602763414 1.06960055232048 6.923132374882698 231.3880220577121 10.99261925369501 45.25708492100239 4.13546334207058 6.458910927176476 14.57340679317713 81.54297988116741 10.68013435602188 4.141948848962784 36.50018241256475 13.70415947586298 0.6317000985145569 0 3.735886931419373 3.044758938252926 7.676940776407719 20.85196726769209 574.4041689038277 1.715029433369637 2.573751196265221 198.1819080933928 39.03157383948565 72.31291093677282 571.1984528973699 6.801511965692043 2.143728524446487 5.836113750934601 16.33918102830648 80.52375809848309 351.4684250801802 3.692982494831085 1.571118116378784 0 53.41039066016674 132.1589467898011 95.31450694054365 53.767608769238 8.415317319333553 199.2893672287464 869.2775370627642 61.18626987934113 1206.361767232418 13.69501237571239 0.5271551087498665 1.596111215651035 3.933043375611305 24.13702359050512 0 1.052180103957653 0.2217712998390198 2.015152759850025 1.297298058867455 82.55107455700636 11.44795063138008 5.149026982486248 10.75816711783409 0.1827548295259476 0 0.1853593587875366 270.1671636253595 0.3254257142543793 0 0 0 0 0 1.040336772799492 1.465549051761627 1.120188400149345 1.063095241785049 0 1.8600734770298 2.114142462611198 3.286021560430527 5.888839095830917 0 0 0 1.317894160747528 0.2892616987228394 0 0 0 0 0 0.5573875606060028 0 0 0 0 0.5846870988607407 0.4005107283592224 0 0 0.6869572401046753 0 0 0 0 2.261924013495445 0 1.463334754109383 0.503452479839325 0.5151468068361282 0 0.5699124932289124 1.016586050391197 0 0 0 0.2143528163433075 0.1958944201469421 0.3467082381248474 0 0.352053314447403 1.488162353634834 0 3.080340892076492 0 0 0 0 0.5319990515708923 0 0 0 0.7876505851745605 0 0 0 0 0.2160738557577133 0.3584082871675491 0.1873307228088379 0.1498989760875702 3.185350924730301 1.437655732035637 0 0 0 2.132501631975174 0 0 0.7575454413890839 0.474621593952179 0.3622389435768127 0.8750035166740417 0 0 0 0 0 0 0.6518589183688164 0.4428994357585907 0 0.7317190319299698 1.141209423542023 0.8445521593093872 0.8616297096014023 98.12319727987051 49.33732312172651 117.1464440450072 26.58785770833492 148.4983408153057 9.628622479736805 1.31890519708395 21.53048297017813 3.209294945001602 1.13968101888895 2.5213233679533 1.17263850569725 5.674437820911407 0 0.1094284579157829 0 3.903419986367226 0.5953482389450073
1139.144486531615 515.8421734124422 2.975310429930687 0 112.4935417920351 492.3492817133665 1634.89770680666 0.5665546134114265 174.5998087674379 3280.341935440898 8.239575162529945 137.4808414503932 1041.456066571176 66.79922268539667 8.554417192935944 0.4234296679496765 0.1289658695459366 0.3996786251664162 0 0.8211281523108482 0.7689952328801155 0 0.2470370382070541 0 0.1259799897670746 0.2128865644335747 0 0.1098945587873459 0 0 121.7156610637903 2.175792187452316 7.086259856820107 0 0 0 2.129472136497498 0.2405136078596115 0.2620234191417694 0.0992305725812912 0.1202296167612076 0.1085741072893143 0.1327068209648132 0 0.1251727789640427 0.6357061192393303 77.25161596387625 18.09784039855003 0.1332798153162003 0.915909931063652 1.998941570520401 0.2060861364006996 0 0.2273173332214355 9.642289541661739 16.36533961445093 47.29750043153763 332.3654791489244 1.792326264083385 7.149548724293709 0.7715399712324142 0.6049695685505867 0.2871037721633911 53.10817768424749 15.08201958239079 5.167812615633011 5.10065646469593 2.656341657042503 0.7108997032046318 0.411806046962738 29.46262355148792 0.4784996509552002 0 98.64053367078304 98.44552432745695 131.6997560039163 21.3462283089757 0.1147889494895935 0.3818555697798729 0.3615971282124519 0.7081552296876907 0.6702762618660927 36.76010213792324 0.7811122983694077 3.595074236392975 11.40549199283123 0.9522818550467491 0 0.4348716884851456 0 0.6103440746665001 0.3164372220635414 0.1127633899450302 0.6478231623768806 0.1164190098643303 96.64301286637783 0 0 0 492.0044248700142 0 0.3797186613082886 1.12342968583107 1.948319584131241 1.41250216960907 0.3740969002246857 0.5817522555589676 3.805498763918877 2.106353253126144 14.22585827112198 0.7483794093132019 8.345637902617455 5.438219577074051 14.77120316028595 13.97742088139057 0 0 0 0 0 0 0 0 0 0 0 0 0 0 0 0 0 0 0 0.5944870710372925 0 0 0 0 4.764465138316154 0 1.393397301435471 0 0 0 0 0 0 0 0.4490222632884979 0 0 0.1559451073408127 0 0 0 0 0.3919355869293213 0 0 0.121676854789257 0 0.5140441060066223 0 0 0 2.057808458805084 0 0 0 0 0 0 0 0 0 7.050827816128731 0.1900069564580917 0 0 0.2178489118814468 1.877191409468651 0 0 0.8705913126468658 1.153384059667587 0.2519373297691345 0 0 0 0 0 0 0.1211551502346992 0 0 0 2.900702506303787 0.1661252528429031 2.755888521671295 86.10479314625263 10.00390038639307 125.1821440458298 31.47520644962788 696.8318148851395 18.77875358611345 3.602961853146553 15.95214996486902 8.826346188783646 0.2084601521492004 4.567225120961666 2.160163857042789 22.06868995726109 0.1219460070133209 0.5098264068365097 0 0.559116005897522 0
337.0242303535342 6011.262488380075 751.137128315866 112.4935417920351 0 27.15528497099876 2103.829928971827 30.39201658219099 5576.444462247193 1415.667402178049 642.2653721123934 256.6046067252755 1420.833417102695 1000.440973892808 75.40948197245598 13.11183999478817 1.780734717845917 1.231559179723263 0.1298907697200775 0.7213401794433594 1.884550251066685 0.1324625015258789 0.4122106581926346 0.2906651794910431 0.906649649143219 3.806628353893757 0.7617548927664757 1.877966955304146 1.044498302042484 0.1579858660697937 544.7368209660053 5.128202527761459 10.45652328431606 0.1206860691308975 0.1338197737932205 0.8806721568107605 5.525300890207291 0.4859121739864349 0.585765652358532 0.8704986572265625 2.37667952477932 0.4294032752513885 0.4352894276380539 2.221014715731144 0.3310918807983398 1.39859651774168 342.9942508563399 36.9449510499835 0.6851883083581924 0.8983884826302528 6.927816092967987 0 0 1.404547609388828 11.37551288306713 22.66368435323238 19.91758149862289 285.3456856384873 5.170480616390705 22.01655735075474 1.790603324770927 3.577134415507317 0.3339644968509674 250.488250747323 22.13944232463837 9.485320538282394 11.41865216195583 8.932572424411774 2.02628106623888 2.341544285416603 29.91039830446243 1.619610294699669 0 117.2550034672022 217.5382177010179 429.5231865495443 192.768123857677 12.00849740207195 1.276668064296246 10.34980429708958 1.58747997879982 4.918141596019268 60.1933526918292 0.3442264869809151 10.05475107580423 15.72973111271858 2.504539653658867 0.2885197401046753 4.562750458717346 0 2.589407302439213 0.3076105788350105 1.591144658625126 3.675243616104126 1.091256059706211 181.9934234768152 0.7132090926170349 0 0 103.1850347742438 0.2291645109653473 4.494050085544586 4.644579142332077 1.827035635709763 1.476623564958572 2.587368533015251 5.484015479683876 27.66837565600872 19.8062552511692 65.32633493840694 6.422581925988197 33.89207045733929 42.29322825372219 79.03006267547607 92.20852887630463 0.7370772808790207 1.135229557752609 0 0 0 0 0 0.2973788678646088 0 0 0 0 0 0 0 0 0 0 0 0.1828426271677017 1.551018178462982 0 0 0 30.16773883998394 0.386242963373661 7.845095962285995 1.335849955677986 0.7995425015687943 0 0 0 0 0 0 0 0.3056797087192535 3.806051418185234 0 0 0 0 0.6730854511260986 0 0.1835049837827682 0 0.3339895308017731 2.601039305329323 0 0.4674131274223328 0 22.43236391246319 0.5915570557117462 0.1828329116106033 0 0 0 0 0 0 0 42.5105839073658 0 0 0 0 6.236778825521469 0 7.955105513334274 3.253623768687248 5.068167686462402 2.980646952986717 1.477241262793541 1.606549739837646 0 0 0 0 0 0.1847707778215408 0 0 15.18214917182922 0.722635805606842 5.550658270716667 290.0253002494574 40.24272862076759 386.8309199586511 97.75211919099092 109.3293273076415 41.93008558452129 6.619837582111359 117.4981482774019 29.58751654624939 1.053315728902817 16.29572040587664 5.813820749521255 71.23178604245186 1.425986215472221 0.4349577128887177 5.661204054951668 8.579445868730545 0.8517917394638062
195.9236331135035 345.6468121111393 22.28104840219021 492.3492817133665 27.15528497099876 0 191.4881425499916 1.758893594145775 24.15819375216961 1100.172747120261 7.167473040521145 148.575780838728 162.6172125786543 19.93420465290546 0.3800251334905624 0 0 0 0 0 0 1.143562316894531 0.1375922858715057 0 0 0 0 0 0 0 25.77637715637684 0 15.22664770483971 0 0 0 14.81483665108681 0 2.266139954328537 0 0 0 0 0 0 0 1.067637786269188 0 0 0.127740740776062 0 1.064098477363586 0 0 0 0.4486967921257019 192.7041142880917 46.00938119739294 3.297146588563919 0 0.3911222219467163 0.3084635734558105 0 0 0.2127858102321625 0 0.2102777287364006 0 0 0 148.7902412563562 243.8041844666004 1.173060595989227 5.243618413805962 0.8008927553892136 2.473876148462296 0.4126815348863602 0 0 1.469399124383926 0 0 0.5015693828463554 0.4061639308929443 0.2473640963435173 0.5967127904295921 0.1234072297811508 1.832448661327362 0.8399931341409683 2.561070531606674 0.373761460185051 1.658575057983398 0 0.111540175974369 0.1323523223400116 510.4404431432486 116.0774885416031 7.123915955424309 9.429779648780823 473.0796699523926 0 0 0.7470402419567108 0.7280700206756592 0 0.2238666564226151 0.4252262115478516 2.422989040613174 1.018243819475174 7.646715402603149 0.881266176700592 2.87853667140007 2.415786415338516 5.766193449497223 3.716085582971573 0 0.3317860662937164 0 0 0 0.4147942066192627 0 0 0 0 0 0 0.1686775982379913 0.1903736144304276 1.171141713857651 0.5200024247169495 0.7946542054414749 0.8051237314939499 0.2564061880111694 0 0 0 0 0 3.92033714056015 0 5.723879992961884 3.237956956028938 1.160422757267952 0 0 0 0 0 0 0 0 0.4628473669290543 0 0 0 0.7266817539930344 0 0 0.1272712051868439 0 0 0.5963912010192871 0 0 0 0.9170418381690979 0 0 0 0 0 0 0 0 0 1.632762864232063 2.936179280281067 0 0 0 0 0.5526617765426636 0.2453887760639191 0 0 0 0 0 0 0 0 0 0.1591607928276062 0 0 0 0.3982380330562592 1.996856033802032 4.876863166689873 19.8851997256279 0.558928094804287 2.704759359359741 0.459870383143425 201.2198494672775 1.760549888014793 0 1.004818990826607 3.710098832845688 0 1.049635380506516 0 20.54667961597443 0 0 0 0 0
383.827837921679 2793.775228902698 26.00115402042866 1634.89770680666 2103.829928971827 191.4881425499916 0 4.188215114176273 1536.417675614357 2690.733651265502 37.57199750095606 238.1297575980425 4299.479819089174 1931.890381537378 51.87991951406002 7.39846271276474 1.015394359827042 1.067737869918346 0.2649875357747078 1.261975318193436 2.0566216558218 0 0.1958131045103073 0.498620942234993 0.8074206113815308 3.660116463899612 0.5796329230070114 2.124192789196968 0.3818909525871277 0.1242563799023628 375.4310906752944 4.745752535760403 8.544048979878426 0.5104368329048157 0.2626307532191277 0 3.89606336504221 0.97244031727314 0.8465059846639633 1.568161465227604 2.781414799392223 0.8934991583228111 0.4855464696884155 2.765184856951237 0.1077394410967827 2.364787176251411 355.9371997341514 60.68279115855694 1.072621688246727 0.5394382625818253 11.97233484685421 0.1487234830856323 0.1012395396828651 1.853068508207798 19.34035359323025 42.53364912420511 40.45464103668928 509.9619614109397 7.210308201611042 40.73458240181208 1.952404551208019 1.839089699089527 0.108638659119606 287.3128718137741 37.80752479285002 15.40109091252089 16.67229970544577 11.05024480819702 2.507953822612762 3.135034024715424 25.96924448013306 2.543865218758583 0 203.6643171608448 330.3426133543253 547.4612775668502 163.9055912569165 6.34112998098135 0.7860884144902229 4.535352356731892 1.986118406057358 6.144761338829994 99.71583270281553 1.925084553658962 13.65896489471197 26.61168322712183 2.790855169296265 0.4304448738694191 4.080549389123917 0.3234149217605591 4.291385620832443 1.053160645067692 1.339391730725765 4.552552878856659 1.396484695374966 187.1234403252602 0.4649483114480972 0 0.4746786952018738 144.9825533330441 0 0.673910990357399 4.281020551919937 2.201179936528206 1.547527462244034 2.361325487494469 6.498797178268433 12.38525524735451 14.88722705841064 44.67775902152061 3.183562412858009 24.27511885762215 30.16637781262398 57.12109434604645 53.9986015856266 0.2357569932937622 0 0 0.3431545197963715 0 0 0 0 0 0 0.5140763521194458 0 0 0 0 0 0 0 0 0 0.4459308683872223 0 0 0 15.94558395445347 0 3.374361172318459 0 0.2095907926559448 0 0.129931315779686 0 0 0 0 0 0.250491201877594 4.560252621769905 0.1430766880512238 0 0 0 0 0 0.3496902287006378 0 0 2.659899458289146 1.091186314821243 0 0 12.52810978144407 0.7668228447437286 0 0.1681621074676514 0 0.2117483988404274 0 0.1708486527204514 0 0 21.27414219081402 0.2062406986951828 0 0 0.2097996026277542 2.836448550224304 0 1.80352084338665 2.119869828224182 1.950216948986053 1.174040034413338 0.362831324338913 0.9546843320131302 0 0 0 0 0.3305920287966728 0.2358073592185974 0 0 9.816780120134354 1.92190970480442 2.318768724799156 292.5842201858759 52.50463129580021 459.7842550426722 109.4800767228007 417.8062641844153 54.0428499057889 10.68369323015213 79.95457669347525 14.90323229134083 0.7921439036726952 9.831955023109913 5.886050760746002 45.13044764101505 0.8183789402246475 0.5293855965137482 4.659124806523323 5.891737453639507 1.42789514362812
114.5705708712339 400.2560864910483 4170.192797645926 0.5665546134114265 30.39201658219099 1.758893594145775 4.188215114176273 0 58.64401365071535 1.674749992787838 2444.950656116009 7.666918128728867 140.267622217536 451.4803966879845 50.88685958087444 32.71651637554169 9.561575002968311 11.83624306321144 3.988593578338623 33.8858899846673 161.5292700380087 0 27.00527618825436 8.299231022596359 43.76356433331966 3.702520668506622 5.505739293992519 2.298141352832317 0.419601671397686 0.4410766065120697 1886.834924906492 1753.701636858284 59.99562937021255 17.74551460146904 51.75722375512123 36.93098209798336 28.52818840742111 42.13834652304649 1.395215481519699 18.11990301311016 142.7617176100612 5.535410895943642 14.439073741436 3.994589485228062 4.67537946999073 48.02489215135574 138.2434990108013 11.21719621866941 3.075171574950218 15.52103182673454 9.634538047015667 0 0 2.03401530534029 2.701761096715927 6.805356562137604 9.623786501586437 247.448323994875 1.81683699041605 5.370800450444221 586.9498372226954 84.80370138585567 84.46922807395458 303.7570752426982 6.653273776173592 2.659845560789108 3.323778867721558 13.8035381436348 31.21418173611164 185.1398411095142 3.808104306459427 1.421390682458878 0 49.01021365821362 119.0174749270082 180.697627581656 162.4214820116758 44.11529485136271 1043.237139202654 3181.485518909991 464.6338453143835 3576.111213855445 16.10880351066589 0 3.209096603095531 4.496454775333405 12.7928366586566 0.1094794869422913 0.8172428607940674 0.1260051727294922 1.057827539741993 0.4240092784166336 49.19846583157778 10.98849382996559 3.633415356278419 2.010374292731285 0.6792131215333939 0 0.1062113419175148 39.61272437125444 0 0 0.5718583017587662 0.2128861397504807 0 0 0 0 0.4449584186077118 1.147475957870483 0 0 0.5876756608486176 1.642997398972511 1.24746011197567 0.2361578345298767 0 0 0.6246427297592163 0 0 0 0 0 0 0.4073366224765778 0 0.3095956221222878 0.1536488682031631 0.3250506818294525 0 0 0 0 0 0.1682828813791275 0 0 0.1926692426204681 3.795776054263115 0.3120318055152893 2.506086945533752 0.7156954556703568 1.994237929582596 0 0.9822901338338852 1.077621161937714 0 0 0 0 0.2732720673084259 0.4594901204109192 0 0.3619370609521866 0.574831485748291 0 1.571478053927422 0 0 0.1084525361657143 0 0.1562273502349854 0 0 0 0.8728380054235458 0 0 0.2187930643558502 0 0 0.1564244776964188 0.2666782140731812 0.1643336117267609 1.669841021299362 0.3033256828784943 0.5056988596916199 0.2027141451835632 0.6352061033248901 1.037605509161949 0 0 0.5665454268455505 0 0 0 0 0 0 0 0.1552715301513672 0 0.7185766994953156 0.1211778447031975 0.3782349079847336 0.2766350656747818 0.3590943515300751 0.4492644965648651 1.692440465092659 119.7697507664561 29.38584455102682 159.6322835981846 30.725442096591 22.95914003252983 11.05013837665319 1.749004200100899 29.25326795876026 4.815199218690395 1.647246666252613 0.5433616265654564 1.564773216843605 0.8383486717939377 0 0.2402039170265198 2.209858328104019 1.275594666600227 0.4774350821971893
71.52729727327824 990.9838530346751 262.5966864004731 174.5998087674379 5576.444462247193 24.15819375216961 1536.417675614357 58.64401365071535 0 696.889957793057 2631.566121220589 103.7591821849346 4403.339430637658 4929.432886578143 87.75564144551754 22.66810195893049 2.493124194443226 0.4535320177674294 0.4148804843425751 0.4860793128609657 3.246004715561867 0 0.9504793286323547 0.1088531166315079 1.385019615292549 2.103656031191349 0.1551707237958908 1.751850694417953 1.825716063380241 0 151.7319423928857 4.448410749435425 39.25105849653482 0 0.6225676387548447 0.9398640394210815 8.125644743442535 1.72568129748106 1.161822229623795 1.34285057336092 5.229689136147499 1.447448439896107 0.305662989616394 6.308626897633076 0.128210723400116 1.065880566835403 290.5202877372503 17.33473866432905 0.9214419424533844 0.4556592106819153 4.594245597720146 0.2181302607059479 0.3956691473722458 1.173614010214806 5.336153902113438 10.41623838990927 8.976722128689289 100.0811634883285 1.946153208613396 16.96011055260897 0.7583315968513489 3.381186760962009 2.451429933309555 100.6052942276001 10.75568201392889 3.982217192649841 4.487354382872581 5.260791674256325 1.239437334239483 3.971123792231083 16.1775845438242 5.263433173298836 0 52.42646979540586 91.76081009209156 273.6879798546433 174.4029488861561 21.73153898864985 3.979384236037731 24.50267624109983 1.071953162550926 5.130585372447968 26.78379307687283 0.5541219934821129 4.572800748050213 7.552132144570351 1.573101401329041 0.1038033738732338 2.290891900658607 0 1.450707286596298 0.2204350456595421 2.339822605252266 1.254608005285263 1.795140542089939 221.853242918849 0.6030568480491638 0 0 27.71721593290567 0.21831114590168 4.204063683748245 2.670473456382751 3.310185849666595 4.756083369255066 1.138385713100433 12.56286081671715 19.61569035053253 23.17724697291851 63.77154186367989 7.510298669338226 42.5386898368597 39.51118421554565 100.6569506376982 110.881673514843 1.58802518248558 0.6196282207965851 0 1.084052711725235 0 0 0 0.5991148948669434 0 0 0.2513237297534943 0 0.277920663356781 0 0 0 0 0 0 0.8646543473005295 0 0.2882121503353119 0 0 41.99548749625683 0.346227616071701 10.64536990225315 1.408280998468399 1.163683325052261 0 0 0 0 0.8715687990188599 0.4408326596021652 0 0.8930299878120422 4.278082072734833 0 0 0 0 0 0 0.3627769351005554 0 0.1537595093250275 3.106181293725967 0 0 0 27.95638124644756 0.7001654356718063 0 0.3499963879585266 0.1389146894216537 0 0 0.1581936031579971 0.3818721175193787 0 51.06882770359516 1.75016725063324 0 0.3160702586174011 0.3087267279624939 7.027564480900764 0 7.2679573148489 4.371215909719467 4.209469676017761 4.911981970071793 0.9310479760169983 2.619453147053719 0.1636491119861603 0 0 0.09587521851062775 0 0 0.4363140463829041 0 15.08283211290836 2.987762629985809 5.472603261470795 290.0213784947991 36.15838354080915 324.2132943272591 91.19803873449564 61.21107617765665 37.13763557374477 3.194413311779499 127.4857188984752 26.66335073113441 1.618612237274647 18.37311739474535 4.762734711170197 78.50336062908173 0.596065491437912 0.4188776686787605 5.786880612373352 5.854082994163036 2.129462361335754
1207.939083561301 888.1688464209437 19.97090916335583 3280.341935440898 1415.667402178049 1100.172747120261 2690.733651265502 1.674749992787838 696.889957793057 0 24.41669692844152 2084.48021645844 6597.724459767342 220.5427068769932 32.21252093464136 2.978879779577255 0.1350129395723343 0.7016333863139153 0.2390283048152924 0.9703963473439217 0.5141563415527344 0.3880174234509468 0 0 0.6166199669241905 1.578151576220989 0.260296493768692 1.861279048025608 0.1686274111270905 0.1696151047945023 121.7686706706882 2.483687922358513 92.18214981257915 0 0.1106520593166351 0 33.57981224358082 0.1178794503211975 2.198252215981483 0.6672110185027122 0.2643028944730759 0.2264738827943802 0.865596242249012 1.663625277578831 0.2354858070611954 0.8904490023851395 207.5701650977135 30.57201794534922 0.2463109865784645 0.5880673304200172 3.901021532714367 0.1152680218219757 0.2284693270921707 0.7662657648324966 13.38521885871887 24.19796624034643 72.58336957544088 374.5003911480308 6.18997011333704 18.17006947100163 0.6617467850446701 6.359253518283367 0.3080112785100937 91.8896464779973 20.83878408372402 10.69423952698708 8.768274135887623 5.689371027052402 0.7009421139955521 1.492159239947796 677.6900336667895 25.18757905811071 0 146.4527008980513 144.6807804256678 285.9608788341284 81.40697239339352 4.813368409872055 0.2859114408493042 11.89014799147844 1.283847242593765 7.869429476559162 55.17240133881569 0.3501278907060623 7.615710467100143 17.15321960300207 2.824461624026299 0.3257144913077354 2.582701906561852 0 1.130972012877464 0.7428666204214096 0.7424356564879417 2.442698620259762 1.336043357849121 1449.459398403764 65.52520924806595 0.8772972226142883 9.271838843822479 947.6904012709856 2.904085099697113 16.24716182053089 13.29446136951447 20.47648395597935 7.945380926132202 10.30258387327194 34.40225230157375 79.12903773039579 62.40937066078186 192.156529635191 11.56504343450069 132.480496019125 114.2331333756447 279.7427316457033 205.053060784936 2.819720521569252 4.686484158039093 0 0.6364712715148926 0 0 0 0 0 0 0 0 0 0 0 0 0 0 0 2.14459116756916 0.4631444215774536 0 0 0 96.26176296174526 1.571923762559891 33.51898558437824 2.605395033955574 1.2218057513237 0.8848034888505936 0 0 0 0.4297094643115997 0 0 4.188522413372993 13.18229772150517 0.3895260691642761 0 0 0.5394935607910156 0 0.2219364643096924 1.617124542593956 0.3202321082353592 3.781257897615433 7.766758240759373 1.133315771818161 0 0 67.21297547221184 0.6172442734241486 1.09294980764389 0.9205120280385017 0 0 0.1026031523942947 0 0 0.1652860939502716 74.61805781722069 3.973048508167267 0 0 0.1230967342853546 20.52176649868488 0 11.63101387023926 10.94055762887001 13.31324131786823 10.16627492010593 1.671122431755066 1.996232658624649 0.260162353515625 0 0.1269450336694717 0 0 0.3661363869905472 0 0 41.77575328946114 6.451399564743042 10.86360263824463 347.9716560691595 32.67841708660126 307.9359288066626 83.1193154156208 1481.720312125981 47.90164525806904 6.651914514601231 85.55542559921741 65.54068480432034 3.05803307890892 48.70877892524004 6.167335867881775 308.2996641993523 6.508604988455772 0.7281405106186867 8.583129987120628 3.440666705369949 0.6743793487548828
336.8109785541892 1877.877585016191 3862.276736959815 8.239575162529945 642.2653721123934 7.167473040521145 37.57199750095606 2444.950656116009 2631.566121220589 24.41669692844152 0 28.61852693557739 1356.127512902021 4673.350731983781 130.263734318316 48.71107870340347 7.012602753937244 3.739473156630993 0.9675927236676216 2.971448160707951 24.53680185973644 0.2241701930761337 7.546870514750481 2.701296895742416 43.84563677757978 3.170638754963875 8.370767123997211 4.070404104888439 1.137239687144756 0.9463740512728691 1338.143116161227 140.8954265192151 191.2698436006904 1.113158792257309 11.72856433689594 20.33254599571228 92.76180163025856 48.91486140340567 4.809613570570946 17.18904229998589 59.69282748550177 3.917251020669937 2.429539807140827 9.27859178930521 1.188193708658218 3.973940521478653 384.6634280607104 35.88890537619591 2.958856411278248 4.692131005227566 9.744224585592747 0.7294444143772125 0 5.233919754624367 10.26962380111217 23.08200445771217 23.70812083035707 370.6833519563079 4.755215741693974 25.23961339145899 14.1158464550972 77.0418759137392 22.1364254206419 356.636988863349 19.52443224191666 8.335860408842564 7.889563515782356 10.71405071020126 7.18444112688303 51.41871500015259 17.05388376116753 2.67455792427063 0 119.6374678313732 259.1444366797805 488.2979708313942 318.5902253910899 30.3349077180028 86.76323266327381 712.9252340123057 3.368307501077652 170.1606249511242 54.11660052090883 0.4576133862137794 6.877944715321064 15.9467054232955 2.437659442424774 0.3550526723265648 3.031170427799225 0 4.029329046607018 0.8747605532407761 14.54276395589113 8.027546569705009 1.381876766681671 23.28727354109287 0.8681348413228989 0 0.3591092228889465 110.8844984844327 0.4171513617038727 0.3682827353477478 0 0.3563280403614044 0.4692652076482773 0.1703214049339294 1.970156222581863 2.114507243037224 2.01221090555191 7.908105850219727 1.187999904155731 4.739373803138733 5.513628154993057 15.30422812700272 13.70328892767429 0.2100900262594223 0.7825086712837219 0 0.5185389518737793 0.1686996221542358 0 0 0 0 0 0.254941463470459 0 0 0 0.3999250829219818 0.6582815945148468 0.1769050806760788 0.7103618383407593 0.146976962685585 0 0.4357258975505829 0 0 0 11.37299174815416 0.3913677334785461 4.886891558766365 0.1659815758466721 1.69078928232193 0 0 0.4489728808403015 0 1.00041788816452 0.502568781375885 0.2043827921152115 0 0.4916872084140778 0 0.3081061244010925 1.209116607904434 0 1.047577649354935 0.09900817275047302 0.2907081246376038 0 0 0.4888667017221451 0 0 0.1569631844758987 7.783869221806526 0 0 0.2304815202951431 0 0.2622426897287369 0.1986879855394363 0.3821042776107788 0.1658005565404892 0.336399108171463 7.151289895176888 1.325905501842499 0 0.1761803478002548 1.499093532562256 0.5798041224479675 0 1.049559980630875 1.060001343488693 0.7417409420013428 0.1832494735717773 0.2496062219142914 0 0.2307782769203186 0.2208019495010376 0.1026395782828331 0 0.6771220043301582 0.4795872196555138 0.1996191740036011 0 1.408424273133278 0.9909905418753624 2.333684027194977 291.1790603101254 42.52098547667265 419.4288575947285 87.69270065426826 72.47574961930513 37.64532379806042 6.521098457276821 100.5035044550896 15.71961440891027 0.8449104726314545 5.652579300105572 2.938684977591038 5.632358759641647 0 0.309391587972641 2.432791396975517 5.80642481148243 1.284958332777023
16.79069122672081 52.75472923368216 12.80686816573143 137.4808414503932 256.6046067252755 148.575780838728 238.1297575980425 7.666918128728867 103.7591821849346 2084.48021645844 28.61852693557739 0 2960.299609698355 52.04563169926405 32.90271405875683 14.73504702746868 1.441394045948982 1.575362980365753 0.3210582286119461 0.5483778566122055 2.438198164105415 0.7488657832145691 0.430342823266983 0.65497787296772 4.168578967452049 2.349806815385818 1.433111093938351 2.100593969225883 0.1717301160097122 0.1815003007650375 11.84082817286253 0.870841920375824 92.70526126027107 0 0.6043856590986252 0.8272325098514557 130.7572889626026 5.089113891124725 7.173023842275143 5.414872333407402 15.35728764533997 1.493304908275604 1.025223545730114 1.212976925075054 0.5360143333673477 0.2802357524633408 74.25017181038857 6.339893668889999 0.7588904649019241 1.260015264153481 3.224792934954166 0.1433671712875366 0 1.50020107626915 2.112255401909351 4.372365467250347 12.85259241610765 22.60237959772348 0.428847461938858 2.124460034072399 0.6435714662075043 6.405319944024086 1.925823509693146 11.95475980639458 4.596167325973511 1.822296217083931 1.444264531135559 2.595458313822746 2.712622836232185 12.39862284064293 326.9780670106411 45.92549765110016 0 19.32440357655287 16.50007519125938 64.83146931231022 29.52529783546925 3.033536143600941 0 5.390778370201588 0.5543993413448334 0.6946448385715485 8.747581593692303 0 0.9626451954245567 2.634368568658829 0.6223489195108414 0 0.3568409755825996 0 0.8537068292498589 0.7462531849741936 6.529860258102417 2.388077706098557 0.7521299123764038 2371.722107514739 125.3151630759239 0 2.747143447399139 90.18298405408859 1.074665509164333 5.439071267843246 7.350637368857861 4.285855367779732 6.473340675234795 7.564145430922508 17.78630310297012 52.73211728036404 42.16523033380508 121.1117369905114 10.45004263520241 91.91566951572895 86.72822394967079 267.7083742618561 238.9858747571707 3.168122082948685 2.047683626413345 0 1.386459663510323 0 0.2548085451126099 0.2696819007396698 0 0 0 0.3640386015176773 0 0.6910427957773209 0.3915974348783493 0 1.929342746734619 0 0.4321345239877701 0.20220947265625 1.78982650488615 0 0 0 0 128.5792029947042 1.764074429869652 33.80144326388836 4.41048501431942 1.306388512253761 0 0.581382617354393 0.2522337436676025 0 1.286974191665649 0.4706788063049316 0.1681794077157974 2.355657190084457 9.332151986658573 0 0.1491199284791946 0.1606570482254028 0 1.353260442614555 1.150053814053535 0.9683324173092842 0.7254069745540619 2.026214264333248 11.88816208392382 0 0.2204659581184387 0.2361038476228714 77.43074122071266 1.117638975381851 0.6575099155306816 0.7287194132804871 0 0.1645202040672302 0 0.1100421547889709 0 1.105779588222504 114.4851474165916 3.283382341265678 0 0 0.1681955903768539 15.39966729283333 0.8862389624118805 19.13552878797054 11.47627906501293 13.79968375712633 8.657263211905956 2.237242057919502 3.947398081421852 0.3987472504377365 0.40474833548069 0 0 0.2494935393333435 0 0 0 39.69108188152313 8.994747757911682 18.47178134322166 170.0378132387996 14.9747447296977 118.4934861212969 27.39922090619802 191.7647825032473 11.85978504270315 0.6969109028577805 48.71528534591198 46.01122238487005 0.5996822565793991 36.45236288011074 4.211258977651596 157.2004168182611 3.038787230849266 0.4113057404756546 12.90164515376091 2.435601785778999 0
90.58826152980328 458.5062793120742 145.0904381275177 1041.456066571176 1420.833417102695 162.6172125786543 4299.479819089174 140.267622217536 4403.339430637658 6597.724459767342 1356.127512902021 2960.299609698355 0 2085.139187738299 196.9367083236575 95.56996227055788 10.56039035320282 3.282040514051914 1.416397511959076 2.296649605035782 11.78669295459986 2.081088721752167 2.621625170111656 2.401993364095688 23.24288241565228 7.238202400505543 7.175538450479507 5.601475447416306 3.275014460086823 1.266425088047981 124.6942308172584 4.743289068341255 706.1642029806972 0.2047001719474792 8.133290126919746 8.749759957194328 225.7205085381866 32.33831398189068 13.44101706147194 25.02475236356258 52.78520091623068 6.573226615786552 2.850558415055275 14.09653385728598 1.62510447204113 2.568675130605698 402.9956264942884 30.37100926786661 3.824530355632305 5.347174406051636 10.15040811896324 0.5962575972080231 0.5864672660827637 5.425263404846191 9.345862627029419 20.64660704135895 21.06011755764484 104.4043964445591 5.483357459306717 16.38097170740366 2.283525951206684 31.81434245407581 10.76190312951803 85.47385962307453 19.32219345122576 6.79617353528738 9.592459186911583 9.73774641752243 7.961718447506428 51.02006439119577 624.0661046281457 63.77376827597618 0 86.52029010653496 99.4033473059535 370.8966923505068 219.2096415907145 32.53672073036432 3.352732002735138 59.05974446237087 1.567329846322536 16.19346838444471 38.67083545029163 0.6471465453505516 5.52023634314537 12.45388446003199 5.339467532932758 0.1116640418767929 2.96710854023695 0.1269045472145081 3.386573649942875 1.328807033598423 24.23263084888458 11.22263099253178 2.162730433046818 2811.970473438501 103.9727174043655 0.8910871148109436 4.162514135241508 107.692486949265 3.81548210978508 7.846497595310211 11.35397815704346 13.00173488259315 9.155894637107849 13.84412103891373 34.17735241353512 101.8997151106596 84.1271004229784 206.323660582304 18.71648813784122 167.005300655961 166.2311948910356 393.6778790950775 410.3275148421526 6.074496895074844 5.492852345108986 0.1284965425729752 2.816992580890656 0.2972772419452667 0 0.3676145672798157 0 0.1292010843753815 0.6928992718458176 0.5280939638614655 0 0 0.2194841504096985 0.433782160282135 0.5643517673015594 0.4400593787431717 0.2048733234405518 0.6081776916980743 5.504812188446522 0.8248407393693924 0.1616332978010178 1.322826161980629 0 222.0279495120049 1.563397899270058 66.20738103985786 7.215408176183701 4.57190927863121 0.8627419471740723 1.796408727765083 0.5374454110860825 0 2.199631497263908 1.902489304542542 0.6665089279413223 4.741668164730072 15.17362365871668 0.4436535686254501 0 1.800098106265068 1.233548417687416 2.776920326054096 0.1967708319425583 0.9801871553063393 0 2.98985867202282 14.30645041167736 0.2627813518047333 0.314075380563736 1.254328966140747 142.6584017723799 0.9410521686077118 1.531395874917507 1.368153460323811 0.5611877217888832 0.3654908537864685 0 0.4772315472364426 0.1642266660928726 1.968284942209721 244.8341326639056 6.398520529270172 0 0.4724263995885849 0.910220131278038 28.56567949056625 1.088112965226173 29.21099196374416 20.65193127840757 23.49659979343414 16.20040728151798 4.746302470564842 9.8086868673563 1.218874633312225 0.1254550814628601 0 0.1358059793710709 0.1257089823484421 0.1562780290842056 0.1600160747766495 0.4639424681663513 58.4069556593895 19.93719509243965 41.16916061937809 613.2303839102387 72.7730320841074 550.4689379483461 160.5779206827283 297.6164962872863 56.79903635382652 7.891364224255085 204.6025708541274 87.18685960769653 3.057406559586525 73.26117946952581 14.69143153727055 217.8377181440592 6.05612650513649 0.7282747849822044 22.2893807888031 17.41104970872402 3.983527436852455
