0 7786.030942440033 2446.494222477078 1816.574837133288 3438.008705146611 727.8304802328348 1105.936675839126 77.43620431423187 53.32396171987057 2698.084566637874 684.798628591001 103.5511452108622 568.7627471834421 73.56198625266552 3.538273304700851 1.83361728489399 0 0 0 0 0.1727521568536758 0 0 0 0 0.231893926858902 0 0 0 0 610.4956469908357 4.858089476823807 8.013971328735352 0.1136784702539444 0.2742305397987366 0 2.605763807892799 0.1453560888767242 3.857082560658455 0.7980959787964821 0.1160039603710175 0.2911356687545776 0.1499462723731995 1.366476356983185 0 0.3756849616765976 30.68219820410013 1.819738402962685 0.1887902170419693 0.2685943990945816 0.3718457818031311 0.2412367910146713 0 0 9.511795848608017 8.374281130731106 300.2111201509833 1137.947765149176 67.63282705098391 18.27904959768057 1.829261220991611 0.611172579228878 0 32.02393114566803 6.840733133256435 2.306137800216675 1.518733955919743 0.1061119437217712 0.5057212859392166 0.1376389861106873 15.96761336922646 12.50337279587984 0.2008240520954132 130.5145748183131 96.86747363209724 12.4144853875041 9.859668433666229 1.144245237112045 3.35073034465313 52.18083918094635 0.9134947657585144 9.9759521484375 5.038288988173008 0.9232332408428192 1.737736232578754 4.66532576084137 0.5974745154380798 0 1.053035959601402 0 0.5637678951025009 0.3804647475481033 0.165814071893692 0 0.1380663812160492 69.93322928249836 9.560490280389786 0 0.1849023997783661 1497.264209628105 0.8572908639907837 0.7595134377479553 15.23153391480446 7.798479378223419 0 58.19483448565006 7.413782998919487 23.91146744787693 128.168843999505 17.46628630161285 3.881049364805222 45.48964625597 25.32272453606129 19.47507767379284 6.424712538719177 0.2374153882265091 0 0 0 0 0 0 0 0 0 0 0 0 0 0 0 0 0 0 1.723426669836044 0 0 0 0 5.806536912918091 0 4.475062921643257 0 0 0 0 0.6427626013755798 0 0 0 0 1.288730502128601 5.511215627193451 0.3174630105495453 0 0 0 0 0 0 0 0.2095806002616882 0.5620763301849365 0 0 0.1313393712043762 7.855727896094322 0.6784201264381409 0.3013638257980347 0 0 0.2515922784805298 0 0.3659386038780212 0 0 8.679995357990265 0 0 0 0 4.206669628620148 0 0.4293799996376038 0.5882759690284729 3.395901799201965 0.4371054470539093 0 0 0.6435277462005615 0 0 0 0.1230931505560875 0 0 0 5.827223181724548 0.7008055448532104 7.903006032109261 75.07861219346523 10.861906260252 162.4702773690224 27.06777660548687 1675.483813375235 53.50170054286718 2.990952976047993 24.41068736463785 14.71732097864151 0 3.24474336206913 0.9579878449440002 31.79897224903107 0 0.7480259537696838 2.748756229877472 5.858782052993774 0
7786.030942440033 0 1494.655761182308 697.725730329752 7214.077918492258 711.5921620130539 5705.367371872067 136.5546951889992 904.5489194989204 774.6688847318292 1129.14944884181 230.6296807974577 1096.995679281652 262.8168620094657 25.41489171236753 6.778303593397141 0.7627233117818832 0.4813869968056679 0 0.3350954353809357 1.90043668448925 0 0 0 0 0 0.2622217237949371 0.7363389134407043 0 0 1545.893197253346 16.52942753583193 41.74727906286716 0.5446338504552841 0 1.290068060159683 29.04218316078186 1.933323740959167 6.321151092648506 1.305916145443916 6.190873198211193 1.34582282602787 0.6416438519954681 2.009148925542831 1.38353618979454 5.995751067996025 151.7355014681816 6.686019167304039 0.640972912311554 1.695950619876385 4.035029038786888 0 0 0.9687899649143219 14.72652693092823 24.29243614524603 51.32393516600132 729.7433106303215 34.0409554168582 67.1773793771863 9.719268590211868 11.90372245013714 1.213828057050705 86.25129198282957 19.41468817740679 8.444136217236519 10.25059950351715 4.039280511438847 5.202011801302433 8.333011724054813 96.59427370876074 68.90940673649311 0.1388132125139236 230.3186345919967 169.8754988089204 93.19959408044815 76.16346490383148 9.539628453552723 15.05488178133965 132.8503380194306 14.54034577310085 73.2656094878912 12.06576376408339 2.462639190256596 4.251806832849979 19.2367208302021 4.719636864960194 0.1115378513932228 4.66332945227623 0.3191818073391914 3.362331047654152 0.9054473042488098 1.435838580131531 1.194698289036751 2.934902377426624 344.637582808733 12.54553481936455 0 2.083322703838348 860.1541408076882 6.224429339170456 13.01469784975052 35.41422194242477 7.64347767829895 8.58852207660675 227.22880192101 26.25171841681004 118.1008320003748 100.4840300381184 93.52684882283211 15.78365428745747 234.7092327773571 90.50583796203136 103.3620873838663 56.67071023583412 0.429301917552948 0.935095876455307 0 0 0 0.2211004197597504 0 0 0 0 0.2796974182128906 0 0 0 0 0 0.1426408588886261 0 0 16.15849648416042 0 0 0.8877695202827454 1.180833652615547 45.47980482876301 5.40438386797905 23.12127695977688 0.3275035917758942 0 0 0 0 0 1.20750367641449 0.583285927772522 0 1.913093939423561 21.42567627131939 0 0.4462476968765259 0 0 0 0.2791627645492554 0.2426808178424835 0.4981178194284439 1.531095325946808 6.449491783976555 0 0 0 111.0379097759724 5.169512510299683 0.7659653723239899 1.342369168996811 1.33612222969532 0.5292645394802094 0 0.7581714391708374 0 0.3607352077960968 103.9211579114199 3.079544246196747 0 0 0.1329836547374725 29.74543686211109 0 6.019371449947357 8.115705907344818 3.310918271541595 15.40679961442947 0 1.363732606172562 1.06505098938942 0.09615286439657211 0 0 0 0.3081408888101578 0 0.4291136860847473 35.66885311901569 7.036629557609558 36.3633484095335 288.5823948904872 74.78782974928617 679.0175619870424 159.7904855981469 1607.696404494345 101.4430314674973 8.243899621069431 93.2113388478756 20.43915545940399 0.1141620352864265 26.09644854068756 0.6445095390081406 65.83550025522709 2.116930976510048 0 5.080842152237892 6.011915758252144 0
2446.494222477078 1494.655761182308 0 18.63635313510895 1432.826914861798 95.36972409486771 65.32118413597345 3914.711685046554 199.670432113111 29.60524613410234 3923.352560862899 98.48489098250866 124.5086132958531 446.1679616048932 17.47101207077503 22.5853599011898 0.3671435713768005 0.8915692865848541 0.4838076233863831 0 6.067078128457069 0.1944590210914612 0.3956105411052704 1.595064267516136 3.307984977960587 2.211049288511276 0.1156526580452919 0.8665431886911392 0 0 5330.010488539934 86.49448952823877 59.95648234337568 1.045238524675369 1.376380935311317 5.965249821543694 58.01344832777977 5.660227194428444 9.775326430797577 1.615948900580406 20.70360703766346 3.182620003819466 2.242650099098682 7.80160715430975 0.4949671775102615 10.76608710736036 72.41215769946575 5.019886627793312 0.4474137425422668 5.260047860443592 5.123369954526424 0 0.5506770312786102 0.6939603909850121 6.932219751179218 14.2728647813201 32.58727215230465 1086.596579246223 17.92569219321012 26.12175887823105 76.67512189596891 109.257998265326 7.557529002428055 346.7358797118068 7.815029978752136 4.354494631290436 6.140434093773365 4.941837251186371 7.09119475632906 18.12869442999363 111.7119422256947 65.40471245348454 0 118.0840015262365 162.1235834658146 43.46239905804396 56.43959409743547 16.41116953641176 1282.105612106621 1957.935055099428 245.7890849485993 1944.841277040541 6.432169623672962 0.2961861714720726 3.38691969960928 8.258302100002766 7.981619209051132 0 2.691801756620407 0.1745221018791199 2.184204839169979 0.6645212098956108 3.860189527273178 1.079718336462975 3.009656086564064 72.78512726724148 10.52683773636818 0 3.640559285879135 717.9516489654779 1.452905654907227 3.217448830604553 14.99482135474682 5.029669314622879 4.378047794103622 61.20874856412411 3.556791752576828 37.95454908907413 11.67477129399776 19.65286001563072 9.694386899471283 69.61343733966351 48.68027280271053 39.78031487762928 69.87535950541496 0.318562775850296 1.596499800682068 0 0 0 0 0.2149012535810471 0 0.2062896341085434 0.9857810735702515 0 0 0 0 0 0.200818657875061 0 0 0 10.25359477102757 0 0 0.3530516922473907 0 35.59269346296787 4.600428938865662 35.46131777763367 1.548540949821472 0 0.3350815773010254 0.1684817522764206 0 0.4050589799880981 0 0 0.3769950419664383 3.476608753204346 21.71653486788273 0.352895200252533 0 0.6663215160369873 0 0.6453968435525894 0.4739064574241638 0.4090990722179413 0.1821791082620621 0.4743635952472687 5.349069684743881 0.8597548007965088 0 0 124.3730629831553 1.075754404067993 0.8683471083641052 1.260713994503021 0.2936349809169769 1.725410342216492 1.687206611037254 0.3098474740982056 0 0 94.12846618890762 10.32589241862297 0 0.1312092840671539 0 31.70192420482635 1.66146220266819 6.080212861299515 3.351463675498962 2.50259530544281 11.64777538180351 0.2585073709487915 3.074653327465057 0.4861306846141815 0 0.08810136467218399 0 0 0 0.4675568640232086 0 13.27856440842152 9.404638394713402 50.10082875192165 108.9724014550447 37.31252288073301 246.784384354949 66.1075447127223 318.1818235963583 36.53036687523127 1.236092284321785 43.61223002523184 16.59373696148396 0.589497372508049 38.46878997981548 3.1318419277668 47.3597007393837 2.01812407374382 0 5.56429648399353 4.917562410235405 0
1816.574837133288 697.725730329752 18.63635313510895 0 95.32575288414955 843.7421085387468 1062.352968111634 0 9.014941558241844 3553.291066259146 2.538358718156815 895.1281469613314 1856.605875268579 5.533177301287651 0 0 0 0 0 0 0 0 0 0 0 0 0 0 0 0 11.46348752081394 1.476483270525932 0 0 0 0 0 0 0 0 0 0 0 0 0 0 3.599592491984367 0.3439061045646667 0.1278986930847168 0 0.2103323638439178 0 0 0 1.314244940876961 1.42574580013752 12.89961745589972 52.70953737199306 3.391149081289768 2.858283996582031 0 0.1246602684259415 0 2.456017732620239 0.3887543082237244 0.2940885201096535 0.361290380358696 0 0 0 0 3.167622864246368 0 15.74049517512321 9.196296684443951 4.889200508594513 1.650951325893402 0 0 0.1627629846334457 0 0.2646373882889748 0.5123311430215836 0.1316550970077515 0 0.3594540283083916 0.1197377145290375 0 0.4883212745189667 0 0 0 0 0 0.1692545264959335 137.4930862486362 0 0 0 135.2420294433832 1.26324462890625 1.425415098667145 4.493048518896103 2.717607572674751 0.6881696581840515 49.61455182731152 5.14282613992691 17.39668874442577 183.053431481123 16.17700152099133 1.656569421291351 35.18928715586662 13.30156676471233 17.4991040378809 2.547947287559509 0 0 0 0 0 0 0 0 0 0 0 0 0 0 0 0 0 0 0 2.288291335105896 0 0 0 0 1.101819455623627 0 1.215054214000702 0 0 0 0 0 0 0 0 0 0 4.615416049957275 0 0 0 0 0 0 0 0.1685793846845627 0 0 0 0 0 4.528083860874176 0.6214956641197205 0 0 0 0 0 0 0 0 2.90716914832592 0 0 0 0 1.0488261282444 0 0 1.754066124558449 0 1.095198422670364 0 0 0 0 0 0 0 0 0 0 2.440190106630325 0 2.244460001587868 18.69965776801109 2.253293104469776 31.02453365176916 4.197158552706242 570.6323437690735 7.276936002075672 0.1462367177009583 1.570817247033119 1.818629711866379 0.1048675999045372 2.314962893724442 0.7020672559738159 17.68898636102676 0 0 0.6899096369743347 0 0
3438.008705146611 7214.077918492258 1432.826914861798 95.32575288414955 0 151.8882255479693 1733.750799328089 365.3788809254766 6436.99896119535 622.0661733597517 1644.453406609595 595.6114402785897 850.6684482619166 778.4509228989482 57.88472975045443 20.63891518861055 0.6251228898763657 0.2714304476976395 0 0.1287028044462204 0.195467010140419 0 0 0.1505527198314667 0.3598058819770813 0.3645716905593872 0 0.2912244349718094 0.2975744009017944 0 432.6658423617482 15.7985420152545 10.00500544905663 0 0 0.6576716303825378 16.38515903800726 0.80820532143116 3.736018680036068 0.4016790688037872 0.3369615972042084 1.020661741495132 0.7428915351629257 4.678955242037773 0.9288545101881027 1.02352949231863 268.9086798578501 7.364107064902782 0.6359198242425919 0.2910723388195038 5.979461893439293 0.9982694983482361 0 0.497102402150631 16.89661406725645 26.35528974235058 38.10582575947046 380.0836179107428 29.82347373664379 101.9907316341996 2.223426036536694 2.87715856730938 0 117.3803122639656 27.00288425385952 15.806764960289 14.61336391419172 2.610318154096603 1.224419996142387 2.268472827970982 53.32767403870821 59.06773678958416 0 227.7882039546967 171.8050939887762 162.4658872708678 154.1671705171466 17.34581804275513 12.65860388427973 78.14354043453932 5.540195904672146 6.321186095476151 16.5111743286252 1.89440131932497 6.717407286167145 30.85059076547623 2.911403976380825 0.2410878762602806 9.112624377012253 0.8917158991098404 6.319680325686932 2.339857921004295 0 0.8053185865283012 5.270937159657478 486.2351997941732 2.537587597966194 0 1.700548261404037 158.3786222860217 8.767838105559349 10.23211921751499 52.10529373586178 20.18945096433163 22.74269177019596 409.5195146054029 27.35273814201355 252.083798289299 101.3661456257105 165.7050196528435 27.74019713699818 595.2269826084375 215.1422612071037 278.684325248003 111.2997391819954 0.7144167423248291 1.530439615249634 0.2230266332626343 0.2344640791416168 0 0 0 0 0.1535842567682266 0 0 0 0 0 0 0 0 0 0 32.9588778167963 1.787619054317474 0 0 0 53.13792178034782 3.146633803844452 36.88816820085049 2.513283982872963 0 0 0.6739777028560638 0 0 0 0.7270601391792297 0 3.079604506492615 46.87486153841019 0.9444893002510071 0 0 0.34805628657341 0 0 0 0.2718292027711868 2.647583201527596 8.424301430583 0 0.4765087366104126 0 125.3181507587433 0.9600316435098648 2.788268595933914 1.979867868125439 1.198559865355492 0.8221207559108734 0 0.8692235797643661 0.4886957406997681 0 165.4661056399345 2.245605811476707 0 0 0.6316589340567589 42.32866662740707 0.4472569823265076 8.581622391939163 7.127110868692398 4.698590651154518 11.72976787388325 5.110336661338806 3.699914500117302 0.7976127490401268 0 0.1382707506418228 0 0.562140129506588 1.088163167238235 0.2574885785579681 0.3502205908298492 96.17141915857792 18.37325179576874 34.38573375344276 531.7757206782699 159.8871927261353 935.7452247142792 330.1704657077789 607.58371412009 131.4590800628066 19.55058914422989 190.9028376415372 31.27041682600975 3.437448918819427 77.29425865411758 3.012453943490982 73.42445796728134 5.594240754842758 3.104744628071785 11.48616163432598 10.88956129550934 1.01582045853138
727.8304802328348 711.5921620130539 95.36972409486771 843.7421085387468 151.8882255479693 0 427.2311206609011 2.020989269018173 45.44060629606247 1785.836639195681 29.19061496853828 279.8643038719893 492.0884474515915 64.91279698908329 1.120901301503181 0.3847747296094894 0 0 0 0 0 0.4758151471614838 0 0 0 0 0 0 0 0 79.91627211868763 2.236426249146461 1.348908871412277 0 0 0.314144104719162 9.483618125319481 0 2.571095168590546 0 0.1767211407423019 0.1369208693504333 0.3579456508159637 0 0 0.3105766773223877 7.560008272528648 0.5352080911397934 0 0 0.5764258652925491 3.181282117962837 0.2414912134408951 0 2.222199380397797 2.85623487085104 207.720724105835 244.5853023082018 21.70430897176266 7.804863177239895 0.7050588726997375 0.8587952852249146 0 10.45041027665138 2.438989005982876 0.7417543679475784 0.6810789778828621 0.7571362182497978 0.1238923445343971 0 80.79949334263802 116.2901692092419 4.605028375983238 28.52519074082375 29.32208081334829 6.078663915395737 2.807282492518425 0.3006372004747391 0.7759994119405746 6.228923469781876 0.3176791220903397 0.9186615645885468 2.398166298866272 0.6672177240252495 0.6749393343925476 2.548662506043911 0.5182163193821907 2.989598974585533 1.280166320502758 5.204280659556389 0.8983080834150314 2.639779053628445 0 0 0 796.2563493698835 105.0437007248402 5.253718733787537 6.574918925762177 638.4755475819111 0 0.2107957601547241 0 0 0 7.645552203059196 1.065234363079071 2.427701726555824 20.37306433916092 1.769141107797623 0 8.579497545957565 2.687413588166237 4.020993188023567 0.5048189163208008 0 0 0 0 0 0 0 0 0 0 0 0 0 0 0 0 0 0 0 0.3477499783039093 0 0 0 0.6556795239448547 2.843062579631805 0.9920487403869629 3.244056880474091 1.132357507944107 0 0 0 0 0 0 0 0 0 1.515636563301086 0 0 0 0 0 0 0 0 0 0.7551988959312439 0 0 0 3.727819755673409 0.2760928571224213 0 0 0 0 0 0 0 0 1.461451783776283 2.534217894077301 0 0 0 0.371272087097168 0 0.2859955430030823 0 0 0 0.2433706670999527 0 0 0 0 0 0 0 0 0 0.8075171709060669 0.1950269490480423 7.161143451929092 20.05605617165565 4.686531230807304 50.8208085373044 5.62696373462677 389.8054800778627 17.93935325741768 0 7.161409482359886 5.512316659092903 0 1.331214636564255 2.369461134076118 3.518947124481201 0 0 1.485621422529221 0 0
1105.936675839126 5705.367371872067 65.32118413597345 1062.352968111634 1733.750799328089 427.2311206609011 0 25.45863874256611 1773.249365597963 2457.313411563635 96.06014556437731 795.7544503062963 8117.971640273929 691.6058508232236 25.32157688587904 9.938521161675453 1.350365027785301 0.1678875833749771 0 0.1463885605335236 0.2925644218921661 0 0 0 0 0.1829353272914886 0.1684293150901794 0 0.6083717197179794 0 56.56038736552 5.048384629189968 7.460918709635735 0 0 0 5.890581294894218 0.5051074028015137 2.521466113626957 0.4415859580039978 0.3468065857887268 0.6410826742649078 0.4615424573421478 2.695348560810089 0.220713809132576 1.246765933930874 142.1972776278853 2.615782886743546 0 1.185065031051636 3.389478348195553 0.8006967604160309 0 0.4109690636396408 8.855036914348602 13.58255975693464 26.61825548112392 153.6621966063976 19.30983003228903 47.01320330798626 1.277398556470871 0.7479987069964409 0 44.24618592858315 11.28837393969297 5.285599939525127 6.217596516013145 2.345871686935425 0.4536712020635605 0.4342480003833771 16.74470368027687 26.46539269387722 0 120.9541816860437 83.29357590526342 68.59462497383356 75.20960614085197 8.685003645718098 3.144286647439003 15.2240053191781 1.888404183089733 4.717434801161289 7.670209228992462 1.547043681144714 3.046188019216061 16.51993668824434 2.327432967722416 0 2.901052422821522 0.1166164949536324 3.973744563758373 1.650889463722706 0 0.4954875707626343 2.582481719553471 899.2524372339249 1.09696426987648 0 1.106446549296379 85.78056232631207 8.629657179117203 23.24116925895214 62.38319496810436 18.35631945729256 13.89678934216499 447.4283633232117 45.92842426896095 207.1218328773975 125.4931576400995 235.2023105174303 16.12836199998856 556.4536572545767 192.3856063783169 229.1014195680618 67.53439131379128 0 1.343792408704758 0.3487634658813477 0 0 0 0 0 0 0.2270547300577164 0 0 0 0 0 0 0 0.5750047564506531 0 22.4629030674696 1.903401523828506 0 0.5366315245628357 0 37.06121258437634 1.262338936328888 30.44370131194592 1.521351590752602 0 0 0.6899041533470154 0 0.4253604412078857 0 0 0 5.68276184797287 29.83180171251297 0.6214053630828857 0 0 0 0 0 0.8515378534793854 0.2907978370785713 0.6923577636480331 9.941384628415108 0.2777870297431946 0 0 72.86304096877575 2.026849329471588 0.5827518701553345 0.9079160392284393 0.2680957615375519 0.6372521966695786 0.3887901455163956 0.1157913058996201 0.1633875817060471 0 108.0666752308607 0.3469160497188568 0 0.2245999872684479 0.3027749359607697 27.42783872783184 0.3616773188114166 7.280943140387535 6.014367088675499 2.154062554240227 13.44854901731014 3.522902458906174 0.5724634826183319 0.3711055070161819 0 0 0 0.4457633122801781 0.4176092743873596 0.1971794366836548 0.6678061485290527 100.4904705137014 8.614536672830582 20.55596315860748 311.9371138215065 82.33934760838747 579.343329615891 185.9648203998804 847.2379996329546 78.60087870806456 7.038589425384998 114.9301304891706 25.3354834318161 2.787082880735397 47.58677360415459 2.339602261781693 87.10490345954895 5.621187478303909 1.631773710250854 9.951747998595238 4.562301322817802 1.606810092926025
77.43620431423187 136.5546951889992 3914.711685046554 0 365.3788809254766 2.020989269018173 25.45863874256611 0 532.6748616993427 3.320609793066978 3303.845278762281 14.99923230707645 37.24910908937454 591.4493356198072 56.84782738983631 45.04981005191803 0.7310000061988831 0 0.1414949744939804 0.6765278279781342 7.997953072190285 0 0.1587449461221695 0.486546128988266 1.508081674575806 1.367627166211605 0 0.9698918163776398 0 0 321.5604591444135 719.0650520771742 35.45079068094492 0.2765896320343018 0 1.691120490431786 9.868874981999397 1.559881120920181 1.435424104332924 0.6245904713869095 14.33348776400089 4.178881339728832 5.008502669632435 21.78144353628159 1.052354261279106 14.27032627165318 198.4471121951938 2.974013775587082 0.4954411089420319 4.334136918187141 5.810081422328949 0 0 0.4687159359455109 2.630088150501251 5.612148232758045 10.36899765580893 94.80530516058207 9.825430445373058 36.66528747230768 120.6772777065635 29.13282541930676 8.416201815009117 79.9973955899477 4.153328448534012 4.72464244812727 3.323130689561367 3.301708102226257 7.615577839314938 21.83863173425198 18.17628619074821 16.89214409887791 0 74.0608170107007 71.24887552112341 85.81405658274889 144.7339868843555 134.0202879905701 2662.742374561727 1828.290281035006 1069.369899995625 1207.530677415431 3.027887314558029 0.6874488294124603 2.453276485204697 7.17020208388567 6.782038055360317 0 2.093346945941448 0.1317896097898483 2.147356808185577 1.289373770356178 3.939337342977524 1.540551193058491 2.687879025936127 27.58016377687454 0 0 0.268528163433075 35.49709521234035 1.646277844905853 0.555840328335762 4.783951550722122 2.101207688450813 1.393428295850754 18.8168878108263 0 13.99348415434361 1.532652705907822 5.961118310689926 0.8140767812728882 28.67460863292217 13.37895481288433 16.94683940708637 9.116621732711792 0 0 0 0 0 0 0 0 0 0 0 0 0 0 0 0 0 0 0 0.7265657782554626 0.218077763915062 0 0 0 9.345339700579643 0 4.641421258449554 0 0 0 0 0 0 0 0.3471257984638214 0 1.058949589729309 2.233855545520782 0 0.1557355970144272 0 0 0 0.6598150134086609 0 0.1144227311015129 0 1.478669553995132 0 0 0 19.04055215418339 0 0.3599458634853363 0.1896623224020004 0 1.356722801923752 0 0.1406336277723312 0 0 13.5704989284277 0 0 0.2320729047060013 0.2138802856206894 1.812081024050713 0 2.447536706924438 0 0 2.37400484085083 1.092104911804199 1.343212395906448 0.3067550361156464 0.1477673500776291 0.2085464149713516 0 0.173342153429985 0.1447411477565765 0 0 1.948675096035004 0.6382342576980591 5.183057501912117 333.5292944312096 63.09010986983776 529.0164829865098 145.3424415066838 93.41368549317122 42.47889737784863 3.590577654540539 144.187929905951 8.412345722317696 0.1716841757297516 10.20067697763443 0.688262403011322 6.066154152154922 0 0 1.719710603356361 3.058342471718788 0
53.32396171987057 904.5489194989204 199.670432113111 9.014941558241844 6436.99896119535 45.44060629606247 1773.249365597963 532.6748616993427 0 192.6918295770884 4940.281532250345 169.5547455623746 677.9989730715752 1071.122222580016 39.29686521738768 36.27913458645344 0.3306177258491516 0.1863363534212112 0 0 0.1610812544822693 0 0 0.2925128936767578 0.3133786916732788 0.8140363991260529 0.1393728703260422 0.9549048244953156 1.019788205623627 0 37.0086972117424 11.90432642400265 30.01601127535105 0.1285138726234436 0 0.9164852499961853 32.28921519964933 0.4166582375764847 6.051718346774578 0.4533944576978683 0.2342458814382553 1.168184012174606 0.3337531387805939 7.860180482268333 0.1281240731477737 1.267807155847549 104.8523527905345 1.088683374226093 0 0.4340833202004433 2.596356153488159 0.2628835514187813 0.1809269487857819 0.4636578261852264 2.736645519733429 4.189112573862076 9.493170686066151 37.4779462441802 7.867293328046799 20.28100202977657 1.147548116743565 3.622668728232384 0.2558647245168686 25.84814251959324 5.213686749339104 3.942617036402225 4.867856875061989 2.502880744636059 0.9140346795320511 0.3039072006940842 44.8841834962368 56.1665948331356 0 40.40668700635433 26.35135801136494 49.20969740301371 76.20763437449932 31.49582786858082 6.147254541516304 82.74162185937166 3.181331232190132 8.016298063099384 1.984728112816811 0.290466696023941 1.236934661865234 6.415123514831066 2.062527865171432 0 2.73304259032011 0 2.413208976387978 1.164168462157249 0.2041952908039093 1.130441896617413 4.513942919671535 581.0455247163773 3.856543779373169 0 1.781090691685677 19.89962615817785 9.65735125541687 9.319433987140656 54.38494616746902 15.35834071040154 15.78578500449657 389.147436439991 18.72868436574936 225.9956987202168 82.68085971474648 162.5154723972082 31.00256378948689 648.9672774970531 210.9065393954515 304.6398014426231 96.66957356035709 0.6094405949115753 1.546683788299561 0.8985162079334259 0 0 0 0.2062156051397324 0 0 0 0 0 0.2090483009815216 0.3688653707504272 0 0 0 0 0 33.7958839982748 0.8794729560613632 0 0.3885743468999863 0.4755511283874512 43.12760019302368 1.149535149335861 24.77694068849087 2.059006094932556 0 0 1.472252190113068 0.1788346618413925 0 0 0 0 7.286808609962463 30.71925491094589 0.8077122271060944 0.6438229084014893 0 0 0.2307945936918259 0.2447193413972855 0 0.6039918661117554 0.5187711864709854 8.171353399753571 0 0 0 106.0445513427258 3.689449146389961 0 2.132345020771027 1.424571111798286 0.9416566491127014 0 0.8904478549957275 0.1992661207914352 1.043454080820084 181.1920794844627 4.021149724721909 0 0 0.9529319927096367 30.21962952613831 0.2009347677230835 6.710830390453339 5.136213749647141 6.197440266609192 15.00575610995293 4.48822283744812 1.304853655397892 2.718299075961113 0 0.1443003863096237 0 0.1316668838262558 0.2444085329771042 1.253636091947556 0.8879554718732834 141.1933217048645 18.650604814291 32.6865049302578 423.6973704993725 87.53200447559357 322.2219753488898 141.4226438030601 127.1457787305117 49.45886684954166 3.330512791872025 179.4450602531433 19.60333717614412 2.934927307069302 56.0177166312933 4.302290007472038 36.88965174555779 9.438347831368446 3.690147429704666 8.810276672244072 8.875375300645828 0.3788298368453979
2698.084566637874 774.6688847318292 29.60524613410234 3553.291066259146 622.0661733597517 1785.836639195681 2457.313411563635 3.320609793066978 192.6918295770884 0 31.52251921594143 2450.232089221478 7679.891361683607 169.4398815184832 1.631661236286163 0.346605658531189 0 0 0 0 0 0 0 0 0 0 0 0 0 0 15.7205116301775 0.4627023637294769 0 0 0 0 9.173649966716766 0 0.5503617376089096 0 0 0 0 0.1506255269050598 0.3123272359371185 0 12.99156001955271 0.1348093003034592 0 0 0.1684430837631226 0.6398332715034485 0 0 0.7291077449917793 1.709715247154236 28.09444036334753 74.99984809756279 4.161108583211899 3.771532624959946 0 0 0 4.440442517399788 1.422083348035812 0.420020267367363 0.4037825018167496 0 0 0.7910121530294418 5.459544837474823 34.12247356772423 0 19.82680691033602 16.0084068775177 4.984218567609787 2.986464589834213 0 0 6.729373782873154 0.1345671564340591 0.5270402729511261 0.8636031001806259 0 0.1194854378700256 0.8081981241703033 0.3502684682607651 0 0.3067826479673386 0 0.1012995392084122 0 0 0 0.399032935500145 1204.402447760105 7.093922734260559 0 0.4254891127347946 301.947146371007 8.213723853230476 22.89506039023399 54.09089571237564 20.67215910553932 9.323824048042297 407.7141933143139 55.10993754863739 160.0426763147116 132.2585129737854 271.1548049151897 12.99745197594166 503.9123013615608 129.6355216503143 199.7957754284143 24.56068900227547 0.3035052716732025 0 0 0 0 0 0 0 0 0 0 0 0 0 0 0 0 0 0 25.59556399285793 0.4071664661169052 0 0 0 22.97402335703373 0.4587803781032562 11.54577645659447 1.800695836544037 0 0 0 0 0 0 0 0 1.719340801239014 20.13015922904015 0 0 0 0 0 0 0.35103639960289 0 0.2192593514919281 6.013077303767204 0.483068436384201 0 0 43.17258583009243 0.3429024517536163 0 1.304212898015976 0.2641201987862587 0.2778748869895935 0 0 0 0 40.29574237763882 0 0 0 0 14.78413808345795 0.3847147226333618 3.981165543198586 2.440831907093525 0.9828042685985565 5.557693406939507 0.5663678646087646 0.8625157177448273 1.087301932275295 0 0 0 0 0 0 0 94.44326724112034 6.702400773763657 10.47697073221207 55.26563264429569 5.641777068376541 75.49730203300714 10.37276878207922 1074.306918017566 13.16466709971428 3.672836378216743 14.80147548019886 20.54231089353561 0 29.69235309958458 1.466591596603394 92.58098261803389 2.332222297787666 0 3.759569585323334 0 0
684.798628591001 1129.14944884181 3923.352560862899 2.538358718156815 1644.453406609595 29.19061496853828 96.06014556437731 3303.845278762281 4940.281532250345 31.52251921594143 0 105.6081936955452 622.5896096900105 3813.277746319771 120.6005650907755 181.3156308308244 9.227796606719494 0.8184047937393188 0.1665226072072983 1.622206062078476 2.672917053103447 0.2955336272716522 0 0.6655487716197968 7.656782619655132 2.381385013461113 0 1.748463816940784 0.2119615972042084 0.1884003281593323 537.5810225978494 186.8334775492549 893.5818099454045 0 1.592588156461716 22.3027418255806 419.654475748539 44.58780139684677 78.02107039839029 29.2096108943224 14.96220982819796 2.342637501657009 1.651601195335388 53.2709117680788 2.551540344953537 11.07150324434042 331.2076422050595 5.187586463987827 1.690314918756485 5.391136571764946 13.96440459787846 1.637924581766129 1.076285392045975 2.962256103754044 8.307231903076172 16.62613567709923 23.5614176094532 262.4643389508128 17.91974050551653 76.1828818321228 12.1535257846117 178.0533248707652 9.796569354832172 129.3386058658361 12.9113651663065 9.895439513027668 13.66928116977215 5.834626145660877 4.214783892035484 9.973440110683441 105.9841720834374 104.0381903797388 0 144.8297008946538 128.817973293364 156.6873153820634 290.729725420475 133.9718396961689 421.1639022454619 1661.070096455514 41.29743153601885 460.8382676541805 11.14712948352098 1.39641322940588 5.672949776053429 21.43538553267717 7.119493365287781 0.5511941015720367 7.576791442930698 0.2106373012065887 7.137890502810478 4.115743212401867 4.785363137722015 6.686790101230145 8.21599355340004 250.5315556377172 13.58670622110367 0.466566190123558 9.801127478480339 99.90970545262098 4.305588588118553 2.90569019317627 18.7956135571003 3.119683504104614 9.748807683587074 157.7600421756506 7.636431723833084 77.36564302444458 23.63442772626877 32.29377692937851 11.48734194040298 189.0440579801798 67.62449656426907 110.4436642974615 65.85570758581161 0.5609421133995056 0.4816505610942841 0 0 0 0 0.1657722890377045 0 0 0.5850584805011749 1.726263925433159 0 0 0.3183251917362213 0.3234485983848572 0.280163586139679 0 0.217296227812767 0 16.72130708396435 1.165542006492615 0 1.303665429353714 1.299128338694572 46.0479404181242 2.529928505420685 30.88650121539831 3.102198079228401 0.5155435353517532 0.4039968550205231 1.110486716032028 0 0 0 0.7669313997030258 0 1.517413139343262 19.26086772978306 0.7215370237827301 1.578786283731461 0.6255789250135422 0.3011174649000168 0.377686619758606 0 0 0.8519518673419952 1.195112317800522 6.871606603264809 0 0 0.5202492475509644 91.6782524138689 3.398685574531555 0 0.7030639722943306 0.1989258080720901 0 0.1052191406488419 0.4235402941703796 0.1821216493844986 0.9885456264019012 98.69352322816849 4.551130503416061 0 0 0.7644912153482437 22.0600948035717 0.5565629601478577 3.608253553509712 4.234383136034012 1.593663036823273 8.943577200174332 3.387488573789597 4.829543232917786 0.1176508441567421 0 0 0 0.3340104669332504 0.12665656208992 0.4062261581420898 0.3096013069152832 28.79165683686733 19.00885669887066 40.96888990700245 898.5479024201632 192.7962794452906 865.4564830586314 328.1393864229321 209.5956230163574 97.50341546535492 10.04992759227753 398.8265817314386 23.85843375325203 1.101545318961143 48.44610262662172 4.675878271460533 24.46177025139332 2.560056984424591 0 7.319290786981583 15.91945713758469 1.246305093169212
103.5511452108622 230.6296807974577 98.48489098250866 895.1281469613314 595.6114402785897 279.8643038719893 795.7544503062963 14.99923230707645 169.5547455623746 2450.232089221478 105.6081936955452 0 4175.346643060446 359.812594935298 8.90117709338665 19.24032299220562 1.450271651148796 0.2085450440645218 0 0 0 1.778505325317383 0 0 0.7324527502059937 0 0 0 0 0 42.2258558422327 16.68246379494667 29.53387303650379 0 0 0.6513441503047943 139.8212303072214 0.9139399528503418 58.05978637933731 0.5425408035516739 1.166357100009918 0 1.152281105518341 3.104015581309795 0.5469581186771393 0.9438779056072235 22.19189071655273 0.2990607619285583 0 0 0.3655655160546303 1.023469462990761 10.89645418524742 0.1284035295248032 0.5598335266113281 0.9444839879870415 6.436553321778774 18.54884152114391 2.827021189033985 1.160929083824158 3.522631868720055 7.29106730222702 0 7.295598015189171 0.1070098653435707 0.9907788783311844 0.4267291948199272 0.1209444403648376 0 1.345359414815903 179.8078303784132 335.8516200631857 0.1838401257991791 10.18984771519899 8.565326482057571 7.704490050673485 9.52151158452034 6.907390937209129 0.5860149264335632 63.52265009284019 3.026892304420471 7.49771936237812 0.9354994297027588 0 0 0.605534054338932 0 0.3868826329708099 0.6417345851659775 0.9229606837034225 0 0.8956176266074181 0 2.441023945808411 1.14704991877079 3274.597584277391 114.533641576767 0.9410509765148163 69.55077987909317 41.86706683039665 7.40573525428772 4.662284359335899 25.78051693737507 8.986783072352409 3.750534787774086 265.9326877743006 13.32027904689312 128.8489286452532 62.5720095038414 134.3062905073166 17.75477220118046 398.2842490524054 153.8946308195591 247.1244560778141 78.26877498626709 1.006272956728935 1.817084640264511 0 0.3658241778612137 0 0 0 0 0 0 0.2811276912689209 0 0.1386327296495438 0 0 0 0 0 0 23.57055979967117 0.9553406983613968 0 0 0.6870025098323822 54.29073049128056 2.374817624688148 34.62891486287117 5.536272868514061 1.099855720996857 0.2055169939994812 0.7133897244930267 0 0.2799349725246429 0 0 0 4.546197757124901 25.77890153229237 1.089451417326927 0.2103478759527206 0 0.3736189305782318 0.3405635952949524 0 0.328568160533905 0.490180179476738 0.3860298693180084 6.064840659499168 1.002255439758301 0 0 87.73615275323391 1.362267419695854 0.3421433866024017 1.699482589960098 0.8315131068229675 0.2657249122858047 0 0.9875753670930862 0 0 169.2271621376276 9.035021543502808 0 0 0 24.89993685483932 0 3.857395723462105 7.996824145317078 2.307534873485565 6.363831296563148 2.062234088778496 3.64309149980545 1.234740406274796 0 0 0 0.123139776289463 0.5200287103652954 0 0.4095326662063599 113.4958367347717 31.98749355971813 51.51392765343189 188.5194034799933 13.5191512927413 82.12151493132114 24.31535461544991 151.686394944787 9.898237712681293 0 50.4796299636364 18.67423950135708 0 45.8745244666934 2.449496626853943 32.53541864454746 1.482421800494194 0 7.606066554784775 2.940703615546227 0
568.7627471834421 1096.995679281652 124.5086132958531 1856.605875268579 850.6684482619166 492.0884474515915 8117.971640273929 37.24910908937454 677.9989730715752 7679.891361683607 622.5896096900105 4175.346643060446 0 1923.954212151468 54.0578643232584 110.1519097536802 6.948153533041477 1.597238123416901 0 0.9804126620292664 2.708581283688545 1.41880077123642 0 0.3708289563655853 4.052041172981262 0.7976478189229965 0.1441638767719269 0.8065012693405151 0.8220704346895218 0.2586382329463959 84.17293368279934 37.6444239243865 511.5552487671375 0.6472172886133194 0.3257803320884705 14.38038021326065 628.4718067795038 27.9344204813242 584.4011342376471 72.06816740334034 2.142109557986259 4.561447441577911 0.8652546405792236 34.78926049917936 5.39848193526268 16.83868391811848 127.0032923072577 2.658693954348564 0.4688610285520554 1.367614075541496 7.700871102511883 6.489348009228706 46.3066620528698 2.109288930892944 3.599785149097443 5.283573478460312 16.12267204374075 96.06045791506767 8.816721558570862 25.16773624718189 16.21684674918652 43.10876785218716 1.931373909115791 37.29689830541611 5.792814537882805 2.793207928538322 3.698796078562737 2.114934802055359 2.318498879671097 5.18527840077877 444.8507580459118 482.608421087265 1.355070948600769 58.84260848164558 51.18330713361502 46.46991796791553 100.8269979804754 56.88286696374416 6.419318027794361 260.0064041465521 17.52759456634521 35.15460592508316 2.607777766883373 0.8016270101070404 1.52450580149889 6.992560386657715 1.786677911877632 0.9304847717285156 3.603964246809483 1.89911974966526 2.088121965527534 2.408989116549492 1.447686359286308 3.155195787549019 7.909808576107025 5578.342019796371 133.3849718719721 6.61904613673687 175.641006283462 89.0333591401577 14.12936510145664 19.45179687440395 87.31965784728527 27.6934804469347 31.79572448134422 636.8438584655523 49.20653119683266 365.4062966406345 169.1448662430048 364.1041683107615 45.27949178218842 1138.081903323531 399.949468255043 531.8924423009157 170.017198190093 2.255762532353401 0.5285971760749817 0.3551721125841141 2.140219628810883 0.2389252334833145 0 0 0.5671419203281403 1.277866750955582 0 0.6512492001056671 0.4708302170038223 0.9217849224805832 0.2790248692035675 1.379085540771484 0.451386570930481 0.8590348660945892 0 0.3812310695648193 43.43574972450733 1.186042949557304 0 1.063106149435043 2.136506095528603 123.9312541037798 7.590946473181248 77.59765166789293 13.60719677805901 5.065532878041267 0 1.368379428982735 0.6080547720193863 0.9957239627838135 0.5285857319831848 0.6933072805404663 0.8434282392263412 7.001916036009789 55.03681216388941 1.021615296602249 0.9064942300319672 0.6993359625339508 0.3599734157323837 0.5657381117343903 0.5632414221763611 0 1.519662506878376 1.976623997092247 10.66889381408691 0 0.6099087744951248 0.3565210849046707 180.0786076933146 5.009856313467026 1.656102120876312 2.78604120016098 1.828625932335854 1.308630764484406 0.3700376749038696 0.8127195835113525 0 1.404120549559593 383.0778588354588 19.7841572612524 0 0 0.8480281829833984 57.81997790932655 0 10.70618499815464 11.90113620460033 7.802759528160095 23.62203340232372 8.662697583436966 6.407600432634354 0.5378400385379791 0 0.9387549757957458 0 0.4072750061750412 0.2112511843442917 0.7654075026512146 0 346.7948987036943 58.24992309510708 113.292437531054 764.2049859836698 104.0765603631735 463.5587779432535 158.7556614205241 514.3411875143647 39.62033693492413 3.507880538702011 268.4871534630656 45.36112447828054 0.869177408516407 86.49973487108946 6.884952567517757 81.44435507059097 5.389716312289238 2.10082596540451 17.64527198672295 14.40744371712208 0.3504328727722168
