0 4786.008215010166 1278.670078933239 2372.928193092346 1202.264313861728 205.2666201293468 1855.992896541953 140.1800576895475 495.0733151808381 1102.607282921672 645.2912952527404 36.45160283148289 148.9800737723708 274.5745626538992 3.665353119373322 0.4520218297839165 0.3631978556513786 0 0 0 0.3655927702784538 0 0 0 0 0.123833529651165 0 0 0 0 345.7692443579435 23.57800776511431 8.003095626831055 0 0 0.1368785947561264 3.709761805832386 0 0.6683444082736969 0.2813666760921478 1.411135300993919 0 0.1917794793844223 0 0 0 28.10953076928854 0.7630911841988564 0 0.5105123519897461 0.3052762001752853 1.017932236194611 0 0 8.014183059334755 11.15465837717056 673.4990501105785 364.708427131176 95.01264211535454 20.68550958484411 0.1461054086685181 2.491954915225506 0 17.03870507329702 7.42842622846365 2.821699887514114 1.053756766021252 0.6014560982584953 0.4410570338368416 0.7238471508026123 15.99149593710899 7.231145925819874 0.3457015305757523 176.4347693473101 10.0195594355464 44.63154357671738 0.8325908929109573 0.8355227559804916 2.176392987370491 51.83945512771606 0 8.699702724814415 8.63826909661293 0.4025150388479233 0.5494753643870354 3.268623910844326 0.5961141064763069 0 0.3476589769124985 0.3030508160591125 0.2144121527671814 0.5078454911708832 0.96308983117342 0 0.2445375397801399 113.0207566618919 6.210227638483047 0 1.025746539235115 991.8954226076603 0 0 0 0 0.3483733683824539 41.95801712572575 0 0 0 0 0 0 0.8853868246078491 1.36774317920208 0 0 0 0 0 0 0 0 0 0 0 0 0 0 0 0 0 0 0 0 0 0.5409915968775749 0 0 0 1.302583679556847 0 0.7268507331609726 1.208149433135986 0.3527257293462753 0 0 0 0 0 0 0 0 0.163311094045639 0 0 0 0 0 0 0 0 0 0.1305401623249054 0 0 0 0.1189648360013962 0 0 0 0 0 0 0 0 0 2.595141276717186 0.386163204908371 0 0 0 0.1086602285504341 0 0 0 0 0.1274065524339676 0 0 0 0 0 0 0 0 0 0 1.276531100273132 0.539861187338829 1.069337524473667 17.02485125511885 5.215422071516514 83.43416951596737 31.60524191707373 384.5734129175544 8.075037777423859 1.617215290665627 7.498264774680138 0.459743395447731 0 0.618255615234375 0 0.1947214901447296 0 0 0.6131085008382797 0.5380975529551506 0
4786.008215010166 0 1910.397827044129 427.4401602894068 4104.080143228173 431.0167603641748 4072.060956455767 122.6677887588739 1596.861061230302 333.5783199071884 900.8543904870749 6.142588242888451 199.3518568649888 270.7031341195107 9.020765945315361 0.1310257762670517 0 0.1124755218625069 0 0.6205223798751831 0.2498312145471573 0 0 0 0 0 0 0.4427897930145264 0.6084507703781128 0 1030.38310188055 2.443849615752697 0.7583123594522476 0 0 0 0.33596570789814 0 0 0 0 0 0 0.1585348695516586 0.2583751082420349 0 169.845957159996 5.272888228297234 0 0.1349316239356995 1.445379443466663 0.4258309602737427 0 0.6010484546422958 18.28910349309444 29.45602133870125 252.29564486444 204.2638324126601 69.64123587310314 68.39154156297445 0 0.3459205627441406 0 25.5665735155344 16.4686718210578 9.727914154529572 2.022201344370842 1.857861563563347 0.3776871562004089 0.1373119205236435 0.8534581065177917 0.1385534703731537 0 311.8948573842645 68.39179205149412 150.3423086628318 4.389225676655769 1.164984613656998 0.4776395410299301 9.779555410146713 0.8447401747107506 2.196937680244446 23.38721350580454 0.2279608324170113 3.668568573892117 12.75767519325018 0.9212992191314697 0.6433789283037186 0.6292664259672165 0 0.09887522459030151 0 0 0.7594520747661591 0 9.84143602848053 0.1383087188005447 0 0 373.6765707060695 0.4963597059249878 0 0 0 0 64.32542358338833 0 0 0 0.1867858022451401 0 0 1.424689114093781 0 0.5375264585018158 0 0 0 0 0 0 0 0 0 0 0 0 0 0 0 0 0 0 0 0 0 0 0 0 0.8068020343780518 0.2700629532337189 0.5909312516450882 0.5826601386070251 0 0 0.442669689655304 0 0 0 0 0 0 0.2338087260723114 0 0 0 0 0 0 0 0 0 0 0 0 0 0.6230134963989258 0 0 0 0 0 0 0 0 0 0.9843449145555496 0 0 0 0 0.5158818960189819 0 0 0 0 0 0 0 0 0.1288581341505051 0 0 0 0 0 0 1.87792444229126 0 0 137.2731626033783 18.29280246049166 397.3209136724472 102.45080409199 283.9905757308006 48.10208644717932 6.307865679264069 43.7584632486105 0.4146474301815033 0 0 0 0.3940606117248535 0 0 0.6922287940979004 0.4580535739660263 0
1278.670078933239 1910.397827044129 0 4.861063957214355 962.3265666812658 7.998286381363869 336.0357526540756 1763.320618666708 1827.98410577327 13.91200368106365 1804.291420467198 10.77933895587921 206.9097321480513 455.6573318243027 12.16722059249878 11.33418521285057 9.303475879132748 0.8934077471494675 0.225466400384903 2.212064489722252 20.44485332071781 0 0.4280694723129272 0.4439302682876587 0 1.403801567852497 0 0.3279331177473068 0.4855533242225647 0 3490.274938099086 198.3417886868119 33.06282027065754 0.9876070916652679 0.1443953961133957 0 6.62346188724041 0.8006792217493057 0.5582745894789696 0 41.79259780794382 3.260533422231674 4.838963977992535 1.839350432157516 1.14717760682106 0.2922852337360382 77.92240258306265 4.453360721468925 0.9858657419681549 10.10864872485399 7.841748371720314 1.126512974500656 0 1.333755739033222 15.02561927586794 27.04643178731203 623.7256381213665 1108.302362918854 89.28342218697071 54.82166990637779 17.43346750736237 63.24020771682262 0.1434299647808075 329.9066711366177 21.12713462114334 12.58872030675411 3.816468931734562 16.31173305958509 15.803511954844 41.49993249028921 16.45523834228516 4.611774936318398 0.1528888642787933 409.7008262202144 139.4743405729532 123.5951962843537 5.329864606261253 2.145267091691494 139.9086674004793 389.3940774351358 6.272399351000786 574.0757156014442 22.69264229387045 1.142948269844055 2.935793474316597 13.42000762373209 9.712116174399853 0.3371537253260612 0.9772149324417114 0.2558478564023972 0.4970374330878258 1.135294191539288 16.45922694355249 1.431815482676029 1.652138836681843 12.64597451686859 0.700655072927475 0 1.099003836512566 1228.862683817744 0.1713804602622986 0 0 0 0.8707589358091354 2.003055766224861 0 0 0 0 0 0 1.58619612455368 4.880864068865776 3.168145328760147 0.132428765296936 0 0 0 0 0 0 0 0 0 0 0 0 0 0 0 0 0 0 0.1695025563240051 0.7700097262859344 0 0 0 4.267656415700912 0 1.876906037330627 1.407164752483368 0.861321896314621 0 0.103231355547905 0 0 0 0 0 0 1.066179618239403 0 0 0 0 0 0.1118871197104454 0 0 0 0.09827128797769547 0 0 0 2.734683871269226 0 0 0 0 0.08802338689565659 0 0 0 0 10.54383479058743 0 0 0 0 0.9931825250387192 0 0.1654279232025146 0 0.1539815962314606 0 0 0 0 0.1155053451657295 0 0 0 0 0 0 1.330168053507805 1.49948962032795 2.977969259023666 59.86111193150282 22.36440672725439 171.7916056141257 51.54321546852589 51.02731636166573 10.00033716112375 5.37923339754343 14.11636056005955 3.17480307072401 0.3017274960875511 2.825088113546371 0.09902527183294296 1.182219557464123 0 0 0 2.487778089940548 0
2372.928193092346 427.4401602894068 4.861063957214355 0 108.0713630616665 1159.652639821172 1789.433108195662 0.330597460269928 41.11938287317753 2062.776884168386 7.460564106702805 33.78130947053432 137.5780394524336 7.581143960356712 1.555313467979431 0 0 0 0 0 0 0 0 0 0 0 0 0 0 0 5.632445260882378 0.1596202254295349 0.5012541711330414 0 0 0 0 0 0.1313453018665314 0 0 0 0 0 0 0 20.65469658374786 0.9057989865541458 0 0 0 0 0 0 1.094651609659195 2.428673401474953 42.60972438752651 34.9816714823246 8.365268409252167 12.06827013194561 0 0.1518659442663193 0 2.668399348855019 2.620431683957577 1.306982912123203 0.4384016841650009 0.3487707450985909 0 0 1.853020966053009 0 0 44.90040803700686 5.596553921699524 15.85069969296455 0 0 0 0.1653624027967453 0.2699778378009796 0 2.33111335337162 0.2821709513664246 0 1.509440623223782 0.4480415880680084 0 0 0 0 0.5346345826983452 0 0 0 58.20002745091915 0.9724817872047424 0 0 212.3855747878551 0 0 0 0 0 47.70727503299713 0 0 0 0 0 0.2090668529272079 0.6689492911100388 0 0 0 0 0 0 0 0 0 0 0 0 0 0 0 0 0 0 0 0 0 0 0.3385590612888336 0 0 0 0 0 0 0 0 0 0 0 0 0 0 0 0 0.1280418932437897 0 0 0 0 0 0 0 0 0 0 0 0 0 0 0 0 0 0 0 0 0 0 0 0 0 0 0 0 0 0 0 0 0 0 0 0 0 0 0 0 0 0 0 0 0 0 0 25.56186838448048 2.516238853335381 45.43755465745926 15.76498648524284 324.0681697428226 8.760979354381561 0 4.565871715545654 0.9655463099479675 0 0 0 0 0 0 0 0 0
1202.264313861728 4104.080143228173 962.3265666812658 108.0713630616665 0 67.71457809209824 3163.3725662902 88.16490615904331 3322.792558118701 211.5301797240973 1630.855064898729 2.858032077550888 285.18074439466 109.8322913944721 15.10681250691414 2.617945700883865 0 0.1838136315345764 0.2547366991639137 0 0 0.8121135532855988 0.3228852152824402 0 0.09177406132221222 0 0.09475918114185333 1.528242021799088 1.10075668990612 0 200.8311344981194 6.701107040047646 0 0 0 0 0 0 0.1029911115765572 0 0.1069126799702644 0.6510338932275772 0.1182824447751045 0.5205170661211014 0.1206258609890938 0 194.0489301607013 4.510631076991558 0.7130051255226135 0.805199608206749 1.543483309447765 0 0 1.120844110846519 11.55407052487135 19.14157074689865 111.5398187786341 141.2828505709767 46.45384023338556 68.83736461400986 0.144916832447052 0.4200306832790375 0 47.99739341437817 15.57583014667034 8.628561779856682 3.245742954313755 1.656270451843739 0.7653377205133438 0.1322621554136276 1.036514341831207 0 0 203.3770774528384 73.69265582412481 143.4651160463691 12.22228728979826 1.847186721861362 0.5902858227491379 0.6482295021414757 0.4941436499357224 0.9720238521695137 20.55215662717819 0.2638320848345757 2.323264487087727 8.173984490334988 2.732509709894657 0.09305569529533386 0.552376851439476 0 0.4129043370485306 0.2888899520039558 0.4829182922840118 0.1220038458704948 2.49033497273922 21.06388096511364 0.1510521024465561 0 0 71.36855426430702 0.2278014272451401 0 0 0 0 4.391181498765945 0 0 0 0.3400714099407196 0 0.3936536908149719 6.048543006181717 3.050154983997345 0 0 0 0 0 0 0 0 0 0 0 0.6229173243045807 0 0 0 0 0 0 0 0 0 0.5364606976509094 0 0 0 0 0 0 0.8860530406236649 0 0 0 0 0 0 0 0 0 0.5186148583889008 0 0 0 0 0 0 0 0 0 0.346008688211441 0 0 0 0 0 0 0 0 0 0 0 0 0 3.360641419887543 0 0 0 0 0.781711757183075 0 0 0 0 0 0 0 0 0 0 0 0 0 0 0 1.760713443160057 0.2112540155649185 0.3488241732120514 208.9802166968584 30.88002271205187 445.256001085043 110.1514960303903 121.4463246315718 72.74514927715063 7.480478018522263 67.75213293731213 0.9538440555334091 0.4671057388186455 0 0 0 0 0 0.5057386159896851 1.856297239661217 0.4267702698707581
205.2666201293468 431.0167603641748 7.998286381363869 1159.652639821172 67.71457809209824 0 421.5581848174334 8.352822855114937 40.08814702928066 1285.811030805111 42.80922894179821 282.8340409398079 308.3301373422146 76.86012315750122 1.970174759626389 0.7139017060399055 0.2681811675429344 0 0 0 0 2.441532775759697 0 0 0 0 0 0 0 0 9.436571970582008 1.53261224925518 31.76531317830086 0 0 0 15.28178170323372 1.199039950966835 5.733588457107544 0.1598509699106216 0 0 0 0 0 0 5.717549607157707 0 0 0.122894711792469 0.4858076125383377 37.26903939247131 0.1173376888036728 0 0.3266881927847862 1.377510003745556 169.50438991189 12.43427031487226 4.145068161189556 1.977378942072392 0 12.07408733665943 0 2.10400927811861 0.5326615199446678 0.07439592480659485 0.2139518111944199 0.1730441153049469 0 0 136.0576986223459 108.0144478529692 6.243253663182259 13.55209942162037 4.627081617712975 2.421173758804798 1.197292946279049 0.3112996369600296 0.4108064770698547 30.98881059885025 0 4.80146262049675 0.5612178593873978 1.6034816801548 0 2.441322736442089 0.2258249819278717 7.754980079829693 6.636618167161942 24.23696799576283 1.355791553854942 11.9280878007412 0 0.5517270117998123 3.259787887334824 632.7861101925373 115.5445602685213 12.3647253960371 21.20760641992092 249.8470753729343 0 0 0 0 0 15.0225101262331 0 0 0 0 0 0 0 0.1194520518183708 0 0 0.2143438458442688 0 0 0 0 0 0 0 0 0 0 0 0 0 0 0 0 0 0 0 0 0 0 0 0 0.257658839225769 0.6342558711767197 0 0 0 0 0 0 0 0 0 0.1466062515974045 0 0 0.3060941994190216 0 0 0 0 0.2141442000865936 0 0 0 0 0 0 0.1587957590818405 0 0 0 0 0 0 0 0 0.456954725086689 0 0 0.5404933094978333 0.3002051115036011 0 0 0 0.1032955944538116 0 0 0 0 0.1969970762729645 0 0 0 0.2857064008712769 0.5209580808877945 0 0 0 0.280589759349823 0.1195609495043755 3.045970007777214 1.449432976543903 10.14500270783901 5.171139270067215 150.6872643828392 1.14549645781517 0.2523097693920135 2.960598587989807 0 0 0.1177167892456055 0 0 0 0 0 0 0
1855.992896541953 4072.060956455767 336.0357526540756 1789.433108195662 3163.3725662902 421.5581848174334 0 66.40417477488518 3101.966471940279 2222.806565970182 613.716177098453 54.02690708637238 4309.922050923109 380.3150817900896 50.18834789097309 10.50478027760983 1.039835140109062 0.2468321397900581 0.5996636748313904 0 0.4168639704585075 0 0 0 0 0.4374612867832184 0.1306922882795334 0.307399570941925 2.692532330751419 0.1102126762270927 115.3034258633852 10.59569688886404 0.7822233140468597 0 0 0 0 0.4455499053001404 0.392061859369278 0.6934333071112633 2.241938844323158 1.750571213662624 0.1326979696750641 1.093281760811806 0 0.1497390866279602 421.1421228647232 10.11702486127615 1.106344595551491 0.3712988793849945 2.519239641726017 0.2735015153884888 0 3.474612340331078 19.64920685440302 39.62872148305178 176.5743761733174 210.7427726536989 86.35359964519739 153.9007462188601 0 0.4084252864122391 0 91.29117354750633 32.59089176356792 16.48259077221155 6.826127052307129 5.122509442269802 0.5751243233680725 1.374191008508205 7.808387368917465 0.6087558269500732 0 351.8290837779641 141.9556228816509 264.2015531510115 35.10005243867636 7.780452065169811 1.745363883674145 3.600445032119751 0.5469153225421906 2.960786879062653 36.48604121059179 1.591466218233109 3.990091688930988 20.17521787434816 5.191641114652157 0 1.090308375656605 0 0.9527131468057632 2.756234414875507 2.490706004202366 0.2516211569309235 1.845867335796356 142.7373105734587 0.199302539229393 0 0.3606721758842468 142.2110992074013 0 0 0 0 1.946951612830162 5.29704275727272 0.3141381144523621 0 0 2.269407570362091 0 1.036038041114807 16.67215304076672 15.99281951785088 9.962826773524284 0 0 0 0 0 0 0 0 0 0 0 0 0 0 0 0 0 0 0 0.6663419306278229 2.24360927939415 0 0 0 3.524215996265411 0 3.128068149089813 0.2227786481380463 0 0 0 0 0 0 0 0 0 0.5600220561027527 0 0 0 0 0 0 0 0 0 0 0 0 0 0 0 0 0 0 0 0 0 0 0.1576224267482758 22.19596572220325 0 0 0 0.2283819317817688 2.768921464681625 0.969942033290863 0 0 0 1.522873446345329 0 0.429575502872467 0 0.3686486184597015 0 0 0 0 0 0 8.349252671003342 1.731246471405029 0.7369024455547333 394.2189081832767 77.25250313431025 821.1524228006601 230.6415569633245 319.6161396801472 160.6684034690261 18.61723628640175 112.0626987665892 3.39654304087162 0.5964005514979362 1.146705761551857 0 1.077730000019073 0.1230040341615677 0 0 5.403522834181786 0.2943462431430817
140.1800576895475 122.6677887588739 1763.320618666708 0.330597460269928 88.16490615904331 8.352822855114937 66.40417477488518 0 684.4591103121638 6.898438945412636 4524.372817195952 38.48262163996696 278.5939543992281 650.3552797362208 35.44185019284487 23.19795722514391 14.59448598325253 2.314286731183529 0.1617267727851868 2.195736944675446 30.82203359901905 0.5843898952007294 1.446839898824692 1.125084862112999 0.2265672087669373 3.662097170948982 0.1675912439823151 0.2977391481399536 0.5541087538003922 0 1729.524250082672 3194.685599736869 103.0639631897211 1.931250676512718 0 0.9087060838937759 37.99991658329964 4.06816565990448 4.985938563942909 2.480018436908722 71.46174225956202 13.23151761293411 5.547016702592373 4.929403498768806 1.331622488796711 2.087630026042461 95.60463897138834 1.773773036897182 0.9105473607778549 10.43799255043268 8.653742551803589 2.511382907629013 0.2893552929162979 2.714007452130318 3.606896907091141 4.883652985095978 77.97606638073921 292.8594893664122 17.07659563422203 25.25821925699711 17.04867839813232 179.3461363315582 1.000458404421806 1052.109350837767 5.03957212716341 4.161204874515533 1.14289066940546 15.23320174217224 18.37705650180578 72.9834310784936 36.83077971637249 45.5515743046999 0 110.2106405124068 214.8890030607581 111.6119341999292 369.9170109406114 143.8635819330812 730.4545438289642 3532.683931283653 36.83930164575577 2270.029164783657 6.191678799688816 0.1494919806718826 1.213655576109886 3.400598280131817 11.81783047318459 0 0.9429065585136414 0.2348525449633598 0.4544537141919136 1.268568523228168 34.17601572722197 6.125063218176365 3.788895390927792 54.82600337266922 10.23488423228264 0.6658225506544113 1.884977772831917 80.38986758887768 0 0 0 0 1.424380645155907 0 0.2363366186618805 0 0 1.154039457440376 0.2113036811351776 0.8207183033227921 11.72940009832382 21.76231641322374 7.204595029354095 2.276647016406059 0.1691321730613708 0 0 0 0 0 0 0.5083261132240295 0 0 0 0.1926184445619583 0 0 0 1.355793297290802 0 0.5043593049049377 0.2239422798156738 1.429597720503807 0 0 0.5948997139930725 17.38102976232767 1.243839293718338 16.11630417406559 15.33582657575607 2.96565979719162 0 0.1607426404953003 0 0.1502572745084763 0 0 0 0.3023247718811035 6.667436495423317 0.2262918427586555 0.238657221198082 0.1978155523538589 0 0 0 0.3185063302516937 0 0 0.2969116270542145 0 0 0 5.805501848459244 0.3744311332702637 0 0 0 0 0 0.2101408839225769 0 0 28.02367460727692 1.358599156141281 0 0 0.2181966304779053 4.693801775574684 0 0 0.3995019793510437 0.1805330365896225 1.330641739070415 0.1586513668298721 0 0 0 0 0 0 0 0 0 6.059645533561707 4.452385663986206 11.11299173533916 228.7382901385427 21.32788867503405 189.194263510406 59.60191567242146 31.12890978902578 22.15700598806143 2.411568194627762 31.63577684760094 6.709034219384193 0.115382693707943 11.40433351695538 0.1837346106767654 7.666510954499245 0.6269572079181671 0 1.183708757162094 1.201514162123203 0.3257542848587036
495.0733151808381 1596.861061230302 1827.98410577327 41.11938287317753 3322.792558118701 40.08814702928066 3101.966471940279 684.4591103121638 0 397.399045586586 3535.98592492938 29.52283488214016 1710.720519289374 1642.91945797205 27.95926477015018 6.685597792267799 0.2093325704336166 0 0 0 0 0 0 0.09431762993335724 0 0.09433615207672119 0.1370784491300583 0.3402256667613983 1.367836564779282 0.1309615075588226 278.5818771198392 10.11400379985571 2.777908191084862 0 0 0 0.9597371518611908 0 0 0 0.2951447516679764 1.714598566293716 0.2059436962008476 1.861249685287476 0 0 197.8109225183725 2.607695877552032 0 0.4443208575248718 2.588417358696461 0.6669695377349854 0 0.9454857110977173 7.959990613162518 12.05840294063091 81.95906282961369 125.9724288061261 41.08637932687998 52.94941577315331 0.09974554181098938 0.9093868732452393 0 55.39337693154812 9.235010400414467 7.099466383457184 2.249771118164062 2.213179372251034 0.5335992425680161 0.2504250481724739 6.909325361251831 0.6214168071746826 0 141.6400767713785 69.68840329349041 126.1801867932081 24.02150014042854 4.040636137127876 0.1956041306257248 26.45405995845795 0 1.817422263324261 10.83644147217274 1.034495413303375 3.077618964016438 8.337326407432556 1.180813387036324 0 0.7240777984261513 0 1.042811922729015 0.6668887138366699 0.1512990593910217 1.525425270199776 3.021281778812408 107.5878420472145 0.1784705072641373 0.1989917755126953 0 77.3734479919076 0 0 0 0 1.91717940568924 3.027451440691948 0 0 1.693585991859436 3.248969316482544 0 1.442157551646233 11.15138524770737 11.64604032039642 6.482603341341019 1.247864112257957 0 0 0 0 0 0 0 0 0 0 0 0 0 0 0.3977743536233902 0 0 0 0 0.7594742178916931 0 0 0 3.428194910287857 0 2.229641869664192 0.7052313238382339 0 0 0 0 0 0 0 0 0.306801438331604 1.129008419811726 0 0 0 0 0 0 0 0 0 0 0 0 0 0.6505270600318909 0 0 0 0 0 0 0 0 0 11.86819390952587 0 0 0 0 1.877312839031219 0 0 0.1054805144667625 0.2293507605791092 0.2749775648117065 0.1470792144536972 0 0 0 0 0 0 0 0 0 5.416584149003029 0.5545574724674225 1.85644793510437 236.6974552422762 36.06472015380859 423.577200524509 135.6475437283516 118.317099571228 82.51430936157703 9.739567883312702 76.07881253957748 0.94383504986763 0.2557929381728172 1.235778316855431 0.2529040277004242 0.1218843534588814 0 0 0 2.9329714179039 0
1102.607282921672 333.5783199071884 13.91200368106365 2062.776884168386 211.5301797240973 1285.811030805111 2222.806565970182 6.898438945412636 397.399045586586 0 43.44980050623417 2537.930591985583 5233.827666625381 812.5057329833508 12.93020788580179 4.312100067734718 0.3443389683961868 0 0 0 0 0 0 0 0 0 0.4542220532894135 0.2921895086765289 0.9138589203357697 0 11.0712423324585 0.307678684592247 0.3936892598867416 0 0 0 0.3222450911998749 0 0 0 0 0 0 0 0 0 49.42431262135506 0.7603862956166267 0 0 0 0.1978134661912918 0 0 1.134172879159451 1.574746057391167 30.04290425777435 15.89652789384127 7.932247720658779 8.715994521975517 0 0.2423239946365356 0 6.779914155602455 0.969879612326622 0.693167045712471 0.218312568962574 0.3560780435800552 0.1344204246997833 0 10.06241576373577 0.1796479374170303 0 23.07600256800652 14.01340842992067 29.47077311575413 6.645637266337872 2.149304196238518 0 62.892437890172 0 0.1267801821231842 3.428343720734119 0.1362113058567047 0 1.011919714510441 0 0 0 0 0.2429357841610909 0 0 0 0.2667622566223145 770.5295245498419 0.7195974141359329 0 0 281.1203999519348 1.417466208338737 0 0 0 2.494857534766197 48.42298147082329 7.53766243159771 0 1.081225425004959 2.755220279097557 0 5.848594516515732 38.50042709708214 33.63167837262154 12.04457220435143 0.7368605881929398 0 0 0 0 0 0 0 0 0 0 0 0 0 0 0 0 0 0 0.4012346416711807 4.124699205160141 0 0 0 7.402203142642975 1.202384471893311 4.622915655374527 4.227121949195862 0 0 0 0 0 0 0 0 0.2215190827846527 2.384993769228458 0 0 0 0 0 0.1790818572044373 0 0 0 0.5010473430156708 0 0 0 4.542761862277985 0 0 0 0 0 0 0 0 0 24.99194447696209 0 0 0 0 8.452462777495384 0 0 0.4932456910610199 0.1408365070819855 1.578347131609917 0 0 0 0 0 0 0 0 0 0 9.032932907342911 2.514971971511841 2.007384926080704 110.0744743347168 7.786131449043751 119.1562730595469 43.5183457955718 526.5179105252028 20.62048061192036 3.060682274401188 41.46085275709629 2.899654060602188 0.2149422466754913 3.235623352229595 0 2.226346358656883 0 0 0.6251205801963806 1.286012604832649 0
645.2912952527404 900.8543904870749 1804.291420467198 7.460564106702805 1630.855064898729 42.80922894179821 613.716177098453 4524.372817195952 3535.98592492938 43.44980050623417 0 274.7675680369139 1988.745070286095 4863.940794721246 49.20309852063656 31.0925160124898 6.398167982697487 0.3917552158236504 0 0.3195423632860184 2.950437813997269 1.956811174750328 0.244032546877861 0.5094189420342445 0 0.7659962996840477 0.3639073520898819 1.161999814212322 0.8685019835829735 0 1570.251796156168 579.3307965397835 225.5052903443575 1.194500543177128 0 1.628749847412109 146.1266546696424 1.443039312958717 14.83047398924828 8.920339621603489 20.29985948652029 7.642447635531425 0 3.983049228787422 0.1175766289234161 0.4313845038414001 200.9340355545282 4.580653242766857 0.1620082855224609 1.363352559506893 2.05030969530344 6.430752091109753 1.257984146475792 1.145955607295036 9.590591505169868 19.3524207174778 156.8251824229956 285.414394274354 46.66134160012007 61.65039234608412 4.117714986205101 22.37767274677753 2.755598589777946 120.0700775235891 13.08559293299913 8.638878159224987 3.231795720756054 4.179283872246742 2.586734518408775 10.89250995963812 147.2892550304532 77.23000401258469 0 201.0703589767218 114.1675894930959 158.493139564991 33.80388942360878 11.81033924221992 33.35240506380796 2478.400942645967 0.1219624802470207 192.4833315387368 17.8140140324831 0.6659321561455727 3.523633748292923 8.826884962618351 2.21831539273262 0.4122517481446266 0.9692454636096954 1.979134865105152 0.7602830305695534 1.590256184339523 9.240730546414852 2.872809007763863 3.607404194772243 687.96295773983 30.6374484449625 4.25662137567997 11.14486875385046 197.8580782115459 0.4006279408931732 0 0 0.4572905302047729 4.104197815060616 0 0.1694769710302353 0 0 1.668870389461517 0 0.8608474880456924 27.27393211424351 40.90052975714207 14.43397930264473 1.993582546710968 0.9443661868572235 0.1300110518932343 0.1289316117763519 0 0 0 0 0.7356310486793518 0 0 0.7210344076156616 0.3428324460983276 0 0.7143836617469788 0 0.8366249948740005 0 0.1937996298074722 1.957543194293976 1.595224186778069 0 0.700193464756012 1.930303305387497 32.0677639991045 0.2225926220417023 27.62579384446144 22.66955398768187 2.932430028915405 0 0.176641121506691 0 0.4516653418540955 0.3257866948843002 0 0 0.7061114087700844 7.247465342283249 0 0.2024267166852951 0.1376295983791351 0.8115971833467484 0.2240064889192581 0 0 0.1230258345603943 0.1089394316077232 1.156587660312653 0 0 0 11.43234220147133 0.2683989703655243 0 0.09267944097518921 0 0.1037916243076324 0 0 0 0 53.53396566957235 3.673455610871315 0 0.1461984813213348 0.2916831374168396 10.31206968426704 0 0 1.173174500465393 0.2485910356044769 2.386240758001804 0.3736536502838135 0.3872510343790054 0.1121387928724289 0.1047987565398216 0 0 0 0.4568184614181519 0 0 13.12622880935669 8.194982886314392 21.27932426333427 300.1531700268388 41.36536912620068 391.4773276001215 112.4761417135596 103.2425407841802 55.25871801376343 5.483757592737675 69.53570763766766 20.00779373198748 0.4163104519248009 20.39559034258127 0.2470293194055557 11.09658379852772 0.320803165435791 0 2.375830635428429 3.411422476172447 0
36.45160283148289 6.142588242888451 10.77933895587921 33.78130947053432 2.858032077550888 282.8340409398079 54.02690708637238 38.48262163996696 29.52283488214016 2537.930591985583 274.7675680369139 0 838.3668519258499 217.499816685915 26.75791598111391 19.16864620149136 0.3591591715812683 0.1494461447000504 0 0 0 0.1551665812730789 0 0 0 0 0 0 0.1298883855342865 0 45.11730775237083 8.417940109968185 6.746457859873772 0 0 0 1.965744644403458 0 0.3331391513347626 0 0.6179888695478439 0.7466361299157143 0 1.511329978704453 0.189810648560524 0.1079191938042641 58.46819474548101 0.1995774731040001 0 0 0.3654632344841957 0.4589813202619553 0.3704466819763184 0 0.5593766197562218 1.599667012691498 17.21103452891111 15.30190443992615 6.27354871481657 8.769288927316666 0 3.399617448449135 0 11.07198473066092 1.302542112767696 1.356799371540546 0.4776089563965797 0.6339870616793633 0.1304415017366409 0.5224697142839432 30.58722887933254 10.5644679069519 0.1401270776987076 21.80618444085121 16.16175951063633 41.48928564041853 13.20869930833578 5.003175303339958 0.185191348195076 54.59865695238113 0.111548162996769 10.28420853614807 2.248982429504395 0 0.5347098782658577 1.409083254635334 0.5721204653382301 0.2029271721839905 0 0.1510005742311478 0 0.5549186840653419 1.149833142757416 0.1028818786144257 0.1279273927211761 1130.494401633739 12.52706089615822 1.113736644387245 2.081605359911919 107.569225281477 1.925759501755238 0 0 0 6.226019203662872 1.530790686607361 4.603677704930305 0 4.133282124996185 9.401416763663292 0.1487453132867813 18.31335885822773 96.24172373116016 130.3392394185066 30.81368654966354 2.821005776524544 1.041089460253716 0 0 0 0 0 0 0 0 0 0 0 0 0 0 0 0 0 3.446973890066147 9.641513749957085 0 0 0.28141850233078 37.94625329226255 0.3686204850673676 20.51952283084393 10.95617844164371 0 0 0 0 0 0 0 0 0.7566146478056908 12.96293606609106 0 0.1263503283262253 0 0.3304536640644073 0 0 0 0 0.09745447337627411 1.677731566131115 0 0 0 15.12520305812359 0.1676895320415497 0 0 0 0 0 0 0 0 87.02430309355259 0.1862285733222961 0 0 0 22.89659224450588 1.177384614944458 0 1.13508266210556 2.055968947708607 5.503609485924244 0.9696934968233109 1.304964169859886 0.2369754537940025 0.09928645938634872 0 0 0 0 0 0 40.11657021939754 7.455781251192093 12.10428808629513 125.1008704677224 11.98187632113695 138.1923968717456 54.29102506488562 254.0899642705917 19.16086412966251 2.823972836136818 44.73119479417801 9.681229457259178 0 16.80319877713919 1.197730198502541 10.74315551668406 0.3160367012023926 0.5183567404747009 1.795495137572289 1.455850660800934 0
148.9800737723708 199.3518568649888 206.9097321480513 137.5780394524336 285.18074439466 308.3301373422146 4309.922050923109 278.5939543992281 1710.720519289374 5233.827666625381 1988.745070286095 838.3668519258499 0 547.572513744235 145.2368914335966 97.47476577758789 16.74044608324766 0.5383842140436172 0.3453899323940277 0.1889087110757828 1.23762746155262 19.54673510044813 0 0 0 0.9970182776451111 0.4731640443205833 1.825029879808426 2.163546070456505 0 180.470483250916 60.56827799975872 289.84055814147 0 0 0.9616705775260925 330.5631878376007 2.882513910531998 39.02354279905558 3.047738537192345 13.61976363509893 5.856184221804142 0.439540222287178 18.91027205437422 0 0 373.9322484284639 3.255263589322567 0.4181856065988541 2.682726323604584 7.235164739191532 53.23033300042152 19.49274319410324 5.98729857057333 7.038580767810345 13.41556414961815 68.26319121569395 117.814197525382 43.24841207265854 71.30895227193832 3.691926375031471 32.99909223616123 1.399001926183701 102.1358635351062 11.95526101440191 12.91271422803402 3.95486294478178 6.40496864169836 4.305587276816368 6.800792723894119 631.1316954642534 379.9894893839955 5.971593886613846 134.7714166715741 89.18634026497602 210.5680632889271 80.89741669595242 33.51989326626062 1.550276353955269 118.3458434343338 3.939292430877686 103.3659998700023 15.34586139023304 1.433386877179146 2.153962671756744 11.29700715094805 3.625318869948387 6.357217498123646 5.756699733436108 21.6002614274621 1.269794307649136 9.885321095585823 6.09471445530653 3.106491692364216 10.00865231454372 3484.51699899137 217.8230648040771 134.8649049252272 474.3990380093455 223.3986309468746 5.077580228447914 0.3631494045257568 0 0.9425019174814224 25.44337502866983 21.54848164319992 7.358441978693008 0.1279937028884888 6.188728585839272 26.70749959349632 0.432497501373291 17.77309381961823 181.1621247678995 249.1726981401443 90.42698927223682 9.201612792909145 4.772052899003029 0 0.4109736680984497 0 0 0.4404968023300171 0 6.140762031078339 0 0 0.8901166617870331 0 0 1.903263568878174 0.3930090069770813 2.355640292167664 0 0 10.2311405390501 24.12121541798115 0 0.1822049915790558 6.301012769341469 139.7643568441272 1.875181719660759 78.76050629466772 72.80417870730162 7.3018968552351 0 0.09867388010025024 0.2262405008077621 0.3710191249847412 0 0.8599614650011063 0 1.981654211878777 45.1696220561862 0.810750737786293 0.1645794659852982 0.564837247133255 3.993110522627831 0.2610438168048859 0.627465732395649 0.3568264842033386 0.2708822414278984 0.1166588664054871 5.373134985566139 0 0 0 45.17982093989849 1.610739156603813 0.7153944447636604 0.9431545734405518 0 0.279905378818512 0 0.09957941621541977 0.131010502576828 0.2441210150718689 398.9293930977583 13.15496982634068 0 0.7070630937814713 1.778092473745346 63.4003491550684 0.4910304248332977 0.7688151001930237 4.903969340026379 3.983695439994335 11.48414275795221 2.617969155311584 2.261336222290993 0 0 0 0 0 0.6410175114870071 0 0.6069232672452927 119.6146686822176 53.10427398979664 105.7342012450099 612.020324125886 112.1521920710802 725.2912228181958 268.2037043273449 394.8189218789339 113.6518604382873 22.9317573979497 158.8622935563326 45.11547423154116 1.122657977044582 71.00265002995729 5.045265138149261 49.7044485360384 5.386416040360928 1.876926228404045 13.63400942087173 8.644571088254452 0.7937003076076508
274.5745626538992 270.7031341195107 455.6573318243027 7.581143960356712 109.8322913944721 76.86012315750122 380.3150817900896 650.3552797362208 1642.91945797205 812.5057329833508 4863.940794721246 217.499816685915 547.572513744235 0 71.97663570940495 38.09424330294132 6.375393182039261 0 0.3077801465988159 0 0.9969384372234344 1.523486480116844 0 0 0 0.1156433969736099 0.5560160651803017 1.718686789274216 2.209358781576157 0 409.1298861205578 38.53744769841433 184.2960059419274 0.1421836316585541 0 1.362628236413002 267.561978250742 4.142853051424026 24.29204660654068 4.786329790949821 10.66818275302649 4.962498106062412 0 6.4327257797122 0.2898962795734406 0 230.6506619080901 2.395491555333138 0.828590914607048 1.742268197238445 2.31144505739212 6.457761779427528 1.120225131511688 3.020952239632607 7.545934751629829 15.38582144677639 92.27443840354681 142.0400072559714 33.10732580721378 47.31320944428444 1.807224437594414 15.20575255155563 1.232502043247223 63.9346517175436 8.832398682832718 7.640508688986301 2.370178878307343 3.118736639618874 0.3983024805784225 4.257343582808971 284.5577575340867 58.84235003590584 0.4587289988994598 140.2835019901395 84.45584520697594 164.5278525725007 49.59207323938608 17.76545443385839 3.380407445132732 643.8228516280651 0.3284177482128143 31.72018963843584 11.90837579220533 1.549341753125191 2.582881256937981 8.238967441022396 2.533867910504341 0 0.9247836321592331 0.6897976249456406 1.008224606513977 2.095817402005196 5.249010749161243 1.037296675145626 3.347944088280201 835.8742330819368 20.0953950881958 3.986880466341972 16.65554629266262 109.7013657465577 1.63658781349659 0 0 0 8.94040621817112 0 3.995208039879799 0 3.449408665299416 7.287553369998932 0.2815813273191452 11.23596481978893 71.83136290311813 85.43992382287979 29.88205882906914 2.970266729593277 1.456851199269295 0 0.1708119809627533 0 0 0 0 1.907667577266693 0 0 0.3830167353153229 0.7175970077514648 0.6355055123567581 1.3115294277668 0 1.587558507919312 0 0.2866392433643341 3.329691082239151 6.725734129548073 0 0 0.4444365203380585 32.43894808739424 1.189962893724442 24.28588615357876 24.15624049305916 3.879476234316826 0 0 0 0 0.8320201635360718 0.1331640034914017 0 0.1662431061267853 7.614205993711948 0.2442045137286186 1.652798905968666 0 0.4198072552680969 0 0.1956467479467392 0.117261566221714 0.3289373219013214 0.08952812105417252 0.5149985402822495 0 0 0 8.737178415060043 0.1895218044519424 0.1144387796521187 0.3318402171134949 0 0 0 0 0.1252879202365875 0.2385564595460892 90.5760260373354 1.518933862447739 0 0 0.1625889390707016 15.63263513147831 0.2470596879720688 0 0.6930325329303741 1.218546986579895 2.807571493089199 0.4088932722806931 0.9652079492807388 0.2887903153896332 0 0 0 0 0 0.1278423517942429 0 28.72838859260082 8.201737508177757 28.28945617377758 382.3562233895063 60.38164228945971 478.1262952834368 162.1094332337379 149.5777438059449 77.41770649701357 11.69117374718189 90.39552247524261 17.56541238725185 0 18.09669573605061 0.3149536997079849 14.91171915084124 0.7975248992443085 0 1.737361401319504 3.130272418260574 0
3.665353119373322 9.020765945315361 12.16722059249878 1.555313467979431 15.10681250691414 1.970174759626389 50.18834789097309 35.44185019284487 27.95926477015018 12.93020788580179 49.20309852063656 26.75791598111391 145.2368914335966 71.97663570940495 0 2453.236806504428 648.901457414031 55.40743846446276 120.1325189992785 6.438740409910679 4.182232938706875 0.1026631891727448 4.230402320623398 0.6576036959886551 75.77889306843281 0.8434648811817169 76.66813066601753 0.3265936374664307 0.9615833908319473 2.73290291428566 18.05337156355381 16.31889612227678 103.5275945141912 0.3997415602207184 2.348343595862389 13.0810170173645 88.68348539620638 49.33739116042852 95.17878665030003 139.0394390746951 8.249288365244865 3.059102490544319 12.35845789313316 944.7242627665401 34.88941290974617 21.62352758646011 436.938737668097 5.158491894602776 18.85349436104298 78.28517259657383 4.374369494616985 1.106785364449024 2.861427046358585 1.041722759604454 0.7783156633377075 1.182464368641376 4.574918739497662 13.46479946374893 2.488053515553474 107.1921600177884 47.38764186948538 153.9528799280524 0 17.84412635862827 0.8973270133137703 3.169116131961346 0.377507746219635 21.55934757739305 29.51711446046829 17.27732515335083 68.76145372539759 28.27032406628132 0 71.98885440081358 10.76380920410156 671.8789759129286 734.8422511070967 1230.156621642411 51.30249714106321 199.3456615880132 127.4309103637934 320.8856233209372 2.589670836925507 0.1209949478507042 1.406884096562862 1.29727216809988 55.71817120909691 0.0905589833855629 0 0.3210998401045799 1.475523501634598 1.204292245209217 6.395847961306572 0.642809271812439 0.9971349313855171 14.04420095682144 3.617215216159821 0.1168527081608772 61.06270834803581 2.295987360179424 0.2272734493017197 0 0 0 1.357518553733826 0.172245591878891 0 0 0 0 0 0.8796950727701187 4.054242506623268 8.584535405039787 4.215458601713181 2.232986509799957 0.5341005101799965 0 0 0 0 0 0 0 0 0 0.743892639875412 1.487991064786911 0 0 0 0 0 0 0.3617893978953362 2.653884522616863 0 0 0 21.61620599031448 0.6650990545749664 21.02366069704294 25.82901225239038 1.893452882766724 0 0 0 0 0 0.1114054173231125 0 0 7.538871273398399 0 0.4165145754814148 0.1123973056674004 0 0 0 0 0 0.1449495553970337 0.6815695911645889 0 0.1572975516319275 0 9.754166074097157 0 0 0 0 0 0 0 0 0 27.97782024741173 2.71137522906065 0 0 0 3.170398436486721 0 0.3069596588611603 0.2624301314353943 0.6297943890094757 1.731093183159828 0.2338306605815887 0.7502558827400208 0 0 0 0 0 0.1561360061168671 0 0 3.237105891108513 8.572494447231293 28.14967067539692 36.44217526167631 13.21143486350775 159.8073744922876 19.34310487657785 3.467001304030418 10.84793243557215 1.210752725601196 8.98698590695858 13.83001734316349 0.6276584565639496 15.23060984164476 0.5250924453139305 10.88437040150166 0.8793075084686279 0.1048216372728348 2.867929592728615 1.104717537760735 0
