0 7244.443631142378 1253.27255487442 1596.544569164515 388.1840846464038 738.8226886093616 986.9468856677413 344.0675034373999 135.200763784349 2264.231016010046 723.7108125090599 167.9991473853588 322.4914022609591 341.8142638579011 2.489129073917866 0.4226673096418381 0.507413923740387 0 0 0.118452213704586 0 1.62434034049511 0.1446820199489594 0 0 0.2572272419929504 0 0 0 0 342.5434274896979 13.83752379566431 1.723815128207207 0 0 0 0 0.2348753809928894 0.9266983866691589 0 0.3772507607936859 0.2358941286802292 0 0.126047283411026 0 0 16.79657938331366 0.9940454512834549 0 0 0.6700680702924728 3.249434009194374 0 0 3.077788963913918 2.844248794019222 95.50761310756207 673.8900062665343 19.69128505140543 3.750562556087971 0.1225461810827255 0 0.1406227201223373 52.16419376432896 3.323440961539745 0.8629518896341324 0.8810625076293945 0.9529769048094749 0.2387754693627357 0 2.074374735355377 35.58429427444935 13.94068787992001 124.594461992383 4.878615938127041 1.520702950656414 8.936644047498703 2.909128472208977 12.57963453233242 74.51743876934052 0.2847028896212578 12.53696707636118 7.497388266026974 0.6791369915008545 0.629144012928009 5.033846765756607 0.1276307702064514 5.442349031567574 1.42070647329092 3.960323691368103 0.7550643384456635 0.2035579159855843 0.2930299490690231 0.135392040014267 0 361.8313362896442 11.42138724029064 5.922094270586967 0 915.9242613315582 0 1.549051284790039 2.383444547653198 0.266950249671936 0 5.565961256623268 5.883687138557434 3.95181941986084 136.9086906313896 8.242047667503357 0 7.42530432343483 4.503291681408882 4.779525801539421 0.2418633103370667 0 0 0 0 0 0 0 0 0 0 0 0 0 0 0 0 0 0 0 0 0 0 0 0 0 0 1.533480167388916 0 0 0 0 0 0 0 0 0 0.3000878691673279 0 0 0 0 0.4692249000072479 0 0 0 0 0 0 0 0 0 0.4133993536233902 0 0 0 0 0 0 0.2250272184610367 0 0 0.8664209842681885 0.6479642987251282 0 0 0 0.1999818682670593 0 0 0 0 0.487800657749176 0 0 0 0 0 0 0 0.1359799057245255 0 0 2.164451539516449 0.1902435123920441 0.4497789591550827 50.70737288147211 11.85094403475523 92.14700452238321 12.40638418495655 737.9973220229149 38.47609259933233 7.270474262535572 12.9888052418828 0 0 0.3713889420032501 0.08787723630666733 1.766818404197693 0 0 0 0.3740866184234619 0
7244.443631142378 0 2193.554030612111 1430.538633242249 4219.736270114779 859.0394819155335 4587.461200028658 383.0164460912347 2024.018209248781 1149.853472173214 1699.995718002319 35.38969875872135 821.6460711508989 1879.666603118181 9.50282035022974 0.7110269814729691 0.9554830491542816 0.2655187770724297 0 0.1511506587266922 0.4655692577362061 0 0 0 0.09110685437917709 1.439704224467278 0.1890793293714523 0.6106120645999908 1.653244182467461 0.7149332761764526 1666.436392828822 112.051123984158 3.299915790557861 0.4641923010349274 0 0.3906053826212883 2.419513568282127 1.751783557236195 2.680578485131264 1.46087422221899 0.1398192197084427 0.4391283243894577 0 1.881772048771381 0.1913210451602936 0.1942177787423134 241.8651459440589 6.499755226075649 0.9125657305121422 0 8.261134840548038 1.333326995372772 1.52738581597805 1.785113953053951 23.61652042716742 29.31810946762562 73.46400264650583 655.5787585377693 63.87719744443893 35.42396472394466 2.913602024316788 3.136361792683601 0.3092544972896576 291.4289465472102 21.39507099241018 7.094360440969467 9.619316086173058 9.788760222494602 0.7192805781960487 0.3831038475036621 2.016907155513763 6.422084420919418 1.654229506850243 326.8893910869956 74.20293945074081 54.63720615953207 222.6190954521298 16.08696767687798 18.71453969925642 76.82684142887592 4.39940994977951 28.0344702526927 41.26893567293882 2.853865809738636 5.07837401330471 45.70324483513832 0.7020772248506546 2.103797025978565 12.97528687119484 0.5037582144141197 3.375062108039856 1.679505594074726 0.4668659865856171 1.248939022421837 3.611702546477318 300.5675776004791 2.435392707586288 0.3512266725301743 0.4623178541660309 914.5655990019441 2.895893774926662 1.352277040481567 3.645452901721001 2.720730662345886 2.79055118560791 58.28969822824001 11.9916627407074 33.01580218970776 103.6526280343533 65.53090043365955 7.347758114337921 79.17758574336767 51.05836865305901 72.87935717403889 13.96957275271416 0 0.2815851867198944 0 0 0 0 0 0 0.1424256712198257 0 0 0 0 0 0 0 0 0 0 3.520242527127266 0.5367969572544098 0 0 0 3.515954926609993 0 5.116879887878895 1.308133453130722 0.4476511478424072 0 0 0 0 0 0 0 1.774624645709991 3.924875617027283 0.5892049744725227 0.1927651762962341 0 0.2973382174968719 0.4347328543663025 0.209189161658287 0 0 0.5463059544563293 0.8694252520799637 0 0 0.6652204394340515 14.90470460057259 0 0.2436723262071609 0.1847082227468491 0.08421691507101059 0.2916538193821907 0.1777342408895493 0 0 0 11.74235948175192 0.8791399896144867 0 0 0.4913345128297806 3.336617663502693 0 1.162785410881042 0.9807297587394714 2.508526787161827 0.8914999440312386 0 3.828796714544296 0.2136138677597046 0 0.09873082488775253 0 0.09289208054542542 0.2472613230347633 0 0.4026472568511963 21.70330336689949 4.451878234744072 4.591729663312435 606.2002696469426 136.2836258560419 1217.459080509841 119.7086964771152 854.1076902002096 164.9862858429551 41.63265962898731 133.5222729668021 10.16577520221472 0.9851705431938171 8.665036298334599 2.150297544896603 14.61227562278509 0.6017100512981415 0 1.086488306522369 1.422209858894348 0.6110973656177521
1253.27255487442 2193.554030612111 0 36.20721298456192 122.0413706749678 77.47375146299601 130.0814684480429 2616.633388526738 328.9250350743532 28.65178643167019 2106.333284974098 16.39955678582191 126.3304990902543 877.1885294243693 27.81355056911707 17.23967868089676 10.27583461254835 1.218784183263779 1.324371196329594 6.35172226279974 2.139275453984737 0 2.626676633954048 1.369876779615879 0.5124554708600044 1.731169313192368 0.6622978821396828 1.14656038582325 3.392000019550323 0.5029806941747665 6307.116522602737 378.1318843886256 15.66224278509617 10.5009792521596 1.619722194969654 0.6911727115511894 6.132271990180016 8.382599785923958 5.270776890218258 2.790960945188999 3.020875044167042 1.815203256905079 4.759110949933529 12.59814877063036 4.233732037246227 8.249231480062008 183.5563802495599 13.87243511527777 3.330969959497452 3.865761056542397 12.55994023382664 1.191220633685589 1.480325818061829 1.337987288832664 20.86995676904917 27.07462999224663 63.01362060755491 1368.240809828043 53.01387184113264 30.97229704260826 26.83716262131929 34.97456187009811 2.826681897044182 731.7248600050807 21.85646662861109 10.02772389352322 13.21001327782869 22.58118096739054 6.115788973867893 2.738749094307423 4.062392391264439 7.056247815489769 0.1823996156454086 326.5587058700621 124.7692108750343 63.09618794173002 300.7776296213269 54.31799001246691 708.5970639437437 1626.622250050306 69.48376811295748 1193.039371050894 46.35176300257444 2.420187257230282 7.906083233654499 48.68718693777919 8.989455908536911 1.875057205557823 13.68595059216022 0.5929842442274094 5.773047558963299 3.193530082702637 3.205560967326164 2.115301758050919 3.387409932911396 32.35217721760273 4.796678110957146 0 1.378867387771606 1340.445961475372 1.080133058130741 0 1.215325593948364 0 0.5724333375692368 7.386590376496315 1.241252303123474 6.266057536005974 5.60347718000412 13.26337857544422 1.201752617955208 15.39385240525007 13.55536939203739 9.935413062572479 7.335921920835972 0 0 0 0.2164260447025299 0 0 0 0 0 0 0 0 1.682800158858299 0 0.1388589590787888 0 0 0 0 0 0 0 0 0 2.88641969114542 0.4877413958311081 9.106285929679871 3.19112853705883 1.039466604590416 0 0 0.1123603284358978 0 0.1406890749931335 0.2760827392339706 0 0.2555538415908813 0.946848064661026 0 0 0.2290858328342438 0.1251090466976166 0.1795573830604553 0.2929389476776123 0 0 0 0 0 0 0.1062182709574699 7.212983228266239 0 0 0 0.2733171284198761 0.1245462074875832 0 0.4738601520657539 0 0 8.540286637842655 0.83283731341362 0 0.1299918591976166 0 2.085109978914261 0.1061116978526115 1.099441021680832 0 1.145692110061646 0.6136710643768311 0 0.6683472692966461 0 0.1337663680315018 0.09448681026697159 0 0.229678750038147 0.5618242025375366 0 0 6.733053669333458 2.375401213765144 4.490132547914982 265.9428005218506 127.184427946806 704.1787230074406 87.20718333125114 320.3644000291824 112.3816642910242 34.95097449421883 76.18001609295607 5.224211737513542 0.7831933051347733 4.180053390562534 1.150000967085361 3.925449043512344 0.1171608492732048 0.1089979037642479 1.049577377736568 3.449120134115219 0.8215872794389725
1596.544569164515 1430.538633242249 36.20721298456192 0 133.3406717479229 710.0447495877743 1208.241546303034 4.405160412192345 101.473934173584 1371.400794580579 18.88432042300701 80.08192954957485 708.0980537235737 117.7308262884617 1.217650979757309 0 0 0 0 0 0 0 0 0 0 0.184240996837616 0 0 0.1721653044223785 0 38.537015452981 7.868706241250038 0 0 0 0 0 0 0.1403960138559341 0 0 0.2600686848163605 0 0 0 0 11.10167023539543 0 0 0 0.09981316328048706 0 0.2541023194789886 0 0.9557815939188004 1.393900386989117 4.859435684978962 43.50463689118624 4.08091001957655 1.648040965199471 0 0 0 24.39533591270447 1.440229035913944 0.286185622215271 0.6768796071410179 0.7363758832216263 0.1268499344587326 0.1223675906658173 0 3.938199788331985 0.4509899914264679 22.01445397734642 4.533486127853394 2.280244678258896 7.441420465707779 0.6560926735401154 0.4686750173568726 1.638607755303383 0 1.259355783462524 2.340509951114655 0 0.3962896168231964 2.255250155925751 0 0.389740027487278 1.063165202736855 0.4045955389738083 0.2970494478940964 0 0 0 0.2974261492490768 196.4624037444592 0.4880583882331848 0.5762355923652649 0 97.790143430233 0 0 2.108386874198914 0.6797486841678619 0 4.068270951509476 1.963434621691704 0.9597813338041306 57.63173353672028 4.494514212012291 0.5300863981246948 7.349279195070267 2.942017793655396 4.439016953110695 0.5979531407356262 0 0 0 0 0 0 0 0 0 0 0 0 0 0 0 0 0 0 0 0 0 0 0 0 0.3644881546497345 0 0 0.2561894059181213 0 0 0 0 0 0 0 0 0 0 0 0 0 0 0 0 0 0 0 0 0 0 0 0 0 0.2332837879657745 0 0 0 0 0 0 0 0 0 0 0 0 0 0 0 0 0 0.4542268514633179 0 0 0.1031355038285255 0 0 0 0 0 0 0 0.5721078366041183 0.3081912398338318 0 24.03125916421413 4.067212775349617 55.06339476257563 4.081098899245262 188.0708068683743 8.034868761897087 1.817158535122871 5.739901840686798 0.4337985515594482 0.1386780887842178 0.4112271964550018 0 2.075097590684891 0 0 0 0 0
388.1840846464038 4219.736270114779 122.0413706749678 133.3406717479229 0 25.03734640777111 1686.548887223005 33.56878723204136 6717.690784536302 731.0422665923834 431.3572556972504 81.41282019019127 1508.011192418635 2938.962243460119 11.86087585985661 1.011248737573624 0.689213365316391 0 0 0.6811715066432953 0.4088488221168518 0 0.415312260389328 0.1466894000768661 0.09505639225244522 2.150817200541496 0.1686549931764603 1.02677208930254 1.044179156422615 0.1391929537057877 105.6625898256898 54.74719987809658 9.127963721752167 0 0 0 1.070121496915817 0.5056031346321106 0.9983763322234154 0.7313200756907463 0.1299100965261459 1.483159407973289 0 0.09735351055860519 0.3215865194797516 0 174.3503423854709 0.5986552983522415 0.4559624269604683 0 2.713996984064579 1.129945427179337 0 1.020503595471382 5.616750553250313 7.970843255519867 12.18297634273767 41.30998975783587 23.15543292462826 16.42858799546957 1.591097101569176 2.086747393012047 0 79.97583017498255 5.43281464278698 2.041320264339447 3.144174098968506 3.99040599167347 0.1688721925020218 0 4.574780344963074 2.975629016757011 0.1485859155654907 66.36092866957188 28.14479494839907 26.37121585011482 139.9408819675446 19.86366617679596 3.450994119048119 28.95671585947275 1.498745769262314 5.315085910260677 8.950223036110401 1.068640798330307 1.268152549862862 13.89983625710011 0.2977018803358078 0.5980561748147011 3.515623018145561 0.1499136537313461 1.885795168578625 0.3207019865512848 0 0.574015736579895 2.596695937216282 317.5792559236288 1.977793484926224 0 0 18.56475803256035 0.4578560292720795 3.229015290737152 14.35653248429298 2.802418559789658 4.960984095931053 115.0724485814571 24.58977791666985 72.65146794915199 44.04605242609978 118.6707286089659 15.68615837395191 177.0506959557533 116.7064629048109 120.861336030066 45.58283230662346 0.1991574466228485 0 0.2291137427091599 0 0 0 0 0 0 0.423215389251709 0 0 0 0 0 0 0 0 0 1.268972486257553 0.2660909295082092 0 0 0 8.115846000611782 1.684204012155533 10.55245000869036 0 0 0 0 0 0 0.3947780728340149 0 0 3.598144292831421 7.391474276781082 0.6106723994016647 0 0.3351260721683502 0 0 0 0.269109308719635 0 0.5937143564224243 0.7604941129684448 0 0 0 31.66862325370312 0.7893341928720474 0.4864906817674637 0.7251793071627617 0 0.1262094229459763 0.1190198883414268 0 0 0 29.02775371074677 0 0 0.1519744247198105 0.4215186536312103 13.09727750718594 0 2.189037427306175 3.639605954289436 4.639950230717659 2.535247042775154 0.3564476370811462 1.182768240571022 0.3232430592179298 0 0 0 0.2351455166935921 0.2584478557109833 0 0 74.92549279332161 6.990016371011734 4.59287440776825 364.0989121645689 111.5141395255923 627.8801345825195 102.9723371341825 171.4825335517526 90.74543877691031 25.34369292855263 115.6495435386896 14.01760963350534 1.604154333472252 14.72912113368511 2.005050919950008 19.69946270436049 0.378524124622345 0.4064589142799377 2.632380038499832 4.900657929480076 0.7446135133504868
738.8226886093616 859.0394819155335 77.47375146299601 710.0447495877743 25.03734640777111 0 126.9243426397443 11.28608781844378 46.13219250738621 1401.387759238482 24.50421929359436 228.586122110486 246.0395053327084 100.9259860366583 0.1481022238731384 0 0.1885553449392319 0 0 0 0 2.059181749820709 0 0 0 0.3624013364315033 0 0 0 0 45.42206500470638 1.332377284765244 2.131847277283669 0 0 0 0 0 0 0 0 0 0 0.1060469374060631 0 0 1.277490809559822 0 0 0 0.2363590449094772 24.27955812215805 0.68178990483284 0 0.7264924645423889 1.033149547874928 114.6856334730983 102.4295503273606 3.567646995186806 1.107896015048027 0 0 0 15.46717773377895 0.4344619959592819 0.2299569025635719 0.4757444560527802 0.109837681055069 0 0 4.886916965246201 304.5734544247389 53.36882750689983 26.95528741180897 0.9716993942856789 0 0.1247365102171898 0 0 3.329063549637794 0 1.712639987468719 1.294222332537174 2.080291271209717 0 1.160770922899246 0.2631170824170113 17.27313882112503 2.696986056864262 16.0703781992197 0.7467228025197983 0.6343151181936264 0 0 0.2232086956501007 372.9657958000898 69.23315045237541 57.32971085608006 0.5865818709135056 368.8391337245703 0 3.143259346485138 1.201647445559502 0.3802845776081085 0 8.883628070354462 6.52176958322525 7.704006925225258 25.61544181406498 17.67760965228081 0.9584383964538574 8.22186852991581 7.152968764305115 2.800423145294189 0 0 0 0 0.2996538579463959 0 0 0 0 0 0 0 0 0.4434767961502075 0 0 0 0 0 0 0 0 0 0 0 0 0.2621086537837982 0.3095400929450989 0.7512381672859192 0.3000058829784393 0 0 0 0 0 0 0 0.3415367901325226 0.5100017040967941 0 0 0 0 0 0.1303407251834869 0 0 0 0 0 0 0 0.1453653872013092 0 0 0 0 0 0 0 0 0 0 1.397957891225815 0 0 0 0 0 0 0 0.4906562268733978 0.1505523771047592 0 0 0 0 0 0 0 0 0 0 2.006142109632492 0 0.5987665355205536 7.848597392439842 2.92216132581234 27.06327924132347 1.08572568744421 174.8548437133431 8.713728219270706 2.01506382226944 0.6378641054034233 0 0 0 0.1206142157316208 2.818203210830688 0 0 0 0 0
986.9468856677413 4587.461200028658 130.0814684480429 1208.241546303034 1686.548887223005 126.9243426397443 0 16.36029005050659 1280.958977863193 4022.343148887157 154.1605225652456 285.9466205313802 6536.572728574276 3223.081808514893 9.768395990133286 1.912284553050995 0.492574468255043 0 0.1099139228463173 0.2366671860218048 0 0 0 0.1398980915546417 0.207785427570343 1.609327018260956 0 0.1594997048377991 0.6245959550142288 0 104.5652483701706 31.36295026540756 4.106207616627216 0.8564125522971153 0 0 0.8301919922232628 1.334494955837727 1.051183015108109 0.9708676859736443 0 0.2643591910600662 0.2870107293128967 0.4930782094597816 0.1575650274753571 0.6762019991874695 91.38533086329699 0.8967544808983803 0.4356040358543396 0.1207644119858742 1.463178835809231 0.5209179222583771 0 0.9234879016876221 6.798901736736298 7.900284186005592 13.21717455238104 81.27269422262907 16.92164444923401 8.626754008233547 0.8561671823263168 1.00659590959549 0 90.35776803642511 5.897938810288906 2.086674205958843 2.183759443461895 3.48443753272295 0.1589380502700806 0.301725298166275 2.805455081164837 5.917942568659782 0 66.74416881799698 21.23583774268627 16.87460349500179 91.31692500412464 8.261718422174454 1.106983929872513 26.3047543540597 1.595911152660847 4.025444097816944 7.050282597541809 0.9911310598254204 1.385888986289501 12.11305700987577 0.4082203209400177 0.2966645658016205 4.653699733316898 0 1.670069396495819 1.445049375295639 0.4593041241168976 0.6086607426404953 2.184239029884338 439.1008655279875 1.250764399766922 0.2587753236293793 1.28395289182663 45.6315434128046 0 0.6857032775878906 6.547815576195717 0.6264745146036148 4.15282715857029 60.90100464224815 19.12072205543518 36.28047931939363 200.6646176278591 64.8826956897974 6.257860064506531 106.8327690884471 70.05510831624269 68.5172007381916 23.23448706418276 0 0.1295707225799561 0 0 0 0 0 0 0 0 0 0 0 0 0 0 0 0 0 2.529815912246704 0.6393991112709045 0 0 0 4.143773518502712 0 5.13156083971262 0.5232263505458832 0 0 0 0 0 0 0.4452052712440491 0 2.45816083997488 1.511870518326759 0.1427814364433289 0.2935945093631744 0 0 0 0 0 0 0 0.8474219441413879 0 0 0 14.38227142393589 0.1953765004873276 0.8426482155919075 0.3480741530656815 0.2551976442337036 0 0 0.1995730549097061 0 0 16.03767894953489 0.5312109589576721 0 0 0.3767573907971382 7.846654653549194 0.7051197588443756 0.9990216046571732 2.125545084476471 1.185915715992451 1.970388680696487 0.9813121557235718 1.558884352445602 0 0 0 0 0.1224559843540192 0 0 0 36.99766902625561 2.985617808997631 3.615559250116348 235.736538477242 72.11022982746363 415.5516934916377 58.55551864951849 174.5740327835083 57.7401851862669 20.18965321034193 66.17661201953888 6.935444995760918 0 7.578741520643234 0.2690633609890938 12.12441834807396 0.6149814575910568 0 2.855414405465126 1.744498983025551 0.7706479430198669
344.0675034373999 383.0164460912347 2616.633388526738 4.405160412192345 33.56878723204136 11.28608781844378 16.36029005050659 0 79.38645596802235 7.555122226476669 2045.30845041573 14.87356549501419 66.88289326429367 592.6974776908755 67.77374465018511 32.59670155495405 33.71182898432016 4.892177388072014 5.929461538791656 10.5732491388917 2.775421410799026 0.2664243578910828 2.627629429101944 0.5280583798885345 0.7275969833135605 1.73433879762888 0.7355961203575134 1.724386557936668 2.639535620808601 0 834.9528983905911 3045.463596135378 16.55018090456724 22.31055526435375 0.3008095473051071 1.901507787406445 18.13947525620461 23.93501252681017 19.98680331557989 13.14511821419001 3.570799864828587 3.324439659714699 5.547771334648132 31.10630311816931 7.564086996018887 38.88413643836975 264.4080734103918 34.11512775719166 5.910377889871597 20.51347636431456 11.9527303352952 1.228551134467125 1.878150209784508 4.098426155745983 5.011334680020809 9.561991535127163 11.13763842731714 119.7310284748673 15.98312633484602 20.94333525002003 201.1529365926981 33.19366420060396 12.65965940803289 187.060478284955 7.096034251153469 6.904683753848076 6.76223810762167 28.09661142528057 22.08073861896992 4.445611894130707 7.778019838035107 9.443637795746326 0.1231172904372215 74.8714274764061 40.24120179563761 55.28971936553717 353.2770054116845 229.943878211081 991.8082986176014 1395.787822522223 989.1618132442236 2271.404227524996 14.49114315211773 1.116953559219837 10.38140919059515 16.24056896567345 46.86922497302294 0.5252556428313255 6.099405139684677 0.2870839536190033 6.814378783106804 4.447039484977722 2.990107402205467 2.377734482288361 5.527533642947674 26.40668700635433 12.88760846853256 0.1607140153646469 4.861742578446865 128.9069237262011 0 0.3135051429271698 0 0.3319488763809204 0 9.40820500254631 0.8790690004825592 6.29849836230278 0.3820093125104904 3.85631550848484 2.160590469837189 10.02155826240778 10.06403739005327 13.73796542733908 6.778737679123878 0 0.4467733204364777 0 0 0 0.1210206598043442 0 0 0 0.1245315596461296 0 0 2.698676481842995 0.5452194362878799 0.2321506589651108 0 0.1152240112423897 0.2593209445476532 0.6054320633411407 1.054513409733772 0.132454514503479 0.09075353294610977 0.2369515150785446 0.1652091592550278 3.290052279829979 1.731835968792439 8.933792300522327 9.592974424362183 3.754084050655365 0 0 0.1549456268548965 0 0.3926919251680374 0.4149085283279419 0 0.4455047249794006 1.919351987540722 0 0 0.1170178130269051 1.203645467758179 0.09048286825418472 0 0.2717804610729218 0.08393988013267517 0 0 0 0 0.1516944766044617 8.908426836133003 0.9742116332054138 0.6809041500091553 0 0 0.1140845268964767 0.239704892039299 1.280879221856594 0 0.4430021196603775 5.389779545366764 4.258647218346596 0 0.4547431692481041 0.4171202927827835 3.346843764185905 0.160432755947113 1.251422241330147 0.7768890857696533 0 0.3093271255493164 0 0.1385611295700073 0.11432795971632 0 0 0 0.9263293072581291 0.5829268097877502 0 0 6.879854775965214 1.55095311999321 5.859493069350719 269.0692985504866 86.18015897274017 594.1891870722175 98.25780290365219 83.19985216856003 58.33611845970154 20.54825277626514 132.4934682622552 7.329429388046265 0.5573453977704048 3.94277261197567 0.9940741509199142 2.430927701294422 1.136532098054886 0.09186253696680069 1.025880180299282 3.104006387293339 0.5343482792377472
135.200763784349 2024.018209248781 328.9250350743532 101.473934173584 6717.690784536302 46.13219250738621 1280.958977863193 79.38645596802235 0 755.0452145189047 1672.277893811464 168.4397420734167 874.3068564459682 2039.703798443079 13.27714469283819 1.594147153198719 0.5474620535969734 0 0.1800692826509476 0.693633645772934 0.4344303905963898 0 0 0 0 0.6645707786083221 0 1.015839472413063 1.352971255779266 0 21.22584986686707 23.80809955298901 9.301898792386055 0.1201583668589592 0 0 1.15425868332386 0.570950485765934 0.633965328335762 1.237514697015285 0.3218745738267899 0.3790753930807114 0 0.8431018143892288 0 0 95.20780119299889 0.3404648005962372 0 0 0.6918678730726242 0.6100569218397141 0 0.1533904224634171 1.097298681735992 2.812396861612797 5.813075080513954 8.895464345812798 6.840536385774612 5.024051353335381 0.3758604824542999 2.504806756973267 0 20.47069720178843 1.759754545986652 0.9575100615620613 0.7535879537463188 1.064922302961349 0.135442391037941 0 6.827810682356358 9.852963738143444 0.1718813627958298 26.93446396291256 7.297320730984211 10.51857651025057 53.70944477617741 13.0059754550457 2.164728969335556 37.3254764303565 1.414357654750347 3.905928924679756 1.874093018472195 0.7544367164373398 0.5764083862304688 4.583061501383781 0.4598466008901596 0.1893167123198509 1.771798297762871 0 0.982146717607975 0.7777264937758446 0.5024119019508362 0 0.6308867633342743 632.8570258319378 4.410284474492073 0 0 5.171990022063255 0.8096586167812347 1.670843958854675 16.3737175911665 1.958762720227242 7.494360513985157 140.1463096663356 24.54554861783981 89.24155406653881 39.7965088263154 137.2820138707757 19.17551561444998 191.1562054678798 146.8675659149885 159.0974466353655 32.97503922134638 0.151166632771492 0.3019087612628937 0 0 0 0 0 0 0 0 0 0 0 0 0 0 0 0 0 5.81240214407444 1.212367743253708 0 0 0 6.445518910884857 0.4041091576218605 12.72814901918173 1.057103946805 0.1416859179735184 0 0 0 0 0 0 0 6.117009334266186 10.01636699587107 0.3864097148180008 1.448038548231125 0 0 0.1422393620014191 0 0.2601770758628845 0 0.5905428379774094 0.9597337692975998 0 0 0.2581050395965576 28.11519334465265 0.64720419049263 1.021468594670296 0.8409693464636803 0 0 0 0 0 0 32.21136325597763 0.86252161860466 0 0 0.6889505386352539 18.11696865409613 0 1.447779595851898 1.947162002325058 5.354644864797592 4.317880392074585 0.4554276168346405 3.406354367733002 0.3297702595591545 0 0 0 0.09374215453863144 0 0 0.376546174287796 63.65291858464479 4.018362693488598 4.435167349874973 230.6241790354252 59.02259440720081 324.0755069255829 57.876968793571 93.23873464018106 38.24834456294775 12.91581030189991 92.48841632157564 8.637206360697746 1.690250679850578 19.93942033499479 0.4690395519137383 21.57642488181591 0.7587794959545135 0 2.875745192170143 3.383017018437386 0
2264.231016010046 1149.853472173214 28.65178643167019 1371.400794580579 731.0422665923834 1401.387759238482 4022.343148887157 7.555122226476669 755.0452145189047 0 45.90004861354828 2238.729982569814 8536.733252078295 813.4679480344057 2.535144634544849 2.063532806932926 0.1269707083702087 0.239249661564827 0 0 0 0 0 0 0 0 0 0 0 0 17.74292060732841 1.718174919486046 11.28780628740788 0 0 0 2.642779633402824 0.4552607536315918 1.256942763924599 0.2486163377761841 0 0 0 0 0 0.1908054351806641 10.03323865681887 0 0 0 0.5021727457642555 0.1560112982988358 0 0.7648471593856812 0.3600777089595795 0.2837847173213959 7.049296587705612 23.4424946308136 1.712309896945953 1.092130526900291 0.3453777730464935 1.092953830957413 0 7.888857290148735 0.5644282624125481 0 0.1047926694154739 0.2899041399359703 0.1485011130571365 0 69.93144445121288 20.17806999385357 2.077686011791229 10.55218453705311 2.962303161621094 1.606875337660313 7.277294911444187 1.780474081635475 0.1426635235548019 6.909487575292587 0.2955034971237183 2.839198365807533 0.7955522239208221 0.09653224050998688 0 0.6899996399879456 0.2564176619052887 0.6198512390255928 0.4215912520885468 0.4175790548324585 0.4739522933959961 0 0 0 0 1713.739177718759 14.60941655933857 0.569123238325119 2.13988733291626 126.2706814259291 0.1231153309345245 5.318673819303513 7.359107285737991 5.613158985972404 1.311124235391617 70.92198056727648 19.90060757100582 41.20798446238041 76.74715307354927 91.06102685630322 5.043876454234123 91.20836057513952 61.89469522982836 72.69244010001421 10.23885136842728 0 0 0 0 0 0 0 0 0 0 0 0 0 0 0 0 0 0 0 1.186414256691933 0.1229370310902596 0 0 0 2.325051516294479 0 2.092339128255844 0 0.1917834579944611 0 0 0 0 0 0 0 1.062230423092842 2.680795595049858 0.2671249359846115 0 0 0 0 0.1407251358032227 0 0 0 0.1876832842826843 0 0 0 4.974523931741714 0.189671665430069 0.3301379531621933 0.1448626220226288 0.2912088632583618 0.1235797628760338 0 0 0 0 6.438718862831593 0.4995768517255783 0 0 0 1.686725273728371 0 0.2062469273805618 0.979496605694294 2.31752547621727 0.2940584123134613 0 0.7044530510902405 0.09082677960395813 0 0 0 0 0 0 0 30.04342648386955 3.003820136189461 1.484442099928856 37.33412862569094 6.00214396417141 41.74299978464842 5.954076379537582 195.0518548563123 5.616441138088703 1.124172605574131 7.846221730113029 2.701332747936249 0.2611423432826996 5.619366221129894 2.052837520837784 13.56488481163979 0.8549180924892426 0 0.8612837344408035 0.3532268404960632 1.002376973628998
723.7108125090599 1699.995718002319 2106.333284974098 18.88432042300701 431.3572556972504 24.50421929359436 154.1605225652456 2045.30845041573 1672.277893811464 45.90004861354828 0 380.2947384864092 693.1305002123117 5846.15836174041 46.82669161260128 19.62953684478998 11.85088235884905 0 0 1.752452731132507 1.47918164730072 0 3.359739229083061 0.142943412065506 0.4348465800285339 0.8938257694244385 2.018883630633354 0.8402553796768188 0.9577587395906448 0.1195713505148888 369.01485440135 108.2838231548667 156.7647150754929 3.526152849197388 0.2253928333520889 2.075460270047188 40.10147640109062 22.66462045162916 9.179327696561813 3.639448583126068 1.492405161261559 1.166521988809109 2.039978504180908 11.5185622125864 1.615708872675896 1.402985736727715 177.2934987396002 3.044511169195175 0.88255924731493 0.7045323774218559 2.80695304274559 0.7997985184192657 0.5168856829404831 1.202832952141762 3.696741983294487 5.494291119277477 6.936396591365337 47.70108236372471 12.29324205964804 14.7046647593379 11.77665799111128 7.233281657099724 0.640523225069046 53.98161786049604 3.524469636380672 2.170279145240784 1.997352965176105 4.308071300387383 0.9019813761115074 0.7848416864871979 28.18035911023617 25.9127529412508 0.1702831983566284 44.07121695578098 19.64635656774044 25.90052220970392 133.9169968441129 61.55142922699451 60.13445720076561 1191.060029946268 12.69653888046741 129.0801034420729 6.471754960715771 1.200405076146126 1.21231397986412 9.279925979673862 3.145791247487068 0.6478226855397224 3.489067755639553 0 2.163776509463787 1.611432515084743 0.9192730486392975 0.66236961632967 3.376161217689514 213.4562402069569 28.02970434725285 0.1609131693840027 6.631716057658195 69.98572655022144 1.37979294359684 2.700082659721375 2.61379685997963 0.1300383806228638 1.95673605799675 39.92304696142673 9.690951719880104 28.77222126722336 11.90029041469097 28.07536405324936 9.55831154435873 61.28780534118414 50.4229037463665 56.14906816929579 20.53573973476887 0.1017514318227768 0 0 0.1619526296854019 0 0 0 0 0.4866198301315308 0 0 0 0 0 0.7629881650209427 0 0 0 0 2.490377068519592 0.6140603423118591 0 0 0 7.96976413577795 0.7347379922866821 9.469396099448204 1.936969503760338 0.7124226540327072 0 0 0.335663229227066 0 0.1692727953195572 0 0 4.787524089217186 4.674345478415489 0 0.9130966886878014 0 0.4842390120029449 0.3782665431499481 0.230098582804203 0 0 0 1.390760257840157 0 0 0.6415364593267441 14.74020156264305 0 1.720592081546783 1.052697762846947 0 0.1127167046070099 0 0.2338851094245911 0 0 18.87261924147606 1.623781956732273 0 0 0 6.463861122727394 0.1427621245384216 3.737570136785507 2.450060695409775 2.010431244969368 2.589769795536995 0.4626740962266922 1.502433978021145 0.3522914499044418 0 0 0 0.2209887653589249 0.3894265741109848 0 0 28.72846380621195 3.859882958233356 3.485891334712505 310.4545006901026 87.04919622838497 450.6506049484015 80.52284852415323 118.0764228776097 50.90323207527399 16.8185697644949 143.8996470719576 7.617164775729179 0.1263913214206696 8.764227025210857 0.5297707989811897 5.485403388738632 0.3350532948970795 0.1360713094472885 3.854346543550491 3.276114955544472 0.2734102010726929
167.9991473853588 35.38969875872135 16.39955678582191 80.08192954957485 81.41282019019127 228.586122110486 285.9466205313802 14.87356549501419 168.4397420734167 2238.729982569814 380.2947384864092 0 3180.216754697263 697.608336918056 29.25692601501942 21.85054612159729 9.9360456392169 0.276826798915863 0 0.6428418308496475 1.080382242798805 0.1493652164936066 1.098111465573311 0.2909674942493439 0.309431865811348 0.4843705222010612 0.9096401333808899 0.4970201849937439 0.5847764313220978 0 4.680303014814854 17.81060253828764 171.3733752667904 2.344333745539188 0.2139457166194916 2.842207446694374 132.0663202032447 16.96248490363359 18.97955561429262 6.093391478061676 1.375670254230499 0.3565887063741684 2.585100933909416 15.86123134940863 0.4104348197579384 1.638406291604042 35.53779123723507 3.55268544703722 0.4250659197568893 0.599822536110878 1.020920515060425 0.7016778886318207 4.786425903439522 0.3117650300264359 0.5404245629906654 0.9101633727550507 1.292338736355305 2.205361299216747 3.166978307068348 1.559125855565071 7.540537387132645 4.747411727905273 1.023783549666405 16.81494399160147 0.4962102472782135 0.7631754502654076 0.8783700689673424 1.887943163514137 1.744651786983013 2.01565557718277 255.1178761124611 115.3289803564548 0 8.365697987377644 1.520679391920567 7.001220315694809 41.68489529192448 51.32798167318106 9.342789553105831 387.0057287663221 11.87021002173424 37.70627364516258 0.8509992882609367 0.07002197951078415 0.24595907330513 1.20950074493885 3.97335072606802 0 0.5831360295414925 0.2254660651087761 1.093474648892879 0.9654408022761345 0.891670897603035 1.242614239454269 0.8634164556860924 3066.410579293966 136.2390011847019 0.4738494455814362 26.48240658640862 3.990105703473091 0.6828919351100922 2.171812295913696 7.5635000243783 2.236075937747955 5.994682610034943 93.76783964782953 19.52189096808434 66.93515734374523 26.58800172060728 90.15423948317766 14.62461411207914 148.7105245143175 105.5473618730903 144.8789775967598 47.52549208700657 0.5755966976284981 0.3368029445409775 0.1401830464601517 0 0 0 0 0 0 0 0 0.4173417687416077 0.2749523818492889 0.1483348160982132 0 0 0 0.2791542708873749 0 7.538828037679195 0.9758555889129639 0 0 0 16.80817977339029 1.466954275965691 19.90020730346441 3.661698751151562 0.6395215392112732 0 0.2616954445838928 0 0.3896051645278931 1.007347248494625 0.3726461231708527 0 3.872895985841751 6.223335616290569 0.2391867339611053 0.2671994864940643 0 0 0 0.1255980730056763 0.7611740231513977 0.1003297194838524 0.1222082749009132 2.16458747535944 0 0.1228104084730148 0.7239081561565399 49.34793238341808 0.560026690363884 0.5843461230397224 2.204207122325897 0.5125607773661613 0.5390255525708199 0 0.2929173707962036 0 0.2026699185371399 45.1482063010335 6.634676024317741 0 0 0.2086904048919678 16.4589846432209 1.016210302710533 3.701599627733231 1.081738747656345 5.259003512561321 2.715864613652229 0.3955306112766266 4.378857493400574 0.9915819689631462 0 0 0 0.3296744003891945 0.09949399530887604 0 0.1185042783617973 83.04062219709158 15.0232443138957 7.538162283599377 185.0179495066404 22.29378118366003 160.2664783895016 34.10573896765709 64.33809328824282 12.93046697229147 4.340440280735493 85.42054694890976 15.54381375014782 1.28068320453167 16.96651551127434 0.9719608426094055 11.23264580219984 0.7581788450479507 0.09171561151742935 3.832287348806858 2.45127247273922 0.1685894876718521
322.4914022609591 821.6460711508989 126.3304990902543 708.0980537235737 1508.011192418635 246.0395053327084 6536.572728574276 66.88289326429367 874.3068564459682 8536.733252078295 693.1305002123117 3180.216754697263 0 1703.615607328713 46.57142609357834 26.2856017947197 12.71193195879459 0 0.1463402807712555 1.892923131585121 1.630168035626411 0 0.6828682124614716 0.2636701464653015 0 1.446368843317032 0.5796323865652084 1.320714958012104 2.344082608819008 0 15.1793564260006 30.99785050749779 457.941450163722 1.546145007014275 0.4758092761039734 7.352296762168407 385.1475397273898 61.45245280116796 91.58405964076519 93.47945863008499 1.644530594348907 0.9043110460042953 1.220564857125282 27.62396716326475 0.4534103125333786 3.848023407161236 72.5634934976697 2.504892036318779 0.7330667525529861 1.453824326395988 1.58874049782753 1.117443263530731 8.647293657064438 1.313814289867878 1.661898583173752 2.118249028921127 4.468575537204742 8.604796573519707 6.285294190049171 5.135917946696281 8.835322573781013 14.95817433297634 1.259475901722908 23.80145012587309 0.6662108153104782 2.03518296033144 0.8441170156002045 3.387778222560883 1.415112212300301 0.9304350614547729 422.4217436909676 121.1740096211433 0.7092976868152618 19.81436122953892 4.642671376466751 11.81484267860651 56.67156925052404 81.13720021396875 10.83087608963251 300.5988320633769 20.40861964970827 53.22968349605799 2.343493938446045 0.3929835259914398 1.199908681213856 3.603616766631603 2.846743859350681 0.3702579364180565 1.511559665203094 0.5497981756925583 1.188997402787209 0.2334239333868027 0.853489100933075 0.6291869059205055 4.442680038511753 4671.104750879109 119.5443045347929 1.557437434792519 21.23132961243391 15.18850859254599 1.630842566490173 4.979756489396095 18.03400984406471 6.503582693636417 8.987758055329323 172.0862199068069 34.25463582575321 101.4927992746234 236.0827918499708 155.0459348708391 21.2772793918848 264.5173657462001 212.9700993224978 210.7957855984569 67.11255157738924 0.1204736530780792 0.3243808001279831 0.3170204758644104 0.2474251389503479 0 0 0.4102383553981781 0 0 0.183843195438385 0 0 1.458175584673882 0 1.630678348243237 0.5857588946819305 0 0.1563098430633545 0.5086085349321365 5.046991690993309 0.7810056507587433 0.126823902130127 0 0.1100560277700424 22.61641488969326 0.3542075753211975 25.82471586018801 5.370596840977669 1.213734433054924 0 0 0.8969105780124664 0.2395993769168854 0.8669897690415382 0.1371332705020905 0 7.349726229906082 9.746342197060585 0.9053668677806854 0 0 0.3314067274332047 0.1792005300521851 0.1435505896806717 0.9189259707927704 0.0905122384428978 0.4943964332342148 0.8049113303422928 0 0.2685685455799103 0.2658180594444275 54.84740365296602 1.096818007528782 1.348079189658165 1.615775063633919 0.09201353043317795 0.8171619772911072 0 0.1309475898742676 0 0.9798160046339035 68.13613121211529 6.725955978035927 0 0 0.3400051295757294 24.30439092218876 2.372471168637276 6.101940676569939 1.404661655426025 8.96412767469883 4.122678704559803 0.8593979626893997 3.137335874140263 0.8233629390597343 0 0 0 0 0.3006146773695946 0 0.1172336637973785 132.2112038359046 27.22516659647226 18.04113440960646 223.3112381324172 68.63708391040564 255.103472866118 75.75716150552034 88.17799089103937 35.48836230486631 14.6711266413331 108.9748352393508 14.97751970589161 3.266687922179699 22.51361108571291 2.104471534490585 24.63496138900518 1.86946502327919 0.8231716752052307 6.831772536039352 3.859406463801861 0
