0 4307.214901134372 348.890596665442 767.0395777076483 285.1106968224049 128.8788985460997 1383.278867386281 904.0192614644766 85.39960506558418 1760.90291428566 1119.960070222616 276.8686179965734 234.6441942080855 40.38394278287888 2.987343348562717 0 0 0.1324173957109451 0 0 0 0 0 0 0 0 0 0 0 0 361.369803994894 3.693183213472366 6.413859710097313 0 0 0 7.154325194656849 0 0.7305918186903 0.5660042613744736 0 0 0 0.1044725403189659 0 0.1912694871425629 22.9882163926959 4.421647042036057 0.3811899349093437 0.1973433196544647 0.9395067766308784 2.099673740565777 0 0.2591575235128403 5.460498578846455 13.70697379112244 188.9344620853662 1596.252274468541 10.19033148884773 14.69478917866945 0 1.239034563302994 0.1700697839260101 7.915029160678387 8.109976731240749 3.148702010512352 1.295665040612221 1.792584434151649 0.2449552118778229 0.2356778383255005 19.13023981451988 35.9489339441061 0.5713148564100266 152.7555302903056 42.1725996285677 24.10210826992989 4.410824373364449 0.171774610877037 0.3161266446113586 23.9426329433918 0 0.8522887676954269 13.6690946444869 0.3044724091887474 4.620084695518017 1.199519567191601 2.563832141458988 2.325707569718361 1.504857286810875 3.376042768359184 0.09859089553356171 0.7380589842796326 0 0.399196594953537 0.3273940980434418 189.9208980798721 46.17740881443024 2.00206995010376 5.410756960511208 1246.384782448411 0 0 0 0 0.1738937646150589 1.635485216975212 0 0.6823739409446716 0.9417931139469147 0 0 0.2888627350330353 0.724264070391655 0.9117160737514496 0 0 0 0 0 0 0 0 0 0 0 0 0 0 0.2420557737350464 0 0 0.6588169634342194 0 0 0 0 0 0 0 0.1222484558820724 0 0.3615377247333527 0.5571628212928772 0 0 0 0 0 0 0.2697874009609222 0 0 0 0 0 0 0.8111502975225449 0 0.0886385589838028 0 0 0 0 0 0 0 0.5626574754714966 0 0 0.1064365059137344 0 0 0 0 0 0 0 0 0 0 0 0 0 0 0.2136455029249191 0.3549701869487762 0 0 0 0 0 0 0 0 0 0 0 0.472348690032959 0 0.8391885161399841 44.45819988846779 7.783289864659309 259.9355831742287 98.60889456421137 972.4604991525412 38.49966642260551 17.0186710730195 6.990229964256287 0.3088607490062714 0.1247591748833656 0.8684140220284462 0.411261260509491 0 0.5095927119255066 0 0 0.21138995885849 0
4307.214901134372 0 2015.497753754258 571.5687049627304 2083.103586927056 339.3303222954273 2576.643524892628 665.5008371174335 876.4094700813293 470.3803025633097 1951.751408189535 52.68264238536358 640.8494635298848 67.64544814825058 31.40020446479321 1.581589385867119 0.1217902898788452 0.2664086520671844 0.1478940099477768 0 0.1128044873476028 0 0 0 0 0.4733685031533241 0 0.3641166388988495 0.5430693551898003 0 3048.396114118397 33.41325091570616 1.282576128840446 0 0 0 0.8019959330558777 0 1.137114569544792 0.2187021747231483 0.6012866348028183 0.9209469854831696 0 0.3271851167082787 0 0 186.1000634878874 17.47905744612217 1.657216534018517 0.5046432912349701 2.222998142242432 0.5304567962884903 0 0.2719571813941002 21.79652205109596 53.43612040579319 154.5309103131294 1627.299179725349 5.976220570504665 62.00065384060144 0.1310948878526688 0.6694019734859467 0 133.4396370276809 35.25045935809612 12.92562802135944 8.01994463801384 8.095977745950222 1.735376007854939 1.811844564974308 2.754961922764778 11.68223518133163 0.1462942659854889 350.9845852851868 220.6580662056804 148.0002516284585 83.433279722929 0.7099742218852043 0.7685458287596703 14.32487193495035 0.1529926806688309 1.888227045536041 42.63627114892006 1.709557920694351 16.80358398705721 5.078133292496204 10.08546771854162 0.1651706844568253 2.571132257580757 0.3574580401182175 0.3528993055224419 0.4485976323485374 1.224601812660694 1.120700545608997 2.202973313629627 136.6893017739058 0.5536501407623291 0 1.494413271546364 1511.987058281898 2.370577037334442 0 0.6675355434417725 0.9256507158279419 36.3309218287468 123.397203668952 3.607108011841774 30.31941781938076 18.72736114263535 9.083939790725708 12.70211461186409 76.498565107584 62.43911799788475 59.85514543950558 24.73792481422424 0.1337834000587463 0 0 0 0 0 0 0 0 0 0 0 0 0 0 0 0 0 0 7.097185611724854 1.962910741567612 0 0 0 15.31689620018005 0 8.476445220410824 1.122391328215599 0.9532448649406433 0 0.1122253090143204 0 0 0 0 0.3531399965286255 3.346889585256577 7.776486799120903 0 0 0 0 0 1.130717627704144 1.851173877716064 0.138328954577446 0.5141407251358032 3.957797601819038 0 0 1.679748892784119 17.07288610935211 0.3448722362518311 3.01978899538517 4.470190860331059 0.4832069426774979 0.3243612051010132 0.2844303324818611 0 0 0.2498085498809814 31.48670184612274 0 0 0 0.6119938492774963 0.440417617559433 0 2.729980826377869 4.681526027619839 14.21632160246372 8.013225868344307 2.06528440117836 0 1.653178513050079 0 0 0 0.07942589372396469 0.3557097911834717 0 0 32.69106774032116 3.168863400816917 8.732802629470825 466.7561380788684 35.67422439157963 1069.110912591219 275.2914627045393 1060.772735446692 135.5213012844324 54.17027481645346 127.2723811492324 10.10581946372986 0.432098887860775 29.67644187808037 3.610780730843544 7.17625592648983 4.221819207072258 0.2478384226560593 1.549225777387619 2.310251116752625 0.2019596248865128
348.890596665442 2015.497753754258 0 26.89168733358383 1190.37045763433 3.067161962389946 304.2409661486745 1951.990688748658 303.6886405423284 7.269719585776329 3067.458382613957 2.107837945222855 18.67036260664463 32.29714462906122 21.13671897351742 12.07591903954744 5.110990568995476 0.8836155235767365 0 2.535034865140915 2.425685055553913 0 1.698554560542107 1.277542352676392 3.184066459536552 8.342579461634159 1.192904137074947 3.177999995648861 0.8772446662187576 0 2862.186071231961 218.5326374545693 10.15975166112185 0.4970239400863647 4.884609341621399 3.594678461551666 12.6809197217226 4.832491472363472 2.994769267737865 6.239346526563168 7.615583531558514 2.264449469745159 2.037821352481842 5.560722224414349 0 0.6635375693440437 103.3908802047372 11.85541743040085 1.875392965972424 1.898376114666462 1.667883165180683 1.215616412460804 0 1.146680369973183 5.130970440804958 21.77031008154154 43.19905376434326 729.9405150264502 3.080265700817108 25.79092770814896 1.005030162632465 9.143382273614407 0.7682095319032669 628.4167967885733 14.76698470115662 6.903609074652195 3.21873252093792 4.442561335861683 2.639908395707607 29.30004134774208 3.276549965143204 6.807808578014374 0.6914152503013611 124.9566038101912 190.0996247157454 73.83925656229258 63.60925199836493 4.027346886694431 23.92762079834938 955.3965821862221 2.529310867190361 217.6287583112717 19.59324833005667 0.911140039563179 6.917748838663101 3.466542709618807 5.774608947336674 0.2491992712020874 1.456256233155727 0.4444785565137863 1.689737483859062 0.1047114878892899 5.584749408066273 0.5498187094926834 1.796755842864513 24.48139569163322 2.399213165044785 0 1.284410014748573 167.9601840600371 0.9094941914081573 0 0.8023833781480789 0.6900628209114075 9.699145674705505 21.94340199232101 0 8.362622022628784 2.686542823910713 3.379418402910233 3.38002572953701 18.08659873902798 11.21093055605888 14.69816111028194 6.517533212900162 0.2470583021640778 0.636814072728157 0 0.3357446789741516 0 0 0.5559484213590622 0.2000140845775604 0.2308799624443054 0 0.7141282260417938 0.4399521946907043 1.593077644705772 0.3244442939758301 0 0.2812863290309906 0.3170293569564819 0.222108855843544 0 1.291234463453293 0 0.1914619207382202 0.3660266548395157 0.4113272875547409 5.37913154065609 0.4107552766799927 2.940206035971642 0.5967740043997765 1.217581175267696 0.2329657077789307 0 0 0 0 0.3651490658521652 1.972187206149101 2.351122200489044 1.206616207957268 1.34987011551857 0 0 0.6250116527080536 1.185071259737015 1.477547399699688 1.286491811275482 0.08243293315172195 0 3.487519860267639 0 0 0 7.508282870054245 0 1.306934058666229 0.3262337520718575 0.08703552931547165 0.5861280187964439 0 0 0 1.003242827951908 11.46888171881437 0.4780238717794418 0 0 0 0.3008632659912109 0.7805680632591248 1.568857416510582 1.56770646572113 6.030732110142708 1.559041827917099 0 0.3769197165966034 0.1900252550840378 0 0 0 0 0 0 0 11.33369691669941 3.301538690924644 2.635274142026901 217.2318272218108 27.02514977008104 415.1058110296726 110.7186647579074 198.22134860605 59.31494604796171 23.26134062558413 84.59512712061405 3.788316071033478 0.4826953560113907 14.25409518927336 3.575421988964081 1.173922285437584 0.2177759408950806 0 1.198443070054054 2.611288413405418 0.7027480006217957
767.0395777076483 571.5687049627304 26.89168733358383 0 102.7563956081867 409.4227968156338 1458.847801759839 0 12.73355981707573 1103.770553529263 1.803102895617485 239.7240569591522 729.453199878335 18.16053193807602 0.3209004253149033 0.4038748443126678 0 0 0 0 0 0 0 0 0 0 0 0 0 0 17.53519350290298 2.175240188837051 0 0 0 0 0.2086672782897949 0 0 0 0 0.1224228963255882 0 0 0 0 6.715646512806416 1.001437023282051 0 0.1831295788288116 0.4770151972770691 0 0 0 0.6244006305932999 2.982588082551956 10.76940529793501 84.41520747542381 0.7295853048563004 1.758160717785358 0 0 0 1.353695929050446 1.640004508197308 0.3193059042096138 0.3402673453092575 0.2777632400393486 0.1520397365093231 0 0.1461248695850372 0.3073777258396149 0 17.75168307870626 5.080985382199287 5.650089249014854 2.807226099073887 0 0 0.2356145456433296 0 0.4392487928271294 2.264333382248878 0 0.7261551469564438 0.2903648614883423 0.4166970998048782 0 0 0.1127616986632347 0.1210313513875008 0 0 0 0 6.273974418640137 0 0 0 181.4218039959669 0 0 0 0 0.9595742225646973 0.3900823295116425 0 0 0 0 0 0.316152423620224 0.8938634246587753 0 0 0 0 0 0 0 0 0 0 0 0 0 0 0 0 0 0 0 0 0 0 0 0 0 0 0.3576168417930603 0 0 0 0 0 0 0 0 0 0 0 0 2.010910093784332 0 0 0 0 0 0 0 0 0 0 0 0 0 0 0 0 0 0 0 0 0 0 0 0 0 0 0 0 0 0 0 0 0 0 0 0 0 0 0 0 0 0 0 0 0 0 0.1657430827617645 10.48766247928143 0.9535103142261505 45.20608309656382 11.91493294388056 213.3114823028445 5.047304317355156 3.111447490751743 0.787385493516922 0 0 0.5993740856647491 0 0 0 0 0 0 0
285.1106968224049 2083.103586927056 1190.37045763433 102.7563956081867 0 39.07262635231018 6790.01745723933 38.26990405470133 1277.095123000443 434.2920807749033 1082.476260647178 67.93080857396126 2341.155309766531 219.2130428105593 24.71358723193407 3.958554431796074 0.2788799852132797 0.1374500095844269 0 0 0 0 0 0 0 1.386618137359619 0.1207728460431099 0.7324756383895874 0.3250641524791718 0 319.4056129530072 32.69830946624279 3.226057961583138 0 0 0.1430713832378387 4.601503856480122 0.1172153428196907 0.4661105424165726 0.6317563131451607 0.8414891809225082 1.187559075653553 0.5840402990579605 0.830446682870388 0 0 110.6454035788774 4.276058487594128 0.9568821638822556 0.6872067153453827 1.257960207760334 1.099484801292419 0 0.6656636670231819 3.20845328271389 16.3933030590415 19.83750265091658 137.089233957231 4.497101984918118 23.25662796199322 0 1.3545922935009 0.1250808238983154 90.25698532164097 10.39047521352768 4.238602392375469 3.138164468109608 2.666616268455982 0.9098518639802933 0.462716743350029 13.57362940907478 18.37507501989603 0 63.138777166605 78.62886206060648 55.98208249360323 55.05002897977829 1.349725857377052 0.1212960407137871 5.798088148236275 0.2230004146695137 1.553109116852283 9.521952211856842 1.087315909564495 5.892646707594395 2.005874186754227 3.994292117655277 0.1319914162158966 0.8569372221827507 0.8409363776445389 0.2889871820807457 0.2033271715044975 1.769127853214741 0.7721363753080368 2.376828454434872 335.7091745361686 4.310217529535294 0 0.435939759016037 66.75051368027925 6.352076038718224 1.835157185792923 2.532290756702423 0 89.02423042058945 271.8488965705037 7.76932780444622 71.55426283925772 50.12351988255978 30.79320350289345 29.99176698923111 197.8300929665565 174.661088347435 149.5504174977541 58.90485753118992 0.4755465388298035 0.4476796686649323 0 0.2417571842670441 0 0 0 0 0 0 0 0 0 0 0 0 0 0.2727477550506592 0 9.428585231304169 0.6337486505508423 0 0 1.231316566467285 26.59577716141939 1.209211409091949 21.19966942816973 5.467129692435265 0.1573961079120636 0.110252246260643 0 0 0 0 0 0 5.690374314785004 12.43044808506966 2.549860626459122 0 0 0 0.2161079198122025 3.739322520792484 4.57808330655098 0.3508957028388977 0.1972377449274063 5.405775517225266 0 0 1.274302005767822 24.68114766478539 1.016602367162704 2.997432693839073 7.621848471462727 1.001426443457603 1.775132320821285 0.3287298679351807 0.5558659583330154 0 0 92.16326123476028 0.2448714822530746 0.2588648498058319 0 0.5387407168745995 4.474638640880585 0 4.292277202010155 11.75440198928118 26.98620380461216 14.07345425337553 1.997724160552025 1.1563750654459 2.60081259906292 0.1297961622476578 0 0 0.6703404188156128 0 0 0.7108154147863388 120.523729711771 12.92166556417942 10.50613625347614 773.6168062239885 51.78859148174524 482.3655434176326 149.4072905182838 346.3410709500313 92.27772560715675 24.53032951056957 208.4780021905899 17.35137999802828 2.889024868607521 56.99757734686136 7.933577761054039 24.667071595788 4.999789953231812 1.483050838112831 8.458965703845024 6.793473236262798 0
128.8788985460997 339.3303222954273 3.067161962389946 409.4227968156338 39.07262635231018 0 603.5616379380226 1.114956110715866 16.44325186312199 1307.004844650626 14.20475190877914 332.3841945976019 338.1033538728952 128.1639491468668 0.1134999096393585 0.1473569422960281 0 0 0 0 0 0.6625339090824127 0 0 0 0 0 0 0.2794179320335388 0 4.010442018508911 0.8595894277095795 42.03743958473206 0 0 0 65.08579489588737 0.4290673583745956 13.84594539552927 0.8556887060403824 0.8285562992095947 0 0 0 0 0 1.28853052854538 0 0 0 0 22.56953755766153 0 0.6043564230203629 0.1635416597127914 2.071735918521881 45.68738730251789 28.12395073473454 0 0 0 10.3868043422699 0 2.007027164101601 0.1176229566335678 0 0.1435985714197159 0 0 0 146.173934429884 343.736116528511 25.18597078323364 1.588453009724617 0.1394579261541367 0.3605797588825226 0.1315688788890839 0 0 32.55575014650822 0 3.652575597167015 0 5.234727211296558 0 0.4363942444324493 0 20.79399269074202 7.125019684433937 29.0395395681262 0.2090901583433151 4.311190247535706 0 0 1.227198168635368 447.4659539610147 77.8548713773489 26.37738315761089 26.50995399057865 310.0467548370361 0 0 0 0 0.4900261014699936 0 0 0.6558027267456055 0 0 0 0 0 0.6139735877513885 0 0 0.2541042864322662 0.1832222938537598 0 0 0.7008439898490906 0 0 2.510728031396866 0 0 1.041947528719902 0.6152514964342117 0 1.031085222959518 0 1.433895498514175 0.6525483429431915 1.063588619232178 0 0 0 0.5970509648323059 1.352633744478226 0.1662507951259613 1.801064252853394 2.0081537514925 4.399172782897949 5.663490608334541 0.3293580412864685 0 0.2749421000480652 0 0 0.4862770736217499 0 0 0.9010387659072876 0 0.1744015067815781 0 3.688977479934692 0 0 0 0 0 0 0 0 0.3021094501018524 0.4113876819610596 0 0 0 0 0 0 0.316394180059433 0 0.3616697192192078 0.4445157796144485 10.9378844499588 0 0 0 0 0 0 0 0.3601521253585815 0 0 0 0 0 0 0 0.21664959192276 0 0 0 0 0.4584578275680542 3.336217164993286 12.12992279231548 0.756872296333313 2.633391551673412 0.4463342130184174 127.2455868721008 1.194277495145798 0.824493408203125 0 2.082466036081314 1.279133677482605 0.4662700742483139 0.5053806304931641 0 0 0 0.4631710052490234 0 0
1383.278867386281 2576.643524892628 304.2409661486745 1458.847801759839 6790.01745723933 603.5616379380226 0 9.567116774618626 1836.276079311967 2973.131361693144 925.3155645728111 592.3023258447647 5377.37002928555 297.0063943639398 32.53339067101479 4.94184797257185 0.1320015788078308 0.120368666946888 0 0 0 0.1058266833424568 0.09997868537902832 0 0.1060615703463554 0.546240046620369 0.1904849112033844 1.901418849825859 1.232677765190601 0 205.5194913968444 32.2900174036622 5.893333807587624 0 0 0 4.213874168694019 0 1.457344487309456 0.6091063395142555 0.2195958197116852 2.071930192410946 0.1363406479358673 0.8993872851133347 0.1263048499822617 0 130.4958936348557 11.06733404844999 1.515558548271656 0.4514141082763672 1.939858727157116 0.3997925221920013 0.113859735429287 1.405968345701694 7.820541210472584 28.15717925876379 39.49145799875259 346.8002184256911 3.870458967983723 37.84165965765715 0 1.378678545355797 0 97.02645264565945 18.95099455118179 7.428031802177429 5.548711143434048 4.144340299069881 0.6693699955940247 0.923253022134304 16.97393353283405 17.896843329072 0 104.2617322281003 98.43432879447937 93.26714055240154 69.20188912004232 1.72177566587925 0.3568145334720612 9.802349522709846 0.1316439062356949 3.260555975139141 19.75141130387783 1.742946624755859 9.115882039070129 4.326168179512024 5.569013074040413 0.6798204332590103 1.204974502325058 0.2702237665653229 1.327479712665081 0.3263462036848068 1.413470223546028 0.5026654601097107 2.390872478485107 639.6595618873835 2.947316870093346 0 1.219639338552952 407.8197757378221 4.487060412764549 2.002717971801758 5.569644704461098 1.893048852682114 81.36653968691826 287.4053471684456 10.45238681137562 90.87024612724781 68.38354025036097 41.99960643053055 48.9930956363678 260.9515333026648 215.967234775424 187.210647419095 66.06707902252674 0.4474273025989532 0.2895832657814026 0 0 0 0 0 0 0 0 0.1763591319322586 0 0 0 0 0.2208118438720703 0 0 0 13.53315533697605 0.3818784654140472 0 0.3420760035514832 0 31.87413796037436 1.050879269838333 20.76555410772562 2.083436638116837 0.8452779054641724 0 0.419884979724884 0 0.535948634147644 0 0 0 9.407556802034378 13.03260643780231 3.150333695113659 0.4409520477056503 0 0 0.1386633962392807 4.063542976975441 3.543439887464046 0.8412322029471397 0.1764606684446335 7.112472027540207 0 0 3.300039529800415 24.26701311767101 0.2397827208042145 2.844775281846523 7.988233156502247 0.9586973562836647 1.13052336871624 0.7022816240787506 0.1013195440173149 0 0.6517686247825623 109.9274227544665 0.7679762989282608 0 0 0.1659863144159317 5.093598090112209 0 8.156891256570816 6.361263230443001 33.06031747162342 18.28134095668793 1.714489355683327 0.346150666475296 4.387255184352398 0 0 0 0 0.1137759163975716 0.2804905474185944 0 158.71360386163 13.83667334914207 16.81878999620676 587.1920504197478 65.31992564350367 558.474317252636 189.6159876137972 1080.404785618186 94.36032874137163 33.93207497894764 168.6330895796418 9.395892053842545 2.902400612831116 47.04191818088293 11.4191941767931 19.18024308979511 5.311745718121529 0.6306868940591812 8.265814781188965 6.4124616086483 0
904.0192614644766 665.5008371174335 1951.990688748658 0 38.26990405470133 1.114956110715866 9.567116774618626 0 442.8301194086671 0 1158.925853043795 2.887209266424179 85.39792077243328 198.9744996353984 31.37801767885685 21.55305032432079 8.579976253211498 1.860854104161263 0 9.137934565544128 14.20724184066057 2.779589518904686 9.249614223837852 1.530741199851036 10.48804724216461 27.73333565145731 7.474946081638336 6.886838734149933 1.518962070345879 0 2787.093811348081 1751.927900582552 21.9267094284296 0.5659607648849487 13.03109739720821 8.072423048317432 16.22111312299967 9.82164216786623 3.169664077460766 9.565509125590324 20.40351834148169 4.59089682996273 10.94771647453308 9.629133298993111 0 1.361238926649094 125.1282275766134 10.17861507087946 1.33413652330637 6.485939107835293 1.808293648064137 5.196071833372116 0 4.873096883296967 6.528229981660843 16.81830572336912 34.23300573974848 464.8221942186356 3.254555717110634 24.67070277035236 26.16882930696011 16.85566618293524 1.555126518011093 629.3803884387016 12.96877800673246 5.612312018871307 2.997978650033474 4.932301379740238 7.271999582648277 120.8323127254844 3.411223739385605 3.161259993910789 0.5675820261240005 99.493448369205 169.5772295221686 79.61168792098761 249.8094520419836 231.1739414408803 242.7674490362406 2370.434762991965 34.8270651102066 1218.581761278212 12.77227830141783 0.7855376601219177 5.170977540314198 3.831300295889378 5.552980698645115 0 1.081309944391251 0.1364594548940659 0.4641471728682518 1.448665469884872 25.85908555984497 3.957763180136681 3.375446572899818 10.32951408624649 1.370745316147804 0 1.473017558455467 211.6236682087183 0 0 0.379401296377182 0 1.71294067800045 4.609946265816689 0 0 1.149790540337563 0.3097098469734192 0.6460485458374023 2.79355987906456 2.05376923084259 2.183269962668419 2.584573313593864 0 0 0 0 0.1725102961063385 0 0.6513547301292419 0.2402753531932831 1.335508868098259 0.4868924915790558 3.644182376563549 2.210511818528175 0.9826820492744446 0 1.18264976143837 1.653330937027931 0.1470998376607895 2.870332226157188 0.2983838319778442 0.4831807911396027 0 0.8278740644454956 0.8401344418525696 2.030952468514442 2.344780944287777 0.4629786759614944 2.524633400142193 2.507069796323776 3.408765964210033 0.8378238826990128 0.3869677782058716 0 0 0 1.177570968866348 2.023783475160599 0 2.088377639651299 0 0 0 1.880893051624298 2.348289288580418 0.1554426550865173 0 0 0 0 0 0.08712790906429291 0.9812448620796204 2.636538505554199 0.2285632342100143 0.6699498891830444 0 0.1056987047195435 0.1450865715742111 0 0 0 0.9272909164428711 2.809136539697647 0.2823489904403687 1.061242282390594 0 0.2692681849002838 0.298008143901825 0 1.09086175262928 0.4817521870136261 2.055870175361633 0.5825427770614624 0 0 0.3033660054206848 0 0 0 0 0 0 0 2.570024192333221 1.9922945946455 1.063357889652252 279.2173047065735 31.6663832962513 440.5035903677344 105.014761030674 119.9470674023032 53.06114473193884 18.0475118085742 103.9992522746325 4.072177916765213 1.097945034503937 4.938927084207535 1.272146567702293 0 0 0.09693090617656708 0.9654492735862732 2.065704889595509 0.3974820077419281
85.39960506558418 876.4094700813293 303.6886405423284 12.73355981707573 1277.095123000443 16.44325186312199 1836.276079311967 442.8301194086671 0 69.42817299067974 3184.990021526814 30.41851982474327 3053.361203350127 660.7719731777906 25.20990084856749 9.786291897296906 0.09705743193626404 0 0 0 0 0 0.2133392840623856 0 0 0.5037880167365074 0 0.9125419929623604 0.2869447991251945 0.08271406590938568 85.94000701606274 21.31473341584206 54.55892548710108 0 0 0 27.60483877360821 0 2.575551725924015 0.6367309093475342 0.9929107651114464 0.8267238959670067 0.1290074288845062 3.237969309091568 0 0 82.58821574598551 1.958858735859394 0.2377778291702271 0.2149651348590851 0.6907224059104919 0.2801780700683594 0 1.464598409831524 1.539251111447811 5.934230361133814 6.428977772593498 39.26738500595093 1.079098835587502 10.81699086725712 0 1.219044968485832 0 40.52632442861795 3.481035217642784 2.580041095614433 1.664937507361174 1.392800658941269 0.1122584119439125 0.4987393841147423 21.31555606424809 9.419504463672638 0 23.70695238560438 34.62266661971807 31.81493168324232 39.16298960149288 3.627034701406956 0 7.141091078519821 0.212532639503479 1.31787446141243 3.648986481130123 0.6571630090475082 1.72360660135746 0.993649996817112 1.10154190659523 0 0.1393821090459824 0 0 0.3566645011305809 0.1796720251441002 0.5167217254638672 0.6620232313871384 231.6123642474413 1.666396975517273 0.4301475584506989 1.078554943203926 19.0178143158555 2.723025664687157 0 1.003065809607506 0 42.21868102252483 123.3155696094036 1.300924569368362 29.0061614215374 28.24184589087963 13.77077354490757 14.29292918741703 90.93405760079622 80.84010813385248 80.54375056922436 24.69462189078331 0.1355713307857513 0.2232229858636856 0 0.2043606042861938 0 0 0 0 0 0 0 0 0 0 0.2855469286441803 0 0 0 0 4.346173658967018 0 0 0.5411184430122375 0.2189692556858063 8.575774744153023 0.2180091440677643 11.05174724012613 0.4131957292556763 0.4834019243717194 0 0 0 0 0 0.33216392993927 0 3.104331195354462 5.992963530123234 2.636000156402588 0 0.106123074889183 0 0 1.570089928805828 2.669617034494877 0.3054308220744133 0.3358162939548492 0.6357693672180176 0 0 2.27666437625885 18.35084484517574 0 1.989718817174435 5.283114217221737 0.6345288380980492 0.435408242046833 0 0.1104291528463364 0 0 33.63050755858421 2.27009192109108 0.1934782713651657 0 0.4351114630699158 1.547549679875374 1.376386284828186 3.43927013874054 3.067147560417652 9.759477518498898 10.57747869193554 3.531285971403122 0.3205544278025627 1.763967499136925 0 0 0 0 0.1506796777248383 0 0 54.71659868955612 8.697694405913353 6.968243844807148 665.3655113279819 34.89119856059551 332.4564014449716 96.4428923651576 132.283487521112 63.24779282510281 11.87757777422667 204.8930746242404 7.070528626441956 0.4391158223152161 19.23584511876106 4.165799699723721 6.323038339614868 4.140108346939087 0.3772345185279846 3.266438350081444 6.423769876360893 0
1760.90291428566 470.3803025633097 7.269719585776329 1103.770553529263 434.2920807749033 1307.004844650626 2973.131361693144 0 69.42817299067974 0 5.704822674393654 1250.414869561791 4357.464868709445 698.5611746907234 1.266082569956779 0 0 0 0 0 0 0 0 0 0 0 0.1135475113987923 0.2305135652422905 0 0 16.02276754379272 0.8905633240938187 11.43212302029133 0 0 0 15.44408452510834 0 3.420634895563126 0.3105738312005997 0 0 0.2212618440389633 0 0 0 10.17631824314594 1.84467638283968 0.1269809305667877 0 0.2558529302477837 3.551420137286186 0 0 1.626353673636913 3.280099749565125 25.33224236965179 141.7367181032896 0.4803814888000488 5.119296461343765 0 2.626893281936646 0 3.956374973058701 2.814680896699429 1.039862081408501 0.4893493726849556 0.6930353716015816 0.2440447509288788 0 58.50918771326542 56.78172685205936 2.467952474951744 28.01623740792274 8.510581932961941 9.417517021298409 2.453762404620647 0 0 6.521927192807198 0.1288212090730667 0.3980436027050018 1.878136649727821 0.5531726628541946 1.774622045457363 0.6928787752985954 0.7903024926781654 3.150993309915066 0.4398804008960724 3.612940803170204 0 1.902185663580894 0 0 0.1814833581447601 512.7926906943321 20.50391389429569 2.356641829013824 6.783089533448219 1089.261373355985 2.079393565654755 0 1.053753316402435 0 6.513533264398575 57.8163957297802 0.8936799168586731 15.21126028895378 11.69597570598125 10.03587128221989 5.724993035197258 38.06601023674011 24.46795335412025 27.03776051104069 6.335044205188751 0 0 0 0 0 0 0 0 0 0 0 0 0 0 0.4011125713586807 0 0.4515818357467651 0 0 4.316814839839935 0 0.3399187922477722 0 0 5.31371121108532 0 2.307913169264793 0.8274138271808624 1.405424609780312 0 0 0 0 0 0 0 2.609375417232513 1.193279430270195 0.2689108848571777 0 0 0.5121126025915146 0 0.608580157160759 0.6507812738418579 0.4447273313999176 0.4085986316204071 1.237026572227478 0 0 0 4.028047829866409 0 0 0.7496503368020058 0.1355324983596802 0.3800772577524185 0 0 0 0 4.554743632674217 0.8699373006820679 0 0 0 0.1896788775920868 0 0 1.229815483093262 6.494817137718201 1.370887368917465 1.708497822284698 0 0.497282400727272 0 0 0 0 0 0 0 26.74632132053375 1.58237299323082 1.425773620605469 187.8668176904321 2.661467358469963 63.40454705059528 21.59155279397964 1398.750627577305 8.29576800763607 4.635496646165848 3.368822857737541 4.696413323283195 0 8.385809779167175 0.4549478888511658 1.725136637687683 0.4042259156703949 0 0 0 0
1119.960070222616 1951.751408189535 3067.458382613957 1.803102895617485 1082.476260647178 14.20475190877914 925.3155645728111 1158.925853043795 3184.990021526814 5.704822674393654 0 72.04394535720348 3709.728554822505 3413.386552922428 89.45644184947014 51.43052777647972 4.161419071257114 0.5151299238204956 0.130646750330925 0.5670014917850494 2.66264545917511 3.04997506737709 0.6112675070762634 0.2083387449383736 3.298772513866425 7.161731705069542 0.2887357473373413 4.935167901217937 2.092132449150085 0 1710.899113096297 447.1645968332887 1024.000837519765 0 0 8.925221562385559 473.2770374938846 8.939925156533718 34.367361523211 25.65957698225975 2.073291622102261 6.911731511354446 1.451350845396519 19.71822407841682 0 0.1898347735404968 334.887019969523 10.91602396219969 1.569080784916878 0.8637865334749222 3.335117250680923 5.309412844479084 1.718340009450912 5.298012383282185 8.148039110004902 28.76183220744133 38.49116635322571 416.0679699927568 5.950484193861485 52.39735323935747 1.097617700695992 18.11952418833971 0.1574839651584625 334.8290791139007 20.52574447542429 7.740429975092411 6.896301925182343 6.514628700911999 1.420955069363117 5.638840615749359 113.7413650080562 29.37681363523006 1.418119519948959 118.7140226066113 220.4881597235799 165.468240685761 219.2515346556902 21.80792049318552 2.05485463142395 285.7020990252495 3.719685599207878 22.20141568779945 16.01294587552547 2.159749664366245 8.807404369115829 5.025973759591579 6.635765939950943 0.11241265386343 2.153760887682438 0.1560334414243698 0.2851918414235115 0.4476677104830742 2.079613626003265 1.627955473959446 5.843371629714966 232.0069455951452 13.04931183159351 0 12.27556947618723 199.9145158603787 2.651626020669937 0.1888440400362015 1.143102645874023 0 25.06408482789993 81.05552211403847 0.9585960060358047 19.02397757768631 11.71237604320049 8.527415230870247 9.329014889895916 54.16175708174706 53.34181598573923 45.65316814184189 23.24207127839327 0.7092081978917122 0.3133936822414398 0.5147547125816345 0 0.166266605257988 0 0 0 0.723381370306015 0.2957428097724915 0.9715867638587952 0.6414774209260941 1.155602633953094 0.425319030880928 0.1762793660163879 0.3094846308231354 0.2683316618204117 0.2589482665061951 0.7869985997676849 3.343702152371407 0.3430473506450653 0.3326663225889206 0.1203092113137245 1.085650458931923 18.44912535697222 0.4571517407894135 14.63914693146944 3.9780438169837 2.641981653869152 0 0 0 0 0 1.318145453929901 0.3211951553821564 5.284251481294632 5.77744647115469 0.5080103054642677 0 0 1.313044726848602 0.9049423038959503 1.713940843939781 0.8036296367645264 0 0 1.419403612613678 0 0.2452438175678253 0.2698699533939362 19.16659978032112 0.8002589493989944 0.4884557127952576 3.187389008700848 0.3667725846171379 0.1964998543262482 0.1007650792598724 0.1310935467481613 0 0.5651665329933167 44.86730766296387 1.953325316309929 0 0 0.559713251888752 0.692658394575119 0.5238565802574158 2.685033023357391 3.510912030935287 10.78682032227516 5.871829628944397 0.3072023391723633 0.7383284568786621 1.19305606931448 0 0 0 0.2124166339635849 0 0 0.8887602090835571 40.58409470319748 10.65008593350649 9.098964653909206 1386.277181148529 100.0161314532161 1112.476000078022 326.7659967690706 340.352037973702 186.8836060315371 51.50716558843851 479.5182029232383 14.13408837467432 1.753371760249138 21.66312105953693 5.740103714168072 5.873929962515831 0.6351390928030014 0.2971029058098793 2.602231368422508 25.11659200489521 0.2181388437747955
276.8686179965734 52.68264238536358 2.107837945222855 239.7240569591522 67.93080857396126 332.3841945976019 592.3023258447647 2.887209266424179 30.41851982474327 1250.414869561791 72.04394535720348 0 2733.955671578646 510.0380462408066 3.649043291807175 6.487316109240055 0.2251118272542953 0 0.4030042290687561 0.3080936074256897 0 10.31133937835693 0 0 0.3388923108577728 2.260202825069427 0 6.025186419487 1.178896486759186 0 3.420052602887154 2.771143443882465 69.32773290574551 0 0 0.6858590841293335 126.5611695349216 0.4728830456733704 16.27824840694666 4.500361859798431 0 0.273235946893692 0.4235224574804306 2.504227191209793 0 0.2292136549949646 13.14173440635204 0.2432141974568367 0 0 0.104456327855587 7.016390427947044 7.990709125995636 6.718381226062775 0.4049091190099716 0.4945339411497116 3.537390366196632 12.39534843713045 0 0.7662680074572563 0.8394356369972229 2.415734425187111 0.7985972762107849 3.68479523062706 0.7011619433760643 0.1030217707157135 0 0.2358143031597137 0 1.665752530097961 240.4062387645245 117.5481195002794 1.770033061504364 4.562497682869434 4.499739937484264 6.309176027774811 5.077262401580811 1.813519515097141 0.1370172798633575 19.30102817714214 0 4.386862680315971 0.2916544526815414 0.1527463048696518 0 0.2284084856510162 0.2672920078039169 1.071652993559837 0 2.010273844003677 0.09559538960456848 0.2822523415088654 0.5393590927124023 0 2.3129031509161 2509.558333367109 89.89128771424294 2.135341703891754 46.64105214178562 214.3150736838579 4.988580286502838 0 0.5175715088844299 0.3134409785270691 30.74656239151955 81.69196780025959 1.600610435009003 17.22067208588123 7.577937513589859 10.78824135661125 8.763394683599472 63.260658249259 59.53261245042086 69.63333471119404 19.61355029046535 1.170085027813911 0 0.1638163924217224 0.1649707555770874 0 0 0 0.5368993282318115 1.946633562445641 0 1.561893135309219 1.375078782439232 0.679045096039772 0.2252217084169388 0.863786518573761 0.2497209161520004 1.452703043818474 0.926212266087532 0.4748571068048477 2.27886039018631 0.4332746863365173 0.9734253883361816 0 0.8006530255079269 13.21012645959854 0.9662534147500992 10.36857528239489 2.518088072538376 5.605623170733452 0.4271787703037262 0 0 0 0 0 0 3.103859752416611 4.300255000591278 1.107892006635666 0 0 2.129405468702316 0 0.4614837989211082 2.330188937485218 0.3702857196331024 0 2.976792052388191 0 0 0.5120320916175842 10.84159522503614 0 1.346723288297653 3.440856300294399 0.2091091945767403 0.08860480040311813 0.1081190705299377 0 0 0.4166823327541351 38.44002269208431 5.312054917216301 0 0 0.2420142889022827 0.549002006649971 0.4819620102643967 0.6053507626056671 4.432653047144413 7.497375145554543 5.214400924742222 2.517167672514915 0 1.368061386048794 0 0 0 0.09168335050344467 0.1354951709508896 0 0 65.38230331242085 7.897594049572945 6.764605417847633 140.7138341367245 5.890941351652145 64.28897028416395 13.3901005461812 377.5846031978726 6.362501308321953 2.361808069050312 25.16460788995028 4.200995214283466 0.9969704821705818 17.03548137843609 2.140269584953785 8.690886586904526 0.8229218274354935 0.1875558495521545 1.080640971660614 1.770772598683834 0.4087476432323456
234.6441942080855 640.8494635298848 18.67036260664463 729.453199878335 2341.155309766531 338.1033538728952 5377.37002928555 85.39792077243328 3053.361203350127 4357.464868709445 3709.728554822505 2733.955671578646 0 899.8139543533325 35.9614038541913 39.81443792581558 1.699561543762684 0.2130527049303055 0 1.164992108941078 1.470812074840069 16.51662860810757 0 0.1443119645118713 5.090390503406525 6.154888898134232 0.1056870520114899 9.245114780962467 1.438682653009892 0.2073652893304825 22.38482812047005 17.64776065200567 673.2632728144526 0.5276193022727966 0.1389961838722229 4.461811944842339 450.2955527678132 49.96953703463078 42.03068418800831 210.7067563980818 3.770327977836132 3.76190921664238 0.8212593197822571 12.82598545402288 2.328172922134399 0.5697314664721489 107.269532173872 1.891367398202419 1.364566698670387 0.7186363935470581 1.66576773673296 21.28175085783005 11.97773809731007 9.377519093453884 1.016863629221916 4.971742905676365 6.89380357414484 27.49223274737597 1.093889348208904 12.51658310741186 2.460886150598526 14.63217788934708 0 29.47566597163677 3.523412726819515 1.974340796470642 2.37557639926672 1.425088077783585 0.6889544203877449 1.237134523689747 442.9809353724122 191.9518182128668 4.669932149350643 19.5557823330164 20.55434007942677 40.53944560140371 46.64012390375137 9.739356599748135 0.6343161016702652 68.44566662609577 1.358033455908298 6.972135923802853 2.788168907165527 0.8298214748501778 1.112389549612999 0.4551713466644287 1.680680423974991 2.71616318821907 1.066525407135487 3.131096579134464 0.3824127838015556 1.046104699373245 1.525003671646118 1.490608461201191 3.829966112971306 4379.259790822864 137.3619306236506 9.154467925429344 43.87655055522919 197.3096937313676 7.077330604195595 1.096054509282112 2.559794649481773 0.9560756981372833 101.011583045125 290.0850323960185 13.59613229334354 85.262550085783 68.37154360115528 50.51410150527954 52.91693940758705 294.5810115709901 257.0539055392146 218.7427875474095 96.43991948664188 1.231556288897991 0.3453473970293999 0.3302668631076813 0.2114600539207458 0 0 0.8537892401218414 0.8282353579998016 4.366932183504105 0 2.818113252520561 1.334941297769547 1.322963058948517 0.3276906311511993 1.714136362075806 0.4316947013139725 1.69007234275341 1.770561158657074 1.333997964859009 16.99550770223141 0.2888169437646866 4.272722199559212 1.783964514732361 3.323227643966675 52.17908044159412 2.875866860151291 38.58877862244844 12.43926881253719 7.720638953149319 0.6683681011199951 0 0 0 0.3408481627702713 1.599101737141609 0 5.758771300315857 17.85360705852509 4.097655646502972 0.3914081305265427 0.1656315177679062 9.414060160517693 1.322994545102119 3.028594702482224 4.94689305126667 0.8043769225478172 0.8277744129300117 8.318017348647118 0 0.6169326901435852 2.528380155563354 35.4075863212347 0.1390328407287598 5.314555004239082 8.087128594517708 0.9153752848505974 2.770307466387749 0.5199241042137146 0.510358601808548 0 0.5687888190150261 153.6070384308696 11.03713051974773 1.134413719177246 0 0.7268316745758057 4.34044998884201 0.6341485530138016 6.765138298273087 8.631020121276379 33.86853731423616 18.34119988232851 4.698702394962311 0.8061618804931641 7.250818341970444 0.5789344012737274 0 0 0.5058235600590706 0.1085358113050461 0 0.5746708512306213 231.5704876035452 31.33013942092657 33.30688328295946 907.8323835581541 69.33429027348757 413.2242781966925 117.5685073137283 524.8925110027194 53.58505162596703 11.20614819228649 227.191090375185 20.70811697095633 2.23476779460907 56.20279075950384 9.572639919817448 24.94222505390644 3.992089219391346 1.946022056043148 12.33182334899902 14.85482381284237 0.8715268671512604
