0 3271.925029985607 1227.747924633324 2655.150004431605 411.6253193467855 27.32751746475697 847.860871270299 50.12571087479591 69.5767682120204 851.9296571984887 400.8992511555552 35.75174035131931 53.00002719461918 4.204650856554508 0.1019808650016785 0 0 0.1573954075574875 0 0 0.1856301873922348 0 0 0 0 0 0 0 0 0 764.5596553087234 3.031922429800034 0.2005679532885551 0 0 0 0.329668790102005 0.1095970571041107 0.1449033468961716 0 0 0 0 0.2625495493412018 0 0 19.87496061623096 2.231171399354935 0 0.1221519410610199 0.1086750030517578 0 0 0 1.141903452575207 2.084001071751118 173.5157016515732 646.2133588939905 42.24316857010126 6.489231169223785 0 0 0 9.238173887133598 1.087119489908218 3.019861184060574 3.157420508563519 0.5660966709256172 0.08262451738119125 0 2.064951241016388 0 0 79.74077785760164 108.4278525412083 12.0874807164073 2.022128105163574 0.149846076965332 0 0.4042228981852531 0.2461850345134735 0 11.12773472815752 0 1.344759404659271 2.052954256534576 1.028589062392712 0.1855428218841553 0.9556931257247925 0.4584459513425827 0.2482304275035858 0.1318007707595825 0 0 0.1319015771150589 19.66395992040634 2.327355802059174 0 0 706.8816029876471 0 0 0 0 0 0.9367876946926117 0 1.92496994137764 3.562663316726685 0.3053428530693054 0 2.4411950558424 0.4693734794855118 2.325608879327774 0.1148052513599396 0 0.1026872918009758 0 0 0 0 0 0 0 0 0 0 0 0 0 0 0 0 0 0 0 0 0 0 0 0 0.1207762807607651 0 0 0 0 0 0 0 0 0 0 0.4261027276515961 0 0 0 0 0 0 0 0 0 0 0 0 0.1754491925239563 0.453365370631218 0 0 0 0 0 0.1445523649454117 0 0.1231123879551888 0 0.3158423155546188 0 0 0 0 0.3013397753238678 0 0 0 0 0 0 0.1144143640995026 0 0 0 0 0 0 0 0 0.1231133416295052 0 0 8.95272696018219 7.395303577184677 39.27019117027521 9.253157503902912 512.4858803749084 8.874068684875965 1.299113392829895 3.085097029805183 0.1179656088352203 0.1065286472439766 0.3421528041362762 0 0.2324349582195282 0 0 0 0 0
3271.925029985607 0 1048.061018049717 1917.65070759505 2163.164469920099 187.2861505746841 1044.993367262185 107.0547645166516 1198.806974448264 188.3725944831967 2199.214242942631 35.92299395799637 611.4040955901146 151.5731086283922 8.793679438531399 0.2186556607484818 0 0.2644143253564835 0 0.1510588824748993 0.1668327301740646 0 0.110891118645668 0 0 0 0 0.2412073537707329 0.2441060096025467 0 1874.461330555379 64.01548049598932 9.708218939602375 0 0 0 5.222478598356247 0.2193881049752235 1.136637352406979 0.2263252660632133 0 0.2613824754953384 0.3402769193053246 0.386463426053524 0 0.9564743116497993 226.9475817903876 10.85872706025839 0 0.8136753737926483 1.225894704461098 0 0 0 2.959999471902847 7.112383283674717 72.08022720366716 565.6733387261629 24.73348895460367 62.88533628731966 1.539096392691135 0.9799579083919525 0 145.8229836151004 8.422323308885098 12.4383969604969 13.85344292968512 5.068084560334682 1.114637598395348 0 22.61512174457312 8.09937696158886 0 150.2953674271703 241.6433560326695 132.798485763371 42.47920679301023 4.647525660693645 1.330531410872936 6.931967318058014 1.503684774041176 4.637669272720814 47.57203608006239 0.4025793820619583 8.961250990629196 13.55264654755592 2.702321894466877 1.509484805166721 3.511902511119843 0.2591934204101562 0.7148243859410286 0.2054140940308571 0.3435819149017334 0.4968930333852768 0.6254909932613373 143.8663113117218 4.34982630610466 0 0.174104243516922 1056.53151602298 0 0 1.7655323818326 0.9082153663039207 1.552036419510841 39.58428092300892 5.609727591276169 34.41151841729879 31.43568902462721 17.01189391314983 4.249531373381615 73.81198497861624 41.91733328998089 50.99655368179083 21.31626698374748 1.31635707616806 2.312269940972328 0 0 0 0 0 0 0 0 0 0 0 0 0 0 0 0.2368872836232185 0 0.6019793599843979 1.48046250641346 0 0 0 10.97675955295563 0.1588841080665588 9.008337438106537 4.530925862491131 0.1517225950956345 0 0 0 0 1.239978283643723 0.9763444066047668 0 2.722116470336914 6.77222066372633 0.06963428109884262 0.5174602568149567 0 0 0 0 0.4605835452675819 0 0.4419733583927155 0.8425914347171783 0 0.3260721266269684 0 26.42352061718702 0.3212826251983643 1.222086109220982 0 0.2173095121979713 0.2521213740110397 0.2108724862337112 0.1388711631298065 0 0.3900296315550804 22.24788615107536 1.064433559775352 0 0 0 6.172057829797268 0.6912070512771606 0.9958866685628891 2.996192991733551 1.149564549326897 7.665774695575237 0.7904489189386368 2.173876911401749 0.4304236099123955 0 0.1622733771800995 0 0.2687481269240379 0 0 0.3157087564468384 20.25077778100967 2.77195930480957 3.417190879583359 118.8202317729592 60.25638982653618 296.0288445577025 65.66438503563404 707.5605398267508 59.23469123244286 6.945061847567558 33.81539104133844 13.79509567469358 0.7417456358671188 25.61946433037519 1.241785861551762 16.14689990878105 1.23905823379755 0.426750123500824 3.141700580716133 0.9643603414297104 0.7613650262355804
1227.747924633324 1048.061018049717 0 93.73312063515186 938.7160497680306 344.3491618335247 147.3404457271099 1001.63489818573 163.3388284891844 13.54940810799599 2452.953241400421 5.193045198917389 24.60766951739788 50.84040670841932 16.49995323270559 5.475488923490047 2.347290672361851 0.8584367483854294 0 8.76319981366396 8.426667228341103 0 1.690631933510303 0 0 0 0 5.46078409999609 0.7883109971880913 0 3302.454945750535 490.7976032197475 11.28149802237749 1.035516798496246 0.5668712928891182 0.8365975916385651 2.947218015789986 1.582547634840012 1.551985368132591 0.6580043584108353 4.605847850441933 3.698935091495514 30.73913714289665 3.250122353434563 2.133895829319954 11.82820741832256 245.9388694241643 25.29575992375612 1.415642872452736 13.10985075682402 5.90863361209631 0 0 3.629837520420551 1.958051592111588 6.243639945983887 104.2468932643533 1062.77984406054 36.05315404385328 60.52231195569038 29.38283231854439 7.355996951460838 1.076125040650368 746.4066628962755 8.555102631449699 12.60800386965275 14.15821302682161 21.63159722089767 20.70077814906836 16.87570181488991 14.20602413266897 2.874948889017105 0 176.4410671442747 332.7401534020901 165.6637517213821 118.5533850491047 39.0124017521739 72.12424267083406 436.7513066902757 36.39973844587803 245.046016253531 45.37166975438595 0.4431389197707176 9.172779284417629 14.4813035801053 16.65759462118149 1.072215221822262 4.481923937797546 0.2544699907302856 2.827669017016888 1.549793496727943 3.133923605084419 6.124238088726997 2.388752654194832 53.74804952740669 0.6605018079280853 0 1.202660292387009 844.456961914897 0 0 0.8358414471149445 0.3203474581241608 0 6.920728661119938 0.5527351498603821 4.876831144094467 3.964514911174774 4.689730554819107 0.2113765031099319 11.29980180412531 5.913115441799164 7.629110485315323 5.20798946917057 0.3697986751794815 0.3558843582868576 0 0 0 0 0 0 0 0 0.2473115921020508 0 0 0 0 0.1582829058170319 0 0.1542357355356216 0 0 0.2978180050849915 0 0 0 2.607607491314411 0 2.540491931140423 1.616833493113518 0 0.1885521411895752 0 0 0 0.2280742675065994 0.3386818766593933 0 0.1555498689413071 1.213308393955231 0.1441437304019928 0.1223314180970192 0 0 0.3151548504829407 0 0 0.08944358676671982 0 0 0 0.1057656407356262 0 4.880028605461121 0 0.2877313122153282 0.1103524640202522 0 0.2165029719471931 0.2944305986166 0.2495242804288864 0 0.1107810214161873 4.332352563738823 0 0 0.2815418839454651 0.343925915658474 0.9093328863382339 0.3647359609603882 0 0.4170181006193161 0.2155839502811432 0.658651240170002 0 0.2999992817640305 0.5363264828920364 0 0 0 0.6088445037603378 0.3538150191307068 0.297856867313385 0.09819371253252029 2.220957279205322 0.5945852696895599 1.342767626047134 100.5932080373168 47.78746068477631 299.8169418945909 58.54639827460051 704.2992522791028 46.71132099628448 5.637240864336491 31.03087788820267 4.132118068635464 0.8431925475597382 5.578047931194305 0.2607616484165192 1.743215054273605 0.8692863211035728 0.1072238758206367 0.3935410976409912 3.888143539428711 0
2655.150004431605 1917.65070759505 93.73312063515186 0 463.5130850747228 318.1513208299875 968.5619243085384 2.914582088589668 75.06064165383577 989.8006802499294 39.56878986954689 94.73547013103962 551.5196125805378 0.8087944090366364 3.233253687620163 0 0 0 0 0.1230433210730553 0 0 0 0 0.1079721748828888 0 0 0.2026503682136536 0 0 302.7929815649986 22.92054995149374 0.2238909974694252 0 0 0.1439957469701767 0.4982830733060837 0 0.1043888032436371 0 0 0 0.1906639039516449 0.1387748122215271 0.1293554753065109 0.2449626177549362 116.9368957728148 8.353295408189297 0.2748369872570038 0.1314785927534103 0.8605099022388458 0.4101193845272064 0 0 2.430301435291767 4.490114316344261 45.84376676380634 279.2403338849545 14.84534630924463 34.21248652786016 0 0.1580601036548615 0 76.05404797196388 4.278552547097206 7.39901015162468 9.510541409254074 3.42835795134306 0.3314274400472641 0 2.168501228094101 0.1572624891996384 0 102.806019961834 150.1284231692553 69.36252085119486 12.03563167154789 0.7018780037760735 0.901093952357769 1.826686002314091 1.098142221570015 1.823365665972233 30.31773983687162 0 5.373652517795563 7.945387147367001 2.612968876957893 0.450546495616436 2.856310561299324 0 0.5389000549912453 0.415481224656105 0.2497654035687447 0.5605474933981895 0.2854705303907394 224.3635903894901 0 0 0 419.9077573567629 0 0 2.339663311839104 1.48621991276741 0 18.87259782850742 3.515850305557251 13.10455910861492 14.67253750562668 13.36397191882133 1.484753832221031 24.84569985419512 10.40847916901112 15.03012554347515 1.715400516986847 0.3149375915527344 0.2863203659653664 0 0 0 0 0 0 0 0 0 0 0 0 0 0 0 0 0 0.5488355159759521 0.7594011425971985 0 0 0 2.006015926599503 0 0.2336054742336273 0 0 0 0 0 0 0 0 0 0.1251439601182938 0.6399698704481125 0 0 0 0 0 0 0 0 0 0 0 0 0 0.800925076007843 0 0 0 0 0 0 0 0.09273204207420349 0.08764848858118057 1.049078375101089 0 0 0 0 0.7645866274833679 0 0 0 0 0 0 0 0 0 0 0 0.08509974926710129 0 0 0 3.545959532260895 0.2810799777507782 0.2131694555282593 29.10465051233768 26.6741136610508 168.3586133718491 35.85126771777868 563.2074943631887 32.64236101508141 3.228504337370396 7.537598602473736 0.8419572561979294 0.09240937232971191 1.247435346245766 0.141918808221817 1.897249281406403 0 0 0 0 0
411.6253193467855 2163.164469920099 938.7160497680306 463.5130850747228 0 29.74520154297352 1153.26075104624 444.6993504017591 3320.917610481381 732.3274427726865 690.9327613636851 119.6461432874203 1424.641194134951 314.9446790963411 18.07592093199492 0.1137053370475769 0.2817372530698776 0.1107647344470024 0 0.5505579859018326 0.1614940464496613 0 0 0 0 0.8132150918245316 0 0.3949575871229172 0.6224067807197571 0 334.8312524631619 73.33906017243862 12.55624257028103 0.09664013236761093 0 0.5431896448135376 13.54317580908537 0.5003832951188087 1.518549166619778 0.37593062967062 0.4598980471491814 0.5196196734905243 0.2518849074840546 0.2758552357554436 0 0.1140922978520393 261.7359429895878 9.014319591224194 0.1572563350200653 0.391302153468132 0.9920325204730034 0 0 0 1.887751236557961 5.740056499838829 11.65022177994251 113.2732191234827 4.66202886402607 62.63418459147215 1.238777607679367 1.856037758290768 0 142.4540220797062 5.095473751425743 7.643008530139923 10.80100789666176 4.362237296998501 0.3559575155377388 0.2392039224505424 61.39271485805511 21.30176632106304 0.09986501187086105 73.8053457736969 120.1050763353705 134.4248105213046 89.43080903589725 10.27789065241814 1.204057686030865 9.788585402071476 1.490271687507629 5.941393569111824 22.45453532040119 0.1044550538063049 5.433439314365387 9.120096288621426 3.561107687652111 0.2555580511689186 2.962099179625511 0.2980331927537918 0.4905468374490738 0.4888984188437462 0.160790428519249 0.1715527325868607 0.1728329211473465 234.3984562456608 9.742909714579582 0 2.578607127070427 67.33410310745239 0.9894284978508949 0.6792246699333191 4.784991413354874 3.672591477632523 3.266267314553261 98.62341675162315 8.916745543479919 89.36505813896656 81.33317746222019 39.56890770047903 9.198726825416088 174.9876519814134 132.3500397875905 111.9898658916354 57.305041693151 4.865067765116692 5.176102414727211 0 0.7956215143203735 0 0 0 0 0 0 0 0 0 0 0 0 0 0 0 3.284038305282593 1.124889448285103 0 1.925295770168304 0 27.04241336882114 0.8712373524904251 28.5062827244401 10.50958118587732 0 0 0 0 0 1.269084841012955 0.3459409028291702 0 5.309389069676399 13.05593100935221 0.3889391645789146 0.1075631678104401 0 0 0 0.8182505369186401 0.897882305085659 0.2085004150867462 0.739215224981308 4.816710650920868 0.3192107975482941 0.5043905377388 0.5443004220724106 79.28918708860874 0.9637743234634399 1.959344893693924 0.1165742352604866 0.5225778743624687 0 0 0.1290242075920105 0 0 58.66175369173288 1.460500538349152 0 0 0 14.68850190937519 1.131764769554138 2.96748785674572 3.323999457061291 3.213723637163639 13.55062603205442 0.7914494276046753 4.28828476369381 1.322357639670372 0.1094422116875648 0 0 0.4956211149692535 0.09812497347593307 0 0 52.69466761499643 5.627602979540825 7.952219016849995 201.6556803137064 65.69874162971973 345.7697929516435 78.18336560577154 348.5497088357806 81.08973441272974 6.627169266343117 75.3595375418663 36.03220176696777 3.948914803564548 42.76468435674906 4.73728358745575 34.38954152166843 4.157087743282318 0.09893273562192917 5.981899216771126 2.967743843793869 0
27.32751746475697 187.2861505746841 344.3491618335247 318.1513208299875 29.74520154297352 0 279.3140237033367 6.115218386054039 24.45883022248745 719.2542149275541 37.74250039458275 193.9258726388216 239.4092769175768 60.77349634468555 0 0 0 0 0 0 0 4.740934044122696 0 0 0 0 0 0.1937245428562164 0 0 160.8381020277739 0 32.34646746516228 0 0 0.5733335614204407 28.75158326327801 0 1.585430800914764 0 0 0 0 0 0 0 0.5838332623243332 0 0 0.1532936543226242 0.4355235993862152 35.51903961598873 0.2519564032554626 0.1907086819410324 0 0.3083953559398651 113.9198868125677 23.84020105749369 6.87939316034317 0.5752549096941948 0.1678219437599182 7.645634934306145 0 0 0 0.1272940188646317 0 0 0 0 182.7254731059074 267.635759755969 6.2735755443573 4.435912415385246 4.280600801110268 0.4297721609473228 0.3576163053512573 0 0 22.20100216567516 0 6.914501175284386 0.5641129612922668 0.7781390398740768 0.1034884378314018 2.503843545913696 0 15.27808783948421 7.382926747202873 37.69314352422953 1.189682453870773 5.949949115514755 0 1.26935125887394 2.19365631043911 476.012120872736 177.3554636836052 10.98238407075405 1.351649820804596 376.6618335843086 0 0 0 0 0 2.209875717759132 0.4446075558662415 1.239839166402817 6.876436278223991 0.9575888514518738 0 1.961692109704018 0.7092022001743317 0.7444538325071335 0 0 0 0.2790428996086121 0 0 0 0 0.1648595035076141 0 0 0 0 0 0 0 0 0 0 0 0 0 0 0 0 0.1584879010915756 0 0.1435666531324387 0.4133277237415314 0.2785557806491852 0 0 0 0 0 0 0 0 0 0 0 0 0 0 0 0 0 0 0 0 0.3466517627239227 0 0.1167497783899307 0 0 0 0 0 0 0 0 0 0.1677424013614655 2.330967426300049 0 0 0 0 0 0 0 0 0 0 0.1118904054164886 0 0 0 0 0 0 0.1666863560676575 0 1.323095321655273 0 0.1596589684486389 1.187864780426025 0.2539956867694855 0.9466544613242149 0.1406444609165192 315.9413983747363 0.3767459243535995 0 0.4353415817022324 0.1559930741786957 0 0.5408556759357452 0 0 0 0 0 0 0
847.860871270299 1044.993367262185 147.3404457271099 968.5619243085384 1153.26075104624 279.3140237033367 0 15.19142824411392 1239.949320539832 3567.026500619948 204.1890136450529 479.220102801919 2768.268738232553 576.3335587382317 15.50242610275745 0.35146214812994 0 0.4579894840717316 0 0.6550516188144684 0.7675886005163193 0 0.2694957256317139 0 0.0846029669046402 0 0.2259610965847969 0.1712073683738708 0.3524762317538261 0 346.9794122055173 82.64770392328501 11.30535442382097 0 0 0.1446924954652786 10.30756747722626 2.627011090517044 2.529876992106438 0.9404016509652138 0.4268506020307541 0.3723069503903389 1.007377907633781 0.1337795108556747 0 0.438093364238739 355.0718073025346 13.62144210934639 0 0.5339706987142563 1.553944557905197 0.1184492260217667 0.1938546001911163 0.1109132617712021 4.559776686131954 9.863179832696915 26.39649759232998 246.9060493335128 12.82313304394484 88.31430470943451 2.586515359580517 1.090427935123444 0 212.4397925958037 11.09111163765192 13.83958845585585 19.04366612434387 7.318308360874653 1.069160737097263 0.930364303290844 59.19123891741037 20.72601296007633 0.4686739891767502 137.4939926713705 225.4756352752447 176.835706345737 86.45065349340439 9.706677839159966 3.529445871710777 12.53415465354919 2.342801846563816 8.289065212011337 44.40747075527906 0.09534179419279099 7.570733767002821 15.55797686427832 5.835619501769543 1.813352584838867 7.464461825788021 0.2486648410558701 0.304977223277092 1.078218437731266 0.4087593406438828 0.9219796806573868 1.567031316459179 794.3803659453988 9.484451457858086 0 1.099921375513077 181.4043127819896 1.188407875597477 0 10.12351710349321 10.10916048288345 4.114649713039398 161.520640604198 18.56874603033066 130.2629348412156 139.8427858501673 85.41522814333439 16.50699488818645 263.0286738574505 195.1525131836534 179.9358929917216 64.76483708620071 4.405965954065323 7.469782397150993 0 0.4791611582040787 0 0 0 0 0.2992201745510101 0 0 0 0 0 0 0 0 0 0 1.573683470487595 1.540255904197693 0 1.234152272343636 0 23.75213978439569 0 26.36931212991476 10.57120397686958 1.061788976192474 0 0 0.5776439607143402 0.9144812822341919 3.774907283484936 0 0 5.865008383989334 17.24365993589163 0.1134434193372726 1.0081402733922 0 0 0.2193786203861237 0.08091221749782562 0.8626304492354393 0.5553363263607025 1.220745712518692 4.901855409145355 0 0.6672706604003906 1.058108761906624 78.18027526140213 0.5494824349880219 2.481203563511372 0.2871954962611198 1.159667551517487 0.2536492720246315 0.2781724780797958 0 0 0.2526118159294128 64.14953032135963 1.481048822402954 0 0 0.1176433637738228 18.34616412967443 0.7419661581516266 3.675238400697708 6.175928175449371 3.703565657138824 18.31360180675983 1.8809734582901 3.132287681102753 2.046293333172798 0 0 0 1.203315556049347 0.09449982643127441 0 0 78.13914212584496 3.269672855734825 9.075409442186356 200.9397992864251 94.09558997303247 447.1887397691607 105.2904649823904 754.0585414990783 93.92207174748182 9.62402606010437 67.58912452310324 27.64345103502274 2.792964212596416 49.5528312176466 3.007903881371021 43.75229698419571 7.063080005347729 0.730563648045063 7.715741015970707 1.563263103365898 0.675078809261322
50.12571087479591 107.0547645166516 1001.63489818573 2.914582088589668 444.6993504017591 6.115218386054039 15.19142824411392 0 66.88243320584297 2.46719790995121 1879.686724431813 15.32587554305792 56.90583871304989 133.9969749897718 65.58593101799488 30.93566587567329 3.471195414662361 11.15550693124533 1.20409668982029 38.50931976735592 53.52344658970833 1.03100648522377 5.251890942454338 3.736232459545135 2.238646969199181 0.9196075201034546 0.5246279686689377 28.88483566790819 4.487186938524246 0.2607663199305534 1071.858358956873 1030.390906356275 52.0756596699357 8.485839933156967 7.487172320485115 6.361110858619213 19.6881969422102 11.2489008307457 4.835206709802151 5.391743816435337 32.22098921984434 26.72409223020077 132.9015734419227 13.52418027818203 11.60303612053394 57.17066024243832 482.5342293530703 45.89954297244549 6.922465056180954 81.60950364917517 23.37936786562204 3.362695887684822 0 26.33268786221743 1.830730505287647 6.382072433829308 22.09245945513248 312.0020527243614 9.108161315321922 95.22661928832531 190.6673249155283 59.5981570109725 6.751771226525307 1070.078412957489 7.277340210974216 13.27390607446432 31.87031441926956 94.29544142633677 95.63380439579487 117.3210339397192 33.99093332886696 15.59071417152882 1.328796401619911 117.4501342177391 289.3664975464344 305.4352680519223 557.1746470853686 295.4898125380278 354.6049261838198 4511.596659488976 175.2126807942986 3354.819366939366 36.83459928631783 0.3317088037729263 13.62343311309814 10.92097942531109 69.16850079596043 0.9532080441713333 7.702303521335125 0.8588695004582405 8.261073619127274 5.033479548990726 33.13829680532217 26.97692344337702 7.725155711174011 17.79067844152451 4.688991382718086 0.3126756548881531 2.446169167757034 76.32333099842072 0.2612815201282501 0 0 0 0 5.493905186653137 0.9245378375053406 3.635595262050629 4.185578376054764 1.640441626310349 1.55106683075428 10.68262945115566 9.560759693384171 11.34171787649393 9.299346193671227 1.879155658185482 3.105465665459633 0 0 0 0 0 0 0.2888002991676331 0 0 0 0.1216271594166756 0 0 0.5357005149126053 0 0 0.1614271402359009 0.1149711459875107 0.6978223919868469 0 1.497462511062622 0 8.740077711641788 0.1806962937116623 11.11142236739397 8.351416707038879 2.435637526214123 1.227341011166573 0.9441864490509033 0.3023874387145042 0 0.5993202477693558 1.051323384046555 0.4011546969413757 2.313937813043594 3.492311328649521 0.3986778259277344 0.3282410204410553 0.2204640954732895 0 2.126332901418209 0 0 0.1893963739275932 0.5989925190806389 0.8193515986204147 0 0.2345660626888275 0.3687203079462051 11.29544658958912 0.4334914088249207 0.8202828988432884 0.3914231136441231 0.278034046292305 0.6677241921424866 1.788690380752087 2.247700534760952 1.451782628893852 1.392131961882114 9.249252654612064 3.359288707375526 0.3311809897422791 0.3986067026853561 1.84088671207428 1.709174454212189 0 2.102862894535065 0.3747672587633133 0.5818152576684952 3.959629282355309 0.667466402053833 0.7562955170869827 1.762637935578823 0 0 0.1649522334337234 1.75159990042448 0.2928559482097626 1.970271438360214 0.2318840175867081 2.895812347531319 1.996021091938019 7.743370614945889 343.3974937796593 87.59634364396334 616.4629522636533 95.72864454239607 196.0754833593965 84.66532050818205 8.282538697123528 126.0299069657922 25.30545534938574 1.234514437615871 18.85099578648806 1.176713466644287 5.561381384730339 1.769067794084549 0.3019531071186066 3.7596175968647 8.647869244217873 1.200280949473381
69.5767682120204 1198.806974448264 163.3388284891844 75.06064165383577 3320.917610481381 24.45883022248745 1239.949320539832 66.88243320584297 0 430.214996650815 2425.257602162659 128.8147583156824 3621.343217909336 1114.558456338942 28.08222348242998 3.586583241820335 0.5567715615034103 0.5991284996271133 0 1.012839518487453 0.5070967823266983 0.1640565246343613 0 0 0 0.7977757230401039 0.2200140506029129 1.495381154119968 0.7324462160468102 0.08751806616783142 95.48243191838264 62.85036680102348 33.54693133383989 0.1590029299259186 0.1216779574751854 1.373312056064606 27.33023288846016 3.955071985721588 3.861485786736012 2.239996485412121 0.9566989913582802 1.428754411637783 2.504227213561535 0.9127564579248428 0.4670907780528069 0.5610866248607635 260.056129463017 5.28303350508213 0 1.719004929065704 1.342359907925129 0.1043351069092751 0.1852822750806808 0.7335941195487976 0.9645145907998085 3.513180397450924 7.932154178619385 48.59225722402334 3.271416552364826 42.78164993971586 1.935045823454857 3.401857763528824 0 96.9801285341382 3.002997815608978 4.712762258946896 7.054275937378407 4.402201741933823 2.04365599155426 1.917061038315296 100.7389530390501 34.36531479656696 0 48.29372088611126 74.37884803116322 130.1283455491066 143.1964875608683 19.42556952685118 1.963599309325218 40.31311600655317 2.029679052531719 4.607939541339874 18.80359790474176 0.1225336790084839 3.231697164475918 5.507829338312149 4.67588946223259 0.719362236559391 2.029362164437771 0.4371345639228821 0.2676777616143227 0.70069470256567 1.03350456058979 1.143537387251854 0.8539143949747086 362.2473144680262 14.90884737670422 0 2.667507842183113 19.66343801468611 0.6750229001045227 0 6.772311367094517 7.419188261032104 2.603514038026333 134.1700736358762 10.93252566456795 104.6350012645125 93.08573044836521 42.61625196039677 17.09303594380617 212.1397205889225 160.5420329421759 159.668459109962 74.09592739492655 6.861134544014931 7.061033673584461 0.3953794315457344 0.3947332352399826 0 0 0 0 0 0 0.1839030086994171 0 0 0 0 0 0 0 0 2.234387435019016 1.280085369944572 0 0.5764676779508591 0 34.7590504065156 1.032402873039246 27.65983295440674 11.7644382789731 0.9298315793275833 0 0 0.1731221973896027 0 2.562893748283386 1.419212907552719 0 5.01990082859993 17.95687838643789 0.2469902858138084 0.5896730273962021 0 0 0.3217461034655571 0 1.616364799439907 0.7073453664779663 2.291581884026527 4.895173013210297 0 0.8701400458812714 1.275139153003693 85.35498949885368 0.2279292345046997 2.846984326839447 1.937471933662891 0.674331933259964 1.409165516495705 0.1094879508018494 0 0 0.1178121417760849 71.75207639485598 2.378030508756638 0 0.1100833788514137 0.2715690433979034 18.36333132535219 1.154873579740524 2.589996553957462 8.652078725397587 5.039097353816032 17.84466630220413 1.839718028903008 3.539264902472496 1.494574017822742 0 0.07255610078573227 0 0.8823090419173241 0 0 0 65.25820028036833 4.900389902293682 8.108664155006409 420.9819480851293 48.2073347941041 447.8096814900637 75.59137486666441 257.2510211914778 77.61625861376524 5.696349769830704 117.979784950614 38.68989065289497 2.639609195291996 63.23896536976099 3.311559461057186 51.87287849187851 4.515524283051491 1.482747718691826 8.818230241537094 4.830912664532661 0.1520938724279404
851.9296571984887 188.3725944831967 13.54940810799599 989.8006802499294 732.3274427726865 719.2542149275541 3567.026500619948 2.46719790995121 430.214996650815 0 27.44382131099701 1353.278239026666 5053.591281414032 138.2038102149963 1.814794898033142 0.2593221515417099 0 0 0 0 0 0 0 0 0 0 0 0 0 0 140.4809268563986 7.71368720382452 7.207820400595665 0 0 0 14.21169055998325 0.3134466707706451 1.074963919818401 0.1005629003047943 0 0 0.142135888338089 0.2153004556894302 0 0 43.7675691395998 1.73600335419178 0.1171937882900238 0.3544631749391556 0.233161136507988 1.532011866569519 0 0.2088220715522766 0.372351385653019 2.062030181288719 21.38927441835403 111.5145777016878 6.209426246583462 10.79841807484627 0.1774304360151291 0 0 21.18076012283564 2.298133850097656 1.953049510717392 2.823717914521694 1.447496496140957 0.1349775344133377 0 37.43426574021578 14.16423955559731 0.4971000403165817 39.69868161529303 53.05253268778324 23.8921495527029 6.436941079795361 1.300904721021652 0 1.073429085314274 0.2415307387709618 0.6946232318878174 10.39569436013699 0.1154950261116028 0.9544827118515968 2.581819631159306 0.9347157627344131 1.104374006390572 0.4784967303276062 1.643327638506889 0.3686979860067368 0.1825936287641525 0 0.1647028028964996 0.6399871557950974 943.10861133039 4.797016248106956 0 1.389555707573891 470.9703779071569 0.6443669497966766 6.364059746265411 8.52494752407074 35.11818704009056 2.268902063369751 168.5307759046555 332.8654357939959 125.6165648773313 155.68356102705 181.9375575780869 8.499593898653984 232.6487138047814 178.8089866116643 169.0821740478277 29.59049680829048 1.322066120803356 1.824132397770882 0 0 0 0 0 0 0 0 0 0 0 0 0 0 0 0 0 2.635140232741833 0.239446684718132 0 0 0 12.04136995971203 0 15.57649801671505 4.257278449833393 0.4450694918632507 0 0 0.3574718534946442 0 0.4801617860794067 0 0 2.159875348210335 8.487246312201023 0.0853990912437439 0.4334497451782227 0 0 0 0 0.4810532778501511 0 0.6190637573599815 3.272163107991219 0 0 0 28.28969199210405 0.1351215243339539 1.317308872938156 0.958386242389679 0.197596050798893 0.1206265613436699 0 0.1287083029747009 0 0 37.02785757184029 0.6903911232948303 0 0 0 7.487757816910744 0 0.2726286351680756 4.616491869091988 3.399471022188663 11.76653756201267 3.297501191496849 1.760776109993458 0.5539897605776787 0 0 0 0 0 0 0 80.21814090013504 3.818650111556053 2.680193662643433 30.04302191734314 7.969814941287041 68.60584304481745 13.91274458169937 645.7672158256173 14.77794911712408 1.012936845421791 5.44299254566431 10.86272506415844 0.2847657799720764 20.6816263794899 1.179729491472244 59.03829938173294 0.7016650289297104 0 2.115888357162476 0 0
400.8992511555552 2199.214242942631 2452.953241400421 39.56878986954689 690.9327613636851 37.74250039458275 204.1890136450529 1879.686724431813 2425.257602162659 27.44382131099701 0 489.2377280145884 2782.783226341009 3344.830402009189 56.89648359268904 21.97763702273369 2.192710623145103 1.859650760889053 0 3.61943231523037 7.371322840452194 0.5099370181560516 3.4352026283741 0.9569369181990623 3.198375925421715 0.8269213363528252 0.1119919270277023 6.042741246521473 2.977090880274773 0.3613709658384323 994.0199259445071 336.4633153378963 518.1684993356466 1.515569567680359 2.114860057830811 25.72758706659079 171.9206666722894 62.7405047789216 25.29757362604141 23.80374402552843 4.582415357232094 5.712284967303276 20.02460709214211 6.00563894957304 1.11022175848484 2.10787008702755 462.5403206124902 10.87825582921505 0.4216182082891464 6.59015703946352 6.475072599947453 2.000712871551514 0.4804092645645142 4.71874513477087 3.096485823392868 5.28519381582737 17.46861802786589 162.2782276794314 6.904562950134277 81.48492647707462 11.14281749725342 63.11443091183901 1.044964253902435 280.5782441720366 6.584347248077393 8.538365058600903 15.90757567435503 18.07293117791414 16.88814651221037 26.16242066770792 207.6896754801273 56.97138169407845 0 90.44795087724924 172.6677668616176 242.0653271228075 325.8207269981503 70.29393140971661 18.87707618623972 118.7626447454095 9.436156772077084 92.04579093307257 27.51005655527115 0.3301867470145226 7.170330181717873 12.0007152184844 12.71063181012869 0.6556131318211555 3.986362054944038 0.5299759954214096 2.856769621372223 1.618477433919907 11.56467897444963 11.11123085767031 5.850261501967907 250.3219699114561 26.88578413426876 0 3.640909478068352 144.8023010864854 0.5029054433107376 0 2.597200483083725 0.8445736169815063 0.8634386956691742 41.62764582782984 3.980146571993828 41.93151846528053 29.33199372142553 10.27072937786579 4.591009564697742 80.13023825734854 66.99639154970646 62.17551949620247 41.47864478081465 4.858463034033775 5.609832897782326 0.2864965200424194 0.4115547090768814 0.1320065557956696 0 0 0 0.3261435031890869 0.338367372751236 0 0 0 0 0 0 0 0 0 0.1493503004312515 0 0 1.381966531276703 0.162651926279068 22.148756749928 0.7209179177880287 30.51231443881989 13.17245826870203 0.5643893182277679 0.3520426154136658 0.1776537448167801 0.5408592224121094 0 2.958889067173004 1.181470081210136 0.2409671396017075 1.731512114405632 8.489714242517948 0.4264465495944023 1.127257019281387 0 1.013830855488777 0.2454049661755562 0 0 0.4119425565004349 0.977040097117424 1.846832133829594 0 0.2194156795740128 0.3924052268266678 59.79689610749483 1.535425066947937 3.198238030076027 0.2473248317837715 0.3810026347637177 0.6767186149954796 0.2850315272808075 0.3235143572092056 0.4561256095767021 0.4402373731136322 57.47640386223793 3.956078618764877 0 0.321413442492485 0.8518645018339157 10.24497526139021 1.110016703605652 2.215432927012444 4.694832779467106 2.389783225953579 12.8818724155426 0.8701955825090408 1.610576905310154 2.031461983919144 0.1020648926496506 0.1034881249070168 0 0.778713621199131 0.2544965147972107 0.3426205441355705 0 32.69092512130737 6.493388637900352 9.845487706363201 619.7545191124082 83.83521565794945 716.1962050870061 123.9932392090559 325.9009537920356 105.7576563358307 7.573611371219158 209.8846752941608 47.29924542456865 3.886888615787029 41.05659727752209 2.645220257341862 23.11479525268078 3.963095016777515 0.7453828528523445 7.47834550589323 12.23891624063253 0.139761671423912
35.75174035131931 35.92299395799637 5.193045198917389 94.73547013103962 119.6461432874203 193.9258726388216 479.220102801919 15.32587554305792 128.8147583156824 1353.278239026666 489.2377280145884 0 1475.374010331929 260.691959567368 6.010933861136436 4.166619323194027 0 0 0 0.311208114027977 0.7878305315971375 0 0 0 0.1010276451706886 0.1030783429741859 0.1209205612540245 0.5543249100446701 0.244202233850956 0 3.020802028477192 2.72088910639286 26.08651472628117 0 0 0.2529119551181793 97.08512189984322 4.124349638819695 4.089246787130833 4.636641822755337 0.6325777620077133 0 1.12272435426712 1.277306765317917 0 0 30.45028783380985 0.4700608849525452 0.2715992629528046 0.7254997193813324 0.6699383407831192 1.253959827125072 0.157755509018898 0.4453329145908356 0 0.2405015081167221 1.33035933971405 3.771179340779781 0.2077005505561829 3.152571961283684 0.9428052008152008 4.181083783507347 0 8.122484996914864 0.4162273705005646 0.4846355691552162 0.5329114645719528 0.9349634945392609 0.2930142134428024 2.052621759474277 253.7656517699361 55.53075443208218 0 5.776918433606625 7.421501852571964 15.70953953266144 22.63743510097265 8.85479311645031 0.3057916685938835 34.35013270378113 0.7292315512895584 3.136092573404312 1.364526234567165 0 0.4289750754833221 0.2380842715501785 0.5195197388529778 0 0.1026964113116264 0 0.1233400925993919 0.5974974781274796 0.6697285771369934 0.973956897854805 0.1772550791501999 1549.497072011232 50.93564004451036 0 1.319147318601608 41.75433452427387 0.3850877285003662 0 7.125901862978935 6.984861008822918 3.028083771467209 133.1809311285615 19.56908160448074 101.3942649886012 94.64826090633869 59.75598918646574 8.715188406407833 237.8597818613052 176.7902468368411 174.577908359468 76.20420479029417 4.337281204760075 4.774163693189621 0 1.123652592301369 0 0 0 0 0 0 0 0 0 0 0 0 0 0.201878234744072 0 1.588197596371174 2.657293900847435 0 0.5342206954956055 0 31.50667501986027 0.3337334096431732 27.33404249697924 7.530667409300804 0.1180553734302521 0 0 0 0 1.96052099019289 1.818791419267654 0.1350353360176086 3.993189685046673 13.11336321383715 0.1719219088554382 0.5538534969091415 0.1422989070415497 0 0.1031484603881836 0 1.055876530706882 0.119111143052578 1.068565614521503 1.856649726629257 0 0 0.1345726102590561 74.87375585734844 1.123061135411263 3.557803303003311 0.6718668937683105 0.9220342636108398 0.5467033162713051 0.2954055368900299 0.2600866854190826 0 0 78.60754261910915 1.023113176226616 0 0 0.2028407230973244 13.58686539530754 1.430253177881241 2.493664085865021 4.44882595539093 1.936035998165607 14.89876991510391 2.353119730949402 1.766142845153809 0.8621378242969513 0 0 0 0.2266122400760651 0.1272203326225281 0 0 91.0271006450057 5.704786062240601 8.014670841395855 102.2083730921149 6.125074401497841 68.7725133150816 9.765087269246578 149.3833408653736 6.33688048273325 0.8045644387602806 26.41666886210442 16.4377061650157 1.181135110557079 37.70657365769148 2.517743609845638 34.56526967138052 2.273690596222878 0.8371241688728333 7.132829263806343 1.83398625254631 0.1908403933048248
53.00002719461918 611.4040955901146 24.60766951739788 551.5196125805378 1424.641194134951 239.4092769175768 2768.268738232553 56.90583871304989 3621.343217909336 5053.591281414032 2782.783226341009 1475.374010331929 0 1495.110869631171 37.25419083982706 18.33392093330622 0.9663759991526604 0.4449371248483658 0 1.166279375553131 3.873569250106812 4.019923351705074 0.1704316735267639 0.462426133453846 4.746969319880009 0.4231805130839348 0.2283767238259315 0.8819543197751045 0.807289220392704 0.1092772483825684 20.81156537681818 17.30317298322916 306.3498632460833 0.5905504897236824 0.6146750748157501 54.21820709854364 129.8312134444714 141.1758586987853 24.44004937261343 41.15478171408176 4.497911125421524 0.4095010310411453 6.407264396548271 4.429352506995201 0.1443541198968887 1.797017782926559 152.7156559899449 3.055368505418301 0.7213612198829651 1.370441570878029 3.946429207921028 16.34009412676096 1.495565839111805 4.607925049960613 0.4907114431262016 1.878542326390743 2.87124003469944 17.46609894186258 1.127839341759682 20.62786560505629 5.118903666734695 73.16289781779051 0.2096312791109085 43.14323200285435 1.948949724435806 2.842479109764099 5.413352616131306 6.117154784500599 3.412275739014149 6.016138434410095 317.0018800273538 288.9833946451545 1.500517852604389 21.59297976642847 34.24464306235313 71.1087831184268 125.0905263200402 53.24626059830189 4.419182047247887 139.0476000383496 8.134105160832405 15.65995014458895 7.175922930240631 0.3517156392335892 1.85277745872736 3.458747416734695 2.961480669677258 2.016375079751015 2.122352987527847 4.156950831413269 0.5074141621589661 1.379559896886349 7.85619955509901 5.351789884269238 4.291259199380875 3290.04183678329 214.1283120065928 5.772975884377956 11.18775566667318 48.68037550151348 1.822982832789421 0.9729284197092056 14.60179088264704 12.04123188555241 7.032511591911316 206.8155156448483 20.32793618738651 160.1716033145785 166.7440512552857 100.5729566812515 18.35060676932335 369.433319337666 344.2062047496438 301.0938798338175 147.2607071176171 12.35701840370893 14.17767219990492 0.6763357371091843 0.914236307144165 0 0 0 0 0 0 0.1414195448160172 0 0.234812393784523 0 0.4517898112535477 0 0.6526794731616974 0.1143223345279694 0.1910447478294373 3.935765668749809 2.86861976981163 0.3912006020545959 1.271694108843803 0 71.20255766808987 1.245834201574326 68.45089408755302 28.15743384510279 2.698727265000343 0 0.4903421029448509 0.6002122834324837 0.7146496027708054 9.181638956069946 2.056333616375923 0 11.62591494619846 30.99968792498112 0.6210029870271683 1.718363620340824 0.1402755975723267 0.5520904064178467 0.4417594596743584 0 0.9957842454314232 0 1.703446418046951 5.293560497462749 0.2629359364509583 2.169604413211346 1.399482443928719 163.7245197966695 0.9788016229867935 6.286616869270802 1.400784574449062 0.6377701386809349 1.784736156463623 0.3054152876138687 0.3223044648766518 0 1.661194838583469 198.9847628325224 10.61187352240086 0 0.1098995730280876 0.2458634823560715 26.39468986541033 3.522834479808807 4.296852208673954 10.21920420229435 5.913918152451515 31.3848155066371 2.907167583703995 8.531119376420975 2.316727057099342 0 0.3201847970485687 0 0.3475451245903969 0 0.2050557285547256 0 199.6105993539095 25.37824083864689 29.64034570753574 419.8680733665824 46.97962354123592 347.6295093744993 69.6485601067543 275.7403970882297 46.02357445657253 2.873970732092857 151.9997825846076 59.7559057623148 5.5796033218503 76.82142329216003 6.982443176209927 50.7948382049799 7.35009378194809 0.7337303757667542 14.48450099676847 11.52001792192459 0.6232360601425171
