0 6535.880218841136 1625.972209483385 1123.449889607728 1207.407833620906 180.503147855401 670.8553628101945 158.2060311809182 632.3490053191781 1154.827802099288 1224.160419516265 29.17333219945431 139.7239292785525 445.4267792627215 7.253234602510929 0.8485491499304771 0.1614216715097427 0.101280651986599 0 0.1370747536420822 1.010141938924789 0 0 0 0.237374871969223 0.1384727209806442 0.09846530109643936 0.2982737198472023 0.1117316409945488 0 411.1205049157143 14.31558986008167 47.33907199651003 0 0 0.830670639872551 3.660770878195763 1.324787616729736 0.7375269010663033 0.6818429604172707 0.1699911504983902 0.1068352609872818 0 0 0 0 25.61062911897898 3.831720389425755 0 0 0.252283088862896 0 0 0.5731673464179039 2.510920636355877 1.563809588551521 780.8898236304522 972.8410453274846 10.89827588200569 4.95744600892067 0.09236535429954529 3.163180992007256 0 5.879679054021835 1.763810105621815 2.117939561605453 1.508280128240585 2.449758119881153 0.9260541126132011 1.081129595637321 4.349482335150242 3.08836691826582 0 195.8916879072785 12.35435279458761 19.4059194996953 10.45330120623112 1.147625662386417 2.44668348133564 132.8877416402102 0.6286194920539856 15.15459648519754 5.293544553220272 0.4938328266143799 1.46937794983387 2.403926983475685 2.239298745989799 0.1108596473932266 0.5932619869709015 0.5034628510475159 0 0.1249383017420769 0.3128231912851334 0 0.1058037281036377 46.01732937991619 4.010282874107361 2.142809480428696 1.333690546452999 1337.661389507353 0 2.435151368379593 0 0 0 2.248377174139023 0 2.149552956223488 3.321116209030151 7.479268118739128 1.168174982070923 2.692256130278111 3.50332023948431 0.7445298582315445 2.769576050341129 0 0 0 0 0 0 0 0 0 0 0.1201674416661263 0 0 0 0 0 0 0.2369878739118576 0 0 0 0 0 0 0.7706495672464371 0 0.8194876313209534 0.137305736541748 0 0 0 0 0 0 0 0 0.7549560070037842 0.7504091858863831 0 0 0 0 0 0 0 0 0 0 0 0 0 0.1239325925707817 0 0 0 0 0 0 0 0 0 4.879449434578419 0 0 0 0.1755306124687195 0.1514132916927338 0 0 0.5559827387332916 0.2858976423740387 0.1230777427554131 0.1188962534070015 0.2067727148532867 0 0 0 0 0 0 0 0 2.795366980135441 0.6288008689880371 0.8164188414812088 53.55843383818865 7.231045380234718 52.87299431115389 20.26917413622141 1258.83761510253 28.81978819519281 0.5861668959259987 7.726712204515934 1.725970178842545 0.1865311861038208 0 0 5.664493262767792 0.1217915266752243 0 0.1357301771640778 0.6385253965854645 0
6535.880218841136 0 1411.223672427237 1396.506517283618 3148.826405890286 34.57820279896259 642.2015470862389 340.7201475948095 1289.763081327081 136.7079596891999 1260.861768431962 9.972503557801247 117.5126815512776 471.0519734248519 22.20695596188307 1.312451466917992 0.7163601294159889 0.2138585150241852 0.2303148657083511 0.1625830829143524 1.69431284070015 0 0.3038083165884018 0.1431932598352432 0.8301692679524422 0.0847310870885849 0.378663495182991 0.5803405046463013 0.5405911505222321 0.192281536757946 2197.343805126846 17.10628712922335 27.14623104035854 0 0 0.194831907749176 1.645848646759987 1.530825756490231 2.077201798558235 1.266863964498043 0.1762249916791916 0.5732326284050941 0.08506523072719574 0.2451688796281815 0.3821383714675903 0.08584178239107132 116.8533300608397 17.01523671299219 0 0.9444114491343498 3.081818170845509 0.08843359351158142 0.09384044259786606 0.5352104753255844 5.75738538056612 3.701799906790257 122.9237798750401 966.3645566403866 14.0829910710454 32.15516879409552 0.1967688202857971 1.823054783046246 0 26.96873900294304 6.230150684714317 8.914202772080898 4.98262619972229 10.78616938740015 2.055722065269947 0.8241787627339363 7.317127369344234 0.1675581634044647 0 514.9322701320052 90.03052807599306 95.60003705322742 16.67778669297695 1.528647691011429 7.204550176858902 97.15927491337061 0.2244351953268051 12.68256366252899 29.69434997439384 0.7502333968877792 8.861543990671635 5.505037248134613 6.106100037693977 0.2516925260424614 3.729633383452892 0.4135684594511986 0.782358393073082 0.2068460062146187 0.8376461938023567 0.4415373504161835 0.3189368769526482 12.13685348629951 2.935167819261551 0 3.073199585080147 948.7843657657504 0 0 0.5619532018899918 0 0.9958260655403137 2.550743579864502 0.3596725165843964 1.397816807031631 1.771437607705593 1.692617796361446 0.3706729412078857 6.213395580649376 4.941776685416698 1.135690033435822 2.64018128067255 0 0 0 0 0.1349796652793884 0 0 0 0 0 0 0 0 0 0 0 0 0 0 0 0 0 0 0 2.981411263346672 0.584258183836937 1.225878611207008 0 0 0 0 0 0 0 0 0 0.6675567626953125 0 0 0 0 0 0 0 0 0 0 0 0 0 0 1.142600193619728 0 0 0 0 0 0 0 0 0 4.80091567337513 0 0 0 0 0.531322255730629 0 0 0 0.2307447642087936 0.8821784257888794 0 0 0 0 0 0 0.1848609447479248 0.1200575903058052 0.1471704244613647 0 0.1205599457025528 0.5604760646820068 2.032796889543533 171.6706412434578 23.73812417685986 244.0285301581025 73.3192779943347 193.5285868868232 34.85845509916544 1.298965863883495 40.51895006746054 3.12483074516058 0.4225431010127068 2.145863205194473 0 1.61490136384964 0.7820538431406021 0 0.5991069674491882 0.8790542632341385 0
1625.972209483385 1411.223672427237 0 17.07256373018026 148.1499221771955 0.5014915615320206 11.87954592704773 2388.867203556001 832.7269051745534 8.418496012687683 3890.978252343833 14.22102764248848 76.44052501767874 508.9714049547911 38.83842402696609 4.079698525369167 4.666723370552063 7.005069196224213 1.378096044063568 19.743816152215 124.7600410655141 0.1769909635186195 8.466402411460876 3.749908909201622 6.2368004322052 1.675625950098038 2.380214467644691 0.8170464336872101 1.144145905971527 0.5522664412856102 4464.894386969507 1601.221355110407 73.50538527965546 19.96493288874626 5.358065456151962 13.75894984602928 13.87815365940332 41.2058507874608 9.619234524667263 9.173408254981041 6.576484970748425 1.505003750324249 11.2311679199338 3.192049294710159 5.660767458379269 7.176293157041073 145.5358286574483 21.95804362744093 10.25544894486666 27.59127531945705 3.230035990476608 1.2458401247859 0.09363427758216858 1.110295578837395 5.785801485180855 4.375202506780624 93.31891573965549 1343.879384428263 11.01603709161282 43.08462867885828 83.10398728400469 21.1907945945859 3.40768676251173 429.1989704966545 7.214103378355503 7.921581819653511 5.306651562452316 16.68600768968463 112.9592453017831 150.2543343603611 8.128002643585205 1.185061454772949 0.1003782004117966 499.6528792753816 181.1291273012757 139.0870511755347 54.14075697958469 12.40270090103149 482.5943815410137 440.16683614254 59.40455032885075 387.9066797718406 31.75965970009565 0.6342323273420334 9.667216345667839 7.501606516540051 44.68509508669376 0.6951802745461464 4.045455157756805 0.684039480984211 1.139077059924603 0.6681694015860558 32.45788685232401 1.084858767688274 2.545282669365406 8.021848112344742 1.48992857336998 0 3.000837415456772 299.7409526258707 0 0 0.854741632938385 0 0 3.335437625646591 0 1.000041991472244 0 1.456813186407089 0.1417540460824966 3.230980917811394 2.382790267467499 2.187566131353378 2.080223575234413 0 0 0 0 0 0 0 0 0.1167093515396118 0 0 0 0 0 0 0 0 0.1418308466672897 0 0 0.1196544542908669 0 0 0 2.147499486804008 0 0.4312786981463432 0.1386217027902603 1.06681951880455 0 0 0 0 0 0 0 0.1488033831119537 0.1216447204351425 0 0 0.3012488186359406 0 0 0.07710078358650208 0 0 0 0 0 0 0 0.2390048503875732 0 0.1203129887580872 0 0 0.1091847494244576 0.09926130622625351 0 0 0.1446769237518311 4.11401292681694 0 0.1499795913696289 0 0 1.069445252418518 0.5265980660915375 0.2046741247177124 0.9565109610557556 0.2230420112609863 0 0 0 0 0 0.08664631098508835 0 0.07372919470071793 0 0 0 1.27742675691843 0.4022239446640015 2.94145991653204 133.603820361197 30.23367842286825 257.5837208032608 68.64730238169432 73.65629869699478 29.23858896642923 1.248499415814877 32.15936760604382 1.255144529044628 0 0.2322036027908325 0.1858706474304199 0 0.1293306648731232 0 0.8615097403526306 1.895848162472248 0
1123.449889607728 1396.506517283618 17.07256373018026 0 364.4636319056153 595.4180281758308 860.763986594975 1.588051438331604 110.4774497896433 2363.263971284032 13.68421219289303 503.0843020826578 1492.814417473972 86.03309800475836 6.723455116152763 0.3858503848314285 1.265426300466061 0 0.1317489445209503 0.1472643166780472 0.3571147322654724 0 0 0 0.09431540220975876 0.4967228770256042 0.1812485679984093 0.1106957867741585 0.4564309194684029 0.2155753374099731 40.91266068816185 0.4547029137611389 1.923576280474663 0 0 0.0866401344537735 2.875603340566158 0.4122685790061951 0.5068364143371582 0.2251962348818779 0 0.1836502254009247 0 0.1092579588294029 0 0 43.45149903744459 8.665755078196526 0.3000312671065331 0.2613209336996078 0.8588438928127289 0.1303717941045761 0.3218259364366531 0.09403543919324875 2.504700228571892 1.852853521704674 42.71508888155222 269.0156815573573 6.462932594120502 9.901684634387493 0 0.2122301235795021 0 3.883016534149647 2.527261152863503 2.818053483963013 1.385171175003052 4.04432524740696 0.4618712365627289 0.3160329088568687 4.161791279911995 0.1239459589123726 0 186.1576436460018 20.95081560313702 25.95515087991953 2.66093210875988 0.2790052592754364 0.2382562607526779 7.883977375924587 0 1.677508771419525 15.30213223397732 0.09194662421941757 3.581729725003242 3.691856659948826 2.317428953945637 0 0.9041414633393288 0 0.4532631933689117 0 0.1662973761558533 0.4079300463199615 0 95.79851111769676 3.190103054046631 0 1.061599865555763 215.5930658578873 0 0 0 0 0 2.101002857089043 0 0 2.387946605682373 2.383886888623238 0 2.070422902703285 1.697016969323158 2.51172462105751 0.4503775835037231 0 0 0 0 0 0 0 0 0 0 0 0 0 0 0 0 0 0 0 0 0 0 0 0 0.2600715458393097 0 1.125335082411766 0 0 0 0 0 0 0 0 0 0 0 0 0 0 0 0 0 0 0 0 0 0 0 0 0.2019339352846146 0 0 0 0 0 0 0 0 0 1.137410342693329 0 0 0.1316503584384918 0 0 0 0.5209757089614868 0 0 0 0 0 0 0 0 0 0 0 0 0.09417898952960968 2.945285692811012 0 1.337616547942162 66.62160033732653 8.833190754055977 91.60508850216866 33.10938134044409 566.0291462242603 13.05596622079611 1.394293338060379 14.78275132924318 2.071581542491913 0 0 0.3470613062381744 0 0 0 0 0.1597182303667068 0
1207.407833620906 3148.826405890286 148.1499221771955 364.4636319056153 0 8.928919360041618 1931.81292706728 3.340635515749454 4005.141845658422 141.0007193535566 170.139708340168 14.80847598612309 172.3880184292793 472.0646225512028 48.34328104555607 1.359809435904026 0.6055116802453995 0 0.1341952085494995 0 0.6008284017443657 0 0 0.0890357494354248 0.2923698425292969 1.304695010185242 0.3373168408870697 1.420195423066616 1.183616288006306 0.2924954071640968 126.4205201938748 3.591286346316338 10.03236155956984 0.1117045730352402 0 0 3.764233358204365 0.7526186481118202 3.922261014580727 1.270999021828175 0.1000032275915146 0.7325751930475235 0 0.07940591871738434 0.1082158833742142 0.5058314204216003 208.3764164596796 15.32275274395943 0.3992406576871872 0.6673659086227417 3.276280537247658 0.7064369916915894 0.177384577691555 0.6431585028767586 3.816509045660496 3.708702936768532 26.01655573397875 193.4378581494093 6.707956574857235 53.08182892203331 0.1693871840834618 2.684048712253571 0 39.83317942917347 4.900748930871487 7.417450472712517 4.443011038005352 11.79582969844341 1.80013082921505 0.696653351187706 22.03414131700993 5.179811581969261 0.1228196248412132 233.4301369637251 67.00372064858675 181.4283420369029 45.47286950051785 1.060524217784405 0.963452123105526 19.42045186460018 0.3334167972207069 7.446507565677166 21.34790223091841 0.814821220934391 7.869947321712971 5.574258394539356 6.048808813095093 0.2482638731598854 2.494665414094925 0.66595458984375 0.3998447582125664 0.3412686362862587 0.3257567435503006 0.6265568286180496 1.010422945022583 73.66080218553543 12.57349056005478 0 9.289533384144306 57.47202736884356 0.3236333131790161 1.617142468690872 3.199706315994263 0 4.536313414573669 43.1290195658803 3.937187761068344 15.8625745177269 8.638331025838852 37.40854819118977 3.907506659626961 65.41861837357283 47.11099024116993 33.1355652436614 26.17318560928106 0.344390019774437 0.2325599193572998 0.09707867354154587 0 0 0 0 0 0 0 0.3482200503349304 0 0 0 0 0.1965732276439667 0 0 0 0.5945936143398285 1.886035919189453 0 0 0 12.45513550937176 1.748210251331329 13.66491424292326 0.1172115430235863 1.953144013881683 0 0 0 0 0 0 0 0.8883680701255798 4.853559985756874 0 0 0 0 0.2888234555721283 0 0 0 0 0.5489118844270706 0.2603075206279755 0 0 13.01009953022003 0.1403467208147049 0 0 0 0.225951686501503 0 0 0 0 52.7223397269845 1.805134192109108 0 0 0.113891564309597 8.978636965155602 0.3013849705457687 3.894091054797173 0.8526419103145599 0.2711606919765472 0.8236048445105553 0 0 0 0 0 0 0.08934168517589569 0 0.2985665649175644 0 28.59890189766884 5.326166555285454 15.88296875357628 294.1001703813672 43.57514430582523 314.6039748936892 101.5849945321679 94.71119781583548 39.06212534755468 1.854850187897682 83.33599212020636 11.95124838501215 0.9448192566633224 8.362091332674026 0.2656386196613312 10.36460666358471 0.7900815010070801 0.9890439510345459 6.204117119312286 4.084051802754402 0
180.503147855401 34.57820279896259 0.5014915615320206 595.4180281758308 8.928919360041618 0 132.4345647543669 0 17.31153574585915 1451.875274389982 2.727655321359634 222.4175205379725 211.4000451266766 61.87360417842865 0.5022541135549545 0.1029366478323936 0 0 0 0 0 6.55691921710968 0 0 0 0 0 0.1720071732997894 0 0 5.14180076867342 0 25.55417817831039 0 0 0 17.26288701593876 0.6254684180021286 6.004915714263916 0.1796513944864273 0 0 0 0 0 0 0.1847935318946838 0 0 0.1669526547193527 0 22.95977064967155 4.929612413048744 0 0 0.5621489286422729 401.1554085239768 33.11643447726965 0.7852411568164825 0.8130652010440826 0 8.308868929743767 0 0 0 0 0 0 0 0.1160536557435989 147.2360537946224 164.6822821497917 31.06318730115891 1.530497141182423 0.2184088528156281 1.665551863610744 0.4861502721905708 0.1001793518662453 0 35.60742172598839 0 25.95057997107506 0.499329462647438 3.858123913407326 0 0.2474735826253891 0 17.22031816840172 7.017755180597305 47.11434246599674 0 3.835490494966507 0.1761481165885925 0 0.2357727587223053 1032.986757934093 252.1948259323835 147.4539594054222 20.6957052052021 583.0112561583519 0 3.932912290096283 1.388306736946106 0 0 2.61316454410553 2.976170480251312 0.5062178373336792 4.713198930025101 11.54110535979271 0 1.898029446601868 3.567546308040619 1.869372099637985 0.3100946396589279 0.135039746761322 0 0 0 0 0 0 0 0 0 0 0 0 0 0 0 0 0.1647963672876358 0 0 0.1496575325727463 0 0 0 0 0 0 0.1431336402893066 0 0 0 0 0 0 0 0 0 0 0 0 0 0 0 0 0 0 0 0 0 0 0 0 0 0 0 0 0 0 0 0 0 1.577276080846786 0 0 0 0 0 0 0 0 0 0.2332319021224976 0 0 0 0 0 0 0 0 0 0 1.902327090501785 0.2367866933345795 0.1772883236408234 2.173467174172401 0 2.36403951048851 0.2831147015094757 175.7770873755217 2.783263921737671 1.458774358034134 0.4624673575162888 0 0 0.2597388029098511 0 5.992053747177124 0 0 0.3700417727231979 0 0
670.8553628101945 642.2015470862389 11.87954592704773 860.763986594975 1931.81292706728 132.4345647543669 0 3.733386844396591 1089.548654474318 1440.908407747746 13.32904461026192 81.15266409516335 1101.751201756299 38.55619902908802 53.61029485613108 1.191237509250641 0.2878639847040176 0.09513766318559647 0.2453650236129761 0.09098952263593674 0.8014140352606773 0.2359054535627365 0.1175569444894791 0 0.6500147581100464 1.317804135382175 0.699101023375988 1.214120499789715 0.918072909116745 1.00884497910738 82.10530449450016 3.0273427516222 4.43665711581707 0 0 0.2202727422118187 7.159813530743122 0.5329760983586311 4.682037338614464 0.8951070383191109 0.3975718319416046 1.482473731040955 0.1435271352529526 0.2316218987107277 0.1069138869643211 0.08745969831943512 243.8866664990783 23.6868502125144 0.9016850665211678 0.7618560791015625 2.663439407944679 0.4194207042455673 0.1506363302469254 0.9473109468817711 5.84371842443943 5.812596425414085 39.77415750920773 258.2485042735934 9.583582900464535 72.7140821442008 0.2024368271231651 2.076907761394978 0 42.54398625344038 8.729817993938923 8.196005783975124 4.658709302544594 14.63385177403688 3.063801005482674 0.3810521215200424 41.15440554171801 12.12278421223164 0 325.3290650099516 94.06805445998907 208.2840470001101 43.74739123135805 1.686142034828663 0.2558384537696838 11.86831366270781 0.5440473258495331 7.625873997807503 33.10052134841681 0.4964369088411331 10.97551693767309 8.633352905511856 5.564274184405804 0.3844920173287392 3.605550274252892 0.3684820979833603 1.031657196581364 1.111048333346844 1.267223417758942 0.6626360863447189 0.9350327327847481 188.5115647464991 8.851316191256046 0.3559955358505249 8.190362483263016 80.96842114627361 0 1.398688822984695 3.312575697898865 0.2954367101192474 6.892052590847015 79.30647185444832 9.455235719680786 34.64881612360477 18.32688456773758 56.99606104195118 4.906360678374767 102.0685522481799 74.49196197837591 36.01723306626081 45.11647105962038 0.9729054868221283 0 0.2142141312360764 0 0 0 0 0 0 0 0 0.4474234282970428 0.2523612976074219 0.4225844144821167 0 0.4242293015122414 0 0.1377989649772644 0 3.25614769756794 1.944784387946129 0 0 0 17.7833279967308 2.114851593971252 15.20087377727032 0 2.225340291857719 0 0 0 0 0 0 0 1.100240379571915 5.222404420375824 0.1610356271266937 0 0 0.5815597176551819 0.5520510077476501 0 0.1209000945091248 0 0.7582569122314453 0.9734786301851273 0 0 0 12.17271783202887 0 0.7269220054149628 0 0 0.1123294234275818 0 0 0 0 69.7083650007844 0.7606291174888611 0 0 0.1042029559612274 12.34263880550861 4.092666499316692 2.915658757090569 2.396896526217461 2.971037700772285 4.444092765450478 1.627007134258747 0.8683309108018875 0 0 0 0 0.1997586488723755 0.1437561362981796 0 0 49.50155499577522 5.420118562877178 19.70540379732847 395.1534361243248 55.17114320397377 405.1585353016853 130.4547558650374 362.0716215148568 50.96064621955156 2.07733266800642 102.6978045776486 17.8246236667037 1.038452833890915 14.71959987282753 0.4489403516054153 15.11200371384621 2.424356356263161 0.0954255610704422 5.943803548812866 4.566100180149078 0.433960422873497
158.2060311809182 340.7201475948095 2388.867203556001 1.588051438331604 3.340635515749454 0 3.733386844396591 0 22.83307876437902 2.053708307445049 1756.066538050771 3.357077784836292 11.02574387937784 127.8022505939007 96.43297854810953 10.48354924470186 1.205462284386158 4.839161537587643 2.420455276966095 14.23696658760309 101.8390006422997 0.1067164689302444 12.70249282568693 2.920933119952679 9.373863369226456 2.113421998918056 2.713186778128147 1.817446254193783 0.8236023411154747 0.184414729475975 1323.463749349117 1091.519363120198 46.06006482243538 17.95805867016315 5.108652494847775 16.55272251367569 8.844107404351234 41.28864641487598 8.55859037488699 5.346046678721905 5.038320749998093 1.354880549013615 6.669969163835049 1.553472593426704 6.378648459911346 6.236919991672039 240.0570777580142 16.73527232557535 5.454714901745319 13.28811970353127 2.326506763696671 0.455379493534565 0.2375974878668785 0.4025258794426918 3.863406755030155 4.01180924475193 44.22081039100885 500.3516880199313 6.712293341755867 61.49552118778229 92.06757478415966 41.41957890987396 2.331275999546051 281.3410258889198 6.849979914724827 7.488599382340908 3.994344897568226 12.42069859802723 61.73151259869337 122.3430809602141 5.678854428231716 3.445662707090378 0.3997147381305695 336.0627325624228 237.2109806165099 360.2276091203094 218.7758528664708 125.0845084860921 1463.531110644341 1273.393796719611 143.3391351029277 1179.962982140481 22.16607552021742 0.313086211681366 9.175287716090679 6.486696846783161 24.42303810268641 0.3598905578255653 3.815413132309914 0.1728043928742409 0.4673992916941643 1.327595166862011 21.03212739527225 1.135042160749435 1.827868647873402 4.13281437009573 2.13819558173418 0.1008085012435913 2.173969388008118 66.41108939051628 0 0 0 0 0.4780775606632233 1.36725640296936 0 0.527426466345787 0.2261565923690796 0.3084587752819061 0.3961116075515747 1.007046908140182 0.6068174839019775 1.774522505700588 1.347322225570679 0.1885212957859039 0 0 0 0 0 0 0 0 0 0.1486103683710098 0 0 0 0 0.1492661088705063 0 0.1478219479322433 0 0 0.136142686009407 0 0 0 1.137533366680145 0 1.027502030134201 0 0.1163805574178696 0 0 0 0 0 0 0 0 0 0 0 0.1245709732174873 0 0.1572345793247223 0 0 0.1445229351520538 0 0 0 0 0 0.5132433474063873 0 0 0 0 0 0 0 0 0.1508616507053375 3.041027307510376 0.106615774333477 0 0 0 0 0.1845225840806961 0.2742774486541748 0 0.1989817321300507 0.2234668433666229 0 0 0 0 0 0 0.3020765781402588 0.2959380745887756 0.1417038291692734 0 1.223702766001225 0 2.68308798968792 176.3713368326426 32.56343978643417 272.9796350002289 83.90794434398413 46.57956839352846 26.99028651416302 1.221958123147488 59.31554091721773 4.378403507173061 0.4259672239422798 0.2229647636413574 0 0 0 0.07465577870607376 0 3.105967119336128 0
632.3490053191781 1289.763081327081 832.7269051745534 110.4774497896433 4005.141845658422 17.31153574585915 1089.548654474318 22.83307876437902 0 585.8229628205299 881.1337093040347 55.37752914428711 1032.562468372285 2198.940391950309 131.4621908068657 4.842448748648167 0.09415626525878906 0.2827736213803291 0.2014660835266113 0.09905994683504105 2.020394690334797 0.3477776795625687 0.07701857388019562 0.2580390870571136 0.8356513604521751 1.258323103189468 0.2831295132637024 1.107049942016602 1.334638826549053 0.9226435795426369 137.2982750311494 13.53857377171516 48.70743299275637 0.2485921755433083 0 1.90815857052803 14.18267711997032 3.280455529689789 9.290804475545883 1.323337696492672 0.7187216430902481 1.33563531935215 0.1041749641299248 0.9035797491669655 0.49417994171381 0.230667769908905 349.631166882813 17.65863007307053 0.2167191430926323 0.3838287517428398 2.747671999037266 0.3848865181207657 0.2589739263057709 0.9414864033460617 4.919318646192551 4.639852534979582 31.12864311039448 178.980724029243 8.090823650360107 83.09088237583637 1.076651483774185 4.35418763011694 0 72.61957783997059 6.519394665956497 9.372608080506325 3.847472183406353 13.44156786054373 2.444619029760361 2.816396683454514 70.99340078234673 10.86046923696995 0 299.2795503214002 116.3642912879586 388.6288512051105 135.5709914192557 8.365865841507912 6.235520534217358 190.6787882223725 0.5824444517493248 39.95056826621294 26.08261797577143 0.5995572656393051 6.641989201307297 7.53339009732008 7.593645341694355 0.4267502278089523 3.652768731117249 0.2874138280749321 0.572592630982399 0.4048842787742615 1.167823866009712 0.7811449095606804 1.441948905587196 290.4197231605649 25.9579466804862 0.1279135346412659 12.18652661889791 36.3232060149312 0.7586870640516281 4.642145708203316 14.65330316126347 1.657331675291061 12.09097657352686 164.2404772043228 20.13161536306143 55.39398489147425 21.97883257269859 109.8117884621024 21.67229045927525 205.2214077934623 158.9994070455432 88.57388703525066 94.60319115966558 2.357888989150524 1.318048536777496 0 0 0 0 0 0 0 0.2331066429615021 0 0 0.4714193344116211 0.289035439491272 0 0.7238514497876167 0 0.1107746064662933 0 2.095235154032707 8.040839813649654 0 0 0 42.89969702810049 1.695608593523502 18.86543848365545 0.7257702946662903 1.804449856281281 0 0.3591424524784088 0 0 0.131531223654747 0 0 3.153261929750443 15.04220007359982 0.3180232644081116 0 0.1163211390376091 0 0.1358205229043961 0 0.7440766096115112 0 1.021409384906292 3.817127451300621 0.9133391082286835 0.3833335936069489 0 24.72643835842609 2.619362324476242 0.8976360857486725 0.4576078057289124 0.2130188792943954 0.08151377737522125 0 0 0 0 127.6977257952094 3.070431128144264 0 0.1064145043492317 0.2720735520124435 20.27900919318199 6.452112287282944 7.613976955413818 9.893156886100769 2.774466440081596 6.146359749138355 4.143175162374973 1.763910017907619 0 0 0 0 0.2383908778429031 0 0 0 89.55813752859831 7.993059039115906 38.71467646211386 591.2322262004018 72.31747818738222 587.9539888724685 166.9474357441068 115.5546347349882 73.47677251696587 2.938710696995258 169.5594288781285 35.25449960678816 2.980552978813648 25.26944304257631 2.490436650812626 25.80462554097176 8.754603788256645 0.2234066128730774 13.56802676618099 12.49481348693371 0
1154.827802099288 136.7079596891999 8.418496012687683 2363.263971284032 141.0007193535566 1451.875274389982 1440.908407747746 2.053708307445049 585.8229628205299 0 11.38780597597361 3043.203145481646 9519.156252168119 629.3559569641948 18.58773525804281 1.126909643411636 0.2607161551713943 0 0.1196910515427589 0 0.3489373102784157 0.09813918918371201 0.09244004637002945 0.2011794522404671 0.1034215688705444 0.5130641236901283 0.3906300961971283 0.4365492388606071 0.5054364502429962 0.59422317892313 57.34777379781008 1.587535180151463 25.64307930320501 0 0 0 11.29074719548225 1.608932621777058 3.423580572009087 0.173377588391304 0 0.3109480291604996 0 0.3511234372854233 0 0.2166566997766495 89.94227737188339 14.16174022108316 0 0.1157689839601517 1.980708353221416 0.2976227030158043 0 0.6030187383294106 4.265299379825592 2.283548511564732 111.1096633896232 440.9540448337793 10.36537735909224 23.54991403967142 0.08976708352565765 2.733644038438797 0 11.29924960434437 5.114147007465363 6.496233396232128 3.672031186521053 5.995932772755623 0.6516687199473381 0.3979130387306213 49.25395736098289 2.897491380572319 0 268.3884875178337 40.98833495378494 69.016745403409 9.909850805997849 1.577801555395126 0 129.3398781493306 0.08480897545814514 6.060522548854351 21.00145725160837 0.623626172542572 5.297704629600048 4.391218818724155 4.820873461663723 0.8019671738147736 3.005367055535316 0.4971689730882645 0.462884783744812 0.8119461238384247 0.4105509221553802 0.5905985459685326 0.2330278381705284 1229.669219195843 14.51542066037655 2.92078860104084 6.614035815000534 721.6303801909089 0 22.96881249547005 4.869661323726177 8.691183060407639 6.870727941393852 91.70004077255726 41.61506509780884 39.72422951459885 38.12004679441452 191.4590498209 6.958141908049583 127.8231069594622 134.7981481403112 62.91865588724613 33.9855290800333 0 0.3719748854637146 0 0 0 0 0 0 0 0.3138130903244019 0 0 0 0 0 0 0 0 0 1.675554305315018 1.220904022455215 0 0 0 7.666844129562378 0.2726281881332397 2.340571284294128 0.126245453953743 0 0 0 0 0 0 0 0 1.793329745531082 2.215232133865356 0 0 0 0.2026387751102448 0 0 0 0 0.6544155478477478 3.311311885714531 1.150687694549561 0 0 2.520816370844841 1.261485934257507 0 0 0 0 0 0 0 0 24.73779165744781 0 0 0 0 7.97812083363533 0.8557553291320801 0.49628646671772 1.020655304193497 0.3766765296459198 0.7580564618110657 0.1900043040513992 0.9853916615247726 0 0 0 0 0.1768628135323524 0.09393027424812317 0 0 80.63780750334263 1.386266112327576 7.672039695084095 146.2111805453897 21.12557200342417 186.629291176796 54.4490467607975 1507.440856695175 26.36845164000988 1.153293676674366 30.43107780814171 4.055927962064743 1.08183429390192 5.263371884822845 0 47.23449140787125 0 0 1.777935668826103 0.2818998694419861 0
1224.160419516265 1260.861768431962 3890.978252343833 13.68421219289303 170.139708340168 2.727655321359634 13.32904461026192 1756.066538050771 881.1337093040347 11.38780597597361 0 50.91900782287121 683.2499697655439 3161.53721717 125.9698914512992 18.00300699472427 1.024721838533878 0.5667512640357018 0.1083182916045189 2.303937867283821 12.95187535136938 0.4911383241415024 2.21954146027565 1.368630953133106 5.242264077067375 2.662476480007172 0.9625313133001328 2.526641309261322 1.947829991579056 0.5083683580160141 878.3868898078799 271.6873414888978 726.6943400651217 2.198108896613121 1.73682513833046 9.762116774916649 31.87146869301796 25.02357417345047 8.640168473124504 4.455651357769966 3.173058412969112 1.744985371828079 2.001744814217091 2.381509736180305 0.5012385919690132 0.9062875732779503 319.0332614034414 24.01271855831146 0.7019876018166542 1.227973856031895 4.713616341352463 1.187842965126038 0.3017297014594078 0.7624489441514015 4.145884394645691 4.42615831643343 54.86588446050882 529.3832291439176 8.280416890978813 76.83376970142126 8.582559801638126 59.22007870674133 0 145.0986553058028 7.771207854151726 8.97809812054038 5.82399433106184 15.46629367768764 10.10265003889799 16.88797882944345 21.48239416629076 3.810917168855667 0 395.1384880319238 183.12182418257 382.5626486241817 189.032140776515 21.58758224546909 267.7452845051885 1933.929905124009 10.2085155621171 514.6472657769918 31.39261992275715 0.5192207992076874 11.22892327606678 9.668722856789827 8.17863468080759 0.4397282600402832 5.551994957029819 0.4609683752059937 0.9918583258986473 0.989781379699707 5.041321963071823 0.8584634363651276 0.788938470184803 37.24882566928864 5.701294936239719 0 6.048343442380428 155.6563691794872 0 0 1.158391982316971 0 1.871609903872013 11.98347300291061 0.319084033370018 5.183595046401024 1.482793033123016 2.966172501444817 2.498653702437878 11.27611437439919 12.93278127908707 8.30313378572464 7.446091420948505 0.3683037906885147 0 0 0 0 0 0 0 0 0 0.09966956079006195 0 0 0 0 0.2821087539196014 0 0.3064639568328857 0 0.757612943649292 0.6974787563085556 0 0 0 6.924650616943836 0 2.194754384458065 1.445994824171066 1.544134512543678 0 0 0 0 0 0 0 0 1.987508445978165 0 0 0 0 0.6434407010674477 0 0 0 0 0 0 0 0.2994109392166138 5.359556555747986 0.8155739307403564 0.2610456645488739 0.09271290898323059 0 0.08634093403816223 0.1032095104455948 0.08376981317996979 0 0 15.19273787736893 0.5800601243972778 0 0 0.4534325748682022 1.53577533364296 0.7739619314670563 1.16634738445282 0 0.7291898727416992 0.4722321182489395 0 0.7375214844942093 0.2981258407235146 0 0.1761079356074333 0 0.09888334572315216 0 0.1061422675848007 0 5.24983312189579 2.867616683244705 6.419454850256443 326.2134558334947 56.17111069709063 422.519074305892 110.7638566643 73.11196657270193 51.74054175615311 2.860000193119049 107.6448140963912 5.675574362277985 0.5427267849445343 2.493179515004158 0.08873757719993591 1.54849337041378 1.779426485300064 0 0 5.213565349578857 0.3950059115886688
29.17333219945431 9.972503557801247 14.22102764248848 503.0843020826578 14.80847598612309 222.4175205379725 81.15266409516335 3.357077784836292 55.37752914428711 3043.203145481646 50.91900782287121 0 1864.810239851475 557.88389403373 57.24207207560539 20.5774010270834 4.63190483301878 0.6283820122480392 0.347575955092907 0.9783274680376053 5.095484204590321 0.9004694372415543 1.145714372396469 1.656288743019104 1.289031445980072 4.742375269532204 0.154862567782402 0.7708218917250633 1.0732232183218 0.4340620338916779 9.151186540722847 2.005242988467216 123.1611966639757 0.4300916492938995 0 12.17574109882116 505.2141725793481 76.00071991235018 80.18094853311777 11.42863830178976 2.955156430602074 0.134545162320137 0.8367094099521637 1.038359984755516 0.19033482670784 0 87.03432649374008 1.087879821658134 0.1163196191191673 0.1250835806131363 0.4633343741297722 0.1455900818109512 1.097827188670635 0.4682905226945877 0.784657783806324 0.7913255840539932 11.53390443325043 22.72173468768597 1.082740627229214 8.366819463670254 6.300178334116936 124.1212406009436 0.8241503834724426 11.5087930560112 1.174588792026043 2.098428323864937 0.08217745274305344 2.333870619535446 2.734040841460228 8.539766192436218 797.9695223420858 39.38417717814445 0 38.88558479398489 13.18534906208515 75.34917971491814 48.80684383958578 8.282574072480202 2.156136855483055 392.7229871600866 4.45022926479578 101.8486957997084 2.74485195428133 0 1.035895526409149 0.8812654390931129 2.404238730669022 0.08222702145576477 0.6054438650608063 0.1743955314159393 0 0.2124253809452057 2.646840050816536 0.4868673980236053 0.1777240782976151 2470.717039763927 91.58542832732201 0.7429614067077637 52.07539640367031 56.50472764670849 0.1280241906642914 4.73937714099884 12.54262833297253 0.6079405248165131 16.71840392798185 135.7178096026182 24.45903503894806 63.0185659006238 16.44290138781071 113.9939243793488 16.29532237350941 182.4237836375833 157.8605786710978 97.47128557413816 87.08927271515131 1.429852530360222 0.7797512263059616 0 0 0 0 0 0 0 0 0.3085233867168427 0 0.2424024045467377 0 0.3487271964550018 0 0 0.17914117872715 0 5.018728479743004 4.282087542116642 0 0 0.3518964946269989 30.30161356925964 0.1719709485769272 15.58533862233162 1.635816127061844 2.817534655332565 0.1713366806507111 0 0 0 0.4116661846637726 0 0 3.19222603738308 8.495823234319687 0 0.9952172636985779 0.1291116327047348 0.4233960509300232 0 0 0.5178802013397217 0 0.6103686690330505 0.3827553167939186 0.3807602673768997 0 0.1413201242685318 13.35432095825672 0.2611716091632843 1.491988748311996 0.4969594478607178 0.1460100114345551 0 0 0.126474991440773 0 0 116.707325913012 6.940838634967804 0 0 0 16.81924377381802 3.090035706758499 5.75982677936554 4.284692332148552 1.845764011144638 3.838370479643345 1.814461931586266 2.718373842537403 0.3198663592338562 0 0 0 0 0.3119158148765564 0 0 130.3139711767435 9.965779937803745 23.94312323629856 188.5421295315027 19.82460238784552 175.3956563919783 41.22936483472586 249.1150450184941 21.23333536088467 0.8810670897364616 52.6419668123126 24.02953081578016 1.939359337091446 15.69686786085367 1.897682130336761 22.87425385415554 5.503678165376186 0 5.831897668540478 2.891013503074646 0.6228841245174408
139.7239292785525 117.5126815512776 76.44052501767874 1492.814417473972 172.3880184292793 211.4000451266766 1101.751201756299 11.02574387937784 1032.562468372285 9519.156252168119 683.2499697655439 1864.810239851475 0 453.9817797839642 114.4675723090768 13.60169779509306 0.4512265920639038 0 0.3790210485458374 0.1077306866645813 1.805036470293999 0.1848808825016022 0 0 0.3909578025341034 0.8095180839300156 0 1.325255960226059 0.8263176679611206 0.0913621187210083 51.50225890427828 7.654609516263008 37.22777015715837 0.5122660920023918 0 1.000176750123501 21.08233299851418 4.813573285937309 5.84462932497263 1.294436275959015 1.090270198881626 1.665680192410946 0 1.51999443769455 0 0 231.579757027328 9.395639590919018 0.1960728541016579 0.2438189834356308 1.338004909455776 0.3235757574439049 0.1227109655737877 0.7976263016462326 1.924063146114349 1.819108858704567 20.81329692900181 92.0295447409153 4.491780132055283 38.44946140795946 2.086082458496094 9.418570570647717 0.8160412907600403 44.42724120616913 2.798204258084297 2.995085097849369 2.717413224279881 5.671429574489594 2.585858359932899 3.330398268997669 120.75524199754 11.63679580390453 0.1714151501655579 114.9147261381149 58.22095880657434 225.0643489360809 116.9505766630173 9.655062586069107 11.29292341321707 166.191821821034 1.032726049423218 34.99364095181227 11.59113350510597 0.4451716020703316 4.923768632113934 3.499535575509071 2.584482125937939 0.2936055585741997 0.8074789643287659 0.3852738067507744 0.6427486091852188 0.6161186099052429 1.069543823599815 0.2245546877384186 0.9105159565806389 1701.474353656173 18.83404739201069 0 9.142659611999989 61.01638192683458 1.411372430622578 8.565971165895462 22.91779257357121 3.768913745880127 22.78650708496571 233.8515627905726 53.80497245490551 89.62796026468277 50.99707993865013 257.2211030051112 27.15700925886631 342.430771201849 298.7023295238614 145.4102324545383 143.429477289319 3.628404334187508 1.774228990077972 0.364210844039917 0 0 0 0 0 0 0 0 0 1.117006927728653 0 0 0.3096701949834824 0 0.1096861362457275 0 8.99284964799881 7.556674316525459 0 0 0 36.122344866395 3.476113826036453 18.32900064438581 1.642317891120911 2.121046110987663 0.5952029228210449 0 0 0 0.1730737090110779 0 0 3.73229406028986 10.15452571958303 0.4308318197727203 0 0.2146478295326233 0 0.210250586271286 0 0.4894528687000275 0 0.8282164037227631 0.5265482366085052 0.592373251914978 0 0 23.77379851043224 1.176802173256874 0.6739844158291817 0 0 0.6576855927705765 0 0 0 0.2545340359210968 161.8818038105965 2.790614679455757 0 0.1714207828044891 0 18.81001982092857 4.978185757994652 7.930337890982628 4.806894101202488 9.289283484220505 7.927493765950203 1.036877259612083 1.625314362347126 0.3344953060150146 0.117401048541069 0 0 0 0 0 0 206.0579145178199 10.71222376078367 32.56698677688837 339.1717146933079 50.82269225269556 340.8351569920778 92.35825184732676 295.637597002089 53.10461925715208 1.755891375243664 109.6910613104701 27.66229794174433 2.33729737251997 23.35127606242895 1.282007798552513 42.11948695778847 4.567291021347046 0 13.36649016290903 7.812443852424622 0.4150108397006989
445.4267792627215 471.0519734248519 508.9714049547911 86.03309800475836 472.0646225512028 61.87360417842865 38.55619902908802 127.8022505939007 2198.940391950309 629.3559569641948 3161.53721717 557.88389403373 453.9817797839642 0 169.3674435019493 31.04881918430328 1.891101613640785 1.052344426512718 0.3750964626669884 1.811700478196144 4.710445635020733 1.009650021791458 0.2694194838404655 0.3507696092128754 1.06657287478447 1.593392387032509 0.452082671225071 1.83081279695034 2.344541229307652 0.6378305554389954 169.4651727229357 22.4683999940753 306.3311169072986 0.6987310275435448 0.3346761167049408 6.297164276242256 197.204341724515 27.80354870855808 12.03445104509592 3.619311206042767 0.7155478000640869 1.929898917675018 1.334550768136978 2.201350137591362 0.6103343144059181 0.3338327929377556 313.8266273736954 11.06826501339674 0.757868804037571 0.7129293382167816 1.913192309439182 1.120987422764301 0 0.7855417430400848 2.370292343199253 2.779341496527195 27.61373309791088 173.3125601857901 6.854719795286655 45.94337999820709 6.06306903809309 119.3000535666943 0 88.06238903850317 4.357586644589901 4.885294012725353 2.736163951456547 9.476417765021324 4.960981898009777 7.278459824621677 159.0247953981161 9.657643526792526 0 193.7050577178597 96.09447164088488 333.4072797447443 184.7664009854198 21.34547384083271 45.88969647884369 830.7568332850933 2.8215037509799 395.4533735066652 15.84493454545736 0.4093258902430534 4.88090942054987 4.69990374147892 4.210887387394905 0.7943817004561424 2.788719199597836 0.3442882224917412 0.9244271218776703 0.8504420146346092 1.480954125523567 0.7633724510669708 0.640736423432827 960.2784289717674 16.48449337482452 0 8.527611672878265 62.55423521995544 0.2679511904716492 4.225923433899879 13.58344497531652 2.041859909892082 17.2591405287385 152.3434965237975 21.62496399879456 65.13720659911633 19.31594876945019 117.4600329324603 17.15940783917904 189.9403904676437 169.2565155476332 91.28283406794071 86.17880610376596 1.883167281746864 0.4047118872404099 0.5854050070047379 0 0 0 0 0 0 0 0 0 0.6282116919755936 0.2614063024520874 0 0 0 0.6248144954442978 0 4.358708709478378 6.133847460150719 0 0 0 18.67123325169086 1.934206917881966 15.9680648073554 0 0.6098252087831497 0 0 0 0 0.1277163624763489 0 0 4.565734721720219 6.570776648819447 0.1246919631958008 0.2933933436870575 0 0 0.1646574139595032 0 0.6374508887529373 0.105798177421093 2.401828587055206 0.7067762315273285 0.342372715473175 0 0 21.87766622751951 1.106653690338135 0 0.08250351995229721 0 0.1663030236959457 0 0.1247523576021194 0 0.1712886691093445 109.6714337989688 2.449285507202148 0.1375104188919067 0 0.1226321384310722 18.23983953893185 5.864283457398415 7.676570385694504 1.753029532730579 4.182701863348484 7.254368357360363 0.4960334450006485 2.200220800936222 0.9419371485710144 0 0 0 0.1716723814606667 0 0 0 125.275320880115 6.934343189001083 25.14373289048672 480.5292021557689 77.67627085745335 503.8685220256448 137.9366109743714 99.33985395729542 69.11485852301121 2.147381469607353 158.9703421145678 24.5509200617671 3.659501865506172 19.25726594030857 1.9817039296031 25.29257828742266 5.120383501052856 0 7.370948627591133 12.71342346817255 1.356240883469582
