0 3143.022880002856 612.809565871954 1826.921957522631 214.3537463992834 260.0370523929596 260.7260032519698 136.5982024148107 13.35077708959579 2964.637550786138 233.1841852068901 39.60053862631321 74.38577030599117 37.82195984572172 0 0.3345586210489273 0.2312849313020706 0 0 0 0 0 0 0 1.092479303479195 0 0 0.1155525967478752 0 0 532.709665492177 33.34644141793251 5.88616269826889 0.2998513877391815 0 0.6241787672042847 3.672238796949387 0.1282039731740952 1.053374908864498 0.1993680745363235 0 0 0.4101835638284683 0 0 0 8.493571944534779 0.3991993218660355 0 0.7205729931592941 0.1523090749979019 0.9459058940410614 0 0.1729754060506821 8.457572810351849 1.663324601948261 522.6679907590151 2429.340072132647 30.69920909404755 3.476183697581291 0.2237494289875031 1.997371755540371 0 1.839122481644154 1.862275473773479 0.7276793047785759 0.1171649992465973 0.3797267377376556 0.4321812391281128 0.7292337864637375 12.65998351573944 5.049843609333038 0 154.7460865601897 6.771059386432171 4.114043861627579 4.228556215763092 0.8744202926754951 11.97548376023769 101.2855857461691 0.1169777289032936 1.42369706183672 11.06653678417206 0 0.9343816116452217 0.7313710749149323 0 0 0.1898393183946609 0 0.2769222259521484 0.3243775218725204 0.1303382813930511 0 0.123347207903862 53.41510187089443 9.187731146812439 1.3646519780159 1.426438078284264 1728.746014073491 1.097098961472511 0 3.536616861820221 0 1.918800473213196 8.460132151842117 0 3.30891740322113 4.653648152947426 7.602428674697876 1.253481030464172 2.015051141381264 3.042620420455933 1.095446974039078 2.179483637213707 0 0 0 0 0 0 0 0 0 0 0 0 0 0 0 0 0 0 0 0.6405777633190155 0.7639510929584503 0 0 0 2.240657925605774 0 0 0.951198935508728 0 0 0 0 0 0 0 0 0 0.9650785326957703 0 0 0 0 0 0 0 0 0 0.7189131677150726 0 0 0 1.141851201653481 0.589436411857605 0 0 0 0 0 0 0 0 2.456001222133636 1.392638444900513 0 0 0 0.1915494352579117 0 0 0 0 0 0 0 0 0 0 0 0 0 0 0 1.76150518655777 0.2830162048339844 0.4794313311576843 38.48781318962574 7.796443253755569 45.25548307597637 10.98340900987387 1233.814228251576 37.64143737405539 1.255748763680458 5.023645050823689 0.3032504320144653 0 0.2174136340618134 0.8026622831821442 0 0 0 0 0.3764928579330444 0
3143.022880002856 0 3049.6099319309 515.0456624850631 4190.702299818397 723.0333864241838 3617.504534311593 746.1446420475841 1743.082053676248 1681.878257378936 1603.03068023175 26.5495280623436 1186.491436116397 703.2689853832126 2.627141937613487 1.939821042120457 1.92341435700655 1.350304111838341 0 3.030952110886574 0.6060952916741371 0 0.34065330773592 0 1.281222552061081 0.9347016587853432 0.1405872255563736 1.836088418960571 1.079949364066124 0.1182652488350868 1710.714905694127 268.6334360539913 40.94592383503914 0.4463680684566498 0 0.1659547835588455 17.3052650988102 1.366978816688061 4.266708225011826 5.378821738064289 2.24075685441494 2.163275048136711 1.273065812885761 1.769173614680767 0.4287783429026604 1.101826369762421 135.405381411314 19.08177506178617 1.7084771245718 3.116330079734325 2.299559488892555 2.437437169253826 0.4954767525196075 2.810522608458996 48.0081740245223 17.22721970081329 182.400896705687 2600.606892034411 57.77137602120638 40.7133217677474 2.00910147279501 4.068279594182968 0.09706684201955795 94.17759518325329 23.54558715969324 10.4198405444622 1.460760824382305 4.646939724683762 2.924641892313957 3.985250607132912 28.91559151560068 3.645975641906261 0 672.344822242856 175.2471191212535 118.4364516288042 52.06235618889332 3.138462595641613 47.1372564509511 211.0960457772017 4.054048977792263 18.65991570800543 90.56519266217947 0 13.23583035171032 7.795912832021713 10.58759718388319 0 1.083517640829086 0.1331620961427689 1.041497878730297 1.170563235878944 3.090102508664131 0.5911296755075455 1.719666585326195 333.2130974903703 1.212967962026596 0 1.896836251020432 763.0533580332994 4.650262340903282 6.719572082161903 24.255650177598 5.725532829761505 53.11756706982851 139.5691838413477 14.30206121504307 19.90820969641209 85.7204003483057 60.16304907202721 10.8856463432312 78.27887777239084 88.0232096016407 39.77053268253803 47.16693882644176 0.4888153076171875 0.445267528295517 0 0 0 0 0 0 0.4482816457748413 0 0.448320597410202 0 0 0 0 0 0 0 0 20.24765929579735 3.058318898081779 0 0.1347313970327377 0 11.65243852138519 0 2.974815651774406 1.307988852262497 0 0 0.2219293415546417 0 0 0.7728176042437553 0 0 0.9474848508834839 3.848108164966106 0.4560413658618927 0 0 0.2055376768112183 0 0.508876159787178 0 0.1078458726406097 0.3900609239935875 3.333445869386196 0 0.1581471413373947 0.2083755880594254 23.81365841627121 2.943616285920143 0 0 0 0.1139887869358063 0 0 0.1635129749774933 0 32.44403460621834 0.3010272085666656 0 0 0.3066636770963669 21.9914333075285 0 0.1207212284207344 1.504315786063671 2.2841467410326 3.837994672358036 1.372843414545059 3.551933079957962 0 0 0.1325887888669968 0 0.1646149605512619 0 0 0 23.80601811408997 7.945441946387291 6.450670517981052 457.5243923515081 91.43023124337196 822.8758278042078 89.03373236954212 1147.726456739008 157.235907137394 7.926971718668938 84.63396035134792 7.645216315984726 0.9642910361289978 6.6600182056427 1.004740297794342 7.362177938222885 1.012540474534035 0 3.025710761547089 13.20496290922165 0
612.809565871954 3049.6099319309 0 28.97337366640568 233.1577705219388 31.92558585107327 72.08562644571066 1170.321849614382 120.0836910009384 33.88752426952124 1754.674049533904 2.252955481410027 29.55504678189754 339.8685784935951 4.12014327198267 7.045316874980927 2.714633867144585 2.783507727086544 0.2359715178608894 23.09382501989603 6.869599640369415 0 0.2281122952699661 0 2.792241021990776 0.7641049325466156 0 0.9281092286109924 0.3713773638010025 0 5613.532833568752 783.4596297964454 70.27606070041656 0.2914970517158508 0 4.954208329319954 15.57526032626629 1.459716632962227 3.664211630821228 1.697643741965294 1.941590443253517 3.060926280915737 13.99035423994064 3.204298451542854 1.659945592284203 1.786685474216938 51.65659456700087 11.66500126570463 0.9605080559849739 12.69058341532946 3.397096231579781 0.7169460952281952 0.3106065839529037 1.199732042849064 13.53916900604963 4.038757808506489 52.26186683773994 2691.846880018711 15.91423115134239 11.70416188240051 9.691271960735321 8.470282912254333 1.305038139224052 194.9897980615497 5.215331003069878 5.379264652729034 0.7427762076258659 13.89661717414856 15.92085109651089 12.03379311412573 23.39946499466896 4.562950223684311 0 235.3992557451129 91.13843910396099 43.70278112590313 20.22516720741987 2.926272913813591 200.1437900066376 503.2910192832351 24.5341529622674 152.3411183729768 28.04440167546272 0 5.729778207838535 2.866579093039036 10.92859987169504 0 0.8685034215450287 0 0.3215648531913757 0.8189520537853241 4.569232262670994 0.5727149471640587 3.499402552843094 49.3861216455698 2.240787759423256 0 1.040539145469666 240.9452626034617 0.7989244163036346 0 1.603291183710098 0 3.707566559314728 3.964325174689293 0.1869828850030899 0.4161518961191177 5.443012043833733 0.2361882477998734 0.9886492341756821 7.544654697179794 5.485985174775124 3.551541581749916 9.889747112989426 0 0.1253762692213058 0 0 0 0 0 0.1897205859422684 0 0 0.2062229067087173 0 0 0 0 0.1333473920822144 0 0 0 2.285403490066528 1.295748725533485 0 0 0 4.171087354421616 0 1.254687815904617 0.5150938034057617 0.3477083146572113 0 0 0.3837603628635406 0 0 0 0 0 1.009424217045307 0.302364706993103 0 0 0 0.1999142020940781 0 0.2219472527503967 0.1491259932518005 0 0.7240456789731979 0 0.1514687836170197 0.1916928738355637 6.99072502553463 0.1400177627801895 0.16438128054142 0 0.1439071893692017 0 0 0 0 0.7822539508342743 8.33336116373539 0 0 0 0.1447581499814987 2.275080844759941 0.1020500212907791 0.279124416410923 0.2042592614889145 0 0.1133276149630547 0 0.7067765146493912 0.1101552993059158 0 0 0 0 0 0 0 1.609110400080681 2.422712609171867 6.209686830639839 141.8111374825239 29.20096404850483 272.1705211251974 31.15796528756618 144.0024894475937 47.45611675083637 2.461404211819172 31.42573128640652 1.444784238934517 0 4.784233614802361 0.1658219546079636 0.7483377158641815 0.2509244978427887 0 0.209848552942276 0.3040240556001663 0
1826.921957522631 515.0456624850631 28.97337366640568 0 47.40507882833481 421.1833554208279 602.079483307898 1.217631354928017 47.39103811979294 1255.271195158362 2.188295669853687 151.8417132049799 1294.25349368155 49.25268322974443 0 0.3114640191197395 0 0 0 0.3664896711707115 0 0 0 0 0.1131416708230972 0 0.1337108165025711 0.3489871919155121 0 0 70.07051953673363 1.262448608875275 3.119819842278957 0 0 0 3.528225049376488 0.3463277146220207 0 0.4524152278900146 0 0 0.2516119182109833 0 0 0 13.51194436848164 1.292587243020535 0 0 0.1783747524023056 0 0 0.5703173577785492 5.481934688985348 2.355872459709644 20.85443168878555 370.3110670745373 8.33721162378788 4.985202997922897 0 0.4134946316480637 0 4.637543708086014 2.648708283901215 1.11420151591301 0.1058841422200203 1.087981775403023 0.3828458786010742 0.3424472808837891 1.192106522619724 0 0 87.53115254640579 15.96401228755713 6.056166678667068 2.877385929226875 0 0.2564675062894821 1.690960437059402 0.2963642179965973 0.1590262204408646 7.123646788299084 0 0.9746860861778259 0.7004691287875175 1.255917243659496 0 0 0 0 0 0.6236257255077362 0 0.2415493130683899 209.9428355842829 0 0 0 97.67744515836239 0.1971310973167419 0.8366651087999344 7.948282569646835 3.26998382806778 9.968776032328606 24.63931027054787 2.007921457290649 6.56081622838974 21.41081866621971 13.50814294815063 1.628116637468338 20.42425274848938 11.24951584637165 11.17921744287014 4.899290204048157 0 0 0 0 0 0 0.5649991035461426 0 0 0 0 0 0 0 0 0 0 0 0 2.551421403884888 0.8642339259386063 0 0 0 1.294776782393456 0 0 0 0 0 0 0 0 0 0 0 0.2196805328130722 0.1337583959102631 0 0 0 0 0 0 0 0 0 1.089240022003651 0 0 0 0.9894089698791504 0 0 0 0 0 0 0 0 0 2.207823783159256 0 0 0 0 0.987705260515213 0 0 0.8438433408737183 0.1803906410932541 0.2705544233322144 0 0 0 0.1248769909143448 0 0 0 0 0 0 6.605567246675491 0 0.1515515446662903 47.24914138764143 10.00032225996256 79.37100990116596 5.350695326924324 166.0782577246428 15.09456273913383 1.442618228495121 6.234919868409634 0.6336595416069031 0.0873323529958725 0.5921433717012405 0.4288913905620575 2.573757410049438 0 0 0 0 0
214.3537463992834 4190.702299818397 233.1577705219388 47.40507882833481 0 28.07998707890511 2484.814729392529 198.4479403793812 6360.103151090443 815.0588539540768 1111.413004159927 24.10632632672787 1301.599366821349 1600.147409692407 2.261124797165394 1.836311094462872 0 0.5976331606507301 0.2319170087575912 0.9501000419259071 0.3791667222976685 0 0.08520764857530594 0 0.610790491104126 0.2125559151172638 0 1.167839497327805 0.7412825375795364 0.1009537279605865 166.7226190194488 37.82184740155935 60.12786134332418 0 0.1290190368890762 0.231752447783947 13.32872019708157 0.6937849968671799 1.62699730694294 1.418999947607517 0.4669975787401199 0.9255836755037308 0.3652588725090027 0.7321297973394394 0.126667708158493 0.3906487599015236 63.03035028278828 8.296419553458691 0.4467980489134789 0.8160207569599152 0.513651542365551 1.317162394523621 0.07804108411073685 1.637883573770523 14.9742847904563 6.622438155114651 40.85673430562019 284.4204633980989 16.09739343822002 10.95984436571598 0.6978791356086731 1.937974765896797 0.09638679027557373 40.66465127468109 7.660605631768703 4.256797716021538 0.6730193346738815 3.572770453989506 1.084583505988121 2.580067865550518 26.71510713547468 0.8975158929824829 0 152.7981586903334 65.00129406899214 58.63624558597803 32.88516863435507 1.835724204778671 7.623996667563915 61.8264439329505 0.5038907676935196 3.03931001573801 29.50797313451767 0.2127392739057541 4.031615018844604 1.437451019883156 2.063419364392757 0 0.4810943230986595 0.2181569039821625 0.1041912585496902 0.5265947878360748 2.153194114565849 0.2430086135864258 0.6310692951083183 188.7473789900541 1.835155159235001 0 0.4044138044118881 18.37258923053741 8.303276404738426 3.127646327018738 20.33823654800653 3.115967407822609 52.92681895196438 94.91603150963783 7.270033046603203 34.44457326829433 65.57387173175812 40.98520030081272 15.57120925188065 94.852420181036 96.71312314271927 47.55644649267197 66.34392526745796 0.1467431783676147 0.2192595303058624 0 0 0 0 0.2413291484117508 0 0 0 0 0 0 0 0.3074237108230591 0.5640209913253784 0.169552281498909 0 0 22.37918247282505 11.68205831944942 0.2686168849468231 0 0 11.84106043726206 0 2.643378928303719 1.861489474773407 0.6748067289590836 0.4459215402603149 0 0 1.053667023777962 0.4001947343349457 1.129622340202332 0 1.137147590517998 2.303466953337193 0.508506178855896 0 0 0 0.1729336082935333 0.1124291494488716 0.2236348986625671 0 0.6589827388525009 7.370952516794205 0 0 0 24.33980473875999 4.682410269975662 0.3933215737342834 0.328636646270752 0 0 0 0 0 0.2119088768959045 45.96740181744099 0 0 0.1310585588216782 0.5351639091968536 19.28553684055805 0 0.6485194563865662 5.028517365455627 3.639066085219383 2.449887439608574 1.199276551604271 3.025781124830246 0.1412233263254166 0 0 0 0.09324712306261063 0 0 0 25.87902449071407 6.37782134115696 6.829519800841808 215.0388472527266 38.75809202343225 360.8511726334691 58.34875633567572 57.77293965965509 73.76589403301477 3.490299120545387 54.96322329342365 5.610894307494164 0.6402135789394379 7.59465429931879 3.356792569160461 3.620409250259399 1.330883517861366 0.306129515171051 2.134768344461918 1.42686003446579 0.8627967238426208
260.0370523929596 723.0333864241838 31.92558585107327 421.1833554208279 28.07998707890511 0 217.156375490129 7.352692469954491 14.52567563951015 1035.242301270366 33.73599300533533 95.72801564633846 93.71704532206059 41.67577241361141 0.55137649923563 1.283172845840454 0.3737633228302002 0 0 0 0 3.178720280528069 0 0 0.1492188423871994 0 0 0 0 0 50.58925050497055 0.8484998345375061 64.07242907583714 0 0 0 50.22934390604496 1.077135160565376 11.05290466547012 0.9332169890403748 0 0 0 0.3104684799909592 0.4148169755935669 0.1736380904912949 2.332040503621101 0 0 0.1218967512249947 0.2375966906547546 17.34214608371258 1.087907120585442 0 0.1454057246446609 1.412673339247704 255.5010013133287 219.9806186929345 6.163140043616295 0.8852928131818771 0.2660148143768311 6.811401769518852 0.278920590877533 0.5486688613891602 0.1156541034579277 0.219363659620285 0 0.1248947083950043 0.678383857011795 0.3490420281887054 345.6398178040981 120.2867329865694 33.37391074001789 7.083634346723557 0.522825762629509 1.789131820201874 2.710715144872665 0.7831870764493942 2.107864126563072 50.69315212965012 2.965807050466537 22.20830589532852 1.238276228308678 3.071532666683197 0 0.452149786055088 0.2268298417329788 20.9769606590271 4.697958141565323 28.94159135222435 1.417832046747208 6.023982629179955 0.2257653176784515 0 0.8006675094366074 817.5812230557203 191.9225759059191 37.94595532119274 39.46649637818336 810.6198010444641 0 3.332726001739502 1.622095823287964 2.019571304321289 0.7348233461380005 7.936353221535683 0.5420146584510803 0.9107807874679565 5.493821501731873 9.792735815048218 0.4780637919902802 3.043024301528931 10.08366759121418 3.927281066775322 3.031591534614563 0 0 0 0.202868640422821 0 0 0 0 0 0 0 0 0 0 0 0 0 0 0 1.766762971878052 0 0 0 0 0.2618559598922729 0 0 0 0 0 0 0 0 0 0 0 0 0.2988929748535156 0 0 0 0 0 0 0 0.1343146562576294 0 0 0 0 0 1.660033077001572 0 0 0 0 0 0 0 0 0 0.1518373191356659 0.311938464641571 0 0 0 0.4052222669124603 0 0 0 0.6684249639511108 0 1.129589676856995 0 0 0 0 0 0.1398017257452011 0 0 0 4.957196950912476 0.3590719401836395 0.1810119897127151 5.968891188502312 0.243832916021347 5.602436758577824 1.572479240596294 209.4237597733736 8.816725306212902 0.4551491439342499 1.434288397431374 0 0 0.2635015547275543 0 0 0 0 0 0.7728531360626221 0
260.7260032519698 3617.504534311593 72.08562644571066 602.079483307898 2484.814729392529 217.156375490129 0 25.18902740627527 2100.600402109325 2213.28795555234 246.6392843797803 44.7980717048049 3154.136404402554 1149.140190139413 2.89926240593195 2.381628572940826 1.111514188349247 1.989412628114223 0.119817927479744 1.247824981808662 0.7737326100468636 0 0 0 0.2908501029014587 1.446794472634792 0 1.072112113237381 1.682746939361095 0 157.9794630631804 26.04629496484995 26.09742800146341 0.2223929464817047 0 0 12.65661195665598 0.9123522266745567 2.790925540030003 2.070739254355431 0.7590015083551407 2.444849766790867 0.8868763446807861 1.777469642460346 0.2465271651744843 0.3574921861290932 98.04866928607225 12.32544501125813 0.5949959605932236 1.984415292739868 1.894603595137596 1.72761857509613 0.2134402021765709 3.421592146158218 30.760846786201 9.924589231610298 83.37326990067959 612.2648772448301 30.07355277240276 25.24142371863127 0.8813736513257027 1.279652193188667 0.4211819618940353 48.61096508055925 12.98426002264023 6.528450861573219 1.554515026509762 4.175064228475094 1.132583901286125 0.6953982710838318 29.78339315205812 1.623404175043106 0.2247756123542786 300.1678919196129 92.26402852684259 87.54012113064528 44.70143338292837 4.708542466163635 2.515267357230186 18.73020789027214 2.54826795309782 4.776781767606735 50.38540754467249 0.1248737871646881 6.620568186044693 5.686845198273659 8.416403971612453 0 1.050991117954254 0.1214901655912399 0.2281819954514503 1.418644778430462 1.815179497003555 0.9752402901649475 2.026206813752651 540.6533967927098 0.2860769331455231 0 0.7671434134244919 46.39394891262054 11.68360024690628 4.225592985749245 39.36403021216393 9.962291121482849 102.4704280272126 153.6341332867742 15.24545520544052 59.79132773727179 167.5480299890041 112.6329804211855 27.60899712145329 166.6282891333103 194.7156223133206 83.17102615535259 107.2384856790304 0 0.4348852336406708 0 0.1380621343851089 0 0 0 0 0 0 0 0 0 0 0 0.1856634765863419 0 0.3361922800540924 0 45.26799161732197 17.20191366970539 0 0 0 12.86192953586578 0.7647743821144104 5.212272956967354 1.673832774162292 0.6652556359767914 0 0 0 0.5334965586662292 0.1187551617622375 0 0.1299733370542526 1.46192541718483 7.220627516508102 0.1914094537496567 0.1092979833483696 0 0 0.1268459260463715 0.1051144152879715 0.5674787908792496 0 4.012944646179676 13.38468837738037 0.1093620806932449 0.4769997298717499 0 40.33474263548851 7.459400288760662 0 1.028568387031555 0 0 0.1223523244261742 0 0 0.1447495967149734 68.77396769821644 1.352034762501717 0 0 0.2572660148143768 26.72524984925985 2.461320944130421 2.221133157610893 2.680680654942989 4.262365639209747 5.562430627644062 3.143374964594841 2.272463209927082 0.4580467194318771 0 0 0 0.126024529337883 0.242516040802002 0 0.1238377615809441 70.69542077183723 5.214531764388084 9.204410754144192 313.7525147944689 71.49041264504194 562.3177655786276 78.21745815873146 180.1917941644788 126.9770887196064 6.987834759056568 80.86681972444057 7.756516650319099 1.44542270898819 12.13956262916327 2.604019097983837 15.98931342363358 1.621140480041504 1.850705251097679 4.380857110023499 1.876151748001575 0.5619243383407593
136.5982024148107 746.1446420475841 1170.321849614382 1.217631354928017 198.4479403793812 7.352692469954491 25.18902740627527 0 63.20456449687481 2.334362745285034 4289.371708929539 5.503545865416527 52.2411477714777 213.1897523701191 11.15389033406973 20.99509847164154 9.301676996052265 16.90359222888947 1.538128152489662 68.1987407207489 45.55634218454361 0.2640463411808014 0.3388378769159317 0.1600409150123596 35.71937220543623 2.021086901426315 1.204701229929924 2.01761744171381 0.930105984210968 0 1387.950698517263 1109.712541297078 147.9841355010867 2.907653510570526 1.354077935218811 40.84722930192947 43.27484271675348 11.77704876661301 6.785071432590485 10.97872008383274 10.47830300033092 18.23633182048798 43.17985336482525 28.74959553033113 4.328019641339779 25.16244878619909 49.32806949317455 17.68105039745569 5.462091743946075 56.25559209287167 8.566644109785557 1.323501318693161 1.423442348837852 7.906018994748592 8.149966046214104 3.651482790708542 33.11118096113205 699.2935020551085 9.799367748200893 12.28544014692307 52.63282743096352 57.2183660492301 13.99310806393623 216.1807446628809 4.119678623974323 10.4045022726059 2.839163415133953 61.10674564540386 77.43926728516817 83.71504302322865 58.68046464771032 40.05747483670712 0 153.3524722531438 73.60291527211666 44.9388156235218 40.36886567622423 26.74776919186115 1281.314441338181 3606.219588942826 191.0845129340887 1044.966348677874 21.98351436853409 0.3263104557991028 7.051609121263027 2.97284784168005 44.86430674791336 0 1.05862046033144 0.1332736909389496 1.901636868715286 1.64159532636404 43.21875794231892 5.131040185689926 11.1497447937727 104.1754816174507 19.0179229080677 0 6.136458188295364 54.12198387086391 0 0.8197753131389618 1.136022463440895 0 5.591179609298706 6.588433235883713 0 6.432029575109482 3.349119186401367 1.215659886598587 1.692311391234398 5.520658373832703 8.367650821805 8.337159603834152 14.58769948035479 0.5627815574407578 1.046483889222145 0 0.2491025328636169 0 0 0 0 0 0 0.55350461602211 0 0.5530404299497604 0.4767030775547028 0.172961562871933 0.145643338561058 0.2416789978742599 0.2119091153144836 0.3451220989227295 4.255036890506744 2.589173272252083 0 0 0 11.69899819046259 0 8.39510951936245 3.303431510925293 0.7853090167045593 0.5733234286308289 0.2892802953720093 0.2722601294517517 0.13935686647892 0.7386158853769302 0.7376678138971329 0 0 1.965047299861908 0 0.2955635190010071 0.694504514336586 0 1.03513915091753 0 0 0 0.3858842402696609 1.955529920756817 0 0.6076860874891281 0.3526753038167953 18.32631866633892 0.3280468881130219 0.1327354162931442 0.4881142526865005 0.1419769823551178 0 0.1438604891300201 0 0 3.605146080255508 24.62765756249428 1.985942870378494 0 0.2732612192630768 0.7335589528083801 6.726297155022621 1.262906670570374 0.1488281339406967 1.509855411946774 0.5485203713178635 1.177909418940544 0.8930999934673309 1.014311894774437 0 0 0 0 0.3826686218380928 0.5187877416610718 0.4823433011770248 0 1.42739225924015 5.278247430920601 11.30769250541925 141.8808777108788 44.62516132742167 266.2744998335838 33.74144998937845 41.15556269139051 35.53241216391325 3.224264472723007 36.39734533429146 4.915166489779949 0.505302369594574 7.070098422467709 1.276724949479103 2.190920129418373 1.524572730064392 0 2.008686035871506 1.630942687392235 0
13.35077708959579 1743.082053676248 120.0836910009384 47.39103811979294 6360.103151090443 14.52567563951015 2100.600402109325 63.20456449687481 0 243.3771370947361 2551.310400649905 39.76243781298399 1612.014256417751 1045.007959865034 1.829449400305748 1.958113938570023 0.3606816232204437 0 0 0.1863760352134705 0.863914966583252 0 0 0 0.4303712174296379 0.4059510678052902 0 0.8747033178806305 0.1511920243501663 0.08220311999320984 39.84485211223364 23.22084068506956 59.66572051495314 0 0 0 19.16580709815025 0 1.320826023817062 0.09966736286878586 0 0.7046536579728127 0.09244899451732635 0.2567793503403664 0 0.2466861605644226 45.93102078139782 3.614026144146919 0.4034500420093536 0.4554019123315811 1.146557360887527 0.943511962890625 0.08382854610681534 1.888783201575279 7.665800653398037 2.623489491641521 20.75927092880011 106.0247207731009 7.220609776675701 8.923671297729015 0.3491065800189972 0.4672840237617493 0 20.08483934402466 3.336505085229874 1.196905344724655 0.08116954565048218 2.101015374064445 0.2264123633503914 1.553073585033417 31.10193169862032 4.579517379403114 0 94.34071377664804 35.26424549520016 39.86908604949713 27.02538578957319 3.261343948543072 1.336337082087994 43.52442234009504 0.3316756188869476 1.349201738834381 14.82461459934711 0 2.947459883987904 1.780187703669071 2.149429574608803 0.09252987802028656 0.3123495876789093 0 0.6939270943403244 0 0.9507600143551826 0 0.5488394275307655 220.0688093677163 0.9879355579614639 0 0.4742510914802551 4.818337589502335 7.315783694386482 2.932077914476395 20.73804511874914 3.727598428726196 44.28542806208134 68.38884580135345 7.183503642678261 24.47079116106033 61.37056830525398 29.75895078480244 14.59405436366796 83.53269872814417 78.18041215837002 46.60777611285448 45.65182274580002 0.3950740844011307 0.4735681712627411 0 0.2429071664810181 0 0 0 0 0 0 0.1313579827547073 0 0.1465752720832825 0.1706137955188751 0 0 0 0 0 19.29708898067474 7.482796721160412 0 0.1290747672319412 0 10.75969266891479 0 2.425113335251808 1.00201141089201 0 0.1136395707726479 0 0.2987417876720428 0.1647275984287262 0 0 0 0.3803929537534714 2.049312442541122 0 0 0 0 0.226208508014679 0.2090650796890259 0.3727509379386902 0.08304563164710999 0.948066458106041 6.797034837305546 0.1137305423617363 0.1147382631897926 0.1171132549643517 18.12355258315802 1.373811110854149 0.2800678461790085 0.6088592708110809 0.1563648283481598 0 0 0.569014236330986 0 0 37.18171037733555 1.446062847971916 0 0.162168100476265 0 18.51294718682766 0.7138008773326874 2.489141792058945 3.913253493607044 3.567373529076576 2.047892481088638 0.9101227670907974 1.779300481081009 0.4123240411281586 0 0 0 0.1025021374225616 0 0 0 24.43520992994308 4.454283744096756 5.23489972949028 189.152000837028 20.84508292376995 286.5679012462497 46.26131077110767 20.04923142492771 57.47736631333828 2.68572623282671 49.82852581143379 6.359026588499546 0.5415146797895432 10.31944909691811 0.7563493698835373 6.33064766228199 1.056783869862556 0.3280897364020348 2.23890508711338 2.560930885374546 0
2964.637550786138 1681.878257378936 33.88752426952124 1255.271195158362 815.0588539540768 1035.242301270366 2213.28795555234 2.334362745285034 243.3771370947361 0 35.99749612063169 2519.029290765524 5010.773656487465 414.7178013622761 0.2707280367612839 0.3214782476425171 0.5026690512895584 0.4669987410306931 0 0.1157695725560188 0 0 0.2627409398555756 0 1.167963773012161 0.1121473833918571 0 0 0.9436927139759064 0 86.83219453692436 1.387716621160507 55.14053074270487 0 0 0 77.17662945389748 0 5.952249616384506 0.09892386198043823 0 0.282853752374649 0.1198421269655228 0.6622208654880524 0.2058061808347702 0.2866242825984955 12.44949227571487 1.193207457661629 0 0.1257329285144806 0.2865379601716995 0 0.26206374168396 1.360463634133339 2.548914052546024 1.960125416517258 48.43610672652721 325.6804400011897 6.594182528555393 2.77703620493412 0.2985513508319855 0.5117464363574982 0 2.669483467936516 1.836446352303028 1.906315363943577 0 0.3209347650408745 0.4989037364721298 0.5381646752357483 531.8272995054722 2.048611536622047 0 92.05673524737358 15.40391551703215 11.84700861573219 4.78863786906004 1.18718059360981 0.2705679386854172 3.4009914919734 0.1002238914370537 0.7547106444835663 8.772139266133308 0 0.8572927936911583 0.6949446052312851 0.7355252057313919 0 0.1825471445918083 0.1330888718366623 0 0.2984824106097221 0.2628255486488342 0.374620795249939 0.5984777808189392 1254.527311190963 2.786033794283867 0 0 371.1405454874039 8.09522719681263 10.07769687473774 42.88306069374084 12.39451476931572 78.01519279181957 179.0966669470072 21.52959544956684 51.47887027263641 152.0139413028955 107.5469405949116 22.2026768475771 132.7821545377374 168.0746613442898 78.25536352396011 57.80723790824413 0 0 0 0 0 0 0.1574511677026749 0 0 0 0 0 0 0 0 0 0 0 0 28.79204976558685 6.743055522441864 0 0 0 4.108464896678925 0 0.9656792283058167 0.2919794023036957 0.4009266197681427 0 0 0 0 0.3907099068164825 0.2722755968570709 0 0.8227989822626114 3.165082111954689 0.1505961567163467 0 0 0 0 0.2715175971388817 0.2273181974887848 0.4791249483823776 1.002503961324692 10.01675092428923 0.146054819226265 0 0 12.08243356645107 1.995486900210381 0 0.3750739321112633 0.3533534109592438 0 0 0.1139148250222206 0 0.1239879280328751 33.08344389498234 0.5849205106496811 0 0 0 13.8503360003233 0.1509285718202591 0.3782711029052734 3.71207620203495 3.628352276980877 1.448524117469788 0.7682814002037048 1.378308989107609 0.1127063855528831 0 0 0 0 0.1218981221318245 0 0 76.1412209123373 3.186731025576591 3.95975498855114 76.94283167272806 7.461908973753452 82.45843611657619 12.43226219713688 343.1593000739813 22.09148626774549 1.348517626523972 11.703792065382 2.270931079983711 0.4945114329457283 6.303295932710171 1.382966808974743 7.20744900405407 0.1657391637563705 0 2.056006461381912 0.4571639895439148 0
233.1841852068901 1603.03068023175 1754.674049533904 2.188295669853687 1111.413004159927 33.73599300533533 246.6392843797803 4289.371708929539 2551.310400649905 35.99749612063169 0 203.9649981558323 1907.679440259933 4086.576514162123 10.93007536232471 15.77189799398184 6.161873497068882 2.008892960846424 0.1169253066182137 7.432567067444324 8.928461715579033 2.602325968444347 0.5364239662885666 0.1086676716804504 20.28709740936756 3.102211661636829 0.1513080596923828 2.190659806132317 3.167693302035332 0.3079091683030128 653.20665486902 361.0273737683892 832.9659205079079 0.5652552619576454 0.1599954962730408 8.32113616168499 331.7278506606817 10.84427905082703 18.90686105191708 29.32179726660252 7.752075724303722 5.657292082905769 2.299999445676804 8.52033643424511 0.7410207390785217 8.9411351531744 153.6338889151812 15.91590981185436 1.210388861596584 3.920011110603809 5.86637694388628 8.841780684888363 6.619962863624096 4.537559479475021 24.20573744922876 10.77712029963732 68.30813186615705 566.7866549417377 26.74122285097837 35.70642872154713 10.93359159678221 28.18766877800226 4.851631224155426 110.472166210413 11.00801468640566 8.803456105291843 1.438280500471592 8.925843179225922 11.371118940413 21.6723735332489 360.7476655840874 53.10677377134562 0 295.3432940468192 131.6850198060274 158.548893712461 134.7339637428522 20.57173465192318 55.49624196439981 725.1114906445146 8.823381938040257 77.85303392261267 47.03023584187031 0.2867606580257416 8.445012047886848 4.480310663580894 7.870226748287678 0.5896867141127586 0.3648813739418983 0.1208247542381287 1.385888837277889 1.60790903866291 20.45411369204521 4.688758678734303 3.828156851232052 742.8324229866266 58.84049065411091 0 6.167138159275055 62.89482719451189 6.730021126568317 2.704194650053978 14.82038396596909 3.564670920372009 44.18021361529827 39.42398482561111 6.265468239784241 24.02945265173912 50.57740458846092 26.53109332919121 13.70122671127319 73.4033455401659 73.89774817228317 55.03177440166473 94.2755734026432 0.8658572435379028 2.737241551280022 0 0.2348474264144897 0.1333389133214951 0 0 0 0 1.482265770435333 1.615954197943211 0 0.459270641207695 0 0.2896233201026917 0.532989040017128 0.7668362706899643 0.1799575239419937 0.3953098505735397 28.19281236827374 13.49043761193752 0.1452484875917435 0.2002661675214767 0.1353361904621124 25.19570937752724 0.3944949209690094 7.114668324589729 6.514795377850533 2.166252635419369 0.8820161819458008 0.1365410387516022 0.5082109272480011 0.179096445441246 2.31922647356987 0.8025395125150681 0 1.655122146010399 7.039658360183239 0.3875522017478943 0.1934827715158463 0 1.779815137386322 0.3603920340538025 0 0.7322250753641129 0.7402631714940071 2.914285212755203 9.018445663154125 0 0.7254686504602432 1.687659725546837 53.26902683824301 4.061819076538086 1.200752519071102 0.1034777835011482 0 0.1437007486820221 0.3538225740194321 0 0 1.107957646250725 76.4815456867218 2.794861644506454 0.276070237159729 0 0.7878762632608414 28.51403398066759 1.433184266090393 0.7786592394113541 2.802849315106869 5.526429995894432 4.846752695739269 0.9799544811248779 3.327256739139557 0.2447793707251549 0.4857385158538818 0.1687128394842148 0 0.3209178000688553 0.4785071313381195 0.2772157788276672 0.3551268726587296 31.27562643587589 21.78153243660927 18.84926125407219 495.0639545321465 84.4982036575675 745.8055196106434 139.8523332029581 95.59954691678286 146.2013576477766 7.951417922973633 141.0830446258187 14.49820838868618 1.284009337425232 25.6917952299118 2.397010616958141 6.744816407561302 2.640735454857349 0.3905626237392426 7.651066616177559 2.477417349815369 0.9728349298238754
39.60053862631321 26.5495280623436 2.252955481410027 151.8417132049799 24.10632632672787 95.72801564633846 44.7980717048049 5.503545865416527 39.76243781298399 2519.029290765524 203.9649981558323 0 1936.811133235693 296.0664015859365 2.548481352627277 3.069669261574745 0.7610706463456154 0.1104841232299805 0 0.4362772777676582 0 1.085254788398743 0 0 1.519332081079483 0.6866834759712219 0.1807913482189178 0 0.3405864238739014 0 5.193819522857666 2.871977627277374 43.69747689366341 0 0 0 205.6486891359091 0 7.503865949809551 3.71821853518486 0.1426064819097519 0.6744853854179382 0.2772300839424133 1.659978553652763 0.1508885473012924 0.5968865007162094 22.51018341630697 1.549353167414665 0.1043789833784103 0.2864947244524956 0.3850203529000282 0.7831690311431885 0.1328251510858536 0.7057062983512878 3.652229443192482 0.5526441857218742 8.38934201747179 29.85413233190775 4.244289912283421 4.755887359380722 0.8497832417488098 1.063910782337189 1.20053993165493 6.014596931636333 0.8866251707077026 1.269114330410957 0.08533774316310883 0.8777291476726532 0.1468831300735474 1.063000753521919 309.8865900486708 9.067586377263069 0.821101188659668 33.35021085292101 6.061884269118309 21.89981551468372 20.29275987297297 4.172359436750412 0.4390242248773575 9.460242792963982 0 0.5737359896302223 6.002874255180359 0 0.6936183944344521 0.3322075083851814 0.309977188706398 0 0 0 0.366919532418251 0 1.291069269180298 0 0.7281906008720398 1968.752381056547 15.86110317707062 0.6133070588111877 1.80450901389122 20.46227216720581 9.425839230418205 8.007243975996971 29.01580544561148 11.32982656359673 91.01475723087788 122.740371093154 14.38311584293842 59.63075695931911 114.3164546638727 70.87633270025253 22.83266025781631 154.538340434432 178.7448453456163 106.4937841296196 123.6160278320312 0.4670946300029755 0.7038855254650116 0 0.488604336977005 0 0 0 0 0 0 0.1785330474376678 0 0 0 0 0 0 0 0 36.56785889714956 18.58879080414772 0 0 0 17.45808382332325 0.1599437594413757 5.083116084337234 1.991992354393005 0.1540973335504532 0 0 0.2667056918144226 0.2292612046003342 0.7533290088176727 0.3451510518789291 0 1.844702884554863 3.849288180470467 0.1199562698602676 0 0 0 0.3061269596219063 0.2571490630507469 0.9839119464159012 0.1978876888751984 3.261977903544903 14.80119421333075 0 0.6905814856290817 0.6992213875055313 28.84578937292099 4.426926396787167 0.6880451887845993 0.6882366836071014 0.09869561344385147 0 0.6806015074253082 0 0 0.2091317921876907 84.6329338401556 1.891955062747002 0 0 0.1903768479824066 30.03810760378838 0.4340789616107941 2.766520723700523 3.69950195401907 5.802038259804249 1.948060087859631 1.378093436360359 5.192851521074772 0.3704760670661926 0 0 0 0.2653421387076378 0.1456183940172195 0 0 74.14861018955708 18.73756331205368 7.703889295458794 149.8129344135523 11.60303577780724 119.9661760702729 25.08108888566494 43.19083298742771 27.44739173352718 1.460269182920456 39.68978469073772 12.5976128578186 2.057851254940033 17.73888330161572 0.9779738783836365 10.40036002546549 1.592595428228378 4.312342494726181 8.11932760477066 0.6441587060689926 0.4774865508079529
74.38577030599117 1186.491436116397 29.55504678189754 1294.25349368155 1301.599366821349 93.71704532206059 3154.136404402554 52.2411477714777 1612.014256417751 5010.773656487465 1907.679440259933 1936.811133235693 0 2674.895543672144 12.57756996154785 18.5918466001749 1.394631646573544 0.4806974977254868 0.6377815902233124 1.581046111881733 0.8661079555749893 1.939853250980377 0 0.1209418699145317 7.145952381193638 1.43303844332695 0.1311952024698257 2.688784644007683 1.907926231622696 0.08682724088430405 14.08979592472315 18.69671069085598 259.3028625696898 0.4502303302288055 0 0 150.9108781963587 1.360692597925663 69.26324634253979 15.68263610452414 0.9783690869808197 0.7687998265028 0.9204758405685425 3.983250826597214 0.8870263695716858 0.6769492104649544 106.5938588157296 4.399741843342781 1.298110798001289 1.331240892410278 1.069163486361504 2.113708510994911 3.664912357926369 3.388356611132622 11.19430553913116 5.562843702733517 31.44197755306959 124.4860502257943 10.45617923140526 16.79542476683855 0.8983308523893356 4.746379464864731 0.3926191627979279 28.92020142823458 5.031772702932358 2.965111784636974 1.08470457047224 3.197601094841957 1.868092477321625 2.575301416218281 280.3356201425195 21.99234404414892 0.1898730248212814 124.5554019287229 42.33432637155056 93.94166481494904 92.9284366518259 20.77110790461302 7.471374645829201 107.1515089869499 1.847730338573456 3.29362154006958 23.50655823200941 0.1132810413837433 3.155559532344341 2.398382961750031 2.935890913009644 0 0.2731187865138054 1.344154253602028 0.7933662831783295 1.481636673212051 2.543241128325462 0.09244861453771591 1.410389438271523 2535.994622930884 16.88160093128681 0.9013199210166931 1.024128407239914 19.56815809011459 24.31752748042345 9.605120852589607 52.29265007376671 7.949963092803955 156.377688139677 230.7377538308501 21.53441850841045 87.47262325882912 216.5728217288852 138.8355611562729 53.5435047596693 267.9742649048567 306.4256450012326 158.2486681267619 181.7497480288148 0.5727981925010681 0.9659560471773148 0 0.7121808528900146 0 0 0 0 0 0 0.2367843687534332 0 0 0.1739020943641663 0 0.2071132212877274 0.1687337756156921 0 0 54.12983008474112 34.29941399395466 0 0.2068678289651871 0 30.83053834736347 0.3564775288105011 7.560346096754074 2.572645843029022 1.076186716556549 0.5322169959545135 0.3791318088769913 0 0.2753680199384689 0.881903350353241 0.2613783776760101 0 2.352142095565796 7.078355871140957 0.7664536014199257 0.1569112092256546 0 0.7791270762681961 0.3289789408445358 0.1716738194227219 1.160349637269974 1.125501595437527 3.058158792555332 22.92380039393902 1.240545302629471 0.3443961888551712 0.9688156619668007 58.44648763537407 7.200923167169094 1.181556150317192 2.13257023692131 0.1980156004428864 0 0 0.205897331237793 0 0.197607010602951 133.475858733058 1.149487882852554 0.1830156594514847 0 0 51.0955893099308 0.7071690559387207 1.377923488616943 4.492535062134266 9.860638797283173 7.356803067028522 3.477713540196419 7.069828741252422 0.2032850831747055 0.08733608573675156 0 0 0.3484629243612289 0.4654513448476791 0.7790236324071884 0 124.063586384058 28.92593695223331 18.410494312644 380.0021516680717 50.54810836166143 445.4524385929108 98.96327446401119 61.29712692648172 95.77528127282858 4.369032748043537 143.1843567416072 11.12239567935467 2.106601156294346 24.27621298283339 2.769288145005703 18.46836033463478 4.613200716674328 0.4845706671476364 6.325831145048141 2.652186498045921 0
