0 4731.645053528249 2652.333604842424 1974.857197068632 975.8266017511487 122.7531474381685 1297.849768653512 131.9708864316344 98.28208862245083 3628.220472425222 420.0332080200315 51.42940337955952 110.1914475411177 270.3548413813114 3.085940308868885 1.145530469715595 0 0 0 0 0.48349629342556 0 0 0 0 0 0 0.3353306651115417 0 0 598.3374595493078 15.72160568088293 30.18768479675055 0 0 0 17.67733992636204 0.5599923878908157 0 0 0.1522523760795593 0 0.1680173426866531 0.132275328040123 0.1360335350036621 0 4.148180149495602 0.6807166337966919 0.1359476149082184 0 0.1039109006524086 0.353113055229187 0 0 0.9066637009382248 1.673013165593147 419.8726718351245 542.5260813906789 41.46219077706337 10.81127125024796 0.09990303218364716 0.4375876411795616 0.1492022424936295 1.430489547550678 1.584117077291012 0.3012664541602135 0 0.5394974276423454 0 1.254838041961193 11.73547918349504 9.14471834897995 0 26.70810928195715 8.368774108588696 7.885487735271454 1.076797395944595 0 0.4307620674371719 225.9374720975757 0.2418920546770096 1.344531737267971 6.140398286283016 0 0.4296131581068039 0.5288330093026161 0.1821128502488136 0 0.3149247020483017 0.5572555959224701 0 0.8969746381044388 0.1802108138799667 0 0.5308912992477417 268.7585767135024 20.67980849742889 0.9154082536697388 0 1092.926520064473 0 0.1093495488166809 0 1.344979882240295 1.362110204994678 0.6942335963249207 2.852098524570465 0 3.047945141792297 4.706642389297485 0.4994912594556808 4.941979542374611 6.589678153395653 4.268376134335995 0.6943725794553757 0 0 0 0.123718686401844 0 0 0 0 0 0 0 0 0 0 0 0 0.3957111835479736 0 0 0 0 0 0 0 0.5868387222290039 0 0 0.2207051515579224 0 0 0 0 0 0 0 0 0 0 0 0 0 0.1126298978924751 0 0 0 0 0 0.1061081662774086 0 0 0 0.6413577944040298 0 0 0 0 0 0 0 0 0 2.578720211982727 0 0 0 0 0.1757141798734665 0 0.1468046605587006 0 0.1087922006845474 0 0 0 0 0 0 0 0 0 0 0 4.035815425217152 0.5075751394033432 0 53.41136649996042 2.364716924726963 72.20587880164385 1.334665238857269 683.6491063684225 7.445865228772163 0.7302238419651985 4.036991842091084 0.8934818655252457 0 0.1188424974679947 0 6.10914808511734 0.8092936277389526 0 0 0.1641472280025482 0
4731.645053528249 0 1355.511268533766 241.9544154107571 2766.849773183465 64.3689711689949 5100.688363745809 34.46130376309156 1886.873101875186 461.2604050636292 566.7810194268823 8.607708036899567 383.1025183722377 902.8462332114577 36.91282556951046 6.295395530760288 0 0 0 0 0.204178586602211 0 0.3682635426521301 0.1499717384576797 0 0 0.1216456517577171 0.3269033282995224 0.7673395350575447 0 779.2065142840147 18.78200885653496 8.765700630843639 0.08704730868339539 0.08282409608364105 0 5.294222995638847 0.8664702475070953 0.1366021186113358 0 0.1470617055892944 0.4735984206199646 0 0.2547039985656738 0 0 84.3978843614459 4.759736008942127 0.1446409374475479 0.1301219612360001 1.370665900409222 0.3608184456825256 0 0.3336719498038292 7.546921789646149 13.6174468845129 248.704475812614 640.4874320849776 91.89088449627161 86.89748731255531 0.09472429007291794 0.1439412981271744 0 16.24721245467663 9.672918379306793 3.572931632399559 1.227292411029339 2.52826339751482 0.243954673409462 1.091552458703518 4.166674897074699 0.785344198346138 0.5851601660251617 135.0776373371482 76.25792858749628 219.0786752030253 10.30434936285019 1.710954092442989 0.7290874347090721 64.10533279180527 0.5085304379463196 2.789945550262928 31.19676921516657 0.2029457539319992 5.719662606716156 3.461313933134079 2.650740161538124 0.07300925999879837 0.5855626612901688 0 0.1240189298987389 0.1145039275288582 0.6035696566104889 0 0 13.78797760605812 0.8204435855150223 0 1.934889040887356 972.1673082634807 0 0.2028156965970993 0 0 0.7627888917922974 0 0.2616828978061676 0 0 1.158190026879311 0.1948131918907166 1.880812481045723 1.201604127883911 1.132696151733398 1.666122525930405 0 0 0 0 0 0 0 0 0 0 0 0 0 0 0 0 0 0 0 0.1946774870157242 0 0 0 0 0.5168941766023636 0 0.7094062268733978 0.4564126133918762 0 0 0 0 0 0 0 0 0 0 0 0 0 0.4861178994178772 0 0 0 0 0 0 0 0.5356853008270264 0 0.5290365368127823 0 0 0 0.1820023432374001 0 0 0.1090897247195244 0 0 2.022496700286865 1.024414569139481 0 0 0 1.414667323231697 0 0.2762937545776367 0 0.1723930388689041 0 0 0 0 0 0 0 0.080100417137146 0 0 0 0.6735887825489044 0.5696311444044113 0.206738069653511 217.8656946122646 20.21947026252747 411.2369394823909 18.97845982760191 331.7534746453166 33.4540007263422 2.420726902782917 60.31242574006319 4.619373418390751 0 0.1261867582798004 0 0.5202490091323853 0 0 0 0.183442622423172 0
2652.333604842424 1355.511268533766 0 3.134938195347786 677.4088643938303 0.1526293903589249 123.8862662017345 1543.025183871388 359.2100994288921 28.64476051926613 4517.705313280225 64.18334431946278 729.8418118730187 2090.585950229317 71.63052622973919 24.2959700897336 3.699377171695232 0.256400965154171 0.7300665974617004 2.273981980979443 10.20327225327492 0.3634671866893768 3.456588461995125 2.191518783569336 0.3394171148538589 0.3456155955791473 0.4268107265233994 0.8563668727874756 0.2830291539430618 0 4634.416075788438 842.8463290259242 109.9056355580688 4.543443523347378 7.381016597151756 1.673344254493713 60.4089016020298 1.940062433481216 4.521659173071384 0 14.67909789085388 4.088497623801231 3.478373423218727 4.846267282962799 1.2194978967309 2.53993484377861 93.92724230140448 4.507728308439255 0.4602146074175835 1.293736815452576 1.752173975110054 0 0.4047146737575531 0.6579813733696938 10.2512218952179 17.00067411363125 283.2712617367506 1728.154363036156 114.8409422561526 92.69501749426126 4.083493180572987 3.662149369716644 5.075687766075134 491.0637231990695 13.24609594792128 3.953098699450493 0.9673813134431839 3.627938866615295 5.614984817802906 49.41503494232893 33.36230549961329 1.77654042840004 0.1171125322580338 166.4481636732817 237.4271917268634 307.0934546887875 28.02289415895939 7.14870297908783 24.79385602474213 1273.979940064251 7.502128481864929 106.2418814077973 33.95164424180984 0.6828769668936729 5.031342215836048 4.969755694270134 4.91276753693819 0.4647073894739151 0.4339811205863953 0 0.1006669029593468 0.6102998033165932 7.543653443455696 1.14934079349041 0.9281843304634094 25.54493272304535 3.177125886082649 0.1904341578483582 6.561638176441193 1045.906789235771 0.1999175399541855 0.6072885990142822 0 0 2.207534521818161 0.4818122088909149 1.426371097564697 1.347910344600677 3.6070317029953 6.421397104859352 3.675472885370255 7.384005069732666 13.61647026240826 8.877326719462872 7.045864127576351 4.016138717532158 0.5788185000419617 0 1.030054993927479 0.2093658447265625 0 0 0 0 0.1717568337917328 0 0 0.4334832727909088 0 0 0 0.3982863649725914 0 0 0.2991438508033752 0.4548128843307495 0 0 0 1.045148611068726 2.405420854687691 3.826256051659584 0.5448642075061798 0 0.246976837515831 0 0 0.2370332479476929 0.9720729142427444 0.2291173338890076 0 0.09206025302410126 2.543921567499638 0 0 0.5209314227104187 0.8780932947993279 0 0 0.2783461809158325 0.3511369526386261 0.4033578634262085 0.3794051706790924 0 0.9034987315535545 0 3.273848615586758 0.9774854928255081 0 0.2492528557777405 0 0.1009543389081955 0.1925743073225021 0 0 0 10.25633167475462 2.250397458672523 0 0 0 1.544908046722412 0.9195111840963364 0.9888979271054268 1.026186153292656 0 0.827968493103981 1.376673340797424 0.1156056970357895 0 0 0 0 0.2082504257559776 0 0 0 12.47792075574398 5.379307679831982 0.5865828990936279 257.2733069211245 21.98341377824545 445.5377039387822 27.80383933335543 185.3302891999483 33.31271187216043 1.435238987207413 89.61204607784748 14.57468735426664 0 7.738953284919262 0.217347227036953 18.33389636874199 1.884088695049286 0 3.796749338507652 2.453381538391113 0.1319394111633301
1974.857197068632 241.9544154107571 3.134938195347786 0 21.22956133633852 379.8811474144459 103.2606738582253 0.7821998447179794 9.314403742551804 1228.030366294086 1.503929361701012 5.116583183407784 72.94961207360029 33.79958807677031 5.406773410737514 0.3277582973241806 0.1344821602106094 0 0 0.1426563858985901 0.1476110517978668 0 0 0 0 0 0 0 0.3101831376552582 0 11.64859952032566 1.598353654146194 0 0 0 0 0 0 0 0 0 0 0 0 0 0 21.88834308832884 0.7372643649578094 0 0.1755427122116089 0 0 0 0 2.906402409076691 4.166500180959702 100.8817541524768 165.3179472461343 30.85603381693363 21.12155205011368 0 0.1593312472105026 0 1.053642548620701 2.226149171590805 0.9616837278008461 0.1049453243613243 0.7640506997704506 0 0.2036300301551819 0 2.307090163230896 0 45.24100808799267 17.05468107759953 37.49915933609009 0.8867046236991882 0.3010711073875427 0.1107132807374001 1.398331753909588 0.1965451315045357 0.5186297744512558 9.085216350853443 0 1.361952416598797 0.672699823975563 0.3857953548431396 0 0.2551508545875549 0 0 0 0.113785594701767 0 0.1901957094669342 62.26566594839096 1.034527018666267 0 0 517.0297095775604 0 0 0 0 0 0 0 0 0.408550038933754 0.2094698995351791 0 1.35831980407238 0.1166902780532837 0.8705887794494629 0.4255822896957397 0 0 0 0 0 0 0 0 0 0 0 0 0 0 0 0 0 0 0 0 0 0 0 0 0 0 0 0.407087504863739 0.1972713619470596 0 0 0 0 0 0.6728349924087524 0 0 0 0 0 0 0 0 0 0 0.113536112010479 0 0 0 0 0 0 0 0 0 0 0 0 0 0 0 1.488818004727364 0 0 0 0 0 0 0.1310293823480606 0 0 0 0 0 0.1062433272600174 0 0 0 0 0 0 0 0.7357376366853714 0 0 61.59928768873215 4.109095394611359 142.8182632550597 2.811179116368294 388.9064612314105 8.389624886214733 0.6883465796709061 16.53818369656801 2.190455496311188 0 0 0 2.193890422582626 0 0 0 0.4010111093521118 0
975.8266017511487 2766.849773183465 677.4088643938303 21.22956133633852 0 3.123219802975655 707.5086999833584 10.77888356894255 4241.807756505907 210.2619014754891 2083.702056199312 6.746498599648476 448.736186735332 1830.507271550596 42.30347128212452 12.38903625309467 0.5741355419158936 0 0 0.2471705228090286 0.1230160817503929 0 0 0.08978846669197083 0 0.7050104141235352 0 0.2936655580997467 0 0 175.2478121966124 16.99826836585999 3.779405385255814 0.2172438502311707 0.1253597736358643 0 1.389046132564545 0.2119314968585968 0.555240124464035 0 0.1177893653512001 0 0 0.920495443046093 0.117388129234314 0 47.0856948941946 1.395383283495903 0 0.4320850372314453 0.6522878110408783 0 0 0.2961890771985054 1.337588980793953 3.74391496181488 33.03500214219093 98.00952454656363 16.47556386888027 32.58488922566175 0.1443742364645004 0.2660579979419708 0 15.64710871130228 3.636979423463345 1.165684923529625 0.5477307215332985 0.8034863322973251 0.1260807812213898 0.5392718985676765 2.080244265496731 0.7280511260032654 0 36.54339337348938 30.63211956620216 129.6275985911489 13.48240073025227 3.220535166561604 0.6687877103686333 24.61026211082935 0.4824189320206642 1.657522358000278 7.182974003255367 0 1.106425188481808 1.480481147766113 0.9937166944146156 0.1159748956561089 0.1838296577334404 0 0 0.253487266600132 0.1693856865167618 0.1776029616594315 0.1009536311030388 4.458899840712547 0.3187804520130157 0 0.1318329572677612 68.91832914203405 0 0 0 0 1.759871989488602 0 0 0 1.268546864390373 0 0.4067080914974213 2.788189053535461 3.458084918558598 2.325051069259644 0.5843362212181091 0.205630823969841 0.5877524763345718 0 0 0 0 0 0 0 0 0 0 0 0 0 0 0 0 0 0 0 0 0 0 0.6560696810483932 0 0.9445056766271591 0 0 0 0 0 0 0 0.2941456437110901 0 0.4336461126804352 0 0 0 0 0.3316837549209595 0 0 0 0 0 1.024779081344604 0 0 0 1.924115553498268 0 0 0 0 0 0 0 0 0 2.399719312787056 0.3079074323177338 0 0 0 1.603476598858833 0 0.2961266040802002 0.7822632789611816 0 0.3908612430095673 0 0 0 0 0 0 0.2638157606124878 0 0 0 2.88895283639431 0.781743124127388 0 104.3559482619166 13.52894224226475 137.8975826129317 17.37257307767868 54.64601979404688 17.44205743074417 3.007637456059456 31.98403543233871 1.849475234746933 0.1813288778066635 0.3335758894681931 0 1.336236000061035 0 0 0.4193845391273499 0.4451759904623032 0
122.7531474381685 64.3689711689949 0.1526293903589249 379.8811474144459 3.123219802975655 0 103.7191901504993 0.4724115878343582 1.466570273041725 1035.325646102428 4.13516691327095 118.9290653467178 63.64897495508194 20.04091502726078 1.676955997943878 4.117682717740536 0 0 0 0 0 0 0 0 0 0 0 0.1646965742111206 0 0 0.2929269373416901 0.4657418876886368 25.25252652168274 0 0 0 9.941395208239555 0 0.1952057033777237 0 0 0 0 0.7614211440086365 0 0 1.457722075283527 0.2939313650131226 0 0 0 9.210314184427261 0 0 0 0.6231831759214401 384.1858676671982 17.22239664942026 0.3428560867905617 0.2220160588622093 0 4.60448531806469 0 0.1286001950502396 0 0 0 0.1589084416627884 0 0 59.61763028800488 95.18654502928257 1.821785107254982 0.2285459265112877 0.2379183918237686 1.409306235611439 0.3812795355916023 1.148422822356224 0.4967263787984848 35.22604536265135 0.2529653012752533 7.325940117239952 0.08331208676099777 0 0 0.1984838098287582 0 0.8047934323549271 3.754745841026306 6.900939747691154 0.6308218389749527 4.447591245174408 0 0 2.542887270450592 599.9349244982004 385.0184129625559 7.732390344142914 0.9508395940065384 686.3512523621321 0 0 0 0 0.4554011225700378 0.2303765714168549 1.273014038801193 0 0.5012114495038986 2.160069480538368 0 1.865310952067375 3.709721729159355 2.016360089182854 0 0 0 0 0 0 0 0 0 0 0 0 0 0.3320452272891998 0 0 0 0.1562468558549881 0.2790541648864746 0 0 0 0 0 0 0 0 0 0 0 0 0 0 0 0 0 0 0 0 0 0 0 0.6388081759214401 0 0 0 0 0 0 0 0 0 0 0 0 0 0 0 0 0 0 0 0.2317692190408707 0 0 0 0 0.193569615483284 0 0 0 0 0 0.2284399569034576 0 0 0 0 0 0 0 0.2485599964857101 0 2.421482309699059 1.05841788649559 0.456491619348526 4.856896825134754 0.423443540930748 2.085420273244381 1.134345918893814 478.2376696318388 0.192286342382431 0 2.41446378082037 0.7904971390962601 0 0.2138935327529907 0 0 0 0 0 0.3025491535663605 0
1297.849768653512 5100.688363745809 123.8862662017345 103.2606738582253 707.5086999833584 103.7191901504993 0 10.41516180336475 848.7509892582893 2414.48899685964 79.69089278578758 2.16546256095171 425.4884522221982 1223.231498241425 246.5304292663932 81.88581810891628 0.9195813313126564 0.1078104823827744 0.4285893589258194 0.3980852961540222 1.222306855022907 0.1523494571447372 0.1986127719283104 0 0 0.7267178446054459 0.1311244517564774 1.546757251024246 2.154326379299164 0.5100543051958084 149.4336863532662 56.46022542566061 0.5659067630767822 0 0.225628137588501 0.986966609954834 2.197069436311722 0.2764711007475853 3.518430829048157 0.06823679059743881 0.8255071863532066 1.00875785946846 0.08964633941650391 6.12198518961668 0.4100180864334106 0.5081528201699257 253.4564827233553 7.324444115161896 0.5097079873085022 0.1378833651542664 3.467021219432354 0 0.8800362348556519 0.4923612624406815 9.784516096115112 17.76651056855917 177.3600383624434 416.8558374792337 79.84495473653078 157.2957934439182 0.8290789499878883 0.5687751397490501 0 58.2154828235507 14.51272896677256 4.844321064651012 1.917498506605625 6.55574905872345 1.090396240353584 2.007546558976173 5.823259606957436 1.950173914432526 0.2871068120002747 200.8012650236487 131.003536708653 629.2947270423174 70.30424346029758 19.72334590554237 2.265567153692245 10.22004210948944 1.888858549296856 6.769803442060947 35.89629777520895 0.2611691653728485 9.885076008737087 4.519953034818172 3.817928567528725 0.2664366066455841 0.7344978451728821 0.1907117739319801 1.282666571438313 0.7491026595234871 1.324536234140396 0.639580711722374 1.375298008322716 90.04171282052994 1.942711524665356 0 2.923411674797535 265.0579650849104 0.7652325257658958 1.478685796260834 1.987862110137939 0.5901267826557159 4.660874396562576 1.810007110238075 6.850278601050377 1.751688867807388 16.67694826424122 25.49357958137989 7.445262983441353 32.28781250864267 37.18258298933506 24.71055732667446 19.01602780073881 2.904140323400497 1.945435471832752 0.2665975987911224 0.6133188828825951 0 0 0 0 0 0 0.1093202605843544 0 0 0 0 0 0.1183227226138115 0.1161342486739159 0 2.201052948832512 0.1519874334335327 0 0 0 0.6181230545043945 1.350072830915451 4.711283326148987 0.885982945561409 0.3198355138301849 0 0 0 0 1.205812573432922 1.354457527399063 0 0.4291316792368889 3.690068736672401 0 0.2767427563667297 0 0.4341727644205093 0.1534216701984406 0 0 0.1150982454419136 0.2510426938533783 1.361473433673382 0 0.4852008819580078 0.3785445690155029 9.116152219474316 2.703738003969193 0 1.211626835167408 0.07703614234924316 0.2048404514789581 0 0 0 0 31.3544764071703 1.356770448386669 0.1591048091650009 0.2331048846244812 0.148737907409668 8.740671992301941 2.373694613575935 3.725794300436974 2.329942107200623 1.294567555189133 3.012693256139755 0.8325216919183731 0.420420415699482 0.3189406543970108 0 0 0 0.2142872735857964 0.09282002598047256 0 0 44.13263262808323 5.056514777243137 2.185709051787853 551.5605302900076 72.77705627679825 680.0612164586782 70.54691276699305 353.8861020132899 91.46910983324051 8.790392458438873 185.4653556495905 17.40563338249922 1.360637597739697 5.992505587637424 0.7029376924037933 19.81681046634912 1.404204159975052 0.1452060043811798 6.263241522014141 5.009720899164677 0.3437585830688477
131.9708864316344 34.46130376309156 1543.025183871388 0.7821998447179794 10.77888356894255 0.4724115878343582 10.41516180336475 0 45.42546076327562 7.437265276908875 2498.634233377874 24.21586739271879 243.9458708763123 753.1519927158952 66.09046221524477 52.14417757093906 4.122707135975361 1.309777654707432 4.349469512701035 7.582360699772835 19.34766533970833 0.3929448798298836 8.937101162970066 2.843451485037804 0.5130245238542557 0.9352698549628258 0.7086076587438583 5.293363690376282 0.4335914626717567 0.7746037691831589 784.534479431808 2151.389531187713 36.82253705710173 10.24415991455317 14.82592169940472 2.118615940213203 40.38648406416178 2.436321325600147 7.883482657372952 0.4611639678478241 28.83799157291651 4.283164747059345 12.02475456893444 8.715500958263874 8.277240321040154 9.027780100703239 60.43282791227102 1.126666158437729 0.3671255260705948 3.754066169261932 1.29437217861414 0.2448849678039551 1.358545705676079 2.721841365098953 2.520003102719784 4.198151350021362 70.10670351237059 368.126310698688 29.23961047083139 39.4180435910821 34.84406077861786 8.071891523897648 10.21990941464901 952.6455703601241 3.661399610340595 1.073887228965759 0.3646523803472519 3.595737293362617 16.68326105922461 115.8365787416697 28.91594715416431 8.446073226630688 0.1614097952842712 57.65763618797064 137.6455078423023 187.090105228126 527.0525150001049 383.9796757549047 1074.48703943938 1269.390248082578 89.2262934371829 1063.377463504672 10.64155723154545 0 2.069944798946381 0.6698550954461098 7.414955601096153 0 0.07872745394706726 0.1067184209823608 0.2904184237122536 0 18.37580794841051 1.632538191974163 1.764116704463959 26.12332542985678 6.347239553928375 0 8.88412057608366 111.5303467661142 0.2557907402515411 0.1633604913949966 0.8855216652154922 0 0 0.5208460092544556 1.813427925109863 0.3174158334732056 5.438382118940353 13.07562804222107 3.222828283905983 12.97100696712732 15.75254613161087 15.31216709315777 8.956743828952312 1.977738946676254 0.873699888586998 0 0.8668052107095718 0 0 0 0 0.2597392797470093 0 0.4760499000549316 0 0.4229289144277573 0 0 0 1.165987230837345 0.1584527790546417 0.1027755737304688 1.321690022945404 0.3731962814927101 0 0.1812265515327454 0.1247581765055656 2.220506936311722 1.646677196025848 3.499914363026619 1.081383042037487 0.9386937171220779 0 0.661859005689621 0.2973379865288734 0 0 1.875069588422775 0 0.3811008408665657 4.405651390552521 0 0 0 2.111968792974949 0.5730154067277908 0 0 0.4001603722572327 0.1553305983543396 0.220383957028389 0 1.209124892950058 0.2355370670557022 5.375708773732185 0.4073698669672012 0 0 0.07961148768663406 0.2491504698991776 0 0 0 0.8263916522264481 13.00188697874546 1.542236626148224 0 0.146485835313797 0 3.42965142428875 0 3.324657827615738 2.591031193733215 0.3626587092876434 1.305635467171669 0.5597589313983917 1.666897140443325 0 0 0 0 0 0 0 0 18.26385515928268 2.609335131943226 1.298492476344109 198.4770879223943 16.45393910259008 225.4390337765217 19.40780092775822 57.57162008434534 18.27630544453859 1.830441854894161 59.79117100685835 31.1436123624444 0.2217133641242981 4.237420327961445 0.3616050034761429 26.50542098283768 1.864914506673813 0.3068480491638184 8.041041895747185 0.5942321196198463 0.2759624123573303
98.28208862245083 1886.873101875186 359.2100994288921 9.314403742551804 4241.807756505907 1.466570273041725 848.7509892582893 45.42546076327562 0 384.2893394529819 1319.46199592948 1.342314973473549 413.8732576370239 1639.614733405411 139.7283234074712 54.9660956338048 0.5301397517323494 0 0.1031044870615005 0 0.2882272154092789 0.2107145190238953 0 0 0 0.6671040803194046 0 0.2148602977395058 1.402788765728474 0 71.40658999979496 52.15760269016027 1.918259516358376 0 0.3048640117049217 0.1093136519193649 1.116265416145325 0.3845844715833664 0.5682871714234352 0 0.6875691488385201 0.4189528450369835 0.09681349247694016 4.030124872922897 0.3198452442884445 0.1337533742189407 101.8929460048676 2.276729062199593 0.09029506146907806 0.09866967052221298 0.793515719473362 0 0.1694348081946373 0.523239903151989 2.41786003857851 4.146715328097343 46.78235588595271 129.3353153839707 27.60820569097996 59.0460891649127 0.4094797149300575 0.2050881385803223 0 49.99496610462666 4.681807324290276 1.771128099411726 0.3972748965024948 1.967011377215385 0.4932824969291687 1.79016786813736 4.133335173130035 2.995830111205578 0.1204864084720612 65.16437713056803 64.79741448163986 285.6052966192365 45.31415832042694 16.19603504985571 1.825548887252808 5.968208938837051 1.466335594654083 5.930287156254053 9.459248684346676 0.1187097802758217 2.572086334228516 2.340241216123104 1.198111303150654 0.09038238972425461 0.2237537056207657 0.09988343715667725 0.2900066450238228 0.131283700466156 1.162623286247253 0.1171910166740417 0.8062093555927277 32.86047048121691 0.4056103006005287 0.1966272592544556 1.407070808112621 16.97850243747234 0.6074589192867279 0 1.231322675943375 0.8597050756216049 2.014968484640121 0.3772990554571152 4.435077294707298 0.8957616686820984 12.76704473793507 16.75681695342064 5.970552004873753 18.49986612051725 29.07369352132082 15.06644880026579 11.97248773276806 2.747203350067139 1.501015491783619 0.2145610153675079 0.1638893485069275 0 0 0 0 0 0 0 0 0.3366401195526123 0 0 0.4028500318527222 0 0 0 1.220057584345341 0 0 0 0.1341800838708878 1.0328748524189 0.7749172002077103 4.429094962775707 0.4390988945960999 0 0 0.4902088940143585 0 0 0.7389946505427361 1.305147096514702 0 0.6146451532840729 1.50572669506073 0 0.1392317414283752 0 0 0.1878525614738464 0.09742269665002823 0.3539023399353027 0.1752601489424706 0.5330875962972641 0.4706946387887001 0 1.047216176986694 0.5722286328673363 10.31059459596872 0.8648937195539474 0 0.2371119558811188 0.1935833767056465 0.09737198799848557 0 0 0 0 22.36136218905449 1.859947696328163 0 0 0 4.869673550128937 0.2422299385070801 2.668733835220337 0.263209730386734 0.5744307637214661 1.02049121260643 0.1384924054145813 0.3763251081109047 0.1446198970079422 0 0 0 0.06933216750621796 0.07819908857345581 0 0 33.81096734106541 5.216977715492249 0.7496224492788315 237.5428879335523 32.0010225251317 261.0627983920276 39.17843842506409 56.71831924468279 34.37446651607752 5.388400420546532 84.47801724821329 14.18371258676052 0.6717410087585449 4.210844174027443 1.551462762057781 14.43108188360929 1.776606477797031 0 3.411891929805279 3.243741251528263 0.8516343683004379
3628.220472425222 461.2604050636292 28.64476051926613 1228.030366294086 210.2619014754891 1035.325646102428 2414.48899685964 7.437265276908875 384.2893394529819 0 109.1626126021147 2411.721330657601 8064.923129893839 724.2603172659874 100.2940073683858 34.45062080025673 0 0.1280918717384338 0.355652928352356 0 0.1104487106204033 0 0.2158264219760895 0 0 0.1451651006937027 0.09345601499080658 0.5684798061847687 0.5810120850801468 0 30.21566635370255 14.99946205317974 84.97684271633625 0 0 0 16.56391888856888 0 1.046885669231415 0 0.3811057060956955 0.234321229159832 0 2.929288245737553 0.2635461017489433 0.3138159736990929 125.4228920042515 3.851324170827866 0.2637527734041214 0 0.9992504343390465 0 0 0.1344523280858994 6.820425637066364 14.14033512026072 191.7692560851574 284.1723956391215 62.68705781549215 84.58643923699856 0.2102315202355385 0.4840219765901566 0 20.99781925976276 9.177809469401836 3.549025449901819 0.9822004809975624 4.112491674721241 0.592415951192379 2.239668510854244 33.96247171610594 4.629253521561623 0 127.3586199060082 58.93106473982334 261.4301398620009 25.82709839195013 8.543226934969425 1.11717914044857 8.916790142655373 1.137187540531158 2.6632035151124 25.51462244987488 0 5.023832604289055 2.521111503243446 2.024381302297115 0 0.7886400818824768 0.247831866145134 0.3978119939565659 0.3489739745855331 0.8224894553422928 0.3784702643752098 0.9842361211776733 1579.835138306022 22.17927311360836 0 3.238559573888779 1040.293951570988 3.300491727888584 12.21928253769875 5.361995458602905 1.785080701112747 16.42861947417259 9.603586912155151 34.09694889187813 4.016006857156754 67.62228310108185 82.18287755548954 22.21561598032713 109.6947545409203 167.0634428039193 94.33312327414751 33.97004573792219 3.223284550011158 2.229458272457123 0 0.6041595637798309 0 0 0 0 0 0 0 0 0 0 0 0 0.182979628443718 0 0 5.086609862744808 0.125007376074791 0 0 0 0.9793638736009598 1.470081686973572 6.061780013144016 0.5546528697013855 0 0 0.4070060849189758 0 0 0.3872545212507248 1.182494759559631 0 0.5065028965473175 4.732289738953114 0.353452205657959 0 0 0.2060741186141968 0 0.102279432117939 0 0.3931576460599899 1.337012961506844 4.176024362444878 1.662895709276199 0.833679273724556 0 17.82940905541182 1.220867566764355 0.2989929020404816 2.710280254483223 0 0.3550427928566933 0.4379022419452667 0 0 0 51.59170685708523 2.501950934529305 0 0.37240881472826 0 18.50160587579012 3.2581387758255 6.021402627229691 4.335432976484299 1.149799957871437 4.744571775197983 0.6908932626247406 0.104088082909584 0.3096789121627808 0 0 0 0.185041181743145 0.1193356737494469 0 0 120.7149694189429 13.41605237871408 1.525607541203499 440.3733501061797 32.34040989726782 453.2596748098731 37.68360910564661 1274.49410161376 54.06725117564201 3.11667662858963 128.8275152742863 49.47731270641088 0.6094692423939705 18.03006103634834 3.124296635389328 99.02261969447136 3.073656558990479 0.2591237425804138 19.80285735428333 2.410242065787315 0.378915011882782
420.0332080200315 566.7810194268823 4517.705313280225 1.503929361701012 2083.702056199312 4.13516691327095 79.69089278578758 2498.634233377874 1319.46199592948 109.1626126021147 0 28.40179754048586 1828.57161719352 4237.92347291857 109.386075489223 76.02178011089563 2.147187188267708 0.7168405503034592 0.1626724302768707 0.857050821185112 1.203095830976963 0 0.9460558593273163 0.4010902047157288 0 0.7318041101098061 0 0.535652756690979 0.6203898042440414 0 682.1441545858979 738.1201849132776 74.97871466726065 0.125596359372139 0.5130639225244522 2.346192836761475 43.08185652643442 3.952147305011749 7.205912984907627 0 8.377918764948845 5.577969714999199 0.2064016908407211 5.605508200824261 0.6260267347097397 0.8993719443678856 70.21357352286577 1.705516338348389 0 0.4722112044692039 0.4866999834775925 0 0.7680262327194214 0.3715487122535706 1.658098049461842 5.102090537548065 55.27309389412403 249.8052626103163 22.00532931089401 32.33435344696045 0.4992895722389221 5.186410650610924 0.2734046801924706 116.3482415378094 2.389680415391922 1.389882020652294 0.2811403572559357 1.708931729197502 1.62362377345562 10.93476347625256 68.72314792126417 13.49347809702158 0.1826981902122498 48.03729621320963 57.70846147090197 171.9919344112277 52.27832902222872 29.99662005901337 80.27174466103315 630.4811855256557 4.266426078975201 24.89630323648453 8.529588416218758 0 2.320794604718685 0.9647885411977768 1.19485679268837 0 0.3062239140272141 0 0.1243151053786278 0.1464840322732925 5.561197489500046 0.3231205642223358 0.4914571344852448 132.6328986138105 14.25425790250301 0 3.295366793870926 162.6739850118756 2.501604855060577 3.51493912935257 2.330452218651772 1.284563183784485 3.841637477278709 3.299132764339447 3.952427744865417 1.819339260458946 21.2989160567522 24.54120257496834 8.774602070450783 37.85936592519283 51.51577733457088 37.91419538110495 17.12463964521885 4.420511588454247 0.6239862442016602 0 0.4154970049858093 0 0 0 0 0 0 0.2045666575431824 0 0 0 0 0.1341844499111176 0 0.1354313790798187 0 1.81573211401701 0.4768514037132263 0 0 0 0.233205184340477 2.321199171245098 8.946409247815609 0.1167745962738991 0 0 0 0 0 0.6390444040298462 0.5093574970960617 0 1.050877302885056 3.527548298239708 0 0 0 0.2654419094324112 0.1656431555747986 0.2239414155483246 0 0.1598296314477921 0 0.8849430084228516 0 2.188091821968555 0.6177670955657959 18.87065402418375 1.053305014967918 0 0.5938531905412674 0 0.5880264416337013 0 0 0 0.2491963654756546 33.66898587346077 2.769300751388073 0 0 0.3222198784351349 9.466238930821419 0.6936516612768173 4.882062278687954 3.932385489344597 0.257253959774971 2.24586920440197 0.8213335126638412 1.184173196554184 0.7851955592632294 0 0 0 0.1702683120965958 0 0 0 57.90738245099783 16.97864407300949 1.114240877330303 228.8723687902093 21.51276856660843 210.7255657315254 28.01723045855761 53.83851760625839 23.16540386527777 3.755098544061184 77.50745581835508 44.43109707534313 0.8798336163163185 7.980229370296001 0.4999203756451607 37.57886300235987 3.88559328764677 0 14.35902024805546 2.329685837030411 0.3220271468162537
51.42940337955952 8.607708036899567 64.18334431946278 5.116583183407784 6.746498599648476 118.9290653467178 2.16546256095171 24.21586739271879 1.342314973473549 2411.721330657601 28.40179754048586 0 1640.361579477787 90.89386836439371 86.89351382851601 106.3875673934817 4.245505943894386 0.1106150448322296 0.2288216948509216 0.09611669182777405 0.5975661873817444 0 0 0.1411555260419846 0 0.4388441890478134 0 1.851744778454304 0.9534428715705872 0 16.66683076322079 7.674395725131035 176.8341097533703 0 0.1134498715400696 0.8897631987929344 46.65425251424313 1.697593078017235 5.087581597268581 0 1.21684142947197 1.849771529436111 0.1616536676883698 6.677535742521286 0.1989343166351318 0.8710019290447235 41.92594711482525 0.3468172252178192 0 0.1509103327989578 1.075668692588806 1.824200451374054 0.1262465268373489 0.9979732185602188 0.390042208135128 1.311610743403435 10.24970500916243 17.93960183113813 5.236242592334747 10.11465208232403 1.820631876587868 30.88699093461037 0 16.34988544881344 0.6203594282269478 0.1169027835130692 0 0.8845010548830032 0.2632225230336189 3.717383936047554 88.22915010899305 12.55356073379517 0.2297586053609848 9.140343725681305 12.81799436360598 56.52652215957642 26.58353427052498 22.25638815015554 1.509685419499874 113.243221335113 3.887206226587296 42.41524139791727 1.610381290316582 0 0.5555253922939301 0.09062853455543518 0.4916094616055489 0 0.3001999706029892 0.2154609709978104 0.1811195611953735 0.1262410581111908 1.881087817251682 0 0.1349362283945084 1991.36487442255 63.08557698130608 1.242430984973907 15.75851298868656 26.8996704891324 2.133123695850372 3.001214474439621 5.440679386258125 1.682553857564926 8.893788732588291 7.795971751213074 14.91228696703911 5.568227916955948 52.365543410182 48.40136079490185 17.46411978453398 85.77850156277418 125.5322075560689 95.47161214798689 35.61375548690557 4.272960633039474 1.289443388581276 0.1256143599748611 2.271781079471111 0 0 0.3337441384792328 0 0 0 0 0 0 0 0 0 0.2506178170442581 0.1144641041755676 0 4.252722829580307 1.16910158097744 0 0.2231203466653824 0 1.461428143084049 1.824322313070297 5.493539728224277 1.044825553894043 0.116499625146389 0 0.2179788947105408 0 0.4279981255531311 1.577689327299595 1.66342855244875 0 0.9079744815826416 5.027544520795345 0.1014326736330986 0 0 0.1336514800786972 0 0.0837336927652359 0.2582232281565666 0.8825022503733635 0.5372735038399696 2.306125730276108 0 1.833020828664303 0.6239026486873627 20.00930657237768 1.749735116958618 0.4357226341962814 1.237862184643745 0 0.6096501275897026 0.3655767440795898 0 0.2383000999689102 0 58.9870738312602 5.781714349985123 0 0.2856429293751717 0 18.53437142819166 2.090985178947449 9.91645822674036 3.948425263166428 1.698786407709122 5.955529436469078 1.56986416131258 0.5507383570075035 0 0 0 0 0 0 0.1215778514742851 0 128.3604207485914 20.02125845104456 1.553032614290714 264.7916721254587 18.0333392098546 104.2685531377792 27.94101516157389 104.6996301338077 15.18958480656147 1.683794930577278 98.6852937489748 64.03584588319063 0.5537219345569611 21.85834578424692 1.030285090208054 71.80400562286377 5.25997219979763 0.4730567261576653 21.35913544893265 2.648264959454536 0.8866318315267563
110.1914475411177 383.1025183722377 729.8418118730187 72.94961207360029 448.736186735332 63.64897495508194 425.4884522221982 243.9458708763123 413.8732576370239 8064.923129893839 1828.57161719352 1640.361579477787 0 3978.721477925777 603.9892304763198 492.9317644909024 13.65793013572693 0.6588498651981354 0.5142012014985085 0.5948531851172447 3.472853995859623 0.314539760351181 0.6796181797981262 0.1459931135177612 0 2.141275629401207 0 2.108588635921478 4.738109394907951 0.256093442440033 130.950736053288 99.16396734118462 814.6535302326083 0.3233451768755913 0.09747116267681122 0.656469002366066 612.0333165079355 3.489700518548489 7.64776074886322 0.1173582673072815 3.645520433783531 2.436498396098614 0.250579372048378 30.93334535509348 0.6418748795986176 1.01175931096077 260.8897530809045 3.780785098671913 0 0.2487082928419113 3.896949581801891 0.4035751819610596 0 2.169166781008244 4.046837821602821 8.072650548070669 68.35135013982654 183.961960285902 40.7015807107091 100.3658796213567 4.139620363712311 32.03916124999523 0.4301507771015167 130.9319306835532 5.096233323216438 3.816862277686596 1.013545237481594 3.735733829438686 2.078317821025848 9.917858235538006 188.8295010179281 20.05772769451141 0.3346456736326218 97.92840281873941 116.9067210033536 518.0470902323723 189.5640250891447 109.4198678582907 5.598677098751068 194.6564838588238 7.030895441770554 46.02146571874619 14.73814809322357 0 2.619282122701406 2.635609783232212 3.074579164385796 0.4612547531723976 0.3402122482657433 0.1633629351854324 0.3918751999735832 0.6646037623286247 6.174980543553829 2.956576056778431 1.669022351503372 3268.098169885576 91.66172461956739 0 37.31954785436392 46.7024754807353 6.801752895116806 8.223744489252567 13.39924048632383 3.114421844482422 25.14761143177748 9.495875999331474 36.10964637994766 11.4915739223361 97.12937936931849 137.9692677482963 45.49396003037691 169.026243172586 253.0556052550673 156.7263841852546 86.15118580311537 11.43061625957489 3.716421879827976 0.341244101524353 2.35235507786274 0 0 0.1958533227443695 0 0 0 0.5346738696098328 0 0.3851697370409966 0 0.1270586848258972 0.3102000504732132 0.3991739600896835 0.7159520983695984 0.3004097640514374 14.83707456290722 3.340788282454014 0.1696453988552094 0.1878477185964584 0 2.922061681747437 3.134793594479561 17.37001705169678 0.6293206363916397 0.2018629759550095 0 0.696711003780365 0.15891432762146 0.1183706521987915 4.121937543153763 2.803016841411591 0.5215084552764893 2.516408085823059 15.16460679471493 0.1106185019016266 0 0.1665409356355667 0.5155333876609802 0.2979026883840561 0.5774985104799271 1.748806469142437 0.2093415334820747 1.131064549088478 3.863573312759399 0.1692756861448288 4.511427827179432 0.7960027307271957 48.74833960086107 4.114263363182545 0.7434365972876549 1.128358289599419 0.270438015460968 0.3153576478362083 0.5067216083407402 0.1044305339455605 0 0.154038667678833 155.8560893014073 13.71808418631554 0 0 0.2668187022209167 40.32938987016678 7.09496283531189 14.77590586990118 10.67422201484442 7.073368720710278 10.82804249972105 3.128836281597614 2.352582417428493 1.667632669210434 0 0 0 0.08625753223896027 0 0 0 319.4591278880835 44.83513148128986 3.546944350004196 917.643161162734 122.6440421044827 631.1268366128206 148.8925249576569 185.1059476360679 102.4748828485608 15.46872485429049 363.928011842072 106.3371098786592 5.020182155072689 36.82926259189844 9.990807965397835 101.5271018967032 11.33463007956743 0.3813180774450302 28.29932232946157 14.64182238280773 1.664567455649376
270.3548413813114 902.8462332114577 2090.585950229317 33.79958807677031 1830.507271550596 20.04091502726078 1223.231498241425 753.1519927158952 1639.614733405411 724.2603172659874 4237.92347291857 90.89386836439371 3978.721477925777 0 340.9655540809035 278.2014848589897 8.542892970144749 0.4852892532944679 0.4313727840781212 0.5029615238308907 1.282853052020073 0.6593704223632812 0.3553600907325745 0.5427811741828918 0.1207229271531105 0.4886814653873444 0 1.459996685385704 1.968146689236164 0.1178469657897949 359.0300437957048 136.6859941780567 479.8993176594377 0.2265680730342865 0.4772386029362679 1.044419668614864 509.8552188873291 3.444743305444717 8.550132766366005 0.193931832909584 4.932638354599476 9.01873767375946 1.240034073591232 20.59025970846415 0.5085447654128075 0.6669956967234612 163.6008915454149 3.756242215633392 0.5100987255573273 0.3567913621664047 1.932720638811588 0.7506556510925293 0 3.240239471197128 3.050012990832329 7.885053411126137 73.1277073957026 230.2447609752417 36.8245582357049 64.91992274671793 1.657562479376793 4.588040128350258 0.09047954529523849 131.1725286468863 6.389236189424992 2.227955937385559 0.4630437195301056 3.120462194085121 1.831215657293797 10.83520528674126 325.8354920223355 32.30149406939745 0 76.6545882858336 108.7067971676588 394.1151930987835 131.2835149616003 63.32543775439262 5.81140723079443 124.7682909592986 5.94837100058794 12.15649756789207 11.20724752545357 0.09664130210876465 3.051206417381763 2.22490107268095 2.854908302426338 0 0.2299700826406479 0 0.2979617789387703 0.6293507665395737 4.680755130946636 2.151008829474449 2.514421425759792 691.6388530433178 44.53703012317419 0 10.26434133946896 87.37033630162477 3.258414059877396 2.54308620095253 1.923071041703224 0.8171395361423492 7.24737611413002 5.946157090365887 6.540238723158836 3.476859033107758 33.15007798373699 33.74668258428574 17.30187837034464 53.11600284278393 70.79487480968237 54.70028450340033 34.80947870761156 4.687922790646553 2.151238523423672 0.4441041946411133 1.317662298679352 0 0 0 0 0.2462372779846191 0 0 0 0.2766210436820984 0 0 0 0.586409755051136 0.3297686725854874 0 4.35135456174612 1.222536250948906 0 0.6263983249664307 0 2.252524152398109 4.354879707098007 12.62196826934814 0.1331412941217422 0.7108509540557861 0 0.09154661744832993 0 0 1.579297848045826 1.96069074422121 0 1.171813003718853 8.098335087299347 0 0 0 0 0.1133856400847435 0.1157441958785057 0.116191141307354 0.157984122633934 0.933430016040802 4.125143751502037 0 3.917728312313557 0.2651014178991318 23.90876469761133 2.82268176227808 0.2068419829010963 1.822638005018234 0 0 0 0.1191564872860909 0.1263481676578522 0.7647005617618561 71.22084891796112 10.52427734434605 0 0 0.1358751207590103 17.62654845416546 2.368542350828648 7.247862376272678 3.001355551183224 2.972206957638264 3.910331793129444 0.5322117805480957 1.397257275879383 0.3952926099300385 0 0.07520399987697601 0 0 0 0.1744640022516251 0 108.6529986858368 25.42799110710621 2.594065554440022 529.7442690804601 64.37387043982744 438.693683642894 82.29039263725281 88.32875001430511 52.99757897108793 7.681123994290829 210.525354616344 49.5792323499918 1.841851398348808 17.24217740446329 4.378865011036396 37.11689039319754 3.751844145357609 0 19.70129941403866 9.23124847561121 0.6288487762212753
