0 4834.37285657227 1912.199320614338 2369.708958357573 937.9872327744961 45.41780516505241 2766.898215532303 1435.432476311922 272.2010937929153 673.9107531756163 1598.797582745552 36.75982443988323 146.4393731802702 977.5006816834211 5.303291469812393 3.352696403861046 0.30207359790802 0 0 0 0 0.4216060638427734 0 0 1.587488733232021 0.8054000735282898 0 1.142195850610733 0 0.1330419778823853 908.3268552720547 2.492753729224205 29.44340895116329 0 0 0.9828315749764442 9.750830993056297 1.139100715517998 0.7082564383745193 0.1569704860448837 0 0.3833064138889313 0.1933627277612686 1.09662389755249 0 0 8.258341014385223 0.1356185078620911 0 0 0.3011860847473145 1.093156322836876 0.1469242125749588 0.1862454414367676 0 0.275751456618309 80.71563864499331 143.3707477748394 18.40716953575611 0.3661829382181168 0.1512739658355713 0.7060319185256958 0.7869880795478821 2.143138118088245 0.1174230426549911 0.1238234266638756 0.2959384694695473 0 0 0.3171139508485794 9.02665288746357 19.69886593520641 0.9478436559438705 10.47071036696434 3.158137381076813 1.431505642831326 0.8820534721016884 0.6861354410648346 2.84946371614933 589.1796095818281 0.2371446192264557 5.650270313024521 0.1846902370452881 0 0.1215228289365768 0.2511167526245117 0.23735710978508 0.1199146658182144 0.1179967671632767 1.197053343057632 0.2098991125822067 0.1125883311033249 0 1.340671062469482 0.1638939529657364 179.9774413630366 3.279259607195854 0.989534929394722 0.4268320500850677 1531.18216701597 0 0 0 0 0 5.172643750905991 0.7902194857597351 1.671331837773323 40.75471803545952 3.060051947832108 0 9.495503187179565 49.50718648731709 5.420338690280914 1.045217752456665 0 0 0 0 0 0 0 0 0 0 0 0 0 0 0 0 0 0 0 0.3305600136518478 0 0 0 0 1.609579861164093 0.8094363659620285 1.377539351582527 0.1906075775623322 0 0 0 0 0 0.4463386237621307 0 0 0 6.138440698385239 0.1925508677959442 1.003372296690941 0 0 0 0 0 0 0.2036985456943512 0.2356435060501099 0 0 0.7664523124694824 4.667766436934471 0 0 0 0 0 0 0 0 0.2816188633441925 27.12487964332104 4.0709288418293 0 0 0 1.858383059501648 2.141520649194717 1.472896724939346 0 0.7966520488262177 1.935281574726105 0.4301006495952606 0 0 0 0 0 0 0 0 0 40.84441408514977 13.34432843327522 9.086069911718369 86.33744221925735 10.19163902103901 42.43470548838377 19.13799549639225 1196.1618803069 7.990091048181057 0 8.43109467625618 7.072783872485161 0.251078188419342 4.713198468089104 0 0 0 0 0.4856709837913513 0.5046391189098358 0.1887263804674149
4834.37285657227 0 1051.818103417754 428.8522494882345 5613.988641470671 131.8814476728439 4211.490291252732 521.8741523325443 5019.232198193669 1118.379295170307 1721.109477519989 92.51576825976372 1027.452170073986 1081.327738672495 0.1349805146455765 0.8222057819366455 0.1836788207292557 0 0 0 0.3380050808191299 0.3689024746417999 0 0 0.4269518554210663 0.4220640361309052 0.3935051560401917 1.038375645875931 0.2895821779966354 0 1009.311756387353 1.512621358036995 7.498513326048851 0 0 0.1941417306661606 7.125030279159546 0.1391035914421082 2.373573288321495 0.3648865222930908 0 0.164194643497467 0 1.870726086199284 1.197565943002701 0.360145166516304 8.334178231656551 0 0 0 0.6026225835084915 0 0 0.4406209290027618 0.2951634228229523 0.5627360418438911 66.52260260283947 89.18429470062256 22.53020694851875 1.411750599741936 0.1558759063482285 0.140942394733429 0.2841427326202393 5.317540749907494 0.2530515268445015 1.073723912239075 0.6756929755210876 0.4655577391386032 0.1583047956228256 0 7.145886853337288 27.70009475946426 0.1251255720853806 32.33473451435566 8.822025939822197 1.893341079354286 3.855745375156403 1.402845904231071 3.501039355993271 135.7307718619704 0.9869882017374039 3.240753404796124 0.5179417729377747 0.5554932728409767 0.2339507564902306 1.118371069431305 0 0.2467896640300751 0.3175661265850067 0.8346879035234451 0.5972350984811783 0.2570406794548035 0.5167735815048218 1.170248121023178 0.8893215209245682 151.7147386819124 7.373935729265213 0 0.7417967170476913 1077.21463727951 0.1754497438669205 0 0.6683943271636963 0 0 10.18815135955811 0.3461657464504242 3.193866282701492 17.90206889808178 5.269658982753754 0 16.54747837781906 81.67562673985958 13.3660721629858 4.296045444905758 1.65223853290081 1.250700265169144 0.3829903602600098 0 0 0 0 0 0 0 0 0 0 0 0.4424479305744171 0.6044750213623047 0.5781251788139343 0 0 3.342705056071281 0.1915495842695236 0 0 0 3.031584829092026 2.669254839420319 5.7245102673769 0.3141622245311737 0 0 0.166667714715004 0 0.6218360066413879 0.4309521615505219 0 0 0.3625027537345886 10.95758546888828 0 0 0 0 0.274450272321701 0 0.1526815891265869 0 0.2035536468029022 0.2007604837417603 0 0 0 10.79110008478165 0.5662857294082642 0 0 0 0 0 0 0 0 52.00740548223257 23.63386794924736 0 0 0 7.820963799953461 2.454991459846497 7.351910322904587 0.8622414171695709 0.3711460381746292 3.162318378686905 0.3017979264259338 2.666239485144615 0 0 0 0 0 0 0 0 54.0878619775176 73.07523299008608 21.41974686086178 763.0682750418782 40.94243566691875 299.2558248415589 161.4395144283772 2844.802649319172 52.18318717926741 2.016510650515556 168.3469698131084 25.14821881055832 0.235482782125473 8.286261454224586 0.7682134360074997 2.574897989630699 0 0 2.718063697218895 1.007917478680611 0
1912.199320614338 1051.818103417754 0 3.952574908733368 1662.810173481703 10.12931108474731 22.88595017790794 3389.927967086434 385.1777644306421 45.52255453169346 3695.169765591621 12.41668747365475 40.09523378312588 713.0827838927507 25.4999735429883 19.84516685456038 1.57635635882616 0.7590809166431427 1.401194095611572 1.082591712474823 4.741904601454735 5.611398681998253 0.2965009212493896 1.067142441868782 36.83229427039623 3.437718018889427 12.83749051392078 3.66073203086853 1.502283245325089 1.236531525850296 6655.091503202915 576.0098547711968 9.221915289759636 2.269286796450615 2.771062046289444 37.92072404175997 10.57602383196354 19.16763745993376 2.35697390884161 7.585911728441715 9.286276295781136 7.036926001310349 4.764334082603455 12.64887218922377 3.297945000231266 1.159996524453163 26.43959278613329 0.3692805469036102 0.1057156845927238 1.61718375980854 25.19703834503889 14.48653378337622 1.479424759745598 5.891776226460934 0.2733692228794098 1.356469660997391 76.54618316143751 455.7744220420718 21.3819340839982 3.124719530344009 6.246846109628677 3.819613263010979 3.844880133867264 370.6155214682221 2.721271269023418 0.5851867571473122 7.503394328057766 2.503502488136292 1.719079315662384 10.67829340696335 6.640974834561348 4.905425727367401 0.7537902593612671 50.17802509665489 52.07404362410307 6.497155629098415 8.615139320492744 10.65626572817564 153.9190402925014 934.8614849895239 24.09681688249111 119.2834935635328 1.100148491561413 0.3544970527291298 0.7065573930740356 8.030321463942528 1.322608560323715 0.3738809525966644 2.261663310229778 9.825099006295204 1.046340890228748 1.272790029644966 2.562574535608292 29.56615648418665 3.672213822603226 18.54572574794292 0 0.5664517432451248 0.4863080084323883 1240.620905965567 0 0 0 0 0 0.9716750085353851 0 0 0 2.975602746009827 0 1.169587403535843 8.161289066076279 0.5697547197341919 0 0 0 0 0 0 0 0 0.4262734353542328 0 0.6768398284912109 2.881520584225655 0 0 0.2117404490709305 0 0.8689521998167038 0.4890878200531006 3.218289375305176 0 0 0 0 0 0 0.1935916543006897 0.7188992500305176 0.1324634999036789 0.1241453438997269 0.8793323338031769 0.2823207974433899 0.1645099371671677 0 0 1.37013840675354 0 0 0 2.214412659406662 0 0.299999326467514 0 0.506068155169487 1.014203652739525 0 0 0 0 0.5502830743789673 0 0 0 1.333150252699852 0.1749500632286072 0 0 0 0 0 0 0 0.144420713186264 8.146383389830589 5.156738877296448 0 0 0.2832376062870026 2.275796294212341 0 0 0.2515640556812286 0 0 0 0.2848090529441833 0 0 0 0 0.1280305832624435 0 0 0.1436994820833206 4.053988963365555 20.93540990352631 1.250836476683617 213.2163768559694 52.92774312198162 239.4488478824496 106.9708544760942 1536.39856570214 24.70285376161337 0.2491637393832207 42.40639021992683 3.866706877946854 0.3540252149105072 2.189523100852966 0.9208503365516663 0 0 0.2611279189586639 0 0.2581426054239273 0.2095349878072739
2369.708958357573 428.8522494882345 3.952574908733368 0 147.6867237389088 348.517086789012 1325.523788496852 3.432320535182953 176.0099464505911 3997.8287653476 12.95187956094742 357.3353683054447 988.5200680047274 72.7317176014185 0 0 0 0 0 0 0 0 0 0 0 0 0 0 0 0 5.823638260364532 0 0.8742777109146118 0 0 0.1165259703993797 0 0 0 0 0 0 0 0 0 0 0 0 0 0 0 0 0 0 0 0 5.609525844454765 2.078642606735229 0.6652802228927612 0 0 0 0 0 0 0 0 0 0 0 0.2583232522010803 9.809673488140106 0 0.4433606564998627 0.2644409090280533 0 0 0.2006874829530716 0 1.833154737949371 0.3536137044429779 0 0 0 0 0 0 0 0 0.1369793713092804 0 0 0 0 0 73.18161725997925 0 0 0 331.3857523947954 0 0 0 0 0.1815158873796463 5.398701205849648 1.974208831787109 0.9803900867700577 3.392048552632332 2.023276910185814 0 5.985464632511139 37.76755124330521 2.610263422131538 2.980197936296463 0.3336816132068634 0.1390824615955353 0 0 0 0 0 0 0 1.046898007392883 0 0 0 0 0 0 0 0 0 1.222341895103455 0 0 0.8707457184791565 0 1.100063383579254 0 1.335946694016457 0 0 0 0 0 0 0 0 0 0 2.798083379864693 0 0 0 0 0 0 0 0 0 0 0 0 0 4.923926249146461 0.1599716395139694 0 0 0 0 0 0 0 0 22.94712655991316 3.691472306847572 0 0 0 3.602940991520882 0.9837060123682022 6.796020850539207 0 2.82982611656189 0.7229917645454407 0 0.4540953636169434 0 0 0 0 0 0 0 0 30.81698134541512 30.81003151834011 8.123709067702293 18.99145467579365 0.4744238257408142 3.311310917139053 1.674606338143349 205.7015986964107 0.1985271871089935 0 2.215755134820938 2.290237292647362 0 2.692949771881104 0 2.218256235122681 0 0 0 0 0
937.9872327744961 5613.988641470671 1662.810173481703 147.6867237389088 0 101.1044523715973 919.5562662780285 506.924221932888 7304.115285769105 1483.608597129583 1556.039561189711 36.82252381742001 593.3201838433743 203.9970218986273 6.550820156931877 1.781503692269325 0.1527993083000183 0 0.2778027355670929 0.1761256754398346 0.15908183157444 0 0 0 0 1.318492859601974 0 0 0.8057114779949188 0.1603670716285706 86.91842007637024 4.009166330099106 3.822202771902084 0 0 0.5141077935695648 7.332034915685654 0 0.2513221204280853 0.5687269568443298 0.5044623017311096 0.6571913361549377 0 0.842015415430069 0.1523687988519669 0.283973753452301 6.376253254711628 0.214273676276207 0.1444575041532516 0 0.4689458906650543 0.7943690270185471 0 0 0.2480536550283432 1.210733614861965 22.1269519329071 12.55618883669376 10.21203146129847 0.3037054240703583 0 2.059454321861267 0 3.321007281541824 0.2434608265757561 0.7979443743824959 0.4722319096326828 0 0 0.4733656346797943 13.59557908028364 45.57994490861893 0 17.34912826865911 7.118716381490231 1.631389454007149 0.6875646412372589 0.187975212931633 2.485035136342049 16.88429981470108 0.8976625949144363 3.021717987954617 0.2445056438446045 0.2531222030520439 0.2175009027123451 1.813482590019703 0 0.1244246959686279 1.267197959125042 0 0 0.4345817416906357 0 0 0.7283977568149567 233.0379426777363 8.335840463638306 0.571105420589447 0 221.6720646172762 0.5955637842416763 0 0.7891035079956055 0 0 13.95047305524349 0 1.371840789914131 8.034078687429428 5.140011966228485 0.172325998544693 23.55596889555454 119.0980522930622 19.7290833517909 7.995607927441597 4.302979469299316 0.6321774423122406 1.466677218675613 0 0 0 0 0 1.036452025175095 0 0 0.3032572567462921 0 1.212200418114662 0 0.2850816249847412 0 0 0 3.847576484084129 0.72621089220047 0 0.9143340587615967 0 7.838745251297951 5.337977558374405 8.178799822926521 0.9205178916454315 0.920135498046875 0.2192831188440323 0 0 0.1855668574571609 2.276529997587204 0.5442559719085693 0.3541191816329956 0.182191476225853 18.00091706216335 0 1.613782227039337 0 0 0.3482556492090225 0 0 0 0 0 0 0.9834050536155701 0 33.60659071803093 0.7993275448679924 0 0 0.09635768085718155 0 0.5958358645439148 0 0 0.4260431975126266 88.28627701848745 37.27087296545506 0 0 0 7.666091501712799 5.938306748867035 17.98155414313078 1.957089751958847 3.980099484324455 4.203582167625427 1.061867266893387 7.232796460390091 0 0 0 0 0 0 0 0 98.14230665564537 149.6372033134103 29.49372071027756 601.0572166666389 81.98115692287683 189.230126529932 107.7256468236446 1195.715342611074 37.34807854145765 0.4951097220182419 144.133376583457 21.27268655598164 1.103960677981377 14.28604699671268 0.4521595686674118 5.667110592126846 0.6610802412033081 0 11.83501553535461 0.4075093567371368 0
45.41780516505241 131.8814476728439 10.12931108474731 348.517086789012 101.1044523715973 0 461.2240934818983 1.320411711931229 383.7870037853718 465.4057447016239 57.72500747442245 268.8681097775698 354.8390169888735 239.8113567531109 2.268837362527847 1.016945958137512 0 0 0 0 0 0.4741483926773071 0 0 0 0.4438938051462173 0 0 0 0 7.402328372001648 0.2483501583337784 49.63967767357826 0.5096471905708313 0 0.2362357825040817 30.5532046854496 2.834717333316803 7.870763838291168 2.742780670523643 0 0 0 1.094993710517883 0.398518830537796 0 0.9854657799005508 0 0 0 0 11.34899196028709 0.2625263035297394 0 0 0 38.37612441182137 3.624015331268311 4.096997112035751 0 1.51735246181488 8.651399880647659 2.003663718700409 0 0 0 0 0 0 0.7585715651512146 102.1533285081387 820.3506604731083 55.30286422371864 0.1117074862122536 0 0 0 0 0 121.6103679835796 0.8545813411474228 11.94080166518688 0 0.5587651878595352 0 0 0 12.7103658914566 0.3516871929168701 19.16124880313873 0 0 0 0 0 374.6995259821415 206.4660265892744 99.24264886975288 10.43140541017056 259.7886843979359 0 0 0 0 0.1850905865430832 0.7188089936971664 0 0.2510523796081543 1.637309208512306 1.415316343307495 0 1.680912852287292 11.22416204214096 1.582335472106934 0 0.2962846755981445 0 0 0 0 0 0 0 0 0 0 0 0 0.3291847109794617 0 0 0 0 0 0.4166237115859985 0 0 0 0 0.5414650142192841 0 0.860332116484642 0.3873372077941895 0 0 0 0 0 0 0 0 0 1.112756162881851 0.444787323474884 0.2100079357624054 0 0 0 0 0 0 0 0 0 0 0 1.258054226636887 0 0 0 0 0 0 0 0 0 3.836432978510857 8.246517136693001 0 0 0 0 0 0.3840685486793518 0.3431761860847473 0 0 0 0.3776764571666718 0 0 0 0 0 0 0 0 8.524989068508148 10.05793899297714 2.156622812151909 18.02995742857456 0.6411213129758835 2.698830261826515 0.2869417667388916 35.98177729547024 0.4128196686506271 0 5.167808949947357 0 0 0 0 0 0 0 0 0 0
2766.898215532303 4211.490291252732 22.88595017790794 1325.523788496852 919.5562662780285 461.2240934818983 0 16.80069398880005 3148.834100738168 5529.463203072548 100.4260533004999 217.5637961030006 4702.709029093385 485.8507084995508 2.188256844878197 0 0 0 0 0 0 0 0 0.1312142014503479 0 0.3796368837356567 0 0.1391621977090836 0 0 14.41675846278667 1.279555350542068 5.748981311917305 0.1378779858350754 0 0 3.45808020234108 0 0 0.3467084169387817 0 0.6809078454971313 0 0 0.2030179500579834 0 2.945695295929909 0 0 0 0.1637067943811417 0.211649477481842 0 0.1658229976892471 0 0.3016071170568466 25.25071792304516 12.00181710720062 6.178980320692062 0.4632440954446793 0 0.1739524453878403 0 0.5963000282645226 0.2222646474838257 0 0 0.2538035809993744 0.1265102028846741 0 15.76596421003342 46.38997180759907 0.8361212313175201 6.457099959254265 3.128639221191406 0.1463999003171921 0.3066307157278061 0 1.293540358543396 5.312272310256958 1.312962934374809 0.1740393042564392 0 0 0.09886728972196579 0.3419949784874916 0.1526957303285599 0.1342620998620987 0.1349162757396698 0.1401415467262268 0 0.1512866318225861 0 0 0.113903284072876 543.810540869832 12.92885205149651 0.3809180408716202 0.8411303758621216 402.4107060432434 0.1644536554813385 0.6908257305622101 0.3995477855205536 0.5158406943082809 0.5906696170568466 24.84168711304665 2.385019153356552 4.863888025283813 28.16511787474155 12.73970670998096 0 42.97657848894596 225.4097202792764 29.01526989042759 16.3436076566577 4.193444415926933 2.259037956595421 0.3750762939453125 0 0 0 0.1782530248165131 0 0 0 0 0 0 1.533864066004753 0 0 0 0 0 4.977301880717278 0.9075358808040619 0 0 0 8.244652092456818 2.115843415260315 7.748778894543648 0.7427346408367157 0.3226002156734467 0 0.6365505456924438 0 0.663813903927803 3.971110984683037 0 0 0.6589407622814178 23.68233717978001 0.2247209250926971 0.8653922379016876 0.4311230480670929 0 0 0 0 0 0.4686548113822937 0.1351595818996429 0 0.4280268549919128 0 28.59298890829086 2.953186810016632 0 0.4034171253442764 0.1638462245464325 0 0.2729213833808899 0 0 0.2888063788414001 133.6696813032031 35.07273641228676 0 0 0 11.38147795200348 7.024372801184654 21.71036469936371 2.609767913818359 2.310926914215088 5.780078485608101 1.241053566336632 5.835624113678932 0 0 0 0 0 0 0 0 173.2058831751347 186.6040504723787 44.41121910512447 300.1245223805308 19.13432484865189 86.42665386945009 42.84590379148722 801.7948036193848 18.86889772117138 0.2235232144594193 83.47156137228012 16.0881040096283 1.135612607002258 16.39594030380249 1.588646158576012 7.444127589464188 0 0 2.631351292133331 0 1.190704971551895
1435.432476311922 521.8741523325443 3389.927967086434 3.432320535182953 506.924221932888 1.320411711931229 16.80069398880005 0 424.3434342443943 27.45639823377132 2308.623285479844 21.90458878874779 49.40337614715099 740.3335776031017 75.23249118030071 33.05838964134455 3.276365250349045 2.417726702988148 4.420302629470825 2.035488158464432 19.032500192523 5.600350946187973 0.3121560961008072 3.119876325130463 66.43163742870092 12.35423128306866 22.08415170758963 13.03828047960997 3.76420870423317 2.341185957193375 3491.236600682139 1496.046583548188 5.682901933789253 3.144201397895813 3.661242976784706 81.66782419383526 3.869112804532051 47.00939293205738 1.531212493777275 12.11240700632334 27.15953636169434 20.33104050904512 14.63727112859488 78.14071349054575 11.62429942190647 7.807442992925644 133.736411742866 3.170319452881813 1.267637312412262 7.448404259979725 49.1832505390048 25.92624832689762 0.4889243245124817 7.743215478956699 1.794529102742672 5.450040526688099 99.05006559938192 545.6727376878262 47.23330832272768 12.05489058047533 34.87197111546993 9.346818625926971 7.758355349302292 738.0238396301866 9.350899003446102 5.888471268117428 22.20431336015463 12.92370770871639 5.919972792267799 32.13416949659586 2.458728715777397 10.59466347098351 0.2372001558542252 111.4141020998359 145.4867064729333 44.10870556533337 616.8488131314516 361.9827902466059 2044.472127519548 2737.949826195836 174.0818944200873 1012.3859385252 3.442566849291325 0.7948121950030327 2.857847772538662 21.70964654535055 5.251650780439377 1.516697220504284 7.103436641395092 17.96815180778503 5.365534991025925 11.61004447937012 11.63105042278767 48.10805719345808 12.13632665574551 36.63786000013351 0.4503276199102402 0 0.1694146245718002 575.4351814836264 0.2166135311126709 0 0 0 0 1.303713202476501 0 0 2.402886062860489 0 0 1.761013463139534 7.118542462587357 0.6327002048492432 0.6189038753509521 1.19502180814743 0 0 0 0 0 0.4599215760827065 0.93843874335289 0.155094176530838 1.113552808761597 1.418733775615692 1.076966978609562 0 0.4903306066989899 0.1160037815570831 0.8041482865810394 0.8402013778686523 2.837160266935825 0 0 0 0 0 0.1800923198461533 0 0 1.25845567882061 0.690869577229023 0.5352587252855301 0.6023960262537003 0 0 0 0.4103247225284576 0.4900466501712799 0 0 2.55270379781723 0 0.4795056283473969 0.397295743227005 2.856925576925278 2.268369346857071 0 0 0 0 0 0 0 0 4.91915924847126 0 0 0.09690402448177338 0.3647087588906288 0 0 0.1473861485719681 0 0.5315275862812996 5.516114637255669 2.617801770567894 0 0.1792471557855606 1.048872321844101 0 1.458148539066315 2.263724401593208 0 0.3082237541675568 1.092406094074249 0 1.123440444469452 0 0 0 0 0.43559730052948 0.4421093612909317 0.1124140843749046 0.1582915931940079 10.89519137144089 16.94387796521187 8.953160613775253 1322.670262299478 281.9466950371861 1103.313134729862 450.9843848794699 1834.196785017848 133.1190088316798 4.70618886500597 430.4146802052855 33.30819112807512 3.663463979959488 4.206041470170021 1.525288447737694 1.539735615253448 0 2.251125738024712 6.587924003601074 2.4981759339571 0.2344489395618439
272.2010937929153 5019.232198193669 385.1777644306421 176.0099464505911 7304.115285769105 383.7870037853718 3148.834100738168 424.3434342443943 0 1647.99623388052 7031.168445602059 256.0654687732458 3478.644782558084 2298.424157544971 27.24149844050407 6.45306196808815 1.416202500462532 0 0.2769073843955994 0 0 0.3806414157152176 0 0 0.6690220385789871 0.8165987432003021 0.2869426161050797 0.1430478096008301 0 0 40.34934850037098 1.744642078876495 65.48496946692467 0 0 0.140474408864975 82.47253885865211 0.5718681961297989 4.855196252465248 1.39573909342289 0.3428220748901367 0.6275103092193604 0 1.72936075925827 0.1212660595774651 0.2093256413936615 28.49685423076153 0 0 0 0 3.275201678276062 3.638457290828228 2.172220975160599 0.1254042536020279 3.681651681661606 16.144262380898 8.228466548025608 6.430529735982418 2.103330068290234 0.9139188826084137 0.8142445981502533 0 3.785795152187347 1.166117824614048 0.827186182141304 0.9016913920640945 0.5857350528240204 0 0.7315574288368225 142.8043452203274 150.0916661471128 2.592926420271397 8.219796530902386 3.924231082201004 1.89571338891983 6.594623938202858 8.219161167740822 1.990382313728333 79.4461709484458 2.158649414777756 5.242475017905235 0.483289435505867 0 0.3279329985380173 2.340234503149986 0.4020845592021942 1.173286437988281 1.378244146704674 1.90476893633604 0.3438682556152344 0.3484115302562714 0 0.5273091197013855 2.196653857827187 2265.297326937318 45.79531453549862 5.319742552936077 2.563090667128563 141.9396804645658 1.225767806172371 0.6406665444374084 1.861278057098389 0.5100888013839722 1.321688905358315 47.29768716543913 2.833900719881058 13.53045661747456 44.27273027598858 32.23597574234009 0.3921242952346802 93.68516598641872 475.9554994702339 65.39410108327866 29.40831894427538 6.973044514656067 3.286039002239704 0.504940003156662 0.1861739307641983 0 0 0 0 0 0 0 0 0 3.752581655979156 0 0.1375032663345337 0.1461053788661957 0.3606817126274109 0 10.33539001643658 1.216852203011513 0 0 0.6462886333465576 16.08188027143478 12.64547911286354 19.30583058297634 2.972776502370834 0.9218303859233856 0.4888207912445068 1.42017725110054 0 1.017980679869652 6.185731247067451 0 0 1.801315858960152 67.49321550130844 0.9793733060359955 2.552134066820145 0 0.4022708982229233 0.2544175684452057 0 0.6889151930809021 0 2.133131325244904 3.502690300345421 0 1.405908435583115 1.294565856456757 108.9332484304905 3.017575457692146 0 0.3232007324695587 0 0.4869672954082489 0 0 0 1.226634062826633 347.7473227679729 92.48163494467735 0 0 0.1586095988750458 23.88011254370213 19.70615382492542 57.22194853425026 5.11027903854847 9.098826825618744 17.46595826745033 2.921869620680809 17.37315930426121 0.5383374094963074 0 0 0 0.1836846321821213 0.1457395404577255 0 0 543.1152458935976 478.8105266690254 84.82671875506639 514.3448423519731 85.63555404543877 163.2703068107367 87.4187199473381 463.917338244617 24.47794397175312 2.064349725842476 192.7266755849123 29.06690158694983 3.661227881908417 32.84458322823048 5.444308221340179 25.47858214378357 1.409781754016876 0 4.129124402999878 2.308040171861649 2.421838402748108
673.9107531756163 1118.379295170307 45.52255453169346 3997.8287653476 1483.608597129583 465.4057447016239 5529.463203072548 27.45639823377132 1647.99623388052 0 93.72735497355461 1737.513503968716 5504.971607431769 340.7258462756872 0 0 0 0 0 0 0 0.648341178894043 0 0 0 0 0 0 0 0 10.02761949598789 0 14.32645612955093 0 0 0 19.72837348282337 0 3.880489334464073 1.39827498793602 0 0 0 0 0 0 0 0 0 0 0 0.1381766200065613 0 0 0 0 63.38239094614983 5.013358145952225 9.27445737272501 0 0 0 0 0 0 0 0.2245104163885117 0 0 0 29.87455293536186 84.92643171548843 0.8302548825740814 0.4639891982078552 0 0 0.1428933888673782 0 0.1332623511552811 5.870046585798264 0 1.165503740310669 0 0 0 0 0 0.6337833404541016 0 0.9583791941404343 0 0 0 0 0 523.2740361094475 11.70382711291313 0.9483379274606705 0 1002.110939964652 0.2672307193279266 0 0.3990710526704788 0 0.7239039987325668 33.55704864859581 3.915724158287048 5.307106509804726 51.09623244404793 24.67708022892475 0.8353104293346405 70.33940111100674 320.5108584836125 56.22611667215824 26.90635071694851 6.724586665630341 4.138026058673859 0.6951517462730408 0 0 0 0.1618118137121201 0.7425118088722229 0 0.8385063409805298 0 0 0.7029687017202377 1.013860642910004 0 0 0 0 0 8.121880248188972 0.6347489804029465 0 0.3448382019996643 0 15.22684922814369 11.48391179740429 14.25130362808704 1.697054386138916 0 0 0 0 0 5.215868219733238 0 0.2680345773696899 1.156451284885406 37.84555993974209 1.928520753979683 3.991180002689362 0 0 0 0 0.1881044507026672 0 0.5980576127767563 2.217614248394966 0 0.5052809417247772 0 61.59016314148903 2.971590682864189 0 0 0 0 0 0.1323944479227066 0 0 198.3801039904356 48.51162414252758 0 0 0 19.97647403180599 13.49162060022354 37.93329963088036 2.910975828766823 6.396104976534843 12.16624212265015 5.602571047842503 6.158754199743271 0.6025369018316269 0 0 0 0 0 0 0.117734469473362 306.0212686061859 212.1737582311034 63.62950196117163 40.18466621637344 0 5.638434670865536 2.771559089422226 567.2781117483974 1.944091275334358 0 18.90129593014717 14.72592222690582 2.939897298812866 26.15017133951187 2.135349079966545 15.15938943624496 0.3573245108127594 0 2.201793640851974 0 0.6139993667602539
1598.797582745552 1721.109477519989 3695.169765591621 12.95187956094742 1556.039561189711 57.72500747442245 100.4260533004999 2308.623285479844 7031.168445602059 93.72735497355461 0 94.41414818167686 207.5167227089405 4178.421661540866 203.47864703089 93.4559882581234 6.30604200065136 0.1484901160001755 1.416650980710983 0.26900914311409 0.1473787128925323 33.37875434756279 0.2496012300252914 0 25.22926575690508 6.838228896260262 8.170898512005806 6.835258647799492 5.024941027164459 0.7689429521560669 837.0137514844537 210.9126384407282 194.3880689740181 1.236096605658531 0.596377044916153 33.26168809086084 243.929820522666 57.52268067747355 55.30792540311813 42.42082592844963 4.270636886358261 6.021522372961044 0.7928480058908463 50.5594115704298 5.52076929807663 2.103548437356949 179.2789365053177 2.503472954034805 0.2188892364501953 0.7422345727682114 7.209541752934456 75.27469773590565 30.1007784307003 7.607425853610039 2.631468199193478 3.433831639587879 45.20466470718384 87.16910119354725 24.32296612113714 13.86227356642485 4.761164963245392 25.76895913481712 1.12517312169075 55.04199805110693 4.224045105278492 2.468485757708549 2.79834059625864 1.716058120131493 0.6484893262386322 2.916943982243538 141.6906006336212 156.9525025486946 7.40528592467308 60.91110550612211 24.51771849393845 18.27521484345198 38.51657377928495 43.83811634033918 666.0526861399412 1594.418473698199 26.99175570905209 316.7014570236206 2.067638032138348 1.073314122855663 2.930286280810833 12.88023629784584 3.506392098963261 4.404941245913506 6.547302827239037 29.13565013557673 1.909427136182785 8.060955248773098 0.8740492463111877 10.34681043028831 6.28712622076273 893.0085597336292 51.20246076583862 11.59154815226793 29.71005509793758 223.984441190958 0 0 0.1538881063461304 0.3329754173755646 1.313103064894676 6.46732996404171 0 1.917239807546139 6.386312514543533 7.509061694145203 0 17.13606414198875 66.44442534446716 10.27877197414637 9.361996419727802 1.71101588010788 1.84257310628891 0.803937628865242 0 0 0.2847379148006439 0.4967084378004074 1.428108587861061 0 0.3037949800491333 1.438531100749969 0.1875229030847549 0.938059002161026 0.6748027205467224 0.1595993638038635 0.822807177901268 0.4637265354394913 2.971802935004234 0.1288765668869019 2.344956323504448 0.6344723701477051 0 0.1440261602401733 0.7227989882230759 4.084476947784424 2.314034461975098 8.626655861735344 2.655397653579712 1.753421679139137 0.5501912608742714 0.693446546792984 0 0 1.301015481352806 0.6613587141036987 0.1489081531763077 0.2989169061183929 23.44984768331051 0 4.087757140398026 0.3695768415927887 4.071575924754143 0.8900325745344162 0 0 0 0.1564151346683502 1.544645622372627 0 0.4569797515869141 0 29.27035835385323 0.7021912932395935 0 0.1206174567341805 0.3911107778549194 0.7454130053520203 0.3727703988552094 0.1709796935319901 0 1.841152742505074 65.98078776150942 85.51915143430233 0.3731196522712708 0.7135524153709412 1.883007422089577 8.502437114715576 6.560982778668404 14.60671803355217 0.3535141944885254 1.808618724346161 5.936852380633354 0.508775532245636 4.114254549145699 0.1321828961372375 0 0 0 0.3591178134083748 0.4281419366598129 0.1200211122632027 1.320569410920143 81.27338451147079 152.5192755162716 36.69712725281715 1176.960762120783 329.3612450733781 792.6907426640391 323.2684061974287 848.8805941194296 113.9708249494433 3.572156377136707 461.742787539959 23.96984222531319 3.642344631254673 15.34979890286922 2.098789438605309 5.681267023086548 0.7092433571815491 0 7.537696197628975 6.345811419188976 1.828608691692352
36.75982443988323 92.51576825976372 12.41668747365475 357.3353683054447 36.82252381742001 268.8681097775698 217.5637961030006 21.90458878874779 256.0654687732458 1737.513503968716 94.41414818167686 0 2787.186890050769 605.0601210147142 2.492830082774162 1.828429684042931 0 0 0 0 0 1.04009422659874 0 0 0 0 0 0 1.122452467679977 0 2.515787720680237 0 63.95733171701431 0.2677432894706726 0 2.978057861328125 519.8669874817133 2.127586483955383 92.30309668183327 7.483639419078827 0 0 0 0.8483238816261292 0 0.7857325077056885 0.5055668950080872 0 0 0 0.2658606469631195 6.232271246612072 7.643330857157707 0.2757841348648071 0 0.1535094231367111 6.81943154335022 0 0.9592558741569519 0 0.5700882971286774 4.447727963328362 0 0 0 0 0 0 0 0 446.631259649992 62.29150746017694 4.434888660907745 0.3457168862223625 0 0 0.1675378680229187 0 0 60.06864769756794 0.1752081960439682 8.872777044773102 0 0 0 0 0 2.579027190804482 0 2.943639688193798 0 0 0 0 0 1595.207254603505 117.7439191490412 6.139288380742073 58.88327680528164 101.9502433985472 0.5651701986789703 0 0 0 0.1562107503414154 7.353406637907028 0.4849275648593903 0.8561599999666214 2.525786861777306 1.934357956051826 0 7.145035579800606 46.06107450276613 9.702192716300488 2.757521465420723 0.178017869591713 0 0.2374654114246368 0.1648418754339218 0.1483790576457977 0 0 0 0.1348476856946945 0 0 0 0.6248382031917572 0 0 0 0 0.1370254009962082 0 0.4408643841743469 0 0 0.4463376402854919 0 2.213010683655739 0 1.777334615588188 1.015291750431061 0 0.2253521680831909 0.1214559748768806 0 0 0.7445328384637833 0 0 0 1.664552226662636 0.2645411193370819 0.7157018333673477 0 0.1359647959470749 0 0 0 0 0 0.7392067909240723 0 0 0 8.357650905847549 0.6505363434553146 0 0 0 0 0 0 0 0 30.20767442882061 14.16031935811043 0 0 0 0.9664191901683807 0.6314381808042526 4.939114511013031 0.1497361212968826 0 1.180333882570267 0.2549681067466736 0.2429927214980125 0 0 0 0 0 0 0 0 55.83074657618999 34.64270224422216 9.876865312457085 11.98905685544014 0.6404767632484436 4.111615806818008 0.9136155247688293 119.3804299384356 0 0 5.23143669962883 0.3137138932943344 0 1.216181352734566 0 1.604630246758461 0 0 0 0 0
146.4393731802702 1027.452170073986 40.09523378312588 988.5200680047274 593.3201838433743 354.8390169888735 4702.709029093385 49.40337614715099 3478.644782558084 5504.971607431769 207.5167227089405 2787.186890050769 0 1904.423726424575 2.735903456807137 3.053904354572296 0.8023607432842255 0 0 0 0 4.789371356368065 0 0 0.5298776179552078 0.1944514960050583 0 0.2362375110387802 1.948221281170845 0 13.13658513873816 0.3352293372154236 277.4066398590803 0 0 2.779709458351135 1093.007044091821 23.22888118028641 413.5188441723585 48.90340283513069 0.4942501485347748 0 0 2.982431799173355 1.155334711074829 0.9470231458544731 3.179867252707481 0 0 0 0 8.833464577794075 16.61545099318027 0.6079531311988831 0 0.6064838394522667 9.439713582396507 2.646132990717888 2.320212684571743 0.5243137776851654 0.9658546596765518 23.39218001067638 0 0 0 0.1932351887226105 0 0 0 0.2161948084831238 892.6841170340776 94.64852440357208 7.239879794418812 1.256531730294228 0.3775555342435837 0.5433640405535698 0.1378103643655777 0.62542924284935 0.1680045127868652 424.3281325101852 2.628859788179398 24.8495296984911 0 0 0.5455023646354675 0 0 3.058731362223625 0.1486333310604095 4.002828925848007 0 0 0 0.2273478358983994 0 3264.271541118622 127.9389551579952 11.4225877597928 120.5243872255087 145.5677475184202 0.8504537045955658 0.6733761429786682 0.6190626472234726 0 0 8.906602449715137 1.38670414686203 1.222942739725113 9.753593072295189 5.944166541099548 0.1611668914556503 25.59973715245724 127.9090234339237 20.33913145959377 8.003017671406269 1.649240985512733 0.9282565787434578 0 0.177955761551857 0 0 0.2920899391174316 0.1631910055875778 0.1580592691898346 0 0.5308682322502136 0 0.1478705555200577 0.7677655816078186 0.3103492856025696 0 0 0.231974869966507 0 2.24474835395813 0.1519599854946136 0 0 0.2541104257106781 6.134135186672211 0.630073606967926 4.102269202470779 0.3867775052785873 0 0.1156182363629341 0 0 0.1998049318790436 0.3803785741329193 0 0 0 11.28036980330944 0.1396595537662506 0.5294070839881897 0.2925263941287994 0.3712865859270096 0 0 0 0 0.1315966695547104 0 0 0 0.1520876884460449 16.66038516163826 0.4474153518676758 0.1648664176464081 0 0 0 0 0 0 0 78.69092575460672 22.21050235629082 0 0 0 4.429852992296219 1.969623327255249 9.09257672727108 0 0.9369139075279236 1.82294362783432 0.543230876326561 2.142063930630684 0 0 0 0 0 0 0 0 146.8376081287861 105.7370477765799 20.87651462107897 74.28472004830837 6.128214411437511 27.27315467596054 14.07699783891439 212.8788109943271 3.780190989375114 0.3464857339859009 27.39473490417004 4.814004272222519 0 3.129509896039963 0.4860373437404633 2.050999313592911 0 0 0.3959441184997559 0.4330107122659683 0
977.5006816834211 1081.327738672495 713.0827838927507 72.7317176014185 203.9970218986273 239.8113567531109 485.8507084995508 740.3335776031017 2298.424157544971 340.7258462756872 4178.421661540866 605.0601210147142 1904.423726424575 0 29.29686417430639 26.30837589502335 1.492253512144089 0.6553345173597336 0 0.1538184434175491 0 21.64674707502127 0 0 4.337417133152485 0.6046530157327652 0.1502023488283157 1.864909246563911 5.896459594368935 0 255.1369550526142 1.482229217886925 1170.580381512642 0.6783915013074875 0 9.484407156705856 2064.320804923773 30.09999062120914 302.9939464479685 34.18937142193317 0.7856108546257019 0.4114752858877182 0.8309127241373062 12.12800028920174 0.9374934732913971 2.409949377179146 22.63533642143011 0.6151477992534637 0.1924868375062943 0.1609108150005341 0.7766422629356384 38.62472134083509 39.79173934459686 2.410623408854008 0.153451532125473 0.3159702345728874 11.51452194899321 14.65388345718384 5.400319963693619 1.852446287870407 5.557844243943691 47.06652890145779 1.736094072461128 2.390502259135246 1.018653646111488 0.26514782756567 0.2376035824418068 0.7740283757448196 0 0.4697891622781754 1089.580752491951 224.8283858448267 16.35007377713919 8.060354173183441 3.683615081012249 1.045592963695526 3.345033340156078 1.754903361201286 2.510288923978806 944.0853035077453 5.746316075325012 61.34924784302711 0.1270576268434525 0.2168431133031845 0.1208025738596916 1.402200654149055 0 6.147340945899487 1.180966071784496 17.31855114549398 0.2280241698026657 0.6762047559022903 0 0 0.862898588180542 3402.179669335485 205.6193580180407 20.52810391038656 142.8902127295732 178.449525848031 0.5555770844221115 0.2316444963216782 1.007922366261482 0.346628725528717 0.4056645929813385 19.71056741476059 1.062242329120636 3.237385228276253 17.68982867896557 6.297046899795532 0.689841017127037 40.74235747009516 182.7721258550882 38.12372763454914 12.65769296139479 3.625663205981255 1.45226925611496 0.8536614030599594 0 0.5666267871856689 0.2045698612928391 0.131022572517395 0.3320595026016235 0.1552966088056564 0.4967735707759857 0.7694161087274551 0.5137291699647903 0.2519747018814087 3.269942954182625 0 0.2746421992778778 2.190663248300552 1.175135150551796 0 3.488883413374424 1.111604765057564 0.1788957267999649 0.3480538725852966 0.1530860960483551 14.38118519634008 1.094072364270687 13.049087010324 3.163780637085438 0.8736467584967613 0.361451044678688 0 0 0 1.113605722784996 0.1498799324035645 0 0.8217957615852356 24.52103899419308 0.1487747430801392 0.9409214556217194 0 2.182495385408401 0.4143511354923248 0 0 0 0.3394818902015686 2.244136095046997 0.157717302441597 1.086284726858139 0.4326553642749786 36.7493681460619 2.245371960103512 0 0 0 0 0 0 0 0 149.2593790739775 56.26939637959003 0.2338809221982956 0 0 10.30197488516569 7.893744096159935 21.60503476858139 1.335723295807838 3.125137276947498 10.06603299826384 1.304503202438354 6.259184971451759 0.4150444269180298 0 0 0 0.8888159394264221 0.2051599621772766 0 0.2159887701272964 241.0416164398193 232.9887681901455 51.07555595040321 263.7923091500998 38.78739597648382 100.616378583014 43.49626018851995 370.5789947807789 17.10801474750042 1.063342615962029 109.8113519698381 12.57112670689821 3.693713188171387 11.81388472020626 0.9162514209747314 6.353819534182549 0 0 4.635201543569565 2.688612535595894 0.9617050290107727
