0 3989.375679239631 306.6367130354047 1779.476201333106 786.8913620859385 3.079179584980011 643.6073701605201 68.79968412220478 185.9789351671934 1801.814688786864 476.3635631501675 58.72494787722826 248.4635558202863 349.5764158889651 0.4938495084643364 0 0 0 0 0 0 0.9783690273761749 0 0 0.09446211159229279 0.1800070255994797 0.2402712255716324 0 0 0.1466185450553894 360.9431526809931 0.4690459296107292 20.01560304313898 0.1002440974116325 0 0.2265578657388687 10.08423627912998 0.09045089036226273 6.053883463144302 0.6345880627632141 0.1057071089744568 0 0 0 0 0 5.183980867266655 2.971909686923027 0 0.2403297796845436 0.5224280282855034 3.294174700975418 0 0.4301436841487885 14.0457184612751 11.50019271671772 584.3115517571568 1056.199190087616 85.61301052570343 10.85560759902 0.4741296172142029 0.3972862511873245 0 16.83825983852148 10.48545699566603 3.369042567908764 0.6846698001027107 1.000414744019508 1.125607267022133 0.1190577819943428 47.7242185100913 58.61154728382826 2.829660147428513 298.1423468664289 69.57210369408131 7.064926110208035 1.213201105594635 0.1514818668365479 0.272002637386322 38.03311215341091 0 0.5634002462029457 16.56225202977657 1.157198719680309 3.89428386092186 5.36468942463398 1.275873430073261 1.165841892361641 2.25601602345705 2.813597813248634 0.3725789710879326 0.6441302895545959 0.3179742097854614 0 0.0837772935628891 383.6069569885731 23.15784400701523 0.3926715552806854 5.758928373456001 552.4937205091119 0 0.6151946187019348 0.5205221176147461 0.5171224474906921 0.3232665359973907 22.55850137770176 0 1.495820760726929 75.44311259686947 5.705338314175606 0.1305711269378662 11.31562016904354 9.697866812348366 2.7762491106987 1.801417231559753 0 0 0 0 0 0 0 0 0 0 0 0.2023435533046722 0 0 0 0 0.3073864281177521 0.1465437263250351 0 0 0 0 0 0 1.38861371576786 0 0.5345803499221802 0.4613355398178101 0 0 0 0 0 0 0.2702829539775848 0 0 0.3584349602460861 0.2843994200229645 0 0 0.09138846397399902 0 0 0.3633906543254852 0 0 0.3120042979717255 0 0 0 0 0 0 0 0 0 0 0 0 0 5.791127741336823 0 0 0 0 0 0 0 0.7938514947891235 2.517647504806519 0.3276282250881195 0 0.1815073788166046 0 0 0 0 0 0 0 0 3.081296265125275 0.8999925255775452 1.79081854224205 117.8414788097143 23.70034439116716 96.92613447457552 11.97665712982416 942.9688450023532 22.70871522277594 3.707329675555229 4.382435351610184 2.019227549433708 0.08614944666624069 0.4605915993452072 0 3.847761034965515 0.3044606447219849 0 0 0.4509822726249695 0
3989.375679239631 0 985.0397574827075 629.4937973245978 7251.991981521249 56.18404066562653 4708.929064139724 541.9918354153633 2824.547233425081 1100.53956001997 2099.683159291744 29.25962845981121 1262.693547837436 1415.661847487092 1.881140008568764 0.5285265743732452 0.1272780895233154 0.1368139684200287 0 0.09720557928085327 0.4895436465740204 0 0 0.08449274301528931 0.07367802411317825 0.2008830606937408 0.09602033346891403 0.134968101978302 0.9731367379426956 0.08542580157518387 1479.381834551692 7.946345619857311 15.27453123033047 0 0 0.5023279786109924 1.615728795528412 0.4768794998526573 2.06631001830101 0.7728381976485252 0.2218078002333641 0 0.5296101868152618 0.0830557644367218 0 0 34.22699653357267 7.019580960273743 0.345487505197525 0.6626262441277504 0.8211935237050056 0 0 0 21.31468988955021 22.67200741916895 122.1132574379444 711.0817081928253 53.05766572803259 42.11523319035769 0.6384578496217728 0.429249107837677 0 172.3772378638387 20.34000171720982 6.20718951523304 1.303303241729736 3.455114111304283 1.788465216755867 1.018648907542229 5.381871737539768 1.312199234962463 0.1551005244255066 361.0554407313466 215.6833222582936 43.71426516771317 19.30973050743341 0.1441420465707779 2.493714280426502 71.66270603239536 0.6228412091732025 3.04444482177496 24.79541286081076 1.187448062002659 9.614581935107708 9.772556573152542 4.539462238550186 0.1253625899553299 2.801623575389385 0.2298833802342415 0.3132486119866371 0.1152640283107758 0.4436883628368378 0.464292585849762 0.6256218776106834 82.6165387108922 0 0 0.5734309628605843 1018.102776288986 0 0 0.4422068893909454 0 0.3727421760559082 295.8304170593619 0.5867877006530762 3.994267851114273 143.415089532733 5.778463691473007 0.1939765363931656 18.8253706023097 17.1638125628233 8.433580785989761 2.205935284495354 0 0 0 0 0 0 0 0 0 0 0 0 0 0 0 0 0 0 0 0 0 0 0 0 0.3966323137283325 0 0 0 0 0 0 0 0 0 0 0 0.389207124710083 0.2891751527786255 0 0 0 0 0 0 0.5156016796827316 0.1755994856357574 0.3016955256462097 0.9462631642818451 0 0 0 0.4261405766010284 0 0 0 0 0 0 0 0 0 5.867812134325504 0 0 0 0.1060521528124809 0 0 0 0.7602244317531586 0.9016313105821609 1.473079770803452 0.1207494735717773 0.121489554643631 0 0.1166635155677795 0 0 0.07709196209907532 0 0 0 6.068240404129028 1.169939957559109 2.441440626978874 126.3194445222616 57.92854470014572 246.6085290685296 23.06479381024837 1221.021022744477 15.97947723418474 6.972213394939899 13.49846144765615 1.434381440281868 0 0.5990902483463287 0 2.447237685322762 0 0 0.4760528355836868 0.6311395093798637 0
306.6367130354047 985.0397574827075 0 18.57252131402493 606.0494287535548 0.309814840555191 169.7193286195397 2320.420920111239 407.7134857028723 39.66156101971865 5025.084082096815 4.421795554459095 243.5136598944664 725.314630433917 8.06938211619854 2.823375254869461 0.3315643072128296 1.889109924435616 0 9.606067411601543 20.50993640720844 0 3.926481500267982 2.184654198586941 26.74289739131927 2.672881804406643 8.055294789373875 0.367884024977684 0.2413151413202286 1.185484163463116 3671.542963467538 278.7684747576714 42.60113307833672 0.7275625914335251 5.207097798585892 14.06605441123247 2.982920952141285 8.906461201608181 1.797696195542812 14.96665144711733 17.90034372359514 3.997482635080814 10.11536265164614 1.466721691191196 0.5386633425951004 0 33.81989865750074 5.828202329576015 1.300645641982555 4.952456176280975 10.19031798839569 0.224987655878067 0.6702768728137016 1.354325339198112 10.21363747119904 13.05769407749176 66.76859281212091 947.1183308139443 31.60437750816345 24.81673091650009 1.035647571086884 4.386077336966991 0.5123148038983345 714.0252265036106 13.38830055296421 4.602500207722187 13.84482138603926 18.68255464732647 32.97022626549006 65.42535853385925 10.69556629657745 0.6028889268636703 0 233.5486844107509 207.6605824679136 41.42537221312523 28.60205967724323 4.724607080221176 48.8339586481452 944.0351476967335 1.338444426655769 87.59095325320959 18.24649323523045 0.7825025916099548 6.817509159445763 10.83096545934677 5.96508677303791 0.2302649989724159 4.347305193543434 0.1137404292821884 0.9911023527383804 1.558824360370636 27.06823413819075 8.735917426645756 3.318755306303501 5.340548105537891 1.383980050683022 0 0.1157017052173615 683.0559266060591 0 0 0 0 0 7.232373811304569 0 1.47882017493248 1.834103256464005 1.030592054128647 0 1.854962080717087 2.087978318333626 0.1113214939832687 0.4930017590522766 0 0 0 0 0 0 0.309598982334137 0 0 0.1118597462773323 0.9267601668834686 0 0 0 0 0.26376061886549 0 0.200853556394577 0 0 0 0 0 0 0.837745688855648 0 0 0 0 0 0.1349091678857803 0.12873774766922 0 0.2096274942159653 0 0 0.1094941571354866 0.3859769701957703 0 0.1423293948173523 0.4148737192153931 0 2.713414616882801 0.2951647639274597 0.2332980930805206 0.08508581668138504 0 0.1284009516239166 0 0 0 0.1736905425786972 0 0 0 0 0.1046750992536545 0.2602696195244789 0 0 0 2.23761922121048 0 0 0.1230079829692841 0.327701710164547 0 0 0 0 0 0.1171622723340988 0.1153554469347 0 0.1278054565191269 0 0 0 0 0 0 0 1.004768237471581 1.238208204507828 0.9440031722187996 70.69271872937679 45.06547146290541 182.082751609385 18.5423995256424 207.8959809914231 10.62591084092855 5.658028110861778 14.59142622351646 1.175715386867523 0.2370787858963013 0.4965376928448677 0 0.327022522687912 0 0 0 2.210514016449451 0.1141988486051559
1779.476201333106 629.4937973245978 18.57252131402493 0 166.2557553648949 185.0409290343523 1014.180664092302 0.5541893839836121 61.82465850561857 2565.825719043612 10.85800153017044 94.71097318828106 294.3679907843471 4.531447201967239 0 0 0 0 0 0 0 0 0 0 0.08338963240385056 0 0 0 0.0819820836186409 0 44.13013378530741 0 0 0 0 0 0.4384583383798599 0 0 0.07317804545164108 0 0 0 0 0 0 2.965891346335411 0.6182531639933586 0.1021538004279137 0.09458427131175995 0 0 0 0 1.50360032916069 1.534385040402412 27.86302544176579 77.88976709544659 11.57362616807222 3.535472571849823 0 0.2621860802173615 0 9.976885408163071 2.437068127095699 0.6874765157699585 0.1885412484407425 0.2476433366537094 0 0 0 0 0 52.69814894348383 19.38948888331652 3.685014337301254 0.1639588624238968 0 0 0.2427117601037025 0.1264369636774063 0.2209697216749191 3.868210457265377 0.4756060242652893 1.597036324441433 1.890779539942741 0.3366987258195877 0 0.1737034991383553 0 0.08896295726299286 0 0 0 0 99.16176819801331 0 0 0.2528222799301147 187.0924181863666 0 0.2621538937091827 0.9047442376613617 0 0 27.50283715128899 0.3518218398094177 1.711838558316231 123.7404473721981 2.770738109946251 0.2141231894493103 5.354972392320633 6.086642608046532 1.174299299716949 0 0 0 0 0 0 0 0 0 0 0 0 0 0 0 0 0 0 0 0 0 0 0 0 0 0 0 0 0 0 0 0 0 0 0 0 0 0 0.4005464315414429 0 0 0 0 0 0 0 0 0 0 0 0 0 0 0 0 0 0 0 0 0 0 0 0.1907565295696259 0 0 0 0 0 0 0 0 0.2520904541015625 0.2265873700380325 0 0 0 0 0 0 0 0 0 0 1.20137882232666 0.3590470552444458 0.555936336517334 54.5665336176753 6.319665275514126 28.33297661691904 2.247073777019978 1257.519075222313 0.795722059905529 1.155966497957706 0.1483030617237091 0.1400959044694901 0 0 0 2.152362912893295 0 0 0 0.1187962591648102 0
786.8913620859385 7251.991981521249 606.0494287535548 166.2557553648949 0 7.252356201410294 4980.39982688427 775.6523343101144 8344.391114935279 643.5627956837416 1642.275046341121 103.5077456980944 1150.922081530094 903.7477274239063 6.326133444905281 0.1486117094755173 0.1960054934024811 0 0 0.10152518004179 0.5036749988794327 0 0 0 0.1560701280832291 0.5728734284639359 0 0.5535237565636635 1.097009748220444 0.1028293520212173 340.657039962709 8.303600363433361 3.379757814109325 0.4288325607776642 0 0 2.318561866879463 0.209735244512558 1.606804557144642 0.4000733569264412 0 0.9636187702417374 0.5901643261313438 0 0 0 67.79841291904449 4.486174963414669 0.1134726703166962 0.243592195212841 0.8354083821177483 0 0.3208826184272766 0.2520611137151718 8.954313635826111 7.674620941281319 18.97806929051876 102.3652647733688 22.10704763233662 39.54552645981312 0.4282926395535469 0.1348190009593964 0 113.1079033315182 10.55123629420996 3.724021911621094 0.6465993300080299 2.274685971438885 0.7706530839204788 0.6390706896781921 6.105966627597809 1.520739391446114 0 115.6042033210397 112.4859690517187 61.12345322221518 31.79949945211411 0.2921968623995781 1.152107462286949 8.411959320306778 0.2233893945813179 3.192990936338902 13.01909447461367 0.6756410002708435 5.605555891990662 6.245994992554188 3.888657473027706 0 1.396661281585693 0 0.3647125586867332 0 0.2876543626189232 0 0.2668827995657921 293.5886949896812 0.7397458553314209 0.2207880616188049 1.280770540237427 71.16751238703728 0 0.8105162382125854 2.575700253248215 1.237340867519379 0.842259556055069 182.8692834377289 1.688583582639694 20.5293236374855 47.16068832576275 33.59725826978683 0.5920288860797882 105.1191934347153 106.7678464800119 37.65169852972031 7.675512969493866 0 0 0 0 0 0 0 0 0 0 0 0 0 0 0 0 0 0 0 0.851078987121582 0.3914420157670975 0 0 0 3.882826499640942 0 0.7586866915225983 0.6363622322678566 0 0 0 0 0 0 0.1583582758903503 0 2.501677066087723 2.736842140555382 0.3840126395225525 0 0 0 0 0.6049713417887688 0 0 1.186306521296501 1.00161400437355 0 0 0 1.402862519025803 0.2311464846134186 0.4136114120483398 0.1139905229210854 0 0.1040723398327827 0.1012856513261795 0 0 0 29.16274181008339 0 0 0 0 0.40313720703125 0 0 3.148184224963188 4.086398288607597 2.694250077009201 0 0.4650351628661156 0 0.1248926818370819 0 0 0 0 0 0 47.8724570274353 5.049331143498421 6.090255260467529 161.7012919858098 53.21906255930662 269.8283898532391 33.31045695394278 185.7756570503116 22.21433813124895 6.853598549962044 26.22624279558659 6.891218684613705 0.208310678601265 4.612880483269691 0 17.94612613320351 0.600859671831131 0 0.3823100626468658 1.873076036572456 0
3.079179584980011 56.18404066562653 0.309814840555191 185.0409290343523 7.252356201410294 0 43.29315181821585 0.4838474094867706 10.02475938200951 187.3098915964365 2.884960666298866 59.70834980905056 77.58706054091454 18.39697451889515 0.4002868831157684 0.1893527805805206 0 0 0 0 0 6.547686323523521 0 0 0 0 0 0 0 0 3.186570510268211 0 9.496841624379158 0.9559180736541748 0 0 7.665548726916313 0.2778000235557556 7.769183292984962 0 0 0 0 0 0 0.5767574906349182 0.4431960731744766 0 0.1550989001989365 0 0 20.22207146883011 2.133300468325615 0 0.1043544113636017 1.297867000102997 254.2063716053963 23.83846561610699 1.952907711267471 0.2660357654094696 0.3428342342376709 3.504882425069809 0.6705652475357056 0.5468481779098511 0.1464615166187286 0 0 0 0 0 163.111624494195 357.7989317476749 23.94561418890953 0.996959000825882 1.009253904223442 0.2695414274930954 0.8229428827762604 0.2344217449426651 0.2496416121721268 4.198479905724525 0 1.79004742205143 0.1484757661819458 4.783763661980629 0.2119085341691971 0.2023792266845703 0 10.21122951805592 1.498283833265305 28.44215904176235 0.6273816525936127 2.681665688753128 0 0 0 274.904708981514 72.50518000125885 12.8411635607481 28.34242677688599 154.8002592623234 0 0.7957099676132202 0 0 0 2.114865869283676 0 0.5659941583871841 8.453967571258545 1.984327614307404 0 0.7954604849219322 1.181519031524658 1.098679885268211 0 0 0 0 0.4060094356536865 0 0 0 0 0.7387834936380386 0.4763214290142059 0 0 0 0.2795287668704987 0.2200584262609482 0 0.8424880355596542 0.7534751147031784 0.1731328666210175 0 0 0 0 0.3300947844982147 0.6841515004634857 0 0.5424921810626984 1.942625418305397 0 0 0 0 0 0 0.3105448484420776 0 0 0.2229814529418945 0 0 0 1.992075875401497 0.3437030613422394 0 0.2462511509656906 0 0 0 0 0.6262818276882172 0 0 0 0 0.1953008472919464 0 0 0 0 0.1416061520576477 0 1.058997794985771 3.678637877106667 0 0 0 0 0.4125456213951111 0 0 0.1374290436506271 0.1178577840328217 0 0.3671720176935196 0 0 0 0 0 0 0 0 1.256112143397331 1.81794485449791 1.038536757230759 36.64931206405163 0.2012623101472855 2.551791332662106 0.6542479395866394 128.6979757994413 2.568429559469223 0.2181267142295837 0.355705589056015 0.8635043054819107 0 0.3010846078395844 0 1.53265318274498 0.3154101073741913 0 0 0.318393886089325 0
643.6073701605201 4708.929064139724 169.7193286195397 1014.180664092302 4980.39982688427 43.29315181821585 0 11.10586400330067 4531.208575688303 4022.193697191775 106.1978181675076 192.2704265862703 3629.005286760628 1128.394716635346 9.430227562785149 1.020599819719791 0.3818434625864029 0.5615432113409042 0 0.1603060215711594 0.5007478594779968 0 0.1773180961608887 0 0.1142453551292419 1.316138438880444 0.2762529328465462 0.381062924861908 0.4409368634223938 0.5574136972427368 393.2568321377039 6.45318666100502 3.162765003740788 0 0 0.09550618380308151 2.40189441293478 0.1044008284807205 2.505198918282986 0.4401933699846268 0.6675017923116684 0 0.1316482126712799 0.4845289587974548 0 0 89.56854661554098 9.908212289214134 0.9240281730890274 1.0863067060709 1.628398299217224 0.1162010803818703 0.2888553887605667 0 13.51865665614605 19.69392300397158 64.31062386929989 239.1744409948587 44.57377772033215 67.21704997867346 0.20016710460186 0.6230821311473846 0.358586311340332 243.170405484736 23.32648195326328 8.878728970885277 1.937164820730686 4.068446427583694 2.755780771374702 0.9830567166209221 7.252324469387531 4.491779923439026 0 305.6249957159162 236.2723221927881 97.60164132714272 37.79798160493374 2.32744338363409 2.033856816589832 5.819960214197636 1.84499280154705 2.241690739989281 28.61642454564571 1.566753193736076 11.30363367497921 10.78862503170967 4.970874078571796 0 3.544785603880882 0.1133243814110756 0.355813667178154 0.3069793507456779 0.2556980550289154 0.1258117705583572 0.46274434030056 826.6475167572498 0.9800827726721764 0 2.24973127245903 129.8387165591121 0 0.7003246545791626 8.148735836148262 2.047678127884865 0.2129450887441635 191.3363514468074 4.389790162444115 34.49423158913851 206.8209759294987 50.41861726343632 1.724363312125206 167.2739822044969 171.0845601558685 61.75453708320856 10.67589637637138 0 0 0 0 0 0 0 0 0 0 0 0 0 0 0 0 0 0 0 0.8735043704509735 0.7215879112482071 0 0 0 5.916048184037209 0 1.092608585953712 0.9884331822395325 0 0 0 0 0 0 0 0 4.615903347730637 4.137832038104534 0.1646442711353302 0 0 0.2469850480556488 0.1159418523311615 0.1655881851911545 0.8389451503753662 0.102418065071106 2.511834934353828 4.382110267877579 0 0 0 1.051078155636787 0.5175730586051941 1.010107517242432 0.2613644748926163 0 0.1562173068523407 0 0 0 0 53.64414481818676 0.5459658205509186 0 0 0.1268637180328369 0.418001264333725 0 0.8678264915943146 4.208463177084923 7.046636864542961 5.401914194226265 1.136271089315414 0.4469081237912178 0 0 0 0 0 0 0 0 62.12655117362738 6.843781650066376 8.461984485387802 252.4459152668715 80.74239085614681 460.1113372221589 48.92221970111132 662.7871510386467 37.15189979970455 7.654331214725971 38.57922317832708 9.895165450870991 0.4487120136618614 7.384651407599449 0.1668686121702194 24.70351959764957 1.331085368990898 0.5167496800422668 1.78263646364212 1.941309913992882 0.1385253518819809
68.79968412220478 541.9918354153633 2320.420920111239 0.5541893839836121 775.6523343101144 0.4838474094867706 11.10586400330067 0 845.7345141768456 10.88390210270882 3163.175253145397 7.223241806030273 259.3252344354987 960.1597804129124 26.60513638705015 6.029683656990528 2.064301870763302 5.473077476024628 3.646123453974724 57.01347655802965 51.35475305467844 0.2192355692386627 8.670400395989418 3.530113279819489 35.11282434314489 4.901124812662601 14.50758327543736 0.9843867868185043 1.046618796885014 2.985155768692493 1261.357514873147 2272.442043416202 23.17134209722281 1.809954218566418 5.455654755234718 16.88143164664507 3.351264022290707 11.10312531888485 2.498881742358208 18.46243395656347 28.49065594375134 4.783903583884239 32.03006175905466 5.861908502876759 2.497449271380901 2.13081257045269 135.89476480335 7.320163883268833 5.211192093789577 23.4964714050293 14.68914625048637 0.9689006358385086 0.1180546954274178 4.033116988837719 7.469614587724209 6.112367749214172 15.33736158162355 184.719166263938 15.74193911254406 58.67017258703709 56.27698907256126 13.81743713468313 2.671704024076462 1083.068442620337 7.695770874619484 4.667532674968243 14.81215874105692 26.94296873360872 77.36438710987568 161.7017705142498 2.10885152220726 1.657657325267792 0 144.6153195649385 214.3962477594614 169.9600962772965 208.9096551761031 86.51460255682468 399.6684621721506 2113.193346112967 46.25788935273886 1211.577848002315 14.04256702214479 0.3389182835817337 6.840597078204155 8.572498135268688 15.5657209828496 0.1949611082673073 4.282983243465424 0 0.7834920287132263 1.372088804841042 53.50860197842121 11.76502320915461 4.452613323926926 10.26859401166439 0.622634619474411 0 0.8411820083856583 28.0054669752717 0.5852289795875549 0 0 0 0 2.700378388166428 0 0.6057556569576263 0.7871876507997513 0.614934891462326 0.2926511764526367 3.274103835225105 1.694650039076805 1.869659289717674 0.4314154982566833 0 0 0 0 0 0 0 0 0 0.5040518641471863 0.7880018651485443 0 0 0 0 0.3669330701231956 0 0.5204316228628159 0 0.2057572305202484 0 0 0 0 1.205755650997162 0 0.6618367880582809 0.1834968775510788 0 0.5150808691978455 0.1621715128421783 0.1439808756113052 0 0 0 0.1511896997690201 0.1455951035022736 0 0 0.3371514678001404 0.1616919487714767 0 2.604266457259655 0 0 0 0 0 0 0 0 0 0 0 0 0 0.1029684767127037 0.1240730136632919 0 0 0.5011463239789009 4.219200007617474 0 0 0 0.2349079474806786 0 0 0 0.2659653872251511 0 0.1770867705345154 0 0 0 0.1836791485548019 0 0 0 0.1483583748340607 0 0.2410721257328987 0.8181980401277542 1.297920316457748 0.8345591425895691 271.7992598414421 57.11178870499134 488.3147545605898 56.92367561161518 83.6852039322257 30.98665880411863 5.732112146914005 57.17862502485514 2.377800457179546 0 1.637469008564949 0 0 0 0 0.5961430072784424 5.120149627327919 0
185.9789351671934 2824.547233425081 407.7134857028723 61.82465850561857 8344.391114935279 10.02475938200951 4531.208575688303 845.7345141768456 0 1111.49101985991 3195.768520705402 170.0543286800385 1760.131415553391 912.4712461456656 15.02242363244295 0.8523856997489929 0 0.3668155670166016 0.1033507883548737 0.5579350590705872 0.2238906919956207 0.3111892715096474 0 0.1483404338359833 0.4287140592932701 1.144058480858803 0.3180513679981232 0.8383300602436066 1.864781528711319 0.09295085072517395 215.0641389340162 11.50493255257607 8.038360685110092 0 0 0.1271911710500717 3.501013249158859 0.3174336776137352 3.33968049287796 1.432856202125549 0.7499435693025589 0.3509686887264252 0.8171886205673218 0.1074794009327888 0 0.1502766311168671 100.0514440983534 3.623883500695229 0.5829814523458481 1.013579085469246 0.856358639895916 0.3162056505680084 0.2378706932067871 0.7200501561164856 6.94152843952179 11.3730805143714 21.96780146658421 87.31428813934326 27.67808950692415 57.18806619942188 0.2350007817149162 0.840985395014286 0 153.221537925303 8.506619602441788 4.015053316950798 1.457355983555317 3.338703140616417 2.973817802965641 0.2948307022452354 13.8056979700923 6.188360899686813 0 144.3762110099196 124.4376294612885 101.9481934010983 57.29396986216307 3.568045280873775 2.429219290614128 12.9520156905055 0.3053133189678192 2.45685487985611 13.76201681047678 0.6025148034095764 6.913468793034554 4.96533690392971 3.763463348150253 0 2.549977920949459 0 0.2052407115697861 0 0.1953917071223259 0.9379278495907784 0.9452475309371948 1008.387119501829 0.6472100764513016 0 1.055153012275696 53.45071725547314 0.1317693591117859 0.8846797943115234 7.197376996278763 1.721566200256348 0.3472769260406494 207.8153745308518 7.1871108263731 63.67904341965914 123.8322176486254 89.30432119965553 5.409852340817451 280.6215422302485 287.0234595984221 112.2510882243514 18.27308605611324 0.1863639950752258 0.1348466277122498 0 0 0.2604101598262787 0 0 0 0 0 0.2960304021835327 0 0 0 0 0 0 0 0 3.218040987849236 0.137905552983284 0 0 0 9.753190211951733 0 1.789517536759377 0.8303110003471375 0 0 0.4090703427791595 0 0 0 0 0 9.891319021582603 10.68015612661839 1.353730507194996 0.2283664494752884 0 0 0.2061575949192047 0.8381743803620338 1.842500828206539 0 1.665414124727249 5.946206912398338 0.3199959695339203 0 0 1.71433974802494 1.480368494987488 3.018348321318626 1.986737206578255 0.2909359484910965 0 0 0 0 0 87.97590997070074 0.1497923284769058 0 0 0 0.2889681458473206 0 0 6.251698181033134 12.80753257870674 7.071956172585487 0.8644866198301315 0 0 0.3754071891307831 0 0 0 0.1593642383813858 0 0 114.2496183887124 13.72289352118969 11.28863221406937 387.2008845359087 58.65360667556524 486.296253323555 74.95000778138638 243.5639536231756 48.15900404006243 8.300402864813805 70.71476282179356 19.28719019889832 0.7723440527915955 18.19622385501862 0.4587103128433228 48.20817574858665 1.440378472208977 0 2.770886063575745 4.470308005809784 0.3091784119606018
1801.814688786864 1100.53956001997 39.66156101971865 2565.825719043612 643.5627956837416 187.3098915964365 4022.193697191775 10.88390210270882 1111.49101985991 0 39.65199925005436 2099.589322827756 8931.668828077614 749.2329226434231 0.8980287164449692 0 0.1761909276247025 0 0 0.1968804001808167 0 0.6425760388374329 0 0 0.1570161730051041 0.1088958755135536 0 0 0 0 106.524326056242 0.7257898598909378 3.328966438770294 0 0 0.1535989195108414 2.453462384641171 0.4356313943862915 0.3745991289615631 2.120653495192528 0.3169626891613007 0.1018455550074577 0.2278162613511086 0 0 0 19.19031418859959 2.594430834054947 0 0.1237187087535858 0.5325085818767548 1.234435752034187 0 0.5815116167068481 8.426625087857246 8.224282376468182 100.759373255074 139.6937188729644 29.91324257850647 20.46255175024271 0.0912419781088829 0.1454166620969772 0 74.99531228840351 7.572658352553844 2.498100318014622 0.4179572239518166 1.23854885995388 1.149455398321152 0.828725278377533 19.55362142622471 25.97252978384495 1.064736291766167 149.6369846984744 78.97600245475769 18.55147987604141 7.283437252044678 0.1972760260105133 0.5153981745243073 1.940553843975067 0.2279192581772804 0.1196529343724251 14.20809377729893 0.2012290805578232 3.666365526616573 2.80194167047739 2.243641421198845 1.567242026329041 0.7809515595436096 3.463677778840065 0.4399561434984207 0.6331857815384865 0.1179171502590179 0.1027382761240005 0.09371469914913177 1066.148690849543 6.832167267799377 0.4597250074148178 1.613347232341766 440.9867485463619 0 0.9176453202962875 2.546514287590981 10.12231792509556 1.165273681282997 218.8569305241108 7.897872686386108 18.80294110625982 147.7276201844215 43.66130198538303 2.15183612704277 153.0439876616001 111.7749566063285 47.7120453119278 3.221592143177986 0 0 0 0 0 0 0 0 0 0 0.4180302023887634 0 0 0 0 0 0 0.3188032209873199 0 1.390167459845543 0 0 0 0 2.480985373258591 0 0.1438083052635193 0.5258568227291107 0 0 0 0 0 0 0 0.09712596237659454 2.513956665992737 2.200155533850193 0.3256572186946869 0 0 0 0 0 0.1788439303636551 0.2031619623303413 1.315660238265991 1.397569455206394 0 0 0 0.3784332275390625 0.7732691168785095 0.7209795862436295 0.4629247337579727 0 0 0 0 0 0 21.07264747470617 0 0 0 0 0.8871891647577286 0 0 2.775995820760727 4.775746420025826 2.030768282711506 0.1934894919395447 0.2426441013813019 0 0 0 0 0.1014596298336983 0 0 0 38.98362585902214 5.609362229704857 3.35678256303072 240.9280356392264 24.87402899563313 152.9205004796386 10.06058596074581 1620.613235041499 9.12383072078228 1.922367304563522 16.12145564705133 5.310967594385147 0.1418133676052094 5.249526783823967 0 19.95296154916286 0.2620051503181458 0 1.130131304264069 0.5982907861471176 0
476.3635631501675 2099.683159291744 5025.084082096815 10.85800153017044 1642.275046341121 2.884960666298866 106.1978181675076 3163.175253145397 3195.768520705402 39.65199925005436 0 147.3624762669206 753.7811482548714 2480.517135672271 98.3757319226861 21.23897534608841 1.936039835214615 7.509809836745262 0.1416830569505692 4.761890441179276 7.128790758550167 0.3673858642578125 1.007891178131104 1.444232597947121 49.78097851574421 9.664181038737297 14.54648868739605 5.249548450112343 7.519116461277008 2.409868620336056 1168.973727107048 646.844509601593 278.6652827560902 0.3133833259344101 1.777319937944412 37.68977361172438 79.33743094652891 40.16087718307972 35.66297402977943 76.03895653039217 28.01979055255651 11.29547909647226 4.985806375741959 4.280299298465252 0.3482134938240051 0 338.0771581307054 14.17596017569304 4.375039413571358 8.082638628780842 10.42051921784878 0.4635288566350937 1.876968778669834 2.222685784101486 13.1252625733614 16.86285265535116 22.1465777978301 190.3373989388347 47.58331222087145 156.4969996586442 1.940289936959743 5.895906746387482 1.591115429997444 552.7448387816548 23.50347711145878 8.422688156366348 11.78605803102255 18.14717847108841 17.3144022449851 24.50483466684818 90.60305927693844 6.597510069608688 0 266.0936113074422 282.7042554542422 365.9726554825902 325.24800439924 29.92582372575998 95.91847206652164 383.9591613709927 3.990651518106461 33.45162657648325 28.02001450955868 0.7904047071933746 15.57801400125027 11.0733101144433 11.98592387884855 0.3376639783382416 6.918294690549374 0.6183808594942093 1.457844838500023 1.733404293656349 19.54292856901884 16.63309929519892 11.52254435420036 181.5905084386468 8.925408646464348 0.1802948415279388 3.883694842457771 111.9661461263895 0 0.3633052110671997 0 0.2721075117588043 0 22.35947518795729 0.9846704304218292 7.918162934482098 9.900565475225449 6.052616193890572 1.367574565112591 31.66330945491791 41.76299490779638 11.75672467052937 8.307699456810951 0.09234805405139923 0 0 0 0 0 0.2620036154985428 0 0 0.7998994290828705 0.6352963149547577 0 0 0.4315796345472336 0 0.819380596280098 0.2550834715366364 2.524541266262531 0 0.1824469417333603 0.1765177994966507 0 0 0.1796763092279434 7.346771188080311 0 0.2946007326245308 1.06258761882782 0.1266250163316727 0.3978810757398605 0.4142229780554771 0.2279045283794403 0 0.4295095503330231 0 0.2860303893685341 2.373099483549595 3.573153682053089 0.1428338587284088 0 0.2505929172039032 0.2454270347952843 1.868376612663269 0.1051178127527237 1.123284809291363 0 1.316262796521187 2.045981228351593 0 0 0.1631027311086655 2.146468102931976 0.6447559148073196 1.480804413557053 0.5231614038348198 0.08428700268268585 0 0 0.08450129628181458 0 0.66265869140625 43.69289615005255 0.6016214638948441 0 0 0.2583127319812775 0.381408154964447 0 0 2.083424232900143 4.372386299073696 3.173756696283817 0.1356929540634155 0.2992574870586395 0 0 0 0.1775093227624893 0.1915283873677254 0 0 0 26.29269870370626 14.0792244374752 9.261903256177902 748.1393662542105 165.2561226338148 986.2978473380208 186.3139218539 209.9053179174662 127.0543206110597 23.07215896993876 208.3757807835937 15.84380020201206 0.7217063903808594 6.500243172049522 0.5094432160258293 7.238457694649696 0.2172131314873695 0.336403101682663 1.993706226348877 19.46981132030487 0.9039870351552963
58.72494787722826 29.25962845981121 4.421795554459095 94.71097318828106 103.5077456980944 59.70834980905056 192.2704265862703 7.223241806030273 170.0543286800385 2099.589322827756 147.3624762669206 0 3793.513930246234 710.9346741959453 13.50915111601353 5.887673072516918 0.2875793501734734 0.6474498510360718 0 0.1080099865794182 0.2159901559352875 0 0 0 1.941806718707085 0.7033677399158478 0.1102017536759377 0.8899897336959839 0.9835383072495461 0.2248315513134003 14.96770511567593 0.3249321579933167 112.9098185375333 0 0 0.9816440939903259 39.92349819093943 1.267970621585846 13.30562211573124 6.984502956271172 0.8822123557329178 1.080767698585987 0 0.2923557609319687 0 0 41.19659641385078 1.144394464790821 0.5940699055790901 1.412227295339108 0.2113994508981705 1.299101993441582 0 0.2097498923540115 0.8690210431814194 1.978847026824951 20.20492888242006 19.71851729601622 6.928032904863358 10.72368675470352 0 4.159569784998894 0 34.68119816482067 1.341206185519695 0.1719598919153214 0.5314014256000519 1.991369150578976 1.631080843508244 2.494762167334557 205.2152995765209 77.69049974530935 0.8582596629858017 30.56134095788002 24.59115936607122 36.3253216445446 27.56157029420137 4.205448120832443 0.705982618033886 66.29423996061087 0.6355657428503036 1.565566495060921 2.466641843318939 0 0.5276603549718857 1.322708509862423 1.51056757569313 0 0.8573989644646645 0.4196896106004715 0.1477976143360138 0.1908928155899048 0.6773221343755722 0.4086965620517731 1.17759707570076 2565.733366176486 50.65952102839947 0 3.840031400322914 88.41395062208176 1.154993832111359 0.9945603311061859 1.787858247756958 0.943701297044754 1.575673505663872 74.88784189522266 1.438986733555794 26.06368205696344 46.08331184089184 30.04291471838951 1.94874569773674 133.555086389184 165.7121703624725 81.62576756626368 20.52177783101797 0.1344383507966995 0.2769713997840881 0 0 0 0 0 0 0 0 0 0 0 0.1747611314058304 0 0.1390483677387238 0 0.9325213879346848 0 3.619002923369408 0.1474434435367584 0 0 0 16.93249454349279 0 2.974066711962223 0.8090567141771317 0 0.4840505868196487 0 0 0 0 0 0 7.547707512974739 7.951094001531601 1.005657583475113 0.2185917347669601 0 0 0.1582017242908478 0.3643370866775513 2.369593635201454 0.2035172954201698 2.321796245872974 8.46144687384367 0 0 0.418971836566925 5.169229581952095 2.068151444196701 1.531871356070042 1.479308724403381 0.3528775125741959 0.08712694048881531 0 0 0 0 143.8176434412599 2.002145305275917 0.1636857092380524 0 0 0.9559146910905838 0 1.01026676595211 10.09183143079281 20.83646412193775 8.482109226286411 2.333336435258389 0.3786377906799316 0 0.1053461655974388 0 0 0.2393311783671379 0 0 0 133.9830457568169 44.16630682349205 26.79191576689482 275.2644392549992 22.02911260724068 169.8740917891264 34.64981438219547 163.9101906940341 17.79554899036884 2.119708083570004 62.08392783999443 12.9169886931777 1.362976990640163 14.53555969893932 1.018060185015202 17.94774067401886 1.432992972433567 0.3841756880283356 3.538577228784561 3.793376907706261 0.3649312257766724
248.4635558202863 1262.693547837436 243.5136598944664 294.3679907843471 1150.922081530094 77.58706054091454 3629.005286760628 259.3252344354987 1760.131415553391 8931.668828077614 753.7811482548714 3793.513930246234 0 2852.77782099694 57.98802092671394 13.1655225455761 1.219859205186367 1.110395863652229 0 0.8067289367318153 2.263163164258003 0.2532162070274353 0 0 7.033373236656189 4.761206708848476 3.024888545274734 2.929895125329494 3.014043569564819 1.056937463581562 120.8129297569394 17.3173710629344 593.399246327579 0.7286261320114136 0 3.367320202291012 95.37532103806734 6.178940244019032 28.95973631739616 19.74626185745001 5.241986498236656 3.208390936255455 0.7145918905735016 2.339151754975319 0 0.5011130422353745 199.5717750638723 5.287873268127441 2.502575732767582 2.985173963010311 2.626678317785263 0.4327007830142975 0.9826512709259987 1.932887077331543 5.759389504790306 7.924339517951012 32.97731288522482 49.67295811325312 34.59199479222298 69.48219735920429 1.543633066117764 34.78289793431759 0.5412255972623825 143.95405908674 6.763989001512527 3.391809374094009 2.841212496161461 4.432814702391624 5.432189621031284 3.791294381022453 600.6174354255199 66.42815162241459 0.4647106230258942 122.7946131750941 100.3064213246107 191.1712790951133 148.478919737041 13.24829663336277 3.155429929494858 201.5986317247152 2.046317301690578 14.61261327564716 9.226431995630264 0.9641908928751945 7.978111237287521 5.523379437625408 6.115461111068726 0.1274321526288986 1.557236343622208 0.3789181709289551 0.857547402381897 0.4703040271997452 3.656862683594227 3.401461154222488 3.031905516982079 3960.866525605321 29.6724069416523 0.5993779301643372 4.906053148210049 105.9083290994167 1.181239530444145 2.770556882023811 10.77521904557943 2.884098768234253 2.273046277463436 229.0895179882646 10.10579627752304 82.80655858665705 158.1920135617256 103.1174388378859 7.143613338470459 396.878011956811 437.4259466975927 172.5506773814559 42.77957395464182 0 0.461698055267334 0 0 0 0 0.3374970704317093 0 0 0.1566979587078094 0.2705872058868408 0 0 0.114875316619873 0 0 0.1217372789978981 0.9613301455974579 0 3.493356630206108 0.7978937923908234 0 0 0 27.26492639631033 0 7.188606776297092 2.326996020972729 0.3076798766851425 0.3805936276912689 0.2790369093418121 0.2925030216574669 0 0 0 0.1223025768995285 14.10673779994249 18.16381051391363 0.6732356250286102 0.2029189318418503 0 1.1656264513731 0.3030418753623962 0.7607588022947311 2.08235502243042 0.3342078924179077 4.009296670556068 13.44793759286404 0.1583413183689117 0.1490825116634369 0 9.423206940293312 2.710320264101028 4.365260101854801 3.376362346112728 0.2667588889598846 0 0 0 0 0 260.5257079973817 1.084953889250755 0 0 0 1.06800964474678 0.2257427275180817 0.6268207579851151 18.14476099610329 28.70313340425491 19.03266484290361 1.94898571819067 0.6353128999471664 0.8771663680672646 0.6080918684601784 0 0 0 0 0 0 263.4827061593533 60.08071660995483 42.50918561965227 927.7975764498115 100.4869948625565 715.5022060871124 168.0966397970915 319.1364223584533 110.3223246335983 17.75309827923775 225.90159098804 27.21103481948376 0.6331559494137764 26.60970461368561 1.37786091864109 44.19351384788752 5.997660845518112 0.2342543751001358 10.86218357086182 20.47084248065948 1.523258581757545
349.5764158889651 1415.661847487092 725.314630433917 4.531447201967239 903.7477274239063 18.39697451889515 1128.394716635346 960.1597804129124 912.4712461456656 749.2329226434231 2480.517135672271 710.9346741959453 2852.77782099694 0 82.95711890608072 21.92581439763308 1.12397038936615 4.617188386619091 0 5.650227345526218 4.988781690597534 0.5198547095060349 0.3088041171431541 0.8869331926107407 22.47792419791222 9.440190397202969 5.459322012960911 7.469837091863155 6.209379032254219 1.833543598651886 250.7362971901894 61.60188815742731 930.2339057549834 0.5742792934179306 0.138156920671463 23.12595298886299 331.7400221824646 19.43874607235193 86.18956312537193 62.08501958101988 18.5206541121006 8.310374110937119 3.475321032106876 3.324198804795742 2.312694191932678 0.4678920060396194 255.8451373577118 8.401181474328041 2.433185294270515 5.929224751889706 8.076922379434109 1.466881468892097 2.128819741308689 3.450079642236233 8.624864093959332 9.174434125423431 26.674600251019 72.10806819051504 42.52844699472189 83.67337675392628 1.034431666135788 34.31419414281845 0 197.4775027558208 9.045671731233597 4.390979215502739 8.343690618872643 9.549502477049828 14.08647491782904 14.60220595449209 569.0492685958743 44.48092097043991 0.3976892232894897 146.7680782601237 130.9014094471931 236.6879217177629 194.0582175254822 26.88176017999649 16.98471060395241 467.988947533071 2.38057392090559 9.630534626543522 13.85143141448498 0.5654657855629921 8.944023422896862 8.205800749361515 9.031334608793259 0.2760860621929169 3.00635452568531 0 1.069763816893101 1.611693643033504 11.24959971010685 10.14355551451445 11.76620279252529 1509.967388853431 28.89590422809124 0.3746083378791809 11.13314653933048 73.62674361467361 0.431291788816452 0.1305119842290878 5.475918747484684 1.247478291392326 2.234629526734352 115.2608916088939 2.874241769313812 46.34066712856293 79.1258846372366 44.5185486599803 5.574289917945862 197.2348726019263 237.304057687521 96.34839172661304 30.28986163437366 0.245184950530529 0.2423596531152725 0 0 0 0.1071180179715157 0.4053260535001755 0 0 0.6520442068576813 0.5640498548746109 0 0.1728072166442871 0 0 0.5639263093471527 0.6647574827075005 3.242853939533234 0.1127517744898796 3.383928552269936 0.2805864438414574 0 0 0.11454738676548 26.54658940434456 0 5.981348477303982 4.232278719544411 0.2796101570129395 0.130147859454155 0.4463385492563248 0.1263098567724228 0.9744197726249695 0.3013733178377151 0 0 10.67374454438686 15.00611677020788 0.3911553174257278 1.167248666286469 0.172320619225502 0.2685961872339249 1.821637384593487 1.117614082992077 3.349684491753578 0.1080196052789688 3.653096333146095 9.799756363034248 0 0 0 7.97398966550827 1.599300265312195 2.586938500404358 2.388474263250828 0.535802885890007 0.2830658257007599 0.4721281975507736 0 0.1586702316999435 0.3238052725791931 186.1099931895733 1.035943806171417 0 0 0.1353714168071747 0.8952422961592674 0.138010248541832 0.6206643134355545 16.14311964809895 20.85123785585165 16.01553175598383 1.016821794211864 0.9887258857488632 0.4635074138641357 0.5652920305728912 0 0 0 0.09827106446027756 0 0 159.8023576140404 45.85388308763504 32.00313130021095 1069.112103566527 114.5204731822014 872.8474080711603 190.265373468399 233.4344071447849 120.9319910556078 16.7266179099679 242.9865314364433 28.3123661801219 1.173411555588245 21.17492065578699 1.839126154780388 29.44748328626156 3.564366571605206 0.1150374636054039 8.119777835905552 18.61576516181231 2.20196445286274
