0 2170.057600647211 195.3556272760034 302.4851606935263 702.1399198919535 57.51038604974747 643.4875292927027 14.66158144921064 339.289119116962 3633.398924231529 324.5531452819705 646.5864403694868 784.4536572769284 36.28900273144245 1.872537732124329 0 0.1014178022742271 0 0 0 0 0.6957947611808777 0 0 0 0 0 0 0 0 95.38849414139986 1.085436075925827 2.909531742334366 0 0 0 11.65997901558876 0 0 0 0 0.08929950743913651 0 0 0.0972471758723259 0 32.31380074471235 9.643874391913414 0.3559012115001678 0.1375922858715057 0.4006671458482742 0 0 0 11.38338277488947 10.27379322052002 505.7973657920957 1286.405674673617 99.99031154811382 13.87574956566095 0.8536542654037476 1.749714374542236 0 0.4868119582533836 16.51554916799068 10.05914234369993 3.61739706993103 3.379082195460796 0.1658157259225845 0.1267101317644119 141.3065432459116 61.41887439787388 1.010089457035065 206.8897775635123 90.15371093899012 26.22920852899551 0.5390014499425888 0 0 10.11784698069096 0 2.941351890563965 31.73363084346056 0.4327778220176697 16.98680347204208 13.54457354545593 7.644929371774197 2.06690090149641 2.024386532604694 0.7214802801609039 0.3877514526247978 0.2691848427057266 0 0.2707331404089928 0.1085295528173447 174.3871156647801 27.73753091692924 1.34078910946846 0 941.2068207189441 0 1.61962628364563 1.190689086914062 0 0 2.815354079008102 0 0.4108373373746872 2.951993197202682 0 0 2.688203573226929 24.42105548083782 1.282278284430504 0 0 0 0 0 0 0 0 0 0 0 0 0 0 0 0.2534075975418091 0 0 0 0 0 0 0 0 0 0 0.387120246887207 0 0 0 0 0 0 0 0 0 0 0 0 0 0 0 0 0 0 0 0 0 0 0 0.3324637413024902 0 0.4293456673622131 0 0 0 0 0 0 0 0 0 0.2798256576061249 0 0 0 0 0.5607978105545044 0 0 0 0 0 0 0.14956034719944 0 0 0 0 0 0 0 0 0.4854192584753036 0 0 137.6816496253014 14.18305726349354 238.5570160374045 28.39188407361507 1511.978723675013 288.491716183722 9.696701683104038 13.7211652547121 0.4486771523952484 0 0.180829644203186 0.2166686952114105 3.166462197899818 0 0 0.2950410544872284 0.3998058140277863 0
2170.057600647211 0 757.9892056211829 55.63865011930466 1605.032328218222 81.09679134190083 2563.498344361782 89.30364438891411 1672.112562224269 370.3345875218511 1002.878179192543 191.6589791476727 1356.150160714984 1185.709552109241 5.33453930914402 0.6233887746930122 0.6025771945714951 0.1111258342862129 0 0.1277155727148056 0 0.2569478750228882 0 0 0 0.2135567367076874 0 0.4199558049440384 0.1137712597846985 0 2244.162730619311 12.69278298318386 52.77172218263149 0 0 0 127.0915964469314 0 0.1529047191143036 0 1.008185058832169 0 0 0.1522787511348724 0 0.3223576545715332 60.78885707259178 11.18364334851503 0.8176714703440666 0.1488158851861954 0.3245994374155998 0 0.3085908889770508 0.1182446479797363 9.03795387595892 7.727034449577332 167.1123432219028 1935.868174888194 61.81487137824297 15.32090517878532 0.651956781744957 1.56836710870266 0 11.79404537379742 14.68275351822376 8.459426648914814 4.231707468628883 1.801561087369919 0.6618873178958893 1.674106568098068 88.9208899140358 1.061470299959183 0 119.8584857285023 81.61596523970366 39.19531937688589 3.898467749357224 0.1040688753128052 0.2254897505044937 156.1765574514866 0.695454515516758 1.029490359127522 25.66375014185905 0.4796003699302673 13.74493814259768 12.39917201548815 9.096350766718388 0.3644361719489098 0.9280786141753197 0 1.113278314471245 0.8161109015345573 0.1746639311313629 0.1930812671780586 0.5506869629025459 35.89646397531033 0 0 0 977.2800408527255 0.3049797415733337 0.1834449172019958 0.5468951314687729 0 0 3.140813618898392 1.470146477222443 1.307886824011803 0.2947238385677338 1.077395588159561 0.2057409435510635 7.744497880339622 6.790920466184616 5.214682258665562 0.6203234940767288 0.123364232480526 0 0 0 0 0 0 0 0 0 0 0 0 0 0 0 0 0 0 0 0 0 0 0.2355335801839828 0.1750651299953461 1.369208917021751 0.616326630115509 0 0.1334102153778076 0 0 0 0 0 0 0 0.2917154729366302 0.1783315241336823 0 0.1334858536720276 0 0 0 0 0 0 0.3109199553728104 0.160835012793541 0 0 0.1304752230644226 3.353455781936646 0 0 0 0 0 0 0 0 0 0.6637418866157532 0 0 0 0 0.09770633280277252 0 1.384266912937164 0 0 0.5006629675626755 0.2089237719774246 0 0 0 0 0.1248747929930687 0 0.1021385118365288 0 0 6.126901105046272 0 0 50.5205612629652 20.41677431762218 260.0390208363533 36.24187966436148 697.9303678721189 153.7733099162579 7.238825522363186 24.29796274006367 0.9715706557035446 0.3437920436263084 2.355786576867104 0 4.092239826917648 0.1194519549608231 0.1240306794643402 0 0.862570732831955 0.1910343915224075
195.3556272760034 757.9892056211829 0 0.5675997734069824 318.783758699894 0.2215618491172791 283.6399134770036 2844.037433765829 798.2701978906989 14.47417947649956 2030.594813071191 55.39725050330162 554.9800025075674 772.1563270241022 24.73957002907991 6.044778153300285 3.493477761745453 1.551244966685772 1.594320587813854 6.779578030109406 35.54215592890978 0.7470856979489326 0.9168408811092377 9.064246036112309 11.92952238768339 75.89883704483509 15.58479621261358 40.81314864009619 21.67877847701311 9.373057015240192 2912.6736645028 265.0338135063648 210.1977531015873 4.526448644697666 0.1536850035190582 6.825036950409412 260.0209695771337 2.532953538000584 8.40392266958952 12.57842043042183 66.55744921416044 40.97193437814713 8.720040574669838 1.968559890985489 4.603611402213573 7.962971292436123 75.28591068834066 10.07560878247023 3.183006696403027 5.370930157601833 9.316242463886738 4.290796674787998 3.114859253168106 8.0712815746665 10.35372765362263 8.888723082840443 127.1601985022426 1486.027794234455 52.88384716212749 13.34147166460752 61.18690205365419 22.16419549286366 4.336658641695976 137.1198914721608 16.33501330018044 8.760894067585468 6.095981746912003 12.25663845986128 37.70613487809896 118.3470619022846 113.0886078476906 7.963762506842613 0 89.82122626155615 156.74274918437 54.51612382382154 15.952840924263 8.951870240271091 79.60687904059887 1520.880518384278 39.31637239456177 378.0490325763822 23.78721689432859 0 13.58348951488733 12.52263353019953 17.61239616572857 0.4916419684886932 3.072020947933197 0.4083733037114143 15.40605121105909 5.317216172814369 42.60152589529753 20.05123264342546 28.4661238566041 72.13265004009008 5.999025218188763 0 1.219326294958591 322.9586012214422 0 0.1265595406293869 0.6799719333648682 0 0.1593818366527557 0.8127807080745697 0.3320224285125732 0.8253141641616821 0.2106920182704926 0 0.2356170266866684 3.552645117044449 0.915096715092659 1.600296273827553 2.337116777896881 0.2868738770484924 0.1444833427667618 0 0 0 0 0 0.2630452215671539 0 0 0.2523987293243408 0 0.1269446760416031 0.1426992118358612 0.6706854403018951 0.1310712993144989 0.1362576931715012 0.119379349052906 0 0.1288862526416779 0.3331699371337891 0 0.2174418717622757 0.3652565479278564 2.046246141195297 1.670145384967327 1.616547346115112 0.4458541721105576 0.7098800167441368 0 0 1.054255217313766 0.08800631761550903 0 0 0 0 0.6281876415014267 0 0.2292575985193253 0.1472116559743881 0.2730788290500641 0.8355042338371277 0 0 0 0.09013373404741287 0.2732531130313873 0 0 0.581581637263298 5.228205405175686 0 0 0.1694809049367905 0 0 0 0 0.1606805473566055 0 0.9227929413318634 0 0 0 2.010876096785069 0.9777395725250244 0.1819721013307571 1.705657191574574 0 0.4241136312484741 0.1172294467687607 0 0 0.264124222099781 0 0 0.1234101876616478 0.2502294108271599 0.5408498793840408 0 0 4.947049036622047 0.3381167948246002 0.6826307475566864 58.44676070660353 37.8391530290246 204.4411681294441 45.82785958051682 88.10321673005819 110.598051391542 10.00742541253567 37.67737713456154 1.659134969115257 0 2.973463729023933 0.5440345257520676 1.38838204741478 0 0 1.480768978595734 3.814405597746372 0
302.4851606935263 55.63865011930466 0.5675997734069824 0 7.438831895589828 109.3045735061169 265.1157993972301 0 47.37062472105026 504.2343946844339 1.597749270498753 253.2010535895824 470.6478765308857 24.82213389873505 0.8921009302139282 0 0 0 0 0 0 0 0 0 0 0 0 0.1282599270343781 0 0 2.579966500401497 0 0 0 0 0 10.44895613193512 0 0 0 0 0 0 0 0 0 8.696438796818256 0.4736039340496063 0 0 0 0 0 0 1.230429440736771 0.6673733294010162 18.16173408180475 45.92585936188698 6.756842993199825 2.418946482241154 0 0 0 1.016667664051056 1.547024302184582 1.158796727657318 0.3662043213844299 0.2478617280721664 0 0 250.438346683979 0 0 12.37442920356989 7.173023037612438 4.972260817885399 0.1630348861217499 0 0 0.1055866554379463 0 0 1.730978384613991 0 2.689797677099705 1.003418512642384 0.7715798765420914 0 0 0 0.09378965944051743 0 0 0 0 14.10266172885895 0 0 0 71.59115624427795 0 0.5159028768539429 0 0 0.259220153093338 1.129913479089737 0 0.4356718063354492 2.575137853622437 0 0 1.964510232210159 6.48112116754055 0.2740469574928284 0 0 0 0 0 0 0 0 0 0 0 0 0 0 0 0 0 0 0 0 0 0 0 0 0 0 0 0 0 0 0 0 0 0 0 0 0 0 0 0 0 0 0 0 0 0 0 0 0 0 0 0 0.7006960958242416 0 0 0 0 0 0 0 0 0 0 0 0 0 0 0 0 0 0 0 0 0 0 0 0 0 0 0 0 0 0 0.3882230669260025 0 0 10.91421449184418 2.202992685139179 37.34403812885284 4.455738611519337 338.2911189347506 16.48611880838871 0.7983086183667183 0.5918902829289436 0 0 0 0 1.165950775146484 0 0 0 0 0
702.1399198919535 1605.032328218222 318.783758699894 7.438831895589828 0 6.783934608101845 983.9016559571028 65.09814295172691 1594.909035354853 71.3874734416604 570.6425294727087 54.96519084274769 4554.681826591492 1039.973949342966 8.317467659711838 0.7952559590339661 0.6749243885278702 0 0.2725677043199539 0 0 0 0 0 0 0 0.5108067989349365 0.4425242394208908 1.041172116994858 0.1123695522546768 314.2278764769435 21.74029885232449 25.88683439791203 0 0 0.2243209928274155 41.72076053917408 0 0 0 0.2359342500567436 0.175053134560585 0 0.4697481393814087 0 0.2032077684998512 73.53998661786318 10.07805050909519 1.143019340932369 0.3917357623577118 0.2125485837459564 0.5976815521717072 0.1742323935031891 0.2419890910387039 5.404703333973885 4.804604209959507 51.03324150294065 222.1797205284238 25.51108272373676 16.64305105060339 0.6764818355441093 1.164339333772659 0 13.7903516292572 10.33196424692869 6.899331010878086 3.024547912180424 2.084708079695702 1.222679235041142 0.4276309162378311 29.1795407012105 1.710520133376122 0 54.57009328901768 41.56237391382456 39.36402873694897 5.900971852242947 1.730840384960175 0.5098580569028854 65.13057156652212 0.6763909235596657 0.7612441629171371 15.00722765922546 0.711828388273716 11.23655468970537 8.082558061927557 7.809811271727085 0 1.730784349143505 0.09692982584238052 0.4664822220802307 0.6251137405633926 0.3988917395472527 0.217830054461956 0.6992645114660263 50.9076244533062 0 0 0.1342020928859711 119.0055245161057 0 0 0.7024356126785278 0.938533216714859 0 6.065706178545952 0.5730579793453217 4.730805248022079 6.978073313832283 3.8944983035326 0.2120052874088287 25.9955518245697 13.19410327076912 11.508161008358 6.408468797802925 0 0 0 0 0 0 0 0 0 0 0 0 0.1114329546689987 0 0 0 0 0 0 0.7294435501098633 1.016637206077576 0 0 0 1.030139565467834 2.663266822695732 0.3694467544555664 0 0 0 0 0 0 0 0 0 0.1702398359775543 0.7882004976272583 0 0 0 0 0 0 0 0 0 0.5170218944549561 0 0.8054971247911453 0.366062119603157 5.186864167451859 0 0 0 0.07957906275987625 0 0 0 0 0 1.587693646550179 0 0 0 0.3248582184314728 1.020921841263771 0.5866524577140808 1.041563287377357 0 0.6003647148609161 1.264503747224808 0 0 0.1220113858580589 0 0 0 0 0 0 0 12.12825044989586 0 0 70.43243581801653 22.58703607320786 212.3390744701028 48.00882987678051 117.3666784092784 58.89338597655296 8.937173791229725 34.16357155889273 2.671020597219467 0 1.933890871703625 0.09821268916130066 5.428012490272522 0.5958529114723206 0 0.269205629825592 1.431308977305889 0
57.51038604974747 81.09679134190083 0.2215618491172791 109.3045735061169 6.783934608101845 0 77.58154489099979 0.7944108843803406 36.17943542450666 757.9178930968046 7.035803318023682 207.5485318228602 225.0812512412667 19.13695308566093 0 0 0 0 0 0 0 1.543479934334755 0 0 0 0 0 0 0 0 3.456099003553391 0 12.1916831433773 0 0 0 8.893634080886841 0.4639852344989777 0 0 0 0 0 0 0 0 0.6294719055294991 0.08845045417547226 0 0 0 7.504762023687363 4.993744105100632 0 0 0.1807493567466736 86.35291557013988 19.90989849716425 0.2540087997913361 0 3.318590074777603 4.843322813510895 0 0.3409566581249237 0.1896674111485481 0 0.2883608043193817 0 0 0 137.3101019114256 247.8650779873133 13.22889673709869 1.532983176410198 0.9998653680086136 0.3971336483955383 0 0 0 3.89259161055088 0 11.22942608594894 0 2.079208955168724 0 1.719610393047333 0 10.651969358325 8.718677818775177 15.48851348459721 0.3908394277095795 2.887825712561607 0 0 0 204.0172085464001 85.45448955893517 34.34368520975113 1.497696563601494 448.0015455782413 0 0.7021324634552002 0 0 0 1.795006632804871 0.9290631413459778 1.082469210028648 1.984681695699692 3.883231341838837 0 1.847295880317688 6.441184058785439 3.088066458702087 0.1763960421085358 0.1474707573652267 0 0 0.2772158980369568 0 0 0 0 0 0 0 0 0 0.4474892020225525 0 0 0 0 0.4337849020957947 0 0 0 0.284729927778244 1.264614105224609 1.944439277052879 3.116020485758781 1.848297968506813 1.234324559569359 0.4741569459438324 0 0 0 0 0 0.4040082097053528 0 0.1080620586872101 0.7958892732858658 0 0 0 0 0.2578383982181549 0 0 0 0 0 0 0 2.723679795861244 1.830948635935783 0 0 0 0.1498716473579407 0 0.418923944234848 0 0 0 0 3.501326948404312 0 0 0 0 0 0.4340777099132538 0 0.1577012240886688 0 0.1613081246614456 0 0 0 0 0 0 0 0 0 0.6746637523174286 2.527827143669128 0.6888321936130524 102.0665739998221 1.509352639317513 2.440002791583538 0.4260527417063713 162.2056783884764 0.7914258241653442 0 0 0.8807556927204132 0 0.7922776341438293 0.1321544498205185 4.435882866382599 0 0.4355999231338501 0 0 0
643.4875292927027 2563.498344361782 283.6399134770036 265.1157993972301 983.9016559571028 77.58154489099979 0 18.82238757610321 1304.892475344241 1346.42602019757 524.2281223386526 173.6020617932081 868.615876801312 152.7670301496983 23.67726099491119 1.630316831171513 0.09549913555383682 0.2450869828462601 0.5513650849461555 0.2159850746393204 0.2707923650741577 0 0 0 0.1220871657133102 0.2154754847288132 0 0.6895178854465485 0.3791351243853569 0 174.6089838221669 22.91443095356226 0.9528471678495407 0.1326374858617783 0 0 1.336198471486568 0 0.6155324652791023 0 0.8385643661022186 0.2099494934082031 0.1397745162248611 0.1664012968540192 0.3381194621324539 0.9988487213850021 185.7445583865047 20.12032625824213 0.8648766055703163 0.2421756908297539 0.5844329670071602 0.1506179124116898 0 0 11.21362131088972 10.78376722335815 113.9166596531868 339.2296131700277 65.55973189324141 49.86463730037212 0.578866995871067 0.5310115665197372 0.47589311003685 39.33368929475546 23.74033673107624 16.57004141807556 5.290109802037477 6.86001568287611 3.113775506615639 0.4872117340564728 63.47542943805456 2.675230011343956 0.09812642633914948 155.6672101914883 96.63649766892195 108.9197711497545 11.94051283597946 1.893923692405224 0.2313889116048813 5.353640139102936 1.043215781450272 1.420682370662689 40.04187206178904 0.6819196343421936 27.75994398444891 20.08226320892572 17.13075279444456 0 3.181942634284496 0.5113561525940895 2.23682165145874 0.6138028651475906 1.352063797414303 0.398580826818943 0.9782344251871109 128.6549637243152 1.103990077972412 0 0.3369090259075165 77.35049007087946 0.3606124222278595 0.2511056661605835 4.322363674640656 0.4893633425235748 2.719965845346451 15.93438352644444 0.3315180540084839 7.581949546933174 11.38865576684475 12.95234550535679 0.5481930375099182 42.56088705360889 27.5560484752059 23.13272754848003 6.110443487763405 0.5234242081642151 0 0 0.2750225067138672 0 0 0 0 0 0 0.1400399655103683 0 0 0 0 0 0 0 0 2.035003155469894 2.056489557027817 0 0 0 0.3364397883415222 3.37535060942173 0.2394028455018997 0.1345566809177399 0 0 0 0 0 0 0 0 0.5666873753070831 0.7445554435253143 0 0 0 0 0 0 0 0.1237588748335838 0.3137056231498718 1.478371113538742 0 0.1777867674827576 1.466086216270924 16.34081454575062 0.4322234839200974 0 0 0 0.4047644138336182 0.09931197017431259 0 0 0 3.24285477399826 0 0 0 0.2719253152608871 4.380858764052391 0 2.964371502399445 0.1956916302442551 0.3286227732896805 0 0.1000077426433563 0.1730277389287949 0.1371445059776306 0 0 0 0 0 0 0.119701974093914 19.7433674633503 0.7537799775600433 0 193.9707834199071 47.83358718454838 631.9945088326931 110.5367625504732 530.2366630509496 150.6034783944488 21.71290056407452 83.67829579114914 9.00480230897665 0.5111774802207947 4.273832328617573 0.1227257624268532 22.71583205461502 0.5936511605978012 0 2.305649653077126 2.69992358982563 0
14.66158144921064 89.30364438891411 2844.037433765829 0 65.09814295172691 0.7944108843803406 18.82238757610321 0 224.9081831946969 1.175795257091522 956.0128475129604 61.41614846885204 610.4700045660138 2521.057345479727 58.58202358335257 10.72548706829548 7.564032167196274 2.125857502222061 3.373762488365173 17.26955462992191 87.70756538212299 2.453552648425102 1.550740115344524 33.53222842514515 34.4962709620595 181.7467179968953 43.70760959386826 74.66690369695425 66.34539744257927 31.83897700160742 283.2125395014882 1854.474883459508 619.1293444409966 9.382742069661617 1.358645841479301 27.03642467409372 440.1072385832667 8.634487196803093 22.02392502129078 36.72914391756058 129.0157705023885 97.14359702914953 17.25836174935102 17.46064339578152 16.37258933484554 24.98659473657608 168.2575382068753 6.345475509762764 1.925791904330254 13.42180668562651 15.9189200475812 8.354029662907124 12.2594181150198 19.61928851157427 2.04184065759182 2.662064462900162 33.84709089249372 97.58223863691092 22.37888756394386 22.13390520960093 301.0898678600788 91.52199628949165 14.28323259949684 246.8536897599697 6.363385125994682 6.083354130387306 6.587547279894352 12.60197408497334 61.85153184831142 222.6133699715137 180.0538529753685 20.02484321594238 0.1447325050830841 63.25891626626253 48.29131229966879 113.6555401682854 66.90925090759993 88.28569861501455 887.5666500777006 3103.907450459898 371.0460797101259 3690.340425498784 9.50956579297781 0.5467509105801582 7.991906203329563 6.208621598780155 23.74036039412022 0.1141036599874496 9.159355834126472 0.8377138525247574 27.08539964258671 13.00564245134592 82.83968280255795 41.34756679087877 53.98256015777588 217.5298623517156 8.524910598993301 0.4884159117937088 3.963642790913582 8.397916883230209 0.4043820798397064 0 0.2474272102117538 0 0.3915011882781982 2.268866777420044 0.5000446438789368 0 0.4018625617027283 1.122471988201141 0.195471853017807 7.546227037906647 5.496560201048851 4.515353120863438 3.271534368395805 0.6138777732849121 0 0 0 0 0 0 0 0.1856177449226379 0.2216771990060806 1.596501067280769 0 0.4923098087310791 0 0.5488526821136475 0 0.3134006857872009 1.251115255057812 0 1.13562348484993 0.4177625477313995 0.2309684231877327 0.4959208145737648 0.1288445591926575 3.954050816595554 6.93085853010416 5.562330819666386 0.9118783473968506 0.9609001725912094 0 0.3035812377929688 0.5327229350805283 0.139361098408699 0 0.2646079435944557 0 0 2.442233040928841 0 1.652328222990036 0.1543009579181671 0.4694781899452209 2.733367793262005 0 0 0 0.2562049031257629 0 0 0 1.274177119135857 14.02929079532623 0.6493384763598442 0.2002191543579102 0 0.143646240234375 0.1167074367403984 0.09239989519119263 0 0.2886586934328079 0 3.74645434319973 0.901274710893631 0.3133479356765747 0.1178763285279274 1.274249166250229 1.356296822428703 0 2.941434010863304 0.6605408787727356 0.4556631445884705 0.08798668533563614 0.1463385075330734 0.1888134852051735 0.8294459879398346 0 0 0.3529804348945618 0 0.09276966005563736 0.1547737866640091 0 10.01861983537674 0.5164048075675964 0.6878732591867447 178.4379590749741 50.58518961817026 292.1961545199156 101.4231586456299 26.13204399496317 40.29168038070202 12.18122125416994 114.09811129421 8.837058514356613 0.1611990928649902 5.370382763445377 1.022276073694229 4.671944744884968 0.7663874626159668 0.4583221077919006 2.11187182366848 4.36371386051178 0.7217820882797241
339.289119116962 1672.112562224269 798.2701978906989 47.37062472105026 1594.909035354853 36.17943542450666 1304.892475344241 224.9081831946969 0 256.5378392487764 1127.95566239953 394.9016728401184 6502.423851728439 1186.05134382844 45.21439424157143 3.289051279425621 1.647627666592598 0.1221116557717323 0.112386517226696 0.3464600220322609 0.4286795854568481 0 0 0.09795204550027847 0.3232035934925079 0.8360805809497833 0.1246564313769341 1.91496928781271 2.646210387349129 0 259.3795692548156 62.91973029822111 12.50776097178459 0.2543759942054749 0.1123920530080795 0 85.97999882698059 0.08070091158151627 2.762123242020607 0.1706811338663101 1.213075093924999 1.680954121053219 0 0.8703506588935852 0.5686540827155113 1.007479198276997 304.329078771174 25.53956729918718 1.575270429253578 0.407816469669342 1.133272483944893 0.6355739682912827 0.1946681141853333 0.8079902082681656 15.50547004491091 11.59731237590313 124.3272378519177 307.4755238592625 76.65167163312435 71.63278737664223 1.994427047669888 0.3663511723279953 0 59.4851588010788 25.12380111217499 20.62585148587823 7.571022421121597 7.509552516043186 3.490544997155666 1.022158458828926 300.5374951213598 13.09607169032097 0 195.7849959135056 121.4444269835949 189.6785998269916 21.17552082240582 5.405209697782993 0.7827935963869095 81.42112921923399 1.424923792481422 2.861949183046818 39.9198636636138 1.39466156065464 27.36941564083099 20.93912794068456 21.72489442676306 0.3546358048915863 4.582235373556614 0.4308526515960693 3.455661155283451 1.950252406299114 1.564504414796829 0.8025103360414505 4.636887520551682 401.4381822422147 3.11489775031805 0 0.8618951663374901 57.73749805241823 0.291852131485939 5.030552729964256 14.00331020355225 1.353765070438385 4.03832346200943 57.90420304238796 5.420018687844276 20.95170050114393 22.80625952035189 35.47757330536842 2.820398107171059 172.1788243427873 89.19247022271156 96.41415603458881 38.52527542412281 0.8476858586072922 0.2891713976860046 0 0 0 0 0 0 0 0 0 0 0.4401150047779083 0.6595341265201569 0 0 0 0.1662074029445648 0 8.66736002266407 3.997733429074287 0 0.1090268790721893 0.7689234167337418 6.189731299877167 13.71284747123718 6.85951679199934 0.5376299321651459 0.1976437121629715 0 0 0 0.2200234532356262 0 0 0 1.478131502866745 6.126992017030716 0.2065044939517975 0.1327987015247345 0 0.4212916344404221 0 0 0 0.1342634707689285 0.9644780158996582 1.121215507388115 0.4776041805744171 0 1.985342144966125 63.11013424396515 1.51114296913147 0.3759002387523651 0.9713813066482544 0.1206323727965355 0 0 0 0 0.1380381882190704 12.36222076416016 0.6328845024108887 0 0.1160702109336853 0.553251601755619 12.75798997282982 1.791968271136284 13.7667890265584 0.8246812373399734 2.32096329331398 4.652085483074188 1.179843634366989 0 0.2401320040225983 0.1378337442874908 0 0 0.2795341312885284 0.115856446325779 0 0 100.141496732831 3.864563256502151 0.4683951884508133 405.2654331922531 80.97936291247606 898.8382874503732 220.2629697844386 392.4173142984509 170.9705070108175 30.68353233486414 244.808584317565 21.08249136060476 1.402427360415459 25.85419188439846 2.270080901682377 67.9891943782568 4.10871484875679 0 6.419963389635086 7.130726136267185 0.6804595589637756
3633.398924231529 370.3345875218511 14.47417947649956 504.2343946844339 71.3874734416604 757.9178930968046 1346.42602019757 1.175795257091522 256.5378392487764 0 5.209152013063431 1708.651025891304 3116.638994038105 222.4278622344136 8.644295923411846 0.1467894613742828 0 0.1427285820245743 0 0 0 0 0 0 0 0.1130203232169151 0.08874102681875229 0.2329637706279755 0 0 28.81085562705994 1.967804200947285 32.1681587100029 0.1161083430051804 0 0 93.68253421038389 0 0.5913169458508492 0 0.1728930622339249 0.2095382809638977 0 0 0 0.1120592430233955 81.62783551216125 10.77399744838476 0 0 0.2137592732906342 0 0.3974329233169556 0 6.475001953542233 7.213186666369438 130.9034951925278 244.6311622783542 42.42157555371523 21.37526550143957 0.1504810154438019 0 0 11.25289581716061 14.10363388806581 7.750729165971279 2.839896775782108 1.864341005682945 0.6546716392040253 0.5211724191904068 5251.116836078465 5.715817540884018 0.2357719540596008 110.9090500995517 51.67652076482773 53.12052717059851 3.936961807310581 0.2542538642883301 0.3277314826846123 19.69636445492506 0.284978948533535 0.7441372349858284 22.10787592083216 0.2728335931897163 14.41972910612822 11.44261675328016 7.490615293383598 0.242500938475132 1.859578274190426 0.3841738402843475 0.7314248085021973 0.3965773805975914 0 0.4372677654027939 0.6211004480719566 479.2247582376003 11.97064480185509 0 0 618.3581016212702 0.5991365909576416 2.217438742518425 6.979807212948799 0.9430480599403381 2.242463961243629 36.04354007542133 4.824657887220383 11.09542898833752 40.83652018010616 31.72593815624714 0.8903813362121582 73.6124080568552 48.82893905043602 95.77934716641903 10.56932175159454 0.4529620856046677 0 0 0 0 0 0 0 0 0 0 0 0 0 0 0 0 0 0 1.784636840224266 1.684751987457275 0 0 0 1.186862409114838 2.361503779888153 0.848049983382225 0.1902840137481689 0 0 0 0 0 0 0.2365501374006271 0 0.5686180740594864 1.972559750080109 0 0 0 0 0 0.3497455269098282 0.289820671081543 0.1425815373659134 0.4092468321323395 0.7508976310491562 0 0.1109188050031662 0.4019418954849243 11.63826197385788 0.4853129833936691 0.1516402512788773 0.3392824679613113 0 0 0 0 0 0 5.532749980688095 0.3738736212253571 0 0 0.1689359694719315 2.741343140602112 0 3.026209324598312 0.7198222726583481 0.9135341942310333 1.015904255211353 0 0 0.490707591176033 0 0 0 0.1206687912344933 0 0 0 56.28666536509991 0.3531269729137421 0 343.6031398773193 21.23349932581186 379.5593024119735 42.30787628144026 2270.970908366144 110.222725994885 10.0852257758379 40.51997298747301 5.889911666512489 0.9872642755508423 10.63584773242474 0 46.53501737117767 0.4138337448239326 0 3.076048478484154 1.448090434074402 0
324.5531452819705 1002.878179192543 2030.594813071191 1.597749270498753 570.6425294727087 7.035803318023682 524.2281223386526 956.0128475129604 1127.95566239953 5.209152013063431 0 69.32084335386753 3253.03818372637 4501.329637035728 30.1498309224844 3.248035535216331 1.448285803198814 0.4700499549508095 0.3838125318288803 0.1181997358798981 1.823763057589531 0.8726195096969604 0.4426844716072083 0.9770882651209831 0.5317004323005676 5.714221186935902 0.7801123857498169 1.909207224845886 7.870436295866966 1.488456055521965 401.8066896870732 243.5409878268838 390.1567630842328 0.4273804575204849 0 0.8590552657842636 818.3477534130216 0.6973660290241241 6.776922799646854 3.898082405328751 4.539224207401276 6.599339067935944 0.2519156187772751 1.2796990275383 0.569381058216095 0.6713946461677551 185.6588608697057 15.24076889455318 1.068996876478195 0.4939868301153183 0.751428097486496 1.352554678916931 3.72015056014061 2.911520972847939 6.01996598392725 8.837345667183399 73.51312118023634 273.7103267759085 43.07478984445333 34.66521411389112 2.320697218179703 46.11378987133503 0 52.79338529706001 17.45863186195493 13.07022535055876 5.542564012110233 4.591219674795866 2.164852023124695 4.944197878241539 204.8467572405934 6.707870960235596 0.1264972239732742 109.5309525728226 76.15460366755724 107.611800186336 19.61117728799582 5.320118211209774 12.49894174188375 1628.371250830591 3.232361152768135 21.35125434398651 22.94960304349661 0.9331743717193604 15.15693248808384 13.34487065672874 12.22407513484359 0.1600932404398918 3.076723538339138 0.6226714253425598 2.830186106264591 1.852444604039192 4.507976472377777 2.630121767520905 7.832867972552776 143.4351960346103 1.815447807312012 0 1.887220524251461 74.5016961991787 0 0.9378868937492371 2.758075267076492 1.013206660747528 0.3883442580699921 5.717296943068504 0.1961988508701324 4.321187525987625 1.655776530504227 2.540065079927444 0.2903284430503845 17.59722708165646 11.38881616294384 13.09157808125019 7.243824124336243 0.4850828051567078 0 0 0 0 0 0 0 0 0 0 0 0 0.2615689337253571 0 0 0.5463906973600388 0 0.1175760626792908 1.043337166309357 0.6198354363441467 0 0.1054682955145836 0.1452405601739883 1.749817065894604 4.513741165399551 2.665034413337708 0.7135713174939156 0 0 0.1713410466909409 0 0 0 0.3145152926445007 0 0.8472725749015808 1.250269919633865 0 0 0 0.4646483510732651 0.2284031808376312 0.1872774809598923 0 0 0.2654226124286652 0.3226247429847717 0 0 1.337759174406528 11.14463609457016 0.256044790148735 0 0.2430934756994247 0.136559322476387 0.08123350888490677 0.2105468213558197 0 0 0.2739894092082977 1.915169969201088 0 0 0 0.5461993515491486 2.211610734462738 0.6981120109558105 2.63222961127758 0.4602203071117401 0.4736683517694473 0.1167492344975471 0.1785352975130081 0.1069903373718262 0 0 0 0 0.1057900339365005 0 0 0 17.56188806891441 1.026684373617172 0.4059575796127319 188.1662078499794 57.45685424655676 437.7339828833938 118.1051729768515 103.7594524174929 88.70545849204063 18.841264359653 116.1104923784733 5.161783702671528 0.6834344193339348 5.752478025853634 0.09794188290834427 13.11190807819366 0.7749907374382019 0.1774559020996094 2.181159801781178 4.793933413922787 0.1407485157251358
646.5864403694868 191.6589791476727 55.39725050330162 253.2010535895824 54.96519084274769 207.5485318228602 173.6020617932081 61.41614846885204 394.9016728401184 1708.651025891304 69.32084335386753 0 1558.252780802548 189.6868729740381 20.76951212435961 4.043329827487469 1.132037170231342 0 0.3145280182361603 0.545895129442215 0.9207373559474945 5.354207634925842 0.141154557466507 0.3887524008750916 1.750486843287945 8.293959200382233 1.057987302541733 4.911013662815094 10.42962554097176 1.328517347574234 6.853208743035793 8.56449893862009 48.94697217643261 0 0 1.051961109042168 246.3986631855369 0.8678717315196991 8.799822717905045 2.285347998142242 5.823682449758053 7.221301198005676 0 1.30087748914957 0.3513224944472313 1.036166459321976 63.50558558106422 1.620533332228661 1.012506283819675 0.5209086537361145 0.5117045417428017 7.020526200532913 9.849722072482109 3.133220374584198 1.445482552051544 0.7617286816239357 21.77843302488327 36.92228825390339 10.44407714158297 7.3435447961092 3.071416713297367 9.527408838272095 1.619938090443611 8.888523705303669 2.305954471230507 1.849338062107563 1.817169800400734 1.369488105177879 1.084477044641972 4.633167132735252 2881.03616399318 74.51844245195389 0 30.19305393099785 16.15301021188498 35.91012192517519 9.461601190268993 5.167898550629616 0.4248899146914482 88.2771949917078 1.256755381822586 4.401867419481277 4.707219831645489 0 1.956039756536484 2.341073587536812 3.301373407244682 0.3155892342329025 2.107096672058105 0.8180789798498154 2.52514673769474 4.703814134001732 2.385598689317703 2.625959865748882 7.740572229027748 1741.889688745141 30.8516910225153 2.701230630278587 2.509820446372032 68.90372470021248 2.780715361237526 2.415173426270485 8.099114403128624 1.164581149816513 5.318981811404228 50.35433165729046 6.427011519670486 16.11016543209553 18.85846938192844 34.97054086625576 2.879189848899841 143.544809885323 78.45814933627844 102.2257972732186 42.58451052010059 1.440416865050793 0 0 0 0 0 0 0 0.806748241186142 0.1518102735280991 0 0 0.257719874382019 0.1310535222291946 0.5397292673587799 0 0.6406488418579102 0.1997202634811401 0 13.26615490019321 3.502808824181557 0.2160353064537048 1.206388473510742 0.6147194877266884 13.05752156674862 20.43957279622555 13.23860709369183 1.020666465163231 0.9310192316770554 0 0 0 0.1581491827964783 0.3085076510906219 0.4255228489637375 0 1.988356150686741 4.175288699567318 0.9664964377880096 0 0 0.2755745649337769 0.9206417351961136 0 0.511968582868576 0.2945128530263901 1.51240449398756 2.332708194851875 1.196394801139832 0 4.794460982084274 71.49667786061764 1.9572519287467 2.186374790966511 0.6503686606884003 0 0.2514467537403107 0.09485410153865814 0 0 0.2662875354290009 16.6341989338398 2.862502053380013 0 0.1020738855004311 0 15.75794717669487 0.1582411825656891 11.31937807798386 1.356757238507271 4.184207424521446 1.972048304975033 1.536533698439598 0.7819077894091606 0.2143656611442566 0 0 0 0.2789553925395012 0.3704376071691513 0 0 118.3566713184118 8.375221192836761 1.652671828866005 233.7923369854689 17.90977431088686 164.5285400673747 42.6185030862689 492.6160187646747 31.72520940005779 4.71870630979538 104.7559781074524 21.84999207407236 0.8990105092525482 25.09888473898172 2.029026500880718 63.96878150105476 0.5291446447372437 0 8.234398871660233 4.879508212208748 0
784.4536572769284 1356.150160714984 554.9800025075674 470.6478765308857 4554.681826591492 225.0812512412667 868.615876801312 610.4700045660138 6502.423851728439 3116.638994038105 3253.03818372637 1558.252780802548 0 1125.912589386106 81.54866532981396 8.856753379106522 3.302097581326962 0.8341565728187561 0.108516551554203 2.110376574099064 3.105297960340977 1.840704813599586 1.019236318767071 1.130218200385571 2.315606459975243 11.52516370266676 3.06182798743248 8.007181383669376 8.812937580049038 0.7579124867916107 117.3334065303206 69.90310233086348 29.12092490494251 0.5028814375400543 0.4255285561084747 1.065989948809147 28.41027872264385 0.9242316782474518 5.080010868608952 2.094941265881062 8.848911985754967 8.940068155527115 0.7145739495754242 3.254824869334698 0.4292542487382889 0.7490938231348991 368.2822011634707 19.11132959276438 2.325467467308044 1.31646591424942 1.832945615053177 3.214589230716228 3.445872537791729 3.516339272260666 9.930261321365833 8.956607013940811 96.73737483471632 172.737279959023 68.44586805254221 66.3860052973032 5.147515214979649 5.068426042795181 1.837479069828987 62.18830607831478 19.60772467404604 14.55474404618144 5.637590676546097 8.497262626886368 3.921689786016941 8.440750494599342 769.5816105082631 51.1513138115406 0 160.1990296244621 89.64514467120171 221.5783534124494 39.43434993177652 14.37331180274487 2.314058914780617 115.0583197399974 2.380780950188637 18.07524518668652 25.54940122365952 1.740427866578102 23.38496771454811 18.58319038152695 18.73642857372761 0.3062111437320709 4.233969859778881 0.4509980455040932 6.273981340229511 4.471864797174931 6.130321107804775 5.467720448970795 11.78031735867262 2249.8953377828 12.56767120957375 0.5779188275337219 1.303307592868805 79.90701670199633 3.876854665577412 7.41529256105423 24.87543065845966 3.419251978397369 16.74075078964233 144.3849928751588 11.61122041940689 51.31069172173738 49.68982800096273 87.79253546893597 4.357217893004417 382.8913606032729 226.3122707679868 224.4357389435172 90.79349979013205 3.585591770708561 0.174808070063591 0.1360422074794769 0 0 0 0.7304695099592209 0 0 0 0 0 0 0 0.3216366320848465 0.1075307130813599 0.3720783889293671 0 0 21.4757189899683 6.341682210564613 0.2273899242281914 2.072138912975788 0.1736187040805817 17.88420124351978 35.87416264414787 20.61680655926466 1.801941819489002 0.2475590631365776 0.1489834487438202 0.9334435760974884 0 0.1416683197021484 0.4988863319158554 0.9510172456502914 0 2.221070297062397 13.48304533958435 0.5059153586626053 1.010014273226261 0.1342897564172745 0 0.7084082365036011 0.2982781305909157 1.251532420516014 0.1183133944869041 3.341221190989017 6.917880415916443 0.164279967546463 0.1153416037559509 8.55184430629015 171.5324232876301 3.522061347961426 1.714276939630508 1.593196749687195 0.5502946004271507 0.8980965241789818 0.2793150842189789 0 0.1016951352357864 0.193659633398056 36.42114533483982 2.715138241648674 0.3074690401554108 0 1.121043309569359 33.54515092074871 4.750219196081161 30.1356343254447 4.211241252720356 5.554433070123196 6.888385869562626 0.6092829704284668 1.551378048956394 0.8349328860640526 0 0.2463364005088806 0 0.1336674243211746 0.1359424144029617 0.1702895164489746 0.1143896356225014 268.7977129817009 11.39616538584232 2.341588824987411 670.2519789785147 120.0185505598783 869.7132124006748 280.4695468395948 808.968072861433 159.3191085755825 37.39359072595835 333.662188000977 37.45042434334755 0.8696301132440567 59.56954377889633 5.350976698100567 144.4235661923885 9.129788160324097 1.061646342277527 8.363699302077293 14.07409497350454 0
36.28900273144245 1185.709552109241 772.1563270241022 24.82213389873505 1039.973949342966 19.13695308566093 152.7670301496983 2521.057345479727 1186.05134382844 222.4278622344136 4501.329637035728 189.6868729740381 1125.912589386106 0 47.39611276984215 5.002941645681858 2.627746187150478 0.3334521800279617 0.222946435213089 0.5366331189870834 1.999648660421371 1.470473065972328 0.1643145531415939 0.718819797039032 5.293130293488503 10.97517070174217 1.870244175195694 6.758096970617771 9.32454739511013 1.095478132367134 78.76979024708271 63.07822849601507 87.41161705553532 0.1351595818996429 0.5342035889625549 2.67863916605711 585.6455782800913 1.198078602552414 8.227236114442348 5.320316329598427 8.130617931485176 8.722804568707943 0.315759152173996 1.47861659526825 1.024015493690968 0.8645758703351021 179.2498394697905 7.483556970953941 0.7504482641816139 2.229052163660526 1.717450648546219 4.387795552611351 7.188743449747562 4.137123093008995 3.150876469910145 4.111242651939392 39.09959000349045 69.20859669148922 26.08821869641542 26.67783222347498 3.215231157839298 31.45954288542271 0.5502817332744598 34.85949514061213 5.288265392184258 7.194979101419449 3.628335475921631 3.353676676750183 4.173220932483673 7.876589007675648 590.6521704047918 25.88318924605846 0.6453316956758499 78.69017684459686 44.27396734803915 119.1138196215034 26.87327883392572 11.2685380205512 2.878543607890606 328.9579552039504 2.248747371137142 16.79829904437065 9.419935457408428 0.4730337634682655 7.68999108299613 6.455916084349155 8.379794150590897 0.5913495346903801 1.552036516368389 0.5676908642053604 4.103699468076229 3.203085474669933 4.739266820251942 4.722977593541145 8.341404289007187 659.9678506925702 11.23056843876839 0.7767190337181091 3.12676240503788 13.96208221465349 1.480693086981773 1.439325928688049 5.274990737438202 0.2600188553333282 4.832221359014511 43.62841881066561 3.157430902123451 15.5946182757616 11.32459208369255 24.89312225580215 1.106147170066833 113.0065416544676 64.88355647027493 68.38954557478428 33.53000273555517 0.6316409632563591 0 0 0.1329686939716339 0 0 0.1499432921409607 0 0.4198100864887238 0.2505327463150024 0 0 0.1785410493612289 0 0.6650703102350235 0 0.4076910391449928 0 0.2931293770670891 6.426977202296257 4.702018514275551 0 0.6716018840670586 0.2639404535293579 4.721017934381962 17.73461243510246 8.995217986404896 0.3291930332779884 0.659961149096489 0 0 0.1531204432249069 0 0.1325882226228714 0.4415424466133118 0 0.8227451965212822 2.551134295761585 0.1307305246591568 0.5380317866802216 0 0.243775799870491 0.3017469942569733 0 0 0.1794495284557343 0.9931895881891251 4.201391294598579 0 0 1.583009347319603 54.61071353405714 1.813832752406597 0.7945650815963745 0.7588874101638794 0.4266365990042686 0.3158673644065857 0.1419585347175598 0 0 0 10.18744194507599 2.614559978246689 0 0 0.4029262736439705 9.516400933265686 2.369185224175453 11.33861820399761 1.354098930954933 2.50811867415905 3.221135251224041 0.7581375166773796 0.8733523115515709 0.739739790558815 0 0.1464296281337738 0 0.1295979619026184 0.1168789342045784 0 0 71.43375619500875 5.33621871471405 0.5900136828422546 293.9011484831572 50.81329882144928 378.8981406241655 143.5919401720166 107.9202285334468 61.15069174766541 17.767807982862 189.0230825468898 18.40066883713007 0.1470870673656464 26.91225000470877 2.179483331739902 43.46679287403822 2.001312285661697 0.5757033824920654 5.351821966469288 8.297281935811043 0.294083833694458
