0 5536.399141706526 796.129107169807 2588.394843161106 313.451538592577 195.0449613034725 3919.417382597923 263.6313001140952 66.07809246331453 898.6965147331357 374.4130860641599 187.4355772435665 215.1826147809625 451.8501054495573 1.66213071346283 0 0 0 0 0.1027168557047844 0 0 0 0 0 0 0 0 0.2149534970521927 0 121.7635826840997 0.576533667743206 22.65649798512459 0 0 0 14.30037762224674 0.2613984942436218 2.110328644514084 0 0.1124545559287071 0 0 0.1243902593851089 0 0 3.852788478136063 0.7609055638313293 0.215901792049408 0 0.2491791248321533 2.704227596521378 0.2226984649896622 0 3.778957784175873 7.32267002761364 526.8084835186601 526.4229243397713 46.3683976829052 12.46375203132629 0 0.4021013528108597 0 0.458630807697773 2.413545496761799 1.444362677633762 0.5975137650966644 0.1939578652381897 0 0 84.21801863610744 41.76834815740585 1.111844480037689 136.2052527964115 13.7810439914465 4.581762224435806 1.188395164906979 0.190945565700531 1.544900834560394 25.64169146865606 0.2294477298855782 0.5973212718963623 9.338134117424488 1.127756528556347 0.9461270868778229 2.173595413565636 0.95658028870821 0.8177167996764183 1.350766234099865 0.9190990477800369 0.4312814027070999 1.160124719142914 0 0 0 634.8034884333611 44.33831936120987 4.245722815394402 6.218968003988266 2020.018391385674 0 0 0 0 0.2863814532756805 3.492787688970566 4.032391667366028 8.084888160228729 5.392770111560822 3.640864714980125 0 21.12375435233116 14.05651694536209 12.23874139785767 2.44690765440464 0 0 0 0 0 0 0 0 0 0 0 0 0 0 0 0 0.260877400636673 0 0 0.3571829497814178 0.9473578929901123 0 0 0 4.28836315870285 1.28544008731842 1.590388834476471 0 0 0.2175632864236832 0 0 0 0 0 0 0.3306079506874084 0.8852157592773438 0 0 0 0 0 0 0 0 0 0 0 0 0 1.336441844701767 0.4734697043895721 0 0 0 0 0 0 0 0 6.452852219343185 2.504266619682312 0 0 0.1094015687704086 0.3220586180686951 0 0 0 0 0 0 0 0 0 0 0 0 0.1369372010231018 0 0 5.275952190160751 3.065398275852203 1.568164318799973 114.9509767070413 2.1467609629035 47.58497907966375 11.56457452476025 1274.84099829942 24.38614734262228 1.122183404862881 4.244542472064495 3.026885822415352 0 0.9133254587650299 0 0 0 0 1.016758263111115 0 0
5536.399141706526 0 1356.877084515989 127.810620456934 2591.462162837386 224.4968505352736 4067.255499385297 896.4032669812441 932.3644431456923 84.09112317860126 1340.45550147444 136.8641015440226 414.6211229935288 1881.448433041573 20.70171912014484 3.199425280094147 0.2436851635575294 0.3671050891280174 0.08942617475986481 0 0.1178998276591301 0 0 0 0.1092012897133827 0 0 0.2400020882487297 0.1198044568300247 0 1455.754697218537 10.44075768440962 51.36990886926651 0 0 0 1.770096682012081 0.09084657579660416 0.3257456719875336 0 0.2816136926412582 0.2747237682342529 0 0 0 0.1117769330739975 61.71243916451931 5.646674767136574 0.5563162863254547 0.6913770437240601 1.540500730276108 0 0 1.338986188173294 24.12403757870197 35.40434338152409 159.953694075346 1071.486332274973 126.0337200239301 72.25209200382233 0.1020865365862846 0.4433108568191528 0 13.19250978529453 10.60911671817303 8.582919031381607 5.748282819986343 3.349255010485649 0.7397108599543571 0.2427024394273758 13.4134579449892 4.94355583190918 0 461.1588078960776 67.20878882706165 55.89233391731977 13.86349794268608 0.2188870310783386 1.259268939495087 78.80550900101662 0.6078711599111557 0.535411611199379 44.57015902549028 2.117655850946903 5.671805329620838 12.50178717821836 0.9869875460863113 0 6.061922930181026 0 1.365617528557777 0.9909804239869118 0 0.2140272408723831 0.4700942263007164 64.71962788701057 1.105125039815903 0 1.036302261054516 1581.592393539846 0 0 0.4072557091712952 0 0 1.384918063879013 0.6073431372642517 3.799329876899719 0.9212785661220551 7.131028920412064 0 20.94474466145039 16.3236930668354 15.74382078647614 3.970732927322388 0.7308819890022278 0 0 0 0 0 0 0 0 0 0 0 0 0 0 0.1922954320907593 0 0 0 0.5956032872200012 1.424911677837372 0 0 0 5.730093002319336 0 1.812148928642273 0 0 0 0 0 0 0 0 0 0 0.7988205403089523 0 0 0 0 0 0 0 0 0 0 0 0 0 5.76627391576767 0 0 0 0 0 0 0 0 0 8.889823138713837 0 0 0 0 1.752405196428299 0 0 0 0 0 0 0.4551533460617065 0 0 0 0 0 0 0 0 4.995477080345154 3.043433666229248 1.47555685043335 212.4725846424699 24.98805823177099 450.4986759573221 106.0046593397856 519.8478303700686 69.7770696952939 5.95849072933197 65.25627355277538 3.893425345420837 0 1.804438561201096 0.2232333570718765 0.2643028497695923 0 0 1.039342477917671 42.06491941213608 0
796.129107169807 1356.877084515989 0 0.2252501621842384 429.8445750176907 0.8424111008644104 65.16844149678946 2232.923211351037 264.1222131699324 5.528853796422482 2650.344929225743 130.0106264576316 188.1304304003716 1724.455824047327 51.40224180370569 28.18773230910301 4.469694443047047 2.191288061439991 0.767527163028717 1.523955263197422 2.531745947897434 0.1300762742757797 1.724228478968143 0 0.336991474032402 0.0948859229683876 0.1118770763278008 1.351712830364704 0 0 4214.859206706285 120.422782279551 199.6345787271857 0.6165146678686142 0 0.2378374114632607 5.652334727346897 0.8986264914274216 3.974865853786469 0.1536363661289215 1.512722469866276 1.145821034908295 7.310125470161438 1.361207194626331 1.094896532595158 2.021070897579193 99.13325070589781 10.89992946386337 3.808116495609283 11.97970125824213 4.037180870771408 0.1274032294750214 0 0.6111848875880241 15.51837940514088 30.24274626374245 144.9371415302157 1462.985945753753 103.3676766008139 111.8611761629581 10.25693476945162 2.452340587973595 0.6836686134338379 95.61179929971695 17.49182180315256 12.90451367199421 7.690553940832615 13.12956164777279 8.288324877619743 9.603209540247917 17.68759870529175 5.38018000125885 0 497.4468374326825 117.7623604014516 115.7782726734877 53.37180791050196 9.552363231778145 451.7347213327885 1688.520922601223 11.21981813013554 64.04622588306665 53.22130601853132 2.538530819118023 9.344183266162872 13.7597024962306 15.31298056989908 0.2311377823352814 8.439887426793575 0.08979432284832001 2.730430692434311 0.7522131353616714 1.605166859924793 2.430818296968937 2.912747494876385 19.39735895395279 5.808410972356796 0 1.024363607168198 938.7528360635042 0 0 1.038484752178192 0 0.2757579386234283 6.44285149872303 0 2.789187967777252 0 0 0 12.9953577965498 9.405164152383804 8.624314308166504 12.22651582956314 0.5195650607347488 0 0 0 0 0 0 0 0 0 0 0 0 0 0 0 0 0 0 0.7252458930015564 0 0 0 0 2.20422887057066 0.3976985812187195 3.182238459587097 0 0 0 0 0 0 0 0 0 0 1.049387484788895 0 0 0 0 0.3112479150295258 0 0 0.1033472418785095 0 0 0 0 0 6.692101240158081 0 0 0 0 0 0 0.2054951041936874 0 0 11.33588908612728 0 0 0 0 1.854975879192352 0 0 0.2457766383886337 0.4285487830638885 0 0 0 0 0 0 0 0.214770644903183 0.1170515716075897 0 0 3.709094613790512 4.144702583551407 0.7586730569601059 209.8884962424636 40.67133151739836 438.327200897038 124.1359390765429 141.8122820481658 62.76105736941099 11.60245210677385 82.23566604405642 3.403242371976376 0.1023150011897087 1.679220855236053 0 1.562193989753723 1.339733242988586 0 1.069151163101196 4.062441423535347 0.1387058049440384
2588.394843161106 127.810620456934 0.2252501621842384 0 9.43451389670372 880.2747066169977 1229.766274675727 0.22243682295084 26.48510167002678 2078.661720499396 0.1050469279289246 278.7979167252779 592.7178700119257 6.187605544924736 0.1403638869524002 0.4321314692497253 0 0 0 0 0 0 0 0 0 0 0 0 0 0 5.390464551746845 0.4348034858703613 0 0 0 0 1.036615341901779 0.1780587434768677 0 0 0 0 0 0 0 0 1.83858260512352 0.544806070625782 0 0 0 0 0 0 1.442032724618912 2.377979785203934 27.77931758761406 63.76732005923986 17.79382357746363 5.506117507815361 0 0 0 1.118404746055603 0.6690041646361351 0.7627731934189796 0 0 0 0 0.4028166234493256 0 0 47.22247911244631 4.7148472443223 1.926644079387188 0.53541100025177 0.1235681399703026 0 0.4024948179721832 0 0 3.419767707586288 0.09945084899663925 0.257198378443718 0.3116116672754288 0 0 0.7075376361608505 0 0 0.137170597910881 0 0 0 122.5463492125273 0 0 0 158.9807157218456 0 0 0 0 0.4464510083198547 1.61097215116024 0.2548232078552246 1.294535353779793 3.147489339113235 5.068425118923187 0 18.08866910636425 11.5763531178236 11.71890388429165 1.692030385136604 0 0 0 0 0 0 0 0 0 0 0 0 0 0 0 0 0 0 0 0.2571290135383606 0 0 0 0 0.6663951277732849 0 0 0 0 0 0 0 0 0 0 0 0 0 0 0 0 0 0 0 0 0 0 0 0 0 0 0.6088041961193085 0 0 0 0 0 0 0 0 0 1.006628513336182 0 0 0 0 0.1936659216880798 0 0 0 0 0 0 0 0 0 0 0 0 0 0 0 3.520268261432648 0 0 12.60199242085218 0.3465796262025833 28.42169378697872 4.836958572268486 207.4516311362386 5.859464421868324 0.1290309578180313 0.6052332669496536 0 0 0 0 0 0 0 0 0.3487409651279449 0
313.451538592577 2591.462162837386 429.8445750176907 9.43451389670372 0 5.225919559597969 800.5252970457077 611.918741196394 3178.962723731995 311.4170857518911 564.7204987257719 106.5563580170274 777.3474529832602 2365.511277727783 41.26170092821121 9.607512585818768 0.4479333907365799 0 0 0 0 0 0 0 0 0.7350024208426476 0 0.1252868622541428 0.7748876214027405 0.1137941256165504 191.1745745539665 7.706356227397919 24.94450414180756 0 0 0 6.891904905438423 0 0.4219820499420166 0 0 1.013545542955399 0.1520447582006454 0.1975655257701874 0 0 83.08786911517382 5.414257727563381 0.7528261691331863 1.069643996655941 3.307586833834648 0.2713827341794968 0 0.3007961139082909 11.39404644072056 21.69007802754641 39.59291995316744 163.9274574369192 47.86651035398245 65.20254574716091 0.3362248241901398 0 0 14.30293398350477 8.925088949501514 6.636501468718052 4.830645658075809 3.767682068049908 0.4744680523872375 0.1830917298793793 38.74970942735672 1.471745312213898 0 167.1628169491887 39.26501686125994 48.74258700013161 27.34793059527874 1.033271685242653 0.8373447954654694 32.97948308289051 0.2667251825332642 0.752049595117569 27.99814688414335 1.575553826987743 6.115590460598469 9.26356378942728 1.996965311467648 0.2052483856678009 5.427690409123898 0 1.336801521480083 1.095092736184597 0.2388282492756844 0.1201991438865662 0.5215327441692352 53.13708630204201 5.459543913602829 0 1.592926576733589 96.97341488301754 0.5065581798553467 0.4726409018039703 0.6405329704284668 1.029053926467896 6.355924546718597 16.32709953188896 1.629050061106682 28.17285157740116 7.725942850112915 8.931833475828171 0 63.08121651411057 43.88209344446659 58.32491865754128 31.11907641589642 0.395369179546833 0 0 0 0 0 0 0 0 0 0 0 0 0 0 0.278108149766922 0 0 0 1.470040678977966 2.096821069717407 0 0 0 11.12816497683525 2.896148324012756 5.655082553625107 0 0 0 0.648907482624054 0 0 0 0 0 2.009677946567535 6.144663363695145 0 0 0 0 0 0 0 0 0.3075006902217865 0 0 0 0 21.29774595797062 0.2622620761394501 1.202254712581635 0 0 0 0 0 0 0 57.16123214364052 0.9799020886421204 0 0 0 8.075651526451111 0 0 2.873780876398087 0 2.989429295063019 0 1.517278790473938 0.9275540709495544 0 0 0 0 0 0 0 43.31027396023273 10.03161565959454 9.033961892127991 275.5857810825109 47.25238540023565 438.5562323480844 160.4297872185707 160.2393183410168 62.91015300154686 9.471632607281208 94.06379602849483 9.024257428944111 0 4.660548627376556 2.989983454346657 1.735748201608658 0.6237319111824036 0 1.950522422790527 7.022350013256073 0.5384717136621475
195.0449613034725 224.4968505352736 0.8424111008644104 880.2747066169977 5.225919559597969 0 407.1998621821404 0.1198042258620262 12.15661020576954 1079.00707039237 2.256915956735611 255.7289934307337 213.2258530110121 21.11450811475515 0.9544063657522202 1.239250555634499 0 0 0 0 0 0.5832483470439911 0 0 0 0 0 0 0 0 5.34748649597168 0 28.973249360919 0 0 0 37.32982641458511 0.5302120596170425 8.08095808327198 0 0 0 0 0 0 0 0 0 0 0 0 4.172794729471207 3.244742169976234 0 0.5949318408966064 0.6549632549285889 96.75218342244625 34.27765323221684 2.959078952670097 3.550313487648964 0 2.238265797495842 0 0 0.1038799360394478 0.6136959418654442 0.6940494179725647 0.2430169954895973 0 0 260.7616155147552 165.6490085124969 4.607078805565834 4.138588011264801 0.2820703089237213 0.2862424999475479 0.11928641051054 0 0 9.93446983397007 0 0.1916198879480362 0.9052202999591827 0.9887664914131165 0 0.2969917356967926 0.3362721800804138 4.736297652125359 1.546317115426064 5.697106197476387 0.1972599476575851 3.622652113437653 0 0 0.2115912139415741 661.2426574081182 105.0833774060011 23.43020895123482 11.81329874694347 268.3055293560028 0 0 0 0 0 0 0 0 0 0.8321884870529175 0 1.49881511926651 0.762223944067955 0.3520201444625854 1.820172131061554 0.5743806064128876 0.3085730671882629 0.170427218079567 0 0 0 0 0 0 0 0 0 0 0 0.4304636120796204 0 0.7097828239202499 0 0 0 0 0 0 0 4.418464541435242 1.127083629369736 1.349889352917671 1.821822911500931 0.649229034781456 0 0 0 0 0 0 0 0 0.3719655424356461 0 0 0 0.6383460611104965 0 0 0 0 0 0 0 0 0 3.724328935146332 0 0 0 0 0 0 0 0 0 3.543751940131187 3.313440978527069 0 0 0 0 0 0 0 0 0.3407631516456604 0 0.257241427898407 0 0 0 0 0 0 0 0 1.463212609291077 8.851606369018555 4.246424466371536 9.740024089813232 0.3057918548583984 5.785536624491215 1.890500977635384 121.6803747713566 4.560432463884354 0 0.3422661274671555 2.300389304757118 0 2.815349563956261 0.5331385135650635 0 0 0 1.142449945211411 0 0
3919.417382597923 4067.255499385297 65.16844149678946 1229.766274675727 800.5252970457077 407.1998621821404 0 31.20710683614016 1312.595197997987 2521.521953478456 60.83142796903849 526.7081040889025 1785.794407233596 1268.081033200026 49.78769791126251 10.68406039476395 0.08489135652780533 0.4635062515735626 0 0 0 0.1784005016088486 0 0 0 0.6377828493714333 0 1.406782150268555 0.8686444982886314 0 123.2590774893761 8.634759530425072 11.15121909976006 0.1370438933372498 0 0 8.887965492904186 0.2977271378040314 0.7636226862668991 0 0.2553571760654449 0.1544579416513443 0.1849386841058731 0.2663815543055534 0.1160694807767868 0 114.2693714722991 8.58445892482996 0.6436653435230255 0.9206428080797195 4.271380878984928 1.019893355667591 0 0.3822392970323563 24.73437156528234 37.79401341825724 113.6775379255414 398.9176427945495 104.641817510128 113.4583002626896 0.4366547167301178 0.5661747381091118 0 16.56979439407587 14.85253152251244 11.07091147452593 6.617923520505428 3.533793166279793 0.9844047725200653 0 59.30322174727917 8.750437632203102 0.1745210140943527 372.7732879072428 74.53639452159405 79.55711758881807 27.60389534384012 1.90364770591259 1.832349143922329 6.430569089949131 0.6461742967367172 0.3153173178434372 55.78654321283102 1.551435798406601 9.450127273797989 15.69863746315241 2.429105281829834 0.1483776867389679 8.202860794961452 0.1955395340919495 2.406732380390167 2.204574167728424 0.1312034279108047 0.7123387530446053 1.706122048199177 394.7566508203745 13.58862356841564 0 5.546020030975342 374.4543370380998 0.4577016234397888 0 4.280614420771599 0.9312335848808289 9.075252935290337 44.83768221735954 5.443745627999306 59.68207333981991 13.40176153182983 33.59231586754322 1.224470585584641 169.9804166853428 123.6673022061586 135.3354170024395 74.64092820882797 1.973620712757111 0 0 0.3642192929983139 0 0 0 0 0 0 0.4225557744503021 0 0 0.3247805535793304 0 0 0 0 0 6.823854833841324 6.57713608443737 0 0 0 20.90428641438484 1.54970908164978 5.08049251139164 0.3001317977905273 0 0 0 0 0 0 0 0 0.5905063152313232 3.275250554084778 0.7562911808490753 0 0.2900355756282806 0 0 0 0 0 0 0.1677835136651993 0 0 0 35.03903003036976 0 0.9365331530570984 0 0 0 0 0 0 0.1837971061468124 95.91359099000692 0.4816033095121384 0 0 0 14.55315683782101 0 0.8686333298683167 1.589009702205658 0.2668963968753815 1.561101451516151 0.5341514050960541 0.4843434989452362 0.08940903097391129 0 0 0 0 0 0 0 110.168434470892 19.98559594154358 9.508546099066734 384.4049337953329 67.88902700692415 634.7261267751455 221.6989580392838 732.3005989044905 109.1280707195401 17.7377507314086 147.4746341630816 10.68198680877686 0.6873384416103363 8.978939369320869 1.688982672989368 2.75270988047123 0.8747129440307617 0 3.158255204558372 10.68111097812653 0.4750241786241531
263.6313001140952 896.4032669812441 2232.923211351037 0.22243682295084 611.918741196394 0.1198042258620262 31.20710683614016 0 513.8150382116437 3.611693918704987 1245.978941708803 126.0998535901308 242.9268688336015 1584.3625549227 148.0936012938619 139.5785817429423 20.18257184326649 22.42284398525953 2.727679900825024 21.10526875406504 17.09837171435356 0 14.73852527141571 0.7622645348310471 1.464268177747726 0.4386222288012505 0.5831277891993523 6.128176681697369 0.831804133951664 0 1090.148034900427 2816.045288957655 163.3542882204056 17.79713054001331 1.148931384086609 5.056119449436665 13.57549778372049 4.550694204866886 9.197049997746944 2.172783583402634 10.11950104683638 5.924331821501255 62.25475110113621 11.4449407979846 18.1842425018549 37.53312141448259 178.7631504908204 24.42729566246271 15.35431764274836 100.5864075645804 20.5506729260087 2.403380818665028 0.3039727807044983 3.892256744205952 10.7054787799716 21.02647095918655 41.09748085588217 270.8033356815577 40.77569834887981 101.8183031082153 164.5778207406402 20.19733164459467 1.451723411679268 228.4207620918751 12.77821134775877 16.78029336035252 12.82036678493023 75.89016672223806 75.06047733873129 108.3867694884539 17.18828598409891 4.15680156648159 0 233.2739291116595 145.1472923457623 133.5259091183543 244.4842566326261 309.1205165237188 604.1848307773471 1692.30155390501 233.6215911433101 858.4163789376616 35.9817830696702 1.892570473253727 10.39666575938463 12.30383685231209 98.08580582588911 0 8.441576153039932 0 6.230534538626671 3.805165000259876 18.74386990815401 10.06426683068275 4.234932474792004 8.116345345973969 4.583528727293015 1.322864815592766 3.034058161079884 91.56740438193083 0 0 0 0 0.3206098079681396 1.356807112693787 0 6.619502902030945 0 0.4515896439552307 0 11.36192631721497 4.289165571331978 7.612167865037918 10.41365812718868 0.2035642266273499 0 0 0 0 0 0 0 0 0 0 0 0 0 0 0 0 0.3587521910667419 0 0.97385573387146 0 0 0 0 1.93926639854908 0.2327194660902023 1.814889580011368 2.136891089379787 0.2803808599710464 0 1.050716802477837 0.1805899292230606 0 0 0 0 0 0.9410646036267281 0.2122590094804764 0 0 0 1.70985171943903 0 0 0 0 1.434472233057022 0 0 0 4.097552314400673 0 0 0 0 0 0 0 0.4448457211256027 0.8615497946739197 7.291962593793869 0.3355150818824768 0 0 0.4399372041225433 0.8473973274230957 0 0.1905499696731567 1.067773342132568 0 0.2889076471328735 0 0 0.085305355489254 0 0 0 0 0 0.2323947846889496 0.2334180474281311 2.156738191843033 0.9034607857465744 3.421234272420406 273.0473848283291 59.94901468604803 613.1577309668064 180.4521945342422 85.96125541627407 57.42045173048973 14.21312380582094 116.1240854859352 10.53544721007347 0.3997661024332047 1.144794255495071 0 0.9616091847419739 0.1441825479269028 0 0.3576818108558655 11.05627708882093 0.4008862376213074
66.07809246331453 932.3644431456923 264.1222131699324 26.48510167002678 3178.962723731995 12.15661020576954 1312.595197997987 513.8150382116437 0 685.7302259802818 881.9606988877058 241.1410334706306 680.1407713741064 1978.845762439072 37.10767582803965 14.63542029261589 0.2634531185030937 0.09026002138853073 0 0.2152198851108551 0 0 0.1312690377235413 0 0 0.2363000810146332 0 0.541345089673996 0.2332393974065781 0 41.94877576828003 11.99341561645269 3.654060460627079 0 0 0 8.089498825371265 0 1.324416816234589 0 0.3182608336210251 0.2271114736795425 0 0.1899435669183731 0 0 54.69890933483839 2.333075508475304 0 1.24784667044878 0.6956693232059479 0.2897058054804802 0 0.12746661901474 4.230189815163612 10.2412189617753 14.02874177694321 38.6575751081109 18.86005599051714 26.93592845648527 0 0.1106474474072456 0 7.126493066549301 3.408091001212597 3.467296168208122 1.866241678595543 1.736762039363384 0.3142275214195251 0.1408188194036484 60.87740823626518 19.43119837343693 0 58.25587695091963 16.76244857162237 29.0695096552372 18.3392316326499 2.769181922078133 1.014723114669323 5.457286976277828 0.2583580985665321 0.7595295086503029 13.62294090539217 0.5402485504746437 2.438674852252007 3.187908142805099 0.5271943956613541 0 2.369262143969536 0 0.7976619452238083 0.6682329848408699 0.485134020447731 0.1289796382188797 0.9884108528494835 218.9923275336623 2.417674005031586 0 2.067601650953293 25.26698447018862 1.168140023946762 0.2117780447006226 2.661771699786186 0 18.36929473280907 51.08504718542099 4.709565907716751 97.79995015263557 12.1200395822525 35.97002466022968 1.266476988792419 247.4810484051704 175.5681101232767 224.2543165683746 121.6693587005138 2.17071296274662 0.4717803597450256 0.4213028401136398 0 0 0 0 0 0 0 0 0 0 0 0 0 0 0 0 10.71341255307198 8.334738627076149 0.1445132195949554 0 0 31.91804003715515 4.008483842015266 5.88052374124527 0.709162563085556 0 0 0 0 0 0 0 0 1.649719029664993 4.910357102751732 0 0 0 0 0 0.1244410276412964 0.2032626420259476 0 0.4885774850845337 0 0 0 0 59.77190725505352 1.359288826584816 0.7287554740905762 0.2737874388694763 0 0 0 0.1260340660810471 0 0.415554940700531 145.3108850568533 1.458150833845139 0 0 0.09286577254533768 25.25557766854763 0 2.88470883667469 3.258206695318222 0.4976381659507751 3.470004200935364 1.071027517318726 0.6361063867807388 0.3490191400051117 0 0 0 0 0 0 0 141.8566132038832 20.77267651259899 9.348155230283737 289.2964870706201 39.56543342024088 279.7401828169823 123.1661428585649 101.4021559134126 38.01262076199055 6.298506811261177 107.7285857573152 17.96568274497986 0.8609543442726135 15.88036178052425 2.009644195437431 3.968748927116394 4.053396135568619 0 6.238623961806297 4.639272227883339 0.4701264053583145
898.6965147331357 84.09112317860126 5.528853796422482 2078.661720499396 311.4170857518911 1079.00707039237 2521.521953478456 3.611693918704987 685.7302259802818 0 2.137702815234661 2109.215701252222 8390.80744305253 200.4051241725683 2.421771220862865 1.237224474549294 0 0 0 0 0 0 0 0 0 0 0 0 0 0 3.532797999680042 0.3266615271568298 6.199132710695267 0.09303360432386398 0 0 4.025176391005516 0.6413403749465942 0 0 0 0 0 0 0 0.3907769322395325 2.620075345039368 0.2448108717799187 0.13882677257061 0.1375238746404648 0.1948737800121307 0 0 0 0.8022764325141907 1.557825148105621 30.2138014882803 40.17138304561377 9.066144414246082 3.612479992210865 0 0 0 0.2408794090151787 0.3110416084527969 0.09931226819753647 0.2618744149804115 0 0 0 18.96901817619801 13.11216078698635 0 25.40985850244761 2.321865484118462 1.419598862528801 0.6945387944579124 0 0 0.6396054476499557 0 0 2.647034265100956 0.1284403055906296 0 0.9344210848212242 0 0.3495535254478455 0.1847713440656662 0 0 0 0 0 0 1069.375544086099 2.498496681451797 0 0 377.7666059210896 0 0.7403697967529297 4.862687289714813 1.330609083175659 6.479592636227608 63.15461221337318 10.83015605807304 67.9865460395813 51.85827182233334 98.54745605587959 2.443740427494049 280.9578027874231 195.3413910120726 232.4029329270124 49.52846664190292 0 0 0 0.1929241865873337 0 0 0 0 0 0 0 0 0 0 0 0 0 0 0 2.494935527443886 2.568036139011383 0 0 0 11.33718752861023 0 0.280754566192627 0.4188454449176788 0 0 0 0 0 0 0 0 0 2.694596275687218 0 0 0 0 0 0 0 0 0 0 0 0 0 11.40634924173355 0.1824475079774857 0 0 0 0 0 0 0 0.163918673992157 42.39072538912296 0 0 0 0 9.140878647565842 0 0.6697507798671722 0 0.1693924069404602 1.18877911567688 0.5143980979919434 1.06976030766964 0 0 0 0 0 0 0 0 154.6921149194241 2.380814895033836 1.197906494140625 37.51601044088602 1.798657715320587 27.87635945528746 9.142710067331791 452.755382142961 4.451011583209038 0.6408531963825226 8.839362069964409 2.371514052152634 0 4.906220078468323 0 2.799198627471924 0 0 0.5792351514101028 0.386665552854538 0
374.4130860641599 1340.45550147444 2650.344929225743 0.1050469279289246 564.7204987257719 2.256915956735611 60.83142796903849 1245.978941708803 881.9606988877058 2.137702815234661 0 193.4742545336485 764.5185597389936 7205.355546057224 143.8038442656398 90.27435937523842 5.577442869544029 1.600426860153675 0 2.32144170999527 2.644384950399399 0.1258812695741653 2.791436485946178 0 0.2000316977500916 1.077354185283184 0.5035011768341064 3.032197810709476 1.601369306445122 0.1067038774490356 518.2282753437757 348.1567441895604 211.1509226560593 1.881448857486248 0.2257448732852936 1.363212332129478 25.24099526554346 1.185659237205982 2.383428208529949 0.6401635408401489 0.8797958642244339 2.172804094851017 6.095584474503994 2.635815374553204 2.058737449347973 1.386830970644951 172.9068707227707 13.41700065135956 2.220327690243721 11.27312465757132 8.276609539985657 1.139933131635189 0.391867458820343 1.596765369176865 11.57594728469849 23.18414542078972 26.77620059251785 155.4784386903048 39.59528059512377 100.5474469810724 2.146516799926758 2.543712079524994 0.207898736000061 47.45651268213987 12.24832592904568 13.43401201814413 8.111658535897732 22.1182447373867 13.41552378237247 9.768787667155266 41.01556097716093 10.89786151796579 0.120569720864296 167.4003210812807 59.41012662649155 121.0303450152278 104.0517068356276 26.98848521709442 72.18600362539291 340.541571572423 2.772394739091396 14.60046785324812 32.83996177464724 2.749813325703144 10.04580134898424 12.58860124647617 16.85082522779703 0 9.022244069725275 0.2987250760197639 4.287149101495743 2.381134882569313 3.004707932472229 3.613823346793652 2.512672066688538 31.36274362355471 1.367167711257935 0.3128233551979065 6.161924235522747 92.93665634840727 0 0 1.11301463842392 0 1.638011232018471 1.480536222457886 0 9.410209789872169 0.4902157783508301 2.379381135106087 0 26.15363527834415 14.07701221108437 26.80457776784897 18.44983303546906 1.075714066624641 0 0 0 0 0 0 0 0 0 0 0 0 0.3870637118816376 0 0.2282669097185135 0 0 0 0.4802769422531128 0 0 0 0 7.558906987309456 1.476680167019367 1.488410994410515 0.1345248520374298 0 0 0.1075024679303169 0 0 0 0 0 0 0.5679216235876083 0 0 0 0.1567512601613998 0.4687374383211136 0 0.9832072257995605 0 0 0.3670582175254822 0 0 0 10.63332524895668 0 0 0 0 0.1184285059571266 0 0.3387349024415016 0.2507888749241829 0.7141388356685638 18.12546364963055 0.2989395409822464 0 0.1175618469715118 0.2658061012625694 2.438882648944855 0 0 0.5103306174278259 0.6862086653709412 0.6436031460762024 0.3146069049835205 0 0.3378024399280548 0 0 0 0 0.1477663367986679 0.1386866122484207 0 16.07295207679272 6.170583285391331 2.251731380820274 371.5930181890726 112.9043737649918 559.9930895790458 229.2421573549509 98.87011126428843 89.55365713685751 23.36137746274471 166.475377753377 6.480058908462524 0.1375702917575836 2.44802875071764 0.7247468829154968 0 0.2793374359607697 0 0.152136042714119 14.19335287064314 0.3834503591060638
187.4355772435665 136.8641015440226 130.0106264576316 278.7979167252779 106.5563580170274 255.7289934307337 526.7081040889025 126.0998535901308 241.1410334706306 2109.215701252222 193.4742545336485 0 2942.316591113806 390.2963240966201 39.72760919481516 34.71433635801077 4.146252192556858 0 0.1709879636764526 0 0.3070768713951111 0 0.2789553329348564 0 0 0.3708343505859375 0 2.407284021377563 0.1437963396310806 0 24.16772950440645 5.93532820045948 233.4574154317379 0 0 2.532733403146267 144.8373995646834 1.990387141704559 5.289830431342125 1.665533065795898 0 0.6408154368400574 0.8738380074501038 0.8793328702449799 0.1129150316119194 1.693518310785294 30.18971045315266 1.307919509708881 0.409972257912159 2.763013757765293 2.602007888257504 0.3631098195910454 0.2116972357034683 1.928742319345474 1.05223648250103 1.711705833673477 9.348236680030823 11.35241806507111 5.715810135006905 5.042836658656597 2.210922211408615 2.353340923786163 0 3.214374497532845 0.3524555042386055 1.216206550598145 1.093879722058773 1.84921507537365 0.8313853293657303 0.9259938076138496 353.7235757261515 54.56675882637501 0 16.37944941967726 5.734717644751072 14.45487070828676 20.69759383052588 9.324509404599667 0.6222261488437653 73.2531289383769 0 5.594907879829407 1.792103752493858 0.1874403208494186 0.8773950859904289 0.6881840229034424 1.365678578615189 0.1939610093832016 0.5463567674160004 0 0.4993511736392975 0.3254128992557526 1.704192660748959 0.1205046623945236 1.397230565547943 2592.813764020801 48.78183537721634 0.3103840351104736 4.577962845563889 120.6090183481574 0.3775525987148285 0 3.892454028129578 0.4986770749092102 20.05908168852329 60.0012169778347 5.12681545317173 96.16359716653824 23.12790408730507 70.49730847775936 1.512489154934883 304.912597566843 213.6138326525688 297.4109288603067 129.1291198730469 1.665760703384876 0.1155488789081573 0.2382398396730423 0 0 0 0 0 0 0 0 0 0 0 0 0 0 0.3359552323818207 0 14.2066684961319 8.767231598496437 0 0 0 46.65490718185902 2.846494138240814 6.295055150985718 1.118151038885117 0 0 0 0 0 0.203315332531929 0 0.320898026227951 1.646606832742691 7.120523348450661 0 0 0 0 0.1974067091941833 0 0.402436301112175 0.1382840126752853 0.3685846030712128 0.1852371543645859 0 0.1735969036817551 0 53.67550021409988 0.6661187633872032 0.6950219869613647 0.4157152026891708 0 0 0 0 0 0.3145896196365356 183.7433434650302 4.589549779891968 0 0 0.3631901741027832 31.86261765658855 0 1.849079936742783 1.435668766498566 0 4.30706998705864 0.5249919146299362 1.05090519785881 0.1217147707939148 0 0 0 0 0 0 0 228.4332648068666 37.60978882014751 11.18223057687283 407.5175994485617 37.28967425227165 164.2439068928361 87.1244695931673 186.0064125359058 15.77281518280506 4.277295596897602 116.1175179705024 12.34479669481516 0 13.72315261512995 1.813679270446301 4.11185348033905 1.329984620213509 0.1618856191635132 4.031434133648872 9.593502767384052 0.3730984926223755
215.1826147809625 414.6211229935288 188.1304304003716 592.7178700119257 777.3474529832602 213.2258530110121 1785.794407233596 242.9268688336015 680.1407713741064 8390.80744305253 764.5185597389936 2942.316591113806 0 2819.820904679596 83.81327778846025 67.09292638301849 7.497133158147335 1.319641828536987 0 0.2586322128772736 0.6767912805080414 0.2858511507511139 0.4168525785207748 0.1485404223203659 0 1.211308382451534 0 3.114720955491066 1.270889408886433 0.1511950790882111 39.33158657699823 14.89503144472837 1247.826959572732 1.843612253665924 0 5.798272743821144 266.3873260691762 1.600353486835957 7.322188690304756 0.9899433106184006 3.316767305135727 0.970771886408329 1.066853240132332 3.487375378608704 0.3684950321912766 5.49420215934515 59.31958243250847 2.531277649104595 0.7597284466028214 2.563997648656368 3.407125607132912 0.9664713740348816 0.4834290742874146 1.818385690450668 2.767845630645752 6.597012035548687 17.1823113784194 31.60128723829985 14.45048062503338 16.1458780542016 3.642768755555153 11.06007233262062 2.969478756189346 5.716897390782833 3.309723421931267 3.677881918847561 4.510789096355438 5.974697634577751 2.82826416939497 2.979343965649605 822.1813990101218 77.63102640211582 0.9154600501060486 36.77280417829752 9.053115345537663 34.32975013554096 41.57206313312054 14.94623250514269 0.1089101955294609 189.5335840955377 1.688177853822708 12.2535599693656 7.420998372137547 0.4012500494718552 3.774990700185299 2.945492781698704 5.379383340477943 0 2.714431822299957 0 2.707727633416653 1.429420784115791 1.248053148388863 2.572296477854252 2.728672556579113 3904.411752201617 62.55508340895176 0 8.740806587040424 121.1227664649487 0.5358659625053406 0 15.56931035220623 0 20.52675004303455 107.7332065552473 6.507537633180618 198.4921068847179 69.08363096415997 104.9983087033033 6.079965591430664 568.330636382103 433.3739886879921 551.8592469245195 258.9729991853237 5.100834682583809 0.6601745188236237 0.5608202069997787 0 0 0 0 0 0 0 0 0 0 0 0 0.2353134155273438 0 0 0 20.15501840412617 15.24512232095003 0 0 0.2745211720466614 79.37148035317659 4.76232185959816 19.83113764226437 1.484062664210796 0.9646910130977631 0 0 0.2485902160406113 0 0.444547176361084 0 0 5.953387074172497 14.56028444319963 0 0.1122592911124229 0.3674818128347397 0.1871117204427719 0.3040473014116287 0.1117107644677162 2.497510135173798 0 0.9652552455663681 0.848024956882 0 0.5953600406646729 0 107.989828184247 1.250259533524513 5.19004213809967 0.8527508974075317 0.2585783153772354 0.1464300006628036 0 0.3420864045619965 0 1.02232563495636 377.3299114257097 5.601675108075142 0 0 0.1770809143781662 45.2053981050849 0.4653979539871216 3.918360248208046 2.783463031053543 2.680704116821289 9.398329399526119 1.764461949467659 3.917725592851639 1.081197112798691 0 0 0 0 0 0 0 458.9100355505943 82.47102275490761 29.87505701184273 707.7128317728639 86.46718554198742 336.6407073438168 180.3268544226885 237.8971819132566 37.06119259446859 9.723410397768021 198.4389594346285 27.9258219152689 0.7547222524881363 35.06358373910189 3.243668384850025 2.947703197598457 3.433453142642975 0 7.636813923716545 18.49989823251963 2.727866604924202
451.8501054495573 1881.448433041573 1724.455824047327 6.187605544924736 2365.511277727783 21.11450811475515 1268.081033200026 1584.3625549227 1978.845762439072 200.4051241725683 7205.355546057224 390.2963240966201 2819.820904679596 0 165.3874370381236 127.3499428406358 8.301403127610683 0.7379095032811165 0.104997456073761 1.004135020077229 2.39458404481411 0.8042851984500885 1.957910284399986 0 0.2669460326433182 1.881905250251293 0.5449982285499573 2.39643631875515 1.454822957515717 0.1256189048290253 255.4899336472154 99.39766008406878 507.0445304885507 0.6276386752724648 0.1268092840909958 0.6342424526810646 195.561336748302 1.450922131538391 5.436557553708553 1.472845315933228 2.408965177834034 3.103556506335735 4.202611558139324 4.132960021495819 1.053676761686802 1.348225712776184 131.5104116052389 8.341355346143246 2.344633862376213 9.725134328007698 8.742441184818745 2.444589018821716 0.5162686631083488 4.23323130607605 6.76735332608223 16.52425150573254 22.71952012181282 113.5370988547802 31.17312341928482 57.50076953321695 0.655941441655159 4.688558928668499 0.1431512385606766 26.77487178146839 7.601839698851109 10.88716387748718 6.465909227728844 15.48288609087467 8.764763563871384 8.814464263617992 269.3228709101677 37.01994968950748 0 101.5522663965821 33.50595258176327 84.95235193520784 97.56005933135748 32.98826975375414 12.16723655164242 97.78620244562626 0.8813250660896301 6.535500474274158 22.41175600886345 1.116107940673828 5.775811366736889 9.928449533879757 12.99006151407957 0.08831854909658432 7.590400241315365 0.135269433259964 2.90300914645195 3.609670288860798 2.05263264477253 3.155261397361755 3.921444594860077 535.7872991859913 20.45303955674171 0 7.045840203762054 101.9590771123767 0.1944848150014877 0 5.04197946190834 0 19.41288870573044 61.99751290678978 3.367730930447578 114.6620100587606 22.29968367516994 46.36019745469093 0 307.7338398694992 220.303273409605 298.3045982122421 168.6701127514243 3.650449067354202 0.7452183961868286 0 0 0 0 0 0 0 0 0 0 0.1126811876893044 0 0 0.1661124527454376 0 0 0 12.04394127428532 14.49184966087341 0 0 0 58.14451092481613 5.335346028208733 16.04397921264172 1.562629118561745 0.1287682801485062 0.1414394378662109 0 0 0 0.1655939072370529 0 0 3.366416737437248 10.13675487786531 0.4548841416835785 0.3917497619986534 0 0 0.2353171855211258 0.1210240200161934 0.6004130393266678 0 0.3598024845123291 0.5961553454399109 0 0.1466055065393448 0 76.56651858985424 0 1.51131597161293 1.014968618750572 0.1161647215485573 0 0.157822459936142 0 0.4202262163162231 0.6857583373785019 225.8428421914577 2.603211909532547 0 0 0.2821510210633278 30.71182600408792 0 2.191442802548409 3.115967661142349 2.82411777973175 7.477404303848743 1.042797580361366 2.418349549174309 0.6268287599086761 0 0 0 0 0.2039225026965141 0 0.1507598012685776 210.8864401578903 54.67774474620819 17.58938712626696 882.1407393217087 153.0529716089368 638.2319572642446 330.700987175107 140.1250533312559 76.91513124108315 24.16628271341324 295.9055976271629 27.05905973911285 1.764625258743763 27.52849537879229 4.741878271102905 3.16255808621645 3.551082879304886 0.9200666844844818 6.28375843167305 32.77354775369167 0.8250963315367699
1.66213071346283 20.70171912014484 51.40224180370569 0.1403638869524002 41.26170092821121 0.9544063657522202 49.78769791126251 148.0936012938619 37.10767582803965 2.421771220862865 143.8038442656398 39.72760919481516 83.81327778846025 165.3874370381236 0 3264.404101282358 676.643162868917 15.59636476635933 19.88475247472525 2.08595371991396 0.6292216628789902 0.2116755247116089 0.2571621984243393 0 5.039584062993526 0.1239737793803215 0.47358538210392 2.264164209365845 0.4748363345861435 0 47.06289492547512 114.3538085520267 186.2339691072702 0.6042316630482674 0.3643172457814217 19.17935231328011 219.9613354802132 44.94459035247564 136.2959536090493 34.4028518050909 1.747272565960884 0.7663191556930542 6.969180226325989 1037.474967971444 224.8532215431333 129.5383978188038 805.571040302515 21.84954509139061 32.66024535149336 57.01129919290543 4.032573133707047 1.22456980496645 3.871464535593987 1.199547596275806 1.526283577084541 1.677308768033981 1.400135308504105 16.0032110363245 3.174558937549591 235.9524272680283 85.71805229038 81.12682846933603 1.144225962460041 42.08671795576811 2.310973100364208 5.250301994383335 2.588591106235981 16.77140107005835 11.44382014125586 9.957121126353741 104.0949664190412 37.49864685535431 0 66.49507663398981 44.37024381756783 1357.874513074756 2014.418555013835 818.4736496880651 74.72539902478456 410.5059299468994 121.5911299660802 193.1637541204691 12.28125870227814 0 6.942614272236824 1.521544463932514 56.13770185410976 0.1366215199232101 2.129383161664009 0 2.756526030600071 1.113340206444263 2.020230449736118 1.443834468722343 1.851119942963123 9.734232872724533 29.69163402915001 3.334712937474251 92.91750949621201 1.722182661294937 0 0 0 0 0.4753420948982239 0.5432687848806381 0 0.3633797168731689 0 0.4191624522209167 0 0.6807117462158203 0.7119420021772385 3.773190960288048 8.037050828337669 2.771266050636768 1.364453345537186 0.384948194026947 0.6022178828716278 0 0 0 0 0 0 0 0 1.203848481178284 0.2282154113054276 1.379219859838486 0 0.6401745826005936 0 0 1.323519438505173 0 0 0 0 17.58819886296988 6.010138139128685 17.93219275027514 15.50229087471962 4.873336113989353 0.1982717216014862 0 0 0.4536222517490387 0.559164434671402 0.7092694938182831 0 1.487726122140884 4.60493129491806 0 0.4414659440517426 0 1.416862189769745 0.4025048911571503 0.2178293466567993 0 0 0.5023068189620972 0 0 3.440477609634399 0.1991330534219742 14.68151398003101 0 0.1398739814758301 0 0 0 0 0 0 0 13.71165574342012 4.33708643913269 0 0 0 3.405619442462921 1.699148491024971 1.021227911114693 1.102792963385582 0 2.681084752082825 0.2730749845504761 1.297344960272312 0 0 0 0 0 0.3592383712530136 0 0 4.651183530688286 29.85780484229326 37.20153538882732 34.41038613766432 14.46709598600864 555.6536110416055 39.59317675977945 5.967123873531818 2.964980520308018 8.490600638091564 10.56982422620058 21.30527507513762 0.4885110557079315 17.39764751493931 2.06664826720953 3.66035869717598 1.590600252151489 0 6.893665209412575 0.7125195190310478 0.7947729229927063
