0 1052.146091997623 232.0782166421413 580.266176789999 252.6196791529655 129.2632141411304 1851.794596605003 286.4678339213133 95.53763176500797 1599.464708849788 468.3922713920474 190.6699806004763 251.5565595328808 131.3178859502077 2.657535396516323 0 0 0 0 0 0 0.5123002827167511 0 0 0 0 0 0 0.7010772824287415 0 76.77135283499956 1.650231622159481 10.80562609434128 0 0 0 1.509925067424774 0 0 0 0 0.1187714189291 0 0 0 0 10.24656871706247 1.187810264527798 0 0 0.1007726490497589 5.460260882973671 0 0.1210839599370956 3.07717602699995 9.146963767707348 164.4596483409405 1557.807098336518 42.66960033774376 34.21287117153406 0 2.025187760591507 0 1.493436008691788 5.701177082955837 1.573717296123505 1.734967514872551 0.2486876472830772 0 0 14.32224613428116 177.44965942204 16.99685153365135 401.7068529054523 79.46549163758755 23.1622903496027 2.499762445688248 0 0.6606513187289238 16.22291392832994 0.1903340816497803 0.5087551698088646 5.55393373966217 2.063410967588425 0.4426728487014771 6.270073838531971 0.2454281449317932 10.21936635673046 0.7181694433093071 4.78522939234972 0 0.3332116156816483 0.1296841651201248 0 0 99.2913823723793 220.3478209376335 13.27375985682011 1.676991909742355 1216.817737102509 0 0 0 0 0 2.310801267623901 0 1.035123586654663 73.03659226000309 1.760943174362183 0 0 0.236505001783371 0.2652948498725891 1.416386812925339 0 0 0 0 0 0 0 0 0 0 0 0 0 0 0 0 0 0 0.2706717550754547 0 0 0 0 0 1.164665907621384 0 1.125719971954823 0.255337119102478 0 0 0 0 0 0 0 0 0 0.3789071440696716 0 0 0 0 0 0 0 0 0 0 0 0 0 0 0 0 0 0 0 0 0 0 0 0.7242974042892456 3.396280258893967 0 0 0 0.3739045858383179 0 0 0 0.2488915175199509 0 0 0 0 0 0 0 0 0 0 0 0 0 1.527759104967117 59.3799135684967 13.68303515762091 90.17050629854202 22.34751222282648 1576.247712895274 19.94023656100035 4.902629099786282 8.122312240302563 1.525294579565525 0.3457466512918472 0.9145701304078102 0.2011258974671364 1.532336235046387 0.199035570025444 0.2142888382077217 0 0.2710998952388763 0.6772285103797913
1052.146091997623 0 1212.237956181169 768.9251255393028 2615.412868984044 188.9969199448824 4489.522865742445 1089.499815218151 1918.477369740605 187.2544965595007 6256.746231012046 2.651489406824112 691.4496718347073 606.8068116977811 1.937079466879368 0 0 0 0 0 0 0 0 0 0 0 0 0 0 0 438.6868934258819 5.55775535851717 85.58503690361977 0 0 0 1.169960290193558 0 0.8037371039390564 0.1527536511421204 0 0 0 0 0 0 13.08002016693354 0.9103390276432037 0 0 0.467764675617218 0 0 0 1.232558868825436 4.707656972110271 21.80832348018885 898.6427817046642 16.72595588117838 22.37903559207916 0.1157161071896553 0 0 7.108610972762108 3.032102212309837 0.8855679035186768 1.40695533901453 0.2191569656133652 0.09124588966369629 0.09483713656663895 4.214585617184639 1.954595878720284 0 214.9669082686305 64.99455354362726 24.16215872019529 3.423605129122734 0 0 190.4033787548542 0 0.3389643505215645 3.601636469364166 0.4470116049051285 0.5908793061971664 4.269527748227119 0 0 0.3834380730986595 0 0 0 0 0 0 27.7412474155426 0.9264709949493408 0 2.495844393968582 865.7481992617249 0 0 0 0 0.3218008577823639 3.021827727556229 0.7168969362974167 0 65.80384188890457 1.477151870727539 0.5033145099878311 5.704941809177399 2.237753242254257 4.294091060757637 3.691845022141933 0 0 0 0 0 0 0 0 0 0 0 0 0 0 0 0 0 0 0 0.2748843804001808 0 0 0 0 1.142810240387917 0 1.321764171123505 0 0 0 0 0 0 0 0 0 0.5388763546943665 0.7058566212654114 0 0 0 0 0 0 0 0 0 0 0 0 0 1.270643562078476 0 0 0.09105173498392105 0 0 0 0 0 0 1.996296718716621 0.1914206594228745 0 0 0 0.6873087733983994 0 0.1855912953615189 0 0.1955000907182693 0 0 0 0 0 0 0 0 0 0 0 1.494335025548935 0 0 29.31694877892733 7.024696953594685 70.95512678474188 9.62700117379427 315.6909568980336 9.136589854955673 3.600948557257652 4.598925672471523 0.3814295530319214 0 1.149484075605869 0.104556180536747 0.2211290001869202 0.2098740786314011 0.1142215728759766 0 1.490199267864227 0.1398013383150101
232.0782166421413 1212.237956181169 0 52.51220580935478 484.9531830325723 35.45550990104675 238.649673178792 3248.520299345255 407.98246832937 11.45574347674847 2746.738468408585 0.2388630658388138 32.76714545488358 208.0516235753894 18.89586911350489 22.70682794600725 5.079777546226978 1.307438440620899 1.014744997024536 4.084966130554676 57.62135189026594 0 7.050483644008636 3.161156252026558 16.93140748143196 9.329840160906315 13.83977262675762 1.136485226452351 0.2857341468334198 3.49056613445282 3683.17278778553 146.475861877203 92.93875202536583 13.98220227658749 13.97762329131365 28.29051312804222 6.171740643680096 128.9299148619175 2.372174546122551 18.53773984313011 114.3696577772498 7.065454751253128 6.800396837294102 14.13543304055929 7.052097260951996 10.94733554124832 45.91908875852823 2.453937023878098 1.56437598913908 8.017146095633507 12.00611647218466 1.515761889517307 0 2.667759969830513 4.071828976273537 8.917487934231758 64.68071529269218 2118.874814279377 21.1152386367321 59.50475580245256 61.24624688178301 44.81718651950359 15.15999773144722 496.8214182034135 7.196312122046947 4.539956942200661 6.736799232661724 9.549370415508747 13.46378358453512 77.06982981413603 9.689537242054939 15.74077524244785 0.265578418970108 528.1433095708489 520.7987752780318 88.13983106613159 93.02950067073107 45.74937991797924 977.6621060371399 1092.489835083485 27.08806731551886 468.3078676685691 7.190973863005638 0.3447441756725311 1.116577707231045 9.970234811306 2.788462676107883 0 1.886294446885586 0.2739386931061745 1.406173422932625 2.104286581277847 31.14793676137924 13.61207869648933 3.476378753781319 12.66785328090191 6.325442403554916 1.933960676193237 1.871172197163105 431.051723651588 0 0 0.3076954185962677 0 0.9690583944320679 0.6997519284486771 1.098207771778107 1.06194269657135 3.360796794295311 0.6771296858787537 1.700947687029839 7.770945489406586 2.243077233433723 9.833677105605602 7.445846743881702 0.3290563225746155 0.5767213851213455 0 0.1320150047540665 0 0 0 0.1595107614994049 0 0 0 0 0 0 0.5757163092494011 0 0.6288371831178665 0 0.283227726817131 0.6486291289329529 0.7123218774795532 0 0.6215373426675797 0 12.70480361580849 5.438904121518135 21.87606877833605 13.42278548330069 3.35479050129652 0 0.1414654850959778 0 0 0 0 0 0.9767588526010513 1.816992253065109 0.1543686389923096 0.3135340511798859 0 1.187943451106548 0 0.1141999885439873 0.4262507408857346 0 0.2153553515672684 1.25668703764677 0 0 0.4982560127973557 11.26386070996523 1.115602687001228 0.1114060655236244 0.2496124282479286 0 0 0 0.2605427205562592 0 0 5.073956236243248 7.151813536882401 0 0 0 3.343603812158108 1.196404278278351 6.078829810023308 2.219041243195534 5.116876788437366 1.054172798991203 0 0.125378206372261 0 0.07047422230243683 0 0 0 0.3792357370257378 0 0 3.484187304973602 8.369502499699593 15.89596251398325 144.3641378358006 43.2153097614646 151.5787835195661 35.51401206851006 89.3619159758091 19.10204014182091 7.012956649065018 28.16601394861937 3.871806405484676 0.7472388073801994 3.773797884583473 0.9506612047553062 5.996725603938103 0.1142788454890251 0.3122506886720657 0.9208096265792847 4.949165239930153 0.9794803112745285
580.266176789999 768.9251255393028 52.51220580935478 0 253.1643948480487 185.2647152841091 148.4692644029856 0 115.6796613335609 325.4182600229979 0.3373835980892181 51.02501301467419 503.1076208874583 115.5078128278255 0 0 0 0 0 0 0 0 0 0 0 0 0 0 0 0 7.037498384714127 0 0 0 0 0 0 0 0 0 0 0 0 0 0 0 3.757845848798752 0 0 0 0 0 0 0 0.5558724626898766 0.6230223551392555 1.50212599337101 32.62881003320217 3.721120089292526 1.529847905039787 0 0 0 0.7926963716745377 0.3910418376326561 0.2017711848020554 0.0913943350315094 0.1151785179972649 0.1396834850311279 0 0 0 0 24.10124482959509 14.30620846152306 4.684299349784851 0 0.2141331285238266 0.1664568036794662 0.302047461271286 0 0 0.3998289704322815 0.09788654744625092 0.1254038214683533 0.6028151288628578 0 0 0.09613513201475143 0 0 0 0 0 0 28.42618541419506 0 0 0 48.14451952278614 0 0 0 0 0 0 0 0 23.91846442222595 0 0.2766724526882172 0.2436147481203079 0 0.8239843547344208 0 0 0 0 0 0 0 0 0 0 0 0 0 0 0 0 0 0 0 0 0 0 0 0 0 0 0 0 0 0 0 0 0 0 0 0 0 0 0 0 0 0 0 0 0 0 0 0 0 0 0 0 0 0 0 0 0 0 0 0 0 0 0 0 0 0 0 0 0 0 0 0 0 0 0 0 0 0 0 0 0 0 0 0 0 0 5.766594976186752 0.9453927353024483 11.60744725167751 1.461211010813713 133.6789688616991 1.688519388437271 0.5858287662267685 0.3311261832714081 0 0 0 0.09799335151910782 0 0 0 0 0 0
252.6196791529655 2615.412868984044 484.9531830325723 253.1643948480487 0 18.33571301400661 2842.636104911566 10.606634311378 2365.887359797955 14.0084041506052 3074.001926921308 1.951712995767593 2102.756401322782 527.9938556849957 19.63132808357477 0.706083856523037 0.3945917710661888 0 0 0.2070150077342987 0.3728760406374931 0 0.156897708773613 0 0 0.1868337318301201 0.1549737900495529 0.3294020444154739 0.3729162439703941 0 219.5062972083688 26.88206931948662 23.6917575225234 0 0 0 34.11823121458292 0.102407842874527 1.351747862994671 0.5503627508878708 0.7517652586102486 0.4652263522148132 0 0.2692992389202118 0.09168447554111481 0.09263680875301361 121.5634451806545 4.559382870793343 0.4696757346391678 0.2286063805222511 2.960560910403728 0.4677312225103378 0 0.8431684970855713 6.907234005630016 20.03265231102705 21.57516465336084 260.5139146894217 31.53626411408186 101.862671032548 0.2234559059143066 0.2478612512350082 0.1134909391403198 111.9199965447187 15.44152561575174 5.451511405408382 8.552304975688457 3.219689890742302 1.212092608213425 0.6678425297141075 96.29019722342491 9.855374559760094 0 217.0657603368163 188.788370706141 90.92845226079226 49.59734471142292 2.693106487393379 1.703673347830772 17.20819228887558 0.4152535647153854 2.26233895868063 14.44636764377356 1.319916635751724 2.923397347331047 26.38830415904522 1.263553664088249 0.09167548269033432 2.121461041271687 0.1119504198431969 0.4099919125437737 1.542316563427448 1.062637902796268 1.077855974435806 1.092225611209869 157.6773677766323 7.300610154867172 0 3.886501081287861 81.9615356400609 3.016619153320789 2.310689225792885 6.29491338133812 1.228022575378418 8.831031426787376 55.46633917093277 15.69237452745438 11.34999392926693 18.29877443611622 21.13885402679443 16.72906018793583 71.77669785916805 27.29191026091576 70.94457425177097 64.18231922388077 0 0 0 0 0 0 0 0 0 0 0 0 0 0 0 0 0 0 0 6.32184024900198 3.153830349445343 0 0 0 14.55536666512489 0.2518204152584076 12.24424362927675 0.3171528875827789 0.2875739559531212 0 0 0 0 0 0 0 0.4345860928297043 2.638114348053932 0.20023013651371 0.6867207586765289 0 0 0 0.08606503903865814 0.1486739069223404 0.2377441450953484 0.2071153074502945 2.224032953381538 0 0 0 10.11281482875347 0.8696793019771576 1.410822540521622 0 0 0 0 0 0 0 53.1011064350605 6.394361957907677 0 0 0 8.9561607837677 0 0.5878752917051315 1.292274996638298 2.377280354499817 2.534308798611164 0 0.502810575067997 0 0.09259087592363358 0 0 0 0 0 0 54.2199119925499 8.820688933134079 4.189249038696289 148.2651721537113 64.17475812137127 488.3788887709379 80.82310785353184 126.265375867486 85.07932904362679 15.10337372124195 36.02474263310432 4.349860198795795 0.6469552591443062 6.992788322269917 1.085635617375374 18.55840168893337 0.8534572198987007 0.7769227176904678 1.539251364767551 3.092571370303631 1.717629611492157
129.2632141411304 188.9969199448824 35.45550990104675 185.2647152841091 18.33571301400661 0 206.3022404760122 0 167.5404648333788 477.3852212429047 22.85999542474747 334.1200035512447 404.430174484849 257.9400793164968 0 0 0 0 0 0 0 0.3682352751493454 0 0 0 0 0 0 0 0 2.153413534164429 0 10.80771771073341 0 0 0 3.830682575702667 0 0 0 0 0 0 0 0 0 0.9625411927700043 0 0 0 0 13.04085753858089 0.707899808883667 0 0 0.1266916543245316 61.30499762296677 31.42913438379765 2.171714469790459 0.6258219182491302 0 0 0 0 0 0 0.1071115285158157 0 0 0 50.43138901889324 411.3230845034122 34.31939525157213 8.120461538434029 4.15009830892086 0.5379860699176788 0 0 0 3.587003827095032 0 0.1347273886203766 0.2412877380847931 2.384852185845375 0 0.3456287756562233 0 11.24038682132959 0.4722836017608643 13.464937672019 0.1501355320215225 0.1334679573774338 0 0 0 165.8284188956022 414.726881057024 28.72684518992901 1.315540790557861 184.3838207125664 0 0 0 0 0 0 0 0 14.61867773532867 0 0 0 0 0 0 0 0 0 0 0 0 0 0 0 0 0 0 0.2361076176166534 0 0.2447285950183868 0 0 0 0 0 0 0 0 0 0.2133922427892685 0 0 0 0.2704013884067535 0 0 0 0 0 0 0 0 0 0 0 0 0 0 0 0 0 0 0 0 0 0 0.2695742845535278 0 0 0 0 0 0 0 0 0 0.1322247385978699 1.650655776262283 0 0 0 0 0 0 0 0 0 0 0 0 0 0 0 0 0 0 0 0 0.6142710447311401 0 1.324750915169716 0.1910184621810913 2.43233784288168 0.705853059887886 73.7325976639986 1.173791810870171 0.3864854276180267 0 0 0 0.1454368233680725 0 0 0 0 0 0 0
1851.794596605003 4489.522865742445 238.649673178792 148.4692644029856 2842.636104911566 206.3022404760122 0 7.208113707602024 1082.602590397 624.0833467915654 126.6212336048484 43.3500993847847 587.6151868253946 210.1359390467405 28.58618391305208 0.6915274262428284 0.9304848983883858 0.151688277721405 0 0 0.9242683798074722 0 0 0 0 0 0 0.1318970322608948 0.1512578427791595 0.1232461333274841 336.4025186672807 21.09253999590874 14.59394177049398 0 0 0 21.95747136324644 0.2479608133435249 2.866677649319172 0.4880885779857635 0.1871320679783821 0.2017139941453934 0.4932839050889015 0.3367418497800827 0.09133167564868927 0.1097130998969078 206.6785735785961 7.716696076095104 0.3158759400248528 0.1255288422107697 4.261067166924477 0.4532272666692734 0 0.2074061036109924 12.85238413512707 33.60534142702818 69.3429326415062 980.1268272846937 70.29827697575092 188.6683318540454 0 1.426633283495903 0 168.8955170959234 26.17281156033278 9.556425407528877 13.6380450502038 3.919442467391491 0.5514518916606903 0.7418105080723763 70.22473607212305 11.93822821974754 0 708.6211716681719 444.7177246138453 191.3300460129976 56.99983359128237 3.045539446175098 2.645523682236671 13.05088944733143 0.4183997064828873 3.308750040829182 29.24433861672878 1.856233514845371 5.350129835307598 36.7123092636466 0.7549559324979782 0.08568601310253143 3.832325726747513 0 0.6294345259666443 0.9430530145764351 0.8911587670445442 0.8719569817185402 0.878870852291584 334.4837273210287 4.059069193899632 0 7.858034580945969 444.1527553796768 2.532470613718033 2.312140539288521 50.7251410484314 4.879839956760406 5.90318189561367 29.52312901616096 14.22970803081989 17.69919194281101 25.78878380358219 24.29651336371899 12.03659505397081 61.17552857846022 29.774179443717 61.31386246532202 54.46178139001131 0.8823262155056 0 0.4276479184627533 0 0 0 0 0 0 0 0 0 0 0 0 0 0 0 0 6.414502084255219 0.7055634260177612 0 0 0 12.70747534930706 0 9.347134374082088 0.1404936909675598 0 0 0 0 0.2309904247522354 0 0 0 1.622042000293732 3.127334758639336 0.09638574719429016 0 0 0 0 0.386996902525425 0.5014664083719254 0 0.09085081517696381 2.079803593456745 0 0 0 6.949875265359879 2.90248404443264 1.034160226583481 0.9606479480862617 0 0.1887272596359253 0 0 0 0 51.57750564813614 7.281296759843826 0 0 0 6.230875089764595 0 2.569257736206055 1.469578556716442 4.1598289757967 2.58751267939806 0.5130449682474136 0.6510050296783447 0 0 0 0 0 0 0 0.1074028387665749 51.13907255232334 6.599252730607986 2.521877244114876 280.9813845902681 87.53547952324152 795.0150325447321 104.6416614279151 536.400011613965 119.9063365012407 24.2587957456708 53.16380064934492 6.380095690488815 0.6153990030288696 7.679253920912743 2.074055641889572 17.37424762547016 1.286193333566189 1.271493405103683 1.057402700185776 2.942555963993073 3.983615890145302
286.4678339213133 1089.499815218151 3248.520299345255 0 10.606634311378 0 7.208113707602024 0 49.53880312293768 0 3362.079922579229 0 60.77638541162014 523.7384985610843 99.87253911048174 69.44527698308229 19.78717256337404 3.772571370005608 9.054758936166763 10.2492263391614 85.68493690341711 0 9.57873822748661 6.186842426657677 32.49671065807343 20.59619942307472 19.73386310040951 3.748676300048828 3.47557145357132 4.070268757641315 1681.38935251534 1226.753496050835 507.2327874451876 23.6849522292614 17.68637941777706 62.40141499042511 72.83942981809378 478.5707026347518 18.7951920107007 62.47278308868408 157.4739600419998 6.944672577083111 19.13573955744505 79.57205373048782 37.39667910337448 49.67501232028008 292.8216279521585 6.205112293362617 5.3562216386199 10.49874114245176 21.9107538536191 2.624628759920597 0 4.992195211350918 4.613678745925426 16.93970360606909 31.61591533571482 527.5132236555219 23.33794394135475 108.8073699995875 184.4648903012276 219.9603245556355 36.93506363779306 1445.718135178089 12.88884498178959 10.9825157225132 15.66424423456192 21.64533916115761 39.55206760764122 137.661522500217 47.17032408714294 53.48037840425968 0.879250779747963 325.1536566764116 516.8255717530847 201.8171758800745 1353.658633455634 621.125757239759 1411.977554701269 5632.99507881701 234.9366033375263 1362.232558608055 15.5993319824338 1.48496575653553 3.910357661545277 21.59239922463894 6.200394161045551 0.2495137155056 4.032932054251432 0.6900025606155396 2.785883501172066 4.655096955597401 49.81588242202997 31.13082766532898 10.80788917839527 17.55324479937553 19.10346680879593 4.364476159214973 12.71121929585934 163.2091883867979 0.8833011537790298 0.5542321354150772 2.495983928442001 0.6479933857917786 4.275589466094971 12.95416869223118 6.699448078870773 7.075545594096184 4.233414232730865 6.87465500831604 4.489258259534836 31.75416535139084 13.93469649553299 36.91049632430077 51.27772726118565 0.4466583877801895 0.143302857875824 0 0.2738233804702759 0 0 0 0 0 0 0 0 0 0 0.1813316345214844 0 1.266780145466328 0 0 2.044265128672123 0.6369587779045105 0 0.8156216144561768 0 24.92283891886473 4.989937260746956 28.47465127706528 20.843052752316 6.545682273805141 0.2344795763492584 0 0 0 0 0.100079245865345 0 1.202637061476707 2.07048024982214 0.3643336445093155 0.4230335503816605 0.2411540895700455 2.818954959511757 0 0 0 0 0.5402874872088432 2.76065930724144 0 0 0.5699519068002701 19.42468939721584 2.491131871938705 0.6802626848220825 0.3946400061249733 0 0 0.1342095732688904 0 0 0.4147328734397888 25.05216924846172 23.43341927230358 0.1102039515972137 0.2469584494829178 0.1267210841178894 9.794028073549271 0.9490448832511902 8.879423581063747 2.198239743709564 5.621245503425598 2.605891853570938 2.636149704456329 0.4556674808263779 0 0 0 0 0.3201292753219604 0.1336826980113983 0.1763338297605515 0 19.41637551784515 15.09331367909908 23.28163106739521 463.6911393851042 115.9404843151569 715.3349755331874 170.6912376880646 118.8562291190028 89.93740681558847 14.43510558456182 133.1027826741338 16.09043970704079 0.5478256866335869 9.095857210457325 1.237447045743465 9.202791452407837 3.177124008536339 0.6088632121682167 3.19412949681282 11.40000382810831 5.989906087517738
95.53763176500797 1918.477369740605 407.98246832937 115.6796613335609 2365.887359797955 167.5404648333788 1082.602590397 49.53880312293768 0 480.0258434936404 1731.907891310751 16.36042262613773 2946.854954697192 2037.864684589207 27.59927378594875 4.938360027968884 0.8310203403234482 0 0 0.3381111025810242 0.7866781875491142 0 0 0 0.1408765614032745 0.6474463269114494 0 1.278200387954712 0.1133127957582474 0.08536498248577118 124.9478626400232 34.47890461236238 62.66180540621281 0.1122842356562614 0 0.0915338546037674 111.0605782419443 0.9446433559060097 4.205498158931732 0.4676743447780609 0.9861497208476067 0.8119051232933998 0 1.205498427152634 0 0 167.5223842337728 3.296077787876129 0.1107530742883682 0.7335291281342506 4.320361360907555 0.3702494949102402 0 0.9809167310595512 6.115971051156521 15.76652766764164 13.47656605392694 112.2483012378216 22.53996151685715 74.5083040446043 0 1.372054077684879 0 106.4367668554187 12.82288979738951 5.613548092544079 8.239939302206039 3.19158098846674 1.699177920818329 1.108248494565487 330.3970564901829 81.80638912320137 0.4227353930473328 125.2199171334505 120.5466788485646 73.23630019277334 89.45813877880573 6.959131099283695 4.117667935788631 47.09810178726912 0.2303287461400032 1.486750945448875 13.02212957292795 0.9508353546261787 2.499093621969223 20.43778437376022 0.55121149122715 0.3649662807583809 2.532072387635708 0.09431937336921692 1.052652351558208 1.829895280301571 2.708398401737213 1.082373023033142 3.291766792535782 1168.871893338859 20.94336074590683 0 17.24147853255272 56.26555007696152 11.03936191648245 5.216754734516144 18.6305835172534 3.562336444854736 27.02336555719376 149.408267185092 54.23589488863945 60.19874683767557 42.03901247680187 96.47847728431225 55.84399871528149 301.385087646544 139.7599321305752 400.6535560935736 277.3672095686197 0.7455928102135658 0.7226517796516418 0 0 0 0 0 0 0 0 0 0 0 0 0 0 0 0 0 23.90541698783636 4.385774560272694 0.336239218711853 0 0 61.82923665642738 0.6416180431842804 45.53544954955578 0.9616767093539238 0.2213618904352188 0 0 0 0 0 0 0 7.936866648495197 10.9765776693821 1.156559564173222 0.6625428199768066 0.1503820568323135 0 0 0 0.6894282251596451 0 3.769304499030113 10.65603341907263 0 0 0 38.86874040961266 4.813073053956032 1.109828040003777 1.684137396514416 0.2907244116067886 0.1421057879924774 0 0 0 0 220.8813964277506 38.37524352967739 0 0 0 20.57895711064339 0 4.029163599014282 10.96664745360613 21.78459033370018 6.87276216596365 4.079060956835747 0.6061950176954269 0.1177755743265152 0 0 0 0 0.09484511613845825 0.2129974514245987 0 255.671718120575 26.23131592571735 13.87298989295959 392.59089666605 86.1083060875535 722.8590747565031 171.0227117240429 343.0711640715599 126.6102710366249 14.29323394596577 128.0597714707255 18.65441218018532 1.153462283313274 24.26616656780243 4.282327741384506 65.79687860608101 5.727224089205265 0.9583898857235909 8.958198368549347 6.052296459674835 4.52759050577879
1599.464708849788 187.2544965595007 11.45574347674847 325.4182600229979 14.0084041506052 477.3852212429047 624.0833467915654 0 480.0258434936404 0 7.518100418150425 643.4854910373688 7096.672702118754 1325.240101441741 2.009507670998573 0.3435518518090248 0 0 0 0 0 0 0 0 0 0 0 0 0 0 6.421524211764336 0.8938604593276978 18.6778989136219 0 0 0 19.25862681865692 0.5111075043678284 0 0 0 0.1913453638553619 0 0 0.2991158962249756 0 7.285665556788445 0.1325864940881729 0 0 0.0950799360871315 0 0 0 0.9592242985963821 1.642328441143036 15.63012822717428 120.068862490356 7.435489170253277 8.665866665542126 0 0 0 6.87004691362381 1.590865559875965 0.1794258579611778 0.4184215143322945 0 0 0.1185970902442932 301.8067348152399 3.994633495807648 0 80.3528144583106 29.83136093616486 11.87324823439121 2.398971304297447 1.263506442308426 0 1.399600833654404 0 0 0.9644161835312843 0 0.2356573790311813 1.52429074048996 0 0 0.09344248473644257 0.165672242641449 0 0 0 0 0 241.339820727706 16.72127681970596 1.61816143989563 0 238.5250576362014 0.408736951649189 1.928153425455093 7.871085554361343 5.584471732378006 0.5650413334369659 3.877103298902512 2.700107991695404 2.586078524589539 34.20920680463314 2.561551690101624 0.3611904680728912 6.815402284264565 2.263912804424763 12.21916715800762 5.018255680799484 0 0 0 0 0 0 0 0 0 0 0 0 0 0 0 0 0 0 0 0.6579426899552345 0.3656577467918396 0 0 0 2.144354581832886 0 0.297850489616394 0.588656023144722 0 0 0 0 0 0 0 0 0 0.7401383221149445 0 0 0 0 0 0 0 0 0 0.1741756051778793 0 0 0 2.029754728078842 0.452480137348175 0 0.2086836248636246 0 0 0 0 0 0 6.700096189975739 1.055580914020538 0 0 0 0.5064890384674072 0 0.8472836017608643 0.4169232547283173 0.923144519329071 0 0 0 0 0 0 0 0 0 0 0 9.283607602119446 1.55019123852253 0.2102451175451279 18.85863877087831 4.294967196881771 39.5739734172821 4.884539492428303 435.3192707970738 5.09759034961462 1.488601960241795 3.84223273396492 0 0.1184359192848206 0.1151597052812576 0 0.3792702257633209 0 0.1127279996871948 0.8062810003757477 0 0.3723655045032501
468.3922713920474 6256.746231012046 2746.738468408585 0.3373835980892181 3074.001926921308 22.85999542474747 126.6212336048484 3362.079922579229 1731.907891310751 7.518100418150425 0 6.248281568288803 1596.953235059977 3077.31536474824 79.37260380387306 21.51356784999371 0.8589219152927399 0.7910907790064812 0.1042542085051537 0.915234312415123 3.817317098379135 0 0 0.2140914723277092 0.8139278590679169 1.24193798750639 0.09374774992465973 1.985869474709034 0.3400570079684258 0.5871348455548286 625.9783786609769 108.2001641243696 252.857179671526 0 0.09835220128297806 1.851555645465851 149.3824513480067 27.33174953609705 7.191949561238289 6.264990389347076 3.84218306094408 2.028467819094658 0.3434751927852631 10.21461332589388 0.9234539493918419 0.3136545568704605 305.9013217538595 6.760990187525749 1.123138792812824 0.4097411185503006 6.7427052333951 1.447325110435486 0 2.905120223760605 7.99076122045517 23.00040060281754 26.32929344475269 374.2959734648466 37.13988937437534 115.0085901767015 0.7875769436359406 7.892405435442924 0.1071683913469315 209.1211744993925 18.01798243075609 9.208016917109489 18.57678547501564 6.295734159648418 1.877014152705669 4.664317451417446 594.0436013787985 120.7014232724905 0 225.5797708854079 208.5508979856968 128.317008882761 200.5533911138773 34.50821430236101 89.44165793806314 628.0013771280646 0.420617550611496 11.19439976662397 18.13432865589857 2.825937710702419 3.565847881138325 33.43435901030898 1.427468046545982 0.4015349596738815 4.655559301376343 0.3350353315472603 1.538767114281654 3.093157947063446 7.05576130002737 4.161979779601097 6.271404147148132 602.3050802350044 56.68196074664593 0 20.46191631257534 203.1492930874228 10.24339345097542 6.411401279270649 19.15079635381699 3.761407643556595 35.06005717068911 152.0780284553766 48.6426208615303 60.37806478887796 38.81848610937595 94.69304305315018 59.99057441204786 295.2407760769129 130.0449462980032 412.9328425079584 312.2948004752398 1.189096875488758 0.1521991789340973 0 0 0 0 0 0.2514759600162506 0 0 0 0 0 0 0 0 0 0 0 30.84696105867624 4.818414136767387 0 0 0 84.73524757474661 0.3925214409828186 42.6337027400732 1.990159824490547 0.3181681334972382 0 0 0 0 0 0 0 8.84449353069067 17.7573519051075 1.308860152959824 0.7687208950519562 0.2030839622020721 0 0 0.1013892889022827 1.615152597427368 0.2458911389112473 1.769437711685896 10.41632288694382 0 0.1226761341094971 0 50.87973686307669 9.80988959223032 1.95629071444273 1.377582304179668 0.2180433869361877 0 0.1999232769012451 0.5372929275035858 0.3292965292930603 0 260.1935571730137 66.55077661573887 0 0 0 25.48675663024187 0 9.237981006503105 11.31667678803205 22.91297398507595 11.45062427222729 3.812550902366638 2.045198731124401 0.107888787984848 0 0 0.1036234050989151 0 0.104944184422493 0.3417936414480209 0 235.1553878411651 40.72220624983311 18.262980081141 805.0805651769042 179.030822686851 1112.640655100346 320.1753713339567 310.2319275811315 207.7825871855021 25.49703391641378 253.357384942472 30.56127936393023 1.96710167825222 31.87241032719612 6.147727631032467 61.37013230472803 5.991116844117641 2.297463424503803 8.672946095466614 20.08689468353987 10.05038588494062
190.6699806004763 2.651489406824112 0.2388630658388138 51.02501301467419 1.951712995767593 334.1200035512447 43.3500993847847 0 16.36042262613773 643.4854910373688 6.248281568288803 0 2034.770086988807 133.3340068608522 1.253478646278381 0.6579062342643738 0 0 0 0 0 0 0 0 0 0 0 0 0 0 0 0 19.87728433310986 0 0 0.2227416783571243 114.8513872027397 0.3823404610157013 0 1.042378187179565 0 0 0 0.2241161912679672 0 0 1.574466392397881 0 0 0 0 0 0 0 0 0.1077272817492485 0.6320797652006149 2.500352039933205 0.4718717113137245 0.8193265050649643 0 0 0 0 0 0 0 0 0 0.08897411078214645 187.6310096234083 21.33716893196106 0 0.9436475932598114 0.8353148698806763 0.3250787258148193 1.905333057045937 0.324886754155159 0.2595540881156921 6.148029088973999 0 0 0 0 0 0.1691444963216782 0 0 0 0 0 0 0 0 0 1126.470881700516 106.1179803013802 0 5.313311576843262 60.71818664669991 2.522297620773315 0.7335618883371353 1.66851844638586 0 2.924016989767551 19.79370369017124 13.7639684677124 6.680966414511204 6.253180101513863 16.04251156747341 11.07671312242746 45.31233517825603 21.8503006696701 86.47824074327946 41.2575254663825 0.1327549815177917 0 0.27742999792099 0 0 0 0 0 0 0 0 0 0 0 0 0 0 0 0 3.240598529577255 0.9797206670045853 0 0 0 10.8790634572506 0 4.064365074038506 0.1668916791677475 0 0 0 0 0 0 0 0 1.552957013249397 2.114918053150177 0 0 0 0 0 0 0 0 0 1.656224027276039 0 0 0 3.363922476768494 0.2840887606143951 0 0 0 0 0 0.1335721015930176 0 0 45.31159695237875 3.214893534779549 0 0 0 1.744060561060905 0.5865899324417114 0.8013761192560196 0.4230976477265358 3.653103217482567 0.7969392091035843 0.8029344230890274 0.3215111792087555 0 0 0 0 0 0 0 0 84.5033406317234 6.266325324773788 1.184379667043686 11.40765015035868 0.6846622377634048 6.784576587378979 1.842460595071316 162.7106206715107 0.7264096438884735 0 2.864456079900265 0.9196026772260666 0 2.298491172492504 0 7.563910767436028 0.2776505947113037 0 0.7144009172916412 0 0.2777868509292603
251.5565595328808 691.4496718347073 32.76714545488358 503.1076208874583 2102.756401322782 404.430174484849 587.6151868253946 60.77638541162014 2946.854954697192 7096.672702118754 1596.953235059977 2034.770086988807 0 1020.065992519259 13.10096977651119 8.807121492922306 0 0 0 0 0.4180707037448883 0 0 0 0 0 0 1.145277313888073 0 0 17.7285547927022 3.672244660556316 175.2915703356266 0 0 3.196566969156265 61.08205763995647 8.315773576498032 3.930852517485619 4.29091015458107 0.4974145740270615 0.4554151296615601 0.09856319427490234 5.752168990671635 0 0 35.72193183749914 0.6194078624248505 0 0 0.5288298651576042 0 0 0.6424222737550735 0.7172736898064613 1.911220293492079 6.321992971003056 23.12009939551353 4.404028505086899 10.90065009146929 0 2.334626078605652 0 14.84790875762701 1.78802290558815 0.8556076735258102 1.610394515097141 0.7576267197728157 0.09564746171236038 0.4961374774575233 105.8157101422548 48.02273108065128 0 28.49804073572159 19.88645356148481 13.867860481143 27.15905194729567 13.18299715965986 0.3949008658528328 153.7439143061638 0 16.37045928835869 2.767238900065422 0 0.2908297553658485 3.87157180160284 0.4544206485152245 0 0.3307804390788078 0 0 0 0.674686998128891 0.9157471805810928 0.7166103422641754 3768.287641778588 54.58390770852566 0 6.77946825325489 93.53283718973398 2.681268133223057 2.262978248298168 4.543531782925129 0.4812605977058411 11.43854289501905 49.84685225784779 26.88530297577381 28.94691106677055 55.91720537096262 37.5574541836977 25.7239742577076 126.5952600166202 53.85686853528023 163.7253170236945 111.3545316010714 0.419868066906929 0.2646615207195282 0 0 0 0 0 0.1596375852823257 0 0 0 0 0 0 0 0 0 0 0 11.12141036242247 4.227742776274681 0 0.4094457030296326 0 32.7569904178381 0 21.30462524294853 0.5000842958688736 0 0 0 0 0 0 0 0 3.213430687785149 2.194348722696304 0.3769828826189041 0.4119598120450974 0 0 0 0 0 0 0.1742860972881317 1.988659158349037 0 0 0 13.03138345479965 1.260330624878407 1.107338771224022 0.6546999290585518 0 0.4657820761203766 0 0 0 0 113.8204474672675 16.51317757368088 0 0 0.2562943994998932 11.08350589871407 0 1.172877416014671 3.400542348623276 6.854695126414299 3.936994165182114 0.3297890424728394 1.761444464325905 0.2857545018196106 0 0 0 0 0.12828628718853 0 0 150.8531646877527 27.11619859933853 5.383142918348312 150.476382650435 25.57996380329132 147.4843375757337 43.02860321849585 279.0809398591518 21.52915048599243 3.496573328971863 44.72254924476147 3.298495016992092 0.25191929936409 8.068198852241039 1.027714997529984 21.98712076991796 1.840820021927357 0.6412538290023804 2.528974369168282 2.794216476380825 1.481405943632126
131.3178859502077 606.8068116977811 208.0516235753894 115.5078128278255 527.9938556849957 257.9400793164968 210.1359390467405 523.7384985610843 2037.864684589207 1325.240101441741 3077.31536474824 133.3340068608522 1020.065992519259 0 27.55153887718916 15.19581349939108 0.2638400942087173 0.1620454639196396 0 0.1195328757166862 0.6166829317808151 0 0 0 0 0.2530689239501953 0.5017098784446716 1.132827565073967 0 0.341032087802887 29.50498661398888 5.418602332472801 387.4759163707495 0 0 10.64309617877007 185.3408379107714 61.8152571618557 19.43540877103806 14.40169587731361 1.578143335878849 0.5138125717639923 0 10.8153779655695 0 0 78.30179764330387 1.247639656066895 0.1077804490923882 0.4237773418426514 2.070501938462257 0.3197880908846855 0 0.8994491621851921 0.9747883304953575 5.391616962850094 5.578065998852253 45.91590635478497 9.071317136287689 16.78754036128521 0.09843863546848297 18.68443179130554 0 23.30115903913975 2.701820850372314 1.553021542727947 2.233631573617458 1.280203744769096 0.5162991806864738 1.449203670024872 445.6594827398658 91.88515384495258 0 43.56810507923365 30.85779403150082 20.31953832507133 59.87254251539707 21.65899859368801 16.82311079651117 474.344095043838 0.1370962858200073 26.51447287201881 2.840021550655365 0.2518713921308517 0.3555449992418289 4.877913162112236 0.2149004563689232 0 1.482763379812241 0.1369136124849319 0.7062134519219398 0.4201681464910507 1.399994537234306 0.08942612260580063 0.9663754776120186 1747.010100618005 91.55581420660019 0 33.16725531965494 65.14554363489151 7.432220675051212 4.6838688403368 10.1308136433363 2.589084550738335 24.55063174664974 96.56349996477365 36.91222557425499 36.43415732681751 36.9950840100646 62.0102386623621 40.59730251133442 197.6257132515311 90.36694037914276 305.1883641332388 220.8814940601587 2.006502494215965 0.3270716965198517 0 0 0 0 0 0 0 0 0 0 0 0 0 0 0 0 0 18.16132159531116 3.693872548639774 0 0 0 60.97248405963182 0.3590686470270157 39.34238865971565 4.052715018391609 0.6786593943834305 0 0 0 0 0.3378473818302155 0 0 8.159171849489212 10.37716285139322 0.5595003068447113 0.6583426892757416 0.1443125903606415 0 0 0.4165176153182983 1.056929767131805 0 1.638209782540798 7.798093169927597 0 0 0 40.21573708951473 6.951019749045372 1.397240608930588 0.5606275126338005 0 0.213194951415062 0 0.2065139561891556 0 0 193.4417922571301 46.91413743793964 0.1698652505874634 0 0 19.56251193583012 0.3545911312103271 6.809671565890312 6.968752175569534 23.04617960005999 7.092711538076401 3.255894184112549 2.155393227934837 0.5127373412251472 0 0 0 0 0 0 0 230.3708673864603 35.31104058772326 19.38783174753189 537.3011828437448 40.99967177957296 359.9766258895397 105.1385691538453 302.4270326942205 49.8979461863637 5.494017906486988 154.526657037437 19.77855499833822 0.1359257400035858 22.20997699350119 2.709825173020363 46.9310927093029 1.988270975649357 0.252637654542923 5.181691780686378 10.99143914878368 4.396974623203278
2.657535396516323 1.937079466879368 18.89586911350489 0 19.63132808357477 0 28.58618391305208 99.87253911048174 27.59927378594875 2.009507670998573 79.37260380387306 1.253478646278381 13.10096977651119 27.55153887718916 0 2121.662049286067 334.616407558322 22.77667557448149 44.04460914433002 2.721979707479477 6.098562382161617 0 0.9290205091238022 0.1142326518893242 39.15634963661432 1.173022374510765 1.603570185601711 0.6202247738838196 1.440716415643692 0.1727076768875122 5.597590133547783 31.10713321715593 88.7161011248827 3.561342768371105 0.7978402152657509 25.57169205695391 73.57832174003124 118.1780954748392 24.63630782067776 63.99287817627192 14.22045110166073 0.967820793390274 10.37625548243523 1685.699950225651 53.98100174218416 44.02195861935616 596.2392972633243 41.70687760412693 25.42122073471546 10.89242439717054 8.88161239027977 0.4152258932590485 1.672494813799858 1.205568090081215 1.867713339626789 2.889621049165726 0.5303863883018494 3.489288777112961 3.748797073960304 234.8500692546368 109.8123134672642 113.3846686407924 14.58867613971233 29.53517631441355 3.985583856701851 16.48922355473042 13.5859893783927 40.62697656452656 31.31494083255529 18.708032310009 37.58917316794395 7.430547066032887 0 131.2881287410855 23.93801531940699 1063.379840798676 1646.508083179593 1947.532593928277 221.0507649257779 151.5561281815171 180.6638869196177 243.2353433668613 7.100436471402645 0.461279071867466 10.30224112421274 4.693801999092102 23.96380395442247 0.1609203368425369 0.8941579833626747 0.3736758381128311 1.986809641122818 2.335211247205734 5.369902729988098 1.958488494157791 0.8053718432784081 1.546986490488052 2.318126693367958 0.2276673465967178 12.30608685314655 1.389407113194466 0 0 0 0 0.1141482964158058 0.3531683385372162 0.1127900257706642 0 0 0 0 0.8662599995732307 0.1254366785287857 0.8129746615886688 1.472833596169949 0 0 0 0 0 0 0 0 0 0 0 0 0.1494920551776886 0 1.09139296412468 0 0.8350597023963928 0.1995822191238403 0 0.2895076274871826 0 0 1.307410329580307 0 2.725404568016529 0.8811235874891281 4.329501077532768 5.134174183011055 3.238559044897556 0 0 0 0 0 0 0 0 0.6587060391902924 0 0 0 0.3972431346774101 0 0 0 0 0.1264804154634476 0.3420436382293701 0 0 0.517874538898468 2.198626220226288 0 0 0 0 0 0 0 0 0 1.406930297613144 2.694309033453465 0 0 0 0.5924196094274521 0.09723310917615891 0.8586456477642059 0.1093714982271194 0.643394723534584 0.2379218637943268 0 0.2784633636474609 0 0 0 0 0.2512938529253006 0.3372193276882172 0 0 0.1909347772598267 1.482264712452888 2.417203590273857 23.31347015500069 42.19976147264242 561.3201144859195 69.63830024003983 3.570187628269196 13.25294879823923 6.588525556027889 11.44153478741646 2.801812186837196 0.123786024749279 0.5921228229999542 0.4284422695636749 1.740314126014709 0 0 0.7065129280090332 0.6539550647139549 0
