0 2909.380676008761 232.9880733266473 790.591378390789 137.0817048177123 314.8463202267885 523.4966745153069 12.9258108958602 41.43143182992935 1356.802069321275 93.73186753690243 158.3939953148365 289.8854108378291 33.9497440084815 0.2639063969254494 2.400463424623013 0 0 0 0 0.4725435152649879 0 0 0 0.1216459944844246 0.2537705600261688 0.2312194481492043 0 0.2234753370285034 0.4440911561250687 838.0034396275878 0.834627777338028 3.244365781545639 0 0.3317350894212723 0.1352879405021667 1.013698108494282 0 0.1813952028751373 0 1.091270327568054 0.3782791569828987 0 0.1146943867206573 0 0 3.810182727873325 0.6651660054922104 0 0 0 0 0 0.2710222899913788 3.459529042243958 2.848937667906284 306.4869923815131 779.7535384297371 32.67068567872047 3.599554985761642 0 0.4494033455848694 0 5.158126041293144 1.775046065449715 0.124692440032959 0.3222832605242729 0 0.3052438795566559 0.4112358093261719 6.487222567200661 12.63207828998566 0.2215912044048309 134.789392977953 35.79929785430431 19.76276303827763 6.094206757843494 0.9544205144047737 1.288461230695248 13.70644541084766 0 0.7368154004216194 2.811942495405674 0.09507378190755844 0.6200198754668236 1.165959559381008 0.3263081982731819 0 0.1921983957290649 0 0 0 0.7661096304655075 0 0 223.1879298686981 12.98368030786514 0 0.4475277066230774 1517.311560459435 0.9337189793586731 3.432537376880646 0.8665749877691269 0.3616430163383484 0 10.36809647083282 0.8792495131492615 3.093825817108154 47.78996902704239 18.04282741248608 0 19.07071575522423 9.184949323534966 6.754411116242409 1.14372481405735 0 0.6028296947479248 0 0 0 0 0 0 0 0 0 0 0 0 0 0 0 0.19277323782444 0 0 0 0 0 0 0.1115021035075188 0 0.2913572192192078 0 0 0 0 0 0 0 0 0 0 0.1658887416124344 0 0 0 0.1691969931125641 0 0 0 0 0 0 0 0 0 0 0 0 0 0 0 0 0 0 0 1.742915496230125 0.2651271224021912 0 0 0 0 0 0 0 0 0.6070657074451447 0 0.1491423100233078 0 0 0 0 0 0 0 0 5.539876982569695 0.9823713228106499 0.3236046433448792 55.26864340901375 7.9879300147295 36.47220711410046 3.503056958317757 830.8010225445032 2.288433454930782 0 2.149604730308056 2.067297101020813 0 0.6354414597153664 0 18.97221171855927 0 0 0.3687939643859863 55.35413015633821 0
2909.380676008761 0 1736.515612863004 888.8147817105055 2744.555435240269 542.3299570009112 2998.379410326481 70.24700195342302 4340.897496886551 523.3777230829 1538.680721409619 31.68124289810658 395.8647779524326 1740.216396398842 6.319115474820137 13.30887595564127 1.803128466010094 0.3951405733823776 0.09802710264921188 1.360955126583576 5.633094288408756 0 1.010138869285583 0.9683723673224449 0.520084373652935 0.9972288906574249 1.00215807557106 0.4716546088457108 1.414314240217209 0.6970820426940918 2583.992856003344 6.604469932615757 13.17113507539034 0 1.20027244836092 0 9.244676969945431 0.3107227832078934 0.2805293947458267 0.5539379268884659 5.516516037285328 0.8719464465975761 0.2191842049360275 2.371632352471352 0.853950023651123 0.2625561282038689 99.07000992447138 7.860411047935486 0.4970898330211639 1.096897691488266 0.9416325986385345 0.1168484911322594 0.1583274900913239 1.66422264277935 29.58428154140711 41.38143400102854 264.6050380915403 1351.068860776722 60.0657052770257 38.28143986314535 0.1817802041769028 4.330459505319595 0 136.0011563375592 26.55005376040936 2.192658066749573 0.3103813230991364 1.987049207091331 1.517256163060665 6.049767449498177 3.981512911617756 1.689047202467918 0 745.8978137075901 337.5783755257726 284.9543582871556 173.4853570014238 10.91003357619047 3.259426467120647 127.0715961307287 1.134672112762928 16.32462103664875 31.590197250247 1.678030595183372 5.883303463459015 7.232151687145233 5.461719773709774 0 0.7768373414874077 0 0.09479980170726776 0.3936448246240616 3.681974403560162 0.3468289226293564 1.191395998001099 163.815271422267 0.08631257712841034 0 0.2633020877838135 694.4008894190192 1.816525310277939 10.75798782706261 6.350295394659042 0.6764234006404877 1.445345491170883 42.85353418439627 2.615903198719025 18.38689007610083 43.66271021962166 35.66247546672821 0.4251762926578522 80.64947458356619 58.31257183849812 38.75303743034601 8.657208926975727 0 0.4810847565531731 0 0 0 0 0 0 0 0 0 0 0 0 0 0 0 0.2043473124504089 0 8.295996338129044 4.755324006080627 0 0 0 2.85439383238554 0.3182731866836548 1.768111228942871 1.118499606847763 0 0 0 0 0 0 0 0 0.3146730959415436 3.136354103684425 0 0 0 0 0 0 0 0.09881450980901718 0 0 0 0 0.2290624678134918 3.187388718128204 0 1.074967212975025 0.4765905365347862 0 0 0 0.1213588416576385 0 0 32.54817795753479 0.5663798749446869 0 0 0.2056343406438828 0.8269245773553848 0 2.481797218322754 1.406597852706909 1.318874701857567 2.46682807803154 1.011178031563759 0 0.5453057587146759 0.1211865544319153 0 0 0 0 0 0 32.15408502519131 3.668446741998196 1.034430615603924 368.1500682011247 65.80376306921244 448.371062964201 48.03197110444307 1052.430726997554 46.2753009647131 5.727553442120552 51.55143591016531 6.378934144973755 0.09745108336210251 1.871265441179276 0.3134493604302406 31.92158222198486 0 0 1.470397174358368 140.4396036863327 0.633871391415596
232.9880733266473 1736.515612863004 0 18.21946993470192 1189.002147622406 45.86409160494804 71.80525962263346 3118.559143327177 1206.582325577736 17.50671799480915 3130.8064160496 2.509955435991287 29.52599247545004 437.2238076478243 21.17908801138401 65.37799944728613 2.29381962865591 3.115057319402695 1.726004756987095 28.95732401311398 84.17647218704224 0 12.01316618174314 4.330983512103558 3.005957968533039 2.980339057743549 11.13782136142254 1.021398894488811 0.7339687049388885 1.611476682126522 4098.933168195188 475.7922806888819 5.92480044066906 4.403293833136559 12.43576119840145 0.10086939483881 2.637901708483696 0.1004097983241081 1.091296829283237 0.8727146089076996 50.250482827425 6.047069706022739 9.956438437104225 11.30222376435995 8.132869087159634 5.747678264975548 43.53552505373955 19.44341086596251 5.276700146496296 16.20680536329746 1.156140387058258 0 0 0.8673650026321411 9.224804043769836 11.54325148463249 93.30667594820261 1023.027561210096 19.24368733912706 20.33769561350346 3.092441439628601 1.5555599629879 0.4394284784793854 113.4922177940607 9.249461106956005 1.468321651220322 0.2981370463967323 3.150016620755196 25.39969517290592 81.62376447767019 1.953310050070286 2.811580315232277 0 208.7256676107645 149.225165694952 123.4630537703633 117.3982200697064 47.60969660431147 244.2200934290886 1143.512185245752 62.03243257850409 432.209146335721 10.46032129228115 0.361530490219593 2.709532052278519 2.279533736407757 12.16465729475021 0 0.8342685997486115 0.105146199464798 0.7510429620742798 0.6640226021409035 27.53491285443306 1.403168573975563 2.802003301680088 6.070699423551559 0 0 0 202.2105561569333 0.2104794234037399 0.3413121402263641 1.712306469678879 1.222233980894089 1.84240959584713 9.611173138022423 0.5601533949375153 0.8595669865608215 2.199168965220451 4.315110504627228 0 12.88122763484716 7.508986949920654 5.568380676209927 2.884614892303944 0.1048537269234657 0.3567788004875183 0 0 0 0 0 0.1209231242537498 0 0 0 0 0 0.4058174788951874 0 0.2478174865245819 0 0.1120615750551224 0 0.347688764333725 0.426235631108284 0 0 0 1.641099967062473 0 1.160778775811195 0.3134871795773506 0.1058868393301964 0 0.1053736060857773 0 0 0 0 0 0 0.952646791934967 0 0 0 0 0.5765135437250137 0 0 0 0 0 0 0 0 1.403988122940063 0 0.2999898195266724 0 0 0 0 0 0 0 6.056258782744408 0.3969793617725372 0.1568683981895447 0 0.1306850165128708 1.96399798989296 0 0 0.700001984834671 0.657732218503952 0.7555159330368042 0 0 0 0 0 0 0 0 0 0 1.090543426573277 0.9566893726587296 1.331152275204659 112.3678416311741 22.73045448958874 185.1860190629959 25.28769288212061 139.3431590795517 18.03412922471762 2.959484905004501 13.71169862896204 0.8738183900713921 0 2.278032295405865 0.1647508591413498 2.785997003316879 0 0 0.3628709316253662 4.449301980435848 0
790.591378390789 888.8147817105055 18.21946993470192 0 90.332444652915 238.360901042819 846.9790638834238 2.201894745230675 26.63613357394934 2010.952992543578 4.743448458611965 838.8235191106796 3229.288895383477 169.8776908665895 0.9181471690535545 0.7990923598408699 0 0 0.1873647123575211 0 0 0 0 0 0.2073995471000671 0 0 0.1724641025066376 0 0 95.5143965035677 0.4379274249076843 2.041615776717663 0 0 0 1.285818308591843 0 0 0 0 0 0 0 0 0 8.309286937117577 0.3401464223861694 0 0.1064120456576347 0 0 0 0 2.699840664863586 2.304428078234196 45.00399930030107 167.9047372117639 10.16637229174376 4.467153817415237 0 0.1143198311328888 0 9.117680802941322 2.320912063121796 0.3368813395500183 0 0 0.2305173575878143 0.1271478235721588 1.571757435798645 0.3802314698696136 0 65.55477818101645 26.98257803171873 26.85668616741896 10.6707946434617 0.5210753679275513 0 3.377527371048927 0 0 2.949455469846725 0.3615161329507828 0.456756979227066 1.052486196160316 0.2258219122886658 0 0 0 0 0 0.4717202335596085 0 0.1530400514602661 70.40081445872784 0 0 0 183.5883364379406 0 1.541548043489456 2.196027874946594 1.201356828212738 0.1948251128196716 16.60111898183823 1.080747246742249 5.641690209507942 26.21421471238136 12.5549258440733 0 13.788564696908 17.67465818673372 5.416002720594406 2.205961912870407 0.1671398282051086 1.129518121480942 0 0 0 0 0 0 0 0 0 0 0 0 0 0 0 0 0 1.044692993164062 0.5255143642425537 0 0 0 0.1426259577274323 0 0.4887556135654449 0 0 0 0 0 0 0 0 0 0 0.9438218474388123 0 0 0 0 0 0 0 0 0 0 0 0 0 0.936672031879425 0 0 0 0 0 0 0 0 0 4.903603799641132 0 0 0 0 0.8719997704029083 0 0 0.3463934138417244 0 0 0 0 0 0 0 0 0 0 0 0 11.09069380164146 2.046043492853642 0.4864545464515686 44.67738579958677 11.65560413897038 40.92051355540752 5.676905453205109 239.5342552065849 4.27180278301239 0.8229380398988724 5.015090122818947 0.9642390608787537 0.117593988776207 0.1612584739923477 0 11.77479308843613 0 0 0 19.26275835931301 0
137.0817048177123 2744.555435240269 1189.002147622406 90.332444652915 0 56.50639845430851 698.7862959206104 12.1818455606699 10045.4958255738 302.7770762890577 1805.263468809426 3.633889958262444 153.0397255942225 1692.145260438323 5.720810249447823 6.082238033413887 0.2597093656659126 0.1125416681170464 0 0.1001976877450943 1.16928619146347 0 0.3187890648841858 0.2356262654066086 0.5627444386482239 0.4102275669574738 0.4228454232215881 0.4602369964122772 0.2956010401248932 0.1610340923070908 368.7339425683022 6.174524709582329 15.50906220078468 0 0.1443842798471451 0.6812040209770203 8.654486641287804 0.1804980039596558 0.6968605518341064 0 0.9002933725714684 0.1226045712828636 0.1080559194087982 0.924078069627285 0.3631290346384048 0 76.31647822260857 4.963046103715897 0.2638238295912743 0.4152505099773407 0.7484967857599258 0 0 0.3065004348754883 13.56600901484489 24.02869898080826 56.6448987647891 341.9660878255963 26.26932808756828 30.55171302706003 0.1162301599979401 1.763943962752819 0 81.1249555721879 15.12199438363314 1.164781473577023 0.4712100625038147 1.405036084353924 0.7243351861834526 0.850234717130661 9.058277115225792 5.786676675081253 0 295.8959512785077 149.6351954862475 170.3368280604482 110.7078150287271 6.483303114771843 0.4626882672309875 24.07568097114563 0 3.121337406337261 17.64799055457115 0.7925257086753845 2.683510266244411 5.017888307571411 1.995573602616787 0 0.7816375643014908 0.1243054121732712 0 0 0.2114997431635857 0.587723933160305 0.3486329019069672 158.954141408205 0.2648995518684387 0 0.147597461938858 45.36545154452324 1.50743268430233 3.92232558131218 5.8349439650774 2.503698199987411 3.783558130264282 63.20079101622105 1.467980444431305 38.18751384317875 18.3908933699131 41.88432709872723 0.2587541937828064 115.8551449328661 100.5105668380857 64.59634174406528 20.80755560845137 0.1106496751308441 2.595878556370735 0 0 0 0 0 0 0 0 0 0 0.09103156626224518 0 0 0.1025760620832443 0 0.1815219968557358 0 7.77493280172348 6.460860103368759 0 0 0 3.836045771837234 0 4.066423624753952 0.8752538338303566 0.1154284328222275 0 0 0 0.1296226978302002 0 0 0 0.7036143243312836 3.426268838346004 0 0 0 0 0 0 0.761879026889801 0 0.488395020365715 1.814468741416931 0 0 0 4.381732761859894 0.4085013568401337 0 0.4089745208621025 0 0 0 0 0 0 69.19636205583811 0.6683639138936996 0 0 0.1210631504654884 4.404288172721863 0 0 3.139855965971947 3.41375233232975 2.694002293050289 1.300382494926453 0.3315278142690659 0.1319695860147476 0 0 0 0 0 0 0 50.90972372889519 8.941188730299473 3.08168251812458 303.0279813408852 51.95429928600788 333.9135868996382 46.89522315561771 306.320715226233 44.08625848591328 5.463160574436188 38.17469514906406 5.475114054977894 0 5.145242884755135 0 18.19881057739258 0 0 1.606069475412369 11.12083537131548 0
314.8463202267885 542.3299570009112 45.86409160494804 238.360901042819 56.50639845430851 0 176.480988278985 2.443747490644455 39.17711120098829 745.014275982976 8.075475484132767 158.5658496320248 172.8957848101854 61.60994294285774 0.3921041116118431 0.3577635958790779 0 0 0 0 0.443329781293869 0.6329286992549896 0 0 0 0 0.1017155423760414 0 0.3183977007865906 0 191.2818978875875 0 30.35637430846691 0 0 0 40.29578496515751 0 5.568001270294189 0 0.2497930377721786 0 0 0.3250280916690826 0 0 0.8934053182601929 0 0 0 0 17.65871824324131 0.1400324255228043 1.437852248549461 0.109307549893856 1.190129585564137 180.7064752355218 131.0177507847548 4.414825648069382 0.344262607395649 0 3.621035009622574 0 0.5383878573775291 1.482082828879356 0.9480006098747253 0 0.09480168670415878 0 0 162.7611494064331 263.7428316175938 13.420803129673 17.44685783237219 2.652762673795223 1.834812074899673 0.1070502251386642 0.09092187881469727 0.1702692359685898 8.996926970779896 0 2.554785698652267 0.5941780805587769 1.962550818920135 0 1.118131801486015 0.288988284766674 10.49508330225945 7.418043941259384 14.73662608861923 1.153211981058121 1.50907401740551 0.1018686518073082 0.3330338597297668 0.4644747823476791 700.3172647356987 148.8148169219494 14.95236817002296 14.71225856244564 545.8828805163503 0 1.186883211135864 0 0 0 1.024768337607384 0 0.5113938450813293 7.277197673916817 3.115290939807892 0 2.995749086141586 0.987262174487114 1.174134284257889 0.4318169057369232 0 0 0 0 0 0 0 0 0 0 0 0 0.4566874504089355 0 0.2633679211139679 0 0.4750432521104813 0 0 1.153693050146103 0 0 0 0 0 0 0.1997709423303604 0.3683331608772278 0.6026879400014877 0 0 0 0 0 0.3844906240701675 0 0 0 0 0 0 1.148344039916992 0 0.1628323644399643 0 0 0 0 0 0 0 0 0 0 0 0 0 0 0 0 0 0 2.785715997219086 0 0 0 0 0 0.2684389352798462 0 0 0 0 0 0 0 0 0 0 0 0 0 0 0.417847067117691 0 8.108339257538319 1.996062017977238 3.987568944692612 1.476327799260616 141.6610286906362 3.835917741060257 0 0.7682777419686317 0.9161669909954071 0 0.4444890320301056 0 0.4347926676273346 0 0 0 5.933167710900307 0
523.4966745153069 2998.379410326481 71.80525962263346 846.9790638834238 698.7862959206104 176.480988278985 0 7.55002211779356 7400.202845014632 1915.882058955729 73.37376033514738 87.36705122888088 7923.626747995615 2653.335323467851 8.255205884575844 10.44640978425741 0.1165823563933372 0.1458469480276108 0 0.2190295681357384 1.599141106009483 0 0.3127944767475128 0.3700128346681595 0 0 0.7733178287744522 0.9998073875904083 0.1331641674041748 0.7376669943332672 254.470284730196 4.240320414304733 30.34628961235285 0.3741120398044586 0.3631374537944794 0.1018191874027252 8.163753926753998 0.6138672530651093 1.15215290337801 0.2829667180776596 1.61404512822628 0.5296200513839722 0.3642242029309273 2.083240322768688 0 0.1255797892808914 91.66307812184095 6.269022554159164 0 0.5393016785383224 0.5910338386893272 0.1240004003047943 0 0 21.51551987975836 30.29278258979321 117.8332840055227 520.7216414883733 42.00569762289524 38.61405719071627 0.1171360611915588 4.647661201655865 0 83.81899632513523 20.54869193583727 2.288189634680748 0.4540334343910217 0.9837955385446548 1.167139329016209 1.542072631418705 17.93342906981707 5.59045896679163 0 426.4711752906442 205.7418262585998 232.5970229879022 119.6539200395346 13.0162690654397 1.945168323814869 11.88637690246105 0.2801934331655502 3.800969325006008 24.1419215425849 0.6394229084253311 3.956319861114025 6.136338010430336 3.725206613540649 0.203794851899147 1.232021026313305 0.169655442237854 0.111747071146965 0 0.9191646128892899 0.1882515326142311 0.4693847820162773 722.0407018661499 0.6125817894935608 0 0.6952140629291534 106.6043897271156 3.224209636449814 11.39475648105145 9.068924263119698 7.336270689964294 4.927787899971008 152.1418726220727 8.300498485565186 60.60866948217154 99.06889302283525 109.2934748679399 1.658442221581936 286.9408347904682 223.9197966232896 128.5755482763052 35.06230304390192 1.245078109204769 3.907492227852345 0 0 0 0 0 0 0 0.1573953628540039 0 0 0 0 0 0 0 0 0 24.17152458429337 9.016882613301277 0 0 0 5.956895492970943 0 5.082053929567337 1.096913769841194 0 0 0 0 0 0.1200854927301407 0 0 0.6444214433431625 6.473175704479218 0 0 0 0 0 0.1770996898412704 0.7502317130565643 0 0 1.796345569193363 0.3998347818851471 0 0 13.70990231633186 1.0139991492033 1.464511096477509 0.8751929327845573 0 0 0 0 0 0.1891346275806427 118.3617467358708 0.4246678650379181 0 0 0 8.453105293214321 0 2.105867564678192 3.02120266109705 5.199190378189087 7.320148460566998 0.8585019111633301 1.190800957381725 0.3260110020637512 0 0 0 0 0 0 0 143.4468429535627 24.32680022716522 2.339243859052658 341.4046518951654 63.95115335285664 388.566198207438 65.81643966585398 476.3350493982434 62.74529032409191 6.086102589964867 54.79507747292519 10.0935932546854 0.3908260762691498 10.11217637360096 0 43.80328252911568 0.1703810840845108 0.3331581354141235 0.5924605131149292 63.50772146135569 0
12.9258108958602 70.24700195342302 3118.559143327177 2.201894745230675 12.1818455606699 2.443747490644455 7.55002211779356 0 185.6046470329165 1.084001064300537 2557.807144016027 0.1731371730566025 11.1573288589716 171.1731291264296 22.38266447931528 72.17461068928242 23.4243533834815 17.23753029853106 28.18870655447245 112.9363089352846 230.2109455168247 0 27.26686026901007 10.04285970330238 4.575311914086342 5.668358109891415 14.65510850399733 1.26361208409071 0.7927230075001717 2.929972171783447 1825.274002954364 1200.747194416821 6.157384604215622 23.32308549433947 21.58736881613731 0.08169923722743988 2.25610364228487 0.2138417810201645 0.2344677522778511 0.3021301031112671 87.99968360364437 13.3906471580267 74.38879296183586 51.41517451405525 81.14437233656645 155.9097696021199 73.9107930585742 71.37960916757584 46.92844949662685 130.652451723814 2.136415258049965 0.7304744496941566 0 3.738298282027245 5.607237093150616 9.282904610037804 28.88516975939274 504.1224259659648 13.57804450392723 24.23938263207674 26.48393069207668 2.979400031268597 2.649633921682835 680.1608843877912 6.505641601979733 1.12219014018774 1.551135003566742 9.525268487632275 111.1999484300613 243.0858667939901 0.2864910513162613 0.8565874248743057 0 138.8154526203871 181.3500960841775 153.8304706811905 474.3299939185381 319.9010265991092 803.592672817409 1944.809815719724 305.0202856734395 2243.513823240995 9.358087249100208 0.2150804251432419 2.535411544144154 2.25724983215332 71.58450268208981 0.08403854072093964 1.211994409561157 0 1.165682837367058 1.820352740585804 57.42786009609699 2.98799491673708 8.71974840015173 2.408625841140747 0.1093542575836182 0 0 30.42853753268719 0 0 0 0 0 3.436664611101151 0 2.610464304685593 0.3939608633518219 0.4931949079036713 0 4.271636724472046 3.700948819518089 2.340217858552933 1.949647821485996 0.5261329263448715 0 0 0 0 0 0.1540068536996841 0 0 0 0.2444308549165726 0 0 0.1451809108257294 0 0 0 0.2396558448672295 0 0 1.379239872097969 0 0 0 0.2294143512845039 0 1.416048385202885 0.3966940343379974 0.1125061511993408 0.09371058642864227 0 0 0 0.1180470734834671 0 0 0 0 0.1083066090941429 0 0.1277089416980743 0 0.3464158251881599 0 0 0 0 0 0 0 0 0.3724416494369507 0 0 0 0 0.08334732055664062 0 0 0 0.2123149484395981 2.482140094041824 0 0 0 0 0 0 0 0 0.4248446822166443 0 0 0 0.2097575962543488 0 0.1210033372044563 0 0 0 0 0 0.8213439881801605 0.5109855383634567 0.8614618629217148 103.7688118740916 20.71841897815466 223.4283820837736 28.54643653333187 49.428960070014 21.24595806002617 1.58892709761858 21.12520805001259 0.7712561041116714 0.2916478216648102 0.5115388929843903 0 1.832753300666809 0.5796366930007935 0 0 2.373554706573486 0.1566723883152008
41.43143182992935 4340.897496886551 1206.582325577736 26.63613357394934 10045.4958255738 39.17711120098829 7400.202845014632 185.6046470329165 0 310.0622250139713 3842.834760576487 15.43277548253536 1872.262955240905 2975.238833747804 36.20201880484819 69.44508200138807 1.106281526386738 0.6098912209272385 0.2182836085557938 3.894243061542511 16.19620337337255 0 4.181411251425743 1.035050593316555 2.700528092682362 2.833885632455349 3.680824972689152 1.565373674035072 0.9499831423163414 1.875599749386311 176.9733466356993 14.7764640673995 59.14726800471544 0.6646852567791939 3.266494646668434 0.3371616825461388 27.29204086214304 0.5454356744885445 1.365105800330639 0.5216250270605087 15.26870644837618 2.929494835436344 1.22600532323122 9.681995563209057 0.8131420314311981 0.886914886534214 151.039733633399 12.10034205019474 1.676692545413971 2.155460990965366 1.717627011239529 0.1260676831007004 0 0.2543484792113304 19.46431141346693 33.95399269461632 52.05392854660749 186.6194644197822 38.79334339499474 64.85120566189289 0.5792154967784882 5.707165345549583 0 74.37477614730597 18.93333289027214 2.89595215767622 1.328131042420864 1.975035578012466 5.318379029631615 21.2501300573349 29.30451282858849 18.34693993628025 0.4166282415390015 322.6872370764613 128.0100599676371 312.0657612457871 205.4289408400655 40.68324613571167 1.435372032225132 63.26973582804203 2.729837395250797 15.25565907359123 19.62613422423601 1.825011655688286 5.421719267964363 6.377563558518887 6.801405496895313 0.1815918534994125 1.509583353996277 0 0.2945683300495148 0.601929247379303 14.32773477584124 1.320324771106243 0.9810913503170013 635.0198901519179 0.6658556535840034 0 0.125218853354454 27.85250246524811 6.714182309806347 10.3157611489296 11.1413491666317 5.140392780303955 5.955856293439865 183.7035966813564 8.383194342255592 100.7217313423753 44.28914230316877 114.8953513652086 2.399651147425175 365.8767931908369 261.7288016751409 177.5304932594299 53.20227982103825 1.019648797810078 2.542181096971035 0 0 0 0 0 0 0 0 0 0 0 0 0.2632564008235931 0.1312641799449921 0 0.5755631923675537 0 25.41916453838348 10.24957949668169 0 0 0 11.36657708138227 0.1716142445802689 11.15426354855299 1.017472416162491 0.1104812100529671 0.1584089696407318 0 0 0.3752983808517456 0.1311387568712234 0.2556867301464081 0.5064246281981468 1.010131165385246 11.50015991926193 0.09251122176647186 0.1325135082006454 0 0.09199044853448868 0 0.08942060917615891 0.4656176045536995 0 1.220067650079727 3.715234935283661 0 0 0.1857181638479233 14.25407781451941 2.500227421522141 2.374287687242031 0.4571815580129623 0.1249295026063919 0 0 0 0 0 156.6017687469721 1.278891742229462 0 0 0 11.09736654162407 0.4622534513473511 5.513431027531624 5.685361191630363 4.84359011054039 6.997107326984406 2.613231010735035 1.895223669707775 0.4177547618746758 0 0 0 0.1274328231811523 0 0.1150804981589317 0 154.2580773532391 32.53544002771378 4.260781839489937 622.75901915133 103.4243963286281 667.737403832376 137.5214454084635 290.245746999979 106.8743892759085 10.4569408595562 117.2010150253773 16.55918277800083 0.7537392377853394 13.9711502417922 0.9572392851114273 43.1697344481945 0.5601739287376404 1.086391910910606 3.335508763790131 54.82631892710924 0.7472276017069817
1356.802069321275 523.3777230829 17.50671799480915 2010.952992543578 302.7770762890577 745.014275982976 1915.882058955729 1.084001064300537 310.0622250139713 0 7.625509209930897 2165.933043926954 7580.573695316911 457.5840508937836 0.3609999716281891 0.6613315939903259 0 0 0 0 0.26401337236166 0 0 0 0.3003827035427094 0.4160977005958557 0 0.4226986914873123 0.1905438601970673 0 50.90432953834534 0.1641913950443268 10.15676291286945 0 0 0 1.013530388474464 0 0.1376470625400543 0 0 0 0 0.2289504110813141 0 0 0.7818669751286507 0.2810882925987244 0 0.1346075534820557 0 0 0 0 1.194535970687866 1.648375764489174 63.42249662429094 91.1005968824029 1.783241458237171 0.5923466682434082 0 0.3025628924369812 0 0.3679952472448349 0.947896271944046 0 0.1061130464076996 0 0.2387426123023033 0 53.17727456986904 1.263559818267822 0 25.42575588077307 7.485036604106426 5.691057845950127 1.856394588947296 0.6540589928627014 0 9.76677468419075 0 0 1.199672028422356 0 0.1668034046888351 0.08956680446863174 0.09368914365768433 0 0 0 0 0 0 0 0 756.9982253909111 0 0 0 529.4480776339769 3.224411100149155 13.72604447603226 17.54114262759686 30.22036996483803 0.9299764037132263 72.90533585846424 6.498231738805771 25.55973145365715 141.9266931414604 81.32724288105965 0 138.1678990870714 111.1225684508681 49.61707448959351 3.500038787722588 0 0.108833022415638 0 0 0 0 0 0 0 0 0 0 0 0 0 0 0 0 0 4.51151205599308 0.1210034713149071 0 0 0 0 0 0 0 0.1127443611621857 0 0 0 0 0 0 0 0 0.7836592793464661 0 0 0 0 0 0 0 0 0.1993138790130615 1.677208460867405 0 0 0 0.7659561336040497 0.2123750001192093 0 0 0 0 0 0 0 0 10.25599644333124 0.5739068984985352 0 0 0 0.5301246643066406 0 0 1.033153638243675 1.605578184127808 0.2147556990385056 0.1227599754929543 0 0 0 0 0 0 0 0 0 49.0075409412384 0.97977015376091 0 47.57577830553055 5.273772791028023 8.965391859412193 3.271555751562119 545.4574074670672 1.424455597996712 0.3697226345539093 0.3028232008218765 0 0 0.4185968935489655 0 35.62251888215542 0 0 0.3952405452728271 24.35071423649788 0.2506230771541595
93.73186753690243 1538.680721409619 3130.8064160496 4.743448458611965 1805.263468809426 8.075475484132767 73.37376033514738 2557.807144016027 3842.834760576487 7.625509209930897 0 9.752231232821941 1041.320176884532 3818.615164607763 48.61137006431818 136.2315717563033 4.354354485869408 0.6756542697548866 0.2808571457862854 7.391397207975388 47.87762062996626 0 16.79653134942055 9.693559944629669 17.88793013989925 19.07615025341511 34.75727999210358 2.524490647017956 1.112662062048912 8.931954935193062 759.7429789379239 122.6549669727683 263.4535562545061 1.722680151462555 26.2920011729002 1.831483006477356 24.04728332906961 1.368513099849224 1.996129244565964 7.887715071439743 63.46299118548632 8.334822416305542 3.577859699726105 19.30710291862488 1.612585537135601 0.2905521988868713 101.6328290998936 10.56120645999908 2.087517514824867 3.857362225651741 1.430338345468044 0.4322778284549713 0.3646788597106934 2.166181690990925 8.343137614428997 13.52787864208221 37.3893705829978 284.368099026382 19.29457270354033 46.12603326886892 0 27.30574616789818 0 68.94955651462078 11.58412029594183 1.308733567595482 0.7345961555838585 2.160306982696056 10.55639094859362 68.8203202188015 5.54746313393116 15.08616330474615 0 175.5053321197629 106.7379196807742 218.085100851953 177.5038279518485 51.71933326125145 46.00380483269691 651.8174602612853 16.73104326426983 147.6978873312473 11.01047455519438 0.8246835023164749 3.459760084748268 3.795183219015598 7.119492635130882 0 0.8015287220478058 0 0.4861857742071152 0.4875176101922989 34.44347106665373 5.495740510523319 1.366961896419525 33.45974262058735 0 0 0.7991192862391472 49.73706135898829 0.3109731376171112 1.503509610891342 0.6211902499198914 0 0.8709457963705063 6.401796735823154 0 7.030599310994148 1.00367371737957 0.8966158181428909 0.1579942852258682 17.05022738128901 13.06095885485411 10.29727572947741 7.458064347505569 0.8933916985988617 0.3402152955532074 0 0.1138984337449074 0 0 0 0.147059366106987 0 0.4513971209526062 0.149909183382988 0 0 0.1179234683513641 0 0.3617512211203575 0.1394552141427994 1.663104131817818 0.5215071439743042 0.3839596807956696 1.452038869261742 0 0 0 0.7904714122414589 0.1916961520910263 2.072096779942513 0.4047991633415222 0.2501664310693741 0 0 0 0 0 0.3257427364587784 0 0.1791779100894928 0.688124492764473 0 0.7789731621742249 0.1381339579820633 0 0.4214958176016808 0 0 0 0 0 0 0 0.4072465151548386 4.347854450345039 0.1137976124882698 0 0 0 0 0.3812687993049622 0 0 0 22.2858590260148 1.988379046320915 0 0 0.4729354977607727 1.852890357375145 0 0 0.3361618295311928 0.3723660558462143 0.5590451806783676 0.9149458110332489 0.2217156738042831 0 0 0 0 0 0 0 0 8.828432500362396 6.711357280611992 0.4323874115943909 272.8179204538465 57.03474473208189 367.9395014941692 70.49689818173647 114.9087867066264 43.39803213626146 5.305623970925808 53.0121132209897 4.418539151549339 0 3.465911999344826 0.4168058782815933 4.387587539851665 0 0 0.2847556471824646 12.28853587806225 0.5028132796287537
158.3939953148365 31.68124289810658 2.509955435991287 838.8235191106796 3.633889958262444 158.5658496320248 87.36705122888088 0.1731371730566025 15.43277548253536 2165.933043926954 9.752231232821941 0 2084.952539801598 283.1350717917085 3.80163287371397 8.664295211434364 0 0 0 0 0.7066884115338326 0 0.3140219300985336 0 0 0 0.374059334397316 0.09229554980993271 0 0.146544337272644 7.275819905102253 0 36.64865669608116 0 0 0 5.4999630600214 0.1165161579847336 0.1313288658857346 0 2.06813683360815 0.3678062930703163 0.1325408667325974 1.834959886968136 0.1159049496054649 0 3.787085548043251 0.08949523419141769 0 0.215999536216259 0 0.1679966300725937 0 0.1436606049537659 0.2976995930075645 0.5332021564245224 8.396894834935665 11.6547566652298 1.619194738566875 1.488138929009438 0 0 0 0.5671646595001221 0.08735707402229309 0.1959683671593666 0.1310707181692123 0 0.2897394150495529 1.464870452880859 68.56190814077854 14.40422090888023 0 11.89162765443325 1.804952695965767 11.7921677082777 6.122227743268013 2.071083478629589 0 40.79639003425837 0.5790773928165436 0.2583189904689789 0.5629772990942001 0 0.08280884474515915 0.08592531085014343 0.3874018341302872 0 0 0 0 0.1280863434076309 1.291940093040466 0 0 1618.556636750698 0.1626322567462921 0 0 46.34101857244968 1.191552080214024 10.64062874019146 7.206182569265366 1.7301195114851 2.450539901852608 90.90894566476345 3.7805085927248 42.62250074744225 43.53716865181923 55.9891821295023 1.792289137840271 158.5578571781516 110.0721120089293 65.74071887880564 14.13961245119572 0.5953285023570061 0.5689832642674446 0 0 0 0 0 0 0 0 0 0 0 0 0 0 0 0 0 5.327595241367817 4.373785831034184 0 0 0 1.22128913551569 0 1.095505222678185 0.1664476990699768 0 0 0 0 0 0.1085627228021622 0 0 0.2742319405078888 2.914058141410351 0 0 0 0 0 0 0 0 0 0.9420265555381775 0.251036137342453 0 0 3.187132321298122 0.2847832888364792 0.4379822909832001 0.1538596451282501 0 0 0 0 0 0 50.96465422213078 1.532507918775082 0 0 0 1.347874157130718 0.3206671178340912 0 0.7862170040607452 2.909727461636066 1.933155968785286 0.4524306580424309 0.2511471286416054 0 0 0 0 0 0 0 0 87.00654101371765 9.069565497338772 1.048012480139732 50.7352207005024 2.897425830364227 34.16295884549618 10.62027829140425 94.3630697503686 5.560497589409351 0.2088586837053299 5.886151671409607 3.753807134926319 0.2573484107851982 2.951688133180141 0.2497060596942902 12.09040762484074 0 0 2.677256643772125 3.818656131625175 0
289.8854108378291 395.8647779524326 29.52599247545004 3229.288895383477 153.0397255942225 172.8957848101854 7923.626747995615 11.1573288589716 1872.262955240905 7580.573695316911 1041.320176884532 2084.952539801598 0 2524.281409144402 60.17579787224531 141.8053404688835 3.076033502817154 0.2687435075640678 0.4283999055624008 2.341301247477531 13.3196720033884 0.2109340950846672 3.811067126691341 1.956489101052284 2.872900649905205 2.592906050384045 3.892548903822899 1.293064340949059 0.5002616494894028 0.9651753455400467 19.35231122374535 5.641329891979694 157.11337133497 0.5514037683606148 2.331726424396038 0.104394368827343 13.1072895154357 0.8650917783379555 1.445749677717686 0.9357696175575256 14.98205949366093 2.140900246798992 1.062416069209576 21.19725945591927 2.271045982837677 2.512792482972145 80.62456329911947 5.527496568858624 1.05854981392622 1.257407754659653 1.075554519891739 1.081401310861111 0.526582807302475 1.105696715414524 5.895770333707333 9.761027477681637 22.01116134226322 48.47739255428314 17.59496064484119 36.21639028936625 0.6163163930177689 36.2256667688489 0 16.24901354312897 7.956024840474129 0.809894859790802 0.4309034943580627 1.142836026847363 4.492780096828938 22.1176033616066 221.5559821203351 111.243669718504 0.624017022550106 106.2315803840756 31.18200296908617 183.0302069932222 116.2835662066936 55.48667326569557 0.7127066925168037 111.4414857849479 3.098391987383366 23.57755831629038 7.380802564322948 0.9280649870634079 1.754008531570435 2.57013713568449 5.829619973897934 0.215238444507122 0.570394292473793 0.2288937270641327 0.1639808565378189 0.6924931034445763 10.59337960928679 1.152977451682091 1.382444404065609 2575.488674886525 31.32337620854378 2.508865922689438 4.533862233161926 53.10902126133442 7.390959449112415 17.39717453718185 10.62408696115017 8.186109617352486 9.255721591413021 223.6404207721353 6.65555676817894 105.9310911595821 285.3075528368354 135.6666507795453 2.53187483549118 452.4935346543789 338.3864082545042 207.346977442503 73.4511886537075 2.693001784384251 4.410648569464684 0 0.1904804185032845 0 0 0.2220403999090195 0 0 0 0.1353955715894699 0 0.1940663605928421 0 0 0 0 0 0 26.17021860182285 18.93478938937187 0 0 0 11.44269907474518 1.488992512226105 15.84415825456381 4.299865029752254 0.5106794610619545 0.1504437029361725 0.199654296040535 0 0.1751155853271484 0.09110268950462341 0 0 2.024468049407005 17.29537528008223 0.2547068074345589 0 0 0.8784534260630608 0.1743435263633728 0.17257359623909 0.6398064345121384 0.1607663035392761 0.09410761296749115 2.424363553524017 0.90594182908535 0.09618283808231354 0.3382514044642448 24.46050355583429 2.117964081466198 0.7917529940605164 1.691215746104717 0.170350044965744 0 0 0 0 0 247.4262443780899 7.10797943174839 0 0 0 17.78505847603083 1.849126450717449 8.211649090051651 8.389714576303959 7.820115707814693 11.03831045329571 3.212017826735973 4.082152888178825 0.4617701098322868 0 0 0 0 0 0 0 252.4664404019713 73.27423503994942 12.39319831132889 411.9446722194552 76.14459648728371 382.0075492486358 111.533993512392 190.3190554231405 59.10206015408039 4.995615124702454 76.33458240330219 20.43364553153515 1.17829268425703 20.94316194206476 0.9398347064852715 54.00947824120522 0.7884170264005661 0.1403277516365051 2.586679793894291 39.12628830224276 1.54750007390976
33.9497440084815 1740.216396398842 437.2238076478243 169.8776908665895 1692.145260438323 61.60994294285774 2653.335323467851 171.1731291264296 2975.238833747804 457.5840508937836 3818.615164607763 283.1350717917085 2524.281409144402 0 117.5390561446548 271.3815122544765 9.27201284468174 0.1237376481294632 0.7260433286428452 8.584402091801167 52.3209186270833 0.09432350099086761 14.60834369808435 4.873909868299961 26.7457914352417 27.41434457153082 39.11593755334616 5.607164949178696 3.399000331759453 14.56301057338715 110.7018385753036 17.08850886672735 836.7205487415195 1.323557890951633 16.41057378053665 2.423152506351471 134.2707298547029 1.323023945093155 8.356124393641949 11.20823179930449 79.10852900892496 15.01711040735245 1.589681781828403 43.32168444991112 2.789753124117851 5.071096740663052 192.0484147369862 17.12399996817112 3.769230283796787 5.60858066380024 3.010938659310341 0.0882561132311821 0 2.339992746710777 15.27453640848398 28.69313050061464 41.86041620373726 99.31316633522511 35.18556117266417 93.44889307022095 1.272382281720638 63.44507697224617 0 45.16462279856205 16.86085742712021 3.967332512140274 0.9635802879929543 2.478940635919571 12.77027048915625 81.2893377840519 48.89760289341211 95.87164442241192 0.383316308259964 264.9789144694805 99.76129391044378 416.5419803187251 274.2344647869468 105.291891746223 3.527209162712097 792.1917847841978 5.663389921188354 53.46442071348429 17.37209433317184 1.297402158379555 6.369832880795002 7.351831294596195 11.15535251051188 0.1150566712021828 1.916115835309029 0.3826803117990494 0.3070732802152634 1.053330555558205 64.55340477079153 9.844898983836174 3.193436115980148 1656.24618922174 3.435195744037628 0 0.4974089935421944 28.77241304516792 4.716339938342571 6.259453058242798 13.0072295665741 5.666006334125996 6.757311671972275 221.3191214352846 4.172708749771118 118.1253428608179 56.5364294052124 101.1670279800892 3.402445934712887 443.0042907893658 344.2289958968759 232.4157675430179 79.39098286628723 2.702050767838955 5.634723372757435 0 0.1060837805271149 0 0 0 0 0 0.7435280680656433 2.202136017382145 0 0 1.430345505475998 0 1.429337978363037 0.2983306497335434 1.709044277667999 0 30.4989660680294 20.33307085931301 0 0 0.6286865472793579 12.54192270338535 1.719314508140087 15.26785969734192 5.062819316983223 1.863022588193417 0.3758688271045685 0 0 0.2697022333741188 1.057523630559444 0 0 1.487336337566376 19.92928491532803 0.4326979741454124 0 0.7185996472835541 0.8596835136413574 0.5841987133026123 0 0.5322622060775757 0.1944353431463242 0.5447972640395164 2.979526996612549 0.3973480761051178 0 0.1150015592575073 26.47752586752176 3.644073233008385 2.295903645455837 0.3947948962450027 0 0 0.2144832387566566 0.08564714342355728 0 0 273.5703589767218 6.47671765089035 0 0 0.6159118041396141 18.66112107038498 0.3170465752482414 3.853880852460861 6.088583752512932 10.20175694674253 16.15721421688795 2.325348570942879 2.636248134076595 0.4855542406439781 0 0 0 0.1167956292629242 0 0 0 242.331214748323 72.62310218065977 8.249721646308899 866.4933918714523 144.6742907464504 835.1573199927807 209.6465219631791 265.0886258333921 124.0699097588658 12.29254112392664 162.8083929196 21.08245678991079 1.004018738865852 20.46464402228594 0.4571816176176071 48.28455346822739 0.6820651739835739 0.465366542339325 6.236802846193314 33.88206947594881 1.305864691734314
