0 3264.0239982903 2610.734548464417 2411.211835920811 292.9746165946126 191.1588992774487 519.7231705114245 1176.331568181515 729.3090839460492 1374.838484436274 1409.656886130571 265.1530799716711 383.1716589778662 381.4170136973262 1.173376575112343 0.9957789108157158 0.2485318332910538 0 0 0 0 0.2503851354122162 0 0.1367989331483841 0.1241230890154839 0 0 0.09762049466371536 0 0 310.9688723683357 15.62656746804714 38.90270326286554 0 0 0.448582261800766 15.74913784861565 0.08414320647716522 0.5439063608646393 0.3087214231491089 0.5813299715518951 0.1017124205827713 0.1189845278859138 0 0 0 11.29279164969921 1.632116071879864 0.2077323794364929 0.4438317865133286 0 0 0 0.3033492937684059 27.92376907169819 16.85037334263325 298.5304866433144 768.9703487753868 56.46668431907892 2.937975913286209 0.1121382042765617 0 0 9.424475595355034 2.300156801939011 0.2846388891339302 0.4663885906338692 0.4133213832974434 0.4193545132875443 0 23.57144456356764 9.491233982145786 1.476164072751999 103.2263044342399 13.08694217354059 7.837438099086285 2.74246896058321 1.870835959911346 0.1593875885009766 55.75384440273046 0.1252966672182083 1.323085360229015 14.40449679642916 0.4662695452570915 1.119780644774437 3.202033683657646 0.8405947983264923 0.5003892183303833 0.1133341193199158 1.556270211935043 0 0.6039389371871948 0.408321239054203 0 0.4305122420191765 238.8458867147565 6.32936218380928 0 0.3903473615646362 1383.787253960967 0 0 4.206201255321503 1.31068617105484 0.1754577606916428 14.74743923544884 2.784703314304352 3.47303930670023 248.8074508309364 7.940143838524818 2.056416198611259 26.42381010949612 13.79046855866909 9.814882755279541 0.3516647666692734 0.7279714792966843 0 0 0 0 0 0 0 0 0 0 0 0 0.1114071011543274 0 0 0 0 0 0.381496787071228 0 0 0 0 1.266316711902618 0 0.4048408195376396 0.1139859333634377 0 0 0 0 0 0 0 0 0 1.466024339199066 0 0 0 0 0 0 0 0 0 0 0 0 0 0.611372172832489 0 0 0 0 0 0 0 0 0 8.818774729967117 0 0 0 0 0.1870568543672562 0 0 0.5749409794807434 0 0.3775486648082733 0 0.3748993426561356 0.1584920436143875 0 0 0 0 0 0 0 5.844380110502243 0.1895406395196915 1.039094477891922 124.0258737355471 9.831302888691425 69.19054712355137 11.35241910815239 1159.651749677956 7.666748471558094 4.537056975066662 6.629172198474407 5.60086103528738 0.1417966187000275 1.720201224088669 0 11.32549126446247 0.3606512695550919 0.1050920039415359 0 0 0
3264.0239982903 0 3062.362848453224 722.936047539115 3622.340339876711 60.18434557318687 2772.741758465767 432.7637921050191 4197.579197905958 199.564615085721 1341.314065307379 5.782458752393723 170.983139321208 323.0345409363508 17.94110237061977 0.8364813253283501 1.134396001696587 0.509646974503994 0.09757566452026367 0.2141279280185699 0.3006761223077774 0.2186834961175919 0.08933883905410767 0.2893107011914253 0.5826958492398262 0.9629462882876396 0.08120832592248917 0.8984030187129974 0.1776901483535767 0.2186697348952293 1032.251358866692 48.64779327809811 7.886709824204445 0.08632233738899231 0.1093299612402916 0.224538154900074 3.831632740795612 1.041241548955441 0.7223227843642235 1.038122922182083 1.445883184671402 1.311821021139622 0.2059681266546249 0.2246726751327515 0.09225132316350937 0.2511196658015251 94.09502546489239 12.26244457811117 1.329047106206417 1.318556807935238 0.836719736456871 0.5186664760112762 0 0.9415837973356247 96.15130219608545 63.13343028724194 136.7103387713432 592.5891089811921 66.36243715137243 27.19949266314507 0.4524825438857079 0.3286401778459549 0.0830940306186676 58.68026199191809 18.98615372925997 4.755800470709801 6.136315554380417 2.432989038527012 1.667308643460274 2.42236015945673 4.192682832479477 6.355165205895901 0.3299802541732788 245.0659670978785 61.02316272258759 83.77182705700397 20.67686324566603 3.037797354161739 0.4516877606511116 15.49369630217552 0.239004023373127 2.040345773100853 41.47428388148546 1.250271514058113 8.090636879205704 15.61276924610138 3.588370703160763 0.1233885586261749 1.007508985698223 0.0875663161277771 0.9045533984899521 0.3327586650848389 1.071614347398281 1.43455146998167 1.842759639024734 58.52214208990335 0 0 0.5125646442174911 558.284649528563 1.383113622665405 0.2000937163829803 2.394506111741066 0.8051577210426331 0.9657559990882874 36.70831733942032 3.631234675645828 7.836268842220306 27.58639722317457 12.64052712917328 2.355860844254494 50.01691828668118 25.8832768201828 18.80413363873959 4.170881405472755 0.9941712990403175 1.055202275514603 0 0 0 0 0 0 0 0 0 0 0 0 0 0 0 0.1126734539866447 0 0.3692048341035843 0 0 0 0 12.08368465304375 0 1.647035822272301 1.142209149897099 0.4531219005584717 0 0 0 0 0 0 0 0.6381157040596008 6.543461456894875 0 0 0 0 0 0.6494889855384827 0 0 1.841623365879059 1.165154337882996 0 0 0 0.2060401439666748 0 0.4326907694339752 0.497901976108551 0 0 0 0 0 0 37.40604843199253 0 0 0 0 0.4648440480232239 0 0 0.4143235087394714 0.1366399675607681 4.50412905216217 0 0.5375807881355286 0 0 0 0 0.1254675984382629 0.1525466591119766 0 0 11.3575883358717 2.093431264162064 2.862350851297379 417.2882314026356 46.65539837628603 448.2115635722876 67.02153028547764 588.2931236252189 38.59227425605059 16.67382751405239 25.85800884664059 15.33238660544157 1.447669096291065 8.262872919440269 1.303197652101517 5.674304038286209 0 0.1976363509893417 0.2199660688638687 1.979775175452232 0.2509738504886627
2610.734548464417 3062.362848453224 0 115.7212564498186 1143.487041048706 43.66331894695759 88.32064934819937 4848.583279691637 2687.519998088479 12.84901420027018 3459.26567003876 2.641891852021217 92.21904230117798 250.8524575531483 11.00855225324631 2.400335751473904 0.7885809913277626 0.8129655867815018 0.3863458335399628 0.4204474091529846 3.769358702003956 0 0 0.740378625690937 4.801801301538944 1.605178713798523 2.136255018413067 0.4416610449552536 0.09187126904726028 0.08592943847179413 7912.183137573302 1321.55073004961 18.64443565905094 0 1.180863842368126 7.009529881179333 6.912074379622936 5.489671848714352 1.365560688078403 4.216677516698837 6.767421029508114 1.909924574196339 0.3637818843126297 0.9078198820352554 0.2229241281747818 0.5670666694641113 46.41625017672777 6.27388372272253 0.6956099420785904 1.072157844901085 0.8794022276997566 0 0 0.947749562561512 52.54529723525047 34.79676902294159 164.3874314278364 1367.844745747745 53.34905562549829 14.48529218137264 2.585930019617081 2.906380973756313 1.306902281939983 102.7260298058391 11.54898353666067 2.509092725813389 2.854321360588074 1.033756971359253 1.740495525300503 4.545549526810646 6.888147614896297 3.386924609541893 0 190.1611222550273 45.79488064348698 44.57279263436794 12.83284758776426 4.266787134110928 25.30280756950378 528.509226180613 0.8992518857121468 59.91225919127464 27.06306996941566 1.562789224088192 4.314374603331089 8.362384647130966 1.854603566229343 0.5539050027728081 0.8398133516311646 0 0.3122813254594803 0.1003289297223091 3.447922237217426 0.6351910158991814 0.90239367634058 67.11773087829351 0 0 0.3288962543010712 791.1657896265388 0 0.3313136994838715 1.150600522756577 1.291814863681793 0.8220401406288147 16.08674965798855 1.330389946699142 10.98345319926739 6.265560567378998 11.45307689905167 2.797988191246986 44.04216994345188 26.12291693687439 20.72609122097492 3.056825965642929 0 0.4567917585372925 0 0 0 0 0 0 0 0 0 0 0 0.1350479274988174 0 0.1167359873652458 0 0 0 1.005708962678909 0 0 0 0 8.761097893118858 0 0.138558030128479 0.3925843685865402 0.4280150309205055 0 0 0 0 0 0 0 0 5.574189901351929 0 0 0 0 0 0 0 0 0.7974987775087357 0.1485930234193802 0 0 0 4.704673260450363 0 0 0.1871384978294373 0 0 0 0 0 0 29.14018473029137 0 0 0 0 0.5947689414024353 0 0 1.805188655853271 1.948583126068115 0.6771793961524963 0.5181410312652588 0.6630437970161438 0 0 0 0 0 0 0 0 12.53957334160805 2.259712837636471 4.870459869503975 190.6637309342623 21.6668516844511 211.8373669162393 30.22009504586458 486.5779945552349 19.43963026255369 8.393309026956558 19.77763168513775 8.065944015979767 1.275831334292889 5.621777169406414 0.3609441667795181 14.02037632465363 1.52432581782341 0.09153040498495102 2.057517975568771 0.8181148022413254 0
2411.211835920811 722.936047539115 115.7212564498186 0 63.72109394520521 402.9699331521988 1058.62811820209 10.26375998556614 38.73339166492224 1676.171640455723 32.2666422650218 1112.30519489944 1957.02745770663 220.0764217600226 2.318451717495918 0.6444481387734413 0.6758425608277321 0 0 0 0.09413675218820572 0 0.113813154399395 0 0 0.3108097612857819 0 0.1200782433152199 0 0 24.77396380901337 0.6342255175113678 0.9347183406352997 0 0 0 0.217907726764679 0 0.2939521223306656 0.1748441532254219 0.6203287467360497 0.07895465195178986 0 0.26895871758461 0 0 14.94515848904848 2.36366231739521 0.2101770117878914 0.3708649426698685 0.3033421561121941 0 0 0.1864792704582214 28.43729876726866 25.34461558610201 80.65297037363052 251.5380957052112 24.86436311155558 5.767754234373569 0.3133829310536385 0 0 10.45844831317663 6.425275571644306 2.181375615298748 1.265953525900841 0.4757433980703354 0.9359647631645203 0.9486223012208939 2.204990960657597 0 0 104.8198011219501 18.03401619195938 12.72964258491993 4.163230121135712 0.6787215396761894 0.2414241135120392 1.627008855342865 0 0.2068550959229469 14.51036286354065 0.2764723747968674 1.663784116506577 4.986165285110474 0.9697598963975906 0.08267413079738617 0 0.1316039115190506 0 0 0.2037176340818405 0.3749595731496811 0.3104400783777237 185.9763127416372 0.4554490745067596 0 0.1404050290584564 493.8627003058791 0 0.9264151155948639 2.10580287873745 2.051791429519653 0.206792801618576 18.9265441596508 4.137983322143555 2.208876997232437 149.705688342452 19.52429364621639 0.6385417282581329 33.98720845580101 17.05659022927284 6.220399111509323 0.6224759966135025 0 0 0 0 0 0 0 0 0 0 0 0 0 0 0 0 0 0 0 0 0 0 0 0 2.020403683185577 0 0 0 0 0 0 0 0 0.2015904039144516 0 0 1.053858801722527 0.355528324842453 0 0 0 0 0 0 0 0 0 0.1702937483787537 0 0 0 0 0 0.1900999993085861 0 0 0 0 0 0 0.2431598901748657 7.996918305754662 0 0 0 0 0 0 0 0.2322316765785217 0 0.8005305528640747 0 0 0 0 0.09596417099237442 0 0.1935156360268593 0 0 0 4.380320981144905 0.9145422428846359 0.470464900135994 147.6709073707461 11.60685837268829 114.6482001617551 12.57019158452749 774.8173041567206 9.939887225627899 4.80079048126936 5.863619282841682 4.180559605360031 0.7940928637981415 1.017249561846256 0 10.24618211388588 0 0 0 0 0
292.9746165946126 3622.340339876711 1143.487041048706 63.72109394520521 0 4.464905455708504 1243.410073846579 13.81046158075333 5923.656214438379 358.3507184460759 235.6175219938159 2.024455070495605 407.669017650187 305.9763421490788 18.28626491129398 2.1872483715415 0.3203581124544144 0.1539213061332703 0.2981110662221909 0 0.2100408896803856 0.3477019742131233 0.09941814839839935 0.08943839371204376 0.2105623707175255 0.4954217299818993 0.2161070927977562 0.3209995180368423 0.9483421146869659 0.08635486662387848 93.79003033041954 16.39448050409555 2.442419767379761 0 0.2451624348759651 0.2713896557688713 2.402917675673962 0.4231320098042488 0.5950538441538811 0.8014471903443336 0.7705446630716324 1.135237701237202 0.1545269042253494 0.2469769418239594 0 0 83.34934993833303 7.776903308928013 0.5463163405656815 0.6919413134455681 1.466747082769871 0.1545445322990417 0 0.9914972558617592 37.13853337615728 27.81017277389765 34.61001040786505 138.3065467327833 20.86842361092567 25.12275096029043 0.1062956228852272 0 0.1104032918810844 52.63977374136448 11.56867750734091 2.977759875357151 4.108326770365238 2.169953942298889 1.912272877991199 1.022810332477093 13.64207545667887 3.378543674945831 0 103.5412717536092 33.30141974240541 82.27344738692045 23.36362274736166 5.687548935413361 0.1824993267655373 4.131439499557018 0.5431315675377846 1.641382165253162 19.37812677770853 1.084214687347412 5.751516379415989 8.758984677493572 2.227443940937519 0 0.8265620693564415 0 0.6332715600728989 0.7813344299793243 0.9851728528738022 1.253876306116581 1.282006122171879 85.19900484383106 1.704497158527374 0 1.003906436264515 26.82704504579306 0.226904958486557 3.100084066390991 5.912797480821609 1.973093807697296 0.5008915662765503 45.85611711442471 4.156115114688873 19.73000486195087 25.15395686030388 33.64735771715641 11.47020480036736 132.0484841167927 91.47662784159184 44.74915650486946 12.94277197122574 3.101738438010216 1.657568290829659 0.4609197378158569 0.7670888304710388 0 0 0 0 0 0 0 0 0 0 0 0 0 0 0 3.163732945919037 0.4836500585079193 0 0 0 19.62160106003284 0.4450207650661469 9.285308510065079 2.501751244068146 0.1137145981192589 0 0 0 0 0.6837791204452515 0 0 1.418791890144348 7.778406843543053 0.3099908232688904 0 0 0 0 0.08114957809448242 0.1317235678434372 0 0.7303386628627777 1.121061027050018 0.2551134526729584 0.2769654989242554 0 4.481871217489243 0 0 1.400347799062729 0 0 0.1046269163489342 0 0 0.2031095921993256 102.2355120629072 0.2729235291481018 0 0 0.2060552537441254 1.582216799259186 0 0 1.650648966431618 1.259116694331169 6.009699329733849 0.7658133208751678 1.874286115169525 0 0 0 0 0 0.2218032032251358 0 0 33.35047739744186 14.68342560529709 10.98787392675877 370.9940709993243 34.90420692414045 358.4874322786927 77.13083233684301 166.0151046290994 29.58621404320002 9.944720759987831 46.38569018989801 26.4246723279357 0.3602745980024338 17.05233586579561 0.2597155869007111 14.28663928806782 4.206010371446609 0.482316292822361 3.339224636554718 1.735504329204559 0
191.1588992774487 60.18434557318687 43.66331894695759 402.9699331521988 4.464905455708504 0 134.9818189889193 25.33105392754078 8.045710474252701 734.1610524505377 14.93005648255348 305.714432105422 205.5130309313536 46.42115937173367 0 0.4861535131931305 0 0 0 0 0 0.8578123599290848 0 0 0 0.2468349635601044 0 0 0 0 13.09961175918579 0 19.86556109786034 0 0.4351168274879456 0 34.45621952414513 0 0.3688493371009827 0 0 0 0.1361039578914642 0 0 0 1.385073184967041 0 0 0 0.1283677965402603 7.019631341099739 0 1.081346765160561 0.870901495218277 1.021239385008812 43.79220560193062 128.458719342947 5.445917397737503 0.2754308879375458 0.4018271565437317 0.8605352640151978 0 0 0 0.2324286475777626 0.5887268111109734 0.09663154929876328 0 0 193.4345243275166 275.3215897232294 18.73733150959015 4.943587586283684 0.4814305007457733 0.96992427110672 0.1620669215917587 0 0 16.3990033864975 0.775171160697937 5.875858545303345 0.942087434232235 0.6896733045578003 0 2.254761070013046 0.1458602696657181 21.6970566213131 5.643641218543053 32.80565421283245 1.494592070579529 11.7344301789999 0 0 0.4758873134851456 678.6954243928194 91.57034096121788 22.7197944521904 4.350208669900894 537.7518611997366 0 0 0 0 0 0.3592911958694458 0 0.3877770900726318 30.00529627501965 0.2118516266345978 0 2.042493373155594 0.383072704076767 0.4301794618368149 0 0 0 0 0 0 0 0 0 0 0 0 0 0 0 0 0 0 0 0 0 0 0 0 0 0 0 0.2744032144546509 0.1538795083761215 0 0 0 0 0 0 0.3792963027954102 0 0 0 0 0 0 0 0.2852457463741302 0 0.1819373965263367 0 0 0 0 0 0 0 0 0 0 0 0 0.5943971872329712 0 0 0 0.5582489669322968 0 0 0 0.2307364940643311 0 0 0 0 0 0 0 0 0 0 0 0 0 0 0 0 0 0 0.2482177317142487 7.730057075619698 0.7962422966957092 6.403880499303341 1.113363742828369 206.2673814743757 2.330305367708206 0.9264408946037292 0 0.1945275068283081 0 0 0 0.6859365105628967 0 0 0 0 0
519.7231705114245 2772.741758465767 88.32064934819937 1058.62811820209 1243.410073846579 134.9818189889193 0 16.41782889515162 2175.96346924454 917.2354511097074 191.8237325325608 61.54891517013311 4594.334213092923 2271.321324266493 22.49783043563366 1.460215456783772 1.084019094705582 1.110580570995808 0.1172309368848801 0.5529437586665154 0.5063802748918533 0 0 0.2087196782231331 0.2046219483017921 1.23960167914629 0.2832604795694351 1.761538490653038 1.184887640178204 0.3349926322698593 63.76474566012621 6.830583661794662 1.588978879153728 0 0 0.09552972018718719 2.325591765344143 0.8391681984066963 0.4944137781858444 1.321415036916733 1.352766796946526 1.036205239593983 0.220591738820076 0.7542968466877937 0 0.8427834212779999 107.3158897906542 14.83797673881054 2.290582992136478 0.9676597863435745 1.370492316782475 0.2665991187095642 0 0.6710009723901749 77.28002650290728 51.97267290204763 73.26224583387375 288.9406591951847 36.34676878899336 29.2383623495698 0.8268418237566948 0.2405991181731224 0 69.97922433912754 18.19386768341064 7.19101769477129 5.393868535757065 2.127420283854008 2.126634173095226 1.536098621785641 7.507461369037628 2.085478901863098 0 189.3441087901592 59.03127863258123 107.3346871510148 28.1746779307723 5.77114762365818 0.3600227534770966 3.913775011897087 0.4631862789392471 2.321446947753429 41.66028714925051 1.283077031373978 7.543427519500256 15.62022467702627 2.692739441990852 0.3458202853798866 0.8101089969277382 0.2118658274412155 0.8850213065743446 0.1743821501731873 1.757511377334595 1.756152704358101 2.519203931093216 143.2620096951723 0 0 0.6837906241416931 147.3426260352135 0 2.369007259607315 6.160901442170143 2.815020620822906 0.3809191584587097 39.33881159126759 4.173632442951202 16.35936568677425 30.77664559334517 33.29278767108917 5.624511301517487 111.1285330951214 46.99925290048122 33.1256355792284 8.394938722252846 0.5705753266811371 0.6248385608196259 0.2852830290794373 0 0 0 0 0 0 0.1578253507614136 0.3166486024856567 0 0 0 0 0 0 0.2229469269514084 0 1.153613537549973 0 0 0 0 8.781687811017036 0.59993577003479 3.232411630451679 0.8338528126478195 0.8292354643344879 0 0 0 0 0.1860883384943008 0 0 1.252652376890182 5.606614589691162 0.1667284071445465 0 0 0 0 0.1420846879482269 0.8872998505830765 0 0.2229190915822983 0 0 0 0 1.575700581073761 0.3647357374429703 0 0.7417310476303101 0 0 0.1059299111366272 0 0.2213166132569313 0 62.17501570284367 0 0 0 0.4253788664937019 0.482521653175354 0.1533564180135727 0 1.17794468998909 0.7559914588928223 1.173087164759636 1.108840674161911 0.5825682580471039 0 0 0 0 0 0 0 0 19.96487334370613 4.502615213394165 11.94488656520844 463.0587996989489 50.74861615151167 455.1484113708138 90.27353282272816 657.0172407105565 44.42837963998318 16.34171548485756 39.51477760821581 14.48409792780876 2.110671311616898 6.375914722681046 1.524985447525978 17.16415056586266 1.06558321416378 0.3033952713012695 5.017904102802277 2.556965202093124 1.027382224798203
1176.331568181515 432.7637921050191 4848.583279691637 10.26375998556614 13.81046158075333 25.33105392754078 16.41782889515162 0 83.03852209448814 6.486149609088898 846.1697891354561 32.04284732043743 360.1499930471182 905.9517059624195 31.37744940817356 12.62698519229889 1.712457932531834 1.701219588518143 1.06111428886652 3.146272398531437 17.2298419624567 0.1234276592731476 4.782582119107246 2.600354351103306 23.61823428422213 9.704673014581203 11.26694391667843 2.377460487186909 1.746316827833652 1.63730987906456 4076.046551115811 3310.353212937713 230.9077178612351 0.6699982285499573 7.202481843531132 57.37523149698973 84.24734617769718 39.80509237200022 8.224658101797104 23.86530239135027 25.50301908701658 5.086566105484962 1.144531533122063 9.856965146958828 0.4294266775250435 2.393601752817631 118.8861166909337 13.07942467182875 3.153745494782925 3.905258797109127 1.092916533350945 0.3458076566457748 0.3817853182554245 2.614251703023911 82.61309877038002 49.7825348675251 157.6500450745225 1167.525533080101 63.54960248619318 31.41976881027222 31.39999879151583 63.02718704938889 10.82674281299114 341.154253795743 18.76153894513845 5.466246396303177 5.363686762750149 2.524434559047222 9.946580700576305 16.30845282226801 49.91509339958429 6.700107209384441 0 265.411185361445 97.8004586994648 141.7384803071618 90.2603148072958 214.7651602551341 930.3858304470778 965.8538124635816 17.22051164507866 1795.871106438339 38.42865157872438 1.674592293798923 6.567374587059021 13.96018255501986 5.890290170907974 0.1048905774950981 1.737807966768742 0.1225436180830002 0.5282831937074661 0.7470121383666992 10.29719041287899 2.755221866071224 1.421339139342308 33.53569705784321 1.416435874998569 0 0.4791274741292 600.0732686668634 0.1308627426624298 0 2.707010924816132 0.4977032542228699 0 16.14572133123875 1.773943498730659 5.32035556435585 2.550129257142544 10.15922001004219 1.251454308629036 25.21596744656563 14.26433825492859 10.76564519107342 2.294082596898079 0.5348805636167526 0.1059081628918648 0 0 0 0 0 0.1258422881364822 0 0 0.536965548992157 0 0 0.2492539584636688 0.09782754629850388 0.2062188237905502 0.1075692623853683 0.2917291820049286 0 0.1341181099414825 0 0 0 0 7.846754096448421 0.1303571611642838 3.913168452680111 1.756298162043095 0.6539103016257286 0 0 0 0 0.6776167750358582 0.1345938742160797 0 0.291904479265213 1.078274428844452 0 0 0.1395919173955917 0 0.15221206843853 0 0.3200494349002838 0 0.1914748996496201 0 0 0 0 2.226704478263855 0 0.3667647242546082 0 0 0 0 0 0 0 22.30216074734926 0 0 0.1453373283147812 0 0 0 0 1.071532338857651 0.3814098834991455 0.6330411657691002 0.4002833068370819 0.2594872117042542 0 0 0 0 0 0 0 0 4.375455603003502 0.6478188186883926 6.799345090985298 326.5534338727593 44.3843387067318 432.4953732043505 76.90727885067463 393.5157255455852 36.81378853321075 13.87818820774555 42.48036194592714 8.563558839261532 0.9990227222442627 5.317419148981571 1.176152013242245 7.609250664710999 0.2073189616203308 0 0.4116201400756836 1.712950393557549 0
729.3090839460492 4197.579197905958 2687.519998088479 38.73339166492224 5923.656214438379 8.045710474252701 2175.96346924454 83.03852209448814 0 234.3930344060063 1536.921101175249 5.361805111169815 1965.041955403984 3388.653517410159 33.75563281029463 6.803690537810326 0.4496752321720123 0.4048880040645599 0.113401435315609 0.4237241372466087 0.4377017468214035 0.3751288428902626 0.08976863324642181 0.1800135374069214 0.5442538186907768 0.4580014124512672 0.09574898332357407 1.432108610868454 0.9582489281892776 0.1701925918459892 137.4699024409056 15.26646358519793 5.183659307658672 0 0.07884155958890915 0.2900112420320511 5.728515692055225 0.6099990755319595 1.064498692750931 0.7067517340183258 0.9915568083524704 0.9589521512389183 0.1052319779992104 0.8755677863955498 0.3873279541730881 0.5284274220466614 110.5431892648339 8.417470328509808 0.992417111992836 0.8330338820815086 1.339042030274868 0.1239805445075035 0 2.318606302142143 40.77282902598381 27.69033775478601 37.36849201470613 168.3636372461915 26.66449365764856 26.77258756011724 1.388982407748699 0.1080866903066635 0 72.52469930052757 11.69353133812547 3.984944254159927 6.094044364988804 2.424953699111938 2.09394033998251 1.429832316935062 9.447611749172211 7.199802130460739 0.2770501971244812 107.2824495434761 38.91065120697021 114.2901663631201 34.01634661853313 15.66395055502653 0.6394413411617279 7.444807261228561 0.441124752163887 1.164497636258602 22.66529903560877 0.4805797934532166 5.357643902301788 10.92103201895952 2.71707472205162 0.1255966275930405 0.8104995042085648 0.1434507817029953 0.4784221351146698 0.3705122321844101 0.7103089317679405 1.903208084404469 0.7763467282056808 233.8508882671595 0 0 0.757458932697773 47.65650474280119 1.292879000306129 1.289445519447327 12.01890550553799 3.68435887992382 1.974632516503334 98.21990670263767 13.24645754694939 34.99203869700432 39.42357093095779 69.55956991016865 12.67338255047798 263.5663055330515 142.2927895337343 92.08070127665997 15.54613406956196 1.91500324010849 2.113797262310982 0 0 0 0 0 0 0 0 0.2313743308186531 0 0 0 0 0 0 0.1573561280965805 0 3.863180808722973 0 0 0 0 34.64051903784275 0.3693943023681641 7.558062851428986 2.199559658765793 0.09194424003362656 0 0.2951325476169586 0 0 0.3063207566738129 0 0 1.197273939847946 11.81736262887716 0 0 0 0 0.2277624160051346 0.08613337576389313 0.3220184147357941 0 1.984098255634308 0.5093670338392258 0.3459793627262115 0 0.8928691148757935 5.078710243105888 0.7251349985599518 1.836859077215195 2.16926272213459 0 0 0 0 0 0 158.7660038843751 0.5767772570252419 0 0 0 1.255370676517487 0 0.6180727481842041 3.010821253061295 1.694661602377892 9.646464511752129 1.767513394355774 3.216095745563507 0.5241035670042038 0.1094193756580353 0 0 0.09701111912727356 0.1344042271375656 0 0 65.74974073469639 15.63607892394066 12.49969915300608 491.7759758755565 46.22535370290279 443.6079928427935 118.2734321132302 162.6382138803601 46.4038547500968 8.826487295329571 76.15808182954788 29.43912319839001 0.7778954282402992 26.21124527603388 1.918302662670612 29.41482824087143 2.845821902155876 0.07396251708269119 3.777667462825775 1.950992368161678 0.6188559979200363
1374.838484436274 199.564615085721 12.84901420027018 1676.171640455723 358.3507184460759 734.1610524505377 917.2354511097074 6.486149609088898 234.3930344060063 0 28.21145032346249 3528.931094229221 10566.97065019608 1801.106887347996 3.250301569700241 1.569657862186432 0.2226401939988136 0 0.1577141135931015 0.1024580299854279 0.09067101776599884 0 0 0 0 0 0 0 0.1121800392866135 0 8.410536214709282 0.6445101946592331 14.27911920845509 0 0 0.09150265157222748 7.044846840202808 0.09775408357381821 0.1512629389762878 0.1824477389454842 0.07300327718257904 0 0.1085531637072563 0 0 0.1139853969216347 11.60549734532833 1.798192106187344 0.3372848704457283 0.266657367348671 0.1183721646666527 0.1098403409123421 0 0 16.82663859426975 9.882542446255684 41.45829802751541 105.5632993653417 10.40073934942484 4.180715061724186 0 0 0 6.803109422326088 2.348326101899147 1.146332360804081 1.050864428281784 0.2013668864965439 0.4068820178508759 0.1837128251791 106.3899304121733 1.362337648868561 0 41.9228163138032 7.55875238776207 8.613801695406437 4.67882826179266 1.918220490217209 0 5.317094683647156 0 0.7562395930290222 8.423217572271824 0.5608806386590004 0.8206664025783539 1.264820225536823 0 0 0.2206551656126976 0 0 0 0 0 0.1988208815455437 1121.705695897341 0.2983667850494385 0 0 445.9207664355636 0.1981440633535385 2.653609722852707 23.65672048926353 18.8530682772398 0.213805615901947 58.88562040030956 27.86702747642994 20.66344092786312 163.8532814159989 91.69233863055706 4.779644340276718 211.6547162681818 204.8566358685493 80.80387042462826 2.595841348171234 0 0 0 0 0 0 0 0 0 0 0 0 0 0 0 0 0 0 0 1.19540598988533 0.421718031167984 0 0.505151093006134 0 3.956128001213074 0.2945472896099091 0.2335634231567383 0 0 0 0 0 0.1626721620559692 0 0 0 0.248734824359417 1.612165808677673 0 0.8113207817077637 0 0 0 0.2722106873989105 0.2234938144683838 0 0.4837078899145126 0.1608154326677322 0 0 0 0.4172155261039734 0 0.2089235037565231 0.6483908593654633 0 0 0 0 0 0 30.61966463178396 0.2556813359260559 0 0 0 0 0 0 1.210684671998024 0.9109442830085754 1.456099823117256 1.466872543096542 0 0.2589501440525055 0 0 0 0 0 0 0 44.42612081766129 1.577191635966301 0.9448502659797668 131.8212206140161 7.50500463694334 64.19525768607855 9.002719439566135 897.2634742036462 4.110027983784676 3.14386161416769 7.063356265425682 15.49675571173429 0.5296077877283096 5.493860229849815 0.5269744396209717 57.77427487075329 0.5426387935876846 0.08268353343009949 1.530792638659477 0.1313576698303223 0
1409.656886130571 1341.314065307379 3459.26567003876 32.2666422650218 235.6175219938159 14.93005648255348 191.8237325325608 846.1697891354561 1536.921101175249 28.21145032346249 0 89.50597056746483 2196.457124002278 8068.919313043356 96.36519537866116 64.56201154738665 4.149270638823509 0.9115806967020035 0.5563735887408257 2.386358194053173 4.72368048876524 0.5370576456189156 0.3946709781885147 0.6806568279862404 10.47168302536011 5.004528060555458 2.605055175721645 4.140099354088306 1.134177960455418 0.3520032241940498 1378.260297194123 354.6712449640036 2104.76353380084 0.4007906913757324 2.488960400223732 28.481001265347 619.6129619926214 26.15133791416883 6.506831862032413 13.20306652784348 20.95232602208853 5.27685322612524 1.092665679752827 8.170748099684715 0.5920085906982422 2.29650940746069 225.2483177259564 14.20122677087784 1.40266390889883 2.906302362680435 3.473493412137032 0.6700473427772522 0.1141193509101868 3.826944522559643 61.63774577528238 47.38782752305269 78.76734452694654 578.7263908535242 41.67567111551762 49.92394240945578 5.234819628298283 45.4867327734828 5.825844012200832 258.0690014138818 21.84114468842745 5.699772000312805 8.591180294752121 5.379964165389538 7.308836087584496 12.10335908830166 180.5589508041739 21.70862840116024 0.3773784935474396 226.0722575858235 95.72950385510921 300.3891921937466 129.8665462210774 102.451745018363 34.38184626400471 489.3495660051703 4.218454658985138 79.36676272749901 29.87213535606861 1.369527988135815 9.255220212042332 20.21324242651463 4.921486124396324 0.1029130294919014 2.292640805244446 0.5926354005932808 0.8780026957392693 0.7546106800436974 9.033847860991955 2.640384122729301 3.616764225065708 156.4432407692075 11.8518448844552 0.5610291063785553 3.093783304095268 270.6741000786424 0.3147324770689011 0.2754962742328644 4.912356615066528 1.94459693133831 0.3010669052600861 36.95528104901314 3.672907337546349 14.86085939407349 11.64428521692753 27.87095536291599 8.467191502451897 109.3177912384272 53.23437167704105 48.23986341059208 10.96320383250713 0.9715920090675354 0.7360252737998962 0 0.2970599234104156 0 0 0 0 0 0 0 0.1157115623354912 0.1329210549592972 0 0 0 0.1209852695465088 0.1337696015834808 0 1.96464990824461 0.4307495802640915 0 0 0 19.99897576123476 0 8.022155538201332 2.130420126020908 0.4084244295954704 0.3455517292022705 0 0 0 0 0.1151778325438499 0 0 10.89156168699265 0 0 0 0 0.4809382408857346 0.1026159375905991 0.4752611964941025 0 2.805832982063293 0.4032385870814323 0 0 0.1152157187461853 2.00767907500267 0.7984915971755981 0.9699300229549408 0.8736679926514626 0.1100356727838516 0 0 0 0 0.4225695729255676 67.19014001637697 1.785589314997196 0 0 0 3.036651194095612 0 0.3534010648727417 1.220220535993576 2.863658577203751 4.472144030034542 0 3.50499227643013 0.4832583367824554 0 0 0 0.09536182880401611 0.1305216997861862 0 0.2765521109104156 21.84806583076715 6.359637260437012 9.213055081665516 725.5687091872096 74.72453252226114 675.7745720148087 182.9228962510824 285.4889532327652 61.90907710790634 19.79955636709929 139.9412470832467 23.10073675960302 2.249390214681625 16.97599487006664 0.6408156380057335 16.69141089916229 1.452167361974716 0 2.468204908072948 7.298171989619732 0.3760591447353363
265.1530799716711 5.782458752393723 2.641891852021217 1112.30519489944 2.024455070495605 305.714432105422 61.54891517013311 32.04284732043743 5.361805111169815 3528.931094229221 89.50597056746483 0 2651.786917284131 183.7081652581692 10.2872813269496 5.713882714509964 0.4153258055448532 0.102199450135231 0 0.1288322806358337 0.5222123488783836 0 0.199267789721489 0 0 0.2807795181870461 0 0.2291135936975479 0 0 3.474748030304909 0.7923785075545311 11.18439912796021 0 0 0.2787154614925385 34.93420474976301 0.6099975854158401 0.2413259148597717 0.3994216471910477 1.408853352069855 0 0 0.9625902771949768 0.4994881749153137 0.1685816198587418 17.61351925134659 0.5523771494626999 0.1002653017640114 0 0 0.6477727144956589 0 0 2.14018290489912 2.623263515532017 7.234048947691917 10.56281582266092 2.116564109921455 1.405936062335968 0.3107582330703735 0.1732957512140274 0 6.723392426967621 0.553984597325325 0 0.3059526234865189 0.09268606454133987 0.5207448825240135 0.4479033425450325 103.4602159559727 13.95589026808739 0.3534152805805206 8.986261874437332 4.279182985424995 17.33455921709538 6.8306620195508 9.248807728290558 0.1214928105473518 10.39521880447865 0.1521143466234207 0 0.9168726578354836 0.1788506358861923 0.1015628278255463 0.5029011219739914 0.3144813776016235 0 0 0.1555767357349396 0.1391798108816147 0.1883184015750885 1.842611417174339 0.1536762118339539 0.3352204561233521 2501.212868914008 23.6569257080555 1.35368824005127 3.850148603320122 112.4916168451309 0.8980925679206848 5.91635137796402 10.98984675109386 7.278617665171623 2.006276920437813 99.34101600944996 17.32482671737671 36.63047528266907 93.73323468863964 77.29190228879452 15.5432717949152 297.485002361238 133.8768204152584 107.5255605876446 17.27601172029972 0.8957568556070328 1.492967009544373 0 0 0 0 0 0 0.3535542786121368 0 0.2594867646694183 0 0 0 0 0 0 0 0 1.812361508607864 0.2900549918413162 0 0.3878380060195923 0 20.40297281742096 0 3.326379492878914 0.5795394778251648 0 0 0 0 0 0.1363881528377533 0 0 2.299641579389572 8.594922035932541 0 0 0 0 0 0.1408874541521072 0.9481228590011597 0.1421397030353546 2.937291279435158 0.549889013171196 0 0 0 2.069004505872726 0.3280097097158432 0 1.990798845887184 0 0 0 0 0 0 123.0109844952822 1.270320266485214 0 0 0 0.3955714404582977 0.2746350169181824 0 3.888555280864239 2.582988888025284 7.48969329893589 1.079576179385185 1.60060803592205 0.234399639070034 0 0 0 0.1250761300325394 0 0 0 82.04380601644516 10.83445675671101 8.363819375634193 164.7314267605543 8.649610601365566 52.35402760654688 16.225720949471 159.5985052287579 10.01233586668968 2.433509469032288 27.05090580135584 21.90810780972242 0.6073106378316879 13.23393301665783 0 27.24752235412598 1.978621408343315 0 4.039642967283726 0.7884435206651688 0
383.1716589778662 170.983139321208 92.21904230117798 1957.02745770663 407.669017650187 205.5130309313536 4594.334213092923 360.1499930471182 1965.041955403984 10566.97065019608 2196.457124002278 2651.786917284131 0 2605.426098428667 70.45009562373161 54.16129173338413 2.962128899991512 0.5264237523078918 0.1218832582235336 0.4022035747766495 1.617860540747643 1.301228068768978 0.1687139868736267 0.3820907399058342 1.756914287805557 0.4273274466395378 0.8236459270119667 2.537693776190281 1.038762509822845 0 49.12748118489981 8.757714100182056 20.61804945021868 0.1485215127468109 0.5991743430495262 2.095295943319798 38.81897658109665 1.450680151581764 2.835411682724953 1.982330776751041 4.215546160936356 3.135105609893799 0.7738295048475266 9.03470741212368 0.6571354568004608 0.4706555306911469 144.8653854057193 5.257104225456715 1.267127901315689 0.3848113641142845 2.429505854845047 1.316413931548595 0.1347748637199402 4.287119530141354 22.67234639078379 19.77661605924368 26.24463074654341 79.09022405743599 23.22753842920065 25.57810874283314 0.352586604654789 0.2463923990726471 0.8027842044830322 72.09806694090366 8.436889998614788 3.87305061519146 4.157294362783432 1.616635113954544 3.252075009047985 3.959564492106438 68.26694928854704 24.85660510510206 0.292604386806488 76.53015996515751 28.9885795712471 167.5577957183123 83.11181601136923 76.66015511006117 0.718640074133873 38.41005293279886 1.478471629321575 3.492872647941113 11.82045158743858 0.8400897979736328 3.832354389131069 9.924490384757519 2.175531648099422 0 1.30321066826582 0.6757165789604187 0.7564969956874847 0.6124730259180069 4.095645911991596 2.039856120944023 3.997258707880974 2618.402518585324 15.17669081687927 0.3554204851388931 1.725791350007057 101.1880224868655 3.111254528164864 5.133635058999062 23.64108526706696 12.14173150062561 7.455639868974686 211.6757153570652 35.45869132876396 93.52809977531433 463.6835903823376 177.6918934136629 33.34607206285 652.321919709444 372.7690691649914 226.9372041523457 39.8152893781662 2.53089739382267 1.531183212995529 0 1.52661856263876 0.1328175216913223 0 0 0 0 0 0 0 0 0.2858928442001343 0 0 0 0.4002838581800461 0 7.65900744497776 0.5375851690769196 0 0 0 56.44738677144051 0 12.74861535429955 3.457926668226719 0.8717331662774086 0 0.659365713596344 0 0.2366490215063095 0.5865426063537598 0.1522530913352966 0 4.025504469871521 18.35232629626989 0.1725250333547592 0.4752992689609528 0 0.2068374156951904 0.1580216288566589 0.08509377390146255 2.263414412736893 0.09025431424379349 6.477193363010883 3.028501354157925 0.4675665348768234 0.3667413890361786 0.7151212692260742 7.49735201895237 1.396920271217823 0.8604236394166946 3.374836318194866 0.2452342212200165 0 0 0 0 0.1332640498876572 325.252845980227 4.716874450445175 0 0.2126020342111588 0 2.790709659457207 0 0.3526449501514435 3.42388204485178 4.158548943698406 14.9593353420496 3.763176098465919 8.473968297243118 0.1036475226283073 0 0 0.1041030660271645 0 0 0 0 191.1757301539183 31.60451227426529 29.03032495826483 828.2888318374753 86.92913910001516 462.7436880618334 179.8003976866603 253.0608078315854 55.79313544183969 11.74119433760643 189.9180535003543 62.65779205411673 2.96511036157608 53.34253154695034 2.754889294505119 66.42813590914011 6.82011616975069 0 11.02990348637104 5.227907709777355 1.997237801551819
381.4170136973262 323.0345409363508 250.8524575531483 220.0764217600226 305.9763421490788 46.42115937173367 2271.321324266493 905.9517059624195 3388.653517410159 1801.106887347996 8068.919313043356 183.7081652581692 2605.426098428667 0 81.8845118060708 59.09845226258039 2.389648027718067 0.1357798725366592 0.4573893547058105 0.9280606880784035 2.640435114502907 0.5946308150887489 1.115060716867447 0.8872244358062744 5.784627921879292 1.15559559315443 1.708795495331287 2.273795902729034 1.364082023501396 0.2826876938343048 116.2538796141744 23.37306825816631 1142.520844720304 0.2873147428035736 1.106574192643166 24.32924685627222 988.9271548911929 26.90900956839323 7.267499923706055 9.297373376786709 10.19430869817734 2.503731101751328 0.3421175330877304 9.089782945811749 0.4595401138067245 2.091402597725391 149.9823371097445 4.476889036595821 1.320852257311344 2.424520522356033 1.090000845491886 1.248881153762341 0 2.217025570571423 25.26124781370163 19.42151273787022 29.36420921981335 123.2128236368299 20.37696345895529 29.72560562938452 4.091096721589565 12.7443642616272 3.767628654837608 90.67428028583527 9.562511321157217 3.757858492434025 5.205363892018795 2.249892696738243 3.833102151751518 7.001377679407597 174.5407622084022 25.88158123195171 0.3087230622768402 90.95403003692627 37.64174611121416 188.7176867723465 91.46303436160088 85.80685242265463 2.530945509672165 245.2259242981672 4.514806516468525 39.4926737844944 14.61317860335112 0.6731129735708237 2.95147592574358 7.31125907599926 1.963427938520908 0.6443144008517265 0.8359616473317146 0.8355680555105209 0.308769628405571 1.485424011945724 5.702937841415405 4.010744631290436 2.88711641728878 811.5076477527618 14.72096173465252 1.401260182261467 1.281982876360416 72.89022021740675 0.6031648069620132 3.080562636256218 10.82254068553448 3.875754311680794 3.640344619750977 110.4904858469963 14.30736580491066 48.18822619318962 77.56596881151199 67.68628320097923 16.6599880233407 285.4638878032565 141.4709471464157 116.7429205179214 20.18940183520317 2.166266918182373 1.248381219804287 0 0 0 0 0 0 0 0 0.1403039544820786 0 0 0 0.2114328891038895 0.184155210852623 0 0 0 4.480863407254219 0.4579329192638397 0 0 0 37.95722656697035 0 7.788352996110916 2.67365525662899 0.2782048210501671 0 0.1372875720262527 0 0 1.327761463820934 0 0 1.898746892809868 13.54034478217363 0.2262357771396637 0 0 0 1.096176043152809 0 2.899860560894012 0 4.177447207272053 1.519285157322884 0 0 0 8.112537309527397 0.2996040433645248 0.4279530346393585 1.34736817330122 0.09308955818414688 0 0.2186233252286911 0 0 0.1550017297267914 158.871140293777 3.802475929260254 0 0 0 1.753836214542389 0 0 2.5448137819767 2.565811395645142 9.824941001832485 2.371845334768295 2.779159784317017 0.2928909659385681 0 0 0 0 0 0 0 63.53118923306465 14.93804503977299 18.7372896745801 879.4573185965419 63.95336621999741 519.1410522088408 163.7097230628133 159.672710634768 65.73865769058466 12.61695376038551 143.2277069762349 38.98713676631451 1.307062171399593 29.83315726369619 1.649800181388855 32.67263643443584 2.211582571268082 0.2575373649597168 6.338780596852303 5.464967265725136 0
