0 4104.239373326302 1371.656563147902 1263.912107393146 317.3558660447598 43.81802207231522 324.0545271039009 32.52136387676001 108.5706460103393 964.1982142925262 249.1596842929721 25.77061945199966 153.439820997417 94.85480237752199 0.4868161752820015 0.4347542822360992 0 0 0 0 0 0 0 0 0 0 0 0 0 0 236.7269750460982 0.8842022716999054 9.524110898375511 0 0 0.07599633187055588 16.06793799251318 0.3709411695599556 1.018367163836956 0.7234223335981369 0 0 0 0 0 0 4.136848673224449 1.028748363256454 0 0 0 0 0 0 2.270496748387814 2.500882491469383 28.00342655181885 118.7914636358619 32.34693961590528 5.914874844253063 0 0.125033512711525 0 0.2018277272582054 1.569406740367413 0.441628023982048 0.09818931668996811 0.3896095082163811 0 0.1178296282887459 14.38994444161654 0.6023601293563843 0 22.45007252693176 1.677349753677845 0.3029670715332031 0.6085854694247246 0.1107070744037628 0.1360340863466263 1.495020292699337 0 0.3112456500530243 4.380658142268658 0.1108603775501251 0.4997109547257423 0.3978216573596001 0.268236979842186 0 0.1743554472923279 0.3333914279937744 0.08919256925582886 0 0.08247233927249908 0 0.1391140073537827 62.56455594301224 0.7618009299039841 1.67950451374054 0 369.3699347451329 0 0 0 0 0 0.194685310125351 0 0 12.67474292218685 0 0 0.2018707096576691 0.3809671700000763 0.2944410294294357 0.2901884019374847 0 0 0 0 0 0 0 0 0 0 0 0 0 0 0 0 0 0 0 0 0 0 0 0 0.5886820629239082 0 1.181943379342556 0.1155952140688896 0.3226509094238281 0 0 0 0 0 0 0 0 0 0 0 0 0 0 0 0 0 0 0 0 0 0 0.1986036226153374 0 0 0 0 0 0 0 0 0 0.836318239569664 0 0 0 0 0 0 0 0 0 0 0.2575695216655731 0 0 0 0 0 0 0 0 0 1.085093930363655 0.1048174202442169 0.4484531879425049 12.92711014300585 2.419677086174488 20.02106060832739 2.582478523254395 270.2131714001298 14.4756186157465 0.4806751012802124 3.22324900329113 0.7402147054672241 0 0.3770959079265594 0 0.660475566983223 0 0 0 0 0
4104.239373326302 0 494.4313711151481 2888.347955718637 4590.553762413561 55.04239676892757 2141.350753627717 3.290269538760185 1065.077724039555 1345.115693129599 253.9586869701743 12.25072309374809 310.8146566450596 125.6210125014186 1.358163520693779 0 0.462339848279953 0.1930751502513885 0 0 0 0 0 0 0 0.3288993090391159 0.2013352289795876 0.225216343998909 0.2013596743345261 0 2554.345795691013 2.208199173212051 1.605988696217537 0 0 0 3.827289655804634 0.4813053756952286 0.2550114467740059 0.6847583130002022 0.1751070767641068 0.9545534625649452 0.122929759323597 0.2944997400045395 0 0.2845437899231911 34.4473088607192 6.804563902318478 0.3044756650924683 0.3282624930143356 0.7546330019831657 0 0.2089284509420395 0 7.943192034959793 14.36718037724495 42.75650439411402 444.8897702172399 89.05725569278002 20.67250060290098 1.804022736847401 1.586815215647221 0.08076688647270203 14.83256389200687 18.05031418800354 3.976122997701168 3.717796012759209 0.4832875728607178 0 0.3912659585475922 7.939560435712337 0.7210458517074585 0 143.4937926605344 37.66664775460958 11.52619995176792 15.7069203555584 1.140704482793808 0.6934508681297302 1.896364271640778 0 3.879768341779709 21.49528955668211 0.2361045703291893 3.938813924789429 3.235685341060162 2.251013033092022 0.1093433201313019 0.7700138539075851 0 0.4077138602733612 0 0.3004079982638359 0.2170184254646301 0 10.78045375645161 1.884256660938263 0 0 1681.718589358032 0 0 0 0 0 3.34169402718544 0 0 62.48266407847404 0 0.3249313533306122 0.236177533864975 0.8590072244405746 0.4383508712053299 1.710501059889793 0 0.5025294423103333 0 0 0 0 0 0 0 0 0 0 0 0 0 0 0 0 0 0 0 0 0 0 4.409863576292992 0 1.241161465644836 1.31576431542635 1.608456000685692 0 0 0 0 0 0.2814790904521942 0 0.1830422580242157 0 0 0 0 0 0 0 0 0 0.3949602544307709 0 0 0 0 1.272968903183937 0 0 0 0 0 0 0 0 0 4.820003338158131 0 0 0 0 0 0 0 0 0 0 0 0 0 0 0 0 0.188155859708786 0.09258732944726944 0 0 2.272618472576141 1.091330856084824 2.45913752913475 68.42773050814867 16.83726997673512 202.512561827898 24.36216472834349 350.9132745191455 66.73860064148903 3.407759450376034 20.90103349834681 3.072599232196808 0.1037080511450768 0.9666339457035065 0.4941759705543518 0 0 0 0 0.709673136472702 0.3164119273424149
1371.656563147902 494.4313711151481 0 405.1249209716916 212.7835659906268 22.85412161052227 93.97851869463921 986.4338167384267 851.9133364483714 503.0761949270964 4246.880905710161 48.31308768689632 418.2711733803153 2051.799606963992 9.541059859097004 7.066570974886417 2.992264725267887 1.428546346724033 0.3977848291397095 0.2345069646835327 1.009110890328884 0 0 0 1.480213932693005 0.1935908049345016 0.4884805828332901 0.5280962437391281 0.5579849854111671 0.1889291107654572 5782.150509051979 495.2433532625437 326.5915335640311 0 0.1202258169651031 2.992740400135517 183.1143169403076 15.51510689407587 15.33886916935444 15.06898212432861 0.4849250912666321 1.338933430612087 0.8469046130776405 2.826093420386314 0 1.466910436749458 38.22653385996819 10.19953290373087 1.837089747190475 4.211621686816216 1.674640588462353 0 1.431055262684822 0.13184554874897 11.2695628926158 15.45711730420589 93.55961012095213 1618.686343878508 179.0187682956457 29.54687511920929 10.676593080163 19.11012598127127 0.1911977529525757 416.5603246018291 15.80343032628298 5.773903034627438 2.834725491702557 1.240166485309601 2.95524936914444 2.838703215122223 25.52105832099915 2.669311210513115 0 247.9774466976523 153.1780120506883 16.76826412975788 22.04579500108957 10.79022794961929 19.08556161820889 179.5784546881914 3.181997247040272 155.7192609980702 25.00264794379473 0.1124489009380341 3.054649703204632 4.149909354746342 3.018443308770657 0.2116737067699432 0.9736228734254837 0 1.256165511906147 0 0.7979611456394196 1.194277234375477 0.1992628946900368 31.83231250941753 1.749426439404488 0.1456910520792007 0 984.602696210146 0 0 0 0 0.1438940465450287 0.3156509101390839 0 0.799422100186348 0.8946962654590607 0.9823217988014221 0.7596033364534378 2.896665804088116 3.251572713255882 3.248904705047607 7.655299365520477 1.115469336509705 0 0 0.3657042980194092 0 0 0 0 0.3911828398704529 0 0 0 0 0 0 0 0.3566326200962067 0 0 0 0 0 0.696660190820694 0 12.09165149182081 0.623802661895752 9.912102788686752 4.533629275858402 2.716148853302002 0 0.4498909711837769 0 0 0 0 0 0.3101315349340439 0.8029013872146606 0 0 0 0.575897753238678 0.4229347407817841 0 0 0 0 0 0 0 0 5.14236818253994 0 0.177306741476059 0.2756229043006897 0 0 0 0 0 0 20.4248388260603 2.492267400026321 0 0 0 0.1416734009981155 0 0 0 0 0 0 0 0 0 0 0 0.1385463774204254 0.08559821546077728 0 0 9.801300138235092 5.010392114520073 11.94177232682705 68.23959884792566 28.84609883278608 162.5580529794097 29.39478765428066 302.8616125434637 74.43997529149055 4.621708787977695 30.24170812219381 4.160988301038742 0 1.845110230147839 0 2.314726963639259 0.9327433407306671 0 3.352679818868637 1.174855127930641 0.4306787773966789
1263.912107393146 2888.347955718637 405.1249209716916 0 1052.412873141468 221.2866026908159 988.6807875782251 13.61835262924433 330.8343807160854 2452.667775608599 133.8164322078228 514.0172053948045 1615.136442087591 230.2319595441222 0.3080006837844849 0.08879019320011139 0.2109134793281555 0.1398921310901642 0 0 0 0 0 0 0 0 0 0.2759234756231308 0 0 30.02906593680382 1.105920888483524 4.929307267069817 0 0 0 4.962511524558067 0 0.709469385445118 0.2589786946773529 0.1038037240505219 0.257846362888813 0 0.3693343922495842 0 0.2802138030529022 26.83117070794106 5.8360840305686 0 0.2214915305376053 0.2006848603487015 0 0.08567566424608231 0 5.020927704870701 9.332111746072769 21.97094783186913 120.354109287262 40.49691477417946 12.68857503682375 0.2818708047270775 0.9227210581302643 0 5.099904462695122 10.53381594270468 3.068841688334942 1.537693433463573 0.3307701647281647 0.1281977593898773 0.2614283859729767 126.4884895384312 0.3343187049031258 0 84.81620615720749 23.57251689583063 7.764573454856873 5.096583969891071 0.9945824146270752 0.2552125230431557 1.589622318744659 0.1169913187623024 1.571742497384548 18.7120370939374 0.1067245677113533 1.538897112011909 2.995991662144661 1.480989761650562 0 0.6420731842517853 0 0.08803927898406982 0.1752588301897049 0 0.162047415971756 0 137.0370347797871 14.90440478920937 0 0 311.0508703589439 0 0 0 0 0 7.433790504932404 0 0.2884552776813507 35.30522215366364 0 0 1.855654940009117 0.5947103053331375 2.165111109614372 2.256624683737755 0 0 0 0 0 0 0 0 0 0 0 0 0 0 0 0 0 0 0 0 0 0 0 0 3.119278147816658 0 1.679792776703835 0.5517295598983765 0.7572902143001556 0 0 0 0 0 0 0 0 0 0 0 0 0 0 0 0 0 0 0 0 0 0 1.911687523126602 0 0.299685537815094 0 0 0 0 0 0 0 2.395393565297127 0 0 0 0 0 0 0 0 0 0 0 0 0 0 0 0 0 0 0 0 1.094142280519009 0.5797366574406624 2.180327340960503 50.94185476005077 11.27813813835382 141.357685610652 12.94497498869896 451.4576587602496 47.00481805950403 3.043428383767605 12.54881262779236 1.546076908707619 0.3935624957084656 2.445548474788666 0 0 0 0 0.5601978302001953 0 0
317.3558660447598 4590.553762413561 212.7835659906268 1052.412873141468 0 21.73012945055962 1416.65725313127 5.781424231827259 1987.406229667366 775.5111538544297 492.091858021915 27.77176108211279 516.9042583703995 573.1624705046415 2.818565368652344 0.2375850304961205 0.7725158557295799 0.2077794969081879 0.1973529681563377 0.181439682841301 0.3073543310165405 0 0 0 0.6731835529208183 0.2335960119962692 0.1904221251606941 0 0.0891776978969574 0.09817506372928619 108.8957333415747 11.40994203835726 4.907834373414516 0 0 0.3934737145900726 15.5475989729166 1.69714991748333 3.757693275809288 1.031472489237785 0.2329318970441818 0.4244513958692551 0.2324287891387939 0.3651601895689964 0.1536957919597626 0.6137010753154755 60.51089762896299 9.258916907012463 0 0.5852613896131516 0.6770923808217049 0 0 0 8.720033563673496 11.66794058680534 22.88659089803696 141.8249303624034 39.91675548255444 19.94548843055964 0.6638265997171402 3.629615128040314 0 24.88276606798172 15.59443926811218 6.221240475773811 3.847356185317039 1.037988841533661 0.456634983420372 0.1211371272802353 13.74048967659473 0.332945741713047 0 115.6471028104424 54.49809787422419 23.32945780456066 26.98795191943645 2.468445651233196 0.772138386964798 2.118479572236538 0.1191757768392563 4.868992529809475 22.98924234509468 0.2157474160194397 3.168524920940399 3.311234571039677 1.809909991919994 0 0.7497572228312492 0 1.980686858296394 0.6579188704490662 0 0.8313665091991425 0.6590997129678726 31.33649031817913 1.464486062526703 0 0 92.7006957679987 0 0 0 0 0 1.301178723573685 0.1848237365484238 0.9673127233982086 6.949130713939667 0.5212359428405762 0.2005873769521713 4.997376292943954 6.663704246282578 9.960098773241043 13.68406370282173 0.1035475060343742 0.168140172958374 0 0 0 0 0 0 0 0 0 0 0.8040458112955093 0 0 0 0.1556041985750198 0 0 0 0.5194435119628906 0 0 0 14.03424778580666 0 11.07267211377621 1.756837412714958 3.380666583776474 0 0 0 0 0.1638235002756119 0.3368334770202637 0 0.4559644162654877 0.7157313674688339 0 0 0 0 0 0.07270046323537827 0.1734810918569565 0 0 0 0 0.6121286153793335 0 8.821311563253403 0.1966370791196823 0 0 0 0 0 0 0 0 27.99526647478342 0.3503728210926056 0 0.1565899401903152 0 0.9481824338436127 0 0.3264580368995667 0 0 0.6853803992271423 0 0 0.335086464881897 0 0 0 0 0 0 0 9.548760801553726 5.061422869563103 9.347169123589993 131.3859418407083 34.89566539973021 320.9105799496174 46.54822792857885 270.3435297235847 78.60620597749949 6.663971327245235 48.65981675684452 5.587392866611481 0.1333091109991074 3.536177553236485 0 1.349197238683701 1.365493953227997 0 1.343555510044098 0.9493067339062691 0.3614770770072937
43.81802207231522 55.04239676892757 22.85412161052227 221.2866026908159 21.73012945055962 0 61.93028780072927 1.725506469607353 31.46167777478695 1253.115069575608 8.56098260730505 397.1043821275234 246.2149251848459 74.44963152706623 0.1107398942112923 0 0 0 0 0 0 0 0 0 0 0 0 0 0 0 11.80216272175312 0.4299511909484863 12.2382441163063 0 0 0 42.34613763540983 0 4.334126099944115 0 0 0 0 0 0 0 0.9578344970941544 0 0 0 0.09343352168798447 2.056007027626038 0.3919799625873566 0.3568379282951355 0.7825918272137642 0.6613472029566765 101.4619218185544 105.0922700166702 15.64095790684223 0.5519015043973923 0 0.1596300452947617 0 0.1313433200120926 1.274555660784245 0.5529094710946083 0.1823535263538361 0 0 0 165.2207310497761 17.62709188461304 3.087466478347778 8.932000882923603 0.8022689819335938 0.3513642102479935 0.1503992825746536 0.1808657050132751 0 0.9770839810371399 0.2481835931539536 0.7763043642044067 1.411082841455936 0.1830347627401352 0 0.1389727145433426 0.1571262031793594 2.412903413176537 0.7084479182958603 0.335673987865448 0.2326119989156723 0.8647805452346802 0 0 0.1704440861940384 509.0944996029139 26.69007366895676 3.034296035766602 1.49028554558754 1088.738771811128 0 0 0 0 0 0.8158020973205566 1.46642017364502 0.8852362185716629 1.194116294384003 0 0 0.5816384702920914 1.650419861078262 0.388547956943512 0.932256892323494 0 0 0 0 0 0 0 0 0 0 0 0 0.1260701268911362 0 0 0 0 0 0 0 0 0 0 0 0.3199363201856613 0 1.302588827908039 0.4480884671211243 0.7422360479831696 0 0 0 0 0 0 0 0 0 0 0 0 0 0 0 0 0 0 0 0 0 0 1.154538542032242 0.1582708954811096 0 0 0 0 0 0 0 0 1.661316320300102 0.4276664853096008 0 0 0 0 0 0 0 0 0 0 0 0 0 0 0 0 0 0 0 0.4279397875070572 0.5622501373291016 0.6100275814533234 4.582134366035461 0.7320153787732124 9.901385806500912 1.752466142177582 440.732140429318 18.37209986150265 0.3098493218421936 0.8320773988962173 0 0 0.8802603632211685 0.6570245027542114 0.958736777305603 0 0 0 0 0
324.0545271039009 2141.350753627717 93.97851869463921 988.6807875782251 1416.65725313127 61.93028780072927 0 6.027145400643349 1699.216821685433 1516.642432145774 272.0201883390546 87.65221755951643 337.314916588366 44.35693772882223 2.018076777458191 0.2819849103689194 0.910200908780098 0.3222646117210388 0.1597649306058884 0.09724859148263931 0 0 0 0 0.4459282383322716 0.5116426721215248 0.2359793931245804 0.1715782880783081 0 0 79.04549679905176 10.3021999001503 9.231877811253071 0 0 0.3785890489816666 24.30852746218443 2.127519682049751 6.403305642306805 2.349071383476257 0.1252272427082062 0.9638106748461723 0.3154774010181427 0.3898575603961945 0 0 67.08444119989872 10.3114628046751 0.3651483803987503 0.377686120569706 0.7203288897871971 0 0.2805882394313812 0 13.7235414609313 14.80653347820044 25.5094510987401 150.3265441283584 49.21134140342474 25.20936753600836 1.347226724028587 1.795237630605698 0 24.65544476360083 18.73725809156895 6.682465173304081 5.724783636629581 1.12283830344677 0.4728865325450897 0 40.90939278900623 2.24240043759346 0 127.5494831874967 51.73874221742153 20.96072483062744 24.97602031379938 1.987471520900726 0.3728839531540871 5.019322074949741 0.2240946367383003 7.277542158961296 31.79123289883137 0.1159777790307999 5.154737964272499 4.119003638625145 2.975229859352112 0 1.87964104861021 0.3262621611356735 0.2924805283546448 0.1198438405990601 0.5448499396443367 0.5732745751738548 0.1039038822054863 76.33571888506413 21.36058647930622 0 0 108.3666317388415 0 0 1.419247388839722 0.2269896417856216 0 5.288026750087738 0.2196348160505295 0.9514510631561279 33.59518973529339 2.842683255672455 0.9093666821718216 9.454660475254059 17.37304553389549 10.11340791732073 24.961435995996 0.7445366084575653 0.5950958728790283 0 0 0 0 0 0 0 0 0 0 0.7156121432781219 0 0 0 0 0 0 0 0.3120096027851105 0 0.516879141330719 0.7679218053817749 25.44909217208624 1.238851487636566 23.21586970984936 5.303230732679367 5.78308679163456 0 0 0 0 0 0 0 0.5339425802230835 1.876715525984764 0 0 0 0.8501092791557312 0 0.1255330890417099 0 0 0.1006766930222511 0.370242714881897 0 0 0 13.6653838455677 0 0.6600271612405777 0 0.09398624300956726 0 0 0 0.1452686637639999 0 41.89792065322399 0 0 0 0 2.033181726932526 0 0 0.348813533782959 0.1637800335884094 1.583122715353966 0 0 0 0 0 0 0 0 0 0 18.08601661026478 9.616989649832249 22.36426976323128 144.8028401806951 42.00932093709707 371.130905136466 52.45499819517136 444.3010063916445 89.57325461506844 4.914214961230755 59.01683157682419 6.320386037230492 1.310852974653244 10.63819956034422 0.2946002185344696 2.749287962913513 0.9273162186145782 0 1.347266644239426 1.656494215130806 0.3587213903665543
32.52136387676001 3.290269538760185 986.4338167384267 13.61835262924433 5.781424231827259 1.725506469607353 6.027145400643349 0 57.65025441348553 20.28059267997742 1849.706800170243 50.54864187538624 268.8019694685936 723.4207114502788 51.08037960529327 33.19054017961025 24.5901887640357 6.002060063183308 0.961381733417511 4.167866565287113 6.088481418788433 0 0.1764365285634995 0.1034943163394928 10.11741795390844 0.8059566020965576 1.113288901746273 1.128204070031643 1.305761061608791 0.1183648556470871 944.2948430851102 2226.428318887949 629.9056804403663 0.3861984759569168 1.400558173656464 31.03520410507917 283.65514036268 141.9244550392032 63.73816078156233 67.74431971460581 2.913260608911514 4.161476559937 4.902362406253815 12.18560811132193 2.283230967819691 10.00405961275101 104.7575939819217 13.26944676786661 4.474850051105022 19.14272436499596 4.06453301012516 1.3886903449893 4.858969427645206 0.779974639415741 4.022806696593761 7.072194740176201 45.30543132871389 521.9922379404306 58.8107553049922 25.2811455950141 40.45142774283886 192.563895560801 0.709468200802803 831.794179007411 10.70503374934196 3.901946693658829 5.001962058246136 4.961594603955746 16.55499646812677 15.22531475126743 27.5706087872386 17.08898924291134 0 162.9423867836595 216.302064023912 44.64339027553797 110.8431790620089 65.61735307425261 447.1390885561705 1837.920168727636 25.83886114507914 2010.267656706274 15.69108928740025 0.5672072246670723 3.583550170063972 1.352684654295444 11.10087300091982 0 1.095832355320454 0.1098787263035774 2.323490366339684 0.1347991526126862 5.174861006438732 3.872989602386951 4.272854305803776 48.02097151428461 1.907383918762207 0.4106393456459045 0 48.01770500093699 0 0 0.5157199501991272 0 0.5813423991203308 0.7682211399078369 0 0.4828092306852341 0.4222142770886421 0 0.1456392258405685 3.581467978656292 3.961498521268368 7.216592490673065 12.88393989950418 0.1658557206392288 0.7636372745037079 0 1.351571649312973 0 0 0 0 0 0 0 0 0.6904927343130112 0 0.1553560495376587 0 1.143823742866516 0.6077048778533936 0 0 0.3081188052892685 0.1442929208278656 0.9191319644451141 0.3040958940982819 25.11808341741562 1.044281110167503 12.92654295265675 8.695344634354115 5.761800870299339 0 0.2667542994022369 0.5873201489448547 0 0.7580902129411697 0 0 0.446512371301651 0.5851664021611214 0 0.09917500615119934 0 0.4603251814842224 0.8884149789810181 0 0 0 0 0 0 0.4103565812110901 0 5.261733241379261 0 0 0 0 0 0 0.5744835585355759 0 0 23.67241982370615 3.92416624724865 0 0 0.1737873405218124 0.7869987189769745 0 0 0.2998440265655518 0.08430482447147369 0.2144023776054382 0 0.1047073379158974 0 0 0 0 0 0 0 0 10.50547714531422 11.548842638731 21.49741833657026 210.1073449328542 66.48769771307707 283.6193658560514 71.54290174692869 111.0197810828686 49.79635787010193 6.53779561072588 91.78622251003981 4.15344712138176 0.9483262971043587 4.154521435499191 0 0.3738869726657867 1.410263419151306 0 1.343118280172348 2.054786369204521 0.665604367852211
108.5706460103393 1065.077724039555 851.9133364483714 330.8343807160854 1987.406229667366 31.46167777478695 1699.216821685433 57.65025441348553 0 1016.315914817154 2543.395308539271 96.15223596990108 3135.548759184778 1360.472084611654 8.047903478145599 0.6923030540347099 0.2026627659797668 0.8748785629868507 0.1377311050891876 0.3820702880620956 0.3079731166362762 0 0 0.08753503113985062 0.8470401465892792 0.455051563680172 0.1779931485652924 1.11219684779644 0.4173101633787155 0.1285509020090103 107.5188302099705 29.0066567286849 16.92660169303417 0.08297007530927658 0.09787963330745697 0.3966353014111519 59.1513773649931 4.213528871536255 14.14055280387402 4.765984997153282 0.2940851897001266 0.6591939106583595 0.1596730649471283 0.561199426651001 0.1146204471588135 0.7506152242422104 123.4819151163101 12.33132752031088 0.715734526515007 0.4955947995185852 0.9006352871656418 0.3424764275550842 1.668712325394154 0.1401263028383255 15.12127742916346 15.30593787878752 30.78833331167698 177.0835800915956 50.40330047905445 36.64997395128012 1.665584623813629 6.237212151288986 0 41.63350861519575 24.42529912292957 7.189600091427565 6.921382769942284 1.614430531859398 0.4229340255260468 0.444892629981041 71.82102359831333 6.116122156381607 0 158.9703310281038 73.23221223056316 37.17740466445684 52.91634517908096 3.37459658831358 2.365959823131561 12.7081006988883 0.9587871134281158 16.55916226655245 32.85085871815681 0.08714278042316437 6.158296048641205 5.597004808485508 3.090960703790188 0 1.529318496584892 0.0870012640953064 0.6198304146528244 0.1194267272949219 0.8079512566328049 1.702647693455219 1.679264731705189 226.9937136843801 9.174969077110291 0 0 64.11008012294769 0 0.2106142491102219 0.6642601490020752 0 0 14.4938727542758 2.218410760164261 6.133997648954391 10.00909897685051 5.967891335487366 4.684560239315033 33.55587591975927 49.55913323909044 43.46661385148764 78.74306475371122 2.267689809203148 2.702576532959938 0 0 0 0 0 0 0 0 0 0 1.417705282568932 0 0 0 2.217731490731239 0 0 0 1.478473424911499 0 0 1.871625453233719 80.83787062764168 5.694663643836975 73.98363850265741 21.48373217880726 21.7861375361681 0 0 0 0 0 1.016209006309509 0 1.648089662194252 3.632440015673637 0.2021292001008987 0.1139809265732765 0 1.31361335515976 0 0 0.1943806111812592 0.1248759925365448 1.566939041018486 0.1062268689274788 0 0.8231219947338104 0 40.56816737353802 0.534570574760437 0.7020903676748276 0.5637330934405327 0.09215641021728516 0 0 0 0 0 116.6586576998234 5.139922320842743 0 0 0 8.342713922262192 0.37872314453125 1.935908243060112 0.4809799194335938 0.2963984757661819 0.7103923261165619 0 0.8038557469844818 0.3494708836078644 0 0 0 0.1315463781356812 0 0 0 54.49901586771011 25.65073280036449 67.92916822433472 363.1052312850952 69.79121696949005 660.147827707231 114.0307773500681 532.6189260855317 138.627905189991 13.29812075942755 135.6434030607343 23.28554046154022 2.324483349919319 31.99605071544647 1.299923256039619 16.56755970418453 7.077376872301102 0.5346586331725121 12.15366982668638 2.568230383098125 2.084020495414734
964.1982142925262 1345.115693129599 503.0761949270964 2452.667775608599 775.5111538544297 1253.115069575608 1516.642432145774 20.28059267997742 1016.315914817154 0 250.9313183426857 3266.693385697901 6668.437715895474 1641.053917191923 1.686174184083939 0.1024061888456345 0 0.1474797427654266 0 0.142392709851265 0.106054462492466 0.1281576007604599 0 0 0.08480753749608994 0.2473709806799889 0.09646070748567581 0.3074221611022949 0.1374058127403259 0 75.5075354501605 4.869817607104778 100.0509252473712 0 0 0.1850949302315712 312.1472714096308 0.6359076052904129 3.878399103879929 1.136188842356205 0 0.09184412658214569 0 0 0 0.6639779880642891 61.64289252460003 11.13508839905262 0.2362282648682594 0.7827039435505867 1.113063216209412 0.6006111800670624 0 0 22.18169730901718 23.95425403118134 75.49806284159422 372.797630019486 145.302680708468 41.22385298460722 0.6897048354148865 4.623947307467461 0 16.25191712379456 29.34285248816013 6.625037848949432 5.603330448269844 1.313867472112179 0.4548413380980492 0.08712790906429291 1106.11069688201 0.9551056027412415 0 220.8220077306032 43.64575357735157 17.8167973831296 12.98814762383699 1.574161395430565 0.3782694265246391 8.339394979178905 0.9640316888689995 6.952979862689972 49.69710882008076 0.5603489354252815 6.614313781261444 6.387300975620747 2.408743970096111 0 1.380689911544323 0.1030604317784309 0.5317323058843613 0.2200192213058472 0.250214010477066 0.1034920066595078 0.512114554643631 862.3143217489123 161.7048384696245 0.1664019227027893 0.1686989068984985 1148.631337836385 0.1141639053821564 4.267240256071091 20.1681019961834 102.131331205368 0.6227672100067139 13.91410014033318 88.89615327119827 5.328196540474892 155.8686289340258 162.8000084757805 4.417293801903725 156.7168003246188 136.9089482650161 55.03936851024628 60.66191613674164 2.013655975461006 3.452279180288315 0 1.050229787826538 0 0 0 0 0 0 0 0 1.460089087486267 0 0 0 1.473606318235397 0 0 0.5138706564903259 0.8354935050010681 0 0 0 39.31882286816835 4.04074577242136 40.30048993229866 8.162776365876198 6.248034968972206 0 0 0 0 0 0 0 2.700267441570759 3.670570150017738 0.1328933984041214 0.1301615685224533 0 1.990491390228271 0.1979423612356186 0.2312914133071899 0.1022036448121071 0.1691243126988411 0.8272955492138863 1.13334921002388 0.3860233724117279 0 0 35.16277738660574 0.2775197923183441 1.926519803702831 0.8000177070498466 0.08294640481472015 0.08116752654314041 0.102053090929985 0 0.1431720405817032 0 70.21614473313093 1.605819180607796 0 0 0 5.412159785628319 0.3303393721580505 0.6066938042640686 2.389149256050587 0.1779243797063828 1.954247437417507 0.4401140734553337 1.32536980509758 0.3181013166904449 0 0 0 0 0.3015729784965515 0 0 36.94144123792648 14.30172599852085 26.23073832690716 330.3208080232143 21.19313763827085 347.074258543551 29.48013804852962 3230.984592311084 144.0124433636665 6.224716901779175 42.10966328531504 16.93701589107513 0.1877073273062706 23.38126101344824 1.049962013959885 27.36964055895805 1.932861149311066 0.2074156552553177 2.974024057388306 0.9102312475442886 0
249.1596842929721 253.9586869701743 4246.880905710161 133.8164322078228 492.091858021915 8.56098260730505 272.0201883390546 1849.706800170243 2543.395308539271 250.9313183426857 0 232.5920714810491 3138.670681968331 7312.147466063499 55.55307271331549 36.32896993309259 17.83003268390894 3.664412520825863 0.8504994362592697 1.417735636234283 5.424224495887756 0.1390355676412582 0.1328932642936707 0.2126539275050163 13.26777710020542 1.069469466805458 1.628249704837799 0.7566580250859261 2.928400792181492 0 886.0599509701133 553.7127969563007 2187.537744894624 0.5802341401576996 0.9924781396985054 26.43624345213175 1401.514644525945 197.161542929709 149.4490620791912 127.5484857559204 3.472609825432301 2.481317654252052 1.928012736141682 10.34408489614725 1.653332628309727 3.866283431649208 132.830964975059 9.748992413282394 2.837829127907753 5.835259921848774 1.909812696278095 1.549866370856762 5.951860725879669 0.7247051298618317 9.667293190956116 16.12350161373615 56.44387709349394 521.213246114552 93.39142394810915 36.38919407129288 2.771397463977337 407.6909763664007 0.7806940972805023 178.0148260444403 19.42769812047482 7.318734776228666 4.444445975124836 2.787211157381535 5.298334702849388 9.056331463158131 165.4046371430159 37.99187008291483 0 211.3350705504417 127.9785011261702 55.09661301225424 92.31892625242472 47.21673328429461 72.4630680680275 923.1718017831445 2.17802419513464 227.2794970348477 26.9424505084753 0.09374454617500305 5.711487077176571 3.504235118627548 4.192179910838604 0 1.256449669599533 0.3267056047916412 0.7810112610459328 0.2911116853356361 4.161300830543041 2.410017304122448 2.904436312615871 150.9474638998508 12.0815726518631 1.048419743776321 1.75647047162056 167.4112782552838 0 0 0.2070378065109253 0 0.1318407654762268 5.173002354800701 0.3570008277893066 1.128997921943665 0.3287627398967743 2.849110066890717 1.002364128828049 12.5465756803751 16.2997712790966 20.40336308628321 35.59975115209818 1.962050303816795 1.108389154076576 0 0.5202883332967758 0 0 0 0 0.5154870450496674 0.2056101411581039 0 0 1.044641301035881 0 0 0 2.018080830574036 0.1529248505830765 0 0.3410294950008392 0.1623896360397339 0 0.734736442565918 1.624648541212082 57.63831555098295 3.952751256525517 33.33018763363361 17.17490061372519 12.52663403004408 0 0 0 0 0 0.7609237283468246 0 1.395979523658752 2.953622661530972 0 0 0 1.290518969297409 0.9170447885990143 0.07639238238334656 0 0 0.129026785492897 0 0 0.3234583139419556 0 17.29597794264555 0 0.3800502270460129 0.4787165373563766 0.1425010114908218 0 0 0.4025700986385345 0 0 61.71017134934664 8.842067569494247 0 0 0.5313261747360229 2.450347110629082 0 0 1.013048112392426 0.3465142548084259 1.068994536995888 0.6391588971018791 0 0.08616387099027634 0 0 0 0 0 0.2541996240615845 0.2343354523181915 28.90868707746267 29.22286577522755 56.94219170510769 350.1713772267103 89.85265806317329 510.2319337204099 117.6489755511284 328.7443409115076 97.83529042452574 8.785964883863926 143.5541444569826 9.471548646688461 0.6504407078027725 9.347474828362465 1.5889608040452 6.338446721434593 1.21344131976366 0 2.860213503241539 4.226269483566284 1.877080425620079
25.77061945199966 12.25072309374809 48.31308768689632 514.0172053948045 27.77176108211279 397.1043821275234 87.65221755951643 50.54864187538624 96.15223596990108 3266.693385697901 232.5920714810491 0 3677.939250670373 729.8282220214605 2.980307511985302 0.8071861565113068 0.2776951044797897 0.09586375206708908 0 0 0.1530509144067764 0 0 0 0.09949444979429245 0 0 0.09943860769271851 0.1405787169933319 0 26.32453519850969 15.3979514464736 100.7289709076285 0 0 0.8102515116333961 773.4156540557742 2.153839200735092 20.77920459955931 4.184726603329182 0.4302596151828766 0 0.1596118360757828 0.1224855035543442 0 0 25.4881529584527 1.072690404951572 0 0.6268503665924072 0 0.1814357936382294 0 0 2.61099948734045 2.675629898905754 5.522998660802841 33.54784281551838 8.716520875692368 5.335283562541008 0.6148935258388519 1.858050405979156 0 6.118887461721897 3.212859131395817 0.8511559665203094 0.6253195852041245 0.1231687888503075 0.178574874997139 0 472.9587963968515 14.2258418649435 0 24.91272577643394 10.75977379828691 8.180902764201164 10.21579755097628 2.579127103090286 0.2847054004669189 12.14953374862671 0.2585982009768486 5.479176044464111 3.373971924185753 0.1250529289245605 0.3684561103582382 0.8318185359239578 0.4360749125480652 0 0.3664986416697502 0.1676123291254044 0.2147547826170921 0.1266037374734879 0.3017844408750534 0 0.3087809011340141 1583.432770177722 67.63687984645367 1.219235777854919 6.31339830160141 64.26094944775105 0 0 0.5344817638397217 0.5134452432394028 0.1613516062498093 16.74476969242096 7.317678049206734 11.63038793951273 7.91281820833683 5.761485941708088 7.822231441736221 54.86975361406803 70.52590077370405 70.3651829957962 116.0773890987039 1.339837089180946 2.401905313134193 0.4807334616780281 0 0 0 0 0 0 0 0 0 2.621571481227875 0 0 0 0 0 0 0.262948103249073 1.430353000760078 0 0 0 97.76945766061544 5.961654275655746 77.73339592665434 15.63777037709951 18.07535690814257 0 0 0 0.1463540196418762 0.7766048908233643 0 0 2.888537734746933 4.653697304427624 0 0.1561035513877869 0.2434683740139008 1.190697312355042 0 0.08256185799837112 0.6088397279381752 0 0.3434987962245941 0.4261938482522964 0 0 0.564115583896637 46.19012433290482 0.1412494629621506 0.4967243894934654 0.4427456930279732 0.1260844171047211 0.1658561378717422 0 0 0 0 141.7012556269765 1.772689029574394 0 0 0 11.82530747354031 0 1.509676665067673 1.672842487692833 2.162733659148216 2.926023736596107 0 1.630588360130787 0.2511681318283081 0 0 0 0 0.1411165595054626 0 0 75.17222285270691 23.97644339501858 66.48423539102077 147.567375510931 15.92002160847187 107.0185088142753 23.06738466024399 800.2810598090291 19.25622214376926 1.580854095518589 27.9931613355875 22.6812501847744 1.165932312607765 34.2041215673089 1.001491129398346 14.98311483860016 4.560731582343578 0.3734587430953979 6.180750504136086 0.1470747888088226 0.6570342779159546
153.439820997417 310.8146566450596 418.2711733803153 1615.136442087591 516.9042583703995 246.2149251848459 337.314916588366 268.8019694685936 3135.548759184778 6668.437715895474 3138.670681968331 3677.939250670373 0 921.205762475729 22.34226739406586 5.488485112786293 0.5810764878988266 0.3276742845773697 0 0.2503843456506729 0.3251539468765259 0.7716878950595856 0 0 1.18788979947567 1.076876282691956 0.7548118233680725 1.976087816059589 1.460542634129524 0 156.2292959988117 58.1285348162055 97.46596824377775 0 0 0.5330490618944168 279.6443717107177 6.256944723427296 41.59590328484774 11.31745731085539 0.800719328224659 0.9522172957658768 0.3827999532222748 1.381856434047222 0.1730424463748932 0.3284193873405457 121.5196633189917 10.2503338009119 0.228106677532196 0.5782392770051956 2.100295521318913 4.057752154767513 7.593113727867603 1.350828088819981 10.23062141239643 17.29401823878288 30.11076766252518 186.7802013009787 42.85690724104643 31.39627749472857 0.7437429279088974 10.26986379921436 0.1064611598849297 42.61129703372717 22.00999653339386 5.718008056282997 5.286445371806622 1.155166678130627 1.182031527161598 0.878095880150795 661.1768238916993 133.5767245590687 2.200475506484509 140.0126557871699 64.80403803288937 45.53959958255291 58.53195545822382 12.23909796774387 1.872421249747276 27.94389102607965 0.9614112824201584 18.21776887774467 30.05687525868416 0.4502536207437515 5.61080563813448 5.483641877770424 2.459599711000919 1.63696976006031 1.551622733473778 2.256439171731472 1.723292708396912 1.212069429457188 0.570844292640686 1.767766177654266 2.908053204417229 2303.207812398672 408.0989247113466 11.87507320940495 36.1074932962656 127.8995187208056 0 0.1440821886062622 0.1384024024009705 0.7276614904403687 2.07566774636507 28.61583310365677 8.202859595417976 9.0507857427001 30.67579060792923 10.90106931328773 8.678097948431969 65.8792844042182 99.8678574860096 85.12449076771736 156.4493776187301 1.977557756006718 2.664750829339027 0 0 0 0 0 0 1.251740336418152 0 0 0 3.912524782121181 0 0.5141674876213074 0 0.3040733486413956 0 0 0.6075267195701599 2.280231982469559 0 1.262256771326065 0.8394999802112579 180.0006292834878 7.297127038240433 129.6611504405737 37.01954859495163 38.27945812791586 0 0.1810278594493866 0 0 0 0.1248542442917824 0 2.799552515149117 6.254168167710304 0.3692453056573868 0 0 0.450206384062767 0.2319577634334564 0 0 0 1.145761243999004 0.3713654428720474 0 0.6812508404254913 1.596112579107285 80.38965129107237 0.2441595420241356 1.357968181371689 0.2748599722981453 0.1800424605607986 0.3461205959320068 0 0.469152569770813 0.1126598119735718 0 288.9132740050554 17.81902620196342 0 0.2646604478359222 0.3916225135326385 12.95856367796659 0 1.177406847476959 3.870672985911369 0.2610602080821991 2.784978538751602 0.9086592346429825 1.270308554172516 0.5021098926663399 0.1734419018030167 0 0 0.1118247732520103 0 0 0 129.5946173071861 70.90203047543764 137.270036123693 308.5502655878663 93.93225944787264 545.8251827433705 134.4962035790086 848.7626793459058 128.9832271113992 13.29307141900063 136.6761594042182 42.38615649938583 1.323789142072201 48.85025095194578 3.51000115275383 16.77570959180593 7.907316699624062 0.503950223326683 11.80397576093674 4.24875819683075 0.4565239101648331
94.85480237752199 125.6210125014186 2051.799606963992 230.2319595441222 573.1624705046415 74.44963152706623 44.35693772882223 723.4207114502788 1360.472084611654 1641.053917191923 7312.147466063499 729.8282220214605 921.205762475729 0 21.01271656900644 7.036896847188473 2.289789631962776 0.8554352521896362 0.09788605570793152 0.3807109817862511 1.52466356754303 0 0 0 2.206776537001133 0.5041488483548164 0.1820191442966461 0.8029443770647049 0.1466773450374603 0.1122476682066917 505.1395368054509 88.2792310193181 761.1889636963606 0 0 2.409514524042606 2082.436508983374 23.68439115583897 105.8800450265408 39.72241347283125 1.203306503593922 1.933470472693443 0.1482294648885727 1.32475770264864 0.2619140446186066 1.201216243207455 115.8968397080898 9.972288459539413 0.5679938718676567 1.117461964488029 1.023812167346478 0.3682222068309784 3.09342447668314 0.1484353840351105 10.25086534768343 14.14312856644392 45.04821414500475 355.0841533839703 79.62275341153145 31.03470547497272 1.661989890038967 37.74674651771784 0 54.39567324519157 16.76883340999484 6.175317812711 4.922685258090496 0.9575528800487518 0.7252284213900566 3.034703962504864 338.6674065589905 21.21878176182508 0 158.0830889493227 70.67234580218792 37.78658724576235 54.61848760396242 12.66958387196064 3.122912533581257 98.73913644254208 1.078523546457291 22.82139036804438 26.40110044181347 0.3385028392076492 5.11072776466608 3.158177740871906 1.762194342911243 0.09333457052707672 2.271743156015873 0.2246952503919601 1.454341650009155 0.08890794962644577 2.558869898319244 0.5869499146938324 1.796588145196438 730.6227952688932 27.57443864643574 0 1.260649636387825 141.1076909676194 0 0 0.2482795566320419 0.2905870378017426 0.7959692627191544 15.43195076286793 3.040623024106026 4.910656571388245 16.89977580308914 7.241748675704002 6.761558197438717 55.91978625953197 64.64988027513027 65.46055345982313 105.2446480244398 2.912049442529678 3.19304732978344 0.1669868975877762 1.206725843250751 0 0 0 0 0 0 0 0 2.432819440960884 0 0 0 0.3453762978315353 0.8439789414405823 0.2189067304134369 0.1582699716091156 1.556744635105133 0 0.8447694778442383 1.060728967189789 117.3133070394397 4.504565820097923 93.24634905159473 24.85353323072195 24.18859530240297 0 0 0.1430956274271011 0 0 0.2586979866027832 0 1.489437647163868 4.657025203108788 0.1410131603479385 0.1209138408303261 0 0.6005839705467224 0 0.1309906095266342 0 0.2544964179396629 0.221488431096077 0.2510279715061188 0 0.668296754360199 0 49.49789334088564 0.5932620465755463 0 0.8263623118400574 0 0 0.112891398370266 0.1186667680740356 0.1466716378927231 0 154.1405566185713 6.645686760544777 0 0 0.2697134912014008 11.85857576131821 1.491783857345581 2.416739985346794 1.148481413722038 0.6405436992645264 1.956557229161263 0.1270705759525299 1.579116702079773 0.2622193098068237 0 0 0 0 0 0 0 72.72841185331345 33.51674953848124 86.37352784723043 295.7203725799918 74.55128652602434 493.2742678001523 114.2947054952383 473.3602442368865 109.7468635439873 9.304511599242687 136.8318495377898 20.81256034970284 1.017728589475155 33.26914042979479 1.638459414243698 10.17447707056999 3.719348534941673 0.3026988655328751 9.498235106468201 3.128112360835075 0.4866127222776413
