0 3766.406704358757 1059.46673630178 1530.656801395118 384.9168500602245 151.7998170256615 446.2836517319083 297.4334044679999 382.1095778346062 707.5056320950389 893.2224554046988 43.28311689198017 274.6504641249776 314.7420188486576 4.108685947954655 10.52409202605486 0.4745437726378441 0.1153956726193428 0.09633047878742218 0.6817706599831581 0.5315372422337532 0 0.3256345987319946 0.2845386564731598 0 0.7400188148021698 0 0 0.1468645483255386 0 346.7082594037056 22.86021359264851 23.08576534688473 0.1080426573753357 0.244747206568718 0.1719496250152588 16.09717563539743 0.5252420827746391 0.9421821907162666 0.2652720659971237 0.1002466902136803 0.5377626121044159 0.2246301919221878 2.559277735650539 0.4346253424882889 0.2375445142388344 15.49321397393942 2.446500360965729 0.1841826140880585 0.1005052998661995 0.07926478981971741 0 0 0.1335651576519012 1.215352229773998 4.160552240908146 268.0991127490997 605.7913881763816 17.75996050238609 5.862514309585094 0.3700050711631775 2.087166905403137 0 21.91607820242643 0.6080028414726257 0.09047827869653702 0.3897750675678253 0.4738745242357254 0.190845675766468 0.2592620700597763 19.32902353256941 0.3099829405546188 0 63.06110660731792 79.17930795997381 26.86237206310034 18.56536135077477 3.893508493900299 4.332327492535114 248.8789173588157 1.468702919781208 16.77774392068386 6.943807512521744 0.363665446639061 0.8569075614213943 1.493524827063084 2.128832183778286 0 0.4094188138842583 0 0 0.266044870018959 0.6232123225927353 0 0.2422269359230995 80.86389666050673 1.033006116747856 0 0 1237.784530676901 0 0.7826781868934631 0 0.7160536348819733 0 2.776103109121323 0.3866334557533264 0.2112856805324554 1.187462076544762 2.831430740654469 0 7.14509017765522 7.099114693701267 9.383364200592041 3.291662745177746 0.1210343390703201 0.7951930984854698 0.2587903290987015 0.2050665318965912 0 0 0 0 0 0 0 0 0 0.1375692635774612 0 0 0.2018013298511505 0.2999334037303925 0.103675477206707 0 0.2415242567658424 0 0 0 2.539275698363781 0.4743219763040543 0.8936142921447754 0.3363924622535706 0.1088962033390999 0 0 0 0.341241329908371 0 0 0 0.6311289221048355 0.6428602784872055 0.1363755315542221 0 0 0 0 0 0.09400604665279388 0.1259607523679733 0.1810420155525208 0.4050613343715668 0.234062597155571 0 0.2776330262422562 3.310511507093906 0 0 0 0 0 0 0 0 0 13.57910925894976 0.2537115141749382 0 0 0 0.5603528618812561 0.7479739934206009 0.7855176478624344 1.193340092897415 0.5901274830102921 1.640207193791866 0.1027916297316551 0.1954503729939461 0 0 0 0 0 0 0 0 7.494548097252846 0.4984057024121284 1.638732217252254 113.4411074444652 10.81588441133499 72.98182489722967 20.9025491848588 1605.338210493326 25.9963760972023 2.783468633890152 16.9030474126339 6.917322807013988 0.5894891247153282 2.675932727754116 1.28123626857996 6.915033213794231 0.2572211623191833 0.1951270326972008 0.5035504698753357 2.681882545351982 0.5318196564912796
3766.406704358757 0 2382.147886797786 1132.192420981824 6412.068761102855 220.2269655540586 2629.484534405172 300.9046415612102 2470.764300517738 829.2758142277598 1740.468909032643 20.90044836699963 744.5022562295198 1114.09636259824 14.34493654966354 13.34197949618101 0.9326744675636292 0.1195183545351028 0 0.4695066511631012 1.815316736698151 0 0.1119302436709404 0.1649901419878006 0.1401120573282242 1.193519406020641 0.2155785411596298 0 1.042577087879181 0 1107.726981475949 54.51244536787271 35.55126989632845 0.3912904858589172 0.1120560616254807 0 18.99684865027666 0.2486535906791687 1.92466627061367 0.3731976896524429 0.589594729244709 0.3951946571469307 0.2127301245927811 4.314760744571686 1.071960352361202 1.318724162876606 41.76154142618179 11.70088149607182 0.1802344173192978 0.4457598254084587 0.4034372940659523 0.2692880034446716 0 0 5.060624040663242 15.93664473295212 128.1510452702641 659.0639517009258 20.91446596384048 14.4925309792161 1.460840612649918 6.948158949613571 0.1046824306249619 70.45568041503429 3.117441110312939 1.665616594254971 2.158385865390301 3.116869144141674 0.9200844392180443 1.072935290634632 32.37944952398539 0.7677360996603966 0 107.3226679936051 151.1538035199046 83.41162724047899 55.91508353501558 7.135026574134827 5.407410427927971 234.5239330530167 3.724222131073475 24.34723004698753 21.25634552538395 0.705040916800499 5.410855285823345 5.68651557713747 7.494724005460739 0.2341103404760361 2.216586045920849 0 0.2890967056155205 0.0987783819437027 0.1291088312864304 0.1090627908706665 0.5742826908826828 66.33222278207541 0.7908906489610672 0.1245929151773453 0 918.8888485059142 0.3267096504569054 0.2085023522377014 0.1685875952243805 0.9770591631531715 0.4223669916391373 5.738910280168056 2.823710277676582 1.8221185952425 2.515050105750561 4.66780211776495 0.7791063338518143 12.79984920471907 14.58829177170992 18.33369394391775 6.098955251276493 1.102372206747532 0 0 0.2366360872983932 0 0 0.2218407243490219 0 0 0 0 0 0 0 0.1236518397927284 0 0 0.1177207231521606 0 0.2158556580543518 0.2725940644741058 0.2633982226252556 0.119528517127037 0 3.803454503417015 0.4388194605708122 2.707386180758476 0.7986895516514778 0.5055534914135933 0 0.1858171075582504 0 0.108557403087616 0 0 0 0.9139156490564346 0.8735492825508118 0.1014586463570595 0.2004844099283218 0.1248012483119965 0.2159163951873779 0 0 0.1299437135457993 0.1049968078732491 0.0888681635260582 0.07560212165117264 0 0.2012986391782761 0.7598140016198158 6.943015612661839 0 0.3422482162714005 0.1891624853014946 0 0 0.5460892841219902 0 0 0 20.53422252833843 0 0 0 0 1.744889445602894 1.196074061095715 2.311402045190334 1.854962646961212 1.217847093939781 3.053618274629116 0.505454421043396 0.2718469202518463 0 0 0 0 0 0 0 0 8.071070060133934 3.696534387767315 3.610493808984756 281.6374169066548 30.57621793448925 280.9127840772271 60.02965267002583 1573.501285456121 61.67693610489368 6.800038255751133 75.43358771502972 14.9828235283494 2.61392480880022 5.618165694177151 2.687498480081558 9.775563150644302 0.2916595190763474 1.000178940594196 1.447458788752556 5.309252806007862 2.589617043733597
1059.46673630178 2382.147886797786 0 78.08154802769423 1183.858148850501 16.84656718373299 65.42249403893948 3438.012659676373 575.2324622571468 124.9942081421614 4145.908634617925 7.878577753901482 154.9216581955552 528.6767721921206 29.28083749115467 53.66546709090471 1.966954849660397 0.9671809822320938 0 4.288780078291893 10.28312405943871 0 3.237333357334137 0.3101832866668701 0.2578372955322266 2.374251872301102 0.3321272283792496 0.4670071005821228 0.8361599743366241 0.1579371988773346 4059.447122275829 1096.802920974791 68.07993936538696 2.473682746291161 0.508139856159687 0.2604609876871109 50.42713885009289 2.31215301156044 4.648554779589176 0.9296911507844925 5.02409677952528 1.501521095633507 1.028914339840412 10.78127485513687 2.358623974025249 1.879845581948757 55.72644975781441 7.62876084446907 0.1823293790221214 1.382793962955475 0.3534495681524277 0.1490093469619751 0 0.4742597788572311 3.987276412546635 10.90659955143929 78.36341814696789 1209.318525530398 20.23405838757753 15.19944635778666 5.720458768308163 8.659855760633945 0.8686204701662064 263.1373905614018 2.155592873692513 0.7040652632713318 1.835305571556091 3.607124276459217 2.326748318970203 6.72356092184782 32.41352502256632 4.280814133584499 0.1067166775465012 88.54145813733339 195.2878431454301 85.19525901973248 79.86226616799831 36.66347890347242 246.519127227366 2122.217748500407 31.32717546820641 387.1658634394407 10.67031572014093 1.00118101388216 3.657929040491581 3.462975092232227 7.830227665603161 0.7581175044178963 1.35221566259861 0.09099584072828293 0.5414145216345787 0.3072460666298866 3.804645329713821 0.5781340301036835 1.607013687491417 48.89340623468161 3.679660812020302 0 0.5437610149383545 332.4647833183408 0 0.3902975916862488 0.167571097612381 0 0.1159303262829781 4.098727352917194 1.349045984447002 0.3010495901107788 1.437135055661201 1.659933157265186 0.1428175419569016 9.690454289317131 13.12258932739496 17.77731771767139 6.278983063995838 1.131851390004158 0.6552100703120232 0 0 0.1125737428665161 0 0.3313082382082939 0 0.1189881786704063 0.1882307529449463 0.3164269030094147 0 0.2115189656615257 0.3381276875734329 0 0 0.1832997351884842 0.3641591370105743 0.1129204258322716 0.1430798470973969 0.7872894778847694 0.3432889059185982 0.3623649477958679 0.1184847056865692 6.272637061774731 0.9270817413926125 3.613464802503586 3.276976063847542 2.053343556821346 0 0.1060487478971481 0.2624518275260925 0.1182321086525917 0.5171895623207092 1.041815333068371 0 0.5149742290377617 1.345719553530216 0 0.1872709691524506 0.1226386725902557 0.2531063035130501 0.1301015466451645 0.2567736431956291 0.297456219792366 0 0 0.572739839553833 0.4742719531059265 0.6163047477602959 1.417955361306667 6.328674472868443 0.2415605783462524 0 0.09532596915960312 0 0 0.3329794779419899 0 0 0.1102476716041565 25.78184270113707 1.345864519476891 0 0.1445536613464355 0.2250581830739975 1.22782289236784 1.818756580352783 2.458822570741177 1.524363413453102 1.501486778259277 2.713003404438496 0.3810339495539665 0.6328572407364845 0.1074940860271454 0.08356213569641113 0 0 0 0.1288871765136719 0 0 10.61104207485914 3.833802416920662 5.137177057564259 298.2244367823005 33.81919522583485 215.9929767549038 57.46896220743656 546.1850613579154 33.40996132045984 6.178071901202202 71.76553817093372 16.26685453951359 1.968108110129833 6.763109184801579 2.494747713208199 9.65194708108902 0.1226748377084732 1.407394282519817 1.362102895975113 7.306211866438389 2.701745063066483
1530.656801395118 1132.192420981824 78.08154802769423 0 337.448342576623 470.81373077631 1099.467207141221 12.7271381393075 358.4507657065988 2598.822571367025 99.24586587399244 560.5900017917156 1497.372423745692 410.7784424498677 0.8397521525621414 0.9570721164345741 0 0.1595225632190704 0 0 0.3269288390874863 0 0 0 0 0.2574770748615265 0 0 0.1744660288095474 0 54.19218362122774 4.484205275774002 6.668192088603973 0 0 0 4.939965538680553 0 0 0 0 0 0 0.3363084197044373 0.1269484460353851 0.2091708183288574 4.489752195775509 1.538639105856419 0 0.1017402410507202 0.1161783933639526 0 0 0.3111825287342072 1.905342765152454 3.26369397342205 48.36158163100481 111.4455799236894 6.200290784239769 2.687689378857613 0.3330719470977783 0.86702561378479 0 15.16354729235172 0.6091973483562469 0.1358915865421295 0.1982689499855042 0.4768371731042862 0 0 17.84399758279324 0.1385922580957413 0 26.47664326429367 31.52680183202028 14.92770717293024 6.985191591084003 0.481391116976738 0.56765466183424 13.83735507726669 0.4647556245326996 2.080567896366119 4.383465312421322 0 0.9803824126720428 0.9716551750898361 1.287304401397705 0 0.3043551072478294 0 0.0932755246758461 0 0 0 0 169.5789189338684 0.2805431485176086 0 1.764633297920227 492.3286545649171 0.2591165825724602 0 0 0.8694395422935486 0.404329389333725 3.458487793803215 1.874386042356491 0.1752608418464661 7.24099238216877 3.600158303976059 0 12.6849357560277 11.69840464740992 11.81908946484327 4.928721249103546 0 0.5016258358955383 0 0 0 0 0 0 0.3007136583328247 0 0 0 0 0 0 0 0 0 0 0 0 0 0 0 0.9962659627199173 0.1653148680925369 1.010663568973541 0.5826695114374161 0.5222197622060776 0 0 0 0 0 0 0 0.647058516740799 0.591850221157074 0 0 0 0.4516644477844238 0 0 0.5199605822563171 0 0 0.3467799574136734 0 0 0.5185114145278931 3.609439924359322 0.1326203197240829 0 0 0 0.3500215411186218 0 0 0 0 12.95478562265635 0.1504508852958679 0.1634636372327805 0 0 0.8536605834960938 1.483440116047859 0.930791974067688 1.581821419298649 0.6289855539798737 2.324009507894516 0.7130464017391205 0.244299903512001 0.1966092139482498 0 0 0 0.09510621428489685 0 0 0 10.48494163900614 0.4790050089359283 2.764998495578766 93.24745660275221 5.461351230740547 41.01259525120258 11.56425607204437 1057.757720157504 12.80482569336891 1.11332330852747 8.604501336812973 7.355544313788414 0.7499792501330376 2.070906884968281 0.6093797981739044 11.92028745263815 0.1573980003595352 0.2914268299937248 0.338480532169342 1.254654109477997 0.6511685252189636
384.9168500602245 6412.068761102855 1183.858148850501 337.448342576623 0 57.12143925577402 1904.776374109089 40.20730502903461 2721.381452187896 738.241025917232 513.4496479257941 15.0419609695673 232.1892651468515 465.7680540308356 14.35555583238602 10.01446308195591 0.09958112239837646 0.8043141141533852 0.1860334426164627 0.3924386501312256 0.5652676969766617 0 0 0.1494694948196411 0.232868105173111 0.9632728844881058 0 0 1.394178122282028 0.2790189683437347 124.2430638670921 24.60372638702393 11.59531906247139 0.2719354927539825 0 0 10.51364087313414 0.1215169057250023 0.2510545998811722 0.5920888483524323 0 0.3248960673809052 0.09587424248456955 1.648238383233547 0.3347216919064522 0.7279598414897919 55.80532981455326 8.021170906722546 0.3201403468847275 0.1013729274272919 0.7782670706510544 0.2592921406030655 0 0.1501303166151047 2.824831120669842 9.821900136768818 20.04972250759602 86.70801354944706 9.149478197097778 11.82604707032442 1.691173903644085 4.578184470534325 0.2530412301421165 38.76030733436346 2.282136753201485 0.6933877766132355 1.884800620377064 2.466503895819187 1.154297769069672 0.3793313056230545 19.74555225670338 0.4377363622188568 0 43.21844398230314 48.4621165394783 63.64589913189411 55.00188668072224 4.664198167622089 2.794434316456318 43.59223162382841 1.257695749402046 11.07477646321058 11.86645851284266 0.3713889494538307 3.170473106205463 2.384432353079319 4.173326849937439 0.0931478813290596 1.277426518499851 0 0.1108597591519356 0.08063220232725143 0.5425359904766083 0.2365521490573883 0.7348130419850349 65.34370198845863 0.4913951307535172 0 0 51.0550534427166 0.9929764866828918 0.427667647600174 0 2.147974401712418 0.4848715364933014 8.226556114852428 2.521716922521591 0.9579237848520279 5.20549650490284 6.729204341769218 0.1323828846216202 21.99355189502239 24.46852345019579 29.89064320921898 11.23557098209858 0.1756530404090881 0.4118061810731888 0.1873878836631775 0 0 0.1343225985765457 0.2471473217010498 0 0 0 0 0 0.165497675538063 0.2089689522981644 0.1377334296703339 0 0 0.1421088427305222 0 0.5743226855993271 0.5973251014947891 0 0.3000088334083557 0 7.133343048393726 0.1699106395244598 2.718641094863415 1.108677454292774 0.2436627000570297 0 0 0.1973864138126373 0 0 0.5206066966056824 0 1.246242664754391 2.473844483494759 0.1725840866565704 0.1577010750770569 0 0 0 0.07315026223659515 0.3250092715024948 0.2851226106286049 0.1489943861961365 0.7175200060009956 0 0 0.3121050298213959 10.81889797747135 0 0.5299172252416611 0 0 0 0 0 0 0 37.28161401301622 0.4911159500479698 0 0 0 3.185154646635056 2.191490054130554 2.338557660579681 1.98786947876215 2.235915996134281 3.847062945365906 0.9125818014144897 1.183355517685413 0.09822172671556473 0.07904308289289474 0 0.09063194692134857 0 0 0 0 18.87410592287779 2.893173962831497 6.874304600059986 355.9407740086317 35.87455460429192 253.5112617313862 57.71928030997515 529.5708455592394 36.92951044440269 5.341538764536381 101.3140527382493 22.36902275681496 2.482000254094601 7.618415519595146 2.665495112538338 18.92120601981878 0.9983906149864197 1.525465734302998 1.957095220685005 4.49731807410717 4.063490204513073
151.7998170256615 220.2269655540586 16.84656718373299 470.81373077631 57.12143925577402 0 148.5567576438189 3.772970005869865 61.11376723647118 687.7818606197834 11.46311381459236 86.80029983818531 143.1118033081293 49.66031461209059 0 0.113640159368515 0 0 0 0 0 0.3308852165937424 0 0 0 0 0 0 0 0 24.42436228692532 1.054238311946392 5.680171892046928 0 0 0 17.30297167599201 1.688252300024033 6.876496404409409 0 0 0 0 0 0 0 1.053526021540165 0 0 0 0 3.800082683563232 0 0 0.1856113523244858 0.3330639079213142 215.6200498193502 61.18862444162369 8.88957617431879 2.491188526153564 0 10.30317538976669 0 1.197454541921616 0 0 0.09551859647035599 0.1048000082373619 0.1275964379310608 0.171747699379921 118.649011194706 105.2925173342228 2.294209390878677 10.1384803801775 3.32240055501461 0.5925392061471939 0.5157400146126747 0.1014629751443863 0 11.2676398307085 0.282996654510498 17.88752138614655 0 2.988633960485458 0.1380310356616974 0.1490805447101593 0.09877441823482513 2.150132045149803 0.5475880056619644 3.253569185733795 0 0.3491900116205215 0 0 0 275.2894065231085 83.18077607452869 13.53672869503498 21.99304331839085 323.0839483141899 0 0 0.1728428900241852 0 0 0.7058711051940918 0.6709567159414291 0.9455234557390213 0.5324313044548035 1.605558216571808 0 3.960438296198845 4.969753965735435 5.640056431293488 1.615752756595612 0 0 0 0 0 0 0.406632274389267 0 0 0 0 0 0 0.2395330816507339 0.2642398476600647 0 0.3846592605113983 0.7421314120292664 0 0 0 0 0 0 0.6640137583017349 0 0.2684956789016724 0 0.3773279190063477 0 0 0 0.2101235240697861 0 0 0 0 0 0 0 0 0 0 0 0 0 0 0.4973243474960327 0 0 0 1.513527065515518 0 0 0 0 0 0 0.2436051219701767 0 0 5.127795472741127 0.9273914694786072 0 0 0 0.8822177797555923 0.7560124099254608 0 0.2753120958805084 0.8523947596549988 0.2560562789440155 0 0 0 0 0 0 0.1277759820222855 0 0 0 3.113807499408722 0.1373808681964874 0.5745903700590134 46.80904497951269 0.4492645040154457 3.72824726998806 0.8053108602762222 384.5415702983737 2.786838218569756 0.1256329417228699 2.138850390911102 0.9241246730089188 0 0.169043630361557 0.2709924280643463 2.449274733662605 0 0 0 0 0
446.2836517319083 2629.484534405172 65.42249403893948 1099.467207141221 1904.776374109089 148.5567576438189 0 17.31012210994959 918.7397129833698 2456.236144818366 120.8698752075434 150.0707025825977 2342.759858869016 464.7920375019312 10.80968713760376 8.941089294850826 0.136115163564682 0.4205618873238564 0 1.301356852054596 0 0 0.364511139690876 0.185900092124939 0 0.7187421917915344 0 0.6426511853933334 0.8475249633193016 0 66.06938614696264 16.66207367181778 7.190924853086472 0.1173600256443024 0 0.203660175204277 14.70526581257582 0.1585127860307693 1.070691116154194 0.1084704399108887 0 0.1034256890416145 0.2597951740026474 2.310216695070267 0.5830347612500191 1.112374484539032 41.16634412109852 7.458339512348175 0 0.8427646681666374 0.1892299652099609 0 0 1.086135402321815 2.394008077681065 6.699879944324493 23.63182309269905 93.19770619273186 7.040840707719326 8.624511957168579 1.116118758916855 3.283104225993156 0.1238553151488304 36.41726244986057 2.311001844704151 0.6557093560695648 2.396510384976864 2.400922499597073 0.5941026359796524 0.3439719676971436 23.12761520594358 0.1190532818436623 0 46.75218600034714 54.6570148319006 59.90881504118443 47.06123650074005 6.16184951364994 0.9682236611843109 19.39165679365396 1.340862780809402 10.36977578699589 10.79689595103264 0.8882090225815773 4.049197353422642 2.590657338500023 6.136685341596603 0.2086949720978737 1.275440596044064 0.1786111444234848 0.2049299404025078 0.2833214849233627 0.1091995164752007 0 0.2606684863567352 173.9823393672705 0.6396307349205017 0 0 63.68901707977057 0.8447507619857788 0.9340495765209198 0.5104628652334213 2.404464885592461 0.4896055907011032 11.84426425397396 5.789743572473526 2.82890547811985 10.05762168765068 19.58535945415497 0.7775045931339264 35.78098700940609 43.60329757630825 42.14194416254759 14.27603286504745 1.102312937378883 0.3150560408830643 0 0.3084975481033325 0 0 0.4896364510059357 0 0 0 0 0 0.1729997098445892 0.1183946058154106 0.3662000894546509 0 0 0.3526646494865417 0 1.030697211623192 1.146749645471573 0 0 0.1163986176252365 6.477578289806843 0.383726179599762 3.274464637041092 2.659007482230663 0.3818548172712326 0 0 0 0.4370454549789429 0.1331839710474014 0.1515218019485474 0 1.767115011811256 3.757805496454239 0.6893731653690338 0 0.1357121020555496 0.1213133558630943 0 0 0.1426782608032227 0.07981298863887787 0 1.762174904346466 0.3462075889110565 0.3836360275745392 1.233536213636398 15.83252384513617 0.2507712841033936 0.2672805041074753 0 0 0 0.1643184572458267 0 0 0 47.54834450036287 0.506204754114151 0 0 0 3.567197918891907 2.813105091452599 3.895606733858585 1.58400259912014 5.270462706685066 7.332978114485741 0.8549762964248657 1.031996123492718 0.133846253156662 0 0 0 0.2193440273404121 0 0 0 25.80674417316914 4.526945382356644 5.698609732091427 322.1799647137523 34.25617808848619 219.7500511854887 52.93471729010344 671.199050731957 41.07499904185534 4.162924289703369 83.65239369869232 25.22707901149988 2.517806872725487 8.167189665138721 3.646030716598034 24.66920380294323 0.5599983185529709 0.7556401416659355 1.804460130631924 6.106479205191135 3.590761736035347
297.4334044679999 300.9046415612102 3438.012659676373 12.7271381393075 40.20730502903461 3.772970005869865 17.31012210994959 0 311.4660756140947 35.19695779681206 2740.98562374711 9.469208642840385 269.2584799006581 1469.241252757609 47.90242808312178 70.18795989453793 2.855158850550652 1.503182925283909 0.2292299270629883 18.71660134196281 33.37814576923847 0 7.03748657554388 2.103046387434006 0.2678376138210297 2.856909722089767 0.5461811125278473 0.260715126991272 0.8023620247840881 0.1641826778650284 651.772662974894 1618.661181613803 45.9367737621069 9.318096645176411 1.720204830169678 0 42.49639195948839 3.458467803895473 4.330704584717751 1.75136012583971 8.096866950392723 3.25281535089016 7.974800907075405 17.68279048800468 10.45800405740738 28.79928701370955 100.6271010115743 9.840111143887043 1.090291127562523 6.607439383864403 0.8036436960101128 1.688357442617416 0 2.87457337975502 2.746791407465935 11.13089939951897 28.87996140867472 269.7776825726032 10.70276510715485 16.39766924083233 57.43736462295055 17.78949899226427 4.069280751049519 149.543610304594 2.881697103381157 0.9250891730189323 2.332938738167286 3.969536140561104 9.131604269146919 17.13003093749285 28.56479781866074 3.217137470841408 0 55.07043146342039 108.4576284512877 118.9136688262224 200.3868450447917 107.5303190723062 649.4594817757607 2259.69230696559 364.6617415249348 1000.167501211166 13.84086085110903 0.9406314194202423 3.635146476328373 3.003797799348831 11.29376257956028 0.1998384818434715 1.581619769334793 0.08836149424314499 0.7667836993932724 0.8536176830530167 12.66941691935062 1.076244711875916 3.549485020339489 37.16914927959442 4.332759097218513 0.1353403031826019 0.1232700347900391 72.8785474896431 0 0 0 0 0.1629735380411148 2.493634335696697 0.5397721081972122 0 0.8129449337720871 2.238823920488358 0 7.157433941960335 6.861649036407471 13.43012574315071 3.718981690704823 0.8974001184105873 0.6219127476215363 0 0.4514985457062721 0.1088933870196342 0 0.2423597648739815 0 0.3110657781362534 0.1520200967788696 0 0 0.3850101083517075 0.1880071759223938 0.5496714413166046 0 0.5940973609685898 0.2731176167726517 0.1244353502988815 0 0.4518562778830528 0.1064059734344482 0.2733080759644508 0 5.35330194234848 0.5322731286287308 3.729657076299191 5.146138571202755 2.930716134607792 0 0.1417664885520935 0.3577620163559914 0 0.3763659298419952 1.006348200142384 0.1448231041431427 0.4247986078262329 1.44134271889925 0 0 0 1.247602000832558 0.1424244493246078 0.08486085385084152 0.3389928415417671 0 0 0.3993459790945053 0 1.217825256288052 2.455949224531651 6.770080775022507 0.1243879050016403 0.4765276908874512 0 0.09831329435110092 0 0.7751426324248314 0 0 0.4044766053557396 13.99572340399027 0.9784302562475204 0 0 0.9084810689091682 1.049637347459793 1.409619435667992 2.013098679482937 0.7296628803014755 0.6460882052779198 1.844978138804436 0.636201336979866 0.5711434930562973 0 0 0.1026205793023109 0 0.09540419280529022 0 0 0 5.819207653403282 1.975789733231068 5.001135043799877 335.7172985300422 53.61619572341442 313.3331742212176 74.46058165282011 235.2810382395983 36.74932318180799 5.74686986207962 111.1011761054397 20.52067150175571 2.54799897223711 5.998641327023506 4.201439067721367 5.587960615754128 0.09670952707529068 0.8285178765654564 3.477306142449379 8.502962194383144 3.370212510228157
382.1095778346062 2470.764300517738 575.2324622571468 358.4507657065988 2721.381452187896 61.11376723647118 918.7397129833698 311.4660756140947 0 952.1545199602842 2292.681693091989 29.76056419312954 858.2608744129539 855.3519628047943 23.70783445239067 19.35042700916529 0.5916814878582954 0.6262015402317047 0 1.284937225282192 0.3336388394236565 0.1606975942850113 0.4152038767933846 0.1397123634815216 0.1008991599082947 1.85754057019949 0.402389332652092 1.419171422719955 1.314069762825966 0.07989928126335144 126.3072300702333 22.40080951154232 22.61194141209126 0.10122250020504 0.214956521987915 0 20.02925869822502 0.6215102002024651 1.59102188795805 0.2178117632865906 0.2484042719006538 0.1570030301809311 0.1962689980864525 4.079049810767174 0.3400444388389587 1.161413997411728 73.2719239294529 7.6570725440979 0.8330135866999626 0.5366945117712021 0.5245351120829582 0.6899843811988831 0.09883153438568115 0.8349240720272064 3.529638610780239 9.777267061173916 24.69793716818094 88.33025013655424 7.775649733841419 13.12957172095776 0.9459313452243805 5.879862137138844 0.241722583770752 40.79262202978134 3.822311140596867 0.8500785008072853 1.406398333609104 3.43915580958128 1.306796789169312 0.09694597125053406 39.88929573446512 0.8724956884980202 0 46.19245439767838 50.39243524521589 81.90425473451614 82.65635184198618 9.363964833319187 1.214842945337296 59.7756030485034 2.329135276377201 18.16236872971058 13.82895502448082 1.010588988661766 4.219995006918907 3.820231661200523 8.56853037327528 0.3087225630879402 2.284228026866913 0.08735163509845734 0.3370811566710472 0.2680895924568176 0.3841322958469391 1.009614564478397 0.2527708783745766 195.4402743503451 0.2013781666755676 0.1640101373195648 0.508222721517086 49.45723889023066 1.23028339445591 3.039619490504265 0.386274665594101 3.796082094311714 0.7480932325124741 25.6764200180769 10.3139563575387 3.323487713932991 9.786622084677219 27.14306207001209 0.7380461320281029 54.97368728369474 50.60954983532429 71.78570459038019 21.59464768320322 1.507403805851936 1.450880475342274 0.2756798267364502 0 0 0 0.7843291461467743 0 0.1572799980640411 0.1530294865369797 0 0 0 0.2697001472115517 0 0 0 0.2540047392249107 0.1484227776527405 1.113098725676537 0.2315369695425034 0 0.3040806278586388 0 15.51190845668316 0.894114226102829 4.041397094726562 2.052565641701221 0.4571044221520424 0.1126751005649567 0 0 0.2784620597958565 0.4241126030683517 0.2491195201873779 0.1732252538204193 7.770981580018997 4.406693316996098 0.6785868257284164 0.4715194851160049 0 0.4669556170701981 0 0.2210979461669922 0.4019593000411987 0 1.563541181385517 1.813032552599907 0 0.6767412200570107 2.660556226968765 20.17078229039907 0.7763968259096146 1.773269400000572 0.1807012856006622 0 0.2388324663043022 0 0.139364019036293 0 0.1438218951225281 78.34218199551105 1.041686713695526 0 0 0.1494536250829697 7.054349951446056 6.481171265244484 7.451993696391582 5.112410560250282 8.143812879920006 9.189790584146976 2.563765481114388 1.472633689641953 0 0.0829937756061554 0 0 0.08867881447076797 0.1581228375434875 0 0 38.88964695483446 4.900111332535744 11.19670780748129 566.8242237120867 50.26656847447157 323.2877381891012 84.30531711876392 575.2951166927814 48.05299822241068 6.276994787156582 165.7951310500503 38.77988255769014 2.821541450917721 16.14329934120178 4.638970836997032 43.20702318847179 0.4188078492879868 1.446531042456627 3.179273769259453 8.872091487050056 8.848076969385147
707.5056320950389 829.2758142277598 124.9942081421614 2598.822571367025 738.241025917232 687.7818606197834 2456.236144818366 35.19695779681206 952.1545199602842 0 311.381577655673 2881.737956091762 8470.904008261859 1902.172776445746 4.630089715123177 3.307951174676418 0.2705686315894127 0 0 0 0.2507100850343704 0 0 0 0 0 0.1988698095083237 0 0.4429175853729248 0 22.82005772739649 5.3410559669137 31.74559053778648 0.1551260948181152 0.1491066664457321 0 51.67603006213903 2.549433827400208 3.681056849658489 0.4366059303283691 0 0.4411564767360687 0 0.3778993934392929 0.1232843399047852 0.6557493135333061 14.61654454469681 2.794638909399509 0 0.153901681303978 0.1628400683403015 0 0 0.3832356408238411 1.074176035821438 4.316975742578506 50.26869638264179 60.33675589412451 6.666556194424629 3.624699845910072 0.2281776890158653 15.24939048290253 0.1737962067127228 14.14407207816839 0.5847184658050537 0.4053346067667007 0.6721040681004524 1.111771039664745 0.1533475071191788 0 201.8265703171492 5.139152243733406 0 30.36424949765205 27.11753206700087 21.33275868743658 10.76280908286572 3.003654509782791 0.3999287262558937 29.80744281411171 0.5790432319045067 29.08378190547228 7.167166188359261 0.2481840625405312 1.521976545453072 0.360173299908638 1.881382659077644 0.4228386580944061 0.2969654053449631 0.1417267173528671 0.1624585092067719 0 0 0.2210021466016769 0.1555808633565903 1018.199025124311 9.855850070714951 0 1.736916840076447 471.4207813963294 2.041773431003094 4.015806540846825 15.78859071433544 26.00602565705776 2.03366956114769 35.88504002988338 13.76531159877777 5.833255589008331 55.12744008004665 33.67380943894386 0.6660769581794739 84.47360463440418 73.21346820145845 104.4157419577241 24.91411340981722 1.821980580687523 0.1187814697623253 0 0 0 0 0 0 0 0.5134462714195251 0 0 0 0.3343402743339539 0 0 0.8220708966255188 0.2717708274722099 0 1.591350913047791 0.6933294683694839 0.5454353541135788 0.6191379576921463 0.9952746331691742 17.33727604150772 1.795014500617981 5.483126938343048 2.984061717987061 1.01713415235281 0 0.170531690120697 0.1942738741636276 0.1656968891620636 0.1625284254550934 0.511316105723381 0 7.008689269423485 4.347339108586311 0.1330890655517578 0 0 0.2233815640211105 0 0.2477953881025314 0.5663578510284424 0.08144780993461609 1.434859238564968 3.332717135548592 1.021468788385391 1.68782377243042 1.256393358111382 27.65662042051554 0.30878946185112 2.401750952005386 0 0.2443284392356873 0.204844243824482 0.4833709597587585 0 0 0 87.3396574780345 0.7851405963301659 0 0 0.1212316751480103 8.891039684414864 2.821838572621346 6.929449588060379 7.036775663495064 9.706494182348251 7.40034843981266 1.393689572811127 2.78455550968647 1.189468786120415 0 0 0 0 0 0 0 61.54899563640356 5.198691226541996 8.831969067454338 564.5571132227778 14.07873200625181 94.14520175009966 17.99873401969671 1590.334474243224 26.19100023061037 2.111061245203018 72.06331571936607 33.9097863510251 0.5762651786208153 11.27149127423763 2.405802689492702 77.17039438337088 0.517019659280777 0.3573273792862892 3.956174209713936 1.912260755896568 0.7039454281330109
893.2224554046988 1740.468909032643 4145.908634617925 99.24586587399244 513.4496479257941 11.46311381459236 120.8698752075434 2740.98562374711 2292.681693091989 311.381577655673 0 76.07065103948116 2203.057790324092 6941.084272406995 26.54671889543533 32.76291477680206 0.6834159195423126 0 0.1163234561681747 1.145751886069775 2.408184483647346 0 0.5322136431932449 0 0.3465011119842529 1.866993024945259 0 0.3060549199581146 1.517864018678665 0.1392926722764969 435.882267087698 207.674913264811 753.0130280330777 0.6026153415441513 0.1359491050243378 0 232.7266767024994 3.796125531196594 13.20794793963432 0.5663979798555374 1.837219156324863 0.9775616377592087 0.4284626543521881 5.2907979413867 0.9237217754125595 0.2130640968680382 57.59395315498114 5.381681181490421 0.6000918745994568 0.3687728494405746 0.3096079230308533 0.7473066598176956 0 0.7456922680139542 1.30308835208416 7.099031820893288 24.23864261060953 146.9446775242686 6.608664900064468 7.483029522001743 2.197880193591118 39.64762163162231 0 39.49337539076805 1.55634156614542 0.4977912157773972 1.488403432071209 1.908434860408306 2.250774756073952 2.007989332079887 188.4442918896675 5.277501814067364 0 38.14750865846872 48.12374098598957 56.03106912225485 71.51319663226604 12.92619193345308 50.22313717007637 1631.892870940268 8.377100922167301 88.85789783298969 6.688208788633347 0.4163171947002411 2.506987869739532 1.17599530518055 4.203355401754379 0 0.8657011538743973 0.2843700349330902 0.1966303065419197 0.08047319948673248 0.6243628114461899 0 0 203.0006817877293 13.59877143800259 0.7546398937702179 0.2224650084972382 98.17092502862215 0.5360953882336617 1.24291156232357 0.3581445664167404 1.566450506448746 0.2351272106170654 8.935191184282303 3.443549610674381 1.335741348564625 5.037750214338303 10.15168092399836 0.4338826537132263 20.32333941757679 27.50396120548248 37.19768215715885 13.62410528957844 0.3118393123149872 1.13782062381506 0.1310280114412308 0.2500063851475716 0 0.3458196520805359 0.4118625521659851 0 0.1680547744035721 0.4056282341480255 0 0.3739063963294029 0.1534812301397324 0.3171558678150177 0 0 0.3270345777273178 0.7256815284490585 0.1436627060174942 0.1107047721743584 0 0.1109054610133171 0 0.4977752864360809 10.43074786663055 0.1115723699331284 3.279201664030552 1.776522427797318 0.3929070830345154 0.3702499270439148 0 0.3525788933038712 0 0 0.4491861611604691 0 1.92116454988718 3.174255341291428 0 0.1289941072463989 0.1773372888565063 0.6022972017526627 0.1673410534858704 0 0.4760893434286118 0 0.4962121844291687 1.289214640855789 0.5809214562177658 0.5438315570354462 1.034897781908512 17.57776939123869 0 0.2095297202467918 0 0 0 0.23338283598423 0 0 0.1306779235601425 44.68486212939024 1.41877768933773 0 0 0 3.236008636653423 2.342698484659195 2.411683671176434 2.755949050188065 4.080139130353928 7.269677147269249 0.274225264787674 0.8946008384227753 0 0 0 0 0 0 0 0 24.20499190688133 5.543990261852741 7.633777908980846 357.7266270443797 32.74427889287472 205.8639059513807 46.70204380899668 338.4099436178803 29.05155116319656 4.047511696815491 89.4931256622076 17.9178828895092 1.975142396986485 7.042844399809837 2.670797623693943 18.67578664422035 0 0.3634143322706223 1.404924981296062 5.562286458909512 3.718962982296944
43.28311689198017 20.90044836699963 7.878577753901482 560.5900017917156 15.0419609695673 86.80029983818531 150.0707025825977 9.469208642840385 29.76056419312954 2881.737956091762 76.07065103948116 0 3460.459101691842 680.6955105662346 1.493539333343506 1.179306797683239 0.2162119299173355 0 0 0 0.2416588440537453 0 0.221653625369072 0.3109894692897797 0 0.1825996041297913 0 0 0.2123368978500366 0 2.309608951210976 0.8016778826713562 19.61787663400173 0 0 0 57.19780084490776 0.6651643514633179 2.793636545538902 0 0 0 0 0.1889665722846985 0.1266313642263412 0 2.692832864820957 0.1078294962644577 0 0 0 0.2820806801319122 0 0 0.3996804505586624 0.4378272369503975 3.797209590673447 4.659960962831974 0.9920423924922943 0.2410610467195511 0 3.247363239526749 0 1.60528077185154 0 0 0 0.2627523168921471 0 0 208.5655443966389 1.171606168150902 0 2.577232271432877 2.962007105350494 4.435664691030979 3.302324905991554 0.5216620564460754 0 19.65921129286289 0.1172389984130859 1.294024586677551 0.7170033976435661 0.147031232714653 0.3463697358965874 0.07178639620542526 0.3042410835623741 0 0.2062238231301308 0 0 0 0 0 0 1006.570148363709 4.150056168437004 0 0.5066075474023819 24.79624082893133 1.106962628662586 0.6003302931785583 0.1217222586274147 2.86417581140995 0.8046333938837051 13.43659594655037 5.781568817794323 2.447199963033199 16.4954472258687 16.59450544416904 0.7848561406135559 47.48504053801298 43.35875158011913 52.90557226538658 16.93336536735296 0.7116262838244438 0.1002213060855865 0 0 0 0 0.6083525717258453 0 0 0 0 0 0.1841908842325211 0 0 0 0 0 0 0.6409092843532562 0.9567444398999214 0 0 0 7.312270805239677 0.1260692030191422 3.894364587962627 1.351122312247753 0.2748754620552063 0 0 0.1977916806936264 0 0.3053395748138428 0 0 2.534447275102139 1.680211916565895 0 0.1746277362108231 0 0 0 0 0 0 1.010793499648571 1.316118158400059 0.303056389093399 0.2272262498736382 0.7332511395215988 10.84311058372259 0.4866229295730591 0.250859223306179 0.3864288926124573 0.1103040874004364 0 0.1864788830280304 0 0 0 53.25272987782955 1.23316615819931 0 0 0 3.253473609685898 3.266380906105042 2.799243815243244 3.959078319370747 5.843082569539547 6.770542807877064 1.23876516520977 0.2412717789411545 0.3361311480402946 0 0 0 0 0 0 0 37.74219344556332 3.838189803063869 3.444420628249645 106.8400813043118 1.597327120602131 20.06009408831596 3.383534908294678 238.9113849326968 2.954290509223938 0.5698171854019165 13.80434396862984 11.12784347683191 0.3998126834630966 6.136599451303482 0.6615404337644577 30.17176771908998 0.214058980345726 0 1.254707738757133 0.2650798857212067 0
274.6504641249776 744.5022562295198 154.9216581955552 1497.372423745692 232.1892651468515 143.1118033081293 2342.759858869016 269.2584799006581 858.2608744129539 8470.904008261859 2203.057790324092 3460.459101691842 0 4933.288444280624 36.17301232367754 45.76658710092306 1.964943081140518 0.626698225736618 0 1.473518677055836 2.237470172345638 0.5125226899981499 0.5007510632276535 0.3230074644088745 2.999202251434326 2.931502886116505 0.8167078942060471 1.745133548974991 3.432030484080315 0.2007002234458923 34.2684492841363 10.78814467042685 523.8512786999345 0.4367012605071068 0 5.833248451352119 454.3054343163967 14.83641098439693 221.4882920831442 36.34655098617077 1.764029189944267 0.7997975796461105 0 6.415826015174389 0.4084672853350639 1.289798319339752 70.88166251033545 5.128740474581718 0.9776177406311035 0.4288766384124756 0.3076997101306915 7.500706754624844 12.92402426898479 0.8981243371963501 0.6613897457718849 7.554724581539631 13.08212177455425 38.40173168480396 4.676216825842857 7.657750613987446 4.333797492086887 83.34143864363432 0.6663343831896782 18.45473010092974 1.939251199364662 0.4893268421292305 1.338497504591942 3.032461419701576 1.263447239995003 0.9907358139753342 710.4738541021943 111.8565103933215 1.205225884914398 27.06555664539337 28.22351584583521 55.62064541876316 72.7732914313674 16.15276622772217 1.742389708757401 316.4175644218922 6.566490925848484 66.99990433454514 7.960862472653389 1.351009324193001 2.836684197187424 1.993390314280987 5.402737282216549 0.8638390377163887 1.645032718777657 7.85242173820734 1.056279242038727 0.7983913198113441 1.081817403435707 0.1447170078754425 1.63046096265316 2938.69890679419 205.8957774490118 53.31416408717632 75.25199876725674 54.71508751064539 3.371541239321232 4.771543458104134 2.855855412781239 9.769572995603085 4.305243119597435 78.66316442191601 25.72876718640327 6.850561670958996 63.91495040804148 85.81935085356236 4.706668920814991 185.2075459733605 206.154577665031 263.9945660829544 91.05032244324684 5.528028406202793 6.895350396633148 0.2933093160390854 1.609457045793533 0 0.4159689992666245 1.373016618192196 0.1361796259880066 0.9192175343632698 0.3983954638242722 0 0 0.1303110867738724 1.004281207919121 0.4910766184329987 0 0.3225522190332413 1.021633565425873 0.11503566801548 4.527581587433815 3.285046435892582 0.2724524140357971 1.205776616930962 0.3937573805451393 63.25942297279835 4.1499058380723 29.48406489193439 17.90417954325676 3.461444199085236 0.4751089066267014 0 0 1.243592701852322 1.359660387039185 2.530547022819519 0.6576386839151382 13.21060946583748 18.03853924572468 1.67755301296711 0.7751832455396652 0 3.140706852078438 0.4907571226358414 1.59923167526722 1.1869882568717 0 2.902033664286137 8.982034154236317 0.7017681449651718 3.948438383638859 9.999851241707802 99.14229047298431 2.099642872810364 4.145631060004234 0.48664540797472 0 0.5172850638628006 0.7855108976364136 0.1502584964036942 0 0.4099284708499908 347.0655248314142 17.12764509767294 0 0 0.2632948160171509 19.59464436769485 19.07274463027716 28.06050070375204 20.13783968240023 28.98703961074352 39.99658349901438 5.595937266945839 7.37789848446846 1.358513526618481 0 0 0 0 0 0 0 165.6749253123999 46.47371073067188 65.66395234316587 760.4325881525874 60.03798326849937 265.993109844625 70.72290861606598 654.49657805264 34.60507026314735 6.332112334668636 166.5289875864983 72.69518010318279 4.182601727545261 42.30010896921158 5.959383092820644 141.7100337222219 2.549934014678001 0.9845245182514191 6.457958556711674 7.455968543887138 8.879183754324913
