0 4000.481105774641 17.21570056676865 1514.818137779832 299.6567707583308 124.0432748645544 523.8398885428905 0.7194024696946144 96.72090674936771 1558.038998924196 17.29340919852257 23.91927816718817 158.753782466054 74.46737036854029 0.5794314667582512 0.1722239106893539 0 0.220844566822052 0 0 0 0 0 0 0 0.1980669423937798 0.2741685211658478 0.6163232326507568 0.1050684452056885 0 485.5177633091807 0.5072275102138519 1.947780668735504 0.09823016077280045 0 0 0.2300126776099205 0.1472385972738266 0.3037577643990517 0 0 0 0 0.09855052083730698 0.1618152931332588 0.4340537413954735 12.83267622441053 0 0 0.2040898278355598 0.1199981495738029 0.3102786540985107 0.1868854835629463 0 0.4026618748903275 0.194193921983242 105.3704500943422 2007.300349913538 30.9206428155303 6.106923662126064 0.1981357932090759 0 0 2.516705207526684 0.226519912481308 0.08678014576435089 0 0 0.4177717715501785 0.124443456530571 5.494206987321377 4.350395172834396 0.1386919766664505 329.1344489902258 37.69723748415709 38.70039804279804 0.2173991203308105 0 0.106926791369915 2.67468923330307 0.0937826856970787 0.3606434166431427 1.975270003080368 0 0.4783599451184273 0 0.1027518063783646 0 0.1568119376897812 0 0 0.1140759289264679 0.201797790825367 0 0 90.72155773639679 1.734302178025246 1.251876026391983 0.4811859875917435 1474.632017463446 0 1.061475500464439 0 0 0 2.210902236402035 1.297323986887932 1.06966644525528 2.482060104608536 3.356498971581459 0.317634791135788 5.377332761883736 5.377830609679222 4.523909509181976 4.893940806388855 0.1804064959287643 0.4170598983764648 0.2034525573253632 0 0 0 0.2452419698238373 0 0.1495295614004135 0 0 0 0 0.1901732236146927 0 0 0 0 0 0.3893143832683563 0.9811987802386284 0 0 0 0 0 0.7830878347158432 0.2919617667794228 0 0 0 0 0 0.1249436140060425 0.4221272319555283 0 0 0.824359804391861 0 0 0 0.108681358397007 0 0 0 0 0.2806875109672546 1.175657033920288 0 0.1784658133983612 0 1.788555771112442 0.1360359936952591 0 0 0 0 0 0 0 0 1.564842604100704 0.454726904630661 0.1113860681653023 0 0 2.494490370154381 2.008088849484921 2.111822351813316 0.9940233901143074 0.7652568370103836 0.9346758052706718 0.2925405204296112 0.1048348769545555 0 0 0 0 0 0 0 0 4.684163242578506 1.022821344435215 0.6494829952716827 111.8267806470394 11.276287548244 65.63190308213234 34.39725609123707 1128.85208312422 8.470180653035641 1.151534892618656 17.54388369619846 3.115701094269753 1.064835391938686 1.262406781315804 0.7028148472309113 6.009262099862099 0.4621593952178955 0 0.4937895387411118 0.6824695840477943 0
4000.481105774641 0 170.4249893203378 1381.061374105513 5010.540371827781 347.9043365567923 4447.982559688389 36.04103257507086 1769.320948317647 969.0715824514627 599.5377139747143 16.86575223505497 286.1417499631643 672.680530898273 9.639684602618217 3.985800519585609 0.864310011267662 0.5950202941894531 0.09341020882129669 0.09033595025539398 0.4316432327032089 0.156508594751358 0.3156121298670769 0.2094744220376015 1.064292937517166 1.60997997969389 0.7882767915725708 1.302918568253517 0.6091967448592186 0 4379.952304191887 17.99254835397005 2.682628951966763 0.3043267503380775 0.1931289508938789 2.408720470964909 1.895146325230598 0.5582088157534599 0.8641611486673355 0.5685083493590355 3.012493036687374 0.7962768971920013 0.8508681505918503 0.525815524160862 0.6100027486681938 2.394451543688774 80.09266588836908 0.7672171294689178 0.3282895386219025 1.05611564218998 0.1875479519367218 0.09600161761045456 0.2231129333376884 0.922016479074955 2.444294176995754 1.60347069054842 73.57502435147762 2516.858895923942 46.05873455107212 38.34270440042019 2.307994395494461 1.456804148852825 1.547652870416641 47.75751079618931 1.308682166039944 1.351549901068211 0.09788837283849716 0.4907754436135292 1.530054025352001 1.814672335982323 6.697475589811802 5.190018698573112 0 630.7813696488738 198.6618597060442 195.2433279976249 11.1251891925931 2.385569140315056 8.891748331487179 24.82169350981712 0.5039140954613686 2.687740564346313 4.177190117537975 0 0.427411250770092 0.1778034865856171 2.533102162182331 0 0.3962984159588814 0 0.2227012291550636 0.5409736111760139 1.16635437309742 0.3313757851719856 0.4660820439457893 66.17470879107714 0.8403907865285873 0 1.449768073856831 1167.78923933953 1.053400695323944 1.279913835227489 0.7653748840093613 0.1937137991189957 0.1498123109340668 6.78972290456295 0.5647806227207184 2.062021382153034 3.130174040794373 4.733770184218884 1.014950104057789 12.37547435611486 9.650362238287926 9.081320263445377 8.842327781021595 0.5771771296858788 0.8443034514784813 0 0 0 0 0.6061787679791451 0 0.1038252785801888 0.1219255030155182 0 0 0 0 0 0 0.09342034161090851 0.08573178946971893 0.08781882375478745 0 1.424382261931896 0 0.5236696749925613 0.1191585138440132 0.9910442233085632 0.2782595455646515 2.859711408615112 1.035534895956516 0.3984667062759399 0.274353951215744 0.108194075524807 0.5122960433363914 0.1533870100975037 0.3552681729197502 0.1774000972509384 0.10096275806427 0.4471516758203506 3.29469121992588 0 0 0 1.099544487893581 0.1029653996229172 0 0 0 0.2503606677055359 1.332562483847141 0 0.8962796777486801 0.9698850587010384 3.902136467397213 0.1120562478899956 0 0 0.1049447432160378 0 0 0 0 0.09595753997564316 4.129279166460037 0.731374017894268 0 0 0.2481086328625679 4.84556632488966 4.375420190393925 4.060158781707287 1.565109819173813 2.449008114635944 2.970510609447956 0 0.6666699275374413 0 0 0 0 0 0 0 0.1052842289209366 5.391840241849422 2.548938594758511 1.954536557197571 298.6517122164369 35.91591399163008 251.3364451155066 105.8131370320916 929.2952806651592 29.89951382577419 2.209314987063408 59.5220665037632 8.098427653312683 1.355269499123096 3.52219682186842 0.1587414592504501 13.59786216914654 0.6503765434026718 0 1.82690717279911 3.093181081116199 0.7878375947475433
17.21570056676865 170.4249893203378 0 3.424632988870144 548.5491588190198 2.08591441065073 25.12127014994621 1539.823912672698 279.8801738321781 3.243677720427513 2181.786000989377 2.749026574194431 16.83543185889721 187.465190730989 20.65723633766174 19.10170587897301 2.555439084768295 5.001944243907928 0.8785163015127182 4.381723664700985 6.842797860503197 0 4.900032080709934 4.929251231253147 10.74385832250118 5.831617504358292 0.3358913362026215 5.058775968849659 2.177227891981602 1.6302540153265 3888.036443591118 372.7278698831797 7.791472911834717 7.763436034321785 3.187647245824337 18.76783298701048 4.345936760306358 10.06074251234531 2.293762415647507 3.561764739453793 63.82387663424015 0.7382696121931076 11.0991767719388 1.366071224212646 7.245846323668957 38.4898496940732 52.7327746450901 1.11946265399456 1.869898855686188 14.52483128756285 1.239033795893192 0.3183631300926208 0 2.048934936523438 0.1596225500106812 0.5989965051412582 9.968550473451614 464.7142350897193 8.845197238028049 16.82289589196444 77.32136504352093 10.4844046831131 39.95350110530853 149.1000867486 0.6573147177696228 0.3907955959439278 0.329017698764801 3.940745033323765 26.67322465032339 28.56842427700758 7.00322213768959 2.767725951969624 0.1783503443002701 124.396824747324 98.27663531154394 110.3397636190057 38.38011632859707 47.9732892587781 394.1622015088797 230.7425307184458 34.92000263184309 65.2909112200141 1.790170438587666 0 0.8989143073558807 0.2046672105789185 12.61163736879826 0 0.1013203114271164 0 0.6977372318506241 0.4522188752889633 13.24986230581999 1.513890542089939 1.131270594894886 5.990986101329327 1.444080673158169 0 0.9155243486166 34.25579486787319 0 0 0.2550186812877655 0 0 0.4444940686225891 0 0 0.3735273852944374 0 0.205518938601017 0.1820744499564171 0.4131018593907356 0.3878877833485603 0.4197124317288399 0.2892312780022621 0.1064383834600449 0 0.2991384193301201 0 0 0 0 0.09619602560997009 0.1172600239515305 0.2350305169820786 0 0.07875124365091324 0 0.1633007377386093 0 0 0.3987616449594498 0.09067296236753464 0 0 0 0.1163459420204163 0.1553743332624435 0.2226361259818077 0.1485937088727951 0.568454846739769 0.388783298432827 0.2235559374094009 0 0.1109541207551956 0.2617219388484955 0 0.08886045962572098 0.1060128435492516 0 0 0.2287272438406944 0 0.4381427019834518 0 0.314300499856472 0 0 0 0 0.2073763310909271 0 0 0.2119028940796852 0.3449912667274475 0.1212565526366234 0 0 0 0 0 0.1522542983293533 0.1648130416870117 0.1292494237422943 0.4801666513085365 0.6213643178343773 0.4804385900497437 0 0 0.3059817403554916 0.4898149073123932 0.6178585067391396 0.8604485914111137 0.1081177070736885 0.1703854948282242 0.3141117170453072 0.1116562560200691 0.5036009848117828 0 0 0 0 0.1077382043004036 0.280760146677494 0.09756524115800858 0.1318069696426392 0.2771792039275169 0.6432642713189125 0.6646611168980598 113.6759919002652 19.48718938231468 99.24469995498657 32.42368075996637 51.20108435302973 12.55993416160345 0.7153379619121552 26.58106958866119 3.037688285112381 0.1731332987546921 0.9533984437584877 0 0.9975147768855095 0 0 0.4780856668949127 1.586631886661053 0.6824036687612534
1514.818137779832 1381.061374105513 3.424632988870144 0 81.48666127026081 385.2016747370362 1481.865241028368 1.073643960058689 77.41237710416317 2454.31822437793 3.197148837149143 154.136049233377 941.1306896731257 190.159868016839 1.168444596230984 0 0 0 0 0 0 0 0 0 0.14087875187397 0 0 0.2378910034894943 0.101262167096138 0 51.11713670939207 1.245808377861977 0.146391361951828 0 0 0 0.1289871484041214 0 0 0 0.7057085931301117 0 0 0.2412165179848671 0.2785618677735329 0.267540454864502 13.00753740221262 0.2164280116558075 0 0.2336525246500969 0.1444352269172668 0 0 0.394522912800312 1.068504355847836 0.212518148124218 12.24277325719595 291.7536540031433 6.298416137695312 4.672112338244915 0.2149540781974792 0.1438047289848328 0.2355381995439529 5.800122477114201 0.4276030138134956 0 0 0.3776840567588806 0 0.1842337548732758 2.661881558597088 0.7598220556974411 0 116.4729158878326 26.78299438208342 29.03190865367651 0.7738652601838112 0.2152027264237404 0.2271810695528984 0.663315013051033 0.09179016202688217 0.2209933772683144 1.008642725646496 0 0.08686746656894684 0 0.6574011370539665 0 0.1030685007572174 0 0.1094356551766396 0 0.1116873323917389 0 0.105054683983326 60.76452574878931 0 0 0.3517486751079559 282.1266509145498 0.2908957004547119 1.048816427588463 0.1687265634536743 0 0.1323984116315842 2.050077028572559 0.3831038177013397 0.4896863028407097 1.57205393910408 2.44369675219059 0.3799744993448257 4.934863068163395 5.419713661074638 4.493131503462791 4.329677850008011 0 0.2933154106140137 0 0 0 0.1302229166030884 0 0 0 0 0 0.1151133626699448 0.1441092938184738 0 0 0 0 0.3482609987258911 0 0.1034158766269684 0.1181648373603821 0 0 0 0.4713671654462814 0 1.181159555912018 0.9512500092387199 0.1568430513143539 0 0 0 0 0 0.3839539587497711 0 0.6875547915697098 0.6162195652723312 0 0 0 0 0.1022073850035667 0 0 0 0 0.9470966756343842 0 0.1886336207389832 0.7575713247060776 1.481070131063461 0.3709473162889481 0 0 0 0 0 0 0 0 0.8894482254981995 0.1704469323158264 0 0 0 2.147545330226421 1.721897594630718 1.171673648059368 0.3776467144489288 0.690312072634697 1.662849649786949 0 0.4722367897629738 0 0 0 0 0 0 0 0 2.441672369837761 0.820377916097641 1.147097304463387 70.62503978610039 6.911813341081142 44.87233579903841 21.48442467302084 387.5367284491658 5.916759215295315 0.5939918458461761 9.397718317806721 4.300753772258759 0 1.487885400652885 0 5.213018774986267 0.4012022018432617 0 1.215312451124191 0.6829075664281845 0.162798598408699
299.6567707583308 5010.540371827781 548.5491588190198 81.48666127026081 0 20.13173184543848 2789.842323578894 115.528838776052 5805.655308820307 231.9585712850094 756.9391763582826 6.687641441822052 281.8910963311791 1326.843062371016 8.250230520963669 5.50306336581707 0.345530740916729 0.2202531471848488 0.09609495103359222 0 0.6979074031114578 0.5802760720252991 0 0.2663971707224846 1.063999600708485 0.413114458322525 0.08737955242395401 1.069540284574032 0.7701660618185997 0 820.6752887144685 10.02417632192373 3.21536598354578 0.4312584549188614 0.2001423388719559 1.577956385910511 1.755614876747131 0.9524286910891533 0.736680269241333 0.2798786237835884 3.145937971770763 0.5515763908624649 0.5721652954816818 0.4886461496353149 0.2781650796532631 0.5462329089641571 47.28467767685652 0.9190784022212029 0.4896755293011665 0.9687521383166313 0.0888330489397049 0.5224160104990005 0.1578139811754227 0.3119169622659683 0.7133403345942497 0.06838253885507584 15.74732868373394 357.1297433003783 11.1853247359395 18.18008267134428 1.740152806043625 0.9059393480420113 2.207692749798298 23.43441101908684 0.2329215705394745 0.3337147906422615 0 0.4870080798864365 1.511892594397068 0.4465609490871429 5.377267524600029 5.398627959191799 0 183.1370048485696 71.13781041651964 100.8904343619943 6.224639631807804 1.565716162323952 4.709834136068821 15.11579321324825 0.9213256016373634 1.413187712430954 2.837337009608746 0 1.240489788353443 0.1795095652341843 1.315749309957027 0 0 0 0.217474490404129 0.1044847890734673 0.5468621030449867 0 0.408096931874752 34.02568486332893 1.083341814577579 0 0.5662973821163177 54.93218968063593 1.384713597595692 0.2876103520393372 0.3846044763922691 0 0 3.942972138524055 0.5458890125155449 1.244177594780922 2.825009040534496 3.451157182455063 2.063497565686703 9.660101726651192 6.880809418857098 8.175790548324585 4.87905665487051 0.9544541761279106 1.623967312276363 0.1558401584625244 0.3320886492729187 0 0 0 0 0.1206425428390503 0 0 0.1050012409687042 0.2288983166217804 0.1141475439071655 0 0 0 0 0.2154543325304985 0.1999905779957771 1.907344415783882 0.1090638190507889 0.8237892538309097 0.1105480641126633 1.559460036456585 0.3237111121416092 2.701017074286938 1.216127008199692 0.2282070517539978 0.4826359152793884 0.1113452166318893 0.1062299534678459 0.1039792373776436 0.4681279882788658 0.81902776658535 0.3197733759880066 0.7829334735870361 2.920598037540913 0 0 0 0.2353794872760773 0 0 0 0 0 2.292072504758835 0 0.9594760239124298 2.308908179402351 4.593735866248608 0.421306349337101 0 0 0 0.1454743146896362 0 0 0 0.2912599444389343 3.46233818680048 0.4804093986749649 0 0 0 5.112447611987591 5.472497515380383 4.31923608481884 1.362318471074104 1.288073010742664 2.66015513241291 0.2360501363873482 0.4581828042864799 0 0 0 0 0.1296195089817047 0 0.136123925447464 0 2.540020443499088 3.981078051030636 2.456783406436443 155.9024264514446 21.73957791924477 122.5623427927494 47.36229541152716 143.4481250271201 18.5039514452219 0.793692946434021 33.92803933471441 9.507477596402168 0.2100918143987656 3.783367104828358 0.3050759732723236 10.28885477781296 0.5034005343914032 0 1.507493801414967 2.702549025416374 0.4385966062545776
124.0432748645544 347.9043365567923 2.08591441065073 385.2016747370362 20.13173184543848 0 97.71111577004194 0.4552825763821602 21.13049357384443 560.1972648352385 9.493108488619328 129.2258661314845 104.3058550581336 77.63892682641745 0.2464712709188461 0.8552688658237457 0 0 0 0 0 7.989208459854126 0 0 0 0 0 0.1424807459115982 0 0.1051456853747368 5.803421080112457 0.2118387222290039 29.85865661501884 0 0 0 5.951548591256142 0 0.6874630153179169 0 0.1268016695976257 0.1850546002388 0 0 0 0 1.179913721978664 0 0 0 0.6432821154594421 9.567366018891335 4.683193787932396 0 0 1.554820120334625 35.51846368610859 85.87684013694525 1.128307595849037 0 0.2490619421005249 0.4289630800485611 0 0.07976600527763367 0 0 0 0 0.3342012763023376 0.2117733061313629 167.8912393972278 186.365554228425 10.74453842639923 20.12943704426289 0.9220715239644051 2.642282821238041 0.2623919174075127 0 0 31.1891964673996 0 0.2910351455211639 0.158721923828125 1.422663480043411 0 0.5385192483663559 0 10.27487947046757 1.540671989321709 16.68157553672791 2.032406091690063 2.070252805948257 0 0 0 359.8338239043951 97.54199582338333 38.08336332440376 7.913453221321106 171.5354716405272 1.434353113174438 0.2773095667362213 0.1495076715946198 0 0 0.9396110624074936 0 0 1.341928869485855 0.4501821398735046 0.6731420755386353 2.316315330564976 1.489302515983582 1.352804899215698 0.6901561766862869 0 0 0 0 0 0 0 0 0 0 0 0 0 0 0 0 0 0 0 0 0.6301073357462883 0 0.3872042000293732 0 0.3834281712770462 0.1055044457316399 0.7459986954927444 0.5304309874773026 0 0 0 0 0.120451033115387 0 0 0 0 0.4068917483091354 0 0 0 0 0 0 0 0 0 0.4022164344787598 0 0 0 0.2920114248991013 0 0 0 0 0 0 0 0 0 0.6184045448899269 0.3130541145801544 0 0 0 1.053459025919437 0.2448490485548973 1.042376540601254 0 0.153026357293129 0.0946977436542511 0 0 0 0 0 0 0 0 0 0 1.191802635788918 0.4821372628211975 0.3171052783727646 16.43264509737492 0 5.719571776688099 2.700099088251591 152.178097948432 1.228053703904152 0.1486502587795258 1.465689428150654 1.39279916882515 0 0.1104431450366974 0 0.8376011550426483 0 0 0 0 0
523.8398885428905 4447.982559688389 25.12127014994621 1481.865241028368 2789.842323578894 97.71111577004194 0 10.275768622756 3736.897246845067 2748.192744791508 84.23233576118946 283.5985133871436 2754.388521783054 1175.592290915549 12.80247792601585 5.211567282676697 1.307589128613472 0.1039561405777931 0.09999017417430878 0.1128419935703278 0.4509670287370682 0 0.104723647236824 0.3976437896490097 0.6375980228185654 1.132813394069672 0.6512882634997368 1.320809312164783 1.687021680176258 1.202473059296608 216.646617397666 9.994317702949047 5.862848341464996 0.2197514846920967 0 0.7753944844007492 2.299317099153996 0.6939787492156029 2.327206298708916 0.8974693268537521 2.309959717094898 1.272782355546951 0.6131409108638763 0.1242307499051094 1.399239607155323 1.682449251413345 92.13182580471039 1.180854074656963 0.5571952983736992 1.234679564833641 0.5628165006637573 0.1711108535528183 0 2.298873364925385 1.876806557178497 1.393250472843647 31.84863398224115 473.0883928611875 19.32397967576981 37.79926529526711 2.301061004400253 1.305325873196125 0.7304268479347229 35.56349939107895 1.229858569800854 1.553209416568279 0.1672517210245132 1.406251609325409 1.235804475843906 1.481519721448421 15.54495158791542 18.74359283596277 0.1111365333199501 306.9555914252996 115.6115239486098 190.0723625198007 11.2992732450366 2.07688657194376 2.842891290783882 12.90080231428146 0.839510902762413 2.061850689351559 4.585408262908459 0 1.269281409680843 0.08571329712867737 2.424332812428474 0 0 0.1915286779403687 0.3179445639252663 0.3967414647340775 0.8638523817062378 0.4216945543885231 0.8352169618010521 226.8331237509847 2.076370932161808 0.1359614729881287 1.522608160972595 97.06908333301544 6.582914717495441 5.291787892580032 2.862041331827641 0.7189151495695114 1.926479138433933 22.0815851688385 2.280992701649666 6.991634525358677 17.04208135604858 21.3396158888936 7.237876437604427 47.81828743219376 46.18394328653812 51.3649900406599 38.50238304585218 3.485382199287415 5.337159529328346 0.3841581493616104 1.181727513670921 0.3042517900466919 0 0.470290832221508 0 0.8258047997951508 0 0.3841079622507095 0.5152030289173126 0 0 0.1466463804244995 0.5148350149393082 0.5341956466436386 0.8300768136978149 0.4151832684874535 0.2768914401531219 8.122208498418331 0 2.036118626594543 0.4716175422072411 8.495799288153648 1.421253584325314 16.04181787371635 10.82638244330883 1.294514037668705 0.202910989522934 0 0 0.3968458324670792 2.672333128750324 3.210876323282719 0 2.97069838643074 16.27968917787075 0 0 0 2.289714336395264 0.5408058762550354 0 0 0 2.744934402406216 16.53324338048697 0 4.161592341959476 8.811234265565872 25.82887098193169 0.8198769837617874 0.1501850336790085 0 0 0.1630803346633911 0.1642441302537918 0.1061235293745995 0 0.1680519878864288 27.10648147016764 2.685377351939678 0 0.1100949645042419 0.3077309876680374 30.85299745947123 29.27852756530046 28.85864614695311 7.718483090400696 10.53103045374155 17.39089118689299 2.658041581511497 2.24343666434288 0 0 0 0 0.2346446961164474 0 0.09887558221817017 0 24.70419105142355 16.5785036534071 12.75135669112206 344.8432600498199 43.27261979877949 230.1440436989069 95.55779419839382 424.7333752065897 31.47939395904541 2.098490424454212 79.90465986728668 38.90805461257696 1.745873369276524 21.92926727235317 1.638936638832092 55.89235860109329 6.727830693125725 0.1839004158973694 12.71726270020008 3.950980491936207 1.913493223488331
0.7194024696946144 36.04103257507086 1539.823912672698 1.073643960058689 115.528838776052 0.4552825763821602 10.275768622756 0 174.4678531214595 0.7145107761025429 2241.278996571898 2.244058333337307 14.01210514456034 117.9635780230165 27.99451111257076 28.18852280080318 3.232007555663586 5.747176773846149 0.9632833823561668 4.00633329898119 8.567204378545284 0.5794685631990433 7.832186862826347 5.399730429053307 19.28963242471218 13.20437856018543 2.324432142078876 7.214543864130974 3.396496705710888 3.407982915639877 1968.009190812707 2698.178163573146 13.05492385476828 9.458728797733784 9.034027464687824 46.94232361763716 7.529052227735519 16.28199063241482 4.308664828538895 5.486974157392979 80.31509298086166 2.215098589658737 9.878023855388165 5.679004527628422 5.248727984726429 36.68886765092611 75.56616303324699 0.8291029408574104 1.834904365241528 16.25626362115145 1.418546289205551 0.6570020690560341 0.08951788395643234 2.057791575789452 0.84824338555336 0.2132394686341286 12.13858289271593 596.3439253643155 10.58527288585901 18.58054272085428 102.9550052955747 23.18992834538221 57.77850820869207 859.9028994888067 0.6187711358070374 0.6859647259116173 0.237848237156868 2.192596912384033 24.37177851051092 31.40301325917244 9.116467207670212 3.372916467487812 0 160.1471922546625 281.3391449898481 165.5115125253797 483.3233209699392 1064.02683403343 1086.952116690576 275.7536816373467 76.97211489826441 192.9706930890679 1.919977799057961 0 0.7640891298651695 0.1566850990056992 12.21707832068205 0 0 0 0.3270589411258698 1.210616268217564 10.96161146461964 1.648372977972031 1.224347427487373 6.598616302013397 1.955871842801571 0 1.97578701376915 3.062397226691246 0 0 0 0 0 0 0 0 0.18449866771698 0 0 0.2051133289933205 0.4020384922623634 0.1324548572301865 0.7831914275884628 0.0851617231965065 0.1916935443878174 0 0.2284027263522148 0 0.09367408603429794 0 0.1494762897491455 0.198285274207592 0 0.6362657994031906 0.09516966342926025 0.09892765432596207 0 0 0 0.07826242595911026 0.7086882740259171 0 0 0.1098925694823265 0 0.09143604338169098 0.1578053832054138 0.585647888481617 0.1026262417435646 0.7966559231281281 0.5043302550911903 0.1832667589187622 0 0 0 0 0.4189099445939064 0.6673973053693771 0.1596762090921402 0 0.417019322514534 0.1877174377441406 0.1126533821225166 0.1051321551203728 0.351909726858139 0.5423557385802269 0 0 0 0 0.1133119240403175 0 0.339421771466732 0.4514827132225037 0.5511438697576523 0 0 0 0 0 0.1115160956978798 0.1093888580799103 0 0.2131078317761421 0.5265315547585487 0.5091754272580147 0 0 0.2919187769293785 0.2860612124204636 1.068325810134411 0.5745344683527946 0 0.2206079810857773 0.09429402649402618 0 0.1827524080872536 0.3069281578063965 0 0 0 0 0.1106544658541679 0.1442524790763855 0.1330191940069199 0.1637919247150421 1.027654692530632 0.5922547578811646 137.3335372582078 18.68541522324085 133.326213054359 46.27855269610882 34.35930651426315 19.49655447155237 1.166627183556557 34.19363607466221 4.255976304411888 0.2615483477711678 0.5363512337207794 0 0.5014086961746216 0 0 0.3884182274341583 4.788662485778332 0.8582803755998611
96.72090674936771 1769.320948317647 279.8801738321781 77.41237710416317 5805.655308820307 21.13049357384443 3736.897246845067 174.4678531214595 0 340.3610757365823 1589.642569556832 164.678630053997 1266.487940877676 2118.970163442194 33.13401631265879 23.39917424321175 0.6184314414858818 1.06572050601244 0.2245569229125977 0.3731570765376091 0.7489804327487946 0 0.2856700047850609 0.6413418725132942 3.231846749782562 3.443194158375263 0.3039315119385719 2.45111657679081 2.862703785300255 1.071691051125526 587.3045663386583 10.53990819305182 109.0952371507883 0.4840336665511131 1.21772326529026 8.599183470010757 10.53171459585428 5.216291479766369 1.539264909923077 1.049534983932972 10.80653988569975 0.8071440756320953 0.8618443757295609 0.4130051806569099 0.8504318967461586 1.925986349582672 105.3518959060311 0.6852974519133568 0.3101729154586792 1.110632359981537 0.7564945966005325 0.2128242030739784 0.1517601013183594 1.201727151870728 1.354811631143093 1.01237690448761 18.69168665260077 270.4373188987374 14.00348778069019 29.92763926833868 4.584606260061264 9.726187579333782 5.838028453290462 27.1078497543931 0.7367837131023407 0.8265751749277115 0.1718622222542763 1.133455969393253 2.664681285619736 3.566369071602821 49.18190085887909 23.01284275203943 0 178.7631188705564 81.77692350000143 183.8387879282236 22.4460758715868 2.133560806512833 5.061780788004398 193.5185283571482 0.5199918895959854 3.220176480710506 3.679864011704922 0.08485905826091766 0.5886100307106972 0.5736381039023399 2.938440524041653 0 0 0.101513683795929 0.6717127338051796 0.5362049266695976 1.810146309435368 0.7201660498976707 0.8725127577781677 179.2951549515128 4.245012640953064 0 1.233577117323875 30.13404218107462 3.790580779314041 5.260603159666061 2.779966242611408 0 1.372577361762524 16.50973308086395 0.5744608640670776 3.18033741414547 10.43483240157366 10.73190413415432 4.601764939725399 39.59701450169086 30.28379149734974 27.96576895564795 30.02003415673971 3.856760315597057 2.814963817596436 0.09863020479679108 1.287856765091419 0.08463180065155029 0 0.2936814799904823 0.2439984008669853 0.08258926123380661 0 0.115450493991375 0.6988782733678818 0.2380362898111343 0 0.2763396874070168 0.1480622142553329 0.1855892241001129 0.4532462954521179 0.1149509325623512 0.4024074673652649 5.631667234003544 0.1255619376897812 1.319911152124405 0.5318764224648476 6.307794742286205 1.610724687576294 11.18871929496527 7.271613158285618 1.020979575812817 0.2402464747428894 0 0.1040020361542702 0.3625326752662659 1.307146459817886 2.447317011654377 0.1031870096921921 1.59676281362772 11.16001799702644 0 0 0 1.379441075026989 0.1183640137314796 0 0 0 0.9348141625523567 12.92760705947876 0.4086219072341919 1.481527976691723 5.095112755894661 19.45558233559132 0.6741522029042244 0 0 0 0.09559296071529388 0 0 0 0.5420738980174065 21.76531631499529 1.752360343933105 0 0.2928822040557861 0.2991232573986053 23.84026701003313 23.9395440518856 21.92150956392288 7.577774561941624 7.300765320658684 14.98998841643333 1.537637658417225 2.335281632840633 0.3119794577360153 0 0 0 0 0 0 0 17.34839434921741 15.01711042970419 10.59374041855335 320.3995921462774 41.99379234761 196.8620478510857 70.58275800198317 161.8459168970585 34.83546600490808 2.107229813933372 72.88087305426598 34.58726254105568 2.337146751582623 17.91495960950851 3.207685925066471 40.16293758898973 3.416803099215031 0.09678887575864792 8.523263841867447 4.634792812168598 1.843395926058292
1558.038998924196 969.0715824514627 3.243677720427513 2454.31822437793 231.9585712850094 560.1972648352385 2748.192744791508 0.7145107761025429 340.3610757365823 0 6.784370951354504 1110.236991979182 3738.626741021872 595.0010249242187 1.072000779211521 0.5703360214829445 0.3089196383953094 0.09636291116476059 0 0 0 0.8406268209218979 0 0 0.2043648064136505 0.1162516176700592 0 0.1700842529535294 0.4810770303010941 0 49.23649820685387 1.438547544181347 10.9555272012949 0 0 0.1094729602336884 1.033302038908005 0 0.3975842148065567 0.0789511576294899 0.2203845530748367 0 0.1308555752038956 0 0.07651270180940628 0.09187547862529755 15.63703871518373 0.7272863611578941 0.1098133474588394 0.7087421715259552 0.1527746617794037 0.7572717517614365 0 0 0.09613323211669922 0.4684493914246559 24.04329919070005 334.5034162402153 9.845504976809025 8.109206542372704 0.1562976092100143 1.275343649089336 0.1010882034897804 4.296828135848045 0.4022714197635651 0.1166175454854965 0 0.3808154761791229 0.1514569371938705 0.223695307970047 28.35821811109781 33.80685546249151 1.136865824460983 138.7278510481119 28.86208548396826 38.21437952667475 1.348792493343353 0 0 14.71252765506506 0 1.024666994810104 1.16091001778841 0.4011687636375427 0.08526083827018738 0.07581968605518341 0.4754747226834297 0 0.958055853843689 1.416586548089981 0 0.2773440182209015 0 0 0 839.2394966930151 3.269358336925507 1.099587768316269 1.589756898581982 845.6560746058822 9.440228849649429 7.134372115135193 3.169344365596771 0.1767511367797852 1.341408051550388 30.4165270999074 5.66289284825325 12.48449719697237 28.14704845845699 46.43150269240141 6.033172346651554 88.67126818746328 73.87548288702965 81.63020644336939 59.80600088834763 2.969738736748695 2.753004036843777 0.3860155344009399 0.3522012084722519 0 0 0.6449477076530457 0 0.3107141703367233 0 0.0880795493721962 0.3585763275623322 0 0.1314700841903687 0.3768847584724426 0.1015265360474586 0.2962818220257759 0.260634183883667 0 1.615173131227493 6.5250089392066 0 0.3670973181724548 0.9521102011203766 8.385979220271111 0.2149301990866661 10.79760928452015 6.204234912991524 1.114362180233002 0 0 0.1491523534059525 0.8794645741581917 1.863964349031448 1.593592844903469 0 5.572394303977489 13.76064463704824 0 0 0 0.5430142059922218 0 0 0 0 0.4129728302359581 20.41928891092539 0.713664636015892 2.629615038633347 4.644205935299397 19.55555715411901 0.9887389540672302 0 0 0 0.08690947294235229 0.2606636434793472 0 0 0.09945374727249146 28.29554971307516 2.207673452794552 0 0 0 29.03059284389019 18.44852984696627 18.30437861382961 9.811419069766998 13.83188642561436 17.49043097347021 0.6591188982129097 1.915665209293365 0 0 0 0 0 0 0 0 61.50732748955488 15.28635413944721 5.764209866523743 367.42997264117 9.746650084853172 57.32882662117481 24.41616471856833 850.9475748687983 10.21464689821005 0.7917684018611908 15.49607460200787 43.3155916556716 1.899970233440399 22.67811089009047 1.802323885262012 106.6738106608391 4.876029461622238 0 16.12483084946871 0.9130486249923706 0.465846449136734
17.29340919852257 599.5377139747143 2181.786000989377 3.197148837149143 756.9391763582826 9.493108488619328 84.23233576118946 2241.278996571898 1589.642569556832 6.784370951354504 0 142.3035603165627 518.5193859264255 2366.569342881441 147.3745466470718 146.2602441310883 3.931561753153801 6.927331559360027 0.8616542741656303 6.905682384967804 11.31785138696432 0.9070801511406898 8.341964930295944 13.76878343522549 70.59941227734089 45.69678018987179 3.364305071532726 22.90261266380548 10.54239248484373 18.68470701575279 2550.224346399307 366.2668174877763 620.0209216848016 10.06114579737186 14.85368463397026 222.8415259793401 97.38423696160316 120.1073610559106 21.25514933466911 38.63673833757639 132.4077179804444 7.131823889911175 10.5307455137372 1.851358912885189 5.093831792473793 15.26283194869757 250.290069848299 3.35573910176754 3.739358142018318 13.48066872358322 2.606146566569805 0.4298126548528671 1.752836890518665 4.176817320287228 1.802748367190361 1.113228052854538 27.48562607914209 570.5507057234645 19.67998488992453 60.59442695230246 68.97193827480078 149.7030374184251 99.43894613534212 158.5745230391622 1.735552743077278 1.541608832776546 0.4099196791648865 4.052917450666428 20.73451703041792 31.42169683426619 185.4323908090591 35.57853978872299 0.262129083275795 312.6605588197708 231.4120253175497 455.900497674942 110.5386067256331 68.17360197752714 538.1261627674103 660.5569713264704 9.307476527988911 70.20115722715855 6.120326496660709 0 2.004211850464344 0.4982729330658913 8.264660567045212 0 0.3297574669122696 0.599351204931736 0.3838308304548264 0.6118015050888062 21.10062447935343 2.965350739657879 1.696496210992336 216.7062069699168 12.52960431575775 0 6.999482043087482 25.66150586307049 1.819451980292797 0.1777817904949188 0.6663323268294334 0.2637957334518433 0.2930417209863663 3.223269514739513 0.2191880196332932 0.3867528438568115 2.570799693465233 1.279510401189327 0.9965419471263885 6.544583506882191 5.958704613149166 4.577209129929543 6.883244857192039 1.251943871378899 2.130537912249565 0.3324015215039253 0.3234245777130127 0 0 0.3838688284158707 0.1005290672183037 0.2124628573656082 0 1.979708053171635 0 0.1222981140017509 0.3937346041202545 0.09789666533470154 0.2277983874082565 0.6297544613480568 1.348761089146137 0 0.3494236841797829 1.827762365341187 0 1.018982075154781 0.09830702096223831 2.303086839616299 0.7904391661286354 7.442903220653534 5.283818393945694 0.372667171061039 0.1148218810558319 0 0.3088750615715981 0.1209503635764122 1.008579768240452 1.071996703743935 0.6392334327101707 1.320423386991024 4.203869856894016 0 0 0.4944079369306564 1.429174691438675 1.370872601866722 0 0 0 0.6551072895526886 2.266836948692799 0 1.171899132430553 3.31583409011364 7.527225986123085 0.08845283091068268 0 0 0 0.09840284287929535 0.1854183077812195 0.2150664702057838 0.1067153811454773 1.148954808712006 9.421935021877289 2.955514036118984 0.09153363853693008 0.164291724562645 0.5108477547764778 9.12038654088974 8.953437902033329 6.844671808183193 1.946947306394577 2.554650254547596 5.541799284517765 0.4569497108459473 0.6622330024838448 0.2622397541999817 0 0 0 0 0.3446143642067909 0.251087486743927 0.5396511405706406 2.924557544291019 9.536625102162361 6.303227156400681 477.1287616416812 72.22292350977659 417.1640637814999 126.4187039509416 139.9269112199545 59.12735300511122 1.480258405208588 142.4306895509362 21.42819491028786 0.4320801645517349 4.901094809174538 0.2641698643565178 10.49424727261066 0.7750777453184128 0.1805822402238846 2.691715180873871 12.53936425596476 2.238836675882339
23.91927816718817 16.86575223505497 2.749026574194431 154.136049233377 6.687641441822052 129.2258661314845 283.5985133871436 2.244058333337307 164.678630053997 1110.236991979182 142.3035603165627 0 4201.91552823782 1219.291844375432 27.63878323882818 25.19607622176409 0.7945123016834259 0.8869440779089928 0 0.1539823710918427 0 1.35914546251297 0.1075021848082542 0 0.9103637039661407 0.885918527841568 0 0.9057159796357155 0.2668577507138252 0.3365651071071625 3.751470655202866 0.2547887191176414 157.1473192721605 0.0906568244099617 0.1281493306159973 1.224065601825714 32.15899851173162 2.273793265223503 1.279655553400517 1.404741398990154 1.210422769188881 0.5235787481069565 0.1647505313158035 0.781457245349884 0.5408373922109604 0.803794153034687 37.97531067579985 0.2031049877405167 0 0 0 0.305509552359581 1.145942255854607 0.8035574406385422 0 0 3.551858358085155 18.20980104058981 3.142601646482944 4.864999808371067 4.720753960311413 20.21066685765982 0.4659770354628563 1.154105633497238 0.4480312317609787 0.1986842826008797 0 0.257509358227253 0.1199031993746758 0.1135150343179703 322.2671697363257 77.74056600034237 0 25.68605176359415 10.87382571399212 51.52401876449585 5.782803669571877 0.6353481933474541 0.2696404978632927 279.4078161716461 0.6408868879079819 2.75725107640028 0.3235393911600113 0 0.4472694993019104 0 0.2139417827129364 0.1901862174272537 0 0 0.1182628720998764 0.1220121011137962 0.1466120779514313 0 0.3855044543743134 2159.654088772833 55.43142646551132 2.435047999024391 2.535149425268173 67.01582120358944 10.2771320939064 7.601178959012032 2.904047198593616 1.213787019252777 1.334020189940929 24.3679393529892 2.750961154699326 8.406826205551624 16.40614406019449 24.80287966132164 7.578634038567543 67.75703003257513 47.82004117965698 64.78125440329313 53.08952825516462 2.823129594326019 3.645387426018715 0.1450434029102325 0.7603373229503632 0.2741316556930542 0.1505206823348999 0.1136868298053741 0 0 0 0.1911034435033798 0.1690396219491959 0 0.387472115457058 0.1418092399835587 0 0.1109786033630371 0 0 0.6654768586158752 8.027227804064751 0 1.137902803719044 0.4371207058429718 12.72516058385372 1.262077957391739 14.57541758567095 8.609306089580059 0.7736813351511955 0.0914895087480545 0 0 0.5244247987866402 2.259441666305065 2.038919754326344 0 4.63054820895195 15.01879257708788 0 0 0 1.410764694213867 0 0 0 0 0.479421854019165 20.39545807987452 1.07268725335598 1.968770131468773 5.905481822788715 21.11281145364046 1.385077022016048 0 0.1018220633268356 0 0 0.119934655725956 0.123327448964119 0 0 34.49427662789822 5.353325843811035 0 0 0 42.33259835094213 28.35784574598074 29.77415704727173 11.10900771617889 13.53056318312883 19.35939476639032 1.449320487678051 2.395390495657921 0.2992284074425697 0 0 0.1664230823516846 0 0.1960019171237946 0 0 51.88657430559397 33.46130953729153 13.75159134715796 161.7375894188881 9.299147181212902 81.47588445991278 17.46643668413162 158.6487500667572 14.70463467389345 0 31.34273247420788 50.15993644297123 0.6804531365633011 24.44167739897966 2.458267644047737 80.95630051195621 9.821792416274548 0.3099024593830109 17.5342556014657 2.243651755154133 1.080870166420937
