0 4770.966152787209 798.4497110694647 743.1021623536944 480.072221852839 332.1545053869486 1770.47530272603 48.38007967919111 167.8056578338146 820.3788428455591 471.0743771418929 21.04034075886011 401.0765528604388 165.222490042448 8.48224863409996 3.604292884469032 1.794159226119518 0 0 0.1378114223480225 0.1798435151576996 0 0.1225204914808273 0 0 0.1439187377691269 0.3633798360824585 0.2989932522177696 0.1254865676164627 0 1738.29316932708 3.763599827885628 5.668347232043743 0 0 0.3250139951705933 2.065021932125092 0.1142020374536514 0.1242116019129753 0.1901751309633255 0 0 0.9322426542639732 0.6034965813159943 0 0 33.17017734050751 0 0 0.09449901431798935 0 0.4758148491382599 0 0 1.942613773047924 4.646263293921947 177.8121241107583 1941.578549750149 10.22817826271057 21.75819371640682 0.1794720441102982 0.9402055069804192 0 1.233290389180183 1.051186963915825 0.659061536192894 0.4837944954633713 0.4667288511991501 0.9787392020225525 1.096592262387276 10.52867846190929 5.371724426746368 0.1624138653278351 353.735980309546 28.38435467332602 36.95324874669313 5.088425673544407 5.54613883793354 3.591937571763992 26.29457860440016 0.4195590987801552 2.083859004080296 5.287004694342613 1.115252390503883 0.2440106794238091 1.807634428143501 1.442817665636539 0.207518145442009 0.2028015106916428 0.2791274189949036 0 0.1272627264261246 1.230128340423107 0.2542236745357513 0.1511533409357071 134.2932331338525 3.782767057418823 0 0.8123607039451599 1049.181063041091 0 0.1764303147792816 1.594215556979179 0.4922737777233124 0 6.128238424658775 3.962811604142189 0.539830356836319 20.40617971867323 6.51239662617445 0 18.74384567886591 10.5180411413312 18.21639074385166 7.582268923521042 0 0.1192905306816101 0 0 0 0 0 0 0 0 0 0 0 0 0 0 0 0 0 0.1258254796266556 0 0 0 0 6.431649632751942 0 1.660406917333603 0.2392794191837311 0.1514448076486588 0 0 0 0 0.1388395130634308 0 0 0.4496702700853348 0.3945560157299042 0 0 0 0.5295527577400208 0 0.1198549568653107 0 0 0 0 0.4657332897186279 0 0.1022696420550346 4.673042878508568 0 0 0 0 0 0 0 0 0 11.14332035183907 0 0 0 0.2680504024028778 0.1210037991404533 0 0 0.1887842118740082 0 0.1000020280480385 0 0 0 0 0 0 0 0 0 0 9.987672671675682 0 1.117163985967636 77.11151328682899 6.031363196671009 65.83896842598915 14.55378738045692 1455.688010543585 8.654120251536369 1.573279209434986 14.72970414161682 0.9033503830432892 0.2616165056824684 0.6406335756182671 0 7.953649073839188 0 0 0.3585546314716339 1.654128849506378 0
4770.966152787209 0 1647.131401389837 983.2691493779421 5916.53956887871 200.4252905547619 5266.322435252368 128.6008320450783 2902.961296111345 916.8169258758426 1295.817064642906 45.35593841224909 613.5250922292471 410.0342312157154 62.31826946884394 12.58361320197582 2.39576780796051 0 0 0.2485893368721008 0.174754723906517 0 1.666853100061417 1.041820421814919 0.1080033555626869 0.7786300182342529 0.3817394226789474 0.2607636153697968 0.4846392571926117 0 4891.735600598156 16.49808765947819 23.56877638399601 0.1564622521400452 0 0.4217002913355827 6.495616212487221 1.858434543013573 1.18386759608984 0 0.4823897182941437 0 0.6066340729594231 1.232439152896404 0 0 348.9047723710537 2.909528277814388 0 0.655341312289238 0.997976191341877 0 0 0.7892670854926109 14.95274113863707 30.81377872079611 246.5261159464717 1851.695133753121 27.56922820955515 180.91366776824 2.066562905907631 10.98961655050516 0.1240071281790733 9.725134335458279 13.19437126070261 4.495317459106445 2.060918100178242 1.169526159763336 1.453176289796829 0.9695858508348465 24.35529465228319 5.712487630546093 0 1272.912782609463 221.3015791252255 307.0929773673415 32.76763312518597 14.42234113812447 6.028087913990021 83.61611396819353 1.920017078518867 10.59496573358774 54.42116998136044 3.125075377523899 3.093107007443905 10.53137325495481 4.472797095775604 0.4719336181879044 1.085982345044613 0.531608834862709 0.1727622598409653 0 0.154447615146637 0.1177938058972359 0.3846719563007355 119.1477249413729 0.1342606097459793 0 1.101743951439857 383.5553655326366 0 0.6426170170307159 2.334108293056488 0.7141106724739075 0 19.04370133578777 6.749719575047493 2.932179927825928 26.30198541283607 20.67435343563557 0.689551904797554 54.91275837272406 33.33945356309414 43.42627696692944 25.09349703788757 0 0 0 0 0 0 0 0 0 0 0 0 0 0 0 0 0 0 0 0.2262812256813049 0 0 0 0 18.92451772093773 0 11.23145384341478 0.3945257291197777 0 0 0 0 0.7400613278150558 0 0 0 2.072851985692978 1.651226215064526 0 0 0 0 0 0 0 0 0 0.6042246222496033 0 0 0 14.64704950153828 0 0 0 0 0 0 0 0 0 45.09343565255404 0 0 0 0 2.874705538153648 0 0.5354123413562775 2.015627041459084 0.8185518085956573 0.7412362471222878 0.5522824972867966 0 0 0.1249613985419273 0 0 0 0 0 0 22.28434150665998 1.565187066793442 5.795309990644455 550.3924983814359 44.32870571315289 492.1358905434608 74.79129847884178 1243.678452894092 53.71864701062441 11.99956605583429 68.02017291635275 5.19291889667511 0.8964039236307144 4.536785207688808 0.6028400138020515 11.09131026268005 0 0.2363125458359718 2.168105721473694 5.429372414946556 0.3881212770938873
798.4497110694647 1647.131401389837 0 8.577637501060963 1848.290532693267 8.14180263876915 80.13638931512833 3993.821631319821 747.7603619843721 8.228985458612442 5712.822966374457 2.864004664123058 35.84741447120905 175.0972207188606 44.2476913407445 56.89118646085262 22.43541188538074 0.659668892621994 0 3.727610662579536 6.801601693034172 0 16.22694683074951 9.540738239884377 1.182625867426395 0.4266952723264694 0.7258878499269485 0.3944426327943802 0 0.1102744117379189 5725.264283128083 1375.079002529383 29.71450518071651 10.59733444452286 3.494033202528954 0.4712191671133041 6.910534650087357 0.6491198539733887 0.3771833479404449 0.1587016880512238 3.245566569268703 1.564651325345039 13.20440760999918 6.369151674211025 0.9530715197324753 1.761506542563438 113.1303071454167 6.583783119916916 1.435773067176342 15.89087188988924 2.383293472230434 0.5068797022104263 0 0.4564033523201942 1.696552991867065 4.716232977807522 91.08003856241703 939.3716402575374 5.217171922326088 34.92333316802979 7.946289271116257 15.09283448755741 1.425566613674164 108.0943170115352 3.323397040367126 2.881685592234135 2.471832826733589 9.211075074970722 20.20932486653328 20.1054614558816 7.060060262680054 3.153102979063988 0 355.8911105394363 122.7972904145718 96.31944941729307 28.09810272604227 29.93502070754766 391.5867944955826 2709.999779433012 24.13864278793335 650.867477029562 8.723887674510479 1.304349884390831 0.7689876109361649 1.827392920851707 38.7653412297368 0 0.344293549656868 0.8775494918227196 0.4585057571530342 1.673873007297516 5.525809973478317 1.708130441606045 0.9344532787799835 12.69025033712387 1.72042578458786 0 0.2840382754802704 38.52127939462662 0 1.443182349205017 0.4695837944746017 0.6032142043113708 0.2138633579015732 6.953723028302193 0.3005967140197754 0.9822823703289032 6.133144274353981 5.405367165803909 0 18.39731892943382 12.00706499814987 17.29383755475283 11.8265482634306 0 0 0 0 0 0 0 0 0 0 0 0 0.2701229751110077 0 0 0 0 0 0 0 0 0 0 0 7.215311869978905 0.1438061594963074 4.71730762720108 1.644594669342041 0.2196014747023582 0 0.5097939372062683 0 0 0.2663902044296265 0 0 0 1.229925855994225 0 0 0 0 0.4108273386955261 0 0 0 0 0.2580253481864929 0 0 0 8.610406175255775 0 0 0 0 0 0 0 0 0.4560135900974274 19.01874209195375 0 0 0 0 0.3394168466329575 0 1.092584356665611 1.187165677547455 0 0.192499116063118 0 0 0 0 0 0 0.1589017957448959 0 0 0 10.41685103625059 2.507657676935196 2.168032914400101 171.3077992722392 15.30722234398127 171.4779554158449 28.96614380925894 112.4937306046486 16.69498014450073 2.886511042714119 44.77791079878807 2.496302135288715 0.4248427152633667 0.9866715371608734 0.1519115269184113 1.447910875082016 0 0 0.1893720328807831 2.331218764185905 0.8088774979114532
743.1021623536944 983.2691493779421 8.577637501060963 0 40.87344135344028 306.4180547297001 1984.607902139425 0 118.8345380574465 1399.926375463605 8.98718024790287 19.462656930089 1104.692498475313 315.3212094157934 6.005193337798119 1.011918812990189 0 0 0 0 0 0 0 0 0.4102164283394814 0 0 0 0 0 66.28136867284775 0.4132322818040848 5.470108970999718 0 0 0 1.808400362730026 0.3929391801357269 0 0 0 0 0 0 0 0 38.87324348092079 0.1383621990680695 0 0 0.09440979361534119 0 0 0 0.8056761100888252 3.693180665373802 28.36390013247728 167.5676281526685 3.74369640648365 20.90385216474533 0 0.5435455664992332 0 1.548950135707855 1.725365929305553 0.6694116964936256 0 0 0.1302269846200943 0 2.65387099981308 1.551047056913376 0 113.4251997470856 22.61752685159445 32.82074742764235 3.445367269217968 1.205857522785664 0 1.728499114513397 0.2960830628871918 1.175363674759865 7.725069515407085 0 0.1142478734254837 1.38321353495121 0.305295929312706 0.1066548302769661 0 0.1532271951436996 0 0 0 0 0 107.5249277502298 0.2951492369174957 0 0 198.5794655531645 0 0 0 1.032030582427979 0 2.223618187010288 2.046310558915138 0 50.7371052056551 11.53273722529411 0.4076989740133286 16.80946110934019 7.168894976377487 11.53064552694559 2.541823729872704 0.1422683000564575 0 0 0 0 0 0 0 0 0 0 0 0 0 0 0 0 0 0 0 0 0 0 0 2.348882049322128 0 1.156399771571159 0 0 0 0 0 0 0 0 0 0 0.6248811632394791 0 0 0 0 0 0 0 0 0 0 0.6577911972999573 0 0 1.942259818315506 0 0 0 0 0 0 0 0 0 7.449841111898422 0 0 0 0 1.768098041415215 0 0 0.1716640442609787 0 0.1483194530010223 0 0 0 0 0 0 0 0 0 0 7.155646950006485 0.4666072949767113 0.3100012838840485 91.30411434918642 3.654842011630535 70.60940987616777 8.59636826813221 492.4817051962018 4.74059534072876 1.2931844368577 12.31870514899492 0.1956443190574646 0.5601572617888451 1.06023795902729 0.1955315321683884 7.200442016124725 0 0 0.3430627584457397 0.1881971061229706 0
480.072221852839 5916.53956887871 1848.290532693267 40.87344135344028 0 14.05512203276157 729.1517259478569 154.8021336719394 7973.818920731544 303.920139811933 1810.099896937609 58.88056302070618 699.1620955988765 713.6730321720243 39.45829813182354 6.710451826453209 1.061537854373455 0 0 0 0 0 0.1159371733665466 0 0.9390857368707657 0 0.2676313146948814 0.1499117165803909 0 0 410.0116842836142 12.38991268724203 29.7331870496273 0 0 0.3476695120334625 11.55264905840158 0.5070780664682388 0.2616576254367828 0.3703041821718216 0 0.4017979055643082 0.2381914183497429 0.4136002063751221 0 0 193.7944800183177 0.5616591423749924 0 0.292040079832077 0.3424712792038918 0.3852151930332184 0 0.46155995875597 3.959741599857807 13.92195787280798 52.83028306812048 271.5171669498086 14.44339232891798 81.49070659279823 0.1472558230161667 6.414900153875351 0.2751115262508392 8.133381336927414 6.71673921495676 1.903904162347317 0.4822225049138069 0.6637957543134689 0.3143192231655121 0.1328789293766022 16.17215720564127 3.939573466777802 0 313.2946959733963 83.5207004994154 169.4063683971763 25.90097296237946 8.268933996558189 1.223446011543274 24.76620041579008 1.147324025630951 2.678118504583836 17.34156849980354 1.170478880405426 1.687652535736561 5.398569203913212 1.312507875263691 0.4168622046709061 0.9064762517809868 0.2846439331769943 0 0.142946645617485 0.1752986907958984 0 0.5791316777467728 49.89366206526756 0 0 0 18.7385880947113 0 1.543341010808945 1.479851499199867 1.076899498701096 0.3392381966114044 13.37143164873123 4.438858389854431 2.258405417203903 18.93578858673573 19.23348666727543 0 43.26116281747818 27.67539159953594 40.50812073051929 25.31699220836163 0.5516817718744278 0.1132290735840797 0 0 0 0 0 0 0 0 0 0 0 0 0 0 0 0 0 0.2746481001377106 0 0 0 0 12.66993419826031 0.1325172483921051 13.21601130068302 0.1351892799139023 0 0 0 0 0 0 0 0 0.937654048204422 1.041982710361481 0 0 0 0 0 0 0.4429674744606018 0 0 0 0 0 0 16.24771353602409 0 0 0.2608382403850555 0 0 0 0 0 0 43.40788345783949 0.6980900764465332 0 0 0 2.212047025561333 0 0 2.307636961340904 1.216923236846924 0.6408741325139999 0 0.1364929676055908 0 0 0.2610675096511841 0 0 0 0 0 22.79029700160027 1.023951381444931 4.537217363715172 208.8898644521832 29.90510106831789 235.7512983903289 37.69724640995264 175.6249151974916 32.17654027789831 6.703901186585426 36.79298662394285 4.5473463088274 0.1253728270530701 2.28598028421402 0.2583849728107452 4.883242666721344 0.2410157471895218 0 0.3113782107830048 2.957050532102585 0.626265674829483
332.1545053869486 200.4252905547619 8.14180263876915 306.4180547297001 14.05512203276157 0 181.5991602838039 0.2543013095855713 18.79818288981915 745.105720050633 7.227428525686264 140.66802097857 149.4550527781248 68.33805427700281 0.9745479598641396 1.935699470341206 0 0 0 0 0 0.5486302077770233 0 0 0 0 0 0 0 0 24.1042306125164 0 10.73407866060734 0 0 0 8.390046864748001 0 1.058938384056091 0 0 0 0 0.1273588985204697 0 0 1.2410654053092 0 0 0.1495315730571747 0 14.84238190203905 0.333257332444191 0 0 0.63206447660923 431.8118545860052 101.0372077822685 3.864183351397514 0.9856850355863571 0 1.192243993282318 0 0.1125804632902145 0 0 0 0 0.1405942738056183 0.2303107231855392 60.67858701944351 74.97544394433498 2.208062723278999 11.85149975121021 0.8033480569720268 1.084600120782852 0.3360410928726196 0.2464758083224297 0 8.998183339834213 0.3748269081115723 0.3378493413329124 0 1.160206988453865 0 0 0 2.862516403198242 1.076088860630989 9.172049254179001 0 0.5971702933311462 0 0 0 137.3376350700855 42.45037823915482 11.49637752771378 7.473611608147621 745.2236384600401 0 0.4480209946632385 0.5088485479354858 0.2293558120727539 0 0.2677564918994904 0.7887297421693802 0 4.211137503385544 8.083872810006142 0 7.645843222737312 2.444061830639839 4.138067588210106 2.56041194498539 0 0 0 0 0 0 0 0 0 0 0 0 0 0 0 0 0 0 0 0 0 0 0.1682298630475998 0 0.5813202261924744 0 0.5854595899581909 0.2189099043607712 0.2535549402236938 0 0 0 0 0 0 0 0 0 0 0 0 0.2888251543045044 0 0 0 0 0 0 0 0 0 0 0 0 0 0 0 0 0 0 0 1.17221000790596 0.7488127648830414 0 0 0.1577610373497009 0 0 0 0 0 0.1563345938920975 0 0 0 0 0 0 0 0 0 0 1.659505985677242 0 0.1420531272888184 10.27814412862062 0.2564360722899437 3.156771391630173 0.7067733705043793 638.2651220709085 3.908043183386326 0.5798778980970383 1.909656420350075 0.6612963080406189 0 0 0 5.261611938476562 0 0 0 0 0
1770.47530272603 5266.322435252368 80.13638931512833 1984.607902139425 729.1517259478569 181.5991602838039 0 16.29608291387558 3243.38987249136 1328.70709232986 48.33806937932968 60.93147116154432 5870.926987983286 3070.811891570687 71.55212059617043 9.330915421247482 0.7120931968092918 0.1580973863601685 0 0 0 0 0 0 0.3822516798973083 0.5093856900930405 0 0.5136774331331253 0 0.6307814568281174 404.8495051115751 9.568492583930492 36.02490676194429 0 0 2.205830208957195 15.45985086262226 1.710080772638321 1.064402624964714 0.6510432288050652 0.8099028244614601 0.6444520205259323 0.3627637252211571 0.7156382501125336 0 0 413.8156424313784 4.409841455519199 0.1174684092402458 0.2815549075603485 0 0.3457193151116371 0.2844024002552032 0.69961117208004 13.3534095659852 27.7874369174242 102.7020104750991 486.1032209768891 30.27743173390627 188.9597002714872 0.1669004559516907 12.89608687162399 0 14.18431007862091 14.9486333578825 4.145455375313759 1.625141128897667 1.415231958031654 0 0.2636745125055313 20.41254046559334 2.165180310606956 0 722.6088271141052 167.0342665612698 360.1369090080261 37.76056425273418 6.164939217269421 2.36344638466835 26.31424610316753 0.8687627911567688 4.5406184643507 42.8749388679862 1.950588256120682 3.758975155651569 12.60098277777433 2.304115504026413 0.4365250915288925 1.851247489452362 0.388055831193924 0.1466248333454132 0.5672411173582077 0.1191690266132355 0.3744475543498993 0.5552840754389763 118.3204478770494 0.7636150121688843 0 1.948216289281845 80.81969557702541 0 0.6715640723705292 1.602579951286316 2.115368634462357 0 22.43976489454508 6.938722729682922 1.653166338801384 47.69312939047813 30.37989993393421 0 63.05378489196301 39.93873412907124 59.13342839479446 35.52008228749037 0 0.3672643452882767 0 0 0 0 0 0 0 0 0 0 0 0 0 0 0 0 0 0 0 0 0 0 18.94211483001709 0 13.49643567204475 0.1321122497320175 0.4415020346641541 0 0 0 0 0.1424517184495926 0 0 1.659107550978661 2.573670983314514 0 0 0 0 0 0 0 0 0.5908283591270447 0 0.6396505236625671 0.3014723658561707 0.260194331407547 18.36118361353874 0 0 0 0 0 0 0 0 0 58.70100780576468 0 0 0 0 4.869900867342949 0 0 1.590804532170296 1.496112048625946 2.122231051325798 0.5667815804481506 0 0 0.1252108514308929 0 0 0 0 0 0 36.15203779190779 1.874576210975647 5.314087711274624 522.0426578447223 59.79055223613977 535.8411271348596 73.93024317920208 696.7088633179665 77.31488354504108 12.78923285007477 82.71744471788406 5.494799770414829 0.1206067204475403 2.945374339818954 1.402570143342018 7.92418310046196 0.6537209749221802 0 0 3.968110129237175 1.122516289353371
48.38007967919111 128.6008320450783 3993.821631319821 0 154.8021336719394 0.2543013095855713 16.29608291387558 0 490.3013718426228 1.719904586672783 2684.590600602329 0.3376718461513519 38.55172729492188 160.431197039783 39.41782909631729 48.21555080264807 23.15968228876591 1.18177729845047 0 9.221932709217072 4.028451137244701 0 19.86461243033409 6.953020215034485 0.4571974277496338 0.7506181001663208 0.1797820180654526 0.4956473633646965 0.3040368258953094 0.1127375736832619 1430.774415314198 1041.79063102603 10.57068917155266 22.78613209724426 0.4689420908689499 0.3364029675722122 2.18728569149971 0.6554800271987915 0.3505492061376572 0 3.184477344155312 1.102683573961258 21.33791942149401 10.35201832652092 1.07124151289463 9.007773384451866 87.75811517983675 21.35391715914011 5.853692814707756 46.83228276669979 4.678211316466331 0.1078238487243652 0 0.7252287045121193 1.465481251478195 2.229756437242031 44.12298909574747 431.9047974273562 1.973446048796177 15.97018002718687 79.3109195381403 20.46606908738613 1.659563437104225 386.0890239477158 1.781068615615368 2.278217121958733 3.121411949396133 8.007738910615444 33.17113921791315 14.10047379881144 3.673510737717152 3.298040360212326 0 202.4174445644021 254.0649184286594 85.33775111287832 128.514698818326 107.994623363018 695.0079252719879 2436.207447588444 348.4000932350755 2395.175107054412 4.044520378112793 0.2397598177194595 2.798211723566055 1.144341982901096 99.67975672334433 0 1.065805025398731 1.123266220092773 0.7229912057518959 1.950592242181301 5.42382550984621 1.51536276191473 0.3795102387666702 8.915240317583084 0.668592095375061 0 0 2.451782122254372 0 0 0.8995200544595718 0 0 0.8708580732345581 1.019590869545937 0 1.440972045063972 2.613574504852295 0.3280133008956909 7.85583508014679 3.726739004254341 4.180786654353142 3.545750245451927 0 0 0 0.1045501157641411 0 0 0 0 0 0 0 0 0 0 0 0 0 0 0 0 0 0 0 0 1.413151286542416 0 2.01937709748745 0.7027325630187988 0.476467564702034 0 0.5157450437545776 0 0 0 0 0 0 0.4788856878876686 0 0.1242559850215912 0 0 0.20315782725811 0 0 0 0 0 0 0.4156497567892075 0.4859046190977097 2.917626351118088 0 0 0 0 0 0 0 0 0 6.047517642378807 0.3783042132854462 0 0 0.1476757377386093 0 0 0 0 0 0 0 0 0 0 0 0 0 0.4024907648563385 0 0.1132271587848663 2.092763766646385 0.1447383165359497 0 133.286139883101 7.967794418334961 138.0201007351279 16.56463520228863 33.25017128139734 12.67356126755476 1.366505652666092 39.01174154877663 2.534489750862122 0 1.261012271046638 0 0 0 0 0 0.8430695235729218 0
167.8056578338146 2902.961296111345 747.7603619843721 118.8345380574465 7973.818920731544 18.79818288981915 3243.38987249136 490.3013718426228 0 434.3512025997043 2605.269661799073 99.27057620882988 2317.449545815587 4412.325879588723 87.84946306049824 31.98187313973904 5.586796924471855 0 0 0.4611592888832092 0.4434177577495575 0 2.164167404174805 1.127209156751633 0.4076088666915894 0.1494671553373337 0.2970820665359497 0.206448957324028 0.5813461989164352 0.1287432014942169 319.6431084126234 60.11081252992153 43.04910612851381 0.1980674266815186 0.200269803404808 1.615404173731804 16.56171784549952 1.435169205069542 1.191236972808838 0.3275334537029266 1.496321767568588 0.554600715637207 4.256756722927094 2.458382226526737 0 0.3073834478855133 244.0778076648712 2.012914799153805 0.5048620104789734 4.598792433738708 1.911555856466293 0.3588680773973465 0 0.8504175245761871 3.781670987606049 8.585871666669846 40.61557666957378 199.6796591356397 13.90123867988586 66.17449542880058 1.746723264455795 9.462893083691597 0.2973641753196716 25.58660580962896 4.859667859971523 1.693532362580299 1.971737749874592 3.877247989177704 5.900114208459854 4.563131876289845 50.98195333778858 9.500270329415798 0.1136614605784416 264.610335111618 120.9755791649222 196.2285857647657 63.9819356277585 51.6518374606967 14.93350871652365 215.8786873370409 1.810684129595757 12.32321634888649 12.66727765649557 0.7250214070081711 1.791554920375347 2.764340035617352 10.0927532762289 0 0.5739570558071136 0.390275850892067 0.4058286845684052 0.274686872959137 2.962965913116932 0.5671385899186134 1.095420442521572 188.7791268974543 4.180116534233093 0 2.291248008608818 15.99086312949657 1.798187628388405 5.6438048183918 5.585907146334648 6.020534873008728 0 56.02880884706974 11.79272265732288 10.25339803099632 63.28037895262241 63.70924542844296 0 157.9242831245065 107.4343378543854 155.7174314185977 64.10697217285633 0.92668317258358 0.4663534313440323 0 0 0 0 0 0 0 0 0 0 0 0 0 0 0 0 0 0.3257178366184235 0.4261935651302338 0 0 0 49.96113321185112 0.1326867938041687 21.80586101859808 1.055083267390728 0.141868457198143 0.3715438544750214 0 0 0 0.2400505021214485 0.4139685034751892 0 2.349770799279213 5.207104027271271 0 0 0 0.1616138219833374 0 0 0.3998271524906158 0 0.2417251765727997 1.479403138160706 0 0 0.1723431795835495 41.32563538849354 0.1515394151210785 0.3015131056308746 0 0 0 0 0 0 0.3501874208450317 131.1827494800091 0 0 0.2317396402359009 0.3821455836296082 7.343778476119041 0 1.255061119794846 5.355788022279739 1.009538203477859 1.33338438719511 0.3751754313707352 1.126569449901581 0 0 0 0 0 0 0 0 91.22832278907299 8.0195542126894 6.537010014057159 482.9476371705532 34.23845151811838 417.6526924818754 65.19473800063133 175.0427190586925 70.03298520296812 3.165125630795956 115.4413917511702 9.968762964010239 1.659939013421535 7.412510015070438 0.6988605409860611 27.44799408316612 0.3576726913452148 0 1.05222262442112 4.865470975637436 0.2258160561323166
820.3788428455591 916.8169258758426 8.228985458612442 1399.926375463605 303.920139811933 745.105720050633 1328.70709232986 1.719904586672783 434.3512025997043 0 11.15030434727669 1825.928486987948 7164.452185712755 1218.876972354949 10.97528058290482 2.327787958085537 0.3291783183813095 0 0 0 0.1410676538944244 0 0 0 0.5440447330474854 0 0 0 0 0 20.89318520575762 1.658961802721024 111.666048169136 0.2357375025749207 0 2.575652956962585 35.81704050302505 0 3.173882961273193 1.153201788663864 0 0.3111502826213837 0 0 0 0.2430078834295273 50.9485801756382 0.2218296006321907 0 0.8489937335252762 0 0 0 0 2.420619778335094 3.456992007791996 45.42661955952644 86.63230119645596 6.183307237923145 17.96879611909389 0 26.52748969197273 0 0.8144087493419647 1.716557428240776 0.5322951152920723 0 0 0.27948859333992 0 92.77345676720142 5.405974596738815 0 129.6754633560777 26.78369846940041 39.00298041850328 3.649898663163185 4.102484412491322 0.1566314697265625 41.79314491152763 0 3.963455379009247 7.555417455732822 0.2560971230268478 0.1478258073329926 0.8464398831129074 1.047949358820915 0 0 0 0 0 0 0 0 1175.355289831758 6.500236541032791 0 2.12170872092247 214.3534757643938 2.031079664826393 12.62679862976074 30.00610101222992 38.10643272101879 0 64.37429289519787 41.05773669481277 8.434651628136635 84.18992152810097 118.6655830591917 1.823821768164635 200.3779921084642 165.0060104802251 188.7678574472666 61.60173417627811 0.3050947487354279 0.2129256725311279 0 0 0 0 0 0 0 0 0 0 0 0 0 0 0 0 0 0.2428394556045532 0.1751077473163605 0 0 0 47.66891549527645 0 25.65207615494728 1.687502071261406 0 0 0 0 0 0 0 0 1.449403390288353 4.634844526648521 0 0 0 0 0 0.1848865151405334 0.4201700687408447 0 0 0.380609467625618 1.063524395227432 0 0 48.09665469825268 0 0.3012489676475525 0.5123931169509888 0 0 0 0 0 0 100.9666019678116 1.697147369384766 0 0 0 10.5106183886528 0 0.1659208536148071 6.008433297276497 1.356775090098381 1.85389056801796 0 0.4017799496650696 0.1522333025932312 0 0 0 0 0 0 0 97.22515635937452 2.952835813164711 10.05180282890797 182.3626454100013 8.068465478718281 93.42502766102552 10.89487942308187 816.9195356145501 10.15520954877138 1.37472952902317 24.2608902528882 6.749223917722702 0.4599265456199646 11.09137222915888 1.923823863267899 48.29393994808197 0 0 3.801004126667976 0.7080160975456238 0
471.0743771418929 1295.817064642906 5712.822966374457 8.98718024790287 1810.099896937609 7.227428525686264 48.33806937932968 2684.590600602329 2605.269661799073 11.15030434727669 0 17.68712563067675 494.5038749501109 1995.230856329203 96.80101070553064 79.15257818251848 30.77533957362175 0.4690971076488495 0 3.924032136797905 6.090845808386803 0.157669797539711 7.86952967196703 6.719915986061096 4.502404078841209 2.396738961338997 1.594143122434616 0.5506896302103996 0 0 1297.839978955686 213.8137949556112 224.9535766094923 6.967915967106819 1.072593286633492 4.734092533588409 31.3749121427536 7.067711845040321 0.9150924682617188 2.708228670060635 5.24486068636179 1.856813214719296 15.42063739150763 9.375920735299587 0.7096140831708908 2.920727297663689 216.3798866868019 5.132857643067837 1.191892042756081 14.4847102612257 8.498351566493511 0.6770734041929245 0.1262080073356628 0.9722129553556442 4.306825935840607 9.124776810407639 71.05268889665604 396.8353145420551 10.37845200300217 59.4474541246891 4.829664647579193 38.40934713929892 0.5602841079235077 31.29152586311102 6.148014783859253 2.153444238007069 4.095896646380424 12.55322404205799 30.18884820491076 24.62205281108618 34.27234353125095 27.86519794166088 0 366.9440080672503 125.5060582011938 184.8273774459958 63.39890225976706 74.1001710742712 158.9291893914342 853.9385898560286 9.809827879071236 82.66391780227423 13.88717442005873 0.6473390087485313 1.928426817059517 6.026133015751839 35.51060806959867 0.4428562968969345 0.5172078832983971 0.5824853479862213 0.590053603053093 1.006435841321945 9.781454615294933 2.842791579663754 1.632457062602043 119.2494829744101 4.558726817369461 0 1.063799142837524 20.56253691762686 0.3109272122383118 0.3751638829708099 0.3267114460468292 1.257609635591507 0 22.65815152227879 3.265718296170235 4.315643399953842 18.21032604575157 17.57866204530001 0 58.13332073390484 37.41427720338106 60.00672812759876 36.28570561856031 0.152388259768486 0.391009047627449 0.1676400154829025 0 0 0 0 0 0 0 0 0 0.3294331952929497 0 0.1448522508144379 0 0.4147353768348694 0 0 0.1991849392652512 0.338472805917263 0 0 0 25.54373994469643 0.4412115588784218 16.75263243168592 1.78161646425724 1.288767144083977 0 0.3808137625455856 0 0.1253479272127151 0.1286875009536743 0.2457939088344574 0 0.1079117730259895 3.776057831943035 0 0 0 0.4151652902364731 0 0.24892458319664 0 0 0 0 0 0.7857630401849747 0.1306260675191879 21.84358385205269 0 0 0 0 0.1531660407781601 0.1774026155471802 0 0 0.214093416929245 74.80355153977871 0.7843379527330399 0 0 0.4286760091781616 1.612306907773018 0.1665270626544952 0.3547876924276352 1.494610756635666 0.5695433765649796 0.7511807903647423 0.4690711498260498 1.545756049454212 0 0 0.3401138186454773 0 0.2388120293617249 0 0 0 39.67732540518045 7.894315242767334 8.304604083299637 483.3769712001085 41.41822174936533 402.2338678464293 64.22342685610056 169.6124456897378 54.3604596927762 5.945289045572281 122.691791549325 6.791935779154301 0.4512716382741928 4.196013405919075 0.7782704085111618 5.117190450429916 0 0.4100360572338104 1.737941056489944 9.167733445763588 1.178004115819931
21.04034075886011 45.35593841224909 2.864004664123058 19.462656930089 58.88056302070618 140.66802097857 60.93147116154432 0.3376718461513519 99.27057620882988 1825.928486987948 17.68712563067675 0 1254.654118150473 300.3488501608372 22.38135121017694 25.86207512766123 2.043079398572445 0 0 0 0.8944823294878006 0.1220856159925461 0.8444613218307495 0.6942885220050812 0.3035895228385925 0.2332786023616791 0 0.1272987723350525 0.2050633728504181 0 3.123281180858612 5.708477973937988 75.32421772181988 0.4219806790351868 0 1.266856640577316 71.50756527483463 3.072442471981049 11.65395690500736 2.524486929178238 0.3897244185209274 0.6228287816047668 1.451232716441154 3.561861269176006 0 1.546437203884125 46.48940961807966 0.757792055606842 0 1.942436471581459 2.213312342762947 0.1289701014757156 0 0.1862521469593048 0.7203555032610893 0.8825281858444214 12.61722423136234 6.517327778041363 1.245536997914314 7.027634277939796 0.7785052061080933 7.612560838460922 0 3.434664100408554 0.7897419184446335 0.5450791865587234 0.797896683216095 1.075668662786484 2.631024487316608 2.853411145508289 82.74459944665432 47.44081869721413 0 33.67966478317976 14.07876624912024 27.8246002420783 13.17110752314329 17.04480174183846 2.258614644408226 73.46697247028351 2.178417816758156 5.469423487782478 1.076524890959263 0 0.1539729833602905 0.5153546556830406 4.696007020771503 0 0.1388888955116272 0.2497139275074005 0.4660218358039856 0.623209536075592 2.648085400462151 1.514364138245583 0.2900607660412788 2588.408177182078 14.11285056173801 0 6.772167593240738 64.80045080184937 0.2871408760547638 9.461875885725021 7.450196608901024 8.42564757168293 0 102.1853891089559 41.89888425171375 10.27630996704102 77.07785369455814 138.3828229010105 0.8470550179481506 278.1515081822872 180.0594355016947 261.340794570744 87.42173008620739 0.5075035095214844 0.3406756222248077 0 0.3081892132759094 0 0 0 0 0 0 0 0 0 0 0 0 0 0.408904492855072 0 0.4958988726139069 0.2520950436592102 0 0 0 70.8097714856267 0 17.15771757811308 2.545637860894203 1.386264994740486 0 0 0 0 0.3126670718193054 0 0 1.89499132335186 3.966438986361027 0 0 0 0.1818119585514069 0 0.5870449393987656 0 0 0 0.3787449896335602 1.910896837711334 0.3689992129802704 0.4136907458305359 33.02071393281221 0 0.9560522437095642 0.62214495241642 0 0 0 0 0 0 206.7716774567962 1.283000439405441 0 0.6301208436489105 0.2099449336528778 8.443980425596237 0 2.113438919186592 5.156155779957771 1.363342434167862 4.277660489082336 1.090045228600502 0.3540968522429466 0.2454454302787781 0 0 0.1432735770940781 0.2753807902336121 0 0 0 223.085932739079 8.79146733880043 7.841079086065292 164.9284665957093 6.694931782782078 91.42385590821505 18.20085293799639 371.0759121328592 9.967092432081699 0 59.72940294444561 8.865531913936138 0.2881450951099396 11.57321801036596 1.102517679333687 29.84345199167728 0 0.3105806931853294 1.365668043494225 1.735038504004478 0
401.0765528604388 613.5250922292471 35.84741447120905 1104.692498475313 699.1620955988765 149.4550527781248 5870.926987983286 38.55172729492188 2317.449545815587 7164.452185712755 494.5038749501109 1254.654118150473 0 2644.600910715759 90.20663901418447 85.16307555884123 21.87238782644272 0 0 0.7765461355447769 0.983368456363678 0.7222685217857361 1.84690397977829 1.556053474545479 5.715894803404808 0.7020489349961281 3.376942366361618 0.3757392466068268 0.2571473121643066 0.1582749783992767 58.162722684443 30.35185735672712 930.834638863802 1.601743146777153 0 15.32748605310917 354.29471758008 13.72809456288815 101.4326279982924 18.50078697502613 2.98825316131115 5.768331751227379 3.941454149782658 16.76491170376539 0.6747435033321381 7.683596953749657 175.099355392158 1.273097284138203 0.9161703884601593 7.990226268768311 3.902610920369625 4.839040599763393 10.22834740579128 0.601296529173851 2.57892894744873 5.758581899106503 21.53937396407127 79.2129290252924 8.259899877011776 33.55746374279261 6.989321306347847 211.0387218222022 0.1697073578834534 14.67461114376783 1.769682601094246 1.626720890402794 1.877538576722145 1.878604367375374 9.016351759433746 8.113613203167915 248.5315127670765 241.0188775062561 0.5610993653535843 145.3254131302238 56.9175960496068 118.7233440577984 39.93360807001591 63.08339936286211 5.884776093065739 196.7173423841596 14.33920240402222 30.50956451892853 9.797291398048401 0.2787926718592644 1.056601285934448 1.945397615432739 11.13708257675171 0.4286772832274437 0.7506094127893448 1.657355070114136 0.2321955785155296 0.2674397677183151 5.299848474562168 16.46572078764439 4.195487059652805 2515.447575062513 196.6714420467615 15.62301187217236 163.3232284113765 55.11638598144054 2.26328818500042 9.576773077249527 8.322862721979618 14.57461567223072 0.4977386742830276 146.1316562369466 56.21751645207405 21.31303820014 156.2290167510509 199.845615118742 3.636710703372955 409.0950791314244 295.7647401541471 397.2501517906785 218.9383222311735 3.624758653342724 4.64260558784008 0.1658462435007095 1.509036481380463 0 0 0.5724925994873047 0 0 0 0 0 0.9287900775671005 0.5371434092521667 1.406845673918724 0.3764180094003677 0.42429418861866 0.3442335873842239 0.1701200753450394 0.7441933155059814 3.582461193203926 0 0.3489136248826981 0 213.6141440719366 3.080609023571014 177.7247641757131 26.19560760259628 8.737758681178093 0 0.1310278326272964 0 1.374240130186081 2.001748144626617 1.023111157119274 0 6.428310111165047 15.61020316928625 0.16311876475811 0 0.5379596799612045 2.925199531018734 0.3060603737831116 1.052984103560448 0.7227685004472733 0.1099155768752098 1.98980687558651 2.232403799891472 3.466361120343208 3.142676204442978 2.450132571160793 171.1469105631113 0.9609725475311279 0.1894931495189667 0.8509818390011787 0 0 0 0 0 0 528.9162016361952 24.74659204483032 0 0 0.5600678026676178 19.74874906241894 2.057994522154331 8.691226631402969 15.82083644717932 6.278310306370258 13.82228628546 2.535828657448292 5.361273653805256 0.4977246820926666 0.1602101176977158 0.1321814805269241 0 0 0.2693367898464203 0.3982336521148682 0 324.0263824686408 67.12347646802664 120.334617651999 492.9991176649928 47.90555179864168 336.0872223824263 63.51911947876215 419.8100391700864 49.24407912045717 2.101599037647247 115.4435536712408 38.4100002348423 2.327476598322392 39.23485756665468 6.245668046176434 51.93859107792377 4.376756459474564 1.948995836079121 10.8189197704196 12.76292687654495 2.448888823390007
165.222490042448 410.0342312157154 175.0972207188606 315.3212094157934 713.6730321720243 68.33805427700281 3070.811891570687 160.431197039783 4412.325879588723 1218.876972354949 1995.230856329203 300.3488501608372 2644.600910715759 0 164.1358283758163 156.3678640201688 66.17759015411139 0.9936648011207581 0 5.702262073755264 13.72930146753788 0 11.51802328228951 8.029082648456097 24.55798873305321 4.612942591309547 11.05894286930561 2.722158499062061 0.8550346195697784 0 139.7620861828327 61.57086654007435 1582.684901066124 3.950980558991432 1.376541435718536 45.05015815794468 370.0604628100991 63.8195928633213 40.35567788034678 22.86321551352739 15.53815653920174 10.1583499610424 29.7960020005703 20.04560021311045 1.982182711362839 7.472012937068939 351.2558714449406 4.279445543885231 1.294600650668144 29.63360795378685 18.80700638890266 1.072569340467453 0.3540631681680679 1.389538317918777 3.123803801834583 9.011574827134609 28.33657495677471 119.5721398890018 14.18300606310368 50.08475708961487 9.43618531525135 311.2632546946406 1.713694363832474 27.85772747546434 5.578268423676491 3.54794830083847 10.76293943077326 21.71993117034435 51.15999485552311 51.09932954609394 143.2567796260118 145.5678934007883 0.1805249601602554 225.2553750649095 114.3615771830082 223.1146879866719 88.87712827324867 127.5563807860017 28.02861589193344 1082.896029092371 24.58217733353376 172.4665979370475 14.42557598650455 0.550625778734684 2.313955411314964 3.604524217545986 50.46664924174547 0.2161544859409332 2.384778715670109 1.113333404064178 0.9162684231996536 3.745726838707924 38.00084961205721 28.82072565704584 4.672965116798878 1269.353489860892 16.12442816793919 0 6.354009628295898 37.32658558338881 0.3101235330104828 3.066416159272194 5.363256707787514 9.246012195944786 0.311922624707222 99.43744932115078 26.6030478477478 13.94423209130764 85.01732352375984 108.0091626867652 1.18758524954319 248.5323022529483 193.8601480573416 275.4379129335284 145.0413713157177 1.420023560523987 1.481906622648239 0 0.6405371427536011 0 0 0.3616880476474762 0 0 0.4699927568435669 0 0.1268150806427002 0.7333180531859398 0 1.161814168095589 0 0.4032522141933441 0 0 0.4144121259450912 2.266172483563423 0.2905369400978088 0.2319575697183609 0 110.8900446891785 2.319968238472939 56.66313458234072 12.99651429802179 6.156248152256012 0 0.1451335996389389 0.2137776464223862 0.7833871245384216 0.3055417686700821 1.13705575466156 0 2.994590118527412 8.58445467799902 0.1369955986738205 0 0.4078342467546463 2.105893641710281 1.983074694871902 0.2898654043674469 0.6019643321633339 0 0.1796781569719315 0.7233139276504517 0.654936671257019 2.086563140153885 2.507935717701912 92.04721111804247 0.7353750318288803 0 0.2411665469408035 0.19830422103405 0 0 0 0 0 376.4088565930724 5.073964670300484 0 0 1.113566055893898 14.01398836821318 0.7634343504905701 1.647244095802307 7.881151355803013 5.629271648824215 5.016767010092735 0.685861624777317 2.835196800529957 0.2807301878929138 0 0.249595507979393 0 0 0.112595334649086 0 0 235.8110922798514 36.16462035477161 35.62617202103138 1130.933859147131 76.91621484607458 730.2317968159914 131.4395761042833 354.5762939378619 88.55393522977829 2.824436604976654 274.6987180933356 25.84977126866579 2.288624197244644 20.72061097621918 1.939925506711006 26.10575947165489 0.8620328903198242 1.282703198492527 4.275655597448349 19.02649322897196 1.038693405687809
