0 4737.738506726921 588.2479191422462 1911.277479372919 764.3823570460081 490.4099884256721 2287.879043363035 63.05613707751036 574.8828668966889 1209.759194485843 504.6282266229391 702.1006136015058 1072.709309965372 249.4370509460568 1.139252029359341 0.7203528508543968 0.6529349684715271 0.1510965526103973 0.1024606078863144 0 0.1618684381246567 0 0.0966121032834053 0 0.111445777118206 0.1868511065840721 0.3155279159545898 0.1643846035003662 0.2435833513736725 0 428.5714570954442 1.965165331959724 1.85910253226757 0.08579783141613007 0.1872423812747002 0.2367149442434311 0.3887132033705711 0.2035562098026276 0.5858080685138702 1.387769341468811 0 0 0 0.2210619226098061 0.106169193983078 0.421278327703476 30.99838060885668 6.036114998161793 0.1063570827245712 0 1.206120409071445 0.4525835514068604 0 0.3479621708393097 6.433472037315369 6.168247908353806 296.8832129314542 1062.364360779524 13.49808263033628 8.111451916396618 0.7919966652989388 0.9495137557387352 0.5916528180241585 19.39406706392765 9.0385567471385 6.976434975862503 3.461468517780304 3.551955386996269 0.3628633394837379 0 2.096820525825024 8.215190142393112 0 183.1466517969966 40.41527768969536 17.20873834192753 6.287753030657768 2.746995367109776 0.7460131645202637 14.46876152604818 0.1914763897657394 1.34872180968523 22.60353859513998 0.2076573520898819 2.710390411317348 7.560359001159668 2.395840734243393 0.9246115982532501 1.748588256537914 1.236486986279488 0.3438853621482849 0.9306254535913467 0.3284076303243637 0.3664155825972557 0 227.8184178173542 9.894092157483101 3.770911514759064 1.172556847333908 1137.796341665089 2.152062460780144 0.1320936232805252 2.041754499077797 0.5088309347629547 1.476795017719269 15.64395858347416 0.5128950476646423 7.639525130391121 4.043797925114632 20.11768168956041 0.3053150624036789 20.01430274546146 18.45307299494743 14.23038505017757 4.821264147758484 0 0 0 0 0 0 0 0 0 0.1832050234079361 0 0 0.3583363592624664 0 0 0 0 0 0 1.277036190032959 0.6715289354324341 0 0.1236176788806915 0 0.6471094042062759 1.020118728280067 1.972951099276543 0 0.7142398357391357 0 0 0 0 0 0 0 0.119878962635994 0.392997533082962 0 0 0 0.1076344400644302 0 0 0 0.1049526706337929 0.3816443830728531 0.5826386585831642 0 0 0.1717383116483688 15.17999196052551 0.8341745883226395 0 0 0 0.2704476937651634 0 0.08986955136060715 0 0 7.768863447010517 0.7250283509492874 0 0 0 1.805102951824665 0.1425207257270813 0.3834596872329712 0.1724966317415237 0.8849002420902252 0.9679282307624817 0.3015289306640625 0.1444867551326752 0.1142147406935692 0.1002001240849495 0 0 0.2803308740258217 0 0 0 4.727416396141052 1.028605848550797 0.4793742895126343 123.5337719619274 23.92863168567419 184.6322641447186 19.46518247574568 653.5681765601039 90.68566082417965 4.905663050711155 32.32021825015545 1.116137027740479 0 1.263376243412495 0.2920892089605331 4.387337118387222 0 0 0.7364865839481354 15.06745541095734 0
4737.738506726921 0 1688.805870078504 568.7852645590901 3397.108462929726 764.0922567099333 3540.617455482483 121.4980460554361 1679.62492339313 500.0462224557996 797.2971490100026 36.50717244297266 346.5803508982062 304.6214102432132 4.83667117357254 1.424188241362572 0.8630104213953018 0.1764788031578064 0.2772308364510536 0.2202800586819649 0.6127867102622986 0 0.09405050426721573 0.0908321738243103 0.9425024837255478 0.6934922561049461 0.4164626225829124 0.4241345301270485 0.5167595893144608 0.601805217564106 3315.14524628967 11.52907833456993 3.570272237062454 0.09676229208707809 0.2327125370502472 1.358688361942768 1.340788677334785 0.5598483830690384 1.639112398028374 0.3616340085864067 0.1882931515574455 0.5906478613615036 0 1.026587851345539 0.3992429152131081 1.237943403422832 88.29599672555923 11.51941921561956 0.457389734685421 1.114444628357887 2.904478155076504 0.4673317074775696 1.283099353313446 0.1487321257591248 8.559125937521458 10.01622822880745 106.9139621555805 807.9812371954322 8.019111610949039 18.49685912579298 2.472293063998222 2.321046784520149 1.094334103167057 72.4057392552495 11.34904664754868 13.32994538545609 4.735923357307911 7.51977277547121 0.7706761360168457 0.5887098535895348 3.937488883733749 7.271120056509972 0.1993781328201294 205.9529255032539 141.7520966902375 62.24232045561075 29.57080840319395 5.094072952866554 3.616644598543644 28.05627819150686 0.3517030104994774 2.673063345253468 31.16171459853649 0.4057960286736488 5.011512689292431 13.55373361706734 4.840732343494892 0.81855808198452 2.798957578837872 0.1894538253545761 0.9176580309867859 0.4047960191965103 1.878375843167305 0.6600329652428627 0 340.8959251493216 2.529368914663792 1.002209156751633 0.2164510264992714 1979.297560334206 0.2283988296985626 3.343072950839996 5.660097204148769 1.305287584662437 3.041982993483543 24.64920374751091 1.589523002505302 17.81471835821867 4.864507213234901 24.79424277693033 1.100336790084839 40.64015926420689 28.09377546608448 16.55427321791649 13.15375682711601 0 0 0 0 0 0 0 0 0.1439606100320816 0 0 0 0 0 0 0 0.243636354804039 0 0 1.029218584299088 0.721588134765625 0 0.1156647503376007 0 3.189985379576683 4.629733435809612 5.231065146625042 1.101248234510422 1.577067486941814 0 0 0 0 0 0.332574874162674 0 1.34229052066803 0 0 0.1104288846254349 0.09680257737636566 0.3032102882862091 0 0.1102242916822433 0 0.09157362580299377 0 0.7947898656129837 0 0.379809558391571 0.1943403333425522 21.09078766405582 0.2861303985118866 0 0.08950354903936386 0.1167922392487526 0 0 0 0 0.09577645361423492 16.62156349420547 2.460472226142883 0 0 0.2693452760577202 2.993389308452606 3.190239772200584 3.817296206951141 2.548974722623825 1.947202742099762 0.1352425217628479 0 0 0.1191001087427139 0 0 0 0.07986345887184143 0.2606474235653877 0 0 8.184055276215076 3.33285266906023 2.386734217405319 273.9594845473766 37.72323445230722 381.4806769415736 40.9298934713006 448.0405033677816 91.66756275296211 5.362415745854378 92.77726604044437 2.828277587890625 0.2381985187530518 3.031372331082821 0.506905734539032 3.122002065181732 1.36690479516983 0.2020459324121475 0.6647003889083862 11.03116771578789 0.2605411410331726
588.2479191422462 1688.805870078504 0 24.47814194858074 1374.727296240628 102.7618088647723 143.356822617352 1457.279381260276 1299.133232809603 32.6101283878088 3374.850310787559 33.56933414191008 289.5718225464225 886.180602632463 2.991872981190681 2.529608324170113 4.768884621560574 0.7809039503335953 0.3757311850786209 3.58088918030262 18.20698554068804 0.1182373389601707 5.689437463879585 3.100845448672771 84.11049193888903 5.275424987077713 5.816091179847717 4.561752080917358 2.098230518400669 1.217582821846008 4439.147659927607 639.1837950721383 89.87885653972626 17.52293050289154 27.35021745413542 91.82145595550537 27.9062492325902 34.29805631935596 17.72873292118311 17.34645191580057 2.577684424817562 2.43252694606781 2.221779175102711 3.713465884327888 2.704021297395229 24.70820927619934 45.67347581684589 8.575851641595364 1.283799059689045 3.06076355278492 2.871321968734264 0.2305133566260338 1.26559717208147 2.825457282364368 5.364912316203117 4.816232442855835 86.69000535458326 1213.770728670061 6.046444416046143 11.16798275709152 185.500373378396 135.2207941934466 127.3129677176476 222.0164951831102 8.479283787310123 10.30956044793129 2.980712458491325 15.39583273231983 9.743442252278328 11.98870129883289 37.57443298399448 51.55311600118876 0.118007704615593 136.6989343240857 127.9330537468195 33.00343804806471 21.36290684342384 6.231014184653759 742.4273496046662 962.1356840133667 18.39273682236671 736.5275704041123 16.42142865806818 0.1004692539572716 3.188468858599663 7.822461895644665 10.6280170455575 0 2.2644312530756 0.2992422878742218 1.339538551867008 0.4674439579248428 6.170163914561272 0.6351414918899536 0.4125972390174866 205.5542155131698 46.4645037278533 0 10.39278542250395 786.6796238124371 2.723959222435951 2.675655797123909 6.422275513410568 1.967111095786095 5.776283532381058 27.64071317017078 3.21652352809906 14.85775949060917 8.380907610058784 26.53867527842522 4.916513308882713 56.74380447715521 64.14475227892399 40.98153920471668 35.89813860505819 0 0.1115589588880539 0 0.2909100949764252 0 0 0 0 0.4373703375458717 0.4763219058513641 0.8021643683314323 0 0.2438208907842636 0.1302337944507599 0.09396740794181824 0 0.313220776617527 0.3739293366670609 0.1260013729333878 4.037141561508179 5.122690886259079 0.218652606010437 3.51635155081749 0 18.2372955083847 19.34132664650679 20.99445582181215 6.101079076528549 6.042497597634792 0 0 0.5318731814622879 0.3631271719932556 0.2520720735192299 1.142090365290642 0 4.045026116073132 1.259094223380089 0 0.4104191958904266 0.09009752422571182 2.126546174287796 0.3048124462366104 0.1429613828659058 0 0.149026557803154 1.360386602580547 4.067860960960388 0 0.6004920676350594 2.712382107973099 169.3192642405629 4.307230487465858 0.4768116474151611 0 0.2183713763952255 0.2530680224299431 0.133142352104187 0.3777308166027069 0 0.1473362892866135 80.25503788888454 29.86815905570984 0 0.1234351843595505 0.1163364499807358 22.7836544290185 10.26781080663204 16.65507958829403 1.753302529454231 5.460550665855408 1.622200816869736 2.545779645442963 0.9193624258041382 0 0.2059111595153809 0 0 0.08422032743692398 0 0 0.1639774143695831 10.91949079930782 32.52763114869595 26.76728520542383 112.7011647298932 34.73530054837465 214.0066631808877 31.20590229332447 124.0417201444507 51.34891805797815 4.36580753326416 37.54037928581238 8.804259240627289 2.554623000323772 9.631795465946198 0.7602803483605385 7.068191662430763 3.332691438496113 0.2431360706686974 4.634309068322182 0.7741685062646866 1.154775001108646
1911.277479372919 568.7852645590901 24.47814194858074 0 343.4924142956734 344.4628221541643 2473.174604617059 1.674373850226402 604.7050601094961 2280.36276692152 11.24821498990059 1187.402759045362 2566.446665279567 47.42205390334129 2.243499390780926 0.3310109972953796 0.4057082012295723 0 0 0 0 0 0.1037599295377731 0.1052056029438972 0.100831039249897 0.08771651983261108 0 0 0.1100637689232826 0 31.70580054074526 1.953729309141636 0.4292099624872208 0 0 0 0.4498525857925415 0 0 0 0 0.07827744632959366 0 0 0.08805811405181885 0.08645686507225037 19.02074057608843 1.12845104932785 0 0 0.5239635482430458 0.1193928867578506 0 0 1.176810063421726 1.377654507756233 20.08283550292253 77.25255212932825 1.918444916605949 2.752723939716816 0.2154116109013557 0.1105727106332779 0 7.506694369018078 2.168055810034275 1.563627436757088 0.7080677449703217 1.52440382540226 0 0 0 0.235516220331192 0.3366931080818176 34.35518100857735 16.85747261345387 11.14434967935085 8.089042253792286 1.572507359087467 0.2480794414877892 1.785071112215519 0.2440402582287788 0.816034771502018 6.184039570391178 0 1.109289966523647 1.539459034800529 1.304716221988201 0.1775836795568466 0.4094219580292702 0 0.1096470281481743 0 0.2623700052499771 0 0.139914870262146 136.7518476843834 0.8564702421426773 0.506299614906311 0 62.58625752478838 0.58367520570755 0 1.31365767121315 0.6549793481826782 1.762687116861343 9.38501688092947 0.2373483777046204 4.21408973634243 1.358796074986458 7.938454374670982 0.5975607931613922 12.28152813017368 10.01665230095387 5.938597939908504 2.310181215405464 0 0 0 0 0 0 0 0 0 0 0 0 0 0 0 0 0 0 0 1.019034922122955 0.165498360991478 0 0 0 0.8902593106031418 0.6534677892923355 0.4966423809528351 0.1182185485959053 0 0 0 0 0 0 0 0 0.2001207619905472 0.3451237678527832 0 0 0 0 0 0 0 0.2066732794046402 0 0 0 0 0 4.472146958112717 0 0 0 0 0 0 0 0 0 4.508479535579681 0.2232261002063751 0 0 0 0.3084663599729538 0 0 0.4380120933055878 0.5949333906173706 0 0 0 0.09559190273284912 0 0 0 0.3274036049842834 0 0 0 3.145509853959084 0.2805014103651047 0.175360769033432 75.08330657333136 5.325592741370201 70.78510649502277 10.68030934035778 74.16951548308134 22.23611838370562 1.084576889872551 24.14791319519281 1.137497261166573 0.09776995331048965 1.817951768636703 0 0.8492111563682556 1.767076373100281 0 0.09918495267629623 31.16020376980305 0
764.3823570460081 3397.108462929726 1374.727296240628 343.4924142956734 0 93.72290617227554 2713.071875117719 57.63740419596434 3433.785158790648 432.3617765456438 500.9223515242338 4.878220669925213 104.4130142629147 134.6669752821326 9.343234896659851 2.779357448220253 0.883363276720047 0.2559826299548149 0 0.2416107207536697 0.2501272186636925 0.1387606263160706 0.1105196177959442 0 0.4697883650660515 0.3543015792965889 0.2466785609722137 0.09289404004812241 0.6579563394188881 0.5963331088423729 212.7328384444118 11.72838941961527 1.867908000946045 0 0 0.4937917664647102 0.6654194891452789 0.112845242023468 0.8404882103204727 0.8043282181024551 0.359932653605938 0.09713353216648102 0.09206073731184006 0.3454771041870117 0.1088843494653702 0.4416475147008896 74.08475478738546 8.276779621839523 0.2459591031074524 0.1626968681812286 2.103028848767281 0 0.3665722757577896 0.366490863263607 4.48246393352747 4.971835076808929 38.19066932797432 175.8162015080452 7.092886567115784 14.84258703142405 1.116564586758614 1.195881932973862 0.9847003147006035 51.6614755615592 5.776102021336555 8.307663664221764 4.341592885553837 5.778481043875217 0.2095106691122055 0 0.1131095588207245 1.132754862308502 0 115.7849967032671 89.76593793183565 66.26811747997999 40.02355369180441 5.010370552539825 1.279969096183777 7.042456403374672 0 0.8175759464502335 14.6429259032011 0.9623944759368896 2.880546942353249 7.168177731335163 3.860216215252876 0.1010192111134529 2.861289590597153 0.2933520376682281 0.4963373765349388 0.2063008770346642 1.373091444373131 0.559323862195015 0.3265268579125404 88.00118277966976 0.7360654547810555 0 0.4332460016012192 109.0728645026684 1.73546701669693 1.133340746164322 1.919117331504822 1.052967503666878 1.397827133536339 8.321299403905869 0.2602812647819519 7.391360774636269 1.039719104766846 9.634002029895782 0.7788355052471161 16.4646335542202 10.09439951181412 6.003642141819 3.535050109028816 0 0.2960608303546906 0 0 0 0 0 0 0 0 0 0 0 0 0 0 0 0 0.1145000532269478 0 0 0 0.6323573589324951 0 1.774155586957932 1.266026571393013 1.920147702097893 0.7695149928331375 0.2568512111902237 0 0 0.1169020980596542 0 0.3009372055530548 0.29210564494133 0 0 0.7868658900260925 0 0 0 0 0 0 0.208624467253685 0 0 0.184605598449707 0 0 0.7240247130393982 17.83706722408533 0.5035938024520874 0.2067678868770599 0 0 0.1095278859138489 0 0.1399780660867691 0.09688283503055573 0 5.286778718233109 0.5550383031368256 0.1369333118200302 0 0 4.061220914125443 0.7066895514726639 1.645470470190048 0.6600018441677094 1.389634877443314 0.3074612319469452 0 0.2103758156299591 0.08006121218204498 0 0 0 0.5524216517806053 0 0 0 2.449050739407539 1.841331884264946 0.9334249049425125 245.5062264055014 34.94438998401165 296.3178139105439 50.33013579249382 172.2349763140082 62.84295693039894 5.76588387042284 90.32051642984152 4.135293319821358 0.8131861686706543 3.146272346377373 0.1724007129669189 0.1403326243162155 0.1864330768585205 0 0.1227275282144547 3.401705205440521 0.6739404499530792
490.4099884256721 764.0922567099333 102.7618088647723 344.4628221541643 93.72290617227554 0 336.6753805056214 7.335461348295212 129.7338939234614 607.638096563518 45.97879207134247 504.1281085908413 350.152646496892 57.2837190553546 0.9565139561891556 0.2755971550941467 0 0 0 0 0.1415013819932938 4.157774791121483 0 0 0.1053178757429123 0.7183947861194611 0 0.08645013719797134 0.1048971191048622 0 69.43072380870581 1.070320263504982 5.672155410051346 0 0 0.2894145473837852 1.31703120470047 0.4994486570358276 3.695976108312607 0.4386447444558144 0 0 0 0.1656338423490524 0 0 13.23612692207098 2.403393767774105 0 0.1137251332402229 0.5632535368204117 13.64774090051651 5.065603211522102 0.2632237374782562 1.309113085269928 1.142698422074318 139.9338658004999 159.8986105546355 7.567606419324875 2.214990466833115 0.4827910810709 2.261928521096706 0.6607459336519241 5.02356119453907 2.271295882761478 2.307551980018616 0.7388565465807915 0.7764750793576241 0 0.105286069214344 18.27368628978729 145.0450730919838 14.6529199630022 49.86657489836216 16.0960906073451 7.25852207839489 1.390529833734035 1.302714742720127 0.3189548179507256 8.660018309950829 0.1838110536336899 4.363646596670151 7.618566870689392 2.576070293784142 1.22132420539856 2.146679699420929 0.7386027723550797 25.62864794582129 7.443164110183716 12.4050362855196 1.446790955960751 3.064534939825535 0 0 0.5291389524936676 301.612493544817 52.87913705408573 66.12818636000156 9.655936658382416 882.7837015092373 0.1379148811101913 0 0 0 0 4.164893299341202 0.3276681900024414 0.4973828569054604 1.043604895472527 4.994633555412292 0 2.791800230741501 2.678052484989166 0.7886090576648712 0.1695387810468674 0 0 0.1422394663095474 0 0 0 0 0 0 0 0 0 0.09966442734003067 0 0 0 0 0.4736457914113998 0.1316799968481064 0 0.3529190421104431 0 0 0 0.4321175664663315 0 0 0.1070473417639732 0.1091374754905701 0 0.1289763003587723 0 0 0 0 0 0 0 0 0 0.1311970949172974 0.2818645089864731 0.3844553008675575 0 0 0 0 0.579419806599617 0 0 0 1.38281375169754 0 0 0 0 0 0 0 0 0.2714422345161438 1.190812170505524 0.1661579310894012 0 0 0 0.7681169211864471 0 0.5235732793807983 0 0.8508319854736328 0.6151489317417145 0 0 0 0 0 0.1035582795739174 0 0.1479320526123047 0 0 0.5660879015922546 0.3174601495265961 0.1524189412593842 33.68848685920238 7.870001904666424 59.15621384978294 7.274431839585304 238.9306601136923 19.66382241994143 2.435716636478901 8.810825109481812 0 0.2313508912920952 0.3825370073318481 0 0 0 0 0.3171835541725159 2.377672731876373 0
2287.879043363035 3540.617455482483 143.356822617352 2473.174604617059 2713.071875117719 336.6753805056214 0 10.05348371714354 1689.023233056068 3108.715536952019 80.97420849651098 135.3964936286211 1682.290314607322 141.7279491350055 8.451308734714985 3.494790010154247 0.3956625238060951 0.1186731457710266 0.3013610690832138 0.3921023085713387 0.2185302674770355 0 0.1232010871171951 0 0.3394866138696671 0.4737717360258102 0 0.1686606481671333 1.297435164451599 0.2424858957529068 79.5932227820158 8.349395416676998 2.590579532086849 0.5115424394607544 0.2429388612508774 0.2331255674362183 0.4385643601417542 0.3388042449951172 1.190362222492695 0.8364107683300972 0.1588576883077621 0.1488435417413712 0 0.6022002696990967 0.1258827745914459 0.1880180388689041 64.82170893996954 6.326935268938541 0.4863904267549515 0.6167391613125801 1.841233499348164 0.09889768809080124 0.9197230264544487 0.4601069390773773 5.881085842847824 5.128698669373989 53.70576784014702 185.9734842777252 7.358346723020077 16.11523129791021 0.4956507757306099 0.2467997521162033 1.222560495138168 36.15814712643623 7.557987250387669 7.943581506609917 3.100039921700954 3.916538201272488 0.5235954076051712 0.1166414320468903 0.686891607940197 3.894797772169113 0 110.8780550062656 74.4436511695385 58.65257553756237 30.88498575985432 3.486462257802486 0.542927198112011 3.508616261184216 0.5357842445373535 1.046260014176369 19.72004900872707 0.9909449517726898 3.918876476585865 6.428663052618504 3.817002795636654 0.5168125480413437 2.444579072296619 0.1970290467143059 0.7547435909509659 0.4495524913072586 0.4933906942605972 0.2290410101413727 0.1724230796098709 416.1740306988358 1.211740247905254 0.1794090420007706 0.8748002722859383 93.45676881074905 0.7328669726848602 1.746232360601425 6.851679489016533 2.362783789634705 6.880385100841522 34.57833365350962 2.373542293906212 25.88325571268797 7.518030866980553 33.40790002048016 4.936213053762913 63.07939331978559 60.16246771812439 36.78366358578205 12.65396944433451 0.1347144395112991 0 0 0 0 0 0 0 0 0 0 0 0.1456110328435898 0 0 0 0.4676353931427002 0 0 4.973557934165001 1.595709890127182 0 0.5297455191612244 0.3888566792011261 3.119086995720863 4.214930444955826 4.934245146811008 0.2446881681680679 0.5499059036374092 0 0 0 0 0 0.2601949274539948 0 0.5712484419345856 1.071314349770546 0 0 0 0.1596998795866966 0.1172278523445129 0 0 0.09469805657863617 2.43701509386301 1.693423599004745 0 0.2334661483764648 1.122855834662914 38.9409346356988 0.5865402072668076 0.2385454922914505 0.1177737265825272 0.1240834221243858 0 0 0 0 0.2048599943518639 31.16760800778866 0.4075318574905396 0 0 0 7.323777794837952 4.191159963607788 5.055683627724648 2.688509151339531 3.484076946973801 1.483280628919601 0.9864304214715958 0.1224373877048492 0 0.09552638232707977 0 0 0.09118252992630005 0 0 0 12.43337388336658 3.12546830624342 2.966243006289005 253.7703063637018 33.00856090337038 283.0429984033108 48.55947602540255 220.8750836104155 77.90779574215412 5.846382431685925 97.12070003151894 8.622455231845379 0.3366819694638252 4.596794821321964 0.4280625879764557 3.240863293409348 2.864059329032898 0 1.451399281620979 16.94412267208099 1.011914640665054
63.05613707751036 121.4980460554361 1457.279381260276 1.674373850226402 57.63740419596434 7.335461348295212 10.05348371714354 0 200.9543844610453 7.332662671804428 1903.119024053216 8.524987325072289 87.44162733107805 561.077564060688 17.00054900348186 12.43377168476582 2.638674542307854 0.6045140027999878 0.3236664831638336 2.605416968464851 10.50986432284117 0 4.283119462430477 1.055891990661621 68.8822518736124 3.985232457518578 4.101271510124207 1.150645308196545 1.017049334943295 0.7452004104852676 713.8943890333176 1806.690071895719 108.9348963573575 10.77052566409111 18.7026305347681 84.05486143380404 24.34556754678488 36.07434055954218 10.04133904725313 12.65571544319391 1.728326126933098 1.274066857993603 0.8336757197976112 9.217577859759331 0.8808357492089272 9.870662167668343 69.42530052363873 3.338635593652725 0.3996965065598488 1.416579343378544 1.897860862314701 0.133259117603302 0.0914001390337944 0.192770853638649 1.892137371003628 2.978251121938229 23.06946667283773 202.5234079360962 2.976834297180176 10.82858201116323 99.73319363594055 100.6842402294278 81.39765450358391 207.3807363584638 2.914912968873978 4.223141692578793 1.795192785561085 7.931403681635857 4.809406854212284 6.461170949041843 26.11584729701281 17.94697622209787 0.1006947159767151 57.545056656003 82.18113691359758 51.71616550534964 143.5898508504033 147.4906070679426 2177.095056571066 2000.225587785244 24.48227888345718 1477.678376108408 7.928625993430614 0 2.557728916406631 3.655272111296654 4.870229728519917 0.1849198639392853 1.326555401086807 0 0.8254071325063705 0.3382032811641693 3.400465123355389 0.3919051960110664 0 57.35871495306492 39.90238931030035 0 10.21089296787977 67.43708968162537 1.642947748303413 0.4802040755748749 0.5318942964076996 0 0.6792387813329697 1.611719310283661 0 1.283050671219826 1.391256809234619 1.986278876662254 0.1536286026239395 6.31267112493515 5.579378932714462 5.821171790361404 4.481084920465946 0 0 0 0.3838638663291931 0 0 0 0 0.1313062012195587 0 0 0 0.1295321434736252 0 0 0 0.3911679089069366 0.3557753562927246 0.129700168967247 0.5002072304487228 1.47837108373642 0 0.7655312865972519 0.1430316120386124 2.772478029131889 6.584465242922306 2.510613858699799 1.153979025781155 2.585005007684231 0 0 0 0 0 0.3943152129650116 0 0 0.5738099813461304 0 0 0.2206760048866272 0.3856091350317001 0.1571819186210632 0 0 0 0 1.087441079318523 0 0.09466960281133652 1.223497554659843 29.63772083818913 0.2677887082099915 0 0 0 0 0 0 0 0.4257316589355469 11.18846648931503 7.135036803781986 0 0 0 2.601809374988079 2.020499743521214 3.54305224865675 0 0.2878831773996353 0 0 0.37921541929245 0 0 0 0 0 0.09990398585796356 0 0 0.8450126051902771 7.52934979647398 6.932860039174557 145.6124972850084 26.34573634713888 176.5808504223824 32.2454409301281 41.31364084035158 26.74349111318588 2.537792645394802 55.49129211902618 3.895876228809357 0.7543613091111183 2.527426324784756 0.2640352696180344 2.068837016820908 0.4987215399742126 0 2.245944328606129 0.8062072023749352 0.7110003381967545
574.8828668966889 1679.62492339313 1299.133232809603 604.7050601094961 3433.785158790648 129.7338939234614 1689.023233056068 200.9543844610453 0 3371.108970284462 3320.399877250195 39.73695237189531 1379.642042480409 1295.499082885683 26.31094022840261 11.28953383862972 1.018910460174084 0.4016539826989174 0.09762211889028549 0 0.2634172961115837 0.1116423383355141 0.4076191633939743 0.3081953004002571 0.2404293119907379 1.011194832623005 0.3204826042056084 0.2971204668283463 1.444117411971092 0.1342096626758575 175.5555881038308 20.37108827382326 2.289037548005581 0.3201929405331612 0.2638124376535416 0.09830828756093979 0.9577865153551102 0.5180730298161507 0.7466017305850983 1.191320151090622 0 0.95437291264534 0 2.612213276326656 0.1331364661455154 0.8799702525138855 116.3857307210565 7.589401789009571 0.2972058653831482 0.6721046045422554 2.722751505672932 0.5268542543053627 0.2299386411905289 0.2347364872694016 5.192388013005257 4.221015110611916 46.63235754519701 162.2045779824257 9.404904372990131 22.33089841902256 1.446566216647625 0.5266506746411324 1.015641503036022 55.95726010203362 7.809343509376049 8.342901803553104 4.200003288686275 4.800698563456535 0.5334503874182701 0.08443274348974228 0.2748554870486259 13.75348305702209 0 121.2231168374419 97.26017469167709 86.68386252969503 69.05499967187643 20.32277902960777 1.02105912566185 29.23456071317196 0.8058217614889145 1.940660737454891 18.68200908601284 0.6419259458780289 2.76636727899313 8.425586842000484 4.920035637915134 0.8631596341729164 1.941831268370152 0.2147696614265442 0.9631030857563019 0.5515762493014336 0.4655869156122208 0.6456705257296562 0.2863728404045105 521.6913731619716 4.319345474243164 0.1942831128835678 0.5687689408659935 109.2430742755532 6.18006244301796 6.542824223637581 17.39106435328722 9.142893567681313 23.76568153500557 107.6811661720276 4.84279702603817 77.51350274682045 23.18022574484348 81.3843138217926 13.02335243672132 204.0238064751029 225.4058889523149 131.4840866699815 64.94486129283905 0.1698725670576096 0 0.1457888334989548 0.2159854471683502 0 0 0 0 0.1737276315689087 0 0.2627464532852173 0 0.597925677895546 0 0 0 0 0.1125639826059341 0 13.51550832390785 4.261539876461029 0.4742504358291626 3.045518189668655 1.1444281488657 19.86102491617203 18.34811110794544 21.24031308293343 4.33755823969841 2.066681399941444 0 0 0.3797407001256943 0.3492643237113953 0.2535360157489777 0.8150714784860611 0 4.627472579479218 4.524103090167046 0 0 0.2183093577623367 0 0 0 0.3188285529613495 0.3710834681987762 1.464081078767776 6.225531324744225 0.1799531430006027 1.311202049255371 3.763985589146614 209.2196099311113 4.628954246640205 0.1835036277770996 0.1623510867357254 0 0.6143731474876404 0.3096448257565498 0.108702078461647 0.1742172837257385 0 124.3887769728899 4.295000463724136 0 0 0.1088153421878815 42.20853951573372 12.4802367836237 16.64403985440731 5.106500253081322 3.745708927512169 5.084702849388123 4.052032679319382 1.548374354839325 0.2278790324926376 0 0.08701205998659134 0 0.3256424963474274 0.3480508029460907 0 0 29.39373071491718 17.8982552587986 16.27517586946487 536.0349483639002 45.72074633091688 419.0475029870868 86.36372797191143 229.3664702922106 98.10189842432737 5.544211141765118 175.764908105135 24.40841697156429 2.934338316321373 23.18825006484985 1.875635512173176 10.1499111354351 6.96690134704113 0 7.938055783510208 4.509640790522099 1.535893261432648
1209.759194485843 500.0462224557996 32.6101283878088 2280.36276692152 432.3617765456438 607.638096563518 3108.715536952019 7.332662671804428 3371.108970284462 0 72.0619091540575 2985.407570451498 6259.833104655147 355.3303204327822 1.089360073208809 1.102864362299442 0.09648376703262329 0 0 0.1459941864013672 0 0.7221963852643967 0 0 0.6325714588165283 0.09546690434217453 0 0.1282682716846466 0 0.1090200319886208 26.67741398513317 1.489202044904232 2.962973453104496 0 0 0.5210869312286377 1.584178552031517 0 2.344272054731846 0.6249715536832809 0 0 0 0 0 0 15.45363803952932 1.653576977550983 0 0.2372218072414398 0.3177967742085457 4.002750813961029 3.029929488897324 0.2901841029524803 1.400317817926407 2.276203028857708 34.28305031359196 93.08809762448072 2.331910111010075 3.362651184201241 0.9706678092479706 1.011054240167141 0 8.393732592463493 1.909211911261082 1.616565883159637 0.9062420949339867 0.9415785297751427 0.2092207446694374 0 50.08417484164238 27.80276298522949 0.7152538895606995 44.47793629765511 17.42332046478987 10.72441781312227 3.929748803377151 2.890750721096992 0.1531450152397156 11.6307006701827 0.1160988807678223 4.012900851666927 3.696565955877304 0.1911337226629257 1.172848872840405 1.891619615256786 0.6482472717761993 3.180629789829254 1.276373244822025 2.608576968312263 0.3413194417953491 0.1282190233469009 0 0 0.1679320186376572 1086.768820613623 87.6593811661005 53.30508184432983 4.704673290252686 186.9900935813785 4.498118095099926 7.59933964908123 21.08290299773216 6.82281106710434 14.11276371777058 109.2773920744658 6.131136000156403 74.77163603901863 19.76126644015312 110.9063125103712 12.71862957626581 187.8396807312965 151.4977782219648 103.2298584580421 26.49220513552427 0.1428794860839844 0.1621662080287933 0 0 0 0 0.1599174588918686 0 0 0 0 0 0.1347768157720566 0 0 0 0 0 0 10.59566824138165 2.207073643803596 0 0.9313189387321472 0 10.67037098109722 3.729692220687866 12.02734468877316 1.544904328882694 0.6592017337679863 0 0 0 0 0 0 0 1.514685302972794 1.831494480371475 0.5685702264308929 0 0 0.2582224905490875 0 0 0 0 2.877705320715904 3.660730928182602 1.383861482143402 0.4202516078948975 0.6259116232395172 65.92986842244864 4.498810410499573 0.2345304116606712 0.2400265336036682 0 0 0.4449021965265274 0 0.1237861886620522 0 53.72632432729006 0.9491516500711441 0 0 0 23.95124395191669 3.789423450827599 4.326304405927658 4.223529540002346 3.225534208118916 3.142137840390205 1.762915939092636 0.6095251590013504 0.4393197596073151 0 0 0 0.3777125477790833 0 0 0 42.84698581695557 6.948613345623016 3.108798936009407 98.25686906278133 5.092874839901924 71.09404937922955 8.95128321647644 317.5714446231723 24.54047562927008 1.225201092660427 28.7329393029213 8.733845666050911 1.635784387588501 11.22873836755753 1.95439875125885 8.855677202343941 2.964437425136566 0 5.649675324559212 39.46902021765709 0.2135879099369049
504.6282266229391 797.2971490100026 3374.850310787559 11.24821498990059 500.9223515242338 45.97879207134247 80.97420849651098 1903.119024053216 3320.399877250195 72.0619091540575 0 15.32023824006319 659.459897339344 4016.53715762496 88.14628459513187 53.61474979668856 2.451129719614983 0.2227718830108643 0.09571707993745804 0.2807562276721001 0.2498137801885605 0 0.08735276013612747 0.3152165412902832 9.807268485426903 2.810422748327255 0.5393989384174347 0.9428244158625603 2.394835233688354 0.2402748987078667 426.7318981066346 158.8576989993453 56.34963474422693 1.084894455969334 0.6591200157999992 8.774863518774509 7.550033234059811 5.189362309873104 2.079022422432899 4.098129935562611 0.4115715101361275 0.6152253076434135 0.5850285366177559 31.69769470393658 0.2987226545810699 1.157683745026588 215.6558276861906 8.372606918215752 0.2311943247914314 1.195728167891502 2.905682124197483 0.3163342773914337 0.389854222536087 0.6177935302257538 4.161983408033848 6.19037302583456 41.69001688808203 202.0835882723331 12.25150372833014 30.27126594632864 3.144376866519451 12.87556835263968 4.3836899548769 96.51822200417519 7.394209697842598 11.09002929925919 4.126159869134426 6.351895786821842 1.038601540029049 0.1328914165496826 8.735500380396843 12.83406860381365 0.09712085127830505 140.2228194326162 118.7782454043627 145.2120932564139 190.9225362539291 179.0324848294258 366.9532347992063 232.0380118489265 3.718083240091801 39.09102077037096 16.53047715127468 1.12717629224062 4.380101174116135 9.042303055524826 4.885699883103371 0.2644030749797821 2.585926808416843 0.1324827820062637 1.688612140715122 0 0.6187114417552948 1.247406013309956 0.9479319825768471 108.9237999469042 17.54291949421167 0 3.249188512563705 190.04939442873 2.277513116598129 2.499294430017471 2.850464895367622 1.19296532869339 4.796881139278412 18.0523798763752 0 11.12026955187321 1.918506667017937 14.23957870900631 3.726799309253693 30.98596642166376 40.46174072474241 19.41382087767124 18.73711188882589 0 0.1259135603904724 0 0.5244434028863907 0 0 0 0 0.1447907537221909 0 0 0 0 0 0.1531825214624405 0 0 0 0 1.366016075015068 3.393840044736862 0.1442476511001587 0.4849202558398247 0.1640610992908478 5.582518197596073 9.193770304322243 8.462933383882046 1.325506940484047 0.7217453047633171 0 0 0 0.4956012666225433 0 0 0 0.7664277851581573 0.8506284654140472 0 0 0.3051007091999054 0.37816321849823 0 0.1099218800663948 0 0.08715661615133286 0.9270463883876801 1.934536099433899 0 0.8740450292825699 1.180640622973442 52.81989336013794 0.7247319221496582 0.5125452280044556 0.206670731306076 0 0 0 0.2096140831708908 0 0 31.5862447693944 10.02622075378895 0 0.1402250528335571 0 10.54319975525141 4.733092501759529 5.868129447102547 0.6283426731824875 0.3570475280284882 0.9458777233958244 1.215482413768768 0.225926399230957 0 0 0.1392431110143661 0 0 0 0 0 6.879123516380787 6.329539634287357 6.692569799721241 863.3404056876898 86.05244655162096 558.4504106268287 140.4483804032207 157.0672452971339 120.2277684509754 10.74404549598694 300.107015773654 13.75487919151783 2.840093784034252 7.506788104772568 1.283376015722752 2.555724173784256 1.480253532528877 0 0.7390772700309753 2.59409861266613 1.784476615488529
702.1006136015058 36.50717244297266 33.56933414191008 1187.402759045362 4.878220669925213 504.1281085908413 135.3964936286211 8.524987325072289 39.73695237189531 2985.407570451498 15.32023824006319 0 1315.178290449083 47.84005505591631 7.512515984475613 9.208348385989666 0.6859348192811012 0 0 0 0 0.7111068367958069 0 0 1.311434373259544 0.3378433287143707 0 0 0.1572008281946182 0 11.1726146414876 3.590665102005005 28.47630130499601 0 0.09644348919391632 0.8648035824298859 25.15102809667587 1.42348524928093 12.21833254396915 0.1551355421543121 0 0 0 5.294734917581081 0.09867770969867706 0.6288149803876877 15.52332786470652 0.9519991427659988 0 0 0.09489389508962631 0.6537343412637711 1.995357692241669 0 0.6391265690326691 0.8394590392708778 15.42417918890715 37.30889917910099 1.678178891539574 2.225214503705502 1.796499967575073 21.61385215073824 2.456745646893978 7.160743772983551 1.287873335182667 0.6636920124292374 0.07607372850179672 0.7768634930253029 0 0 129.2474326938391 91.77247008681297 1.148129627108574 17.19560962170362 9.802741497755051 6.446857139468193 10.58429361879826 23.59631882607937 2.064030975103378 73.32231366634369 0.6015888750553131 19.28181009739637 2.258966319262981 0.1415113508701324 0.8616545349359512 1.179339557886124 0.525963082909584 0.6922739893198013 0.6449397206306458 0.7363405823707581 0 0 0.2823578715324402 0 0.1066569089889526 3144.442972451448 168.0365774258971 10.28026258945465 46.67399971187115 109.8241657614708 5.755059823393822 3.962547913193703 10.86298744380474 3.798263430595398 18.78470319509506 71.85935027897358 2.517117589712143 49.32780426740646 12.82370924949646 42.30198472738266 11.30230231583118 150.4002229049802 167.0456096455455 126.8921431601048 57.5131671205163 0.4582843482494354 0.3257462084293365 0.1347129791975021 0 0 0 0 0 0 0 0 0 0.1627030372619629 0 0 0 0 0 0.1313625574111938 13.78535807132721 3.911208048462868 0.3991769999265671 0.7555375546216965 1.603288933634758 23.82937277853489 12.00169730186462 18.42788346856833 3.283599302172661 2.171321623027325 0.1371696889400482 0.7315287590026855 0 0.4453067779541016 0.119245819747448 0 0 3.369815222918987 2.56132822483778 0 0.9823231399059296 0 0.1151459142565727 0 0.09571435302495956 0.8015410006046295 0.1150451898574829 2.479321889579296 3.683268591761589 0.3920124471187592 0.3936813771724701 1.129864141345024 167.4264040887356 5.077342554926872 0.7984732538461685 0 0.2303703427314758 0.1324501633644104 0.24320238083601 0.304772362112999 0 0.131181001663208 110.0075595378876 16.73593850433826 0 0 0 41.8839101716876 4.630876019597054 11.59695513546467 4.013993218541145 4.439903862774372 2.861232794821262 1.357839897274971 0.2414970993995667 0.4265114367008209 0.111269012093544 0 0 0.1430662423372269 0 0 0 32.23467019200325 23.43896765261889 9.002790801227093 145.7041211053729 4.376370064914227 58.28156639635563 13.39514093846083 315.8301333039999 12.14411552250385 1.317826859652996 40.17740345001221 16.35342621058226 0.1019707918167114 20.42818024754524 1.469070956110954 12.58862115442753 5.92319467663765 0 8.115792237222195 16.2410948574543 0.2088240385055542
