0 3146.589110009372 564.6631541922688 845.0863396972418 413.7400434464216 33.07340690493584 2534.437292993069 48.63849806785583 184.2805710583925 2188.879410669208 180.6264400035143 329.8112386316061 231.7171716690063 84.74688765406609 0 0.3314851820468903 0.2239156141877174 0.1693418323993683 0.08051144331693649 0 0.361634261906147 0 0 0.157748207449913 0 0.1057585924863815 0.1811380982398987 0.1903952062129974 0.08973664790391922 0 301.0948114022613 3.113526314496994 8.823051154613495 0 0 0.3058294653892517 1.41152611374855 0 0.5062564462423325 0 0 0 0 0 0 0 4.395202785730362 0.5859014466404915 0 0.1006082221865654 0.2231028750538826 0 0 0 0.3500454053282738 2.007758870720863 200.859724663198 596.8225174471736 25.04003525525331 5.598626352846622 0.09958105534315109 0.6538547873497009 0.2398031502962112 4.476898565888405 4.510930821299553 4.0420808121562 2.071714520454407 2.643670931458473 0 0.2586114928126335 42.98054347932339 18.44481593370438 0.2152576446533203 284.7754718139768 53.31496206671 1.626822590827942 6.339262597262859 0.2063079327344894 2.057272285223007 12.05466140806675 0 9.801843598484993 10.29212041199207 0.873705118894577 2.51076240837574 7.202942498028278 0.7044779881834984 0.7440879791975021 0.7542765662074089 0.08310447633266449 0 0 0.2733757197856903 0 0 301.304343611002 28.37009651958942 1.175857067108154 3.281883612275124 219.826651006937 0 0 0.9836123287677765 0 0.1905474364757538 5.897583574056625 1.141301482915878 4.942058205604553 5.763477072119713 16.81347270309925 2.186089619994164 16.37688322365284 11.31471972167492 1.233061820268631 1.175836935639381 0.2352200150489807 0.211352065205574 0 0 0 0 0 0 0 0 0 0 0 0 0 0 0 0 0 0 0 0 0 0 0.3442263230681419 0.1467175185680389 0.3341721743345261 0.1050543785095215 0 0 0 0 0 0 0 0 0 0.3886689692735672 0 0 0 0 0 0 0 0 0 0 0.2319578677415848 0 0 1.086404398083687 0 0 0 0 0 0 0 0 0 3.333360463380814 0 0 0 0 0.31731978058815 0.7492567896842957 0.3093930184841156 0 0.2941787838935852 0.5432430580258369 0 0.1205027103424072 0 0 0 0 0.1389159262180328 0 0 0 5.422447010874748 0.3147541582584381 0 13.46035224944353 4.998552769422531 98.49556487053633 18.93245795369148 746.2969874963164 22.45449817925692 1.410106025636196 6.104782544076443 0.07242781668901443 0 1.404785104095936 0 20.70840331912041 0 0 0 0.1241483390331268 0
3146.589110009372 0 3038.242536269128 795.121810272336 5938.120355926454 76.85430201888084 7940.863338895142 397.0076213628054 3555.543172962964 321.9222703129053 1687.336868666112 91.4453801214695 621.0541479066014 1210.549072831869 1.214003890752792 0.1397506445646286 0.3460344970226288 0.0889289379119873 0.1139769405126572 0.1080035194754601 0.5708487778902054 0.1049697771668434 0.4676576927304268 0.07580714672803879 0 0.9270540624856949 0 0.3639397919178009 0 0 4153.845730148256 9.119060106575489 27.21879052370787 0 0 0.08925419300794601 0.3967545628547668 0 0 0 0.2190416380763054 0.4544548168778419 0.6457343399524689 0 0 0.3130230754613876 42.60209997743368 2.139783002436161 0.09595523029565811 0.160404771566391 0.9509596228599548 0 0 0.325252003967762 1.676815308630466 5.303278349339962 171.95593136549 1343.976067818701 67.86448573321104 16.18593579530716 0.9183261841535568 0 0.09066393226385117 40.56716264039278 9.483770415186882 11.42503660917282 6.472155511379242 3.690864324569702 0.6328640207648277 0.4162407368421555 24.6955196633935 2.807669311761856 0 737.6700298115611 245.4742878079414 17.88629931211472 39.06344712525606 0.9194933176040649 19.07019213587046 33.93515296280384 0 1.943475276231766 22.68988056480885 1.340339206159115 2.439381338655949 17.81949941813946 2.046382009983063 1.294427953660488 3.108195535838604 0.3516888916492462 0.1072061508893967 0 0.09235835075378418 0.1254567950963974 0.2420961484313011 55.04387398064137 0.5145618841052055 0.1142206415534019 0.2187936007976532 862.5125105082989 0 0 0.6505434364080429 0 0 10.61827293038368 0.4008009433746338 11.15906898677349 12.26779146492481 15.86183926463127 5.688185155391693 54.05158101022243 39.26078762859106 10.90493853390217 6.290853336453438 2.272051565349102 0 0 0.2245344370603561 0 0 0 0 0 0 0 0 0.1424977630376816 0 0 0 0 0 0 0.9655381441116333 0.425633542239666 0 3.083033323287964 0 5.115184456110001 2.883962094783783 6.376260235905647 0.8101512938737869 1.609710827469826 0 0 0 0 0 0 0 0.6414937600493431 3.059381097555161 0 0 0 0 0 0 0 0.1337880790233612 0.473345935344696 0.1897766590118408 0 0 1.534719236195087 14.64600217342377 0 0 0 0 0 0 0 0 0 21.49301491677761 0.4471831321716309 0 0 0 8.713455952703953 6.542881831526756 8.443025968968868 2.329211555421352 1.300484456121922 3.906236313283443 0.2586661279201508 0.4720519781112671 0 0 0 0 0 0.1070983558893204 0 0 27.95688828825951 4.182470053434372 5.371658571064472 70.53248902410269 27.82190182805061 958.1519799157977 339.7162209674716 1006.848578460515 226.4115903377533 6.881294287741184 173.0837121158838 2.049026198685169 0 4.243484452366829 0.1009551584720612 13.73413783311844 0 0 2.137849420309067 0.7382902652025223 0
564.6631541922688 3038.242536269128 0 110.6100087463856 1728.99610286206 1.653375312685966 401.0358091965318 2725.540948659182 1688.133598536253 19.24834826588631 2995.796473145485 57.86644086241722 311.7937930375338 1943.076253138483 15.76274984329939 9.657345175743103 4.353852994740009 2.157553628087044 3.304430492222309 27.94580945372581 69.62430051714182 0.5742120146751404 9.339506879448891 9.911221221089363 0 3.38428021967411 2.339475080370903 0.8072174340486526 0.2529427260160446 0.1208822280168533 5591.534323811531 456.8458549380302 171.6320774555206 12.00028441846371 3.655823945999146 14.46243514120579 3.035015866160393 2.729363664984703 1.078350871801376 0.7177224457263947 5.461062178015709 0.3717844486236572 3.2878343090415 4.967669934034348 4.569829165935516 9.980354681611061 14.82312293350697 0.9585531800985336 1.124755248427391 2.185931190848351 0.4169158563017845 0.1631709486246109 0 0 0.7091557830572128 2.128486283123493 66.23781292885542 859.9052675664425 19.18899416923523 7.754278615117073 41.44582448899746 6.077111005783081 31.66222815215588 1588.518415570259 3.366365350782871 3.292078331112862 2.184184662997723 1.610269367694855 0.6190371215343475 12.58524920046329 47.60433274507523 11.60890696197748 0 264.1020027473569 296.7012753933668 8.055338501930237 125.4815922901034 75.46872419118881 502.969770334661 1751.609678409994 37.91421031951904 1098.16295325011 8.388223357498646 0.7037438824772835 1.641973778605461 5.669940575957298 2.288374185562134 0.09595512598752975 1.071931675076485 0 0 0 0.9626570045948029 0.4120204597711563 0.2362439408898354 17.30013915896416 8.556468643248081 0.3831993341445923 1.509074851870537 508.5510800033808 0 0.6748287081718445 0 0 0 2.042885661125183 0 2.508685246109962 0.6976423710584641 2.050530508160591 1.114995010197163 7.101027563214302 5.260485850274563 2.814506694674492 7.134547762572765 1.375698648393154 0.6313814371824265 0 0 0 0 0 0 0 0 0 0 0.2633093371987343 0 0 0 0 0.265005886554718 0 0 0 0 1.866260021924973 0 6.873790167272091 4.165937215089798 6.997383415699005 4.735040493309498 1.939925648272038 0 0 0 0 0.1767160445451736 0 0 0.4200158938765526 1.643121868371964 0.2342731505632401 0 0 0.4996077418327332 0 0 0 0 0.8446654230356216 0.09830521047115326 0 0 0.226341612637043 10.28336849063635 0 0 0 0 0 0.1516728550195694 0 0 0 8.92456828057766 1.003104761242867 0 0 0 5.269440576434135 1.57654245197773 4.281522914767265 0.4296967685222626 0.6929632574319839 1.694013364613056 0 0 0 0.1030689030885696 0 0 0 0 0 0 2.787055686116219 1.854328289628029 6.246536381542683 70.41602495312691 15.22150426357985 223.4310982897878 79.32431028783321 153.9701538160443 49.02995144575834 2.710822582244873 54.5311361476779 4.829569168388844 1.100152939558029 2.347937367856503 0.3568591624498367 3.034659802913666 0.2786206305027008 0 0.9173981323838234 0.4561104625463486 0.1377110034227371
845.0863396972418 795.121810272336 110.6100087463856 0 50.22028693556786 58.92768938839436 1487.837400496006 16.74417911469936 106.7830940634012 989.9320680201054 27.84236025810242 420.0930979549885 485.1720880270004 2.729520909488201 0 0 0 0 0 0 0.1151330098509789 0 0 0 0 0 0 0 0 0 76.26360024511814 0.4024211168289185 0 0 0 0 0 0 0 0 0 0 0 0 0.3066260516643524 0 0.3835960775613785 0.214318722486496 0 0 0 0 0 0 0.3191090226173401 0.1823613494634628 8.90666501969099 30.7410778477788 2.05492652207613 1.226113937795162 0 0 0 0.438227191567421 0.4465972036123276 0.43118766695261 0.2247987315058708 0.09391316771507263 0 0 0 0 0 20.36027859151363 5.098923645913601 1.219572708010674 1.149700418114662 0 0 0 0 0 0.619477666914463 0 0.1085622012615204 0.4435108751058578 0 0 0.0821852907538414 0 0 0 0 0 0 5.150289252400398 0 0 0 30.00505273044109 0 0.6930812001228333 0 0 0 0.2913629710674286 0 0.1805750131607056 0 0.5217475146055222 0 0.2608120739459991 3.533194318413734 0.3397361487150192 0 0 0 0 0 0 0 0 0 0 0 0 0 0 0 0 0 0 0 0 0 0 0 0 0 0 0 0 0 0 0 0 0 0 0 0 0 0 0 0.1779603660106659 0 0 0 0 0 0 0 0 0 0 0 0 0 0 0 0 0 0 0 0 0 0 0.4975302219390869 0 0 0 0 0.2045522779226303 0 0.9042569100856781 0 0.2925871908664703 0 0 0 0 0 0 0 0 0 0 0 0.7108813226222992 0 0.1404100060462952 0.5149503797292709 2.037767767906189 25.35644194483757 7.353375159204006 71.50891041755676 8.034961052238941 0.1192234605550766 1.855340726673603 0.1160115227103233 0 0 0 2.090306639671326 0 0 0 0 0
413.7400434464216 5938.120355926454 1728.99610286206 50.22028693556786 0 15.54498070478439 1430.343599438667 433.8934581726789 4379.96187184751 330.6237423419952 1029.572036333382 58.60494741797447 643.418747253716 580.72475451231 0 0 0.56622414290905 0 0 0 1.120442986488342 0 0 0.262753888964653 0 0.3793923556804657 0 0.3947691544890404 0.09806735068559647 0 434.2053925544024 4.440802186727524 19.2150677293539 0.9622662961483002 0 0 0.3200265169143677 0.2589611709117889 0.2257390171289444 0.234982505440712 0.1215648874640465 0 0.4229853451251984 0 0 0 18.7042974755168 0 0 0 0.2647815048694611 0 0.3869754076004028 0.1485179662704468 0.5072331801056862 2.67108828574419 35.14286484569311 91.72063314169645 19.98236174881458 4.177774265408516 0.1982722207903862 0 0 16.13123193383217 0.9222006648778915 2.705096125602722 0.6982856616377831 0.6709712073206902 0.6605189964175224 0.08545242249965668 11.83941259980202 4.869851380586624 0 121.4744448885322 43.84771063178778 4.159981697797775 18.54767681658268 0.4208132326602936 0.6744621992111206 9.664489567279816 0.1137287616729736 13.9128665626049 4.009191103279591 0 0.6440431997179985 2.466536767780781 0.4574409797787666 0.2841398343443871 0.330106146633625 0.1036893054842949 0 0 0.09793779253959656 0.224934458732605 0.1188896968960762 61.43907728791237 3.083701744675636 0 1.078395128250122 39.88720171153545 0.6822543740272522 1.162974298000336 1.706971198320389 0.8766031265258789 0.8679220676422119 24.24885691702366 3.179623961448669 28.39084276556969 28.91536192595959 37.55481611192226 16.1077069491148 104.8242477029562 91.78601543605328 25.05797691643238 29.93499975651503 2.836546264588833 1.137429259717464 0 1.023969739675522 0 0 0 0 0 0 0 0 1.471355244517326 0 0 0 0 0 0 0.5588789582252502 0.8879340589046478 0 5.825305923819542 0.6481422632932663 20.2505454570055 12.91216111183167 20.71690808981657 11.3450837880373 4.410934649407864 0 0 0.1542882472276688 0.1000308468937874 0 0 0 1.527778118848801 7.911785244941711 0 0.5045447945594788 0 0 0 0 0 0 0.2969307452440262 0 0 0 2.192303046584129 46.70764425396919 0.1296506077051163 0.4677774831652641 0 0.1046246513724327 0 0.3011171147227287 0 0 0.1109387949109077 67.43080515414476 1.052307695150375 0 0 0 27.55653448402882 20.90131567418575 33.00599374622107 0.8594199940562248 5.452417477965355 7.693820551037788 2.516372784972191 0.7717185318470001 0.3428966403007507 0 0 0 0 0 0 0 57.91840475797653 11.00995934009552 19.08635819703341 74.68261887133121 15.3304288610816 412.0184955596924 198.4999622628093 221.1493084430695 124.3356624618173 5.542061097919941 159.2071795389056 6.032531000673771 0.4387787282466888 6.835230350494385 0.945063479244709 26.13339625298977 0.7932839542627335 0.4611740559339523 1.717997416853905 0.2208665907382965 0
33.07340690493584 76.85430201888084 1.653375312685966 58.92768938839436 15.54498070478439 0 154.9215175360441 1.938914746046066 49.51692086458206 462.1708648949862 7.181774988770485 225.3630501627922 180.4619055688381 29.40389080345631 0.1024717316031456 1.895014598965645 0.1215092018246651 0 0 0 0 0.08693938702344894 0 0 0 0 0 0 0 0 19.79407577216625 1.382500410079956 40.27025093138218 0 0 0 15.03239695727825 0.7248736023902893 1.374804362654686 0 0 0.1340333074331284 0 0.1655585914850235 0 0 0.2511472776532173 0 0 0 0 0.6365959644317627 1.065695762634277 0 0 0.1869709864258766 76.59245410561562 75.30530077219009 0.502773180603981 0 0 8.492538630962372 0 2.183618277311325 0 0 0 0 0 0 273.5014096647501 241.9466342180967 2.081447601318359 4.789783895015717 2.198085755109787 0.2422839924693108 2.021417804062366 0.6733614727854729 0 18.99229829013348 0 36.85939367115498 0 0 0 0 0 0.2138094902038574 0.1551561802625656 0 0.2174933850765228 0.7113319039344788 0 0.1123751029372215 0 532.801271468401 291.7505843341351 16.42013491690159 22.82978551089764 126.2129734605551 0 2.692023932933807 1.923358485102654 0.2880348563194275 0 3.794431999325752 5.564770847558975 6.460758343338966 6.509444788098335 18.67596460878849 0.9642757326364517 16.3970127850771 13.00413101911545 3.507337257266045 1.461522959172726 0.1241416186094284 0 0 0 0 0 0 0 0 0 0 0 0.3115659356117249 0.1319495290517807 0 0 0 0 0 0 0 0.1208308786153793 0 0 1.155004225671291 0.4064060226082802 1.508408017456532 1.131181389093399 0.2978807091712952 0 0 0 0 0 0 0 0.2947652265429497 0.3168443143367767 0 0 0 0 0 0 0 0 0 0.1776871979236603 0 0 0 2.164832420647144 0 0 0 0 0 0 0 0 0 5.615942470729351 1.645462423563004 0 0 0 0.6464813351631165 0.1481150686740875 0.5795579999685287 0 0.4186394512653351 1.100423716008663 0 0 0 0 0 0 0 0 0 0 12.76390241086483 1.547165557742119 2.113008856773376 5.034506678581238 0.7963860780000687 3.07457546889782 2.127611935138702 339.7323394864798 0.1984582096338272 0 2.433386884629726 1.086975201964378 0.2285724878311157 0.9855970144271851 0 21.37106995284557 0 0 0.401741124689579 0 0
2534.437292993069 7940.863338895142 401.0358091965318 1487.837400496006 1430.343599438667 154.9215175360441 0 102.4735843613744 2887.393962092698 3539.19626249373 450.0869124382734 1123.819071754813 1551.987116791308 390.8173582851887 2.421758383512497 0.8590376377105713 0.2699581906199455 0.1093492656946182 0.2428868785500526 0.1166426911950111 0.3367635831236839 0 0.3177867233753204 0.8557391166687012 0 0.5756397321820259 0.1117619276046753 0.339348092675209 0.09344892203807831 0 366.9712881594896 7.852103121578693 15.16935659199953 0.5505579113960266 0.2499931007623672 0 0.3427215963602066 0 0.08744647353887558 0 0.2811805978417397 0.2067249566316605 0.08842212706804276 0.1374005824327469 0 0 33.75127243250608 1.455758392810822 0.1109920218586922 0.4145659953355789 0.5344474390149117 0 0 0.1773167550563812 0.8722511306405067 3.660118505358696 86.66678782552481 288.4517711848021 45.64071223884821 11.13021978735924 1.443137854337692 0.1019484400749207 0 24.12006980925798 2.721650406718254 3.886346012353897 2.851231873035431 2.770160280168056 0.3327006474137306 0.4857075288891792 25.10758246481419 12.39986018836498 0 349.7555694505572 113.2881423160434 10.02040362358093 36.95160700380802 2.954958841204643 0 9.738669916987419 0 13.79067379236221 9.141769893467426 0.4974504485726357 1.17182819545269 7.320337429642677 1.613415010273457 0.1910580098628998 1.259544990956783 0 0 0.1114322692155838 1.108173981308937 0.1096417978405952 0.1104499995708466 367.3113532811403 6.402768313884735 0 0.3532656878232956 128.2372764870524 0.6944164335727692 4.536073684692383 5.814591534435749 1.954415738582611 1.180628135800362 68.12051316350698 8.806532979011536 88.88856043666601 57.18465403467417 98.86707749962807 28.64465692639351 295.1402113735676 233.2154229208827 80.89141089469194 84.39313468337059 11.32012984156609 2.482238344848156 0.7951066642999649 2.396084502339363 0 0 0 0 0 0.3854470551013947 0 0 3.639849163591862 0.7349162548780441 0.4567499309778214 0 1.169943571090698 0 0 1.916094832122326 2.082151480019093 0 13.01106164604425 0.9064016938209534 63.07458619773388 20.96368808299303 53.17487742006779 17.33745350688696 11.40349967777729 0.1231047660112381 0 0 0.1467425227165222 0.606398232281208 0.4395745545625687 0 3.95637296885252 15.85069525241852 0.4133744537830353 0 0 2.394700169563293 0 0 0.2117932736873627 0 3.395700767636299 0.6933464780449867 0 1.19860827922821 6.084631539881229 99.21617560088634 0.3252473771572113 0.4325959235429764 0 0.31216149777174 0.1797655895352364 0 0 0 0 159.318046823144 4.692501522600651 0 0 0.1385707706212997 69.4278756082058 31.20934206992388 75.3324798643589 6.742266394197941 14.14462073892355 23.74203309416771 1.414112955331802 1.607957974076271 0.2572453916072845 0 0 0 0.1404812186956406 0 0.1085138097405434 0 149.3063502833247 27.26902155578136 42.95301070809364 180.5737932622433 33.50522863119841 824.2227123677731 331.1091431379318 805.843361645937 236.8395376950502 6.49164230376482 291.7104212492704 21.98859214037657 1.33934859931469 31.81435073912144 3.725520215928555 57.4477711468935 1.156340003013611 0.1150437965989113 3.317778512835503 0 0
48.63849806785583 397.0076213628054 2725.540948659182 16.74417911469936 433.8934581726789 1.938914746046066 102.4735843613744 0 921.1054215878248 3.391940459609032 3942.037794575095 56.79454375803471 260.4490872919559 2017.184449523687 33.3375453427434 18.26100119203329 5.707119077444077 19.53774956613779 10.89322996139526 68.23204855620861 157.8671045079827 1.234386593103409 20.90715828537941 16.55637590587139 0.3820071816444397 13.49416684359312 7.335672661662102 1.364281103014946 0.2967570424079895 0.1223922520875931 1002.175126895308 382.6748662739992 192.6637389212847 42.29986993223429 9.509072408080101 42.83294084668159 15.32984542101622 3.564937427639961 0.9005962014198303 1.720499664545059 18.37360914796591 2.27579864859581 16.28205452859402 5.911565318703651 25.04902686178684 65.49321517348289 25.5440144315362 4.649010866880417 4.626370288431644 16.43925404548645 0.1113264262676239 0 4.970887944102287 0.5534358844161034 0 0.4503691866993904 21.03189770877361 129.3954579681158 9.781692378222942 4.848578184843063 233.5611653774977 14.38278414309025 84.20852436125278 125.1592479199171 0.4619136527180672 1.187647521495819 0.6382671967148781 0.6985002681612968 2.882455185055733 45.68384651094675 72.53565579652786 24.58161197602749 0 90.01747484505177 66.23042412847281 9.694416873157024 33.53848025202751 73.82632043212652 426.6199436038733 1224.065798610449 180.9411557689309 2023.026807665825 3.006211571395397 0.2017120271921158 0.8954416140913963 1.809775128960609 5.199761904776096 0.2881901934742928 0.2448132932186127 0 0 0.1777677834033966 3.454384967684746 0.3260999619960785 1.029476478695869 25.59813670814037 5.072888456285 3.479513227939606 7.175689190626144 49.55905283987522 0 0 0 0 0 1.416503608226776 0 0.1513457298278809 1.647627204656601 0.1519860178232193 0 3.085612788796425 4.923539474606514 2.683241739869118 5.045269779860973 3.551852203905582 0.1106695160269737 0 0.1061940789222717 0 0 0 0 0 0 0 0 0.8445583060383797 0.2055796086788177 0.1174275502562523 0 0 0.7578389048576355 0.2301441878080368 0.1171483546495438 0.3116377517580986 0 2.19374991953373 1.357504270970821 8.483890794217587 3.217770114541054 5.453716762363911 3.862885065376759 5.209404267370701 0 0 0.2989148497581482 0 0 0 0 0.2216725647449493 2.976890057325363 0 0 0 0.3186506032943726 0.4165209531784058 0 0 0 0.2583916261792183 0 0 0 0.5748040750622749 7.761196620762348 0 0 0 0.231450080871582 0 0 0 0 0 6.365142479538918 3.025436952710152 0 0 0 5.635017335414886 1.427904352545738 4.778075762093067 0.7071872502565384 0.8516554236412048 1.564871087670326 0.1578545123338699 0.2001181095838547 0.1246237307786942 0 0 0 0.3414591699838638 0.3584266006946564 0 0 1.987715788185596 2.232547223567963 6.786232873797417 182.1209350600839 17.3140063136816 310.0263242349029 175.4572109133005 85.0406710729003 75.02782156318426 2.29944733530283 190.324269272387 5.73466718941927 0.4576242417097092 4.385944247245789 0.1894578188657761 0.363982155919075 0.1504985690116882 0 0.9257639497518539 1.04847102612257 0
184.2805710583925 3555.543172962964 1688.133598536253 106.7830940634012 4379.96187184751 49.51692086458206 2887.393962092698 921.1054215878248 0 1065.359091356397 2466.16389028728 338.3623368740082 2424.752403795719 822.447577252984 7.222275763750076 0.1579207330942154 0.409251406788826 0.1026819571852684 0 0.3940226659178734 1.52020238339901 0 0.6872181296348572 0.3962288200855255 0 0.4006559103727341 0.2854205965995789 0 0.1137184426188469 0 293.6946258172393 19.62008833885193 15.21209366619587 0 0 0.7630746811628342 1.31935703754425 0.0822293758392334 1.397606492042542 0 0.3097849637269974 0 0.1539793759584427 0.123659648001194 0 0 22.12209329754114 0.09012553840875626 0 0.4866787046194077 0.5341037884354591 0 0 0 0.2189794331789017 0.6025041416287422 30.7907432243228 63.38655912131071 15.98004060983658 4.696257255971432 0.1451931297779083 2.114295683801174 0 15.10297890752554 1.27484967559576 1.326284505426884 0.4032638594508171 0.4960775673389435 0.1202679425477982 0.9402518942952156 37.67452766001225 21.56353390216827 0 102.5324301347136 34.78965490311384 5.461917400360107 14.81964620947838 1.868846505880356 20.69406840205193 20.77862185239792 0.7942191660404205 22.35834042727947 1.497310876846313 0.1187581196427345 0.6048738658428192 1.796145088970661 0.7053936794400215 0.5159574821591377 0.405610978603363 0 0 0.1211715489625931 0.5219720751047134 0 0 274.7425700575113 7.031539216637611 0 0.6386996805667877 31.10185919702053 0.2435573041439056 8.17633929848671 9.057941988110542 1.003292977809906 3.269698545336723 69.57154805213213 9.008876547217369 93.09102693200111 84.38165080547333 115.0874183923006 36.9508890286088 334.5331529304385 269.5999976247549 92.06684850901365 96.35107824206352 15.85687976330519 2.543436840176582 1.788053259253502 2.223445877432823 0 0 0.5685810446739197 0 0 0 0 0 5.500620029866695 0.5152345895767212 1.034024983644485 0.1255848109722137 0.7661724090576172 0 0 2.370235815644264 2.754868224263191 0 24.38897251337767 0.8014206662774086 75.80501499772072 40.4805491939187 59.23767510056496 22.40347964316607 15.3711869046092 0 0 0 0.1148197501897812 3.611649669706821 0.4072294235229492 0 4.919548392295837 29.01665688306093 0.2908479049801826 0 0 0.6947697773575783 0 0 0 0 5.743633680045605 1.276854254305363 0.1531516760587692 0.358394056558609 8.8340994566679 150.9591196626425 0.4810984209179878 1.805880337953568 0.1479659974575043 0 0.1110744774341583 0 0.3561845868825912 0 0 226.7995160073042 8.505805820226669 0 0 0 100.7936738803983 59.26246682554483 84.75594675540924 9.124995768070221 17.29285780340433 21.06811766326427 2.525507427752018 3.416179224848747 0.533926323056221 0 0 0 0.1853018999099731 0 0 0 178.226179279387 32.90633922815323 68.17067268490791 301.9279404208064 18.4687666669488 487.1638606637716 273.6835056245327 250.9284441396594 136.3226664587855 3.762605227530003 381.2871330156922 22.35574136674404 2.358213230967522 29.41372510045767 7.99791868776083 58.32273696362972 2.078638017177582 0.1150482892990112 9.115791752934456 1.258213713765144 0.7585739344358444
2188.879410669208 321.9222703129053 19.24834826588631 989.9320680201054 330.6237423419952 462.1708648949862 3539.19626249373 3.391940459609032 1065.359091356397 0 14.84918439388275 3987.866254284978 5604.321061849594 96.95562273263931 0 0.3407127559185028 0 0 0 0 0 0 0 0 0 0.188905730843544 0.2459428459405899 0 0 0 77.54094377160072 0.3343382775783539 22.66941902041435 0 0 0 8.27694271504879 0 1.09349051117897 0 0.1018777787685394 0 0 0 0 0 0.5313655957579613 0 0 0.0837155357003212 0 0 0 0.1269636303186417 0 0 29.94406332820654 89.06881538033485 2.265559405088425 1.076254338026047 0 3.399356424808502 0 0.2005929946899414 0.3792845532298088 0.4249295443296432 0.1802857890725136 0.3533337563276291 0.2448716759681702 0 146.7107747793198 3.020940527319908 0 26.41279106587172 10.27309014648199 0.2581553608179092 2.150799207389355 0.1656040847301483 0 9.47150245308876 0 7.926571041345596 0.8048737943172455 0.4251990914344788 0 1.022005707025528 0 0 0 0 0 0 0 0.1178550347685814 0 429.3487247824669 48.23041355609894 0 6.974878400564194 161.3229597657919 0 4.623441264033318 3.547344848513603 1.032767474651337 1.723948299884796 27.95306889712811 7.48546889424324 39.64239618182182 28.25719803571701 62.53208844363689 15.56309977173805 125.1764896959066 102.1748912259936 24.35147501528263 14.07121473550797 1.719582349061966 0.1509673446416855 0 0.1490157842636108 0 0 0 0 0 0 0 0 0 0.13133704662323 0.8250198364257812 0.1334148794412613 0 0 0 0.3224187791347504 0.6383842974901199 0 0.8309951350092888 0 10.16012559086084 0.2423043772578239 2.727998800575733 1.262902200222015 0.6456948444247246 0 0 0 0 0 0 0 0.7009859979152679 3.643671900033951 0 0 0.613691508769989 0 0.1732432693243027 0 0 0 0.0999053418636322 0.4839605465531349 0 0 1.02777972817421 14.52251218259335 0 0 0 0.1016882285475731 0 0 0 0 0 39.92517028003931 0.1382362544536591 0 0 0 11.67696604132652 5.490502297878265 9.526835933327675 0.8463469222187996 3.909915179014206 3.98894476890564 1.210963346064091 0.687386266887188 0 0 0 0 0.1129523068666458 0.1070804670453072 0 0 57.4314162582159 6.199416905641556 4.156860336661339 18.28281911462545 4.045813463628292 42.53338138759136 15.93367917835712 931.1834554672241 10.75771405547857 1.396343700587749 8.850348174571991 2.202837944030762 0.2152935862541199 3.124138318002224 0.3149140179157257 54.41802826523781 0.1497421115636826 0 0.1100490540266037 0 0.4048735797405243
180.6264400035143 1687.336868666112 2995.796473145485 27.84236025810242 1029.572036333382 7.181774988770485 450.0869124382734 3942.037794575095 2466.16389028728 14.84918439388275 0 386.486699193716 1424.723461061716 2437.097408458591 17.10600907355547 15.40737771987915 7.512437209486961 0.5922176986932755 0.2370871603488922 3.75692281126976 41.6006668806076 0.6382763385772705 2.946973353624344 8.380333311855793 1.655019849538803 10.7639119848609 1.326031222939491 0.5292113125324249 0.736824631690979 0 955.257392950356 128.7997995167971 610.8074576035142 1.155453875660896 0.3623608946800232 34.16637198626995 54.03921920061111 17.04675559699535 11.64235991239548 4.465565517544746 9.888529643416405 0.318693146109581 0.3593853265047073 2.47166234254837 0.3770754933357239 3.845750078558922 15.84149035066366 0.9114651381969452 0.2137152925133705 1.12833695858717 0 0.8115349411964417 1.094988703727722 0 0.3918629214167595 0.7398948967456818 18.37821814417839 88.87293682992458 7.596613191068172 2.108434990048409 12.0613164305687 36.08246891200542 23.73654785752296 39.442452006042 0.1655158773064613 1.407674394547939 0.8327334523200989 0.3782841116189957 0.2883816435933113 9.967826016247272 376.1277903020382 21.60816785693169 0.1860791593790054 61.76292949169874 31.12768257409334 5.528156317770481 20.92605493962765 16.02628026902676 395.8847432285547 115.0947437658906 2.858266972005367 154.3160231411457 1.647244900465012 0.2566182464361191 0.2968649119138718 0.734403558075428 0.3890409991145134 0.0826040580868721 0.3078345432877541 0.1033720895648003 0 0 3.263312503695488 0.1505157947540283 0 57.91601945459843 17.77366606891155 0.6569908857345581 14.66320829093456 67.84617284685373 0 1.359789341688156 1.077580764889717 0.2216054499149323 0.3459981679916382 5.187371723353863 0.8267707228660583 9.965733647346497 6.102589011192322 5.50557117164135 2.371675282716751 32.54455959051847 28.18752500414848 12.61776480823755 18.55178494751453 2.466030985116959 0.4603441655635834 0 1.1686767116189 0 0 0 0 0.1191287487745285 0 0 0 2.877724573016167 0.6124615967273712 0 0 0.5404271483421326 0.2526171803474426 0 0.3041480332612991 0.1570831835269928 0 2.963145941495895 0.3251815438270569 20.2405608445406 6.141560293734074 17.48698002099991 8.163604684174061 3.943069376051426 0.2540891170501709 0 0.09873338043689728 0 0.1037277653813362 0 0.1457635164260864 0.5242134407162666 5.709465101361275 0 0 0 0.1338067352771759 0 0 0 0 1.211876921355724 0.2095536738634109 0 0.2053962498903275 1.512672409415245 24.47840354591608 0 0.2234694212675095 0 0.1021501645445824 0 0 0 0 0 20.54742766171694 4.94655404984951 0 0 0 10.29436565935612 5.317904010415077 13.90390701591969 1.019635520875454 1.949580810964108 5.309875920414925 0.2573264837265015 0.8958849161863327 0 0 0 0 0 0.1463717520236969 0 0.1449333280324936 25.64750818163157 6.98078178614378 14.77926513552666 256.1772542372346 12.41048016399145 243.8977800905704 144.4196859300137 75.81990133225918 52.31445243954659 1.916722014546394 207.3560583591461 10.52829249203205 0.3655023127794266 8.65780071914196 1.012806326150894 4.044508188962936 0.435373030602932 0.08883301913738251 1.619553200900555 0.981976792216301 0.2912376523017883
329.8112386316061 91.4453801214695 57.86644086241722 420.0930979549885 58.60494741797447 225.3630501627922 1123.819071754813 56.79454375803471 338.3623368740082 3987.866254284978 386.486699193716 0 3800.574447363615 863.667123220861 19.60774650424719 16.92198130488396 4.037039466202259 0 0 1.026751168072224 6.656040817499161 0 0 2.417679786682129 0 1.436706438660622 0.4548130333423615 0.5643468275666237 0 0 62.53212232887745 75.693219602108 187.0168887227774 0 0 1.932898864150047 46.65468077361584 1.78515836596489 14.40408352017403 1.092153809964657 0.7035819739103317 0 0.2968538254499435 3.948800712823868 0.1096949502825737 0.0966997966170311 11.02777902781963 0 0.09957587718963623 0.1543485820293427 0.08153341710567474 0 3.945622503757477 0 0 0.3589248135685921 6.025385372340679 12.74291805177927 1.29184490442276 0.5000056624412537 0.6631852090358734 4.756240271031857 1.054614633321762 24.50084984302521 0 0.151579350233078 0 0.0975191742181778 0.2382237911224365 0.789539135992527 473.444628752768 86.52917751669884 0 14.28828504681587 12.60765974968672 3.861152075231075 18.18399082869291 15.41419893503189 12.2704064399004 364.7930167764425 0.8515550494194031 48.49925650656223 0.2012279778718948 0 0.2757053375244141 0 0 0 0 0.1187785938382149 0 0 0.8421286344528198 0.4732682108879089 0 1522.258245885372 376.94037232548 0 44.0364720672369 44.06287099421024 0.1340524107217789 4.434166625142097 4.541242890059948 1.658517107367516 1.378906391561031 54.54659448564053 8.311497665941715 56.28994190692902 39.20047941058874 71.03846031427383 18.79673905670643 217.2754041776061 177.8083674758673 79.49836465716362 112.8815461546183 17.54552281647921 4.643144816160202 0.883607991039753 3.876259796321392 0 0 0.1535438597202301 0.165126159787178 0 0.2105688229203224 0 0.2834692448377609 3.122712351381779 0.5666403621435165 0.2614676505327225 0.6581141948699951 0 0.3012601435184479 0.5509432107210159 1.099553428590298 3.563174530863762 0.130498468875885 14.23334161937237 0.8536837995052338 125.2925833463669 26.99165870994329 67.30999698489904 23.95537163317204 22.84846533834934 0.6434601098299026 0 0 0.61306993663311 1.068491496145725 0.3712236806750298 0 5.894236892461777 27.59471073746681 0.2318233102560043 0.522712416946888 0 1.699643433094025 0 0 0.09201622009277344 0.08097349852323532 3.374439813196659 0.865007758140564 0 0.955013208091259 7.734077282249928 132.1100090742111 0 0.5175369754433632 0.201024241745472 0 0 0.2202246636152267 0.1014345362782478 0 0.2662633657455444 186.4566800147295 14.01039669662714 0 0 0 64.63988778740168 35.35303822159767 64.92580930143595 7.007771447300911 18.46479694545269 26.70471806079149 2.516368053853512 4.202672213315964 0.3182903379201889 0.08702310919761658 0 0 0.1690120548009872 0 0 0 137.1343805864453 39.95340906828642 71.08208731561899 179.0968587398529 5.666322626173496 100.6323947981 57.46397121995687 202.9964065402746 12.59574294835329 0.4050938710570335 85.81116296350956 40.08471800386906 0.753006249666214 40.27971619367599 7.204889565706253 52.51304011046886 2.652636274695396 0.4916226044297218 10.08548025786877 0.1355480551719666 0.1294667571783066
231.7171716690063 621.0541479066014 311.7937930375338 485.1720880270004 643.418747253716 180.4619055688381 1551.987116791308 260.4490872919559 2424.752403795719 5604.321061849594 1424.723461061716 3800.574447363615 0 4264.643393598497 62.937001042068 134.9307486116886 37.24553356319666 0.3740549981594086 0.2072930485010147 3.154158063232899 29.49438773840666 3.649803459644318 0.3806545734405518 10.6326150149107 0.123574823141098 12.23428624868393 0 0.1101498082280159 6.831571653485298 0 109.3302145823836 86.68721971660852 1010.902869917452 0.5228794813156128 1.369946271181107 11.33937405049801 359.9963118880987 9.676768377423286 129.8953889161348 16.90071525424719 11.5078556984663 0.6931245028972626 0.4420120865106583 89.14408940076828 16.16418135166168 66.14301070570946 15.28636348247528 0.4195258542895317 0.2143853083252907 0.5738967657089233 0.1919742673635483 0.4232833832502365 27.52872839570045 0.09881877899169922 0 0.3270185589790344 6.007964074611664 24.35246681421995 4.011087864637375 2.026129379868507 6.112659551203251 89.7561074718833 5.848623543977737 30.30123365670443 0 0.4382700175046921 0.1038430407643318 0.2152129709720612 0.6015959307551384 8.235237941145897 1073.932476773858 215.5499292016029 0.4474204927682877 27.97136846184731 16.1783269494772 13.06451810151339 44.87822962552309 31.70333001762629 19.06931179761887 709.0889037027955 6.416594088077545 198.7357529103756 0.8046613559126854 0 0.1687112897634506 0.1993323564529419 0.3758682161569595 0 0.3661975786089897 0.1001345217227936 0 0 2.151883885264397 0.4573292881250381 0.106081135571003 2420.622585341334 254.2689806222916 3.304601892828941 53.80183404684067 45.86522813141346 0.2462826892733574 3.893781110644341 8.496624708175659 2.104619741439819 1.642673335969448 77.22253413498402 10.71669989824295 89.89817186444998 67.0569908618927 100.3776388466358 27.41419133543968 332.9010805636644 276.4661034196615 118.7237203866243 159.5622872561216 28.34915874153376 9.085281327366829 2.006765253841877 5.280246742069721 0.2171381190419197 0 0.414125919342041 0 0.5776039212942123 0.4437496513128281 0.7677425295114517 1.365850806236267 8.283562563359737 2.027219742536545 1.363206408917904 1.153095372021198 0.4762576073408127 0.8145615234971046 0 1.602389760315418 3.771135218441486 0.2154902890324593 34.45320238173008 2.449142403900623 173.3075463995337 61.96147590130568 130.6666549965739 50.74528008699417 36.19748871773481 0.7197552919387817 0.1248433366417885 1.011185593903065 0.6482729017734528 3.803710527718067 0.1402847468852997 0 6.621642701327801 47.18724735081196 0.1480218917131424 0.7514110952615738 0 1.729292616248131 0 0 0.3206644952297211 0 5.270431905984879 5.019110292196274 0.5225217565894127 1.344302110373974 14.78927590698004 223.4688980355859 0.3164579942822456 1.096792660653591 0.3145794272422791 0.8249906748533249 0.1096743643283844 0.2191966101527214 0 0.1131442040205002 0.1223791837692261 290.1898106485605 40.75432912260294 0.1189810931682587 0 0 111.109242208302 61.37603151798248 121.6102012991905 10.14518463611603 27.19591829180717 35.7724261879921 4.850523725152016 6.267625972628593 0.2170650213956833 0.1151945367455482 0.09029676765203476 0 0.2450772374868393 0 0 0 203.6087806150317 64.53546047955751 159.2907316312194 342.7987609356642 15.10629832744598 198.4152946472168 135.9695292711258 207.4264920353889 28.82936140149832 1.350580252707005 182.5580445602536 58.6140953451395 1.922687098383904 70.46109582483768 6.807082049548626 63.64091413468122 4.360538631677628 0.0834253653883934 13.24137536436319 0.7231424078345299 0.6634012684226036
84.74688765406609 1210.549072831869 1943.076253138483 2.729520909488201 580.72475451231 29.40389080345631 390.8173582851887 2017.184449523687 822.447577252984 96.95562273263931 2437.097408458591 863.667123220861 4264.643393598497 0 40.72276934981346 57.29241967946291 13.02040780335665 0.7014289945363998 0.4498701393604279 4.829678043723106 83.75693075358868 1.438962161540985 8.90610359609127 9.168258681893349 0.5542550832033157 11.0770408436656 2.049631506204605 1.854660362005234 1.311626598238945 0 611.7650002166629 129.6037028953433 855.356138959527 4.787041768431664 2.258397296071053 35.69011129438877 677.1524371951818 21.65346682071686 377.4012028649449 48.29364389181137 7.319484375417233 0.7413364797830582 1.40363273024559 20.68320144712925 0.1414664685726166 6.476397603750229 14.70783746987581 0.5112392157316208 0.3460496515035629 1.089434415102005 0.2103781849145889 0 39.24872156977654 0.4216340184211731 0 1.027467712759972 9.325044669210911 53.45520045608282 8.163669914007187 2.615380249917507 8.162958219647408 28.68575057387352 12.46661952137947 50.78361158072948 0.4690042659640312 0.6265827640891075 0.515601322054863 0.5029580742120743 0.373524509370327 12.30304659903049 777.8309910669923 76.27180697768927 0 45.42716152966022 28.76817820966244 8.933538407087326 42.73088767379522 35.07041397690773 251.8220954090357 833.5533231049776 12.92258715629578 282.4563048928976 0.9919066876173019 0.2327186465263367 0.1855128109455109 1.068360596895218 0.5597202107310295 0 0.1619764566421509 0 0 0 2.568507671356201 1.360437259078026 0.6192885562777519 425.1011940836906 55.12747132778168 2.635982319712639 108.1358609348536 47.15400250256062 0 0 0.1265988647937775 0 0.2336740121245384 11.70320304483175 1.131458774209023 16.7213501483202 10.26620151847601 15.70360137522221 6.296296007931232 59.8570411503315 59.1823248937726 32.28355129063129 44.93128383159637 8.611923359334469 3.985764108598232 0.9702187702059746 0.978127509355545 0 0 0.8473803400993347 0 0 0 0 0 2.395638346672058 0.7812694385647774 0.5421489179134369 0.3365804404020309 0.2245701849460602 1.211573034524918 0 0.242412693798542 1.579277984797955 0.313558891415596 10.25427078455687 0.6511079519987106 65.14028622955084 16.79513017088175 44.41961921751499 20.70821722596884 13.67977413535118 0.1536377966403961 0 0 0 0.605192556977272 0 0 1.210755325853825 13.41797824203968 0.3290081843733788 0 0 0.1551724523305893 0 0 0.1470219194889069 0 1.24235463142395 0.5103325843811035 0.1249974295496941 1.041404277086258 2.050010859966278 69.21913585066795 0 0.3634690493345261 0 0.3378675132989883 0.2132436409592628 0 0 0 0 85.47587490081787 11.96462167799473 0 0 0.07523207366466522 39.84856048971415 16.05693000555038 38.89967828243971 3.643195457756519 6.34662252664566 9.744303904473782 0.8289455100893974 2.015410654246807 0.136985719203949 0 0 0 0.1066495925188065 0 0.1000424176454544 0 42.98360481113195 24.46988814324141 49.5015587285161 302.4593387320638 18.0205844193697 213.2958351448178 122.8248397558928 75.84308917075396 42.42379577457905 3.43427100032568 192.4841665178537 21.92224647849798 1.038102850317955 20.43015515804291 2.165191896259785 13.02446117997169 1.952402994036674 0 4.972189389169216 0.6752474755048752 0
