0 3036.204211957753 211.3793861567974 962.7011096850038 429.7071799784899 93.42722883820534 1382.478658899665 75.95272379368544 211.153334274888 1778.163422636688 291.4574143216014 269.9257862046361 482.2146244570613 232.7577689960599 0.500942163169384 0.2229084372520447 0 0 0 0 0 0 0 0 0 0 0.12081428617239 0 0.1149677187204361 0 691.0132899582386 0.4701124429702759 4.10979126393795 0 0 0.1999294757843018 3.18743109703064 0.1141851544380188 0.7033882439136505 0 0 0 0 0.799459382891655 0 0 6.911700151860714 1.021478556096554 0.1008252054452896 0 0 0.6140279471874237 0 0 9.363710075616837 7.760737426578999 106.941090285778 545.2838742062449 6.820439681410789 3.730471573770046 0.1074795499444008 0 0 4.413829177618027 5.090095393359661 0.2806782722473145 0.09235105663537979 0.09675554931163788 0.275619849562645 0.1113080605864525 9.624586343765259 9.69710448384285 0 84.30959635227919 73.43703522533178 6.434793472290039 2.322425439953804 0.8348740711808205 4.256855770945549 15.79350683838129 0.1053532660007477 0.9230414256453514 9.184199571609497 0.1981623247265816 0.475360743701458 2.237362951040268 0.0921417772769928 0 0.1698670759797096 0.6364721655845642 0 0 0.1789495050907135 0 0 199.8597618639469 4.086418226361275 0 0.4723306000232697 1049.252784669399 0 1.305593572556973 3.226138934493065 1.056955754756927 3.611172169446945 7.227238178253174 2.923836663365364 9.55521148443222 31.8709575086832 8.050618097186089 3.488169208168983 17.52324956655502 11.23391376435757 8.218684315681458 3.23917630314827 0 0.1530378013849258 0 0 0 0 0 0 0 0 0 0 0 0 0 0 0 0 0 0.4957990646362305 0 0 0 0 0.1074579581618309 0 0.590753510594368 0.4099946171045303 0.0902872309088707 0 0 0 0.3988063633441925 1.226477921009064 0.1408169269561768 0 0.548423558473587 1.016272589564323 0 0 0 0 0 0 0.194893553853035 0 0 0 0 0.3204230666160583 0 2.609039448201656 0 0.5828036367893219 0 0 0 0 0 0 0 3.956441611051559 0.8311405554413795 0 0 0 1.02034130692482 2.021602548658848 1.041219502687454 0 0 0.3764693439006805 0 1.076357752084732 0 0 0 0 0 0 0 0 3.48053003847599 0.3017649054527283 0.7538310587406158 61.69777067005634 5.296255350112915 61.98757892847061 17.87933228909969 1288.185745149851 3.9564393684268 1.06147226691246 4.227275677025318 3.412123575806618 0 3.323579341173172 1.661844521760941 25.76308065652847 0 2.306344509124756 0.4259773343801498 0 0
3036.204211957753 0 1709.882819093764 397.1675833538175 4930.072298765182 213.7771678566933 5772.113043859601 434.3573231399059 2171.740569673479 700.2516197636724 2774.067973233759 64.86291174590588 737.0650298967957 1128.492432445288 2.466514125466347 1.714628584682941 0.1706413254141808 0.1187449842691422 0 0.218938983976841 0 0 0 0 0.1393948644399643 0 0 0 0 0.122105747461319 3229.855406291783 12.35286416113377 6.008051753044128 0.09609875082969666 0 0.2909599244594574 1.078016720712185 0.2446572035551071 0.4547683745622635 0.5314752608537674 0 0.4251246824860573 0.09771987050771713 1.036805361509323 0.239947035908699 0 95.7400373890996 6.022586263716221 0.9006866663694382 1.082210965454578 0.3340703994035721 0 0.07497338205575943 0.09466352313756943 87.05841380357742 69.27253202348948 98.66244831681252 1087.92558696866 5.70384481549263 55.76983656734228 0.0947219654917717 1.11571653932333 0.354587197303772 73.34848482906818 55.43693331629038 5.420926369726658 4.245268255472183 1.16603310406208 0.8752604797482491 0.4260597303509712 2.760143376886845 1.944841593503952 0 334.477355889976 461.1047210693359 83.17721705138683 29.87777309864759 0.7751031741499901 26.16347821801901 61.85642597824335 0.8391946628689766 4.32816806435585 86.18124869465828 0.9344228878617287 12.94768469780684 23.48983472585678 1.654701083898544 0.09928827732801437 1.230571001768112 0.197093591094017 0.2470542415976524 0.2238515540957451 0.4545930698513985 0.3103066757321358 0.4587669670581818 124.4091014266014 1.561011642217636 0 1.3067786693573 1099.300157800317 0.4625066220760345 1.912793293595314 6.152786955237389 4.496657758951187 5.54060897231102 29.62007541954517 4.950079798698425 21.69343446195126 71.62964172661304 17.68121646344662 4.31808303296566 42.28786657005548 25.60000152885914 33.84862688183784 18.55797536671162 0 1.546848252415657 0 0.5621145367622375 0 0 0 0 0 0 0 0 0 0 0 0 0.2624097242951393 0 0 0.9624340832233429 1.191608488559723 0 0 0 6.635204300284386 0 9.887331679463387 4.818814255297184 3.357976660132408 0 0 0 0.2135064452886581 1.901524849236012 1.053375706076622 0 0.7259467840194702 2.377123311161995 0.434940367937088 0 0 0 0 0.2902323305606842 0.8941861912608147 0.2403647676110268 0 0.1870914995670319 0 2.10546613484621 0.219868004322052 17.50510649383068 0 0.7328372895717621 0 0 0 0.4555929452180862 0 0 0 19.16638100147247 0.1776899844408035 0 0 0 1.80281288921833 5.696786992251873 4.797333016991615 0.4743646085262299 1.151571959257126 3.152290813624859 0.6242966502904892 1.047849521040916 0.09155678004026413 0 0 0 0.4304463714361191 0 0 0 11.8450186252594 2.847355857491493 4.130351915955544 155.8562104776502 50.82017751783133 686.8375343456864 115.8563601821661 2039.113200761378 14.82230330258608 4.387411028146744 59.58518693596125 14.54219876229763 0.1381760388612747 15.0069497153163 3.762629337608814 58.89134238660336 0.415600597858429 0 3.453469425439835 2.194208174943924 0.9995806217193604
211.3793861567974 1709.882819093764 0 1.188056387007236 570.4662393033504 4.761690065264702 55.68867786228657 999.7120152115822 315.9069664552808 11.77354075759649 1474.941307485104 22.96832928061485 55.62846803665161 418.3062220662832 3.00062008947134 3.411617986857891 1.062221817672253 1.551790751516819 0.2505609318614006 1.552135653793812 1.978664681315422 0.2533915042877197 0.1168357506394386 0.3324065059423447 4.084471188485622 0.566145122051239 2.132817715406418 0.4197845086455345 0 0 3946.185098588467 222.388699889183 28.50547635555267 0.1395942866802216 0.4246853217482567 8.665563702583313 15.56352716684341 6.654126763343811 8.143900841474533 3.310726925730705 6.588749460875988 1.92309445142746 2.405538909137249 4.95675090700388 0.4017304331064224 0.7358680665493011 37.26547487080097 4.359251499176025 0.4775303825736046 6.578666374087334 3.119773700833321 0.1221354603767395 0.460463710129261 0.9940761253237724 24.61435963958502 14.98380650579929 40.58629559725523 1422.660186871886 1.226263001561165 17.34436785429716 0.8205483928322792 11.91251561790705 10.52440419793129 526.1827298775315 12.99670515209436 2.836638160049915 2.396294131875038 13.35247313976288 18.81892106682062 21.94773077964783 20.42703752219677 12.51383444666862 0 131.195820055902 247.4921693205833 33.42423985153437 29.63754450529814 6.129551850259304 237.6824040412903 881.6954932883382 3.628712467849255 327.066644385457 23.43912553042173 0.4464660361409187 4.74855363368988 6.223611272871494 2.284481003880501 0.2162442207336426 0.4611714482307434 0 0.227734662592411 0.7670232430100441 7.253229290246964 1.02552654594183 0.2230501100420952 23.81422302126884 6.046760156750679 0 2.174852669239044 209.2264748960733 0 0 0 0.9530935287475586 0.7420834451913834 0.3371186554431915 0.2520689964294434 1.645493730902672 0 1.714825049042702 0.2728844285011292 3.83452408015728 0.780220091342926 2.281554862856865 2.74780909717083 0.6347107887268066 0.514915756881237 0 0.2846170887351036 0 0 0.1156691908836365 0 0 0 0.09633440524339676 0 0 0 0 0 0 0.2917901426553726 0.1322219967842102 0 0.2174921184778214 0 0 0 3.464717082679272 0 5.445716202259064 3.01056133210659 1.087867714464664 0 0.1306201964616776 0.3581193089485168 0 0.5025809705257416 1.402270272374153 0 0.3097622990608215 0.7299453020095825 0 0 0.280854195356369 0 0.7462624534964561 0 0 0 0 0 0 0.2457719892263412 0 4.372191682457924 0 0 0 0.1979614347219467 0 0.1781294047832489 0.1163825541734695 0 1.049058958888054 2.452107205986977 0.2565934807062149 0 0.1454450041055679 0.3591358438134193 0.8795585259795189 3.860314406454563 2.464664503931999 0 0 0.8318032026290894 0 0.3256860822439194 0 0 0 0.1096299961209297 0.1524108499288559 0 0 0 1.14822743833065 1.300486966967583 6.089874923229218 58.88925185054541 16.83316604048014 186.5802652463317 33.30042415112257 217.0649337694049 7.502205207943916 0.835312083363533 17.56373909115791 4.24965388327837 0.2992939576506615 2.520297817885876 1.471307158470154 4.466830216348171 0 0 0.8813762739300728 0.5270520150661469 0.1515404433012009
962.7011096850038 397.1675833538175 1.188056387007236 0 143.4570751562715 282.0573641657829 2166.585172660649 0.7787347808480263 183.047723762691 2154.74691349268 3.818111285567284 189.8882347643375 2040.942609414458 530.7285344004631 0 0.7740654796361923 0 0 0.1024380773305893 0.09915048629045486 0 0 0 0 0 0 0 0 0 0 133.1936855316162 0.7424872368574142 0 0 0 0 0.7913592830300331 0.2035523429512978 0 0 0 0.1519116163253784 0.1213370189070702 0 0 0 15.62309224158525 0.7334569171071053 0 0.201301708817482 0.5346385538578033 0 0 0 12.2364294230938 8.633692853152752 21.12448124587536 263.8031134009361 1.418782949447632 9.476086884737015 0 0.1156732812523842 0 10.09724010527134 9.454741157591343 0.8771956712007523 0.6690380945801735 0.1231708452105522 0 0.1714553833007812 2.554588608443737 1.683331482112408 0 54.92936513572931 69.77762578427792 9.758498348295689 3.737064220011234 0.1245324313640594 0 1.368758015334606 0 0.31139225512743 13.95761020481586 0 2.708782054483891 2.978075921535492 0 0.2797432765364647 0.8009257912635803 0 0 0 0.1469481587409973 0 0 161.698073759675 0.2732068002223969 0.4906133115291595 0 306.5202739685774 0.1805192232131958 4.199622809886932 4.2776268273592 1.652505233883858 5.486246228218079 11.66854737699032 2.97234246134758 17.23902532458305 18.71009737253189 11.40673236548901 6.454987719655037 26.48551571369171 17.56037184596062 14.13512901961803 7.841089174151421 0 0.1533771008253098 0 0 0 0 0 0 0 0 0.256695955991745 0.4904656112194061 0 0 0.3018895387649536 0 0 0 0 1.341773614287376 0.4998013973236084 0 0.3431135714054108 0 3.519777625799179 0 1.720938116312027 2.469411224126816 0.6137487888336182 0 0 0 0.17286616563797 0.7175467759370804 0.6068013310432434 0 0.5226273536682129 1.277785703539848 0 0 0 0 0 0.2955863028764725 0.6479184478521347 0 0 0.3544093817472458 0.372598871588707 0 0 4.800973400473595 0 0 0.1979144662618637 0.1704123467206955 0 0 0 0 0 7.525104716420174 0 0 0 0 2.755405306816101 2.649028956890106 2.074162229895592 0 0 0.7446489930152893 0 1.283131644129753 0 0 0 0 0.114813357591629 0 0 0 6.032642483711243 1.109543606638908 3.898622751235962 42.82314383238554 6.809366710484028 128.1776618361473 21.80421005934477 797.0978080257773 2.007496617734432 2.828781396150589 11.78535293787718 9.443784236907959 0 7.763663172721863 0.6220638528466225 23.96996180713177 0.3888918161392212 0 2.096562072634697 0 0.2598440945148468
429.7071799784899 4930.072298765182 570.4662393033504 143.4570751562715 0 32.54620084166527 1852.223251745105 10.96559232473373 8611.494228556752 1505.494058839977 355.8356565013528 95.97554528713226 453.9966143146157 2553.822444878519 2.448344804346561 3.335691399872303 0.2202176377177238 0.4136360287666321 0.1130721047520638 0 0 0 0 0 0 0 0 0.1369397938251495 0 0 508.7551328167319 7.762687884271145 7.513216219842434 0 0 0.1295865625143051 2.240088820457458 0.5007567256689072 0.6240383982658386 0.1961483061313629 0.09613329172134399 0.4566257670521736 0.5089314877986908 0.4297326058149338 0 0 77.27649130672216 6.323834456503391 0.5449802577495575 0.7604132667183876 0.3530111163854599 0.1440297663211823 0 0.5555747151374817 36.28025455027819 24.40568263828754 18.16762891411781 179.5450230762362 3.362777225673199 23.08380989730358 0.2008503377437592 0.8382410109043121 0 45.25125358253717 29.79942733794451 3.96598257869482 4.563853822648525 1.600384324789047 0.9602712243795395 0.6553380638360977 5.104509428143501 5.994938738644123 0 87.21009200066328 146.0746304243803 43.85973881930113 41.46653161942959 3.432950049638748 1.31003725528717 12.79640628397465 1.535162977874279 1.899796031415462 40.82704824209213 0.4961329847574234 8.36733091622591 11.59321705251932 1.701820194721222 0 1.213744051754475 0.1124308034777641 0 0.106670469045639 0.9981001615524292 0.6207846850156784 0.8399037197232246 155.633892737329 2.658369235694408 0 0.4025887548923492 65.20059421658516 1.378410220146179 4.283192858099937 8.757295444607735 2.230358347296715 15.8427719026804 12.83896085619926 9.449978843331337 46.74080400168896 23.33335900306702 36.70212255418301 17.35760521888733 79.07993490993977 55.05345679819584 76.76934176683426 59.57486985623837 1.488490283489227 2.982665777206421 0.2242569923400879 2.514197416603565 0.1599799394607544 0 0 0 0 0 0 0.504713237285614 1.615742713212967 0.77357117831707 0.4735986888408661 0 0 0.2656189501285553 0.5277827978134155 2.279431834816933 0.6096925735473633 0 0 0 14.42946247756481 0 23.69396487623453 6.430832430720329 5.673412516713142 0 0.2254898250102997 0 2.997358307242393 6.338839188218117 5.682730659842491 0 1.91493421792984 9.300852291285992 0.6103598028421402 0 0.2603025436401367 0.1013032421469688 0.1660895347595215 0.829547680914402 2.563990041613579 0.08513898402452469 0.3319393396377563 0.7067866027355194 0 5.688932180404663 0.8900348544120789 53.17463451623917 0.133174791932106 1.481436893343925 0.2245025336742401 0.1216695308685303 0.1055038496851921 0.3307912051677704 0 0 0.4856407344341278 62.85175147652626 0.3570662140846252 0 0 0 10.78853645920753 21.63397389650345 15.23359493166208 0.8057969659566879 7.327392175793648 4.802777275443077 2.675832450389862 5.895940288901329 0.1459903866052628 0 0 0 0.09863276034593582 0 0 0 36.81602494418621 10.78182004392147 11.84806823730469 161.4598630815744 66.73846020549536 494.2312098294497 92.31047366559505 382.5212232097983 21.40076646208763 4.139961056411266 72.55379982292652 29.3232759013772 0.1146652325987816 31.55001367628574 3.977223455905914 78.56811083853245 0.4247484058141708 1.578896567225456 14.97117771953344 0.5806292593479156 0.4604076147079468
93.42722883820534 213.7771678566933 4.761690065264702 282.0573641657829 32.54620084166527 0 269.3540397435427 0.6942671239376068 58.67203621566296 795.0701286643744 7.211212158203125 231.3293391615152 350.8061910420656 107.1345672905445 0.1751765012741089 1.745062232017517 0.2017337530851364 0 0 0 0 1.144590646028519 0 0 0 0 0 0 0 0 10.81551100313663 0.8219955712556839 43.44284154474735 0 0 0.4749397486448288 45.30336003005505 0.3412582948803902 18.05989970266819 1.112388029694557 0 0.1587318032979965 0 0.1637774258852005 0 0 1.068442210555077 0.3010291159152985 0 0 0.2045472413301468 19.46377395093441 0.5757150948047638 0.5845040082931519 0.3387461826205254 1.163697488605976 152.676318615675 61.66647709161043 6.340573742985725 0.648060142993927 0.2251099348068237 4.473643615841866 0 2.574529245495796 0.1702928766608238 0 0.7645236700773239 0 0 0 241.6007263362408 645.2582764923573 11.37757562100887 1.373381793498993 3.451257385313511 0.3451047092676163 1.539398163557053 2.706142753362656 0.8163407295942307 36.29554675519466 1.817060366272926 8.179405927658081 0.4110008776187897 4.982914939522743 0.1054158061742783 1.828703686594963 0.2300399094820023 8.755339786410332 6.089417651295662 17.01916410773993 0.8828333914279938 0.6263906359672546 0 0 1.778421953320503 562.5527363419533 220.741764947772 37.06350210309029 26.08288505673409 454.7264336496592 0 1.557785928249359 2.018957987427711 0 1.760513216257095 2.179867595434189 2.784817963838577 6.322419732809067 10.1330206990242 7.445240512490273 1.251355767250061 14.16951909661293 9.24512791633606 5.848369061946869 1.251325443387032 0.3495935946702957 0.6187263280153275 0 0.202995628118515 0 0 0 0 0 0 0 0 0.368245929479599 0 0.2606008946895599 0 0 0 0 0 0 0 0 0 2.980650596320629 0 3.226301550865173 4.507680505514145 1.628999814391136 0 0 0 0.1310026049613953 0.1956049501895905 1.096739754080772 0 0.1216351389884949 0.5245060920715332 0 0 0.4503976106643677 0.4629483222961426 0 0 0.3146126717329025 0 0 0.2707222998142242 0 0.5338050425052643 0 2.118471533060074 0 0 0 0 0 0 0 0 0 1.606854110956192 3.510126873850822 0 0 0 0.2049995511770248 0.3190000802278519 0.8840025365352631 0 0 0.1457591503858566 0 0.9980442970991135 0.1006896197795868 0.2145924121141434 0 0 0 0 0 0 1.581112995743752 1.827727034687996 6.315651342272758 24.65552417933941 0.8793602138757706 4.785535767674446 1.198436386883259 183.0933278501034 1.595942050218582 0.7304130643606186 1.005166679620743 2.55178489536047 0 1.456791274249554 0.272246852517128 16.84749314188957 0 0 0 0.1757701635360718 0
1382.478658899665 5772.113043859601 55.68867786228657 2166.585172660649 1852.223251745105 269.3540397435427 0 11.88986775279045 3897.285908520222 3774.88360787183 173.1643409952521 100.0909189879894 4761.727411657572 2465.109596423805 8.678354308009148 8.228230707347393 0.2535004690289497 0.7978300675749779 0 0.1458991467952728 0 0 0 0 0.2067794427275658 0 0.1019648164510727 0 0.1160732880234718 0 353.5341672673821 13.45935997366905 11.7069519162178 0 0 0.103510357439518 3.722989603877068 0.188616655766964 0.09922284632921219 0.2310087755322456 0.08929970860481262 0.8611965104937553 0.1420926153659821 1.911590047180653 0 0.1094814389944077 132.5601028427482 11.21112266927958 0.5635578483343124 1.950362659990788 1.034710466861725 0.3343067169189453 0.1080700904130936 0.5475457832217216 80.91263505071402 55.83860059082508 50.01803339272738 449.7562690749764 6.612422630190849 53.59140011668205 0.1089313104748726 2.045168980956078 0.5840999335050583 81.4833472892642 56.91117684543133 7.972346089780331 7.184314548969269 1.395347759127617 1.48568132519722 0.5896397456526756 12.49351400136948 9.971861809492111 0 182.4953049719334 359.9435423240066 93.68580796569586 65.71487510949373 7.126979291439056 1.165935538709164 17.17752092331648 1.147362343966961 3.268274113535881 86.09734043478966 1.059595786035061 17.13087741285563 23.66126401722431 4.285444803535938 0.1007206812500954 1.728291839361191 0 0.4795877113938332 0.110013484954834 1.784210205078125 0.4676455333828926 1.63668554276228 472.6071233227849 3.089440047740936 0.293931782245636 0.9823886007070541 177.4411106556654 2.068857923150063 9.353535518050194 21.20298865437508 11.43736718595028 34.1984389424324 35.57791644334793 14.50365760922432 86.55764044821262 101.0074266716838 72.24419347941875 40.49540741741657 146.3310595303774 103.3270902037621 112.4852863922715 85.80741699039936 1.740618392825127 3.994960717856884 0 0.5732869356870651 0 0.1262692809104919 0.1715965270996094 0 0 0 0 0.9529284238815308 0.7762203812599182 0 0.2765395641326904 0 0 0 0 2.563312366604805 0.1428825855255127 0 0.3163011819124222 2.487977415323257 22.59065384417772 0.6704618334770203 37.08790489286184 7.829822808504105 6.812292590737343 0.3033863008022308 0.1826202124357224 0.3309103846549988 2.199843972921371 5.585961133241653 4.753453627228737 0 1.224618375301361 8.965818151831627 0.8026228696107864 0.3220162838697433 0 0 0 0.4170876145362854 2.238372527062893 0.2602305114269257 0 0.926491305232048 0.1838530004024506 5.29988095164299 2.546534925699234 76.20601950585842 0.744249165058136 1.042205572128296 1.167918764054775 0 0.3670494481921196 1.108297385275364 0.1550150215625763 0.2659293040633202 0 104.7123693674803 0.5818047076463699 0 0.149088129401207 0 18.05203737318516 30.36919867992401 27.78023180365562 0.7203388512134552 5.892071530222893 6.95742954313755 3.084100008010864 6.554830275475979 0 0.1146493479609489 0 0 0 0 0 0 49.95896233618259 24.38946224749088 17.1568181887269 277.0539059266448 119.7874438166618 876.8908831402659 156.7826958298683 1260.706711366773 28.96055642515421 2.89915969222784 120.1245097368956 34.5654536113143 0.7272539064288139 29.89265786111355 5.923219837248325 126.6855585500598 1.387136839330196 0.392737902700901 8.774840712547302 2.505680300295353 1.527388215065002
75.95272379368544 434.3573231399059 999.7120152115822 0.7787347808480263 10.96559232473373 0.6942671239376068 11.88986775279045 0 411.7516868710518 2.548779226839542 2491.044145680964 54.32140725851059 93.47248174250126 881.3058890327811 25.85107408463955 40.08156161010265 2.745596893131733 4.217166125774384 0.2704881131649017 1.737416550517082 5.259856060147285 0.4178136885166168 0 0 5.660270877182484 0.1217532753944397 1.209127373993397 0.575207993388176 0.1386322826147079 0 1288.057038098574 2833.911969929934 60.82214554399252 0.8180431425571442 0.149055540561676 11.45960710942745 23.52891806513071 7.983194902539253 6.014293171465397 3.272589072585106 6.480153411626816 3.469474032521248 6.719918139278889 13.03822812438011 1.959138266742229 1.273345068097115 214.3920887559652 10.35219029337168 1.34461373090744 7.161818474531174 2.987249076366425 0.8630432561039925 0.2616555690765381 2.047871761023998 45.72488886862993 27.48088745027781 30.79232251644135 593.3631410300732 3.789301447570324 51.73172479867935 4.299661226570606 24.35601107776165 7.759379088878632 791.6081277951598 35.30113159120083 6.63573344796896 5.912017069756985 9.706445328891277 22.32935888320208 20.52761127799749 21.4209576100111 15.09072421491146 0 142.5079717412591 405.3864732161164 184.6131392419338 363.1171293184161 155.8452049717307 487.521495424211 2004.507376365364 154.9106908217072 1329.94873457402 64.46895185858011 0.4607831910252571 11.50088139623404 15.15255118906498 6.655071347951889 0.2903979867696762 2.402328193187714 0.4260556772351265 0.6783252209424973 0.2397284731268883 10.74274588376284 1.807611107826233 1.924252159893513 30.99599726498127 13.51385846734047 0.3940757513046265 6.322268009185791 28.87375701963902 0 0 0 0.7414669990539551 0.5425168871879578 0.2937525808811188 0 1.272666186094284 0.3185988366603851 0.1837433129549026 1.044335812330246 2.521480694413185 1.984073907136917 1.512772127985954 2.677527323365211 0.388739176094532 1.530294150114059 0 0 0 0 0 0 0 0 0.2080596834421158 0.1163158789277077 0.5891024470329285 0 0.2968859970569611 0 0.1903230845928192 0.1332587152719498 0 0 0.2037793695926666 0 0 0 1.370545700192451 0 4.455454178154469 6.101439997553825 1.443538643419743 0 0.5379928797483444 0.3458476215600967 0 0.9062238782644272 0.7372504621744156 0 0 0.5739551186561584 0 0 0.3196570053696632 0.1276197731494904 0.1259792149066925 0 0 0 0 0 0 0 0.2147644758224487 5.181813634932041 0 0 0.1136094182729721 0 0 0.1199598237872124 0 0 0.5252131596207619 2.081569455564022 0.5757758617401123 0 0 0.1071912124752998 0.7797129154205322 3.083780981600285 3.145105987787247 0 0.4541026204824448 0.5133621394634247 0 1.124740451574326 0 0.1390699297189713 0 0.2054955363273621 0.3174269199371338 0.2928901463747025 0.2321701496839523 0 1.084218055009842 0.2680253386497498 4.859472252428532 167.4030281826854 85.21161408722401 659.5348781123757 87.12238798290491 146.417344622314 25.55597756803036 2.60796694457531 80.3113222643733 8.095425225794315 0.06880705058574677 4.543687045574188 2.289962157607079 4.090335324406624 0 0 0.5472792536020279 1.601532578468323 0
211.153334274888 2171.740569673479 315.9069664552808 183.047723762691 8611.494228556752 58.67203621566296 3897.285908520222 411.7516868710518 0 1467.971160426736 2954.357172980905 106.394025400281 814.9378666877747 3059.431443795562 21.01222724467516 24.74388675391674 1.322609640657902 3.000959023833275 0.2317458689212799 0 0 0 0 0.2776294648647308 0.1219065338373184 0.1041064634919167 0.2497474327683449 0.4890336692333221 0.2189518362283707 0.1713985353708267 207.108024597168 6.610323421657085 26.90358030050993 0 0 0.9265846833586693 5.460260532796383 1.437858879566193 1.216870382428169 1.39725898206234 0.7461758106946945 2.877276875078678 0.5124193206429482 3.638975560665131 0 0.3872724026441574 122.4250222966075 7.464160777628422 3.551687806844711 2.811486348509789 1.716728754341602 0.7481204941868782 0.4241616427898407 1.256783328950405 26.99125053733587 20.86417527124286 17.76331294327974 105.6804211214185 2.589190401136875 19.58626210689545 0.4817412570118904 1.206033676862717 0.08288518339395523 43.60107409954071 25.6409232839942 6.934172235429287 5.262573316693306 1.98790181428194 1.374591089785099 2.3000508248806 28.78565533459187 10.14580668509007 0 57.59360083937645 96.17931803315878 76.6986893415451 105.0378431007266 19.09125116467476 2.629937902092934 31.50142151862383 0.7975163832306862 3.992137424647808 33.13887102156878 0.2317564487457275 10.23042879253626 15.08773975819349 5.598230414092541 0.1864935979247093 2.283095762133598 0.2765633910894394 0.4716610908508301 0.1456148475408554 3.986094653606415 0.2535688877105713 3.73134707659483 473.7129126638174 3.028851509094238 0 0.5156827718019485 43.64970844238997 3.657133109867573 11.30915628373623 24.97762067615986 13.13571387529373 40.42173838615417 41.24090507626534 13.58563709259033 128.7973399981856 64.64088456332684 92.53411276638508 47.38037064671516 249.5338812768459 162.008787073195 177.9952462315559 140.8691657781601 4.072728514671326 6.713031642138958 0.2803774476051331 4.629420295357704 0 0 0.2442331612110138 0 0 0 0 0 0.6393995732069016 0.5178311467170715 0.9919777810573578 0.1158305630087852 0.27568319439888 0 0 6.042666226625443 3.632681995630264 0.5910954624414444 1.723132520914078 0 36.80044104903936 0 68.26374473422766 15.62022890895605 10.55540752410889 0 0 0.6527150869369507 7.561701729893684 16.98114576935768 7.569095119833946 0 4.126297153532505 18.54111107438803 0.7548409253358841 0.147913783788681 0.2602730318903923 0.6203487515449524 0.2744612246751785 0.4175548553466797 4.727285571396351 0.513326495885849 0.2333820313215256 2.296362340450287 1.204616203904152 10.57158572226763 2.589988619089127 129.4657922610641 1.216198436915874 3.169959895312786 2.446371652185917 0.2488995790481567 0.125076025724411 1.249271683394909 0.1267556101083755 0 1.30629588663578 167.2264327034354 2.553478837013245 0 0 0.1425324976444244 29.57279773801565 52.60322394967079 47.91057480871677 2.605356737971306 12.28626265376806 11.70917013287544 5.377783134579659 9.51399752497673 0.4744629710912704 0 0.1028970927000046 0 0.2927560359239578 0.3318398594856262 0.08823376893997192 0 100.4616811424494 42.60850282013416 25.85186392813921 445.2656944990158 128.2048921585083 694.3652759119868 143.6682724654675 467.4706064760685 55.01535166054964 2.030102163553238 173.3742022961378 55.00278416275978 0.7223267406225204 61.00631961226463 6.192657113075256 172.8665140345693 2.347541838884354 0 21.65076036006212 7.032906763255596 1.708540506660938
1778.163422636688 700.2516197636724 11.77354075759649 2154.74691349268 1505.494058839977 795.0701286643744 3774.88360787183 2.548779226839542 1467.971160426736 0 23.23131555318832 1891.115512549877 8608.945679545403 856.657197766006 0.9164400547742844 1.593204908072948 0.0994129478931427 0.1193505376577377 0 0 0 0 0 0 0.2699095755815506 0 0 0 0 0 119.0608179420233 0.9217878729104996 6.106362253427505 0 0.134884387254715 0 1.526737235486507 0.1377288699150085 0.806621327996254 0 0 0.1071577146649361 0.1761370003223419 0.4751944690942764 0 0 24.77495554834604 1.548477210104465 0.1045496091246605 0.5861769393086433 0 0.532133936882019 0 0 13.8415864482522 9.461255960166454 44.62358410656452 271.5544207692146 2.457512825727463 8.529645778238773 0 0 0 9.978303037583828 8.801793813705444 0.9842834770679474 0.8541125133633614 0.2544549107551575 0 0 129.3327956199646 23.34069430828094 0.8089840412139893 52.84977345168591 64.21162332594395 10.89135479182005 11.0792867988348 1.078794255852699 0 8.109541855752468 1.220657803118229 1.980761177837849 12.62983457744122 0.3099703192710876 1.708205491304398 3.249026216566563 0.7195503786206245 0.5870799869298935 0.9464496970176697 0.2415956854820251 0 0 0 0 0.1103763356804848 1324.142107412219 2.404740542173386 0 0 581.5403111875057 6.462273120880127 26.06530690193176 36.30989609658718 22.37743890285492 49.85478973388672 62.8939850628376 35.34528371691704 163.9662484228611 179.0191814005375 145.4857109487057 47.09859595447779 292.9546897262335 198.868736423552 200.5528148040175 104.163245126605 1.634247571229935 4.508867055177689 0.3470593392848969 1.470248475670815 0 0 0 0 0 0 0 0 1.579616457223892 0.3897893130779266 1.071386903524399 0 0 0 0.6116096377372742 4.437104791402817 2.214892238378525 0 1.790255799889565 0 24.23049785196781 0 43.61502778530121 11.94277590513229 4.106190279126167 0 0 0 4.084614127874374 11.11003130674362 3.817582964897156 0 3.707095980644226 21.35480194538832 0.2606866583228111 0.132498562335968 0 0 0 1.55584067851305 6.557539455592632 0.2389912605285645 0.2318796664476395 4.959381088614464 0.7715414613485336 4.523933723568916 2.041849285364151 86.15630359947681 0.8108160942792892 4.10053750872612 1.521203108131886 0.2631267979741096 0.2506286799907684 0 0 0 0.8545187711715698 95.94893644750118 0.5890650302171707 0 0 0 25.10412845015526 31.77505011856556 31.11027820408344 1.835143081843853 7.906589731574059 11.30779905617237 3.513716205954552 7.568542614579201 0.5573365613818169 0 0 0 0.1236712709069252 0 0 0 79.66871260106564 18.27374789118767 18.37580683082342 150.2415771335363 13.39750707149506 161.879743590951 30.43225415796041 1201.205053113401 4.875111855566502 1.565384909510612 27.6273849979043 68.89074811339378 0.6989686191082001 63.0493778437376 3.370221167802811 311.7227663099766 2.352432370185852 0 13.37017895281315 0.9813435524702072 0.314840704202652
291.4574143216014 2774.067973233759 1474.941307485104 3.818111285567284 355.8356565013528 7.211212158203125 173.1643409952521 2491.044145680964 2954.357172980905 23.23131555318832 0 200.0883619114757 582.6529026627541 3509.256123796105 67.5685615465045 109.914208739996 4.631482012569904 4.813826225697994 0.2095865830779076 0.9851531237363815 0.8336140662431717 0.7092153429985046 0.147153913974762 0.3701919317245483 6.084621801972389 0.4815405607223511 1.459113210439682 0.6173913404345512 0.399749793112278 0.2420383095741272 1055.72886171937 98.51884950697422 352.1659863963723 0.2595599666237831 0 8.462173521518707 87.8798355832696 9.852343805134296 21.51067664474249 3.136965163052082 3.948166199028492 5.353712223470211 1.582489520311356 28.17179287225008 0.2461263462901115 0.9683192297816277 289.1964935138822 13.24953989684582 2.381988622248173 5.341859333217144 1.985173285007477 0.7777889743447304 0.2727671265602112 2.569310873746872 44.47275844961405 29.90546976774931 32.01736881583929 307.7901952415705 3.669587880373001 50.39723075926304 0.6038029938936234 26.18494788557291 5.934331692755222 179.3953437283635 43.16483647376299 9.881381556391716 7.674534723162651 6.578596383333206 7.937813766300678 10.26592289656401 136.3769844025373 25.66600806266069 0 125.3374400064349 234.3116835355759 205.6622295454144 318.9980081766844 124.7614974528551 209.5989184975624 444.4482249990106 6.108916819095612 27.9371567517519 62.47920903563499 0.4101607725024223 15.88199472427368 21.11691635847092 9.203752100467682 0.3112963661551476 2.546624250710011 0.2564412280917168 1.649850815534592 0.2150788754224777 8.352567180991173 0.9704453200101852 2.275992698967457 147.5847285091877 27.22906213998795 0 14.0472920909524 96.29090946912766 0 2.452762708067894 1.254570633172989 0.5938090682029724 2.326943665742874 4.647312730550766 0.4067867547273636 7.771081849932671 2.638042196631432 2.909516334533691 4.587844148278236 16.44563023746014 11.28259924054146 17.41111145168543 17.21252051740885 1.524676129221916 2.278631269931793 0 0.8644135594367981 0 0 0 0 0 0 0.1102406084537506 0 0.856833316385746 0 0.2280407100915909 0 0.3996360376477242 0 0 0.2119511216878891 0.3963019549846649 0.2417490780353546 0.56514573097229 0.2447173595428467 10.39304576069117 0.1426767408847809 14.0955461487174 5.383574843406677 3.244822904467583 0.123681865632534 0.116817906498909 0.3918310850858688 1.871712207794189 3.101607710123062 1.26416888833046 0 0.5606508702039719 4.207549683749676 0 0 0.4246584102511406 0 0.3733664005994797 0.1580804586410522 1.38048043847084 0.09759460389614105 0 0.483634315431118 0 1.97933903336525 0.3132682591676712 15.83584876358509 0 0.3626836538314819 0.1739317178726196 0.2740568369626999 0.2085548862814903 0.3039592504501343 0 0.7392912730574608 0.2402720078825951 19.2751520127058 2.159754812717438 0 0 0.4695599898695946 3.577658042311668 8.026350006461143 6.326033994555473 0.2796833217144012 1.132670015096664 1.178927943110466 0.9483247548341751 2.155629970133305 0 0 0.0988711416721344 0.1366908550262451 0.2293098419904709 0 0 0 10.04662588983774 7.686462081968784 12.7382248789072 508.365361019969 155.7378733381629 978.4809429869056 160.6246908605099 312.6402252689004 57.64006062597036 4.694825552403927 196.9095337539911 21.56824418157339 0.3204052075743675 13.26325338333845 3.485768206417561 19.31951816380024 0.2534921690821648 0.4307492226362228 4.846710130572319 11.41450773924589 2.108770027756691
269.9257862046361 64.86291174590588 22.96832928061485 189.8882347643375 95.97554528713226 231.3293391615152 100.0909189879894 54.32140725851059 106.394025400281 1891.115512549877 200.0883619114757 0 2981.587294206023 1270.262831255794 7.662256926298141 12.50876493752003 0.8461326658725739 0.9637829661369324 0.1002685651183128 0.127219095826149 0.09240742772817612 0.2111601084470749 0 0 0.2035986930131912 0 0.4159588813781738 0 0 0.1416210532188416 22.14599519968033 2.196851193904877 37.54743729531765 0 0 0.6075078994035721 29.92570134997368 0.5531761273741722 7.911844000220299 0 0.1630962491035461 1.048399373888969 0.2153074368834496 3.307013459503651 0 0.1059953644871712 25.14408764243126 1.318431816995144 0 0 0 0.3652622848749161 0 0.1017768904566765 3.258885398507118 2.401319369673729 3.831725567579269 14.72929912060499 0 2.667168043553829 0 1.798312306404114 0 6.04584477096796 2.357844285666943 0.4297713711857796 0.4136214479804039 1.067925676703453 0.278818815946579 0.626910924911499 86.75693267583847 39.36306196451187 0 8.589007757604122 10.05370820313692 12.63198012858629 20.36931685358286 18.09867566078901 0.9154489040374756 56.89649871736765 0.7923356890678406 3.921743594110012 4.149729631841183 0 1.069937497377396 1.273551926016808 0.4282676801085472 0 0.5499146953225136 0.4268442541360855 0 0 0.5018122717738152 0.1322755366563797 0 1497.10665820539 33.40605372190475 0 9.59520012140274 56.67337989062071 2.609046444296837 5.317678853869438 7.913192391395569 4.000171035528183 10.27162952721119 15.50927536189556 10.31173872947693 40.84869676828384 18.19075790047646 24.35109429061413 13.72295692563057 82.67028638720512 47.79294615983963 66.70987197756767 42.28362202644348 0.6379657685756683 1.170915797352791 0 0.171021044254303 0 0 0 0 0 0 0 0 0 0 0.2820978462696075 0 0 0 0 0.7645613700151443 0.9554221779108047 0 0 0 13.90100558102131 0.3772009015083313 20.73987172544003 3.212493792176247 1.908389315009117 0 0 0.201331615447998 1.0927594602108 0.732650488615036 0.6182582676410675 0 1.91152648627758 6.483448766171932 0.1609038114547729 0.1270434558391571 0 0.2103683650493622 0 0.2469330206513405 1.911460809409618 0 0 1.528473570942879 0 1.98925357311964 0.4576689898967743 33.68225790560246 0.155196025967598 0.8000892251729965 0.3536330759525299 0 0 0.2510970830917358 0.2005921602249146 0 0.3063198328018188 51.56641227006912 1.519891321659088 0 0 0 8.193928480148315 8.123448736965656 12.31481176614761 0.5245012491941452 1.714768387377262 3.438147731125355 1.862034872174263 2.979653164744377 0.152085617184639 0.1196641847491264 0 0 0 0.2937763258814812 0 0.1973947882652283 36.5864655226469 14.86809253692627 14.49043022841215 131.3579039052129 9.804644450545311 96.58809585124254 18.72090363502502 180.9656257927418 7.283715710043907 0.2482007443904877 38.31671074032784 23.07216092944145 0.4818510413169861 21.07728115469217 0.4681425094604492 55.59485837072134 1.029316380620003 0 6.038733638823032 0.8524732291698456 0
482.2146244570613 737.0650298967957 55.62846803665161 2040.942609414458 453.9966143146157 350.8061910420656 4761.727411657572 93.47248174250126 814.9378666877747 8608.945679545403 582.6529026627541 2981.587294206023 0 4483.789850227535 43.79937326908112 50.5794377848506 2.486974030733109 2.049535498023033 0.1277967840433121 0.773978553712368 0.3766742646694183 0.200814351439476 0 0 0.1365249007940292 0 0.3751721680164337 0.8514998108148575 0.3094413951039314 0.1041909977793694 70.44987387955189 6.428468883037567 199.0948219299316 0 0.4032181799411774 1.704964935779572 27.82079131901264 1.849676392972469 4.763845108449459 0.2500346079468727 0.8421325981616974 2.70130629837513 0.4492794498801231 11.96596000343561 0.3448460847139359 0.5847057923674583 105.6176455169916 3.962546765804291 1.581407330930233 2.888961151242256 0.3409232050180435 1.081686809659004 0.3928119391202927 0.6285770088434219 13.61557165533304 12.43902566283941 21.27307943254709 78.42099016904831 1.554074428975582 14.07871524989605 0.6990713030099869 1.992628000676632 0.7688068449497223 22.31748230010271 15.49358231574297 4.614446237683296 4.002225376665592 3.585767485201359 2.851493448019028 3.290328897535801 233.9128338843584 46.58010747283697 0.1380425095558167 35.79763789474964 52.62514154613018 61.2765541151166 96.69319628924131 59.24956746399403 1.596573129296303 56.02735007554293 3.528929121792316 4.542308986186981 17.26278875768185 0 8.218252420425415 7.923779398202896 4.667042225599289 0 0.9878881946206093 0 0.3521740809082985 0.4217255339026451 2.32456361502409 0.5532351285219193 1.361497573554516 4433.593048416078 21.23970358073711 0.8526892960071564 3.997559934854507 117.0331700593233 6.552098393440247 14.31236124783754 29.7968672439456 17.3150799870491 49.97699375450611 53.56939135491848 28.13778077065945 173.6815558820963 130.7449240684509 130.7502621412277 64.61249426007271 313.7183403149247 232.8732401877642 246.330069757998 162.6716230809689 3.464069873094559 7.459910623729229 0.1605472713708878 1.63679264485836 0.1222373619675636 0 0 0 0.3674168586730957 0 0 0.8398922830820084 0.3552571833133698 0 0.881706714630127 0 0 0 0.1917652040719986 6.083684042096138 3.532707422971725 0 1.102501712739468 0 39.8615170493722 0.1549098938703537 71.82395148277283 11.01217839866877 5.335213519632816 0.1887988895177841 0 0 7.390262737870216 13.48751086741686 3.857900433242321 0 6.006423771381378 21.4090346172452 0.5398047044873238 0.5484635531902313 0.4013932943344116 0.1506039202213287 0.1364211440086365 1.033382028341293 4.159122176468372 0.4981195405125618 0.4408935010433197 3.566541835665703 1.518250718712807 8.335689641535282 2.658105954527855 140.2035695910454 1.933524198830128 3.757295474410057 1.985473841428757 0.2033317908644676 0.13718281686306 1.050162300467491 0 0 0.5824444815516472 221.8344789072871 2.20565490424633 0 0 0.1309967041015625 30.81576927751303 46.30163887888193 43.47789769619703 2.016415953636169 10.79745899140835 13.15704554319382 3.50674033164978 9.601506546139717 0.8830999284982681 0.2745586037635803 0.0842946469783783 0 0 0 0.1611004024744034 0.1144643947482109 165.6682342886925 66.06228269636631 33.72687005251646 529.5988067761064 94.95627652853727 438.7580852136016 103.9354720786214 549.9189645648003 39.60789181292057 1.486719720065594 194.7938407957554 56.07302840054035 1.152630038559437 63.30502982437611 5.609906710684299 196.5689275190234 2.15938837826252 0.8783740997314453 18.17360433936119 7.227242209017277 2.554464191198349
