0 4801.272361040115 637.2514269277453 1400.219577357173 659.8756919428706 239.1650556772947 494.619240835309 14.50052375346422 121.8269693106413 232.8117219135165 222.0696716085076 39.75338390469551 113.5154000297189 42.36893043667078 2.897721275687218 8.08704249560833 0.3808979764580727 0 0 0.4040248095989227 1.416547015309334 0 0.432765394449234 0 0 0.4716553911566734 0 0.1109110862016678 0 0.3972951844334602 223.9329365342855 2.850653015077114 1.16210263967514 0 0.2929744571447372 0 0.857086144387722 0 0.1315618306398392 0.4638714343309402 1.086548559367657 0.1307821720838547 0 0.1912045627832413 0 0.2160576805472374 8.923394069075584 2.233349800109863 0 0.1001033261418343 0.1028455272316933 0.1790821105241776 0 0 2.436044365167618 6.800232343375683 74.31450240314007 1468.481076717377 3.619530752301216 12.42420327663422 0.1222236081957817 0.8333581313490868 0 7.02781842648983 5.442974023520947 1.58405065536499 0.3022662103176117 0.6937842965126038 0.4860770031809807 0.7850445285439491 3.297203734517097 0.2558812722563744 0 416.7012032717466 46.50438866764307 108.8956093639135 11.61266266554594 1.226805277168751 1.596855834126472 19.18669970333576 0.7164511233568192 0.7565075010061264 4.913427978754044 0.3460932970046997 1.343753032386303 1.204019777476788 0.2356368899345398 0.1382097005844116 0 0 0 0 0.1621149331331253 0 0 18.45751240849495 0.2367876321077347 0.4339659214019775 0 1409.897030062973 0 0 0.1862426102161407 0 0 0.8512457460165024 0 0 5.46873152256012 0.6366879791021347 0 1.746775254607201 1.255153879523277 0.6114729195833206 0.4982808530330658 0 0 0 0 0 0 0 0 0 0 0 0 0 0 0 0 0 0 0 0 0 0 0 0 0 0 0.1632777750492096 0 0 0 0 0 0 0 0.1728336066007614 0 0 0.1789330244064331 0 0 0 0.1137033998966217 0 0.1484613567590714 0 0.1590486168861389 0 0 0 0 0.6678184866905212 0.399528831243515 0 0 0 0 0.1493032723665237 0 0 0 0 4.860737904906273 0 0 0 0 0 1.165939927101135 0.2401222586631775 0 0 0 0 0 0 0 0 0 0 0 0 0 0.6808217614889145 0.1539582908153534 1.100703477859497 137.4014657884836 6.81342501938343 70.58829490095377 9.227375477552414 420.0922242850065 40.3879482448101 9.138090506196022 7.011637970805168 1.417458072304726 0.08718421310186386 0 0 0.562296137213707 0 0 0 0.09736301749944687 0
4801.272361040115 0 1505.309929937124 2018.941528812051 5001.869124509394 475.7026779800653 2782.840384796262 48.70992767065763 1707.548654563725 617.5554495975375 642.5922390222549 14.1043157428503 174.2205822244287 170.5918697565794 26.68484984338284 29.34259451180696 1.794966205954552 0.4686272740364075 0.7561162412166595 2.473521664738655 3.621139258146286 0 0.6761410385370255 0.5164360627532005 0.3275811970233917 3.1974912956357 0.2974518239498138 1.009296260774136 0.7275203317403793 0.1606208980083466 2422.347233146429 12.95465308427811 7.020148053765297 1.40997339785099 0.868714950978756 0.7757787108421326 3.869858212769032 1.528926253318787 0.5036450922489166 0.2712696194648743 2.42383898794651 0.7651839107275009 1.506087720394135 1.979359313845634 0.4752868413925171 1.197368249297142 110.0514603480697 14.44742068648338 0.526557981967926 1.291130527853966 0.7613978609442711 0 0.08965975791215897 1.40822909027338 14.67714710533619 40.33061645179987 65.50270289182663 1706.479035042226 5.728290222585201 92.78560145944357 1.971721611917019 1.962027482688427 0 66.29323223233223 30.56983961164951 9.0088265016675 0.7163815125823021 7.16749282181263 3.16633165627718 3.838739231228828 10.84345745295286 1.324271872639656 0 936.1058433428407 302.6496463865042 559.2776248753071 88.69483140856028 6.23875542730093 8.362721398472786 60.74873756617308 4.029521957039833 3.012669913470745 34.84373845160007 3.40631689876318 13.20664490014315 9.788542471826077 5.599035039544106 0.3257347345352173 0.756245955824852 0.1367173790931702 0.3419378325343132 0.6340871974825859 1.395007655024529 0.5506264194846153 1.644826114177704 55.53988263010979 0.1374733597040176 0 0.8402147144079208 2149.870541773736 0 0 0 0 0.2010298818349838 1.663162633776665 0 0.1811434924602509 11.12015336751938 0.8395406752824783 0 4.418625265359879 3.596713021397591 3.445379920303822 2.176693558692932 0.3790379166603088 0 0 0 0 0 0 0 0 0 0 0 0 0 0 0 0 0 0 0 0 0 0.204495757818222 0 0.3015391528606415 0 0.8505188971757889 0.7246956378221512 0 0 0 0 0 0 0.1953469812870026 0 0 0 0 0 0 0 0 0 0 0 0 0 0 0 1.300254940986633 2.543828383088112 0 0 0.09370211511850357 0.1126820743083954 0.08968019485473633 0.08555209636688232 0.1376314759254456 0 0 6.117437392473221 0.4407243132591248 0 0.1611605584621429 0 0 1.365467548370361 0.3435958027839661 0 0 0 0 0 0 0.3306333124637604 0 0 0.1976416856050491 0.1376738250255585 0 0 2.622168317437172 0.2855057418346405 1.781043268740177 354.6639224663377 28.55108735710382 356.722915686667 29.31056468188763 773.1959250345826 63.71030054241419 16.64127444475889 46.43455405533314 5.086476236581802 0.2864199280738831 0.6809228658676147 0 0.3770931363105774 0 0.1448293328285217 0.4530173242092133 3.042718142271042 0
637.2514269277453 1505.309929937124 0 59.63631418347359 309.9800039380789 10.51033386588097 76.227564714849 1390.672710902989 704.7477847486734 3.505532555282116 1959.613146528602 7.388649217784405 62.31973528116941 354.3710066527128 30.41259034723043 50.62946576625109 25.75831934064627 11.84358512610197 10.92783349007368 104.0792828425765 54.21475338190794 0.1363250017166138 13.42331562936306 2.508596107363701 0.5638251155614853 4.738422781229019 3.359018340706825 0.8905627727508545 0.9261783510446548 0.3834147751331329 4129.427067637444 346.1871916204691 9.390885420143604 46.272690795362 34.76934143900871 2.952311232686043 5.676214762032032 2.71588721126318 0.7755679935216904 0.6335506439208984 16.52752503752708 3.917463511228561 43.11269295215607 17.13644063472748 26.85583037137985 55.40562976151705 74.43751329928637 16.81395068764687 12.82906819880009 26.84469260275364 1.730258472263813 1.176930770277977 0 1.885823138058186 6.398069396615028 20.63435336202383 33.38649194687605 1015.214523240924 4.025588311254978 40.44539712369442 56.56596460938454 10.36940182000399 13.22587267309427 480.2877523452044 13.09635812789202 4.014913372695446 0.8603059500455856 12.17092586308718 49.53038138896227 62.95808236300945 3.407176643610001 2.277158454060555 0 530.3430551886559 288.4023750051856 286.1221711337566 108.255269780755 14.51529137790203 169.3164532482624 389.0710885152221 50.13835432380438 66.4487387612462 18.00501661002636 1.917279243469238 6.997781798243523 4.019099049270153 24.72475336492062 0 0.2685190215706825 0 0.2148447632789612 0.4526976719498634 13.87933079153299 2.103983938694 1.880685560405254 9.940263368189335 0.3841246664524078 0 0.2846866399049759 228.6460930779576 0 0 0 0 0 1.200568571686745 0 0 0.3121283054351807 0.7887762188911438 0 2.96692118793726 1.07200214266777 1.150140650570393 2.121911607682705 0 0 0 0 0 0 0 0.6071329042315483 0.8531392365694046 0 0 0 0.1302284151315689 0.4402035474777222 1.91956052929163 0 0.1906693279743195 0 0.145201787352562 0 0.6520711034536362 0 0.1605847924947739 0.1105647683143616 1.181619964540005 0.159955158829689 2.643383376300335 6.21105832606554 1.605812132358551 0.2636056840419769 0 0 0 0 0.3818798735737801 0.1918611228466034 0 0.2947362661361694 0 0 0.3853109180927277 0.2537345290184021 0.5887529402971268 0.197894848883152 0 0 0 0 0 0 0.1845830231904984 1.097540691494942 0 0 0 0.08108815550804138 0.1999242976307869 0 0 0 0.7636412680149078 4.619925081729889 1.384787246584892 0 0 0.6149150133132935 0.202743723988533 0 0.1410234421491623 0 0 0 0 0.2053818851709366 0 0.0983600988984108 0 0 0.2969440966844559 0 0.4756840243935585 0 1.267229124903679 1.839651525020599 5.228360861539841 177.2212214246392 23.1589737161994 233.6769787743688 26.53818114846945 92.39010795205832 29.77758727222681 5.053052254021168 23.97054407000542 4.771783336997032 0.4570477083325386 0.5787093639373779 0 0.2639705836772919 0.2778188139200211 0.2401740998029709 0.6326972246170044 1.837708964943886 1.282629236578941
1400.219577357173 2018.941528812051 59.63631418347359 0 435.5540014505386 497.4620842784643 2941.71911624074 0.2033982276916504 57.10226715356112 2454.030209928751 12.41069287061691 529.8127550035715 1041.676288351417 20.32268422842026 2.095006071031094 2.921361327171326 0.1540428549051285 0 0 0.09884046018123627 0.356320396065712 0 0 0 0 0 0 0 0 0 26.47223874181509 0 0.9643567502498627 0 0.3193182051181793 0 0.6037155985832214 0 0 0 0 0.4429273009300232 0 0.3924832195043564 0 0 2.956743642687798 1.11047400534153 0 0 0 0 0 0.2630050703883171 1.705930158495903 3.220824263989925 15.07997765392065 265.0605887025595 1.870454713702202 8.735796265304089 0 0 0 2.011763885617256 1.596906609833241 0.09031166881322861 0.1520467549562454 0.5158057883381844 0.3201709389686584 0.1827643364667892 7.406021237373352 0.1978705674409866 0 106.2819017097354 12.73936067521572 52.56501322984695 4.572912290692329 0.457998976111412 0 0 0 0.5129122138023376 2.899364553391933 0.3379445895552635 0.9522084072232246 0.3707771897315979 0.108168751001358 0 0.2368820011615753 0 0 0 0 0 0 126.5147773176432 0.1759550273418427 0 0 876.9011414572597 0 0 0.1906582117080688 0 0 15.95680093765259 0 0.3441653847694397 43.31020392477512 1.437550604343414 0.2235386371612549 6.180348142981529 3.291489616036415 3.601915508508682 2.929407343268394 0 0 0 0 0 0 0 0 0 0 0 0 0 0 0 0 0 0 0 0 0.3820201754570007 0 0 0 0.1854496598243713 0 0.7491770535707474 0 0 0 0 0 0 0 0 0 0 0 0 0 0 0 0 0 0 0 0 0 0 0.4141957461833954 0 1.952002748847008 0 0 0 0 0 0 0 0 0 9.613034173846245 0.2203001976013184 0 0 0 1.688214734196663 2.046121448278427 0.8333408683538437 0.1507332324981689 0 0 0 0 0 0 0 0 0 0 0 0 5.949447244405746 0.340789407491684 0 61.53051043301821 3.070464499294758 29.78468876332045 2.00603011995554 466.679404437542 8.460983045399189 1.442079663276672 3.537203222513199 1.813713937997818 0 1.193328283727169 0.4865635633468628 0.3423900306224823 0 0 0.2804264426231384 0 0
659.8756919428706 5001.869124509394 309.9800039380789 435.5540014505386 0 27.69413218647242 2441.014837250113 78.76738034933805 11448.62736501545 421.6335104629397 745.6111019924283 38.99138630181551 485.90414429456 258.9062091112137 74.0788254737854 71.89535922557116 2.010101452469826 0.8424336239695549 0.742178775370121 2.151927441358566 3.433043375611305 0.2740046009421349 0.0950842872262001 0.4244967177510262 0 3.804827831685543 0.4920629858970642 2.614825010299683 0.8735329136252403 0.1467409133911133 407.1872337386012 26.57928339391947 22.01513884216547 0.42301294952631 1.037390887737274 0.6101944893598557 10.15246553719044 1.139746852219105 1.390714757144451 0.4920697063207626 2.569848276674747 1.92735730111599 1.086585968732834 3.649438053369522 1.982654221355915 1.759167984127998 172.1561290994287 12.48045319318771 0.9797208160161972 1.503586687147617 2.501405701041222 0.4115018174052238 0.3687433153390884 2.676474265754223 10.78506668657064 33.05922500044107 11.96049842983484 156.4314552620053 6.390850804746151 77.44318369776011 3.278042435646057 2.634147740900517 0.3257595896720886 197.3626320883632 27.50456763058901 7.176921933889389 0.7778093367815018 5.974393434822559 2.965120010077953 1.12045156955719 76.55706083029509 5.723260760307312 0 321.7014054581523 227.0577179566026 414.364586353302 258.7918751165271 18.61492268741131 4.372935928404331 35.54399565607309 6.085528358817101 7.267226308584213 28.12180203199387 4.338313259184361 12.45707466453314 8.751636885106564 3.951421789824963 0.2771399691700935 0.5028527155518532 0.1153093278408051 1.086547546088696 0.720642164349556 1.708971858024597 1.194125786423683 1.350307494401932 213.7570804059505 5.249206833541393 0 3.228128507733345 95.57304544001818 0.4034813791513443 0.8576565831899643 2.505431771278381 0.560001328587532 0.9453102946281433 25.52157190442085 2.289483532309532 6.256177693605423 23.85118286311626 29.43005582690239 0 61.72609021514654 52.59173858165741 33.87416792660952 31.84387813508511 0.1219599097967148 0 0 0.1653800308704376 0 0 0 0.125685378909111 1.015877246856689 0.3092601597309113 0 0 0 0 0 0 0 0.1605167239904404 0 0.9039177447557449 2.332407012581825 0.3391826450824738 2.397757828235626 0 8.916803129017353 0.5203108787536621 10.86120642721653 2.145609848201275 0 0 0 0 0 0 0 0 0.5228120088577271 4.117667347192764 0.09103265404701233 0.523997962474823 0.3738146275281906 0 0.2573394179344177 0.2570292428135872 0 0 0 0.1286075264215469 0 0.949193149805069 2.15664267539978 21.09167386591434 0.4566215127706528 0 0.3569488748908043 0 0 0.3744621947407722 0 0 0.4064437299966812 87.21107299625874 0.3771820440888405 0 0.1207939311861992 0.2344815582036972 10.74161227047443 11.04972052574158 5.818568885326385 1.518700957298279 1.897145807743073 1.200665503740311 0.2219196856021881 0.535514310002327 0 0 0 0 0.1193642765283585 0 0.5459041595458984 0 37.12170317769051 5.967015035450459 7.547270573675632 499.5463107600808 54.7857103869319 504.8850018084049 27.20109148323536 251.2793681398034 54.94234808534384 10.32335796952248 65.88144018501043 16.30210094153881 1.485672399401665 3.935819998383522 0.157558262348175 15.22363311052322 0 0.2437654137611389 1.398824669420719 3.181721456348896 0
239.1650556772947 475.7026779800653 10.51033386588097 497.4620842784643 27.69413218647242 0 242.52847468853 0.872230738401413 10.51719109714031 347.0034244060516 8.823808245360851 89.8508632183075 94.02104508876801 7.780384868383408 0.2789014279842377 0.108728289604187 0 0 0 0.1288602352142334 0 0 0 0 0 0 0.1905245929956436 0.1204785406589508 0 0 2.502700001001358 0.1141616925597191 4.456271260976791 0 0 0.1547427922487259 4.899218052625656 0 0 0 0 0 0 0 0 0 0.6489509865641594 0.1046873480081558 0 0 0 0.5705844163894653 0 0 0 1.134592317044735 73.07173891365528 111.5738280415535 5.333195969462395 1.300476863980293 0 0.5344427824020386 0 0 0.1908576935529709 0.07841017842292786 0 0 0 0 59.42293716967106 205.0265559852123 10.42417067289352 20.60871330648661 2.794101029634476 7.658759996294975 0.3529844135046005 0.3512759804725647 0 2.406166851520538 0 0 0 0.4029453098773956 0 1.222620189189911 0.1074205040931702 9.099559366703033 0.1280485987663269 4.685474798083305 0 0.3624291718006134 0 0 0 123.0713466703892 108.1694200336933 9.526371270418167 3.770842760801315 527.5385412722826 0 0 0 0 0 0.7938546240329742 0 0 1.395252972841263 0 0 0.146203950047493 0 0.6990171372890472 0 0 0 0 0 0 0 0 0 0 0 0 0 0 0 0 0 0 0 0.4699446856975555 0 0 0 0 0 0 0 1.274038076400757 0.505667507648468 0 0 0 0 0 0 0 0 0.2010697275400162 0 0 0 0 0 0 0 0 0 0 0 0 0 0 0.1364120841026306 0 0 0 0 0 0 0 0 0 1.601875796914101 0 0 0 0 0 0 0 0 0.1697026491165161 0 0 0 0 0 0 0 0 0 0 0 0.4918442517518997 0 0.9722018539905548 3.40254719555378 0.3952158242464066 5.784968942403793 0.3153001666069031 104.531589910388 1.989547945559025 0.3939720243215561 0.9151253700256348 0.1268492341041565 0 0 0 1.467703223228455 0 0 0 0 0
494.619240835309 2782.840384796262 76.227564714849 2941.71911624074 2441.014837250113 242.52847468853 0 15.35961897671223 1906.86981844157 4651.673466190696 238.0451550558209 239.0347407013178 2354.661086827517 249.3664664179087 99.97043051570654 146.4927724078298 5.050469845533371 1.253199011087418 0.9518479853868484 3.662084214389324 5.874252378940582 1.014893792569637 0.6226806119084358 0.3943853154778481 0.1597398817539215 4.897292971611023 0.4735682085156441 2.939781837165356 2.650192804634571 0.6095685958862305 132.4947815462947 27.45679326355457 39.70105589926243 1.051923379302025 2.057691097259521 0.4486605823040009 24.90932933241129 1.246785283088684 0.7531750351190567 0.9172341376543045 2.962614618241787 4.176209427416325 1.744787096977234 4.945890516042709 1.267421342432499 2.33100762963295 219.7766006588936 18.55537475645542 1.253114879131317 2.832683242857456 1.654676385223866 1.174681164324284 0 1.771518982946873 15.04258402436972 42.57214470952749 18.98513840138912 221.9658267274499 6.312572091817856 93.98699557781219 3.603835701942444 5.042650505900383 0.6428257450461388 171.8421134203672 32.17131912708282 8.397577859461308 1.136030867695808 7.509922370314598 3.62268890440464 5.045513518154621 216.0252310037613 13.72739078104496 0 496.0968204960227 219.8769995719194 542.3111173287034 312.9109021797776 31.55927324295044 5.643845394253731 38.45345667749643 7.459261037409306 8.144924640655518 45.24199386686087 3.721043705940247 16.09378117322922 10.34982880204916 6.657166421413422 0.6279492005705833 0.6759859919548035 0.2335902526974678 1.240257166326046 0.8244665563106537 2.494975015521049 1.433275125920773 1.237892650067806 1097.153558388352 11.69293789565563 0 9.217499330639839 182.6892942786217 1.972434781491756 1.671639293432236 5.946253061294556 3.645090743899345 9.608822092413902 146.9188077151775 5.607243865728378 27.06011570990086 196.9843061715364 89.7118349224329 2.337706886231899 228.4195303171873 166.0941725745797 136.73900539428 108.6579895094037 1.67471931874752 1.388668961822987 0.2301024049520493 0.3312221765518188 0 0 0.3495681285858154 0 1.038226842880249 0 0 0 0 0 0 0 0 0.1644483655691147 0 3.538799352943897 8.403227537870407 0 3.510976225137711 0 20.56993403285742 0.8919928669929504 24.63058634102345 2.828663095831871 0.1179164052009583 0 0.6431640386581421 0 0 0 0.6086693406105042 0 5.435033492743969 6.967481233179569 0.1619682759046555 0 0 0 0.3174876570701599 0.5922816023230553 0.5274145901203156 0 0 2.002795167267323 0 3.322594612836838 10.90802354365587 62.83626931905746 0.3976636528968811 1.445924744009972 0.208957627415657 0.1895280182361603 0 1.259766146540642 0 0 0.7910314053297043 286.0569202899933 2.162521839141846 0 0 0.1036761254072189 31.95436865836382 20.22586040198803 22.82154153287411 5.813827209174633 9.969862520694733 8.826443865895271 2.865388512611389 0.7008198350667953 1.210611693561077 0.3380543068051338 0.2467149570584297 0 0.1195307895541191 0 0 0 134.4017133116722 21.70811294019222 18.76213712245226 779.7193473502994 77.96662446856499 671.1129900813103 49.24550434947014 621.8510613292456 78.18295962363482 11.10698104649782 104.8835858926177 33.80909831821918 1.011402726173401 14.40622472018003 1.345793232321739 34.969313159585 0.5658889561891556 0.2664313912391663 4.556363001465797 1.377604156732559 0.6464487612247467
14.50052375346422 48.70992767065763 1390.672710902989 0.2033982276916504 78.76738034933805 0.872230738401413 15.35961897671223 0 519.4548893645406 2.718258194625378 3849.777891486883 3.086781173944473 36.59543455392122 694.3267913758755 68.41630242019892 150.6572829335928 18.75080021470785 16.40729968994856 9.696459367871284 142.0487579330802 117.7656053975224 0.2313707917928696 29.19191624224186 7.508019596338272 2.338382557034492 20.03695487231016 8.934895247220993 3.337041094899178 2.833219066262245 1.096117943525314 903.1054922267795 3357.038928382099 21.63428650796413 90.9334990978241 88.09478802233934 23.16097334772348 14.33006206154823 15.71343490481377 1.488440990447998 1.170874893665314 36.34510463476181 6.750570222735405 29.88798476010561 19.3330176025629 34.19384754449129 110.1363723650575 111.4641544520855 16.46708276122808 12.20827813446522 24.04552707076073 1.023978717625141 0.9810181111097336 0 2.409352362155914 3.978348471224308 10.11785734444857 4.535024061799049 105.2640759721398 1.977019220590591 22.6843064725399 206.3756061717868 46.13927865773439 46.68949400633574 439.6225513294339 10.01470974087715 4.097911968827248 0.394182875752449 8.900109134614468 45.69475117325783 90.4630478322506 4.45224916934967 2.401725903153419 0 110.0087633356452 164.1906297281384 192.9421453177929 314.875636048615 271.0215570628643 1713.655097492039 2007.289947099984 1082.065191470087 1353.664232417941 13.83033700287342 1.621175400912762 4.876804776489735 3.758472427725792 19.83665007352829 0.08476788550615311 0.07677558064460754 0.2004774212837219 1.063924565911293 1.154452167451382 27.06939861178398 1.873774632811546 0.9439715370535851 11.02734963595867 0.5619313418865204 0 0.3048759698867798 7.535559616982937 0 0 0 0 0 0 0 0 0 0.9588658064603806 0 1.733878552913666 1.054203256964684 1.627678096294403 1.653256148099899 0.7391262948513031 0 0 0.3539761006832123 0.1982610672712326 0 0 0.2537209242582321 0 0.2134481966495514 1.535737410187721 0 0.6710467338562012 0.2221572548151016 0 0.3707431852817535 0.1427851319313049 0 0 0 0 0 1.087686941027641 0.3754387199878693 1.798064030706882 1.01623509824276 3.805388934910297 8.248580127954483 2.092415288090706 0.4317305386066437 0 0 0 0.1461826860904694 1.151232197880745 0 0.1655771136283875 0 0 0 0.822173684835434 0.9087635725736618 0.5185449421405792 0 0 0 0 0 0 1.105384334921837 1.265394225716591 2.444543682038784 0 0 0 0 0.1018785312771797 0 0 0 0.1198242828249931 6.4680545181036 2.172088906168938 0.1323274672031403 0.140957847237587 0.3339677155017853 0.3895370066165924 1.117488786578178 0.2706056237220764 0 0 0.4617021754384041 0 0 0.07786209136247635 0 0 0 0 0.133628711104393 0 0 1.429811052978039 4.350688144564629 10.35699862986803 300.5632927715778 29.9481166228652 368.2495168522 36.35060096532106 48.18041562289 29.77164090424776 2.940503552556038 49.14910231530666 6.304561108350754 0.5440590977668762 1.291699774563313 0.1259478181600571 0.6315663009881973 0 0 0 1.744546055793762 0.8625403046607971
121.8269693106413 1707.548654563725 704.7477847486734 57.10226715356112 11448.62736501545 10.51719109714031 1906.86981844157 519.4548893645406 0 206.5198884382844 4544.447791412473 163.762160025537 1760.069600872695 2390.105561874807 109.2877908870578 194.165225468576 9.329616822302341 2.278895951807499 1.084267042577267 6.05044874548912 15.30982745438814 0.1101775914430618 1.557374842464924 1.395003706216812 0.6864394918084145 10.03660874068737 2.396674983203411 2.335428036749363 1.782188162207603 0.9619865119457245 181.7242121845484 46.38280882686377 73.52699073404074 1.319976069033146 4.529143758118153 2.864288583397865 48.4203744083643 4.819711685180664 6.081204228103161 2.580203212797642 8.200074046850204 3.863395482301712 3.632714971899986 4.55763766169548 1.809257633984089 3.471283309161663 144.5438704714179 8.677156910300255 3.240858286619186 3.124074801802635 1.097214467823505 0.8063224032521248 0.1245858818292618 3.38123957067728 6.240853123366833 18.84740290045738 4.424951426684856 66.09772974997759 4.271610371768475 34.00271388888359 4.852899685502052 18.5704158693552 0.7360216602683067 166.182086572051 15.53439338505268 6.09934126958251 0.7876242846250534 5.302753306925297 5.07996729016304 10.91701237857342 98.70817835628986 8.682843580842018 0.1155842021107674 148.8380062282085 132.6473989933729 261.5629340782762 319.8518260270357 41.51746567338705 23.61279551684856 125.6219054237008 10.22595247626305 11.3392438814044 18.77861092239618 2.182259432971478 7.225027903914452 3.611636139452457 5.450095146894455 0.08608453720808029 0.2052852436900139 0.1212174743413925 0.8402800858020782 0.5432417467236519 3.307046711444855 0.9081011414527893 2.013695433735847 303.4830125719309 4.412209138274193 0 0.691823810338974 25.82936397194862 0.5418708100914955 0.1423039436340332 3.426832854747772 0.9326412379741669 2.939976118505001 33.79935739934444 1.176747873425484 12.7288723140955 25.91774526238441 28.47167963534594 1.640613317489624 87.07137417048216 57.42506594210863 55.57725764811039 41.10379672050476 0.6127314493060112 0.1712340861558914 0 0 0 0 0 0.2743282467126846 0.940246045589447 0 0 0 0.2682730406522751 0 0 0 0.2390928119421005 0 0 0.8669818192720413 2.271844141185284 0.3089386820793152 1.155827403068542 0.3135141730308533 15.03192815929651 0.6798017621040344 14.82254979759455 2.455152556300163 0.3817525953054428 0 0 0 0 0 0.1806248277425766 0 2.014581739902496 2.700290605425835 0 0 0.4059188663959503 0.3322355151176453 0.418084591627121 0.1349526345729828 0.1366722732782364 0 0 1.392824165523052 0 1.130701422691345 4.368915379047394 27.76032447814941 0.1214185580611229 0 0.2108649760484695 0 0 0.3776649981737137 0 0 0 101.7362076938152 2.086245700716972 0 0.3602069616317749 0.3703781217336655 16.95791856944561 10.46590787172318 3.762099772691727 2.201437473297119 1.896971344947815 4.622465968132019 0.3991266041994095 0.3722998350858688 0.08167440444231033 0 0 0 0.09583176672458649 0.4590769708156586 0 0 45.49027216434479 10.88252659887075 7.120186313986778 567.5979401394725 59.4672542065382 537.5295985937119 39.78678610175848 131.9592977017164 54.91358440369368 5.526768773794174 73.20842027664185 17.62746589630842 0.4077458530664444 7.078555792570114 0 19.70708253979683 0 0.3661296367645264 1.153961673378944 1.111789673566818 0.4826130792498589
232.8117219135165 617.5554495975375 3.505532555282116 2454.030209928751 421.6335104629397 347.0034244060516 4651.673466190696 2.718258194625378 206.5198884382844 0 21.35763078927994 2334.781415492296 6629.822845302522 166.891194999218 12.14440168440342 31.04588700085878 0.6148343533277512 0 0 1.324802570044994 1.053241729736328 0 0 0 0.1266772896051407 0.4277537018060684 0.7328599840402603 0.2253483608365059 0.08262600749731064 0 2.138210289180279 0.6219588741660118 14.89217290282249 0.3161932229995728 0 0 12.56775422394276 0.101212665438652 0.6744372844696045 0 1.212212853133678 0.0992259755730629 0.2416778281331062 0.2114599868655205 0.6797995120286942 0.8404264897108078 32.42691999673843 2.739277735352516 0.2369562163949013 0.3060241788625717 0.5304839983582497 1.171776950359344 0 0.1292947381734848 1.80330927670002 5.48961129039526 15.69626705348492 114.7266167253256 1.132471434772015 12.11371786892414 0.2702946215867996 2.958353474736214 0 12.25137995183468 4.605982929468155 1.132627166807652 0.1025029048323631 1.344192087650299 1.49550574272871 1.208484426140785 275.8296926021576 12.20798720419407 0 103.3225016891956 18.4774454087019 74.26891665905714 35.14464832097292 5.205277979373932 0.7863448485732079 3.117845669388771 0.7926096320152283 0.9245589077472687 7.218588665127754 0.8178041949868202 1.660154782235622 1.391223527491093 1.296045958995819 0 0.100021094083786 0 0.4053496196866035 0.1330262124538422 0.6393077746033669 0 0.1650231778621674 1732.481016665697 39.11646644771099 0 11.5372709184885 346.6836199462414 0.7955475747585297 0.454949364066124 4.812262922525406 1.50040477514267 5.531967341899872 178.8450212478638 5.068805515766144 20.291793435812 140.8633088320494 94.94025200605392 3.465362206101418 176.1952724456787 104.8350724130869 81.46777441352606 55.44594318419695 0 1.311407521367073 0 0.3411080837249756 0 0 0 0 0 0 0 0 0 0 0 0.2543155252933502 0 0 0 1.797385983169079 2.570153951644897 0 3.382628202438354 0 16.25392985343933 0 7.843834012746811 1.192422226071358 0 0 0 0 0 0 0.2489483952522278 0 3.388179689645767 4.938353791832924 0 0 0 0 0 0.8955159932374954 0.2646473050117493 0 0 0.5889693200588226 0 2.503060281276703 3.039293259382248 33.29588855803013 0.4241564720869064 0.1011669933795929 0.6981011629104614 0 0 0 0 0 0.4330166876316071 151.9660849124193 0.6911844313144684 0 0 0.2967339754104614 12.52060626447201 11.70333011448383 9.272723332047462 2.646332584321499 8.298189207911491 5.211972087621689 0.136454239487648 0.8225681185722351 0 0 0 0 0 0 0 0.4360940158367157 96.9623416364193 6.167432948946953 8.272181779146194 488.8698957934976 9.86740680038929 144.1160882413387 10.41373570263386 422.1443289220333 16.81676326692104 3.538303457200527 35.92871619015932 18.44896716624498 0 7.140617467463017 0 31.39973293244839 1.530281081795692 0.4192565307021141 5.008708536624908 0.459653228521347 0.7422283291816711
222.0696716085076 642.5922390222549 1959.613146528602 12.41069287061691 745.6111019924283 8.823808245360851 238.0451550558209 3849.777891486883 4544.447791412473 21.35763078927994 0 69.02833162993193 714.0064192265272 1578.394463673234 103.6690170094371 262.3360591158271 15.18411152809858 4.093644581735134 3.098885729908943 30.28381676226854 55.85444655269384 0.4481600821018219 12.26604905724525 3.850756242871284 3.631113283336163 24.06285531818867 6.705120339989662 3.796086274087429 2.896480105817318 2.063642948865891 715.5626126080751 708.8979384154081 91.24867402762175 12.67331412434578 26.91549389064312 20.59082248806953 69.08899760991335 18.34350766986609 10.65651518851519 7.18663427233696 31.03191467374563 7.124904096126556 8.81459079682827 6.859313666820526 5.806935265660286 7.754429705440998 128.5924397259951 14.15058422088623 5.416351497173309 9.571152575314045 2.384167112410069 0.9169142544269562 0.2926069796085358 2.356167688965797 3.779956050217152 14.00318935513496 7.931715898215771 161.3715222105384 2.472805224359035 29.81624247133732 23.39004638791084 58.7215376123786 11.63893843442202 213.4641531631351 12.75458575040102 4.948828004300594 0.3392686545848846 6.92750595510006 23.12252686172724 44.49259921163321 34.60274289548397 10.6899352222681 0 160.9865140318871 133.8481328338385 244.6775995194912 311.5558848902583 82.50909841805696 384.2696626335382 1120.528177723289 108.1047883331776 242.2945919260383 13.42191014438868 1.12478744238615 6.67316897213459 3.575830280780792 10.94798459112644 0.1011898443102837 0.8123369812965393 0.1085518002510071 0.8816085308790207 0.3864613026380539 19.75817108154297 1.618392042815685 1.903386130928993 85.79019215703011 5.194883540272713 0 1.023309275507927 59.12576478719711 0.2094069868326187 0.1039502546191216 0.5379167348146439 0 0.6495441943407059 6.392997279763222 0 0.6381424814462662 3.04395954310894 3.923022300004959 0 15.10112628340721 15.32548569887877 14.3317089676857 11.23746541887522 0.4152249619364738 0.3310877978801727 0.1247442737221718 0.7013324797153473 0 0 0.1183778494596481 0 0.1639467626810074 0 0.4009923785924911 0.4071638286113739 0.464311346411705 0 0.4552591443061829 0.2370181083679199 0.1447190493345261 1.162255845963955 0 0.3980237543582916 0.1855252385139465 0 1.474457502365112 0.3316973447799683 3.758510917425156 0.7340407222509384 8.977243609726429 9.786091104149818 2.640810996294022 0.3449881225824356 0 0 0 0.1551477760076523 0.2096833139657974 0 0.4279223382472992 0.268819198012352 0 0.1935815215110779 0.6471600383520126 1.473407328128815 1.633261479437351 0 0 0 0 0.4883690550923347 0 0.2642021477222443 0.8496097028255463 7.53614853322506 0.1694334149360657 0 0.1707888692617416 0 0 0 0 0 0.779267355799675 32.25096816569567 2.267473109066486 0 0 0.1115286201238632 4.803502142429352 2.65998937189579 3.421144291758537 1.37346276640892 1.222618967294693 0.5571207404136658 0 0.7276727557182312 0 0.1522321999073029 0 0 0 0 0.640806145966053 0 6.819736920297146 6.332430772483349 11.090236723423 500.2377621158957 45.76755262166262 492.8145728558302 55.8939037322998 98.34165283292532 48.12243894487619 4.91489065438509 69.16072452813387 12.55190663784742 1.193176053464413 2.49614904075861 0.09891238808631897 2.42868047952652 0.1980999559164047 0.2724914252758026 1.045061953365803 2.921033374965191 0.5609161406755447
39.75338390469551 14.1043157428503 7.388649217784405 529.8127550035715 38.99138630181551 89.8508632183075 239.0347407013178 3.086781173944473 163.762160025537 2334.781415492296 69.02833162993193 0 2353.925869636238 652.1404428854585 29.7045981362462 84.8565398901701 5.403178207576275 0.7259986326098442 0 1.964091077446938 5.800754331052303 0.661951094865799 0 0.4464859962463379 1.350609615445137 11.91775351017714 3.180487424135208 3.009774900972843 2.296634420752525 1.652313560247421 0.9765413701534271 0.5629282295703888 106.3310980945826 0 1.106987133622169 0.5079977661371231 179.9603324830532 9.544251695275307 12.64353221654892 4.083031952381134 6.336802914738655 3.662043757736683 0.4357834756374359 1.677265048027039 0.2331517562270164 1.253892354667187 34.24799640476704 1.107419520616531 1.412127554416656 1.100047335028648 0.1254333853721619 1.492634177207947 0.5568541586399078 0.5199519023299217 0.6745412796735764 3.823020897805691 2.016385987401009 12.0518341511488 1.16458535939455 5.258302100002766 1.037629559636116 5.295730531215668 0.2571996748447418 5.025885850191116 1.822872273623943 0.7492796406149864 0 0.8022260665893555 2.89891143143177 7.227129220962524 195.5503201633692 70.82623235881329 7.600489482283592 41.325205296278 5.979211933910847 32.31382197886705 33.82017634809017 12.65267409384251 0.3270308077335358 37.68357428908348 0.8775404617190361 0.5853806361556053 2.202028103172779 0.7282011657953262 1.136474080383778 0.5321044996380806 0.7130424752831459 1.682188868522644 0.7355632036924362 0.7701715230941772 0 0.1261776834726334 2.990775123238564 0.6714300811290741 0.3976228088140488 2449.176467679441 390.4127675741911 29.2616401463747 6.309688925743103 16.81538573652506 0.8423202037811279 0.1308255344629288 3.99560546875 1.956903129816055 5.824172824621201 66.3646068572998 2.442824870347977 14.29308564215899 35.81755484640598 52.39490024745464 1.108436182141304 160.1370962485671 103.5724361166358 110.0915916636586 76.18684767186642 0.4351375102996826 0.7105723842978477 0.1350241005420685 0.3004487901926041 0 0 0.2921078205108643 0.2564451619982719 0 0 0.1466095894575119 0.5141623914241791 0.483984112739563 0.150393471121788 0 0 0 0.2624223530292511 0 1.985072761774063 4.778286270797253 0 1.037265300750732 1.120785802602768 25.00285003334284 0 16.54188185185194 4.019577443599701 1.124518066644669 0.5080505907535553 0 0 0 0 0.2384026497602463 0 2.693258911371231 2.766049310564995 0.1226764172315598 0 0 0 0.1891002506017685 0.1588356047868729 0 0 0.2567004263401031 0.8438587933778763 0 0 4.271909266710281 53.32324134558439 0.1048954576253891 0.1523201614618301 0.4257050603628159 0 0.1335674673318863 0.4681599512696266 0 0 0.7212723195552826 203.1858106330037 3.464790418744087 0 0 0.5748963952064514 18.11834697425365 7.00451135635376 11.18464197218418 4.178082458674908 3.722768910229206 7.535549491643906 1.113682426512241 1.454700797796249 0.3677060604095459 0 0 0 0 0 0 0 105.1703850477934 20.86833538860083 15.92369472235441 328.0994382277131 13.72920672595501 202.199535831809 23.55130495876074 124.606363080442 18.27778748422861 2.437411397695541 41.45541694760323 20.56555714458227 0.3941224813461304 10.9875860363245 0.5196078717708588 27.33713567256927 0.4340648800134659 0.4279480278491974 3.368254065513611 1.209856942296028 0.1924156546592712
113.5154000297189 174.2205822244287 62.31973528116941 1041.676288351417 485.90414429456 94.02104508876801 2354.661086827517 36.59543455392122 1760.069600872695 6629.822845302522 714.0064192265272 2353.925869636238 0 2920.711542017758 135.7361795902252 363.4646606072783 19.86555041372776 3.711742259562016 2.276282295584679 15.26774536073208 32.61783530563116 0.7493619322776794 2.705501906573772 1.49765706807375 3.806711331009865 40.93048815429211 9.631807632744312 15.05967608094215 20.61147701740265 10.75168786942959 25.36820910871029 10.29696376621723 2276.428494505584 2.418489888310432 10.08132938295603 2.886984586715698 3602.275116041303 27.67372998595238 120.680779479444 30.35433234274387 58.35165622830391 22.35485159605742 3.537592723965645 9.303132921457291 4.514627896249294 5.111268013715744 140.7866620346904 8.569064073264599 4.527278937399387 4.470437236130238 5.753705628216267 5.39958368241787 13.31394729018211 5.876212492585182 4.706225328147411 14.98045146465302 3.640357010066509 38.71911683678627 3.861409030854702 19.30265776067972 13.07784855365753 51.46676317602396 1.038856454193592 45.97220167517662 10.85222584754229 4.047449856996536 1.089623972773552 4.747991316020489 14.20743343234062 33.65998661518097 1114.098744787276 410.0263722538948 8.175225667655468 105.9731872826815 33.5076387822628 149.2044766247272 213.303126104176 55.95463904738426 10.65274260938168 150.9470172300935 22.20349346101284 17.0267800539732 14.53648075461388 1.502997726202011 4.55749537050724 4.307750195264816 5.350874826312065 6.366749860346317 0.758025698363781 2.422287285327911 1.393336467444897 1.700463108718395 16.70202985405922 3.839315667748451 2.986297577619553 2904.46278821677 239.7229504212737 21.22643651068211 137.9826434478164 29.69397522509098 1.260212086141109 0.8225324600934982 5.079961322247982 2.882836401462555 7.268972806632519 120.1293938010931 4.495895430445671 21.23896798491478 92.23762058466673 74.79941440373659 4.485346898436546 227.3970790058374 175.5496257543564 189.5802709981799 176.6424991860986 3.493979744613171 2.74855250120163 0.2859504818916321 0.6974862664937973 0.5498413443565369 0.1220074072480202 0.2978745847940445 0.881695955991745 2.226756811141968 0.614299051463604 1.525783181190491 0.9677764326334 2.50453045964241 1.710021369159222 2.957814246416092 2.07079079002142 2.686766445636749 3.031819626688957 0.8028360605239868 4.667136430740356 10.77991731464863 0.3616553395986557 9.955371305346489 3.159434475004673 74.75969876348972 3.899519748985767 83.7928339317441 31.60667964816093 7.940986089408398 0.9876357465982437 0.9989517778158188 0.7639632970094681 0 0.6090485155582428 3.562442019581795 0 6.769772946834564 11.88199215382338 0.3518421351909637 0 1.190527334809303 4.846507228910923 0.8477647751569748 1.10691062361002 0.3989181071519852 0.1084000915288925 0.154348686337471 1.689714297652245 0 2.405579447746277 20.24526376277208 137.9740124642849 1.347492054104805 0.9152090400457382 0.9429711699485779 0.2161134332418442 0.1047520786523819 1.962971523404121 0 0.3238606154918671 2.032292738556862 474.0541954636574 40.14314059913158 0 0.3186295554041862 0.5983163267374039 52.90248873084784 42.31012189388275 36.64388312399387 6.007935374975204 9.157031312584877 13.76260140538216 1.285481661558151 2.664300233125687 0.450487345457077 0.1063460931181908 0 0 0.1055768504738808 0 0.5006757825613022 0 145.9185633212328 86.14063730090857 97.99019572883844 941.5466243624687 99.6452841386199 687.9528390690684 91.09028765559196 341.5243722721934 82.62772159278393 8.633269526064396 144.6221638843417 44.86058755218983 4.819358371198177 25.00030839443207 2.570729732513428 40.2989766895771 2.066048443317413 0.4074422419071198 7.375480622053146 3.898429974913597 1.134727865457535
