0 6052.244828805327 858.8699087575078 1418.506772786379 885.092401959002 106.3413365036249 1721.605786241591 87.45097677409649 75.89491240680218 2551.131318233907 151.9563765004277 23.48000366985798 148.2062114179134 33.20486646145582 0.09498503804206848 0 0 0 0 0 0 0 0 0 0 0.2196754813194275 0 0 0 0 835.5028322190046 2.50018835067749 1.470731392502785 0 0.1885599493980408 0 1.952446848154068 0 0.5931742489337921 0 0.2599687576293945 0.1029673367738724 0 0 0 0 5.095761276781559 0.515976794064045 0.1436274647712708 0.3170492351055145 0.3903418555855751 0.9298701584339142 0 0 8.82392967492342 13.81947692483664 631.6901488676667 885.4460961148143 64.0075432062149 8.810522563755512 0.6263880804181099 0.1081248819828033 0 2.350326612591743 3.102306127548218 0.9889086708426476 1.417837463319302 0.461826853454113 0.2945906817913055 0 13.27720468491316 11.42583510279655 0 109.6690254509449 48.2680566161871 2.127453051507473 0.6944541111588478 0.4688452556729317 1.234652742743492 9.479511022567749 0.1198519617319107 2.652960069477558 2.007247090339661 0.2826395854353905 0.4428853541612625 6.965781539678574 0.2552393525838852 0.1877802163362503 1.430707678198814 0.4608408212661743 0.2470428496599197 0.2563829198479652 0.6218065321445465 0.13663549721241 0.1404202580451965 120.836066275835 8.190375998616219 0 1.459019616246223 2007.025587841868 0 0.1689935773611069 0.2815466225147247 0 0.1983608156442642 16.35876460373402 0.5204236507415771 1.631861090660095 5.134639322757721 6.918212115764618 0 3.928974449634552 2.854561328887939 2.372143059968948 0 0 0 0 0 0 0 0 0 0 0 0 0 0 0 0 0 0 0 0 0.3047151565551758 0 0 0 0 0.2108019143342972 0 0 0 0 0 0 0 0 0 0 0 0 0 0 0 0 0 0.1312956213951111 0 0 0 0 0 0 0 0 0.4020373225212097 0 0 0 0 0 0 0 0 0 0.2716821134090424 0 0 0 0 0 0 0 0 0 0.2448961436748505 0 0 0 0 0 0 0 0 0 0 1.624137997627258 0 0.3617823123931885 30.26569664478302 2.859638795256615 53.74640041589737 6.485096901655197 1783.425161413848 23.07511848956347 0.1190189868211746 4.207404293119907 1.255943536758423 0 0 0 13.38323076069355 0 0 0 0.1906535923480988 0
6052.244828805327 0 985.3195497691631 340.7265552729368 3112.077522411942 308.4240392968059 3009.159019626677 329.7283936589956 335.6356985643506 713.7905864566565 1221.799693964422 21.05195128917694 559.8096118420362 542.8104342371225 3.934136301279068 0.43990308791399 0.4636229500174522 0 0 0.271680474281311 0.09336698055267334 0 0.5354331135749817 0.2657657265663147 0.166932687163353 0.7251990959048271 0 0.3651697784662247 0.9188471883535385 0.2014855667948723 2323.320729225874 12.06345845758915 26.90257827192545 0.09303393214941025 0 0 14.6340691447258 0.1468424648046494 0.2624853476881981 0.2484975159168243 0.4369504600763321 0.4125905781984329 0 0.1034248024225235 0.2623744234442711 0 58.74747156351805 0.3996295481920242 0.1036472469568253 0 1.474452450871468 0.4360902458429337 0 0.2870408743619919 32.84155978262424 65.71243821084499 330.6305075138807 1040.844894044101 74.16763940453529 50.17102134972811 1.066635131835938 2.755293034017086 0 25.60623853653669 19.38554295897484 7.105003833770752 10.35434402525425 4.018821977078915 0 0.4725279659032822 30.39158686250448 17.58596459031105 0 291.9449598565698 190.1407782435417 40.71096197515726 5.041669875383377 0.8969852700829506 0.7740044593811035 30.02966240048409 0.4152231812477112 4.670528948307037 14.58195903152227 0.9802434891462326 2.148780018091202 41.69548637419939 1.800715193152428 0.4559953883290291 5.521095640957355 0.1307987421751022 1.048980362713337 0.7095698565244675 0.611911952495575 1.254164479672909 0.368312381207943 110.6366200447083 4.208560466766357 0 2.130906626582146 1105.335457220674 1.36238032579422 1.739078208804131 2.545949354767799 1.193588018417358 0.6647330224514008 89.07836298644543 2.863253876566887 13.18502552807331 20.14926955103874 54.12650968134403 0.6025595664978027 48.47365422546864 54.53757951408625 52.81056392192841 41.27924055606127 0.9668227434158325 1.35019987821579 0 0 0 0.6674520373344421 0 0 0 0 0 0 0 0 0 0 0 0 0 3.617117002606392 0 0 0 0 8.791824102401733 0 6.176075905561447 1.341587521135807 0.1451628804206848 0 0 0 0.5519244521856308 1.218299239873886 0 0 2.389568582177162 3.11106051504612 0.3149754106998444 0 0 0 0.6043503135442734 0 0 1.140973351895809 0 4.365928769111633 0 0 0 19.46013250946999 3.695694535970688 0.7088719010353088 2.505141079425812 1.210170038044453 0 0 0 0 0 25.03155337274075 3.038628578186035 0 0 0 5.63679726421833 0 5.577491909265518 1.650377660989761 11.22313405573368 3.147664770483971 1.74166402220726 6.349362373352051 0.3901174366474152 0 0.4949861541390419 0 0 0 0 0 26.39763855934143 13.88404753804207 21.25410470366478 238.266790650785 39.02827504277229 477.4469368234277 64.0945942401886 1500.006680712104 96.31690268218517 3.853238850831985 71.24176497757435 12.45319271832705 0.7910830080509186 12.74736624956131 0.5016176551580429 47.83556371927261 0.8830309510231018 0 2.723434448242188 0.9774184226989746 0.143892377614975
858.8699087575078 985.3195497691631 0 3.014678150415421 342.5656768456101 13.06223706901073 15.40164812654257 4746.002664938569 166.8283372148871 13.54059416055679 4935.053128682077 4.03037191182375 57.9729572981596 534.4912762716413 9.061177141964436 3.433362938463688 3.880086146295071 0.1694916486740112 0.1413015872240067 2.399914219975471 12.98790456354618 0.2069511562585831 6.26637864112854 15.17410497367382 4.666860222816467 9.745529510080814 0.5623495280742645 4.058154873549938 1.332824550569057 0.1056571453809738 5803.949590079486 901.9631149917841 40.43142975866795 5.524174124002457 4.134509786963463 3.088912516832352 19.68508893251419 1.102594323456287 0.1203660815954208 1.015798464417458 44.7082374766469 15.57844231277704 2.007155314087868 0.371400773525238 0 1.488738849759102 55.80400460213423 1.640607371926308 0.7931838035583496 3.482698917388916 39.20184831321239 4.367831639945507 0 3.444673664867878 21.64325573295355 40.25825751572847 217.2068768963218 1407.399601750076 52.68243090808392 42.09933018684387 91.28337877988815 32.63866871595383 6.974386617541313 484.6640561074018 17.02137513458729 6.058701500296593 22.74283331632614 32.58805726468563 12.71077659726143 75.37504970282316 34.76389618963003 8.6614059060812 0.2616714537143707 223.7261284664273 214.3259924650192 45.196832023561 20.44479055702686 4.372746996581554 78.02243906259537 793.1657383516431 11.58774004131556 447.7558234557509 9.486101917922497 0.7572275474667549 2.386926591396332 28.62946017831564 7.106613427400589 0 7.632164046168327 0 6.897801503539085 1.528987929224968 42.07176760584116 35.4140661880374 14.38358706235886 19.68785052001476 0.6052214503288269 0 1.631179310381413 337.8201193585992 1.258583307266235 0.1217410638928413 1.568945437669754 1.89770781993866 0.3185816705226898 17.87750607728958 0.3402630984783173 4.363530933856964 10.10511854290962 23.19502320885658 1.691664785146713 15.44608786702156 30.49075236916542 17.76890487968922 15.76271210610867 0.9740500152111053 0.9117448329925537 0 0.4282562434673309 0 0.210221603512764 0 0 0 0.2821547091007233 0 0 0.6105682253837585 0 0 0.8559341728687286 0 0.3739039748907089 0 2.174010217189789 0 0 0 0.8331270217895508 3.856402933597565 0.1445907056331635 4.895724408328533 2.936435706913471 0.5689280182123184 0 0.9027175605297089 0 1.194407343864441 0.2642473876476288 0 0 0.3520984649658203 2.957101181149483 0 0.2724809944629669 0.9797591865062714 0.3984198123216629 0.1823156476020813 0 0 0.3086271211504936 0.5308033227920532 0.9492378234863281 0 0 0 7.509325310587883 0.2778629660606384 0 0.7320799231529236 0.1073426455259323 0.2243441343307495 0.9450510442256927 0.1783719658851624 0 0.4302123039960861 13.78431209921837 1.093200445175171 0 0 1.416304305195808 1.307942152023315 0 1.570268243551254 3.06477427482605 3.782782107591629 2.233289390802383 0.1700874418020248 0.9727245420217514 0.2841863930225372 0 0 0 0.6132968887686729 0.2743070423603058 0 0 15.26973813772202 11.73287338018417 6.892083950340748 201.1574420109391 49.85997673869133 317.0526665300131 49.10079662501812 278.1597629114985 58.15619277209044 3.556977808475494 71.9684002250433 7.594882160425186 0.8097236379981041 3.654429793357849 0.5460244566202164 15.08314800262451 0.6885356307029724 0 0 2.996602311730385 0
1418.506772786379 340.7265552729368 3.014678150415421 0 94.12368589639664 424.2432845309377 2021.408537879586 0 330.6900961250067 2052.675081938505 0.4682360589504242 8.314449191093445 402.0352667868137 27.77039432525635 0 0 0 0 0 0 0 0 0 0 0 0 0 0 0 0 19.52868297696114 0.2385511919856071 0.3275801837444305 0 0 0 0.4384002089500427 0 0 0 0 0 0 0 0 0 3.797843292355537 0.1149952113628387 0 0.121431939303875 0 0 0 0 4.187213256955147 4.420315317809582 63.87505001574755 99.80338254570961 6.842190034687519 2.805124096572399 0 0 0 0.7366524040699005 2.076237894594669 0.3676678910851479 1.440160982310772 0.2896494045853615 0 0 3.016787491738796 2.099671363830566 0 25.37654389441013 15.25201589614153 3.964332439005375 0.2486498206853867 0.1117352694272995 0 1.330537512898445 0 0.08269388228654861 1.159905843436718 0 0.2054974138736725 2.626795165240765 0.1225229948759079 0 0.556472435593605 0 0 0.2657465636730194 0 0.2482013553380966 0 105.3761829212308 0 0 0 395.3297362029552 0 0.3066955804824829 1.203807294368744 0.950165793299675 0 25.76616856455803 0.7591743320226669 1.034071430563927 7.405440434813499 11.54262715578079 0 5.460688024759293 12.60373705625534 6.012753486633301 5.17293481528759 0 0 0 0 0 0 0 0 0 0.1882986724376678 0 0 0 0 0 0 0 0 0 0.3536884486675262 0 0 0 0 0 0 0.433614194393158 0 0 0 0 0 0 0 0 0 0 0 0.1505723297595978 0 0 0 0 0 0 0 0 0.5027281939983368 0 0 0 3.095468997955322 0 0 0 0.2675999701023102 0 0 0 0 0 0.838811457157135 0 0 0 0 0 0 0 0.6375984996557236 0 0 0 0.3754149079322815 0 0 0 0 0 0 0 0 3.645370066165924 1.743524253368378 4.761983156204224 18.60632571578026 3.495645180344582 35.98745046555996 4.1101034283638 703.8071718290448 9.974098384380341 0 3.749181017279625 2.24721348285675 0 1.79289998114109 0.6626619100570679 10.99986186623573 0 0 0.6574552655220032 0 0
885.092401959002 3112.077522411942 342.5656768456101 94.12368589639664 0 41.0211489200592 1837.229629710317 180.0466281250119 3235.664743930101 1167.142739877105 1929.75342232734 109.652174808085 952.1602708399296 3057.204063609242 5.741971395909786 0.2676376774907112 0.6106482595205307 0 0 0 0.1739707291126251 0 0 0 0.2664991319179535 0.6233056262135506 0 0.6872881948947906 0.8701432719826698 0.2085665166378021 370.7102757021785 11.50733029842377 47.4082565382123 0 0 0.5250918343663216 23.68650712072849 0.9412825703620911 0 0.1982956677675247 0.3918071985244751 0.6428880840539932 0.1064923107624054 0 0 0 68.07202036678791 0.2323394492268562 0.6604185253381729 0 0.7840338051319122 0.1567040085792542 0 0.8591565787792206 16.72382745146751 32.65390709787607 61.73144061863422 296.8685078471899 29.27967774122953 47.28043940663338 0.4453613460063934 6.642521686851978 0 37.00580566376448 12.81429652869701 5.792844749987125 5.998973302543163 1.690258428454399 0 0.5992961749434471 40.00183590501547 15.17578276991844 0 123.7329088076949 106.5680318251252 55.20347546041012 8.897211514413357 0.5261270925402641 0.390542171895504 32.81740797311068 0 3.448605857789516 7.714526556432247 0.7393640279769897 1.665344938635826 27.40446794033051 1.013299860060215 0 5.638636507093906 0.1813599467277527 0.7517555952072144 0.7539695277810097 0.4657608568668365 0.222546361386776 0.9170642718672752 123.8084901571274 3.8077212870121 0 1.290801420807838 92.83320275694132 2.605763852596283 1.770775392651558 9.759715244174004 3.418768644332886 2.121494263410568 77.7340504527092 4.170109242200851 29.05587484687567 55.41025748848915 105.740537956357 1.369049489498138 83.53315681964159 144.1598005220294 85.2180914208293 69.91192780435085 0.7125251293182373 1.832536906003952 0.3557561933994293 0 0 0 0 0 0 0 0 0 0 0.1547890603542328 0 0.1946495473384857 0 0 0 6.40119294077158 0 0 0 0 17.67911764234304 0 5.493957780301571 0.4468102157115936 0 0.1501751691102982 0 0 0 1.361901223659515 0 0 5.415749847888947 10.26582334190607 0.5174099206924438 0.120138518512249 0 0 0.1837960928678513 0.2114129811525345 0.9730223119258881 0.4023356139659882 0.4050579965114594 8.659240216016769 0 0 0 19.37233804911375 2.377147316932678 1.57643361389637 1.730868354439735 0.5176523178815842 0 0 0.7459469586610794 0 0.6087547540664673 66.31016890704632 4.168593481183052 0 0 0.1516790688037872 5.824850246310234 0 7.971941947937012 7.17577075958252 17.17646265029907 6.418396562337875 4.073919788002968 5.992880940437317 0.8765630125999451 0 0 0.5974751710891724 0.1196075454354286 0 0 0 79.56127053499222 22.56798170506954 29.31852823495865 273.0742894038558 62.12100787460804 307.5320263430476 66.92264942824841 347.2609505280852 64.244593501091 4.686747118830681 74.26547576487064 13.84166527539492 1.008719749748707 22.36760383844376 3.328237071633339 54.20600183308125 0.3980863690376282 0.346813976764679 4.906475774943829 2.275919586420059 0
106.3413365036249 308.4240392968059 13.06223706901073 424.2432845309377 41.0211489200592 0 242.8609005436301 2.635828211903572 88.23046836256981 1016.273461841047 9.728583961725235 149.4553459733725 409.9267159551382 175.1174142360687 1.002552159130573 0.5978827998042107 0 0 0 0 0 1.713001608848572 0 0 0 0.1529487073421478 0 0.1535239070653915 0 0.1682338863611221 8.912503361701965 0 38.9048230946064 0 0 0 37.03364610671997 0.1666394919157028 3.98011976480484 0.3166399002075195 0 0 0 0 0 0 1.510931268334389 0 0 0 0 9.284176662564278 0 0 0.3371681571006775 0.7218635678291321 142.1501802578568 29.67010517418385 2.979440994560719 0.2628644108772278 0 8.410917446017265 0 0.5236125215888023 0.2169527783989906 0 0.1201890036463737 0.1282636225223541 0 0 184.2601520717144 249.6410286873579 6.599222540855408 6.075306922197342 4.179859086871147 2.064073346555233 0.5111709609627724 0.1146605685353279 0 67.99213197827339 0 0.6336184740066528 0.5894786790013313 0.2631871104240417 0.2444973737001419 0.8038209527730942 0 8.352108612656593 0.9097028970718384 12.18041603267193 0.1350447684526443 1.399908676743507 0 0 0.14950031042099 564.3223618417978 194.5148830115795 7.04767695069313 32.31351347267628 306.8302977830172 0 0 0 0 0 1.985470473766327 0 0 0.8337947726249695 5.389009982347488 0 0.9691184759140015 2.886693969368935 0 0.940453827381134 0 0 0 0 0 0 0 0 0 0 0 0 0 0 0 0 0 0 0 0 0 0 0 0 0 0 0 0 0 0 0 0 0 0 0 0 0 0 0 0 0 0 0 0 0 0 0 0 0 0 0 0 0 0 0 0 0 0 0 0 0 0.5155510902404785 0 0 0 0 0.3535007834434509 0 0 0.5814401507377625 0.218671441078186 0.233725979924202 0 0 0 0 0 0 0 0 0 0 0.2853208482265472 0.7465013265609741 0.2814944982528687 18.93298151344061 1.480266138911247 6.89435850083828 1.783095866441727 123.6545082181692 3.223095528781414 0.1458102315664291 3.881346851587296 1.296225756406784 0 0.9803556799888611 0 0 0 0 1.21819394826889 0 0
1721.605786241591 3009.159019626677 15.40164812654257 2021.408537879586 1837.229629710317 242.8609005436301 0 3.797363765537739 416.0244034901261 1945.290563084185 14.02570078521967 123.6557673513889 4463.284886933863 440.3195820823312 2.28331795334816 0.1052350401878357 0.2413346022367477 0 0 0.6298855245113373 0.1167226210236549 0 0.1020904034376144 0 0.08362790942192078 0.2244111001491547 0.0937703400850296 0.259932667016983 0.7527481988072395 0.4019287526607513 104.0260718241334 3.963074930012226 28.22764317691326 0.09743865579366684 0 0.2519155070185661 24.84367607533932 0.4096743911504745 0.2364678382873535 0 0 0.2904048413038254 0 0.1232985481619835 0 0.09761340171098709 55.31842499226332 0.2443719431757927 0.3340690732002258 0 0.9143366143107414 0 0 1.159256435930729 20.36483664065599 35.62340272217989 102.7366562485695 295.2891443818808 34.9074209779501 39.22249298542738 0.362609975039959 4.715990997850895 0.278170108795166 22.25451526790857 12.9065500870347 3.347815975546837 6.408061727881432 3.889516055583954 0 0.6494618728756905 56.36883895844221 15.95520602911711 0 146.1653363332152 103.1684587001801 37.02154265344143 4.509514607489109 0.9274903386831284 0 15.02883223444223 0 1.20925822108984 7.125080816447735 0.3722562119364738 2.185720346868038 23.48428235948086 0.3297382742166519 0.07451791316270828 4.8677798807621 0.1290656328201294 0.8112322017550468 1.030852325260639 0 0.4848448634147644 0.1251017600297928 244.6302533224225 3.847216665744781 0.5920866429805756 0.8425131887197495 276.9268201738596 4.965779006481171 2.921162106096745 10.13249035179615 2.41978719830513 0.463641881942749 88.46232508122921 3.611402496695518 24.02008349448442 44.6558398604393 109.2470003813505 1.651728540658951 73.97397927194834 110.3826787769794 77.58037512004375 59.59013229608536 0.6289341151714325 1.758140206336975 0 0 0 0 0 0 0 0 0 0 0 0 0 0.9243149310350418 0 0.1703580766916275 0 4.65149961411953 1.064485847949982 0 0 0 17.17283576726913 0 9.78083623200655 0.6003323793411255 0 0 0 0 0 1.896602034568787 0 0 3.800952062010765 6.725645437836647 0 0.3023798167705536 0 0 0 0.3479513898491859 0.5752397477626801 0.09629838168621063 0 5.056205436587334 0 0 0 32.70826062560081 6.310431003570557 1.090523034334183 3.588902980089188 0.6327626556158066 0.4845003485679626 0 0 0 0.5551312565803528 49.30395872890949 5.824361234903336 0 0 0 7.056192472577095 1.245964288711548 11.50612182915211 3.791545018553734 17.97147063165903 4.435173116624355 2.127931617200375 3.026343122124672 1.810717053711414 0 0.1168186441063881 0 0 0.2079331278800964 0 0.1082865223288536 58.41603130847216 17.03293089568615 23.55366928875446 215.9997682794929 36.82661896944046 311.1612169966102 52.55769880861044 784.0695042833686 70.02184315770864 2.419055558741093 65.43538814038038 10.34128243476152 0.4567908644676208 21.10038379579782 3.92674496024847 54.98562090098858 2.983641624450684 0.1617660522460938 6.02979364991188 1.61564165353775 0.1900213211774826
87.45097677409649 329.7283936589956 4746.002664938569 0 180.0466281250119 2.635828211903572 3.797363765537739 0 39.11940581351519 7.995817616581917 2419.189137846231 0.8254926353693008 16.086201839149 240.4556155055761 11.65381717681885 2.759246505796909 4.483259275555611 3.667583391070366 0.1202275007963181 1.487948685884476 19.51034943759441 1.250260509550571 11.00270879268646 8.718044891953468 4.712846085429192 9.265085473656654 2.104309216141701 6.429029412567616 1.170893914997578 0 1963.426542758942 2653.243109107018 40.00890868902206 9.429639890789986 4.686697497963905 3.114339858293533 27.47163141518831 1.777702875435352 0.4604111909866333 0.6950568631291389 47.50612069666386 12.93958469480276 3.426803290843964 10.47308191657066 1.277312874794006 12.87940916419029 94.4960470199585 2.234198719263077 2.093823648989201 13.84935868531466 33.74232788383961 2.115383580327034 0 4.599556870758533 18.29587358981371 41.7023051455617 92.01038194447756 614.5965868160129 37.78819500654936 52.09823273122311 196.8862217515707 44.26133543998003 5.728166162967682 846.6329250559211 11.7751042842865 8.050051242113113 19.32694544643164 31.43295996636152 12.66753243654966 99.25283192098141 26.7297765687108 13.79012483358383 0 205.4573861286044 257.600215010345 87.25509654730558 81.6767902225256 111.6736821979284 118.1513790786266 908.7050752341747 110.0554487109184 1623.820569984615 7.398729003965855 0.8802250102162361 4.344166502356529 26.71097375452518 15.73340707272291 0.5752788111567497 8.724704347550869 0.1992331966757774 6.869872115552425 4.15367802977562 42.93422488123178 28.82962525635958 15.90078634768724 30.81434081494808 1.275885373353958 0 0.116510808467865 61.33409053832293 0 0 2.12815248966217 0.5984829068183899 0.4706148505210876 18.61721949279308 1.350029274821281 6.620708122849464 7.588974744081497 20.08847403526306 0 11.95790247619152 20.80183686316013 19.27437002956867 14.643608905375 0.4572970122098923 0.7729240953922272 1.050979018211365 0 0 0 0 0 0 0 0 0 0.1662458330392838 0 0.5414309948682785 0 0 0.1865993142127991 0 3.350215554237366 0 0 0 0 12.0395283550024 0 3.382856719195843 2.26386071741581 0.7931724116206169 0.1568976491689682 0.9961572885513306 0.4408909380435944 0 0 0 0 4.979731321334839 4.529376477003098 0.9737996384501457 0.4005759954452515 0 0.6408868730068207 0.7521225959062576 0 0 0.2154866978526115 0 2.36044642329216 0 0.4544575214385986 0 18.77611388266087 2.473326742649078 0 0.5552845597267151 0.2673766613006592 0.1120894551277161 0 0.3017656579613686 0 0.7966089248657227 13.20663239061832 3.947433173656464 0 0 0.9401105791330338 2.879656463861465 0 7.030319511890411 3.445689588785172 3.365258902311325 1.82012602686882 1.132940411567688 2.553821042180061 0.5795235633850098 0.2491806149482727 0 0 0.4642153978347778 0.2275549247860909 0 0.8571231365203857 18.2505206912756 7.571328774094582 7.144482389092445 343.8521938100457 61.71159862726927 420.8279172703624 77.41798483580351 176.5179002732038 63.71147656440735 4.699222832918167 131.8479642421007 8.544490545988083 1.311047859489918 16.51269493997097 3.461832404136658 16.73270204663277 1.386014819145203 0.09789863228797913 0.9255288392305374 3.716794863343239 0.5924187749624252
75.89491240680218 335.6356985643506 166.8283372148871 330.6900961250067 3235.664743930101 88.23046836256981 416.0244034901261 39.11940581351519 0 1631.381742961705 788.2603897303343 330.110672801733 2512.115477971733 4213.767222426832 7.510255083441734 2.292098946869373 0.1130446940660477 0 0 0.1368429660797119 0.4093420207500458 0.6968452334403992 0.3109900653362274 0.1445792764425278 0.2913859188556671 0.9874402284622192 0.2628939524292946 0.8623745292425156 2.895392708480358 0.2708892524242401 59.13482788205147 10.44393652677536 56.05465577542782 0.116549126803875 0.09611507505178452 0.9209448397159576 40.17380003631115 0.08604629337787628 1.310880303382874 0.0953885018825531 0.2986062616109848 1.147863134741783 0 0 0.1194921210408211 0.1007240936160088 59.23645875602961 0.5143057629466057 0 0 0.6757337599992752 0.1177203580737114 0 1.420061767101288 7.866290368139744 20.21259421855211 30.73755452781916 113.3978744596243 17.94051192700863 32.52278961241245 1.132546618580818 10.66207431256771 0 32.54488722234964 6.991526022553444 2.905730694532394 4.820437528192997 1.602976322174072 0 0.7536452636122704 69.34246207773685 21.93883644044399 0.1759047955274582 78.25490979105234 68.75381442904472 45.60175448656082 16.44232508540154 1.817984692752361 0.465933546423912 74.15450169146061 0 2.764819078147411 3.646193757653236 0.5553514286875725 2.114204473793507 14.20067919790745 0.9922903478145599 0.08600708842277527 3.731176309287548 0.2750036716461182 1.532422997057438 1.216251902282238 0.4334254860877991 0.7906176894903183 0.5196348875761032 490.8151385337114 2.598241940140724 0 1.327782511711121 49.57676787674427 3.223992511630058 8.847102046012878 22.19283051788807 9.821263119578362 3.817535728216171 168.0936823412776 11.19166921079159 63.94684156775475 101.7046797052026 248.5212407261133 4.702183037996292 170.5109988003969 289.9195935800672 184.5379254743457 120.3524743244052 0.435511127114296 2.061319649219513 0 0.5787053108215332 0 0 0 0 0 0.1085406914353371 0 0 0 0 0 0 0 0 0 12.992067463696 0.2557813227176666 0 0 0 13.37831772863865 0 5.704752571880817 0.8098685666918755 0 0.1702134758234024 1.216902777552605 0 0.7354258745908737 0.6886749714612961 0.4898334145545959 0 8.432170704007149 8.073826216161251 0.6020262688398361 0.1294538527727127 0 0 0 0.1144574135541916 1.50757996737957 0.6806327253580093 0.5075564384460449 10.11597891151905 0 0 0 29.05573643743992 7.281883627176285 1.117002755403519 5.372397288680077 0.3967981413006783 0.5572976171970367 0.1186989471316338 0.3002171069383621 0 0.7634283900260925 91.3561577051878 4.428904414176941 0 0 0.5646114498376846 9.208504199981689 0.3504805564880371 10.95061182975769 11.44262189418077 19.59926500916481 6.674719735980034 5.993710622191429 6.973867282271385 1.377946719527245 0 0.1242094337940216 0 0.2149728313088417 0 0.1114413887262344 0 171.2631876170635 31.84997514635324 28.71383458375931 372.8006129413843 62.77159511297941 254.469755731523 63.54386878758669 227.0480925738811 58.52048475295305 5.957079313695431 136.4985051378608 11.92164571583271 2.863622888922691 26.38637593388557 5.02973361313343 92.58430042862892 2.858515128493309 0.09855399280786514 8.862605303525925 4.479869820177555 0.4132254868745804
2551.131318233907 713.7905864566565 13.54059416055679 2052.675081938505 1167.142739877105 1016.273461841047 1945.290563084185 7.995817616581917 1631.381742961705 0 58.98149400949478 253.3126053735614 5244.179946735501 577.1367957219481 0.7490242421627045 0.1222201287746429 0 0 0 0 0 0.1095730438828468 0 0 0 0.1564093232154846 0.3010812848806381 0.1459838002920151 0.1187554225325584 0 18.33959902077913 0.5817674994468689 11.63066567480564 0.1049990728497505 0 0 52.77638904750347 0 0.4790257662534714 0 0 0 0 0 0 0 7.481706038117409 0 0 0 0.09695519506931305 0.1263598501682281 0 0.1716828346252441 3.328304208815098 7.302792072296143 130.9203959032893 88.25447034835815 9.089575797319412 5.511053450405598 0 5.027157545089722 0 2.068300165235996 2.055758893489838 0.4139903038740158 0.9080334678292274 0.6244606673717499 0 0.2330787777900696 242.7365518063307 39.70037023723125 0 33.49379727244377 18.73497526347637 5.60336972028017 0.9680183678865433 0 0 67.97930565476418 0.2895278781652451 0.3790396749973297 2.645184844732285 0.0793619230389595 0.3311354741454124 4.006756857037544 0 0 0.6721657291054726 0 0.1385852545499802 0 0 0.1020662412047386 0 1019.482075795531 3.157958209514618 0 1.357056632637978 975.1948678940535 2.235182479023933 8.336364030838013 11.20807875692844 5.343540951609612 0.1744611114263535 126.8440888524055 14.74570375680923 48.91136302053928 85.9916142821312 216.7731136679649 4.079416036605835 127.7785428315401 182.476484015584 123.8661253675818 63.63620329648256 0.8904874324798584 0.6555613875389099 0 0 0 0 0 0 0 0 0 0 0 0 0 0.3932777047157288 0 0 0 7.418360859155655 0.8006194233894348 0 0 0 9.000537052750587 0 4.713906794786453 0 0 0 0.211722120642662 0 0.7504197359085083 2.3896803855896 0 0 7.304065637290478 2.278414979577065 1.119213968515396 0 0 0 0 0 0.7092478275299072 0.3117886185646057 0 6.898263804614544 0 0 0 33.68049213290215 2.341840893030167 1.298552200198174 2.368665099143982 0.5475861132144928 0 0 0.3351764380931854 0 0 23.82171940803528 3.62784743309021 0 0 0 4.176260411739349 0 8.096337497234344 3.968768954277039 11.88089193403721 1.329230040311813 3.452060759067535 3.431876599788666 1.429176896810532 0 0 0 0.1108639016747475 0 0 0 79.5626894235611 14.15084628760815 16.17245283722878 58.38412071764469 4.889269977807999 50.4687260761857 6.923070713877678 1257.614792831242 15.73371702432632 0.8539604917168617 11.62813157588243 17.23411925137043 0.6821035444736481 12.47776952385902 0.4955523461103439 160.4837908521295 0.4807803630828857 0 2.97569414973259 0.1588457226753235 0.2038062810897827
151.9563765004277 1221.799693964422 4935.053128682077 0.4682360589504242 1929.75342232734 9.728583961725235 14.02570078521967 2419.189137846231 788.2603897303343 58.98149400949478 0 37.55869419127703 660.4258837774396 3017.805325739086 35.27647085487843 8.000525131821632 3.960600286722183 1.359772905707359 0.3046288937330246 2.526800692081451 5.873118110001087 1.116018198430538 1.922332167625427 7.870750769972801 1.825635313987732 6.062936045229435 1.466201551258564 6.5448989123106 4.646683365106583 1.146866969764233 701.8092773631215 474.4351673051715 248.3779048100114 1.551394984126091 3.392113566398621 9.791549615561962 81.52393310517073 10.20450235158205 0.6843959167599678 3.830626428127289 29.32947478443384 16.52615061402321 0.7269891202449799 0.2609554007649422 0.1040017604827881 0.4770600572228432 244.1405530646443 1.70290407538414 0.6082716062664986 1.328831844031811 27.31731502711773 4.582417227327824 0.1748739033937454 5.615228235721588 20.82010684162378 52.47551511228085 82.0753178820014 432.9853978157043 50.40022230893373 110.8436490669847 12.09144140779972 24.9032533839345 2.461844332516193 308.7027121707797 21.46750845760107 8.357016541063786 16.907396517694 20.40967804938555 4.015754908323288 20.75117921084166 90.04246964305639 49.34917487204075 0 254.7656546086073 287.1097698807716 192.288682796061 87.58816829323769 16.69051170349121 38.33553504943848 878.6995365098119 0.7108742892742157 93.85606140643358 10.4160273745656 1.201040662825108 4.091001465916634 48.21026995033026 3.408640831708908 0.5697476416826248 10.1280325204134 0 6.918150529265404 2.876396983861923 12.27519077807665 19.06645170599222 11.18700785934925 203.1169385388494 4.079648345708847 0 2.244624152779579 42.6215682476759 5.504079438745975 2.574897259473801 9.550057753920555 1.748425617814064 0.667818546295166 89.77678397297859 5.278250843286514 32.14244046807289 43.50387977063656 100.0203648433089 2.027296751737595 86.30863458663225 159.4355487823486 104.2811848670244 92.55948765575886 0.7606845051050186 2.922503262758255 0 0 0.2696179151535034 0 0 0 0 0 0.5218167155981064 0 0.6299894750118256 0.6826523840427399 0 1.020919293165207 0 1.796670138835907 0 9.969754621386528 0.1385682970285416 0 0 0 15.71394789218903 0 9.866280727088451 2.132726401090622 0 0.1128093972802162 0.2326908260583878 0.8213328570127487 0.8646184355020523 1.224180817604065 0 0 8.160931266844273 6.585934482514858 1.109629690647125 0.331716001033783 0 0.138102650642395 1.499755933880806 0.1091330498456955 0.2850446999073029 0.7971177324652672 0.8183330595493317 6.759078562259674 0.2446395754814148 0 0 41.39044776558876 4.268918842077255 3.425606727600098 3.166273072361946 1.286388106644154 0.7867026701569557 0.6525278463959694 0.2159387916326523 0 1.764412015676498 65.85390700399876 9.403065457940102 0 0 1.641230426728725 4.628083065152168 0 9.810143277049065 7.009793967008591 14.16027788817883 6.348971985280514 4.935235589742661 7.230699598789215 1.718259580433369 0 0 0 0.3893612697720528 0.3110302984714508 0.148271307349205 0.314192458987236 120.0723091885448 39.99371682107449 26.44891201704741 1079.868688061833 164.2300456389785 851.2424162402749 226.2864523082972 346.0455932021141 153.8965752497315 14.88576478511095 464.0161126405001 20.39480500668287 3.757766045629978 23.24441233277321 2.918937928974628 46.51007647812366 6.481158882379532 0.3203511238098145 6.871664628386497 13.28753139078617 0.8801209330558777
23.48000366985798 21.05195128917694 4.03037191182375 8.314449191093445 109.652174808085 149.4553459733725 123.6557673513889 0.8254926353693008 330.110672801733 253.3126053735614 37.55869419127703 0 3572.539856880903 507.5489141494036 0.5885701477527618 0.4234915599226952 0.3764733225107193 0 0 0 0 0 0 0 0 0 0 0 0.1476032882928848 0 0.8809789791703224 0.11324293166399 14.99561555683613 0 0 0 228.9694114923477 0 0.1743301898241043 0 0.1322864443063736 0 0 0 0 0 4.731026314198971 0 0 0 0 0.2728219032287598 0 0 0.4213205054402351 0.3440511301159859 4.098718293011189 2.09850487858057 0.3677692711353302 1.642208471894264 0 0.3890365958213806 0 1.271291732788086 0.3032371401786804 0 0.09936418384313583 0 0 0 197.1748358905315 17.94747033715248 0 2.548233009874821 2.67986286431551 2.679281830787659 2.462905183434486 0.6851979494094849 0 325.232416510582 0 0.14522385597229 0 0 0 0.3318625688552856 0 0 0.2339002341032028 0 0 0 0 0 0 640.6420051604509 4.167072892189026 0 0.272809237241745 68.15527005493641 0.7399565279483795 3.049135953187943 1.969849467277527 0.6025877892971039 0 22.14018991589546 4.960951149463654 6.437469005584717 12.813586845994 43.98767802119255 0.3010570108890533 24.50742448866367 51.1227266266942 38.94769930839539 20.77907812595367 0.1361434459686279 0.4811794608831406 0 0 0 0 0 0 0 0 0 0 0 0 0 0 0 0 0 0.7035714387893677 0.1882414221763611 0 0 0 0.680827721953392 0 0 0 0 0 0 0 0.1393531709909439 0.4758941233158112 0 0 0.1223413646221161 0.8575722575187683 0 0.5672394037246704 0 0 0 0 0 0 0 1.539902672171593 0 0 0 1.007685407996178 1.160858690738678 0.2382043749094009 0.4637379199266434 0 0 0.1621295660734177 0 0 0 6.874608248472214 0 0 0 0 0.8509332239627838 0 0.7618322521448135 1.881662607192993 0.8121123462915421 0.5704934597015381 0 0.4248095899820328 0 0 0 0 0 0 0 0 50.26532690227032 6.883934170007706 0.4676497578620911 39.62215323001146 2.763833120465279 16.4747517183423 3.54565442353487 60.93389865010977 3.338142812252045 0.7609072923660278 15.35208754986525 3.000401526689529 0 2.645155757665634 0 19.2207807302475 0.3211439624428749 0 1.234667792916298 0.2030284553766251 0
148.2062114179134 559.8096118420362 57.9729572981596 402.0352667868137 952.1602708399296 409.9267159551382 4463.284886933863 16.086201839149 2512.115477971733 5244.179946735501 660.4258837774396 3572.539856880903 0 2185.92431987077 8.86871562898159 2.129055924713612 0.3302567005157471 0 0 0 0.4802513867616653 0.3819417059421539 0 0 0.8939095139503479 0.7083838880062103 0.1175408661365509 0.3655142709612846 1.975590437650681 0.1825573444366455 6.995836913585663 2.785596802830696 51.8591912612319 0 0 0.306208461523056 49.7282992079854 0.3631995916366577 0.6898092851042747 0.3096001893281937 1.093117006123066 0.89100032299757 0 0.1257158666849136 0 0.09637618809938431 37.06714713573456 0 0 0.1033870950341225 1.545853234827518 1.491377547383308 0.2339654415845871 1.664645001292229 4.050076954066753 6.23246406018734 26.57820315659046 27.38210708647966 9.003028757870197 13.28819642961025 0.5441090762615204 10.13154844194651 0.3552175238728523 14.75064174830914 1.623523242771626 1.241903401911259 1.5384526476264 0.8931279107928276 0.3209048211574554 0.829127810895443 233.5616673603654 44.89434784650803 0 30.65078297257423 24.7022768035531 26.30141656845808 17.13952726125717 2.728101342916489 0 189.7584305927157 0 4.171895064413548 1.064005747437477 0.3704403340816498 0.5390472188591957 4.342966355383396 0.3720332905650139 0.5222333520650864 1.328190207481384 1.366382718086243 0.764688141644001 0.4335724264383316 0.8253492563962936 1.453215926885605 0.595831111073494 3236.950527772307 8.108513936400414 1.616746351122856 2.329419896006584 205.5447513833642 3.815097153186798 14.5497672855854 24.80809403210878 2.925441890954971 0.9238790422677994 187.6486523002386 15.80023042857647 60.19682933390141 102.4256427139044 266.6668023467064 3.86868990957737 181.4883440062404 351.0517821460962 207.2286989465356 114.5657623708248 0 1.837977007031441 0 0.2313905358314514 0 0 0 0 0 0 0 0 0 0 0 0 0 0.1286782026290894 0 7.139824658632278 0.5592283755540848 0 0 0 9.750593557953835 0 3.294503301382065 0.1196469813585281 0 0 0.2260666936635971 0 0.8053822368383408 1.101272255182266 0 0.2902984321117401 2.537277936935425 7.90899234265089 0.3621803969144821 0.8702096939086914 0 0.9329206943511963 0.6586163640022278 0.1076626256108284 0.4786684215068817 0.2400180995464325 0.8528643846511841 6.312442183494568 0.5647169947624207 0 0 24.69896647334099 4.802234552800655 0.8833972364664078 4.493865504860878 0.8121484518051147 0 0.2308860272169113 0.3745130747556686 0 0.4705807566642761 65.65583248436451 4.565539509057999 0 0 0.2888622283935547 5.956489592790604 0 5.269996076822281 7.849042430520058 11.22823156416416 4.507844485342503 2.782420143485069 5.279047921299934 1.454892724752426 0 0 0 0.2011072933673859 0.1259675323963165 0 0 221.4658920615911 27.40527711063623 15.46411447227001 318.2087527364492 33.56851147115231 149.8222558796406 48.49898984283209 256.0054732784629 28.23737461864948 3.324148058891296 122.2138849422336 12.36522345244884 0.3886874616146088 20.51706011593342 4.617323905229568 119.2118057608604 1.128901436924934 0 3.068477958440781 4.850008994340897 1.034438833594322
33.20486646145582 542.8104342371225 534.4912762716413 27.77039432525635 3057.204063609242 175.1174142360687 440.3195820823312 240.4556155055761 4213.767222426832 577.1367957219481 3017.805325739086 507.5489141494036 2185.92431987077 0 33.72243229299784 14.30293595045805 2.421294711530209 0.8756112456321716 0.1165827810764313 0.7555877268314362 2.511302761733532 2.743894308805466 1.066437527537346 1.547559045255184 2.12922178208828 4.440968424081802 1.311449728906155 4.051370665431023 4.998572304844856 0.7337828651070595 43.82147942483425 21.90934070944786 568.6023708432913 0.8579363375902176 0.9922023117542267 16.02220124006271 231.9715456441045 18.27237859368324 1.531697988510132 4.246628761291504 15.32084895670414 8.538829445838928 0.3021363019943237 0 0.9776881039142609 0 157.3084626719356 1.127351522445679 0.1429315656423569 0.6694286912679672 11.91722526401281 7.15358529984951 0 4.479043520987034 7.910724729299545 23.31044565886259 32.69713936001062 83.21439126133919 27.28078524768353 56.84711963683367 6.458489812910557 127.6295536980033 0.9719516038894653 79.25988905876875 9.217738799750805 3.26069250702858 10.21129377186298 10.1521757543087 2.987573631107807 8.489990651607513 236.132771871984 124.7449774295092 0 117.8614355251193 124.4758045598865 129.2006690427661 87.49216677248478 17.37759270519018 9.854479253292084 1151.480860501528 0.6489396244287491 26.15951988846064 3.979724779725075 0.5593073591589928 1.125965379178524 18.8280895203352 2.244370393455029 0.2111473828554153 4.331204272806644 1.02214090526104 2.085866510868073 1.233626864850521 5.975581966340542 17.64752551168203 11.30139087885618 1962.977319076657 21.08324062079191 0 3.082240208983421 96.44508748501539 5.665876254439354 15.0471098870039 27.4524499475956 7.480223193764687 4.12856525182724 219.2510652244091 15.4901258200407 73.17482820153236 127.4752013161778 339.3243590295315 7.424635708332062 254.2193831279874 460.5018371865153 291.0492914170027 226.4618435874581 1.457785785198212 1.767771787941456 0.2652522921562195 0.2977938950061798 0 0 0 0 0.2928244546055794 0.223314955830574 0.3203360438346863 0 0 0.1364288628101349 0.1781065911054611 1.159638658165932 0.1625654250383377 0.5110572278499603 0 17.94730998575687 2.25936920940876 0.3661372363567352 0 0 20.76154532283545 0 11.82137054204941 1.646912790834904 0.1390857398509979 0.8053088188171387 0.7703125178813934 0 0.4137739241123199 1.698503643274307 0.1685985326766968 0.134031668305397 10.36393924802542 15.04143480956554 2.691339880228043 1.555124714970589 0.4859647452831268 0.3181581944227219 0.917200431227684 0.9679425954818726 2.111100539565086 1.289071254432201 0.6054251119494438 11.04133568704128 0.3036043643951416 0.262869268655777 0.5747095346450806 68.81077221035957 8.413517214357853 2.293945513665676 6.05888856947422 1.124513000249863 1.307311818003654 2.15019129216671 0.7928172647953033 0 1.466783598065376 157.4858506172895 19.51112209260464 0 0 1.337627112865448 14.53725129365921 0 15.70456491410732 17.25927598029375 29.03705801069736 14.76444775611162 7.855861127376556 12.87645331025124 4.518061593174934 0 0 0 0 0.1602982878684998 0.2411039173603058 0 375.5841624066234 90.05973044037819 52.17594599723816 1252.336922742426 128.2677346691489 610.8709642589092 189.4017662405968 318.939909979701 105.873542137444 13.26362711936235 479.7171317487955 37.24724794179201 1.923650585114956 39.33444291353226 9.349080368876457 116.597128033638 3.395905256271362 0.2923332527279854 10.32868750393391 12.466900780797 0.3596015572547913
