0 4820.764304056764 790.9211715310812 795.9724818840623 1179.395179152489 373.3999585360289 911.7946176230907 165.7110615447164 191.023091904819 1075.552720338106 504.9161477610469 202.7640776112676 852.7297159209847 578.2500808984041 3.644359223544598 0.5423468798398972 0 0.2031495645642281 0 0 0.2472954541444778 0 0 0 0.3656093999743462 0.3599146381020546 0 0.1077734008431435 0.18612439930439 0.1100639328360558 306.1171396151185 3.831938087940216 21.86156506091356 0.1111244186758995 0 0.2629261314868927 4.487001515924931 0.7882177606225014 0.7054329812526703 0 0.8669229447841644 0.1038077995181084 0.1918677389621735 0 0.1160584688186646 0.279594674706459 65.88702416419983 6.720170192420483 0.2758034616708755 0.6180645599961281 2.114730253815651 0 0 0.2742296904325485 8.941877767443657 5.623795658349991 613.1676040440798 1121.932292319834 84.80101861059666 19.24317494779825 0.4270788207650185 0.8091598227620125 0.4552013352513313 13.99900323152542 8.560918696224689 4.518877394497395 3.168830059468746 2.526409991085529 0.1827417835593224 0.9115011021494865 2.092823639512062 1.247823596000671 0 938.6289004981518 122.0545534342527 22.09263134747744 6.295163132250309 0.2415036261081696 0.2614069581031799 180.949126817286 0.102619469165802 10.48149051517248 30.23101684451103 0.2238243818283081 3.587304219603539 3.02710860222578 1.549830593168736 0 0.403251513838768 0 0.3811701685190201 0 0.7651237696409225 0.1331856995820999 0 60.73697423934937 0.3988877683877945 0 0.9812979400157928 1592.027747943997 0 5.889967113733292 2.201326668262482 0 0 9.135806486010551 2.577336817979813 8.439515963196754 5.361252546310425 15.99842721968889 0.5132413357496262 55.61519316583872 18.35515639185905 4.903039008378983 1.926827937364578 0.2639471292495728 0 0 0 0 0 0 0 0 0 0 0 0 0 0 0 0 0 0 1.999801009893417 0.1011176779866219 0 0 0 1.551514580845833 0 3.711021810770035 1.271554946899414 0 0 0 0 0 0 0.1655570417642593 0 0 0.5245854705572128 0 0 0 0 0 0 0 0 0 0 0 0 0.1667367368936539 3.47443163394928 0 0 0 0 0 0 0 0 0 7.419577464461327 0.279769092798233 0 0 0 0.4429924339056015 0 0 0 0 0 0.1843753606081009 0 0 0 0 0 0 0 0 0 7.088829562067986 1.703706115484238 4.988682292401791 136.0761830434203 13.84156224131584 70.39888796955347 9.751906238496304 1826.126528717577 13.8983603566885 0.4059874266386032 14.64298239350319 3.884576767683029 0 0.1315708011388779 0 42.41377834975719 0.8650542497634888 0 0 0.6227324306964874 0
4820.764304056764 0 905.0922787338495 1650.658217608929 6135.568705759943 289.1174245774746 1030.067665740848 274.1335889846087 1502.0075436607 678.8334359377623 1669.174084797502 13.04343709349632 561.4294759482145 2669.243680126965 21.30701021105051 2.019042380154133 0.7064898684620857 0.732731968164444 0.3373947963118553 0.8327836394309998 0.3562895581126213 0 0.3217619657516479 0.2015708610415459 1.240291684865952 2.596151635050774 0.4282461479306221 1.275399133563042 1.555345200002193 0.5184038281440735 1110.65446857363 61.91323059052229 38.95728195458651 0.5514956340193748 0 0.9081507250666618 8.266503982245922 3.152785003185272 2.598623611032963 1.299675181508064 2.44405921548605 0.6795952245593071 0.3218515738844872 0.1461124569177628 0.3692451566457748 1.025274947285652 221.4197349250317 31.54921043664217 0.6500185877084732 0.6527223289012909 7.862428165972233 0.1123480498790741 0.1310114562511444 0.8132085055112839 15.75645410269499 11.30622655898333 125.5710079520941 744.4540027454495 45.78496528416872 47.99453289061785 1.353946104645729 1.822860211133957 0.4155795648694038 67.00024478137493 23.3720470815897 17.21084786206484 11.64902180433273 10.25121419876814 1.459120631217957 2.077204130589962 3.005407191812992 0.8091857582330704 0 827.7917497307062 442.2528150826693 122.6013579070568 61.92669856548309 1.502571009099483 1.069681622087955 268.4247889071703 0.9649629220366478 16.91714688390493 72.0777048766613 0.7936601191759109 15.14267624914646 10.17918099462986 3.316889777779579 0 2.766598045825958 0 0.7938349172472954 0.5706096440553665 1.869169510900974 0.5784720033407211 0.9180102199316025 93.49079455435276 1.378909528255463 0 1.26123421639204 1127.406851433218 0.5519987344741821 2.897551983594894 2.635898180305958 0 0.2132764011621475 12.42235247790813 1.942891135811806 17.3562389165163 4.155065909028053 16.23681132495403 2.84334334731102 71.08765787631273 28.78383009135723 10.09417187422514 8.601380310952663 0.09757965803146362 0 0 0.2473217695951462 0 0 0 0.1842785775661469 0 0 0 0 0 0 0 0 0.2550668120384216 0 0 1.385560534894466 0 0 0 0 6.380515158176422 0 6.808865532279015 3.857563659548759 0 0 0 0 0 0 0.1408790498971939 0 0 0.7597818672657013 0.2653104066848755 0 0 0 0 0 0 0 0.643220841884613 0.1819872856140137 0 0 0.2339596301317215 6.789840303361416 0 0.1506480425596237 0.0968564972281456 0 0 0 0 0 0 17.02908888459206 0 0 0 0.09236641228199005 2.035801872611046 0 0.2647144794464111 0.5022368580102921 0.6924107074737549 0.2533374652266502 0.09915370494127274 0 0.1219571083784103 0 0 0 0 0 0 0 14.81921387463808 1.962220549583435 6.181860633194447 298.1075907051563 28.09460516273975 364.1679175198078 45.99043384194374 769.4920420274138 18.73867839574814 1.172772392630577 44.17425127327442 8.43696091324091 0 3.593853905797005 0 28.29559898376465 1.067323789000511 0.9900312423706055 0.6177491396665573 3.273489363491535 0.6233938783407211
790.9211715310812 905.0922787338495 0 26.92084477096796 803.4739826694131 14.91750501096249 47.0290919393301 2225.938884690404 721.2524403631687 11.8009419888258 3685.263450674713 3.244870148599148 43.72271134704351 1422.161801367998 15.94312877207994 6.682922162115574 1.47233185172081 2.70966749638319 0.581508994102478 27.25709658116102 17.97618059068918 0 1.317461147904396 0.2955490946769714 6.550453685224056 0.3540829196572304 0.4489286541938782 0.5223724320530891 0.1309027671813965 0 3875.052176736295 441.5709449648857 83.54316752403975 10.76512310653925 0.2188247963786125 7.556785047054291 16.40516386181116 7.997330382466316 0.6185579299926758 0.5846144482493401 55.92669945210218 1.431696563959122 11.23279092460871 1.526671595871449 5.680800974369049 4.663481414318085 36.94438225775957 4.837163761258125 0.8734288439154625 11.92799659818411 1.592675574123859 0 0 0.5731478035449982 2.144393965601921 1.733044289052486 43.5661316588521 1014.835165530443 14.61951760947704 8.175141431391239 29.53298261016607 19.92961313575506 16.43302549421787 324.4836854934692 2.250238604843616 1.986911736428738 1.227709054946899 5.327738642692566 18.0730939656496 48.13056018203497 2.852237693965435 0.6766044422984123 0 195.8054616004229 151.3724783957005 30.18999017030001 45.31342595815659 7.18583320826292 55.23764055222273 2295.646974116564 7.621499374508858 498.5208635553718 8.341128155589104 0 1.123383775353432 0.9668338596820831 8.350749522447586 0 0.7112858295440674 0 0.5075443610548973 0 4.505491606891155 0.7108830213546753 0.3453473448753357 7.243270009756088 0.5921942442655563 0 0 995.8291998356581 0 0 0.2242010980844498 0 0 1.043300986289978 0 0.8235344886779785 0 0.3610484749078751 0.1485387533903122 2.62757170945406 0.9638973996043205 0.7041454389691353 0.6196393743157387 0 0 0 0 0 0 0 0 0 0 0 0 0 0 0 0 0.09972673654556274 0 0 0.1388668715953827 0 0 0 0 0.2081544026732445 0 0.3086962103843689 0.5406171157956123 0 0 0 0 0 0 0 0 0 0 0 0 0 0 0.1252936124801636 0 0 0 0.1155557930469513 0 0 0 0 0.8364643827080727 0 0 0 0 0 0 0 0 0.1427872478961945 2.500698924064636 0 0 0 0.2355036437511444 0.1646679043769836 0.6713498830795288 0 0 0 0 0 0 0 0 0 0 0 0 0 0 0.8918864279985428 1.151136487722397 1.953088656067848 55.89714046567678 7.367957070469856 64.02697170525789 10.74721225351095 73.06826353818178 3.131313778460026 0.1855266690254211 15.00677089393139 1.569389194250107 0 0.6556209921836853 0 0.8280280828475952 0 0.1241589263081551 0 0.1819418519735336 0.1594552248716354
795.9724818840623 1650.658217608929 26.92084477096796 0 392.8729657158256 255.9347178041935 2464.248610369861 0.9128118604421616 185.0164152532816 1512.570390492678 13.19271178543568 637.3368697613478 3883.588543854654 131.9061402752995 1.589503712952137 0 0 0 0 0.1879781037569046 0.4722418487071991 0 0 0 0.2461027950048447 0 0 0 0 0 14.86498683691025 1.184957146644592 0 0 0 0 0 0 0 0 0.1623868197202682 0.1184086129069328 0 0 0.1351034194231033 0 16.69500564783812 2.618830151855946 0.1415456831455231 0 0.4701279401779175 0 0 0 1.202197194099426 0.6991960927844048 19.20501174777746 69.04059828072786 3.658326171338558 5.216414138674736 0.1657373309135437 0 0.148400753736496 2.766670294106007 1.606554724276066 1.510550789535046 0.4935713857412338 0.9749429225921631 0.3722520098090172 0.2567867338657379 0.8747745454311371 0.9184166193008423 0 77.39263112097979 33.32769178599119 7.815890528261662 3.225367978215218 0.3001461774110794 0 1.3716856315732 0 0.08482961356639862 5.373259492218494 0 1.352423973381519 0.4886022955179214 0.3044363260269165 0 0.2841716036200523 0 0.2047076672315598 0 0.3892211243510246 0.1098791286349297 0.1134420856833458 161.87287068367 1.223002001643181 0 0 123.7534055039287 0.1386170536279678 1.791987419128418 0.9185331910848618 0 0 3.089361451566219 0.7841526567935944 8.957956351339817 2.208763025701046 8.480388611555099 0.5602045208215714 29.53856708109379 16.72918925434351 4.389169223606586 2.5197808817029 0 0 0 0 0 0 0 0 0 0 0 0 0 0 0 0 0 0 0 0.2843719720840454 0 0 0 0 1.036744445562363 0 1.325262553989887 0.1474471092224121 0 0 0 0 0 0 0 0 0 0.2045756429433823 0 0 0 0 0 0 0 0 0 0 0 0 0 1.501563511788845 0 0 0 0 0 0 0 0 0 5.569258220493793 0.2044410854578018 0 0 0 0 0 0 0.2011580020189285 0.2741593271493912 0 0 0 0 0 0 0 0 0 0 0 9.616069108247757 0.8317165672779083 1.083406895399094 26.8783517703414 2.406322725117207 27.00964454561472 3.946865104138851 338.8035847991705 1.522426337003708 0 2.571001932024956 0.7578133344650269 0 1.720453701913357 0 10.69170995056629 0 0 0 0.1266309469938278 0
1179.395179152489 6135.568705759943 803.4739826694131 392.8729657158256 0 46.77303962409496 1498.045878730714 152.9318859875202 4921.49008461833 267.4134465605021 244.4442960992455 8.65095828473568 204.6416036039591 2409.482972942293 30.89494751393795 1.98377475887537 0.4743771776556969 0 0.09252315014600754 0.5628812462091446 0.4685543850064278 0 0 0.3744365274906158 0.9259937778115273 1.983973555266857 1.358248025178909 1.455942392349243 1.117535337805748 0.7855339795351028 280.6594048216939 67.79803689569235 12.22870498150587 0 0.09131930768489838 0.1259207278490067 5.124968431890011 2.244714111089706 1.290548950433731 1.4587616994977 1.806766830384731 1.94481486082077 0 0.9838021397590637 0 0.6821866631507874 205.6099942699075 26.24287342280149 0.3437737822532654 0.8367471471428871 7.575258150696754 0 0.2389434203505516 0.6281762942671776 13.06421480327845 10.29575864225626 48.34305395185947 308.6073925644159 23.63417810946703 36.36747651547194 1.444300048053265 2.112159438431263 0.881813608109951 73.0588252171874 19.07118039578199 14.37630312889814 9.476845733821392 10.92312767356634 2.199305944144726 2.712585546076298 3.232242785394192 0.6931992769241333 0 386.3534312546253 283.0462660416961 133.1530104875565 78.93172234296799 2.116295963525772 0.598907046020031 30.33111082017422 1.216198742389679 6.653675444424152 52.55690815299749 0.4831210374832153 8.107235483825207 9.152374550700188 4.935357354581356 0 2.367515124380589 0 1.716925375163555 0.783785380423069 1.621630355715752 1.085770063102245 2.375227220356464 102.297349140048 0.2104398161172867 0 1.640950866043568 166.7460346221924 0.8882351443171501 2.606828860938549 8.853094428777695 0.4245582073926926 2.466018095612526 33.4196263551712 1.527238428592682 51.69342165440321 13.01668918132782 42.29102639853954 3.959580972790718 232.3654116243124 89.57402614504099 41.03843632340431 30.42245800048113 0.2750997319817543 0 0 0 0 0 0 0 0.2031863480806351 0 0 0 0.1322896778583527 0.2146983295679092 0 0.3966980576515198 1.136822551488876 0 0 1.682941153645515 2.281907759606838 0 0 0 14.90005853027105 0.8197598457336426 14.93773118406534 3.393110617995262 0.1441540271043777 0 0 0 0.2106841653585434 0 0 0 0.8920431286096573 4.872195139527321 0.1013253852725029 0 0.1347106248140335 0 0.1391755044460297 0 0.4510844647884369 0 1.371409580111504 1.59587337076664 0 0.1412597298622131 0.1111786589026451 23.21204120665789 0.3542931079864502 0.1044094860553741 0.5529883205890656 0 0.09209420531988144 0 0 0 0.22747403383255 65.57687761634588 0 0 0 0 3.915042519569397 0.4424125850200653 0.3932065516710281 1.475282713770866 1.001659482717514 0.3624878972768784 0.1987069994211197 0.4056072384119034 0.4244847372174263 0.1781202852725983 0 0 0 0 0 0 49.18617191910744 6.444311782717705 14.13841884583235 396.2518069669604 40.19402950257063 419.952160269022 73.47911825031042 166.6265374943614 26.92260093986988 4.509131625294685 64.5039389654994 18.3515460267663 0.2578947842121124 10.82954033464193 0.2384666055440903 34.08339767158031 4.306300178170204 0 3.538744919002056 2.834133930504322 0.5904226154088974
373.3999585360289 289.1174245774746 14.91750501096249 255.9347178041935 46.77303962409496 0 245.1254383325577 0.5534622743725777 41.41882681101561 1111.119472116232 7.579476788640022 338.6072631776333 424.2148946523666 78.4356781989336 0.9229926317930222 0.1388879716396332 0 0 0 0 0 3.360548302531242 0 0 0 0.2377435564994812 0.1858291625976562 0 0 0.1439546495676041 8.475449070334435 0.1473246514797211 11.85401850938797 0.1331577897071838 0 0 7.271491825580597 1.444880351424217 1.260597690939903 0.4164847731590271 0 0 0 0.2662568986415863 0 0 3.837376952171326 0.1173441708087921 0 0 0.5884148553013802 9.093313962221146 0.7145185470581055 0 0.9311572313308716 1.07770349085331 445.7857298702002 47.22579549998045 2.234070487320423 2.082056604325771 0 0.8251770436763763 0 0.5874774754047394 0.2189306765794754 0 0.09952090680599213 0 0 0.1454429179430008 59.11727175116539 121.1318796873093 7.58084425330162 38.2950749322772 9.193839125335217 2.807013019919395 0.8981297612190247 0 0 7.709287822246552 1.77620804309845 0.7511435896158218 2.015982449054718 1.504553362727165 0 1.039134323596954 0 10.14742521941662 8.926319688558578 10.95120418071747 3.868195608258247 5.086980670690536 0 0 0.3496489226818085 499.7960316836834 34.36132456362247 10.64489296078682 5.077263176441193 242.3996538445354 0 0.170666292309761 0 0 0 1.018721237778664 0 1.473954394459724 0.1331861764192581 2.100283481180668 0 6.411430150270462 1.200846634805202 0.1837549060583115 1.073095306754112 0 0 0 0 0 0 0 0 0 0 0 0 0 0 0 0 0 0 0 0 0 0 0 0 1.647280961275101 0 1.833170786499977 1.301164820790291 0 0 0 0 0 0 0 0 0 0 0 0 0 0.3277863264083862 0 0 0 0 0 0 0 0 0 1.241573393344879 0 0 0 0 0 0 0 0 0 5.794309064745903 3.073850035667419 0 0 0 0.1447081416845322 0 0 0 0 0 0 0 0 0 0 0 0 0 0 0 4.498330339789391 3.931433796882629 3.107740432024002 5.624448403716087 0 4.550320848822594 0.2829553335905075 126.8975957632065 4.575975477695465 0 0.494697242975235 3.283880084753036 0 0.1353448629379272 0 7.411458164453506 0 0 0 0 0
911.7946176230907 1030.067665740848 47.0290919393301 2464.248610369861 1498.045878730714 245.1254383325577 0 8.557362698018551 2238.850300326943 2437.470391608775 24.70451223105192 86.97536589205265 4348.028819322586 2157.917630083859 37.3264994546771 3.616010084748268 0.7887293323874474 0.4472654014825821 0.1503269672393799 0.6393822878599167 0.3264237865805626 0.1123587638139725 0.2408702820539474 0.3387190848588943 1.582489289343357 2.419250220060349 0.5460095703601837 1.185966618359089 2.022601008415222 1.073466345667839 105.6805967241526 46.43307084590197 6.782787941396236 0.2826444804668427 0.2001536935567856 0.617484338581562 6.168743118643761 1.518080331385136 1.604204036295414 1.17977000772953 1.189430519938469 1.365661516785622 0.5462930649518967 0.3295281454920769 0.4238769188523293 1.549068070948124 201.8868374750018 28.89107132703066 1.229935079813004 0.90884929895401 10.1483358964324 0 0.3704086989164352 0.8680892959237099 13.01841757446527 12.30477678030729 57.47736198455095 225.2558014169335 25.09349270164967 37.33289652317762 2.514280632138252 1.104018017649651 0.8580909669399261 60.03580925613642 20.74133963137865 14.69531297683716 11.78667229413986 9.668758846819401 1.361795425415039 2.367395766079426 4.45589753985405 2.666301764547825 0 401.4201807081699 258.4347750917077 124.5735983923078 69.68667035549879 1.257756151258945 0.3705184608697891 12.44710908085108 1.040854163467884 5.59695702791214 54.25287986546755 0.5153886377811432 9.609316430985928 9.92144551128149 4.327629052102566 0 2.501086317002773 0.5460011810064316 2.513691827654839 0.09818578511476517 2.372101604938507 1.207423202693462 2.457454785704613 585.2319361940026 0.2183465957641602 0 2.132635295391083 115.0996071919799 3.205189503729343 13.86018581688404 24.62085976451635 1.751876465976238 3.51444648951292 99.4575400352478 3.289104774594307 152.9237446933985 42.46710040420294 138.1754176914692 15.11568465083838 681.6349467709661 293.048315025866 105.6282430738211 79.66536743193865 1.701743595302105 0.5919705480337143 0 0.5291623547673225 0 0 0 0 0.4466184079647064 0.1099080145359039 0 0 0 0 0 0.1279576867818832 0.4410692453384399 0.4638725519180298 0 5.185262091457844 2.906008221209049 0 0 0.1578879654407501 35.96701908111572 1.039882898330688 35.03849943727255 7.818887479603291 1.070411503314972 0.1666546612977982 0 0 0 0 0.2313238829374313 0 0.8590887784957886 5.787912972271442 0.882368341088295 0 0.3820029050111771 1.353504821658134 0 0.4382218867540359 1.496191069483757 0.456665076315403 1.893905282020569 3.383290991187096 1.490337491035461 0.5022790506482124 0.6691161319613457 58.51194041222334 0.5592369958758354 2.032446451485157 1.182297751307487 0.5623892545700073 0.09215489774942398 0.4388513267040253 0.1376118957996368 0 0.5838217660784721 159.1373610496521 2.208065539598465 0 0 0.2672500312328339 11.86018511652946 0.4911842569708824 1.130350798368454 8.270100802183151 6.824192777276039 2.269153222441673 2.016198210418224 0.7663034126162529 0.5693732798099518 0 0 0 0.1988097205758095 0 0 0 160.4366019517183 16.47884928435087 37.39288885891438 426.3078102320433 50.09382150322199 398.9289649650455 79.17855880409479 368.3615108504891 28.75635777413845 7.132566496729851 81.1700663715601 38.74992801994085 3.198981501162052 22.66009369492531 0.6498479247093201 149.3849241808057 6.550637617707253 0.2530680894851685 7.557071074843407 5.800279192626476 0.9362063705921173
165.7110615447164 274.1335889846087 2225.938884690404 0.9128118604421616 152.9318859875202 0.5534622743725777 8.557362698018551 0 392.8528931885958 2.951724790036678 2238.758793108165 2.251097127795219 25.86886141449213 757.2513723000884 31.19579812139273 13.88697003573179 2.071910180151463 12.69308207184076 3.278102770447731 116.4695898294449 70.65578056871891 0 14.84888346493244 1.052205875515938 6.592786647379398 1.695044189691544 0 0.2572658956050873 0 0.1214946284890175 955.8978391364217 741.3143604099751 54.69596222043037 46.7539693787694 0.5591306686401367 7.317499816417694 9.155227892100811 9.983537562191486 0.3384756222367287 0.3027168214321136 154.9200911521912 3.91567799448967 51.89051919430494 5.596243068575859 28.04594723880291 32.577129162848 60.98221965879202 7.948893494904041 3.387238651514053 42.71605085581541 4.674340017139912 0 0 1.584990032017231 2.26383001357317 1.984499558806419 22.06149726361036 298.5951681807637 8.265226751565933 8.185765713453293 264.3497195914388 53.1805602684617 39.21773122996092 296.0188995599747 3.395630896091461 2.833887532353401 1.799805164337158 11.71705755591393 69.81880088150501 161.6618167608976 2.663197942078114 0 0 118.5207465961576 129.9170010238886 47.189073972404 270.8074622154236 217.5538573712111 462.8029065430164 2514.849585399032 216.8313645869493 2288.834393955767 11.18561920523643 0.08911737054586411 2.548234850168228 1.949676536023617 38.70773100107908 0 0.5572879314422607 0 1.123777873814106 0.1444141417741776 16.03659749776125 1.245248079299927 1.342043563723564 1.51124906539917 0.4670153111219406 0 0.1107079014182091 209.9118183627725 0 0 0 0 0 0 0 0.5323625504970551 0.3158620297908783 0 0 1.456630073487759 0.3762269169092178 0.6513202488422394 0.3228178843855858 0 0 0 0 0 0 0 0 0 0 0 0 0 0 0 0 0 0 0 0.1071778014302254 0 0 0 0 0.5027389377355576 0 0.4886166900396347 0.729722835123539 0.4152010679244995 0 0.1454271823167801 0 0 0 0 0 0 0.1359417736530304 0 0 0.1246695071458817 0 0.6678675636649132 0 0 0 0.2536849975585938 0 0 0 0 0.5148984789848328 0 0 0 0.2202893048524857 0 0 0 0 0.430755615234375 1.904520735144615 0 0 0 0.726132720708847 0.1197635009884834 0 0 0 0 0 0 0 0 0 0 0 0 0 0 0 0.4259789884090424 0.7329729497432709 0.7450856268405914 74.57967267930508 9.985821127891541 109.2908536717296 15.67813161015511 23.39157178252935 5.66480802744627 0.1053294092416763 21.7373766079545 1.404258728027344 0 0.2197881639003754 0 0 0 0 0 1.780213676393032 0
191.023091904819 1502.0075436607 721.2524403631687 185.0164152532816 4921.49008461833 41.41882681101561 2238.850300326943 392.8528931885958 0 255.4176733791828 1380.259272895753 20.37038005143404 775.5988286957145 3265.205655485392 49.85967057943344 4.174751058220863 1.09070623666048 0.4328771531581879 0.2934182807803154 0.8768397718667984 1.30918100476265 0 0.1366592645645142 0.1823130324482918 1.247362203896046 1.872612424194813 0.08613809198141098 0.784873254597187 1.802141360938549 0.7488855719566345 170.2302764430642 73.15967555344105 20.64062044769526 0 0 0.9320893138647079 5.422864876687527 1.426344484090805 1.312962546944618 0.892058253288269 0.9622984081506729 0.6560231447219849 0.09805798530578613 1.280102841556072 0.3903297558426857 0.4281435310840607 198.6645586788654 20.23063086718321 1.420841947197914 0.8404223322868347 6.151988446712494 0.1301209926605225 0 1.210558846592903 7.936792574822903 7.358434036374092 20.63733819127083 153.6776759102941 19.18919007480145 26.92944567650557 1.703920632600784 1.588762909173965 0.7292017862200737 70.9865565225482 13.0588167309761 8.993983313441277 6.263021163642406 5.970441654324532 0.8155378401279449 2.282971918582916 1.578539244830608 0.839539110660553 0 198.1862650737166 160.7123669460416 130.6198564618826 80.91321018338203 5.928868852555752 0.4700120389461517 90.97617193311453 0.5060278698801994 11.37659515440464 31.55847063660622 0.2698951289057732 6.750045076012611 3.897387661039829 3.995364934206009 0 2.625390559434891 0.649769127368927 1.593843646347523 0.4120853692293167 1.363376781344414 1.030175156891346 2.270146407186985 257.5870344489813 0.4958097487688065 0 1.574048914015293 77.35561912506819 0.5670505166053772 5.413603827357292 10.3856610879302 0.4598837196826935 2.605036124587059 50.13619598001242 3.353372350335121 73.28281041234732 18.05694453418255 58.53828880935907 6.634270280599594 323.5308118462563 131.5975398495793 56.27930729836226 38.70521272718906 1.364021852612495 0.4078934043645859 0 0.1261002868413925 0 0 0 0 0 0.1562794893980026 0 0 0 0 0 0 0.9986728131771088 0 0 1.915777087211609 2.069702088832855 0 0 0 19.70493552833796 0.1848707795143127 17.30063007771969 2.509785622358322 1.034641653299332 0 0 0 0 0 0.438233993947506 0 1.357257381081581 3.121897831559181 0.09515710920095444 0 0 0.3122417032718658 0 0.1632776856422424 1.033979654312134 0.09377633035182953 2.09781751781702 1.548913784325123 0.4207825660705566 0 0.1801835596561432 25.00872294604778 0 0 0.5449331477284431 0.1740095093846321 0.1695138514041901 0 0 0 0 79.00178023427725 0.3550982177257538 0 0 0 5.078524813055992 0 0.1896450072526932 2.017562247812748 6.302115760743618 1.600864589214325 0.6168113052845001 1.042542606592178 0.2794962599873543 0 0 0 0 0 0.1211272403597832 0 74.7064887881279 8.924090452492237 16.13061061501503 483.2454049661756 40.37333562970161 424.1651866659522 76.05017846077681 93.68925135582685 35.60689404606819 2.292726591229439 105.1243867129087 23.28346927464008 0.4654221534729004 12.39229099452496 0.2019606381654739 71.21959462761879 2.82097527384758 0 2.584202960133553 5.79619424790144 0.5726846605539322
1075.552720338106 678.8334359377623 11.8009419888258 1512.570390492678 267.4134465605021 1111.119472116232 2437.470391608775 2.951724790036678 255.4176733791828 0 8.94246618449688 1678.320019125938 9910.02358943224 352.8444716110826 3.767487064003944 0.4774216562509537 0.2226117104291916 0 0 0 0.1241099312901497 0 0 0 0.1122463792562485 0.2939876243472099 0.2771521508693695 0.1826101541519165 0 0 9.887010924518108 1.380740538239479 11.27909430861473 0 0 0 12.28888785839081 0.714337170124054 0.426795206964016 0 0.1306412369012833 0 0 0 0 0.1692387759685516 26.20435478538275 2.775155454874039 0.1300991326570511 0.1176091134548187 1.081728883087635 0.5610097944736481 0 0 3.261598981916904 1.653211154043674 150.1073985248804 58.5414337143302 4.209320418536663 3.172818772494793 0.5772036239504814 0 0 3.907267712056637 1.757653914391994 1.503210246562958 1.132867142558098 0.4453721269965172 0 0.3453205972909927 17.07371972501278 6.292014047503471 0.9897730350494385 90.58903533965349 31.34609241038561 10.8979854658246 3.839027836918831 0.4029674753546715 0 9.040717169642448 0.1007978245615959 0.883101612329483 7.109376035630703 0.3073469027876854 0.4841896295547485 0.4153814241290092 0.69019565731287 0.490989476442337 0.2728289216756821 0 0.7699928879737854 0 0.3892201259732246 0.3839460909366608 0.1127616390585899 1286.201493442059 5.036235153675079 0 0.8974430412054062 657.5497836992145 0.8899551779031754 18.18325757980347 16.46841406077147 5.294852867722511 1.508161678910255 83.74794381856918 15.23310123383999 95.14724291861057 35.66555050760508 159.5473105460405 8.809588208794594 472.2348327711225 190.2239489257336 56.87440417706966 29.91874781996012 0.5277301669120789 0.1208389177918434 0 0 0 0 0 0 0 0 0 0 0 0.1514608412981033 0 0 0 0 0 2.433845736086369 0.3713119924068451 0 0 0 13.75284300744534 0.323662281036377 15.95016542822123 2.306355699896812 0.2367032468318939 0 0 0 0 0.1529254764318466 0.1517397612333298 0 0.7692837715148926 3.995930425822735 0.3143024891614914 0.239965945482254 0 0.3911242485046387 0 0.2515345364809036 0.8815053999423981 0 0.9659636169672012 3.27093032002449 0.4571782946586609 0 0.5426233634352684 25.45328046381474 0 0.2812792658805847 2.129897378385067 0.2310142889618874 0.2461973577737808 0.1221200823783875 0.09980597347021103 0 0 64.41719577461481 0.4437948763370514 0 0 0.08007685840129852 5.644759580492973 0 0.2797140032052994 5.545744150876999 3.348784774541855 2.285039961338043 0.9490872547030449 0.2952615916728973 0 0.114601656794548 0 0 0.3069328367710114 0.188053160905838 0 0 104.6263691708446 8.638494059443474 18.61635259538889 86.26660553365946 8.166479550302029 34.23426197469234 4.31384414434433 1002.444694526494 2.837285801768303 3.205191522836685 13.25858410447836 24.26526883244514 1.943395286798477 7.886208385229111 0 211.2432530447841 3.255606591701508 0 2.606998950242996 0 0.2682000398635864
504.9161477610469 1669.174084797502 3685.263450674713 13.19271178543568 244.4442960992455 7.579476788640022 24.70451223105192 2238.758793108165 1380.259272895753 8.94246618449688 0 18.2998316809535 181.123130209744 4586.91435649246 31.15961392223835 4.963148228824139 0.3463189452886581 0 0 1.076905444264412 1.234007440507412 0.1382320672273636 0 0.09539787471294403 3.117700338363647 0.3868052139878273 0.1456666588783264 0.4164719879627228 0.4464310705661774 0 510.2568069472909 191.107095874846 311.7333260923624 0 0 4.471881613135338 51.32225657254457 13.11527770757675 0.9051427841186523 0.7722506821155548 2.23536179959774 0.4803906083106995 0.6123296022415161 1.452894099056721 0.360369399189949 0.5823285207152367 107.5790718495846 10.17008300125599 0.3193425238132477 0.6648849248886108 2.389824032783508 0 0 0 3.42005580663681 3.580967359244823 24.53406725078821 225.5097804740071 10.9403939396143 13.68473900109529 1.700934216380119 12.479497179389 3.307506777346134 69.64912641048431 5.555331960320473 3.446394547820091 2.994655698537827 2.593622639775276 1.085849747061729 5.49616551399231 13.41382298618555 1.74126224219799 0 166.839049205184 136.105914503336 80.5442943572998 62.16818621754646 9.147954650223255 79.18350780010223 1302.2645432055 0.3070067167282104 107.7858392372727 18.11485487222672 0 3.524227909743786 3.199338473379612 1.404142148792744 0 0.9857007190585136 0 0.5840491652488708 0 1.170623175799847 0.9350922033190727 0.8016862645745277 32.90590281039476 0.7894605696201324 0 0.1545115262269974 218.1175107657909 0 1.518629610538483 0.5591618269681931 0 0 3.665705844759941 0 6.33396090567112 1.091926991939545 2.45896865427494 0.9687426090240479 20.03165359050035 6.576183713972569 5.713036462664604 3.557161390781403 0 0 0.189658984541893 0 0 0 0 0 0 0 0 0 0 0 0 0 0.4650613367557526 0 0 0.3401563167572021 0 0 0 0 2.347870394587517 0.3815375566482544 2.284981712698936 0.9210114106535912 0.2876893579959869 0 0 0 0 0 0 0 0 0 0 0 0 0 0 0 0 0 0.1701277792453766 0 0 0 0.1267930120229721 3.374084897339344 0 0 0.08687774091959 0 0 0 0 0 0 8.62004791945219 0.1400961130857468 0 0 0 0.5423943251371384 0 0 0 0.1467850804328918 0.6733315289020538 0.3296524882316589 0.2834365665912628 0 0 0 0 0 0 0 0 4.655476704239845 0.6525838375091553 3.211133658885956 239.1698458343744 13.18340180814266 216.2643157765269 27.77345068752766 48.73570604622364 14.84876687079668 1.222475200891495 44.94980665296316 4.383043825626373 0 1.44491483271122 0 4.563666567206383 0.3627109229564667 0 0.1675021648406982 2.905427157878876 0
202.7640776112676 13.04343709349632 3.244870148599148 637.3368697613478 8.65095828473568 338.6072631776333 86.97536589205265 2.251097127795219 20.37038005143404 1678.320019125938 18.2998316809535 0 1180.048783674836 304.623684540391 17.91111543774605 5.901907928287983 2.140779554843903 0 0 0.5307285115122795 1.401901476085186 0.7924539893865585 0 0 3.378055356442928 1.386105790734291 1.108392290771008 0.2536440566182137 1.409289948642254 0.3746664077043533 2.205983139574528 1.461014583706856 88.09606404602528 0.1295671314001083 0.1990519016981125 3.096048757433891 251.4926735758781 55.54004210978746 3.197391383349895 23.24814361333847 5.802502192556858 0.7975680530071259 0 1.638856343924999 0.326130598783493 0.3731376007199287 32.64738833904266 1.119045108556747 0.1716585010290146 0.3359715864062309 1.077172227203846 0.2675913274288177 0 0.2013317197561264 3.760238796472549 0.9276961162686348 15.84822050482035 22.33902273327112 4.010563373565674 4.004099957644939 2.70672395825386 8.014131926000118 3.890242457389832 3.379712216556072 0.6779085323214531 0.7559746876358986 1.266866616904736 1.142613016068935 0.7356850132346153 5.138032115995884 166.0854440927505 94.55770297348499 0.3561729192733765 48.96434450894594 16.46202489733696 18.74620091170073 8.516218192875385 0.971569187939167 0 60.56311360001564 5.688961684703827 13.79344791918993 5.648525610566139 0 0.7833544164896011 0.5160580724477768 0.8596513047814369 0 0.4785806089639664 0.5177545771002769 0.3623979091644287 0.5028369352221489 1.766037203371525 0.1209104955196381 0.1081036701798439 3678.724602371454 364.6433642581105 2.017518490552902 29.17207359522581 56.27091816067696 1.251719787716866 7.084271192550659 8.089676462113857 3.238691821694374 3.493255913257599 40.62354649603367 4.410840541124344 80.47749669849873 16.60282281041145 69.7753594443202 8.845614664256573 308.6446712836623 151.9854216501117 93.39449593424797 66.3603276386857 1.649148561060429 0.5901505723595619 0.133965328335762 0.3909216374158859 0 0 0 0.3006319999694824 0 0 0 0 0.2589292675256729 0 0 0 0.3483362123370171 0.1260623335838318 0 5.521108530461788 3.025976814329624 0.4084707871079445 0.5531051158905029 0.1331217437982559 62.69722179323435 0.7002907991409302 54.12701641023159 15.29955185204744 1.676435083150864 0 0.2407087832689285 0 0.1887311190366745 0 0.2531565800309181 0 1.422852978110313 8.469566114246845 0.7306034117937088 0 0 0.4319600164890289 0.2101092338562012 0.4533845484256744 0.6131392866373062 0 2.279803559184074 2.207427024841309 0.7793869376182556 0.1213261038064957 0.6344495713710785 74.4814498052001 0.5923444181680679 1.5629046484828 1.288061916828156 0.1301072835922241 0.5262288153171539 0.2423859015107155 0.2187996208667755 0 0 219.296409368515 6.127522356808186 0.1759813874959946 0 0.1231444180011749 11.251868724823 0.1285597831010818 2.416502818465233 8.457013115286827 4.571540899574757 2.524737626314163 1.081993937492371 0.4145088568329811 0.5996596962213516 0 0 0.142987921833992 0.2587642818689346 0.1041070818901062 0.1277682036161423 0 147.0883855745196 46.1321665123105 83.69563955813646 310.6190252229571 20.71531739085913 95.78584215790033 20.96517153084278 138.3386480733752 9.728322401642799 3.411963224411011 49.7014349848032 34.72880706936121 1.780579566955566 28.92503640800714 0.475189670920372 65.95532949268818 6.342287220060825 0.1170044764876366 5.893616549670696 1.535666778683662 0.2181017249822617
852.7297159209847 561.4294759482145 43.72271134704351 3883.588543854654 204.6416036039591 424.2148946523666 4348.028819322586 25.86886141449213 775.5988286957145 9910.02358943224 181.123130209744 1180.048783674836 0 3375.205887429416 86.02487121522427 30.12463825196028 5.946852333843708 0.1160505414009094 0 3.267118759453297 4.477499231696129 0.949241504073143 0.4113210588693619 0.293489396572113 19.11654958128929 4.26859787106514 1.411017768085003 2.548261992633343 4.676894351840019 0.8747359067201614 25.61019309610128 25.91269584745169 850.9685331434011 2.077660702168941 0.1481048464775085 15.1915969774127 870.434022963047 253.1785734221339 13.87244717031717 555.8459602296352 25.41536049544811 4.484086260199547 1.154952839016914 5.542711973190308 0.5599773079156876 3.326752744615078 161.4051382467151 8.549156747758389 0.9442742913961411 2.42230736464262 7.229447156190872 1.426962293684483 2.93830481171608 2.551232844591141 5.688795566558838 4.288799338042736 35.09341591596603 67.70495861768723 21.96886296570301 17.78421280533075 9.379193440079689 32.14480046182871 17.40457651019096 28.04678629338741 7.131637997925282 4.789162300527096 4.415580004453659 5.030633889138699 3.300662934780121 22.18829441070557 441.5919193029404 118.0122285708785 0.1292012482881546 143.6841188669205 72.409562677145 83.25867876410484 58.81841636449099 10.27650713920593 0.2859846353530884 470.4425671249628 11.03810201585293 33.70079724490643 21.8549537435174 0.3268764838576317 4.561718598008156 4.404162429273129 2.822579190135002 0.1304063349962234 1.497871927917004 1.063628889620304 2.140349321067333 1.430668853223324 6.291261047124863 1.602875709533691 3.284620046615601 5135.101002417505 413.0271517857909 2.020153991878033 57.56699474155903 106.680821813643 1.956865049898624 10.64097272604704 26.08636049926281 4.558295831084251 8.967593923211098 136.9239841327071 9.304202653467655 191.3134598731995 56.63733556121588 207.5480723679066 18.44997683912516 907.0038841590285 435.4670655205846 190.4067194238305 154.8834941312671 4.394948340952396 2.058274999260902 0.4893765076994896 0.770409569144249 0 0 0.1911966800689697 0 0.5371595844626427 0.1865583211183548 0 0 0.6414028704166412 0.2575907707214355 0.3344992697238922 0.189838171005249 1.70499961823225 0.310659795999527 0 9.548979043960571 4.117367044091225 0.2030819803476334 0.9700926840305328 0.4537691920995712 98.66960170865059 0.8688366711139679 109.6757661774755 31.06102960556746 2.895969621837139 0.3937480226159096 0.5921638309955597 0.1306506842374802 0.4363833367824554 0.5704178959131241 1.199739426374435 0.3195600807666779 4.123050890862942 15.73561169207096 1.248346477746964 0 0.417635090649128 2.450628414750099 1.143083676695824 0.6614463329315186 1.295608267188072 0.2262931317090988 5.643827944993973 6.740740492939949 0.2399141788482666 1.114359617233276 1.283619210124016 146.934358291328 1.809127025306225 3.035635821521282 3.422190696001053 0.2243946939706802 0.4811261519789696 0.1115923300385475 0.3004843667149544 0 0.5541863143444061 470.7427745759487 14.09046646207571 0.4687079340219498 0 0.3892688155174255 23.79942372441292 1.106623932719231 3.316370666027069 10.46103544533253 12.81018505990505 5.732961647212505 2.03358817845583 1.513366550207138 0.987647607922554 0 0 0 0.09388099610805511 0.4325396567583084 0 0 355.9579839482903 84.77251955121756 165.1641416847706 951.4053450599313 66.08387257158756 403.0133229792118 109.6604674905539 373.5002229958773 38.70870888978243 5.799989148974419 222.1719500795007 77.18565958738327 6.29131481051445 50.32612162083387 2.428174711763859 144.3640112876892 15.03600155562162 2.562982857227325 10.98997607827187 11.63186674565077 1.379339277744293
