0 4794.57326772064 2333.954546190798 1057.617907032371 591.6350097954273 431.5247078239918 339.5420115366578 97.23373422026634 54.87668596953154 1273.131122201681 389.6649979576468 4.820727705955505 52.86739356815815 81.46680600941181 3.597817771136761 1.526649802923203 0.1404627412557602 0 0 0.151488333940506 0.7048684358596802 0 0 0.1631627678871155 0.9347227811813354 0 0.2510351538658142 0.2045472711324692 0.1311329156160355 0.1459785103797913 287.3030406087637 4.27413110435009 1.234306707978249 0.1367416232824326 0.4345358461141586 0 0.8488453924655914 0.1396559029817581 0.6750738024711609 0.8042571693658829 0.3734151124954224 0.1692316234111786 0.1504647731781006 0 0 0 19.57738979160786 1.499512813985348 0.3516592532396317 0.1655917465686798 0.1974301636219025 0 0 0.4547285288572311 4.381533086299896 6.64032032340765 314.2053960338235 491.3520909547806 74.13494741171598 7.194790050387383 0.8008871823549271 0.2459214404225349 0 5.124361470341682 4.18849916011095 1.73335388302803 0.8335218280553818 0.287926010787487 0.5629250556230545 1.157943457365036 0.6867055594921112 0.1456381976604462 0.6677043437957764 267.6136799752712 49.12012588232756 29.28940590471029 5.419466368854046 0.7468846440315247 6.445531912147999 71.36113132536411 0.3353859782218933 10.03879131376743 11.55703601241112 0.2419228926301003 2.232079476118088 4.25607243925333 1.382267974317074 0 0.1018242090940475 0.6540178656578064 0.3461558744311333 0 0.6337651610374451 0.387677937746048 0.1507703065872192 27.69763392210007 2.839107751846313 0 0 836.4201767519116 0 0.8994901180267334 0 0.5464307069778442 0 0 0.2969678342342377 0 3.435853645205498 3.373876541852951 0 0.7774271368980408 0 0 0.1440563201904297 0 0 0 0 0 0 0 0 0 0 0 0 0 0 0 0 0 0 0 0 0 0 0 0 0.1348820775747299 0 0 0 0 0 0 0 0 0 0 0 0 0 0 0 0 0 0 0 0 0 0 0 0 0 0 0 0 0 0 0 0 0 0 0 0 0 0 0 0 0 0 0 0 0 0 0 0 0 0 0 0.09200945496559143 0 0 0 0 0 0.1732860505580902 0 0 41.80606005340815 6.777528911828995 68.94559947401285 6.49883895367384 500.4725149348378 24.40327113866806 0.8701147437095642 4.953409478068352 0.3080181777477264 0.1213552430272102 0.3327813297510147 0 0 0 0 0 0.8220058977603912 0
4794.57326772064 0 1241.379744574428 887.6444623321295 3631.103496566415 843.8979937434196 2051.398591987789 80.96923121064901 1225.614465214312 660.8136472031474 600.7229859903455 1.553475886583328 286.6534366980195 254.6884407550097 21.90675064921379 1.804065108299255 0.4741135463118553 0.4816382899880409 0.5148605033755302 0.5467205196619034 2.093502029776573 0 0 0.2927456498146057 0 0.3279000073671341 0.798112653195858 0.1178931891918182 0.5499388426542282 0.2548911273479462 755.4964338839054 27.02714290469885 2.990482486784458 0 0 0 4.148603722453117 0.1261960715055466 1.406538553535938 0.4158827662467957 0 0.3495671600103378 0.5661646723747253 1.474302247166634 0.3408149853348732 0.3978731110692024 217.728213980794 12.60919395089149 0.7588034495711327 1.028461962938309 1.553608968853951 0 0.2187638431787491 0.5164349153637886 14.92301024496555 22.44722490012646 300.1189166456461 611.0434762313962 81.41101292520761 80.82350730150938 0.6375443711876869 2.887209452688694 0 48.00087723135948 16.05347257107496 7.74130579829216 6.495183877646923 5.647522017359734 1.769698567688465 1.45213308185339 4.348034232854843 0.6453423202037811 0.1178983002901077 729.0008961707354 262.1604640260339 312.6529712378979 55.30598486959934 6.375061675906181 5.498096644878387 50.4718117788434 1.234213508665562 9.351681806147099 51.136419929564 0.8442535400390625 17.59758173674345 24.44276323914528 7.937898658216 0 2.361347489058971 0.1459931135177612 0.1160385757684708 0.6551969200372696 1.976504184305668 0.1218300387263298 0.6345608532428741 270.2709611132741 0 0 0.09492558985948563 1517.812072664499 0 0 0.1622710525989532 1.37086196243763 0.1567736566066742 5.907722786068916 3.297991782426834 0 9.597973942756653 6.598989889025688 1.546297535300255 19.30444054305553 21.02756251394749 6.42109851539135 5.896093055605888 0 0 0 0 0 0 0 0 0 0 0 0 0 0 0 0 0 0 0 0 0 0 0 0 3.909423783421516 0.4042543768882751 3.055009707808495 0.3205167800188065 0.234743595123291 0 0 0 0 0 0 0 0 0 0 0 0 0 0 0.1125799864530563 0 0 0.1075797975063324 0 0 0 0 2.048214562237263 0 0 0 0 0 0 0 0 0 5.068259358406067 0 0 0 0.1705111712217331 0 0 0.1162227317690849 0.2917462885379791 0 0 0 0.2831762135028839 0.4376611858606339 0 0 0 0.1143331676721573 0.2342694848775864 0 0.1653967648744583 8.636165156960487 0.4419984519481659 0.2957298904657364 175.6198485270143 53.51446793973446 418.7452348172665 69.31777109205723 1058.003153264523 135.0639375001192 6.08940713852644 48.75573138147593 2.957812562584877 0.9941664785146713 3.543386727571487 2.026313289999962 12.90845561027527 0.1374752372503281 0.1201237961649895 1.751187384128571 2.754432275891304 0
2333.954546190798 1241.379744574428 0 80.84136155992746 330.5661567226052 76.26900185644627 26.05580046772957 2326.262209735811 442.3682668581605 21.05654343962669 2564.739402577281 0 11.28103114664555 514.4320774003863 31.9372728317976 24.52090404927731 11.0167318508029 1.891195401549339 0.6930862292647362 8.905626967549324 41.63645547628403 0 10.25306655466557 17.52269344776869 14.15157002955675 2.425012245774269 21.33891987800598 2.35769410431385 3.374717637896538 2.713094800710678 4397.742092549801 864.0385775119066 5.412510424852371 2.699361249804497 5.763183809816837 2.450299605727196 11.43586954474449 5.60704430192709 2.715443879365921 11.98685256391764 8.27300664037466 4.840442359447479 11.24094600230455 3.148288212716579 0.9124594628810883 5.579927533864975 94.92920372635126 4.729802921414375 1.698894917964935 12.27104787528515 2.113327689468861 0.4726413264870644 0.1293911635875702 1.40839508920908 4.514954298734665 8.01921433955431 206.6833654642105 901.998408742249 42.32094919681549 25.75368482619524 56.42642477154732 41.29604145884514 5.731057845056057 353.7536043450236 4.554334297776222 3.0664456859231 2.6191121712327 4.366306841373444 14.67998994141817 46.53574182093143 3.60672564804554 0 0.5474470257759094 304.5249345675111 215.8419195488095 140.4482064843178 55.82861096411943 7.672961689531803 209.6964334994555 1005.095660232008 42.47013241797686 421.524175465107 14.91175424307585 0.6901569366455078 5.273345641791821 8.035971894860268 4.247059598565102 0 1.487947255373001 0 0.4259631782770157 0 23.79843495041132 3.537676468491554 1.753201186656952 2.568737968802452 0.1501244008541107 0 0.6130969077348709 1597.157790139318 0 0 0 0 0 0 0 0 0 0 0 0.4129839986562729 0.4260660707950592 0.6789851784706116 0.4458456635475159 0 0 0 0.2019107043743134 0 0 0.333140105009079 0 0 0 0 0 0 0 0.1947445869445801 0.3700910359621048 0 0 0 0 0 0 0 0 0.1366172581911087 0 1.454430133104324 0.2511438652873039 0.119120217859745 0 0 0 0 0 0 0 0 0 0 0 0 0.1049008071422577 0.5309682935476303 0 0 0 0 0.1201570853590965 0 0 0 0.5480946823954582 0 0 0 0 0 0.1254250556230545 0 0 0 1.125741578638554 0.1997667998075485 0 0.1834066212177277 0 0 0 0.1030220687389374 0 0 0 0 0 0 0 0.1533339023590088 0 0.2014963626861572 0 0 0 0 0.1223495826125145 0.5531730651855469 93.76884330809116 22.97982038557529 161.184335321188 36.76551457494497 173.0545786768198 45.60670028626919 1.380209006369114 28.56136247515678 1.318030774593353 0.2742099985480309 1.236493773758411 0.08726558834314346 1.454279780387878 0 0.1391037553548813 0.346658319234848 2.020525641739368 0
1057.617907032371 887.6444623321295 80.84136155992746 0 230.189034819603 429.7899534702301 1363.596871353686 2.449847415089607 61.21980678290129 1951.321428328753 12.05597630143166 9.836013466119766 544.2804009467363 50.43035651743412 1.275028496980667 0 0 0 0 0 0.2133865505456924 0 0 0 0 0 0 0.2081692069768906 0 0 8.121722847223282 0.1075247600674629 0 0 0 0 0.1627137660980225 0 0 0.09907929599285126 0 0 0 0.1780312061309814 0 0 14.31860476732254 0.6232811808586121 0 0.1694898456335068 0.2991245239973068 0 0 0 1.996597647666931 2.38663150370121 49.80017281323671 68.40201142430305 12.39358366280794 7.483994871377945 0 0 0 1.260413877665997 2.092481710016727 0.6669008955359459 0.7230405285954475 0.3520039916038513 0.3503439351916313 0 0 0 0 92.75454308092594 24.21533949673176 25.20419465750456 1.628486678004265 0 0.1861302256584167 1.318221338093281 0.1486075073480606 0 7.618135206401348 0.1358131319284439 1.310117706656456 1.451826125383377 0.7155464366078377 0 0.1973133534193039 0 0 0 0 0 0 165.0905547142029 0 0 0 112.4116538465023 0 0 0 0.6830081045627594 0 0.1897420734167099 0 0 10.34899759292603 2.399198994040489 0.9852326214313507 3.113210275769234 2.495234906673431 0.8233524411916733 0 0 0 0 0 0 0 0 0 0 0 0 0 0 0 0 0 0 0 0 0 0 0 0 0 0.9399014711380005 0 0.2324742823839188 0 0 0 0 0 0 0 0 0 0 0 0 0 0 0 0 0 0 0 0 0 0 0 0 0 0 0 0 0 0 0 0.1087937727570534 0 0 0 0 0 0 0 0 0 0 0 0 0 0 0 0 0 0 0 0 0 0 0 0.7238186448812485 0 0 20.32318189740181 4.031710550189018 46.09025999158621 4.303903184831142 364.5940796732903 11.46934985369444 0.678564578294754 1.996262237429619 1.947878926992416 0.1788086593151093 0.1162618398666382 0 7.441378593444824 0 0 0 0 0
591.6350097954273 3631.103496566415 330.5661567226052 230.189034819603 0 59.01839683949947 3757.701105237007 39.55653242766857 10243.60393577069 736.2013669982553 1023.452861219645 3.826451502740383 238.2369814291596 325.5276872366667 47.01793100684881 3.746986500918865 0.365420900285244 0.9100947827100754 0.726121224462986 0.7964259088039398 0.6322317495942116 0.1100227534770966 0.2973875999450684 0.2187374457716942 0.1270668506622314 0.8140202313661575 0.6384943425655365 0.4862874373793602 0 0 115.6079408526421 73.06236711144447 10.67969185858965 0 0 0 5.85713854432106 0.1958816573023796 1.813397601246834 0.7228566557168961 0.9089216291904449 0.6638000160455704 0.8886144608259201 3.655427180230618 0.6743636503815651 1.627031847834587 379.9674551710486 7.64915469288826 0.3383761495351791 2.115424685180187 2.139049798250198 0 0.6434500887989998 1.092606455087662 11.80889166146517 19.85493376851082 79.24744816124439 205.7375416606665 33.40326059609652 88.39262517541647 0.9371423274278641 2.427969373762608 0 97.3956745415926 12.06826691329479 9.199072502553463 6.741602621972561 6.113265842199326 1.630590297281742 1.582614108920097 7.332096047699451 5.343465611338615 0 414.8904401138425 201.3559158295393 418.7583357989788 142.2532884255052 15.05113826692104 3.710133209824562 48.18383647501469 4.135916292667389 8.111415207386017 35.78607211261988 0.6652601733803749 12.48796354979277 21.81441539525986 5.293834671378136 0.712786465883255 1.427935175597668 0.3183769062161446 0.8931458815932274 0.0977051630616188 2.010812871158123 0.4190502688288689 0.7512939870357513 293.4352928102016 0.1822105944156647 0 0.4076612964272499 100.7606473788619 0 0.2858896553516388 2.469778925180435 7.49174939095974 0.4102202951908112 27.90502750873566 22.66945457458496 10.30491034686565 29.1576759070158 57.873793810606 7.21940653026104 117.9063101857901 135.985587798059 62.18229275196791 35.76989606022835 0 0 0 0 0 0 0 0 0 0 0 0 0 0 0 0 0 0 0 0.8380060642957687 0.734765350818634 0 0 0 23.88068120926619 0.2123108953237534 23.37231066823006 2.490278646349907 0.5105572938919067 0.7093504667282104 0 0 0 0 0 0 0.2345300763845444 0.5064916908740997 0.1321357041597366 0 0 0.2982223927974701 0.1828869879245758 0 0.118376225233078 0 0.3073568642139435 0.1334759145975113 0 0 0 15.0197616815567 0.1634197980165482 0 0 0 0 0.09705481678247452 0 0 0.1888519078493118 54.55568202584982 0.1410924047231674 0 0.1184558495879173 0 1.876135930418968 0 0.3103179633617401 1.705525927245617 0.5458391010761261 1.255994111299515 0 0.187616765499115 0 0 0 0 0 0.08499255776405334 0.1877101361751556 0 65.30731917917728 4.035033702850342 7.340758539736271 364.6216011866927 66.95696514099836 574.7486429959536 169.209225229919 522.0802035480738 198.102849110961 11.25817280262709 143.8191578388214 15.21515785157681 1.57086680829525 6.950245037674904 2.638769134879112 48.09846164286137 0.6991349905729294 1.115610986948013 6.717599004507065 8.250313453376293 0
431.5247078239918 843.8979937434196 76.26900185644627 429.7899534702301 59.01839683949947 0 193.4662270396948 3.343655176460743 23.88071536272764 1182.774184644222 8.77859491109848 42.95417757332325 90.12242722511292 17.98074717819691 1.008130416274071 0.5275189727544785 0 0 0 0 0.1797308772802353 0.8189947903156281 0.1569306999444962 0 0.1662808209657669 0 0 0 0 0 19.73920069634914 0.5450180917978287 2.297843441367149 0 0 0 1.08843857049942 0 0.3849311470985413 0 0 0 0 0 0 0 6.40279084444046 0.3993388265371323 0 0 0.5631771385669708 10.00226663053036 0.4398723840713501 0.1167555004358292 2.162150144577026 3.193129032850266 214.1661154478788 73.58037589490414 22.0378405302763 2.176045976579189 0 0 0 0 0.2226835712790489 0.8406889513134956 0.3150253593921661 0.345314584672451 0 0 29.5070643723011 183.7312405407429 12.79986289143562 73.85504195094109 13.13377190381289 9.134072929620743 0.2520755305886269 0 0.5649265050888062 2.650879919528961 0 0.09720169752836227 3.582601688802242 0.2797381579875946 0.5736744254827499 1.265903189778328 0.1062392741441727 6.777642175555229 2.357763677835464 11.31919577717781 0 1.539226114749908 0 0.1270633488893509 0 516.831762522459 411.870977088809 51.55284079909325 4.591190844774246 915.2762184888124 0 0 0 0.2481023371219635 0 0.2596837878227234 0 0 0.6212973594665527 0 0 0 0.6187620759010315 0 0 0 0 0 0 0 0 0 0 0 0 0 0 0 0 0 0 0.2751651108264923 0 0 0 0 0 0 0 0.6783630400896072 0 2.010314866900444 0.5598891228437424 0.4616639912128448 0 0 0 0 0 0 0 0 0 0 0 0 0 0 0 0 0 0 0 0 0 0 0 0 0 0 0 0 0 0 0 0 0.212324857711792 0 0 0 0 0 0 0 0 0 0 0 0 0 0 0 0 0 0.1166161894798279 0 0 0 1.367844343185425 0.9121537804603577 9.442548617720604 3.083051510155201 19.5329332575202 3.061162412166595 423.4126185029745 8.942082978785038 0.6757612526416779 1.276897072792053 0.2050883173942566 0.1161015927791595 0 0 0 0 0 0.5453790426254272 0 0
339.5420115366578 2051.398591987789 26.05580046772957 1363.596871353686 3757.701105237007 193.4662270396948 0 4.372206009924412 2844.175077147782 2707.476681828499 51.94326131045818 34.74727711081505 5262.783687919378 1428.158480994403 34.55708518624306 4.957583948969841 1.037651218473911 0.5260152071714401 0.1011357381939888 0.6520503014326096 2.121838331222534 0 0.1224246621131897 0.5106746703386307 0.2388544902205467 0.4918863102793694 1.276888072490692 0.4749286398291588 0.3631980121135712 0.3440902382135391 27.38407334685326 18.54676974564791 5.055330760776997 0.1603947579860687 0.1672898530960083 0 3.227579526603222 0.3805259317159653 2.267492160201073 0.5877648070454597 0.4878499954938889 0.3989365920424461 0.4377831593155861 1.956692345440388 0 0.4583089426159859 171.2992819026113 4.197580866515636 1.066516824066639 1.024443872272968 1.458377704024315 0.2612059339880943 0 0.4040197730064392 5.87480116635561 9.230006277561188 55.95107922703028 107.8414211124182 24.27926577627659 38.53367181867361 0.3427804857492447 0.9609441831707954 0 32.00656634569168 6.072028174996376 3.48252596706152 3.834187164902687 2.563379935920238 2.022002369165421 2.242044001817703 8.415643125772476 4.723587691783905 0 239.0206198170781 91.27304630726576 197.7680343613029 65.31524729728699 6.681795492768288 1.899542570114136 8.620273754000664 1.336205713450909 5.928900949656963 18.49829779565334 0.1069228053092957 8.171849489212036 9.733198888599873 3.313924849033356 0 0.9536214545369148 0.1167491525411606 0.131874680519104 0 1.801446333527565 0.2405460849404335 0.7836389169096947 891.6187568604946 1.221357986330986 0 0.4892992675304413 55.14899758249521 0 6.884431973099709 4.2178600654006 12.33949963748455 1.198354214429855 50.78579948842525 38.96623532474041 6.929109945893288 61.91597627103329 109.1225716993213 6.949347421526909 172.67812166363 203.6234021782875 95.58005068451166 44.51657655835152 0 0 0 0 0 0 0 0.6049625277519226 0 0 0 0 0 0 0 0 0 0.1888080537319183 0 0.2925319373607635 1.415241628885269 0 0 0 21.56507515907288 0 16.9686065018177 2.278935648500919 0 0 0 0 0 0.1566052585840225 0 0.1748244762420654 0.5215267539024353 2.119126215577126 0 0 0 0 0 0 0 0 0.2668978273868561 0.2852247729897499 0 0 0 13.17555970698595 0.2959917187690735 0 0 0 0 0 0.1605459600687027 0 0 51.3223530575633 0 0 0 0.1008512750267982 2.766899853944778 0 0.7881040573120117 2.518247470259666 0.9527006447315216 0.1270504593849182 0.1673531532287598 0.3122003972530365 0 0 0 0 0 0 0 0 86.75567328929901 2.76873591542244 4.133760377764702 236.0571938306093 30.72938297688961 297.7364157512784 91.40621653944254 429.2173593863845 88.13003019243479 6.752771705389023 85.1090858951211 21.5998789742589 0.2699669897556305 3.621581681072712 1.001099146902561 115.9991760402918 0.7597971558570862 0.1279685646295547 7.31100744754076 6.585387773811817 0
97.23373422026634 80.96923121064901 2326.262209735811 2.449847415089607 39.55653242766857 3.343655176460743 4.372206009924412 0 350.3452850580215 0.8994365483522415 1772.036075547338 0 13.55165965855122 327.568376749754 44.43127932399511 38.7206080108881 18.70366045832634 3.135703399777412 0.8824402242898941 12.89268562197685 81.72979544103146 0 26.38462575525045 38.84541011601686 21.45659305900335 9.591756716370583 42.4441853761673 2.943206503987312 1.578166835010052 5.557960659265518 961.9509774968028 782.8765904381871 7.723171472549438 5.974834099411964 14.68293984234333 6.860274650156498 9.459462724626064 5.041306346654892 1.894938930869102 16.5887438133359 15.09767931699753 6.054751083254814 16.59044995903969 8.382623814046383 2.697901748120785 7.84984041005373 121.8408804163337 3.193107187747955 3.336495853960514 16.00240550935268 4.054684184491634 0.8317260891199112 0.3438544273376465 1.679165750741959 3.647585690021515 6.617281518876553 89.83773212134838 424.944106772542 18.28116121143103 27.661467038095 141.4513020291924 103.1240160167217 10.14912547171116 238.3983477801085 5.332213014364243 4.120527654886246 2.271574407815933 4.907235823571682 24.9071563705802 99.56132972240448 4.47760284692049 0 0 251.702479802072 233.1855283454061 168.0232628583908 118.1894752085209 42.56207831948996 568.0551633387804 1279.724955387414 85.98265718668699 2305.110556915402 15.73308140784502 0.09674128890037537 4.482021741569042 7.117572464048862 7.814434960484505 0 0.4642281532287598 0 1.340278923511505 0.7552592977881432 52.52690383791924 7.081387110054493 3.599958345293999 1.215874284505844 0.1866708844900131 0 0 173.9440656900406 0 0 0 0 0 0 0 0 0.1352823972702026 0.1887631863355637 0.2207361608743668 0.8163353130221367 0.6834703534841537 0.7438035011291504 0.7217511683702469 0.2556224763393402 0 0 0 0 0 0.1428100764751434 0 0 0 0 0 0 0.1597092747688293 0 0 0 0.1866838186979294 0 0 0 0 0 0 0 0.393715113401413 0.165309876203537 1.06823043525219 0.162874773144722 0 0 0 0 0 0 0 0 0 0 0 0 0.2703366875648499 0.1865908205509186 0 0 0 0 0.1404940783977509 0 0 0 0.1755719631910324 0 0 0 0 0 0.1063298359513283 0.1113671511411667 0.1543063372373581 0.2572454586625099 0.726396270096302 0 0.2523236870765686 0 0 0.1284965723752975 0 0.1156863421201706 0 0 0.1809802949428558 0 0 0 0 0 0 0.1230609863996506 0 0 0.1216921806335449 0.4282608404755592 0 0.2997725009918213 121.196205727756 22.63452562689781 189.9568193629384 48.3446239978075 74.63811095803976 40.60883449018002 2.573954336345196 36.28300672024488 1.67267906665802 0.1457137912511826 0.7335656955838203 0 0.4618232846260071 0 0.4456952139735222 1.401028111577034 3.851458415389061 0
54.87668596953154 1225.614465214312 442.3682668581605 61.21980678290129 10243.60393577069 23.88071536272764 2844.175077147782 350.3452850580215 0 326.5964119657874 4851.295841537416 14.06005587428808 947.2369247972965 1580.320131517947 151.2415212541819 28.51548640429974 7.111146479845047 1.484205670654774 0.2157498449087143 3.1917959228158 6.587454088032246 0 2.059995643794537 5.668703809380531 5.596690222620964 3.132972046732903 9.427795380353928 2.556328013539314 1.808955051004887 1.558231920003891 28.3900591135025 52.02577113360167 56.08311876654625 0.6442717984318733 1.602140761911869 1.0434510409832 48.35577064752579 2.04020407050848 17.77012966573238 9.510334134101868 2.148954309523106 2.370506249368191 2.018569298088551 9.554571226239204 0.7530826106667519 2.382028572261333 431.3212538734078 4.499562494456768 1.128263458609581 4.973093137145042 1.973890423774719 0.5046049728989601 0 1.595948494970798 6.170737251639366 13.04766104370356 19.85414647310972 55.96786221861839 22.2604973167181 68.43256044387817 4.730235688388348 6.69507972151041 0.5197282582521439 94.47131828218699 6.315148867666721 4.602424889802933 3.500474594533443 5.510091096162796 5.377185471355915 12.31386757642031 55.75967384874821 5.061616696417332 0 194.7318394854665 131.0464567020535 408.6730136275291 274.8488679528236 38.94369085133076 11.9544612839818 132.6234209835529 9.353088289499283 44.55685324966908 16.46344764530659 0.1879066675901413 6.513362340629101 11.66623318940401 4.033807836472988 0.2428995668888092 1.869451776146889 0.09674692898988724 0.7728215008974075 0.7146037444472313 8.358402192592621 2.396498449146748 2.966448336839676 611.1043281778693 1.186207920312881 0 2.653426930308342 12.18161714076996 0 4.299208045005798 2.836894728243351 15.34176443517208 0.9995083510875702 63.25028606504202 35.08444792032242 9.414389580488205 52.17967461794615 116.4981102347374 10.70453682541847 221.8104444816709 256.2030310109258 120.4898671358824 72.83758929371834 0.1085614338517189 0 0 0 0 0 0 0 0 0 0 0 0 0 0 0 0 0 0 0.7811421751976013 1.977452367544174 0 0 0 45.49727454036474 0.2471809834241867 25.6018789857626 2.038124032318592 1.422940388321877 0 0 0 0 0 0 0 0.7354495674371719 1.0097536444664 0.1402260363101959 0 0 0.3244759738445282 0 0 0 0 0.1553605645895004 0.2300387918949127 0.278721034526825 0.3784642219543457 0 23.03004750609398 0.1801841259002686 0 0.2400107532739639 0 0 0 0 0.1051728799939156 0 96.49295016378164 2.141418650746346 0 0 0.1365564316511154 4.194458454847336 0 0.6150705814361572 2.330459207296371 1.904987797141075 2.163815163075924 0 0.2710301727056503 0 0.1328538358211517 0 0 0.09227575361728668 0 0 0 112.6443008854985 6.456796899437904 8.14859164506197 723.4956510588527 73.50310967117548 668.7443388402462 261.2962580025196 391.7003131657839 182.0814730972052 7.426538318395615 320.0149902254343 25.70954894274473 0.4816401153802872 10.07451945543289 5.150905713438988 95.78209684789181 1.118957042694092 0.5259251073002815 16.48759932816029 31.03615383058786 0.4054037481546402
1273.131122201681 660.8136472031474 21.05654343962669 1951.321428328753 736.2013669982553 1182.774184644222 2707.476681828499 0.8994365483522415 326.5964119657874 0 4.421527288854122 1045.414867088199 7217.40596550703 478.0633940249681 1.154729560017586 0.2166700214147568 0 0 0 0 0 0 0 0 0 0 0.1305942386388779 0 0 0 7.129377096891403 0.14564548432827 0.8275153636932373 0 0.1078029572963715 0 0.9166964292526245 0 0 0 0 0 0 0 0 0 10.75141382962465 0.8050368949770927 0 0 0 0 0 0 1.987208157777786 2.30248024314642 38.07751174271107 52.28045292943716 10.60264839977026 5.273107513785362 0 0 0 1.14290738850832 0.8153463080525398 0.6658230572938919 0.4098756462335587 0.2825162410736084 0 0 12.1744929254055 0.9350786805152893 0 69.87147304415703 16.16862784326077 16.38468284904957 1.460309237241745 0.505023792386055 0 1.148958399891853 0 0.2490471079945564 5.039382971823215 0.2133356928825378 0.9623792171478271 1.325048387050629 0.4880829304456711 0 0 0 0.1194353923201561 0 0 0 0 1226.728760808706 13.81077229976654 0 0 166.1509574055672 0 2.085615187883377 1.61555440723896 9.601837828755379 0 26.92243237793446 36.02211740612984 3.959843210875988 34.8811719417572 80.19414946436882 1.974221453070641 82.045908421278 78.56024922430515 33.88309323787689 9.472732082009315 0 0 0 0 0 0 0 0 0 0 0 0 0 0 0 0 0 0 0 0.2449830770492554 0 0 0 0 3.158347874879837 0 0.761693999171257 0.6775370240211487 0 0 0 0 0 0 0 0 0 0.3064150512218475 0 0 0 0 0 0 0 0 0 0.6240273863077164 0 0 0 0.6757374107837677 0.2906764447689056 0 0 0 0 0 0 0 0 7.970050193369389 0 0 0 0 0.2857742011547089 0 0 0 0.4348808526992798 0.1493916511535645 0.222738116979599 0 0 0 0 0 0 0 0 0 39.47527305781841 0.1644049286842346 1.02695968747139 24.47499190270901 3.364244572818279 36.3255326077342 3.848879940807819 652.5215265154839 8.43709684163332 0.1565538644790649 1.208669975399971 5.917345255613327 0.2253866344690323 1.070388093590736 0 106.6143743246794 0 0 0.7959028780460358 0 0
389.6649979576468 600.7229859903455 2564.739402577281 12.05597630143166 1023.452861219645 8.77859491109848 51.94326131045818 1772.036075547338 4851.295841537416 4.421527288854122 0 12.40351142734289 519.7033194825053 2473.056773386896 118.5724433287978 33.85731270164251 13.9990623369813 3.794852145016193 0.7632705643773079 2.984304316341877 13.28776787221432 0.1391899585723877 6.99646283686161 8.508385613560677 29.02915589511395 10.12396269291639 26.07766015082598 9.987573698163033 8.671021498739719 4.128630422055721 222.9890623167157 157.271435469389 170.8776846677065 0.5580040365457535 3.693600088357925 4.012551859021187 143.5810555815697 11.90928274393082 45.07115457952023 45.13454721868038 10.2516727373004 9.380508787930012 3.950117290019989 10.98173579573631 2.025146283209324 1.953289732336998 341.8446729779243 3.603857979178429 1.435893334448338 9.004951916635036 2.925860360264778 0.3015032410621643 1.566112592816353 2.493179567158222 4.941608652472496 12.32400833070278 49.57561302930117 184.8369785249233 19.43455892056227 56.53351347893476 5.921035744249821 25.37331487983465 0.8953575044870377 134.8573754578829 7.564465820789337 3.342163406312466 3.269143514335155 4.254326723515987 9.430078454315662 21.46601261198521 95.46775511652231 2.71654149889946 0 246.6618392392993 199.4980735182762 378.5638511627913 275.3325087875128 43.73507335036993 159.2869896069169 1060.735811591148 19.35207733511925 288.4472456276417 20.18833336979151 0.422721154987812 6.825539231300354 10.28852982074022 4.442262157797813 0 1.062121778726578 0.339238815009594 0.4053142964839935 1.346341244876385 15.45469465851784 7.262154944241047 2.308520078659058 18.0290377959609 1.5125662535429 0 3.582143113017082 102.625035956502 0 0 0.1510107964277267 0.2178199738264084 0 1.872919902205467 0 0.1733007580041885 0.6099873185157776 1.973903447389603 1.54195599257946 3.810878239572048 7.625490128993988 6.278342559933662 3.02856233716011 0.4245463311672211 0.438767671585083 0 0 0 0 0 0 0 0 0 0 0.6933036744594574 0 0.1411207765340805 0 0 0 0.1775272339582443 0.181411400437355 0 0 0.3167481124401093 0 4.414624862372875 0 4.607947632670403 2.353764891624451 0.9854727685451508 0 0 0 0 0 0 0 0 0 0 0 0 1.035723283886909 0.3068833649158478 0 0 0 0.130497545003891 0 0 0 0 3.68251433968544 0.1476140916347504 0 0 0.1837878525257111 0 0.3252264857292175 0.2700887620449066 0 0 7.857934445142746 0.1611327528953552 0 0 0.2265238165855408 0.1659392267465591 0 1.46084638684988 0.1645541042089462 0 0 0.375704824924469 0 0 0 0 0 0.119178406894207 0.431780144572258 0 0 4.667616441845894 1.84363429248333 1.440163806080818 406.8115835189819 51.8034805059433 467.5080182626843 157.0200225487351 200.5686427056789 105.5128740444779 5.685595907270908 167.5792391300201 6.18083131313324 0.2602312192320824 3.513318248093128 1.611468710005283 1.390226557850838 0.4610659629106522 0.2464101612567902 6.678689181804657 16.86595120280981 0.4116733372211456
4.820727705955505 1.553475886583328 0 9.836013466119766 3.826451502740383 42.95417757332325 34.74727711081505 0 14.06005587428808 1045.414867088199 12.40351142734289 0 2179.139034740627 176.3535992354155 6.372971557080746 2.34066079556942 0.154641255736351 0.1375379413366318 0 0 0 0 0 0.2643663436174393 0 0 0.3998003900051117 0 0 0.1253622174263 0.4665357619524002 0.6453922092914581 18.165835686028 0 0 0 21.38587449491024 0 1.440746068954468 0 0 0 0 0.8448255807161331 0.1207013577222824 0.170493021607399 12.29035441577435 0 0 0 0 0 0 0 0 0.2760770171880722 0.7499351128935814 1.493497386574745 1.052645035088062 0.6891175284981728 0 0 0 3.201396144926548 0 0 0 0.1024211496114731 0 0 65.48447409272194 6.012253746390343 0 4.485307112336159 2.114960484206676 9.335072375833988 6.627642922103405 1.539952166378498 0 10.34949643909931 0.3808140307664871 0.3588440418243408 0.48767951130867 0 0.09351299703121185 0.356789767742157 0 0 0 0 0 0 0.3344418555498123 0 0 1132.771957315505 6.550292462110519 0 0.4035810232162476 1.00709742307663 0.5553478002548218 0.5834074020385742 1.561470091342926 3.872438043355942 0.6998623758554459 24.86831623315811 8.023480504751205 5.61712559312582 17.93580570071936 36.95064230263233 4.916173115372658 87.61294844001532 91.62522135674953 52.52565298229456 20.15189854055643 0 0 0 0 0 0 0 0 0 0 0 0 0 0 0 0 0 0 0 0.4258431643247604 0 0 0 0 19.3319239243865 0 10.56848450005054 0.5896228104829788 0 0 0 0 0 0 0 0 0.1403029710054398 1.445296756923199 0 0 0 0.1801853626966476 0.1300215125083923 0 0 0.1147220358252525 0.1975535303354263 0.3125312328338623 0 0.4189243614673615 0 5.14219381660223 0 0.2923025190830231 0 0 0 0 0.1141185536980629 0 0 35.09106785804033 0.1409759968519211 0 0 0 1.618150129914284 0 0.2548595070838928 1.315955094993114 0.2119973003864288 0.3841425478458405 0 0 0.1167731210589409 0 0 0 0 0 0 0 46.47034595906734 3.849176086485386 3.490143790841103 41.17636504024267 0.7122323513031006 20.76620629429817 5.887426950037479 38.64898650348186 2.912623323500156 0.1173509284853935 13.7718900218606 5.692504301667213 0 3.40475831925869 0.1773833334445953 44.42906922101974 0.6671617776155472 0 1.94150972366333 0.6347145140171051 0
52.86739356815815 286.6534366980195 11.28103114664555 544.2804009467363 238.2369814291596 90.12242722511292 5262.783687919378 13.55165965855122 947.2369247972965 7217.40596550703 519.7033194825053 2179.139034740627 0 1991.336238488555 84.48931693285704 23.08007110655308 3.343984633684158 0.637769028544426 0 0.844396099448204 1.860419116914272 0.2473233193159103 0.8296713680028915 0.4507023841142654 0.9426102638244629 0.4340742006897926 2.027837567031384 1.829572826623917 0.8379348963499069 0.4078621417284012 3.035956434905529 11.43684714287519 684.7585712894797 0 0.66183952242136 0 172.6295213028789 0.1505055129528046 43.2646265104413 2.778099864721298 0.9997013285756111 0.3833380937576294 0.8224698752164841 7.075251914560795 0.6621220856904984 0.4084827825427055 146.1128948703408 0.8394694924354553 0.4383364915847778 1.138621866703033 0.3678053170442581 0.5389018058776855 1.675454169511795 0.2969949245452881 2.284304574131966 2.854431480169296 6.441451147198677 16.31711563467979 8.458086274564266 15.90608386695385 2.879116073250771 3.904911912977695 0.5208836793899536 25.08708461374044 1.581054620444775 0.883399561047554 0.9761189743876457 1.677864655852318 0.3955869078636169 4.681956239044666 380.8016694784164 49.5534360408783 0.177374854683876 52.99643768370152 30.37748278677464 122.9102700799704 109.6101585403085 16.23434102535248 1.732968896627426 199.7162414044142 2.746676899492741 8.680978775024414 4.528955698013306 0.4810423776507378 1.667587772011757 2.574411794543266 0.6301244795322418 0 0.207128494977951 0.2587952464818954 0.1117111220955849 0.1303558796644211 2.096377551555634 0.3531475365161896 1.001832649111748 4182.802027314901 60.87254481762648 0.3694660663604736 11.98999930918217 8.467118233442307 0.4752111583948135 5.413814142346382 8.107781276106834 22.3781044781208 2.651833549141884 91.18907987326384 44.61882722377777 19.6170916557312 105.468205191195 180.7217468619347 20.57195157557726 349.1080926284194 396.5549789592624 206.3949680998921 123.1311317011714 0.1312513649463654 0.102107934653759 0 0 0 0 0 0 0 0 0.2026123702526093 0 0.2893079817295074 0 0.197398915886879 0.3333654254674911 0 0.8288078606128693 0 2.604185476899147 2.462714627385139 0 0 0 84.52019807696342 0 57.75966311246157 6.970377579331398 0.7099811285734177 0 0 0 0 0 0.4469082653522491 0 0.7272070720791817 4.307908467948437 0.1697515398263931 0 0 1.06286247074604 0.1553714126348495 0 0 0 1.603895589709282 1.178127333521843 0.8927905559539795 0 0 37.10934872925282 0.7981486022472382 0.1250575184822083 0.1075633615255356 0.09619733691215515 0 0.2447772473096848 0 0 0 179.6351080089808 8.548875257372856 0.1220382377505302 0 0 8.352439925074577 0.14029560983181 1.82035181671381 2.32441908121109 1.861348561942577 2.399742722511292 0.8889837861061096 1.227181755006313 0 0 0 0 0.6545432806015015 0.1058500707149506 0 0.4346257150173187 211.1206991970539 20.8842084184289 26.02279789745808 309.7609956935048 25.71384782344103 226.6597239822149 94.39574880897999 210.7025109753013 52.06545264273882 1.94015097618103 131.4078800305724 29.07960148155689 2.09124667942524 8.427297808229923 0.7557987496256828 146.5573777109385 1.392496339976788 0.9504653215408325 4.891273334622383 16.22542688250542 0.4362877011299133
81.46680600941181 254.6884407550097 514.4320774003863 50.43035651743412 325.5276872366667 17.98074717819691 1428.158480994403 327.568376749754 1580.320131517947 478.0633940249681 2473.056773386896 176.3535992354155 1991.336238488555 0 151.1146175563335 53.99213825166225 16.73806112259626 2.22516331076622 0.2340774461627007 2.854646056890488 7.336292125284672 0 1.952983617782593 7.214869894087315 24.21547040343285 6.557835787534714 22.98755317181349 9.844452187418938 5.231323339045048 5.598214730620384 19.23516925424337 35.95666401088238 597.7793816030025 0.7814033254981041 0.4114914536476135 1.332148432731628 407.8502870649099 4.612406760454178 126.0809376463294 43.53063618391752 10.22380219399929 11.26026409864426 3.088892795145512 16.03033865988255 0.7977496460080147 1.031796135008335 246.3358510658145 1.454095929861069 0.6647063940763474 7.201454870402813 1.930021114647388 0 2.059310339391232 2.040193341672421 3.062518462538719 4.41524164378643 11.79913102835417 34.57482407987118 8.780366182327271 26.00400414317846 6.025684371590614 14.8027980029583 1.009206727147102 64.1198513880372 2.07922949641943 1.517839722335339 1.579061038792133 4.252112425863743 5.77337534725666 15.19398094713688 528.5475118160248 12.50732004642487 0 87.28576079756021 74.13496601581573 240.7937706634402 193.8115509077907 36.14419544488192 5.713687926530838 668.0071833059192 7.335377871990204 72.35969585180283 6.408838883042336 0.1009855344891548 2.931792713701725 4.040112487971783 2.506302691996098 0.1462603807449341 0.99431162327528 0 1.275835037231445 0.4188060164451599 18.51092821359634 9.848727181553841 3.357921876013279 1100.641813367605 5.356122672557831 0 25.5402664989233 9.929020673036575 0 2.035516142845154 2.184616848826408 7.47626855969429 1.532302483916283 36.13378110527992 17.04966475069523 7.331410028040409 34.6972531452775 67.42186040431261 10.68277747184038 161.0684038773179 179.0433968380094 99.39188060164452 57.25164224207401 0.2732567638158798 0 0 0.5950008630752563 0 0 0 0 0 0 0 0 0.5385674238204956 0 0.1211082339286804 0.1592601388692856 0.1482560336589813 0.2164491415023804 0 0.2937025874853134 0.8258895725011826 0 0 0 51.65693397819996 0 31.5166272893548 3.980187691748142 0.9377484321594238 0 0 0 0 0 0.7083592414855957 0 0.357499897480011 1.677214600145817 0 0 0 0.3259954899549484 0.5562415719032288 0 0 0 0.1304863095283508 0 0 0 0 25.01398505270481 0.5525467395782471 0.4432688653469086 0.1099719777703285 0.2267970144748688 0 0 0 0 0 93.5731830522418 1.920041739940643 0 0 0 3.932365700602531 0 0.5977338850498199 1.876465201377869 0.4446211159229279 1.277616031467915 0.3175202012062073 0.243926078081131 0.1355542093515396 0 0 0 0.08927445113658905 0 0 0 90.9509230107069 8.612568512558937 14.85335337370634 523.8399016782641 30.86315484344959 412.4139921441674 147.0828909426928 227.8905024752021 67.96251224726439 2.381800845265388 191.2426275014877 15.66664063930511 0.4380112439393997 7.192893974483013 2.173005126416683 58.22593791782856 0.6832102388143539 0.1165231019258499 10.39216129481792 12.57862751185894 0
3.597817771136761 21.90675064921379 31.9372728317976 1.275028496980667 47.01793100684881 1.008130416274071 34.55708518624306 44.43127932399511 151.2415212541819 1.154729560017586 118.5724433287978 6.372971557080746 84.48931693285704 151.1146175563335 0 1012.569202855229 946.6761906370521 45.77597495168447 94.34572767466307 17.70184144377708 10.94906071573496 0.268749326467514 0.5891647636890411 1.259280748665333 6.382472939789295 0.7469795793294907 2.942349918186665 3.387188404798508 0.6344129219651222 0.4269269555807114 13.59764136373997 35.66604877263308 152.9171670004725 13.41991890221834 0 5.256329476833344 331.5802499726415 105.3834929168224 83.32421180605888 83.43755981326103 0.6126643866300583 2.680421866476536 20.1485917493701 536.2067205756903 247.5348245948553 209.7100850865245 595.768279440701 3.262754075229168 47.47672365605831 65.21580918133259 0.6881669983267784 0.1224486902356148 0.3783396109938622 1.196519128978252 1.637787953019142 1.590467885136604 3.0953688621521 11.83589915931225 5.16286376863718 252.9986859932542 123.3641252815723 308.2884536534548 24.46609134227037 7.110598467290401 1.209977827966213 1.371166869997978 0.5744659602642059 2.424249671399593 12.18395049124956 11.77136721462011 41.51912393420935 15.87029685080051 0 106.2535955905914 6.50175866484642 1117.328035615385 63.92042994499207 88.59031443297863 24.41541954129934 243.5006088912487 30.0677500590682 294.1708590984344 7.169462434947491 0.2750131487846375 1.128749199211597 1.223324567079544 14.09575196355581 0 0.2488279342651367 0 0.1288104504346848 0 2.656360656023026 0.3758403658866882 0.6464936211705208 12.57647590339184 8.92819394916296 0 4.798433341085911 4.148231722414494 0 0.1469319462776184 0 0 0 0.3000411689281464 0 0 0.09407716244459152 0.393294669687748 1.342219144105911 2.575582467019558 2.607062056660652 3.022758364677429 2.625783495604992 0 0.4844864010810852 0 0 0 0 0.1417589038610458 0.1034644544124603 0.1034187376499176 0 0 0 0.6143742203712463 0 0 0 0.2061430066823959 0 0.2924641594290733 0 0.09234204143285751 0 0 0 11.82149743288755 0 19.9029048755765 6.468532353639603 3.084515959024429 0 0 0 0 0 0 0 0 0.4795878082513809 0 0 0 1.346170872449875 0 0 0 0 0 0 0 0 0 5.691787526011467 0 0 0 0 0 0.1700925827026367 0 0 0.1183292046189308 11.43695417791605 2.197730503976345 0 0 0 0.4543677270412445 0 0.46000075340271 0.4377826750278473 0.4278199821710587 0.5306548103690147 0.2227911204099655 0 0 0 0 0 0 0.1219926252961159 0.2728837132453918 0 1.36778050661087 1.543688833713531 9.205360859632492 30.3118345066905 25.93120612204075 267.6114922165871 73.59198517352343 13.06811835616827 16.99972080439329 1.715179905295372 12.06158518046141 2.006976664066315 0.189404234290123 2.244919933378696 0.2986137121915817 1.381483905017376 1.369014576077461 0 0.1230842843651772 0.221266120672226 0
