0 2124.860938839614 781.7354391887784 1645.388949170709 151.1821364760399 202.8970937281847 877.2203739657998 135.4700748473406 147.0040198341012 952.0562189817429 518.7538309693336 418.9902315437794 410.0718160271645 256.16230558604 1.046513900160789 0.103391021490097 0.1023616567254066 0 0 0 0.1531001776456833 0 0 0.1504237949848175 0.5444767028093338 0 0.2953720539808273 0 0.1180439442396164 0 376.8933116644621 8.999360874295235 8.423295371234417 0.133151575922966 0.4084711968898773 0.5165753588080406 8.163177214562893 0 1.327629283070564 0 0.1026815176010132 0 0 0.09960674494504929 0 0.1970053166151047 39.73883546888828 2.054797872900963 0.5492830201983452 0 0.1633409708738327 0.4091954976320267 0 0 5.20766893029213 5.136046931147575 222.5126413777471 880.9412813857198 32.53509350121021 17.16498099267483 0.1153704449534416 0.6705123633146286 0.7443463727831841 3.132953271269798 4.731522925198078 3.647714391350746 1.016462609171867 1.047259673476219 0.1582432389259338 0.1180701181292534 39.77783265709877 8.828265845775604 0.1602731198072433 128.9718049839139 8.186826400458813 8.5628502368927 1.560540765523911 0.62679473310709 1.927040964365005 37.67686889320612 0.1033572033047676 4.679297961294651 16.3197261467576 0.9064052328467369 2.012228295207024 2.521098770201206 1.276873774826527 1.315139472484589 0.2025564387440681 1.330055207014084 0.1326554715633392 0.7222362160682678 0 0 0 238.4965076223016 15.86558751761913 2.769566982984543 4.389411687850952 812.4339333102107 0.1183951050043106 0.2600353360176086 0 0 0 12.30739903450012 0 1.261400312185287 63.43399792909622 0.442816898226738 0.1319467723369598 4.317238032817841 5.704782828688622 1.346930287778378 0.6534686610102654 0 0 0 0 0 0 0 0 0 0 0 0 0 0 0 0 0 0 0 0 0.8588167279958725 0 0 0 0.1103973314166069 0 0.8314295262098312 0 0 0 0 0 0 0 0 0 0 0 0 0 0 0 0 0 0 0 0 0 0 0 0 2.929482094943523 0 0 0 0 0 0 0.0946943536400795 0 0 7.134211257100105 0 0 0 0 1.495969474315643 0 0.2358896657824516 0 0.1024044156074524 0 0.1689967513084412 0 0 0 0 0 0.1032464057207108 0 0 0 4.750215694308281 2.007424741983414 1.799238279461861 44.79899663478136 5.333218023180962 53.43765756487846 5.875972911715508 994.7773652002215 61.0810831412673 1.346954599022865 8.26390552520752 0.1432833075523376 0.2771942093968391 0.442253440618515 0 6.740018844604492 0 0 0 0.2077362835407257 0.1861650794744492
2124.860938839614 0 1095.88553532213 282.9879322722554 1757.648278228939 599.4215486422181 2447.928536765277 75.57262916862965 2452.726344294846 542.9222302734852 2685.376911297441 42.35944168269634 1832.520166777074 690.9469261094928 2.567519538104534 0.2118321880698204 0.4787123128771782 0 0 0.4714744612574577 0.1214661002159119 0 0 0.1196394488215446 0.2438364252448082 0.3565882742404938 0 0.4227144867181778 0 0.100824736058712 1177.920811906457 33.43813882768154 7.063048012554646 0.1440193653106689 0.1439487040042877 0.3629129379987717 5.744162417948246 0 0.629439115524292 0.1279168576002121 0.2710155546665192 0.09556899964809418 0.1044351756572723 0.140835627913475 0 0 120.9083310440183 7.422297477722168 0.5386012941598892 0.6741811186075211 0.8441290855407715 0.2981211319565773 0 0.2267858311533928 12.18332964926958 16.6549240462482 100.1937391385436 759.3791911751032 46.37567486613989 34.58700473606586 0.3945299312472343 0.7092466130852699 1.489938378334045 27.37404124438763 11.69970301538706 10.79824105650187 3.534887671470642 4.023141570389271 1.240709491074085 0.3878630325198174 11.86945587396622 0.9884405583143234 0 206.3386146947742 41.76275627315044 29.18714237958193 7.137281328439713 0.8399909138679504 2.276212178170681 64.15590296685696 0.6796550527215004 6.755186423659325 40.85872001945972 1.021342501044273 5.592070490121841 8.59741073474288 3.331333748996258 0.2479628995060921 0.6515143886208534 0.1025921031832695 0.5256043002009392 0 0.5770187601447105 0 0.2875412777066231 273.2493196129799 2.306739091873169 0.4950439035892487 2.273010186851025 658.9517707005143 0 0.8628926873207092 0.4644045680761337 0.8136342763900757 0 45.60711186379194 0 0.9427832663059235 13.66985001415014 6.465360715985298 0.9846993982791901 17.63595880568027 14.76051633805037 4.483241632580757 6.414683043956757 0.1950293779373169 0 0 0 0 0 0 0 0 0 0 0 0 0 0 0 0 0 0 0.2991550713777542 0.1757345348596573 0 0 0 0.6994731947779655 0 1.668511934578419 0.4021984934806824 0 0 0 0 0 0 0 0 0.3151210099458694 0.9402125626802444 0 0 0 0 0 0 0 0.1120784357190132 0 0.1140812709927559 0 0 0 5.23970515280962 0.1476714760065079 0 0 0 0 0 0.09877406060695648 0 0 10.20717928558588 0.1034006923437119 0 0 0.275123655796051 4.026899933815002 0 0.3305974677205086 0 0.3197610974311829 0 0 0 0.2476009204983711 0 0 0 0 0 0 0 11.16880644857883 2.162042289972305 1.826300665736198 126.2465692609549 25.20319355279207 229.8405613079667 18.49435899406672 1574.088927440345 99.34127444028854 3.179548479616642 29.4969726651907 0 0.283893346786499 0 0 0 0 0.1856333464384079 0 0.3689392805099487 0
781.7354391887784 1095.88553532213 0 2.179909616708755 345.3464367389679 44.02253274619579 72.49553488194942 1155.753126136959 526.3388441950083 12.94044541567564 4759.779601089656 5.520515233278275 103.49239975214 241.4306765198708 5.546636387705803 1.139269858598709 0.656382642686367 0.1294719725847244 0.2303304523229599 1.051370285451412 3.638234481215477 0 2.064448177814484 2.761945024132729 2.434054017066956 3.716810673475266 0.2232790142297745 1.147681042551994 0.1671625375747681 1.3947883695364 3480.167644619942 422.8395450487733 33.31376558542252 3.598281443119049 5.35720619559288 4.317677304148674 10.42475800216198 0.124331533908844 0 0.3088322579860687 4.24048026651144 0.504981517791748 0.7968483567237854 0.9343960285186768 0 1.719421565532684 81.9539375603199 8.399357751011848 0.5976128131151199 0.09759040921926498 0.6537009626626968 0 0 0.5815901309251785 9.773641385138035 12.61417473852634 97.98027290403843 981.9451938346028 34.49545092880726 26.56601587682962 11.48532891273499 5.32253784686327 18.12625131756067 145.4654513597488 11.8773288987577 8.193234536796808 2.888046242296696 3.824816010892391 1.565062947571278 2.910941667854786 16.16274835169315 0.6736054793000221 0 208.4791355505586 65.19875559955835 30.86468461155891 14.60417670384049 3.926304399967194 59.62063882499933 450.2574305161834 2.087078228592873 79.20222692936659 30.44955202937126 0.458565279841423 5.613240018486977 7.553188901394606 3.895206242799759 0.0852494090795517 0.7218433395028114 0.2143203467130661 0.3073820546269417 0.09650510549545288 1.353701926767826 0.1417354494333267 0.8331345990300179 16.09934552758932 1.254934817552567 0 0 402.2577873691916 0 0 0 0 0.1721125394105911 1.242906175553799 0 0 0 0.3812106251716614 0.2238814160227776 3.15697818249464 1.822879105806351 1.111812934279442 1.811266042292118 0 0 0 0 0 0 0.1196913123130798 0 0 0 0.1634910106658936 0 0 0 0 0 0 0 0 0.3600188493728638 0.2513744086027145 0 0 0 1.213407576084137 0 1.799375705420971 0.2204230576753616 0 0 0.2432169169187546 0 0 0.1245082765817642 0 0 0 0 0 0 0 0 0.3428850322961807 0 0 0 0 0.08800584077835083 0 0 0 2.207091115415096 0 0.2553952038288116 0.06846126914024353 0 0 0 0.08644204586744308 0 0 6.275716423988342 0 0 0 0 0.6443164423108101 0.2677968740463257 0.2215175330638885 0 0 0 0 0 0 0 0 0 0 0 0 0 0.7314679771661758 1.091388888657093 2.26526253670454 66.6629610657692 18.30468411743641 149.6321143507957 13.58256351202726 312.6607143580914 57.54896990209818 2.836982294917107 16.48340003937483 0.1925378739833832 0.1018931195139885 0.8090026751160622 0.1296519488096237 0.1728889495134354 0.1524850130081177 0 0.1432309746742249 1.116135463118553 0
1645.388949170709 282.9879322722554 2.179909616708755 0 3.658924236893654 185.6160061508417 354.9919301569462 2.542221419513226 46.49239816516638 1295.44663067162 13.56153260916471 1353.279843240976 1596.155396327376 724.9649467542768 1.020028740167618 0.3560373112559319 0.1827424168586731 0 0 0.1012248694896698 0 0 0 0.2911322563886642 0.3696183115243912 0 0 0.1630393713712692 0 0 13.28271470218897 0.6732607930898666 2.252407446503639 0.718224436044693 0.9055113792419434 0.4168190658092499 5.40677510201931 0 0 0 0 0 0 0 0 0.1476243883371353 11.47684011608362 1.114267840981483 0 0 0.08295067399740219 0.2927981168031693 0 0 1.415351144969463 1.470432683825493 9.852784238755703 46.39719255268574 5.773423202335835 2.637834548950195 0 0.3010992258787155 1.675422146916389 1.713651612401009 1.164796203374863 0.6250713467597961 0.3329575061798096 0.4084451049566269 0 0 41.20795311778784 0.3433604538440704 0 16.72992957383394 3.190360501408577 3.621964111924171 1.815057307481766 0.5080531612038612 0.1517999023199081 2.539172753691673 0 1.59859873354435 4.200485646724701 0.3275667726993561 0.417242594063282 0.6753761544823647 0 0 0.1926889270544052 0 0.2203572243452072 0.1035107150673866 0.102096252143383 0.1398256868124008 0 258.2578693330288 0.7848178595304489 0 0 44.2985642850399 0 0.1138778850436211 0.9927112460136414 0 0.6733917742967606 16.94107777625322 1.334484994411469 2.138418719172478 38.54741512238979 4.724495150148869 0.9169487729668617 17.86579073965549 16.57467416673899 6.209342136979103 6.447878174483776 0 0 0 0 0 0 0 0 0 0 0 0 0 0 0 0 0 0 0 0.2422943040728569 0.1138115897774696 0 0 0 0.7599642872810364 0 3.054421782493591 0 0 0 0 0 0 0 0 0 0.1288004219532013 0.5203449726104736 0 0 0 0 0 0 0 0 0 0 0 0 0 6.370287165045738 0 0 0 0 0.266469694674015 0 0 0 0.1435264497995377 15.29758809506893 0 0 0 0 2.081515848636627 0 0.4046693667769432 0.68727096170187 0 0.09961883723735809 0 0 0 0 0 0 0 0 0 0 14.38537654280663 3.374322712421417 3.715726226568222 38.36660372465849 4.241119280457497 35.3238232806325 4.230339340865612 148.2336539775133 15.79827227443457 0.2587552815675735 10.01909897476435 1.953000232577324 0.1313868761062622 0.5235066115856171 0 0.6238499283790588 0 0.1255482882261276 0 0 0
151.1821364760399 1757.648278228939 345.3464367389679 3.658924236893654 0 13.61835718154907 727.9213543012738 33.30782292038202 6178.082651712 67.71436984837055 1932.87390049547 6.321305245161057 1855.938986174762 2393.90456981957 2.618097372353077 0.3755400329828262 0 0.3051109090447426 0 0.7224763780832291 0 0 0.1032019108533859 0.1590244323015213 0 0.1426945477724075 0.1224778220057487 0.1515629440546036 0.1960053145885468 0 121.6206485331059 6.035146802663803 3.120622619986534 0 0 0.1955569684505463 2.37333844602108 0 0.1060868129134178 0.1472325176000595 0.3989720344543457 0.1469845026731491 0.09467536211013794 0.3519936129450798 0 0.09038447588682175 82.74409934878349 7.141042716801167 0.5864198431372643 0.2086216658353806 0.4586457014083862 0 0 0.1891298592090607 6.506786070764065 9.230859037488699 32.83994617313147 97.9772085249424 20.61088610440493 15.80425754189491 0 0 0.5981328710913658 22.14148170500994 10.16178371012211 6.51570950448513 2.263145141303539 1.459397844970226 0.9200551137328148 0.2901839911937714 10.98042333871126 0 0 69.79372841864824 29.93534386903048 22.75342474877834 14.61221403628588 1.557403519749641 1.887767598032951 8.750884272158146 0.5461075827479362 4.377585545182228 23.8588617220521 0.3820356130599976 4.797296226024628 6.270213868469 4.200834609568119 0.1166293248534203 0.4992549940943718 0 0.298092857003212 0.09942279756069183 0.089581198990345 0.2765728086233139 0.8245253786444664 75.16070387512445 0.5105645060539246 0 0.645666241645813 21.35458371043205 0.3006913959980011 0.1636519283056259 0.9925734996795654 1.435728996992111 0.7207567542791367 49.065220490098 0.545277014374733 2.157565519213676 9.239550925791264 4.655809186398983 1.850217714905739 35.44224487245083 37.59661944210529 12.94552832841873 16.77130089700222 0.0908581018447876 0 0 0.1358542442321777 0 0 0 0 0 0 0 0 0 0 0 0 0 0 0 0.6727435737848282 1.518909126520157 0 0 0 2.056705296039581 0 3.939297042787075 2.087423495948315 0 0 0 0 0 0 0 0 0.2251458168029785 1.047676272690296 0 0 0 0 0 0.08786007761955261 0.1438517719507217 0 0 0.5018943175673485 0 0 0 14.94593076407909 0.2363304942846298 0 0.2267047464847565 0 0 0.08941637724637985 0 0 0 40.18905119597912 0 0 0 0 5.638428673148155 0.4104298502206802 4.960531309247017 0.1312710493803024 0.6397581994533539 0.5118487700819969 0.6324834823608398 0.3445961475372314 0.2223505228757858 0 0 0 0.1000472754240036 0 0 0.1191505491733551 22.03328494727612 3.75614432990551 4.092544421553612 155.1039877384901 23.73733794689178 266.3243870809674 34.82766657322645 205.1378894373775 106.8527068644762 3.034258939325809 58.03961355239153 3.005083441734314 0.3381084948778152 2.547581039369106 0 2.506248846650124 0 0 0.5200856924057007 1.542719885706902 0.400311678647995
202.8970937281847 599.4215486422181 44.02253274619579 185.6160061508417 13.61835718154907 0 200.7350500822067 1.589809864759445 78.00405756384134 316.4243832677603 14.36416976153851 103.0854367166758 202.9601171016693 115.0580659583211 0.668065220117569 0.2316511049866676 0.1110376417636871 0 0 0 0.2079018652439117 0.7769578993320465 0 0 0 0 0 0 0 0 15.79786887764931 0.7553402557969093 32.87622413039207 0 0 0.3137655258178711 63.63265670835972 0 16.61288161575794 0 0 0 0 0 0 0 3.533375859260559 0.1625279784202576 0 0 0 6.442779697477818 1.829707592725754 0 0 0.8590213879942894 77.68303445726633 75.78074267506599 1.328725665807724 1.141926638782024 0 3.306633859872818 0.6110708191990852 0 0 0.1139304414391518 0.09081289917230606 0 0 0 201.447305418551 48.4007207006216 6.432441160082817 10.44588902592659 0.5561485439538956 0.6663996949791908 0.2481362223625183 0.7071069851517677 0.3048814535140991 26.49389097839594 0.08572141826152802 12.01568150520325 0.5396120548248291 2.168734759092331 0.1137449145317078 3.845599614083767 0.1676324009895325 8.931904554367065 0.889946311712265 17.61325431615114 0 0.6055854856967926 0 0 0.4475030303001404 475.3614730685949 129.5273854285479 22.80441465973854 43.6567235738039 521.104220315814 0 0 0 0 0.1562472730875015 1.079910188913345 0 0 4.2671207934618 1.654899597167969 0 0.5578608810901642 0.4514654874801636 0.7938841879367828 0.8298963606357574 0 0 0 0 0 0 0 0 0 0 0 0 0 0 0 0 0 0 0 0 0 0 0 0.1895661354064941 0.1365248262882233 0 0.2862452566623688 0 0.1199788674712181 0 0 0 0 0 0 0 0 0 0 0 0 0 0 0 0 0 0 0 0 0 0 0.5484975948929787 0 0 0 0 0 0 0 0 0 0.7099678367376328 0 0 0.1082910150289536 0 0.2694314047694206 0.1719974875450134 0 0 0 0 0 0 0 0 0 0 0 0 0 0 0.5574897900223732 0 0.4137832596898079 10.60188666731119 1.14145765453577 6.52107747644186 0.3828154131770134 149.9032013714314 7.555029928684235 0.114890530705452 0.5306416004896164 0.1229495629668236 0 0 0 0 0 0 0 0.1473294943571091 0
877.2203739657998 2447.928536765277 72.49553488194942 354.9919301569462 727.9213543012738 200.7350500822067 0 5.587823569774628 378.9775657504797 1243.700064532459 36.70378655940294 341.8166875839233 2467.679135203362 517.4240319281816 3.73498473316431 0.8067117854952812 0.6930383145809174 0.5985006093978882 0 0.4361653476953506 0.6089718192815781 0 0 0.343406654894352 0.1044508665800095 0 0 0.7180015817284584 0 0 121.83848503232 4.062160164117813 4.797769784927368 0 0.5357732325792313 0.1061971411108971 2.81050568819046 0 0.2183732688426971 0 0.3445315659046173 0 0.3293948844075203 0.1147170662879944 0 0.2555284053087234 102.7987735942006 8.128428488969803 0.7476185113191605 0.1091873273253441 0.5640880763530731 0 0 0.2523455694317818 8.939257249236107 12.9251611083746 58.73314856737852 245.3176699876785 30.75964123755693 21.97811476886272 0.1326226741075516 1.364272326231003 0.9376119449734688 22.24350897222757 12.14249510318041 9.547312267124653 2.576171435415745 4.418792836368084 1.374353386461735 0.1353446692228317 18.80657682567835 0 0 108.2371209189296 32.56359460949898 26.19550067931414 11.5034269168973 2.757551029324532 2.203668184578419 10.92635654658079 1.08465564250946 2.472527630627155 32.99726445972919 0.8361741676926613 4.351344712078571 7.683144256472588 4.484933607280254 0.3624931499361992 0.4739939123392105 0 0.106362983584404 0 0.8790948614478111 0.239844061434269 0.341602623462677 327.1189204901457 1.766080781817436 0.1741915941238403 0.4730511754751205 117.1044583022594 0.458765059709549 0.4073954075574875 6.398977994918823 6.572014093399048 0.7743499577045441 52.38667494803667 1.100182503461838 4.711708381772041 17.2838649302721 15.68695396184921 3.436452813446522 66.01880683004856 66.77683985233307 22.28780192136765 22.21051174402237 0.1996658891439438 0.1230359449982643 0 0 0 0 0 0 0 0.815944492816925 0 0 0 0 0 0 0 0 0 0.7396720349788666 1.468604043126106 0 0 0.09287527948617935 3.609727531671524 0 11.09111215919256 0.7972401976585388 0 0 0 0 0 0 0 0 0.8743829876184464 1.953030250966549 0 0 0 0 0 0.08284885436296463 0.2004402577877045 0 0 0.73218634724617 0 0 0 25.71093966066837 1.164703100919724 0 0 0.1947793513536453 0 0 0.1061479523777962 0 0 58.84923887997866 0 0 0 0.1002872660756111 9.027560219168663 0.541744738817215 2.518347546458244 0.3130023777484894 0.3297305777668953 0.3455521166324615 0 0.5611817091703415 0 0.1794033646583557 0 0 0 0 0 0 48.79796822369099 10.29201947152615 4.847637444734573 170.8363545462489 29.07395602762699 275.552148193121 28.54555661231279 557.8868935033679 114.5717901289463 3.883960872888565 62.08825956285 2.243643820285797 1.002529978752136 3.030118107795715 0.1196877136826515 4.976259022951126 0 0 1.927008107304573 1.038985788822174 1.310463964939117
135.4700748473406 75.57262916862965 1155.753126136959 2.542221419513226 33.30782292038202 1.589809864759445 5.587823569774628 0 118.7748302966356 2.259792201220989 2463.772081978619 8.371987611055374 91.2077127173543 237.204767152667 12.48875007778406 7.99783980101347 2.96006716042757 0.3105950504541397 0.1394809633493423 9.958008974790573 22.06048415601254 0 7.814697004854679 15.04620036482811 5.605117507278919 16.74348455667496 1.765000112354755 4.122241012752056 0.561152458190918 4.780002258718014 2008.056005321443 934.5375410690904 92.0749776661396 18.98539811372757 25.94725206494331 16.23680528998375 36.06596796959639 0.4356066808104515 0.9289496392011642 1.848087280988693 13.54137695580721 2.066806204617023 3.184563487768173 2.061418004333973 0.130480095744133 11.64531391859055 105.4023430272937 7.35129551589489 1.040702611207962 1.087791405618191 0.9376151785254478 0.5139104574918747 0.1256791055202484 0.7390246838331223 10.22866274416447 13.22145799919963 66.85557446628809 548.6330967545509 24.72015482187271 24.55055825412273 55.94305572658777 26.09198607504368 72.02633810043335 374.5340483933687 12.52263702824712 8.621885020285845 3.026000078767538 4.085289314389229 5.217915765941143 15.5010744407773 36.1189456731081 2.853257596492767 0 158.1393248066306 90.01146564632654 44.28077159076929 33.2897978797555 8.135102391242981 631.2883556485176 1781.25098041445 33.56646525859833 709.7711497694254 28.60297629982233 1.057717300951481 5.058386623859406 6.441492166370153 5.678222335875034 0.09065814316272736 0.2493807449936867 0.1928631067276001 0.5321304798126221 0.2717319950461388 2.501632452011108 1.449047945439816 2.671895384788513 27.32248842716217 3.654862597584724 0 0.6783870756626129 79.06115743517876 0 0 0.291559562087059 0 0.1642043143510818 0.9430366307497025 0.111187607049942 0.3735607042908669 0.2759501859545708 0.4991963878273964 0.2699398547410965 3.329716704785824 5.815017208456993 4.150303475558758 3.381270557641983 0 0 0 0 0 0 0 0.1261455416679382 0 0.2602199614048004 0.3351837322115898 0 0 0 0 0 0 0 0 0.5447193384170532 0.7169973030686378 0 0 0 2.469266667962074 0.1542162746191025 5.407394140958786 2.051965303719044 0.2000510171055794 0.3414463847875595 0.1043763235211372 0 0 0 0.1124995946884155 0.2457835897803307 0.508765310049057 1.56206888705492 0 0 0 0 0.6021774560213089 0.08423122018575668 0 0 0 0 0 0 0.3782953321933746 7.961242660880089 0 0 0 0 0.1090105623006821 0 0.09394550323486328 0 0.1140932962298393 12.3126432672143 0.2833934724330902 0 0 0.225896954536438 2.708955496549606 1.063647218048573 2.372486002743244 0 0.1651053726673126 0.285148948431015 0.1416879743337631 0.1318366527557373 0 0.08129957318305969 0 0 0 0 0 0 3.446040108799934 6.30775947868824 6.498736776411533 129.7405149713159 21.25305093824863 215.0725725963712 26.58074067533016 130.8007897734642 59.38940344005823 2.906335406005383 36.67717988044024 2.471845872700214 0.6247742474079132 1.243816755712032 0 2.091244921088219 0.1339769214391708 0 0.1211396381258965 1.707263462245464 1.257117375731468
147.0040198341012 2452.726344294846 526.3388441950083 46.49239816516638 6178.082651712 78.00405756384134 378.9775657504797 118.7748302966356 0 777.675058491528 966.6812605336308 132.9576105177402 1239.189837172627 1449.880227096379 17.12477014958858 2.224100269377232 2.363255679607391 0.1163773164153099 0 1.821821041405201 0.8396919369697571 0 0.2255462408065796 0.1096213608980179 0.1250074952840805 0.65436802059412 0 1.005165621638298 0.1299969851970673 0.1783531904220581 132.0628276467323 25.73355383425951 14.48519942909479 0.2308532893657684 0.2951215505599976 0.2044190317392349 12.55117592215538 0 1.822570860385895 0.1085478812456131 1.476172551512718 0.3911444842815399 0.6692696437239647 0.8640753403306007 0 0.8146166503429413 189.169967353344 12.4675339832902 0.8464616909623146 0.7248345091938972 0.9391060918569565 0.6074928492307663 0 0.5036488994956017 11.35258001834154 21.97036739811301 78.61375694721937 169.1817952692509 46.90001976490021 29.4997933357954 0.9607637077569962 1.794583901762962 1.50989730656147 50.8737168982625 19.9563450589776 14.80183878540993 5.140110984444618 5.250668033957481 1.318520359694958 0.4918424710631371 46.42309021949768 0.7697923928499222 0 133.4643296077847 51.34017861634493 63.19557913392782 47.52027553319931 6.103976175189018 4.95379775762558 24.04489413648844 1.657475180923939 12.78305294364691 44.01714647561312 1.403705783188343 8.831309467554092 10.56024011224508 4.426402024924755 0.2627267092466354 0.9504414796829224 0.1815326288342476 0.2587858065962791 0.2813102751970291 0.7121711894869804 0.2787325903773308 0.6437449157238007 478.0201115831733 3.881136760115623 0.1621974110603333 3.228555843234062 35.61012641340494 0.9712583795189857 0.7768929898738861 10.78467675298452 8.32643149793148 1.459188610315323 150.053301513195 2.153512045741081 12.58272320777178 38.83359513431787 39.13194223493338 10.78463750332594 212.2190410420299 185.2965747267008 75.30183863639832 70.52940488606691 0.3975273221731186 0 0 0.2718952596187592 0 0 0 0 0 0 0 0 0 0 0 0 0 0 0 1.494653038680553 4.463488288223743 0 0 0.2244454473257065 13.77520616352558 0.3476811051368713 29.71254551410675 2.166453927755356 0 0 0 0 0.1129266694188118 0 0 0 2.823746480047703 7.483198836445808 0 0 0 0 0.1776543334126472 0.07766766846179962 0.6951793730258942 0.4192087724804878 0.3251475766301155 1.742763660848141 0 0 0 74.26376166194677 1.493324108421803 0.5943681299686432 1.281408131122589 0.2091864794492722 0.5002049282193184 0 0.09012268483638763 0.1230299919843674 0.188458114862442 171.5019325017929 0 0 0 0 33.4081367701292 4.262988530099392 10.98242102563381 1.641534350812435 2.431037314236164 1.981824576854706 1.554667606949806 0.4014039561152458 1.083283603191376 0.2114579454064369 0.09195233881473541 0 0 0.07931075245141983 0 0 120.2595902457833 19.29290464520454 23.92832668125629 578.5447236225009 64.74010671675205 715.6337157636881 107.793496824801 475.5866562947631 287.0242818593979 5.133087746798992 241.6988652944565 13.35187956690788 0.4953140914440155 6.76821544021368 0.681359738111496 9.808932721614838 0.5677406266331673 0.3669174611568451 4.265571586787701 6.488301955163479 3.831581071019173
952.0562189817429 542.9222302734852 12.94044541567564 1295.44663067162 67.71436984837055 316.4243832677603 1243.700064532459 2.259792201220989 777.675058491528 0 51.95882856100798 1886.515775978565 5848.856421239674 1834.376379407942 2.323988504707813 0.6495728492736816 0.9949889183044434 0 0 0 0.2438102811574936 0 0.706808477640152 0.6482237130403519 0 0.7218559980392456 0.1583089828491211 0.3514360785484314 0 0.1226187646389008 12.32257467508316 1.563163913786411 13.39544400572777 0.5414179563522339 0.6166287362575531 0.8984046280384064 20.79060821980238 0 0.4490795433521271 0.1418278068304062 0.2101982533931732 0 0 0.5942871272563934 0.2429415285587311 0.1969413459300995 20.3867689371109 1.186745464801788 0 0 0 0.1386317610740662 0 0.2358405590057373 0.9805335626006126 2.093988433480263 13.53437816351652 41.72875306755304 7.413115561008453 2.575318425893784 0.4317834004759789 0.5910475701093674 4.259581029415131 3.196994006633759 2.065084703266621 1.469451859593391 0.2292180731892586 0.5435699000954628 0.3099692463874817 0 422.9597918540239 2.715057611465454 0 16.94025915116072 5.876575991511345 5.974735610187054 3.06109344959259 1.010338522493839 0.509940579533577 12.94980935007334 0.7585150152444839 5.263647072017193 4.591475211083889 0.0826757401227951 0.5654545798897743 1.458288088440895 0.4171378761529922 0 0.09239231795072556 0 0.1010590195655823 0 0.2367822229862213 0.1677776128053665 1.682431221008301 844.0653551965952 8.886591017246246 0 1.608021765947342 106.3559968471527 0.496119923889637 0.08580709248781204 5.189710557460785 6.608729287981987 0.4754014611244202 88.90896185487509 0.6282478123903275 4.509606726467609 67.07648625969887 37.11512330174446 3.085150212049484 73.86328406631947 73.7221167832613 22.80555512011051 25.2226929590106 0.1472793817520142 0 0 0 0 0 0 0 0 0 0.3343868255615234 0 0 0 0 0 0 0 0 0.6484269201755524 2.213729538023472 0 0 0 3.402814023196697 0 7.366075277328491 0.3326054215431213 0 0.2153531312942505 0 0 0 0 0 0 1.389646098017693 0.8488715887069702 0 0 0 0 0 0 0 0 0 0.3520138710737228 0 0 0.1343580037355423 19.20029401034117 0.09332390129566193 0.1111830323934555 0.3093256801366806 0.2268169820308685 0 0 0 0 0 55.10172139108181 0.2322600781917572 0 0 0 9.779659740626812 0.7678842768073082 4.06688866019249 0.5137520357966423 1.113332904875278 0.7286136746406555 0.2502849027514458 0.2651562690734863 0 0 0 0 0.222761943936348 0 0 0 49.82098133116961 5.869409710168839 6.706908494234085 75.31940506398678 6.377246685326099 64.92598960548639 9.303805321455002 273.1038048937917 25.94231748580933 0.5257976353168488 30.01788615435362 0.761781319975853 0 2.169909119606018 0.3993482887744904 3.395896807312965 0.3237383663654327 0 0.375785157084465 1.227956712245941 0.3803348392248154
518.7538309693336 2685.376911297441 4759.779601089656 13.56153260916471 1932.87390049547 14.36416976153851 36.70378655940294 2463.772081978619 966.6812605336308 51.95882856100798 0 483.8744278475642 2605.251307450235 5447.574287742376 34.55502832680941 9.477965421974659 4.903540544211864 0.393977552652359 0 0.7787541970610619 1.79109974950552 0.4510446190834045 1.681083649396896 2.124553233385086 4.149551965296268 2.368751525878906 1.585179507732391 1.123640008270741 0.8293844237923622 1.744243264198303 782.0588077828288 300.9685924723744 721.449665337801 4.954181581735611 9.84061936289072 9.568223692476749 202.9710626751184 0.1017435789108276 2.541920602321625 0.5858685970306396 6.870803497731686 1.999103188514709 0.3188915625214577 1.12814936041832 0 1.294164851307869 197.6903586387634 10.17010246217251 1.679469995200634 0.6887990608811378 1.205617673695087 0.3228435218334198 0.3737958818674088 0.6228802800178528 9.873060517013073 16.65908801183105 58.3218217715621 179.0499402433634 33.42725386470556 34.08432991057634 4.478886589407921 3.74452256411314 34.15505304932594 68.62910620123148 17.8373109921813 12.96565890312195 4.488037019968033 5.54933001101017 1.677399680018425 5.24121618270874 508.9276484176517 3.202914707362652 0 117.9855710864067 67.43594176322222 79.17466620355844 80.48933704197407 15.22209653258324 157.716118298471 631.0792633295059 1.621493019163609 154.8007197603583 39.18394879251719 0.5926619470119476 7.497632160782814 9.908622685819864 4.827201493084431 0 1.127580694854259 0.1608902215957642 0.9067479446530342 0.50880166888237 0.7182542681694031 1.021865248680115 1.709742374718189 269.4661055207253 13.24328914284706 0 4.057185679674149 59.34949184954166 0.4288152530789375 0 1.986151576042175 0.9073367118835449 0.5141821801662445 30.14139960706234 0.7864837497472763 2.649571418762207 7.879284575581551 6.425189428031445 3.473424009978771 33.10352804511786 38.0741450637579 21.52219382673502 23.8746470734477 0.7120915651321411 0.1514775454998016 0 0.2242006361484528 0 0 0 0 0 0 0 0 0.09539215266704559 0 0 0 0 0 0 0.4726652279496193 1.529240652918816 0 0 0 8.293658129870892 0 14.52843096107244 2.209900453686714 0 0.4240005686879158 0 0 0 0.1155462488532066 0 0.1625913828611374 0.99392419308424 2.63733171671629 0 0 0 0 0.1155136674642563 0.3005267679691315 0.6463660448789597 0 0 0.2006881535053253 0 0 0.1082313805818558 32.62623013556004 0.1859581917524338 0.1162527725100517 0.2189175263047218 0.07622310519218445 0.3207541108131409 0 0.1796186864376068 0 0.2255337834358215 66.18679105490446 0 0 0 0.129530057311058 7.712898679077625 0.6152470856904984 10.28817592561245 1.67122545838356 0.1014655530452728 0.5788453817367554 0.4548226594924927 0 0.178686760365963 0 0 0 0 0.08405032753944397 0 0 20.98031751811504 15.9282810986042 15.60509887337685 479.1572046875954 67.98855460062623 652.2393695302308 107.237292945385 265.2658899351954 235.2899072170258 5.665513537824154 193.574224986136 4.320898495614529 1.221162848174572 4.466373637318611 0.7299724519252777 4.255173854529858 0.4988734349608421 0.1940170973539352 0.9425437450408936 5.828749269247055 5.717735536396503
418.9902315437794 42.35944168269634 5.520515233278275 1353.279843240976 6.321305245161057 103.0854367166758 341.8166875839233 8.371987611055374 132.9576105177402 1886.515775978565 483.8744278475642 0 3059.024272061884 1100.891045361757 7.616882890462875 4.02980325371027 1.499274984002113 0 0 0 0.1359383761882782 0 0.862706758081913 1.041332885622978 1.817418664693832 0.7781220749020576 0.7982384115457535 0.1556553393602371 0.2830928266048431 0.9516115859150887 3.580168217420578 4.516236342489719 26.43928605318069 0.9790460020303726 4.052728861570358 1.109594523906708 156.5495898574591 0 2.571321338415146 0.5055238977074623 3.789000302553177 0.5167190730571747 0 0.3560853004455566 0 0.6752505749464035 20.14169153571129 0.6554227620363235 0 0 0 0 0 0.4796823859214783 0.2426122054457664 0.5254728943109512 6.520689271390438 10.40588998794556 3.168364673852921 2.570403054356575 0.7728507220745087 2.932364583015442 10.93491248786449 2.582176722586155 0.9983538761734962 0.6717266067862511 0.236207015812397 0.4173933044075966 0.1894754469394684 1.676282525062561 385.2750475034118 0.749585285782814 0 11.71403154730797 2.73353860527277 7.272082380950451 7.851137913763523 1.703796736896038 0.795093759894371 43.00814347714186 0.1052868664264679 9.383409559726715 3.070580549538136 0 0.4661524966359138 0.3114977106451988 0.1785829141736031 0.1312200278043747 0.08658250421285629 0.1247823983430862 0.4288497269153595 0.1273232251405716 0.4194187968969345 0 0.626279279589653 999.616372384131 16.81450349092484 0 11.04252038896084 23.5831106454134 0.8290189355611801 0.3498173952102661 4.906335189938545 2.615850731730461 1.036167196929455 81.29710043221712 1.744815438985825 11.07257718592882 52.8328293338418 27.46052397042513 7.011958941817284 93.68357688188553 106.4233842045069 43.79609994590282 36.77777668833733 0 0 0 0 0 0 0 0 0 0 0 0 0 0 0.1339326500892639 0 0 0 0 2.800959087908268 2.125877045094967 0 0 0 11.41344781965017 0 14.18278296291828 2.672219336032867 0 0.5860522389411926 0 0 0.103410392999649 0 0 0.184098482131958 1.883010037243366 4.103880353271961 0.2082499489188194 0.3458247780799866 0 0 0 0.1080223768949509 0.4289729967713356 0 0.9466301575303078 0.7240041941404343 0.2944202423095703 0 0 56.3580377548933 0.5428801476955414 0.4832359701395035 0.4377679973840714 0.2375193387269974 0.2345890179276466 0 0 0 0 93.18150326609612 1.090991899371147 0 0 0 21.9239150583744 1.771185524761677 7.958833731710911 1.514040157198906 0.199686236679554 0.9629286751151085 0.5253622978925705 0.2026550695300102 0.2680878713726997 0 0 0 0 0 0 0 57.00977613031864 14.63943495601416 16.03013064712286 163.294973731041 6.810107693076134 63.98163212835789 16.32183410972357 104.1491117998958 29.2774465456605 0.3537134304642677 49.56189674884081 5.025634944438934 2.076836422085762 7.430713929235935 0.4641671404242516 7.507276095449924 0.6826257854700089 0.1063428819179535 2.742331631481647 1.215570151805878 0.9538135826587677
410.0718160271645 1832.520166777074 103.49239975214 1596.155396327376 1855.938986174762 202.9601171016693 2467.679135203362 91.2077127173543 1239.189837172627 5848.856421239674 2605.251307450235 3059.024272061884 0 3300.294204063714 35.17565170675516 11.05574807524681 5.924095936119556 0.3411335870623589 0 0.8053939267992973 1.243831947445869 0 1.837035119533539 2.547304473817348 3.013526573777199 2.216176569461823 1.226842790842056 2.16442009806633 0.4356748163700104 1.009541936218739 52.93652211874723 23.0927767008543 219.0142354592681 6.83103846758604 8.203429192304611 7.261184051632881 45.54024598002434 0.3438501805067062 6.769680619239807 1.338675059378147 7.668416440486908 2.34837793558836 0.6573357880115509 1.512370549142361 0 0.9047684594988823 110.3664656728506 6.267993420362473 1.44362223893404 0.2034471556544304 0.2840769961476326 0.2978326231241226 0.2367571443319321 1.363681457936764 7.104103863239288 9.151272855699062 32.87799026072025 69.8758354857564 19.52204240858555 18.31137470155954 1.984474115073681 6.238537862896919 30.01844573020935 25.49345506727695 9.169489655643702 7.407547201961279 2.346581153571606 3.496536262333393 1.828142881393433 3.18484990298748 192.8580306768417 5.179850339889526 0 51.76567060500383 27.40662092715502 52.34869586676359 54.97552361339331 9.559175170958042 2.369930721819401 460.4828189536929 1.528747484087944 27.63990911841393 18.36301681399345 0.1693760901689529 4.654395274817944 5.587169758975506 4.241203173995018 0.1190206557512283 0.5560032427310944 0.2367277517914772 0.5032166764140129 0.2263151630759239 0.838450089097023 0.4356713518500328 1.304430067539215 2323.673642285168 41.86263281106949 0.3565652072429657 11.63925403356552 42.22131559997797 1.410825856029987 0.4811890572309494 11.20047434419394 10.27114487439394 2.899952098727226 204.3369973599911 3.69967445731163 23.33879899978638 78.79315487295389 62.93722656369209 14.92432557791471 247.4857657402754 264.7133049890399 96.92112306505442 117.2379262819886 0.664237380027771 0.2346215397119522 0 0 0 0 0 0 0 0.1839251816272736 0.1175466403365135 0 0 0.1273079961538315 0.1406308859586716 0 0 0.1006681844592094 0 3.953493677079678 10.08601653575897 0 0 0 21.49295421689749 0.639433965086937 49.65507862716913 7.292802445590496 0 0 0.7030321657657623 0.2433076053857803 0.4685974717140198 0.379983514547348 0 0 7.859812058508396 8.412129260599613 0.4120673686265945 0 0 0 0.3937191814184189 0.3136323988437653 0.4741799831390381 0.3224006146192551 0.11233951151371 2.725901715457439 0 0 0.3540945947170258 115.1783776283264 0.2346210479736328 1.226984731853008 2.391904130578041 0.5018951371312141 0.2142079472541809 0 0.08531226217746735 0.8377218842506409 0 291.1483259126544 0.1270539462566376 0 0 0.1013087779283524 45.11528108268976 9.044407278299332 22.36488284915686 2.835199795663357 1.756112195551395 3.302587397396564 1.974850684404373 1.7355647534132 0.85860276222229 0.3760165274143219 0 0 0.09116614609956741 0 0 0 174.6210999935865 49.28242345899343 49.39498245716095 546.6281983554363 63.37604044377804 403.6221229508519 94.73245542496443 381.4335068315268 171.2167237102985 3.705422714352608 216.1148807778955 16.30329834669828 1.47731514275074 13.91828715801239 1.22396719455719 17.94305311888456 2.149468846619129 0 5.393701888620853 7.245143912732601 5.324025541543961
256.16230558604 690.9469261094928 241.4306765198708 724.9649467542768 2393.90456981957 115.0580659583211 517.4240319281816 237.204767152667 1449.880227096379 1834.376379407942 5447.574287742376 1100.891045361757 3300.294204063714 0 42.1316828802228 14.10816258192062 9.056025169789791 0.1975061967968941 0.09408333897590637 1.329127170145512 2.877975665032864 0.1446553617715836 1.893399313092232 3.173079565167427 4.723796486854553 3.311042509973049 1.986363351345062 1.777266979217529 0.1159067153930664 1.957596227526665 75.98196050524712 50.92210379242897 249.3900102078915 8.942143656313419 13.45483872294426 6.601807750761509 323.3048617020249 0 4.756554372608662 0.9265947863459587 8.609273679554462 1.28112331032753 0 2.47895859181881 0 2.382713720202446 152.4141710549593 5.179660841822624 1.343058601021767 0.610577329993248 0.6043044850230217 0.1213172301650047 0.4897248595952988 0.491484172642231 4.373481303453445 7.232298459857702 33.65023938566446 63.04310159385204 20.22466453909874 20.46147154271603 2.960739478468895 6.843924604356289 37.34268144518137 34.21758421510458 7.053105715662241 8.212478127330542 2.246039927005768 3.175964817404747 1.536329463124275 9.348904311656952 404.0793771073222 2.889472261071205 0 66.21966767311096 29.36621404439211 68.84985498338938 75.02986603975296 13.33530893176794 6.450506418943405 717.1036707386374 1.197375915944576 37.62062564492226 17.84177558124065 0.5738017857074738 4.839783869683743 6.088660575449467 3.148866251111031 0.166755348443985 0.62857486307621 0.2882108688354492 0.2119890004396439 0.1323258131742477 1.882652916014194 1.205541335046291 1.874709658324718 1295.892738990486 28.24372541159391 0 11.17726753652096 30.88225440680981 0.9168751686811447 0.6082814559340477 12.61786701530218 7.990893363952637 2.235718876123428 156.1245285645127 2.065150983631611 17.21983603388071 50.52832954376936 35.83554250001907 13.17318894714117 197.2499603405595 183.2779028713703 86.42874617874622 86.93193313479424 0.4069177657365799 0.2885043546557426 0 0 0 0 0.3740935996174812 0 0 0.1086566522717476 0.264099583029747 0 0.109617792069912 0.1755248159170151 0.1470441371202469 0.4841967076063156 0 0.1412165760993958 0 3.693788528442383 5.718727342784405 0 0.1419467031955719 0 18.49505454301834 1.036953255534172 39.18478565663099 5.421446427702904 0 0.1875515729188919 0.346277542412281 0 0.1153179109096527 0.6111612021923065 0 0 3.552534252405167 7.02846572548151 0 0 0 0 0.1159518584609032 0 0.9731651842594147 0.2552445158362389 0.4443424344062805 1.64070551097393 0.1090338826179504 0 0 99.15019784122705 1.267432525753975 1.094812259078026 0.7162234783172607 0.2021767199039459 0.5080021992325783 0.3556861579418182 0.09791912138462067 0 0 229.2971571162343 1.438598215579987 0 0 0 43.46220854669809 3.89614924043417 18.75683011114597 1.877111956477165 1.943254411220551 3.863947659730911 1.411622896790504 1.001023903489113 0.5771058648824692 0 0 0 0 0 0 0 128.9686387777328 32.66754630208015 35.86464215070009 850.9274305850267 63.04765437543392 587.2027443572879 128.7870349436998 313.9098261445761 247.4201566725969 4.351831987500191 313.7050423845649 13.92194867134094 2.740437977015972 11.67959602177143 0.8601510673761368 17.47929891198874 0.989939421415329 0.4911328852176666 5.771566823124886 9.573051430284977 3.947992563247681
