0 2215.412192054093 328.089729949832 905.6168155297637 96.06062496453524 160.3365201205015 631.7586661577225 25.11950386315584 6.114695191383362 2174.862639456987 65.98713654279709 484.8503848239779 122.8768972307444 19.17433743178844 13.84248591214418 1.999295607209206 0.361825056374073 0.1313599199056625 0 0.09853298962116241 0 0 0 0 0.7626685500144958 0 0 0.1139314994215965 0 0 387.592976860702 2.101688794791698 6.922412812709808 0.1008889451622963 0 0.3291220664978027 10.92150837182999 0.4486289620399475 0.3716548159718513 0.2454905360937119 0.1011297851800919 0 0.1053601056337357 0.535372219979763 0.1792904511094093 0.1261336356401443 22.50122106820345 2.276813998818398 0 0.7428900301456451 0.1048897355794907 0 0 0 12.7131736651063 3.457401961088181 215.4768720194697 1041.883293256164 50.43664747476578 20.7035619020462 0.2783571779727936 2.366519458591938 0 23.04725337773561 5.341971211135387 2.440272502601147 0.6819523647427559 5.230939485132694 0.6264423355460167 0.4772657677531242 3.398949213325977 0.8270573765039444 0 361.0227075889707 189.1967944279313 159.891611084342 15.77261690050364 1.709396570920944 0.3189796805381775 17.49181890487671 0.6996409073472023 4.285612367093563 28.78836975246668 0.3995881676673889 6.094522222876549 2.96035773307085 1.629559829831123 0 0.1694193109869957 0 0 0 0.2998077049851418 0 0.3177876099944115 43.8408602848649 0.4866946488618851 0 0 1574.83080111444 0 0 1.167633086442947 2.09113222360611 0 11.24300620704889 0 0.5068086087703705 34.44901657104492 1.054223775863647 0 2.364080831408501 2.121364131569862 2.896012544631958 0 0.1888004988431931 0 0 0 0 0 0 0 0 0 0 0 0 0.6795828938484192 0 0 0 0 0 0 0 0 0 0 2.106972351670265 0 0.8801669180393219 0.2632561400532722 0 0 0 0 0 0 0 0 0.9722831845283508 0 0 0 0 0 0 0 0 0 0 0 0 0 0 0.9816127717494965 0 0 0 0 0 0 0 0 0 3.82512791454792 0 0 0.1204167455434799 0 0 0 0.29001784324646 0 0.9990435242652893 0 0 0 0 0 0 0 0.09789775311946869 0 0 0 0.5460569560527802 0.7701740935444832 0.9704152494668961 163.6958334967494 13.64833854883909 124.0360192283988 16.74893186986446 1591.996507592499 59.35478615015745 2.563050799071789 30.35599198192358 4.821151822805405 0.2136466652154922 0 0.8872198462486267 2.75542289018631 0 0 0 0.828551858663559 0
2215.412192054093 0 1225.165202409029 726.9478353857994 3952.249302253127 279.3499859720469 2938.615794189274 542.7372501716018 1422.168891258538 637.8099324926734 1596.922391712666 279.3566404730082 453.0948264375329 746.8551073893905 127.5248363688588 23.10869289934635 3.595306217670441 0.4356865435838699 0.1092612594366074 1.910174869000912 2.270076580345631 0.1003214716911316 0.3841487914323807 0.1052700057625771 4.768491931259632 1.172557562589645 0.3302232548594475 0.8211624622344971 0.7444164156913757 0 2497.052837759256 41.75511473417282 73.19738353788853 0.8917505592107773 0.2864150553941727 2.346779458224773 116.8380800113082 3.53923100233078 2.483564898371696 4.431590363383293 1.217353239655495 1.286816082894802 1.57073051482439 5.337392359972 1.918617613613605 1.638500779867172 133.8196941837668 9.053332418203354 0.8922272548079491 3.432264566421509 0.4878894910216331 0 0.1272285580635071 0.3119822591543198 25.65236210078001 8.031465917825699 111.2299161106348 1054.100796848536 65.43514271080494 71.93096287548542 1.230140820145607 17.91740044206381 2.262951388955116 240.8000100031495 14.17802687734365 7.836731359362602 1.48914135992527 15.70681154727936 6.562375135719776 8.231579400599003 68.4883815869689 1.394385740160942 0 617.5265574157238 424.7300533652306 719.953129209578 213.1564445644617 23.00866384059191 9.658607944846153 192.2945814356208 2.173646293580532 37.68516904860735 64.95105467736721 0.208821214735508 12.37408997863531 8.454851865768433 6.905086562037468 0.09317400306463242 0.4517755061388016 0.1120640635490417 0.3049580678343773 0.3959706351161003 2.39119465649128 1.588108114898205 0.3042138665914536 93.89009367674589 4.793295204639435 0 2.310922563076019 1662.337822452188 0 0 0.5531641766428947 0.8942736089229584 0.4180340096354485 30.37058576196432 0 4.602930448949337 58.95962630957365 4.001115545630455 0.8365647792816162 14.91773566603661 10.73732579499483 6.262937560677528 3.161875203251839 0.375356525182724 0.370784766972065 0 0 0 0 0.1209186017513275 0 0.1296844333410263 0 0.2051653563976288 0.1541877090930939 0.125224769115448 0 0 0.2848758101463318 0.1093548759818077 0 0 0.9537192434072495 0 0 0 0 9.598842307925224 0.2100150883197784 2.491346597671509 0.1032684072852135 0.09878617525100708 0 0.0924709364771843 0 0 0 0 0.130981057882309 0 1.035138577222824 0 0 0 0 0.1375363320112228 0.08689375966787338 0 0 0.5276764035224915 1.306702256202698 0 0.179644763469696 0 2.68666185438633 0 0 0.385994516313076 0 0.1817492097616196 0.0849183201789856 0.08521969616413116 0 0.09782944619655609 25.3713808581233 0 0 0 0.2748084515333176 4.802874013781548 0.8219921290874481 1.794113621115685 0.3698521256446838 2.048157840967178 0.367232471704483 0.1244784295558929 0.3502398803830147 0 0 0.08037425577640533 0 0.08308348804712296 0 0 0 3.825101122260094 4.136824890971184 3.721199557185173 467.2579177245498 55.76760246604681 534.2399145290256 75.76088201254606 1445.574983172119 166.7634685710073 10.91467018425465 129.9724899232388 20.57136853039265 1.77519378811121 3.270280621945858 0.9904721677303314 4.885847359895706 0 0 2.239872694015503 6.262558631598949 0.1553443074226379
328.089729949832 1225.165202409029 0 16.52016156166792 613.5237541347742 4.089709594845772 88.22088242322206 2277.683360993862 221.631922736764 9.26977151632309 2575.272719360888 19.2306500300765 66.66725482791662 256.3807181119919 53.49629499018192 25.93744594603777 35.13460168987513 12.46718861162663 2.852583512663841 35.01012389361858 16.14325359463692 0.110036313533783 1.136467486619949 1.679460033774376 5.412891373038292 1.274490334093571 0.2459330856800079 1.198458731174469 0 0.1280186623334885 3810.85423015058 267.4808983877301 46.91471713036299 9.297461524605751 0.4632784426212311 3.31036564707756 73.15154784172773 4.048230402171612 6.695246823132038 7.023884303867817 3.980965442955494 4.444286219775677 32.85482472926378 17.56008613109589 27.44288972020149 29.96244323253632 49.01749966293573 35.34639629721642 36.38577039539814 74.84598369151354 9.435563065111637 0.2558430358767509 0 0.3905820623040199 4.268336661159992 2.455206260085106 28.92500688880682 651.266836322844 13.76092021912336 13.41730593889952 11.70658452063799 14.31583224236965 8.918516226112843 331.3197302371264 2.596663929522038 8.619532488286495 0.9048179090023041 31.62855552136898 130.8318950459361 81.52761133760214 31.93705017864704 0.508115716278553 0 196.573454208672 263.9181048721075 173.3080444335938 89.20774087309837 21.91380370408297 330.4038048237562 1244.550383664668 124.3757522553205 823.6192080080509 13.12574040144682 0.2028930634260178 3.557342834770679 1.657397918403149 77.04936997592449 0.3363465964794159 0 0 0.1086454764008522 0.1962563246488571 21.44949060678482 1.85594791918993 2.258185744285583 14.67327635735273 4.538025073707104 0.1892495900392532 2.536299407482147 422.04264228791 0 0 0.5726151466369629 0 0 2.733726292848587 0.1288103759288788 0.3890436440706253 1.073800832033157 0 0 1.851955220103264 1.819006696343422 0.2259003818035126 0 0 0.315263032913208 0 0 0 0 0 0 0 0 0 0 0.1364269405603409 0 0.1167469546198845 0 0 0.1617369651794434 0 0 0 0 0 0 3.025177396833897 0.1529200226068497 1.260628297924995 0.6384902596473694 0.7848019450902939 0 0 0 0 0.2081816345453262 0 0 0 0.2036842703819275 0 0 0 0 0 0 0 0.09589575976133347 0 0 0 0 0 1.065522864460945 0 0 0 0.09206991642713547 0 0 0 0 0 5.171781644225121 0 0 0 0 1.091873615980148 0.1668258011341095 1.875457584857941 2.322362035512924 0 0.1751162111759186 0.1298897713422775 0.1979855448007584 0 0 0 0 0 0 0 0 0.2433247864246368 1.20123852789402 2.17029133439064 91.11248160153627 10.82428830862045 132.5270835161209 29.36383276432753 188.464483961463 34.06529890745878 2.35705941170454 44.65385542809963 4.547332882881165 0.3101260662078857 0.2575370371341705 0.1318656206130981 0.7916679382324219 0 0 0.3340932428836823 1.876829579472542 0.374886155128479
905.6168155297637 726.9478353857994 16.52016156166792 0 63.86209138482809 377.3362126648426 1073.369096927345 1.864801444113255 47.88931079953909 1989.586662113667 18.88225711882114 1564.246881023049 900.9394872486591 8.105640381574631 20.38324593752623 0.1798149347305298 0 0 0 0.1097358614206314 0 0 0 0 0.5239133089780807 0 0 0 0 0 65.20822285860777 2.352384313941002 0.9410908669233322 0 0 0.1013961285352707 5.77848707139492 0 0.4771411046385765 0 0 0 0 0 0 0 24.2412117421627 1.550738282501698 0 0 0 0 0 0.1072220578789711 6.358254313468933 1.082036778330803 13.52329440414906 111.7700186371803 11.26283542066813 14.47555583715439 0 2.324036285281181 0 32.55402815341949 2.569534629583359 1.391740597784519 0.08237039297819138 2.396560609340668 0.3118948191404343 0 20.8188388645649 0 0 93.76087825000286 64.87241700291634 154.2579271420836 36.68749995529652 0.6045441776514053 0.1231139153242111 2.91290145367384 0.1494569480419159 1.56863808631897 10.70423166453838 0.1089496910572052 3.04043010622263 2.456190153956413 0.7154837101697922 0.1049432754516602 0 0 0 0 0.192018061876297 0 0 111.0911310017109 2.030898943543434 0 0.5522878766059875 170.694332189858 1.568970084190369 0 3.553365081548691 0 0.8967710435390472 24.55006001889706 3.240891635417938 5.382712811231613 34.51656547188759 2.179088369011879 0.2778607308864594 13.97959210723639 12.27103225886822 10.17608353495598 2.056257620453835 0.4548085629940033 0 0 0 0 0 0 0 0 0 0 0 0 0 0 0 0 0 0 0.352678656578064 1.245756387710571 0 0 0 4.339089542627335 0 0.6523091495037079 0 0 0 0 0 0 0 0 0 1.250320583581924 0.514577329158783 0 0 0 0 0 0 1.071987569332123 0 0.5386950969696045 1.176486857235432 0 0 0 0.7285957634449005 0.1666145622730255 0 0 0 0 0 0 0 0 16.80268340557814 0 0 0 0 1.160801827907562 0.6594672501087189 2.680817037820816 2.105429649353027 0.2184077352285385 0.6152187511324883 0 0 0 0 0 0 0 0 0 0 1.799316823482513 2.481634914875031 1.294758856296539 158.2508623898029 13.3676536232233 114.5771361887455 12.35561670362949 598.9497813209891 40.07493818551302 1.387936025857925 27.06933804601431 6.39893364906311 0.1112624928355217 2.157483220100403 0.2602615654468536 5.644273981451988 0.1952125430107117 0 0 1.053756840527058 0.1426124274730682
96.06062496453524 3952.249302253127 613.5237541347742 63.86209138482809 0 21.31565445661545 1251.572740457952 332.8024451285601 11136.05381012708 190.4089709743857 1773.833560474217 124.1292858868837 694.5093445107341 846.7103057876229 179.4184774681926 25.86052774637938 2.18968840688467 0.1025267317891121 0.3940555229783058 0.4087161421775818 1.182246148586273 0 0 0.1066044047474861 1.885922327637672 0.9263827726244926 0.1095753163099289 0.2936603277921677 0.2328924536705017 0.08665918558835983 409.5055266097188 54.16246338188648 46.27219917625189 0.5596227794885635 0.1865293979644775 1.566493444144726 84.53965897858143 1.966480888426304 1.525523662567139 1.307459630072117 0.8608822524547577 0.2323775142431259 0.1310258954763412 3.648052677512169 2.706064857542515 1.486277282238007 195.5301321074367 6.548720948398113 0.5088026821613312 1.035670176148415 2.245702929794788 0 0.170383408665657 0.2834393382072449 14.32078276574612 4.639989994466305 15.135736733675 100.5981757864356 19.32547447830439 43.90816761553288 1.141823902726173 13.42818781733513 1.141655176877975 155.1649432256818 8.467813767492771 4.865938931703568 1.901919394731522 11.10757675766945 2.395005732774734 2.287646099925041 172.6343914791942 0.3987975642085075 0 168.7106772959232 109.536419481039 622.0612581074238 291.4042342379689 24.14852630347013 0.8680460751056671 60.06384519487619 2.771000705659389 12.47924894839525 29.55507697165012 0.3083695918321609 9.499801069498062 5.246153131127357 3.941351026296616 0 0.5253923162817955 0 0 0.4339216575026512 1.028978794813156 0.7902353778481483 0.3162005469202995 243.0594865977764 9.890683442354202 0 1.971610277891159 40.60444009304047 0.9713475257158279 0.294427216053009 10.5438954308629 5.709764868021011 1.555670276284218 157.8391620144248 4.142345026135445 35.67642179131508 46.22660624980927 17.8279812335968 2.823473818600178 104.860138297081 94.00594965368509 80.31928153336048 18.22448687255383 0.3420210033655167 1.10968804359436 0 0.2606933116912842 0 0 0 0 0 0.1238674446940422 0.1409139037132263 0 0.4611237868666649 0 0.3743934333324432 0.4897101074457169 0 0.1920631378889084 0 5.635924488306046 1.651188045740128 0 0 0 46.10143089294434 0.2382591515779495 11.52016353607178 1.155810996890068 0.3908857703208923 0 0.2882415354251862 0 0 1.183689951896667 0 0 2.192668341100216 3.077898487448692 0.8397070467472076 0 0 0 0.1582407653331757 0.3465156257152557 0 0 0.4399483203887939 1.026712387800217 0 0.4805828630924225 0 14.18251660466194 0.8766601532697678 0.3954296112060547 0.7138520926237106 0.2980933338403702 0.8154761865735054 0 0.4262012094259262 0 0 149.1329667270184 0.3643344938755035 0 0.09672864526510239 0.309637114405632 10.95785267651081 5.708598613739014 9.790083207190037 7.717207722365856 5.876732781529427 2.52849605679512 0.9025512337684631 1.120175078511238 1.04777193069458 0 0 0.2279959321022034 0.6829127222299576 0 0 0 25.31186126917601 21.9061376452446 15.73712851852179 622.5784568488598 62.19222239404917 527.577046148479 114.6827637404203 194.6444055885077 177.7430783435702 9.818733796477318 221.6070734485984 38.89451377093792 5.201241597533226 15.26150125265121 3.014700509607792 19.0355444252491 4.68379420042038 0.2569973766803741 6.871495738625526 15.93217174708843 1.645399749279022
160.3365201205015 279.3499859720469 4.089709594845772 377.3362126648426 21.31565445661545 0 158.9766050726175 1.778580144047737 20.27372283488512 713.5064661130309 12.86811546981335 197.4423323944211 89.57615119218826 28.61495463550091 4.402767047286034 2.395336508750916 1.009399473667145 0 0 0 0 0 0 0 0 0 0 0 0 0 17.25752323120832 0.9293873757123947 15.33671854436398 0 0 2.981338068842888 75.11365003883839 5.908969059586525 16.38878186047077 1.862475290894508 0 0.2163566201925278 0 2.3628239184618 0.1404571682214737 2.607082083821297 3.600709103047848 0.1307339668273926 0 0 0 0.8398561924695969 0 0 0.1226410195231438 0.3778496161103249 245.083374068141 119.5830908119678 2.692260883748531 0.4145023375749588 5.5922961384058 49.11465218663216 0 2.476392969489098 0.6981463357806206 0.3539475277066231 0 0 0 0 416.9408537745476 416.1697687059641 8.224829941987991 10.10481980443001 5.127535626292229 6.391216270625591 1.434224881231785 1.524519301950932 0.2889996469020844 18.78394339978695 8.551026612520218 34.46820318698883 0.6232131645083427 0.2991234362125397 0.3480055406689644 0.8351710289716721 0 6.172659039497375 2.424043491482735 6.72591495513916 0.1926168501377106 0.5102210491895676 0 0 0 472.7009087651968 184.5417465120554 17.0466480255127 38.71916979551315 551.2785886973143 0 0 0.2928202450275421 0 0 5.873826667666435 0 1.992751583456993 3.317095682024956 0 0 5.411175653338432 3.361244946718216 2.470059767365456 0.2560261785984039 0 0.1342760026454926 0 0.3768233358860016 0 0 0 0 0 0 0 0 0 0 0.6633244454860687 0 0.160506471991539 0 0 0 0 0 0 0 3.743288114666939 0 1.618261367082596 0.5901393890380859 0 0 0 0 0 0.2651604115962982 0 0 0 0 0 0 0 0 0 0 0.8304855227470398 0 0 0 0 0 0 0.5518836975097656 0 0 0 0 0.2143387794494629 0 0 0 0.3768697679042816 5.98749104142189 15.86522197723389 0 0.3236766457557678 0 1.209699064493179 1.292210340499878 0.9411678314208984 0.1315439492464066 0.9106073379516602 0 0.506438136100769 0 0 0 0 0 0.142876073718071 0 0 0 0 11.49304161965847 6.881272986531258 129.1964002847672 4.701989635825157 15.50033801048994 3.953128285706043 449.8560012578964 6.279153630137444 0.6188561469316483 8.642486229538918 2.218602001667023 0.1169287860393524 1.740703776478767 0 4.549816250801086 0 0 0.2879119515419006 1.189206928014755 0
631.7586661577225 2938.615794189274 88.22088242322206 1073.369096927345 1251.572740457952 158.9766050726175 0 34.49927362054586 4547.146558478475 3224.533833257854 299.7430994361639 890.8229997679591 5107.264346621931 867.4517892152071 222.1323826313019 31.04842460900545 2.50079558044672 0.2408110424876213 0.1062954962253571 0.3764159753918648 0.1287835538387299 0 0.1274963766336441 0 1.420573092997074 0.8234714269638062 0.1074775159358978 0.3154320493340492 0.5114618316292763 0.165804386138916 251.3805256038904 35.13053473830223 40.5974350720644 0.4150115177035332 0 1.334842577576637 80.75435370206833 2.088173985481262 4.362384207546711 2.218453951179981 0.4650006145238876 0.6772201433777809 0.4609441310167313 7.565239325165749 0.8048514649271965 1.359518714249134 247.5218810811639 10.35160920023918 0.5522392988204956 1.404147140681744 1.6855763271451 0.230560265481472 0 0.2744496092200279 28.98160693794489 9.181842118501663 33.38417720794678 220.8636444956064 45.02062682807446 75.64551008492708 0.6655707582831383 22.59445206820965 0.5854440033435822 238.0588923096657 13.24478280544281 8.663209639489651 1.776215359568596 17.59575697034597 3.297235004603863 1.949171349406242 271.5116440430284 6.315575286746025 0 350.2943270653486 219.7319765165448 907.0335502624512 359.3659437894821 27.32360650599003 1.361035041511059 35.55982987582684 3.109163820743561 11.11728690564632 51.26442664861679 1.089837834239006 12.34873019903898 6.487564288079739 5.578974880278111 0 0.7591719627380371 0.1193616986274719 0.4592459499835968 0.4791568070650101 1.568297035992146 1.294162049889565 0.4461643919348717 1079.735448107123 18.56396520137787 0 2.589966952800751 126.1547691375017 5.057285964488983 2.350992411375046 26.35454124957323 13.15583207458258 3.879128128290176 393.6432868763804 6.053315132856369 91.65174118429422 154.5743183717132 65.11690928041935 2.571711860597134 253.2946854755282 223.8547204881907 195.8560368791223 41.16361632943153 0.7760220170021057 2.913005068898201 0 0.4908338189125061 0 0 0.5449890643358231 0 0 0.1778529137372971 0 0 0.1953541934490204 0 0.5547678023576736 0.2009315937757492 0 0.1357998698949814 0 5.359677702188492 4.92451736330986 0 0 0 99.30300275981426 0.4175872802734375 25.08488028496504 0.3384784162044525 1.229550167918205 0.2210991978645325 0.1249299272894859 0 0.6532939821481705 4.137323893606663 2.207920089364052 0 7.07259276509285 7.050584755837917 1.553696304559708 0.5030068755149841 0 0 0.311251312494278 0.4939606413245201 0.5193318575620651 0.2786128222942352 1.735530257225037 3.57146081328392 0.2334593385457993 0.3651001751422882 0 23.29107843339443 3.210615500807762 2.510832756757736 0.6158293634653091 0.1068226173520088 0 0 0 0 0.2659692764282227 318.4594451710582 1.890236794948578 0 0.1391309648752213 0.09826139360666275 29.11694018542767 9.423734813928604 27.24672082066536 10.4468797147274 12.20716825127602 10.91181526333094 2.58101249486208 2.974140524864197 1.177828975021839 0.3025263547897339 0 0 0.7133442461490631 0.2581325173377991 0 0 62.25798047333956 40.85610892623663 32.01207998394966 1006.354705363512 84.33277472853661 728.0017039179802 147.3438038080931 1016.133774802089 240.9868561252952 13.99237791448832 309.8850336521864 71.58470393717289 6.299046114087105 36.39153888821602 2.652461275458336 60.50654004514217 6.323585838079453 0.2767866551876068 10.02521850913763 19.70051789283752 0.9296450018882751
25.11950386315584 542.7372501716018 2277.683360993862 1.864801444113255 332.8024451285601 1.778580144047737 34.49927362054586 0 557.3863643631339 6.624996244907379 2466.794375881553 11.32966633886099 80.45690755546093 247.5571814104915 64.91881330311298 20.18855693936348 26.38960331678391 9.802955776453018 2.761913523077965 32.31657340377569 7.263767316937447 0 0.1291203498840332 0 2.915486708283424 0.7826141119003296 0.1156237721443176 0.2018090710043907 0.7040482684969902 0.1834115535020828 1628.308236964047 1811.192326016724 37.16349609196186 2.955924719572067 0 3.086606189608574 58.22171891480684 2.22263341397047 2.510997034609318 3.868767127394676 2.630907490849495 1.925591684877872 22.28910946846008 15.99928317219019 18.85051792860031 28.84896849840879 61.25885959714651 10.80416795611382 21.23197375237942 38.32511723786592 3.752114325761795 0.5920037031173706 0.1245259195566177 0.6496440246701241 3.747800998389721 0.9073849022388458 6.191308625042439 126.0058098882437 7.169757068157196 12.56685245782137 20.65962953865528 10.74727363139391 4.145666554570198 658.3213593363762 2.383319579064846 3.931791268289089 0.4461652562022209 13.6959964632988 68.24067097902298 43.84164183586836 15.94650352746248 0.4495050832629204 0 88.5890573784709 129.4167668819427 255.5004085078835 292.7480209246278 294.6182648167014 670.6309112906456 1671.599634721875 369.5245542675257 1515.588584497571 8.723220124840736 0 2.716606080532074 0.7798687070608139 36.80397094041109 0 0.2525747418403625 0 0 0.09013289213180542 11.04482629150152 0.5568098127841949 0.9906622394919395 9.894108399748802 1.476264744997025 0 0.4759190753102303 39.9093760997057 0 0 0 0 0 2.380249992012978 0 0.2765871733427048 0.2287429422140121 0 0 0.5698739588260651 0.5652234777808189 0.6891864091157913 0 0 0 0 0 0 0 0 0 0 0 0 0 0 0.2894449979066849 0 0 0 0 0 0 0 0 0.1187274232506752 0 1.092085286974907 0 0.4878503307700157 0.2704959958791733 0 0 0 0 0 0.2047746032476425 0.1333514153957367 0 0 0 0 0.5647597908973694 0 0 0 0 0 0 0 0 0 0 0 0 0 0 0 0 0 0 0 0 0 1.099209979176521 0 0 0 0 0 0.1161396726965904 0.1613306701183319 0 0 0 0 0 0.1373864412307739 0 0 0 0 0.08229073882102966 0 0 0.1512174904346466 0.4297576397657394 0.672652006149292 106.2823978513479 12.82186437398195 156.1015330404043 27.90803854912519 28.47278333455324 38.04264236241579 1.714470334351063 54.35820857435465 6.684742569923401 1.103405654430389 1.362358093261719 0.2044189274311066 0.2851824760437012 0 0 1.079442098736763 4.000732280313969 0
6.114695191383362 1422.168891258538 221.631922736764 47.88931079953909 11136.05381012708 20.27372283488512 4547.146558478475 557.3863643631339 0 162.4889023527503 3318.582061387599 275.7147092223167 3534.315431885421 4433.964868657291 231.0066113397479 70.27350821346045 2.594914600253105 0.6842416971921921 0.2256415039300919 1.404953986406326 3.213866613805294 0 0.3583851829171181 0 6.824152193963528 0.6785467118024826 0.5858994051814079 0.3559752330183983 0.7756369113922119 0.1270322799682617 78.38325583189726 57.2834944576025 206.2871935814619 1.836504131555557 0.1212160140275955 4.919372759759426 314.9907807931304 3.204543963074684 4.966594897210598 7.974037885665894 0.978756420314312 0.6580923050642014 0.749761588871479 13.27523513883352 4.613048732280731 5.33784818649292 210.396879337728 4.880914375185966 2.004464372992516 2.699327945709229 1.150137893855572 0 0.1128307208418846 1.173900440335274 8.559510961174965 1.692540608346462 8.246381498873234 15.57155418395996 10.78965638577938 22.52455455064774 2.11547739058733 32.57878175377846 3.766440063714981 113.4781414791942 3.594210229814053 2.220392607152462 0.5899053886532784 6.337140992283821 7.468272782862186 7.696765802800655 187.1390987411141 1.898862883448601 0 55.8200688585639 28.51208577305079 426.3594522550702 291.5477688834071 56.41285685449839 3.033075734972954 130.6056562811136 3.812975667417049 21.39663796126842 13.50646745413542 0.2213393747806549 3.230448685586452 1.45040287822485 5.330339096486568 0 0.2118838280439377 0 0.4270335957407951 0.1203017607331276 3.26993390917778 0.5387067124247551 1.031914375722408 365.0925362110138 10.48877831548452 0 0.9854068160057068 8.833081796765327 0 0 9.45676352083683 3.694465234875679 1.345833703875542 133.9540638178587 1.705369219183922 36.89635552465916 30.23893401026726 19.67833670973778 1.379172787070274 88.7742723301053 75.98146670311689 66.30381139367819 14.1877699047327 0.1164081767201424 1.249645881354809 0 0.4430207833647728 0 0 0 0 0 0 0.2486491277813911 0 0 0 0.3710740953683853 0 0 0 0 1.371456384658813 2.687290824949741 0 0 0.1533079445362091 33.63518548756838 0 9.268766008317471 0.6928892955183983 0.1265970468521118 0 0.2596903741359711 0 0.4671967700123787 1.069344967603683 0.1341447681188583 0 2.861966095864773 5.124823965132236 0 0 0 0 0.1228706538677216 0.1383051723241806 1.344028636813164 0.3274021595716476 1.36462889611721 4.324271336197853 0.6486418843269348 0.8145152032375336 0.2191303074359894 8.957857638597488 0.9745125621557236 0.4395706653594971 0.30599544942379 0.1092516258358955 0 0 0.1785637736320496 0 0.393278494477272 114.5766217783093 0.1262023746967316 0 0 0.09903766959905624 8.946799591183662 1.735061891376972 4.507090255618095 4.780120715498924 0.3972944915294647 3.529040671885014 0.8058615624904633 1.064235344529152 0.258969634771347 0 0 0 0 0 0 0 26.7779580950737 15.78125990927219 13.80179703980684 639.3819773867726 44.12572012096643 507.8888620361686 161.8036592230201 106.4926195591688 141.0847440585494 8.08077947050333 299.5243628621101 47.43729036301374 4.809128738939762 12.23103554546833 0.8703155666589737 17.4744310900569 1.830714508891106 0.187147855758667 4.007373310625553 18.3899120092392 1.548727080225945
2174.862639456987 637.8099324926734 9.26977151632309 1989.586662113667 190.4089709743857 713.5064661130309 3224.533833257854 6.624996244907379 162.4889023527503 0 55.03566523641348 2332.040182307363 2835.069172129035 134.9172256141901 24.05392573773861 4.37330636382103 0.2465498894453049 0.10875154286623 0 0.1117229163646698 0.3116280734539032 0 0 0 0.4313287883996964 0.1490541249513626 0 0 0.5033559054136276 0 26.93829797953367 4.015653543174267 10.76824720203876 0 0 0.9001515582203865 46.18889587372541 0.9527292028069496 0.9510713517665863 0.7918582782149315 0 0.4556927233934402 0 0.9830449968576431 0 0 20.27288681268692 0.3055978342890739 0.2191155254840851 0.3455358520150185 0.1620944142341614 0.2704571783542633 0.1575835943222046 0 2.859606690704823 0.1771554499864578 26.71474295854568 59.82770209014416 6.016098149120808 5.920428290963173 0.3589394986629486 8.28441546857357 0 15.25748763978481 0.8760007247328758 0.6374318450689316 0.1126993075013161 1.258448265492916 0.5263477489352226 0.3223382383584976 115.5530426725745 3.583578497171402 0 42.12058939784765 21.01848652213812 73.34004838019609 29.69572483003139 4.370081312954426 0 8.603681601583958 0 2.046352416276932 5.696407206356525 0 1.405584506690502 0.8339071124792099 1.028469860553741 0 0 0 0 0 0.1124691292643547 0.1359418481588364 0.2208610102534294 863.5470979735255 11.36983206123114 0 0.9688420593738556 459.6540678441525 2.032367885112762 1.430421054363251 9.480180680751801 3.384268671274185 1.434955969452858 162.1883184686303 2.573981299996376 36.756959810853 113.9356182664633 35.4056007489562 1.68957631289959 94.12293767929077 80.75307577103376 73.3934475928545 9.720916643738747 0.3047189116477966 0.7725562006235123 0 0 0 0 0 0 0 0 0 0 0 0 0 0 0 0 0 4.82644684612751 0.7447512149810791 0 0 0 29.79943840205669 0 9.553157486021519 0.7773325890302658 0 0 0 0.4305594265460968 0.2247774749994278 0.9033689573407173 0.2555522322654724 0 2.369630500674248 3.586969941854477 0.6407086849212646 0 0 0 0 0.9651491343975067 0 0.3672212362289429 1.846285760402679 2.388685673475266 0 0 0.1346633732318878 8.178206294775009 0.9369481205940247 1.739065676927567 0 0.352176308631897 0 0 0 0 0 84.51218029856682 0 0 0 0 8.398994818329811 5.172982148826122 8.110488653182983 4.660833209753036 7.179183006286621 1.369906410574913 0.2433571368455887 0.7997133210301399 0.4602184295654297 0 0 0 0.5971986129879951 0 0 0.3188521265983582 20.02870886027813 11.23210346698761 11.64295943081379 543.4523264542222 7.630353048443794 91.71331084519625 20.04346845299006 1700.294697590172 24.49009954929352 0.8281269818544388 51.92859905958176 11.98149741441011 0.1711100935935974 16.76908013224602 0.546342670917511 32.3969202041626 0.8145589828491211 0 4.683229207992554 1.757489129900932 0
65.98713654279709 1596.922391712666 2575.272719360888 18.88225711882114 1773.833560474217 12.86811546981335 299.7430994361639 2466.794375881553 3318.582061387599 55.03566523641348 0 402.1795799136162 1877.503170415759 3605.541476711631 186.2372205331922 111.6888572350144 7.098364487290382 1.69802163541317 0.6391781643033028 6.40709812194109 16.49261528253555 0 0.9540997594594955 0.3898713737726212 27.32003862410784 4.745957627892494 1.620481550693512 0.6006527096033096 0.5749064311385155 0.3377605155110359 890.9598615765572 252.9602957740426 1109.989297047257 8.158045805990696 0.1669558882713318 28.7062481418252 992.2612167224288 23.36416757851839 15.9668827727437 35.92925997823477 4.342592693865299 3.470693305134773 4.055462397634983 26.63861770182848 16.84844609349966 17.10038923472166 144.3264350965619 11.69931048899889 5.698043502867222 9.208296291530132 4.888228595256805 0.4356780499219894 0.4137454032897949 1.03170995414257 7.362025186419487 1.916819743812084 9.701408438384533 121.3433270528913 6.815096981823444 17.98216331005096 11.57337669283152 177.5104756355286 18.49210803210735 208.2831764519215 3.85268148034811 4.111294984817505 0.6738356575369835 13.94851231575012 30.26874624937773 36.17148023843765 274.6812755316496 1.941556885838509 0 96.7068008929491 97.02971716225147 340.6360532864928 284.8298025801778 77.81518780440092 70.02067004144192 787.0813562646508 8.879073180258274 203.5814063847065 11.24145276099443 0.0922432541847229 3.002626337110996 1.405510485172272 17.43889271467924 0.1159282177686691 0.3110658749938011 0 0.1333506405353546 0.1343516558408737 14.26048987358809 1.494072623550892 1.935453578829765 150.8833618313074 14.93090605735779 0 2.372513651847839 56.94447835534811 0 0 0.9549536183476448 0.3068209290504456 0.2761087492108345 8.990608841180801 0 2.361470483243465 2.131494998931885 1.54457400739193 0.1469148397445679 9.248185127973557 6.114281445741653 4.435975663363934 1.554660283029079 0.238587811589241 0.1306887567043304 0 0 0 0 0 0 0 0 0 0 0.3671893179416656 0 0.779483862221241 0 0.1262142807245255 0.1306949257850647 0.1008193716406822 1.776286788284779 0.7107575982809067 0 0.1660598367452621 0.2378766089677811 6.495249547064304 0 2.48244920372963 0.2250445336103439 0.8233050927519798 0 0 0 0 0.9878712445497513 0.1243892014026642 0 0.7600299566984177 0.1477523744106293 0 0 0 0.1585823744535446 0 0 0 0 0.2583253979682922 0.9772593975067139 0 0 0.1473943740129471 2.17933401465416 0 0.4552705585956573 0.09172859042882919 0.1109066978096962 0.2310178801417351 0 0.3190107867121696 0.4675365686416626 0.405692920088768 20.90144131332636 0.135700598359108 0 0 0 4.166642725467682 0.6197066307067871 1.637392207980156 0.6359624266624451 1.000403970479965 0.6384654939174652 0 0.1232022792100906 0 0 0 0 0 0 0 0 3.869561783969402 5.304680190980434 5.195978246629238 300.7437921911478 31.09313291311264 364.8710012659431 105.7523946985602 52.33622021228075 75.91550149768591 4.836269594728947 186.721859946847 21.80311477929354 1.201326623558998 3.855112574994564 0.5179568603634834 0.713226318359375 2.447375565767288 0 4.09031181037426 9.374997720122337 0.8534794449806213
484.8503848239779 279.3566404730082 19.2306500300765 1564.246881023049 124.1292858868837 197.4423323944211 890.8229997679591 11.32966633886099 275.7147092223167 2332.040182307363 402.1795799136162 0 2720.686306729913 586.7120148688555 79.17785507440567 46.76941581070423 4.1537826359272 0 0.9278818517923355 1.240340292453766 0.9229693859815598 0 0.128995344042778 0 14.280218064785 2.155592948198318 0.2173694893717766 0.3870245367288589 0 0.9327791333198547 15.06050582975149 3.969430573284626 142.3848167508841 2.345938101410866 0.1243268772959709 15.30472373962402 519.1900390610099 20.16173750907183 8.660411238670349 21.43759527802467 0.8590114191174507 0.3233228474855423 0 9.467276908457279 7.288988500833511 8.349999755620956 55.79750445485115 0.9849811196327209 0.5786049664020538 0.590508870780468 0.1377987265586853 0.3200018331408501 0.7541429400444031 0.1305468827486038 2.270489051938057 0.2984092757105827 6.046305619180202 9.933069817721844 1.938432522118092 3.689360067248344 4.018761038780212 61.23491484671831 4.795115530490875 24.66707554459572 0.7400665953755379 1.034412771463394 0.07788565009832382 2.381774984300137 1.88112461566925 3.88151540607214 412.5597832351923 0.8459053933620453 0 13.80148704349995 5.304409831762314 75.07008977234364 59.32777699828148 23.79613604396582 0 51.28379794210196 2.384727865457535 6.838098123669624 2.133565858006477 0 0.6263249590992928 0.5624986365437508 1.291062295436859 0 0 0 0 0.1367359012365341 1.529273636639118 0.1188633292913437 0 2717.315247118473 55.90196248888969 0 0.5618269145488739 65.9150101095438 1.608976118266582 0 8.74357682466507 3.823319256305695 1.29828330129385 124.6133785992861 3.118330478668213 30.63656184077263 47.89500453323126 25.41292141377926 1.57438188791275 84.14759405702353 78.81233061105013 69.58099669218063 12.29961074888706 0.4167028665542603 1.359627366065979 0 0 0 0 0 0 0 0 0 0 0.3147123008966446 0 0 0 0 0 0 2.365165367722511 0.687611848115921 0 0 0 24.26900282502174 0 5.322210475802422 0.3752438277006149 0 0 0 0 0 1.934872299432755 0 0 1.285032883286476 0.1027749553322792 0.3222667872905731 0 0 0 0 0.2446314841508865 0 0 0.7184304594993591 0.7797520235180855 0 0 0 6.524433493614197 0.3020621463656425 0.2647043988108635 0.09146140515804291 0 0 0 0 0 0 116.4664177671075 0 0 0 0.2264653295278549 7.982975691556931 2.661638230085373 5.376368671655655 3.545449733734131 3.34177178144455 1.422678433358669 0.4467213749885559 0.3768110498785973 0 0 0 0 0 0.318092867732048 0 0 38.6610064804554 18.0966764986515 7.556383721530437 346.7657982036471 14.83716627210379 173.406297840178 69.11547647416592 353.4875714108348 42.81493759900331 3.648214884102345 179.0275844782591 23.00953954458237 2.284406214952469 9.2465895190835 0.7672787308692932 17.68094350397587 1.780226975679398 0.2511612772941589 5.202769324183464 8.770319327712059 0.705477237701416
122.8768972307444 453.0948264375329 66.66725482791662 900.9394872486591 694.5093445107341 89.57615119218826 5107.264346621931 80.45690755546093 3534.315431885421 2835.069172129035 1877.503170415759 2720.686306729913 0 4750.242547981441 170.3895940482616 80.55428902059793 4.560896217823029 0 0.8113876804709435 1.381147749722004 1.900466978549957 0 0.2655865103006363 0.2874927818775177 13.07937160134315 0.9275967702269554 0.4614203423261642 0.205238476395607 0.3896425068378448 0 31.34874344617128 19.50149410963058 517.9143008217216 2.841634906828403 0 18.06078868359327 459.2041079327464 19.69908045232296 5.321023635566235 10.17628903687 1.409356623888016 1.141049049794674 1.082896798849106 14.5496898368001 6.299981586635113 6.143916301429272 133.9701729938388 3.667451702058315 1.492697075009346 2.066674575209618 0.4009878113865852 0.1418223232030869 0.1804586797952652 0.6131290569901466 4.789049841463566 1.134692765772343 5.949518024921417 12.26039515435696 5.342589557170868 12.25601647794247 5.274037458002567 104.0213291794062 6.812465995550156 87.5178799778223 2.790175691246986 1.890394359827042 0.07747131586074829 4.8489775583148 5.0883554443717 4.88552413880825 459.2687054499984 2.06644619256258 0 29.26121477782726 13.22049421072006 194.2152855321765 170.1214280575514 52.72925879061222 0 106.6229118779302 2.577463656663895 15.16838733106852 6.545137368142605 0 2.192445255815983 0.88003820925951 3.106282956898212 0 0.1011240407824516 0 1.08255011588335 0.252690501511097 2.985220447182655 1.383265890181065 0.8889841362833977 2242.545280978084 25.42608913779259 0 2.417727373540401 33.80953465402126 1.728614315390587 1.040416538715363 15.05186918377876 5.293302372097969 1.862045340240002 196.9180793389678 4.987197004258633 41.96238280832767 133.2195699065924 41.35348658263683 2.394054003059864 150.5129888355732 133.45675817132 112.473531909287 25.4654977992177 0.5592302083969116 1.28942795842886 0.156868115067482 0.4143781065940857 0 0 0 0 0.1060393378138542 0 0 0 0 0 0.2464364245533943 0 0.2284312024712563 0 0 4.337167181074619 1.166840597987175 0 0 0 45.82965854555368 0.1758374273777008 10.02144752442837 0.5625757947564125 0 0 0.2963934913277626 0.1920877397060394 0.248473197221756 2.332781843841076 0.1333137005567551 0 2.206974752247334 2.831465981900692 0 0 0 0 0 0 0.5404302477836609 0.1124388724565506 1.218886449933052 4.358968809247017 0.3256052136421204 0.1336664706468582 0 10.92946765571833 1.560262627899647 1.733717352151871 0.2114645689725876 0 0 0 0.1150112897157669 0 0 185.5293079689145 0.1157465651631355 0 0 0.3568343371152878 9.923805184662342 1.994011297821999 9.144635885953903 6.289412446320057 1.5075643658638 1.626426756381989 1.122647494077682 2.546293124556541 0 0 0 0 0 0 0 0 51.3922356814146 26.62453048676252 16.75740592926741 537.4034812152386 34.23110312223434 341.594765253365 134.651794500649 289.4742089360952 80.50041995942593 4.662129089236259 251.088643476367 45.58984190225601 3.376270309090614 19.1075322329998 1.009149834513664 21.57143986225128 2.617482841014862 0.4299138635396957 3.697252720594406 16.04772158712149 0.9149355366826057
