0 3212.645837672055 414.7304371222854 2730.179504446685 157.9598490744829 234.2256111949682 2029.662763826549 36.03737962990999 67.86439940333366 3359.198720537126 204.1061190068722 281.4026584103703 449.5543700605631 147.3369635865092 0.5845481678843498 0.9189171716570854 0 0 0 0.4053170830011368 0.1112490072846413 0.2005382776260376 0 0 0.600447915494442 0.3490351736545563 0 0.1959780380129814 0.1333801448345184 0.09037358313798904 330.1839933916926 0.702424168586731 5.14751023799181 0 0.1019449234008789 0.7990593388676643 0.8396531790494919 0.746191069483757 0.447757177054882 0 1.043510422110558 0.2740240171551704 0.09145888686180115 0 0.1078589558601379 0 19.58095502853394 4.146362513303757 0.2892975062131882 1.018315926194191 0.8707122653722763 0 0 0 18.25993262976408 9.540425106883049 268.0879511237144 1371.957663372159 98.16208103299141 11.86548881232738 0.1205664351582527 0.08256219327449799 0.2200623899698257 7.690887250006199 9.153225585818291 2.098115146160126 0.3510106950998306 0.7561945542693138 0.8462102189660072 1.179031319916248 1.054224491119385 2.142708659172058 0 172.4532600939274 51.4437058866024 31.83532913774252 2.66151836514473 1.678332634270191 1.240633115172386 47.48849166184664 0.3532985001802444 4.240660265088081 28.3933123126626 0.3122908025979996 3.059720329940319 2.761440083384514 2.327708423137665 0 0.8644765540957451 0 0.1045282110571861 0 0.08781738579273224 0.1031623110175133 0 263.997300311923 1.722517773509026 0 0 1080.308868989348 0 0 0 0 0 0.3369333446025848 0 0.5654681473970413 0.2599700689315796 0 0 3.487797185778618 0.812296636402607 1.073967635631561 0.1967789828777313 0.7640586495399475 0.410241037607193 0 0 0 0 0 0 0 0 0 0 0 0 0 0.1026818677783012 0 0 0 0 0 0 0 0 2.531534910202026 0 0 0.08965155482292175 0 0 0 0 0 0 0.665199913084507 0 0 1.078431889414787 0 0 0 0 0 0 0 0 0.6647658348083496 0 0 0 0 0.237137570977211 0 0 0 0.1285562068223953 0 0 0 0 0 1.002013549208641 0 0 0 0 0.0800265371799469 0 0 0 0 0.7453137040138245 0 0 0 0 0 0 0.1040038168430328 0 0 0 2.346773266792297 0.2003005146980286 1.182049170136452 87.68664857000113 4.140116319060326 135.8110161572695 16.08508293330669 1403.045719757676 39.44075234234333 1.134927287697792 28.77500952035189 2.445633009076118 0 1.277838818728924 0.7063560783863068 1.902931690216064 0 0 0.5341893434524536 1.174463547766209 0.9837704002857208
3212.645837672055 0 614.8810719922185 413.1470327824354 2403.686148799956 92.40055308490992 5359.999616093934 94.38654845952988 1290.474142052233 553.6404305845499 719.7892228662968 7.693311803042889 418.9612631052732 649.3145990148187 8.864650331437588 3.004463702440262 0.4009357392787933 0.2164592891931534 0.1264527440071106 0.8608837351202965 0.4224514216184616 0 0 0 0.4755430221557617 2.012538887560368 0.3502267897129059 0.9024454057216644 0.5062572509050369 0.09353450685739517 2115.267279140651 3.708744846284389 15.80171168595552 0.103308841586113 0 0.6853516474366188 0.6061972603201866 0.6858323588967323 0.4887356162071228 0.4538021311163902 1.019035264849663 0.7647517621517181 0 0.314111202955246 0 0.1401699036359787 51.20440150797367 9.746903419494629 0.3727193027734756 1.151466064155102 1.299547672271729 0 0.1968045309185982 0.3268567770719528 27.39819890260696 19.74426915496588 94.43939361721277 1091.851528160274 79.18539348989725 27.74785057455301 0 0.1002582386136055 0.2178379446268082 57.3653215393424 14.88325413316488 3.076595269143581 1.714560501277447 2.543565966188908 1.769755341112614 1.153947718441486 0.6831139102578163 1.023223422467709 0.3354826122522354 249.7974483147264 142.5803024098277 106.0398630797863 8.17729189991951 3.900613725185394 4.093412138521671 103.7293899357319 0.6524100601673126 4.16762712597847 44.14148055762053 1.206473767757416 5.089822344481945 6.062406703829765 3.582107126712799 0 1.540724508464336 0.2668890729546547 0.4882549345493317 0.3206877037882805 0 0.09989455342292786 0.7872511669993401 65.00558640807867 0 0 0 978.0611444115639 0 0 0.3104074001312256 0 0 4.268694877624512 0.8468443304300308 1.580530554056168 1.7844358086586 0.4457548260688782 0 11.84348739683628 6.827529951930046 8.478356197476387 3.277844436466694 1.916610464453697 2.876625493168831 0 0.7026793956756592 0 0 0 0 0 0 0 0 0 0.1181490495800972 0 0 0 0 0 0 0.1755350232124329 0 0.4470781981945038 0 4.438209466636181 0.07829786092042923 3.638385728001595 1.017705142498016 0.2549095898866653 0 0 0 0 0.5434281229972839 0.3472338318824768 0 0.8523643016815186 4.631717681884766 0.4848375916481018 0.08807871490716934 0 0.2063888609409332 0 0 0 0.09500349313020706 0 0.8589008450508118 0 0.3644508570432663 1.068020224571228 1.3565434217453 0.5510005354881287 0 0 0 0 0 0.2023559659719467 0 0 14.83755233883858 0 0 0 0 1.21460485458374 0 0 0.1671251952648163 1.806593328714371 5.651711046695709 0 1.158029615879059 0 0 0 0 0.2323244363069534 0.1847715377807617 0 0 5.619280412793159 1.677225865423679 3.908076077699661 351.4645235612988 26.54759608209133 316.4276912659407 54.3215856552124 1202.234924167395 64.48831085115671 7.079398989677429 109.5117867738008 8.724504686892033 0.1476226598024368 7.17362505197525 0 23.03939718008041 0 0 4.144937582314014 5.196554124355316 2.203726872801781
414.7304371222854 614.8810719922185 0 7.417535401880741 877.7554628252983 5.495745740830898 209.0926479250193 1840.957955226302 1045.6630480811 9.636771462857723 4823.712249554694 9.77957184612751 311.8596160486341 1707.09714975208 9.757170028984547 3.162762098014355 0.3698251247406006 0.5737788453698158 0.4490134194493294 9.869489274919033 21.24980401992798 0 3.434186831116676 1.194279029965401 49.10969392210245 71.72759410738945 28.07873450964689 5.747779183089733 5.556048914790154 7.145749352872372 4444.690039776266 427.7452812045813 159.7602904066443 0.5199714675545692 6.334160037338734 86.9690843001008 43.11671104282141 60.63213659077883 9.762965582311153 13.05272797495127 52.75772548466921 7.489578790962696 2.709134340286255 0.8349240496754646 0.5035620704293251 0.2386262565851212 39.10651312023401 7.11400430649519 0.3197359889745712 2.925321877002716 3.385514438152313 0.1210244968533516 0.6437942162156105 0.2648949399590492 16.80462059378624 13.31697346270084 60.89705585688353 1492.066177010536 44.47872699797153 22.64325534552336 6.300806328654289 5.74289994686842 38.06804571300745 750.1615151315928 8.175951778888702 3.257055565714836 2.724200621247292 1.67762752622366 3.618307821452618 30.88078494369984 19.63499003648758 10.53833965957165 0 183.6387384086847 240.1205147504807 103.1802207306027 22.28677768260241 8.642867848277092 332.7887993678451 1868.92377332598 4.178525827825069 406.618733458221 29.4550746306777 1.027607828378677 4.875429086387157 4.499659352004528 3.612909384071827 0.09587421268224716 1.436209127306938 0 1.175691984593868 0.4460575431585312 4.756082199513912 1.249639436602592 0.3430849611759186 73.5157206505537 3.160503417253494 0 1.151385352015495 442.2137025222182 0 0.09540265798568726 0 0 0 0.6326826512813568 0.1130655333399773 0.2879497408866882 0.7083219587802887 1.056164637207985 0.6105634570121765 3.773567646741867 2.736968353390694 4.451178506016731 4.400093600153923 1.113724157214165 0.7168755009770393 0.1289316713809967 1.166982397437096 0 0 0 0.170822948217392 0 0 0.1363223493099213 0 0.1031638383865356 0 0.116459995508194 0.1190729811787605 0.1983946710824966 0.2622546553611755 0 0.5579895079135895 0.8643137365579605 0.4960373044013977 0 0.09337140619754791 11.77978605031967 2.213900677859783 2.636368088424206 2.86938413977623 0.2278279140591621 0 0.8180432170629501 0.1133783534169197 0.2432874366641045 2.601000271737576 2.893045634031296 0 0.6914244294166565 4.972775369882584 0.4852122366428375 0.3926868364214897 0 0.4591082707047462 0.5004326403141022 0 0.09376665204763412 0 0 0.3485736027359962 0 2.505566909909248 1.040581107139587 6.513900138437748 0.9623697623610497 0.131620928645134 0.4553785473108292 0.09816213697195053 0.0947517454624176 0 0.1239943653345108 0 0.4887848943471909 23.03428567945957 0.4247014746069908 0 0.1008644700050354 0.1413366049528122 0.8715368509292603 1.450920850038528 0.3956497684121132 0.121457464993 0.7124473601579666 5.377043999731541 1.06939048320055 1.662718065083027 0 0.09031351655721664 0 0 0 0.09057517349720001 0 0 5.966274537146091 5.917436771094799 14.77162738144398 112.1415871679783 22.49516322463751 174.8700759112835 32.76046475023031 296.6135175228119 34.42376201599836 4.273025803267956 42.60478027164936 18.60826712846756 0.5136439502239227 10.07661677896976 1.310469463467598 7.421815000474453 1.575040578842163 0 4.259203061461449 2.758050702512264 0
2730.179504446685 413.1470327824354 7.417535401880741 0 16.11457511037588 324.625578597188 382.5914675444365 1.856118634343147 2.711073473095894 1284.032785728574 2.308436617255211 304.962668851018 472.0440996959805 50.18077202141285 1.176797069609165 0 0 0.1336361616849899 0 0.1018658205866814 0.1243444234132767 0 0 0 0.1059789806604385 0.1078850999474525 0 0.1208482906222343 0 0 19.25273023545742 0 0.7069095224142075 0 0 0.103773258626461 0 0.1284872144460678 0 0.1159884631633759 0 0.2722055315971375 0 0 0.1632458716630936 0 6.885747753083706 1.195228755474091 0 0.2394533604383469 0.2034233883023262 0 0 0.1053655669093132 4.307825922966003 2.28667975962162 23.31363415718079 126.7209967076778 12.93627800047398 2.827818319201469 0 0.1141523867845535 0 4.137566238641739 2.133837059140205 0.2969822809100151 0.1048191487789154 0.4646570384502411 0.3373222053050995 0.1134332194924355 1.207922860980034 0 0 25.50222598016262 11.8393177613616 13.86825720965862 0.5839620679616928 0.6337784230709076 0.2105673551559448 19.47955821454525 0 0.7553610354661942 4.044746987521648 0 0.6799232512712479 0.5143070742487907 0.09857836365699768 0 0 0 0 0 0 0 0.1194680035114288 123.8613905161619 0.3398650661110878 0 0 377.5648753866553 0 0.9775025248527527 0.3185545206069946 0 0 1.55459101498127 0 1.226876989006996 0.2168438583612442 0.2100135236978531 0.1922993212938309 4.852564230561256 2.523013859987259 4.607541903853416 2.958268240094185 0 0.2113115191459656 0 1.271079540252686 0 0 0 0 0 0 0 0 0 0 0 0 0 0 0 0 0.1727287769317627 0 0 0 3.011959552764893 0 0.2637932300567627 0 0 0 0 0 0 0.3458741307258606 0.5538496971130371 0 0 3.10030061006546 0 0 0 0 0 0 0 0 0 0 0 0.3602907359600067 0.1485226303339005 2.732401490211487 0 0.381092369556427 0.2641355395317078 0 0 0 0 0 0 3.785859048366547 0 0 0 0 0 0 0 0.863702803850174 0.4805606603622437 2.524564847350121 0.2981280088424683 0 0 0 0 0 0.1477556824684143 0 0 0 3.204233646392822 0.1562633812427521 0.9390805661678314 68.54332268238068 1.842804990708828 42.58554507046938 5.809905871748924 435.9035240188241 9.533430241048336 0.8601318374276161 16.28895156085491 4.123474016785622 0 4.601451754570007 0 13.24485206604004 0 0 2.047404944896698 0.927294984459877 0
157.9598490744829 2403.686148799956 877.7554628252983 16.11457511037588 0 12.50757464021444 2710.791466288269 112.8577516078949 4279.655893065035 421.1580109223723 809.4347332641482 4.266795545816422 902.7248927950859 822.3518836125731 11.67609614133835 4.608920261263847 0.1138668283820152 0.3241721391677856 0.188563734292984 0.6504837796092033 0.2497109398245811 0 0.08838371932506561 0 0.1018058359622955 0.6459661349654198 0.5436387360095978 0.3198964148759842 0.370844841003418 0 357.1180798113346 4.198577597737312 3.160946048796177 0 0.118849940598011 0.9514098837971687 0.8886868730187416 0.6566627100110054 0.09390212595462799 0.2277089431881905 0.2973503991961479 0.439764529466629 0 0 0 0 38.09578161686659 3.56107909232378 0.3505264297127724 1.300867892801762 1.073419027030468 0 0.1085288375616074 0.7553331851959229 13.74572238326073 12.40645338594913 18.88563451915979 199.2970435023308 22.65600204467773 20.90233396738768 0.2529449239373207 0 0.5119504556059837 59.2063105404377 8.248719543218613 2.735896036028862 0.6639115288853645 0.9844240695238113 0.8185998946428299 0.5484348982572556 0.5234536975622177 0.2003027051687241 0 115.1876164227724 80.38714857399464 96.46072269976139 16.20576194673777 4.76817262917757 1.455688521265984 20.40770387649536 0.3953619003295898 3.138438731431961 19.60943370312452 0.9174164161086082 2.611263059079647 4.184197038412094 1.747346423566341 0.1083077192306519 0.2895197793841362 0 1.680362269282341 0.2374252453446388 0 0.8687590584158897 0.9740600064396858 107.0478526726365 0.3151703327894211 0 0 42.28462237119675 0 0.1781431138515472 0.3976025581359863 0 0 15.1631001085043 1.510427877306938 5.362227946519852 6.769880637526512 3.613152682781219 0 36.05749299377203 12.24009664356709 29.85877892374992 10.79243080317974 2.401338428258896 1.734447479248047 0 0 0 0 0 0 0 0 0 0 0 0 0 0 0.5664690732955933 0.1314733177423477 0 0.730483740568161 0 0.4395945966243744 0 0 13.06835439056158 0.29418084025383 1.228250682353973 0.7206437587738037 0.4874212145805359 0.1993462592363358 0 0 0.2485549449920654 2.772942572832108 0.3752784878015518 0 0.5384248495101929 7.592732861638069 0 0 0 1.339062795042992 0.09589952230453491 0 0 0 0.2070156782865524 2.257527217268944 0.556391716003418 0.715918056666851 0 8.215737469494343 2.053166374564171 0 0.2929059565067291 0.1024102792143822 0 0 0.1750640645623207 0 0 28.88468212634325 0 0 0 0 2.499645724892616 1.917569249868393 1.065833747386932 3.650234639644623 2.871374160051346 12.91288888454437 0.3604546040296555 3.79903419315815 0.1503015607595444 0 0 0 0 0 0 0 15.74031546711922 2.626269295811653 9.753049343824387 402.8076134100556 36.94083596020937 246.3174351230264 57.01010939478874 484.9838283285499 42.63368938118219 4.628657028079033 105.2996349036694 35.24761889874935 0 27.36037793010473 0.6985131204128265 37.57788494229317 1.743798106908798 0 5.964574918150902 5.156369224190712 0.4319997429847717
234.2256111949682 92.40055308490992 5.495745740830898 324.625578597188 12.50757464021444 0 144.5685106441379 4.097621880471706 29.19577267765999 575.4842991232872 5.85690026730299 334.2656841576099 452.590520478785 169.3140954971313 1.715863548219204 3.770164467394352 0 0 0 0 0 0 0 0 0.1315326541662216 0 0 0 0 0.09584683924913406 20.81895080953836 3.065992020070553 32.86576265841722 0 0 0.4065817296504974 6.006200581789017 0.7084273397922516 0 0.6715546101331711 0 0 0 1.142674252390862 0 0.7102838158607483 1.92861320078373 0 0 0 0 6.76669454574585 0.8637678623199463 0.4216591417789459 0.1942436024546623 0.48556749522686 109.0417055264115 131.9537311643362 3.630190134048462 1.082843266427517 4.30777034163475 4.340068385004997 0.3253079652786255 3.029447920620441 0.1478288471698761 0.1768685281276703 0.09400624781847 0 0 0 126.1271084994078 104.0765748918056 0.5907766819000244 6.293189764022827 2.861819565296173 1.733398154377937 1.27082122117281 2.333102025091648 2.357032738626003 117.5567838996649 3.437420874834061 60.47396097332239 1.26763129979372 0 0.1329583376646042 0.7308864295482635 0.1098838746547699 3.332317903637886 1.394414842128754 7.805491149425507 0.5913054347038269 2.704763889312744 0 0 0.7472955286502838 490.051917925477 110.381828352809 0 3.805208802223206 690.4433066248894 0 0 0 0 0 2.587423384189606 0.2128250747919083 0.1932558566331863 0.6505500674247742 0 0 3.135431304574013 2.391404762864113 5.303188383579254 0.5854683518409729 0 0 0 0 0 0 0 0 0 0 0 0 0 0 0 0 0.4789357855916023 0 0 0 0 0 0 0 0.5501376986503601 0 0 0.4089990556240082 0.2962453365325928 0 0 0 0 0.3071631193161011 0.2190221399068832 0 0 0.893633171916008 0 0.1113957390189171 0 0.2195707112550735 0 0 0 0 0 0 0 0 0 0 0 0 0 0 0 0 0 0 0 1.008389532566071 0 0 0 0 0 0 0 0 0 0.2049925774335861 0 0 0 0 0 0 0 0 0 0 1.760740652680397 0.1768997609615326 0.4900664091110229 33.51641684770584 2.46714274585247 10.98746462911367 2.208211712539196 344.3006923645735 4.012996725738049 0.0902288556098938 4.103375494480133 3.257303982973099 0 0.7381002604961395 0 3.041414976119995 0 0 0.2535356283187866 1.448488935828209 0
2029.662763826549 5359.999616093934 209.0926479250193 382.5914675444365 2710.791466288269 144.5685106441379 0 47.61116115748882 819.0480830296874 926.1358887851238 266.6777700707316 18.54319801926613 613.0224406793714 131.9122357815504 16.2899871468544 5.842489264905453 0.5833019241690636 0.1586150079965591 0.1162147372961044 1.084178373217583 0.3138418346643448 0 0.185748890042305 0 0.1698794290423393 1.031222052872181 0.1824024841189384 0.3536732196807861 0.3542722165584564 0.1746031939983368 277.1461492627859 2.529292404651642 3.465027719736099 0 0.1869103386998177 0.5429518967866898 1.082947008311749 0.8541374132037163 0.246272936463356 0.2258184477686882 0.3188707605004311 0.840521365404129 0.3194537758827209 0.7017288655042648 0.2454960942268372 0.1309972405433655 61.83613058924675 7.749108590185642 0.3223215416073799 0.6141859963536263 0.5819231942296028 0 0 0.4203297421336174 22.62354226410389 19.18223741650581 49.00900768488646 452.0837654620409 57.03116557747126 35.9069070443511 0.1257599741220474 0.1080930605530739 0.4432781487703323 86.52171669155359 16.1501095443964 3.08180245757103 1.238991856575012 2.07795100659132 2.199303671717644 0.7191095352172852 1.446352623403072 0.4095649495720863 0 206.1810789108276 127.9326637163758 142.9135504215956 22.88216289132833 8.909267790615559 2.258932575583458 15.54196275025606 0.7782245874404907 6.609908930957317 41.88735518604517 0.7015565857291222 5.618648536503315 7.586182810366154 2.789801642298698 0.118478924036026 1.494770124554634 0.1970111057162285 0.751369796693325 0.5147114992141724 0.2640695422887802 0.4269863665103912 0.8957800045609474 392.2447846084833 0 0 0 202.0011126697063 0 0 1.157332688570023 0 2.105478078126907 30.04943014681339 3.095800146460533 12.69783689081669 16.90810893476009 8.752110257744789 0.8774323165416718 89.52014665305614 29.52598688006401 66.48513630032539 22.25776463747025 5.951586544513702 4.034946218132973 0 1.790894746780396 0 0 0 0 0 0 0 0.6015057563781738 0.713725209236145 0 0.1905066072940826 0 0.1225568354129791 0.4069342911243439 0.7105807065963745 1.916531771421432 1.4744932949543 0 0 0.2527929246425629 33.5687061175704 3.134242683649063 3.106919497251511 0.9494870454072952 1.895165354013443 0 0 0 0.5009383410215378 2.088292166590691 3.429343104362488 0 1.812918022274971 18.04293331503868 0.6938125491142273 0 0 1.059192322194576 0 0.3721656501293182 0 0 0.875228226184845 3.521051198244095 0 3.368023216724396 0.1189557686448097 23.12635383009911 2.412779092788696 0.8233032822608948 0.4180901795625687 0.2257582023739815 0.4670099020004272 0 0 0 0 64.6346518471837 0 0 0.1095187440514565 0.1140420958399773 2.12207405269146 0.7539449334144592 0 3.856209650635719 4.436257407069206 22.94012805819511 1.132685154676437 11.96525436639786 0.2280612140893936 0.1592903584241867 0 0 0 0 0 0 35.46621286869049 6.968210861086845 14.88754764944315 779.0249553471804 60.99948904663324 405.2463605776429 84.84850428253412 1290.601880170405 81.30859385430813 10.47246274352074 196.6432160884142 76.14829588681459 3.106206268072128 44.46994589269161 2.026790916919708 114.8030098080635 1.798260644078255 0.6407243758440018 10.53146273642778 9.363857597112656 2.059977114200592
36.03737962990999 94.38654845952988 1840.957955226302 1.856118634343147 112.8577516078949 4.097621880471706 47.61116115748882 0 707.0202188789845 3.741303481161594 6105.574133723974 6.054853960871696 248.6475340053439 1624.188251428306 19.51246683299541 12.50963172316551 0.6654067188501358 2.049948140978813 2.173545487225056 30.62494580447674 76.71827135235071 0 8.95863976329565 2.341357827186584 49.62183735519648 86.0492772758007 21.69934097677469 3.502036400139332 2.983204834163189 3.466983743011951 2828.523945383728 447.069184474647 138.7575764879584 1.592279799282551 13.52863127738237 87.51975934207439 43.22650439292192 55.063088580966 8.6653658375144 8.850759327411652 71.1017964631319 7.459018625319004 2.27158060669899 3.828317873179913 1.422282226383686 0.6350306421518326 48.64854391664267 7.466743111610413 0.9041474983096123 5.616156831383705 5.960028059780598 0.1353514790534973 0 0.7823421284556389 13.74029637873173 10.29165960103273 23.49231204390526 528.1447752639651 22.91141790151596 30.08754073083401 52.0499355494976 20.88898821175098 59.04480096697807 669.6139080226421 7.317735880613327 3.943163268268108 3.032450444996357 1.908407717943192 8.450956284999847 86.47074913233519 14.65010429918766 8.506597004830837 0.3330881297588348 165.5897722840309 194.2512970492244 147.1158023476601 67.10794322192669 86.41796137392521 723.408277399838 2768.599043369293 77.85013261437416 1396.842778012156 19.50911772996187 0.7205235064029694 5.364668555557728 5.820695370435715 6.323387779295444 0.08863724023103714 2.02363183349371 0 1.334528923034668 0.9194941893219948 8.208810113370419 6.139621719717979 0.9078406468033791 43.1724868863821 3.76815252751112 0 0.6206050589680672 51.0177288427949 0 0 0 0 0 0.1787897944450378 0 0.1233145073056221 0 0 0 1.949423849582672 1.363640867173672 0.9020264074206352 0.4876324385404587 1.480085849761963 1.737084530293941 0 0.4693501591682434 0 0 0 0 0 0 0 0 0 0 0.2059068754315376 0 0.228324681520462 0.2855241000652313 0 0 0 0 1.11980202049017 0 8.693019919097424 0.8521193638443947 1.554440014064312 2.388976477086544 0.767541192471981 0 0.4193027466535568 0.1337039470672607 0.1248428151011467 2.097673766314983 2.650606527924538 0 0 4.62905889749527 0 0 0.3475925624370575 0.6703164130449295 0.2941893637180328 0 0 0 0 0.4025793671607971 0 1.956179693341255 1.176437109708786 2.843474164605141 2.820892319083214 0 0.1056786328554153 0.2357672527432442 0 0.265029713511467 0 0.09862851351499557 0.9415599927306175 10.41170439124107 0.2260907888412476 0 0 0.08441948890686035 0.1053920984268188 0.4680613130331039 0.1878628134727478 0.8657462671399117 0.6081093549728394 1.872934438288212 2.004443891346455 1.032400153577328 0 0 0.0867796465754509 0 0.1084081158041954 0 0 0.2893279492855072 3.411885514855385 3.010324016213417 8.704448752105236 179.6618488281965 32.92358145862818 222.390415802598 44.00336279720068 199.8939426094294 33.08113093674183 4.947017669677734 62.00678123533726 14.13420367985964 0.381184995174408 9.173134081065655 0.6055103242397308 3.317714974284172 0.95567736774683 0 1.299922600388527 5.326694592833519 1.462038397789001
67.86439940333366 1290.474142052233 1045.6630480811 2.711073473095894 4279.655893065035 29.19577267765999 819.0480830296874 707.0202188789845 0 54.75989647954702 3109.856414988637 1.29808896034956 341.0835978537798 1091.053461052477 9.394359953701496 6.323765501379967 0.1034476384520531 0.3171763643622398 0.1023671254515648 0.3242056742310524 0.1123458221554756 0 0 0 0 0.6087809875607491 0 0.2220126464962959 0 0 228.7772773429751 2.794116958975792 1.796964660286903 0 0.09195224940776825 0.09780851006507874 0.2459887713193893 0.5790741220116615 0.206484280526638 0.2794612497091293 0.6397922039031982 0.1355119645595551 0.1143623739480972 0.7967129126191139 0.1961604505777359 0 14.83035127073526 1.506190307438374 0 0 0.09137994050979614 0.1025068536400795 0 0.2148237973451614 4.329182170331478 2.826361246407032 6.684249632060528 80.21905786544085 10.71154507249594 10.27559873461723 0 0.09089801460504532 0.3213777542114258 28.49220300465822 2.918642304837704 1.241502396762371 0.3034852743148804 0.9598612934350967 0.2863967344164848 0.08998595923185349 0.1874832212924957 0.1022981852293015 0 44.22943902760744 40.90230140089989 42.72494877129793 13.65660201758146 7.589992307126522 0.364927738904953 40.04135291278362 0.3546854555606842 2.379167094826698 7.712855949997902 0.2049683853983879 1.275834523141384 2.128585197031498 1.065791040658951 0 0.3339665457606316 0 0.3536924347281456 0.1123500540852547 0 0.1107341125607491 0.09895241260528564 247.6695511192083 0 0 0 33.67068320512772 0.1343633085489273 0.5725386440753937 0.4942912459373474 0 0.5035196989774704 16.71307627856731 1.276998177170753 6.793888792395592 7.456041842699051 2.977821335196495 0.1398022025823593 35.91159453243017 21.45130133628845 33.58031390607357 11.14076715707779 2.730470240116119 2.732991173863411 0 0.3411756008863449 0.1601747423410416 0 0 0 0 0 0 0 0 0 0 0 0 0.4277973473072052 0 0.7538040280342102 1.764849379658699 0 0 0 16.05908156186342 0 1.404841899871826 0 0 0 0 0.462797611951828 0.9093207865953445 1.713942371308804 3.209016054868698 0 1.367017775774002 10.42925372719765 0.3829692900180817 0 0.1283088475465775 0 0 0 0 0 0.4553222954273224 0.5323217734694481 0 1.055147126317024 0.1770925372838974 9.683075726032257 1.081519760191441 0 0.3118215799331665 0 0.09378993511199951 0.08337580412626266 0 0 0 36.16334224492311 0.2187317162752151 0 0 0 0.8782540410757065 0.6378465592861176 0.6117301285266876 4.211764961481094 3.301931068301201 12.43156789988279 1.333099812269211 2.69318562746048 0.1058472320437431 0 0 0 0.09530501812696457 0 0 0 20.21694138646126 4.537488862872124 10.81109008193016 282.8140469864011 26.26730519533157 109.5654873922467 30.96499866247177 198.2438468039036 23.83089163154364 3.518437825143337 70.28591658174992 35.88575462251902 1.786789432168007 26.27186065912247 3.073506236076355 39.97515675425529 4.523023709654808 0 6.419137805700302 4.889940500259399 0
3359.198720537126 553.6404305845499 9.636771462857723 1284.032785728574 421.1580109223723 575.4842991232872 926.1358887851238 3.741303481161594 54.75989647954702 0 9.299829870462418 2801.628116071224 4528.552805960178 1081.796214610338 1.858163826167583 1.846277043223381 0.1023074612021446 0 0 0 0.2037504389882088 0 0 0 0.0912666916847229 0.07733004540205002 0 0.1386354267597198 0 0 21.54030633717775 0.6017720103263855 130.230614066124 0.1090411469340324 0 0.1252653896808624 0.9403373897075653 0 0 0 0.08605967462062836 0 0 0.1150374710559845 0 0.1000756546854973 8.542439483106136 0.6408971175551414 0 0.09618803858757019 0.1013429015874863 0 0 0 2.542119756340981 2.089046463370323 44.7107385545969 149.2737927958369 14.47484543174505 5.017439566552639 0 0.2243960201740265 0.09250999242067337 4.849818542599678 2.197271607816219 0.07913827896118164 0.4215100109577179 0.4177239462733269 0 0.2130981981754303 9.191644906997681 1.011314153671265 0 28.10379461944103 12.56733080744743 13.99135063588619 2.107402615249157 1.036230139434338 0.2199195995926857 801.229195907712 0.1218344420194626 6.043936260044575 6.020779758691788 0 0.8835751637816429 1.196795552968979 0.3450579419732094 0 0.1877628043293953 0 0 0 0 0.2240250259637833 0.5312025547027588 681.6408734470606 6.751296550035477 0 0 724.1808503046632 0 0 0.45732182264328 0 0 11.35354082286358 0.9128360897302628 5.795282870531082 5.751834958791733 2.317862659692764 0 27.09099585562944 17.3538329154253 25.03360393643379 8.995127275586128 0.7471427619457245 0.150545135140419 0 0 0 0 0 0 0 0 0 0 0 0 0.7322104573249817 0 0 0 0 0.8292884528636932 0.6953921914100647 0 0 0 9.246825881302357 0 2.496206238865852 0 0 0 0 0.1197564825415611 0 0.761482372879982 2.032156348228455 0 0.6228379905223846 6.64518515765667 0 0 0 0.2431840747594833 0 0 0 0.1477168053388596 0.1535113006830215 0.09835012257099152 0 0 0.6262226104736328 2.77452278137207 0.3473799005150795 0 0.1078165993094444 0 0.2128283530473709 0 0 0 0 12.53505397588015 0 0 0 0.8197016716003418 1.646749287843704 0.3658561408519745 0 2.112207368016243 1.874543398618698 13.21600425243378 0 0.6976167857646942 0 0 0 0 0 0 0 0 10.45087210834026 3.415082104504108 5.235597737133503 152.473392739892 6.811259485781193 59.15977739542723 9.071048364043236 621.2372450008988 11.24870011210442 0.7801378667354584 25.24372734129429 23.52202498912811 0.3262329995632172 11.2709958255291 1.742234587669373 51.63328658044338 0 0 6.649130612611771 0.2807502895593643 0.5900591611862183
204.1061190068722 719.7892228662968 4823.712249554694 2.308436617255211 809.4347332641482 5.85690026730299 266.6777700707316 6105.574133723974 3109.856414988637 9.299829870462418 0 41.62250734120607 440.1895365938544 3250.925066567957 56.33215752989054 64.28954953700304 0.4133335649967194 0.4295398518443108 0.2403217330574989 1.419446684420109 1.155090197920799 0 0.2864241749048233 0.187705010175705 1.829829707741737 3.269268989562988 1.187182515859604 0.8023307844996452 0.9455444365739822 0.173692986369133 1627.818793982267 106.3043387234211 1114.757263630629 0.1864282265305519 0 3.912199676036835 12.27960278093815 1.77604428678751 1.049619942903519 1.694232508540154 1.370400629937649 1.358169004321098 0.5354261994361877 8.356854565441608 0.8493417203426361 0.1142876818776131 62.05323620885611 4.610976450145245 0.4224593192338943 1.814104549586773 0.7486912161111832 0 0.08994614332914352 0.6284385845065117 11.26620988547802 13.18086624145508 34.50956887751818 471.4476865082979 32.76393608748913 36.3886863142252 0 1.026929937303066 0.8246300742030144 185.0459014549851 8.218849621713161 3.313839912414551 1.364771999418736 2.881852768361568 1.839755393564701 1.401925973594189 29.46156832575798 2.565556421875954 0 170.1996219828725 163.5562622100115 191.1506705805659 99.73112130910158 98.31674837321043 108.1228646710515 1866.754049420357 1.829631194472313 229.0738172754645 21.46095496416092 0.6176825612783432 5.853464290499687 5.492819599807262 3.256940126419067 0.07459578663110733 2.052597559988499 0 2.63661216199398 1.224273487925529 0.3031648322939873 0.2685796394944191 1.709380239248276 105.2292683944106 0.4038711190223694 0 0.2544302195310593 148.8349880576134 0 0 0 0 0 0.7649107128381729 0 2.345917999744415 1.616124659776688 0.8775566667318344 0 5.386253997683525 1.83103559166193 4.790364816784859 2.763669267296791 0.9578473940491676 0.2893804907798767 0 0.8244754076004028 0 0 0 0 0 0 0 0 0 0.2620198726654053 0.09558357298374176 0.1445785462856293 0 0 0 0 1.215651512145996 0 1.172826051712036 0 5.16877269744873 0.5065937638282776 2.371807649731636 0.7290384769439697 0 0 0.1895886361598969 0.2689473927021027 0 1.279875084757805 0.5346588343381882 0 0.2799174189567566 3.962878331542015 0 0.09581030905246735 0 0 0.7919582352042198 0 0.1708795130252838 0 0 0.1152445152401924 0 1.253778457641602 0.1572035104036331 3.791597634553909 0.1611304730176926 0 0.2415036112070084 0 0.1981519311666489 0 0.08075261116027832 0 0 13.56634192913771 0.1386706382036209 0 0.1282385140657425 0 0.8890579342842102 0 0.1170175448060036 0.8019353449344635 0 1.939968973398209 0 1.871341362595558 0 0 0 0 0.1095859706401825 0.2609951123595238 0 0 7.392760813236237 1.8914445489645 4.835033006966114 831.3972617760301 106.7402718365192 384.4595846831799 129.6465167105198 336.255166888237 72.01093937456608 12.95010624825954 242.3416275680065 16.67777562141418 1.328173413872719 6.00346053391695 0.897691436111927 8.321420967578888 0 0 3.245010286569595 19.01929816603661 2.060317322611809
281.4026584103703 7.693311803042889 9.77957184612751 304.962668851018 4.266795545816422 334.2656841576099 18.54319801926613 6.054853960871696 1.29808896034956 2801.628116071224 41.62250734120607 0 1732.662040866911 546.2037659436464 6.556148514151573 18.37993611395359 0.2833764404058456 0 0.1101066097617149 0.1075549274682999 0 0 0 0 0 0.1750326007604599 0 0.235631987452507 0 0 5.723308518528938 4.571768566966057 109.397164054215 0 0 0.3538069128990173 0.6680024638772011 0 0 2.152404844760895 0.1839942187070847 0.3592078611254692 0 4.1225516051054 0 0 6.422458961606026 0.1251928508281708 0 0.8205273225903511 0 0.2035123258829117 0 0.1907458603382111 0.4514476731419563 1.573621571063995 3.99886354804039 19.70939707010984 1.851433902978897 1.758380718529224 2.528113231062889 10.90257102251053 0.4105817973613739 11.22568941861391 0.8245664089918137 0.2153130918741226 0.2656724750995636 0.5710409805178642 0.2058047130703926 0.3562202900648117 28.99112305045128 5.978667192161083 0 6.314992278814316 7.084050051867962 10.39296155422926 7.788029737770557 14.66750647127628 2.995203465223312 1539.207319095731 16.61609167605639 145.7632260024548 1.290601648390293 0.08979836106300354 0 0.6189210340380669 0.4558265283703804 0 0.08793371170759201 0 0.5197824388742447 0.2226779162883759 0 0.4045757204294205 0.2672910094261169 1524.195581138134 6.929026275873184 0.1808776259422302 0 135.0455451086164 0.6480002254247665 0 1.435695335268974 0.1597577333450317 0.2383275479078293 23.62804205715656 1.51383812725544 7.570339620113373 13.95503084361553 5.280269294977188 1.055854082107544 62.81803972274065 25.18050909042358 68.41403383016586 19.26510547101498 3.116576887667179 3.00885534286499 0 1.154970705509186 0 0 0 0 0 0 0 0 0.2729659676551819 0 0 0 0 0.3202020525932312 0 3.570088356733322 1.774408176541328 0.2792674899101257 0 0 37.51176925748587 1.459247037768364 4.442225530743599 2.765377454459667 0 0 0 0 0.6577506065368652 3.550883784890175 2.01322216540575 0 2.690955474972725 21.95127853751183 0 0 0 0.2833800762891769 0 0 0.3238051235675812 0 0.8541992083191872 1.154162958264351 0 3.281146883964539 0.9593717604875565 15.78964196145535 3.300026118755341 0.4731633365154266 0.4327731803059578 0 0 0 0 0 0 78.52684050798416 0.4932014942169189 0 0 0 3.021335557103157 0.2780793011188507 0.8213904052972794 4.841230183839798 3.027268156409264 24.57038112729788 2.612906962633133 6.605992779135704 0.57499660551548 0 0 0 0 0 0 0 35.3641524463892 10.90920765697956 18.39831811189651 339.3517250716686 25.39744128286839 44.77880103141069 17.22534001618624 155.1432872861624 6.511566899716854 1.276806242763996 50.26441316306591 72.72664365917444 2.174849286675453 36.42856363207102 0.6494322717189789 121.3832005560398 3.392186537384987 0 16.17514242231846 5.451371431350708 0.4768198728561401
449.5543700605631 418.9612631052732 311.8596160486341 472.0440996959805 902.7248927950859 452.590520478785 613.0224406793714 248.6475340053439 341.0835978537798 4528.552805960178 440.1895365938544 1732.662040866911 0 279.4233751669526 42.40072926133871 85.90917080640793 4.769877761602402 0.7832253202795982 0.557462602853775 0.4304692447185516 0.3083588182926178 2.498224683105946 0 0.09876733273267746 2.186141103506088 1.193889327347279 0 1.048459313809872 1.79230585694313 0.09412848949432373 113.5702123269439 20.761504791677 559.0420310273767 0.3100458681583405 0 11.3894804418087 74.5382876470685 32.63192681968212 69.41388763487339 17.44008004665375 0.5404916852712631 1.291080221533775 0.3711081966757774 17.9222980812192 1.129283890128136 3.420305833220482 46.1295301169157 1.999426916241646 0.574809305369854 2.409013032913208 0.9085330069065094 2.409637816250324 11.17627575993538 1.892170608043671 5.010411940515041 6.675717353820801 16.77491800487041 95.17086853832006 12.3787536919117 15.08380890637636 29.56407351046801 274.2301724851131 1.943745441734791 72.45853199064732 4.478902995586395 4.237016372382641 2.43020360916853 2.376804940402508 3.037643201649189 1.075230225920677 28.73481050133705 78.98182989656925 0.7445898801088333 57.82860332727432 46.05706822127104 86.8611513376236 49.5066602230072 64.34114883840084 20.05760771036148 1301.659961111844 41.04532638937235 1192.109977819026 7.993111297488213 1.239148564636707 2.305584445595741 4.158469267189503 2.998738639056683 0.6497081369161606 1.572025708854198 2.086521804332733 1.789094984531403 1.179885350167751 0.1034558564424515 1.059077203273773 2.489815562963486 2881.92450645566 69.25441053509712 5.295298755168915 44.98411697149277 199.6219044774771 0.7974349707365036 0.4527150243520737 5.285846367478371 0.5291384905576706 2.227870807051659 50.89067702740431 5.929457828402519 17.57273405790329 23.54243499040604 11.72832733392715 1.045439027249813 130.7915134131908 61.87019488215446 131.2525769472122 37.92265274375677 10.58620525896549 10.46375692635775 0.1573779881000519 2.069077432155609 0.1305475234985352 0 0.2453045099973679 0 0 0 0 0 0.4405669197440147 0 0 0 0.1483573168516159 0.3185651674866676 0.1439939886331558 5.016750186681747 7.454845637083054 0.4073059856891632 1.401071891188622 0 89.65968955308199 6.601853042840958 15.04279002547264 8.241148211061954 1.051906362175941 0 0 0.4103837311267853 3.337190344929695 11.69384261965752 8.097225144505501 0 7.468643970787525 45.76506908237934 0 0.9383047074079514 0 1.808922559022903 0.5950020849704742 0.1036902964115143 0.6830684244632721 0.5794261172413826 3.059140287339687 4.644113428890705 0 10.47942260652781 4.233619950711727 48.26984182745218 6.94558010995388 0.7070186883211136 0.8773754686117172 0.369932547211647 0.2313272729516029 0.3805298209190369 0.4036351963877678 0 0.1270329505205154 181.7321643456817 1.543294608592987 0 0 0.6005635261535645 6.342919230461121 4.47221901267767 1.946830339729786 8.673972390592098 8.363187417387962 46.52382311224937 8.301252797245979 19.63316982239485 0.6448263674974442 0 0 0 0.5513827279210091 0.2501418590545654 0.2821328341960907 0 100.9833095595241 47.5739724189043 82.32865155488253 1009.552102930844 154.5750791579485 263.5163772627711 111.6098746582866 445.7214293554425 47.30155545473099 10.08160539716482 235.7059896066785 144.8088991045952 4.246010333299637 85.72508358210325 6.671915017068386 183.6773419380188 9.277044340968132 1.470916777849197 27.97787104547024 36.44428136944771 4.795940101146698
