0 3297.349479675293 248.9938559681177 2088.886403173208 536.2978950291872 216.6911840438843 1464.140271767974 8.262096844613552 35.18522176891565 1378.947040937841 83.98737569898367 82.20278989523649 100.5582022368908 61.00579197704792 0.5759683474898338 0.603604219853878 0.2305501326918602 0.2047897204756737 0 0.1171343997120857 0.1967785358428955 0 0 0.26271703094244 0.1280338168144226 0.2823651880025864 0.1279758214950562 1.663634657859802 0.6505735740065575 0 338.0806967094541 1.040888607501984 6.36219947040081 0.3833751529455185 0 0 10.63554620742798 0.1523822695016861 0.9529619663953781 1.446895837783813 0 0.5909660905599594 0.09119205921888351 0.6219790726900101 0 0.2761477828025818 31.2034258171916 1.442061252892017 0.1240579634904861 0 0.5222909897565842 0 0 0 1.199128955602646 1.160442657768726 321.8516183272004 1130.145007811487 21.66287688165903 5.52423132956028 0.2324571684002876 0.1851998195052147 0 8.850797861814499 3.335758440196514 0.5091064348816872 1.387837573885918 0.3744903057813644 0.3901901468634605 0 11.04120521247387 18.48963692039251 0 282.5170352011919 12.57362055778503 29.47674782574177 1.086028523743153 0 2.033331580460072 9.96451573073864 1.453453302383423 3.615678489208221 10.88018637150526 0.276745118200779 1.25936845690012 5.666399743407965 1.539408460259438 0 1.70851044356823 0 0.503819152712822 0.6107140406966209 0.2298404276371002 0 0 95.49359929561615 32.91717851161957 0 0.356628030538559 1357.017557308078 0.1304211914539337 1.169968992471695 0 0 0 3.482664972543716 2.240447692573071 0 56.99444223195314 4.636716358363628 0.2442211806774139 4.239285856485367 3.827802941203117 2.577663414180279 2.381898179650307 0 0 0 0 0 0 0 0 0 0 0 0 0 0 0 0 0 0 0 0.2672262191772461 0 0 0.3226197957992554 0 5.993229299783707 0.1069912612438202 4.743240095674992 1.319182202219963 0 0 0 0 0 0 0 0 0.1385731101036072 0 0 0 0 0.3353766053915024 0 0 0 0 0 0 0 0 0 3.236555173993111 0 0 0 0 0 0 0 0 0 5.708313725888729 0.8179895281791687 0 0 0 2.486151777207851 0 2.315706253051758 0.3374750837683678 0 0 0.197332888841629 0 0 0 0 0 0.09579852968454361 0 0 0 2.209613054990768 1.356279090046883 2.054842993617058 219.0353831201792 27.11364238709211 364.3066685423255 65.19995868951082 1588.583849191666 37.53738387674093 5.90615076571703 78.36974077671766 4.659891054034233 0.08101993054151535 1.156822748482227 0.368702657520771 8.852444887161255 0.08941358327865601 0 1.990349225699902 1.875813871622086 0
3297.349479675293 0 1126.267129644752 904.3447071611881 4979.536494076252 100.9947043508291 3070.895345322788 55.37475913763046 528.3358111679554 329.352823972702 425.6117194220424 78.10522927343845 297.2954257503152 298.2468535453081 2.111974336206913 1.742878757417202 0.0997612476348877 0.3627897948026657 0.1170336455106735 0.1262933611869812 0.2611464411020279 0 0 0 0 0.3875118046998978 0.3070099055767059 0.7845381051301956 0.09199738502502441 0.08919163048267365 2078.088156938553 3.226403094828129 14.4092463105917 0.1147225648164749 0 0.4105727970600128 12.71370750665665 0 0.2244527041912079 0 0.420035682618618 0.1417323052883148 0.6155558824539185 0.9532327353954315 0.5580078661441803 0.5865954682230949 69.08327849954367 2.422668263316154 0.2969135567545891 0.2318341284990311 0.878240741789341 0.2560306563973427 0 0.1328748613595963 1.709050081670284 1.873439162969589 74.70490677654743 883.1741298362613 17.33705262094736 12.28900322318077 1.370507940649986 1.689893081784248 0.1024639084935188 27.78523025661707 5.112134322524071 1.184820875525475 3.824476338922977 1.842812180519104 1.656273402273655 0 20.28204882889986 1.184946142137051 0 384.6828953400254 63.02922911942005 71.19907908886671 5.615527622401714 2.138145297765732 3.231024764478207 17.95470217615366 3.564037509262562 6.675797842442989 17.09548186510801 0.2813053876161575 3.356257110834122 11.97262171283364 3.108883395791054 0.07829470187425613 1.652660027146339 0 0.971491627395153 0.4747048318386078 0.1565996408462524 0.3965518325567245 0.1013308092951775 21.37996936589479 0.9607572481036186 0.1595848649740219 0.3083152174949646 600.648734562099 0.1567961871623993 0.1112453937530518 0.08472029864788055 0 0 3.224371358752251 0.9582600891590118 0.1495937556028366 77.02444219589233 4.31171015650034 1.159346051514149 4.086328238248825 5.362488746643066 1.960010655224323 5.164584524929523 0.8105707168579102 0 0 0 0 0 0 0 0 0 0 0.1008332371711731 0 0 0 0 0 0 0 0.207894966006279 0.2923286259174347 0 0 0 4.271382071077824 0.1199256777763367 2.75470756739378 0.4264302402734756 0.1142077222466469 0 0.1430277228355408 0 0 0 0 0 0.1491378098726273 0 0 0 0 0 0 0 0 0 0 0 0 0 0 1.38364551961422 0 0 0 0 0 0 0 0 0 11.47968075424433 0.5372083187103271 0 0 0 4.013705939054489 0 3.195183344185352 0.7274948507547379 0 0 0 0 0 0 0 0 0 0 0 0 4.178886435925961 2.678253322839737 2.542339161038399 211.6687619313598 47.8305291607976 534.300857745111 98.09835060685873 832.543808594346 46.09197659045458 11.42701752483845 88.2243821695447 4.984755761921406 0.3416259065270424 0.7301613315939903 1.174891375005245 1.392263844609261 0 0.3023063838481903 0.3900458887219429 3.079765357077122 0
248.9938559681177 1126.267129644752 0 7.849644713103771 824.2424028515816 0.152796745300293 229.2732309997082 1532.147498697042 524.9434084072709 6.568107761442661 3057.062849193811 85.06690097600222 439.4651158079505 719.2403156757355 22.18213664740324 9.150146752595901 3.813473396003246 2.43163974583149 0.0852026641368866 2.950069509446621 21.15978471189737 0.1642898619174957 3.836758330464363 3.028501242399216 2.692213751375675 11.09251972287893 0.9227834343910217 0.8470727875828743 0.7581076323986053 0 3254.702424280345 363.4918110743165 68.64178442955017 1.512747585773468 4.14496023952961 3.741686396300793 44.84571579098701 2.798902280628681 1.727843798696995 1.10797742754221 18.47637133300304 2.628863207995892 5.146243199706078 2.461984351277351 0.9096710309386253 7.083394691348076 89.1017459705472 1.564441718161106 1.630010865628719 3.578516341745853 6.831116139888763 1.564250804483891 0.6344808489084244 0.2991394177079201 1.392780348658562 1.707722045481205 24.39322297275066 690.9398820474744 8.943610027432442 9.59910075366497 28.31118786334991 5.015774525702 1.739112347364426 255.286770530045 2.951508820056915 1.478080876171589 2.594545342028141 7.225528217852116 11.98074308782816 7.431745499372482 53.77826154232025 1.503798425197601 0 228.6294061392546 106.6340873539448 62.88452397286892 13.0257073789835 14.84820130467415 568.1802356094122 529.3976750969887 253.8830699399114 485.5316886752844 9.347806371748447 0 1.199216559529305 7.571732427924871 1.962498106062412 0 2.267118729650974 0.5158444344997406 1.8753542304039 0.3725162670016289 3.238784238696098 2.385798022150993 1.885833263397217 13.74117916077375 2.621806524693966 0.1335322558879852 2.561914347112179 42.35742416232824 0.2176946550607681 0.5797536000609398 0 0.3251328840851784 0 1.164859056472778 1.327211052179337 0.2683024108409882 0.8176242485642433 5.718291386961937 2.046499498188496 6.632722482085228 9.712175130844116 6.297437727451324 9.191824987530708 0.3790595903992653 0 0 0 0 0 0 0 0 0 0 0 0 0.1328494548797607 1.040984101593494 0 0.2012142241001129 1.483288176357746 0 0.4588479623198509 0.9067263156175613 0 0 0 9.462233267724514 0.4734580293297768 8.59866027534008 2.21334183216095 0.6314312517642975 0 0.2391369417309761 0.6465737223625183 0 0 0 0 0.1313938349485397 0 0.2216661423444748 0 0.1013841480016708 1.063697189092636 0.3329225778579712 0 0 0 0.07822296023368835 0.08158775418996811 0 0.5525666773319244 0.1124344766139984 5.603024914860725 0.1407872438430786 0 0 0 0 0.2219399213790894 0 0 0.911956712603569 23.19743417203426 0 0 0 0.8625172078609467 2.455163881182671 1.215092480182648 5.173844009637833 1.244671791791916 0.3725624084472656 0.2097320035099983 0 0 0.3453264236450195 0 0 0 0.1150703430175781 0.1930079981684685 0 0 8.421134389936924 3.605184748768806 6.072229243814945 260.2101259678602 57.93309231847525 298.0397471934557 87.54250774532557 90.38192860782146 27.6832786872983 6.074944391846657 64.09096116572618 4.811448812484741 0 1.571213528513908 1.180673196911812 4.528796263039112 0.3769804835319519 0.09883294254541397 0.1225035935640335 6.098826825618744 0.2220062911510468
2088.886403173208 904.3447071611881 7.849644713103771 0 89.3144386857748 251.2383421361446 1080.548490650952 0.8838367983698845 26.65926393866539 2342.556559547782 1.697394013404846 261.0807668715715 949.3032449483871 55.12594436109066 0.5509997755289078 0 0.2098507136106491 0 0 0 0.227879211306572 0.1627350896596909 0 0 0 0.4274483397603035 0.09077981114387512 0.1910073608160019 0.2238395363092422 0 72.59838332235813 0.1283556669950485 1.061963692307472 0 0 0 0.8068691194057465 0 0 0 0.2590066194534302 0.3626938536763191 0 0.7840524092316628 0.2738994359970093 0.369032621383667 23.4688271805644 1.531684428453445 0.0857110396027565 0 0.8811519294977188 0 0 0.2056735157966614 0.5533281862735748 0.75600366294384 21.4793344065547 146.3840297684073 3.531503669917583 5.740845933556557 0 0 0 9.141176670789719 1.423065409064293 0.3646541461348534 0.7171244248747826 0.3181999698281288 0 0 1.184011943638325 0.6431075930595398 0 92.32243651896715 20.07548523694277 26.04153115302324 0.8932034969329834 0 0.1717287749052048 1.083410792052746 1.073381014168262 1.199572443962097 5.198148362338543 0 0.5013537704944611 2.967786334455013 0.2758910208940506 0 0.8883536010980606 0.2695785313844681 0.254067562520504 0.1104789525270462 0 0 0.1147979944944382 101.2074131220579 1.097013056278229 0 0 237.7700450867414 0 0.3243713080883026 0 0.1541811376810074 0 0.4317731857299805 2.326610371470451 0.9362369179725647 54.77407711744308 2.98527903854847 0.3967648446559906 3.843097671866417 3.55368509888649 0.9510971307754517 2.275520242750645 0 0 0 0 0 0 0 0 0 0 0 0 0 0 0 0 0 0 0 0 0 0 0 0 2.605704054236412 0 1.929717667400837 0.5507286787033081 0 0 0 0 0 0 0 0 0 0 0 0 0 0 0 0 0 0 0 0 0 0 0 1.580429226160049 0 0 0 0 0 0 0 0 0 4.540769681334496 0.7410902976989746 0 0 0 0.6757560595870018 0 2.985668525099754 0 0 0 0 0.1205786019563675 0 0 0 0 0 0 0 0 1.836977273225784 0.3785765767097473 1.928570136427879 152.0905593261123 13.89691358804703 198.117884606123 37.96667354553938 753.519728295505 15.11429597437382 3.162501849234104 32.77210384607315 2.087765857577324 0.09430386126041412 0.8397192358970642 0.1505155861377716 2.496536239981651 0.1657322198152542 0.209398940205574 0.0991513803601265 0.1575835794210434 0
536.2978950291872 4979.536494076252 824.2424028515816 89.3144386857748 0 4.604820907115936 3566.761074118316 111.1352715939283 3344.359932616353 61.40092213451862 682.0799182280898 145.4406366497278 584.7987080663443 950.1369628980756 4.423193670809269 2.016331352293491 0.4646082073450089 0.09182918816804886 0 0.1209075748920441 0.5476685166358948 0 0 0.2442228570580482 0 0.2633059844374657 0 0.1410713344812393 0.3431155681610107 0.08723889291286469 431.4585494622588 10.00860625505447 9.605474360287189 0 0 0.1012361571192741 2.126149617135525 0 0 0 1.175199307501316 0.1175253316760063 0.7571186125278473 0.2359216436743736 0.1139010787010193 0.4058690518140793 50.9572672098875 2.439751036465168 0 0.5454126223921776 1.416782282292843 0.6582161113619804 0 0.4943867623806 0.4939164519309998 1.003274783492088 15.14153207838535 193.6153205633163 7.060012944042683 9.418502002954483 0.3436489105224609 0.1225907653570175 0 20.16423731297255 2.281456541270018 0.7720802649855614 1.412438869476318 0.8260569870471954 1.267226099967957 0.2852022722363472 10.14184965193272 0.5666179433465004 0 129.4219041243196 33.35381454974413 50.61766475439072 7.379688076674938 0.3433855548501015 2.365386269986629 5.72959166020155 3.82891871035099 7.312124103307724 6.505631223320961 0.2397151812911034 1.578742370009422 6.183270439505577 1.633945770561695 0 1.255133911967278 0.076062873005867 0.5879168957471848 0.7493849322199821 0.3566857054829597 0.2346399202942848 0.5041068494319916 18.30182522535324 0.4032301902770996 0 0.377280592918396 57.24338522553444 0 0.4458144307136536 0.3164030164480209 0.3723868504166603 0.4483749642968178 0.6018410176038742 2.490925759077072 0.594277486205101 1.894021011888981 7.900522038340569 0.4168974980711937 5.892189092934132 9.226554557681084 2.281788356602192 8.062267996370792 0 0 0 0 0 0 0 0 0 0 0 0 0 0 0 0 0 0 0 0.3430260121822357 0.27520552277565 0 0 0 6.402599677443504 0 5.412180304527283 0.9542156383395195 0.2101636677980423 0.2210805416107178 0 0 0 0 0 0 0 0 0 0 0 0 0 0 0 0 0.1143125966191292 0.5091812461614609 0 0 0 4.524557389318943 0 0 0 0 0 0 0 0 0 18.16133710741997 0 0 0 0 1.5092433989048 0 3.550923578441143 0.1363524794578552 0.593568816781044 0.2929805889725685 0.1009536013007164 0.08649581670761108 0.1774479597806931 0 0 0 0 0 0 0 7.436048530042171 2.694609925150871 2.127053566277027 216.7460109367967 37.01155781000853 285.0914521887898 76.58049562573433 194.2232859581709 22.19529704749584 4.892312936484814 63.12328554689884 5.410481639206409 0.2307590991258621 0.4093197211623192 1.052408650517464 3.666415430605412 0.0900920107960701 0.08629526942968369 0.4007347524166107 5.793992564082146 0
216.6911840438843 100.9947043508291 0.152796745300293 251.2383421361446 4.604820907115936 0 58.91284812986851 0.5121622383594513 0.484234020113945 787.3436878621578 1.213081046938896 41.42219167947769 15.11850947141647 3.177387475967407 0 0 0.1588492840528488 0 0 0 0 0 0 0 0.2787581384181976 0 0 0 0 0 0.3807806074619293 0 3.882667690515518 0 0 0 4.021619334816933 0.1973557323217392 1.472475379705429 0.2535695135593414 0 0 0 0 0 0 0.2555737197399139 0.320883572101593 0 0 0 0.1835914105176926 0 0 0 0 335.8190553635359 55.66719472408295 1.962359815835953 0 0 1.030653461813927 0 0 0 0 0 0 0 0 24.21621522307396 219.0459312051535 3.109970942139626 1.102207705378532 0 0.1113812923431396 0 0 0 3.102775081992149 0 0.5796535760164261 0 0 0 0.120250441133976 0 0.1154532060027122 0.2631030082702637 0.193202018737793 0 0 0 0 0 289.2870396822691 153.3900424316525 6.615284144878387 4.467051774263382 689.7813322395086 0 1.462906062602997 0 0 0 0.8205931484699249 4.865176483988762 1.123408630490303 2.397774577140808 9.51230888068676 0.2236488237977028 4.903865091502666 5.984359338879585 3.387348666787148 1.91639532148838 0 0 0 0 0 0 0 0 0 0 0.2254959046840668 0 0.2675920128822327 0.1513357758522034 0 0 0 0.3066896796226501 0 0 0.2171168774366379 0 0 0 6.694277696311474 0 3.708558313548565 1.373563662171364 0.1674248427152634 0 0 0 0 0 0 0 0 0 0 0 0 0.2563090324401855 0 0 0 0 0 0 0 0 0 1.809387437999249 0 0 0 0 0 0 0 0 0 6.799636296927929 3.898406505584717 0 0 0 0.8881262242794037 0 1.780114814639091 0 0.4614560008049011 0 0 0 0 0 0 0 0 0 0 0 2.290839523077011 8.953926041722298 6.706675812602043 169.6727658957243 3.35114660859108 3.112289287149906 0.5927546322345734 276.5889259576797 2.035362243652344 0.2225952297449112 0.7672387957572937 5.820414692163467 0 1.282252252101898 0 10.06987302005291 0 0 0 0 0
1464.140271767974 3070.895345322788 229.2732309997082 1080.548490650952 3566.761074118316 58.91284812986851 0 105.2366618216038 3617.173283666372 2435.688425526023 312.5327860936522 115.9034495428205 4157.865181736648 1751.40075096488 13.01258084177971 2.455704510211945 3.158892795443535 0.6516210734844208 0 0.4610085338354111 3.138505518436432 0.2150991708040237 0.3865605294704437 0.4651283547282219 0.1076874062418938 3.859022401273251 0.6003634035587311 2.144637413322926 0.4536984488368034 0.4457844346761703 399.6813487410545 8.93157147616148 14.339340493083 0.2365877777338028 1.171400502324104 1.473694659769535 3.883820280432701 0 0 0.4270148575305939 5.364716790616512 2.60905759036541 0.9364689514040947 1.463128216564655 0.565183587372303 1.939010076224804 218.6414899304509 5.129076793789864 1.537631645798683 1.36340669542551 5.008622162044048 1.170742832124233 0 2.227768838405609 2.121872529387474 2.092809587717056 41.15922451764345 376.6283637806773 21.96687132120132 38.44138298928738 3.054111137986183 0.4982441365718842 0.4333577081561089 56.77751147001982 8.593888502568007 2.964060008525848 5.020341277122498 3.786424376070499 1.742066368460655 1.918825916945934 14.13576531410217 2.761346653103828 0 374.7868552282453 96.33365835994482 164.1462842822075 20.06085136532784 3.180018797516823 7.134968750178814 23.12245351076126 16.76538075506687 41.35382350534201 26.9573887437582 0.2413837537169456 4.522394143044949 17.76338075473905 3.881493479013443 0.2343861907720566 4.679174415767193 0.1581670418381691 3.247543014585972 2.165989153087139 1.199555680155754 2.564886927604675 6.426024533808231 210.084544532001 2.312187045812607 0.1911886930465698 0.5212845057249069 158.2145548015833 2.109303586184978 7.246179535984993 13.80318985879421 19.20813384652138 0.8114705681800842 12.87766053527594 34.47454351186752 6.778857916593552 30.34195397049189 69.02327597886324 4.574795246124268 57.81731103360653 67.09409499913454 31.12798660248518 48.01808832585812 0.4489537328481674 0 0 0 0 0 0 0 0 0 0.2067404836416245 0 0.3339054435491562 0.2703395783901215 0 0 0.4445221126079559 0.3154304027557373 0 2.541739799082279 2.046282023191452 0 0 0 36.97907570749521 0.4606156945228577 29.67583082616329 5.280463829636574 0.2682953029870987 0 0 0 0 0 0 0 1.163521870970726 0.8766543418169022 0 0 0 0.8036607354879379 0.3433396220207214 0.155149444937706 0.3544668033719063 0 0.542111448943615 1.697028316557407 0 0 0.2101801186800003 23.44633686542511 0.4029024541378021 0.1100760921835899 0.2223771065473557 0 0.1014490127563477 0.4778472483158112 0 0 0.1134076192975044 110.6058586090803 1.008950412273407 0 0 0.1393091678619385 14.71771490573883 1.523625031113625 24.1314434632659 2.634429477155209 1.538098603487015 1.714949570596218 0.2707205638289452 0 0 0 0 0 0 0 0 0.1067568808794022 46.7834345921874 15.10265033692122 20.70918375253677 944.3489404320717 147.5451371744275 1027.24486964941 285.7144397124648 861.5253920406103 89.0679796487093 21.0676479190588 275.0844910442829 27.00721830129623 0.204111784696579 6.969410471618176 1.983408518135548 35.65705942362547 0.2310736551880836 0.2653799206018448 4.387244388461113 14.5586448982358 0.9493874609470367
8.262096844613552 55.37475913763046 1532.147498697042 0.8838367983698845 111.1352715939283 0.5121622383594513 105.2366618216038 0 496.7148309051991 4.533121638000011 2088.271443203092 16.57223163545132 147.1207768693566 691.126302190125 21.8727694824338 10.25499587506056 8.090619333088398 2.78243350982666 0 3.67980220168829 32.26574870198965 0.6504868268966675 7.840089797973633 6.202267810702324 3.314634546637535 16.34949027001858 0.3991649225354195 2.821836225688457 0.2887360602617264 0 537.1716321930289 574.4392465204 48.66765978932381 3.034300729632378 14.08291061222553 5.205701135098934 23.5448716506362 2.545271649956703 0.9191188812255859 0 29.38601479679346 1.343809448182583 6.657741710543633 4.984630323946476 1.976198442280293 3.271350130438805 139.5636371523142 2.795583195984364 3.011456027626991 6.554256334900856 11.78520675003529 1.089166060090065 0 0.4564028307795525 0.7950691878795624 0.5747682899236679 8.06852650642395 109.4450908303261 6.345747850835323 16.70642684400082 33.85416448861361 5.857272282242775 5.983115136623383 232.5809175670147 2.206165604293346 1.500087276101112 2.142398744821548 9.165910333395004 8.090390764176846 10.89741568267345 23.23729655891657 1.534546367824078 0.126118928194046 100.032794341445 54.84573171287775 96.84481734037399 35.23981976509094 124.8039298206568 1369.319527857006 1260.009234018624 513.9313112348318 1449.397002622485 5.434603944420815 0 0.1029108837246895 4.211403824388981 2.203755848109722 0 0.9138698950409889 0 2.19441644847393 1.460076183080673 4.163808964192867 4.342189334332943 2.351739466190338 3.741004213690758 1.454302802681923 0 1.23381370306015 6.045940361917019 0 0 0 0.3494080007076263 0 0.1461195647716522 0.958480529487133 0.2354690283536911 0.3233351707458496 1.089713878929615 0.3122418895363808 2.464874848723412 1.936036758124828 1.070531964302063 1.643304958939552 0 0 0 0 0 0 0 0 0 0 0.1395948082208633 0 0 0 0.9895676076412201 0 2.061312660574913 0.2967982292175293 0 0 0 0 0 0 4.013861864805222 2.084623068571091 4.049784027040005 2.01833414286375 1.405749976634979 0 1.319340258836746 0.4830175340175629 0 0 0 0.7516589462757111 0 0.410832867026329 0 0.2912976443767548 0.1320167183876038 1.911993265151978 1.478427454829216 0 0 0 0 0.07897981256246567 0 0 0.2109811753034592 1.28256094455719 0.212483748793602 0 0 0 0 0 0 0.1327846795320511 0.9526349753141403 6.462854146957397 0 0 0 0.2809300720691681 1.081210874021053 0 2.542588584125042 0.2781892418861389 0 0 0 0 0 0 0 0 0 0 0 0.2955332696437836 1.826554022729397 1.104269839823246 2.457050651311874 339.6277868375182 50.450534299016 327.7726313993335 105.3662098944187 67.99439280480146 23.45204876363277 2.67817061394453 93.33264154940844 6.963140860199928 0.2639978975057602 0.209909550845623 0.09750521928071976 0.6368290483951569 0.3060612380504608 0 0.8559790328145027 7.438808776438236 0.6206646114587784
35.18522176891565 528.3358111679554 524.9434084072709 26.65926393866539 3344.359932616353 0.484234020113945 3617.173283666372 496.7148309051991 0 164.3339923620224 3157.794415295124 112.8365790247917 784.5811156854033 1466.048867732286 7.803723350167274 1.6679867208004 0.8664979636669159 0.09235972911119461 0.09147410839796066 0.6123710870742798 2.595424950122833 0.1429995894432068 0.9804692417383194 0.07527359575033188 0.2588507384061813 0.8245797604322433 0 0.1740740537643433 0.5998568311333656 0 149.6725747585297 5.805620811879635 8.926733061671257 0 0.1011727154254913 0.2127283811569214 5.536878734827042 0 0.2658954039216042 0.2129860073328018 2.995638996362686 1.038062520325184 0.08557412028312683 0.4682384431362152 0.1775364354252815 0.4563337713479996 69.28735407441854 1.167127124965191 0.127160057425499 0.2320894151926041 1.078534312546253 0.1120474562048912 0 0.5953821614384651 0.1920302137732506 0.3623539656400681 9.559062823653221 72.12031991779804 4.449043333530426 9.203586302697659 2.136762723326683 0.1457661390304565 0 19.42328318208456 1.830617547035217 0.1090067028999329 1.797527626156807 0.6817072257399559 1.547882616519928 0.1251060515642166 12.18967478722334 1.090432375669479 0 83.02079377323389 20.95289491862059 47.48710306733847 5.870687305927277 2.779115252196789 4.93849816173315 15.92555075883865 8.815557107329369 20.77463040500879 6.48708588629961 0.08119707554578781 0.8705619871616364 3.251982904970646 1.060376569628716 0 0.8983674570918083 0 0.9747917056083679 0.2659591361880302 1.038447082042694 0.3293586894869804 1.433271110057831 53.06861983239651 0.3323731422424316 0 0 11.43413796275854 0.2603835090994835 2.633444368839264 0.8897546455264091 0.8375703394412994 0.2896527349948883 3.269792415201664 9.209476597607136 1.631143137812614 4.927142456173897 24.85675852000713 1.791026495397091 20.22072827070951 19.77504059672356 9.893525570631027 16.51549654453993 0.09667175263166428 0 0 0 0 0 0 0 0 0 0 0 0.2023978978395462 0.2886828482151031 0 0 0.2210063338279724 0 0 0.5269826725125313 1.494806125760078 0 0 0 12.06588797271252 1.411701835691929 12.62803197652102 0.9133091121912003 0 0 0 0 0 0 0 0 0.7317275851964951 0 0 0 0 0.341535359621048 0 0.07611335068941116 0 0 0.3850565478205681 0.09802309423685074 0.1551997661590576 0 0 9.066797189414501 0 0 0 0 0 0 0 0 0 36.87398388981819 0.2833873927593231 0 0.1666588187217712 0 6.528706192970276 0.876176156103611 10.63123782724142 0.3230724856257439 0 0.590410053730011 0.2094471082091331 0.2518433108925819 0 0 0 0 0 0 0 0 14.70732569694519 3.743372395634651 6.528249435126781 371.6121590733528 41.45340152084827 298.3014239817858 93.7468456402421 124.774967469275 28.03450149297714 4.236397162079811 86.63337000459433 9.828426077961922 0.2027147188782692 2.655859559774399 0.7968444749712944 14.81451427936554 0 0 0.4070607125759125 6.87076061218977 0.4957804530858994
1378.947040937841 329.352823972702 6.568107761442661 2342.556559547782 61.40092213451862 787.3436878621578 2435.688425526023 4.533121638000011 164.3339923620224 0 16.69680239260197 2220.64374101162 6110.064220204949 276.0619899556041 3.336834222078323 0 0.9272335767745972 0.1053168773651123 0 0 0 0 0 0 0.7837433218955994 0 1.393769502639771 0 0.9137962311506271 0.2230550050735474 21.70498694479465 0.8791708201169968 15.81173652410507 0 0 0 5.515879720449448 0 1.655016303062439 0.3070423305034637 0.9549262225627899 0.5973766148090363 0 0.1140788495540619 0 0 34.9200953617692 0.1404023617506027 0.1101594790816307 0 0.7003402560949326 0.8362901210784912 0 0 0.1106168702244759 0.2000430226325989 29.42378359287977 68.36409019678831 4.646112143993378 3.865346357226372 0.2922178208827972 2.150775760412216 0 4.367116674780846 0.6790726557374001 0.09605628997087479 1.070323139429092 0.4510060176253319 0.1784723401069641 0.2939815819263458 68.17151223868132 9.567519024014473 0 54.21975245326757 5.926158599555492 18.58820044249296 2.506813228130341 0.3147437870502472 0.9480729252099991 22.20470552891493 2.336190260946751 7.642289392650127 2.546778596937656 0.1297471076250076 0.4211307838559151 2.316330425441265 0.2362577170133591 0.1018301248550415 0.08760249614715576 0.3423596918582916 0.5552959442138672 0.3111728429794312 0 0.1327407360076904 0.7275663912296295 1161.760681137443 22.20270119607449 0 2.888064756989479 332.3128105252981 0.4251969754695892 6.93515532463789 1.846413686871529 0.7216123193502426 0 10.75057021528482 34.56624565273523 4.779107674956322 65.33552337437868 86.02408692985773 10.20970176905394 66.08402899652719 88.46273270249367 33.90426826477051 45.26600824296474 0.1335510164499283 0 0 0.1041484251618385 0 0 0.2838915884494781 0 0 0 0 0 0 0.1901871263980865 0.7622234225273132 0 0 0 0 2.822871573269367 3.253466755151749 0 0 0.4126829206943512 48.02403765916824 1.144443616271019 36.16165553033352 7.021783769130707 0 0 0 0 0 0 0 0 1.122047170996666 1.04887592792511 0.1573326140642166 0 0 0 0 0 0.09266088902950287 0 0 0.66299968957901 0.8323023021221161 0 0 23.01519953459501 0.341717541217804 0.1202728748321533 0 0 0 0 0 0 0 115.4407087415457 0.1803089380264282 0 0 0 15.21086826920509 1.552989736199379 32.89413596689701 2.300494126975536 1.678248286247253 1.783569075167179 0.1398108452558517 0 0 0 0 0 0 0 0 0 33.62299095094204 15.74681875109673 27.50439066439867 870.5037854760885 30.9641996473074 192.3776576071978 53.16536388546228 1418.632087081671 22.46600840985775 3.385171227157116 94.58776061981916 26.82400622963905 0.2031218260526657 9.740523397922516 1.359784096479416 78.65362883359194 0.2030712515115738 0.1633871644735336 2.102667361497879 1.848549485206604 0
83.98737569898367 425.6117194220424 3057.062849193811 1.697394013404846 682.0799182280898 1.213081046938896 312.5327860936522 2088.271443203092 3157.794415295124 16.69680239260197 0 295.852845929563 2238.889326199889 5268.565604604781 34.19750079512596 24.16623224318027 5.418855652213097 0.3018171936273575 0 0.5441059544682503 4.590512692928314 0.8864597678184509 1.062167525291443 1.169941991567612 5.53604094684124 7.296677604317665 0.2412769868969917 2.2524608746171 0.7293389365077019 0.2272746860980988 754.8253982514143 204.9913792088628 447.0167706385255 1.483555763959885 2.215958952903748 3.538592368364334 231.3060437291861 3.939746454358101 11.45873373001814 1.090685978531837 7.207804635167122 1.91950810700655 0.9554699063301086 4.667084559798241 0.09815347939729691 1.274430952966213 117.4903818666935 1.089513011276722 1.066421985626221 1.169631838798523 2.230822324752808 2.462008081376553 0.1798759400844574 0.6589247286319733 0.7128284275531769 0.4209408387541771 11.29867302626371 188.1440226733685 5.954644121229649 10.42035953700542 4.438389614224434 18.49913751333952 0.7225698530673981 33.60151989758015 2.380905725061893 0.409274660050869 2.557747606188059 2.285276412963867 1.447092890739441 0 229.8619755581021 7.299344427883625 0.1066896989941597 111.2865347489715 26.62159440666437 64.10676901787519 19.3833712041378 9.302447289228439 231.2010544911027 439.4369353577495 18.61878028512001 146.1733069047332 5.427273780107498 0.08247272670269012 0.8738159984350204 4.616872262209654 1.178394563496113 0 1.186473876237869 0 1.298294246196747 0.6346856355667114 0.2243305072188377 1.239824153482914 2.359623417258263 33.14176665246487 7.030823454260826 0.2884735688567162 12.43715761601925 27.42813147604465 0.9934738576412201 0.7567192763090134 0.7482479885220528 0.7273504287004471 0 2.175550490617752 4.971838489174843 1.604203782975674 3.649245694279671 10.40922203660011 2.826310336589813 15.25282303988934 18.21417012065649 10.51119080930948 17.79467904567719 0.08368371427059174 0 0 0 0 0 0 0 0 0 0.1812236160039902 0 0.1444633007049561 0.2162877768278122 1.268618389964104 0.1176371052861214 1.756847731769085 1.637318879365921 0.274199903011322 0.8856547698378563 1.436675757169724 0 0 0 22.26125028729439 2.00148781388998 18.46818255633116 3.870059467852116 1.891837120056152 0 0 0 0 0 0 0 0.5734060183167458 0.618840828537941 0 0.3209837377071381 0 1.090001806616783 0.2779438197612762 0.1498138308525085 0 0.08025188744068146 0.7135437354445457 0.6928749904036522 0 0 0 12.80664619803429 0 0.3446650505065918 0 0 0.07136921584606171 0 0 0.2559000253677368 0.1472487598657608 58.04031444340944 0.4338823482394218 0 0.1015227064490318 0 6.504776477813721 1.406030811369419 13.17591448873281 0.9013627842068672 1.221714816987514 0.4888686612248421 0 0 0.1273479163646698 0 0 0 0 0 0.1662404984235764 0 17.08885718882084 11.59142315387726 14.68634933233261 382.6819683015347 51.24796406179667 326.8991527110338 101.3892544135451 131.1732259094715 24.83305379748344 6.153897322714329 112.8147352337837 9.247879467904568 0 5.18263191729784 1.395994693040848 8.418552994728088 0.6024536639451981 0.1107114180922508 2.836044982075691 7.854729868471622 0
82.20278989523649 78.10522927343845 85.06690097600222 261.0807668715715 145.4406366497278 41.42219167947769 115.9034495428205 16.57223163545132 112.8365790247917 2220.64374101162 295.852845929563 0 2269.028927788138 281.2588995397091 5.755446568131447 1.11947874724865 0.2991731613874435 0.1555151045322418 0.09268293529748917 0 0.3941480219364166 0.1068631112575531 0 0 0.1889669448137283 1.346666932106018 0 0.4848122298717499 0 0 39.12649633735418 1.080358907580376 9.842410743236542 0 0.434198796749115 0.5449625849723816 12.76768584549427 0.1107577234506607 0.8744032680988312 0 0.2582844793796539 0.6994954869151115 0 0.2213896885514259 0.0983438715338707 0.2094297707080841 29.46362039446831 0 0 0 0.337220624089241 0 0 0 0.08287690579891205 0.09425842761993408 4.91315932571888 19.86816088855267 0.356160044670105 1.551919490098953 0.1525892168283463 2.705319538712502 0 2.100973948836327 0.2218067497014999 0 0.331521287560463 0.2370626404881477 0.1721074879169464 0 67.27346036583185 25.55713133513927 0 17.16645868867636 3.417276479303837 10.73132891952991 3.403686359524727 0.7641401961445808 1.550024390220642 11.28360015153885 3.703910745680332 8.956753954291344 1.951380088925362 0.2631422430276871 0.2530950531363487 0.6086253300309181 0.2468947321176529 0 0.07848253101110458 0 0.4432809203863144 0.2572411671280861 0 0.1889601349830627 0.1323860287666321 2865.64531570673 103.76241530478 0.1669029742479324 3.281297534704208 21.90619634091854 1.893148973584175 13.83270001411438 5.418003730475903 6.541957154870033 2.160120040178299 19.50287605077028 92.2986668124795 12.61990271508694 29.86396910995245 184.5083683654666 19.65260984748602 148.4129489734769 172.8913862630725 84.33287757635117 129.6573949232697 0.3527931421995163 0.595318578183651 0 0 0 0 0 0 0 0 0 0.1601300984621048 0.1214671805500984 0.3755312487483025 0 0 0 0 0 3.892770349979401 2.159744657576084 0 0 0 63.14735085517168 1.312856860458851 53.6798347607255 4.882357455790043 0.4891403466463089 0 0.1518141180276871 0 0 0 0 0 3.285315930843353 1.718815542757511 0.339962363243103 0 0 0.1657005548477173 0 0.1745351254940033 0.6026174575090408 0 0.483256496489048 2.085122674703598 0.188607469201088 0.2229852080345154 0.1789720058441162 39.32341269403696 1.38482453674078 0.5250744596123695 0.2807422280311584 0.27442616969347 0.1887232139706612 0 0 0 0 243.2978077754378 1.519724197685719 0 0 0.3680092096328735 32.41463549435139 5.614991173148155 45.01645973324776 2.52388609200716 2.775177784264088 2.018329069018364 0.6492715626955032 0.6835619732737541 0.08025388419628143 0 0 0 0.09062497317790985 0 0 0 128.9614972248673 30.95685139298439 36.14488890767097 446.6607527434826 15.03353798389435 97.16645273566246 31.43478208780289 112.1877113729715 10.50324597209692 1.461869098246098 51.631760828197 19.56789408624172 0.2128337323665619 14.40614730119705 2.640188418328762 107.2483872771263 0.6841347515583038 0 7.598533622920513 2.319106511771679 0
100.5582022368908 297.2954257503152 439.4651158079505 949.3032449483871 584.7987080663443 15.11850947141647 4157.865181736648 147.1207768693566 784.5811156854033 6110.064220204949 2238.889326199889 2269.028927788138 0 4649.61451792717 22.9336900562048 12.19841987639666 1.104688450694084 0 0.1117992699146271 0.225085087120533 1.49789471924305 0.7318504303693771 1.249273478984833 0.3812830522656441 4.299728393554688 2.363847605884075 0.326127789914608 1.848385751247406 0.5644979998469353 0.107560820877552 208.4936861470342 12.04568965733051 137.6096583902836 0.08653315901756287 0.5328474789857864 6.892448082566261 71.51142781972885 2.663961432874203 6.977164305746555 0.2057965397834778 2.87247633934021 1.00215969979763 0.2853586971759796 1.566267050802708 0.2050013691186905 1.101557768881321 97.54145999252796 0.6032819375395775 0.1302559226751328 0.2829382717609406 0.8505129963159561 1.390154995024204 0.7779374867677689 0.832174114882946 0.7078199833631516 0.785075955092907 9.72097260504961 88.98848211765289 4.515226073563099 10.09212012588978 2.907698981463909 34.74502488970757 0.3020041137933731 16.67739597707987 1.529386628419161 0.4447787255048752 1.584820739924908 1.302201844751835 0.963636189699173 0.7763296589255333 281.2590154409409 17.24397696554661 0.1026805266737938 66.04565393179655 14.82455716282129 43.26428238302469 10.55082760006189 2.467091493308544 8.370740920305252 80.20722227543592 12.71690140664577 49.05798952281475 2.682466238737106 0 0.908093087375164 4.364063993096352 1.433797650039196 0.1150753647089005 1.04603485763073 0.2286636978387833 2.255269311368465 1.179112233221531 0.6636122018098831 1.405180878937244 3.472237206995487 2421.678381770849 67.31029129773378 0.3952766731381416 9.744943596422672 20.69089002907276 2.071683526039124 19.18199457973242 4.291810750961304 4.844079807400703 0.7980493828654289 25.42593730986118 84.11398724466562 13.5625628605485 31.8505582138896 208.5670227110386 18.25440322607756 171.0197867229581 202.8783364221454 82.57318908721209 166.4431253820658 0.130931943655014 0.07948299497365952 0.3616168349981308 0.137169361114502 0 0 0 0 0 0 0.1302580684423447 0 0 0.2998955398797989 0 0 0.364937037229538 0 0 4.78828252106905 6.260226175189018 0 0.3740155100822449 0 98.74666953831911 1.940989196300507 83.78887693583965 11.37543734908104 0.5816177725791931 0 0.5639034807682037 0 0 0 0 0 2.962427519261837 2.163034215569496 0.3018550351262093 0.5069646537303925 0 1.235218338668346 0.3044350147247314 0 0.4424966275691986 0 1.095552191138268 1.027275450527668 0.7170083671808243 0 0.1293761879205704 62.38166919350624 0.4683878943324089 0.612686425447464 0.3075807020068169 0.09239433705806732 0.0848708301782608 0 0 0 0 383.1726782172918 1.096958167850971 0 0 0 42.29728057980537 3.359429158270359 58.22528602927923 4.129216961562634 3.203834176063538 2.888687759637833 0.7550578042864799 0.6776541769504547 0.5133533179759979 0 0 0 0 0.3480986952781677 0.168053075671196 0 183.2091652974486 56.89252777397633 47.64853941649199 503.0376904681325 60.38810327649117 287.9100086316466 105.3548660501838 181.8780708909035 27.54608456790447 5.858324483036995 127.9721885994077 22.72342246025801 2.009517557919025 16.26949638128281 3.696383029222488 89.79302895069122 1.290795095264912 1.076143741607666 2.704375214874744 7.957650803029537 0.1443598866462708
61.00579197704792 298.2468535453081 719.2403156757355 55.12594436109066 950.1369628980756 3.177387475967407 1751.40075096488 691.126302190125 1466.048867732286 276.0619899556041 5268.565604604781 281.2588995397091 4649.61451792717 0 36.80422932654619 21.78290824592113 2.67725931853056 0.4125757664442062 0 0.5579701662063599 4.66566975414753 0.5671097934246063 0.2971417903900146 0.7246373817324638 3.182817697525024 5.130497984588146 0.09740687161684036 1.936493001878262 1.11033907532692 0.4485013112425804 272.2428510263562 36.38058303296566 439.0735531523824 0.1221795752644539 0.4938539117574692 4.586829386651516 330.2399718165398 5.50575514882803 10.78539900481701 1.464579910039902 5.323238998651505 2.250904068350792 0.4854573234915733 3.298042736947536 0.1996408700942993 1.211789958178997 161.4217409640551 0.7101494669914246 0.6837777197360992 0.7309280559420586 2.862089201807976 1.079894453287125 0 0.9485775604844093 0.1205882579088211 0.84083192050457 9.120028987526894 107.7150104865432 8.234288722276688 14.25827694684267 5.564200580120087 25.39833194762468 1.373394221067429 26.47663003206253 2.335172053426504 0.9197524264454842 0.9839468821883202 2.312819503247738 1.629806205630302 0.9058553129434586 241.4273877963424 8.490781925618649 0.1033922284841537 93.27872103452682 22.22459921240807 76.53805208206177 19.80928016453981 7.662822924554348 81.18193414062262 390.8721932992339 22.06505015492439 106.7063885629177 6.215384513139725 0.2630833238363266 1.482036471366882 5.504082255065441 1.629241749644279 0 0.8994916006922722 0 2.6729955971241 1.353674858808517 2.207293935120106 1.484296351671219 1.876012541353703 372.0372935160995 12.24852427840233 0.2284415066242218 13.53037660568953 16.1965429931879 0.9617543891072273 5.75977998226881 1.826933942735195 3.471727833151817 0.6101540923118591 11.19500415027142 37.29158951342106 5.972303852438927 16.61918998509645 85.04698734730482 10.81358008831739 76.65513224899769 78.6574420183897 43.43844196200371 73.09425654262304 0 0 0 0 0 0 0 0 0 0 0 0 0 0.2010641396045685 0.5141765922307968 0 0.6376203149557114 1.147444605827332 0.4391634315252304 1.429281018674374 4.909545727074146 0 0 0.5246768444776535 60.61481676250696 1.402099117636681 44.55549808591604 9.708197824656963 0.8578666225075722 0 0.3210229575634003 0.1939459443092346 0 0 0 0 1.603827193379402 1.021774373948574 0 0 0.1506011188030243 1.528128236532211 0 0.1629896834492683 0.3118009120225906 0 0.756633423268795 0.7023611515760422 0 0 1.084695264697075 37.78956285119057 1.391257226467133 0.3865678459405899 0.5511848255991936 0 0 0.1081123650074005 0 0 0 158.4501911103725 0.4594037085771561 0 0 0.2539557293057442 25.12629319727421 2.413897395133972 36.84599135816097 2.305922836065292 3.140764899551868 1.048180401325226 0.967762790620327 0.1930902302265167 0 0 0 0 0 0 0 0 60.68493797630072 24.18540398031473 31.07674690335989 667.2569433897734 81.5626023337245 459.0304306447506 153.6042223423719 180.1889586895704 37.38182802498341 5.187720499932766 156.8882631659508 18.36437030881643 0.5265037566423416 10.55794441699982 1.148240976035595 43.86030742526054 0.9234412908554077 0.3175880759954453 3.49982512742281 11.02453848719597 0
