0 5756.463866598904 1298.127842336893 1317.294498831034 640.0404576361179 165.2609540075064 1102.348817460239 436.2575310468674 46.31573416292667 2015.893217429519 746.3301579281688 106.5598194748163 1321.464748717844 136.2683989703655 7.921469949185848 3.10400627553463 0.340269923210144 0 0 0 1.97162851691246 0 0.5869236588478088 0 2.377010762691498 0.7165674269199371 0.5547227263450623 0.4661115705966949 0 0 831.2260863184929 6.017558589577675 25.26841290295124 0.2025248408317566 0.8809714168310165 1.358070850372314 22.53021043539047 3.685556709766388 5.991721756756306 4.69075408577919 6.249166294932365 0 0 3.582023963332176 0 0.4320310652256012 27.85625419765711 3.303273357450962 0.1490168571472168 0.1199284419417381 1.011185750365257 0.4827946424484253 0 0 2.83024325966835 24.9864864423871 885.7771407961845 1049.2653850317 204.9607013836503 48.86745063960552 1.31310473382473 2.522929117083549 1.998245134949684 6.154258728027344 11.48818078637123 6.936789751052856 2.905761256814003 3.560829617083073 2.818646892905235 12.81786025315523 53.41218212246895 46.39812141656876 0.8862510174512863 603.1648799031973 61.03268200904131 12.64316972345114 9.431312829256058 8.436512939631939 1.738020420074463 29.07292778789997 2.596886582672596 9.862182676792145 11.37410669028759 1.2616286277771 12.68980173766613 9.744106322526932 2.071448907256126 3.158936724066734 2.707679621875286 2.229885593056679 1.248513787984848 0.7296136468648911 3.134027510881424 0.6547561213374138 0.3350083231925964 255.3059486299753 53.23468227684498 5.006312593817711 7.217254996299744 2273.48580545187 0 0 0.8965995907783508 0.5851840376853943 0 9.194611445069313 0 3.853938564658165 8.831644535064697 0.698947548866272 0.6973472833633423 7.666061192750931 3.241383135318756 13.46345786750317 3.084435403347015 0 0 0 0 0 0 0 0 0 0 0.4118015766143799 0 0 0 0 0 0 0.4071527719497681 0 0 0.2537887990474701 0 0 0 4.257964283227921 0 1.625200212001801 1.193136960268021 0.2550787925720215 0 0.2544777095317841 0 0 0 0 0 0 0.8679789304733276 0.1391733735799789 0 0 0 0.2812986373901367 0.1042536422610283 0 0.1074911132454872 0 1.401806056499481 0 0 0 7.930844202637672 0 0 0.4438419938087463 0.1379234045743942 0 0 0 0 0.4284837543964386 13.86007638275623 0 0 0 0 0 0 1.811165452003479 0.338563360273838 2.275657415390015 0 0.8027861714363098 0 0 0.2447516098618507 0 0 0.7216021120548248 0 0 0 1.32022488117218 2.667422011494637 17.20099207758904 172.2833829596639 18.7990570962429 178.3775013461709 38.45426457375288 1942.803681269288 44.2895148769021 4.187352858483791 31.93289234489202 0.1590768247842789 1.380183659493923 3.245493844151497 2.679148785769939 0.1765623092651367 0 0.2276558205485344 0 1.13583892583847 0.2277567684650421
5756.463866598904 0 2406.392858050764 918.4526017159224 3594.909227930009 164.7959398776293 3011.850044243038 1880.774833746254 1687.023939594626 1476.375435084105 5796.748419471085 12.15580961108208 2558.825405344367 589.1181299239397 12.11016315966845 8.396714046597481 0.6168637424707413 0.2354314625263214 0 0 3.223661050200462 0 0.851493701338768 1.098014682531357 3.741754055023193 0.4048319756984711 0 0.3981723487377167 1.485533207654953 0.4485618770122528 2023.644341468811 14.7039448171854 38.36973866075277 0 1.251311346888542 2.767097905278206 30.09362570941448 4.591151691973209 7.748708993196487 4.642373308539391 9.232915349304676 1.573328398168087 0.4536329209804535 7.646263957023621 0.2660532593727112 0.2337013632059097 126.5431079864502 19.16842126101255 1.158059351146221 2.142524883151054 5.088625386357307 0 0.4343355298042297 1.196518748998642 8.012341737747192 57.97543334960938 187.6104751005769 451.5586523115635 68.88120325654745 79.14600220322609 2.540583819150925 9.544658973813057 2.755291476845741 34.58063470572233 41.07249643653631 19.65581481903791 9.798421062529087 7.990350469946861 3.281289801001549 10.45948626101017 58.29799784719944 21.15326344966888 0.1320520341396332 388.036200620234 167.7823637202382 68.16154816001654 35.63258962333202 23.40827614814043 6.043559059500694 51.31546165049076 5.399899438023567 8.498299062252045 56.85168495774269 2.402927681803703 43.01243501901627 32.05164379626513 12.09163524955511 0.5780599862337112 11.08533788472414 0 2.821360975503922 1.140396952629089 5.899687618017197 3.38524241745472 1.850350081920624 75.09819452464581 2.969074130058289 0 10.74989014863968 949.6041313186288 1.28530353307724 1.127815544605255 4.910888120532036 1.068569287657738 4.835478335618973 104.3782798051834 1.90824943780899 37.64868021011353 11.53246946632862 17.10842649638653 3.77050955593586 82.3286868929863 16.40615078806877 62.00807398557663 34.25716711580753 0 0.5062601715326309 0 0 0 0 0 0 0 0 0.5136262178421021 0 0 0 0.4785225391387939 0 0 0.4160895347595215 0 1.656403958797455 0.3316846191883087 0 0 0 23.93126605451107 0 8.484653681516647 1.878515809774399 0 0.2317316234111786 0 0 0 0.1893840879201889 0 0 2.004446566104889 1.037350296974182 0 0 0 0.2349302768707275 0.8554654866456985 0.8714721500873566 0.3974509537220001 0.2148865312337875 0.2048632502555847 2.227531045675278 0 0 0 29.57140715420246 0 1.304193496704102 0.3773631602525711 1.057293340563774 0.5350068956613541 0 0 0 0 64.94609054923058 0.5598697066307068 0 0.1510109901428223 0.1586499363183975 4.077909886837006 0 0.4552378952503204 5.241440698504448 2.08607006072998 0.6205166876316071 0 0 1.010287001729012 0.8100786358118057 0.4184918701648712 0 2.544756315648556 0 0 0 9.248822748661041 13.89341575652361 51.33729389309883 661.402272477746 81.80622558295727 632.8247187063098 75.58562751114368 1481.594210200012 49.39444702118635 16.31293650716543 95.53630070388317 11.59686647355556 2.458581671118736 15.29242243617773 4.285071641206741 16.07849982380867 0 3.404642276465893 1.381307780742645 3.340875849127769 0
1298.127842336893 2406.392858050764 0 3.49971866607666 989.6464700102806 6.454153671860695 35.01739525794983 5516.135340303183 281.3868017569184 5.627684026956558 5262.058619767427 4.75684717297554 78.5043543279171 244.741796977818 43.31026300787926 30.53272856771946 7.477551743388176 4.747322484850883 0.6503040343523026 23.75337637960911 190.1625401973724 0.11610047519207 43.4092521071434 4.339706137776375 45.25853151082993 25.28651262074709 6.419751860201359 10.1103505641222 2.56367963552475 0.7476010322570801 9807.96458466351 434.1589855402708 40.48075215518475 38.41330553591251 41.29161630570889 80.66449841856956 45.10257007181644 24.78834268450737 10.71905546635389 10.60793110728264 191.8980223760009 8.089814893901348 4.211398258805275 28.94382835924625 9.065844222903252 10.00261048972607 253.6512547433376 63.14138392359018 11.48885098099709 48.36490096151829 31.27470750361681 0.3480343669652939 0 4.929987177252769 10.84750480204821 81.70306113362312 179.1487073898315 898.7291880100965 68.68290723860264 145.7858679816127 34.89158922433853 63.58576208353043 115.8061115443707 313.1806607842445 56.58057121932507 45.28026427328587 45.75046917051077 157.0013955160975 206.9983068704605 484.2286532223225 52.37693023681641 16.49378557503223 0 596.1726717948914 493.8029942438006 155.33227224648 84.15562703460455 86.38996627181768 798.5712807625532 2936.496248312294 119.0172701478004 852.8416783809662 77.30358478426933 3.210381925106049 73.96056782454252 58.05540084093809 129.4518999010324 2.504095084965229 15.5782253742218 0.5836590826511383 5.721311688423157 3.874894708395004 175.6539703086019 9.054026082158089 3.628133356571198 14.0550539791584 3.811138734221458 0.1062465533614159 6.131389036774635 566.4032323658466 0 0 1.308305621147156 0 0.820550799369812 20.74482870101929 2.400908410549164 7.862049207091331 1.265611946582794 0.9446991682052612 0.8484611213207245 14.26712211966515 4.627514898777008 20.44688990712166 12.31863105297089 0 0 0 0 0 0 0.6971491575241089 0 0.188418373465538 1.293788701295853 1.191999807953835 0 0.1819405406713486 0.2157332748174667 0 0.8264835923910141 0.2073288857936859 4.130799025297165 0 0 0 0.3994069695472717 0 0 15.98666942119598 0 7.48161768913269 4.041244171559811 1.926807135343552 3.90634249150753 1.222044259309769 0.4832097589969635 0 0.1604305952787399 0 0 1.636572986841202 0.7562400102615356 0.2792971432209015 0 0.2123187780380249 0.5112318098545074 2.149229690432549 0.7639343589544296 0 1.19380396604538 0.1585364490747452 0.389983743429184 0 0 0.2230009436607361 14.04944902658463 0 0.2658906877040863 0.3656736835837364 1.083858616650105 1.27922023832798 0.1076064109802246 0.6464135348796844 0.1246984004974365 2.532847717404366 29.1503721922636 0.2754940986633301 0 0.15255106985569 1.590686872601509 0.6915381848812103 0 0.3486053049564362 0.3390489518642426 1.599238693714142 0.9086393862962723 0 0 1.117975130677223 0.9263775795698166 0.2437998801469803 0.1778141409158707 6.634681679308414 0.5123721361160278 0.3300416171550751 0.1867473721504211 2.23432645201683 7.612975060939789 24.428666472435 754.0169742181897 151.3865469321609 939.6525838077068 126.2417930066586 226.8987088948488 52.14456620067358 22.67349934577942 133.5862207785249 7.151508167386055 5.357998609542847 9.34955108165741 4.56774690747261 5.85439071059227 1.011392951011658 1.174193538725376 0.9990671873092651 8.270282551646233 0
1317.294498831034 918.4526017159224 3.49971866607666 0 210.8195146024227 373.0415106713772 1195.233942553401 1.993995025753975 44.22474537789822 2864.331786304712 8.436769522726536 308.279059574008 7128.258092626929 250.4691574722528 0.4438681602478027 0.1721197962760925 0 0 0 0 0 0 0 0 0 0 0 0 0 0 48.39920485764742 0 0 0 0 0.1231326088309288 0.7037062346935272 0 0.1212456449866295 0.6510827541351318 0 0 0 0 0 0 5.699497357010841 0.7268034443259239 0 0 0.1563931256532669 0 0 0 0.5640586316585541 2.767310008406639 35.35834214836359 29.5015374571085 7.567141450941563 3.010676026344299 1.16173143684864 0 0 0.6366085857152939 2.578470297157764 1.622144304215908 0.60755705088377 0.1526155918836594 0 0 2.27207487821579 1.148738861083984 0 27.33139950782061 8.582986190915108 1.921339824795723 0.1512361615896225 0 0 0 0 0.2693084180355072 3.055186688899994 0.1060742512345314 2.75872065871954 1.636845275759697 0.9678746983408928 0 0.4099866449832916 0 0.2656335756182671 0 0 0 0 55.38976459205151 0.7779548764228821 0 0 214.2612877935171 0 0 0.4194320440292358 0.8931484520435333 0 16.1121514737606 0.7212779223918915 4.586857035756111 14.37928378582001 4.593698546290398 0.2316879481077194 12.48708194494247 2.497911646962166 5.40778149664402 1.410726204514503 0 0 0 0 0 0 0 0 0 0 0 0 0 0 0 0 0 0 0 0 0 0 0 0 0 0 0.9320085942745209 0 0 0 0 0 0 0 0 0 0.1909601837396622 0.2928151786327362 0.1148873344063759 0 0 0 0 0 0 0 0 0 0 0 0 1.055236294865608 0 0 0 0 0 0 0 0 0 2.284646257758141 0 0 0 0 0.3027133643627167 0 0 0.4243196249008179 0 0 0 0 0.1200426071882248 0 0 0 0 0 0 0 2.022893682122231 0.3066515028476715 3.310785591602325 40.09928102791309 5.36724616587162 32.99077621847391 5.450978964567184 431.672846019268 2.833923742175102 0.806520976126194 3.680611312389374 2.046053647994995 0 0 0.3522945940494537 0.4551781713962555 0 0.2014348655939102 0 0.3031269684433937 0
640.0404576361179 3594.909227930009 989.6464700102806 210.8195146024227 0 23.6438002884388 2825.661907836795 260.6919354572892 4698.807917833328 144.3859991133213 3865.361847825348 40.56670527160168 262.6258649230003 350.490708053112 13.87212301790714 2.022462651133537 0.1890566498041153 0 0.4262433052062988 0.1502136737108231 0 0.2735933363437653 0 0.4584903717041016 0.4511507749557495 0.5259405225515366 0.669586181640625 0.5163756757974625 2.065835863351822 0 236.310923717916 11.64033736288548 22.35777597129345 0.5734843015670776 0 0.1800777018070221 29.68332897126675 1.715820640325546 3.623806834220886 4.546537458896637 0.5613615214824677 0.1351883709430695 0 1.55818472802639 0 0.9198904037475586 81.03962783515453 6.617922142148018 1.459736824035645 0.5298865735530853 2.79084088653326 0.3083507865667343 0 2.524287477135658 4.031523264944553 25.11370434612036 18.35764773190022 62.17828796803951 13.7183508053422 34.40230360627174 2.724552288651466 5.106500372290611 0 28.80905902385712 14.27888959646225 12.85186360776424 6.111803933978081 4.454795695841312 0.2827924489974976 1.623169735074043 120.0988585352898 72.46332055330276 0.3808037638664246 92.88035131245852 76.10471849143505 47.03919430077076 21.34443055838346 5.624478086829185 0.3100129365921021 1.016705967485905 0.9115410447120667 3.407521992921829 23.24671590328217 1.081258937716484 21.01471246033907 18.16797068715096 10.43484824150801 0.1353912651538849 4.963917896151543 0 2.313822247087955 1.157427042722702 0.6559457331895828 1.020896539092064 2.529307723045349 128.3690732717514 9.217906981706619 0 15.09870813786983 67.33431869745255 6.071336656808853 1.267926931381226 27.22629046440125 5.686737224459648 12.87948881089687 328.1187512278557 6.441517502069473 158.4167631715536 25.1280849725008 42.23743037879467 16.06306833028793 292.1870651990175 72.61118049919605 239.8433344513178 101.7855150699615 1.209823951125145 0.1374547481536865 0 0.3676431775093079 0 0 0 0 0 0 0 0 0 0 0 0 0.2000897079706192 0.5740915238857269 0 4.837005585432053 1.781863614916801 0 0.4577158689498901 0 57.35468022525311 0 12.26957625150681 1.165450930595398 0 0 0 0 0 0 0 0 7.296150147914886 3.460193395614624 0.4727112501859665 0 0 0 0.1380250453948975 1.12072017788887 2.463550418615341 0.1118840053677559 0.5017343461513519 10.32868808507919 0.7217048704624176 0 0.8181841969490051 98.13761879503727 0.4359462261199951 6.674834355711937 1.774757623672485 1.164240390062332 0.1476745307445526 0 0.3134423196315765 0.6453636288642883 0 258.6258021593094 2.106024235486984 0 0 0.8016783595085144 9.25196585059166 0.4779203832149506 1.440876036882401 10.66467958688736 11.80976270139217 3.067877471446991 0 0.1539401859045029 1.237866386771202 0.6924688071012497 0 0 1.131767712533474 0.2623952478170395 0 0.1662589907646179 28.0059689283371 79.35632069408894 123.3223263919353 793.732933498919 59.72363754361868 486.0096199214458 49.78409088402987 318.6005531698465 39.87483516335487 7.283899135887623 111.4813783094287 27.94720852375031 2.361898243427277 31.50313451886177 1.803694725036621 53.62308317422867 1.061329118907452 1.443772651255131 5.680721178650856 1.932449981570244 1.107074588537216
165.2609540075064 164.7959398776293 6.454153671860695 373.0415106713772 23.6438002884388 0 209.943184569478 4.305552691221237 60.66045312583447 532.3046952933073 20.31817691028118 240.5862140357494 643.5272795855999 232.4684620350599 1.000439912080765 2.031838536262512 0 0 0 0 0 1.343354001641273 0 0 0.7133374214172363 0 0 0 0 0 25.26624594628811 0 15.76262427866459 0 0 0 23.15106366574764 0.763980895280838 7.767309904098511 0.611704558134079 0 0 0 0.214560478925705 0 0 3.402747482061386 0 0 0 0 9.737613514065742 0 0.8964951634407043 0 4.018411293625832 99.31481362134218 7.015741862356663 13.12302423268557 0.5643191635608673 0.8757312893867493 2.086794286966324 0 0 0.2472554743289948 0 0 0 0 0.2698622643947601 166.4852440059185 595.7689712494612 22.6010649651289 8.906518787145615 0.9213953465223312 0.763728179037571 0.712092861533165 0.2748639583587646 0 15.42150875926018 0.5421727001667023 5.592747375369072 0.3139392882585526 6.657234534621239 0.6376445069909096 0.2613631188869476 0.4957509562373161 37.34171828627586 16.07231721282005 31.48936551809311 2.087505713105202 14.8466994613409 0.1682672947645187 0 2.256964653730392 752.4176519066095 331.090668156743 26.40845310688019 31.30841447412968 223.6607511788607 0 0 0 0 0 3.216235771775246 0 0.9193757176399231 0.9726176857948303 0.8132923245429993 0 0.7830879390239716 0.7145371288061142 1.014632999897003 1.149042844772339 0 0 0 0 0 0 0 0 0 0 0 0 0 0 0 0 0.1800937354564667 0.1940884590148926 0 0 0 0 0 0 11.9048168361187 0 2.419874280691147 0.895300567150116 0.2940553426742554 0 0 0 0 0 0 0 0 0.3250548243522644 0 0 0 0.5656415224075317 0 0.221173956990242 0 0.4470175206661224 0 0 0 0 0 0.9299772381782532 0.8858343958854675 0.2484474778175354 0.2451611831784248 0 0 0.8083965182304382 0 0 0.4769558906555176 5.596841469407082 4.096152395009995 0 0 0.4163157343864441 0 0 0.7102877497673035 0.7003785520792007 0 0 0 0 0 0 0 0 0 0 0 0.2939665615558624 0.1620321720838547 4.831906229257584 13.91333170235157 18.38565756380558 0.2693008854985237 7.988422460854053 1.880025923252106 144.9297737032175 3.60039983689785 0.3793993890285492 1.909126788377762 1.293821513652802 0 1.170051902532578 0.1587349027395248 0 0 0 0 0 0.1888609379529953
1102.348817460239 3011.850044243038 35.01739525794983 1195.233942553401 2825.661907836795 209.943184569478 0 25.0414959564805 2633.486945338547 1356.042793832719 214.5995599105954 69.74328406155109 5331.772677630186 3342.495516620576 9.377829998731613 1.601463928818703 0.4550291895866394 0 0 0.1984692215919495 0 0 0 0 0.7314104437828064 0 0.4756577908992767 1.353839300572872 0.1492732763290405 0 159.0398197621107 6.516847543418407 19.07707883417606 0.1846690326929092 0 0.6391100212931633 27.78568889200687 1.897782251238823 5.50764787197113 2.056417047977448 0.1191041842103004 0.7917938083410263 0.3767957091331482 1.200552776455879 0.7625923901796341 0.5968347042798996 76.91462155431509 10.55193952471018 0.3003643751144409 0.1846444606781006 2.6595493927598 0.2734934687614441 0 0.6882631778717041 2.685910359025002 24.10590743273497 61.13176377117634 86.29611234366894 25.68982535600662 35.73885526508093 1.207904249429703 3.292753487825394 0 20.46533200144768 18.63228709995747 13.221021451056 6.973391555249691 2.138479076325893 0.3334989696741104 0.2425367683172226 116.4778246581554 66.16449747979641 0.1169726103544235 112.4124260619283 59.79553770273924 30.60967015475035 16.71167679876089 6.045437604188919 0.180236354470253 2.358933761715889 0.8977222144603729 2.444995790719986 22.89136595278978 0.4222826808691025 21.87083479017019 17.09459348767996 6.518963798880577 0.3042386174201965 4.920128725469112 0.1305075734853745 2.954835847020149 0.8187387362122536 1.204087495803833 1.197221159934998 2.146331042051315 522.7462914437056 10.39792011678219 0 13.49236100912094 242.9959905445576 5.396085783839226 5.756357222795486 44.83126170933247 14.53162442147732 17.56374511122704 649.1800142079592 15.65023021399975 260.6545834839344 56.98275882005692 98.73410265147686 31.77889673411846 585.0538403093815 125.6510109007359 375.379681840539 129.1906917393208 0.4684869945049286 0.9296000003814697 0 0 0 0 0 0 0 0 0 0 0 0 0 0 1.185038149356842 0.3200305104255676 0 3.891665130853653 3.111811637878418 0.2997602522373199 0 1.273552060127258 65.96404598653316 0 17.57010814547539 3.204306602478027 0.7088939100503922 0 0 0 0.8355317711830139 0 0 0 5.683220893144608 4.972991064190865 1.036902636289597 0 0 0 0 0.9469630792737007 2.655576422810555 0.4859121292829514 0.7575918436050415 15.9839423596859 1.651375755667686 0.4704847633838654 1.596956431865692 95.54365582764149 1.48314094543457 3.39801025390625 3.375492505729198 1.657926574349403 0.1433211714029312 0 0 0 0 315.7162099033594 2.152573972940445 0 0 0.2850441038608551 15.63991218805313 0 4.028352618217468 15.32217062264681 11.95178629457951 4.730951860547066 1.413065046072006 0.8396543860435486 2.146937713027 0.2509370744228363 0.6538914293050766 0 2.562439918518066 0.1537168174982071 0 0.3665242791175842 55.04860733449459 84.60497909784317 161.8655683249235 710.8968496993184 59.75737628340721 424.8468673601747 46.75418013334274 1140.14983433485 30.66635937988758 8.48545540869236 93.20239146053791 37.34137171506882 2.721665404736996 37.14041339606047 3.127911150455475 83.02119842171669 0.4729672819375992 2.885405398905277 0.6662591248750687 3.612517297267914 1.884077101945877
436.2575310468674 1880.774833746254 5516.135340303183 1.993995025753975 260.6919354572892 4.305552691221237 25.0414959564805 0 1006.068503350019 1.774230234324932 1727.089647725224 6.894271902740002 219.375357337296 713.8622164279222 60.68300376832485 25.65100149065256 2.189117044210434 1.820012956857681 1.310875251889229 8.066760540008545 26.072595089674 0 9.979289948940277 0.4483643621206284 7.356264382600784 4.65903776884079 0.1314671337604523 4.835525415837765 1.767143905162811 0 1674.54752061516 1364.034132584929 44.6325371041894 9.836950182914734 6.094618156552315 11.24865074455738 26.36631859838963 7.162679314613342 5.719493269920349 4.218274392187595 35.05089154839516 3.19820698350668 0.7541854381561279 23.93170908838511 1.256316378712654 5.551708415150642 269.589945524931 23.40870340168476 2.002819612622261 8.802764989435673 8.540757969021797 0.3323880136013031 0 3.140608243644238 4.919997654855251 35.86055136471987 20.06928796321154 94.41615887731314 21.41743661463261 66.40384074300528 22.59704922139645 24.20444270223379 16.88793721795082 472.8922356143594 31.33135395497084 19.93831539154053 13.23469488322735 22.5411876514554 23.21847121417522 68.73006300628185 32.16568766534328 20.70904277265072 0 138.3111275807023 158.693729557097 147.0945937931538 142.9142857864499 404.5076555386186 904.5638571977615 997.2054829448462 533.5135168805718 720.5114918500185 36.40874540060759 0.9859636873006821 37.05393343418837 28.44675505906343 30.32730530947447 1.327407948672771 10.82240764796734 0.4838266894221306 3.425562351942062 1.69546277821064 19.18128800392151 2.439727753400803 3.872591696679592 16.54639810323715 2.215238653123379 0 5.49577322602272 82.4395690113306 0.5669182538986206 1.280171036720276 3.108546197414398 0.8568275570869446 1.952626541256905 30.62235651910305 1.210227102041245 17.3291482925415 3.206566050648689 3.182298853993416 1.95333468914032 27.89222481846809 6.94319860637188 28.35591177642345 16.18419049680233 0 0 0 0.3874931931495667 0 0 0 0 0 0 0.1873226761817932 0 0 0.2848694026470184 0.1533274948596954 0 0.1798651367425919 1.338089019060135 0 2.540035545825958 0.4979307800531387 0.7228474020957947 0 0 10.98900344967842 0 2.918226316571236 4.00196098536253 0.4139829874038696 0.4409549087285995 0.9276249408721924 0.1495095491409302 0 0 0 0 0.2022052407264709 0.2928444296121597 0.4212776124477386 0 0 0.8932774364948273 0.5882937908172607 0 0.4225980639457703 0.272902749478817 0.2270944863557816 0.8972516059875488 0 0 0 13.85914090275764 0 0.2798678278923035 0.6573895737528801 0.6011863499879837 0.7552398890256882 0.1791221648454666 0.1788226515054703 0.1311616897583008 1.586446359753609 33.08494473993778 0 0 0 0.388093888759613 1.559893622994423 0 1.419085443019867 1.408640891313553 3.708175122737885 0 0 0.1652009934186935 0.606218658387661 0.242253303527832 0.1509617418050766 0 2.31586842238903 0.8573199808597565 0 0 2.724463894963264 9.590235531330109 23.5546932965517 931.4362619370222 92.40889997780323 836.8257540091872 96.863242007792 97.62843451648951 72.01649532467127 8.549738377332687 193.3295085206628 11.04297812283039 1.938850283622742 4.346721842885017 2.047670416533947 4.024446174502373 1.068726062774658 0.6859744340181351 1.472694993019104 9.962718121707439 0.4481190145015717
46.31573416292667 1687.023939594626 281.3868017569184 44.22474537789822 4698.807917833328 60.66045312583447 2633.486945338547 1006.068503350019 0 301.3983587324619 7276.350635886192 75.48674938082695 3099.128874331713 2715.689933151007 62.39860081672668 33.21642050147057 0.3915666341781616 0.5573439747095108 0 0 1.55007229745388 0 0.4850559085607529 0 2.053877472877502 1.983048930764198 1.195644021034241 2.375653818249702 1.739378243684769 0 95.24399357289076 14.37086053192616 92.45660529285669 0 0.4061094969511032 1.488780587911606 62.32707444578409 5.107742488384247 6.541649654507637 4.02591710537672 7.267598107457161 2.116030901670456 0 13.28341832756996 0.7502830475568771 2.76895210146904 188.8780930116773 8.685805805027485 0.2730457410216331 2.369250416755676 4.406418338418007 0.2020496129989624 0 3.233089908957481 2.34485550224781 16.79404252767563 9.23516820371151 25.58454696834087 16.56351555883884 39.85543812811375 2.084826618432999 9.129502438008785 0.4862552732229233 42.14956346154213 12.29598294943571 11.58971465379 5.541088677942753 5.516894973814487 4.369625821709633 10.66667421162128 163.0912872478366 125.7798676788807 0 63.34841280430555 55.06921672821045 106.511982627213 83.79409578442574 71.23095415532589 5.534395158290863 5.442385002970695 5.164255365729332 3.848954185843468 16.7882171869278 0.1697136759757996 19.67442796379328 11.82661040127277 8.991347692906857 0.2680257260799408 5.606701090931892 0 3.800746321678162 1.651098906993866 4.098871231079102 1.583780594170094 1.930627629160881 570.803029820323 15.76296539604664 0 13.73537127673626 41.03401972353458 3.593932181596756 3.0026625841856 52.57570943236351 17.11630614101887 25.61435531079769 674.7061742693186 17.02913193404675 308.3993638902903 62.26451721787453 107.8368583470583 30.30534301698208 722.1164515167475 160.7579250335693 482.6727267950773 181.5747834891081 0.7554647028446198 0.458306685090065 0 0.1963164657354355 0 0 0 0 0 0 0 0 0 0 0 0 0.5584101676940918 0.2008777558803558 0.2092546224594116 10.34043152630329 0.7263747006654739 0 0 0 64.44951291382313 0 14.13789729773998 2.142718568444252 1.06734898686409 0.2008447647094727 0 0 0.9166575074195862 0 0.4590825736522675 0 6.490490287542343 3.921879157423973 1.187058553099632 0 0 0.2870051562786102 0 2.473035596311092 3.289176732301712 1.157567024230957 1.176124468445778 12.62949289381504 0 0.3753550946712494 0 111.9768638908863 2.243262320756912 4.876596450805664 6.382685221731663 1.492354273796082 0.6303019821643829 0 0.1037080734968185 0.1336117088794708 0.1133175641298294 442.7263694405556 1.8690105676651 0 0 0.17214235663414 19.19607742130756 0 2.98192510008812 14.99901196360588 16.53974780440331 8.108205869793892 1.685784846544266 1.719528838992119 2.728001639246941 0 0 0 2.779655002057552 0 0.1755145639181137 0 76.79940162599087 111.3123772889376 169.0462003052235 1657.592244140804 83.17831864207983 833.9535332620144 117.2605676576495 255.1588859185576 95.04984024167061 4.735941961407661 338.2520112097263 46.96609300374985 3.333905436098576 46.1320962458849 1.613636568188667 100.8851142525673 1.099120795726776 1.67087958753109 5.629706293344498 9.246587090194225 1.447635367512703
2015.893217429519 1476.375435084105 5.627684026956558 2864.331786304712 144.3859991133213 532.3046952933073 1356.042793832719 1.774230234324932 301.3983587324619 0 3.511710092425346 1186.610976412892 11967.53839298338 738.336730659008 1.039143487811089 0.7468439340591431 0 0 0 0 0 0 0 0 0 0.1573991179466248 0 0 0.1706039607524872 0 51.36307457834482 0.6599107682704926 8.310113102197647 0 0 0 14.54198181629181 0 0.4238452464342117 0.7673045545816422 0 0 0 0 0 0.2771244272589684 7.662222482264042 1.594958603382111 0 0.1337668597698212 0.7382833883166313 0 0 0 0.5747340992093086 6.959162056446075 122.8438538238406 40.87951522320509 20.13118405640125 8.229605637490749 0.2031733393669128 0 0 1.710098393261433 2.799393698573112 2.4734101369977 0.5698323324322701 0.1366197913885117 0.1866303533315659 0 32.02242407202721 10.04318501055241 0.3655286431312561 54.42917658388615 13.51143155246973 3.472568646073341 1.05777345597744 0.7606263756752014 0.3191019594669342 1.223731085658073 0.2409251779317856 0.2912848740816116 4.334113173186779 0.1873298212885857 4.373219728469849 3.624348305165768 0.7588188052177429 0 1.497062891721725 0 0.2238479107618332 0.2191121876239777 0 0 0.4912900924682617 492.0912494808435 29.41548149287701 0 3.658662140369415 739.9933755993843 0 2.470968991518021 7.486657366156578 7.880844116210938 3.01676344871521 263.4816744923592 5.999550044536591 85.83267895877361 38.95034494996071 52.66803823411465 6.099457651376724 246.4942818433046 34.20128360390663 98.65633861720562 27.28970178961754 0.4482854306697845 0 0 0 0 0 0 0 0 0 0 0 0 0 0 0 0 0 0 0.8024182766675949 0.7304933667182922 0 0 0 9.028509080410004 0 1.19707715511322 0 0 0 0 0 0 0 0 0 1.861392021179199 1.419707179069519 0.2450722903013229 0 0 0 0 0.2693536728620529 0.4581859707832336 0.1230715811252594 0.2784137427806854 2.557848215103149 0 0 0 11.18603344261646 0 0.4493445307016373 0.4006161540746689 0.1620048135519028 0.1634415835142136 0 0 0 0 54.42991721630096 0 0 0 0 1.139302849769592 0 0 1.773248553276062 0.4745977222919464 0.1324761062860489 0 0 0.3701926618814468 0.4532355070114136 0 0 0.1331110745668411 0 0 0 39.85194185376167 7.984173282980919 15.979462698102 134.5484723225236 7.214514791965485 58.72127228230238 9.766210399568081 1468.207977101207 7.441007636487484 1.244149558246136 12.31109358370304 4.319756031036377 0.4919227957725525 4.693784795701504 0.2182094976305962 29.22749882936478 0 0.116755411028862 0 0 0
746.3301579281688 5796.748419471085 5262.058619767427 8.436769522726536 3865.361847825348 20.31817691028118 214.5995599105954 1727.089647725224 7276.350635886192 3.511710092425346 0 25.68363456428051 1077.580349564552 5315.940059147775 227.7942156046629 144.05545347929 9.747716903686523 1.6485905200243 0.6689586639404297 4.722599804401398 47.2175395488739 0 15.66919414699078 3.489221811294556 40.96402627229691 23.86592856049538 6.71418023109436 10.01283186674118 4.227872915565968 0.4236997365951538 1501.729577176273 236.1646055132151 1322.229404702783 1.889765098690987 18.51373378932476 69.31063608080149 548.8995159864426 88.67594127357006 47.33626777678728 17.2089506983757 163.2510515898466 11.03721735626459 1.275856748223305 101.6674060076475 2.542978852987289 9.868888422846794 526.7509346529841 34.66834549605846 7.539903566241264 10.28803494572639 22.0578825622797 0.3641033321619034 0 7.628844372928143 6.137065760791302 47.80412310361862 37.17861364781857 122.9059380963445 25.11950843781233 139.4470171332359 21.81204061210155 149.2734320685267 35.00701057910919 195.7937760725617 37.81502060592175 27.51005724817514 23.02341172844172 48.64251434803009 44.23017414659262 242.9426292553544 324.5156497210264 94.84707270562649 0.5473576486110687 218.6801625564694 178.7310711070895 357.7630530893803 307.0847938582301 317.0858773514628 190.5022920817137 385.2998628392816 60.86103677004576 87.82266689836979 48.90073028951883 3.218495473265648 57.06258555501699 46.83406203240156 39.42757604271173 0.9184576943516731 16.12286815047264 0.8802883177995682 6.205243706703186 4.481512658298016 87.01293198764324 15.10913069546223 7.241604082286358 282.1281697303057 31.63890072703362 0 13.90112321078777 102.1185142248869 2.235692605376244 1.305709093809128 11.8750057220459 4.123319000005722 4.932661324739456 132.3659939467907 2.406874373555183 69.48134636878967 12.2418247461319 20.69598971307278 7.08522056043148 115.574020922184 44.26866210997105 144.2019318789244 56.3547528386116 0 0.2074002623558044 0 0 0 0.14730404317379 0 0.173605352640152 1.005583167076111 2.729579150676727 1.403377443552017 0 0.3082686066627502 1.321252673864365 0 1.754592135548592 0.2216842323541641 3.052664637565613 0.1640329658985138 1.526258707046509 0.4821368455886841 0 0 0 35.3672076612711 0 4.912721261382103 4.466204717755318 1.258365213871002 4.936719954013824 0.3839466273784637 0 0 0 0.2531325817108154 0 2.749732434749603 3.644706830382347 0.4031191170215607 0 0 0.9589398503303528 1.33171047270298 1.616750076413155 0.9439736902713776 1.066536962985992 0.6084927245974541 4.325044706463814 0.3865634799003601 0.223597913980484 1.106448918581009 48.68573242425919 1.404773354530334 2.214162424206734 2.018479406833649 1.674456126987934 0.3426182046532631 0.6701114922761917 0 0.5345130413770676 4.233436569571495 188.7016940414906 2.094122767448425 0 0 2.314355447888374 5.3588937073946 0 2.216904118657112 7.378370180726051 3.131118074059486 0.4841625243425369 0 0 1.68327371776104 0.5368322730064392 0.1279274821281433 0 4.4978908598423 0.3914839848875999 0.5182951688766479 0.2636804282665253 21.29401831328869 58.78623162209988 86.15642070770264 1833.477094605565 173.9562446400523 1565.239785000682 210.2948808968067 242.5750208869576 143.4788820371032 14.12181037664413 419.9147344082594 22.04243618249893 4.839500270783901 17.5858798250556 3.451493196189404 16.49871063232422 0 2.964808762073517 3.745246708393097 21.65195363759995 0.7028845697641373
106.5598194748163 12.15580961108208 4.75684717297554 308.279059574008 40.56670527160168 240.5862140357494 69.74328406155109 6.894271902740002 75.48674938082695 1186.610976412892 25.68363456428051 0 3687.20759652555 519.3232274949551 16.51451402902603 17.15845968574286 1.453728377819061 0 0 0 0 0 0 0 0.1868195980787277 0.1527157425880432 0 0.2572848498821259 0.1601756513118744 0 29.60235522687435 0.1601380705833435 13.91144542396069 0 0 0 60.78900729119778 0.6268201395869255 1.655307337641716 0.3799459785223007 1.319336161017418 0.5051178932189941 0 9.995970144867897 0.3688811510801315 1.483319312334061 23.23992642760277 0.8839802742004395 0 0.4198352470993996 0.851481981575489 0.9656567424535751 0 0 0.2578353509306908 1.441959246993065 14.58373237401247 1.953964352607727 2.458011999726295 5.252360947430134 2.324539840221405 1.462451830506325 0 3.783081501722336 0.5262388736009598 0.9884041547775269 0.9942648559808731 0.4980203360319138 0.3347005993127823 2.931958392262459 19.98575635254383 15.23971229791641 1.166104972362518 6.956181719899178 2.993112042546272 13.05830435454845 12.42189695686102 11.47432535886765 0 15.56635119020939 3.201615035533905 3.121513731777668 1.508396312594414 0.3889366388320923 1.985818699002266 0.6782857626676559 1.716883189976215 0.5217413455247879 0.6406739354133606 1.112727135419846 0.2497885227203369 0.9514494314789772 1.039524883031845 0 0.09666852653026581 1030.479651615024 60.69716528058052 1.780991911888123 1.169107168912888 107.230227291584 2.582885339856148 3.099678426980972 7.263131260871887 4.734842464327812 2.248583272099495 131.6255842149258 5.717094615101814 52.54126441478729 17.86680108308792 23.18079875409603 3.444834381341934 153.2670889645815 34.23859569430351 87.67445529997349 14.91720661520958 0 0 0 0 0 0 0 0 0 0 0 0 0 0 0 0 0 0 0 0.5710360705852509 0.1813640147447586 0 0 0 4.26294170320034 0 1.797102078795433 0.6481818705797195 0 0.2909171879291534 0 0 0 0 0 0 0.1511581242084503 0.4723239988088608 0 0 0 0 0 0.3578102439641953 0.2299081683158875 0.1247374266386032 0.1602124869823456 0.9332468062639236 0 0 0 4.30746354162693 0 0.4412504285573959 0.1400946080684662 0.2577052861452103 0.1404097676277161 0 0 0 0 54.91132318973541 0.314257800579071 0 0 0 1.965486273169518 0 0 1.755590662360191 1.182133138179779 0.1630818098783493 0 0 0.1771203726530075 0.2144161239266396 0 0 0 0 0 0 23.0845690369606 7.541929066181183 13.48427575826645 161.037084326148 5.26439194381237 84.00439275801182 13.68928699195385 287.6939507126808 6.723205737769604 2.029037840664387 44.90719635784626 1.66731134057045 0.1166678965091705 3.598558768630028 0 17.69112141430378 0 0 0.1504739373922348 1.994648076593876 0
1321.464748717844 2558.825405344367 78.5043543279171 7128.258092626929 262.6258649230003 643.5272795855999 5331.772677630186 219.375357337296 3099.128874331713 11967.53839298338 1077.580349564552 3687.20759652555 0 2055.131753019989 145.3784798979759 143.663881316781 11.5405979976058 1.434087708592415 0.3543929904699326 2.387202307581902 3.790685802698135 1.005831658840179 0.3483231365680695 0.2089534997940063 3.556732967495918 0.9500983357429504 0.8245315700769424 3.601220905780792 2.874473430216312 1.102535605430603 178.4143993034959 15.35720762610435 553.5147077813745 0.1794146597385406 0.5807582885026932 3.904451057314873 85.46664927154779 18.97220326960087 22.09059557318687 6.50220550596714 39.05314601957798 13.48437740653753 0 76.18215626478195 1.575468957424164 10.31546081602573 201.9722052589059 9.814868479967117 5.792639702558517 3.124059423804283 14.34931834042072 10.74415105581284 5.304406762123108 4.240175396203995 1.857016265392303 18.85130640119314 74.1836509630084 59.11511712521315 25.84518909454346 45.67719543725252 54.37874561548233 185.9508145898581 2.488500162959099 27.22122328728437 15.68840366601944 8.404636032879353 7.890257932245731 10.54940693080425 9.664913989603519 47.38616967201233 122.0965681672096 232.2226305454969 10.21552975475788 92.2020068615675 51.69936834275723 124.1325039044023 102.4529458060861 88.71552508324385 3.446545228362083 307.3037326261401 77.84513448178768 110.4252799078822 13.32380103319883 3.155472204089165 17.01259606331587 13.93993978202343 12.05024586617947 10.22906357795 6.665048785507679 10.78816930949688 4.841306440532207 8.086048491299152 16.99022573977709 12.9146314561367 9.235033184289932 3599.48502188921 454.2301998287439 20.42049436271191 115.9738419502974 407.8807687833905 5.630498200654984 7.490271985530853 38.49276979267597 11.90587423741817 20.87219056487083 607.5495712310076 15.68366295099258 228.9100784212351 101.7985056340694 119.2253221571445 22.53862698376179 679.978669449687 156.6052366495132 410.7800088077784 113.9159545823932 0.6286628395318985 0.8033074587583542 0 0.9992639422416687 0 0 0 0 0 0 0.228123813867569 0 0 0.1200753599405289 1.051640063524246 0.8677039444446564 1.899548768997192 2.558673322200775 0.1418391466140747 4.767883464694023 1.820393785834312 0 0.2947057485580444 0.2549426257610321 72.14547163248062 0.1926060020923615 22.1736526787281 23.20269031822681 6.031308352947235 2.498970776796341 0 0.4437935352325439 0 0.1879483312368393 0.2442379146814346 0 9.122506842017174 2.458172023296356 0.6503819972276688 0 0 5.306499548256397 0.9285241514444351 2.759779989719391 2.728067807853222 0.9017864912748337 1.79064217209816 7.81644344329834 0.232759565114975 0 2.235513851046562 89.0705246925354 0 3.854586705565453 3.484377801418304 1.921760872006416 1.600071050226688 0.3575420528650284 0 0.7072553336620331 1.126002267003059 365.856129348278 7.603246256709099 0 0 0.5465993285179138 12.7443164139986 0.5915371775627136 2.444315567612648 10.27235023677349 15.20727318525314 4.029490768909454 0.8491206765174866 0.7655426412820816 2.722589857876301 0.1361442655324936 0.4448716044425964 0 1.279292449355125 0.4096493348479271 0.4389933943748474 0.3748957216739655 105.3622639626265 105.2075212746859 176.258039727807 1182.196575380862 79.347895167768 686.683511517942 130.2758828476071 1290.379338108003 50.92946353554726 6.149325594305992 273.9556434080005 26.95208732783794 3.700342617928982 34.80762737244368 2.60257177054882 61.90590286254883 2.020423501729965 2.409943222999573 4.628465250134468 16.53766482323408 2.422144487500191
