0 2641.536845125258 198.1823288500309 3048.700374901295 294.1734119653702 83.9612251073122 2249.442311920226 1.500115469098091 131.8597476482391 1640.243973769248 39.48699343204498 193.9524183422327 160.2101802974939 90.55974920839071 1.061031773686409 0.1176362037658691 0.1560516506433487 0 0 0.108156643807888 0.6455568671226501 0 0 0.221611961722374 0 0 0.2133919969201088 0.17469322681427 0 0 238.0463212355971 0.577184647321701 0 0.1432675868272781 0 0.3982437551021576 0.8637316972017288 0 0.8950188606977463 0 0 0.1131188794970512 0 0 0 0 10.72269316017628 1.692725136876106 0 0.1136459708213806 0.1150156483054161 0.2488613426685333 0 0 20.21118530631065 21.75815096497536 192.2657409310341 1043.807542867959 32.88538532704115 13.56916197389364 0 0.258777342736721 0 2.888552531599998 14.33608961850405 4.473323240876198 1.259469330310822 0.26539696007967 0 0.6453526094555855 16.98643527925014 4.752719461917877 0.2633352279663086 165.6967044472694 66.38701003044844 25.06006619334221 1.442537367343903 0.1363235116004944 0.1479027569293976 1.619316525757313 0.130645826458931 0 22.19130077213049 3.095003731548786 3.662760943174362 10.05415529757738 1.092564411461353 0.9294538125395775 2.515477634966373 0.6305751204490662 0.328173354268074 0.455762006342411 0 0.1754954308271408 0 188.8489815443754 10.38288624584675 0.6893324106931686 1.769718825817108 1411.870143853128 0 0 0 0.2612155079841614 0 3.282830834388733 0 0.1732775270938873 46.34660951793194 1.732633650302887 0 0.9861240461468697 2.656038165092468 1.89648474752903 0.3090690076351166 0 0 0 0 0 0 0 0 0 0 0 0 0 0 0 0 0 0 0 0 0 0 0 0 0.1959559768438339 0 0 0 0 0 0 0 0 0 0 0 0 0.1515462845563889 0.2102809548377991 0 0 0 0 0 0 0.1327517330646515 0.4779221713542938 0 0 0 0 0.8594693690538406 0 0 0.2528915405273438 0 0.1285211443901062 0 0 0 0 0.8702261447906494 0.3954856693744659 0 0 0 0 0 0 0 0 0 0 0 0 0 0 0 0.3084008246660233 0.1488056927919388 0 0 0.8096971362829208 0.1717191487550735 0.2059099078178406 52.68706595152617 21.06227684766054 137.9681653752923 40.20145975798368 862.7174885347486 62.15907713770866 11.64734775573015 11.45566914230585 3.474299862980843 0.1336851716041565 0.6389502212405205 0.2507826238870621 3.04046992957592 0 0.2284187972545624 0.4061209857463837 0.3442631512880325 0
2641.536845125258 0 774.2798858061433 882.7156586423516 3466.238559097052 73.94300836324692 7516.69311939925 168.7447659745812 894.7161261960864 183.0646503567696 1009.851217068732 21.3130811676383 645.7625908702612 1921.938909806311 22.38075881451368 1.596361368894577 1.616169109940529 1.240256637334824 0.3985530883073807 2.51227942109108 1.84849264472723 0 0.5847691521048546 0.1109293252229691 1.105652794241905 1.366686522960663 0.3264574408531189 0.8770261853933334 0.6979580521583557 0.3864869028329849 2660.833654947579 12.74752237647772 1.173526681959629 0.1257766634225845 0.1786056905984879 0.2701086699962616 4.978616505861282 0.5907847434282303 1.426261506974697 0.745663158595562 1.803038090467453 2.35881881415844 0.3510890007019043 1.543320618569851 0.6651628389954567 0.5376557111740112 123.6778223142028 9.058229506015778 1.361427329480648 1.151452444493771 1.493719220161438 0.09143954515457153 0 0.6207213699817657 48.61039924621582 58.69564706087112 142.8198484033346 2095.66752409935 52.93948163092136 74.73177938908339 0.3287394046783447 2.307754822075367 0.2848689332604408 57.65638870000839 53.13482545316219 18.80002964287996 8.653525598347187 1.076759025454521 0.221965380012989 1.666110716760159 3.32128332555294 0.2912461459636688 0 383.1409745067358 341.9393219128251 218.8731566742063 18.25839154422283 3.085272364318371 1.842489548027515 16.42366958409548 1.276483684778214 4.255566172301769 91.29517064243555 10.14262420684099 25.7656149789691 30.43003637343645 6.859164051711559 1.013825580477715 12.35061567276716 0.2136024236679077 1.911186218261719 0.3662291541695595 0.218189537525177 0.9958881512284279 1.104757279157639 37.39607089012861 0.3173430860042572 0 0.4585226997733116 1866.446603156626 0.1539161950349808 0.9665820449590683 0.3904028236865997 0.9732390642166138 1.004916280508041 10.51684139668941 3.131122082471848 6.592863216996193 67.38752029836178 11.01728803664446 0.659461110830307 23.21868452429771 19.42980089783669 18.21711461246014 6.816795200109482 0.9471715837717056 0 0 0 0 0 0 0 0 0 0 0 0.1735078990459442 0 0 0 0.2289713844656944 0 0 0.1758904606103897 0 0 0 0 6.819736570119858 0.8889398276805878 2.943198665976524 0.4269969314336777 0.1629018187522888 0.3948923945426941 0 0 0 0 0.4284810125827789 0 1.293301776051521 0.8405207991600037 0 0 0 0.1132561191916466 0.9818455055356026 0.1308307200670242 0 0.7215753272175789 0.3336451649665833 0 0 0 0 3.61233326792717 0.6368135809898376 0 0 0.1756182909011841 0 0 0 0 0 9.621781244874001 0 0 0 0 0.5836366415023804 0.2877849638462067 0.999927282333374 0.6203076541423798 1.844366922974586 1.372758388519287 0 0 0.1405442506074905 0 0.3895279169082642 0.1956028640270233 1.026011019945145 0 0 0 5.117461994290352 0 0.9948116689920425 283.5145866945386 108.8673120364547 529.7467353716493 119.0032290890813 453.5367238745093 122.5343167185783 37.21913436800241 96.41014271974564 18.46769615262747 2.607640482485294 7.756808951497078 2.303342431783676 14.95518465340137 0.6136887669563293 0 3.509768813848495 7.684099793434143 1.306728541851044
198.1823288500309 774.2798858061433 0 1.568586356937885 355.9770892187953 2.210296645760536 263.1439469233155 831.6365284100175 290.543889567256 4.092361651360989 5003.881059005857 20.40835046768188 465.1669059097767 2152.240927614272 19.36986763775349 7.443680368363857 3.093451678752899 16.37614698708057 2.916351333260536 99.69590372592211 107.5736062526703 0.2062535881996155 2.772106505930424 2.454196453094482 4.361454829573631 13.1034208163619 3.223361968994141 4.872668035328388 2.521663084626198 0.4498471841216087 5044.091383598745 577.8517628833652 26.28498811274767 12.5666127204895 3.985621467232704 13.24528761953115 6.495254352688789 1.860839039087296 0.5296593010425568 0.3292624056339264 93.5713544562459 23.4552952721715 11.06998533010483 6.010357715189457 10.9461240246892 10.38342754542828 85.65839559584856 8.384038478136063 1.839886173605919 16.03028021007776 3.542159475386143 2.435599133372307 0 3.873886302113533 24.68418753892183 27.58543235808611 56.47775251418352 1615.811580479145 27.55194075405598 47.00966510921717 22.38261184096336 6.234158039093018 30.20867776870728 855.3883584886789 21.99838456511497 13.92795413732529 7.840713329613209 29.51824366301298 33.20589984208345 207.8258010819554 6.823769263923168 0.166431799530983 0 223.6499830856919 357.8557747527957 164.1411410868168 69.03154326975346 13.66652862727642 513.5777156502008 1085.144037365913 47.57037324458361 247.6806860789657 53.46415779739618 4.135279968380928 12.3701793178916 16.3010201305151 18.53672362864017 0.8742109462618828 6.065315969288349 0.4090244919061661 0.7285638004541397 0.9030675366520882 91.50918770581484 3.546296663582325 6.662819340825081 18.81788352131844 0.3531970083713531 0 0.09998820722103119 212.1174774318933 0 0 0.4922491908073425 0 0 2.865834310650826 1.732853725552559 5.414021924138069 6.049084514379501 7.078335881233215 0 6.906514599919319 9.550808221101761 5.342130422592163 2.185788631439209 0.3888604342937469 0 0 0.7612237930297852 0 0 0 0 0 0.1722652465105057 0.1954713761806488 0 0.236883670091629 0 0 0.2388613969087601 0.1858619451522827 0.1313171982765198 0.2691677510738373 0 0 0 0 0 3.418464601039886 0.3818124979734421 0.9473756104707718 1.096337236464024 0 0.3958196491003036 0.1794468015432358 0.1956465840339661 0 0 0 0 0 0.4887277185916901 0 0.1342795044183731 0.4218172430992126 0.1376238614320755 1.63032940030098 0.1334237307310104 0 0.9845263585448265 0 0.1084738820791245 0 0 0 2.196791186928749 0 0 0 0 0.3335120528936386 1.036308959126472 0 0 0.2324299216270447 6.853374116122723 0.2595189809799194 0.4257230460643768 0 2.309813030064106 0 0.1586214303970337 0.3266890645027161 0.2028743624687195 0 0 0 0 0.7466192692518234 0.2867489233613014 0 0 0.9223846346139908 0.484212800860405 0.3833442330360413 0.3388886451721191 2.139028489589691 1.599407941102982 0.3290306776762009 120.8563772886992 57.46971883624792 246.6048020347953 61.92917352169752 42.88839407265186 43.36859096586704 21.17446656525135 42.45688775926828 8.169077210128307 1.272977031767368 3.889758855104446 1.445907033979893 3.899746984243393 0.2943330407142639 0 2.234823971986771 1.959771938621998 1.025562211871147
3048.700374901295 882.7156586423516 1.568586356937885 0 166.3138925656676 379.95356965065 1596.400488242507 0.2521195486187935 209.035262927413 2288.908210478723 3.973636142909527 271.1078886538744 625.2425541207194 8.846938841044903 1.595847882330418 0 0.2344177067279816 0 0 0.2223923876881599 0.1260534673929214 0 0.1109365597367287 0 0 0 0 0 0.4590803608298302 0 70.53994727879763 0.5045447796583176 0 0 0 0 0 0 0 0 0 0.086377814412117 0 0 0 0 9.794054843485355 1.33132641017437 0 0 0.4048018828034401 0 0.08955753594636917 0 5.466329239308834 7.413713559508324 20.9457401484251 167.0659330636263 7.322898432612419 5.943068914115429 0 0.3496248126029968 0 4.938113912940025 7.208127290010452 2.746878042817116 1.866182617843151 0.1480408757925034 0 0 1.201945185661316 0 0 50.59535532444715 39.71312521398067 23.38801722228527 0.2654293924570084 0.4077477604150772 0.1006738841533661 0.661984495818615 0.1836546212434769 0.8116568922996521 9.673627212643623 1.532316714525223 2.530308149755001 3.210346043109894 1.098108410835266 0 1.2896493896842 0.2402714043855667 0.245296984910965 0 0 0.1075752675533295 0.139347106218338 24.8218322917819 0 0 0 843.446292988956 0.2566492259502411 0 0.3615912795066833 0 0 1.556599482893944 1.232124328613281 1.533693730831146 42.2109153419733 2.057682424783707 0 2.484885945916176 2.357460618019104 2.347519502043724 0.1975345611572266 0 0 0 0 0 0 0 0 0 0 0 0 0 0 0 0 0 0 0 0 0 0 0 0 0.1982974708080292 0 0 0 0 0 0 0 0 0 0 0 0 0 0 0 0 0 0 0 0.1498153358697891 0.1102673038840294 0 0 0 0.5542652010917664 0 0 0 0 0 0.1550563871860504 0 0 0 0 0 0.5445652008056641 0 0 0 0 0 0 0 0 0 0 0 0 0 0 0.2467038333415985 0 0.1166780591011047 0 0 0 0 0 0.1674858182668686 40.87681010365486 11.7890782430768 68.65968926995993 14.87515589594841 931.9154714271426 14.67248952388763 3.714905254542828 7.78803850710392 2.250370696187019 0 0.1602748185396194 0.3459819406270981 2.394413709640503 0 0 0.1322939842939377 0.3778941780328751 0.2729028165340424
294.1734119653702 3466.238559097052 355.9770892187953 166.3138925656676 0 51.51749746501446 4365.031524963677 320.5664908885956 6397.994997851551 164.9091674461961 2596.244406819344 23.1884777918458 946.5281707569957 1986.144799523056 52.52685745805502 6.513126879930496 1.687372945249081 2.18755467236042 0.7007658034563065 1.151797987520695 2.365100979804993 0 0.2815779596567154 0.4727168530225754 1.116541750729084 3.976884737610817 0.1322288513183594 1.699015602469444 1.80863905698061 1.280250586569309 381.6083056405187 26.47414133697748 3.570134826004505 0 0.3110550194978714 1.077654346823692 4.726826660335064 1.58226316422224 1.895048625767231 2.305388636887074 1.506846398115158 3.734651498496532 0.299638494849205 1.729765899479389 0.5520196631550789 0.7009299844503403 231.4420743733644 13.16307839006186 1.055829085409641 1.636083647608757 2.247471444308758 0.1273934543132782 0 1.567594327032566 25.11946318298578 25.39335916936398 30.38658826798201 296.62034843117 24.1596617102623 95.06938876956701 1.197594955563545 1.822212435305119 0.6681682839989662 74.86923309415579 30.61832774430513 18.50575840473175 7.119577996432781 2.003742448985577 0.9123685508966446 1.616649381816387 12.54480943828821 0.7455956116318703 0.1219828128814697 207.6478542387486 274.1705095767975 335.5680043771863 54.90436776727438 5.195136450231075 3.599946141242981 28.60752920806408 0.990619458258152 3.704317755997181 75.43071941286325 2.887445211410522 23.07309682667255 21.45773714780807 7.351088389754295 0.7153989970684052 9.315545469522476 1.443113468587399 2.783638156950474 2.122384183108807 1.628829792141914 1.669389761984348 1.851554706692696 66.50272720307112 2.116497650742531 0 0.7657652199268341 117.2878226414323 0.6090351343154907 2.890362665057182 2.534748151898384 2.645173743367195 1.028458207845688 20.90968231856823 5.824442088603973 9.066817566752434 35.73465879261494 33.08077347278595 0.9777708351612091 51.63555437326431 52.78249392658472 28.46032631397247 19.71065677702427 0.7134776711463928 0 0 0.2975515723228455 0 0 0 0 0 0.5878334045410156 0 0 0.1713752299547195 1.647616535425186 0.1617544889450073 0.1658760756254196 0 0.2815122604370117 0.1289389431476593 0.813105508685112 0.6529140770435333 0 0.4394948184490204 0 9.909443564713001 0.3755440264940262 8.712467476725578 1.386816151440144 0.5130307078361511 0 0 0 0 0 0 0.1568194031715393 0.2009352594614029 2.836193352937698 0 0 0 0 0.5788589119911194 0.2301178500056267 0.3238076269626617 0.4929554238915443 0.6533511877059937 0.2035296708345413 0 0 0 14.88833495229483 0.5089560151100159 0.7181889116764069 0.2144638448953629 0.1333668977022171 0.2419958710670471 0 0 0 0 29.2549946308136 0.6362990140914917 0 0 0.5055344998836517 2.132376909255981 0.675475224852562 2.208917066454887 2.705020315945148 1.414214015007019 0.1991821527481079 0 0 0.2671484053134918 0.1013126447796822 0.3347024992108345 0 1.294525645673275 0.1972676664590836 0 0 11.17315381765366 3.320630252361298 4.203483805060387 428.391247458756 103.4538549333811 627.6741607040167 153.6421767622232 257.1085754558444 98.33102503418922 18.2956126704812 143.8603689447045 24.9804771989584 1.351739183068275 11.28138072043657 2.522310361266136 41.19141353666782 0.9357858747243881 0.1954899579286575 4.918705463409424 12.81621570885181 3.742733523249626
83.9612251073122 73.94300836324692 2.210296645760536 379.95356965065 51.51749746501446 0 378.4761626794934 0.6674094647169113 71.50823636353016 1001.665036059916 5.21660090982914 640.1513351351023 250.2231890186667 14.58153426647186 0.9427439272403717 0.9506514370441437 0.1780392974615097 0 0 0 0.1536544561386108 0.4056347608566284 0 0 0 0.2248566895723343 0 0 0 0 1.049990400671959 0.1304698586463928 3.260629341006279 0 0 0 26.72658830881119 2.459840938448906 14.89738458395004 0.4284400641918182 0 0 0 0.2295194864273071 0 0 2.501946181058884 0.3633837550878525 0 0 0.4000077247619629 10.70174360275269 0 0.1792433112859726 0.4596324115991592 0.577900156378746 131.1937098801136 85.23264308273792 11.59446577727795 1.109521575272083 3.160418152809143 2.18361908197403 0 0 0.4698502644896507 0.533345490694046 0.293857716023922 0.186045840382576 0.7608237564563751 0 216.5429321229458 119.1020269244909 5.876612558960915 5.552277095615864 3.230576865375042 1.804357767105103 0.7674833685159683 0.1790609210729599 0 1.066206142306328 0.3333185762166977 0 0.9046360179781914 0.5094823241233826 0.213543064892292 0.6713638231158257 0.8474971801042557 7.046906515955925 1.78287510573864 17.33475272357464 0.3354933112859726 4.980623602867126 0.7781496644020081 0.2093075513839722 0 457.0328838378191 147.7831401824951 32.29316934943199 40.42679345607758 435.3148943781853 0 0 0 0 0 2.233216017484665 0.2226387560367584 0 5.460160195827484 2.71037369966507 0 3.888623222708702 1.534764185547829 1.150104254484177 0.7049997001886368 0 0 0 0 0 0 0 0 0 0 0.132148876786232 0 0.1576859205961227 0 0 0 0.9869265854358673 0.3130993545055389 0 0 0 0 0 0 1.049738317728043 0 0.5959571152925491 0.8112893998622894 0.1150128319859505 0 0 0 0 0 0 0 0 0 0 0 0 0.3513913601636887 0 0 0 0 0 0.4289281964302063 0 0 0 0 0 0 0 0 0 0 0 0 0 1.604447081685066 0.3718334436416626 0 0 0 0 0 0 0 0 0 0 0 0 0 0 0 0.1695763319730759 0 0 0 0.5696914196014404 1.674668490886688 0.6515946239233017 55.12132888287306 2.160453930497169 9.99528419226408 2.110632076859474 138.220368899405 2.835549756884575 3.23785001039505 4.570745512843132 3.484666913747787 0 0.5124799460172653 0 5.953034177422523 0 0 0 0 0.1679693013429642
2249.442311920226 7516.69311939925 263.1439469233155 1596.400488242507 4365.031524963677 378.4761626794934 0 79.36139889806509 2412.923436053097 2449.99504134059 834.2498628944159 105.6710795015097 6816.462759390473 2364.249870844185 88.82135836780071 20.5356700271368 3.855688221752644 2.62037256360054 1.296519801020622 3.205574035644531 3.456054292619228 0 0.7407009676098824 1.600460670888424 3.564909145236015 4.318131484091282 2.956218205392361 3.4623828753829 4.593163914978504 1.565145634114742 324.5669542476535 26.48247261345387 10.77092044055462 0.2915428131818771 0.5887795686721802 2.651724107563496 8.500363983213902 2.576438769698143 3.479058958590031 4.661284938454628 4.018241070210934 4.175320126116276 1.812403187155724 4.397940844297409 0.8793093115091324 0.478841096162796 374.9298322051764 21.65438392758369 1.623437471687794 1.80748289078474 4.531398490071297 1.958875767886639 0.2945453524589539 3.413107372820377 67.10298860818148 76.29244541376829 106.3568260222673 830.0513887032866 59.76728564500809 173.8111268952489 2.217452064156532 5.516837745904922 1.317401975393295 108.5259874388576 71.66878186911345 38.51998599618673 17.64203093200922 3.229688443243504 0.7498417496681213 2.268465578556061 18.16425842046738 2.390764757990837 0.1481047719717026 509.8413495793939 582.7237793505192 566.744934797287 84.73641939461231 12.21606231480837 3.49604082852602 30.19747465848923 2.021333985030651 7.971047610044479 166.9600959718227 10.43795496970415 44.92098795622587 52.26039952039719 15.50366584211588 1.656771294772625 21.9520249068737 1.817923858761787 6.614219777286053 2.696126602590084 1.409641355276108 2.967208921909332 2.14489084482193 606.7821317091584 3.902841374278069 0 2.350130341947079 614.479922734201 0 6.520178213715553 10.64980454742908 7.802909150719643 3.353322014212608 68.22544307261705 16.20880210399628 47.54784308373928 193.1382756605744 140.3507326692343 3.001129433512688 181.5552429482341 183.0033781975508 111.0770681202412 64.924127176404 1.659179896116257 0.7481932491064072 0 0.1339923888444901 0 0 0.5410907864570618 0 0 0 0.358913466334343 0 0 0.8889771997928619 0.4499005675315857 0.2556079626083374 0.7021387219429016 2.949776977300644 0 3.197350695729256 1.103017598390579 0 1.164870709180832 0.5733528137207031 38.37137728184462 6.724732086062431 15.63606388121843 4.223151065409184 0.8300094455480576 0.9022759795188904 0 0 0 0 0.4503667056560516 0 2.610342480242252 8.822333216667175 0.580022893846035 0 0 0 0.9223793596029282 0.3638866394758224 0.4475172832608223 1.421815283596516 1.900997638702393 3.180898562073708 0 0.175245076417923 1.051810711622238 31.8959879130125 0 0.5050105378031731 0.6230264902114868 0.3442477732896805 1.104647129774094 0.3714862167835236 0 0 0.1498266011476517 82.50038053840399 0 0 0 0.4588358253240585 2.601766765117645 1.349469318985939 3.721898913383484 6.252327956259251 3.533647686243057 2.972457446157932 0.7246249914169312 0 0.493638277053833 0.2533225640654564 0.6027332171797752 0.3694053590297699 3.284008167684078 0.2378558814525604 0 0 69.51967339217663 10.71769534051418 6.209938406944275 823.4328974410892 198.1830877438188 1231.999300122261 301.73275924474 1141.105777226388 225.680556319654 43.78936356306076 285.314835652709 64.3943942412734 3.060441210865974 28.8781346604228 5.626631692051888 102.9319882169366 3.797172173857689 1.004055306315422 13.21513650566339 17.45250411331654 4.476992726325989
1.500115469098091 168.7447659745812 831.6365284100175 0.2521195486187935 320.5664908885956 0.6674094647169113 79.36139889806509 0 234.1449543386698 1.045503929257393 2896.456937469542 6.894905067980289 170.4468049183488 1225.265033692122 34.03166680783033 21.79274141788483 5.122935734689236 26.8749733492732 7.600900813937187 173.28364546597 205.2834277078509 0 9.755415856838226 10.95600958168507 19.94764482229948 45.07130205631256 14.29573115706444 7.54938729852438 5.02282752096653 0.6440254002809525 933.1265736669302 2278.963201023638 36.37643261253834 28.20889665186405 12.36792485415936 48.77023600041866 12.41430223733187 9.814298667013645 1.885148070752621 4.043526038527489 193.4951197132468 32.24240425974131 13.82450759410858 43.949796885252 27.45556379854679 13.74011694639921 104.2046558633447 8.376297868788242 3.340122073888779 18.64920820295811 5.93025790899992 2.566135831177235 0.1444849520921707 4.288347758352757 11.55308076739311 14.2640445753932 14.49634626507759 352.321695767343 10.52067129313946 41.73535424470901 45.45250397920609 38.05823934078217 70.01783408224583 520.6101391911507 15.97674883902073 14.04457205533981 6.519195266067982 28.70700062066317 42.09961773455143 348.4643938839436 5.949087649583817 1.14438784122467 0 119.7707311138511 296.341457426548 189.8403327316046 332.0064597576857 1016.737605117261 3208.538438297808 3160.712673962116 83.07628220319748 996.1545185521245 35.6236172541976 3.010666467249393 10.26205501705408 10.11472374200821 13.56698936223984 0.09555086493492126 4.628860265016556 0.1055298745632172 1.423862606287003 0.9677993208169937 147.2437664791942 7.676695078611374 9.452661626040936 8.545285284519196 2.168051958084106 0 1.100091382861137 10.08923333138227 0 0 0 0 0 1.126912832260132 0.2243952751159668 0.4511420130729675 2.336937546730042 2.282342657446861 0 2.589949652552605 4.000451549887657 2.230580642819405 0.7457714229822159 0.1188067048788071 0 0 0 0 0 0.148700550198555 0 0.1356178522109985 0.6426503956317902 1.795091107487679 0 0 0 0.14147087931633 0.9499923288822174 0.2576183080673218 1.183895155787468 0 0.3173301815986633 0 0 0.1284134387969971 0 1.118597961962223 0 0 0.7814033180475235 0 0 1.056590750813484 0.4978049993515015 0 0 0 0.2132593542337418 0 0.389491468667984 0 0.1195503696799278 0.6010351181030273 0.1417337507009506 2.937868535518646 0 0 0.168343223631382 0 0.4370794594287872 0 0.494496077299118 0 0.4960982799530029 0 0 0 0.3030280023813248 0.7690972834825516 0.913674920797348 0 0.2853587567806244 0.4084829390048981 4.859945148229599 0.3106077015399933 0.2523411214351654 0.2798690497875214 2.069442957639694 0 0 0.3134697377681732 0.2620752230286598 0 0 0 0 0.6491051614284515 0 0.1307894438505173 0 1.157136283814907 1.413378946483135 0 0.3589899837970734 0.1895775198936462 0.6311840713024139 0.6700211018323898 110.2805397063494 46.17141462117434 243.7733404636383 55.93270739912987 23.09741716831923 24.21704277396202 9.665688715875149 39.44776240736246 5.055983312427998 1.769171737134457 0.6031237319111824 2.132953837513924 1.00258469581604 0 0 0.172593429684639 2.260735370218754 0.6044155955314636
131.8597476482391 894.7161261960864 290.543889567256 209.035262927413 6397.994997851551 71.50823636353016 2412.923436053097 234.1449543386698 0 646.5672567337751 2897.182657651603 53.36425372958183 2574.114304915071 2256.948144897819 45.44247406721115 15.08488324284554 1.739195451140404 0.2530468329787254 0.2817850857973099 1.603262916207314 0.8445819169282913 0 0.6293191611766815 0.564358189702034 0.9910403043031693 3.531620368361473 1.949952140450478 1.540337398648262 1.999701753258705 0.1826039403676987 50.30742634832859 11.68741244077682 7.070637673139572 0.1480076313018799 0 0.5810600966215134 5.847093507647514 0.7616821080446243 3.429835945367813 0.7679662480950356 1.964107498526573 0.3051876425743103 0.584843210875988 2.693865090608597 0 0.425640732049942 141.2142347991467 3.982523441314697 1.323002964258194 0.6338684037327766 0.5292869582772255 0.6386899128556252 0 0.6831547617912292 6.731851547956467 5.567717596888542 10.02285350114107 52.08589675277472 8.695286884903908 38.34743901342154 0.6528785973787308 3.176247708499432 0.2154471427202225 25.25947276502848 8.614807680249214 3.735639572143555 1.635294586420059 0.4025062769651413 0.5631984770298004 0.5449930503964424 20.78564542531967 1.675306260585785 0.1859779357910156 69.10096337646246 103.1584781780839 184.9404222741723 42.85768581926823 7.116864673793316 0.7636694312095642 26.46645326167345 0.1810751408338547 5.0882753059268 23.43339039385319 0.8272304385900497 5.225104592740536 6.866872012615204 3.124593548476696 0.2514504194259644 2.24788972735405 0.8047113940119743 0.6775112301111221 0.8245930522680283 0.1984720975160599 0.4070729464292526 1.319226168096066 318.6377476006746 2.692272484302521 0 1.238613277673721 47.4410183057189 1.274304419755936 6.280223339796066 8.95132614672184 11.51983191072941 2.695197880268097 71.65354363620281 16.53271047770977 51.03942504525185 124.2363438457251 121.8575462028384 2.243805930018425 169.918013215065 164.0022166967392 113.422107219696 51.3117740675807 1.729432210326195 0.2672286331653595 0 0 0 0 0 0 0 0.1601668894290924 0.6096558272838593 0 0.8852823823690414 1.828909680247307 0.577279269695282 0.6996693313121796 0.4203682988882065 1.841140925884247 0 3.147380888462067 0.3730834126472473 0 1.010964244604111 0 45.88168089091778 2.6696717441082 15.70681637525558 3.791689433157444 1.238477244973183 0.3714320361614227 0.8837171494960785 0 0 0 0 0 4.84885048866272 11.67193691432476 0.6490385383367538 0 0 0 1.713401034474373 0.303398609161377 0.2944471538066864 0.5185638666152954 3.675432443618774 4.881273150444031 0.4680697321891785 1.07510133087635 0 35.25623389333487 1.290022403001785 1.157714620232582 0.2916527912020683 0.2804692685604095 0.4038973748683929 0.27696692943573 0 0 0 81.65166909992695 0.3924252390861511 0.2037933766841888 0 0 2.642423033714294 2.297945857048035 4.623667806386948 7.360637046396732 5.580562502145767 3.393116265535355 0.8375580608844757 0.1850958317518234 0.298172727227211 0.1795606017112732 0.1311797648668289 0 0 0 0 0 56.45792950689793 10.55017937719822 4.719390414655209 531.3995013907552 46.5808202251792 433.4689636230469 101.3494306206703 258.1061893254519 45.0946886613965 5.666365019977093 144.4976149871945 87.64445237070322 4.003963485360146 36.77367068082094 5.623117439448833 133.5524254143238 3.638287246227264 0 14.11384060233831 10.00301161408424 2.550908789038658
1640.243973769248 183.0646503567696 4.092361651360989 2288.908210478723 164.9091674461961 1001.665036059916 2449.99504134059 1.045503929257393 646.5672567337751 0 17.27392645180225 2976.541045665741 5824.371974512935 85.53312987089157 6.019488200545311 4.243097350001335 0 0 0 0.1933590024709702 0 0.6742768883705139 0 0 0.2450914233922958 0.3505772948265076 0 1.472086369991302 2.16683454811573 0.1489303410053253 4.709682181477547 0.5275311768054962 3.729394197463989 0 0 0.4610177874565125 6.062446475028992 0 0.3838593661785126 0.807845413684845 1.613316357135773 0 0 0.4842871427536011 0.09323892742395401 0 13.36761508136988 0.9676763489842415 0.2918043434619904 0 0.1927238255739212 0 0 0 1.305182948708534 1.767522297799587 30.45348370820284 70.01665665954351 2.669469848275185 3.317028902471066 0 0.8946225047111511 0 2.689530521631241 1.489904448390007 0.3604510277509689 0 0 0 0 195.1493740528822 1.939142063260078 0 21.46210987120867 14.16443519294262 12.65178360790014 4.523831360042095 1.408618971705437 0.1445809006690979 0.7708078175783157 0 0.9966776072978973 3.51822405308485 0.2543431371450424 0.7547238320112228 1.2742088586092 0.2694316953420639 0.1431383043527603 0.8935313746333122 0 0 0 0 0.247557058930397 0 1014.213823139668 42.77824115753174 0 2.106827020645142 1089.48408035934 0.8153895288705826 9.234066486358643 46.58766639232635 25.24440301954746 3.167094603180885 62.5701315253973 21.32252065837383 29.18652813136578 117.6294852346182 85.62762715667486 2.321521937847137 128.7072356045246 113.7083985060453 74.86674426496029 21.90405851602554 0 0 0 0 0 0 0 0 0 0 0 0 0 0 0 0 0 0.5453243255615234 0 0.2767467796802521 0 0 0 0.1215485036373138 13.40800553560257 0.5942557454109192 6.494150713086128 1.40904712677002 0.2412847429513931 0 0 0 0 0 0 0 1.837905138731003 4.099378153681755 0.1215488687157631 0 0 0 0 0 0.1969107985496521 0 1.470655798912048 1.539362415671349 0.124787874519825 0 0 13.99990878999233 0.2569172978401184 0.9679579883813858 0.5319704413414001 0 0 0.1608149260282516 0 0 0 30.96453598886728 0 0 0 0 1.541763752698898 0.8333350718021393 0.544003427028656 4.171451270580292 3.347330808639526 1.888673141598701 0.3052429407835007 0 0.1810757219791412 0 0 0 0.2530722171068192 0 0 0 36.28658443689346 4.591077968478203 3.743260145187378 458.9915818497539 8.598732993006706 61.6709538847208 12.05649089068174 1791.349703200161 10.57280689477921 3.214084051549435 19.86425048857927 88.43006958067417 0.7657157778739929 20.01738008111715 1.500250861048698 156.3346627652645 0.9365840554237366 0 2.806128740310669 0.9290152490139008 0
39.48699343204498 1009.851217068732 5003.881059005857 3.973636142909527 2596.244406819344 5.21660090982914 834.2498628944159 2896.456937469542 2897.182657651603 17.27392645180225 0 27.86128555238247 1772.93627101928 7087.276673458517 107.5109057873487 65.93970204889774 5.667411714792252 2.684642232954502 1.261280745267868 5.579254142940044 14.7363146468997 0 8.215150848031044 8.182673111557961 36.33705848455429 89.00665321946144 45.65146916359663 22.1235096603632 15.80271233618259 0.829578772187233 500.127867564559 66.37297374010086 213.9945354089141 0.8946543335914612 12.92548723518848 68.81657437980175 100.9252461493015 19.89107902348042 2.983678586781025 15.61914433538914 60.24497997760773 16.28073571622372 2.482442751526833 11.20210390537977 1.131434194743633 2.533205665647984 295.2828048765659 6.326379671692848 2.807540379464626 1.856324344873428 1.139290258288383 2.763954631984234 0 3.606107741594315 13.18518090993166 10.30826409161091 12.09577991813421 164.8520194143057 13.24440518021584 66.82135401666164 4.754365779459476 52.58151344954967 37.92432570457458 94.21779721975327 15.35361756384373 6.27003363519907 3.665354900062084 4.312675751745701 2.556518033146858 30.49012959003448 39.78349466621876 2.702624753117561 0.1692025363445282 113.8868948146701 261.7181420847774 356.5253719761968 156.1327556222677 30.68705010414124 19.11742086708546 339.3611593842506 6.446855276823044 18.10015319287777 44.85419334471226 0.9129576832056046 13.40500898659229 9.814291454851627 4.375995688140392 0.2739222347736359 3.871717564761639 0.5898611173033714 1.348001897335052 0.9792969599366188 15.80920496582985 4.832597255706787 2.570854820311069 48.43800255656242 1.829079493880272 0 1.964378863573074 24.57745452970266 0 0 1.607602268457413 1.253493309020996 0 9.881447002291679 2.356909826397896 4.738842040300369 14.01627480983734 14.27686788141727 0.142503410577774 25.27033899724483 18.96928218007088 19.99024049937725 8.401744693517685 0.3526303172111511 0 0 0 0.2544665038585663 0 0.2859839797019958 0 0 0.452211394906044 0.8807255476713181 0 0.138749748468399 0 0 0.131280392408371 0.1207338199019432 2.570818737149239 0.196707621216774 0.3252718448638916 0 0 0 0 12.68093866109848 0 2.467520609498024 1.76485688239336 0.6119381561875343 0 0 0 0 0 0 0.3623507022857666 0.3576038181781769 0.7095525860786438 0.2681659460067749 0.8364408016204834 0.7172970175743103 0.6116942167282104 2.634241849184036 0 0.5137202739715576 0.2022896260023117 0.472590446472168 1.273159891366959 0 0 0 7.091602206230164 0.2178719937801361 1.008332118391991 0 0 0.1075774654746056 0.7730701863765717 0.1065919771790504 0 0.4144386053085327 16.71458043903112 0.9417554885149002 0 0 0.9622041285037994 0 0.1898452937602997 0.5671895146369934 1.646711871027946 2.677044689655304 0 0 0 0.2180550545454025 0 0.1685997098684311 0 1.743438072502613 0.2299467176198959 0.2910613939166069 0 7.766671821475029 2.700459226965904 2.676389209926128 543.8322670310736 73.81423301249743 618.7240963801742 163.6699090972543 120.0898873582482 62.25692975521088 8.576022617518902 179.8100639954209 21.42362588644028 0.5089411735534668 12.04101265221834 2.321439027786255 18.61765937507153 0.220597431063652 0 4.83236862719059 14.59017875045538 5.071657583117485
193.9524183422327 21.3130811676383 20.40835046768188 271.1078886538744 23.1884777918458 640.1513351351023 105.6710795015097 6.894905067980289 53.36425372958183 2976.541045665741 27.86128555238247 0 1735.20377035439 140.2318866401911 55.0134507343173 57.22931958734989 5.189879804849625 1.371949926018715 0.6555937975645065 1.476981475949287 1.110626488924026 21.05048835277557 0.161512702703476 0.89715576171875 4.426113434135914 46.04290680587292 12.27595268934965 36.35430466383696 39.0757649242878 3.310232013463974 7.943506240844727 1.258456833660603 15.2346984744072 0.4414503872394562 0.493037685751915 5.624947935342789 43.71525073051453 8.635725632309914 3.716919653117657 6.762996889650822 12.15195443481207 2.90757817029953 0.6910503208637238 5.623790189623833 0.7816822826862335 3.270692616701126 74.78934902697802 3.456062212586403 1.093757465481758 0.9562675952911377 0.3220985978841782 27.90033573657274 8.03170844912529 7.046412721276283 3.850984305143356 2.490613989531994 13.37664392590523 33.36059558391571 7.147492878139019 9.439305476844311 1.991573393344879 5.199740126729012 2.281917080283165 10.7223277837038 2.122973240911961 2.474791623651981 1.371070519089699 0.6372421979904175 2.095165744423866 0.6441809684038162 709.8999384790659 101.7202554941177 1.050975143909454 44.32712651789188 40.46848812699318 73.45184480398893 44.28783304989338 15.0441268235445 2.741783261299133 25.53621178120375 2.083128869533539 5.499741688370705 7.774097122251987 0.5148050785064697 2.454858168959618 1.035245291888714 0.9669467285275459 2.338014587759972 0.469448983669281 4.944482624530792 0.2994707226753235 3.2326270788908 1.352139249444008 0 3.526665881276131 4857.430754631758 521.6485283076763 3.216147154569626 23.77955791354179 262.2991826832294 0.5885344743728638 4.599547445774078 7.221444047987461 7.978219956159592 5.367947846651077 76.16642116010189 21.97163945436478 50.25286720693111 118.0252270549536 109.6230408847332 4.788550972938538 183.0687305927277 199.7365870773792 143.2381660491228 87.90208993852139 3.635376289486885 2.128155842423439 0 1.215303465723991 0 0 0 0 2.797127678990364 0 0.3014784455299377 0.3423350304365158 2.629852406680584 1.564157456159592 0.9908567070960999 1.481409825384617 6.446941778063774 3.113227516412735 2.668030925095081 1.81454835832119 1.666945531964302 0.18514584004879 1.754658550024033 1.523766450583935 77.39488281309605 9.84810970723629 32.13943736255169 16.3111986592412 8.082560956478119 0.1471461206674576 0 0 0.3273300528526306 0.5429672598838806 1.991883009672165 0 3.636148847639561 13.50746187567711 0.2892713844776154 0.2809329852461815 0 3.391772657632828 0.6534034460783005 0.492458164691925 0.9324686527252197 0 3.674200586974621 2.424481257796288 0.1591414213180542 0.9004577547311783 1.250332832336426 52.55638006329536 1.036863595247269 1.593164578080177 1.896104194223881 0.6758627593517303 0.729863129556179 0.4866589158773422 0.1507564932107925 0 0.8698027729988098 170.7045444846153 10.91231234371662 0 0 0.1717654019594193 5.139132142066956 3.456281840801239 9.096797302365303 11.0668535605073 9.189277440309525 7.421951577067375 1.685017317533493 0.6740694493055344 1.477131053805351 0 0 0 0.6251287236809731 0.280112698674202 0 0 94.25754880905151 55.75383257865906 28.94639419019222 531.7646482214332 23.54151898622513 316.6772318631411 72.24587648361921 911.8308567926288 32.64116398245096 2.331982538104057 123.7860708758235 96.64030410349369 2.381612561643124 58.06602448225021 9.034022964537144 132.6491984426975 2.48464298248291 0 24.5199409276247 8.132986843585968 3.582780703902245
160.2101802974939 645.7625908702612 465.1669059097767 625.2425541207194 946.5281707569957 250.2231890186667 6816.462759390473 170.4468049183488 2574.114304915071 5824.371974512935 1772.93627101928 1735.20377035439 0 5089.135696075857 215.7046358883381 179.9864673316479 24.59283861517906 3.676406212151051 1.47147861123085 5.481487207114697 9.910268306732178 39.15098318457603 3.36576172709465 5.124940693378448 34.76489848643541 156.6428577750921 53.09501449018717 104.1951124668121 185.4041914865375 12.85178555548191 92.84746547788382 11.42378048598766 712.5934223234653 1.614884063601494 4.805342569947243 35.31047666072845 1093.855639360845 38.90076714009047 21.20190488547087 26.09048089385033 43.47729881107807 12.70993910729885 1.946432903409004 24.08801145851612 2.132296860218048 7.375481948256493 316.9122605994344 10.58181714266539 4.81109344959259 3.311858907341957 1.424404099583626 30.38510178029537 19.55892552435398 25.84491104632616 10.65844767540693 9.697052948176861 23.58380729705095 93.80722154676914 14.74090418964624 47.80647638440132 19.38423830270767 61.36956952512264 11.98862145096064 43.75912590324879 11.31733728945255 7.609975107014179 3.178683020174503 1.756298653781414 1.540979832410812 5.490787461400032 398.2078232467175 90.61487182974815 0.5658583641052246 110.7026788443327 165.5766435936093 323.5327322855592 191.7722386270761 58.34128048270941 4.25839675962925 728.5521221011877 7.127342768013477 41.49895607680082 42.14919661730528 1.166798196732998 11.51798108965158 9.141087293624878 5.247684985399246 0.9081961363554001 6.534596092998981 4.163593448698521 0.8167928978800774 3.028634831309319 9.985207423567772 4.270420663058758 4.704453825950623 3295.294132068753 181.3675792962313 1.714120030403137 16.01096449792385 169.2417857274413 1.398536577820778 10.83002698421478 16.09872975945473 12.37819972634315 8.20012579113245 109.8435105234385 23.7451463341713 69.54271210730076 258.6257979720831 203.0500466227531 7.844297990202904 299.3036963045597 325.7761841565371 198.1915900334716 128.5467999726534 6.890416011214256 5.57062229514122 0.1814251244068146 1.256597325205803 0 0 0 0.1737977564334869 3.241425894200802 0.1468073427677155 0.9249572604894638 1.550822146236897 3.221729502081871 2.632496491074562 2.841301552951336 4.7365962266922 9.944483794271946 5.703140065073967 3.107752040028572 3.649037890136242 1.419283136725426 0.6410864591598511 1.650048226118088 2.523504257202148 117.0621420890093 15.33885763585567 52.92758525907993 34.22477962076664 11.55232470482588 0.9555542841553688 0.6939171850681305 0.2915933728218079 0 0.9661516547203064 1.0355064868927 1.262410253286362 7.713166229426861 20.62327334284782 0.1987780928611755 1.048197358846664 0 3.285457752645016 3.735140472650528 0.5676789432764053 0.812832199037075 0.4279297441244125 7.298861265182495 8.755348265171051 0 2.125903114676476 3.581962212920189 76.2867311835289 0.2803422510623932 1.732065826654434 1.685548402369022 0.278746172785759 1.067392237484455 1.206869468092918 0.4893153458833694 0 0.9822096824645996 250.817452326417 16.49442697316408 0 0 1.383627764880657 8.198685295879841 8.430381089448929 13.42075257003307 12.55053169280291 7.995860189199448 5.818849489092827 3.104761846363544 1.003962568938732 1.788642063736916 0.9734266400337219 0.3639510869979858 0 0.8634574487805367 1.326750829815865 0 0.2681151032447815 139.1804777979851 66.27982216328382 52.13482572138309 1237.042424835265 115.3773539364338 979.2914966121316 287.2175730839372 646.3823053091764 92.23989763855934 12.19278468191624 312.5479440018535 121.5146825835109 6.504094429314137 71.31009736657143 13.83308386057615 160.4317482113838 5.065393552184105 1.191160023212433 30.27361641824245 25.2928663417697 8.546793103218079
