0 4479.275418758392 1883.613881230354 2656.672226674855 305.4046705514193 233.5170088857412 1054.551010355353 409.8328358829021 258.3181914389133 4796.833032503724 566.3333397731185 157.8974277824163 308.9273944348097 76.30945762246847 1.694464609026909 0.320796512067318 0.2227066904306412 0.146857813000679 0.1370271146297455 0 0.6208356916904449 0 0 0 0 0.3766653090715408 0 0.1056958511471748 0 0 1412.255573622882 4.737438023090363 9.562244787812233 0.1597451269626617 0 0 4.637844413518906 0.1400303393602371 0.2137467414140701 0.1633827537298203 0.1241092458367348 0.09754282981157303 0 0.4251529574394226 0 0.1869935840368271 10.18117275834084 1.212492056190968 0.5432468205690384 0 2.187629707157612 0.1802786588668823 0 0.1335557848215103 1.530878528952599 0.6321304440498352 288.2790658250451 1183.362860247493 37.43194160610437 5.478835366666317 0.1729274243116379 1.596677973866463 0 3.480827778577805 0.9165922030806541 0.3356661275029182 0.8025127276778221 0.7085594013333321 0.3679787665605545 1.034865461289883 15.40626432001591 16.29636676609516 0.567365750670433 74.59544067084789 15.12497314065695 9.026055492460728 3.784119196236134 1.032201446592808 9.061363413929939 102.6052166894078 0 5.572162985801697 2.566381573677063 0.2334162518382072 0 0.3918197453022003 0 0 0.9684051871299744 0.8432868868112564 0 0 0.205388680100441 0 0 415.0468379706144 51.05479076504707 1.631474584341049 3.586896955966949 1402.789593026042 2.082034379243851 0 4.758093446493149 0 0.4037728905677795 25.85511721670628 6.017216205596924 16.07349160313606 8.922168031334877 11.94939552247524 1.530841886997223 15.40231616795063 8.680216923356056 14.96035964787006 8.517849817872047 0 0 0 0 0 0 0 0 0 0 0 0 0 0 0 0 0 0 0 0.8806593120098114 0 0 0 0 3.179910808801651 0 2.44745098054409 0.2023140043020248 0 0 0 0 0 0 0 0 0 1.991003096103668 0 0 0 0 0 0 0 0 0 1.119992285966873 0 0 0 6.566253155469894 0.8860269784927368 0 0 0 0 0 0 0 0 8.271884799003601 0 0 0 0 5.028986006975174 0 0 0 2.093748331069946 0.2595505118370056 0 0 0 0 0 0 0 0 0 0 2.670271813869476 5.606028348207474 0.3307386636734009 15.99945486336946 1.579629525542259 26.74192949384451 7.008450664579868 1125.755863875151 3.066853187978268 0.2979477941989899 8.126267492771149 0.3441856801509857 0 8.454251334071159 0.726190984249115 1.422234416007996 0.3437547385692596 0 4.198909431695938 0 5.337323188781738
4479.275418758392 0 3079.578004434705 1057.824215680361 2244.990266732872 355.9632104933262 2464.284989260137 1189.026573427022 3780.632591485977 439.4660418331623 3552.189118392766 12.25305639207363 712.2640024572611 2282.145711302757 26.39932033419609 1.244225323200226 1.238115824759007 0.8042057529091835 0.4045037478208542 0.4188708886504173 1.210162118077278 0 0 0.6797941029071808 0.1213713586330414 1.853445395827293 0 2.323316246271133 0.5329537689685822 0 2552.05730817467 30.10301750153303 26.97031376510859 0.4070065692067146 0 0.1133324727416039 5.715179301798344 2.436690703034401 1.147220194339752 0.5998907834291458 0.1324731856584549 0.7853419706225395 0.3395288735628128 4.500018700957298 0.4331663250923157 2.26989171653986 240.5095459297299 17.02896156162024 1.113098651170731 0.32963927090168 30.79695984721184 0.3872537314891815 0.610413670539856 0.5142627060413361 24.26544950157404 18.25661239773035 138.2942938804626 1677.553530327976 133.1530603170395 170.893831782043 0.9740140289068222 1.509797677397728 0.1666535139083862 96.55975442379713 24.44003831595182 8.999525398015976 10.19365947693586 3.200912721455097 1.805479779839516 3.547487817704678 7.049427591264248 16.17753781378269 0 882.4895009845495 318.5347636714578 236.4107741490006 111.4457607269287 8.187878102064133 17.78063704818487 243.697078332305 1.157592460513115 15.04358275234699 65.22750052064657 1.867918364703655 6.437287963926792 16.88993989676237 2.196328848600388 0.4902316778898239 22.95594727993011 0.6576135382056236 5.014316290616989 3.868934229016304 2.409429766237736 1.906701296567917 2.937970414757729 70.06773947924376 1.960326969623566 0 1.810883730649948 970.4435906708241 0.6272979527711868 1.426626056432724 18.46300677955151 8.584087625145912 7.776615098118782 92.81654227524996 1.93566632270813 63.68161292374134 21.76713344454765 77.27036212384701 6.046156764030457 67.0760660469532 56.3027757704258 79.15970516204834 36.97009453177452 0 0.3271671533584595 0 0 0 0 0 0 0 0.1174977272748947 0 0 0 0 0 0 0 0 0 10.01062315702438 1.868485927581787 0 0 0 9.291317611932755 1.163790941238403 9.329269453883171 0.9899851083755493 0 0 0.3294901251792908 0 0 0 0 0 3.158817052841187 7.551289170980453 0 1.190248608589172 0.1382209211587906 0 0.3434188961982727 0 0.09263882786035538 0 1.036199122667313 3.719592452049255 1.543226838111877 0.2772462368011475 0 17.27407619357109 0 0.7106020450592041 0.7233423888683319 0.5409557819366455 0.7999723702669144 0 0.1974023282527924 0 0 31.75981903076172 0 0 0.4385675042867661 0 8.917881101369858 0 0.5660841464996338 2.399439036846161 2.100259691476822 3.292066812515259 0 2.163149297237396 0 0 0 0 0.6307604089379311 0.4271551296114922 0 0 16.86391094326973 10.58060699701309 0.3314239084720612 201.6458692997694 42.76308946311474 522.2961839213967 116.9742224365473 563.3757585585117 51.93385879695415 10.80803047120571 84.53747611492872 10.46888792514801 2.34964194893837 26.15015724301338 0.321976363658905 4.127690643072128 2.391789078712463 0 5.358263552188873 2.548349678516388 0.2317896634340286
1883.613881230354 3079.578004434705 0 14.55155929923058 42.72845937311649 32.13641034066677 21.47006348520517 2954.062688373029 310.1359357088804 2.271925434470177 1988.751628540456 0.3600871562957764 42.28138862550259 421.0675026103854 28.96167778223753 15.40090630203485 21.87939096242189 11.62739958614111 3.494096979498863 58.80531240254641 147.5016039386392 0 17.95864675194025 20.46112606674433 4.309487856924534 5.464643225073814 3.382310807704926 1.673967443406582 1.466422408819199 0.5584816038608551 5837.304229684174 905.8333364799619 82.66003876179457 20.14086757600307 11.2502664104104 5.458206929266453 23.11688536405563 13.76295682787895 3.063168086111546 5.208319887518883 26.51369951665401 1.113283455371857 16.25432646274567 21.29955714195967 7.131467327475548 7.215177170932293 95.4969580322504 7.097456946969032 4.890331126749516 13.49091868102551 57.95132099837065 0 1.887159787118435 1.115065366029739 5.372374042868614 7.053116127848625 46.914550088346 1141.650394201279 44.42693096399307 53.47721149027348 4.970937594771385 31.63966597616673 0.8585764542222023 458.0634869486094 6.252859562635422 9.472958847880363 13.4309015199542 43.03851222991943 86.90920029580593 187.4036835581064 15.23883635550737 37.41733905673027 0 276.8878107964993 149.0504207313061 96.22433659434319 76.66083414852619 33.42024504393339 284.4993257820606 1261.623682096601 27.59394013881683 503.6482548713684 18.60717813670635 0.1900674551725388 3.575259760022163 7.430187538266182 19.41262803226709 0.1048284992575645 8.442346177995205 0.3658719584345818 4.166191197931767 2.420240633189678 65.65606745332479 7.383508495986462 1.756285682320595 44.80655519664288 6.331603467464447 0 2.098067224025726 531.6834213510156 1.048958510160446 4.107024669647217 16.31517177820206 2.861666560173035 4.922782480716705 40.57999150454998 2.176666080951691 33.9288565069437 16.574528247118 53.37750570476055 4.354434102773666 38.63028110563755 28.89071798324585 43.94557702541351 36.71119646728039 0.1345235705375671 0 0.5137574076652527 0 0 0 0 0 0 0.1277587860822678 0 0.5469796657562256 0 0 1.082949861884117 0.1335422843694687 0.1681817620992661 0 0.3157252073287964 7.86086767911911 1.044601559638977 0 0 0 17.80781245231628 2.306245625019073 8.045339189469814 1.544261083006859 0 0.3483689278364182 0.5306302309036255 0 0 0.3015236854553223 0 0 0.3582192063331604 4.520517393946648 0 0 0 1.371842712163925 1.069622419774532 0 0 0.3320286870002747 3.116404145956039 11.34551239013672 0 0 0 21.7952946126461 0 0.4138469398021698 0 0 0.1096245050430298 0 0 0 0.1139411702752113 65.80287221074104 6.683388978242874 0 0 1.072959266602993 11.01970081031322 1.76607757806778 0 2.381416514515877 0.2011026293039322 2.701519474387169 0 0.861421525478363 0.7442538738250732 0.08772401511669159 0.1177360564470291 0 0.6973744332790375 0.2696772366762161 0 0.1259171068668365 16.09402418136597 14.75286501646042 2.272129684686661 92.02173180878162 27.8017703294754 209.0984020605683 43.8830481916666 67.94009004533291 17.52517414838076 2.162146046757698 36.69221623986959 11.83815380930901 0.4035227000713348 22.02757824957371 4.481293454766273 4.420082151889801 1.674195110797882 0.1211783736944199 2.598087251186371 3.230827875435352 0.2154450118541718
2656.672226674855 1057.824215680361 14.55155929923058 0 156.8404558897018 585.767235904932 777.2977633327246 0.7625256851315498 104.5892138332129 1671.198269084096 42.32874519377947 347.1411109566689 1199.030914075673 26.51429552584887 1.444781750440598 0 0.2538494318723679 0 0 0 0 0 0 0 0 0 0 0.3503289818763733 0 0.08686591684818268 103.3964667916298 1.583751559257507 1.573109120130539 0 0 0 0.2686434537172318 0 0 0.5113587379455566 0 0.4491898715496063 0 0 0 0.1479343473911285 24.44374930858612 3.529693454504013 0.1665063798427582 0.1342100501060486 3.46364663541317 0.4006732106208801 0 0 4.949689738452435 2.894763208925724 35.95259810984135 383.7501463890076 29.37707254290581 24.47590369731188 0 0.1721177250146866 0 7.67119275033474 3.822655864059925 1.05027898401022 1.5174400806427 0.3086622953414917 0 0 14.51876045763493 0.09884116053581238 0 140.1795857474208 44.87633241713047 30.36615731567144 10.54970422387123 0.4829031229019165 0 0.1431541740894318 0 0 9.09336794167757 0.3945380598306656 1.205191195011139 2.460389859974384 0 0 1.954943336546421 0 0.8599591106176376 0.5894304141402245 0.3901916220784187 0.348824605345726 0.5632082670927048 96.91943514347076 0.1435171365737915 0 0 249.694279409945 0 0 0 2.325016260147095 0 15.16934850811958 2.005146443843842 3.862021833658218 4.101251751184464 9.435097932815552 0 2.248031347990036 0.871766209602356 2.255402714014053 0.1697598993778229 0 0 0 0 0 0 0 0 0 0 0 0 0 0 0 0 0 0 0 0 0 0 0 0 2.634364604949951 0 0 0 0 0 0 0 0 0 0 0 0 0 0 0 0 0 0 0 0 0 0 0 0 0 0 1.459328830242157 0 0 0 0 0.1498886942863464 0 0 0 0 0 0 0 0 0 0 0 0 0 0 0 0 0 0 0 0 0 0.1250130534172058 0.6197260022163391 0 0 0.1547959297895432 0 0.2694738507270813 19.32170066982508 3.923294633626938 60.5629171654582 12.82310523837805 356.0508228391409 2.873187810182571 0.5884957015514374 5.374965243041515 0.1352307796478271 0 0.2074896842241287 0 0 0 0 0 0.229961559176445 0
305.4046705514193 2244.990266732872 42.72845937311649 156.8404558897018 0 21.41883505880833 1056.650745272636 18.50404822826385 2636.601845003664 505.4165441542864 304.9638495668769 17.83938919007778 979.2866392806172 1638.138899184763 18.83961574733257 0.7762720137834549 0 0.3961716741323471 0 0.7668271511793137 0.4012064039707184 0.1536793261766434 0 0 0 1.020991995930672 0 1.641461953520775 0.3431513458490372 0.1235891133546829 178.597593344748 15.95616640895605 0.8617989867925644 0 0 0.4910783767700195 4.913702823221684 0.1374267339706421 0.169356644153595 0.3713272958993912 0 0.5191384106874466 0 2.015393890440464 0.4696917235851288 1.981420405209064 166.7555277943611 7.975828915834427 1.038176812231541 0.2304099127650261 11.97785242646933 0.2644338309764862 0.1846538931131363 1.650482505559921 8.608833059668541 8.69718237221241 16.09321960806847 191.3387657031417 37.73845241963863 82.57846543937922 0 0.9697145223617554 0 53.26043831557035 7.820904023945332 3.371248684823513 5.3963238671422 1.56840043514967 0.4548477828502655 0.9755083918571472 2.324051320552826 6.864313051104546 0.3115642517805099 227.5482962280512 88.42939110100269 132.6752922534943 78.6993877068162 7.290981598198414 1.083826392889023 4.456944204866886 1.364976152777672 1.472407199442387 20.92491209506989 0.3312864750623703 1.827180109918118 5.603472426533699 0.4504787474870682 0.1127463206648827 6.965081393718719 0.231090173125267 2.618147395551205 1.242601908743382 0.5294260531663895 0.8973296359181404 1.06875391304493 73.0933503061533 2.754971563816071 0 1.061304837465286 27.22529597580433 1.308674946427345 1.689240097999573 11.09875163435936 9.59625256061554 4.542860552668571 48.03896851837635 7.945543944835663 72.7512653619051 34.72729906439781 47.28914040327072 4.037431806325912 71.00046123564243 68.82627248764038 69.83298645913601 17.45498842000961 0.9299099445343018 0 0 0 0 0 0 0 0 0 0 0 0 0 0 0 0 0 0 4.938334211707115 0.2959835827350616 0 0 0 6.661066085100174 0 1.933320850133896 0.1757151633501053 0 0 0 0 0 0 0 0 1.113012671470642 5.098470970988274 0 0 0 0 0.1433236300945282 0 0.2999167889356613 0 2.930406719446182 1.82051146030426 0 0 0 8.975127816200256 0 0.573055699467659 0 0 0 0.1257401555776596 0.1425407379865646 0 0 13.29400695860386 0.2690521478652954 0 0 0 3.843085020780563 0 0 1.624517679214478 1.384515702724457 0.4713758677244186 0 0.2718178629875183 0 0 0.4174929484724998 0 0.3289119601249695 0 0 0 19.54157863557339 5.690151676535606 0 133.6806965172291 33.03318829834461 326.444879822433 66.25172631442547 41.66587921977043 44.87918828427792 9.035698540508747 62.07928032428026 13.59053289890289 4.159639656543732 13.15749537944794 0 2.882993653416634 0.336326539516449 0.09156402200460434 3.101051449775696 1.069212004542351 0
233.5170088857412 355.9632104933262 32.13641034066677 585.767235904932 21.41883505880833 0 181.936504945159 8.793371841311455 45.27478793263435 1591.85374417901 20.38876442611217 242.7443652451038 448.9421135336161 48.0203148573637 2.785651594400406 1.06952303647995 0.4865819662809372 0 0 0 0 1.387206241488457 0 0 0 0 0 0 0 0 9.809070751070976 0 32.81842167675495 0 0 0 29.81940057873726 0 3.155287146568298 0 0 0 0 0.392223596572876 0 0 4.87694388628006 0.1168959960341454 0 0 0.1610177904367447 3.730760708451271 0 0 0 0.1241561770439148 476.1673471480608 60.57869219779968 11.64851727336645 0.3829155042767525 0 5.60421022772789 0 0.9939435720443726 0 0 0.1228356435894966 0 0 0 83.69767795503139 145.2121378183365 6.166096612811089 1.997283436357975 0.2703959047794342 1.885914660990238 0.4162070900201797 1.055918484926224 0 14.24143600463867 0 7.499975308775902 0 2.462443590164185 0 0 0 5.002516999840736 1.185280933976173 9.718458443880081 0 1.141768082976341 0 0.1191635727882385 0 959.6520161926746 380.9361515343189 19.43709224462509 7.23914709687233 914.5755516290665 0 0 0 0 0 3.165310338139534 0 1.133829429745674 0 1.022968679666519 0 2.078232735395432 0 1.100668922066689 0 0 0 0 0 0 0 0 0 0 0 0 0 0 0 0 0 0 0 0 0 0 0 0 0 1.650481387972832 0 0 0.4226160943508148 0 0 0 0 0 0 0 0 0 0 0 0 0 0.5678348541259766 0 0 0 0 0 0 0 0 0 0.9642482399940491 0 0 0 0 0 0 0 0 0 0.3762620687484741 3.534347280859947 0 0 0 0 0 0 0 0 0.1689134538173676 0 0 0 0 0 0 0 0 0 0 0.2989084124565125 0.6739437282085419 0.6229733824729919 1.777803689241409 0.5127874761819839 5.7449811398983 0.9345733299851418 250.6453646570444 0.9656372666358948 0.1380973011255264 2.932994857430458 0 0 0.8322087526321411 0 0 0 0 0 0 0
1054.551010355353 2464.284989260137 21.47006348520517 777.2977633327246 1056.650745272636 181.936504945159 0 14.73162201046944 696.4933009147644 1450.456018827856 27.87729898840189 126.4135102927685 4428.220370151103 1057.596312917769 30.14749026298523 2.418749041855335 0.6133339330554008 0.5887740105390549 0.6652192324399948 0.3850405961275101 0.7654924541711807 0.1478385329246521 0.1433633714914322 0.1559775918722153 0 1.726519420742989 0 4.249839812517166 0.1605264395475388 0.1548506617546082 319.1620627045631 24.82598540186882 1.92902534455061 0.6319012641906738 0 0 5.580122523009777 0.8035567626357079 0.7755512148141861 1.404831133782864 0.2476253136992455 1.002350680530071 0 3.645093478262424 0.3949656561017036 3.898897439241409 292.1943263113499 17.5714809820056 1.505028069019318 1.001220434904099 23.68157401680946 0.8901051506400108 0 1.521543242037296 19.77136757224798 19.32378400862217 59.4288492500782 778.0705551356077 93.33271844685078 163.1656304821372 0.9683745503425598 0.7716402858495712 0 99.8624604716897 22.37498695403337 8.199102081358433 10.50642342865467 3.117773078382015 0.6769656613469124 2.399492375552654 6.715731702744961 18.74723632633686 0.1313665509223938 615.4991095662117 243.3296867161989 251.6649839729071 146.7377675101161 9.107742846012115 0.6276445686817169 3.132055066525936 0.467317059636116 2.972580924630165 45.09547521173954 0.3691212981939316 7.047306180000305 13.16647406667471 2.279785394668579 0.1806551367044449 17.72855581343174 0.4833207130432129 3.248571746051311 2.956682302057743 1.627445973455906 2.654941864311695 2.665781661868095 309.9474238157272 0.147321417927742 0.115219958126545 0.834283173084259 141.6032872572541 5.740176230669022 3.358774617314339 25.68489526212215 9.607978403568268 10.65696933865547 76.73371165990829 12.78440932929516 114.9876794070005 54.69434595108032 91.07655774056911 4.83790422976017 120.5324409306049 110.9136468023062 120.0276738926768 28.9961351454258 0.1347222924232483 0 0 0 0 0 0 0 0 0 0 0 0 0 0 0 0 0 0 8.887173846364021 0 0 0 0 10.89520514011383 0.1755485832691193 8.961999207735062 0.8346112668514252 0.1797254234552383 0 0 0 0 0 0 0 0.4943322539329529 4.016740918159485 0 0 0 0 0.1810408234596252 0 2.370489522814751 0 1.038177497684956 3.762115150690079 0 0 0 4.260584279894829 0 0.6412503123283386 0 0.2836931496858597 0 0.5387454628944397 0.5778239965438843 0.1452220380306244 0 25.41951979696751 1.219230115413666 0 0.455263689160347 0 6.159271016716957 0 0 2.364318773150444 1.474423170089722 2.505929686129093 0.9058657586574554 2.499501585960388 0.7287873178720474 0.1049154326319695 0.116194911301136 0 0.2706837058067322 0.7334351390600204 0 0 44.67001830041409 6.260555773973465 0.8172788619995117 254.8435626998544 45.1546638160944 643.5045274943113 122.6820852980018 246.5720233097672 76.90095196664333 12.51578485220671 128.7951346561313 14.87418854981661 3.973588205873966 12.27100585401058 0.5102689564228058 5.465629369020462 1.409819588065147 0.1213442906737328 4.176947921514511 4.056549891829491 0.7358145713806152
409.8328358829021 1189.026573427022 2954.062688373029 0.7625256851315498 18.50404822826385 8.793371841311455 14.73162201046944 0 151.3655422702432 2.02726212143898 2952.90475743264 0.6856228858232498 60.15917520225048 1143.801294244826 44.44494741410017 17.34091762453318 46.14589706063271 46.59836117178202 19.62651532143354 142.3062600418925 384.7773276343942 0.1594422310590744 59.47518429160118 68.09124341607094 17.15081209689379 12.94060127437115 13.72615148127079 3.239853985607624 2.619548238813877 2.957601696252823 1494.787097103894 486.3974466100335 210.9057095348835 60.94553296267986 55.35793868452311 28.65620014816523 44.55671668797731 54.38922142237425 6.792386457324028 15.15446465462446 72.12077634036541 2.718969225883484 27.42439282685518 117.4235444515944 48.24695072323084 46.73871125280857 197.0912987589836 14.72953616827726 7.521121978759766 40.33360807597637 92.01308239251375 0.5645268559455872 2.132515907287598 1.90728136152029 8.616036839783192 7.262391231954098 18.45870380103588 415.2134456187487 32.64914102852345 73.83008217811584 28.00122168660164 131.3119782134891 4.012808494269848 251.3211156204343 7.978450998663902 12.73264886438847 18.83595731854439 64.48331299424171 135.2663234472275 380.206373386085 19.10849951952696 22.63174872100353 0.139216884970665 254.5718934983015 140.6216500848532 156.8054016306996 179.2508863210678 113.836480371654 1829.472170516849 4964.908648893237 235.1370410844684 1592.027313552797 18.22099655866623 0.3127140030264854 1.948585957288742 8.519211947917938 33.93011834472418 0.2236318364739418 7.226850926876068 0.6046366319060326 6.582874365150928 4.612047180533409 136.1626961827278 14.64244425296783 4.687585651874542 32.04438409209251 7.037190213799477 0 2.933094337582588 68.5928586050868 4.150468528270721 0 6.46662263572216 2.867093130946159 1.670672446489334 17.64125518500805 1.27598263323307 35.26677605509758 12.27670636773109 23.79718950390816 5.462736859917641 30.67976278066635 25.80327897518873 40.28826396167278 27.07945713400841 0 0.917122483253479 0 0 0 0 0 0 0.2675430774688721 0 0.3870827779173851 0.7744902372360229 0.6195641756057739 0.1949824541807175 3.864540129899979 0.4454353600740433 1.259967088699341 0 0.9917874932289124 4.176237925887108 2.638869881629944 0 0 0 13.38234980404377 0.8498531877994537 18.54555661976337 9.456365711987019 2.213729828596115 1.148990660905838 0.4944663047790527 0.4144728928804398 0 0 0 0.2411818206310272 1.238093554973602 6.270271301269531 0.5188579559326172 0 0 0.7916263937950134 0.8468504548072815 0 0.2983565926551819 0.1846254765987396 3.289442166686058 6.678849130868912 0 0 0 8.180283144116402 0.2013663053512573 0.3464842587709427 0.9308606386184692 0.7568446397781372 0 0.2037263512611389 0.1195535287261009 0 0.473238006234169 33.3047684431076 6.640374004840851 0 0 0.7587480694055557 7.025780767202377 0 1.050319790840149 7.48465059697628 0 0.5984281301498413 0 0.5487425923347473 0.9645770788192749 1.583171963691711 0.1253632605075836 0 0.3638166338205338 0.3764617890119553 0 0.1541292816400528 9.242450296878815 9.811293199658394 6.823843628168106 153.1179773062468 34.12946360558271 371.5843637511134 71.18791537731886 33.3262489810586 30.73172909766436 1.068568676710129 78.35978212207556 24.62549538910389 0.1041129603981972 27.57493814826012 3.903708510100842 5.026450783014297 5.47236205637455 0 5.351117596030235 5.41024275124073 1.066538035869598
258.3181914389133 3780.632591485977 310.1359357088804 104.5892138332129 2636.601845003664 45.27478793263435 696.4933009147644 151.3655422702432 0 249.7139565423131 655.4938361421227 39.96550351381302 1945.84970998764 3025.937003672123 24.19014877080917 3.077148005366325 0.140848845243454 1.276476204395294 0.1997469663619995 0.4025343805551529 0.684863418340683 0.1242304369807243 0 0 0 0.4469010829925537 0 1.156214743852615 0.2945305556058884 0 175.4695397168398 19.71265386044979 1.215500012040138 0.1615403145551682 0 0 4.171060800552368 1.643003836274147 0.3833408057689667 0 0 0.6175303757190704 0.2422778010368347 4.401156187057495 0.6098668947815895 2.09565095603466 180.0206355825067 4.162892386317253 0.1939344257116318 0.7814370021224022 8.911492817103863 0 0 0.1554633677005768 4.619912378489971 5.658028289675713 10.65935639292002 136.6770225614309 31.76530122756958 57.82918378710747 0.9118116647005081 0.3489549905061722 0 59.42876483500004 8.137183405458927 2.507007926702499 3.37156617641449 1.260469123721123 1.147921167314053 2.169210329651833 2.19402027875185 14.82903650403023 0 177.8788928762078 71.32903123646975 93.46133770048618 78.24874559789896 5.862996965646744 0.7382231056690216 9.563789308071136 0.9391506016254425 0.8653028309345245 15.40755794942379 0 2.195189744234085 5.040327683091164 1.266884595155716 0.127118244767189 4.98358990252018 0 2.376422524452209 0.769392229616642 0.1413660794496536 0.5173664838075638 1.018293283879757 283.5019464343786 1.270468920469284 0 0.2659078314900398 40.25212829560041 6.608115032315254 2.757480636239052 66.17010210454464 18.29497146606445 16.49224781990051 145.1362036913633 20.96655876934528 199.5271078050137 87.78024737536907 166.3288751989603 25.42492762207985 229.3705791980028 184.0896231904626 239.6502900570631 64.77029387652874 0.8391300290822983 1.416491627693176 0 0 0 0 0 0 0 0 0 0 0 0 0 0 0 0 0 24.56916864216328 2.637529939413071 0 0 0 20.63566157221794 0 10.92706742882729 0 0 0.1457774341106415 0 0 0 0 0.5615532994270325 0 2.785261482000351 9.086632460355759 0 1.516965627670288 0 0 0 0 0 0 2.388282120227814 4.397520452737808 0 0 0 13.41195321083069 2.147271573543549 0.2987679243087769 1.141880065202713 0 0 0 0.574543334543705 0 0 57.2446916103363 2.599033311009407 0 0 0.4270371794700623 18.54280552268028 0 0 11.02804808318615 2.252103015780449 3.731629088521004 2.371488302946091 1.328284859657288 0.6713626980781555 0.5387420654296875 0 0 0 0.5753456875681877 0 0 74.91743202507496 9.909393832087517 2.058012992143631 168.3988071084023 25.12854186445475 368.2562731057405 78.00923177599907 64.36843737214804 58.740219168365 1.895150914788246 108.7319896742702 25.7917221263051 1.464533567428589 48.81888843327761 1.730320483446121 11.19741985201836 0.9495891332626343 0 6.847897171974182 4.298403024673462 0.5802848339080811
4796.833032503724 439.4660418331623 2.271925434470177 1671.198269084096 505.4165441542864 1591.85374417901 1450.456018827856 2.02726212143898 249.7139565423131 0 9.556334428489208 2859.021325975657 9169.098795615137 119.849204659462 5.665276542305946 0.4412588328123093 0.223249688744545 0.2120395302772522 0 0.1503411382436752 0 0 0 0 0 0 0 0.4662917926907539 0 0 102.0435307994485 1.024837836623192 25.56413531303406 0 0 0 62.68872288614511 0.1571931391954422 0.2202902883291245 0.1162205561995506 0 0 0.1364651173353195 0.6826598569750786 0 1.210799343883991 35.627122618258 3.087141692638397 0.5239227861166 0 3.678518041968346 0 0 0.2763125821948051 3.564877577126026 3.170410983264446 96.49453703314066 475.3451644852757 27.76314942538738 18.45250501483679 0 14.49457311630249 0 6.354681067168713 2.649295546114445 0.5408038571476936 1.397129751741886 0.1044285893440247 0.245220921933651 0.1049834415316582 642.0461419671774 11.96328055858612 0 125.3972261622548 35.18658944964409 21.50796965509653 12.20920564979315 1.071960240602493 0.4082997813820839 10.43435784429312 0 0 6.087620064616203 0.231256939470768 0.8651589751243591 1.720358788967133 0.2342740893363953 0.1309618800878525 2.932406276464462 0.09787604212760925 0.9167707562446594 1.280396096408367 0.3690341860055923 0.1785465329885483 0.207020178437233 1498.041025370359 5.677551001310349 0 0.4701686650514603 658.7714307457209 1.855344921350479 4.355335175991058 26.84938576817513 15.54399919509888 1.956408575177193 79.59845492243767 17.84474822878838 72.00115092098713 62.18556872010231 113.1310565769672 4.172192052006721 97.29735769331455 328.338754966855 201.1946971267462 8.76606585085392 0 1.653054565191269 0 0 0 0 0 0 0 0 0 0 0 0 0 0 0 0 0 6.144557431340218 0 0 0 0 1.547735333442688 0 2.701344713568687 0 0 0 0 0 0 0 0 0 0 2.43876214325428 0.6312077045440674 0 0 0 0 0 0.3956086337566376 0.1250547170639038 0.3135685920715332 2.065320909023285 0.1434255987405777 0 0 6.165645107626915 0 0 0 0 0 0 0 0 0 10.774737611413 0 0 0 0 1.895671352744102 0 0 1.978444889187813 0.6887859851121902 1.855492740869522 0 0.3220379054546356 0 0 0 0.1174870729446411 0 0 0 0 40.37874348461628 6.000319465994835 0.2608622908592224 36.1266417875886 2.487856350839138 87.28743537515402 18.66869596391916 1264.599567681551 9.265732690691948 0.840303011238575 19.13933115452528 3.20518559217453 0 7.813589751720428 0 9.012943923473358 0 0 1.605951428413391 0.1958978623151779 0
566.3333397731185 3552.189118392766 1988.751628540456 42.32874519377947 304.9638495668769 20.38876442611217 27.87729898840189 2952.90475743264 655.4938361421227 9.556334428489208 0 3.837857827544212 698.9716107547283 6362.097749084234 78.04937753081322 22.19264705479145 11.00630137324333 2.84961573779583 0.1291718333959579 1.804732337594032 26.36726297438145 0 2.972953900694847 5.516839265823364 1.615086004137993 3.702462039887905 1.377540454268456 2.682312004268169 0.8127767592668533 0.1268077939748764 499.200793556869 54.26424848288298 304.0015383288264 1.234480187296867 3.750303938984871 4.130543224513531 175.4357439577579 20.23755791038275 13.64426419138908 6.516973026096821 9.078061267733574 0.9411777630448341 0.8133500143885612 11.24026596546173 2.310921028256416 4.717786952853203 337.5442995727062 9.229269042611122 1.755652517080307 3.771673038601875 28.58821617811918 0.1340557336807251 0.7144048511981964 1.404846288263798 9.035822011530399 13.16109628230333 15.03873833268881 253.834318973124 53.36022997647524 102.9084306359291 9.156285084784031 90.29211841523647 0.1815543323755264 129.5443982407451 11.15103270858526 5.094359144568443 6.49371013790369 9.942166715860367 13.62334100157022 32.20915894210339 72.34460093080997 30.89518488943577 0 253.2513973042369 124.5262401178479 218.0994433686137 187.023911640048 35.16384720802307 226.6540540456772 451.3077758029103 3.314503639936447 20.66830335557461 22.56951196491718 1.468795374035835 2.996800072491169 7.784626767039299 4.285258807241917 0.3018857389688492 8.799030750989914 0.2196484878659248 3.756811715662479 2.730269275605679 18.02846070379019 5.309367351233959 2.255235947668552 83.61456899344921 12.22520084679127 0 6.457712635397911 65.58104363828897 2.000962257385254 0 17.52884082496166 3.28665629029274 6.885557442903519 43.03160886466503 10.54651606082916 63.3391505330801 16.5212432295084 46.41665430366993 5.96244940161705 55.21045218408108 47.44260656833649 69.3638810813427 33.74407713115215 1.280709579586983 0 0 0 0 0 0 0 0 0.2464244514703751 0 0.6435385346412659 0.8064945936203003 0 0.7329783141613007 0.3967787772417068 0 0 0.4536192715167999 5.31663353741169 0 0 0 0 19.27963653951883 1.347324326634407 7.774782128632069 4.675302758812904 0.7624382078647614 0 0.1101155281066895 0 0 0 0.1281062364578247 0 0.2301586717367172 5.333313956856728 1.370523184537888 0.1845896989107132 0 0.964056059718132 0 0.283094547688961 0 0 1.620319306850433 6.672271460294724 0.3866815268993378 0 0 13.02686059474945 0.2704981863498688 1.512389034032822 0.5065577030181885 0.251092828810215 0.2960010766983032 0 0.7935474067926407 0 0.1408552974462509 33.67377683520317 2.807037174701691 0 0.1218861788511276 0 8.386850535869598 0.4522615671157837 0.2378017604351044 6.62040014564991 1.552349805831909 3.91934098303318 1.013026088476181 0.1256400942802429 0 0 0.1710542887449265 0 1.166353978216648 0.9186258167028427 0.4036769717931747 0 18.53450210392475 9.066276520490646 3.983203187584877 232.6843957528472 51.43769913166761 558.3163017034531 119.394768640399 56.24776758253574 78.04730702191591 4.750740364193916 148.6878565922379 22.18294303119183 2.232953660190105 22.37681006640196 4.201843611896038 4.123264610767365 2.886210948228836 0 5.102235734462738 6.80166819691658 1.012243539094925
157.8974277824163 12.25305639207363 0.3600871562957764 347.1411109566689 17.83938919007778 242.7443652451038 126.4135102927685 0.6856228858232498 39.96550351381302 2859.021325975657 3.837857827544212 0 1458.389676138759 27.470001116395 15.51196263730526 4.43105535954237 0.8330885544419289 0.1475457847118378 0 0 0.6942320466041565 0 0 0 0.5189773440361023 0 0 0.1222996339201927 0 0 0.6653825789690018 0.8959835469722748 25.63047299534082 0.1773401349782944 0 0 96.44081512093544 1.233520999550819 1.125401981174946 0.3945780768990517 0 0.1361374109983444 0.1265281438827515 0.7464901804924011 0 0.1978696882724762 38.31834428012371 0.4184442311525345 0 0.1768569350242615 2.513702936470509 0 0 0.3257725387811661 1.456338346004486 0.8708788752555847 11.2905760705471 12.18326830863953 5.55363480001688 6.403922967612743 0.2922341525554657 22.85954739153385 0 5.66533587872982 1.066892445087433 0 0.1829339116811752 0.6607514172792435 0.7615480199456215 1.052695319056511 188.9034539461136 40.60368329286575 0 13.6283293813467 5.283240206539631 15.64602039009333 10.46611868590117 3.426585644483566 0.3220261037349701 4.511129170656204 0.1485852152109146 0.7502487599849701 0.7053839787840843 0 0 0.3265865370631218 0.1089746952056885 0 0.3799816220998764 0 0.136139452457428 0.2057430744171143 0.4295647442340851 0 0.1145606338977814 1323.710487723351 25.58067758381367 0 2.160083338618279 66.13513277471066 3.723903819918633 0.2018004059791565 9.394166186451912 7.81032195687294 5.892097726464272 50.23093183338642 4.225138738751411 66.80329038202763 39.45079340040684 47.84551285207272 3.617979452013969 90.48722784221172 86.62370535731316 123.8672308027744 25.677424877882 0.1410077214241028 0.1550514250993729 0 0 0 0 0 0 0 0 0 0 0 0 0 0 0 0 0 6.153193831443787 0.4178505539894104 0 0 0 10.79404187202454 0.3155781328678131 2.823950737714767 0 0.300285279750824 0 0 0 0 0 0.6255683302879333 0 1.463676050305367 4.236558392643929 0 0 0 0 0 0 0.3265616595745087 0.5159991085529327 0.8018342256546021 0.8232148736715317 0 0 0 10.90411333739758 0.1600831598043442 0 0 0.3549769148230553 0 0 0.2842838764190674 0 0 28.12504662573338 2.336777806282043 0 0 0 7.575060337781906 0 0.3076812028884888 1.964765198528767 1.256155952811241 1.143925160169601 0 2.412629134953022 0 0 0 0 0.1091929003596306 0 0 0.2340593338012695 50.76919835805893 14.44726702570915 0.6057981848716736 59.39856009930372 3.711580827832222 82.92438040673733 19.91380091756582 116.7658473178744 10.78427290916443 0.1278029084205627 44.38635575026274 5.822703883051872 0.2864463031291962 8.635773688554764 0.7116838991641998 4.161227852106094 1.352370947599411 0 1.95302651822567 1.486811265349388 0.3922849595546722
308.9273944348097 712.2640024572611 42.28138862550259 1199.030914075673 979.2866392806172 448.9421135336161 4428.220370151103 60.15917520225048 1945.84970998764 9169.098795615137 698.9716107547283 1458.389676138759 0 2959.036768615246 88.57561393082142 23.58379358053207 8.429184272885323 0.3305952250957489 0.1673578917980194 0.5981016010046005 5.844423249363899 0.2368135303258896 0.3480470478534698 0.9555175453424454 0.8383449465036392 1.525531634688377 0.3849813938140869 2.023581974208355 1.669502161443233 0.420928843319416 31.69562984257936 14.4683099091053 290.4281126111746 0.3317570090293884 0.1367426365613937 0.7622583955526352 213.9403036758304 2.778700888156891 5.963394947350025 2.525403529405594 1.421593442559242 1.55810733884573 0.7916779965162277 8.080898657441139 0.5512323603034019 2.527006283402443 326.0331992730498 4.35721630603075 0.7686289623379707 0.7333561331033707 12.57223530113697 0.4927681684494019 0.4883493185043335 1.703062303364277 6.378929398953915 9.583597078919411 28.73309590667486 79.1869768127799 40.9143725708127 62.65702107548714 0.7474401593208313 39.25040414184332 0.4943846762180328 59.60822020471096 8.717956736683846 4.47472407668829 3.94353199750185 3.856278173625469 7.169764988124371 14.14176892489195 305.8373443335295 96.32912293076515 0 138.3410854041576 46.88381353020668 158.7343541756272 118.6344255357981 29.34861069917679 1.8040671646595 30.07396763563156 0.8658124953508377 3.906574040651321 13.60770550370216 0.5467689409852028 1.91282756626606 6.382858633995056 2.061844229698181 0.09804674237966537 6.520148441195488 0.3199853450059891 1.978415377438068 1.081531696021557 7.940507963299751 2.253645405173302 2.369389250874519 4651.359956398606 35.98407526314259 0 6.503974109888077 151.706063196063 13.37466079741716 5.211644291877747 88.42509390413761 30.04447375237942 27.68274503946304 282.1180996596813 24.48936887085438 371.324747338891 181.416843906045 280.3937330693007 31.11748805642128 431.0573960244656 472.0027519464493 569.0115420371294 143.2339528203011 3.991484016180038 2.809640005230904 0 0.6638608574867249 0 0 0 0 0 0 0 0 0.1998731791973114 0 0.6164039820432663 0.1407795399427414 0 0 0.7167945504188538 33.85535772144794 0.8617541790008545 0 0 0 44.02294154465199 0.3401824235916138 21.87800967693329 0.8033132702112198 0.5701261758804321 0.1671510636806488 0.2712555229663849 0 0 0 1.007606089115143 0 9.681223496794701 19.86155664920807 0.7734669744968414 0 0 0 0.2795139849185944 0 1.174779541790485 0 8.217946335673332 10.51311135292053 0 0 0 31.33990736305714 1.57621805369854 0.949424147605896 3.010855704545975 0.575139656662941 0 0 0.7446217834949493 0 0.3891107141971588 145.43224132061 9.8481804728508 0.2181267440319061 0 0 33.51063175499439 0.4934121072292328 1.186807662248611 17.9320939257741 8.87929529696703 8.14291013032198 3.325972527265549 7.804805189371109 1.744130596518517 0 0 0 0.1357559859752655 0.1674868017435074 0 0 251.8002500385046 51.85684238374233 3.886220514774323 319.7279072627425 59.26551322638988 639.7791265919805 165.4909926429391 310.9537509828806 107.794191300869 3.636074386537075 252.7147548422217 23.92663314938545 3.836336627602577 72.51339331269264 3.355451226234436 17.01120683550835 9.347013205289841 0 8.999312505125999 13.06713506579399 1.770174652338028
76.30945762246847 2282.145711302757 421.0675026103854 26.51429552584887 1638.138899184763 48.0203148573637 1057.596312917769 1143.801294244826 3025.937003672123 119.849204659462 6362.097749084234 27.470001116395 2959.036768615246 0 117.4639279544353 27.70453317463398 10.5096552670002 1.593928530812263 0.1576950699090958 1.19399131834507 14.27374855428934 1.198027655482292 1.15130465477705 2.350105717778206 0.3496888503432274 1.523357979953289 0.1471155434846878 2.078643336892128 1.404097408056259 0.1381941139698029 91.22070221602917 33.4659446850419 568.5339880511165 1.243728131055832 0.1688039302825928 0.589246854186058 844.1531715169549 16.30889499932528 25.21119751781225 10.02088617533445 3.61322420835495 0.4078304395079613 0.8242878168821335 15.57271265983582 3.570221841335297 6.943414621055126 534.0075192674994 6.272794172167778 2.261350050568581 2.570103280246258 26.62192246317863 0.5973559021949768 1.163561299443245 1.47479036450386 11.62060406804085 10.93376806378365 15.09312025457621 103.7752681076527 63.31923656910658 97.77068503201008 1.177648261189461 288.8863518759608 0 130.4656343758106 11.67001980543137 5.509758912026882 7.500468641519547 10.41278129070997 16.25163844227791 26.59212727844715 156.0693441256881 85.49595512449741 0.3388948440551758 255.1833021491766 102.626572035253 262.3134712576866 212.8726471140981 50.96188295632601 10.56188385933638 241.1046312078834 2.791045740246773 7.900044642388821 21.66801999509335 0.8525050207972527 3.083525158464909 9.181941844522953 7.120104968547821 0.182336762547493 9.495461277663708 0 3.007252059876919 2.426710642874241 14.05850555002689 5.09440054744482 2.362254373729229 633.2414905279875 30.65374850481749 0 10.65218003094196 26.85782466828823 5.726032450795174 0.2272720336914062 45.99238173663616 17.07261726260185 17.60608561336994 141.8639804571867 15.46165154874325 203.7981142625213 87.19815276563168 191.3828937709332 18.88710188865662 239.4125570356846 209.7390680462122 302.4942023009062 80.80537819862366 2.081485264003277 1.068248718976974 0 0 0 0 0 0 0 0 0.5167107582092285 0 0.5576926469802856 0.508793979883194 0.7855342626571655 0.4411826282739639 0.3533668220043182 0 0 24.11562946438789 0.8994542956352234 0 0 0 30.42898841202259 1.589094460010529 21.68439987301826 3.594471544027328 2.266713976860046 0.2891834750771523 0.1272547692060471 0 0 1.20625227689743 0 0 6.388330295681953 26.42146374285221 0.1755101084709167 1.06190387904644 0 0.3994366973638535 0.1784126311540604 0.3701822310686111 0 0 5.428477339446545 11.64459139108658 0 0 0 24.39744582772255 0.2769127488136292 1.44420151412487 0.4604946374893188 0.9846831858158112 0 0 0.128914013504982 0 0.1678944379091263 88.52719478309155 5.241114422678947 0 0 0 23.85119454562664 1.317030429840088 0.6452630311250687 11.70482969284058 7.774784475564957 8.243320912122726 3.8275987803936 2.25447690486908 0.6465699672698975 0.1128959208726883 0.1107514649629593 0 0.4591802358627319 0.3411461934447289 0.1401014178991318 0 89.97085458040237 26.02150119841099 2.743397027254105 524.6036700904369 71.92950493842363 1033.146133892238 229.2820647507906 110.1320637241006 158.592900402844 5.153705641627312 381.820688277483 33.2280613258481 3.016840696334839 61.41489642858505 1.121876463294029 7.873121961951256 1.471464335918427 0.6654441952705383 10.72664880752563 12.62362651526928 1.34100429713726
