0 3834.623305998743 231.2807306796312 1541.702969454229 330.6339695081115 353.2669491916895 915.3443464264274 169.7339127361774 48.07434979826212 895.0424385070801 235.7846409380436 88.72496072947979 164.8306092247367 89.24993244558573 7.942549407482147 3.466791957616806 0 0 0 0 1.434771239757538 0 1.496931172907352 0.8005692288279533 5.315095938742161 1.606592416763306 2.01537761837244 0.3188785165548325 0 0.5229806154966354 627.2583896368742 3.703041478991508 20.72501142323017 0.1231422945857048 1.386594980955124 4.515043914318085 10.27424872666597 0.7346996143460274 1.172218143939972 1.326677717268467 7.168559342622757 1.29256846010685 0 0.8339351639151573 0 0.1377322673797607 64.53227459639311 11.43512023240328 0.6572605594992638 1.042646378278732 1.244328446686268 0 0.3684473484754562 0 22.13749130815268 22.61129535734653 190.2138799056411 1285.460806727409 16.26368388533592 35.15429785102606 0.1664027869701385 2.462932035326958 1.90882620960474 7.332594342529774 14.69801753014326 3.305070988833904 5.023854143917561 2.912948541343212 2.404495187103748 9.864341072738171 24.03491485118866 54.04858765006065 1.236482113599777 591.3314046114683 68.44088794291019 21.85807589441538 14.42702987790108 2.193468868732452 4.35234223306179 120.2358779236674 0.172472819685936 13.84904352575541 123.1539412438869 0.2147746011614799 9.805930152535439 17.77316612005234 2.173406183719635 0.6420139223337173 4.256210282444954 0.3099516332149506 0.727035865187645 0 3.804710425436497 0.1375144571065903 0 113.7078918069601 40.47819426655769 1.571966350078583 3.26348665356636 981.0181982815266 1.632747665047646 0.7301242351531982 5.776930138468742 1.076486125588417 0 14.79663583636284 0.5255424976348877 7.303570106625557 31.30366852879524 13.49394741654396 1.741157695651054 18.35193486511707 12.75291728973389 18.86769996583462 11.99265070259571 0.3483368456363678 1.077243685722351 0.1103535443544388 0.1282676607370377 0 0 0 0 0 0.3034355044364929 0 0 0 0 0.3239542245864868 0 0 0.4336717575788498 0 0.6721612811088562 0 0 0 0 1.596918836236 0.3338302671909332 2.944531910121441 0.6444665044546127 0.1377197802066803 0.1193092465400696 0 0 0 0 0 0 0.2835069894790649 2.453626021742821 0 0 0 0 0.3073320239782333 0 0 0 0 0 0 0 0 9.538533225655556 0 0.2613023519515991 0.2207681387662888 0 0 0 0 0.1027715727686882 0 24.56345781683922 0 0 0 0 2.9005326628685 0 1.374676406383514 0 1.315859615802765 1.190316423773766 0 0 0 0 0.2562816739082336 0 0 0 0 0 1.848822444677353 3.158287823200226 4.058489769697189 191.8561623096466 19.03364282846451 177.0470410883427 53.34915114194155 1214.797476455569 70.78455781191587 11.76675962656736 17.75052331387997 5.042848788201809 0 1.247997611761093 0.3300776779651642 11.04617470502853 0 0 0 1.69776439666748 0.1401217132806778
3834.623305998743 0 355.877729229629 572.2753410935402 2752.031928308308 405.8131642043591 5570.461438365281 1449.532558307052 1305.192875042558 1126.313373088837 2185.311309970915 63.50606279075146 2205.856881812215 1519.420837022364 67.38277200609446 23.18871133774519 0.6132384985685349 0.5659698992967606 0.1049743816256523 0.9597375690937042 9.292807839810848 1.252060666680336 8.821307025849819 7.156460955739021 36.34661896526814 4.700203627347946 10.0152670070529 3.873917125165462 0.8833250254392624 0.9493439868092537 1565.596500277519 30.57281318306923 34.93381049484015 0.8495686203241348 10.51543431729078 26.26194798946381 17.91170133650303 5.608635231852531 3.007233068346977 7.858766838908195 37.1107986047864 4.887536980211735 3.853967607021332 3.06677770614624 0 1.433641701936722 575.4333360493183 51.84482266008854 1.444207608699799 5.677196279168129 4.29993262141943 0.6981848180294037 0.1196283921599388 0.8743901699781418 38.76104655861855 63.52473729103804 118.3213640898466 1015.452259831131 25.61992352455854 140.9027292281389 0.760631836950779 9.440366111695766 7.332447409629822 109.800774499774 39.37091760337353 15.02968087792397 19.19501245766878 11.28767170757055 12.47206742316484 51.95432018488646 30.80548421293497 26.70452185720205 0.1306654959917068 927.3681170940399 344.4717147946358 211.143641911447 135.2438136935234 22.87432178854942 32.69551628828049 551.8631300926208 1.126819364726543 66.00664373487234 298.2624514624476 0.8257244303822517 35.24509660154581 60.75139852613211 14.06942798942327 0.7879379317164421 13.91236509382725 0.4854713380336761 1.949604734778404 2.385952457785606 23.68699089437723 1.530054546892643 0.8674939349293709 206.7235638648272 13.98210774362087 0.7537625432014465 3.037453591823578 574.3322191089392 4.799805074930191 2.592695713043213 13.01848471164703 4.28620158135891 7.001773670315742 77.96505583077669 4.080855622887611 46.89884258806705 75.25742450356483 27.68948877602816 8.971036925911903 127.7717588767409 97.5783713683486 113.5485392808914 89.32779741287231 5.951846823096275 1.13776507973671 0.1335983872413635 0.6316974759101868 0 0 0 0.1610406041145325 1.946771234273911 0.1323363184928894 0.5873019397258759 0.1250482499599457 0.107852540910244 0 0 0 0.2779654189944267 0 0 10.61147136986256 5.805903628468513 0 0.4794342070817947 2.004057466983795 49.34881003201008 0.3193935751914978 23.17050151526928 7.415545180439949 0.5631697326898575 0.1318321079015732 0.2006547003984451 0 0 0.1863985657691956 0 0.4761482030153275 5.848114132881165 18.65101482719183 0 0 0.2026740461587906 0.7438616901636124 0.4572689533233643 0.1387700736522675 1.425340861082077 0.1136859208345413 1.693352907896042 0.8062430322170258 0 0 0.3994620591402054 131.2430727407336 0 0.94135432690382 2.946012616157532 0.2502900660037994 0.2335708737373352 0 0 0.1717437654733658 0.6114072501659393 189.2215027436614 3.302167221903801 0 0 0.1501952558755875 12.76460747420788 0.7537017464637756 21.52046073973179 7.19898647069931 8.354614078998566 16.14171620458364 0.6601027250289917 1.776333287358284 0 0.1153976321220398 0.1016529127955437 0.1282621473073959 0.2755783349275589 0 0 0.2817055583000183 34.97668723762035 30.37457203119993 31.46567856520414 1005.970968082547 72.63254754245281 1008.684650219977 159.8094386383891 1622.23195809871 313.4618631750345 21.92854564636946 178.5554540157318 34.20385489612818 0.4189610779285431 33.19327403604984 2.633951887488365 41.95289185643196 2.466210022568703 0 8.502720892429352 8.053162664175034 2.220700889825821
231.2807306796312 355.877729229629 0 1.765868879854679 61.02374014258385 11.22102695703506 9.013450264930725 2234.72539562732 39.96487177163363 1.798363864421844 911.947599068284 10.67322272062302 24.37112674862146 376.4653216376901 26.34343768656254 18.58320068567991 3.193041749298573 10.14657996594906 0 13.95629581809044 68.87340396642685 0.2879073023796082 26.240623511374 30.51373274624348 44.30424858629704 18.6658825725317 16.3930477052927 12.11672911792994 0.8286912888288498 1.745035134255886 4213.030402548611 445.8401886820793 60.56602023541927 2.159426033496857 25.51438629627228 56.84392208606005 21.52054757624865 6.24454290419817 11.68299530446529 13.53176388889551 257.2738541737199 20.62008729577065 61.64885089546442 3.877907037734985 1.677969686686993 21.59933616220951 169.2756115794182 59.1401397138834 18.89903707802296 93.22229662537575 43.39095521718264 2.185297101736069 2.151742711663246 8.913094080984592 11.0764836370945 15.74473802000284 27.69410307705402 551.4250210598111 5.302825272083282 52.003701582551 31.18065399676561 29.20682136714458 23.79249340295792 184.6151654273272 12.77158027142286 49.73126300424337 45.03636639565229 88.61936545372009 154.2360464334488 650.785332582891 22.33610773086548 15.10226979106665 0.160460963845253 291.5450721532106 153.4413890913129 79.00580567866564 66.8069059997797 15.66382613778114 1039.372136190534 3317.030771508813 29.63632277399302 1788.247344844043 81.76722510159016 0.4670499041676521 16.84561521559954 27.79577441513538 59.50615535676479 0.5078494772315025 17.08902513235807 1.215781852602959 16.09793262928724 10.01561412960291 211.497629314661 18.72948136925697 7.044100292026997 31.61508893966675 11.11926424503326 1.584119230508804 6.490355744957924 237.0767679437995 0.153507262468338 0.3147082924842834 2.289100676774979 0 2.029049038887024 6.149334400892258 0 3.376086875796318 0 0.3808224350214005 2.593894720077515 5.22866453230381 5.322480052709579 12.83648100495338 13.9606881737709 1.37478806078434 0 0.1284599304199219 0 0 0 0 0.3072132766246796 0.7991555631160736 0 0.918316513299942 0 0.1206552609801292 0 0.6524670869112015 0.491582840681076 0.340748593211174 0.173289492726326 0 0.464303269982338 0.8676493763923645 0 0.8785760551691055 0.2684160470962524 13.07901476323605 0.6044421941041946 12.50840917229652 9.645560726523399 3.556653916835785 0.7712826579809189 1.103064343333244 0 0.149689644575119 0 0 0.1730711758136749 1.14446297287941 8.298179119825363 0 0.4443434774875641 1.150186225771904 0.9657026529312134 5.355633459985256 0 0 0.157910168170929 0 0.3681171536445618 0 0 3.54872739315033 26.7468853443861 0.7637496590614319 0.3931916654109955 0.3564177602529526 0.7097169384360313 0 0.3896821364760399 0.1312936097383499 1.058374799787998 1.163665607571602 53.3210379332304 0.9530441462993622 0.2206870019435883 0 0.9090191870927811 3.737520471215248 0.7689673900604248 3.498256668448448 2.298394098877907 1.64264115691185 2.078084468841553 0.6675181090831757 1.211096748709679 0 0 0.09853392839431763 0 0 0.5120272487401962 0 0.180872455239296 11.04813598096371 18.63965657353401 22.72476741671562 213.5926640033722 71.70091307908297 287.7006170749664 58.4266087859869 94.76951361447573 67.74980439990759 7.559616699814796 44.96094483882189 16.2020710259676 0.4331421852111816 9.371440172195435 0.128377839922905 2.600522577762604 0.4326439499855042 0 0.9516380727291107 6.807552233338356 0.5254357010126114
1541.702969454229 572.2753410935402 1.765868879854679 0 12.76246358454227 294.8607573211193 177.4631804823875 0.3593655824661255 25.14850431680679 1109.79212538898 0.3409821093082428 60.29236415028572 211.4318180680275 4.605688005685806 0.9701973050832748 0 0 0 0 0 0 0 0 0 0.212807297706604 0.1901830285787582 0 0 0 0 34.08956676721573 0.1122900694608688 0.2191419303417206 0 0 0 0 0 0.1346346586942673 0 0 0 0 0 0 0 17.17013984918594 2.277913123369217 0 0 0.396723560988903 0 0 0 3.15820188075304 4.161319434642792 20.10275115072727 106.7712870538235 3.100527465343475 12.15370579063892 0 0.4164006114006042 0 2.004950940608978 5.197587512433529 0.6581911444664001 1.620844945311546 0.5604345500469208 0.1498549282550812 0 0.3876237422227859 1.731404066085815 0 95.49535209685564 19.32459932565689 6.769294612109661 1.564010858535767 0 0 0.6587382853031158 0 0.4960988909006119 28.04868423938751 0.284577377140522 1.805156990885735 3.991776175796986 0.6773022413253784 0 1.479526475071907 0 0.1415408104658127 0 0 0 0 31.77907146513462 0.8257327675819397 0 0 110.8068795949221 0 0 1.048029333353043 1.105341196060181 1.129964113235474 14.0644224435091 0.3046623170375824 5.624150648713112 21.34010110795498 7.830112397670746 0.596122145652771 13.33622607588768 10.92629440128803 5.056911274790764 4.865104421973228 0 0 0 0 0 0 0.1488135755062103 0 0 0 0 0 0 0 0 0 0 0 0 0 0 0 0 0 1.377206936478615 0 2.775833293795586 0 0 0 0 0 0 0 0 0 0.6266122460365295 1.405749022960663 0 0 0 0 0 0 0 0 0 0 0 0 0 4.954795837402344 0 0 0 0 0 0 0 0 0 4.894579917192459 0 0 0 0 0.5920490473508835 0 0 0.5599150657653809 0.8293293416500092 0.7743504047393799 0 0 0 0 0 0 0 0 0 0 0.7202278971672058 0 0.5633720755577087 59.2998970374465 5.448669783771038 46.56938346475363 12.53020410239697 640.0118925645947 14.0709802955389 2.617423966526985 5.126940235495567 0.7129214406013489 0 0 0 5.37371826171875 0 0 1.039994955062866 0 0
330.6339695081115 2752.031928308308 61.02374014258385 12.76246358454227 0 14.08726081252098 875.018841072917 612.885138630867 2982.172895714641 171.0942151248455 1429.566693291068 21.06456135213375 795.6711148619652 1687.857656091452 23.10026922821999 8.066875405609608 0.4855777025222778 0 0 0.2275192141532898 1.449505791068077 0 0.5105882212519646 0 1.239861711859703 0.7119073867797852 0.3271736800670624 0.4083863347768784 0 0 123.3323395848274 7.342851012945175 10.45650890469551 0.3316229283809662 0.8944135755300522 0.7642585635185242 3.40558910369873 0.09434157609939575 0.2520910054445267 0.1214590221643448 4.034652821719646 0.2256600111722946 0.4792145490646362 0.8026217520236969 0.1672089844942093 0.4243768900632858 148.683975212276 7.286893554031849 0.3129532337188721 0.4904903173446655 1.271827764809132 0 0 0.6508725136518478 4.796475186944008 12.55514336377382 8.984039403498173 45.80068095773458 3.590462729334831 24.85417085140944 0.357989713549614 1.684351354837418 0.3531924188137054 29.74278469383717 7.781478770077229 2.290033005177975 3.931686982512474 2.627348482608795 0.7520194128155708 3.610944464802742 13.8427287042141 3.089692622423172 0 93.2710018530488 63.35325435549021 55.15874287486076 43.38655046373606 5.022780261933804 3.631254091858864 26.9518938139081 0 9.922860108315945 33.38419061899185 0.3975417613983154 4.704870752990246 11.04954112321138 1.478313438594341 0.3359339907765388 3.415119312703609 0.1383238285779953 0.2702350616455078 0.3361534550786018 3.310971215367317 0.1465504169464111 0.1861337423324585 56.46428051590919 0.900016650557518 0 1.064199984073639 12.71981500834227 1.236651577055454 1.292383283376694 7.519942134618759 1.152254581451416 2.304897531867027 46.3269886225462 1.71770167350769 29.12150333821774 18.79737104475498 12.55467186868191 4.037201121449471 61.5438002422452 50.8409071341157 60.95932828634977 58.84925509989262 4.353631384670734 0.5451187938451767 0 0.2397752702236176 0 0 0.1486150920391083 0 0 0 0 0 0.1862979531288147 0 0 0 0 0 0 1.200681522488594 1.699132710695267 0 0 0 22.55766354501247 0.7366780340671539 13.79510621726513 2.562114208936691 0 0.2053089737892151 0 0 0.1872777342796326 0 0 0 0.3664918541908264 8.273882672190666 0.2769893109798431 0 0 0 0 0 0.5058720707893372 0.6008375287055969 0 1.095035284757614 0 0 0.9966046214103699 80.74555613100529 0.705545961856842 1.101061880588531 0.4078681841492653 0.4017450213432312 0.157061293721199 0 0.2289395779371262 0 0 119.2651568576694 0 0 0 0 6.398538008332253 1.863149166107178 9.649307638406754 4.619633063673973 1.935079835355282 4.17388192564249 0.5419155359268188 0.8798498138785362 0 0 0.1022113785147667 0 0 0 0 0 26.6572101265192 17.46061956882477 13.9657044261694 280.239696867764 24.15703599154949 227.5562315657735 38.03134605288506 180.066787853837 101.5780649706721 5.923231229186058 58.96717430651188 16.67144686728716 0 9.893766418099403 0.7730665951967239 15.19216257333755 0.3841625154018402 0 2.160095483064651 2.799080520868301 0.4995074421167374
353.2669491916895 405.8131642043591 11.22102695703506 294.8607573211193 14.08726081252098 0 212.0990300029516 9.332716539502144 77.56932879984379 570.4859829992056 17.29288770258427 218.1994285136461 207.6833250522614 84.89074164628983 0.2361443191766739 0.6191805750131607 0.1220927163958549 0 0 0 0 1.177438348531723 0 0 0.1319852620363235 0 0 0 0 0.08582655340433121 13.80109119415283 0 108.1046704575419 0 0 0.1244233474135399 52.07236613333225 0.1190536394715309 2.857084557414055 0.5591721832752228 0 0 0 0 0 0.6028980314731598 3.071027837693691 0.7651596292853355 0 0.5016195774078369 0.3849654048681259 5.181719332933426 0.3663287460803986 0 0.1119443327188492 2.47593854367733 162.8519804775715 120.6267207860947 3.052472174167633 0.7549118772149086 0.4966862201690674 8.191265076398849 0 0 0.2643178552389145 0 0 0 0.331038624048233 0.4378229081630707 164.8732235133648 603.5429020822048 15.15877249836922 8.907965913414955 1.327165260910988 0.3862143084406853 0.1267480403184891 0.1238314211368561 0.142118439078331 58.96925376355648 1.023826003074646 4.058625265955925 1.397467203438282 2.75212699174881 0 1.893401518464088 0 10.09120486676693 4.11860591173172 13.80659814178944 1.01654140651226 2.107663005590439 0 0.4043596386909485 0 185.8345638364553 160.8221973329782 30.22271390259266 23.17729204893112 763.8413059264421 0 0.6720598936080933 0 0 0 4.120592907071114 0 1.699637368321419 4.956348076462746 0.7975024580955505 0 1.290789425373077 1.163238666951656 3.539450421929359 0 0.3184980452060699 0 0 0 0 0 0 0 0 0 0.2215408086776733 0 0 0 0 0 0 0.1684847623109818 0 0 0 0 0 0 0.8437523245811462 0 0.6204564571380615 2.457339286804199 0.2854155004024506 0 0 0 0 0 0 0 0 0.9230675399303436 0 0 0 0.7747450321912766 0 0.1951627731323242 0 0 0 0 0 0 0 1.86444103717804 0 0 0 0 0 0 0 0.181798130273819 0 2.467774197459221 3.213725745677948 0 0 0 0 0 0.3352892994880676 0 0 0 0 0 0.2373578995466232 0.1674254238605499 0 0 0.1420301347970963 0 0 0 1.342488050460815 1.172365188598633 4.737432777881622 51.28782054781914 1.173773169517517 8.20559586584568 3.17246226221323 362.6372464746237 10.4243673235178 0.2317314893007278 2.020979978144169 1.999125465750694 0 1.134350180625916 0.3279805481433868 0 1.133653521537781 0 0 0.1478431075811386 0
915.3443464264274 5570.461438365281 9.013450264930725 177.4631804823875 875.018841072917 212.0990300029516 0 10.03696568310261 1654.09975425899 2734.816833935678 240.713322520256 381.6286938786507 3223.345493510365 1225.569756947458 16.99993985891342 4.220064289867878 0.4122394919395447 0 0 0.1635637730360031 0.4888364225625992 0 0.3964418843388557 0.9038489758968353 1.114796563982964 0.2725645527243614 0.1815538331866264 0.1556987017393112 0.2068061083555222 0 73.76525423675776 4.459955006837845 2.523627176880836 0 0.4174629896879196 0.4185230582952499 0.4395350366830826 1.078698866069317 0.7800420969724655 0.09316995739936829 1.274813182651997 0.662683792412281 0.1841583549976349 0.2879555597901344 0.1434853374958038 0.3919937908649445 169.4502090960741 13.19799224287271 0.5885199457406998 0.3739905953407288 1.33523890376091 0 0 0 12.19281867146492 14.84378004819155 22.20638739317656 117.3201660066843 4.741215370595455 37.92180493474007 0 0.6754596903920174 0.1594601422548294 26.00675532966852 10.71049849689007 3.059737995266914 5.084974125027657 2.148600727319717 0.4755557402968407 0.909615159034729 10.03602636605501 3.931217439472675 0 205.5384720116854 89.99350240081549 58.70281726121902 39.65254832059145 3.298666536808014 0.6023293137550354 8.318093180656433 0.1320948004722595 2.329878568649292 68.57414378970861 0.2330109998583794 8.831457786262035 13.74623380601406 2.759295456111431 0.1252929866313934 4.076945438981056 0.1321051418781281 0.4389993995428085 0.1553897857666016 1.143970340490341 0 0.303698405623436 406.791247241199 1.024157136678696 0 0 38.05840148031712 6.010082960128784 9.744408577680588 49.85940136015415 14.24051502346992 8.577232673764229 172.2137427851558 5.808740377426147 82.0484629496932 138.6119920909405 58.21720463037491 13.66163447499275 218.8889527916908 175.4260337650776 158.3255567848682 113.1591917872429 4.340701192617416 0.9614729434251785 0 0.649092048406601 0 0 0 0 0 0 0 0 0 0 0.6187009811401367 0.1164139211177826 0 0 0 8.510351479053497 2.717935547232628 0 0 0 39.44454097002745 0.1992606073617935 30.23274371027946 5.076381102204323 0 0.5900327861309052 0 0 0 0.1493916809558868 0.5321822166442871 0 4.786109112203121 18.95998995751143 0.5079688727855682 0 0 0.5343004465103149 0.139051616191864 0.1003723666071892 1.508905470371246 0.09558571130037308 0.5969639420509338 6.559495434165001 0 0 2.228303790092468 152.4633163437247 0.369398444890976 3.748532697558403 1.666310392320156 0 0 0 0 0 0 207.7541873380542 3.067251220345497 0 0 0 14.10798338800669 0.6305999159812927 13.33003966510296 8.43210531026125 10.05516009032726 19.1149593219161 3.310185253620148 4.674493044614792 0.5805452689528465 0 0 0 0.1015667840838432 0 0 0 62.66363995522261 14.91685518622398 31.79223801195621 331.862495623529 26.31335945427418 273.5813210383058 54.78915454447269 797.178132481873 103.0663954913616 7.950367510318756 62.37832295149565 30.22327966988087 1.833612374961376 37.41186222434044 2.694197222590446 45.30607215315104 3.095261216163635 0 4.674304246902466 2.467764787375927 1.533508867025375
169.7339127361774 1449.532558307052 2234.72539562732 0.3593655824661255 612.885138630867 9.332716539502144 10.03696568310261 0 124.5726343393326 1.207495614886284 1208.28730365634 7.697005935013294 111.7114807441831 1204.150173194706 49.37291532754898 26.50170597434044 3.226945549249649 5.757550686597824 0.6828789412975311 14.79000084102154 40.63402570784092 1.313877820968628 35.10226853191853 26.09799106419086 97.53946111351252 21.64466429501772 25.2434162274003 10.20796904712915 1.08273720741272 4.011994108557701 1213.346746683121 738.1023627147079 47.25226570665836 2.656628951430321 28.73136456310749 87.59956206381321 26.59549202024937 13.30473464727402 10.47999603301287 16.66754624992609 123.0171422287822 10.55185873061419 24.85465797781944 10.6680306121707 8.995628945529461 45.07585161924362 204.1771807000041 17.89574887603521 9.154825031757355 45.9495517089963 13.14129435271025 1.73801289498806 1.760986864566803 3.459669217467308 4.029931902885437 6.746117606759071 8.915562398731709 142.6012796908617 2.426159664988518 28.12485609948635 66.01107887178659 19.37862993776798 27.02537202090025 143.5815301313996 5.509799510240555 23.25647472590208 14.94705347716808 29.81082552671432 44.12581058591604 266.0158240124583 22.42037738859653 18.23981502652168 0.1492548137903214 110.1967046260834 80.9084460735321 78.38973839581013 121.6592127904296 35.8410277441144 681.8307120874524 3517.682094372809 105.1385110914707 1982.44471809268 35.19383486360312 0.2665298581123352 8.463831700384617 10.32030308246613 29.87841454148293 0.152287557721138 5.583112396299839 0.5934096276760101 4.737566687166691 3.745638146996498 96.16108846664429 5.76934215426445 2.801150895655155 50.9313825443387 10.90638633072376 1.314502790570259 3.850969582796097 32.59175378084183 0 0.1754351556301117 1.879507124423981 0 0.6197690814733505 7.685960918664932 0 4.468215063214302 0.8108298778533936 1.174817360937595 1.193138852715492 10.05259273201227 9.389540433883667 17.74312625825405 11.20393685996532 0.9023901969194412 0.1601208746433258 0.5285907536745071 0 0 0 0 0 0.3154803663492203 0 0.6429259032011032 0 0.2597380876541138 0 0.2749321907758713 0.2605123966932297 0.4238489866256714 0.1328923553228378 0 2.632232114672661 1.082974344491959 0 0.625444769859314 0.1233276128768921 6.558459967374802 0.4580595791339874 7.118619166314602 3.969342067837715 2.53442358225584 0.8849509954452515 1.035552650690079 0 0 0 0 0.3140397071838379 0.9426431357860565 4.994166545569897 0 0 0.3360004723072052 0.345000758767128 1.65581863373518 0 0.2997466921806335 0 0.3020057380199432 0 0 0 0.3746927380561829 24.1032732501626 0 0.8199291974306107 0.4903806149959564 0 0 0.2727140113711357 0 0.1127657890319824 0.710251122713089 26.92250065505505 1.261900708079338 0 0 0.3357574343681335 2.573966279625893 0 2.337540477514267 1.026577591896057 1.536372244358063 3.639061972498894 0 1.877849094569683 0 0 0 0.114804670214653 0 0.2448692470788956 0.1193744838237762 0.1237699761986732 6.283642545342445 7.40947650372982 13.20444725453854 416.3189393058419 37.06818130612373 342.005216486752 53.78482931852341 74.13310056179762 77.30667249113321 2.084512017667294 84.96809785068035 12.82576940953732 0 6.840678073465824 0 4.899414956569672 0.8407264947891235 0 2.847784772515297 2.11733653396368 0.2882530316710472
48.07434979826212 1305.192875042558 39.96487177163363 25.14850431680679 2982.172895714641 77.56932879984379 1654.09975425899 124.5726343393326 0 577.7645387798548 1217.752268537879 342.0283788889647 1760.036158643663 2199.016708835959 28.35201165825129 11.92159955948591 0.2454981133341789 0.3849137127399445 0 0 0.8616273403167725 0 1.10830070823431 0.4935235753655434 1.758339866995811 0.2718944102525711 0.6535278782248497 0.1461300551891327 0.3187861144542694 0 34.97132041305304 7.648147128522396 5.896129369735718 0 0.3120123520493507 2.377038523554802 4.354774512350559 0.291915200650692 0.2907393723726273 0.4149779006838799 3.798164770007133 0.4821210280060768 0.1451993137598038 1.138175368309021 0.2665760368108749 0.1079662069678307 137.5884244143963 2.807065084576607 0.4039869457483292 0.247497946023941 0.42426598072052 0.1651540398597717 0 0.3082880824804306 3.201561026275158 5.065635055303574 4.807151682674885 19.36436564475298 2.781616300344467 17.55339690297842 0 1.917598910629749 0.8931541591882706 12.66253814101219 2.387321382761002 0.8798817694187164 1.679152816534042 1.343189142644405 0.7278962954878807 4.043648228049278 13.29902726411819 14.29192033410072 0.1333042830228806 57.46826153993607 28.91982339322567 39.47690241783857 33.95160470157862 6.466798081994057 1.770928516983986 25.68517435342073 0.1492936164140701 7.162455044686794 22.28147049993277 0.09489598870277405 3.214107006788254 3.999441415071487 0.9305874034762383 0 0.9650637805461884 0.09569009393453598 0.513970784842968 0.3346284329891205 2.048224478960037 0 0.5235113203525543 569.7917385324836 2.875623762607574 0 1.866111561655998 7.967125594615936 5.364216856658459 2.061891123652458 37.7181943655014 5.823589563369751 7.107578784227371 242.7909483984113 4.343273520469666 120.4602431356907 69.62233261018991 66.18916589021683 17.77006869018078 285.0247651040554 251.9734150469303 215.6415012329817 159.8956536948681 6.077968291938305 1.006118670105934 0.1526196151971817 0.3179723024368286 0 0 0 0 0.4602615535259247 0 0 0 0.5180345177650452 0 0.5921916365623474 0 0 0 0 14.96082139015198 2.476764857769012 0 0.1532007157802582 0 50.82530810683966 1.932918071746826 37.24553342163563 11.76355731487274 0.6061122864484787 0.4626134634017944 0 0.4121331572532654 0 0.1401740312576294 0 0 6.368855282664299 24.02911031991243 0 0 0 0 0.2338448762893677 0.727116733789444 1.982834503054619 0 1.307860821485519 4.34211441129446 0 0 0.2941389977931976 168.5212847217917 0 4.111803017556667 1.707638196647167 0 0.2223682403564453 0 0.2901770174503326 0 0 286.9223882853985 1.609814614057541 0 0.6155986189842224 0 21.80831374228001 0 26.62384410202503 12.75744277238846 11.66135036945343 21.58352861553431 1.605467364192009 2.775028832256794 0.1322493553161621 0.1876069903373718 0 0 0.1100404337048531 0 0 0 81.18499512970448 28.68028944730759 34.48098012804985 482.832842938602 19.88550262153149 254.0391405522823 40.78444720059633 140.0180810838938 79.60449220985174 4.323539189994335 84.13078074902296 35.83102212846279 0.9965554177761078 48.2370213791728 2.958262979984283 41.03927736729383 4.731494158506393 0 7.149426817893982 4.169773861765862 0.9530421122908592
895.0424385070801 1126.313373088837 1.798363864421844 1109.79212538898 171.0942151248455 570.4859829992056 2734.816833935678 1.207495614886284 577.7645387798548 0 4.538322903215885 1495.377587303519 6522.327309772372 135.3675241172314 1.179061949253082 0.2379027605056763 0 0 0 0 0 0 0 0 0.1139853820204735 0.1232943534851074 0.1539830267429352 0.1106810569763184 0 0 24.90365230292082 0.7768127024173737 17.69615558534861 0 0 0 8.621449008584023 0 0.1756186634302139 0.2769225686788559 0 0 0 0 0 0.09551789611577988 25.51806873083115 3.409153446555138 0.1192203387618065 0 0.216083861887455 0 0 0 5.066993027925491 8.960510574281216 23.70295771956444 101.4182732626796 2.617840141057968 13.11438381671906 0 1.886814773082733 0 1.825773775577545 3.627187199890614 0.7409093901515007 1.629821978509426 0.1269132941961288 0 0 15.92331973463297 9.047809764742851 0 107.2093419954181 21.24029729515314 8.810670122504234 2.072862461209297 0.3796239197254181 0 17.33574589341879 0 0.4242214635014534 35.28670849651098 0.7265346050262451 1.850346460938454 4.910967022180557 0.8149515092372894 0.7644484639167786 0.7205825969576836 0 0.1040365770459175 0 0.124960832297802 0 0 498.2802588194609 34.58214724063873 0.6724461317062378 2.304237730801105 272.0322421789169 0.832863450050354 1.652868792414665 16.18101041018963 7.746553838253021 4.12786103785038 102.9335491806269 6.134052157402039 31.89855720102787 304.4075855314732 44.78166653215885 3.73620231449604 127.1189167276025 89.09860859066248 73.6268484890461 26.56856812536716 0.3058213591575623 0.4158691167831421 0.1244436129927635 0 0 0 0 0 0 0 0 0 0 0 0 0 0 0 0 1.207733869552612 1.198480099439621 0 0.1463169902563095 0 4.88791199028492 0 5.178220257163048 1.357749164104462 0.4107490479946136 0 0 0 0 0 0 0 0.5075896829366684 3.247359618544579 0 0 0 0 0 0 0 0 0 2.577482581138611 0 0 0 27.97926177084446 0.1384595483541489 0.2067992985248566 0.3626409322023392 0 0 0 0 0 0 39.94611898064613 1.80931293964386 0 0 0 1.417054742574692 0 4.2204310297966 0.4407058879733086 1.348821222782135 4.182037726044655 0.3416499197483063 0.3016929626464844 0.2807831168174744 0 0 0.4696303904056549 0 0 0 0 26.99691064655781 1.390853345394135 1.988306671380997 184.2531163394451 4.300274796783924 57.48639804124832 13.76455916464329 1311.654769308865 20.65818177908659 1.85789655148983 5.353989817202091 1.878723382949829 0 3.761501058936119 0.2465562522411346 19.85839182138443 2.405771851539612 0 2.168971240520477 0 0
235.7846409380436 2185.311309970915 911.947599068284 0.3409821093082428 1429.566693291068 17.29288770258427 240.713322520256 1208.28730365634 1217.752268537879 4.538322903215885 0 60.43577432632446 1226.618838645518 6882.451429598033 83.38567460328341 41.91330423951149 1.041946083307266 0.2700648307800293 0 0.874362975358963 9.669290244579315 3.510649353265762 13.46303856372833 10.13433401286602 61.9772989153862 11.20751900225878 18.53613768517971 5.037069916725159 1.462922647595406 2.267224028706551 320.3443856239319 32.27389936894178 112.1674176752567 0.2496793419122696 12.50717344880104 47.06604181230068 65.8856835514307 7.087877459824085 11.38338997960091 13.10655544698238 43.67566322535276 5.259520754218102 1.849854983389378 4.708425782620907 0.1093924045562744 0.8679462671279907 313.5633824318647 9.972054742276669 1.112355418503284 3.237795509397984 2.63016302138567 5.014811411499977 0.3804883062839508 0.1541693955659866 5.435429468750954 11.64467488974333 11.55725599825382 41.03379875421524 4.673754051327705 41.70128870755434 0.7492431029677391 8.304968573153019 10.0744207650423 34.15152766555548 8.611604541540146 3.144496850669384 5.510450199246407 4.241264849901199 4.941173881292343 39.38496814668179 63.15138594061136 37.54100616276264 0.3564583659172058 117.1273021996021 65.89530788362026 109.2425298094749 121.3455158770084 33.59129688888788 35.91396477073431 803.4640132933855 1.15732754021883 35.46050227433443 42.80874729156494 0.206450343132019 6.734051376581192 12.24316630512476 3.483150154352188 0.4340207874774933 4.893147192895412 0.5119607895612717 0.4868481904268265 0.3775274828076363 26.66326469182968 1.546832367777824 0.5506699755787849 212.1828745156527 33.57040095329285 0.145523339509964 10.60730674862862 24.62456633150578 2.692164026200771 0.3022208958864212 6.232056371867657 1.378824889659882 2.325364112854004 44.39422498643398 0.8986680060625076 29.75363203138113 12.51670379936695 10.83208061009645 5.266075432300568 68.68935001641512 61.66867002099752 71.40158359706402 66.97760861366987 3.05423378944397 0.1421917527914047 0.2768199890851974 0.4816986322402954 0.2038938403129578 0 0 0 0 0.1742201596498489 0.2682152986526489 0 0 0.6619767695665359 0.247798889875412 0.6477151215076447 0.4330985844135284 0.1974597424268723 0.1533950567245483 3.294346392154694 3.75494110584259 0 0.9519311189651489 0 34.49160243570805 1.072800263762474 17.43985533714294 6.929957881569862 1.802076376974583 0 0.5127120614051819 0 0 0.2672634646296501 0 0 2.798228487372398 12.97660706937313 0.1360903829336166 0 0 0.5335934609174728 0.367567390203476 0.3525472655892372 0.4310516268014908 0 0.5937013626098633 0.7248131111264229 0 0.3449254333972931 0.4541230797767639 90.7844547405839 0.9685573279857635 1.292485892772675 1.079111881554127 0 0.1382047235965729 0.2905351668596268 0.1657093316316605 0 0.3881015777587891 147.3737540096045 2.691121250391006 0.4470856785774231 0 0.3555469214916229 7.212430901825428 0 14.44385847449303 4.596693694591522 4.160879977047443 13.33738026767969 1.392343983054161 1.505485393106937 0.4627484381198883 0 0 0 0.1192554086446762 0 0 0 35.94192840158939 23.67462804913521 31.32302752882242 910.1555085778236 51.98983875662088 533.8735469356179 100.0810501277447 153.5279305279255 169.9265580996871 6.574887700378895 167.5565427169204 32.49969886243343 0.8554502129554749 23.05312637239695 1.550487697124481 15.14649791270494 4.743487365543842 0.2929458171129227 2.943028710782528 9.273865826427937 3.826689064502716
88.72496072947979 63.50606279075146 10.67322272062302 60.29236415028572 21.06456135213375 218.1994285136461 381.6286938786507 7.697005935013294 342.0283788889647 1495.377587303519 60.43577432632446 0 1123.07754714787 278.5376434475183 6.156871259212494 8.308072455227375 0.1252700835466385 0.5249807238578796 0 0.1380424350500107 0.4451212584972382 0 0.3422484993934631 0.1321950107812881 4.063419312238693 0.7356829196214676 0.4339602068066597 0.6280656605958939 0.2149429619312286 0 5.108135864138603 1.220549821853638 30.09803529083729 0 0.7380673587322235 1.240071997046471 29.32869091629982 0.09551458060741425 1.058225676417351 1.084752112627029 1.286536484956741 0.1268387883901596 0.1790754199028015 0.5555101186037064 0 0.1654791235923767 22.137760668993 0.3173551335930824 0 0.1831895112991333 0.1315772086381912 0.5278847515583038 0.6497910618782043 0.2483106702566147 0.2597774416208267 0.3131954595446587 1.697764471173286 6.842527747154236 0.613188624382019 1.530373349785805 0 4.226685538887978 0.3878662139177322 2.757105633616447 0.1072748005390167 0.3680686727166176 0 0 0.266922652721405 0.3603322952985764 45.57839585840702 40.78837725520134 1.130168825387955 8.745562218129635 4.862256944179535 5.51973058283329 8.690978951752186 5.201613888144493 0.3968322277069092 40.16979090869427 0 0.08914588391780853 3.399596504867077 0 0.3307844251394272 1.293575316667557 0.1406094431877136 0.7757206559181213 0.2697160467505455 0.7981467247009277 0 0.3393402099609375 0.6643800213932991 0 0 2337.932968139648 122.6027433127165 4.643418595194817 3.385269984602928 71.93543274700642 3.425919964909554 1.319191053509712 16.78887997567654 3.267620474100113 4.211977437138557 155.7716658636928 5.693385884165764 73.16439715772867 72.47669311612844 58.8238270431757 7.182076662778854 220.7505523264408 177.2005456164479 154.057716101408 84.33294301480055 2.003288805484772 0.1062369495630264 0 0.1712611168622971 0 0 0 0 0 0 0 0 0 0.233271487057209 0.2961187958717346 0 0 0 0 5.447473779320717 0.8820448368787766 0 0.3251325786113739 0 19.92279402911663 0 7.675385698676109 2.885724291205406 0 0.1225508227944374 0 0 0 0.1472540199756622 0 0 3.231844566762447 8.70672994107008 0.1062858551740646 0 0 0.1295872181653976 0 0.1270900517702103 0.7582766562700272 0 0 0.7091381996870041 0 0 0 79.91839425265789 0.5771206617355347 0.4548342227935791 0.4991730600595474 0 0 0.44542595744133 0 0 0 150.647456407547 0 0.3414880633354187 0 0.9615838378667831 11.80346862971783 0 10.66872903704643 3.866498708724976 4.186305053532124 6.229102157056332 0.7302180677652359 1.805085957050323 0 0 0 0 0.3908334374427795 0 0 0 89.53913705050945 21.28524252772331 12.05378033220768 157.0150199532509 9.656671471893787 42.26688688248396 13.43620833009481 130.1840757504106 11.10499618202448 0.5558284074068069 19.16634203493595 15.7265487164259 1.112171053886414 14.4070283100009 0.1521970927715302 25.70519029349089 2.124278396368027 0.4507544040679932 3.076519846916199 0.5158825069665909 1.08936208486557
164.8306092247367 2205.856881812215 24.37112674862146 211.4318180680275 795.6711148619652 207.6833250522614 3223.345493510365 111.7114807441831 1760.036158643663 6522.327309772372 1226.618838645518 1123.07754714787 0 3574.048268899322 30.39124857634306 35.5524463430047 0.2917850017547607 0.9714000523090363 0 0.1155050620436668 2.554109707474709 36.84483776986599 1.14726860076189 1.658643938601017 11.67372914403677 4.208715178072453 2.587647020816803 3.38956693559885 2.067695572972298 0 20.46442190557718 3.603815801441669 592.3473935127258 0 3.115259580314159 9.359395310282707 52.69227198511362 2.425721921026707 3.841808028519154 4.86568171530962 11.68664052337408 2.134903661906719 0.3785164803266525 6.252563588321209 1.150142349302769 6.676039054989815 82.7216447070241 2.511285685002804 0.1764722317457199 0.3942914009094238 1.636636205017567 28.56321331858635 41.94037894904613 6.84758797287941 1.685301214456558 3.595804899930954 5.735444404184818 14.49784618616104 1.38812579959631 10.44695188105106 19.77087216079235 84.49228629469872 3.92571459710598 8.679815754294395 1.880629636347294 0.9909356683492661 2.021045133471489 1.390248961746693 0.4693493694067001 4.520019881427288 96.14795017242432 327.7340696230531 5.352174982428551 36.60058878362179 16.06492592394352 24.13007151335478 38.90793350338936 19.87067467719316 3.263170152902603 227.7647288963199 9.15735587477684 16.29867138713598 13.38418210297823 2.540707394480705 1.319750927388668 3.395078755915165 1.469222746789455 9.696335330605507 3.631300188601017 14.8891893029213 1.11239093542099 1.520848877727985 4.168574966490269 0.7818018049001694 0.1194745376706123 3100.133357621729 366.0969471782446 106.8081795871258 45.68925081193447 60.36794022470713 2.227395355701447 3.722080677747726 35.97402809560299 6.749761506915092 6.117636814713478 266.653242662549 10.13812211155891 141.0216858163476 431.7829700782895 98.54887644946575 20.04238536953926 362.5428450107574 297.4308133423328 273.4708176925778 163.7460750415921 11.66674787551165 1.574950911104679 1.412405446171761 2.262635201215744 0 0 0.3793575912714005 0 0 0.6867299377918243 0 0 0.3834456205368042 0 2.609850838780403 0.1897647976875305 2.924523741006851 0.5894446969032288 0.9591924399137497 12.90120667219162 6.555698871612549 0.3299641907215118 2.124094188213348 1.320444375276566 74.77057893574238 1.566409260034561 50.14997713267803 24.60932268947363 6.200500927865505 0.1500038653612137 0.1926797777414322 0 0 1.225531235337257 0.7608310580253601 0 7.668152362108231 25.95891124010086 0.5653660148382187 0.1908480674028397 0.1538564115762711 7.007471323013306 0.314553827047348 0 1.184121206402779 0.08146610110998154 1.054994150996208 4.322644606232643 0 0.169248178601265 3.923185482621193 219.5874514505267 1.620054364204407 2.092017382383347 2.898010149598122 0 0.1250656843185425 0.9331767708063126 0 0.1369045227766037 0.5161201357841492 382.0688040554523 33.04356156289577 0 0.5517447590827942 0.1770080178976059 22.57093644142151 1.322551272809505 26.64398627728224 7.743957027792931 6.086330279707909 21.02350486069918 1.944794520735741 6.2965402379632 0.9945866316556931 0.2076480686664581 0 0 0 0.3763098418712616 0 0 143.0584100335836 67.19902808964252 93.24804343283176 446.4642623737454 35.48758871108294 179.3299528136849 48.76878534257412 197.0433449596167 61.89229026436806 3.200905822217464 67.92772331088781 50.88207040727139 2.595484510064125 41.58817150443792 2.917336896061897 59.89702083915472 5.849995858967304 0 9.143758222460747 6.283824309706688 3.775597475469112
