0 6326.557718329132 940.4529216215014 2490.055967673659 658.3974767327309 135.0401407331228 1274.175585076213 19.7243860065937 92.47047705203295 1759.991488337517 575.9522715359926 158.2353758513927 613.638004489243 282.1479128524661 1.260599605739117 0.2395630478858948 0 0.1273535341024399 0 0.1185633987188339 0 0 0 0 0 0 0 0.1337238401174545 0 0 318.3490364700556 0.4544344991445541 4.7016911059618 0 0 0 2.012236535549164 0 0.4940544366836548 0.2643010914325714 0 0 0 0.2915976047515869 0 0 13.86129895597696 6.494030848145485 0 0.2997545897960663 0.3770768791437149 2.335482835769653 0 0 14.59296788275242 4.568506419658661 234.8553672805429 900.3293979689479 33.06391183286905 4.276617772877216 0 0 0 0.5677419006824493 2.400548301637173 1.000855207443237 0.7958209961652756 0.1466813683509827 1.374156534671783 0.5470903068780899 35.70977507531643 1.623875737190247 0 323.7668462842703 2.905691497027874 21.61144989728928 1.349140308797359 0.1334338635206223 0 105.3740108162165 0.5429038852453232 0.3298005014657974 24.96227969974279 0 1.950141206383705 0.6306313201785088 0.3184164464473724 0.3200332820415497 0.4176166877150536 0.2185024470090866 0.3168150782585144 0 0.1212543472647667 0 0 207.7324705123901 5.384242653846741 0.3175826966762543 0 1299.643461152911 0 6.837004542350769 1.806829214096069 2.613545536994934 0 7.994764000177383 0 2.404907733201981 61.41986776888371 7.515754729509354 2.417196169495583 10.61090734601021 2.505971938371658 5.84154786169529 0.6802447438240051 0 0 0 0 0 0 0 0 0 0 0 0 0 0 0 0 0 0 0 0 0 0 0 0 0.1848357617855072 0 0.7659584879875183 0 0 0 0 0 0 0 0 0 0 0 0 0 0 0 0 0 0 0 0 0 0 0 0.3112454414367676 2.469440937042236 0 0 0 0 0 0 0 0 0 0.5730141848325729 0 0 0 0 1.295890882611275 0 0 0.6298745423555374 0 0 0 0 0 0 0 0 0 0 0 0 0.3185647130012512 0 0 45.83501720428467 2.167651630938053 26.83448322117329 10.48012668639421 594.0172792822123 7.22923394292593 0.2978904545307159 1.553067609667778 1.824196934700012 0 0 0 17.91195154190063 0.1426551938056946 0 0 0 0
6326.557718329132 0 1267.536691196263 772.1550614535809 2978.414723008871 180.8977088779211 2854.796326294541 60.0262401625514 1470.893925607204 184.1689090132713 910.3981601968408 18.85858839005232 937.6768500059843 1178.920515112579 53.76799516379833 6.772505141794682 0.8586917221546173 0.6180052161216736 0.2888205349445343 0.3117673099040985 0.9026200026273727 0 0 0.1054976284503937 0 0 0.1249042302370071 0.4628688246011734 0.6350953131914139 0.11557287722826 1926.122325994074 23.48980855941772 7.539698988199234 0 0 0 0.9999155402183533 0 0.4713093638420105 0.3404763266444206 0.2457650303840637 0.1302619129419327 1.183145515620708 0.8893938511610031 0.4666887149214745 1.312527731060982 347.5783131420612 76.75921819359064 0.806582510471344 1.466559067368507 9.793664410710335 0.4509672448039055 0 0.5218378081917763 93.70504634827375 43.98115688562393 172.1367181316018 869.1093721538782 49.02063298225403 56.76026620715857 1.179578021168709 1.083796441555023 0.1966180056333542 58.42649445682764 35.84149263799191 9.55238065123558 20.40978997200727 11.65815961360931 10.66401286423206 4.328534945845604 2.843251340091228 1.075337439775467 0 702.9992036670446 77.61122664809227 426.6250121444464 43.4580415636301 2.149195045232773 0.790224626660347 231.0438594892621 3.372858740389347 3.900796830654144 178.4740803167224 0.1030097752809525 16.39650551229715 12.81558491289616 16.083436653018 0 5.725087754428387 0 0.8090654164552689 1.198089122772217 3.473974280059338 2.208909407258034 0.2266496792435646 73.2182267382741 0.8691389560699463 0 0.2305144965648651 1233.170613460243 1.133349537849426 8.528898984193802 7.767947286367416 3.610897123813629 2.94288557767868 17.34870126843452 1.73015171289444 7.094607710838318 9.908337652683258 9.115051761269569 4.361814603209496 30.42266844213009 19.17341184616089 22.85791314393282 4.527225226163864 0 0 0 0 0 0 0 0 0 0 0 0 0 0 0 0 0 0 0 0.2909022867679596 1.231808960437775 0 0 0 0.835977777838707 1.294853121042252 0.7554403841495514 0.5223231315612793 0 0 0 0 0 0 0 0 0 0 0 0 0 0 0 0 0 0 0.586861252784729 0.6290411949157715 0 0 0 5.434934824705124 0 0.5515205562114716 0.531215488910675 0 0 0 0 0 0 2.07219161093235 1.082178831100464 0 0 0 4.489959910511971 2.198017865419388 7.036381602287292 1.091246783733368 0.1233861669898033 0 0 0 0 0 0 0 0.2208441942930222 0 0 0 0.2090674042701721 0 1.108528956770897 239.7353331670165 42.40149889141321 683.7701705098152 89.11907757073641 1051.656667798758 73.69086994975805 3.348218984901905 34.5873439013958 4.044046439230442 0 0.4034112840890884 0 17.94218194484711 0 0 0 1.100846268236637 0
940.4529216215014 1267.536691196263 0 87.36664248257875 581.436371743679 11.78768679499626 72.2266800403595 3109.359311141074 425.3123183995485 5.400525279343128 3766.203897193074 13.5819433182478 394.3012787774205 1347.196110077202 82.92377188056707 33.01286210864782 3.133886009454727 18.1822851523757 0.6868657022714615 66.1301950737834 125.4260241985321 0.1629733741283417 2.946604207158089 0.9631874263286591 2.241430327296257 5.278607502579689 6.084110751748085 0.9009263962507248 1.445028439164162 1.285035818815231 5827.827791541815 970.243156157434 26.74000187218189 1.211373828351498 3.404693618416786 1.930136144161224 4.969227463006973 5.25752791762352 1.489617988467216 1.574737995862961 26.77980004251003 8.561730995774269 67.57394154369831 20.52381027489901 7.995908074080944 20.81789596378803 361.2052476033568 87.58501847088337 3.707440182566643 78.06663399934769 14.17502348124981 0.3820273354649544 0.1660175323486328 2.096762858331203 98.14378141611814 43.59791105240583 301.0614237859845 2450.005290098488 53.6320897936821 79.66211074590683 63.33482470363379 11.78099583089352 3.403555691242218 353.0255910232663 39.82534630596638 13.9157527089119 24.49047417193651 16.46938924491405 103.718789100647 526.67478056252 5.835349127650261 2.007939800620079 0.09112457931041718 1365.649536862969 251.0673676505685 669.9720573276281 123.459659487009 28.52178517729044 226.5480015426874 3139.718947149813 48.54127476364374 272.89977324754 236.5546643212438 0.582336962223053 17.77677166461945 15.76480924338102 74.76601895689964 0 8.554474100470543 0.08423268049955368 0.8466326668858528 1.428953558206558 81.01756513863802 7.731386341154575 3.60890606790781 9.175168573856354 3.844811007380486 0 2.587007358670235 991.3562444075942 0 3.469370722770691 0.3429262042045593 0 0.48776575922966 3.918893396854401 0.2676646411418915 3.257071524858475 4.453406929969788 2.319447875022888 2.386601775884628 17.89970481395721 6.830451056361198 15.61136381328106 9.477538719773293 0 0 0 0 0 0 0 0 0 0.2616327106952667 0.4540973007678986 0 0 0.4549682140350342 0 0.2626959532499313 0 0 0 0.544833779335022 0 0 0 0 2.438604533672333 0 1.647531881928444 0.4283070415258408 0.1681599318981171 0.3701016455888748 0.2166182398796082 0 0 0 0.3052971959114075 0.2066783457994461 0 0 0 0.2278569638729095 0 0.1324101388454437 0.7045125961303711 0 0 0 0 0.4254062175750732 0 0.4639925062656403 0 8.837009325623512 0.7204096913337708 0.9658524394035339 0 0 0 0 0 0 0 3.003789037466049 0 0 0.2515167072415352 0 4.833000764250755 0 3.34992091357708 0 0.4378344416618347 0 0 0 0 0 0 0.1102360486984253 0 0 0 0 1.981313288211823 0.3615125119686127 0.5771898627281189 192.5171459615231 44.36070539802313 455.7187501266599 77.53639484196901 252.4994406104088 46.46893502771854 6.002403222024441 35.08563313633204 4.147471658885479 0 0.6388502418994904 0 5.572448194026947 0 0 0 0.7696088552474976 0
2490.055967673659 772.1550614535809 87.36664248257875 0 207.5762687698007 415.9383660405874 725.4369623363018 5.164016798138618 47.49314968287945 1613.931704878807 71.07531523704529 192.886526748538 502.5271056741476 36.5240273475647 1.336689963936806 0 0 0 0 0 0 0 0 0 0 0 0 0 0 0 16.53712523728609 0.5655177682638168 0.5280539989471436 0 0 0 0 0 0 0 0 0 0 0 0 0 10.06829979270697 2.198405370116234 0.1757628321647644 0.1708598732948303 0.226646825671196 0 0 0 4.592412255704403 1.860300406813622 14.65587547421455 85.12805481255054 5.173301964998245 0.8666113391518593 0 0 0 0 2.139242202043533 0.4142038226127625 0.6666877344250679 0.2785855829715729 0.9571706429123878 0 0 0 0 51.1240683272481 1.190362341701984 9.824123091995716 0.1114400550723076 0 0 4.410710006952286 0 0 7.117278270423412 0.1239789724349976 1.499703504145145 0.2413651347160339 0.569836363196373 0 0.3933093920350075 0 0 0 0.1304442584514618 0 0 47.76635989546776 0 0 0 262.4184004515409 0 3.913256943225861 3.805953145027161 0 0 7.037546396255493 0.2456869035959244 0.720196008682251 28.99546912312508 3.214873343706131 0 5.741248667240143 5.873686581850052 7.298886150121689 0.5234556794166565 0 0 0 0 0 0 0 0 0 0 0 0 0 0 0 0 0 0 0 0 0 0 0 0 0 0 0.3525801002979279 0 0 0 0 0 0 0 0 0 0 0 0 0 0 0 0 0 0 0 0 0.3809773921966553 0 0 0 0.1863540560007095 0 0 0 0 0 0 0 0 0 0.2340691387653351 0 0 0 0 1.480960920453072 1.123911619186401 0 0.2020261734724045 0 0 0 0 0 0 0 0 0 0 0 0 0 0 0.3756747543811798 5.893531769514084 1.90365993231535 18.75188408046961 2.303662076592445 477.2034335434437 2.691230148077011 0.1324154436588287 0.5174960792064667 0.5152884125709534 0 0 0 10.21148928999901 0 0 0 0 0
658.3974767327309 2978.414723008871 581.436371743679 207.5762687698007 0 27.21822629123926 493.6076527759433 25.19721154123545 4067.968880996108 112.0158754959702 325.6410503461957 7.618352472782135 879.4612994790077 1857.679098144174 48.44097474962473 4.449592344462872 0.3895604833960533 0.1636340022087097 0 0.3046320974826813 0 0.2774035632610321 0 0 0 0.7553084492683411 0 0.09770359843969345 1.075264140963554 0 102.9086256995797 16.62541508674622 1.050615131855011 0 0 0 1.206103563308716 0.4981442168354988 0.2722698152065277 0 0.1460646539926529 0.1122831031680107 0.3458592742681503 0.9743015244603157 0 0.1549099087715149 202.2042434737086 31.75641840696335 0.9103888496756554 1.393689125776291 4.993368037045002 0.4444156885147095 0 0.4035737067461014 33.3463523760438 13.1806220933795 33.21476347744465 92.17526475340128 14.52558265626431 27.85595647245646 1.2424236536026 0.5928004235029221 0 41.65488840639591 13.06063118577003 3.546791382133961 7.856838643550873 5.133242197334766 4.449584126472473 2.334345132112503 4.309019058942795 2.63427722454071 0 196.7224761620164 44.03457444906235 265.5544755756855 47.21628787368536 0.9589011892676353 0.6746582835912704 55.98703483492136 2.784382410347462 1.582175448536873 60.91594870388508 0.1764093190431595 5.521765008568764 4.342198900878429 8.205114893615246 0 2.683620110154152 0 0.3478910848498344 0.3783191069960594 1.991747908294201 0.8445823863148689 0.4978175833821297 56.56963138282299 3.350474953651428 0 0 69.01082063466311 0.8388055264949799 5.804913520812988 4.636888742446899 0.1927968412637711 6.299217328429222 5.188353762030602 3.357021018862724 23.45430740714073 15.48145633935928 15.7112235724926 13.24981188774109 77.81390975415707 44.43541514873505 67.60733567178249 30.08206704258919 0 0 0 0 0 0 0 0 0 0 0 0 0 0 0 0 0 0 0 2.462929278612137 1.426668226718903 0 0 0 8.631248995661736 0.3942233026027679 3.253602236509323 0.514613151550293 0.4708955883979797 0 0 0 0.9394313097000122 0 0 0 0.211945503950119 1.556172370910645 0 0.5055269598960876 0 0 0 0 0.5948214828968048 0 0.4817216992378235 0.2345284819602966 0 0 0.79952472448349 32.0627383440733 0 0.8242430984973907 0.1415101736783981 0 0 0 0 0 0 8.31953090429306 0 0 0 0 24.93593245744705 2.308060720562935 11.19844746589661 1.197921894490719 0.1422520726919174 1.61143384873867 0 0 0.1835144609212875 0 0 0 0 0 0 0 2.570680573582649 0.8721019625663757 1.293096870183945 184.607033982873 34.73008796572685 384.1217680200934 78.62706133723259 176.1620988622308 48.54629447311163 2.15014773607254 39.43067996948957 7.911689467728138 0 4.322470508515835 1.215164348483086 9.178117677569389 0 0 0 0.8350515887141228 0
135.0401407331228 180.8977088779211 11.78768679499626 415.9383660405874 27.21822629123926 0 407.9654071852565 0 30.82283278554678 1113.177500851452 12.26632975041866 287.5373941212893 526.7548304200172 27.84689734876156 0.1199640929698944 0 0 0 0 0 0 1.118243932723999 0 0 0 0 0 0 0 0 8.94455474615097 0.1983399242162704 27.9313912987709 0 0 0 11.74719002842903 0 0.9797039330005646 0 0 0 0 0 0 0 0.4744289964437485 0 0 0 0 14.57963684201241 0.6381157636642456 0 0.4956447705626488 0.242598719894886 82.38005502521992 44.57930238544941 3.200773194432259 0 0 3.731712996959686 0 0 0.761854499578476 0 0 0 0 0.4216392636299133 321.6755528897047 66.43970882892609 2.670977637171745 3.192731931805611 0 0.8907719105482101 0.1813265532255173 0 0 35.7988299280405 0 3.32095205783844 0.1595470011234283 0 0 0.4166337996721268 0 7.384896889328957 0.4412132799625397 9.974183186888695 0.9188099503517151 1.661966666579247 0 0 0 578.5676162987947 17.95715454220772 2.534231632947922 15.24941173195839 428.5014707446098 0 0.9385581612586975 0 0.5796117782592773 0 2.269053429365158 0.3448050022125244 0.5948809385299683 28.49203607439995 2.112946033477783 0.4502795338630676 1.494155779480934 2.049802482128143 0.7890059053897858 1.731516614556313 0 0 0 0 0 0 0 0 0 0 0 0 0 0 0 0 0 0 0 0 0 0 0 0 0 0.1492159962654114 0.1582051962614059 0 0 0 0 0 0 0 0 0 0 0 0 0 0 0 0 0 0 0 0 0 0 0 0 0.1377872973680496 0 0 0 0 0 0 0 0 0 0 0 0 0 0 0.2914728224277496 0 0 0 0 0 0 0 0 0 0 0 0 0 0 0 0 0 0.6253929138183594 0.594121903181076 0.2722121477127075 3.793139323592186 0 59.90380510687828 0.7900295257568359 0 0 0 0 0 0 3.428208112716675 0 0 0 0 0
1274.175585076213 2854.796326294541 72.2266800403595 725.4369623363018 493.6076527759433 407.9654071852565 0 10.15387947112322 963.0689367875457 1432.854052811861 28.77960086613894 0.9819191098213196 1917.056156493723 86.06103876978159 79.25097078830004 12.58151701837778 0.3056577444076538 0.2902078926563263 0 0.6043668165802956 1.391745507717133 0 0 0.1916789263486862 0 0.7349486351013184 0.2149233371019363 0.8641199171543121 2.754080772399902 0 74.87240469455719 22.52398307621479 1.385893180966377 0.1577638536691666 0.1874894648790359 0 4.808348417282104 0 0.515144869685173 0 0.363776221871376 0.3259899765253067 0.88978111743927 1.70650427043438 0.2797861769795418 1.134218692779541 382.3847452178597 57.62516693025827 1.143584109842777 0.9715961441397667 8.995751075446606 0.1131169497966766 0 1.419517181813717 71.75730333477259 26.88595510274172 78.33675840497017 154.8524616807699 36.84228224307299 48.47253349423409 1.412279352545738 1.025192350149155 0 54.26244921982288 26.66500297933817 6.933874040842056 15.98625182360411 11.60106755048037 7.887069508433342 3.456520229578018 15.29891195893288 12.81865400075912 0 379.2993163466454 69.93022827804089 413.7185180857778 66.22504308819771 3.496382772922516 0.6916870698332787 8.762728720903397 4.148173317313194 2.472118772566319 127.9411020874977 0.1378706991672516 13.50840977579355 10.82896690815687 12.94497363269329 0 2.88864953815937 0.2087977379560471 1.076632134616375 1.023163042962551 3.862694829702377 1.565899901092052 0.5363695174455643 536.4952034950256 6.134111344814301 0 1.45021864771843 234.1693548485637 8.01358650624752 49.67504572868347 26.11095862090588 10.21105916798115 21.08165861666203 39.386673361063 16.94790115952492 79.70989423245192 65.54463437199593 91.07005543261766 41.59564039111137 367.6569313853979 179.7574338912964 288.4459185600281 80.9273127540946 0.1333515495061874 0.3759676516056061 0 0 0 0 0 0 0 0 0 0 0 0 0 0 0 0 0 8.45945018529892 6.782339885830879 0 0 0 19.52964403480291 1.152277514338493 9.364864327013493 0.7723810747265816 0 0 0 0 0 0 0 0 5.601997852325439 3.603182643651962 0.1751306354999542 0 0 0.183779701590538 0 0 0.7678972482681274 0 2.346259459853172 3.639401331543922 0 0 1.176589623093605 93.75242771208286 0.1977304369211197 1.169957980513573 0.1844886094331741 0 0.3275149464607239 0.3535494208335876 0 0 0.1361628770828247 29.8459812477231 0.8724572658538818 0 0 0 72.64518466591835 15.27863819897175 33.51121607422829 11.1301229968667 2.0457753688097 3.056087762117386 0.4127049893140793 1.348623961210251 0.1185168698430061 0 0 0 0 0 0 0 19.44858897477388 5.691653490066528 3.800837114453316 396.6090899258852 51.40792582184076 762.3758411929011 144.1797780841589 919.4298398345709 89.81995352357626 3.565486304461956 91.84433557093143 16.22140602022409 1.63934326171875 14.73762802779675 0.2721260786056519 75.92424963414669 1.006996273994446 0.09459146112203598 4.434466004371643 2.459909655153751 0.4801324158906937
19.7243860065937 60.0262401625514 3109.359311141074 5.164016798138618 25.19721154123545 0 10.15387947112322 0 74.05438607931137 2.866068258881569 4355.788750685751 3.949739642441273 109.0762644782662 578.3249770179391 112.0402435138822 68.97553784400225 9.808652482926846 33.48389572650194 2.483866155147552 250.7833127602935 499.3759043514729 0 13.97704645991325 4.890071734786034 11.53478057682514 13.05016812682152 24.42805053293705 1.939067602157593 2.777523852884769 8.547939375042915 830.2733699902892 1321.166514471173 20.54260395467281 4.891401454806328 16.00005878508091 8.129301205277443 1.607093274593353 10.39772470295429 5.597820982336998 8.768203392624855 71.93254055082798 12.7004098072648 141.4160568788648 35.30881156772375 13.02597633004189 51.88646104931831 287.9690834954381 40.79627262800932 4.335516557097435 126.8399459272623 10.47713474929333 1.02232438325882 0.12042485922575 4.142759881913662 27.39081462472677 11.60102248936892 53.52470744401217 239.7043349146843 12.82654907554388 32.12174005806446 410.3219632357359 63.81600910425186 15.28379871696234 295.0985699295998 12.14373438805342 4.659045457839966 10.96032141894102 8.86891196668148 180.4269533008337 1503.92857413739 8.926394924521446 3.354927361011505 0 317.5043559372425 128.912879101932 429.0647517442703 225.4744130820036 68.43478435277939 1562.841592408717 4724.626770526171 522.3346299380064 4313.641397327185 67.35756403952837 0.1049786284565926 4.892458491027355 6.535361371934414 99.85202203691006 0.0936233326792717 3.807912364602089 0 0.9034939557313919 0.3369471877813339 180.4394613876939 12.38483112305403 3.817045450210571 5.118689328432083 5.587055534124374 0 2.714178428053856 26.47420284897089 0.2684177160263062 3.755549371242523 0 0 0.5845003873109818 1.344863712787628 0 2.686274036765099 1.048346519470215 1.387076005339622 0.9707587063312531 9.43748439848423 1.2487703114748 10.05440022051334 6.933601081371307 0 0 0 0 0 0 0 0 0 1.485625475645065 1.122592359781265 0 0.3604297041893005 0.3383684158325195 0 0.3403870761394501 0.1560122221708298 0.3680388629436493 0 0.3331879377365112 0.3587676137685776 0 0 0 3.085718236863613 1.624987915158272 2.056430406868458 0.6107818111777306 1.109525926411152 0 0 0 0 0 0 0 0.646270364522934 0 0 0 0 0.1685127317905426 1.967287480831146 0 0 0 0 0 0 0.1863097846508026 1.060657247900963 7.96809858083725 0 0.2434370517730713 0.1331265568733215 0 0 0.1263225376605988 0 0.4275009334087372 0 2.226671203970909 0.61158686876297 0 0 0 6.936836749315262 0.6226596683263779 1.879416078329086 1.098263800144196 0.8608556389808655 0 0.3084089457988739 0 0 0 0 0 0 0 0 0 0.2292131036520004 0 0.3738233149051666 221.8484129011631 30.68925120681524 346.0373389348388 71.97548180818558 39.65613730996847 29.67601745575666 1.909353487193584 50.47571213543415 2.944395408034325 0.9263283610343933 0.5794921964406967 0.2604014426469803 1.129546165466309 0 0 0.1801441758871078 3.235526248812675 0.1556640714406967
92.47047705203295 1470.893925607204 425.3123183995485 47.49314968287945 4067.968880996108 30.82283278554678 963.0689367875457 74.05438607931137 0 223.4330664128065 1295.874497868121 3.148869067430496 1689.79265473038 1807.987931996584 67.13781808316708 12.93833888322115 0.737766370177269 0.4080338254570961 0.195196732878685 0.9338279217481613 0.8485882207751274 0 0 0.1879899948835373 0 0.5454405397176743 0 1.103993088006973 2.112414881587029 0 35.67101237922907 14.10735386610031 3.556482814252377 0.3539260029792786 0.1345991492271423 0 6.289297945797443 0 0.4715340435504913 0.4676415920257568 0.7152407839894295 0.4332073554396629 0.1255348473787308 0.9963951632380486 0.2558754608035088 0.4802165329456329 227.9323549345136 17.32880017906427 0.3936746194958687 0.6385327056050301 3.376965455710888 0.2767550051212311 0 0.4028488397598267 20.37938730418682 9.48666824400425 18.34303853660822 34.5359370931983 13.65177999436855 17.95330782234669 0.3736101239919662 0.5964116156101227 0.13793084025383 35.36529586464167 7.9173449203372 2.669472046196461 5.488392271101475 4.207307867705822 3.926861263811588 4.480460129678249 29.5262692719698 14.73767602443695 0 111.9636911153793 39.80595573782921 250.233528316021 77.87399154901505 3.526655100286007 0.2988570332527161 27.05050701647997 1.510707467794418 2.466063715517521 32.99005734920502 0.1949298605322838 2.739286534488201 3.219167776405811 4.769077137112617 0 1.87898375838995 0.1397494673728943 0.5963126718997955 1.084164306521416 2.608661331236362 0.8275452181696892 0.6398927122354507 236.5016443878412 3.207678139209747 0 0.9490923285484314 19.51893618702888 7.672098606824875 20.35799330472946 11.92366035282612 5.96701368689537 19.95236966013908 30.41485333442688 12.68741564452648 76.34524342417717 53.57817384600639 66.18168598413467 49.38410238921642 329.704216465354 160.1232527345419 293.8696407526731 88.58891531825066 0.1987846791744232 0.1410039365291595 0.3289408683776855 0 0 0 0 0 0 0 0.1314900517463684 0 0 0.1341540664434433 0 0 0 0 0 5.71401771903038 7.076675131917 0 0 0 22.77878034859896 2.833671733736992 14.23860962688923 2.286350354552269 0.7136602997779846 0 0.3284991681575775 0.1323608607053757 0 0 0 0 3.290717616677284 4.749917052686214 0 0 0 0 0.4516442269086838 0 1.495752438902855 0.2345215827226639 2.156352080404758 7.133119374513626 0 0 1.343315005302429 127.2807703837752 0 3.147461608052254 0.7267184555530548 0 0 0 0 0 0 35.89060103148222 2.141361355781555 0 0.1067928895354271 0 91.00818395614624 11.95313487946987 45.73240952193737 9.596603535115719 4.956832304596901 6.76460412889719 0.7557750642299652 0.1502067148685455 0.5876937061548233 0 0 0 0 0 0 0 15.27276140451431 3.404951065778732 3.88269892334938 436.6793111041188 32.26104039698839 421.4100243523717 101.9004831910133 113.9677682220936 58.66026169806719 2.016919292509556 102.2337080165744 13.35933179408312 1.749670714139938 12.90768731385469 1.246810406446457 49.37201698124409 0.709780216217041 0 3.872870281338692 3.120068237185478 0.4890352636575699
1759.991488337517 184.1689090132713 5.400525279343128 1613.931704878807 112.0158754959702 1113.177500851452 1432.854052811861 2.866068258881569 223.4330664128065 0 24.18358223885298 2518.881291881204 6494.712574221194 22.54429993778467 6.997054897248745 0.8198337703943253 0.1258407533168793 0 0 0.1535223126411438 0.262738436460495 0 0 0 0 0 0 0 0.1078138574957848 0.1089156568050385 17.56316124647856 1.692830875515938 5.012718662619591 0.1504104882478714 0 0 1.931824445724487 0 0.1722933948040009 0 0.3394096791744232 0.1126262098550797 0.3423185497522354 0.3542327582836151 0 0.1380713880062103 54.92351716011763 10.32693946361542 0.1267483234405518 0.2563750073313713 1.319709397852421 0.1270443350076675 0 0 19.95716715604067 6.30995762348175 42.16243893653154 93.79453023523092 11.23383135348558 6.935640193521976 0.3694769516587257 0.719359278678894 0 3.74831722676754 4.889844842255116 0.894201435148716 1.924339689314365 1.77092881500721 0.6147519871592522 0.430362842977047 16.4019787311554 9.894931077957153 0 123.4349889755249 8.549846023321152 55.35108775645494 3.489125318825245 0 0 6.705230809748173 0.5542290806770325 0.1357195228338242 27.72040742635727 0.2513450980186462 2.632232218980789 2.158414423465729 2.262394919991493 0 0.7208464816212654 0 0.09747831523418427 0.15252485871315 0.3277977928519249 0.1140195280313492 0 811.0859085321426 0.5827264785766602 0 0 672.9200203716755 11.45508523285389 97.16669656336308 44.81639964878559 30.19770878553391 12.91469384729862 31.85317994654179 19.87585210800171 62.63285177946091 137.4535931199789 98.8581357896328 25.60965546965599 275.4535359442234 128.1581674963236 209.5713707208633 34.91216668486595 0 0 0 0 0 0 0 0 0 0 0 0 0 0 0 0 0 0 0 5.382122814655304 1.802591785788536 0 0 0 12.09098309278488 0.2388935983181 11.21016219258308 0.2882782816886902 0 0 0 0 0 0 0 0 1.467717826366425 1.466057270765305 0 0.154540628194809 0 0 0.1256387680768967 0.1194774731993675 0.2106516808271408 0 1.03065712749958 5.968545258045197 0 0 1.298879384994507 59.28891691565514 0.6340282559394836 0.836365818977356 0 0 0 0 0 0 0 10.40441486239433 1.619377613067627 0 0 0 33.38031460344791 5.485029548406601 18.68119189143181 10.59838366508484 3.92141056060791 1.146063804626465 0.8575531244277954 0 0 0 0 0 0 0 0 0 9.584354430437088 0 1.813696295022964 183.9355783984065 6.070697143673897 166.1359598860145 23.03487472236156 1139.792840905488 24.31758451461792 0.7583384066820145 23.98916813731194 5.666890680789948 0 11.12405792623758 0.6193191409111023 163.8079529255629 0 0 0 1.903901934623718 0
575.9522715359926 910.3981601968408 3766.203897193074 71.07531523704529 325.6410503461957 12.26632975041866 28.77960086613894 4355.788750685751 1295.874497868121 24.18358223885298 0 26.96584298461676 928.4183618947864 4792.94200553745 145.6826080456376 50.22176834195852 2.760303974151611 1.236654125154018 0.3727796971797943 12.96132276952267 38.43369098007679 0 0.1457666307687759 1.229824796319008 2.80154749751091 7.274753749370575 9.952571019530296 1.033233255147934 4.109668642282486 1.358445093035698 421.0464969053864 153.2978441268206 28.82590770721436 0.3306717574596405 2.680173248052597 5.45876456797123 7.125878229737282 6.399385362863541 0.8491854518651962 4.369857311248779 25.7511323839426 2.689738355576992 6.521656908094883 11.80580730736256 1.934761613607407 2.333858631551266 406.2930171564221 37.02995201945305 0.8930633887648582 7.310015469789505 6.89179515093565 0 0 0.9327298253774643 36.01086462289095 15.79133280366659 47.70437005907297 184.421219855547 22.19255592674017 36.7350909858942 26.35964558273554 16.32407926023006 0.5452270805835724 112.6667487323284 13.71338540315628 6.364610835909843 11.87060980498791 6.055440880358219 14.60573469102383 161.6728355214 23.45203551650047 12.97928582131863 0 279.1327478513122 90.36099130660295 531.9050516188145 211.1662015914917 28.30223371088505 353.2255902141333 3099.893665589392 41.16948828846216 526.8515152409673 69.61262603104115 0.08186833560466766 7.372381448745728 8.57916646450758 14.10612740367651 0 3.425105080008507 0 1.487796030938625 0.7154524251818657 34.71513403207064 5.458690583705902 1.756632924079895 90.04527154564857 3.665062457323074 0 0.3717372715473175 167.7400026768446 2.354240328073502 7.589849352836609 3.971000283956528 1.777892470359802 9.10748091340065 16.079549446702 6.998054131865501 37.11683771014214 9.243535101413727 25.31114737689495 22.87707902491093 117.3843982368708 71.75361490249634 136.2214040458202 40.06826929003 0.6133216023445129 0 0 0 0 0 0.2727484107017517 0 0 0 0.3866449892520905 0 0 0.2066702097654343 0 0.2852679491043091 0 0.3715583086013794 0 4.661116003990173 2.306993022561073 0 0 0 11.08404359221458 1.519619166851044 11.69970959424973 0.7173244655132294 0.5690558552742004 0.1185783818364143 0.1645983904600143 0 0 0 0 0.4550366401672363 3.536744520068169 0.5936080366373062 0 0.5011265277862549 0 0 1.641772389411926 0.6320487558841705 0 0 2.5751873254776 0.9861376881599426 0 0.7135512828826904 0.2426775544881821 56.87590825557709 0.6294200420379639 0.9373169392347336 0.1712304949760437 0.4439895749092102 0 0 0 0 0 19.2781118452549 0 0 0 0 36.7729444205761 4.836216926574707 22.38998018205166 6.173982739448547 1.171442359685898 1.369936183094978 0 0.1431015282869339 0.4284546375274658 0 0 0 0 0 0 0 6.744951725006104 2.107054367661476 1.522607296705246 702.0429637506604 49.12504164874554 578.8854942172766 148.8345974832773 142.134268656373 75.85871506482363 3.823952585458755 153.4492029324174 15.27656545490026 0.5875310748815536 7.096915535628796 0.479754775762558 17.40891097486019 0.2615375816822052 0 0.4507603943347931 4.221833415329456 0
158.2353758513927 18.85858839005232 13.5819433182478 192.886526748538 7.618352472782135 287.5373941212893 0.9819191098213196 3.949739642441273 3.148869067430496 2518.881291881204 26.96584298461676 0 1632.179337859154 228.4720225483179 21.85501440614462 17.1840096488595 2.073237858712673 0.7255312502384186 0 0.8256661891937256 0.8691900670528412 0 0 0 1.086748242378235 1.791614100337029 0.9392122328281403 0 0.3906342908740044 0 2.513119056820869 0 73.57778814435005 0 0 1.234420910477638 27.08920793235302 4.171334385871887 1.010567665100098 2.685580030083656 1.964033722877502 1.359780475497246 0.1230359673500061 3.697060093283653 0.2412978708744049 0 48.81204765290022 1.630999274551868 0 0.15948286652565 0.7880256250500679 0 0.1936792135238647 0.753341980278492 4.483905740082264 0.7064417824149132 4.746158972382545 7.253493666648865 2.159547552466393 1.582172133028507 0 0 0.1514939069747925 1.195347376167774 0.848509356379509 0.3224027380347252 0.3130946159362793 0.3025778904557228 0.360216960310936 13.00182548910379 54.9250854998827 22.61543937027454 0 16.00539040565491 2.473511822521687 27.00971114635468 14.18878218531609 6.652400754392147 0.169587567448616 80.70265446603298 0.3514777719974518 0 4.324337802827358 0 0.6343112215399742 0.8184483349323273 0.9785100072622299 0 0 0 0.5063691139221191 0 10.40541012585163 2.850883156061172 0.8459779322147369 1996.544409736991 3.060363531112671 0 0 92.56972932815552 6.697085365653038 32.05148576200008 19.93016098439693 6.870048940181732 13.68348906934261 33.39448784291744 19.79584144055843 70.2096534371376 58.74844628572464 107.9821488559246 41.05973402410746 379.3652301505208 204.6657992079854 339.0969480574131 70.68762713670731 0 0 0 0 0 0 0 0 0 0 0.3683562278747559 0.7984504103660583 0 0 0.1805860549211502 0.2900014817714691 0 0 0 3.557263597846031 3.037127286195755 0 0 0 9.501655578613281 1.180557802319527 5.856420986354351 0.495682880282402 0.3161161243915558 0 0.1341582536697388 0 0 0 0 0 0.8906251192092896 2.115826085209846 0 0 0 0 0.4815495908260345 0.4065102338790894 0.146084263920784 0 1.713442176580429 2.911696463823318 0 0 0 56.59047029912472 0 1.513821080327034 0 0 0.1317533850669861 0.12767593562603 0 0 0.1233635023236275 19.26628717035055 0.3170523047447205 0 0 0 42.27202858030796 4.736942753195763 15.22471332550049 5.855632729828358 1.237162157893181 1.927005976438522 0.8021017611026764 0.3729891180992126 0.5252730622887611 0 0 0 0.1900700032711029 0 0 0.1540249139070511 42.69013886153698 5.254673182964325 1.919651359319687 230.1858434975147 11.31962060928345 111.6995269209146 25.13579520583153 234.6837097853422 14.32645963132381 0.1812942177057266 44.8261866569519 9.82263819873333 0.6646543741226196 8.525331191718578 0.4353081881999969 47.65805824100971 0 0 0.651365339756012 2.230457052588463 0.3460896015167236
613.638004489243 937.6768500059843 394.3012787774205 502.5271056741476 879.4612994790077 526.7548304200172 1917.056156493723 109.0762644782662 1689.79265473038 6494.712574221194 928.4183618947864 1632.179337859154 0 2690.366474270821 255.4464348182082 159.1964598149061 11.11808312684298 0.4665215611457825 0.8928637504577637 2.523114457726479 8.256085358560085 1.296629883348942 0.4115451276302338 0.9686846509575844 5.229366265237331 18.23853918910027 4.968573682010174 4.000164858996868 11.18422988057137 3.202910676598549 50.79421199858189 5.263023123145103 1870.530205667019 0.2058581411838531 1.130665004253387 55.98530377447605 290.5824204981327 67.18288672715425 59.2075487524271 75.02896526455879 26.21444590389729 10.52627137303352 1.003495112061501 42.56297197937965 0.4951771721243858 1.658136934041977 481.7690986096859 21.40040054172277 0.8836813271045685 3.649082206189632 7.584978550672531 0.8555560261011124 1.488677993416786 2.828377112746239 22.9037619009614 12.89352511614561 37.2604398354888 51.21066952496767 21.91670236736536 23.93811786174774 19.22080028057098 15.39643734693527 18.49819334596395 29.4836774840951 9.347149141132832 2.888020671904087 5.549132384359837 4.93185269087553 10.57355000823736 99.89313971251249 333.4325875863433 135.1725188046694 0 131.5486553907394 30.87284384667873 355.6985714137554 168.61867582798 70.7605479285121 0.6368334218859673 1052.959918759763 1.925686024129391 21.73583983629942 36.23274762183428 0.3412211611866951 4.493480198085308 4.174977324903011 9.508115381002426 0 2.097670920193195 0 3.151749983429909 1.725851841270924 66.00365536659956 17.2249965146184 2.006705418229103 5116.117737919092 15.1919162273407 0 9.176932409405708 187.0005314573646 18.09099195897579 90.89051969349384 66.8797018378973 28.09083160758018 75.01555746793747 120.288184762001 64.90641705691814 311.3966756612062 207.700551636517 359.7744606882334 180.0738345310092 1484.697109207511 839.3414841145277 1230.404754891992 342.2608247548342 1.557152830064297 0.4203605055809021 0 0.2253624945878983 0 0 0 0 0 1.05450576543808 1.355203241109848 0 0.7295699566602707 0.3691096603870392 0.6071561276912689 0.4638504832983017 0.7851675897836685 0.1779002398252487 0 22.12044849991798 17.17952939867973 0 0 0 60.17464324831963 5.112478502094746 43.24039743095636 7.019693575799465 3.145777642726898 0.2263998538255692 0.7029966413974762 0 0 0 0 0.7276151925325394 8.058112017810345 11.88075107336044 1.435129955410957 0.7644788324832916 0 1.189866542816162 2.417480275034904 0.7190397009253502 3.722208082675934 0 3.475693836808205 12.13509065657854 0 1.495179817080498 1.154698096215725 342.170760653913 0.1633740961551666 6.837442301213741 1.594276867806911 0.1219969242811203 0.1029259413480759 0.4490926116704941 0 0.3033005595207214 1.260688327252865 131.0633548349142 5.339509941637516 0 0 0 256.7892542108893 32.95506554841995 93.45167714357376 22.87808403372765 10.83539218455553 14.34598164260387 1.945477001368999 2.393897578120232 0.922688752412796 0 0 0 0 0 0 0 131.7199814245105 27.82316000759602 9.407333135604858 1718.537158615887 129.6636534035206 869.5305331423879 256.630163833499 565.7333415448666 106.5119345337152 3.62994197010994 396.2968417331576 75.60900239646435 6.860580250620842 40.12742820382118 3.160331808030605 163.3569072633982 0.7711119502782822 0.4170100390911102 4.897322133183479 19.99893964827061 0
282.1479128524661 1178.920515112579 1347.196110077202 36.5240273475647 1857.679098144174 27.84689734876156 86.06103876978159 578.3249770179391 1807.987931996584 22.54429993778467 4792.94200553745 228.4720225483179 2690.366474270821 0 122.8811619654298 74.8114173412323 3.330385327339172 0.419999361038208 0 1.944822981953621 6.388095051050186 0 0.4054805934429169 0.1039149835705757 4.676518261432648 6.175007209181786 4.506320938467979 2.708054184913635 2.333863966166973 1.294455975294113 90.56822303682566 5.025128871202469 710.5860795229673 0.2483016699552536 0.554682195186615 13.28596772253513 223.6794653534889 29.28863361477852 15.41561053693295 21.64805901795626 14.58070610463619 5.503610834479332 0.9364776983857155 15.68134066462517 0.3109915107488632 0.71479532122612 250.2876466140151 14.43770795315504 1.326103895902634 3.153926409780979 4.322945214807987 0.3660541921854019 1.310939386487007 1.384040355682373 12.28051241487265 3.757152915000916 17.60648760944605 58.59450700134039 9.997603632509708 13.56805656850338 6.013204239308834 1.949969753623009 1.052697479724884 25.61718329787254 3.35322529822588 1.332361124455929 3.950461484491825 1.813774168491364 4.261849254369736 82.65785924345255 101.5879650563002 35.70730616152287 0 102.7222323492169 28.6138416826725 248.1053286269307 121.2120418474078 42.98539257049561 2.670969285070896 1108.196127578616 2.217149958014488 6.15528030693531 20.21605484187603 0.3398101031780243 2.765390567481518 2.778963454067707 5.217972978949547 0.1356049180030823 1.244527585804462 0 0.238776296377182 1.276679843664169 63.42747685313225 10.4551945105195 1.792753413319588 288.2171908169985 4.758771896362305 0 1.84048917889595 64.37505260109901 3.190649792551994 8.267146930098534 8.119102746248245 4.674221575260162 10.81258298456669 23.36813622713089 6.895424410700798 42.64389748871326 26.47749258577824 46.91369853913784 46.53449719399214 241.2380121797323 127.4844988211989 228.4024653956294 83.90832808613777 0.1215929016470909 0 0 0 0 0 0.3927389681339264 0 0 0.5837645381689072 0.402037724852562 0 1.248504966497421 0.6482219099998474 0.6311381459236145 1.007105469703674 0.1447570472955704 0 0 6.21550826728344 2.798967704176903 0 0 0 18.09068069607019 2.458952665328979 12.29642087221146 1.442312836647034 0.8284904360771179 0.3865977823734283 0 0 0.2372953593730927 0.224203497171402 0 0.6616104543209076 2.284544371068478 2.311408460140228 0.370535135269165 0.1193014606833458 0 0.1876411885023117 1.484214760363102 0.8158797398209572 1.115752384066582 0.2611928209662437 1.202725902199745 2.973129034042358 0 0 1.049810856580734 81.86851974576712 0.4526712596416473 3.171836644411087 0.1958732753992081 0 0 0 0.1755746155977249 0 0.8942937105894089 28.45196906477213 2.69179005920887 0 0 0.2761517465114594 67.91620542109013 8.801413580775261 26.13665916770697 2.459400624036789 4.072342783212662 4.097092069685459 0.4247571974992752 0.3859942257404327 0.5317547991871834 0 0 0 0 0 0 0 22.07144369184971 6.901294186711311 3.28263083845377 953.5298107862473 39.66131733357906 480.5517042353749 119.3875757157803 91.01537868380547 57.4151554107666 2.600496381521225 192.9375213682652 31.63818866014481 1.151951760053635 8.995937071740627 1.337701797485352 18.17464709281921 0.1584809273481369 0 4.150209650397301 6.812305949628353 0
