0 3495.30431637913 192.1197269037366 1213.63007376343 265.4739919900894 457.2351289391518 1194.915601424873 86.38194110244513 76.32471130043268 608.3040169626474 450.2785413116217 49.32463856041431 349.8294620364904 337.7124104276299 9.161558389663696 7.918963558971882 1.575844332575798 0 0.213116779923439 0.2264681458473206 2.737254060804844 0.6243098080158234 0 0 2.561269536614418 0.2632378563284874 0.1706439554691315 0.1593838185071945 0.4447354376316071 0.2390246838331223 566.4651695266366 3.293964616954327 2.27812634408474 0 0.4393234699964523 0.6122866570949554 3.420403823256493 1.302466847002506 0.5488392263650894 2.11335963755846 2.738925836980343 2.569090992212296 0.152661994099617 1.865743465721607 0 0.1583236008882523 15.48824295401573 2.218560285866261 0 1.042333155870438 0.5324068740010262 0 0 0.1855303049087524 16.24048482626677 2.354128926992416 144.8442308455706 664.9130876883864 13.83750580251217 9.291346803307533 0 1.232831463217735 0.3492329269647598 4.430495902895927 3.689347296953201 1.953582257032394 2.030011460185051 1.650402240455151 1.995554514229298 4.222501970827579 7.579706698656082 12.12449879944324 0.5623739510774612 103.0006908476353 47.39406477659941 8.611791387200356 7.836923860013485 8.882415577769279 1.095252051949501 194.7909666001797 0.2898631393909454 6.645585142076015 8.472983919084072 0.2670226693153381 0.9997840076684952 4.241974800825119 1.309994697570801 0.1710294932126999 0.957945741713047 1.151719242334366 0.3866498470306396 0.344823956489563 9.496198654174805 1.914169579744339 0 76.97684597969055 8.599023014307022 1.009392008185387 1.030037119984627 1080.42708684504 1.815370157361031 1.041256546974182 5.822713389992714 0.7323410511016846 3.171292692422867 2.617073550820351 14.22529226541519 2.012571379542351 6.046689331531525 25.25463585555553 0.7347615361213684 15.92164707183838 19.33277054131031 18.23997981101274 8.579686254262924 0.1747874766588211 0.7866461127996445 0 0.3141622245311737 0 0 0 0 0 0 0 0 0 0 0 0 0 0 0 1.913967296481133 0 0 0 0 6.738441273570061 0 2.331349074840546 0.4130628705024719 0 0 0 0 0 0 0 0 1.379724159836769 1.569718018174171 0 0 0 0 0 0 0 0 0 1.115268558263779 0 0 0.1999786645174026 2.054109156131744 0.575793445110321 1.007455706596375 0 0 0 0 0 0 0 12.88975749909878 0.684333324432373 0 0 0 0.9398595541715622 0 0.7449697852134705 0.7732188999652863 1.188187256455421 2.491761714220047 1.984942272305489 0.1631321161985397 0 0 0 0 0 0 0 0 2.620168745517731 2.359808050096035 7.620190590620041 55.58027794212103 5.399679280817509 55.72279235720634 16.47113645076752 1368.515783406794 23.24749674648046 3.180710680782795 7.120921432971954 2.79261627048254 0.3330266177654266 3.263019777834415 1.283358559012413 6.338305711746216 0.9099258184432983 0.3981841206550598 1.154867440462112 0.3186279535293579 0
3495.30431637913 0 2041.445415407419 1018.081721454859 3518.679583884776 900.8232268095016 5896.066742740571 211.1390474811196 2830.468796364963 697.5813005417585 3495.213653236628 124.6082272678614 1664.802398316562 1940.440161533654 28.19552580267191 14.64293893426657 2.838348209857941 0.7230874747037888 0.1973740458488464 0 2.411428689956665 0 0.3571954965591431 0 2.583475716412067 0.9127153009176254 0.1977803409099579 0.3676362261176109 0.8805570155382156 0.1255532503128052 3094.011163771152 16.59843524545431 5.581030115485191 0.4583409279584885 0.1601239740848541 0.909212701022625 10.94971452653408 0.9905986860394478 0.8981277048587799 2.005072362720966 3.021837398409843 2.767766572535038 1.330160588026047 4.824242636561394 0 0.588542565703392 164.4243615195155 27.02985531836748 2.306725710630417 2.459333829581738 15.28475522249937 0.3803340196609497 0 0.1288815289735794 87.72685671597719 27.40867529809475 153.3597893565893 1423.137346901 83.3088565915823 95.8413857370615 0.9998369663953781 2.660727113485336 0.3123655319213867 28.2130566239357 35.18489970266819 24.90365441143513 27.4118472263217 10.93126405775547 6.302569769322872 3.405953891575336 21.65288374572992 34.08512023091316 0.1372957974672318 462.7195183411241 179.8015141710639 86.63262191414833 42.84148140996695 28.46627247333527 3.329208053648472 258.3224857524037 1.769362635910511 9.939900927245617 78.7648037225008 3.240223661065102 11.06954128295183 51.14997863769531 13.57527843117714 0.8537267744541168 14.54974339902401 0.9891030862927437 4.176088608801365 2.507544949650764 7.88509226590395 6.919874437153339 2.815914005041122 152.7704499810934 3.519777685403824 0 2.328038096427917 932.2654385343194 5.523827016353607 5.496794149279594 12.74877379834652 6.415145203471184 5.593120545148849 8.169322162866592 27.7590823918581 4.650201842188835 14.53444522619247 65.17022474110126 5.923620253801346 60.22760428488255 79.8057991117239 96.97006676346064 27.61515009403229 0.8515312969684601 3.751817435026169 0 0 0 0 0 0.1854891926050186 0 0 0 0 0 0 0 0 0 0 0 14.67936760187149 1.950028598308563 0 0 0 35.69755081832409 0 12.26212865114212 1.770635969936848 0 0 0.2653727531433105 0 0 0.311478853225708 0 0 2.456464067101479 9.709614031016827 0.2177656143903732 0 0 0 0.3768248707056046 0 0 0.4068075194954872 1.734745651483536 2.195235997438431 0.6205013990402222 0 0 10.42969579994678 0.3386420905590057 0.9193975031375885 0.4825905114412308 1.013183131814003 0.124019630253315 0.1618142873048782 0.2981986030936241 0 0 50.82377700507641 6.51808474957943 0 0 0 5.360196322202682 0 1.046534657478333 5.721673682332039 4.982612833380699 7.426346689462662 0.8523020148277283 4.50163996219635 0.6017032563686371 0.278964638710022 0.1351903676986694 0.4749382436275482 0.8439056351780891 0.1139668598771095 0 0 13.11570745706558 13.59760768711567 19.88607826828957 267.267431743443 49.68164563179016 551.5462500080466 137.3271928802133 1765.500465586782 138.6959725692868 20.41897288709879 62.23737409710884 12.36122202128172 1.817097574472427 12.60450430959463 6.65580191463232 15.11074158549309 2.492988422513008 0.4569762051105499 8.217173367738724 2.189945712685585 0
192.1197269037366 2041.445415407419 0 4.932691171765327 2091.173422455788 11.24937300384045 52.87471348792315 3146.610130302608 258.1057815253735 5.244725197553635 1966.637170143425 8.554521165788174 226.211712218821 523.7221373915672 31.02422826737165 27.40835907310247 10.0712705925107 6.248655445873737 0 25.30239379405975 144.5699683353305 0 16.13522936403751 8.588134542107582 26.26239598542452 7.290541872382164 6.896030932664871 3.987093329429626 1.710323132574558 0.9385788291692734 7886.383687615395 2371.244069620967 14.37788680940866 1.706582605838776 27.53486961871386 11.79468102008104 10.24318666011095 8.488435640931129 1.097256258130074 13.76573374867439 50.81177216023207 22.84168262034655 24.59845861047506 7.477969370782375 0.2777523398399353 1.670155733823776 66.39017837494612 5.981717437505722 6.564484976232052 19.54703498631716 11.50857802480459 0 0.1518616825342178 5.0207754150033 14.97675892710686 3.872770540416241 71.17083293944597 1263.459805876017 10.77313934266567 18.36223725229502 99.87199042737484 42.25808356702328 5.899978846311569 907.7519016116858 5.001379050314426 5.217867873609066 5.026068218052387 10.1911121532321 63.67356935143471 167.0022702589631 9.855701580643654 34.06120945513248 0 135.3768435791135 180.7027771547437 25.76525680720806 17.3557893037796 29.05514041334391 360.36011005193 2438.440306596458 26.23713598400354 845.143074400723 11.74009218811989 0.8359578624367714 3.140195690095425 9.398658372461796 28.28904740512371 0 1.402378417551517 0 1.292459361255169 0.1221965029835701 104.2816988453269 25.53063172101974 2.303195834159851 30.27304811775684 2.877428412437439 0 1.333903908729553 142.6194892451167 0.645297959446907 0.4269834756851196 3.460652261972427 0.4931994676589966 1.294305682182312 0 7.452736794948578 1.190943956375122 4.199309080839157 12.10086791217327 0.5614552795886993 18.50747220218182 17.99070353806019 27.98577974736691 6.113512024283409 0.6216461062431335 0.9969371110200882 0 0.7622666656970978 0 0 0 0 0 0.589574858546257 0 0 0 0.1797396838665009 0 0.1983790695667267 0.3968575447797775 0 0 3.859620347619057 0 0 0 0 11.16705483198166 0.7878804802894592 9.728916570544243 3.667615935206413 0.1514505743980408 0 0 0 0 0 0 0 0.4987970739603043 7.258814141154289 0 0 0.3434924185276031 0.1513307094573975 0.9133783727884293 0 0 0.1781654357910156 0.4832075089216232 1.091451659798622 0 0 0 3.563282042741776 0.8285578489303589 0.3087404668331146 0 0.1393543034791946 0 0 0 0 0 16.83350485563278 1.854974165558815 0 0 0 1.210427284240723 0.7810107469558716 0.4799690842628479 2.195723190903664 1.483946114778519 4.056318417191505 0.943272590637207 0.7225246876478195 0 0 0 0 0.1587920337915421 0 0 0 1.651553064584732 2.711978420615196 9.552955597639084 98.1416120827198 13.41296999156475 168.202151440084 45.6549723520875 168.4331751838326 37.21861151605844 2.513043880462646 32.81452917307615 5.86350928992033 0.95101697742939 5.889840766787529 1.28182390332222 4.081389203667641 2.019020065665245 0.3253556191921234 3.905669301748276 1.440906293690205 0.6672295331954956
1213.63007376343 1018.081721454859 4.932691171765327 0 38.98013527691364 1056.962997496128 1288.861545830965 1.354385629296303 105.8732269108295 2208.983102411032 10.5556775033474 209.6064314544201 1482.58745354414 60.55714266002178 2.420887485146523 0.496525764465332 0 0 0.3063532635569572 0 0.2929910719394684 0 0 0 0 0 0 0 0 0 136.9332644045353 1.280342318117619 0 0 0 0 0 0 0 0.1202401295304298 0 0 0.127150371670723 0 0 0 11.94733534008265 3.125220470130444 0 0.2378002107143402 0.8273700177669525 0 0 0 8.763415589928627 1.994899190962315 21.63820222020149 187.5462034121156 6.926074162125587 9.374208614230156 0 0.2849417328834534 0 2.284409552812576 2.905653953552246 1.664682626724243 1.38439355045557 0.9058534875512123 0.5174882411956787 0 1.838704138994217 7.988265201449394 0 45.74696382880211 22.21371360123158 9.389783538877964 3.151295192539692 2.594096638262272 0.122974194586277 2.927192330360413 0.4884210899472237 0.6087996512651443 7.692268684506416 0.4298914074897766 0.8411216661334038 2.854463048279285 1.286077857017517 0 0.6471688896417618 0 0.4736426621675491 0 0.4305606484413147 0.1128146797418594 0 94.33468908071518 1.73287570476532 0 0.1703077703714371 267.2765212357044 1.147015705704689 1.354730486869812 1.682691544294357 6.158894449472427 0.6563370227813721 2.76589560508728 6.322238638997078 0 8.52521950006485 19.38072787225246 0.3301272690296173 15.44683654606342 29.03502678871155 20.23644325137138 3.172563135623932 0 0.2415884435176849 0 0.2097578793764114 0 0 0 0 0 0 0 0 0 0 0 0 0 0.2286778688430786 0 0.8295851200819016 0 0 0 0 3.361678302288055 0 1.461306899785995 0.5123039931058884 0 0 0 0 0 0 0 0 1.604128807783127 1.648121953010559 0 0 0 0 0 0 0.3217093944549561 0 0 0.4738876521587372 0 0 0 1.276351511478424 0 1.013328433036804 0 0 0 0 0 0 0 10.70587947964668 0 0 0 0 0 0 0.323483943939209 0.464497447013855 0.4099163711071014 0.1165721714496613 0 0.2027191370725632 0 0 0 0 0 0 0 0 0.5122712105512619 1.132901519536972 0.7494457364082336 17.85139640420675 3.165031887590885 37.17696533352137 12.1137151569128 678.2330018430948 14.3343114554882 2.089364603161812 3.644652113318443 1.843964666128159 0 2.055589482188225 1.278990656137466 9.747548788785934 0 0 0.2658367455005646 0 0
265.4739919900894 3518.679583884776 2091.173422455788 38.98013527691364 0 19.37469731271267 1087.36767167598 47.77225479483604 10424.86918022484 141.8902014270425 3892.992842614651 56.32460221648216 621.477900147438 1501.563773982227 33.2415047287941 7.722436502575874 1.385596796870232 0.1412594616413116 0 0.1136044189333916 0.3365684598684311 0 0 0 0 0.2977716326713562 0.1073782593011856 0.3388616293668747 0.1272991001605988 0 686.7491057142615 19.24398008733988 2.994008421897888 0.1127601712942123 0 0.1697098761796951 3.426722921431065 0.2100583165884018 0.3696590811014175 0.2107410058379173 0.163499116897583 0.173146516084671 0.09769033640623093 2.178941383957863 0.1848499774932861 0.118928387761116 145.9526010081172 9.345132768154144 0.4751632362604141 0.4606798961758614 7.189649842679501 0 0 1.049343928694725 33.80416040867567 10.77806250751019 28.96389554440975 260.4000642895699 33.46940134465694 47.99239743500948 0 2.366611123085022 0.1131279021501541 19.87221224606037 13.98341638594866 10.17012538015842 9.906330108642578 6.118286475539207 2.552873946726322 0.6260999366641045 13.49898529052734 26.38426281511784 0 136.1685677692294 49.07702101022005 51.69150190800428 30.78443581610918 13.5918600782752 1.210147887468338 8.780900835990906 0.7395947575569153 1.743220925331116 29.04939109832048 0.8229331448674202 5.20938366651535 20.21597032248974 5.94659011811018 0.6377362161874771 6.394158370792866 0.139220118522644 2.190396212041378 1.7466064915061 1.699886970221996 2.994906052947044 1.307690374553204 50.38612382113934 5.666367694735527 0 2.613018810749054 51.24211024492979 6.387512490153313 4.416943937540054 10.06343138217926 4.664747789502144 7.550328254699707 5.739221274852753 8.843540892004967 2.7963025867939 9.747615277767181 31.19732308387756 3.526575818657875 70.43459323048592 72.31877212226391 86.52092495560646 22.07932491600513 2.224343359470367 1.125846579670906 0 0.3116931319236755 0 0 0 0 0 0 0 0 0 0 0 0 0 0 0 8.574984729290009 2.45705971121788 0 0 0 19.39893113076687 0 9.083377316594124 4.056247338652611 0 0 0 0 0.9151999652385712 0.2308868616819382 0 0 4.454435721039772 7.148672491312027 0 0 0 0 0.1564961224794388 0 0.2996166050434113 0 1.83882737159729 5.168898403644562 0 0 0 8.451533570885658 1.475178271532059 0.9927318543195724 1.21105469763279 0.2513209730386734 0 0 0.1129515692591667 0 0.1300225257873535 47.19158643484116 2.219747483730316 0 0.2921265363693237 0.1158987209200859 3.998779207468033 0.377747654914856 2.133606970310211 4.787967003881931 2.547186955809593 4.953232407569885 0.2787743210792542 4.367672398686409 0 0 0 0 0.3862234130501747 0.1003057509660721 0 0.1468567997217178 9.656994819641113 8.707042008638382 21.898646697402 166.6623644083738 31.38505712151527 334.3180096596479 86.29286874830723 155.7958537638187 73.98908806592226 7.210376814007759 44.6740615144372 8.21792308986187 1.991227030754089 9.483128488063812 4.814379148185253 5.059744566679001 0.8386199772357941 0.2315582484006882 8.356672018766403 0.5602817237377167 0.2626650631427765
457.2351289391518 900.8232268095016 11.24937300384045 1056.962997496128 19.37469731271267 0 487.7264760285616 6.282099470496178 12.63907109946012 740.5847136229277 27.35766379535198 117.017141520977 227.0478783920407 52.80936383455992 1.223831832408905 1.214963331818581 0.3149327784776688 0 0 0 0.1291986405849457 1.964062407612801 0 0 0.1520393639802933 0 0 0 0 0 54.23402369022369 0.2190687507390976 17.68892265856266 0 0 0 2.533391907811165 0.2170718014240265 0.9039729237556458 0 0.5341777205467224 0 0 0.3761676549911499 0 0 2.437027283012867 0.4102605506777763 0 0 0.2151495069265366 16.55419516563416 0 0.4494405090808868 1.271743446588516 0.1826084554195404 112.3954957872629 82.52774648368359 2.761275440454483 0 0 5.622996181249619 0 0.1491264849901199 0.3573122024536133 0.1132337152957916 0 0 0.8143579661846161 0.1404111534357071 66.39483593404293 87.22536630928516 8.278091579675674 6.756368055939674 3.141685456037521 0.2777069658041 0.4448029845952988 0.1863757371902466 0 38.72399924695492 0 4.87074276804924 0.3611345589160919 2.537561655044556 0 0.9451831132173538 0.3025237917900085 7.957716286182404 1.342246934771538 27.05453504621983 0.3532623052597046 5.085957020521164 0.6267380714416504 0.1508051753044128 2.740103229880333 333.3550865352154 160.1033898890018 24.80972130596638 3.413904026150703 536.6849704831839 0 0 0.6459516882896423 0 0 0 4.991474092006683 0 0.3842731714248657 4.541066348552704 0 3.561029464006424 7.068126603960991 3.408529460430145 2.020501062273979 0 0.187833309173584 0 0 0 0 0 0 0 0 0 0 0 0 0 0 0 0 0 0 0 0 0 0 1.292336389422417 0 0.4528779983520508 0.3309001922607422 0 0 0.3734318912029266 0 0 0 0 0 0 0 0 0 0 0 0 0 0 0 0 0.1212684735655785 0 0 0 0.7173234820365906 0 0 0 0 0 0 0.4150126576423645 0 0.1783479750156403 3.484570473432541 0 0 0 0.2250350266695023 0.2581826746463776 0 0 0.5360392928123474 0 0.337898463010788 0 0.1815426647663116 0 0 0 0 0 0 0 0 1.585600614547729 0.4184607565402985 0.8546141386032104 1.672364242374897 0.3771667927503586 5.055737875401974 2.361573182046413 227.3731818273664 1.521316558122635 0.153292253613472 0.9148848652839661 0 0 0.4134529680013657 0 2.532557964324951 0.8085927963256836 0 1.462974071502686 0 0
1194.915601424873 5896.066742740571 52.87471348792315 1288.861545830965 1087.36767167598 487.7264760285616 0 15.30164410173893 2257.000162854791 2147.313650399446 267.7043106257915 126.7549583986402 5162.764668151736 2730.100216291845 89.62662217766047 27.70188141614199 5.773581743240356 1.404070548713207 0.2408130913972855 0.326249286532402 2.380725599825382 0 0.1205930188298225 0 0.9107721969485283 0.2936207503080368 0 1.09452123939991 0.5622861087322235 0.11711635440588 394.2204075828195 31.81978921592236 9.356756992638111 0 0.4141513779759407 0.1366748660802841 12.71477504819632 0.4671313166618347 1.364845633506775 0.5243311673402786 0.7065288871526718 1.717068314552307 1.558558858931065 6.183187402784824 0 0.271350771188736 406.2435271516442 33.20623044669628 3.678422197699547 1.443865410983562 27.50772729516029 0.4268206804990768 0 0.5989250168204308 135.6171832829714 40.63775001466274 114.8097075298429 798.2566163986921 137.5633669346571 170.4629281684756 1.693755380809307 4.359979152679443 0.1823715418577194 59.21101158857346 47.79049607366323 37.69398599117994 43.72856406867504 21.25297353416681 8.729759857058525 4.03523575514555 37.38818316161633 55.03095048666 0 553.6167043820024 209.8074927553535 159.4500285312533 94.54627376049757 46.63192391395569 2.554969511926174 13.06512386351824 1.752650275826454 10.59689307957888 113.2342723831534 3.000033162534237 17.36153619736433 81.33298958092928 22.03644032776356 1.66459883749485 19.66864894330502 1.192054212093353 6.682029277086258 5.15189790725708 8.521631076931953 10.08820047229528 5.549341388046741 351.0125758349895 5.874518096446991 0 4.955841384828091 124.5355667993426 11.4395265057683 9.192810788750648 27.38567672669888 21.59135375916958 17.81475499272346 29.66538764536381 57.53458343446255 12.01577968895435 47.07667411863804 163.7108412086964 14.33377119898796 256.3842138946056 283.8155597448349 299.3115353137255 67.35368755459785 2.996047988533974 5.327867180109024 0 0.4652406573295593 0 0 0 0 0 0 0 0 0 0 0 0 0 0 0 37.56448252499104 1.81659547239542 0 0 0 52.96304716169834 0.168865755200386 27.04202018678188 6.396207734942436 0.2706049680709839 0 0.1597475111484528 0 0.3179618418216705 1.282648280262947 0 0 12.95260567218065 31.21000630408525 0 0.4785260558128357 0.1543824374675751 0 0.7977521121501923 0.509197399020195 1.801652327179909 0.6958562135696411 1.049623072147369 6.973567381501198 0 0.6972630620002747 0 17.95386889576912 2.287172198295593 4.265296295285225 1.68712705373764 1.047153815627098 0.1091909632086754 0.135914221405983 0.739101380109787 0.2056271135807037 0.3658781945705414 159.1948048621416 9.353502705693245 0 0 0.137811690568924 9.61111007630825 0 4.885012269020081 15.05406112968922 11.69054998457432 18.73778393119574 4.25777630507946 10.66248847544193 1.101676680147648 0.2113592922687531 0 0 1.499832399189472 0.1325446516275406 0 0.3234176933765411 42.28481940925121 17.67060330510139 28.08722753822803 533.5314342603087 112.8198194950819 1119.40893035382 287.6022561937571 954.9305139556527 269.6822763904929 28.85695769637823 116.7555678933859 25.86493048071861 3.80146299302578 30.90571551769972 11.32869462668896 25.92687228322029 10.68194068968296 2.418022960424423 11.65404286980629 2.118383407592773 0
86.38194110244513 211.1390474811196 3146.610130302608 1.354385629296303 47.77225479483604 6.282099470496178 15.30164410173893 0 102.7949976921082 2.622611030936241 2853.465121842921 4.011585831642151 230.3602174520493 585.3295750766993 25.75542992353439 28.63070158660412 5.890121623873711 4.143049068748951 0.3505878746509552 37.71769122779369 151.0361775234342 0.3168782591819763 21.76935343444347 16.99441073834896 21.68780411779881 4.097540870308876 2.509663358330727 2.51810747385025 0.9004162847995758 0.2494377791881561 1538.546997688711 1032.450063183904 9.457789994776249 5.250106975436211 26.8585754185915 6.86283103376627 5.20573752373457 4.437038443982601 2.205836221575737 8.205651707947254 35.03568233549595 21.04896528273821 38.80885022878647 5.72477824985981 0.2605599164962769 6.873864740133286 67.45412636548281 7.348535694181919 5.196045279502869 17.20835577696562 8.659989468753338 0.9770321398973465 0 1.690279960632324 9.865771666169167 2.992150612175465 23.7558788433671 376.3161534518003 9.895358756184578 17.30631240457296 187.8959899842739 45.26766684651375 5.882109060883522 232.4160328060389 3.398310333490372 3.165173634886742 2.937650039792061 9.920809634029865 63.77784806489944 160.2464902251959 6.113809943199158 34.55988045036793 0 73.59526152163744 83.78395838290453 26.23565175384283 19.18846981972456 47.64638652652502 441.2740505635738 2284.557750970125 119.7215432375669 1129.123969301581 10.40845130383968 0.1114852502942085 2.817923843860626 4.100445799529552 25.18186314404011 0 2.771136738359928 0 0.8475558757781982 0.2562019824981689 108.7324855923653 22.8318629488349 2.519296772778034 32.35367627441883 3.390045344829559 0 0 39.29070971161127 2.229081973433495 0.233166441321373 1.063655763864517 0 2.595362171530724 2.116919577121735 4.414122730493546 0.2079661190509796 1.354815155267715 5.770613208413124 0.4212192595005035 8.091340139508247 9.36822435259819 13.68097844719887 3.905723989009857 0 0.9048828631639481 0 0 0 0 0 0 0 0.2371440082788467 0 0 0.1782996505498886 0 0 0.1767385601997375 1.048849537968636 0.803148940205574 0 5.776820406317711 0 0 0 0 7.977429091930389 0.3894701600074768 2.231848925352097 3.339289873838425 0 0 0 0 0 0 0 0 0.16043820977211 2.4844771027565 0 0 0 0 0.3312141001224518 0.5911306738853455 0.2484454065561295 0 1.153582453727722 1.417459756135941 0.7818813323974609 0 0 1.133533954620361 0 0 0.7772050201892853 0 0 0.3490470945835114 0.1777652651071548 0 0 11.17450238764286 0 0 0 0.3070253729820251 0.6908778101205826 0 0.4224652349948883 2.351685017347336 1.902347534894943 0.7990380674600601 0 2.042244091629982 0.1326353847980499 0 0 0 0 0 0 0 0.7860772609710693 2.649060755968094 6.473528280854225 91.61103942990303 11.8873193860054 164.0701695904136 34.17636688798666 63.34563519060612 26.14351174235344 1.94369924813509 28.54331064224243 3.647508159279823 0.2498322278261185 4.120976746082306 0.1510635316371918 1.35975855588913 0.5741239339113235 0 2.328866615891457 0.6823437213897705 0.3432704657316208
76.32471130043268 2830.468796364963 258.1057815253735 105.8732269108295 10424.86918022484 12.63907109946012 2257.000162854791 102.7949976921082 0 87.94588795304298 2977.141811832786 12.21045134961605 401.4914803430438 1233.298291236162 81.70949077606201 29.77371867746115 3.40694285184145 0.2624227553606033 0 0.4762374311685562 1.637574717402458 0 0.459709107875824 0.1201412305235863 0.4758414030075073 0.3651675283908844 0.2570667266845703 0 0 0 226.4400129467249 23.35796799510717 2.786895096302032 0.1178188472986221 0.4712492227554321 0.2525505125522614 6.449893034994602 0.5777715593576431 0.9549701511859894 0.4201698005199432 1.109080128371716 0.5638377517461777 0.1196796521544456 7.128486543893814 0 0.2127969264984131 201.056037068367 6.926300071179867 0.8319533839821815 0.115391731262207 7.216905981302261 0.1146942302584648 0.660086452960968 0.6316207498311996 20.66738106310368 8.398636102676392 21.83962707221508 158.2874730676413 27.17842883616686 52.62384647876024 1.250231049954891 1.393311113119125 0 31.66097648441792 8.454118326306343 6.028199411928654 9.300298124551773 5.635831840336323 1.591093465685844 0.9912679567933083 23.30804484337568 47.9845557063818 0.1149965450167656 96.70650331676006 45.66815324872732 77.01485129445791 46.26401374489069 42.45205175876617 2.017266198992729 6.744620755314827 0.6051555946469307 3.187852822244167 19.51865138113499 0.7618377432227135 3.697774618864059 16.66340769082308 5.287676759064198 0.2497074380517006 4.793650150299072 0.3020334392786026 1.298748970031738 2.051927760243416 4.485817290842533 2.918147906661034 2.718387611210346 141.1517217308283 4.682076707482338 0 2.762862622737885 20.658292748034 11.09387049078941 5.849553734064102 21.60467882454395 15.45340016484261 20.12099647521973 16.80647769570351 16.60902038216591 13.81512087583542 22.4937472641468 79.18866232037544 8.821968883275986 154.7319468557835 161.4204528331757 191.387598246336 52.42495331913233 2.918683618307114 5.949427574872971 0 0.3297246694564819 0 0 0 0 0 0 0 0 0 0 0 1.098319351673126 0 0 0 29.43548740446568 2.294922575354576 0 0 0 44.01648519933224 0 21.18281239271164 6.027130335569382 0 0 0 0 0.3634477555751801 0 0 0 5.720507398247719 20.64195723086596 0 0 0.2491069138050079 0 0 0 0.325751319527626 0 1.723228566348553 9.43166708946228 0 0 0 17.31697443127632 3.254500240087509 3.26685494184494 2.355010114610195 0.4876294434070587 0 0 0.185031920671463 0 0.1147623658180237 125.5438939929008 5.772399723529816 0 0 0.2010678201913834 9.451222248375416 0 3.386381983757019 9.687396913766861 7.901580154895782 11.34043544530869 2.729969710111618 11.17536756396294 0.877804309129715 0 0 0 0.1003903746604919 0 0 0 26.38962695002556 18.55611605942249 24.65739370882511 234.8743422403932 47.81275764107704 438.5940411314368 129.8059614598751 103.0472477376461 95.18616743385792 8.482910230755806 71.30596147477627 19.48715557157993 4.012729115784168 21.76075237244368 7.966911502182484 19.01205131411552 4.923384457826614 0.9760140925645828 6.61933458596468 1.490471571683884 0
608.3040169626474 697.5813005417585 5.244725197553635 2208.983102411032 141.8902014270425 740.5847136229277 2147.313650399446 2.622611030936241 87.94588795304298 0 11.81946452707052 1611.542778030038 4320.404105231166 235.4752290844917 4.266835041344166 0.1416265666484833 0.1450643241405487 0 0 0 0 0.3034616112709045 0 0 0.1899603605270386 0 0 0.1734665930271149 0 0 51.94063404202461 0.5063720643520355 5.541087180376053 0 0 0 0.1298089921474457 0 0.2876232266426086 0.5185175538063049 0 0.3036173135042191 0.2201371788978577 0 0 0.1549379527568817 14.26724579185247 2.88538371026516 0.1462719738483429 0.3924787193536758 0.9297294095158577 1.560774952173233 0 0 6.658510856330395 2.213626056909561 13.85148586332798 101.0527457892895 4.179001092910767 5.499840512871742 0 1.246808767318726 0.5642522573471069 0.8138461112976074 1.573699951171875 1.21835845708847 0.9651543498039246 0.1568498462438583 0.1941784918308258 0.1474681347608566 81.85714766383171 60.43805174529552 0.7616159617900848 29.08012263476849 14.22681950032711 4.187096886336803 1.073218554258347 0.9178829863667488 0 6.197316825389862 0.1370597034692764 1.270432271063328 5.185173340141773 0 0.5241989642381668 2.509989872574806 1.249809630215168 0.2826568782329559 1.575670920312405 1.03647281229496 0.2856614738702774 0 0 0.4015753194689751 0.2241768836975098 1099.421677485108 16.67183899879456 1.73342376947403 2.127583593130112 231.2622680068016 19.95059993863106 27.32091930508614 53.73643147945404 43.09213982522488 22.23486836254597 32.77924920618534 129.0055197328329 10.00211410224438 51.48313382267952 277.2577603459358 15.62802384793758 249.4656534940004 292.9852061569691 313.6373268514872 45.72718851268291 3.51564933359623 2.749910324811935 0 0 0 0 0 0 0 0 0 0 0 0 0 0 0 0 0 42.43117467314005 0.6917702853679657 0 0 0 40.46812270581722 0 27.46524874866009 6.121662169694901 0 0 0 0 0.3255669474601746 0.6865877211093903 0 0.2914700210094452 10.1463465243578 23.24190279841423 0.3760302066802979 0.3155867159366608 0 0 0 0 3.392503648996353 0.3916432112455368 1.855769291520119 2.337696328759193 0 0 0 16.82434445619583 2.567639425396919 5.555159024894238 2.665324412286282 0.8802092373371124 0.2640030980110168 0 0.1398939043283463 0 0 87.71072448790073 7.561183005571365 0 0 0 5.632139042019844 0 7.059654235839844 10.51139949262142 5.84766061604023 14.85020656883717 0.8920446187257767 6.7489894926548 0.2886544466018677 0 0 0 0.4980618953704834 0 0 0 38.56102162599564 11.91621118783951 21.64334160089493 27.9593703597784 2.602124206721783 47.72884436696768 11.96389612555504 1005.177497930825 9.837455980479717 1.16996656358242 8.615407019853592 11.78212463855743 0.9065058529376984 28.53104394674301 3.132271409034729 48.83800274133682 10.0133708268404 0.6961570084095001 11.09978678822517 0.37826868891716 0
450.2785413116217 3495.213653236628 1966.637170143425 10.5556775033474 3892.992842614651 27.35766379535198 267.7043106257915 2853.465121842921 2977.141811832786 11.81946452707052 0 15.29616476595402 1190.142496950924 3779.154753878713 27.79360240697861 17.0473752245307 2.449174806475639 0.1749981343746185 0 0.8662579655647278 5.142862424254417 0 0.2985744625329971 0 2.626594878733158 1.43982557952404 0.3985060602426529 0.3753033131361008 0.3322058618068695 0 1693.281902961433 31.14165939390659 27.88878671824932 0 1.628948837518692 0.9952922016382217 4.761643104255199 2.744791649281979 0.2944144681096077 2.319803260266781 2.908212840557098 2.880087606608868 0.2221356332302094 4.170625984668732 0 0.2076336741447449 68.25890862196684 4.482533007860184 0.3330624401569366 1.021201923489571 3.029378280043602 0 0 0.2400459200143814 10.78639194369316 4.786212123930454 29.03364087641239 337.1831752806902 13.52946209907532 16.54160300642252 0.6971957087516785 1.85019639134407 0.6349403858184814 16.09868542850018 5.344681710004807 2.429643921554089 4.417610242962837 2.451333649456501 4.360400952398777 5.697205066680908 21.44614866375923 46.25171492993832 0 79.48557841032743 32.58955855667591 30.26526387035847 17.76529224961996 17.23203006386757 39.60773664712906 501.8143015652895 1.195189215242863 23.32584949582815 12.5893609970808 0.2334515303373337 1.592503227293491 7.97669593244791 1.970699243247509 0 1.738490559160709 0 0.8525582104921341 0.2405700385570526 8.436544075608253 2.294644132256508 0.4975126832723618 57.91440472006798 6.38930743932724 0 1.427343875169754 160.8235609233379 6.919820204377174 0 6.335695877671242 3.945933073759079 8.316200003027916 5.626591131091118 1.241192162036896 3.142545431852341 2.516918674111366 25.43478398025036 3.601190790534019 31.04127943515778 38.90772199630737 44.19014845788479 23.46408285200596 0.7481605559587479 0 0 0.2638276219367981 0 0 0 0 0 0 0 0 0 0 0 0 0 0 0 10.58223804831505 0.5205886363983154 0 0 0.2495936751365662 17.78420323133469 0 10.17701853811741 3.161994889378548 0 0.440780371427536 0 0 0 0 0 0 1.552764490246773 8.555172249674797 0 0.2541609108448029 0 0 0 0 0.2375834733247757 0 0 3.019478127360344 0.7291721105575562 0 0 5.865109220147133 0.4283398389816284 0.5562191754579544 0.1003206744790077 0 0 0.1866152584552765 0.3803911805152893 0 0 37.61828285455704 1.685055643320084 0 0.2161665409803391 0 2.792162328958511 0 2.341142117977142 1.78427429497242 3.589747026562691 3.541645884513855 1.338577389717102 0.2682625949382782 0 0 0.1625539213418961 0 0 0 0 0.4663984328508377 4.098006039857864 7.583364948630333 12.20737935602665 89.90006573498249 12.9796372577548 154.2197932004929 38.25711429864168 200.6963558271527 35.58782224357128 3.079897917807102 26.1351448521018 7.25565904378891 0.7411296516656876 9.685826852917671 3.990331187844276 6.817870169878006 1.543639421463013 0 2.499423235654831 1.083449840545654 0.373219758272171
49.32463856041431 124.6082272678614 8.554521165788174 209.6064314544201 56.32460221648216 117.017141520977 126.7549583986402 4.011585831642151 12.21045134961605 1611.542778030038 15.29616476595402 0 1540.669878952205 78.36239433288574 30.43847915530205 35.16634421795607 3.739510878920555 0.133370578289032 0 0.1219018250703812 0.7574379444122314 0 0 0 2.806108757853508 1.70792093873024 0.6159052550792694 0 1.862222328782082 0 8.818508580327034 5.61924535036087 24.44824868440628 0 0.2253878265619278 0.7247495800256729 5.755848005414009 2.927733466029167 0.8199270069599152 3.308613806962967 3.507750436663628 6.378936365246773 0 5.713316366076469 0 0 29.98933208733797 0.7531989812850952 0.8194445967674255 0.3420623689889908 1.03464438021183 0.299543708562851 0 0.1705595552921295 2.529698133468628 1.207915157079697 3.02163477987051 15.46991719305515 2.776584543287754 3.333729170262814 0 4.593695655465126 0.1519189029932022 8.254458159208298 0.851252906024456 1.050746187567711 0.8438422828912735 0 2.329303562641144 7.280988097190857 63.29405285418034 49.59312401711941 0 11.52127666771412 7.896103672683239 12.06998506933451 9.132080681622028 19.08290737867355 0.2325213551521301 25.74711786210537 0.5943543165922165 7.77983246743679 0.5872112810611725 0 0.6705158576369286 1.552140198647976 0.9842090681195259 0 0.1415844559669495 0 0.2850826978683472 0.2355333566665649 11.43262520432472 4.196942955255508 0.8422125801444054 2378.462934985757 14.87736959755421 0 4.099017679691315 48.48204405605793 12.08687254041433 6.797790244221687 36.16658030450344 22.47774694859982 19.3115445971489 35.65360958874226 75.92319184541702 14.53300951421261 40.25019207596779 147.7208334207535 13.85458220541477 218.1270978599787 332.8450979590416 370.9705051779747 53.50522096455097 2.809143334627151 2.338524714112282 0.1951038092374802 0.5195585936307907 0 0 0 0 0 0 0.2889752089977264 0 0 0 0 0.2943480610847473 0 0 0 40.35763540118933 2.098659068346024 0 0 0 32.75947454571724 0.620030403137207 11.29720114171505 2.372438594698906 0.3138507604598999 0 0 0 0.4271163791418076 0.2281338274478912 0 0 10.91465966403484 18.8229043930769 0.1089248359203339 0.592688262462616 0.3579489588737488 0 0.5649890303611755 0 3.014417916536331 0.1816511899232864 2.330609261989594 7.0343307107687 0 0 0 10.21928849816322 2.534476593136787 2.416265495121479 1.616807781159878 0.5174128040671349 0.1019521951675415 0 0 0 0 129.7649482190609 14.95076833665371 0.2894151508808136 0.1777726262807846 0 2.346326440572739 0 1.63835646212101 9.060123093426228 8.893275827169418 9.74441135674715 1.929997831583023 5.557762160897255 0.325308620929718 0 0 0 0 0 0 0 74.19289280474186 30.8388647288084 14.80503503978252 117.2489597350359 8.637873567640781 73.00789570808411 27.99560406804085 190.6247738003731 19.23674227297306 1.148585110902786 38.39042696356773 9.404954418540001 2.256190329790115 17.44775377959013 1.601781755685806 16.00632181763649 7.552328452467918 0.5665975213050842 7.630060702562332 1.160015165805817 0.6366192698478699
349.8294620364904 1664.802398316562 226.211712218821 1482.58745354414 621.477900147438 227.0478783920407 5162.764668151736 230.3602174520493 401.4914803430438 4320.404105231166 1190.142496950924 1540.669878952205 0 5888.23503164202 329.1174390017986 317.2147625386715 48.4192157164216 1.138449415564537 0 1.615541249513626 26.43872907012701 0 0.5111382603645325 1.77171528339386 24.98098488897085 13.33917140960693 6.881008893251419 10.28149604797363 7.631764888763428 1.874468982219696 467.1362659484148 85.98076379299164 1467.012386441231 0.3034823834896088 5.442380107939243 19.8816986232996 343.6886079087853 44.88829862326384 21.67905254662037 53.96668031811714 29.96766387671232 49.55546237528324 3.704543374478817 64.3216020539403 0.4557088911533356 4.244364306330681 404.6484782397747 11.88182087987661 3.571050204336643 4.70555666834116 11.26495563238859 2.704037323594093 0.9160898923873901 3.891286611557007 40.00896046310663 12.16118723899126 46.6639562100172 290.9955405443907 45.74488309025764 80.46477197855711 5.287582606077194 138.3626437485218 1.377259567379951 90.03530094772577 14.37556602060795 11.04936194419861 15.13452377915382 8.801874831318855 27.41376539319754 62.1420242190361 525.629039414227 259.8361397832632 0 210.3628483712673 110.851574882865 180.372497446835 104.6348301172256 251.344471745193 12.01860709488392 1064.392763353884 6.674567386507988 163.5072239562869 37.65011051297188 0.5483106225728989 5.01217844337225 23.48922861367464 9.484202951192856 0.475437305867672 6.754046469926834 0.8060484975576401 3.774026639759541 3.052134193480015 120.4292707517743 48.72976572811604 5.596189334988594 5238.563926130533 53.41772623360157 0.7165579199790955 17.8072619214654 144.0543216913939 41.77187965810299 21.96158540248871 103.2174712121487 56.17103050649166 71.0113525390625 75.9792055785656 158.3049315959215 37.719203338027 95.51566807925701 409.0684477686882 41.25449120998383 678.2782859951258 892.987615019083 998.5673191398382 197.9548596888781 9.174171946942806 20.5656528249383 0.8360604792833328 1.298272132873535 0 0 0 0 0 0.3851483166217804 0 0 0 0.2370235621929169 0 0.9495745748281479 0 1.620820730924606 0 130.4421026706696 4.659346550703049 0 0 0 159.7005431801081 0.5677006542682648 69.89542680233717 18.5617687702179 1.408988416194916 0.1990231573581696 0 0 1.05913782119751 0.5664080828428268 0 0 30.29673675447702 67.51198028028011 0.7747727632522583 1.822608843445778 0 0 2.006002694368362 0.336930051445961 7.714562073349953 0.6375607028603554 8.262465171515942 22.62030408531427 0 0.3056535124778748 0 49.30466763675213 9.010767325758934 6.755091927945614 5.931908026337624 0.3502859622240067 0.3982134908437729 0.2605040669441223 0.2328333705663681 0.6966710984706879 1.000696286559105 494.6594872549176 44.96449087560177 1.118464410305023 0.595192551612854 1.477173715829849 19.42548517882824 0.2725051641464233 11.89637011289597 34.29986371845007 31.27176752686501 45.89322124421597 10.65290623903275 24.08473092317581 1.758255310356617 0.6105996966362 0.2897769212722778 0 0.938868947327137 0.2375502437353134 0 0 184.9141972959042 91.38409781455994 84.76148295402527 950.1683625131845 124.9189422950149 863.6365300267935 300.261743798852 627.0961081460118 214.1519006490707 11.82357188314199 327.4110477790236 58.99969636648893 9.381867900490761 67.51464269310236 14.24587873369455 64.38013749569654 19.99748301506042 3.682448416948318 37.94346618652344 6.231568850576878 1.978651374578476
