0 5173.974824488163 1361.755597725511 1619.745066106319 1200.567171357572 106.2614585310221 591.4078283980489 133.1601060852408 884.2674373835325 655.9422293007374 1033.992035485804 79.22232483327389 257.3425382897258 185.0284783616662 6.299800269305706 2.605281837284565 0.2426559999585152 0 0.08448497205972672 0 0.1054962649941444 0 0 0 0 0.5631503015756607 0 0.2839396297931671 0.1116905137896538 0 433.2702935785055 1.248350858688354 29.44227285683155 0 0 0 4.919085890054703 0 0.2078692987561226 0 0.3197130411863327 0.3160504549741745 0.1031760647892952 0.3387150168418884 0.07858913391828537 0 25.22934228926897 2.808657206594944 0.2090899795293808 0.2868414670228958 0.2436748445034027 0 0.1083443313837051 0.3609676584601402 3.167939402163029 1.669052287936211 333.2840983271599 575.0855833664536 114.3138659447432 7.751510716974735 0.3703702911734581 3.967571787536144 0.1810518950223923 1.797560103237629 1.732467964291573 1.363535955548286 0.4939055293798447 0.9169500842690468 0.4747898429632187 1.063053287565708 18.57904820144176 0.9373398423194885 0 253.457045391202 17.50781464576721 12.23979893326759 1.967259503901005 1.370765544474125 0.2977450639009476 110.524670727551 0.6557620391249657 3.045792505145073 10.9205434769392 0.1119373738765717 2.804974272847176 1.221182383596897 1.918711982667446 0 0.1656579226255417 0 0.1283396184444427 0 1.090978339314461 0 0 157.3789687752724 1.528166353702545 0 0 1470.712677046657 0.3071505129337311 0.8449762910604477 1.120721012353897 0.7199845314025879 0.760403111577034 2.849492743611336 0.6669977903366089 1.644299507141113 9.782444909214973 4.752341032028198 0.7485354766249657 6.06033743172884 5.41354351490736 5.475036360323429 1.522728905081749 0.828663632273674 0.1022951304912567 0 0 0 0 0 0 0 0 0 0 0 0 0 0 0 0 0 0.9627335071563721 0.1760103106498718 0 0 0 1.537533275783062 0.1483042240142822 0.7130561545491219 0 0.1471260786056519 0 0 0 0 0 0 0 0.8774999380111694 0.3490346074104309 0 0 0.130011722445488 0 0 0 0.4996034502983093 0 0 0.1352996528148651 0 0 0 2.268700182437897 0 0 0 0 0 0 0 0 0 7.380165353417397 1.175545156002045 0.321129322052002 0 0.2138953730463982 0 0 0 0.1603018790483475 0.6960207521915436 1.443098038434982 0.5745464563369751 0 0 0 0 0 0 0 0 0 6.470070406794548 0.9211629778146744 1.724072568118572 156.2575544789433 11.39474973082542 84.35420763492584 14.6203423589468 778.6251410469413 6.037124216556549 2.117917478084564 10.53850139677525 3.088559418916702 0 0.8124187216162682 0 6.599635541439056 0.3488525152206421 0 0.09110589325428009 1.564477525651455 0.576861709356308
5173.974824488163 0 1585.981710359454 1295.885432086885 5346.20197327435 132.1425946503878 3050.740737468004 175.0398972928524 4029.139219783247 608.9534220397472 1157.772466294467 39.66308318078518 569.2111132442951 352.8841847628355 38.93815448880196 3.033509366214275 0.2705893069505692 0.6679160967469215 0.2754460945725441 0.5346797257661819 1.265963651239872 0.3458808586001396 0 0.1160132884979248 0 3.289529547095299 0 0.7545170858502388 3.548508398234844 0 1570.859270267189 11.27717027068138 37.14609317481518 0.1980960890650749 0 0 7.646890908479691 0 0.6435230821371078 0.5969484746456146 0.7615545466542244 0.7363251745700836 0.3991731405258179 1.675198473036289 0.436160571873188 0.2668623477220535 189.0163202434778 13.72745705395937 0.2896199300885201 0.6215344220399857 1.216381557285786 1.349851213395596 0.608233630657196 1.252014473080635 14.32978747785091 5.488965287804604 270.3965483307838 939.0595904141665 204.1491745561361 39.71514860540628 0.4320253506302834 3.887162290513515 0 36.77827004343271 9.231360413134098 6.297294497489929 3.035362876951694 3.722566768527031 2.675575703382492 3.516794942319393 20.7067551985383 0.8691276907920837 0 771.7460050657392 185.2561160624027 153.1011057496071 19.68939664959908 2.365737393498421 1.524668529629707 102.9414525330067 0.1979211419820786 8.614530600607395 42.51350551843643 0.8800444900989532 14.81984765827656 8.877863362431526 9.923682272434235 0.2652674466371536 2.573129877448082 0 0.08209504187107086 0.2697592377662659 1.427588745951653 0.3815465122461319 0.7511177584528923 39.04953940957785 1.206940375268459 0 1.559479355812073 1092.342135757208 0 0 0.3943582624197006 0 0 1.682921066880226 0 0.3002976477146149 29.21780624985695 4.451732397079468 1.339366897940636 6.074351191520691 5.215218506753445 3.061432555317879 1.344714462757111 0.1013808622956276 0.1963201612234116 0 0.1052526459097862 0 0 0 0 0 0 0 0 0 0 0 0 0 0.3276609778404236 0 0.5553301498293877 1.552022255957127 0 0 0 5.750608056783676 1.694077245891094 1.331430591642857 0.3050000369548798 0.2030495405197144 0 0.09537304937839508 0 0 0 0 0 0.8691100031137466 0.5397613495588303 0.3342814445495605 0 0.1049907729029655 0 0.2223671823740005 0.1479769647121429 0 0 0.2359071895480156 0.1864489614963531 0 0 0 1.868937224149704 0 0 0 0 0 0 0 0.102484367787838 0.2816580757498741 12.1682290583849 0 0 0 0 0.2911931872367859 0 0.1486515998840332 0.6375625431537628 0.3516660332679749 0.7578620314598083 0.1831669062376022 0 0.4896750748157501 0 0 0 0 0 0 0 6.509297467768192 2.763508297502995 2.586048640310764 396.7366900071502 49.74000234156847 655.7943370938301 72.84626273810863 581.6991973891854 30.91613951325417 11.66529156267643 58.82564169168472 5.495370090007782 0.09757246822118759 1.488878130912781 0.09845392405986786 3.646793782711029 0 0.1153594255447388 0 13.39381523430347 1.883412286639214
1361.755597725511 1585.981710359454 0 14.59028361737728 617.3428168073297 0.8530189692974091 129.7793427482247 2676.087378650904 753.8790549263358 8.690715797245502 3001.459602564573 18.38233658671379 252.9465854987502 420.2106721028686 31.1222385764122 13.54890199005604 6.358079962432384 10.90436125546694 4.046393185853958 100.7820733040571 163.3876049518585 0.5135404989123344 6.033187955617905 1.976277485489845 0.08663370460271835 10.54592634737492 0.5319570451974869 1.253002382814884 2.28781670331955 0 6426.226731799543 508.692475438118 121.8316192403436 9.594806663691998 13.2885153144598 1.714153319597244 82.49354122579098 4.425601653754711 5.73210808634758 0.9414780959486961 58.77293687313795 6.380372978746891 88.91884211450815 21.48643240332603 22.93304717540741 73.16214026510715 89.94545385241508 6.441295489668846 11.368239402771 37.77361114323139 0.8629505634307861 0.9143154919147491 0.2277628555893898 2.279760167002678 4.294143103063107 2.132714308798313 203.3388998880982 2158.286144539714 106.3764525651932 17.84725520014763 130.7801618054509 69.30389181524515 4.609484598040581 848.1499648094177 5.049375034868717 3.705866433680058 0.7619793936610222 3.684332117438316 106.0660794973373 552.2157681137323 76.00243832916021 7.133357927203178 0 421.980117470026 201.9840288758278 62.75856354832649 35.48639161884785 70.41270902752876 924.2987587526441 2298.502728424966 110.0558832362294 1049.083798535168 16.9592047482729 0.08714595437049866 6.707819446921349 3.856783285737038 13.61202123016119 0 0.5800005123019218 0 0.08184625208377838 0.2172521129250526 75.37104772031307 7.212043009698391 1.600063733756542 27.35162734240294 10.04113407433033 0 11.62540930509567 583.0230946019292 0 0 0.1221711710095406 0 0.4356494247913361 1.262783721089363 0 0.2509993985295296 0.6252655237913132 3.202259764075279 1.286940515041351 3.329133883118629 3.404247552156448 1.456903733313084 1.534781038761139 0.8364175409078598 0.5762635767459869 0 1.765172556042671 0 0 0 0 0 0 0.341914139688015 0 0.4792149215936661 0 0 0.4257994443178177 0.2862257659435272 0 0 0.1252096444368362 0 0 0.3289675116539001 0 5.444659508764744 3.194578431546688 5.861613668501377 1.968525387346745 0.9534773528575897 0 0 0.2619839981198311 0 0.4074377343058586 0.7890833988785744 0 0.2746322154998779 0.9157630503177643 0.1230603083968163 0 0.09671805053949356 0.3922939971089363 0.1223979368805885 0 0 0 0 0.6331615149974823 0 0.5947083979845047 0 2.771055467426777 0 0 0 0.0875602588057518 0 0.1420658975839615 0 0 0 16.15280395746231 1.800173334777355 0 0 0.8184197992086411 0.8251445889472961 0 0 0.08616352081298828 0.6445424854755402 1.031488209962845 0 0.1151585876941681 0 0 0.08660101145505905 0 0 0 0.1186841577291489 0.09667784720659256 7.064810700714588 6.855299465358257 8.9569206610322 104.4769752025604 19.07098451256752 216.6528658643365 33.55174734443426 30.65818746387959 8.979686178267002 5.507500395178795 18.02041966468096 4.4740274772048 0.1177272498607635 5.553653292357922 0.220189206302166 2.265197843313217 0 0 1.258870497345924 6.20600600540638 0.8127548396587372
1619.745066106319 1295.885432086885 14.59028361737728 0 180.1590368300676 554.3606868684292 2206.560724906623 0.2058210745453835 82.98163308948278 2471.609882235527 8.2250756919384 1152.984974905849 1730.085067689419 41.36522410064936 5.361602157354355 0.979340173304081 0.1032711118459702 0.1834140792489052 0.3326142653822899 0 0.08547753840684891 0 0 0 0 0 0 0.08825851231813431 0.6852097436785698 0 21.05417362600565 0.2967830300331116 3.103098355233669 0 0 0 0.7847191318869591 0.100907176733017 0.1288581341505051 0 0 0.2367872223258018 0.08390996605157852 0 0 0.08451211452484131 55.76428880542517 4.225669391453266 0.09182924032211304 0.08809822052717209 0.3679797202348709 0.3349391520023346 0.3843087330460548 0 4.13068662583828 3.049492955207825 115.8141875341535 180.6249958574772 71.41851267963648 11.35855763405561 0 0.221233956515789 0 4.287636697292328 3.249218657612801 2.287750355899334 1.116531051695347 0.3914731368422508 1.335473544895649 0 4.371899388730526 0.09984911233186722 0 272.4779465124011 35.98733058571815 33.01648585498333 1.883432388305664 0.5849499553442001 0 3.273371562361717 0 0.6121341437101364 14.85286018997431 0.3302823379635811 5.486416816711426 3.240976810455322 1.859845735132694 0.09419625997543335 0.6721617132425308 0 0 0.1227699816226959 0.1016387715935707 0 0.1721363067626953 54.67127633839846 0.1210232600569725 0 0.2750701308250427 459.6930278539658 0 0.7321474552154541 0.7708734273910522 0 1.095483765006065 2.168217971920967 0.7095115333795547 0 27.4495547413826 3.821678102016449 1.880884572863579 9.014606282114983 5.75679449737072 4.253473833203316 2.351707980036736 0 0.3699465095996857 0 0 0 0 0 0 0 0 0 0 0 0 0 0 0 0 0 0.3428168892860413 0.3869687914848328 0 0 0 0.677904486656189 0.4598646610975266 0.4745818749070168 0 0 0 0 0 0 0 0 0 0 0.6491840183734894 0 0.3623848259449005 0 0 0 0 0 0 0.3270829617977142 0.2175820767879486 0 0 0 1.209087863564491 0.1841229796409607 0 0 0 0 0 0 0 0 6.15478378534317 0 0 0 0 0.2074176520109177 0 0.2506844401359558 0.7515495866537094 0 0.8862724006175995 0.2562203705310822 0 0 0 0 0 0.1759881600737572 0 0 0 5.411354973912239 0.8081572651863098 0.8344258442521095 187.5151867568493 11.83728820830584 219.7267202958465 22.86130151897669 1103.785606250167 9.268125236034393 3.858183845877647 20.21228292584419 2.155384823679924 0.1359697133302689 0.7763764709234238 0.1496048420667648 2.955693870782852 0 0 0.8186589628458023 2.404998674988747 0.3963531255722046
1200.567171357572 5346.20197327435 617.3428168073297 180.1590368300676 0 7.481226578354836 833.2847095057368 78.76579145342112 2973.398411624134 222.0478858053684 629.8735266625881 19.04952316731215 528.9111320599914 402.1473710685968 21.53434070944786 3.964394576847553 0.1281385868787766 0.2183221280574799 0.09905670583248138 0.5036431103944778 0.3424312397837639 0 0 0 0.2289870381355286 1.743430115282536 0.3456425368785858 0.4171637818217278 2.905700445175171 0 357.2488927170634 11.62564285099506 18.14426308870316 0.08382284641265869 0 0 5.072579078376293 0.1643812656402588 0.330894909799099 0.1490090638399124 0.1172170862555504 1.827841870486736 0.3762576580047607 0.7678077295422554 0.2836701944470406 0.2497259527444839 85.73718929290771 2.8389727845788 0 0.2048103809356689 0.4983378723263741 0.4477073699235916 0.3197186440229416 0.8721224442124367 4.081860728561878 1.596327275037766 31.98657803237438 155.9828910380602 38.67224352061749 18.41790510714054 0.09768177568912506 4.193861871957779 0 18.18520810455084 2.812476076185703 2.702100738883018 0.7440971657633781 2.498056918382645 2.398190215229988 3.094081200659275 12.36612792313099 0.5110096335411072 0 177.8872481882572 60.19793524593115 73.12538382411003 13.40072908997536 1.828900299966335 0.5236396342515945 47.73059133440256 0.2887095883488655 6.082246363162994 12.77477818727493 0.1005530804395676 5.989323161542416 1.430585965514183 3.748107455670834 0.2039645612239838 0.2030937895178795 0 0.09798581898212433 0.6118362545967102 0.2478712275624275 0 0.6562117040157318 13.9086416810751 0.8239068910479546 0 0.376275472342968 81.74489135295153 0 0 0.192583754658699 0 0.5134356617927551 1.343822628259659 0.2405911237001419 0 0.1462752819061279 1.576665043830872 0.1330508887767792 2.807985790073872 3.325997151434422 2.537317186594009 0.9163774624466896 0.2833273485302925 0.1793239414691925 0 0 0 0 0 0 0 0 0 0 0 0 0.1475313305854797 0 0 0 0 0 0.3889682441949844 0 0 0 2.065260916948318 1.293629750609398 0.9379796236753464 0.1394626349210739 0.1380782574415207 0 0 0 0 0 0 0 0 0.5823965072631836 0 0 0.1128491163253784 0 0 0 0 0 0 0 0 0 0.7250182926654816 1.451746173202991 0.3302064165472984 0.1561189442873001 0.08958620578050613 0 0 0 0 0 0 8.412366211414337 0 0 0 0 0 0.1977144181728363 0.7101642191410065 0.4468163847923279 0 0.7906923219561577 0 0 0 0 0 0 0 0 0 0 4.741442739963531 2.027844123542309 1.592225410044193 209.9549325406551 25.25554245710373 243.9189452826977 34.75599059462547 100.6013573780656 15.62515667080879 2.690958060324192 28.97052802890539 0.7822699099779129 0 0.8751247674226761 0.4567207992076874 0.8991364687681198 0 0 0.6783032566308975 6.590933509171009 1.037536486983299
106.2614585310221 132.1425946503878 0.8530189692974091 554.3606868684292 7.481226578354836 0 119.712570540607 0.5221000164747238 9.826551184058189 409.55277171731 2.477758049964905 125.601158156991 115.3068366646767 15.24596735835075 0.3547976464033127 0.1728175282478333 0 0 0 0 0 0 0 0 0 0 0 0 0.09637958556413651 0 0.6088525950908661 0 8.230524882674217 0 0 0 2.958023875951767 0 0 0 0 0 0 0 0 0 1.004298999905586 0 0 0 0 0 0 0 0 0 28.34715983271599 7.956230193376541 2.321455717086792 0.34890016913414 0.1669302880764008 2.072708234190941 0 0.4120685458183289 0.1188952624797821 0.1424293220043182 0 0 0 0 81.99405507743359 61.01069140434265 1.389064222574234 4.687245689332485 0.5984888523817062 0.6794676259160042 0.1288308799266815 0 0 6.34836046397686 2.204507663846016 5.67023578286171 0.08636448532342911 0.1930897384881973 0.1592183858156204 0 0 0 0 0.1846797168254852 0 0 0 0 0 450.6548463106155 25.53713351488113 2.402202129364014 5.131123021245003 228.8588820695877 0 0 0 0 0.4181470423936844 1.092845156788826 0.2423581779003143 0.6058860123157501 1.068842738866806 3.343860357999802 0 5.958715125918388 3.00054033100605 1.471286654472351 1.165138989686966 0 0.1641768664121628 0 0 0 0 0 0 0 0 0 0 0.1996042430400848 0 0 0 0 0 0 0 1.228109300136566 0 0 0 1.169761523604393 0.4579480290412903 0.7893823236227036 0.2762182056903839 0 0 0 0 0 0 0 0 0.5099674314260483 0.3608265966176987 0 0 0 0 0 0 0 0 0 0 0 0 0 1.684175461530685 0 0 0 0.1610342413187027 0 0 0 0 0 3.363341137766838 5.335355520248413 0 0 0 0 0 0 0.3794315382838249 0.7327939420938492 0 0.1881732642650604 0 0 0 0 0 0 0 0 0 3.987762123346329 1.340631440281868 2.527227818965912 103.0040953680873 1.358371615409851 4.413792066276073 0.8950185477733612 176.0811515152454 0.3239264935255051 0.5157856047153473 1.679385215044022 2.167304560542107 0 0.7832648158073425 0 1.99081963300705 0 0 0 0 0
591.4078283980489 3050.740737468004 129.7793427482247 2206.560724906623 833.2847095057368 119.712570540607 0 24.05626054108143 1785.289628781378 3943.74441614002 218.2185591682792 91.42751280218363 3364.047842003405 182.4842865467072 73.16620793193579 12.28224115818739 1.231490164995193 0.7952668517827988 0.2516612932085991 1.189879886806011 2.265869572758675 1.433335207402706 0 0.154975950717926 0.2038857713341713 3.57585746794939 0.09363674372434616 2.407222405076027 9.456933327019215 0.5875762850046158 96.83817148953676 9.01699610799551 11.25136324763298 0.3011080026626587 0 0.144032895565033 6.40485068410635 0.2838303223252296 0.8874999135732651 0.1347439885139465 1.796247392892838 2.077302128076553 0.4093634486198425 0.7097679525613785 0.5541705638170242 0.1887257322669029 238.7657018601894 11.0207806006074 0.3307486474514008 0.9266069903969765 0.6511422470211983 0.6705459132790565 1.889763474464417 4.287666387856007 8.578839607536793 5.286267474293709 74.11024852097034 210.5574202239513 85.96043064445257 47.0168073028326 1.40350603312254 2.353854589164257 0 33.64982251822948 7.307704329490662 6.461713500320911 1.689767681062222 4.097807317972183 7.692081026732922 5.187280796468258 47.49875393509865 0.6084977388381958 0 412.0058465152979 118.0435073599219 203.9673436582088 36.29366578906775 7.519776158034801 1.395892761647701 59.61820294708014 0.5703777521848679 11.67326434701681 30.51916863024235 0.09406241774559021 12.1078038662672 5.992478124797344 7.681337840855122 0.2113605067133904 1.749581664800644 0.232327863574028 0.1091136336326599 0.5246999561786652 1.625751525163651 0.6853548809885979 1.691406898200512 261.833277978003 4.068082198500633 0 3.001508772373199 111.9328734204173 1.252364605665207 0.3537128269672394 5.41555055975914 1.559360817074776 6.751560874283314 19.02267146110535 5.133297204971313 4.723607957363129 33.89258827269077 33.06325799971819 8.398274101316929 54.93289276212454 57.52420704066753 31.24675814807415 18.6858853250742 1.893489442765713 1.894794575870037 0 0.3217286169528961 0 0 0 0 0 0 0.4750146865844727 0 0.1559699475765228 0.3032620251178741 0 0 0 0 0 5.410872332751751 7.718419723212719 0 0 0.3166695833206177 17.77280011028051 7.098775707185268 7.694496780633926 1.431785330176353 0.556606188416481 0 0 0 0.1284985542297363 0 0 0 4.073050767183304 7.689803145825863 0.1751031875610352 0 0 0.114135280251503 0.5706744194030762 0 0.3667190372943878 0 0.5311775654554367 4.016066938638687 0 0 0.4451967179775238 12.57575878500938 1.20179907977581 0 0 0.1067496314644814 0 0 0.3970285356044769 0 0.1180080100893974 80.35430413484573 1.435273483395576 0 0.1959067434072495 0 2.039676867425442 0.2938739657402039 0.9048658907413483 5.327475972473621 5.988023959100246 8.895986877381802 1.187715038657188 0.4548723995685577 0.1951780170202255 0 0 0 0 0 0 0 60.13776540011168 8.809834696352482 9.840022809803486 818.2621850669384 80.05108948796988 715.062218926847 109.59565038234 552.9946419149637 50.52860209345818 8.738038316369057 110.3993418067694 13.40429976582527 1.295847661793232 13.21579433977604 1.286218956112862 29.43262154608965 1.191228613257408 0.3056007921695709 4.286264397203922 29.0447802990675 2.631018832325935
133.1601060852408 175.0398972928524 2676.087378650904 0.2058210745453835 78.76579145342112 0.5221000164747238 24.05626054108143 0 497.1360074207187 1.10936076939106 3938.183200731874 5.901251539587975 82.88946487754583 206.7133932635188 35.22832321375608 14.87808687239885 1.760102786123753 0.8442105501890182 1.196154043078423 2.399300336837769 11.97329819202423 0 0.6851721107959747 0.6298806667327881 0 3.452473610639572 0 0.1024326309561729 1.743685901165009 0 553.2775564193726 2391.01257674396 53.24596235901117 0 0.2334164381027222 0.2599259614944458 21.82955133169889 0.6146085634827614 1.166550911962986 0 8.290975637733936 0.6222143694758415 1.941552713513374 6.480875976383686 0.6885238438844681 3.418626718223095 87.67567574232817 4.221765011548996 0.4583093747496605 0.6647214367985725 0.2210690677165985 0 0.164613276720047 0.4851317331194878 2.392707407474518 1.440436892211437 35.13264078646898 268.6047212481499 31.85242199897766 13.82628013938665 29.19751031696796 19.49666098505259 0.9810322970151901 169.0370976552367 1.324165500700474 0.9575837105512619 0.6008867397904396 1.377259217202663 7.054602243006229 44.89599534869194 20.71327199041843 0.8762311786413193 0 164.01953638345 116.7117164060473 89.53776519745588 130.8782763406634 500.2885487750173 583.0275034829974 1673.195324927568 101.5747501850128 350.8115368634462 8.0950847864151 0.1944839358329773 3.283687613904476 1.335282988846302 5.317363515496254 0.1751625090837479 0.4219996929168701 0 0 0.2694375216960907 8.165323607623577 1.591564707458019 0.08506306260824203 12.0801995024085 1.236204579472542 0 2.424336187541485 58.20368390530348 0.09999456256628036 0 0.1196548044681549 0 0.3322375863790512 0.4631144404411316 0 0 0.1131526157259941 0 0.909918375313282 1.826032795011997 1.160760626196861 1.480255223810673 0.4729500934481621 0.2530843913555145 0 0 0 0 0 0 0 0 0 0 0 0 0 0 0 0 0 0 0 0.1756449639797211 0 0 0 0.5495489984750748 0.5355532243847847 0.6616448238492012 0.3669387996196747 0.8433944284915924 0 0.1251428872346878 0 0 0.3020545840263367 0 0 0.5096128135919571 0.2963419854640961 0 0 0 0 0 0 0 0.07732563465833664 0 0 0 0 0 1.126347705721855 0 0 0 0 0.09442804753780365 0 0.1266134232282639 0 0.08293831348419189 3.269373372197151 1.061912968754768 0 0 0.2233205437660217 0.1219285801053047 0 0.1329895704984665 0.5977733731269836 0.5497215390205383 0.6361005082726479 0.290815956890583 0 0.2158936709165573 0 0 0 0.08513088524341583 0 0 0 2.105456791818142 2.361319802701473 1.233861871063709 203.2114807292819 12.97234839200974 239.1156942471862 34.97365595400333 29.00297214835882 14.38290386646986 1.94298155605793 30.36302843689919 1.777010731399059 0.09309188276529312 0.7932627499103546 0 0.5869116485118866 0 0 0.2350261658430099 7.629483170807362 0.3981186151504517
884.2674373835325 4029.139219783247 753.8790549263358 82.98163308948278 2973.398411624134 9.826551184058189 1785.289628781378 497.1360074207187 0 452.8330046758056 6068.935421854258 63.09793757647276 2128.159173049033 2263.993832536042 80.48945701122284 24.69553061574697 1.438525296747684 0.3304056599736214 0.610893078148365 1.463804915547371 2.041676133871078 0.8200039863586426 0 0.3521143943071365 0.3118210956454277 2.476013012230396 0.09556500613689423 1.593363128602505 5.511217825114727 0.7538645192980766 220.6537859290838 21.07737942785025 477.834452599287 0.1197293549776077 0.1343072801828384 0 54.6754681840539 0.2522350251674652 0.6998337283730507 0.3538724184036255 1.735672160983086 1.489695139229298 1.292027808725834 2.317339435219765 0.7007576674222946 0.4346905797719955 205.1649407371879 9.220438875257969 0.4539652764797211 0.8956437036395073 0.8312747478485107 1.054080411791801 0.661937803030014 1.026397556066513 7.524657510221004 2.801711425185204 48.84806556254625 231.2782763764262 67.64097417891026 35.24830389022827 4.357431054115295 38.75055072456598 0.1132098063826561 48.2089267000556 5.132900327444077 5.180821560323238 2.075608916580677 4.539049841463566 5.349975384771824 9.157827138900757 135.6387122496963 0.7642037868499756 0.1039938032627106 317.0176758021116 109.9658777713776 173.5642904937267 40.52710286527872 12.35204333811998 3.161202512681484 406.8897308111191 1.446797788143158 25.08937019854784 19.85900332033634 0.2698543146252632 10.24821402877569 3.67429980635643 5.832237534224987 0 1.490249752998352 0.1878251880407333 0.08885350078344345 0.5485397949814796 2.702838659286499 1.347454942762852 0.7956779450178146 176.0671654194593 2.466356612741947 0 2.451123505830765 83.40198542922735 0.5697540417313576 1.399594724178314 3.175545707345009 0 4.443000368773937 13.02001538127661 2.25270289927721 1.528120599687099 7.123436756432056 17.24459957331419 4.404349833726883 31.69322471320629 34.86862798780203 16.01648379862309 11.12641280889511 2.591792359948158 1.724962405860424 0 0.4095954224467278 0 0 0.1898020505905151 0 0 0 0 0 0.1260677427053452 0 0.1223055794835091 0 0 0 0 2.394305266439915 2.546520508825779 0 0.9815150052309036 0 9.532143794000149 3.303496710956097 4.5920400172472 0.7593773081898689 0.3165929690003395 0 0 0 0 0 0.8796977624297142 0 1.839303433895111 4.065877571702003 0 0.1280314922332764 0.1439688056707382 0 0 0.1225046887993813 0.08371621370315552 0 0.092735655605793 1.071270629763603 0.1474070399999619 0 0.275805801153183 8.230018623173237 0.7402702271938324 0.3158540055155754 0.2187243849039078 0 0 0 0 0.1027689725160599 0.3881242945790291 52.25952066481113 0.9187429398298264 0.1338500529527664 0 0.2019565626978874 1.981807999312878 0 1.44687157869339 3.001092679798603 3.673596657812595 5.467004545032978 1.038215473294258 0.8404407203197479 0.1550589054822922 0 0 0 0 0 0 0.1253332495689392 40.15665985643864 9.67850736528635 6.501911260187626 606.1471290290356 63.50081972777843 578.7058616727591 102.3837132453918 164.6375699788332 39.04453592002392 6.301240667700768 84.60448613017797 10.45118520408869 0.8600237965583801 6.443999007344246 0.8231853991746902 10.51646293699741 1.281381845474243 0.169703483581543 0.4299681857228279 23.01300665736198 1.95769490301609
655.9422293007374 608.9534220397472 8.690715797245502 2471.609882235527 222.0478858053684 409.55277171731 3943.74441614002 1.10936076939106 452.8330046758056 0 11.11866220086813 2331.73563683778 4953.95262786001 541.9011761620641 9.202559672296047 1.406595498323441 0 0 0.4313758388161659 0.1642537862062454 0 0 0 0 0.09842119365930557 0.2207635790109634 0 0.134772926568985 0.9808830171823502 0 7.178108602762222 0 48.75638191401958 0 0 0 11.0933021530509 0 0.2964618802070618 0 0 0.4610369503498077 0.1847629100084305 0.3309510797262192 0 0.1029046475887299 36.86565340310335 2.621566317975521 0.1027438342571259 0.1000156551599503 0 0.214331328868866 0 0.3545776903629303 1.244619280099869 0.7177135944366455 38.71696899831295 54.65008095651865 27.45017696171999 5.550324723124504 0 12.17418558895588 0 2.314377203583717 1.255136243999004 0.6623741686344147 0.6274125576019287 0.5973919406533241 0.57468181848526 1.322930313646793 66.81266622245312 4.216039776802063 0 96.78718338161707 16.74062988907099 21.68353023380041 3.810905247926712 0.9535395577549934 0.4283280074596405 43.12288595736027 0 1.248222418129444 5.864156894385815 0 1.635694645345211 1.431993201375008 1.48699476569891 0 0.4152702242136002 0.08476701378822327 0 0.7965661510825157 0.5733590126037598 0.09783218801021576 0.705350324511528 837.7069613188505 3.782979622483253 0 1.738930761814117 322.534054517746 1.39647701382637 3.237851679325104 7.263609513640404 2.729230396449566 10.5173322930932 52.58851271867752 12.06168991327286 10.12933483719826 91.02117356657982 84.34497208893299 13.72654992341995 158.5917736887932 106.1229922696948 74.64546401053667 20.9763519987464 2.622334450483322 3.025107130408287 0 0 0 0 0 0 0 0 0 0 0 0 0 0 0.1603289097547531 0.6012143790721893 0 6.041446715593338 7.55604138225317 0 0 0 19.35036327689886 4.013651490211487 11.84011518955231 0.328078106045723 0.2989657819271088 0 0 0.1346395611763 0 0.4648193567991257 0 0 3.934139519929886 12.83159241080284 0 0 0 0 0.4047676175832748 0.5135845541954041 0.7949867844581604 0 2.828564427793026 3.991157934069633 0 0 0.1079956740140915 18.97187199443579 2.783413767814636 0.2952812016010284 0 0 0.4033234193921089 0 0 0 0.1717479079961777 87.06555730104446 2.396801635622978 0.1689301729202271 0 0 2.730335116386414 0.5022445693612099 1.762881025671959 8.474781237542629 9.171293035149574 11.58622678369284 1.850985258817673 0.6933983787894249 0.25379678606987 0 0 0 0 0 0 0 82.43271353840828 7.140465214848518 9.528895176947117 536.0661337971687 13.09781754761934 157.7584023103118 27.92675588279963 862.6348285898566 10.90043603628874 0.8435413166880608 22.69338464736938 27.49033670127392 0.4102814793586731 15.78271862119436 2.190824195742607 60.53357253968716 1.662046238780022 0 5.264875128865242 5.030012756586075 1.566395953297615
1033.992035485804 1157.772466294467 3001.459602564573 8.2250756919384 629.8735266625881 2.477758049964905 218.2185591682792 3938.183200731874 6068.935421854258 11.11866220086813 0 59.87955965846777 1283.976409971714 2237.853249333799 68.29555186629295 29.67289790511131 1.319520473480225 0.6209227442741394 0.6852756664156914 1.481866590678692 4.116885080933571 0.3448699414730072 0 0.1770749688148499 0.4723087474703789 4.86759477853775 0.3509213104844093 0.8429696634411812 3.657408513128757 0.2450267225503922 927.2073148265481 232.7768761813641 379.87777415663 0.1073051169514656 0.2856632471084595 0.2218972146511078 72.01192510128021 1.057978957891464 1.385793752968311 0.09668222069740295 6.165776379406452 1.821367740631104 1.138637907803059 3.440234504640102 0.7762696593999863 1.182276181876659 137.3125851899385 8.102387554943562 0.9250645935535431 2.159512013196945 0.4165096282958984 0.1103026792407036 0.5070437788963318 0.975271612405777 4.021253257989883 2.630419626832008 82.95262964814901 528.6093298643827 62.83935662358999 23.73093397170305 7.420574523508549 44.74983997642994 0.7005370855331421 54.05211405456066 3.931990049779415 3.759639829397202 1.687521554529667 2.362024806439877 6.273007608950138 20.16310821473598 111.1897671297193 1.277925387024879 0 297.6102579012513 128.766283787787 111.3512227609754 28.41657499223948 18.28311742097139 85.53511429578066 890.1987617053092 9.782291002571583 106.8061821088195 15.1431769579649 0.2804144620895386 6.491152055561543 3.458455055952072 4.987751871347427 0 1.219892404973507 0.1839435994625092 0.3536712452769279 0.2009108141064644 5.541954711079597 0.3997046500444412 1.101322859525681 62.73828852176666 2.060587555170059 0 1.232648946344852 230.0111559852958 0.1213671341538429 0 0 0.1394268572330475 0.8368948176503181 2.105492919683456 0.1308220773935318 0.9236325994133949 1.272748552262783 3.202350839972496 1.950525246560574 6.216893903911114 10.34528499096632 6.03413687646389 3.856165394186974 0.2713979259133339 0.3926260098814964 0 0 0 0 0 0 0 0 0.5192461013793945 0 0 0 0 0 0 0 0 0.640566423535347 0.9120999202132225 0 0 0 5.970365114510059 1.1118553429842 2.306097611784935 0.4858765080571175 0.1908520832657814 0 0.1001410484313965 0 0.09928888082504272 0.3908644616603851 0 0 0.5820483714342117 0.3874592930078506 0 0 0.1823394298553467 0.09800857305526733 0.2632566392421722 0.131285086274147 0 0 0.1215441823005676 0.6118896305561066 0 0 0 2.672478243708611 0 0.1037401407957077 0.1430573612451553 0 0 0 0 0.1332960426807404 0.5275743678212166 21.13131039589643 0.223820224404335 0 0 0.3229392170906067 0.9694356918334961 0.174078643321991 0.7013477981090546 0.9565636813640594 0.5126053765416145 1.351344741880894 0 0.3614116311073303 0 0 0 0 0 0.1391135007143021 0.1295074373483658 0 12.32226923108101 4.736766383051872 3.58612833917141 269.7773132547736 31.80124147981405 333.3216698765755 60.72735917568207 59.48099810630083 23.49339829385281 3.447356574237347 44.27756113559008 2.726580984890461 0.07731632888317108 2.452710248529911 0.2071095183491707 2.14393375813961 0.4577787965536118 0 0.4846292287111282 15.85370249301195 1.708574146032333
79.22232483327389 39.66308318078518 18.38233658671379 1152.984974905849 19.04952316731215 125.601158156991 91.42751280218363 5.901251539587975 63.09793757647276 2331.73563683778 59.87955965846777 0 2684.909008637071 806.4147734865546 27.30447829514742 17.23525998741388 0.6876835972070694 0 0 0.5273833274841309 1.036484614014626 0 0 0 0 0 0 0 0.3997594118118286 0 5.739571772515774 0 250.3745161741972 0 0 0 86.62273613363504 0.168193131685257 0.120476670563221 0 0.1791635602712631 0.2620523273944855 0 1.462358489632607 0.3886852040886879 0.1097774505615234 51.83525966852903 1.103093504905701 0.2516480386257172 0.1324325501918793 0.0942511260509491 0.4379556477069855 0.1718241721391678 0.1102398112416267 0.7097182944417 0.3061534762382507 7.722989141941071 11.84275651723146 11.12708470225334 3.519947022199631 0.3274036794900894 144.6194093897939 0.2333728820085526 2.521710202097893 0.5749592855572701 0.2834138199687004 0 0.7824745252728462 2.813715353608131 3.129013612866402 295.9665248095989 1.154814705252647 0 38.06432662159204 9.807240970432758 24.07913542538881 8.46179836243391 4.833285823464394 0.1302845478057861 260.1357226893306 1.598251685500145 9.373054705560207 2.082126416265965 0.1414007246494293 0.5244742259383202 0.5090068131685257 0.9769802093505859 0 0 0 0 0.2631070166826248 1.107453636825085 0 0.4329531490802765 1151.405361518264 6.588969863951206 0 1.356455259025097 40.19766969978809 1.259233251214027 0.3984079882502556 6.330510579049587 2.103109240531921 10.8348521143198 37.52493812888861 9.236937612295151 5.424677439033985 14.90453694015741 48.01880556344986 12.35075380653143 84.70651943236589 72.28856591135263 52.369993083179 21.03311169147491 3.076882228255272 1.627953700721264 0 0.7331886887550354 0 0 0 0.2055213749408722 0 0 0 0.1643977165222168 0 0 0 0 0 0 0 6.396765537559986 7.039757862687111 0 0 0 24.62633680552244 6.908420868217945 7.300430804491043 0.5473967641592026 0.4642995670437813 0 0 0 0.225604459643364 0.1807591617107391 0 0 1.895470552146435 9.475420974195004 0 0 0 0.1570967137813568 0.279373824596405 0 0.222413033246994 0 1.148273482918739 3.89226358383894 0 0 0 12.68668798357248 1.297905869781971 0 0.1572572588920593 0 0.1609893441200256 0 0 0 0 104.016823105514 1.118527993559837 0 0 0 2.01394060254097 0.1262668371200562 0.8248792961239815 8.205871261656284 10.09486652165651 9.828316487371922 1.267567090690136 0.5141532719135284 0.2101908475160599 0 0 0 0.3656700402498245 0 0 0 94.76410399377346 16.30108127743006 11.38193536549807 243.1252653151751 15.32312989234924 129.6701127141714 33.45579477399588 216.4496671557426 12.58583494275808 1.293476782739162 32.13991088420153 17.96642435342073 0.5212981104850769 18.96319894492626 1.555790089070797 36.44700312614441 1.561661422252655 0 6.308758974075317 7.200873233377934 1.93062350153923
257.3425382897258 569.2111132442951 252.9465854987502 1730.085067689419 528.9111320599914 115.3068366646767 3364.047842003405 82.88946487754583 2128.159173049033 4953.95262786001 1283.976409971714 2684.909008637071 0 1327.449071243405 192.5492111742496 127.310220785439 25.50565960258245 0.5124351009726524 1.234478950500488 1.200569465756416 4.948178634047508 0.8417892903089523 0.1874178498983383 0.114277757704258 0 13.63957354426384 0.1156095862388611 1.143084302544594 8.432466208934784 0.4287291467189789 65.4959217235446 12.50428859889507 639.4553916826844 0.7415840774774551 0 0.5532875061035156 290.6835162267089 9.173798218369484 35.75361678749323 8.301459699869156 4.551871456205845 2.970778949558735 1.495910666882992 13.37807515263557 2.423531979322433 6.87361116707325 255.8596720546484 5.978664852678776 1.332557804882526 1.88277854770422 1.296958580613136 2.424471646547318 1.893575817346573 3.426922097802162 3.639108516275883 2.271808981895447 31.16698348522186 79.17586591094732 53.57499372214079 26.43584963679314 57.41029838472605 222.1360061839223 0 36.69869054108858 3.116910710930824 4.761842995882034 1.850963301956654 1.983504191040993 7.655345797538757 16.8738025650382 347.4650706797838 93.22248878329992 0.3307411968708038 195.4982254505157 67.02101245522499 165.0798903927207 60.13306730240583 54.71649097651243 8.739701271057129 421.1631541699171 114.8041735440493 367.2611393257976 13.9728492051363 0.1717256903648376 5.644651226699352 2.458247695118189 7.330121904611588 0.840459480881691 0.4582612290978432 0.562316969037056 0.3912999108433723 0.657031312584877 5.563181169331074 1.617263071238995 1.974173948168755 1753.443651422858 122.838688030839 10.02107848227024 301.7783741801977 67.79656264185905 2.825183942914009 3.353877410292625 7.329370222985744 1.982020437717438 18.93186708539724 68.7716092467308 20.88401088863611 19.04979974776506 46.53643480688334 119.0262755975127 29.8092150464654 187.4184389933944 188.0333235636353 103.9979552850127 51.78842685371637 17.04540926218033 9.759995169937611 1.44459905475378 6.181582383811474 0 0 0.2529427409172058 0 0 0.1222668439149857 0 0 1.260334022343159 0.4595636874437332 0.3713060766458511 0.3087222576141357 0.3079850375652313 0.3676527887582779 0 12.24331411719322 16.30044911801815 0.3018159866333008 1.103126361966133 0 59.47999028861523 27.77503199130297 34.56994662433863 6.940551556646824 6.310040183365345 0 0 0.1076620742678642 0 1.571900576353073 4.522298350930214 0 8.790701434016228 25.19752945005894 0.3793333321809769 0.2136543542146683 0.3040269762277603 2.63908027857542 0.3520648926496506 0.4276599362492561 1.693097330629826 0.2416322454810143 2.194782800972462 9.467801511287689 0.1068617850542068 1.548074558377266 1.487840220332146 50.3869334384799 4.049757167696953 0.551016703248024 0.4550145715475082 0.2947122752666473 0.4248966723680496 0.1241190657019615 0 0 0.1036966517567635 297.8118735179305 24.79526422172785 1.092247441411018 0 0.2577803805470467 7.777243763208389 0.2857726961374283 4.760203041136265 16.99954954534769 21.71353005617857 26.68352368474007 3.483064733445644 1.80256512761116 0.6502662897109985 0 0 0 0.1660228818655014 0 0 0 227.4538544490933 82.38048256188631 57.40444238483906 1032.688780136406 111.9679052755237 648.9754628613591 206.8231336250901 381.3008620291948 54.38824366778135 9.441931888461113 144.8380313068628 56.2038197144866 4.270208798348904 46.20402210950851 4.738865680992603 77.53932049125433 4.170198850333691 0.16525699198246 8.609218589961529 50.58655723929405 9.021596528589725
