0 5312.140777036548 715.0629999637604 710.9418536797166 441.2363108471036 455.7007209062576 694.8201301842928 144.1893339082599 74.29045673459768 967.6323337182403 173.0305209755898 327.0707966759801 571.8933037295938 118.69098046422 2.778281591832638 0.2729243785142899 0 0.1272806227207184 0 0.3310960531234741 1.727284543216228 0 0 0 0.3138628304004669 0.3395084962248802 0 0 0 0 432.8230616524816 1.830638833343983 10.33705659210682 0.1256987899541855 0 0 0.8318893015384674 0 0 0 0.1051140576601028 0.4656551703810692 0.441772848367691 0.2790974676609039 0 0.1672021299600601 12.37718094140291 1.175986461341381 0.1243965998291969 0.4973017498850822 0.6118792146444321 0 0 0 2.157736048102379 2.582522474229336 157.8184041455388 553.3763672336936 16.40980213135481 9.478320576250553 0.4296489357948303 0 0 2.954214058816433 1.481050938367844 0.7131184563040733 0.4564923569560051 0 0.2362038865685463 0.6916874796152115 0.2833552360534668 1.682446599006653 0 131.8396441936493 26.97901353240013 18.14235710352659 2.588391669094563 0.09380781650543213 2.01786233484745 64.6092127636075 0.6891831904649734 13.33642793446779 6.789626628160477 0.1368077546358109 1.10355718433857 0.8956833183765411 0.3753322437405586 0 0.4894499927759171 0.3165512979030609 0.1320170760154724 0 0.4525427743792534 0.1675061583518982 0.1703588515520096 70.54803804308176 0 0 0 992.9927494749427 0 0 0 0 0 8.529248207807541 0 0 29.79110437631607 0 0 2.76626943051815 0.3059034049510956 1.011832609772682 0.2810304462909698 0 0 0 0 0 0 0 0 0 0 0 0 0 0.1269373148679733 0.2507208287715912 0 0 0 0 0 0 0 0 0 0.7275219112634659 0.2445235624909401 0.6034239679574966 0.6569880396127701 0.1960438191890717 0 0.1167795360088348 0.1538583040237427 0 0 0 0 0 0 0 0 0 0 0 0 0 0 0 0 0 0 0.4375879615545273 0.3494971096515656 0 0.3750570714473724 0 0 0 0 0 0 0 0.9680684953927994 0 0 0 0 0 0 0.4739983454346657 0 0 0.1525916308164597 0 0 0 0 0 0 0 0 0 0 0.5700657665729523 0 0.7677565068006516 34.51878418028355 3.601233132183552 34.19181736558676 7.659910500049591 932.0975561216474 38.25692267715931 0.6733899116516113 5.114846765995026 0.1221534386277199 0 0 0 9.892767742276192 0 0 0.4564230740070343 0 0
5312.140777036548 0 2232.840617738664 1005.297868520021 3909.66566734761 503.6753848567605 2830.808544456959 958.0995925813913 1838.523420900106 246.9030831158161 2608.248723834753 34.89730333536863 506.2906430438161 570.1271169409156 41.29836963862181 0.6948293000459671 0.346323698759079 2.019158430397511 0.1206665113568306 0.9664184525609016 3.042303383350372 0 0 0 0 1.595839098095894 0.1584681421518326 0.8341358751058578 0 0 1830.598285622895 17.47867530584335 44.67347231507301 0.4138293787837029 0.3391828089952469 0.7175655663013458 5.744485914707184 0.3017889261245728 1.110863566398621 1.226534470915794 0.6441811621189117 2.404693871736526 0.8464756011962891 1.667391173541546 0.5079272389411926 0.6181160360574722 164.0178983435035 16.88073252141476 1.262420535087585 2.45330049097538 8.253290146589279 0.6427636593580246 0.8024468719959259 0.1227812543511391 30.24489244818687 33.636828109622 155.6100107058883 724.0568479001522 34.71646170318127 73.41199573874474 0.9118354171514511 1.239451691508293 0 40.70364736765623 27.94004698842764 13.80429320037365 5.290510639548302 2.599461324512959 2.948045551776886 2.539742611348629 12.09264388680458 0.98971888422966 0 543.3240084052086 276.4105160981417 263.1849591135979 36.17809185385704 3.161085203289986 5.387930989265442 237.6229793801904 4.2184818983078 36.28442759811878 64.3135504797101 2.094708323478699 17.22148617357016 14.24296313524246 7.713656567037106 0.5000382885336876 7.162065416574478 0.4733420312404633 3.565764226019382 1.821546450257301 1.860523030161858 1.035429671406746 3.158241428434849 88.32627166807652 0 0 0.2268004268407822 775.1465798616409 0.1196468323469162 0 1.369783669710159 0 1.339725658297539 52.88597153127193 0.3320751488208771 2.907024055719376 6.405053988099098 2.811539024114609 0.842862531542778 36.37528111040592 32.09495307505131 29.18349921703339 24.33834782242775 0.4101987183094025 1.036290317773819 0 0 0 0 0 0 0 0 0 0 1.177399158477783 0 0.1774994879961014 0 0.2281538993120193 0 0 1.824335210025311 2.098864659667015 0 0 0 15.2608772739768 0.8241851031780243 11.43075734376907 4.59332013130188 0.5234880149364471 0 0 0 0 0.1476798057556152 0 0 0 1.704609625041485 0 0 0.2127851396799088 0 0.1734258085489273 0.2283277064561844 0 0 0.4346732199192047 0 0 0.815077543258667 1.928697720170021 24.1609762981534 0 0 0.1588390171527863 0 0 0 0 0 0 49.70206723362207 1.148357689380646 0 0.3411375135183334 0 6.891977280378342 2.02972038090229 3.651819914579391 0.1586067676544189 0.6828150600194931 0.7629558742046356 0.4695626795291901 0.6510805189609528 0 0 0.1197476089000702 0 0.102551206946373 0 0 0 22.42021338641644 10.82366719841957 2.636342212557793 477.2668030411005 33.98319893330336 508.1537427976727 74.45396611839533 1766.385111480951 148.6146694049239 6.236102551221848 66.06331666558981 6.632791258394718 0.2687709704041481 5.377143770456314 0 140.0729300677776 0 0.2739460840821266 1.523288406431675 4.732211284339428 0
715.0629999637604 2232.840617738664 0 15.90888197720051 430.2259215414524 73.7755584269762 62.9178988263011 1067.345532566309 294.763003192842 3.62989280372858 1436.352587498724 11.1692955493927 136.4611774459481 675.4643636718392 43.04706905037165 12.73435147106647 1.742389440536499 7.551742643117905 0.1301652044057846 8.832975551486015 92.57516337931156 0.4645306691527367 0 1.187216117978096 2.838369324803352 30.73078015446663 0.1525568217039108 1.926398187875748 1.056608155369759 0.19487364590168 5770.659163758159 390.5729528516531 55.65354281663895 1.576223716139793 0.3544683158397675 6.073293253779411 16.18425583839417 8.423878706991673 1.882273614406586 2.686420671641827 28.5750766992569 18.68827097862959 17.88306331634521 6.841668002307415 2.119401998817921 6.092688709497452 90.61613249778748 10.54173586517572 4.001408115029335 23.39781638979912 8.284392550587654 1.678603529930115 0.8254490345716476 3.748354502022266 12.84901866316795 13.41895712912083 138.7480846270919 1069.298003435135 21.15431369841099 26.95131551474333 43.91713231056929 15.50197889655828 7.699230305850506 192.7168485149741 10.06268323212862 7.721465095877647 2.30060775578022 6.454773440957069 42.29281981289387 39.94723332673311 2.860027700662613 1.00673933327198 0.1331491619348526 402.248694293201 232.0142945572734 166.4465739950538 96.18626740574837 16.92956264317036 307.7122763767838 1866.964482776821 75.37364980578423 1373.454190567136 21.14281275868416 0.4468884766101837 6.955040812492371 5.78061556071043 19.38156136125326 0.4915231838822365 3.355546250939369 0.2524947598576546 2.341987788677216 1.83034560084343 43.36399625241756 12.0035732537508 13.5544927790761 10.34747352451086 0.6979708969593048 0.1397250294685364 0 263.0430624708533 0 0 0 0.2420337796211243 0.2577454447746277 1.697249852120876 0 0.5856096744537354 0.5417452603578568 0.6169879138469696 0 4.07663069665432 7.568807020783424 4.566534131765366 4.362418882548809 0.5171861052513123 1.00443223118782 0 0.3139356374740601 0 0.1485711932182312 0 0 0 0.1491062939167023 0.9460426419973373 0 0.6814673542976379 0.4545568376779556 0.9568626582622528 0.1993931531906128 2.314178451895714 0.9191067814826965 0 0.1398546546697617 0.7313824146986008 0.7770087718963623 2.793662369251251 0.1762456595897675 3.768866740167141 2.096285969018936 11.31674426048994 9.260293856263161 3.791484847664833 0 0.6438778936862946 0.5030248984694481 0.4376770853996277 0.1447743773460388 1.819486051797867 0.1362378597259521 0.4685084521770477 0.8212055861949921 0 1.636744499206543 1.685437977313995 0.2493226826190948 0.6892032325267792 0 0 0 0 0 0 0.7875348776578903 3.127049550414085 9.567631930112839 0.459322988986969 0.1244865208864212 0 0 0 0.3486490845680237 0.2925185412168503 0.5698859095573425 1.06387136131525 12.3907628133893 1.136676371097565 0.2511418759822845 0.789291650056839 0.8016078025102615 3.229962065815926 2.424234390258789 4.389670208096504 0.4416679441928864 0.3158664107322693 0.3867445141077042 0.4311418086290359 0.3782189339399338 0.4954431056976318 0 0 0 0.4071873426437378 0 0.158281996846199 0 3.668565757572651 4.684391401708126 6.097798332571983 200.7895025536418 21.34254784882069 217.9999351277947 37.40863855183125 408.4186813309789 57.31376868486404 3.994398020207882 37.18095609545708 4.598115377128124 1.436009287834167 2.799958966672421 0 17.83472388982773 0.1439516246318817 0 0.6911053061485291 4.437876358628273 1.212462574243546
710.9418536797166 1005.297868520021 15.90888197720051 0 83.61040306836367 268.8857167065144 1772.978278324008 2.228684559464455 110.0986055284739 1950.794030115008 3.011936970055103 1295.882749989629 3414.21361207962 54.8526698127389 3.771580323576927 0 0.2126311212778091 0.1174279749393463 0 0.2316006273031235 0 0 0 0 0 0 0 0 0 0 30.09094841778278 0.8076992556452751 0.6986207365989685 0 0 0 0.1190490499138832 0.1773937195539474 0 0 0 0 0 0 0.1186845451593399 0 15.6993210464716 0.7983425110578537 0.2305614948272705 0 0.4029473438858986 0.1723376512527466 0 0 1.985517963767052 2.578854933381081 19.5903525352478 79.06182911992073 2.051125817000866 5.30806540697813 0.4014112651348114 0 0 3.162303552031517 2.140288531780243 1.442873112857342 0.08928770571947098 0 0 0 0 0 0 47.25334474444389 17.17298629879951 17.67699186503887 2.103097915649414 0.5160709470510483 0 1.604181475937366 0 0.1726544499397278 5.578716218471527 0.09331274777650833 0.6737714111804962 0.9810098558664322 0.2218210622668266 0 0.7828866839408875 0 0 0 0.5251278430223465 0 0 31.56814287602901 0 0 0 146.3926774188876 0 0 0 0 0 28.14741893112659 0 0.1774137169122696 61.85657271742821 0 0 2.166239559650421 0.6447777897119522 1.894376158714294 0.7891996651887894 0 0 0 0 0 0 0 0 0 0 0 0 0 0 0 0 0 0 0 0 0 0 0.3885788321495056 0 0 0 0.5114606767892838 0.481467604637146 0 0 0 0 0 0 0 0 0 0 0 0 0 0 0 0 0 0 0 0 0 0 0 0 0 0 0 0 0 0 0 0 0 1.990177229046822 0 0 0 0 0.8864818066358566 0 0.8775311410427094 0 0 0.308731347322464 0 0 0 0 0 0 0 0 0 0 1.237409457564354 0.4890104085206985 0.4041551351547241 39.86778475344181 2.312006153166294 38.6792378872633 6.198988914489746 389.6457473263144 10.42189253121614 0.4915681779384613 3.635315991938114 0.8727651834487915 0 0 0 3.96916264295578 0 0 0 0.4029458165168762 0
441.2363108471036 3909.66566734761 430.2259215414524 83.61040306836367 0 41.73353610187769 1046.752120889723 119.2213858664036 10848.09174243361 49.05994060635567 1772.116910539567 57.37439031898975 441.2751957923174 393.8699068427086 41.3961132094264 0.8291342183947563 0.8251178488135338 1.634812794625759 0 0.7071480751037598 1.483181588351727 0 0 0 0 1.069247916340828 0.283672533929348 0.6374040991067886 0.7937479019165039 0.4443746656179428 266.1754279732704 20.5033078789711 12.59126345068216 0.129845529794693 0 0 8.66377031058073 0.09242641925811768 1.422986105084419 0.1048242375254631 0.4216939508914948 2.922641560435295 0 1.284518577158451 0.3988963663578033 1.063034564256668 139.9163558259606 9.693541251122952 1.21490440517664 0.7991525307297707 5.529855623841286 0.844770684838295 0.1354933530092239 1.158678829669952 21.41762448102236 26.20489697158337 23.04266740381718 119.8933486938477 15.76399467140436 45.11495804041624 0.1025577932596207 1.822732418775558 0 36.44833160936832 18.05376490950584 8.189974538981915 4.917211890220642 2.640520624816418 1.941045366227627 0.5788665115833282 6.597470164299011 0.1576228737831116 0 174.4692543819547 148.9546328485012 221.4365737736225 55.83727315813303 6.239072933793068 2.049786388874054 53.43492566049099 2.177589610219002 8.5913021042943 26.76098775118589 1.357567615807056 12.44132082164288 10.52924007177353 6.090076513588428 0.7563048899173737 5.514897905290127 0.6089707911014557 3.641799338161945 2.492511883378029 0.7146492674946785 1.276781864464283 3.756019182503223 170.5744955837727 0 0 0.5095722675323486 48.67130509018898 0.6611452251672745 0.2139656543731689 2.473358631134033 1.355205595493317 2.312408857047558 24.64414557814598 1.994913354516029 9.551440477371216 18.6233883202076 9.315068662166595 2.997040167450905 82.63321806490421 83.00756717473269 61.16474311053753 45.81803877651691 2.682640597224236 1.311170399188995 0.1973078399896622 0.1531272828578949 0.9082029461860657 0 0 0 0 0 0 0 0 0 0 0 0.2567808330059052 0 0 1.299924083054066 2.774105839431286 0 0 0 26.2876303717494 1.770013034343719 23.84949493408203 4.903580844402313 0.3766767978668213 0.2177012711763382 0.7039695754647255 0 0 0.9315232634544373 0 0 0.9751549959182739 3.737255871295929 0.255465067923069 0 0.2877096235752106 0 0.1180873140692711 0 0.4128197580575943 0 0 1.910029999911785 0 1.351403504610062 1.130182325839996 35.17605752497911 0.8109730035066605 0.2231805995106697 0 0 0 0.1639366000890732 0 0 0.5098092555999756 112.0403264835477 0.1965791583061218 0 0.1032191216945648 0 12.06168501079082 7.568339973688126 7.501934424042702 0.8535446971654892 2.570801064372063 2.178584277629852 0.2468032166361809 1.731279030442238 0.2783375382423401 0 0 0 0 0 0.2415580600500107 0 56.91066972911358 23.67473937571049 8.247850865125656 452.5949688926339 40.14463452994823 429.7910086065531 72.46943109482527 388.7277344763279 83.03867534548044 5.008542433381081 79.54880659282207 7.031774133443832 0.08574660122394562 5.768973119556904 0.2996099963784218 256.1712493151426 0.4629349410533905 0 0.6044522821903229 4.47639311850071 0
455.7007209062576 503.6753848567605 73.7755584269762 268.8857167065144 41.73353610187769 0 445.285984672606 3.289541095495224 81.61971470713615 756.8595303222537 6.804470360279083 706.9814358949661 896.7961905449629 118.9013671278954 0.9157578498125076 0.2864517867565155 0.1075011640787125 0 0 0 0.7666916102170944 0.8127903789281845 0 0.2205181866884232 0 0 0 0 0.2719348073005676 0.3144809901714325 64.62865234911442 2.984235256910324 9.329330779612064 0 0 0 4.168692946434021 0 2.087160021066666 0.1730789244174957 0 0.7829511165618896 0.1491226404905319 0.3771101236343384 0.5522066354751587 0 1.158399753272533 0 0 0.1952492594718933 0 1.766308881342411 1.809061318635941 0 0.1043453067541122 0.09729504585266113 125.0534632354975 38.99594187736511 3.309395246207714 0.3683832436800003 0.7350164353847504 0.1830649524927139 0 0.4486452788114548 0 0.1338406503200531 0 0 0 0.3681626617908478 48.91022960841656 207.8499618470669 6.091178819537163 4.444844469428062 1.373479209840298 0.3868446201086044 1.167436614632607 0.1270380616188049 0.3636255711317062 10.25796972215176 0 2.768164306879044 0 1.550660751760006 0 0.1775396913290024 0 2.107865124940872 1.198058873414993 3.794349178671837 0.2073700129985809 0 0 0.1942494064569473 0.1334032565355301 598.8719295039773 29.92905142903328 10.70172822475433 5.167367994785309 507.6675622984767 0 0 0 0 0 5.994074955582619 0 0.3324154615402222 6.78747396171093 0.4277265518903732 0 2.289827100932598 0.9441769272089005 2.31971874833107 0.8978830873966217 0 0 0 0 0 0 0 0 0 0 0 0 0 0 0.1823029071092606 0 1.031835347414017 0 0 0 0 0 0 0 1.507143594324589 0 1.825104251503944 3.184301093220711 0.7193673104047775 0 0 0 0.1399305462837219 0 0 0 0 0 0 0 0 0 0 0 0 0 0 0.1295475214719772 0 0 0 0.8625100553035736 0.1743448376655579 0 0 0 0 0 0 0 0 2.405303031206131 3.45002281665802 0 0 0 0.6209342777729034 1.03163930773735 1.142893403768539 0.3765412867069244 0 0 0 0 0 0 0 0 0 0 0 0 3.219381421804428 1.512701645493507 2.104517944157124 6.398520022630692 0.439146876335144 4.147278323769569 0.2157751694321632 207.5518257170916 2.479156918823719 0.8049946129322052 0.8114397078752518 0 1.037782430648804 0.1121259033679962 0 1.776919648051262 0 0 0.3517859578132629 0 0
694.8201301842928 2830.808544456959 62.9178988263011 1772.978278324008 1046.752120889723 445.285984672606 0 9.662893675267696 5269.982061132789 2254.130788087845 163.5923344343901 69.94981226325035 5050.52195353061 82.98483312875032 34.78498592227697 0.5755822882056236 1.019327409565449 0.4092356339097023 0 2.136867813766003 0.9104222878813744 0 0 0.1442731469869614 0.1942037492990494 0.9320540875196457 0 0.313074991106987 0.5997470021247864 0.1785745471715927 122.704932115972 11.17980927228928 14.19310133159161 0.4148466885089874 0 0 7.138417035341263 0 0.6451521590352058 0.2781475707888603 0.8602324873209 1.856517724692822 0.111715741455555 1.182947941124439 0.2347191497683525 0.6533181667327881 137.3170001208782 9.436216786503792 2.057709127664566 0.7783413678407669 4.178545475006104 0.4349662512540817 0.1424280107021332 0.9319437965750694 19.55764760077 25.33251581341028 55.32599483430386 212.7053926959634 16.51618174463511 46.00421816110611 1.232174664735794 2.18649173527956 0 24.18349805474281 17.29515133053064 9.459949031472206 4.088217794895172 2.398998968303204 0.6315586492419243 0.5601650476455688 9.101988360285759 0.1909068822860718 0 209.4448674768209 142.4490869045258 198.4122509583831 43.17079174518585 4.534778743982315 0.1447725147008896 44.69794853776693 2.027972303330898 3.716338537633419 36.13442497700453 1.869078256189823 9.930267937481403 8.607439003884792 5.827781453728676 0.4524305313825607 5.640272490680218 0.3139449656009674 3.294856376945972 1.551767140626907 0.5116722658276558 0.1519633531570435 3.934810325503349 567.1535916477442 0.3162443339824677 0 0.5060969591140747 229.4979619830847 0.3665536865592003 0.278988391160965 1.681010618805885 3.125231981277466 3.739046007394791 57.40371680259705 1.302737221121788 13.64769594371319 87.51744547486305 15.84865246713161 2.592280372977257 136.1724504157901 131.7352723479271 78.75717812776566 60.37706963717937 3.523175790905952 1.955220267176628 0 0 0 0 0 0 0 0 0.2708857357501984 0 0.2226897776126862 0 0 0 0 0 0 3.139261275529861 3.24382010102272 0 0.2523170411586761 0 36.56315422803164 1.128216773271561 23.15456376969814 6.448915064334869 0.9852791428565979 0.2787477076053619 0.3678524494171143 0.1232247799634933 0.3659646809101105 0.7070190012454987 0 0 1.672682508826256 5.433808013796806 0.1963255852460861 0 0.233649730682373 0.5801759958267212 0.268182098865509 0 0.4833731204271317 0 0.216183066368103 0.7578501254320145 0 0.6795306801795959 1.063406020402908 60.98112507164478 1.505509912967682 0.436464786529541 0.2232891619205475 0 0.8483977913856506 0 0 0 0.1836706697940826 158.7103420644999 0.6258807778358459 0 0 0.1581293195486069 13.86259862780571 3.842286735773087 11.23134665191174 1.0793696641922 0.9511615410447121 2.157232537865639 0.2501460909843445 0.777964323759079 0 0 0 0.1336862295866013 0.161992609500885 0 0 0 76.1023894995451 30.43366423994303 14.30820129066706 439.5202493295074 29.70568844676018 417.5291604921222 61.90144484490156 1338.824615098536 91.34281475841999 4.022442832589149 80.37230537086725 9.656584225594997 0.4976697936654091 6.855532638728619 0.2308948487043381 435.5465566813946 0.7941188812255859 0.3622011691331863 1.125562131404877 3.302896313369274 0.2988355457782745
144.1893339082599 958.0995925813913 1067.345532566309 2.228684559464455 119.2213858664036 3.289541095495224 9.662893675267696 0 562.8823184370995 0.1750788241624832 3661.693954050541 6.323284775018692 215.480999417603 1103.097688026726 40.49800584465265 10.17771247029305 1.434773400425911 11.03507728874683 1.174855671823025 38.80828599631786 187.5141943097115 0.3375572264194489 1.255770117044449 1.597703486680984 3.428822129964828 28.03405543416739 0 1.505985885858536 1.4978017359972 0.1903004348278046 649.4649569094181 898.0576118379831 65.39067070186138 6.55390602350235 0.2782784104347229 4.282993078231812 21.33536414057016 6.426529183983803 1.990426197648048 2.686821632087231 29.70395402610302 16.50919710844755 27.16291251778603 6.339601695537567 3.152191504836082 23.57985294610262 108.5491423457861 6.766814380884171 5.807237401604652 24.55054578185081 8.678170241415501 2.889249183237553 0.3582221269607544 5.26263240724802 8.245373219251633 9.560000278055668 24.04912097007036 141.4616943672299 10.60549728572369 21.17205549776554 140.4464235156775 27.16382149606943 18.26527288556099 207.2047229260206 7.430657379329205 5.793172508478165 2.612759009003639 6.536867082118988 42.81787884235382 52.02331978827715 0.7233142107725143 1.074881561100483 0.3083924353122711 132.5848951935768 147.722903214395 169.8972544074059 250.4462856426835 299.3715007156134 2192.258678093553 2384.002382539213 281.1254805475473 2186.112158969045 18.29043614119291 0.3680243566632271 8.379632994532585 5.633666977286339 22.86203215271235 0.3360992819070816 2.327897049486637 0.6156264692544937 3.468203030526638 2.817137904465199 39.82556962221861 9.103690408170223 14.37858689576387 8.638044074177742 0.1925991475582123 0 0 31.43728245794773 0 0 0 0 0 0.5120275467634201 0.4553868770599365 0.9827010631561279 0.8743467628955841 0.167813241481781 0.1498534083366394 3.879430130124092 2.09345668554306 1.128895565867424 2.062782272696495 1.421715170145035 0.8935963064432144 0.2100948691368103 0 0 0 0 0 0 0 1.033238798379898 0 0.5891083776950836 0 0.3555551916360855 0.1905164420604706 1.459367230534554 0.1969103515148163 0 0 0.3240060955286026 0.347952276468277 0.6940826177597046 0 1.803670182824135 0.791688971221447 6.185531124472618 8.277912393212318 4.087364226579666 0.1243716552853584 0.4679814502596855 0.4124407917261124 0.1646841317415237 0 0.2576926946640015 0 0 0.2148562669754028 0 0.6694232523441315 0.6506845206022263 0.8210014253854752 1.472118258476257 0 0 0 0 0 0 0.3912141919136047 1.469392716884613 3.699810683727264 0.1666525900363922 0 0 0 0 0.1103496700525284 0 0.2092066556215286 1.659120544791222 6.310300245881081 0.9150954633951187 0 0 0.3096477687358856 0.9537008255720139 1.503836564719677 1.641643613576889 0 0 0.2735245674848557 0.3488557934761047 0.6853570640087128 0.3729243576526642 0 0 0 0.1804447919130325 0 0.5253257527947426 0 2.514651641249657 2.577376134693623 3.773016266524792 192.1169293001294 20.55322033166885 224.6913560256362 24.3828504756093 82.75231821835041 28.20279259979725 1.16345639526844 30.06410264968872 3.338881216943264 1.161036491394043 0.7280661165714264 0.1534353792667389 5.1936886459589 0 0 0 3.225338786840439 0
74.29045673459768 1838.523420900106 294.763003192842 110.0986055284739 10848.09174243361 81.61971470713615 5269.982061132789 562.8823184370995 0 238.2651790082455 7288.22048085928 38.33490819483995 1594.587506629527 1051.148505046964 49.94686300307512 6.10078639537096 0.7964115142822266 0.4584086984395981 0 1.04267830401659 2.900003001093864 0 0 0 0.3332451432943344 1.349782362580299 0.3581405580043793 0.4454419538378716 1.225112840533257 0 80.89392852038145 16.30086997896433 52.99833613634109 0.1221387758851051 0 0 8.502164773643017 0.09097957611083984 1.143699392676353 1.594469644129276 1.300172090530396 3.822034224867821 0.7968501672148705 1.585995331406593 0.6348889544606209 0.5519348606467247 143.5232203900814 4.346325643360615 0.904688835144043 2.21034450083971 4.373441323637962 1.08907413482666 0.8657423704862595 2.722606264054775 10.89174946397543 13.01566702127457 13.17553631216288 37.99376487731934 9.176590405404568 22.77355206757784 0.8166206702589989 0.5751166120171547 0 29.71150907874107 8.45133250951767 5.138621166348457 2.535558186471462 1.23460265994072 2.686976954340935 0.8473451137542725 8.926263689994812 2.072071298956871 0.596151664853096 84.165986135602 78.03370723128319 173.5694391876459 85.70017870515585 8.822864234447479 16.58958184719086 59.65728919953108 4.135045632719994 11.39044841378927 16.12094277888536 0.8212524503469467 7.728086397051811 7.305705413222313 5.75837554782629 0.2745095416903496 4.134233124554157 0.5333031564950943 4.617920219898224 3.94191750138998 1.114994764328003 3.438961312174797 5.620178759098053 481.3836542367935 0.1374110132455826 0.1699211448431015 0.9533655792474747 30.73281238973141 0.8112228289246559 0.1560042500495911 1.706529125571251 1.124700650572777 2.929843574762344 55.23388371616602 2.276413813233376 16.64042058587074 24.96895193308592 13.69430729746819 5.321750804781914 130.0307556465268 118.7620096579194 75.75946157425642 52.88436944037676 1.118024080991745 2.301720216870308 0 0 0 0 0 0 0 0 0 0 0.1759268492460251 0.2706514745950699 0.3001514673233032 0 0.2879769802093506 0.4608929753303528 0 5.993390634655952 6.643556155264378 0 0.1583705544471741 0 34.98863347619772 0.9275204017758369 22.799959667027 5.98622340708971 2.759382389485836 0.3420087397098541 0.8069538176059723 0 0.6478977352380753 0.7381477653980255 0.2407695204019547 0 0.7454157620668411 3.289061926305294 0 0 0.1683115810155869 0.1434155851602554 0 0 0 0 0.1604108363389969 0.2890187874436378 0 0.9892657995223999 2.135717153549194 38.21754769980907 1.987061381340027 0.4964418858289719 0.2110180109739304 0 0 0 0 0 0 146.5033915117383 1.372412219643593 0 0 0.4877721965312958 11.29490257799625 5.075444892048836 12.2669917345047 2.643035493791103 1.250607095658779 1.40475607663393 0.6110829561948776 1.228265009820461 0 0 0.09285958856344223 0 0.1032612025737762 0 0 0 76.44155652076006 29.1227212920785 13.08059809356928 530.1260638907552 40.14276334643364 428.54906334728 65.90113343298435 245.4607501402497 48.7310158982873 6.329422168433666 107.2424939349294 8.436310715973377 0.4140867814421654 5.037135809659958 0.7198751345276833 276.4713100790977 0 0 1.192750483751297 4.946833945810795 2.401929646730423
967.6323337182403 246.9030831158161 3.62989280372858 1950.794030115008 49.05994060635567 756.8595303222537 2254.130788087845 0.1750788241624832 238.2651790082455 0 2.505275182425976 2044.303619518876 6720.405598796904 314.7496983930469 2.15506025403738 0.8262469321489334 0 0.1434542238712311 0 0 0.1559900641441345 0 0 0 0 0.3125034272670746 0.1381325125694275 0 0 0 12.59443412721157 0.1903717964887619 13.21867534518242 0 0 0 1.458128407597542 0.6546967029571533 0.9500664174556732 0 0 0 0 0 0 0 6.474442362785339 0.2445911914110184 0 0.09985583275556564 0 0 0 0.2464397549629211 0.785835973918438 0.9384558945894241 31.03124329447746 55.82660646736622 3.131459340453148 3.602826334536076 0 0 0 0 1.382213443517685 0.8664869889616966 0.3005340024828911 0.1192515417933464 0.2073166370391846 0.2184350490570068 6.056130632758141 0.5676880478858948 0.1319862455129623 29.61481005698442 5.466539964079857 8.371417939662933 2.302473902702332 0.1382698118686676 0.13718281686306 12.32903002202511 0 0.6639827638864517 2.061449356377125 0.07913028448820114 0.670490138232708 0.5739253312349319 0.3960575982928276 0 0.3550767302513123 0 0.1135872900485992 0 0.2299643009901047 0.2225087136030197 0 404.9560602754354 0.2852241694927216 0 0.2500218451023102 384.2071447446942 0.2441702485084534 1.798517763614655 10.44051915407181 74.65049509704113 1.413983434438705 80.28630949556828 4.10424830019474 4.489758282899857 169.4444175213575 23.37625992298126 0 65.50624406337738 256.5698350667953 50.83529561758041 5.796135239303112 0 0.9161747843027115 0 0 0 0 0 0 0 0 0 0 0.211412787437439 0 0.1670796275138855 0.5199657082557678 0 0.1446928083896637 0 1.222333699464798 0.5590167641639709 0 0.2173933088779449 0 2.677273869514465 0 2.83830501139164 0.1378319412469864 0.1215221583843231 0 0.2135071158409119 0.1752634048461914 0 0 0.2045325934886932 0 0.725451648235321 1.264826618134975 0.1035928577184677 0 0 0 0 0 0 0.09788916260004044 0 0.418020486831665 0 0.2506715059280396 0 5.786040529608727 0.1209320947527885 0.1283416450023651 0.1921258270740509 0 0 0.3594960272312164 0 0 0 11.82770003378391 0 0 0 0.2397025972604752 1.608502790331841 0.2829295545816422 1.774383738636971 0.7851734161376953 0.4635254740715027 0.5576707720756531 0.3083550482988358 0 0.1117817461490631 0 0 0 0 0 0 0 16.72201617062092 3.179432824254036 0.6220015734434128 29.95360622555017 2.358150199055672 20.68131817132235 2.548879571259022 711.7803676575422 10.50462379306555 0.1327611356973648 3.696948707103729 2.875229507684708 0.1126067265868187 1.521989859640598 0 60.47584265470505 0 0 0.723402664065361 0 0
173.0305209755898 2608.248723834753 1436.352587498724 3.011936970055103 1772.116910539567 6.804470360279083 163.5923344343901 3661.693954050541 7288.22048085928 2.505275182425976 0 20.33702559769154 1148.794189222157 4852.528833322227 27.56155805289745 2.752976574003696 0.8001412078738213 1.080090448260307 0.13477623462677 2.742270410060883 5.464789427816868 0.6040579974651337 0.1809569597244263 0.6371233463287354 0.7578358948230743 1.390397541224957 0 0.1749744117259979 1.068974457681179 0 418.0616119876504 59.67559868097305 156.9123790189624 0.3125398606061935 0.2332488000392914 0 23.9941554069519 2.637037798762321 2.474215112626553 1.970269590616226 3.024424031376839 5.633557491004467 1.673616655170918 2.981354340910912 0.5260579809546471 0.5734145417809486 102.6819068342447 6.860580682754517 2.533714145421982 1.120497666299343 2.395168744027615 0.3483516052365303 1.363031178712845 0.8850875347852707 9.392238035798073 15.30586156994104 18.26036295294762 102.5193826705217 10.03724061697721 26.32556210458279 2.369410470128059 0.7411865890026093 1.228435233235359 49.16023640334606 10.23207651078701 5.152767173945904 3.125282853841782 1.344295218586922 2.451380603015423 1.451150700449944 5.234556078910828 3.871037527918816 0.1360259652137756 115.1632410511374 119.9232656136155 155.2915722876787 64.65754563361406 8.139097012579441 808.7772173583508 2382.295391745865 7.879696197807789 73.61366251111031 21.05694356560707 0.8975124880671501 7.463078886270523 6.208519279956818 4.26836134493351 0 3.864890322089195 0 2.142431370913982 1.332857429981232 2.283359855413437 1.432051256299019 2.980346187949181 45.40064627677202 1.50975489616394 0.6958171650767326 0.6511682271957397 29.40073580294847 0 0.1715558469295502 0.3958475068211555 0.3004399240016937 0.2421060353517532 3.772799119353294 0 0.9049634486436844 0.9653231352567673 2.286267206072807 0.6752676069736481 16.89311085641384 17.49608699977398 12.27873217314482 9.91831761598587 0.1259056478738785 0.5679714530706406 0 0 0 0 0 0 0 0 0.9358737617731094 0 0 0.4956542700529099 0.2774896994233131 0.1862043291330338 0.4474403485655785 0.3656959980726242 0.1841133683919907 0.9523264020681381 0.5973031595349312 0 0.6595380306243896 0 7.839775577187538 1.998125955462456 7.423852026462555 3.441494181752205 1.539649680256844 0.1750721037387848 0.2879741340875626 0 0.1460885554552078 0 0 0 0 1.283831790089607 0 0.2109074145555496 0.1429027765989304 0.2951691746711731 0.5956978052854538 0.1567411124706268 0 0 0 0.1683999300003052 0 0.1820440739393234 1.061953999102116 12.85412969440222 0.559617891907692 0.4353931546211243 0 0 0 0 0 0 0 24.87915779650211 0.4110615253448486 0.1564679145812988 0 0 2.933803334832191 1.279018223285675 2.192456044256687 0.2170116901397705 0.4604456946253777 0.2694627046585083 0.2682077288627625 0.1892453730106354 0 0 0 0 0 0 0 0 6.936279773712158 10.04635091125965 7.481204964220524 225.8034729883075 16.75915947556496 236.6118899285793 36.6462003365159 137.828809261322 37.18853737413883 3.211541645228863 35.51659838110209 2.972778990864754 0.4599159136414528 2.422392792999744 0 49.00588854402304 0 0 0.1487072706222534 1.919749811291695 0.2604151368141174
327.0707966759801 34.89730333536863 11.1692955493927 1295.882749989629 57.37439031898975 706.9814358949661 69.94981226325035 6.323284775018692 38.33490819483995 2044.303619518876 20.33702559769154 0 3324.931239649653 458.5901912003756 12.63781833648682 7.913531646132469 0.1285595744848251 0.925453394651413 0 0.4314581453800201 1.111907497048378 3.961742132902145 0.5000668168067932 0 0.1236302256584167 0.9275498166680336 0.4071382880210876 0.9271138310432434 1.303396955132484 0.1460056155920029 5.971459187567234 2.278876543045044 51.9540828242898 0.158329650759697 0 0.2825916409492493 133.9788372814655 1.710941314697266 58.07127007842064 12.99729818105698 2.327693521976471 3.298422418534756 0.8988771736621857 1.913788229227066 0.4333018511533737 1.232594162225723 20.27317610383034 0.2873034700751305 0.1244741007685661 1.495366454124451 0.4129321724176407 8.637002594769001 31.26925554871559 3.588820531964302 2.28817443549633 1.088503614068031 12.66791675239801 14.14054244011641 1.677014850080013 4.425043493509293 1.456686720252037 3.899872496724129 0.4344246387481689 2.363213151693344 1.097923651337624 0.7800798714160919 0.1015234887599945 0.157480388879776 1.108561381697655 1.420149147510529 298.2864813506603 98.48850281536579 2.360975116491318 18.845244564116 8.205533482134342 21.84851907193661 18.40928030759096 3.93963772803545 1.622670218348503 61.79904282093048 2.164254799485207 16.10149209946394 2.600056163966656 0.827405571937561 0.3858784735202789 0.9139990881085396 1.433869302272797 2.582820981740952 1.095977380871773 4.554522998631001 0.2960231453180313 0.1455957144498825 5.604074269533157 4.009326115250587 1.297890424728394 2975.371677473187 76.83008743822575 15.87503746151924 51.20293091237545 203.377617828548 1.393478780984879 0.1226431280374527 2.677410416305065 1.043118253350258 4.829096615314484 37.55096784234047 1.82364547252655 13.77507369220257 11.03831107914448 12.65043798089027 4.301938846707344 103.8359295129776 106.5544194728136 115.7572371065617 67.64771815389395 3.600364826619625 5.984751768410206 0 0 0 0 0 0 0 0.3423376828432083 1.061464175581932 0 0.6558592692017555 0.32926045358181 4.069367371499538 0.3775226622819901 7.768457934260368 1.684786260128021 2.512119278311729 7.440003164112568 5.180576466023922 0.8030049055814743 2.134138688445091 0.8811472952365875 76.0028475522995 5.773420125246048 69.50513762235641 35.65225993841887 13.04854752123356 1.31545814871788 0.9136189520359039 0.4352513253688812 0.8022294640541077 3.327823713421822 1.251820534467697 0 1.929228119552135 7.789149701595306 0.2043870687484741 0.6876948326826096 0 1.818180024623871 1.06421209871769 0.2861130982637405 0.8080350756645203 0.1485373675823212 0.3227678686380386 1.371124185621738 0.1106581538915634 0.8025881350040436 5.290189728140831 87.96772614866495 3.926496960222721 1.072656899690628 0.5748951658606529 0 0.1220867857336998 0.4435015320777893 0 0 0.8759406208992004 183.9959862530231 14.39293460547924 0 0 0.1495701819658279 24.21148643642664 7.479913361370564 24.6656606271863 1.375779278576374 2.691178224980831 1.587894923985004 2.479016415774822 2.868777424097061 0.2857349067926407 0.1503826677799225 0 0 0 0 0 0.1463668197393417 91.77123134583235 80.55316111445427 43.68342292308807 201.216166511178 7.615485727787018 85.46887023746967 6.597859352827072 565.6545396968722 8.042587071657181 1.288307532668114 17.52652036398649 23.56919823586941 0.6517779231071472 14.65503902733326 0.274013489484787 209.8828298971057 0.3157559335231781 0 4.073944553732872 1.771831884980202 0
571.8933037295938 506.2906430438161 136.4611774459481 3414.21361207962 441.2751957923174 896.7961905449629 5050.52195353061 215.480999417603 1594.587506629527 6720.405598796904 1148.794189222157 3324.931239649653 0 1270.22330288589 68.69822666794062 22.73015112429857 2.815293908119202 2.684148162603378 0.384551927447319 3.419970527291298 7.303542859852314 14.96163543313742 0 0.3473061919212341 3.611258998513222 4.806492611765862 0.4944451749324799 3.093664541840553 5.037099376320839 0.8590881824493408 69.17493966221809 15.8378789126873 873.4777938053012 1.328129649162292 0.2845675647258759 0.149103656411171 436.1323575377464 18.92973783612251 334.6507765650749 78.21792712807655 9.56389856338501 22.10218796879053 2.936249829828739 14.56624238938093 2.966432675719261 7.454507790505886 144.3755209445953 5.588498048484325 1.88102351129055 2.44532822817564 5.001118160784245 19.6220345646143 63.05535639077425 10.78131291270256 7.039087556302547 8.519216425716877 30.437454611063 60.96229876577854 11.29521077871323 17.6539299339056 7.713460452854633 28.13411571085453 1.060240879654884 22.81338612735271 7.891307301819324 3.820818357169628 1.84812655299902 1.554739013314247 8.924146384000778 10.81466687470675 733.2836780324578 158.8575892448425 6.845578759908676 72.77521299570799 52.56829636543989 156.9950547218323 116.3382658138871 15.42963257431984 10.02439510077238 406.2636051774025 13.43290357291698 58.7523757070303 14.11823759227991 1.467028148472309 4.194611392915249 5.448104321956635 5.969594582915306 5.671668872237206 3.139374449849129 11.2493588924408 3.894562922418118 5.276634156703949 9.87662910670042 6.69366516917944 7.73284587264061 4279.031957283616 100.0439596772194 27.97516943514347 76.06039196997881 298.6519173309207 2.773150265216827 1.247688911855221 5.179095402359962 1.244507350027561 11.41517216712236 110.352683454752 4.06258936226368 34.3357058390975 93.48086532950401 22.51205550134182 7.315090343356133 270.7204059511423 271.3917811587453 212.7030941769481 143.1232571601868 9.220186844468117 14.72618731111288 0.5387091040611267 0.6807291507720947 0.588088721036911 0.1505244523286819 0.5307400226593018 1.517429530620575 1.500455737113953 0.357909619808197 1.566452950239182 0 1.529400616884232 1.75121247023344 8.693502962589264 2.348184928297997 17.80279011279345 7.171486034989357 3.705960474908352 12.01885478943586 11.59584280848503 2.094389483332634 7.140925765037537 1.036264941096306 122.6441773623228 9.049958035349846 152.0249256491661 79.94400671124458 38.3044815659523 1.481340914964676 1.850073233246803 0.8224943280220032 4.048124976456165 6.622430928051472 4.764181852340698 0.1347228586673737 2.013460546731949 15.40667794644833 0.4802212789654732 0.4267278760671616 1.16978494822979 6.712832100689411 2.165169350802898 0 0.3850793838500977 0 0.3268755376338959 2.412783533334732 0 5.591348841786385 13.68614356964827 183.5738171115518 5.05706100910902 1.126466616988182 0.8581937998533249 0.2315155565738678 0.1053763777017593 1.215000122785568 0.6314964592456818 0.1578381210565567 1.377519659698009 487.8190214335918 36.2026485055685 0.143364205956459 0 1.234545536339283 37.06033837795258 28.93578568845987 43.48958042263985 3.901709511876106 3.743562281131744 5.900077857077122 4.123578175902367 6.478600792586803 0.7600425630807877 0 0 0 0.4232291579246521 0 0 0 245.2590844258666 180.7766116335988 101.2247045636177 691.8024789988995 50.63553830236197 401.4708736985922 59.12305921316147 1116.601647607982 44.73132304102182 6.916982017457485 116.5822960957885 34.7631269544363 1.258678197860718 19.76115331053734 1.756656497716904 555.8681749403477 0.5288063511252403 0.278233140707016 7.176270969212055 8.978379227221012 2.093572020530701
