0 1828.020159482956 544.0157074183226 2472.932197123766 885.8663417100906 165.8253892809153 1997.453692965209 186.5146811306477 222.4333682358265 3108.567176550627 980.3197615668178 231.9697705805302 477.6198941022158 739.8178992941976 0.9517078474164009 0.3233277201652527 0 0.1215664520859718 0 0 0 0 0 0 0 0.3275007009506226 0 0.1461194157600403 0.1026237159967422 0 39.98717360198498 23.06928192824125 3.407227337360382 0.1347964853048325 0 0 4.453093066811562 0 0.6799812316894531 0.1348476707935333 0.1054540798068047 0 0 0 0 0.1127751991152763 11.57964880764484 3.730926245450974 0 0.1271198987960815 0.5997201651334763 0 0 0 2.367834858596325 4.858371078968048 163.9432787597179 335.2015934437513 42.60673751682043 12.69256414473057 0.4383684918284416 1.554308384656906 0.1814616769552231 8.502377770841122 3.987427651882172 4.259330689907074 0.7538719996809959 0.7606657296419144 0 0.2262438386678696 46.01966787874699 15.81003262102604 0.2677419483661652 83.18417204171419 6.379160851240158 5.61633313447237 5.371554099023342 0.644189178943634 11.59251193702221 91.69553595036268 0 3.95952008664608 8.378912791609764 0 2.146250449120998 3.364906415343285 1.476496003568172 0.5890448987483978 0.1980189383029938 0.1973806172609329 0 0 0 0.1636935025453568 0.2649343609809875 287.1508906632662 3.086055517196655 2.388262927532196 0 667.490415930748 0.1036428734660149 3.816042825579643 8.548059478402138 0.9425770789384842 0.6398895233869553 32.33992704749107 3.772760540246964 19.19774916023016 125.2188806086779 11.39034524559975 3.27287620306015 13.64085884392262 9.419458121061325 13.28127990663052 5.106954179704189 0 0 0 0 0 0 0 0 0.2368001937866211 0 0 0 0 0 0 0 0 0 0 0 0 0 0 0 1.265414908528328 0.2406183183193207 0.5672534108161926 0 0 0 0 0 0 0 0 0 0 0 0 0 0 0 0 0 0 0 0 0.4960780665278435 0 0.1280862987041473 0 5.431931003928185 0 0.1333271265029907 0 0 0 0 0 0 0 4.259347096085548 0.1958107054233551 0 0 0.3886646628379822 1.079422920942307 0.2382592856884003 1.777123101055622 0.7170049324631691 0.4785882830619812 0 0 0 0 0.1360111683607101 0 0 0 0 0 0 3.236096151173115 1.40815282613039 0.3915645480155945 85.59381463378668 8.971283070743084 166.7615742608905 17.43618375062943 1177.819407165051 29.09210657328367 1.073852576315403 20.15814756602049 6.053648397326469 0.2786077558994293 2.209450341761112 0 8.834254160523415 0 0.1441040188074112 1.825900286436081 0.4877208098769188 0.251899242401123
1828.020159482956 0 272.0438099876046 211.0271264016628 2022.079222284257 273.5001170635223 2123.912450797856 168.6969311386347 521.5914925038815 257.2337229028344 1332.957699730992 60.11987161636353 115.495314002037 2156.667104072869 0.8200376331806183 0.2549915164709091 0.2997779101133347 0.1229322701692581 0 0.4072651714086533 0.2667766883969307 0 0 0.145426407456398 0 0.1316944658756256 0.1157788559794426 0.2019895985722542 0.1078096777200699 0 1486.855434067547 23.32647194713354 0.2361785396933556 0.1233396828174591 0 0 2.329979293048382 0.486082136631012 0.2368798553943634 0 0 0.08554009348154068 0 0.1184865385293961 0.1090626120567322 0.2693044692277908 35.7923618555069 7.624611102044582 0.1937634497880936 0.1171104684472084 0.5441113114356995 0 0 0.3518792986869812 3.971134215593338 7.803042158484459 69.50655958801508 488.3445070832968 36.82721425592899 29.77353044599295 0.8465342447161674 0.3649094551801682 0.33154296875 89.99000868201256 10.79899428039789 9.969531528651714 2.651905193924904 2.471510507166386 0.554317831993103 0.2448756247758865 7.908442109823227 1.479841083288193 0.12469682097435 112.3178397417068 28.7947244271636 18.42105115950108 28.87297196686268 1.84795917570591 1.91093385219574 49.512247659266 0.7874458059668541 2.111126825213432 21.72627279907465 0.2684174403548241 5.023187585175037 6.780590020120144 3.875774353742599 0 0 0 0 0 0.1129230558872223 0.2386824712157249 0.09727741777896881 131.0905028432608 0.5336747244000435 0 0.5985697656869888 1036.974439956248 1.09669990837574 3.088940903544426 7.593430161476135 0.8814758807420731 1.475055783987045 37.75016251206398 5.414562240242958 22.08537986129522 17.83525191247463 9.407826796174049 2.553443372249603 17.96121111512184 9.836940377950668 13.30825816839933 3.73468579351902 0 0 0 0 0 0 0 0 0 0 0 0 0 0 0 0 0 0 0 0.5171858072280884 0 0 0 0 0.4625508412718773 0.4229416698217392 0.4470013380050659 0.3564481064677238 0.1047947108745575 0 0 0 0 0.09294974058866501 0 0 0 0 0.1310875713825226 0 0 0 0 0 0 0 0.227972611784935 0 0 0.3150194808840752 0.2028200179338455 4.533215537667274 0 0.3265616595745087 0 0 0 0 0 0 0 7.240187548100948 0.4389704763889313 0 0 0 1.028929352760315 0.4242175817489624 1.692694485187531 0.3750215023756027 0.5179463028907776 0.1380361318588257 0.5211223363876343 0 0 0 0 0 0 0 0 0 2.498812049627304 0.1421478986740112 0.7721922546625137 124.9032395407557 17.32060493528843 315.0732838511467 53.42137472331524 1064.374302700162 37.39044019579887 1.852335497736931 50.98802270740271 5.69253146648407 0.2760885655879974 2.231794498860836 0 7.735449224710464 0.3715099543333054 0 0.7683658450841904 1.498202085494995 0.1250164657831192
544.0157074183226 272.0438099876046 0 2.90605828166008 276.4944819286466 0.982709564268589 65.69498441368341 1975.007272087038 529.3461194932461 6.570423983037472 2390.867729485035 0.1788298040628433 52.20255886763334 839.7994562909007 4.641580164432526 2.364165909588337 1.353637523949146 1.877928420901299 0.2967470288276672 12.21114689856768 13.59592926502228 0 0.5580383241176605 0.7310192510485649 1.248088240623474 1.533646315336227 0.1603075265884399 3.178230345249176 0.5712713748216629 0 5609.356167152524 232.605240829289 13.93695737421513 2.225504912436008 0.1922137141227722 5.36817841231823 21.4058164358139 7.448057979345322 6.80857402831316 0.9900700822472572 51.50237056612968 9.673662677407265 17.83344794809818 2.4193384796381 0.5301822572946548 4.408826008439064 53.73431593179703 16.2297098338604 4.342892602086067 7.750604137778282 6.732166148722172 0 0 1.011296138167381 6.787830024957657 11.51696365326643 147.383772701025 1991.902153283358 83.01791443675756 56.81676235049963 31.2357782125473 88.47554664313793 15.16970635950565 345.5853604376316 22.13267053663731 20.15751916915178 4.740243092179298 7.572641119360924 34.97845295071602 42.3777022883296 85.21826707571745 21.69074557721615 0 236.1606416478753 113.2011345103383 40.59903679788113 78.86331560462713 10.70084901154041 640.4516745060682 1317.155888624489 73.8894080221653 1136.134153611958 36.10947427153587 0.2581334039568901 9.127341747283936 11.88934438675642 10.88652147352695 0 0.3517138287425041 0 1.261136032640934 0 33.83462630212307 2.848709404468536 0.2760853171348572 57.88047869503498 4.053980208933353 0 6.00135263800621 740.8418281376362 1.242702186107635 1.243078649044037 5.863939896225929 0.1980727016925812 1.99186772108078 41.44220696389675 1.806911036372185 42.92336328327656 7.060583889484406 6.141929984092712 7.546263009309769 23.94028405100107 20.72779358178377 29.14864458888769 17.47740226984024 0.4230674505233765 0.2001349627971649 0 0.2155687510967255 0 0 0 0 0.2638297900557518 0 0.8019386678934097 0 0 0.1754676997661591 0 0.515391007065773 0 0.4197802543640137 0.143552377820015 0.7184091806411743 0.114682748913765 0 0.9627921879291534 0.6932065486907959 8.303300209343433 4.076513089239597 3.616288982331753 3.053547412157059 0.6095370724797249 0 0 0.3546247780323029 0.7256170213222504 2.497766725718975 0.1223447695374489 0 0.5319345593452454 2.941344901919365 0.5203815847635269 0 0 0.2297448590397835 1.752219408750534 0 0.3639198243618011 0 0.2695481479167938 0.3686986267566681 0 0.6918704882264137 2.26767186075449 20.71439938992262 0 0.2613222301006317 0 0 0.08187185972929001 0 0 0 0.5902616530656815 34.99069912731647 1.894033700227737 0 0 0.3260866403579712 7.00261215865612 2.576136037707329 4.552951246500015 0.5399376004934311 0.1289256811141968 0.09843912720680237 0.5140216946601868 0 0 0 0 0 0 0.1116116940975189 0 0 8.373626247048378 10.71121776849031 6.810501247644424 114.5494312942028 35.10385280847549 363.1879749447107 70.24456366896629 706.4682102799416 60.44187588244677 4.489682339131832 39.39650343358517 6.011774577200413 0.4929046630859375 3.694740734994411 0.4067863076925278 4.778986409306526 0.6736478805541992 0 4.724669508635998 1.107093796133995 0.1547774821519852
2472.932197123766 211.0271264016628 2.90605828166008 0 61.00439395010471 671.1888879612088 467.4419088736176 0.3611383214592934 75.97200571745634 832.4484660625458 1.014794327318668 263.885267585516 900.7909758016467 60.91845452040434 0.1140241548418999 0 0 0 0 0 0 0 0 0 0 0.2814457416534424 0 0 0 0.1086882650852203 15.30911165475845 2.456170037388802 0 0 0 0.2092742025852203 0.1693558692932129 0 0 0 0.1349695920944214 0 0 0 0 0.1139635592699051 10.26773140579462 1.087883420288563 0.2301110476255417 0.3690292686223984 0.2488433495163918 0 0 0 1.072513423860073 3.203501984477043 19.7266112267971 70.49804458767176 10.6128409281373 4.578247345983982 0 0.1389536559581757 0 14.59843230992556 2.263781562447548 3.602573283016682 0.4101528450846672 0.8435694128274918 0 0 106.096666932106 0 0 24.35912247002125 6.155445635318756 5.490886606276035 6.502090193331242 0.2861013486981392 0.1753983497619629 0.6011214554309845 0 0 8.057690471410751 0 1.643862433731556 2.211842842400074 0.5471354499459267 0 0 0 0 0 0.1317900121212006 0.229344516992569 0 252.8841940462589 0 0 0.1199774369597435 465.1753826513886 0.2328247725963593 1.875402569770813 6.140847161412239 0.3600321412086487 1.382069766521454 24.28936522454023 6.335782423615456 22.41940581798553 19.61418955028057 10.29642516374588 2.740812316536903 12.54070702195168 7.828723087906837 9.132562205195427 2.721467792987823 0 0 0 0 0 0 0 0 0 0 0 0 0 0 0 0 0 0 0 0.9458258897066116 0 0 0 0 0.7884885370731354 0 0.3682143539190292 0.2235998660326004 0 0 0 0 0 0 0 0 0.5814356803894043 0 0 0 0 0 0 0 0 0.1112914681434631 0 0.2339779585599899 0 0.421260267496109 0 3.207465142011642 0 0 0.3378577828407288 0 0 0 0 0 0 2.655606657266617 0 0 0 0 0.7342922538518906 0 0.4167125225067139 0.6947827041149139 0.2673324346542358 0 0.8233453631401062 0 0 0 0 0 0 0 0 0 3.198671936988831 0 0.2455785050988197 55.95672926306725 5.820994503796101 113.3777254372835 17.45424444228411 788.8060081228614 13.91956396400928 0.8462242037057877 21.32606720179319 3.048562720417976 0.2225604653358459 2.289923444390297 0 7.100788190960884 0.3935760855674744 0 0.1742327511310577 0.3687372803688049 0
885.8663417100906 2022.079222284257 276.4944819286466 61.00439395010471 0 32.93448039144278 1120.090497158468 247.5603154450655 1017.636008188128 375.3023288100958 958.831521935761 254.7257114425302 289.5588659420609 1891.423215076327 5.850684836506844 1.202576778829098 0.5413635894656181 0.1496109813451767 0.09877199679613113 0.5532098338007927 0.4827376380562782 0 0 0.1220182403922081 0.1145499423146248 0.1913754940032959 0.1342661678791046 0.3301243856549263 0.9541761577129364 0 281.2047140747309 59.37802611291409 2.072019942104816 0 0 0 2.169996038079262 0.156821146607399 0.6887881010770798 0.3602730184793472 0.4616124629974365 1.018991187214851 0.1327027678489685 0.5447704792022705 0.5762170702219009 1.478043474256992 97.15091576427221 16.22591932117939 0.367087259888649 0.4854011237621307 2.275274202227592 0 0.1129085347056389 0.2525036484003067 5.196225374937057 10.07730793952942 45.6768768504262 237.7714757472277 28.1188235655427 58.63184383511543 1.824483051896095 1.421126298606396 0.8843583315610886 221.7071263343096 17.22765755653381 17.43454713374376 5.725496463477612 6.70478692650795 0.6524983569979668 0.2704035118222237 47.46347946673632 1.485949814319611 0 126.3730002194643 55.04715756326914 55.89268634468317 100.2288042604923 5.333236418664455 3.518611393868923 17.46153450757265 1.258017793297768 4.620262794196606 27.08346187323332 0.1095555350184441 9.074419170618057 12.29384616017342 6.332213297486305 0.2382519692182541 0.2510637491941452 0 0.6829620078206062 0.3189202174544334 0.3249096497893333 0.9356579780578613 0.3965352550148964 129.0020016133785 0.6787008866667747 0 0.6599416211247444 202.4097626954317 0.5746927186846733 3.867491379380226 9.131025075912476 0.9521559029817581 3.022980362176895 81.51954733580351 4.634089544415474 70.52766781300306 21.81900790333748 24.90584562718868 9.390006676316261 52.18167190253735 27.63154478371143 39.87761788070202 12.60928394645452 0.1555384993553162 0.1134199574589729 0 0.3581907451152802 0 0 0 0 0 0 0.1477640420198441 0 0 0 0.0965043306350708 0 0 0 0 0.3186144828796387 0.1729681640863419 0 0.2002182006835938 0 2.724029392004013 2.108343780040741 2.20566913485527 0.3426553681492805 0.2930860295891762 0 0 0 0.9565602242946625 0.5131694823503494 0.2848487496376038 0 0.7941145896911621 0.465963676571846 0.2839336693286896 0 0 0 0.118981808423996 0 0.1769209355115891 0 0 0.1203907802700996 0 0.4539594724774361 0.241927832365036 12.93582652509212 0.1335500031709671 0 0.1648409962654114 0 0 0 0 0.1408592760562897 0.2668154239654541 20.37797601521015 0.1477688848972321 0 0 0 3.443602718412876 1.133686147630215 2.62244363874197 0.5238162279129028 1.140902146697044 0.2455890029668808 0.673270583152771 0.1154728457331657 0.1138119697570801 0 0 0 0.09793202579021454 0 0 0 19.4512123465538 2.247700996696949 1.24263384193182 263.5865558162332 51.1883647814393 494.7886524274945 132.9921911731362 539.5633398368955 52.18165745586157 4.15693011879921 90.50730889290571 15.86244280636311 0.2337504848837852 5.783434607088566 1.647999480366707 7.42529870569706 0.1581416428089142 0.2183798253536224 4.643802404403687 4.53099250793457 1.776361227035522
165.8253892809153 273.5001170635223 0.982709564268589 671.1888879612088 32.93448039144278 0 575.8288219571114 1.517488449811935 67.18531829863787 672.9960556179285 10.25167179107666 111.4061200916767 182.045409142971 47.46705838292837 0.2027352750301361 0 0 0 0 0 0 0 0 0 0 0 0 0 0 0 4.535667657852173 0.4398341327905655 6.565388947725296 0 0 0 8.282043844461441 0 0 0 0 0 0 0 0 0 1.735181331634521 0.1285878270864487 0 0 0 3.152289897203445 0 0 0.2394068837165833 1.366966009140015 84.71238420158625 58.57590882480145 9.27778896689415 0.6943966224789619 1.569533601403236 5.846545144915581 0 1.20262885093689 0.7528416365385056 0.1945659294724464 0.2036314979195595 0.09268901497125626 0 0 16.1676874756813 69.12639108300209 0.6317089200019836 6.114666633307934 2.567613154649734 0.4829837381839752 0.4115625321865082 0 0 3.441881313920021 0.7167577743530273 5.425926268100739 0.8856265097856522 0 0 0.2441120445728302 0 1.530806705355644 0 4.223682180047035 1.11511692404747 0.9088974595069885 0 0.1931927055120468 0.318511962890625 129.3271044790745 12.50638967752457 7.181039869785309 0 261.6264506727457 0 0 1.975713521242142 0 0 1.566294685006142 0 0.430951789021492 13.81561470031738 0.1908943206071854 0.4958294630050659 0.7995457351207733 0.509044349193573 0.2559663355350494 0 0 0 0 0 0 0 0 0 0 0 0 0 0 0 0.5184774994850159 0 0.2415667474269867 0 0 0 0 0 0 0 0 0 0 0 0 0 0 0 0 0 0 0 0 0 0 0 0 0 0 0 0 0 0 0 0 0 0 0 0 0 0 0 0 0.3611406981945038 0 0 0 0.1970939934253693 0 0 0 0 0 0 0 0 0 0 0 0 0 0 0 0 0 0 0 0 0 0 0 4.601844191551208 1.467113725841045 14.77085730433464 1.240312345325947 140.5375692248344 6.563549198210239 0 2.232541859149933 0.2062021642923355 0 0 0 0.2356158643960953 0 0 0 0 0
1997.453692965209 2123.912450797856 65.69498441368341 467.4419088736176 1120.090497158468 575.8288219571114 0 12.07334595173597 1183.06943487376 1815.835137978196 63.06248346716166 441.7140156179667 1340.185580641031 402.5412580147386 6.540018312633038 1.55258870869875 0 0.2353194802999496 0.1187724098563194 0.5355323329567909 0.5607623159885406 0 0.1250585168600082 0.1127175316214561 0 0.4056738913059235 0.330679327249527 0.5131678506731987 0.8633883595466614 0 108.1910447627306 52.78439193964005 1.69886489212513 0 0.1208257600665092 0.1245684772729874 5.678286090493202 0.2026166319847107 0.7271878123283386 0 0.1455393880605698 0.3235943019390106 0.2268721908330917 0.2547484040260315 0 0.9387382343411446 121.7161504477262 16.21961864829063 0.2621956914663315 0.1850019693374634 3.291398204863071 0.1296470761299133 0 0.5179682075977325 6.338858887553215 12.16814460605383 50.44326487928629 236.685917891562 38.00365743041039 55.12423411756754 1.370523273944855 0.9014558643102646 1.729544587433338 201.771095097065 18.05234081298113 17.54519402235746 4.357909120619297 5.533328585326672 1.068421922624111 0.1344221383333206 106.838603451848 5.735635951161385 0 150.6900851130486 50.38186069577932 62.86756197363138 101.6584482863545 5.01514658331871 2.442221432924271 25.95531755685806 3.781351640820503 7.991840735077858 35.10207246989012 0.4124384373426437 9.272104613482952 13.381577514112 8.143160454928875 0 0.3847470954060555 0.1285877078771591 2.18642270565033 0.3445851802825928 0.4644570797681808 0.9033273831009865 1.003088414669037 753.6057673543692 0.301103338599205 0 2.252759903669357 438.5317290723324 1.560796320438385 11.6065070182085 42.06031267344952 3.719469547271729 9.851225070655346 240.4575550109148 27.06357870995998 194.2108918279409 78.55343849956989 68.51136177033186 28.19533614814281 128.2120852023363 77.45472131669521 99.86708693951368 28.60983113199472 0.119745634496212 0.3580287545919418 0 0.191911444067955 0 0 0 0 0.1313772350549698 0 0 0 0 0 0 0 0 0 0 2.329527452588081 0.474458247423172 0 0 0 6.470533594489098 1.57267514616251 1.33117251098156 1.213286131620407 0.3571016639471054 0 0 0.1197764351963997 0 0.7359248399734497 0.1432027965784073 0 2.412211418151855 2.51790028065443 0.3815388604998589 0.5234399884939194 0 0 0 0 0.3714105635881424 0.1909888982772827 0.432758241891861 1.894462041556835 0 0.5683553963899612 0.854729026556015 34.1098110973835 0.879686564207077 0.1446225941181183 0.2820734307169914 0.2709719091653824 0.2624291628599167 0 0 0 0 46.6506349593401 0.1866566985845566 0 0.2101459205150604 0 5.712870486080647 0.636352576315403 6.336420990526676 0.982193723320961 2.97500628978014 1.636925645172596 2.578496381640434 0.3838506639003754 0.3395396918058395 0 0 0 0 0 0 0 45.65824023634195 4.625052064657211 4.242348551750183 440.5110181346536 61.70837422460318 661.6579435691237 168.0872753709555 1317.28335442394 75.47041168808937 4.455808252096176 176.2536245435476 29.209941200912 0.4175839126110077 9.018187239766121 1.303749434649944 29.73064994812012 1.198132216930389 0.4157116413116455 8.768444292247295 6.597534418106079 1.741784274578094
186.5146811306477 168.6969311386347 1975.007272087038 0.3611383214592934 247.5603154450655 1.517488449811935 12.07334595173597 0 296.0412540212274 5.76550217717886 1299.315127104521 5.662256896495819 35.16597072035074 1060.317731671035 19.84834702312946 6.405616603791714 1.794386617839336 6.023995667695999 2.347148984670639 29.76723705977201 33.90356936305761 0 0 0.4221473336219788 2.776018381118774 7.140832275152206 2.148345343768597 6.536800354719162 1.399248458445072 0 338.7328649908304 341.2337725535035 10.83382791280746 5.403554946184158 0.1947516947984695 6.994247794151306 3.368934534490108 5.424964308738708 5.190154455602169 0.8282572478055954 80.54589636623859 16.86059638112783 32.45508113503456 5.930815905332565 1.314997881650925 10.58939887583256 155.5347031950951 8.328765623271465 3.021282278001308 14.48942077159882 4.846171669661999 0.3656868040561676 0.4555350542068481 8.758140429854393 3.071750335395336 5.656227953732014 21.58658026903868 148.992739289999 16.48619130253792 48.56052757799625 190.5677306503057 143.1385394781828 43.41878768801689 173.0543466359377 7.327017150819302 9.224126756191254 2.998746059834957 7.400702446699142 57.51091638207436 84.98639477789402 10.23090563714504 7.73441444337368 0.1492521613836288 95.80742570757866 36.32370236515999 89.77809466421604 228.5038530305028 55.52808647602797 640.5025058984756 1156.094701722264 531.9812485873699 2348.046231083572 12.22618560492992 0.2093084678053856 5.50800484418869 6.139269679784775 13.57176896184683 0 0 0 0.9980349466204643 0.2422699108719826 55.3137042298913 5.409151822328568 0.6600221395492554 84.90995339304209 1.435440607368946 0 4.893459014594555 89.26528072357178 0.807714432477951 4.998113811016083 6.933871492743492 0.9377442449331284 1.2201137393713 58.05498666316271 2.694989770650864 44.10928139090538 13.5895469635725 10.84200970828533 5.370964184403419 33.59654028713703 16.25487174093723 34.0600815564394 11.57173572480679 0.6941839456558228 0.1418912559747696 0 0.6788295954465866 0 0 0.2549681961536407 0 0.1039663031697273 0.4351072162389755 0.466184213757515 0 0 0.4692938178777695 0 1.305832356214523 0.5730628669261932 2.770228192210197 0 0.5405085831880569 0.1067394614219666 0 0.2117652520537376 0 6.199071131646633 2.969296395778656 2.898717194795609 3.175869278609753 0.1257096081972122 0 0.2746868878602982 0.4571219235658646 0 1.205250814557076 0.3471531495451927 0.688663437962532 0.4988081455230713 0.7973255515098572 0.3565831780433655 0.3616467416286469 0 0.4258575960993767 1.818914338946342 0 0.101229228079319 0 0 0.7252407968044281 0 1.010540448129177 2.689573481678963 13.10309904068708 0 0.1457262486219406 0.09764540195465088 0 0 0.1627256870269775 0 0.1037783101201057 0.6636509895324707 17.08400207012892 0.9273112863302231 0 0 0 2.100564137101173 1.427988216280937 5.323862560093403 0.2681786268949509 0.6412017643451691 0.4922132715582848 0 0 0.4954627901315689 0 0 0 0 0.09928436577320099 0 0 13.33109748363495 6.07338885217905 6.877309732139111 290.9496148899198 48.33054120093584 417.2296385839581 118.1398241221905 168.2042973339558 41.7758979126811 2.18867526948452 119.7772971019149 21.71860404312611 1.435525298118591 7.68545301258564 0.3116656318306923 6.683701857924461 0.4492486417293549 0.2323203384876251 6.294858798384666 6.794007152318954 2.219188049435616
222.4333682358265 521.5914925038815 529.3461194932461 75.97200571745634 1017.636008188128 67.18531829863787 1183.06943487376 296.0412540212274 0 963.9927409887314 1894.664918355644 573.2665538340807 1846.052300520241 1598.570109568536 17.89022198319435 2.747365072369576 0.6360397487878799 0.5148793905973434 0.3013496696949005 0.5683002695441246 0.9841955006122589 0 0 0 0.5242356508970261 1.179203577339649 0.3985077440738678 0.7519107013940811 1.090597607195377 0.1166092157363892 92.67359042167664 76.73743510991335 5.891816213726997 0 0 0.2801684439182281 5.379702612757683 0.2914890497922897 0.7725759148597717 0.280399776995182 0.6812465116381645 0.5861416980624199 0.1510845124721527 1.95763286948204 0.6851609423756599 1.350231237709522 191.9801113829017 11.85154147446156 0.752223864197731 0.4991057068109512 3.222880229353905 0.1187529638409615 0.279392346739769 0.5028561279177666 3.779988028109074 7.456537179648876 34.25020096451044 119.1746950894594 22.27122289687395 66.11353006958961 1.572774387896061 1.305097326636314 0.7503945305943489 189.1068283692002 12.59440696984529 13.70499099045992 3.022209689021111 5.660460598766804 1.341399200260639 1.356885850429535 162.7001499086618 15.25160271674395 0 134.0153616070747 40.89632529765368 97.42493042349815 179.7399174198508 9.815893828868866 4.050336964428425 99.88174181431532 2.886119604110718 10.71454609185457 21.63019952178001 0.3618966042995453 7.263217553496361 7.855354391038418 6.577227987349033 0 0.2361283451318741 0.1360052675008774 1.163822911679745 0.4090029150247574 0.9520255327224731 1.262724667787552 0.6819944009184837 1037.607696771622 1.82935918867588 0 1.732259973883629 97.99862740188837 5.146436303853989 19.38926522433758 77.00020909309387 9.496349766850471 24.78097253292799 642.7482857480645 37.97550913691521 508.0975731015205 143.993871845305 152.6939411237836 76.04963959008455 384.608236528933 222.4599791169167 366.0485442876816 89.39562111347914 0.1203723251819611 0.4045519158244133 0 0.6935030519962311 0 0 0 0 0 0 0 0.1785852313041687 0.1265644431114197 0 0 0 0 0 0 6.117558531463146 2.052884206175804 0 0.8303311914205551 0 26.65215884894133 6.847739405930042 4.13324810564518 2.661961853504181 0.1059356033802032 0 0 0 0.2492191791534424 1.330712839961052 0 0.3086804151535034 4.763106890022755 5.39849054068327 1.992555014789104 0.1308451741933823 0 0.1124293282628059 0.2321677356958389 0 0.7747584879398346 0.1270925402641296 0.7344380989670753 3.292496457695961 0 0.5837547928094864 0.5917392671108246 81.96418644487858 0.5851323753595352 1.45797360688448 0.844669446349144 0.2722748965024948 0.4871301427483559 0.2631833553314209 0 0.1445326954126358 0.5988226383924484 154.3107277601957 3.411783315241337 0 0.1821751892566681 0 17.30915953218937 3.98861113935709 16.30212984234095 3.570008270442486 7.031292863190174 2.468904092907906 2.855830229818821 0.7643895819783211 0.8349523320794106 0 0 0 0 0 0 0 125.5103066712618 19.96976039558649 8.547428943216801 639.5496409162879 65.81954580545425 735.1727699413896 231.7267121821642 542.5610140189528 75.93039946258068 4.822250433266163 269.9356186911464 53.92062890529633 0.59861970692873 30.14464025199413 2.478831507265568 40.09373450279236 0.5620468705892563 0.3855117708444595 8.992366179823875 10.64104843139648 4.349880740046501
3108.567176550627 257.2337229028344 6.570423983037472 832.4484660625458 375.3023288100958 672.9960556179285 1815.835137978196 5.76550217717886 963.9927409887314 0 52.45059699565172 817.2310100793839 4451.455540239811 640.8746634870768 0.7009813711047173 0.2543323710560799 0 0 0 0 0 0 0 0 0.2380020171403885 0 0.1001656651496887 0 0 0 7.428096562623978 0.8302964717149734 17.78236770629883 0 0 0 20.59628620743752 0 1.253238409757614 0 0 0 0 0.108928807079792 0 0 5.010555684566498 0.5233778953552246 0 0 0.1761528253555298 0 0 0 0.4473127871751785 0.557360403239727 16.04014134407043 44.12555588036776 4.988425999879837 3.994312681257725 0.2883538901805878 0.3459282368421555 0.1359298527240753 2.204952470958233 0.4083724543452263 0.8261490762233734 0.09390197694301605 0.2196331992745399 0.1006085723638535 0 412.7779259085655 4.388719230890274 0 11.15441055595875 1.720512539148331 4.270703591406345 4.362082399427891 0.596228152513504 0 6.236008733510971 0 0.736130952835083 1.593464933335781 0 0.3190930932760239 0.8682934865355492 0.2379598990082741 0 0 0 0 0 0 0.1328135430812836 0 1396.043542847037 0 0 0.3102667778730392 666.5840182751417 1.67855204641819 15.25311082601547 38.35083294659853 5.697440564632416 5.474632441997528 254.5965231359005 32.14081653952599 158.6048894077539 132.4391518086195 79.54314045608044 19.19186621904373 128.7852634340525 79.124466791749 127.5607218369842 21.5129212886095 0 0 0 0.1386228501796722 0 0 0 0 0 0 0 0 0 0 0 0 0 0.5914661884307861 0 1.50066813826561 0.2354378253221512 0 0 0 6.349596455693245 1.281483374536037 3.607630401849747 0 0.2616465389728546 0 0 0 0 0.2826709151268005 0 0 1.175519019365311 2.270262822508812 0.5434310212731361 0 0 0 0 0 0.8625907450914383 0 0.3528437539935112 1.870877660810947 0 0 2.073805555701256 23.24063755571842 0 1.76166270673275 0.3623480424284935 0 0.3331683129072189 0 0 0 0 27.8176733404398 0.8147646188735962 0 0 0 2.419290527701378 1.104830682277679 5.299885600805283 2.441973708570004 0.516558364033699 1.26448293030262 1.204618722200394 0.2139919251203537 0.4733742028474808 0 0 0 0 0 0 0 46.51906273514032 4.198453471064568 3.278638899326324 45.37502759695053 3.553714923560619 57.18569185584784 11.34924925863743 707.9271815940738 5.220361419022083 0.2505166232585907 16.15750762075186 14.80383369326591 0 9.335862144827843 1.049634456634521 40.17312222719193 0 0 1.877588756382465 2.463919818401337 0
980.3197615668178 1332.957699730992 2390.867729485035 1.014794327318668 958.831521935761 10.25167179107666 63.06248346716166 1299.315127104521 1894.664918355644 52.45059699565172 0 69.95964354276657 127.4699954092503 1779.303249210119 18.10007137060165 3.979167588055134 1.45890785753727 0.5689055994153023 0.3985653519630432 1.027179442346096 0.5435075014829636 0 0 0 0.7433912381529808 0.9680696949362755 0 0.8245555311441422 0.3733930364251137 0 991.9094581902027 118.54420235008 39.75686954706907 0.5713056549429893 0 1.084093764424324 28.60834009200335 0.154082790017128 1.175854653120041 0.4427748173475266 2.56432268768549 0.6542134135961533 0.4487922042608261 2.491497553884983 0.4588072597980499 1.495227597653866 177.800788924098 8.635288365185261 1.717096202075481 0.6479722708463669 1.124214738607407 0 0 0.3877967745065689 3.305468633770943 6.295107536017895 38.59985587745905 240.0638723298907 25.50713722407818 55.02636137604713 0.941491536796093 6.603835925459862 1.465198166668415 171.9462078437209 9.985290683805943 12.1685853600502 2.996999554336071 3.43710146099329 0.9134057015180588 1.540034584701061 34.40536760538816 21.79409152269363 0 123.9764452576637 38.40429039299488 101.6369526013732 175.4401138424873 17.03859883546829 212.1973336189985 551.6770854815841 4.590007081627846 181.7335914075375 18.31698377430439 0 5.479533858597279 7.701083399355412 5.711124680936337 0 0 0.1616355925798416 1.206646896898746 0.3973635211586952 1.945102691650391 0.7892219722270966 0.4381345435976982 668.2588710039854 0.9558424949645996 0 0.9076293557882309 206.1147660762072 2.668495364487171 16.81307253241539 47.40544661879539 5.627956435084343 8.235381290316582 424.6686086952686 22.18176133930683 269.5141145586967 72.01523135602474 84.22521539032459 39.96430911868811 251.1083078235388 134.2624947428703 257.985405549407 59.87058687210083 0.2274092435836792 0.1755467504262924 0 0.2962047457695007 0 0 0 0 0 0 0.3416736200451851 0 0 0.2748217880725861 0 0.1137627586722374 0 0 0 2.229680188000202 0.4225520864129066 0 0 0.2063221335411072 20.74738745391369 2.48229856044054 3.112871065735817 1.667338773608208 0.4659886732697487 0 0.1279733330011368 0 0.623034231364727 0 0.7804545760154724 0.1610240042209625 2.92225569486618 2.484091475605965 1.119135171175003 0.4362052232027054 0 0 0.1216177195310593 0 0.554584726691246 0.1123139783740044 0 2.96975639462471 0 0 0.5731241628527641 47.3819897249341 1.335351958870888 1.353985585272312 0.2238019183278084 0 0.2250805050134659 0 0 0 0.1982739120721817 91.25534035265446 1.600529804825783 0 0 0 13.31593431532383 1.950843550264835 10.1144743040204 2.798972927033901 2.144992247223854 2.329154759645462 2.218436926603317 1.067873761057854 0.5862975418567657 0 0 0 0.1014110594987869 0 0 0 81.97116996347904 11.56127861142159 5.533540315926075 555.0330441147089 51.30745457112789 565.6636279523373 174.78537940979 373.2381805256009 62.97706119716167 2.329015344381332 210.0343930572271 35.92371852695942 0.5402721613645554 17.90149465203285 1.612766191363335 31.04653242230415 0.674154132604599 0 10.50628185272217 10.37846931070089 1.174322292208672
231.9697705805302 60.11987161636353 0.1788298040628433 263.885267585516 254.7257114425302 111.4061200916767 441.7140156179667 5.662256896495819 573.2665538340807 817.2310100793839 69.95964354276657 0 3836.516652032733 258.174404412508 0.8781807869672775 1.09210667014122 0 0 0 0 0 0 0 0 0 0 0 0 0 0 1.077664449810982 0.1390454173088074 10.21550054848194 0 0 0.5162343978881836 88.40747226774693 0.4493069350719452 0 0 0.1865989565849304 0 0.2509571015834808 0.5166749209165573 0 0.1423846036195755 6.332593724131584 0.270455576479435 0 0 0 0 0 0 0.1670644730329514 0 3.486596629023552 3.186511158943176 0.4611513614654541 1.127756893634796 0.2301353514194489 1.731755971908569 0 0.9938285648822784 0.09827371686697006 0 0 0 0 0 285.2485020458698 20.19684624671936 0 1.50804714858532 0.8514162600040436 2.255758084356785 3.499619960784912 1.006373532116413 0.1553686559200287 3.141514807939529 0 1.365942820906639 0 0 0.2528930008411407 0.1020543575286865 0.2041689306497574 0 0 0 0 0 0.1313288062810898 0 0 880.3330523222685 4.837604492902756 0 0 119.0291412472725 0.7770513445138931 1.972871243953705 12.70173010230064 0.5450446009635925 2.430510357022285 105.4563085362315 10.53842134773731 69.65561281144619 31.89633150398731 28.54408734291792 7.65044841915369 68.50355669111013 32.8243562951684 77.5326669588685 19.56463196873665 0.3895122185349464 0.5604284852743149 0 0.126811146736145 0 0 0 0.2164321094751358 0 0 0 0 0 0 0 0 0 0 0 1.130305774509907 0 0 0 0 4.23086553812027 0.6323622912168503 0.4412453472614288 0.7519137114286423 0 0 0.2014133334159851 0 0 0.5408889055252075 0 0 0.5697218477725983 0.8229062408208847 0.6006267815828323 0 0 0 0 0 0 0 0.09632955491542816 0.6997448205947876 0 0.3259986639022827 0.5918986350297928 19.17602598667145 0.1611829698085785 0.5879394263029099 0 0 0 0 0 0 0 32.5616666674614 1.669309601187706 0 0 0 2.192965716123581 0.7501252591609955 2.646759986877441 0.8875108659267426 2.384042680263519 1.140566974878311 0.8628010749816895 0.2624866366386414 0.3386358022689819 0 0 0 0 0 0 0 31.3427336961031 8.495801478624344 1.045806780457497 41.05740606039762 1.137674622237682 17.74680022895336 4.295087411999702 210.384014993906 1.61047001183033 0.2703410983085632 11.36709439754486 5.227406471967697 0 3.244163811206818 0.9307083562016487 11.61422739923 0.7737760245800018 0 1.391761533915997 0 0
477.6198941022158 115.495314002037 52.20255886763334 900.7909758016467 289.5588659420609 182.045409142971 1340.185580641031 35.16597072035074 1846.052300520241 4451.455540239811 127.4699954092503 3836.516652032733 0 1440.794664591551 40.17143074423075 20.3123940974474 1.690669946372509 1.454282514750957 0.4926573634147644 0.5703538730740547 0.6807778775691986 1.338717892765999 0 0.2700492441654205 1.38688288629055 0.5139327496290207 0.1271982938051224 1.064247213304043 4.048245005309582 0 7.155256643891335 9.598461844027042 176.9014107435942 0.2684936821460724 0.2584652602672577 72.15778028964996 103.5693511068821 23.01430359482765 34.64449746906757 20.51203524321318 3.533882185816765 3.381875842809677 0.9769454598426819 10.09439933300018 0.2805955931544304 1.529727719724178 141.1688241288066 2.123008191585541 0.9197368249297142 0.550918772816658 1.807857625186443 0.3368121981620789 1.810774147510529 0.3138653486967087 0.8689061477780342 1.989268183708191 10.7175467684865 20.07904903590679 6.679118573665619 24.37089835852385 18.58661371469498 109.4513522237539 2.173407129943371 28.57926440238953 2.279106691479683 2.819331429898739 1.152077496051788 1.881877683103085 1.937986791133881 2.49051071703434 348.5130389109254 77.55790077894926 0 40.41640301048756 7.932484999299049 70.00737807899714 104.2102910727262 33.66508105397224 5.505190648138523 796.6393005922437 7.488782852888107 82.18767105042934 5.261318527162075 0.1199997887015343 1.356259562075138 2.358348041772842 3.466678559780121 0.4807231724262238 0.312105692923069 0 0.5919097512960434 0.361204706132412 2.700222104787827 1.31437074393034 0.5633616670966148 6190.845099881291 308.4842655211687 1.732248783111572 19.37476272881031 214.2839059084654 2.692455172538757 12.70825171470642 63.22842159122229 9.62434709072113 21.27231881022453 572.6060758307576 41.47854773700237 445.250215023756 140.0913193896413 139.5933940559626 72.1871013045311 390.1707223430276 227.1713924780488 360.1087431535125 92.8933412656188 0.2886202782392502 1.426178209483624 0 0.2566321194171906 0 0 0 0 0 0 0 0 0 0 0 0.1502668708562851 0.3295148015022278 0 0 4.305997706949711 0.7706905752420425 0 0.6486010476946831 0 32.59979375451803 3.150950446724892 3.955414965748787 2.382479287683964 0.2550773918628693 0 0.1462842226028442 0.1182059198617935 0.7647493183612823 0.8425149321556091 0.5002434104681015 0 3.477421522140503 5.773483879864216 1.14303694665432 0.2008664458990097 0 0 0.1381541788578033 0 0.4311606884002686 0 0.1519908159971237 1.54590068757534 0.2071198523044586 0.6907913982868195 1.948181867599487 79.89355644583702 0.963681235909462 2.216930165886879 0.9283555820584297 0.1900003254413605 0.1620620936155319 0 0 0 0.8351698666810989 186.9743238091469 4.64963898062706 0.1361173838376999 0 0 18.90876951813698 4.286119475960732 13.39670700579882 2.776803247630596 7.451637774705887 3.045529566705227 2.207560680806637 0.2670677900314331 0.7310509160161018 0 0 0 0 0 0 0 178.5754356533289 48.58482114225626 14.17830490320921 646.9423992261291 53.09499219059944 340.5176454260945 130.4002563655376 487.4958837628365 58.37687525898218 1.989620611071587 207.646219715476 39.70840607583523 1.622038677334785 21.24743094295263 2.713190697133541 36.5883671939373 0.805288165807724 0 8.193086728453636 14.45761840045452 2.36161270737648
739.8178992941976 2156.667104072869 839.7994562909007 60.91845452040434 1891.423215076327 47.46705838292837 402.5412580147386 1060.317731671035 1598.570109568536 640.8746634870768 1779.303249210119 258.174404412508 1440.794664591551 0 44.39128616452217 15.35242853313684 1.263136006891727 0.6858404129743576 0.2936452403664589 0.5799034237861633 1.578597523272038 0.1315697729587555 0 0.1116841360926628 0.3160985037684441 2.511715553700924 0.1238213330507278 3.351682893931866 0.4998303577303886 0 483.93498570472 53.04353931546211 86.32267916947603 0.2882900312542915 0 8.213798277080059 210.718066111207 5.410056963562965 1.680068142712116 1.81803922355175 7.198173716664314 3.492657832801342 1.048811137676239 8.449292160570621 0.5909468606114388 1.939975120127201 264.0209167674184 11.28711692243814 1.992855317890644 1.040636271238327 3.186402663588524 0.1320742666721344 0.1333056688308716 0.2054054662585258 3.572039738297462 6.77110792696476 38.01145699620247 190.0661364197731 22.65803379565477 60.85108812153339 2.867311201989651 14.50261380523443 2.588577188551426 140.4096350967884 10.67984393239021 14.08120987564325 3.63147035241127 5.683880560100079 5.468716576695442 6.892024718225002 97.11891565471888 29.84172829985619 0 135.8431268632412 38.32870879769325 145.3929174616933 209.6515865027905 35.8993711695075 18.98409294337034 1875.962125472724 5.498428516089916 255.2004042640328 19.16166617721319 0.6601156666874886 5.472558304667473 7.387928105890751 6.225283980369568 0 0.3949249684810638 0 1.00349647551775 0.6654574424028397 7.260666683316231 1.012259945273399 0.792859748005867 1426.10627489537 3.79919171333313 0 1.307169236242771 217.7198162302375 2.588820829987526 9.791209176182747 39.42989771068096 2.558406442403793 15.72106179594994 422.7617524638772 21.51650233566761 320.3493018969893 88.69817788153887 94.36126298457384 48.65946236997843 269.0963123142719 163.1709388643503 278.6489493697882 71.50912775099277 0.1999949812889099 1.610536761581898 0 0 0 0.104105606675148 0.1475869864225388 0 0.1429676115512848 0 0 0.1109614968299866 0 0 0.1127416417002678 0.1181736215949059 0.4347763806581497 0 0 2.945479609072208 1.396454833447933 0 0 0.4211991280317307 26.77144145220518 4.079259589314461 6.376133516430855 1.437035739421844 0.252519890666008 0.2124343812465668 0 0 0.1667743325233459 0.4568416476249695 0 0 1.488241493701935 2.898164384067059 0.60182885825634 0.161260187625885 0 0 0.3280515894293785 0.1167436540126801 0.8691185712814331 0 0.8778170198202133 1.624770469963551 0 1.037735268473625 1.657509677112103 62.68392488360405 1.432358056306839 1.296453967690468 0.3931776359677315 0.408318817615509 0.09074435383081436 0.1000528633594513 0 0 0.1174532771110535 133.1474278345704 3.311632350087166 0.3604779690504074 0 0.1322504580020905 16.17092684656382 2.866850703954697 10.8582249134779 4.823521226644516 4.005462467670441 2.842775717377663 2.513619109988213 0.9087461233139038 0.3541770428419113 0.1201158612966537 0 0 0 0.1403248608112335 0 0 104.423444584012 28.46349067240953 7.207454174757004 869.5513385608792 76.18230024725199 697.7545854747295 243.045499689877 512.9914768710732 94.2258808016777 4.541046917438507 333.6723152771592 56.54751726984978 0.9001065194606781 20.65429244190454 1.882354751229286 28.51358631998301 0.8745296448469162 0.6944951266050339 8.895331345498562 19.40413708984852 3.442302577197552
