0 4434.114521965384 391.5285993665457 1327.094371892512 665.765122756362 66.38823737204075 458.5708899348974 236.2139656245708 117.2806579694152 1220.560161374509 591.1361188814044 51.98572537302971 196.6305906623602 257.931161262095 3.345820657908916 0.24990613758564 0 0.1531381607055664 0 0 0.1036328673362732 0 0.1326180547475815 0 0 0.2646699994802475 0.4574162736535072 0 0.6374945044517517 0 495.1653910055757 17.61252505332232 14.82779620587826 0.2358497679233551 0.1290011554956436 0 4.606190249323845 0.8834116533398628 0.1807893216609955 0 0 0 0.1545251160860062 0.2150727659463882 0 0.08508986979722977 12.84920296818018 1.36322845518589 0.2742728441953659 0 0.2392345070838928 0.3798124045133591 0 0 2.888618998229504 2.866361528635025 233.6187852397561 569.940581895411 16.27209486812353 6.878301724791527 0.3809771537780762 0.9487572312355042 0 2.852359615266323 2.721873395144939 0.5917080789804459 0.3245532512664795 0.9797926992177963 0.309293620288372 0.10688167065382 18.18596029281616 9.694307014346123 0.3355095088481903 156.4580680206418 16.23071128129959 19.80629748851061 2.464658349752426 0.3504581898450851 1.197862923145294 53.7935042604804 0.1340888291597366 3.811880938708782 8.540287636220455 0.4141651391983032 2.261770583689213 1.367556735873222 0.732574075460434 0.4160487502813339 0.2111834138631821 1.854617521166801 0 0 0.1083217710256577 0 0 255.5110338777304 5.734526872634888 2.067995831370354 0.5892869532108307 1709.389697797596 0 0 0 0 0 1.207133591175079 0 0.2623259425163269 60.84106761217117 0.9602003991603851 0 1.617793932557106 2.197783119976521 1.39563961327076 0.567701555788517 0 0 0 0 0 0 0 0 0 0 0 0 0 0 0 0 0 0 0 0 0 0.1241415068507195 0 0 0 0 0 0 0 0 0 0 0 0 0 0 0 0 0 0 0 0 0 0 0 0 0 0 0 0 0 0.4314053952693939 0 0 0 0 0 0 0 0 0 1.195355139672756 0 0 0 0 0 0 1.169989421963692 0.1369892656803131 0 0 0 0.1073046326637268 0 0 0 0 0 0 0 0 2.09984640032053 0.1792315989732742 0.547517754137516 53.18391750007868 6.108694016933441 51.61668509989977 11.33109807223082 1056.595335543156 9.074534326791763 0.2097373381257057 9.484157785773277 1.622519806027412 0 0.1672395467758179 0 2.932589530944824 0 0 0 0.3015671372413635 0
4434.114521965384 0 882.9576749503613 1396.187245547771 5062.315909579396 137.8008939027786 2093.117915824056 535.0406695902348 1237.546474471688 1627.802393049002 1538.576251089573 57.71478942036629 658.0386046618223 859.7518902048469 27.7032495290041 1.549785859882832 0.1118569895625114 0.09100796282291412 0.1134953647851944 0.4747753292322159 0.413405530154705 0 0.2555437162518501 0.2997894510626793 0.1174293905496597 0.40446787327528 0.4106105864048004 0.2271796241402626 0.1979384049773216 0.2020949199795723 2537.751066938043 75.34178673475981 14.34807887673378 0.2317834049463272 0.2865883484482765 0.5274341702461243 4.085529267787933 0.2906226366758347 0 0 0.5177001059055328 0.134888619184494 0.08360836654901505 0.690928727388382 0.3139375820755959 0.2927565798163414 130.9778970628977 15.21041497588158 0.185930147767067 0.2238848954439163 0.9487455040216446 0.09450365602970123 0 0.5221363827586174 24.4737943187356 20.34568750113249 96.79668747633696 849.6299050152302 10.90926284343004 63.22891053557396 0.1077167019248009 3.383996285498142 0.0929088294506073 35.14314140379429 23.85701949894428 7.704841777682304 4.471079602837563 8.739346370100975 2.440322555601597 1.214989893138409 7.099037170410156 0.3558514267206192 0 672.5030106604099 199.9964596703649 236.6473300084472 43.69829670339823 2.424725852906704 4.793818227946758 106.1243241652846 0.927512601017952 10.52162120491266 65.74248507618904 0.8721503987908363 17.93613225966692 11.36270402371883 7.620925486087799 0.395744301378727 1.771988771855831 0.1214145794510841 0.4122002720832825 0.3980386406183243 1.602234870195389 0.7599498704075813 0.7952321320772171 56.28972771763802 0.2137055546045303 0 0.1471430212259293 1603.72339040041 0 0 1.276555597782135 0.2159873098134995 0 8.95720873773098 0.5238509327173233 4.721169859170914 415.7804386094213 14.31787042319775 0.7889389991760254 16.06974910199642 9.246366247534752 7.938918046653271 5.13376922160387 0 0 0 0 0 0 0 0 0 0 0 0 0 0 0 0 0 0.1636256724596024 0 0.12043846398592 0.3146225214004517 0 0 0 1.942121371626854 0 0.5749161243438721 0.2699492275714874 0 0 0 0 0 0 0 0 0.08821345865726471 0.140841469168663 0 0 0 0.08781622350215912 0 0 0 0.2077642977237701 0 0 0 0 0.1828047782182693 2.835934139788151 0 0 0 0 0 0 0 0.1084917262196541 0 9.640815511345863 0 0 0 0 0.6985921934247017 0.1603367328643799 0.5973739922046661 0.258528470993042 0.4397220760583878 0.1657077819108963 0 0 0 0 0 0 0.3355246484279633 0 0 0 9.485234908759594 0.2187818735837936 1.200267046689987 365.5950816050172 41.95409674942493 394.0828958377242 71.80702452361584 785.6864328086376 27.38749869912863 3.017995312809944 67.31417421251535 4.372027888894081 0.2737917378544807 1.462514206767082 0.4498370587825775 4.985673248767853 0 0 0.1489992886781693 2.725389540195465 0.4255489557981491
391.5285993665457 882.9576749503613 0 5.032535217702389 523.9704955741763 8.093441694974899 36.61705217510462 3552.271726205945 545.3810471370816 13.60950932651758 2990.878180451691 6.871645644307137 60.74664343893528 734.0650453343987 17.64410250633955 3.715848788619041 0.7619651257991791 0.5606737062335014 0.1537356376647949 0.4768670499324799 0.6164104640483856 0 2.086304016411304 1.769992843270302 5.273073866963387 0.870818980038166 5.632867857813835 0.3803587630391121 0.2191086933016777 1.031543709337711 3373.020253181458 1808.460581354797 17.7304767742753 0.1214770600199699 4.428667075932026 0 1.246422335505486 1.145291790366173 0.1019739359617233 1.565971069037914 3.98474232852459 1.522238627076149 1.209575712680817 1.885466039180756 0 0.1795294135808945 51.67726045101881 7.575195506215096 0.1369833946228027 2.107191368937492 1.172420270740986 0.08618492633104324 0 0.1111233755946159 10.41472769528627 10.57865564525127 96.64297147840261 1512.842262834311 7.560163944959641 29.41715017706156 3.472604185342789 0.5264903753995895 0.1751403957605362 166.1745060831308 9.689654104411602 3.214478924870491 2.757885195314884 5.545854553580284 5.22298888862133 2.544826798141003 0.6230770945549011 0 0 531.4368925690651 282.8341955468059 133.9506123065948 41.86109554022551 11.01750931888819 37.33051140606403 418.9280508384109 6.233364224433899 111.9146174639463 29.70436783879995 0.4547376111149788 7.882038317620754 6.629230871796608 3.577177152037621 0 1.713488034904003 0 0.5366641506552696 0.651304729282856 6.423788778483868 1.543075010180473 0.7997052371501923 3.995623074471951 1.294836446642876 0 0 743.7657002061605 0 0 0 0 0 3.252252891659737 0 0.526710033416748 1.083062395453453 0.550505593419075 0 0.9826990514993668 1.6478331387043 1.44806294888258 0.802659809589386 0 0 0 0 0 0 0 0 0 0 0 0 0 0 0 0.1230030059814453 0 0.4129331260919571 0 0.150203138589859 0.1442697942256927 0 0 0 0.1736778765916824 0 0.1200606003403664 0.1357517838478088 0 0 0 0 0 0 0 0 0 0 0 0 0 0 0.3542386144399643 0 0 0 0 0 0 0 0 0.7107605040073395 0 0 0 0.09289463609457016 0 0 0 0 0.122383825480938 1.814990498125553 0 0 0 0.1655515134334564 0 0 0.4932432174682617 0 0 0 0 0 0 0 0 0 0.08190245926380157 0 0 0 1.787034563720226 0.5366086810827255 0.8497793152928352 119.4367471560836 22.07315790653229 140.0862930193543 26.85284651815891 142.838592723012 13.02960316091776 0.8406505286693573 26.6375993937254 3.803925983607769 0 0.154996320605278 0.09094653278589249 1.150854341685772 0 0.1475571542978287 0 0.8286129087209702 0.3401019871234894
1327.094371892512 1396.187245547771 5.032535217702389 0 280.9930623844266 224.4572049230337 671.5287839174271 1.736738473176956 100.9818874597549 1789.78639370203 12.18255952745676 197.4645352959633 850.8917516767979 6.959219098091125 1.206260338425636 0 0 0 0.1136089041829109 0.1540726274251938 0 0 0 0 0.08411781489849091 0.1040797606110573 0 0 0 0 23.57105919718742 2.052534401416779 0.1001648679375648 0 0 0 0 0 0 0 0 0 0 0 0 0 21.28105457872152 2.951985970139503 0 0 0 0.1602147966623306 0 0 2.21198907494545 2.563270278275013 15.85353059321642 95.05599767714739 2.389594867825508 8.629897721111774 0 0 0 3.109798260033131 2.545556426048279 1.378800377249718 0.5004554018378258 1.251298777759075 0.3877549767494202 0.1890936195850372 0.1790816932916641 0 0 82.08827329427004 19.34714374691248 23.35477308183908 2.682757899165154 0.1095686256885529 0.10317263007164 1.101064749062061 0 0.2321310788393021 9.656756818294525 0.1716513484716415 1.86076831817627 1.76750148832798 0.7816674262285233 0 0.09690852463245392 0 0.1182591319084167 0 0.1734518110752106 0 0 43.31719018518925 0 0 0 260.3205714449286 0 0 0.7185822129249573 0 0 5.200698867440224 0 2.739039272069931 34.56217071413994 5.263244763016701 0 4.777732819318771 6.147490993142128 2.696009948849678 0.3100728094577789 0 0 0 0 0 0 0 0 0 0 0 0 0 0 0 0 0 0 0 0 0 0 0 0 0.4260168522596359 0 0.1045633777976036 0 0 0 0 0 0 0 0 0 0 0 0 0 0 0 0 0 0 0 0 0 0 0 0 0.9738751277327538 0 0 0 0 0 0 0 0 0 1.763248078525066 0.1138548478484154 0 0 0 0 0.2431219965219498 0.2081398367881775 0 0 0 0 0 0 0 0 0 0 0 0 0 2.179265268146992 0 0.5861636772751808 44.20996238291264 4.930382564663887 43.53034511208534 9.959867976605892 392.1171301081777 4.747303135693073 0.4941438585519791 7.727438688278198 0.1310546696186066 0 0 0.1525972783565521 2.264902487397194 0 0 0 0.09792310744524002 0
665.765122756362 5062.315909579396 523.9704955741763 280.9930623844266 0 25.22342762351036 4124.806411020458 89.23746920377016 6292.830732852221 599.1282404959202 1109.009229898453 134.2323098927736 571.0536804422736 826.6561832800508 39.09523244202137 3.139034293591976 0.7770284861326218 0.2419845834374428 0.3384851291775703 0.4827375859022141 0.5401267111301422 0 0 0.09233611077070236 0.2569924294948578 0.4405400827527046 0 0.5543618723750114 1.024139113724232 0.1027626171708107 239.1092287451029 22.56033860892057 19.02109989523888 0 0 0 4.294345363974571 0.9519629180431366 0.1008364111185074 0 0.747443400323391 0.7790577784180641 0.251105822622776 0.7224713936448097 0.213620588183403 0.1901897266507149 98.80310635268688 9.283989228308201 0.522271029651165 0.1019979268312454 0.7619268745183945 0 0.1029379293322563 0.2099952176213264 7.989351585507393 10.0811582505703 24.30877739936113 167.1210047081113 5.25200892239809 41.22717228531837 0.1061777323484421 4.022334612905979 0 30.34425520896912 9.521988801658154 4.329202771186829 2.174912922084332 4.729355581104755 0.7010784968733788 0.5118567943572998 12.14964489638805 0.56853286921978 0 233.8781251199543 88.36592166870832 172.2357999160886 33.78529038280249 2.11032497882843 1.277685016393661 32.01395462453365 0.4053964763879776 5.07638930529356 31.28178068250418 0.3551650419831276 9.224871814250946 6.969583503901958 4.274888232350349 0 1.829181425273418 0.1452009975910187 0 1.070748642086983 0.595726490020752 0.3364758789539337 0.5268265977501869 145.2483681812882 0 0.14447982609272 0 120.1492524519563 0.2549378052353859 0 2.597342446446419 0.8880457878112793 0.2014224231243134 46.19846726208925 2.186412796378136 21.01922226697206 27.94271890074015 35.17892204225063 2.173840932548046 68.59179801493883 46.65822161734104 33.81495375186205 15.2413125783205 0 0 0 0 0 0 0 0 0 0 0 0 0 0 0 0 0 0 0 0.3722738921642303 0.440287783741951 0 0 0 4.822484813630581 0.1212051659822464 0.9484952241182327 0.2106129974126816 0 0 0 0 0.1705472022294998 0 0 0 0.3069748878479004 1.997088640928268 0 0 0 0 0 0 0 0 0 0.2971471473574638 0 0 1.110921531915665 7.580367811024189 0.1989016383886337 0 0 0.09337704628705978 0 0 0 0 0 42.38310991972685 0 0 0 0 6.956633925437927 0.991035133600235 2.360592111945152 0.2391049712896347 0.3342619016766548 0.9445221945643425 0 0.2580954656004906 0 0 0 0 0.09521999955177307 0 0 0 45.04161685705185 1.495263360440731 6.165183074772358 294.2255667820573 36.11723738908768 254.2886736243963 52.08998642116785 134.7784285396338 15.76385936141014 1.439753033220768 56.6902085095644 6.506327763199806 0.1145393028855324 3.398320659995079 0.7672511711716652 17.3355418741703 0.147706925868988 0.1681277453899384 0 4.062962993979454 0
66.38823737204075 137.8008939027786 8.093441694974899 224.4572049230337 25.22342762351036 0 119.0944400429726 2.678394943475723 33.50875802338123 678.1581831127405 4.040351003408432 137.3028578013182 138.6855506151915 23.21361419558525 0.4578587934374809 0.1271335482597351 0.1248856037855148 0 0 0 0 0.955627366900444 0 0 0 0 0 0 0 0 4.028398066759109 0.306154876947403 36.3351930975914 0 0 0 22.14462368190289 0.4287989288568497 2.853668734431267 0.9711320698261261 0 0 0 0 0 0.4308218508958817 0 0 0 0 0 11.57518242299557 1.248543620109558 0.1595389693975449 0.3228342235088348 1.073935806751251 111.5013105720282 8.602522805333138 1.177172526717186 0 2.04113894701004 11.3647104203701 0.1940501034259796 0 0 0 0 0 0.09575427323579788 0.2325262129306793 96.4872824549675 102.0362676382065 6.777641043066978 1.987460263073444 0.6011639460921288 0.2015163898468018 0.104943074285984 0 0 14.33688154071569 0.4806671142578125 9.228516891598701 0.6311231479048729 0.4973879158496857 0 0.1334196031093597 0 5.01472495496273 1.432926297187805 8.95517111569643 0.3114198744297028 0 0 0 0 500.1389341652393 61.0466190725565 28.49462270736694 2.922244042158127 309.05811008811 0 0 0 0 0 0.5661622807383537 0 0 9.179272562265396 0.1701404005289078 0 0.4862716794013977 0.2416836842894554 0.254879355430603 0 0 0 0 0 0 0 0 0 0 0 0 0 0 0 0.9019975215196609 0 0.18621926009655 0 0 0 0 0.1400999128818512 0 0 0.112337589263916 0 0.5132048055529594 0.3275555819272995 0.2075956463813782 0 0.20644710958004 0 0 0 0 0 0 0 0 0 0 0.9172982573509216 0 0 0 0 0 0 0 0 0.3975255191326141 0 0 0 0 0 0 0 0 0 0 0.4310180395841599 0 0 0 0 0 0 0 0 0 0 0 0 0 0 0 0 0 0 0 0 0.1366765946149826 0.4574544727802277 0.4619349762797356 4.498710066080093 0 2.107408791780472 0.2634231299161911 92.38395257294178 2.805055439472198 0.4029368013143539 0.9456834197044373 0 0 0 0 0.4618365168571472 0 0 0 0 0
458.5708899348974 2093.117915824056 36.61705217510462 671.5287839174271 4124.806411020458 119.0944400429726 0 7.109438762068748 2420.307128459215 3147.699808768928 129.4514631032944 646.1235334798694 4895.225242823362 242.5085219964385 44.31792676448822 2.666995525360107 0.7288545668125153 0.09687815606594086 0.2384489998221397 1.106786027550697 0.5411228686571121 0 0.1975718066096306 0.4786032736301422 0.09413899481296539 0.1079463064670563 0.4423903748393059 0.8976292759180069 0.1012100204825401 0 73.25455494970083 14.78301573544741 17.24352649599314 0.1949620693922043 0 0 8.48232064396143 0 0.1611608415842056 0.3080789670348167 0.7142657041549683 0.932747446000576 0 0.6600007712841034 0.1186937913298607 0.609699971973896 115.927746668458 11.08243606239557 0.2164945974946022 0.1900389865040779 0.9744721800088882 0.4457778409123421 0 0.5234316810965538 8.521284550428391 11.93991556018591 31.80970423668623 202.3305440545082 5.185851365327835 45.87388901412487 0.1506716907024384 7.038505725562572 0.3831858560442924 29.07018031924963 12.27147828042507 4.970401644706726 2.580933652818203 7.434358328580856 1.113338142633438 0.7018399313092232 12.75426818430424 2.217811681330204 0 289.5637035295367 91.96768360584974 177.1887892708182 30.14980723708868 3.629340209066868 0.8562257364392281 18.93069306015968 0.4085810333490372 5.258984103798866 38.80546892434359 0.6187999248504639 11.36702584475279 6.241093255579472 5.362416498363018 0.5589172542095184 1.342696093022823 0.1529973298311234 0.237451046705246 0.7498676627874374 0.5712144374847412 0.2617924213409424 0.8822620883584023 537.3079421967268 0.6254074722528458 0 0.1341608911752701 157.3564584031701 0.1204747706651688 1.478851020336151 9.170303903520107 3.014366328716278 0.9655612632632256 130.7943215966225 6.491454660892487 35.83436447381973 96.56513984501362 70.71819192171097 3.385257467627525 127.5171197205782 103.383364379406 68.1510533541441 28.53165920823812 0.1040210872888565 0 0 0 0 0 0 0 0 0 0 0 0 0 0 0.2158887535333633 0 0 0 1.256934121251106 1.894709832966328 0 0 0 8.323602393269539 0.4797218441963196 2.481462530791759 0.5234912931919098 0 0 0 0 0 0 0 0 0 1.977957256138325 0 0 0.1592745035886765 0 0 0 0 0.1235487535595894 0 1.191214062273502 0 0 0 13.80836852639914 0.5944449231028557 0 0.1124631315469742 0.0900731086730957 0 0 0 0.4364680647850037 0.2778420522809029 67.80854871124029 0.7078844457864761 0 0.143249124288559 0.1475767493247986 4.898014694452286 1.804046399891376 3.286012634634972 1.107501626014709 0.9417216405272484 0.8799781426787376 0.107765905559063 0.2693763375282288 0.1189069896936417 0 0 0 0.2060825303196907 0 0 0 92.46516924351454 2.341097079217434 7.25716470927 332.0118380784988 41.03785593062639 301.2411301881075 61.05548776686192 347.3226489275694 18.83626064658165 1.165640220046043 65.93854103982449 9.687703289091587 0 3.404933966696262 0.2327972203493118 23.40302670001984 0 0 0.6043495535850525 3.907619319856167 0
236.2139656245708 535.0406695902348 3552.271726205945 1.736738473176956 89.23746920377016 2.678394943475723 7.109438762068748 0 93.83027586340904 2.903916850686073 1586.72282230854 3.444801017642021 28.99439645558596 643.3019059672952 96.14834014326334 26.25445361435413 4.074182465672493 0.8707850575447083 0.6544908061623573 4.492292098701 3.55724374204874 0 22.47319365292788 20.2831741720438 49.86895410716534 4.126019984483719 41.44519180804491 2.797384575009346 0.9308057799935341 4.279145412147045 915.1140869781375 1866.10794890672 51.7715245038271 3.134801246225834 57.54810453951359 6.147782564163208 2.597211495041847 6.082372196018696 1.497956641018391 14.95497800409794 40.04408372193575 9.699254937469959 6.105124481022358 15.52545307576656 1.614189364016056 2.575242720544338 126.808851800859 9.286060377955437 1.436466090381145 8.764013022184372 7.546961411833763 0.1108850389719009 0.1214907616376877 1.219006642699242 9.267923302948475 6.837538219988346 33.03354248404503 375.5409973263741 4.586401380598545 43.27933483570814 37.09530528634787 11.17639191448689 1.024915352463722 282.8366356045008 9.723662666976452 5.251962654292583 3.6369888484478 23.32513285428286 37.67156699299812 28.09703920781612 1.038065075874329 0.3128300160169601 0.1526754349470139 299.6853384822607 224.6806288808584 253.7808185964823 192.4429474696517 213.1543105468154 1049.47311283648 2338.096151486039 96.26558733731508 1916.987840302289 23.85408809036016 0.1827990785241127 6.251886330544949 5.979368977248669 13.71925387531519 0.08004367351531982 2.020154923200607 0.1589586585760117 3.412803448736668 2.395199961960316 46.05209800601006 15.59927920997143 3.005496472120285 1.629803605377674 0.1641938090324402 0 0 159.6617682948709 0.1040298566222191 0 0 0 0 0.7353294864296913 0 0 0.3315417617559433 0.2964394688606262 0 1.022848270833492 0.8820017799735069 2.003123365342617 0.8053681552410126 0 0 0 0 0 0 0 0.3867639303207397 0 0.125456690788269 0.2792395353317261 0 0.213780477643013 0.8961975127458572 0.1113393679261208 0.4264938533306122 0 2.532074749469757 0.1481572985649109 0 0 0 0.1429298520088196 0 1.101187475025654 0.1369921863079071 0.2436705380678177 0.5123766735196114 0 0.1914770603179932 0 0 0 0 0.1230258569121361 0 0 0 0 0 0 0.745896227657795 0.1377642005681992 0 0 0.08953354507684708 0 0 0 0 0.1255848109722137 0.6460417658090591 0 0 0 0 0 0 0 0.1146732196211815 0.1595268398523331 4.789282716810703 0.2128000259399414 0 0 0.2887813895940781 0.1218501254916191 0.1115212216973305 0.6943026259541512 0 0.08619990199804306 0 0 0.09648159891366959 0.1153271868824959 0 0 0 0.4721030667424202 0 0 0 1.61025608330965 0.3415451943874359 1.321937993168831 292.4837564751506 40.12601875513792 283.4260330572724 58.26920454949141 69.46768014132977 18.39910493046045 1.671839341521263 65.72909070551395 5.387337826192379 0.190228633582592 0.7500041723251343 0.4516787454485893 0 0.1006984636187553 0 0.1329080909490585 5.594215877354145 1.140088319778442
117.2806579694152 1237.546474471688 545.3810471370816 100.9818874597549 6292.830732852221 33.50875802338123 2420.307128459215 93.83027586340904 0 831.7402147948742 2540.077417954803 324.5773342102766 2059.83018899709 2847.762633189559 73.84878405928612 9.037836134433746 0.08003202080726624 0.112139604985714 0 0.4744110107421875 0.4769936427474022 0 0.2826142981648445 1.09855430573225 0.4022638499736786 1.060115240514278 0.3418963775038719 0.5383598506450653 0.6429140716791153 0.1204030737280846 100.0842066630721 27.90906832367182 44.43531496077776 0 0.6836979016661644 0 16.02285839617252 0 0.1241413652896881 0.3096925988793373 0.9995173737406731 1.131142996251583 0 1.510985963046551 0.2067240476608276 0.2834695801138878 124.8706132099032 5.048475190997124 0.08547408133745193 0.1918811500072479 0.4908915907144547 0.667830616235733 0 0.7847191467881203 7.16619898378849 7.453366816043854 20.00175382196903 85.7645693346858 3.814690656960011 37.9837350025773 0.5418323874473572 10.89273131638765 0.2464535385370255 26.48983334749937 7.848617143929005 3.455637380480766 2.449048213660717 4.749155938625336 2.00555681437254 2.303671181201935 27.66173221170902 2.042497754096985 0 165.4619980677962 64.37007577717304 177.1025731414557 42.39740645140409 6.318821460008621 4.730690889060497 53.14997321367264 0.3497086390852928 9.148088105022907 22.86113455891609 0.2473151832818985 7.930986955761909 5.880280427634716 3.511266022920609 0.2812497168779373 1.494571909308434 0 0.08667514473199844 0.9661351963877678 1.828308887779713 0.4111017733812332 0.9378940910100937 553.2431190684438 0.8744014203548431 0 0 44.65704048424959 0.4457957074046135 0 8.645457774400711 3.705952256917953 1.100127749145031 127.1733907833695 5.089968025684357 61.0122075676918 50.03336686640978 99.44245021045208 4.72375875711441 195.5303755775094 141.0771772265434 103.9143094494939 44.8671262934804 0 0 0 0 0 0 0 0 0 0.1567922681570053 0.1187352389097214 0 0.1146620735526085 0 0.2436891049146652 0 0 0 0 1.810937479138374 0.488296240568161 0 0 0 11.62393309921026 0 2.32979603856802 1.297191612422466 0.4005436599254608 0 0 0 0 0 0.4186018407344818 0 0.5053842961788177 1.42372889816761 0 0 0 0.1974846124649048 0 0 0.1035745441913605 0 0.201029472053051 0.4986491277813911 0 0 0 19.20588520169258 0.4907053709030151 0 0.3184821605682373 0.0865546315908432 0.1496647447347641 0 0 0 0 100.312785834074 0.3472627028822899 0 0 0 8.185580141842365 0.4138788133859634 4.941965848207474 1.161702781915665 1.483475670218468 0.7092091590166092 0.3535423874855042 0.2026325315237045 0.3223840892314911 0 0 0 0.08699271082878113 0 0 0 138.167131409049 4.452281981706619 13.26463721692562 513.8674448356032 59.49633829295635 340.0675807446241 72.53592199087143 160.3966264277697 22.18377491086721 0.926706574857235 102.8646082356572 14.1479581668973 0.2038153409957886 8.069127939641476 0.6892310902476311 43.25055955350399 0 0 1.524746224284172 2.662613034248352 0.1675158441066742
1220.560161374509 1627.802393049002 13.60950932651758 1789.78639370203 599.1282404959202 678.1581831127405 3147.699808768928 2.903916850686073 831.7402147948742 0 54.43276473134756 2174.103637933731 6294.904591269791 467.9827375859022 12.31464590877295 0.5163363665342331 0.1320986300706863 0 0 0.09049483388662338 0.4421241134405136 0 0.1301698982715607 0.2300671115517616 0.2965503633022308 0.3176853954792023 0.09173208475112915 0.4619467705488205 0.2091793492436409 0.1243637353181839 34.4764302521944 3.955725222826004 68.16979436576366 0 0.451676681637764 0 12.71493329107761 0.2240309864282608 0.5375789403915405 0 0.9712409600615501 0.426050141453743 0 0.2139571085572243 0 0 52.75564847886562 6.922819517552853 0.2150421887636185 0.1776626855134964 0.5153196901082993 1.235945984721184 0.943619430065155 0.1172894760966301 8.354182593524456 5.396748200058937 71.61416547000408 170.6933294534683 3.891430623829365 20.23173501342535 0.2937004119157791 20.92173804342747 0 6.317750342190266 6.72262017428875 2.088399730622768 0.5725540295243263 2.383618876338005 1.088030502200127 0.5309914648532867 23.14548791199923 30.01712081581354 0 179.9719434008002 39.95210296660662 74.27193522453308 7.969015277922153 0.8709763213992119 0.8350638225674629 106.9329088106751 0.2675168588757515 7.647837199270725 19.26214224100113 0.2359600961208344 5.992864899337292 4.870409674942493 2.85910651832819 1.217564575374126 0.7330073714256287 0.444698803126812 0.1233530342578888 0.4100391119718552 0.842094823718071 0.09911439567804337 0.2493701875209808 883.4128431677818 22.72735053300858 1.850810647010803 0 828.2543634399772 0.3944370076060295 3.000313818454742 8.575461000204086 5.849990323185921 0.3153730481863022 98.54645071923733 12.73068872094154 36.09877708554268 185.4599855020642 110.7146769985557 3.775148198008537 136.1708950027823 96.83569645881653 67.99478729814291 17.57885660231113 0.4391952753067017 0 0 0 0 0 0 0 0 0 0 0 0 0 0 0 0 0 0 0.3361512720584869 0.4224311411380768 0 0 0 6.494504861533642 0 0.6670181825757027 0.5465692430734634 0 0 0 0 0 0 0 0 0 1.245329022407532 0 0 0 0 0.1535108983516693 0 0 0 0 0.7760538309812546 0 0 0.3761224150657654 3.845283232629299 0.4945391714572906 0.1383916586637497 0 0.09634844213724136 0 0 0 0 0 36.3453367203474 0 0 0 0 2.058097638189793 0 2.940680310130119 0 0.2947155684232712 0.6351203769445419 0.3180656060576439 0.4159259796142578 0 0 0 0 0 0 0 0 81.41594400256872 1.3982302993536 3.063710995018482 203.8103405237198 17.71110717207193 132.8702055588365 22.92281473428011 1461.456309720874 8.386957339942455 0.8368024826049805 30.86764496564865 5.743871621787548 0 2.970281131565571 0.1243736669421196 58.50235264003277 0.0884835496544838 0 0.2601093202829361 1.256874173879623 0
591.1361188814044 1538.576251089573 2990.878180451691 12.18255952745676 1109.009229898453 4.040351003408432 129.4514631032944 1586.72282230854 2540.077417954803 54.43276473134756 0 42.44806472212076 897.2823163047433 6369.797825120389 143.6153455525637 20.33023197948933 1.114650040864944 1.098623298108578 0.2147240564227104 1.077411435544491 1.070232681930065 0 3.032843038439751 2.424858339130878 6.074824772775173 2.725468181073666 10.50830911844969 2.464106909930706 1.993949726223946 1.75288037955761 563.9152916744351 353.8119169995189 105.0985921695828 0.5989527776837349 7.458755068480968 0.3034794628620148 8.468282803893089 1.408791370689869 0.206824392080307 5.344242140650749 4.806653872132301 2.714650213718414 0.4940954297780991 6.291368506848812 0.4854192212224007 1.484725378453732 235.9397241771221 15.13597479462624 0.8490538224577904 0.4178504720330238 2.53970991820097 0.38416588306427 0 1.114665448665619 13.29783773422241 14.65952504426241 37.4897723197937 274.6615956351161 7.531508333981037 85.43829817324877 3.690316945314407 12.5498635917902 0.6603564321994781 98.6205512881279 18.50570262596011 7.697881333529949 3.807240471243858 9.535434648394585 7.043867953121662 4.143211401998997 9.872697524726391 0.7473400980234146 0 399.0100256353617 179.7944248393178 386.8543869405985 118.9278212860227 38.69227353483438 303.1824540346861 698.0447873771191 4.847683437168598 245.6927674636245 47.85802392661572 0.6138698011636734 14.28475916385651 9.35525718331337 9.756686024367809 0.08744177967309952 2.278280004858971 0.09606502205133438 0.4456775858998299 1.903435684740543 5.485170647501945 3.47358027100563 1.826552048325539 52.74825350940228 0 0 0.9946720004081726 189.9715817347169 0.1345570832490921 0 0.6886313185095787 0 0.5665405541658401 18.89613376557827 0.7394566908478737 12.50480864942074 7.829525291919708 15.45070439577103 1.405797332525253 30.87091943621635 19.18700201064348 15.97153329849243 12.17556890845299 0 0 0 0 0 0 0 0 0 0 0.5541907101869583 0 0.1613155007362366 0.2266767472028732 0 0 0 0.4853575825691223 0 0.2426190748810768 0 0 0 0 4.044231697916985 0 1.156684532761574 0.9375457689166069 0 0.2735282778739929 0.1224493980407715 0 0 0.1684378236532211 0.4479472190141678 0 0 0.5887365192174911 0 0 0 0 0 0 0 0 0 0.1984415352344513 0 0 0 6.599335953593254 0 0 0 0 0 0 0 0 0 24.63137588649988 0 0 0 0.09910194575786591 1.698470562696457 0.6217962354421616 2.200326606631279 0 0.3835922181606293 0.2621629238128662 0 0.4870441630482674 0.1054940745234489 0 0 0 0.1143219470977783 0 0 0 21.38571588695049 0.5118822902441025 5.264076389372349 678.9654077813029 91.37336280941963 554.6364833340049 127.7502055838704 176.8582091927528 42.27904218435287 3.889483630657196 141.399133592844 12.95692942291498 0.6480036675930023 1.666267246007919 0.3830614760518074 6.251782238483429 0 0 1.612351045012474 7.396486826241016 0
51.98572537302971 57.71478942036629 6.871645644307137 197.4645352959633 134.2323098927736 137.3028578013182 646.1235334798694 3.444801017642021 324.5773342102766 2174.103637933731 42.44806472212076 0 4137.471284069121 1063.930420465767 25.4287771359086 7.440112091600895 1.5579888895154 0.3825687915086746 0.3171301633119583 0.8521579802036285 0.3216994106769562 0.2878318876028061 0.9017695188522339 1.040427260100842 1.144673332571983 0.4231473207473755 2.502903364598751 0.2934357523918152 0 0.3651569411158562 4.35171727091074 3.0738310739398 132.3614064976573 0.6734098792076111 1.171775087714195 0.6550024747848511 132.1168796122074 2.926271796226501 3.480799719691277 5.18802423030138 1.399313926696777 1.610662892460823 0.4219756126403809 5.141721546649933 0.5936642214655876 2.475407809019089 26.73481798917055 0.4285331293940544 0.1042250394821167 0.3025587201118469 0.4627476334571838 4.634381413459778 17.81663811206818 0.1732726395130157 1.445986472070217 0.2765192836523056 5.638822756707668 15.13622940331697 0.7393239289522171 3.647821091115475 16.46072095632553 185.4542180001736 5.32074385881424 2.934465877711773 0.9438680708408356 0.2849014550447464 0.4861731082201004 1.430422849953175 1.010019384324551 0.8514357879757881 66.93878570199013 109.8792028725147 1.492570206522942 30.30595801025629 6.317857690155506 24.53757952153683 5.979281738400459 2.789786569774151 0.8119606822729111 592.8997997641563 2.031145438551903 58.41775032132864 3.09073881059885 0 0.651396244764328 0.3055135458707809 1.037442542612553 1.883334621787071 1.009608954191208 2.102525770664215 0.1050674095749855 0.364441879093647 2.022481091320515 1.749652549624443 0.6427787989377975 2049.210806295276 119.986355483532 26.56901994347572 28.53002911806107 44.4199199154973 0.3712659850716591 0.1468852460384369 6.142112895846367 2.846688017249107 1.88089282810688 85.95335730910301 4.581882409751415 44.33231110870838 50.46097636222839 73.31680817902088 5.282606765627861 153.1925193890929 123.627569027245 105.9132521077991 55.40406436473131 0.7510704398155212 0.2171338945627213 0 0.1325292438268661 0 0 0 0 0 0 0 0 0.1030632853507996 0 0.1179010197520256 0.4848472774028778 0 0.6732626557350159 0 1.785525493323803 0.9554265737533569 0.134356677532196 0.4273060858249664 0 29.80535046756268 0.168302446603775 7.427476368844509 7.557182110846043 0.3229854181408882 0 0 0 0 0.4902709051966667 0.290894627571106 0 0.2586803957819939 3.313143990933895 0 0 0 0.1401424258947372 0.1193626970052719 0 0 0 0.09884154796600342 1.31134520471096 0 0.1605638712644577 0.6204194873571396 39.89112808555365 0.7155493497848511 0.1806954592466354 0.2383765429258347 0 0 0.1110245361924171 0 0 0 163.0022633299232 7.551282897591591 0.175049677491188 0 0.3132141977548599 8.722004421055317 1.57978455722332 12.96259238570929 1.864400126039982 1.749948494136333 2.902512468397617 0.3601707369089127 0.2244367152452469 0 0.3878474831581116 0 0 0 0.1889452189207077 0 0 142.6996077224612 11.73069617152214 33.8900478258729 238.0459767580032 15.15543431043625 98.11084689199924 22.58529181033373 196.222546286881 5.617331266403198 1.762292303144932 45.39467854052782 11.16916672885418 0.1166088804602623 9.016528621315956 1.009340792894363 31.05440974235535 0.7527918443083763 0 1.378583118319511 2.014388456940651 0
196.6305906623602 658.0386046618223 60.74664343893528 850.8917516767979 571.0536804422736 138.6855506151915 4895.225242823362 28.99439645558596 2059.83018899709 6294.904591269791 897.2823163047433 4137.471284069121 0 977.1427836418152 104.6254686638713 23.78229596465826 6.702576905488968 0.415124423801899 0.8148983716964722 0.8745218068361282 1.133966982364655 1.010722294449806 1.841452598571777 1.417975068092346 7.767351754009724 1.647673703730106 8.118247166275978 1.609059058129787 1.414606191217899 0.8592192009091377 30.17106483131647 20.32830137014389 366.0702640935779 4.835667006671429 2.72270479798317 2.175463773310184 213.7391313165426 7.18026065826416 42.20832659304142 11.12452472001314 5.349063940346241 3.025924883782864 0.6457198113203049 9.527625858783722 2.263751998543739 14.19574672728777 111.1901701763272 4.331255085766315 0.8248449936509132 0.3388950899243355 0.6820210441946983 7.605805695056915 113.626559920609 1.697471424937248 4.86289931833744 5.600091084837914 18.76962875574827 57.23200135678053 4.927488915622234 24.77975131571293 81.04070018976927 213.0676207244396 31.03811974078417 17.91179838776588 6.260494202375412 2.893974356353283 2.402534268796444 4.699023269116879 3.965355657041073 1.36891021579504 242.2877947390079 327.4084380045533 2.020603768527508 110.8539014384151 33.73942673206329 123.8993959799409 31.85706153512001 10.78357780724764 3.921416789293289 252.489913880825 6.891001522541046 237.0349625870585 16.38954517245293 0.5331342369318008 4.736518740653992 3.80150431394577 2.456680990755558 4.118172787129879 1.665798015892506 2.735801726579666 0.4171052277088165 1.915574595332146 4.040168181061745 2.494634605944157 1.502889260649681 2127.260477744043 278.7736000567675 54.07320775091648 152.1403627842665 72.35578634589911 0.5420236364006996 0.7761947512626648 10.78994127362967 3.352388203144073 1.398120261728764 208.0374275445938 8.759829074144363 66.95603320747614 109.3816559165716 107.5710104703903 7.19038200378418 214.9327850416303 183.7816205471754 128.5538890138268 79.94161152839661 2.455295376479626 1.190026372671127 0 0.3313775062561035 0 0 0.1266037225723267 0.5550618171691895 0.4343660771846771 0.5524629503488541 0.223418727517128 0 0.7399381175637245 0 0.4368255212903023 0 0.6928648129105568 0.7935359701514244 0.2315869033336639 3.290704838931561 1.082659371197224 0.8135855793952942 0.4275514781475067 0.5497054755687714 62.00345277041197 1.268152363598347 26.61234474927187 31.14142969250679 3.16872251033783 0 0 0 0.2884901016950607 0.6611947119235992 0.9968798458576202 0 0.1352756172418594 7.287751525640488 0 0.2128517180681229 0 3.085003368556499 0.3493940085172653 0 0.1327585577964783 0 0.2063915655016899 0.9850191250443459 0 1.11795674264431 3.030272111296654 67.97224827110767 1.791339710354805 0.3321744278073311 0 0.1106683313846588 0 0.08154170215129852 0 0 0.1635327637195587 272.8850071504712 24.68641199171543 0 0 0.5004423037171364 14.36269193887711 4.124578356742859 25.11657632142305 2.189264446496964 3.389872074127197 5.140676252543926 0.6026874259114265 0.4194308295845985 0.1129375323653221 0 0 0 0.08996958285570145 0.1385419070720673 0 0.1168970987200737 226.4777049347758 49.35483568161726 116.5802893787622 652.9546351060271 81.30073654651642 341.9374111816287 79.73532474040985 258.764386691153 29.80255422741175 2.035601310431957 115.8362343534827 31.56434122473001 0.4924402087926865 16.05809956043959 0.4106569886207581 37.21884940564632 1.28168860077858 0.7384137511253357 4.825800344347954 9.256396144628525 1.045939058065414
257.931161262095 859.7518902048469 734.0650453343987 6.959219098091125 826.6561832800508 23.21361419558525 242.5085219964385 643.3019059672952 2847.762633189559 467.9827375859022 6369.797825120389 1063.930420465767 977.1427836418152 0 248.5126668289304 64.92434457689524 5.778236672282219 1.58496168255806 0.7630175575613976 4.061944924294949 1.591043300926685 0.3760571777820587 7.022778525948524 10.03945088386536 37.8165797740221 4.467929817736149 40.18185766786337 4.888669565320015 2.805100113153458 4.259160205721855 218.2212966531515 183.0632823184133 825.1454870253801 0.3139004558324814 19.57282114028931 1.823896236717701 173.2862053215504 8.425645127892494 5.678959526121616 29.03880247473717 18.15111654251814 13.20637991279364 3.150438003242016 21.11258135735989 1.845700889825821 2.893667064607143 247.8426805064082 9.491948306560516 0.8868045881390572 7.859241932630539 4.364117786288261 0.6336851716041565 0.8850367218255997 1.860755421221256 8.164484456181526 6.694180354475975 28.51457919925451 144.8955108970404 8.71095597743988 54.87787783890963 4.391714975237846 180.8225117698312 1.159466855227947 76.76213627308607 11.01367742568254 5.399908058345318 3.263436429202557 15.4211448431015 18.02780690789223 11.2918750718236 150.7477620393038 15.57335152477026 0 245.4989389255643 104.588682346046 284.6547000408173 105.5008935332298 36.03776573389769 43.92964484542608 2088.832177251577 8.146188758313656 335.2003590762615 29.4479131102562 0.0801694318652153 8.953934691846371 7.126494862139225 10.11274829506874 0.2553349658846855 2.23715902864933 0 1.91409857571125 0.9465089291334152 18.92559658735991 12.62293153256178 4.978073053061962 1163.58542650938 1.332713082432747 0.2258268296718597 1.109886914491653 85.15799428522587 0.5570879876613617 0 6.900826767086983 1.137916311621666 1.959055252373219 92.74948763102293 2.507959969341755 56.36149014532566 39.21989854425192 61.67427064478397 9.677497535943985 147.3271338567138 130.899285979569 102.623817525804 77.63240797817707 0.379697285592556 0.3789663836359978 0 0 0 0 0 0.2110028862953186 0 0.5607097446918488 0 0 0 0.5459858775138855 0.1896811723709106 0.8094761073589325 0 2.360241092741489 0 2.767710849642754 1.677495591342449 0 0.3535797074437141 0.1530631482601166 31.91530258208513 0.7065457999706268 6.687608540058136 7.166775576770306 0.5969090312719345 0.104900136590004 0.5644315853714943 0 0.137868344783783 0.1120245829224586 0 0.331253707408905 2.290341906249523 3.342266671359539 0 0 0.1241514831781387 0.6751684471964836 0.5915477424860001 0 0 0.1007107570767403 0 1.093951463699341 0 0 0.9804168716073036 48.32900703698397 1.487377002835274 0.3265767619013786 0 0.08176109194755554 0.09752389043569565 0.1389595568180084 0 0.1345592439174652 0.1150642260909081 193.7080859169364 2.060579672455788 0 0 0.679542601108551 15.52349949628115 3.117926806211472 17.63379019498825 1.357194818556309 2.507306113839149 2.274451702833176 2.135393790900707 1.282395891845226 0.45040063560009 0 0 0 0.1756627261638641 0.2021314352750778 0 0 163.5207800790668 13.27954471856356 38.3385269343853 1107.387864805758 129.2332716062665 675.5218908339739 157.4486302062869 193.4058207571507 57.89796320348978 4.272994808852673 220.7569206804037 24.00665912777185 0.09219598770141602 10.56196834146976 0.6948819383978844 19.56745177507401 0.969184972345829 0.2530551552772522 2.220245689153671 16.01461671292782 0.8235887885093689
